{"date": "2024/07/18/, 17:40:35", "conf_id": 10, "data_type": "random\n", "num_data_points": 1, "s_rank": 0, "unitary": "[[-0.45070455-0.02711853j,0.78437395-0.06613086j,0.06358678+0.19963393j,-0.07343613+0.35668523j],[-0.01890143-0.03813363j,0.32408202+0.25557629j,0.05872864-0.68979805j,0.55466693-0.20227297j],[-0.11215405+0.64023111j,-0.13344055+0.29565494j,-0.49012687-0.19046288j,-0.04241254+0.44046348j],[0.55771659+0.24656916j,0.31851997-0.05798805j,0.28761525-0.34294258j,-0.56718418+0.03616933j]]", "databatch_0": {"databatch": "[[[0.34345258-0.02198274j,-0.01600601-0.11595602j,0.1757699-0.05421445j,-0.14499003-0.0579512j],[0.28326136-0.14195782j,-0.05575209-0.00444653j,0.02486993-0.17667767j,-0.2827828-0.17414898j],[0.21305464-0.10143806j,-0.0428902+0.03100895j,-0.01920475-0.15888767j,-0.26010708-0.20458496j],[-0.21874148-0.1560435j,-0.20343763+0.14959304j,-0.09907912-0.28949029j,0.25781317-0.27264741j]]]", "initial param values": "[2.40095999,1.66200951,6.02130113,5.56245885,2.57490022,3.8019854]", "nelder_mead": {"type": "gradient-free", "0": {"maxiter": 100, "fatol": 1e-05, "xatol": 1e-05, "duration": 0.026765823364257812, "fun": "0.3084081894986086", "nit": "100", "nfev": "154", "status": "2", "success": "False", "message": "Maximum number of iterations has been exceeded.", "x": "[1.96350314 2.00591844 6.64906059 5.33462445 1.54969452 2.43007776]", "final_simplex": "(array([[1.96350314, 2.00591844, 6.64906059, 5.33462445, 1.54969452,\n        2.43007776],\n       [1.99251001, 2.01765511, 6.93847673, 5.11828144, 1.63351801,\n        2.39151314],\n       [1.85810874, 2.07757143, 6.87086589, 5.16820709, 1.66443317,\n        2.47361443],\n       [1.88631141, 2.08806083, 6.74165616, 5.10990859, 1.52880182,\n        2.56420661],\n       [1.91161224, 2.05065902, 6.77871129, 5.14026585, 1.70303178,\n        2.56313289],\n       [2.07960834, 1.92190427, 6.75794805, 5.27431385, 1.3315272 ,\n        2.49177587],\n       [2.08848458, 1.99895687, 6.97670547, 5.28005703, 1.72669195,\n        2.38316883]]), array([0.30840819, 0.32185339, 0.32274971, 0.32583221, 0.3271963 ,\n       0.33012851, 0.332792  ]))"}, "1": {"maxiter": 100, "fatol": 1e-05, "xatol": 1e-10, "duration": 0.026652812957763672, "fun": "0.3084081894986086", "nit": "100", "nfev": "154", "status": "2", "success": "False", "message": "Maximum number of iterations has been exceeded.", "x": "[1.96350314 2.00591844 6.64906059 5.33462445 1.54969452 2.43007776]", "final_simplex": "(array([[1.96350314, 2.00591844, 6.64906059, 5.33462445, 1.54969452,\n        2.43007776],\n       [1.99251001, 2.01765511, 6.93847673, 5.11828144, 1.63351801,\n        2.39151314],\n       [1.85810874, 2.07757143, 6.87086589, 5.16820709, 1.66443317,\n        2.47361443],\n       [1.88631141, 2.08806083, 6.74165616, 5.10990859, 1.52880182,\n        2.56420661],\n       [1.91161224, 2.05065902, 6.77871129, 5.14026585, 1.70303178,\n        2.56313289],\n       [2.07960834, 1.92190427, 6.75794805, 5.27431385, 1.3315272 ,\n        2.49177587],\n       [2.08848458, 1.99895687, 6.97670547, 5.28005703, 1.72669195,\n        2.38316883]]), array([0.30840819, 0.32185339, 0.32274971, 0.32583221, 0.3271963 ,\n       0.33012851, 0.332792  ]))"}, "2": {"maxiter": 100, "fatol": 1e-10, "xatol": 1e-05, "duration": 0.026662111282348633, "fun": "0.3084081894986086", "nit": "100", "nfev": "154", "status": "2", "success": "False", "message": "Maximum number of iterations has been exceeded.", "x": "[1.96350314 2.00591844 6.64906059 5.33462445 1.54969452 2.43007776]", "final_simplex": "(array([[1.96350314, 2.00591844, 6.64906059, 5.33462445, 1.54969452,\n        2.43007776],\n       [1.99251001, 2.01765511, 6.93847673, 5.11828144, 1.63351801,\n        2.39151314],\n       [1.85810874, 2.07757143, 6.87086589, 5.16820709, 1.66443317,\n        2.47361443],\n       [1.88631141, 2.08806083, 6.74165616, 5.10990859, 1.52880182,\n        2.56420661],\n       [1.91161224, 2.05065902, 6.77871129, 5.14026585, 1.70303178,\n        2.56313289],\n       [2.07960834, 1.92190427, 6.75794805, 5.27431385, 1.3315272 ,\n        2.49177587],\n       [2.08848458, 1.99895687, 6.97670547, 5.28005703, 1.72669195,\n        2.38316883]]), array([0.30840819, 0.32185339, 0.32274971, 0.32583221, 0.3271963 ,\n       0.33012851, 0.332792  ]))"}, "3": {"maxiter": 100, "fatol": 1e-10, "xatol": 1e-10, "duration": 0.02667522430419922, "fun": "0.3084081894986086", "nit": "100", "nfev": "154", "status": "2", "success": "False", "message": "Maximum number of iterations has been exceeded.", "x": "[1.96350314 2.00591844 6.64906059 5.33462445 1.54969452 2.43007776]", "final_simplex": "(array([[1.96350314, 2.00591844, 6.64906059, 5.33462445, 1.54969452,\n        2.43007776],\n       [1.99251001, 2.01765511, 6.93847673, 5.11828144, 1.63351801,\n        2.39151314],\n       [1.85810874, 2.07757143, 6.87086589, 5.16820709, 1.66443317,\n        2.47361443],\n       [1.88631141, 2.08806083, 6.74165616, 5.10990859, 1.52880182,\n        2.56420661],\n       [1.91161224, 2.05065902, 6.77871129, 5.14026585, 1.70303178,\n        2.56313289],\n       [2.07960834, 1.92190427, 6.75794805, 5.27431385, 1.3315272 ,\n        2.49177587],\n       [2.08848458, 1.99895687, 6.97670547, 5.28005703, 1.72669195,\n        2.38316883]]), array([0.30840819, 0.32185339, 0.32274971, 0.32583221, 0.3271963 ,\n       0.33012851, 0.332792  ]))"}, "4": {"maxiter": 500, "fatol": 1e-05, "xatol": 1e-05, "duration": 0.10113096237182617, "fun": "0.2840616198718152", "nit": "373", "nfev": "584", "status": "0", "success": "True", "message": "Optimization terminated successfully.", "x": "[1.99142278 1.79956165 6.51307035 5.17956955 1.62629044 1.99789845]", "final_simplex": "(array([[1.99142278, 1.79956165, 6.51307035, 5.17956955, 1.62629044,\n        1.99789845],\n       [1.99141546, 1.79956335, 6.51307174, 5.17956391, 1.62629133,\n        1.99789924],\n       [1.99141706, 1.7995556 , 6.51307883, 5.17956381, 1.62629155,\n        1.99789529],\n       [1.9914231 , 1.79955237, 6.51306894, 5.17956492, 1.6262854 ,\n        1.99789773],\n       [1.99141543, 1.79955681, 6.51307105, 5.17956495, 1.62628562,\n        1.99790133],\n       [1.99142161, 1.79955239, 6.51306588, 5.17956308, 1.62628967,\n        1.99789772],\n       [1.99141501, 1.79955743, 6.51307619, 5.17955973, 1.62628658,\n        1.9979053 ]]), array([0.28406162, 0.28406162, 0.28406162, 0.28406162, 0.28406162,\n       0.28406162, 0.28406162]))"}, "5": {"maxiter": 500, "fatol": 1e-05, "xatol": 1e-10, "duration": 0.1360337734222412, "fun": "0.2840616198597543", "nit": "500", "nfev": "781", "status": "2", "success": "False", "message": "Maximum number of iterations has been exceeded.", "x": "[1.99142068 1.79955816 6.51307392 5.17956097 1.6262915  1.99789298]", "final_simplex": "(array([[1.99142068, 1.79955816, 6.51307392, 5.17956097, 1.6262915 ,\n        1.99789298],\n       [1.99142073, 1.79955817, 6.51307395, 5.17956102, 1.62629151,\n        1.99789295],\n       [1.99142069, 1.79955812, 6.51307386, 5.17956106, 1.62629147,\n        1.99789294],\n       [1.99142071, 1.79955814, 6.5130739 , 5.17956103, 1.62629152,\n        1.99789285],\n       [1.99142075, 1.79955823, 6.51307396, 5.17956105, 1.62629163,\n        1.99789293],\n       [1.99142067, 1.79955811, 6.51307396, 5.17956098, 1.62629157,\n        1.99789294],\n       [1.99142063, 1.79955812, 6.51307393, 5.179561  , 1.62629138,\n        1.99789298]]), array([0.28406162, 0.28406162, 0.28406162, 0.28406162, 0.28406162,\n       0.28406162, 0.28406162]))"}, "6": {"maxiter": 500, "fatol": 1e-10, "xatol": 1e-05, "duration": 0.10117602348327637, "fun": "0.2840616198718152", "nit": "373", "nfev": "584", "status": "0", "success": "True", "message": "Optimization terminated successfully.", "x": "[1.99142278 1.79956165 6.51307035 5.17956955 1.62629044 1.99789845]", "final_simplex": "(array([[1.99142278, 1.79956165, 6.51307035, 5.17956955, 1.62629044,\n        1.99789845],\n       [1.99141546, 1.79956335, 6.51307174, 5.17956391, 1.62629133,\n        1.99789924],\n       [1.99141706, 1.7995556 , 6.51307883, 5.17956381, 1.62629155,\n        1.99789529],\n       [1.9914231 , 1.79955237, 6.51306894, 5.17956492, 1.6262854 ,\n        1.99789773],\n       [1.99141543, 1.79955681, 6.51307105, 5.17956495, 1.62628562,\n        1.99790133],\n       [1.99142161, 1.79955239, 6.51306588, 5.17956308, 1.62628967,\n        1.99789772],\n       [1.99141501, 1.79955743, 6.51307619, 5.17955973, 1.62628658,\n        1.9979053 ]]), array([0.28406162, 0.28406162, 0.28406162, 0.28406162, 0.28406162,\n       0.28406162, 0.28406162]))"}, "7": {"maxiter": 500, "fatol": 1e-10, "xatol": 1e-10, "duration": 0.13509202003479004, "fun": "0.2840616198597543", "nit": "500", "nfev": "781", "status": "2", "success": "False", "message": "Maximum number of iterations has been exceeded.", "x": "[1.99142068 1.79955816 6.51307392 5.17956097 1.6262915  1.99789298]", "final_simplex": "(array([[1.99142068, 1.79955816, 6.51307392, 5.17956097, 1.6262915 ,\n        1.99789298],\n       [1.99142073, 1.79955817, 6.51307395, 5.17956102, 1.62629151,\n        1.99789295],\n       [1.99142069, 1.79955812, 6.51307386, 5.17956106, 1.62629147,\n        1.99789294],\n       [1.99142071, 1.79955814, 6.5130739 , 5.17956103, 1.62629152,\n        1.99789285],\n       [1.99142075, 1.79955823, 6.51307396, 5.17956105, 1.62629163,\n        1.99789293],\n       [1.99142067, 1.79955811, 6.51307396, 5.17956098, 1.62629157,\n        1.99789294],\n       [1.99142063, 1.79955812, 6.51307393, 5.179561  , 1.62629138,\n        1.99789298]]), array([0.28406162, 0.28406162, 0.28406162, 0.28406162, 0.28406162,\n       0.28406162, 0.28406162]))"}, "8": {"maxiter": 1000, "fatol": 1e-05, "xatol": 1e-05, "duration": 0.10101032257080078, "fun": "0.2840616198718152", "nit": "373", "nfev": "584", "status": "0", "success": "True", "message": "Optimization terminated successfully.", "x": "[1.99142278 1.79956165 6.51307035 5.17956955 1.62629044 1.99789845]", "final_simplex": "(array([[1.99142278, 1.79956165, 6.51307035, 5.17956955, 1.62629044,\n        1.99789845],\n       [1.99141546, 1.79956335, 6.51307174, 5.17956391, 1.62629133,\n        1.99789924],\n       [1.99141706, 1.7995556 , 6.51307883, 5.17956381, 1.62629155,\n        1.99789529],\n       [1.9914231 , 1.79955237, 6.51306894, 5.17956492, 1.6262854 ,\n        1.99789773],\n       [1.99141543, 1.79955681, 6.51307105, 5.17956495, 1.62628562,\n        1.99790133],\n       [1.99142161, 1.79955239, 6.51306588, 5.17956308, 1.62628967,\n        1.99789772],\n       [1.99141501, 1.79955743, 6.51307619, 5.17955973, 1.62628658,\n        1.9979053 ]]), array([0.28406162, 0.28406162, 0.28406162, 0.28406162, 0.28406162,\n       0.28406162, 0.28406162]))"}, "9": {"maxiter": 1000, "fatol": 1e-05, "xatol": 1e-10, "duration": 0.15570306777954102, "fun": "0.28406161985975387", "nit": "536", "nfev": "896", "status": "0", "success": "True", "message": "Optimization terminated successfully.", "x": "[1.99142069 1.79955816 6.51307394 5.17956098 1.62629151 1.99789296]", "final_simplex": "(array([[1.99142069, 1.79955816, 6.51307394, 5.17956098, 1.62629151,\n        1.99789296],\n       [1.99142069, 1.79955816, 6.51307394, 5.17956098, 1.62629151,\n        1.99789296],\n       [1.99142069, 1.79955816, 6.51307394, 5.17956098, 1.62629151,\n        1.99789296],\n       [1.99142069, 1.79955816, 6.51307394, 5.17956098, 1.62629151,\n        1.99789296],\n       [1.99142069, 1.79955816, 6.51307394, 5.17956098, 1.62629151,\n        1.99789296],\n       [1.99142069, 1.79955816, 6.51307394, 5.17956098, 1.62629151,\n        1.99789296],\n       [1.99142069, 1.79955816, 6.51307394, 5.17956098, 1.62629151,\n        1.99789296]]), array([0.28406162, 0.28406162, 0.28406162, 0.28406162, 0.28406162,\n       0.28406162, 0.28406162]))"}, "10": {"maxiter": 1000, "fatol": 1e-10, "xatol": 1e-05, "duration": 0.10172915458679199, "fun": "0.2840616198718152", "nit": "373", "nfev": "584", "status": "0", "success": "True", "message": "Optimization terminated successfully.", "x": "[1.99142278 1.79956165 6.51307035 5.17956955 1.62629044 1.99789845]", "final_simplex": "(array([[1.99142278, 1.79956165, 6.51307035, 5.17956955, 1.62629044,\n        1.99789845],\n       [1.99141546, 1.79956335, 6.51307174, 5.17956391, 1.62629133,\n        1.99789924],\n       [1.99141706, 1.7995556 , 6.51307883, 5.17956381, 1.62629155,\n        1.99789529],\n       [1.9914231 , 1.79955237, 6.51306894, 5.17956492, 1.6262854 ,\n        1.99789773],\n       [1.99141543, 1.79955681, 6.51307105, 5.17956495, 1.62628562,\n        1.99790133],\n       [1.99142161, 1.79955239, 6.51306588, 5.17956308, 1.62628967,\n        1.99789772],\n       [1.99141501, 1.79955743, 6.51307619, 5.17955973, 1.62628658,\n        1.9979053 ]]), array([0.28406162, 0.28406162, 0.28406162, 0.28406162, 0.28406162,\n       0.28406162, 0.28406162]))"}, "11": {"maxiter": 1000, "fatol": 1e-10, "xatol": 1e-10, "duration": 0.15481328964233398, "fun": "0.28406161985975387", "nit": "536", "nfev": "896", "status": "0", "success": "True", "message": "Optimization terminated successfully.", "x": "[1.99142069 1.79955816 6.51307394 5.17956098 1.62629151 1.99789296]", "final_simplex": "(array([[1.99142069, 1.79955816, 6.51307394, 5.17956098, 1.62629151,\n        1.99789296],\n       [1.99142069, 1.79955816, 6.51307394, 5.17956098, 1.62629151,\n        1.99789296],\n       [1.99142069, 1.79955816, 6.51307394, 5.17956098, 1.62629151,\n        1.99789296],\n       [1.99142069, 1.79955816, 6.51307394, 5.17956098, 1.62629151,\n        1.99789296],\n       [1.99142069, 1.79955816, 6.51307394, 5.17956098, 1.62629151,\n        1.99789296],\n       [1.99142069, 1.79955816, 6.51307394, 5.17956098, 1.62629151,\n        1.99789296],\n       [1.99142069, 1.79955816, 6.51307394, 5.17956098, 1.62629151,\n        1.99789296]]), array([0.28406162, 0.28406162, 0.28406162, 0.28406162, 0.28406162,\n       0.28406162, 0.28406162]))"}}, "bfgs": {"type": "gradient", "0": {"maxiter": 100, "gtol": 1e-05, "xrtol": 1e-05, "eps": 1e-05, "duration": 0.027363061904907227, "fun": "0.2840616199923235", "jac": "[ 4.40950609e-06 -2.38090658e-06  7.28537231e-06  5.33587619e-06\n  3.01645375e-06 -1.03876907e-06]", "hess_inv": "[[ 4.30256709  1.03766105 -0.58478493  2.19381422  1.80645211 -1.17894113]\n [ 1.03766105  5.63015872  1.77974092  2.49274429  1.92795211  1.04095151]\n [-0.58478493  1.77974092  4.37759675 -1.2846933   1.22848486  1.01929005]\n [ 2.19381422  2.49274429 -1.2846933   5.76453345  0.37617336 -0.78530915]\n [ 1.80645211  1.92795211  1.22848486  0.37617336  5.31558716 -0.94441949]\n [-1.17894113  1.04095151  1.01929005 -0.78530915 -0.94441949  4.54337122]]", "nfev": "154", "njev": "22", "status": "0", "success": "True", "message": "Optimization terminated successfully.", "x": "[1.99144248 1.79955972 6.51308664 5.17957701 1.62631232 1.99787346]", "nit": "20"}, "1": {"maxiter": 100, "gtol": 1e-05, "xrtol": 1e-05, "eps": 1e-10, "duration": 0.027287960052490234, "fun": "0.2840616201876185", "jac": "[ 1.11022293e-06 -6.66133760e-06  8.88178346e-06  6.66133760e-06\n  4.44089173e-06  0.00000000e+00]", "hess_inv": "[[ 4.29757591  1.02232595 -0.5868166   2.18466573  1.80130004 -1.18103209]\n [ 1.02232595  5.6793658   1.80663458  2.48930601  1.97331754  1.05929482]\n [-0.5868166   1.80663458  4.32111722 -1.25938645  1.23734965  0.98687168]\n [ 2.18466573  2.48930601 -1.25938645  5.74849105  0.38771842 -0.77148728]\n [ 1.80130004  1.97331754  1.23734965  0.38771842  5.35587848 -0.94428619]\n [-1.18103209  1.05929482  0.98687168 -0.77148728 -0.94428619  4.52813766]]", "nfev": "154", "njev": "22", "status": "0", "success": "True", "message": "Optimization terminated successfully.", "x": "[1.99145078 1.79957905 6.51311068 5.17957953 1.6263347  1.99788323]", "nit": "20"}, "2": {"maxiter": 100, "gtol": 1e-05, "xrtol": 1e-10, "eps": 1e-05, "duration": 0.027151107788085938, "fun": "0.2840616199923235", "jac": "[ 4.40950609e-06 -2.38090658e-06  7.28537231e-06  5.33587619e-06\n  3.01645375e-06 -1.03876907e-06]", "hess_inv": "[[ 4.30256709  1.03766105 -0.58478493  2.19381422  1.80645211 -1.17894113]\n [ 1.03766105  5.63015872  1.77974092  2.49274429  1.92795211  1.04095151]\n [-0.58478493  1.77974092  4.37759675 -1.2846933   1.22848486  1.01929005]\n [ 2.19381422  2.49274429 -1.2846933   5.76453345  0.37617336 -0.78530915]\n [ 1.80645211  1.92795211  1.22848486  0.37617336  5.31558716 -0.94441949]\n [-1.17894113  1.04095151  1.01929005 -0.78530915 -0.94441949  4.54337122]]", "nfev": "154", "njev": "22", "status": "0", "success": "True", "message": "Optimization terminated successfully.", "x": "[1.99144248 1.79955972 6.51308664 5.17957701 1.62631232 1.99787346]", "nit": "20"}, "3": {"maxiter": 100, "gtol": 1e-05, "xrtol": 1e-10, "eps": 1e-10, "duration": 0.02709507942199707, "fun": "0.2840616201876185", "jac": "[ 1.11022293e-06 -6.66133760e-06  8.88178346e-06  6.66133760e-06\n  4.44089173e-06  0.00000000e+00]", "hess_inv": "[[ 4.29757591  1.02232595 -0.5868166   2.18466573  1.80130004 -1.18103209]\n [ 1.02232595  5.6793658   1.80663458  2.48930601  1.97331754  1.05929482]\n [-0.5868166   1.80663458  4.32111722 -1.25938645  1.23734965  0.98687168]\n [ 2.18466573  2.48930601 -1.25938645  5.74849105  0.38771842 -0.77148728]\n [ 1.80130004  1.97331754  1.23734965  0.38771842  5.35587848 -0.94428619]\n [-1.18103209  1.05929482  0.98687168 -0.77148728 -0.94428619  4.52813766]]", "nfev": "154", "njev": "22", "status": "0", "success": "True", "message": "Optimization terminated successfully.", "x": "[1.99145078 1.79957905 6.51311068 5.17957953 1.6263347  1.99788323]", "nit": "20"}, "4": {"maxiter": 100, "gtol": 1e-10, "xrtol": 1e-05, "eps": 1e-05, "duration": 0.028365135192871094, "fun": "0.2840616199215805", "jac": "[-2.57349697e-08  3.56692453e-07 -7.37632178e-08  1.81465953e-07\n  3.79574150e-07 -2.30682140e-07]", "hess_inv": "[[ 4.60588971  1.15138845 -0.32660604  2.40655917  2.04283967 -1.26155622]\n [ 1.15138845  5.5500316   1.93620054  2.50807193  1.93064201  1.05211425]\n [-0.32660604  1.93620054  4.56836005 -1.07229773  1.47145319  0.92849375]\n [ 2.40655917  2.50807193 -1.07229773  5.87992617  0.49686242 -0.8211362 ]\n [ 2.04283967  1.93064201  1.47145319  0.49686242  5.43964936 -0.97930567]\n [-1.26155622  1.05211425  0.92849375 -0.8211362  -0.97930567  4.55140947]]", "nfev": "161", "njev": "23", "status": "0", "success": "True", "message": "Optimization terminated successfully.", "x": "[1.99140698 1.79953563 6.51306165 5.17954645 1.62627711 1.99788683]", "nit": "21"}, "5": {"maxiter": 100, "gtol": 1e-10, "xrtol": 1e-05, "eps": 1e-10, "duration": 0.02824234962463379, "fun": "0.28406161989998635", "jac": "[ 3.33066880e-06  2.22044587e-06 -1.11022293e-06  0.00000000e+00\n  0.00000000e+00  1.11022293e-06]", "hess_inv": "[[ 4.40628287  1.05582548 -0.42471392  2.28903042  1.98788012 -1.24461283]\n [ 1.05582548  5.64724168  1.81927234  2.48506408  1.92894798  1.0691737 ]\n [-0.42471392  1.81927234  4.53003749 -1.13576179  1.42602289  0.91797029]\n [ 2.28903042  2.48506408 -1.13576179  5.81746709  0.47948375 -0.80725272]\n [ 1.98788012  1.92894798  1.42602289  0.47948375  5.43165368 -0.98268531]\n [-1.24461283  1.0691737   0.91797029 -0.80725272 -0.98268531  4.54486176]]", "nfev": "161", "njev": "23", "status": "0", "success": "True", "message": "Optimization terminated successfully.", "x": "[1.99143262 1.79957422 6.51308427 5.17956275 1.62630536 1.99789332]", "nit": "21"}, "6": {"maxiter": 100, "gtol": 1e-10, "xrtol": 1e-10, "eps": 1e-05, "duration": 0.06625103950500488, "fun": "0.2840616199215805", "jac": "[-2.57349697e-08  3.56692453e-07 -7.37632178e-08  1.81465953e-07\n  3.79574150e-07 -2.30682140e-07]", "hess_inv": "[[ 4.73671217  1.34059654 -0.28539757  2.57148845  2.24563345 -1.34696644]\n [ 1.34059654  5.74652688  2.03485626  2.7064131   2.16783732  0.9563519 ]\n [-0.28539757  2.03485626  4.56157047 -0.9999989   1.56373233  0.88753476]\n [ 2.57148845  2.7064131  -0.9999989   6.06691381  0.72329811 -0.91434856]\n [ 2.24563345  2.16783732  1.56373233  0.72329811  5.71321199 -1.09151342]\n [-1.34696644  0.9563519   0.88753476 -0.91434856 -1.09151342  4.59717909]]", "nfev": "383", "njev": "53", "status": "2", "success": "False", "message": "Desired error not necessarily achieved due to precision loss.", "x": "[1.99140698 1.79953563 6.51306165 5.17954645 1.62627711 1.99788683]", "nit": "21"}, "7": {"maxiter": 100, "gtol": 1e-10, "xrtol": 1e-10, "eps": 1e-10, "duration": 0.05673098564147949, "fun": "0.2840616198751139", "jac": "[ 1.11022293e-06  1.11022293e-06  3.33066880e-06  1.11022293e-06\n -1.11022293e-06 -1.11022293e-06]", "hess_inv": "[[  7.06943138   3.40897404  -0.37632585   8.96193247   4.69826869\n   -6.82826706]\n [  3.40897404   2.32381599   0.26082028   3.94680337   1.80324369\n   -3.27993139]\n [ -0.37632585   0.26082028   2.77503049  -1.76894279  -1.05374487\n    1.14916013]\n [  8.96193247   3.94680337  -1.76894279  13.64214113   7.11568842\n  -10.01561007]\n [  4.69826869   1.80324369  -1.05374487   7.11568842   4.06298844\n   -5.45862488]\n [ -6.82826706  -3.27993139   1.14916013 -10.01561007  -5.45862488\n    7.99116506]]", "nfev": "329", "njev": "47", "status": "0", "success": "True", "message": "Optimization terminated successfully.", "x": "[1.99141907 1.79955225 6.51307712 5.17955497 1.62629152 1.99788461]", "nit": "27"}, "8": {"maxiter": 500, "gtol": 1e-05, "xrtol": 1e-05, "eps": 1e-05, "duration": 0.02679586410522461, "fun": "0.2840616199923235", "jac": "[ 4.40950609e-06 -2.38090658e-06  7.28537231e-06  5.33587619e-06\n  3.01645375e-06 -1.03876907e-06]", "hess_inv": "[[ 4.30256709  1.03766105 -0.58478493  2.19381422  1.80645211 -1.17894113]\n [ 1.03766105  5.63015872  1.77974092  2.49274429  1.92795211  1.04095151]\n [-0.58478493  1.77974092  4.37759675 -1.2846933   1.22848486  1.01929005]\n [ 2.19381422  2.49274429 -1.2846933   5.76453345  0.37617336 -0.78530915]\n [ 1.80645211  1.92795211  1.22848486  0.37617336  5.31558716 -0.94441949]\n [-1.17894113  1.04095151  1.01929005 -0.78530915 -0.94441949  4.54337122]]", "nfev": "154", "njev": "22", "status": "0", "success": "True", "message": "Optimization terminated successfully.", "x": "[1.99144248 1.79955972 6.51308664 5.17957701 1.62631232 1.99787346]", "nit": "20"}, "9": {"maxiter": 500, "gtol": 1e-05, "xrtol": 1e-05, "eps": 1e-10, "duration": 0.02670574188232422, "fun": "0.2840616201876185", "jac": "[ 1.11022293e-06 -6.66133760e-06  8.88178346e-06  6.66133760e-06\n  4.44089173e-06  0.00000000e+00]", "hess_inv": "[[ 4.29757591  1.02232595 -0.5868166   2.18466573  1.80130004 -1.18103209]\n [ 1.02232595  5.6793658   1.80663458  2.48930601  1.97331754  1.05929482]\n [-0.5868166   1.80663458  4.32111722 -1.25938645  1.23734965  0.98687168]\n [ 2.18466573  2.48930601 -1.25938645  5.74849105  0.38771842 -0.77148728]\n [ 1.80130004  1.97331754  1.23734965  0.38771842  5.35587848 -0.94428619]\n [-1.18103209  1.05929482  0.98687168 -0.77148728 -0.94428619  4.52813766]]", "nfev": "154", "njev": "22", "status": "0", "success": "True", "message": "Optimization terminated successfully.", "x": "[1.99145078 1.79957905 6.51311068 5.17957953 1.6263347  1.99788323]", "nit": "20"}, "10": {"maxiter": 500, "gtol": 1e-05, "xrtol": 1e-10, "eps": 1e-05, "duration": 0.02659916877746582, "fun": "0.2840616199923235", "jac": "[ 4.40950609e-06 -2.38090658e-06  7.28537231e-06  5.33587619e-06\n  3.01645375e-06 -1.03876907e-06]", "hess_inv": "[[ 4.30256709  1.03766105 -0.58478493  2.19381422  1.80645211 -1.17894113]\n [ 1.03766105  5.63015872  1.77974092  2.49274429  1.92795211  1.04095151]\n [-0.58478493  1.77974092  4.37759675 -1.2846933   1.22848486  1.01929005]\n [ 2.19381422  2.49274429 -1.2846933   5.76453345  0.37617336 -0.78530915]\n [ 1.80645211  1.92795211  1.22848486  0.37617336  5.31558716 -0.94441949]\n [-1.17894113  1.04095151  1.01929005 -0.78530915 -0.94441949  4.54337122]]", "nfev": "154", "njev": "22", "status": "0", "success": "True", "message": "Optimization terminated successfully.", "x": "[1.99144248 1.79955972 6.51308664 5.17957701 1.62631232 1.99787346]", "nit": "20"}, "11": {"maxiter": 500, "gtol": 1e-05, "xrtol": 1e-10, "eps": 1e-10, "duration": 0.02659296989440918, "fun": "0.2840616201876185", "jac": "[ 1.11022293e-06 -6.66133760e-06  8.88178346e-06  6.66133760e-06\n  4.44089173e-06  0.00000000e+00]", "hess_inv": "[[ 4.29757591  1.02232595 -0.5868166   2.18466573  1.80130004 -1.18103209]\n [ 1.02232595  5.6793658   1.80663458  2.48930601  1.97331754  1.05929482]\n [-0.5868166   1.80663458  4.32111722 -1.25938645  1.23734965  0.98687168]\n [ 2.18466573  2.48930601 -1.25938645  5.74849105  0.38771842 -0.77148728]\n [ 1.80130004  1.97331754  1.23734965  0.38771842  5.35587848 -0.94428619]\n [-1.18103209  1.05929482  0.98687168 -0.77148728 -0.94428619  4.52813766]]", "nfev": "154", "njev": "22", "status": "0", "success": "True", "message": "Optimization terminated successfully.", "x": "[1.99145078 1.79957905 6.51311068 5.17957953 1.6263347  1.99788323]", "nit": "20"}, "12": {"maxiter": 500, "gtol": 1e-10, "xrtol": 1e-05, "eps": 1e-05, "duration": 0.02769184112548828, "fun": "0.2840616199215805", "jac": "[-2.57349697e-08  3.56692453e-07 -7.37632178e-08  1.81465953e-07\n  3.79574150e-07 -2.30682140e-07]", "hess_inv": "[[ 4.60588971  1.15138845 -0.32660604  2.40655917  2.04283967 -1.26155622]\n [ 1.15138845  5.5500316   1.93620054  2.50807193  1.93064201  1.05211425]\n [-0.32660604  1.93620054  4.56836005 -1.07229773  1.47145319  0.92849375]\n [ 2.40655917  2.50807193 -1.07229773  5.87992617  0.49686242 -0.8211362 ]\n [ 2.04283967  1.93064201  1.47145319  0.49686242  5.43964936 -0.97930567]\n [-1.26155622  1.05211425  0.92849375 -0.8211362  -0.97930567  4.55140947]]", "nfev": "161", "njev": "23", "status": "0", "success": "True", "message": "Optimization terminated successfully.", "x": "[1.99140698 1.79953563 6.51306165 5.17954645 1.62627711 1.99788683]", "nit": "21"}, "13": {"maxiter": 500, "gtol": 1e-10, "xrtol": 1e-05, "eps": 1e-10, "duration": 0.027621030807495117, "fun": "0.28406161989998635", "jac": "[ 3.33066880e-06  2.22044587e-06 -1.11022293e-06  0.00000000e+00\n  0.00000000e+00  1.11022293e-06]", "hess_inv": "[[ 4.40628287  1.05582548 -0.42471392  2.28903042  1.98788012 -1.24461283]\n [ 1.05582548  5.64724168  1.81927234  2.48506408  1.92894798  1.0691737 ]\n [-0.42471392  1.81927234  4.53003749 -1.13576179  1.42602289  0.91797029]\n [ 2.28903042  2.48506408 -1.13576179  5.81746709  0.47948375 -0.80725272]\n [ 1.98788012  1.92894798  1.42602289  0.47948375  5.43165368 -0.98268531]\n [-1.24461283  1.0691737   0.91797029 -0.80725272 -0.98268531  4.54486176]]", "nfev": "161", "njev": "23", "status": "0", "success": "True", "message": "Optimization terminated successfully.", "x": "[1.99143262 1.79957422 6.51308427 5.17956275 1.62630536 1.99789332]", "nit": "21"}, "14": {"maxiter": 500, "gtol": 1e-10, "xrtol": 1e-10, "eps": 1e-05, "duration": 0.06524300575256348, "fun": "0.2840616199215805", "jac": "[-2.57349697e-08  3.56692453e-07 -7.37632178e-08  1.81465953e-07\n  3.79574150e-07 -2.30682140e-07]", "hess_inv": "[[ 4.73671217  1.34059654 -0.28539757  2.57148845  2.24563345 -1.34696644]\n [ 1.34059654  5.74652688  2.03485626  2.7064131   2.16783732  0.9563519 ]\n [-0.28539757  2.03485626  4.56157047 -0.9999989   1.56373233  0.88753476]\n [ 2.57148845  2.7064131  -0.9999989   6.06691381  0.72329811 -0.91434856]\n [ 2.24563345  2.16783732  1.56373233  0.72329811  5.71321199 -1.09151342]\n [-1.34696644  0.9563519   0.88753476 -0.91434856 -1.09151342  4.59717909]]", "nfev": "383", "njev": "53", "status": "2", "success": "False", "message": "Desired error not necessarily achieved due to precision loss.", "x": "[1.99140698 1.79953563 6.51306165 5.17954645 1.62627711 1.99788683]", "nit": "21"}, "15": {"maxiter": 500, "gtol": 1e-10, "xrtol": 1e-10, "eps": 1e-10, "duration": 0.056051015853881836, "fun": "0.2840616198751139", "jac": "[ 1.11022293e-06  1.11022293e-06  3.33066880e-06  1.11022293e-06\n -1.11022293e-06 -1.11022293e-06]", "hess_inv": "[[  7.06943138   3.40897404  -0.37632585   8.96193247   4.69826869\n   -6.82826706]\n [  3.40897404   2.32381599   0.26082028   3.94680337   1.80324369\n   -3.27993139]\n [ -0.37632585   0.26082028   2.77503049  -1.76894279  -1.05374487\n    1.14916013]\n [  8.96193247   3.94680337  -1.76894279  13.64214113   7.11568842\n  -10.01561007]\n [  4.69826869   1.80324369  -1.05374487   7.11568842   4.06298844\n   -5.45862488]\n [ -6.82826706  -3.27993139   1.14916013 -10.01561007  -5.45862488\n    7.99116506]]", "nfev": "329", "njev": "47", "status": "0", "success": "True", "message": "Optimization terminated successfully.", "x": "[1.99141907 1.79955225 6.51307712 5.17955497 1.62629152 1.99788461]", "nit": "27"}, "16": {"maxiter": 1000, "gtol": 1e-05, "xrtol": 1e-05, "eps": 1e-05, "duration": 0.026421785354614258, "fun": "0.2840616199923235", "jac": "[ 4.40950609e-06 -2.38090658e-06  7.28537231e-06  5.33587619e-06\n  3.01645375e-06 -1.03876907e-06]", "hess_inv": "[[ 4.30256709  1.03766105 -0.58478493  2.19381422  1.80645211 -1.17894113]\n [ 1.03766105  5.63015872  1.77974092  2.49274429  1.92795211  1.04095151]\n [-0.58478493  1.77974092  4.37759675 -1.2846933   1.22848486  1.01929005]\n [ 2.19381422  2.49274429 -1.2846933   5.76453345  0.37617336 -0.78530915]\n [ 1.80645211  1.92795211  1.22848486  0.37617336  5.31558716 -0.94441949]\n [-1.17894113  1.04095151  1.01929005 -0.78530915 -0.94441949  4.54337122]]", "nfev": "154", "njev": "22", "status": "0", "success": "True", "message": "Optimization terminated successfully.", "x": "[1.99144248 1.79955972 6.51308664 5.17957701 1.62631232 1.99787346]", "nit": "20"}, "17": {"maxiter": 1000, "gtol": 1e-05, "xrtol": 1e-05, "eps": 1e-10, "duration": 0.026332855224609375, "fun": "0.2840616201876185", "jac": "[ 1.11022293e-06 -6.66133760e-06  8.88178346e-06  6.66133760e-06\n  4.44089173e-06  0.00000000e+00]", "hess_inv": "[[ 4.29757591  1.02232595 -0.5868166   2.18466573  1.80130004 -1.18103209]\n [ 1.02232595  5.6793658   1.80663458  2.48930601  1.97331754  1.05929482]\n [-0.5868166   1.80663458  4.32111722 -1.25938645  1.23734965  0.98687168]\n [ 2.18466573  2.48930601 -1.25938645  5.74849105  0.38771842 -0.77148728]\n [ 1.80130004  1.97331754  1.23734965  0.38771842  5.35587848 -0.94428619]\n [-1.18103209  1.05929482  0.98687168 -0.77148728 -0.94428619  4.52813766]]", "nfev": "154", "njev": "22", "status": "0", "success": "True", "message": "Optimization terminated successfully.", "x": "[1.99145078 1.79957905 6.51311068 5.17957953 1.6263347  1.99788323]", "nit": "20"}, "18": {"maxiter": 1000, "gtol": 1e-05, "xrtol": 1e-10, "eps": 1e-05, "duration": 0.02637004852294922, "fun": "0.2840616199923235", "jac": "[ 4.40950609e-06 -2.38090658e-06  7.28537231e-06  5.33587619e-06\n  3.01645375e-06 -1.03876907e-06]", "hess_inv": "[[ 4.30256709  1.03766105 -0.58478493  2.19381422  1.80645211 -1.17894113]\n [ 1.03766105  5.63015872  1.77974092  2.49274429  1.92795211  1.04095151]\n [-0.58478493  1.77974092  4.37759675 -1.2846933   1.22848486  1.01929005]\n [ 2.19381422  2.49274429 -1.2846933   5.76453345  0.37617336 -0.78530915]\n [ 1.80645211  1.92795211  1.22848486  0.37617336  5.31558716 -0.94441949]\n [-1.17894113  1.04095151  1.01929005 -0.78530915 -0.94441949  4.54337122]]", "nfev": "154", "njev": "22", "status": "0", "success": "True", "message": "Optimization terminated successfully.", "x": "[1.99144248 1.79955972 6.51308664 5.17957701 1.62631232 1.99787346]", "nit": "20"}, "19": {"maxiter": 1000, "gtol": 1e-05, "xrtol": 1e-10, "eps": 1e-10, "duration": 0.02638697624206543, "fun": "0.2840616201876185", "jac": "[ 1.11022293e-06 -6.66133760e-06  8.88178346e-06  6.66133760e-06\n  4.44089173e-06  0.00000000e+00]", "hess_inv": "[[ 4.29757591  1.02232595 -0.5868166   2.18466573  1.80130004 -1.18103209]\n [ 1.02232595  5.6793658   1.80663458  2.48930601  1.97331754  1.05929482]\n [-0.5868166   1.80663458  4.32111722 -1.25938645  1.23734965  0.98687168]\n [ 2.18466573  2.48930601 -1.25938645  5.74849105  0.38771842 -0.77148728]\n [ 1.80130004  1.97331754  1.23734965  0.38771842  5.35587848 -0.94428619]\n [-1.18103209  1.05929482  0.98687168 -0.77148728 -0.94428619  4.52813766]]", "nfev": "154", "njev": "22", "status": "0", "success": "True", "message": "Optimization terminated successfully.", "x": "[1.99145078 1.79957905 6.51311068 5.17957953 1.6263347  1.99788323]", "nit": "20"}, "20": {"maxiter": 1000, "gtol": 1e-10, "xrtol": 1e-05, "eps": 1e-05, "duration": 0.027568817138671875, "fun": "0.2840616199215805", "jac": "[-2.57349697e-08  3.56692453e-07 -7.37632178e-08  1.81465953e-07\n  3.79574150e-07 -2.30682140e-07]", "hess_inv": "[[ 4.60588971  1.15138845 -0.32660604  2.40655917  2.04283967 -1.26155622]\n [ 1.15138845  5.5500316   1.93620054  2.50807193  1.93064201  1.05211425]\n [-0.32660604  1.93620054  4.56836005 -1.07229773  1.47145319  0.92849375]\n [ 2.40655917  2.50807193 -1.07229773  5.87992617  0.49686242 -0.8211362 ]\n [ 2.04283967  1.93064201  1.47145319  0.49686242  5.43964936 -0.97930567]\n [-1.26155622  1.05211425  0.92849375 -0.8211362  -0.97930567  4.55140947]]", "nfev": "161", "njev": "23", "status": "0", "success": "True", "message": "Optimization terminated successfully.", "x": "[1.99140698 1.79953563 6.51306165 5.17954645 1.62627711 1.99788683]", "nit": "21"}, "21": {"maxiter": 1000, "gtol": 1e-10, "xrtol": 1e-05, "eps": 1e-10, "duration": 0.0275881290435791, "fun": "0.28406161989998635", "jac": "[ 3.33066880e-06  2.22044587e-06 -1.11022293e-06  0.00000000e+00\n  0.00000000e+00  1.11022293e-06]", "hess_inv": "[[ 4.40628287  1.05582548 -0.42471392  2.28903042  1.98788012 -1.24461283]\n [ 1.05582548  5.64724168  1.81927234  2.48506408  1.92894798  1.0691737 ]\n [-0.42471392  1.81927234  4.53003749 -1.13576179  1.42602289  0.91797029]\n [ 2.28903042  2.48506408 -1.13576179  5.81746709  0.47948375 -0.80725272]\n [ 1.98788012  1.92894798  1.42602289  0.47948375  5.43165368 -0.98268531]\n [-1.24461283  1.0691737   0.91797029 -0.80725272 -0.98268531  4.54486176]]", "nfev": "161", "njev": "23", "status": "0", "success": "True", "message": "Optimization terminated successfully.", "x": "[1.99143262 1.79957422 6.51308427 5.17956275 1.62630536 1.99789332]", "nit": "21"}, "22": {"maxiter": 1000, "gtol": 1e-10, "xrtol": 1e-10, "eps": 1e-05, "duration": 0.06503582000732422, "fun": "0.2840616199215805", "jac": "[-2.57349697e-08  3.56692453e-07 -7.37632178e-08  1.81465953e-07\n  3.79574150e-07 -2.30682140e-07]", "hess_inv": "[[ 4.73671217  1.34059654 -0.28539757  2.57148845  2.24563345 -1.34696644]\n [ 1.34059654  5.74652688  2.03485626  2.7064131   2.16783732  0.9563519 ]\n [-0.28539757  2.03485626  4.56157047 -0.9999989   1.56373233  0.88753476]\n [ 2.57148845  2.7064131  -0.9999989   6.06691381  0.72329811 -0.91434856]\n [ 2.24563345  2.16783732  1.56373233  0.72329811  5.71321199 -1.09151342]\n [-1.34696644  0.9563519   0.88753476 -0.91434856 -1.09151342  4.59717909]]", "nfev": "383", "njev": "53", "status": "2", "success": "False", "message": "Desired error not necessarily achieved due to precision loss.", "x": "[1.99140698 1.79953563 6.51306165 5.17954645 1.62627711 1.99788683]", "nit": "21"}, "23": {"maxiter": 1000, "gtol": 1e-10, "xrtol": 1e-10, "eps": 1e-10, "duration": 0.05587601661682129, "fun": "0.2840616198751139", "jac": "[ 1.11022293e-06  1.11022293e-06  3.33066880e-06  1.11022293e-06\n -1.11022293e-06 -1.11022293e-06]", "hess_inv": "[[  7.06943138   3.40897404  -0.37632585   8.96193247   4.69826869\n   -6.82826706]\n [  3.40897404   2.32381599   0.26082028   3.94680337   1.80324369\n   -3.27993139]\n [ -0.37632585   0.26082028   2.77503049  -1.76894279  -1.05374487\n    1.14916013]\n [  8.96193247   3.94680337  -1.76894279  13.64214113   7.11568842\n  -10.01561007]\n [  4.69826869   1.80324369  -1.05374487   7.11568842   4.06298844\n   -5.45862488]\n [ -6.82826706  -3.27993139   1.14916013 -10.01561007  -5.45862488\n    7.99116506]]", "nfev": "329", "njev": "47", "status": "0", "success": "True", "message": "Optimization terminated successfully.", "x": "[1.99141907 1.79955225 6.51307712 5.17955497 1.62629152 1.99788461]", "nit": "27"}}, "cobyla": {"0": {"maxiter": 100, "tol": 1e-05, "catol": 1e-05, "duration": 0.016421794891357422, "x": "[1.98950199 1.79872948 6.51327856 7.38784138 4.76553574 5.13944534]", "status": "2", "success": "False", "message": "Maximum number of function evaluations has been exceeded.", "nfev": "100", "fun": "0.28406240876046773", "maxcv": "0.0"}, "1": {"maxiter": 100, "tol": 1e-05, "catol": 1e-10, "duration": 0.01635599136352539, "x": "[1.98950199 1.79872948 6.51327856 7.38784138 4.76553574 5.13944534]", "status": "2", "success": "False", "message": "Maximum number of function evaluations has been exceeded.", "nfev": "100", "fun": "0.28406240876046773", "maxcv": "0.0"}, "2": {"maxiter": 100, "tol": 1e-10, "catol": 1e-05, "duration": 0.016876935958862305, "x": "[1.98950199 1.79872948 6.51327856 7.38784138 4.76553574 5.13944534]", "status": "2", "success": "False", "message": "Maximum number of function evaluations has been exceeded.", "nfev": "100", "fun": "0.28406240876046773", "maxcv": "0.0"}, "3": {"maxiter": 100, "tol": 1e-10, "catol": 1e-10, "duration": 0.016768932342529297, "x": "[1.98950199 1.79872948 6.51327856 7.38784138 4.76553574 5.13944534]", "status": "2", "success": "False", "message": "Maximum number of function evaluations has been exceeded.", "nfev": "100", "fun": "0.28406240876046773", "maxcv": "0.0"}, "4": {"maxiter": 500, "tol": 1e-05, "catol": 1e-05, "duration": 0.027374982833862305, "x": "[1.99142855 1.79956499 6.51308129 7.38680601 4.76788649 5.13948738]", "status": "1", "success": "True", "message": "Optimization terminated successfully.", "nfev": "163", "fun": "0.28406161987533785", "maxcv": "0.0"}, "5": {"maxiter": 500, "tol": 1e-05, "catol": 1e-10, "duration": 0.02737283706665039, "x": "[1.99142855 1.79956499 6.51308129 7.38680601 4.76788649 5.13948738]", "status": "1", "success": "True", "message": "Optimization terminated successfully.", "nfev": "163", "fun": "0.28406161987533785", "maxcv": "0.0"}, "6": {"maxiter": 500, "tol": 1e-10, "catol": 1e-05, "duration": 0.04482913017272949, "x": "[1.99142072 1.7995582  6.51307392 7.38680954 4.7678842  5.13948559]", "status": "1", "success": "True", "message": "Optimization terminated successfully.", "nfev": "267", "fun": "0.28406161985975464", "maxcv": "0.0"}, "7": {"maxiter": 500, "tol": 1e-10, "catol": 1e-10, "duration": 0.04492902755737305, "x": "[1.99142072 1.7995582  6.51307392 7.38680954 4.7678842  5.13948559]", "status": "1", "success": "True", "message": "Optimization terminated successfully.", "nfev": "267", "fun": "0.28406161985975464", "maxcv": "0.0"}, "8": {"maxiter": 1000, "tol": 1e-05, "catol": 1e-05, "duration": 0.027345895767211914, "x": "[1.99142855 1.79956499 6.51308129 7.38680601 4.76788649 5.13948738]", "status": "1", "success": "True", "message": "Optimization terminated successfully.", "nfev": "163", "fun": "0.28406161987533785", "maxcv": "0.0"}, "9": {"maxiter": 1000, "tol": 1e-05, "catol": 1e-10, "duration": 0.02738809585571289, "x": "[1.99142855 1.79956499 6.51308129 7.38680601 4.76788649 5.13948738]", "status": "1", "success": "True", "message": "Optimization terminated successfully.", "nfev": "163", "fun": "0.28406161987533785", "maxcv": "0.0"}, "10": {"maxiter": 1000, "tol": 1e-10, "catol": 1e-05, "duration": 0.0448298454284668, "x": "[1.99142072 1.7995582  6.51307392 7.38680954 4.7678842  5.13948559]", "status": "1", "success": "True", "message": "Optimization terminated successfully.", "nfev": "267", "fun": "0.28406161985975464", "maxcv": "0.0"}, "11": {"maxiter": 1000, "tol": 1e-10, "catol": 1e-10, "duration": 0.04396510124206543, "x": "[1.99142072 1.7995582  6.51307392 7.38680954 4.7678842  5.13948559]", "status": "1", "success": "True", "message": "Optimization terminated successfully.", "nfev": "267", "fun": "0.2840616198