{"date": "2024/07/19/, 20:09:39", "conf_id": 304, "data_type": "var_s_rank\n", "num_data_points": 4, "s_rank": 0, "unitary": "[[-0.24866696+0.58742286j,-0.44704345-0.43151574j,-0.35669027-0.20570733j,-0.10517633+0.1626036j],[0.10596805-0.19687975j,-0.30269685-0.15056416j,0.18246286+0.30440582j,-0.83484447-0.11310748j],[0.26054512-0.52548482j,0.0285017-0.50723956j,-0.43110112+0.17165838j,0.15243271+0.39915801j],[0.42978035+0.11991271j,-0.17224126-0.46030424j,0.6827807-0.15164662j,0.26483638+0.0061855j]]", "databatch_0": {"databatch": "[[[4.04470389e-02+0.15211749j,1.67503031e-03+0.0063736j,3.70407411e-01+0.10510541j,3.66289857e-02+0.28781195j],[-1.45243638e-01-0.06250097j,-6.07338069e-03-0.00263427j,-3.12975010e-01+0.22726656j,-2.50035212e-01-0.14976307j],[-3.49712339e-02-0.16727808j,-1.44394354e-03-0.00700767j,-3.95439711e-01-0.13557016j,-2.29113785e-02-0.31416747j],[-6.90214798e-02+0.11209306j,-2.90326453e-03+0.00468468j,1.49412187e-01+0.2852462j,-1.53554603e-01+0.18787505j]],[[-6.46474272e-02-0.11178531j,-2.57288461e-01+0.0050737j,-3.48385292e-01+0.01453268j,-6.39008884e-02+0.08005021j],[-1.18494538e-01+0.06975152j,7.51347462e-03+0.27390992j,1.83325573e-02+0.37082895j,8.57589397e-02+0.06738253j],[6.87484839e-02+0.01500267j,9.24075265e-02-0.10547362j,1.22040050e-01-0.14563107j,-8.77848259e-03-0.05511961j],[-1.54387436e-01+0.11489368j,5.16802994e-02+0.38001565j,8.13220489e-02+0.51325044j,1.29475345e-01+0.0808557j]],[[2.94661559e-02+0.07147849j,-3.91130155e-02-0.00217206j,-5.10400284e-02+0.0669953j,-1.00343125e-01-0.05610518j],[6.11899989e-02-0.00651361j,-1.04106179e-02+0.02938944j,3.97523560e-02+0.05397578j,-6.53062476e-02+0.06409088j],[-1.10154937e-01-0.26999431j,1.47489895e-01+0.00872868j,1.93422832e-01-0.25198117j,3.77687253e-01+0.2129841j],[3.52835895e-02+0.34468193j,-1.65242132e-01-0.059286j,-3.04817827e-01+0.22260032j,-3.59382069e-01-0.36916821j]],[[5.50907750e-02+0.18554985j,-2.40637164e-01+0.21059743j,2.35448282e-01-0.02739827j,-1.89205043e-01-0.00467661j],[1.23483291e-01-0.02117836j,1.16902302e-01+0.17081554j,4.47198791e-04-0.15343069j,-1.75161989e-02+0.12124894j],[-1.81127898e-01+0.2579844j,-5.12196624e-01-0.09416639j,2.73102972e-01+0.272829j,-1.85390802e-01-0.24624178j],[-5.63246865e-02+0.07729742j,-1.54880926e-01-0.03129986j,8.13946001e-02+0.08422441j,-5.49275151e-02-0.07569073j]]]", "initial param values": "[3.21912887,0.97949529,2.64683372,5.2700433,4.92609148,0.56882613]", "nelder_mead": {"type": "gradient-free", "0": {"maxiter": 100, "fatol": 1e-05, "xatol": 1e-05, "duration": 0.026688098907470703, "fun": "0.5188645880274378", "nit": "100", "nfev": "156", "status": "2", "success": "False", "message": "Maximum number of iterations has been exceeded.", "x": "[2.19583529 0.01806675 1.65227265 7.04198087 4.04093882 0.66915676]", "final_simplex": "(array([[2.19583529, 0.01806675, 1.65227265, 7.04198087, 4.04093882,\n        0.66915676],\n       [2.23524331, 0.35901552, 1.91250889, 7.20876399, 3.77449468,\n        0.65838423],\n       [2.35905466, 0.36989182, 1.92253005, 6.95536176, 3.90164039,\n        0.64354235],\n       [2.25359926, 0.45384826, 1.83314218, 7.02229855, 3.90297588,\n        0.63028352],\n       [2.50233654, 0.31973344, 1.72694905, 6.83683804, 4.0848559 ,\n        0.60255036],\n       [2.19477489, 0.47364289, 1.99502305, 7.26372131, 3.74140944,\n        0.63812499],\n       [2.27488903, 0.51445266, 2.17726665, 7.13803231, 3.96304082,\n        0.64468386]]), array([0.51886459, 0.55115551, 0.55138293, 0.55496901, 0.55805228,\n       0.55908717, 0.56472177]))"}, "1": {"maxiter": 100, "fatol": 1e-05, "xatol": 1e-10, "duration": 0.026510000228881836, "fun": "0.5188645880274378", "nit": "100", "nfev": "156", "status": "2", "success": "False", "message": "Maximum number of iterations has been exceeded.", "x": "[2.19583529 0.01806675 1.65227265 7.04198087 4.04093882 0.66915676]", "final_simplex": "(array([[2.19583529, 0.01806675, 1.65227265, 7.04198087, 4.04093882,\n        0.66915676],\n       [2.23524331, 0.35901552, 1.91250889, 7.20876399, 3.77449468,\n        0.65838423],\n       [2.35905466, 0.36989182, 1.92253005, 6.95536176, 3.90164039,\n        0.64354235],\n       [2.25359926, 0.45384826, 1.83314218, 7.02229855, 3.90297588,\n        0.63028352],\n       [2.50233654, 0.31973344, 1.72694905, 6.83683804, 4.0848559 ,\n        0.60255036],\n       [2.19477489, 0.47364289, 1.99502305, 7.26372131, 3.74140944,\n        0.63812499],\n       [2.27488903, 0.51445266, 2.17726665, 7.13803231, 3.96304082,\n        0.64468386]]), array([0.51886459, 0.55115551, 0.55138293, 0.55496901, 0.55805228,\n       0.55908717, 0.56472177]))"}, "2": {"maxiter": 100, "fatol": 1e-10, "xatol": 1e-05, "duration": 0.026923179626464844, "fun": "0.5188645880274378", "nit": "100", "nfev": "156", "status": "2", "success": "False", "message": "Maximum number of iterations has been exceeded.", "x": "[2.19583529 0.01806675 1.65227265 7.04198087 4.04093882 0.66915676]", "final_simplex": "(array([[2.19583529, 0.01806675, 1.65227265, 7.04198087, 4.04093882,\n        0.66915676],\n       [2.23524331, 0.35901552, 1.91250889, 7.20876399, 3.77449468,\n        0.65838423],\n       [2.35905466, 0.36989182, 1.92253005, 6.95536176, 3.90164039,\n        0.64354235],\n       [2.25359926, 0.45384826, 1.83314218, 7.02229855, 3.90297588,\n        0.63028352],\n       [2.50233654, 0.31973344, 1.72694905, 6.83683804, 4.0848559 ,\n        0.60255036],\n       [2.19477489, 0.47364289, 1.99502305, 7.26372131, 3.74140944,\n        0.63812499],\n       [2.27488903, 0.51445266, 2.17726665, 7.13803231, 3.96304082,\n        0.64468386]]), array([0.51886459, 0.55115551, 0.55138293, 0.55496901, 0.55805228,\n       0.55908717, 0.56472177]))"}, "3": {"maxiter": 100, "fatol": 1e-10, "xatol": 1e-10, "duration": 0.026467084884643555, "fun": "0.5188645880274378", "nit": "100", "nfev": "156", "status": "2", "success": "False", "message": "Maximum number of iterations has been exceeded.", "x": "[2.19583529 0.01806675 1.65227265 7.04198087 4.04093882 0.66915676]", "final_simplex": "(array([[2.19583529, 0.01806675, 1.65227265, 7.04198087, 4.04093882,\n        0.66915676],\n       [2.23524331, 0.35901552, 1.91250889, 7.20876399, 3.77449468,\n        0.65838423],\n       [2.35905466, 0.36989182, 1.92253005, 6.95536176, 3.90164039,\n        0.64354235],\n       [2.25359926, 0.45384826, 1.83314218, 7.02229855, 3.90297588,\n        0.63028352],\n       [2.50233654, 0.31973344, 1.72694905, 6.83683804, 4.0848559 ,\n        0.60255036],\n       [2.19477489, 0.47364289, 1.99502305, 7.26372131, 3.74140944,\n        0.63812499],\n       [2.27488903, 0.51445266, 2.17726665, 7.13803231, 3.96304082,\n        0.64468386]]), array([0.51886459, 0.55115551, 0.55138293, 0.55496901, 0.55805228,\n       0.55908717, 0.56472177]))"}, "4": {"maxiter": 500, "fatol": 1e-05, "xatol": 1e-05, "duration": 0.12003397941589355, "fun": "0.2007819747686559", "nit": "450", "nfev": "705", "status": "0", "success": "True", "message": "Optimization terminated successfully.", "x": "[ 1.28999621 -0.77597722  1.06101966  7.72445333  5.9263706  -0.95319942]", "final_simplex": "(array([[ 1.28999621, -0.77597722,  1.06101966,  7.72445333,  5.9263706 ,\n        -0.95319942],\n       [ 1.29000248, -0.77597722,  1.06102175,  7.72445338,  5.9263649 ,\n        -0.95320284],\n       [ 1.28999953, -0.77597565,  1.06102422,  7.7244539 ,  5.92636894,\n        -0.95320253],\n       [ 1.2900003 , -0.77597513,  1.06101909,  7.72445777,  5.92637093,\n        -0.95320469],\n       [ 1.28999912, -0.77597433,  1.06101644,  7.7244531 ,  5.9263696 ,\n        -0.95320524],\n       [ 1.28999926, -0.77597947,  1.06102184,  7.72445316,  5.92637041,\n        -0.9532052 ],\n       [ 1.28999498, -0.77597759,  1.06102153,  7.72445379,  5.92636778,\n        -0.95320411]]), array([0.20078197, 0.20078197, 0.20078197, 0.20078197, 0.20078197,\n       0.20078197, 0.20078197]))"}, "5": {"maxiter": 500, "fatol": 1e-05, "xatol": 1e-10, "duration": 0.1333329677581787, "fun": "0.2007819747636872", "nit": "500", "nfev": "789", "status": "2", "success": "False", "message": "Maximum number of iterations has been exceeded.", "x": "[ 1.29000112 -0.77598023  1.06101957  7.72445275  5.92636914 -0.95319639]", "final_simplex": "(array([[ 1.29000112, -0.77598023,  1.06101957,  7.72445275,  5.92636914,\n        -0.95319639],\n       [ 1.29000077, -0.77598023,  1.06101948,  7.72445284,  5.92636923,\n        -0.95319649],\n       [ 1.2900009 , -0.77598035,  1.06101965,  7.72445274,  5.92636917,\n        -0.95319627],\n       [ 1.29000084, -0.77598034,  1.0610197 ,  7.72445278,  5.92636917,\n        -0.95319654],\n       [ 1.29000078, -0.77598024,  1.06101934,  7.72445255,  5.92636916,\n        -0.95319639],\n       [ 1.29000084, -0.77598009,  1.06101947,  7.72445279,  5.92636934,\n        -0.95319655],\n       [ 1.29000104, -0.77598041,  1.06101943,  7.72445273,  5.9263695 ,\n        -0.95319638]]), array([0.20078197, 0.20078197, 0.20078197, 0.20078197, 0.20078197,\n       0.20078197, 0.20078197]))"}, "6": {"maxiter": 500, "fatol": 1e-10, "xatol": 1e-05, "duration": 0.11979174613952637, "fun": "0.2007819747686559", "nit": "450", "nfev": "705", "status": "0", "success": "True", "message": "Optimization terminated successfully.", "x": "[ 1.28999621 -0.77597722  1.06101966  7.72445333  5.9263706  -0.95319942]", "final_simplex": "(array([[ 1.28999621, -0.77597722,  1.06101966,  7.72445333,  5.9263706 ,\n        -0.95319942],\n       [ 1.29000248, -0.77597722,  1.06102175,  7.72445338,  5.9263649 ,\n        -0.95320284],\n       [ 1.28999953, -0.77597565,  1.06102422,  7.7244539 ,  5.92636894,\n        -0.95320253],\n       [ 1.2900003 , -0.77597513,  1.06101909,  7.72445777,  5.92637093,\n        -0.95320469],\n       [ 1.28999912, -0.77597433,  1.06101644,  7.7244531 ,  5.9263696 ,\n        -0.95320524],\n       [ 1.28999926, -0.77597947,  1.06102184,  7.72445316,  5.92637041,\n        -0.9532052 ],\n       [ 1.28999498, -0.77597759,  1.06102153,  7.72445379,  5.92636778,\n        -0.95320411]]), array([0.20078197, 0.20078197, 0.20078197, 0.20078197, 0.20078197,\n       0.20078197, 0.20078197]))"}, "7": {"maxiter": 500, "fatol": 1e-10, "xatol": 1e-10, "duration": 0.1342449188232422, "fun": "0.2007819747636872", "nit": "500", "nfev": "789", "status": "2", "success": "False", "message": "Maximum number of iterations has been exceeded.", "x": "[ 1.29000112 -0.77598023  1.06101957  7.72445275  5.92636914 -0.95319639]", "final_simplex": "(array([[ 1.29000112, -0.77598023,  1.06101957,  7.72445275,  5.92636914,\n        -0.95319639],\n       [ 1.29000077, -0.77598023,  1.06101948,  7.72445284,  5.92636923,\n        -0.95319649],\n       [ 1.2900009 , -0.77598035,  1.06101965,  7.72445274,  5.92636917,\n        -0.95319627],\n       [ 1.29000084, -0.77598034,  1.0610197 ,  7.72445278,  5.92636917,\n        -0.95319654],\n       [ 1.29000078, -0.77598024,  1.06101934,  7.72445255,  5.92636916,\n        -0.95319639],\n       [ 1.29000084, -0.77598009,  1.06101947,  7.72445279,  5.92636934,\n        -0.95319655],\n       [ 1.29000104, -0.77598041,  1.06101943,  7.72445273,  5.9263695 ,\n        -0.95319638]]), array([0.20078197, 0.20078197, 0.20078197, 0.20078197, 0.20078197,\n       0.20078197, 0.20078197]))"}, "8": {"maxiter": 1000, "fatol": 1e-05, "xatol": 1e-05, "duration": 0.1201171875, "fun": "0.2007819747686559", "nit": "450", "nfev": "705", "status": "0", "success": "True", "message": "Optimization terminated successfully.", "x": "[ 1.28999621 -0.77597722  1.06101966  7.72445333  5.9263706  -0.95319942]", "final_simplex": "(array([[ 1.28999621, -0.77597722,  1.06101966,  7.72445333,  5.9263706 ,\n        -0.95319942],\n       [ 1.29000248, -0.77597722,  1.06102175,  7.72445338,  5.9263649 ,\n        -0.95320284],\n       [ 1.28999953, -0.77597565,  1.06102422,  7.7244539 ,  5.92636894,\n        -0.95320253],\n       [ 1.2900003 , -0.77597513,  1.06101909,  7.72445777,  5.92637093,\n        -0.95320469],\n       [ 1.28999912, -0.77597433,  1.06101644,  7.7244531 ,  5.9263696 ,\n        -0.95320524],\n       [ 1.28999926, -0.77597947,  1.06102184,  7.72445316,  5.92637041,\n        -0.9532052 ],\n       [ 1.28999498, -0.77597759,  1.06102153,  7.72445379,  5.92636778,\n        -0.95320411]]), array([0.20078197, 0.20078197, 0.20078197, 0.20078197, 0.20078197,\n       0.20078197, 0.20078197]))"}, "9": {"maxiter": 1000, "fatol": 1e-05, "xatol": 1e-10, "duration": 0.15813040733337402, "fun": "0.20078197476367876", "nit": "551", "nfev": "926", "status": "0", "success": "True", "message": "Optimization terminated successfully.", "x": "[ 1.290001   -0.77598034  1.06101949  7.72445273  5.92636914 -0.95319642]", "final_simplex": "(array([[ 1.290001  , -0.77598034,  1.06101949,  7.72445273,  5.92636914,\n        -0.95319642],\n       [ 1.290001  , -0.77598034,  1.06101949,  7.72445273,  5.92636914,\n        -0.95319642],\n       [ 1.290001  , -0.77598034,  1.06101949,  7.72445273,  5.92636914,\n        -0.95319642],\n       [ 1.290001  , -0.77598034,  1.06101949,  7.72445273,  5.92636914,\n        -0.95319642],\n       [ 1.290001  , -0.77598034,  1.06101949,  7.72445273,  5.92636914,\n        -0.95319642],\n       [ 1.290001  , -0.77598034,  1.06101949,  7.72445273,  5.92636914,\n        -0.95319642],\n       [ 1.290001  , -0.77598034,  1.06101949,  7.72445273,  5.92636914,\n        -0.95319642]]), array([0.20078197, 0.20078197, 0.20078197, 0.20078197, 0.20078197,\n       0.20078197, 0.20078197]))"}, "10": {"maxiter": 1000, "fatol": 1e-10, "xatol": 1e-05, "duration": 0.12073087692260742, "fun": "0.2007819747686559", "nit": "450", "nfev": "705", "status": "0", "success": "True", "message": "Optimization terminated successfully.", "x": "[ 1.28999621 -0.77597722  1.06101966  7.72445333  5.9263706  -0.95319942]", "final_simplex": "(array([[ 1.28999621, -0.77597722,  1.06101966,  7.72445333,  5.9263706 ,\n        -0.95319942],\n       [ 1.29000248, -0.77597722,  1.06102175,  7.72445338,  5.9263649 ,\n        -0.95320284],\n       [ 1.28999953, -0.77597565,  1.06102422,  7.7244539 ,  5.92636894,\n        -0.95320253],\n       [ 1.2900003 , -0.77597513,  1.06101909,  7.72445777,  5.92637093,\n        -0.95320469],\n       [ 1.28999912, -0.77597433,  1.06101644,  7.7244531 ,  5.9263696 ,\n        -0.95320524],\n       [ 1.28999926, -0.77597947,  1.06102184,  7.72445316,  5.92637041,\n        -0.9532052 ],\n       [ 1.28999498, -0.77597759,  1.06102153,  7.72445379,  5.92636778,\n        -0.95320411]]), array([0.20078197, 0.20078197, 0.20078197, 0.20078197, 0.20078197,\n       0.20078197, 0.20078197]))"}, "11": {"maxiter": 1000, "fatol": 1e-10, "xatol": 1e-10, "duration": 0.1578810214996338, "fun": "0.20078197476367876", "nit": "551", "nfev": "926", "status": "0", "success": "True", "message": "Optimization terminated successfully.", "x": "[ 1.290001   -0.77598034  1.06101949  7.72445273  5.92636914 -0.95319642]", "final_simplex": "(array([[ 1.290001  , -0.77598034,  1.06101949,  7.72445273,  5.92636914,\n        -0.95319642],\n       [ 1.290001  , -0.77598034,  1.06101949,  7.72445273,  5.92636914,\n        -0.95319642],\n       [ 1.290001  , -0.77598034,  1.06101949,  7.72445273,  5.92636914,\n        -0.95319642],\n       [ 1.290001  , -0.77598034,  1.06101949,  7.72445273,  5.92636914,\n        -0.95319642],\n       [ 1.290001  , -0.77598034,  1.06101949,  7.72445273,  5.92636914,\n        -0.95319642],\n       [ 1.290001  , -0.77598034,  1.06101949,  7.72445273,  5.92636914,\n        -0.95319642],\n       [ 1.290001  , -0.77598034,  1.06101949,  7.72445273,  5.92636914,\n        -0.95319642]]), array([0.20078197, 0.20078197, 0.20078197, 0.20078197, 0.20078197,\n       0.20078197, 0.20078197]))"}}, "bfgs": {"type": "gradient", "0": {"maxiter": 100, "gtol": 1e-05, "xrtol": 1e-05, "eps": 1e-05, "duration": 0.03901791572570801, "fun": "0.37283867145237726", "jac": "[-4.23927560e-07 -5.79605253e-06  3.10542703e-06 -6.10143047e-06\n  1.52858837e-06  1.60460534e-06]", "hess_inv": "[[ 16.7795293   -1.95169822 -20.90322974  -0.72582432  23.46955832\n    1.16027314]\n [ -1.95169822   6.35432239  -1.12410334   0.11401229  -1.86247426\n    1.05939941]\n [-20.90322974  -1.12410334  38.98626213   2.28194886 -37.50093004\n   -3.54425149]\n [ -0.72582432   0.11401229   2.28194886   3.60422573  -1.05717893\n    0.21723197]\n [ 23.46955832  -1.86247426 -37.50093004  -1.05717893  44.76087871\n    5.09157573]\n [  1.16027314   1.05939941  -3.54425149   0.21723197   5.09157573\n    4.35995824]]", "nfev": "224", "njev": "32", "status": "0", "success": "True", "message": "Optimization terminated successfully.", "x": "[ 0.84470924  0.60151429  4.56067669  8.18473952  1.92958636 -0.95725034]", "nit": "26"}, "1": {"maxiter": 100, "gtol": 1e-05, "xrtol": 1e-05, "eps": 1e-10, "duration": 0.03880190849304199, "fun": "0.37283867161511053", "jac": "[-1.11022293e-06 -5.55111466e-06  5.55111466e-06 -3.33066880e-06\n  3.33066880e-06  3.33066880e-06]", "hess_inv": "[[ 17.3402633   -1.81963823 -21.9023463   -0.81647268  24.50336479\n    1.29731437]\n [ -1.81963823   6.25904985  -1.28896484   0.10236399  -1.63624844\n    1.05520766]\n [-21.9023463   -1.28896484  40.66899795   2.39135128 -39.29873172\n   -3.78085975]\n [ -0.81647268   0.10236399   2.39135128   3.5548836   -1.17377371\n    0.20844862]\n [ 24.50336479  -1.63624844 -39.29873172  -1.17377371  46.61394327\n    5.32776371]\n [  1.29731437   1.05520766  -3.78085975   0.20844862   5.32776371\n    4.37030381]]", "nfev": "224", "njev": "32", "status": "0", "success": "True", "message": "Optimization terminated successfully.", "x": "[ 0.84468245  0.60150924  4.56073628  8.18474973  1.92954003 -0.95724957]", "nit": "26"}, "2": {"maxiter": 100, "gtol": 1e-05, "xrtol": 1e-10, "eps": 1e-05, "duration": 0.03869915008544922, "fun": "0.37283867145237726", "jac": "[-4.23927560e-07 -5.79605253e-06  3.10542703e-06 -6.10143047e-06\n  1.52858837e-06  1.60460534e-06]", "hess_inv": "[[ 16.7795293   -1.95169822 -20.90322974  -0.72582432  23.46955832\n    1.16027314]\n [ -1.95169822   6.35432239  -1.12410334   0.11401229  -1.86247426\n    1.05939941]\n [-20.90322974  -1.12410334  38.98626213   2.28194886 -37.50093004\n   -3.54425149]\n [ -0.72582432   0.11401229   2.28194886   3.60422573  -1.05717893\n    0.21723197]\n [ 23.46955832  -1.86247426 -37.50093004  -1.05717893  44.76087871\n    5.09157573]\n [  1.16027314   1.05939941  -3.54425149   0.21723197   5.09157573\n    4.35995824]]", "nfev": "224", "njev": "32", "status": "0", "success": "True", "message": "Optimization terminated successfully.", "x": "[ 0.84470924  0.60151429  4.56067669  8.18473952  1.92958636 -0.95725034]", "nit": "26"}, "3": {"maxiter": 100, "gtol": 1e-05, "xrtol": 1e-10, "eps": 1e-10, "duration": 0.03881502151489258, "fun": "0.37283867161511053", "jac": "[-1.11022293e-06 -5.55111466e-06  5.55111466e-06 -3.33066880e-06\n  3.33066880e-06  3.33066880e-06]", "hess_inv": "[[ 17.3402633   -1.81963823 -21.9023463   -0.81647268  24.50336479\n    1.29731437]\n [ -1.81963823   6.25904985  -1.28896484   0.10236399  -1.63624844\n    1.05520766]\n [-21.9023463   -1.28896484  40.66899795   2.39135128 -39.29873172\n   -3.78085975]\n [ -0.81647268   0.10236399   2.39135128   3.5548836   -1.17377371\n    0.20844862]\n [ 24.50336479  -1.63624844 -39.29873172  -1.17377371  46.61394327\n    5.32776371]\n [  1.29731437   1.05520766  -3.78085975   0.20844862   5.32776371\n    4.37030381]]", "nfev": "224", "njev": "32", "status": "0", "success": "True", "message": "Optimization terminated successfully.", "x": "[ 0.84468245  0.60150924  4.56073628  8.18474973  1.92954003 -0.95724957]", "nit": "26"}, "4": {"maxiter": 100, "gtol": 1e-10, "xrtol": 1e-05, "eps": 1e-05, "duration": 0.039839982986450195, "fun": "0.37283867106372826", "jac": "[-4.49307258e-08 -5.12734299e-07  3.02369241e-07 -2.61490829e-07\n -1.36868294e-07  1.87838634e-07]", "hess_inv": "[[ 15.90425236  -2.01145789 -19.36634835  -0.59282292  21.81039378\n    1.00103474]\n [ -2.01145789   7.15405824  -1.55964684   0.51113512  -2.02774366\n    1.06478662]\n [-19.36634835  -1.55964684  36.65108982   1.78750036 -34.55267887\n   -3.27558043]\n [ -0.59282292   0.51113512   1.78750036   3.77134303  -0.83016106\n    0.24927796]\n [ 21.81039378  -2.02774366 -34.55267887  -0.83016106  41.61914879\n    4.78867369]\n [  1.00103474   1.06478662  -3.27558043   0.24927796   4.78867369\n    4.33131702]]", "nfev": "231", "njev": "33", "status": "0", "success": "True", "message": "Optimization terminated successfully.", "x": "[ 0.8447259   0.60156425  4.5606146   8.18476056  1.92961478 -0.95724632]", "nit": "27"}, "5": {"maxiter": 100, "gtol": 1e-10, "xrtol": 1e-05, "eps": 1e-10, "duration": 0.04228997230529785, "fun": "0.3728386710139342", "jac": "[ 1.11022293e-06  0.00000000e+00 -1.11022293e-06  0.00000000e+00\n  0.00000000e+00  2.22044587e-06]", "hess_inv": "[[ 17.63500688   1.29798098 -24.4777393    1.78922121  28.66682059\n    4.13026815]\n [  1.29798098   7.90917433  -7.08771448   1.27531676   5.11587574\n    2.8867169 ]\n [-24.4777393   -7.08771448  48.3616853   -2.54119969 -50.4359667\n   -9.54967007]\n [  1.78922121   1.27531676  -2.54119969   3.95049117   3.66086381\n    1.03280846]\n [ 28.66682059   5.11587574 -50.4359667    3.66086381  60.15176825\n   11.08339029]\n [  4.13026815   2.8867169   -9.54967007   1.03280846  11.08339029\n    5.64128293]]", "nfev": "245", "njev": "35", "status": "0", "success": "True", "message": "Optimization terminated successfully.", "x": "[ 0.84477664  0.60158139  4.56053132  8.18476922  1.92970484 -0.95722736]", "nit": "29"}, "6": {"maxiter": 100, "gtol": 1e-10, "xrtol": 1e-10, "eps": 1e-05, "duration": 0.043492794036865234, "fun": "0.37283867103838475", "jac": "[-4.44089210e-11  3.33066907e-11  1.11022302e-11  3.33066907e-11\n  3.33066907e-11 -5.55111512e-11]", "hess_inv": "[[ 17.48405664  -1.38626688 -22.46058489  -0.52228958  24.63044346\n    1.28592728]\n [ -1.38626688   7.35369043  -2.756454     0.51243196  -0.878203\n    1.17604214]\n [-22.46058489  -2.756454    42.69590763   1.66520346 -40.09854768\n   -3.83268795]\n [ -0.52228958   0.51243196   1.66520346   3.76000044  -0.68842964\n    0.26122317]\n [ 24.63044346  -0.878203   -40.09854768  -0.68842964  46.64990209\n    5.29811128]\n [  1.28592728   1.17604214  -3.83268795   0.26122317   5.29811128\n    4.38263215]]", "nfev": "252", "njev": "36", "status": "0", "success": "True", "message": "Optimization terminated successfully.", "x": "[ 0.84473578  0.6015687   4.56059482  8.18476119  1.92963283 -0.95724453]", "nit": "30"}, "7": {"maxiter": 100, "gtol": 1e-10, "xrtol": 1e-10, "eps": 1e-10, "duration": 0.04831099510192871, "fun": "0.3728386710052385", "jac": "[0.00000000e+00 1.11022293e-06 0.00000000e+00 0.00000000e+00\n 1.11022293e-06 0.00000000e+00]", "hess_inv": "[[ 2.01131195e+01  1.17717719e+01 -5.44109076e+01 -4.52135805e+00\n   3.66831377e+01 -1.30968661e+00]\n [ 1.17717719e+01  1.58029834e+01 -3.75784348e+01 -1.87728909e+00\n   2.40132002e+01  1.43615951e+00]\n [-5.44109076e+01 -3.75784348e+01  1.53336459e+02  1.15049489e+01\n  -1.05754105e+02  1.22211850e+00]\n [-4.52135805e+00 -1.87728909e+00  1.15049489e+01  4.57597330e+00\n  -7.55762569e+00  5.46638919e-01]\n [ 3.66831377e+01  2.40132002e+01 -1.05754105e+02 -7.55762569e+00\n   7.73824355e+01  4.40669608e-02]\n [-1.30968661e+00  1.43615951e+00  1.22211850e+00  5.46638919e-01\n   4.40669608e-02  2.69286796e+00]]", "nfev": "280", "njev": "40", "status": "2", "success": "False", "message": "Desired error not necessarily achieved due to precision loss.", "x": "[ 0.84476292  0.60157849  4.56055651  8.1847714   1.92968646 -0.95722748]", "nit": "31"}, "8": {"maxiter": 500, "gtol": 1e-05, "xrtol": 1e-05, "eps": 1e-05, "duration": 0.03866004943847656, "fun": "0.37283867145237726", "jac": "[-4.23927560e-07 -5.79605253e-06  3.10542703e-06 -6.10143047e-06\n  1.52858837e-06  1.60460534e-06]", "hess_inv": "[[ 16.7795293   -1.95169822 -20.90322974  -0.72582432  23.46955832\n    1.16027314]\n [ -1.95169822   6.35432239  -1.12410334   0.11401229  -1.86247426\n    1.05939941]\n [-20.90322974  -1.12410334  38.98626213   2.28194886 -37.50093004\n   -3.54425149]\n [ -0.72582432   0.11401229   2.28194886   3.60422573  -1.05717893\n    0.21723197]\n [ 23.46955832  -1.86247426 -37.50093004  -1.05717893  44.76087871\n    5.09157573]\n [  1.16027314   1.05939941  -3.54425149   0.21723197   5.09157573\n    4.35995824]]", "nfev": "224", "njev": "32", "status": "0", "success": "True", "message": "Optimization terminated successfully.", "x": "[ 0.84470924  0.60151429  4.56067669  8.18473952  1.92958636 -0.95725034]", "nit": "26"}, "9": {"maxiter": 500, "gtol": 1e-05, "xrtol": 1e-05, "eps": 1e-10, "duration": 0.03862881660461426, "fun": "0.37283867161511053", "jac": "[-1.11022293e-06 -5.55111466e-06  5.55111466e-06 -3.33066880e-06\n  3.33066880e-06  3.33066880e-06]", "hess_inv": "[[ 17.3402633   -1.81963823 -21.9023463   -0.81647268  24.50336479\n    1.29731437]\n [ -1.81963823   6.25904985  -1.28896484   0.10236399  -1.63624844\n    1.05520766]\n [-21.9023463   -1.28896484  40.66899795   2.39135128 -39.29873172\n   -3.78085975]\n [ -0.81647268   0.10236399   2.39135128   3.5548836   -1.17377371\n    0.20844862]\n [ 24.50336479  -1.63624844 -39.29873172  -1.17377371  46.61394327\n    5.32776371]\n [  1.29731437   1.05520766  -3.78085975   0.20844862   5.32776371\n    4.37030381]]", "nfev": "224", "njev": "32", "status": "0", "success": "True", "message": "Optimization terminated successfully.", "x": "[ 0.84468245  0.60150924  4.56073628  8.18474973  1.92954003 -0.95724957]", "nit": "26"}, "10": {"maxiter": 500, "gtol": 1e-05, "xrtol": 1e-10, "eps": 1e-05, "duration": 0.0388491153717041, "fun": "0.37283867145237726", "jac": "[-4.23927560e-07 -5.79605253e-06  3.10542703e-06 -6.10143047e-06\n  1.52858837e-06  1.60460534e-06]", "hess_inv": "[[ 16.7795293   -1.95169822 -20.90322974  -0.72582432  23.46955832\n    1.16027314]\n [ -1.95169822   6.35432239  -1.12410334   0.11401229  -1.86247426\n    1.05939941]\n [-20.90322974  -1.12410334  38.98626213   2.28194886 -37.50093004\n   -3.54425149]\n [ -0.72582432   0.11401229   2.28194886   3.60422573  -1.05717893\n    0.21723197]\n [ 23.46955832  -1.86247426 -37.50093004  -1.05717893  44.76087871\n    5.09157573]\n [  1.16027314   1.05939941  -3.54425149   0.21723197   5.09157573\n    4.35995824]]", "nfev": "224", "njev": "32", "status": "0", "success": "True", "message": "Optimization terminated successfully.", "x": "[ 0.84470924  0.60151429  4.56067669  8.18473952  1.92958636 -0.95725034]", "nit": "26"}, "11": {"maxiter": 500, "gtol": 1e-05, "xrtol": 1e-10, "eps": 1e-10, "duration": 0.03854203224182129, "fun": "0.37283867161511053", "jac": "[-1.11022293e-06 -5.55111466e-06  5.55111466e-06 -3.33066880e-06\n  3.33066880e-06  3.33066880e-06]", "hess_inv": "[[ 17.3402633   -1.81963823 -21.9023463   -0.81647268  24.50336479\n    1.29731437]\n [ -1.81963823   6.25904985  -1.28896484   0.10236399  -1.63624844\n    1.05520766]\n [-21.9023463   -1.28896484  40.66899795   2.39135128 -39.29873172\n   -3.78085975]\n [ -0.81647268   0.10236399   2.39135128   3.5548836   -1.17377371\n    0.20844862]\n [ 24.50336479  -1.63624844 -39.29873172  -1.17377371  46.61394327\n    5.32776371]\n [  1.29731437   1.05520766  -3.78085975   0.20844862   5.32776371\n    4.37030381]]", "nfev": "224", "njev": "32", "status": "0", "success": "True", "message": "Optimization terminated successfully.", "x": "[ 0.84468245  0.60150924  4.56073628  8.18474973  1.92954003 -0.95724957]", "nit": "26"}, "12": {"maxiter": 500, "gtol": 1e-10, "xrtol": 1e-05, "eps": 1e-05, "duration": 0.0397031307220459, "fun": "0.37283867106372826", "jac": "[-4.49307258e-08 -5.12734299e-07  3.02369241e-07 -2.61490829e-07\n -1.36868294e-07  1.87838634e-07]", "hess_inv": "[[ 15.90425236  -2.01145789 -19.36634835  -0.59282292  21.81039378\n    1.00103474]\n [ -2.01145789   7.15405824  -1.55964684   0.51113512  -2.02774366\n    1.06478662]\n [-19.36634835  -1.55964684  36.65108982   1.78750036 -34.55267887\n   -3.27558043]\n [ -0.59282292   0.51113512   1.78750036   3.77134303  -0.83016106\n    0.24927796]\n [ 21.81039378  -2.02774366 -34.55267887  -0.83016106  41.61914879\n    4.78867369]\n [  1.00103474   1.06478662  -3.27558043   0.24927796   4.78867369\n    4.33131702]]", "nfev": "231", "njev": "33", "status": "0", "success": "True", "message": "Optimization terminated successfully.", "x": "[ 0.8447259   0.60156425  4.5606146   8.18476056  1.92961478 -0.95724632]", "nit": "27"}, "13": {"maxiter": 500, "gtol": 1e-10, "xrtol": 1e-05, "eps": 1e-10, "duration": 0.042595863342285156, "fun": "0.3728386710139342", "jac": "[ 1.11022293e-06  0.00000000e+00 -1.11022293e-06  0.00000000e+00\n  0.00000000e+00  2.22044587e-06]", "hess_inv": "[[ 17.63500688   1.29798098 -24.4777393    1.78922121  28.66682059\n    4.13026815]\n [  1.29798098   7.90917433  -7.08771448   1.27531676   5.11587574\n    2.8867169 ]\n [-24.4777393   -7.08771448  48.3616853   -2.54119969 -50.4359667\n   -9.54967007]\n [  1.78922121   1.27531676  -2.54119969   3.95049117   3.66086381\n    1.03280846]\n [ 28.66682059   5.11587574 -50.4359667    3.66086381  60.15176825\n   11.08339029]\n [  4.13026815   2.8867169   -9.54967007   1.03280846  11.08339029\n    5.64128293]]", "nfev": "245", "njev": "35", "status": "0", "success": "True", "message": "Optimization terminated successfully.", "x": "[ 0.84477664  0.60158139  4.56053132  8.18476922  1.92970484 -0.95722736]", "nit": "29"}, "14": {"maxiter": 500, "gtol": 1e-10, "xrtol": 1e-10, "eps": 1e-05, "duration": 0.04366111755371094, "fun": "0.37283867103838475", "jac": "[-4.44089210e-11  3.33066907e-11  1.11022302e-11  3.33066907e-11\n  3.33066907e-11 -5.55111512e-11]", "hess_inv": "[[ 17.48405664  -1.38626688 -22.46058489  -0.52228958  24.63044346\n    1.28592728]\n [ -1.38626688   7.35369043  -2.756454     0.51243196  -0.878203\n    1.17604214]\n [-22.46058489  -2.756454    42.69590763   1.66520346 -40.09854768\n   -3.83268795]\n [ -0.52228958   0.51243196   1.66520346   3.76000044  -0.68842964\n    0.26122317]\n [ 24.63044346  -0.878203   -40.09854768  -0.68842964  46.64990209\n    5.29811128]\n [  1.28592728   1.17604214  -3.83268795   0.26122317   5.29811128\n    4.38263215]]", "nfev": "252", "njev": "36", "status": "0", "success": "True", "message": "Optimization terminated successfully.", "x": "[ 0.84473578  0.6015687   4.56059482  8.18476119  1.92963283 -0.95724453]", "nit": "30"}, "15": {"maxiter": 500, "gtol": 1e-10, "xrtol": 1e-10, "eps": 1e-10, "duration": 0.048371315002441406, "fun": "0.3728386710052385", "jac": "[0.00000000e+00 1.11022293e-06 0.00000000e+00 0.00000000e+00\n 1.11022293e-06 0.00000000e+00]", "hess_inv": "[[ 2.01131195e+01  1.17717719e+01 -5.44109076e+01 -4.52135805e+00\n   3.66831377e+01 -1.30968661e+00]\n [ 1.17717719e+01  1.58029834e+01 -3.75784348e+01 -1.87728909e+00\n   2.40132002e+01  1.43615951e+00]\n [-5.44109076e+01 -3.75784348e+01  1.53336459e+02  1.15049489e+01\n  -1.05754105e+02  1.22211850e+00]\n [-4.52135805e+00 -1.87728909e+00  1.15049489e+01  4.57597330e+00\n  -7.55762569e+00  5.46638919e-01]\n [ 3.66831377e+01  2.40132002e+01 -1.05754105e+02 -7.55762569e+00\n   7.73824355e+01  4.40669608e-02]\n [-1.30968661e+00  1.43615951e+00  1.22211850e+00  5.46638919e-01\n   4.40669608e-02  2.69286796e+00]]", "nfev": "280", "njev": "40", "status": "2", "success": "False", "message": "Desired error not necessarily achieved due to precision loss.", "x": "[ 0.84476292  0.60157849  4.56055651  8.1847714   1.92968646 -0.95722748]", "nit": "31"}, "16": {"maxiter": 1000, "gtol": 1e-05, "xrtol": 1e-05, "eps": 1e-05, "duration": 0.038727760314941406, "fun": "0.37283867145237726", "jac": "[-4.23927560e-07 -5.79605253e-06  3.10542703e-06 -6.10143047e-06\n  1.52858837e-06  1.60460534e-06]", "hess_inv": "[[ 16.7795293   -1.95169822 -20.90322974  -0.72582432  23.46955832\n    1.16027314]\n [ -1.95169822   6.35432239  -1.12410334   0.11401229  -1.86247426\n    1.05939941]\n [-20.90322974  -1.12410334  38.98626213   2.28194886 -37.50093004\n   -3.54425149]\n [ -0.72582432   0.11401229   2.28194886   3.60422573  -1.05717893\n    0.21723197]\n [ 23.46955832  -1.86247426 -37.50093004  -1.05717893  44.76087871\n    5.09157573]\n [  1.16027314   1.05939941  -3.54425149   0.21723197   5.09157573\n    4.35995824]]", "nfev": "224", "njev": "32", "status": "0", "success": "True", "message": "Optimization terminated successfully.", "x": "[ 0.84470924  0.60151429  4.56067669  8.18473952  1.92958636 -0.95725034]", "nit": "26"}, "17": {"maxiter": 1000, "gtol": 1e-05, "xrtol": 1e-05, "eps": 1e-10, "duration": 0.03873801231384277, "fun": "0.37283867161511053", "jac": "[-1.11022293e-06 -5.55111466e-06  5.55111466e-06 -3.33066880e-06\n  3.33066880e-06  3.33066880e-06]", "hess_inv": "[[ 17.3402633   -1.81963823 -21.9023463   -0.81647268  24.50336479\n    1.29731437]\n [ -1.81963823   6.25904985  -1.28896484   0.10236399  -1.63624844\n    1.05520766]\n [-21.9023463   -1.28896484  40.66899795   2.39135128 -39.29873172\n   -3.78085975]\n [ -0.81647268   0.10236399   2.39135128   3.5548836   -1.17377371\n    0.20844862]\n [ 24.50336479  -1.63624844 -39.29873172  -1.17377371  46.61394327\n    5.32776371]\n [  1.29731437   1.05520766  -3.78085975   0.20844862   5.32776371\n    4.37030381]]", "nfev": "224", "njev": "32", "status": "0", "success": "True", "message": "Optimization terminated successfully.", "x": "[ 0.84468245  0.60150924  4.56073628  8.18474973  1.92954003 -0.95724957]", "nit": "26"}, "18": {"maxiter": 1000, "gtol": 1e-05, "xrtol": 1e-10, "eps": 1e-05, "duration": 0.03864693641662598, "fun": "0.37283867145237726", "jac": "[-4.23927560e-07 -5.79605253e-06  3.10542703e-06 -6.10143047e-06\n  1.52858837e-06  1.60460534e-06]", "hess_inv": "[[ 16.7795293   -1.95169822 -20.90322974  -0.72582432  23.46955832\n    1.16027314]\n [ -1.95169822   6.35432239  -1.12410334   0.11401229  -1.86247426\n    1.05939941]\n [-20.90322974  -1.12410334  38.98626213   2.28194886 -37.50093004\n   -3.54425149]\n [ -0.72582432   0.11401229   2.28194886   3.60422573  -1.05717893\n    0.21723197]\n [ 23.46955832  -1.86247426 -37.50093004  -1.05717893  44.76087871\n    5.09157573]\n [  1.16027314   1.05939941  -3.54425149   0.21723197   5.09157573\n    4.35995824]]", "nfev": "224", "njev": "32", "status": "0", "success": "True", "message": "Optimization terminated successfully.", "x": "[ 0.84470924  0.60151429  4.56067669  8.18473952  1.92958636 -0.95725034]", "nit": "26"}, "19": {"maxiter": 1000, "gtol": 1e-05, "xrtol": 1e-10, "eps": 1e-10, "duration": 0.038691043853759766, "fun": "0.37283867161511053", "jac": "[-1.11022293e-06 -5.55111466e-06  5.55111466e-06 -3.33066880e-06\n  3.33066880e-06  3.33066880e-06]", "hess_inv": "[[ 17.3402633   -1.81963823 -21.9023463   -0.81647268  24.50336479\n    1.29731437]\n [ -1.81963823   6.25904985  -1.28896484   0.10236399  -1.63624844\n    1.05520766]\n [-21.9023463   -1.28896484  40.66899795   2.39135128 -39.29873172\n   -3.78085975]\n [ -0.81647268   0.10236399   2.39135128   3.5548836   -1.17377371\n    0.20844862]\n [ 24.50336479  -1.63624844 -39.29873172  -1.17377371  46.61394327\n    5.32776371]\n [  1.29731437   1.05520766  -3.78085975   0.20844862   5.32776371\n    4.37030381]]", "nfev": "224", "njev": "32", "status": "0", "success": "True", "message": "Optimization terminated successfully.", "x": "[ 0.84468245  0.60150924  4.56073628  8.18474973  1.92954003 -0.95724957]", "nit": "26"}, "20": {"maxiter": 1000, "gtol": 1e-10, "xrtol": 1e-05, "eps": 1e-05, "duration": 0.039990901947021484, "fun": "0.37283867106372826", "jac": "[-4.49307258e-08 -5.12734299e-07  3.02369241e-07 -2.61490829e-07\n -1.36868294e-07  1.87838634e-07]", "hess_inv": "[[ 15.90425236  -2.01145789 -19.36634835  -0.59282292  21.81039378\n    1.00103474]\n [ -2.01145789   7.15405824  -1.55964684   0.51113512  -2.02774366\n    1.06478662]\n [-19.36634835  -1.55964684  36.65108982   1.78750036 -34.55267887\n   -3.27558043]\n [ -0.59282292   0.51113512   1.78750036   3.77134303  -0.83016106\n    0.24927796]\n [ 21.81039378  -2.02774366 -34.55267887  -0.83016106  41.61914879\n    4.78867369]\n [  1.00103474   1.06478662  -3.27558043   0.24927796   4.78867369\n    4.33131702]]", "nfev": "231", "njev": "33", "status": "0", "success": "True", "message": "Optimization terminated successfully.", "x": "[ 0.8447259   0.60156425  4.5606146   8.18476056  1.92961478 -0.95724632]", "nit": "27"}, "21": {"maxiter": 1000, "gtol": 1e-10, "xrtol": 1e-05, "eps": 1e-10, "duration": 0.04279518127441406, "fun": "0.3728386710139342", "jac": "[ 1.11022293e-06  0.00000000e+00 -1.11022293e-06  0.00000000e+00\n  0.00000000e+00  2.22044587e-06]", "hess_inv": "[[ 17.63500688   1.29798098 -24.4777393    1.78922121  28.66682059\n    4.13026815]\n [  1.29798098   7.90917433  -7.08771448   1.27531676   5.11587574\n    2.8867169 ]\n [-24.4777393   -7.08771448  48.3616853   -2.54119969 -50.4359667\n   -9.54967007]\n [  1.78922121   1.27531676  -2.54119969   3.95049117   3.66086381\n    1.03280846]\n [ 28.66682059   5.11587574 -50.4359667    3.66086381  60.15176825\n   11.08339029]\n [  4.13026815   2.8867169   -9.54967007   1.03280846  11.08339029\n    5.64128293]]", "nfev": "245", "njev": "35", "status": "0", "success": "True", "message": "Optimization terminated successfully.", "x": "[ 0.84477664  0.60158139  4.56053132  8.18476922  1.92970484 -0.95722736]", "nit": "29"}, "22": {"maxiter": 1000, "gtol": 1e-10, "xrtol": 1e-10, "eps": 1e-05, "duration": 0.04398488998413086, "fun": "0.37283867103838475", "jac": "[-4.44089210e-11  3.33066907e-11  1.11022302e-11  3.33066907e-11\n  3.33066907e-11 -5.55111512e-11]", "hess_inv": "[[ 17.48405664  -1.38626688 -22.46058489  -0.52228958  24.63044346\n    1.28592728]\n [ -1.38626688   7.35369043  -2.756454     0.51243196  -0.878203\n    1.17604214]\n [-22.46058489  -2.756454    42.69590763   1.66520346 -40.09854768\n   -3.83268795]\n [ -0.52228958   0.51243196   1.66520346   3.76000044  -0.68842964\n    0.26122317]\n [ 24.63044346  -0.878203   -40.09854768  -0.68842964  46.64990209\n    5.29811128]\n [  1.28592728   1.17604214  -3.83268795   0.26122317   5.29811128\n    4.38263215]]", "nfev": "252", "njev": "36", "status": "0", "success": "True", "message": "Optimization terminated successfully.", "x": "[ 0.84473578  0.6015687   4.56059482  8.18476119  1.92963283 -0.95724453]", "nit": "30"}, "23": {"maxiter": 1000, "gtol": 1e-10, "xrtol": 1e-10, "eps": 1e-10, "duration": 0.04828596115112305, "fun": "0.3728386710052385", "jac": "[0.00000000e+00 1.11022293e-06 0.00000000e+00 0.00000000e+00\n 1.11022293e-06 0.00000000e+00]", "hess_inv": "[[ 2.01131195e+01  1.17717719e+01 -5.44109076e+01 -4.52135805e+00\n   3.66831377e+01 -1.30968661e+00]\n [ 1.17717719e+01  1.58029834e+01 -3.75784348e+01 -1.87728909e+00\n   2.40132002e+01  1.43615951e+00]\n [-5.44109076e+01 -3.75784348e+01  1.53336459e+02  1.15049489e+01\n  -1.05754105e+02  1.22211850e+00]\n [-4.52135805e+00 -1.87728909e+00  1.15049489e+01  4.57597330e+00\n  -7.55762569e+00  5.46638919e-01]\n [ 3.66831377e+01  2.40132002e+01 -1.05754105e+02 -7.55762569e+00\n   7.73824355e+01  4.40669608e-02]\n [-1.30968661e+00  1.43615951e+00  1.22211850e+00  5.46638919e-01\n   4.40669608e-02  2.69286796e+00]]", "nfev": "280", "njev": "40", "status": "2", "success": "False", "message": "Desired error not necessarily achieved due to precision loss.", "x": "[ 0.84476292  0.60157849  4.56055651  8.1847714   1.92968646 -0.95722748]", "nit": "31"}}, "cobyla": {"0": {"maxiter": 100, "tol": 1e-05, "catol": 1e-05, "duration": 0.016515016555786133, "x": "[ 4.99282939  2.36597584  4.20269711  7.72442589  5.92579558 -0.95331554]", "status": "2", "success": "False", "message": "Maximum number of function evaluations has been exceeded.", "nfev": "100", "fun": "0.2007820419572126", "maxcv": "0.0"}, "1": {"maxiter": 100, "tol": 1e-05, "catol": 1e-10, "duration": 0