{"date": "2024/07/19/, 20:56:20", "conf_id": 317, "data_type": "var_s_rank\n", "num_data_points": 4, "s_rank": 0, "unitary": "[[0.18663085-0.53122324j,-0.11886349-0.70040876j,0.28555095-0.02789305j,-0.12262021-0.2844587j],[-0.16702216+0.27758472j,0.27526351-0.29738586j,-0.01109314+0.22495461j,-0.77239203+0.28900673j],[0.61935415+0.12301792j,-0.31269928-0.03315917j,-0.61902762-0.19039079j,-0.27120731-0.0968989j],[0.42341754+0.0023929j,-0.05847358+0.47832119j,0.64900495-0.16218422j,-0.37182676-0.05229966j]]", "databatch_0": {"databatch": "[[[3.60978683e-02+0.07834104j,-2.17345082e-01+0.02542708j,1.12798265e-01-0.0406404j,1.85929436e-01-0.0223036j],[1.97896289e-02-0.18840679j,2.03810712e-01-0.29486771j,-4.86706470e-02-0.29303102j,2.19738664e-01-0.31119534j],[8.33146010e-02+0.1490077j,-1.01042647e-01+0.40855404j,1.81440896e-01+0.0509272j,1.11699378e-01+0.11222266j],[-2.19811003e-02+0.09617809j,1.21555160e-01+0.27489924j,-1.12075418e-01+0.12979124j,-3.12683567e-01+0.05815273j]],[[9.93818040e-02+0.06025065j,2.36666491e-01+0.10866533j,-2.41413820e-01+0.11144855j,7.60157484e-02-0.15844263j],[9.76938332e-02-0.16655706j,2.90474086e-01-0.00631201j,3.40790689e-02-0.21167847j,1.87056041e-02+0.31410413j],[-1.81602141e-01+0.036635j,3.57225001e-02+0.09854006j,3.79278696e-02+0.31427047j,2.71127981e-02+0.18236265j],[-1.56286893e-01+0.31013813j,2.93940624e-01-0.17304464j,-1.25137777e-02-0.17619926j,-3.15900576e-01+0.05434242j]],[[5.05145313e-03-0.04367895j,5.90366049e-02+0.19484204j,3.77930719e-01+0.27759192j,1.19655401e-01+0.27664103j],[-4.11989331e-01+0.1171787j,-1.12045399e-01+0.09175135j,-1.35749086e-02+0.27087975j,8.41735793e-02-0.06301102j],[8.83754093e-02+0.0934082j,2.03197808e-01+0.11345976j,-2.95051045e-01-0.11680593j,2.42736951e-02+0.0428222j],[-5.69104734e-02-0.22221373j,1.09543711e-01+0.22960745j,-3.51702550e-02-0.08139341j,-2.40306790e-01+0.00782817j]],[[1.09436161e-01-0.00861576j,1.08155641e-01+0.25550272j,-1.05574869e-01-0.03279795j,-1.47124315e-01+0.00217813j],[4.84417702e-01-0.22658685j,-6.39869849e-02+0.11150932j,2.61726204e-01+0.09590902j,-4.58275922e-02+0.13657674j],[1.85854480e-01+0.32995712j,6.40959157e-02-0.08420539j,-3.17189045e-01-0.12633292j,-8.93765676e-02-0.28290897j],[-5.83475035e-02+0.05657188j,-1.11289602e-01+0.11546215j,1.77462286e-05+0.04746641j,1.34231655e-01+0.25360399j]]]", "initial param values": "[4.97773148,0.07432433,4.56362528,0.33426208,0.32492913,2.80976891]", "nelder_mead": {"type": "gradient-free", "0": {"maxiter": 100, "fatol": 1e-05, "xatol": 1e-05, "duration": 0.026530027389526367, "fun": "0.6217289232064831", "nit": "100", "nfev": "154", "status": "2", "success": "False", "message": "Maximum number of iterations has been exceeded.", "x": "[ 7.27193826  0.06890161  4.13387364  1.23189351 -0.46897318  2.49294526]", "final_simplex": "(array([[ 7.27193826,  0.06890161,  4.13387364,  1.23189351, -0.46897318,\n         2.49294526],\n       [ 6.89877512,  0.07145013,  3.99668509,  0.99299006, -0.25043835,\n         2.4436357 ],\n       [ 6.90212934,  0.0699557 ,  3.93726441,  0.96140615, -0.21375605,\n         2.49584746],\n       [ 6.75745176,  0.07244434,  3.80666993,  0.9282335 , -0.1759295 ,\n         2.40252603],\n       [ 7.13470141,  0.06935638,  4.24022444,  1.15242241, -0.41540016,\n         2.57758762],\n       [ 6.79297765,  0.07375883,  3.96055886,  0.95597628, -0.21436593,\n         2.46765933],\n       [ 6.95902513,  0.07186544,  4.1810905 ,  1.06568689, -0.34982045,\n         2.65055742]]), array([0.62172892, 0.6331927 , 0.63408632, 0.63427336, 0.63508136,\n       0.63581225, 0.63814765]))"}, "1": {"maxiter": 100, "fatol": 1e-05, "xatol": 1e-10, "duration": 0.027008056640625, "fun": "0.6217289232064831", "nit": "100", "nfev": "154", "status": "2", "success": "False", "message": "Maximum number of iterations has been exceeded.", "x": "[ 7.27193826  0.06890161  4.13387364  1.23189351 -0.46897318  2.49294526]", "final_simplex": "(array([[ 7.27193826,  0.06890161,  4.13387364,  1.23189351, -0.46897318,\n         2.49294526],\n       [ 6.89877512,  0.07145013,  3.99668509,  0.99299006, -0.25043835,\n         2.4436357 ],\n       [ 6.90212934,  0.0699557 ,  3.93726441,  0.96140615, -0.21375605,\n         2.49584746],\n       [ 6.75745176,  0.07244434,  3.80666993,  0.9282335 , -0.1759295 ,\n         2.40252603],\n       [ 7.13470141,  0.06935638,  4.24022444,  1.15242241, -0.41540016,\n         2.57758762],\n       [ 6.79297765,  0.07375883,  3.96055886,  0.95597628, -0.21436593,\n         2.46765933],\n       [ 6.95902513,  0.07186544,  4.1810905 ,  1.06568689, -0.34982045,\n         2.65055742]]), array([0.62172892, 0.6331927 , 0.63408632, 0.63427336, 0.63508136,\n       0.63581225, 0.63814765]))"}, "2": {"maxiter": 100, "fatol": 1e-10, "xatol": 1e-05, "duration": 0.026565074920654297, "fun": "0.6217289232064831", "nit": "100", "nfev": "154", "status": "2", "success": "False", "message": "Maximum number of iterations has been exceeded.", "x": "[ 7.27193826  0.06890161  4.13387364  1.23189351 -0.46897318  2.49294526]", "final_simplex": "(array([[ 7.27193826,  0.06890161,  4.13387364,  1.23189351, -0.46897318,\n         2.49294526],\n       [ 6.89877512,  0.07145013,  3.99668509,  0.99299006, -0.25043835,\n         2.4436357 ],\n       [ 6.90212934,  0.0699557 ,  3.93726441,  0.96140615, -0.21375605,\n         2.49584746],\n       [ 6.75745176,  0.07244434,  3.80666993,  0.9282335 , -0.1759295 ,\n         2.40252603],\n       [ 7.13470141,  0.06935638,  4.24022444,  1.15242241, -0.41540016,\n         2.57758762],\n       [ 6.79297765,  0.07375883,  3.96055886,  0.95597628, -0.21436593,\n         2.46765933],\n       [ 6.95902513,  0.07186544,  4.1810905 ,  1.06568689, -0.34982045,\n         2.65055742]]), array([0.62172892, 0.6331927 , 0.63408632, 0.63427336, 0.63508136,\n       0.63581225, 0.63814765]))"}, "3": {"maxiter": 100, "fatol": 1e-10, "xatol": 1e-10, "duration": 0.026372194290161133, "fun": "0.6217289232064831", "nit": "100", "nfev": "154", "status": "2", "success": "False", "message": "Maximum number of iterations has been exceeded.", "x": "[ 7.27193826  0.06890161  4.13387364  1.23189351 -0.46897318  2.49294526]", "final_simplex": "(array([[ 7.27193826,  0.06890161,  4.13387364,  1.23189351, -0.46897318,\n         2.49294526],\n       [ 6.89877512,  0.07145013,  3.99668509,  0.99299006, -0.25043835,\n         2.4436357 ],\n       [ 6.90212934,  0.0699557 ,  3.93726441,  0.96140615, -0.21375605,\n         2.49584746],\n       [ 6.75745176,  0.07244434,  3.80666993,  0.9282335 , -0.1759295 ,\n         2.40252603],\n       [ 7.13470141,  0.06935638,  4.24022444,  1.15242241, -0.41540016,\n         2.57758762],\n       [ 6.79297765,  0.07375883,  3.96055886,  0.95597628, -0.21436593,\n         2.46765933],\n       [ 6.95902513,  0.07186544,  4.1810905 ,  1.06568689, -0.34982045,\n         2.65055742]]), array([0.62172892, 0.6331927 , 0.63408632, 0.63427336, 0.63508136,\n       0.63581225, 0.63814765]))"}, "4": {"maxiter": 500, "fatol": 1e-05, "xatol": 1e-05, "duration": 0.12598490715026855, "fun": "0.3323560398351756", "nit": "500", "nfev": "739", "status": "2", "success": "False", "message": "Maximum number of iterations has been exceeded.", "x": "[ 7.468025    0.75262619  3.28994019  3.87896005 -2.2642543  -0.44406241]", "final_simplex": "(array([[ 7.468025  ,  0.75262619,  3.28994019,  3.87896005, -2.2642543 ,\n        -0.44406241],\n       [ 7.44233926,  0.68099154,  3.3679386 ,  3.94481467, -2.34498713,\n        -0.43848615],\n       [ 7.43359745,  0.71478658,  3.33784946,  3.95297834, -2.34279388,\n        -0.5152571 ],\n       [ 7.44534957,  0.76070547,  3.328873  ,  3.93825956, -2.23193923,\n        -0.34829289],\n       [ 7.44414447,  0.68941855,  3.36562361,  3.93083641, -2.30066358,\n        -0.44606752],\n       [ 7.49494918,  0.69186233,  3.31449979,  3.89116381, -2.22504593,\n        -0.35110849],\n       [ 7.50256094,  0.70761799,  3.36657938,  3.91103713, -2.20773068,\n        -0.39036605]]), array([0.33235604, 0.33452076, 0.3349174 , 0.33503608, 0.33553821,\n       0.33635322, 0.33658392]))"}, "5": {"maxiter": 500, "fatol": 1e-05, "xatol": 1e-10, "duration": 0.1261610984802246, "fun": "0.3323560398351756", "nit": "500", "nfev": "739", "status": "2", "success": "False", "message": "Maximum number of iterations has been exceeded.", "x": "[ 7.468025    0.75262619  3.28994019  3.87896005 -2.2642543  -0.44406241]", "final_simplex": "(array([[ 7.468025  ,  0.75262619,  3.28994019,  3.87896005, -2.2642543 ,\n        -0.44406241],\n       [ 7.44233926,  0.68099154,  3.3679386 ,  3.94481467, -2.34498713,\n        -0.43848615],\n       [ 7.43359745,  0.71478658,  3.33784946,  3.95297834, -2.34279388,\n        -0.5152571 ],\n       [ 7.44534957,  0.76070547,  3.328873  ,  3.93825956, -2.23193923,\n        -0.34829289],\n       [ 7.44414447,  0.68941855,  3.36562361,  3.93083641, -2.30066358,\n        -0.44606752],\n       [ 7.49494918,  0.69186233,  3.31449979,  3.89116381, -2.22504593,\n        -0.35110849],\n       [ 7.50256094,  0.70761799,  3.36657938,  3.91103713, -2.20773068,\n        -0.39036605]]), array([0.33235604, 0.33452076, 0.3349174 , 0.33503608, 0.33553821,\n       0.33635322, 0.33658392]))"}, "6": {"maxiter": 500, "fatol": 1e-10, "xatol": 1e-05, "duration": 0.1265099048614502, "fun": "0.3323560398351756", "nit": "500", "nfev": "739", "status": "2", "success": "False", "message": "Maximum number of iterations has been exceeded.", "x": "[ 7.468025    0.75262619  3.28994019  3.87896005 -2.2642543  -0.44406241]", "final_simplex": "(array([[ 7.468025  ,  0.75262619,  3.28994019,  3.87896005, -2.2642543 ,\n        -0.44406241],\n       [ 7.44233926,  0.68099154,  3.3679386 ,  3.94481467, -2.34498713,\n        -0.43848615],\n       [ 7.43359745,  0.71478658,  3.33784946,  3.95297834, -2.34279388,\n        -0.5152571 ],\n       [ 7.44534957,  0.76070547,  3.328873  ,  3.93825956, -2.23193923,\n        -0.34829289],\n       [ 7.44414447,  0.68941855,  3.36562361,  3.93083641, -2.30066358,\n        -0.44606752],\n       [ 7.49494918,  0.69186233,  3.31449979,  3.89116381, -2.22504593,\n        -0.35110849],\n       [ 7.50256094,  0.70761799,  3.36657938,  3.91103713, -2.20773068,\n        -0.39036605]]), array([0.33235604, 0.33452076, 0.3349174 , 0.33503608, 0.33553821,\n       0.33635322, 0.33658392]))"}, "7": {"maxiter": 500, "fatol": 1e-10, "xatol": 1e-10, "duration": 0.12618303298950195, "fun": "0.3323560398351756", "nit": "500", "nfev": "739", "status": "2", "success": "False", "message": "Maximum number of iterations has been exceeded.", "x": "[ 7.468025    0.75262619  3.28994019  3.87896005 -2.2642543  -0.44406241]", "final_simplex": "(array([[ 7.468025  ,  0.75262619,  3.28994019,  3.87896005, -2.2642543 ,\n        -0.44406241],\n       [ 7.44233926,  0.68099154,  3.3679386 ,  3.94481467, -2.34498713,\n        -0.43848615],\n       [ 7.43359745,  0.71478658,  3.33784946,  3.95297834, -2.34279388,\n        -0.5152571 ],\n       [ 7.44534957,  0.76070547,  3.328873  ,  3.93825956, -2.23193923,\n        -0.34829289],\n       [ 7.44414447,  0.68941855,  3.36562361,  3.93083641, -2.30066358,\n        -0.44606752],\n       [ 7.49494918,  0.69186233,  3.31449979,  3.89116381, -2.22504593,\n        -0.35110849],\n       [ 7.50256094,  0.70761799,  3.36657938,  3.91103713, -2.20773068,\n        -0.39036605]]), array([0.33235604, 0.33452076, 0.3349174 , 0.33503608, 0.33553821,\n       0.33635322, 0.33658392]))"}, "8": {"maxiter": 1000, "fatol": 1e-05, "xatol": 1e-05, "duration": 0.19683599472045898, "fun": "0.3191369593031823", "nit": "771", "nfev": "1154", "status": "0", "success": "True", "message": "Optimization terminated successfully.", "x": "[ 7.59256762  0.8619818   3.32338551  3.75238408 -2.51273458 -0.56590097]", "final_simplex": "(array([[ 7.59256762,  0.8619818 ,  3.32338551,  3.75238408, -2.51273458,\n        -0.56590097],\n       [ 7.59256851,  0.8619842 ,  3.32337792,  3.7523845 , -2.51272732,\n        -0.56589637],\n       [ 7.59257297,  0.86198134,  3.32338104,  3.75238309, -2.51273088,\n        -0.56589327],\n       [ 7.59257169,  0.86198398,  3.32337989,  3.75238102, -2.5127431 ,\n        -0.56590803],\n       [ 7.59257095,  0.86197859,  3.32338302,  3.75237501, -2.51273386,\n        -0.56589836],\n       [ 7.59257311,  0.86198611,  3.32338526,  3.7523818 , -2.51273502,\n        -0.56590377],\n       [ 7.59256704,  0.86197492,  3.32338355,  3.75238372, -2.51272528,\n        -0.56589328]]), array([0.31913696, 0.31913696, 0.31913696, 0.31913696, 0.31913696,\n       0.31913696, 0.31913696]))"}, "9": {"maxiter": 1000, "fatol": 1e-05, "xatol": 1e-10, "duration": 0.24429082870483398, "fun": "0.31913695930003616", "nit": "919", "nfev": "1443", "status": "0", "success": "True", "message": "Optimization terminated successfully.", "x": "[ 7.59256916  0.8619817   3.32338216  3.75238265 -2.51273243 -0.56589821]", "final_simplex": "(array([[ 7.59256916,  0.8619817 ,  3.32338216,  3.75238265, -2.51273243,\n        -0.56589821],\n       [ 7.59256916,  0.8619817 ,  3.32338216,  3.75238265, -2.51273243,\n        -0.56589821],\n       [ 7.59256916,  0.8619817 ,  3.32338216,  3.75238265, -2.51273243,\n        -0.56589821],\n       [ 7.59256916,  0.8619817 ,  3.32338216,  3.75238265, -2.51273243,\n        -0.56589821],\n       [ 7.59256916,  0.8619817 ,  3.32338216,  3.75238265, -2.51273243,\n        -0.56589821],\n       [ 7.59256916,  0.8619817 ,  3.32338216,  3.75238265, -2.51273243,\n        -0.56589821],\n       [ 7.59256916,  0.8619817 ,  3.32338216,  3.75238265, -2.51273243,\n        -0.56589821]]), array([0.31913696, 0.31913696, 0.31913696, 0.31913696, 0.31913696,\n       0.31913696, 0.31913696]))"}, "10": {"maxiter": 1000, "fatol": 1e-10, "xatol": 1e-05, "duration": 0.1950671672821045, "fun": "0.3191369593031823", "nit": "771", "nfev": "1154", "status": "0", "success": "True", "message": "Optimization terminated successfully.", "x": "[ 7.59256762  0.8619818   3.32338551  3.75238408 -2.51273458 -0.56590097]", "final_simplex": "(array([[ 7.59256762,  0.8619818 ,  3.32338551,  3.75238408, -2.51273458,\n        -0.56590097],\n       [ 7.59256851,  0.8619842 ,  3.32337792,  3.7523845 , -2.51272732,\n        -0.56589637],\n       [ 7.59257297,  0.86198134,  3.32338104,  3.75238309, -2.51273088,\n        -0.56589327],\n       [ 7.59257169,  0.86198398,  3.32337989,  3.75238102, -2.5127431 ,\n        -0.56590803],\n       [ 7.59257095,  0.86197859,  3.32338302,  3.75237501, -2.51273386,\n        -0.56589836],\n       [ 7.59257311,  0.86198611,  3.32338526,  3.7523818 , -2.51273502,\n        -0.56590377],\n       [ 7.59256704,  0.86197492,  3.32338355,  3.75238372, -2.51272528,\n        -0.56589328]]), array([0.31913696, 0.31913696, 0.31913696, 0.31913696, 0.31913696,\n       0.31913696, 0.31913696]))"}, "11": {"maxiter": 1000, "fatol": 1e-10, "xatol": 1e-10, "duration": 0.24705982208251953, "fun": "0.31913695930003616", "nit": "919", "nfev": "1443", "status": "0", "success": "True", "message": "Optimization terminated successfully.", "x": "[ 7.59256916  0.8619817   3.32338216  3.75238265 -2.51273243 -0.56589821]", "final_simplex": "(array([[ 7.59256916,  0.8619817 ,  3.32338216,  3.75238265, -2.51273243,\n        -0.56589821],\n       [ 7.59256916,  0.8619817 ,  3.32338216,  3.75238265, -2.51273243,\n        -0.56589821],\n       [ 7.59256916,  0.8619817 ,  3.32338216,  3.75238265, -2.51273243,\n        -0.56589821],\n       [ 7.59256916,  0.8619817 ,  3.32338216,  3.75238265, -2.51273243,\n        -0.56589821],\n       [ 7.59256916,  0.8619817 ,  3.32338216,  3.75238265, -2.51273243,\n        -0.56589821],\n       [ 7.59256916,  0.8619817 ,  3.32338216,  3.75238265, -2.51273243,\n        -0.56589821],\n       [ 7.59256916,  0.8619817 ,  3.32338216,  3.75238265, -2.51273243,\n        -0.56589821]]), array([0.31913696, 0.31913696, 0.31913696, 0.31913696, 0.31913696,\n       0.31913696, 0.31913696]))"}}, "bfgs": {"type": "gradient", "0": {"maxiter": 100, "gtol": 1e-05, "xrtol": 1e-05, "eps": 1e-05, "duration": 0.0281980037689209, "fun": "0.3191369593900002", "jac": "[-3.41866535e-06 -1.15395471e-06 -1.95770067e-06  4.10892431e-06\n -6.24067464e-07  2.70861111e-06]", "hess_inv": "[[ 3.06925644  0.45933665 -0.19046194  1.41338762  0.29637695  0.16808756]\n [ 0.45933665  3.66043321 -1.1814128   0.37690459  1.64362773  0.86852098]\n [-0.19046194 -1.1814128   3.36172748 -0.27038385  0.05886     1.31903001]\n [ 1.41338762  0.37690459 -0.27038385  3.40313147  0.12125954 -0.25058013]\n [ 0.29637695  1.64362773  0.05886     0.12125954  9.36753     7.81245383]\n [ 0.16808756  0.86852098  1.31903001 -0.25058013  7.81245383  9.75014134]]", "nfev": "161", "njev": "23", "status": "0", "success": "True", "message": "Optimization terminated successfully.", "x": "[7.59255355 0.86197197 3.32337258 2.53080522 0.62883744 2.57567712]", "nit": "19"}, "1": {"maxiter": 100, "gtol": 1e-05, "xrtol": 1e-05, "eps": 1e-10, "duration": 0.027903079986572266, "fun": "0.31913695941040787", "jac": "[-5.55111466e-06 -3.33066880e-06 -5.55111466e-06  3.33066880e-06\n  0.00000000e+00  3.33066880e-06]", "hess_inv": "[[ 3.0190949   0.42750595 -0.20396706  1.35899546  0.31985368  0.19588723]\n [ 0.42750595  3.62332519 -1.17504651  0.3355837   1.63174504  0.89840961]\n [-0.20396706 -1.17504651  3.32259055 -0.29220952  0.04261174  1.34286084]\n [ 1.35899546  0.3355837  -0.29220952  3.36319133  0.09935749 -0.27677616]\n [ 0.31985368  1.63174504  0.04261174  0.09935749  9.27546892  7.73782941]\n [ 0.19588723  0.89840961  1.34286084 -0.27677616  7.73782941  9.67596309]]", "nfev": "161", "njev": "23", "status": "0", "success": "True", "message": "Optimization terminated successfully.", "x": "[7.59255681 0.86197171 3.32337203 2.53081099 0.62886538 2.57570615]", "nit": "19"}, "2": {"maxiter": 100, "gtol": 1e-05, "xrtol": 1e-10, "eps": 1e-05, "duration": 0.027990102767944336, "fun": "0.3191369593900002", "jac": "[-3.41866535e-06 -1.15395471e-06 -1.95770067e-06  4.10892431e-06\n -6.24067464e-07  2.70861111e-06]", "hess_inv": "[[ 3.06925644  0.45933665 -0.19046194  1.41338762  0.29637695  0.16808756]\n [ 0.45933665  3.66043321 -1.1814128   0.37690459  1.64362773  0.86852098]\n [-0.19046194 -1.1814128   3.36172748 -0.27038385  0.05886     1.31903001]\n [ 1.41338762  0.37690459 -0.27038385  3.40313147  0.12125954 -0.25058013]\n [ 0.29637695  1.64362773  0.05886     0.12125954  9.36753     7.81245383]\n [ 0.16808756  0.86852098  1.31903001 -0.25058013  7.81245383  9.75014134]]", "nfev": "161", "njev": "23", "status": "0", "success": "True", "message": "Optimization terminated successfully.", "x": "[7.59255355 0.86197197 3.32337258 2.53080522 0.62883744 2.57567712]", "nit": "19"}, "3": {"maxiter": 100, "gtol": 1e-05, "xrtol": 1e-10, "eps": 1e-10, "duration": 0.027935028076171875, "fun": "0.31913695941040787", "jac": "[-5.55111466e-06 -3.33066880e-06 -5.55111466e-06  3.33066880e-06\n  0.00000000e+00  3.33066880e-06]", "hess_inv": "[[ 3.0190949   0.42750595 -0.20396706  1.35899546  0.31985368  0.19588723]\n [ 0.42750595  3.62332519 -1.17504651  0.3355837   1.63174504  0.89840961]\n [-0.20396706 -1.17504651  3.32259055 -0.29220952  0.04261174  1.34286084]\n [ 1.35899546  0.3355837  -0.29220952  3.36319133  0.09935749 -0.27677616]\n [ 0.31985368  1.63174504  0.04261174  0.09935749  9.27546892  7.73782941]\n [ 0.19588723  0.89840961  1.34286084 -0.27677616  7.73782941  9.67596309]]", "nfev": "161", "njev": "23", "status": "0", "success": "True", "message": "Optimization terminated successfully.", "x": "[7.59255681 0.86197171 3.32337203 2.53081099 0.62886538 2.57570615]", "nit": "19"}, "4": {"maxiter": 100, "gtol": 1e-10, "xrtol": 1e-05, "eps": 1e-05, "duration": 0.030285120010375977, "fun": "0.31913695938152287", "jac": "[-2.58039146e-06 -8.50308712e-07 -1.48724366e-06  3.04606340e-06\n -5.44730927e-07  1.98527861e-06]", "hess_inv": "[[ 3.06206710e+00  4.31594974e-01 -1.99682029e-01  1.40961720e+00\n   2.02192779e-01  3.18123621e-02]\n [ 4.31594974e-01  3.63681185e+00 -1.19876543e+00  4.15678560e-01\n   1.63612910e+00  8.47103858e-01]\n [-1.99682029e-01 -1.19876543e+00  3.35388446e+00 -2.63570419e-01\n   1.58283759e-02  1.25445897e+00]\n [ 1.40961720e+00  4.15678560e-01 -2.63570419e-01  3.43523623e+00\n   2.99364094e-01  3.65321487e-04]\n [ 2.02192779e-01  1.63612910e+00  1.58283759e-02  2.99364094e-01\n   9.65222847e+00  8.17929957e+00]\n [ 3.18123621e-02  8.47103858e-01  1.25445897e+00  3.65321487e-04\n   8.17929957e+00  1.02170361e+01]]", "nfev": "175", "njev": "25", "status": "0", "success": "True", "message": "Optimization terminated successfully.", "x": "[7.59255498 0.86197207 3.32337323 2.5308025  0.62883307 2.57567147]", "nit": "20"}, "5": {"maxiter": 100, "gtol": 1e-10, "xrtol": 1e-05, "eps": 1e-10, "duration": 0.02907705307006836, "fun": "0.31913695931960506", "jac": "[-1.11022293e-06 -1.11022293e-06  0.00000000e+00  2.22044587e-06\n -1.11022293e-06  0.00000000e+00]", "hess_inv": "[[ 2.99576533  0.37400876 -0.23098215  1.354331    0.17714978 -0.02387996]\n [ 0.37400876  3.58149686 -1.223706    0.34427059  1.61965611  0.84885863]\n [-0.23098215 -1.223706    3.29349208 -0.29442481 -0.07083438  1.16306661]\n [ 1.354331    0.34427059 -0.29442481  3.36690583  0.1463822  -0.21177344]\n [ 0.17714978  1.61965611 -0.07083438  0.1463822   9.63103554  8.16482747]\n [-0.02387996  0.84885863  1.16306661 -0.21177344  8.16482747 10.15968594]]", "nfev": "168", "njev": "24", "status": "0", "success": "True", "message": "Optimization terminated successfully.", "x": "[7.59256897 0.86197495 3.32338206 2.53080751 0.62884368 2.57568216]", "nit": "20"}, "6": {"maxiter": 100, "gtol": 1e-10, "xrtol": 1e-10, "eps": 1e-05, "duration": 0.07624697685241699, "fun": "0.3191369593763046", "jac": "[-1.32140965e-06 -4.24071889e-07 -7.61335439e-07  1.54534163e-06\n -2.97950553e-07  1.01086917e-06]", "hess_inv": "[[ 3.1971428   0.46041851 -0.12003004  1.25721065  0.1728096  -0.09640259]\n [ 0.46041851  3.64024419 -1.18411147  0.37114728  1.58395645  0.77104866]\n [-0.12003004 -1.18411147  3.39879191 -0.36426719 -0.0425559   1.13536074]\n [ 1.25721065  0.37114728 -0.36426719  3.54881995  0.11296231 -0.08718372]\n [ 0.1728096   1.58395645 -0.0425559   0.11296231  8.83069786  7.33109759]\n [-0.09640259  0.77104866  1.13536074 -0.08718372  7.33109759  9.41158328]]", "nfev": "445", "njev": "62", "status": "2", "success": "False", "message": "Desired error not necessarily achieved due to precision loss.", "x": "[7.59255735 0.86197242 3.32337446 2.53079876 0.62882875 2.57566524]", "nit": "22"}, "7": {"maxiter": 100, "gtol": 1e-10, "xrtol": 1e-10, "eps": 1e-10, "duration": 0.07892799377441406, "fun": "0.3191369593026435", "jac": "[0.00000000e+00 1.11022293e-06 1.11022293e-06 0.00000000e+00\n 0.00000000e+00 0.00000000e+00]", "hess_inv": "[[ 0.17242413 -0.08340879  0.11168051 -0.36538281 -0.75898124 -0.28690134]\n [-0.08340879  0.0554952  -0.05537719  0.17346977  0.35251344  0.13878002]\n [ 0.11168051 -0.05537719  0.09460188 -0.26648891 -0.54105179 -0.20564906]\n [-0.36538281  0.17346977 -0.26648891  0.84724068  1.70839985  0.66278713]\n [-0.75898124  0.35251344 -0.54105179  1.70839985  3.56333718  1.32832895]\n [-0.28690134  0.13878002 -0.20564906  0.66278713  1.32832895  0.54176032]]", "nfev": "455", "njev": "65", "status": "0", "success": "True", "message": "Optimization terminated successfully.", "x": "[7.59257048 0.86198359 3.32338289 2.53080044 0.62886211 2.57569428]", "nit": "36"}, "8": {"maxiter": 500, "gtol": 1e-05, "xrtol": 1e-05, "eps": 1e-05, "duration": 0.02802872657775879, "fun": "0.3191369593900002", "jac": "[-3.41866535e-06 -1.15395471e-06 -1.95770067e-06  4.10892431e-06\n -6.24067464e-07  2.70861111e-06]", "hess_inv": "[[ 3.06925644  0.45933665 -0.19046194  1.41338762  0.29637695  0.16808756]\n [ 0.45933665  3.66043321 -1.1814128   0.37690459  1.64362773  0.86852098]\n [-0.19046194 -1.1814128   3.36172748 -0.27038385  0.05886     1.31903001]\n [ 1.41338762  0.37690459 -0.27038385  3.40313147  0.12125954 -0.25058013]\n [ 0.29637695  1.64362773  0.05886     0.12125954  9.36753     7.81245383]\n [ 0.16808756  0.86852098  1.31903001 -0.25058013  7.81245383  9.75014134]]", "nfev": "161", "njev": "23", "status": "0", "success": "True", "message": "Optimization terminated successfully.", "x": "[7.59255355 0.86197197 3.32337258 2.53080522 0.62883744 2.57567712]", "nit": "19"}, "9": {"maxiter": 500, "gtol": 1e-05, "xrtol": 1e-05, "eps": 1e-10, "duration": 0.028069019317626953, "fun": "0.31913695941040787", "jac": "[-5.55111466e-06 -3.33066880e-06 -5.55111466e-06  3.33066880e-06\n  0.00000000e+00  3.33066880e-06]", "hess_inv": "[[ 3.0190949   0.42750595 -0.20396706  1.35899546  0.31985368  0.19588723]\n [ 0.42750595  3.62332519 -1.17504651  0.3355837   1.63174504  0.89840961]\n [-0.20396706 -1.17504651  3.32259055 -0.29220952  0.04261174  1.34286084]\n [ 1.35899546  0.3355837  -0.29220952  3.36319133  0.09935749 -0.27677616]\n [ 0.31985368  1.63174504  0.04261174  0.09935749  9.27546892  7.73782941]\n [ 0.19588723  0.89840961  1.34286084 -0.27677616  7.73782941  9.67596309]]", "nfev": "161", "njev": "23", "status": "0", "success": "True", "message": "Optimization terminated successfully.", "x": "[7.59255681 0.86197171 3.32337203 2.53081099 0.62886538 2.57570615]", "nit": "19"}, "10": {"maxiter": 500, "gtol": 1e-05, "xrtol": 1e-10, "eps": 1e-05, "duration": 0.028199195861816406, "fun": "0.3191369593900002", "jac": "[-3.41866535e-06 -1.15395471e-06 -1.95770067e-06  4.10892431e-06\n -6.24067464e-07  2.70861111e-06]", "hess_inv": "[[ 3.06925644  0.45933665 -0.19046194  1.41338762  0.29637695  0.16808756]\n [ 0.45933665  3.66043321 -1.1814128   0.37690459  1.64362773  0.86852098]\n [-0.19046194 -1.1814128   3.36172748 -0.27038385  0.05886     1.31903001]\n [ 1.41338762  0.37690459 -0.27038385  3.40313147  0.12125954 -0.25058013]\n [ 0.29637695  1.64362773  0.05886     0.12125954  9.36753     7.81245383]\n [ 0.16808756  0.86852098  1.31903001 -0.25058013  7.81245383  9.75014134]]", "nfev": "161", "njev": "23", "status": "0", "success": "True", "message": "Optimization terminated successfully.", "x": "[7.59255355 0.86197197 3.32337258 2.53080522 0.62883744 2.57567712]", "nit": "19"}, "11": {"maxiter": 500, "gtol": 1e-05, "xrtol": 1e-10, "eps": 1e-10, "duration": 0.02823495864868164, "fun": "0.31913695941040787", "jac": "[-5.55111466e-06 -3.33066880e-06 -5.55111466e-06  3.33066880e-06\n  0.00000000e+00  3.33066880e-06]", "hess_inv": "[[ 3.0190949   0.42750595 -0.20396706  1.35899546  0.31985368  0.19588723]\n [ 0.42750595  3.62332519 -1.17504651  0.3355837   1.63174504  0.89840961]\n [-0.20396706 -1.17504651  3.32259055 -0.29220952  0.04261174  1.34286084]\n [ 1.35899546  0.3355837  -0.29220952  3.36319133  0.09935749 -0.27677616]\n [ 0.31985368  1.63174504  0.04261174  0.09935749  9.27546892  7.73782941]\n [ 0.19588723  0.89840961  1.34286084 -0.27677616  7.73782941  9.67596309]]", "nfev": "161", "njev": "23", "status": "0", "success": "True", "message": "Optimization terminated successfully.", "x": "[7.59255681 0.86197171 3.32337203 2.53081099 0.62886538 2.57570615]", "nit": "19"}, "12": {"maxiter": 500, "gtol": 1e-10, "xrtol": 1e-05, "eps": 1e-05, "duration": 0.030704736709594727, "fun": "0.31913695938152287", "jac": "[-2.58039146e-06 -8.50308712e-07 -1.48724366e-06  3.04606340e-06\n -5.44730927e-07  1.98527861e-06]", "hess_inv": "[[ 3.06206710e+00  4.31594974e-01 -1.99682029e-01  1.40961720e+00\n   2.02192779e-01  3.18123621e-02]\n [ 4.31594974e-01  3.63681185e+00 -1.19876543e+00  4.15678560e-01\n   1.63612910e+00  8.47103858e-01]\n [-1.99682029e-01 -1.19876543e+00  3.35388446e+00 -2.63570419e-01\n   1.58283759e-02  1.25445897e+00]\n [ 1.40961720e+00  4.15678560e-01 -2.63570419e-01  3.43523623e+00\n   2.99364094e-01  3.65321487e-04]\n [ 2.02192779e-01  1.63612910e+00  1.58283759e-02  2.99364094e-01\n   9.65222847e+00  8.17929957e+00]\n [ 3.18123621e-02  8.47103858e-01  1.25445897e+00  3.65321487e-04\n   8.17929957e+00  1.02170361e+01]]", "nfev": "175", "njev": "25", "status": "0", "success": "True", "message": "Optimization terminated successfully.", "x": "[7.59255498 0.86197207 3.32337323 2.5308025  0.62883307 2.57567147]", "nit": "20"}, "13": {"maxiter": 500, "gtol": 1e-10, "xrtol": 1e-05, "eps": 1e-10, "duration": 0.02939009666442871, "fun": "0.31913695931960506", "jac": "[-1.11022293e-06 -1.11022293e-06  0.00000000e+00  2.22044587e-06\n -1.11022293e-06  0.00000000e+00]", "hess_inv": "[[ 2.99576533  0.37400876 -0.23098215  1.354331    0.17714978 -0.02387996]\n [ 0.37400876  3.58149686 -1.223706    0.34427059  1.61965611  0.84885863]\n [-0.23098215 -1.223706    3.29349208 -0.29442481 -0.07083438  1.16306661]\n [ 1.354331    0.34427059 -0.29442481  3.36690583  0.1463822  -0.21177344]\n [ 0.17714978  1.61965611 -0.07083438  0.1463822   9.63103554  8.16482747]\n [-0.02387996  0.84885863  1.16306661 -0.21177344  8.16482747 10.15968594]]", "nfev": "168", "njev": "24", "status": "0", "success": "True", "message": "Optimization terminated successfully.", "x": "[7.59256897 0.86197495 3.32338206 2.53080751 0.62884368 2.57568216]", "nit": "20"}, "14": {"maxiter": 500, "gtol": 1e-10, "xrtol": 1e-10, "eps": 1e-05, "duration": 0.07721495628356934, "fun": "0.3191369593763046", "jac": "[-1.32140965e-06 -4.24071889e-07 -7.61335439e-07  1.54534163e-06\n -2.97950553e-07  1.01086917e-06]", "hess_inv": "[[ 3.1971428   0.46041851 -0.12003004  1.25721065  0.1728096  -0.09640259]\n [ 0.46041851  3.64024419 -1.18411147  0.37114728  1.58395645  0.77104866]\n [-0.12003004 -1.18411147  3.39879191 -0.36426719 -0.0425559   1.13536074]\n [ 1.25721065  0.37114728 -0.36426719  3.54881995  0.11296231 -0.08718372]\n [ 0.1728096   1.58395645 -0.0425559   0.11296231  8.83069786  7.33109759]\n [-0.09640259  0.77104866  1.13536074 -0.08718372  7.33109759  9.41158328]]", "nfev": "445", "njev": "62", "status": "2", "success": "False", "message": "Desired error not necessarily achieved due to precision loss.", "x": "[7.59255735 0.86197242 3.32337446 2.53079876 0.62882875 2.57566524]", "nit": "22"}, "15": {"maxiter": 500, "gtol": 1e-10, "xrtol": 1e-10, "eps": 1e-10, "duration": 0.07837486267089844, "fun": "0.3191369593026435", "jac": "[0.00000000e+00 1.11022293e-06 1.11022293e-06 0.00000000e+00\n 0.00000000e+00 0.00000000e+00]", "hess_inv": "[[ 0.17242413 -0.08340879  0.11168051 -0.36538281 -0.75898124 -0.28690134]\n [-0.08340879  0.0554952  -0.05537719  0.17346977  0.35251344  0.13878002]\n [ 0.11168051 -0.05537719  0.09460188 -0.26648891 -0.54105179 -0.20564906]\n [-0.36538281  0.17346977 -0.26648891  0.84724068  1.70839985  0.66278713]\n [-0.75898124  0.35251344 -0.54105179  1.70839985  3.56333718  1.32832895]\n [-0.28690134  0.13878002 -0.20564906  0.66278713  1.32832895  0.54176032]]", "nfev": "455", "njev": "65", "status": "0", "success": "True", "message": "Optimization terminated successfully.", "x": "[7.59257048 0.86198359 3.32338289 2.53080044 0.62886211 2.57569428]", "nit": "36"}, "16": {"maxiter": 1000, "gtol": 1e-05, "xrtol": 1e-05, "eps": 1e-05, "duration": 0.027915000915527344, "fun": "0.3191369593900002", "jac": "[-3.41866535e-06 -1.15395471e-06 -1.95770067e-06  4.10892431e-06\n -6.24067464e-07  2.70861111e-06]", "hess_inv": "[[ 3.06925644  0.45933665 -0.19046194  1.41338762  0.29637695  0.16808756]\n [ 0.45933665  3.66043321 -1.1814128   0.37690459  1.64362773  0.86852098]\n [-0.19046194 -1.1814128   3.36172748 -0.27038385  0.05886     1.31903001]\n [ 1.41338762  0.37690459 -0.27038385  3.40313147  0.12125954 -0.25058013]\n [ 0.29637695  1.64362773  0.05886     0.12125954  9.36753     7.81245383]\n [ 0.16808756  0.86852098  1.31903001 -0.25058013  7.81245383  9.75014134]]", "nfev": "161", "njev": "23", "status": "0", "success": "True", "message": "Optimization terminated successfully.", "x": "[7.59255355 0.86197197 3.32337258 2.53080522 0.62883744 2.57567712]", "nit": "19"}, "17": {"maxiter": 1000, "gtol": 1e-05, "xrtol": 1e-05, "eps": 1e-10, "duration": 0.027867794036865234, "fun": "0.31913695941040787", "jac": "[-5.55111466e-06 -3.33066880e-06 -5.55111466e-06  3.33066880e-06\n  0.00000000e+00  3.33066880e-06]", "hess_inv": "[[ 3.0190949   0.42750595 -0.20396706  1.35899546  0.31985368  0.19588723]\n [ 0.42750595  3.62332519 -1.17504651  0.3355837   1.63174504  0.89840961]\n [-0.20396706 -1.17504651  3.32259055 -0.29220952  0.04261174  1.34286084]\n [ 1.35899546  0.3355837  -0.29220952  3.36319133  0.09935749 -0.27677616]\n [ 0.31985368  1.63174504  0.04261174  0.09935749  9.27546892  7.73782941]\n [ 0.19588723  0.89840961  1.34286084 -0.27677616  7.73782941  9.67596309]]", "nfev": "161", "njev": "23", "status": "0", "success": "True", "message": "Optimization terminated successfully.", "x": "[7.59255681 0.86197171 3.32337203 2.53081099 0.62886538 2.57570615]", "nit": "19"}, "18": {"maxiter": 1000, "gtol": 1e-05, "xrtol": 1e-10, "eps": 1e-05, "duration": 0.027894020080566406, "fun": "0.3191369593900002", "jac": "[-3.41866535e-06 -1.15395471e-06 -1.95770067e-06  4.10892431e-06\n -6.24067464e-07  2.70861111e-06]", "hess_inv": "[[ 3.06925644  0.45933665 -0.19046194  1.41338762  0.29637695  0.16808756]\n [ 0.45933665  3.66043321 -1.1814128   0.37690459  1.64362773  0.86852098]\n [-0.19046194 -1.1814128   3.36172748 -0.27038385  0.05886     1.31903001]\n [ 1.41338762  0.37690459 -0.27038385  3.40313147  0.12125954 -0.25058013]\n [ 0.29637695  1.64362773  0.05886     0.12125954  9.36753     7.81245383]\n [ 0.16808756  0.86852098  1.31903001 -0.25058013  7.81245383  9.75014134]]", "nfev": "161", "njev": "23", "status": "0", "success": "True", "message": "Optimization terminated successfully.", "x": "[7.59255355 0.86197197 3.32337258 2.53080522 0.62883744 2.57567712]", "nit": "19"}, "19": {"maxiter": 1000, "gtol": 1e-05, "xrtol": 1e-10, "eps": 1e-10, "duration": 0.027905941009521484, "fun": "0.31913695941040787", "jac": "[-5.55111466e-06 -3.33066880e-06 -5.55111466e-06  3.33066880e-06\n  0.00000000e+00  3.33066880e-06]", "hess_inv": "[[ 3.0190949   0.42750595 -0.20396706  1.35899546  0.31985368  0.19588723]\n [ 0.42750595  3.62332519 -1.17504651  0.3355837   1.63174504  0.89840961]\n [-0.20396706 -1.17504651  3.32259055 -0.29220952  0.04261174  1.34286084]\n [ 1.35899546  0.3355837  -0.29220952  3.36319133  0.09935749 -0.27677616]\n [ 0.31985368  1.63174504  0.04261174  0.09935749  9.27546892  7.73782941]\n [ 0.19588723  0.89840961  1.34286084 -0.27677616  7.73782941  9.67596309]]", "nfev": "161", "njev": "23", "status": "0", "success": "True", "message": "Optimization terminated successfully.", "x": "[7.59255681 0.86197171 3.32337203 2.53081099 0.62886538 2.57570615]", "nit": "19"}, "20": {"maxiter": 1000, "gtol": 1e-10, "xrtol": 1e-05, "eps": 1e-05, "duration": 0.03040003776550293, "fun": "0.31913695938152287", "jac": "[-2.58039146e-06 -8.50308712e-07 -1.48724366e-06  3.04606340e-06\n -5.44730927e-07  1.98527861e-06]", "hess_inv": "[[ 3.06206710e+00  4.31594974e-01 -1.99682029e-01  1.40961720e+00\n   2.02192779e-01  3.18123621e-02]\n [ 4.31594974e-01  3.63681185e+00 -1.19876543e+00  4.15678560e-01\n   1.63612910e+00  8.47103858e-01]\n [-1.99682029e-01 -1.19876543e+00  3.35388446e+00 -2.63570419e-01\n   1.58283759e-02  1.25445897e+00]\n [ 1.40961720e+00  4.15678560e-01 -2.63570419e-01  3.43523623e+00\n   2.99364094e-01  3.65321487e-04]\n [ 2.02192779e-01  1.63612910e+00  1.58283759e-02  2.99364094e-01\n   9.65222847e+00  8.17929957e+00]\n [ 3.18123621e-02  8.47103858e-01  1.25445897e+00  3.65321487e-04\n   8.17929957e+00  1.02170361e+01]]", "nfev": "175", "njev": "25", "status": "0", "success": "True", "message": "Optimization terminated successfully.", "x": "[7.59255498 0.86197207 3.32337323 2.5308025  0.62883307 2.57567147]", "nit": "20"}, "21": {"maxiter": 1000, "gtol": 1e-10, "xrtol": 1e-05, "eps": 1e-10, "duration": 0.029083251953125, "fun": "0.31913695931960506", "jac": "[-1.11022293e-06 -1.11022293e-06  0.00000000e+00  2.22044587e-06\n -1.11022293e-06  0.00000000e+00]", "hess_inv": "[[ 2.99576533  0.37400876 -0.23098215  1.354331    0.17714978 -0.02387996]\n [ 0.37400876  3.58149686 -1.223706    0.34427059  1.61965611  0.84885863]\n [-0.23098215 -1.223706    3.29349208 -0.29442481 -0.07083438  1.16306661]\n [ 1.354331    0.34427059 -0.29442481  3.36690583  0.1463822  -0.21177344]\n [ 0.17714978  1.61965611 -0.07083438  0.1463822   9.63103554  8.16482747]\n [-0.02387996  0.84885863  1.16306661 -0.21177344  8.16482747 10.15968594]]", "nfev": "168", "njev": "24", "status": "0", "success": "True", "message": "Optimization terminated successfully.", "x": "[7.59256897 0.86197495 3.32338206 2.53080751 0.62884368 2.57568216]", "nit": "20"}, "22": {"maxiter": 1000, "gtol": 1e-10, "xrtol": 1e-10, "eps": 1e-05, "duration": 0.07606697082519531, "fun": "0.3191369593763046", "jac": "[-1.32140965e-06 -4.24071889e-07 -7.61335439e-07  1.54534163e-06\n -2.97950553e-07  1.01086917e-06]", "hess_inv": "[[ 3.1971428   0.46041851 -0.12003004  1.25721065  0.1728096  -0.09640259]\n [ 0.46041851  3.64024419 -1.18411147  0.37114728  1.58395645  0.77104866]\n [-0.12003004 -1.18411147  3.39879191 -0.36426719 -0.0425559   1.13536074]\n [ 1.25721065  0.37114728 -0.36426719  3.54881995  0.11296231 -0.08718372]\n [ 0.1728096   1.58395645 -0.0425559   0.11296231  8.83069786  7.33109759]\n [-0.09640259  0.77104866  1.13536074 -0.08718372  7.33109759  9.41158328]]", "nfev": "445", "njev": "62", "status": "2", "success": "False", "message": "Desired error not necessarily achieved due to precision loss.", "x": "[7.59255735 0.86197242 3.32337446 2.53079876 0.62882875 2.57566524]", "nit": "22"}, "23": {"maxiter": 1000, "gtol": 1e-10, "xrtol": 1e-10, "eps": 1e-10, "duration": 0.07803201675415039, "fun": "0.3191369593026435", "jac": "[0.00000000e+00 1.11022293e-06 1.11022293e-06 0.00000000e+00\n 0.00000000e+00 0.00000000e+00]", "hess_inv": "[[ 0.17242413 -0.08340879  0.11168051 -0.36538281 -0.75898124 -0.28690134]\n [-0.08340879  0.0554952  -0.05537719  0.17346977  0.35251344  0.13878002]\n [ 0.11168051 -0.05537719  0.09460188 -0.26648891 -0.54105179 -0.20564906]\n [-0.36538281  0.17346977 -0.26648891  0.84724068  1.70839985  0.66278713]\n [-0.75898124  0.35251344 -0.54105179  1.70839985  3.56333718  1.32832895]\n [-0.28690134  0.13878002 -0.20564906  0.66278713  1.32832895  0.54176032]]", "nfev": "455", "njev": "65", "status": "0", "success": "True", "message": "Optimization terminated successfully.", "x": "[7.59257048 0.86198359 3.32338289 2.53080044 0.62886211 2.57569428]", "nit": "36"}}, "cobyla": {"0": {"maxiter": 100, "tol": 1e-05, "catol": 1e-05, "duration": 0.016566038131713867, "x": "[7.58761503 0.86396818 3.32155806 2.52928697 0.61197493 2.56088216]", "status": "2", "success": "False", "message": "Maximum number of function evaluations has been exceeded.", "nfev": "100", "fun": "0.31915634995070963", "maxcv": "0.0"}, "1": {"maxiter": 100, "tol": 1e-05, "catol": 1e-10, "duration": 0.016550064086914062, "x": "[7.58761503 0.86396818 3.32155806 2.52928697 0.61197493 2.56088216]", "status": "2", "success": "False", "message": "Maximum number of function evaluations has been exceeded.", "nfev": "100", "fun": "0.31915634995070963", "maxcv": "0.0"}, "2": {"maxiter": 100, "tol": 1e-10, "catol": 1e-05, "duration": 0.016566991806030273, "x": "[7.58761503 0.86396818 3.32155806 2.52928697 0.61197493 2.56088216]", "status": "2", "success": "False", "message": "Maximum number of function evaluations has been exceeded.", "nfev": "100", "fun": "0.31915634995070963", "maxcv": "0.0"}, "3": {"maxiter": 100, "tol": 1e-10, "catol": 1e-10, "duration": 0.016563892364501953, "x": "[7.58761503 0.86396818 3.32155806 2.52928697 0.61197493 2.56088216]", "status": "2", "success": "False", "message": "Maximum number of function evaluations has been exceeded.", "nfev": "100", "fun": "0.31915634995070963", "maxcv": "0.0"}, "4": {"maxiter": 500, "tol": 1e-05, "catol": 1e-05, "duration": 0.04023408889770508, "x": "[7.5925725  0.86197186 3.32338457 2.5307