{"date": "2024/07/18/, 17:18:24", "conf_id": 4, "data_type": "random\n", "num_data_points": 1, "s_rank": 0, "unitary": "[[-0.24866696+0.58742286j,-0.44704345-0.43151574j,-0.35669027-0.20570733j,-0.10517633+0.1626036j],[0.10596805-0.19687975j,-0.30269685-0.15056416j,0.18246286+0.30440582j,-0.83484447-0.11310748j],[0.26054512-0.52548482j,0.0285017-0.50723956j,-0.43110112+0.17165838j,0.15243271+0.39915801j],[0.42978035+0.11991271j,-0.17224126-0.46030424j,0.6827807-0.15164662j,0.26483638+0.0061855j]]", "databatch_0": {"databatch": "[[[-1.86404538e-01-0.19259899j,-6.85340488e-02+0.11842998j,-1.63851806e-06-0.05996791j,-1.03677229e-01+0.01531896j],[-2.65995868e-01-0.50623005j,-2.11416620e-01+0.20131763j,3.60011212e-02-0.12277505j,-2.21458870e-01-0.0308844j],[-5.70888063e-02-0.15909095j,-7.01431363e-02+0.05025294j,1.55751576e-02-0.03446009j,-6.35555244e-02-0.01812637j],[-4.61429177e-01+0.20716543j,1.66173039e-01+0.19763561j,-1.06418679e-01-0.03848873j,-3.93626920e-02+0.19381594j]]]", "initial param values": "[2.6305451,4.16398571,0.79149693,4.10630707,5.57525474,1.63404318]", "nelder_mead": {"type": "gradient-free", "0": {"maxiter": 100, "fatol": 1e-05, "xatol": 1e-05, "duration": 0.02607107162475586, "fun": "0.025258491873290767", "nit": "100", "nfev": "154", "status": "2", "success": "False", "message": "Maximum number of iterations has been exceeded.", "x": "[ 3.0508083   2.95913128  1.53150506 -0.71909317  8.08024339  1.4091967 ]", "final_simplex": "(array([[ 3.0508083 ,  2.95913128,  1.53150506, -0.71909317,  8.08024339,\n         1.4091967 ],\n       [ 3.09146828,  2.94713437,  1.5323982 , -0.7286529 ,  8.08216778,\n         1.4262549 ],\n       [ 3.08054343,  2.93737668,  1.53124572, -0.66907684,  8.05507294,\n         1.41657128],\n       [ 3.0741744 ,  2.99286917,  1.51831655, -0.66105438,  8.0150156 ,\n         1.4297924 ],\n       [ 3.15749907,  2.98824942,  1.52953904, -0.67378222,  8.08913045,\n         1.44212719],\n       [ 3.02892984,  2.98968955,  1.51018707, -0.64510651,  8.13565312,\n         1.41837587],\n       [ 3.10029733,  2.98383922,  1.52073688, -0.61808394,  7.97430434,\n         1.43532855]]), array([0.02525849, 0.02526461, 0.02531674, 0.0259896 , 0.02624666,\n       0.02651644, 0.02651719]))"}, "1": {"maxiter": 100, "fatol": 1e-05, "xatol": 1e-10, "duration": 0.025748014450073242, "fun": "0.025258491873290767", "nit": "100", "nfev": "154", "status": "2", "success": "False", "message": "Maximum number of iterations has been exceeded.", "x": "[ 3.0508083   2.95913128  1.53150506 -0.71909317  8.08024339  1.4091967 ]", "final_simplex": "(array([[ 3.0508083 ,  2.95913128,  1.53150506, -0.71909317,  8.08024339,\n         1.4091967 ],\n       [ 3.09146828,  2.94713437,  1.5323982 , -0.7286529 ,  8.08216778,\n         1.4262549 ],\n       [ 3.08054343,  2.93737668,  1.53124572, -0.66907684,  8.05507294,\n         1.41657128],\n       [ 3.0741744 ,  2.99286917,  1.51831655, -0.66105438,  8.0150156 ,\n         1.4297924 ],\n       [ 3.15749907,  2.98824942,  1.52953904, -0.67378222,  8.08913045,\n         1.44212719],\n       [ 3.02892984,  2.98968955,  1.51018707, -0.64510651,  8.13565312,\n         1.41837587],\n       [ 3.10029733,  2.98383922,  1.52073688, -0.61808394,  7.97430434,\n         1.43532855]]), array([0.02525849, 0.02526461, 0.02531674, 0.0259896 , 0.02624666,\n       0.02651644, 0.02651719]))"}, "2": {"maxiter": 100, "fatol": 1e-10, "xatol": 1e-05, "duration": 0.027022838592529297, "fun": "0.025258491873290767", "nit": "100", "nfev": "154", "status": "2", "success": "False", "message": "Maximum number of iterations has been exceeded.", "x": "[ 3.0508083   2.95913128  1.53150506 -0.71909317  8.08024339  1.4091967 ]", "final_simplex": "(array([[ 3.0508083 ,  2.95913128,  1.53150506, -0.71909317,  8.08024339,\n         1.4091967 ],\n       [ 3.09146828,  2.94713437,  1.5323982 , -0.7286529 ,  8.08216778,\n         1.4262549 ],\n       [ 3.08054343,  2.93737668,  1.53124572, -0.66907684,  8.05507294,\n         1.41657128],\n       [ 3.0741744 ,  2.99286917,  1.51831655, -0.66105438,  8.0150156 ,\n         1.4297924 ],\n       [ 3.15749907,  2.98824942,  1.52953904, -0.67378222,  8.08913045,\n         1.44212719],\n       [ 3.02892984,  2.98968955,  1.51018707, -0.64510651,  8.13565312,\n         1.41837587],\n       [ 3.10029733,  2.98383922,  1.52073688, -0.61808394,  7.97430434,\n         1.43532855]]), array([0.02525849, 0.02526461, 0.02531674, 0.0259896 , 0.02624666,\n       0.02651644, 0.02651719]))"}, "3": {"maxiter": 100, "fatol": 1e-10, "xatol": 1e-10, "duration": 0.02699899673461914, "fun": "0.025258491873290767", "nit": "100", "nfev": "154", "status": "2", "success": "False", "message": "Maximum number of iterations has been exceeded.", "x": "[ 3.0508083   2.95913128  1.53150506 -0.71909317  8.08024339  1.4091967 ]", "final_simplex": "(array([[ 3.0508083 ,  2.95913128,  1.53150506, -0.71909317,  8.08024339,\n         1.4091967 ],\n       [ 3.09146828,  2.94713437,  1.5323982 , -0.7286529 ,  8.08216778,\n         1.4262549 ],\n       [ 3.08054343,  2.93737668,  1.53124572, -0.66907684,  8.05507294,\n         1.41657128],\n       [ 3.0741744 ,  2.99286917,  1.51831655, -0.66105438,  8.0150156 ,\n         1.4297924 ],\n       [ 3.15749907,  2.98824942,  1.52953904, -0.67378222,  8.08913045,\n         1.44212719],\n       [ 3.02892984,  2.98968955,  1.51018707, -0.64510651,  8.13565312,\n         1.41837587],\n       [ 3.10029733,  2.98383922,  1.52073688, -0.61808394,  7.97430434,\n         1.43532855]]), array([0.02525849, 0.02526461, 0.02531674, 0.0259896 , 0.02624666,\n       0.02651644, 0.02651719]))"}, "4": {"maxiter": 500, "fatol": 1e-05, "xatol": 1e-05, "duration": 0.08140110969543457, "fun": "0.0007519158241812152", "nit": "291", "nfev": "465", "status": "0", "success": "True", "message": "Optimization terminated successfully.", "x": "[ 3.02790006  3.38767487  1.94703166 -0.61489129  8.65853369  0.48859501]", "final_simplex": "(array([[ 3.02790006,  3.38767487,  1.94703166, -0.61489129,  8.65853369,\n         0.48859501],\n       [ 3.02789824,  3.38767054,  1.94702921, -0.61489249,  8.65853092,\n         0.48860098],\n       [ 3.02789525,  3.38767362,  1.94703013, -0.61489477,  8.65853432,\n         0.48859694],\n       [ 3.02789789,  3.38767291,  1.94703077, -0.61489532,  8.65853458,\n         0.48859702],\n       [ 3.0278926 ,  3.3876781 ,  1.9470318 , -0.61489411,  8.65854244,\n         0.4885912 ],\n       [ 3.0278978 ,  3.387674  ,  1.94702646, -0.61489293,  8.65853084,\n         0.48860486],\n       [ 3.02790056,  3.38767823,  1.94703129, -0.61489564,  8.65853447,\n         0.48859658]]), array([0.00075192, 0.00075192, 0.00075192, 0.00075192, 0.00075192,\n       0.00075192, 0.00075192]))"}, "5": {"maxiter": 500, "fatol": 1e-05, "xatol": 1e-10, "duration": 0.11956310272216797, "fun": "0.0007519158192234032", "nit": "402", "nfev": "702", "status": "0", "success": "True", "message": "Optimization terminated successfully.", "x": "[ 3.02789677  3.38768409  1.94703581 -0.61488836  8.65854271  0.4885831 ]", "final_simplex": "(array([[ 3.02789677,  3.38768409,  1.94703581, -0.61488836,  8.65854271,\n         0.4885831 ],\n       [ 3.02789677,  3.38768409,  1.94703581, -0.61488836,  8.65854271,\n         0.4885831 ],\n       [ 3.02789677,  3.38768409,  1.94703581, -0.61488836,  8.65854271,\n         0.4885831 ],\n       [ 3.02789677,  3.38768409,  1.94703581, -0.61488836,  8.65854271,\n         0.4885831 ],\n       [ 3.02789677,  3.38768409,  1.94703581, -0.61488836,  8.65854271,\n         0.4885831 ],\n       [ 3.02789677,  3.38768409,  1.94703581, -0.61488836,  8.65854271,\n         0.4885831 ],\n       [ 3.02789677,  3.38768409,  1.94703581, -0.61488836,  8.65854271,\n         0.4885831 ]]), array([0.00075192, 0.00075192, 0.00075192, 0.00075192, 0.00075192,\n       0.00075192, 0.00075192]))"}, "6": {"maxiter": 500, "fatol": 1e-10, "xatol": 1e-05, "duration": 0.08120203018188477, "fun": "0.0007519158241812152", "nit": "291", "nfev": "465", "status": "0", "success": "True", "message": "Optimization terminated successfully.", "x": "[ 3.02790006  3.38767487  1.94703166 -0.61489129  8.65853369  0.48859501]", "final_simplex": "(array([[ 3.02790006,  3.38767487,  1.94703166, -0.61489129,  8.65853369,\n         0.48859501],\n       [ 3.02789824,  3.38767054,  1.94702921, -0.61489249,  8.65853092,\n         0.48860098],\n       [ 3.02789525,  3.38767362,  1.94703013, -0.61489477,  8.65853432,\n         0.48859694],\n       [ 3.02789789,  3.38767291,  1.94703077, -0.61489532,  8.65853458,\n         0.48859702],\n       [ 3.0278926 ,  3.3876781 ,  1.9470318 , -0.61489411,  8.65854244,\n         0.4885912 ],\n       [ 3.0278978 ,  3.387674  ,  1.94702646, -0.61489293,  8.65853084,\n         0.48860486],\n       [ 3.02790056,  3.38767823,  1.94703129, -0.61489564,  8.65853447,\n         0.48859658]]), array([0.00075192, 0.00075192, 0.00075192, 0.00075192, 0.00075192,\n       0.00075192, 0.00075192]))"}, "7": {"maxiter": 500, "fatol": 1e-10, "xatol": 1e-10, "duration": 0.1239926815032959, "fun": "0.0007519158192234032", "nit": "402", "nfev": "702", "status": "0", "success": "True", "message": "Optimization terminated successfully.", "x": "[ 3.02789677  3.38768409  1.94703581 -0.61488836  8.65854271  0.4885831 ]", "final_simplex": "(array([[ 3.02789677,  3.38768409,  1.94703581, -0.61488836,  8.65854271,\n         0.4885831 ],\n       [ 3.02789677,  3.38768409,  1.94703581, -0.61488836,  8.65854271,\n         0.4885831 ],\n       [ 3.02789677,  3.38768409,  1.94703581, -0.61488836,  8.65854271,\n         0.4885831 ],\n       [ 3.02789677,  3.38768409,  1.94703581, -0.61488836,  8.65854271,\n         0.4885831 ],\n       [ 3.02789677,  3.38768409,  1.94703581, -0.61488836,  8.65854271,\n         0.4885831 ],\n       [ 3.02789677,  3.38768409,  1.94703581, -0.61488836,  8.65854271,\n         0.4885831 ],\n       [ 3.02789677,  3.38768409,  1.94703581, -0.61488836,  8.65854271,\n         0.4885831 ]]), array([0.00075192, 0.00075192, 0.00075192, 0.00075192, 0.00075192,\n       0.00075192, 0.00075192]))"}, "8": {"maxiter": 1000, "fatol": 1e-05, "xatol": 1e-05, "duration": 0.0811913013458252, "fun": "0.0007519158241812152", "nit": "291", "nfev": "465", "status": "0", "success": "True", "message": "Optimization terminated successfully.", "x": "[ 3.02790006  3.38767487  1.94703166 -0.61489129  8.65853369  0.48859501]", "final_simplex": "(array([[ 3.02790006,  3.38767487,  1.94703166, -0.61489129,  8.65853369,\n         0.48859501],\n       [ 3.02789824,  3.38767054,  1.94702921, -0.61489249,  8.65853092,\n         0.48860098],\n       [ 3.02789525,  3.38767362,  1.94703013, -0.61489477,  8.65853432,\n         0.48859694],\n       [ 3.02789789,  3.38767291,  1.94703077, -0.61489532,  8.65853458,\n         0.48859702],\n       [ 3.0278926 ,  3.3876781 ,  1.9470318 , -0.61489411,  8.65854244,\n         0.4885912 ],\n       [ 3.0278978 ,  3.387674  ,  1.94702646, -0.61489293,  8.65853084,\n         0.48860486],\n       [ 3.02790056,  3.38767823,  1.94703129, -0.61489564,  8.65853447,\n         0.48859658]]), array([0.00075192, 0.00075192, 0.00075192, 0.00075192, 0.00075192,\n       0.00075192, 0.00075192]))"}, "9": {"maxiter": 1000, "fatol": 1e-05, "xatol": 1e-10, "duration": 0.1201469898223877, "fun": "0.0007519158192234032", "nit": "402", "nfev": "702", "status": "0", "success": "True", "message": "Optimization terminated successfully.", "x": "[ 3.02789677  3.38768409  1.94703581 -0.61488836  8.65854271  0.4885831 ]", "final_simplex": "(array([[ 3.02789677,  3.38768409,  1.94703581, -0.61488836,  8.65854271,\n         0.4885831 ],\n       [ 3.02789677,  3.38768409,  1.94703581, -0.61488836,  8.65854271,\n         0.4885831 ],\n       [ 3.02789677,  3.38768409,  1.94703581, -0.61488836,  8.65854271,\n         0.4885831 ],\n       [ 3.02789677,  3.38768409,  1.94703581, -0.61488836,  8.65854271,\n         0.4885831 ],\n       [ 3.02789677,  3.38768409,  1.94703581, -0.61488836,  8.65854271,\n         0.4885831 ],\n       [ 3.02789677,  3.38768409,  1.94703581, -0.61488836,  8.65854271,\n         0.4885831 ],\n       [ 3.02789677,  3.38768409,  1.94703581, -0.61488836,  8.65854271,\n         0.4885831 ]]), array([0.00075192, 0.00075192, 0.00075192, 0.00075192, 0.00075192,\n       0.00075192, 0.00075192]))"}, "10": {"maxiter": 1000, "fatol": 1e-10, "xatol": 1e-05, "duration": 0.08103704452514648, "fun": "0.0007519158241812152", "nit": "291", "nfev": "465", "status": "0", "success": "True", "message": "Optimization terminated successfully.", "x": "[ 3.02790006  3.38767487  1.94703166 -0.61489129  8.65853369  0.48859501]", "final_simplex": "(array([[ 3.02790006,  3.38767487,  1.94703166, -0.61489129,  8.65853369,\n         0.48859501],\n       [ 3.02789824,  3.38767054,  1.94702921, -0.61489249,  8.65853092,\n         0.48860098],\n       [ 3.02789525,  3.38767362,  1.94703013, -0.61489477,  8.65853432,\n         0.48859694],\n       [ 3.02789789,  3.38767291,  1.94703077, -0.61489532,  8.65853458,\n         0.48859702],\n       [ 3.0278926 ,  3.3876781 ,  1.9470318 , -0.61489411,  8.65854244,\n         0.4885912 ],\n       [ 3.0278978 ,  3.387674  ,  1.94702646, -0.61489293,  8.65853084,\n         0.48860486],\n       [ 3.02790056,  3.38767823,  1.94703129, -0.61489564,  8.65853447,\n         0.48859658]]), array([0.00075192, 0.00075192, 0.00075192, 0.00075192, 0.00075192,\n       0.00075192, 0.00075192]))"}, "11": {"maxiter": 1000, "fatol": 1e-10, "xatol": 1e-10, "duration": 0.12047791481018066, "fun": "0.0007519158192234032", "nit": "402", "nfev": "702", "status": "0", "success": "True", "message": "Optimization terminated successfully.", "x": "[ 3.02789677  3.38768409  1.94703581 -0.61488836  8.65854271  0.4885831 ]", "final_simplex": "(array([[ 3.02789677,  3.38768409,  1.94703581, -0.61488836,  8.65854271,\n         0.4885831 ],\n       [ 3.02789677,  3.38768409,  1.94703581, -0.61488836,  8.65854271,\n         0.4885831 ],\n       [ 3.02789677,  3.38768409,  1.94703581, -0.61488836,  8.65854271,\n         0.4885831 ],\n       [ 3.02789677,  3.38768409,  1.94703581, -0.61488836,  8.65854271,\n         0.4885831 ],\n       [ 3.02789677,  3.38768409,  1.94703581, -0.61488836,  8.65854271,\n         0.4885831 ],\n       [ 3.02789677,  3.38768409,  1.94703581, -0.61488836,  8.65854271,\n         0.4885831 ],\n       [ 3.02789677,  3.38768409,  1.94703581, -0.61488836,  8.65854271,\n         0.4885831 ]]), array([0.00075192, 0.00075192, 0.00075192, 0.00075192, 0.00075192,\n       0.00075192, 0.00075192]))"}}, "bfgs": {"type": "gradient", "0": {"maxiter": 100, "gtol": 1e-05, "xrtol": 1e-05, "eps": 1e-05, "duration": 0.049187660217285156, "fun": "0.0007519158642593782", "jac": "[ 7.41995354e-07  4.09509093e-06  1.88193905e-07  6.39688302e-07\n  1.05222497e-06 -6.05726580e-07]", "hess_inv": "[[  4.02124812   1.04224756   1.51557368  -0.32080231  -4.20294211\n    4.62889148]\n [  1.04224756   1.92545349   0.92335097  -0.66048994  -3.19243537\n    4.19565515]\n [  1.51557368   0.92335097   2.62836808   0.84469609  -4.6188692\n    5.64300861]\n [ -0.32080231  -0.66048994   0.84469609   3.02111828  -0.88805843\n    1.1917705 ]\n [ -4.20294211  -3.19243537  -4.6188692   -0.88805843  15.6651402\n  -17.70544884]\n [  4.62889148   4.19565515   5.64300861   1.1917705  -17.70544884\n   24.02085974]]", "nfev": "266", "njev": "38", "status": "0", "success": "True", "message": "Optimization terminated successfully.", "x": "[3.0234779  3.44133317 1.99873859 6.89729733 5.52384983 3.61788232]", "nit": "25"}, "1": {"maxiter": 100, "gtol": 1e-05, "xrtol": 1e-05, "eps": 1e-10, "duration": 0.046907901763916016, "fun": "0.0007519161653276596", "jac": "[-3.33066880e-06 -4.44089173e-06  3.33066880e-06  0.00000000e+00\n  8.88178346e-06  2.22044587e-06]", "hess_inv": "[[  4.15513701   1.05689557   1.7582882   -0.2283239   -4.64380443\n    5.4223696 ]\n [  1.05689557   1.80071088   0.84027607  -0.64720212  -2.86579253\n    3.89501871]\n [  1.7582882    0.84027607   2.87326838   0.7837037   -5.05146818\n    6.09529073]\n [ -0.2283239   -0.64720212   0.7837037    2.9745177   -1.05746102\n    1.08645035]\n [ -4.64380443  -2.86579253  -5.05146818  -1.05746102  16.04384085\n  -18.64839796]\n [  5.4223696    3.89501871   6.09529073   1.08645035 -18.64839796\n   25.36996148]]", "nfev": "266", "njev": "38", "status": "0", "success": "True", "message": "Optimization terminated successfully.", "x": "[3.02407803 3.4340956  1.99178183 6.89741558 5.52296077 3.61952806]", "nit": "25"}, "2": {"maxiter": 100, "gtol": 1e-05, "xrtol": 1e-10, "eps": 1e-05, "duration": 0.04739975929260254, "fun": "0.0007519158642593782", "jac": "[ 7.41995354e-07  4.09509093e-06  1.88193905e-07  6.39688302e-07\n  1.05222497e-06 -6.05726580e-07]", "hess_inv": "[[  4.02124812   1.04224756   1.51557368  -0.32080231  -4.20294211\n    4.62889148]\n [  1.04224756   1.92545349   0.92335097  -0.66048994  -3.19243537\n    4.19565515]\n [  1.51557368   0.92335097   2.62836808   0.84469609  -4.6188692\n    5.64300861]\n [ -0.32080231  -0.66048994   0.84469609   3.02111828  -0.88805843\n    1.1917705 ]\n [ -4.20294211  -3.19243537  -4.6188692   -0.88805843  15.6651402\n  -17.70544884]\n [  4.62889148   4.19565515   5.64300861   1.1917705  -17.70544884\n   24.02085974]]", "nfev": "266", "njev": "38", "status": "0", "success": "True", "message": "Optimization terminated successfully.", "x": "[3.0234779  3.44133317 1.99873859 6.89729733 5.52384983 3.61788232]", "nit": "25"}, "3": {"maxiter": 100, "gtol": 1e-05, "xrtol": 1e-10, "eps": 1e-10, "duration": 0.04879593849182129, "fun": "0.0007519161653276596", "jac": "[-3.33066880e-06 -4.44089173e-06  3.33066880e-06  0.00000000e+00\n  8.88178346e-06  2.22044587e-06]", "hess_inv": "[[  4.15513701   1.05689557   1.7582882   -0.2283239   -4.64380443\n    5.4223696 ]\n [  1.05689557   1.80071088   0.84027607  -0.64720212  -2.86579253\n    3.89501871]\n [  1.7582882    0.84027607   2.87326838   0.7837037   -5.05146818\n    6.09529073]\n [ -0.2283239   -0.64720212   0.7837037    2.9745177   -1.05746102\n    1.08645035]\n [ -4.64380443  -2.86579253  -5.05146818  -1.05746102  16.04384085\n  -18.64839796]\n [  5.4223696    3.89501871   6.09529073   1.08645035 -18.64839796\n   25.36996148]]", "nfev": "266", "njev": "38", "status": "0", "success": "True", "message": "Optimization terminated successfully.", "x": "[3.02407803 3.4340956  1.99178183 6.89741558 5.52296077 3.61952806]", "nit": "25"}, "4": {"maxiter": 100, "gtol": 1e-10, "xrtol": 1e-05, "eps": 1e-05, "duration": 0.049780845642089844, "fun": "0.0007519158498212608", "jac": "[-5.19817522e-07  2.30511166e-06  2.01071382e-06  3.56714658e-07\n  1.46804791e-07 -7.77933273e-07]", "hess_inv": "[[  4.01966298   1.07397961   1.47905112  -0.35807777  -4.04265722\n    4.44574471]\n [  1.07397961   2.0736135    0.84607608  -0.76002206  -2.96848713\n    3.97456029]\n [  1.47905112   0.84607608   2.62107904   0.85858079  -4.46801775\n    5.43473404]\n [ -0.35807777  -0.76002206   0.85858079   3.0575979   -0.82464259\n    1.08174467]\n [ -4.04265722  -2.96848713  -4.46801775  -0.82464259  14.49839555\n  -16.21982198]\n [  4.44574471   3.97456029   5.43473404   1.08174467 -16.21982198\n   22.15066646]]", "nfev": "273", "njev": "39", "status": "0", "success": "True", "message": "Optimization terminated successfully.", "x": "[3.02347742 3.44132974 1.99874098 6.89730011 5.52384127 3.61789152]", "nit": "26"}, "5": {"maxiter": 100, "gtol": 1e-10, "xrtol": 1e-05, "eps": 1e-10, "duration": 0.06935620307922363, "fun": "0.0007519158308419982", "jac": "[-4.44089173e-06  1.11022293e-06  2.22044587e-06  1.11022293e-06\n  1.11022293e-06  1.11022293e-06]", "hess_inv": "[[  4.38169509   1.1161699    1.71395879  -0.62756971  -5.30679222\n    5.29522467]\n [  1.1161699    1.78219115   0.74418006  -0.90875896  -3.05725062\n    3.54189698]\n [  1.71395879   0.74418006   2.70238933   0.537114    -4.94494889\n    5.4240626 ]\n [ -0.62756971  -0.90875896   0.537114     3.09408022   0.07420742\n    0.0458646 ]\n [ -5.30679222  -3.05725062  -4.94494889   0.07420742  17.98971411\n  -18.37583051]\n [  5.29522467   3.54189698   5.4240626    0.0458646  -18.37583051\n   22.75301331]]", "nfev": "399", "njev": "57", "status": "0", "success": "True", "message": "Optimization terminated successfully.", "x": "[3.02411302 3.43411889 1.99180632 6.89741105 5.52286318 3.61962909]", "nit": "27"}, "6": {"maxiter": 100, "gtol": 1e-10, "xrtol": 1e-10, "eps": 1e-05, "duration": 0.08560895919799805, "fun": "0.0007519158463122899", "jac": "[-1.06950004e-06  9.73010561e-07  3.40152351e-06 -9.23816579e-08\n -1.40965017e-07 -6.79989398e-07]", "hess_inv": "[[  4.07303551   0.15127177   1.05825975  -0.13864733  -4.85982503\n    5.40629005]\n [  0.15127177   8.87862626   4.58141385  -1.79718143   2.26149638\n   -2.61890439]\n [  1.05825975   4.58141385   3.62086007  -0.17308648  -0.11133788\n    0.22827022]\n [ -0.13864733  -1.79718143  -0.17308648   2.98611691  -0.97617164\n    1.42805615]\n [ -4.85982503   2.26149638  -0.11133788  -0.97617164  16.41364113\n  -19.02948899]\n [  5.40629005  -2.61890439   0.22827022   1.42805615 -19.02948899\n   26.07991788]]", "nfev": "507", "njev": "71", "status": "2", "success": "False", "message": "Desired error not necessarily achieved due to precision loss.", "x": "[3.02347844 3.4413241  1.99873946 6.89730142 5.52383462 3.61789974]", "nit": "27"}, "7": {"maxiter": 100, "gtol": 1e-10, "xrtol": 1e-10, "eps": 1e-10, "duration": 0.06907916069030762, "fun": "0.0007519158308419982", "jac": "[-4.44089173e-06  1.11022293e-06  2.22044587e-06  1.11022293e-06\n  1.11022293e-06  1.11022293e-06]", "hess_inv": "[[  4.38169509   1.1161699    1.71395879  -0.62756971  -5.30679222\n    5.29522467]\n [  1.1161699    1.78219115   0.74418006  -0.90875896  -3.05725062\n    3.54189698]\n [  1.71395879   0.74418006   2.70238933   0.537114    -4.94494889\n    5.4240626 ]\n [ -0.62756971  -0.90875896   0.537114     3.09408022   0.07420742\n    0.0458646 ]\n [ -5.30679222  -3.05725062  -4.94494889   0.07420742  17.98971411\n  -18.37583051]\n [  5.29522467   3.54189698   5.4240626    0.0458646  -18.37583051\n   22.75301331]]", "nfev": "399", "njev": "57", "status": "0", "success": "True", "message": "Optimization terminated successfully.", "x": "[3.02411302 3.43411889 1.99180632 6.89741105 5.52286318 3.61962909]", "nit": "27"}, "8": {"maxiter": 500, "gtol": 1e-05, "xrtol": 1e-05, "eps": 1e-05, "duration": 0.04752612113952637, "fun": "0.0007519158642593782", "jac": "[ 7.41995354e-07  4.09509093e-06  1.88193905e-07  6.39688302e-07\n  1.05222497e-06 -6.05726580e-07]", "hess_inv": "[[  4.02124812   1.04224756   1.51557368  -0.32080231  -4.20294211\n    4.62889148]\n [  1.04224756   1.92545349   0.92335097  -0.66048994  -3.19243537\n    4.19565515]\n [  1.51557368   0.92335097   2.62836808   0.84469609  -4.6188692\n    5.64300861]\n [ -0.32080231  -0.66048994   0.84469609   3.02111828  -0.88805843\n    1.1917705 ]\n [ -4.20294211  -3.19243537  -4.6188692   -0.88805843  15.6651402\n  -17.70544884]\n [  4.62889148   4.19565515   5.64300861   1.1917705  -17.70544884\n   24.02085974]]", "nfev": "266", "njev": "38", "status": "0", "success": "True", "message": "Optimization terminated successfully.", "x": "[3.0234779  3.44133317 1.99873859 6.89729733 5.52384983 3.61788232]", "nit": "25"}, "9": {"maxiter": 500, "gtol": 1e-05, "xrtol": 1e-05, "eps": 1e-10, "duration": 0.047453880310058594, "fun": "0.0007519161653276596", "jac": "[-3.33066880e-06 -4.44089173e-06  3.33066880e-06  0.00000000e+00\n  8.88178346e-06  2.22044587e-06]", "hess_inv": "[[  4.15513701   1.05689557   1.7582882   -0.2283239   -4.64380443\n    5.4223696 ]\n [  1.05689557   1.80071088   0.84027607  -0.64720212  -2.86579253\n    3.89501871]\n [  1.7582882    0.84027607   2.87326838   0.7837037   -5.05146818\n    6.09529073]\n [ -0.2283239   -0.64720212   0.7837037    2.9745177   -1.05746102\n    1.08645035]\n [ -4.64380443  -2.86579253  -5.05146818  -1.05746102  16.04384085\n  -18.64839796]\n [  5.4223696    3.89501871   6.09529073   1.08645035 -18.64839796\n   25.36996148]]", "nfev": "266", "njev": "38", "status": "0", "success": "True", "message": "Optimization terminated successfully.", "x": "[3.02407803 3.4340956  1.99178183 6.89741558 5.52296077 3.61952806]", "nit": "25"}, "10": {"maxiter": 500, "gtol": 1e-05, "xrtol": 1e-10, "eps": 1e-05, "duration": 0.04690694808959961, "fun": "0.0007519158642593782", "jac": "[ 7.41995354e-07  4.09509093e-06  1.88193905e-07  6.39688302e-07\n  1.05222497e-06 -6.05726580e-07]", "hess_inv": "[[  4.02124812   1.04224756   1.51557368  -0.32080231  -4.20294211\n    4.62889148]\n [  1.04224756   1.92545349   0.92335097  -0.66048994  -3.19243537\n    4.19565515]\n [  1.51557368   0.92335097   2.62836808   0.84469609  -4.6188692\n    5.64300861]\n [ -0.32080231  -0.66048994   0.84469609   3.02111828  -0.88805843\n    1.1917705 ]\n [ -4.20294211  -3.19243537  -4.6188692   -0.88805843  15.6651402\n  -17.70544884]\n [  4.62889148   4.19565515   5.64300861   1.1917705  -17.70544884\n   24.02085974]]", "nfev": "266", "njev": "38", "status": "0", "success": "True", "message": "Optimization terminated successfully.", "x": "[3.0234779  3.44133317 1.99873859 6.89729733 5.52384983 3.61788232]", "nit": "25"}, "11": {"maxiter": 500, "gtol": 1e-05, "xrtol": 1e-10, "eps": 1e-10, "duration": 0.04511213302612305, "fun": "0.0007519161653276596", "jac": "[-3.33066880e-06 -4.44089173e-06  3.33066880e-06  0.00000000e+00\n  8.88178346e-06  2.22044587e-06]", "hess_inv": "[[  4.15513701   1.05689557   1.7582882   -0.2283239   -4.64380443\n    5.4223696 ]\n [  1.05689557   1.80071088   0.84027607  -0.64720212  -2.86579253\n    3.89501871]\n [  1.7582882    0.84027607   2.87326838   0.7837037   -5.05146818\n    6.09529073]\n [ -0.2283239   -0.64720212   0.7837037    2.9745177   -1.05746102\n    1.08645035]\n [ -4.64380443  -2.86579253  -5.05146818  -1.05746102  16.04384085\n  -18.64839796]\n [  5.4223696    3.89501871   6.09529073   1.08645035 -18.64839796\n   25.36996148]]", "nfev": "266", "njev": "38", "status": "0", "success": "True", "message": "Optimization terminated successfully.", "x": "[3.02407803 3.4340956  1.99178183 6.89741558 5.52296077 3.61952806]", "nit": "25"}, "12": {"maxiter": 500, "gtol": 1e-10, "xrtol": 1e-05, "eps": 1e-05, "duration": 0.0461270809173584, "fun": "0.0007519158498212608", "jac": "[-5.19817522e-07  2.30511166e-06  2.01071382e-06  3.56714658e-07\n  1.46804791e-07 -7.77933273e-07]", "hess_inv": "[[  4.01966298   1.07397961   1.47905112  -0.35807777  -4.04265722\n    4.44574471]\n [  1.07397961   2.0736135    0.84607608  -0.76002206  -2.96848713\n    3.97456029]\n [  1.47905112   0.84607608   2.62107904   0.85858079  -4.46801775\n    5.43473404]\n [ -0.35807777  -0.76002206   0.85858079   3.0575979   -0.82464259\n    1.08174467]\n [ -4.04265722  -2.96848713  -4.46801775  -0.82464259  14.49839555\n  -16.21982198]\n [  4.44574471   3.97456029   5.43473404   1.08174467 -16.21982198\n   22.15066646]]", "nfev": "273", "njev": "39", "status": "0", "success": "True", "message": "Optimization terminated successfully.", "x": "[3.02347742 3.44132974 1.99874098 6.89730011 5.52384127 3.61789152]", "nit": "26"}, "13": {"maxiter": 500, "gtol": 1e-10, "xrtol": 1e-05, "eps": 1e-10, "duration": 0.06685495376586914, "fun": "0.0007519158308419982", "jac": "[-4.44089173e-06  1.11022293e-06  2.22044587e-06  1.11022293e-06\n  1.11022293e-06  1.11022293e-06]", "hess_inv": "[[  4.38169509   1.1161699    1.71395879  -0.62756971  -5.30679222\n    5.29522467]\n [  1.1161699    1.78219115   0.74418006  -0.90875896  -3.05725062\n    3.54189698]\n [  1.71395879   0.74418006   2.70238933   0.537114    -4.94494889\n    5.4240626 ]\n [ -0.62756971  -0.90875896   0.537114     3.09408022   0.07420742\n    0.0458646 ]\n [ -5.30679222  -3.05725062  -4.94494889   0.07420742  17.98971411\n  -18.37583051]\n [  5.29522467   3.54189698   5.4240626    0.0458646  -18.37583051\n   22.75301331]]", "nfev": "399", "njev": "57", "status": "0", "success": "True", "message": "Optimization terminated successfully.", "x": "[3.02411302 3.43411889 1.99180632 6.89741105 5.52286318 3.61962909]", "nit": "27"}, "14": {"maxiter": 500, "gtol": 1e-10, "xrtol": 1e-10, "eps": 1e-05, "duration": 0.08705401420593262, "fun": "0.0007519158463122899", "jac": "[-1.06950004e-06  9.73010561e-07  3.40152351e-06 -9.23816579e-08\n -1.40965017e-07 -6.79989398e-07]", "hess_inv": "[[  4.07303551   0.15127177   1.05825975  -0.13864733  -4.85982503\n    5.40629005]\n [  0.15127177   8.87862626   4.58141385  -1.79718143   2.26149638\n   -2.61890439]\n [  1.05825975   4.58141385   3.62086007  -0.17308648  -0.11133788\n    0.22827022]\n [ -0.13864733  -1.79718143  -0.17308648   2.98611691  -0.97617164\n    1.42805615]\n [ -4.85982503   2.26149638  -0.11133788  -0.97617164  16.41364113\n  -19.02948899]\n [  5.40629005  -2.61890439   0.22827022   1.42805615 -19.02948899\n   26.07991788]]", "nfev": "507", "njev": "71", "status": "2", "success": "False", "message": "Desired error not necessarily achieved due to precision loss.", "x": "[3.02347844 3.4413241  1.99873946 6.89730142 5.52383462 3.61789974]", "nit": "27"}, "15": {"maxiter": 500, "gtol": 1e-10, "xrtol": 1e-10, "eps": 1e-10, "duration": 0.0670468807220459, "fun": "0.0007519158308419982", "jac": "[-4.44089173e-06  1.11022293e-06  2.22044587e-06  1.11022293e-06\n  1.11022293e-06  1.11022293e-06]", "hess_inv": "[[  4.38169509   1.1161699    1.71395879  -0.62756971  -5.30679222\n    5.29522467]\n [  1.1161699    1.78219115   0.74418006  -0.90875896  -3.05725062\n    3.54189698]\n [  1.71395879   0.74418006   2.70238933   0.537114    -4.94494889\n    5.4240626 ]\n [ -0.62756971  -0.90875896   0.537114     3.09408022   0.07420742\n    0.0458646 ]\n [ -5.30679222  -3.05725062  -4.94494889   0.07420742  17.98971411\n  -18.37583051]\n [  5.29522467   3.54189698   5.4240626    0.0458646  -18.37583051\n   22.75301331]]", "nfev": "399", "njev": "57", "status": "0", "success": "True", "message": "Optimization terminated successfully.", "x": "[3.02411302 3.43411889 1.99180632 6.89741105 5.52286318 3.61962909]", "nit": "27"}, "16": {"maxiter": 1000, "gtol": 1e-05, "xrtol": 1e-05, "eps": 1e-05, "duration": 0.04639410972595215, "fun": "0.0007519158642593782", "jac": "[ 7.41995354e-07  4.09509093e-06  1.88193905e-07  6.39688302e-07\n  1.05222497e-06 -6.05726580e-07]", "hess_inv": "[[  4.02124812   1.04224756   1.51557368  -0.32080231  -4.20294211\n    4.62889148]\n [  1.04224756   1.92545349   0.92335097  -0.66048994  -3.19243537\n    4.19565515]\n [  1.51557368   0.92335097   2.62836808   0.84469609  -4.6188692\n    5.64300861]\n [ -0.32080231  -0.66048994   0.84469609   3.02111828  -0.88805843\n    1.1917705 ]\n [ -4.20294211  -3.19243537  -4.6188692   -0.88805843  15.6651402\n  -17.70544884]\n [  4.62889148   4.19565515   5.64300861   1.1917705  -17.70544884\n   24.02085974]]", "nfev": "266", "njev": "38", "status": "0", "success": "True", "message": "Optimization terminated successfully.", "x": "[3.0234779  3.44133317 1.99873859 6.89729733 5.52384983 3.61788232]", "nit": "25"}, "17": {"maxiter": 1000, "gtol": 1e-05, "xrtol": 1e-05, "eps": 1e-10, "duration": 0.046285152435302734, "fun": "0.0007519161653276596", "jac": "[-3.33066880e-06 -4.44089173e-06  3.33066880e-06  0.00000000e+00\n  8.88178346e-06  2.22044587e-06]", "hess_inv": "[[  4.15513701   1.05689557   1.7582882   -0.2283239   -4.64380443\n    5.4223696 ]\n [  1.05689557   1.80071088   0.84027607  -0.64720212  -2.86579253\n    3.89501871]\n [  1.7582882    0.84027607   2.87326838   0.7837037   -5.05146818\n    6.09529073]\n [ -0.2283239   -0.64720212   0.7837037    2.9745177   -1.05746102\n    1.08645035]\n [ -4.64380443  -2.86579253  -5.05146818  -1.05746102  16.04384085\n  -18.64839796]\n [  5.4223696    3.89501871   6.09529073   1.08645035 -18.64839796\n   25.36996148]]", "nfev": "266", "njev": "38", "status": "0", "success": "True", "message": "Optimization terminated successfully.", "x": "[3.02407803 3.4340956  1.99178183 6.89741558 5.52296077 3.61952806]", "nit": "25"}, "18": {"maxiter": 1000, "gtol": 1e-05, "xrtol": 1e-10, "eps": 1e-05, "duration": 0.046274662017822266, "fun": "0.0007519158642593782", "jac": "[ 7.41995354e-07  4.09509093e-06  1.88193905e-07  6.39688302e-07\n  1.05222497e-06 -6.05726580e-07]", "hess_inv": "[[  4.02124812   1.04224756   1.51557368  -0.32080231  -4.20294211\n    4.62889148]\n [  1.04224756   1.92545349   0.92335097  -0.66048994  -3.19243537\n    4.19565515]\n [  1.51557368   0.92335097   2.62836808   0.84469609  -4.6188692\n    5.64300861]\n [ -0.32080231  -0.66048994   0.84469609   3.02111828  -0.88805843\n    1.1917705 ]\n [ -4.20294211  -3.19243537  -4.6188692   -0.88805843  15.6651402\n  -17.70544884]\n [  4.62889148   4.19565515   5.64300861   1.1917705  -17.70544884\n   24.02085974]]", "nfev": "266", "njev": "38", "status": "0", "success": "True", "message": "Optimization terminated successfully.", "x": "[3.0234779  3.44133317 1.99873859 6.89729733 5.52384983 3.61788232]", "nit": "25"}, "19": {"maxiter": 1000, "gtol": 1e-05, "xrtol": 1e-10, "eps": 1e-10, "duration": 0.046151161193847656, "fun": "0.0007519161653276596", "jac": "[-3.33066880e-06 -4.44089173e-06  3.33066880e-06  0.00000000e+00\n  8.88178346e-06  2.22044587e-06]", "hess_inv": "[[  4.15513701   1.05689557   1.7582882   -0.2283239   -4.64380443\n    5.4223696 ]\n [  1.05689557   1.80071088   0.84027607  -0.64720212  -2.86579253\n    3.89501871]\n [  1.7582882    0.84027607   2.87326838   0.7837037   -5.05146818\n    6.09529073]\n [ -0.2283239   -0.64720212   0.7837037    2.9745177   -1.05746102\n    1.08645035]\n [ -4.64380443  -2.86579253  -5.05146818  -1.05746102  16.04384085\n  -18.64839796]\n [  5.4223696    3.89501871   6.09529073   1.08645035 -18.64839796\n   25.36996148]]", "nfev": "266", "njev": "38", "status": "0", "success": "True", "message": "Optimization terminated successfully.", "x": "[3.02407803 3.4340956  1.99178183 6.89741558 5.52296077 3.61952806]", "nit": "25"}, "20": {"maxiter": 1000, "gtol": 1e-10, "xrtol": 1e-05, "eps": 1e-05, "duration": 0.046148061752319336, "fun": "0.0007519158498212608", "jac": "[-5.19817522e-07  2.30511166e-06  2.01071382e-06  3.56714658e-07\n  1.46804791e-07 -7.77933273e-07]", "hess_inv": "[[  4.01966298   1.07397961   1.47905112  -0.35807777  -4.04265722\n    4.44574471]\n [  1.07397961   2.0736135    0.84607608  -0.76002206  -2.96848713\n    3.97456029]\n [  1.47905112   0.84607608   2.62107904   0.85858079  -4.46801775\n    5.43473404]\n [ -0.35807777  -0.76002206   0.85858079   3.0575979   -0.82464259\n    1.08174467]\n [ -4.04265722  -2.96848713  -4.46801775  -0.82464259  14.49839555\n  -16.21982198]\n [  4.44574471   3.97456029   5.43473404   1.08174467 -16.21982198\n   22.15066646]]", "nfev": "273", "njev": "39", "status": "0", "success": "True", "message": "Optimization terminated successfully.", "x": "[3.02347742 3.44132974 1.99874098 6.89730011 5.52384127 3.61789152]", "nit": "26"}, "21": {"maxiter": 1000, "gtol": 1e-10, "xrtol": 1e-05, "eps": 1e-10, "duration": 0.06903672218322754, "fun": "0.0007519158308419982", "jac": "[-4.44089173e-06  1.11022293e-06  2.22044587e-06  1.11022293e-06\n  1.11022293e-06  1.11022293e-06]", "hess_inv": "[[  4.38169509   1.1161699    1.71395879  -0.62756971  -5.30679222\n    5.29522467]\n [  1.1161699    1.78219115   0.74418006  -0.90875896  -3.05725062\n    3.54189698]\n [  1.71395879   0.74418006   2.70238933   0.537114    -4.94494889\n    5.4240626 ]\n [ -0.62756971  -0.90875896   0.537114     3.09408022   0.07420742\n    0.0458646 ]\n [ -5.30679222  -3.05725062  -4.94494889   0.07420742  17.98971411\n  -18.37583051]\n [  5.29522467   3.54189698   5.4240626    0.0458646  -18.37583051\n   22.75301331]]", "nfev": "399", "njev": "57", "status": "0", "success": "True", "message": "Optimization terminated successfully.", "x": "[3.02411302 3.43411889 1.99180632 6.89741105 5.52286318 3.61962909]", "nit": "27"}, "22": {"maxiter": 1000, "gtol": 1e-10, "xrtol": 1e-10, "eps": 1e-05, "duration": 0.0883941650390625, "fun": "0.0007519158463122899", "jac": "[-1.06950004e-06  9.73010561e-07  3.40152351e-06 -9.23816579e-08\n -1.40965017e-07 -6.79989398e-07]", "hess_inv": "[[  4.07303551   0.15127177   1.05825975  -0.13864733  -4.85982503\n    5.40629005]\n [  0.15127177   8.87862626   4.58141385  -1.79718143   2.26149638\n   -2.61890439]\n [  1.05825975   4.58141385   3.62086007  -0.17308648  -0.11133788\n    0.22827022]\n [ -0.13864733  -1.79718143  -0.17308648   2.98611691  -0.97617164\n    1.42805615]\n [ -4.85982503   2.26149638  -0.11133788  -0.97617164  16.41364113\n  -19.02948899]\n [  5.40629005  -2.61890439   0.22827022   1.42805615 -19.02948899\n   26.07991788]]", "nfev": "507", "njev": "71", "status": "2", "success": "False", "message": "Desired error not necessarily achieved due to precision loss.", "x": "[3.02347844 3.4413241  1.99873946 6.89730142 5.52383462 3.61789974]", "nit": "27"}, "23": {"maxiter": 1000, "gtol": 1e-10, "xrtol": 1e-10, "eps": 1e-10, "duration": 0.06695890426635742, "fun": "0.0007519158308419982", "jac": "[-4.44089173e-06  1.11022293e-06  2.22044587e-06  1.11022293e-06\n  1.11022293e-06  1.11022293e-06]", "hess_inv": "[[  4.38169509   1.1161699    1.71395879  -0.62756971  -5.30679222\n    5.29522467]\n [  1.1161699    1.78219115   0.74418006  -0.90875896  -3.05725062\n    3.54189698]\n [  1.71395879   0.74418006   2.70238933   0.537114    -4.94494889\n    5.4240626 ]\n [ -0.62756971  -0.90875896   0.537114     3.09408022   0.07420742\n    0.0458646 ]\n [ -5.30679222  -3.05725062  -4.94494889   0.07420742  17.98971411\n  -18.37583051]\n [  5.29522467   3.54189698   5.4240626    0.0458646  -18.37583051\n   22.75301331]]", "nfev": "399", "njev": "57", "status": "0", "success": "True", "message": "Optimization terminated successfully.", "x": "[3.02411302 3.43411889 1.99180632 6.89741105 5.52286318 3.61962909]", "nit": "27"}}, "cobyla": {"0": {"maxiter": 100, "tol": 1e-05, "catol": 1e-05, "duration": 0.016232013702392578, "x": "[3.82824401 4.35506065 3.11104355 5.40958273 8.1933903  1.49853973]", "status": "2", "success": "False", "message": "Maximum number of function evaluations has been exceeded.", "nfev": "100", "fun": "0.0008592205000981235", "maxcv": "0.0"}, "1": {"maxiter": 100, "tol": 1e-05, "catol": 1e-10, "duration": 0.016093969345092773, "x": "[3.82824401 4.35506065 3.11104355 5.40958273 8.1933903  1.49853973]", "status": "2", "success": "False", "message": "Maximum number of function evaluations has been exceeded.", "nfev": "100", "fun": "0.0008592205000981235", "maxcv": "0.0"}, "2": {"maxiter": 100, "tol": 1e-10, "catol": 1e-05, "duration": 0.01633286476135254, "x": "[3.82824401 4.35506065 3.11104355 5.40958273 8.1933903  1.49853973]", "status": "2", "success": "False", "message": "Maximum number of function evaluations has been exceeded.", "nfev": "100", "fun": "0.0008592205000981235", "maxcv": "0.0"}, "3": {"maxiter": 100, "tol": 1e-10, "catol": 1e-10, "duration": 0.016636371612548828, "x": "[3.82824401 4.35506065 3.11104355 5.40958273 8.1933903  1.49853973]", "status": "2", "success": "False", "message": "Maximum number of function evaluations has been exceeded.", "nfev": "100", "fun": "0.0008592205000981235", "maxcv": "0.0"}, "4": {"maxiter": 500, "tol": 1e-05, "catol": 1e-05, "duration": 0.03891587257385254, "x": "[3.84542529 4.38422038 3.14718259 5.40210567 8.2087672  1.50622233]", "status": "1", "success": "True", "message": "Optimization terminated successfully.", "nfev": "243", "fun": "0.0007519159960194255", "maxcv": "0.0"}, "5": {"maxiter": 500, "tol": 1e-05, "catol": 1e-10, "duration": 0.0391390323638916, "x": "[3.84542529 4.38422038 3.14718259 5.40210567 8.2087672  1.50622233]", "status": "1", "success": "True", "message": "Optimization terminated successfully.", "nfev": "243", "fun": "0.0007519159960194255", "maxc