{"date": "2024/07/19/, 12:46:28", "conf_id": 189, "data_type": "non_lin_ind\n", "num_data_points": 2, "s_rank": 0, "unitary": "[[-0.24866696+0.58742286j,-0.44704345-0.43151574j,-0.35669027-0.20570733j,-0.10517633+0.1626036j],[0.10596805-0.19687975j,-0.30269685-0.15056416j,0.18246286+0.30440582j,-0.83484447-0.11310748j],[0.26054512-0.52548482j,0.0285017-0.50723956j,-0.43110112+0.17165838j,0.15243271+0.39915801j],[0.42978035+0.11991271j,-0.17224126-0.46030424j,0.6827807-0.15164662j,0.26483638+0.0061855j]]", "databatch_0": {"databatch": "[[[0.06084351-0.17173378j,-0.21889867+0.16841353j,0.19120562-0.06887028j,0.24787076+0.144571j],[0.13122872+0.2176283j,0.31449543-0.21544236j,-0.19178347+0.038596j,-0.31328068-0.06697909j],[-0.04269414-0.11886494j,-0.18537103+0.12161714j,0.12424846-0.02202241j,0.17632175+0.06355378j],[0.10675935+0.14007733j,0.11327895-0.33066494j,-0.1493877+0.16900424j,-0.30524972+0.05169134j]],[[-0.34105487-0.23916715j,-0.42631737-0.0173835j,0.39124578+0.0064142j,-0.20228473-0.35809451j],[-0.02617623-0.06347367j,-0.05220879-0.03849952j,0.05211626+0.04016797j,0.00313707-0.07186513j],[-0.02873518-0.04188755j,-0.05047003-0.02076749j,0.04499204+0.01533208j,-0.00741942-0.04768977j],[0.26251446+0.07897052j,0.27191473-0.07872343j,-0.24458721+0.07854156j,0.19878817+0.18110656j]]]", "initial param values": "[2.63656035,5.54082501,1.06365326,3.79700317,1.4465434,3.86382946]", "nelder_mead": {"type": "gradient-free", "0": {"maxiter": 100, "fatol": 1e-05, "xatol": 1e-05, "duration": 0.02687692642211914, "fun": "0.4292440314685376", "nit": "100", "nfev": "158", "status": "2", "success": "False", "message": "Maximum number of iterations has been exceeded.", "x": "[2.47715304 4.659581   0.99621566 4.58120999 2.72981405 2.02626816]", "final_simplex": "(array([[2.47715304, 4.659581  , 0.99621566, 4.58120999, 2.72981405,\n        2.02626816],\n       [2.51636109, 4.63228461, 1.01419428, 4.61251762, 2.7071879 ,\n        1.95031273],\n       [2.45028879, 4.57215922, 1.03574839, 4.61682946, 2.64542821,\n        2.0596981 ],\n       [2.47020066, 4.64123294, 1.0463201 , 4.59383705, 2.64558346,\n        2.0463077 ],\n       [2.44367323, 4.70852432, 1.04560213, 4.50374721, 2.72745083,\n        2.01706887],\n       [2.48053159, 4.58005992, 1.01142155, 4.59301426, 2.72797003,\n        2.00099023],\n       [2.4878155 , 4.60025331, 1.05794018, 4.5640424 , 2.67887832,\n        1.98213648]]), array([0.42924403, 0.42964469, 0.42973496, 0.42976935, 0.42986724,\n       0.43001732, 0.43017779]))"}, "1": {"maxiter": 100, "fatol": 1e-05, "xatol": 1e-10, "duration": 0.02673506736755371, "fun": "0.4292440314685376", "nit": "100", "nfev": "158", "status": "2", "success": "False", "message": "Maximum number of iterations has been exceeded.", "x": "[2.47715304 4.659581   0.99621566 4.58120999 2.72981405 2.02626816]", "final_simplex": "(array([[2.47715304, 4.659581  , 0.99621566, 4.58120999, 2.72981405,\n        2.02626816],\n       [2.51636109, 4.63228461, 1.01419428, 4.61251762, 2.7071879 ,\n        1.95031273],\n       [2.45028879, 4.57215922, 1.03574839, 4.61682946, 2.64542821,\n        2.0596981 ],\n       [2.47020066, 4.64123294, 1.0463201 , 4.59383705, 2.64558346,\n        2.0463077 ],\n       [2.44367323, 4.70852432, 1.04560213, 4.50374721, 2.72745083,\n        2.01706887],\n       [2.48053159, 4.58005992, 1.01142155, 4.59301426, 2.72797003,\n        2.00099023],\n       [2.4878155 , 4.60025331, 1.05794018, 4.5640424 , 2.67887832,\n        1.98213648]]), array([0.42924403, 0.42964469, 0.42973496, 0.42976935, 0.42986724,\n       0.43001732, 0.43017779]))"}, "2": {"maxiter": 100, "fatol": 1e-10, "xatol": 1e-05, "duration": 0.026721954345703125, "fun": "0.4292440314685376", "nit": "100", "nfev": "158", "status": "2", "success": "False", "message": "Maximum number of iterations has been exceeded.", "x": "[2.47715304 4.659581   0.99621566 4.58120999 2.72981405 2.02626816]", "final_simplex": "(array([[2.47715304, 4.659581  , 0.99621566, 4.58120999, 2.72981405,\n        2.02626816],\n       [2.51636109, 4.63228461, 1.01419428, 4.61251762, 2.7071879 ,\n        1.95031273],\n       [2.45028879, 4.57215922, 1.03574839, 4.61682946, 2.64542821,\n        2.0596981 ],\n       [2.47020066, 4.64123294, 1.0463201 , 4.59383705, 2.64558346,\n        2.0463077 ],\n       [2.44367323, 4.70852432, 1.04560213, 4.50374721, 2.72745083,\n        2.01706887],\n       [2.48053159, 4.58005992, 1.01142155, 4.59301426, 2.72797003,\n        2.00099023],\n       [2.4878155 , 4.60025331, 1.05794018, 4.5640424 , 2.67887832,\n        1.98213648]]), array([0.42924403, 0.42964469, 0.42973496, 0.42976935, 0.42986724,\n       0.43001732, 0.43017779]))"}, "3": {"maxiter": 100, "fatol": 1e-10, "xatol": 1e-10, "duration": 0.026724815368652344, "fun": "0.4292440314685376", "nit": "100", "nfev": "158", "status": "2", "success": "False", "message": "Maximum number of iterations has been exceeded.", "x": "[2.47715304 4.659581   0.99621566 4.58120999 2.72981405 2.02626816]", "final_simplex": "(array([[2.47715304, 4.659581  , 0.99621566, 4.58120999, 2.72981405,\n        2.02626816],\n       [2.51636109, 4.63228461, 1.01419428, 4.61251762, 2.7071879 ,\n        1.95031273],\n       [2.45028879, 4.57215922, 1.03574839, 4.61682946, 2.64542821,\n        2.0596981 ],\n       [2.47020066, 4.64123294, 1.0463201 , 4.59383705, 2.64558346,\n        2.0463077 ],\n       [2.44367323, 4.70852432, 1.04560213, 4.50374721, 2.72745083,\n        2.01706887],\n       [2.48053159, 4.58005992, 1.01142155, 4.59301426, 2.72797003,\n        2.00099023],\n       [2.4878155 , 4.60025331, 1.05794018, 4.5640424 , 2.67887832,\n        1.98213648]]), array([0.42924403, 0.42964469, 0.42973496, 0.42976935, 0.42986724,\n       0.43001732, 0.43017779]))"}, "4": {"maxiter": 500, "fatol": 1e-05, "xatol": 1e-05, "duration": 0.11246109008789062, "fun": "0.42752061735767555", "nit": "428", "nfev": "666", "status": "0", "success": "True", "message": "Optimization terminated successfully.", "x": "[2.3811578  4.45225025 0.77206846 4.66498389 2.59376464 2.19479772]", "final_simplex": "(array([[2.3811578 , 4.45225025, 0.77206846, 4.66498389, 2.59376464,\n        2.19479772],\n       [2.38116196, 4.45224944, 0.77207434, 4.66498485, 2.5937653 ,\n        2.19479604],\n       [2.38116299, 4.45225232, 0.77207225, 4.66498175, 2.59376537,\n        2.19479348],\n       [2.38116283, 4.45224873, 0.77206874, 4.66498312, 2.59376843,\n        2.19479602],\n       [2.38115283, 4.45225702, 0.7720745 , 4.6649776 , 2.59376413,\n        2.19480539],\n       [2.3811522 , 4.45224409, 0.77206952, 4.66498382, 2.59375713,\n        2.19480196],\n       [2.38116493, 4.452241  , 0.77206279, 4.66499295, 2.5937629 ,\n        2.19480067]]), array([0.42752062, 0.42752062, 0.42752062, 0.42752062, 0.42752062,\n       0.42752062, 0.42752062]))"}, "5": {"maxiter": 500, "fatol": 1e-05, "xatol": 1e-10, "duration": 0.13724207878112793, "fun": "0.42752061735646607", "nit": "500", "nfev": "815", "status": "2", "success": "False", "message": "Maximum number of iterations has been exceeded.", "x": "[2.38115764 4.45225114 0.77207194 4.6649827  2.5937638  2.19479938]", "final_simplex": "(array([[2.38115764, 4.45225114, 0.77207194, 4.6649827 , 2.5937638 ,\n        2.19479938],\n       [2.38115764, 4.45225115, 0.77207194, 4.66498269, 2.5937638 ,\n        2.19479938],\n       [2.38115764, 4.45225114, 0.77207194, 4.6649827 , 2.5937638 ,\n        2.19479938],\n       [2.38115764, 4.45225114, 0.77207194, 4.66498269, 2.5937638 ,\n        2.19479937],\n       [2.38115764, 4.45225115, 0.77207194, 4.66498269, 2.5937638 ,\n        2.19479937],\n       [2.38115764, 4.45225114, 0.77207194, 4.66498269, 2.5937638 ,\n        2.19479938],\n       [2.38115764, 4.45225114, 0.77207194, 4.6649827 , 2.5937638 ,\n        2.19479938]]), array([0.42752062, 0.42752062, 0.42752062, 0.42752062, 0.42752062,\n       0.42752062, 0.42752062]))"}, "6": {"maxiter": 500, "fatol": 1e-10, "xatol": 1e-05, "duration": 0.11206507682800293, "fun": "0.42752061735767555", "nit": "428", "nfev": "666", "status": "0", "success": "True", "message": "Optimization terminated successfully.", "x": "[2.3811578  4.45225025 0.77206846 4.66498389 2.59376464 2.19479772]", "final_simplex": "(array([[2.3811578 , 4.45225025, 0.77206846, 4.66498389, 2.59376464,\n        2.19479772],\n       [2.38116196, 4.45224944, 0.77207434, 4.66498485, 2.5937653 ,\n        2.19479604],\n       [2.38116299, 4.45225232, 0.77207225, 4.66498175, 2.59376537,\n        2.19479348],\n       [2.38116283, 4.45224873, 0.77206874, 4.66498312, 2.59376843,\n        2.19479602],\n       [2.38115283, 4.45225702, 0.7720745 , 4.6649776 , 2.59376413,\n        2.19480539],\n       [2.3811522 , 4.45224409, 0.77206952, 4.66498382, 2.59375713,\n        2.19480196],\n       [2.38116493, 4.452241  , 0.77206279, 4.66499295, 2.5937629 ,\n        2.19480067]]), array([0.42752062, 0.42752062, 0.42752062, 0.42752062, 0.42752062,\n       0.42752062, 0.42752062]))"}, "7": {"maxiter": 500, "fatol": 1e-10, "xatol": 1e-10, "duration": 0.13753795623779297, "fun": "0.42752061735646607", "nit": "500", "nfev": "815", "status": "2", "success": "False", "message": "Maximum number of iterations has been exceeded.", "x": "[2.38115764 4.45225114 0.77207194 4.6649827  2.5937638  2.19479938]", "final_simplex": "(array([[2.38115764, 4.45225114, 0.77207194, 4.6649827 , 2.5937638 ,\n        2.19479938],\n       [2.38115764, 4.45225115, 0.77207194, 4.66498269, 2.5937638 ,\n        2.19479938],\n       [2.38115764, 4.45225114, 0.77207194, 4.6649827 , 2.5937638 ,\n        2.19479938],\n       [2.38115764, 4.45225114, 0.77207194, 4.66498269, 2.5937638 ,\n        2.19479937],\n       [2.38115764, 4.45225115, 0.77207194, 4.66498269, 2.5937638 ,\n        2.19479937],\n       [2.38115764, 4.45225114, 0.77207194, 4.66498269, 2.5937638 ,\n        2.19479938],\n       [2.38115764, 4.45225114, 0.77207194, 4.6649827 , 2.5937638 ,\n        2.19479938]]), array([0.42752062, 0.42752062, 0.42752062, 0.42752062, 0.42752062,\n       0.42752062, 0.42752062]))"}, "8": {"maxiter": 1000, "fatol": 1e-05, "xatol": 1e-05, "duration": 0.11603879928588867, "fun": "0.42752061735767555", "nit": "428", "nfev": "666", "status": "0", "success": "True", "message": "Optimization terminated successfully.", "x": "[2.3811578  4.45225025 0.77206846 4.66498389 2.59376464 2.19479772]", "final_simplex": "(array([[2.3811578 , 4.45225025, 0.77206846, 4.66498389, 2.59376464,\n        2.19479772],\n       [2.38116196, 4.45224944, 0.77207434, 4.66498485, 2.5937653 ,\n        2.19479604],\n       [2.38116299, 4.45225232, 0.77207225, 4.66498175, 2.59376537,\n        2.19479348],\n       [2.38116283, 4.45224873, 0.77206874, 4.66498312, 2.59376843,\n        2.19479602],\n       [2.38115283, 4.45225702, 0.7720745 , 4.6649776 , 2.59376413,\n        2.19480539],\n       [2.3811522 , 4.45224409, 0.77206952, 4.66498382, 2.59375713,\n        2.19480196],\n       [2.38116493, 4.452241  , 0.77206279, 4.66499295, 2.5937629 ,\n        2.19480067]]), array([0.42752062, 0.42752062, 0.42752062, 0.42752062, 0.42752062,\n       0.42752062, 0.42752062]))"}, "9": {"maxiter": 1000, "fatol": 1e-05, "xatol": 1e-10, "duration": 0.15085101127624512, "fun": "0.42752061735646607", "nit": "515", "nfev": "876", "status": "0", "success": "True", "message": "Optimization terminated successfully.", "x": "[2.38115764 4.45225114 0.77207194 4.6649827  2.5937638  2.19479938]", "final_simplex": "(array([[2.38115764, 4.45225114, 0.77207194, 4.6649827 , 2.5937638 ,\n        2.19479938],\n       [2.38115764, 4.45225114, 0.77207194, 4.6649827 , 2.5937638 ,\n        2.19479938],\n       [2.38115764, 4.45225114, 0.77207194, 4.6649827 , 2.5937638 ,\n        2.19479938],\n       [2.38115764, 4.45225114, 0.77207194, 4.6649827 , 2.5937638 ,\n        2.19479938],\n       [2.38115764, 4.45225114, 0.77207194, 4.6649827 , 2.5937638 ,\n        2.19479938],\n       [2.38115764, 4.45225114, 0.77207194, 4.6649827 , 2.5937638 ,\n        2.19479938],\n       [2.38115764, 4.45225114, 0.77207194, 4.6649827 , 2.5937638 ,\n        2.19479938]]), array([0.42752062, 0.42752062, 0.42752062, 0.42752062, 0.42752062,\n       0.42752062, 0.42752062]))"}, "10": {"maxiter": 1000, "fatol": 1e-10, "xatol": 1e-05, "duration": 0.11402106285095215, "fun": "0.42752061735767555", "nit": "428", "nfev": "666", "status": "0", "success": "True", "message": "Optimization terminated successfully.", "x": "[2.3811578  4.45225025 0.77206846 4.66498389 2.59376464 2.19479772]", "final_simplex": "(array([[2.3811578 , 4.45225025, 0.77206846, 4.66498389, 2.59376464,\n        2.19479772],\n       [2.38116196, 4.45224944, 0.77207434, 4.66498485, 2.5937653 ,\n        2.19479604],\n       [2.38116299, 4.45225232, 0.77207225, 4.66498175, 2.59376537,\n        2.19479348],\n       [2.38116283, 4.45224873, 0.77206874, 4.66498312, 2.59376843,\n        2.19479602],\n       [2.38115283, 4.45225702, 0.7720745 , 4.6649776 , 2.59376413,\n        2.19480539],\n       [2.3811522 , 4.45224409, 0.77206952, 4.66498382, 2.59375713,\n        2.19480196],\n       [2.38116493, 4.452241  , 0.77206279, 4.66499295, 2.5937629 ,\n        2.19480067]]), array([0.42752062, 0.42752062, 0.42752062, 0.42752062, 0.42752062,\n       0.42752062, 0.42752062]))"}, "11": {"maxiter": 1000, "fatol": 1e-10, "xatol": 1e-10, "duration": 0.14902472496032715, "fun": "0.42752061735646607", "nit": "515", "nfev": "876", "status": "0", "success": "True", "message": "Optimization terminated successfully.", "x": "[2.38115764 4.45225114 0.77207194 4.6649827  2.5937638  2.19479938]", "final_simplex": "(array([[2.38115764, 4.45225114, 0.77207194, 4.6649827 , 2.5937638 ,\n        2.19479938],\n       [2.38115764, 4.45225114, 0.77207194, 4.6649827 , 2.5937638 ,\n        2.19479938],\n       [2.38115764, 4.45225114, 0.77207194, 4.6649827 , 2.5937638 ,\n        2.19479938],\n       [2.38115764, 4.45225114, 0.77207194, 4.6649827 , 2.5937638 ,\n        2.19479938],\n       [2.38115764, 4.45225114, 0.77207194, 4.6649827 , 2.5937638 ,\n        2.19479938],\n       [2.38115764, 4.45225114, 0.77207194, 4.6649827 , 2.5937638 ,\n        2.19479938],\n       [2.38115764, 4.45225114, 0.77207194, 4.6649827 , 2.5937638 ,\n        2.19479938]]), array([0.42752062, 0.42752062, 0.42752062, 0.42752062, 0.42752062,\n       0.42752062, 0.42752062]))"}}, "bfgs": {"type": "gradient", "0": {"maxiter": 100, "gtol": 1e-05, "xrtol": 1e-05, "eps": 1e-05, "duration": 0.039273977279663086, "fun": "0.29351476569277835", "jac": "[ 1.22901689e-08  1.16180399e-06 -6.37911945e-07 -3.18526316e-06\n -3.68347575e-06  4.96817032e-06]", "hess_inv": "[[16.3589633   6.0544581   2.19133303  4.08054126 13.86610677 13.19688596]\n [ 6.0544581  17.2893594  13.90877681  0.37179475  8.88802274  7.37247413]\n [ 2.19133303 13.90877681 16.43957022  0.44541903 10.53970643  8.00364215]\n [ 4.08054126  0.37179475  0.44541903  4.38342559  5.25986643  4.5587199 ]\n [13.86610677  8.88802274 10.53970643  5.25986643 41.26888349 36.38157845]\n [13.19688596  7.37247413  8.00364215  4.5587199  36.38157845 36.28958791]]", "nfev": "224", "njev": "32", "status": "0", "success": "True", "message": "Optimization terminated successfully.", "x": "[ 2.63865353  5.64701791 -1.31271351  3.74640646  1.87495893  3.83627257]", "nit": "29"}, "1": {"maxiter": 100, "gtol": 1e-05, "xrtol": 1e-05, "eps": 1e-10, "duration": 0.03861403465270996, "fun": "0.29351476579597346", "jac": "[-1.11022293e-06 -1.11022293e-06 -1.11022293e-06 -3.33066880e-06\n -5.55111466e-06  2.22044587e-06]", "hess_inv": "[[16.23471414  6.08337799  2.35015244  4.23721735 13.77167733 13.02312207]\n [ 6.08337799 17.34555356 14.08737188  0.58852362  9.1035587   7.51935866]\n [ 2.35015244 14.08737188 16.75422087  0.73517675 10.85285739  8.18110895]\n [ 4.23721735  0.58852362  0.73517675  4.56008598  5.4658121   4.62630581]\n [13.77167733  9.1035587  10.85285739  5.4658121  40.81034441 35.75897534]\n [13.02312207  7.51935866  8.18110895  4.62630581 35.75897534 35.57646953]]", "nfev": "224", "njev": "32", "status": "0", "success": "True", "message": "Optimization terminated successfully.", "x": "[ 2.63863024  5.64702488 -1.31270271  3.74639923  1.87492307  3.836233  ]", "nit": "29"}, "2": {"maxiter": 100, "gtol": 1e-05, "xrtol": 1e-10, "eps": 1e-05, "duration": 0.03870105743408203, "fun": "0.29351476569277835", "jac": "[ 1.22901689e-08  1.16180399e-06 -6.37911945e-07 -3.18526316e-06\n -3.68347575e-06  4.96817032e-06]", "hess_inv": "[[16.3589633   6.0544581   2.19133303  4.08054126 13.86610677 13.19688596]\n [ 6.0544581  17.2893594  13.90877681  0.37179475  8.88802274  7.37247413]\n [ 2.19133303 13.90877681 16.43957022  0.44541903 10.53970643  8.00364215]\n [ 4.08054126  0.37179475  0.44541903  4.38342559  5.25986643  4.5587199 ]\n [13.86610677  8.88802274 10.53970643  5.25986643 41.26888349 36.38157845]\n [13.19688596  7.37247413  8.00364215  4.5587199  36.38157845 36.28958791]]", "nfev": "224", "njev": "32", "status": "0", "success": "True", "message": "Optimization terminated successfully.", "x": "[ 2.63865353  5.64701791 -1.31271351  3.74640646  1.87495893  3.83627257]", "nit": "29"}, "3": {"maxiter": 100, "gtol": 1e-05, "xrtol": 1e-10, "eps": 1e-10, "duration": 0.03889107704162598, "fun": "0.29351476579597346", "jac": "[-1.11022293e-06 -1.11022293e-06 -1.11022293e-06 -3.33066880e-06\n -5.55111466e-06  2.22044587e-06]", "hess_inv": "[[16.23471414  6.08337799  2.35015244  4.23721735 13.77167733 13.02312207]\n [ 6.08337799 17.34555356 14.08737188  0.58852362  9.1035587   7.51935866]\n [ 2.35015244 14.08737188 16.75422087  0.73517675 10.85285739  8.18110895]\n [ 4.23721735  0.58852362  0.73517675  4.56008598  5.4658121   4.62630581]\n [13.77167733  9.1035587  10.85285739  5.4658121  40.81034441 35.75897534]\n [13.02312207  7.51935866  8.18110895  4.62630581 35.75897534 35.57646953]]", "nfev": "224", "njev": "32", "status": "0", "success": "True", "message": "Optimization terminated successfully.", "x": "[ 2.63863024  5.64702488 -1.31270271  3.74639923  1.87492307  3.836233  ]", "nit": "29"}, "4": {"maxiter": 100, "gtol": 1e-10, "xrtol": 1e-05, "eps": 1e-05, "duration": 0.04121994972229004, "fun": "0.29351476567841395", "jac": "[-7.39408534e-09  8.21076540e-07 -4.66671146e-07 -2.16728857e-06\n -2.51456633e-06  3.40074635e-06]", "hess_inv": "[[17.053075    6.08909328  2.01374221  4.06288105 14.21630445 13.73061838]\n [ 6.08909328 17.11370672 13.8075495   0.50503367  8.74853931  7.01189646]\n [ 2.01374221 13.8075495  16.43691072  0.5197765  10.36837612  7.66545683]\n [ 4.06288105  0.50503367  0.5197765   4.28246485  5.36963431  4.83791508]\n [14.21630445  8.74853931 10.36837612  5.36963431 41.30668135 36.30823267]\n [13.73061838  7.01189646  7.66545683  4.83791508 36.30823267 35.85474509]]", "nfev": "238", "njev": "34", "status": "0", "success": "True", "message": "Optimization terminated successfully.", "x": "[ 2.63865074  5.6470141  -1.3127147   3.7464093   1.87495428  3.83626242]", "nit": "30"}, "5": {"maxiter": 100, "gtol": 1e-10, "xrtol": 1e-05, "eps": 1e-10, "duration": 0.04180097579956055, "fun": "0.29351476538395516", "jac": "[-1.11022293e-06  2.22044587e-06  0.00000000e+00  0.00000000e+00\n  0.00000000e+00  1.11022293e-06]", "hess_inv": "[[14.76960576  4.14266348  0.34815615  3.9425686  10.34810369 10.25791731]\n [ 4.14266348 13.90853993 10.60017052  0.21470679  3.40634628  2.67875423]\n [ 0.34815615 10.60017052 13.21346907  0.34279232  5.04183001  3.25360279]\n [ 3.9425686   0.21470679  0.34279232  4.60396867  5.02246282  4.3372199 ]\n [10.34810369  3.40634628  5.04183001  5.02246282 31.73191902 28.24470792]\n [10.25791731  2.67875423  3.25360279  4.3372199  28.24470792 29.33473009]]", "nfev": "238", "njev": "34", "status": "0", "success": "True", "message": "Optimization terminated successfully.", "x": "[ 2.63869942  5.64707036 -1.31265398  3.74643781  1.87507409  3.83635708]", "nit": "31"}, "6": {"maxiter": 100, "gtol": 1e-10, "xrtol": 1e-10, "eps": 1e-05, "duration": 0.0838162899017334, "fun": "0.29351476567799595", "jac": "[-3.84137167e-09  4.73443507e-07 -2.68662870e-07 -1.24983357e-06\n -1.45009560e-06  1.96113126e-06]", "hess_inv": "[[17.04313051  6.08054181  1.99461012  4.07540357 14.21447325 13.71519064]\n [ 6.08054181 17.10886465 13.78363637  0.51703596  8.75437006  7.00899323]\n [ 1.99461012 13.78363637 16.42226503  0.54021168 10.34285726  7.60498135]\n [ 4.07540357  0.51703596  0.54021168  4.26727351  5.37556595  4.86245644]\n [14.21447325  8.75437006 10.34285726  5.37556595 41.3281743  36.33595931]\n [13.71519064  7.00899323  7.60498135  4.86245644 36.33595931 35.87355648]]", "nfev": "488", "njev": "68", "status": "2", "success": "False", "message": "Desired error not necessarily achieved due to precision loss.", "x": "[ 2.63864821  5.64701061 -1.31271568  3.74641188  1.87494995  3.83625303]", "nit": "31"}, "7": {"maxiter": 100, "gtol": 1e-10, "xrtol": 1e-10, "eps": 1e-10, "duration": 0.08314800262451172, "fun": "0.2935147653810859", "jac": "[ 0.00000000e+00  0.00000000e+00  2.22044587e-06 -2.22044587e-06\n -1.11022293e-06  1.11022293e-06]", "hess_inv": "[[ 0.49358905 -0.82795223 -0.64114705 -0.04862291  0.50070691  0.89181032]\n [-0.82795223  1.59546228  1.27221085 -0.01036168 -0.98671938 -1.76609862]\n [-0.64114705  1.27221085  1.02686494 -0.01982946 -0.79543661 -1.42483335]\n [-0.04862291 -0.01036168 -0.01982946  0.05572896  0.00858146  0.02411806]\n [ 0.50070691 -0.98671938 -0.79543661  0.00858146  0.62085167  1.10592492]\n [ 0.89181032 -1.76609862 -1.42483335  0.02411806  1.10592492  1.97836176]]", "nfev": "483", "njev": "69", "status": "2", "success": "False", "message": "Desired error not necessarily achieved due to precision loss.", "x": "[ 2.63870326  5.6470652  -1.3126564   3.74643765  1.87507465  3.83635981]", "nit": "43"}, "8": {"maxiter": 500, "gtol": 1e-05, "xrtol": 1e-05, "eps": 1e-05, "duration": 0.038923025131225586, "fun": "0.29351476569277835", "jac": "[ 1.22901689e-08  1.16180399e-06 -6.37911945e-07 -3.18526316e-06\n -3.68347575e-06  4.96817032e-06]", "hess_inv": "[[16.3589633   6.0544581   2.19133303  4.08054126 13.86610677 13.19688596]\n [ 6.0544581  17.2893594  13.90877681  0.37179475  8.88802274  7.37247413]\n [ 2.19133303 13.90877681 16.43957022  0.44541903 10.53970643  8.00364215]\n [ 4.08054126  0.37179475  0.44541903  4.38342559  5.25986643  4.5587199 ]\n [13.86610677  8.88802274 10.53970643  5.25986643 41.26888349 36.38157845]\n [13.19688596  7.37247413  8.00364215  4.5587199  36.38157845 36.28958791]]", "nfev": "224", "njev": "32", "status": "0", "success": "True", "message": "Optimization terminated successfully.", "x": "[ 2.63865353  5.64701791 -1.31271351  3.74640646  1.87495893  3.83627257]", "nit": "29"}, "9": {"maxiter": 500, "gtol": 1e-05, "xrtol": 1e-05, "eps": 1e-10, "duration": 0.0387110710144043, "fun": "0.29351476579597346", "jac": "[-1.11022293e-06 -1.11022293e-06 -1.11022293e-06 -3.33066880e-06\n -5.55111466e-06  2.22044587e-06]", "hess_inv": "[[16.23471414  6.08337799  2.35015244  4.23721735 13.77167733 13.02312207]\n [ 6.08337799 17.34555356 14.08737188  0.58852362  9.1035587   7.51935866]\n [ 2.35015244 14.08737188 16.75422087  0.73517675 10.85285739  8.18110895]\n [ 4.23721735  0.58852362  0.73517675  4.56008598  5.4658121   4.62630581]\n [13.77167733  9.1035587  10.85285739  5.4658121  40.81034441 35.75897534]\n [13.02312207  7.51935866  8.18110895  4.62630581 35.75897534 35.57646953]]", "nfev": "224", "njev": "32", "status": "0", "success": "True", "message": "Optimization terminated successfully.", "x": "[ 2.63863024  5.64702488 -1.31270271  3.74639923  1.87492307  3.836233  ]", "nit": "29"}, "10": {"maxiter": 500, "gtol": 1e-05, "xrtol": 1e-10, "eps": 1e-05, "duration": 0.03906989097595215, "fun": "0.29351476569277835", "jac": "[ 1.22901689e-08  1.16180399e-06 -6.37911945e-07 -3.18526316e-06\n -3.68347575e-06  4.96817032e-06]", "hess_inv": "[[16.3589633   6.0544581   2.19133303  4.08054126 13.86610677 13.19688596]\n [ 6.0544581  17.2893594  13.90877681  0.37179475  8.88802274  7.37247413]\n [ 2.19133303 13.90877681 16.43957022  0.44541903 10.53970643  8.00364215]\n [ 4.08054126  0.37179475  0.44541903  4.38342559  5.25986643  4.5587199 ]\n [13.86610677  8.88802274 10.53970643  5.25986643 41.26888349 36.38157845]\n [13.19688596  7.37247413  8.00364215  4.5587199  36.38157845 36.28958791]]", "nfev": "224", "njev": "32", "status": "0", "success": "True", "message": "Optimization terminated successfully.", "x": "[ 2.63865353  5.64701791 -1.31271351  3.74640646  1.87495893  3.83627257]", "nit": "29"}, "11": {"maxiter": 500, "gtol": 1e-05, "xrtol": 1e-10, "eps": 1e-10, "duration": 0.03862762451171875, "fun": "0.29351476579597346", "jac": "[-1.11022293e-06 -1.11022293e-06 -1.11022293e-06 -3.33066880e-06\n -5.55111466e-06  2.22044587e-06]", "hess_inv": "[[16.23471414  6.08337799  2.35015244  4.23721735 13.77167733 13.02312207]\n [ 6.08337799 17.34555356 14.08737188  0.58852362  9.1035587   7.51935866]\n [ 2.35015244 14.08737188 16.75422087  0.73517675 10.85285739  8.18110895]\n [ 4.23721735  0.58852362  0.73517675  4.56008598  5.4658121   4.62630581]\n [13.77167733  9.1035587  10.85285739  5.4658121  40.81034441 35.75897534]\n [13.02312207  7.51935866  8.18110895  4.62630581 35.75897534 35.57646953]]", "nfev": "224", "njev": "32", "status": "0", "success": "True", "message": "Optimization terminated successfully.", "x": "[ 2.63863024  5.64702488 -1.31270271  3.74639923  1.87492307  3.836233  ]", "nit": "29"}, "12": {"maxiter": 500, "gtol": 1e-10, "xrtol": 1e-05, "eps": 1e-05, "duration": 0.04088187217712402, "fun": "0.29351476567841395", "jac": "[-7.39408534e-09  8.21076540e-07 -4.66671146e-07 -2.16728857e-06\n -2.51456633e-06  3.40074635e-06]", "hess_inv": "[[17.053075    6.08909328  2.01374221  4.06288105 14.21630445 13.73061838]\n [ 6.08909328 17.11370672 13.8075495   0.50503367  8.74853931  7.01189646]\n [ 2.01374221 13.8075495  16.43691072  0.5197765  10.36837612  7.66545683]\n [ 4.06288105  0.50503367  0.5197765   4.28246485  5.36963431  4.83791508]\n [14.21630445  8.74853931 10.36837612  5.36963431 41.30668135 36.30823267]\n [13.73061838  7.01189646  7.66545683  4.83791508 36.30823267 35.85474509]]", "nfev": "238", "njev": "34", "status": "0", "success": "True", "message": "Optimization terminated successfully.", "x": "[ 2.63865074  5.6470141  -1.3127147   3.7464093   1.87495428  3.83626242]", "nit": "30"}, "13": {"maxiter": 500, "gtol": 1e-10, "xrtol": 1e-05, "eps": 1e-10, "duration": 0.04132199287414551, "fun": "0.29351476538395516", "jac": "[-1.11022293e-06  2.22044587e-06  0.00000000e+00  0.00000000e+00\n  0.00000000e+00  1.11022293e-06]", "hess_inv": "[[14.76960576  4.14266348  0.34815615  3.9425686  10.34810369 10.25791731]\n [ 4.14266348 13.90853993 10.60017052  0.21470679  3.40634628  2.67875423]\n [ 0.34815615 10.60017052 13.21346907  0.34279232  5.04183001  3.25360279]\n [ 3.9425686   0.21470679  0.34279232  4.60396867  5.02246282  4.3372199 ]\n [10.34810369  3.40634628  5.04183001  5.02246282 31.73191902 28.24470792]\n [10.25791731  2.67875423  3.25360279  4.3372199  28.24470792 29.33473009]]", "nfev": "238", "njev": "34", "status": "0", "success": "True", "message": "Optimization terminated successfully.", "x": "[ 2.63869942  5.64707036 -1.31265398  3.74643781  1.87507409  3.83635708]", "nit": "31"}, "14": {"maxiter": 500, "gtol": 1e-10, "xrtol": 1e-10, "eps": 1e-05, "duration": 0.08357095718383789, "fun": "0.29351476567799595", "jac": "[-3.84137167e-09  4.73443507e-07 -2.68662870e-07 -1.24983357e-06\n -1.45009560e-06  1.96113126e-06]", "hess_inv": "[[17.04313051  6.08054181  1.99461012  4.07540357 14.21447325 13.71519064]\n [ 6.08054181 17.10886465 13.78363637  0.51703596  8.75437006  7.00899323]\n [ 1.99461012 13.78363637 16.42226503  0.54021168 10.34285726  7.60498135]\n [ 4.07540357  0.51703596  0.54021168  4.26727351  5.37556595  4.86245644]\n [14.21447325  8.75437006 10.34285726  5.37556595 41.3281743  36.33595931]\n [13.71519064  7.00899323  7.60498135  4.86245644 36.33595931 35.87355648]]", "nfev": "488", "njev": "68", "status": "2", "success": "False", "message": "Desired error not necessarily achieved due to precision loss.", "x": "[ 2.63864821  5.64701061 -1.31271568  3.74641188  1.87494995  3.83625303]", "nit": "31"}, "15": {"maxiter": 500, "gtol": 1e-10, "xrtol": 1e-10, "eps": 1e-10, "duration": 0.08255600929260254, "fun": "0.2935147653810859", "jac": "[ 0.00000000e+00  0.00000000e+00  2.22044587e-06 -2.22044587e-06\n -1.11022293e-06  1.11022293e-06]", "hess_inv": "[[ 0.49358905 -0.82795223 -0.64114705 -0.04862291  0.50070691  0.89181032]\n [-0.82795223  1.59546228  1.27221085 -0.01036168 -0.98671938 -1.76609862]\n [-0.64114705  1.27221085  1.02686494 -0.01982946 -0.79543661 -1.42483335]\n [-0.04862291 -0.01036168 -0.01982946  0.05572896  0.00858146  0.02411806]\n [ 0.50070691 -0.98671938 -0.79543661  0.00858146  0.62085167  1.10592492]\n [ 0.89181032 -1.76609862 -1.42483335  0.02411806  1.10592492  1.97836176]]", "nfev": "483", "njev": "69", "status": "2", "success": "False", "message": "Desired error not necessarily achieved due to precision loss.", "x": "[ 2.63870326  5.6470652  -1.3126564   3.74643765  1.87507465  3.83635981]", "nit": "43"}, "16": {"maxiter": 1000, "gtol": 1e-05, "xrtol": 1e-05, "eps": 1e-05, "duration": 0.0381617546081543, "fun": "0.29351476569277835", "jac": "[ 1.22901689e-08  1.16180399e-06 -6.37911945e-07 -3.18526316e-06\n -3.68347575e-06  4.96817032e-06]", "hess_inv": "[[16.3589633   6.0544581   2.19133303  4.08054126 13.86610677 13.19688596]\n [ 6.0544581  17.2893594  13.90877681  0.37179475  8.88802274  7.37247413]\n [ 2.19133303 13.90877681 16.43957022  0.44541903 10.53970643  8.00364215]\n [ 4.08054126  0.37179475  0.44541903  4.38342559  5.25986643  4.5587199 ]\n [13.86610677  8.88802274 10.53970643  5.25986643 41.26888349 36.38157845]\n [13.19688596  7.37247413  8.00364215  4.5587199  36.38157845 36.28958791]]", "nfev": "224", "njev": "32", "status": "0", "success": "True", "message": "Optimization terminated successfully.", "x": "[ 2.63865353  5.64701791 -1.31271351  3.74640646  1.87495893  3.83627257]", "nit": "29"}, "17": {"maxiter": 1000, "gtol": 1e-05, "xrtol": 1e-05, "eps": 1e-10, "duration": 0.038453102111816406, "fun": "0.29351476579597346", "jac": "[-1.11022293e-06 -1.11022293e-06 -1.11022293e-06 -3.33066880e-06\n -5.55111466e-06  2.22044587e-06]", "hess_inv": "[[16.23471414  6.08337799  2.35015244  4.23721735 13.77167733 13.02312207]\n [ 6.08337799 17.34555356 14.08737188  0.58852362  9.1035587   7.51935866]\n [ 2.35015244 14.08737188 16.75422087  0.73517675 10.85285739  8.18110895]\n [ 4.23721735  0.58852362  0.73517675  4.56008598  5.4658121   4.62630581]\n [13.77167733  9.1035587  10.85285739  5.4658121  40.81034441 35.75897534]\n [13.02312207  7.51935866  8.18110895  4.62630581 35.75897534 35.57646953]]", "nfev": "224", "njev": "32", "status": "0", "success": "True", "message": "Optimization terminated successfully.", "x": "[ 2.63863024  5.64702488 -1.31270271  3.74639923  1.87492307  3.836233  ]", "nit": "29"}, "18": {"maxiter": 1000, "gtol": 1e-05, "xrtol": 1e-10, "eps": 1e-05, "duration": 0.03886008262634277, "fun": "0.29351476569277835", "jac": "[ 1.22901689e-08  1.16180399e-06 -6.37911945e-07 -3.18526316e-06\n -3.68347575e-06  4.96817032e-06]", "hess_inv": "[[16.3589633   6.0544581   2.19133303  4.08054126 13.86610677 13.19688596]\n [ 6.0544581  17.2893594  13.90877681  0.37179475  8.88802274  7.37247413]\n [ 2.19133303 13.90877681 16.43957022  0.44541903 10.53970643  8.00364215]\n [ 4.08054126  0.37179475  0.44541903  4.38342559  5.25986643  4.5587199 ]\n [13.86610677  8.88802274 10.53970643  5.25986643 41.26888349 36.38157845]\n [13.19688596  7.37247413  8.00364215  4.5587199  36.38157845 36.28958791]]", "nfev": "224", "njev": "32", "status": "0", "success": "True", "message": "Optimization terminated successfully.", "x": "[ 2.63865353  5.64701791 -1.31271351  3.74640646  1.87495893  3.83627257]", "nit": "29"}, "19": {"maxiter": 1000, "gtol": 1e-05, "xrtol": 1e-10, "eps": 1e-10, "duration": 0.03841280937194824, "fun": "0.29351476579597346", "jac": "[-1.11022293e-06 -1.11022293e-06 -1.11022293e-06 -3.33066880e-06\n -5.55111466e-06  2.22044587e-06]", "hess_inv": "[[16.23471414  6.08337799  2.35015244  4.23721735 13.77167733 13.02312207]\n [ 6.08337799 17.34555356 14.08737188  0.58852362  9.1035587   7.51935866]\n [ 2.35015244 14.08737188 16.75422087  0.73517675 10.85285739  8.18110895]\n [ 4.23721735  0.58852362  0.73517675  4.56008598  5.4658121   4.62630581]\n [13.77167733  9.1035587  10.85285739  5.4658121  40.81034441 35.75897534]\n [13.02312207  7.51935866  8.18110895  4.62630581 35.75897534 35.57646953]]", "nfev": "224", "njev": "32", "status": "0", "success": "True", "message": "Optimization terminated successfully.", "x": "[ 2.63863024  5.64702488 -1.31270271  3.74639923  1.87492307  3.836233  ]", "nit": "29"}, "20": {"maxiter": 1000, "gtol": 1e-10, "xrtol": 1e-05, "eps": 1e-05, "duration": 0.04113483428955078, "fun": "0.29351476567841395", "jac": "[-7.39408534e-09  8.21076540e-07 -4.66671146e-07 -2.16728857e-06\n -2.51456633e-06  3.40074635e-06]", "hess_inv": "[[17.053075    6.08909328  2.01374221  4.06288105 14.21630445 13.73061838]\n [ 6.08909328 17.11370672 13.8075495   0.50503367  8.74853931  7.01189646]\n [ 2.01374221 13.8075495  16.43691072  0.5197765  10.36837612  7.66545683]\n [ 4.06288105  0.50503367  0.5197765   4.28246485  5.36963431  4.83791508]\n [14.21630445  8.74853931 10.36837612  5.36963431 41.30668135 36.30823267]\n [13.73061838  7.01189646  7.66545683  4.83791508 36.30823267 35.85474509]]", "nfev": "238", "njev": "34", "status": "0", "success": "True", "message": "Optimization terminated successfully.", "x": "[ 2.63865074  5.6470141  -1.3127147   3.7464093   1.87495428  3.83626242]", "nit": "30"}, "21": {"maxiter": 1000, "gtol": 1e-10, "xrtol": 1e-05, "eps": 1e-10, "duration": 0.041001081466674805, "fun": "0.29351476538395516", "jac": "[-1.11022293e-06  2.22044587e-06  0.00000000e+00  0.00000000e+00\n  0.00000000e+00  1.11022293e-06]", "hess_inv": "[[14.76960576  4.14266348  0.34815615  3.9425686  10.34810369 10.25791731]\n [ 4.14266348 13.90853993 10.60017052  0.21470679  3.40634628  2.67875423]\n [ 0.34815615 10.60017052 13.21346907  0.34279232  5.04183001  3.25360279]\n [ 3.9425686   0.21470679  0.34279232  4.60396867  5.02246282  4.3372199 ]\n [10.34810369  3.40634628  5.04183001  5.02246282 31.73191902 28.24470792]\n [10.25791731  2.67875423  3.25360279  4.3372199  28.24470792 29.33473009]]", "nfev": "238", "njev": "34", "status": "0", "success": "True", "message": "Optimization terminated successfully.", "x": "[ 2.63869942  5.64707036 -1.31265398  3.74643781  1.87507409  3.83635708]", "nit": "31"}, "22": {"maxiter": 1000, "gtol": 1e-10, "xrtol": 1e-10, "eps": 1e-05, "duration": 0.08324503898620605, "fun": "0.29351476567799595", "jac": "[-3.84137167e-09  4.73443507e-07 -2.68662870e-07 -1.24983357e-06\n -1.45009560e-06  1.96113126e-06]", "hess_inv": "[[17.04313051  6.08054181  1.99461012  4.07540357 14.21447325 13.71519064]\n [ 6.08054181 17.10886465 13.78363637  0.51703596  8.75437006  7.00899323]\n [ 1.99461012 13.78363637 16.42226503  0.54021168 10.34285726  7.60498135]\n [ 4.07540357  0.51703596  0.54021168  4.26727351  5.37556595  4.86245644]\n [14.21447325  8.75437006 10.34285726  5.37556595 41.3281743  36.33595931]\n [13.71519064  7.00899323  7.60498135  4.86245644 36.33595931 35.87355648]]", "nfev": "488", "njev": "68", "status": "2", "success": "False", "message": "Desired error not necessarily achieved due to precision loss.", "x": "[ 2.63864821  5.64701061 -1.31271568  3.74641188  1.87494995  3.83625303]", "nit": "31"}, "23": {"maxiter": 1000, "gtol": 1e-10, "xrtol": 1e-10, "eps": 1e-10, "duration": 0.08289289474487305, "fun": "0.2935147653810859", "jac": "[ 0.00000000e+00  0.00000000e+00  2.22044587e-06 -2.22044587e-06\n -1.11022293e-06  1.11022293e-06]", "hess_inv": "[[ 0.49358905 -0.82795223 -0.64114705 -0.04862291  0.50070691  0.89181032]\n [-0.82795223  1.59546228  1.27221085 -0.01036168 -0.98671938 -1.76609862]\n [-0.64114705  1.27221085  1.02686494 -0.01982946 -0.79543661 -1.42483335]\n [-0.04862291 -0.01036168 -0.01982946  0.05572896  0.00858146  0.02411806]\n [ 0.50070691 -0.98671938 -0.79543661  0.00858146  0.62085167  1.10592492]\n [ 0.89181032 -1.76609862 -1.42483335  0.02411806  1.10592492  1.97836176]]", "nfev": "483", "njev": "69", "status": "2", "success": "False", "message": "Desired error not necessarily achieved due to precision loss.", "x": "[ 2.63870326  5.6470652  -1.3126564   3.74643765  1.87507465  3.83635981]", "nit": "43"}}, "cobyla": {"0": {"maxiter": 100, "tol": 1e-05, "catol": 1e-05, "duration": 0.016813993453979492, "x": "[ 3.01803944  6.64249658 -0.42611033  3.87101085  2.18234044  4.12343581]", "status": "2", "success": "False", "message": "Maximum number of function evaluations has been exceeded.", "nfev": "100", "fun": "0.2993613081977323", "maxcv": "0.0"}, "1": {"maxiter": 100, "tol": 1e-05, "catol": 1e-10, "duration": 0.016607999801635742, "x": "[ 3.01803944  6.64249658 -0.42611033  3.87101085  2.18234044  4.12343581]", "status": "2", "success": "False", "message": "Maximum number of function evaluations has been exceeded.", "nfev": "100", "fun": "0.2993613081977323", "maxcv": "0.0"}, "2": {"maxiter": 100, "tol": 1e-10, "catol": 1e-05, "duration": 0.01663374900817871, "x": "[ 3.01803944  6.64249658 -0.42611033  3.87101085  2.18234044  4.12343581]", "status": "2", "success": "False", "message": "Maximum number of function evaluations has been exceeded.", "nfev": "100", "fun": "0.2993613081977323", "maxcv": "0.0"}, "3": {"maxiter": 100, "tol": 1e-10, "catol": 1e-10, "duration": 0.0166471004486084, "x": "[ 3.01803944  6.64249658 -0.42611033  3.87101085  2.18234044  4.12343581]", "status": "2", "success": "False", "message": "Maximum number of function evaluations has been exceeded.", "nfev": "100", "fun": "0.2993613081977323", "maxcv": "0.0"}, "4": {"maxiter": 500, "tol": 1e-05, "catol": 1e-05, "duration": 0.08247208595275879, "x": "[ 2.77439296  5.84843856 -1.12827292  3.79259403  2.08392168  4.0245162 ]", "status": "2", "success": "False", "message": "Maximum number of function evaluations has been exceeded.", "nfev": "500", "fun": "0.29465442141572906", "maxcv": "0.0"}, "5": {"maxiter": 500, "tol": 1e-05, "catol": 1e-10, "duration": 0.08068990707397461, "x": "[ 2.77439296  5.84843856 -1.12827292  3.79259403  2.08392168  4.0245162 ]", "status": "2", "success": "False", "message": "Maximum number of function evaluations has been exceeded.", "nfev": "500", "fun": "0.29465442141572906", "maxcv": "0.0"}, "6": {"maxiter": 500, "tol": 1e-10, "catol": 1e-05, "duration": 0.08041810989379883, "x": "[ 2.77439296  5.84843856 -1.12827292  3.79259403  2.08392168  4.0245162 ]", "status": "2", "success": "False", "message": "Maximum number of function evaluations has been exceeded.", "nfev": "500", "fun": "0.29465442141572906", "maxcv": "0.0"}, "7": {"maxiter": 500, "tol": 1e-10, "catol": 1e-10, "duration": 0.08033084869384766, "x": "[ 2.77439296  5.84843856 -1.12827292  3.79259403  2.08392168  4.0245162 ]", "status": "2", "success": "False", "message": "Maximum number of function evaluations has been exceeded.", "nfev": "500", "fun": "0.29465442141572906", "maxcv": "0.0"}, "8": {"maxiter": 1000, "tol": 1e-05, "catol": 1e-05, "duration": 0.16068220138549805, "x": "[ 2.64032787  5.648056   -1.3117156   3.74704546  1.87878456  3.83994819]", "status": "2", "success": "False", "message": "Maximum number of function evaluations has been exceeded.", "nfev": "1000", "fun": "0.29351495315470955", "maxcv": "0.0"}, "9": {"maxiter": 1000, "tol": 1e-05, "catol": 1e-10, "duration": 0.16074204444885254, "x": "[ 2.64032787  5.648056   -1.3117156   3.74704546  1.87878456  3.83994819]", "status": "2", "success": "False", "message": "Maximum number of function evaluations has been exceeded.", "nfev": "1000", "fun