{"date": "2024/07/19/, 07:54:13", "conf_id": 162, "data_type": "non_lin_ind\n", "num_data_points": 1, "s_rank": 0, "unitary": "[[0.18663085-0.53122324j,-0.11886349-0.70040876j,0.28555095-0.02789305j,-0.12262021-0.2844587j],[-0.16702216+0.27758472j,0.27526351-0.29738586j,-0.01109314+0.22495461j,-0.77239203+0.28900673j],[0.61935415+0.12301792j,-0.31269928-0.03315917j,-0.61902762-0.19039079j,-0.27120731-0.0968989j],[0.42341754+0.0023929j,-0.05847358+0.47832119j,0.64900495-0.16218422j,-0.37182676-0.05229966j]]", "databatch_0": {"databatch": "[[[0.03614076-0.08805913j,-0.03056086+0.08552447j,0.18598533+0.05627287j,-0.03675347+0.05227923j],[-0.05707402+0.10823314j,0.04962245-0.10567609j,-0.23106062-0.09487733j,0.05345784-0.06237496j],[0.16887689+0.06244163j,-0.16371299-0.05206273j,-0.09396234+0.35533766j,-0.10128046-0.06598814j],[-0.17621621+0.2562739j,0.15664628-0.25203162j,-0.55511185-0.3081195j,0.15347012-0.1415841j]]]", "initial param values": "[2.22102069,0.4998332,1.79434252,0.88573761,5.84429136,4.49639663]", "nelder_mead": {"type": "gradient-free", "0": {"maxiter": 100, "fatol": 1e-05, "xatol": 1e-05, "duration": 0.026524782180786133, "fun": "0.1068399965896285", "nit": "100", "nfev": "155", "status": "2", "success": "False", "message": "Maximum number of iterations has been exceeded.", "x": "[3.6199301  0.29293594 3.7466411  0.61067092 7.65380053 2.13393502]", "final_simplex": "(array([[3.6199301 , 0.29293594, 3.7466411 , 0.61067092, 7.65380053,\n        2.13393502],\n       [3.60637533, 0.31232118, 3.81643115, 0.57802112, 7.68014508,\n        2.1859024 ],\n       [3.57911812, 0.31911097, 3.85485803, 0.58454796, 7.88502566,\n        1.90780647],\n       [3.59299372, 0.29554172, 3.7879591 , 0.62205194, 7.64455655,\n        2.17335294],\n       [3.58120367, 0.3094928 , 3.80493905, 0.59947325, 7.81640624,\n        1.9497709 ],\n       [3.61784222, 0.30711549, 3.88395338, 0.58818669, 7.73922175,\n        1.97475186],\n       [3.58237435, 0.32816692, 3.88764462, 0.58215948, 7.76025196,\n        2.04957711]]), array([0.10684   , 0.1069015 , 0.10718304, 0.10768519, 0.10797294,\n       0.10826608, 0.10873094]))"}, "1": {"maxiter": 100, "fatol": 1e-05, "xatol": 1e-10, "duration": 0.026304006576538086, "fun": "0.1068399965896285", "nit": "100", "nfev": "155", "status": "2", "success": "False", "message": "Maximum number of iterations has been exceeded.", "x": "[3.6199301  0.29293594 3.7466411  0.61067092 7.65380053 2.13393502]", "final_simplex": "(array([[3.6199301 , 0.29293594, 3.7466411 , 0.61067092, 7.65380053,\n        2.13393502],\n       [3.60637533, 0.31232118, 3.81643115, 0.57802112, 7.68014508,\n        2.1859024 ],\n       [3.57911812, 0.31911097, 3.85485803, 0.58454796, 7.88502566,\n        1.90780647],\n       [3.59299372, 0.29554172, 3.7879591 , 0.62205194, 7.64455655,\n        2.17335294],\n       [3.58120367, 0.3094928 , 3.80493905, 0.59947325, 7.81640624,\n        1.9497709 ],\n       [3.61784222, 0.30711549, 3.88395338, 0.58818669, 7.73922175,\n        1.97475186],\n       [3.58237435, 0.32816692, 3.88764462, 0.58215948, 7.76025196,\n        2.04957711]]), array([0.10684   , 0.1069015 , 0.10718304, 0.10768519, 0.10797294,\n       0.10826608, 0.10873094]))"}, "2": {"maxiter": 100, "fatol": 1e-10, "xatol": 1e-05, "duration": 0.02630019187927246, "fun": "0.1068399965896285", "nit": "100", "nfev": "155", "status": "2", "success": "False", "message": "Maximum number of iterations has been exceeded.", "x": "[3.6199301  0.29293594 3.7466411  0.61067092 7.65380053 2.13393502]", "final_simplex": "(array([[3.6199301 , 0.29293594, 3.7466411 , 0.61067092, 7.65380053,\n        2.13393502],\n       [3.60637533, 0.31232118, 3.81643115, 0.57802112, 7.68014508,\n        2.1859024 ],\n       [3.57911812, 0.31911097, 3.85485803, 0.58454796, 7.88502566,\n        1.90780647],\n       [3.59299372, 0.29554172, 3.7879591 , 0.62205194, 7.64455655,\n        2.17335294],\n       [3.58120367, 0.3094928 , 3.80493905, 0.59947325, 7.81640624,\n        1.9497709 ],\n       [3.61784222, 0.30711549, 3.88395338, 0.58818669, 7.73922175,\n        1.97475186],\n       [3.58237435, 0.32816692, 3.88764462, 0.58215948, 7.76025196,\n        2.04957711]]), array([0.10684   , 0.1069015 , 0.10718304, 0.10768519, 0.10797294,\n       0.10826608, 0.10873094]))"}, "3": {"maxiter": 100, "fatol": 1e-10, "xatol": 1e-10, "duration": 0.026292085647583008, "fun": "0.1068399965896285", "nit": "100", "nfev": "155", "status": "2", "success": "False", "message": "Maximum number of iterations has been exceeded.", "x": "[3.6199301  0.29293594 3.7466411  0.61067092 7.65380053 2.13393502]", "final_simplex": "(array([[3.6199301 , 0.29293594, 3.7466411 , 0.61067092, 7.65380053,\n        2.13393502],\n       [3.60637533, 0.31232118, 3.81643115, 0.57802112, 7.68014508,\n        2.1859024 ],\n       [3.57911812, 0.31911097, 3.85485803, 0.58454796, 7.88502566,\n        1.90780647],\n       [3.59299372, 0.29554172, 3.7879591 , 0.62205194, 7.64455655,\n        2.17335294],\n       [3.58120367, 0.3094928 , 3.80493905, 0.59947325, 7.81640624,\n        1.9497709 ],\n       [3.61784222, 0.30711549, 3.88395338, 0.58818669, 7.73922175,\n        1.97475186],\n       [3.58237435, 0.32816692, 3.88764462, 0.58215948, 7.76025196,\n        2.04957711]]), array([0.10684   , 0.1069015 , 0.10718304, 0.10768519, 0.10797294,\n       0.10826608, 0.10873094]))"}, "4": {"maxiter": 500, "fatol": 1e-05, "xatol": 1e-05, "duration": 0.09767699241638184, "fun": "0.01227460344056186", "nit": "364", "nfev": "577", "status": "0", "success": "True", "message": "Optimization terminated successfully.", "x": "[ 4.15681979 -0.32038823  3.5980724   0.65915314  9.74195165 -0.04526508]", "final_simplex": "(array([[ 4.15681979, -0.32038823,  3.5980724 ,  0.65915314,  9.74195165,\n        -0.04526508],\n       [ 4.15681697, -0.3203843 ,  3.59807464,  0.6591507 ,  9.7419539 ,\n        -0.04527064],\n       [ 4.15682085, -0.32038633,  3.59807195,  0.65914949,  9.74195516,\n        -0.04527229],\n       [ 4.15682288, -0.32038669,  3.59807251,  0.65914989,  9.74195408,\n        -0.04527067],\n       [ 4.1568234 , -0.32038669,  3.59807444,  0.65914912,  9.74195617,\n        -0.04526743],\n       [ 4.15682399, -0.32038172,  3.59808003,  0.65914398,  9.74194715,\n        -0.04526044],\n       [ 4.15682221, -0.32038111,  3.5980748 ,  0.65914711,  9.74195357,\n        -0.04526698]]), array([0.0122746, 0.0122746, 0.0122746, 0.0122746, 0.0122746, 0.0122746,\n       0.0122746]))"}, "5": {"maxiter": 500, "fatol": 1e-05, "xatol": 1e-10, "duration": 0.13076019287109375, "fun": "0.012274603437886333", "nit": "450", "nfev": "772", "status": "0", "success": "True", "message": "Optimization terminated successfully.", "x": "[ 4.15681992 -0.32038615  3.59807429  0.65915014  9.74195172 -0.04526717]", "final_simplex": "(array([[ 4.15681992, -0.32038615,  3.59807429,  0.65915014,  9.74195172,\n        -0.04526717],\n       [ 4.15681992, -0.32038615,  3.59807429,  0.65915014,  9.74195172,\n        -0.04526717],\n       [ 4.15681992, -0.32038615,  3.59807429,  0.65915014,  9.74195172,\n        -0.04526717],\n       [ 4.15681992, -0.32038615,  3.59807429,  0.65915014,  9.74195172,\n        -0.04526717],\n       [ 4.15681992, -0.32038615,  3.59807429,  0.65915014,  9.74195172,\n        -0.04526717],\n       [ 4.15681992, -0.32038615,  3.59807429,  0.65915014,  9.74195172,\n        -0.04526717],\n       [ 4.15681992, -0.32038615,  3.59807429,  0.65915014,  9.74195172,\n        -0.04526717]]), array([0.0122746, 0.0122746, 0.0122746, 0.0122746, 0.0122746, 0.0122746,\n       0.0122746]))"}, "6": {"maxiter": 500, "fatol": 1e-10, "xatol": 1e-05, "duration": 0.09763884544372559, "fun": "0.01227460344056186", "nit": "364", "nfev": "577", "status": "0", "success": "True", "message": "Optimization terminated successfully.", "x": "[ 4.15681979 -0.32038823  3.5980724   0.65915314  9.74195165 -0.04526508]", "final_simplex": "(array([[ 4.15681979, -0.32038823,  3.5980724 ,  0.65915314,  9.74195165,\n        -0.04526508],\n       [ 4.15681697, -0.3203843 ,  3.59807464,  0.6591507 ,  9.7419539 ,\n        -0.04527064],\n       [ 4.15682085, -0.32038633,  3.59807195,  0.65914949,  9.74195516,\n        -0.04527229],\n       [ 4.15682288, -0.32038669,  3.59807251,  0.65914989,  9.74195408,\n        -0.04527067],\n       [ 4.1568234 , -0.32038669,  3.59807444,  0.65914912,  9.74195617,\n        -0.04526743],\n       [ 4.15682399, -0.32038172,  3.59808003,  0.65914398,  9.74194715,\n        -0.04526044],\n       [ 4.15682221, -0.32038111,  3.5980748 ,  0.65914711,  9.74195357,\n        -0.04526698]]), array([0.0122746, 0.0122746, 0.0122746, 0.0122746, 0.0122746, 0.0122746,\n       0.0122746]))"}, "7": {"maxiter": 500, "fatol": 1e-10, "xatol": 1e-10, "duration": 0.13017511367797852, "fun": "0.012274603437886333", "nit": "450", "nfev": "772", "status": "0", "success": "True", "message": "Optimization terminated successfully.", "x": "[ 4.15681992 -0.32038615  3.59807429  0.65915014  9.74195172 -0.04526717]", "final_simplex": "(array([[ 4.15681992, -0.32038615,  3.59807429,  0.65915014,  9.74195172,\n        -0.04526717],\n       [ 4.15681992, -0.32038615,  3.59807429,  0.65915014,  9.74195172,\n        -0.04526717],\n       [ 4.15681992, -0.32038615,  3.59807429,  0.65915014,  9.74195172,\n        -0.04526717],\n       [ 4.15681992, -0.32038615,  3.59807429,  0.65915014,  9.74195172,\n        -0.04526717],\n       [ 4.15681992, -0.32038615,  3.59807429,  0.65915014,  9.74195172,\n        -0.04526717],\n       [ 4.15681992, -0.32038615,  3.59807429,  0.65915014,  9.74195172,\n        -0.04526717],\n       [ 4.15681992, -0.32038615,  3.59807429,  0.65915014,  9.74195172,\n        -0.04526717]]), array([0.0122746, 0.0122746, 0.0122746, 0.0122746, 0.0122746, 0.0122746,\n       0.0122746]))"}, "8": {"maxiter": 1000, "fatol": 1e-05, "xatol": 1e-05, "duration": 0.09748315811157227, "fun": "0.01227460344056186", "nit": "364", "nfev": "577", "status": "0", "success": "True", "message": "Optimization terminated successfully.", "x": "[ 4.15681979 -0.32038823  3.5980724   0.65915314  9.74195165 -0.04526508]", "final_simplex": "(array([[ 4.15681979, -0.32038823,  3.5980724 ,  0.65915314,  9.74195165,\n        -0.04526508],\n       [ 4.15681697, -0.3203843 ,  3.59807464,  0.6591507 ,  9.7419539 ,\n        -0.04527064],\n       [ 4.15682085, -0.32038633,  3.59807195,  0.65914949,  9.74195516,\n        -0.04527229],\n       [ 4.15682288, -0.32038669,  3.59807251,  0.65914989,  9.74195408,\n        -0.04527067],\n       [ 4.1568234 , -0.32038669,  3.59807444,  0.65914912,  9.74195617,\n        -0.04526743],\n       [ 4.15682399, -0.32038172,  3.59808003,  0.65914398,  9.74194715,\n        -0.04526044],\n       [ 4.15682221, -0.32038111,  3.5980748 ,  0.65914711,  9.74195357,\n        -0.04526698]]), array([0.0122746, 0.0122746, 0.0122746, 0.0122746, 0.0122746, 0.0122746,\n       0.0122746]))"}, "9": {"maxiter": 1000, "fatol": 1e-05, "xatol": 1e-10, "duration": 0.12897706031799316, "fun": "0.012274603437886333", "nit": "450", "nfev": "772", "status": "0", "success": "True", "message": "Optimization terminated successfully.", "x": "[ 4.15681992 -0.32038615  3.59807429  0.65915014  9.74195172 -0.04526717]", "final_simplex": "(array([[ 4.15681992, -0.32038615,  3.59807429,  0.65915014,  9.74195172,\n        -0.04526717],\n       [ 4.15681992, -0.32038615,  3.59807429,  0.65915014,  9.74195172,\n        -0.04526717],\n       [ 4.15681992, -0.32038615,  3.59807429,  0.65915014,  9.74195172,\n        -0.04526717],\n       [ 4.15681992, -0.32038615,  3.59807429,  0.65915014,  9.74195172,\n        -0.04526717],\n       [ 4.15681992, -0.32038615,  3.59807429,  0.65915014,  9.74195172,\n        -0.04526717],\n       [ 4.15681992, -0.32038615,  3.59807429,  0.65915014,  9.74195172,\n        -0.04526717],\n       [ 4.15681992, -0.32038615,  3.59807429,  0.65915014,  9.74195172,\n        -0.04526717]]), array([0.0122746, 0.0122746, 0.0122746, 0.0122746, 0.0122746, 0.0122746,\n       0.0122746]))"}, "10": {"maxiter": 1000, "fatol": 1e-10, "xatol": 1e-05, "duration": 0.09614300727844238, "fun": "0.01227460344056186", "nit": "364", "nfev": "577", "status": "0", "success": "True", "message": "Optimization terminated successfully.", "x": "[ 4.15681979 -0.32038823  3.5980724   0.65915314  9.74195165 -0.04526508]", "final_simplex": "(array([[ 4.15681979, -0.32038823,  3.5980724 ,  0.65915314,  9.74195165,\n        -0.04526508],\n       [ 4.15681697, -0.3203843 ,  3.59807464,  0.6591507 ,  9.7419539 ,\n        -0.04527064],\n       [ 4.15682085, -0.32038633,  3.59807195,  0.65914949,  9.74195516,\n        -0.04527229],\n       [ 4.15682288, -0.32038669,  3.59807251,  0.65914989,  9.74195408,\n        -0.04527067],\n       [ 4.1568234 , -0.32038669,  3.59807444,  0.65914912,  9.74195617,\n        -0.04526743],\n       [ 4.15682399, -0.32038172,  3.59808003,  0.65914398,  9.74194715,\n        -0.04526044],\n       [ 4.15682221, -0.32038111,  3.5980748 ,  0.65914711,  9.74195357,\n        -0.04526698]]), array([0.0122746, 0.0122746, 0.0122746, 0.0122746, 0.0122746, 0.0122746,\n       0.0122746]))"}, "11": {"maxiter": 1000, "fatol": 1e-10, "xatol": 1e-10, "duration": 0.12814998626708984, "fun": "0.012274603437886333", "nit": "450", "nfev": "772", "status": "0", "success": "True", "message": "Optimization terminated successfully.", "x": "[ 4.15681992 -0.32038615  3.59807429  0.65915014  9.74195172 -0.04526717]", "final_simplex": "(array([[ 4.15681992, -0.32038615,  3.59807429,  0.65915014,  9.74195172,\n        -0.04526717],\n       [ 4.15681992, -0.32038615,  3.59807429,  0.65915014,  9.74195172,\n        -0.04526717],\n       [ 4.15681992, -0.32038615,  3.59807429,  0.65915014,  9.74195172,\n        -0.04526717],\n       [ 4.15681992, -0.32038615,  3.59807429,  0.65915014,  9.74195172,\n        -0.04526717],\n       [ 4.15681992, -0.32038615,  3.59807429,  0.65915014,  9.74195172,\n        -0.04526717],\n       [ 4.15681992, -0.32038615,  3.59807429,  0.65915014,  9.74195172,\n        -0.04526717],\n       [ 4.15681992, -0.32038615,  3.59807429,  0.65915014,  9.74195172,\n        -0.04526717]]), array([0.0122746, 0.0122746, 0.0122746, 0.0122746, 0.0122746, 0.0122746,\n       0.0122746]))"}}, "bfgs": {"type": "gradient", "0": {"maxiter": 100, "gtol": 1e-05, "xrtol": 1e-05, "eps": 1e-05, "duration": 0.02514934539794922, "fun": "0.012274603602617784", "jac": "[ 7.35234096e-07  9.82502968e-07 -6.15052453e-07 -4.15378842e-07\n  5.67879077e-08 -1.31670230e-06]", "hess_inv": "[[ 3.01147685e+00  2.84459756e+00  4.56735530e+00  9.16595781e-02\n   6.37544602e-01 -1.32418509e-01]\n [ 2.84459756e+00  1.55783011e+01  2.14648095e+01  3.31248243e-01\n   2.62982196e-01 -1.53371916e+00]\n [ 4.56735530e+00  2.14648095e+01  3.46528441e+01 -1.11705776e+00\n   6.86729536e-01 -2.32359234e+00]\n [ 9.16595781e-02  3.31248243e-01 -1.11705776e+00  2.49693023e+00\n   2.38849386e-02  8.10792283e-02]\n [ 6.37544602e-01  2.62982196e-01  6.86729536e-01  2.38849386e-02\n   1.24602040e+00  1.22938585e-01]\n [-1.32418509e-01 -1.53371916e+00 -2.32359234e+00  8.10792283e-02\n   1.22938585e-01  1.41353848e+00]]", "nfev": "147", "njev": "21", "status": "0", "success": "True", "message": "Optimization terminated successfully.", "x": "[ 3.95109763 -0.64612524  2.99859642 -0.34841931  5.91183296  3.97957949]", "nit": "17"}, "1": {"maxiter": 100, "gtol": 1e-05, "xrtol": 1e-05, "eps": 1e-10, "duration": 0.025026798248291016, "fun": "0.012274603457587019", "jac": "[ 0.00000000e+00 -1.11022293e-06 -2.22044587e-06 -2.22044587e-06\n  0.00000000e+00  0.00000000e+00]", "hess_inv": "[[ 3.10893868e+00  2.94176155e+00  4.71209563e+00  1.07825969e-01\n   6.92545324e-01 -9.78622718e-02]\n [ 2.94176155e+00  1.53707176e+01  2.09545958e+01  4.95069474e-01\n   3.40590896e-01 -1.43836224e+00]\n [ 4.71209563e+00  2.09545958e+01  3.34995063e+01 -8.12963571e-01\n   8.26881182e-01 -2.13383502e+00]\n [ 1.07825969e-01  4.95069474e-01 -8.12963571e-01  2.45956853e+00\n   1.54610420e-02  5.30091958e-02]\n [ 6.92545324e-01  3.40590896e-01  8.26881182e-01  1.54610420e-02\n   1.27369572e+00  1.36242136e-01]\n [-9.78622718e-02 -1.43836224e+00 -2.13383502e+00  5.30091958e-02\n   1.36242136e-01  1.41190484e+00]]", "nfev": "147", "njev": "21", "status": "0", "success": "True", "message": "Optimization terminated successfully.", "x": "[ 3.95112616 -0.64602931  2.99873141 -0.34841223  5.91187315  3.97953428]", "nit": "17"}, "2": {"maxiter": 100, "gtol": 1e-05, "xrtol": 1e-10, "eps": 1e-05, "duration": 0.025029897689819336, "fun": "0.012274603602617784", "jac": "[ 7.35234096e-07  9.82502968e-07 -6.15052453e-07 -4.15378842e-07\n  5.67879077e-08 -1.31670230e-06]", "hess_inv": "[[ 3.01147685e+00  2.84459756e+00  4.56735530e+00  9.16595781e-02\n   6.37544602e-01 -1.32418509e-01]\n [ 2.84459756e+00  1.55783011e+01  2.14648095e+01  3.31248243e-01\n   2.62982196e-01 -1.53371916e+00]\n [ 4.56735530e+00  2.14648095e+01  3.46528441e+01 -1.11705776e+00\n   6.86729536e-01 -2.32359234e+00]\n [ 9.16595781e-02  3.31248243e-01 -1.11705776e+00  2.49693023e+00\n   2.38849386e-02  8.10792283e-02]\n [ 6.37544602e-01  2.62982196e-01  6.86729536e-01  2.38849386e-02\n   1.24602040e+00  1.22938585e-01]\n [-1.32418509e-01 -1.53371916e+00 -2.32359234e+00  8.10792283e-02\n   1.22938585e-01  1.41353848e+00]]", "nfev": "147", "njev": "21", "status": "0", "success": "True", "message": "Optimization terminated successfully.", "x": "[ 3.95109763 -0.64612524  2.99859642 -0.34841931  5.91183296  3.97957949]", "nit": "17"}, "3": {"maxiter": 100, "gtol": 1e-05, "xrtol": 1e-10, "eps": 1e-10, "duration": 0.02505803108215332, "fun": "0.012274603457587019", "jac": "[ 0.00000000e+00 -1.11022293e-06 -2.22044587e-06 -2.22044587e-06\n  0.00000000e+00  0.00000000e+00]", "hess_inv": "[[ 3.10893868e+00  2.94176155e+00  4.71209563e+00  1.07825969e-01\n   6.92545324e-01 -9.78622718e-02]\n [ 2.94176155e+00  1.53707176e+01  2.09545958e+01  4.95069474e-01\n   3.40590896e-01 -1.43836224e+00]\n [ 4.71209563e+00  2.09545958e+01  3.34995063e+01 -8.12963571e-01\n   8.26881182e-01 -2.13383502e+00]\n [ 1.07825969e-01  4.95069474e-01 -8.12963571e-01  2.45956853e+00\n   1.54610420e-02  5.30091958e-02]\n [ 6.92545324e-01  3.40590896e-01  8.26881182e-01  1.54610420e-02\n   1.27369572e+00  1.36242136e-01]\n [-9.78622718e-02 -1.43836224e+00 -2.13383502e+00  5.30091958e-02\n   1.36242136e-01  1.41190484e+00]]", "nfev": "147", "njev": "21", "status": "0", "success": "True", "message": "Optimization terminated successfully.", "x": "[ 3.95112616 -0.64602931  2.99873141 -0.34841223  5.91187315  3.97953428]", "nit": "17"}, "4": {"maxiter": 100, "gtol": 1e-10, "xrtol": 1e-05, "eps": 1e-05, "duration": 0.0713186264038086, "fun": "0.012274603602617784", "jac": "[ 7.35234096e-07  9.82502968e-07 -6.15052453e-07 -4.15378842e-07\n  5.67879077e-08 -1.31670230e-06]", "hess_inv": "[[ 3.18278541e+00  3.23425024e+00  5.02666630e+00  8.26414208e-02\n   6.76677257e-01 -2.16938970e-01]\n [ 3.23425024e+00  1.64142420e+01  2.24852439e+01  3.06236219e-01\n   3.76456059e-01 -1.66140064e+00]\n [ 5.02666630e+00  2.24852439e+01  3.58726181e+01 -1.14340869e+00\n   8.03458022e-01 -2.51904832e+00]\n [ 8.26414208e-02  3.06236219e-01 -1.14340869e+00  2.49700286e+00\n   2.40111652e-02  9.12986822e-02]\n [ 6.76677257e-01  3.76456059e-01  8.03458022e-01  2.40111652e-02\n   1.24307304e+00  7.22599819e-02]\n [-2.16938970e-01 -1.66140064e+00 -2.51904832e+00  9.12986822e-02\n   7.22599819e-02  1.37244369e+00]]", "nfev": "424", "njev": "59", "status": "2", "success": "False", "message": "Desired error not necessarily achieved due to precision loss.", "x": "[ 3.95109763 -0.64612524  2.99859642 -0.34841931  5.91183296  3.97957949]", "nit": "17"}, "5": {"maxiter": 100, "gtol": 1e-10, "xrtol": 1e-05, "eps": 1e-10, "duration": 0.043660879135131836, "fun": "0.012274603457587019", "jac": "[-1.11022293e-06  3.33066880e-06 -4.44089173e-06  4.44089173e-06\n -2.22044587e-06  0.00000000e+00]", "hess_inv": "[[ 2.91255848e+00  1.72829815e+00  2.94199767e+00 -1.26912243e-02\n   6.97778021e-01  5.83226776e-02]\n [ 1.72829815e+00  1.10473757e+01  1.44315208e+01  3.91576894e-01\n  -1.19174391e-02 -1.19165478e+00]\n [ 2.94199767e+00  1.44315208e+01  2.36830825e+01 -1.00766483e+00\n   3.38921046e-01 -1.72495959e+00]\n [-1.26912243e-02  3.91576894e-01 -1.00766483e+00  2.51510746e+00\n  -5.90518303e-02  3.77142090e-03]\n [ 6.97778021e-01 -1.19174391e-02  3.38921046e-01 -5.90518303e-02\n   1.32020544e+00  2.19160296e-01]\n [ 5.83226776e-02 -1.19165478e+00 -1.72495959e+00  3.77142090e-03\n   2.19160296e-01  1.45023959e+00]]", "nfev": "259", "njev": "37", "status": "0", "success": "True", "message": "Optimization terminated successfully.", "x": "[ 3.95112616 -0.64602931  2.99873141 -0.34841223  5.91187315  3.97953428]", "nit": "18"}, "6": {"maxiter": 100, "gtol": 1e-10, "xrtol": 1e-10, "eps": 1e-05, "duration": 0.07134413719177246, "fun": "0.012274603602617784", "jac": "[ 7.35234096e-07  9.82502968e-07 -6.15052453e-07 -4.15378842e-07\n  5.67879077e-08 -1.31670230e-06]", "hess_inv": "[[ 3.18278541e+00  3.23425024e+00  5.02666630e+00  8.26414208e-02\n   6.76677257e-01 -2.16938970e-01]\n [ 3.23425024e+00  1.64142420e+01  2.24852439e+01  3.06236219e-01\n   3.76456059e-01 -1.66140064e+00]\n [ 5.02666630e+00  2.24852439e+01  3.58726181e+01 -1.14340869e+00\n   8.03458022e-01 -2.51904832e+00]\n [ 8.26414208e-02  3.06236219e-01 -1.14340869e+00  2.49700286e+00\n   2.40111652e-02  9.12986822e-02]\n [ 6.76677257e-01  3.76456059e-01  8.03458022e-01  2.40111652e-02\n   1.24307304e+00  7.22599819e-02]\n [-2.16938970e-01 -1.66140064e+00 -2.51904832e+00  9.12986822e-02\n   7.22599819e-02  1.37244369e+00]]", "nfev": "424", "njev": "59", "status": "2", "success": "False", "message": "Desired error not necessarily achieved due to precision loss.", "x": "[ 3.95109763 -0.64612524  2.99859642 -0.34841931  5.91183296  3.97957949]", "nit": "17"}, "7": {"maxiter": 100, "gtol": 1e-10, "xrtol": 1e-10, "eps": 1e-10, "duration": 0.04395127296447754, "fun": "0.012274603457587019", "jac": "[-1.11022293e-06  3.33066880e-06 -4.44089173e-06  4.44089173e-06\n -2.22044587e-06  0.00000000e+00]", "hess_inv": "[[ 2.91255848e+00  1.72829815e+00  2.94199767e+00 -1.26912243e-02\n   6.97778021e-01  5.83226776e-02]\n [ 1.72829815e+00  1.10473757e+01  1.44315208e+01  3.91576894e-01\n  -1.19174391e-02 -1.19165478e+00]\n [ 2.94199767e+00  1.44315208e+01  2.36830825e+01 -1.00766483e+00\n   3.38921046e-01 -1.72495959e+00]\n [-1.26912243e-02  3.91576894e-01 -1.00766483e+00  2.51510746e+00\n  -5.90518303e-02  3.77142090e-03]\n [ 6.97778021e-01 -1.19174391e-02  3.38921046e-01 -5.90518303e-02\n   1.32020544e+00  2.19160296e-01]\n [ 5.83226776e-02 -1.19165478e+00 -1.72495959e+00  3.77142090e-03\n   2.19160296e-01  1.45023959e+00]]", "nfev": "259", "njev": "37", "status": "0", "success": "True", "message": "Optimization terminated successfully.", "x": "[ 3.95112616 -0.64602931  2.99873141 -0.34841223  5.91187315  3.97953428]", "nit": "18"}, "8": {"maxiter": 500, "gtol": 1e-05, "xrtol": 1e-05, "eps": 1e-05, "duration": 0.02497696876525879, "fun": "0.012274603602617784", "jac": "[ 7.35234096e-07  9.82502968e-07 -6.15052453e-07 -4.15378842e-07\n  5.67879077e-08 -1.31670230e-06]", "hess_inv": "[[ 3.01147685e+00  2.84459756e+00  4.56735530e+00  9.16595781e-02\n   6.37544602e-01 -1.32418509e-01]\n [ 2.84459756e+00  1.55783011e+01  2.14648095e+01  3.31248243e-01\n   2.62982196e-01 -1.53371916e+00]\n [ 4.56735530e+00  2.14648095e+01  3.46528441e+01 -1.11705776e+00\n   6.86729536e-01 -2.32359234e+00]\n [ 9.16595781e-02  3.31248243e-01 -1.11705776e+00  2.49693023e+00\n   2.38849386e-02  8.10792283e-02]\n [ 6.37544602e-01  2.62982196e-01  6.86729536e-01  2.38849386e-02\n   1.24602040e+00  1.22938585e-01]\n [-1.32418509e-01 -1.53371916e+00 -2.32359234e+00  8.10792283e-02\n   1.22938585e-01  1.41353848e+00]]", "nfev": "147", "njev": "21", "status": "0", "success": "True", "message": "Optimization terminated successfully.", "x": "[ 3.95109763 -0.64612524  2.99859642 -0.34841931  5.91183296  3.97957949]", "nit": "17"}, "9": {"maxiter": 500, "gtol": 1e-05, "xrtol": 1e-05, "eps": 1e-10, "duration": 0.024981021881103516, "fun": "0.012274603457587019", "jac": "[ 0.00000000e+00 -1.11022293e-06 -2.22044587e-06 -2.22044587e-06\n  0.00000000e+00  0.00000000e+00]", "hess_inv": "[[ 3.10893868e+00  2.94176155e+00  4.71209563e+00  1.07825969e-01\n   6.92545324e-01 -9.78622718e-02]\n [ 2.94176155e+00  1.53707176e+01  2.09545958e+01  4.95069474e-01\n   3.40590896e-01 -1.43836224e+00]\n [ 4.71209563e+00  2.09545958e+01  3.34995063e+01 -8.12963571e-01\n   8.26881182e-01 -2.13383502e+00]\n [ 1.07825969e-01  4.95069474e-01 -8.12963571e-01  2.45956853e+00\n   1.54610420e-02  5.30091958e-02]\n [ 6.92545324e-01  3.40590896e-01  8.26881182e-01  1.54610420e-02\n   1.27369572e+00  1.36242136e-01]\n [-9.78622718e-02 -1.43836224e+00 -2.13383502e+00  5.30091958e-02\n   1.36242136e-01  1.41190484e+00]]", "nfev": "147", "njev": "21", "status": "0", "success": "True", "message": "Optimization terminated successfully.", "x": "[ 3.95112616 -0.64602931  2.99873141 -0.34841223  5.91187315  3.97953428]", "nit": "17"}, "10": {"maxiter": 500, "gtol": 1e-05, "xrtol": 1e-10, "eps": 1e-05, "duration": 0.02489781379699707, "fun": "0.012274603602617784", "jac": "[ 7.35234096e-07  9.82502968e-07 -6.15052453e-07 -4.15378842e-07\n  5.67879077e-08 -1.31670230e-06]", "hess_inv": "[[ 3.01147685e+00  2.84459756e+00  4.56735530e+00  9.16595781e-02\n   6.37544602e-01 -1.32418509e-01]\n [ 2.84459756e+00  1.55783011e+01  2.14648095e+01  3.31248243e-01\n   2.62982196e-01 -1.53371916e+00]\n [ 4.56735530e+00  2.14648095e+01  3.46528441e+01 -1.11705776e+00\n   6.86729536e-01 -2.32359234e+00]\n [ 9.16595781e-02  3.31248243e-01 -1.11705776e+00  2.49693023e+00\n   2.38849386e-02  8.10792283e-02]\n [ 6.37544602e-01  2.62982196e-01  6.86729536e-01  2.38849386e-02\n   1.24602040e+00  1.22938585e-01]\n [-1.32418509e-01 -1.53371916e+00 -2.32359234e+00  8.10792283e-02\n   1.22938585e-01  1.41353848e+00]]", "nfev": "147", "njev": "21", "status": "0", "success": "True", "message": "Optimization terminated successfully.", "x": "[ 3.95109763 -0.64612524  2.99859642 -0.34841931  5.91183296  3.97957949]", "nit": "17"}, "11": {"maxiter": 500, "gtol": 1e-05, "xrtol": 1e-10, "eps": 1e-10, "duration": 0.024916887283325195, "fun": "0.012274603457587019", "jac": "[ 0.00000000e+00 -1.11022293e-06 -2.22044587e-06 -2.22044587e-06\n  0.00000000e+00  0.00000000e+00]", "hess_inv": "[[ 3.10893868e+00  2.94176155e+00  4.71209563e+00  1.07825969e-01\n   6.92545324e-01 -9.78622718e-02]\n [ 2.94176155e+00  1.53707176e+01  2.09545958e+01  4.95069474e-01\n   3.40590896e-01 -1.43836224e+00]\n [ 4.71209563e+00  2.09545958e+01  3.34995063e+01 -8.12963571e-01\n   8.26881182e-01 -2.13383502e+00]\n [ 1.07825969e-01  4.95069474e-01 -8.12963571e-01  2.45956853e+00\n   1.54610420e-02  5.30091958e-02]\n [ 6.92545324e-01  3.40590896e-01  8.26881182e-01  1.54610420e-02\n   1.27369572e+00  1.36242136e-01]\n [-9.78622718e-02 -1.43836224e+00 -2.13383502e+00  5.30091958e-02\n   1.36242136e-01  1.41190484e+00]]", "nfev": "147", "njev": "21", "status": "0", "success": "True", "message": "Optimization terminated successfully.", "x": "[ 3.95112616 -0.64602931  2.99873141 -0.34841223  5.91187315  3.97953428]", "nit": "17"}, "12": {"maxiter": 500, "gtol": 1e-10, "xrtol": 1e-05, "eps": 1e-05, "duration": 0.0709068775177002, "fun": "0.012274603602617784", "jac": "[ 7.35234096e-07  9.82502968e-07 -6.15052453e-07 -4.15378842e-07\n  5.67879077e-08 -1.31670230e-06]", "hess_inv": "[[ 3.18278541e+00  3.23425024e+00  5.02666630e+00  8.26414208e-02\n   6.76677257e-01 -2.16938970e-01]\n [ 3.23425024e+00  1.64142420e+01  2.24852439e+01  3.06236219e-01\n   3.76456059e-01 -1.66140064e+00]\n [ 5.02666630e+00  2.24852439e+01  3.58726181e+01 -1.14340869e+00\n   8.03458022e-01 -2.51904832e+00]\n [ 8.26414208e-02  3.06236219e-01 -1.14340869e+00  2.49700286e+00\n   2.40111652e-02  9.12986822e-02]\n [ 6.76677257e-01  3.76456059e-01  8.03458022e-01  2.40111652e-02\n   1.24307304e+00  7.22599819e-02]\n [-2.16938970e-01 -1.66140064e+00 -2.51904832e+00  9.12986822e-02\n   7.22599819e-02  1.37244369e+00]]", "nfev": "424", "njev": "59", "status": "2", "success": "False", "message": "Desired error not necessarily achieved due to precision loss.", "x": "[ 3.95109763 -0.64612524  2.99859642 -0.34841931  5.91183296  3.97957949]", "nit": "17"}, "13": {"maxiter": 500, "gtol": 1e-10, "xrtol": 1e-05, "eps": 1e-10, "duration": 0.04340696334838867, "fun": "0.012274603457587019", "jac": "[-1.11022293e-06  3.33066880e-06 -4.44089173e-06  4.44089173e-06\n -2.22044587e-06  0.00000000e+00]", "hess_inv": "[[ 2.91255848e+00  1.72829815e+00  2.94199767e+00 -1.26912243e-02\n   6.97778021e-01  5.83226776e-02]\n [ 1.72829815e+00  1.10473757e+01  1.44315208e+01  3.91576894e-01\n  -1.19174391e-02 -1.19165478e+00]\n [ 2.94199767e+00  1.44315208e+01  2.36830825e+01 -1.00766483e+00\n   3.38921046e-01 -1.72495959e+00]\n [-1.26912243e-02  3.91576894e-01 -1.00766483e+00  2.51510746e+00\n  -5.90518303e-02  3.77142090e-03]\n [ 6.97778021e-01 -1.19174391e-02  3.38921046e-01 -5.90518303e-02\n   1.32020544e+00  2.19160296e-01]\n [ 5.83226776e-02 -1.19165478e+00 -1.72495959e+00  3.77142090e-03\n   2.19160296e-01  1.45023959e+00]]", "nfev": "259", "njev": "37", "status": "0", "success": "True", "message": "Optimization terminated successfully.", "x": "[ 3.95112616 -0.64602931  2.99873141 -0.34841223  5.91187315  3.97953428]", "nit": "18"}, "14": {"maxiter": 500, "gtol": 1e-10, "xrtol": 1e-10, "eps": 1e-05, "duration": 0.07134413719177246, "fun": "0.012274603602617784", "jac": "[ 7.35234096e-07  9.82502968e-07 -6.15052453e-07 -4.15378842e-07\n  5.67879077e-08 -1.31670230e-06]", "hess_inv": "[[ 3.18278541e+00  3.23425024e+00  5.02666630e+00  8.26414208e-02\n   6.76677257e-01 -2.16938970e-01]\n [ 3.23425024e+00  1.64142420e+01  2.24852439e+01  3.06236219e-01\n   3.76456059e-01 -1.66140064e+00]\n [ 5.02666630e+00  2.24852439e+01  3.58726181e+01 -1.14340869e+00\n   8.03458022e-01 -2.51904832e+00]\n [ 8.26414208e-02  3.06236219e-01 -1.14340869e+00  2.49700286e+00\n   2.40111652e-02  9.12986822e-02]\n [ 6.76677257e-01  3.76456059e-01  8.03458022e-01  2.40111652e-02\n   1.24307304e+00  7.22599819e-02]\n [-2.16938970e-01 -1.66140064e+00 -2.51904832e+00  9.12986822e-02\n   7.22599819e-02  1.37244369e+00]]", "nfev": "424", "njev": "59", "status": "2", "success": "False", "message": "Desired error not necessarily achieved due to precision loss.", "x": "[ 3.95109763 -0.64612524  2.99859642 -0.34841931  5.91183296  3.97957949]", "nit": "17"}, "15": {"maxiter": 500, "gtol": 1e-10, "xrtol": 1e-10, "eps": 1e-10, "duration": 0.044132232666015625, "fun": "0.012274603457587019", "jac": "[-1.11022293e-06  3.33066880e-06 -4.44089173e-06  4.44089173e-06\n -2.22044587e-06  0.00000000e+00]", "hess_inv": "[[ 2.91255848e+00  1.72829815e+00  2.94199767e+00 -1.26912243e-02\n   6.97778021e-01  5.83226776e-02]\n [ 1.72829815e+00  1.10473757e+01  1.44315208e+01  3.91576894e-01\n  -1.19174391e-02 -1.19165478e+00]\n [ 2.94199767e+00  1.44315208e+01  2.36830825e+01 -1.00766483e+00\n   3.38921046e-01 -1.72495959e+00]\n [-1.26912243e-02  3.91576894e-01 -1.00766483e+00  2.51510746e+00\n  -5.90518303e-02  3.77142090e-03]\n [ 6.97778021e-01 -1.19174391e-02  3.38921046e-01 -5.90518303e-02\n   1.32020544e+00  2.19160296e-01]\n [ 5.83226776e-02 -1.19165478e+00 -1.72495959e+00  3.77142090e-03\n   2.19160296e-01  1.45023959e+00]]", "nfev": "259", "njev": "37", "status": "0", "success": "True", "message": "Optimization terminated successfully.", "x": "[ 3.95112616 -0.64602931  2.99873141 -0.34841223  5.91187315  3.97953428]", "nit": "18"}, "16": {"maxiter": 1000, "gtol": 1e-05, "xrtol": 1e-05, "eps": 1e-05, "duration": 0.025027036666870117, "fun": "0.012274603602617784", "jac": "[ 7.35234096e-07  9.82502968e-07 -6.15052453e-07 -4.15378842e-07\n  5.67879077e-08 -1.31670230e-06]", "hess_inv": "[[ 3.01147685e+00  2.84459756e+00  4.56735530e+00  9.16595781e-02\n   6.37544602e-01 -1.32418509e-01]\n [ 2.84459756e+00  1.55783011e+01  2.14648095e+01  3.31248243e-01\n   2.62982196e-01 -1.53371916e+00]\n [ 4.56735530e+00  2.14648095e+01  3.46528441e+01 -1.11705776e+00\n   6.86729536e-01 -2.32359234e+00]\n [ 9.16595781e-02  3.31248243e-01 -1.11705776e+00  2.49693023e+00\n   2.38849386e-02  8.10792283e-02]\n [ 6.37544602e-01  2.62982196e-01  6.86729536e-01  2.38849386e-02\n   1.24602040e+00  1.22938585e-01]\n [-1.32418509e-01 -1.53371916e+00 -2.32359234e+00  8.10792283e-02\n   1.22938585e-01  1.41353848e+00]]", "nfev": "147", "njev": "21", "status": "0", "success": "True", "message": "Optimization terminated successfully.", "x": "[ 3.95109763 -0.64612524  2.99859642 -0.34841931  5.91183296  3.97957949]", "nit": "17"}, "17": {"maxiter": 1000, "gtol": 1e-05, "xrtol": 1e-05, "eps": 1e-10, "duration": 0.024970054626464844, "fun": "0.012274603457587019", "jac": "[ 0.00000000e+00 -1.11022293e-06 -2.22044587e-06 -2.22044587e-06\n  0.00000000e+00  0.00000000e+00]", "hess_inv": "[[ 3.10893868e+00  2.94176155e+00  4.71209563e+00  1.07825969e-01\n   6.92545324e-01 -9.78622718e-02]\n [ 2.94176155e+00  1.53707176e+01  2.09545958e+01  4.95069474e-01\n   3.40590896e-01 -1.43836224e+00]\n [ 4.71209563e+00  2.09545958e+01  3.34995063e+01 -8.12963571e-01\n   8.26881182e-01 -2.13383502e+00]\n [ 1.07825969e-01  4.95069474e-01 -8.12963571e-01  2.45956853e+00\n   1.54610420e-02  5.30091958e-02]\n [ 6.92545324e-01  3.40590896e-01  8.26881182e-01  1.54610420e-02\n   1.27369572e+00  1.36242136e-01]\n [-9.78622718e-02 -1.43836224e+00 -2.13383502e+00  5.30091958e-02\n   1.36242136e-01  1.41190484e+00]]", "nfev": "147", "njev": "21", "status": "0", "success": "True", "message": "Optimization terminated successfully.", "x": "[ 3.95112616 -0.64602931  2.99873141 -0.34841223  5.91187315  3.97953428]", "nit": "17"}, "18": {"maxiter": 1000, "gtol": 1e-05, "xrtol": 1e-10, "eps": 1e-05, "duration": 0.02504110336303711, "fun": "0.012274603602617784", "jac": "[ 7.35234096e-07  9.82502968e-07 -6.15052453e-07 -4.15378842e-07\n  5.67879077e-08 -1.31670230e-06]", "hess_inv": "[[ 3.01147685e+00  2.84459756e+00  4.56735530e+00  9.16595781e-02\n   6.37544602e-01 -1.32418509e-01]\n [ 2.84459756e+00  1.55783011e+01  2.14648095e+01  3.31248243e-01\n   2.62982196e-01 -1.53371916e+00]\n [ 4.56735530e+00  2.14648095e+01  3.46528441e+01 -1.11705776e+00\n   6.86729536e-01 -2.32359234e+00]\n [ 9.16595781e-02  3.31248243e-01 -1.11705776e+00  2.49693023e+00\n   2.38849386e-02  8.10792283e-02]\n [ 6.37544602e-01  2.62982196e-01  6.86729536e-01  2.38849386e-02\n   1.24602040e+00  1.22938585e-01]\n [-1.32418509e-01 -1.53371916e+00 -2.32359234e+00  8.10792283e-02\n   1.22938585e-01  1.41353848e+00]]", "nfev": "147", "njev": "21", "status": "0", "success": "True", "message": "Optimization terminated successfully.", "x": "[ 3.95109763 -0.64612524  2.99859642 -0.34841931  5.91183296  3.97957949]", "nit": "17"}, "19": {"maxiter": 1000, "gtol": 1e-05, "xrtol": 1e-10, "eps": 1e-10, "duration": 0.025085926055908203, "fun": "0.012274603457587019", "jac": "[ 0.00000000e+00 -1.11022293e-06 -2.22044587e-06 -2.22044587e-06\n  0.00000000e+00  0.00000000e+00]", "hess_inv": "[[ 3.10893868e+00  2.94176155e+00  4.71209563e+00  1.07825969e-01\n   6.92545324e-01 -9.78622718e-02]\n [ 2.94176155e+00  1.53707176e+01  2.09545958e+01  4.95069474e-01\n   3.40590896e-01 -1.43836224e+00]\n [ 4.71209563e+00  2.09545958e+01  3.34995063e+01 -8.12963571e-01\n   8.26881182e-01 -2.13383502e+00]\n [ 1.07825969e-01  4.95069474e-01 -8.12963571e-01  2.45956853e+00\n   1.54610420e-02  5.30091958e-02]\n [ 6.92545324e-01  3.40590896e-01  8.26881182e-01  1.54610420e-02\n   1.27369572e+00  1.36242136e-01]\n [-9.78622718e-02 -1.43836224e+00 -2.13383502e+00  5.30091958e-02\n   1.36242136e-01  1.41190484e+00]]", "nfev": "147", "njev": "21", "status": "0", "success": "True", "message": "Optimization terminated successfully.", "x": "[ 3.95112616 -0.64602931  2.99873141 -0.34841223  5.91187315  3.97953428]", "nit": "17"}, "20": {"maxiter": 1000, "gtol": 1e-10, "xrtol": 1e-05, "eps": 1e-05, "duration": 0.07131814956665039, "fun": "0.012274603602617784", "jac": "[ 7.35234096e-07  9.82502968e-07 -6.15052453e-07 -4.15378842e-07\n  5.67879077e-08 -1.31670230e-06]", "hess_inv": "[[ 3.18278541e+00  3.23425024e+00  5.02666630e+00  8.26414208e-02\n   6.76677257e-01 -2.16938970e-01]\n [ 3.23425024e+00  1.64142420e+01  2.24852439e+01  3.06236219e-01\n   3.76456059e-01 -1.66140064e+00]\n [ 5.02666630e+00  2.24852439e+01  3.58726181e+01 -1.14340869e+00\n   8.03458022e-01 -2.51904832e+00]\n [ 8.26414208e-02  3.06236219e-01 -1.14340869e+00  2.49700286e+00\n   2.40111652e-02  9.12986822e-02]\n [ 6.76677257e-01  3.76456059e-01  8.03458022e-01  2.40111652e-02\n   1.24307304e+00  7.22599819e-02]\n [-2.16938970e-01 -1.66140064e+00 -2.51904832e+00  9.12986822e-02\n   7.22599819e-02  1.37244369e+00]]", "nfev": "424", "njev": "59", "status": "2", "success": "False", "message": "Desired error not necessarily achieved due to precision loss.", "x": "[ 3.95109763 -0.64612524  2.99859642 -0.34841931  5.91183296  3.97957949]", "nit": "17"}, "21": {"maxiter": 1000, "gtol": 1e-10, "xrtol": 1e-05, "eps": 1e-10, "duration": 0.0437471866607666, "fun": "0.012274603457587019", "jac": "[-1.11022293e-06  3.33066880e-06 -4.44089173e-06  4.44089173e-06\n -2.22044587e-06  0.00000000e+00]", "hess_inv": "[[ 2.91255848e+00  1.72829815e+00  2.94199767e+00 -1.26912243e-02\n   6.97778021e-01  5.83226776e-02]\n [ 1.72829815e+00  1.10473757e+01  1.44315208e+01  3.91576894e-01\n  -1.19174391e-02 -1.19165478e+00]\n [ 2.94199767e+00  1.44315208e+01  2.36830825e+01 -1.00766483e+00\n   3.38921046e-01 -1.72495959e+00]\n [-1.26912243e-02  3.91576894e-01 -1.00766483e+00  2.51510746e+00\n  -5.90518303e-02  3.77142090e-03]\n [ 6.97778021e-01 -1.19174391e-02  3.38921046e-01 -5.90518303e-02\n   1.32020544e+00  2.19160296e-01]\n [ 5.83226776e-02 -1.19165478e+00 -1.72495959e+00  3.77142090e-03\n   2.19160296e-01  1.45023959e+00]]", "nfev": "259", "njev": "37", "status": "0", "success": "True", "message": "Optimization terminated successfully.", "x": "[ 3.95112616 -0.64602931  2.99873141 -0.34841223  5.91187315  3.97953428]", "nit": "18"}, "22": {"maxiter": 1000, "gtol": 1e-10, "xrtol": 1e-10, "eps": 1e-05, "duration": 0.07165956497192383, "fun": "0.012274603602617784", "jac": "[ 7.35234096e-07  9.82502968e-07 -6.15052453e-07 -4.15378842e-07\n  5.67879077e-08 -1.31670230e-06]", "hess_inv": "[[ 3.18278541e+00  3.23425024e+00  5.02666630e+00  8.26414208e-02\n   6.76677257e-01 -2.16938970e-01]\n [ 3.23425024e+00  1.64142420e+01  2.24852439e+01  3.06236219e-01\n   3.76456059e-01 -1.66140064e+00]\n [ 5.02666630e+00  2.24852439e+01  3.58726181e+01 -1.14340869e+00\n   8.03458022e-01 -2.51904832e+00]\n [ 8.26414208e-02  3.06236219e-01 -1.14340869e+00  2.49700286e+00\n   2.40111652e-02  9.12986822e-02]\n [ 6.76677257e-01  3.76456059e-01  8.03458022e-01  2.40111652e-02\n   1.24307304e+00  7.22599819e-02]\n [-2.16938970e-01 -1.66140064e+00 -2.51904832e+00  9.12986822e-02\n   7.22599819e-02  1.37244369e+00]]", "nfev": "424", "njev": "59", "status": "2", "success": "False", "message": "Desired error not necessarily achieved due to precision loss.", "x": "[ 3.95109763 -0.64612524  2.99859642 -0.34841931  5.91183296  3.97957949]", "nit": "17"}, "23": {"maxiter": 1000, "gtol": 1e-10, "xrtol": 1e-10, "eps": 1e-10, "duration": 0.043939828872680664, "fun": "0.012274603457587019", "jac": "[-1.11022293e-06  3.33066880e-06 -4.44089173e-06  4.44089173e-06\n -2.22044587e-06  0.00000000e+00]", "hess_inv": "[[ 2.91255848e+00  1.72829815e+00  2.94199767e+00 -1.26912243e-02\n   6.97778021e-01  5.83226776e-02]\n [ 1.72829815e+00  1.10473757e+01  1.44315208e+01  3.91576894e-01\n  -1.19174391e-02 -1.19165478e+00]\n [ 2.94199767e+00  1.44315208e+01  2.36830825e+01 -1.00766483e+00\n   3.38921046e-01 -1.72495959e+00