{"date": "2024/07/18/, 20:05:51", "conf_id": 50, "data_type": "random\n", "num_data_points": 3, "s_rank": 0, "unitary": "[[-0.45070455-0.02711853j,0.78437395-0.06613086j,0.06358678+0.19963393j,-0.07343613+0.35668523j],[-0.01890143-0.03813363j,0.32408202+0.25557629j,0.05872864-0.68979805j,0.55466693-0.20227297j],[-0.11215405+0.64023111j,-0.13344055+0.29565494j,-0.49012687-0.19046288j,-0.04241254+0.44046348j],[0.55771659+0.24656916j,0.31851997-0.05798805j,0.28761525-0.34294258j,-0.56718418+0.03616933j]]", "databatch_0": {"databatch": "[[[0.10801369-0.31383979j,0.08587563+0.05531801j,-0.29343016-0.02635181j,-0.15485935-0.3018352j],[0.08117768-0.03211814j,0.00570307-0.00094652j,-0.10216898-0.00932801j,0.05162942+0.16422544j],[0.00527523-0.09725373j,0.21498661-0.09943927j,-0.06828624-0.05562917j,-0.42114936+0.00366522j],[0.14966602-0.25056136j,0.25465577-0.22798961j,-0.09972337-0.19150317j,-0.23680772-0.27252196j]],[[-0.11364185+0.14327014j,0.0448607+0.04121785j,0.10678933+0.46155966j,-0.23146186-0.0574382j],[-0.29279052+0.21357394j,0.01367106+0.03839448j,0.29490172+0.17673739j,0.34452878+0.2106552j],[0.14190462-0.08668187j,0.00803251-0.16993155j,-0.17511072-0.19664446j,0.10878084-0.00173719j],[0.0415225+0.21364797j,0.19916693-0.07938557j,-0.07453033+0.09329641j,0.00292518-0.14793627j]],[[-0.20640063-0.17517086j,-0.03846512-0.16975095j,-0.048796-0.20221672j,0.13935341+0.00400484j],[0.07585484+0.19022776j,0.16830768+0.09261876j,0.20171659+0.17485254j,-0.02850591+0.19290568j],[0.1772721+0.2419654j,0.12906165+0.20278306j,-0.06179351-0.178034j,0.24029508-0.27992447j],[0.31060143+0.06905927j,-0.4479807-0.13027817j,0.07121284+0.03076437j,-0.01843263-0.03087006j]]]", "initial param values": "[1.60081203,4.14935794,5.45417084,4.5099177,0.25595831,3.35469068]", "nelder_mead": {"type": "gradient-free", "0": {"maxiter": 100, "fatol": 1e-05, "xatol": 1e-05, "duration": 0.026654958724975586, "fun": "0.3874591982067007", "nit": "100", "nfev": "157", "status": "2", "success": "False", "message": "Maximum number of iterations has been exceeded.", "x": "[1.26400458 1.40085601 6.71455631 4.67581232 0.52498174 1.92828747]", "final_simplex": "(array([[1.26400458, 1.40085601, 6.71455631, 4.67581232, 0.52498174,\n        1.92828747],\n       [1.17729258, 1.26924114, 6.78571441, 4.63260604, 0.54649138,\n        1.95254798],\n       [1.21418398, 1.24227204, 6.74804973, 4.75245409, 0.54280883,\n        1.8680043 ],\n       [1.11832672, 1.29606878, 6.80510399, 4.83989803, 0.55148441,\n        1.87657776],\n       [1.31923862, 1.3600744 , 6.86435336, 4.72781129, 0.51114027,\n        1.88827023],\n       [1.14632068, 1.48860081, 6.76053358, 4.74739296, 0.53583102,\n        1.88124016],\n       [1.18383262, 1.37970158, 6.84146739, 4.8941703 , 0.51835464,\n        1.95478894]]), array([0.3874592 , 0.389395  , 0.38945517, 0.38995355, 0.39012439,\n       0.39020302, 0.39105059]))"}, "1": {"maxiter": 100, "fatol": 1e-05, "xatol": 1e-10, "duration": 0.0264589786529541, "fun": "0.3874591982067007", "nit": "100", "nfev": "157", "status": "2", "success": "False", "message": "Maximum number of iterations has been exceeded.", "x": "[1.26400458 1.40085601 6.71455631 4.67581232 0.52498174 1.92828747]", "final_simplex": "(array([[1.26400458, 1.40085601, 6.71455631, 4.67581232, 0.52498174,\n        1.92828747],\n       [1.17729258, 1.26924114, 6.78571441, 4.63260604, 0.54649138,\n        1.95254798],\n       [1.21418398, 1.24227204, 6.74804973, 4.75245409, 0.54280883,\n        1.8680043 ],\n       [1.11832672, 1.29606878, 6.80510399, 4.83989803, 0.55148441,\n        1.87657776],\n       [1.31923862, 1.3600744 , 6.86435336, 4.72781129, 0.51114027,\n        1.88827023],\n       [1.14632068, 1.48860081, 6.76053358, 4.74739296, 0.53583102,\n        1.88124016],\n       [1.18383262, 1.37970158, 6.84146739, 4.8941703 , 0.51835464,\n        1.95478894]]), array([0.3874592 , 0.389395  , 0.38945517, 0.38995355, 0.39012439,\n       0.39020302, 0.39105059]))"}, "2": {"maxiter": 100, "fatol": 1e-10, "xatol": 1e-05, "duration": 0.026361942291259766, "fun": "0.3874591982067007", "nit": "100", "nfev": "157", "status": "2", "success": "False", "message": "Maximum number of iterations has been exceeded.", "x": "[1.26400458 1.40085601 6.71455631 4.67581232 0.52498174 1.92828747]", "final_simplex": "(array([[1.26400458, 1.40085601, 6.71455631, 4.67581232, 0.52498174,\n        1.92828747],\n       [1.17729258, 1.26924114, 6.78571441, 4.63260604, 0.54649138,\n        1.95254798],\n       [1.21418398, 1.24227204, 6.74804973, 4.75245409, 0.54280883,\n        1.8680043 ],\n       [1.11832672, 1.29606878, 6.80510399, 4.83989803, 0.55148441,\n        1.87657776],\n       [1.31923862, 1.3600744 , 6.86435336, 4.72781129, 0.51114027,\n        1.88827023],\n       [1.14632068, 1.48860081, 6.76053358, 4.74739296, 0.53583102,\n        1.88124016],\n       [1.18383262, 1.37970158, 6.84146739, 4.8941703 , 0.51835464,\n        1.95478894]]), array([0.3874592 , 0.389395  , 0.38945517, 0.38995355, 0.39012439,\n       0.39020302, 0.39105059]))"}, "3": {"maxiter": 100, "fatol": 1e-10, "xatol": 1e-10, "duration": 0.026350975036621094, "fun": "0.3874591982067007", "nit": "100", "nfev": "157", "status": "2", "success": "False", "message": "Maximum number of iterations has been exceeded.", "x": "[1.26400458 1.40085601 6.71455631 4.67581232 0.52498174 1.92828747]", "final_simplex": "(array([[1.26400458, 1.40085601, 6.71455631, 4.67581232, 0.52498174,\n        1.92828747],\n       [1.17729258, 1.26924114, 6.78571441, 4.63260604, 0.54649138,\n        1.95254798],\n       [1.21418398, 1.24227204, 6.74804973, 4.75245409, 0.54280883,\n        1.8680043 ],\n       [1.11832672, 1.29606878, 6.80510399, 4.83989803, 0.55148441,\n        1.87657776],\n       [1.31923862, 1.3600744 , 6.86435336, 4.72781129, 0.51114027,\n        1.88827023],\n       [1.14632068, 1.48860081, 6.76053358, 4.74739296, 0.53583102,\n        1.88124016],\n       [1.18383262, 1.37970158, 6.84146739, 4.8941703 , 0.51835464,\n        1.95478894]]), array([0.3874592 , 0.389395  , 0.38945517, 0.38995355, 0.39012439,\n       0.39020302, 0.39105059]))"}, "4": {"maxiter": 500, "fatol": 1e-05, "xatol": 1e-05, "duration": 0.10823917388916016, "fun": "0.34966462752410477", "nit": "410", "nfev": "645", "status": "0", "success": "True", "message": "Optimization terminated successfully.", "x": "[1.12267479 1.26565124 6.73610058 4.73212458 1.07034337 1.91530064]", "final_simplex": "(array([[1.12267479, 1.26565124, 6.73610058, 4.73212458, 1.07034337,\n        1.91530064],\n       [1.12268096, 1.26565502, 6.73610207, 4.73212581, 1.07033429,\n        1.9152987 ],\n       [1.12267836, 1.26565408, 6.73609206, 4.73212513, 1.07034175,\n        1.91529954],\n       [1.1226796 , 1.26564367, 6.73610088, 4.73212758, 1.07034471,\n        1.91529273],\n       [1.12267035, 1.26565821, 6.73610017, 4.73212718, 1.07034448,\n        1.91529741],\n       [1.12267385, 1.26565063, 6.73609922, 4.73212184, 1.07033739,\n        1.91529812],\n       [1.12268146, 1.26565639, 6.73609368, 4.73211474, 1.07034229,\n        1.91529163]]), array([0.34966463, 0.34966463, 0.34966463, 0.34966463, 0.34966463,\n       0.34966463, 0.34966463]))"}, "5": {"maxiter": 500, "fatol": 1e-05, "xatol": 1e-10, "duration": 0.13492202758789062, "fun": "0.34966462751635596", "nit": "500", "nfev": "805", "status": "2", "success": "False", "message": "Maximum number of iterations has been exceeded.", "x": "[1.12268024 1.2656534  6.7361005  4.73212414 1.07034238 1.91529662]", "final_simplex": "(array([[1.12268024, 1.2656534 , 6.7361005 , 4.73212414, 1.07034238,\n        1.91529662],\n       [1.12268024, 1.2656534 , 6.7361005 , 4.73212414, 1.07034237,\n        1.91529661],\n       [1.12268025, 1.26565341, 6.7361005 , 4.73212414, 1.07034236,\n        1.91529661],\n       [1.12268025, 1.2656534 , 6.7361005 , 4.73212415, 1.07034236,\n        1.91529662],\n       [1.12268023, 1.2656534 , 6.73610049, 4.73212414, 1.07034236,\n        1.91529662],\n       [1.12268025, 1.2656534 , 6.7361005 , 4.73212414, 1.07034237,\n        1.91529661],\n       [1.12268024, 1.2656534 , 6.73610049, 4.73212414, 1.07034237,\n        1.91529661]]), array([0.34966463, 0.34966463, 0.34966463, 0.34966463, 0.34966463,\n       0.34966463, 0.34966463]))"}, "6": {"maxiter": 500, "fatol": 1e-10, "xatol": 1e-05, "duration": 0.10844612121582031, "fun": "0.34966462752410477", "nit": "410", "nfev": "645", "status": "0", "success": "True", "message": "Optimization terminated successfully.", "x": "[1.12267479 1.26565124 6.73610058 4.73212458 1.07034337 1.91530064]", "final_simplex": "(array([[1.12267479, 1.26565124, 6.73610058, 4.73212458, 1.07034337,\n        1.91530064],\n       [1.12268096, 1.26565502, 6.73610207, 4.73212581, 1.07033429,\n        1.9152987 ],\n       [1.12267836, 1.26565408, 6.73609206, 4.73212513, 1.07034175,\n        1.91529954],\n       [1.1226796 , 1.26564367, 6.73610088, 4.73212758, 1.07034471,\n        1.91529273],\n       [1.12267035, 1.26565821, 6.73610017, 4.73212718, 1.07034448,\n        1.91529741],\n       [1.12267385, 1.26565063, 6.73609922, 4.73212184, 1.07033739,\n        1.91529812],\n       [1.12268146, 1.26565639, 6.73609368, 4.73211474, 1.07034229,\n        1.91529163]]), array([0.34966463, 0.34966463, 0.34966463, 0.34966463, 0.34966463,\n       0.34966463, 0.34966463]))"}, "7": {"maxiter": 500, "fatol": 1e-10, "xatol": 1e-10, "duration": 0.13520312309265137, "fun": "0.34966462751635596", "nit": "500", "nfev": "805", "status": "2", "success": "False", "message": "Maximum number of iterations has been exceeded.", "x": "[1.12268024 1.2656534  6.7361005  4.73212414 1.07034238 1.91529662]", "final_simplex": "(array([[1.12268024, 1.2656534 , 6.7361005 , 4.73212414, 1.07034238,\n        1.91529662],\n       [1.12268024, 1.2656534 , 6.7361005 , 4.73212414, 1.07034237,\n        1.91529661],\n       [1.12268025, 1.26565341, 6.7361005 , 4.73212414, 1.07034236,\n        1.91529661],\n       [1.12268025, 1.2656534 , 6.7361005 , 4.73212415, 1.07034236,\n        1.91529662],\n       [1.12268023, 1.2656534 , 6.73610049, 4.73212414, 1.07034236,\n        1.91529662],\n       [1.12268025, 1.2656534 , 6.7361005 , 4.73212414, 1.07034237,\n        1.91529661],\n       [1.12268024, 1.2656534 , 6.73610049, 4.73212414, 1.07034237,\n        1.91529661]]), array([0.34966463, 0.34966463, 0.34966463, 0.34966463, 0.34966463,\n       0.34966463, 0.34966463]))"}, "8": {"maxiter": 1000, "fatol": 1e-05, "xatol": 1e-05, "duration": 0.10834217071533203, "fun": "0.34966462752410477", "nit": "410", "nfev": "645", "status": "0", "success": "True", "message": "Optimization terminated successfully.", "x": "[1.12267479 1.26565124 6.73610058 4.73212458 1.07034337 1.91530064]", "final_simplex": "(array([[1.12267479, 1.26565124, 6.73610058, 4.73212458, 1.07034337,\n        1.91530064],\n       [1.12268096, 1.26565502, 6.73610207, 4.73212581, 1.07033429,\n        1.9152987 ],\n       [1.12267836, 1.26565408, 6.73609206, 4.73212513, 1.07034175,\n        1.91529954],\n       [1.1226796 , 1.26564367, 6.73610088, 4.73212758, 1.07034471,\n        1.91529273],\n       [1.12267035, 1.26565821, 6.73610017, 4.73212718, 1.07034448,\n        1.91529741],\n       [1.12267385, 1.26565063, 6.73609922, 4.73212184, 1.07033739,\n        1.91529812],\n       [1.12268146, 1.26565639, 6.73609368, 4.73211474, 1.07034229,\n        1.91529163]]), array([0.34966463, 0.34966463, 0.34966463, 0.34966463, 0.34966463,\n       0.34966463, 0.34966463]))"}, "9": {"maxiter": 1000, "fatol": 1e-05, "xatol": 1e-10, "duration": 0.15192794799804688, "fun": "0.34966462751635585", "nit": "524", "nfev": "893", "status": "0", "success": "True", "message": "Optimization terminated successfully.", "x": "[1.12268024 1.2656534  6.7361005  4.73212414 1.07034238 1.91529662]", "final_simplex": "(array([[1.12268024, 1.2656534 , 6.7361005 , 4.73212414, 1.07034238,\n        1.91529662],\n       [1.12268024, 1.2656534 , 6.7361005 , 4.73212414, 1.07034238,\n        1.91529662],\n       [1.12268024, 1.2656534 , 6.7361005 , 4.73212414, 1.07034238,\n        1.91529662],\n       [1.12268024, 1.2656534 , 6.7361005 , 4.73212414, 1.07034238,\n        1.91529662],\n       [1.12268024, 1.2656534 , 6.7361005 , 4.73212414, 1.07034238,\n        1.91529662],\n       [1.12268024, 1.2656534 , 6.7361005 , 4.73212414, 1.07034238,\n        1.91529662],\n       [1.12268024, 1.2656534 , 6.7361005 , 4.73212414, 1.07034238,\n        1.91529662]]), array([0.34966463, 0.34966463, 0.34966463, 0.34966463, 0.34966463,\n       0.34966463, 0.34966463]))"}, "10": {"maxiter": 1000, "fatol": 1e-10, "xatol": 1e-05, "duration": 0.10965585708618164, "fun": "0.34966462752410477", "nit": "410", "nfev": "645", "status": "0", "success": "True", "message": "Optimization terminated successfully.", "x": "[1.12267479 1.26565124 6.73610058 4.73212458 1.07034337 1.91530064]", "final_simplex": "(array([[1.12267479, 1.26565124, 6.73610058, 4.73212458, 1.07034337,\n        1.91530064],\n       [1.12268096, 1.26565502, 6.73610207, 4.73212581, 1.07033429,\n        1.9152987 ],\n       [1.12267836, 1.26565408, 6.73609206, 4.73212513, 1.07034175,\n        1.91529954],\n       [1.1226796 , 1.26564367, 6.73610088, 4.73212758, 1.07034471,\n        1.91529273],\n       [1.12267035, 1.26565821, 6.73610017, 4.73212718, 1.07034448,\n        1.91529741],\n       [1.12267385, 1.26565063, 6.73609922, 4.73212184, 1.07033739,\n        1.91529812],\n       [1.12268146, 1.26565639, 6.73609368, 4.73211474, 1.07034229,\n        1.91529163]]), array([0.34966463, 0.34966463, 0.34966463, 0.34966463, 0.34966463,\n       0.34966463, 0.34966463]))"}, "11": {"maxiter": 1000, "fatol": 1e-10, "xatol": 1e-10, "duration": 0.15129899978637695, "fun": "0.34966462751635585", "nit": "524", "nfev": "893", "status": "0", "success": "True", "message": "Optimization terminated successfully.", "x": "[1.12268024 1.2656534  6.7361005  4.73212414 1.07034238 1.91529662]", "final_simplex": "(array([[1.12268024, 1.2656534 , 6.7361005 , 4.73212414, 1.07034238,\n        1.91529662],\n       [1.12268024, 1.2656534 , 6.7361005 , 4.73212414, 1.07034238,\n        1.91529662],\n       [1.12268024, 1.2656534 , 6.7361005 , 4.73212414, 1.07034238,\n        1.91529662],\n       [1.12268024, 1.2656534 , 6.7361005 , 4.73212414, 1.07034238,\n        1.91529662],\n       [1.12268024, 1.2656534 , 6.7361005 , 4.73212414, 1.07034238,\n        1.91529662],\n       [1.12268024, 1.2656534 , 6.7361005 , 4.73212414, 1.07034238,\n        1.91529662],\n       [1.12268024, 1.2656534 , 6.7361005 , 4.73212414, 1.07034238,\n        1.91529662]]), array([0.34966463, 0.34966463, 0.34966463, 0.34966463, 0.34966463,\n       0.34966463, 0.34966463]))"}}, "bfgs": {"type": "gradient", "0": {"maxiter": 100, "gtol": 1e-05, "xrtol": 1e-05, "eps": 1e-05, "duration": 0.02812814712524414, "fun": "0.3496646275712022", "jac": "[ 5.65203440e-07 -1.56652469e-08  1.22901689e-06 -1.03472786e-06\n -1.65178982e-06  5.20885557e-06]", "hess_inv": "[[ 3.7887079   0.03312225 -0.07258854 -0.72495886 -1.22448164  0.21649098]\n [ 0.03312225  4.57780258 -1.68822412  0.28655642 -0.97955405  0.69637707]\n [-0.07258854 -1.68822412  4.6733992   0.61471291 -0.04025413 -0.99086951]\n [-0.72495886  0.28655642  0.61471291  4.01441685 -0.24127389 -0.02120968]\n [-1.22448164 -0.97955405 -0.04025413 -0.24127389  4.17725495 -0.35140797]\n [ 0.21649098  0.69637707 -0.99086951 -0.02120968 -0.35140797  3.36531924]]", "nfev": "161", "njev": "23", "status": "0", "success": "True", "message": "Optimization terminated successfully.", "x": "[1.12268342 1.26565231 6.73609764 4.73211462 1.07033098 1.91531051]", "nit": "17"}, "1": {"maxiter": 100, "gtol": 1e-05, "xrtol": 1e-05, "eps": 1e-10, "duration": 0.028074026107788086, "fun": "0.3496646276090841", "jac": "[-2.22044587e-06  2.22044587e-06  2.22044587e-06  0.00000000e+00\n -2.22044587e-06  6.66133760e-06]", "hess_inv": "[[ 3.77926235  0.05085062 -0.07446054 -0.71272494 -1.2266611   0.21589998]\n [ 0.05085062  4.54534614 -1.70019492  0.27304588 -0.97882798  0.68286522]\n [-0.07446054 -1.70019492  4.68853676  0.61363047 -0.02819757 -0.98591127]\n [-0.71272494  0.27304588  0.61363047  4.02178535 -0.24278858 -0.01416528]\n [-1.2266611  -0.97882798 -0.02819757 -0.24278858  4.18229751 -0.34181002]\n [ 0.21589998  0.68286522 -0.98591127 -0.01416528 -0.34181002  3.33916528]]", "nfev": "161", "njev": "23", "status": "0", "success": "True", "message": "Optimization terminated successfully.", "x": "[1.12268201 1.26566663 6.7361014  4.7321222  1.07033512 1.91531912]", "nit": "17"}, "2": {"maxiter": 100, "gtol": 1e-05, "xrtol": 1e-10, "eps": 1e-05, "duration": 0.028057098388671875, "fun": "0.3496646275712022", "jac": "[ 5.65203440e-07 -1.56652469e-08  1.22901689e-06 -1.03472786e-06\n -1.65178982e-06  5.20885557e-06]", "hess_inv": "[[ 3.7887079   0.03312225 -0.07258854 -0.72495886 -1.22448164  0.21649098]\n [ 0.03312225  4.57780258 -1.68822412  0.28655642 -0.97955405  0.69637707]\n [-0.07258854 -1.68822412  4.6733992   0.61471291 -0.04025413 -0.99086951]\n [-0.72495886  0.28655642  0.61471291  4.01441685 -0.24127389 -0.02120968]\n [-1.22448164 -0.97955405 -0.04025413 -0.24127389  4.17725495 -0.35140797]\n [ 0.21649098  0.69637707 -0.99086951 -0.02120968 -0.35140797  3.36531924]]", "nfev": "161", "njev": "23", "status": "0", "success": "True", "message": "Optimization terminated successfully.", "x": "[1.12268342 1.26565231 6.73609764 4.73211462 1.07033098 1.91531051]", "nit": "17"}, "3": {"maxiter": 100, "gtol": 1e-05, "xrtol": 1e-10, "eps": 1e-10, "duration": 0.02815699577331543, "fun": "0.3496646276090841", "jac": "[-2.22044587e-06  2.22044587e-06  2.22044587e-06  0.00000000e+00\n -2.22044587e-06  6.66133760e-06]", "hess_inv": "[[ 3.77926235  0.05085062 -0.07446054 -0.71272494 -1.2266611   0.21589998]\n [ 0.05085062  4.54534614 -1.70019492  0.27304588 -0.97882798  0.68286522]\n [-0.07446054 -1.70019492  4.68853676  0.61363047 -0.02819757 -0.98591127]\n [-0.71272494  0.27304588  0.61363047  4.02178535 -0.24278858 -0.01416528]\n [-1.2266611  -0.97882798 -0.02819757 -0.24278858  4.18229751 -0.34181002]\n [ 0.21589998  0.68286522 -0.98591127 -0.01416528 -0.34181002  3.33916528]]", "nfev": "161", "njev": "23", "status": "0", "success": "True", "message": "Optimization terminated successfully.", "x": "[1.12268201 1.26566663 6.7361014  4.7321222  1.07033512 1.91531912]", "nit": "17"}, "4": {"maxiter": 100, "gtol": 1e-10, "xrtol": 1e-05, "eps": 1e-05, "duration": 0.02950906753540039, "fun": "0.34966462753302474", "jac": "[ 6.61248833e-08 -6.21946938e-08  8.34998737e-08 -2.38875586e-07\n  3.51163543e-08  1.36657352e-07]", "hess_inv": "[[ 3.77227411  0.0704788  -0.04634801 -0.69451513 -1.2114775   0.24709716]\n [ 0.0704788   4.57857733 -1.69807409  0.25666806 -1.03268263  0.77412651]\n [-0.04634801 -1.69807409  4.66043978  0.5889495  -0.07471473 -0.95412536]\n [-0.69451513  0.25666806  0.5889495   3.97605705 -0.27617709 -0.01031742]\n [-1.2114775  -1.03268263 -0.07471473 -0.27617709  4.17344675 -0.41614527]\n [ 0.24709716  0.77412651 -0.95412536 -0.01031742 -0.41614527  3.56159515]]", "nfev": "168", "njev": "24", "status": "0", "success": "True", "message": "Optimization terminated successfully.", "x": "[1.12267734 1.26564895 6.73609737 4.732118   1.07034052 1.91529231]", "nit": "18"}, "5": {"maxiter": 100, "gtol": 1e-10, "xrtol": 1e-05, "eps": 1e-10, "duration": 0.0294649600982666, "fun": "0.3496646275314369", "jac": "[ 2.22044587e-06 -2.22044587e-06  0.00000000e+00 -2.22044587e-06\n  1.11022293e-06 -2.22044587e-06]", "hess_inv": "[[ 3.78583294  0.02590058 -0.08216419 -0.72463717 -1.21647822  0.17804259]\n [ 0.02590058  4.6260301  -1.6908659   0.30239317 -1.03621542  0.81471722]\n [-0.08216419 -1.6908659   4.66933061  0.6050809  -0.06666997 -0.95839351]\n [-0.72463717  0.30239317  0.6050809   4.02542846 -0.28240647  0.04101894]\n [-1.21647822 -1.03621542 -0.06666997 -0.28240647  4.17314682 -0.41632971]\n [ 0.17804259  0.81471722 -0.95839351  0.04101894 -0.41632971  3.54721004]]", "nfev": "168", "njev": "24", "status": "0", "success": "True", "message": "Optimization terminated successfully.", "x": "[1.12268666 1.26565244 6.73610084 4.73211768 1.07034691 1.91529529]", "nit": "18"}, "6": {"maxiter": 100, "gtol": 1e-10, "xrtol": 1e-10, "eps": 1e-05, "duration": 0.07613801956176758, "fun": "0.34966462753256444", "jac": "[-2.22044605e-11  3.33066907e-10  3.88578059e-10 -9.99200722e-11\n  6.88338275e-10 -2.88657986e-10]", "hess_inv": "[[ 3.83232193  0.03674152 -0.04776105 -0.78885858 -1.2489582   0.32389355]\n [ 0.03674152  4.55392796 -1.64918103  0.23205786 -0.92546816  0.69323794]\n [-0.04776105 -1.64918103  4.5821489   0.6967752  -0.19665682 -0.92649841]\n [-0.78885858  0.23205786  0.6967752   3.97037985 -0.04214267 -0.18836225]\n [-1.2489582  -0.92546816 -0.19665682 -0.04214267  3.99661509 -0.40333909]\n [ 0.32389355  0.69323794 -0.92649841 -0.18836225 -0.40333909  3.62156405]]", "nfev": "438", "njev": "61", "status": "2", "success": "False", "message": "Desired error not necessarily achieved due to precision loss.", "x": "[1.12267691 1.26564936 6.73609719 4.73211898 1.07034046 1.91529189]", "nit": "20"}, "7": {"maxiter": 100, "gtol": 1e-10, "xrtol": 1e-10, "eps": 1e-10, "duration": 0.04535412788391113, "fun": "0.34966462751794103", "jac": "[2.22044587e-06 2.22044587e-06 0.00000000e+00 0.00000000e+00\n 0.00000000e+00 0.00000000e+00]", "hess_inv": "[[  3.38835715  -2.08124817   2.82009413   1.52063737  -0.74551634\n    1.22195126]\n [ -2.08124817  21.59520959 -18.46919682 -12.49621847  -3.61914275\n   -7.65179765]\n [  2.82009413 -18.46919682  18.27963239  11.22080015   0.74572411\n    6.5784509 ]\n [  1.52063737 -12.49621847  11.22080015  11.06089568   1.61125066\n    3.91052198]\n [ -0.74551634  -3.61914275   0.74572411   1.61125066   3.02556815\n    1.16678357]\n [  1.22195126  -7.65179765   6.5784509    3.91052198   1.16678357\n    5.06606004]]", "nfev": "259", "njev": "37", "status": "0", "success": "True", "message": "Optimization terminated successfully.", "x": "[1.12268228 1.26565487 6.73609927 4.73212492 1.07034278 1.91529835]", "nit": "22"}, "8": {"maxiter": 500, "gtol": 1e-05, "xrtol": 1e-05, "eps": 1e-05, "duration": 0.02836132049560547, "fun": "0.3496646275712022", "jac": "[ 5.65203440e-07 -1.56652469e-08  1.22901689e-06 -1.03472786e-06\n -1.65178982e-06  5.20885557e-06]", "hess_inv": "[[ 3.7887079   0.03312225 -0.07258854 -0.72495886 -1.22448164  0.21649098]\n [ 0.03312225  4.57780258 -1.68822412  0.28655642 -0.97955405  0.69637707]\n [-0.07258854 -1.68822412  4.6733992   0.61471291 -0.04025413 -0.99086951]\n [-0.72495886  0.28655642  0.61471291  4.01441685 -0.24127389 -0.02120968]\n [-1.22448164 -0.97955405 -0.04025413 -0.24127389  4.17725495 -0.35140797]\n [ 0.21649098  0.69637707 -0.99086951 -0.02120968 -0.35140797  3.36531924]]", "nfev": "161", "njev": "23", "status": "0", "success": "True", "message": "Optimization terminated successfully.", "x": "[1.12268342 1.26565231 6.73609764 4.73211462 1.07033098 1.91531051]", "nit": "17"}, "9": {"maxiter": 500, "gtol": 1e-05, "xrtol": 1e-05, "eps": 1e-10, "duration": 0.028354883193969727, "fun": "0.3496646276090841", "jac": "[-2.22044587e-06  2.22044587e-06  2.22044587e-06  0.00000000e+00\n -2.22044587e-06  6.66133760e-06]", "hess_inv": "[[ 3.77926235  0.05085062 -0.07446054 -0.71272494 -1.2266611   0.21589998]\n [ 0.05085062  4.54534614 -1.70019492  0.27304588 -0.97882798  0.68286522]\n [-0.07446054 -1.70019492  4.68853676  0.61363047 -0.02819757 -0.98591127]\n [-0.71272494  0.27304588  0.61363047  4.02178535 -0.24278858 -0.01416528]\n [-1.2266611  -0.97882798 -0.02819757 -0.24278858  4.18229751 -0.34181002]\n [ 0.21589998  0.68286522 -0.98591127 -0.01416528 -0.34181002  3.33916528]]", "nfev": "161", "njev": "23", "status": "0", "success": "True", "message": "Optimization terminated successfully.", "x": "[1.12268201 1.26566663 6.7361014  4.7321222  1.07033512 1.91531912]", "nit": "17"}, "10": {"maxiter": 500, "gtol": 1e-05, "xrtol": 1e-10, "eps": 1e-05, "duration": 0.028441667556762695, "fun": "0.3496646275712022", "jac": "[ 5.65203440e-07 -1.56652469e-08  1.22901689e-06 -1.03472786e-06\n -1.65178982e-06  5.20885557e-06]", "hess_inv": "[[ 3.7887079   0.03312225 -0.07258854 -0.72495886 -1.22448164  0.21649098]\n [ 0.03312225  4.57780258 -1.68822412  0.28655642 -0.97955405  0.69637707]\n [-0.07258854 -1.68822412  4.6733992   0.61471291 -0.04025413 -0.99086951]\n [-0.72495886  0.28655642  0.61471291  4.01441685 -0.24127389 -0.02120968]\n [-1.22448164 -0.97955405 -0.04025413 -0.24127389  4.17725495 -0.35140797]\n [ 0.21649098  0.69637707 -0.99086951 -0.02120968 -0.35140797  3.36531924]]", "nfev": "161", "njev": "23", "status": "0", "success": "True", "message": "Optimization terminated successfully.", "x": "[1.12268342 1.26565231 6.73609764 4.73211462 1.07033098 1.91531051]", "nit": "17"}, "11": {"maxiter": 500, "gtol": 1e-05, "xrtol": 1e-10, "eps": 1e-10, "duration": 0.028398990631103516, "fun": "0.3496646276090841", "jac": "[-2.22044587e-06  2.22044587e-06  2.22044587e-06  0.00000000e+00\n -2.22044587e-06  6.66133760e-06]", "hess_inv": "[[ 3.77926235  0.05085062 -0.07446054 -0.71272494 -1.2266611   0.21589998]\n [ 0.05085062  4.54534614 -1.70019492  0.27304588 -0.97882798  0.68286522]\n [-0.07446054 -1.70019492  4.68853676  0.61363047 -0.02819757 -0.98591127]\n [-0.71272494  0.27304588  0.61363047  4.02178535 -0.24278858 -0.01416528]\n [-1.2266611  -0.97882798 -0.02819757 -0.24278858  4.18229751 -0.34181002]\n [ 0.21589998  0.68286522 -0.98591127 -0.01416528 -0.34181002  3.33916528]]", "nfev": "161", "njev": "23", "status": "0", "success": "True", "message": "Optimization terminated successfully.", "x": "[1.12268201 1.26566663 6.7361014  4.7321222  1.07033512 1.91531912]", "nit": "17"}, "12": {"maxiter": 500, "gtol": 1e-10, "xrtol": 1e-05, "eps": 1e-05, "duration": 0.030018091201782227, "fun": "0.34966462753302474", "jac": "[ 6.61248833e-08 -6.21946938e-08  8.34998737e-08 -2.38875586e-07\n  3.51163543e-08  1.36657352e-07]", "hess_inv": "[[ 3.77227411  0.0704788  -0.04634801 -0.69451513 -1.2114775   0.24709716]\n [ 0.0704788   4.57857733 -1.69807409  0.25666806 -1.03268263  0.77412651]\n [-0.04634801 -1.69807409  4.66043978  0.5889495  -0.07471473 -0.95412536]\n [-0.69451513  0.25666806  0.5889495   3.97605705 -0.27617709 -0.01031742]\n [-1.2114775  -1.03268263 -0.07471473 -0.27617709  4.17344675 -0.41614527]\n [ 0.24709716  0.77412651 -0.95412536 -0.01031742 -0.41614527  3.56159515]]", "nfev": "168", "njev": "24", "status": "0", "success": "True", "message": "Optimization terminated successfully.", "x": "[1.12267734 1.26564895 6.73609737 4.732118   1.07034052 1.91529231]", "nit": "18"}, "13": {"maxiter": 500, "gtol": 1e-10, "xrtol": 1e-05, "eps": 1e-10, "duration": 0.029632091522216797, "fun": "0.3496646275314369", "jac": "[ 2.22044587e-06 -2.22044587e-06  0.00000000e+00 -2.22044587e-06\n  1.11022293e-06 -2.22044587e-06]", "hess_inv": "[[ 3.78583294  0.02590058 -0.08216419 -0.72463717 -1.21647822  0.17804259]\n [ 0.02590058  4.6260301  -1.6908659   0.30239317 -1.03621542  0.81471722]\n [-0.08216419 -1.6908659   4.66933061  0.6050809  -0.06666997 -0.95839351]\n [-0.72463717  0.30239317  0.6050809   4.02542846 -0.28240647  0.04101894]\n [-1.21647822 -1.03621542 -0.06666997 -0.28240647  4.17314682 -0.41632971]\n [ 0.17804259  0.81471722 -0.95839351  0.04101894 -0.41632971  3.54721004]]", "nfev": "168", "njev": "24", "status": "0", "success": "True", "message": "Optimization terminated successfully.", "x": "[1.12268666 1.26565244 6.73610084 4.73211768 1.07034691 1.91529529]", "nit": "18"}, "14": {"maxiter": 500, "gtol": 1e-10, "xrtol": 1e-10, "eps": 1e-05, "duration": 0.07654285430908203, "fun": "0.34966462753256444", "jac": "[-2.22044605e-11  3.33066907e-10  3.88578059e-10 -9.99200722e-11\n  6.88338275e-10 -2.88657986e-10]", "hess_inv": "[[ 3.83232193  0.03674152 -0.04776105 -0.78885858 -1.2489582   0.32389355]\n [ 0.03674152  4.55392796 -1.64918103  0.23205786 -0.92546816  0.69323794]\n [-0.04776105 -1.64918103  4.5821489   0.6967752  -0.19665682 -0.92649841]\n [-0.78885858  0.23205786  0.6967752   3.97037985 -0.04214267 -0.18836225]\n [-1.2489582  -0.92546816 -0.19665682 -0.04214267  3.99661509 -0.40333909]\n [ 0.32389355  0.69323794 -0.92649841 -0.18836225 -0.40333909  3.62156405]]", "nfev": "438", "njev": "61", "status": "2", "success": "False", "message": "Desired error not necessarily achieved due to precision loss.", "x": "[1.12267691 1.26564936 6.73609719 4.73211898 1.07034046 1.91529189]", "nit": "20"}, "15": {"maxiter": 500, "gtol": 1e-10, "xrtol": 1e-10, "eps": 1e-10, "duration": 0.04459095001220703, "fun": "0.34966462751794103", "jac": "[2.22044587e-06 2.22044587e-06 0.00000000e+00 0.00000000e+00\n 0.00000000e+00 0.00000000e+00]", "hess_inv": "[[  3.38835715  -2.08124817   2.82009413   1.52063737  -0.74551634\n    1.22195126]\n [ -2.08124817  21.59520959 -18.46919682 -12.49621847  -3.61914275\n   -7.65179765]\n [  2.82009413 -18.46919682  18.27963239  11.22080015   0.74572411\n    6.5784509 ]\n [  1.52063737 -12.49621847  11.22080015  11.06089568   1.61125066\n    3.91052198]\n [ -0.74551634  -3.61914275   0.74572411   1.61125066   3.02556815\n    1.16678357]\n [  1.22195126  -7.65179765   6.5784509    3.91052198   1.16678357\n    5.06606004]]", "nfev": "259", "njev": "37", "status": "0", "success": "True", "message": "Optimization terminated successfully.", "x": "[1.12268228 1.26565487 6.73609927 4.73212492 1.07034278 1.91529835]", "nit": "22"}, "16": {"maxiter": 1000, "gtol": 1e-05, "xrtol": 1e-05, "eps": 1e-05, "duration": 0.027489900588989258, "fun": "0.3496646275712022", "jac": "[ 5.65203440e-07 -1.56652469e-08  1.22901689e-06 -1.03472786e-06\n -1.65178982e-06  5.20885557e-06]", "hess_inv": "[[ 3.7887079   0.03312225 -0.07258854 -0.72495886 -1.22448164  0.21649098]\n [ 0.03312225  4.57780258 -1.68822412  0.28655642 -0.97955405  0.69637707]\n [-0.07258854 -1.68822412  4.6733992   0.61471291 -0.04025413 -0.99086951]\n [-0.72495886  0.28655642  0.61471291  4.01441685 -0.24127389 -0.02120968]\n [-1.22448164 -0.97955405 -0.04025413 -0.24127389  4.17725495 -0.35140797]\n [ 0.21649098  0.69637707 -0.99086951 -0.02120968 -0.35140797  3.36531924]]", "nfev": "161", "njev": "23", "status": "0", "success": "True", "message": "Optimization terminated successfully.", "x": "[1.12268342 1.26565231 6.73609764 4.73211462 1.07033098 1.91531051]", "nit": "17"}, "17": {"maxiter": 1000, "gtol": 1e-05, "xrtol": 1e-05, "eps": 1e-10, "duration": 0.02751779556274414, "fun": "0.3496646276090841", "jac": "[-2.22044587e-06  2.22044587e-06  2.22044587e-06  0.00000000e+00\n -2.22044587e-06  6.66133760e-06]", "hess_inv": "[[ 3.77926235  0.05085062 -0.07446054 -0.71272494 -1.2266611   0.21589998]\n [ 0.05085062  4.54534614 -1.70019492  0.27304588 -0.97882798  0.68286522]\n [-0.07446054 -1.70019492  4.68853676  0.61363047 -0.02819757 -0.98591127]\n [-0.71272494  0.27304588  0.61363047  4.02178535 -0.24278858 -0.01416528]\n [-1.2266611  -0.97882798 -0.02819757 -0.24278858  4.18229751 -0.34181002]\n [ 0.21589998  0.68286522 -0.98591127 -0.01416528 -0.34181002  3.33916528]]", "nfev": "161", "njev": "23", "status": "0", "success": "True", "message": "Optimization terminated successfully.", "x": "[1.12268201 1.26566663 6.7361014  4.7321222  1.07033512 1.91531912]", "nit": "17"}, "18": {"maxiter": 1000, "gtol": 1e-05, "xrtol": 1e-10, "eps": 1e-05, "duration": 0.027508974075317383, "fun": "0.3496646275712022", "jac": "[ 5.65203440e-07 -1.56652469e-08  1.22901689e-06 -1.03472786e-06\n -1.65178982e-06  5.20885557e-06]", "hess_inv": "[[ 3.7887079   0.03312225 -0.07258854 -0.72495886 -1.22448164  0.21649098]\n [ 0.03312225  4.57780258 -1.68822412  0.28655642 -0.97955405  0.69637707]\n [-0.07258854 -1.68822412  4.6733992   0.61471291 -0.04025413 -0.99086951]\n [-0.72495886  0.28655642  0.61471291  4.01441685 -0.24127389 -0.02120968]\n [-1.22448164 -0.97955405 -0.04025413 -0.24127389  4.17725495 -0.35140797]\n [ 0.21649098  0.69637707 -0.99086951 -0.02120968 -0.35140797  3.36531924]]", "nfev": "161", "njev": "23", "status": "0", "success": "True", "message": "Optimization terminated successfully.", "x": "[1.12268342 1.26565231 6.73609764 4.73211462 1.07033098 1.91531051]", "nit": "17"}, "19": {"maxiter": 1000, "gtol": 1e-05, "xrtol": 1e-10, "eps": 1e-10, "duration": 0.02748394012451172, "fun": "0.3496646276090841", "jac": "[-2.22044587e-06  2.22044587e-06  2.22044587e-06  0.00000000e+00\n -2.22044587e-06  6.66133760e-06]", "hess_inv": "[[ 3.77926235  0.05085062 -0.07446054 -0.71272494 -1.2266611   0.21589998]\n [ 0.05085062  4.54534614 -1.70019492  0.27304588 -0.97882798  0.68286522]\n [-0.07446054 -1.70019492  4.68853676  0.61363047 -0.02819757 -0.98591127]\n [-0.71272494  0.27304588  0.61363047  4.02178535 -0.24278858 -0.01416528]\n [-1.2266611  -0.97882798 -0.02819757 -0.24278858  4.18229751 -0.34181002]\n [ 0.21589998  0.68286522 -0.98591127 -0.01416528 -0.34181002  3.33916528]]", "nfev": "161", "njev": "23", "status": "0", "success": "True", "message": "Optimization terminated successfully.", "x": "[1.12268201 1.26566663 6.7361014  4.7321222  1.07033512 1.91531912]", "nit": "17"}, "20": {"maxiter": 1000, "gtol": 1e-10, "xrtol": 1e-05, "eps": 1e-05, "duration": 0.02868509292602539, "fun": "0.34966462753302474", "jac": "[ 6.61248833e-08 -6.21946938e-08  8.34998737e-08 -2.38875586e-07\n  3.51163543e-08  1.36657352e-07]", "hess_inv": "[[ 3.77227411  0.0704788  -0.04634801 -0.69451513 -1.2114775   0.24709716]\n [ 0.0704788   4.57857733 -1.69807409  0.25666806 -1.03268263  0.77412651]\n [-0.04634801 -1.69807409  4.66043978  0.5889495  -0.07471473 -0.95412536]\n [-0.69451513  0.25666806  0.5889495   3.97605705 -0.27617709 -0.01031742]\n [-1.2114775  -1.03268263 -0.07471473 -0.27617709  4.17344675 -0.41614527]\n [ 0.24709716  0.77412651 -0.95412536 -0.01031742 -0.41614527  3.56159515]]", "nfev": "168", "njev": "24", "status": "0", "success": "True", "message": "Optimization terminated successfully.", "x": "[1.12267734 1.26564895 6.73609737 4.732118   1.07034052 1.91529231]", "nit": "18"}, "21": {"maxiter": 1000, "gtol": 1e-10, "xrtol": 1e-05, "eps": 1e-10, "duration": 0.02874898910522461, "fun": "0.3496646275314369", "jac": "[ 2.22044587e-06 -2.22044587e-06  0.00000000e+00 -2.22044587e-06\n  1.11022293e-06 -2.22044587e-06]", "hess_inv": "[[ 3.78583294  0.02590058 -0.08216419 -0.72463717 -1.21647822  0.17804259]\n [ 0.02590058  4.6260301  -1.6908659   0.30239317 -1.03621542  0.81471722]\n [-0.08216419 -1.6908659   4.66933061  0.6050809  -0.06666997 -0.95839351]\n [-0.72463717  0.30239317  0.6050809   4.02542846 -0.28240647  0.04101894]\n [-1.21647822 -1.03621542 -0.06666997 -0.28240647  4.17314682 -0.41632971]\n [ 0.17804259  0.81471722 -0.95839351  0.04101894 -0.41632971  3.54721004]]", "nfev": "168", "njev": "24", "status": "0", "success": "True", "message": "Optimization terminated successfully.", "x": "[1.12268666 1.26565244 6.73610084 4.73211768 1.07034691 1.91529529]", "nit": "18"}, "22": {"maxiter": 1000, "gtol": 1e-10, "xrtol": 1e-10, "eps": 1e-05, "duration": 0.07420897483825684, "fun": "0.34966462753256444", "jac": "[-2.22044605e-11  3.33066907e-10  3.88578059e-10 -9.99200722e-11\n  6.88338275e-10 -2.88657986e-10]", "hess_inv": "[[ 3.83232193  0.03674152 -0.04776105 -0.78885858 -1.2489582   0.32389355]\n [ 0.03674152  4.55392796 -1.64918103  0.23205786 -0.92546816  0.69323794]\n [-0.04776105 -1.64918103  4.5821489   0.6967752  -0.19665682 -0.92649841]\n [-0.78885858  0.23205786  0.6967752   3.97037985 -0.04214267 -0.18836225]\n [-1.2489582  -0.92546816 -0.19665682 -0.04214267  3.99661509 -0.40333909]\n [ 0.32389355  0.69323794 -0.92649841 -0.18836225 -0.40333909  3.62156405]]", "nfev": "438", "njev": "61", "status": "2", "success": "False", "message": "Desired error not necessarily achieved due to precision loss.", "x": "[1.12267691 1.26564936 6.73609719 4.73211898 1.07034046 1.91529189]", "nit": "20"}, "23": {"maxiter": 1000, "gtol": 1e-10, "xrtol": 1e-10, "eps": 1e-10, "duration": 0.04408121109008789, "fun": "0.34966462751794103", "jac": "[2.22044587e-06 2.22044587e-06 0.00000000e+00 0.00000000e+00\n 0.00000000e+00 0.00000000e+00]", "hess_inv": "[[  3.38835715  -2.08124817   2.82009413   1.52063737  -0.74551634\n    1.22195126]\n [ -2.08124817  21.59520959 -18.46919682 -12.49621847  -3.61914275\n   -7.65179765]\n [  2.82009413 -18.46919682  18.27963239  11.22080015   0.74572411\n    6.5784509 ]\n [  1.52063737 -12.49621847  11.22080015  11.06089568   1.61125066\n    3.91052198]\n [ -0.74551634  -3.61914275   0.74572411   1.61125066   3.02556815\n    1.16678357]\n [  1.22195126  -7.65179765   6.5784509    3.91052198   1.16678357\n    5.06606004]]", "nfev": "259", "njev": "37", "status": "0", "success": "True", "message": "Optimization terminated successfully.", "x": "[1.12268228 1.26565487 6.73609927 4.73212492 1.07034278 1.91529835]", "nit": "22"}}, "cobyla": {"0": {"maxiter": 100, "tol": 1e-05, "catol": 1e-05, "duration": 0.01643085479736328, "x": "[1.12182068 1.26474148 6.73663083 4.73372043 1.07092204 1.9130891 ]", "status": "2", "success": "False", "message": "Maximum number of function evaluations has been exceeded.", "nfev": "100", "fun": "0.34966567341909005", "maxcv": "0.0"}, "1": {"maxiter": 100, "tol": 1e-05, "catol": 1e-10, "duration": 0.016328096389770508, "x": "[1.12182068 1.26474148 6.73663083 4.73372043 1.07092204 1.9130891 ]", "status": "2", "success": "False", "message": "Maximum number of function evaluations has been exceeded.", "nfev": "100", "fun": "0.34966567341909005", "maxcv": "0.0"}, "2": {"maxiter": 100, "tol": 1e-10, "catol": 1e-05, "duration": 0.016554832458496094, "x": "[1.12182068 1.26474148 6.73663083 4.73372043 1.07092204 1.9130891 ]", "status": "2", "success": "False", "message": "Maximum number of function evaluations has been exceeded.", "nfev": "100", "fun": "0.34966567341909005", "maxcv": "0.0"}, "3": {"maxiter": 100, "tol": 1e-10, "catol": 1e-10, "duration": 0.016360998153686523, "x": "[1.12182068 1.26474148 6.73663083 4.73372043 1.07092204 1.9130891 ]", "status": "2", "success": "False", "message": "Maximum number of function evaluations has been exceeded.", "nfev": "100", "fun": "0.34966567341909005", "maxcv": "0.0"}, "4": {"maxiter": 500, "tol": 1e-05, "catol": 1e-05, "duration": 0.027112960815429688, "x": "[1.12267987 1.26565382 6.73609596 4.73212015 1.07034569 1.91530308]", "status": "1", "success": "True", "message": "Optimization terminated successfully.", "nfev": "166", "fun": "0.34966462752649885", "maxcv": "0.0"}, "5": {"maxiter": 500, "tol": 1e-05, "catol": 1e-10, "duration": 0.02708888053894043, "x": "[1.12267987 1.26565382 6.73609596 4.73212015 1.07034569 1.91530308]", "status": "1", "success": "True", "message": "Optimization terminated successfully.", "nfev": "166", "fun": "0.34966462752649885", "maxcv": "0.0"}, "6": {"maxiter": 500, "tol": 1e-10, "catol": 1e-05, "duration": 0.04206395149230957, "x": "[1.1226802  1.26565337 6.73610051 4.73212416 1.07034238 1.9152966 ]", "status": "1", "success": "True", "message": "Optimization terminated successfully.", "nfev": "258", "fun": "0.34966462751635685", "maxcv": "0.0"}, "7": {"maxiter": 500, "tol": 1e-10, "catol": 1e-10, "duration": 0.04213905334472656, "x": "[1.1226802  1.26565337 6.73610051 4.73212416 1.07034238 1.9152966 ]", "status": "1", "success": "True", "message": "Optimization terminated successfully.", "nfev": "258", "fun": "0.34966462751635685", "maxcv": "0.0"}, "8": {"maxiter": 1000, "tol": 1e-05, "catol": 1e-05, "duration": 0.027235031127929688, "x": "[1.12267987 1.26565382 6.73609596 4.73212015 1.07034569 1.91530308]", "status": "1", "success": "True", "message": "Optimization terminated successfully.", "nfev": "166", "fun": "0.34966462752649885", "maxcv": "0.0"}, "9": {"maxiter": 1000, "tol": 1e-05, "catol": 1e-10, "duration": 0.027168989181518555, "x": "[1.12267987 1.26565382 6.73609596 4.73212015 1.07034569 1.9