{"date": "2024/07/18/, 17:58:48", "conf_id": 15, "data_type": "random\n", "num_data_points": 1, "s_rank": 0, "unitary": "[[-0.45070455-0.02711853j,0.78437395-0.06613086j,0.06358678+0.19963393j,-0.07343613+0.35668523j],[-0.01890143-0.03813363j,0.32408202+0.25557629j,0.05872864-0.68979805j,0.55466693-0.20227297j],[-0.11215405+0.64023111j,-0.13344055+0.29565494j,-0.49012687-0.19046288j,-0.04241254+0.44046348j],[0.55771659+0.24656916j,0.31851997-0.05798805j,0.28761525-0.34294258j,-0.56718418+0.03616933j]]", "databatch_0": {"databatch": "[[[-0.05755091-0.11998703j,-0.20708521+0.25774418j,0.38735691-0.18474474j,0.23778568+0.0672157j],[-0.05170426-0.15976061j,-0.06895815+0.11700032j,-0.00744766-0.11482942j,0.20748711+0.0475646j],[-0.51784472+0.13403348j,-0.14289312+0.01254461j,0.02623855-0.02662416j,0.02020747+0.04687753j],[0.13182617+0.27750695j,-0.1095279+0.1473729j,0.24036484+0.12922143j,0.08768806-0.03962262j]]]", "initial param values": "[4.15186559,2.9544596,0.44018247,3.3340734,5.03004201,4.07440675]", "nelder_mead": {"type": "gradient-free", "0": {"maxiter": 100, "fatol": 1e-05, "xatol": 1e-05, "duration": 0.027356863021850586, "fun": "0.3999290036646963", "nit": "100", "nfev": "157", "status": "2", "success": "False", "message": "Maximum number of iterations has been exceeded.", "x": "[4.02055386 4.59328801 0.34822733 3.9669226  4.69694691 3.15251643]", "final_simplex": "(array([[4.02055386, 4.59328801, 0.34822733, 3.9669226 , 4.69694691,\n        3.15251643],\n       [4.03729686, 4.6044129 , 0.34567825, 3.97429971, 4.70436464,\n        3.17634711],\n       [4.04478406, 4.60218302, 0.34815204, 3.95763825, 4.69908274,\n        3.14546872],\n       [4.0351981 , 4.59009387, 0.34843687, 3.98611951, 4.68734509,\n        3.13983732],\n       [4.04367897, 4.60783182, 0.34631712, 3.97296978, 4.68648955,\n        3.16260906],\n       [4.01354391, 4.61481267, 0.34839457, 3.96353637, 4.69218301,\n        3.15270098],\n       [4.02603346, 4.62046328, 0.34548701, 3.97161554, 4.70106278,\n        3.1608872 ]]), array([0.399929  , 0.39997267, 0.39998126, 0.39998411, 0.39998451,\n       0.39998536, 0.39998553]))"}, "1": {"maxiter": 100, "fatol": 1e-05, "xatol": 1e-10, "duration": 0.027612924575805664, "fun": "0.3999290036646963", "nit": "100", "nfev": "157", "status": "2", "success": "False", "message": "Maximum number of iterations has been exceeded.", "x": "[4.02055386 4.59328801 0.34822733 3.9669226  4.69694691 3.15251643]", "final_simplex": "(array([[4.02055386, 4.59328801, 0.34822733, 3.9669226 , 4.69694691,\n        3.15251643],\n       [4.03729686, 4.6044129 , 0.34567825, 3.97429971, 4.70436464,\n        3.17634711],\n       [4.04478406, 4.60218302, 0.34815204, 3.95763825, 4.69908274,\n        3.14546872],\n       [4.0351981 , 4.59009387, 0.34843687, 3.98611951, 4.68734509,\n        3.13983732],\n       [4.04367897, 4.60783182, 0.34631712, 3.97296978, 4.68648955,\n        3.16260906],\n       [4.01354391, 4.61481267, 0.34839457, 3.96353637, 4.69218301,\n        3.15270098],\n       [4.02603346, 4.62046328, 0.34548701, 3.97161554, 4.70106278,\n        3.1608872 ]]), array([0.399929  , 0.39997267, 0.39998126, 0.39998411, 0.39998451,\n       0.39998536, 0.39998553]))"}, "2": {"maxiter": 100, "fatol": 1e-10, "xatol": 1e-05, "duration": 0.027724027633666992, "fun": "0.3999290036646963", "nit": "100", "nfev": "157", "status": "2", "success": "False", "message": "Maximum number of iterations has been exceeded.", "x": "[4.02055386 4.59328801 0.34822733 3.9669226  4.69694691 3.15251643]", "final_simplex": "(array([[4.02055386, 4.59328801, 0.34822733, 3.9669226 , 4.69694691,\n        3.15251643],\n       [4.03729686, 4.6044129 , 0.34567825, 3.97429971, 4.70436464,\n        3.17634711],\n       [4.04478406, 4.60218302, 0.34815204, 3.95763825, 4.69908274,\n        3.14546872],\n       [4.0351981 , 4.59009387, 0.34843687, 3.98611951, 4.68734509,\n        3.13983732],\n       [4.04367897, 4.60783182, 0.34631712, 3.97296978, 4.68648955,\n        3.16260906],\n       [4.01354391, 4.61481267, 0.34839457, 3.96353637, 4.69218301,\n        3.15270098],\n       [4.02603346, 4.62046328, 0.34548701, 3.97161554, 4.70106278,\n        3.1608872 ]]), array([0.399929  , 0.39997267, 0.39998126, 0.39998411, 0.39998451,\n       0.39998536, 0.39998553]))"}, "3": {"maxiter": 100, "fatol": 1e-10, "xatol": 1e-10, "duration": 0.02803206443786621, "fun": "0.3999290036646963", "nit": "100", "nfev": "157", "status": "2", "success": "False", "message": "Maximum number of iterations has been exceeded.", "x": "[4.02055386 4.59328801 0.34822733 3.9669226  4.69694691 3.15251643]", "final_simplex": "(array([[4.02055386, 4.59328801, 0.34822733, 3.9669226 , 4.69694691,\n        3.15251643],\n       [4.03729686, 4.6044129 , 0.34567825, 3.97429971, 4.70436464,\n        3.17634711],\n       [4.04478406, 4.60218302, 0.34815204, 3.95763825, 4.69908274,\n        3.14546872],\n       [4.0351981 , 4.59009387, 0.34843687, 3.98611951, 4.68734509,\n        3.13983732],\n       [4.04367897, 4.60783182, 0.34631712, 3.97296978, 4.68648955,\n        3.16260906],\n       [4.01354391, 4.61481267, 0.34839457, 3.96353637, 4.69218301,\n        3.15270098],\n       [4.02603346, 4.62046328, 0.34548701, 3.97161554, 4.70106278,\n        3.1608872 ]]), array([0.399929  , 0.39997267, 0.39998126, 0.39998411, 0.39998451,\n       0.39998536, 0.39998553]))"}, "4": {"maxiter": 500, "fatol": 1e-05, "xatol": 1e-05, "duration": 0.13547515869140625, "fun": "0.3651937452785097", "nit": "500", "nfev": "755", "status": "2", "success": "False", "message": "Maximum number of iterations has been exceeded.", "x": "[ 4.86873211  3.8928136  -1.88861205  3.88593829  1.42735244  1.74260672]", "final_simplex": "(array([[ 4.86873211,  3.8928136 , -1.88861205,  3.88593829,  1.42735244,\n         1.74260672],\n       [ 4.77107289,  3.8719994 , -1.69372756,  3.79691703,  1.68506092,\n         1.7738185 ],\n       [ 4.74312971,  3.85943104, -1.71054453,  3.83785418,  1.64446892,\n         1.79944873],\n       [ 4.7380971 ,  3.85263282, -1.73507428,  3.79500704,  1.6652223 ,\n         1.78430375],\n       [ 4.74685403,  3.82587875, -1.7389156 ,  3.8131604 ,  1.72077222,\n         1.86926205],\n       [ 4.76574868,  3.88672921, -1.67638716,  3.78873239,  1.68012465,\n         1.79841261],\n       [ 4.73638113,  3.83362211, -1.69571799,  3.76765448,  1.5530704 ,\n         1.61349268]]), array([0.36519375, 0.36547938, 0.36687398, 0.36698598, 0.36746419,\n       0.36788042, 0.36790518]))"}, "5": {"maxiter": 500, "fatol": 1e-05, "xatol": 1e-10, "duration": 0.13678717613220215, "fun": "0.3651937452785097", "nit": "500", "nfev": "755", "status": "2", "success": "False", "message": "Maximum number of iterations has been exceeded.", "x": "[ 4.86873211  3.8928136  -1.88861205  3.88593829  1.42735244  1.74260672]", "final_simplex": "(array([[ 4.86873211,  3.8928136 , -1.88861205,  3.88593829,  1.42735244,\n         1.74260672],\n       [ 4.77107289,  3.8719994 , -1.69372756,  3.79691703,  1.68506092,\n         1.7738185 ],\n       [ 4.74312971,  3.85943104, -1.71054453,  3.83785418,  1.64446892,\n         1.79944873],\n       [ 4.7380971 ,  3.85263282, -1.73507428,  3.79500704,  1.6652223 ,\n         1.78430375],\n       [ 4.74685403,  3.82587875, -1.7389156 ,  3.8131604 ,  1.72077222,\n         1.86926205],\n       [ 4.76574868,  3.88672921, -1.67638716,  3.78873239,  1.68012465,\n         1.79841261],\n       [ 4.73638113,  3.83362211, -1.69571799,  3.76765448,  1.5530704 ,\n         1.61349268]]), array([0.36519375, 0.36547938, 0.36687398, 0.36698598, 0.36746419,\n       0.36788042, 0.36790518]))"}, "6": {"maxiter": 500, "fatol": 1e-10, "xatol": 1e-05, "duration": 0.12871718406677246, "fun": "0.3651937452785097", "nit": "500", "nfev": "755", "status": "2", "success": "False", "message": "Maximum number of iterations has been exceeded.", "x": "[ 4.86873211  3.8928136  -1.88861205  3.88593829  1.42735244  1.74260672]", "final_simplex": "(array([[ 4.86873211,  3.8928136 , -1.88861205,  3.88593829,  1.42735244,\n         1.74260672],\n       [ 4.77107289,  3.8719994 , -1.69372756,  3.79691703,  1.68506092,\n         1.7738185 ],\n       [ 4.74312971,  3.85943104, -1.71054453,  3.83785418,  1.64446892,\n         1.79944873],\n       [ 4.7380971 ,  3.85263282, -1.73507428,  3.79500704,  1.6652223 ,\n         1.78430375],\n       [ 4.74685403,  3.82587875, -1.7389156 ,  3.8131604 ,  1.72077222,\n         1.86926205],\n       [ 4.76574868,  3.88672921, -1.67638716,  3.78873239,  1.68012465,\n         1.79841261],\n       [ 4.73638113,  3.83362211, -1.69571799,  3.76765448,  1.5530704 ,\n         1.61349268]]), array([0.36519375, 0.36547938, 0.36687398, 0.36698598, 0.36746419,\n       0.36788042, 0.36790518]))"}, "7": {"maxiter": 500, "fatol": 1e-10, "xatol": 1e-10, "duration": 0.1281578540802002, "fun": "0.3651937452785097", "nit": "500", "nfev": "755", "status": "2", "success": "False", "message": "Maximum number of iterations has been exceeded.", "x": "[ 4.86873211  3.8928136  -1.88861205  3.88593829  1.42735244  1.74260672]", "final_simplex": "(array([[ 4.86873211,  3.8928136 , -1.88861205,  3.88593829,  1.42735244,\n         1.74260672],\n       [ 4.77107289,  3.8719994 , -1.69372756,  3.79691703,  1.68506092,\n         1.7738185 ],\n       [ 4.74312971,  3.85943104, -1.71054453,  3.83785418,  1.64446892,\n         1.79944873],\n       [ 4.7380971 ,  3.85263282, -1.73507428,  3.79500704,  1.6652223 ,\n         1.78430375],\n       [ 4.74685403,  3.82587875, -1.7389156 ,  3.8131604 ,  1.72077222,\n         1.86926205],\n       [ 4.76574868,  3.88672921, -1.67638716,  3.78873239,  1.68012465,\n         1.79841261],\n       [ 4.73638113,  3.83362211, -1.69571799,  3.76765448,  1.5530704 ,\n         1.61349268]]), array([0.36519375, 0.36547938, 0.36687398, 0.36698598, 0.36746419,\n       0.36788042, 0.36790518]))"}, "8": {"maxiter": 1000, "fatol": 1e-05, "xatol": 1e-05, "duration": 0.20321202278137207, "fun": "0.3387720687721497", "nit": "758", "nfev": "1169", "status": "0", "success": "True", "message": "Optimization terminated successfully.", "x": "[ 5.2878387   4.1956828  -2.59766585  4.57491437  1.05153293  1.77030065]", "final_simplex": "(array([[ 5.2878387 ,  4.1956828 , -2.59766585,  4.57491437,  1.05153293,\n         1.77030065],\n       [ 5.28783816,  4.19567826, -2.59765899,  4.57491387,  1.05153487,\n         1.77029553],\n       [ 5.28783978,  4.19568679, -2.59765869,  4.57491786,  1.0515373 ,\n         1.77030328],\n       [ 5.2878381 ,  4.19568563, -2.5976655 ,  4.57491519,  1.0515307 ,\n         1.77029886],\n       [ 5.28783926,  4.19567993, -2.59765687,  4.57490911,  1.0515369 ,\n         1.77029808],\n       [ 5.28784449,  4.19569228, -2.59767311,  4.5749196 ,  1.05152559,\n         1.77030443],\n       [ 5.28784061,  4.19569016, -2.59766888,  4.574919  ,  1.05153433,\n         1.77029986]]), array([0.33877207, 0.33877207, 0.33877207, 0.33877207, 0.33877207,\n       0.33877207, 0.33877207]))"}, "9": {"maxiter": 1000, "fatol": 1e-05, "xatol": 1e-10, "duration": 0.24690008163452148, "fun": "0.33877206875712074", "nit": "882", "nfev": "1429", "status": "0", "success": "True", "message": "Optimization terminated successfully.", "x": "[ 5.28783591  4.19567511 -2.59765828  4.57491725  1.05154006  1.77030494]", "final_simplex": "(array([[ 5.28783591,  4.19567511, -2.59765828,  4.57491725,  1.05154006,\n         1.77030494],\n       [ 5.28783591,  4.19567511, -2.59765828,  4.57491725,  1.05154006,\n         1.77030494],\n       [ 5.28783591,  4.19567511, -2.59765828,  4.57491725,  1.05154006,\n         1.77030494],\n       [ 5.28783591,  4.19567511, -2.59765828,  4.57491725,  1.05154006,\n         1.77030494],\n       [ 5.28783591,  4.19567511, -2.59765828,  4.57491725,  1.05154006,\n         1.77030494],\n       [ 5.28783591,  4.19567511, -2.59765828,  4.57491725,  1.05154006,\n         1.77030494],\n       [ 5.28783591,  4.19567511, -2.59765828,  4.57491725,  1.05154006,\n         1.77030494]]), array([0.33877207, 0.33877207, 0.33877207, 0.33877207, 0.33877207,\n       0.33877207, 0.33877207]))"}, "10": {"maxiter": 1000, "fatol": 1e-10, "xatol": 1e-05, "duration": 0.19876384735107422, "fun": "0.3387720687721497", "nit": "758", "nfev": "1169", "status": "0", "success": "True", "message": "Optimization terminated successfully.", "x": "[ 5.2878387   4.1956828  -2.59766585  4.57491437  1.05153293  1.77030065]", "final_simplex": "(array([[ 5.2878387 ,  4.1956828 , -2.59766585,  4.57491437,  1.05153293,\n         1.77030065],\n       [ 5.28783816,  4.19567826, -2.59765899,  4.57491387,  1.05153487,\n         1.77029553],\n       [ 5.28783978,  4.19568679, -2.59765869,  4.57491786,  1.0515373 ,\n         1.77030328],\n       [ 5.2878381 ,  4.19568563, -2.5976655 ,  4.57491519,  1.0515307 ,\n         1.77029886],\n       [ 5.28783926,  4.19567993, -2.59765687,  4.57490911,  1.0515369 ,\n         1.77029808],\n       [ 5.28784449,  4.19569228, -2.59767311,  4.5749196 ,  1.05152559,\n         1.77030443],\n       [ 5.28784061,  4.19569016, -2.59766888,  4.574919  ,  1.05153433,\n         1.77029986]]), array([0.33877207, 0.33877207, 0.33877207, 0.33877207, 0.33877207,\n       0.33877207, 0.33877207]))"}, "11": {"maxiter": 1000, "fatol": 1e-10, "xatol": 1e-10, "duration": 0.23095011711120605, "fun": "0.33877206875712074", "nit": "882", "nfev": "1429", "status": "0", "success": "True", "message": "Optimization terminated successfully.", "x": "[ 5.28783591  4.19567511 -2.59765828  4.57491725  1.05154006  1.77030494]", "final_simplex": "(array([[ 5.28783591,  4.19567511, -2.59765828,  4.57491725,  1.05154006,\n         1.77030494],\n       [ 5.28783591,  4.19567511, -2.59765828,  4.57491725,  1.05154006,\n         1.77030494],\n       [ 5.28783591,  4.19567511, -2.59765828,  4.57491725,  1.05154006,\n         1.77030494],\n       [ 5.28783591,  4.19567511, -2.59765828,  4.57491725,  1.05154006,\n         1.77030494],\n       [ 5.28783591,  4.19567511, -2.59765828,  4.57491725,  1.05154006,\n         1.77030494],\n       [ 5.28783591,  4.19567511, -2.59765828,  4.57491725,  1.05154006,\n         1.77030494],\n       [ 5.28783591,  4.19567511, -2.59765828,  4.57491725,  1.05154006,\n         1.77030494]]), array([0.33877207, 0.33877207, 0.33877207, 0.33877207, 0.33877207,\n       0.33877207, 0.33877207]))"}}, "bfgs": {"type": "gradient", "0": {"maxiter": 100, "gtol": 1e-05, "xrtol": 1e-05, "eps": 1e-05, "duration": 0.037652015686035156, "fun": "0.3387720700944912", "jac": "[-6.18476381e-06  6.99854619e-06 -5.66933167e-06  1.71536119e-06\n  1.14556142e-06 -3.62959662e-06]", "hess_inv": "[[  4.89319325   3.89273425  -5.88440274  -3.92522824  -3.69996295\n    1.74881471]\n [  3.89273425  13.87255709 -17.25977999  -8.00930316 -10.48434546\n    4.63971527]\n [ -5.88440274 -17.25977999  29.18048452  13.88485672  17.11985805\n   -6.90467657]\n [ -3.92522824  -8.00930316  13.88485672  10.01980517   8.03834198\n   -3.38717816]\n [ -3.69996295 -10.48434546  17.11985805   8.03834198  13.46459328\n   -3.28711262]\n [  1.74881471   4.63971527  -6.90467657  -3.38717816  -3.28711262\n    5.16469294]]", "nfev": "224", "njev": "32", "status": "0", "success": "True", "message": "Optimization terminated successfully.", "x": "[ 5.28785609  4.19585854 -2.5979349   1.70815023  4.19296601  4.91194546]", "nit": "29"}, "1": {"maxiter": 100, "gtol": 1e-05, "xrtol": 1e-05, "eps": 1e-10, "duration": 0.0387110710144043, "fun": "0.33877206889819134", "jac": "[-3.33066880e-06 -4.44089173e-06  2.22044587e-06  1.11022293e-06\n -2.22044587e-06 -1.11022293e-06]", "hess_inv": "[[  4.86173309   4.03546901  -6.11516834  -4.01942109  -3.72970325\n    1.74530474]\n [  4.03546901  15.85072968 -19.96763642  -9.11199596 -11.64068745\n    5.09181838]\n [ -6.11516834 -19.96763642  32.81314191  15.34808858  18.76778673\n   -7.56911649]\n [ -4.01942109  -9.11199596  15.34808858  10.60369392   8.71001914\n   -3.6678864 ]\n [ -3.72970325 -11.64068745  18.76778673   8.71001914  14.07963172\n   -3.46392651]\n [  1.74530474   5.09181838  -7.56911649  -3.6678864   -3.46392651\n    5.24867881]]", "nfev": "231", "njev": "33", "status": "0", "success": "True", "message": "Optimization terminated successfully.", "x": "[ 5.28781326  4.19561808 -2.59759653  1.70829764  4.19316454  4.91187079]", "nit": "30"}, "2": {"maxiter": 100, "gtol": 1e-05, "xrtol": 1e-10, "eps": 1e-05, "duration": 0.0374910831451416, "fun": "0.3387720700944912", "jac": "[-6.18476381e-06  6.99854619e-06 -5.66933167e-06  1.71536119e-06\n  1.14556142e-06 -3.62959662e-06]", "hess_inv": "[[  4.89319325   3.89273425  -5.88440274  -3.92522824  -3.69996295\n    1.74881471]\n [  3.89273425  13.87255709 -17.25977999  -8.00930316 -10.48434546\n    4.63971527]\n [ -5.88440274 -17.25977999  29.18048452  13.88485672  17.11985805\n   -6.90467657]\n [ -3.92522824  -8.00930316  13.88485672  10.01980517   8.03834198\n   -3.38717816]\n [ -3.69996295 -10.48434546  17.11985805   8.03834198  13.46459328\n   -3.28711262]\n [  1.74881471   4.63971527  -6.90467657  -3.38717816  -3.28711262\n    5.16469294]]", "nfev": "224", "njev": "32", "status": "0", "success": "True", "message": "Optimization terminated successfully.", "x": "[ 5.28785609  4.19585854 -2.5979349   1.70815023  4.19296601  4.91194546]", "nit": "29"}, "3": {"maxiter": 100, "gtol": 1e-05, "xrtol": 1e-10, "eps": 1e-10, "duration": 0.03865504264831543, "fun": "0.33877206889819134", "jac": "[-3.33066880e-06 -4.44089173e-06  2.22044587e-06  1.11022293e-06\n -2.22044587e-06 -1.11022293e-06]", "hess_inv": "[[  4.86173309   4.03546901  -6.11516834  -4.01942109  -3.72970325\n    1.74530474]\n [  4.03546901  15.85072968 -19.96763642  -9.11199596 -11.64068745\n    5.09181838]\n [ -6.11516834 -19.96763642  32.81314191  15.34808858  18.76778673\n   -7.56911649]\n [ -4.01942109  -9.11199596  15.34808858  10.60369392   8.71001914\n   -3.6678864 ]\n [ -3.72970325 -11.64068745  18.76778673   8.71001914  14.07963172\n   -3.46392651]\n [  1.74530474   5.09181838  -7.56911649  -3.6678864   -3.46392651\n    5.24867881]]", "nfev": "231", "njev": "33", "status": "0", "success": "True", "message": "Optimization terminated successfully.", "x": "[ 5.28781326  4.19561808 -2.59759653  1.70829764  4.19316454  4.91187079]", "nit": "30"}, "4": {"maxiter": 100, "gtol": 1e-10, "xrtol": 1e-05, "eps": 1e-05, "duration": 0.03985404968261719, "fun": "0.338772068828055", "jac": "[-8.99169628e-08 -2.77333712e-08  5.44564394e-08 -4.09450251e-08\n -9.75997061e-08  4.46864767e-08]", "hess_inv": "[[  4.89488694   4.05169727  -6.12251044  -4.02734874  -3.79858437\n    1.79427793]\n [  4.05169727  16.13509278 -20.51783927  -9.35624539 -12.26959755\n    5.36649609]\n [ -6.12251044 -20.51783927  33.86311909  15.81731817  19.71722908\n   -7.95770902]\n [ -4.02734874  -9.35624539  15.81731817  10.81541332   9.12080373\n   -3.82152616]\n [ -3.79858437 -12.26959755  19.71722908   9.12080373  14.7906642\n   -3.83259894]\n [  1.79427793   5.36649609  -7.95770902  -3.82152616  -3.83259894\n    5.37295637]]", "nfev": "238", "njev": "34", "status": "0", "success": "True", "message": "Optimization terminated successfully.", "x": "[ 5.28784107  4.19570393 -2.59771579  1.70823761  4.19309367  4.91190433]", "nit": "31"}, "5": {"maxiter": 100, "gtol": 1e-10, "xrtol": 1e-05, "eps": 1e-10, "duration": 0.042176008224487305, "fun": "0.3387720687855521", "jac": "[ 1.11022293e-06  2.22044587e-06 -2.22044587e-06  2.22044587e-06\n  2.22044587e-06  0.00000000e+00]", "hess_inv": "[[  4.54288562   2.64966684  -3.36465515  -2.47979472  -1.9709316\n    1.56622556]\n [  2.64966684  12.98248769 -13.46502702  -4.97036097  -7.61301921\n    4.5504288 ]\n [ -3.36465515 -13.46502702  20.27181727   7.87847105  11.26037623\n   -5.88588584]\n [ -2.47979472  -4.97036097   7.87847105   6.34951689   4.26738965\n   -2.55833318]\n [ -1.9709316   -7.61301921  11.26037623   4.26738965   9.6584712\n   -2.3083603 ]\n [  1.56622556   4.5504288   -5.88588584  -2.55833318  -2.3083603\n    5.33602715]]", "nfev": "252", "njev": "36", "status": "0", "success": "True", "message": "Optimization terminated successfully.", "x": "[ 5.28784475  4.19569705 -2.59769819  1.70824809  4.1931133   4.91190584]", "nit": "32"}, "6": {"maxiter": 100, "gtol": 1e-10, "xrtol": 1e-10, "eps": 1e-05, "duration": 0.0751950740814209, "fun": "0.33877206882703603", "jac": "[-3.34177130e-09 -3.66373598e-09  1.66533454e-10 -5.92859095e-09\n  4.91828800e-09  9.22595333e-09]", "hess_inv": "[[  4.9316375    3.87891827  -5.8120375   -3.80511095  -3.64119421\n    1.45368489]\n [  3.87891827  15.66822968 -19.91196712  -9.09082062 -11.967003\n    5.06268118]\n [ -5.8120375  -19.91196712  33.13401052  15.54257807  19.39976688\n   -7.68183014]\n [ -3.80511095  -9.09082062  15.54257807  10.73750593   9.08405528\n   -3.76154415]\n [ -3.64119421 -11.967003    19.39976688   9.08405528  14.53600312\n   -3.90604206]\n [  1.45368489   5.06268118  -7.68183014  -3.76154415  -3.90604206\n    5.33720082]]", "nfev": "453", "njev": "63", "status": "2", "success": "False", "message": "Desired error not necessarily achieved due to precision loss.", "x": "[ 5.28784135  4.195704   -2.59771577  1.70823765  4.19309396  4.91190427]", "nit": "32"}, "7": {"maxiter": 100, "gtol": 1e-10, "xrtol": 1e-10, "eps": 1e-10, "duration": 0.06788516044616699, "fun": "0.3387720687644611", "jac": "[0.00000000e+00 2.22044587e-06 2.22044587e-06 1.11022293e-06\n 3.33066880e-06 4.44089173e-06]", "hess_inv": "[[ 1.02815383  0.78323847  2.00988133 -2.03395845 -1.07022179 -0.76339557]\n [ 0.78323847  0.73137817  1.45943063 -1.66900911 -1.06700062 -0.64279069]\n [ 2.00988133  1.45943063  4.08134227 -3.8987833  -1.82916323 -1.48093283]\n [-2.03395845 -1.66900911 -3.8987833   4.25071863  2.55712849  1.53707285]\n [-1.07022179 -1.06700062 -1.82916323  2.55712849  2.09301545  0.84312255]\n [-0.76339557 -0.64279069 -1.48093283  1.53707285  0.84312255  0.61808872]]", "nfev": "406", "njev": "58", "status": "0", "success": "True", "message": "Optimization terminated successfully.", "x": "[ 5.28783839  4.19568342 -2.59767295  1.70825868  4.19312686  4.91190486]", "nit": "41"}, "8": {"maxiter": 500, "gtol": 1e-05, "xrtol": 1e-05, "eps": 1e-05, "duration": 0.03764605522155762, "fun": "0.3387720700944912", "jac": "[-6.18476381e-06  6.99854619e-06 -5.66933167e-06  1.71536119e-06\n  1.14556142e-06 -3.62959662e-06]", "hess_inv": "[[  4.89319325   3.89273425  -5.88440274  -3.92522824  -3.69996295\n    1.74881471]\n [  3.89273425  13.87255709 -17.25977999  -8.00930316 -10.48434546\n    4.63971527]\n [ -5.88440274 -17.25977999  29.18048452  13.88485672  17.11985805\n   -6.90467657]\n [ -3.92522824  -8.00930316  13.88485672  10.01980517   8.03834198\n   -3.38717816]\n [ -3.69996295 -10.48434546  17.11985805   8.03834198  13.46459328\n   -3.28711262]\n [  1.74881471   4.63971527  -6.90467657  -3.38717816  -3.28711262\n    5.16469294]]", "nfev": "224", "njev": "32", "status": "0", "success": "True", "message": "Optimization terminated successfully.", "x": "[ 5.28785609  4.19585854 -2.5979349   1.70815023  4.19296601  4.91194546]", "nit": "29"}, "9": {"maxiter": 500, "gtol": 1e-05, "xrtol": 1e-05, "eps": 1e-10, "duration": 0.03883099555969238, "fun": "0.33877206889819134", "jac": "[-3.33066880e-06 -4.44089173e-06  2.22044587e-06  1.11022293e-06\n -2.22044587e-06 -1.11022293e-06]", "hess_inv": "[[  4.86173309   4.03546901  -6.11516834  -4.01942109  -3.72970325\n    1.74530474]\n [  4.03546901  15.85072968 -19.96763642  -9.11199596 -11.64068745\n    5.09181838]\n [ -6.11516834 -19.96763642  32.81314191  15.34808858  18.76778673\n   -7.56911649]\n [ -4.01942109  -9.11199596  15.34808858  10.60369392   8.71001914\n   -3.6678864 ]\n [ -3.72970325 -11.64068745  18.76778673   8.71001914  14.07963172\n   -3.46392651]\n [  1.74530474   5.09181838  -7.56911649  -3.6678864   -3.46392651\n    5.24867881]]", "nfev": "231", "njev": "33", "status": "0", "success": "True", "message": "Optimization terminated successfully.", "x": "[ 5.28781326  4.19561808 -2.59759653  1.70829764  4.19316454  4.91187079]", "nit": "30"}, "10": {"maxiter": 500, "gtol": 1e-05, "xrtol": 1e-10, "eps": 1e-05, "duration": 0.03761100769042969, "fun": "0.3387720700944912", "jac": "[-6.18476381e-06  6.99854619e-06 -5.66933167e-06  1.71536119e-06\n  1.14556142e-06 -3.62959662e-06]", "hess_inv": "[[  4.89319325   3.89273425  -5.88440274  -3.92522824  -3.69996295\n    1.74881471]\n [  3.89273425  13.87255709 -17.25977999  -8.00930316 -10.48434546\n    4.63971527]\n [ -5.88440274 -17.25977999  29.18048452  13.88485672  17.11985805\n   -6.90467657]\n [ -3.92522824  -8.00930316  13.88485672  10.01980517   8.03834198\n   -3.38717816]\n [ -3.69996295 -10.48434546  17.11985805   8.03834198  13.46459328\n   -3.28711262]\n [  1.74881471   4.63971527  -6.90467657  -3.38717816  -3.28711262\n    5.16469294]]", "nfev": "224", "njev": "32", "status": "0", "success": "True", "message": "Optimization terminated successfully.", "x": "[ 5.28785609  4.19585854 -2.5979349   1.70815023  4.19296601  4.91194546]", "nit": "29"}, "11": {"maxiter": 500, "gtol": 1e-05, "xrtol": 1e-10, "eps": 1e-10, "duration": 0.038726091384887695, "fun": "0.33877206889819134", "jac": "[-3.33066880e-06 -4.44089173e-06  2.22044587e-06  1.11022293e-06\n -2.22044587e-06 -1.11022293e-06]", "hess_inv": "[[  4.86173309   4.03546901  -6.11516834  -4.01942109  -3.72970325\n    1.74530474]\n [  4.03546901  15.85072968 -19.96763642  -9.11199596 -11.64068745\n    5.09181838]\n [ -6.11516834 -19.96763642  32.81314191  15.34808858  18.76778673\n   -7.56911649]\n [ -4.01942109  -9.11199596  15.34808858  10.60369392   8.71001914\n   -3.6678864 ]\n [ -3.72970325 -11.64068745  18.76778673   8.71001914  14.07963172\n   -3.46392651]\n [  1.74530474   5.09181838  -7.56911649  -3.6678864   -3.46392651\n    5.24867881]]", "nfev": "231", "njev": "33", "status": "0", "success": "True", "message": "Optimization terminated successfully.", "x": "[ 5.28781326  4.19561808 -2.59759653  1.70829764  4.19316454  4.91187079]", "nit": "30"}, "12": {"maxiter": 500, "gtol": 1e-10, "xrtol": 1e-05, "eps": 1e-05, "duration": 0.03988814353942871, "fun": "0.338772068828055", "jac": "[-8.99169628e-08 -2.77333712e-08  5.44564394e-08 -4.09450251e-08\n -9.75997061e-08  4.46864767e-08]", "hess_inv": "[[  4.89488694   4.05169727  -6.12251044  -4.02734874  -3.79858437\n    1.79427793]\n [  4.05169727  16.13509278 -20.51783927  -9.35624539 -12.26959755\n    5.36649609]\n [ -6.12251044 -20.51783927  33.86311909  15.81731817  19.71722908\n   -7.95770902]\n [ -4.02734874  -9.35624539  15.81731817  10.81541332   9.12080373\n   -3.82152616]\n [ -3.79858437 -12.26959755  19.71722908   9.12080373  14.7906642\n   -3.83259894]\n [  1.79427793   5.36649609  -7.95770902  -3.82152616  -3.83259894\n    5.37295637]]", "nfev": "238", "njev": "34", "status": "0", "success": "True", "message": "Optimization terminated successfully.", "x": "[ 5.28784107  4.19570393 -2.59771579  1.70823761  4.19309367  4.91190433]", "nit": "31"}, "13": {"maxiter": 500, "gtol": 1e-10, "xrtol": 1e-05, "eps": 1e-10, "duration": 0.0425570011138916, "fun": "0.3387720687855521", "jac": "[ 1.11022293e-06  2.22044587e-06 -2.22044587e-06  2.22044587e-06\n  2.22044587e-06  0.00000000e+00]", "hess_inv": "[[  4.54288562   2.64966684  -3.36465515  -2.47979472  -1.9709316\n    1.56622556]\n [  2.64966684  12.98248769 -13.46502702  -4.97036097  -7.61301921\n    4.5504288 ]\n [ -3.36465515 -13.46502702  20.27181727   7.87847105  11.26037623\n   -5.88588584]\n [ -2.47979472  -4.97036097   7.87847105   6.34951689   4.26738965\n   -2.55833318]\n [ -1.9709316   -7.61301921  11.26037623   4.26738965   9.6584712\n   -2.3083603 ]\n [  1.56622556   4.5504288   -5.88588584  -2.55833318  -2.3083603\n    5.33602715]]", "nfev": "252", "njev": "36", "status": "0", "success": "True", "message": "Optimization terminated successfully.", "x": "[ 5.28784475  4.19569705 -2.59769819  1.70824809  4.1931133   4.91190584]", "nit": "32"}, "14": {"maxiter": 500, "gtol": 1e-10, "xrtol": 1e-10, "eps": 1e-05, "duration": 0.07532787322998047, "fun": "0.33877206882703603", "jac": "[-3.34177130e-09 -3.66373598e-09  1.66533454e-10 -5.92859095e-09\n  4.91828800e-09  9.22595333e-09]", "hess_inv": "[[  4.9316375    3.87891827  -5.8120375   -3.80511095  -3.64119421\n    1.45368489]\n [  3.87891827  15.66822968 -19.91196712  -9.09082062 -11.967003\n    5.06268118]\n [ -5.8120375  -19.91196712  33.13401052  15.54257807  19.39976688\n   -7.68183014]\n [ -3.80511095  -9.09082062  15.54257807  10.73750593   9.08405528\n   -3.76154415]\n [ -3.64119421 -11.967003    19.39976688   9.08405528  14.53600312\n   -3.90604206]\n [  1.45368489   5.06268118  -7.68183014  -3.76154415  -3.90604206\n    5.33720082]]", "nfev": "453", "njev": "63", "status": "2", "success": "False", "message": "Desired error not necessarily achieved due to precision loss.", "x": "[ 5.28784135  4.195704   -2.59771577  1.70823765  4.19309396  4.91190427]", "nit": "32"}, "15": {"maxiter": 500, "gtol": 1e-10, "xrtol": 1e-10, "eps": 1e-10, "duration": 0.06805205345153809, "fun": "0.3387720687644611", "jac": "[0.00000000e+00 2.22044587e-06 2.22044587e-06 1.11022293e-06\n 3.33066880e-06 4.44089173e-06]", "hess_inv": "[[ 1.02815383  0.78323847  2.00988133 -2.03395845 -1.07022179 -0.76339557]\n [ 0.78323847  0.73137817  1.45943063 -1.66900911 -1.06700062 -0.64279069]\n [ 2.00988133  1.45943063  4.08134227 -3.8987833  -1.82916323 -1.48093283]\n [-2.03395845 -1.66900911 -3.8987833   4.25071863  2.55712849  1.53707285]\n [-1.07022179 -1.06700062 -1.82916323  2.55712849  2.09301545  0.84312255]\n [-0.76339557 -0.64279069 -1.48093283  1.53707285  0.84312255  0.61808872]]", "nfev": "406", "njev": "58", "status": "0", "success": "True", "message": "Optimization terminated successfully.", "x": "[ 5.28783839  4.19568342 -2.59767295  1.70825868  4.19312686  4.91190486]", "nit": "41"}, "16": {"maxiter": 1000, "gtol": 1e-05, "xrtol": 1e-05, "eps": 1e-05, "duration": 0.037844181060791016, "fun": "0.3387720700944912", "jac": "[-6.18476381e-06  6.99854619e-06 -5.66933167e-06  1.71536119e-06\n  1.14556142e-06 -3.62959662e-06]", "hess_inv": "[[  4.89319325   3.89273425  -5.88440274  -3.92522824  -3.69996295\n    1.74881471]\n [  3.89273425  13.87255709 -17.25977999  -8.00930316 -10.48434546\n    4.63971527]\n [ -5.88440274 -17.25977999  29.18048452  13.88485672  17.11985805\n   -6.90467657]\n [ -3.92522824  -8.00930316  13.88485672  10.01980517   8.03834198\n   -3.38717816]\n [ -3.69996295 -10.48434546  17.11985805   8.03834198  13.46459328\n   -3.28711262]\n [  1.74881471   4.63971527  -6.90467657  -3.38717816  -3.28711262\n    5.16469294]]", "nfev": "224", "njev": "32", "status": "0", "success": "True", "message": "Optimization terminated successfully.", "x": "[ 5.28785609  4.19585854 -2.5979349   1.70815023  4.19296601  4.91194546]", "nit": "29"}, "17": {"maxiter": 1000, "gtol": 1e-05, "xrtol": 1e-05, "eps": 1e-10, "duration": 0.0391840934753418, "fun": "0.33877206889819134", "jac": "[-3.33066880e-06 -4.44089173e-06  2.22044587e-06  1.11022293e-06\n -2.22044587e-06 -1.11022293e-06]", "hess_inv": "[[  4.86173309   4.03546901  -6.11516834  -4.01942109  -3.72970325\n    1.74530474]\n [  4.03546901  15.85072968 -19.96763642  -9.11199596 -11.64068745\n    5.09181838]\n [ -6.11516834 -19.96763642  32.81314191  15.34808858  18.76778673\n   -7.56911649]\n [ -4.01942109  -9.11199596  15.34808858  10.60369392   8.71001914\n   -3.6678864 ]\n [ -3.72970325 -11.64068745  18.76778673   8.71001914  14.07963172\n   -3.46392651]\n [  1.74530474   5.09181838  -7.56911649  -3.6678864   -3.46392651\n    5.24867881]]", "nfev": "231", "njev": "33", "status": "0", "success": "True", "message": "Optimization terminated successfully.", "x": "[ 5.28781326  4.19561808 -2.59759653  1.70829764  4.19316454  4.91187079]", "nit": "30"}, "18": {"maxiter": 1000, "gtol": 1e-05, "xrtol": 1e-10, "eps": 1e-05, "duration": 0.03804588317871094, "fun": "0.3387720700944912", "jac": "[-6.18476381e-06  6.99854619e-06 -5.66933167e-06  1.71536119e-06\n  1.14556142e-06 -3.62959662e-06]", "hess_inv": "[[  4.89319325   3.89273425  -5.88440274  -3.92522824  -3.69996295\n    1.74881471]\n [  3.89273425  13.87255709 -17.25977999  -8.00930316 -10.48434546\n    4.63971527]\n [ -5.88440274 -17.25977999  29.18048452  13.88485672  17.11985805\n   -6.90467657]\n [ -3.92522824  -8.00930316  13.88485672  10.01980517   8.03834198\n   -3.38717816]\n [ -3.69996295 -10.48434546  17.11985805   8.03834198  13.46459328\n   -3.28711262]\n [  1.74881471   4.63971527  -6.90467657  -3.38717816  -3.28711262\n    5.16469294]]", "nfev": "224", "njev": "32", "status": "0", "success": "True", "message": "Optimization terminated successfully.", "x": "[ 5.28785609  4.19585854 -2.5979349   1.70815023  4.19296601  4.91194546]", "nit": "29"}, "19": {"maxiter": 1000, "gtol": 1e-05, "xrtol": 1e-10, "eps": 1e-10, "duration": 0.0392303466796875, "fun": "0.33877206889819134", "jac": "[-3.33066880e-06 -4.44089173e-06  2.22044587e-06  1.11022293e-06\n -2.22044587e-06 -1.11022293e-06]", "hess_inv": "[[  4.86173309   4.03546901  -6.11516834  -4.01942109  -3.72970325\n    1.74530474]\n [  4.03546901  15.85072968 -19.96763642  -9.11199596 -11.64068745\n    5.09181838]\n [ -6.11516834 -19.96763642  32.81314191  15.34808858  18.76778673\n   -7.56911649]\n [ -4.01942109  -9.11199596  15.34808858  10.60369392   8.71001914\n   -3.6678864 ]\n [ -3.72970325 -11.64068745  18.76778673   8.71001914  14.07963172\n   -3.46392651]\n [  1.74530474   5.09181838  -7.56911649  -3.6678864   -3.46392651\n    5.24867881]]", "nfev": "231", "njev": "33", "status": "0", "success": "True", "message": "Optimization terminated successfully.", "x": "[ 5.28781326  4.19561808 -2.59759653  1.70829764  4.19316454  4.91187079]", "nit": "30"}, "20": {"maxiter": 1000, "gtol": 1e-10, "xrtol": 1e-05, "eps": 1e-05, "duration": 0.04035687446594238, "fun": "0.338772068828055", "jac": "[-8.99169628e-08 -2.77333712e-08  5.44564394e-08 -4.09450251e-08\n -9.75997061e-08  4.46864767e-08]", "hess_inv": "[[  4.89488694   4.05169727  -6.12251044  -4.02734874  -3.79858437\n    1.79427793]\n [  4.05169727  16.13509278 -20.51783927  -9.35624539 -12.26959755\n    5.36649609]\n [ -6.12251044 -20.51783927  33.86311909  15.81731817  19.71722908\n   -7.95770902]\n [ -4.02734874  -9.35624539  15.81731817  10.81541332   9.12080373\n   -3.82152616]\n [ -3.79858437 -12.26959755  19.71722908   9.12080373  14.7906642\n   -3.83259894]\n [  1.79427793   5.36649609  -7.95770902  -3.82152616  -3.83259894\n    5.37295637]]", "nfev": "238", "njev": "34", "status": "0", "success": "True", "message": "Optimization terminated successfully.", "x": "[ 5.28784107  4.19570393 -2.59771579  1.70823761  4.19309367  4.91190433]", "nit": "31"}, "21": {"maxiter": 1000, "gtol": 1e-10, "xrtol": 1e-05, "eps": 1e-10, "duration": 0.04241681098937988, "fun": "0.3387720687855521", "jac": "[ 1.11022293e-06  2.22044587e-06 -2.22044587e-06  2.22044587e-06\n  2.22044587e-06  0.00000000e+00]", "hess_inv": "[[  4.54288562   2.64966684  -3.36465515  -2.47979472  -1.9709316\n    1.56622556]\n [  2.64966684  12.98248769 -13.46502702  -4.97036097  -7.61301921\n    4.5504288 ]\n [ -3.36465515 -13.46502702  20.27181727   7.87847105  11.26037623\n   -5.88588584]\n [ -2.47979472  -4.97036097   7.87847105   6.34951689   4.26738965\n   -2.55833318]\n [ -1.9709316   -7.61301921  11.26037623   4.26738965   9.6584712\n   -2.3083603 ]\n [  1.56622556   4.5504288   -5.88588584  -2.55833318  -2.3083603\n    5.33602715]]", "nfev": "252", "njev": "36", "status": "0", "success": "True", "message": "Optimization terminated successfully.", "x": "[ 5.28784475  4.19569705 -2.59769819  1.70824809  4.1931133   4.91190584]", "nit": "32"}, "22": {"maxiter": 1000, "gtol": 1e-10, "xrtol": 1e-10, "eps": 1e-05, "duration": 0.0756690502166748, "fun": "0.33877206882703603", "jac": "[-3.34177130e-09 -3.66373598e-09  1.66533454e-10 -5.92859095e-09\n  4.91828800e-09  9.22595333e-09]", "hess_inv": "[[  4.9316375    3.87891827  -5.8120375   -3.80511095  -3.64119421\n    1.45368489]\n [  3.87891827  15.66822968 -19.91196712  -9.09082062 -11.967003\n    5.06268118]\n [ -5.8120375  -19.91196712  33.13401052  15.54257807  19.39976688\n   -7.68183014]\n [ -3.80511095  -9.09082062  15.54257807  10.73750593   9.08405528\n   -3.76154415]\n [ -3.64119421 -11.967003    19.39976688   9.08405528  14.53600312\n   -3.90604206]\n [  1.45368489   5.06268118  -7.68183014  -3.76154415  -3.90604206\n    5.33720082]]", "nfev": "453", "njev": "63", "status": "2", "success": "False", "message": "Desired error not necessarily achieved due to precision loss.", "x": "[ 5.28784135  4.195704   -2.59771577  1.70823765  4.19309396  4.91190427]", "nit": "32"}, "23": {"maxiter": 1000, "gtol": 1e-10, "xrtol": 1e-10, "eps": 1e-10, "duration": 0.06806302070617676, "fun": "0.3387720687644611", "jac": "[0.00000000e+00 2.22044587e-06 2.22044587e-06 1.11022293e-06\n 3.33066880e-06 4.44089173e-06]", "hess_inv": "[[ 1.02815383  0.78323847  2.00988133 -2.03395845 -1.07022179 -0.76339557]\n [ 0.78323847  0.73137817  1.45943063 -1.66900911 -1.06700062 -0.64279069]\n [ 2.00988133  1.45943063  4.08134227 -3.8987833  -1.82916323 -1.48093283]\n [-2.03395845 -1.66900911 -3.8987833   4.25071863  2.55712849  1.53707285]\n [-1.07022179 -1.06700062 -1.82916323  2.55712849  2.09301545  0.84312255]\n [-0.76339557 -0.64279069 -1.48093283  1.53707285  0.84312255  0.61808872]]", "nfev": "406", "njev": "58", "status": "0", "success": "True", "message": "Optimization terminated successfully.", "x": "[ 5.28783839  4.19568342 -2.59767295  1.70825868  4.19312686  4.91190486]", "nit": "41"}}, "cobyla": {"0": {"maxiter": 100, "tol": 1e-05, "catol": 1e-05, "duration": 0.016184091567993164, "x": "[ 4.60519033  3.75509724 -1.31635914  2.52814183  5.28649895  4.93945466]", "status": "2", "success": "False", "message": "Maximum number of function evaluations has been exceeded.", "nfev": "100", "fun": "0.3692707776886174", "maxcv": "0.0"}, "1": {"maxiter": 100, "tol": 1e-05, "catol": 1e-10, "duration": 0.016106843948364258, "x": "[ 4.60519033  3.75509724 -1.31635914  2.52814183  5.28649895  4.93945466]", "status": "2", "success": "False", "message": "Maximum number of function evaluations has been exceeded.", "nfev": "100", "fun": "0.3692707776886174", "maxcv": "0.0"}, "2": {"maxiter": 100, "tol": 1e-10, "catol": 1e-05, "duration": 0.016083955764770508, "x": "[ 4.60519033  3.75509724 -1.31635914  2.52814183  5.28649895  4.93945466]", "status": "2", "success": "False", "message": "Maximum number of function evaluations has been exceeded.", "nfev": "100", "fun": "0.3692707776886174", "maxcv": "0.0"}, "3": {"maxiter": 100, "tol": 1e-10, "catol": 1e-10, "duration": 0.01605677604675293, "x": "[ 4.60519033  3.75509724 -1.31635914  2.52814183  5.28649895  4.93945466]", "status": "2", "success": "False", "message": "Maximum number of function evaluations has been exceeded.", "nfev": "100", "fun": "0.3692707776886174", "maxcv": "0.0"}, "4": {"maxiter": 500, "tol": 1e-05, "catol": 1e-05, "duration": 0.08052206039428711, "x": "[ 5.28416233  4.18314573 -2.57867377  1.71796489  4.20418606  4.90726363]", "status": "2", "success": "False", "message": "Maximum number of function evaluations has been exceeded.", "nfev": "500", "fun": "0.33877779576061884", "maxcv": "0.0"}, "5": {"maxiter": 500, "tol": 1e-05, "catol": 1e-10, "duration": 0.08035802841186523, "x": "[ 5.28416233  4.18314573 -2.57867377  1.71796489  4.20418606  4.90726363]", "status": "2", "success": "False", "message": "Maximum number of function evaluations has been exceeded.", "nfev": "500", "fun": "0.33877779576061884", "maxcv": "0.0"}, "6": {"maxiter": 500, "tol": 1e-10, "catol": 1e-05, "duration": 0.08265233039855957, "x": "[ 5.28416233  4.18314573 -2.57867377  1.71796489  4.20418606  4.90726363]", "status": "2", "success": "False", "message": "Maximum number of function evaluations has been exceeded.", "nfev"