{"date": "2024/07/19/, 15:01:54", "conf_id": 219, "data_type": "non_lin_ind\n", "num_data_points": 3, "s_rank": 0, "unitary": "[[-0.24866696+0.58742286j,-0.44704345-0.43151574j,-0.35669027-0.20570733j,-0.10517633+0.1626036j],[0.10596805-0.19687975j,-0.30269685-0.15056416j,0.18246286+0.30440582j,-0.83484447-0.11310748j],[0.26054512-0.52548482j,0.0285017-0.50723956j,-0.43110112+0.17165838j,0.15243271+0.39915801j],[0.42978035+0.11991271j,-0.17224126-0.46030424j,0.6827807-0.15164662j,0.26483638+0.0061855j]]", "databatch_0": {"databatch": "[[[-0.17437051-1.16989337e-01j,-0.09774945+9.59560922e-02j,-0.043785+3.30016484e-01j,-0.13807252+1.68537572e-04j],[0.11117311+2.61838936e-02j,0.1591638+1.37716642e-01j,0.14699527-1.89020349e-01j,0.28202041-2.31840790e-02j],[-0.16851155-1.08051109e-01j,-0.07217902+1.43757956e-01j,0.14375608+2.20625177e-01j,-0.09393092-2.27108933e-02j],[-0.23855568-3.38521804e-02j,-0.01336445-4.16682257e-01j,0.3861147-4.98490144e-02j,0.1160142-2.66433432e-01j]],[[-0.0746261-2.02423319e-01j,-0.08987161-5.13066361e-05j,0.22868921+1.50891803e-02j,-0.01788374-8.93063767e-02j],[-0.00362007-8.62145167e-02j,0.03040643-2.41503593e-01j,-0.27287723+1.66352044e-01j,-0.07758221+3.32022332e-01j],[0.21878628-1.96746483e-01j,-0.01369136+3.60437020e-03j,0.27774396+9.57792654e-02j,-0.04724169-2.18574916e-01j],[-0.39809482-2.82277745e-01j,-0.08860944-1.32775053e-01j,0.07308405-1.29283482e-02j,-0.03581142+3.25481788e-01j]],[[0.27204374+1.65459121e-02j,-0.09732375+6.75958012e-02j,-0.05755346-2.36188958e-01j,-0.10214207+9.08749716e-03j],[0.00435966+7.49136530e-02j,0.03136864-5.59322685e-02j,0.08711329-6.86591815e-02j,-0.00320424-1.69686604e-01j],[-0.05229073-3.56902302e-01j,0.25011304+2.19374969e-01j,0.088621+1.02108818e-01j,0.36888153+9.53415222e-02j],[-0.12614315+2.18973270e-01j,0.11620673-8.68869104e-02j,0.37411297+1.11770143e-01j,0.18905642-3.37438765e-01j]]]", "initial param values": "[2.17701384,2.80640776,1.1611412,4.77905323,3.16545427,4.31243888]", "nelder_mead": {"type": "gradient-free", "0": {"maxiter": 100, "fatol": 1e-05, "xatol": 1e-05, "duration": 0.028279781341552734, "fun": "0.5402395499324009", "nit": "100", "nfev": "155", "status": "2", "success": "False", "message": "Maximum number of iterations has been exceeded.", "x": "[1.01051171 3.94815605 1.40626649 4.2234266  2.98924759 2.78321619]", "final_simplex": "(array([[1.01051171, 3.94815605, 1.40626649, 4.2234266 , 2.98924759,\n        2.78321619],\n       [0.98763787, 4.0154647 , 1.39657365, 4.21966164, 2.99461538,\n        2.75554084],\n       [1.02616216, 3.97032175, 1.39081624, 4.22114709, 2.99701121,\n        2.77953251],\n       [1.01746095, 3.96025001, 1.41722372, 4.20644838, 2.98062546,\n        2.75879058],\n       [0.98932625, 4.00441556, 1.38269068, 4.2044423 , 3.01314741,\n        2.77002006],\n       [0.99202434, 3.97923023, 1.39223895, 4.21344677, 2.99089189,\n        2.79062152],\n       [0.99296002, 3.98360277, 1.37711835, 4.24987083, 3.0154481 ,\n        2.75762418]]), array([0.54023955, 0.54029004, 0.54033041, 0.54036322, 0.54037506,\n       0.54040564, 0.54046523]))"}, "1": {"maxiter": 100, "fatol": 1e-05, "xatol": 1e-10, "duration": 0.027918100357055664, "fun": "0.5402395499324009", "nit": "100", "nfev": "155", "status": "2", "success": "False", "message": "Maximum number of iterations has been exceeded.", "x": "[1.01051171 3.94815605 1.40626649 4.2234266  2.98924759 2.78321619]", "final_simplex": "(array([[1.01051171, 3.94815605, 1.40626649, 4.2234266 , 2.98924759,\n        2.78321619],\n       [0.98763787, 4.0154647 , 1.39657365, 4.21966164, 2.99461538,\n        2.75554084],\n       [1.02616216, 3.97032175, 1.39081624, 4.22114709, 2.99701121,\n        2.77953251],\n       [1.01746095, 3.96025001, 1.41722372, 4.20644838, 2.98062546,\n        2.75879058],\n       [0.98932625, 4.00441556, 1.38269068, 4.2044423 , 3.01314741,\n        2.77002006],\n       [0.99202434, 3.97923023, 1.39223895, 4.21344677, 2.99089189,\n        2.79062152],\n       [0.99296002, 3.98360277, 1.37711835, 4.24987083, 3.0154481 ,\n        2.75762418]]), array([0.54023955, 0.54029004, 0.54033041, 0.54036322, 0.54037506,\n       0.54040564, 0.54046523]))"}, "2": {"maxiter": 100, "fatol": 1e-10, "xatol": 1e-05, "duration": 0.02727031707763672, "fun": "0.5402395499324009", "nit": "100", "nfev": "155", "status": "2", "success": "False", "message": "Maximum number of iterations has been exceeded.", "x": "[1.01051171 3.94815605 1.40626649 4.2234266  2.98924759 2.78321619]", "final_simplex": "(array([[1.01051171, 3.94815605, 1.40626649, 4.2234266 , 2.98924759,\n        2.78321619],\n       [0.98763787, 4.0154647 , 1.39657365, 4.21966164, 2.99461538,\n        2.75554084],\n       [1.02616216, 3.97032175, 1.39081624, 4.22114709, 2.99701121,\n        2.77953251],\n       [1.01746095, 3.96025001, 1.41722372, 4.20644838, 2.98062546,\n        2.75879058],\n       [0.98932625, 4.00441556, 1.38269068, 4.2044423 , 3.01314741,\n        2.77002006],\n       [0.99202434, 3.97923023, 1.39223895, 4.21344677, 2.99089189,\n        2.79062152],\n       [0.99296002, 3.98360277, 1.37711835, 4.24987083, 3.0154481 ,\n        2.75762418]]), array([0.54023955, 0.54029004, 0.54033041, 0.54036322, 0.54037506,\n       0.54040564, 0.54046523]))"}, "3": {"maxiter": 100, "fatol": 1e-10, "xatol": 1e-10, "duration": 0.027865171432495117, "fun": "0.5402395499324009", "nit": "100", "nfev": "155", "status": "2", "success": "False", "message": "Maximum number of iterations has been exceeded.", "x": "[1.01051171 3.94815605 1.40626649 4.2234266  2.98924759 2.78321619]", "final_simplex": "(array([[1.01051171, 3.94815605, 1.40626649, 4.2234266 , 2.98924759,\n        2.78321619],\n       [0.98763787, 4.0154647 , 1.39657365, 4.21966164, 2.99461538,\n        2.75554084],\n       [1.02616216, 3.97032175, 1.39081624, 4.22114709, 2.99701121,\n        2.77953251],\n       [1.01746095, 3.96025001, 1.41722372, 4.20644838, 2.98062546,\n        2.75879058],\n       [0.98932625, 4.00441556, 1.38269068, 4.2044423 , 3.01314741,\n        2.77002006],\n       [0.99202434, 3.97923023, 1.39223895, 4.21344677, 2.99089189,\n        2.79062152],\n       [0.99296002, 3.98360277, 1.37711835, 4.24987083, 3.0154481 ,\n        2.75762418]]), array([0.54023955, 0.54029004, 0.54033041, 0.54036322, 0.54037506,\n       0.54040564, 0.54046523]))"}, "4": {"maxiter": 500, "fatol": 1e-05, "xatol": 1e-05, "duration": 0.08311891555786133, "fun": "0.5376144998203838", "nit": "308", "nfev": "484", "status": "0", "success": "True", "message": "Optimization terminated successfully.", "x": "[1.00196776 3.96036161 1.4925268  4.31561339 3.13643692 2.82328284]", "final_simplex": "(array([[1.00196776, 3.96036161, 1.4925268 , 4.31561339, 3.13643692,\n        2.82328284],\n       [1.00196723, 3.96035828, 1.49252582, 4.3156122 , 3.13643412,\n        2.8232863 ],\n       [1.00196404, 3.96036141, 1.49252128, 4.3156176 , 3.13644629,\n        2.82328574],\n       [1.00196687, 3.96035359, 1.49253189, 4.31561733, 3.13643923,\n        2.8232854 ],\n       [1.0019722 , 3.96035935, 1.49252468, 4.31561341, 3.13643875,\n        2.82329069],\n       [1.00196777, 3.96035976, 1.49252974, 4.31561036, 3.13643594,\n        2.82328749],\n       [1.00197065, 3.96035487, 1.49252977, 4.31561007, 3.13643805,\n        2.82328648]]), array([0.5376145, 0.5376145, 0.5376145, 0.5376145, 0.5376145, 0.5376145,\n       0.5376145]))"}, "5": {"maxiter": 500, "fatol": 1e-05, "xatol": 1e-10, "duration": 0.1271369457244873, "fun": "0.5376144998185903", "nit": "402", "nfev": "699", "status": "0", "success": "True", "message": "Optimization terminated successfully.", "x": "[1.00196667 3.96035924 1.49252445 4.31561488 3.1364405  2.82328553]", "final_simplex": "(array([[1.00196667, 3.96035924, 1.49252445, 4.31561488, 3.1364405 ,\n        2.82328553],\n       [1.00196667, 3.96035924, 1.49252445, 4.31561488, 3.1364405 ,\n        2.82328553],\n       [1.00196667, 3.96035924, 1.49252445, 4.31561488, 3.1364405 ,\n        2.82328553],\n       [1.00196667, 3.96035924, 1.49252445, 4.31561488, 3.1364405 ,\n        2.82328553],\n       [1.00196667, 3.96035924, 1.49252445, 4.31561488, 3.1364405 ,\n        2.82328553],\n       [1.00196667, 3.96035924, 1.49252445, 4.31561488, 3.1364405 ,\n        2.82328553],\n       [1.00196667, 3.96035924, 1.49252445, 4.31561488, 3.1364405 ,\n        2.82328553]]), array([0.5376145, 0.5376145, 0.5376145, 0.5376145, 0.5376145, 0.5376145,\n       0.5376145]))"}, "6": {"maxiter": 500, "fatol": 1e-10, "xatol": 1e-05, "duration": 0.08455395698547363, "fun": "0.5376144998203838", "nit": "308", "nfev": "484", "status": "0", "success": "True", "message": "Optimization terminated successfully.", "x": "[1.00196776 3.96036161 1.4925268  4.31561339 3.13643692 2.82328284]", "final_simplex": "(array([[1.00196776, 3.96036161, 1.4925268 , 4.31561339, 3.13643692,\n        2.82328284],\n       [1.00196723, 3.96035828, 1.49252582, 4.3156122 , 3.13643412,\n        2.8232863 ],\n       [1.00196404, 3.96036141, 1.49252128, 4.3156176 , 3.13644629,\n        2.82328574],\n       [1.00196687, 3.96035359, 1.49253189, 4.31561733, 3.13643923,\n        2.8232854 ],\n       [1.0019722 , 3.96035935, 1.49252468, 4.31561341, 3.13643875,\n        2.82329069],\n       [1.00196777, 3.96035976, 1.49252974, 4.31561036, 3.13643594,\n        2.82328749],\n       [1.00197065, 3.96035487, 1.49252977, 4.31561007, 3.13643805,\n        2.82328648]]), array([0.5376145, 0.5376145, 0.5376145, 0.5376145, 0.5376145, 0.5376145,\n       0.5376145]))"}, "7": {"maxiter": 500, "fatol": 1e-10, "xatol": 1e-10, "duration": 0.12091588973999023, "fun": "0.5376144998185903", "nit": "402", "nfev": "699", "status": "0", "success": "True", "message": "Optimization terminated successfully.", "x": "[1.00196667 3.96035924 1.49252445 4.31561488 3.1364405  2.82328553]", "final_simplex": "(array([[1.00196667, 3.96035924, 1.49252445, 4.31561488, 3.1364405 ,\n        2.82328553],\n       [1.00196667, 3.96035924, 1.49252445, 4.31561488, 3.1364405 ,\n        2.82328553],\n       [1.00196667, 3.96035924, 1.49252445, 4.31561488, 3.1364405 ,\n        2.82328553],\n       [1.00196667, 3.96035924, 1.49252445, 4.31561488, 3.1364405 ,\n        2.82328553],\n       [1.00196667, 3.96035924, 1.49252445, 4.31561488, 3.1364405 ,\n        2.82328553],\n       [1.00196667, 3.96035924, 1.49252445, 4.31561488, 3.1364405 ,\n        2.82328553],\n       [1.00196667, 3.96035924, 1.49252445, 4.31561488, 3.1364405 ,\n        2.82328553]]), array([0.5376145, 0.5376145, 0.5376145, 0.5376145, 0.5376145, 0.5376145,\n       0.5376145]))"}, "8": {"maxiter": 1000, "fatol": 1e-05, "xatol": 1e-05, "duration": 0.08224201202392578, "fun": "0.5376144998203838", "nit": "308", "nfev": "484", "status": "0", "success": "True", "message": "Optimization terminated successfully.", "x": "[1.00196776 3.96036161 1.4925268  4.31561339 3.13643692 2.82328284]", "final_simplex": "(array([[1.00196776, 3.96036161, 1.4925268 , 4.31561339, 3.13643692,\n        2.82328284],\n       [1.00196723, 3.96035828, 1.49252582, 4.3156122 , 3.13643412,\n        2.8232863 ],\n       [1.00196404, 3.96036141, 1.49252128, 4.3156176 , 3.13644629,\n        2.82328574],\n       [1.00196687, 3.96035359, 1.49253189, 4.31561733, 3.13643923,\n        2.8232854 ],\n       [1.0019722 , 3.96035935, 1.49252468, 4.31561341, 3.13643875,\n        2.82329069],\n       [1.00196777, 3.96035976, 1.49252974, 4.31561036, 3.13643594,\n        2.82328749],\n       [1.00197065, 3.96035487, 1.49252977, 4.31561007, 3.13643805,\n        2.82328648]]), array([0.5376145, 0.5376145, 0.5376145, 0.5376145, 0.5376145, 0.5376145,\n       0.5376145]))"}, "9": {"maxiter": 1000, "fatol": 1e-05, "xatol": 1e-10, "duration": 0.1186528205871582, "fun": "0.5376144998185903", "nit": "402", "nfev": "699", "status": "0", "success": "True", "message": "Optimization terminated successfully.", "x": "[1.00196667 3.96035924 1.49252445 4.31561488 3.1364405  2.82328553]", "final_simplex": "(array([[1.00196667, 3.96035924, 1.49252445, 4.31561488, 3.1364405 ,\n        2.82328553],\n       [1.00196667, 3.96035924, 1.49252445, 4.31561488, 3.1364405 ,\n        2.82328553],\n       [1.00196667, 3.96035924, 1.49252445, 4.31561488, 3.1364405 ,\n        2.82328553],\n       [1.00196667, 3.96035924, 1.49252445, 4.31561488, 3.1364405 ,\n        2.82328553],\n       [1.00196667, 3.96035924, 1.49252445, 4.31561488, 3.1364405 ,\n        2.82328553],\n       [1.00196667, 3.96035924, 1.49252445, 4.31561488, 3.1364405 ,\n        2.82328553],\n       [1.00196667, 3.96035924, 1.49252445, 4.31561488, 3.1364405 ,\n        2.82328553]]), array([0.5376145, 0.5376145, 0.5376145, 0.5376145, 0.5376145, 0.5376145,\n       0.5376145]))"}, "10": {"maxiter": 1000, "fatol": 1e-10, "xatol": 1e-05, "duration": 0.08214926719665527, "fun": "0.5376144998203838", "nit": "308", "nfev": "484", "status": "0", "success": "True", "message": "Optimization terminated successfully.", "x": "[1.00196776 3.96036161 1.4925268  4.31561339 3.13643692 2.82328284]", "final_simplex": "(array([[1.00196776, 3.96036161, 1.4925268 , 4.31561339, 3.13643692,\n        2.82328284],\n       [1.00196723, 3.96035828, 1.49252582, 4.3156122 , 3.13643412,\n        2.8232863 ],\n       [1.00196404, 3.96036141, 1.49252128, 4.3156176 , 3.13644629,\n        2.82328574],\n       [1.00196687, 3.96035359, 1.49253189, 4.31561733, 3.13643923,\n        2.8232854 ],\n       [1.0019722 , 3.96035935, 1.49252468, 4.31561341, 3.13643875,\n        2.82329069],\n       [1.00196777, 3.96035976, 1.49252974, 4.31561036, 3.13643594,\n        2.82328749],\n       [1.00197065, 3.96035487, 1.49252977, 4.31561007, 3.13643805,\n        2.82328648]]), array([0.5376145, 0.5376145, 0.5376145, 0.5376145, 0.5376145, 0.5376145,\n       0.5376145]))"}, "11": {"maxiter": 1000, "fatol": 1e-10, "xatol": 1e-10, "duration": 0.11819100379943848, "fun": "0.5376144998185903", "nit": "402", "nfev": "699", "status": "0", "success": "True", "message": "Optimization terminated successfully.", "x": "[1.00196667 3.96035924 1.49252445 4.31561488 3.1364405  2.82328553]", "final_simplex": "(array([[1.00196667, 3.96035924, 1.49252445, 4.31561488, 3.1364405 ,\n        2.82328553],\n       [1.00196667, 3.96035924, 1.49252445, 4.31561488, 3.1364405 ,\n        2.82328553],\n       [1.00196667, 3.96035924, 1.49252445, 4.31561488, 3.1364405 ,\n        2.82328553],\n       [1.00196667, 3.96035924, 1.49252445, 4.31561488, 3.1364405 ,\n        2.82328553],\n       [1.00196667, 3.96035924, 1.49252445, 4.31561488, 3.1364405 ,\n        2.82328553],\n       [1.00196667, 3.96035924, 1.49252445, 4.31561488, 3.1364405 ,\n        2.82328553],\n       [1.00196667, 3.96035924, 1.49252445, 4.31561488, 3.1364405 ,\n        2.82328553]]), array([0.5376145, 0.5376145, 0.5376145, 0.5376145, 0.5376145, 0.5376145,\n       0.5376145]))"}}, "bfgs": {"type": "gradient", "0": {"maxiter": 100, "gtol": 1e-05, "xrtol": 1e-05, "eps": 1e-05, "duration": 0.03050684928894043, "fun": "0.5376144998533654", "jac": "[ 2.76867418e-07 -6.63535893e-07  3.05155901e-07 -1.32118760e-06\n  2.56972221e-06 -1.44746437e-06]", "hess_inv": "[[ 6.70465532 -1.99646503 -0.71107106 -0.07552903 -0.94498257  2.14268971]\n [-1.99646503  9.02551127 -3.97938704 -0.90852185  3.13090477 -2.00095378]\n [-0.71107106 -3.97938704  8.9524857   0.75182359 -4.57971309 -1.68843956]\n [-0.07552903 -0.90852185  0.75182359  7.16710435  2.97979948 -0.55425767]\n [-0.94498257  3.13090477 -4.57971309  2.97979948 11.00891334  1.79481695]\n [ 2.14268971 -2.00095378 -1.68843956 -0.55425767  1.79481695  6.92898394]]", "nfev": "175", "njev": "25", "status": "0", "success": "True", "message": "Optimization terminated successfully.", "x": "[1.00195823 3.96036312 1.49251881 4.31560752 3.13645363 2.82327478]", "nit": "23"}, "1": {"maxiter": 100, "gtol": 1e-05, "xrtol": 1e-05, "eps": 1e-10, "duration": 0.031206846237182617, "fun": "0.537614500717762", "jac": "[-8.88178346e-06 -2.22044587e-06 -2.22044587e-06 -4.44089173e-06\n  8.88178346e-06 -2.22044587e-06]", "hess_inv": "[[ 5.52500014 -1.35991239 -1.25763271 -0.08327186  0.3413112   1.78980885]\n [-1.35991239  8.64395242 -3.62124591 -0.95684559  2.3669981  -1.82126856]\n [-1.25763271 -3.62124591  8.59789479  0.81575606 -3.89906468 -1.82210444]\n [-0.08327186 -0.95684559  0.81575606  7.16911176  2.67883884 -0.45986839]\n [ 0.3413112   2.3669981  -3.89906468  2.67883884  9.88101648  1.95462146]\n [ 1.78980885 -1.82126856 -1.82210444 -0.45986839  1.95462146  6.8932653 ]]", "nfev": "168", "njev": "24", "status": "0", "success": "True", "message": "Optimization terminated successfully.", "x": "[1.00188963 3.96040562 1.49248316 4.31560603 3.13654683 2.82325944]", "nit": "22"}, "2": {"maxiter": 100, "gtol": 1e-05, "xrtol": 1e-10, "eps": 1e-05, "duration": 0.03356313705444336, "fun": "0.5376144998533654", "jac": "[ 2.76867418e-07 -6.63535893e-07  3.05155901e-07 -1.32118760e-06\n  2.56972221e-06 -1.44746437e-06]", "hess_inv": "[[ 6.70465532 -1.99646503 -0.71107106 -0.07552903 -0.94498257  2.14268971]\n [-1.99646503  9.02551127 -3.97938704 -0.90852185  3.13090477 -2.00095378]\n [-0.71107106 -3.97938704  8.9524857   0.75182359 -4.57971309 -1.68843956]\n [-0.07552903 -0.90852185  0.75182359  7.16710435  2.97979948 -0.55425767]\n [-0.94498257  3.13090477 -4.57971309  2.97979948 11.00891334  1.79481695]\n [ 2.14268971 -2.00095378 -1.68843956 -0.55425767  1.79481695  6.92898394]]", "nfev": "175", "njev": "25", "status": "0", "success": "True", "message": "Optimization terminated successfully.", "x": "[1.00195823 3.96036312 1.49251881 4.31560752 3.13645363 2.82327478]", "nit": "23"}, "3": {"maxiter": 100, "gtol": 1e-05, "xrtol": 1e-10, "eps": 1e-10, "duration": 0.03228902816772461, "fun": "0.537614500717762", "jac": "[-8.88178346e-06 -2.22044587e-06 -2.22044587e-06 -4.44089173e-06\n  8.88178346e-06 -2.22044587e-06]", "hess_inv": "[[ 5.52500014 -1.35991239 -1.25763271 -0.08327186  0.3413112   1.78980885]\n [-1.35991239  8.64395242 -3.62124591 -0.95684559  2.3669981  -1.82126856]\n [-1.25763271 -3.62124591  8.59789479  0.81575606 -3.89906468 -1.82210444]\n [-0.08327186 -0.95684559  0.81575606  7.16911176  2.67883884 -0.45986839]\n [ 0.3413112   2.3669981  -3.89906468  2.67883884  9.88101648  1.95462146]\n [ 1.78980885 -1.82126856 -1.82210444 -0.45986839  1.95462146  6.8932653 ]]", "nfev": "168", "njev": "24", "status": "0", "success": "True", "message": "Optimization terminated successfully.", "x": "[1.00188963 3.96040562 1.49248316 4.31560603 3.13654683 2.82325944]", "nit": "22"}, "4": {"maxiter": 100, "gtol": 1e-10, "xrtol": 1e-05, "eps": 1e-05, "duration": 0.03453707695007324, "fun": "0.5376144998297083", "jac": "[ 2.01727524e-07 -4.69624339e-08  1.02495790e-07 -1.43818291e-07\n  2.18136620e-07 -1.12643228e-07]", "hess_inv": "[[ 6.54594736 -2.04082278 -0.61240836 -0.03491946 -1.50745483  2.22660926]\n [-2.04082278  9.14428734 -4.12433239 -0.91860173  3.66523504 -2.09594808]\n [-0.61240836 -4.12433239  9.11805185  0.75476305 -5.13956149 -1.58482368]\n [-0.03491946 -0.91860173  0.75476305  7.16021436  3.01074563 -0.55637952]\n [-1.50745483  3.66523504 -5.13956149  3.01074563 12.66119997  1.46777916]\n [ 2.22660926 -2.09594808 -1.58482368 -0.55637952  1.46777916  6.99156908]]", "nfev": "182", "njev": "26", "status": "0", "success": "True", "message": "Optimization terminated successfully.", "x": "[1.0019623  3.96035735 1.49252538 4.31560761 3.13643161 2.82327887]", "nit": "24"}, "5": {"maxiter": 100, "gtol": 1e-10, "xrtol": 1e-05, "eps": 1e-10, "duration": 0.03636574745178223, "fun": "0.5376144998541508", "jac": "[ 0.00000000e+00 -2.22044587e-06 -2.22044587e-06 -4.44089173e-06\n  0.00000000e+00 -4.44089173e-06]", "hess_inv": "[[ 7.20587027 -2.60584363 -0.70242811 -0.91173924 -3.20713396  2.52023325]\n [-2.60584363  9.52508489 -4.03020206 -0.37596215  4.71199058 -2.30441472]\n [-0.70242811 -4.03020206  8.43509294  0.09178048 -5.15037783 -1.36977039]\n [-0.91173924 -0.37596215  0.09178048  6.96010076  4.07806586 -0.49367507]\n [-3.20713396  4.71199058 -5.15037783  4.07806586 15.42602286  0.86460109]\n [ 2.52023325 -2.30441472 -1.36977039 -0.49367507  0.86460109  6.99747047]]", "nfev": "189", "njev": "27", "status": "0", "success": "True", "message": "Optimization terminated successfully.", "x": "[1.00196408 3.96035581 1.49252918 4.31560199 3.13643192 2.82327091]", "nit": "24"}, "6": {"maxiter": 100, "gtol": 1e-10, "xrtol": 1e-10, "eps": 1e-05, "duration": 0.07416176795959473, "fun": "0.5376144998297083", "jac": "[ 2.01727524e-07 -4.69624339e-08  1.02495790e-07 -1.43818291e-07\n  2.18136620e-07 -1.12643228e-07]", "hess_inv": "[[ 6.40557736 -1.92046898 -0.73698973 -0.02126003 -1.16785838  2.14686595]\n [-1.92046898  9.08530156 -4.07455899 -0.93967562  3.60949819 -2.06195997]\n [-0.73698973 -4.07455899  9.08109132  0.77896705 -5.14196538 -1.61122854]\n [-0.02126003 -0.93967562  0.77896705  7.16086796  2.92783761 -0.5413376 ]\n [-1.16785838  3.60949819 -5.14196538  2.92783761 13.09350328  1.47757728]\n [ 2.14686595 -2.06195997 -1.61122854 -0.5413376   1.47757728  6.97301189]]", "nfev": "390", "njev": "54", "status": "2", "success": "False", "message": "Desired error not necessarily achieved due to precision loss.", "x": "[1.0019623  3.96035735 1.49252538 4.31560761 3.13643161 2.82327887]", "nit": "24"}, "7": {"maxiter": 100, "gtol": 1e-10, "xrtol": 1e-10, "eps": 1e-10, "duration": 0.04815793037414551, "fun": "0.5376144998293202", "jac": "[0. 0. 0. 0. 0. 0.]", "hess_inv": "[[ 8.98393776 -8.07157993  5.66981298 -0.21255891 -9.40042108  2.16331091]\n [-8.07157993 12.59070482 -5.78183656  0.02747076  7.44071993 -4.69296313]\n [ 5.66981298 -5.78183656  7.10675272 -0.01808992 -6.48332473  0.74280818]\n [-0.21255891  0.02747076 -0.01808992  0.21887892  0.05104135 -0.10530326]\n [-9.40042108  7.44071993 -6.48332473  0.05104135 13.53333632 -2.86268091]\n [ 2.16331091 -4.69296313  0.74280818 -0.10530326 -2.86268091  4.2719833 ]]", "nfev": "252", "njev": "36", "status": "0", "success": "True", "message": "Optimization terminated successfully.", "x": "[1.00196157 3.96035527 1.49252866 4.31561004 3.13642931 2.82327865]", "nit": "29"}, "8": {"maxiter": 500, "gtol": 1e-05, "xrtol": 1e-05, "eps": 1e-05, "duration": 0.03329586982727051, "fun": "0.5376144998533654", "jac": "[ 2.76867418e-07 -6.63535893e-07  3.05155901e-07 -1.32118760e-06\n  2.56972221e-06 -1.44746437e-06]", "hess_inv": "[[ 6.70465532 -1.99646503 -0.71107106 -0.07552903 -0.94498257  2.14268971]\n [-1.99646503  9.02551127 -3.97938704 -0.90852185  3.13090477 -2.00095378]\n [-0.71107106 -3.97938704  8.9524857   0.75182359 -4.57971309 -1.68843956]\n [-0.07552903 -0.90852185  0.75182359  7.16710435  2.97979948 -0.55425767]\n [-0.94498257  3.13090477 -4.57971309  2.97979948 11.00891334  1.79481695]\n [ 2.14268971 -2.00095378 -1.68843956 -0.55425767  1.79481695  6.92898394]]", "nfev": "175", "njev": "25", "status": "0", "success": "True", "message": "Optimization terminated successfully.", "x": "[1.00195823 3.96036312 1.49251881 4.31560752 3.13645363 2.82327478]", "nit": "23"}, "9": {"maxiter": 500, "gtol": 1e-05, "xrtol": 1e-05, "eps": 1e-10, "duration": 0.031652212142944336, "fun": "0.537614500717762", "jac": "[-8.88178346e-06 -2.22044587e-06 -2.22044587e-06 -4.44089173e-06\n  8.88178346e-06 -2.22044587e-06]", "hess_inv": "[[ 5.52500014 -1.35991239 -1.25763271 -0.08327186  0.3413112   1.78980885]\n [-1.35991239  8.64395242 -3.62124591 -0.95684559  2.3669981  -1.82126856]\n [-1.25763271 -3.62124591  8.59789479  0.81575606 -3.89906468 -1.82210444]\n [-0.08327186 -0.95684559  0.81575606  7.16911176  2.67883884 -0.45986839]\n [ 0.3413112   2.3669981  -3.89906468  2.67883884  9.88101648  1.95462146]\n [ 1.78980885 -1.82126856 -1.82210444 -0.45986839  1.95462146  6.8932653 ]]", "nfev": "168", "njev": "24", "status": "0", "success": "True", "message": "Optimization terminated successfully.", "x": "[1.00188963 3.96040562 1.49248316 4.31560603 3.13654683 2.82325944]", "nit": "22"}, "10": {"maxiter": 500, "gtol": 1e-05, "xrtol": 1e-10, "eps": 1e-05, "duration": 0.03343701362609863, "fun": "0.5376144998533654", "jac": "[ 2.76867418e-07 -6.63535893e-07  3.05155901e-07 -1.32118760e-06\n  2.56972221e-06 -1.44746437e-06]", "hess_inv": "[[ 6.70465532 -1.99646503 -0.71107106 -0.07552903 -0.94498257  2.14268971]\n [-1.99646503  9.02551127 -3.97938704 -0.90852185  3.13090477 -2.00095378]\n [-0.71107106 -3.97938704  8.9524857   0.75182359 -4.57971309 -1.68843956]\n [-0.07552903 -0.90852185  0.75182359  7.16710435  2.97979948 -0.55425767]\n [-0.94498257  3.13090477 -4.57971309  2.97979948 11.00891334  1.79481695]\n [ 2.14268971 -2.00095378 -1.68843956 -0.55425767  1.79481695  6.92898394]]", "nfev": "175", "njev": "25", "status": "0", "success": "True", "message": "Optimization terminated successfully.", "x": "[1.00195823 3.96036312 1.49251881 4.31560752 3.13645363 2.82327478]", "nit": "23"}, "11": {"maxiter": 500, "gtol": 1e-05, "xrtol": 1e-10, "eps": 1e-10, "duration": 0.030932903289794922, "fun": "0.537614500717762", "jac": "[-8.88178346e-06 -2.22044587e-06 -2.22044587e-06 -4.44089173e-06\n  8.88178346e-06 -2.22044587e-06]", "hess_inv": "[[ 5.52500014 -1.35991239 -1.25763271 -0.08327186  0.3413112   1.78980885]\n [-1.35991239  8.64395242 -3.62124591 -0.95684559  2.3669981  -1.82126856]\n [-1.25763271 -3.62124591  8.59789479  0.81575606 -3.89906468 -1.82210444]\n [-0.08327186 -0.95684559  0.81575606  7.16911176  2.67883884 -0.45986839]\n [ 0.3413112   2.3669981  -3.89906468  2.67883884  9.88101648  1.95462146]\n [ 1.78980885 -1.82126856 -1.82210444 -0.45986839  1.95462146  6.8932653 ]]", "nfev": "168", "njev": "24", "status": "0", "success": "True", "message": "Optimization terminated successfully.", "x": "[1.00188963 3.96040562 1.49248316 4.31560603 3.13654683 2.82325944]", "nit": "22"}, "12": {"maxiter": 500, "gtol": 1e-10, "xrtol": 1e-05, "eps": 1e-05, "duration": 0.033580780029296875, "fun": "0.5376144998297083", "jac": "[ 2.01727524e-07 -4.69624339e-08  1.02495790e-07 -1.43818291e-07\n  2.18136620e-07 -1.12643228e-07]", "hess_inv": "[[ 6.54594736 -2.04082278 -0.61240836 -0.03491946 -1.50745483  2.22660926]\n [-2.04082278  9.14428734 -4.12433239 -0.91860173  3.66523504 -2.09594808]\n [-0.61240836 -4.12433239  9.11805185  0.75476305 -5.13956149 -1.58482368]\n [-0.03491946 -0.91860173  0.75476305  7.16021436  3.01074563 -0.55637952]\n [-1.50745483  3.66523504 -5.13956149  3.01074563 12.66119997  1.46777916]\n [ 2.22660926 -2.09594808 -1.58482368 -0.55637952  1.46777916  6.99156908]]", "nfev": "182", "njev": "26", "status": "0", "success": "True", "message": "Optimization terminated successfully.", "x": "[1.0019623  3.96035735 1.49252538 4.31560761 3.13643161 2.82327887]", "nit": "24"}, "13": {"maxiter": 500, "gtol": 1e-10, "xrtol": 1e-05, "eps": 1e-10, "duration": 0.03537797927856445, "fun": "0.5376144998541508", "jac": "[ 0.00000000e+00 -2.22044587e-06 -2.22044587e-06 -4.44089173e-06\n  0.00000000e+00 -4.44089173e-06]", "hess_inv": "[[ 7.20587027 -2.60584363 -0.70242811 -0.91173924 -3.20713396  2.52023325]\n [-2.60584363  9.52508489 -4.03020206 -0.37596215  4.71199058 -2.30441472]\n [-0.70242811 -4.03020206  8.43509294  0.09178048 -5.15037783 -1.36977039]\n [-0.91173924 -0.37596215  0.09178048  6.96010076  4.07806586 -0.49367507]\n [-3.20713396  4.71199058 -5.15037783  4.07806586 15.42602286  0.86460109]\n [ 2.52023325 -2.30441472 -1.36977039 -0.49367507  0.86460109  6.99747047]]", "nfev": "189", "njev": "27", "status": "0", "success": "True", "message": "Optimization terminated successfully.", "x": "[1.00196408 3.96035581 1.49252918 4.31560199 3.13643192 2.82327091]", "nit": "24"}, "14": {"maxiter": 500, "gtol": 1e-10, "xrtol": 1e-10, "eps": 1e-05, "duration": 0.07363700866699219, "fun": "0.5376144998297083", "jac": "[ 2.01727524e-07 -4.69624339e-08  1.02495790e-07 -1.43818291e-07\n  2.18136620e-07 -1.12643228e-07]", "hess_inv": "[[ 6.40557736 -1.92046898 -0.73698973 -0.02126003 -1.16785838  2.14686595]\n [-1.92046898  9.08530156 -4.07455899 -0.93967562  3.60949819 -2.06195997]\n [-0.73698973 -4.07455899  9.08109132  0.77896705 -5.14196538 -1.61122854]\n [-0.02126003 -0.93967562  0.77896705  7.16086796  2.92783761 -0.5413376 ]\n [-1.16785838  3.60949819 -5.14196538  2.92783761 13.09350328  1.47757728]\n [ 2.14686595 -2.06195997 -1.61122854 -0.5413376   1.47757728  6.97301189]]", "nfev": "390", "njev": "54", "status": "2", "success": "False", "message": "Desired error not necessarily achieved due to precision loss.", "x": "[1.0019623  3.96035735 1.49252538 4.31560761 3.13643161 2.82327887]", "nit": "24"}, "15": {"maxiter": 500, "gtol": 1e-10, "xrtol": 1e-10, "eps": 1e-10, "duration": 0.045320987701416016, "fun": "0.5376144998293202", "jac": "[0. 0. 0. 0. 0. 0.]", "hess_inv": "[[ 8.98393776 -8.07157993  5.66981298 -0.21255891 -9.40042108  2.16331091]\n [-8.07157993 12.59070482 -5.78183656  0.02747076  7.44071993 -4.69296313]\n [ 5.66981298 -5.78183656  7.10675272 -0.01808992 -6.48332473  0.74280818]\n [-0.21255891  0.02747076 -0.01808992  0.21887892  0.05104135 -0.10530326]\n [-9.40042108  7.44071993 -6.48332473  0.05104135 13.53333632 -2.86268091]\n [ 2.16331091 -4.69296313  0.74280818 -0.10530326 -2.86268091  4.2719833 ]]", "nfev": "252", "njev": "36", "status": "0", "success": "True", "message": "Optimization terminated successfully.", "x": "[1.00196157 3.96035527 1.49252866 4.31561004 3.13642931 2.82327865]", "nit": "29"}, "16": {"maxiter": 1000, "gtol": 1e-05, "xrtol": 1e-05, "eps": 1e-05, "duration": 0.030771732330322266, "fun": "0.5376144998533654", "jac": "[ 2.76867418e-07 -6.63535893e-07  3.05155901e-07 -1.32118760e-06\n  2.56972221e-06 -1.44746437e-06]", "hess_inv": "[[ 6.70465532 -1.99646503 -0.71107106 -0.07552903 -0.94498257  2.14268971]\n [-1.99646503  9.02551127 -3.97938704 -0.90852185  3.13090477 -2.00095378]\n [-0.71107106 -3.97938704  8.9524857   0.75182359 -4.57971309 -1.68843956]\n [-0.07552903 -0.90852185  0.75182359  7.16710435  2.97979948 -0.55425767]\n [-0.94498257  3.13090477 -4.57971309  2.97979948 11.00891334  1.79481695]\n [ 2.14268971 -2.00095378 -1.68843956 -0.55425767  1.79481695  6.92898394]]", "nfev": "175", "njev": "25", "status": "0", "success": "True", "message": "Optimization terminated successfully.", "x": "[1.00195823 3.96036312 1.49251881 4.31560752 3.13645363 2.82327478]", "nit": "23"}, "17": {"maxiter": 1000, "gtol": 1e-05, "xrtol": 1e-05, "eps": 1e-10, "duration": 0.0293881893157959, "fun": "0.537614500717762", "jac": "[-8.88178346e-06 -2.22044587e-06 -2.22044587e-06 -4.44089173e-06\n  8.88178346e-06 -2.22044587e-06]", "hess_inv": "[[ 5.52500014 -1.35991239 -1.25763271 -0.08327186  0.3413112   1.78980885]\n [-1.35991239  8.64395242 -3.62124591 -0.95684559  2.3669981  -1.82126856]\n [-1.25763271 -3.62124591  8.59789479  0.81575606 -3.89906468 -1.82210444]\n [-0.08327186 -0.95684559  0.81575606  7.16911176  2.67883884 -0.45986839]\n [ 0.3413112   2.3669981  -3.89906468  2.67883884  9.88101648  1.95462146]\n [ 1.78980885 -1.82126856 -1.82210444 -0.45986839  1.95462146  6.8932653 ]]", "nfev": "168", "njev": "24", "status": "0", "success": "True", "message": "Optimization terminated successfully.", "x": "[1.00188963 3.96040562 1.49248316 4.31560603 3.13654683 2.82325944]", "nit": "22"}, "18": {"maxiter": 1000, "gtol": 1e-05, "xrtol": 1e-10, "eps": 1e-05, "duration": 0.03051900863647461, "fun": "0.5376144998533654", "jac": "[ 2.76867418e-07 -6.63535893e-07  3.05155901e-07 -1.32118760e-06\n  2.56972221e-06 -1.44746437e-06]", "hess_inv": "[[ 6.70465532 -1.99646503 -0.71107106 -0.07552903 -0.94498257  2.14268971]\n [-1.99646503  9.02551127 -3.97938704 -0.90852185  3.13090477 -2.00095378]\n [-0.71107106 -3.97938704  8.9524857   0.75182359 -4.57971309 -1.68843956]\n [-0.07552903 -0.90852185  0.75182359  7.16710435  2.97979948 -0.55425767]\n [-0.94498257  3.13090477 -4.57971309  2.97979948 11.00891334  1.79481695]\n [ 2.14268971 -2.00095378 -1.68843956 -0.55425767  1.79481695  6.92898394]]", "nfev": "175", "njev": "25", "status": "0", "success": "True", "message": "Optimization terminated successfully.", "x": "[1.00195823 3.96036312 1.49251881 4.31560752 3.13645363 2.82327478]", "nit": "23"}, "19": {"maxiter": 1000, "gtol": 1e-05, "xrtol": 1e-10, "eps": 1e-10, "duration": 0.030041217803955078, "fun": "0.537614500717762", "jac": "[-8.88178346e-06 -2.22044587e-06 -2.22044587e-06 -4.44089173e-06\n  8.88178346e-06 -2.22044587e-06]", "hess_inv": "[[ 5.52500014 -1.35991239 -1.25763271 -0.08327186  0.3413112   1.78980885]\n [-1.35991239  8.64395242 -3.62124591 -0.95684559  2.3669981  -1.82126856]\n [-1.25763271 -3.62124591  8.59789479  0.81575606 -3.89906468 -1.82210444]\n [-0.08327186 -0.95684559  0.81575606  7.16911176  2.67883884 -0.45986839]\n [ 0.3413112   2.3669981  -3.89906468  2.67883884  9.88101648  1.95462146]\n [ 1.78980885 -1.82126856 -1.82210444 -0.45986839  1.95462146  6.8932653 ]]", "nfev": "168", "njev": "24", "status": "0", "success": "True", "message": "Optimization terminated successfully.", "x": "[1.00188963 3.96040562 1.49248316 4.31560603 3.13654683 2.82325944]", "nit": "22"}, "20": {"maxiter": 1000, "gtol": 1e-10, "xrtol": 1e-05, "eps": 1e-05, "duration": 0.032354116439819336, "fun": "0.5376144998297083", "jac": "[ 2.01727524e-07 -4.69624339e-08  1.02495790e-07 -1.43818291e-07\n  2.18136620e-07 -1.12643228e-07]", "hess_inv": "[[ 6.54594736 -2.04082278 -0.61240836 -0.03491946 -1.50745483  2.22660926]\n [-2.04082278  9.14428734 -4.12433239 -0.91860173  3.66523504 -2.09594808]\n [-0.61240836 -4.12433239  9.11805185  0.75476305 -5.13956149 -1.58482368]\n [-0.03491946 -0.91860173  0.75476305  7.16021436  3.01074563 -0.55637952]\n [-1.50745483  3.66523504 -5.13956149  3.01074563 12.66119997  1.46777916]\n [ 2.22660926 -2.09594808 -1.58482368 -0.55637952  1.46777916  6.99156908]]", "nfev": "182", "njev": "26", "status": "0", "success": "True", "message": "Optimization terminated successfully.", "x": "[1.0019623  3.96035735 1.49252538 4.31560761 3.13643161 2.82327887]", "nit": "24"}, "21": {"maxiter": 1000, "gtol": 1e-10, "xrtol": 1e-05, "eps": 1e-10, "duration": 0.03351020812988281, "fun": "0.5376144998541508", "jac": "[ 0.00000000e+00 -2.22044587e-06 -2.22044587e-06 -4.44089173e-06\n  0.00000000e+00 -4.44089173e-06]", "hess_inv": "[[ 7.20587027 -2.60584363 -0.70242811 -0.91173924 -3.20713396  2.52023325]\n [-2.60584363  9.52508489 -4.03020206 -0.37596215  4.71199058 -2.30441472]\n [-0.70242811 -4.03020206  8.43509294  0.09178048 -5.15037783 -1.36977039]\n [-0.91173924 -0.37596215  0.09178048  6.96010076  4.07806586 -0.49367507]\n [-3.20713396  4.71199058 -5.15037783  4.07806586 15.42602286  0.86460109]\n [ 2.52023325 -2.30441472 -1.36977039 -0.49367507  0.86460109  6.99747047]]", "nfev": "189", "njev": "27", "status": "0", "success": "True", "message": "Optimization terminated successfully.", "x": "[1.00196408 3.96035581 1.49252918 4.31560199 3.13643192 2.82327091]", "nit": "24"}, "22": {"maxiter": 1000, "gtol": 1e-10, "xrtol": 1e-10, "eps": 1e-05, "duration": 0.06856489181518555, "fun": "0.5376144998297083", "jac": "[ 2.01727524e-07 -4.69624339e-08  1.02495790e-07 -1.43818291e-07\n  2.18136620e-07 -1.12643228e-07]", "hess_inv": "[[ 6.40557736 -1.92046898 -0.73698973 -0.02126003 -1.16785838  2.14686595]\n [-1.92046898  9.08530156 -4.07455899 -0.93967562  3.60949819 -2.06195997]\n [-0.73698973 -4.07455899  9.08109132  0.77896705 -5.14196538 -1.61122854]\n [-0.02126003 -0.93967562  0.77896705  7.16086796  2.92783761 -0.5413376 ]\n [-1.16785838  3.60949819 -5.14196538  2.92783761 13.09350328  1.47757728]\n [ 2.14686595 -2.06195997 -1.61122854 -0.5413376   1.47757728  6.97301189]]", "nfev": "390", "njev": "54", "status": "2", "success": "False", "message": "Desired error not necessarily achieved due to precision loss.", "x": "[1.0019623  3.96035735 1.49252538 4.31560761 3.13643161 2.82327887]", "nit": "24"}, "23": {"maxiter": 1000, "gtol": 1e-10, "xrtol": 1e-10, "eps": 1e-10, "duration": 0.044046640396118164, "fun": "0.5376144998293202", "jac": "[0. 0. 0. 0. 0. 0.]", "hess_inv": "[[ 8.98393776 -8.07157993  5.66981298 -0.21255891 -9.40042108  2.16331091]\n [-8.07157993 12.59070482 -5.78183656  0.02747076  7.44071993 -4.69296313]\n [ 5.66981298 -5.78183656  7.10675272 -0.01808992 -6.48332473  0.74280818]\n [-0.21255891  0.02747076 -0.01808992  0.21887892  0.05104135 -0.10530326]\n [-9.40042108  7.44071993 -6.48332473  0.05104135 13.53333632 -2.86268091]\n [ 2.16331091 -4.69296313  0.74280818 -0.10530326 -2.86268091  4.2719833 ]]", "nfev": "252", "njev": "36", "status": "0", "success": "True", "message": "Optimization terminated successfully.", "x": "[1.00196157 3.96035527 1.49252866 4.31561004 3.13642931 2.82327865]", "nit": "29"}}, "cobyla": {"0": {"maxiter": 100, "tol": 1e-05, "catol": 1e-05, "duration": 0.01671123504638672, "x": "[1.001914   3.96016887 1.49293471 4.3156674  3.13623737 2.82340683]", "status": "2", "success": "False", "message": "Maximum number of function evaluations has been exceeded.", "nfev": "100", "fun": "0.5376145120885008", "maxcv": "0.0"}, "1": {"maxiter": 100, "tol": 1e-05, "catol": 1e-10, "duration": 0.016614913940429688, "x": "[1.001914   3.96016887 1.49293471 4.3156674  3.13623737 2.82340683]", "status": "2", "success": "False", "message": "Maximum number of function evaluations has been exceeded.", "nfev": "100", "fun": "0.5376145120885008", "maxcv": "0.0"}, "2": {"maxiter": 100, "tol": 1e-10, "catol": 1e-05, "duration": 0.016607999801635742, "x": "[1.001914   3.96016887 1.49293471 4.3156674  3.13623737 2.82340683]", "status": "2", "success": "False", "message": "Maximum number of function evaluations has been exceeded.", "nfev": "100", "fun": "0.5376145120885008", "maxcv": "0.0"}, "3": {"maxiter": 100, "tol": 1e-10, "catol": 1e-10, "duration": 0.017403125762939453, "x": "[1.001914   3.96016887 1.49293471 4.3156674  3.13623737 2.82340683]", "status": "2", "success": "False", "message": "Maximum number of function evaluations has been exceeded.", "nfev": "100", "fun": "0.5376145120885008", "maxcv": "0.0"}, "4": {"maxiter": 500, "tol": 1e-05, "catol": 1e-05, "duration": 0.0249330997467041, "x": "[1.00196258 3.96035193 1.49252215 4.31561618 3.13643836 2.82328271]", "status": "1", "success": "True", "message": "Optimization terminated successfully.", "nfev": "148", "fun": "0.5376144998293462", "maxcv": "0.0"}, "5": {"maxiter": 500, "tol": 1e-05, "catol": 1e-10, "duration": 0.024965763092041016, "x": "[1.00196258 3.96035193 1.49252215 4.31561618 3.13643836 2.82328271]", "status": "1", "success": "True", "message": "Optimization terminated successfully.", "nfev": "148", "fun": "0.5376144998293462", "maxcv": "0.0"}, "6": {"maxiter": 500, "tol": 1e-10, "catol": 1e-05, "duration": 0.04214906692504883, "x": "[1.00196671 3.96035916 1.49252458 4.3156149  3.13644038 2.82328553]", "status": "1", "success": "True", "message": "Optimization terminated successfully.", "nfev": "251", "fun": "0.5376144998185912", "maxcv": "0.0"}, "7": {"maxiter": 500, "tol": 1e-10, "catol": 1e-10, "duration": 0.04183483123779297, "x": "[1.00196671 3.96035916 1.49252458 4.3156149  3.13644038 2.82328553]", "status": "1", "success": "True", "message": "Optimization terminated successfully.", "nfev": "251", "fun": "0.5376144998185912", "maxcv": "0.0"}, "8": {"maxiter": 1000, "tol": 1e-05, "catol": 1e-05, "duration": 0.025403261184692383, "x": "[1.00196258 3.96035193 1.49252215 4.31561618 3.13643836 2.82328271]", "status": "1", "success": "True", "message": "Optimization terminated successfully.", "nfev": "148", "fun": "0.5376144998293462", "maxcv": "0.0"}, "9": {"maxiter": 1000, "tol": 1e-05, "catol": 1e-10, "duration": 0.025074243545532227, "x": "[1.00196258 3.96035193 1.49252215 4.31561618 3.13643836 2.82328271]", "status": "1", "success": "True", "message": "Optimization terminated successfully.", "nfev": "148", "fun": "0.5376144998293462", "maxcv": "0.0"}, "10": {"maxiter": 1000, "tol": 1e-10, "catol": 1e-05, "duration": 0.042926788330078125, "x": "[1.00196671 3.96035916 1.49252458 4.315