{"date": "2024/07/19/, 10:53:50", "conf_id": 182, "data_type": "non_lin_ind\n", "num_data_points": 2, "s_rank": 0, "unitary": "[[0.18663085-0.53122324j,-0.11886349-0.70040876j,0.28555095-0.02789305j,-0.12262021-0.2844587j],[-0.16702216+0.27758472j,0.27526351-0.29738586j,-0.01109314+0.22495461j,-0.77239203+0.28900673j],[0.61935415+0.12301792j,-0.31269928-0.03315917j,-0.61902762-0.19039079j,-0.27120731-0.0968989j],[0.42341754+0.0023929j,-0.05847358+0.47832119j,0.64900495-0.16218422j,-0.37182676-0.05229966j]]", "databatch_0": {"databatch": "[[[0.07002944+0.21817968j,-0.06248161+0.16466537j,0.11034814+0.18182894j,0.11720059-0.12599485j],[0.04099594-0.06868749j,0.05755276-0.02162699j,0.02217039-0.07086187j,-0.06004841-0.00163001j],[-0.21974933-0.4099934j,0.0644415-0.35167897j,-0.28693943-0.32264207j,-0.18786548+0.29450815j],[-0.23670318+0.0147082j,-0.14928351-0.10460142j,-0.21050097+0.0644096j,0.09655933+0.14965001j]],[[0.10251425-0.00299801j,-0.06553502-0.32927334j,-0.16240884-0.02648414j,-0.07476649+0.04972208j],[-0.02443939-0.02616293j,-0.07113513+0.09314376j,0.03053624+0.04865563j,0.03027676+0.00811305j],[-0.20359483+0.04353737j,0.25146901+0.63346346j,0.33398737-0.00660906j,0.131075-0.12666854j],[-0.02309063+0.1036042j,0.34700669+0.01808289j,0.06791476-0.15618407j,-0.03084641-0.08766307j]]]", "initial param values": "[3.96337546,3.25915582,5.63671468,3.38904982,2.71615485,1.54478435]", "nelder_mead": {"type": "gradient-free", "0": {"maxiter": 100, "fatol": 1e-05, "xatol": 1e-05, "duration": 0.026440143585205078, "fun": "0.002563109080715442", "nit": "100", "nfev": "159", "status": "2", "success": "False", "message": "Maximum number of iterations has been exceeded.", "x": "[5.31768934 4.28587281 6.61153297 1.38100015 1.95978684 1.38009044]", "final_simplex": "(array([[5.31768934, 4.28587281, 6.61153297, 1.38100015, 1.95978684,\n        1.38009044],\n       [5.31363164, 4.28128732, 6.61001783, 1.38739368, 1.9418606 ,\n        1.38322149],\n       [5.30950408, 4.30041751, 6.59439827, 1.37115156, 1.96822   ,\n        1.37234866],\n       [5.30901312, 4.27215451, 6.61939118, 1.3706114 , 1.96263866,\n        1.38749007],\n       [5.30018272, 4.27809505, 6.60439175, 1.38053786, 1.9313636 ,\n        1.39621967],\n       [5.31696816, 4.28244885, 6.60119194, 1.36801594, 1.94317177,\n        1.39205994],\n       [5.30087708, 4.27449353, 6.58767261, 1.38095563, 1.95419818,\n        1.39092459]]), array([0.00256311, 0.00258476, 0.00260463, 0.00266891, 0.00268728,\n       0.00271233, 0.00275687]))"}, "1": {"maxiter": 100, "fatol": 1e-05, "xatol": 1e-10, "duration": 0.026318073272705078, "fun": "0.002563109080715442", "nit": "100", "nfev": "159", "status": "2", "success": "False", "message": "Maximum number of iterations has been exceeded.", "x": "[5.31768934 4.28587281 6.61153297 1.38100015 1.95978684 1.38009044]", "final_simplex": "(array([[5.31768934, 4.28587281, 6.61153297, 1.38100015, 1.95978684,\n        1.38009044],\n       [5.31363164, 4.28128732, 6.61001783, 1.38739368, 1.9418606 ,\n        1.38322149],\n       [5.30950408, 4.30041751, 6.59439827, 1.37115156, 1.96822   ,\n        1.37234866],\n       [5.30901312, 4.27215451, 6.61939118, 1.3706114 , 1.96263866,\n        1.38749007],\n       [5.30018272, 4.27809505, 6.60439175, 1.38053786, 1.9313636 ,\n        1.39621967],\n       [5.31696816, 4.28244885, 6.60119194, 1.36801594, 1.94317177,\n        1.39205994],\n       [5.30087708, 4.27449353, 6.58767261, 1.38095563, 1.95419818,\n        1.39092459]]), array([0.00256311, 0.00258476, 0.00260463, 0.00266891, 0.00268728,\n       0.00271233, 0.00275687]))"}, "2": {"maxiter": 100, "fatol": 1e-10, "xatol": 1e-05, "duration": 0.026282072067260742, "fun": "0.002563109080715442", "nit": "100", "nfev": "159", "status": "2", "success": "False", "message": "Maximum number of iterations has been exceeded.", "x": "[5.31768934 4.28587281 6.61153297 1.38100015 1.95978684 1.38009044]", "final_simplex": "(array([[5.31768934, 4.28587281, 6.61153297, 1.38100015, 1.95978684,\n        1.38009044],\n       [5.31363164, 4.28128732, 6.61001783, 1.38739368, 1.9418606 ,\n        1.38322149],\n       [5.30950408, 4.30041751, 6.59439827, 1.37115156, 1.96822   ,\n        1.37234866],\n       [5.30901312, 4.27215451, 6.61939118, 1.3706114 , 1.96263866,\n        1.38749007],\n       [5.30018272, 4.27809505, 6.60439175, 1.38053786, 1.9313636 ,\n        1.39621967],\n       [5.31696816, 4.28244885, 6.60119194, 1.36801594, 1.94317177,\n        1.39205994],\n       [5.30087708, 4.27449353, 6.58767261, 1.38095563, 1.95419818,\n        1.39092459]]), array([0.00256311, 0.00258476, 0.00260463, 0.00266891, 0.00268728,\n       0.00271233, 0.00275687]))"}, "3": {"maxiter": 100, "fatol": 1e-10, "xatol": 1e-10, "duration": 0.026283740997314453, "fun": "0.002563109080715442", "nit": "100", "nfev": "159", "status": "2", "success": "False", "message": "Maximum number of iterations has been exceeded.", "x": "[5.31768934 4.28587281 6.61153297 1.38100015 1.95978684 1.38009044]", "final_simplex": "(array([[5.31768934, 4.28587281, 6.61153297, 1.38100015, 1.95978684,\n        1.38009044],\n       [5.31363164, 4.28128732, 6.61001783, 1.38739368, 1.9418606 ,\n        1.38322149],\n       [5.30950408, 4.30041751, 6.59439827, 1.37115156, 1.96822   ,\n        1.37234866],\n       [5.30901312, 4.27215451, 6.61939118, 1.3706114 , 1.96263866,\n        1.38749007],\n       [5.30018272, 4.27809505, 6.60439175, 1.38053786, 1.9313636 ,\n        1.39621967],\n       [5.31696816, 4.28244885, 6.60119194, 1.36801594, 1.94317177,\n        1.39205994],\n       [5.30087708, 4.27449353, 6.58767261, 1.38095563, 1.95419818,\n        1.39092459]]), array([0.00256311, 0.00258476, 0.00260463, 0.00266891, 0.00268728,\n       0.00271233, 0.00275687]))"}, "4": {"maxiter": 500, "fatol": 1e-05, "xatol": 1e-05, "duration": 0.061157941818237305, "fun": "0.002450497816422703", "nit": "225", "nfev": "372", "status": "0", "success": "True", "message": "Optimization terminated successfully.", "x": "[5.30956387 4.30049895 6.6256269  1.38659258 1.963576   1.36482386]", "final_simplex": "(array([[5.30956387, 4.30049895, 6.6256269 , 1.38659258, 1.963576  ,\n        1.36482386],\n       [5.3095623 , 4.30050012, 6.62563029, 1.38659093, 1.96357376,\n        1.36482481],\n       [5.30956222, 4.3004984 , 6.62562861, 1.38659125, 1.96358485,\n        1.36482018],\n       [5.30956765, 4.30050567, 6.62562839, 1.38659133, 1.96358455,\n        1.3648181 ],\n       [5.30956785, 4.30050413, 6.62563106, 1.38658277, 1.96358042,\n        1.36482217],\n       [5.30956333, 4.30049451, 6.62562676, 1.38658825, 1.96358097,\n        1.36482755],\n       [5.30956027, 4.30050222, 6.62562034, 1.38658683, 1.96357739,\n        1.36482676]]), array([0.0024505, 0.0024505, 0.0024505, 0.0024505, 0.0024505, 0.0024505,\n       0.0024505]))"}, "5": {"maxiter": 500, "fatol": 1e-05, "xatol": 1e-10, "duration": 0.10002994537353516, "fun": "0.0024504978098671693", "nit": "337", "nfev": "611", "status": "0", "success": "True", "message": "Optimization terminated successfully.", "x": "[5.3095682  4.30050358 6.6256287  1.38658804 1.96357174 1.36482645]", "final_simplex": "(array([[5.3095682 , 4.30050358, 6.6256287 , 1.38658804, 1.96357174,\n        1.36482645],\n       [5.3095682 , 4.30050358, 6.6256287 , 1.38658804, 1.96357174,\n        1.36482645],\n       [5.3095682 , 4.30050358, 6.6256287 , 1.38658804, 1.96357174,\n        1.36482645],\n       [5.3095682 , 4.30050358, 6.6256287 , 1.38658804, 1.96357174,\n        1.36482645],\n       [5.3095682 , 4.30050358, 6.6256287 , 1.38658804, 1.96357174,\n        1.36482645],\n       [5.3095682 , 4.30050358, 6.6256287 , 1.38658804, 1.96357174,\n        1.36482645],\n       [5.3095682 , 4.30050358, 6.6256287 , 1.38658804, 1.96357174,\n        1.36482645]]), array([0.0024505, 0.0024505, 0.0024505, 0.0024505, 0.0024505, 0.0024505,\n       0.0024505]))"}, "6": {"maxiter": 500, "fatol": 1e-10, "xatol": 1e-05, "duration": 0.06104612350463867, "fun": "0.002450497816422703", "nit": "225", "nfev": "372", "status": "0", "success": "True", "message": "Optimization terminated successfully.", "x": "[5.30956387 4.30049895 6.6256269  1.38659258 1.963576   1.36482386]", "final_simplex": "(array([[5.30956387, 4.30049895, 6.6256269 , 1.38659258, 1.963576  ,\n        1.36482386],\n       [5.3095623 , 4.30050012, 6.62563029, 1.38659093, 1.96357376,\n        1.36482481],\n       [5.30956222, 4.3004984 , 6.62562861, 1.38659125, 1.96358485,\n        1.36482018],\n       [5.30956765, 4.30050567, 6.62562839, 1.38659133, 1.96358455,\n        1.3648181 ],\n       [5.30956785, 4.30050413, 6.62563106, 1.38658277, 1.96358042,\n        1.36482217],\n       [5.30956333, 4.30049451, 6.62562676, 1.38658825, 1.96358097,\n        1.36482755],\n       [5.30956027, 4.30050222, 6.62562034, 1.38658683, 1.96357739,\n        1.36482676]]), array([0.0024505, 0.0024505, 0.0024505, 0.0024505, 0.0024505, 0.0024505,\n       0.0024505]))"}, "7": {"maxiter": 500, "fatol": 1e-10, "xatol": 1e-10, "duration": 0.0999608039855957, "fun": "0.0024504978098671693", "nit": "337", "nfev": "611", "status": "0", "success": "True", "message": "Optimization terminated successfully.", "x": "[5.3095682  4.30050358 6.6256287  1.38658804 1.96357174 1.36482645]", "final_simplex": "(array([[5.3095682 , 4.30050358, 6.6256287 , 1.38658804, 1.96357174,\n        1.36482645],\n       [5.3095682 , 4.30050358, 6.6256287 , 1.38658804, 1.96357174,\n        1.36482645],\n       [5.3095682 , 4.30050358, 6.6256287 , 1.38658804, 1.96357174,\n        1.36482645],\n       [5.3095682 , 4.30050358, 6.6256287 , 1.38658804, 1.96357174,\n        1.36482645],\n       [5.3095682 , 4.30050358, 6.6256287 , 1.38658804, 1.96357174,\n        1.36482645],\n       [5.3095682 , 4.30050358, 6.6256287 , 1.38658804, 1.96357174,\n        1.36482645],\n       [5.3095682 , 4.30050358, 6.6256287 , 1.38658804, 1.96357174,\n        1.36482645]]), array([0.0024505, 0.0024505, 0.0024505, 0.0024505, 0.0024505, 0.0024505,\n       0.0024505]))"}, "8": {"maxiter": 1000, "fatol": 1e-05, "xatol": 1e-05, "duration": 0.061063289642333984, "fun": "0.002450497816422703", "nit": "225", "nfev": "372", "status": "0", "success": "True", "message": "Optimization terminated successfully.", "x": "[5.30956387 4.30049895 6.6256269  1.38659258 1.963576   1.36482386]", "final_simplex": "(array([[5.30956387, 4.30049895, 6.6256269 , 1.38659258, 1.963576  ,\n        1.36482386],\n       [5.3095623 , 4.30050012, 6.62563029, 1.38659093, 1.96357376,\n        1.36482481],\n       [5.30956222, 4.3004984 , 6.62562861, 1.38659125, 1.96358485,\n        1.36482018],\n       [5.30956765, 4.30050567, 6.62562839, 1.38659133, 1.96358455,\n        1.3648181 ],\n       [5.30956785, 4.30050413, 6.62563106, 1.38658277, 1.96358042,\n        1.36482217],\n       [5.30956333, 4.30049451, 6.62562676, 1.38658825, 1.96358097,\n        1.36482755],\n       [5.30956027, 4.30050222, 6.62562034, 1.38658683, 1.96357739,\n        1.36482676]]), array([0.0024505, 0.0024505, 0.0024505, 0.0024505, 0.0024505, 0.0024505,\n       0.0024505]))"}, "9": {"maxiter": 1000, "fatol": 1e-05, "xatol": 1e-10, "duration": 0.10080599784851074, "fun": "0.0024504978098671693", "nit": "337", "nfev": "611", "status": "0", "success": "True", "message": "Optimization terminated successfully.", "x": "[5.3095682  4.30050358 6.6256287  1.38658804 1.96357174 1.36482645]", "final_simplex": "(array([[5.3095682 , 4.30050358, 6.6256287 , 1.38658804, 1.96357174,\n        1.36482645],\n       [5.3095682 , 4.30050358, 6.6256287 , 1.38658804, 1.96357174,\n        1.36482645],\n       [5.3095682 , 4.30050358, 6.6256287 , 1.38658804, 1.96357174,\n        1.36482645],\n       [5.3095682 , 4.30050358, 6.6256287 , 1.38658804, 1.96357174,\n        1.36482645],\n       [5.3095682 , 4.30050358, 6.6256287 , 1.38658804, 1.96357174,\n        1.36482645],\n       [5.3095682 , 4.30050358, 6.6256287 , 1.38658804, 1.96357174,\n        1.36482645],\n       [5.3095682 , 4.30050358, 6.6256287 , 1.38658804, 1.96357174,\n        1.36482645]]), array([0.0024505, 0.0024505, 0.0024505, 0.0024505, 0.0024505, 0.0024505,\n       0.0024505]))"}, "10": {"maxiter": 1000, "fatol": 1e-10, "xatol": 1e-05, "duration": 0.06286811828613281, "fun": "0.002450497816422703", "nit": "225", "nfev": "372", "status": "0", "success": "True", "message": "Optimization terminated successfully.", "x": "[5.30956387 4.30049895 6.6256269  1.38659258 1.963576   1.36482386]", "final_simplex": "(array([[5.30956387, 4.30049895, 6.6256269 , 1.38659258, 1.963576  ,\n        1.36482386],\n       [5.3095623 , 4.30050012, 6.62563029, 1.38659093, 1.96357376,\n        1.36482481],\n       [5.30956222, 4.3004984 , 6.62562861, 1.38659125, 1.96358485,\n        1.36482018],\n       [5.30956765, 4.30050567, 6.62562839, 1.38659133, 1.96358455,\n        1.3648181 ],\n       [5.30956785, 4.30050413, 6.62563106, 1.38658277, 1.96358042,\n        1.36482217],\n       [5.30956333, 4.30049451, 6.62562676, 1.38658825, 1.96358097,\n        1.36482755],\n       [5.30956027, 4.30050222, 6.62562034, 1.38658683, 1.96357739,\n        1.36482676]]), array([0.0024505, 0.0024505, 0.0024505, 0.0024505, 0.0024505, 0.0024505,\n       0.0024505]))"}, "11": {"maxiter": 1000, "fatol": 1e-10, "xatol": 1e-10, "duration": 0.10359597206115723, "fun": "0.0024504978098671693", "nit": "337", "nfev": "611", "status": "0", "success": "True", "message": "Optimization terminated successfully.", "x": "[5.3095682  4.30050358 6.6256287  1.38658804 1.96357174 1.36482645]", "final_simplex": "(array([[5.3095682 , 4.30050358, 6.6256287 , 1.38658804, 1.96357174,\n        1.36482645],\n       [5.3095682 , 4.30050358, 6.6256287 , 1.38658804, 1.96357174,\n        1.36482645],\n       [5.3095682 , 4.30050358, 6.6256287 , 1.38658804, 1.96357174,\n        1.36482645],\n       [5.3095682 , 4.30050358, 6.6256287 , 1.38658804, 1.96357174,\n        1.36482645],\n       [5.3095682 , 4.30050358, 6.6256287 , 1.38658804, 1.96357174,\n        1.36482645],\n       [5.3095682 , 4.30050358, 6.6256287 , 1.38658804, 1.96357174,\n        1.36482645],\n       [5.3095682 , 4.30050358, 6.6256287 , 1.38658804, 1.96357174,\n        1.36482645]]), array([0.0024505, 0.0024505, 0.0024505, 0.0024505, 0.0024505, 0.0024505,\n       0.0024505]))"}}, "bfgs": {"type": "gradient", "0": {"maxiter": 100, "gtol": 1e-05, "xrtol": 1e-05, "eps": 1e-05, "duration": 0.021342039108276367, "fun": "0.0024504978410999634", "jac": "[-2.97251113e-07 -9.99911265e-07 -5.35937961e-07 -7.68940467e-07\n  9.86488669e-07  1.17810206e-06]", "hess_inv": "[[ 2.11451437 -0.19896448 -0.0676518  -0.75252667 -0.04368067 -0.35681008]\n [-0.19896448  3.7644655  -0.4686123   1.5285277   1.92171766 -0.92652913]\n [-0.0676518  -0.4686123   3.16295664  0.35521173 -0.63364458 -0.62870695]\n [-0.75252667  1.5285277   0.35521173  2.69396777  0.74836696 -0.37715473]\n [-0.04368067  1.92171766 -0.63364458  0.74836696  3.13873243  0.08381806]\n [-0.35681008 -0.92652913 -0.62870695 -0.37715473  0.08381806  2.59611419]]", "nfev": "119", "njev": "17", "status": "0", "success": "True", "message": "Optimization terminated successfully.", "x": "[5.18821324 3.07893446 6.20350862 1.86740759 2.93053603 0.34663932]", "nit": "15"}, "1": {"maxiter": 100, "gtol": 1e-05, "xrtol": 1e-05, "eps": 1e-10, "duration": 0.021382808685302734, "fun": "0.002450497878981328", "jac": "[ 2.22044587e-06  1.11022293e-06 -1.11022293e-06  0.00000000e+00\n  1.11022293e-06  3.33066880e-06]", "hess_inv": "[[ 2.14362896 -0.34110375 -0.0536263  -0.79932935 -0.17498159 -0.30788954]\n [-0.34110375  3.56949962 -0.20219596  1.56810921  1.80832269 -0.86604846]\n [-0.0536263  -0.20219596  2.95812158  0.36844985 -0.37917137 -0.64251771]\n [-0.79932935  1.56810921  0.36844985  2.68906349  0.75508771 -0.43572886]\n [-0.17498159  1.80832269 -0.37917137  0.75508771  2.94483761 -0.10304498]\n [-0.30788954 -0.86604846 -0.64251771 -0.43572886 -0.10304498  2.26072434]]", "nfev": "119", "njev": "17", "status": "0", "success": "True", "message": "Optimization terminated successfully.", "x": "[5.18822339 3.07894636 6.20350779 1.86741794 2.93055733 0.346645  ]", "nit": "15"}, "2": {"maxiter": 100, "gtol": 1e-05, "xrtol": 1e-10, "eps": 1e-05, "duration": 0.021394968032836914, "fun": "0.0024504978410999634", "jac": "[-2.97251113e-07 -9.99911265e-07 -5.35937961e-07 -7.68940467e-07\n  9.86488669e-07  1.17810206e-06]", "hess_inv": "[[ 2.11451437 -0.19896448 -0.0676518  -0.75252667 -0.04368067 -0.35681008]\n [-0.19896448  3.7644655  -0.4686123   1.5285277   1.92171766 -0.92652913]\n [-0.0676518  -0.4686123   3.16295664  0.35521173 -0.63364458 -0.62870695]\n [-0.75252667  1.5285277   0.35521173  2.69396777  0.74836696 -0.37715473]\n [-0.04368067  1.92171766 -0.63364458  0.74836696  3.13873243  0.08381806]\n [-0.35681008 -0.92652913 -0.62870695 -0.37715473  0.08381806  2.59611419]]", "nfev": "119", "njev": "17", "status": "0", "success": "True", "message": "Optimization terminated successfully.", "x": "[5.18821324 3.07893446 6.20350862 1.86740759 2.93053603 0.34663932]", "nit": "15"}, "3": {"maxiter": 100, "gtol": 1e-05, "xrtol": 1e-10, "eps": 1e-10, "duration": 0.02144622802734375, "fun": "0.002450497878981328", "jac": "[ 2.22044587e-06  1.11022293e-06 -1.11022293e-06  0.00000000e+00\n  1.11022293e-06  3.33066880e-06]", "hess_inv": "[[ 2.14362896 -0.34110375 -0.0536263  -0.79932935 -0.17498159 -0.30788954]\n [-0.34110375  3.56949962 -0.20219596  1.56810921  1.80832269 -0.86604846]\n [-0.0536263  -0.20219596  2.95812158  0.36844985 -0.37917137 -0.64251771]\n [-0.79932935  1.56810921  0.36844985  2.68906349  0.75508771 -0.43572886]\n [-0.17498159  1.80832269 -0.37917137  0.75508771  2.94483761 -0.10304498]\n [-0.30788954 -0.86604846 -0.64251771 -0.43572886 -0.10304498  2.26072434]]", "nfev": "119", "njev": "17", "status": "0", "success": "True", "message": "Optimization terminated successfully.", "x": "[5.18822339 3.07894636 6.20350779 1.86741794 2.93055733 0.346645  ]", "nit": "15"}, "4": {"maxiter": 100, "gtol": 1e-10, "xrtol": 1e-05, "eps": 1e-05, "duration": 0.021291017532348633, "fun": "0.0024504978410999634", "jac": "[-2.97251113e-07 -9.99911265e-07 -5.35937961e-07 -7.68940467e-07\n  9.86488669e-07  1.17810206e-06]", "hess_inv": "[[ 2.11451437 -0.19896448 -0.0676518  -0.75252667 -0.04368067 -0.35681008]\n [-0.19896448  3.7644655  -0.4686123   1.5285277   1.92171766 -0.92652913]\n [-0.0676518  -0.4686123   3.16295664  0.35521173 -0.63364458 -0.62870695]\n [-0.75252667  1.5285277   0.35521173  2.69396777  0.74836696 -0.37715473]\n [-0.04368067  1.92171766 -0.63364458  0.74836696  3.13873243  0.08381806]\n [-0.35681008 -0.92652913 -0.62870695 -0.37715473  0.08381806  2.59611419]]", "nfev": "119", "njev": "17", "status": "0", "success": "True", "message": "Optimization terminated successfully.", "x": "[5.18821324 3.07893446 6.20350862 1.86740759 2.93053603 0.34663932]", "nit": "15"}, "5": {"maxiter": 100, "gtol": 1e-10, "xrtol": 1e-05, "eps": 1e-10, "duration": 0.02023005485534668, "fun": "0.002450497878981328", "jac": "[ 2.22044587e-06  1.11022293e-06 -1.11022293e-06  0.00000000e+00\n  1.11022293e-06  3.33066880e-06]", "hess_inv": "[[ 2.14362896 -0.34110375 -0.0536263  -0.79932935 -0.17498159 -0.30788954]\n [-0.34110375  3.56949962 -0.20219596  1.56810921  1.80832269 -0.86604846]\n [-0.0536263  -0.20219596  2.95812158  0.36844985 -0.37917137 -0.64251771]\n [-0.79932935  1.56810921  0.36844985  2.68906349  0.75508771 -0.43572886]\n [-0.17498159  1.80832269 -0.37917137  0.75508771  2.94483761 -0.10304498]\n [-0.30788954 -0.86604846 -0.64251771 -0.43572886 -0.10304498  2.26072434]]", "nfev": "119", "njev": "17", "status": "0", "success": "True", "message": "Optimization terminated successfully.", "x": "[5.18822339 3.07894636 6.20350779 1.86741794 2.93055733 0.346645  ]", "nit": "15"}, "6": {"maxiter": 100, "gtol": 1e-10, "xrtol": 1e-10, "eps": 1e-05, "duration": 0.05522584915161133, "fun": "0.002450497822515274", "jac": "[ 1.39110945e-07  6.18283202e-07  3.43913786e-07  6.67021993e-07\n  4.87387908e-07 -5.98532335e-07]", "hess_inv": "[[   6.46356465  -46.56717992  -16.89167131   29.11368565   23.02546004\n   -25.8000294 ]\n [ -46.56717992  497.60815119  178.96913752 -318.16548403 -245.30785049\n   271.2429858 ]\n [ -16.89167131  178.96913752   68.36155637 -115.41713249  -90.21377955\n    97.9076646 ]\n [  29.11368565 -318.16548403 -115.41713249  205.95123115  157.64728133\n  -173.610419  ]\n [  23.02546004 -245.30785049  -90.21377955  157.64728133  124.38600033\n  -133.56441272]\n [ -25.8000294   271.2429858    97.9076646  -173.610419   -133.56441272\n   150.28168836]]", "nfev": "327", "njev": "45", "status": "2", "success": "False", "message": "Desired error not necessarily achieved due to precision loss.", "x": "[5.18821056 3.07897387 6.20352449 1.86739357 2.93052067 0.34664876]", "nit": "22"}, "7": {"maxiter": 100, "gtol": 1e-10, "xrtol": 1e-10, "eps": 1e-10, "duration": 0.03581404685974121, "fun": "0.002450497813082708", "jac": "[-1.11022293e-06  1.11022293e-06 -2.22044587e-06 -1.11022293e-06\n -3.33066880e-06 -1.11022293e-06]", "hess_inv": "[[ 18.96987709 -16.28505673 -36.71407499   3.87774152  24.3617758\n   40.41659546]\n [-16.28505673  14.46388486  31.37411663  -3.25818319 -20.59763414\n  -34.72822399]\n [-36.71407499  31.37411663  74.60117273  -9.02267223 -48.31668118\n  -79.06190396]\n [  3.87774152  -3.25818319  -9.02267223   1.71021889   5.23956749\n    9.09781357]\n [ 24.3617758  -20.59763414 -48.31668118   5.23956749  33.20798271\n   52.27709746]\n [ 40.41659546 -34.72822399 -79.06190396   9.09781357  52.27709746\n   87.6562328 ]]", "nfev": "210", "njev": "30", "status": "0", "success": "True", "message": "Optimization terminated successfully.", "x": "[5.18821833 3.07894534 6.20351597 1.86742106 2.93054529 0.34663194]", "nit": "21"}, "8": {"maxiter": 500, "gtol": 1e-05, "xrtol": 1e-05, "eps": 1e-05, "duration": 0.020395994186401367, "fun": "0.0024504978410999634", "jac": "[-2.97251113e-07 -9.99911265e-07 -5.35937961e-07 -7.68940467e-07\n  9.86488669e-07  1.17810206e-06]", "hess_inv": "[[ 2.11451437 -0.19896448 -0.0676518  -0.75252667 -0.04368067 -0.35681008]\n [-0.19896448  3.7644655  -0.4686123   1.5285277   1.92171766 -0.92652913]\n [-0.0676518  -0.4686123   3.16295664  0.35521173 -0.63364458 -0.62870695]\n [-0.75252667  1.5285277   0.35521173  2.69396777  0.74836696 -0.37715473]\n [-0.04368067  1.92171766 -0.63364458  0.74836696  3.13873243  0.08381806]\n [-0.35681008 -0.92652913 -0.62870695 -0.37715473  0.08381806  2.59611419]]", "nfev": "119", "njev": "17", "status": "0", "success": "True", "message": "Optimization terminated successfully.", "x": "[5.18821324 3.07893446 6.20350862 1.86740759 2.93053603 0.34663932]", "nit": "15"}, "9": {"maxiter": 500, "gtol": 1e-05, "xrtol": 1e-05, "eps": 1e-10, "duration": 0.020411014556884766, "fun": "0.002450497878981328", "jac": "[ 2.22044587e-06  1.11022293e-06 -1.11022293e-06  0.00000000e+00\n  1.11022293e-06  3.33066880e-06]", "hess_inv": "[[ 2.14362896 -0.34110375 -0.0536263  -0.79932935 -0.17498159 -0.30788954]\n [-0.34110375  3.56949962 -0.20219596  1.56810921  1.80832269 -0.86604846]\n [-0.0536263  -0.20219596  2.95812158  0.36844985 -0.37917137 -0.64251771]\n [-0.79932935  1.56810921  0.36844985  2.68906349  0.75508771 -0.43572886]\n [-0.17498159  1.80832269 -0.37917137  0.75508771  2.94483761 -0.10304498]\n [-0.30788954 -0.86604846 -0.64251771 -0.43572886 -0.10304498  2.26072434]]", "nfev": "119", "njev": "17", "status": "0", "success": "True", "message": "Optimization terminated successfully.", "x": "[5.18822339 3.07894636 6.20350779 1.86741794 2.93055733 0.346645  ]", "nit": "15"}, "10": {"maxiter": 500, "gtol": 1e-05, "xrtol": 1e-10, "eps": 1e-05, "duration": 0.020383834838867188, "fun": "0.0024504978410999634", "jac": "[-2.97251113e-07 -9.99911265e-07 -5.35937961e-07 -7.68940467e-07\n  9.86488669e-07  1.17810206e-06]", "hess_inv": "[[ 2.11451437 -0.19896448 -0.0676518  -0.75252667 -0.04368067 -0.35681008]\n [-0.19896448  3.7644655  -0.4686123   1.5285277   1.92171766 -0.92652913]\n [-0.0676518  -0.4686123   3.16295664  0.35521173 -0.63364458 -0.62870695]\n [-0.75252667  1.5285277   0.35521173  2.69396777  0.74836696 -0.37715473]\n [-0.04368067  1.92171766 -0.63364458  0.74836696  3.13873243  0.08381806]\n [-0.35681008 -0.92652913 -0.62870695 -0.37715473  0.08381806  2.59611419]]", "nfev": "119", "njev": "17", "status": "0", "success": "True", "message": "Optimization terminated successfully.", "x": "[5.18821324 3.07893446 6.20350862 1.86740759 2.93053603 0.34663932]", "nit": "15"}, "11": {"maxiter": 500, "gtol": 1e-05, "xrtol": 1e-10, "eps": 1e-10, "duration": 0.02036881446838379, "fun": "0.002450497878981328", "jac": "[ 2.22044587e-06  1.11022293e-06 -1.11022293e-06  0.00000000e+00\n  1.11022293e-06  3.33066880e-06]", "hess_inv": "[[ 2.14362896 -0.34110375 -0.0536263  -0.79932935 -0.17498159 -0.30788954]\n [-0.34110375  3.56949962 -0.20219596  1.56810921  1.80832269 -0.86604846]\n [-0.0536263  -0.20219596  2.95812158  0.36844985 -0.37917137 -0.64251771]\n [-0.79932935  1.56810921  0.36844985  2.68906349  0.75508771 -0.43572886]\n [-0.17498159  1.80832269 -0.37917137  0.75508771  2.94483761 -0.10304498]\n [-0.30788954 -0.86604846 -0.64251771 -0.43572886 -0.10304498  2.26072434]]", "nfev": "119", "njev": "17", "status": "0", "success": "True", "message": "Optimization terminated successfully.", "x": "[5.18822339 3.07894636 6.20350779 1.86741794 2.93055733 0.346645  ]", "nit": "15"}, "12": {"maxiter": 500, "gtol": 1e-10, "xrtol": 1e-05, "eps": 1e-05, "duration": 0.02037501335144043, "fun": "0.0024504978410999634", "jac": "[-2.97251113e-07 -9.99911265e-07 -5.35937961e-07 -7.68940467e-07\n  9.86488669e-07  1.17810206e-06]", "hess_inv": "[[ 2.11451437 -0.19896448 -0.0676518  -0.75252667 -0.04368067 -0.35681008]\n [-0.19896448  3.7644655  -0.4686123   1.5285277   1.92171766 -0.92652913]\n [-0.0676518  -0.4686123   3.16295664  0.35521173 -0.63364458 -0.62870695]\n [-0.75252667  1.5285277   0.35521173  2.69396777  0.74836696 -0.37715473]\n [-0.04368067  1.92171766 -0.63364458  0.74836696  3.13873243  0.08381806]\n [-0.35681008 -0.92652913 -0.62870695 -0.37715473  0.08381806  2.59611419]]", "nfev": "119", "njev": "17", "status": "0", "success": "True", "message": "Optimization terminated successfully.", "x": "[5.18821324 3.07893446 6.20350862 1.86740759 2.93053603 0.34663932]", "nit": "15"}, "13": {"maxiter": 500, "gtol": 1e-10, "xrtol": 1e-05, "eps": 1e-10, "duration": 0.02036309242248535, "fun": "0.002450497878981328", "jac": "[ 2.22044587e-06  1.11022293e-06 -1.11022293e-06  0.00000000e+00\n  1.11022293e-06  3.33066880e-06]", "hess_inv": "[[ 2.14362896 -0.34110375 -0.0536263  -0.79932935 -0.17498159 -0.30788954]\n [-0.34110375  3.56949962 -0.20219596  1.56810921  1.80832269 -0.86604846]\n [-0.0536263  -0.20219596  2.95812158  0.36844985 -0.37917137 -0.64251771]\n [-0.79932935  1.56810921  0.36844985  2.68906349  0.75508771 -0.43572886]\n [-0.17498159  1.80832269 -0.37917137  0.75508771  2.94483761 -0.10304498]\n [-0.30788954 -0.86604846 -0.64251771 -0.43572886 -0.10304498  2.26072434]]", "nfev": "119", "njev": "17", "status": "0", "success": "True", "message": "Optimization terminated successfully.", "x": "[5.18822339 3.07894636 6.20350779 1.86741794 2.93055733 0.346645  ]", "nit": "15"}, "14": {"maxiter": 500, "gtol": 1e-10, "xrtol": 1e-10, "eps": 1e-05, "duration": 0.05539083480834961, "fun": "0.002450497822515274", "jac": "[ 1.39110945e-07  6.18283202e-07  3.43913786e-07  6.67021993e-07\n  4.87387908e-07 -5.98532335e-07]", "hess_inv": "[[   6.46356465  -46.56717992  -16.89167131   29.11368565   23.02546004\n   -25.8000294 ]\n [ -46.56717992  497.60815119  178.96913752 -318.16548403 -245.30785049\n   271.2429858 ]\n [ -16.89167131  178.96913752   68.36155637 -115.41713249  -90.21377955\n    97.9076646 ]\n [  29.11368565 -318.16548403 -115.41713249  205.95123115  157.64728133\n  -173.610419  ]\n [  23.02546004 -245.30785049  -90.21377955  157.64728133  124.38600033\n  -133.56441272]\n [ -25.8000294   271.2429858    97.9076646  -173.610419   -133.56441272\n   150.28168836]]", "nfev": "327", "njev": "45", "status": "2", "success": "False", "message": "Desired error not necessarily achieved due to precision loss.", "x": "[5.18821056 3.07897387 6.20352449 1.86739357 2.93052067 0.34664876]", "nit": "22"}, "15": {"maxiter": 500, "gtol": 1e-10, "xrtol": 1e-10, "eps": 1e-10, "duration": 0.035748958587646484, "fun": "0.002450497813082708", "jac": "[-1.11022293e-06  1.11022293e-06 -2.22044587e-06 -1.11022293e-06\n -3.33066880e-06 -1.11022293e-06]", "hess_inv": "[[ 18.96987709 -16.28505673 -36.71407499   3.87774152  24.3617758\n   40.41659546]\n [-16.28505673  14.46388486  31.37411663  -3.25818319 -20.59763414\n  -34.72822399]\n [-36.71407499  31.37411663  74.60117273  -9.02267223 -48.31668118\n  -79.06190396]\n [  3.87774152  -3.25818319  -9.02267223   1.71021889   5.23956749\n    9.09781357]\n [ 24.3617758  -20.59763414 -48.31668118   5.23956749  33.20798271\n   52.27709746]\n [ 40.41659546 -34.72822399 -79.06190396   9.09781357  52.27709746\n   87.6562328 ]]", "nfev": "210", "njev": "30", "status": "0", "success": "True", "message": "Optimization terminated successfully.", "x": "[5.18821833 3.07894534 6.20351597 1.86742106 2.93054529 0.34663194]", "nit": "21"}, "16": {"maxiter": 1000, "gtol": 1e-05, "xrtol": 1e-05, "eps": 1e-05, "duration": 0.020412921905517578, "fun": "0.0024504978410999634", "jac": "[-2.97251113e-07 -9.99911265e-07 -5.35937961e-07 -7.68940467e-07\n  9.86488669e-07  1.17810206e-06]", "hess_inv": "[[ 2.11451437 -0.19896448 -0.0676518  -0.75252667 -0.04368067 -0.35681008]\n [-0.19896448  3.7644655  -0.4686123   1.5285277   1.92171766 -0.92652913]\n [-0.0676518  -0.4686123   3.16295664  0.35521173 -0.63364458 -0.62870695]\n [-0.75252667  1.5285277   0.35521173  2.69396777  0.74836696 -0.37715473]\n [-0.04368067  1.92171766 -0.63364458  0.74836696  3.13873243  0.08381806]\n [-0.35681008 -0.92652913 -0.62870695 -0.37715473  0.08381806  2.59611419]]", "nfev": "119", "njev": "17", "status": "0", "success": "True", "message": "Optimization terminated successfully.", "x": "[5.18821324 3.07893446 6.20350862 1.86740759 2.93053603 0.34663932]", "nit": "15"}, "17": {"maxiter": 1000, "gtol": 1e-05, "xrtol": 1e-05, "eps": 1e-10, "duration": 0.02034783363342285, "fun": "0.002450497878981328", "jac": "[ 2.22044587e-06  1.11022293e-06 -1.11022293e-06  0.00000000e+00\n  1.11022293e-06  3.33066880e-06]", "hess_inv": "[[ 2.14362896 -0.34110375 -0.0536263  -0.79932935 -0.17498159 -0.30788954]\n [-0.34110375  3.56949962 -0.20219596  1.56810921  1.80832269 -0.86604846]\n [-0.0536263  -0.20219596  2.95812158  0.36844985 -0.37917137 -0.64251771]\n [-0.79932935  1.56810921  0.36844985  2.68906349  0.75508771 -0.43572886]\n [-0.17498159  1.80832269 -0.37917137  0.75508771  2.94483761 -0.10304498]\n [-0.30788954 -0.86604846 -0.64251771 -0.43572886 -0.10304498  2.26072434]]", "nfev": "119", "njev": "17", "status": "0", "success": "True", "message": "Optimization terminated successfully.", "x": "[5.18822339 3.07894636 6.20350779 1.86741794 2.93055733 0.346645  ]", "nit": "15"}, "18": {"maxiter": 1000, "gtol": 1e-05, "xrtol": 1e-10, "eps": 1e-05, "duration": 0.020366191864013672, "fun": "0.0024504978410999634", "jac": "[-2.97251113e-07 -9.99911265e-07 -5.35937961e-07 -7.68940467e-07\n  9.86488669e-07  1.17810206e-06]", "hess_inv": "[[ 2.11451437 -0.19896448 -0.0676518  -0.75252667 -0.04368067 -0.35681008]\n [-0.19896448  3.7644655  -0.4686123   1.5285277   1.92171766 -0.92652913]\n [-0.0676518  -0.4686123   3.16295664  0.35521173 -0.63364458 -0.62870695]\n [-0.75252667  1.5285277   0.35521173  2.69396777  0.74836696 -0.37715473]\n [-0.04368067  1.92171766 -0.63364458  0.74836696  3.13873243  0.08381806]\n [-0.35681008 -0.92652913 -0.62870695 -0.37715473  0.08381806  2.59611419]]", "nfev": "119", "njev": "17", "status": "0", "success": "True", "message": "Optimization terminated successfully.", "x": "[5.18821324 3.07893446 6.20350862 1.86740759 2.93053603 0.34663932]", "nit": "15"}, "19": {"maxiter": 1000, "gtol": 1e-05, "xrtol": 1e-10, "eps": 1e-10, "duration": 0.020373821258544922, "fun": "0.002450497878981328", "jac": "[ 2.22044587e-06  1.11022293e-06 -1.11022293e-06  0.00000000e+00\n  1.11022293e-06  3.33066880e-06]", "hess_inv": "[[ 2.14362896 -0.34110375 -0.0536263  -0.79932935 -0.17498159 -0.30788954]\n [-0.34110375  3.56949962 -0.20219596  1.56810921  1.80832269 -0.86604846]\n [-0.0536263  -0.20219596  2.95812158  0.36844985 -0.37917137 -0.64251771]\n [-0.79932935  1.56810921  0.36844985  2.68906349  0.75508771 -0.43572886]\n [-0.17498159  1.80832269 -0.37917137  0.75508771  2.94483761 -0.10304498]\n [-0.30788954 -0.86604846 -0.64251771 -0.43572886 -0.10304498  2.26072434]]", "nfev": "119", "njev": "17", "status": "0", "success": "True", "message": "Optimization terminated successfully.", "x": "[5.18822339 3.07894636 6.20350779 1.86741794 2.93055733 0.346645  ]", "nit": "15"}, "20": {"maxiter": 1000, "gtol": 1e-10, "xrtol": 1e-05, "eps": 1e-05, "duration": 0.020361900329589844, "fun": "0.0024504978410999634", "jac": "[-2.97251113e-07 -9.99911265e-07 -5.35937961e-07 -7.68940467e-07\n  9.86488669e-07  1.17810206e-06]", "hess_inv": "[[ 2.11451437 -0.19896448 -0.0676518  -0.75252667 -0.04368067 -0.35681008]\n [-0.19896448  3.7644655  -0.4686123   1.5285277   1.92171766 -0.92652913]\n [-0.0676518  -0.4686123   3.16295664  0.35521173 -0.63364458 -0.62870695]\n [-0.75252667  1.5285277   0.35521173  2.69396777  0.74836696 -0.37715473]\n [-0.04368067  1.92171766 -0.63364458  0.74836696  3.13873243  0.08381806]\n [-0.35681008 -0.92652913 -0.62870695 -0.37715473  0.08381806  2.59611419]]", "nfev": "119", "njev": "17", "status": "0", "success": "True", "message": "Optimization terminated successfully.", "x": "[5.18821324 3.07893446 6.20350862 1.86740759 2.93053603 0.34663932]", "nit": "15"}, "21": {"maxiter": 1000, "gtol": 1e-10, "xrtol": 1e-05, "eps": 1e-10, "duration": 0.020392179489135742, "fun": "0.002450497878981328", "jac": "[ 2.22044587e-06  1.11022293e-06 -1.11022293e-06  0.00000000e+00\n  1.11022293e-06  3.33066880e-06]", "hess_inv": "[[ 2.14362896 -0.34110375 -0.0536263  -0.79932935 -0.17498159 -0.30788954]\n [-0.34110375  3.56949962 -0.20219596  1.56810921  1.80832269 -0.86604846]\n [-0.0536263  -0.20219596  2.95812158  0.36844985 -0.37917137 -0.64251771]\n [-0.79932935  1.56810921  0.36844985  2.68906349  0.75508771 -0.43572886]\n [-0.17498159  1.80832269 -0.37917137  0.75508771  2.94483761 -0.10304498]\n [-0.30788954 -0.86604846 -0.64251771 -0.43572886 -0.10304498  2.26072434]]", "nfev": "119", "njev": "17", "status": "0", "success": "True", "message": "Optimization terminated successfully.", "x": "[5.18822339 3.07894636 6.20350779 1.86741794 2.93055733 0.346645  ]", "nit": "15"}, "22": {"maxiter": 1000, "gtol": 1e-10, "xrtol": 1e-10, "eps": 1e-05, "duration": 0.05538225173950195, "fun": "0.002450497822515274", "jac": "[ 1.39110945e-07  6.18283202e-07  3.43913786e-07  6.67021993e-07\n  4.87387908e-07 -5.98532335e-07]", "hess_inv": "[[   6.46356465  -46.56717992  -16.89167131   29.11368565   23.02546004\n   -25.8000294 ]\n [ -46.56717992  497.60815119  178.96913752 -318.16548403 -245.30785049\n   271.2429858 ]\n [ -16.89167131  178.96913752   68.36155637 -115.41713249  -90.21377955\n    97.9076646 ]\n [  29.11368565 -318.16548403 -115.41713249  205.95123115  157.64728133\n  -173.610419  ]\n [  23.02546004 -245.30785049  -90.21377955  157.64728133  124.38600033\n  -133.56441272]\n [ -25.8000294   271.2429858    97.9076646  -173.610419   -133.56441272\n   150.28168836]]", "nfev": "327", "njev": "45", "status": "2", "success": "False", "message": "Desired error not necessarily achieved due to precision loss.", "x": "[5.18821056 3.07897387 6.20352449 1.86739357 2.93052067 0.34664876]", "nit": "22"}, "23": {"maxiter": 1000, "gtol": 1e-10, "xrtol": 1e-10, "eps": 1e-10, "duration": 0.03569388389587402, "fun": "0.002450497813082708", "jac": "[-1.11022293e-06  1.11022293e-06 -2.22044587e-06 -1.11022293e-06\n -3.33066880e-06 -1.11022293e-06]", "hess_inv": "[[ 18.96987709 -16.28505673 -36.71407499   3.87774152  24.3617758\n   40.41659546]\n [-16.28505673  14.46388486  31.37411663  -3.25818319 -20.59763414\n  -34.72822399]\n [-36.71407499  31.37411663  74.60117273  -9.02267223 -48.31668118\n  -79.06190396]\n [  3.87774152  -3.25818319  -9.02267223   1.71021889   5.23956749\n    9.09781357]\n [ 24.3617758  -20.59763414 -48.31668118   5.23956749  33.20798271\n   52.27709746]\n [ 40.41659546 -34.72822399 -79.06190396   9.09781357  52.27709746\n   87.6562328 ]]", "nfev": "210", "njev": "30", "status": "0", "success": "True", "message": "Optimization terminated successfully.", "x": "[5.18821833 3.07894534 6.20351597 1.86742106 2.93054529 0.34663194]", "nit": "21"}}, "cobyla": {"0": {"maxiter": 100, "tol": 1e-05, "catol": 1e-05, "duration": 0.016309022903442383, "x": "[ 5.37446471  2.19684569  5.93282352  2.63715386  3.39161393 -0.08988564]", "status": "2", "success": "False", "message": "Maximum number of function evaluations has been exceeded.", "nfev": "100", "fun": "0.0028430288608713994", "maxcv": "0.0"}, "1": {"maxiter": 100, "tol": 1e-05, "catol": 1e-10, "duration": 0.016206026077270508, "x": "[ 5.37446471  2.19684569  5.93282352  2.63715386  3.39161393 -0.08988564]", "status": "2", "success": "False", "message": "Maximum number of function evaluations has been exceeded.", "nfev": "100", "fun": "0.0028430288608713994", "maxcv": "0.0"}, "2": {"maxiter": 100, "tol": 1e-10, "catol": 1e-05, "duration": 0.01587986946105957, "x": "[ 5.37446471  2.19684569  5.93282352  2.63715386  3.39161393 -0.08988564]", "status": "2", "success": "False", "message": "Maximum number of function evaluations has been exceeded.", "nfev": "100", "fun": "0.0028430288608713994", "maxcv": "0.0"}, "3": {"maxiter": 100, "tol": 1e-10, "catol": 1e-10, "duration": 0.015687942504882812, "x": "[ 5.37446471  2.19684569  5.93282352  2.63715386  3.39161393 -0.08988564]", "status": "2", "success": "False", "message": "Maximum number of function evaluations has been exceeded.", "nfev": "100", "fun": "0.0028430288608713994", "maxcv": "0.0"}, "4": {"maxiter": 500, "tol": 1e-05, "catol": 1e-05, "duration": 0.04633212089538574, "x": "[ 5.38973953  2.16162088  5.94800345  2.62749165  3.31157458 -0.15387489]", "status": "1", "success": "True", "message": "Optimization terminated successfully.", "nfev": "296", "fun": "0.0024504978889550166", "maxcv": "0.0"}, "5": {"maxiter": 500, "tol": 1e-05, "catol": 1e-10, "duration": 0.046301841735839844, "x": "[ 5.38973953  2.16162088  5.94800345  2.62749165  3.31157458 -0.15387489]", "status": "1", "success": "True", "message": "Optimization terminated successfully.", "nfev": "296", "fun": "0.0024504978889550166", "maxcv": "0.0"}, "6": {"maxiter": 500, "tol": 1e-10, "catol": 1e-05, "duration": 0.0661919116973877, "x": "[ 5.3897347   2.16162261  5.94800572  2.62748993  3.31154849 -0.15390972]", "status": "1", "success": "True", "message": "Optimization terminated successfully.", "nfev": "423", "fun": "0.0024504978098685015", "maxcv": "0.0"}, "7": {"maxiter": 500, "tol": 1e-10, "catol": 1e-10, "duration": 0.06665611267089844, "x": "[ 5.3897347   2.16162261  5.94800572  2.62748993  3.31154849 -0.15390972]", "status": "1", "success": "True", "message": "Optimization terminated successfully.", "nfev": "423", "fun": "0.0024504978098685015", "maxcv": "0.0"}, "8": {"maxiter": 1000, "tol": 1e-05, "catol": 1e-05, "duration": 0.04690718650817871, "x": "[ 5.38973953  2.16162088  5.94800345  2.62749165  3.31157458 -0.15387489]", "status": "1", "success": "True", "message": "Optimization terminated successfully.", "nfev": "296", "fun": "0.0024504978889550166", "maxcv": "0.0"}, "9": {"maxiter": 1000, "tol": 1e-05, "catol": 1e-10, "duration": 0.04792928695678711, "x": "[ 5.38973953  2.16162088  5.94800345  2.62749165  3.31157458 -0.15387489]", "