{"date": "2024/07/19/, 09:07:52", "conf_id": 174, "data_type": "non_lin_ind\n", "num_data_points": 1, "s_rank": 0, "unitary": "[[-0.24866696+0.58742286j,-0.44704345-0.43151574j,-0.35669027-0.20570733j,-0.10517633+0.1626036j],[0.10596805-0.19687975j,-0.30269685-0.15056416j,0.18246286+0.30440582j,-0.83484447-0.11310748j],[0.26054512-0.52548482j,0.0285017-0.50723956j,-0.43110112+0.17165838j,0.15243271+0.39915801j],[0.42978035+0.11991271j,-0.17224126-0.46030424j,0.6827807-0.15164662j,0.26483638+0.0061855j]]", "databatch_0": {"databatch": "[[[-0.19332097+0.03359699j,-0.03547386-0.12359211j,-0.08815567+0.24796774j,-0.02917893+0.16665943j],[0.22091474-0.08597772j,-0.0148666+0.03275502j,-0.03706039-0.16079825j,0.18949141-0.14592929j],[0.21359181+0.25209171j,-0.09522989+0.06759263j,0.36181116-0.29063604j,0.34141632-0.06580103j],[-0.37472299-0.07946572j,-0.02641176-0.13124654j,-0.0673961+0.25207499j,-0.11499948+0.01060066j]]]", "initial param values": "[0.86922307,0.60295625,5.35411917,3.86515295,2.99357069,0.53994325]", "nelder_mead": {"type": "gradient-free", "0": {"maxiter": 100, "fatol": 1e-05, "xatol": 1e-05, "duration": 0.025448083877563477, "fun": "0.23898361804332702", "nit": "100", "nfev": "152", "status": "2", "success": "False", "message": "Maximum number of iterations has been exceeded.", "x": "[-0.46208867  1.48244452  3.89294293  2.68499524  2.47485776  0.24971224]", "final_simplex": "(array([[-0.46208867,  1.48244452,  3.89294293,  2.68499524,  2.47485776,\n         0.24971224],\n       [-0.22680389,  1.39355288,  4.10791593,  2.64940178,  2.32807946,\n         0.29118801],\n       [-0.10277066,  1.30015755,  4.14977296,  2.43573192,  2.36131683,\n         0.35926869],\n       [-0.10976493,  1.24895562,  4.05043498,  2.54411638,  2.63704744,\n         0.36774904],\n       [-0.35955987,  1.41777015,  3.82801417,  2.72428206,  2.45931028,\n         0.29015438],\n       [-0.15742978,  1.28948636,  4.08444399,  2.7143462 ,  2.53622177,\n         0.34164133],\n       [ 0.18993976,  1.09283008,  4.24379236,  2.45500669,  2.57979348,\n         0.44096899]]), array([0.23898362, 0.24993253, 0.25465482, 0.25952547, 0.26014174,\n       0.26274285, 0.27075708]))"}, "1": {"maxiter": 100, "fatol": 1e-05, "xatol": 1e-10, "duration": 0.025321006774902344, "fun": "0.23898361804332702", "nit": "100", "nfev": "152", "status": "2", "success": "False", "message": "Maximum number of iterations has been exceeded.", "x": "[-0.46208867  1.48244452  3.89294293  2.68499524  2.47485776  0.24971224]", "final_simplex": "(array([[-0.46208867,  1.48244452,  3.89294293,  2.68499524,  2.47485776,\n         0.24971224],\n       [-0.22680389,  1.39355288,  4.10791593,  2.64940178,  2.32807946,\n         0.29118801],\n       [-0.10277066,  1.30015755,  4.14977296,  2.43573192,  2.36131683,\n         0.35926869],\n       [-0.10976493,  1.24895562,  4.05043498,  2.54411638,  2.63704744,\n         0.36774904],\n       [-0.35955987,  1.41777015,  3.82801417,  2.72428206,  2.45931028,\n         0.29015438],\n       [-0.15742978,  1.28948636,  4.08444399,  2.7143462 ,  2.53622177,\n         0.34164133],\n       [ 0.18993976,  1.09283008,  4.24379236,  2.45500669,  2.57979348,\n         0.44096899]]), array([0.23898362, 0.24993253, 0.25465482, 0.25952547, 0.26014174,\n       0.26274285, 0.27075708]))"}, "2": {"maxiter": 100, "fatol": 1e-10, "xatol": 1e-05, "duration": 0.025303125381469727, "fun": "0.23898361804332702", "nit": "100", "nfev": "152", "status": "2", "success": "False", "message": "Maximum number of iterations has been exceeded.", "x": "[-0.46208867  1.48244452  3.89294293  2.68499524  2.47485776  0.24971224]", "final_simplex": "(array([[-0.46208867,  1.48244452,  3.89294293,  2.68499524,  2.47485776,\n         0.24971224],\n       [-0.22680389,  1.39355288,  4.10791593,  2.64940178,  2.32807946,\n         0.29118801],\n       [-0.10277066,  1.30015755,  4.14977296,  2.43573192,  2.36131683,\n         0.35926869],\n       [-0.10976493,  1.24895562,  4.05043498,  2.54411638,  2.63704744,\n         0.36774904],\n       [-0.35955987,  1.41777015,  3.82801417,  2.72428206,  2.45931028,\n         0.29015438],\n       [-0.15742978,  1.28948636,  4.08444399,  2.7143462 ,  2.53622177,\n         0.34164133],\n       [ 0.18993976,  1.09283008,  4.24379236,  2.45500669,  2.57979348,\n         0.44096899]]), array([0.23898362, 0.24993253, 0.25465482, 0.25952547, 0.26014174,\n       0.26274285, 0.27075708]))"}, "3": {"maxiter": 100, "fatol": 1e-10, "xatol": 1e-10, "duration": 0.025283098220825195, "fun": "0.23898361804332702", "nit": "100", "nfev": "152", "status": "2", "success": "False", "message": "Maximum number of iterations has been exceeded.", "x": "[-0.46208867  1.48244452  3.89294293  2.68499524  2.47485776  0.24971224]", "final_simplex": "(array([[-0.46208867,  1.48244452,  3.89294293,  2.68499524,  2.47485776,\n         0.24971224],\n       [-0.22680389,  1.39355288,  4.10791593,  2.64940178,  2.32807946,\n         0.29118801],\n       [-0.10277066,  1.30015755,  4.14977296,  2.43573192,  2.36131683,\n         0.35926869],\n       [-0.10976493,  1.24895562,  4.05043498,  2.54411638,  2.63704744,\n         0.36774904],\n       [-0.35955987,  1.41777015,  3.82801417,  2.72428206,  2.45931028,\n         0.29015438],\n       [-0.15742978,  1.28948636,  4.08444399,  2.7143462 ,  2.53622177,\n         0.34164133],\n       [ 0.18993976,  1.09283008,  4.24379236,  2.45500669,  2.57979348,\n         0.44096899]]), array([0.23898362, 0.24993253, 0.25465482, 0.25952547, 0.26014174,\n       0.26274285, 0.27075708]))"}, "4": {"maxiter": 500, "fatol": 1e-05, "xatol": 1e-05, "duration": 0.12876391410827637, "fun": "0.16589195865960826", "nit": "500", "nfev": "779", "status": "2", "success": "False", "message": "Maximum number of iterations has been exceeded.", "x": "[-0.4214776   2.87659863  2.43016076  1.76787503  1.55635136 -0.48637938]", "final_simplex": "(array([[-0.4214776 ,  2.87659863,  2.43016076,  1.76787503,  1.55635136,\n        -0.48637938],\n       [-0.42150594,  2.87641899,  2.43046717,  1.76801275,  1.55647221,\n        -0.48629525],\n       [-0.4213917 ,  2.87637087,  2.43043253,  1.76797946,  1.55635262,\n        -0.4863412 ],\n       [-0.42149752,  2.87702131,  2.42979853,  1.76795839,  1.5563363 ,\n        -0.48630413],\n       [-0.42148095,  2.8767061 ,  2.43009167,  1.76800564,  1.55655161,\n        -0.48621497],\n       [-0.42155089,  2.87662532,  2.43019944,  1.76799398,  1.55634563,\n        -0.48623552],\n       [-0.42150125,  2.87620153,  2.43055682,  1.76812663,  1.55655433,\n        -0.48622845]]), array([0.16589196, 0.16589196, 0.16589196, 0.16589196, 0.16589196,\n       0.16589196, 0.16589196]))"}, "5": {"maxiter": 500, "fatol": 1e-05, "xatol": 1e-10, "duration": 0.12934517860412598, "fun": "0.16589195865960826", "nit": "500", "nfev": "779", "status": "2", "success": "False", "message": "Maximum number of iterations has been exceeded.", "x": "[-0.4214776   2.87659863  2.43016076  1.76787503  1.55635136 -0.48637938]", "final_simplex": "(array([[-0.4214776 ,  2.87659863,  2.43016076,  1.76787503,  1.55635136,\n        -0.48637938],\n       [-0.42150594,  2.87641899,  2.43046717,  1.76801275,  1.55647221,\n        -0.48629525],\n       [-0.4213917 ,  2.87637087,  2.43043253,  1.76797946,  1.55635262,\n        -0.4863412 ],\n       [-0.42149752,  2.87702131,  2.42979853,  1.76795839,  1.5563363 ,\n        -0.48630413],\n       [-0.42148095,  2.8767061 ,  2.43009167,  1.76800564,  1.55655161,\n        -0.48621497],\n       [-0.42155089,  2.87662532,  2.43019944,  1.76799398,  1.55634563,\n        -0.48623552],\n       [-0.42150125,  2.87620153,  2.43055682,  1.76812663,  1.55655433,\n        -0.48622845]]), array([0.16589196, 0.16589196, 0.16589196, 0.16589196, 0.16589196,\n       0.16589196, 0.16589196]))"}, "6": {"maxiter": 500, "fatol": 1e-10, "xatol": 1e-05, "duration": 0.12919402122497559, "fun": "0.16589195865960826", "nit": "500", "nfev": "779", "status": "2", "success": "False", "message": "Maximum number of iterations has been exceeded.", "x": "[-0.4214776   2.87659863  2.43016076  1.76787503  1.55635136 -0.48637938]", "final_simplex": "(array([[-0.4214776 ,  2.87659863,  2.43016076,  1.76787503,  1.55635136,\n        -0.48637938],\n       [-0.42150594,  2.87641899,  2.43046717,  1.76801275,  1.55647221,\n        -0.48629525],\n       [-0.4213917 ,  2.87637087,  2.43043253,  1.76797946,  1.55635262,\n        -0.4863412 ],\n       [-0.42149752,  2.87702131,  2.42979853,  1.76795839,  1.5563363 ,\n        -0.48630413],\n       [-0.42148095,  2.8767061 ,  2.43009167,  1.76800564,  1.55655161,\n        -0.48621497],\n       [-0.42155089,  2.87662532,  2.43019944,  1.76799398,  1.55634563,\n        -0.48623552],\n       [-0.42150125,  2.87620153,  2.43055682,  1.76812663,  1.55655433,\n        -0.48622845]]), array([0.16589196, 0.16589196, 0.16589196, 0.16589196, 0.16589196,\n       0.16589196, 0.16589196]))"}, "7": {"maxiter": 500, "fatol": 1e-10, "xatol": 1e-10, "duration": 0.1285560131072998, "fun": "0.16589195865960826", "nit": "500", "nfev": "779", "status": "2", "success": "False", "message": "Maximum number of iterations has been exceeded.", "x": "[-0.4214776   2.87659863  2.43016076  1.76787503  1.55635136 -0.48637938]", "final_simplex": "(array([[-0.4214776 ,  2.87659863,  2.43016076,  1.76787503,  1.55635136,\n        -0.48637938],\n       [-0.42150594,  2.87641899,  2.43046717,  1.76801275,  1.55647221,\n        -0.48629525],\n       [-0.4213917 ,  2.87637087,  2.43043253,  1.76797946,  1.55635262,\n        -0.4863412 ],\n       [-0.42149752,  2.87702131,  2.42979853,  1.76795839,  1.5563363 ,\n        -0.48630413],\n       [-0.42148095,  2.8767061 ,  2.43009167,  1.76800564,  1.55655161,\n        -0.48621497],\n       [-0.42155089,  2.87662532,  2.43019944,  1.76799398,  1.55634563,\n        -0.48623552],\n       [-0.42150125,  2.87620153,  2.43055682,  1.76812663,  1.55655433,\n        -0.48622845]]), array([0.16589196, 0.16589196, 0.16589196, 0.16589196, 0.16589196,\n       0.16589196, 0.16589196]))"}, "8": {"maxiter": 1000, "fatol": 1e-05, "xatol": 1e-05, "duration": 0.14934277534484863, "fun": "0.16589195727481454", "nit": "574", "nfev": "903", "status": "0", "success": "True", "message": "Optimization terminated successfully.", "x": "[-0.42148562  2.87639386  2.43043018  1.76796485  1.55643193 -0.48626908]", "final_simplex": "(array([[-0.42148562,  2.87639386,  2.43043018,  1.76796485,  1.55643193,\n        -0.48626908],\n       [-0.42148524,  2.87640214,  2.43042204,  1.76796505,  1.55643149,\n        -0.48626891],\n       [-0.42148474,  2.87639317,  2.43043217,  1.76796709,  1.55643256,\n        -0.48626795],\n       [-0.4214847 ,  2.87639701,  2.43042815,  1.76796413,  1.55642992,\n        -0.48626996],\n       [-0.42148482,  2.87639459,  2.43043009,  1.76796606,  1.55643145,\n        -0.48626963],\n       [-0.42148399,  2.87639519,  2.43042913,  1.76796569,  1.55643206,\n        -0.48626973],\n       [-0.42148512,  2.87639511,  2.43042865,  1.76796601,  1.55643208,\n        -0.48626807]]), array([0.16589196, 0.16589196, 0.16589196, 0.16589196, 0.16589196,\n       0.16589196, 0.16589196]))"}, "9": {"maxiter": 1000, "fatol": 1e-05, "xatol": 1e-10, "duration": 0.1815040111541748, "fun": "0.1658919572746279", "nit": "649", "nfev": "1100", "status": "0", "success": "True", "message": "Optimization terminated successfully.", "x": "[-0.42148512  2.87639746  2.43042691  1.76796471  1.55643151 -0.48626892]", "final_simplex": "(array([[-0.42148512,  2.87639746,  2.43042691,  1.76796471,  1.55643151,\n        -0.48626892],\n       [-0.42148512,  2.87639746,  2.43042691,  1.76796471,  1.55643151,\n        -0.48626892],\n       [-0.42148512,  2.87639746,  2.43042691,  1.76796471,  1.55643151,\n        -0.48626892],\n       [-0.42148512,  2.87639746,  2.43042691,  1.76796471,  1.55643151,\n        -0.48626892],\n       [-0.42148512,  2.87639746,  2.43042691,  1.76796471,  1.55643151,\n        -0.48626892],\n       [-0.42148512,  2.87639746,  2.43042691,  1.76796471,  1.55643151,\n        -0.48626892],\n       [-0.42148512,  2.87639746,  2.43042691,  1.76796471,  1.55643151,\n        -0.48626892]]), array([0.16589196, 0.16589196, 0.16589196, 0.16589196, 0.16589196,\n       0.16589196, 0.16589196]))"}, "10": {"maxiter": 1000, "fatol": 1e-10, "xatol": 1e-05, "duration": 0.14960002899169922, "fun": "0.16589195727481454", "nit": "574", "nfev": "903", "status": "0", "success": "True", "message": "Optimization terminated successfully.", "x": "[-0.42148562  2.87639386  2.43043018  1.76796485  1.55643193 -0.48626908]", "final_simplex": "(array([[-0.42148562,  2.87639386,  2.43043018,  1.76796485,  1.55643193,\n        -0.48626908],\n       [-0.42148524,  2.87640214,  2.43042204,  1.76796505,  1.55643149,\n        -0.48626891],\n       [-0.42148474,  2.87639317,  2.43043217,  1.76796709,  1.55643256,\n        -0.48626795],\n       [-0.4214847 ,  2.87639701,  2.43042815,  1.76796413,  1.55642992,\n        -0.48626996],\n       [-0.42148482,  2.87639459,  2.43043009,  1.76796606,  1.55643145,\n        -0.48626963],\n       [-0.42148399,  2.87639519,  2.43042913,  1.76796569,  1.55643206,\n        -0.48626973],\n       [-0.42148512,  2.87639511,  2.43042865,  1.76796601,  1.55643208,\n        -0.48626807]]), array([0.16589196, 0.16589196, 0.16589196, 0.16589196, 0.16589196,\n       0.16589196, 0.16589196]))"}, "11": {"maxiter": 1000, "fatol": 1e-10, "xatol": 1e-10, "duration": 0.1797029972076416, "fun": "0.1658919572746279", "nit": "649", "nfev": "1100", "status": "0", "success": "True", "message": "Optimization terminated successfully.", "x": "[-0.42148512  2.87639746  2.43042691  1.76796471  1.55643151 -0.48626892]", "final_simplex": "(array([[-0.42148512,  2.87639746,  2.43042691,  1.76796471,  1.55643151,\n        -0.48626892],\n       [-0.42148512,  2.87639746,  2.43042691,  1.76796471,  1.55643151,\n        -0.48626892],\n       [-0.42148512,  2.87639746,  2.43042691,  1.76796471,  1.55643151,\n        -0.48626892],\n       [-0.42148512,  2.87639746,  2.43042691,  1.76796471,  1.55643151,\n        -0.48626892],\n       [-0.42148512,  2.87639746,  2.43042691,  1.76796471,  1.55643151,\n        -0.48626892],\n       [-0.42148512,  2.87639746,  2.43042691,  1.76796471,  1.55643151,\n        -0.48626892],\n       [-0.42148512,  2.87639746,  2.43042691,  1.76796471,  1.55643151,\n        -0.48626892]]), array([0.16589196, 0.16589196, 0.16589196, 0.16589196, 0.16589196,\n       0.16589196, 0.16589196]))"}}, "bfgs": {"type": "gradient", "0": {"maxiter": 100, "gtol": 1e-05, "xrtol": 1e-05, "eps": 1e-05, "duration": 0.036572933197021484, "fun": "0.16589195736491857", "jac": "[ 1.90556460e-06  3.10751425e-08  1.07454046e-06  3.87079258e-07\n -9.81104087e-08 -1.62967417e-06]", "hess_inv": "[[  3.22197769   0.5357481   -0.94918441  -0.97311515   0.5205411\n    1.15934538]\n [  0.5357481   90.0660831  -98.43872317 -17.87095338 -14.41062075\n  -10.49829588]\n [ -0.94918441 -98.43872317 111.36269264  20.57994656  14.19384269\n   11.63308518]\n [ -0.97311515 -17.87095338  20.57994656   8.69434505   4.41424472\n    2.66609975]\n [  0.5205411  -14.41062075  14.19384269   4.41424472   7.56586772\n    3.07168301]\n [  1.15934538 -10.49829588  11.63308518   2.66609975   3.07168301\n    4.43827821]]", "nfev": "217", "njev": "31", "status": "0", "success": "True", "message": "Optimization terminated successfully.", "x": "[ 0.421478   -0.26527317  5.572101    1.76796144  1.55642165 -0.48628414]", "nit": "29"}, "1": {"maxiter": 100, "gtol": 1e-05, "xrtol": 1e-05, "eps": 1e-10, "duration": 0.03527092933654785, "fun": "0.1658919575331681", "jac": "[-5.55111466e-06  2.22044587e-06  3.33066880e-06 -1.11022293e-06\n  3.33066880e-06  3.33066880e-06]", "hess_inv": "[[   4.0650095     5.11886661   -6.51649907   -2.34736149   -0.20840797\n     0.70325429]\n [   5.11886661   89.36599691 -100.48724466  -21.2896205   -12.96665143\n    -8.45755433]\n [  -6.51649907 -100.48724466  117.03449358   25.18141106   13.07066605\n     9.69112404]\n [  -2.34736149  -21.2896205    25.18141106   10.27607666    4.76987495\n     2.7291719 ]\n [  -0.20840797  -12.96665143   13.07066605    4.76987495    7.03205515\n     2.48726885]\n [   0.70325429   -8.45755433    9.69112404    2.7291719     2.48726885\n     3.86276792]]", "nfev": "210", "njev": "30", "status": "0", "success": "True", "message": "Optimization terminated successfully.", "x": "[ 0.42148022 -0.26538851  5.57223957  1.76800615  1.55647861 -0.48622968]", "nit": "28"}, "2": {"maxiter": 100, "gtol": 1e-05, "xrtol": 1e-10, "eps": 1e-05, "duration": 0.0364382266998291, "fun": "0.16589195736491857", "jac": "[ 1.90556460e-06  3.10751425e-08  1.07454046e-06  3.87079258e-07\n -9.81104087e-08 -1.62967417e-06]", "hess_inv": "[[  3.22197769   0.5357481   -0.94918441  -0.97311515   0.5205411\n    1.15934538]\n [  0.5357481   90.0660831  -98.43872317 -17.87095338 -14.41062075\n  -10.49829588]\n [ -0.94918441 -98.43872317 111.36269264  20.57994656  14.19384269\n   11.63308518]\n [ -0.97311515 -17.87095338  20.57994656   8.69434505   4.41424472\n    2.66609975]\n [  0.5205411  -14.41062075  14.19384269   4.41424472   7.56586772\n    3.07168301]\n [  1.15934538 -10.49829588  11.63308518   2.66609975   3.07168301\n    4.43827821]]", "nfev": "217", "njev": "31", "status": "0", "success": "True", "message": "Optimization terminated successfully.", "x": "[ 0.421478   -0.26527317  5.572101    1.76796144  1.55642165 -0.48628414]", "nit": "29"}, "3": {"maxiter": 100, "gtol": 1e-05, "xrtol": 1e-10, "eps": 1e-10, "duration": 0.035248756408691406, "fun": "0.1658919575331681", "jac": "[-5.55111466e-06  2.22044587e-06  3.33066880e-06 -1.11022293e-06\n  3.33066880e-06  3.33066880e-06]", "hess_inv": "[[   4.0650095     5.11886661   -6.51649907   -2.34736149   -0.20840797\n     0.70325429]\n [   5.11886661   89.36599691 -100.48724466  -21.2896205   -12.96665143\n    -8.45755433]\n [  -6.51649907 -100.48724466  117.03449358   25.18141106   13.07066605\n     9.69112404]\n [  -2.34736149  -21.2896205    25.18141106   10.27607666    4.76987495\n     2.7291719 ]\n [  -0.20840797  -12.96665143   13.07066605    4.76987495    7.03205515\n     2.48726885]\n [   0.70325429   -8.45755433    9.69112404    2.7291719     2.48726885\n     3.86276792]]", "nfev": "210", "njev": "30", "status": "0", "success": "True", "message": "Optimization terminated successfully.", "x": "[ 0.42148022 -0.26538851  5.57223957  1.76800615  1.55647861 -0.48622968]", "nit": "28"}, "4": {"maxiter": 100, "gtol": 1e-10, "xrtol": 1e-05, "eps": 1e-05, "duration": 0.03873109817504883, "fun": "0.16589195735719697", "jac": "[ 1.40132350e-07 -2.73603362e-07 -1.50035540e-07 -1.19193544e-07\n -1.46471724e-07 -3.57813779e-07]", "hess_inv": "[[   3.06120888    0.28454966   -0.65399178   -0.93210784    0.60248417\n     1.22195016]\n [   0.28454966  128.99050772 -141.52847607  -23.49963127  -18.27132469\n   -12.49449934]\n [  -0.65399178 -141.52847607  159.02515163   26.73683722   18.41185357\n    13.78295089]\n [  -0.93210784  -23.49963127   26.73683722    9.3598632     4.8705361\n     2.84312977]\n [   0.60248417  -18.27132469   18.41185357    4.8705361     7.86086204\n     3.17764413]\n [   1.22195016  -12.49449934   13.78295089    2.84312977    3.17764413\n     4.44353299]]", "nfev": "231", "njev": "33", "status": "0", "success": "True", "message": "Optimization terminated successfully.", "x": "[ 0.42147543 -0.2651423   5.57195342  1.76793674  1.55640533 -0.48629465]", "nit": "31"}, "5": {"maxiter": 100, "gtol": 1e-10, "xrtol": 1e-05, "eps": 1e-10, "duration": 0.044439077377319336, "fun": "0.1658919573173322", "jac": "[ 4.44089173e-06 -3.33066880e-06 -3.33066880e-06 -2.22044587e-06\n  2.22044587e-06  1.11022293e-06]", "hess_inv": "[[ 2.50528614e+00 -2.75352336e-01  4.72442287e-02  1.11318985e-02\n   9.88252898e-01  1.25481613e+00]\n [-2.75352336e-01  1.42733274e+02 -1.59311730e+02 -2.62133822e+01\n  -2.29741148e+01 -1.82444588e+01]\n [ 4.72442287e-02 -1.59311730e+02  1.81680214e+02  3.00671273e+01\n   2.40600456e+01  2.06127644e+01]\n [ 1.11318985e-02 -2.62133822e+01  3.00671273e+01  9.08360144e+00\n   5.52468819e+00  4.01699297e+00]\n [ 9.88252898e-01 -2.29741148e+01  2.40600456e+01  5.52468819e+00\n   8.87913781e+00  4.35540613e+00]\n [ 1.25481613e+00 -1.82444588e+01  2.06127644e+01  4.01699297e+00\n   4.35540613e+00  5.56419276e+00]]", "nfev": "266", "njev": "38", "status": "0", "success": "True", "message": "Optimization terminated successfully.", "x": "[ 0.42149641 -0.26512893  5.57194096  1.76794471  1.55642622 -0.48626845]", "nit": "30"}, "6": {"maxiter": 100, "gtol": 1e-10, "xrtol": 1e-10, "eps": 1e-05, "duration": 0.04235506057739258, "fun": "0.16589195734747042", "jac": "[-1.11022302e-11  2.22044605e-11  3.33066907e-11  3.33066907e-11\n -1.11022302e-11  6.66133815e-11]", "hess_inv": "[[   3.18175008    0.37353593   -0.64381428   -0.67189464    0.84702979\n     1.51986569]\n [   0.37353593  126.3248323  -138.2392408   -22.40473621  -17.39870257\n   -11.61290496]\n [  -0.64381428 -138.2392408   155.19603335   25.90586492   17.79418577\n    13.24104422]\n [  -0.67189464  -22.40473621   25.90586492   10.09850042    5.56599396\n     3.73510511]\n [   0.84702979  -17.39870257   17.79418577    5.56599396    8.51204293\n     4.00418145]\n [   1.51986569  -11.61290496   13.24104422    3.73510511    4.00418145\n     5.47928563]]", "nfev": "252", "njev": "36", "status": "0", "success": "True", "message": "Optimization terminated successfully.", "x": "[ 0.42147556 -0.26513769  5.57194919  1.76793794  1.55640646 -0.48629305]", "nit": "34"}, "7": {"maxiter": 100, "gtol": 1e-10, "xrtol": 1e-10, "eps": 1e-10, "duration": 0.058547019958496094, "fun": "0.16589195729655104", "jac": "[ 1.11022293e-06  0.00000000e+00 -2.22044587e-06  1.11022293e-06\n  3.33066880e-06  0.00000000e+00]", "hess_inv": "[[ 1.40699817 -0.8301242   2.71642952  0.15520747 -0.29719262 -2.67187059]\n [-0.8301242   0.70165357 -1.87214748 -0.21732648  0.1008432   1.7766351 ]\n [ 2.71642952 -1.87214748  5.68036993  0.41835018 -0.53360307 -5.31740994]\n [ 0.15520747 -0.21732648  0.41835018  0.30972491  0.02733766 -0.64749656]\n [-0.29719262  0.1008432  -0.53360307  0.02733766  0.17775319  0.38932937]\n [-2.67187059  1.7766351  -5.31740994 -0.64749656  0.38932937  5.60175354]]", "nfev": "350", "njev": "50", "status": "0", "success": "True", "message": "Optimization terminated successfully.", "x": "[ 0.42148996 -0.26512746  5.57194282  1.76795021  1.55642465 -0.48627225]", "nit": "38"}, "8": {"maxiter": 500, "gtol": 1e-05, "xrtol": 1e-05, "eps": 1e-05, "duration": 0.03647589683532715, "fun": "0.16589195736491857", "jac": "[ 1.90556460e-06  3.10751425e-08  1.07454046e-06  3.87079258e-07\n -9.81104087e-08 -1.62967417e-06]", "hess_inv": "[[  3.22197769   0.5357481   -0.94918441  -0.97311515   0.5205411\n    1.15934538]\n [  0.5357481   90.0660831  -98.43872317 -17.87095338 -14.41062075\n  -10.49829588]\n [ -0.94918441 -98.43872317 111.36269264  20.57994656  14.19384269\n   11.63308518]\n [ -0.97311515 -17.87095338  20.57994656   8.69434505   4.41424472\n    2.66609975]\n [  0.5205411  -14.41062075  14.19384269   4.41424472   7.56586772\n    3.07168301]\n [  1.15934538 -10.49829588  11.63308518   2.66609975   3.07168301\n    4.43827821]]", "nfev": "217", "njev": "31", "status": "0", "success": "True", "message": "Optimization terminated successfully.", "x": "[ 0.421478   -0.26527317  5.572101    1.76796144  1.55642165 -0.48628414]", "nit": "29"}, "9": {"maxiter": 500, "gtol": 1e-05, "xrtol": 1e-05, "eps": 1e-10, "duration": 0.035276174545288086, "fun": "0.1658919575331681", "jac": "[-5.55111466e-06  2.22044587e-06  3.33066880e-06 -1.11022293e-06\n  3.33066880e-06  3.33066880e-06]", "hess_inv": "[[   4.0650095     5.11886661   -6.51649907   -2.34736149   -0.20840797\n     0.70325429]\n [   5.11886661   89.36599691 -100.48724466  -21.2896205   -12.96665143\n    -8.45755433]\n [  -6.51649907 -100.48724466  117.03449358   25.18141106   13.07066605\n     9.69112404]\n [  -2.34736149  -21.2896205    25.18141106   10.27607666    4.76987495\n     2.7291719 ]\n [  -0.20840797  -12.96665143   13.07066605    4.76987495    7.03205515\n     2.48726885]\n [   0.70325429   -8.45755433    9.69112404    2.7291719     2.48726885\n     3.86276792]]", "nfev": "210", "njev": "30", "status": "0", "success": "True", "message": "Optimization terminated successfully.", "x": "[ 0.42148022 -0.26538851  5.57223957  1.76800615  1.55647861 -0.48622968]", "nit": "28"}, "10": {"maxiter": 500, "gtol": 1e-05, "xrtol": 1e-10, "eps": 1e-05, "duration": 0.0365140438079834, "fun": "0.16589195736491857", "jac": "[ 1.90556460e-06  3.10751425e-08  1.07454046e-06  3.87079258e-07\n -9.81104087e-08 -1.62967417e-06]", "hess_inv": "[[  3.22197769   0.5357481   -0.94918441  -0.97311515   0.5205411\n    1.15934538]\n [  0.5357481   90.0660831  -98.43872317 -17.87095338 -14.41062075\n  -10.49829588]\n [ -0.94918441 -98.43872317 111.36269264  20.57994656  14.19384269\n   11.63308518]\n [ -0.97311515 -17.87095338  20.57994656   8.69434505   4.41424472\n    2.66609975]\n [  0.5205411  -14.41062075  14.19384269   4.41424472   7.56586772\n    3.07168301]\n [  1.15934538 -10.49829588  11.63308518   2.66609975   3.07168301\n    4.43827821]]", "nfev": "217", "njev": "31", "status": "0", "success": "True", "message": "Optimization terminated successfully.", "x": "[ 0.421478   -0.26527317  5.572101    1.76796144  1.55642165 -0.48628414]", "nit": "29"}, "11": {"maxiter": 500, "gtol": 1e-05, "xrtol": 1e-10, "eps": 1e-10, "duration": 0.03525185585021973, "fun": "0.1658919575331681", "jac": "[-5.55111466e-06  2.22044587e-06  3.33066880e-06 -1.11022293e-06\n  3.33066880e-06  3.33066880e-06]", "hess_inv": "[[   4.0650095     5.11886661   -6.51649907   -2.34736149   -0.20840797\n     0.70325429]\n [   5.11886661   89.36599691 -100.48724466  -21.2896205   -12.96665143\n    -8.45755433]\n [  -6.51649907 -100.48724466  117.03449358   25.18141106   13.07066605\n     9.69112404]\n [  -2.34736149  -21.2896205    25.18141106   10.27607666    4.76987495\n     2.7291719 ]\n [  -0.20840797  -12.96665143   13.07066605    4.76987495    7.03205515\n     2.48726885]\n [   0.70325429   -8.45755433    9.69112404    2.7291719     2.48726885\n     3.86276792]]", "nfev": "210", "njev": "30", "status": "0", "success": "True", "message": "Optimization terminated successfully.", "x": "[ 0.42148022 -0.26538851  5.57223957  1.76800615  1.55647861 -0.48622968]", "nit": "28"}, "12": {"maxiter": 500, "gtol": 1e-10, "xrtol": 1e-05, "eps": 1e-05, "duration": 0.03873920440673828, "fun": "0.16589195735719697", "jac": "[ 1.40132350e-07 -2.73603362e-07 -1.50035540e-07 -1.19193544e-07\n -1.46471724e-07 -3.57813779e-07]", "hess_inv": "[[   3.06120888    0.28454966   -0.65399178   -0.93210784    0.60248417\n     1.22195016]\n [   0.28454966  128.99050772 -141.52847607  -23.49963127  -18.27132469\n   -12.49449934]\n [  -0.65399178 -141.52847607  159.02515163   26.73683722   18.41185357\n    13.78295089]\n [  -0.93210784  -23.49963127   26.73683722    9.3598632     4.8705361\n     2.84312977]\n [   0.60248417  -18.27132469   18.41185357    4.8705361     7.86086204\n     3.17764413]\n [   1.22195016  -12.49449934   13.78295089    2.84312977    3.17764413\n     4.44353299]]", "nfev": "231", "njev": "33", "status": "0", "success": "True", "message": "Optimization terminated successfully.", "x": "[ 0.42147543 -0.2651423   5.57195342  1.76793674  1.55640533 -0.48629465]", "nit": "31"}, "13": {"maxiter": 500, "gtol": 1e-10, "xrtol": 1e-05, "eps": 1e-10, "duration": 0.0444028377532959, "fun": "0.1658919573173322", "jac": "[ 4.44089173e-06 -3.33066880e-06 -3.33066880e-06 -2.22044587e-06\n  2.22044587e-06  1.11022293e-06]", "hess_inv": "[[ 2.50528614e+00 -2.75352336e-01  4.72442287e-02  1.11318985e-02\n   9.88252898e-01  1.25481613e+00]\n [-2.75352336e-01  1.42733274e+02 -1.59311730e+02 -2.62133822e+01\n  -2.29741148e+01 -1.82444588e+01]\n [ 4.72442287e-02 -1.59311730e+02  1.81680214e+02  3.00671273e+01\n   2.40600456e+01  2.06127644e+01]\n [ 1.11318985e-02 -2.62133822e+01  3.00671273e+01  9.08360144e+00\n   5.52468819e+00  4.01699297e+00]\n [ 9.88252898e-01 -2.29741148e+01  2.40600456e+01  5.52468819e+00\n   8.87913781e+00  4.35540613e+00]\n [ 1.25481613e+00 -1.82444588e+01  2.06127644e+01  4.01699297e+00\n   4.35540613e+00  5.56419276e+00]]", "nfev": "266", "njev": "38", "status": "0", "success": "True", "message": "Optimization terminated successfully.", "x": "[ 0.42149641 -0.26512893  5.57194096  1.76794471  1.55642622 -0.48626845]", "nit": "30"}, "14": {"maxiter": 500, "gtol": 1e-10, "xrtol": 1e-10, "eps": 1e-05, "duration": 0.04224729537963867, "fun": "0.16589195734747042", "jac": "[-1.11022302e-11  2.22044605e-11  3.33066907e-11  3.33066907e-11\n -1.11022302e-11  6.66133815e-11]", "hess_inv": "[[   3.18175008    0.37353593   -0.64381428   -0.67189464    0.84702979\n     1.51986569]\n [   0.37353593  126.3248323  -138.2392408   -22.40473621  -17.39870257\n   -11.61290496]\n [  -0.64381428 -138.2392408   155.19603335   25.90586492   17.79418577\n    13.24104422]\n [  -0.67189464  -22.40473621   25.90586492   10.09850042    5.56599396\n     3.73510511]\n [   0.84702979  -17.39870257   17.79418577    5.56599396    8.51204293\n     4.00418145]\n [   1.51986569  -11.61290496   13.24104422    3.73510511    4.00418145\n     5.47928563]]", "nfev": "252", "njev": "36", "status": "0", "success": "True", "message": "Optimization terminated successfully.", "x": "[ 0.42147556 -0.26513769  5.57194919  1.76793794  1.55640646 -0.48629305]", "nit": "34"}, "15": {"maxiter": 500, "gtol": 1e-10, "xrtol": 1e-10, "eps": 1e-10, "duration": 0.058319807052612305, "fun": "0.16589195729655104", "jac": "[ 1.11022293e-06  0.00000000e+00 -2.22044587e-06  1.11022293e-06\n  3.33066880e-06  0.00000000e+00]", "hess_inv": "[[ 1.40699817 -0.8301242   2.71642952  0.15520747 -0.29719262 -2.67187059]\n [-0.8301242   0.70165357 -1.87214748 -0.21732648  0.1008432   1.7766351 ]\n [ 2.71642952 -1.87214748  5.68036993  0.41835018 -0.53360307 -5.31740994]\n [ 0.15520747 -0.21732648  0.41835018  0.30972491  0.02733766 -0.64749656]\n [-0.29719262  0.1008432  -0.53360307  0.02733766  0.17775319  0.38932937]\n [-2.67187059  1.7766351  -5.31740994 -0.64749656  0.38932937  5.60175354]]", "nfev": "350", "njev": "50", "status": "0", "success": "True", "message": "Optimization terminated successfully.", "x": "[ 0.42148996 -0.26512746  5.57194282  1.76795021  1.55642465 -0.48627225]", "nit": "38"}, "16": {"maxiter": 1000, "gtol": 1e-05, "xrtol": 1e-05, "eps": 1e-05, "duration": 0.03638315200805664, "fun": "0.16589195736491857", "jac": "[ 1.90556460e-06  3.10751425e-08  1.07454046e-06  3.87079258e-07\n -9.81104087e-08 -1.62967417e-06]", "hess_inv": "[[  3.22197769   0.5357481   -0.94918441  -0.97311515   0.5205411\n    1.15934538]\n [  0.5357481   90.0660831  -98.43872317 -17.87095338 -14.41062075\n  -10.49829588]\n [ -0.94918441 -98.43872317 111.36269264  20.57994656  14.19384269\n   11.63308518]\n [ -0.97311515 -17.87095338  20.57994656   8.69434505   4.41424472\n    2.66609975]\n [  0.5205411  -14.41062075  14.19384269   4.41424472   7.56586772\n    3.07168301]\n [  1.15934538 -10.49829588  11.63308518   2.66609975   3.07168301\n    4.43827821]]", "nfev": "217", "njev": "31", "status": "0", "success": "True", "message": "Optimization terminated successfully.", "x": "[ 0.421478   -0.26527317  5.572101    1.76796144  1.55642165 -0.48628414]", "nit": "29"}, "17": {"maxiter": 1000, "gtol": 1e-05, "xrtol": 1e-05, "eps": 1e-10, "duration": 0.035555124282836914, "fun": "0.1658919575331681", "jac": "[-5.55111466e-06  2.22044587e-06  3.33066880e-06 -1.11022293e-06\n  3.33066880e-06  3.33066880e-06]", "hess_inv": "[[   4.0650095     5.11886661   -6.51649907   -2.34736149   -0.20840797\n     0.70325429]\n [   5.11886661   89.36599691 -100.48724466  -21.2896205   -12.96665143\n    -8.45755433]\n [  -6.51649907 -100.48724466  117.03449358   25.18141106   13.07066605\n     9.69112404]\n [  -2.34736149  -21.2896205    25.18141106   10.27607666    4.76987495\n     2.7291719 ]\n [  -0.20840797  -12.96665143   13.07066605    4.76987495    7.03205515\n     2.48726885]\n [   0.70325429   -8.45755433    9.69112404    2.7291719     2.48726885\n     3.86276792]]", "nfev": "210", "njev": "30", "status": "0", "success": "True", "message": "Optimization terminated successfully.", "x": "[ 0.42148022 -0.26538851  5.57223957  1.76800615  1.55647861 -0.48622968]", "nit": "28"}, "18": {"maxiter": 1000, "gtol": 1e-05, "xrtol": 1e-10, "eps": 1e-05, "duration": 0.03636288642883301, "fun": "0.16589195736491857", "jac": "[ 1.90556460e-06  3.10751425e-08  1.07454046e-06  3.87079258e-07\n -9.81104087e-08 -1.62967417e-06]", "hess_inv": "[[  3.22197769   0.5357481   -0.94918441  -0.97311515   0.5205411\n    1.15934538]\n [  0.5357481   90.0660831  -98.43872317 -17.87095338 -14.41062075\n  -10.49829588]\n [ -0.94918441 -98.43872317 111.36269264  20.57994656  14.19384269\n   11.63308518]\n [ -0.97311515 -17.87095338  20.57994656   8.69434505   4.41424472\n    2.66609975]\n [  0.5205411  -14.41062075  14.19384269   4.41424472   7.56586772\n    3.07168301]\n [  1.15934538 -10.49829588  11.63308518   2.66609975   3.07168301\n    4.43827821]]", "nfev": "217", "njev": "31", "status": "0", "success": "True", "message": "Optimization terminated successfully.", "x": "[ 0.421478   -0.26527317  5.572101    1.76796144  1.55642165 -0.48628414]", "nit": "29"}, "19": {"maxiter": 1000, "gtol": 1e-05, "xrtol": 1e-10, "eps": 1e-10, "duration": 0.035166025161743164, "fun": "0.1658919575331681", "jac": "[-5.55111466e-06  2.22044587e-06  3.33066880e-06 -1.11022293e-06\n  3.33066880e-06  3.33066880e-06]", "hess_inv": "[[   4.0650095     5.11886661   -6.51649907   -2.34736149   -0.20840797\n     0.70325429]\n [   5.11886661   89.36599691 -100.48724466  -21.2896205   -12.96665143\n    -8.45755433]\n [  -6.51649907 -100.48724466  117.03449358   25.18141106   13.07066605\n     9.69112404]\n [  -2.34736149  -21.2896205    25.18141106   10.27607666    4.76987495\n     2.7291719 ]\n [  -0.20840797  -12.96665143   13.07066605    4.76987495    7.03205515\n     2.48726885]\n [   0.70325429   -8.45755433    9.69112404    2.7291719     2.48726885\n     3.86276792]]", "nfev": "210", "njev": "30", "status": "0", "success": "True", "message": "Optimization terminated successfully.", "x": "[ 0.42148022 -0.26538851  5.57223957  1.76800615  1.55647861 -0.48622968]", "nit": "28"}, "20": {"maxiter": 1000, "gtol": 1e-10, "xrtol": 1e-05, "eps": 1e-05, "duration": 0.03875589370727539, "fun": "0.16589195735719697", "jac": "[ 1.40132350e-07 -2.73603362e-07 -1.50035540e-07 -1.19193544e-07\n -1.46471724e-07 -3.57813779e-07]", "hess_inv": "[[   3.06120888    0.28454966   -0.65399178   -0.93210784    0.60248417\n     1.22195016]\n [   0.28454966  128.99050772 -141.52847607  -23.49963127  -18.27132469\n   -12.49449934]\n [  -0.65399178 -141.52847607  159.02515163   26.73683722   18.41185357\n    13.78295089]\n [  -0.93210784  -23.49963127   26.73683722    9.3598632     4.8705361\n     2.84312977]\n [   0.60248417  -18.27132469   18.41185357    4.8705361     7.86086204\n     3.17764413]\n [   1.22195016  -12.49449934   13.78295089    2.84312977    3.17764413\n     4.44353299]]", "nfev": "231", "njev": "33", "status": "0", "success": "True", "message": "Optimization terminated successfully.", "x": "[ 0.42147543 -0.2651423   5.57195342  1.76793674  1.55640533 -0.48629465]", "nit": "31"}, "21": {"maxiter": 1000, "gtol": 1e-10, "xrtol": 1e-05, "eps": 1e-10, "duration": 0.04451298713684082, "fun": "0.1658919573173322", "jac": "[ 4.44089173e-06 -3.33066880e-06 -3.33066880e-06 -2.22044587e-06\n  2.22044587e-06  1.11022293e-06]", "hess_inv": "[[ 2.50528614e+00 -2.75352336e-01  4.72442287e-02  1.11318985e-02\n   9.88252898e-01  1.25481613e+00]\n [-2.75352336e-01  1.42733274e+02 -1.59311730e+02 -2.62133822e+01\n  -2.29741148e+01 -1.82444588e+01]\n [ 4.72442287e-02 -1.59311730e+02  1.81680214e+02  3.00671273e+01\n   2.40600456e+01  2.06127644e+01]\n [ 1.11318985e-02 -2.62133822e+01  3.00671273e+01  9.08360144e+00\n   5.52468819e+00  4.01699297e+00]\n [ 9.88252898e-01 -2.29741148e+01  2.40600456e+01  5.52468819e+00\n   8.87913781e+00  4.35540613e+00]\n [ 1.25481613e+00 -1.82444588e+01  2.06127644e+01  4.01699297e+00\n   4.35540613e+00  5.56419276e+00]]", "nfev": "266", "njev": "38", "status": "0", "success": "True", "message": "Optimization terminated successfully.", "x": "[ 0.42149641 -0.26512893  5.57194096  1.76794471  1.55642622 -0.48626845]", "nit": "30"}, "22": {"maxiter": 1000, "gtol": 1e-10, "xrtol": 1e-10, "eps": 1e-05, "duration": 0.042315006256103516, "fun": "0.16589195734747042", "jac": "[-1.11022302e-11  2.22044605e-11  3.33066907e-11  3.33066907e-11\n -1.11022302e-11  6.66133815e-11]", "hess_inv": "[[   3.18175008    0.37353593   -0.64381428   -0.67189464    0.84702979\n     1.51986569]\n [   0.37353593  126.3248323  -138.2392408   -22.40473621  -17.39870257\n   -11.61290496]\n [  -0.64381428 -138.2392408   155.19603335   25.90586492   17.79418577\n    13.24104422]\n [  -0.67189464  -22.40473621   25.90586492   10.09850042    5.56599396\n     3.73510511]\n [   0.84702979  -17.39870257   17.79418577    5.56599396    8.51204293\n     4.00418145]\n [   1.51986569  -11.61290496   13.24104422    3.73510511    4.00418145\n     5.47928563]]", "nfev": "252", "njev": "36", "status": "0", "success": "True", "message": "Optimization terminated successfully.", "x": "[ 0.42147556 -0.26513769  5.57194919  1.76793794  1.55640646 -0.48629305]", "nit": "34"}, "23": {"maxiter": 1000, "gtol": 1e-10, "xrtol": 1e-10, "eps": 1e-10, "duration": 0.05845189094543457, "fun": "0.16589195729655104", "jac": "[ 1.11022293e-06  0.00000000e+00 -2.22044587e-06  1.11022293e-06\n  3.33066880e-06  0.00000000e+00]", "hess_inv": "[[ 1.40699817 -0.8301242   2.71642952  0.15520747 -0.29719262 -2.67187059]\n [-0.8301242   0.70165357 -1.87214748 -0.21732648  0.1008432   1.7766351 ]\n [ 2.71642952 -1.87214748  5.68036993  0.41835018 -0.53360307 -5.31740994]\n [ 0.15520747 -0.21732648  0.41835018  0.30972491  0.02733766 -0.64749656]\n [-0.29719262  0.1008432  -0.53360307  0.02733766  0.17775319  0.38932937]\n [-2.67187059  1.7766351  -5.31740994 -0.64749656  0.38932937  5.60175354]]", "nfev": "350", "njev": "50", "status": "0", "success": "True", "message": "Optimization terminated successfully.", "x": "[ 0.42148996 -0.26512746  5.57194282  1.76795021  1.55642465 -0.48627225]", "nit": "38"}}, "cobyla": {"0": {"maxiter": 100, "tol": 1e-05, "catol": 1e-05, "duration": 0.0160520076751709, "x": "[0.47929169 0.25598674 4.99923545 4.62054291 4.63169999 2.60727643]", "status": "2", "success": "False", "message": "Maximum number of function evaluations has been exceeded.", "nfev": "100", "fun": "0.16716903068715994", "maxcv": "0.0"}, "1": {"maxiter": 100, "tol": 1e-05, "catol": 1e-10, "duration": 0.01594090461730957, "x": "[0.47929169 0.25598674 4.99923545 4.62054291 4.63169999 2.60727643]", "status": "2", "success": "False", "message": "Maximum number of function evaluations has been exceeded.", "nfev": "100", "fun": "0.16716903068715994", "maxcv": "0.0"}, "2": {"maxiter": 100, "tol": 1e-10, "catol": 1e-05, "duration": 0.015987873077392578, "x": "[0.47929169 0.25598674 4.99923545 4.62054291 4.63169999 2.60727643]", "status": "2", "success": "False", "message": "Maximum number of function evaluations has been exceeded.", "nfev": "100", "fun": "0.16716903068715994", "maxcv": "0.0"}, "3": {"maxiter": 100, "tol": 1e-10, "catol": 1e-10, "duration": 0.01602792739868164, "x": "[0.47929169 0.25598674 4.99923545 4.62054291 4.63169999 2.60727643]", "status": "2", "success": "False", "message": "Maximum number of function evaluations has been exceeded.", "nfev": "100", "fun": "0.16716903068715994", "maxcv": "0.0"}, "4": {"maxiter": 500, "tol": 1e-05, "catol"