{"date": "2024/07/19/, 01:16:15", "conf_id": 136, "data_type": "orthogonal\n", "num_data_points": 3, "s_rank": 0, "unitary": "[[-0.56303964-0.00798273j,-0.21670212-0.15784972j,-0.06047197-0.73952673j,-0.01438004+0.24552571j],[-0.06976756+0.23474685j,-0.01275565-0.5435098j,-0.02703657-0.08917885j,-0.08210486-0.79311774j],[-0.38559961+0.10714929j,0.5933431-0.2687392j,-0.24060861+0.29149289j,-0.45147719+0.26241743j],[-0.50180421+0.45931857j,-0.11617175+0.44134496j,0.49642745+0.22684508j,-0.08544628-0.15407063j]]", "databatch_0": {"databatch": "[[[1.59839912e-01-0.34966704j,-1.28503759e-01-0.07656304j,6.68103106e-02-0.08770548j,6.86481330e-02+0.06253625j],[-1.60498269e-01+0.25175782j,-1.21474647e-01-0.02208228j,-1.41140331e-01-0.37925586j,1.85899613e-01-0.07149303j],[1.70352862e-01-0.14235388j,7.29911650e-02-0.21850747j,1.61317257e-04-0.28817729j,-2.20830512e-01-0.10801815j],[-1.69552486e-01-0.18020153j,3.72199177e-01+0.13048385j,-1.56609068e-01-0.04903399j,6.70938717e-02-0.084673j]],[[1.44574332e-01-0.37230623j,-8.62336612e-02-0.09141262j,1.03862780e-01-0.091322j,5.56568168e-02+0.06241172j],[-1.89315257e-01+0.18158303j,1.57757915e-02+0.12052868j,-1.09117842e-01-0.27908192j,2.24032126e-01-0.09815991j],[2.06968866e-01-0.24830458j,1.80228961e-01-0.14611819j,-7.97330951e-02-0.25253541j,-2.43092547e-01-0.15123341j],[-1.18511220e-01-0.1452716j,3.08333994e-01+0.05552089j,-2.38821077e-01-0.21527578j,3.58089089e-02-0.13031469j]],[[1.83070561e-01-0.39102764j,-1.35788301e-01-0.17104976j,4.64567737e-02-0.02906278j,2.42550752e-01-0.00088413j],[-1.54112550e-01+0.21603718j,-6.65693381e-02-0.03032139j,-1.64265307e-01-0.31410951j,2.43884421e-01-0.03125179j],[1.30163257e-01-0.13097635j,3.87986628e-02-0.1306148j,4.59699600e-02-0.25041231j,-3.00195574e-01-0.10894486j],[-1.35982159e-01-0.13358567j,3.52724831e-01+0.08942356j,-1.79598638e-01-0.07299434j,1.26591204e-01+0.01865943j]]]", "initial param values": "[4.46017218,5.47314327,3.28834981,0.88783333,5.70032667,4.18316604]", "nelder_mead": {"type": "gradient-free", "0": {"maxiter": 100, "fatol": 1e-05, "xatol": 1e-05, "duration": 0.026131153106689453, "fun": "0.6631237721982179", "nit": "100", "nfev": "155", "status": "2", "success": "False", "message": "Maximum number of iterations has been exceeded.", "x": "[4.77710654 6.09448821 1.69018037 2.18178317 2.95571977 2.24689255]", "final_simplex": "(array([[4.77710654, 6.09448821, 1.69018037, 2.18178317, 2.95571977,\n        2.24689255],\n       [4.67267967, 6.35262212, 1.53285352, 2.22834897, 2.86893071,\n        2.18833004],\n       [4.20126219, 6.29513835, 1.59750701, 2.17750757, 3.25794596,\n        2.37366966],\n       [4.30089425, 6.48474431, 1.79878007, 2.08480295, 3.271218  ,\n        2.3764661 ],\n       [4.2617427 , 6.5306372 , 1.63314426, 2.22104561, 3.12869601,\n        2.12134897],\n       [4.6479249 , 6.58709939, 1.68351208, 2.14003728, 2.94057338,\n        2.17834642],\n       [4.26070327, 6.53268716, 1.85660438, 2.08647581, 3.12424494,\n        2.34183478]]), array([0.66312377, 0.66696353, 0.67282163, 0.67341195, 0.67429375,\n       0.67449522, 0.67509917]))"}, "1": {"maxiter": 100, "fatol": 1e-05, "xatol": 1e-10, "duration": 0.026010990142822266, "fun": "0.6631237721982179", "nit": "100", "nfev": "155", "status": "2", "success": "False", "message": "Maximum number of iterations has been exceeded.", "x": "[4.77710654 6.09448821 1.69018037 2.18178317 2.95571977 2.24689255]", "final_simplex": "(array([[4.77710654, 6.09448821, 1.69018037, 2.18178317, 2.95571977,\n        2.24689255],\n       [4.67267967, 6.35262212, 1.53285352, 2.22834897, 2.86893071,\n        2.18833004],\n       [4.20126219, 6.29513835, 1.59750701, 2.17750757, 3.25794596,\n        2.37366966],\n       [4.30089425, 6.48474431, 1.79878007, 2.08480295, 3.271218  ,\n        2.3764661 ],\n       [4.2617427 , 6.5306372 , 1.63314426, 2.22104561, 3.12869601,\n        2.12134897],\n       [4.6479249 , 6.58709939, 1.68351208, 2.14003728, 2.94057338,\n        2.17834642],\n       [4.26070327, 6.53268716, 1.85660438, 2.08647581, 3.12424494,\n        2.34183478]]), array([0.66312377, 0.66696353, 0.67282163, 0.67341195, 0.67429375,\n       0.67449522, 0.67509917]))"}, "2": {"maxiter": 100, "fatol": 1e-10, "xatol": 1e-05, "duration": 0.026034116744995117, "fun": "0.6631237721982179", "nit": "100", "nfev": "155", "status": "2", "success": "False", "message": "Maximum number of iterations has been exceeded.", "x": "[4.77710654 6.09448821 1.69018037 2.18178317 2.95571977 2.24689255]", "final_simplex": "(array([[4.77710654, 6.09448821, 1.69018037, 2.18178317, 2.95571977,\n        2.24689255],\n       [4.67267967, 6.35262212, 1.53285352, 2.22834897, 2.86893071,\n        2.18833004],\n       [4.20126219, 6.29513835, 1.59750701, 2.17750757, 3.25794596,\n        2.37366966],\n       [4.30089425, 6.48474431, 1.79878007, 2.08480295, 3.271218  ,\n        2.3764661 ],\n       [4.2617427 , 6.5306372 , 1.63314426, 2.22104561, 3.12869601,\n        2.12134897],\n       [4.6479249 , 6.58709939, 1.68351208, 2.14003728, 2.94057338,\n        2.17834642],\n       [4.26070327, 6.53268716, 1.85660438, 2.08647581, 3.12424494,\n        2.34183478]]), array([0.66312377, 0.66696353, 0.67282163, 0.67341195, 0.67429375,\n       0.67449522, 0.67509917]))"}, "3": {"maxiter": 100, "fatol": 1e-10, "xatol": 1e-10, "duration": 0.026041746139526367, "fun": "0.6631237721982179", "nit": "100", "nfev": "155", "status": "2", "success": "False", "message": "Maximum number of iterations has been exceeded.", "x": "[4.77710654 6.09448821 1.69018037 2.18178317 2.95571977 2.24689255]", "final_simplex": "(array([[4.77710654, 6.09448821, 1.69018037, 2.18178317, 2.95571977,\n        2.24689255],\n       [4.67267967, 6.35262212, 1.53285352, 2.22834897, 2.86893071,\n        2.18833004],\n       [4.20126219, 6.29513835, 1.59750701, 2.17750757, 3.25794596,\n        2.37366966],\n       [4.30089425, 6.48474431, 1.79878007, 2.08480295, 3.271218  ,\n        2.3764661 ],\n       [4.2617427 , 6.5306372 , 1.63314426, 2.22104561, 3.12869601,\n        2.12134897],\n       [4.6479249 , 6.58709939, 1.68351208, 2.14003728, 2.94057338,\n        2.17834642],\n       [4.26070327, 6.53268716, 1.85660438, 2.08647581, 3.12424494,\n        2.34183478]]), array([0.66312377, 0.66696353, 0.67282163, 0.67341195, 0.67429375,\n       0.67449522, 0.67509917]))"}, "4": {"maxiter": 500, "fatol": 1e-05, "xatol": 1e-05, "duration": 0.12761592864990234, "fun": "0.49300030042612353", "nit": "500", "nfev": "760", "status": "2", "success": "False", "message": "Maximum number of iterations has been exceeded.", "x": "[ 7.49791577  6.25309126  0.27382156  2.65374151  0.05514839 -1.15254666]", "final_simplex": "(array([[ 7.49791577,  6.25309126,  0.27382156,  2.65374151,  0.05514839,\n        -1.15254666],\n       [ 7.49688733,  6.25268423,  0.27573296,  2.6576469 ,  0.05673353,\n        -1.14923745],\n       [ 7.49876774,  6.25310451,  0.27474514,  2.6576616 ,  0.06416518,\n        -1.14318423],\n       [ 7.4985118 ,  6.25327101,  0.27307567,  2.65756936,  0.0549415 ,\n        -1.15069035],\n       [ 7.49622933,  6.25130032,  0.2744634 ,  2.65626446,  0.0554857 ,\n        -1.149146  ],\n       [ 7.4968939 ,  6.25364728,  0.27377473,  2.65824139,  0.05471024,\n        -1.15461151],\n       [ 7.49804086,  6.25699905,  0.2712995 ,  2.65830167,  0.05917177,\n        -1.14701781]]), array([0.4930003 , 0.49300066, 0.49300073, 0.49300081, 0.49300096,\n       0.49300123, 0.49300207]))"}, "5": {"maxiter": 500, "fatol": 1e-05, "xatol": 1e-10, "duration": 0.12747788429260254, "fun": "0.49300030042612353", "nit": "500", "nfev": "760", "status": "2", "success": "False", "message": "Maximum number of iterations has been exceeded.", "x": "[ 7.49791577  6.25309126  0.27382156  2.65374151  0.05514839 -1.15254666]", "final_simplex": "(array([[ 7.49791577,  6.25309126,  0.27382156,  2.65374151,  0.05514839,\n        -1.15254666],\n       [ 7.49688733,  6.25268423,  0.27573296,  2.6576469 ,  0.05673353,\n        -1.14923745],\n       [ 7.49876774,  6.25310451,  0.27474514,  2.6576616 ,  0.06416518,\n        -1.14318423],\n       [ 7.4985118 ,  6.25327101,  0.27307567,  2.65756936,  0.0549415 ,\n        -1.15069035],\n       [ 7.49622933,  6.25130032,  0.2744634 ,  2.65626446,  0.0554857 ,\n        -1.149146  ],\n       [ 7.4968939 ,  6.25364728,  0.27377473,  2.65824139,  0.05471024,\n        -1.15461151],\n       [ 7.49804086,  6.25699905,  0.2712995 ,  2.65830167,  0.05917177,\n        -1.14701781]]), array([0.4930003 , 0.49300066, 0.49300073, 0.49300081, 0.49300096,\n       0.49300123, 0.49300207]))"}, "6": {"maxiter": 500, "fatol": 1e-10, "xatol": 1e-05, "duration": 0.12746810913085938, "fun": "0.49300030042612353", "nit": "500", "nfev": "760", "status": "2", "success": "False", "message": "Maximum number of iterations has been exceeded.", "x": "[ 7.49791577  6.25309126  0.27382156  2.65374151  0.05514839 -1.15254666]", "final_simplex": "(array([[ 7.49791577,  6.25309126,  0.27382156,  2.65374151,  0.05514839,\n        -1.15254666],\n       [ 7.49688733,  6.25268423,  0.27573296,  2.6576469 ,  0.05673353,\n        -1.14923745],\n       [ 7.49876774,  6.25310451,  0.27474514,  2.6576616 ,  0.06416518,\n        -1.14318423],\n       [ 7.4985118 ,  6.25327101,  0.27307567,  2.65756936,  0.0549415 ,\n        -1.15069035],\n       [ 7.49622933,  6.25130032,  0.2744634 ,  2.65626446,  0.0554857 ,\n        -1.149146  ],\n       [ 7.4968939 ,  6.25364728,  0.27377473,  2.65824139,  0.05471024,\n        -1.15461151],\n       [ 7.49804086,  6.25699905,  0.2712995 ,  2.65830167,  0.05917177,\n        -1.14701781]]), array([0.4930003 , 0.49300066, 0.49300073, 0.49300081, 0.49300096,\n       0.49300123, 0.49300207]))"}, "7": {"maxiter": 500, "fatol": 1e-10, "xatol": 1e-10, "duration": 0.12727093696594238, "fun": "0.49300030042612353", "nit": "500", "nfev": "760", "status": "2", "success": "False", "message": "Maximum number of iterations has been exceeded.", "x": "[ 7.49791577  6.25309126  0.27382156  2.65374151  0.05514839 -1.15254666]", "final_simplex": "(array([[ 7.49791577,  6.25309126,  0.27382156,  2.65374151,  0.05514839,\n        -1.15254666],\n       [ 7.49688733,  6.25268423,  0.27573296,  2.6576469 ,  0.05673353,\n        -1.14923745],\n       [ 7.49876774,  6.25310451,  0.27474514,  2.6576616 ,  0.06416518,\n        -1.14318423],\n       [ 7.4985118 ,  6.25327101,  0.27307567,  2.65756936,  0.0549415 ,\n        -1.15069035],\n       [ 7.49622933,  6.25130032,  0.2744634 ,  2.65626446,  0.0554857 ,\n        -1.149146  ],\n       [ 7.4968939 ,  6.25364728,  0.27377473,  2.65824139,  0.05471024,\n        -1.15461151],\n       [ 7.49804086,  6.25699905,  0.2712995 ,  2.65830167,  0.05917177,\n        -1.14701781]]), array([0.4930003 , 0.49300066, 0.49300073, 0.49300081, 0.49300096,\n       0.49300123, 0.49300207]))"}, "8": {"maxiter": 1000, "fatol": 1e-05, "xatol": 1e-05, "duration": 0.1593339443206787, "fun": "0.49299912149280034", "nit": "619", "nfev": "953", "status": "0", "success": "True", "message": "Optimization terminated successfully.", "x": "[ 7.49878744  6.25320886  0.27363576  2.65573197  0.05959973 -1.14880021]", "final_simplex": "(array([[ 7.49878744,  6.25320886,  0.27363576,  2.65573197,  0.05959973,\n        -1.14880021],\n       [ 7.49878798,  6.25321247,  0.27363   ,  2.65573447,  0.05960594,\n        -1.14879704],\n       [ 7.49878234,  6.25320754,  0.27363522,  2.65573471,  0.0595977 ,\n        -1.14880176],\n       [ 7.49878389,  6.25320495,  0.27363481,  2.65573465,  0.05959773,\n        -1.14879894],\n       [ 7.49878731,  6.2532076 ,  0.27363705,  2.65573563,  0.05959592,\n        -1.14880707],\n       [ 7.49878634,  6.25320892,  0.273633  ,  2.65573225,  0.05959187,\n        -1.14880908],\n       [ 7.49878412,  6.25320545,  0.27363436,  2.65573575,  0.05959139,\n        -1.14880347]]), array([0.49299912, 0.49299912, 0.49299912, 0.49299912, 0.49299912,\n       0.49299912, 0.49299912]))"}, "9": {"maxiter": 1000, "fatol": 1e-05, "xatol": 1e-10, "duration": 0.2078549861907959, "fun": "0.49299912148603064", "nit": "758", "nfev": "1227", "status": "0", "success": "True", "message": "Optimization terminated successfully.", "x": "[ 7.49878573  6.25321705  0.27363483  2.65573211  0.05960563 -1.14879279]", "final_simplex": "(array([[ 7.49878573,  6.25321705,  0.27363483,  2.65573211,  0.05960563,\n        -1.14879279],\n       [ 7.49878573,  6.25321705,  0.27363483,  2.65573211,  0.05960563,\n        -1.14879279],\n       [ 7.49878573,  6.25321705,  0.27363483,  2.65573211,  0.05960563,\n        -1.14879279],\n       [ 7.49878573,  6.25321705,  0.27363483,  2.65573211,  0.05960563,\n        -1.14879279],\n       [ 7.49878573,  6.25321705,  0.27363483,  2.65573211,  0.05960563,\n        -1.14879279],\n       [ 7.49878573,  6.25321705,  0.27363483,  2.65573211,  0.05960563,\n        -1.14879279],\n       [ 7.49878573,  6.25321705,  0.27363483,  2.65573211,  0.05960563,\n        -1.14879279]]), array([0.49299912, 0.49299912, 0.49299912, 0.49299912, 0.49299912,\n       0.49299912, 0.49299912]))"}, "10": {"maxiter": 1000, "fatol": 1e-10, "xatol": 1e-05, "duration": 0.16153502464294434, "fun": "0.49299912149280034", "nit": "619", "nfev": "953", "status": "0", "success": "True", "message": "Optimization terminated successfully.", "x": "[ 7.49878744  6.25320886  0.27363576  2.65573197  0.05959973 -1.14880021]", "final_simplex": "(array([[ 7.49878744,  6.25320886,  0.27363576,  2.65573197,  0.05959973,\n        -1.14880021],\n       [ 7.49878798,  6.25321247,  0.27363   ,  2.65573447,  0.05960594,\n        -1.14879704],\n       [ 7.49878234,  6.25320754,  0.27363522,  2.65573471,  0.0595977 ,\n        -1.14880176],\n       [ 7.49878389,  6.25320495,  0.27363481,  2.65573465,  0.05959773,\n        -1.14879894],\n       [ 7.49878731,  6.2532076 ,  0.27363705,  2.65573563,  0.05959592,\n        -1.14880707],\n       [ 7.49878634,  6.25320892,  0.273633  ,  2.65573225,  0.05959187,\n        -1.14880908],\n       [ 7.49878412,  6.25320545,  0.27363436,  2.65573575,  0.05959139,\n        -1.14880347]]), array([0.49299912, 0.49299912, 0.49299912, 0.49299912, 0.49299912,\n       0.49299912, 0.49299912]))"}, "11": {"maxiter": 1000, "fatol": 1e-10, "xatol": 1e-10, "duration": 0.20749807357788086, "fun": "0.49299912148603064", "nit": "758", "nfev": "1227", "status": "0", "success": "True", "message": "Optimization terminated successfully.", "x": "[ 7.49878573  6.25321705  0.27363483  2.65573211  0.05960563 -1.14879279]", "final_simplex": "(array([[ 7.49878573,  6.25321705,  0.27363483,  2.65573211,  0.05960563,\n        -1.14879279],\n       [ 7.49878573,  6.25321705,  0.27363483,  2.65573211,  0.05960563,\n        -1.14879279],\n       [ 7.49878573,  6.25321705,  0.27363483,  2.65573211,  0.05960563,\n        -1.14879279],\n       [ 7.49878573,  6.25321705,  0.27363483,  2.65573211,  0.05960563,\n        -1.14879279],\n       [ 7.49878573,  6.25321705,  0.27363483,  2.65573211,  0.05960563,\n        -1.14879279],\n       [ 7.49878573,  6.25321705,  0.27363483,  2.65573211,  0.05960563,\n        -1.14879279],\n       [ 7.49878573,  6.25321705,  0.27363483,  2.65573211,  0.05960563,\n        -1.14879279]]), array([0.49299912, 0.49299912, 0.49299912, 0.49299912, 0.49299912,\n       0.49299912, 0.49299912]))"}}, "bfgs": {"type": "gradient", "0": {"maxiter": 100, "gtol": 1e-05, "xrtol": 1e-05, "eps": 1e-05, "duration": 0.0405580997467041, "fun": "0.49299912152488734", "jac": "[-6.57718324e-07 -2.12807549e-07  1.73776549e-06  1.37816425e-06\n  1.21868071e-06  9.15045817e-08]", "hess_inv": "[[ 4.64842664  0.03812923 -0.67890143  0.80280553  1.12549012  2.01883955]\n [ 0.03812923  8.10697413 -2.38711257 -0.31408258  3.35361609  1.15806662]\n [-0.67890143 -2.38711257  5.12516522  0.25776506 -3.81078073 -3.18330182]\n [ 0.80280553 -0.31408258  0.25776506  3.93671115 -0.43806204 -0.10794001]\n [ 1.12549012  3.35361609 -3.81078073 -0.43806204 19.80433381 16.77478007]\n [ 2.01883955  1.15806662 -3.18330182 -0.10794001 16.77478007 18.66511064]]", "nfev": "224", "njev": "32", "status": "0", "success": "True", "message": "Optimization terminated successfully.", "x": "[5.0675733  3.11161113 3.41523755 2.65573141 6.34276157 5.13436116]", "nit": "26"}, "1": {"maxiter": 100, "gtol": 1e-05, "xrtol": 1e-05, "eps": 1e-10, "duration": 0.04035139083862305, "fun": "0.49299912152267245", "jac": "[ 0.00000000e+00 -1.11022293e-06  0.00000000e+00  2.22044587e-06\n  2.22044587e-06  1.11022293e-06]", "hess_inv": "[[ 4.64564387e+00  4.29974084e-03 -6.69059822e-01  8.30323907e-01\n   1.05568629e+00  1.98187583e+00]\n [ 4.29974084e-03  8.00603028e+00 -2.32386792e+00 -3.03294067e-01\n   3.07771966e+00  9.36377250e-01]\n [-6.69059822e-01 -2.32386792e+00  5.09219199e+00  2.10458569e-01\n  -3.65933422e+00 -3.08852008e+00]\n [ 8.30323907e-01 -3.03294067e-01  2.10458569e-01  3.99494897e+00\n  -3.38348307e-01  2.71324862e-02]\n [ 1.05568629e+00  3.07771966e+00 -3.65933422e+00 -3.38348307e-01\n   1.90921225e+01  1.62493181e+01]\n [ 1.98187583e+00  9.36377250e-01 -3.08852008e+00  2.71324862e-02\n   1.62493181e+01  1.83281866e+01]]", "nfev": "224", "njev": "32", "status": "0", "success": "True", "message": "Optimization terminated successfully.", "x": "[5.06758621 3.11161347 3.41522782 2.65574034 6.34281505 5.1344175 ]", "nit": "26"}, "2": {"maxiter": 100, "gtol": 1e-05, "xrtol": 1e-10, "eps": 1e-05, "duration": 0.040422916412353516, "fun": "0.49299912152488734", "jac": "[-6.57718324e-07 -2.12807549e-07  1.73776549e-06  1.37816425e-06\n  1.21868071e-06  9.15045817e-08]", "hess_inv": "[[ 4.64842664  0.03812923 -0.67890143  0.80280553  1.12549012  2.01883955]\n [ 0.03812923  8.10697413 -2.38711257 -0.31408258  3.35361609  1.15806662]\n [-0.67890143 -2.38711257  5.12516522  0.25776506 -3.81078073 -3.18330182]\n [ 0.80280553 -0.31408258  0.25776506  3.93671115 -0.43806204 -0.10794001]\n [ 1.12549012  3.35361609 -3.81078073 -0.43806204 19.80433381 16.77478007]\n [ 2.01883955  1.15806662 -3.18330182 -0.10794001 16.77478007 18.66511064]]", "nfev": "224", "njev": "32", "status": "0", "success": "True", "message": "Optimization terminated successfully.", "x": "[5.0675733  3.11161113 3.41523755 2.65573141 6.34276157 5.13436116]", "nit": "26"}, "3": {"maxiter": 100, "gtol": 1e-05, "xrtol": 1e-10, "eps": 1e-10, "duration": 0.040357112884521484, "fun": "0.49299912152267245", "jac": "[ 0.00000000e+00 -1.11022293e-06  0.00000000e+00  2.22044587e-06\n  2.22044587e-06  1.11022293e-06]", "hess_inv": "[[ 4.64564387e+00  4.29974084e-03 -6.69059822e-01  8.30323907e-01\n   1.05568629e+00  1.98187583e+00]\n [ 4.29974084e-03  8.00603028e+00 -2.32386792e+00 -3.03294067e-01\n   3.07771966e+00  9.36377250e-01]\n [-6.69059822e-01 -2.32386792e+00  5.09219199e+00  2.10458569e-01\n  -3.65933422e+00 -3.08852008e+00]\n [ 8.30323907e-01 -3.03294067e-01  2.10458569e-01  3.99494897e+00\n  -3.38348307e-01  2.71324862e-02]\n [ 1.05568629e+00  3.07771966e+00 -3.65933422e+00 -3.38348307e-01\n   1.90921225e+01  1.62493181e+01]\n [ 1.98187583e+00  9.36377250e-01 -3.08852008e+00  2.71324862e-02\n   1.62493181e+01  1.83281866e+01]]", "nfev": "224", "njev": "32", "status": "0", "success": "True", "message": "Optimization terminated successfully.", "x": "[5.06758621 3.11161347 3.41522782 2.65574034 6.34281505 5.1344175 ]", "nit": "26"}, "4": {"maxiter": 100, "gtol": 1e-10, "xrtol": 1e-05, "eps": 1e-05, "duration": 0.08558893203735352, "fun": "0.49299912152488734", "jac": "[-6.57718324e-07 -2.12807549e-07  1.73776549e-06  1.37816425e-06\n  1.21868071e-06  9.15045817e-08]", "hess_inv": "[[ 4.6507853   0.02377934 -0.69167066  0.80663206  1.03059936  1.95787015]\n [ 0.02377934  8.02642497 -2.35631085 -0.23128663  3.26507652  1.15794924]\n [-0.69167066 -2.35631085  5.18119878  0.26667875 -3.48305088 -2.95687062]\n [ 0.80663206 -0.23128663  0.26667875  3.87588308 -0.17121736  0.02763639]\n [ 1.03059936  3.26507652 -3.48305088 -0.17121736 20.9805482  17.75572691]\n [ 1.95787015  1.15794924 -2.95687062  0.02763639 17.75572691 19.42088738]]", "nfev": "481", "njev": "67", "status": "2", "success": "False", "message": "Desired error not necessarily achieved due to precision loss.", "x": "[5.0675733  3.11161113 3.41523755 2.65573141 6.34276157 5.13436116]", "nit": "26"}, "5": {"maxiter": 100, "gtol": 1e-10, "xrtol": 1e-05, "eps": 1e-10, "duration": 0.04270792007446289, "fun": "0.4929991214963402", "jac": "[0.00000000e+00 0.00000000e+00 0.00000000e+00 1.11022293e-06\n 0.00000000e+00 0.00000000e+00]", "hess_inv": "[[ 4.58409573  0.05669643 -0.52855833  0.73051678  1.14968195  1.88490247]\n [ 0.05669643  7.97932705 -2.41449207 -0.22724141  3.31320824  1.23588178]\n [-0.52855833 -2.41449207  4.8183889   0.42386395 -3.36306366 -2.51588418]\n [ 0.73051678 -0.22724141  0.42386395  3.83753941 -0.34302628 -0.23814737]\n [ 1.14968195  3.31320824 -3.36306366 -0.34302628 24.50892729 20.22082789]\n [ 1.88490247  1.23588178 -2.51588418 -0.23814737 20.22082789 20.80445536]]", "nfev": "238", "njev": "34", "status": "0", "success": "True", "message": "Optimization terminated successfully.", "x": "[5.06758329 3.11161377 3.41523095 2.65573669 6.34278093 5.13438637]", "nit": "27"}, "6": {"maxiter": 100, "gtol": 1e-10, "xrtol": 1e-10, "eps": 1e-05, "duration": 0.08562684059143066, "fun": "0.49299912152488734", "jac": "[-6.57718324e-07 -2.12807549e-07  1.73776549e-06  1.37816425e-06\n  1.21868071e-06  9.15045817e-08]", "hess_inv": "[[ 4.6507853   0.02377934 -0.69167066  0.80663206  1.03059936  1.95787015]\n [ 0.02377934  8.02642497 -2.35631085 -0.23128663  3.26507652  1.15794924]\n [-0.69167066 -2.35631085  5.18119878  0.26667875 -3.48305088 -2.95687062]\n [ 0.80663206 -0.23128663  0.26667875  3.87588308 -0.17121736  0.02763639]\n [ 1.03059936  3.26507652 -3.48305088 -0.17121736 20.9805482  17.75572691]\n [ 1.95787015  1.15794924 -2.95687062  0.02763639 17.75572691 19.42088738]]", "nfev": "481", "njev": "67", "status": "2", "success": "False", "message": "Desired error not necessarily achieved due to precision loss.", "x": "[5.0675733  3.11161113 3.41523755 2.65573141 6.34276157 5.13436116]", "nit": "26"}, "7": {"maxiter": 100, "gtol": 1e-10, "xrtol": 1e-10, "eps": 1e-10, "duration": 0.06139516830444336, "fun": "0.4929991214929076", "jac": "[ 0.00000000e+00 -1.11022293e-06 -1.11022293e-06  0.00000000e+00\n  0.00000000e+00  0.00000000e+00]", "hess_inv": "[[   3.58036689   -4.97805327    1.54588956    6.70426141   -5.14878443\n    -3.25375127]\n [  -4.97805327   95.9515649   -45.86434033 -181.10419154   81.66106404\n    58.99713841]\n [   1.54588956  -45.86434033   25.94328694   87.64826075  -40.90623703\n   -30.03782797]\n [   6.70426141 -181.10419154   87.64826075  348.39022273 -154.64100747\n  -112.52361759]\n [  -5.14878443   81.66106404  -40.90623703 -154.64100747   72.29179068\n    50.67509365]\n [  -3.25375127   58.99713841  -30.03782797 -112.52361759   50.67509365\n    38.6443316 ]]", "nfev": "343", "njev": "49", "status": "0", "success": "True", "message": "Optimization terminated successfully.", "x": "[5.0675822  3.11161569 3.4152296  2.65572879 6.34278225 5.13438717]", "nit": "30"}, "8": {"maxiter": 500, "gtol": 1e-05, "xrtol": 1e-05, "eps": 1e-05, "duration": 0.03991413116455078, "fun": "0.49299912152488734", "jac": "[-6.57718324e-07 -2.12807549e-07  1.73776549e-06  1.37816425e-06\n  1.21868071e-06  9.15045817e-08]", "hess_inv": "[[ 4.64842664  0.03812923 -0.67890143  0.80280553  1.12549012  2.01883955]\n [ 0.03812923  8.10697413 -2.38711257 -0.31408258  3.35361609  1.15806662]\n [-0.67890143 -2.38711257  5.12516522  0.25776506 -3.81078073 -3.18330182]\n [ 0.80280553 -0.31408258  0.25776506  3.93671115 -0.43806204 -0.10794001]\n [ 1.12549012  3.35361609 -3.81078073 -0.43806204 19.80433381 16.77478007]\n [ 2.01883955  1.15806662 -3.18330182 -0.10794001 16.77478007 18.66511064]]", "nfev": "224", "njev": "32", "status": "0", "success": "True", "message": "Optimization terminated successfully.", "x": "[5.0675733  3.11161113 3.41523755 2.65573141 6.34276157 5.13436116]", "nit": "26"}, "9": {"maxiter": 500, "gtol": 1e-05, "xrtol": 1e-05, "eps": 1e-10, "duration": 0.03987312316894531, "fun": "0.49299912152267245", "jac": "[ 0.00000000e+00 -1.11022293e-06  0.00000000e+00  2.22044587e-06\n  2.22044587e-06  1.11022293e-06]", "hess_inv": "[[ 4.64564387e+00  4.29974084e-03 -6.69059822e-01  8.30323907e-01\n   1.05568629e+00  1.98187583e+00]\n [ 4.29974084e-03  8.00603028e+00 -2.32386792e+00 -3.03294067e-01\n   3.07771966e+00  9.36377250e-01]\n [-6.69059822e-01 -2.32386792e+00  5.09219199e+00  2.10458569e-01\n  -3.65933422e+00 -3.08852008e+00]\n [ 8.30323907e-01 -3.03294067e-01  2.10458569e-01  3.99494897e+00\n  -3.38348307e-01  2.71324862e-02]\n [ 1.05568629e+00  3.07771966e+00 -3.65933422e+00 -3.38348307e-01\n   1.90921225e+01  1.62493181e+01]\n [ 1.98187583e+00  9.36377250e-01 -3.08852008e+00  2.71324862e-02\n   1.62493181e+01  1.83281866e+01]]", "nfev": "224", "njev": "32", "status": "0", "success": "True", "message": "Optimization terminated successfully.", "x": "[5.06758621 3.11161347 3.41522782 2.65574034 6.34281505 5.1344175 ]", "nit": "26"}, "10": {"maxiter": 500, "gtol": 1e-05, "xrtol": 1e-10, "eps": 1e-05, "duration": 0.039778947830200195, "fun": "0.49299912152488734", "jac": "[-6.57718324e-07 -2.12807549e-07  1.73776549e-06  1.37816425e-06\n  1.21868071e-06  9.15045817e-08]", "hess_inv": "[[ 4.64842664  0.03812923 -0.67890143  0.80280553  1.12549012  2.01883955]\n [ 0.03812923  8.10697413 -2.38711257 -0.31408258  3.35361609  1.15806662]\n [-0.67890143 -2.38711257  5.12516522  0.25776506 -3.81078073 -3.18330182]\n [ 0.80280553 -0.31408258  0.25776506  3.93671115 -0.43806204 -0.10794001]\n [ 1.12549012  3.35361609 -3.81078073 -0.43806204 19.80433381 16.77478007]\n [ 2.01883955  1.15806662 -3.18330182 -0.10794001 16.77478007 18.66511064]]", "nfev": "224", "njev": "32", "status": "0", "success": "True", "message": "Optimization terminated successfully.", "x": "[5.0675733  3.11161113 3.41523755 2.65573141 6.34276157 5.13436116]", "nit": "26"}, "11": {"maxiter": 500, "gtol": 1e-05, "xrtol": 1e-10, "eps": 1e-10, "duration": 0.03957414627075195, "fun": "0.49299912152267245", "jac": "[ 0.00000000e+00 -1.11022293e-06  0.00000000e+00  2.22044587e-06\n  2.22044587e-06  1.11022293e-06]", "hess_inv": "[[ 4.64564387e+00  4.29974084e-03 -6.69059822e-01  8.30323907e-01\n   1.05568629e+00  1.98187583e+00]\n [ 4.29974084e-03  8.00603028e+00 -2.32386792e+00 -3.03294067e-01\n   3.07771966e+00  9.36377250e-01]\n [-6.69059822e-01 -2.32386792e+00  5.09219199e+00  2.10458569e-01\n  -3.65933422e+00 -3.08852008e+00]\n [ 8.30323907e-01 -3.03294067e-01  2.10458569e-01  3.99494897e+00\n  -3.38348307e-01  2.71324862e-02]\n [ 1.05568629e+00  3.07771966e+00 -3.65933422e+00 -3.38348307e-01\n   1.90921225e+01  1.62493181e+01]\n [ 1.98187583e+00  9.36377250e-01 -3.08852008e+00  2.71324862e-02\n   1.62493181e+01  1.83281866e+01]]", "nfev": "224", "njev": "32", "status": "0", "success": "True", "message": "Optimization terminated successfully.", "x": "[5.06758621 3.11161347 3.41522782 2.65574034 6.34281505 5.1344175 ]", "nit": "26"}, "12": {"maxiter": 500, "gtol": 1e-10, "xrtol": 1e-05, "eps": 1e-05, "duration": 0.08411169052124023, "fun": "0.49299912152488734", "jac": "[-6.57718324e-07 -2.12807549e-07  1.73776549e-06  1.37816425e-06\n  1.21868071e-06  9.15045817e-08]", "hess_inv": "[[ 4.6507853   0.02377934 -0.69167066  0.80663206  1.03059936  1.95787015]\n [ 0.02377934  8.02642497 -2.35631085 -0.23128663  3.26507652  1.15794924]\n [-0.69167066 -2.35631085  5.18119878  0.26667875 -3.48305088 -2.95687062]\n [ 0.80663206 -0.23128663  0.26667875  3.87588308 -0.17121736  0.02763639]\n [ 1.03059936  3.26507652 -3.48305088 -0.17121736 20.9805482  17.75572691]\n [ 1.95787015  1.15794924 -2.95687062  0.02763639 17.75572691 19.42088738]]", "nfev": "481", "njev": "67", "status": "2", "success": "False", "message": "Desired error not necessarily achieved due to precision loss.", "x": "[5.0675733  3.11161113 3.41523755 2.65573141 6.34276157 5.13436116]", "nit": "26"}, "13": {"maxiter": 500, "gtol": 1e-10, "xrtol": 1e-05, "eps": 1e-10, "duration": 0.042093753814697266, "fun": "0.4929991214963402", "jac": "[0.00000000e+00 0.00000000e+00 0.00000000e+00 1.11022293e-06\n 0.00000000e+00 0.00000000e+00]", "hess_inv": "[[ 4.58409573  0.05669643 -0.52855833  0.73051678  1.14968195  1.88490247]\n [ 0.05669643  7.97932705 -2.41449207 -0.22724141  3.31320824  1.23588178]\n [-0.52855833 -2.41449207  4.8183889   0.42386395 -3.36306366 -2.51588418]\n [ 0.73051678 -0.22724141  0.42386395  3.83753941 -0.34302628 -0.23814737]\n [ 1.14968195  3.31320824 -3.36306366 -0.34302628 24.50892729 20.22082789]\n [ 1.88490247  1.23588178 -2.51588418 -0.23814737 20.22082789 20.80445536]]", "nfev": "238", "njev": "34", "status": "0", "success": "True", "message": "Optimization terminated successfully.", "x": "[5.06758329 3.11161377 3.41523095 2.65573669 6.34278093 5.13438637]", "nit": "27"}, "14": {"maxiter": 500, "gtol": 1e-10, "xrtol": 1e-10, "eps": 1e-05, "duration": 0.08126997947692871, "fun": "0.49299912152488734", "jac": "[-6.57718324e-07 -2.12807549e-07  1.73776549e-06  1.37816425e-06\n  1.21868071e-06  9.15045817e-08]", "hess_inv": "[[ 4.6507853   0.02377934 -0.69167066  0.80663206  1.03059936  1.95787015]\n [ 0.02377934  8.02642497 -2.35631085 -0.23128663  3.26507652  1.15794924]\n [-0.69167066 -2.35631085  5.18119878  0.26667875 -3.48305088 -2.95687062]\n [ 0.80663206 -0.23128663  0.26667875  3.87588308 -0.17121736  0.02763639]\n [ 1.03059936  3.26507652 -3.48305088 -0.17121736 20.9805482  17.75572691]\n [ 1.95787015  1.15794924 -2.95687062  0.02763639 17.75572691 19.42088738]]", "nfev": "481", "njev": "67", "status": "2", "success": "False", "message": "Desired error not necessarily achieved due to precision loss.", "x": "[5.0675733  3.11161113 3.41523755 2.65573141 6.34276157 5.13436116]", "nit": "26"}, "15": {"maxiter": 500, "gtol": 1e-10, "xrtol": 1e-10, "eps": 1e-10, "duration": 0.05814719200134277, "fun": "0.4929991214929076", "jac": "[ 0.00000000e+00 -1.11022293e-06 -1.11022293e-06  0.00000000e+00\n  0.00000000e+00  0.00000000e+00]", "hess_inv": "[[   3.58036689   -4.97805327    1.54588956    6.70426141   -5.14878443\n    -3.25375127]\n [  -4.97805327   95.9515649   -45.86434033 -181.10419154   81.66106404\n    58.99713841]\n [   1.54588956  -45.86434033   25.94328694   87.64826075  -40.90623703\n   -30.03782797]\n [   6.70426141 -181.10419154   87.64826075  348.39022273 -154.64100747\n  -112.52361759]\n [  -5.14878443   81.66106404  -40.90623703 -154.64100747   72.29179068\n    50.67509365]\n [  -3.25375127   58.99713841  -30.03782797 -112.52361759   50.67509365\n    38.6443316 ]]", "nfev": "343", "njev": "49", "status": "0", "success": "True", "message": "Optimization terminated successfully.", "x": "[5.0675822  3.11161569 3.4152296  2.65572879 6.34278225 5.13438717]", "nit": "30"}, "16": {"maxiter": 1000, "gtol": 1e-05, "xrtol": 1e-05, "eps": 1e-05, "duration": 0.03822493553161621, "fun": "0.49299912152488734", "jac": "[-6.57718324e-07 -2.12807549e-07  1.73776549e-06  1.37816425e-06\n  1.21868071e-06  9.15045817e-08]", "hess_inv": "[[ 4.64842664  0.03812923 -0.67890143  0.80280553  1.12549012  2.01883955]\n [ 0.03812923  8.10697413 -2.38711257 -0.31408258  3.35361609  1.15806662]\n [-0.67890143 -2.38711257  5.12516522  0.25776506 -3.81078073 -3.18330182]\n [ 0.80280553 -0.31408258  0.25776506  3.93671115 -0.43806204 -0.10794001]\n [ 1.12549012  3.35361609 -3.81078073 -0.43806204 19.80433381 16.77478007]\n [ 2.01883955  1.15806662 -3.18330182 -0.10794001 16.77478007 18.66511064]]", "nfev": "224", "njev": "32", "status": "0", "success": "True", "message": "Optimization terminated successfully.", "x": "[5.0675733  3.11161113 3.41523755 2.65573141 6.34276157 5.13436116]", "nit": "26"}, "17": {"maxiter": 1000, "gtol": 1e-05, "xrtol": 1e-05, "eps": 1e-10, "duration": 0.03827404975891113, "fun": "0.49299912152267245", "jac": "[ 0.00000000e+00 -1.11022293e-06  0.00000000e+00  2.22044587e-06\n  2.22044587e-06  1.11022293e-06]", "hess_inv": "[[ 4.64564387e+00  4.29974084e-03 -6.69059822e-01  8.30323907e-01\n   1.05568629e+00  1.98187583e+00]\n [ 4.29974084e-03  8.00603028e+00 -2.32386792e+00 -3.03294067e-01\n   3.07771966e+00  9.36377250e-01]\n [-6.69059822e-01 -2.32386792e+00  5.09219199e+00  2.10458569e-01\n  -3.65933422e+00 -3.08852008e+00]\n [ 8.30323907e-01 -3.03294067e-01  2.10458569e-01  3.99494897e+00\n  -3.38348307e-01  2.71324862e-02]\n [ 1.05568629e+00  3.07771966e+00 -3.65933422e+00 -3.38348307e-01\n   1.90921225e+01  1.62493181e+01]\n [ 1.98187583e+00  9.36377250e-01 -3.08852008e+00  2.71324862e-02\n   1.62493181e+01  1.83281866e+01]]", "nfev": "224", "njev": "32", "status": "0", "success": "True", "message": "Optimization terminated successfully.", "x": "[5.06758621 3.11161347 3.41522782 2.65574034 6.34281505 5.1344175 ]", "nit": "26"}, "18": {"maxiter": 1000, "gtol": 1e-05, "xrtol": 1e-10, "eps": 1e-05, "duration": 0.03828597068786621, "fun": "0.49299912152488734", "jac": "[-6.57718324e-07 -2.12807549e-07  1.73776549e-06  1.37816425e-06\n  1.21868071e-06  9.15045817e-08]", "hess_inv": "[[ 4.64842664  0.03812923 -0.67890143  0.80280553  1.12549012  2.01883955]\n [ 0.03812923  8.10697413 -2.38711257 -0.31408258  3.35361609  1.15806662]\n [-0.67890143 -2.38711257  5.12516522  0.25776506 -3.81078073 -3.18330182]\n [ 0.80280553 -0.31408258  0.25776506  3.93671115 -0.43806204 -0.10794001]\n [ 1.12549012  3.35361609 -3.81078073 -0.43806204 19.80433381 16.77478007]\n [ 2.01883955  1.15806662 -3.18330182 -0.10794001 16.77478007 18.66511064]]", "nfev": "224", "njev": "32", "status": "0", "success": "True", "message": "Optimization terminated successfully.", "x": "[5.0675733  3.11161113 3.41523755 2.65573141 6.34276157 5.13436116]", "nit": "26"}, "19": {"maxiter": 1000, "gtol": 1e-05, "xrtol": 1e-10, "eps": 1e-10, "duration": 0.03839588165283203, "fun": "0.49299912152267245", "jac": "[ 0.00000000e+00 -1.11022293e-06  0.00000000e+00  2.22044587e-06\n  2.22044587e-06  1.11022293e-06]", "hess_inv": "[[ 4.64564387e+00  4.29974084e-03 -6.69059822e-01  8.30323907e-01\n   1.05568629e+00  1.98187583e+00]\n [ 4.29974084e-03  8.00603028e+00 -2.32386792e+00 -3.03294067e-01\n   3.07771966e+00  9.36377250e-01]\n [-6.69059822e-01 -2.32386792e+00  5.09219199e+00  2.10458569e-01\n  -3.65933422e+00 -3.08852008e+00]\n [ 8.30323907e-01 -3.03294067e-01  2.10458569e-01  3.99494897e+00\n  -3.38348307e-01  2.71324862e-02]\n [ 1.05568629e+00  3.07771966e+00 -3.65933422e+00 -3.38348307e-01\n   1.90921225e+01  1.62493181e+01]\n [ 1.98187583e+00  9.36377250e-01 -3.08852008e+00  2.71324862e-02\n   1.62493181e+01  1.83281866e+01]]", "nfev": "224", "njev": "32", "status": "0", "success": "True", "message": "Optimization terminated successfully.", "x": "[5.06758621 3.11161347 3.41522782 2.65574034 6.34281505 5.1344175 ]", "nit": "26"}, "20": {"maxiter": 1000, "gtol": 1e-10, "xrtol": 1e-05, "eps": 1e-05, "duration": 0.08184385299682617, "fun": "0.49299912152488734", "jac": "[-6.57718324e-07 -2.12807549e-07  1.73776549e-06  1.37816425e-06\n  1.21868071e-06  9.15045817e-08]", "hess_inv": "[[ 4.6507853   0.02377934 -0.69167066  0.80663206  1.03059936  1.95787015]\n [ 0.02377934  8.02642497 -2.35631085 -0.23128663  3.26507652  1.15794924]\n [-0.69167066 -2.35631085  5.18119878  0.26667875 -3.48305088 -2.95687062]\n [ 0.80663206 -0.23128663  0.26667875  3.87588308 -0.17121736  0.02763639]\n [ 1.03059936  3.26507652 -3.48305088 -0.17121736 20.9805482  17.75572691]\n [ 1.95787015  1.15794924 -2.95687062  0.02763639 17.75572691 19.42088738]]", "nfev": "481", "njev": "67", "status": "2", "success": "False", "message": "Desired error not necessarily achieved due to precision loss.", "x": "[5.0675733  3.11161113 3.41523755 2.65573141 6.34276157 5.13436116]", "nit": "26"}, "21": {"maxiter": 1000, "gtol": 1e-10, "xrtol": 1e-05, "eps": 1e-10, "duration": 0.04102921485900879, "fun": "0.4929991214963402", "jac": "[0.00000000e+00 0.00000000e+00 0.00000000e+00 1.11022293e-06\n 0.00000000e+00 0.00000000e+00]", "hess_inv": "[[ 4.58409573  0.05669643 -0.52855833  0.73051678  1.14968195  1.88490247]\n [ 0.05669643  7.97932705 -2.41449207 -0.22724141  3.31320824  1.23588178]\n [-0.52855833 -2.41449207  4.8183889   0.42386395 -3.36306366 -2.51588418]\n [ 0.73051678 -0.22724141  0.42386395  3.83753941 -0.34302628 -0.23814737]\n [ 1.14968195  3.31320824 -3.36306366 -0.34302628 24.50892729 20.22082789]\n [ 1.88490247  1.23588178 -2.51588418 -0.23814737 20.22082789 20.80445536]]", "nfev": "238", "njev": "34", "status": "0", "success": "True", "message": "Optimization terminated successfully.", "x": "[5.06758329 3.11161377 3.41523095 2.65573669 6.34278093 5.13438637]", "nit": "27"}, "22": {"maxiter": 1000, "gtol": 1e-10, "xrtol": 1e-10, "eps": 1e-05, "duration": 0.08232998847961426, "fun": "0.49299912152488734", "jac": "[-6.57718324e-07 -2.12807549e-07  1.73776549e-06  1.37816425e-06\n  1.21868071e-06  9.15045817e-08]", "hess_inv": "[[ 4.6507853   0.02377934 -0.69167066  0.80663206  1.03059936  1.95787015]\n [ 0.02377934  8.02642497 -2.35631085 -0.23128663  3.26507652  1.15794924]\n [-0.69167066 -2.35631085  5.18119878  0.26667875 -3.48305088 -2.95687062]\n [ 0.80663206 -0.23128663  0.26667875  3.87588308 -0.17121736  0.02763639]\n [ 1.03059936  3.26507652 -3.48305088 -0.17121736 20.9805482  17.75572691]\n [ 1.95787015  1.15794924 -2.95687062  0.02763639 17.75572691 19.42088738]]", "nfev": "481", "njev": "67", "status": "2", "success": "False", "message": "Desired error not necessarily achieved due to precision loss.", "x": "[5.0675733  3.11161113 3.41523755 2.65573141 6.34276157 5.13436116]", "nit": "26"}, "23": {"maxiter": 1000, "gtol": 1e-10, "xrtol": 1e-10, "eps": 1e-10, "duration": 0.05923199653625488, "fun": "0.4929991214929076", "jac": "[ 0.00000000e+00 -1.11022293e-06 -1.11022293e-06  0.00000000e+00\n  0.00000000e+00  0.00000000e+00]", "hess_inv": "[[   3.58036689   -4.97805327    1.54588956    6.70426141   -5.14878443\n    -3.25375127]\n [  -4.97805327   95.9515649   -45.86434033 -181.10419154   81.66106404\n    58.99713841]\n [   1.54588956  -45.86434033   25.94328694   87.64826075  -40.90623703\n   -30.03782797]\n [   6.70426141 -181.10419154   87.64826075  348.39022273 -154.64100747\n  -112.52361759]\n [  -5.14878443   81.66106404  -40.90623703 -154.64100747   72.29179068\n    50.67509365]\n [  -3.25375127   58.99713841  -30.03782797 -112.52361759   50.67509365\n    38.6443316 ]]", "nfev": "343", "njev": "49", "status": "0", "success": "True", "message": "Optimization terminated successfully.", "x": "[5.0675822  3.11161569 3.4152296  2.65572879 6.34278225 5.13438717]", "nit": "30"}}, "cobyla": {"0": {"maxiter": 100, "tol": 1e-05, "catol": 1e-05, "duration": 0.016498327255249023, "x": "[3.28086606 5.1916913  4.81099787 0.64568326 6.60966897 3.85599572]", "status": "2", "success": "False", "message": "Maximum number of function evaluations has been exceeded.", "nfev": "100", "fun": "0.7602248827035321", "maxcv": "0.0"}, "1": {"maxiter": 100, "tol": 1e-05, "catol": 1e-10, "duration": 0.016447067260742188, "x": "[3.28086606 5.1916913  4.81099787 0.64568326 6.60966897 3.85599572]", "status": "2", "success": "False", "message": "Maximum number of function evaluations has been exceeded.", "nfev": "100", "fun": "0.7602248827035321", "maxcv": "0.0"}, "2": {"maxiter": 100, "tol": 1e-10, "catol": 1e-05, "duration": 0.016423940658569336, "x": "[3.28086606 5.1916913  4.81099787 0.64568326 6.60966897 3.85599572]", "status": "2", "success": "False", "message": "Maximum number of function evaluations has been exceeded.", "nfev": "100", "fun": "0.7602248827035321", "maxcv": "0.0"}, "3": {"maxiter": 100, "tol": 1e-10, "catol": 1e-10, "duration": 0.016485929489135742, "x": "[3.28086606 5.1916913  4.81099787 0.64568326 6.60966897 3.85599572]", "status": "2", "success": "False", "message": "Maximum number of function evaluations has been 