{"date": "2024/07/19/, 09:00:32", "conf_id": 172, "data_type": "non_lin_ind\n", "num_data_points": 1, "s_rank": 0, "unitary": "[[0.18663085-0.53122324j,-0.11886349-0.70040876j,0.28555095-0.02789305j,-0.12262021-0.2844587j],[-0.16702216+0.27758472j,0.27526351-0.29738586j,-0.01109314+0.22495461j,-0.77239203+0.28900673j],[0.61935415+0.12301792j,-0.31269928-0.03315917j,-0.61902762-0.19039079j,-0.27120731-0.0968989j],[0.42341754+0.0023929j,-0.05847358+0.47832119j,0.64900495-0.16218422j,-0.37182676-0.05229966j]]", "databatch_0": {"databatch": "[[[-0.23671763-0.26604343j,-0.29077226+0.03351329j,0.14457206-0.05133197j,-0.17749553-0.03145416j],[0.10821423+0.24453939j,-0.35130498+0.20745319j,-0.0577959-0.09321093j,0.16838244-0.08076498j],[0.18460798+0.09309119j,-0.12678736-0.30396661j,-0.07453887-0.02141417j,-0.06552912-0.02790016j],[0.04957964-0.13584788j,0.08341907-0.00159841j,0.03693411+0.26018331j,0.36071578+0.23929997j]]]", "initial param values": "[5.02690063,1.00326593,2.3297005,0.67639428,5.96751003,0.07675869]", "nelder_mead": {"type": "gradient-free", "0": {"maxiter": 100, "fatol": 1e-05, "xatol": 1e-05, "duration": 0.02525019645690918, "fun": "0.3805128197681612", "nit": "100", "nfev": "149", "status": "2", "success": "False", "message": "Maximum number of iterations has been exceeded.", "x": "[ 7.50590314  0.18327915  3.22201514  3.29602875  4.23991444 -0.12183675]", "final_simplex": "(array([[ 7.50590314,  0.18327915,  3.22201514,  3.29602875,  4.23991444,\n        -0.12183675],\n       [ 7.68599647,  0.15726825,  3.4148862 ,  3.28565112,  4.2976444 ,\n        -0.13429729],\n       [ 7.50722171,  0.25597085,  3.19110817,  3.04657671,  4.27440342,\n        -0.11379505],\n       [ 7.45720187,  0.1308412 ,  3.32960626,  3.4111383 ,  3.98602487,\n        -0.1270606 ],\n       [ 7.81581984,  0.12857969,  3.4187143 ,  3.56679147,  4.21393731,\n        -0.15137515],\n       [ 7.34499089,  0.23666536,  3.17769641,  3.08854605,  4.08919375,\n        -0.10335048],\n       [ 7.49470615,  0.17988603,  3.13682337,  3.2194757 ,  4.03387655,\n        -0.11163978]]), array([0.38051282, 0.38166546, 0.38419869, 0.38872278, 0.3899025 ,\n       0.3902987 , 0.39120908]))"}, "1": {"maxiter": 100, "fatol": 1e-05, "xatol": 1e-10, "duration": 0.025259017944335938, "fun": "0.3805128197681612", "nit": "100", "nfev": "149", "status": "2", "success": "False", "message": "Maximum number of iterations has been exceeded.", "x": "[ 7.50590314  0.18327915  3.22201514  3.29602875  4.23991444 -0.12183675]", "final_simplex": "(array([[ 7.50590314,  0.18327915,  3.22201514,  3.29602875,  4.23991444,\n        -0.12183675],\n       [ 7.68599647,  0.15726825,  3.4148862 ,  3.28565112,  4.2976444 ,\n        -0.13429729],\n       [ 7.50722171,  0.25597085,  3.19110817,  3.04657671,  4.27440342,\n        -0.11379505],\n       [ 7.45720187,  0.1308412 ,  3.32960626,  3.4111383 ,  3.98602487,\n        -0.1270606 ],\n       [ 7.81581984,  0.12857969,  3.4187143 ,  3.56679147,  4.21393731,\n        -0.15137515],\n       [ 7.34499089,  0.23666536,  3.17769641,  3.08854605,  4.08919375,\n        -0.10335048],\n       [ 7.49470615,  0.17988603,  3.13682337,  3.2194757 ,  4.03387655,\n        -0.11163978]]), array([0.38051282, 0.38166546, 0.38419869, 0.38872278, 0.3899025 ,\n       0.3902987 , 0.39120908]))"}, "2": {"maxiter": 100, "fatol": 1e-10, "xatol": 1e-05, "duration": 0.0283510684967041, "fun": "0.3805128197681612", "nit": "100", "nfev": "149", "status": "2", "success": "False", "message": "Maximum number of iterations has been exceeded.", "x": "[ 7.50590314  0.18327915  3.22201514  3.29602875  4.23991444 -0.12183675]", "final_simplex": "(array([[ 7.50590314,  0.18327915,  3.22201514,  3.29602875,  4.23991444,\n        -0.12183675],\n       [ 7.68599647,  0.15726825,  3.4148862 ,  3.28565112,  4.2976444 ,\n        -0.13429729],\n       [ 7.50722171,  0.25597085,  3.19110817,  3.04657671,  4.27440342,\n        -0.11379505],\n       [ 7.45720187,  0.1308412 ,  3.32960626,  3.4111383 ,  3.98602487,\n        -0.1270606 ],\n       [ 7.81581984,  0.12857969,  3.4187143 ,  3.56679147,  4.21393731,\n        -0.15137515],\n       [ 7.34499089,  0.23666536,  3.17769641,  3.08854605,  4.08919375,\n        -0.10335048],\n       [ 7.49470615,  0.17988603,  3.13682337,  3.2194757 ,  4.03387655,\n        -0.11163978]]), array([0.38051282, 0.38166546, 0.38419869, 0.38872278, 0.3899025 ,\n       0.3902987 , 0.39120908]))"}, "3": {"maxiter": 100, "fatol": 1e-10, "xatol": 1e-10, "duration": 0.026402950286865234, "fun": "0.3805128197681612", "nit": "100", "nfev": "149", "status": "2", "success": "False", "message": "Maximum number of iterations has been exceeded.", "x": "[ 7.50590314  0.18327915  3.22201514  3.29602875  4.23991444 -0.12183675]", "final_simplex": "(array([[ 7.50590314,  0.18327915,  3.22201514,  3.29602875,  4.23991444,\n        -0.12183675],\n       [ 7.68599647,  0.15726825,  3.4148862 ,  3.28565112,  4.2976444 ,\n        -0.13429729],\n       [ 7.50722171,  0.25597085,  3.19110817,  3.04657671,  4.27440342,\n        -0.11379505],\n       [ 7.45720187,  0.1308412 ,  3.32960626,  3.4111383 ,  3.98602487,\n        -0.1270606 ],\n       [ 7.81581984,  0.12857969,  3.4187143 ,  3.56679147,  4.21393731,\n        -0.15137515],\n       [ 7.34499089,  0.23666536,  3.17769641,  3.08854605,  4.08919375,\n        -0.10335048],\n       [ 7.49470615,  0.17988603,  3.13682337,  3.2194757 ,  4.03387655,\n        -0.11163978]]), array([0.38051282, 0.38166546, 0.38419869, 0.38872278, 0.3899025 ,\n       0.3902987 , 0.39120908]))"}, "4": {"maxiter": 500, "fatol": 1e-05, "xatol": 1e-05, "duration": 0.13005685806274414, "fun": "0.3440938716565074", "nit": "500", "nfev": "774", "status": "2", "success": "False", "message": "Maximum number of iterations has been exceeded.", "x": "[ 7.66718705  0.62990525  3.27762791  3.45920674  4.07887224 -0.31867019]", "final_simplex": "(array([[ 7.66718705,  0.62990525,  3.27762791,  3.45920674,  4.07887224,\n        -0.31867019],\n       [ 7.6672478 ,  0.62991297,  3.27761334,  3.45925553,  4.07872919,\n        -0.31885584],\n       [ 7.66725459,  0.62998595,  3.27761036,  3.45921731,  4.07881637,\n        -0.31871377],\n       [ 7.6673422 ,  0.62991572,  3.27763331,  3.45931055,  4.07901926,\n        -0.31857644],\n       [ 7.66723772,  0.62986788,  3.27756909,  3.45922919,  4.07891946,\n        -0.31867967],\n       [ 7.66726321,  0.62994626,  3.27760387,  3.45917901,  4.07890374,\n        -0.31868752],\n       [ 7.66726152,  0.6298715 ,  3.27769028,  3.45923861,  4.07876292,\n        -0.31869975]]), array([0.34409387, 0.34409387, 0.34409387, 0.34409387, 0.34409387,\n       0.34409387, 0.34409387]))"}, "5": {"maxiter": 500, "fatol": 1e-05, "xatol": 1e-10, "duration": 0.1300818920135498, "fun": "0.3440938716565074", "nit": "500", "nfev": "774", "status": "2", "success": "False", "message": "Maximum number of iterations has been exceeded.", "x": "[ 7.66718705  0.62990525  3.27762791  3.45920674  4.07887224 -0.31867019]", "final_simplex": "(array([[ 7.66718705,  0.62990525,  3.27762791,  3.45920674,  4.07887224,\n        -0.31867019],\n       [ 7.6672478 ,  0.62991297,  3.27761334,  3.45925553,  4.07872919,\n        -0.31885584],\n       [ 7.66725459,  0.62998595,  3.27761036,  3.45921731,  4.07881637,\n        -0.31871377],\n       [ 7.6673422 ,  0.62991572,  3.27763331,  3.45931055,  4.07901926,\n        -0.31857644],\n       [ 7.66723772,  0.62986788,  3.27756909,  3.45922919,  4.07891946,\n        -0.31867967],\n       [ 7.66726321,  0.62994626,  3.27760387,  3.45917901,  4.07890374,\n        -0.31868752],\n       [ 7.66726152,  0.6298715 ,  3.27769028,  3.45923861,  4.07876292,\n        -0.31869975]]), array([0.34409387, 0.34409387, 0.34409387, 0.34409387, 0.34409387,\n       0.34409387, 0.34409387]))"}, "6": {"maxiter": 500, "fatol": 1e-10, "xatol": 1e-05, "duration": 0.130141019821167, "fun": "0.3440938716565074", "nit": "500", "nfev": "774", "status": "2", "success": "False", "message": "Maximum number of iterations has been exceeded.", "x": "[ 7.66718705  0.62990525  3.27762791  3.45920674  4.07887224 -0.31867019]", "final_simplex": "(array([[ 7.66718705,  0.62990525,  3.27762791,  3.45920674,  4.07887224,\n        -0.31867019],\n       [ 7.6672478 ,  0.62991297,  3.27761334,  3.45925553,  4.07872919,\n        -0.31885584],\n       [ 7.66725459,  0.62998595,  3.27761036,  3.45921731,  4.07881637,\n        -0.31871377],\n       [ 7.6673422 ,  0.62991572,  3.27763331,  3.45931055,  4.07901926,\n        -0.31857644],\n       [ 7.66723772,  0.62986788,  3.27756909,  3.45922919,  4.07891946,\n        -0.31867967],\n       [ 7.66726321,  0.62994626,  3.27760387,  3.45917901,  4.07890374,\n        -0.31868752],\n       [ 7.66726152,  0.6298715 ,  3.27769028,  3.45923861,  4.07876292,\n        -0.31869975]]), array([0.34409387, 0.34409387, 0.34409387, 0.34409387, 0.34409387,\n       0.34409387, 0.34409387]))"}, "7": {"maxiter": 500, "fatol": 1e-10, "xatol": 1e-10, "duration": 0.12895798683166504, "fun": "0.3440938716565074", "nit": "500", "nfev": "774", "status": "2", "success": "False", "message": "Maximum number of iterations has been exceeded.", "x": "[ 7.66718705  0.62990525  3.27762791  3.45920674  4.07887224 -0.31867019]", "final_simplex": "(array([[ 7.66718705,  0.62990525,  3.27762791,  3.45920674,  4.07887224,\n        -0.31867019],\n       [ 7.6672478 ,  0.62991297,  3.27761334,  3.45925553,  4.07872919,\n        -0.31885584],\n       [ 7.66725459,  0.62998595,  3.27761036,  3.45921731,  4.07881637,\n        -0.31871377],\n       [ 7.6673422 ,  0.62991572,  3.27763331,  3.45931055,  4.07901926,\n        -0.31857644],\n       [ 7.66723772,  0.62986788,  3.27756909,  3.45922919,  4.07891946,\n        -0.31867967],\n       [ 7.66726321,  0.62994626,  3.27760387,  3.45917901,  4.07890374,\n        -0.31868752],\n       [ 7.66726152,  0.6298715 ,  3.27769028,  3.45923861,  4.07876292,\n        -0.31869975]]), array([0.34409387, 0.34409387, 0.34409387, 0.34409387, 0.34409387,\n       0.34409387, 0.34409387]))"}, "8": {"maxiter": 1000, "fatol": 1e-05, "xatol": 1e-05, "duration": 0.14448189735412598, "fun": "0.3440938705839114", "nit": "556", "nfev": "867", "status": "0", "success": "True", "message": "Optimization terminated successfully.", "x": "[ 7.66722325  0.62993408  3.27760972  3.45928487  4.07884494 -0.31869443]", "final_simplex": "(array([[ 7.66722325,  0.62993408,  3.27760972,  3.45928487,  4.07884494,\n        -0.31869443],\n       [ 7.6672248 ,  0.62993374,  3.2776132 ,  3.45928469,  4.07885186,\n        -0.31868552],\n       [ 7.66722405,  0.62993107,  3.2776118 ,  3.45928582,  4.07884642,\n        -0.31869143],\n       [ 7.6672215 ,  0.62993337,  3.27761213,  3.45928409,  4.0788485 ,\n        -0.31868776],\n       [ 7.66722191,  0.62993299,  3.27761159,  3.45928354,  4.07883959,\n        -0.31869922],\n       [ 7.66722382,  0.62993583,  3.27761117,  3.4592864 ,  4.07884013,\n        -0.31869686],\n       [ 7.6672243 ,  0.62993456,  3.2776104 ,  3.45928848,  4.07885056,\n        -0.31868839]]), array([0.34409387, 0.34409387, 0.34409387, 0.34409387, 0.34409387,\n       0.34409387, 0.34409387]))"}, "9": {"maxiter": 1000, "fatol": 1e-05, "xatol": 1e-10, "duration": 0.18232297897338867, "fun": "0.34409387058186014", "nit": "670", "nfev": "1103", "status": "0", "success": "True", "message": "Optimization terminated successfully.", "x": "[ 7.6672257   0.62993405  3.27760921  3.45928438  4.0788504  -0.31868644]", "final_simplex": "(array([[ 7.6672257 ,  0.62993405,  3.27760921,  3.45928438,  4.0788504 ,\n        -0.31868644],\n       [ 7.6672257 ,  0.62993405,  3.27760921,  3.45928438,  4.0788504 ,\n        -0.31868644],\n       [ 7.6672257 ,  0.62993405,  3.27760921,  3.45928438,  4.0788504 ,\n        -0.31868644],\n       [ 7.6672257 ,  0.62993405,  3.27760921,  3.45928438,  4.0788504 ,\n        -0.31868644],\n       [ 7.6672257 ,  0.62993405,  3.27760921,  3.45928438,  4.0788504 ,\n        -0.31868644],\n       [ 7.6672257 ,  0.62993405,  3.27760921,  3.45928438,  4.0788504 ,\n        -0.31868644],\n       [ 7.6672257 ,  0.62993405,  3.27760921,  3.45928438,  4.0788504 ,\n        -0.31868644]]), array([0.34409387, 0.34409387, 0.34409387, 0.34409387, 0.34409387,\n       0.34409387, 0.34409387]))"}, "10": {"maxiter": 1000, "fatol": 1e-10, "xatol": 1e-05, "duration": 0.14409279823303223, "fun": "0.3440938705839114", "nit": "556", "nfev": "867", "status": "0", "success": "True", "message": "Optimization terminated successfully.", "x": "[ 7.66722325  0.62993408  3.27760972  3.45928487  4.07884494 -0.31869443]", "final_simplex": "(array([[ 7.66722325,  0.62993408,  3.27760972,  3.45928487,  4.07884494,\n        -0.31869443],\n       [ 7.6672248 ,  0.62993374,  3.2776132 ,  3.45928469,  4.07885186,\n        -0.31868552],\n       [ 7.66722405,  0.62993107,  3.2776118 ,  3.45928582,  4.07884642,\n        -0.31869143],\n       [ 7.6672215 ,  0.62993337,  3.27761213,  3.45928409,  4.0788485 ,\n        -0.31868776],\n       [ 7.66722191,  0.62993299,  3.27761159,  3.45928354,  4.07883959,\n        -0.31869922],\n       [ 7.66722382,  0.62993583,  3.27761117,  3.4592864 ,  4.07884013,\n        -0.31869686],\n       [ 7.6672243 ,  0.62993456,  3.2776104 ,  3.45928848,  4.07885056,\n        -0.31868839]]), array([0.34409387, 0.34409387, 0.34409387, 0.34409387, 0.34409387,\n       0.34409387, 0.34409387]))"}, "11": {"maxiter": 1000, "fatol": 1e-10, "xatol": 1e-10, "duration": 0.1822659969329834, "fun": "0.34409387058186014", "nit": "670", "nfev": "1103", "status": "0", "success": "True", "message": "Optimization terminated successfully.", "x": "[ 7.6672257   0.62993405  3.27760921  3.45928438  4.0788504  -0.31868644]", "final_simplex": "(array([[ 7.6672257 ,  0.62993405,  3.27760921,  3.45928438,  4.0788504 ,\n        -0.31868644],\n       [ 7.6672257 ,  0.62993405,  3.27760921,  3.45928438,  4.0788504 ,\n        -0.31868644],\n       [ 7.6672257 ,  0.62993405,  3.27760921,  3.45928438,  4.0788504 ,\n        -0.31868644],\n       [ 7.6672257 ,  0.62993405,  3.27760921,  3.45928438,  4.0788504 ,\n        -0.31868644],\n       [ 7.6672257 ,  0.62993405,  3.27760921,  3.45928438,  4.0788504 ,\n        -0.31868644],\n       [ 7.6672257 ,  0.62993405,  3.27760921,  3.45928438,  4.0788504 ,\n        -0.31868644],\n       [ 7.6672257 ,  0.62993405,  3.27760921,  3.45928438,  4.0788504 ,\n        -0.31868644]]), array([0.34409387, 0.34409387, 0.34409387, 0.34409387, 0.34409387,\n       0.34409387, 0.34409387]))"}}, "bfgs": {"type": "gradient", "0": {"maxiter": 100, "gtol": 1e-05, "xrtol": 1e-05, "eps": 1e-05, "duration": 0.035894155502319336, "fun": "0.3440938708850898", "jac": "[-1.82203141e-06 -6.35815844e-06 -2.94220204e-07 -3.10085291e-08\n -3.08162385e-06  5.61225511e-06]", "hess_inv": "[[ 5.59828657e+00  1.11015826e+00 -6.40472879e-01  1.62798743e+00\n   9.23297041e+00  8.72995186e+00]\n [ 1.11015826e+00  3.38461737e+00 -7.85817024e-01  5.85572586e-01\n   4.47657000e+00  3.87034664e+00]\n [-6.40472879e-01 -7.85817024e-01  3.44434889e+00  1.67915956e-02\n  -2.13439279e+00 -1.72228689e+00]\n [ 1.62798743e+00  5.85572586e-01  1.67915956e-02  3.89730323e+00\n   3.58179971e+00  3.20682648e+00]\n [ 9.23297041e+00  4.47657000e+00 -2.13439279e+00  3.58179971e+00\n   4.80170383e+01  4.44779182e+01]\n [ 8.72995186e+00  3.87034664e+00 -1.72228689e+00  3.20682648e+00\n   4.44779182e+01  4.39503048e+01]]", "nfev": "210", "njev": "30", "status": "0", "success": "True", "message": "Optimization terminated successfully.", "x": "[ 7.6671892   0.62989666  3.27761376  3.45926435  4.07873835 -0.31877567]", "nit": "23"}, "1": {"maxiter": 100, "gtol": 1e-05, "xrtol": 1e-05, "eps": 1e-10, "duration": 0.035874128341674805, "fun": "0.34409387113350354", "jac": "[ 4.44089173e-06 -3.33066880e-06 -1.11022293e-06  6.66133760e-06\n  0.00000000e+00  9.99200639e-06]", "hess_inv": "[[ 5.35095725e+00  9.92282165e-01 -5.55543355e-01  1.51359484e+00\n   8.71062111e+00  8.25045920e+00]\n [ 9.92282165e-01  3.31554354e+00 -7.33263569e-01  5.45777087e-01\n   4.25882268e+00  3.67500449e+00]\n [-5.55543355e-01 -7.33263569e-01  3.42060764e+00  3.96136428e-02\n  -1.92693320e+00 -1.52720068e+00]\n [ 1.51359484e+00  5.45777087e-01  3.96136428e-02  3.94859124e+00\n   3.44035629e+00  3.06536214e+00]\n [ 8.71062111e+00  4.25882268e+00 -1.92693320e+00  3.44035629e+00\n   4.69219265e+01  4.34266048e+01]\n [ 8.25045920e+00  3.67500449e+00 -1.52720068e+00  3.06536214e+00\n   4.34266048e+01  4.29323909e+01]]", "nfev": "210", "njev": "30", "status": "0", "success": "True", "message": "Optimization terminated successfully.", "x": "[ 7.66726858  0.62992856  3.27760186  3.45931073  4.07904982 -0.31847698]", "nit": "23"}, "2": {"maxiter": 100, "gtol": 1e-05, "xrtol": 1e-10, "eps": 1e-05, "duration": 0.035874128341674805, "fun": "0.3440938708850898", "jac": "[-1.82203141e-06 -6.35815844e-06 -2.94220204e-07 -3.10085291e-08\n -3.08162385e-06  5.61225511e-06]", "hess_inv": "[[ 5.59828657e+00  1.11015826e+00 -6.40472879e-01  1.62798743e+00\n   9.23297041e+00  8.72995186e+00]\n [ 1.11015826e+00  3.38461737e+00 -7.85817024e-01  5.85572586e-01\n   4.47657000e+00  3.87034664e+00]\n [-6.40472879e-01 -7.85817024e-01  3.44434889e+00  1.67915956e-02\n  -2.13439279e+00 -1.72228689e+00]\n [ 1.62798743e+00  5.85572586e-01  1.67915956e-02  3.89730323e+00\n   3.58179971e+00  3.20682648e+00]\n [ 9.23297041e+00  4.47657000e+00 -2.13439279e+00  3.58179971e+00\n   4.80170383e+01  4.44779182e+01]\n [ 8.72995186e+00  3.87034664e+00 -1.72228689e+00  3.20682648e+00\n   4.44779182e+01  4.39503048e+01]]", "nfev": "210", "njev": "30", "status": "0", "success": "True", "message": "Optimization terminated successfully.", "x": "[ 7.6671892   0.62989666  3.27761376  3.45926435  4.07873835 -0.31877567]", "nit": "23"}, "3": {"maxiter": 100, "gtol": 1e-05, "xrtol": 1e-10, "eps": 1e-10, "duration": 0.0360262393951416, "fun": "0.34409387113350354", "jac": "[ 4.44089173e-06 -3.33066880e-06 -1.11022293e-06  6.66133760e-06\n  0.00000000e+00  9.99200639e-06]", "hess_inv": "[[ 5.35095725e+00  9.92282165e-01 -5.55543355e-01  1.51359484e+00\n   8.71062111e+00  8.25045920e+00]\n [ 9.92282165e-01  3.31554354e+00 -7.33263569e-01  5.45777087e-01\n   4.25882268e+00  3.67500449e+00]\n [-5.55543355e-01 -7.33263569e-01  3.42060764e+00  3.96136428e-02\n  -1.92693320e+00 -1.52720068e+00]\n [ 1.51359484e+00  5.45777087e-01  3.96136428e-02  3.94859124e+00\n   3.44035629e+00  3.06536214e+00]\n [ 8.71062111e+00  4.25882268e+00 -1.92693320e+00  3.44035629e+00\n   4.69219265e+01  4.34266048e+01]\n [ 8.25045920e+00  3.67500449e+00 -1.52720068e+00  3.06536214e+00\n   4.34266048e+01  4.29323909e+01]]", "nfev": "210", "njev": "30", "status": "0", "success": "True", "message": "Optimization terminated successfully.", "x": "[ 7.66726858  0.62992856  3.27760186  3.45931073  4.07904982 -0.31847698]", "nit": "23"}, "4": {"maxiter": 100, "gtol": 1e-10, "xrtol": 1e-05, "eps": 1e-05, "duration": 0.03844809532165527, "fun": "0.3440938708649972", "jac": "[-1.49023016e-06 -4.87374585e-06 -2.13939977e-07  5.69433389e-08\n -2.34456898e-06  4.26163549e-06]", "hess_inv": "[[ 5.46169183e+00  9.02682150e-01 -5.77637612e-01  1.64457931e+00\n   9.46123710e+00  9.08228006e+00]\n [ 9.02682150e-01  3.38395328e+00 -7.45862161e-01  6.02223162e-01\n   3.86765620e+00  3.20998807e+00]\n [-5.77637612e-01 -7.45862161e-01  3.42523410e+00  1.06679043e-02\n  -2.07078431e+00 -1.67342254e+00]\n [ 1.64457931e+00  6.02223162e-01  1.06679043e-02  3.89552037e+00\n   3.58005793e+00  3.19653807e+00]\n [ 9.46123710e+00  3.86765620e+00 -2.07078431e+00  3.58005793e+00\n   5.05395678e+01  4.75220892e+01]\n [ 9.08228006e+00  3.20998807e+00 -1.67342254e+00  3.19653807e+00\n   4.75220892e+01  4.75864243e+01]]", "nfev": "224", "njev": "32", "status": "0", "success": "True", "message": "Optimization terminated successfully.", "x": "[ 7.66718758  0.62990102  3.2776133   3.45926436  4.07872033 -0.31879743]", "nit": "24"}, "5": {"maxiter": 100, "gtol": 1e-10, "xrtol": 1e-05, "eps": 1e-10, "duration": 0.040985822677612305, "fun": "0.3440938706635679", "jac": "[-2.22044587e-06 -1.11022293e-06 -1.11022293e-06  0.00000000e+00\n  0.00000000e+00 -1.11022293e-06]", "hess_inv": "[[ 4.10646754  0.26742799 -0.19050802  1.08563595  4.35240754  4.07216963]\n [ 0.26742799  2.8841977  -0.58015422 -0.08448938  0.92931472  0.56485967]\n [-0.19050802 -0.58015422  3.3355453   0.17582677 -0.55494255 -0.18282025]\n [ 1.08563595 -0.08448938  0.17582677  3.07740578  0.87310815  0.95035353]\n [ 4.35240754  0.92931472 -0.55494255  0.87310815 30.35595621 28.17547607]\n [ 4.07216963  0.56485967 -0.18282025  0.95035353 28.17547607 28.80276102]]", "nfev": "238", "njev": "34", "status": "0", "success": "True", "message": "Optimization terminated successfully.", "x": "[ 7.66720326  0.6299244   3.27760882  3.4592842   4.078772   -0.31876026]", "nit": "25"}, "6": {"maxiter": 100, "gtol": 1e-10, "xrtol": 1e-10, "eps": 1e-05, "duration": 0.060550689697265625, "fun": "0.34409387086011456", "jac": "[-1.21920252e-06 -3.97281097e-06 -1.74638082e-07  4.95714580e-08\n -1.91151539e-06  3.47349927e-06]", "hess_inv": "[[ 5.38799258e+00  9.76818576e-01 -5.77130709e-01  1.65168871e+00\n   9.00111949e+00  8.54882461e+00]\n [ 9.76818576e-01  3.54636838e+00 -7.86745130e-01  5.82764150e-01\n   3.64293872e+00  2.87453194e+00]\n [-5.77130709e-01 -7.86745130e-01  3.43210680e+00  1.27146017e-02\n  -1.95048312e+00 -1.52118167e+00]\n [ 1.65168871e+00  5.82764150e-01  1.27146017e-02  3.89547302e+00\n   3.66015319e+00  3.29329154e+00]\n [ 9.00111949e+00  3.64293872e+00 -1.95048312e+00  3.66015319e+00\n   4.96617316e+01  4.67216928e+01]\n [ 8.54882461e+00  2.87453194e+00 -1.52118167e+00  3.29329154e+00\n   4.67216928e+01  4.69341386e+01]]", "nfev": "355", "njev": "49", "status": "2", "success": "False", "message": "Desired error not necessarily achieved due to precision loss.", "x": "[ 7.66718705  0.62990376  3.27761293  3.45926429  4.07871063 -0.31880936]", "nit": "25"}, "7": {"maxiter": 100, "gtol": 1e-10, "xrtol": 1e-10, "eps": 1e-10, "duration": 0.05856680870056152, "fun": "0.3440938705903831", "jac": "[ 3.33066880e-06  1.11022293e-06  0.00000000e+00  1.11022293e-06\n  1.11022293e-06 -1.11022293e-06]", "hess_inv": "[[ 2.29231538 -0.06938891 -0.24082991 -0.66298076  4.32984078  3.68183934]\n [-0.06938891  3.38767429 -0.87947357 -0.734147    3.00643934  2.87023869]\n [-0.24082991 -0.87947357  2.13896258  0.18569107 -2.52490131 -1.64578801]\n [-0.66298076 -0.734147    0.18569107  1.78230554 -2.37940892 -2.67955541]\n [ 4.32984078  3.00643934 -2.52490131 -2.37940892 20.07620356 17.73163902]\n [ 3.68183934  2.87023869 -1.64578801 -2.67955541 17.73163902 17.92022515]]", "nfev": "343", "njev": "49", "status": "0", "success": "True", "message": "Optimization terminated successfully.", "x": "[ 7.66722357  0.62993239  3.27761494  3.45928356  4.07883038 -0.31870603]", "nit": "30"}, "8": {"maxiter": 500, "gtol": 1e-05, "xrtol": 1e-05, "eps": 1e-05, "duration": 0.035999298095703125, "fun": "0.3440938708850898", "jac": "[-1.82203141e-06 -6.35815844e-06 -2.94220204e-07 -3.10085291e-08\n -3.08162385e-06  5.61225511e-06]", "hess_inv": "[[ 5.59828657e+00  1.11015826e+00 -6.40472879e-01  1.62798743e+00\n   9.23297041e+00  8.72995186e+00]\n [ 1.11015826e+00  3.38461737e+00 -7.85817024e-01  5.85572586e-01\n   4.47657000e+00  3.87034664e+00]\n [-6.40472879e-01 -7.85817024e-01  3.44434889e+00  1.67915956e-02\n  -2.13439279e+00 -1.72228689e+00]\n [ 1.62798743e+00  5.85572586e-01  1.67915956e-02  3.89730323e+00\n   3.58179971e+00  3.20682648e+00]\n [ 9.23297041e+00  4.47657000e+00 -2.13439279e+00  3.58179971e+00\n   4.80170383e+01  4.44779182e+01]\n [ 8.72995186e+00  3.87034664e+00 -1.72228689e+00  3.20682648e+00\n   4.44779182e+01  4.39503048e+01]]", "nfev": "210", "njev": "30", "status": "0", "success": "True", "message": "Optimization terminated successfully.", "x": "[ 7.6671892   0.62989666  3.27761376  3.45926435  4.07873835 -0.31877567]", "nit": "23"}, "9": {"maxiter": 500, "gtol": 1e-05, "xrtol": 1e-05, "eps": 1e-10, "duration": 0.0359649658203125, "fun": "0.34409387113350354", "jac": "[ 4.44089173e-06 -3.33066880e-06 -1.11022293e-06  6.66133760e-06\n  0.00000000e+00  9.99200639e-06]", "hess_inv": "[[ 5.35095725e+00  9.92282165e-01 -5.55543355e-01  1.51359484e+00\n   8.71062111e+00  8.25045920e+00]\n [ 9.92282165e-01  3.31554354e+00 -7.33263569e-01  5.45777087e-01\n   4.25882268e+00  3.67500449e+00]\n [-5.55543355e-01 -7.33263569e-01  3.42060764e+00  3.96136428e-02\n  -1.92693320e+00 -1.52720068e+00]\n [ 1.51359484e+00  5.45777087e-01  3.96136428e-02  3.94859124e+00\n   3.44035629e+00  3.06536214e+00]\n [ 8.71062111e+00  4.25882268e+00 -1.92693320e+00  3.44035629e+00\n   4.69219265e+01  4.34266048e+01]\n [ 8.25045920e+00  3.67500449e+00 -1.52720068e+00  3.06536214e+00\n   4.34266048e+01  4.29323909e+01]]", "nfev": "210", "njev": "30", "status": "0", "success": "True", "message": "Optimization terminated successfully.", "x": "[ 7.66726858  0.62992856  3.27760186  3.45931073  4.07904982 -0.31847698]", "nit": "23"}, "10": {"maxiter": 500, "gtol": 1e-05, "xrtol": 1e-10, "eps": 1e-05, "duration": 0.03607606887817383, "fun": "0.3440938708850898", "jac": "[-1.82203141e-06 -6.35815844e-06 -2.94220204e-07 -3.10085291e-08\n -3.08162385e-06  5.61225511e-06]", "hess_inv": "[[ 5.59828657e+00  1.11015826e+00 -6.40472879e-01  1.62798743e+00\n   9.23297041e+00  8.72995186e+00]\n [ 1.11015826e+00  3.38461737e+00 -7.85817024e-01  5.85572586e-01\n   4.47657000e+00  3.87034664e+00]\n [-6.40472879e-01 -7.85817024e-01  3.44434889e+00  1.67915956e-02\n  -2.13439279e+00 -1.72228689e+00]\n [ 1.62798743e+00  5.85572586e-01  1.67915956e-02  3.89730323e+00\n   3.58179971e+00  3.20682648e+00]\n [ 9.23297041e+00  4.47657000e+00 -2.13439279e+00  3.58179971e+00\n   4.80170383e+01  4.44779182e+01]\n [ 8.72995186e+00  3.87034664e+00 -1.72228689e+00  3.20682648e+00\n   4.44779182e+01  4.39503048e+01]]", "nfev": "210", "njev": "30", "status": "0", "success": "True", "message": "Optimization terminated successfully.", "x": "[ 7.6671892   0.62989666  3.27761376  3.45926435  4.07873835 -0.31877567]", "nit": "23"}, "11": {"maxiter": 500, "gtol": 1e-05, "xrtol": 1e-10, "eps": 1e-10, "duration": 0.036045074462890625, "fun": "0.34409387113350354", "jac": "[ 4.44089173e-06 -3.33066880e-06 -1.11022293e-06  6.66133760e-06\n  0.00000000e+00  9.99200639e-06]", "hess_inv": "[[ 5.35095725e+00  9.92282165e-01 -5.55543355e-01  1.51359484e+00\n   8.71062111e+00  8.25045920e+00]\n [ 9.92282165e-01  3.31554354e+00 -7.33263569e-01  5.45777087e-01\n   4.25882268e+00  3.67500449e+00]\n [-5.55543355e-01 -7.33263569e-01  3.42060764e+00  3.96136428e-02\n  -1.92693320e+00 -1.52720068e+00]\n [ 1.51359484e+00  5.45777087e-01  3.96136428e-02  3.94859124e+00\n   3.44035629e+00  3.06536214e+00]\n [ 8.71062111e+00  4.25882268e+00 -1.92693320e+00  3.44035629e+00\n   4.69219265e+01  4.34266048e+01]\n [ 8.25045920e+00  3.67500449e+00 -1.52720068e+00  3.06536214e+00\n   4.34266048e+01  4.29323909e+01]]", "nfev": "210", "njev": "30", "status": "0", "success": "True", "message": "Optimization terminated successfully.", "x": "[ 7.66726858  0.62992856  3.27760186  3.45931073  4.07904982 -0.31847698]", "nit": "23"}, "12": {"maxiter": 500, "gtol": 1e-10, "xrtol": 1e-05, "eps": 1e-05, "duration": 0.038600921630859375, "fun": "0.3440938708649972", "jac": "[-1.49023016e-06 -4.87374585e-06 -2.13939977e-07  5.69433389e-08\n -2.34456898e-06  4.26163549e-06]", "hess_inv": "[[ 5.46169183e+00  9.02682150e-01 -5.77637612e-01  1.64457931e+00\n   9.46123710e+00  9.08228006e+00]\n [ 9.02682150e-01  3.38395328e+00 -7.45862161e-01  6.02223162e-01\n   3.86765620e+00  3.20998807e+00]\n [-5.77637612e-01 -7.45862161e-01  3.42523410e+00  1.06679043e-02\n  -2.07078431e+00 -1.67342254e+00]\n [ 1.64457931e+00  6.02223162e-01  1.06679043e-02  3.89552037e+00\n   3.58005793e+00  3.19653807e+00]\n [ 9.46123710e+00  3.86765620e+00 -2.07078431e+00  3.58005793e+00\n   5.05395678e+01  4.75220892e+01]\n [ 9.08228006e+00  3.20998807e+00 -1.67342254e+00  3.19653807e+00\n   4.75220892e+01  4.75864243e+01]]", "nfev": "224", "njev": "32", "status": "0", "success": "True", "message": "Optimization terminated successfully.", "x": "[ 7.66718758  0.62990102  3.2776133   3.45926436  4.07872033 -0.31879743]", "nit": "24"}, "13": {"maxiter": 500, "gtol": 1e-10, "xrtol": 1e-05, "eps": 1e-10, "duration": 0.04116511344909668, "fun": "0.3440938706635679", "jac": "[-2.22044587e-06 -1.11022293e-06 -1.11022293e-06  0.00000000e+00\n  0.00000000e+00 -1.11022293e-06]", "hess_inv": "[[ 4.10646754  0.26742799 -0.19050802  1.08563595  4.35240754  4.07216963]\n [ 0.26742799  2.8841977  -0.58015422 -0.08448938  0.92931472  0.56485967]\n [-0.19050802 -0.58015422  3.3355453   0.17582677 -0.55494255 -0.18282025]\n [ 1.08563595 -0.08448938  0.17582677  3.07740578  0.87310815  0.95035353]\n [ 4.35240754  0.92931472 -0.55494255  0.87310815 30.35595621 28.17547607]\n [ 4.07216963  0.56485967 -0.18282025  0.95035353 28.17547607 28.80276102]]", "nfev": "238", "njev": "34", "status": "0", "success": "True", "message": "Optimization terminated successfully.", "x": "[ 7.66720326  0.6299244   3.27760882  3.4592842   4.078772   -0.31876026]", "nit": "25"}, "14": {"maxiter": 500, "gtol": 1e-10, "xrtol": 1e-10, "eps": 1e-05, "duration": 0.06136512756347656, "fun": "0.34409387086011456", "jac": "[-1.21920252e-06 -3.97281097e-06 -1.74638082e-07  4.95714580e-08\n -1.91151539e-06  3.47349927e-06]", "hess_inv": "[[ 5.38799258e+00  9.76818576e-01 -5.77130709e-01  1.65168871e+00\n   9.00111949e+00  8.54882461e+00]\n [ 9.76818576e-01  3.54636838e+00 -7.86745130e-01  5.82764150e-01\n   3.64293872e+00  2.87453194e+00]\n [-5.77130709e-01 -7.86745130e-01  3.43210680e+00  1.27146017e-02\n  -1.95048312e+00 -1.52118167e+00]\n [ 1.65168871e+00  5.82764150e-01  1.27146017e-02  3.89547302e+00\n   3.66015319e+00  3.29329154e+00]\n [ 9.00111949e+00  3.64293872e+00 -1.95048312e+00  3.66015319e+00\n   4.96617316e+01  4.67216928e+01]\n [ 8.54882461e+00  2.87453194e+00 -1.52118167e+00  3.29329154e+00\n   4.67216928e+01  4.69341386e+01]]", "nfev": "355", "njev": "49", "status": "2", "success": "False", "message": "Desired error not necessarily achieved due to precision loss.", "x": "[ 7.66718705  0.62990376  3.27761293  3.45926429  4.07871063 -0.31880936]", "nit": "25"}, "15": {"maxiter": 500, "gtol": 1e-10, "xrtol": 1e-10, "eps": 1e-10, "duration": 0.059479713439941406, "fun": "0.3440938705903831", "jac": "[ 3.33066880e-06  1.11022293e-06  0.00000000e+00  1.11022293e-06\n  1.11022293e-06 -1.11022293e-06]", "hess_inv": "[[ 2.29231538 -0.06938891 -0.24082991 -0.66298076  4.32984078  3.68183934]\n [-0.06938891  3.38767429 -0.87947357 -0.734147    3.00643934  2.87023869]\n [-0.24082991 -0.87947357  2.13896258  0.18569107 -2.52490131 -1.64578801]\n [-0.66298076 -0.734147    0.18569107  1.78230554 -2.37940892 -2.67955541]\n [ 4.32984078  3.00643934 -2.52490131 -2.37940892 20.07620356 17.73163902]\n [ 3.68183934  2.87023869 -1.64578801 -2.67955541 17.73163902 17.92022515]]", "nfev": "343", "njev": "49", "status": "0", "success": "True", "message": "Optimization terminated successfully.", "x": "[ 7.66722357  0.62993239  3.27761494  3.45928356  4.07883038 -0.31870603]", "nit": "30"}, "16": {"maxiter": 1000, "gtol": 1e-05, "xrtol": 1e-05, "eps": 1e-05, "duration": 0.036863088607788086, "fun": "0.3440938708850898", "jac": "[-1.82203141e-06 -6.35815844e-06 -2.94220204e-07 -3.10085291e-08\n -3.08162385e-06  5.61225511e-06]", "hess_inv": "[[ 5.59828657e+00  1.11015826e+00 -6.40472879e-01  1.62798743e+00\n   9.23297041e+00  8.72995186e+00]\n [ 1.11015826e+00  3.38461737e+00 -7.85817024e-01  5.85572586e-01\n   4.47657000e+00  3.87034664e+00]\n [-6.40472879e-01 -7.85817024e-01  3.44434889e+00  1.67915956e-02\n  -2.13439279e+00 -1.72228689e+00]\n [ 1.62798743e+00  5.85572586e-01  1.67915956e-02  3.89730323e+00\n   3.58179971e+00  3.20682648e+00]\n [ 9.23297041e+00  4.47657000e+00 -2.13439279e+00  3.58179971e+00\n   4.80170383e+01  4.44779182e+01]\n [ 8.72995186e+00  3.87034664e+00 -1.72228689e+00  3.20682648e+00\n   4.44779182e+01  4.39503048e+01]]", "nfev": "210", "njev": "30", "status": "0", "success": "True", "message": "Optimization terminated successfully.", "x": "[ 7.6671892   0.62989666  3.27761376  3.45926435  4.07873835 -0.31877567]", "nit": "23"}, "17": {"maxiter": 1000, "gtol": 1e-05, "xrtol": 1e-05, "eps": 1e-10, "duration": 0.03643202781677246, "fun": "0.34409387113350354", "jac": "[ 4.44089173e-06 -3.33066880e-06 -1.11022293e-06  6.66133760e-06\n  0.00000000e+00  9.99200639e-06]", "hess_inv": "[[ 5.35095725e+00  9.92282165e-01 -5.55543355e-01  1.51359484e+00\n   8.71062111e+00  8.25045920e+00]\n [ 9.92282165e-01  3.31554354e+00 -7.33263569e-01  5.45777087e-01\n   4.25882268e+00  3.67500449e+00]\n [-5.55543355e-01 -7.33263569e-01  3.42060764e+00  3.96136428e-02\n  -1.92693320e+00 -1.52720068e+00]\n [ 1.51359484e+00  5.45777087e-01  3.96136428e-02  3.94859124e+00\n   3.44035629e+00  3.06536214e+00]\n [ 8.71062111e+00  4.25882268e+00 -1.92693320e+00  3.44035629e+00\n   4.69219265e+01  4.34266048e+01]\n [ 8.25045920e+00  3.67500449e+00 -1.52720068e+00  3.06536214e+00\n   4.34266048e+01  4.29323909e+01]]", "nfev": "210", "njev": "30", "status": "0", "success": "True", "message": "Optimization terminated successfully.", "x": "[ 7.66726858  0.62992856  3.27760186  3.45931073  4.07904982 -0.31847698]", "nit": "23"}, "18": {"maxiter": 1000, "gtol": 1e-05, "xrtol": 1e-10, "eps": 1e-05, "duration": 0.03639507293701172, "fun": "0.3440938708850898", "jac": "[-1.82203141e-06 -6.35815844e-06 -2.94220204e-07 -3.10085291e-08\n -3.08162385e-06  5.61225511e-06]", "hess_inv": "[[ 5.59828657e+00  1.11015826e+00 -6.40472879e-01  1.62798743e+00\n   9.23297041e+00  8.72995186e+00]\n [ 1.11015826e+00  3.38461737e+00 -7.85817024e-01  5.85572586e-01\n   4.47657000e+00  3.87034664e+00]\n [-6.40472879e-01 -7.85817024e-01  3.44434889e+00  1.67915956e-02\n  -2.13439279e+00 -1.72228689e+00]\n [ 1.62798743e+00  5.85572586e-01  1.67915956e-02  3.89730323e+00\n   3.58179971e+00  3.20682648e+00]\n [ 9.23297041e+00  4.47657000e+00 -2.13439279e+00  3.58179971e+00\n   4.80170383e+01  4.44779182e+01]\n [ 8.72995186e+00  3.87034664e+00 -1.72228689e+00  3.20682648e+00\n   4.44779182e+01  4.39503048e+01]]", "nfev": "210", "njev": "30", "status": "0", "success": "True", "message": "Optimization terminated successfully.", "x": "[ 7.6671892   0.62989666  3.27761376  3.45926435  4.07873835 -0.31877567]", "nit": "23"}, "19": {"maxiter": 1000, "gtol": 1e-05, "xrtol": 1e-10, "eps": 1e-10, "duration": 0.036340951919555664, "fun": "0.34409387113350354", "jac": "[ 4.44089173e-06 -3.33066880e-06 -1.11022293e-06  6.66133760e-06\n  0.00000000e+00  9.99200639e-06]", "hess_inv": "[[ 5.35095725e+00  9.92282165e-01 -5.55543355e-01  1.51359484e+00\n   8.71062111e+00  8.25045920e+00]\n [ 9.92282165e-01  3.31554354e+00 -7.33263569e-01  5.45777087e-01\n   4.25882268e+00  3.67500449e+00]\n [-5.55543355e-01 -7.33263569e-01  3.42060764e+00  3.96136428e-02\n  -1.92693320e+00 -1.52720068e+00]\n [ 1.51359484e+00  5.45777087e-01  3.96136428e-02  3.94859124e+00\n   3.44035629e+00  3.06536214e+00]\n [ 8.71062111e+00  4.25882268e+00 -1.92693320e+00  3.44035629e+00\n   4.69219265e+01  4.34266048e+01]\n [ 8.25045920e+00  3.67500449e+00 -1.52720068e+00  3.06536214e+00\n   4.34266048e+01  4.29323909e+01]]", "nfev": "210", "njev": "30", "status": "0", "success": "True", "message": "Optimization terminated successfully.", "x": "[ 7.66726858  0.62992856  3.27760186  3.45931073  4.07904982 -0.31847698]", "nit": "23"}, "20": {"maxiter": 1000, "gtol": 1e-10, "xrtol": 1e-05, "eps": 1e-05, "duration": 0.038887977600097656, "fun": "0.3440938708649972", "jac": "[-1.49023016e-06 -4.87374585e-06 -2.13939977e-07  5.69433389e-08\n -2.34456898e-06  4.26163549e-06]", "hess_inv": "[[ 5.46169183e+00  9.02682150e-01 -5.77637612e-01  1.64457931e+00\n   9.46123710e+00  9.08228006e+00]\n [ 9.02682150e-01  3.38395328e+00 -7.45862161e-01  6.02223162e-01\n   3.86765620e+00  3.20998807e+00]\n [-5.77637612e-01 -7.45862161e-01  3.42523410e+00  1.06679043e-02\n  -2.07078431e+00 -1.67342254e+00]\n [ 1.64457931e+00  6.02223162e-01  1.06679043e-02  3.89552037e+00\n   3.58005793e+00  3.19653807e+00]\n [ 9.46123710e+00  3.86765620e+00 -2.07078431e+00  3.58005793e+00\n   5.05395678e+01  4.75220892e+01]\n [ 9.08228006e+00  3.20998807e+00 -1.67342254e+00  3.19653807e+00\n   4.75220892e+01  4.75864243e+01]]", "nfev": "224", "njev": "32", "status": "0", "success": "True", "message": "Optimization terminated successfully.", "x": "[ 7.66718758  0.62990102  3.2776133   3.45926436  4.07872033 -0.31879743]", "nit": "24"}, "21": {"maxiter": 1000, "gtol": 1e-10, "xrtol": 1e-05, "eps": 1e-10, "duration": 0.041213035583496094, "fun": "0.3440938706635679", "jac": "[-2.22044587e-06 -1.11022293e-06 -1.11022293e-06  0.00000000e+00\n  0.00000000e+00 -1.11022293e-06]", "hess_inv": "[[ 4.10646754  0.26742799 -0.19050802  1.08563595  4.35240754  4.07216963]\n [ 0.26742799  2.8841977  -0.58015422 -0.08448938  0.92931472  0.56485967]\n [-0.19050802 -0.58015422  3.3355453   0.17582677 -0.55494255 -0.18282025]\n [ 1.08563595 -0.08448938  0.17582677  3.07740578  0.87310815  0.95035353]\n [ 4.35240754  0.92931472 -0.55494255  0.87310815 30.35595621 28.17547607]\n [ 4.07216963  0.56485967 -0.18282025  0.95035353 28.17547607 28.80276102]]", "nfev": "238", "njev": "34", "status": "0", "success": "True", "message": "Optimization terminated successfully.", "x": "[ 7.66720326  0.6299244   3.27760882  3.4592842   4.078772   -0.31876026]", "nit": "25"}, "22": {"maxiter": 1000, "gtol": 1e-10, "xrtol": 1e-10, "eps": 1e-05, "duration": 0.06117987632751465, "fun": "0.34409387086011456", "jac": "[-1.21920252e-06 -3.97281097e-06 -1.74638082e-07  4.95714580e-08\n -1.91151539e-06  3.47349927e-06]", "hess_inv": "[[ 5.38799258e+00  9.76818576e-01 -5.77130709e-01  1.65168871e+00\n   9.00111949e+00  8.54882461e+00]\n [ 9.76818576e-01  3.54636838e+00 -7.86745130e-01  5.82764150e-01\n   3.64293872e+00  2.87453194e+00]\n [-5.77130709e-01 -7.86745130e-01  3.43210680e+00  1.27146017e-02\n  -1.95048312e+00 -1.52118167e+00]\n [ 1.65168871e+00  5.82764150e-01  1.27146017e-02  3.89547302e+00\n   3.66015319e+00  3.29329154e+00]\n [ 9.00111949e+00  3.64293872e+00 -1.95048312e+00  3.66015319e+00\n   4.96617316e+01  4.67216928e+01]\n [ 8.54882461e+00  2.87453194e+00 -1.52118167e+00  3.29329154e+00\n   4.67216928e+01  4.69341386e+01]]", "nfev": "355", "njev": "49", "status": "2", "success": "False", "message": "Desired error not necessarily achieved due to precision loss.", "x": "[ 7.66718705  0.62990376  3.27761293  3.45926429  4.07871063 -0.31880936]", "nit": "25"}, "23": {"maxiter": 1000, "gtol": 1e-10, "xrtol": 1e-10, "eps": 1e-10, "duration": 0.05924105644226074, "fun": "0.3440938705903831", "jac": "[ 3.33066880e-06  1.11022293e-06  0.00000000e+00  1.11022293e-06\n  1.11022293e-06 -1.11022293e-06]", "hess_inv": "[[ 2.29231538 -0.06938891 -0.24082991 -0.66298076  4.32984078  3.68183934]\n [-0.06938891  3.38767429 -0.87947357 -0.734147    3.00643934  2.87023869]\n [-0.24082991 -0.87947357  2.13896258  0.18569107 -2.52490131 -1.64578801]\n [-0.66298076 -0.734147    0.18569107  1.78230554 -2.37940892 -2.67955541]\n [ 4.32984078  3.00643934 -2.52490131 -2.37940892 20.07620356 17.73163902]\n [ 3.68183934  2.87023869 -1.64578801 -2.67955541 17.73163902 17.92022515]]", "nfev": "343", "njev": "49", "status": "0", "success": "True", "message": "Optimization terminated successfully.", "x": "[ 7.66722357  0.62993239  3.27761494  3.45928356  4.07883038 -0.31870603]", "nit": "30"}}, "cobyla": {"0": {"maxiter": 100, "tol": 1e-05, "catol": 1e-05, "duration": 0.016176939010620117, "x": "[7.52630089 0.56646322 3.28720635 3.02067599 5.71954977 1.34543434]", "status": "2", "success": "False", "message": "Maximum number of function evaluations has been exceeded.