{"date": "2024/07/19/, 15:23:31", "conf_id": 225, "data_type": "non_lin_ind\n", "num_data_points": 4, "s_rank": 0, "unitary": "[[-0.45070455-0.02711853j,0.78437395-0.06613086j,0.06358678+0.19963393j,-0.07343613+0.35668523j],[-0.01890143-0.03813363j,0.32408202+0.25557629j,0.05872864-0.68979805j,0.55466693-0.20227297j],[-0.11215405+0.64023111j,-0.13344055+0.29565494j,-0.49012687-0.19046288j,-0.04241254+0.44046348j],[0.55771659+0.24656916j,0.31851997-0.05798805j,0.28761525-0.34294258j,-0.56718418+0.03616933j]]", "databatch_0": {"databatch": "[[[-0.10393823+0.09527704j,-0.03960063-0.22696272j,0.10580914+0.12252059j,-0.36830312+0.09438144j],[-0.05040351+0.06310549j,-0.07338458-0.14544069j,0.09993121+0.08703495j,-0.27615103+0.10691723j],[-0.1854502+0.02474546j,0.14282665-0.32748407j,-0.00098037+0.26477747j,-0.53438784-0.26920758j],[0.00639803+0.03911485j,-0.06357196-0.00674736j,0.05271114-0.0253238j,-0.00995447+0.13411413j]],[[0.20184198+0.02128627j,0.14371883-0.13847466j,-0.14734721-0.34569337j,0.11129662+0.31759942j],[-0.09486947+0.15662091j,0.09176165+0.16998804j,0.36879464-0.04394855j,-0.31722034+0.0165193j],[-0.10766937-0.03284292j,-0.07702593+0.10529684j,0.13251289+0.21863968j,-0.0975034-0.18370344j],[0.15489393+0.02754268j,0.11206576-0.11553256j,-0.12799276-0.2792754j,0.09459635+0.25004935j]],[[-0.02045346+0.13913022j,0.03294724+0.13945697j,0.02414409+0.13039053j,0.10714379+0.0224221j],[0.04879028-0.29212346j,-0.1125175-0.11079237j,0.16445713-0.15955218j,-0.11523746-0.30193167j],[0.39132182+0.03365934j,0.11538936-0.09829835j,0.29826811+0.24299431j,0.42772705-0.26805625j],[-0.16052076+0.07341733j,-0.02570081+0.11876756j,-0.10426655-0.00947876j,-0.09276844+0.12238465j]],[[0.08882121+0.03153638j,0.05236984-0.10846445j,0.22821256-0.30382678j,0.01251199-0.10813535j],[-0.07568881-0.03917525j,-0.0621258-0.13376272j,0.33942494-0.15848879j,0.18026394-0.15051612j],[0.08089421-0.09215134j,0.19314845-0.21827287j,0.54001505+0.17442304j,0.29515198+0.09652471j],[0.02157733+0.05580123j,-0.0347924+0.02371383j,-0.06484516-0.22197856j,-0.100926-0.09165016j]]]", "initial param values": "[1.36380759,0.30381052,4.54736824,1.04469943,0.9970504,1.76511808]", "nelder_mead": {"type": "gradient-free", "0": {"maxiter": 100, "fatol": 1e-05, "xatol": 1e-05, "duration": 0.027467966079711914, "fun": "0.10875379640288974", "nit": "100", "nfev": "160", "status": "2", "success": "False", "message": "Maximum number of iterations has been exceeded.", "x": "[ 1.30053249  0.83587935  7.04530044 -1.96994833  1.03341687  2.13115791]", "final_simplex": "(array([[ 1.30053249,  0.83587935,  7.04530044, -1.96994833,  1.03341687,\n         2.13115791],\n       [ 1.30629198,  0.83768967,  7.05197702, -1.98884969,  1.03370643,\n         2.14910568],\n       [ 1.30241118,  0.82792506,  6.99533035, -1.93125317,  1.05047102,\n         2.13135094],\n       [ 1.30431467,  0.8327255 ,  7.06827204, -1.95733073,  1.0294998 ,\n         2.13891867],\n       [ 1.2780376 ,  0.83820621,  7.05473015, -1.95560158,  1.03359401,\n         2.13049661],\n       [ 1.28800568,  0.83293986,  7.02421088, -1.93315991,  1.02109901,\n         2.16345045],\n       [ 1.2531483 ,  0.83746574,  7.04404998, -1.93575061,  1.03954703,\n         2.13858166]]), array([0.1087538 , 0.1088108 , 0.10890438, 0.10893712, 0.10899289,\n       0.1091167 , 0.10912218]))"}, "1": {"maxiter": 100, "fatol": 1e-05, "xatol": 1e-10, "duration": 0.027331113815307617, "fun": "0.10875379640288974", "nit": "100", "nfev": "160", "status": "2", "success": "False", "message": "Maximum number of iterations has been exceeded.", "x": "[ 1.30053249  0.83587935  7.04530044 -1.96994833  1.03341687  2.13115791]", "final_simplex": "(array([[ 1.30053249,  0.83587935,  7.04530044, -1.96994833,  1.03341687,\n         2.13115791],\n       [ 1.30629198,  0.83768967,  7.05197702, -1.98884969,  1.03370643,\n         2.14910568],\n       [ 1.30241118,  0.82792506,  6.99533035, -1.93125317,  1.05047102,\n         2.13135094],\n       [ 1.30431467,  0.8327255 ,  7.06827204, -1.95733073,  1.0294998 ,\n         2.13891867],\n       [ 1.2780376 ,  0.83820621,  7.05473015, -1.95560158,  1.03359401,\n         2.13049661],\n       [ 1.28800568,  0.83293986,  7.02421088, -1.93315991,  1.02109901,\n         2.16345045],\n       [ 1.2531483 ,  0.83746574,  7.04404998, -1.93575061,  1.03954703,\n         2.13858166]]), array([0.1087538 , 0.1088108 , 0.10890438, 0.10893712, 0.10899289,\n       0.1091167 , 0.10912218]))"}, "2": {"maxiter": 100, "fatol": 1e-10, "xatol": 1e-05, "duration": 0.02724599838256836, "fun": "0.10875379640288974", "nit": "100", "nfev": "160", "status": "2", "success": "False", "message": "Maximum number of iterations has been exceeded.", "x": "[ 1.30053249  0.83587935  7.04530044 -1.96994833  1.03341687  2.13115791]", "final_simplex": "(array([[ 1.30053249,  0.83587935,  7.04530044, -1.96994833,  1.03341687,\n         2.13115791],\n       [ 1.30629198,  0.83768967,  7.05197702, -1.98884969,  1.03370643,\n         2.14910568],\n       [ 1.30241118,  0.82792506,  6.99533035, -1.93125317,  1.05047102,\n         2.13135094],\n       [ 1.30431467,  0.8327255 ,  7.06827204, -1.95733073,  1.0294998 ,\n         2.13891867],\n       [ 1.2780376 ,  0.83820621,  7.05473015, -1.95560158,  1.03359401,\n         2.13049661],\n       [ 1.28800568,  0.83293986,  7.02421088, -1.93315991,  1.02109901,\n         2.16345045],\n       [ 1.2531483 ,  0.83746574,  7.04404998, -1.93575061,  1.03954703,\n         2.13858166]]), array([0.1087538 , 0.1088108 , 0.10890438, 0.10893712, 0.10899289,\n       0.1091167 , 0.10912218]))"}, "3": {"maxiter": 100, "fatol": 1e-10, "xatol": 1e-10, "duration": 0.027268171310424805, "fun": "0.10875379640288974", "nit": "100", "nfev": "160", "status": "2", "success": "False", "message": "Maximum number of iterations has been exceeded.", "x": "[ 1.30053249  0.83587935  7.04530044 -1.96994833  1.03341687  2.13115791]", "final_simplex": "(array([[ 1.30053249,  0.83587935,  7.04530044, -1.96994833,  1.03341687,\n         2.13115791],\n       [ 1.30629198,  0.83768967,  7.05197702, -1.98884969,  1.03370643,\n         2.14910568],\n       [ 1.30241118,  0.82792506,  6.99533035, -1.93125317,  1.05047102,\n         2.13135094],\n       [ 1.30431467,  0.8327255 ,  7.06827204, -1.95733073,  1.0294998 ,\n         2.13891867],\n       [ 1.2780376 ,  0.83820621,  7.05473015, -1.95560158,  1.03359401,\n         2.13049661],\n       [ 1.28800568,  0.83293986,  7.02421088, -1.93315991,  1.02109901,\n         2.16345045],\n       [ 1.2531483 ,  0.83746574,  7.04404998, -1.93575061,  1.03954703,\n         2.13858166]]), array([0.1087538 , 0.1088108 , 0.10890438, 0.10893712, 0.10899289,\n       0.1091167 , 0.10912218]))"}, "4": {"maxiter": 500, "fatol": 1e-05, "xatol": 1e-05, "duration": 0.10956811904907227, "fun": "0.10318218770900556", "nit": "409", "nfev": "644", "status": "0", "success": "True", "message": "Optimization terminated successfully.", "x": "[ 1.29250595  1.02139443  7.00297722 -1.84511353  1.16823818  2.17603263]", "final_simplex": "(array([[ 1.29250595,  1.02139443,  7.00297722, -1.84511353,  1.16823818,\n         2.17603263],\n       [ 1.29251026,  1.02139083,  7.00297903, -1.84511913,  1.16823813,\n         2.17603034],\n       [ 1.29250855,  1.02139449,  7.00297694, -1.84511571,  1.16824071,\n         2.17603208],\n       [ 1.2925035 ,  1.02139283,  7.00297984, -1.84511559,  1.16823761,\n         2.17603373],\n       [ 1.2925093 ,  1.02139327,  7.00297917, -1.84511821,  1.16823951,\n         2.17603362],\n       [ 1.29251558,  1.02139346,  7.00297638, -1.84512149,  1.16823917,\n         2.17602553],\n       [ 1.29251178,  1.02139112,  7.00297729, -1.84512081,  1.16824063,\n         2.17603237]]), array([0.10318219, 0.10318219, 0.10318219, 0.10318219, 0.10318219,\n       0.10318219, 0.10318219]))"}, "5": {"maxiter": 500, "fatol": 1e-05, "xatol": 1e-10, "duration": 0.13449811935424805, "fun": "0.10318218770779508", "nit": "500", "nfev": "791", "status": "2", "success": "False", "message": "Maximum number of iterations has been exceeded.", "x": "[ 1.29250716  1.02139334  7.00297705 -1.8451169   1.16823853  2.17603127]", "final_simplex": "(array([[ 1.29250716,  1.02139334,  7.00297705, -1.8451169 ,  1.16823853,\n         2.17603127],\n       [ 1.29250715,  1.02139335,  7.00297713, -1.8451169 ,  1.16823858,\n         2.17603128],\n       [ 1.29250716,  1.02139331,  7.0029771 , -1.84511687,  1.16823854,\n         2.17603126],\n       [ 1.29250703,  1.02139331,  7.00297704, -1.84511681,  1.16823852,\n         2.17603131],\n       [ 1.29250716,  1.02139336,  7.00297708, -1.84511685,  1.16823855,\n         2.1760313 ],\n       [ 1.2925072 ,  1.02139326,  7.00297715, -1.84511699,  1.16823855,\n         2.17603132],\n       [ 1.2925072 ,  1.02139335,  7.00297706, -1.84511691,  1.16823863,\n         2.17603126]]), array([0.10318219, 0.10318219, 0.10318219, 0.10318219, 0.10318219,\n       0.10318219, 0.10318219]))"}, "6": {"maxiter": 500, "fatol": 1e-10, "xatol": 1e-05, "duration": 0.10960006713867188, "fun": "0.10318218770900556", "nit": "409", "nfev": "644", "status": "0", "success": "True", "message": "Optimization terminated successfully.", "x": "[ 1.29250595  1.02139443  7.00297722 -1.84511353  1.16823818  2.17603263]", "final_simplex": "(array([[ 1.29250595,  1.02139443,  7.00297722, -1.84511353,  1.16823818,\n         2.17603263],\n       [ 1.29251026,  1.02139083,  7.00297903, -1.84511913,  1.16823813,\n         2.17603034],\n       [ 1.29250855,  1.02139449,  7.00297694, -1.84511571,  1.16824071,\n         2.17603208],\n       [ 1.2925035 ,  1.02139283,  7.00297984, -1.84511559,  1.16823761,\n         2.17603373],\n       [ 1.2925093 ,  1.02139327,  7.00297917, -1.84511821,  1.16823951,\n         2.17603362],\n       [ 1.29251558,  1.02139346,  7.00297638, -1.84512149,  1.16823917,\n         2.17602553],\n       [ 1.29251178,  1.02139112,  7.00297729, -1.84512081,  1.16824063,\n         2.17603237]]), array([0.10318219, 0.10318219, 0.10318219, 0.10318219, 0.10318219,\n       0.10318219, 0.10318219]))"}, "7": {"maxiter": 500, "fatol": 1e-10, "xatol": 1e-10, "duration": 0.1343080997467041, "fun": "0.10318218770779508", "nit": "500", "nfev": "791", "status": "2", "success": "False", "message": "Maximum number of iterations has been exceeded.", "x": "[ 1.29250716  1.02139334  7.00297705 -1.8451169   1.16823853  2.17603127]", "final_simplex": "(array([[ 1.29250716,  1.02139334,  7.00297705, -1.8451169 ,  1.16823853,\n         2.17603127],\n       [ 1.29250715,  1.02139335,  7.00297713, -1.8451169 ,  1.16823858,\n         2.17603128],\n       [ 1.29250716,  1.02139331,  7.0029771 , -1.84511687,  1.16823854,\n         2.17603126],\n       [ 1.29250703,  1.02139331,  7.00297704, -1.84511681,  1.16823852,\n         2.17603131],\n       [ 1.29250716,  1.02139336,  7.00297708, -1.84511685,  1.16823855,\n         2.1760313 ],\n       [ 1.2925072 ,  1.02139326,  7.00297715, -1.84511699,  1.16823855,\n         2.17603132],\n       [ 1.2925072 ,  1.02139335,  7.00297706, -1.84511691,  1.16823863,\n         2.17603126]]), array([0.10318219, 0.10318219, 0.10318219, 0.10318219, 0.10318219,\n       0.10318219, 0.10318219]))"}, "8": {"maxiter": 1000, "fatol": 1e-05, "xatol": 1e-05, "duration": 0.10926699638366699, "fun": "0.10318218770900556", "nit": "409", "nfev": "644", "status": "0", "success": "True", "message": "Optimization terminated successfully.", "x": "[ 1.29250595  1.02139443  7.00297722 -1.84511353  1.16823818  2.17603263]", "final_simplex": "(array([[ 1.29250595,  1.02139443,  7.00297722, -1.84511353,  1.16823818,\n         2.17603263],\n       [ 1.29251026,  1.02139083,  7.00297903, -1.84511913,  1.16823813,\n         2.17603034],\n       [ 1.29250855,  1.02139449,  7.00297694, -1.84511571,  1.16824071,\n         2.17603208],\n       [ 1.2925035 ,  1.02139283,  7.00297984, -1.84511559,  1.16823761,\n         2.17603373],\n       [ 1.2925093 ,  1.02139327,  7.00297917, -1.84511821,  1.16823951,\n         2.17603362],\n       [ 1.29251558,  1.02139346,  7.00297638, -1.84512149,  1.16823917,\n         2.17602553],\n       [ 1.29251178,  1.02139112,  7.00297729, -1.84512081,  1.16824063,\n         2.17603237]]), array([0.10318219, 0.10318219, 0.10318219, 0.10318219, 0.10318219,\n       0.10318219, 0.10318219]))"}, "9": {"maxiter": 1000, "fatol": 1e-05, "xatol": 1e-10, "duration": 0.15510296821594238, "fun": "0.1031821877077943", "nit": "543", "nfev": "915", "status": "0", "success": "True", "message": "Optimization terminated successfully.", "x": "[ 1.29250716  1.02139332  7.00297707 -1.84511695  1.16823854  2.17603124]", "final_simplex": "(array([[ 1.29250716,  1.02139332,  7.00297707, -1.84511695,  1.16823854,\n         2.17603124],\n       [ 1.29250716,  1.02139332,  7.00297707, -1.84511695,  1.16823854,\n         2.17603124],\n       [ 1.29250716,  1.02139332,  7.00297707, -1.84511695,  1.16823854,\n         2.17603124],\n       [ 1.29250716,  1.02139332,  7.00297707, -1.84511695,  1.16823854,\n         2.17603124],\n       [ 1.29250716,  1.02139332,  7.00297707, -1.84511695,  1.16823854,\n         2.17603124],\n       [ 1.29250716,  1.02139332,  7.00297707, -1.84511695,  1.16823854,\n         2.17603124],\n       [ 1.29250716,  1.02139332,  7.00297707, -1.84511695,  1.16823854,\n         2.17603124]]), array([0.10318219, 0.10318219, 0.10318219, 0.10318219, 0.10318219,\n       0.10318219, 0.10318219]))"}, "10": {"maxiter": 1000, "fatol": 1e-10, "xatol": 1e-05, "duration": 0.10914325714111328, "fun": "0.10318218770900556", "nit": "409", "nfev": "644", "status": "0", "success": "True", "message": "Optimization terminated successfully.", "x": "[ 1.29250595  1.02139443  7.00297722 -1.84511353  1.16823818  2.17603263]", "final_simplex": "(array([[ 1.29250595,  1.02139443,  7.00297722, -1.84511353,  1.16823818,\n         2.17603263],\n       [ 1.29251026,  1.02139083,  7.00297903, -1.84511913,  1.16823813,\n         2.17603034],\n       [ 1.29250855,  1.02139449,  7.00297694, -1.84511571,  1.16824071,\n         2.17603208],\n       [ 1.2925035 ,  1.02139283,  7.00297984, -1.84511559,  1.16823761,\n         2.17603373],\n       [ 1.2925093 ,  1.02139327,  7.00297917, -1.84511821,  1.16823951,\n         2.17603362],\n       [ 1.29251558,  1.02139346,  7.00297638, -1.84512149,  1.16823917,\n         2.17602553],\n       [ 1.29251178,  1.02139112,  7.00297729, -1.84512081,  1.16824063,\n         2.17603237]]), array([0.10318219, 0.10318219, 0.10318219, 0.10318219, 0.10318219,\n       0.10318219, 0.10318219]))"}, "11": {"maxiter": 1000, "fatol": 1e-10, "xatol": 1e-10, "duration": 0.15487885475158691, "fun": "0.1031821877077943", "nit": "543", "nfev": "915", "status": "0", "success": "True", "message": "Optimization terminated successfully.", "x": "[ 1.29250716  1.02139332  7.00297707 -1.84511695  1.16823854  2.17603124]", "final_simplex": "(array([[ 1.29250716,  1.02139332,  7.00297707, -1.84511695,  1.16823854,\n         2.17603124],\n       [ 1.29250716,  1.02139332,  7.00297707, -1.84511695,  1.16823854,\n         2.17603124],\n       [ 1.29250716,  1.02139332,  7.00297707, -1.84511695,  1.16823854,\n         2.17603124],\n       [ 1.29250716,  1.02139332,  7.00297707, -1.84511695,  1.16823854,\n         2.17603124],\n       [ 1.29250716,  1.02139332,  7.00297707, -1.84511695,  1.16823854,\n         2.17603124],\n       [ 1.29250716,  1.02139332,  7.00297707, -1.84511695,  1.16823854,\n         2.17603124],\n       [ 1.29250716,  1.02139332,  7.00297707, -1.84511695,  1.16823854,\n         2.17603124]]), array([0.10318219, 0.10318219, 0.10318219, 0.10318219, 0.10318219,\n       0.10318219, 0.10318219]))"}}, "bfgs": {"type": "gradient", "0": {"maxiter": 100, "gtol": 1e-05, "xrtol": 1e-05, "eps": 1e-05, "duration": 0.05206108093261719, "fun": "0.10318218794016043", "jac": "[ 2.80014900e-06 -6.09018391e-06 -8.26611002e-06 -4.19719814e-07\n  3.41191519e-06  6.62992994e-06]", "hess_inv": "[[ 17.8194362   -3.84535021   1.92769054 -14.000806     0.94523663\n   -7.74514402]\n [ -3.84535021   4.53368488  -1.83455832   4.78123346   1.42843959\n    1.74759058]\n [  1.92769054  -1.83455832   3.70488341  -3.19231348   0.61731437\n    0.83686197]\n [-14.000806     4.78123346  -3.19231348  15.36364027  -0.36186625\n    5.61383143]\n [  0.94523663   1.42843959   0.61731437  -0.36186625   3.36826663\n    0.48941615]\n [ -7.74514402   1.74759058   0.83686197   5.61383143   0.48941615\n    6.22637213]]", "nfev": "301", "njev": "43", "status": "0", "success": "True", "message": "Optimization terminated successfully.", "x": "[ 1.29254816  1.02136294  7.00296222 -1.84515695  1.16823206  2.17601753]", "nit": "34"}, "1": {"maxiter": 100, "gtol": 1e-05, "xrtol": 1e-05, "eps": 1e-10, "duration": 0.05431008338928223, "fun": "0.10318218779530242", "jac": "[ 0.00000000e+00 -5.55111466e-06 -7.77156053e-06  1.11022293e-06\n  2.22044587e-06 -2.22044587e-06]", "hess_inv": "[[ 18.90054555  -4.34611751   1.92475563 -15.0763218    1.28328417\n   -7.41915291]\n [ -4.34611751   4.30589412  -1.69009142   5.00927225   0.94482695\n    1.44686155]\n [  1.92475563  -1.69009142   3.66532361  -3.20772342   0.78984089\n    1.15349702]\n [-15.0763218    5.00927225  -3.20772342  16.21705617  -0.64741828\n    5.06212161]\n [  1.28328417   0.94482695   0.78984089  -0.64741828   2.84079603\n    0.44682532]\n [ -7.41915291   1.44686155   1.15349702   5.06212161   0.44682532\n    6.47074922]]", "nfev": "315", "njev": "45", "status": "0", "success": "True", "message": "Optimization terminated successfully.", "x": "[ 1.29248192  1.02140075  7.00295721 -1.84508389  1.16824148  2.17603497]", "nit": "35"}, "2": {"maxiter": 100, "gtol": 1e-05, "xrtol": 1e-10, "eps": 1e-05, "duration": 0.05178117752075195, "fun": "0.10318218794016043", "jac": "[ 2.80014900e-06 -6.09018391e-06 -8.26611002e-06 -4.19719814e-07\n  3.41191519e-06  6.62992994e-06]", "hess_inv": "[[ 17.8194362   -3.84535021   1.92769054 -14.000806     0.94523663\n   -7.74514402]\n [ -3.84535021   4.53368488  -1.83455832   4.78123346   1.42843959\n    1.74759058]\n [  1.92769054  -1.83455832   3.70488341  -3.19231348   0.61731437\n    0.83686197]\n [-14.000806     4.78123346  -3.19231348  15.36364027  -0.36186625\n    5.61383143]\n [  0.94523663   1.42843959   0.61731437  -0.36186625   3.36826663\n    0.48941615]\n [ -7.74514402   1.74759058   0.83686197   5.61383143   0.48941615\n    6.22637213]]", "nfev": "301", "njev": "43", "status": "0", "success": "True", "message": "Optimization terminated successfully.", "x": "[ 1.29254816  1.02136294  7.00296222 -1.84515695  1.16823206  2.17601753]", "nit": "34"}, "3": {"maxiter": 100, "gtol": 1e-05, "xrtol": 1e-10, "eps": 1e-10, "duration": 0.054270029067993164, "fun": "0.10318218779530242", "jac": "[ 0.00000000e+00 -5.55111466e-06 -7.77156053e-06  1.11022293e-06\n  2.22044587e-06 -2.22044587e-06]", "hess_inv": "[[ 18.90054555  -4.34611751   1.92475563 -15.0763218    1.28328417\n   -7.41915291]\n [ -4.34611751   4.30589412  -1.69009142   5.00927225   0.94482695\n    1.44686155]\n [  1.92475563  -1.69009142   3.66532361  -3.20772342   0.78984089\n    1.15349702]\n [-15.0763218    5.00927225  -3.20772342  16.21705617  -0.64741828\n    5.06212161]\n [  1.28328417   0.94482695   0.78984089  -0.64741828   2.84079603\n    0.44682532]\n [ -7.41915291   1.44686155   1.15349702   5.06212161   0.44682532\n    6.47074922]]", "nfev": "315", "njev": "45", "status": "0", "success": "True", "message": "Optimization terminated successfully.", "x": "[ 1.29248192  1.02140075  7.00295721 -1.84508389  1.16824148  2.17603497]", "nit": "35"}, "4": {"maxiter": 100, "gtol": 1e-10, "xrtol": 1e-05, "eps": 1e-05, "duration": 0.052924156188964844, "fun": "0.10318218776948329", "jac": "[-1.02395870e-07 -6.13420426e-07 -5.56465984e-07  9.63340518e-08\n  1.49602553e-07  1.32915901e-07]", "hess_inv": "[[ 18.7787169   -4.58305248   1.33876127 -14.75936663   1.16532762\n   -7.63903851]\n [ -4.58305248   4.8866914   -1.69678367   5.39675383   1.23971504\n    1.69043546]\n [  1.33876127  -1.69678367   3.60306387  -2.67929909   0.45356257\n    0.8076619 ]\n [-14.75936663   5.39675383  -2.67929909  15.95864872  -0.53298195\n    5.52625774]\n [  1.16532762   1.23971504   0.45356257  -0.53298195   3.41699371\n    0.51598106]\n [ -7.63903851   1.69043546   0.8076619    5.52625774   0.51598106\n    6.23532071]]", "nfev": "308", "njev": "44", "status": "0", "success": "True", "message": "Optimization terminated successfully.", "x": "[ 1.29251921  1.02137833  7.00296989 -1.84513302  1.16822479  2.17601512]", "nit": "35"}, "5": {"maxiter": 100, "gtol": 1e-10, "xrtol": 1e-05, "eps": 1e-10, "duration": 0.055413007736206055, "fun": "0.1031821877703123", "jac": "[0.00000000e+00 2.22044587e-06 2.22044587e-06 5.55111466e-06\n 3.33066880e-06 1.11022293e-06]", "hess_inv": "[[ 20.01388586  -4.99574705   1.62873752 -15.99263582   1.34437382\n   -7.50779901]\n [ -4.99574705   4.68443199  -1.49770543   5.53222524   0.91636171\n    1.52159854]\n [  1.62873752  -1.49770543   2.99828181  -2.51982375   0.50124133\n    0.30418457]\n [-15.99263582   5.53222524  -2.51982375  16.70654609  -0.53544471\n    5.65508566]\n [  1.34437382   0.91636171   0.50124133  -0.53544471   2.74467977\n    0.12317339]\n [ -7.50779901   1.52159854   0.30418457   5.65508566   0.12317339\n    5.45611786]]", "nfev": "322", "njev": "46", "status": "0", "success": "True", "message": "Optimization terminated successfully.", "x": "[ 1.29246494  1.02141031  7.00297456 -1.84507757  1.16824524  2.17605134]", "nit": "36"}, "6": {"maxiter": 100, "gtol": 1e-10, "xrtol": 1e-10, "eps": 1e-05, "duration": 0.09557294845581055, "fun": "0.10318218776412669", "jac": "[-1.66533454e-10  8.88178420e-11  1.49880108e-09  5.77315973e-10\n -9.43689571e-10  5.55111512e-11]", "hess_inv": "[[ 19.72030995  -4.41241434   1.68900057 -15.58021399   1.32844155\n   -8.11533282]\n [ -4.41241434   4.87205497  -1.64107882   5.24399612   1.25972129\n    1.63791148]\n [  1.68900057  -1.64107882   3.73525741  -2.98581063   0.51561791\n    0.6435723 ]\n [-15.58021399   5.24399612  -2.98581063  16.67394154  -0.67697654\n    5.94245526]\n [  1.32844155   1.25972129   0.51561791  -0.67697654   3.43364298\n    0.42585977]\n [ -8.11533282   1.63791148   0.6435723    5.94245526   0.42585977\n    6.4304423 ]]", "nfev": "557", "njev": "78", "status": "2", "success": "False", "message": "Desired error not necessarily achieved due to precision loss.", "x": "[ 1.29252178  1.02137905  7.00297129 -1.84513531  1.16822547  2.17601419]", "nit": "37"}, "7": {"maxiter": 100, "gtol": 1e-10, "xrtol": 1e-10, "eps": 1e-10, "duration": 0.07697200775146484, "fun": "0.1031821877414878", "jac": "[0.00000000e+00 0.00000000e+00 1.11022293e-06 2.22044587e-06\n 0.00000000e+00 2.22044587e-06]", "hess_inv": "[[ 0.24097013  0.06879001 -0.04754163 -0.11606854 -0.26946099 -0.0614781 ]\n [ 0.06879001  1.04292298 -0.05334166  0.37651417 -0.140236   -0.33819098]\n [-0.04754163 -0.05334166  0.05897784  0.04698383  0.08313215 -0.00500257]\n [-0.11606854  0.37651417  0.04698383  0.39617309  0.20927271 -0.19260586]\n [-0.26946099 -0.140236    0.08313215  0.20927271  0.42110479  0.02977667]\n [-0.0614781  -0.33819098 -0.00500257 -0.19260586  0.02977667  0.18450204]]", "nfev": "448", "njev": "64", "status": "0", "success": "True", "message": "Optimization terminated successfully.", "x": "[ 1.292476    1.02140241  7.00297736 -1.84508824  1.16824087  2.17605023]", "nit": "46"}, "8": {"maxiter": 500, "gtol": 1e-05, "xrtol": 1e-05, "eps": 1e-05, "duration": 0.05189394950866699, "fun": "0.10318218794016043", "jac": "[ 2.80014900e-06 -6.09018391e-06 -8.26611002e-06 -4.19719814e-07\n  3.41191519e-06  6.62992994e-06]", "hess_inv": "[[ 17.8194362   -3.84535021   1.92769054 -14.000806     0.94523663\n   -7.74514402]\n [ -3.84535021   4.53368488  -1.83455832   4.78123346   1.42843959\n    1.74759058]\n [  1.92769054  -1.83455832   3.70488341  -3.19231348   0.61731437\n    0.83686197]\n [-14.000806     4.78123346  -3.19231348  15.36364027  -0.36186625\n    5.61383143]\n [  0.94523663   1.42843959   0.61731437  -0.36186625   3.36826663\n    0.48941615]\n [ -7.74514402   1.74759058   0.83686197   5.61383143   0.48941615\n    6.22637213]]", "nfev": "301", "njev": "43", "status": "0", "success": "True", "message": "Optimization terminated successfully.", "x": "[ 1.29254816  1.02136294  7.00296222 -1.84515695  1.16823206  2.17601753]", "nit": "34"}, "9": {"maxiter": 500, "gtol": 1e-05, "xrtol": 1e-05, "eps": 1e-10, "duration": 0.05415987968444824, "fun": "0.10318218779530242", "jac": "[ 0.00000000e+00 -5.55111466e-06 -7.77156053e-06  1.11022293e-06\n  2.22044587e-06 -2.22044587e-06]", "hess_inv": "[[ 18.90054555  -4.34611751   1.92475563 -15.0763218    1.28328417\n   -7.41915291]\n [ -4.34611751   4.30589412  -1.69009142   5.00927225   0.94482695\n    1.44686155]\n [  1.92475563  -1.69009142   3.66532361  -3.20772342   0.78984089\n    1.15349702]\n [-15.0763218    5.00927225  -3.20772342  16.21705617  -0.64741828\n    5.06212161]\n [  1.28328417   0.94482695   0.78984089  -0.64741828   2.84079603\n    0.44682532]\n [ -7.41915291   1.44686155   1.15349702   5.06212161   0.44682532\n    6.47074922]]", "nfev": "315", "njev": "45", "status": "0", "success": "True", "message": "Optimization terminated successfully.", "x": "[ 1.29248192  1.02140075  7.00295721 -1.84508389  1.16824148  2.17603497]", "nit": "35"}, "10": {"maxiter": 500, "gtol": 1e-05, "xrtol": 1e-10, "eps": 1e-05, "duration": 0.05153203010559082, "fun": "0.10318218794016043", "jac": "[ 2.80014900e-06 -6.09018391e-06 -8.26611002e-06 -4.19719814e-07\n  3.41191519e-06  6.62992994e-06]", "hess_inv": "[[ 17.8194362   -3.84535021   1.92769054 -14.000806     0.94523663\n   -7.74514402]\n [ -3.84535021   4.53368488  -1.83455832   4.78123346   1.42843959\n    1.74759058]\n [  1.92769054  -1.83455832   3.70488341  -3.19231348   0.61731437\n    0.83686197]\n [-14.000806     4.78123346  -3.19231348  15.36364027  -0.36186625\n    5.61383143]\n [  0.94523663   1.42843959   0.61731437  -0.36186625   3.36826663\n    0.48941615]\n [ -7.74514402   1.74759058   0.83686197   5.61383143   0.48941615\n    6.22637213]]", "nfev": "301", "njev": "43", "status": "0", "success": "True", "message": "Optimization terminated successfully.", "x": "[ 1.29254816  1.02136294  7.00296222 -1.84515695  1.16823206  2.17601753]", "nit": "34"}, "11": {"maxiter": 500, "gtol": 1e-05, "xrtol": 1e-10, "eps": 1e-10, "duration": 0.054299116134643555, "fun": "0.10318218779530242", "jac": "[ 0.00000000e+00 -5.55111466e-06 -7.77156053e-06  1.11022293e-06\n  2.22044587e-06 -2.22044587e-06]", "hess_inv": "[[ 18.90054555  -4.34611751   1.92475563 -15.0763218    1.28328417\n   -7.41915291]\n [ -4.34611751   4.30589412  -1.69009142   5.00927225   0.94482695\n    1.44686155]\n [  1.92475563  -1.69009142   3.66532361  -3.20772342   0.78984089\n    1.15349702]\n [-15.0763218    5.00927225  -3.20772342  16.21705617  -0.64741828\n    5.06212161]\n [  1.28328417   0.94482695   0.78984089  -0.64741828   2.84079603\n    0.44682532]\n [ -7.41915291   1.44686155   1.15349702   5.06212161   0.44682532\n    6.47074922]]", "nfev": "315", "njev": "45", "status": "0", "success": "True", "message": "Optimization terminated successfully.", "x": "[ 1.29248192  1.02140075  7.00295721 -1.84508389  1.16824148  2.17603497]", "nit": "35"}, "12": {"maxiter": 500, "gtol": 1e-10, "xrtol": 1e-05, "eps": 1e-05, "duration": 0.05283713340759277, "fun": "0.10318218776948329", "jac": "[-1.02395870e-07 -6.13420426e-07 -5.56465984e-07  9.63340518e-08\n  1.49602553e-07  1.32915901e-07]", "hess_inv": "[[ 18.7787169   -4.58305248   1.33876127 -14.75936663   1.16532762\n   -7.63903851]\n [ -4.58305248   4.8866914   -1.69678367   5.39675383   1.23971504\n    1.69043546]\n [  1.33876127  -1.69678367   3.60306387  -2.67929909   0.45356257\n    0.8076619 ]\n [-14.75936663   5.39675383  -2.67929909  15.95864872  -0.53298195\n    5.52625774]\n [  1.16532762   1.23971504   0.45356257  -0.53298195   3.41699371\n    0.51598106]\n [ -7.63903851   1.69043546   0.8076619    5.52625774   0.51598106\n    6.23532071]]", "nfev": "308", "njev": "44", "status": "0", "success": "True", "message": "Optimization terminated successfully.", "x": "[ 1.29251921  1.02137833  7.00296989 -1.84513302  1.16822479  2.17601512]", "nit": "35"}, "13": {"maxiter": 500, "gtol": 1e-10, "xrtol": 1e-05, "eps": 1e-10, "duration": 0.05524301528930664, "fun": "0.1031821877703123", "jac": "[0.00000000e+00 2.22044587e-06 2.22044587e-06 5.55111466e-06\n 3.33066880e-06 1.11022293e-06]", "hess_inv": "[[ 20.01388586  -4.99574705   1.62873752 -15.99263582   1.34437382\n   -7.50779901]\n [ -4.99574705   4.68443199  -1.49770543   5.53222524   0.91636171\n    1.52159854]\n [  1.62873752  -1.49770543   2.99828181  -2.51982375   0.50124133\n    0.30418457]\n [-15.99263582   5.53222524  -2.51982375  16.70654609  -0.53544471\n    5.65508566]\n [  1.34437382   0.91636171   0.50124133  -0.53544471   2.74467977\n    0.12317339]\n [ -7.50779901   1.52159854   0.30418457   5.65508566   0.12317339\n    5.45611786]]", "nfev": "322", "njev": "46", "status": "0", "success": "True", "message": "Optimization terminated successfully.", "x": "[ 1.29246494  1.02141031  7.00297456 -1.84507757  1.16824524  2.17605134]", "nit": "36"}, "14": {"maxiter": 500, "gtol": 1e-10, "xrtol": 1e-10, "eps": 1e-05, "duration": 0.0946800708770752, "fun": "0.10318218776412669", "jac": "[-1.66533454e-10  8.88178420e-11  1.49880108e-09  5.77315973e-10\n -9.43689571e-10  5.55111512e-11]", "hess_inv": "[[ 19.72030995  -4.41241434   1.68900057 -15.58021399   1.32844155\n   -8.11533282]\n [ -4.41241434   4.87205497  -1.64107882   5.24399612   1.25972129\n    1.63791148]\n [  1.68900057  -1.64107882   3.73525741  -2.98581063   0.51561791\n    0.6435723 ]\n [-15.58021399   5.24399612  -2.98581063  16.67394154  -0.67697654\n    5.94245526]\n [  1.32844155   1.25972129   0.51561791  -0.67697654   3.43364298\n    0.42585977]\n [ -8.11533282   1.63791148   0.6435723    5.94245526   0.42585977\n    6.4304423 ]]", "nfev": "557", "njev": "78", "status": "2", "success": "False", "message": "Desired error not necessarily achieved due to precision loss.", "x": "[ 1.29252178  1.02137905  7.00297129 -1.84513531  1.16822547  2.17601419]", "nit": "37"}, "15": {"maxiter": 500, "gtol": 1e-10, "xrtol": 1e-10, "eps": 1e-10, "duration": 0.0779268741607666, "fun": "0.1031821877414878", "jac": "[0.00000000e+00 0.00000000e+00 1.11022293e-06 2.22044587e-06\n 0.00000000e+00 2.22044587e-06]", "hess_inv": "[[ 0.24097013  0.06879001 -0.04754163 -0.11606854 -0.26946099 -0.0614781 ]\n [ 0.06879001  1.04292298 -0.05334166  0.37651417 -0.140236   -0.33819098]\n [-0.04754163 -0.05334166  0.05897784  0.04698383  0.08313215 -0.00500257]\n [-0.11606854  0.37651417  0.04698383  0.39617309  0.20927271 -0.19260586]\n [-0.26946099 -0.140236    0.08313215  0.20927271  0.42110479  0.02977667]\n [-0.0614781  -0.33819098 -0.00500257 -0.19260586  0.02977667  0.18450204]]", "nfev": "448", "njev": "64", "status": "0", "success": "True", "message": "Optimization terminated successfully.", "x": "[ 1.292476    1.02140241  7.00297736 -1.84508824  1.16824087  2.17605023]", "nit": "46"}, "16": {"maxiter": 1000, "gtol": 1e-05, "xrtol": 1e-05, "eps": 1e-05, "duration": 0.052078962326049805, "fun": "0.10318218794016043", "jac": "[ 2.80014900e-06 -6.09018391e-06 -8.26611002e-06 -4.19719814e-07\n  3.41191519e-06  6.62992994e-06]", "hess_inv": "[[ 17.8194362   -3.84535021   1.92769054 -14.000806     0.94523663\n   -7.74514402]\n [ -3.84535021   4.53368488  -1.83455832   4.78123346   1.42843959\n    1.74759058]\n [  1.92769054  -1.83455832   3.70488341  -3.19231348   0.61731437\n    0.83686197]\n [-14.000806     4.78123346  -3.19231348  15.36364027  -0.36186625\n    5.61383143]\n [  0.94523663   1.42843959   0.61731437  -0.36186625   3.36826663\n    0.48941615]\n [ -7.74514402   1.74759058   0.83686197   5.61383143   0.48941615\n    6.22637213]]", "nfev": "301", "njev": "43", "status": "0", "success": "True", "message": "Optimization terminated successfully.", "x": "[ 1.29254816  1.02136294  7.00296222 -1.84515695  1.16823206  2.17601753]", "nit": "34"}, "17": {"maxiter": 1000, "gtol": 1e-05, "xrtol": 1e-05, "eps": 1e-10, "duration": 0.05455493927001953, "fun": "0.10318218779530242", "jac": "[ 0.00000000e+00 -5.55111466e-06 -7.77156053e-06  1.11022293e-06\n  2.22044587e-06 -2.22044587e-06]", "hess_inv": "[[ 18.90054555  -4.34611751   1.92475563 -15.0763218    1.28328417\n   -7.41915291]\n [ -4.34611751   4.30589412  -1.69009142   5.00927225   0.94482695\n    1.44686155]\n [  1.92475563  -1.69009142   3.66532361  -3.20772342   0.78984089\n    1.15349702]\n [-15.0763218    5.00927225  -3.20772342  16.21705617  -0.64741828\n    5.06212161]\n [  1.28328417   0.94482695   0.78984089  -0.64741828   2.84079603\n    0.44682532]\n [ -7.41915291   1.44686155   1.15349702   5.06212161   0.44682532\n    6.47074922]]", "nfev": "315", "njev": "45", "status": "0", "success": "True", "message": "Optimization terminated successfully.", "x": "[ 1.29248192  1.02140075  7.00295721 -1.84508389  1.16824148  2.17603497]", "nit": "35"}, "18": {"maxiter": 1000, "gtol": 1e-05, "xrtol": 1e-10, "eps": 1e-05, "duration": 0.05216622352600098, "fun": "0.10318218794016043", "jac": "[ 2.80014900e-06 -6.09018391e-06 -8.26611002e-06 -4.19719814e-07\n  3.41191519e-06  6.62992994e-06]", "hess_inv": "[[ 17.8194362   -3.84535021   1.92769054 -14.000806     0.94523663\n   -7.74514402]\n [ -3.84535021   4.53368488  -1.83455832   4.78123346   1.42843959\n    1.74759058]\n [  1.92769054  -1.83455832   3.70488341  -3.19231348   0.61731437\n    0.83686197]\n [-14.000806     4.78123346  -3.19231348  15.36364027  -0.36186625\n    5.61383143]\n [  0.94523663   1.42843959   0.61731437  -0.36186625   3.36826663\n    0.48941615]\n [ -7.74514402   1.74759058   0.83686197   5.61383143   0.48941615\n    6.22637213]]", "nfev": "301", "njev": "43", "status": "0", "success": "True", "message": "Optimization terminated successfully.", "x": "[ 1.29254816  1.02136294  7.00296222 -1.84515695  1.16823206  2.17601753]", "nit": "34"}, "19": {"maxiter": 1000, "gtol": 1e-05, "xrtol": 1e-10, "eps": 1e-10, "duration": 0.0545961856842041, "fun": "0.10318218779530242", "jac": "[ 0.00000000e+00 -5.55111466e-06 -7.77156053e-06  1.11022293e-06\n  2.22044587e-06 -2.22044587e-06]", "hess_inv": "[[ 18.90054555  -4.34611751   1.92475563 -15.0763218    1.28328417\n   -7.41915291]\n [ -4.34611751   4.30589412  -1.69009142   5.00927225   0.94482695\n    1.44686155]\n [  1.92475563  -1.69009142   3.66532361  -3.20772342   0.78984089\n    1.15349702]\n [-15.0763218    5.00927225  -3.20772342  16.21705617  -0.64741828\n    5.06212161]\n [  1.28328417   0.94482695   0.78984089  -0.64741828   2.84079603\n    0.44682532]\n [ -7.41915291   1.44686155   1.15349702   5.06212161   0.44682532\n    6.47074922]]", "nfev": "315", "njev": "45", "status": "0", "success": "True", "message": "Optimization terminated successfully.", "x": "[ 1.29248192  1.02140075  7.00295721 -1.84508389  1.16824148  2.17603497]", "nit": "35"}, "20": {"maxiter": 1000, "gtol": 1e-10, "xrtol": 1e-05, "eps": 1e-05, "duration": 0.053436994552612305, "fun": "0.10318218776948329", "jac": "[-1.02395870e-07 -6.13420426e-07 -5.56465984e-07  9.63340518e-08\n  1.49602553e-07  1.32915901e-07]", "hess_inv": "[[ 18.7787169   -4.58305248   1.33876127 -14.75936663   1.16532762\n   -7.63903851]\n [ -4.58305248   4.8866914   -1.69678367   5.39675383   1.23971504\n    1.69043546]\n [  1.33876127  -1.69678367   3.60306387  -2.67929909   0.45356257\n    0.8076619 ]\n [-14.75936663   5.39675383  -2.67929909  15.95864872  -0.53298195\n    5.52625774]\n [  1.16532762   1.23971504   0.45356257  -0.53298195   3.41699371\n    0.51598106]\n [ -7.63903851   1.69043546   0.8076619    5.52625774   0.51598106\n    6.23532071]]", "nfev": "308", "njev": "44", "status": "0", "success": "True", "message": "Optimization terminated successfully.", "x": "[ 1.29251921  1.02137833  7.00296989 -1.84513302  1.16822479  2.17601512]", "nit": "35"}, "21": {"maxiter": 1000, "gtol": 1e-10, "xrtol": 1e-05, "eps": 1e-10, "duration": 0.05601096153259277, "fun": "0.1031821877703123", "jac": "[0.00000000e+00 2.22044587e-06 2.22044587e-06 5.55111466e-06\n 3.33066880e-06 1.11022293e-06]", "hess_inv": "[[ 20.01388586  -4.99574705   1.62873752 -15.99263582   1.34437382\n   -7.50779901]\n [ -4.99574705   4.68443199  -1.49770543   5.53222524   0.91636171\n    1.52159854]\n [  1.62873752  -1.49770543   2.99828181  -2.51982375   0.50124133\n    0.30418457]\n [-15.99263582   5.53222524  -2.51982375  16.70654609  -0.53544471\n    5.65508566]\n [  1.34437382   0.91636171   0.50124133  -0.53544471   2.74467977\n    0.12317339]\n [ -7.50779901   1.52159854   0.30418457   5.65508566   0.12317339\n    5.45611786]]", "nfev": "322", "njev": "46", "status": "0", "success": "True", "message": "Optimization terminated successfully.", "x": "[ 1.29246494  1.02141031  7.00297456 -1.84507757  1.16824524  2.17605134]", "nit": "36"}, "22": {"maxiter": 1000, "gtol": 1e-10, "xrtol": 1e-10, "eps": 1e-05, "duration": 0.09645390510559082, "fun": "0.10318218776412669", "jac": "[-1.66533454e-10  8.88178420e-11  1.49880108e-09  5.77315973e-10\n -9.43689571e-10  5.55111512e-11]", "hess_inv": "[[ 19.72030995  -4.41241434   1.68900057 -15.58021399   1.32844155\n   -8.11533282]\n [ -4.41241434   4.87205497  -1.64107882   5.24399612   1.25972129\n    1.63791148]\n [  1.68900057  -1.64107882   3.73525741  -2.98581063   0.51561791\n    0.6435723 ]\n [-15.58021399   5.24399612  -2.98581063  16.67394154  -0.67697654\n    5.94245526]\n [  1.32844155   1.25972129   0.51561791  -0.67697654   3.43364298\n    0.42585977]\n [ -8.11533282   1.63791148   0.6435723    5.94245526   0.42585977\n    6.4304423 ]]", "nfev": "557", "njev": "78", "status": "2", "success": "False", "message": "Desired error not necessarily achieved due to precision loss.", "x": "[ 1.29252178  1.02137905  7.00297129 -1.84513531  1.16822547  2.17601419]", "nit": "37"}, "23": {"maxiter": 1000, "gtol": 1e-10, "xrtol": 1e-10, "eps": 1e-10, "duration": 0.07790303230285645, "fun": "0.1031821877414878", "jac": "[0.00000000e+00 0.00000000e+00 1.11022293e-06 2.22044587e-06\n 0.00000000e+00 2.22044587e-06]", "hess_inv": "[[ 0.24097013  0.06879001 -0.04754163 -0.11606854 -0.26946099 -0.0614781 ]\n [ 0.06879001  1.04292298 -0.05334166  0.37651417 -0.140236   -0.33819098]\n [-0.04754163 -0.05334166  0.05897784  0.04698383  0.08313215 -0.00500257]\n [-0.11606854  0.37651417  0.04698383  0.39617309  0.20927271 -0.19260586]\n [-0.26946099 -0.140236    0.08313215  0.20927271  0.42110479  0.02977667]\n [-0.0614781  -0.33819098 -0.00500257 -0.19260586  0.02977667  0.18450204]]", "nfev": "448", "njev": "64", "status": "0", "success": "True", "message": "Optimization terminated successfully.", "x": "[ 1.292476    1.02140241  7.00297736 -1.84508824  1.16824087  2.17605023]", "nit": "46"}}, "cobyla": {"0": {"maxiter": 100, "tol": 1e-05, "catol": 1e-05, "duration": 0.016721010208129883, "x": "[ 0.18289426  2.95617702  5.26699604 -0.8919875   0.72288963  2.97086874]", "status": "2", "success": "False", "message": "Maximum number of function evaluations has been exceeded.", "nfev": "100", "fun": "0.14310033298859226", "maxcv": "0.0"}, "1": {"maxiter": 100, "tol": 1e-05, "catol": 1e-10, "duration": 0.016660213470458984, "x": "[ 0.18289426  2.95617702  5.26699604 -0.8919875   0.72288963  2.97086874]", "status": "2", "success": "False", "message": "Maximum number of function evaluations has been exceeded.", "nfev": "100", "fun": "0.14310033298859226", "maxcv": "0.0"}, "2": {"maxiter": 100, "tol": 1e-10, "catol": 1e-05, "duration": 0.016618967056274414, "x": "[ 0.18289426  2.95617702  5.26699604 -0.8919875   0.72288963  2.97086874]", "status": "2", "success": "False", "message": "Maximum number of function evaluations has been exceeded."