{"date": "2024/07/18/, 19:29:34", "conf_id": 40, "data_type": "random\n", "num_data_points": 3, "s_rank": 0, "unitary": "[[-0.45070455-0.02711853j,0.78437395-0.06613086j,0.06358678+0.19963393j,-0.07343613+0.35668523j],[-0.01890143-0.03813363j,0.32408202+0.25557629j,0.05872864-0.68979805j,0.55466693-0.20227297j],[-0.11215405+0.64023111j,-0.13344055+0.29565494j,-0.49012687-0.19046288j,-0.04241254+0.44046348j],[0.55771659+0.24656916j,0.31851997-0.05798805j,0.28761525-0.34294258j,-0.56718418+0.03616933j]]", "databatch_0": {"databatch": "[[[-0.39835064-0.33434881j,0.27959495-0.17872074j,-0.15778931+0.22617358j,-0.30588498+0.14679406j],[-0.29307713+0.11949864j,-0.0168201-0.2012458j,0.07694683+0.14915208j,-0.00783002+0.20633274j],[0.10327772+0.05556538j,-0.05354206+0.05227504j,0.02447312-0.0571698j,0.06081003-0.04643071j],[0.08064063+0.28662687j,-0.18990224-0.00560732j,0.14757927-0.0561191j,0.19204468+0.0291888j]],[[-0.17124538+0.03639789j,0.21566833+0.22421845j,0.22803426+0.0370206j,0.23060905-0.09338225j],[-0.06205824-0.00093741j,0.05683999+0.09451717j,0.07589017+0.03079463j,0.08707331-0.01407149j],[0.06597231-0.26998872j,-0.46930384+0.15389691j,-0.21011011+0.30060243j,-0.02539216+0.39416107j],[-0.09140661-0.07860998j,-0.0328076+0.21171143j,0.07489209+0.14035772j,0.14739562+0.08734431j]],[[0.35073708-0.17171913j,0.19341309+0.17227108j,0.20172803-0.33837649j,0.30165952+0.16633395j],[0.09194814-0.09547928j,0.08168725+0.03250391j,0.02507625-0.13134586j,0.11552633+0.01804755j],[-0.2111008-0.11874627j,0.01995434-0.15939889j,-0.24380871+0.01599625j,-0.0211587-0.21260235j],[0.27853052+0.05234021j,0.03773216+0.18414183j,0.26418939-0.10926509j,0.10326987+0.22766745j]]]", "initial param values": "[0.71590008,0.14610397,1.273779,1.43216517,3.13793287,4.83476148]", "nelder_mead": {"type": "gradient-free", "0": {"maxiter": 100, "fatol": 1e-05, "xatol": 1e-05, "duration": 0.025805234909057617, "fun": "0.3114676994970299", "nit": "100", "nfev": "154", "status": "2", "success": "False", "message": "Maximum number of iterations has been exceeded.", "x": "[ 0.06570455  0.24587686  1.34395652 -0.37798174  9.33264356  0.23813515]", "final_simplex": "(array([[ 0.06570455,  0.24587686,  1.34395652, -0.37798174,  9.33264356,\n         0.23813515],\n       [ 0.04603826,  0.24625606,  1.35867916, -0.3410143 ,  9.45474321,\n         0.08330761],\n       [ 0.0473085 ,  0.24381134,  1.35831266, -0.26722545,  9.46104607,\n         0.12447986],\n       [ 0.08453899,  0.24454592,  1.37181221, -0.34357798,  9.29757591,\n         0.27449939],\n       [ 0.03792222,  0.24765835,  1.34621505, -0.29653771,  9.53547837,\n        -0.01298755],\n       [ 0.05122601,  0.24525107,  1.36474857, -0.3844217 ,  9.47252201,\n         0.16414551],\n       [ 0.07516538,  0.2449617 ,  1.36090054, -0.33444028,  9.38295266,\n         0.2612279 ]]), array([0.3114677 , 0.31164768, 0.31202236, 0.31254767, 0.31267429,\n       0.31280595, 0.31316079]))"}, "1": {"maxiter": 100, "fatol": 1e-05, "xatol": 1e-10, "duration": 0.0257110595703125, "fun": "0.3114676994970299", "nit": "100", "nfev": "154", "status": "2", "success": "False", "message": "Maximum number of iterations has been exceeded.", "x": "[ 0.06570455  0.24587686  1.34395652 -0.37798174  9.33264356  0.23813515]", "final_simplex": "(array([[ 0.06570455,  0.24587686,  1.34395652, -0.37798174,  9.33264356,\n         0.23813515],\n       [ 0.04603826,  0.24625606,  1.35867916, -0.3410143 ,  9.45474321,\n         0.08330761],\n       [ 0.0473085 ,  0.24381134,  1.35831266, -0.26722545,  9.46104607,\n         0.12447986],\n       [ 0.08453899,  0.24454592,  1.37181221, -0.34357798,  9.29757591,\n         0.27449939],\n       [ 0.03792222,  0.24765835,  1.34621505, -0.29653771,  9.53547837,\n        -0.01298755],\n       [ 0.05122601,  0.24525107,  1.36474857, -0.3844217 ,  9.47252201,\n         0.16414551],\n       [ 0.07516538,  0.2449617 ,  1.36090054, -0.33444028,  9.38295266,\n         0.2612279 ]]), array([0.3114677 , 0.31164768, 0.31202236, 0.31254767, 0.31267429,\n       0.31280595, 0.31316079]))"}, "2": {"maxiter": 100, "fatol": 1e-10, "xatol": 1e-05, "duration": 0.025671958923339844, "fun": "0.3114676994970299", "nit": "100", "nfev": "154", "status": "2", "success": "False", "message": "Maximum number of iterations has been exceeded.", "x": "[ 0.06570455  0.24587686  1.34395652 -0.37798174  9.33264356  0.23813515]", "final_simplex": "(array([[ 0.06570455,  0.24587686,  1.34395652, -0.37798174,  9.33264356,\n         0.23813515],\n       [ 0.04603826,  0.24625606,  1.35867916, -0.3410143 ,  9.45474321,\n         0.08330761],\n       [ 0.0473085 ,  0.24381134,  1.35831266, -0.26722545,  9.46104607,\n         0.12447986],\n       [ 0.08453899,  0.24454592,  1.37181221, -0.34357798,  9.29757591,\n         0.27449939],\n       [ 0.03792222,  0.24765835,  1.34621505, -0.29653771,  9.53547837,\n        -0.01298755],\n       [ 0.05122601,  0.24525107,  1.36474857, -0.3844217 ,  9.47252201,\n         0.16414551],\n       [ 0.07516538,  0.2449617 ,  1.36090054, -0.33444028,  9.38295266,\n         0.2612279 ]]), array([0.3114677 , 0.31164768, 0.31202236, 0.31254767, 0.31267429,\n       0.31280595, 0.31316079]))"}, "3": {"maxiter": 100, "fatol": 1e-10, "xatol": 1e-10, "duration": 0.025783777236938477, "fun": "0.3114676994970299", "nit": "100", "nfev": "154", "status": "2", "success": "False", "message": "Maximum number of iterations has been exceeded.", "x": "[ 0.06570455  0.24587686  1.34395652 -0.37798174  9.33264356  0.23813515]", "final_simplex": "(array([[ 0.06570455,  0.24587686,  1.34395652, -0.37798174,  9.33264356,\n         0.23813515],\n       [ 0.04603826,  0.24625606,  1.35867916, -0.3410143 ,  9.45474321,\n         0.08330761],\n       [ 0.0473085 ,  0.24381134,  1.35831266, -0.26722545,  9.46104607,\n         0.12447986],\n       [ 0.08453899,  0.24454592,  1.37181221, -0.34357798,  9.29757591,\n         0.27449939],\n       [ 0.03792222,  0.24765835,  1.34621505, -0.29653771,  9.53547837,\n        -0.01298755],\n       [ 0.05122601,  0.24525107,  1.36474857, -0.3844217 ,  9.47252201,\n         0.16414551],\n       [ 0.07516538,  0.2449617 ,  1.36090054, -0.33444028,  9.38295266,\n         0.2612279 ]]), array([0.3114677 , 0.31164768, 0.31202236, 0.31254767, 0.31267429,\n       0.31280595, 0.31316079]))"}, "4": {"maxiter": 500, "fatol": 1e-05, "xatol": 1e-05, "duration": 0.1294090747833252, "fun": "0.2843832867369426", "nit": "500", "nfev": "775", "status": "2", "success": "False", "message": "Maximum number of iterations has been exceeded.", "x": "[-0.39138053  0.39965965  1.31361167 -0.45887768  8.85537102  0.38386517]", "final_simplex": "(array([[-0.39138053,  0.39965965,  1.31361167, -0.45887768,  8.85537102,\n         0.38386517],\n       [-0.38801956,  0.37737909,  1.33548266, -0.46085507,  8.84687817,\n         0.38792357],\n       [-0.39212434,  0.38411773,  1.34353246, -0.45297234,  8.82476454,\n         0.40366088],\n       [-0.39008604,  0.37609934,  1.34092612, -0.4569763 ,  8.8368571 ,\n         0.39811054],\n       [-0.3897671 ,  0.37756586,  1.33685664, -0.45489898,  8.84864348,\n         0.38580677],\n       [-0.38399363,  0.37848447,  1.34051036, -0.44652268,  8.85144449,\n         0.39293422],\n       [-0.38805722,  0.38777495,  1.33513209, -0.46106564,  8.84894284,\n         0.39298755]]), array([0.28438329, 0.28438779, 0.28439576, 0.28440223, 0.28440402,\n       0.28440501, 0.2844052 ]))"}, "5": {"maxiter": 500, "fatol": 1e-05, "xatol": 1e-10, "duration": 0.12938904762268066, "fun": "0.2843832867369426", "nit": "500", "nfev": "775", "status": "2", "success": "False", "message": "Maximum number of iterations has been exceeded.", "x": "[-0.39138053  0.39965965  1.31361167 -0.45887768  8.85537102  0.38386517]", "final_simplex": "(array([[-0.39138053,  0.39965965,  1.31361167, -0.45887768,  8.85537102,\n         0.38386517],\n       [-0.38801956,  0.37737909,  1.33548266, -0.46085507,  8.84687817,\n         0.38792357],\n       [-0.39212434,  0.38411773,  1.34353246, -0.45297234,  8.82476454,\n         0.40366088],\n       [-0.39008604,  0.37609934,  1.34092612, -0.4569763 ,  8.8368571 ,\n         0.39811054],\n       [-0.3897671 ,  0.37756586,  1.33685664, -0.45489898,  8.84864348,\n         0.38580677],\n       [-0.38399363,  0.37848447,  1.34051036, -0.44652268,  8.85144449,\n         0.39293422],\n       [-0.38805722,  0.38777495,  1.33513209, -0.46106564,  8.84894284,\n         0.39298755]]), array([0.28438329, 0.28438779, 0.28439576, 0.28440223, 0.28440402,\n       0.28440501, 0.2844052 ]))"}, "6": {"maxiter": 500, "fatol": 1e-10, "xatol": 1e-05, "duration": 0.12901806831359863, "fun": "0.2843832867369426", "nit": "500", "nfev": "775", "status": "2", "success": "False", "message": "Maximum number of iterations has been exceeded.", "x": "[-0.39138053  0.39965965  1.31361167 -0.45887768  8.85537102  0.38386517]", "final_simplex": "(array([[-0.39138053,  0.39965965,  1.31361167, -0.45887768,  8.85537102,\n         0.38386517],\n       [-0.38801956,  0.37737909,  1.33548266, -0.46085507,  8.84687817,\n         0.38792357],\n       [-0.39212434,  0.38411773,  1.34353246, -0.45297234,  8.82476454,\n         0.40366088],\n       [-0.39008604,  0.37609934,  1.34092612, -0.4569763 ,  8.8368571 ,\n         0.39811054],\n       [-0.3897671 ,  0.37756586,  1.33685664, -0.45489898,  8.84864348,\n         0.38580677],\n       [-0.38399363,  0.37848447,  1.34051036, -0.44652268,  8.85144449,\n         0.39293422],\n       [-0.38805722,  0.38777495,  1.33513209, -0.46106564,  8.84894284,\n         0.39298755]]), array([0.28438329, 0.28438779, 0.28439576, 0.28440223, 0.28440402,\n       0.28440501, 0.2844052 ]))"}, "7": {"maxiter": 500, "fatol": 1e-10, "xatol": 1e-10, "duration": 0.1290760040283203, "fun": "0.2843832867369426", "nit": "500", "nfev": "775", "status": "2", "success": "False", "message": "Maximum number of iterations has been exceeded.", "x": "[-0.39138053  0.39965965  1.31361167 -0.45887768  8.85537102  0.38386517]", "final_simplex": "(array([[-0.39138053,  0.39965965,  1.31361167, -0.45887768,  8.85537102,\n         0.38386517],\n       [-0.38801956,  0.37737909,  1.33548266, -0.46085507,  8.84687817,\n         0.38792357],\n       [-0.39212434,  0.38411773,  1.34353246, -0.45297234,  8.82476454,\n         0.40366088],\n       [-0.39008604,  0.37609934,  1.34092612, -0.4569763 ,  8.8368571 ,\n         0.39811054],\n       [-0.3897671 ,  0.37756586,  1.33685664, -0.45489898,  8.84864348,\n         0.38580677],\n       [-0.38399363,  0.37848447,  1.34051036, -0.44652268,  8.85144449,\n         0.39293422],\n       [-0.38805722,  0.38777495,  1.33513209, -0.46106564,  8.84894284,\n         0.39298755]]), array([0.28438329, 0.28438779, 0.28439576, 0.28440223, 0.28440402,\n       0.28440501, 0.2844052 ]))"}, "8": {"maxiter": 1000, "fatol": 1e-05, "xatol": 1e-05, "duration": 0.17667317390441895, "fun": "0.28402403860347647", "nit": "681", "nfev": "1062", "status": "0", "success": "True", "message": "Optimization terminated successfully.", "x": "[-0.3486108   0.49942257  1.23486221 -0.4554568   8.80447532  0.44782789]", "final_simplex": "(array([[-0.3486108 ,  0.49942257,  1.23486221, -0.4554568 ,  8.80447532,\n         0.44782789],\n       [-0.34861157,  0.49942076,  1.23486755, -0.45545611,  8.80447773,\n         0.44782512],\n       [-0.348614  ,  0.49943103,  1.2348537 , -0.45545515,  8.80448238,\n         0.44782435],\n       [-0.34861313,  0.49941651,  1.23486651, -0.45545672,  8.80448046,\n         0.44782475],\n       [-0.34861489,  0.49942734,  1.23485795, -0.45545807,  8.80448369,\n         0.44782067],\n       [-0.34861036,  0.49942902,  1.23485541, -0.45545666,  8.80448339,\n         0.44782209],\n       [-0.34861299,  0.49941664,  1.23486587, -0.45545442,  8.80448193,\n         0.44782161]]), array([0.28402404, 0.28402404, 0.28402404, 0.28402404, 0.28402404,\n       0.28402404, 0.28402404]))"}, "9": {"maxiter": 1000, "fatol": 1e-05, "xatol": 1e-10, "duration": 0.21988630294799805, "fun": "0.28402403860223613", "nit": "779", "nfev": "1288", "status": "0", "success": "True", "message": "Optimization terminated successfully.", "x": "[-0.3486122   0.49942627  1.23486056 -0.45545598  8.80447286  0.44783055]", "final_simplex": "(array([[-0.3486122 ,  0.49942627,  1.23486056, -0.45545598,  8.80447286,\n         0.44783055],\n       [-0.3486122 ,  0.49942627,  1.23486056, -0.45545598,  8.80447286,\n         0.44783055],\n       [-0.3486122 ,  0.49942627,  1.23486056, -0.45545598,  8.80447286,\n         0.44783055],\n       [-0.3486122 ,  0.49942627,  1.23486056, -0.45545598,  8.80447286,\n         0.44783055],\n       [-0.3486122 ,  0.49942627,  1.23486056, -0.45545598,  8.80447286,\n         0.44783055],\n       [-0.3486122 ,  0.49942627,  1.23486056, -0.45545598,  8.80447286,\n         0.44783055],\n       [-0.3486122 ,  0.49942627,  1.23486056, -0.45545598,  8.80447286,\n         0.44783055]]), array([0.28402404, 0.28402404, 0.28402404, 0.28402404, 0.28402404,\n       0.28402404, 0.28402404]))"}, "10": {"maxiter": 1000, "fatol": 1e-10, "xatol": 1e-05, "duration": 0.18366312980651855, "fun": "0.28402403860347647", "nit": "681", "nfev": "1062", "status": "0", "success": "True", "message": "Optimization terminated successfully.", "x": "[-0.3486108   0.49942257  1.23486221 -0.4554568   8.80447532  0.44782789]", "final_simplex": "(array([[-0.3486108 ,  0.49942257,  1.23486221, -0.4554568 ,  8.80447532,\n         0.44782789],\n       [-0.34861157,  0.49942076,  1.23486755, -0.45545611,  8.80447773,\n         0.44782512],\n       [-0.348614  ,  0.49943103,  1.2348537 , -0.45545515,  8.80448238,\n         0.44782435],\n       [-0.34861313,  0.49941651,  1.23486651, -0.45545672,  8.80448046,\n         0.44782475],\n       [-0.34861489,  0.49942734,  1.23485795, -0.45545807,  8.80448369,\n         0.44782067],\n       [-0.34861036,  0.49942902,  1.23485541, -0.45545666,  8.80448339,\n         0.44782209],\n       [-0.34861299,  0.49941664,  1.23486587, -0.45545442,  8.80448193,\n         0.44782161]]), array([0.28402404, 0.28402404, 0.28402404, 0.28402404, 0.28402404,\n       0.28402404, 0.28402404]))"}, "11": {"maxiter": 1000, "fatol": 1e-10, "xatol": 1e-10, "duration": 0.22022294998168945, "fun": "0.28402403860223613", "nit": "779", "nfev": "1288", "status": "0", "success": "True", "message": "Optimization terminated successfully.", "x": "[-0.3486122   0.49942627  1.23486056 -0.45545598  8.80447286  0.44783055]", "final_simplex": "(array([[-0.3486122 ,  0.49942627,  1.23486056, -0.45545598,  8.80447286,\n         0.44783055],\n       [-0.3486122 ,  0.49942627,  1.23486056, -0.45545598,  8.80447286,\n         0.44783055],\n       [-0.3486122 ,  0.49942627,  1.23486056, -0.45545598,  8.80447286,\n         0.44783055],\n       [-0.3486122 ,  0.49942627,  1.23486056, -0.45545598,  8.80447286,\n         0.44783055],\n       [-0.3486122 ,  0.49942627,  1.23486056, -0.45545598,  8.80447286,\n         0.44783055],\n       [-0.3486122 ,  0.49942627,  1.23486056, -0.45545598,  8.80447286,\n         0.44783055],\n       [-0.3486122 ,  0.49942627,  1.23486056, -0.45545598,  8.80447286,\n         0.44783055]]), array([0.28402404, 0.28402404, 0.28402404, 0.28402404, 0.28402404,\n       0.28402404, 0.28402404]))"}}, "bfgs": {"type": "gradient", "0": {"maxiter": 100, "gtol": 1e-05, "xrtol": 1e-05, "eps": 1e-05, "duration": 0.03713512420654297, "fun": "0.2840240386287517", "jac": "[-4.72133443e-07  6.59794441e-07  4.69069228e-07 -9.88276128e-07\n  1.15325527e-06  8.44924131e-07]", "hess_inv": "[[  4.05981374   1.77526312  -1.81369511  -0.5496644   -1.90915291\n    4.21265776]\n [  1.77526312  50.44190078 -45.36937047   0.39341695   4.41866879\n    2.48953996]\n [ -1.81369511 -45.36937047  45.47041765  -0.31592519  -8.04192601\n    0.12332791]\n [ -0.5496644    0.39341695  -0.31592519   3.39517024   0.55938296\n   -1.20856104]\n [ -1.90915291   4.41866879  -8.04192601   0.55938296  23.5761702\n  -19.84670899]\n [  4.21265776   2.48953996   0.12332791  -1.20856104 -19.84670899\n   22.99993412]]", "nfev": "210", "njev": "30", "status": "0", "success": "True", "message": "Optimization terminated successfully.", "x": "[-0.34862078  0.49943573  1.23484647  0.45544966  5.66289861  3.58940367]", "nit": "27"}, "1": {"maxiter": 100, "gtol": 1e-05, "xrtol": 1e-05, "eps": 1e-10, "duration": 0.03707098960876465, "fun": "0.2840240386236269", "jac": "[ 2.22044587e-06 -2.22044587e-06  0.00000000e+00 -3.33066880e-06\n  0.00000000e+00  1.11022293e-06]", "hess_inv": "[[  4.05899754   1.93470727  -1.89678589  -0.50210177  -1.97555207\n    4.27994673]\n [  1.93470727  49.52080407 -44.719231     0.35376993   4.35229919\n    2.57553623]\n [ -1.89678589 -44.719231    45.05164924  -0.27184586  -8.06058142\n    0.22022487]\n [ -0.50210177   0.35376993  -0.27184586   3.31220434   0.40389539\n   -0.92487252]\n [ -1.97555207   4.35229919  -8.06058142   0.40389539  23.71621474\n  -20.00819892]\n [  4.27994673   2.57553623   0.22022487  -0.92487252 -20.00819892\n   23.19219728]]", "nfev": "210", "njev": "30", "status": "0", "success": "True", "message": "Optimization terminated successfully.", "x": "[-0.34860938  0.49940605  1.23487173  0.45544691  5.66288011  3.58942253]", "nit": "27"}, "2": {"maxiter": 100, "gtol": 1e-05, "xrtol": 1e-10, "eps": 1e-05, "duration": 0.03719186782836914, "fun": "0.2840240386287517", "jac": "[-4.72133443e-07  6.59794441e-07  4.69069228e-07 -9.88276128e-07\n  1.15325527e-06  8.44924131e-07]", "hess_inv": "[[  4.05981374   1.77526312  -1.81369511  -0.5496644   -1.90915291\n    4.21265776]\n [  1.77526312  50.44190078 -45.36937047   0.39341695   4.41866879\n    2.48953996]\n [ -1.81369511 -45.36937047  45.47041765  -0.31592519  -8.04192601\n    0.12332791]\n [ -0.5496644    0.39341695  -0.31592519   3.39517024   0.55938296\n   -1.20856104]\n [ -1.90915291   4.41866879  -8.04192601   0.55938296  23.5761702\n  -19.84670899]\n [  4.21265776   2.48953996   0.12332791  -1.20856104 -19.84670899\n   22.99993412]]", "nfev": "210", "njev": "30", "status": "0", "success": "True", "message": "Optimization terminated successfully.", "x": "[-0.34862078  0.49943573  1.23484647  0.45544966  5.66289861  3.58940367]", "nit": "27"}, "3": {"maxiter": 100, "gtol": 1e-05, "xrtol": 1e-10, "eps": 1e-10, "duration": 0.0372920036315918, "fun": "0.2840240386236269", "jac": "[ 2.22044587e-06 -2.22044587e-06  0.00000000e+00 -3.33066880e-06\n  0.00000000e+00  1.11022293e-06]", "hess_inv": "[[  4.05899754   1.93470727  -1.89678589  -0.50210177  -1.97555207\n    4.27994673]\n [  1.93470727  49.52080407 -44.719231     0.35376993   4.35229919\n    2.57553623]\n [ -1.89678589 -44.719231    45.05164924  -0.27184586  -8.06058142\n    0.22022487]\n [ -0.50210177   0.35376993  -0.27184586   3.31220434   0.40389539\n   -0.92487252]\n [ -1.97555207   4.35229919  -8.06058142   0.40389539  23.71621474\n  -20.00819892]\n [  4.27994673   2.57553623   0.22022487  -0.92487252 -20.00819892\n   23.19219728]]", "nfev": "210", "njev": "30", "status": "0", "success": "True", "message": "Optimization terminated successfully.", "x": "[-0.34860938  0.49940605  1.23487173  0.45544691  5.66288011  3.58942253]", "nit": "27"}, "4": {"maxiter": 100, "gtol": 1e-10, "xrtol": 1e-05, "eps": 1e-05, "duration": 0.03942608833312988, "fun": "0.28402403862199854", "jac": "[ 4.67292871e-08  6.00408612e-08  8.62532268e-08 -5.91526828e-08\n  6.84896584e-08  1.16240351e-08]", "hess_inv": "[[  4.07571626   2.01267251  -2.06233572  -0.55419647  -1.70250874\n    4.11949669]\n [  2.01267251  50.20043492 -45.74117191   1.24896394   5.82473562\n    1.31434771]\n [ -2.06233572 -45.74117191  46.41097048  -1.05960711  -9.79155186\n    1.38969394]\n [ -0.55419647   1.24896394  -1.05960711   3.17132601   0.90992062\n   -1.23459103]\n [ -1.70250874   5.82473562  -9.79155186   0.90992062  25.51680978\n  -20.96166237]\n [  4.11949669   1.31434771   1.38969394  -1.23459103 -20.96166237\n   23.53341567]]", "nfev": "217", "njev": "31", "status": "0", "success": "True", "message": "Optimization terminated successfully.", "x": "[-0.34862128  0.49941842  1.23486297  0.4554522   5.66288773  3.58940717]", "nit": "28"}, "5": {"maxiter": 100, "gtol": 1e-10, "xrtol": 1e-05, "eps": 1e-10, "duration": 0.03941822052001953, "fun": "0.28402403861970293", "jac": "[ 0.00000000e+00  0.00000000e+00 -2.22044587e-06 -4.44089173e-06\n  0.00000000e+00  0.00000000e+00]", "hess_inv": "[[  4.16794358   1.75497045  -1.84272916  -0.06820271  -1.49090616\n    3.9104984 ]\n [  1.75497045  45.72139239 -40.46816899  -3.15309948  -0.6182477\n    6.55331009]\n [ -1.84272916 -40.46816899  40.47934955   2.90095153  -3.40033932\n   -3.53225695]\n [ -0.06820271  -3.15309948   2.90095153   3.13844242  -0.50807977\n   -0.10108725]\n [ -1.49090616  -0.6182477   -3.40033932  -0.50807977  21.62474503\n  -18.22170437]\n [  3.9104984    6.55331009  -3.53225695  -0.10108725 -18.22170437\n   21.67516803]]", "nfev": "224", "njev": "32", "status": "0", "success": "True", "message": "Optimization terminated successfully.", "x": "[-0.34861213  0.4994282   1.23485171  0.45544795  5.66288579  3.58941738]", "nit": "28"}, "6": {"maxiter": 100, "gtol": 1e-10, "xrtol": 1e-10, "eps": 1e-05, "duration": 0.07747697830200195, "fun": "0.28402403862199854", "jac": "[ 4.67292871e-08  6.00408612e-08  8.62532268e-08 -5.91526828e-08\n  6.84896584e-08  1.16240351e-08]", "hess_inv": "[[  4.08176135   2.09269982  -2.13549391  -0.57442745  -1.61266544\n    4.07673655]\n [  2.09269982  48.51825602 -44.02792758   1.20248585   6.13522357\n    0.73557081]\n [ -2.13549391 -44.02792758  44.67315876  -1.03128402 -10.01914268\n    1.91960451]\n [ -0.57442745   1.20248585  -1.03128402   3.22116178   0.68020267\n   -1.09046121]\n [ -1.61266544   6.13522357 -10.01914268   0.68020267  26.57032611\n  -21.60124314]\n [  4.07673655   0.73557081   1.91960451  -1.09046121 -21.60124314\n   23.83582181]]", "nfev": "452", "njev": "63", "status": "2", "success": "False", "message": "Desired error not necessarily achieved due to precision loss.", "x": "[-0.34862128  0.49941842  1.23486297  0.4554522   5.66288773  3.58940717]", "nit": "28"}, "7": {"maxiter": 100, "gtol": 1e-10, "xrtol": 1e-10, "eps": 1e-10, "duration": 0.1197519302368164, "fun": "0.28402403860705727", "jac": "[3.33066880e-06 0.00000000e+00 2.22044587e-06 0.00000000e+00\n 0.00000000e+00 0.00000000e+00]", "hess_inv": "[[ 2.21882894 -2.44529968 -1.84526376  0.56056347  0.20116889 -0.97733173]\n [-2.44529968  2.83094865  2.0029181  -0.67923487 -0.15890172  1.02091466]\n [-1.84526376  2.0029181   1.55458156 -0.46052366 -0.20394716  0.79880151]\n [ 0.56056347 -0.67923487 -0.46052366  0.19125578  0.03320036 -0.19852615]\n [ 0.20116889 -0.15890172 -0.20394716  0.03320036  0.17649814 -0.03809867]\n [-0.97733173  1.02091466  0.79880151 -0.19852615 -0.03809867  0.55177941]]", "nfev": "712", "njev": "100", "status": "2", "success": "False", "message": "Desired error not necessarily achieved due to precision loss.", "x": "[-0.34861347  0.4994274   1.23485953  0.45545142  5.66288204  3.58941879]", "nit": "40"}, "8": {"maxiter": 500, "gtol": 1e-05, "xrtol": 1e-05, "eps": 1e-05, "duration": 0.035700082778930664, "fun": "0.2840240386287517", "jac": "[-4.72133443e-07  6.59794441e-07  4.69069228e-07 -9.88276128e-07\n  1.15325527e-06  8.44924131e-07]", "hess_inv": "[[  4.05981374   1.77526312  -1.81369511  -0.5496644   -1.90915291\n    4.21265776]\n [  1.77526312  50.44190078 -45.36937047   0.39341695   4.41866879\n    2.48953996]\n [ -1.81369511 -45.36937047  45.47041765  -0.31592519  -8.04192601\n    0.12332791]\n [ -0.5496644    0.39341695  -0.31592519   3.39517024   0.55938296\n   -1.20856104]\n [ -1.90915291   4.41866879  -8.04192601   0.55938296  23.5761702\n  -19.84670899]\n [  4.21265776   2.48953996   0.12332791  -1.20856104 -19.84670899\n   22.99993412]]", "nfev": "210", "njev": "30", "status": "0", "success": "True", "message": "Optimization terminated successfully.", "x": "[-0.34862078  0.49943573  1.23484647  0.45544966  5.66289861  3.58940367]", "nit": "27"}, "9": {"maxiter": 500, "gtol": 1e-05, "xrtol": 1e-05, "eps": 1e-10, "duration": 0.035675048828125, "fun": "0.2840240386236269", "jac": "[ 2.22044587e-06 -2.22044587e-06  0.00000000e+00 -3.33066880e-06\n  0.00000000e+00  1.11022293e-06]", "hess_inv": "[[  4.05899754   1.93470727  -1.89678589  -0.50210177  -1.97555207\n    4.27994673]\n [  1.93470727  49.52080407 -44.719231     0.35376993   4.35229919\n    2.57553623]\n [ -1.89678589 -44.719231    45.05164924  -0.27184586  -8.06058142\n    0.22022487]\n [ -0.50210177   0.35376993  -0.27184586   3.31220434   0.40389539\n   -0.92487252]\n [ -1.97555207   4.35229919  -8.06058142   0.40389539  23.71621474\n  -20.00819892]\n [  4.27994673   2.57553623   0.22022487  -0.92487252 -20.00819892\n   23.19219728]]", "nfev": "210", "njev": "30", "status": "0", "success": "True", "message": "Optimization terminated successfully.", "x": "[-0.34860938  0.49940605  1.23487173  0.45544691  5.66288011  3.58942253]", "nit": "27"}, "10": {"maxiter": 500, "gtol": 1e-05, "xrtol": 1e-10, "eps": 1e-05, "duration": 0.0355987548828125, "fun": "0.2840240386287517", "jac": "[-4.72133443e-07  6.59794441e-07  4.69069228e-07 -9.88276128e-07\n  1.15325527e-06  8.44924131e-07]", "hess_inv": "[[  4.05981374   1.77526312  -1.81369511  -0.5496644   -1.90915291\n    4.21265776]\n [  1.77526312  50.44190078 -45.36937047   0.39341695   4.41866879\n    2.48953996]\n [ -1.81369511 -45.36937047  45.47041765  -0.31592519  -8.04192601\n    0.12332791]\n [ -0.5496644    0.39341695  -0.31592519   3.39517024   0.55938296\n   -1.20856104]\n [ -1.90915291   4.41866879  -8.04192601   0.55938296  23.5761702\n  -19.84670899]\n [  4.21265776   2.48953996   0.12332791  -1.20856104 -19.84670899\n   22.99993412]]", "nfev": "210", "njev": "30", "status": "0", "success": "True", "message": "Optimization terminated successfully.", "x": "[-0.34862078  0.49943573  1.23484647  0.45544966  5.66289861  3.58940367]", "nit": "27"}, "11": {"maxiter": 500, "gtol": 1e-05, "xrtol": 1e-10, "eps": 1e-10, "duration": 0.035600900650024414, "fun": "0.2840240386236269", "jac": "[ 2.22044587e-06 -2.22044587e-06  0.00000000e+00 -3.33066880e-06\n  0.00000000e+00  1.11022293e-06]", "hess_inv": "[[  4.05899754   1.93470727  -1.89678589  -0.50210177  -1.97555207\n    4.27994673]\n [  1.93470727  49.52080407 -44.719231     0.35376993   4.35229919\n    2.57553623]\n [ -1.89678589 -44.719231    45.05164924  -0.27184586  -8.06058142\n    0.22022487]\n [ -0.50210177   0.35376993  -0.27184586   3.31220434   0.40389539\n   -0.92487252]\n [ -1.97555207   4.35229919  -8.06058142   0.40389539  23.71621474\n  -20.00819892]\n [  4.27994673   2.57553623   0.22022487  -0.92487252 -20.00819892\n   23.19219728]]", "nfev": "210", "njev": "30", "status": "0", "success": "True", "message": "Optimization terminated successfully.", "x": "[-0.34860938  0.49940605  1.23487173  0.45544691  5.66288011  3.58942253]", "nit": "27"}, "12": {"maxiter": 500, "gtol": 1e-10, "xrtol": 1e-05, "eps": 1e-05, "duration": 0.03741312026977539, "fun": "0.28402403862199854", "jac": "[ 4.67292871e-08  6.00408612e-08  8.62532268e-08 -5.91526828e-08\n  6.84896584e-08  1.16240351e-08]", "hess_inv": "[[  4.07571626   2.01267251  -2.06233572  -0.55419647  -1.70250874\n    4.11949669]\n [  2.01267251  50.20043492 -45.74117191   1.24896394   5.82473562\n    1.31434771]\n [ -2.06233572 -45.74117191  46.41097048  -1.05960711  -9.79155186\n    1.38969394]\n [ -0.55419647   1.24896394  -1.05960711   3.17132601   0.90992062\n   -1.23459103]\n [ -1.70250874   5.82473562  -9.79155186   0.90992062  25.51680978\n  -20.96166237]\n [  4.11949669   1.31434771   1.38969394  -1.23459103 -20.96166237\n   23.53341567]]", "nfev": "217", "njev": "31", "status": "0", "success": "True", "message": "Optimization terminated successfully.", "x": "[-0.34862128  0.49941842  1.23486297  0.4554522   5.66288773  3.58940717]", "nit": "28"}, "13": {"maxiter": 500, "gtol": 1e-10, "xrtol": 1e-05, "eps": 1e-10, "duration": 0.037815093994140625, "fun": "0.28402403861970293", "jac": "[ 0.00000000e+00  0.00000000e+00 -2.22044587e-06 -4.44089173e-06\n  0.00000000e+00  0.00000000e+00]", "hess_inv": "[[  4.16794358   1.75497045  -1.84272916  -0.06820271  -1.49090616\n    3.9104984 ]\n [  1.75497045  45.72139239 -40.46816899  -3.15309948  -0.6182477\n    6.55331009]\n [ -1.84272916 -40.46816899  40.47934955   2.90095153  -3.40033932\n   -3.53225695]\n [ -0.06820271  -3.15309948   2.90095153   3.13844242  -0.50807977\n   -0.10108725]\n [ -1.49090616  -0.6182477   -3.40033932  -0.50807977  21.62474503\n  -18.22170437]\n [  3.9104984    6.55331009  -3.53225695  -0.10108725 -18.22170437\n   21.67516803]]", "nfev": "224", "njev": "32", "status": "0", "success": "True", "message": "Optimization terminated successfully.", "x": "[-0.34861213  0.4994282   1.23485171  0.45544795  5.66288579  3.58941738]", "nit": "28"}, "14": {"maxiter": 500, "gtol": 1e-10, "xrtol": 1e-10, "eps": 1e-05, "duration": 0.07583808898925781, "fun": "0.28402403862199854", "jac": "[ 4.67292871e-08  6.00408612e-08  8.62532268e-08 -5.91526828e-08\n  6.84896584e-08  1.16240351e-08]", "hess_inv": "[[  4.08176135   2.09269982  -2.13549391  -0.57442745  -1.61266544\n    4.07673655]\n [  2.09269982  48.51825602 -44.02792758   1.20248585   6.13522357\n    0.73557081]\n [ -2.13549391 -44.02792758  44.67315876  -1.03128402 -10.01914268\n    1.91960451]\n [ -0.57442745   1.20248585  -1.03128402   3.22116178   0.68020267\n   -1.09046121]\n [ -1.61266544   6.13522357 -10.01914268   0.68020267  26.57032611\n  -21.60124314]\n [  4.07673655   0.73557081   1.91960451  -1.09046121 -21.60124314\n   23.83582181]]", "nfev": "452", "njev": "63", "status": "2", "success": "False", "message": "Desired error not necessarily achieved due to precision loss.", "x": "[-0.34862128  0.49941842  1.23486297  0.4554522   5.66288773  3.58940717]", "nit": "28"}, "15": {"maxiter": 500, "gtol": 1e-10, "xrtol": 1e-10, "eps": 1e-10, "duration": 0.11997604370117188, "fun": "0.28402403860705727", "jac": "[3.33066880e-06 0.00000000e+00 2.22044587e-06 0.00000000e+00\n 0.00000000e+00 0.00000000e+00]", "hess_inv": "[[ 2.21882894 -2.44529968 -1.84526376  0.56056347  0.20116889 -0.97733173]\n [-2.44529968  2.83094865  2.0029181  -0.67923487 -0.15890172  1.02091466]\n [-1.84526376  2.0029181   1.55458156 -0.46052366 -0.20394716  0.79880151]\n [ 0.56056347 -0.67923487 -0.46052366  0.19125578  0.03320036 -0.19852615]\n [ 0.20116889 -0.15890172 -0.20394716  0.03320036  0.17649814 -0.03809867]\n [-0.97733173  1.02091466  0.79880151 -0.19852615 -0.03809867  0.55177941]]", "nfev": "712", "njev": "100", "status": "2", "success": "False", "message": "Desired error not necessarily achieved due to precision loss.", "x": "[-0.34861347  0.4994274   1.23485953  0.45545142  5.66288204  3.58941879]", "nit": "40"}, "16": {"maxiter": 1000, "gtol": 1e-05, "xrtol": 1e-05, "eps": 1e-05, "duration": 0.03568291664123535, "fun": "0.2840240386287517", "jac": "[-4.72133443e-07  6.59794441e-07  4.69069228e-07 -9.88276128e-07\n  1.15325527e-06  8.44924131e-07]", "hess_inv": "[[  4.05981374   1.77526312  -1.81369511  -0.5496644   -1.90915291\n    4.21265776]\n [  1.77526312  50.44190078 -45.36937047   0.39341695   4.41866879\n    2.48953996]\n [ -1.81369511 -45.36937047  45.47041765  -0.31592519  -8.04192601\n    0.12332791]\n [ -0.5496644    0.39341695  -0.31592519   3.39517024   0.55938296\n   -1.20856104]\n [ -1.90915291   4.41866879  -8.04192601   0.55938296  23.5761702\n  -19.84670899]\n [  4.21265776   2.48953996   0.12332791  -1.20856104 -19.84670899\n   22.99993412]]", "nfev": "210", "njev": "30", "status": "0", "success": "True", "message": "Optimization terminated successfully.", "x": "[-0.34862078  0.49943573  1.23484647  0.45544966  5.66289861  3.58940367]", "nit": "27"}, "17": {"maxiter": 1000, "gtol": 1e-05, "xrtol": 1e-05, "eps": 1e-10, "duration": 0.03605484962463379, "fun": "0.2840240386236269", "jac": "[ 2.22044587e-06 -2.22044587e-06  0.00000000e+00 -3.33066880e-06\n  0.00000000e+00  1.11022293e-06]", "hess_inv": "[[  4.05899754   1.93470727  -1.89678589  -0.50210177  -1.97555207\n    4.27994673]\n [  1.93470727  49.52080407 -44.719231     0.35376993   4.35229919\n    2.57553623]\n [ -1.89678589 -44.719231    45.05164924  -0.27184586  -8.06058142\n    0.22022487]\n [ -0.50210177   0.35376993  -0.27184586   3.31220434   0.40389539\n   -0.92487252]\n [ -1.97555207   4.35229919  -8.06058142   0.40389539  23.71621474\n  -20.00819892]\n [  4.27994673   2.57553623   0.22022487  -0.92487252 -20.00819892\n   23.19219728]]", "nfev": "210", "njev": "30", "status": "0", "success": "True", "message": "Optimization terminated successfully.", "x": "[-0.34860938  0.49940605  1.23487173  0.45544691  5.66288011  3.58942253]", "nit": "27"}, "18": {"maxiter": 1000, "gtol": 1e-05, "xrtol": 1e-10, "eps": 1e-05, "duration": 0.03584599494934082, "fun": "0.2840240386287517", "jac": "[-4.72133443e-07  6.59794441e-07  4.69069228e-07 -9.88276128e-07\n  1.15325527e-06  8.44924131e-07]", "hess_inv": "[[  4.05981374   1.77526312  -1.81369511  -0.5496644   -1.90915291\n    4.21265776]\n [  1.77526312  50.44190078 -45.36937047   0.39341695   4.41866879\n    2.48953996]\n [ -1.81369511 -45.36937047  45.47041765  -0.31592519  -8.04192601\n    0.12332791]\n [ -0.5496644    0.39341695  -0.31592519   3.39517024   0.55938296\n   -1.20856104]\n [ -1.90915291   4.41866879  -8.04192601   0.55938296  23.5761702\n  -19.84670899]\n [  4.21265776   2.48953996   0.12332791  -1.20856104 -19.84670899\n   22.99993412]]", "nfev": "210", "njev": "30", "status": "0", "success": "True", "message": "Optimization terminated successfully.", "x": "[-0.34862078  0.49943573  1.23484647  0.45544966  5.66289861  3.58940367]", "nit": "27"}, "19": {"maxiter": 1000, "gtol": 1e-05, "xrtol": 1e-10, "eps": 1e-10, "duration": 0.0356898307800293, "fun": "0.2840240386236269", "jac": "[ 2.22044587e-06 -2.22044587e-06  0.00000000e+00 -3.33066880e-06\n  0.00000000e+00  1.11022293e-06]", "hess_inv": "[[  4.05899754   1.93470727  -1.89678589  -0.50210177  -1.97555207\n    4.27994673]\n [  1.93470727  49.52080407 -44.719231     0.35376993   4.35229919\n    2.57553623]\n [ -1.89678589 -44.719231    45.05164924  -0.27184586  -8.06058142\n    0.22022487]\n [ -0.50210177   0.35376993  -0.27184586   3.31220434   0.40389539\n   -0.92487252]\n [ -1.97555207   4.35229919  -8.06058142   0.40389539  23.71621474\n  -20.00819892]\n [  4.27994673   2.57553623   0.22022487  -0.92487252 -20.00819892\n   23.19219728]]", "nfev": "210", "njev": "30", "status": "0", "success": "True", "message": "Optimization terminated successfully.", "x": "[-0.34860938  0.49940605  1.23487173  0.45544691  5.66288011  3.58942253]", "nit": "27"}, "20": {"maxiter": 1000, "gtol": 1e-10, "xrtol": 1e-05, "eps": 1e-05, "duration": 0.03683304786682129, "fun": "0.28402403862199854", "jac": "[ 4.67292871e-08  6.00408612e-08  8.62532268e-08 -5.91526828e-08\n  6.84896584e-08  1.16240351e-08]", "hess_inv": "[[  4.07571626   2.01267251  -2.06233572  -0.55419647  -1.70250874\n    4.11949669]\n [  2.01267251  50.20043492 -45.74117191   1.24896394   5.82473562\n    1.31434771]\n [ -2.06233572 -45.74117191  46.41097048  -1.05960711  -9.79155186\n    1.38969394]\n [ -0.55419647   1.24896394  -1.05960711   3.17132601   0.90992062\n   -1.23459103]\n [ -1.70250874   5.82473562  -9.79155186   0.90992062  25.51680978\n  -20.96166237]\n [  4.11949669   1.31434771   1.38969394  -1.23459103 -20.96166237\n   23.53341567]]", "nfev": "217", "njev": "31", "status": "0", "success": "True", "message": "Optimization terminated successfully.", "x": "[-0.34862128  0.49941842  1.23486297  0.4554522   5.66288773  3.58940717]", "nit": "28"}, "21": {"maxiter": 1000, "gtol": 1e-10, "xrtol": 1e-05, "eps": 1e-10, "duration": 0.03812694549560547, "fun": "0.28402403861970293", "jac": "[ 0.00000000e+00  0.00000000e+00 -2.22044587e-06 -4.44089173e-06\n  0.00000000e+00  0.00000000e+00]", "hess_inv": "[[  4.16794358   1.75497045  -1.84272916  -0.06820271  -1.49090616\n    3.9104984 ]\n [  1.75497045  45.72139239 -40.46816899  -3.15309948  -0.6182477\n    6.55331009]\n [ -1.84272916 -40.46816899  40.47934955   2.90095153  -3.40033932\n   -3.53225695]\n [ -0.06820271  -3.15309948   2.90095153   3.13844242  -0.50807977\n   -0.10108725]\n [ -1.49090616  -0.6182477   -3.40033932  -0.50807977  21.62474503\n  -18.22170437]\n [  3.9104984    6.55331009  -3.53225695  -0.10108725 -18.22170437\n   21.67516803]]", "nfev": "224", "njev": "32", "status": "0", "success": "True", "message": "Optimization terminated successfully.", "x": "[-0.34861213  0.4994282   1.23485171  0.45544795  5.66288579  3.58941738]", "nit": "28"}, "22": {"maxiter": 1000, "gtol": 1e-10, "xrtol": 1e-10, "eps": 1e-05, "duration": 0.0760798454284668, "fun": "0.28402403862199854", "jac": "[ 4.67292871e-08  6.00408612e-08  8.62532268e-08 -5.91526828e-08\n  6.84896584e-08  1.16240351e-08]", "hess_inv": "[[  4.08176135   2.09269982  -2.13549391  -0.57442745  -1.61266544\n    4.07673655]\n [  2.09269982  48.51825602 -44.02792758   1.20248585   6.13522357\n    0.73557081]\n [ -2.13549391 -44.02792758  44.67315876  -1.03128402 -10.01914268\n    1.91960451]\n [ -0.57442745   1.20248585  -1.03128402   3.22116178   0.68020267\n   -1.09046121]\n [ -1.61266544   6.13522357 -10.01914268   0.68020267  26.57032611\n  -21.60124314]\n [  4.07673655   0.73557081   1.91960451  -1.09046121 -21.60124314\n   23.83582181]]", "nfev": "452", "njev": "63", "status": "2", "success": "False", "message": "Desired error not necessarily achieved due to precision loss.", "x": "[-0.34862128  0.49941842  1.23486297  0.4554522   5.66288773  3.58940717]", "nit": "28"}, "23": {"maxiter": 1000, "gtol": 1e-10, "xrtol": 1e-10, "eps": 1e-10, "duration": 0.11961913108825684, "fun": "0.28402403860705727", "jac": "[3.33066880e-06 0.00000000e+00 2.22044587e-06 0.00000000e+00\n 0.00000000e+00 0.00000000e+00]", "hess_inv": "[[ 2.21882894 -2.44529968 -1.84526376  0.56056347  0.20116889 -0.97733173]\n [-2.44529968  2.83094865  2.0029181  -0.67923487 -0.15890172  1.02091466]\n [-1.84526376  2.0029181   1.55458156 -0.46052366 -0.20394716  0.79880151]\n [ 0.56056347 -0.67923487 -0.46052366  0.19125578  0.03320036 -0.19852615]\n [ 0.20116889 -0.15890172 -0.20394716  0.03320036  0.17649814 -0.03809867]\n [-0.97733173  1.02091466  0.79880151 -0.19852615 -0.03809867  0.55177941]]", "nfev": "712", "njev": "100", "status": "2", "success": "False", "message": "Desired error not necessarily achieved due to precision loss.", "x": "[-0.34861347  0.4994274   1.23485953  0.45545142  5.66288204  3.58941879]", "nit": "40"}}, "cobyla": {"0": {"maxiter": 100, "tol": 1e-05, "catol": 1e-05, "duration": 0.016503095626831055, "x": "[-0.33502365  0.40984027  1.34606897  0.44661956  5.51891059  3.72092363]", "status": "2", "success": "False", "message": "Maximum number of function evaluations has been exceeded.", "nfev": "100", "fun": "0.2844831105002186", "maxcv": "0.0"}, "1": {"maxiter": 100, "tol": 1e-05, "catol": 1e-10, "duration": 0.017299890518188477, "x": "[-0.33502365  0.40984027  1.34606897  0.44661956  5.51891059  3.72092363]", "status": "2", "success": "False", "message": "Maximum number of function evaluations has been exceeded.", "nfev": "100", "fun": "0.2844831105002186", "maxcv": "0.0"}, "2": {"maxiter": 100, "tol": 1e-10, "catol": 1e-05, "duration": 0.017241716384887695, "x": "[-0.33502365  0.40984027  1.34606897  0.44661956  5.51891059  3.72092363]", "status": "2", "success": "False", "message": "Maximum number of function evaluations has been exceeded.", "nfev": "100", "fun": "0.2844831105002186", "maxcv": "0.0"}, "3": {"maxiter": 100, "tol": 1e-10, "catol": 1e-10, "duration": 0.017122983932495117, "x": "[-0.33502365  0.40984027  1.34606897  0.44661956  5.51891059  3.72092363]", "status": "2", "success": "False", "message": "Maximum number of function 