{"date": "2024/07/19/, 17:08:15", "conf_id": 254, "data_type": "var_s_rank\n", "num_data_points": 1, "s_rank": 0, "unitary": "[[-0.24866696+0.58742286j,-0.44704345-0.43151574j,-0.35669027-0.20570733j,-0.10517633+0.1626036j],[0.10596805-0.19687975j,-0.30269685-0.15056416j,0.18246286+0.30440582j,-0.83484447-0.11310748j],[0.26054512-0.52548482j,0.0285017-0.50723956j,-0.43110112+0.17165838j,0.15243271+0.39915801j],[0.42978035+0.11991271j,-0.17224126-0.46030424j,0.6827807-0.15164662j,0.26483638+0.0061855j]]", "databatch_0": {"databatch": "[[[0.0007102-0.23298504j,-0.08205694-0.2207519j,0.16343584-0.15489019j,-0.42717532+0.29220996j],[-0.07177632-0.21917381j,0.11992776+0.28468226j,0.13717928+0.07474767j,-0.12455947+0.08330209j],[0.08518515-0.10435822j,-0.15605015+0.11399646j,-0.03973831+0.12049971j,-0.08587367-0.03469j],[-0.04557215-0.28994755j,0.17145841+0.11646828j,0.20465853+0.0153229j,-0.33599462+0.10916597j]]]", "initial param values": "[3.19417412,4.78663512,1.73020113,2.66322035,0.08354306,4.98342033]", "nelder_mead": {"type": "gradient-free", "0": {"maxiter": 100, "fatol": 1e-05, "xatol": 1e-05, "duration": 0.027492761611938477, "fun": "0.24895111850782337", "nit": "100", "nfev": "161", "status": "2", "success": "False", "message": "Maximum number of iterations has been exceeded.", "x": "[1.27718854 4.91516376 0.54094511 3.35574524 0.09845644 7.39559267]", "final_simplex": "(array([[1.27718854, 4.91516376, 0.54094511, 3.35574524, 0.09845644,\n        7.39559267],\n       [1.2870083 , 4.90598183, 0.55845848, 3.35093002, 0.0984779 ,\n        7.38942278],\n       [1.28561469, 4.91573504, 0.54894981, 3.35991455, 0.09827655,\n        7.38452786],\n       [1.28115116, 4.91130749, 0.5536291 , 3.34969541, 0.09835248,\n        7.39554635],\n       [1.29509912, 4.90104208, 0.55572779, 3.35061723, 0.09840253,\n        7.38985773],\n       [1.28453756, 4.91731514, 0.55628098, 3.34850573, 0.098757  ,\n        7.37107107],\n       [1.2703688 , 4.9053414 , 0.54448234, 3.36092086, 0.0985729 ,\n        7.39641453]]), array([0.24895112, 0.24895278, 0.24895425, 0.24896646, 0.24896843,\n       0.24897745, 0.24898146]))"}, "1": {"maxiter": 100, "fatol": 1e-05, "xatol": 1e-10, "duration": 0.027421951293945312, "fun": "0.24895111850782337", "nit": "100", "nfev": "161", "status": "2", "success": "False", "message": "Maximum number of iterations has been exceeded.", "x": "[1.27718854 4.91516376 0.54094511 3.35574524 0.09845644 7.39559267]", "final_simplex": "(array([[1.27718854, 4.91516376, 0.54094511, 3.35574524, 0.09845644,\n        7.39559267],\n       [1.2870083 , 4.90598183, 0.55845848, 3.35093002, 0.0984779 ,\n        7.38942278],\n       [1.28561469, 4.91573504, 0.54894981, 3.35991455, 0.09827655,\n        7.38452786],\n       [1.28115116, 4.91130749, 0.5536291 , 3.34969541, 0.09835248,\n        7.39554635],\n       [1.29509912, 4.90104208, 0.55572779, 3.35061723, 0.09840253,\n        7.38985773],\n       [1.28453756, 4.91731514, 0.55628098, 3.34850573, 0.098757  ,\n        7.37107107],\n       [1.2703688 , 4.9053414 , 0.54448234, 3.36092086, 0.0985729 ,\n        7.39641453]]), array([0.24895112, 0.24895278, 0.24895425, 0.24896646, 0.24896843,\n       0.24897745, 0.24898146]))"}, "2": {"maxiter": 100, "fatol": 1e-10, "xatol": 1e-05, "duration": 0.027331113815307617, "fun": "0.24895111850782337", "nit": "100", "nfev": "161", "status": "2", "success": "False", "message": "Maximum number of iterations has been exceeded.", "x": "[1.27718854 4.91516376 0.54094511 3.35574524 0.09845644 7.39559267]", "final_simplex": "(array([[1.27718854, 4.91516376, 0.54094511, 3.35574524, 0.09845644,\n        7.39559267],\n       [1.2870083 , 4.90598183, 0.55845848, 3.35093002, 0.0984779 ,\n        7.38942278],\n       [1.28561469, 4.91573504, 0.54894981, 3.35991455, 0.09827655,\n        7.38452786],\n       [1.28115116, 4.91130749, 0.5536291 , 3.34969541, 0.09835248,\n        7.39554635],\n       [1.29509912, 4.90104208, 0.55572779, 3.35061723, 0.09840253,\n        7.38985773],\n       [1.28453756, 4.91731514, 0.55628098, 3.34850573, 0.098757  ,\n        7.37107107],\n       [1.2703688 , 4.9053414 , 0.54448234, 3.36092086, 0.0985729 ,\n        7.39641453]]), array([0.24895112, 0.24895278, 0.24895425, 0.24896646, 0.24896843,\n       0.24897745, 0.24898146]))"}, "3": {"maxiter": 100, "fatol": 1e-10, "xatol": 1e-10, "duration": 0.027400970458984375, "fun": "0.24895111850782337", "nit": "100", "nfev": "161", "status": "2", "success": "False", "message": "Maximum number of iterations has been exceeded.", "x": "[1.27718854 4.91516376 0.54094511 3.35574524 0.09845644 7.39559267]", "final_simplex": "(array([[1.27718854, 4.91516376, 0.54094511, 3.35574524, 0.09845644,\n        7.39559267],\n       [1.2870083 , 4.90598183, 0.55845848, 3.35093002, 0.0984779 ,\n        7.38942278],\n       [1.28561469, 4.91573504, 0.54894981, 3.35991455, 0.09827655,\n        7.38452786],\n       [1.28115116, 4.91130749, 0.5536291 , 3.34969541, 0.09835248,\n        7.39554635],\n       [1.29509912, 4.90104208, 0.55572779, 3.35061723, 0.09840253,\n        7.38985773],\n       [1.28453756, 4.91731514, 0.55628098, 3.34850573, 0.098757  ,\n        7.37107107],\n       [1.2703688 , 4.9053414 , 0.54448234, 3.36092086, 0.0985729 ,\n        7.39641453]]), array([0.24895112, 0.24895278, 0.24895425, 0.24896646, 0.24896843,\n       0.24897745, 0.24898146]))"}, "4": {"maxiter": 500, "fatol": 1e-05, "xatol": 1e-05, "duration": 0.13116908073425293, "fun": "0.09263476874192778", "nit": "500", "nfev": "773", "status": "2", "success": "False", "message": "Maximum number of iterations has been exceeded.", "x": "[-0.26923023  7.6086549  -1.89597673  4.55636917  1.43256922  8.29672148]", "final_simplex": "(array([[-0.26923023,  7.6086549 , -1.89597673,  4.55636917,  1.43256922,\n         8.29672148],\n       [-0.24256849,  7.59936012, -1.86418181,  4.59511956,  1.44483284,\n         8.26817245],\n       [-0.22480325,  7.55815635, -1.82460456,  4.59001074,  1.43303136,\n         8.26429167],\n       [-0.22774174,  7.51713409, -1.78503613,  4.61132646,  1.42931346,\n         8.27384784],\n       [-0.25153262,  7.58434453, -1.85130951,  4.58839188,  1.44239274,\n         8.28391142],\n       [-0.23510042,  7.52171984, -1.80100811,  4.60102508,  1.4449682 ,\n         8.27890687],\n       [-0.24195601,  7.52788419, -1.78609303,  4.59827114,  1.43416729,\n         8.26663571]]), array([0.09263477, 0.09271351, 0.09273225, 0.0927695 , 0.09278743,\n       0.09290366, 0.09291976]))"}, "5": {"maxiter": 500, "fatol": 1e-05, "xatol": 1e-10, "duration": 0.13059139251708984, "fun": "0.09263476874192778", "nit": "500", "nfev": "773", "status": "2", "success": "False", "message": "Maximum number of iterations has been exceeded.", "x": "[-0.26923023  7.6086549  -1.89597673  4.55636917  1.43256922  8.29672148]", "final_simplex": "(array([[-0.26923023,  7.6086549 , -1.89597673,  4.55636917,  1.43256922,\n         8.29672148],\n       [-0.24256849,  7.59936012, -1.86418181,  4.59511956,  1.44483284,\n         8.26817245],\n       [-0.22480325,  7.55815635, -1.82460456,  4.59001074,  1.43303136,\n         8.26429167],\n       [-0.22774174,  7.51713409, -1.78503613,  4.61132646,  1.42931346,\n         8.27384784],\n       [-0.25153262,  7.58434453, -1.85130951,  4.58839188,  1.44239274,\n         8.28391142],\n       [-0.23510042,  7.52171984, -1.80100811,  4.60102508,  1.4449682 ,\n         8.27890687],\n       [-0.24195601,  7.52788419, -1.78609303,  4.59827114,  1.43416729,\n         8.26663571]]), array([0.09263477, 0.09271351, 0.09273225, 0.0927695 , 0.09278743,\n       0.09290366, 0.09291976]))"}, "6": {"maxiter": 500, "fatol": 1e-10, "xatol": 1e-05, "duration": 0.1305549144744873, "fun": "0.09263476874192778", "nit": "500", "nfev": "773", "status": "2", "success": "False", "message": "Maximum number of iterations has been exceeded.", "x": "[-0.26923023  7.6086549  -1.89597673  4.55636917  1.43256922  8.29672148]", "final_simplex": "(array([[-0.26923023,  7.6086549 , -1.89597673,  4.55636917,  1.43256922,\n         8.29672148],\n       [-0.24256849,  7.59936012, -1.86418181,  4.59511956,  1.44483284,\n         8.26817245],\n       [-0.22480325,  7.55815635, -1.82460456,  4.59001074,  1.43303136,\n         8.26429167],\n       [-0.22774174,  7.51713409, -1.78503613,  4.61132646,  1.42931346,\n         8.27384784],\n       [-0.25153262,  7.58434453, -1.85130951,  4.58839188,  1.44239274,\n         8.28391142],\n       [-0.23510042,  7.52171984, -1.80100811,  4.60102508,  1.4449682 ,\n         8.27890687],\n       [-0.24195601,  7.52788419, -1.78609303,  4.59827114,  1.43416729,\n         8.26663571]]), array([0.09263477, 0.09271351, 0.09273225, 0.0927695 , 0.09278743,\n       0.09290366, 0.09291976]))"}, "7": {"maxiter": 500, "fatol": 1e-10, "xatol": 1e-10, "duration": 0.13038206100463867, "fun": "0.09263476874192778", "nit": "500", "nfev": "773", "status": "2", "success": "False", "message": "Maximum number of iterations has been exceeded.", "x": "[-0.26923023  7.6086549  -1.89597673  4.55636917  1.43256922  8.29672148]", "final_simplex": "(array([[-0.26923023,  7.6086549 , -1.89597673,  4.55636917,  1.43256922,\n         8.29672148],\n       [-0.24256849,  7.59936012, -1.86418181,  4.59511956,  1.44483284,\n         8.26817245],\n       [-0.22480325,  7.55815635, -1.82460456,  4.59001074,  1.43303136,\n         8.26429167],\n       [-0.22774174,  7.51713409, -1.78503613,  4.61132646,  1.42931346,\n         8.27384784],\n       [-0.25153262,  7.58434453, -1.85130951,  4.58839188,  1.44239274,\n         8.28391142],\n       [-0.23510042,  7.52171984, -1.80100811,  4.60102508,  1.4449682 ,\n         8.27890687],\n       [-0.24195601,  7.52788419, -1.78609303,  4.59827114,  1.43416729,\n         8.26663571]]), array([0.09263477, 0.09271351, 0.09273225, 0.0927695 , 0.09278743,\n       0.09290366, 0.09291976]))"}, "8": {"maxiter": 1000, "fatol": 1e-05, "xatol": 1e-05, "duration": 0.17340803146362305, "fun": "0.0914416994923355", "nit": "656", "nfev": "1028", "status": "0", "success": "True", "message": "Optimization terminated successfully.", "x": "[-0.23200563  7.88355753 -2.18453213  4.57785945  1.35952299  8.2602526 ]", "final_simplex": "(array([[-0.23200563,  7.88355753, -2.18453213,  4.57785945,  1.35952299,\n         8.2602526 ],\n       [-0.23200592,  7.88356674, -2.18454143,  4.57785896,  1.35952068,\n         8.26025393],\n       [-0.23200564,  7.88355915, -2.18453357,  4.5778614 ,  1.35952383,\n         8.26025268],\n       [-0.23200586,  7.88354797, -2.18452642,  4.57785952,  1.35952302,\n         8.26025554],\n       [-0.2320081 ,  7.88355538, -2.18453042,  4.57785748,  1.35952225,\n         8.26025613],\n       [-0.23200249,  7.88355562, -2.18453298,  4.57786194,  1.35952129,\n         8.2602537 ],\n       [-0.23200672,  7.8835638 , -2.18453842,  4.57785718,  1.35952319,\n         8.26025457]]), array([0.0914417, 0.0914417, 0.0914417, 0.0914417, 0.0914417, 0.0914417,\n       0.0914417]))"}, "9": {"maxiter": 1000, "fatol": 1e-05, "xatol": 1e-10, "duration": 0.21248292922973633, "fun": "0.09144169949199321", "nit": "756", "nfev": "1259", "status": "0", "success": "True", "message": "Optimization terminated successfully.", "x": "[-0.23200584  7.88355783 -2.18453362  4.5778593   1.35952216  8.26025395]", "final_simplex": "(array([[-0.23200584,  7.88355783, -2.18453362,  4.5778593 ,  1.35952216,\n         8.26025395],\n       [-0.23200584,  7.88355783, -2.18453362,  4.5778593 ,  1.35952216,\n         8.26025395],\n       [-0.23200584,  7.88355783, -2.18453362,  4.5778593 ,  1.35952216,\n         8.26025395],\n       [-0.23200584,  7.88355783, -2.18453362,  4.5778593 ,  1.35952216,\n         8.26025395],\n       [-0.23200584,  7.88355783, -2.18453362,  4.5778593 ,  1.35952216,\n         8.26025395],\n       [-0.23200584,  7.88355783, -2.18453362,  4.5778593 ,  1.35952216,\n         8.26025395],\n       [-0.23200584,  7.88355783, -2.18453362,  4.5778593 ,  1.35952216,\n         8.26025395]]), array([0.0914417, 0.0914417, 0.0914417, 0.0914417, 0.0914417, 0.0914417,\n       0.0914417]))"}, "10": {"maxiter": 1000, "fatol": 1e-10, "xatol": 1e-05, "duration": 0.17366504669189453, "fun": "0.0914416994923355", "nit": "656", "nfev": "1028", "status": "0", "success": "True", "message": "Optimization terminated successfully.", "x": "[-0.23200563  7.88355753 -2.18453213  4.57785945  1.35952299  8.2602526 ]", "final_simplex": "(array([[-0.23200563,  7.88355753, -2.18453213,  4.57785945,  1.35952299,\n         8.2602526 ],\n       [-0.23200592,  7.88356674, -2.18454143,  4.57785896,  1.35952068,\n         8.26025393],\n       [-0.23200564,  7.88355915, -2.18453357,  4.5778614 ,  1.35952383,\n         8.26025268],\n       [-0.23200586,  7.88354797, -2.18452642,  4.57785952,  1.35952302,\n         8.26025554],\n       [-0.2320081 ,  7.88355538, -2.18453042,  4.57785748,  1.35952225,\n         8.26025613],\n       [-0.23200249,  7.88355562, -2.18453298,  4.57786194,  1.35952129,\n         8.2602537 ],\n       [-0.23200672,  7.8835638 , -2.18453842,  4.57785718,  1.35952319,\n         8.26025457]]), array([0.0914417, 0.0914417, 0.0914417, 0.0914417, 0.0914417, 0.0914417,\n       0.0914417]))"}, "11": {"maxiter": 1000, "fatol": 1e-10, "xatol": 1e-10, "duration": 0.21222186088562012, "fun": "0.09144169949199321", "nit": "756", "nfev": "1259", "status": "0", "success": "True", "message": "Optimization terminated successfully.", "x": "[-0.23200584  7.88355783 -2.18453362  4.5778593   1.35952216  8.26025395]", "final_simplex": "(array([[-0.23200584,  7.88355783, -2.18453362,  4.5778593 ,  1.35952216,\n         8.26025395],\n       [-0.23200584,  7.88355783, -2.18453362,  4.5778593 ,  1.35952216,\n         8.26025395],\n       [-0.23200584,  7.88355783, -2.18453362,  4.5778593 ,  1.35952216,\n         8.26025395],\n       [-0.23200584,  7.88355783, -2.18453362,  4.5778593 ,  1.35952216,\n         8.26025395],\n       [-0.23200584,  7.88355783, -2.18453362,  4.5778593 ,  1.35952216,\n         8.26025395],\n       [-0.23200584,  7.88355783, -2.18453362,  4.5778593 ,  1.35952216,\n         8.26025395],\n       [-0.23200584,  7.88355783, -2.18453362,  4.5778593 ,  1.35952216,\n         8.26025395]]), array([0.0914417, 0.0914417, 0.0914417, 0.0914417, 0.0914417, 0.0914417,\n       0.0914417]))"}}, "bfgs": {"type": "gradient", "0": {"maxiter": 100, "gtol": 1e-05, "xrtol": 1e-05, "eps": 1e-05, "duration": 0.043418169021606445, "fun": "0.09144169979617911", "jac": "[ 1.65449876e-06  2.30788721e-06  1.38189460e-07 -1.09393605e-06\n  3.32178729e-08 -1.45096157e-06]", "hess_inv": "[[  6.33191851  -1.86290842   0.80529701   4.37395412   0.57491757\n    2.41661726]\n [ -1.86290842  53.97178044 -52.01949532   1.7610118   -5.59325842\n   -5.03256664]\n [  0.80529701 -52.01949532  54.13259725  -2.62700134   6.50566506\n    2.42172541]\n [  4.37395412   1.7610118   -2.62700134   5.49561188  -0.09784698\n    1.56933197]\n [  0.57491757  -5.59325842   6.50566506  -0.09784698   3.41965952\n    0.34098435]\n [  2.41661726  -5.03256664   2.42172541   1.56933197   0.34098435\n    4.70723382]]", "nfev": "245", "njev": "35", "status": "0", "success": "True", "message": "Optimization terminated successfully.", "x": "[ 0.23197772  4.74214301  0.95689069  1.70530799 -1.78209551  5.11862761]", "nit": "27"}, "1": {"maxiter": 100, "gtol": 1e-05, "xrtol": 1e-05, "eps": 1e-10, "duration": 0.043241024017333984, "fun": "0.09144170059363987", "jac": "[-3.33066880e-06  5.55111466e-06 -1.11022293e-06  6.66133760e-06\n  2.22044587e-06  2.22044587e-06]", "hess_inv": "[[  6.25609883  -2.14964355   1.19397227   4.32886435   0.63106891\n    2.2813779 ]\n [ -2.14964355  52.07139231 -50.8111358    1.78715216  -5.65743317\n   -4.32298146]\n [  1.19397227 -50.8111358   53.57874985  -2.64117292   6.58938046\n    1.77376652]\n [  4.32886435   1.78715216  -2.64117292   5.48457339  -0.11339637\n    1.53350725]\n [  0.63106891  -5.65743317   6.58938046  -0.11339637   3.40684261\n    0.32832824]\n [  2.2813779   -4.32298146   1.77376652   1.53350725   0.32832824\n    4.60015959]]", "nfev": "245", "njev": "35", "status": "0", "success": "True", "message": "Optimization terminated successfully.", "x": "[ 0.23198903  4.74235274  0.95668129  1.70533808 -1.78210921  5.11862972]", "nit": "27"}, "2": {"maxiter": 100, "gtol": 1e-05, "xrtol": 1e-10, "eps": 1e-05, "duration": 0.04239773750305176, "fun": "0.09144169979617911", "jac": "[ 1.65449876e-06  2.30788721e-06  1.38189460e-07 -1.09393605e-06\n  3.32178729e-08 -1.45096157e-06]", "hess_inv": "[[  6.33191851  -1.86290842   0.80529701   4.37395412   0.57491757\n    2.41661726]\n [ -1.86290842  53.97178044 -52.01949532   1.7610118   -5.59325842\n   -5.03256664]\n [  0.80529701 -52.01949532  54.13259725  -2.62700134   6.50566506\n    2.42172541]\n [  4.37395412   1.7610118   -2.62700134   5.49561188  -0.09784698\n    1.56933197]\n [  0.57491757  -5.59325842   6.50566506  -0.09784698   3.41965952\n    0.34098435]\n [  2.41661726  -5.03256664   2.42172541   1.56933197   0.34098435\n    4.70723382]]", "nfev": "245", "njev": "35", "status": "0", "success": "True", "message": "Optimization terminated successfully.", "x": "[ 0.23197772  4.74214301  0.95689069  1.70530799 -1.78209551  5.11862761]", "nit": "27"}, "3": {"maxiter": 100, "gtol": 1e-05, "xrtol": 1e-10, "eps": 1e-10, "duration": 0.04333186149597168, "fun": "0.09144170059363987", "jac": "[-3.33066880e-06  5.55111466e-06 -1.11022293e-06  6.66133760e-06\n  2.22044587e-06  2.22044587e-06]", "hess_inv": "[[  6.25609883  -2.14964355   1.19397227   4.32886435   0.63106891\n    2.2813779 ]\n [ -2.14964355  52.07139231 -50.8111358    1.78715216  -5.65743317\n   -4.32298146]\n [  1.19397227 -50.8111358   53.57874985  -2.64117292   6.58938046\n    1.77376652]\n [  4.32886435   1.78715216  -2.64117292   5.48457339  -0.11339637\n    1.53350725]\n [  0.63106891  -5.65743317   6.58938046  -0.11339637   3.40684261\n    0.32832824]\n [  2.2813779   -4.32298146   1.77376652   1.53350725   0.32832824\n    4.60015959]]", "nfev": "245", "njev": "35", "status": "0", "success": "True", "message": "Optimization terminated successfully.", "x": "[ 0.23198903  4.74235274  0.95668129  1.70533808 -1.78210921  5.11862972]", "nit": "27"}, "4": {"maxiter": 100, "gtol": 1e-10, "xrtol": 1e-05, "eps": 1e-05, "duration": 0.04540085792541504, "fun": "0.09144169956793691", "jac": "[-1.97397654e-08 -1.11799459e-08 -1.38666856e-08  8.90398866e-09\n -1.55431223e-10  1.51101354e-08]", "hess_inv": "[[  6.30871489  -2.04494339   0.91326154   4.37235569   0.57275984\n    2.49497444]\n [ -2.04494339  69.24640386 -66.12545984   2.09262279  -6.98168205\n   -7.19501757]\n [  0.91326154 -66.12545984  67.01675671  -2.92766212   7.74352499\n    4.54337547]\n [  4.37235569   2.09262279  -2.92766212   5.50259282  -0.12625461\n    1.51750754]\n [  0.57275984  -6.98168205   7.74352499  -0.12625461   3.53207165\n    0.57630654]\n [  2.49497444  -7.19501757   4.54337547   1.51750754   0.57630654\n    4.9043846 ]]", "nfev": "259", "njev": "37", "status": "0", "success": "True", "message": "Optimization terminated successfully.", "x": "[ 0.23198026  4.7419878   0.95703566  1.70530456 -1.78208084  5.11864822]", "nit": "29"}, "5": {"maxiter": 100, "gtol": 1e-10, "xrtol": 1e-05, "eps": 1e-10, "duration": 0.045564889907836914, "fun": "0.09144169953585513", "jac": "[ 0.00000000e+00 -1.11022293e-06 -2.22044587e-06 -2.22044587e-06\n -2.22044587e-06  1.11022293e-06]", "hess_inv": "[[ 6.01321816e+00 -2.94658403e+00  1.73227454e+00  4.11189123e+00\n   6.66688507e-01  2.51543025e+00]\n [-2.94658403e+00  6.82891767e+01 -6.44334676e+01  4.85199260e-01\n  -6.60080106e+00 -8.07117308e+00]\n [ 1.73227454e+00 -6.44334676e+01  6.44288562e+01 -1.29085515e+00\n   7.26252607e+00  5.51357330e+00]\n [ 4.11189123e+00  4.85199260e-01 -1.29085515e+00  5.02682623e+00\n   3.49487167e-02  1.46972942e+00]\n [ 6.66688507e-01 -6.60080106e+00  7.26252607e+00  3.49487167e-02\n   3.43673275e+00  6.70487222e-01]\n [ 2.51543025e+00 -8.07117308e+00  5.51357330e+00  1.46972942e+00\n   6.70487222e-01  4.84965330e+00]]", "nfev": "259", "njev": "37", "status": "0", "success": "True", "message": "Optimization terminated successfully.", "x": "[ 0.23199288  4.74192165  0.9570965   1.70531082 -1.78207164  5.11866697]", "nit": "29"}, "6": {"maxiter": 100, "gtol": 1e-10, "xrtol": 1e-10, "eps": 1e-05, "duration": 0.052593231201171875, "fun": "0.0914416995677475", "jac": "[-2.33146835e-10 -1.22124533e-10 -9.99200722e-11  1.11022302e-10\n  3.33066907e-11  2.10942375e-10]", "hess_inv": "[[  6.3382485   -2.11895341   1.04594978   4.3698489    0.59918266\n    2.44837847]\n [ -2.11895341  68.48869986 -65.59272925   2.07184061  -6.96705297\n   -6.94411124]\n [  1.04594978 -65.59272925  66.81900453  -2.91407757   7.78806403\n    4.21118851]\n [  4.3698489    2.07184061  -2.91407757   5.5020264   -0.12617632\n    1.5252824 ]\n [  0.59918266  -6.96705297   7.78806403  -0.12617632   3.54878126\n    0.52313485]\n [  2.44837847  -6.94411124   4.21118851   1.5252824    0.52313485\n    4.95849384]]", "nfev": "294", "njev": "42", "status": "0", "success": "True", "message": "Optimization terminated successfully.", "x": "[ 0.2319803   4.74198769  0.95703584  1.70530456 -1.7820808   5.11864816]", "nit": "31"}, "7": {"maxiter": 100, "gtol": 1e-10, "xrtol": 1e-10, "eps": 1e-10, "duration": 0.09798574447631836, "fun": "0.09144169953158432", "jac": "[ 0.00000000e+00  0.00000000e+00 -1.11022293e-06  0.00000000e+00\n  1.11022293e-06  4.44089173e-06]", "hess_inv": "[[ 9.40955046e+00 -1.81598456e+01  1.39341557e+01  6.25206677e+00\n  -2.34246518e-02 -3.98079960e-01]\n [-1.81598456e+01  8.06889694e+01 -6.31501866e+01 -9.39081510e+00\n   2.64086746e-01 -4.91379324e+00]\n [ 1.39341557e+01 -6.31501866e+01  5.02302095e+01  6.58842866e+00\n  -1.40533889e-01  4.48752878e+00]\n [ 6.25206677e+00 -9.39081510e+00  6.58842866e+00  6.31940253e+00\n  -6.71960669e-01 -8.68872198e-01]\n [-2.34246518e-02  2.64086746e-01 -1.40533889e-01 -6.71960669e-01\n   1.55142155e+00 -3.61259312e-01]\n [-3.98079960e-01 -4.91379324e+00  4.48752878e+00 -8.68872198e-01\n  -3.61259312e-01  1.79053622e+00]]", "nfev": "565", "njev": "79", "status": "2", "success": "False", "message": "Desired error not necessarily achieved due to precision loss.", "x": "[ 0.23199777  4.74190859  0.95710918  1.70531444 -1.78206953  5.1186678 ]", "nit": "31"}, "8": {"maxiter": 500, "gtol": 1e-05, "xrtol": 1e-05, "eps": 1e-05, "duration": 0.04248309135437012, "fun": "0.09144169979617911", "jac": "[ 1.65449876e-06  2.30788721e-06  1.38189460e-07 -1.09393605e-06\n  3.32178729e-08 -1.45096157e-06]", "hess_inv": "[[  6.33191851  -1.86290842   0.80529701   4.37395412   0.57491757\n    2.41661726]\n [ -1.86290842  53.97178044 -52.01949532   1.7610118   -5.59325842\n   -5.03256664]\n [  0.80529701 -52.01949532  54.13259725  -2.62700134   6.50566506\n    2.42172541]\n [  4.37395412   1.7610118   -2.62700134   5.49561188  -0.09784698\n    1.56933197]\n [  0.57491757  -5.59325842   6.50566506  -0.09784698   3.41965952\n    0.34098435]\n [  2.41661726  -5.03256664   2.42172541   1.56933197   0.34098435\n    4.70723382]]", "nfev": "245", "njev": "35", "status": "0", "success": "True", "message": "Optimization terminated successfully.", "x": "[ 0.23197772  4.74214301  0.95689069  1.70530799 -1.78209551  5.11862761]", "nit": "27"}, "9": {"maxiter": 500, "gtol": 1e-05, "xrtol": 1e-05, "eps": 1e-10, "duration": 0.04228377342224121, "fun": "0.09144170059363987", "jac": "[-3.33066880e-06  5.55111466e-06 -1.11022293e-06  6.66133760e-06\n  2.22044587e-06  2.22044587e-06]", "hess_inv": "[[  6.25609883  -2.14964355   1.19397227   4.32886435   0.63106891\n    2.2813779 ]\n [ -2.14964355  52.07139231 -50.8111358    1.78715216  -5.65743317\n   -4.32298146]\n [  1.19397227 -50.8111358   53.57874985  -2.64117292   6.58938046\n    1.77376652]\n [  4.32886435   1.78715216  -2.64117292   5.48457339  -0.11339637\n    1.53350725]\n [  0.63106891  -5.65743317   6.58938046  -0.11339637   3.40684261\n    0.32832824]\n [  2.2813779   -4.32298146   1.77376652   1.53350725   0.32832824\n    4.60015959]]", "nfev": "245", "njev": "35", "status": "0", "success": "True", "message": "Optimization terminated successfully.", "x": "[ 0.23198903  4.74235274  0.95668129  1.70533808 -1.78210921  5.11862972]", "nit": "27"}, "10": {"maxiter": 500, "gtol": 1e-05, "xrtol": 1e-10, "eps": 1e-05, "duration": 0.042136192321777344, "fun": "0.09144169979617911", "jac": "[ 1.65449876e-06  2.30788721e-06  1.38189460e-07 -1.09393605e-06\n  3.32178729e-08 -1.45096157e-06]", "hess_inv": "[[  6.33191851  -1.86290842   0.80529701   4.37395412   0.57491757\n    2.41661726]\n [ -1.86290842  53.97178044 -52.01949532   1.7610118   -5.59325842\n   -5.03256664]\n [  0.80529701 -52.01949532  54.13259725  -2.62700134   6.50566506\n    2.42172541]\n [  4.37395412   1.7610118   -2.62700134   5.49561188  -0.09784698\n    1.56933197]\n [  0.57491757  -5.59325842   6.50566506  -0.09784698   3.41965952\n    0.34098435]\n [  2.41661726  -5.03256664   2.42172541   1.56933197   0.34098435\n    4.70723382]]", "nfev": "245", "njev": "35", "status": "0", "success": "True", "message": "Optimization terminated successfully.", "x": "[ 0.23197772  4.74214301  0.95689069  1.70530799 -1.78209551  5.11862761]", "nit": "27"}, "11": {"maxiter": 500, "gtol": 1e-05, "xrtol": 1e-10, "eps": 1e-10, "duration": 0.04238009452819824, "fun": "0.09144170059363987", "jac": "[-3.33066880e-06  5.55111466e-06 -1.11022293e-06  6.66133760e-06\n  2.22044587e-06  2.22044587e-06]", "hess_inv": "[[  6.25609883  -2.14964355   1.19397227   4.32886435   0.63106891\n    2.2813779 ]\n [ -2.14964355  52.07139231 -50.8111358    1.78715216  -5.65743317\n   -4.32298146]\n [  1.19397227 -50.8111358   53.57874985  -2.64117292   6.58938046\n    1.77376652]\n [  4.32886435   1.78715216  -2.64117292   5.48457339  -0.11339637\n    1.53350725]\n [  0.63106891  -5.65743317   6.58938046  -0.11339637   3.40684261\n    0.32832824]\n [  2.2813779   -4.32298146   1.77376652   1.53350725   0.32832824\n    4.60015959]]", "nfev": "245", "njev": "35", "status": "0", "success": "True", "message": "Optimization terminated successfully.", "x": "[ 0.23198903  4.74235274  0.95668129  1.70533808 -1.78210921  5.11862972]", "nit": "27"}, "12": {"maxiter": 500, "gtol": 1e-10, "xrtol": 1e-05, "eps": 1e-05, "duration": 0.04492807388305664, "fun": "0.09144169956793691", "jac": "[-1.97397654e-08 -1.11799459e-08 -1.38666856e-08  8.90398866e-09\n -1.55431223e-10  1.51101354e-08]", "hess_inv": "[[  6.30871489  -2.04494339   0.91326154   4.37235569   0.57275984\n    2.49497444]\n [ -2.04494339  69.24640386 -66.12545984   2.09262279  -6.98168205\n   -7.19501757]\n [  0.91326154 -66.12545984  67.01675671  -2.92766212   7.74352499\n    4.54337547]\n [  4.37235569   2.09262279  -2.92766212   5.50259282  -0.12625461\n    1.51750754]\n [  0.57275984  -6.98168205   7.74352499  -0.12625461   3.53207165\n    0.57630654]\n [  2.49497444  -7.19501757   4.54337547   1.51750754   0.57630654\n    4.9043846 ]]", "nfev": "259", "njev": "37", "status": "0", "success": "True", "message": "Optimization terminated successfully.", "x": "[ 0.23198026  4.7419878   0.95703566  1.70530456 -1.78208084  5.11864822]", "nit": "29"}, "13": {"maxiter": 500, "gtol": 1e-10, "xrtol": 1e-05, "eps": 1e-10, "duration": 0.04492330551147461, "fun": "0.09144169953585513", "jac": "[ 0.00000000e+00 -1.11022293e-06 -2.22044587e-06 -2.22044587e-06\n -2.22044587e-06  1.11022293e-06]", "hess_inv": "[[ 6.01321816e+00 -2.94658403e+00  1.73227454e+00  4.11189123e+00\n   6.66688507e-01  2.51543025e+00]\n [-2.94658403e+00  6.82891767e+01 -6.44334676e+01  4.85199260e-01\n  -6.60080106e+00 -8.07117308e+00]\n [ 1.73227454e+00 -6.44334676e+01  6.44288562e+01 -1.29085515e+00\n   7.26252607e+00  5.51357330e+00]\n [ 4.11189123e+00  4.85199260e-01 -1.29085515e+00  5.02682623e+00\n   3.49487167e-02  1.46972942e+00]\n [ 6.66688507e-01 -6.60080106e+00  7.26252607e+00  3.49487167e-02\n   3.43673275e+00  6.70487222e-01]\n [ 2.51543025e+00 -8.07117308e+00  5.51357330e+00  1.46972942e+00\n   6.70487222e-01  4.84965330e+00]]", "nfev": "259", "njev": "37", "status": "0", "success": "True", "message": "Optimization terminated successfully.", "x": "[ 0.23199288  4.74192165  0.9570965   1.70531082 -1.78207164  5.11866697]", "nit": "29"}, "14": {"maxiter": 500, "gtol": 1e-10, "xrtol": 1e-10, "eps": 1e-05, "duration": 0.050778865814208984, "fun": "0.0914416995677475", "jac": "[-2.33146835e-10 -1.22124533e-10 -9.99200722e-11  1.11022302e-10\n  3.33066907e-11  2.10942375e-10]", "hess_inv": "[[  6.3382485   -2.11895341   1.04594978   4.3698489    0.59918266\n    2.44837847]\n [ -2.11895341  68.48869986 -65.59272925   2.07184061  -6.96705297\n   -6.94411124]\n [  1.04594978 -65.59272925  66.81900453  -2.91407757   7.78806403\n    4.21118851]\n [  4.3698489    2.07184061  -2.91407757   5.5020264   -0.12617632\n    1.5252824 ]\n [  0.59918266  -6.96705297   7.78806403  -0.12617632   3.54878126\n    0.52313485]\n [  2.44837847  -6.94411124   4.21118851   1.5252824    0.52313485\n    4.95849384]]", "nfev": "294", "njev": "42", "status": "0", "success": "True", "message": "Optimization terminated successfully.", "x": "[ 0.2319803   4.74198769  0.95703584  1.70530456 -1.7820808   5.11864816]", "nit": "31"}, "15": {"maxiter": 500, "gtol": 1e-10, "xrtol": 1e-10, "eps": 1e-10, "duration": 0.09724092483520508, "fun": "0.09144169953158432", "jac": "[ 0.00000000e+00  0.00000000e+00 -1.11022293e-06  0.00000000e+00\n  1.11022293e-06  4.44089173e-06]", "hess_inv": "[[ 9.40955046e+00 -1.81598456e+01  1.39341557e+01  6.25206677e+00\n  -2.34246518e-02 -3.98079960e-01]\n [-1.81598456e+01  8.06889694e+01 -6.31501866e+01 -9.39081510e+00\n   2.64086746e-01 -4.91379324e+00]\n [ 1.39341557e+01 -6.31501866e+01  5.02302095e+01  6.58842866e+00\n  -1.40533889e-01  4.48752878e+00]\n [ 6.25206677e+00 -9.39081510e+00  6.58842866e+00  6.31940253e+00\n  -6.71960669e-01 -8.68872198e-01]\n [-2.34246518e-02  2.64086746e-01 -1.40533889e-01 -6.71960669e-01\n   1.55142155e+00 -3.61259312e-01]\n [-3.98079960e-01 -4.91379324e+00  4.48752878e+00 -8.68872198e-01\n  -3.61259312e-01  1.79053622e+00]]", "nfev": "565", "njev": "79", "status": "2", "success": "False", "message": "Desired error not necessarily achieved due to precision loss.", "x": "[ 0.23199777  4.74190859  0.95710918  1.70531444 -1.78206953  5.1186678 ]", "nit": "31"}, "16": {"maxiter": 1000, "gtol": 1e-05, "xrtol": 1e-05, "eps": 1e-05, "duration": 0.04264187812805176, "fun": "0.09144169979617911", "jac": "[ 1.65449876e-06  2.30788721e-06  1.38189460e-07 -1.09393605e-06\n  3.32178729e-08 -1.45096157e-06]", "hess_inv": "[[  6.33191851  -1.86290842   0.80529701   4.37395412   0.57491757\n    2.41661726]\n [ -1.86290842  53.97178044 -52.01949532   1.7610118   -5.59325842\n   -5.03256664]\n [  0.80529701 -52.01949532  54.13259725  -2.62700134   6.50566506\n    2.42172541]\n [  4.37395412   1.7610118   -2.62700134   5.49561188  -0.09784698\n    1.56933197]\n [  0.57491757  -5.59325842   6.50566506  -0.09784698   3.41965952\n    0.34098435]\n [  2.41661726  -5.03256664   2.42172541   1.56933197   0.34098435\n    4.70723382]]", "nfev": "245", "njev": "35", "status": "0", "success": "True", "message": "Optimization terminated successfully.", "x": "[ 0.23197772  4.74214301  0.95689069  1.70530799 -1.78209551  5.11862761]", "nit": "27"}, "17": {"maxiter": 1000, "gtol": 1e-05, "xrtol": 1e-05, "eps": 1e-10, "duration": 0.04239177703857422, "fun": "0.09144170059363987", "jac": "[-3.33066880e-06  5.55111466e-06 -1.11022293e-06  6.66133760e-06\n  2.22044587e-06  2.22044587e-06]", "hess_inv": "[[  6.25609883  -2.14964355   1.19397227   4.32886435   0.63106891\n    2.2813779 ]\n [ -2.14964355  52.07139231 -50.8111358    1.78715216  -5.65743317\n   -4.32298146]\n [  1.19397227 -50.8111358   53.57874985  -2.64117292   6.58938046\n    1.77376652]\n [  4.32886435   1.78715216  -2.64117292   5.48457339  -0.11339637\n    1.53350725]\n [  0.63106891  -5.65743317   6.58938046  -0.11339637   3.40684261\n    0.32832824]\n [  2.2813779   -4.32298146   1.77376652   1.53350725   0.32832824\n    4.60015959]]", "nfev": "245", "njev": "35", "status": "0", "success": "True", "message": "Optimization terminated successfully.", "x": "[ 0.23198903  4.74235274  0.95668129  1.70533808 -1.78210921  5.11862972]", "nit": "27"}, "18": {"maxiter": 1000, "gtol": 1e-05, "xrtol": 1e-10, "eps": 1e-05, "duration": 0.04233694076538086, "fun": "0.09144169979617911", "jac": "[ 1.65449876e-06  2.30788721e-06  1.38189460e-07 -1.09393605e-06\n  3.32178729e-08 -1.45096157e-06]", "hess_inv": "[[  6.33191851  -1.86290842   0.80529701   4.37395412   0.57491757\n    2.41661726]\n [ -1.86290842  53.97178044 -52.01949532   1.7610118   -5.59325842\n   -5.03256664]\n [  0.80529701 -52.01949532  54.13259725  -2.62700134   6.50566506\n    2.42172541]\n [  4.37395412   1.7610118   -2.62700134   5.49561188  -0.09784698\n    1.56933197]\n [  0.57491757  -5.59325842   6.50566506  -0.09784698   3.41965952\n    0.34098435]\n [  2.41661726  -5.03256664   2.42172541   1.56933197   0.34098435\n    4.70723382]]", "nfev": "245", "njev": "35", "status": "0", "success": "True", "message": "Optimization terminated successfully.", "x": "[ 0.23197772  4.74214301  0.95689069  1.70530799 -1.78209551  5.11862761]", "nit": "27"}, "19": {"maxiter": 1000, "gtol": 1e-05, "xrtol": 1e-10, "eps": 1e-10, "duration": 0.042562007904052734, "fun": "0.09144170059363987", "jac": "[-3.33066880e-06  5.55111466e-06 -1.11022293e-06  6.66133760e-06\n  2.22044587e-06  2.22044587e-06]", "hess_inv": "[[  6.25609883  -2.14964355   1.19397227   4.32886435   0.63106891\n    2.2813779 ]\n [ -2.14964355  52.07139231 -50.8111358    1.78715216  -5.65743317\n   -4.32298146]\n [  1.19397227 -50.8111358   53.57874985  -2.64117292   6.58938046\n    1.77376652]\n [  4.32886435   1.78715216  -2.64117292   5.48457339  -0.11339637\n    1.53350725]\n [  0.63106891  -5.65743317   6.58938046  -0.11339637   3.40684261\n    0.32832824]\n [  2.2813779   -4.32298146   1.77376652   1.53350725   0.32832824\n    4.60015959]]", "nfev": "245", "njev": "35", "status": "0", "success": "True", "message": "Optimization terminated successfully.", "x": "[ 0.23198903  4.74235274  0.95668129  1.70533808 -1.78210921  5.11862972]", "nit": "27"}, "20": {"maxiter": 1000, "gtol": 1e-10, "xrtol": 1e-05, "eps": 1e-05, "duration": 0.04492473602294922, "fun": "0.09144169956793691", "jac": "[-1.97397654e-08 -1.11799459e-08 -1.38666856e-08  8.90398866e-09\n -1.55431223e-10  1.51101354e-08]", "hess_inv": "[[  6.30871489  -2.04494339   0.91326154   4.37235569   0.57275984\n    2.49497444]\n [ -2.04494339  69.24640386 -66.12545984   2.09262279  -6.98168205\n   -7.19501757]\n [  0.91326154 -66.12545984  67.01675671  -2.92766212   7.74352499\n    4.54337547]\n [  4.37235569   2.09262279  -2.92766212   5.50259282  -0.12625461\n    1.51750754]\n [  0.57275984  -6.98168205   7.74352499  -0.12625461   3.53207165\n    0.57630654]\n [  2.49497444  -7.19501757   4.54337547   1.51750754   0.57630654\n    4.9043846 ]]", "nfev": "259", "njev": "37", "status": "0", "success": "True", "message": "Optimization terminated successfully.", "x": "[ 0.23198026  4.7419878   0.95703566  1.70530456 -1.78208084  5.11864822]", "nit": "29"}, "21": {"maxiter": 1000, "gtol": 1e-10, "xrtol": 1e-05, "eps": 1e-10, "duration": 0.044767141342163086, "fun": "0.09144169953585513", "jac": "[ 0.00000000e+00 -1.11022293e-06 -2.22044587e-06 -2.22044587e-06\n -2.22044587e-06  1.11022293e-06]", "hess_inv": "[[ 6.01321816e+00 -2.94658403e+00  1.73227454e+00  4.11189123e+00\n   6.66688507e-01  2.51543025e+00]\n [-2.94658403e+00  6.82891767e+01 -6.44334676e+01  4.85199260e-01\n  -6.60080106e+00 -8.07117308e+00]\n [ 1.73227454e+00 -6.44334676e+01  6.44288562e+01 -1.29085515e+00\n   7.26252607e+00  5.51357330e+00]\n [ 4.11189123e+00  4.85199260e-01 -1.29085515e+00  5.02682623e+00\n   3.49487167e-02  1.46972942e+00]\n [ 6.66688507e-01 -6.60080106e+00  7.26252607e+00  3.49487167e-02\n   3.43673275e+00  6.70487222e-01]\n [ 2.51543025e+00 -8.07117308e+00  5.51357330e+00  1.46972942e+00\n   6.70487222e-01  4.84965330e+00]]", "nfev": "259", "njev": "37", "status": "0", "success": "True", "message": "Optimization terminated successfully.", "x": "[ 0.23199288  4.74192165  0.9570965   1.70531082 -1.78207164  5.11866697]", "nit": "29"}, "22": {"maxiter": 1000, "gtol": 1e-10, "xrtol": 1e-10, "eps": 1e-05, "duration": 0.05065488815307617, "fun": "0.0914416995677475", "jac": "[-2.33146835e-10 -1.22124533e-10 -9.99200722e-11  1.11022302e-10\n  3.33066907e-11  2.10942375e-10]", "hess_inv": "[[  6.3382485   -2.11895341   1.04594978   4.3698489    0.59918266\n    2.44837847]\n [ -2.11895341  68.48869986 -65.59272925   2.07184061  -6.96705297\n   -6.94411124]\n [  1.04594978 -65.59272925  66.81900453  -2.91407757   7.78806403\n    4.21118851]\n [  4.3698489    2.07184061  -2.91407757   5.5020264   -0.12617632\n    1.5252824 ]\n [  0.59918266  -6.96705297   7.78806403  -0.12617632   3.54878126\n    0.52313485]\n [  2.44837847  -6.94411124   4.21118851   1.5252824    0.52313485\n    4.95849384]]", "nfev": "294", "njev": "42", "status": "0", "success": "True", "message": "Optimization terminated successfully.", "x": "[ 0.2319803   4.74198769  0.95703584  1.70530456 -1.7820808   5.11864816]", "nit": "31"}, "23": {"maxiter": 1000, "gtol": 1e-10, "xrtol": 1e-10, "eps": 1e-10, "duration": 0.09684896469116211, "fun": "0.09144169953158432", "jac": "[ 0.00000000e+00  0.00000000e+00 -1.11022293e-06  0.00000000e+00\n  1.11022293e-06  4.44089173e-06]", "hess_inv": "[[ 9.40955046e+00 -1.81598456e+01  1.39341557e+01  6.25206677e+00\n  -2.34246518e-02 -3.98079960e-01]\n [-1.81598456e+01  8.06889694e+01 -6.31501866e+01 -9.39081510e+00\n   2.64086746e-01 -4.91379324e+00]\n [ 1.39341557e+01 -6.31501866e+01  5.02302095e+01  6.58842866e+00\n  -1.40533889e-01  4.48752878e+00]\n [ 6.25206677e+00 -9.39081510e+00  6.58842866e+00  6.31940253e+00\n  -6.71960669e-01 -8.68872198e-01]\n [-2.34246518e-02  2.64086746e-01 -1.40533889e-01 -6.71960669e-01\n   1.55142155e+00 -3.61259312e-01]\n [-3.98079960e-01 -4.91379324e+00  4.48752878e+00 -8.68872198e-01\n  -3.61259312e-01  1.79053622e+00]]", "nfev": "565", "njev": "79", "status": "2", "success": "False", "message": "Desired error not necessarily achieved due to precision loss.", "x": "[ 0.23199777  4.74190859  0.95710918  1.70531444 -1.78206953  5.1186678 ]", "nit": "31"}}, "cobyla": {"0": {"maxiter": 100, "tol": 1e-05, "catol": 1e-05, "duration": 0.01658177375793457, "x": "[1.30054031 4.92442248 0.61038331 3.36491133 0.26487461 7.46340698]", "status": "2", "success": "False", "message": "Maximum number of function evaluations has been exceeded.", "nfev": "100", "fun": "0.24235918854745298", "maxcv": "0.0"}, "1": {"maxiter": 100, "tol": 1e-05, "catol": 1e-10, "duration": 0.016724824905395508, "x": "[1.30054031 4.92442248 0.61038331 3.36491133 0.26487461 7.46340698]", "status": "2", "success": "False", "message": "Maximum number of function evaluations has been exceeded.", "nfev": "100", "fun": "0.24235918854745298", "maxcv": "0.0"}, "2": {"maxiter": 100, "tol": 1e-10, "catol": 1e-05, "duration": 0.01655888557434082, "x": "[1.30054031 4.92442248 0.61038331 3.36491133 0.26487461 7.46340698]", "status": "2", "success": "False", "message": "Maximum number of function evaluations has been exceeded.", "nfev": "100", "fun": "0.24235918854745298", "maxcv": "0.0"}, "3": {"maxiter": 100, "tol": 1e-10, "catol": 1e-10, "duration": 0.016592979431152344, "x": "[1.30054031 4.92442248 0.61038331 3.36491133 0.26487461 7.46340698]", "status": "2", "success": "False", "message": "Maximum number of function evaluations has been exceeded.", "nfev": "100", "fun": "0.24235918854745298", "maxcv": "0.0"}, "4": {"maxiter": 500, "tol": 1e-05, "catol": 1e-05, "duration": 0.08187007904052734, "x": "[0.21893184 4.91272384 0.79