{"date": "2024/07/19/, 14:54:34", "conf_id": 217, "data_type": "non_lin_ind\n", "num_data_points": 3, "s_rank": 0, "unitary": "[[0.18663085-0.53122324j,-0.11886349-0.70040876j,0.28555095-0.02789305j,-0.12262021-0.2844587j],[-0.16702216+0.27758472j,0.27526351-0.29738586j,-0.01109314+0.22495461j,-0.77239203+0.28900673j],[0.61935415+0.12301792j,-0.31269928-0.03315917j,-0.61902762-0.19039079j,-0.27120731-0.0968989j],[0.42341754+0.0023929j,-0.05847358+0.47832119j,0.64900495-0.16218422j,-0.37182676-0.05229966j]]", "databatch_0": {"databatch": "[[[0.0815826-0.33614358j,0.25610018+0.00627169j,0.16136677-0.02908834j,0.15430483+0.00271194j],[-0.09398323+0.30275858j,0.14726705+0.25139375j,-0.2488631+0.03392382j,-0.0024682-0.04288731j],[-0.1526017+0.03636513j,0.20001403+0.36097084j,-0.01609852+0.05174303j,0.21019097+0.17335312j],[0.31214806-0.16438576j,-0.09379949+0.186577j,-0.14143643-0.2065311j,-0.01433823+0.10341506j]],[[0.13171536+0.22897234j,-0.10786272-0.33670978j,0.08417123+0.12969054j,-0.52316865-0.20888273j],[-0.09113346+0.01105711j,-0.12007283+0.01660198j,0.09274719-0.01799808j,0.09126234-0.01914075j],[0.11887214-0.10701075j,0.05251514+0.25621294j,-0.27296116-0.11679421j,-0.10566922+0.19739356j],[-0.14363852-0.04643862j,-0.19991005-0.18300166j,0.23773901+0.09309295j,0.16385027+0.05188714j]],[[0.07060047+0.28555608j,-0.00968948+0.15090925j,-0.00963192-0.2358452j,-0.1095444-0.21437476j],[0.1246982-0.21207812j,-0.20560681-0.00268533j,0.01057954-0.25231271j,-0.10230751+0.17879573j],[-0.01182845+0.28332582j,-0.20329706-0.06878867j,-0.14599571-0.05857319j,0.16118724-0.11002626j],[0.32052281-0.08797557j,0.07940572+0.33223626j,0.19688974-0.11083474j,-0.26390998-0.1753574j]]]", "initial param values": "[2.93215939,4.02039152,0.2574244,5.43044393,4.8201569,0.24548352]", "nelder_mead": {"type": "gradient-free", "0": {"maxiter": 100, "fatol": 1e-05, "xatol": 1e-05, "duration": 0.02730703353881836, "fun": "0.3290988130906295", "nit": "100", "nfev": "161", "status": "2", "success": "False", "message": "Maximum number of iterations has been exceeded.", "x": "[4.69673405 3.92501407 0.25412774 3.40276455 4.71638627 0.24153551]", "final_simplex": "(array([[4.69673405, 3.92501407, 0.25412774, 3.40276455, 4.71638627,\n        0.24153551],\n       [4.69015319, 3.92564862, 0.25425499, 3.39496771, 4.71264471,\n        0.24204946],\n       [4.68570986, 3.92812206, 0.25381575, 3.3933874 , 4.72760312,\n        0.24223794],\n       [4.68377039, 3.94346082, 0.25224944, 3.39554968, 4.72009214,\n        0.24390734],\n       [4.67879331, 3.92619289, 0.25483546, 3.38922204, 4.72011364,\n        0.24219013],\n       [4.69767397, 3.9404679 , 0.25223252, 3.38509683, 4.72673297,\n        0.24321004],\n       [4.69702392, 3.93436675, 0.2527628 , 3.38582884, 4.72239019,\n        0.24352349]]), array([0.32909881, 0.32910901, 0.32911042, 0.3291206 , 0.32912456,\n       0.32913032, 0.32914176]))"}, "1": {"maxiter": 100, "fatol": 1e-05, "xatol": 1e-10, "duration": 0.027235031127929688, "fun": "0.3290988130906295", "nit": "100", "nfev": "161", "status": "2", "success": "False", "message": "Maximum number of iterations has been exceeded.", "x": "[4.69673405 3.92501407 0.25412774 3.40276455 4.71638627 0.24153551]", "final_simplex": "(array([[4.69673405, 3.92501407, 0.25412774, 3.40276455, 4.71638627,\n        0.24153551],\n       [4.69015319, 3.92564862, 0.25425499, 3.39496771, 4.71264471,\n        0.24204946],\n       [4.68570986, 3.92812206, 0.25381575, 3.3933874 , 4.72760312,\n        0.24223794],\n       [4.68377039, 3.94346082, 0.25224944, 3.39554968, 4.72009214,\n        0.24390734],\n       [4.67879331, 3.92619289, 0.25483546, 3.38922204, 4.72011364,\n        0.24219013],\n       [4.69767397, 3.9404679 , 0.25223252, 3.38509683, 4.72673297,\n        0.24321004],\n       [4.69702392, 3.93436675, 0.2527628 , 3.38582884, 4.72239019,\n        0.24352349]]), array([0.32909881, 0.32910901, 0.32911042, 0.3291206 , 0.32912456,\n       0.32913032, 0.32914176]))"}, "2": {"maxiter": 100, "fatol": 1e-10, "xatol": 1e-05, "duration": 0.0271608829498291, "fun": "0.3290988130906295", "nit": "100", "nfev": "161", "status": "2", "success": "False", "message": "Maximum number of iterations has been exceeded.", "x": "[4.69673405 3.92501407 0.25412774 3.40276455 4.71638627 0.24153551]", "final_simplex": "(array([[4.69673405, 3.92501407, 0.25412774, 3.40276455, 4.71638627,\n        0.24153551],\n       [4.69015319, 3.92564862, 0.25425499, 3.39496771, 4.71264471,\n        0.24204946],\n       [4.68570986, 3.92812206, 0.25381575, 3.3933874 , 4.72760312,\n        0.24223794],\n       [4.68377039, 3.94346082, 0.25224944, 3.39554968, 4.72009214,\n        0.24390734],\n       [4.67879331, 3.92619289, 0.25483546, 3.38922204, 4.72011364,\n        0.24219013],\n       [4.69767397, 3.9404679 , 0.25223252, 3.38509683, 4.72673297,\n        0.24321004],\n       [4.69702392, 3.93436675, 0.2527628 , 3.38582884, 4.72239019,\n        0.24352349]]), array([0.32909881, 0.32910901, 0.32911042, 0.3291206 , 0.32912456,\n       0.32913032, 0.32914176]))"}, "3": {"maxiter": 100, "fatol": 1e-10, "xatol": 1e-10, "duration": 0.027154922485351562, "fun": "0.3290988130906295", "nit": "100", "nfev": "161", "status": "2", "success": "False", "message": "Maximum number of iterations has been exceeded.", "x": "[4.69673405 3.92501407 0.25412774 3.40276455 4.71638627 0.24153551]", "final_simplex": "(array([[4.69673405, 3.92501407, 0.25412774, 3.40276455, 4.71638627,\n        0.24153551],\n       [4.69015319, 3.92564862, 0.25425499, 3.39496771, 4.71264471,\n        0.24204946],\n       [4.68570986, 3.92812206, 0.25381575, 3.3933874 , 4.72760312,\n        0.24223794],\n       [4.68377039, 3.94346082, 0.25224944, 3.39554968, 4.72009214,\n        0.24390734],\n       [4.67879331, 3.92619289, 0.25483546, 3.38922204, 4.72011364,\n        0.24219013],\n       [4.69767397, 3.9404679 , 0.25223252, 3.38509683, 4.72673297,\n        0.24321004],\n       [4.69702392, 3.93436675, 0.2527628 , 3.38582884, 4.72239019,\n        0.24352349]]), array([0.32909881, 0.32910901, 0.32911042, 0.3291206 , 0.32912456,\n       0.32913032, 0.32914176]))"}, "4": {"maxiter": 500, "fatol": 1e-05, "xatol": 1e-05, "duration": 0.1318521499633789, "fun": "0.3172644377192878", "nit": "500", "nfev": "776", "status": "2", "success": "False", "message": "Maximum number of iterations has been exceeded.", "x": "[ 4.70599409  4.00696896  0.27882481  3.50274563  3.84412061 -0.66049374]", "final_simplex": "(array([[ 4.70599409,  4.00696896,  0.27882481,  3.50274563,  3.84412061,\n        -0.66049374],\n       [ 4.70602656,  4.00692907,  0.27879369,  3.50277201,  3.84388473,\n        -0.66062772],\n       [ 4.70600448,  4.00698217,  0.27878014,  3.5027418 ,  3.84379178,\n        -0.66081833],\n       [ 4.70602402,  4.00692225,  0.27886774,  3.50277916,  3.84394149,\n        -0.66064834],\n       [ 4.70605142,  4.00687834,  0.2787941 ,  3.50281084,  3.84415722,\n        -0.66038274],\n       [ 4.70610144,  4.00705611,  0.27880796,  3.50277868,  3.84366819,\n        -0.66089258],\n       [ 4.70607313,  4.00696549,  0.2788451 ,  3.50270715,  3.84382256,\n        -0.6607457 ]]), array([0.31726444, 0.31726444, 0.31726444, 0.31726444, 0.31726444,\n       0.31726444, 0.31726444]))"}, "5": {"maxiter": 500, "fatol": 1e-05, "xatol": 1e-10, "duration": 0.13172125816345215, "fun": "0.3172644377192878", "nit": "500", "nfev": "776", "status": "2", "success": "False", "message": "Maximum number of iterations has been exceeded.", "x": "[ 4.70599409  4.00696896  0.27882481  3.50274563  3.84412061 -0.66049374]", "final_simplex": "(array([[ 4.70599409,  4.00696896,  0.27882481,  3.50274563,  3.84412061,\n        -0.66049374],\n       [ 4.70602656,  4.00692907,  0.27879369,  3.50277201,  3.84388473,\n        -0.66062772],\n       [ 4.70600448,  4.00698217,  0.27878014,  3.5027418 ,  3.84379178,\n        -0.66081833],\n       [ 4.70602402,  4.00692225,  0.27886774,  3.50277916,  3.84394149,\n        -0.66064834],\n       [ 4.70605142,  4.00687834,  0.2787941 ,  3.50281084,  3.84415722,\n        -0.66038274],\n       [ 4.70610144,  4.00705611,  0.27880796,  3.50277868,  3.84366819,\n        -0.66089258],\n       [ 4.70607313,  4.00696549,  0.2788451 ,  3.50270715,  3.84382256,\n        -0.6607457 ]]), array([0.31726444, 0.31726444, 0.31726444, 0.31726444, 0.31726444,\n       0.31726444, 0.31726444]))"}, "6": {"maxiter": 500, "fatol": 1e-10, "xatol": 1e-05, "duration": 0.13194704055786133, "fun": "0.3172644377192878", "nit": "500", "nfev": "776", "status": "2", "success": "False", "message": "Maximum number of iterations has been exceeded.", "x": "[ 4.70599409  4.00696896  0.27882481  3.50274563  3.84412061 -0.66049374]", "final_simplex": "(array([[ 4.70599409,  4.00696896,  0.27882481,  3.50274563,  3.84412061,\n        -0.66049374],\n       [ 4.70602656,  4.00692907,  0.27879369,  3.50277201,  3.84388473,\n        -0.66062772],\n       [ 4.70600448,  4.00698217,  0.27878014,  3.5027418 ,  3.84379178,\n        -0.66081833],\n       [ 4.70602402,  4.00692225,  0.27886774,  3.50277916,  3.84394149,\n        -0.66064834],\n       [ 4.70605142,  4.00687834,  0.2787941 ,  3.50281084,  3.84415722,\n        -0.66038274],\n       [ 4.70610144,  4.00705611,  0.27880796,  3.50277868,  3.84366819,\n        -0.66089258],\n       [ 4.70607313,  4.00696549,  0.2788451 ,  3.50270715,  3.84382256,\n        -0.6607457 ]]), array([0.31726444, 0.31726444, 0.31726444, 0.31726444, 0.31726444,\n       0.31726444, 0.31726444]))"}, "7": {"maxiter": 500, "fatol": 1e-10, "xatol": 1e-10, "duration": 0.13175392150878906, "fun": "0.3172644377192878", "nit": "500", "nfev": "776", "status": "2", "success": "False", "message": "Maximum number of iterations has been exceeded.", "x": "[ 4.70599409  4.00696896  0.27882481  3.50274563  3.84412061 -0.66049374]", "final_simplex": "(array([[ 4.70599409,  4.00696896,  0.27882481,  3.50274563,  3.84412061,\n        -0.66049374],\n       [ 4.70602656,  4.00692907,  0.27879369,  3.50277201,  3.84388473,\n        -0.66062772],\n       [ 4.70600448,  4.00698217,  0.27878014,  3.5027418 ,  3.84379178,\n        -0.66081833],\n       [ 4.70602402,  4.00692225,  0.27886774,  3.50277916,  3.84394149,\n        -0.66064834],\n       [ 4.70605142,  4.00687834,  0.2787941 ,  3.50281084,  3.84415722,\n        -0.66038274],\n       [ 4.70610144,  4.00705611,  0.27880796,  3.50277868,  3.84366819,\n        -0.66089258],\n       [ 4.70607313,  4.00696549,  0.2788451 ,  3.50270715,  3.84382256,\n        -0.6607457 ]]), array([0.31726444, 0.31726444, 0.31726444, 0.31726444, 0.31726444,\n       0.31726444, 0.31726444]))"}, "8": {"maxiter": 1000, "fatol": 1e-05, "xatol": 1e-05, "duration": 0.14568495750427246, "fun": "0.3172644366981451", "nit": "552", "nfev": "863", "status": "0", "success": "True", "message": "Optimization terminated successfully.", "x": "[ 4.70601879  4.00698482  0.27880225  3.50280479  3.84399304 -0.66057478]", "final_simplex": "(array([[ 4.70601879,  4.00698482,  0.27880225,  3.50280479,  3.84399304,\n        -0.66057478],\n       [ 4.70601921,  4.00698324,  0.27880078,  3.50280401,  3.84398488,\n        -0.66058155],\n       [ 4.70601655,  4.00698476,  0.27880221,  3.50280352,  3.84399287,\n        -0.66057418],\n       [ 4.70601873,  4.0069843 ,  0.27880273,  3.50280165,  3.84399084,\n        -0.66057868],\n       [ 4.70602241,  4.00698696,  0.27880223,  3.50280218,  3.84398442,\n        -0.66058258],\n       [ 4.7060213 ,  4.00698594,  0.27880346,  3.50280594,  3.84399181,\n        -0.660574  ],\n       [ 4.70601945,  4.00698358,  0.27879938,  3.50280276,  3.84399331,\n        -0.66057444]]), array([0.31726444, 0.31726444, 0.31726444, 0.31726444, 0.31726444,\n       0.31726444, 0.31726444]))"}, "9": {"maxiter": 1000, "fatol": 1e-05, "xatol": 1e-10, "duration": 0.19629192352294922, "fun": "0.3172644366966132", "nit": "702", "nfev": "1168", "status": "0", "success": "True", "message": "Optimization terminated successfully.", "x": "[ 4.70601888  4.00698626  0.27880147  3.50280409  3.8439845  -0.66058215]", "final_simplex": "(array([[ 4.70601888,  4.00698626,  0.27880147,  3.50280409,  3.8439845 ,\n        -0.66058215],\n       [ 4.70601888,  4.00698626,  0.27880147,  3.50280409,  3.8439845 ,\n        -0.66058215],\n       [ 4.70601888,  4.00698626,  0.27880147,  3.50280409,  3.8439845 ,\n        -0.66058215],\n       [ 4.70601888,  4.00698626,  0.27880147,  3.50280409,  3.8439845 ,\n        -0.66058215],\n       [ 4.70601888,  4.00698626,  0.27880147,  3.50280409,  3.8439845 ,\n        -0.66058215],\n       [ 4.70601888,  4.00698626,  0.27880147,  3.50280409,  3.8439845 ,\n        -0.66058215],\n       [ 4.70601888,  4.00698626,  0.27880147,  3.50280409,  3.8439845 ,\n        -0.66058215]]), array([0.31726444, 0.31726444, 0.31726444, 0.31726444, 0.31726444,\n       0.31726444, 0.31726444]))"}, "10": {"maxiter": 1000, "fatol": 1e-10, "xatol": 1e-05, "duration": 0.14538812637329102, "fun": "0.3172644366981451", "nit": "552", "nfev": "863", "status": "0", "success": "True", "message": "Optimization terminated successfully.", "x": "[ 4.70601879  4.00698482  0.27880225  3.50280479  3.84399304 -0.66057478]", "final_simplex": "(array([[ 4.70601879,  4.00698482,  0.27880225,  3.50280479,  3.84399304,\n        -0.66057478],\n       [ 4.70601921,  4.00698324,  0.27880078,  3.50280401,  3.84398488,\n        -0.66058155],\n       [ 4.70601655,  4.00698476,  0.27880221,  3.50280352,  3.84399287,\n        -0.66057418],\n       [ 4.70601873,  4.0069843 ,  0.27880273,  3.50280165,  3.84399084,\n        -0.66057868],\n       [ 4.70602241,  4.00698696,  0.27880223,  3.50280218,  3.84398442,\n        -0.66058258],\n       [ 4.7060213 ,  4.00698594,  0.27880346,  3.50280594,  3.84399181,\n        -0.660574  ],\n       [ 4.70601945,  4.00698358,  0.27879938,  3.50280276,  3.84399331,\n        -0.66057444]]), array([0.31726444, 0.31726444, 0.31726444, 0.31726444, 0.31726444,\n       0.31726444, 0.31726444]))"}, "11": {"maxiter": 1000, "fatol": 1e-10, "xatol": 1e-10, "duration": 0.19646000862121582, "fun": "0.3172644366966132", "nit": "702", "nfev": "1168", "status": "0", "success": "True", "message": "Optimization terminated successfully.", "x": "[ 4.70601888  4.00698626  0.27880147  3.50280409  3.8439845  -0.66058215]", "final_simplex": "(array([[ 4.70601888,  4.00698626,  0.27880147,  3.50280409,  3.8439845 ,\n        -0.66058215],\n       [ 4.70601888,  4.00698626,  0.27880147,  3.50280409,  3.8439845 ,\n        -0.66058215],\n       [ 4.70601888,  4.00698626,  0.27880147,  3.50280409,  3.8439845 ,\n        -0.66058215],\n       [ 4.70601888,  4.00698626,  0.27880147,  3.50280409,  3.8439845 ,\n        -0.66058215],\n       [ 4.70601888,  4.00698626,  0.27880147,  3.50280409,  3.8439845 ,\n        -0.66058215],\n       [ 4.70601888,  4.00698626,  0.27880147,  3.50280409,  3.8439845 ,\n        -0.66058215],\n       [ 4.70601888,  4.00698626,  0.27880147,  3.50280409,  3.8439845 ,\n        -0.66058215]]), array([0.31726444, 0.31726444, 0.31726444, 0.31726444, 0.31726444,\n       0.31726444, 0.31726444]))"}}, "bfgs": {"type": "gradient", "0": {"maxiter": 100, "gtol": 1e-05, "xrtol": 1e-05, "eps": 1e-05, "duration": 0.036402225494384766, "fun": "0.317264436903301", "jac": "[ 3.64093200e-06  1.11064491e-06  2.93087776e-07 -6.01896311e-07\n -1.57522884e-06  1.01343378e-06]", "hess_inv": "[[ 2.72797128 -0.25033964 -0.11923089 -0.1159404   0.51644318  1.14939497]\n [-0.25033964  3.40103345 -0.05084476  0.21419129 -3.29182847 -3.80670869]\n [-0.11923089 -0.05084476  3.01495157  0.1568381   0.68458246  0.22599306]\n [-0.1159404   0.21419129  0.1568381   3.29901333 -0.32112763 -0.84480704]\n [ 0.51644318 -3.29182847  0.68458246 -0.32112763 29.58400885 28.95564205]\n [ 1.14939497 -3.80670869  0.22599306 -0.84480704 28.95564205 31.83324175]]", "nfev": "210", "njev": "30", "status": "0", "success": "True", "message": "Optimization terminated successfully.", "x": "[4.70602808 4.00699664 0.27879349 2.78037302 6.98547108 2.48090978]", "nit": "24"}, "1": {"maxiter": 100, "gtol": 1e-05, "xrtol": 1e-05, "eps": 1e-10, "duration": 0.03614997863769531, "fun": "0.3172644370150385", "jac": "[ 1.11022293e-06 -2.22044587e-06 -3.33066880e-06  0.00000000e+00\n -3.33066880e-06 -2.22044587e-06]", "hess_inv": "[[ 2.75834956 -0.30073206 -0.07155158 -0.14387825  0.63343999  1.28023922]\n [-0.30073206  3.4597564  -0.13195038  0.27844529 -3.76958648 -4.32532937]\n [-0.07155158 -0.13195038  3.09493557  0.07261116  1.03091205  0.61007209]\n [-0.14387825  0.27844529  0.07261116  3.35906504 -0.82650875 -1.36611498]\n [ 0.63343999 -3.76958648  1.03091205 -0.82650875 29.13732818 28.59898005]\n [ 1.28023922 -4.32532937  0.61007209 -1.36611498 28.59898005 31.55293527]]", "nfev": "210", "njev": "30", "status": "0", "success": "True", "message": "Optimization terminated successfully.", "x": "[4.70602123 4.00699934 0.27878962 2.78038248 6.98544182 2.48087723]", "nit": "24"}, "2": {"maxiter": 100, "gtol": 1e-05, "xrtol": 1e-10, "eps": 1e-05, "duration": 0.03618192672729492, "fun": "0.317264436903301", "jac": "[ 3.64093200e-06  1.11064491e-06  2.93087776e-07 -6.01896311e-07\n -1.57522884e-06  1.01343378e-06]", "hess_inv": "[[ 2.72797128 -0.25033964 -0.11923089 -0.1159404   0.51644318  1.14939497]\n [-0.25033964  3.40103345 -0.05084476  0.21419129 -3.29182847 -3.80670869]\n [-0.11923089 -0.05084476  3.01495157  0.1568381   0.68458246  0.22599306]\n [-0.1159404   0.21419129  0.1568381   3.29901333 -0.32112763 -0.84480704]\n [ 0.51644318 -3.29182847  0.68458246 -0.32112763 29.58400885 28.95564205]\n [ 1.14939497 -3.80670869  0.22599306 -0.84480704 28.95564205 31.83324175]]", "nfev": "210", "njev": "30", "status": "0", "success": "True", "message": "Optimization terminated successfully.", "x": "[4.70602808 4.00699664 0.27879349 2.78037302 6.98547108 2.48090978]", "nit": "24"}, "3": {"maxiter": 100, "gtol": 1e-05, "xrtol": 1e-10, "eps": 1e-10, "duration": 0.036379098892211914, "fun": "0.3172644370150385", "jac": "[ 1.11022293e-06 -2.22044587e-06 -3.33066880e-06  0.00000000e+00\n -3.33066880e-06 -2.22044587e-06]", "hess_inv": "[[ 2.75834956 -0.30073206 -0.07155158 -0.14387825  0.63343999  1.28023922]\n [-0.30073206  3.4597564  -0.13195038  0.27844529 -3.76958648 -4.32532937]\n [-0.07155158 -0.13195038  3.09493557  0.07261116  1.03091205  0.61007209]\n [-0.14387825  0.27844529  0.07261116  3.35906504 -0.82650875 -1.36611498]\n [ 0.63343999 -3.76958648  1.03091205 -0.82650875 29.13732818 28.59898005]\n [ 1.28023922 -4.32532937  0.61007209 -1.36611498 28.59898005 31.55293527]]", "nfev": "210", "njev": "30", "status": "0", "success": "True", "message": "Optimization terminated successfully.", "x": "[4.70602123 4.00699934 0.27878962 2.78038248 6.98544182 2.48087723]", "nit": "24"}, "4": {"maxiter": 100, "gtol": 1e-10, "xrtol": 1e-05, "eps": 1e-05, "duration": 0.037323951721191406, "fun": "0.317264436832131", "jac": "[ 6.03384009e-07  3.48410190e-07 -2.21689334e-07  2.64788191e-08\n  1.08146825e-07 -1.27897692e-07]", "hess_inv": "[[ 2.94850110e+00 -2.79721575e-01 -6.63793417e-02 -2.81137130e-01\n   9.17376426e-02  9.08719156e-01]\n [-2.79721575e-01  3.28092719e+00  1.01855042e-02  1.20014810e-01\n  -3.25130348e+00 -3.73178945e+00]\n [-6.63793417e-02  1.01855042e-02  2.99025496e+00  1.81019099e-01\n   5.91613636e-01  1.44792387e-01]\n [-2.81137130e-01  1.20014810e-01  1.81019099e-01  3.31391417e+00\n  -1.80302688e-02 -6.24373097e-01]\n [ 9.17376426e-02 -3.25130348e+00  5.91613636e-01 -1.80302688e-02\n   3.03998449e+01  2.94246948e+01]\n [ 9.08719156e-01 -3.73178945e+00  1.44792387e-01 -6.24373097e-01\n   2.94246948e+01  3.20810968e+01]]", "nfev": "217", "njev": "31", "status": "0", "success": "True", "message": "Optimization terminated successfully.", "x": "[4.70601673 4.00699275 0.27879374 2.78037646 6.98549224 2.48092404]", "nit": "25"}, "5": {"maxiter": 100, "gtol": 1e-10, "xrtol": 1e-05, "eps": 1e-10, "duration": 0.03963780403137207, "fun": "0.31726443674078875", "jac": "[0.00000000e+00 2.22044587e-06 0.00000000e+00 3.33066880e-06\n 3.33066880e-06 0.00000000e+00]", "hess_inv": "[[ 2.67785684 -0.05234749 -0.16628601 -0.12109407  0.05757586  0.62006384]\n [-0.05234749  3.5415292  -0.16713999 -0.06490118 -6.41778601 -6.6979575 ]\n [-0.16628601 -0.16713999  3.04263046  0.26441344  1.42563185  0.89532349]\n [-0.12109407 -0.06490118  0.26441344  3.38776953  1.32418881  0.80728961]\n [ 0.05757586 -6.41778601  1.42563185  1.32418881 42.08707378 40.8245921 ]\n [ 0.62006384 -6.6979575   0.89532349  0.80728961 40.8245921  42.9661087 ]]", "nfev": "231", "njev": "33", "status": "0", "success": "True", "message": "Optimization terminated successfully.", "x": "[4.70601469 4.00698566 0.2787996  2.78039116 6.98561521 2.48104344]", "nit": "26"}, "6": {"maxiter": 100, "gtol": 1e-10, "xrtol": 1e-10, "eps": 1e-05, "duration": 0.05497479438781738, "fun": "0.31726443682864847", "jac": "[-4.44089210e-11 -7.77156117e-11  1.11022302e-11 -4.44089210e-11\n  1.11022302e-10 -4.44089210e-11]", "hess_inv": "[[ 3.30927810e+00 -1.65025374e-02 -2.51204420e-01 -3.01579142e-01\n  -3.74381241e-01  3.63587801e-01]\n [-1.65025374e-02  3.42883541e+00 -6.30263875e-02  8.30940735e-02\n  -3.63733518e+00 -4.07080090e+00]\n [-2.51204420e-01 -6.30263875e-02  3.07042475e+00  2.32280980e-01\n   6.13537419e-01  2.26472083e-01]\n [-3.01579142e-01  8.30940735e-02  2.32280980e-01  3.29460506e+00\n  -1.38194291e-01 -6.59715711e-01]\n [-3.74381241e-01 -3.63733518e+00  6.13537419e-01 -1.38194291e-01\n   3.14078054e+01  3.00324847e+01]\n [ 3.63587801e-01 -4.07080090e+00  2.26472083e-01 -6.59715711e-01\n   3.00324847e+01  3.24374639e+01]]", "nfev": "322", "njev": "46", "status": "0", "success": "True", "message": "Optimization terminated successfully.", "x": "[4.70601474 4.00699137 0.27879458 2.7803765  6.98549438 2.48092629]", "nit": "29"}, "7": {"maxiter": 100, "gtol": 1e-10, "xrtol": 1e-10, "eps": 1e-10, "duration": 0.050460100173950195, "fun": "0.3172644367211873", "jac": "[-2.22044587e-06  0.00000000e+00  0.00000000e+00  0.00000000e+00\n  0.00000000e+00  2.22044587e-06]", "hess_inv": "[[ 1.59998751e+00  7.09233978e-02  1.21606810e+00 -3.85865920e+00\n  -4.83430393e-03 -1.24607706e+00]\n [ 7.09233978e-02  2.39215022e-01 -2.57898680e-01 -1.92434295e-01\n   2.32545906e-04  1.37920721e-01]\n [ 1.21606810e+00 -2.57898680e-01  1.78525285e+00 -3.12999613e+00\n  -2.55449199e-03 -1.65322196e+00]\n [-3.85865920e+00 -1.92434295e-01 -3.12999613e+00  9.42216313e+00\n   9.34931315e-03  3.21605215e+00]\n [-4.83430393e-03  2.32545906e-04 -2.55449199e-03  9.34931315e-03\n   2.70484869e-03 -6.10795504e-04]\n [-1.24607706e+00  1.37920721e-01 -1.65322196e+00  3.21605215e+00\n  -6.10795504e-04  1.58568691e+00]]", "nfev": "294", "njev": "42", "status": "2", "success": "False", "message": "Desired error not necessarily achieved due to precision loss.", "x": "[4.70601732 4.00698202 0.27880016 2.78037977 6.98561375 2.48104855]", "nit": "32"}, "8": {"maxiter": 500, "gtol": 1e-05, "xrtol": 1e-05, "eps": 1e-05, "duration": 0.036128997802734375, "fun": "0.317264436903301", "jac": "[ 3.64093200e-06  1.11064491e-06  2.93087776e-07 -6.01896311e-07\n -1.57522884e-06  1.01343378e-06]", "hess_inv": "[[ 2.72797128 -0.25033964 -0.11923089 -0.1159404   0.51644318  1.14939497]\n [-0.25033964  3.40103345 -0.05084476  0.21419129 -3.29182847 -3.80670869]\n [-0.11923089 -0.05084476  3.01495157  0.1568381   0.68458246  0.22599306]\n [-0.1159404   0.21419129  0.1568381   3.29901333 -0.32112763 -0.84480704]\n [ 0.51644318 -3.29182847  0.68458246 -0.32112763 29.58400885 28.95564205]\n [ 1.14939497 -3.80670869  0.22599306 -0.84480704 28.95564205 31.83324175]]", "nfev": "210", "njev": "30", "status": "0", "success": "True", "message": "Optimization terminated successfully.", "x": "[4.70602808 4.00699664 0.27879349 2.78037302 6.98547108 2.48090978]", "nit": "24"}, "9": {"maxiter": 500, "gtol": 1e-05, "xrtol": 1e-05, "eps": 1e-10, "duration": 0.03600192070007324, "fun": "0.3172644370150385", "jac": "[ 1.11022293e-06 -2.22044587e-06 -3.33066880e-06  0.00000000e+00\n -3.33066880e-06 -2.22044587e-06]", "hess_inv": "[[ 2.75834956 -0.30073206 -0.07155158 -0.14387825  0.63343999  1.28023922]\n [-0.30073206  3.4597564  -0.13195038  0.27844529 -3.76958648 -4.32532937]\n [-0.07155158 -0.13195038  3.09493557  0.07261116  1.03091205  0.61007209]\n [-0.14387825  0.27844529  0.07261116  3.35906504 -0.82650875 -1.36611498]\n [ 0.63343999 -3.76958648  1.03091205 -0.82650875 29.13732818 28.59898005]\n [ 1.28023922 -4.32532937  0.61007209 -1.36611498 28.59898005 31.55293527]]", "nfev": "210", "njev": "30", "status": "0", "success": "True", "message": "Optimization terminated successfully.", "x": "[4.70602123 4.00699934 0.27878962 2.78038248 6.98544182 2.48087723]", "nit": "24"}, "10": {"maxiter": 500, "gtol": 1e-05, "xrtol": 1e-10, "eps": 1e-05, "duration": 0.036022186279296875, "fun": "0.317264436903301", "jac": "[ 3.64093200e-06  1.11064491e-06  2.93087776e-07 -6.01896311e-07\n -1.57522884e-06  1.01343378e-06]", "hess_inv": "[[ 2.72797128 -0.25033964 -0.11923089 -0.1159404   0.51644318  1.14939497]\n [-0.25033964  3.40103345 -0.05084476  0.21419129 -3.29182847 -3.80670869]\n [-0.11923089 -0.05084476  3.01495157  0.1568381   0.68458246  0.22599306]\n [-0.1159404   0.21419129  0.1568381   3.29901333 -0.32112763 -0.84480704]\n [ 0.51644318 -3.29182847  0.68458246 -0.32112763 29.58400885 28.95564205]\n [ 1.14939497 -3.80670869  0.22599306 -0.84480704 28.95564205 31.83324175]]", "nfev": "210", "njev": "30", "status": "0", "success": "True", "message": "Optimization terminated successfully.", "x": "[4.70602808 4.00699664 0.27879349 2.78037302 6.98547108 2.48090978]", "nit": "24"}, "11": {"maxiter": 500, "gtol": 1e-05, "xrtol": 1e-10, "eps": 1e-10, "duration": 0.03598189353942871, "fun": "0.3172644370150385", "jac": "[ 1.11022293e-06 -2.22044587e-06 -3.33066880e-06  0.00000000e+00\n -3.33066880e-06 -2.22044587e-06]", "hess_inv": "[[ 2.75834956 -0.30073206 -0.07155158 -0.14387825  0.63343999  1.28023922]\n [-0.30073206  3.4597564  -0.13195038  0.27844529 -3.76958648 -4.32532937]\n [-0.07155158 -0.13195038  3.09493557  0.07261116  1.03091205  0.61007209]\n [-0.14387825  0.27844529  0.07261116  3.35906504 -0.82650875 -1.36611498]\n [ 0.63343999 -3.76958648  1.03091205 -0.82650875 29.13732818 28.59898005]\n [ 1.28023922 -4.32532937  0.61007209 -1.36611498 28.59898005 31.55293527]]", "nfev": "210", "njev": "30", "status": "0", "success": "True", "message": "Optimization terminated successfully.", "x": "[4.70602123 4.00699934 0.27878962 2.78038248 6.98544182 2.48087723]", "nit": "24"}, "12": {"maxiter": 500, "gtol": 1e-10, "xrtol": 1e-05, "eps": 1e-05, "duration": 0.03713202476501465, "fun": "0.317264436832131", "jac": "[ 6.03384009e-07  3.48410190e-07 -2.21689334e-07  2.64788191e-08\n  1.08146825e-07 -1.27897692e-07]", "hess_inv": "[[ 2.94850110e+00 -2.79721575e-01 -6.63793417e-02 -2.81137130e-01\n   9.17376426e-02  9.08719156e-01]\n [-2.79721575e-01  3.28092719e+00  1.01855042e-02  1.20014810e-01\n  -3.25130348e+00 -3.73178945e+00]\n [-6.63793417e-02  1.01855042e-02  2.99025496e+00  1.81019099e-01\n   5.91613636e-01  1.44792387e-01]\n [-2.81137130e-01  1.20014810e-01  1.81019099e-01  3.31391417e+00\n  -1.80302688e-02 -6.24373097e-01]\n [ 9.17376426e-02 -3.25130348e+00  5.91613636e-01 -1.80302688e-02\n   3.03998449e+01  2.94246948e+01]\n [ 9.08719156e-01 -3.73178945e+00  1.44792387e-01 -6.24373097e-01\n   2.94246948e+01  3.20810968e+01]]", "nfev": "217", "njev": "31", "status": "0", "success": "True", "message": "Optimization terminated successfully.", "x": "[4.70601673 4.00699275 0.27879374 2.78037646 6.98549224 2.48092404]", "nit": "25"}, "13": {"maxiter": 500, "gtol": 1e-10, "xrtol": 1e-05, "eps": 1e-10, "duration": 0.03957176208496094, "fun": "0.31726443674078875", "jac": "[0.00000000e+00 2.22044587e-06 0.00000000e+00 3.33066880e-06\n 3.33066880e-06 0.00000000e+00]", "hess_inv": "[[ 2.67785684 -0.05234749 -0.16628601 -0.12109407  0.05757586  0.62006384]\n [-0.05234749  3.5415292  -0.16713999 -0.06490118 -6.41778601 -6.6979575 ]\n [-0.16628601 -0.16713999  3.04263046  0.26441344  1.42563185  0.89532349]\n [-0.12109407 -0.06490118  0.26441344  3.38776953  1.32418881  0.80728961]\n [ 0.05757586 -6.41778601  1.42563185  1.32418881 42.08707378 40.8245921 ]\n [ 0.62006384 -6.6979575   0.89532349  0.80728961 40.8245921  42.9661087 ]]", "nfev": "231", "njev": "33", "status": "0", "success": "True", "message": "Optimization terminated successfully.", "x": "[4.70601469 4.00698566 0.2787996  2.78039116 6.98561521 2.48104344]", "nit": "26"}, "14": {"maxiter": 500, "gtol": 1e-10, "xrtol": 1e-10, "eps": 1e-05, "duration": 0.054945945739746094, "fun": "0.31726443682864847", "jac": "[-4.44089210e-11 -7.77156117e-11  1.11022302e-11 -4.44089210e-11\n  1.11022302e-10 -4.44089210e-11]", "hess_inv": "[[ 3.30927810e+00 -1.65025374e-02 -2.51204420e-01 -3.01579142e-01\n  -3.74381241e-01  3.63587801e-01]\n [-1.65025374e-02  3.42883541e+00 -6.30263875e-02  8.30940735e-02\n  -3.63733518e+00 -4.07080090e+00]\n [-2.51204420e-01 -6.30263875e-02  3.07042475e+00  2.32280980e-01\n   6.13537419e-01  2.26472083e-01]\n [-3.01579142e-01  8.30940735e-02  2.32280980e-01  3.29460506e+00\n  -1.38194291e-01 -6.59715711e-01]\n [-3.74381241e-01 -3.63733518e+00  6.13537419e-01 -1.38194291e-01\n   3.14078054e+01  3.00324847e+01]\n [ 3.63587801e-01 -4.07080090e+00  2.26472083e-01 -6.59715711e-01\n   3.00324847e+01  3.24374639e+01]]", "nfev": "322", "njev": "46", "status": "0", "success": "True", "message": "Optimization terminated successfully.", "x": "[4.70601474 4.00699137 0.27879458 2.7803765  6.98549438 2.48092629]", "nit": "29"}, "15": {"maxiter": 500, "gtol": 1e-10, "xrtol": 1e-10, "eps": 1e-10, "duration": 0.05039834976196289, "fun": "0.3172644367211873", "jac": "[-2.22044587e-06  0.00000000e+00  0.00000000e+00  0.00000000e+00\n  0.00000000e+00  2.22044587e-06]", "hess_inv": "[[ 1.59998751e+00  7.09233978e-02  1.21606810e+00 -3.85865920e+00\n  -4.83430393e-03 -1.24607706e+00]\n [ 7.09233978e-02  2.39215022e-01 -2.57898680e-01 -1.92434295e-01\n   2.32545906e-04  1.37920721e-01]\n [ 1.21606810e+00 -2.57898680e-01  1.78525285e+00 -3.12999613e+00\n  -2.55449199e-03 -1.65322196e+00]\n [-3.85865920e+00 -1.92434295e-01 -3.12999613e+00  9.42216313e+00\n   9.34931315e-03  3.21605215e+00]\n [-4.83430393e-03  2.32545906e-04 -2.55449199e-03  9.34931315e-03\n   2.70484869e-03 -6.10795504e-04]\n [-1.24607706e+00  1.37920721e-01 -1.65322196e+00  3.21605215e+00\n  -6.10795504e-04  1.58568691e+00]]", "nfev": "294", "njev": "42", "status": "2", "success": "False", "message": "Desired error not necessarily achieved due to precision loss.", "x": "[4.70601732 4.00698202 0.27880016 2.78037977 6.98561375 2.48104855]", "nit": "32"}, "16": {"maxiter": 1000, "gtol": 1e-05, "xrtol": 1e-05, "eps": 1e-05, "duration": 0.035965919494628906, "fun": "0.317264436903301", "jac": "[ 3.64093200e-06  1.11064491e-06  2.93087776e-07 -6.01896311e-07\n -1.57522884e-06  1.01343378e-06]", "hess_inv": "[[ 2.72797128 -0.25033964 -0.11923089 -0.1159404   0.51644318  1.14939497]\n [-0.25033964  3.40103345 -0.05084476  0.21419129 -3.29182847 -3.80670869]\n [-0.11923089 -0.05084476  3.01495157  0.1568381   0.68458246  0.22599306]\n [-0.1159404   0.21419129  0.1568381   3.29901333 -0.32112763 -0.84480704]\n [ 0.51644318 -3.29182847  0.68458246 -0.32112763 29.58400885 28.95564205]\n [ 1.14939497 -3.80670869  0.22599306 -0.84480704 28.95564205 31.83324175]]", "nfev": "210", "njev": "30", "status": "0", "success": "True", "message": "Optimization terminated successfully.", "x": "[4.70602808 4.00699664 0.27879349 2.78037302 6.98547108 2.48090978]", "nit": "24"}, "17": {"maxiter": 1000, "gtol": 1e-05, "xrtol": 1e-05, "eps": 1e-10, "duration": 0.03589296340942383, "fun": "0.3172644370150385", "jac": "[ 1.11022293e-06 -2.22044587e-06 -3.33066880e-06  0.00000000e+00\n -3.33066880e-06 -2.22044587e-06]", "hess_inv": "[[ 2.75834956 -0.30073206 -0.07155158 -0.14387825  0.63343999  1.28023922]\n [-0.30073206  3.4597564  -0.13195038  0.27844529 -3.76958648 -4.32532937]\n [-0.07155158 -0.13195038  3.09493557  0.07261116  1.03091205  0.61007209]\n [-0.14387825  0.27844529  0.07261116  3.35906504 -0.82650875 -1.36611498]\n [ 0.63343999 -3.76958648  1.03091205 -0.82650875 29.13732818 28.59898005]\n [ 1.28023922 -4.32532937  0.61007209 -1.36611498 28.59898005 31.55293527]]", "nfev": "210", "njev": "30", "status": "0", "success": "True", "message": "Optimization terminated successfully.", "x": "[4.70602123 4.00699934 0.27878962 2.78038248 6.98544182 2.48087723]", "nit": "24"}, "18": {"maxiter": 1000, "gtol": 1e-05, "xrtol": 1e-10, "eps": 1e-05, "duration": 0.03587675094604492, "fun": "0.317264436903301", "jac": "[ 3.64093200e-06  1.11064491e-06  2.93087776e-07 -6.01896311e-07\n -1.57522884e-06  1.01343378e-06]", "hess_inv": "[[ 2.72797128 -0.25033964 -0.11923089 -0.1159404   0.51644318  1.14939497]\n [-0.25033964  3.40103345 -0.05084476  0.21419129 -3.29182847 -3.80670869]\n [-0.11923089 -0.05084476  3.01495157  0.1568381   0.68458246  0.22599306]\n [-0.1159404   0.21419129  0.1568381   3.29901333 -0.32112763 -0.84480704]\n [ 0.51644318 -3.29182847  0.68458246 -0.32112763 29.58400885 28.95564205]\n [ 1.14939497 -3.80670869  0.22599306 -0.84480704 28.95564205 31.83324175]]", "nfev": "210", "njev": "30", "status": "0", "success": "True", "message": "Optimization terminated successfully.", "x": "[4.70602808 4.00699664 0.27879349 2.78037302 6.98547108 2.48090978]", "nit": "24"}, "19": {"maxiter": 1000, "gtol": 1e-05, "xrtol": 1e-10, "eps": 1e-10, "duration": 0.0358731746673584, "fun": "0.3172644370150385", "jac": "[ 1.11022293e-06 -2.22044587e-06 -3.33066880e-06  0.00000000e+00\n -3.33066880e-06 -2.22044587e-06]", "hess_inv": "[[ 2.75834956 -0.30073206 -0.07155158 -0.14387825  0.63343999  1.28023922]\n [-0.30073206  3.4597564  -0.13195038  0.27844529 -3.76958648 -4.32532937]\n [-0.07155158 -0.13195038  3.09493557  0.07261116  1.03091205  0.61007209]\n [-0.14387825  0.27844529  0.07261116  3.35906504 -0.82650875 -1.36611498]\n [ 0.63343999 -3.76958648  1.03091205 -0.82650875 29.13732818 28.59898005]\n [ 1.28023922 -4.32532937  0.61007209 -1.36611498 28.59898005 31.55293527]]", "nfev": "210", "njev": "30", "status": "0", "success": "True", "message": "Optimization terminated successfully.", "x": "[4.70602123 4.00699934 0.27878962 2.78038248 6.98544182 2.48087723]", "nit": "24"}, "20": {"maxiter": 1000, "gtol": 1e-10, "xrtol": 1e-05, "eps": 1e-05, "duration": 0.03761005401611328, "fun": "0.317264436832131", "jac": "[ 6.03384009e-07  3.48410190e-07 -2.21689334e-07  2.64788191e-08\n  1.08146825e-07 -1.27897692e-07]", "hess_inv": "[[ 2.94850110e+00 -2.79721575e-01 -6.63793417e-02 -2.81137130e-01\n   9.17376426e-02  9.08719156e-01]\n [-2.79721575e-01  3.28092719e+00  1.01855042e-02  1.20014810e-01\n  -3.25130348e+00 -3.73178945e+00]\n [-6.63793417e-02  1.01855042e-02  2.99025496e+00  1.81019099e-01\n   5.91613636e-01  1.44792387e-01]\n [-2.81137130e-01  1.20014810e-01  1.81019099e-01  3.31391417e+00\n  -1.80302688e-02 -6.24373097e-01]\n [ 9.17376426e-02 -3.25130348e+00  5.91613636e-01 -1.80302688e-02\n   3.03998449e+01  2.94246948e+01]\n [ 9.08719156e-01 -3.73178945e+00  1.44792387e-01 -6.24373097e-01\n   2.94246948e+01  3.20810968e+01]]", "nfev": "217", "njev": "31", "status": "0", "success": "True", "message": "Optimization terminated successfully.", "x": "[4.70601673 4.00699275 0.27879374 2.78037646 6.98549224 2.48092404]", "nit": "25"}, "21": {"maxiter": 1000, "gtol": 1e-10, "xrtol": 1e-05, "eps": 1e-10, "duration": 0.0402679443359375, "fun": "0.31726443674078875", "jac": "[0.00000000e+00 2.22044587e-06 0.00000000e+00 3.33066880e-06\n 3.33066880e-06 0.00000000e+00]", "hess_inv": "[[ 2.67785684 -0.05234749 -0.16628601 -0.12109407  0.05757586  0.62006384]\n [-0.05234749  3.5415292  -0.16713999 -0.06490118 -6.41778601 -6.6979575 ]\n [-0.16628601 -0.16713999  3.04263046  0.26441344  1.42563185  0.89532349]\n [-0.12109407 -0.06490118  0.26441344  3.38776953  1.32418881  0.80728961]\n [ 0.05757586 -6.41778601  1.42563185  1.32418881 42.08707378 40.8245921 ]\n [ 0.62006384 -6.6979575   0.89532349  0.80728961 40.8245921  42.9661087 ]]", "nfev": "231", "njev": "33", "status": "0", "success": "True", "message": "Optimization terminated successfully.", "x": "[4.70601469 4.00698566 0.2787996  2.78039116 6.98561521 2.48104344]", "nit": "26"}, "22": {"maxiter": 1000, "gtol": 1e-10, "xrtol": 1e-10, "eps": 1e-05, "duration": 0.05641007423400879, "fun": "0.31726443682864847", "jac": "[-4.44089210e-11 -7.77156117e-11  1.11022302e-11 -4.44089210e-11\n  1.11022302e-10 -4.44089210e-11]", "hess_inv": "[[ 3.30927810e+00 -1.65025374e-02 -2.51204420e-01 -3.01579142e-01\n  -3.74381241e-01  3.63587801e-01]\n [-1.65025374e-02  3.42883541e+00 -6.30263875e-02  8.30940735e-02\n  -3.63733518e+00 -4.07080090e+00]\n [-2.51204420e-01 -6.30263875e-02  3.07042475e+00  2.32280980e-01\n   6.13537419e-01  2.26472083e-01]\n [-3.01579142e-01  8.30940735e-02  2.32280980e-01  3.29460506e+00\n  -1.38194291e-01 -6.59715711e-01]\n [-3.74381241e-01 -3.63733518e+00  6.13537419e-01 -1.38194291e-01\n   3.14078054e+01  3.00324847e+01]\n [ 3.63587801e-01 -4.07080090e+00  2.26472083e-01 -6.59715711e-01\n   3.00324847e+01  3.24374639e+01]]", "nfev": "322", "njev": "46", "status": "0", "success": "True", "message": "Optimization terminated successfully.", "x": "[4.70601474 4.00699137 0.27879458 2.7803765  6.98549438 2.48092629]", "nit": "29"}, "23": {"maxiter": 1000, "gtol": 1e-10, "xrtol": 1e-10, "eps": 1e-10, "duration": 0.05177712440490723, "fun": "0.3172644367211873", "jac": "[-2.22044587e-06  0.00000000e+00  0.00000000e+00  0.00000000e+00\n  0.00000000e+00  2.22044587e-06]", "hess_inv": "[[ 1.59998751e+00  7.09233978e-02  1.21606810e+00 -3.85865920e+00\n  -4.83430393e-03 -1.24607706e+00]\n [ 7.09233978e-02  2.39215022e-01 -2.57898680e-01 -1.92434295e-01\n   2.32545906e-04  1.37920721e-01]\n [ 1.21606810e+00 -2.57898680e-01  1.78525285e+00 -3.12999613e+00\n  -2.55449199e-03 -1.65322196e+00]\n [-3.85865920e+00 -1.92434295e-01 -3.12999613e+00  9.42216313e+00\n   9.34931315e-03  3.21605215e+00]\n [-4.83430393e-03  2.32545906e-04 -2.55449199e-03  9.34931315e-03\n   2.70484869e-03 -6.10795504e-04]\n [-1.24607706e+00  1.37920721e-01 -1.65322196e+00  3.21605215e+00\n  -6.10795504e-04  1.58568691e+00]]", "nfev": "294", "njev": "42", "status": "2", "success": "False", "message": "Desired error not necessarily achieved due to precision loss.", "x": "[4.70601732 4.00698202 0.27880016 2.78037977 6.98561375 2.48104855]", "nit": "32"}}, "cobyla": {"0": {"maxiter": 100, "tol": 1e-05, "catol": 1e-05, "duration": 0.016929149627685547, "x": "[4.67629459 4.07311883 0.29108352 2.94308243 6.0222021  1.48308003]", "status": "2", "success": "False", "message": "Maximum number of function evaluations has been exceeded.", "nfev": "100", "fun": "0.3297860984700711", "maxcv": "0.0"}, "1": {"maxiter": 100, "tol": 1e-05, "catol": 1e-10, "duration": 0.0167849063873291, "x": "[4.67629459 4.07311883 0.29108352 2.94308243 6.0222021  1.48308003]", "status": "2", "success": "False", "message": "Maximum number of function evaluations has been exceeded.", "nfev": "100", "fun": "0.3297860984700711", "maxcv": "0.0"}, "2": {"maxiter": 100, "tol": 1e-10, "catol": 1e-05, "duration": 0.01685810089111328, "x": "[4.67629459 4.07311883 0.29108352 2.94308243 6.0222021  1.48308003]", "status": "2", "success": "False", "message": "Maximum number of function evaluations has been exceeded.", "nfev": "100", "fun": "0.3297860984700711", "maxcv": "0.0"}, "3": {"maxiter": 100, "tol": 1e-10, "catol": 1e-10, "duration": 0.016836166381835938, "x": "[4.67629459 4.07311883 0.29108352 2.94308243 6.0222021  1.48308003]", "status": "2", "success": "False", "message": "Maximum number of function evaluations has been exceeded.", "nfev": "100", "fun": "0.3297860984700711", "maxcv": "0.0"}, "4": {"maxiter"