{"date": "2024/07/19/, 11:36:07", "conf_id": 183, "data_type": "non_lin_ind\n", "num_data_points": 2, "s_rank": 0, "unitary": "[[-0.53618537-0.34368723j,-0.12107031-0.46226139j,-0.07699282-0.46603512j,0.36022595-0.11472301j],[0.26026499-0.63450712j,-0.56616638+0.37832564j,-0.14988651+0.08458591j,0.10363514-0.16008501j],[-0.32580188-0.11070003j,-0.36476308-0.23593218j,0.02559343+0.41761608j,-0.25598305+0.6725303j],[0.07406738-0.0126433j,0.28513701+0.19483972j,-0.74939717-0.10299659j,0.29798249+0.46269921j]]", "databatch_0": {"databatch": "[[[-0.06717773+0.00414398j,-0.16135727+0.07669014j,0.05278347-0.00313081j,0.06657968+0.0032078j],[0.09412055-0.07242813j,0.16013876-0.27153808j,-0.07407694+0.05672578j,-0.10050952+0.0610889j],[-0.06336608-0.02467967j,-0.18049498+0.00192538j,0.04973545+0.01950637j,0.0597008+0.03116849j],[0.13186124-0.25109223j,0.07627604-0.74893755j,-0.10405835+0.19701672j,-0.15704239+0.23287295j]],[[-0.03741475+0.07627401j,-0.00990495+0.14143992j,-0.05679918-0.05505356j,-0.01774433+0.09896341j],[-0.02065561-0.1484782j,-0.12525725-0.2165727j,0.13743237+0.02437309j,-0.07183046-0.1622166j],[-0.0666499+0.05408944j,-0.06904766+0.12551645j,-0.02875091-0.07457019j,-0.05822921+0.08323739j],[-0.19305453-0.30147122j,-0.48795555-0.34475075j,0.32246779-0.08434497j,-0.31778535-0.28017908j]]]", "initial param values": "[2.90335733,4.78598713,2.92711199,4.11962294,2.62790923,4.99964466]", "nelder_mead": {"type": "gradient-free", "0": {"maxiter": 100, "fatol": 1e-05, "xatol": 1e-05, "duration": 0.02564096450805664, "fun": "0.0792627207606269", "nit": "100", "nfev": "154", "status": "2", "success": "False", "message": "Maximum number of iterations has been exceeded.", "x": "[2.8807731  5.21736722 1.61375943 5.54918814 0.79987686 7.2060382 ]", "final_simplex": "(array([[2.8807731 , 5.21736722, 1.61375943, 5.54918814, 0.79987686,\n        7.2060382 ],\n       [2.9228326 , 5.09499443, 1.57890351, 5.54500048, 0.98109633,\n        7.05449227],\n       [2.90528529, 5.19848636, 1.68834275, 5.61224573, 0.76768294,\n        7.083802  ],\n       [2.86349097, 5.34567363, 1.85379878, 5.51210159, 0.80590651,\n        7.10093762],\n       [2.88353727, 5.19006646, 1.76680402, 5.52724204, 0.92527381,\n        7.08390637],\n       [2.9473743 , 5.32664075, 1.79101312, 5.50186382, 0.79994631,\n        7.13834023],\n       [2.88802787, 5.34335524, 1.82967278, 5.53340681, 0.86951855,\n        7.10863135]]), array([0.07926272, 0.08056419, 0.08095824, 0.08191028, 0.08206606,\n       0.08212374, 0.0832537 ]))"}, "1": {"maxiter": 100, "fatol": 1e-05, "xatol": 1e-10, "duration": 0.025549888610839844, "fun": "0.0792627207606269", "nit": "100", "nfev": "154", "status": "2", "success": "False", "message": "Maximum number of iterations has been exceeded.", "x": "[2.8807731  5.21736722 1.61375943 5.54918814 0.79987686 7.2060382 ]", "final_simplex": "(array([[2.8807731 , 5.21736722, 1.61375943, 5.54918814, 0.79987686,\n        7.2060382 ],\n       [2.9228326 , 5.09499443, 1.57890351, 5.54500048, 0.98109633,\n        7.05449227],\n       [2.90528529, 5.19848636, 1.68834275, 5.61224573, 0.76768294,\n        7.083802  ],\n       [2.86349097, 5.34567363, 1.85379878, 5.51210159, 0.80590651,\n        7.10093762],\n       [2.88353727, 5.19006646, 1.76680402, 5.52724204, 0.92527381,\n        7.08390637],\n       [2.9473743 , 5.32664075, 1.79101312, 5.50186382, 0.79994631,\n        7.13834023],\n       [2.88802787, 5.34335524, 1.82967278, 5.53340681, 0.86951855,\n        7.10863135]]), array([0.07926272, 0.08056419, 0.08095824, 0.08191028, 0.08206606,\n       0.08212374, 0.0832537 ]))"}, "2": {"maxiter": 100, "fatol": 1e-10, "xatol": 1e-05, "duration": 0.025582313537597656, "fun": "0.0792627207606269", "nit": "100", "nfev": "154", "status": "2", "success": "False", "message": "Maximum number of iterations has been exceeded.", "x": "[2.8807731  5.21736722 1.61375943 5.54918814 0.79987686 7.2060382 ]", "final_simplex": "(array([[2.8807731 , 5.21736722, 1.61375943, 5.54918814, 0.79987686,\n        7.2060382 ],\n       [2.9228326 , 5.09499443, 1.57890351, 5.54500048, 0.98109633,\n        7.05449227],\n       [2.90528529, 5.19848636, 1.68834275, 5.61224573, 0.76768294,\n        7.083802  ],\n       [2.86349097, 5.34567363, 1.85379878, 5.51210159, 0.80590651,\n        7.10093762],\n       [2.88353727, 5.19006646, 1.76680402, 5.52724204, 0.92527381,\n        7.08390637],\n       [2.9473743 , 5.32664075, 1.79101312, 5.50186382, 0.79994631,\n        7.13834023],\n       [2.88802787, 5.34335524, 1.82967278, 5.53340681, 0.86951855,\n        7.10863135]]), array([0.07926272, 0.08056419, 0.08095824, 0.08191028, 0.08206606,\n       0.08212374, 0.0832537 ]))"}, "3": {"maxiter": 100, "fatol": 1e-10, "xatol": 1e-10, "duration": 0.025564908981323242, "fun": "0.0792627207606269", "nit": "100", "nfev": "154", "status": "2", "success": "False", "message": "Maximum number of iterations has been exceeded.", "x": "[2.8807731  5.21736722 1.61375943 5.54918814 0.79987686 7.2060382 ]", "final_simplex": "(array([[2.8807731 , 5.21736722, 1.61375943, 5.54918814, 0.79987686,\n        7.2060382 ],\n       [2.9228326 , 5.09499443, 1.57890351, 5.54500048, 0.98109633,\n        7.05449227],\n       [2.90528529, 5.19848636, 1.68834275, 5.61224573, 0.76768294,\n        7.083802  ],\n       [2.86349097, 5.34567363, 1.85379878, 5.51210159, 0.80590651,\n        7.10093762],\n       [2.88353727, 5.19006646, 1.76680402, 5.52724204, 0.92527381,\n        7.08390637],\n       [2.9473743 , 5.32664075, 1.79101312, 5.50186382, 0.79994631,\n        7.13834023],\n       [2.88802787, 5.34335524, 1.82967278, 5.53340681, 0.86951855,\n        7.10863135]]), array([0.07926272, 0.08056419, 0.08095824, 0.08191028, 0.08206606,\n       0.08212374, 0.0832537 ]))"}, "4": {"maxiter": 500, "fatol": 1e-05, "xatol": 1e-05, "duration": 0.07930707931518555, "fun": "0.06030555090309708", "nit": "291", "nfev": "479", "status": "0", "success": "True", "message": "Optimization terminated successfully.", "x": "[ 2.58742064  3.35484933 -0.56695979  5.58185823  1.13413935  7.5569064 ]", "final_simplex": "(array([[ 2.58742064,  3.35484933, -0.56695979,  5.58185823,  1.13413935,\n         7.5569064 ],\n       [ 2.5874185 ,  3.35484204, -0.5669692 ,  5.58185755,  1.13414727,\n         7.55690562],\n       [ 2.58741979,  3.3548449 , -0.56696459,  5.58185861,  1.13414471,\n         7.55690403],\n       [ 2.58741944,  3.35484628, -0.56696382,  5.58185836,  1.1341449 ,\n         7.55690635],\n       [ 2.58741867,  3.35484579, -0.566963  ,  5.58185857,  1.13414229,\n         7.55690633],\n       [ 2.58741965,  3.35484652, -0.56696254,  5.58185816,  1.13414507,\n         7.55690426],\n       [ 2.58742208,  3.3548508 , -0.56695683,  5.58185669,  1.13413791,\n         7.5569037 ]]), array([0.06030555, 0.06030555, 0.06030555, 0.06030555, 0.06030555,\n       0.06030555, 0.06030555]))"}, "5": {"maxiter": 500, "fatol": 1e-05, "xatol": 1e-10, "duration": 0.11294221878051758, "fun": "0.06030555090280898", "nit": "376", "nfev": "679", "status": "0", "success": "True", "message": "Optimization terminated successfully.", "x": "[ 2.58741873  3.35484369 -0.56696702  5.58185841  1.13414402  7.55690668]", "final_simplex": "(array([[ 2.58741873,  3.35484369, -0.56696702,  5.58185841,  1.13414402,\n         7.55690668],\n       [ 2.58741873,  3.35484369, -0.56696702,  5.58185841,  1.13414402,\n         7.55690668],\n       [ 2.58741873,  3.35484369, -0.56696702,  5.58185841,  1.13414402,\n         7.55690668],\n       [ 2.58741873,  3.35484369, -0.56696702,  5.58185841,  1.13414402,\n         7.55690668],\n       [ 2.58741873,  3.35484369, -0.56696702,  5.58185841,  1.13414402,\n         7.55690668],\n       [ 2.58741873,  3.35484369, -0.56696702,  5.58185841,  1.13414402,\n         7.55690668],\n       [ 2.58741873,  3.35484369, -0.56696702,  5.58185841,  1.13414402,\n         7.55690668]]), array([0.06030555, 0.06030555, 0.06030555, 0.06030555, 0.06030555,\n       0.06030555, 0.06030555]))"}, "6": {"maxiter": 500, "fatol": 1e-10, "xatol": 1e-05, "duration": 0.07934212684631348, "fun": "0.06030555090309708", "nit": "291", "nfev": "479", "status": "0", "success": "True", "message": "Optimization terminated successfully.", "x": "[ 2.58742064  3.35484933 -0.56695979  5.58185823  1.13413935  7.5569064 ]", "final_simplex": "(array([[ 2.58742064,  3.35484933, -0.56695979,  5.58185823,  1.13413935,\n         7.5569064 ],\n       [ 2.5874185 ,  3.35484204, -0.5669692 ,  5.58185755,  1.13414727,\n         7.55690562],\n       [ 2.58741979,  3.3548449 , -0.56696459,  5.58185861,  1.13414471,\n         7.55690403],\n       [ 2.58741944,  3.35484628, -0.56696382,  5.58185836,  1.1341449 ,\n         7.55690635],\n       [ 2.58741867,  3.35484579, -0.566963  ,  5.58185857,  1.13414229,\n         7.55690633],\n       [ 2.58741965,  3.35484652, -0.56696254,  5.58185816,  1.13414507,\n         7.55690426],\n       [ 2.58742208,  3.3548508 , -0.56695683,  5.58185669,  1.13413791,\n         7.5569037 ]]), array([0.06030555, 0.06030555, 0.06030555, 0.06030555, 0.06030555,\n       0.06030555, 0.06030555]))"}, "7": {"maxiter": 500, "fatol": 1e-10, "xatol": 1e-10, "duration": 0.11216306686401367, "fun": "0.06030555090280898", "nit": "376", "nfev": "679", "status": "0", "success": "True", "message": "Optimization terminated successfully.", "x": "[ 2.58741873  3.35484369 -0.56696702  5.58185841  1.13414402  7.55690668]", "final_simplex": "(array([[ 2.58741873,  3.35484369, -0.56696702,  5.58185841,  1.13414402,\n         7.55690668],\n       [ 2.58741873,  3.35484369, -0.56696702,  5.58185841,  1.13414402,\n         7.55690668],\n       [ 2.58741873,  3.35484369, -0.56696702,  5.58185841,  1.13414402,\n         7.55690668],\n       [ 2.58741873,  3.35484369, -0.56696702,  5.58185841,  1.13414402,\n         7.55690668],\n       [ 2.58741873,  3.35484369, -0.56696702,  5.58185841,  1.13414402,\n         7.55690668],\n       [ 2.58741873,  3.35484369, -0.56696702,  5.58185841,  1.13414402,\n         7.55690668],\n       [ 2.58741873,  3.35484369, -0.56696702,  5.58185841,  1.13414402,\n         7.55690668]]), array([0.06030555, 0.06030555, 0.06030555, 0.06030555, 0.06030555,\n       0.06030555, 0.06030555]))"}, "8": {"maxiter": 1000, "fatol": 1e-05, "xatol": 1e-05, "duration": 0.07941317558288574, "fun": "0.06030555090309708", "nit": "291", "nfev": "479", "status": "0", "success": "True", "message": "Optimization terminated successfully.", "x": "[ 2.58742064  3.35484933 -0.56695979  5.58185823  1.13413935  7.5569064 ]", "final_simplex": "(array([[ 2.58742064,  3.35484933, -0.56695979,  5.58185823,  1.13413935,\n         7.5569064 ],\n       [ 2.5874185 ,  3.35484204, -0.5669692 ,  5.58185755,  1.13414727,\n         7.55690562],\n       [ 2.58741979,  3.3548449 , -0.56696459,  5.58185861,  1.13414471,\n         7.55690403],\n       [ 2.58741944,  3.35484628, -0.56696382,  5.58185836,  1.1341449 ,\n         7.55690635],\n       [ 2.58741867,  3.35484579, -0.566963  ,  5.58185857,  1.13414229,\n         7.55690633],\n       [ 2.58741965,  3.35484652, -0.56696254,  5.58185816,  1.13414507,\n         7.55690426],\n       [ 2.58742208,  3.3548508 , -0.56695683,  5.58185669,  1.13413791,\n         7.5569037 ]]), array([0.06030555, 0.06030555, 0.06030555, 0.06030555, 0.06030555,\n       0.06030555, 0.06030555]))"}, "9": {"maxiter": 1000, "fatol": 1e-05, "xatol": 1e-10, "duration": 0.11212897300720215, "fun": "0.06030555090280898", "nit": "376", "nfev": "679", "status": "0", "success": "True", "message": "Optimization terminated successfully.", "x": "[ 2.58741873  3.35484369 -0.56696702  5.58185841  1.13414402  7.55690668]", "final_simplex": "(array([[ 2.58741873,  3.35484369, -0.56696702,  5.58185841,  1.13414402,\n         7.55690668],\n       [ 2.58741873,  3.35484369, -0.56696702,  5.58185841,  1.13414402,\n         7.55690668],\n       [ 2.58741873,  3.35484369, -0.56696702,  5.58185841,  1.13414402,\n         7.55690668],\n       [ 2.58741873,  3.35484369, -0.56696702,  5.58185841,  1.13414402,\n         7.55690668],\n       [ 2.58741873,  3.35484369, -0.56696702,  5.58185841,  1.13414402,\n         7.55690668],\n       [ 2.58741873,  3.35484369, -0.56696702,  5.58185841,  1.13414402,\n         7.55690668],\n       [ 2.58741873,  3.35484369, -0.56696702,  5.58185841,  1.13414402,\n         7.55690668]]), array([0.06030555, 0.06030555, 0.06030555, 0.06030555, 0.06030555,\n       0.06030555, 0.06030555]))"}, "10": {"maxiter": 1000, "fatol": 1e-10, "xatol": 1e-05, "duration": 0.07945823669433594, "fun": "0.06030555090309708", "nit": "291", "nfev": "479", "status": "0", "success": "True", "message": "Optimization terminated successfully.", "x": "[ 2.58742064  3.35484933 -0.56695979  5.58185823  1.13413935  7.5569064 ]", "final_simplex": "(array([[ 2.58742064,  3.35484933, -0.56695979,  5.58185823,  1.13413935,\n         7.5569064 ],\n       [ 2.5874185 ,  3.35484204, -0.5669692 ,  5.58185755,  1.13414727,\n         7.55690562],\n       [ 2.58741979,  3.3548449 , -0.56696459,  5.58185861,  1.13414471,\n         7.55690403],\n       [ 2.58741944,  3.35484628, -0.56696382,  5.58185836,  1.1341449 ,\n         7.55690635],\n       [ 2.58741867,  3.35484579, -0.566963  ,  5.58185857,  1.13414229,\n         7.55690633],\n       [ 2.58741965,  3.35484652, -0.56696254,  5.58185816,  1.13414507,\n         7.55690426],\n       [ 2.58742208,  3.3548508 , -0.56695683,  5.58185669,  1.13413791,\n         7.5569037 ]]), array([0.06030555, 0.06030555, 0.06030555, 0.06030555, 0.06030555,\n       0.06030555, 0.06030555]))"}, "11": {"maxiter": 1000, "fatol": 1e-10, "xatol": 1e-10, "duration": 0.1120600700378418, "fun": "0.06030555090280898", "nit": "376", "nfev": "679", "status": "0", "success": "True", "message": "Optimization terminated successfully.", "x": "[ 2.58741873  3.35484369 -0.56696702  5.58185841  1.13414402  7.55690668]", "final_simplex": "(array([[ 2.58741873,  3.35484369, -0.56696702,  5.58185841,  1.13414402,\n         7.55690668],\n       [ 2.58741873,  3.35484369, -0.56696702,  5.58185841,  1.13414402,\n         7.55690668],\n       [ 2.58741873,  3.35484369, -0.56696702,  5.58185841,  1.13414402,\n         7.55690668],\n       [ 2.58741873,  3.35484369, -0.56696702,  5.58185841,  1.13414402,\n         7.55690668],\n       [ 2.58741873,  3.35484369, -0.56696702,  5.58185841,  1.13414402,\n         7.55690668],\n       [ 2.58741873,  3.35484369, -0.56696702,  5.58185841,  1.13414402,\n         7.55690668],\n       [ 2.58741873,  3.35484369, -0.56696702,  5.58185841,  1.13414402,\n         7.55690668]]), array([0.06030555, 0.06030555, 0.06030555, 0.06030555, 0.06030555,\n       0.06030555, 0.06030555]))"}}, "bfgs": {"type": "gradient", "0": {"maxiter": 100, "gtol": 1e-05, "xrtol": 1e-05, "eps": 1e-05, "duration": 0.03350400924682617, "fun": "0.060305550954982134", "jac": "[ 2.21943575e-06 -2.39375186e-06  1.46904711e-07 -1.24820154e-06\n  1.64758207e-06  7.55451257e-07]", "hess_inv": "[[ 6.51110544  1.06444613 -4.14661235 -1.25975395 -1.52048242  5.95028384]\n [ 1.06444613  3.15559166 -2.34611434  0.38510325 -1.09520432  1.38907943]\n [-4.14661235 -2.34611434  8.65957977 -1.16476709  3.46883129 -8.62373363]\n [-1.25975395  0.38510325 -1.16476709  3.04094483 -0.61601314  0.90094266]\n [-1.52048242 -1.09520432  3.46883129 -0.61601314  2.89827684 -2.93227411]\n [ 5.95028384  1.38907943 -8.62373363  0.90094266 -2.93227411 13.79531952]]", "nfev": "196", "njev": "28", "status": "0", "success": "True", "message": "Optimization terminated successfully.", "x": "[1.36511833 4.66939318 2.60082091 6.69833486 1.89503433 4.08363224]", "nit": "24"}, "1": {"maxiter": 100, "gtol": 1e-05, "xrtol": 1e-05, "eps": 1e-10, "duration": 0.03333234786987305, "fun": "0.06030555110603242", "jac": "[ 3.33066880e-06 -1.11022293e-06  0.00000000e+00 -3.33066880e-06\n  4.44089173e-06  5.55111466e-06]", "hess_inv": "[[ 6.38069277  1.03501174 -3.6844914  -1.36812646 -1.32111594  5.48788506]\n [ 1.03501174  3.20043407 -2.21780464  0.34740199 -1.04627593  1.25462191]\n [-3.6844914  -2.21780464  7.83353884 -1.04684002  3.16731005 -7.56457557]\n [-1.36812646  0.34740199 -1.04684002  3.03832142 -0.58469869  0.70882185]\n [-1.32111594 -1.04627593  3.16731005 -0.58469869  2.79447031 -2.51882401]\n [ 5.48788506  1.25462191 -7.56457557  0.70882185 -2.51882401 12.56449695]]", "nfev": "196", "njev": "28", "status": "0", "success": "True", "message": "Optimization terminated successfully.", "x": "[1.36517081 4.66941846 2.60076914 6.69833672 1.89505187 4.08368373]", "nit": "24"}, "2": {"maxiter": 100, "gtol": 1e-05, "xrtol": 1e-10, "eps": 1e-05, "duration": 0.03325200080871582, "fun": "0.060305550954982134", "jac": "[ 2.21943575e-06 -2.39375186e-06  1.46904711e-07 -1.24820154e-06\n  1.64758207e-06  7.55451257e-07]", "hess_inv": "[[ 6.51110544  1.06444613 -4.14661235 -1.25975395 -1.52048242  5.95028384]\n [ 1.06444613  3.15559166 -2.34611434  0.38510325 -1.09520432  1.38907943]\n [-4.14661235 -2.34611434  8.65957977 -1.16476709  3.46883129 -8.62373363]\n [-1.25975395  0.38510325 -1.16476709  3.04094483 -0.61601314  0.90094266]\n [-1.52048242 -1.09520432  3.46883129 -0.61601314  2.89827684 -2.93227411]\n [ 5.95028384  1.38907943 -8.62373363  0.90094266 -2.93227411 13.79531952]]", "nfev": "196", "njev": "28", "status": "0", "success": "True", "message": "Optimization terminated successfully.", "x": "[1.36511833 4.66939318 2.60082091 6.69833486 1.89503433 4.08363224]", "nit": "24"}, "3": {"maxiter": 100, "gtol": 1e-05, "xrtol": 1e-10, "eps": 1e-10, "duration": 0.0333099365234375, "fun": "0.06030555110603242", "jac": "[ 3.33066880e-06 -1.11022293e-06  0.00000000e+00 -3.33066880e-06\n  4.44089173e-06  5.55111466e-06]", "hess_inv": "[[ 6.38069277  1.03501174 -3.6844914  -1.36812646 -1.32111594  5.48788506]\n [ 1.03501174  3.20043407 -2.21780464  0.34740199 -1.04627593  1.25462191]\n [-3.6844914  -2.21780464  7.83353884 -1.04684002  3.16731005 -7.56457557]\n [-1.36812646  0.34740199 -1.04684002  3.03832142 -0.58469869  0.70882185]\n [-1.32111594 -1.04627593  3.16731005 -0.58469869  2.79447031 -2.51882401]\n [ 5.48788506  1.25462191 -7.56457557  0.70882185 -2.51882401 12.56449695]]", "nfev": "196", "njev": "28", "status": "0", "success": "True", "message": "Optimization terminated successfully.", "x": "[1.36517081 4.66941846 2.60076914 6.69833672 1.89505187 4.08368373]", "nit": "24"}, "4": {"maxiter": 100, "gtol": 1e-10, "xrtol": 1e-05, "eps": 1e-05, "duration": 0.0345311164855957, "fun": "0.06030555092453027", "jac": "[ 1.72206693e-07 -2.77333712e-08 -5.84954307e-07  1.00797148e-07\n  8.38218384e-07 -2.72626366e-07]", "hess_inv": "[[ 5.93708398  1.31563274 -4.07406294 -0.9602173  -1.63253219  5.43654414]\n [ 1.31563274  3.18783766 -2.49178374  0.39405898 -1.14361713  1.72725393]\n [-4.07406294 -2.49178374  8.74170224 -1.31483829  3.56108048 -8.64964956]\n [-0.9602173   0.39405898 -1.31483829  3.02256975 -0.65352609  1.28068892]\n [-1.63253219 -1.14361713  3.56108048 -0.65352609  2.94319751 -3.11026328]\n [ 5.43654414  1.72725393 -8.64964956  1.28068892 -3.11026328 13.42593425]]", "nfev": "203", "njev": "29", "status": "0", "success": "True", "message": "Optimization terminated successfully.", "x": "[1.36510629 4.66939932 2.60082173 6.69834201 1.89503138 4.08362216]", "nit": "25"}, "5": {"maxiter": 100, "gtol": 1e-10, "xrtol": 1e-05, "eps": 1e-10, "duration": 0.034542083740234375, "fun": "0.0603055509098358", "jac": "[5.55111466e-06 2.22044587e-06 3.33066880e-06 3.33066880e-06\n 0.00000000e+00 2.22044587e-06]", "hess_inv": "[[ 5.34527235  1.01316669 -2.96463499 -1.07890303 -1.26134855  3.95149895]\n [ 1.01316669  3.21657179 -2.20710375  0.38979226 -1.06610896  1.21946531]\n [-2.96463499 -2.20710375  7.33428499 -1.25772558  3.13145945 -6.49569106]\n [-1.07890303  0.38979226 -1.25772558  3.03686722 -0.64750971  1.13198452]\n [-1.26134855 -1.06610896  3.13145945 -0.64750971  2.81782723 -2.4266545 ]\n [ 3.95149895  1.21946531 -6.49569106  1.13198452 -2.4266545  10.28521684]]", "nfev": "203", "njev": "29", "status": "0", "success": "True", "message": "Optimization terminated successfully.", "x": "[1.36513421 4.66941792 2.60079453 6.69834746 1.89505368 4.08362938]", "nit": "25"}, "6": {"maxiter": 100, "gtol": 1e-10, "xrtol": 1e-10, "eps": 1e-05, "duration": 0.08536887168884277, "fun": "0.06030555092244605", "jac": "[-2.39652742e-07  1.25091049e-06 -3.78985732e-07  8.83049189e-07\n  5.24869037e-07 -4.60143035e-07]", "hess_inv": "[[ 39.46909992  21.53010786 -43.46081887   1.89430673  62.42900258\n   -4.20213582]\n [ 21.53010786  13.3809675  -24.8158716    0.86209944  35.66139432\n   -2.8214469 ]\n [-43.46081887 -24.8158716   53.9824092   -3.77601833 -70.36952473\n    1.75758546]\n [  1.89430673   0.86209944  -3.77601833   2.47802258   3.66131722\n    1.2523487 ]\n [ 62.42900258  35.66139432 -70.36952473   3.66131722 123.62950569\n  -20.34409576]\n [ -4.20213582  -2.8214469    1.75758546   1.2523487  -20.34409576\n   15.37699889]]", "nfev": "508", "njev": "71", "status": "2", "success": "False", "message": "Desired error not necessarily achieved due to precision loss.", "x": "[1.36509402 4.66939478 2.60083414 6.69834276 1.89501048 4.08362393]", "nit": "27"}, "7": {"maxiter": 100, "gtol": 1e-10, "xrtol": 1e-10, "eps": 1e-10, "duration": 0.08375978469848633, "fun": "0.060305550906237015", "jac": "[2.22044587e-06 1.11022293e-06 3.33066880e-06 2.22044587e-06\n 3.33066880e-06 0.00000000e+00]", "hess_inv": "[[ 2.25462661e-02  2.52023481e-03 -1.62407758e-02 -8.63519880e-03\n   1.77312508e-02  7.76234162e-03]\n [ 2.52023481e-03  1.23419604e-01 -5.80380281e-02 -4.74839535e-02\n  -5.40652227e-02  2.06276368e-02]\n [-1.62407758e-02 -5.80380281e-02  7.09963194e-02  1.92251456e-03\n  -6.39179812e-03 -5.22737745e-02]\n [-8.63519880e-03 -4.74839535e-02  1.92251456e-03  5.75526415e-02\n   2.54621121e-02  1.97680094e-02]\n [ 1.77312508e-02 -5.40652227e-02 -6.39179812e-03  2.54621121e-02\n   9.81515782e-02 -3.76409992e-06]\n [ 7.76234162e-03  2.06276368e-02 -5.22737745e-02  1.97680094e-02\n  -3.76409992e-06  6.63186319e-02]]", "nfev": "497", "njev": "71", "status": "0", "success": "True", "message": "Optimization terminated successfully.", "x": "[1.36512844 4.66941791 2.60079585 6.69834979 1.89505473 4.08362571]", "nit": "35"}, "8": {"maxiter": 500, "gtol": 1e-05, "xrtol": 1e-05, "eps": 1e-05, "duration": 0.03345894813537598, "fun": "0.060305550954982134", "jac": "[ 2.21943575e-06 -2.39375186e-06  1.46904711e-07 -1.24820154e-06\n  1.64758207e-06  7.55451257e-07]", "hess_inv": "[[ 6.51110544  1.06444613 -4.14661235 -1.25975395 -1.52048242  5.95028384]\n [ 1.06444613  3.15559166 -2.34611434  0.38510325 -1.09520432  1.38907943]\n [-4.14661235 -2.34611434  8.65957977 -1.16476709  3.46883129 -8.62373363]\n [-1.25975395  0.38510325 -1.16476709  3.04094483 -0.61601314  0.90094266]\n [-1.52048242 -1.09520432  3.46883129 -0.61601314  2.89827684 -2.93227411]\n [ 5.95028384  1.38907943 -8.62373363  0.90094266 -2.93227411 13.79531952]]", "nfev": "196", "njev": "28", "status": "0", "success": "True", "message": "Optimization terminated successfully.", "x": "[1.36511833 4.66939318 2.60082091 6.69833486 1.89503433 4.08363224]", "nit": "24"}, "9": {"maxiter": 500, "gtol": 1e-05, "xrtol": 1e-05, "eps": 1e-10, "duration": 0.03319215774536133, "fun": "0.06030555110603242", "jac": "[ 3.33066880e-06 -1.11022293e-06  0.00000000e+00 -3.33066880e-06\n  4.44089173e-06  5.55111466e-06]", "hess_inv": "[[ 6.38069277  1.03501174 -3.6844914  -1.36812646 -1.32111594  5.48788506]\n [ 1.03501174  3.20043407 -2.21780464  0.34740199 -1.04627593  1.25462191]\n [-3.6844914  -2.21780464  7.83353884 -1.04684002  3.16731005 -7.56457557]\n [-1.36812646  0.34740199 -1.04684002  3.03832142 -0.58469869  0.70882185]\n [-1.32111594 -1.04627593  3.16731005 -0.58469869  2.79447031 -2.51882401]\n [ 5.48788506  1.25462191 -7.56457557  0.70882185 -2.51882401 12.56449695]]", "nfev": "196", "njev": "28", "status": "0", "success": "True", "message": "Optimization terminated successfully.", "x": "[1.36517081 4.66941846 2.60076914 6.69833672 1.89505187 4.08368373]", "nit": "24"}, "10": {"maxiter": 500, "gtol": 1e-05, "xrtol": 1e-10, "eps": 1e-05, "duration": 0.03312206268310547, "fun": "0.060305550954982134", "jac": "[ 2.21943575e-06 -2.39375186e-06  1.46904711e-07 -1.24820154e-06\n  1.64758207e-06  7.55451257e-07]", "hess_inv": "[[ 6.51110544  1.06444613 -4.14661235 -1.25975395 -1.52048242  5.95028384]\n [ 1.06444613  3.15559166 -2.34611434  0.38510325 -1.09520432  1.38907943]\n [-4.14661235 -2.34611434  8.65957977 -1.16476709  3.46883129 -8.62373363]\n [-1.25975395  0.38510325 -1.16476709  3.04094483 -0.61601314  0.90094266]\n [-1.52048242 -1.09520432  3.46883129 -0.61601314  2.89827684 -2.93227411]\n [ 5.95028384  1.38907943 -8.62373363  0.90094266 -2.93227411 13.79531952]]", "nfev": "196", "njev": "28", "status": "0", "success": "True", "message": "Optimization terminated successfully.", "x": "[1.36511833 4.66939318 2.60082091 6.69833486 1.89503433 4.08363224]", "nit": "24"}, "11": {"maxiter": 500, "gtol": 1e-05, "xrtol": 1e-10, "eps": 1e-10, "duration": 0.03316140174865723, "fun": "0.06030555110603242", "jac": "[ 3.33066880e-06 -1.11022293e-06  0.00000000e+00 -3.33066880e-06\n  4.44089173e-06  5.55111466e-06]", "hess_inv": "[[ 6.38069277  1.03501174 -3.6844914  -1.36812646 -1.32111594  5.48788506]\n [ 1.03501174  3.20043407 -2.21780464  0.34740199 -1.04627593  1.25462191]\n [-3.6844914  -2.21780464  7.83353884 -1.04684002  3.16731005 -7.56457557]\n [-1.36812646  0.34740199 -1.04684002  3.03832142 -0.58469869  0.70882185]\n [-1.32111594 -1.04627593  3.16731005 -0.58469869  2.79447031 -2.51882401]\n [ 5.48788506  1.25462191 -7.56457557  0.70882185 -2.51882401 12.56449695]]", "nfev": "196", "njev": "28", "status": "0", "success": "True", "message": "Optimization terminated successfully.", "x": "[1.36517081 4.66941846 2.60076914 6.69833672 1.89505187 4.08368373]", "nit": "24"}, "12": {"maxiter": 500, "gtol": 1e-10, "xrtol": 1e-05, "eps": 1e-05, "duration": 0.03427410125732422, "fun": "0.06030555092453027", "jac": "[ 1.72206693e-07 -2.77333712e-08 -5.84954307e-07  1.00797148e-07\n  8.38218384e-07 -2.72626366e-07]", "hess_inv": "[[ 5.93708398  1.31563274 -4.07406294 -0.9602173  -1.63253219  5.43654414]\n [ 1.31563274  3.18783766 -2.49178374  0.39405898 -1.14361713  1.72725393]\n [-4.07406294 -2.49178374  8.74170224 -1.31483829  3.56108048 -8.64964956]\n [-0.9602173   0.39405898 -1.31483829  3.02256975 -0.65352609  1.28068892]\n [-1.63253219 -1.14361713  3.56108048 -0.65352609  2.94319751 -3.11026328]\n [ 5.43654414  1.72725393 -8.64964956  1.28068892 -3.11026328 13.42593425]]", "nfev": "203", "njev": "29", "status": "0", "success": "True", "message": "Optimization terminated successfully.", "x": "[1.36510629 4.66939932 2.60082173 6.69834201 1.89503138 4.08362216]", "nit": "25"}, "13": {"maxiter": 500, "gtol": 1e-10, "xrtol": 1e-05, "eps": 1e-10, "duration": 0.03432798385620117, "fun": "0.0603055509098358", "jac": "[5.55111466e-06 2.22044587e-06 3.33066880e-06 3.33066880e-06\n 0.00000000e+00 2.22044587e-06]", "hess_inv": "[[ 5.34527235  1.01316669 -2.96463499 -1.07890303 -1.26134855  3.95149895]\n [ 1.01316669  3.21657179 -2.20710375  0.38979226 -1.06610896  1.21946531]\n [-2.96463499 -2.20710375  7.33428499 -1.25772558  3.13145945 -6.49569106]\n [-1.07890303  0.38979226 -1.25772558  3.03686722 -0.64750971  1.13198452]\n [-1.26134855 -1.06610896  3.13145945 -0.64750971  2.81782723 -2.4266545 ]\n [ 3.95149895  1.21946531 -6.49569106  1.13198452 -2.4266545  10.28521684]]", "nfev": "203", "njev": "29", "status": "0", "success": "True", "message": "Optimization terminated successfully.", "x": "[1.36513421 4.66941792 2.60079453 6.69834746 1.89505368 4.08362938]", "nit": "25"}, "14": {"maxiter": 500, "gtol": 1e-10, "xrtol": 1e-10, "eps": 1e-05, "duration": 0.0849921703338623, "fun": "0.06030555092244605", "jac": "[-2.39652742e-07  1.25091049e-06 -3.78985732e-07  8.83049189e-07\n  5.24869037e-07 -4.60143035e-07]", "hess_inv": "[[ 39.46909992  21.53010786 -43.46081887   1.89430673  62.42900258\n   -4.20213582]\n [ 21.53010786  13.3809675  -24.8158716    0.86209944  35.66139432\n   -2.8214469 ]\n [-43.46081887 -24.8158716   53.9824092   -3.77601833 -70.36952473\n    1.75758546]\n [  1.89430673   0.86209944  -3.77601833   2.47802258   3.66131722\n    1.2523487 ]\n [ 62.42900258  35.66139432 -70.36952473   3.66131722 123.62950569\n  -20.34409576]\n [ -4.20213582  -2.8214469    1.75758546   1.2523487  -20.34409576\n   15.37699889]]", "nfev": "508", "njev": "71", "status": "2", "success": "False", "message": "Desired error not necessarily achieved due to precision loss.", "x": "[1.36509402 4.66939478 2.60083414 6.69834276 1.89501048 4.08362393]", "nit": "27"}, "15": {"maxiter": 500, "gtol": 1e-10, "xrtol": 1e-10, "eps": 1e-10, "duration": 0.08315420150756836, "fun": "0.060305550906237015", "jac": "[2.22044587e-06 1.11022293e-06 3.33066880e-06 2.22044587e-06\n 3.33066880e-06 0.00000000e+00]", "hess_inv": "[[ 2.25462661e-02  2.52023481e-03 -1.62407758e-02 -8.63519880e-03\n   1.77312508e-02  7.76234162e-03]\n [ 2.52023481e-03  1.23419604e-01 -5.80380281e-02 -4.74839535e-02\n  -5.40652227e-02  2.06276368e-02]\n [-1.62407758e-02 -5.80380281e-02  7.09963194e-02  1.92251456e-03\n  -6.39179812e-03 -5.22737745e-02]\n [-8.63519880e-03 -4.74839535e-02  1.92251456e-03  5.75526415e-02\n   2.54621121e-02  1.97680094e-02]\n [ 1.77312508e-02 -5.40652227e-02 -6.39179812e-03  2.54621121e-02\n   9.81515782e-02 -3.76409992e-06]\n [ 7.76234162e-03  2.06276368e-02 -5.22737745e-02  1.97680094e-02\n  -3.76409992e-06  6.63186319e-02]]", "nfev": "497", "njev": "71", "status": "0", "success": "True", "message": "Optimization terminated successfully.", "x": "[1.36512844 4.66941791 2.60079585 6.69834979 1.89505473 4.08362571]", "nit": "35"}, "16": {"maxiter": 1000, "gtol": 1e-05, "xrtol": 1e-05, "eps": 1e-05, "duration": 0.03316211700439453, "fun": "0.060305550954982134", "jac": "[ 2.21943575e-06 -2.39375186e-06  1.46904711e-07 -1.24820154e-06\n  1.64758207e-06  7.55451257e-07]", "hess_inv": "[[ 6.51110544  1.06444613 -4.14661235 -1.25975395 -1.52048242  5.95028384]\n [ 1.06444613  3.15559166 -2.34611434  0.38510325 -1.09520432  1.38907943]\n [-4.14661235 -2.34611434  8.65957977 -1.16476709  3.46883129 -8.62373363]\n [-1.25975395  0.38510325 -1.16476709  3.04094483 -0.61601314  0.90094266]\n [-1.52048242 -1.09520432  3.46883129 -0.61601314  2.89827684 -2.93227411]\n [ 5.95028384  1.38907943 -8.62373363  0.90094266 -2.93227411 13.79531952]]", "nfev": "196", "njev": "28", "status": "0", "success": "True", "message": "Optimization terminated successfully.", "x": "[1.36511833 4.66939318 2.60082091 6.69833486 1.89503433 4.08363224]", "nit": "24"}, "17": {"maxiter": 1000, "gtol": 1e-05, "xrtol": 1e-05, "eps": 1e-10, "duration": 0.03318905830383301, "fun": "0.06030555110603242", "jac": "[ 3.33066880e-06 -1.11022293e-06  0.00000000e+00 -3.33066880e-06\n  4.44089173e-06  5.55111466e-06]", "hess_inv": "[[ 6.38069277  1.03501174 -3.6844914  -1.36812646 -1.32111594  5.48788506]\n [ 1.03501174  3.20043407 -2.21780464  0.34740199 -1.04627593  1.25462191]\n [-3.6844914  -2.21780464  7.83353884 -1.04684002  3.16731005 -7.56457557]\n [-1.36812646  0.34740199 -1.04684002  3.03832142 -0.58469869  0.70882185]\n [-1.32111594 -1.04627593  3.16731005 -0.58469869  2.79447031 -2.51882401]\n [ 5.48788506  1.25462191 -7.56457557  0.70882185 -2.51882401 12.56449695]]", "nfev": "196", "njev": "28", "status": "0", "success": "True", "message": "Optimization terminated successfully.", "x": "[1.36517081 4.66941846 2.60076914 6.69833672 1.89505187 4.08368373]", "nit": "24"}, "18": {"maxiter": 1000, "gtol": 1e-05, "xrtol": 1e-10, "eps": 1e-05, "duration": 0.03322291374206543, "fun": "0.060305550954982134", "jac": "[ 2.21943575e-06 -2.39375186e-06  1.46904711e-07 -1.24820154e-06\n  1.64758207e-06  7.55451257e-07]", "hess_inv": "[[ 6.51110544  1.06444613 -4.14661235 -1.25975395 -1.52048242  5.95028384]\n [ 1.06444613  3.15559166 -2.34611434  0.38510325 -1.09520432  1.38907943]\n [-4.14661235 -2.34611434  8.65957977 -1.16476709  3.46883129 -8.62373363]\n [-1.25975395  0.38510325 -1.16476709  3.04094483 -0.61601314  0.90094266]\n [-1.52048242 -1.09520432  3.46883129 -0.61601314  2.89827684 -2.93227411]\n [ 5.95028384  1.38907943 -8.62373363  0.90094266 -2.93227411 13.79531952]]", "nfev": "196", "njev": "28", "status": "0", "success": "True", "message": "Optimization terminated successfully.", "x": "[1.36511833 4.66939318 2.60082091 6.69833486 1.89503433 4.08363224]", "nit": "24"}, "19": {"maxiter": 1000, "gtol": 1e-05, "xrtol": 1e-10, "eps": 1e-10, "duration": 0.03319907188415527, "fun": "0.06030555110603242", "jac": "[ 3.33066880e-06 -1.11022293e-06  0.00000000e+00 -3.33066880e-06\n  4.44089173e-06  5.55111466e-06]", "hess_inv": "[[ 6.38069277  1.03501174 -3.6844914  -1.36812646 -1.32111594  5.48788506]\n [ 1.03501174  3.20043407 -2.21780464  0.34740199 -1.04627593  1.25462191]\n [-3.6844914  -2.21780464  7.83353884 -1.04684002  3.16731005 -7.56457557]\n [-1.36812646  0.34740199 -1.04684002  3.03832142 -0.58469869  0.70882185]\n [-1.32111594 -1.04627593  3.16731005 -0.58469869  2.79447031 -2.51882401]\n [ 5.48788506  1.25462191 -7.56457557  0.70882185 -2.51882401 12.56449695]]", "nfev": "196", "njev": "28", "status": "0", "success": "True", "message": "Optimization terminated successfully.", "x": "[1.36517081 4.66941846 2.60076914 6.69833672 1.89505187 4.08368373]", "nit": "24"}, "20": {"maxiter": 1000, "gtol": 1e-10, "xrtol": 1e-05, "eps": 1e-05, "duration": 0.03429388999938965, "fun": "0.06030555092453027", "jac": "[ 1.72206693e-07 -2.77333712e-08 -5.84954307e-07  1.00797148e-07\n  8.38218384e-07 -2.72626366e-07]", "hess_inv": "[[ 5.93708398  1.31563274 -4.07406294 -0.9602173  -1.63253219  5.43654414]\n [ 1.31563274  3.18783766 -2.49178374  0.39405898 -1.14361713  1.72725393]\n [-4.07406294 -2.49178374  8.74170224 -1.31483829  3.56108048 -8.64964956]\n [-0.9602173   0.39405898 -1.31483829  3.02256975 -0.65352609  1.28068892]\n [-1.63253219 -1.14361713  3.56108048 -0.65352609  2.94319751 -3.11026328]\n [ 5.43654414  1.72725393 -8.64964956  1.28068892 -3.11026328 13.42593425]]", "nfev": "203", "njev": "29", "status": "0", "success": "True", "message": "Optimization terminated successfully.", "x": "[1.36510629 4.66939932 2.60082173 6.69834201 1.89503138 4.08362216]", "nit": "25"}, "21": {"maxiter": 1000, "gtol": 1e-10, "xrtol": 1e-05, "eps": 1e-10, "duration": 0.034288883209228516, "fun": "0.0603055509098358", "jac": "[5.55111466e-06 2.22044587e-06 3.33066880e-06 3.33066880e-06\n 0.00000000e+00 2.22044587e-06]", "hess_inv": "[[ 5.34527235  1.01316669 -2.96463499 -1.07890303 -1.26134855  3.95149895]\n [ 1.01316669  3.21657179 -2.20710375  0.38979226 -1.06610896  1.21946531]\n [-2.96463499 -2.20710375  7.33428499 -1.25772558  3.13145945 -6.49569106]\n [-1.07890303  0.38979226 -1.25772558  3.03686722 -0.64750971  1.13198452]\n [-1.26134855 -1.06610896  3.13145945 -0.64750971  2.81782723 -2.4266545 ]\n [ 3.95149895  1.21946531 -6.49569106  1.13198452 -2.4266545  10.28521684]]", "nfev": "203", "njev": "29", "status": "0", "success": "True", "message": "Optimization terminated successfully.", "x": "[1.36513421 4.66941792 2.60079453 6.69834746 1.89505368 4.08362938]", "nit": "25"}, "22": {"maxiter": 1000, "gtol": 1e-10, "xrtol": 1e-10, "eps": 1e-05, "duration": 0.08492207527160645, "fun": "0.06030555092244605", "jac": "[-2.39652742e-07  1.25091049e-06 -3.78985732e-07  8.83049189e-07\n  5.24869037e-07 -4.60143035e-07]", "hess_inv": "[[ 39.46909992  21.53010786 -43.46081887   1.89430673  62.42900258\n   -4.20213582]\n [ 21.53010786  13.3809675  -24.8158716    0.86209944  35.66139432\n   -2.8214469 ]\n [-43.46081887 -24.8158716   53.9824092   -3.77601833 -70.36952473\n    1.75758546]\n [  1.89430673   0.86209944  -3.77601833   2.47802258   3.66131722\n    1.2523487 ]\n [ 62.42900258  35.66139432 -70.36952473   3.66131722 123.62950569\n  -20.34409576]\n [ -4.20213582  -2.8214469    1.75758546   1.2523487  -20.34409576\n   15.37699889]]", "nfev": "508", "njev": "71", "status": "2", "success": "False", "message": "Desired error not necessarily achieved due to precision loss.", "x": "[1.36509402 4.66939478 2.60083414 6.69834276 1.89501048 4.08362393]", "nit": "27"}, "23": {"maxiter": 1000, "gtol": 1e-10, "xrtol": 1e-10, "eps": 1e-10, "duration": 0.0830698013305664, "fun": "0.060305550906237015", "jac": "[2.22044587e-06 1.11022293e-06 3.33066880e-06 2.22044587e-06\n 3.33066880e-06 0.00000000e+00]", "hess_inv": "[[ 2.25462661e-02  2.52023481e-03 -1.62407758e-02 -8.63519880e-03\n   1.77312508e-02  7.76234162e-03]\n [ 2.52023481e-03  1.23419604e-01 -5.80380281e-02 -4.74839535e-02\n  -5.40652227e-02  2.06276368e-02]\n [-1.62407758e-02 -5.80380281e-02  7.09963194e-02  1.92251456e-03\n  -6.39179812e-03 -5.22737745e-02]\n [-8.63519880e-03 -4.74839535e-02  1.92251456e-03  5.75526415e-02\n   2.54621121e-02  1.97680094e-02]\n [ 1.77312508e-02 -5.40652227e-02 -6.39179812e-03  2.54621121e-02\n   9.81515782e-02 -3.76409992e-06]\n [ 7.76234162e-03  2.06276368e-02 -5.22737745e-02  1.97680094e-02\n  -3.76409992e-06  6.63186319e-02]]", "nfev": "497", "njev": "71", "status": "0", "success": "True", "message": "Optimization terminated successfully.", "x": "[1.36512844 4.66941791 2.60079585 6.69834979 1.89505473 4.08362571]", "nit": "35"}}, "cobyla": {"0": {"maxiter": 100, "tol": 1e-05, "catol": 1e-05, "duration": 0.016129732131958008, "x": "[3.62409181 6.67781696 2.83799218 6.97502792 4.11274469 4.40034125]", "status": "2", "success": "False", "message": "Maximum number of function evaluations has been exceeded.", "nfev": "100", "fun": "0.06041559894956161", "maxcv": "0.0"}, "1": {"maxiter": 100, "tol": 1e-05, "catol": 1e-10, "duration": 0.016138315200805664, "x": "[3.62409181 6.67781696 2.83799218 6.97502792 4.11274469 4.40034125]", "status": "2", "success": "False", "message": "Maximum number of function evaluations has been exceeded.", "nfev": "100", "fun": "0.06041559894956161", "maxcv": "0.0"}, "2": {"maxiter": 100, "tol": 1e-10, "catol": 1e-05, "duration": 0.016080856323242188, "x": "[3.62409181 6.67781696 2.83799218 6.97502792 4.11274469 4.40034125]", "status": "2", "success": "False", "message": "Maximum number of function evaluations has been exceeded.", "nfev": "100", "fun": "0.06041559894956161", "maxcv": "0.0"}, "3": {"maxiter": 100, "tol": 1e-10, "catol": 1e-10, "duration": 0.017728090286254883, "x": "[3.62409181 6.67781696 2.83799218 6.97502792 4.11274469 4.40034125]", "status": "2", "success": "False", "message": "Maximum number of function evaluations has been exceeded.", "nfev": "100", "fun": "0.06041559894956161", "maxcv": "0.0"}, "4": {"maxiter": 500, "tol": 1e-05, "catol": 1e-05, "duration": 0.04564094543457031, "x": "[3.61069701 6.67484691 2.84036974 6.98761899 4.14688313 4.3724482 ]", "status": "1", "success": "True", "message": "Optimization terminated successfully.", "nfev": "260", "fun": "0.0603055509259135", "maxcv": "0.0"}, "5": {"maxiter": 500, "tol": 1e-05, "catol": 1e-10, "duration": 0.04313826560974121, "x": "[3.61069701 6.67484691 2.84036974 6.98761899 4.14688313 4.3724482 ]", "status": "1", "success": "True", "message": "Optimization terminated successfully.", "nfev": "260", "fun": "0.0603055509259135", "maxcv": "0.0"}, "6": {"maxiter": 500, "tol": 1e-10, "catol": 1e-05, "duration": 0.06323885917663574, "x": "[3.61068898 6.67484708 2.84037756 6.98761259 4.14688727 4.37244183]", "status": "1", "success": "True", "message": "Optimization terminated successfully.", "nfev": "383", "fun": "0.060305550902811866", "maxcv": "0.0"}, "7": {"maxiter": 500, "tol": 1e-10, "catol": 1e-10, "duration": 0.06366586685180664, "x": "[3.61068898 6.67484708 2.84037756 6.98761259 4.14688727 4.37244183]", "status": "1", "success": "True", "message": "Optimization terminated successfully.", "nfev": "383", "fun": "0.060305550902811866", "ma