{"date": "2024/07/19/, 00:36:51", "conf_id": 125, "data_type": "orthogonal\n", "num_data_points": 3, "s_rank": 0, "unitary": "[[-0.45070455-0.02711853j,0.78437395-0.06613086j,0.06358678+0.19963393j,-0.07343613+0.35668523j],[-0.01890143-0.03813363j,0.32408202+0.25557629j,0.05872864-0.68979805j,0.55466693-0.20227297j],[-0.11215405+0.64023111j,-0.13344055+0.29565494j,-0.49012687-0.19046288j,-0.04241254+0.44046348j],[0.55771659+0.24656916j,0.31851997-0.05798805j,0.28761525-0.34294258j,-0.56718418+0.03616933j]]", "databatch_0": {"databatch": "[[[4.28726188e-01-0.13374034j,-3.20141390e-01+0.22187693j,7.07670165e-02+0.20138621j,1.55670674e-01-0.25284041j],[1.08193762e-01-0.12517224j,4.88879804e-03+0.08301015j,2.53904791e-01+0.05149036j,-7.04502376e-02-0.17265546j],[-1.20845203e-01+0.1654883j,-3.24868056e-03-0.19022596j,-1.62076411e-01-0.18882138j,-1.99684951e-03+0.21068334j],[6.91630580e-04+0.1357261j,-1.24664603e-02-0.25350849j,1.96487889e-01-0.2310846j,-1.12351566e-01+0.06860216j]],[[-1.50421554e-01-0.16371267j,4.55292405e-02+0.23388588j,-3.66663502e-01+0.0016636j,4.08401022e-02+0.09910558j],[6.23771467e-02+0.09112036j,-1.44172332e-03-0.25177489j,3.93379104e-01-0.22271279j,-1.71667130e-01-0.02964448j],[-3.33744765e-01-0.07207719j,2.87942214e-01+0.12020048j,-2.10009972e-01+0.10993784j,-2.25947560e-02+0.08729185j],[-6.33738875e-02+0.13919138j,1.23337289e-01-0.03521419j,-1.09815519e-02+0.31989119j,1.20922144e-01-0.04901077j]],[[4.29140865e-01-0.13546894j,-3.15102100e-01+0.23692667j,6.03021876e-02+0.23486311j,1.70075483e-01-0.26245599j],[9.82864152e-02-0.14184424j,1.15826561e-02+0.10569905j,2.32991898e-01+0.05941441j,-6.79129938e-02-0.17211367j],[-1.27453723e-01+0.17985899j,2.98746530e-03-0.20405589j,-1.60108991e-01-0.18525816j,-2.28062112e-04+0.21545725j],[-3.15719864e-02+0.12640154j,8.97061550e-03-0.230663j,1.49738126e-01-0.21355745j,-1.03182933e-01+0.08225554j]]]", "initial param values": "[1.469984,0.014802,3.46468869,0.88671652,5.49307066,2.47368542]", "nelder_mead": {"type": "gradient-free", "0": {"maxiter": 100, "fatol": 1e-05, "xatol": 1e-05, "duration": 0.026594161987304688, "fun": "0.3627291062055421", "nit": "100", "nfev": "159", "status": "2", "success": "False", "message": "Maximum number of iterations has been exceeded.", "x": "[2.06529262e+00 2.14147782e-03 5.80995287e+00 2.00360763e+00\n 6.77222814e+00 1.06868609e+00]", "final_simplex": "(array([[ 2.06529262e+00,  2.14147782e-03,  5.80995287e+00,\n         2.00360763e+00,  6.77222814e+00,  1.06868609e+00],\n       [ 2.03442998e+00,  8.64947540e-04,  5.89870747e+00,\n         2.13199992e+00,  6.74817995e+00,  1.01504236e+00],\n       [ 2.05627085e+00,  6.05477064e-04,  5.95030076e+00,\n         2.05939598e+00,  6.86111464e+00,  1.06863605e+00],\n       [ 2.06412143e+00, -4.20622883e-04,  5.92242037e+00,\n         2.13871032e+00,  6.76604814e+00,  1.11644334e+00],\n       [ 2.11109042e+00, -1.81187627e-03,  5.83014262e+00,\n         2.19340328e+00,  6.82287405e+00,  1.17561718e+00],\n       [ 2.06287363e+00,  1.52789891e-03,  6.01593788e+00,\n         2.09639482e+00,  6.80541793e+00,  9.83232178e-01],\n       [ 2.04832144e+00,  4.61269723e-04,  5.85271401e+00,\n         2.10872068e+00,  6.65811098e+00,  1.08563664e+00]]), array([0.36272911, 0.36333128, 0.36442319, 0.36502235, 0.36514522,\n       0.36534214, 0.36581647]))"}, "1": {"maxiter": 100, "fatol": 1e-05, "xatol": 1e-10, "duration": 0.02656412124633789, "fun": "0.3627291062055421", "nit": "100", "nfev": "159", "status": "2", "success": "False", "message": "Maximum number of iterations has been exceeded.", "x": "[2.06529262e+00 2.14147782e-03 5.80995287e+00 2.00360763e+00\n 6.77222814e+00 1.06868609e+00]", "final_simplex": "(array([[ 2.06529262e+00,  2.14147782e-03,  5.80995287e+00,\n         2.00360763e+00,  6.77222814e+00,  1.06868609e+00],\n       [ 2.03442998e+00,  8.64947540e-04,  5.89870747e+00,\n         2.13199992e+00,  6.74817995e+00,  1.01504236e+00],\n       [ 2.05627085e+00,  6.05477064e-04,  5.95030076e+00,\n         2.05939598e+00,  6.86111464e+00,  1.06863605e+00],\n       [ 2.06412143e+00, -4.20622883e-04,  5.92242037e+00,\n         2.13871032e+00,  6.76604814e+00,  1.11644334e+00],\n       [ 2.11109042e+00, -1.81187627e-03,  5.83014262e+00,\n         2.19340328e+00,  6.82287405e+00,  1.17561718e+00],\n       [ 2.06287363e+00,  1.52789891e-03,  6.01593788e+00,\n         2.09639482e+00,  6.80541793e+00,  9.83232178e-01],\n       [ 2.04832144e+00,  4.61269723e-04,  5.85271401e+00,\n         2.10872068e+00,  6.65811098e+00,  1.08563664e+00]]), array([0.36272911, 0.36333128, 0.36442319, 0.36502235, 0.36514522,\n       0.36534214, 0.36581647]))"}, "2": {"maxiter": 100, "fatol": 1e-10, "xatol": 1e-05, "duration": 0.02650284767150879, "fun": "0.3627291062055421", "nit": "100", "nfev": "159", "status": "2", "success": "False", "message": "Maximum number of iterations has been exceeded.", "x": "[2.06529262e+00 2.14147782e-03 5.80995287e+00 2.00360763e+00\n 6.77222814e+00 1.06868609e+00]", "final_simplex": "(array([[ 2.06529262e+00,  2.14147782e-03,  5.80995287e+00,\n         2.00360763e+00,  6.77222814e+00,  1.06868609e+00],\n       [ 2.03442998e+00,  8.64947540e-04,  5.89870747e+00,\n         2.13199992e+00,  6.74817995e+00,  1.01504236e+00],\n       [ 2.05627085e+00,  6.05477064e-04,  5.95030076e+00,\n         2.05939598e+00,  6.86111464e+00,  1.06863605e+00],\n       [ 2.06412143e+00, -4.20622883e-04,  5.92242037e+00,\n         2.13871032e+00,  6.76604814e+00,  1.11644334e+00],\n       [ 2.11109042e+00, -1.81187627e-03,  5.83014262e+00,\n         2.19340328e+00,  6.82287405e+00,  1.17561718e+00],\n       [ 2.06287363e+00,  1.52789891e-03,  6.01593788e+00,\n         2.09639482e+00,  6.80541793e+00,  9.83232178e-01],\n       [ 2.04832144e+00,  4.61269723e-04,  5.85271401e+00,\n         2.10872068e+00,  6.65811098e+00,  1.08563664e+00]]), array([0.36272911, 0.36333128, 0.36442319, 0.36502235, 0.36514522,\n       0.36534214, 0.36581647]))"}, "3": {"maxiter": 100, "fatol": 1e-10, "xatol": 1e-10, "duration": 0.02686476707458496, "fun": "0.3627291062055421", "nit": "100", "nfev": "159", "status": "2", "success": "False", "message": "Maximum number of iterations has been exceeded.", "x": "[2.06529262e+00 2.14147782e-03 5.80995287e+00 2.00360763e+00\n 6.77222814e+00 1.06868609e+00]", "final_simplex": "(array([[ 2.06529262e+00,  2.14147782e-03,  5.80995287e+00,\n         2.00360763e+00,  6.77222814e+00,  1.06868609e+00],\n       [ 2.03442998e+00,  8.64947540e-04,  5.89870747e+00,\n         2.13199992e+00,  6.74817995e+00,  1.01504236e+00],\n       [ 2.05627085e+00,  6.05477064e-04,  5.95030076e+00,\n         2.05939598e+00,  6.86111464e+00,  1.06863605e+00],\n       [ 2.06412143e+00, -4.20622883e-04,  5.92242037e+00,\n         2.13871032e+00,  6.76604814e+00,  1.11644334e+00],\n       [ 2.11109042e+00, -1.81187627e-03,  5.83014262e+00,\n         2.19340328e+00,  6.82287405e+00,  1.17561718e+00],\n       [ 2.06287363e+00,  1.52789891e-03,  6.01593788e+00,\n         2.09639482e+00,  6.80541793e+00,  9.83232178e-01],\n       [ 2.04832144e+00,  4.61269723e-04,  5.85271401e+00,\n         2.10872068e+00,  6.65811098e+00,  1.08563664e+00]]), array([0.36272911, 0.36333128, 0.36442319, 0.36502235, 0.36514522,\n       0.36534214, 0.36581647]))"}, "4": {"maxiter": 500, "fatol": 1e-05, "xatol": 1e-05, "duration": 0.12847113609313965, "fun": "0.3004109150777666", "nit": "500", "nfev": "772", "status": "2", "success": "False", "message": "Maximum number of iterations has been exceeded.", "x": "[2.23538891 1.30218049 6.67471375 1.25102358 7.59619321 0.67806632]", "final_simplex": "(array([[2.23538891, 1.30218049, 6.67471375, 1.25102358, 7.59619321,\n        0.67806632],\n       [2.23582906, 1.3031575 , 6.67401604, 1.2506909 , 7.59747957,\n        0.67752374],\n       [2.23607571, 1.30222269, 6.67366116, 1.24948947, 7.59609509,\n        0.67628282],\n       [2.23482259, 1.30531447, 6.6749124 , 1.24855171, 7.59789018,\n        0.6770539 ],\n       [2.23589443, 1.30239658, 6.67481407, 1.25158875, 7.59609618,\n        0.67655261],\n       [2.2359895 , 1.30189202, 6.67248421, 1.25187348, 7.59513202,\n        0.67956731],\n       [2.23526909, 1.30198328, 6.67196943, 1.25067728, 7.59645552,\n        0.67753506]]), array([0.30041092, 0.30041114, 0.30041117, 0.30041121, 0.30041121,\n       0.30041131, 0.30041166]))"}, "5": {"maxiter": 500, "fatol": 1e-05, "xatol": 1e-10, "duration": 0.12850284576416016, "fun": "0.3004109150777666", "nit": "500", "nfev": "772", "status": "2", "success": "False", "message": "Maximum number of iterations has been exceeded.", "x": "[2.23538891 1.30218049 6.67471375 1.25102358 7.59619321 0.67806632]", "final_simplex": "(array([[2.23538891, 1.30218049, 6.67471375, 1.25102358, 7.59619321,\n        0.67806632],\n       [2.23582906, 1.3031575 , 6.67401604, 1.2506909 , 7.59747957,\n        0.67752374],\n       [2.23607571, 1.30222269, 6.67366116, 1.24948947, 7.59609509,\n        0.67628282],\n       [2.23482259, 1.30531447, 6.6749124 , 1.24855171, 7.59789018,\n        0.6770539 ],\n       [2.23589443, 1.30239658, 6.67481407, 1.25158875, 7.59609618,\n        0.67655261],\n       [2.2359895 , 1.30189202, 6.67248421, 1.25187348, 7.59513202,\n        0.67956731],\n       [2.23526909, 1.30198328, 6.67196943, 1.25067728, 7.59645552,\n        0.67753506]]), array([0.30041092, 0.30041114, 0.30041117, 0.30041121, 0.30041121,\n       0.30041131, 0.30041166]))"}, "6": {"maxiter": 500, "fatol": 1e-10, "xatol": 1e-05, "duration": 0.12863993644714355, "fun": "0.3004109150777666", "nit": "500", "nfev": "772", "status": "2", "success": "False", "message": "Maximum number of iterations has been exceeded.", "x": "[2.23538891 1.30218049 6.67471375 1.25102358 7.59619321 0.67806632]", "final_simplex": "(array([[2.23538891, 1.30218049, 6.67471375, 1.25102358, 7.59619321,\n        0.67806632],\n       [2.23582906, 1.3031575 , 6.67401604, 1.2506909 , 7.59747957,\n        0.67752374],\n       [2.23607571, 1.30222269, 6.67366116, 1.24948947, 7.59609509,\n        0.67628282],\n       [2.23482259, 1.30531447, 6.6749124 , 1.24855171, 7.59789018,\n        0.6770539 ],\n       [2.23589443, 1.30239658, 6.67481407, 1.25158875, 7.59609618,\n        0.67655261],\n       [2.2359895 , 1.30189202, 6.67248421, 1.25187348, 7.59513202,\n        0.67956731],\n       [2.23526909, 1.30198328, 6.67196943, 1.25067728, 7.59645552,\n        0.67753506]]), array([0.30041092, 0.30041114, 0.30041117, 0.30041121, 0.30041121,\n       0.30041131, 0.30041166]))"}, "7": {"maxiter": 500, "fatol": 1e-10, "xatol": 1e-10, "duration": 0.12847590446472168, "fun": "0.3004109150777666", "nit": "500", "nfev": "772", "status": "2", "success": "False", "message": "Maximum number of iterations has been exceeded.", "x": "[2.23538891 1.30218049 6.67471375 1.25102358 7.59619321 0.67806632]", "final_simplex": "(array([[2.23538891, 1.30218049, 6.67471375, 1.25102358, 7.59619321,\n        0.67806632],\n       [2.23582906, 1.3031575 , 6.67401604, 1.2506909 , 7.59747957,\n        0.67752374],\n       [2.23607571, 1.30222269, 6.67366116, 1.24948947, 7.59609509,\n        0.67628282],\n       [2.23482259, 1.30531447, 6.6749124 , 1.24855171, 7.59789018,\n        0.6770539 ],\n       [2.23589443, 1.30239658, 6.67481407, 1.25158875, 7.59609618,\n        0.67655261],\n       [2.2359895 , 1.30189202, 6.67248421, 1.25187348, 7.59513202,\n        0.67956731],\n       [2.23526909, 1.30198328, 6.67196943, 1.25067728, 7.59645552,\n        0.67753506]]), array([0.30041092, 0.30041114, 0.30041117, 0.30041121, 0.30041121,\n       0.30041131, 0.30041166]))"}, "8": {"maxiter": 1000, "fatol": 1e-05, "xatol": 1e-05, "duration": 0.15529799461364746, "fun": "0.30041050435795347", "nit": "595", "nfev": "929", "status": "0", "success": "True", "message": "Optimization terminated successfully.", "x": "[2.23688691 1.30195421 6.6738487  1.25111972 7.59421597 0.6788214 ]", "final_simplex": "(array([[2.23688691, 1.30195421, 6.6738487 , 1.25111972, 7.59421597,\n        0.6788214 ],\n       [2.23688393, 1.30196145, 6.67385238, 1.25111208, 7.5942234 ,\n        0.67881671],\n       [2.23688244, 1.30195902, 6.67385694, 1.25111607, 7.59421952,\n        0.67881798],\n       [2.23688617, 1.301959  , 6.67384691, 1.25111228, 7.59421378,\n        0.67881852],\n       [2.23689175, 1.30196271, 6.67385865, 1.25111849, 7.59421625,\n        0.67881655],\n       [2.23688908, 1.30195207, 6.67384955, 1.25112037, 7.59421767,\n        0.67881435],\n       [2.23688375, 1.30195439, 6.673847  , 1.25111295, 7.59421223,\n        0.67882682]]), array([0.3004105, 0.3004105, 0.3004105, 0.3004105, 0.3004105, 0.3004105,\n       0.3004105]))"}, "9": {"maxiter": 1000, "fatol": 1e-05, "xatol": 1e-10, "duration": 0.1964406967163086, "fun": "0.30041050435499184", "nit": "695", "nfev": "1164", "status": "0", "success": "True", "message": "Optimization terminated successfully.", "x": "[2.23688531 1.30195881 6.67385185 1.25111697 7.59421591 0.67881939]", "final_simplex": "(array([[2.23688531, 1.30195881, 6.67385185, 1.25111697, 7.59421591,\n        0.67881939],\n       [2.23688531, 1.30195881, 6.67385185, 1.25111697, 7.59421591,\n        0.67881939],\n       [2.23688531, 1.30195881, 6.67385185, 1.25111697, 7.59421591,\n        0.67881939],\n       [2.23688531, 1.30195881, 6.67385185, 1.25111697, 7.59421591,\n        0.67881939],\n       [2.23688531, 1.30195881, 6.67385185, 1.25111697, 7.59421591,\n        0.67881939],\n       [2.23688531, 1.30195881, 6.67385185, 1.25111697, 7.59421591,\n        0.67881939],\n       [2.23688531, 1.30195881, 6.67385185, 1.25111697, 7.59421591,\n        0.67881939]]), array([0.3004105, 0.3004105, 0.3004105, 0.3004105, 0.3004105, 0.3004105,\n       0.3004105]))"}, "10": {"maxiter": 1000, "fatol": 1e-10, "xatol": 1e-05, "duration": 0.15731096267700195, "fun": "0.30041050435795347", "nit": "595", "nfev": "929", "status": "0", "success": "True", "message": "Optimization terminated successfully.", "x": "[2.23688691 1.30195421 6.6738487  1.25111972 7.59421597 0.6788214 ]", "final_simplex": "(array([[2.23688691, 1.30195421, 6.6738487 , 1.25111972, 7.59421597,\n        0.6788214 ],\n       [2.23688393, 1.30196145, 6.67385238, 1.25111208, 7.5942234 ,\n        0.67881671],\n       [2.23688244, 1.30195902, 6.67385694, 1.25111607, 7.59421952,\n        0.67881798],\n       [2.23688617, 1.301959  , 6.67384691, 1.25111228, 7.59421378,\n        0.67881852],\n       [2.23689175, 1.30196271, 6.67385865, 1.25111849, 7.59421625,\n        0.67881655],\n       [2.23688908, 1.30195207, 6.67384955, 1.25112037, 7.59421767,\n        0.67881435],\n       [2.23688375, 1.30195439, 6.673847  , 1.25111295, 7.59421223,\n        0.67882682]]), array([0.3004105, 0.3004105, 0.3004105, 0.3004105, 0.3004105, 0.3004105,\n       0.3004105]))"}, "11": {"maxiter": 1000, "fatol": 1e-10, "xatol": 1e-10, "duration": 0.19600272178649902, "fun": "0.30041050435499184", "nit": "695", "nfev": "1164", "status": "0", "success": "True", "message": "Optimization terminated successfully.", "x": "[2.23688531 1.30195881 6.67385185 1.25111697 7.59421591 0.67881939]", "final_simplex": "(array([[2.23688531, 1.30195881, 6.67385185, 1.25111697, 7.59421591,\n        0.67881939],\n       [2.23688531, 1.30195881, 6.67385185, 1.25111697, 7.59421591,\n        0.67881939],\n       [2.23688531, 1.30195881, 6.67385185, 1.25111697, 7.59421591,\n        0.67881939],\n       [2.23688531, 1.30195881, 6.67385185, 1.25111697, 7.59421591,\n        0.67881939],\n       [2.23688531, 1.30195881, 6.67385185, 1.25111697, 7.59421591,\n        0.67881939],\n       [2.23688531, 1.30195881, 6.67385185, 1.25111697, 7.59421591,\n        0.67881939],\n       [2.23688531, 1.30195881, 6.67385185, 1.25111697, 7.59421591,\n        0.67881939]]), array([0.3004105, 0.3004105, 0.3004105, 0.3004105, 0.3004105, 0.3004105,\n       0.3004105]))"}}, "bfgs": {"type": "gradient", "0": {"maxiter": 100, "gtol": 1e-05, "xrtol": 1e-05, "eps": 1e-05, "duration": 0.0493927001953125, "fun": "0.3004105044697223", "jac": "[ 9.72244507e-06 -8.81839046e-07  3.08245651e-06 -3.17781357e-06\n  3.48960860e-06  4.95332664e-06]", "hess_inv": "[[ 6.47862905 -3.59360503 -0.81343762  4.23709703 -5.94729123  1.89478994]\n [-3.59360503 12.8621692   8.6359357  -6.3211926   9.68039489 -5.20922869]\n [-0.81343762  8.6359357  10.60827989 -1.63676467  6.62851385 -4.30822812]\n [ 4.23709703 -6.3211926  -1.63676467  8.7383478  -7.96191424  3.77188879]\n [-5.94729123  9.68039489  6.62851385 -7.96191424 16.4775096  -8.60063233]\n [ 1.89478994 -5.20922869 -4.30822812  3.77188879 -8.60063233  7.95236882]]", "nfev": "287", "njev": "41", "status": "0", "success": "True", "message": "Optimization terminated successfully.", "x": "[2.2369101  1.30194537 6.6738437  1.25111573 7.59420148 0.67883038]", "nit": "35"}, "1": {"maxiter": 100, "gtol": 1e-05, "xrtol": 1e-05, "eps": 1e-10, "duration": 0.049273014068603516, "fun": "0.3004105045025791", "jac": "[ 8.88178346e-06 -1.11022293e-06  4.44089173e-06  0.00000000e+00\n  4.44089173e-06  5.55111466e-06]", "hess_inv": "[[ 6.36521559 -3.49672685 -0.79260651  4.11575363 -5.7341408   1.77349839]\n [-3.49672685 13.06206114  8.94444277 -6.36412575  9.83882789 -5.28360783]\n [-0.79260651  8.94444277 10.99650589 -1.81393072  7.03604796 -4.51736645]\n [ 4.11575363 -6.36412575 -1.81393072  8.57050198 -7.80785298  3.66200732]\n [-5.7341408   9.83882789  7.03604796 -7.80785298 16.41686093 -8.52323238]\n [ 1.77349839 -5.28360783 -4.51736645  3.66200732 -8.52323238  7.87677976]]", "nfev": "287", "njev": "41", "status": "0", "success": "True", "message": "Optimization terminated successfully.", "x": "[2.23691119 1.30197024 6.67387292 1.25112213 7.59421591 0.67882368]", "nit": "35"}, "2": {"maxiter": 100, "gtol": 1e-05, "xrtol": 1e-10, "eps": 1e-05, "duration": 0.04931211471557617, "fun": "0.3004105044697223", "jac": "[ 9.72244507e-06 -8.81839046e-07  3.08245651e-06 -3.17781357e-06\n  3.48960860e-06  4.95332664e-06]", "hess_inv": "[[ 6.47862905 -3.59360503 -0.81343762  4.23709703 -5.94729123  1.89478994]\n [-3.59360503 12.8621692   8.6359357  -6.3211926   9.68039489 -5.20922869]\n [-0.81343762  8.6359357  10.60827989 -1.63676467  6.62851385 -4.30822812]\n [ 4.23709703 -6.3211926  -1.63676467  8.7383478  -7.96191424  3.77188879]\n [-5.94729123  9.68039489  6.62851385 -7.96191424 16.4775096  -8.60063233]\n [ 1.89478994 -5.20922869 -4.30822812  3.77188879 -8.60063233  7.95236882]]", "nfev": "287", "njev": "41", "status": "0", "success": "True", "message": "Optimization terminated successfully.", "x": "[2.2369101  1.30194537 6.6738437  1.25111573 7.59420148 0.67883038]", "nit": "35"}, "3": {"maxiter": 100, "gtol": 1e-05, "xrtol": 1e-10, "eps": 1e-10, "duration": 0.04926800727844238, "fun": "0.3004105045025791", "jac": "[ 8.88178346e-06 -1.11022293e-06  4.44089173e-06  0.00000000e+00\n  4.44089173e-06  5.55111466e-06]", "hess_inv": "[[ 6.36521559 -3.49672685 -0.79260651  4.11575363 -5.7341408   1.77349839]\n [-3.49672685 13.06206114  8.94444277 -6.36412575  9.83882789 -5.28360783]\n [-0.79260651  8.94444277 10.99650589 -1.81393072  7.03604796 -4.51736645]\n [ 4.11575363 -6.36412575 -1.81393072  8.57050198 -7.80785298  3.66200732]\n [-5.7341408   9.83882789  7.03604796 -7.80785298 16.41686093 -8.52323238]\n [ 1.77349839 -5.28360783 -4.51736645  3.66200732 -8.52323238  7.87677976]]", "nfev": "287", "njev": "41", "status": "0", "success": "True", "message": "Optimization terminated successfully.", "x": "[2.23691119 1.30197024 6.67387292 1.25112213 7.59421591 0.67882368]", "nit": "35"}, "4": {"maxiter": 100, "gtol": 1e-10, "xrtol": 1e-05, "eps": 1e-05, "duration": 0.050579071044921875, "fun": "0.3004105043962658", "jac": "[ 3.12616599e-07  3.91253696e-07 -3.99713596e-07  3.48099327e-07\n  4.78617146e-07  2.63977729e-07]", "hess_inv": "[[ 5.58346293 -3.84137197 -1.47640847  4.14316865 -5.87607938  1.83948685]\n [-3.84137197 12.86297061  8.58827031 -6.37036739  9.77836105 -5.36477638]\n [-1.47640847  8.58827031 10.38321758 -1.7517062   6.83446739 -4.62375627]\n [ 4.14316865 -6.37036739 -1.7517062   8.73623461 -7.98058449  3.81293515]\n [-5.87607938  9.77836105  6.83446739 -7.98058449 16.56011302 -8.75441683]\n [ 1.83948685 -5.36477638 -4.62375627  3.81293515 -8.75441683  8.23243022]]", "nfev": "294", "njev": "42", "status": "0", "success": "True", "message": "Optimization terminated successfully.", "x": "[2.23688153 1.30193979 6.67382711 1.25111196 7.59420638 0.6788239 ]", "nit": "36"}, "5": {"maxiter": 100, "gtol": 1e-10, "xrtol": 1e-05, "eps": 1e-10, "duration": 0.050518035888671875, "fun": "0.3004105043679508", "jac": "[ 0.00000000e+00  1.11022293e-06  0.00000000e+00  1.11022293e-06\n  1.11022293e-06 -1.11022293e-06]", "hess_inv": "[[ 5.33417208 -3.79981204 -1.82239357  3.74727454 -5.74551953  1.80405442]\n [-3.79981204 13.07707025  8.73383833 -6.65906104  9.99330058 -5.52431701]\n [-1.82239357  8.73383833 10.04947414 -2.34708022  7.16432046 -4.70777521]\n [ 3.74727454 -6.65906104 -2.34708022  8.77334446 -8.09482426  4.12052583]\n [-5.74551953  9.99330058  7.16432046 -8.09482426 16.65598077 -8.90141779]\n [ 1.80405442 -5.52431701 -4.70777521  4.12052583 -8.90141779  8.47475457]]", "nfev": "294", "njev": "42", "status": "0", "success": "True", "message": "Optimization terminated successfully.", "x": "[2.23688319 1.30196601 6.67384849 1.25110495 7.59422166 0.67881492]", "nit": "36"}, "6": {"maxiter": 100, "gtol": 1e-10, "xrtol": 1e-10, "eps": 1e-05, "duration": 0.08928894996643066, "fun": "0.3004105043962658", "jac": "[ 3.12616599e-07  3.91253696e-07 -3.99713596e-07  3.48099327e-07\n  4.78617146e-07  2.63977729e-07]", "hess_inv": "[[ 5.54374391 -3.71991493 -1.48001839  4.11464151 -5.68416239  1.79909726]\n [-3.71991493 12.91190229  8.66262337 -6.35885694  9.79365609 -5.34337147]\n [-1.48001839  8.66262337 10.39242639 -1.7657049   6.94261194 -4.64280663]\n [ 4.11464151 -6.35885694 -1.7657049   8.72938711 -7.95122323  3.80232003]\n [-5.68416239  9.79365609  6.94261194 -7.95122323 16.49542901 -8.70552862]\n [ 1.79909726 -5.34337147 -4.64280663  3.80232003 -8.70552862  8.21616023]]", "nfev": "523", "njev": "73", "status": "2", "success": "False", "message": "Desired error not necessarily achieved due to precision loss.", "x": "[2.23688153 1.30193979 6.67382711 1.25111196 7.59420638 0.6788239 ]", "nit": "36"}, "7": {"maxiter": 100, "gtol": 1e-10, "xrtol": 1e-10, "eps": 1e-10, "duration": 0.07933592796325684, "fun": "0.3004105043602102", "jac": "[0. 0. 0. 0. 0. 0.]", "hess_inv": "[[ 0.33847234 -0.79674003  0.28030534  0.78099188 -0.35016406 -0.59305192]\n [-0.79674003  2.10117221 -0.61970401 -1.99481422  0.86524555  1.35700533]\n [ 0.28030534 -0.61970401  0.27189549  0.62966507 -0.26173808 -0.53631732]\n [ 0.78099188 -1.99481422  0.62966507  1.92724356 -0.84147124 -1.36058572]\n [-0.35016406  0.86524555 -0.26173808 -0.84147124  0.41005746  0.59498752]\n [-0.59305192  1.35700533 -0.53631732 -1.36058572  0.59498752  1.09866098]]", "nfev": "462", "njev": "66", "status": "0", "success": "True", "message": "Optimization terminated successfully.", "x": "[2.23688004 1.30195774 6.67384851 1.2511106  7.59422007 0.67881802]", "nit": "46"}, "8": {"maxiter": 500, "gtol": 1e-05, "xrtol": 1e-05, "eps": 1e-05, "duration": 0.049324989318847656, "fun": "0.3004105044697223", "jac": "[ 9.72244507e-06 -8.81839046e-07  3.08245651e-06 -3.17781357e-06\n  3.48960860e-06  4.95332664e-06]", "hess_inv": "[[ 6.47862905 -3.59360503 -0.81343762  4.23709703 -5.94729123  1.89478994]\n [-3.59360503 12.8621692   8.6359357  -6.3211926   9.68039489 -5.20922869]\n [-0.81343762  8.6359357  10.60827989 -1.63676467  6.62851385 -4.30822812]\n [ 4.23709703 -6.3211926  -1.63676467  8.7383478  -7.96191424  3.77188879]\n [-5.94729123  9.68039489  6.62851385 -7.96191424 16.4775096  -8.60063233]\n [ 1.89478994 -5.20922869 -4.30822812  3.77188879 -8.60063233  7.95236882]]", "nfev": "287", "njev": "41", "status": "0", "success": "True", "message": "Optimization terminated successfully.", "x": "[2.2369101  1.30194537 6.6738437  1.25111573 7.59420148 0.67883038]", "nit": "35"}, "9": {"maxiter": 500, "gtol": 1e-05, "xrtol": 1e-05, "eps": 1e-10, "duration": 0.04943108558654785, "fun": "0.3004105045025791", "jac": "[ 8.88178346e-06 -1.11022293e-06  4.44089173e-06  0.00000000e+00\n  4.44089173e-06  5.55111466e-06]", "hess_inv": "[[ 6.36521559 -3.49672685 -0.79260651  4.11575363 -5.7341408   1.77349839]\n [-3.49672685 13.06206114  8.94444277 -6.36412575  9.83882789 -5.28360783]\n [-0.79260651  8.94444277 10.99650589 -1.81393072  7.03604796 -4.51736645]\n [ 4.11575363 -6.36412575 -1.81393072  8.57050198 -7.80785298  3.66200732]\n [-5.7341408   9.83882789  7.03604796 -7.80785298 16.41686093 -8.52323238]\n [ 1.77349839 -5.28360783 -4.51736645  3.66200732 -8.52323238  7.87677976]]", "nfev": "287", "njev": "41", "status": "0", "success": "True", "message": "Optimization terminated successfully.", "x": "[2.23691119 1.30197024 6.67387292 1.25112213 7.59421591 0.67882368]", "nit": "35"}, "10": {"maxiter": 500, "gtol": 1e-05, "xrtol": 1e-10, "eps": 1e-05, "duration": 0.0495150089263916, "fun": "0.3004105044697223", "jac": "[ 9.72244507e-06 -8.81839046e-07  3.08245651e-06 -3.17781357e-06\n  3.48960860e-06  4.95332664e-06]", "hess_inv": "[[ 6.47862905 -3.59360503 -0.81343762  4.23709703 -5.94729123  1.89478994]\n [-3.59360503 12.8621692   8.6359357  -6.3211926   9.68039489 -5.20922869]\n [-0.81343762  8.6359357  10.60827989 -1.63676467  6.62851385 -4.30822812]\n [ 4.23709703 -6.3211926  -1.63676467  8.7383478  -7.96191424  3.77188879]\n [-5.94729123  9.68039489  6.62851385 -7.96191424 16.4775096  -8.60063233]\n [ 1.89478994 -5.20922869 -4.30822812  3.77188879 -8.60063233  7.95236882]]", "nfev": "287", "njev": "41", "status": "0", "success": "True", "message": "Optimization terminated successfully.", "x": "[2.2369101  1.30194537 6.6738437  1.25111573 7.59420148 0.67883038]", "nit": "35"}, "11": {"maxiter": 500, "gtol": 1e-05, "xrtol": 1e-10, "eps": 1e-10, "duration": 0.049626827239990234, "fun": "0.3004105045025791", "jac": "[ 8.88178346e-06 -1.11022293e-06  4.44089173e-06  0.00000000e+00\n  4.44089173e-06  5.55111466e-06]", "hess_inv": "[[ 6.36521559 -3.49672685 -0.79260651  4.11575363 -5.7341408   1.77349839]\n [-3.49672685 13.06206114  8.94444277 -6.36412575  9.83882789 -5.28360783]\n [-0.79260651  8.94444277 10.99650589 -1.81393072  7.03604796 -4.51736645]\n [ 4.11575363 -6.36412575 -1.81393072  8.57050198 -7.80785298  3.66200732]\n [-5.7341408   9.83882789  7.03604796 -7.80785298 16.41686093 -8.52323238]\n [ 1.77349839 -5.28360783 -4.51736645  3.66200732 -8.52323238  7.87677976]]", "nfev": "287", "njev": "41", "status": "0", "success": "True", "message": "Optimization terminated successfully.", "x": "[2.23691119 1.30197024 6.67387292 1.25112213 7.59421591 0.67882368]", "nit": "35"}, "12": {"maxiter": 500, "gtol": 1e-10, "xrtol": 1e-05, "eps": 1e-05, "duration": 0.050971031188964844, "fun": "0.3004105043962658", "jac": "[ 3.12616599e-07  3.91253696e-07 -3.99713596e-07  3.48099327e-07\n  4.78617146e-07  2.63977729e-07]", "hess_inv": "[[ 5.58346293 -3.84137197 -1.47640847  4.14316865 -5.87607938  1.83948685]\n [-3.84137197 12.86297061  8.58827031 -6.37036739  9.77836105 -5.36477638]\n [-1.47640847  8.58827031 10.38321758 -1.7517062   6.83446739 -4.62375627]\n [ 4.14316865 -6.37036739 -1.7517062   8.73623461 -7.98058449  3.81293515]\n [-5.87607938  9.77836105  6.83446739 -7.98058449 16.56011302 -8.75441683]\n [ 1.83948685 -5.36477638 -4.62375627  3.81293515 -8.75441683  8.23243022]]", "nfev": "294", "njev": "42", "status": "0", "success": "True", "message": "Optimization terminated successfully.", "x": "[2.23688153 1.30193979 6.67382711 1.25111196 7.59420638 0.6788239 ]", "nit": "36"}, "13": {"maxiter": 500, "gtol": 1e-10, "xrtol": 1e-05, "eps": 1e-10, "duration": 0.05121922492980957, "fun": "0.3004105043679508", "jac": "[ 0.00000000e+00  1.11022293e-06  0.00000000e+00  1.11022293e-06\n  1.11022293e-06 -1.11022293e-06]", "hess_inv": "[[ 5.33417208 -3.79981204 -1.82239357  3.74727454 -5.74551953  1.80405442]\n [-3.79981204 13.07707025  8.73383833 -6.65906104  9.99330058 -5.52431701]\n [-1.82239357  8.73383833 10.04947414 -2.34708022  7.16432046 -4.70777521]\n [ 3.74727454 -6.65906104 -2.34708022  8.77334446 -8.09482426  4.12052583]\n [-5.74551953  9.99330058  7.16432046 -8.09482426 16.65598077 -8.90141779]\n [ 1.80405442 -5.52431701 -4.70777521  4.12052583 -8.90141779  8.47475457]]", "nfev": "294", "njev": "42", "status": "0", "success": "True", "message": "Optimization terminated successfully.", "x": "[2.23688319 1.30196601 6.67384849 1.25110495 7.59422166 0.67881492]", "nit": "36"}, "14": {"maxiter": 500, "gtol": 1e-10, "xrtol": 1e-10, "eps": 1e-05, "duration": 0.09078097343444824, "fun": "0.3004105043962658", "jac": "[ 3.12616599e-07  3.91253696e-07 -3.99713596e-07  3.48099327e-07\n  4.78617146e-07  2.63977729e-07]", "hess_inv": "[[ 5.54374391 -3.71991493 -1.48001839  4.11464151 -5.68416239  1.79909726]\n [-3.71991493 12.91190229  8.66262337 -6.35885694  9.79365609 -5.34337147]\n [-1.48001839  8.66262337 10.39242639 -1.7657049   6.94261194 -4.64280663]\n [ 4.11464151 -6.35885694 -1.7657049   8.72938711 -7.95122323  3.80232003]\n [-5.68416239  9.79365609  6.94261194 -7.95122323 16.49542901 -8.70552862]\n [ 1.79909726 -5.34337147 -4.64280663  3.80232003 -8.70552862  8.21616023]]", "nfev": "523", "njev": "73", "status": "2", "success": "False", "message": "Desired error not necessarily achieved due to precision loss.", "x": "[2.23688153 1.30193979 6.67382711 1.25111196 7.59420638 0.6788239 ]", "nit": "36"}, "15": {"maxiter": 500, "gtol": 1e-10, "xrtol": 1e-10, "eps": 1e-10, "duration": 0.08086490631103516, "fun": "0.3004105043602102", "jac": "[0. 0. 0. 0. 0. 0.]", "hess_inv": "[[ 0.33847234 -0.79674003  0.28030534  0.78099188 -0.35016406 -0.59305192]\n [-0.79674003  2.10117221 -0.61970401 -1.99481422  0.86524555  1.35700533]\n [ 0.28030534 -0.61970401  0.27189549  0.62966507 -0.26173808 -0.53631732]\n [ 0.78099188 -1.99481422  0.62966507  1.92724356 -0.84147124 -1.36058572]\n [-0.35016406  0.86524555 -0.26173808 -0.84147124  0.41005746  0.59498752]\n [-0.59305192  1.35700533 -0.53631732 -1.36058572  0.59498752  1.09866098]]", "nfev": "462", "njev": "66", "status": "0", "success": "True", "message": "Optimization terminated successfully.", "x": "[2.23688004 1.30195774 6.67384851 1.2511106  7.59422007 0.67881802]", "nit": "46"}, "16": {"maxiter": 1000, "gtol": 1e-05, "xrtol": 1e-05, "eps": 1e-05, "duration": 0.050701141357421875, "fun": "0.3004105044697223", "jac": "[ 9.72244507e-06 -8.81839046e-07  3.08245651e-06 -3.17781357e-06\n  3.48960860e-06  4.95332664e-06]", "hess_inv": "[[ 6.47862905 -3.59360503 -0.81343762  4.23709703 -5.94729123  1.89478994]\n [-3.59360503 12.8621692   8.6359357  -6.3211926   9.68039489 -5.20922869]\n [-0.81343762  8.6359357  10.60827989 -1.63676467  6.62851385 -4.30822812]\n [ 4.23709703 -6.3211926  -1.63676467  8.7383478  -7.96191424  3.77188879]\n [-5.94729123  9.68039489  6.62851385 -7.96191424 16.4775096  -8.60063233]\n [ 1.89478994 -5.20922869 -4.30822812  3.77188879 -8.60063233  7.95236882]]", "nfev": "287", "njev": "41", "status": "0", "success": "True", "message": "Optimization terminated successfully.", "x": "[2.2369101  1.30194537 6.6738437  1.25111573 7.59420148 0.67883038]", "nit": "35"}, "17": {"maxiter": 1000, "gtol": 1e-05, "xrtol": 1e-05, "eps": 1e-10, "duration": 0.050496816635131836, "fun": "0.3004105045025791", "jac": "[ 8.88178346e-06 -1.11022293e-06  4.44089173e-06  0.00000000e+00\n  4.44089173e-06  5.55111466e-06]", "hess_inv": "[[ 6.36521559 -3.49672685 -0.79260651  4.11575363 -5.7341408   1.77349839]\n [-3.49672685 13.06206114  8.94444277 -6.36412575  9.83882789 -5.28360783]\n [-0.79260651  8.94444277 10.99650589 -1.81393072  7.03604796 -4.51736645]\n [ 4.11575363 -6.36412575 -1.81393072  8.57050198 -7.80785298  3.66200732]\n [-5.7341408   9.83882789  7.03604796 -7.80785298 16.41686093 -8.52323238]\n [ 1.77349839 -5.28360783 -4.51736645  3.66200732 -8.52323238  7.87677976]]", "nfev": "287", "njev": "41", "status": "0", "success": "True", "message": "Optimization terminated successfully.", "x": "[2.23691119 1.30197024 6.67387292 1.25112213 7.59421591 0.67882368]", "nit": "35"}, "18": {"maxiter": 1000, "gtol": 1e-05, "xrtol": 1e-10, "eps": 1e-05, "duration": 0.05041217803955078, "fun": "0.3004105044697223", "jac": "[ 9.72244507e-06 -8.81839046e-07  3.08245651e-06 -3.17781357e-06\n  3.48960860e-06  4.95332664e-06]", "hess_inv": "[[ 6.47862905 -3.59360503 -0.81343762  4.23709703 -5.94729123  1.89478994]\n [-3.59360503 12.8621692   8.6359357  -6.3211926   9.68039489 -5.20922869]\n [-0.81343762  8.6359357  10.60827989 -1.63676467  6.62851385 -4.30822812]\n [ 4.23709703 -6.3211926  -1.63676467  8.7383478  -7.96191424  3.77188879]\n [-5.94729123  9.68039489  6.62851385 -7.96191424 16.4775096  -8.60063233]\n [ 1.89478994 -5.20922869 -4.30822812  3.77188879 -8.60063233  7.95236882]]", "nfev": "287", "njev": "41", "status": "0", "success": "True", "message": "Optimization terminated successfully.", "x": "[2.2369101  1.30194537 6.6738437  1.25111573 7.59420148 0.67883038]", "nit": "35"}, "19": {"maxiter": 1000, "gtol": 1e-05, "xrtol": 1e-10, "eps": 1e-10, "duration": 0.05056428909301758, "fun": "0.3004105045025791", "jac": "[ 8.88178346e-06 -1.11022293e-06  4.44089173e-06  0.00000000e+00\n  4.44089173e-06  5.55111466e-06]", "hess_inv": "[[ 6.36521559 -3.49672685 -0.79260651  4.11575363 -5.7341408   1.77349839]\n [-3.49672685 13.06206114  8.94444277 -6.36412575  9.83882789 -5.28360783]\n [-0.79260651  8.94444277 10.99650589 -1.81393072  7.03604796 -4.51736645]\n [ 4.11575363 -6.36412575 -1.81393072  8.57050198 -7.80785298  3.66200732]\n [-5.7341408   9.83882789  7.03604796 -7.80785298 16.41686093 -8.52323238]\n [ 1.77349839 -5.28360783 -4.51736645  3.66200732 -8.52323238  7.87677976]]", "nfev": "287", "njev": "41", "status": "0", "success": "True", "message": "Optimization terminated successfully.", "x": "[2.23691119 1.30197024 6.67387292 1.25112213 7.59421591 0.67882368]", "nit": "35"}, "20": {"maxiter": 1000, "gtol": 1e-10, "xrtol": 1e-05, "eps": 1e-05, "duration": 0.05170702934265137, "fun": "0.3004105043962658", "jac": "[ 3.12616599e-07  3.91253696e-07 -3.99713596e-07  3.48099327e-07\n  4.78617146e-07  2.63977729e-07]", "hess_inv": "[[ 5.58346293 -3.84137197 -1.47640847  4.14316865 -5.87607938  1.83948685]\n [-3.84137197 12.86297061  8.58827031 -6.37036739  9.77836105 -5.36477638]\n [-1.47640847  8.58827031 10.38321758 -1.7517062   6.83446739 -4.62375627]\n [ 4.14316865 -6.37036739 -1.7517062   8.73623461 -7.98058449  3.81293515]\n [-5.87607938  9.77836105  6.83446739 -7.98058449 16.56011302 -8.75441683]\n [ 1.83948685 -5.36477638 -4.62375627  3.81293515 -8.75441683  8.23243022]]", "nfev": "294", "njev": "42", "status": "0", "success": "True", "message": "Optimization terminated successfully.", "x": "[2.23688153 1.30193979 6.67382711 1.25111196 7.59420638 0.6788239 ]", "nit": "36"}, "21": {"maxiter": 1000, "gtol": 1e-10, "xrtol": 1e-05, "eps": 1e-10, "duration": 0.051666259765625, "fun": "0.3004105043679508", "jac": "[ 0.00000000e+00  1.11022293e-06  0.00000000e+00  1.11022293e-06\n  1.11022293e-06 -1.11022293e-06]", "hess_inv": "[[ 5.33417208 -3.79981204 -1.82239357  3.74727454 -5.74551953  1.80405442]\n [-3.79981204 13.07707025  8.73383833 -6.65906104  9.99330058 -5.52431701]\n [-1.82239357  8.73383833 10.04947414 -2.34708022  7.16432046 -4.70777521]\n [ 3.74727454 -6.65906104 -2.34708022  8.77334446 -8.09482426  4.12052583]\n [-5.74551953  9.99330058  7.16432046 -8.09482426 16.65598077 -8.90141779]\n [ 1.80405442 -5.52431701 -4.70777521  4.12052583 -8.90141779  8.47475457]]", "nfev": "294", "njev": "42", "status": "0", "success": "True", "message": "Optimization terminated successfully.", "x": "[2.23688319 1.30196601 6.67384849 1.25110495 7.59422166 0.67881492]", "nit": "36"}, "22": {"maxiter": 1000, "gtol": 1e-10, "xrtol": 1e-10, "eps": 1e-05, "duration": 0.09099292755126953, "fun": "0.3004105043962658", "jac": "[ 3.12616599e-07  3.91253696e-07 -3.99713596e-07  3.48099327e-07\n  4.78617146e-07  2.63977729e-07]", "hess_inv": "[[ 5.54374391 -3.71991493 -1.48001839  4.11464151 -5.68416239  1.79909726]\n [-3.71991493 12.91190229  8.66262337 -6.35885694  9.79365609 -5.34337147]\n [-1.48001839  8.66262337 10.39242639 -1.7657049   6.94261194 -4.64280663]\n [ 4.11464151 -6.35885694 -1.7657049   8.72938711 -7.95122323  3.80232003]\n [-5.68416239  9.79365609  6.94261194 -7.95122323 16.49542901 -8.70552862]\n [ 1.79909726 -5.34337147 -4.64280663  3.80232003 -8.70552862  8.21616023]]", "nfev": "523", "njev": "73", "status": "2", "success": "False", "message": "Desired error not necessarily achieved due to precision loss.", "x": "[2.23688153 1.30193979 6.67382711 1.25111196 7.59420638 0.6788239 ]", "nit": "36"}, "23": {"maxiter": 1000, "gtol": 1e-10, "xrtol": 1e-10, "eps": 1e-10, "duration": 0.08019828796386719, "fun": "0.3004105043602102", "jac": "[0. 0. 0. 0. 0. 0.]", "hess_inv": "[[ 0.33847234 -0.79674003  0.28030534  0.78099188 -0.35016406 -0.59305192]\n [-0.79674003  2.10117221 -0.61970401 -1.99481422  0.86524555  1.35700533]\n [ 0.28030534 -0.61970401  0.27189549  0.62966507 -0.26173808 -0.53631732]\n [ 0.78099188 -1.99481422  0.62966507  1.92724356 -0.84147124 -1.36058572]\n [-0.35016406  0.86524555 -0.26173808 -0.84147124  0.41005746  0.59498752]\n [-0.59305192  1.35700533 -0.53631732 -1.36058572  0.59498752  1.09866098]]", "nfev": "462", "njev": "66", "status": "0", "success": "True", "message": "Optimization terminated successfully.", "x": "[2.23688004 1.30195774 6.67384851 1.2511106  7.59422007 0.67881802]", "nit": "46"}}, "cobyla": {"0": {"maxiter": 100, "tol": 1e-05, "catol": 1e-05, "duration": 0.016530275344848633, "x": "[ 4.29818033 -1.61109679  3.61812505 -1.01806815  4.99356465  3.50082487]", "status": "2", "success": "False", "message": "Maximum number of function evaluations has been exceeded.", "nfev": "100", "fun": "0.30740618712857426", "maxcv": "0.0"}, "1": {"maxiter": 100, "tol": 1e-05, "catol": 1e-10, "duration": 0.01645183563232422, "x": "[ 4.29818033 -1.61109679  3.61812505 -1.01806815  4.99356465  3.50082487]", "status": "2", "success": "False", "message": "Maximum number of function evaluations has been exceeded.", "nfev": "100", "fun": "0.30740618712857426", "maxcv": "0.0"}, "2": {"maxiter": 100, "tol": 1e-10, "catol": 1e-05, "duration": 0.01652812957763672, "x": "[ 4.29818033 -1.61109679  3.61812505 -1.01806815  4.99356465  3.50082487]", "status": "2", "success": "False", "message": "Maximum number of function evaluations has been exceeded.", "nfev": "100", "fun": "0.30740618712857426", "maxcv": "0.0"}, "3": {"maxiter": 100, "tol": 1e-10, "catol": 1e-10, "duration": 0.01647496223449707, "x": "[ 4.29818033 -1.61109679  3.61812505 -1.01806815  4.99356465  3.50082487]", "status": "2", "success": "False", "message": "Maximum number of function evaluations has been exceeded.", "nfev": "100", "fun": "0.30740618712857426", "maxcv": "0.0"}, "4": {"maxiter": 500, "tol": 1e-05, "catol": 1e-05, "duration": 0.08280611038208008, "x": "[ 4.04640861 -1.83928015  3.53251295 -1.25090904  4.45298231  3.82018669]", "status": "2", "success": "False", "message": "Maximum number of function evaluations has been exceeded.", "nfev": "500", "fun": "0.3004105100408153", "maxcv": "0.0"}, "5": {"maxiter": 500, "tol": 1e-05, "catol": 1e-10, "duration": 0.08281493186950684, "x": "[ 4.04640861 -1.83928015  3.53251295 -1.25090904  4.45298231  3.82018669]", "status": "2", "success": "False", "message": "Maximum number of function evaluations has been exceeded.", "nfev": "500", "fun": "0.3004105100408153", "maxcv": "0.0"}, "6": {"maxiter": 500, "tol": 1e-10, "catol": 1e-05, "duration": 0.08278226852416992, "x": "[ 4.04640861 -1.83928015  3.53251295 -1.25090904  4.45298231  3.82018669]", "status": "2", "success": "False", "message": "Maximum number of function evaluations has been exce