{"date": "2024/07/19/, 01:09:11", "conf_id": 134, "data_type": "orthogonal\n", "num_data_points": 3, "s_rank": 0, "unitary": "[[-0.24866696+0.58742286j,-0.44704345-0.43151574j,-0.35669027-0.20570733j,-0.10517633+0.1626036j],[0.10596805-0.19687975j,-0.30269685-0.15056416j,0.18246286+0.30440582j,-0.83484447-0.11310748j],[0.26054512-0.52548482j,0.0285017-0.50723956j,-0.43110112+0.17165838j,0.15243271+0.39915801j],[0.42978035+0.11991271j,-0.17224126-0.46030424j,0.6827807-0.15164662j,0.26483638+0.0061855j]]", "databatch_0": {"databatch": "[[[-3.01159146e-01+0.14656577j,3.12970863e-01+0.17996269j,-2.27381010e-01-0.00377837j,-9.01412366e-02-0.1682341j],[-1.65599281e-01-0.12194037j,-1.70269979e-01-0.26312014j,-2.37796042e-02-0.19685283j,-2.99851620e-01-0.30135578j],[-1.65621438e-01-0.11772224j,1.07707762e-01+0.0705182j,1.42192787e-01-0.24964677j,-1.08980887e-02-0.00085146j],[-2.59427787e-02-0.24535638j,-2.17415450e-01-0.01806863j,1.47093531e-01-0.11193614j,-8.59029130e-02-0.13506106j]],[[6.03091737e-02+0.28792219j,5.26536371e-02-0.11186063j,-5.98890741e-02+0.19626002j,-2.29513837e-01+0.21328927j],[3.47183459e-01-0.0554269j,-4.78258803e-02-0.18148371j,1.09721949e-01+0.28501863j,1.97765688e-01-0.12135344j],[-4.22863293e-02+0.0145365j,4.71861616e-02+0.42663668j,3.54168746e-02+0.13337474j,4.43947952e-02+0.21622835j],[9.87396090e-03-0.02825108j,5.41489847e-03-0.16175016j,2.43009959e-01-0.23523404j,-7.65264403e-02+0.2249741j]],[[1.81284686e-01-0.20084305j,-1.67886900e-01-0.09232995j,2.43865633e-01-0.08543656j,1.37455816e-01+0.06652764j],[2.53923666e-02+0.03464469j,4.45431431e-02-0.18030459j,8.43389694e-02+0.03991081j,-1.48566967e-01-0.05684981j],[-3.87754799e-01-0.02312135j,-1.97518237e-01+0.22208904j,-1.55098034e-01-0.25349812j,-3.66989446e-01+0.05232067j],[2.92135632e-02-0.20598272j,-2.38978601e-04+0.35758634j,2.07034581e-01+0.01251898j,2.03918241e-01+0.09452272j]]]", "initial param values": "[1.68301604,1.87680492,2.8643364,5.86835163,3.50461719,3.01318161]", "nelder_mead": {"type": "gradient-free", "0": {"maxiter": 100, "fatol": 1e-05, "xatol": 1e-05, "duration": 0.0268402099609375, "fun": "0.5327921391538344", "nit": "100", "nfev": "156", "status": "2", "success": "False", "message": "Maximum number of iterations has been exceeded.", "x": "[0.53630169 0.68723506 3.77676499 7.57656341 2.31572903 4.9057556 ]", "final_simplex": "(array([[0.53630169, 0.68723506, 3.77676499, 7.57656341, 2.31572903,\n        4.9057556 ],\n       [0.51204976, 0.66832403, 3.82688748, 7.5477571 , 2.26300647,\n        4.93834065],\n       [0.50541152, 0.69105966, 3.77530749, 7.57835145, 2.26256357,\n        5.00774849],\n       [0.53077814, 0.75043581, 3.75495672, 7.5514878 , 2.28640204,\n        4.96969502],\n       [0.54332491, 0.75406186, 3.7307577 , 7.52744702, 2.32438036,\n        4.94367682],\n       [0.51003642, 0.74875772, 3.75764359, 7.57455249, 2.29115216,\n        4.94390379],\n       [0.55083403, 0.72205987, 3.75994057, 7.55724299, 2.232561  ,\n        4.98566039]]), array([0.53279214, 0.5336908 , 0.53374062, 0.53399044, 0.53427009,\n       0.53430857, 0.53432559]))"}, "1": {"maxiter": 100, "fatol": 1e-05, "xatol": 1e-10, "duration": 0.02678394317626953, "fun": "0.5327921391538344", "nit": "100", "nfev": "156", "status": "2", "success": "False", "message": "Maximum number of iterations has been exceeded.", "x": "[0.53630169 0.68723506 3.77676499 7.57656341 2.31572903 4.9057556 ]", "final_simplex": "(array([[0.53630169, 0.68723506, 3.77676499, 7.57656341, 2.31572903,\n        4.9057556 ],\n       [0.51204976, 0.66832403, 3.82688748, 7.5477571 , 2.26300647,\n        4.93834065],\n       [0.50541152, 0.69105966, 3.77530749, 7.57835145, 2.26256357,\n        5.00774849],\n       [0.53077814, 0.75043581, 3.75495672, 7.5514878 , 2.28640204,\n        4.96969502],\n       [0.54332491, 0.75406186, 3.7307577 , 7.52744702, 2.32438036,\n        4.94367682],\n       [0.51003642, 0.74875772, 3.75764359, 7.57455249, 2.29115216,\n        4.94390379],\n       [0.55083403, 0.72205987, 3.75994057, 7.55724299, 2.232561  ,\n        4.98566039]]), array([0.53279214, 0.5336908 , 0.53374062, 0.53399044, 0.53427009,\n       0.53430857, 0.53432559]))"}, "2": {"maxiter": 100, "fatol": 1e-10, "xatol": 1e-05, "duration": 0.026772022247314453, "fun": "0.5327921391538344", "nit": "100", "nfev": "156", "status": "2", "success": "False", "message": "Maximum number of iterations has been exceeded.", "x": "[0.53630169 0.68723506 3.77676499 7.57656341 2.31572903 4.9057556 ]", "final_simplex": "(array([[0.53630169, 0.68723506, 3.77676499, 7.57656341, 2.31572903,\n        4.9057556 ],\n       [0.51204976, 0.66832403, 3.82688748, 7.5477571 , 2.26300647,\n        4.93834065],\n       [0.50541152, 0.69105966, 3.77530749, 7.57835145, 2.26256357,\n        5.00774849],\n       [0.53077814, 0.75043581, 3.75495672, 7.5514878 , 2.28640204,\n        4.96969502],\n       [0.54332491, 0.75406186, 3.7307577 , 7.52744702, 2.32438036,\n        4.94367682],\n       [0.51003642, 0.74875772, 3.75764359, 7.57455249, 2.29115216,\n        4.94390379],\n       [0.55083403, 0.72205987, 3.75994057, 7.55724299, 2.232561  ,\n        4.98566039]]), array([0.53279214, 0.5336908 , 0.53374062, 0.53399044, 0.53427009,\n       0.53430857, 0.53432559]))"}, "3": {"maxiter": 100, "fatol": 1e-10, "xatol": 1e-10, "duration": 0.02679920196533203, "fun": "0.5327921391538344", "nit": "100", "nfev": "156", "status": "2", "success": "False", "message": "Maximum number of iterations has been exceeded.", "x": "[0.53630169 0.68723506 3.77676499 7.57656341 2.31572903 4.9057556 ]", "final_simplex": "(array([[0.53630169, 0.68723506, 3.77676499, 7.57656341, 2.31572903,\n        4.9057556 ],\n       [0.51204976, 0.66832403, 3.82688748, 7.5477571 , 2.26300647,\n        4.93834065],\n       [0.50541152, 0.69105966, 3.77530749, 7.57835145, 2.26256357,\n        5.00774849],\n       [0.53077814, 0.75043581, 3.75495672, 7.5514878 , 2.28640204,\n        4.96969502],\n       [0.54332491, 0.75406186, 3.7307577 , 7.52744702, 2.32438036,\n        4.94367682],\n       [0.51003642, 0.74875772, 3.75764359, 7.57455249, 2.29115216,\n        4.94390379],\n       [0.55083403, 0.72205987, 3.75994057, 7.55724299, 2.232561  ,\n        4.98566039]]), array([0.53279214, 0.5336908 , 0.53374062, 0.53399044, 0.53427009,\n       0.53430857, 0.53432559]))"}, "4": {"maxiter": 500, "fatol": 1e-05, "xatol": 1e-05, "duration": 0.09554004669189453, "fun": "0.5016341534536746", "nit": "352", "nfev": "558", "status": "0", "success": "True", "message": "Optimization terminated successfully.", "x": "[1.20936573 0.10905305 4.39077394 7.934986   2.7074681  5.35481169]", "final_simplex": "(array([[1.20936573, 0.10905305, 4.39077394, 7.934986  , 2.7074681 ,\n        5.35481169],\n       [1.20936297, 0.10905054, 4.39077285, 7.93498259, 2.7074702 ,\n        5.35480919],\n       [1.20937308, 0.1090475 , 4.39077381, 7.93498294, 2.70747239,\n        5.35481501],\n       [1.2093687 , 0.10905128, 4.39077252, 7.93498134, 2.70747043,\n        5.35480745],\n       [1.20936966, 0.10905225, 4.39077142, 7.93498669, 2.70747351,\n        5.35481019],\n       [1.20936774, 0.10905702, 4.39077153, 7.93498378, 2.70747364,\n        5.35481132],\n       [1.20936292, 0.10905155, 4.39077085, 7.93497933, 2.70746733,\n        5.35480887]]), array([0.50163415, 0.50163415, 0.50163415, 0.50163415, 0.50163415,\n       0.50163415, 0.50163415]))"}, "5": {"maxiter": 500, "fatol": 1e-05, "xatol": 1e-10, "duration": 0.13607215881347656, "fun": "0.5016341534475415", "nit": "500", "nfev": "795", "status": "2", "success": "False", "message": "Maximum number of iterations has been exceeded.", "x": "[1.20937224 0.1090493  4.39078086 7.93498583 2.70747386 5.35481689]", "final_simplex": "(array([[1.20937224, 0.1090493 , 4.39078086, 7.93498583, 2.70747386,\n        5.35481689],\n       [1.20937223, 0.10904933, 4.39078085, 7.93498586, 2.70747391,\n        5.35481681],\n       [1.20937222, 0.1090493 , 4.39078084, 7.93498581, 2.70747383,\n        5.35481681],\n       [1.20937233, 0.10904931, 4.39078087, 7.93498581, 2.70747393,\n        5.35481689],\n       [1.20937225, 0.10904935, 4.39078086, 7.93498583, 2.70747388,\n        5.35481682],\n       [1.2093723 , 0.10904939, 4.39078087, 7.93498585, 2.70747385,\n        5.35481681],\n       [1.20937224, 0.10904937, 4.39078083, 7.93498582, 2.70747386,\n        5.35481683]]), array([0.50163415, 0.50163415, 0.50163415, 0.50163415, 0.50163415,\n       0.50163415, 0.50163415]))"}, "6": {"maxiter": 500, "fatol": 1e-10, "xatol": 1e-05, "duration": 0.0959022045135498, "fun": "0.5016341534536746", "nit": "352", "nfev": "558", "status": "0", "success": "True", "message": "Optimization terminated successfully.", "x": "[1.20936573 0.10905305 4.39077394 7.934986   2.7074681  5.35481169]", "final_simplex": "(array([[1.20936573, 0.10905305, 4.39077394, 7.934986  , 2.7074681 ,\n        5.35481169],\n       [1.20936297, 0.10905054, 4.39077285, 7.93498259, 2.7074702 ,\n        5.35480919],\n       [1.20937308, 0.1090475 , 4.39077381, 7.93498294, 2.70747239,\n        5.35481501],\n       [1.2093687 , 0.10905128, 4.39077252, 7.93498134, 2.70747043,\n        5.35480745],\n       [1.20936966, 0.10905225, 4.39077142, 7.93498669, 2.70747351,\n        5.35481019],\n       [1.20936774, 0.10905702, 4.39077153, 7.93498378, 2.70747364,\n        5.35481132],\n       [1.20936292, 0.10905155, 4.39077085, 7.93497933, 2.70746733,\n        5.35480887]]), array([0.50163415, 0.50163415, 0.50163415, 0.50163415, 0.50163415,\n       0.50163415, 0.50163415]))"}, "7": {"maxiter": 500, "fatol": 1e-10, "xatol": 1e-10, "duration": 0.13616108894348145, "fun": "0.5016341534475415", "nit": "500", "nfev": "795", "status": "2", "success": "False", "message": "Maximum number of iterations has been exceeded.", "x": "[1.20937224 0.1090493  4.39078086 7.93498583 2.70747386 5.35481689]", "final_simplex": "(array([[1.20937224, 0.1090493 , 4.39078086, 7.93498583, 2.70747386,\n        5.35481689],\n       [1.20937223, 0.10904933, 4.39078085, 7.93498586, 2.70747391,\n        5.35481681],\n       [1.20937222, 0.1090493 , 4.39078084, 7.93498581, 2.70747383,\n        5.35481681],\n       [1.20937233, 0.10904931, 4.39078087, 7.93498581, 2.70747393,\n        5.35481689],\n       [1.20937225, 0.10904935, 4.39078086, 7.93498583, 2.70747388,\n        5.35481682],\n       [1.2093723 , 0.10904939, 4.39078087, 7.93498585, 2.70747385,\n        5.35481681],\n       [1.20937224, 0.10904937, 4.39078083, 7.93498582, 2.70747386,\n        5.35481683]]), array([0.50163415, 0.50163415, 0.50163415, 0.50163415, 0.50163415,\n       0.50163415, 0.50163415]))"}, "8": {"maxiter": 1000, "fatol": 1e-05, "xatol": 1e-05, "duration": 0.09422588348388672, "fun": "0.5016341534536746", "nit": "352", "nfev": "558", "status": "0", "success": "True", "message": "Optimization terminated successfully.", "x": "[1.20936573 0.10905305 4.39077394 7.934986   2.7074681  5.35481169]", "final_simplex": "(array([[1.20936573, 0.10905305, 4.39077394, 7.934986  , 2.7074681 ,\n        5.35481169],\n       [1.20936297, 0.10905054, 4.39077285, 7.93498259, 2.7074702 ,\n        5.35480919],\n       [1.20937308, 0.1090475 , 4.39077381, 7.93498294, 2.70747239,\n        5.35481501],\n       [1.2093687 , 0.10905128, 4.39077252, 7.93498134, 2.70747043,\n        5.35480745],\n       [1.20936966, 0.10905225, 4.39077142, 7.93498669, 2.70747351,\n        5.35481019],\n       [1.20936774, 0.10905702, 4.39077153, 7.93498378, 2.70747364,\n        5.35481132],\n       [1.20936292, 0.10905155, 4.39077085, 7.93497933, 2.70746733,\n        5.35480887]]), array([0.50163415, 0.50163415, 0.50163415, 0.50163415, 0.50163415,\n       0.50163415, 0.50163415]))"}, "9": {"maxiter": 1000, "fatol": 1e-05, "xatol": 1e-10, "duration": 0.14890003204345703, "fun": "0.5016341534475397", "nit": "535", "nfev": "901", "status": "0", "success": "True", "message": "Optimization terminated successfully.", "x": "[1.20937232 0.10904925 4.39078094 7.9349859  2.70747393 5.35481689]", "final_simplex": "(array([[1.20937232, 0.10904925, 4.39078094, 7.9349859 , 2.70747393,\n        5.35481689],\n       [1.20937232, 0.10904925, 4.39078094, 7.9349859 , 2.70747393,\n        5.35481689],\n       [1.20937232, 0.10904925, 4.39078094, 7.9349859 , 2.70747393,\n        5.35481689],\n       [1.20937232, 0.10904925, 4.39078094, 7.9349859 , 2.70747393,\n        5.35481689],\n       [1.20937232, 0.10904925, 4.39078094, 7.9349859 , 2.70747393,\n        5.35481689],\n       [1.20937232, 0.10904925, 4.39078094, 7.9349859 , 2.70747393,\n        5.35481689],\n       [1.20937232, 0.10904925, 4.39078094, 7.9349859 , 2.70747393,\n        5.35481689]]), array([0.50163415, 0.50163415, 0.50163415, 0.50163415, 0.50163415,\n       0.50163415, 0.50163415]))"}, "10": {"maxiter": 1000, "fatol": 1e-10, "xatol": 1e-05, "duration": 0.0925130844116211, "fun": "0.5016341534536746", "nit": "352", "nfev": "558", "status": "0", "success": "True", "message": "Optimization terminated successfully.", "x": "[1.20936573 0.10905305 4.39077394 7.934986   2.7074681  5.35481169]", "final_simplex": "(array([[1.20936573, 0.10905305, 4.39077394, 7.934986  , 2.7074681 ,\n        5.35481169],\n       [1.20936297, 0.10905054, 4.39077285, 7.93498259, 2.7074702 ,\n        5.35480919],\n       [1.20937308, 0.1090475 , 4.39077381, 7.93498294, 2.70747239,\n        5.35481501],\n       [1.2093687 , 0.10905128, 4.39077252, 7.93498134, 2.70747043,\n        5.35480745],\n       [1.20936966, 0.10905225, 4.39077142, 7.93498669, 2.70747351,\n        5.35481019],\n       [1.20936774, 0.10905702, 4.39077153, 7.93498378, 2.70747364,\n        5.35481132],\n       [1.20936292, 0.10905155, 4.39077085, 7.93497933, 2.70746733,\n        5.35480887]]), array([0.50163415, 0.50163415, 0.50163415, 0.50163415, 0.50163415,\n       0.50163415, 0.50163415]))"}, "11": {"maxiter": 1000, "fatol": 1e-10, "xatol": 1e-10, "duration": 0.15082478523254395, "fun": "0.5016341534475397", "nit": "535", "nfev": "901", "status": "0", "success": "True", "message": "Optimization terminated successfully.", "x": "[1.20937232 0.10904925 4.39078094 7.9349859  2.70747393 5.35481689]", "final_simplex": "(array([[1.20937232, 0.10904925, 4.39078094, 7.9349859 , 2.70747393,\n        5.35481689],\n       [1.20937232, 0.10904925, 4.39078094, 7.9349859 , 2.70747393,\n        5.35481689],\n       [1.20937232, 0.10904925, 4.39078094, 7.9349859 , 2.70747393,\n        5.35481689],\n       [1.20937232, 0.10904925, 4.39078094, 7.9349859 , 2.70747393,\n        5.35481689],\n       [1.20937232, 0.10904925, 4.39078094, 7.9349859 , 2.70747393,\n        5.35481689],\n       [1.20937232, 0.10904925, 4.39078094, 7.9349859 , 2.70747393,\n        5.35481689],\n       [1.20937232, 0.10904925, 4.39078094, 7.9349859 , 2.70747393,\n        5.35481689]]), array([0.50163415, 0.50163415, 0.50163415, 0.50163415, 0.50163415,\n       0.50163415, 0.50163415]))"}}, "bfgs": {"type": "gradient", "0": {"maxiter": 100, "gtol": 1e-05, "xrtol": 1e-05, "eps": 1e-05, "duration": 0.04679298400878906, "fun": "0.5016341536429949", "jac": "[-9.16111631e-07  9.38804590e-07  7.88391574e-06  3.38573614e-07\n -3.50295348e-06  1.73792092e-06]", "hess_inv": "[[13.04416551 -1.55329928  2.82728799 -3.41562722  5.86236894  7.31265998]\n [-1.55329928  5.00308042 -2.51319949  0.74715591 -1.73189731 -2.07194158]\n [ 2.82728799 -2.51319949  5.77329977 -1.56490797  2.10088293  3.62176277]\n [-3.41562722  0.74715591 -1.56490797  5.13748722 -2.08528583 -2.34920778]\n [ 5.86236894 -1.73189731  2.10088293 -2.08528583  7.5761091   4.39160795]\n [ 7.31265998 -2.07194158  3.62176277 -2.34920778  4.39160795 10.30333574]]", "nfev": "273", "njev": "39", "status": "0", "success": "True", "message": "Optimization terminated successfully.", "x": "[1.20934929 0.10903864 4.39081402 4.63138372 5.84903945 2.21322748]", "nit": "26"}, "1": {"maxiter": 100, "gtol": 1e-05, "xrtol": 1e-05, "eps": 1e-10, "duration": 0.04662203788757324, "fun": "0.5016341535635234", "jac": "[-2.22044587e-06  0.00000000e+00  6.66133760e-06  2.22044587e-06\n -2.22044587e-06  0.00000000e+00]", "hess_inv": "[[13.0626964  -1.5783536   2.84450913 -3.40864592  5.91558883  7.37930375]\n [-1.5783536   5.02793175 -2.52531896  0.78051358 -1.75148957 -2.08860605]\n [ 2.84450913 -2.52531896  5.79957602 -1.61167366  2.09045762  3.63017416]\n [-3.40864592  0.78051358 -1.61167366  5.16953699 -2.08615347 -2.38560702]\n [ 5.91558883 -1.75148957  2.09045762 -2.08615347  7.63358083  4.46929017]\n [ 7.37930375 -2.08860605  3.63017416 -2.38560702  4.46929017 10.36008546]]", "nfev": "273", "njev": "39", "status": "0", "success": "True", "message": "Optimization terminated successfully.", "x": "[1.20936539 0.10904464 4.39081122 4.63138844 5.84905649 2.21323873]", "nit": "26"}, "2": {"maxiter": 100, "gtol": 1e-05, "xrtol": 1e-10, "eps": 1e-05, "duration": 0.04653596878051758, "fun": "0.5016341536429949", "jac": "[-9.16111631e-07  9.38804590e-07  7.88391574e-06  3.38573614e-07\n -3.50295348e-06  1.73792092e-06]", "hess_inv": "[[13.04416551 -1.55329928  2.82728799 -3.41562722  5.86236894  7.31265998]\n [-1.55329928  5.00308042 -2.51319949  0.74715591 -1.73189731 -2.07194158]\n [ 2.82728799 -2.51319949  5.77329977 -1.56490797  2.10088293  3.62176277]\n [-3.41562722  0.74715591 -1.56490797  5.13748722 -2.08528583 -2.34920778]\n [ 5.86236894 -1.73189731  2.10088293 -2.08528583  7.5761091   4.39160795]\n [ 7.31265998 -2.07194158  3.62176277 -2.34920778  4.39160795 10.30333574]]", "nfev": "273", "njev": "39", "status": "0", "success": "True", "message": "Optimization terminated successfully.", "x": "[1.20934929 0.10903864 4.39081402 4.63138372 5.84903945 2.21322748]", "nit": "26"}, "3": {"maxiter": 100, "gtol": 1e-05, "xrtol": 1e-10, "eps": 1e-10, "duration": 0.046386003494262695, "fun": "0.5016341535635234", "jac": "[-2.22044587e-06  0.00000000e+00  6.66133760e-06  2.22044587e-06\n -2.22044587e-06  0.00000000e+00]", "hess_inv": "[[13.0626964  -1.5783536   2.84450913 -3.40864592  5.91558883  7.37930375]\n [-1.5783536   5.02793175 -2.52531896  0.78051358 -1.75148957 -2.08860605]\n [ 2.84450913 -2.52531896  5.79957602 -1.61167366  2.09045762  3.63017416]\n [-3.40864592  0.78051358 -1.61167366  5.16953699 -2.08615347 -2.38560702]\n [ 5.91558883 -1.75148957  2.09045762 -2.08615347  7.63358083  4.46929017]\n [ 7.37930375 -2.08860605  3.63017416 -2.38560702  4.46929017 10.36008546]]", "nfev": "273", "njev": "39", "status": "0", "success": "True", "message": "Optimization terminated successfully.", "x": "[1.20936539 0.10904464 4.39081122 4.63138844 5.84905649 2.21323873]", "nit": "26"}, "4": {"maxiter": 100, "gtol": 1e-10, "xrtol": 1e-05, "eps": 1e-05, "duration": 0.04757809638977051, "fun": "0.5016341534762483", "jac": "[ 8.72191208e-08  2.04947170e-07  8.56315019e-07  1.64623870e-07\n -2.71338507e-07 -2.17914575e-07]", "hess_inv": "[[12.9660403  -1.48246891  2.57600628 -3.37391257  5.88545973  7.1849612 ]\n [-1.48246891  4.99953881 -2.50083287  0.72907251 -1.69759099 -2.07569885]\n [ 2.57600628 -2.50083287  5.73012945 -1.50081863  1.97899594  3.63548185]\n [-3.37391257  0.72907251 -1.50081863  5.12163357 -2.07964644 -2.31990462]\n [ 5.88545973 -1.69759099  1.97899594 -2.07964644  7.619578    4.32052373]\n [ 7.1849612  -2.07569885  3.63548185 -2.31990462  4.32052373 10.3300905 ]]", "nfev": "280", "njev": "40", "status": "0", "success": "True", "message": "Optimization terminated successfully.", "x": "[1.20935152 0.10904972 4.39077467 4.63138678 5.84905071 2.21320531]", "nit": "27"}, "5": {"maxiter": 100, "gtol": 1e-10, "xrtol": 1e-05, "eps": 1e-10, "duration": 0.04758810997009277, "fun": "0.5016341534886115", "jac": "[0.00000000e+00 2.22044617e-06 0.00000000e+00 0.00000000e+00\n 0.00000000e+00 0.00000000e+00]", "hess_inv": "[[13.50749515 -1.49608618  2.58808375 -3.57943184  6.19642117  7.45747732]\n [-1.49608618  5.02366665 -2.51094861  0.75992697 -1.71286123 -2.0937487 ]\n [ 2.58808375 -2.51094861  5.75137024 -1.54811343  1.97078953  3.64728649]\n [-3.57943184  0.75992697 -1.54811343  5.2289     -2.18646464 -2.40455376]\n [ 6.19642117 -1.71286123  1.97078953 -2.18646464  7.80179209  4.50525151]\n [ 7.45747732 -2.0937487   3.64728649 -2.40455376  4.50525151 10.35410217]]", "nfev": "280", "njev": "40", "status": "0", "success": "True", "message": "Optimization terminated successfully.", "x": "[1.20939985 0.10905255 4.39078646 4.63137434 5.8490793  2.21324634]", "nit": "27"}, "6": {"maxiter": 100, "gtol": 1e-10, "xrtol": 1e-10, "eps": 1e-05, "duration": 0.08972907066345215, "fun": "0.5016341534760869", "jac": "[-9.10382880e-10  3.27293748e-08  2.36921593e-08  2.16271445e-08\n  1.96065386e-08 -1.28119737e-08]", "hess_inv": "[[12.99314425 -1.48678231  2.45568422 -3.39837522  5.92299344  7.17885689]\n [-1.48678231  4.9692913  -2.41234842  0.71930564 -1.72956476 -2.03172755]\n [ 2.45568422 -2.41234842  6.07168895 -1.36125102  1.85664921  3.5098536 ]\n [-3.39837522  0.71930564 -1.36125102  5.13767697 -2.12487079 -2.29487159]\n [ 5.92299344 -1.72956476  1.85664921 -2.12487079  7.64442664  4.32698809]\n [ 7.17885689 -2.03172755  3.5098536  -2.29487159  4.32698809 10.1862839 ]]", "nfev": "530", "njev": "74", "status": "2", "success": "False", "message": "Desired error not necessarily achieved due to precision loss.", "x": "[1.20935227 0.10904998 4.39077127 4.63138627 5.84905236 2.21320579]", "nit": "28"}, "7": {"maxiter": 100, "gtol": 1e-10, "xrtol": 1e-10, "eps": 1e-10, "duration": 0.06749391555786133, "fun": "0.501634153479831", "jac": "[ 0.00000000e+00 -2.22044617e-06  0.00000000e+00  0.00000000e+00\n  0.00000000e+00  2.22044587e-06]", "hess_inv": "[[ 45.75767551  62.55293025   1.3550411   -5.06524665 -17.15236771\n   19.73709465]\n [ 62.55293025  93.50471949   2.33572418  -6.3008193  -27.27657049\n   30.75646578]\n [  1.3550411    2.33572418   0.45002369  -0.17489105  -0.6719346\n    0.76900854]\n [ -5.06524665  -6.3008193   -0.17489105   4.74813747   1.44588461\n   -1.74616035]\n [-17.15236771 -27.27657049  -0.6719346    1.44588461   9.84662304\n  -10.72122339]\n [ 19.73709465  30.75646578   0.76900854  -1.74616035 -10.72122339\n   12.07281437]]", "nfev": "399", "njev": "57", "status": "0", "success": "True", "message": "Optimization terminated successfully.", "x": "[1.20939739 0.10903974 4.39078723 4.63137395 5.84908154 2.21324462]", "nit": "31"}, "8": {"maxiter": 500, "gtol": 1e-05, "xrtol": 1e-05, "eps": 1e-05, "duration": 0.04639291763305664, "fun": "0.5016341536429949", "jac": "[-9.16111631e-07  9.38804590e-07  7.88391574e-06  3.38573614e-07\n -3.50295348e-06  1.73792092e-06]", "hess_inv": "[[13.04416551 -1.55329928  2.82728799 -3.41562722  5.86236894  7.31265998]\n [-1.55329928  5.00308042 -2.51319949  0.74715591 -1.73189731 -2.07194158]\n [ 2.82728799 -2.51319949  5.77329977 -1.56490797  2.10088293  3.62176277]\n [-3.41562722  0.74715591 -1.56490797  5.13748722 -2.08528583 -2.34920778]\n [ 5.86236894 -1.73189731  2.10088293 -2.08528583  7.5761091   4.39160795]\n [ 7.31265998 -2.07194158  3.62176277 -2.34920778  4.39160795 10.30333574]]", "nfev": "273", "njev": "39", "status": "0", "success": "True", "message": "Optimization terminated successfully.", "x": "[1.20934929 0.10903864 4.39081402 4.63138372 5.84903945 2.21322748]", "nit": "26"}, "9": {"maxiter": 500, "gtol": 1e-05, "xrtol": 1e-05, "eps": 1e-10, "duration": 0.04640507698059082, "fun": "0.5016341535635234", "jac": "[-2.22044587e-06  0.00000000e+00  6.66133760e-06  2.22044587e-06\n -2.22044587e-06  0.00000000e+00]", "hess_inv": "[[13.0626964  -1.5783536   2.84450913 -3.40864592  5.91558883  7.37930375]\n [-1.5783536   5.02793175 -2.52531896  0.78051358 -1.75148957 -2.08860605]\n [ 2.84450913 -2.52531896  5.79957602 -1.61167366  2.09045762  3.63017416]\n [-3.40864592  0.78051358 -1.61167366  5.16953699 -2.08615347 -2.38560702]\n [ 5.91558883 -1.75148957  2.09045762 -2.08615347  7.63358083  4.46929017]\n [ 7.37930375 -2.08860605  3.63017416 -2.38560702  4.46929017 10.36008546]]", "nfev": "273", "njev": "39", "status": "0", "success": "True", "message": "Optimization terminated successfully.", "x": "[1.20936539 0.10904464 4.39081122 4.63138844 5.84905649 2.21323873]", "nit": "26"}, "10": {"maxiter": 500, "gtol": 1e-05, "xrtol": 1e-10, "eps": 1e-05, "duration": 0.046443939208984375, "fun": "0.5016341536429949", "jac": "[-9.16111631e-07  9.38804590e-07  7.88391574e-06  3.38573614e-07\n -3.50295348e-06  1.73792092e-06]", "hess_inv": "[[13.04416551 -1.55329928  2.82728799 -3.41562722  5.86236894  7.31265998]\n [-1.55329928  5.00308042 -2.51319949  0.74715591 -1.73189731 -2.07194158]\n [ 2.82728799 -2.51319949  5.77329977 -1.56490797  2.10088293  3.62176277]\n [-3.41562722  0.74715591 -1.56490797  5.13748722 -2.08528583 -2.34920778]\n [ 5.86236894 -1.73189731  2.10088293 -2.08528583  7.5761091   4.39160795]\n [ 7.31265998 -2.07194158  3.62176277 -2.34920778  4.39160795 10.30333574]]", "nfev": "273", "njev": "39", "status": "0", "success": "True", "message": "Optimization terminated successfully.", "x": "[1.20934929 0.10903864 4.39081402 4.63138372 5.84903945 2.21322748]", "nit": "26"}, "11": {"maxiter": 500, "gtol": 1e-05, "xrtol": 1e-10, "eps": 1e-10, "duration": 0.04639482498168945, "fun": "0.5016341535635234", "jac": "[-2.22044587e-06  0.00000000e+00  6.66133760e-06  2.22044587e-06\n -2.22044587e-06  0.00000000e+00]", "hess_inv": "[[13.0626964  -1.5783536   2.84450913 -3.40864592  5.91558883  7.37930375]\n [-1.5783536   5.02793175 -2.52531896  0.78051358 -1.75148957 -2.08860605]\n [ 2.84450913 -2.52531896  5.79957602 -1.61167366  2.09045762  3.63017416]\n [-3.40864592  0.78051358 -1.61167366  5.16953699 -2.08615347 -2.38560702]\n [ 5.91558883 -1.75148957  2.09045762 -2.08615347  7.63358083  4.46929017]\n [ 7.37930375 -2.08860605  3.63017416 -2.38560702  4.46929017 10.36008546]]", "nfev": "273", "njev": "39", "status": "0", "success": "True", "message": "Optimization terminated successfully.", "x": "[1.20936539 0.10904464 4.39081122 4.63138844 5.84905649 2.21323873]", "nit": "26"}, "12": {"maxiter": 500, "gtol": 1e-10, "xrtol": 1e-05, "eps": 1e-05, "duration": 0.04761505126953125, "fun": "0.5016341534762483", "jac": "[ 8.72191208e-08  2.04947170e-07  8.56315019e-07  1.64623870e-07\n -2.71338507e-07 -2.17914575e-07]", "hess_inv": "[[12.9660403  -1.48246891  2.57600628 -3.37391257  5.88545973  7.1849612 ]\n [-1.48246891  4.99953881 -2.50083287  0.72907251 -1.69759099 -2.07569885]\n [ 2.57600628 -2.50083287  5.73012945 -1.50081863  1.97899594  3.63548185]\n [-3.37391257  0.72907251 -1.50081863  5.12163357 -2.07964644 -2.31990462]\n [ 5.88545973 -1.69759099  1.97899594 -2.07964644  7.619578    4.32052373]\n [ 7.1849612  -2.07569885  3.63548185 -2.31990462  4.32052373 10.3300905 ]]", "nfev": "280", "njev": "40", "status": "0", "success": "True", "message": "Optimization terminated successfully.", "x": "[1.20935152 0.10904972 4.39077467 4.63138678 5.84905071 2.21320531]", "nit": "27"}, "13": {"maxiter": 500, "gtol": 1e-10, "xrtol": 1e-05, "eps": 1e-10, "duration": 0.04761695861816406, "fun": "0.5016341534886115", "jac": "[0.00000000e+00 2.22044617e-06 0.00000000e+00 0.00000000e+00\n 0.00000000e+00 0.00000000e+00]", "hess_inv": "[[13.50749515 -1.49608618  2.58808375 -3.57943184  6.19642117  7.45747732]\n [-1.49608618  5.02366665 -2.51094861  0.75992697 -1.71286123 -2.0937487 ]\n [ 2.58808375 -2.51094861  5.75137024 -1.54811343  1.97078953  3.64728649]\n [-3.57943184  0.75992697 -1.54811343  5.2289     -2.18646464 -2.40455376]\n [ 6.19642117 -1.71286123  1.97078953 -2.18646464  7.80179209  4.50525151]\n [ 7.45747732 -2.0937487   3.64728649 -2.40455376  4.50525151 10.35410217]]", "nfev": "280", "njev": "40", "status": "0", "success": "True", "message": "Optimization terminated successfully.", "x": "[1.20939985 0.10905255 4.39078646 4.63137434 5.8490793  2.21324634]", "nit": "27"}, "14": {"maxiter": 500, "gtol": 1e-10, "xrtol": 1e-10, "eps": 1e-05, "duration": 0.08949804306030273, "fun": "0.5016341534760869", "jac": "[-9.10382880e-10  3.27293748e-08  2.36921593e-08  2.16271445e-08\n  1.96065386e-08 -1.28119737e-08]", "hess_inv": "[[12.99314425 -1.48678231  2.45568422 -3.39837522  5.92299344  7.17885689]\n [-1.48678231  4.9692913  -2.41234842  0.71930564 -1.72956476 -2.03172755]\n [ 2.45568422 -2.41234842  6.07168895 -1.36125102  1.85664921  3.5098536 ]\n [-3.39837522  0.71930564 -1.36125102  5.13767697 -2.12487079 -2.29487159]\n [ 5.92299344 -1.72956476  1.85664921 -2.12487079  7.64442664  4.32698809]\n [ 7.17885689 -2.03172755  3.5098536  -2.29487159  4.32698809 10.1862839 ]]", "nfev": "530", "njev": "74", "status": "2", "success": "False", "message": "Desired error not necessarily achieved due to precision loss.", "x": "[1.20935227 0.10904998 4.39077127 4.63138627 5.84905236 2.21320579]", "nit": "28"}, "15": {"maxiter": 500, "gtol": 1e-10, "xrtol": 1e-10, "eps": 1e-10, "duration": 0.06767010688781738, "fun": "0.501634153479831", "jac": "[ 0.00000000e+00 -2.22044617e-06  0.00000000e+00  0.00000000e+00\n  0.00000000e+00  2.22044587e-06]", "hess_inv": "[[ 45.75767551  62.55293025   1.3550411   -5.06524665 -17.15236771\n   19.73709465]\n [ 62.55293025  93.50471949   2.33572418  -6.3008193  -27.27657049\n   30.75646578]\n [  1.3550411    2.33572418   0.45002369  -0.17489105  -0.6719346\n    0.76900854]\n [ -5.06524665  -6.3008193   -0.17489105   4.74813747   1.44588461\n   -1.74616035]\n [-17.15236771 -27.27657049  -0.6719346    1.44588461   9.84662304\n  -10.72122339]\n [ 19.73709465  30.75646578   0.76900854  -1.74616035 -10.72122339\n   12.07281437]]", "nfev": "399", "njev": "57", "status": "0", "success": "True", "message": "Optimization terminated successfully.", "x": "[1.20939739 0.10903974 4.39078723 4.63137395 5.84908154 2.21324462]", "nit": "31"}, "16": {"maxiter": 1000, "gtol": 1e-05, "xrtol": 1e-05, "eps": 1e-05, "duration": 0.04743766784667969, "fun": "0.5016341536429949", "jac": "[-9.16111631e-07  9.38804590e-07  7.88391574e-06  3.38573614e-07\n -3.50295348e-06  1.73792092e-06]", "hess_inv": "[[13.04416551 -1.55329928  2.82728799 -3.41562722  5.86236894  7.31265998]\n [-1.55329928  5.00308042 -2.51319949  0.74715591 -1.73189731 -2.07194158]\n [ 2.82728799 -2.51319949  5.77329977 -1.56490797  2.10088293  3.62176277]\n [-3.41562722  0.74715591 -1.56490797  5.13748722 -2.08528583 -2.34920778]\n [ 5.86236894 -1.73189731  2.10088293 -2.08528583  7.5761091   4.39160795]\n [ 7.31265998 -2.07194158  3.62176277 -2.34920778  4.39160795 10.30333574]]", "nfev": "273", "njev": "39", "status": "0", "success": "True", "message": "Optimization terminated successfully.", "x": "[1.20934929 0.10903864 4.39081402 4.63138372 5.84903945 2.21322748]", "nit": "26"}, "17": {"maxiter": 1000, "gtol": 1e-05, "xrtol": 1e-05, "eps": 1e-10, "duration": 0.04695415496826172, "fun": "0.5016341535635234", "jac": "[-2.22044587e-06  0.00000000e+00  6.66133760e-06  2.22044587e-06\n -2.22044587e-06  0.00000000e+00]", "hess_inv": "[[13.0626964  -1.5783536   2.84450913 -3.40864592  5.91558883  7.37930375]\n [-1.5783536   5.02793175 -2.52531896  0.78051358 -1.75148957 -2.08860605]\n [ 2.84450913 -2.52531896  5.79957602 -1.61167366  2.09045762  3.63017416]\n [-3.40864592  0.78051358 -1.61167366  5.16953699 -2.08615347 -2.38560702]\n [ 5.91558883 -1.75148957  2.09045762 -2.08615347  7.63358083  4.46929017]\n [ 7.37930375 -2.08860605  3.63017416 -2.38560702  4.46929017 10.36008546]]", "nfev": "273", "njev": "39", "status": "0", "success": "True", "message": "Optimization terminated successfully.", "x": "[1.20936539 0.10904464 4.39081122 4.63138844 5.84905649 2.21323873]", "nit": "26"}, "18": {"maxiter": 1000, "gtol": 1e-05, "xrtol": 1e-10, "eps": 1e-05, "duration": 0.04640817642211914, "fun": "0.5016341536429949", "jac": "[-9.16111631e-07  9.38804590e-07  7.88391574e-06  3.38573614e-07\n -3.50295348e-06  1.73792092e-06]", "hess_inv": "[[13.04416551 -1.55329928  2.82728799 -3.41562722  5.86236894  7.31265998]\n [-1.55329928  5.00308042 -2.51319949  0.74715591 -1.73189731 -2.07194158]\n [ 2.82728799 -2.51319949  5.77329977 -1.56490797  2.10088293  3.62176277]\n [-3.41562722  0.74715591 -1.56490797  5.13748722 -2.08528583 -2.34920778]\n [ 5.86236894 -1.73189731  2.10088293 -2.08528583  7.5761091   4.39160795]\n [ 7.31265998 -2.07194158  3.62176277 -2.34920778  4.39160795 10.30333574]]", "nfev": "273", "njev": "39", "status": "0", "success": "True", "message": "Optimization terminated successfully.", "x": "[1.20934929 0.10903864 4.39081402 4.63138372 5.84903945 2.21322748]", "nit": "26"}, "19": {"maxiter": 1000, "gtol": 1e-05, "xrtol": 1e-10, "eps": 1e-10, "duration": 0.0464482307434082, "fun": "0.5016341535635234", "jac": "[-2.22044587e-06  0.00000000e+00  6.66133760e-06  2.22044587e-06\n -2.22044587e-06  0.00000000e+00]", "hess_inv": "[[13.0626964  -1.5783536   2.84450913 -3.40864592  5.91558883  7.37930375]\n [-1.5783536   5.02793175 -2.52531896  0.78051358 -1.75148957 -2.08860605]\n [ 2.84450913 -2.52531896  5.79957602 -1.61167366  2.09045762  3.63017416]\n [-3.40864592  0.78051358 -1.61167366  5.16953699 -2.08615347 -2.38560702]\n [ 5.91558883 -1.75148957  2.09045762 -2.08615347  7.63358083  4.46929017]\n [ 7.37930375 -2.08860605  3.63017416 -2.38560702  4.46929017 10.36008546]]", "nfev": "273", "njev": "39", "status": "0", "success": "True", "message": "Optimization terminated successfully.", "x": "[1.20936539 0.10904464 4.39081122 4.63138844 5.84905649 2.21323873]", "nit": "26"}, "20": {"maxiter": 1000, "gtol": 1e-10, "xrtol": 1e-05, "eps": 1e-05, "duration": 0.047554969787597656, "fun": "0.5016341534762483", "jac": "[ 8.72191208e-08  2.04947170e-07  8.56315019e-07  1.64623870e-07\n -2.71338507e-07 -2.17914575e-07]", "hess_inv": "[[12.9660403  -1.48246891  2.57600628 -3.37391257  5.88545973  7.1849612 ]\n [-1.48246891  4.99953881 -2.50083287  0.72907251 -1.69759099 -2.07569885]\n [ 2.57600628 -2.50083287  5.73012945 -1.50081863  1.97899594  3.63548185]\n [-3.37391257  0.72907251 -1.50081863  5.12163357 -2.07964644 -2.31990462]\n [ 5.88545973 -1.69759099  1.97899594 -2.07964644  7.619578    4.32052373]\n [ 7.1849612  -2.07569885  3.63548185 -2.31990462  4.32052373 10.3300905 ]]", "nfev": "280", "njev": "40", "status": "0", "success": "True", "message": "Optimization terminated successfully.", "x": "[1.20935152 0.10904972 4.39077467 4.63138678 5.84905071 2.21320531]", "nit": "27"}, "21": {"maxiter": 1000, "gtol": 1e-10, "xrtol": 1e-05, "eps": 1e-10, "duration": 0.04762697219848633, "fun": "0.5016341534886115", "jac": "[0.00000000e+00 2.22044617e-06 0.00000000e+00 0.00000000e+00\n 0.00000000e+00 0.00000000e+00]", "hess_inv": "[[13.50749515 -1.49608618  2.58808375 -3.57943184  6.19642117  7.45747732]\n [-1.49608618  5.02366665 -2.51094861  0.75992697 -1.71286123 -2.0937487 ]\n [ 2.58808375 -2.51094861  5.75137024 -1.54811343  1.97078953  3.64728649]\n [-3.57943184  0.75992697 -1.54811343  5.2289     -2.18646464 -2.40455376]\n [ 6.19642117 -1.71286123  1.97078953 -2.18646464  7.80179209  4.50525151]\n [ 7.45747732 -2.0937487   3.64728649 -2.40455376  4.50525151 10.35410217]]", "nfev": "280", "njev": "40", "status": "0", "success": "True", "message": "Optimization terminated successfully.", "x": "[1.20939985 0.10905255 4.39078646 4.63137434 5.8490793  2.21324634]", "nit": "27"}, "22": {"maxiter": 1000, "gtol": 1e-10, "xrtol": 1e-10, "eps": 1e-05, "duration": 0.08953619003295898, "fun": "0.5016341534760869", "jac": "[-9.10382880e-10  3.27293748e-08  2.36921593e-08  2.16271445e-08\n  1.96065386e-08 -1.28119737e-08]", "hess_inv": "[[12.99314425 -1.48678231  2.45568422 -3.39837522  5.92299344  7.17885689]\n [-1.48678231  4.9692913  -2.41234842  0.71930564 -1.72956476 -2.03172755]\n [ 2.45568422 -2.41234842  6.07168895 -1.36125102  1.85664921  3.5098536 ]\n [-3.39837522  0.71930564 -1.36125102  5.13767697 -2.12487079 -2.29487159]\n [ 5.92299344 -1.72956476  1.85664921 -2.12487079  7.64442664  4.32698809]\n [ 7.17885689 -2.03172755  3.5098536  -2.29487159  4.32698809 10.1862839 ]]", "nfev": "530", "njev": "74", "status": "2", "success": "False", "message": "Desired error not necessarily achieved due to precision loss.", "x": "[1.20935227 0.10904998 4.39077127 4.63138627 5.84905236 2.21320579]", "nit": "28"}, "23": {"maxiter": 1000, "gtol": 1e-10, "xrtol": 1e-10, "eps": 1e-10, "duration": 0.06761384010314941, "fun": "0.501634153479831", "jac": "[ 0.00000000e+00 -2.22044617e-06  0.00000000e+00  0.00000000e+00\n  0.00000000e+00  2.22044587e-06]", "hess_inv": "[[ 45.75767551  62.55293025   1.3550411   -5.06524665 -17.15236771\n   19.73709465]\n [ 62.55293025  93.50471949   2.33572418  -6.3008193  -27.27657049\n   30.75646578]\n [  1.3550411    2.33572418   0.45002369  -0.17489105  -0.6719346\n    0.76900854]\n [ -5.06524665  -6.3008193   -0.17489105   4.74813747   1.44588461\n   -1.74616035]\n [-17.15236771 -27.27657049  -0.6719346    1.44588461   9.84662304\n  -10.72122339]\n [ 19.73709465  30.75646578   0.76900854  -1.74616035 -10.72122339\n   12.07281437]]", "nfev": "399", "njev": "57", "status": "0", "success": "True", "message": "Optimization terminated successfully.", "x": "[1.20939739 0.10903974 4.39078723 4.63137395 5.84908154 2.21324462]", "nit": "31"}}, "cobyla": {"0": {"maxiter": 100, "tol": 1e-05, "catol": 1e-05, "duration": 0.016669750213623047, "x": "[1.12878562 0.13728345 4.35198348 7.91137924 2.66884176 5.28525044]", "status": "2", "success": "False", "message": "Maximum number of function evaluations has been exceeded.", "nfev": "100", "fun": "0.5019666567442838", "maxcv": "0.0"}, "1": {"maxiter": 100, "tol": 1e-05, "catol": 1e-10, "duration": 0.016294002532958984, "x": "[1.12878562 0.13728345 4.35198348 7.91137924 2.66884176 5.28525044]", "status": "2", "success": "False", "message": "Maximum number of function evaluations has been exceeded.", "nfev": "100", "fun": "0.5019666567442838", "maxcv": "0.0"}, "2": {"maxiter": 100, "tol": 1e-10, "catol": 1e-05, "duration": 0.01629495620727539, "x": "[1.12878562 0.13728345 4.35198348 7.91137924 2.66884176 5.28525044]", "status": "2", "success": "False", "message": "Maximum number of function evaluations has been exceeded.", "nfev": "100", "fun": "0.5019666567442838", "maxcv": "0.0"}, "3": {"maxiter": 100, "tol": 1e-10, "catol": 1e-10, "duration": 0.016328096389770508, "x": "[1.12878562 0.13728345 4.35198348 7.91137924 2.66884176 5.28525044]", "status": "2", "success": "False", "message": "Maximum number of function evaluations has been exceeded.", "nfev": "100", "fun": "0.5019666567442838", "maxcv": "0.0"}, "4": {"maxiter": 500, "tol": 1e-05, "catol": 1e-05, "duration": 0.048501014709472656, "x": "[1.20935478 0.10904714 4.39078609 7.93498398 2.70745795 5.35479505]", "status": "1", "success": "True", "message": "Optimization terminated successfully.", "nfev": "297", "fun": "0.501634153495214", "maxcv": "0.0"}, "5": {"maxiter": 500, "tol": 1e-05, "catol": 1e-10, "duration": 0.04835820198059082, "x": "[1.20935478 0.10904714 4.39078609 7.93498398 2.70745795 5.35479505]", "status": "1", "success": "True", "message": "Optimization terminated successfully.", "nfev": "297", "fun": "0.501634153495214", "maxcv": "0.0"}, "6": {"maxiter": 500, "tol": 1e-10, "catol": 1e-05, "duration": 0.06680703163146973, "x": "[1.2093725  0.10904923 4.39078094 7.93498596 2.70747397 5.35481697]", "status": "1", "success": "True", "message": "Optimization terminated successfully.", "nfev": "410", "fun": "0.5016341534475397", "maxcv": "0.0"}, "7": {"maxiter": 500, "tol": 1e-10, "catol": 1e-10, "duration": 0.0668480396270752, "x": "[1.2093725  0.10904923 4.39078094 7.93498596 2.70747397 5.35481697]", "status": "1", "success": "True", "message": "Optimization terminated successfully.", "nfev": "410", "fun": "0.5016341534475397", "maxcv": "0.0"}, "8": {"maxiter": 1000, "tol": 1e-05, "catol": 1e-05, "duration": 0.04845905303955078, "x": "[1.20935478 0.10904714 4.39078609 7.93498398 2.70745795 5.35479505]", "status": "1", "success": "True", "message": "Optimization terminated successfully.", "nfev": "297", "fun": "0.501634153495214", "maxcv": "0