{"date": "2024/07/18/, 23:36:23", "conf_id": 108, "data_type": "orthogonal\n", "num_data_points": 2, "s_rank": 0, "unitary": "[[-0.53618537-0.34368723j,-0.12107031-0.46226139j,-0.07699282-0.46603512j,0.36022595-0.11472301j],[0.26026499-0.63450712j,-0.56616638+0.37832564j,-0.14988651+0.08458591j,0.10363514-0.16008501j],[-0.32580188-0.11070003j,-0.36476308-0.23593218j,0.02559343+0.41761608j,-0.25598305+0.6725303j],[0.07406738-0.0126433j,0.28513701+0.19483972j,-0.74939717-0.10299659j,0.29798249+0.46269921j]]", "databatch_0": {"databatch": "[[[-0.08802682+0.0792016j,-0.09447955-0.20475143j,0.06999301+0.25219888j,0.17941517+0.04378467j],[-0.22795571+0.0029354j,0.20663779-0.07392979j,-0.25001948-0.0010394j,0.07763202+0.27119098j],[-0.15289456-0.35472152j,-0.02490732+0.2282434j,0.17932088-0.27151203j,-0.3195296+0.21221997j],[0.07835671-0.23992201j,-0.01343436+0.06129975j,0.07225915-0.02624049j,-0.24859763+0.00416717j]],[[-0.07541564-0.06066963j,0.05990595+0.22775173j,-0.0031006-0.31188088j,-0.10979164+0.07301786j],[0.14486764-0.03103591j,0.2513838-0.07212719j,-0.3489706+0.07229435j,-0.08759694-0.01717002j],[0.11053734-0.24733936j,-0.06584788+0.00797305j,0.12469442+0.06125721j,-0.24083335-0.03055146j],[-0.40641495+0.03213401j,0.17293597-0.09986938j,-0.19531343-0.00318829j,0.17778066+0.40411147j]]]", "initial param values": "[0.87482274,1.92727049,4.26835915,4.29180976,3.37554529,3.97725213]", "nelder_mead": {"type": "gradient-free", "0": {"maxiter": 100, "fatol": 1e-05, "xatol": 1e-05, "duration": 0.026755809783935547, "fun": "0.22458561107009323", "nit": "100", "nfev": "157", "status": "2", "success": "False", "message": "Maximum number of iterations has been exceeded.", "x": "[1.4191558  2.71474673 4.41507355 2.80452252 2.57738277 5.03111702]", "final_simplex": "(array([[1.4191558 , 2.71474673, 4.41507355, 2.80452252, 2.57738277,\n        5.03111702],\n       [1.44123703, 2.70662103, 4.42953865, 2.79041195, 2.57574175,\n        5.01655594],\n       [1.42545771, 2.71800089, 4.43436642, 2.79989173, 2.56409192,\n        5.02376005],\n       [1.44749433, 2.70148536, 4.41440378, 2.78796843, 2.57037994,\n        5.02098648],\n       [1.44090305, 2.69702979, 4.41967882, 2.79232501, 2.5654532 ,\n        5.04365461],\n       [1.41697676, 2.70746877, 4.43646645, 2.77806013, 2.57614718,\n        5.03581815],\n       [1.41046154, 2.6945063 , 4.42865097, 2.81274101, 2.57217629,\n        5.03980367]]), array([0.22458561, 0.22461231, 0.22461949, 0.22462745, 0.22465552,\n       0.22465809, 0.22470438]))"}, "1": {"maxiter": 100, "fatol": 1e-05, "xatol": 1e-10, "duration": 0.02661871910095215, "fun": "0.22458561107009323", "nit": "100", "nfev": "157", "status": "2", "success": "False", "message": "Maximum number of iterations has been exceeded.", "x": "[1.4191558  2.71474673 4.41507355 2.80452252 2.57738277 5.03111702]", "final_simplex": "(array([[1.4191558 , 2.71474673, 4.41507355, 2.80452252, 2.57738277,\n        5.03111702],\n       [1.44123703, 2.70662103, 4.42953865, 2.79041195, 2.57574175,\n        5.01655594],\n       [1.42545771, 2.71800089, 4.43436642, 2.79989173, 2.56409192,\n        5.02376005],\n       [1.44749433, 2.70148536, 4.41440378, 2.78796843, 2.57037994,\n        5.02098648],\n       [1.44090305, 2.69702979, 4.41967882, 2.79232501, 2.5654532 ,\n        5.04365461],\n       [1.41697676, 2.70746877, 4.43646645, 2.77806013, 2.57614718,\n        5.03581815],\n       [1.41046154, 2.6945063 , 4.42865097, 2.81274101, 2.57217629,\n        5.03980367]]), array([0.22458561, 0.22461231, 0.22461949, 0.22462745, 0.22465552,\n       0.22465809, 0.22470438]))"}, "2": {"maxiter": 100, "fatol": 1e-10, "xatol": 1e-05, "duration": 0.026652812957763672, "fun": "0.22458561107009323", "nit": "100", "nfev": "157", "status": "2", "success": "False", "message": "Maximum number of iterations has been exceeded.", "x": "[1.4191558  2.71474673 4.41507355 2.80452252 2.57738277 5.03111702]", "final_simplex": "(array([[1.4191558 , 2.71474673, 4.41507355, 2.80452252, 2.57738277,\n        5.03111702],\n       [1.44123703, 2.70662103, 4.42953865, 2.79041195, 2.57574175,\n        5.01655594],\n       [1.42545771, 2.71800089, 4.43436642, 2.79989173, 2.56409192,\n        5.02376005],\n       [1.44749433, 2.70148536, 4.41440378, 2.78796843, 2.57037994,\n        5.02098648],\n       [1.44090305, 2.69702979, 4.41967882, 2.79232501, 2.5654532 ,\n        5.04365461],\n       [1.41697676, 2.70746877, 4.43646645, 2.77806013, 2.57614718,\n        5.03581815],\n       [1.41046154, 2.6945063 , 4.42865097, 2.81274101, 2.57217629,\n        5.03980367]]), array([0.22458561, 0.22461231, 0.22461949, 0.22462745, 0.22465552,\n       0.22465809, 0.22470438]))"}, "3": {"maxiter": 100, "fatol": 1e-10, "xatol": 1e-10, "duration": 0.026593923568725586, "fun": "0.22458561107009323", "nit": "100", "nfev": "157", "status": "2", "success": "False", "message": "Maximum number of iterations has been exceeded.", "x": "[1.4191558  2.71474673 4.41507355 2.80452252 2.57738277 5.03111702]", "final_simplex": "(array([[1.4191558 , 2.71474673, 4.41507355, 2.80452252, 2.57738277,\n        5.03111702],\n       [1.44123703, 2.70662103, 4.42953865, 2.79041195, 2.57574175,\n        5.01655594],\n       [1.42545771, 2.71800089, 4.43436642, 2.79989173, 2.56409192,\n        5.02376005],\n       [1.44749433, 2.70148536, 4.41440378, 2.78796843, 2.57037994,\n        5.02098648],\n       [1.44090305, 2.69702979, 4.41967882, 2.79232501, 2.5654532 ,\n        5.04365461],\n       [1.41697676, 2.70746877, 4.43646645, 2.77806013, 2.57614718,\n        5.03581815],\n       [1.41046154, 2.6945063 , 4.42865097, 2.81274101, 2.57217629,\n        5.03980367]]), array([0.22458561, 0.22461231, 0.22461949, 0.22462745, 0.22465552,\n       0.22465809, 0.22470438]))"}, "4": {"maxiter": 500, "fatol": 1e-05, "xatol": 1e-05, "duration": 0.09621810913085938, "fun": "0.2241553978599804", "nit": "354", "nfev": "569", "status": "0", "success": "True", "message": "Optimization terminated successfully.", "x": "[1.46182876 2.70231393 4.43410273 2.78492802 2.79775498 5.22834989]", "final_simplex": "(array([[1.46182876, 2.70231393, 4.43410273, 2.78492802, 2.79775498,\n        5.22834989],\n       [1.46182849, 2.70231261, 4.43410369, 2.78492556, 2.79775022,\n        5.22834584],\n       [1.46183137, 2.70231054, 4.4341036 , 2.784927  , 2.79775997,\n        5.22835488],\n       [1.46182786, 2.70231354, 4.434104  , 2.78492541, 2.79776181,\n        5.22835766],\n       [1.46182615, 2.70231154, 4.43410284, 2.78492805, 2.79775235,\n        5.22834816],\n       [1.46182931, 2.70231155, 4.43410436, 2.78492472, 2.79775876,\n        5.22834983],\n       [1.46182875, 2.70231142, 4.43410044, 2.78492854, 2.79775562,\n        5.22835048]]), array([0.2241554, 0.2241554, 0.2241554, 0.2241554, 0.2241554, 0.2241554,\n       0.2241554]))"}, "5": {"maxiter": 500, "fatol": 1e-05, "xatol": 1e-10, "duration": 0.13066411018371582, "fun": "0.2241553978588795", "nit": "439", "nfev": "776", "status": "0", "success": "True", "message": "Optimization terminated successfully.", "x": "[1.46183031 2.7023127  4.43410373 2.78492581 2.79776124 5.22835539]", "final_simplex": "(array([[1.46183031, 2.7023127 , 4.43410373, 2.78492581, 2.79776124,\n        5.22835539],\n       [1.46183031, 2.7023127 , 4.43410373, 2.78492581, 2.79776124,\n        5.22835539],\n       [1.46183031, 2.7023127 , 4.43410373, 2.78492581, 2.79776124,\n        5.22835539],\n       [1.46183031, 2.7023127 , 4.43410373, 2.78492581, 2.79776124,\n        5.22835539],\n       [1.46183031, 2.7023127 , 4.43410373, 2.78492581, 2.79776124,\n        5.22835539],\n       [1.46183031, 2.7023127 , 4.43410373, 2.78492581, 2.79776124,\n        5.22835539],\n       [1.46183031, 2.7023127 , 4.43410373, 2.78492581, 2.79776124,\n        5.22835539]]), array([0.2241554, 0.2241554, 0.2241554, 0.2241554, 0.2241554, 0.2241554,\n       0.2241554]))"}, "6": {"maxiter": 500, "fatol": 1e-10, "xatol": 1e-05, "duration": 0.09518599510192871, "fun": "0.2241553978599804", "nit": "354", "nfev": "569", "status": "0", "success": "True", "message": "Optimization terminated successfully.", "x": "[1.46182876 2.70231393 4.43410273 2.78492802 2.79775498 5.22834989]", "final_simplex": "(array([[1.46182876, 2.70231393, 4.43410273, 2.78492802, 2.79775498,\n        5.22834989],\n       [1.46182849, 2.70231261, 4.43410369, 2.78492556, 2.79775022,\n        5.22834584],\n       [1.46183137, 2.70231054, 4.4341036 , 2.784927  , 2.79775997,\n        5.22835488],\n       [1.46182786, 2.70231354, 4.434104  , 2.78492541, 2.79776181,\n        5.22835766],\n       [1.46182615, 2.70231154, 4.43410284, 2.78492805, 2.79775235,\n        5.22834816],\n       [1.46182931, 2.70231155, 4.43410436, 2.78492472, 2.79775876,\n        5.22834983],\n       [1.46182875, 2.70231142, 4.43410044, 2.78492854, 2.79775562,\n        5.22835048]]), array([0.2241554, 0.2241554, 0.2241554, 0.2241554, 0.2241554, 0.2241554,\n       0.2241554]))"}, "7": {"maxiter": 500, "fatol": 1e-10, "xatol": 1e-10, "duration": 0.1293179988861084, "fun": "0.2241553978588795", "nit": "439", "nfev": "776", "status": "0", "success": "True", "message": "Optimization terminated successfully.", "x": "[1.46183031 2.7023127  4.43410373 2.78492581 2.79776124 5.22835539]", "final_simplex": "(array([[1.46183031, 2.7023127 , 4.43410373, 2.78492581, 2.79776124,\n        5.22835539],\n       [1.46183031, 2.7023127 , 4.43410373, 2.78492581, 2.79776124,\n        5.22835539],\n       [1.46183031, 2.7023127 , 4.43410373, 2.78492581, 2.79776124,\n        5.22835539],\n       [1.46183031, 2.7023127 , 4.43410373, 2.78492581, 2.79776124,\n        5.22835539],\n       [1.46183031, 2.7023127 , 4.43410373, 2.78492581, 2.79776124,\n        5.22835539],\n       [1.46183031, 2.7023127 , 4.43410373, 2.78492581, 2.79776124,\n        5.22835539],\n       [1.46183031, 2.7023127 , 4.43410373, 2.78492581, 2.79776124,\n        5.22835539]]), array([0.2241554, 0.2241554, 0.2241554, 0.2241554, 0.2241554, 0.2241554,\n       0.2241554]))"}, "8": {"maxiter": 1000, "fatol": 1e-05, "xatol": 1e-05, "duration": 0.09531092643737793, "fun": "0.2241553978599804", "nit": "354", "nfev": "569", "status": "0", "success": "True", "message": "Optimization terminated successfully.", "x": "[1.46182876 2.70231393 4.43410273 2.78492802 2.79775498 5.22834989]", "final_simplex": "(array([[1.46182876, 2.70231393, 4.43410273, 2.78492802, 2.79775498,\n        5.22834989],\n       [1.46182849, 2.70231261, 4.43410369, 2.78492556, 2.79775022,\n        5.22834584],\n       [1.46183137, 2.70231054, 4.4341036 , 2.784927  , 2.79775997,\n        5.22835488],\n       [1.46182786, 2.70231354, 4.434104  , 2.78492541, 2.79776181,\n        5.22835766],\n       [1.46182615, 2.70231154, 4.43410284, 2.78492805, 2.79775235,\n        5.22834816],\n       [1.46182931, 2.70231155, 4.43410436, 2.78492472, 2.79775876,\n        5.22834983],\n       [1.46182875, 2.70231142, 4.43410044, 2.78492854, 2.79775562,\n        5.22835048]]), array([0.2241554, 0.2241554, 0.2241554, 0.2241554, 0.2241554, 0.2241554,\n       0.2241554]))"}, "9": {"maxiter": 1000, "fatol": 1e-05, "xatol": 1e-10, "duration": 0.12891864776611328, "fun": "0.2241553978588795", "nit": "439", "nfev": "776", "status": "0", "success": "True", "message": "Optimization terminated successfully.", "x": "[1.46183031 2.7023127  4.43410373 2.78492581 2.79776124 5.22835539]", "final_simplex": "(array([[1.46183031, 2.7023127 , 4.43410373, 2.78492581, 2.79776124,\n        5.22835539],\n       [1.46183031, 2.7023127 , 4.43410373, 2.78492581, 2.79776124,\n        5.22835539],\n       [1.46183031, 2.7023127 , 4.43410373, 2.78492581, 2.79776124,\n        5.22835539],\n       [1.46183031, 2.7023127 , 4.43410373, 2.78492581, 2.79776124,\n        5.22835539],\n       [1.46183031, 2.7023127 , 4.43410373, 2.78492581, 2.79776124,\n        5.22835539],\n       [1.46183031, 2.7023127 , 4.43410373, 2.78492581, 2.79776124,\n        5.22835539],\n       [1.46183031, 2.7023127 , 4.43410373, 2.78492581, 2.79776124,\n        5.22835539]]), array([0.2241554, 0.2241554, 0.2241554, 0.2241554, 0.2241554, 0.2241554,\n       0.2241554]))"}, "10": {"maxiter": 1000, "fatol": 1e-10, "xatol": 1e-05, "duration": 0.09491109848022461, "fun": "0.2241553978599804", "nit": "354", "nfev": "569", "status": "0", "success": "True", "message": "Optimization terminated successfully.", "x": "[1.46182876 2.70231393 4.43410273 2.78492802 2.79775498 5.22834989]", "final_simplex": "(array([[1.46182876, 2.70231393, 4.43410273, 2.78492802, 2.79775498,\n        5.22834989],\n       [1.46182849, 2.70231261, 4.43410369, 2.78492556, 2.79775022,\n        5.22834584],\n       [1.46183137, 2.70231054, 4.4341036 , 2.784927  , 2.79775997,\n        5.22835488],\n       [1.46182786, 2.70231354, 4.434104  , 2.78492541, 2.79776181,\n        5.22835766],\n       [1.46182615, 2.70231154, 4.43410284, 2.78492805, 2.79775235,\n        5.22834816],\n       [1.46182931, 2.70231155, 4.43410436, 2.78492472, 2.79775876,\n        5.22834983],\n       [1.46182875, 2.70231142, 4.43410044, 2.78492854, 2.79775562,\n        5.22835048]]), array([0.2241554, 0.2241554, 0.2241554, 0.2241554, 0.2241554, 0.2241554,\n       0.2241554]))"}, "11": {"maxiter": 1000, "fatol": 1e-10, "xatol": 1e-10, "duration": 0.12921404838562012, "fun": "0.2241553978588795", "nit": "439", "nfev": "776", "status": "0", "success": "True", "message": "Optimization terminated successfully.", "x": "[1.46183031 2.7023127  4.43410373 2.78492581 2.79776124 5.22835539]", "final_simplex": "(array([[1.46183031, 2.7023127 , 4.43410373, 2.78492581, 2.79776124,\n        5.22835539],\n       [1.46183031, 2.7023127 , 4.43410373, 2.78492581, 2.79776124,\n        5.22835539],\n       [1.46183031, 2.7023127 , 4.43410373, 2.78492581, 2.79776124,\n        5.22835539],\n       [1.46183031, 2.7023127 , 4.43410373, 2.78492581, 2.79776124,\n        5.22835539],\n       [1.46183031, 2.7023127 , 4.43410373, 2.78492581, 2.79776124,\n        5.22835539],\n       [1.46183031, 2.7023127 , 4.43410373, 2.78492581, 2.79776124,\n        5.22835539],\n       [1.46183031, 2.7023127 , 4.43410373, 2.78492581, 2.79776124,\n        5.22835539]]), array([0.2241554, 0.2241554, 0.2241554, 0.2241554, 0.2241554, 0.2241554,\n       0.2241554]))"}}, "bfgs": {"type": "gradient", "0": {"maxiter": 100, "gtol": 1e-05, "xrtol": 1e-05, "eps": 1e-05, "duration": 0.03007197380065918, "fun": "0.2241553984522251", "jac": "[-8.14222023e-06 -2.21769270e-06  4.73139306e-06  6.05059336e-06\n -4.07169853e-06  5.92896843e-06]", "hess_inv": "[[ 3.42551127 -0.75978342  0.57884362 -0.56039569  7.64844286  6.79990546]\n [-0.75978342  3.09400173 -0.11398042  0.09758344 -1.9186568  -1.49486917]\n [ 0.57884362 -0.11398042  2.68461732 -0.79401098  2.27677695  1.95092486]\n [-0.56039569  0.09758344 -0.79401098  2.94412515 -1.85038883 -1.86428244]\n [ 7.64844286 -1.9186568   2.27677695 -1.85038883 60.88145761 52.07526933]\n [ 6.79990546 -1.49486917  1.95092486 -1.86428244 52.07526933 46.9806098 ]]", "nfev": "175", "njev": "25", "status": "0", "success": "True", "message": "Optimization terminated successfully.", "x": "[1.46176972 2.70230965 4.43410241 2.78495731 2.7975587  5.22819259]", "nit": "22"}, "1": {"maxiter": 100, "gtol": 1e-05, "xrtol": 1e-05, "eps": 1e-10, "duration": 0.02997112274169922, "fun": "0.22415539838274778", "jac": "[-8.88178346e-06 -4.44089173e-06  4.44089173e-06  8.88178346e-06\n  0.00000000e+00  6.66133760e-06]", "hess_inv": "[[ 3.06786276 -0.82478854  0.37669086 -0.57224584  6.57996643  5.78020579]\n [-0.82478854  3.10329338 -0.13083392  0.08314554 -2.44739306 -1.94225141]\n [ 0.37669086 -0.13083392  2.58923691 -0.81759467  1.28279282  1.05838666]\n [-0.57224584  0.08314554 -0.81759467  2.92017299 -1.94972717 -1.97723181]\n [ 6.57996643 -2.44739306  1.28279282 -1.94972717 65.58312328 55.30236087]\n [ 5.78020579 -1.94225141  1.05838666 -1.97723181 55.30236087 49.02098117]]", "nfev": "175", "njev": "25", "status": "0", "success": "True", "message": "Optimization terminated successfully.", "x": "[1.46179901 2.70230491 4.43411077 2.78495968 2.79784461 5.22844435]", "nit": "22"}, "2": {"maxiter": 100, "gtol": 1e-05, "xrtol": 1e-10, "eps": 1e-05, "duration": 0.02994990348815918, "fun": "0.2241553984522251", "jac": "[-8.14222023e-06 -2.21769270e-06  4.73139306e-06  6.05059336e-06\n -4.07169853e-06  5.92896843e-06]", "hess_inv": "[[ 3.42551127 -0.75978342  0.57884362 -0.56039569  7.64844286  6.79990546]\n [-0.75978342  3.09400173 -0.11398042  0.09758344 -1.9186568  -1.49486917]\n [ 0.57884362 -0.11398042  2.68461732 -0.79401098  2.27677695  1.95092486]\n [-0.56039569  0.09758344 -0.79401098  2.94412515 -1.85038883 -1.86428244]\n [ 7.64844286 -1.9186568   2.27677695 -1.85038883 60.88145761 52.07526933]\n [ 6.79990546 -1.49486917  1.95092486 -1.86428244 52.07526933 46.9806098 ]]", "nfev": "175", "njev": "25", "status": "0", "success": "True", "message": "Optimization terminated successfully.", "x": "[1.46176972 2.70230965 4.43410241 2.78495731 2.7975587  5.22819259]", "nit": "22"}, "3": {"maxiter": 100, "gtol": 1e-05, "xrtol": 1e-10, "eps": 1e-10, "duration": 0.02995133399963379, "fun": "0.22415539838274778", "jac": "[-8.88178346e-06 -4.44089173e-06  4.44089173e-06  8.88178346e-06\n  0.00000000e+00  6.66133760e-06]", "hess_inv": "[[ 3.06786276 -0.82478854  0.37669086 -0.57224584  6.57996643  5.78020579]\n [-0.82478854  3.10329338 -0.13083392  0.08314554 -2.44739306 -1.94225141]\n [ 0.37669086 -0.13083392  2.58923691 -0.81759467  1.28279282  1.05838666]\n [-0.57224584  0.08314554 -0.81759467  2.92017299 -1.94972717 -1.97723181]\n [ 6.57996643 -2.44739306  1.28279282 -1.94972717 65.58312328 55.30236087]\n [ 5.78020579 -1.94225141  1.05838666 -1.97723181 55.30236087 49.02098117]]", "nfev": "175", "njev": "25", "status": "0", "success": "True", "message": "Optimization terminated successfully.", "x": "[1.46179901 2.70230491 4.43411077 2.78495968 2.79784461 5.22844435]", "nit": "22"}, "4": {"maxiter": 100, "gtol": 1e-10, "xrtol": 1e-05, "eps": 1e-05, "duration": 0.031162261962890625, "fun": "0.22415539821217767", "jac": "[-1.91774374e-06 -6.26698693e-07 -7.07212067e-09  7.84372567e-08\n  5.82545123e-07 -4.20219415e-07]", "hess_inv": "[[ 3.79770273 -0.82733088  0.31371393 -0.90632162  8.09990191  6.72380359]\n [-0.82733088  3.04700315 -0.14912781  0.14153822 -1.71101811 -1.37435105]\n [ 0.31371393 -0.14912781  2.75648389 -0.57404432  2.36206852  2.15507298]\n [-0.90632162  0.14153822 -0.57404432  3.2596582  -2.17799258 -1.75965079]\n [ 8.09990191 -1.71101811  2.36206852 -2.17799258 60.01402145 51.46151854]\n [ 6.72380359 -1.37435105  2.15507298 -1.75965079 51.46151854 46.80402035]]", "nfev": "182", "njev": "26", "status": "0", "success": "True", "message": "Optimization terminated successfully.", "x": "[1.46179593 2.7023107  4.4340919  2.7849348  2.7975621  5.22817678]", "nit": "23"}, "5": {"maxiter": 100, "gtol": 1e-10, "xrtol": 1e-05, "eps": 1e-10, "duration": 0.03241991996765137, "fun": "0.2241553979044606", "jac": "[ 1.11022293e-06  0.00000000e+00  1.11022293e-06 -4.44089173e-06\n  0.00000000e+00 -4.44089173e-06]", "hess_inv": "[[ 3.58280123e+00 -4.63158881e-01 -1.99043152e-02 -1.40474517e+00\n   1.66410649e+00  7.63507752e-01]\n [-4.63158881e-01  2.94735730e+00 -1.12801177e-02 -3.26500927e-02\n   6.31251233e-02  1.59179522e-01]\n [-1.99043152e-02 -1.12801177e-02  2.46747056e+00 -6.26381774e-01\n  -6.25655376e-01 -5.03533152e-01]\n [-1.40474517e+00 -3.26500927e-02 -6.26381774e-01  3.72908748e+00\n  -8.35322168e-01 -3.05012666e-01]\n [ 1.66410649e+00  6.31251233e-02 -6.25655376e-01 -8.35322168e-01\n   2.55434695e+01  2.12874525e+01]\n [ 7.63507752e-01  1.59179522e-01 -5.03533152e-01 -3.05012666e-01\n   2.12874525e+01  2.06838397e+01]]", "nfev": "189", "njev": "27", "status": "0", "success": "True", "message": "Optimization terminated successfully.", "x": "[1.46183625 2.70231316 4.4341085  2.78491875 2.79772807 5.228319  ]", "nit": "24"}, "6": {"maxiter": 100, "gtol": 1e-10, "xrtol": 1e-10, "eps": 1e-05, "duration": 0.06621289253234863, "fun": "0.2241553981915413", "jac": "[ 1.43218770e-09 -2.55351296e-10  5.55111512e-10  1.43218770e-09\n  8.88178420e-11 -2.10942375e-10]", "hess_inv": "[[ 4.21345424 -0.59954306  0.29772954 -1.31158187  7.69136471  6.54651954]\n [-0.59954306  3.04104727 -0.14897371  0.17322227 -1.28817101 -0.9568258 ]\n [ 0.29772954 -0.14897371  2.73217663 -0.61418408  2.33223363  2.08700088]\n [-1.31158187  0.17322227 -0.61418408  3.16103959 -2.69512646 -2.27177875]\n [ 7.69136471 -1.28817101  2.33223363 -2.69512646 59.18306972 51.2546397 ]\n [ 6.54651954 -0.9568258   2.08700088 -2.27177875 51.2546397  47.17641162]]", "nfev": "389", "njev": "54", "status": "2", "success": "False", "message": "Desired error not necessarily achieved due to precision loss.", "x": "[1.46180203 2.70231179 4.43409197 2.78493276 2.79756329 5.22817885]", "nit": "26"}, "7": {"maxiter": 100, "gtol": 1e-10, "xrtol": 1e-10, "eps": 1e-10, "duration": 0.059226036071777344, "fun": "0.2241553978870119", "jac": "[ 4.44089173e-06  1.11022293e-06  2.22044587e-06  2.22044587e-06\n -2.22044587e-06  2.22044587e-06]", "hess_inv": "[[ 2.60094639  0.88432463 -0.78953258 -4.32764124  4.57896573  1.34050039]\n [ 0.88432463  1.05770692 -1.03854797 -0.6678754   0.71574521 -0.1649958 ]\n [-0.78953258 -1.03854797  1.5283637   0.38648934 -0.40830217 -0.14198753]\n [-4.32764124 -0.6678754   0.38648934  9.30852784 -8.69802274 -4.06295908]\n [ 4.57896573  0.71574521 -0.40830217 -8.69802274  9.30550886  3.1410065 ]\n [ 1.34050039 -0.1649958  -0.14198753 -4.06295908  3.1410065   2.79350681]]", "nfev": "336", "njev": "48", "status": "0", "success": "True", "message": "Optimization terminated successfully.", "x": "[1.46183641 2.70231388 4.43410672 2.78492542 2.79773647 5.22833948]", "nit": "30"}, "8": {"maxiter": 500, "gtol": 1e-05, "xrtol": 1e-05, "eps": 1e-05, "duration": 0.031073808670043945, "fun": "0.2241553984522251", "jac": "[-8.14222023e-06 -2.21769270e-06  4.73139306e-06  6.05059336e-06\n -4.07169853e-06  5.92896843e-06]", "hess_inv": "[[ 3.42551127 -0.75978342  0.57884362 -0.56039569  7.64844286  6.79990546]\n [-0.75978342  3.09400173 -0.11398042  0.09758344 -1.9186568  -1.49486917]\n [ 0.57884362 -0.11398042  2.68461732 -0.79401098  2.27677695  1.95092486]\n [-0.56039569  0.09758344 -0.79401098  2.94412515 -1.85038883 -1.86428244]\n [ 7.64844286 -1.9186568   2.27677695 -1.85038883 60.88145761 52.07526933]\n [ 6.79990546 -1.49486917  1.95092486 -1.86428244 52.07526933 46.9806098 ]]", "nfev": "175", "njev": "25", "status": "0", "success": "True", "message": "Optimization terminated successfully.", "x": "[1.46176972 2.70230965 4.43410241 2.78495731 2.7975587  5.22819259]", "nit": "22"}, "9": {"maxiter": 500, "gtol": 1e-05, "xrtol": 1e-05, "eps": 1e-10, "duration": 0.03114485740661621, "fun": "0.22415539838274778", "jac": "[-8.88178346e-06 -4.44089173e-06  4.44089173e-06  8.88178346e-06\n  0.00000000e+00  6.66133760e-06]", "hess_inv": "[[ 3.06786276 -0.82478854  0.37669086 -0.57224584  6.57996643  5.78020579]\n [-0.82478854  3.10329338 -0.13083392  0.08314554 -2.44739306 -1.94225141]\n [ 0.37669086 -0.13083392  2.58923691 -0.81759467  1.28279282  1.05838666]\n [-0.57224584  0.08314554 -0.81759467  2.92017299 -1.94972717 -1.97723181]\n [ 6.57996643 -2.44739306  1.28279282 -1.94972717 65.58312328 55.30236087]\n [ 5.78020579 -1.94225141  1.05838666 -1.97723181 55.30236087 49.02098117]]", "nfev": "175", "njev": "25", "status": "0", "success": "True", "message": "Optimization terminated successfully.", "x": "[1.46179901 2.70230491 4.43411077 2.78495968 2.79784461 5.22844435]", "nit": "22"}, "10": {"maxiter": 500, "gtol": 1e-05, "xrtol": 1e-10, "eps": 1e-05, "duration": 0.0308840274810791, "fun": "0.2241553984522251", "jac": "[-8.14222023e-06 -2.21769270e-06  4.73139306e-06  6.05059336e-06\n -4.07169853e-06  5.92896843e-06]", "hess_inv": "[[ 3.42551127 -0.75978342  0.57884362 -0.56039569  7.64844286  6.79990546]\n [-0.75978342  3.09400173 -0.11398042  0.09758344 -1.9186568  -1.49486917]\n [ 0.57884362 -0.11398042  2.68461732 -0.79401098  2.27677695  1.95092486]\n [-0.56039569  0.09758344 -0.79401098  2.94412515 -1.85038883 -1.86428244]\n [ 7.64844286 -1.9186568   2.27677695 -1.85038883 60.88145761 52.07526933]\n [ 6.79990546 -1.49486917  1.95092486 -1.86428244 52.07526933 46.9806098 ]]", "nfev": "175", "njev": "25", "status": "0", "success": "True", "message": "Optimization terminated successfully.", "x": "[1.46176972 2.70230965 4.43410241 2.78495731 2.7975587  5.22819259]", "nit": "22"}, "11": {"maxiter": 500, "gtol": 1e-05, "xrtol": 1e-10, "eps": 1e-10, "duration": 0.030721187591552734, "fun": "0.22415539838274778", "jac": "[-8.88178346e-06 -4.44089173e-06  4.44089173e-06  8.88178346e-06\n  0.00000000e+00  6.66133760e-06]", "hess_inv": "[[ 3.06786276 -0.82478854  0.37669086 -0.57224584  6.57996643  5.78020579]\n [-0.82478854  3.10329338 -0.13083392  0.08314554 -2.44739306 -1.94225141]\n [ 0.37669086 -0.13083392  2.58923691 -0.81759467  1.28279282  1.05838666]\n [-0.57224584  0.08314554 -0.81759467  2.92017299 -1.94972717 -1.97723181]\n [ 6.57996643 -2.44739306  1.28279282 -1.94972717 65.58312328 55.30236087]\n [ 5.78020579 -1.94225141  1.05838666 -1.97723181 55.30236087 49.02098117]]", "nfev": "175", "njev": "25", "status": "0", "success": "True", "message": "Optimization terminated successfully.", "x": "[1.46179901 2.70230491 4.43411077 2.78495968 2.79784461 5.22844435]", "nit": "22"}, "12": {"maxiter": 500, "gtol": 1e-10, "xrtol": 1e-05, "eps": 1e-05, "duration": 0.030926942825317383, "fun": "0.22415539821217767", "jac": "[-1.91774374e-06 -6.26698693e-07 -7.07212067e-09  7.84372567e-08\n  5.82545123e-07 -4.20219415e-07]", "hess_inv": "[[ 3.79770273 -0.82733088  0.31371393 -0.90632162  8.09990191  6.72380359]\n [-0.82733088  3.04700315 -0.14912781  0.14153822 -1.71101811 -1.37435105]\n [ 0.31371393 -0.14912781  2.75648389 -0.57404432  2.36206852  2.15507298]\n [-0.90632162  0.14153822 -0.57404432  3.2596582  -2.17799258 -1.75965079]\n [ 8.09990191 -1.71101811  2.36206852 -2.17799258 60.01402145 51.46151854]\n [ 6.72380359 -1.37435105  2.15507298 -1.75965079 51.46151854 46.80402035]]", "nfev": "182", "njev": "26", "status": "0", "success": "True", "message": "Optimization terminated successfully.", "x": "[1.46179593 2.7023107  4.4340919  2.7849348  2.7975621  5.22817678]", "nit": "23"}, "13": {"maxiter": 500, "gtol": 1e-10, "xrtol": 1e-05, "eps": 1e-10, "duration": 0.03203129768371582, "fun": "0.2241553979044606", "jac": "[ 1.11022293e-06  0.00000000e+00  1.11022293e-06 -4.44089173e-06\n  0.00000000e+00 -4.44089173e-06]", "hess_inv": "[[ 3.58280123e+00 -4.63158881e-01 -1.99043152e-02 -1.40474517e+00\n   1.66410649e+00  7.63507752e-01]\n [-4.63158881e-01  2.94735730e+00 -1.12801177e-02 -3.26500927e-02\n   6.31251233e-02  1.59179522e-01]\n [-1.99043152e-02 -1.12801177e-02  2.46747056e+00 -6.26381774e-01\n  -6.25655376e-01 -5.03533152e-01]\n [-1.40474517e+00 -3.26500927e-02 -6.26381774e-01  3.72908748e+00\n  -8.35322168e-01 -3.05012666e-01]\n [ 1.66410649e+00  6.31251233e-02 -6.25655376e-01 -8.35322168e-01\n   2.55434695e+01  2.12874525e+01]\n [ 7.63507752e-01  1.59179522e-01 -5.03533152e-01 -3.05012666e-01\n   2.12874525e+01  2.06838397e+01]]", "nfev": "189", "njev": "27", "status": "0", "success": "True", "message": "Optimization terminated successfully.", "x": "[1.46183625 2.70231316 4.4341085  2.78491875 2.79772807 5.228319  ]", "nit": "24"}, "14": {"maxiter": 500, "gtol": 1e-10, "xrtol": 1e-10, "eps": 1e-05, "duration": 0.06566405296325684, "fun": "0.2241553981915413", "jac": "[ 1.43218770e-09 -2.55351296e-10  5.55111512e-10  1.43218770e-09\n  8.88178420e-11 -2.10942375e-10]", "hess_inv": "[[ 4.21345424 -0.59954306  0.29772954 -1.31158187  7.69136471  6.54651954]\n [-0.59954306  3.04104727 -0.14897371  0.17322227 -1.28817101 -0.9568258 ]\n [ 0.29772954 -0.14897371  2.73217663 -0.61418408  2.33223363  2.08700088]\n [-1.31158187  0.17322227 -0.61418408  3.16103959 -2.69512646 -2.27177875]\n [ 7.69136471 -1.28817101  2.33223363 -2.69512646 59.18306972 51.2546397 ]\n [ 6.54651954 -0.9568258   2.08700088 -2.27177875 51.2546397  47.17641162]]", "nfev": "389", "njev": "54", "status": "2", "success": "False", "message": "Desired error not necessarily achieved due to precision loss.", "x": "[1.46180203 2.70231179 4.43409197 2.78493276 2.79756329 5.22817885]", "nit": "26"}, "15": {"maxiter": 500, "gtol": 1e-10, "xrtol": 1e-10, "eps": 1e-10, "duration": 0.05730319023132324, "fun": "0.2241553978870119", "jac": "[ 4.44089173e-06  1.11022293e-06  2.22044587e-06  2.22044587e-06\n -2.22044587e-06  2.22044587e-06]", "hess_inv": "[[ 2.60094639  0.88432463 -0.78953258 -4.32764124  4.57896573  1.34050039]\n [ 0.88432463  1.05770692 -1.03854797 -0.6678754   0.71574521 -0.1649958 ]\n [-0.78953258 -1.03854797  1.5283637   0.38648934 -0.40830217 -0.14198753]\n [-4.32764124 -0.6678754   0.38648934  9.30852784 -8.69802274 -4.06295908]\n [ 4.57896573  0.71574521 -0.40830217 -8.69802274  9.30550886  3.1410065 ]\n [ 1.34050039 -0.1649958  -0.14198753 -4.06295908  3.1410065   2.79350681]]", "nfev": "336", "njev": "48", "status": "0", "success": "True", "message": "Optimization terminated successfully.", "x": "[1.46183641 2.70231388 4.43410672 2.78492542 2.79773647 5.22833948]", "nit": "30"}, "16": {"maxiter": 1000, "gtol": 1e-05, "xrtol": 1e-05, "eps": 1e-05, "duration": 0.029957056045532227, "fun": "0.2241553984522251", "jac": "[-8.14222023e-06 -2.21769270e-06  4.73139306e-06  6.05059336e-06\n -4.07169853e-06  5.92896843e-06]", "hess_inv": "[[ 3.42551127 -0.75978342  0.57884362 -0.56039569  7.64844286  6.79990546]\n [-0.75978342  3.09400173 -0.11398042  0.09758344 -1.9186568  -1.49486917]\n [ 0.57884362 -0.11398042  2.68461732 -0.79401098  2.27677695  1.95092486]\n [-0.56039569  0.09758344 -0.79401098  2.94412515 -1.85038883 -1.86428244]\n [ 7.64844286 -1.9186568   2.27677695 -1.85038883 60.88145761 52.07526933]\n [ 6.79990546 -1.49486917  1.95092486 -1.86428244 52.07526933 46.9806098 ]]", "nfev": "175", "njev": "25", "status": "0", "success": "True", "message": "Optimization terminated successfully.", "x": "[1.46176972 2.70230965 4.43410241 2.78495731 2.7975587  5.22819259]", "nit": "22"}, "17": {"maxiter": 1000, "gtol": 1e-05, "xrtol": 1e-05, "eps": 1e-10, "duration": 0.029995203018188477, "fun": "0.22415539838274778", "jac": "[-8.88178346e-06 -4.44089173e-06  4.44089173e-06  8.88178346e-06\n  0.00000000e+00  6.66133760e-06]", "hess_inv": "[[ 3.06786276 -0.82478854  0.37669086 -0.57224584  6.57996643  5.78020579]\n [-0.82478854  3.10329338 -0.13083392  0.08314554 -2.44739306 -1.94225141]\n [ 0.37669086 -0.13083392  2.58923691 -0.81759467  1.28279282  1.05838666]\n [-0.57224584  0.08314554 -0.81759467  2.92017299 -1.94972717 -1.97723181]\n [ 6.57996643 -2.44739306  1.28279282 -1.94972717 65.58312328 55.30236087]\n [ 5.78020579 -1.94225141  1.05838666 -1.97723181 55.30236087 49.02098117]]", "nfev": "175", "njev": "25", "status": "0", "success": "True", "message": "Optimization terminated successfully.", "x": "[1.46179901 2.70230491 4.43411077 2.78495968 2.79784461 5.22844435]", "nit": "22"}, "18": {"maxiter": 1000, "gtol": 1e-05, "xrtol": 1e-10, "eps": 1e-05, "duration": 0.03001117706298828, "fun": "0.2241553984522251", "jac": "[-8.14222023e-06 -2.21769270e-06  4.73139306e-06  6.05059336e-06\n -4.07169853e-06  5.92896843e-06]", "hess_inv": "[[ 3.42551127 -0.75978342  0.57884362 -0.56039569  7.64844286  6.79990546]\n [-0.75978342  3.09400173 -0.11398042  0.09758344 -1.9186568  -1.49486917]\n [ 0.57884362 -0.11398042  2.68461732 -0.79401098  2.27677695  1.95092486]\n [-0.56039569  0.09758344 -0.79401098  2.94412515 -1.85038883 -1.86428244]\n [ 7.64844286 -1.9186568   2.27677695 -1.85038883 60.88145761 52.07526933]\n [ 6.79990546 -1.49486917  1.95092486 -1.86428244 52.07526933 46.9806098 ]]", "nfev": "175", "njev": "25", "status": "0", "success": "True", "message": "Optimization terminated successfully.", "x": "[1.46176972 2.70230965 4.43410241 2.78495731 2.7975587  5.22819259]", "nit": "22"}, "19": {"maxiter": 1000, "gtol": 1e-05, "xrtol": 1e-10, "eps": 1e-10, "duration": 0.030081987380981445, "fun": "0.22415539838274778", "jac": "[-8.88178346e-06 -4.44089173e-06  4.44089173e-06  8.88178346e-06\n  0.00000000e+00  6.66133760e-06]", "hess_inv": "[[ 3.06786276 -0.82478854  0.37669086 -0.57224584  6.57996643  5.78020579]\n [-0.82478854  3.10329338 -0.13083392  0.08314554 -2.44739306 -1.94225141]\n [ 0.37669086 -0.13083392  2.58923691 -0.81759467  1.28279282  1.05838666]\n [-0.57224584  0.08314554 -0.81759467  2.92017299 -1.94972717 -1.97723181]\n [ 6.57996643 -2.44739306  1.28279282 -1.94972717 65.58312328 55.30236087]\n [ 5.78020579 -1.94225141  1.05838666 -1.97723181 55.30236087 49.02098117]]", "nfev": "175", "njev": "25", "status": "0", "success": "True", "message": "Optimization terminated successfully.", "x": "[1.46179901 2.70230491 4.43411077 2.78495968 2.79784461 5.22844435]", "nit": "22"}, "20": {"maxiter": 1000, "gtol": 1e-10, "xrtol": 1e-05, "eps": 1e-05, "duration": 0.03133702278137207, "fun": "0.22415539821217767", "jac": "[-1.91774374e-06 -6.26698693e-07 -7.07212067e-09  7.84372567e-08\n  5.82545123e-07 -4.20219415e-07]", "hess_inv": "[[ 3.79770273 -0.82733088  0.31371393 -0.90632162  8.09990191  6.72380359]\n [-0.82733088  3.04700315 -0.14912781  0.14153822 -1.71101811 -1.37435105]\n [ 0.31371393 -0.14912781  2.75648389 -0.57404432  2.36206852  2.15507298]\n [-0.90632162  0.14153822 -0.57404432  3.2596582  -2.17799258 -1.75965079]\n [ 8.09990191 -1.71101811  2.36206852 -2.17799258 60.01402145 51.46151854]\n [ 6.72380359 -1.37435105  2.15507298 -1.75965079 51.46151854 46.80402035]]", "nfev": "182", "njev": "26", "status": "0", "success": "True", "message": "Optimization terminated successfully.", "x": "[1.46179593 2.7023107  4.4340919  2.7849348  2.7975621  5.22817678]", "nit": "23"}, "21": {"maxiter": 1000, "gtol": 1e-10, "xrtol": 1e-05, "eps": 1e-10, "duration": 0.03261899948120117, "fun": "0.2241553979044606", "jac": "[ 1.11022293e-06  0.00000000e+00  1.11022293e-06 -4.44089173e-06\n  0.00000000e+00 -4.44089173e-06]", "hess_inv": "[[ 3.58280123e+00 -4.63158881e-01 -1.99043152e-02 -1.40474517e+00\n   1.66410649e+00  7.63507752e-01]\n [-4.63158881e-01  2.94735730e+00 -1.12801177e-02 -3.26500927e-02\n   6.31251233e-02  1.59179522e-01]\n [-1.99043152e-02 -1.12801177e-02  2.46747056e+00 -6.26381774e-01\n  -6.25655376e-01 -5.03533152e-01]\n [-1.40474517e+00 -3.26500927e-02 -6.26381774e-01  3.72908748e+00\n  -8.35322168e-01 -3.05012666e-01]\n [ 1.66410649e+00  6.31251233e-02 -6.25655376e-01 -8.35322168e-01\n   2.55434695e+01  2.12874525e+01]\n [ 7.63507752e-01  1.59179522e-01 -5.03533152e-01 -3.05012666e-01\n   2.12874525e+01  2.06838397e+01]]", "nfev": "189", "njev": "27", "status": "0", "success": "True", "message": "Optimization terminated successfully.", "x": "[1.46183625 2.70231316 4.4341085  2.78491875 2.79772807 5.228319  ]", "nit": "24"}, "22": {"maxiter": 1000, "gtol": 1e-10, "xrtol": 1e-10, "eps": 1e-05, "duration": 0.06681704521179199, "fun": "0.2241553981915413", "jac": "[ 1.43218770e-09 -2.55351296e-10  5.55111512e-10  1.43218770e-09\n  8.88178420e-11 -2.10942375e-10]", "hess_inv": "[[ 4.21345424 -0.59954306  0.29772954 -1.31158187  7.69136471  6.54651954]\n [-0.59954306  3.04104727 -0.14897371  0.17322227 -1.28817101 -0.9568258 ]\n [ 0.29772954 -0.14897371  2.73217663 -0.61418408  2.33223363  2.08700088]\n [-1.31158187  0.17322227 -0.61418408  3.16103959 -2.69512646 -2.27177875]\n [ 7.69136471 -1.28817101  2.33223363 -2.69512646 59.18306972 51.2546397 ]\n [ 6.54651954 -0.9568258   2.08700088 -2.27177875 51.2546397  47.17641162]]", "nfev": "389", "njev": "54", "status": "2", "success": "False", "message": "Desired error not necessarily achieved due to precision loss.", "x": "[1.46180203 2.70231179 4.43409197 2.78493276 2.79756329 5.22817885]", "nit": "26"}, "23": {"maxiter": 1000, "gtol": 1e-10, "xrtol": 1e-10, "eps": 1e-10, "duration": 0.057778120040893555, "fun": "0.2241553978870119", "jac": "[ 4.44089173e-06  1.11022293e-06  2.22044587e-06  2.22044587e-06\n -2.22044587e-06  2.22044587e-06]", "hess_inv": "[[ 2.60094639  0.88432463 -0.78953258 -4.32764124  4.57896573  1.34050039]\n [ 0.88432463  1.05770692 -1.03854797 -0.6678754   0.71574521 -0.1649958 ]\n [-0.78953258 -1.03854797  1.5283637   0.38648934 -0.40830217 -0.14198753]\n [-4.32764124 -0.6678754   0.38648934  9.30852784 -8.69802274 -4.06295908]\n [ 4.57896573  0.71574521 -0.40830217 -8.69802274  9.30550886  3.1410065 ]\n [ 1.34050039 -0.1649958  -0.14198753 -4.06295908  3.1410065   2.79350681]]", "nfev": "336", "njev": "48", "status": "0", "success": "True", "message": "Optimization terminated successfully.", "x": "[1.46183641 2.70231388 4.43410672 2.78492542 2.79773647 5.22833948]", "nit": "30"}}, "cobyla": {"0": {"maxiter": 100, "tol": 1e-05, "catol": 1e-05, "duration": 0.016548871994018555, "x": "[1.41882089 2.70857784 4.41685806 2.79908136 2.4733872  4.9395705 ]", "status": "2", "success": "False", "message": "Maximum number of function evaluations has been exceeded.", "nfev": "100", "fun": "0.22495105510088664", "maxcv": "0.0"}, "1": {"maxiter": 100, "tol": 1e-05, "catol": 1e-10, "duration": 0.016471147537231445, "x": "[1.41882089 2.70857784 4.41685806 2.79908136 2.4733872  4.9395705 ]", "status": "2", "success": "False", "message": "Maximum number of function evaluations has been exceeded.", "nfev": "100", "fun": "0.22495105510088664", "maxcv": "0.0"}, "2": {"maxiter": 100, "tol": 1e-10, "catol": 1e-05, "duration": 0.01652383804321289, "x": "[1.41882089 2.70857784 4.41685806 2.79908136 2.4733872  4.9395705 ]", "status": "2", "success": "False", "message": "Maximum number of function evaluations has been exceeded.", "nfev": "100", "fun": "0.22495105510088664", "maxcv": "0.0"}, "3": {"maxiter": 100, "tol": 1e-10, "catol": 1e-10, "duration": 0.016531944274902344, "x": "[1.41882089 2.70857784 4.41685806 2.79908136 2.4733872  4.9395705 ]", "status": "2", "success": "False", "message": "Maximum number of function evaluations has been exceeded.", "nfev": "100", "fun": "0.22495105510088664", "maxcv": "0.0"}, "4": {"maxiter": 500, "tol": 1e-05, "catol": 1e-05, "duration": 0.08247184753417969, "x": "[1.45859633 2.7029155  4.43326013 2.78656057 2.77035613 5.20379902]", "status": "2", "success": "False", "message": "Maximum number of function evaluations has been exceeded.", "nfev": "500", "fun": "0.22416155451532305", "maxcv": "0.0"}, "5": {"maxiter": 500, "tol": 1e-05, "catol": 1e-10, "duration": 0.07999205589294434, "x": "[1.45859633 2.7029155  4.43326013 2.78656057 2.77035613 5.20379902]", "status": "2", "success": "False", "message": "Maximum number of function evaluations has been exceeded.", "nfev": "500", "fun": "0.22416155451532305", "maxcv": "0.0"}, "6": {"maxiter": 500, "tol": 1e-10, "catol": 1e-05, "duration": 0.0797429084777832, "x": "[1.45859633 2.7029155  4.43326013 2.78656057 2.77035613 5.20379902]", "status": "2", "success": "False", "message": "Maximum number of function evaluations has been exceeded.", "nfev": "500", "fun": "0.22416155451532305", "maxcv": "0.0"}, "7": {"maxiter": 500, "tol": 1e-10, "catol": 1e-10, "duration": 0.08139896392822266, "x": "[1.45859633 2.7029155  4.43326013 2.78656057 2.77035613 5.20379902]", "status": "2", "success": "False", "message": "Maximum number of function evaluations has been exceeded.", "nfev": "500", "fun": "0.22416155451532305", "maxcv": "0.0"}, "8": {"maxiter": 1000, "tol": 1e-05, "catol": 1e-05, "duration": 0.16295123100280762, "x": "[1.46168045 2.70234273 4.43405575 2.78498726 2.79646274 5.22721494]", "status": "2", "success": "False", "message": "Maximum number of function evaluations has been exceeded.", "nfev": "1000", "fun": "0.2241554114978147", "maxcv": "0.0"}, "9": {"maxiter": 1000, "tol": 1e-05, "catol": 1e-10, "duration": 0.16282963752746582, "x": "[1.46168045 2.70234273 4.43405575 2.78498726 2.79646274 5.22721494]"