{"date": "2024/07/19/, 02:20:16", "conf_id": 154, "data_type": "orthogonal\n", "num_data_points": 4, "s_rank": 0, "unitary": "[[-0.24866696+0.58742286j,-0.44704345-0.43151574j,-0.35669027-0.20570733j,-0.10517633+0.1626036j],[0.10596805-0.19687975j,-0.30269685-0.15056416j,0.18246286+0.30440582j,-0.83484447-0.11310748j],[0.26054512-0.52548482j,0.0285017-0.50723956j,-0.43110112+0.17165838j,0.15243271+0.39915801j],[0.42978035+0.11991271j,-0.17224126-0.46030424j,0.6827807-0.15164662j,0.26483638+0.0061855j]]", "databatch_0": {"databatch": "[[[1.55747961e-01+0.15995763j,2.35812580e-01-0.30148367j,1.55184642e-01+0.16752248j,2.24113533e-01+0.0903176j],[-2.31669940e-01-0.04562305j,-1.42560626e-01+0.0836377j,1.85253521e-01-0.05622257j,-1.34281462e-01-0.12440581j],[-1.18515204e-01+0.02990138j,2.62214751e-01-0.20199047j,1.31069397e-01+0.3868791j,1.35450009e-01-0.02020781j],[1.47668611e-02-0.00108837j,2.69335469e-01+0.0021323j,2.13187088e-01+0.10463176j,2.53109327e-01+0.18903429j]],[[2.99317780e-01-0.05247535j,-9.81147828e-02-0.33150083j,1.72085251e-01-0.20655598j,2.82445058e-01-0.10818648j],[6.17726820e-02-0.00399092j,-2.37192377e-01-0.34732645j,1.96254819e-01+0.07534979j,-2.98635657e-02-0.24288785j],[1.21766125e-01+0.11949427j,-8.56631347e-02+0.11649643j,-3.55119280e-01-0.23052248j,-1.74498398e-01+0.03926508j],[1.56314143e-01+0.06749051j,1.79248656e-02+0.06744726j,-1.14125414e-01-0.10768663j,4.54446786e-03+0.14075404j]],[[-3.86394214e-02-0.33164383j,1.01900836e-02+0.28266575j,-7.24604210e-02-0.19114866j,1.84791250e-01+0.01331065j],[2.52406083e-02+0.00048636j,4.95531428e-02-0.20369254j,-1.02786531e-01+0.11449408j,5.55249245e-02-0.1347719j],[-1.11275590e-01-0.23310204j,-1.22190184e-01+0.21667624j,2.41472852e-01-0.21867015j,8.56754218e-02-0.014921j],[1.94872422e-02-0.07858042j,3.34784177e-01+0.00787523j,2.68437733e-01+0.17930548j,3.56617348e-01+0.22478772j]],[[-1.53873277e-01+0.06380471j,1.50997943e-01+0.0117541j,1.40607445e-01+0.17920026j,-1.74319270e-04+0.05690598j],[5.23529801e-02-0.07551959j,-1.69979019e-01+0.24631745j,-3.24768702e-01-0.2145692j,-1.65546698e-01+0.00812815j],[-1.29294906e-01-0.18947159j,-2.82663942e-01+0.0993084j,-4.08060480e-02-0.02284007j,-1.79170120e-01-0.19343178j],[3.51589238e-01+0.19767873j,1.41940154e-01+0.00467096j,-2.50681991e-01-0.29585883j,1.25422446e-01+0.23269851j]]]", "initial param values": "[2.99379396,5.71575915,0.430327,1.61626101,3.8327816,0.47296793]", "nelder_mead": {"type": "gradient-free", "0": {"maxiter": 100, "fatol": 1e-05, "xatol": 1e-05, "duration": 0.026367902755737305, "fun": "0.6751613969293635", "nit": "100", "nfev": "154", "status": "2", "success": "False", "message": "Maximum number of iterations has been exceeded.", "x": "[ 4.4099313   9.24854184  0.44767289  1.34483354  2.97673442 -0.0399488 ]", "final_simplex": "(array([[ 4.4099313 ,  9.24854184,  0.44767289,  1.34483354,  2.97673442,\n        -0.0399488 ],\n       [ 4.28317637,  9.06506141,  0.43298149,  1.48288929,  2.87618374,\n         0.02757441],\n       [ 4.28816369,  9.13287354,  0.46168934,  1.3512398 ,  2.83599186,\n        -0.01342901],\n       [ 4.25980613,  8.92808152,  0.42829801,  1.56562352,  2.68938207,\n         0.05614277],\n       [ 4.22602741,  8.81307932,  0.39006523,  1.61662109,  2.95740625,\n         0.11196379],\n       [ 4.35008092,  8.90646572,  0.39057471,  1.56824029,  2.98636109,\n         0.1207656 ],\n       [ 4.26654936,  8.86933284,  0.38246894,  1.62134861,  2.89770935,\n         0.15518877]]), array([0.6751614 , 0.67706691, 0.67715927, 0.68000487, 0.68147141,\n       0.68154151, 0.68417642]))"}, "1": {"maxiter": 100, "fatol": 1e-05, "xatol": 1e-10, "duration": 0.026179075241088867, "fun": "0.6751613969293635", "nit": "100", "nfev": "154", "status": "2", "success": "False", "message": "Maximum number of iterations has been exceeded.", "x": "[ 4.4099313   9.24854184  0.44767289  1.34483354  2.97673442 -0.0399488 ]", "final_simplex": "(array([[ 4.4099313 ,  9.24854184,  0.44767289,  1.34483354,  2.97673442,\n        -0.0399488 ],\n       [ 4.28317637,  9.06506141,  0.43298149,  1.48288929,  2.87618374,\n         0.02757441],\n       [ 4.28816369,  9.13287354,  0.46168934,  1.3512398 ,  2.83599186,\n        -0.01342901],\n       [ 4.25980613,  8.92808152,  0.42829801,  1.56562352,  2.68938207,\n         0.05614277],\n       [ 4.22602741,  8.81307932,  0.39006523,  1.61662109,  2.95740625,\n         0.11196379],\n       [ 4.35008092,  8.90646572,  0.39057471,  1.56824029,  2.98636109,\n         0.1207656 ],\n       [ 4.26654936,  8.86933284,  0.38246894,  1.62134861,  2.89770935,\n         0.15518877]]), array([0.6751614 , 0.67706691, 0.67715927, 0.68000487, 0.68147141,\n       0.68154151, 0.68417642]))"}, "2": {"maxiter": 100, "fatol": 1e-10, "xatol": 1e-05, "duration": 0.0261080265045166, "fun": "0.6751613969293635", "nit": "100", "nfev": "154", "status": "2", "success": "False", "message": "Maximum number of iterations has been exceeded.", "x": "[ 4.4099313   9.24854184  0.44767289  1.34483354  2.97673442 -0.0399488 ]", "final_simplex": "(array([[ 4.4099313 ,  9.24854184,  0.44767289,  1.34483354,  2.97673442,\n        -0.0399488 ],\n       [ 4.28317637,  9.06506141,  0.43298149,  1.48288929,  2.87618374,\n         0.02757441],\n       [ 4.28816369,  9.13287354,  0.46168934,  1.3512398 ,  2.83599186,\n        -0.01342901],\n       [ 4.25980613,  8.92808152,  0.42829801,  1.56562352,  2.68938207,\n         0.05614277],\n       [ 4.22602741,  8.81307932,  0.39006523,  1.61662109,  2.95740625,\n         0.11196379],\n       [ 4.35008092,  8.90646572,  0.39057471,  1.56824029,  2.98636109,\n         0.1207656 ],\n       [ 4.26654936,  8.86933284,  0.38246894,  1.62134861,  2.89770935,\n         0.15518877]]), array([0.6751614 , 0.67706691, 0.67715927, 0.68000487, 0.68147141,\n       0.68154151, 0.68417642]))"}, "3": {"maxiter": 100, "fatol": 1e-10, "xatol": 1e-10, "duration": 0.026137113571166992, "fun": "0.6751613969293635", "nit": "100", "nfev": "154", "status": "2", "success": "False", "message": "Maximum number of iterations has been exceeded.", "x": "[ 4.4099313   9.24854184  0.44767289  1.34483354  2.97673442 -0.0399488 ]", "final_simplex": "(array([[ 4.4099313 ,  9.24854184,  0.44767289,  1.34483354,  2.97673442,\n        -0.0399488 ],\n       [ 4.28317637,  9.06506141,  0.43298149,  1.48288929,  2.87618374,\n         0.02757441],\n       [ 4.28816369,  9.13287354,  0.46168934,  1.3512398 ,  2.83599186,\n        -0.01342901],\n       [ 4.25980613,  8.92808152,  0.42829801,  1.56562352,  2.68938207,\n         0.05614277],\n       [ 4.22602741,  8.81307932,  0.39006523,  1.61662109,  2.95740625,\n         0.11196379],\n       [ 4.35008092,  8.90646572,  0.39057471,  1.56824029,  2.98636109,\n         0.1207656 ],\n       [ 4.26654936,  8.86933284,  0.38246894,  1.62134861,  2.89770935,\n         0.15518877]]), array([0.6751614 , 0.67706691, 0.67715927, 0.68000487, 0.68147141,\n       0.68154151, 0.68417642]))"}, "4": {"maxiter": 500, "fatol": 1e-05, "xatol": 1e-05, "duration": 0.1316208839416504, "fun": "0.522945246466541", "nit": "500", "nfev": "777", "status": "2", "success": "False", "message": "Maximum number of iterations has been exceeded.", "x": "[ 5.37187324  9.40536316  1.18431711  1.97455717  2.84571248 -1.05676699]", "final_simplex": "(array([[ 5.37187324,  9.40536316,  1.18431711,  1.97455717,  2.84571248,\n        -1.05676699],\n       [ 5.37187546,  9.40535869,  1.18431714,  1.9745616 ,  2.84571893,\n        -1.0567669 ],\n       [ 5.37188531,  9.40536142,  1.18431455,  1.97456331,  2.84571594,\n        -1.05677388],\n       [ 5.37187841,  9.40536079,  1.18431562,  1.97455526,  2.84571453,\n        -1.05676994],\n       [ 5.37187548,  9.40536427,  1.18431506,  1.97455683,  2.84571883,\n        -1.05676946],\n       [ 5.37187806,  9.40536128,  1.18431817,  1.97455961,  2.84571757,\n        -1.05676442],\n       [ 5.37188014,  9.40535789,  1.18432088,  1.97455803,  2.84571474,\n        -1.05677228]]), array([0.52294525, 0.52294525, 0.52294525, 0.52294525, 0.52294525,\n       0.52294525, 0.52294525]))"}, "5": {"maxiter": 500, "fatol": 1e-05, "xatol": 1e-10, "duration": 0.13107609748840332, "fun": "0.522945246466541", "nit": "500", "nfev": "777", "status": "2", "success": "False", "message": "Maximum number of iterations has been exceeded.", "x": "[ 5.37187324  9.40536316  1.18431711  1.97455717  2.84571248 -1.05676699]", "final_simplex": "(array([[ 5.37187324,  9.40536316,  1.18431711,  1.97455717,  2.84571248,\n        -1.05676699],\n       [ 5.37187546,  9.40535869,  1.18431714,  1.9745616 ,  2.84571893,\n        -1.0567669 ],\n       [ 5.37188531,  9.40536142,  1.18431455,  1.97456331,  2.84571594,\n        -1.05677388],\n       [ 5.37187841,  9.40536079,  1.18431562,  1.97455526,  2.84571453,\n        -1.05676994],\n       [ 5.37187548,  9.40536427,  1.18431506,  1.97455683,  2.84571883,\n        -1.05676946],\n       [ 5.37187806,  9.40536128,  1.18431817,  1.97455961,  2.84571757,\n        -1.05676442],\n       [ 5.37188014,  9.40535789,  1.18432088,  1.97455803,  2.84571474,\n        -1.05677228]]), array([0.52294525, 0.52294525, 0.52294525, 0.52294525, 0.52294525,\n       0.52294525, 0.52294525]))"}, "6": {"maxiter": 500, "fatol": 1e-10, "xatol": 1e-05, "duration": 0.1311359405517578, "fun": "0.522945246466541", "nit": "500", "nfev": "777", "status": "2", "success": "False", "message": "Maximum number of iterations has been exceeded.", "x": "[ 5.37187324  9.40536316  1.18431711  1.97455717  2.84571248 -1.05676699]", "final_simplex": "(array([[ 5.37187324,  9.40536316,  1.18431711,  1.97455717,  2.84571248,\n        -1.05676699],\n       [ 5.37187546,  9.40535869,  1.18431714,  1.9745616 ,  2.84571893,\n        -1.0567669 ],\n       [ 5.37188531,  9.40536142,  1.18431455,  1.97456331,  2.84571594,\n        -1.05677388],\n       [ 5.37187841,  9.40536079,  1.18431562,  1.97455526,  2.84571453,\n        -1.05676994],\n       [ 5.37187548,  9.40536427,  1.18431506,  1.97455683,  2.84571883,\n        -1.05676946],\n       [ 5.37187806,  9.40536128,  1.18431817,  1.97455961,  2.84571757,\n        -1.05676442],\n       [ 5.37188014,  9.40535789,  1.18432088,  1.97455803,  2.84571474,\n        -1.05677228]]), array([0.52294525, 0.52294525, 0.52294525, 0.52294525, 0.52294525,\n       0.52294525, 0.52294525]))"}, "7": {"maxiter": 500, "fatol": 1e-10, "xatol": 1e-10, "duration": 0.13123798370361328, "fun": "0.522945246466541", "nit": "500", "nfev": "777", "status": "2", "success": "False", "message": "Maximum number of iterations has been exceeded.", "x": "[ 5.37187324  9.40536316  1.18431711  1.97455717  2.84571248 -1.05676699]", "final_simplex": "(array([[ 5.37187324,  9.40536316,  1.18431711,  1.97455717,  2.84571248,\n        -1.05676699],\n       [ 5.37187546,  9.40535869,  1.18431714,  1.9745616 ,  2.84571893,\n        -1.0567669 ],\n       [ 5.37188531,  9.40536142,  1.18431455,  1.97456331,  2.84571594,\n        -1.05677388],\n       [ 5.37187841,  9.40536079,  1.18431562,  1.97455526,  2.84571453,\n        -1.05676994],\n       [ 5.37187548,  9.40536427,  1.18431506,  1.97455683,  2.84571883,\n        -1.05676946],\n       [ 5.37187806,  9.40536128,  1.18431817,  1.97455961,  2.84571757,\n        -1.05676442],\n       [ 5.37188014,  9.40535789,  1.18432088,  1.97455803,  2.84571474,\n        -1.05677228]]), array([0.52294525, 0.52294525, 0.52294525, 0.52294525, 0.52294525,\n       0.52294525, 0.52294525]))"}, "8": {"maxiter": 1000, "fatol": 1e-05, "xatol": 1e-05, "duration": 0.129990816116333, "fun": "0.5229452464644103", "nit": "503", "nfev": "782", "status": "0", "success": "True", "message": "Optimization terminated successfully.", "x": "[ 5.37187916  9.40535994  1.18431437  1.97456172  2.84571292 -1.05676907]", "final_simplex": "(array([[ 5.37187916,  9.40535994,  1.18431437,  1.97456172,  2.84571292,\n        -1.05676907],\n       [ 5.37187518,  9.40536531,  1.18431167,  1.97455989,  2.84571802,\n        -1.05676492],\n       [ 5.3718763 ,  9.40536326,  1.18431222,  1.97455841,  2.84571534,\n        -1.05677295],\n       [ 5.37187324,  9.40536316,  1.18431711,  1.97455717,  2.84571248,\n        -1.05676699],\n       [ 5.37187546,  9.40535869,  1.18431714,  1.9745616 ,  2.84571893,\n        -1.0567669 ],\n       [ 5.37188531,  9.40536142,  1.18431455,  1.97456331,  2.84571594,\n        -1.05677388],\n       [ 5.37187841,  9.40536079,  1.18431562,  1.97455526,  2.84571453,\n        -1.05676994]]), array([0.52294525, 0.52294525, 0.52294525, 0.52294525, 0.52294525,\n       0.52294525, 0.52294525]))"}, "9": {"maxiter": 1000, "fatol": 1e-05, "xatol": 1e-10, "duration": 0.1634831428527832, "fun": "0.5229452464632733", "nit": "589", "nfev": "992", "status": "0", "success": "True", "message": "Optimization terminated successfully.", "x": "[ 5.37187873  9.40536237  1.18431234  1.9745628   2.84571517 -1.05676985]", "final_simplex": "(array([[ 5.37187873,  9.40536237,  1.18431234,  1.9745628 ,  2.84571517,\n        -1.05676985],\n       [ 5.37187873,  9.40536237,  1.18431234,  1.9745628 ,  2.84571517,\n        -1.05676985],\n       [ 5.37187873,  9.40536237,  1.18431234,  1.9745628 ,  2.84571517,\n        -1.05676985],\n       [ 5.37187873,  9.40536237,  1.18431234,  1.9745628 ,  2.84571517,\n        -1.05676985],\n       [ 5.37187873,  9.40536237,  1.18431234,  1.9745628 ,  2.84571517,\n        -1.05676985],\n       [ 5.37187873,  9.40536237,  1.18431234,  1.9745628 ,  2.84571517,\n        -1.05676985],\n       [ 5.37187873,  9.40536237,  1.18431234,  1.9745628 ,  2.84571517,\n        -1.05676985]]), array([0.52294525, 0.52294525, 0.52294525, 0.52294525, 0.52294525,\n       0.52294525, 0.52294525]))"}, "10": {"maxiter": 1000, "fatol": 1e-10, "xatol": 1e-05, "duration": 0.12938714027404785, "fun": "0.5229452464644103", "nit": "503", "nfev": "782", "status": "0", "success": "True", "message": "Optimization terminated successfully.", "x": "[ 5.37187916  9.40535994  1.18431437  1.97456172  2.84571292 -1.05676907]", "final_simplex": "(array([[ 5.37187916,  9.40535994,  1.18431437,  1.97456172,  2.84571292,\n        -1.05676907],\n       [ 5.37187518,  9.40536531,  1.18431167,  1.97455989,  2.84571802,\n        -1.05676492],\n       [ 5.3718763 ,  9.40536326,  1.18431222,  1.97455841,  2.84571534,\n        -1.05677295],\n       [ 5.37187324,  9.40536316,  1.18431711,  1.97455717,  2.84571248,\n        -1.05676699],\n       [ 5.37187546,  9.40535869,  1.18431714,  1.9745616 ,  2.84571893,\n        -1.0567669 ],\n       [ 5.37188531,  9.40536142,  1.18431455,  1.97456331,  2.84571594,\n        -1.05677388],\n       [ 5.37187841,  9.40536079,  1.18431562,  1.97455526,  2.84571453,\n        -1.05676994]]), array([0.52294525, 0.52294525, 0.52294525, 0.52294525, 0.52294525,\n       0.52294525, 0.52294525]))"}, "11": {"maxiter": 1000, "fatol": 1e-10, "xatol": 1e-10, "duration": 0.16383600234985352, "fun": "0.5229452464632733", "nit": "589", "nfev": "992", "status": "0", "success": "True", "message": "Optimization terminated successfully.", "x": "[ 5.37187873  9.40536237  1.18431234  1.9745628   2.84571517 -1.05676985]", "final_simplex": "(array([[ 5.37187873,  9.40536237,  1.18431234,  1.9745628 ,  2.84571517,\n        -1.05676985],\n       [ 5.37187873,  9.40536237,  1.18431234,  1.9745628 ,  2.84571517,\n        -1.05676985],\n       [ 5.37187873,  9.40536237,  1.18431234,  1.9745628 ,  2.84571517,\n        -1.05676985],\n       [ 5.37187873,  9.40536237,  1.18431234,  1.9745628 ,  2.84571517,\n        -1.05676985],\n       [ 5.37187873,  9.40536237,  1.18431234,  1.9745628 ,  2.84571517,\n        -1.05676985],\n       [ 5.37187873,  9.40536237,  1.18431234,  1.9745628 ,  2.84571517,\n        -1.05676985],\n       [ 5.37187873,  9.40536237,  1.18431234,  1.9745628 ,  2.84571517,\n        -1.05676985]]), array([0.52294525, 0.52294525, 0.52294525, 0.52294525, 0.52294525,\n       0.52294525, 0.52294525]))"}}, "bfgs": {"type": "gradient", "0": {"maxiter": 100, "gtol": 1e-05, "xrtol": 1e-05, "eps": 1e-05, "duration": 0.03559613227844238, "fun": "0.5229452467233159", "jac": "[ 1.23179245e-06 -7.29926120e-06 -1.07069908e-07  3.64663855e-07\n  2.19525509e-06  1.70293779e-06]", "hess_inv": "[[12.15681881  1.47525073  2.51795009 -6.93661149 -0.03946281  5.4232985 ]\n [ 1.47525073  7.23356921 -3.50934858 -2.40156698 -0.26944102 -1.27631853]\n [ 2.51795009 -3.50934858  7.47394863 -1.78867951 -0.68189088  2.62877566]\n [-6.93661149 -2.40156698 -1.78867951 11.16518238  0.63853365 -3.32496273]\n [-0.03946281 -0.26944102 -0.68189088  0.63853365  3.92241877  0.71870998]\n [ 5.4232985  -1.27631853  2.62877566 -3.32496273  0.71870998  6.68187835]]", "nfev": "210", "njev": "30", "status": "0", "success": "True", "message": "Optimization terminated successfully.", "x": "[ 0.91130271  6.26370383 -1.95725107  1.9745782   2.84572079 -1.05675471]", "nit": "27"}, "1": {"maxiter": 100, "gtol": 1e-05, "xrtol": 1e-05, "eps": 1e-10, "duration": 0.03544783592224121, "fun": "0.5229452468530946", "jac": "[ 1.11022293e-06 -7.77156053e-06  1.11022293e-06  1.11022293e-06\n  3.33066880e-06  1.11022293e-06]", "hess_inv": "[[12.12030394  1.49262343  2.48311234 -6.92713339 -0.04135824  5.39926561]\n [ 1.49262343  7.23789109 -3.49430083 -2.41719509 -0.27339039 -1.2697007 ]\n [ 2.48311234 -3.49430083  7.43950537 -1.77811448 -0.68089007  2.60934829]\n [-6.92713339 -2.41719509 -1.77811448 11.16112602  0.64128647 -3.31937414]\n [-0.04135824 -0.27339039 -0.68089007  0.64128647  3.92318842  0.7162021 ]\n [ 5.39926561 -1.2697007   2.60934829 -3.31937414  0.7162021   6.6691857 ]]", "nfev": "210", "njev": "30", "status": "0", "success": "True", "message": "Optimization terminated successfully.", "x": "[ 0.9113243   6.26369719 -1.95722962  1.97457701  2.8457303  -1.05673181]", "nit": "27"}, "2": {"maxiter": 100, "gtol": 1e-05, "xrtol": 1e-10, "eps": 1e-05, "duration": 0.03543710708618164, "fun": "0.5229452467233159", "jac": "[ 1.23179245e-06 -7.29926120e-06 -1.07069908e-07  3.64663855e-07\n  2.19525509e-06  1.70293779e-06]", "hess_inv": "[[12.15681881  1.47525073  2.51795009 -6.93661149 -0.03946281  5.4232985 ]\n [ 1.47525073  7.23356921 -3.50934858 -2.40156698 -0.26944102 -1.27631853]\n [ 2.51795009 -3.50934858  7.47394863 -1.78867951 -0.68189088  2.62877566]\n [-6.93661149 -2.40156698 -1.78867951 11.16518238  0.63853365 -3.32496273]\n [-0.03946281 -0.26944102 -0.68189088  0.63853365  3.92241877  0.71870998]\n [ 5.4232985  -1.27631853  2.62877566 -3.32496273  0.71870998  6.68187835]]", "nfev": "210", "njev": "30", "status": "0", "success": "True", "message": "Optimization terminated successfully.", "x": "[ 0.91130271  6.26370383 -1.95725107  1.9745782   2.84572079 -1.05675471]", "nit": "27"}, "3": {"maxiter": 100, "gtol": 1e-05, "xrtol": 1e-10, "eps": 1e-10, "duration": 0.03553295135498047, "fun": "0.5229452468530946", "jac": "[ 1.11022293e-06 -7.77156053e-06  1.11022293e-06  1.11022293e-06\n  3.33066880e-06  1.11022293e-06]", "hess_inv": "[[12.12030394  1.49262343  2.48311234 -6.92713339 -0.04135824  5.39926561]\n [ 1.49262343  7.23789109 -3.49430083 -2.41719509 -0.27339039 -1.2697007 ]\n [ 2.48311234 -3.49430083  7.43950537 -1.77811448 -0.68089007  2.60934829]\n [-6.92713339 -2.41719509 -1.77811448 11.16112602  0.64128647 -3.31937414]\n [-0.04135824 -0.27339039 -0.68089007  0.64128647  3.92318842  0.7162021 ]\n [ 5.39926561 -1.2697007   2.60934829 -3.31937414  0.7162021   6.6691857 ]]", "nfev": "210", "njev": "30", "status": "0", "success": "True", "message": "Optimization terminated successfully.", "x": "[ 0.9113243   6.26369719 -1.95722962  1.97457701  2.8457303  -1.05673181]", "nit": "27"}, "4": {"maxiter": 100, "gtol": 1e-10, "xrtol": 1e-05, "eps": 1e-05, "duration": 0.03786802291870117, "fun": "0.5229452464868585", "jac": "[ 3.32622818e-08 -5.82200954e-08  5.44009282e-09 -1.86073379e-08\n -4.66182648e-08 -1.06148423e-07]", "hess_inv": "[[11.97598835  1.2519851   2.47335159 -6.80082159  0.01655691  5.36044129]\n [ 1.2519851   8.26419738 -4.1594009  -2.51247705 -0.43768808 -1.6901544 ]\n [ 2.47335159 -4.1594009   7.73079794 -1.62561109 -0.55667977  2.7732188 ]\n [-6.80082159 -2.51247705 -1.62561109 11.12031378  0.64431139 -3.21187216]\n [ 0.01655691 -0.43768808 -0.55667977  0.64431139  3.94485046  0.79227166]\n [ 5.36044129 -1.6901544   2.7732188  -3.21187216  0.79227166  6.73192042]]", "nfev": "224", "njev": "32", "status": "0", "success": "True", "message": "Optimization terminated successfully.", "x": "[ 0.91129068  6.26376692 -1.95728656  1.97456806  2.84570727 -1.05678539]", "nit": "29"}, "5": {"maxiter": 100, "gtol": 1e-10, "xrtol": 1e-05, "eps": 1e-10, "duration": 0.03786921501159668, "fun": "0.5229452464711702", "jac": "[1.11022293e-06 1.11022293e-06 1.11022293e-06 1.11022293e-06\n 1.11022293e-06 1.11022293e-06]", "hess_inv": "[[12.05401007 -0.17689571  3.33779388 -6.39844502  0.33830343  5.9646886 ]\n [-0.17689571  8.43220879 -5.1064361  -1.02161629  0.2331532  -2.91445396]\n [ 3.33779388 -5.1064361   8.79537237 -2.23775263 -0.74587844  3.82079966]\n [-6.39844502 -1.02161629 -2.23775263 10.13992098  0.04403312 -3.44231506]\n [ 0.33830343  0.2331532  -0.74587844  0.04403312  3.5976995   0.81004266]\n [ 5.9646886  -2.91445396  3.82079966 -3.44231506  0.81004266  7.68116574]]", "nfev": "224", "njev": "32", "status": "0", "success": "True", "message": "Optimization terminated successfully.", "x": "[ 0.91130519  6.26377218 -1.95728205  1.97457108  2.84571963 -1.05677273]", "nit": "29"}, "6": {"maxiter": 100, "gtol": 1e-10, "xrtol": 1e-10, "eps": 1e-05, "duration": 0.07122087478637695, "fun": "0.5229452464853863", "jac": "[ 1.17683641e-09  2.06501483e-09  7.32747196e-10  1.43218770e-09\n -3.88578059e-09  8.32667268e-10]", "hess_inv": "[[11.9133461   1.12600031  2.4700478  -6.73001623  0.06387074  5.38563263]\n [ 1.12600031  8.27737815 -4.41411607 -2.39090546  0.25807669 -1.07991923]\n [ 2.4700478  -4.41411607  7.95529903 -1.60100758 -1.08205513  2.28365293]\n [-6.73001623 -2.39090546 -1.60100758 11.04283366  0.53075093 -3.29459106]\n [ 0.06387074  0.25807669 -1.08205513  0.53075093  5.13169661  1.8990527 ]\n [ 5.38563263 -1.07991923  2.28365293 -3.29459106  1.8990527   7.76117505]]", "nfev": "424", "njev": "59", "status": "2", "success": "False", "message": "Desired error not necessarily achieved due to precision loss.", "x": "[ 0.91129082  6.26376727 -1.95728678  1.97456803  2.84570771 -1.05678477]", "nit": "31"}, "7": {"maxiter": 100, "gtol": 1e-10, "xrtol": 1e-10, "eps": 1e-10, "duration": 0.04831576347351074, "fun": "0.5229452464711702", "jac": "[ 1.11022293e-06  1.11022293e-06  1.11022293e-06  1.11022293e-06\n  1.11022293e-06 -1.11022293e-06]", "hess_inv": "[[ 28.47305428  -2.51010603  13.19760187 -19.80288036  -3.74710538\n   19.16918874]\n [ -2.51010603   8.70512102  -6.46284707   0.53646743   0.51801377\n   -4.7820591 ]\n [ 13.19760187  -6.46284707  14.68221046 -10.02293518  -2.97380136\n   11.74352747]\n [-19.80288036   0.53646743 -10.02293518  19.03318426   1.63109396\n  -14.1703467 ]\n [ -3.74710538   0.51801377  -2.97380136   1.63109396   3.12336484\n   -2.43111973]\n [ 19.16918874  -4.7820591   11.74352747 -14.1703467   -2.43111973\n   18.29914764]]", "nfev": "287", "njev": "41", "status": "0", "success": "True", "message": "Optimization terminated successfully.", "x": "[ 0.91130519  6.26377218 -1.95728205  1.97457108  2.84571963 -1.05677273]", "nit": "30"}, "8": {"maxiter": 500, "gtol": 1e-05, "xrtol": 1e-05, "eps": 1e-05, "duration": 0.036149024963378906, "fun": "0.5229452467233159", "jac": "[ 1.23179245e-06 -7.29926120e-06 -1.07069908e-07  3.64663855e-07\n  2.19525509e-06  1.70293779e-06]", "hess_inv": "[[12.15681881  1.47525073  2.51795009 -6.93661149 -0.03946281  5.4232985 ]\n [ 1.47525073  7.23356921 -3.50934858 -2.40156698 -0.26944102 -1.27631853]\n [ 2.51795009 -3.50934858  7.47394863 -1.78867951 -0.68189088  2.62877566]\n [-6.93661149 -2.40156698 -1.78867951 11.16518238  0.63853365 -3.32496273]\n [-0.03946281 -0.26944102 -0.68189088  0.63853365  3.92241877  0.71870998]\n [ 5.4232985  -1.27631853  2.62877566 -3.32496273  0.71870998  6.68187835]]", "nfev": "210", "njev": "30", "status": "0", "success": "True", "message": "Optimization terminated successfully.", "x": "[ 0.91130271  6.26370383 -1.95725107  1.9745782   2.84572079 -1.05675471]", "nit": "27"}, "9": {"maxiter": 500, "gtol": 1e-05, "xrtol": 1e-05, "eps": 1e-10, "duration": 0.03623700141906738, "fun": "0.5229452468530946", "jac": "[ 1.11022293e-06 -7.77156053e-06  1.11022293e-06  1.11022293e-06\n  3.33066880e-06  1.11022293e-06]", "hess_inv": "[[12.12030394  1.49262343  2.48311234 -6.92713339 -0.04135824  5.39926561]\n [ 1.49262343  7.23789109 -3.49430083 -2.41719509 -0.27339039 -1.2697007 ]\n [ 2.48311234 -3.49430083  7.43950537 -1.77811448 -0.68089007  2.60934829]\n [-6.92713339 -2.41719509 -1.77811448 11.16112602  0.64128647 -3.31937414]\n [-0.04135824 -0.27339039 -0.68089007  0.64128647  3.92318842  0.7162021 ]\n [ 5.39926561 -1.2697007   2.60934829 -3.31937414  0.7162021   6.6691857 ]]", "nfev": "210", "njev": "30", "status": "0", "success": "True", "message": "Optimization terminated successfully.", "x": "[ 0.9113243   6.26369719 -1.95722962  1.97457701  2.8457303  -1.05673181]", "nit": "27"}, "10": {"maxiter": 500, "gtol": 1e-05, "xrtol": 1e-10, "eps": 1e-05, "duration": 0.03603076934814453, "fun": "0.5229452467233159", "jac": "[ 1.23179245e-06 -7.29926120e-06 -1.07069908e-07  3.64663855e-07\n  2.19525509e-06  1.70293779e-06]", "hess_inv": "[[12.15681881  1.47525073  2.51795009 -6.93661149 -0.03946281  5.4232985 ]\n [ 1.47525073  7.23356921 -3.50934858 -2.40156698 -0.26944102 -1.27631853]\n [ 2.51795009 -3.50934858  7.47394863 -1.78867951 -0.68189088  2.62877566]\n [-6.93661149 -2.40156698 -1.78867951 11.16518238  0.63853365 -3.32496273]\n [-0.03946281 -0.26944102 -0.68189088  0.63853365  3.92241877  0.71870998]\n [ 5.4232985  -1.27631853  2.62877566 -3.32496273  0.71870998  6.68187835]]", "nfev": "210", "njev": "30", "status": "0", "success": "True", "message": "Optimization terminated successfully.", "x": "[ 0.91130271  6.26370383 -1.95725107  1.9745782   2.84572079 -1.05675471]", "nit": "27"}, "11": {"maxiter": 500, "gtol": 1e-05, "xrtol": 1e-10, "eps": 1e-10, "duration": 0.035553932189941406, "fun": "0.5229452468530946", "jac": "[ 1.11022293e-06 -7.77156053e-06  1.11022293e-06  1.11022293e-06\n  3.33066880e-06  1.11022293e-06]", "hess_inv": "[[12.12030394  1.49262343  2.48311234 -6.92713339 -0.04135824  5.39926561]\n [ 1.49262343  7.23789109 -3.49430083 -2.41719509 -0.27339039 -1.2697007 ]\n [ 2.48311234 -3.49430083  7.43950537 -1.77811448 -0.68089007  2.60934829]\n [-6.92713339 -2.41719509 -1.77811448 11.16112602  0.64128647 -3.31937414]\n [-0.04135824 -0.27339039 -0.68089007  0.64128647  3.92318842  0.7162021 ]\n [ 5.39926561 -1.2697007   2.60934829 -3.31937414  0.7162021   6.6691857 ]]", "nfev": "210", "njev": "30", "status": "0", "success": "True", "message": "Optimization terminated successfully.", "x": "[ 0.9113243   6.26369719 -1.95722962  1.97457701  2.8457303  -1.05673181]", "nit": "27"}, "12": {"maxiter": 500, "gtol": 1e-10, "xrtol": 1e-05, "eps": 1e-05, "duration": 0.03782296180725098, "fun": "0.5229452464868585", "jac": "[ 3.32622818e-08 -5.82200954e-08  5.44009282e-09 -1.86073379e-08\n -4.66182648e-08 -1.06148423e-07]", "hess_inv": "[[11.97598835  1.2519851   2.47335159 -6.80082159  0.01655691  5.36044129]\n [ 1.2519851   8.26419738 -4.1594009  -2.51247705 -0.43768808 -1.6901544 ]\n [ 2.47335159 -4.1594009   7.73079794 -1.62561109 -0.55667977  2.7732188 ]\n [-6.80082159 -2.51247705 -1.62561109 11.12031378  0.64431139 -3.21187216]\n [ 0.01655691 -0.43768808 -0.55667977  0.64431139  3.94485046  0.79227166]\n [ 5.36044129 -1.6901544   2.7732188  -3.21187216  0.79227166  6.73192042]]", "nfev": "224", "njev": "32", "status": "0", "success": "True", "message": "Optimization terminated successfully.", "x": "[ 0.91129068  6.26376692 -1.95728656  1.97456806  2.84570727 -1.05678539]", "nit": "29"}, "13": {"maxiter": 500, "gtol": 1e-10, "xrtol": 1e-05, "eps": 1e-10, "duration": 0.03773093223571777, "fun": "0.5229452464711702", "jac": "[1.11022293e-06 1.11022293e-06 1.11022293e-06 1.11022293e-06\n 1.11022293e-06 1.11022293e-06]", "hess_inv": "[[12.05401007 -0.17689571  3.33779388 -6.39844502  0.33830343  5.9646886 ]\n [-0.17689571  8.43220879 -5.1064361  -1.02161629  0.2331532  -2.91445396]\n [ 3.33779388 -5.1064361   8.79537237 -2.23775263 -0.74587844  3.82079966]\n [-6.39844502 -1.02161629 -2.23775263 10.13992098  0.04403312 -3.44231506]\n [ 0.33830343  0.2331532  -0.74587844  0.04403312  3.5976995   0.81004266]\n [ 5.9646886  -2.91445396  3.82079966 -3.44231506  0.81004266  7.68116574]]", "nfev": "224", "njev": "32", "status": "0", "success": "True", "message": "Optimization terminated successfully.", "x": "[ 0.91130519  6.26377218 -1.95728205  1.97457108  2.84571963 -1.05677273]", "nit": "29"}, "14": {"maxiter": 500, "gtol": 1e-10, "xrtol": 1e-10, "eps": 1e-05, "duration": 0.07091403007507324, "fun": "0.5229452464853863", "jac": "[ 1.17683641e-09  2.06501483e-09  7.32747196e-10  1.43218770e-09\n -3.88578059e-09  8.32667268e-10]", "hess_inv": "[[11.9133461   1.12600031  2.4700478  -6.73001623  0.06387074  5.38563263]\n [ 1.12600031  8.27737815 -4.41411607 -2.39090546  0.25807669 -1.07991923]\n [ 2.4700478  -4.41411607  7.95529903 -1.60100758 -1.08205513  2.28365293]\n [-6.73001623 -2.39090546 -1.60100758 11.04283366  0.53075093 -3.29459106]\n [ 0.06387074  0.25807669 -1.08205513  0.53075093  5.13169661  1.8990527 ]\n [ 5.38563263 -1.07991923  2.28365293 -3.29459106  1.8990527   7.76117505]]", "nfev": "424", "njev": "59", "status": "2", "success": "False", "message": "Desired error not necessarily achieved due to precision loss.", "x": "[ 0.91129082  6.26376727 -1.95728678  1.97456803  2.84570771 -1.05678477]", "nit": "31"}, "15": {"maxiter": 500, "gtol": 1e-10, "xrtol": 1e-10, "eps": 1e-10, "duration": 0.048133134841918945, "fun": "0.5229452464711702", "jac": "[ 1.11022293e-06  1.11022293e-06  1.11022293e-06  1.11022293e-06\n  1.11022293e-06 -1.11022293e-06]", "hess_inv": "[[ 28.47305428  -2.51010603  13.19760187 -19.80288036  -3.74710538\n   19.16918874]\n [ -2.51010603   8.70512102  -6.46284707   0.53646743   0.51801377\n   -4.7820591 ]\n [ 13.19760187  -6.46284707  14.68221046 -10.02293518  -2.97380136\n   11.74352747]\n [-19.80288036   0.53646743 -10.02293518  19.03318426   1.63109396\n  -14.1703467 ]\n [ -3.74710538   0.51801377  -2.97380136   1.63109396   3.12336484\n   -2.43111973]\n [ 19.16918874  -4.7820591   11.74352747 -14.1703467   -2.43111973\n   18.29914764]]", "nfev": "287", "njev": "41", "status": "0", "success": "True", "message": "Optimization terminated successfully.", "x": "[ 0.91130519  6.26377218 -1.95728205  1.97457108  2.84571963 -1.05677273]", "nit": "30"}, "16": {"maxiter": 1000, "gtol": 1e-05, "xrtol": 1e-05, "eps": 1e-05, "duration": 0.03540205955505371, "fun": "0.5229452467233159", "jac": "[ 1.23179245e-06 -7.29926120e-06 -1.07069908e-07  3.64663855e-07\n  2.19525509e-06  1.70293779e-06]", "hess_inv": "[[12.15681881  1.47525073  2.51795009 -6.93661149 -0.03946281  5.4232985 ]\n [ 1.47525073  7.23356921 -3.50934858 -2.40156698 -0.26944102 -1.27631853]\n [ 2.51795009 -3.50934858  7.47394863 -1.78867951 -0.68189088  2.62877566]\n [-6.93661149 -2.40156698 -1.78867951 11.16518238  0.63853365 -3.32496273]\n [-0.03946281 -0.26944102 -0.68189088  0.63853365  3.92241877  0.71870998]\n [ 5.4232985  -1.27631853  2.62877566 -3.32496273  0.71870998  6.68187835]]", "nfev": "210", "njev": "30", "status": "0", "success": "True", "message": "Optimization terminated successfully.", "x": "[ 0.91130271  6.26370383 -1.95725107  1.9745782   2.84572079 -1.05675471]", "nit": "27"}, "17": {"maxiter": 1000, "gtol": 1e-05, "xrtol": 1e-05, "eps": 1e-10, "duration": 0.035307884216308594, "fun": "0.5229452468530946", "jac": "[ 1.11022293e-06 -7.77156053e-06  1.11022293e-06  1.11022293e-06\n  3.33066880e-06  1.11022293e-06]", "hess_inv": "[[12.12030394  1.49262343  2.48311234 -6.92713339 -0.04135824  5.39926561]\n [ 1.49262343  7.23789109 -3.49430083 -2.41719509 -0.27339039 -1.2697007 ]\n [ 2.48311234 -3.49430083  7.43950537 -1.77811448 -0.68089007  2.60934829]\n [-6.92713339 -2.41719509 -1.77811448 11.16112602  0.64128647 -3.31937414]\n [-0.04135824 -0.27339039 -0.68089007  0.64128647  3.92318842  0.7162021 ]\n [ 5.39926561 -1.2697007   2.60934829 -3.31937414  0.7162021   6.6691857 ]]", "nfev": "210", "njev": "30", "status": "0", "success": "True", "message": "Optimization terminated successfully.", "x": "[ 0.9113243   6.26369719 -1.95722962  1.97457701  2.8457303  -1.05673181]", "nit": "27"}, "18": {"maxiter": 1000, "gtol": 1e-05, "xrtol": 1e-10, "eps": 1e-05, "duration": 0.03534102439880371, "fun": "0.5229452467233159", "jac": "[ 1.23179245e-06 -7.29926120e-06 -1.07069908e-07  3.64663855e-07\n  2.19525509e-06  1.70293779e-06]", "hess_inv": "[[12.15681881  1.47525073  2.51795009 -6.93661149 -0.03946281  5.4232985 ]\n [ 1.47525073  7.23356921 -3.50934858 -2.40156698 -0.26944102 -1.27631853]\n [ 2.51795009 -3.50934858  7.47394863 -1.78867951 -0.68189088  2.62877566]\n [-6.93661149 -2.40156698 -1.78867951 11.16518238  0.63853365 -3.32496273]\n [-0.03946281 -0.26944102 -0.68189088  0.63853365  3.92241877  0.71870998]\n [ 5.4232985  -1.27631853  2.62877566 -3.32496273  0.71870998  6.68187835]]", "nfev": "210", "njev": "30", "status": "0", "success": "True", "message": "Optimization terminated successfully.", "x": "[ 0.91130271  6.26370383 -1.95725107  1.9745782   2.84572079 -1.05675471]", "nit": "27"}, "19": {"maxiter": 1000, "gtol": 1e-05, "xrtol": 1e-10, "eps": 1e-10, "duration": 0.035331010818481445, "fun": "0.5229452468530946", "jac": "[ 1.11022293e-06 -7.77156053e-06  1.11022293e-06  1.11022293e-06\n  3.33066880e-06  1.11022293e-06]", "hess_inv": "[[12.12030394  1.49262343  2.48311234 -6.92713339 -0.04135824  5.39926561]\n [ 1.49262343  7.23789109 -3.49430083 -2.41719509 -0.27339039 -1.2697007 ]\n [ 2.48311234 -3.49430083  7.43950537 -1.77811448 -0.68089007  2.60934829]\n [-6.92713339 -2.41719509 -1.77811448 11.16112602  0.64128647 -3.31937414]\n [-0.04135824 -0.27339039 -0.68089007  0.64128647  3.92318842  0.7162021 ]\n [ 5.39926561 -1.2697007   2.60934829 -3.31937414  0.7162021   6.6691857 ]]", "nfev": "210", "njev": "30", "status": "0", "success": "True", "message": "Optimization terminated successfully.", "x": "[ 0.9113243   6.26369719 -1.95722962  1.97457701  2.8457303  -1.05673181]", "nit": "27"}, "20": {"maxiter": 1000, "gtol": 1e-10, "xrtol": 1e-05, "eps": 1e-05, "duration": 0.03767085075378418, "fun": "0.5229452464868585", "jac": "[ 3.32622818e-08 -5.82200954e-08  5.44009282e-09 -1.86073379e-08\n -4.66182648e-08 -1.06148423e-07]", "hess_inv": "[[11.97598835  1.2519851   2.47335159 -6.80082159  0.01655691  5.36044129]\n [ 1.2519851   8.26419738 -4.1594009  -2.51247705 -0.43768808 -1.6901544 ]\n [ 2.47335159 -4.1594009   7.73079794 -1.62561109 -0.55667977  2.7732188 ]\n [-6.80082159 -2.51247705 -1.62561109 11.12031378  0.64431139 -3.21187216]\n [ 0.01655691 -0.43768808 -0.55667977  0.64431139  3.94485046  0.79227166]\n [ 5.36044129 -1.6901544   2.7732188  -3.21187216  0.79227166  6.73192042]]", "nfev": "224", "njev": "32", "status": "0", "success": "True", "message": "Optimization terminated successfully.", "x": "[ 0.91129068  6.26376692 -1.95728656  1.97456806  2.84570727 -1.05678539]", "nit": "29"}, "21": {"maxiter": 1000, "gtol": 1e-10, "xrtol": 1e-05, "eps": 1e-10, "duration": 0.03761005401611328, "fun": "0.5229452464711702", "jac": "[1.11022293e-06 1.11022293e-06 1.11022293e-06 1.11022293e-06\n 1.11022293e-06 1.11022293e-06]", "hess_inv": "[[12.05401007 -0.17689571  3.33779388 -6.39844502  0.33830343  5.9646886 ]\n [-0.17689571  8.43220879 -5.1064361  -1.02161629  0.2331532  -2.91445396]\n [ 3.33779388 -5.1064361   8.79537237 -2.23775263 -0.74587844  3.82079966]\n [-6.39844502 -1.02161629 -2.23775263 10.13992098  0.04403312 -3.44231506]\n [ 0.33830343  0.2331532  -0.74587844  0.04403312  3.5976995   0.81004266]\n [ 5.9646886  -2.91445396  3.82079966 -3.44231506  0.81004266  7.68116574]]", "nfev": "224", "njev": "32", "status": "0", "success": "True", "message": "Optimization terminated successfully.", "x": "[ 0.91130519  6.26377218 -1.95728205  1.97457108  2.84571963 -1.05677273]", "nit": "29"}, "22": {"maxiter": 1000, "gtol": 1e-10, "xrtol": 1e-10, "eps": 1e-05, "duration": 0.07105112075805664, "fun": "0.5229452464853863", "jac": "[ 1.17683641e-09  2.06501483e-09  7.32747196e-10  1.43218770e-09\n -3.88578059e-09  8.32667268e-10]", "hess_inv": "[[11.9133461   1.12600031  2.4700478  -6.73001623  0.06387074  5.38563263]\n [ 1.12600031  8.27737815 -4.41411607 -2.39090546  0.25807669 -1.07991923]\n [ 2.4700478  -4.41411607  7.95529903 -1.60100758 -1.08205513  2.28365293]\n [-6.73001623 -2.39090546 -1.60100758 11.04283366  0.53075093 -3.29459106]\n [ 0.06387074  0.25807669 -1.08205513  0.53075093  5.13169661  1.8990527 ]\n [ 5.38563263 -1.07991923  2.28365293 -3.29459106  1.8990527   7.76117505]]", "nfev": "424", "njev": "59", "status": "2", "success": "False", "message": "Desired error not necessarily achieved due to precision loss.", "x": "[ 0.91129082  6.26376727 -1.95728678  1.97456803  2.84570771 -1.05678477]", "nit": "31"}, "23": {"maxiter": 1000, "gtol": 1e-10, "xrtol": 1e-10, "eps": 1e-10, "duration": 0.048033952713012695, "fun": "0.5229452464711702", "jac": "[ 1.11022293e-06  1.11022293e-06  1.11022293e-06  1.11022293e-06\n  1.11022293e-06 -1.11022293e-06]", "hess_inv": "[[ 28.47305428  -2.51010603  13.19760187 -19.80288036  -3.74710538\n   19.16918874]\n [ -2.51010603   8.70512102  -6.46284707   0.53646743   0.51801377\n   -4.7820591 ]\n [ 13.19760187  -6.46284707  14.68221046 -10.02293518  -2.97380136\n   11.74352747]\n [-19.80288036   0.53646743 -10.02293518  19.03318426   1.63109396\n  -14.1703467 ]\n [ -3.74710538   0.51801377  -2.97380136   1.63109396   3.12336484\n   -2.43111973]\n [ 19.16918874  -4.7820591   11.74352747 -14.1703467   -2.43111973\n   18.29914764]]", "nfev": "287", "njev": "41", "status": "0", "success": "True", "message": "Optimization terminated successfully.", "x": "[ 0.91130519  6.26377218 -1.95728205  1.97457108  2.84571963 -1.05677273]", "nit": "30"}}, "cobyla": {"0": {"maxiter": 100, "tol": 1e-05, "catol": 1e-05, "duration": 0.016062021255493164, "x": "[ 5.00797692  7.77230488 -0.85832393  3.58010237  2.60311666  1.79456042]", "status": "2", "success": "False", "message": "Maximum number of function evaluations has been exceeded.", "nfev": "100", "fun": "0.6135087678220725", "maxcv": "0.0"}, "1": {"maxiter": 100, "tol": 1e-05, "catol": 1e-10, "duration": 0.016044139862060547, "x": "[ 5.00797692  7.77230488 -0.85832393  3.58010237  2.60311666  1.79456042]", "status": "2", "success": "False", "message": "Maximum number of function evaluations has been exceeded.", "nfev": "100", "fun": "0.6135087678220725", "maxcv": "0.0"}, "2": {"maxiter": 100, "tol": 1e-10, "catol": 1e-05, "duration": 0.016021013259887695, "x": "[ 5.00797692  7.77230488 -0.85832393  3.58010237  2.60311666  1.79456042]", "status": "2", "success": "False", "message": "Maximum number of function evaluations has been exceeded.", "nfev": "100", "fun": "0.6135087678220725", "maxcv": "0.0"}, "3": {"maxiter": 100, "tol": 1e-10, "catol": 1e-10, "duration": 0.0160677433013916, "x": "[ 5.00797692  7.77230488 -0.85832393  3.58010237  2.60311666  1.79456042]", "status": "2", "success": "False", "message": "Maximum number of function evaluations has been exceeded.", "nfev": "100", "fun": "0.6135087678220725", "maxcv": "0.0"}, "4": {"maxiter": 500, "tol": 1e-05, "catol": 1e-05, "duration": 0.08012914657592773, "x": "[ 5.01630982  7.76915541 -0.8321531   3.58009379  2.52647165  1.70988962]", "status": "2", "success": "False", "message": "Maximum number of function evaluations has been exceeded.", "nfev": "500", "fun": "0.6134235898455416", "maxcv"