{"date": "2024/07/18/, 20:52:31", "conf_id": 63, "data_type": "random\n", "num_data_points": 4, "s_rank": 0, "unitary": "[[-0.53618537-0.34368723j,-0.12107031-0.46226139j,-0.07699282-0.46603512j,0.36022595-0.11472301j],[0.26026499-0.63450712j,-0.56616638+0.37832564j,-0.14988651+0.08458591j,0.10363514-0.16008501j],[-0.32580188-0.11070003j,-0.36476308-0.23593218j,0.02559343+0.41761608j,-0.25598305+0.6725303j],[0.07406738-0.0126433j,0.28513701+0.19483972j,-0.74939717-0.10299659j,0.29798249+0.46269921j]]", "databatch_0": {"databatch": "[[[-0.07263319+0.19592416j,0.07852701+0.04096774j,-0.02445991+0.14643725j,0.01138831+0.01844269j],[0.44600772-0.30258819j,-0.10351772-0.20365628j,0.2707238-0.27084156j,0.00371457-0.05578493j],[-0.40561947-0.11545079j,-0.07012989+0.1644314j,-0.29849331-0.02627133j,-0.03532575+0.0258055j],[0.13900036-0.24198071j,-0.09436413-0.07132718j,0.06460641-0.18745836j,-0.01091986-0.02680941j]],[[0.02957244-0.09474986j,0.00085592-0.01595008j,0.01281154-0.30662499j,-0.00506446+0.18068282j],[-0.10852511-0.16461525j,-0.02345231-0.02137177j,-0.45542835-0.40525013j,0.27149167+0.23497762j],[-0.00381655-0.00456634j,-0.00077628-0.00056088j,-0.0150415-0.01059881j,0.00894406+0.00612022j],[-0.14642359+0.04158762j,-0.02118824+0.01229118j,-0.40426578+0.24096098j,0.23613294-0.14517847j]],[[0.07313558+0.09747774j,0.16330845-0.18100852j,-0.03823931+0.00760359j,-0.24365701-0.22939769j],[0.10936483+0.14427257j,0.2412758-0.27010187j,-0.05675137+0.01157681j,-0.36365662-0.33899557j],[-0.06718616-0.04324167j,-0.05910804+0.14850854j,0.02177189-0.01339429j,0.20209022+0.08544661j],[0.09598106+0.12592312j,0.21038701-0.23678124j,-0.04960618+0.0102561j,-0.31882753-0.2956331j]],[[0.21870207-0.0459232j,-0.14454135+0.21431398j,0.35364905-0.17288649j,-0.53536989+0.06315255j],[0.00645941-0.09525568j,0.07137967+0.08427314j,-0.030112-0.16546102j,-0.03607076+0.22747141j],[-0.10190396-0.04652167j,0.12206731-0.04348115j,-0.19411822-0.03543201j,0.23480151+0.13376024j],[-0.03650355+0.12598545j,-0.07119784-0.13398575j,-0.00792247+0.23091587j,0.11488584-0.294822j]]]", "initial param values": "[2.67636519,3.14945117,3.92144901,1.83991095,4.21407295,0.63752713]", "nelder_mead": {"type": "gradient-free", "0": {"maxiter": 100, "fatol": 1e-05, "xatol": 1e-05, "duration": 0.02539205551147461, "fun": "0.31126632497782925", "nit": "100", "nfev": "150", "status": "2", "success": "False", "message": "Maximum number of iterations has been exceeded.", "x": "[ 1.48945899  2.41552357  3.70740066  1.54458145  4.94480941 -0.82280125]", "final_simplex": "(array([[ 1.48945899,  2.41552357,  3.70740066,  1.54458145,  4.94480941,\n        -0.82280125],\n       [ 1.49215371,  2.35277695,  3.64801138,  1.52827214,  4.86192899,\n        -1.0313155 ],\n       [ 1.53809933,  2.34253837,  3.63881489,  1.54323733,  5.01438647,\n        -0.93149986],\n       [ 1.48413668,  2.38177876,  3.6469819 ,  1.65440928,  4.8300652 ,\n        -1.01860172],\n       [ 1.53201276,  2.40246382,  3.60633013,  1.5584579 ,  4.87440911,\n        -0.87243467],\n       [ 1.71455899,  2.42021338,  3.73190634,  1.40928814,  4.9050773 ,\n        -0.88728944],\n       [ 1.51391074,  2.27055277,  3.59221268,  1.56163755,  4.9051281 ,\n        -0.82228369]]), array([0.31126632, 0.31172303, 0.31264067, 0.31285395, 0.31308499,\n       0.31335412, 0.31506645]))"}, "1": {"maxiter": 100, "fatol": 1e-05, "xatol": 1e-10, "duration": 0.025989055633544922, "fun": "0.31126632497782925", "nit": "100", "nfev": "150", "status": "2", "success": "False", "message": "Maximum number of iterations has been exceeded.", "x": "[ 1.48945899  2.41552357  3.70740066  1.54458145  4.94480941 -0.82280125]", "final_simplex": "(array([[ 1.48945899,  2.41552357,  3.70740066,  1.54458145,  4.94480941,\n        -0.82280125],\n       [ 1.49215371,  2.35277695,  3.64801138,  1.52827214,  4.86192899,\n        -1.0313155 ],\n       [ 1.53809933,  2.34253837,  3.63881489,  1.54323733,  5.01438647,\n        -0.93149986],\n       [ 1.48413668,  2.38177876,  3.6469819 ,  1.65440928,  4.8300652 ,\n        -1.01860172],\n       [ 1.53201276,  2.40246382,  3.60633013,  1.5584579 ,  4.87440911,\n        -0.87243467],\n       [ 1.71455899,  2.42021338,  3.73190634,  1.40928814,  4.9050773 ,\n        -0.88728944],\n       [ 1.51391074,  2.27055277,  3.59221268,  1.56163755,  4.9051281 ,\n        -0.82228369]]), array([0.31126632, 0.31172303, 0.31264067, 0.31285395, 0.31308499,\n       0.31335412, 0.31506645]))"}, "2": {"maxiter": 100, "fatol": 1e-10, "xatol": 1e-05, "duration": 0.026479244232177734, "fun": "0.31126632497782925", "nit": "100", "nfev": "150", "status": "2", "success": "False", "message": "Maximum number of iterations has been exceeded.", "x": "[ 1.48945899  2.41552357  3.70740066  1.54458145  4.94480941 -0.82280125]", "final_simplex": "(array([[ 1.48945899,  2.41552357,  3.70740066,  1.54458145,  4.94480941,\n        -0.82280125],\n       [ 1.49215371,  2.35277695,  3.64801138,  1.52827214,  4.86192899,\n        -1.0313155 ],\n       [ 1.53809933,  2.34253837,  3.63881489,  1.54323733,  5.01438647,\n        -0.93149986],\n       [ 1.48413668,  2.38177876,  3.6469819 ,  1.65440928,  4.8300652 ,\n        -1.01860172],\n       [ 1.53201276,  2.40246382,  3.60633013,  1.5584579 ,  4.87440911,\n        -0.87243467],\n       [ 1.71455899,  2.42021338,  3.73190634,  1.40928814,  4.9050773 ,\n        -0.88728944],\n       [ 1.51391074,  2.27055277,  3.59221268,  1.56163755,  4.9051281 ,\n        -0.82228369]]), array([0.31126632, 0.31172303, 0.31264067, 0.31285395, 0.31308499,\n       0.31335412, 0.31506645]))"}, "3": {"maxiter": 100, "fatol": 1e-10, "xatol": 1e-10, "duration": 0.02609992027282715, "fun": "0.31126632497782925", "nit": "100", "nfev": "150", "status": "2", "success": "False", "message": "Maximum number of iterations has been exceeded.", "x": "[ 1.48945899  2.41552357  3.70740066  1.54458145  4.94480941 -0.82280125]", "final_simplex": "(array([[ 1.48945899,  2.41552357,  3.70740066,  1.54458145,  4.94480941,\n        -0.82280125],\n       [ 1.49215371,  2.35277695,  3.64801138,  1.52827214,  4.86192899,\n        -1.0313155 ],\n       [ 1.53809933,  2.34253837,  3.63881489,  1.54323733,  5.01438647,\n        -0.93149986],\n       [ 1.48413668,  2.38177876,  3.6469819 ,  1.65440928,  4.8300652 ,\n        -1.01860172],\n       [ 1.53201276,  2.40246382,  3.60633013,  1.5584579 ,  4.87440911,\n        -0.87243467],\n       [ 1.71455899,  2.42021338,  3.73190634,  1.40928814,  4.9050773 ,\n        -0.88728944],\n       [ 1.51391074,  2.27055277,  3.59221268,  1.56163755,  4.9051281 ,\n        -0.82228369]]), array([0.31126632, 0.31172303, 0.31264067, 0.31285395, 0.31308499,\n       0.31335412, 0.31506645]))"}, "4": {"maxiter": 500, "fatol": 1e-05, "xatol": 1e-05, "duration": 0.07375311851501465, "fun": "0.30706759302783615", "nit": "261", "nfev": "426", "status": "0", "success": "True", "message": "Optimization terminated successfully.", "x": "[ 1.59672653  2.35565408  3.80753363  1.58134787  4.89171955 -0.93052849]", "final_simplex": "(array([[ 1.59672653,  2.35565408,  3.80753363,  1.58134787,  4.89171955,\n        -0.93052849],\n       [ 1.59672681,  2.35566031,  3.807529  ,  1.58134262,  4.89172354,\n        -0.93053024],\n       [ 1.59672871,  2.35566378,  3.80753581,  1.58134255,  4.89172048,\n        -0.93052563],\n       [ 1.59673361,  2.3556602 ,  3.80753182,  1.58134432,  4.89171853,\n        -0.93053062],\n       [ 1.59672564,  2.3556558 ,  3.80753228,  1.58134209,  4.89172287,\n        -0.93052833],\n       [ 1.59672088,  2.35565406,  3.80753172,  1.58135102,  4.89171383,\n        -0.930538  ],\n       [ 1.59673333,  2.35565749,  3.80753756,  1.58134879,  4.89172636,\n        -0.93053479]]), array([0.30706759, 0.30706759, 0.30706759, 0.30706759, 0.30706759,\n       0.30706759, 0.30706759]))"}, "5": {"maxiter": 500, "fatol": 1e-05, "xatol": 1e-10, "duration": 0.11316084861755371, "fun": "0.3070675930240484", "nit": "371", "nfev": "655", "status": "0", "success": "True", "message": "Optimization terminated successfully.", "x": "[ 1.59672777  2.35565816  3.8075322   1.58134866  4.89172137 -0.93053056]", "final_simplex": "(array([[ 1.59672777,  2.35565816,  3.8075322 ,  1.58134866,  4.89172137,\n        -0.93053056],\n       [ 1.59672777,  2.35565816,  3.8075322 ,  1.58134866,  4.89172137,\n        -0.93053056],\n       [ 1.59672777,  2.35565816,  3.8075322 ,  1.58134866,  4.89172137,\n        -0.93053056],\n       [ 1.59672777,  2.35565816,  3.8075322 ,  1.58134866,  4.89172137,\n        -0.93053056],\n       [ 1.59672777,  2.35565816,  3.8075322 ,  1.58134866,  4.89172137,\n        -0.93053056],\n       [ 1.59672777,  2.35565816,  3.8075322 ,  1.58134866,  4.89172137,\n        -0.93053056],\n       [ 1.59672777,  2.35565816,  3.8075322 ,  1.58134866,  4.89172137,\n        -0.93053056]]), array([0.30706759, 0.30706759, 0.30706759, 0.30706759, 0.30706759,\n       0.30706759, 0.30706759]))"}, "6": {"maxiter": 500, "fatol": 1e-10, "xatol": 1e-05, "duration": 0.07368206977844238, "fun": "0.30706759302783615", "nit": "261", "nfev": "426", "status": "0", "success": "True", "message": "Optimization terminated successfully.", "x": "[ 1.59672653  2.35565408  3.80753363  1.58134787  4.89171955 -0.93052849]", "final_simplex": "(array([[ 1.59672653,  2.35565408,  3.80753363,  1.58134787,  4.89171955,\n        -0.93052849],\n       [ 1.59672681,  2.35566031,  3.807529  ,  1.58134262,  4.89172354,\n        -0.93053024],\n       [ 1.59672871,  2.35566378,  3.80753581,  1.58134255,  4.89172048,\n        -0.93052563],\n       [ 1.59673361,  2.3556602 ,  3.80753182,  1.58134432,  4.89171853,\n        -0.93053062],\n       [ 1.59672564,  2.3556558 ,  3.80753228,  1.58134209,  4.89172287,\n        -0.93052833],\n       [ 1.59672088,  2.35565406,  3.80753172,  1.58135102,  4.89171383,\n        -0.930538  ],\n       [ 1.59673333,  2.35565749,  3.80753756,  1.58134879,  4.89172636,\n        -0.93053479]]), array([0.30706759, 0.30706759, 0.30706759, 0.30706759, 0.30706759,\n       0.30706759, 0.30706759]))"}, "7": {"maxiter": 500, "fatol": 1e-10, "xatol": 1e-10, "duration": 0.11283206939697266, "fun": "0.3070675930240484", "nit": "371", "nfev": "655", "status": "0", "success": "True", "message": "Optimization terminated successfully.", "x": "[ 1.59672777  2.35565816  3.8075322   1.58134866  4.89172137 -0.93053056]", "final_simplex": "(array([[ 1.59672777,  2.35565816,  3.8075322 ,  1.58134866,  4.89172137,\n        -0.93053056],\n       [ 1.59672777,  2.35565816,  3.8075322 ,  1.58134866,  4.89172137,\n        -0.93053056],\n       [ 1.59672777,  2.35565816,  3.8075322 ,  1.58134866,  4.89172137,\n        -0.93053056],\n       [ 1.59672777,  2.35565816,  3.8075322 ,  1.58134866,  4.89172137,\n        -0.93053056],\n       [ 1.59672777,  2.35565816,  3.8075322 ,  1.58134866,  4.89172137,\n        -0.93053056],\n       [ 1.59672777,  2.35565816,  3.8075322 ,  1.58134866,  4.89172137,\n        -0.93053056],\n       [ 1.59672777,  2.35565816,  3.8075322 ,  1.58134866,  4.89172137,\n        -0.93053056]]), array([0.30706759, 0.30706759, 0.30706759, 0.30706759, 0.30706759,\n       0.30706759, 0.30706759]))"}, "8": {"maxiter": 1000, "fatol": 1e-05, "xatol": 1e-05, "duration": 0.07348465919494629, "fun": "0.30706759302783615", "nit": "261", "nfev": "426", "status": "0", "success": "True", "message": "Optimization terminated successfully.", "x": "[ 1.59672653  2.35565408  3.80753363  1.58134787  4.89171955 -0.93052849]", "final_simplex": "(array([[ 1.59672653,  2.35565408,  3.80753363,  1.58134787,  4.89171955,\n        -0.93052849],\n       [ 1.59672681,  2.35566031,  3.807529  ,  1.58134262,  4.89172354,\n        -0.93053024],\n       [ 1.59672871,  2.35566378,  3.80753581,  1.58134255,  4.89172048,\n        -0.93052563],\n       [ 1.59673361,  2.3556602 ,  3.80753182,  1.58134432,  4.89171853,\n        -0.93053062],\n       [ 1.59672564,  2.3556558 ,  3.80753228,  1.58134209,  4.89172287,\n        -0.93052833],\n       [ 1.59672088,  2.35565406,  3.80753172,  1.58135102,  4.89171383,\n        -0.930538  ],\n       [ 1.59673333,  2.35565749,  3.80753756,  1.58134879,  4.89172636,\n        -0.93053479]]), array([0.30706759, 0.30706759, 0.30706759, 0.30706759, 0.30706759,\n       0.30706759, 0.30706759]))"}, "9": {"maxiter": 1000, "fatol": 1e-05, "xatol": 1e-10, "duration": 0.11307597160339355, "fun": "0.3070675930240484", "nit": "371", "nfev": "655", "status": "0", "success": "True", "message": "Optimization terminated successfully.", "x": "[ 1.59672777  2.35565816  3.8075322   1.58134866  4.89172137 -0.93053056]", "final_simplex": "(array([[ 1.59672777,  2.35565816,  3.8075322 ,  1.58134866,  4.89172137,\n        -0.93053056],\n       [ 1.59672777,  2.35565816,  3.8075322 ,  1.58134866,  4.89172137,\n        -0.93053056],\n       [ 1.59672777,  2.35565816,  3.8075322 ,  1.58134866,  4.89172137,\n        -0.93053056],\n       [ 1.59672777,  2.35565816,  3.8075322 ,  1.58134866,  4.89172137,\n        -0.93053056],\n       [ 1.59672777,  2.35565816,  3.8075322 ,  1.58134866,  4.89172137,\n        -0.93053056],\n       [ 1.59672777,  2.35565816,  3.8075322 ,  1.58134866,  4.89172137,\n        -0.93053056],\n       [ 1.59672777,  2.35565816,  3.8075322 ,  1.58134866,  4.89172137,\n        -0.93053056]]), array([0.30706759, 0.30706759, 0.30706759, 0.30706759, 0.30706759,\n       0.30706759, 0.30706759]))"}, "10": {"maxiter": 1000, "fatol": 1e-10, "xatol": 1e-05, "duration": 0.07363772392272949, "fun": "0.30706759302783615", "nit": "261", "nfev": "426", "status": "0", "success": "True", "message": "Optimization terminated successfully.", "x": "[ 1.59672653  2.35565408  3.80753363  1.58134787  4.89171955 -0.93052849]", "final_simplex": "(array([[ 1.59672653,  2.35565408,  3.80753363,  1.58134787,  4.89171955,\n        -0.93052849],\n       [ 1.59672681,  2.35566031,  3.807529  ,  1.58134262,  4.89172354,\n        -0.93053024],\n       [ 1.59672871,  2.35566378,  3.80753581,  1.58134255,  4.89172048,\n        -0.93052563],\n       [ 1.59673361,  2.3556602 ,  3.80753182,  1.58134432,  4.89171853,\n        -0.93053062],\n       [ 1.59672564,  2.3556558 ,  3.80753228,  1.58134209,  4.89172287,\n        -0.93052833],\n       [ 1.59672088,  2.35565406,  3.80753172,  1.58135102,  4.89171383,\n        -0.930538  ],\n       [ 1.59673333,  2.35565749,  3.80753756,  1.58134879,  4.89172636,\n        -0.93053479]]), array([0.30706759, 0.30706759, 0.30706759, 0.30706759, 0.30706759,\n       0.30706759, 0.30706759]))"}, "11": {"maxiter": 1000, "fatol": 1e-10, "xatol": 1e-10, "duration": 0.11295318603515625, "fun": "0.3070675930240484", "nit": "371", "nfev": "655", "status": "0", "success": "True", "message": "Optimization terminated successfully.", "x": "[ 1.59672777  2.35565816  3.8075322   1.58134866  4.89172137 -0.93053056]", "final_simplex": "(array([[ 1.59672777,  2.35565816,  3.8075322 ,  1.58134866,  4.89172137,\n        -0.93053056],\n       [ 1.59672777,  2.35565816,  3.8075322 ,  1.58134866,  4.89172137,\n        -0.93053056],\n       [ 1.59672777,  2.35565816,  3.8075322 ,  1.58134866,  4.89172137,\n        -0.93053056],\n       [ 1.59672777,  2.35565816,  3.8075322 ,  1.58134866,  4.89172137,\n        -0.93053056],\n       [ 1.59672777,  2.35565816,  3.8075322 ,  1.58134866,  4.89172137,\n        -0.93053056],\n       [ 1.59672777,  2.35565816,  3.8075322 ,  1.58134866,  4.89172137,\n        -0.93053056],\n       [ 1.59672777,  2.35565816,  3.8075322 ,  1.58134866,  4.89172137,\n        -0.93053056]]), array([0.30706759, 0.30706759, 0.30706759, 0.30706759, 0.30706759,\n       0.30706759, 0.30706759]))"}}, "bfgs": {"type": "gradient", "0": {"maxiter": 100, "gtol": 1e-05, "xrtol": 1e-05, "eps": 1e-05, "duration": 0.025101184844970703, "fun": "0.307067594351339", "jac": "[-1.63747682e-05  8.97537600e-06 -1.89855909e-06 -8.94706531e-07\n -1.29614874e-05 -3.55450114e-06]", "hess_inv": "[[ 2.84462492  2.12707805  0.57799427 -0.5636345  -0.84111336  0.72043065]\n [ 2.12707805  7.09807999  1.01372551 -2.05646937  0.72928764  3.4421695 ]\n [ 0.57799427  1.01372551  3.9321834  -0.32072972 -0.42192174  0.33692176]\n [-0.5636345  -2.05646937 -0.32072972  3.96455475 -0.58815736 -0.79435175]\n [-0.84111336  0.72928764 -0.42192174 -0.58815736  2.76663028  0.30107764]\n [ 0.72043065  3.4421695   0.33692176 -0.79435175  0.30107764  7.21915154]]", "nfev": "140", "njev": "20", "status": "0", "success": "True", "message": "Optimization terminated successfully.", "x": "[ 1.59664916  2.35566964  3.80751196  1.58133835  4.89166039 -0.93057919]", "nit": "18"}, "1": {"maxiter": 100, "gtol": 1e-05, "xrtol": 1e-05, "eps": 1e-10, "duration": 0.026315927505493164, "fun": "0.3070675932906086", "jac": "[-8.88178346e-06  4.44089173e-06 -3.33066880e-06 -2.22044587e-06\n -4.44089173e-06 -3.33066880e-06]", "hess_inv": "[[ 3.14113836  1.93272579  0.20681102 -1.13031243  0.13283073  1.0392682 ]\n [ 1.93272579  6.65300702  0.78474477 -2.29307123  0.8705055   3.01042535]\n [ 0.20681102  0.78474477  3.72563611 -0.55283424 -0.37258584  0.16012066]\n [-1.13031243 -2.29307123 -0.55283424  3.726997   -0.64691596 -1.0462323 ]\n [ 0.13283073  0.8705055  -0.37258584 -0.64691596  3.4866359   0.77502273]\n [ 1.0392682   3.01042535  0.16012066 -1.0462323   0.77502273  7.02037852]]", "nfev": "147", "njev": "21", "status": "0", "success": "True", "message": "Optimization terminated successfully.", "x": "[ 1.59669713  2.35567907  3.80751513  1.58133236  4.89170649 -0.93054464]", "nit": "19"}, "2": {"maxiter": 100, "gtol": 1e-05, "xrtol": 1e-10, "eps": 1e-05, "duration": 0.02635812759399414, "fun": "0.3070675932920863", "jac": "[-6.67899069e-06  2.20427010e-06 -2.71517253e-06 -3.97979427e-06\n -1.70110592e-06 -1.61759495e-07]", "hess_inv": "[[ 3.25396     2.0463246   0.32329192 -1.03299995  0.14842526  1.34858872]\n [ 2.0463246   7.09910736  1.13618682 -1.85081696  0.38349705  3.22587323]\n [ 0.32329192  1.13618682  3.74076524 -0.5764742  -0.30805499  0.39364464]\n [-1.03299995 -1.85081696 -0.5764742   3.64513127 -0.58058292 -0.81390329]\n [ 0.14842526  0.38349705 -0.30805499 -0.58058292  3.6374785   0.88633495]\n [ 1.34858872  3.22587323  0.39364464 -0.81390329  0.88633495  7.61057563]]", "nfev": "147", "njev": "21", "status": "0", "success": "True", "message": "Optimization terminated successfully.", "x": "[ 1.59669049  2.35565636  3.80751105  1.5813298   4.89170857 -0.9305475 ]", "nit": "19"}, "3": {"maxiter": 100, "gtol": 1e-05, "xrtol": 1e-10, "eps": 1e-10, "duration": 0.02540302276611328, "fun": "0.3070675932906086", "jac": "[-8.88178346e-06  4.44089173e-06 -3.33066880e-06 -2.22044587e-06\n -4.44089173e-06 -3.33066880e-06]", "hess_inv": "[[ 3.14113836  1.93272579  0.20681102 -1.13031243  0.13283073  1.0392682 ]\n [ 1.93272579  6.65300702  0.78474477 -2.29307123  0.8705055   3.01042535]\n [ 0.20681102  0.78474477  3.72563611 -0.55283424 -0.37258584  0.16012066]\n [-1.13031243 -2.29307123 -0.55283424  3.726997   -0.64691596 -1.0462323 ]\n [ 0.13283073  0.8705055  -0.37258584 -0.64691596  3.4866359   0.77502273]\n [ 1.0392682   3.01042535  0.16012066 -1.0462323   0.77502273  7.02037852]]", "nfev": "147", "njev": "21", "status": "0", "success": "True", "message": "Optimization terminated successfully.", "x": "[ 1.59669713  2.35567907  3.80751513  1.58133236  4.89170649 -0.93054464]", "nit": "19"}, "4": {"maxiter": 100, "gtol": 1e-10, "xrtol": 1e-05, "eps": 1e-05, "duration": 0.024178266525268555, "fun": "0.307067594351339", "jac": "[-1.63747682e-05  8.97537600e-06 -1.89855909e-06 -8.94706531e-07\n -1.29614874e-05 -3.55450114e-06]", "hess_inv": "[[ 2.84462492  2.12707805  0.57799427 -0.5636345  -0.84111336  0.72043065]\n [ 2.12707805  7.09807999  1.01372551 -2.05646937  0.72928764  3.4421695 ]\n [ 0.57799427  1.01372551  3.9321834  -0.32072972 -0.42192174  0.33692176]\n [-0.5636345  -2.05646937 -0.32072972  3.96455475 -0.58815736 -0.79435175]\n [-0.84111336  0.72928764 -0.42192174 -0.58815736  2.76663028  0.30107764]\n [ 0.72043065  3.4421695   0.33692176 -0.79435175  0.30107764  7.21915154]]", "nfev": "140", "njev": "20", "status": "0", "success": "True", "message": "Optimization terminated successfully.", "x": "[ 1.59664916  2.35566964  3.80751196  1.58133835  4.89166039 -0.93057919]", "nit": "18"}, "5": {"maxiter": 100, "gtol": 1e-10, "xrtol": 1e-05, "eps": 1e-10, "duration": 0.025413990020751953, "fun": "0.3070675932906086", "jac": "[-8.88178346e-06  4.44089173e-06 -3.33066880e-06 -2.22044587e-06\n -4.44089173e-06 -3.33066880e-06]", "hess_inv": "[[ 3.14113836  1.93272579  0.20681102 -1.13031243  0.13283073  1.0392682 ]\n [ 1.93272579  6.65300702  0.78474477 -2.29307123  0.8705055   3.01042535]\n [ 0.20681102  0.78474477  3.72563611 -0.55283424 -0.37258584  0.16012066]\n [-1.13031243 -2.29307123 -0.55283424  3.726997   -0.64691596 -1.0462323 ]\n [ 0.13283073  0.8705055  -0.37258584 -0.64691596  3.4866359   0.77502273]\n [ 1.0392682   3.01042535  0.16012066 -1.0462323   0.77502273  7.02037852]]", "nfev": "147", "njev": "21", "status": "0", "success": "True", "message": "Optimization terminated successfully.", "x": "[ 1.59669713  2.35567907  3.80751513  1.58133236  4.89170649 -0.93054464]", "nit": "19"}, "6": {"maxiter": 100, "gtol": 1e-10, "xrtol": 1e-10, "eps": 1e-05, "duration": 0.0760641098022461, "fun": "0.307067593050812", "jac": "[ 1.04138920e-08 -9.23705556e-09 -1.55431223e-09 -5.76205750e-09\n  1.16240351e-08  4.76285678e-09]", "hess_inv": "[[ 4.25719462  1.71113016  0.82862454 -0.37878373  0.37030947  1.5056453 ]\n [ 1.71113016  7.21221187  0.98372966 -2.04239341  0.28101938  3.15435769]\n [ 0.82862454  0.98372966  3.99525908 -0.24428039 -0.1836688   0.47308507]\n [-0.37878373 -2.04239341 -0.24428039  4.08061735 -0.41996383 -0.714129  ]\n [ 0.37030947  0.28101938 -0.1836688  -0.41996383  3.64229596  0.90585759]\n [ 1.5056453   3.15435769  0.47308507 -0.714129    0.90585759  7.63442017]]", "nfev": "446", "njev": "62", "status": "2", "success": "False", "message": "Desired error not necessarily achieved due to precision loss.", "x": "[ 1.59671805  2.35564692  3.80752452  1.58134705  4.89171516 -0.93054276]", "nit": "22"}, "7": {"maxiter": 100, "gtol": 1e-10, "xrtol": 1e-10, "eps": 1e-10, "duration": 0.07507896423339844, "fun": "0.3070675930282625", "jac": "[2.22044587e-06 1.11022293e-06 0.00000000e+00 0.00000000e+00\n 0.00000000e+00 0.00000000e+00]", "hess_inv": "[[ 0.09157949 -0.23975937 -0.14423338  0.12511992  0.307067   -0.12689495]\n [-0.23975937  0.98004022  0.39207987 -0.133847   -0.70926125  0.19852692]\n [-0.14423338  0.39207987  1.29125749 -1.30919796  0.39009462  0.30274579]\n [ 0.12511992 -0.133847   -1.30919796  1.72019706 -0.11877957 -0.7308748 ]\n [ 0.307067   -0.70926125  0.39009462 -0.11877957  2.55845849 -0.91122353]\n [-0.12689495  0.19852692  0.30274579 -0.7308748  -0.91122353  0.84918583]]", "nfev": "439", "njev": "61", "status": "2", "success": "False", "message": "Desired error not necessarily achieved due to precision loss.", "x": "[ 1.59673013  2.35565737  3.80753122  1.58134533  4.89172114 -0.93053483]", "nit": "26"}, "8": {"maxiter": 500, "gtol": 1e-05, "xrtol": 1e-05, "eps": 1e-05, "duration": 0.025091171264648438, "fun": "0.307067594351339", "jac": "[-1.63747682e-05  8.97537600e-06 -1.89855909e-06 -8.94706531e-07\n -1.29614874e-05 -3.55450114e-06]", "hess_inv": "[[ 2.84462492  2.12707805  0.57799427 -0.5636345  -0.84111336  0.72043065]\n [ 2.12707805  7.09807999  1.01372551 -2.05646937  0.72928764  3.4421695 ]\n [ 0.57799427  1.01372551  3.9321834  -0.32072972 -0.42192174  0.33692176]\n [-0.5636345  -2.05646937 -0.32072972  3.96455475 -0.58815736 -0.79435175]\n [-0.84111336  0.72928764 -0.42192174 -0.58815736  2.76663028  0.30107764]\n [ 0.72043065  3.4421695   0.33692176 -0.79435175  0.30107764  7.21915154]]", "nfev": "140", "njev": "20", "status": "0", "success": "True", "message": "Optimization terminated successfully.", "x": "[ 1.59664916  2.35566964  3.80751196  1.58133835  4.89166039 -0.93057919]", "nit": "18"}, "9": {"maxiter": 500, "gtol": 1e-05, "xrtol": 1e-05, "eps": 1e-10, "duration": 0.026443004608154297, "fun": "0.3070675932906086", "jac": "[-8.88178346e-06  4.44089173e-06 -3.33066880e-06 -2.22044587e-06\n -4.44089173e-06 -3.33066880e-06]", "hess_inv": "[[ 3.14113836  1.93272579  0.20681102 -1.13031243  0.13283073  1.0392682 ]\n [ 1.93272579  6.65300702  0.78474477 -2.29307123  0.8705055   3.01042535]\n [ 0.20681102  0.78474477  3.72563611 -0.55283424 -0.37258584  0.16012066]\n [-1.13031243 -2.29307123 -0.55283424  3.726997   -0.64691596 -1.0462323 ]\n [ 0.13283073  0.8705055  -0.37258584 -0.64691596  3.4866359   0.77502273]\n [ 1.0392682   3.01042535  0.16012066 -1.0462323   0.77502273  7.02037852]]", "nfev": "147", "njev": "21", "status": "0", "success": "True", "message": "Optimization terminated successfully.", "x": "[ 1.59669713  2.35567907  3.80751513  1.58133236  4.89170649 -0.93054464]", "nit": "19"}, "10": {"maxiter": 500, "gtol": 1e-05, "xrtol": 1e-10, "eps": 1e-05, "duration": 0.02651190757751465, "fun": "0.3070675932920863", "jac": "[-6.67899069e-06  2.20427010e-06 -2.71517253e-06 -3.97979427e-06\n -1.70110592e-06 -1.61759495e-07]", "hess_inv": "[[ 3.25396     2.0463246   0.32329192 -1.03299995  0.14842526  1.34858872]\n [ 2.0463246   7.09910736  1.13618682 -1.85081696  0.38349705  3.22587323]\n [ 0.32329192  1.13618682  3.74076524 -0.5764742  -0.30805499  0.39364464]\n [-1.03299995 -1.85081696 -0.5764742   3.64513127 -0.58058292 -0.81390329]\n [ 0.14842526  0.38349705 -0.30805499 -0.58058292  3.6374785   0.88633495]\n [ 1.34858872  3.22587323  0.39364464 -0.81390329  0.88633495  7.61057563]]", "nfev": "147", "njev": "21", "status": "0", "success": "True", "message": "Optimization terminated successfully.", "x": "[ 1.59669049  2.35565636  3.80751105  1.5813298   4.89170857 -0.9305475 ]", "nit": "19"}, "11": {"maxiter": 500, "gtol": 1e-05, "xrtol": 1e-10, "eps": 1e-10, "duration": 0.026334047317504883, "fun": "0.3070675932906086", "jac": "[-8.88178346e-06  4.44089173e-06 -3.33066880e-06 -2.22044587e-06\n -4.44089173e-06 -3.33066880e-06]", "hess_inv": "[[ 3.14113836  1.93272579  0.20681102 -1.13031243  0.13283073  1.0392682 ]\n [ 1.93272579  6.65300702  0.78474477 -2.29307123  0.8705055   3.01042535]\n [ 0.20681102  0.78474477  3.72563611 -0.55283424 -0.37258584  0.16012066]\n [-1.13031243 -2.29307123 -0.55283424  3.726997   -0.64691596 -1.0462323 ]\n [ 0.13283073  0.8705055  -0.37258584 -0.64691596  3.4866359   0.77502273]\n [ 1.0392682   3.01042535  0.16012066 -1.0462323   0.77502273  7.02037852]]", "nfev": "147", "njev": "21", "status": "0", "success": "True", "message": "Optimization terminated successfully.", "x": "[ 1.59669713  2.35567907  3.80751513  1.58133236  4.89170649 -0.93054464]", "nit": "19"}, "12": {"maxiter": 500, "gtol": 1e-10, "xrtol": 1e-05, "eps": 1e-05, "duration": 0.02511906623840332, "fun": "0.307067594351339", "jac": "[-1.63747682e-05  8.97537600e-06 -1.89855909e-06 -8.94706531e-07\n -1.29614874e-05 -3.55450114e-06]", "hess_inv": "[[ 2.84462492  2.12707805  0.57799427 -0.5636345  -0.84111336  0.72043065]\n [ 2.12707805  7.09807999  1.01372551 -2.05646937  0.72928764  3.4421695 ]\n [ 0.57799427  1.01372551  3.9321834  -0.32072972 -0.42192174  0.33692176]\n [-0.5636345  -2.05646937 -0.32072972  3.96455475 -0.58815736 -0.79435175]\n [-0.84111336  0.72928764 -0.42192174 -0.58815736  2.76663028  0.30107764]\n [ 0.72043065  3.4421695   0.33692176 -0.79435175  0.30107764  7.21915154]]", "nfev": "140", "njev": "20", "status": "0", "success": "True", "message": "Optimization terminated successfully.", "x": "[ 1.59664916  2.35566964  3.80751196  1.58133835  4.89166039 -0.93057919]", "nit": "18"}, "13": {"maxiter": 500, "gtol": 1e-10, "xrtol": 1e-05, "eps": 1e-10, "duration": 0.02624797821044922, "fun": "0.3070675932906086", "jac": "[-8.88178346e-06  4.44089173e-06 -3.33066880e-06 -2.22044587e-06\n -4.44089173e-06 -3.33066880e-06]", "hess_inv": "[[ 3.14113836  1.93272579  0.20681102 -1.13031243  0.13283073  1.0392682 ]\n [ 1.93272579  6.65300702  0.78474477 -2.29307123  0.8705055   3.01042535]\n [ 0.20681102  0.78474477  3.72563611 -0.55283424 -0.37258584  0.16012066]\n [-1.13031243 -2.29307123 -0.55283424  3.726997   -0.64691596 -1.0462323 ]\n [ 0.13283073  0.8705055  -0.37258584 -0.64691596  3.4866359   0.77502273]\n [ 1.0392682   3.01042535  0.16012066 -1.0462323   0.77502273  7.02037852]]", "nfev": "147", "njev": "21", "status": "0", "success": "True", "message": "Optimization terminated successfully.", "x": "[ 1.59669713  2.35567907  3.80751513  1.58133236  4.89170649 -0.93054464]", "nit": "19"}, "14": {"maxiter": 500, "gtol": 1e-10, "xrtol": 1e-10, "eps": 1e-05, "duration": 0.07875180244445801, "fun": "0.307067593050812", "jac": "[ 1.04138920e-08 -9.23705556e-09 -1.55431223e-09 -5.76205750e-09\n  1.16240351e-08  4.76285678e-09]", "hess_inv": "[[ 4.25719462  1.71113016  0.82862454 -0.37878373  0.37030947  1.5056453 ]\n [ 1.71113016  7.21221187  0.98372966 -2.04239341  0.28101938  3.15435769]\n [ 0.82862454  0.98372966  3.99525908 -0.24428039 -0.1836688   0.47308507]\n [-0.37878373 -2.04239341 -0.24428039  4.08061735 -0.41996383 -0.714129  ]\n [ 0.37030947  0.28101938 -0.1836688  -0.41996383  3.64229596  0.90585759]\n [ 1.5056453   3.15435769  0.47308507 -0.714129    0.90585759  7.63442017]]", "nfev": "446", "njev": "62", "status": "2", "success": "False", "message": "Desired error not necessarily achieved due to precision loss.", "x": "[ 1.59671805  2.35564692  3.80752452  1.58134705  4.89171516 -0.93054276]", "nit": "22"}, "15": {"maxiter": 500, "gtol": 1e-10, "xrtol": 1e-10, "eps": 1e-10, "duration": 0.07773280143737793, "fun": "0.3070675930282625", "jac": "[2.22044587e-06 1.11022293e-06 0.00000000e+00 0.00000000e+00\n 0.00000000e+00 0.00000000e+00]", "hess_inv": "[[ 0.09157949 -0.23975937 -0.14423338  0.12511992  0.307067   -0.12689495]\n [-0.23975937  0.98004022  0.39207987 -0.133847   -0.70926125  0.19852692]\n [-0.14423338  0.39207987  1.29125749 -1.30919796  0.39009462  0.30274579]\n [ 0.12511992 -0.133847   -1.30919796  1.72019706 -0.11877957 -0.7308748 ]\n [ 0.307067   -0.70926125  0.39009462 -0.11877957  2.55845849 -0.91122353]\n [-0.12689495  0.19852692  0.30274579 -0.7308748  -0.91122353  0.84918583]]", "nfev": "439", "njev": "61", "status": "2", "success": "False", "message": "Desired error not necessarily achieved due to precision loss.", "x": "[ 1.59673013  2.35565737  3.80753122  1.58134533  4.89172114 -0.93053483]", "nit": "26"}, "16": {"maxiter": 1000, "gtol": 1e-05, "xrtol": 1e-05, "eps": 1e-05, "duration": 0.0250699520111084, "fun": "0.307067594351339", "jac": "[-1.63747682e-05  8.97537600e-06 -1.89855909e-06 -8.94706531e-07\n -1.29614874e-05 -3.55450114e-06]", "hess_inv": "[[ 2.84462492  2.12707805  0.57799427 -0.5636345  -0.84111336  0.72043065]\n [ 2.12707805  7.09807999  1.01372551 -2.05646937  0.72928764  3.4421695 ]\n [ 0.57799427  1.01372551  3.9321834  -0.32072972 -0.42192174  0.33692176]\n [-0.5636345  -2.05646937 -0.32072972  3.96455475 -0.58815736 -0.79435175]\n [-0.84111336  0.72928764 -0.42192174 -0.58815736  2.76663028  0.30107764]\n [ 0.72043065  3.4421695   0.33692176 -0.79435175  0.30107764  7.21915154]]", "nfev": "140", "njev": "20", "status": "0", "success": "True", "message": "Optimization terminated successfully.", "x": "[ 1.59664916  2.35566964  3.80751196  1.58133835  4.89166039 -0.93057919]", "nit": "18"}, "17": {"maxiter": 1000, "gtol": 1e-05, "xrtol": 1e-05, "eps": 1e-10, "duration": 0.0263059139251709, "fun": "0.3070675932906086", "jac": "[-8.88178346e-06  4.44089173e-06 -3.33066880e-06 -2.22044587e-06\n -4.44089173e-06 -3.33066880e-06]", "hess_inv": "[[ 3.14113836  1.93272579  0.20681102 -1.13031243  0.13283073  1.0392682 ]\n [ 1.93272579  6.65300702  0.78474477 -2.29307123  0.8705055   3.01042535]\n [ 0.20681102  0.78474477  3.72563611 -0.55283424 -0.37258584  0.16012066]\n [-1.13031243 -2.29307123 -0.55283424  3.726997   -0.64691596 -1.0462323 ]\n [ 0.13283073  0.8705055  -0.37258584 -0.64691596  3.4866359   0.77502273]\n [ 1.0392682   3.01042535  0.16012066 -1.0462323   0.77502273  7.02037852]]", "nfev": "147", "njev": "21", "status": "0", "success": "True", "message": "Optimization terminated successfully.", "x": "[ 1.59669713  2.35567907  3.80751513  1.58133236  4.89170649 -0.93054464]", "nit": "19"}, "18": {"maxiter": 1000, "gtol": 1e-05, "xrtol": 1e-10, "eps": 1e-05, "duration": 0.02622079849243164, "fun": "0.3070675932920863", "jac": "[-6.67899069e-06  2.20427010e-06 -2.71517253e-06 -3.97979427e-06\n -1.70110592e-06 -1.61759495e-07]", "hess_inv": "[[ 3.25396     2.0463246   0.32329192 -1.03299995  0.14842526  1.34858872]\n [ 2.0463246   7.09910736  1.13618682 -1.85081696  0.38349705  3.22587323]\n [ 0.32329192  1.13618682  3.74076524 -0.5764742  -0.30805499  0.39364464]\n [-1.03299995 -1.85081696 -0.5764742   3.64513127 -0.58058292 -0.81390329]\n [ 0.14842526  0.38349705 -0.30805499 -0.58058292  3.6374785   0.88633495]\n [ 1.34858872  3.22587323  0.39364464 -0.81390329  0.88633495  7.61057563]]", "nfev": "147", "njev": "21", "status": "0", "success": "True", "message": "Optimization terminated successfully.", "x": "[ 1.59669049  2.35565636  3.80751105  1.5813298   4.89170857 -0.9305475 ]", "nit": "19"}, "19": {"maxiter": 1000, "gtol": 1e-05, "xrtol": 1e-10, "eps": 1e-10, "duration": 0.026234865188598633, "fun": "0.3070675932906086", "jac": "[-8.88178346e-06  4.44089173e-06 -3.33066880e-06 -2.22044587e-06\n -4.44089173e-06 -3.33066880e-06]", "hess_inv": "[[ 3.14113836  1.93272579  0.20681102 -1.13031243  0.13283073  1.0392682 ]\n [ 1.93272579  6.65300702  0.78474477 -2.29307123  0.8705055   3.01042535]\n [ 0.20681102  0.78474477  3.72563611 -0.55283424 -0.37258584  0.16012066]\n [-1.13031243 -2.29307123 -0.55283424  3.726997   -0.64691596 -1.0462323 ]\n [ 0.13283073  0.8705055  -0.37258584 -0.64691596  3.4866359   0.77502273]\n [ 1.0392682   3.01042535  0.16012066 -1.0462323   0.77502273  7.02037852]]", "nfev": "147", "njev": "21", "status": "0", "success": "True", "message": "Optimization terminated successfully.", "x": "[ 1.59669713  2.35567907  3.80751513  1.58133236  4.89170649 -0.93054464]", "nit": "19"}, "20": {"maxiter": 1000, "gtol": 1e-10, "xrtol": 1e-05, "eps": 1e-05, "duration": 0.02486395835876465, "fun": "0.307067594351339", "jac": "[-1.63747682e-05  8.97537600e-06 -1.89855909e-06 -8.94706531e-07\n -1.29614874e-05 -3.55450114e-06]", "hess_inv": "[[ 2.84462492  2.12707805  0.57799427 -0.5636345  -0.84111336  0.72043065]\n [ 2.12707805  7.09807999  1.01372551 -2.05646937  0.72928764  3.4421695 ]\n [ 0.57799427  1.01372551  3.9321834  -0.32072972 -0.42192174  0.33692176]\n [-0.5636345  -2.05646937 -0.32072972  3.96455475 -0.58815736 -0.79435175]\n [-0.84111336  0.72928764 -0.42192174 -0.58815736  2.76663028  0.30107764]\n [ 0.72043065  3.4421695   0.33692176 -0.79435175  0.30107764  7.21915154]]", "nfev": "140", "njev": "20", "status": "0", "success": "True", "message": "Optimization terminated successfully.", "x": "[ 1.59664916  2.35566964  3.80751196  1.58133835  4.89166039 -0.93057919]", "nit": "18"}, "21": {"maxiter": 1000, "gtol": 1e-10, "xrtol": 1e-05, "eps": 1e-10, "duration": 0.026179790496826172, "fun": "0.3070675932906086", "jac": "[-8.88178346e-06  4.44089173e-06 -3.33066880e-06 -2.22044587e-06\n -4.44089173e-06 -3.33066880e-06]", "hess_inv": "[[ 3.14113836  1.93272579  0.20681102 -1.13031243  0.13283073  1.0392682 ]\n [ 1.93272579  6.65300702  0.78474477 -2.29307123  0.8705055   3.01042535]\n [ 0.20681102  0.78474477  3.72563611 -0.55283424 -0.37258584  0.16012066]\n [-1.13031243 -2.29307123 -0.55283424  3.726997   -0.64691596 -1.0462323 ]\n [ 0.13283073  0.8705055  -0.37258584 -0.64691596  3.4866359   0.77502273]\n [ 1.0392682   3.01042535  0.16012066 -1.0462323   0.77502273  7.02037852]]", "nfev": "147", "njev": "21", "status": "0", "success": "True", "message": "Optimization terminated successfully.", "x": "[ 1.59669713  2.35567907  3.80751513  1.58133236  4.89170649 -0.93054464]", "nit": "19"}, "22": {"maxiter": 1000, "gtol": 1e-10, "xrtol": 1e-10, "eps": 1e-05, "duration": 0.07963991165161133, "fun": "0.307067593050812", "jac": "[ 1.04138920e-08 -9.23705556e-09 -1.55431223e-09 -5.76205750e-09\n  1.16240351e-08  4.76285678e-09]", "hess_inv": "[[ 4.25719462  1.71113016  0.82862454 -0.37878373  0.37030947  1.5056453 ]\n [ 1.71113016  7.21221187  0.98372966 -2.04239341  0.28101938  3.15435769]\n [ 0.82862454  0.98372966  3.99525908 -0.24428039 -0.1836688   0.47308507]\n [-0.37878373 -2.04239341 -0.24428039  4.08061735 -0.41996383 -0.714129  ]\n [ 0.37030947  0.28101938 -0.1836688  -0.41996383  3.64229596  0.90585759]\n [ 1.5056453   3.15435769  0.47308507 -0.714129    0.90585759  7.63442017]]", "nfev": "446", "njev": "62", "status": "2", "success": "False", "message": "Desired error not necessarily achieved due to precision loss.", "x": "[ 1.59671805  2.35564692  3.80752452  1.58134705  4.89171516 -0.93054276]", "nit": "22"}, "23": {"maxiter": 1000, "gtol": 1e-10, "xrtol": 1e-10, "eps": 1e-10, "duration": 0.07856893539428711, "fun": "0.3070675930282625", "jac": "[2.22044587e-06 1.11022293e-06 0.00000000e+00 0.00000000e+00\n 0.00000000e+00 0.00000000e+00]", "hess_inv": "[[ 0.09157949 -0.23975937 -0.14423338  0.12511992  0.307067   -0.12689495]\n [-0.23975937  0.98004022  0.39207987 -0.133847   -0.70926125  0.19852692]\n [-0.14423338  0.39207987  1.29125749 -1.30919796  0.39009462  0.30274579]\n [ 0.12511992 -0.133847   -1.30919796  1.72019706 -0.11877957 -0.7308748 ]\n [ 0.307067   -0.70926125  0.39009462 -0.11877957  2.55845849 -0.91122353]\n [-0.12689495  0.19852692  0.30274579 -0.7308748  -0.91122353  0.84918583]]", "nfev": "439", "njev": "61", "status": "2", "success": "False", "message": "Desired error not necessarily achieved due to precision loss.", "x": "[ 1.59673013  2.35565737  3.80753122  1.58134533  4.89172114 -0.93053483]", "nit": "26"}}, "cobyla": {"0": {"maxiter": 100, "tol": 1e-05, "catol": 1e-05, "duration": 0.017100095748901367, "x": "[ 1.59699862  2.35569701  3.80733229  1.58141041  4.8918551  -0.93009261]", "status": "2", "success": "False", "message": "Maximum number of function evaluations has been exceeded.", "nfev": "100", "fun": "0.30706762190333714", "maxcv": "0.0"}, "1": {"maxiter": 100, "tol": 1e-05, "catol": 1e-10, "duration": 0.01721501350402832, "x": "[ 1.59699862  2.35569701  3.80733229  1.58141041  4.8918551  -0.93009261]", "status": "2", "success": "False", "message": "Maximum number of function evaluations has been exceeded.", "nfev": "100", "fun": "0.30706762190333714", "maxcv": "0.0"}, "2": {"maxiter": 100, "tol": 1e-10, "catol": 1e-05, "duration": 0.017122983932495117, "x": "[ 1.59699862  2.35569701  3.80733229  1.58141041  4.8918551  -0.93009261]", "status": "2", "success": "False", "message": "Maximum number of function evaluations has been exceeded.", "nfev": "100", "fun": "0.30706762190333714", "maxcv": "0.0"}, "3": {"maxiter": 100, "tol": 1e-10, "catol": 1e-10, "duration": 0.017103910446166992, "x": "[ 1.59699862  2.35569701  3.80733229  1.58141041  4.8918551  -0.93009261]", "status": "2", "success": "False", "message": "Maximum number of function evaluations has been exceeded.", "nfev": "100", "fun": "0.30706762190333714", "maxcv": "0.0"}, "4": {"maxiter": 500, "tol": 1e-05, "catol": 1e-05, "duration": 0.024277925491333008, "x": "[ 1.59672737  2.35566229  3.80754025  1.58135457  4.89172024 -0.93053169]", "status": "1", "success": "True", "message": "Optimization terminated successfully.", "nfev": "142", "fun": "0.3070675930406074", "maxcv": "0.0"}, "5": {"maxiter": 500, "tol": 1e-05, "catol": 1e-10, "duration": 0.02434515953063965, "x": "[ 1.59672737  2.35566229  3.80754025  1.58135457  4.89172024 -0.93053169]", "status": "1", "success": "True", "message": "Optimization terminated successfully.", "nfev": "142", "fun": "0.3070675930406074", "maxcv": "0.0"}, "6": {"maxiter": 500, "tol": 1e-10, "catol": 1e-05, "duration