{"date": "2024/07/18/, 22:53:17", "conf_id": 96, "data_type": "orthogonal\n", "num_data_points": 1, "s_rank": 0, "unitary": "[[-0.56303964-0.00798273j,-0.21670212-0.15784972j,-0.06047197-0.73952673j,-0.01438004+0.24552571j],[-0.06976756+0.23474685j,-0.01275565-0.5435098j,-0.02703657-0.08917885j,-0.08210486-0.79311774j],[-0.38559961+0.10714929j,0.5933431-0.2687392j,-0.24060861+0.29149289j,-0.45147719+0.26241743j],[-0.50180421+0.45931857j,-0.11617175+0.44134496j,0.49642745+0.22684508j,-0.08544628-0.15407063j]]", "databatch_0": {"databatch": "[[[-0.05189151-0.35153992j,0.01698841-0.13852495j,-0.04613741+0.16417872j,0.08945166-0.11576213j],[-0.10240597+0.06952921j,-0.28279566+0.00431234j,-0.01227575+0.07175764j,0.10985435-0.30239261j],[-0.11794961-0.09410832j,0.14371697-0.19475333j,0.2070234+0.18754904j,-0.3707077+0.24350927j],[-0.12863072-0.11649599j,0.14201059-0.16024935j,-0.15462706+0.00864711j,-0.06050662+0.37406606j]]]", "initial param values": "[3.41702659,1.96330166,4.37956185,4.32534754,5.42377541,3.80095274]", "nelder_mead": {"type": "gradient-free", "0": {"maxiter": 100, "fatol": 1e-05, "xatol": 1e-05, "duration": 0.026844024658203125, "fun": "0.35514604925190196", "nit": "100", "nfev": "159", "status": "2", "success": "False", "message": "Maximum number of iterations has been exceeded.", "x": "[4.34910413 4.03664302 8.19063252 5.75080215 4.26406678 3.22827919]", "final_simplex": "(array([[4.34910413, 4.03664302, 8.19063252, 5.75080215, 4.26406678,\n        3.22827919],\n       [4.35477416, 3.41370716, 7.7356874 , 5.65556174, 4.32857217,\n        3.54333613],\n       [4.23092458, 3.35779714, 7.81666723, 5.52857964, 4.26330846,\n        3.59257254],\n       [4.23004498, 3.59461815, 7.88991029, 5.63491181, 4.51792927,\n        3.23100366],\n       [4.13193611, 3.5646011 , 7.71869811, 5.69552831, 4.39945383,\n        3.4453736 ],\n       [4.14884703, 3.89874128, 7.95846778, 5.53342089, 4.42033478,\n        3.24022718],\n       [4.20530157, 3.96767244, 8.159292  , 5.72538358, 4.28222295,\n        3.49783978]]), array([0.35514605, 0.36227699, 0.36416311, 0.36508525, 0.36891224,\n       0.37849831, 0.38328795]))"}, "1": {"maxiter": 100, "fatol": 1e-05, "xatol": 1e-10, "duration": 0.026723146438598633, "fun": "0.35514604925190196", "nit": "100", "nfev": "159", "status": "2", "success": "False", "message": "Maximum number of iterations has been exceeded.", "x": "[4.34910413 4.03664302 8.19063252 5.75080215 4.26406678 3.22827919]", "final_simplex": "(array([[4.34910413, 4.03664302, 8.19063252, 5.75080215, 4.26406678,\n        3.22827919],\n       [4.35477416, 3.41370716, 7.7356874 , 5.65556174, 4.32857217,\n        3.54333613],\n       [4.23092458, 3.35779714, 7.81666723, 5.52857964, 4.26330846,\n        3.59257254],\n       [4.23004498, 3.59461815, 7.88991029, 5.63491181, 4.51792927,\n        3.23100366],\n       [4.13193611, 3.5646011 , 7.71869811, 5.69552831, 4.39945383,\n        3.4453736 ],\n       [4.14884703, 3.89874128, 7.95846778, 5.53342089, 4.42033478,\n        3.24022718],\n       [4.20530157, 3.96767244, 8.159292  , 5.72538358, 4.28222295,\n        3.49783978]]), array([0.35514605, 0.36227699, 0.36416311, 0.36508525, 0.36891224,\n       0.37849831, 0.38328795]))"}, "2": {"maxiter": 100, "fatol": 1e-10, "xatol": 1e-05, "duration": 0.026504993438720703, "fun": "0.35514604925190196", "nit": "100", "nfev": "159", "status": "2", "success": "False", "message": "Maximum number of iterations has been exceeded.", "x": "[4.34910413 4.03664302 8.19063252 5.75080215 4.26406678 3.22827919]", "final_simplex": "(array([[4.34910413, 4.03664302, 8.19063252, 5.75080215, 4.26406678,\n        3.22827919],\n       [4.35477416, 3.41370716, 7.7356874 , 5.65556174, 4.32857217,\n        3.54333613],\n       [4.23092458, 3.35779714, 7.81666723, 5.52857964, 4.26330846,\n        3.59257254],\n       [4.23004498, 3.59461815, 7.88991029, 5.63491181, 4.51792927,\n        3.23100366],\n       [4.13193611, 3.5646011 , 7.71869811, 5.69552831, 4.39945383,\n        3.4453736 ],\n       [4.14884703, 3.89874128, 7.95846778, 5.53342089, 4.42033478,\n        3.24022718],\n       [4.20530157, 3.96767244, 8.159292  , 5.72538358, 4.28222295,\n        3.49783978]]), array([0.35514605, 0.36227699, 0.36416311, 0.36508525, 0.36891224,\n       0.37849831, 0.38328795]))"}, "3": {"maxiter": 100, "fatol": 1e-10, "xatol": 1e-10, "duration": 0.026507139205932617, "fun": "0.35514604925190196", "nit": "100", "nfev": "159", "status": "2", "success": "False", "message": "Maximum number of iterations has been exceeded.", "x": "[4.34910413 4.03664302 8.19063252 5.75080215 4.26406678 3.22827919]", "final_simplex": "(array([[4.34910413, 4.03664302, 8.19063252, 5.75080215, 4.26406678,\n        3.22827919],\n       [4.35477416, 3.41370716, 7.7356874 , 5.65556174, 4.32857217,\n        3.54333613],\n       [4.23092458, 3.35779714, 7.81666723, 5.52857964, 4.26330846,\n        3.59257254],\n       [4.23004498, 3.59461815, 7.88991029, 5.63491181, 4.51792927,\n        3.23100366],\n       [4.13193611, 3.5646011 , 7.71869811, 5.69552831, 4.39945383,\n        3.4453736 ],\n       [4.14884703, 3.89874128, 7.95846778, 5.53342089, 4.42033478,\n        3.24022718],\n       [4.20530157, 3.96767244, 8.159292  , 5.72538358, 4.28222295,\n        3.49783978]]), array([0.35514605, 0.36227699, 0.36416311, 0.36508525, 0.36891224,\n       0.37849831, 0.38328795]))"}, "4": {"maxiter": 500, "fatol": 1e-05, "xatol": 1e-05, "duration": 0.1023259162902832, "fun": "0.2652986993367299", "nit": "382", "nfev": "616", "status": "0", "success": "True", "message": "Optimization terminated successfully.", "x": "[5.16729551 4.74139981 7.87038775 5.99717994 2.00254664 4.27205737]", "final_simplex": "(array([[5.16729551, 4.74139981, 7.87038775, 5.99717994, 2.00254664,\n        4.27205737],\n       [5.16729677, 4.74140242, 7.87038632, 5.99717951, 2.00254213,\n        4.27206105],\n       [5.16729493, 4.7413995 , 7.87038763, 5.99717986, 2.00255255,\n        4.27205203],\n       [5.16729649, 4.74140154, 7.87038681, 5.99717947, 2.00254552,\n        4.27205625],\n       [5.16729611, 4.74140309, 7.87038618, 5.99718031, 2.00253742,\n        4.27206466],\n       [5.16729716, 4.74140313, 7.87038631, 5.9971802 , 2.00254297,\n        4.27205812],\n       [5.16729598, 4.74139969, 7.87038607, 5.99718016, 2.00254864,\n        4.27205496]]), array([0.2652987, 0.2652987, 0.2652987, 0.2652987, 0.2652987, 0.2652987,\n       0.2652987]))"}, "5": {"maxiter": 500, "fatol": 1e-05, "xatol": 1e-10, "duration": 0.1391160488128662, "fun": "0.26529869933659234", "nit": "475", "nfev": "836", "status": "0", "success": "True", "message": "Optimization terminated successfully.", "x": "[5.16729613 4.7414011  7.87038672 5.99717997 2.00254511 4.27205816]", "final_simplex": "(array([[5.16729613, 4.7414011 , 7.87038672, 5.99717997, 2.00254511,\n        4.27205816],\n       [5.16729613, 4.7414011 , 7.87038672, 5.99717997, 2.00254511,\n        4.27205816],\n       [5.16729613, 4.7414011 , 7.87038672, 5.99717997, 2.00254511,\n        4.27205816],\n       [5.16729613, 4.7414011 , 7.87038672, 5.99717997, 2.00254511,\n        4.27205816],\n       [5.16729613, 4.7414011 , 7.87038672, 5.99717997, 2.00254511,\n        4.27205816],\n       [5.16729613, 4.7414011 , 7.87038672, 5.99717997, 2.00254511,\n        4.27205816],\n       [5.16729613, 4.7414011 , 7.87038672, 5.99717997, 2.00254511,\n        4.27205816]]), array([0.2652987, 0.2652987, 0.2652987, 0.2652987, 0.2652987, 0.2652987,\n       0.2652987]))"}, "6": {"maxiter": 500, "fatol": 1e-10, "xatol": 1e-05, "duration": 0.10337305068969727, "fun": "0.2652986993367299", "nit": "382", "nfev": "616", "status": "0", "success": "True", "message": "Optimization terminated successfully.", "x": "[5.16729551 4.74139981 7.87038775 5.99717994 2.00254664 4.27205737]", "final_simplex": "(array([[5.16729551, 4.74139981, 7.87038775, 5.99717994, 2.00254664,\n        4.27205737],\n       [5.16729677, 4.74140242, 7.87038632, 5.99717951, 2.00254213,\n        4.27206105],\n       [5.16729493, 4.7413995 , 7.87038763, 5.99717986, 2.00255255,\n        4.27205203],\n       [5.16729649, 4.74140154, 7.87038681, 5.99717947, 2.00254552,\n        4.27205625],\n       [5.16729611, 4.74140309, 7.87038618, 5.99718031, 2.00253742,\n        4.27206466],\n       [5.16729716, 4.74140313, 7.87038631, 5.9971802 , 2.00254297,\n        4.27205812],\n       [5.16729598, 4.74139969, 7.87038607, 5.99718016, 2.00254864,\n        4.27205496]]), array([0.2652987, 0.2652987, 0.2652987, 0.2652987, 0.2652987, 0.2652987,\n       0.2652987]))"}, "7": {"maxiter": 500, "fatol": 1e-10, "xatol": 1e-10, "duration": 0.13967609405517578, "fun": "0.26529869933659234", "nit": "475", "nfev": "836", "status": "0", "success": "True", "message": "Optimization terminated successfully.", "x": "[5.16729613 4.7414011  7.87038672 5.99717997 2.00254511 4.27205816]", "final_simplex": "(array([[5.16729613, 4.7414011 , 7.87038672, 5.99717997, 2.00254511,\n        4.27205816],\n       [5.16729613, 4.7414011 , 7.87038672, 5.99717997, 2.00254511,\n        4.27205816],\n       [5.16729613, 4.7414011 , 7.87038672, 5.99717997, 2.00254511,\n        4.27205816],\n       [5.16729613, 4.7414011 , 7.87038672, 5.99717997, 2.00254511,\n        4.27205816],\n       [5.16729613, 4.7414011 , 7.87038672, 5.99717997, 2.00254511,\n        4.27205816],\n       [5.16729613, 4.7414011 , 7.87038672, 5.99717997, 2.00254511,\n        4.27205816],\n       [5.16729613, 4.7414011 , 7.87038672, 5.99717997, 2.00254511,\n        4.27205816]]), array([0.2652987, 0.2652987, 0.2652987, 0.2652987, 0.2652987, 0.2652987,\n       0.2652987]))"}, "8": {"maxiter": 1000, "fatol": 1e-05, "xatol": 1e-05, "duration": 0.10235786437988281, "fun": "0.2652986993367299", "nit": "382", "nfev": "616", "status": "0", "success": "True", "message": "Optimization terminated successfully.", "x": "[5.16729551 4.74139981 7.87038775 5.99717994 2.00254664 4.27205737]", "final_simplex": "(array([[5.16729551, 4.74139981, 7.87038775, 5.99717994, 2.00254664,\n        4.27205737],\n       [5.16729677, 4.74140242, 7.87038632, 5.99717951, 2.00254213,\n        4.27206105],\n       [5.16729493, 4.7413995 , 7.87038763, 5.99717986, 2.00255255,\n        4.27205203],\n       [5.16729649, 4.74140154, 7.87038681, 5.99717947, 2.00254552,\n        4.27205625],\n       [5.16729611, 4.74140309, 7.87038618, 5.99718031, 2.00253742,\n        4.27206466],\n       [5.16729716, 4.74140313, 7.87038631, 5.9971802 , 2.00254297,\n        4.27205812],\n       [5.16729598, 4.74139969, 7.87038607, 5.99718016, 2.00254864,\n        4.27205496]]), array([0.2652987, 0.2652987, 0.2652987, 0.2652987, 0.2652987, 0.2652987,\n       0.2652987]))"}, "9": {"maxiter": 1000, "fatol": 1e-05, "xatol": 1e-10, "duration": 0.14030098915100098, "fun": "0.26529869933659234", "nit": "475", "nfev": "836", "status": "0", "success": "True", "message": "Optimization terminated successfully.", "x": "[5.16729613 4.7414011  7.87038672 5.99717997 2.00254511 4.27205816]", "final_simplex": "(array([[5.16729613, 4.7414011 , 7.87038672, 5.99717997, 2.00254511,\n        4.27205816],\n       [5.16729613, 4.7414011 , 7.87038672, 5.99717997, 2.00254511,\n        4.27205816],\n       [5.16729613, 4.7414011 , 7.87038672, 5.99717997, 2.00254511,\n        4.27205816],\n       [5.16729613, 4.7414011 , 7.87038672, 5.99717997, 2.00254511,\n        4.27205816],\n       [5.16729613, 4.7414011 , 7.87038672, 5.99717997, 2.00254511,\n        4.27205816],\n       [5.16729613, 4.7414011 , 7.87038672, 5.99717997, 2.00254511,\n        4.27205816],\n       [5.16729613, 4.7414011 , 7.87038672, 5.99717997, 2.00254511,\n        4.27205816]]), array([0.2652987, 0.2652987, 0.2652987, 0.2652987, 0.2652987, 0.2652987,\n       0.2652987]))"}, "10": {"maxiter": 1000, "fatol": 1e-10, "xatol": 1e-05, "duration": 0.10388994216918945, "fun": "0.2652986993367299", "nit": "382", "nfev": "616", "status": "0", "success": "True", "message": "Optimization terminated successfully.", "x": "[5.16729551 4.74139981 7.87038775 5.99717994 2.00254664 4.27205737]", "final_simplex": "(array([[5.16729551, 4.74139981, 7.87038775, 5.99717994, 2.00254664,\n        4.27205737],\n       [5.16729677, 4.74140242, 7.87038632, 5.99717951, 2.00254213,\n        4.27206105],\n       [5.16729493, 4.7413995 , 7.87038763, 5.99717986, 2.00255255,\n        4.27205203],\n       [5.16729649, 4.74140154, 7.87038681, 5.99717947, 2.00254552,\n        4.27205625],\n       [5.16729611, 4.74140309, 7.87038618, 5.99718031, 2.00253742,\n        4.27206466],\n       [5.16729716, 4.74140313, 7.87038631, 5.9971802 , 2.00254297,\n        4.27205812],\n       [5.16729598, 4.74139969, 7.87038607, 5.99718016, 2.00254864,\n        4.27205496]]), array([0.2652987, 0.2652987, 0.2652987, 0.2652987, 0.2652987, 0.2652987,\n       0.2652987]))"}, "11": {"maxiter": 1000, "fatol": 1e-10, "xatol": 1e-10, "duration": 0.1416161060333252, "fun": "0.26529869933659234", "nit": "475", "nfev": "836", "status": "0", "success": "True", "message": "Optimization terminated successfully.", "x": "[5.16729613 4.7414011  7.87038672 5.99717997 2.00254511 4.27205816]", "final_simplex": "(array([[5.16729613, 4.7414011 , 7.87038672, 5.99717997, 2.00254511,\n        4.27205816],\n       [5.16729613, 4.7414011 , 7.87038672, 5.99717997, 2.00254511,\n        4.27205816],\n       [5.16729613, 4.7414011 , 7.87038672, 5.99717997, 2.00254511,\n        4.27205816],\n       [5.16729613, 4.7414011 , 7.87038672, 5.99717997, 2.00254511,\n        4.27205816],\n       [5.16729613, 4.7414011 , 7.87038672, 5.99717997, 2.00254511,\n        4.27205816],\n       [5.16729613, 4.7414011 , 7.87038672, 5.99717997, 2.00254511,\n        4.27205816],\n       [5.16729613, 4.7414011 , 7.87038672, 5.99717997, 2.00254511,\n        4.27205816]]), array([0.2652987, 0.2652987, 0.2652987, 0.2652987, 0.2652987, 0.2652987,\n       0.2652987]))"}}, "bfgs": {"type": "gradient", "0": {"maxiter": 100, "gtol": 1e-05, "xrtol": 1e-05, "eps": 1e-05, "duration": 0.059841156005859375, "fun": "0.2652986995061172", "jac": "[ 5.04803976e-06  7.97562016e-07 -2.01505479e-07  3.07671666e-06\n  2.46198617e-06  6.69819755e-07]", "hess_inv": "[[  5.10542179   4.64703714  -1.62124639   0.69249066 -12.66812267\n    7.42736509]\n [  4.64703714  11.34164072  -3.67007536   0.22114945 -23.01992833\n   13.63391879]\n [ -1.62124639  -3.67007536   4.08156829   0.30905648   3.95620209\n   -0.69909439]\n [  0.69249066   0.22114945   0.30905648   3.06992704  -3.20439242\n    2.84171273]\n [-12.66812267 -23.01992833   3.95620209  -3.20439242  97.00129101\n  -73.90925866]\n [  7.42736509  13.63391879  -0.69909439   2.84171273 -73.90925866\n   62.3513363 ]]", "nfev": "336", "njev": "48", "status": "0", "success": "True", "message": "Optimization terminated successfully.", "x": "[ 5.16729823 -1.54181504  7.87038882  6.56919134  5.14431437  7.41349271]", "nit": "40"}, "1": {"maxiter": 100, "gtol": 1e-05, "xrtol": 1e-05, "eps": 1e-10, "duration": 0.0594632625579834, "fun": "0.2652986996597432", "jac": "[-1.11022293e-06 -2.22044587e-06 -4.44089173e-06  4.44089173e-06\n -1.11022293e-06  3.33066880e-06]", "hess_inv": "[[  4.89609855   4.10567284  -1.04922094   0.68753915 -10.07569308\n    5.41458127]\n [  4.10567284  12.29820909  -4.23927763  -0.25629489 -25.64907504\n   16.4711339 ]\n [ -1.04922094  -4.23927763   4.54564311   0.32689892   6.81282619\n   -3.82582584]\n [  0.68753915  -0.25629489   0.32689892   3.04262805  -1.9759162\n    1.74241602]\n [-10.07569308 -25.64907504   6.81282619  -1.9759162  117.60452911\n  -94.82413472]\n [  5.41458127  16.4711339   -3.82582584   1.74241602 -94.82413472\n   82.45228113]]", "nfev": "336", "njev": "48", "status": "0", "success": "True", "message": "Optimization terminated successfully.", "x": "[ 5.16730595 -1.54173736  7.87036488  6.56921186  5.14389319  7.41386035]", "nit": "39"}, "2": {"maxiter": 100, "gtol": 1e-05, "xrtol": 1e-10, "eps": 1e-05, "duration": 0.05942893028259277, "fun": "0.2652986995061172", "jac": "[ 5.04803976e-06  7.97562016e-07 -2.01505479e-07  3.07671666e-06\n  2.46198617e-06  6.69819755e-07]", "hess_inv": "[[  5.10542179   4.64703714  -1.62124639   0.69249066 -12.66812267\n    7.42736509]\n [  4.64703714  11.34164072  -3.67007536   0.22114945 -23.01992833\n   13.63391879]\n [ -1.62124639  -3.67007536   4.08156829   0.30905648   3.95620209\n   -0.69909439]\n [  0.69249066   0.22114945   0.30905648   3.06992704  -3.20439242\n    2.84171273]\n [-12.66812267 -23.01992833   3.95620209  -3.20439242  97.00129101\n  -73.90925866]\n [  7.42736509  13.63391879  -0.69909439   2.84171273 -73.90925866\n   62.3513363 ]]", "nfev": "336", "njev": "48", "status": "0", "success": "True", "message": "Optimization terminated successfully.", "x": "[ 5.16729823 -1.54181504  7.87038882  6.56919134  5.14431437  7.41349271]", "nit": "40"}, "3": {"maxiter": 100, "gtol": 1e-05, "xrtol": 1e-10, "eps": 1e-10, "duration": 0.05948901176452637, "fun": "0.2652986996597432", "jac": "[-1.11022293e-06 -2.22044587e-06 -4.44089173e-06  4.44089173e-06\n -1.11022293e-06  3.33066880e-06]", "hess_inv": "[[  4.89609855   4.10567284  -1.04922094   0.68753915 -10.07569308\n    5.41458127]\n [  4.10567284  12.29820909  -4.23927763  -0.25629489 -25.64907504\n   16.4711339 ]\n [ -1.04922094  -4.23927763   4.54564311   0.32689892   6.81282619\n   -3.82582584]\n [  0.68753915  -0.25629489   0.32689892   3.04262805  -1.9759162\n    1.74241602]\n [-10.07569308 -25.64907504   6.81282619  -1.9759162  117.60452911\n  -94.82413472]\n [  5.41458127  16.4711339   -3.82582584   1.74241602 -94.82413472\n   82.45228113]]", "nfev": "336", "njev": "48", "status": "0", "success": "True", "message": "Optimization terminated successfully.", "x": "[ 5.16730595 -1.54173736  7.87036488  6.56921186  5.14389319  7.41386035]", "nit": "39"}, "4": {"maxiter": 100, "gtol": 1e-10, "xrtol": 1e-05, "eps": 1e-05, "duration": 0.060281991958618164, "fun": "0.2652986993834754", "jac": "[ 1.27290400e-06 -8.59923244e-07  1.21015420e-06 -1.24344979e-07\n -5.36415357e-07 -1.05203624e-06]", "hess_inv": "[[  5.26233635   4.5778754   -1.66325358   0.81299947 -11.41157994\n    6.24572576]\n [  4.5778754   10.56829302  -3.66453315   0.36179883 -19.9138575\n   11.2674472 ]\n [ -1.66325358  -3.66453315   4.09260456   0.27992251   3.67888284\n   -0.42935825]\n [  0.81299947   0.36179883   0.27992251   3.11576924  -3.12160644\n    2.630212  ]\n [-11.41157994 -19.9138575    3.67888284  -3.12160644  90.39962773\n  -70.22555129]\n [  6.24572576  11.2674472   -0.42935825   2.630212   -70.22555129\n   60.87873179]]", "nfev": "343", "njev": "49", "status": "0", "success": "True", "message": "Optimization terminated successfully.", "x": "[ 5.16728909 -1.54180695  7.87039133  6.56918334  5.14422268  7.41357614]", "nit": "41"}, "5": {"maxiter": 100, "gtol": 1e-10, "xrtol": 1e-05, "eps": 1e-10, "duration": 0.06505298614501953, "fun": "0.2652986993587877", "jac": "[-1.11022293e-06 -2.22044587e-06 -3.33066880e-06  1.11022293e-06\n -1.11022293e-06  0.00000000e+00]", "hess_inv": "[[   4.58628375    5.51362938   -1.73781481    0.324995    -13.86594425\n     8.32344714]\n [   5.51362938   22.73806387   -8.13488651    1.362271    -68.81280543\n    52.24458371]\n [  -1.73781481   -8.13488651    5.90984093   -0.49827422   23.17396823\n   -17.40874891]\n [   0.324995      1.362271     -0.49827422    2.59098229   -6.66340917\n     5.40324371]\n [ -13.86594425  -68.81280543   23.17396823   -6.66340917  283.1876443\n  -230.51415494]\n [   8.32344714   52.24458371  -17.40874891    5.40324371 -230.51415494\n   193.44601802]]", "nfev": "371", "njev": "53", "status": "0", "success": "True", "message": "Optimization terminated successfully.", "x": "[ 5.16729157 -1.54178261  7.87037941  6.56919553  5.14411787  7.41366977]", "nit": "41"}, "6": {"maxiter": 100, "gtol": 1e-10, "xrtol": 1e-10, "eps": 1e-05, "duration": 0.0985116958618164, "fun": "0.26529869935722805", "jac": "[-2.25375274e-09  8.88178420e-10  2.25375274e-09 -1.48769885e-09\n  4.32986980e-10  1.34336986e-09]", "hess_inv": "[[  5.31013144   4.65470367  -1.75399172   0.81169998 -11.53488707\n    6.26264267]\n [  4.65470367  13.1111927   -5.1125562    0.33289059 -29.27533301\n   19.05406732]\n [ -1.75399172  -5.1125562    4.96054101   0.28088985   8.79106946\n   -4.61633475]\n [  0.81169998   0.33289059   0.28088985   3.06700723  -3.18256941\n    2.61019632]\n [-11.53488707 -29.27533301   8.79106946  -3.18256941 124.85758592\n  -99.42588575]\n [  6.26264267  19.05406732  -4.61633475   2.61019632 -99.42588575\n   85.6702558 ]]", "nfev": "565", "njev": "79", "status": "2", "success": "False", "message": "Desired error not necessarily achieved due to precision loss.", "x": "[ 5.16728893 -1.54179046  7.87038278  6.56918364  5.14416116  7.41362927]", "nit": "44"}, "7": {"maxiter": 100, "gtol": 1e-10, "xrtol": 1e-10, "eps": 1e-10, "duration": 0.07588934898376465, "fun": "0.2652986993401669", "jac": "[ 1.11022293e-06  1.11022293e-06  0.00000000e+00 -1.11022293e-06\n -1.11022293e-06 -2.22044587e-06]", "hess_inv": "[[ 2.8000444   2.4681181  -1.01141803  0.48214808 -2.16353839 -0.77507429]\n [ 2.4681181   5.56683655 -3.02001216  1.08231932 -4.93763028  0.72329778]\n [-1.01141803 -3.02001216  2.70971856 -1.19771668  3.05722694 -0.31202039]\n [ 0.48214808  1.08231932 -1.19771668  1.26815687 -1.31646047 -0.31411281]\n [-2.16353839 -4.93763028  3.05722694 -1.31646047  5.16774852 -0.81174392]\n [-0.77507429  0.72329778 -0.31202039 -0.31411281 -0.81174392  1.15975136]]", "nfev": "434", "njev": "62", "status": "0", "success": "True", "message": "Optimization terminated successfully.", "x": "[ 5.16729377 -1.54178071  7.87038675  6.56918784  5.14412978  7.41365739]", "nit": "47"}, "8": {"maxiter": 500, "gtol": 1e-05, "xrtol": 1e-05, "eps": 1e-05, "duration": 0.05928301811218262, "fun": "0.2652986995061172", "jac": "[ 5.04803976e-06  7.97562016e-07 -2.01505479e-07  3.07671666e-06\n  2.46198617e-06  6.69819755e-07]", "hess_inv": "[[  5.10542179   4.64703714  -1.62124639   0.69249066 -12.66812267\n    7.42736509]\n [  4.64703714  11.34164072  -3.67007536   0.22114945 -23.01992833\n   13.63391879]\n [ -1.62124639  -3.67007536   4.08156829   0.30905648   3.95620209\n   -0.69909439]\n [  0.69249066   0.22114945   0.30905648   3.06992704  -3.20439242\n    2.84171273]\n [-12.66812267 -23.01992833   3.95620209  -3.20439242  97.00129101\n  -73.90925866]\n [  7.42736509  13.63391879  -0.69909439   2.84171273 -73.90925866\n   62.3513363 ]]", "nfev": "336", "njev": "48", "status": "0", "success": "True", "message": "Optimization terminated successfully.", "x": "[ 5.16729823 -1.54181504  7.87038882  6.56919134  5.14431437  7.41349271]", "nit": "40"}, "9": {"maxiter": 500, "gtol": 1e-05, "xrtol": 1e-05, "eps": 1e-10, "duration": 0.059030771255493164, "fun": "0.2652986996597432", "jac": "[-1.11022293e-06 -2.22044587e-06 -4.44089173e-06  4.44089173e-06\n -1.11022293e-06  3.33066880e-06]", "hess_inv": "[[  4.89609855   4.10567284  -1.04922094   0.68753915 -10.07569308\n    5.41458127]\n [  4.10567284  12.29820909  -4.23927763  -0.25629489 -25.64907504\n   16.4711339 ]\n [ -1.04922094  -4.23927763   4.54564311   0.32689892   6.81282619\n   -3.82582584]\n [  0.68753915  -0.25629489   0.32689892   3.04262805  -1.9759162\n    1.74241602]\n [-10.07569308 -25.64907504   6.81282619  -1.9759162  117.60452911\n  -94.82413472]\n [  5.41458127  16.4711339   -3.82582584   1.74241602 -94.82413472\n   82.45228113]]", "nfev": "336", "njev": "48", "status": "0", "success": "True", "message": "Optimization terminated successfully.", "x": "[ 5.16730595 -1.54173736  7.87036488  6.56921186  5.14389319  7.41386035]", "nit": "39"}, "10": {"maxiter": 500, "gtol": 1e-05, "xrtol": 1e-10, "eps": 1e-05, "duration": 0.058976173400878906, "fun": "0.2652986995061172", "jac": "[ 5.04803976e-06  7.97562016e-07 -2.01505479e-07  3.07671666e-06\n  2.46198617e-06  6.69819755e-07]", "hess_inv": "[[  5.10542179   4.64703714  -1.62124639   0.69249066 -12.66812267\n    7.42736509]\n [  4.64703714  11.34164072  -3.67007536   0.22114945 -23.01992833\n   13.63391879]\n [ -1.62124639  -3.67007536   4.08156829   0.30905648   3.95620209\n   -0.69909439]\n [  0.69249066   0.22114945   0.30905648   3.06992704  -3.20439242\n    2.84171273]\n [-12.66812267 -23.01992833   3.95620209  -3.20439242  97.00129101\n  -73.90925866]\n [  7.42736509  13.63391879  -0.69909439   2.84171273 -73.90925866\n   62.3513363 ]]", "nfev": "336", "njev": "48", "status": "0", "success": "True", "message": "Optimization terminated successfully.", "x": "[ 5.16729823 -1.54181504  7.87038882  6.56919134  5.14431437  7.41349271]", "nit": "40"}, "11": {"maxiter": 500, "gtol": 1e-05, "xrtol": 1e-10, "eps": 1e-10, "duration": 0.05890488624572754, "fun": "0.2652986996597432", "jac": "[-1.11022293e-06 -2.22044587e-06 -4.44089173e-06  4.44089173e-06\n -1.11022293e-06  3.33066880e-06]", "hess_inv": "[[  4.89609855   4.10567284  -1.04922094   0.68753915 -10.07569308\n    5.41458127]\n [  4.10567284  12.29820909  -4.23927763  -0.25629489 -25.64907504\n   16.4711339 ]\n [ -1.04922094  -4.23927763   4.54564311   0.32689892   6.81282619\n   -3.82582584]\n [  0.68753915  -0.25629489   0.32689892   3.04262805  -1.9759162\n    1.74241602]\n [-10.07569308 -25.64907504   6.81282619  -1.9759162  117.60452911\n  -94.82413472]\n [  5.41458127  16.4711339   -3.82582584   1.74241602 -94.82413472\n   82.45228113]]", "nfev": "336", "njev": "48", "status": "0", "success": "True", "message": "Optimization terminated successfully.", "x": "[ 5.16730595 -1.54173736  7.87036488  6.56921186  5.14389319  7.41386035]", "nit": "39"}, "12": {"maxiter": 500, "gtol": 1e-10, "xrtol": 1e-05, "eps": 1e-05, "duration": 0.059751033782958984, "fun": "0.2652986993834754", "jac": "[ 1.27290400e-06 -8.59923244e-07  1.21015420e-06 -1.24344979e-07\n -5.36415357e-07 -1.05203624e-06]", "hess_inv": "[[  5.26233635   4.5778754   -1.66325358   0.81299947 -11.41157994\n    6.24572576]\n [  4.5778754   10.56829302  -3.66453315   0.36179883 -19.9138575\n   11.2674472 ]\n [ -1.66325358  -3.66453315   4.09260456   0.27992251   3.67888284\n   -0.42935825]\n [  0.81299947   0.36179883   0.27992251   3.11576924  -3.12160644\n    2.630212  ]\n [-11.41157994 -19.9138575    3.67888284  -3.12160644  90.39962773\n  -70.22555129]\n [  6.24572576  11.2674472   -0.42935825   2.630212   -70.22555129\n   60.87873179]]", "nfev": "343", "njev": "49", "status": "0", "success": "True", "message": "Optimization terminated successfully.", "x": "[ 5.16728909 -1.54180695  7.87039133  6.56918334  5.14422268  7.41357614]", "nit": "41"}, "13": {"maxiter": 500, "gtol": 1e-10, "xrtol": 1e-05, "eps": 1e-10, "duration": 0.06460690498352051, "fun": "0.2652986993587877", "jac": "[-1.11022293e-06 -2.22044587e-06 -3.33066880e-06  1.11022293e-06\n -1.11022293e-06  0.00000000e+00]", "hess_inv": "[[   4.58628375    5.51362938   -1.73781481    0.324995    -13.86594425\n     8.32344714]\n [   5.51362938   22.73806387   -8.13488651    1.362271    -68.81280543\n    52.24458371]\n [  -1.73781481   -8.13488651    5.90984093   -0.49827422   23.17396823\n   -17.40874891]\n [   0.324995      1.362271     -0.49827422    2.59098229   -6.66340917\n     5.40324371]\n [ -13.86594425  -68.81280543   23.17396823   -6.66340917  283.1876443\n  -230.51415494]\n [   8.32344714   52.24458371  -17.40874891    5.40324371 -230.51415494\n   193.44601802]]", "nfev": "371", "njev": "53", "status": "0", "success": "True", "message": "Optimization terminated successfully.", "x": "[ 5.16729157 -1.54178261  7.87037941  6.56919553  5.14411787  7.41366977]", "nit": "41"}, "14": {"maxiter": 500, "gtol": 1e-10, "xrtol": 1e-10, "eps": 1e-05, "duration": 0.09669709205627441, "fun": "0.26529869935722805", "jac": "[-2.25375274e-09  8.88178420e-10  2.25375274e-09 -1.48769885e-09\n  4.32986980e-10  1.34336986e-09]", "hess_inv": "[[  5.31013144   4.65470367  -1.75399172   0.81169998 -11.53488707\n    6.26264267]\n [  4.65470367  13.1111927   -5.1125562    0.33289059 -29.27533301\n   19.05406732]\n [ -1.75399172  -5.1125562    4.96054101   0.28088985   8.79106946\n   -4.61633475]\n [  0.81169998   0.33289059   0.28088985   3.06700723  -3.18256941\n    2.61019632]\n [-11.53488707 -29.27533301   8.79106946  -3.18256941 124.85758592\n  -99.42588575]\n [  6.26264267  19.05406732  -4.61633475   2.61019632 -99.42588575\n   85.6702558 ]]", "nfev": "565", "njev": "79", "status": "2", "success": "False", "message": "Desired error not necessarily achieved due to precision loss.", "x": "[ 5.16728893 -1.54179046  7.87038278  6.56918364  5.14416116  7.41362927]", "nit": "44"}, "15": {"maxiter": 500, "gtol": 1e-10, "xrtol": 1e-10, "eps": 1e-10, "duration": 0.07281994819641113, "fun": "0.2652986993401669", "jac": "[ 1.11022293e-06  1.11022293e-06  0.00000000e+00 -1.11022293e-06\n -1.11022293e-06 -2.22044587e-06]", "hess_inv": "[[ 2.8000444   2.4681181  -1.01141803  0.48214808 -2.16353839 -0.77507429]\n [ 2.4681181   5.56683655 -3.02001216  1.08231932 -4.93763028  0.72329778]\n [-1.01141803 -3.02001216  2.70971856 -1.19771668  3.05722694 -0.31202039]\n [ 0.48214808  1.08231932 -1.19771668  1.26815687 -1.31646047 -0.31411281]\n [-2.16353839 -4.93763028  3.05722694 -1.31646047  5.16774852 -0.81174392]\n [-0.77507429  0.72329778 -0.31202039 -0.31411281 -0.81174392  1.15975136]]", "nfev": "434", "njev": "62", "status": "0", "success": "True", "message": "Optimization terminated successfully.", "x": "[ 5.16729377 -1.54178071  7.87038675  6.56918784  5.14412978  7.41365739]", "nit": "47"}, "16": {"maxiter": 1000, "gtol": 1e-05, "xrtol": 1e-05, "eps": 1e-05, "duration": 0.056520938873291016, "fun": "0.2652986995061172", "jac": "[ 5.04803976e-06  7.97562016e-07 -2.01505479e-07  3.07671666e-06\n  2.46198617e-06  6.69819755e-07]", "hess_inv": "[[  5.10542179   4.64703714  -1.62124639   0.69249066 -12.66812267\n    7.42736509]\n [  4.64703714  11.34164072  -3.67007536   0.22114945 -23.01992833\n   13.63391879]\n [ -1.62124639  -3.67007536   4.08156829   0.30905648   3.95620209\n   -0.69909439]\n [  0.69249066   0.22114945   0.30905648   3.06992704  -3.20439242\n    2.84171273]\n [-12.66812267 -23.01992833   3.95620209  -3.20439242  97.00129101\n  -73.90925866]\n [  7.42736509  13.63391879  -0.69909439   2.84171273 -73.90925866\n   62.3513363 ]]", "nfev": "336", "njev": "48", "status": "0", "success": "True", "message": "Optimization terminated successfully.", "x": "[ 5.16729823 -1.54181504  7.87038882  6.56919134  5.14431437  7.41349271]", "nit": "40"}, "17": {"maxiter": 1000, "gtol": 1e-05, "xrtol": 1e-05, "eps": 1e-10, "duration": 0.05663585662841797, "fun": "0.2652986996597432", "jac": "[-1.11022293e-06 -2.22044587e-06 -4.44089173e-06  4.44089173e-06\n -1.11022293e-06  3.33066880e-06]", "hess_inv": "[[  4.89609855   4.10567284  -1.04922094   0.68753915 -10.07569308\n    5.41458127]\n [  4.10567284  12.29820909  -4.23927763  -0.25629489 -25.64907504\n   16.4711339 ]\n [ -1.04922094  -4.23927763   4.54564311   0.32689892   6.81282619\n   -3.82582584]\n [  0.68753915  -0.25629489   0.32689892   3.04262805  -1.9759162\n    1.74241602]\n [-10.07569308 -25.64907504   6.81282619  -1.9759162  117.60452911\n  -94.82413472]\n [  5.41458127  16.4711339   -3.82582584   1.74241602 -94.82413472\n   82.45228113]]", "nfev": "336", "njev": "48", "status": "0", "success": "True", "message": "Optimization terminated successfully.", "x": "[ 5.16730595 -1.54173736  7.87036488  6.56921186  5.14389319  7.41386035]", "nit": "39"}, "18": {"maxiter": 1000, "gtol": 1e-05, "xrtol": 1e-10, "eps": 1e-05, "duration": 0.05719280242919922, "fun": "0.2652986995061172", "jac": "[ 5.04803976e-06  7.97562016e-07 -2.01505479e-07  3.07671666e-06\n  2.46198617e-06  6.69819755e-07]", "hess_inv": "[[  5.10542179   4.64703714  -1.62124639   0.69249066 -12.66812267\n    7.42736509]\n [  4.64703714  11.34164072  -3.67007536   0.22114945 -23.01992833\n   13.63391879]\n [ -1.62124639  -3.67007536   4.08156829   0.30905648   3.95620209\n   -0.69909439]\n [  0.69249066   0.22114945   0.30905648   3.06992704  -3.20439242\n    2.84171273]\n [-12.66812267 -23.01992833   3.95620209  -3.20439242  97.00129101\n  -73.90925866]\n [  7.42736509  13.63391879  -0.69909439   2.84171273 -73.90925866\n   62.3513363 ]]", "nfev": "336", "njev": "48", "status": "0", "success": "True", "message": "Optimization terminated successfully.", "x": "[ 5.16729823 -1.54181504  7.87038882  6.56919134  5.14431437  7.41349271]", "nit": "40"}, "19": {"maxiter": 1000, "gtol": 1e-05, "xrtol": 1e-10, "eps": 1e-10, "duration": 0.056977033615112305, "fun": "0.2652986996597432", "jac": "[-1.11022293e-06 -2.22044587e-06 -4.44089173e-06  4.44089173e-06\n -1.11022293e-06  3.33066880e-06]", "hess_inv": "[[  4.89609855   4.10567284  -1.04922094   0.68753915 -10.07569308\n    5.41458127]\n [  4.10567284  12.29820909  -4.23927763  -0.25629489 -25.64907504\n   16.4711339 ]\n [ -1.04922094  -4.23927763   4.54564311   0.32689892   6.81282619\n   -3.82582584]\n [  0.68753915  -0.25629489   0.32689892   3.04262805  -1.9759162\n    1.74241602]\n [-10.07569308 -25.64907504   6.81282619  -1.9759162  117.60452911\n  -94.82413472]\n [  5.41458127  16.4711339   -3.82582584   1.74241602 -94.82413472\n   82.45228113]]", "nfev": "336", "njev": "48", "status": "0", "success": "True", "message": "Optimization terminated successfully.", "x": "[ 5.16730595 -1.54173736  7.87036488  6.56921186  5.14389319  7.41386035]", "nit": "39"}, "20": {"maxiter": 1000, "gtol": 1e-10, "xrtol": 1e-05, "eps": 1e-05, "duration": 0.058400869369506836, "fun": "0.2652986993834754", "jac": "[ 1.27290400e-06 -8.59923244e-07  1.21015420e-06 -1.24344979e-07\n -5.36415357e-07 -1.05203624e-06]", "hess_inv": "[[  5.26233635   4.5778754   -1.66325358   0.81299947 -11.41157994\n    6.24572576]\n [  4.5778754   10.56829302  -3.66453315   0.36179883 -19.9138575\n   11.2674472 ]\n [ -1.66325358  -3.66453315   4.09260456   0.27992251   3.67888284\n   -0.42935825]\n [  0.81299947   0.36179883   0.27992251   3.11576924  -3.12160644\n    2.630212  ]\n [-11.41157994 -19.9138575    3.67888284  -3.12160644  90.39962773\n  -70.22555129]\n [  6.24572576  11.2674472   -0.42935825   2.630212   -70.22555129\n   60.87873179]]", "nfev": "343", "njev": "49", "status": "0", "success": "True", "message": "Optimization terminated successfully.", "x": "[ 5.16728909 -1.54180695  7.87039133  6.56918334  5.14422268  7.41357614]", "nit": "41"}, "21": {"maxiter": 1000, "gtol": 1e-10, "xrtol": 1e-05, "eps": 1e-10, "duration": 0.06310677528381348, "fun": "0.2652986993587877", "jac": "[-1.11022293e-06 -2.22044587e-06 -3.33066880e-06  1.11022293e-06\n -1.11022293e-06  0.00000000e+00]", "hess_inv": "[[   4.58628375    5.51362938   -1.73781481    0.324995    -13.86594425\n     8.32344714]\n [   5.51362938   22.73806387   -8.13488651    1.362271    -68.81280543\n    52.24458371]\n [  -1.73781481   -8.13488651    5.90984093   -0.49827422   23.17396823\n   -17.40874891]\n [   0.324995      1.362271     -0.49827422    2.59098229   -6.66340917\n     5.40324371]\n [ -13.86594425  -68.81280543   23.17396823   -6.66340917  283.1876443\n  -230.51415494]\n [   8.32344714   52.24458371  -17.40874891    5.40324371 -230.51415494\n   193.44601802]]", "nfev": "371", "njev": "53", "status": "0", "success": "True", "message": "Optimization terminated successfully.", "x": "[ 5.16729157 -1.54178261  7.87037941  6.56919553  5.14411787  7.41366977]", "nit": "41"}, "22": {"maxiter": 1000, "gtol": 1e-10, "xrtol": 1e-10, "eps": 1e-05, "duration": 0.09612178802490234, "fun": "0.26529869935722805", "jac": "[-2.25375274e-09  8.88178420e-10  2.25375274e-09 -1.48769885e-09\n  4.32986980e-10  1.34336986e-09]", "hess_inv": "[[  5.31013144   4.65470367  -1.75399172   0.81169998 -11.53488707\n    6.26264267]\n [  4.65470367  13.1111927   -5.1125562    0.33289059 -29.27533301\n   19.05406732]\n [ -1.75399172  -5.1125562    4.96054101   0.28088985   8.79106946\n   -4.61633475]\n [  0.81169998   0.33289059   0.28088985   3.06700723  -3.18256941\n    2.61019632]\n [-11.53488707 -29.27533301   8.79106946  -3.18256941 124.85758592\n  -99.42588575]\n [  6.26264267  19.05406732  -4.61633475   2.61019632 -99.42588575\n   85.6702558 ]]", "nfev": "565", "njev": "79", "status": "2", "success": "False", "message": "Desired error not necessarily achieved due to precision loss.", "x": "[ 5.16728893 -1.54179046  7.87038278  6.56918364  5.14416116  7.41362927]", "nit": "44"}, "23": {"maxiter": 1000, "gtol": 1e-10, "xrtol": 1e-10, "eps": 1e-10, "duration": 0.07426619529724121, "fun": "0.2652986993401669", "jac": "[ 1.11022293e-06  1.11022293e-06  0.00000000e+00 -1.11022293e-06\n -1.11022293e-06 -2.22044587e-06]", "hess_inv": "[[ 2.8000444   2.4681181  -1.01141803  0.48214808 -2.16353839 -0.77507429]\n [ 2.4681181   5.56683655 -3.02001216  1.08231932 -4.93763028  0.72329778]\n [-1.01141803 -3.02001216  2.70971856 -1.19771668  3.05722694 -0.31202039]\n [ 0.48214808  1.08231932 -1.19771668  1.26815687 -1.31646047 -0.31411281]\n [-2.16353839 -4.93763028  3.05722694 -1.31646047  5.16774852 -0.81174392]\n [-0.77507429  0.72329778 -0.31202039 -0.31411281 -0.81174392  1.15975136]]", "nfev": "434", "njev": "62", "status": "0", "success": "True", "message": "Optimization terminated successfully.", "x": "[ 5.16729377 -1.54178071  7.87038675  6.56918784  5.14412978  7.41365739]", "nit": "47"}}, "cobyla": {"0": {"maxiter": 100, "tol": 1e-05, "catol": 1e-05, "duration": 0.016347885131835938, "x": "[4.98504006 4.42877703 7.93464601 5.96390568 3.38742164 3.17867732]", "status": "2", "success": "False", "message": "Maximum number of function evaluations has been exceeded.", "nfev": "100", "fun": "0.27518682834855224", "maxcv": "0.0"}, "1": {"maxiter": 100, "tol": 1e-05, "catol": 1e-10, "duration": 0.016259193420410156, "x": "[4.98504006 4.42877703 7.93464601 5.96390568 3.38742164 3.17867732]", "status": "2", "success": "False", "message": "Maximum number of function evaluations has been exceeded.", "nfev": "100", "fun": "0.27518682834855224", "maxcv": "0.0"}, "2": {"maxiter": 100, "tol": 1e-10, "catol": 1e-05, "duration": 0.016265869140625, "x": "[4.98504006 4.42877703 7.93464601 5.96390568 3.38742164 3.17867732]", "status": "2", "success": "False", "message": "Maximum number of function evaluations has been exceeded.", "nfev": "100", "fun": "0.27518682834855224", "maxcv": "0.0"}, "3": {"maxiter": 100, "tol": 1e-10, "catol": 1e-10, "duration": 0.016273021697998047, "x": "[4.98504006 4.42877703 7.93464601 5.96390568 3.38742164 3.17867732]", "status": "2", "success": "False", "message": "Maximum number of function evaluations has been exceeded.", "nfev": "100", "fun": "0.27518682834855224", "maxcv": "0.0"}, "4": {"maxiter": 500, "tol": 1e-05, "catol": 1e-05, "duration": 0.08123183250427246, "x": "[5.12610993 4.64585762 7.89498407 5.99937898 2.45928578 3.8956391 ]", "status": "2", "success": "False", "message": "Maximum number of function evaluations has been exceeded.", "nfev": "500", "fun": "0.2661111821444674", "maxcv": "0.0"}, "5": {"maxiter": 500, "tol": 1e-05, "catol": 1e-10, "duration": 0.08135390281677246, "x": "[5.12610993 4.64585762 7.89498407 5.99937898 2.45928578 3.8956391 ]", "status": "2", "success": "False", "message": "Maximum number of function evaluations has been exceeded.", "nfev": "500", "fun": "0.2661111821444674", "maxcv": "0.0"}, "6": {"maxiter": 500, "tol": 1e-10, "catol": 1e-05, "duration": 0.08135199546813965, "x": "[5.12610993 4.64585762 7.89498407 5.99937898 2.45928578 3.8956391 ]", "status": "2", "success": "False", "message": "Maximum number of function evaluations has been exceeded.", "nfev": "500", "fun": "0.2661111821444674", "maxcv": "0.0"}, "7": {"maxiter": 500, "tol": 1e-10, "catol": 1e-10, "duration": 0.08153581619262695, "x": "[5.12610993 4.64585762 7.89498407 5.99937898 2.45928578 3.8956391 ]", "status": "2", "success": "False", "message": "Maximum number of function evaluations has been exceeded.", "nfev": "500", "fun": "0.2661111821444674", "maxcv"