{"date": "2024/07/19/, 00:18:54", "conf_id": 120, "data_type": "orthogonal\n", "num_data_points": 3, "s_rank": 0, "unitary": "[[-0.45070455-0.02711853j,0.78437395-0.06613086j,0.06358678+0.19963393j,-0.07343613+0.35668523j],[-0.01890143-0.03813363j,0.32408202+0.25557629j,0.05872864-0.68979805j,0.55466693-0.20227297j],[-0.11215405+0.64023111j,-0.13344055+0.29565494j,-0.49012687-0.19046288j,-0.04241254+0.44046348j],[0.55771659+0.24656916j,0.31851997-0.05798805j,0.28761525-0.34294258j,-0.56718418+0.03616933j]]", "databatch_0": {"databatch": "[[[0.09214181+2.88470339e-01j,0.03598332+1.06951641e-01j,0.20443964+3.26774788e-01j,0.02962251+2.39495087e-01j],[-0.14597655+1.73798557e-01j,-0.05339285+6.55909636e-02j,-0.12533152+2.60297497e-01j,-0.1399452+1.14581236e-01j],[0.33789074-1.13630691e-01j,0.1252418-4.42728788e-02j,0.38096231-2.46497957e-01j,0.28136608-3.91637641e-02j],[0.01534154+1.55229517e-01j,0.00660536+5.77481988e-02j,0.06778114+1.86619363e-01j,-0.01087485+1.23826330e-01j]],[[-0.30097901-2.12606613e-01j,-0.11335815-7.74895230e-02j,-0.43812467-1.67476634e-01j,-0.2043546-2.10878141e-01j],[0.09971489+2.84833787e-01j,0.03878409+1.05553331e-01j,0.21263506+3.19906038e-01j,0.03608941+2.37763891e-01j],[0.17624603+3.24858486e-03j,0.06568513+2.00616013e-04j,0.21839096-5.14686565e-02j,0.13754371+2.85322119e-02j],[0.18468157-5.08941607e-02j,0.06851788-2.00204548e-02j,0.21175273-1.20899366e-01j,0.15213335-1.26244892e-02j]],[[-0.05931466+6.48566994e-02j,-0.02172813+2.45044215e-02j,-0.05273988+9.86591998e-02j,-0.05601418+4.20447451e-02j],[-0.36275325+2.95614942e-02j,-0.13498683+1.30924520e-02j,-0.43808747+1.50639136e-01j,-0.28844021-3.03390241e-02j],[-0.10975639-1.23616348e-01j,-0.04160174-4.54287004e-02j,-0.17427466-1.17912064e-01j,-0.06772529-1.12991095e-01j],[0.14548124-3.25504705e-01j,0.05233914-1.22111468e-01j,0.0769696-4.47244405e-01j,0.16192698-2.33459192e-01j]]]", "initial param values": "[2.86483909,1.3138304,2.47602369,3.13214069,4.72826099,4.7346183]", "nelder_mead": {"type": "gradient-free", "0": {"maxiter": 100, "fatol": 1e-05, "xatol": 1e-05, "duration": 0.027273178100585938, "fun": "0.4684798966470911", "nit": "100", "nfev": "162", "status": "2", "success": "False", "message": "Maximum number of iterations has been exceeded.", "x": "[0.92159219 1.92833553 2.09237312 3.57556936 5.92049705 2.96438118]", "final_simplex": "(array([[0.92159219, 1.92833553, 2.09237312, 3.57556936, 5.92049705,\n        2.96438118],\n       [1.00936503, 1.89026494, 2.08472786, 3.52987237, 5.92365398,\n        3.05108602],\n       [0.98071253, 1.89572319, 2.04943598, 3.541459  , 5.86823223,\n        2.96940396],\n       [1.01837653, 1.96811406, 1.98098104, 3.53123578, 5.95169498,\n        3.06141136],\n       [1.11153479, 1.85529352, 2.12239032, 3.54426601, 5.79413881,\n        3.00985345],\n       [0.98777144, 1.81970742, 2.17664989, 3.51318822, 5.67813752,\n        2.87317886],\n       [1.03707466, 1.83792198, 2.13997124, 3.50413535, 5.75075451,\n        2.90674494]]), array([0.4684799 , 0.4711373 , 0.47128191, 0.47161967, 0.47226415,\n       0.47368926, 0.4738285 ]))"}, "1": {"maxiter": 100, "fatol": 1e-05, "xatol": 1e-10, "duration": 0.027138948440551758, "fun": "0.4684798966470911", "nit": "100", "nfev": "162", "status": "2", "success": "False", "message": "Maximum number of iterations has been exceeded.", "x": "[0.92159219 1.92833553 2.09237312 3.57556936 5.92049705 2.96438118]", "final_simplex": "(array([[0.92159219, 1.92833553, 2.09237312, 3.57556936, 5.92049705,\n        2.96438118],\n       [1.00936503, 1.89026494, 2.08472786, 3.52987237, 5.92365398,\n        3.05108602],\n       [0.98071253, 1.89572319, 2.04943598, 3.541459  , 5.86823223,\n        2.96940396],\n       [1.01837653, 1.96811406, 1.98098104, 3.53123578, 5.95169498,\n        3.06141136],\n       [1.11153479, 1.85529352, 2.12239032, 3.54426601, 5.79413881,\n        3.00985345],\n       [0.98777144, 1.81970742, 2.17664989, 3.51318822, 5.67813752,\n        2.87317886],\n       [1.03707466, 1.83792198, 2.13997124, 3.50413535, 5.75075451,\n        2.90674494]]), array([0.4684799 , 0.4711373 , 0.47128191, 0.47161967, 0.47226415,\n       0.47368926, 0.4738285 ]))"}, "2": {"maxiter": 100, "fatol": 1e-10, "xatol": 1e-05, "duration": 0.02772212028503418, "fun": "0.4684798966470911", "nit": "100", "nfev": "162", "status": "2", "success": "False", "message": "Maximum number of iterations has been exceeded.", "x": "[0.92159219 1.92833553 2.09237312 3.57556936 5.92049705 2.96438118]", "final_simplex": "(array([[0.92159219, 1.92833553, 2.09237312, 3.57556936, 5.92049705,\n        2.96438118],\n       [1.00936503, 1.89026494, 2.08472786, 3.52987237, 5.92365398,\n        3.05108602],\n       [0.98071253, 1.89572319, 2.04943598, 3.541459  , 5.86823223,\n        2.96940396],\n       [1.01837653, 1.96811406, 1.98098104, 3.53123578, 5.95169498,\n        3.06141136],\n       [1.11153479, 1.85529352, 2.12239032, 3.54426601, 5.79413881,\n        3.00985345],\n       [0.98777144, 1.81970742, 2.17664989, 3.51318822, 5.67813752,\n        2.87317886],\n       [1.03707466, 1.83792198, 2.13997124, 3.50413535, 5.75075451,\n        2.90674494]]), array([0.4684799 , 0.4711373 , 0.47128191, 0.47161967, 0.47226415,\n       0.47368926, 0.4738285 ]))"}, "3": {"maxiter": 100, "fatol": 1e-10, "xatol": 1e-10, "duration": 0.027437925338745117, "fun": "0.4684798966470911", "nit": "100", "nfev": "162", "status": "2", "success": "False", "message": "Maximum number of iterations has been exceeded.", "x": "[0.92159219 1.92833553 2.09237312 3.57556936 5.92049705 2.96438118]", "final_simplex": "(array([[0.92159219, 1.92833553, 2.09237312, 3.57556936, 5.92049705,\n        2.96438118],\n       [1.00936503, 1.89026494, 2.08472786, 3.52987237, 5.92365398,\n        3.05108602],\n       [0.98071253, 1.89572319, 2.04943598, 3.541459  , 5.86823223,\n        2.96940396],\n       [1.01837653, 1.96811406, 1.98098104, 3.53123578, 5.95169498,\n        3.06141136],\n       [1.11153479, 1.85529352, 2.12239032, 3.54426601, 5.79413881,\n        3.00985345],\n       [0.98777144, 1.81970742, 2.17664989, 3.51318822, 5.67813752,\n        2.87317886],\n       [1.03707466, 1.83792198, 2.13997124, 3.50413535, 5.75075451,\n        2.90674494]]), array([0.4684799 , 0.4711373 , 0.47128191, 0.47161967, 0.47226415,\n       0.47368926, 0.4738285 ]))"}, "4": {"maxiter": 500, "fatol": 1e-05, "xatol": 1e-05, "duration": 0.13039684295654297, "fun": "0.26751249722624115", "nit": "500", "nfev": "773", "status": "2", "success": "False", "message": "Maximum number of iterations has been exceeded.", "x": "[1.66486078 3.20136364 0.37354124 6.90801027 4.80837944 5.25600148]", "final_simplex": "(array([[1.66486078, 3.20136364, 0.37354124, 6.90801027, 4.80837944,\n        5.25600148],\n       [1.6648245 , 3.20138648, 0.37357041, 6.90798713, 4.80832833,\n        5.25603767],\n       [1.66488039, 3.2013885 , 0.37353908, 6.90800233, 4.80840434,\n        5.25594344],\n       [1.66487239, 3.20139962, 0.37356663, 6.90798345, 4.80835726,\n        5.25605651],\n       [1.66488693, 3.20140172, 0.37353723, 6.90798351, 4.80835291,\n        5.25599476],\n       [1.66481474, 3.20142645, 0.37353971, 6.90800281, 4.80836899,\n        5.25597964],\n       [1.66483424, 3.20135471, 0.373542  , 6.90793084, 4.80841184,\n        5.25596907]]), array([0.2675125, 0.2675125, 0.2675125, 0.2675125, 0.2675125, 0.2675125,\n       0.2675125]))"}, "5": {"maxiter": 500, "fatol": 1e-05, "xatol": 1e-10, "duration": 0.1298689842224121, "fun": "0.26751249722624115", "nit": "500", "nfev": "773", "status": "2", "success": "False", "message": "Maximum number of iterations has been exceeded.", "x": "[1.66486078 3.20136364 0.37354124 6.90801027 4.80837944 5.25600148]", "final_simplex": "(array([[1.66486078, 3.20136364, 0.37354124, 6.90801027, 4.80837944,\n        5.25600148],\n       [1.6648245 , 3.20138648, 0.37357041, 6.90798713, 4.80832833,\n        5.25603767],\n       [1.66488039, 3.2013885 , 0.37353908, 6.90800233, 4.80840434,\n        5.25594344],\n       [1.66487239, 3.20139962, 0.37356663, 6.90798345, 4.80835726,\n        5.25605651],\n       [1.66488693, 3.20140172, 0.37353723, 6.90798351, 4.80835291,\n        5.25599476],\n       [1.66481474, 3.20142645, 0.37353971, 6.90800281, 4.80836899,\n        5.25597964],\n       [1.66483424, 3.20135471, 0.373542  , 6.90793084, 4.80841184,\n        5.25596907]]), array([0.2675125, 0.2675125, 0.2675125, 0.2675125, 0.2675125, 0.2675125,\n       0.2675125]))"}, "6": {"maxiter": 500, "fatol": 1e-10, "xatol": 1e-05, "duration": 0.12987089157104492, "fun": "0.26751249722624115", "nit": "500", "nfev": "773", "status": "2", "success": "False", "message": "Maximum number of iterations has been exceeded.", "x": "[1.66486078 3.20136364 0.37354124 6.90801027 4.80837944 5.25600148]", "final_simplex": "(array([[1.66486078, 3.20136364, 0.37354124, 6.90801027, 4.80837944,\n        5.25600148],\n       [1.6648245 , 3.20138648, 0.37357041, 6.90798713, 4.80832833,\n        5.25603767],\n       [1.66488039, 3.2013885 , 0.37353908, 6.90800233, 4.80840434,\n        5.25594344],\n       [1.66487239, 3.20139962, 0.37356663, 6.90798345, 4.80835726,\n        5.25605651],\n       [1.66488693, 3.20140172, 0.37353723, 6.90798351, 4.80835291,\n        5.25599476],\n       [1.66481474, 3.20142645, 0.37353971, 6.90800281, 4.80836899,\n        5.25597964],\n       [1.66483424, 3.20135471, 0.373542  , 6.90793084, 4.80841184,\n        5.25596907]]), array([0.2675125, 0.2675125, 0.2675125, 0.2675125, 0.2675125, 0.2675125,\n       0.2675125]))"}, "7": {"maxiter": 500, "fatol": 1e-10, "xatol": 1e-10, "duration": 0.12988996505737305, "fun": "0.26751249722624115", "nit": "500", "nfev": "773", "status": "2", "success": "False", "message": "Maximum number of iterations has been exceeded.", "x": "[1.66486078 3.20136364 0.37354124 6.90801027 4.80837944 5.25600148]", "final_simplex": "(array([[1.66486078, 3.20136364, 0.37354124, 6.90801027, 4.80837944,\n        5.25600148],\n       [1.6648245 , 3.20138648, 0.37357041, 6.90798713, 4.80832833,\n        5.25603767],\n       [1.66488039, 3.2013885 , 0.37353908, 6.90800233, 4.80840434,\n        5.25594344],\n       [1.66487239, 3.20139962, 0.37356663, 6.90798345, 4.80835726,\n        5.25605651],\n       [1.66488693, 3.20140172, 0.37353723, 6.90798351, 4.80835291,\n        5.25599476],\n       [1.66481474, 3.20142645, 0.37353971, 6.90800281, 4.80836899,\n        5.25597964],\n       [1.66483424, 3.20135471, 0.373542  , 6.90793084, 4.80841184,\n        5.25596907]]), array([0.2675125, 0.2675125, 0.2675125, 0.2675125, 0.2675125, 0.2675125,\n       0.2675125]))"}, "8": {"maxiter": 1000, "fatol": 1e-05, "xatol": 1e-05, "duration": 0.14006686210632324, "fun": "0.2675124970375986", "nit": "536", "nfev": "834", "status": "0", "success": "True", "message": "Optimization terminated successfully.", "x": "[1.66485459 3.20138696 0.37355349 6.90799271 4.80840383 5.25598042]", "final_simplex": "(array([[1.66485459, 3.20138696, 0.37355349, 6.90799271, 4.80840383,\n        5.25598042],\n       [1.66485432, 3.201387  , 0.37355182, 6.90799486, 4.80841027,\n        5.25597768],\n       [1.66485183, 3.2013875 , 0.3735518 , 6.90799179, 4.80840352,\n        5.25598204],\n       [1.66485452, 3.20139024, 0.3735518 , 6.90799557, 4.80841268,\n        5.25597258],\n       [1.66484933, 3.20138867, 0.37355262, 6.90799347, 4.80839966,\n        5.25598412],\n       [1.66485613, 3.20139197, 0.37355294, 6.90799442, 4.80840795,\n        5.25598015],\n       [1.6648576 , 3.20138763, 0.37354991, 6.90799383, 4.80840778,\n        5.25597628]]), array([0.2675125, 0.2675125, 0.2675125, 0.2675125, 0.2675125, 0.2675125,\n       0.2675125]))"}, "9": {"maxiter": 1000, "fatol": 1e-05, "xatol": 1e-10, "duration": 0.18787622451782227, "fun": "0.26751249703609525", "nit": "681", "nfev": "1123", "status": "0", "success": "True", "message": "Optimization terminated successfully.", "x": "[1.66485351 3.2013875  0.37355481 6.90799281 4.80840786 5.25597754]", "final_simplex": "(array([[1.66485351, 3.2013875 , 0.37355481, 6.90799281, 4.80840786,\n        5.25597754],\n       [1.66485351, 3.2013875 , 0.37355481, 6.90799281, 4.80840786,\n        5.25597754],\n       [1.66485351, 3.2013875 , 0.37355481, 6.90799281, 4.80840786,\n        5.25597754],\n       [1.66485351, 3.2013875 , 0.37355481, 6.90799281, 4.80840786,\n        5.25597754],\n       [1.66485351, 3.2013875 , 0.37355481, 6.90799281, 4.80840786,\n        5.25597754],\n       [1.66485351, 3.2013875 , 0.37355481, 6.90799281, 4.80840786,\n        5.25597754],\n       [1.66485351, 3.2013875 , 0.37355481, 6.90799281, 4.80840786,\n        5.25597754]]), array([0.2675125, 0.2675125, 0.2675125, 0.2675125, 0.2675125, 0.2675125,\n       0.2675125]))"}, "10": {"maxiter": 1000, "fatol": 1e-10, "xatol": 1e-05, "duration": 0.139984130859375, "fun": "0.2675124970375986", "nit": "536", "nfev": "834", "status": "0", "success": "True", "message": "Optimization terminated successfully.", "x": "[1.66485459 3.20138696 0.37355349 6.90799271 4.80840383 5.25598042]", "final_simplex": "(array([[1.66485459, 3.20138696, 0.37355349, 6.90799271, 4.80840383,\n        5.25598042],\n       [1.66485432, 3.201387  , 0.37355182, 6.90799486, 4.80841027,\n        5.25597768],\n       [1.66485183, 3.2013875 , 0.3735518 , 6.90799179, 4.80840352,\n        5.25598204],\n       [1.66485452, 3.20139024, 0.3735518 , 6.90799557, 4.80841268,\n        5.25597258],\n       [1.66484933, 3.20138867, 0.37355262, 6.90799347, 4.80839966,\n        5.25598412],\n       [1.66485613, 3.20139197, 0.37355294, 6.90799442, 4.80840795,\n        5.25598015],\n       [1.6648576 , 3.20138763, 0.37354991, 6.90799383, 4.80840778,\n        5.25597628]]), array([0.2675125, 0.2675125, 0.2675125, 0.2675125, 0.2675125, 0.2675125,\n       0.2675125]))"}, "11": {"maxiter": 1000, "fatol": 1e-10, "xatol": 1e-10, "duration": 0.1876506805419922, "fun": "0.26751249703609525", "nit": "681", "nfev": "1123", "status": "0", "success": "True", "message": "Optimization terminated successfully.", "x": "[1.66485351 3.2013875  0.37355481 6.90799281 4.80840786 5.25597754]", "final_simplex": "(array([[1.66485351, 3.2013875 , 0.37355481, 6.90799281, 4.80840786,\n        5.25597754],\n       [1.66485351, 3.2013875 , 0.37355481, 6.90799281, 4.80840786,\n        5.25597754],\n       [1.66485351, 3.2013875 , 0.37355481, 6.90799281, 4.80840786,\n        5.25597754],\n       [1.66485351, 3.2013875 , 0.37355481, 6.90799281, 4.80840786,\n        5.25597754],\n       [1.66485351, 3.2013875 , 0.37355481, 6.90799281, 4.80840786,\n        5.25597754],\n       [1.66485351, 3.2013875 , 0.37355481, 6.90799281, 4.80840786,\n        5.25597754],\n       [1.66485351, 3.2013875 , 0.37355481, 6.90799281, 4.80840786,\n        5.25597754]]), array([0.2675125, 0.2675125, 0.2675125, 0.2675125, 0.2675125, 0.2675125,\n       0.2675125]))"}}, "bfgs": {"type": "gradient", "0": {"maxiter": 100, "gtol": 1e-05, "xrtol": 1e-05, "eps": 1e-05, "duration": 0.039700984954833984, "fun": "0.26751249708070535", "jac": "[-1.46930246e-06  5.83399995e-07  5.32174305e-07  3.16080495e-07\n -1.67110770e-07 -9.16111631e-07]", "hess_inv": "[[ 4.01451772e+00  2.26092222e+00  5.29196987e-01  3.18287122e-01\n  -2.10780109e-02 -6.16433646e-01]\n [ 2.26092222e+00  8.40208335e+00  2.07038951e+00  8.00573925e-01\n  -4.97358653e+00  2.22246582e+00]\n [ 5.29196987e-01  2.07038951e+00  4.11757871e+00  8.47318266e-01\n  -4.34233854e+00  3.47850693e+00]\n [ 3.18287122e-01  8.00573925e-01  8.47318266e-01  3.50553135e+00\n  -2.90545661e+00  1.97628280e+00]\n [-2.10780109e-02 -4.97358653e+00 -4.34233854e+00 -2.90545661e+00\n   2.14775010e+01 -1.49192498e+01]\n [-6.16433646e-01  2.22246582e+00  3.47850693e+00  1.97628280e+00\n  -1.49192498e+01  1.39383550e+01]]", "nfev": "231", "njev": "33", "status": "0", "success": "True", "message": "Optimization terminated successfully.", "x": "[1.66484053 3.20137496 0.37354348 0.62480026 4.80842744 5.25595637]", "nit": "29"}, "1": {"maxiter": 100, "gtol": 1e-05, "xrtol": 1e-05, "eps": 1e-10, "duration": 0.03959989547729492, "fun": "0.2675124971182118", "jac": "[-3.33066880e-06  0.00000000e+00  0.00000000e+00  0.00000000e+00\n -2.22044587e-06 -2.22044587e-06]", "hess_inv": "[[  3.99178545   2.17400808   0.52878362   0.27819858   0.05006494\n   -0.66188444]\n [  2.17400808   8.23917682   1.98187144   0.72206107  -4.78970028\n    2.07582522]\n [  0.52878362   1.98187144   4.16363063   0.79573732  -4.27154276\n    3.43279376]\n [  0.27819858   0.72206107   0.79573732   3.46932454  -2.81133943\n    1.89268845]\n [  0.05006494  -4.78970028  -4.27154276  -2.81133943  21.28390259\n  -14.74857485]\n [ -0.66188444   2.07582522   3.43279376   1.89268845 -14.74857485\n   13.79273709]]", "nfev": "231", "njev": "33", "status": "0", "success": "True", "message": "Optimization terminated successfully.", "x": "[1.66483451 3.20136698 0.37353805 0.6247997  4.80843526 5.25595071]", "nit": "29"}, "2": {"maxiter": 100, "gtol": 1e-05, "xrtol": 1e-10, "eps": 1e-05, "duration": 0.039569854736328125, "fun": "0.26751249708070535", "jac": "[-1.46930246e-06  5.83399995e-07  5.32174305e-07  3.16080495e-07\n -1.67110770e-07 -9.16111631e-07]", "hess_inv": "[[ 4.01451772e+00  2.26092222e+00  5.29196987e-01  3.18287122e-01\n  -2.10780109e-02 -6.16433646e-01]\n [ 2.26092222e+00  8.40208335e+00  2.07038951e+00  8.00573925e-01\n  -4.97358653e+00  2.22246582e+00]\n [ 5.29196987e-01  2.07038951e+00  4.11757871e+00  8.47318266e-01\n  -4.34233854e+00  3.47850693e+00]\n [ 3.18287122e-01  8.00573925e-01  8.47318266e-01  3.50553135e+00\n  -2.90545661e+00  1.97628280e+00]\n [-2.10780109e-02 -4.97358653e+00 -4.34233854e+00 -2.90545661e+00\n   2.14775010e+01 -1.49192498e+01]\n [-6.16433646e-01  2.22246582e+00  3.47850693e+00  1.97628280e+00\n  -1.49192498e+01  1.39383550e+01]]", "nfev": "231", "njev": "33", "status": "0", "success": "True", "message": "Optimization terminated successfully.", "x": "[1.66484053 3.20137496 0.37354348 0.62480026 4.80842744 5.25595637]", "nit": "29"}, "3": {"maxiter": 100, "gtol": 1e-05, "xrtol": 1e-10, "eps": 1e-10, "duration": 0.03950309753417969, "fun": "0.2675124971182118", "jac": "[-3.33066880e-06  0.00000000e+00  0.00000000e+00  0.00000000e+00\n -2.22044587e-06 -2.22044587e-06]", "hess_inv": "[[  3.99178545   2.17400808   0.52878362   0.27819858   0.05006494\n   -0.66188444]\n [  2.17400808   8.23917682   1.98187144   0.72206107  -4.78970028\n    2.07582522]\n [  0.52878362   1.98187144   4.16363063   0.79573732  -4.27154276\n    3.43279376]\n [  0.27819858   0.72206107   0.79573732   3.46932454  -2.81133943\n    1.89268845]\n [  0.05006494  -4.78970028  -4.27154276  -2.81133943  21.28390259\n  -14.74857485]\n [ -0.66188444   2.07582522   3.43279376   1.89268845 -14.74857485\n   13.79273709]]", "nfev": "231", "njev": "33", "status": "0", "success": "True", "message": "Optimization terminated successfully.", "x": "[1.66483451 3.20136698 0.37353805 0.6247997  4.80843526 5.25595071]", "nit": "29"}, "4": {"maxiter": 100, "gtol": 1e-10, "xrtol": 1e-05, "eps": 1e-05, "duration": 0.040615081787109375, "fun": "0.2675124970674645", "jac": "[-4.43645121e-08  3.78697074e-08 -2.69673173e-08  4.22439861e-08\n  4.88498131e-10 -1.27342581e-08]", "hess_inv": "[[  4.14518912   2.2389763    0.50351926   0.33420725  -0.18458687\n   -0.40807821]\n [  2.2389763    8.29917009   2.10179946   0.73362134  -4.8926204\n    2.16951386]\n [  0.50351926   2.10179946   4.11573638   0.86052952  -4.32380906\n    3.44212903]\n [  0.33420725   0.73362134   0.86052952   3.46871104  -2.89311396\n    1.9908381 ]\n [ -0.18458687  -4.8926204   -4.32380906  -2.89311396  21.65524344\n  -15.17095026]\n [ -0.40807821   2.16951386   3.44212903   1.9908381  -15.17095026\n   14.26755194]]", "nfev": "238", "njev": "34", "status": "0", "success": "True", "message": "Optimization terminated successfully.", "x": "[1.66484454 3.20137323 0.37354296 0.62480011 4.80842296 5.25596258]", "nit": "30"}, "5": {"maxiter": 100, "gtol": 1e-10, "xrtol": 1e-05, "eps": 1e-10, "duration": 0.040766000747680664, "fun": "0.26751249709184133", "jac": "[-2.22044587e-06  0.00000000e+00 -2.22044587e-06 -2.22044587e-06\n  0.00000000e+00  1.11022293e-06]", "hess_inv": "[[  4.52496736   2.37615153   0.27618313   0.44189807  -0.05741956\n   -0.29890811]\n [  2.37615153   8.26669696   1.96850405   0.71323488  -4.5769822\n    2.02868141]\n [  0.27618313   1.96850405   4.14506799   0.83710659  -4.64583998\n    3.57078012]\n [  0.44189807   0.71323488   0.83710659   3.41727395  -2.47852291\n    1.73748007]\n [ -0.05741956  -4.5769822   -4.64583998  -2.47852291  19.99756871\n  -13.86832052]\n [ -0.29890811   2.02868141   3.57078012   1.73748007 -13.86832052\n   13.34487113]]", "nfev": "238", "njev": "34", "status": "0", "success": "True", "message": "Optimization terminated successfully.", "x": "[1.66484879 3.20136923 0.37353658 0.62479953 4.80844868 5.25594855]", "nit": "30"}, "6": {"maxiter": 100, "gtol": 1e-10, "xrtol": 1e-10, "eps": 1e-05, "duration": 0.043179988861083984, "fun": "0.26751249706741353", "jac": "[ 0.00000000e+00 -5.55111512e-11 -8.88178420e-11  3.33066907e-11\n  0.00000000e+00  3.33066907e-11]", "hess_inv": "[[  4.18427048   2.18897631   0.55441249   0.27795781  -0.18885768\n   -0.37996137]\n [  2.18897631   8.30241308   2.06186874   0.76107138  -4.8506833\n    2.11673724]\n [  0.55441249   2.06186874   4.14326764   0.82619343  -4.35760897\n    3.50132944]\n [  0.27795781   0.76107138   0.82619343   3.50225543  -2.85075266\n    1.92676405]\n [ -0.18885768  -4.8506833   -4.35760897  -2.85075266  21.62772725\n  -15.15669338]\n [ -0.37996137   2.11673724   3.50132944   1.92676405 -15.15669338\n   14.27451243]]", "nfev": "252", "njev": "36", "status": "0", "success": "True", "message": "Optimization terminated successfully.", "x": "[1.66484464 3.20137306 0.37354303 0.6248     4.80842293 5.25596268]", "nit": "32"}, "7": {"maxiter": 100, "gtol": 1e-10, "xrtol": 1e-10, "eps": 1e-10, "duration": 0.14302706718444824, "fun": "0.2675124970730002", "jac": "[0.00000000e+00 2.22044587e-06 2.22044587e-06 2.22044587e-06\n 0.00000000e+00 0.00000000e+00]", "hess_inv": "[[ 0.08624705  0.34179824 -0.75639151  0.27253126  0.17970594 -0.45180922]\n [ 0.34179824  1.72027399 -3.99982833  1.66087536  0.93306384 -2.22795631]\n [-0.75639151 -3.99982833  9.61003427 -4.10883701 -2.27243169  5.17175762]\n [ 0.27253126  1.66087536 -4.10883701  1.87090004  0.96586552 -2.1183037 ]\n [ 0.17970594  0.93306384 -2.27243169  0.96586552  0.5595934  -1.19822282]\n [-0.45180922 -2.22795631  5.17175762 -2.1183037  -1.19822282  2.9457436 ]]", "nfev": "845", "njev": "119", "status": "2", "success": "False", "message": "Desired error not necessarily achieved due to precision loss.", "x": "[1.66484832 3.20136948 0.37354616 0.62480621 4.80844287 5.25595149]", "nit": "46"}, "8": {"maxiter": 500, "gtol": 1e-05, "xrtol": 1e-05, "eps": 1e-05, "duration": 0.03996586799621582, "fun": "0.26751249708070535", "jac": "[-1.46930246e-06  5.83399995e-07  5.32174305e-07  3.16080495e-07\n -1.67110770e-07 -9.16111631e-07]", "hess_inv": "[[ 4.01451772e+00  2.26092222e+00  5.29196987e-01  3.18287122e-01\n  -2.10780109e-02 -6.16433646e-01]\n [ 2.26092222e+00  8.40208335e+00  2.07038951e+00  8.00573925e-01\n  -4.97358653e+00  2.22246582e+00]\n [ 5.29196987e-01  2.07038951e+00  4.11757871e+00  8.47318266e-01\n  -4.34233854e+00  3.47850693e+00]\n [ 3.18287122e-01  8.00573925e-01  8.47318266e-01  3.50553135e+00\n  -2.90545661e+00  1.97628280e+00]\n [-2.10780109e-02 -4.97358653e+00 -4.34233854e+00 -2.90545661e+00\n   2.14775010e+01 -1.49192498e+01]\n [-6.16433646e-01  2.22246582e+00  3.47850693e+00  1.97628280e+00\n  -1.49192498e+01  1.39383550e+01]]", "nfev": "231", "njev": "33", "status": "0", "success": "True", "message": "Optimization terminated successfully.", "x": "[1.66484053 3.20137496 0.37354348 0.62480026 4.80842744 5.25595637]", "nit": "29"}, "9": {"maxiter": 500, "gtol": 1e-05, "xrtol": 1e-05, "eps": 1e-10, "duration": 0.03989911079406738, "fun": "0.2675124971182118", "jac": "[-3.33066880e-06  0.00000000e+00  0.00000000e+00  0.00000000e+00\n -2.22044587e-06 -2.22044587e-06]", "hess_inv": "[[  3.99178545   2.17400808   0.52878362   0.27819858   0.05006494\n   -0.66188444]\n [  2.17400808   8.23917682   1.98187144   0.72206107  -4.78970028\n    2.07582522]\n [  0.52878362   1.98187144   4.16363063   0.79573732  -4.27154276\n    3.43279376]\n [  0.27819858   0.72206107   0.79573732   3.46932454  -2.81133943\n    1.89268845]\n [  0.05006494  -4.78970028  -4.27154276  -2.81133943  21.28390259\n  -14.74857485]\n [ -0.66188444   2.07582522   3.43279376   1.89268845 -14.74857485\n   13.79273709]]", "nfev": "231", "njev": "33", "status": "0", "success": "True", "message": "Optimization terminated successfully.", "x": "[1.66483451 3.20136698 0.37353805 0.6247997  4.80843526 5.25595071]", "nit": "29"}, "10": {"maxiter": 500, "gtol": 1e-05, "xrtol": 1e-10, "eps": 1e-05, "duration": 0.039888858795166016, "fun": "0.26751249708070535", "jac": "[-1.46930246e-06  5.83399995e-07  5.32174305e-07  3.16080495e-07\n -1.67110770e-07 -9.16111631e-07]", "hess_inv": "[[ 4.01451772e+00  2.26092222e+00  5.29196987e-01  3.18287122e-01\n  -2.10780109e-02 -6.16433646e-01]\n [ 2.26092222e+00  8.40208335e+00  2.07038951e+00  8.00573925e-01\n  -4.97358653e+00  2.22246582e+00]\n [ 5.29196987e-01  2.07038951e+00  4.11757871e+00  8.47318266e-01\n  -4.34233854e+00  3.47850693e+00]\n [ 3.18287122e-01  8.00573925e-01  8.47318266e-01  3.50553135e+00\n  -2.90545661e+00  1.97628280e+00]\n [-2.10780109e-02 -4.97358653e+00 -4.34233854e+00 -2.90545661e+00\n   2.14775010e+01 -1.49192498e+01]\n [-6.16433646e-01  2.22246582e+00  3.47850693e+00  1.97628280e+00\n  -1.49192498e+01  1.39383550e+01]]", "nfev": "231", "njev": "33", "status": "0", "success": "True", "message": "Optimization terminated successfully.", "x": "[1.66484053 3.20137496 0.37354348 0.62480026 4.80842744 5.25595637]", "nit": "29"}, "11": {"maxiter": 500, "gtol": 1e-05, "xrtol": 1e-10, "eps": 1e-10, "duration": 0.03975081443786621, "fun": "0.2675124971182118", "jac": "[-3.33066880e-06  0.00000000e+00  0.00000000e+00  0.00000000e+00\n -2.22044587e-06 -2.22044587e-06]", "hess_inv": "[[  3.99178545   2.17400808   0.52878362   0.27819858   0.05006494\n   -0.66188444]\n [  2.17400808   8.23917682   1.98187144   0.72206107  -4.78970028\n    2.07582522]\n [  0.52878362   1.98187144   4.16363063   0.79573732  -4.27154276\n    3.43279376]\n [  0.27819858   0.72206107   0.79573732   3.46932454  -2.81133943\n    1.89268845]\n [  0.05006494  -4.78970028  -4.27154276  -2.81133943  21.28390259\n  -14.74857485]\n [ -0.66188444   2.07582522   3.43279376   1.89268845 -14.74857485\n   13.79273709]]", "nfev": "231", "njev": "33", "status": "0", "success": "True", "message": "Optimization terminated successfully.", "x": "[1.66483451 3.20136698 0.37353805 0.6247997  4.80843526 5.25595071]", "nit": "29"}, "12": {"maxiter": 500, "gtol": 1e-10, "xrtol": 1e-05, "eps": 1e-05, "duration": 0.04096102714538574, "fun": "0.2675124970674645", "jac": "[-4.43645121e-08  3.78697074e-08 -2.69673173e-08  4.22439861e-08\n  4.88498131e-10 -1.27342581e-08]", "hess_inv": "[[  4.14518912   2.2389763    0.50351926   0.33420725  -0.18458687\n   -0.40807821]\n [  2.2389763    8.29917009   2.10179946   0.73362134  -4.8926204\n    2.16951386]\n [  0.50351926   2.10179946   4.11573638   0.86052952  -4.32380906\n    3.44212903]\n [  0.33420725   0.73362134   0.86052952   3.46871104  -2.89311396\n    1.9908381 ]\n [ -0.18458687  -4.8926204   -4.32380906  -2.89311396  21.65524344\n  -15.17095026]\n [ -0.40807821   2.16951386   3.44212903   1.9908381  -15.17095026\n   14.26755194]]", "nfev": "238", "njev": "34", "status": "0", "success": "True", "message": "Optimization terminated successfully.", "x": "[1.66484454 3.20137323 0.37354296 0.62480011 4.80842296 5.25596258]", "nit": "30"}, "13": {"maxiter": 500, "gtol": 1e-10, "xrtol": 1e-05, "eps": 1e-10, "duration": 0.0409548282623291, "fun": "0.26751249709184133", "jac": "[-2.22044587e-06  0.00000000e+00 -2.22044587e-06 -2.22044587e-06\n  0.00000000e+00  1.11022293e-06]", "hess_inv": "[[  4.52496736   2.37615153   0.27618313   0.44189807  -0.05741956\n   -0.29890811]\n [  2.37615153   8.26669696   1.96850405   0.71323488  -4.5769822\n    2.02868141]\n [  0.27618313   1.96850405   4.14506799   0.83710659  -4.64583998\n    3.57078012]\n [  0.44189807   0.71323488   0.83710659   3.41727395  -2.47852291\n    1.73748007]\n [ -0.05741956  -4.5769822   -4.64583998  -2.47852291  19.99756871\n  -13.86832052]\n [ -0.29890811   2.02868141   3.57078012   1.73748007 -13.86832052\n   13.34487113]]", "nfev": "238", "njev": "34", "status": "0", "success": "True", "message": "Optimization terminated successfully.", "x": "[1.66484879 3.20136923 0.37353658 0.62479953 4.80844868 5.25594855]", "nit": "30"}, "14": {"maxiter": 500, "gtol": 1e-10, "xrtol": 1e-10, "eps": 1e-05, "duration": 0.04340815544128418, "fun": "0.26751249706741353", "jac": "[ 0.00000000e+00 -5.55111512e-11 -8.88178420e-11  3.33066907e-11\n  0.00000000e+00  3.33066907e-11]", "hess_inv": "[[  4.18427048   2.18897631   0.55441249   0.27795781  -0.18885768\n   -0.37996137]\n [  2.18897631   8.30241308   2.06186874   0.76107138  -4.8506833\n    2.11673724]\n [  0.55441249   2.06186874   4.14326764   0.82619343  -4.35760897\n    3.50132944]\n [  0.27795781   0.76107138   0.82619343   3.50225543  -2.85075266\n    1.92676405]\n [ -0.18885768  -4.8506833   -4.35760897  -2.85075266  21.62772725\n  -15.15669338]\n [ -0.37996137   2.11673724   3.50132944   1.92676405 -15.15669338\n   14.27451243]]", "nfev": "252", "njev": "36", "status": "0", "success": "True", "message": "Optimization terminated successfully.", "x": "[1.66484464 3.20137306 0.37354303 0.6248     4.80842293 5.25596268]", "nit": "32"}, "15": {"maxiter": 500, "gtol": 1e-10, "xrtol": 1e-10, "eps": 1e-10, "duration": 0.1446371078491211, "fun": "0.2675124970730002", "jac": "[0.00000000e+00 2.22044587e-06 2.22044587e-06 2.22044587e-06\n 0.00000000e+00 0.00000000e+00]", "hess_inv": "[[ 0.08624705  0.34179824 -0.75639151  0.27253126  0.17970594 -0.45180922]\n [ 0.34179824  1.72027399 -3.99982833  1.66087536  0.93306384 -2.22795631]\n [-0.75639151 -3.99982833  9.61003427 -4.10883701 -2.27243169  5.17175762]\n [ 0.27253126  1.66087536 -4.10883701  1.87090004  0.96586552 -2.1183037 ]\n [ 0.17970594  0.93306384 -2.27243169  0.96586552  0.5595934  -1.19822282]\n [-0.45180922 -2.22795631  5.17175762 -2.1183037  -1.19822282  2.9457436 ]]", "nfev": "845", "njev": "119", "status": "2", "success": "False", "message": "Desired error not necessarily achieved due to precision loss.", "x": "[1.66484832 3.20136948 0.37354616 0.62480621 4.80844287 5.25595149]", "nit": "46"}, "16": {"maxiter": 1000, "gtol": 1e-05, "xrtol": 1e-05, "eps": 1e-05, "duration": 0.039906978607177734, "fun": "0.26751249708070535", "jac": "[-1.46930246e-06  5.83399995e-07  5.32174305e-07  3.16080495e-07\n -1.67110770e-07 -9.16111631e-07]", "hess_inv": "[[ 4.01451772e+00  2.26092222e+00  5.29196987e-01  3.18287122e-01\n  -2.10780109e-02 -6.16433646e-01]\n [ 2.26092222e+00  8.40208335e+00  2.07038951e+00  8.00573925e-01\n  -4.97358653e+00  2.22246582e+00]\n [ 5.29196987e-01  2.07038951e+00  4.11757871e+00  8.47318266e-01\n  -4.34233854e+00  3.47850693e+00]\n [ 3.18287122e-01  8.00573925e-01  8.47318266e-01  3.50553135e+00\n  -2.90545661e+00  1.97628280e+00]\n [-2.10780109e-02 -4.97358653e+00 -4.34233854e+00 -2.90545661e+00\n   2.14775010e+01 -1.49192498e+01]\n [-6.16433646e-01  2.22246582e+00  3.47850693e+00  1.97628280e+00\n  -1.49192498e+01  1.39383550e+01]]", "nfev": "231", "njev": "33", "status": "0", "success": "True", "message": "Optimization terminated successfully.", "x": "[1.66484053 3.20137496 0.37354348 0.62480026 4.80842744 5.25595637]", "nit": "29"}, "17": {"maxiter": 1000, "gtol": 1e-05, "xrtol": 1e-05, "eps": 1e-10, "duration": 0.039842844009399414, "fun": "0.2675124971182118", "jac": "[-3.33066880e-06  0.00000000e+00  0.00000000e+00  0.00000000e+00\n -2.22044587e-06 -2.22044587e-06]", "hess_inv": "[[  3.99178545   2.17400808   0.52878362   0.27819858   0.05006494\n   -0.66188444]\n [  2.17400808   8.23917682   1.98187144   0.72206107  -4.78970028\n    2.07582522]\n [  0.52878362   1.98187144   4.16363063   0.79573732  -4.27154276\n    3.43279376]\n [  0.27819858   0.72206107   0.79573732   3.46932454  -2.81133943\n    1.89268845]\n [  0.05006494  -4.78970028  -4.27154276  -2.81133943  21.28390259\n  -14.74857485]\n [ -0.66188444   2.07582522   3.43279376   1.89268845 -14.74857485\n   13.79273709]]", "nfev": "231", "njev": "33", "status": "0", "success": "True", "message": "Optimization terminated successfully.", "x": "[1.66483451 3.20136698 0.37353805 0.6247997  4.80843526 5.25595071]", "nit": "29"}, "18": {"maxiter": 1000, "gtol": 1e-05, "xrtol": 1e-10, "eps": 1e-05, "duration": 0.039629220962524414, "fun": "0.26751249708070535", "jac": "[-1.46930246e-06  5.83399995e-07  5.32174305e-07  3.16080495e-07\n -1.67110770e-07 -9.16111631e-07]", "hess_inv": "[[ 4.01451772e+00  2.26092222e+00  5.29196987e-01  3.18287122e-01\n  -2.10780109e-02 -6.16433646e-01]\n [ 2.26092222e+00  8.40208335e+00  2.07038951e+00  8.00573925e-01\n  -4.97358653e+00  2.22246582e+00]\n [ 5.29196987e-01  2.07038951e+00  4.11757871e+00  8.47318266e-01\n  -4.34233854e+00  3.47850693e+00]\n [ 3.18287122e-01  8.00573925e-01  8.47318266e-01  3.50553135e+00\n  -2.90545661e+00  1.97628280e+00]\n [-2.10780109e-02 -4.97358653e+00 -4.34233854e+00 -2.90545661e+00\n   2.14775010e+01 -1.49192498e+01]\n [-6.16433646e-01  2.22246582e+00  3.47850693e+00  1.97628280e+00\n  -1.49192498e+01  1.39383550e+01]]", "nfev": "231", "njev": "33", "status": "0", "success": "True", "message": "Optimization terminated successfully.", "x": "[1.66484053 3.20137496 0.37354348 0.62480026 4.80842744 5.25595637]", "nit": "29"}, "19": {"maxiter": 1000, "gtol": 1e-05, "xrtol": 1e-10, "eps": 1e-10, "duration": 0.03973507881164551, "fun": "0.2675124971182118", "jac": "[-3.33066880e-06  0.00000000e+00  0.00000000e+00  0.00000000e+00\n -2.22044587e-06 -2.22044587e-06]", "hess_inv": "[[  3.99178545   2.17400808   0.52878362   0.27819858   0.05006494\n   -0.66188444]\n [  2.17400808   8.23917682   1.98187144   0.72206107  -4.78970028\n    2.07582522]\n [  0.52878362   1.98187144   4.16363063   0.79573732  -4.27154276\n    3.43279376]\n [  0.27819858   0.72206107   0.79573732   3.46932454  -2.81133943\n    1.89268845]\n [  0.05006494  -4.78970028  -4.27154276  -2.81133943  21.28390259\n  -14.74857485]\n [ -0.66188444   2.07582522   3.43279376   1.89268845 -14.74857485\n   13.79273709]]", "nfev": "231", "njev": "33", "status": "0", "success": "True", "message": "Optimization terminated successfully.", "x": "[1.66483451 3.20136698 0.37353805 0.6247997  4.80843526 5.25595071]", "nit": "29"}, "20": {"maxiter": 1000, "gtol": 1e-10, "xrtol": 1e-05, "eps": 1e-05, "duration": 0.04095816612243652, "fun": "0.2675124970674645", "jac": "[-4.43645121e-08  3.78697074e-08 -2.69673173e-08  4.22439861e-08\n  4.88498131e-10 -1.27342581e-08]", "hess_inv": "[[  4.14518912   2.2389763    0.50351926   0.33420725  -0.18458687\n   -0.40807821]\n [  2.2389763    8.29917009   2.10179946   0.73362134  -4.8926204\n    2.16951386]\n [  0.50351926   2.10179946   4.11573638   0.86052952  -4.32380906\n    3.44212903]\n [  0.33420725   0.73362134   0.86052952   3.46871104  -2.89311396\n    1.9908381 ]\n [ -0.18458687  -4.8926204   -4.32380906  -2.89311396  21.65524344\n  -15.17095026]\n [ -0.40807821   2.16951386   3.44212903   1.9908381  -15.17095026\n   14.26755194]]", "nfev": "238", "njev": "34", "status": "0", "success": "True", "message": "Optimization terminated successfully.", "x": "[1.66484454 3.20137323 0.37354296 0.62480011 4.80842296 5.25596258]", "nit": "30"}, "21": {"maxiter": 1000, "gtol": 1e-10, "xrtol": 1e-05, "eps": 1e-10, "duration": 0.04087400436401367, "fun": "0.26751249709184133", "jac": "[-2.22044587e-06  0.00000000e+00 -2.22044587e-06 -2.22044587e-06\n  0.00000000e+00  1.11022293e-06]", "hess_inv": "[[  4.52496736   2.37615153   0.27618313   0.44189807  -0.05741956\n   -0.29890811]\n [  2.37615153   8.26669696   1.96850405   0.71323488  -4.5769822\n    2.02868141]\n [  0.27618313   1.96850405   4.14506799   0.83710659  -4.64583998\n    3.57078012]\n [  0.44189807   0.71323488   0.83710659   3.41727395  -2.47852291\n    1.73748007]\n [ -0.05741956  -4.5769822   -4.64583998  -2.47852291  19.99756871\n  -13.86832052]\n [ -0.29890811   2.02868141   3.57078012   1.73748007 -13.86832052\n   13.34487113]]", "nfev": "238", "njev": "34", "status": "0", "success": "True", "message": "Optimization terminated successfully.", "x": "[1.66484879 3.20136923 0.37353658 0.62479953 4.80844868 5.25594855]", "nit": "30"}, "22": {"maxiter": 1000, "gtol": 1e-10, "xrtol": 1e-10, "eps": 1e-05, "duration": 0.0432887077331543, "fun": "0.26751249706741353", "jac": "[ 0.00000000e+00 -5.55111512e-11 -8.88178420e-11  3.33066907e-11\n  0.00000000e+00  3.33066907e-11]", "hess_inv": "[[  4.18427048   2.18897631   0.55441249   0.27795781  -0.18885768\n   -0.37996137]\n [  2.18897631   8.30241308   2.06186874   0.76107138  -4.8506833\n    2.11673724]\n [  0.55441249   2.06186874   4.14326764   0.82619343  -4.35760897\n    3.50132944]\n [  0.27795781   0.76107138   0.82619343   3.50225543  -2.85075266\n    1.92676405]\n [ -0.18885768  -4.8506833   -4.35760897  -2.85075266  21.62772725\n  -15.15669338]\n [ -0.37996137   2.11673724   3.50132944   1.92676405 -15.15669338\n   14.27451243]]", "nfev": "252", "njev": "36", "status": "0", "success": "True", "message": "Optimization terminated successfully.", "x": "[1.66484464 3.20137306 0.37354303 0.6248     4.80842293 5.25596268]", "nit": "32"}, "23": {"maxiter": 1000, "gtol": 1e-10, "xrtol": 1e-10, "eps": 1e-10, "duration": 0.1432650089263916, "fun": "0.2675124970730002", "jac": "[0.00000000e+00 2.22044587e-06 2.22044587e-06 2.22044587e-06\n 0.00000000e+00 0.00000000e+00]", "hess_inv": "[[ 0.08624705  0.34179824 -0.75639151  0.27253126  0.17970594 -0.45180922]\n [ 0.34179824  1.72027399 -3.99982833  1.66087536  0.93306384 -2.22795631]\n [-0.75639151 -3.99982833  9.61003427 -4.10883701 -2.27243169  5.17175762]\n [ 0.27253126  1.66087536 -4.10883701  1.87090004  0.96586552 -2.1183037 ]\n [ 0.17970594  0.93306384 -2.27243169  0.96586552  0.5595934  -1.19822282]\n [-0.45180922 -2.22795631  5.17175762 -2.1183037  -1.19822282  2.9457436 ]]", "nfev": "845", "njev": "119", "status": "2", "success": "False", "message": "Desired error not necessarily achieved due to precision loss.", "x": "[1.66484832 3.20136948 0.37354616 0.62480621 4.80844287 5.25595149]", "nit": "46"}}, "cobyla": {"0": {"maxiter": 100, "tol": 1e-05, "catol": 1e-05, "duration": 0.0163729190826416, "x": "[5.00387497 3.18168079 3.69637685 1.73750525 2.50635254 4.50158643]", "status": "2", "success": "False", "message": "Maximum number of function evaluations has been exceeded.", "nfev": "100", "fun": "0.2812106831666771", "maxcv": "0.0"}, "1": {"maxiter": 100, "tol": 1e-05, "catol": 1e-10, "duration": 0.016368865966796875, "x": "[5.00387497 3.18168079 3.69637685 1.73750525 2.50635254 4.50158643]", "status": "2", "success": "False", "message": "Maximum number of function evaluations has been exceeded.", "nfev": "100", "fun": "0.2812106831666771", "maxcv": "0.0"}, "2": {"maxiter": 100, "tol": 1e-10, "catol": 1e-05, "duration": 0.016427040100097656, "x": "[5.00387497 3.18168079 3.69637685 1.73750525 2.50635254 4.50158643]", "status": "2", "success": "False", "message": "Maximum number of function evaluations has been exceeded.", "nfev": "100", "fun": "0.2812106831666771", "maxcv": "0.0"}, "3": {"maxiter": 100, "tol": 1e-10, "catol": 1e-10, "duration": 0.01637887954711914, "x": "[5.00387497 3.18168079 3.69637685 1.73750525 2.50635254 4.50158643]", "status": "2", "success": "False", "message": "Maximum number of function evaluations has b