{"date": "2024/07/18/, 20:56:08", "conf_id": 64, "data_type": "random\n", "num_data_points": 4, "s_rank": 0, "unitary": "[[-0.24866696+0.58742286j,-0.44704345-0.43151574j,-0.35669027-0.20570733j,-0.10517633+0.1626036j],[0.10596805-0.19687975j,-0.30269685-0.15056416j,0.18246286+0.30440582j,-0.83484447-0.11310748j],[0.26054512-0.52548482j,0.0285017-0.50723956j,-0.43110112+0.17165838j,0.15243271+0.39915801j],[0.42978035+0.11991271j,-0.17224126-0.46030424j,0.6827807-0.15164662j,0.26483638+0.0061855j]]", "databatch_0": {"databatch": "[[[-0.13558895-0.07000103j,0.2895042-0.12202272j,-0.09230988+0.07712132j,0.11537967-0.06488088j],[0.18713279+0.09317033j,-0.39411802+0.17294859j,0.12490072-0.10749081j,-0.15674706+0.09118615j],[-0.05481039+0.01129373j,0.05443965-0.10154609j,-0.00854843+0.04327766j,0.01795025-0.04510508j],[-0.27735095-0.0646604j,0.46804278-0.35317877j,-0.13176329+0.18175851j,0.17910414-0.17015955j]],[[0.04059253+0.06444093j,-0.01363388-0.01503239j,-0.03374196-0.01837781j,-0.0390673+0.0575081j],[-0.38940217+0.24007436j,0.09107874-0.08101741j,0.11233773-0.20159795j,-0.3431445-0.23798187j],[-0.20076163-0.16026413j,0.06009902+0.03276741j,0.12786236+0.02112739j,0.06068026-0.22651031j],[0.2628936+0.33622143j,-0.08454501-0.07606726j,-0.19854953-0.08330255j,-0.18515661+0.34279493j]],[[0.03801386+0.03883722j,0.01502066-0.0242582j,0.17622431-0.13183903j,-0.00805596-0.03895045j],[0.04642792-0.11711241j,-0.06553312-0.0089504j,-0.44530696-0.24897706j,-0.07490154+0.05377071j],[0.04757529-0.0522137j,-0.03259472-0.01769058j,-0.18417063-0.21889194j,-0.04994686+0.01334644j],[-0.17532735-0.01887446j,0.01241058+0.09174619j,-0.16948744+0.69372776j,0.10051964+0.08095013j]],[[-0.1183154+0.20464522j,-0.13468277+0.12806051j,0.33829282+0.05257722j,-0.17694503+0.01350823j],[-0.13296206-0.02846528j,-0.09395465-0.05099897j,0.03120153+0.19444316j,-0.03876113-0.09443393j],[-0.07240281+0.10277264j,-0.07743049+0.06142789j,0.17669105+0.0439374j,-0.09436895-0.00125945j],[-0.33313624-0.18037597j,-0.21118163-0.21002549j,-0.06908009+0.54429402j,-0.02956306-0.28285828j]]]", "initial param values": "[4.67701717,0.04385669,3.63290233,0.27262303,1.28078098,2.23839313]", "nelder_mead": {"type": "gradient-free", "0": {"maxiter": 100, "fatol": 1e-05, "xatol": 1e-05, "duration": 0.02669811248779297, "fun": "0.604297561853659", "nit": "100", "nfev": "161", "status": "2", "success": "False", "message": "Maximum number of iterations has been exceeded.", "x": "[ 5.25068749 -0.06377494  2.91616022  0.89476618  2.22223649  1.62150542]", "final_simplex": "(array([[ 5.25068749, -0.06377494,  2.91616022,  0.89476618,  2.22223649,\n         1.62150542],\n       [ 5.25696998, -0.06518989,  2.92206331,  0.8990318 ,  2.23366702,\n         1.62770573],\n       [ 5.22755691, -0.06458442,  2.93474676,  0.90115625,  2.22481024,\n         1.60996509],\n       [ 5.24076889, -0.06386511,  2.93583243,  0.88945647,  2.22510141,\n         1.64687385],\n       [ 5.23813537, -0.05968087,  2.93646287,  0.8668267 ,  2.18836635,\n         1.66331623],\n       [ 5.25059019, -0.06333349,  2.91031085,  0.88925362,  2.22269968,\n         1.6299811 ],\n       [ 5.22213989, -0.06709421,  2.90385067,  0.91041138,  2.24996968,\n         1.62855086]]), array([0.60429756, 0.6043081 , 0.60433887, 0.60436223, 0.60436399,\n       0.60437223, 0.60439244]))"}, "1": {"maxiter": 100, "fatol": 1e-05, "xatol": 1e-10, "duration": 0.026668071746826172, "fun": "0.604297561853659", "nit": "100", "nfev": "161", "status": "2", "success": "False", "message": "Maximum number of iterations has been exceeded.", "x": "[ 5.25068749 -0.06377494  2.91616022  0.89476618  2.22223649  1.62150542]", "final_simplex": "(array([[ 5.25068749, -0.06377494,  2.91616022,  0.89476618,  2.22223649,\n         1.62150542],\n       [ 5.25696998, -0.06518989,  2.92206331,  0.8990318 ,  2.23366702,\n         1.62770573],\n       [ 5.22755691, -0.06458442,  2.93474676,  0.90115625,  2.22481024,\n         1.60996509],\n       [ 5.24076889, -0.06386511,  2.93583243,  0.88945647,  2.22510141,\n         1.64687385],\n       [ 5.23813537, -0.05968087,  2.93646287,  0.8668267 ,  2.18836635,\n         1.66331623],\n       [ 5.25059019, -0.06333349,  2.91031085,  0.88925362,  2.22269968,\n         1.6299811 ],\n       [ 5.22213989, -0.06709421,  2.90385067,  0.91041138,  2.24996968,\n         1.62855086]]), array([0.60429756, 0.6043081 , 0.60433887, 0.60436223, 0.60436399,\n       0.60437223, 0.60439244]))"}, "2": {"maxiter": 100, "fatol": 1e-10, "xatol": 1e-05, "duration": 0.026688098907470703, "fun": "0.604297561853659", "nit": "100", "nfev": "161", "status": "2", "success": "False", "message": "Maximum number of iterations has been exceeded.", "x": "[ 5.25068749 -0.06377494  2.91616022  0.89476618  2.22223649  1.62150542]", "final_simplex": "(array([[ 5.25068749, -0.06377494,  2.91616022,  0.89476618,  2.22223649,\n         1.62150542],\n       [ 5.25696998, -0.06518989,  2.92206331,  0.8990318 ,  2.23366702,\n         1.62770573],\n       [ 5.22755691, -0.06458442,  2.93474676,  0.90115625,  2.22481024,\n         1.60996509],\n       [ 5.24076889, -0.06386511,  2.93583243,  0.88945647,  2.22510141,\n         1.64687385],\n       [ 5.23813537, -0.05968087,  2.93646287,  0.8668267 ,  2.18836635,\n         1.66331623],\n       [ 5.25059019, -0.06333349,  2.91031085,  0.88925362,  2.22269968,\n         1.6299811 ],\n       [ 5.22213989, -0.06709421,  2.90385067,  0.91041138,  2.24996968,\n         1.62855086]]), array([0.60429756, 0.6043081 , 0.60433887, 0.60436223, 0.60436399,\n       0.60437223, 0.60439244]))"}, "3": {"maxiter": 100, "fatol": 1e-10, "xatol": 1e-10, "duration": 0.026130199432373047, "fun": "0.604297561853659", "nit": "100", "nfev": "161", "status": "2", "success": "False", "message": "Maximum number of iterations has been exceeded.", "x": "[ 5.25068749 -0.06377494  2.91616022  0.89476618  2.22223649  1.62150542]", "final_simplex": "(array([[ 5.25068749, -0.06377494,  2.91616022,  0.89476618,  2.22223649,\n         1.62150542],\n       [ 5.25696998, -0.06518989,  2.92206331,  0.8990318 ,  2.23366702,\n         1.62770573],\n       [ 5.22755691, -0.06458442,  2.93474676,  0.90115625,  2.22481024,\n         1.60996509],\n       [ 5.24076889, -0.06386511,  2.93583243,  0.88945647,  2.22510141,\n         1.64687385],\n       [ 5.23813537, -0.05968087,  2.93646287,  0.8668267 ,  2.18836635,\n         1.66331623],\n       [ 5.25059019, -0.06333349,  2.91031085,  0.88925362,  2.22269968,\n         1.6299811 ],\n       [ 5.22213989, -0.06709421,  2.90385067,  0.91041138,  2.24996968,\n         1.62855086]]), array([0.60429756, 0.6043081 , 0.60433887, 0.60436223, 0.60436399,\n       0.60437223, 0.60439244]))"}, "4": {"maxiter": 500, "fatol": 1e-05, "xatol": 1e-05, "duration": 0.13039207458496094, "fun": "0.3869280547373086", "nit": "500", "nfev": "789", "status": "2", "success": "False", "message": "Maximum number of iterations has been exceeded.", "x": "[ 6.38709211 -0.35856014  4.88244474  2.40958644  2.13287743  4.3223015 ]", "final_simplex": "(array([[ 6.38709211, -0.35856014,  4.88244474,  2.40958644,  2.13287743,\n         4.3223015 ],\n       [ 6.37557474, -0.35520527,  4.87916448,  2.40955676,  2.13688787,\n         4.31852674],\n       [ 6.38232811, -0.35813022,  4.88023899,  2.41289269,  2.13153008,\n         4.32159544],\n       [ 6.38234038, -0.36435527,  4.89347669,  2.41538616,  2.13699294,\n         4.32747035],\n       [ 6.38099689, -0.35849915,  4.88411754,  2.4121947 ,  2.14027106,\n         4.32739302],\n       [ 6.38131508, -0.35421086,  4.87799559,  2.41387785,  2.14154896,\n         4.32333252],\n       [ 6.38553565, -0.3521465 ,  4.87562845,  2.4070094 ,  2.13671944,\n         4.32158222]]), array([0.38692805, 0.38693133, 0.38693351, 0.38693387, 0.38693521,\n       0.38694013, 0.38694246]))"}, "5": {"maxiter": 500, "fatol": 1e-05, "xatol": 1e-10, "duration": 0.12906599044799805, "fun": "0.3869280547373086", "nit": "500", "nfev": "789", "status": "2", "success": "False", "message": "Maximum number of iterations has been exceeded.", "x": "[ 6.38709211 -0.35856014  4.88244474  2.40958644  2.13287743  4.3223015 ]", "final_simplex": "(array([[ 6.38709211, -0.35856014,  4.88244474,  2.40958644,  2.13287743,\n         4.3223015 ],\n       [ 6.37557474, -0.35520527,  4.87916448,  2.40955676,  2.13688787,\n         4.31852674],\n       [ 6.38232811, -0.35813022,  4.88023899,  2.41289269,  2.13153008,\n         4.32159544],\n       [ 6.38234038, -0.36435527,  4.89347669,  2.41538616,  2.13699294,\n         4.32747035],\n       [ 6.38099689, -0.35849915,  4.88411754,  2.4121947 ,  2.14027106,\n         4.32739302],\n       [ 6.38131508, -0.35421086,  4.87799559,  2.41387785,  2.14154896,\n         4.32333252],\n       [ 6.38553565, -0.3521465 ,  4.87562845,  2.4070094 ,  2.13671944,\n         4.32158222]]), array([0.38692805, 0.38693133, 0.38693351, 0.38693387, 0.38693521,\n       0.38694013, 0.38694246]))"}, "6": {"maxiter": 500, "fatol": 1e-10, "xatol": 1e-05, "duration": 0.1300489902496338, "fun": "0.3869280547373086", "nit": "500", "nfev": "789", "status": "2", "success": "False", "message": "Maximum number of iterations has been exceeded.", "x": "[ 6.38709211 -0.35856014  4.88244474  2.40958644  2.13287743  4.3223015 ]", "final_simplex": "(array([[ 6.38709211, -0.35856014,  4.88244474,  2.40958644,  2.13287743,\n         4.3223015 ],\n       [ 6.37557474, -0.35520527,  4.87916448,  2.40955676,  2.13688787,\n         4.31852674],\n       [ 6.38232811, -0.35813022,  4.88023899,  2.41289269,  2.13153008,\n         4.32159544],\n       [ 6.38234038, -0.36435527,  4.89347669,  2.41538616,  2.13699294,\n         4.32747035],\n       [ 6.38099689, -0.35849915,  4.88411754,  2.4121947 ,  2.14027106,\n         4.32739302],\n       [ 6.38131508, -0.35421086,  4.87799559,  2.41387785,  2.14154896,\n         4.32333252],\n       [ 6.38553565, -0.3521465 ,  4.87562845,  2.4070094 ,  2.13671944,\n         4.32158222]]), array([0.38692805, 0.38693133, 0.38693351, 0.38693387, 0.38693521,\n       0.38694013, 0.38694246]))"}, "7": {"maxiter": 500, "fatol": 1e-10, "xatol": 1e-10, "duration": 0.13065409660339355, "fun": "0.3869280547373086", "nit": "500", "nfev": "789", "status": "2", "success": "False", "message": "Maximum number of iterations has been exceeded.", "x": "[ 6.38709211 -0.35856014  4.88244474  2.40958644  2.13287743  4.3223015 ]", "final_simplex": "(array([[ 6.38709211, -0.35856014,  4.88244474,  2.40958644,  2.13287743,\n         4.3223015 ],\n       [ 6.37557474, -0.35520527,  4.87916448,  2.40955676,  2.13688787,\n         4.31852674],\n       [ 6.38232811, -0.35813022,  4.88023899,  2.41289269,  2.13153008,\n         4.32159544],\n       [ 6.38234038, -0.36435527,  4.89347669,  2.41538616,  2.13699294,\n         4.32747035],\n       [ 6.38099689, -0.35849915,  4.88411754,  2.4121947 ,  2.14027106,\n         4.32739302],\n       [ 6.38131508, -0.35421086,  4.87799559,  2.41387785,  2.14154896,\n         4.32333252],\n       [ 6.38553565, -0.3521465 ,  4.87562845,  2.4070094 ,  2.13671944,\n         4.32158222]]), array([0.38692805, 0.38693133, 0.38693351, 0.38693387, 0.38693521,\n       0.38694013, 0.38694246]))"}, "8": {"maxiter": 1000, "fatol": 1e-05, "xatol": 1e-05, "duration": 0.2424471378326416, "fun": "0.3737517974922753", "nit": "938", "nfev": "1467", "status": "0", "success": "True", "message": "Optimization terminated successfully.", "x": "[ 6.90713267 -1.35880289  6.26206067  2.7658795   1.60395797  3.24732207]", "final_simplex": "(array([[ 6.90713267, -1.35880289,  6.26206067,  2.7658795 ,  1.60395797,\n         3.24732207],\n       [ 6.90713445, -1.35880494,  6.26206724,  2.76588157,  1.60395539,\n         3.24731468],\n       [ 6.90713597, -1.35879853,  6.26206236,  2.76588255,  1.60395844,\n         3.24731911],\n       [ 6.90713496, -1.35880173,  6.26206439,  2.76587986,  1.60395834,\n         3.24731977],\n       [ 6.90712926, -1.35880302,  6.26206436,  2.76588073,  1.60396148,\n         3.24732478],\n       [ 6.90713271, -1.35880193,  6.26206134,  2.76588055,  1.60396759,\n         3.24733136],\n       [ 6.90713227, -1.35880291,  6.26206439,  2.76588241,  1.60396053,\n         3.24732438]]), array([0.3737518, 0.3737518, 0.3737518, 0.3737518, 0.3737518, 0.3737518,\n       0.3737518]))"}, "9": {"maxiter": 1000, "fatol": 1e-05, "xatol": 1e-10, "duration": 0.25930118560791016, "fun": "0.37375179749026377", "nit": "1000", "nfev": "1568", "status": "2", "success": "False", "message": "Maximum number of iterations has been exceeded.", "x": "[ 6.90713371 -1.35879837  6.2620604   2.76588062  1.60395625  3.24731421]", "final_simplex": "(array([[ 6.90713371, -1.35879837,  6.2620604 ,  2.76588062,  1.60395625,\n         3.24731421],\n       [ 6.90713369, -1.35879852,  6.26206047,  2.76588062,  1.60395612,\n         3.24731406],\n       [ 6.90713369, -1.35879844,  6.26206048,  2.76588066,  1.60395613,\n         3.2473141 ],\n       [ 6.9071337 , -1.35879843,  6.26206041,  2.76588056,  1.60395616,\n         3.24731413],\n       [ 6.90713366, -1.35879846,  6.26206041,  2.7658806 ,  1.60395635,\n         3.24731444],\n       [ 6.90713378, -1.35879841,  6.26206054,  2.76588065,  1.60395606,\n         3.24731395],\n       [ 6.90713372, -1.35879845,  6.26206056,  2.76588064,  1.60395618,\n         3.2473141 ]]), array([0.3737518, 0.3737518, 0.3737518, 0.3737518, 0.3737518, 0.3737518,\n       0.3737518]))"}, "10": {"maxiter": 1000, "fatol": 1e-10, "xatol": 1e-05, "duration": 0.24704694747924805, "fun": "0.3737517974922753", "nit": "938", "nfev": "1467", "status": "0", "success": "True", "message": "Optimization terminated successfully.", "x": "[ 6.90713267 -1.35880289  6.26206067  2.7658795   1.60395797  3.24732207]", "final_simplex": "(array([[ 6.90713267, -1.35880289,  6.26206067,  2.7658795 ,  1.60395797,\n         3.24732207],\n       [ 6.90713445, -1.35880494,  6.26206724,  2.76588157,  1.60395539,\n         3.24731468],\n       [ 6.90713597, -1.35879853,  6.26206236,  2.76588255,  1.60395844,\n         3.24731911],\n       [ 6.90713496, -1.35880173,  6.26206439,  2.76587986,  1.60395834,\n         3.24731977],\n       [ 6.90712926, -1.35880302,  6.26206436,  2.76588073,  1.60396148,\n         3.24732478],\n       [ 6.90713271, -1.35880193,  6.26206134,  2.76588055,  1.60396759,\n         3.24733136],\n       [ 6.90713227, -1.35880291,  6.26206439,  2.76588241,  1.60396053,\n         3.24732438]]), array([0.3737518, 0.3737518, 0.3737518, 0.3737518, 0.3737518, 0.3737518,\n       0.3737518]))"}, "11": {"maxiter": 1000, "fatol": 1e-10, "xatol": 1e-10, "duration": 0.2639961242675781, "fun": "0.37375179749026377", "nit": "1000", "nfev": "1568", "status": "2", "success": "False", "message": "Maximum number of iterations has been exceeded.", "x": "[ 6.90713371 -1.35879837  6.2620604   2.76588062  1.60395625  3.24731421]", "final_simplex": "(array([[ 6.90713371, -1.35879837,  6.2620604 ,  2.76588062,  1.60395625,\n         3.24731421],\n       [ 6.90713369, -1.35879852,  6.26206047,  2.76588062,  1.60395612,\n         3.24731406],\n       [ 6.90713369, -1.35879844,  6.26206048,  2.76588066,  1.60395613,\n         3.2473141 ],\n       [ 6.9071337 , -1.35879843,  6.26206041,  2.76588056,  1.60395616,\n         3.24731413],\n       [ 6.90713366, -1.35879846,  6.26206041,  2.7658806 ,  1.60395635,\n         3.24731444],\n       [ 6.90713378, -1.35879841,  6.26206054,  2.76588065,  1.60395606,\n         3.24731395],\n       [ 6.90713372, -1.35879845,  6.26206056,  2.76588064,  1.60395618,\n         3.2473141 ]]), array([0.3737518, 0.3737518, 0.3737518, 0.3737518, 0.3737518, 0.3737518,\n       0.3737518]))"}}, "bfgs": {"type": "gradient", "0": {"maxiter": 100, "gtol": 1e-05, "xrtol": 1e-05, "eps": 1e-05, "duration": 0.050781965255737305, "fun": "0.4580559003575345", "jac": "[-5.40409939e-06 -6.45177245e-06  8.38406011e-06 -9.67970148e-07\n  9.69370140e-06 -7.41420259e-06]", "hess_inv": "[[17.31206172 -6.2599983  -6.81632266 -9.20135616  1.46025818 -8.34502962]\n [-6.2599983  17.53800225 12.29933932  3.85392094 -2.84848039 -0.77909149]\n [-6.81632266 12.29933932 15.58879098  7.72075217 -6.6853158   0.92514086]\n [-9.20135616  3.85392094  7.72075217 11.83689116 -3.77314851  3.48115454]\n [ 1.46025818 -2.84848039 -6.6853158  -3.77314851  9.0830993   1.94639031]\n [-8.34502962 -0.77909149  0.92514086  3.48115454  1.94639031 11.7811622 ]]", "nfev": "294", "njev": "42", "status": "0", "success": "True", "message": "Optimization terminated successfully.", "x": "[ 2.22744618 -3.16563872  2.65596825  1.61880936 -0.01880068  4.42413893]", "nit": "38"}, "1": {"maxiter": 100, "gtol": 1e-05, "xrtol": 1e-05, "eps": 1e-10, "duration": 0.05187797546386719, "fun": "0.4580558998842372", "jac": "[ 2.22044587e-06 -1.11022293e-06  2.22044587e-06  0.00000000e+00\n  2.22044602e-06  0.00000000e+00]", "hess_inv": "[[16.52014118 -4.72065126 -5.51409401 -8.70707311  0.64847838 -8.60999101]\n [-4.72065126 15.23263473 10.42742143  3.01106273 -2.84765207  0.04109408]\n [-5.51409401 10.42742143 14.06151937  7.00827399 -6.05396521  1.78311456]\n [-8.70707311  3.01106273  7.00827399 11.69876504 -3.15924982  3.93648716]\n [ 0.64847838 -2.84765207 -6.05396521 -3.15924982  8.42847818  0.40691856]\n [-8.60999101  0.04109408  1.78311456  3.93648716  0.40691856 11.62698711]]", "nfev": "301", "njev": "43", "status": "0", "success": "True", "message": "Optimization terminated successfully.", "x": "[ 2.22747891 -3.16561551  2.65598095  1.61879854 -0.01884963  4.42416732]", "nit": "39"}, "2": {"maxiter": 100, "gtol": 1e-05, "xrtol": 1e-10, "eps": 1e-05, "duration": 0.050650835037231445, "fun": "0.4580559003575345", "jac": "[-5.40409939e-06 -6.45177245e-06  8.38406011e-06 -9.67970148e-07\n  9.69370140e-06 -7.41420259e-06]", "hess_inv": "[[17.31206172 -6.2599983  -6.81632266 -9.20135616  1.46025818 -8.34502962]\n [-6.2599983  17.53800225 12.29933932  3.85392094 -2.84848039 -0.77909149]\n [-6.81632266 12.29933932 15.58879098  7.72075217 -6.6853158   0.92514086]\n [-9.20135616  3.85392094  7.72075217 11.83689116 -3.77314851  3.48115454]\n [ 1.46025818 -2.84848039 -6.6853158  -3.77314851  9.0830993   1.94639031]\n [-8.34502962 -0.77909149  0.92514086  3.48115454  1.94639031 11.7811622 ]]", "nfev": "294", "njev": "42", "status": "0", "success": "True", "message": "Optimization terminated successfully.", "x": "[ 2.22744618 -3.16563872  2.65596825  1.61880936 -0.01880068  4.42413893]", "nit": "38"}, "3": {"maxiter": 100, "gtol": 1e-05, "xrtol": 1e-10, "eps": 1e-10, "duration": 0.05177021026611328, "fun": "0.4580558998842372", "jac": "[ 2.22044587e-06 -1.11022293e-06  2.22044587e-06  0.00000000e+00\n  2.22044602e-06  0.00000000e+00]", "hess_inv": "[[16.52014118 -4.72065126 -5.51409401 -8.70707311  0.64847838 -8.60999101]\n [-4.72065126 15.23263473 10.42742143  3.01106273 -2.84765207  0.04109408]\n [-5.51409401 10.42742143 14.06151937  7.00827399 -6.05396521  1.78311456]\n [-8.70707311  3.01106273  7.00827399 11.69876504 -3.15924982  3.93648716]\n [ 0.64847838 -2.84765207 -6.05396521 -3.15924982  8.42847818  0.40691856]\n [-8.60999101  0.04109408  1.78311456  3.93648716  0.40691856 11.62698711]]", "nfev": "301", "njev": "43", "status": "0", "success": "True", "message": "Optimization terminated successfully.", "x": "[ 2.22747891 -3.16561551  2.65598095  1.61879854 -0.01884963  4.42416732]", "nit": "39"}, "4": {"maxiter": 100, "gtol": 1e-10, "xrtol": 1e-05, "eps": 1e-05, "duration": 0.051776885986328125, "fun": "0.45805589989237716", "jac": "[-7.68762831e-07 -5.07183184e-07  2.02250439e-06  1.24655841e-07\n  1.96613836e-06 -1.14503962e-06]", "hess_inv": "[[16.6195907  -4.9811907  -5.91327237 -8.81820626  1.29297308 -8.23956856]\n [-4.9811907  16.33097584 11.20268661  3.10590999 -3.43764644 -0.55052918]\n [-5.91327237 11.20268661 14.69354987  7.20108801 -6.91134212  0.99697603]\n [-8.81820626  3.10590999  7.20108801 11.62630734 -3.64913496  3.40797644]\n [ 1.29297308 -3.43764644 -6.91134212 -3.64913496  9.74127232  1.64258703]\n [-8.23956856 -0.55052918  0.99697603  3.40797644  1.64258703 11.92030806]]", "nfev": "301", "njev": "43", "status": "0", "success": "True", "message": "Optimization terminated successfully.", "x": "[ 2.22747127 -3.16562195  2.65596674  1.61879327 -0.0188437   4.42415825]", "nit": "39"}, "5": {"maxiter": 100, "gtol": 1e-10, "xrtol": 1e-05, "eps": 1e-10, "duration": 0.05418086051940918, "fun": "0.4580558998779767", "jac": "[0.00000000e+00 0.00000000e+00 1.11022293e-06 0.00000000e+00\n 0.00000000e+00 2.22044587e-06]", "hess_inv": "[[14.15000412 -3.77095029 -4.58785399 -7.54517407  0.63386189 -9.19400322]\n [-3.77095029 14.86443354 10.09590394  2.55278094 -2.77912372  0.13290123]\n [-4.58785399 10.09590394 13.82678036  6.57760117 -5.84700485  1.55470706]\n [-7.54517407  2.55278094  6.57760117 11.13347471 -3.11508329  4.13882767]\n [ 0.63386189 -2.77912372 -5.84700485 -3.11508329  8.74671141 -0.31896624]\n [-9.19400322  0.13290123  1.55470706  4.13882767 -0.31896624 13.1219616 ]]", "nfev": "315", "njev": "45", "status": "0", "success": "True", "message": "Optimization terminated successfully.", "x": "[ 2.22746798 -3.16561199  2.65598245  1.61880339 -0.01885409  4.42417459]", "nit": "40"}, "6": {"maxiter": 100, "gtol": 1e-10, "xrtol": 1e-10, "eps": 1e-05, "duration": 0.10588502883911133, "fun": "0.4580558998893631", "jac": "[-5.40389955e-07 -3.56181751e-07  1.55536695e-06  1.22191146e-07\n  1.48523416e-06 -8.34898817e-07]", "hess_inv": "[[17.66935974 -6.09003975 -7.47301141 -9.94841663  0.85641539 -8.06384022]\n [-6.09003975 16.96604664 12.46116221  4.21184064 -2.55633279 -0.93125947]\n [-7.47301141 12.46116221 16.68058391  8.77444021 -5.9723576   0.60125261]\n [-9.94841663  4.21184064  8.77444021 12.79182861 -3.12297063  3.19287858]\n [ 0.85641539 -2.55633279 -5.9723576  -3.12297063  9.58914891  1.72450616]\n [-8.06384022 -0.93125947  0.60125261  3.19287858  1.72450616 11.87772374]]", "nfev": "624", "njev": "88", "status": "2", "success": "False", "message": "Desired error not necessarily achieved due to precision loss.", "x": "[ 2.22747499 -3.16562567  2.65596216  1.61878999 -0.01884517  4.42415883]", "nit": "40"}, "7": {"maxiter": 100, "gtol": 1e-10, "xrtol": 1e-10, "eps": 1e-10, "duration": 0.06160879135131836, "fun": "0.45805589987478157", "jac": "[1.11022293e-06 1.11022293e-06 0.00000000e+00 1.11022293e-06\n 1.11022301e-06 1.11022293e-06]", "hess_inv": "[[ 12.3608936   -3.11419871 -14.70869178 -21.6840891    4.12019125\n   -0.72004547]\n [ -3.11419871   4.46920144   3.34625677   3.33617628  -2.44505942\n   -0.66150093]\n [-14.70869178   3.34625677  32.74103007  41.62575465 -16.45506033\n   -0.30598272]\n [-21.6840891    3.33617628  41.62575465  61.28106043 -18.45198267\n    1.44546196]\n [  4.12019125  -2.44505942 -16.45506033 -18.45198267  13.20739766\n    1.29846627]\n [ -0.72004547  -0.66150093  -0.30598272   1.44546196   1.29846627\n    1.88380148]]", "nfev": "357", "njev": "51", "status": "0", "success": "True", "message": "Optimization terminated successfully.", "x": "[ 2.22747028 -3.16561553  2.65597325  1.61879645 -0.01885277  4.42417119]", "nit": "43"}, "8": {"maxiter": 500, "gtol": 1e-05, "xrtol": 1e-05, "eps": 1e-05, "duration": 0.05168724060058594, "fun": "0.4580559003575345", "jac": "[-5.40409939e-06 -6.45177245e-06  8.38406011e-06 -9.67970148e-07\n  9.69370140e-06 -7.41420259e-06]", "hess_inv": "[[17.31206172 -6.2599983  -6.81632266 -9.20135616  1.46025818 -8.34502962]\n [-6.2599983  17.53800225 12.29933932  3.85392094 -2.84848039 -0.77909149]\n [-6.81632266 12.29933932 15.58879098  7.72075217 -6.6853158   0.92514086]\n [-9.20135616  3.85392094  7.72075217 11.83689116 -3.77314851  3.48115454]\n [ 1.46025818 -2.84848039 -6.6853158  -3.77314851  9.0830993   1.94639031]\n [-8.34502962 -0.77909149  0.92514086  3.48115454  1.94639031 11.7811622 ]]", "nfev": "294", "njev": "42", "status": "0", "success": "True", "message": "Optimization terminated successfully.", "x": "[ 2.22744618 -3.16563872  2.65596825  1.61880936 -0.01880068  4.42413893]", "nit": "38"}, "9": {"maxiter": 500, "gtol": 1e-05, "xrtol": 1e-05, "eps": 1e-10, "duration": 0.05282306671142578, "fun": "0.4580558998842372", "jac": "[ 2.22044587e-06 -1.11022293e-06  2.22044587e-06  0.00000000e+00\n  2.22044602e-06  0.00000000e+00]", "hess_inv": "[[16.52014118 -4.72065126 -5.51409401 -8.70707311  0.64847838 -8.60999101]\n [-4.72065126 15.23263473 10.42742143  3.01106273 -2.84765207  0.04109408]\n [-5.51409401 10.42742143 14.06151937  7.00827399 -6.05396521  1.78311456]\n [-8.70707311  3.01106273  7.00827399 11.69876504 -3.15924982  3.93648716]\n [ 0.64847838 -2.84765207 -6.05396521 -3.15924982  8.42847818  0.40691856]\n [-8.60999101  0.04109408  1.78311456  3.93648716  0.40691856 11.62698711]]", "nfev": "301", "njev": "43", "status": "0", "success": "True", "message": "Optimization terminated successfully.", "x": "[ 2.22747891 -3.16561551  2.65598095  1.61879854 -0.01884963  4.42416732]", "nit": "39"}, "10": {"maxiter": 500, "gtol": 1e-05, "xrtol": 1e-10, "eps": 1e-05, "duration": 0.05122208595275879, "fun": "0.4580559003575345", "jac": "[-5.40409939e-06 -6.45177245e-06  8.38406011e-06 -9.67970148e-07\n  9.69370140e-06 -7.41420259e-06]", "hess_inv": "[[17.31206172 -6.2599983  -6.81632266 -9.20135616  1.46025818 -8.34502962]\n [-6.2599983  17.53800225 12.29933932  3.85392094 -2.84848039 -0.77909149]\n [-6.81632266 12.29933932 15.58879098  7.72075217 -6.6853158   0.92514086]\n [-9.20135616  3.85392094  7.72075217 11.83689116 -3.77314851  3.48115454]\n [ 1.46025818 -2.84848039 -6.6853158  -3.77314851  9.0830993   1.94639031]\n [-8.34502962 -0.77909149  0.92514086  3.48115454  1.94639031 11.7811622 ]]", "nfev": "294", "njev": "42", "status": "0", "success": "True", "message": "Optimization terminated successfully.", "x": "[ 2.22744618 -3.16563872  2.65596825  1.61880936 -0.01880068  4.42413893]", "nit": "38"}, "11": {"maxiter": 500, "gtol": 1e-05, "xrtol": 1e-10, "eps": 1e-10, "duration": 0.05234575271606445, "fun": "0.4580558998842372", "jac": "[ 2.22044587e-06 -1.11022293e-06  2.22044587e-06  0.00000000e+00\n  2.22044602e-06  0.00000000e+00]", "hess_inv": "[[16.52014118 -4.72065126 -5.51409401 -8.70707311  0.64847838 -8.60999101]\n [-4.72065126 15.23263473 10.42742143  3.01106273 -2.84765207  0.04109408]\n [-5.51409401 10.42742143 14.06151937  7.00827399 -6.05396521  1.78311456]\n [-8.70707311  3.01106273  7.00827399 11.69876504 -3.15924982  3.93648716]\n [ 0.64847838 -2.84765207 -6.05396521 -3.15924982  8.42847818  0.40691856]\n [-8.60999101  0.04109408  1.78311456  3.93648716  0.40691856 11.62698711]]", "nfev": "301", "njev": "43", "status": "0", "success": "True", "message": "Optimization terminated successfully.", "x": "[ 2.22747891 -3.16561551  2.65598095  1.61879854 -0.01884963  4.42416732]", "nit": "39"}, "12": {"maxiter": 500, "gtol": 1e-10, "xrtol": 1e-05, "eps": 1e-05, "duration": 0.05347609519958496, "fun": "0.45805589989237716", "jac": "[-7.68762831e-07 -5.07183184e-07  2.02250439e-06  1.24655841e-07\n  1.96613836e-06 -1.14503962e-06]", "hess_inv": "[[16.6195907  -4.9811907  -5.91327237 -8.81820626  1.29297308 -8.23956856]\n [-4.9811907  16.33097584 11.20268661  3.10590999 -3.43764644 -0.55052918]\n [-5.91327237 11.20268661 14.69354987  7.20108801 -6.91134212  0.99697603]\n [-8.81820626  3.10590999  7.20108801 11.62630734 -3.64913496  3.40797644]\n [ 1.29297308 -3.43764644 -6.91134212 -3.64913496  9.74127232  1.64258703]\n [-8.23956856 -0.55052918  0.99697603  3.40797644  1.64258703 11.92030806]]", "nfev": "301", "njev": "43", "status": "0", "success": "True", "message": "Optimization terminated successfully.", "x": "[ 2.22747127 -3.16562195  2.65596674  1.61879327 -0.0188437   4.42415825]", "nit": "39"}, "13": {"maxiter": 500, "gtol": 1e-10, "xrtol": 1e-05, "eps": 1e-10, "duration": 0.05592823028564453, "fun": "0.4580558998779767", "jac": "[0.00000000e+00 0.00000000e+00 1.11022293e-06 0.00000000e+00\n 0.00000000e+00 2.22044587e-06]", "hess_inv": "[[14.15000412 -3.77095029 -4.58785399 -7.54517407  0.63386189 -9.19400322]\n [-3.77095029 14.86443354 10.09590394  2.55278094 -2.77912372  0.13290123]\n [-4.58785399 10.09590394 13.82678036  6.57760117 -5.84700485  1.55470706]\n [-7.54517407  2.55278094  6.57760117 11.13347471 -3.11508329  4.13882767]\n [ 0.63386189 -2.77912372 -5.84700485 -3.11508329  8.74671141 -0.31896624]\n [-9.19400322  0.13290123  1.55470706  4.13882767 -0.31896624 13.1219616 ]]", "nfev": "315", "njev": "45", "status": "0", "success": "True", "message": "Optimization terminated successfully.", "x": "[ 2.22746798 -3.16561199  2.65598245  1.61880339 -0.01885409  4.42417459]", "nit": "40"}, "14": {"maxiter": 500, "gtol": 1e-10, "xrtol": 1e-10, "eps": 1e-05, "duration": 0.10940289497375488, "fun": "0.4580558998893631", "jac": "[-5.40389955e-07 -3.56181751e-07  1.55536695e-06  1.22191146e-07\n  1.48523416e-06 -8.34898817e-07]", "hess_inv": "[[17.66935974 -6.09003975 -7.47301141 -9.94841663  0.85641539 -8.06384022]\n [-6.09003975 16.96604664 12.46116221  4.21184064 -2.55633279 -0.93125947]\n [-7.47301141 12.46116221 16.68058391  8.77444021 -5.9723576   0.60125261]\n [-9.94841663  4.21184064  8.77444021 12.79182861 -3.12297063  3.19287858]\n [ 0.85641539 -2.55633279 -5.9723576  -3.12297063  9.58914891  1.72450616]\n [-8.06384022 -0.93125947  0.60125261  3.19287858  1.72450616 11.87772374]]", "nfev": "624", "njev": "88", "status": "2", "success": "False", "message": "Desired error not necessarily achieved due to precision loss.", "x": "[ 2.22747499 -3.16562567  2.65596216  1.61878999 -0.01884517  4.42415883]", "nit": "40"}, "15": {"maxiter": 500, "gtol": 1e-10, "xrtol": 1e-10, "eps": 1e-10, "duration": 0.06351685523986816, "fun": "0.45805589987478157", "jac": "[1.11022293e-06 1.11022293e-06 0.00000000e+00 1.11022293e-06\n 1.11022301e-06 1.11022293e-06]", "hess_inv": "[[ 12.3608936   -3.11419871 -14.70869178 -21.6840891    4.12019125\n   -0.72004547]\n [ -3.11419871   4.46920144   3.34625677   3.33617628  -2.44505942\n   -0.66150093]\n [-14.70869178   3.34625677  32.74103007  41.62575465 -16.45506033\n   -0.30598272]\n [-21.6840891    3.33617628  41.62575465  61.28106043 -18.45198267\n    1.44546196]\n [  4.12019125  -2.44505942 -16.45506033 -18.45198267  13.20739766\n    1.29846627]\n [ -0.72004547  -0.66150093  -0.30598272   1.44546196   1.29846627\n    1.88380148]]", "nfev": "357", "njev": "51", "status": "0", "success": "True", "message": "Optimization terminated successfully.", "x": "[ 2.22747028 -3.16561553  2.65597325  1.61879645 -0.01885277  4.42417119]", "nit": "43"}, "16": {"maxiter": 1000, "gtol": 1e-05, "xrtol": 1e-05, "eps": 1e-05, "duration": 0.0520939826965332, "fun": "0.4580559003575345", "jac": "[-5.40409939e-06 -6.45177245e-06  8.38406011e-06 -9.67970148e-07\n  9.69370140e-06 -7.41420259e-06]", "hess_inv": "[[17.31206172 -6.2599983  -6.81632266 -9.20135616  1.46025818 -8.34502962]\n [-6.2599983  17.53800225 12.29933932  3.85392094 -2.84848039 -0.77909149]\n [-6.81632266 12.29933932 15.58879098  7.72075217 -6.6853158   0.92514086]\n [-9.20135616  3.85392094  7.72075217 11.83689116 -3.77314851  3.48115454]\n [ 1.46025818 -2.84848039 -6.6853158  -3.77314851  9.0830993   1.94639031]\n [-8.34502962 -0.77909149  0.92514086  3.48115454  1.94639031 11.7811622 ]]", "nfev": "294", "njev": "42", "status": "0", "success": "True", "message": "Optimization terminated successfully.", "x": "[ 2.22744618 -3.16563872  2.65596825  1.61880936 -0.01880068  4.42413893]", "nit": "38"}, "17": {"maxiter": 1000, "gtol": 1e-05, "xrtol": 1e-05, "eps": 1e-10, "duration": 0.05322885513305664, "fun": "0.4580558998842372", "jac": "[ 2.22044587e-06 -1.11022293e-06  2.22044587e-06  0.00000000e+00\n  2.22044602e-06  0.00000000e+00]", "hess_inv": "[[16.52014118 -4.72065126 -5.51409401 -8.70707311  0.64847838 -8.60999101]\n [-4.72065126 15.23263473 10.42742143  3.01106273 -2.84765207  0.04109408]\n [-5.51409401 10.42742143 14.06151937  7.00827399 -6.05396521  1.78311456]\n [-8.70707311  3.01106273  7.00827399 11.69876504 -3.15924982  3.93648716]\n [ 0.64847838 -2.84765207 -6.05396521 -3.15924982  8.42847818  0.40691856]\n [-8.60999101  0.04109408  1.78311456  3.93648716  0.40691856 11.62698711]]", "nfev": "301", "njev": "43", "status": "0", "success": "True", "message": "Optimization terminated successfully.", "x": "[ 2.22747891 -3.16561551  2.65598095  1.61879854 -0.01884963  4.42416732]", "nit": "39"}, "18": {"maxiter": 1000, "gtol": 1e-05, "xrtol": 1e-10, "eps": 1e-05, "duration": 0.05209779739379883, "fun": "0.4580559003575345", "jac": "[-5.40409939e-06 -6.45177245e-06  8.38406011e-06 -9.67970148e-07\n  9.69370140e-06 -7.41420259e-06]", "hess_inv": "[[17.31206172 -6.2599983  -6.81632266 -9.20135616  1.46025818 -8.34502962]\n [-6.2599983  17.53800225 12.29933932  3.85392094 -2.84848039 -0.77909149]\n [-6.81632266 12.29933932 15.58879098  7.72075217 -6.6853158   0.92514086]\n [-9.20135616  3.85392094  7.72075217 11.83689116 -3.77314851  3.48115454]\n [ 1.46025818 -2.84848039 -6.6853158  -3.77314851  9.0830993   1.94639031]\n [-8.34502962 -0.77909149  0.92514086  3.48115454  1.94639031 11.7811622 ]]", "nfev": "294", "njev": "42", "status": "0", "success": "True", "message": "Optimization terminated successfully.", "x": "[ 2.22744618 -3.16563872  2.65596825  1.61880936 -0.01880068  4.42413893]", "nit": "38"}, "19": {"maxiter": 1000, "gtol": 1e-05, "xrtol": 1e-10, "eps": 1e-10, "duration": 0.05307960510253906, "fun": "0.4580558998842372", "jac": "[ 2.22044587e-06 -1.11022293e-06  2.22044587e-06  0.00000000e+00\n  2.22044602e-06  0.00000000e+00]", "hess_inv": "[[16.52014118 -4.72065126 -5.51409401 -8.70707311  0.64847838 -8.60999101]\n [-4.72065126 15.23263473 10.42742143  3.01106273 -2.84765207  0.04109408]\n [-5.51409401 10.42742143 14.06151937  7.00827399 -6.05396521  1.78311456]\n [-8.70707311  3.01106273  7.00827399 11.69876504 -3.15924982  3.93648716]\n [ 0.64847838 -2.84765207 -6.05396521 -3.15924982  8.42847818  0.40691856]\n [-8.60999101  0.04109408  1.78311456  3.93648716  0.40691856 11.62698711]]", "nfev": "301", "njev": "43", "status": "0", "success": "True", "message": "Optimization terminated successfully.", "x": "[ 2.22747891 -3.16561551  2.65598095  1.61879854 -0.01884963  4.42416732]", "nit": "39"}, "20": {"maxiter": 1000, "gtol": 1e-10, "xrtol": 1e-05, "eps": 1e-05, "duration": 0.05297589302062988, "fun": "0.45805589989237716", "jac": "[-7.68762831e-07 -5.07183184e-07  2.02250439e-06  1.24655841e-07\n  1.96613836e-06 -1.14503962e-06]", "hess_inv": "[[16.6195907  -4.9811907  -5.91327237 -8.81820626  1.29297308 -8.23956856]\n [-4.9811907  16.33097584 11.20268661  3.10590999 -3.43764644 -0.55052918]\n [-5.91327237 11.20268661 14.69354987  7.20108801 -6.91134212  0.99697603]\n [-8.81820626  3.10590999  7.20108801 11.62630734 -3.64913496  3.40797644]\n [ 1.29297308 -3.43764644 -6.91134212 -3.64913496  9.74127232  1.64258703]\n [-8.23956856 -0.55052918  0.99697603  3.40797644  1.64258703 11.92030806]]", "nfev": "301", "njev": "43", "status": "0", "success": "True", "message": "Optimization terminated successfully.", "x": "[ 2.22747127 -3.16562195  2.65596674  1.61879327 -0.0188437   4.42415825]", "nit": "39"}, "21": {"maxiter": 1000, "gtol": 1e-10, "xrtol": 1e-05, "eps": 1e-10, "duration": 0.05557608604431152, "fun": "0.4580558998779767", "jac": "[0.00000000e+00 0.00000000e+00 1.11022293e-06 0.00000000e+00\n 0.00000000e+00 2.22044587e-06]", "hess_inv": "[[14.15000412 -3.77095029 -4.58785399 -7.54517407  0.63386189 -9.19400322]\n [-3.77095029 14.86443354 10.09590394  2.55278094 -2.77912372  0.13290123]\n [-4.58785399 10.09590394 13.82678036  6.57760117 -5.84700485  1.55470706]\n [-7.54517407  2.55278094  6.57760117 11.13347471 -3.11508329  4.13882767]\n [ 0.63386189 -2.77912372 -5.84700485 -3.11508329  8.74671141 -0.31896624]\n [-9.19400322  0.13290123  1.55470706  4.13882767 -0.31896624 13.1219616 ]]", "nfev": "315", "njev": "45", "status": "0", "success": "True", "message": "Optimization terminated successfully.", "x": "[ 2.22746798 -3.16561199  2.65598245  1.61880339 -0.01885409  4.42417459]", "nit": "40"}, "22": {"maxiter": 1000, "gtol": 1e-10, "xrtol": 1e-10, "eps": 1e-05, "duration": 0.10841870307922363, "fun": "0.4580558998893631", "jac": "[-5.40389955e-07 -3.56181751e-07  1.55536695e-06  1.22191146e-07\n  1.48523416e-06 -8.34898817e-07]", "hess_inv": "[[17.66935974 -6.09003975 -7.47301141 -9.94841663  0.85641539 -8.06384022]\n [-6.09003975 16.96604664 12.46116221  4.21184064 -2.55633279 -0.93125947]\n [-7.47301141 12.46116221 16.68058391  8.77444021 -5.9723576   0.60125261]\n [-9.94841663  4.21184064  8.77444021 12.79182861 -3.12297063  3.19287858]\n [ 0.85641539 -2.55633279 -5.9723576  -3.12297063  9.58914891  1.72450616]\n [-8.06384022 -0.93125947  0.60125261  3.19287858  1.72450616 11.87772374]]", "nfev": "624", "njev": "88", "status": "2", "success": "False", "message": "Desired error not necessarily achieved due to precision loss.", "x": "[ 2.22747499 -3.16562567  2.65596216  1.61878999 -0.01884517  4.42415883]", "nit": "40"}, "23": {"maxiter": 1000, "gtol": 1e-10, "xrtol": 1e-10, "eps": 1e-10, "duration": 0.06270098686218262, "fun": "0.45805589987478157", "jac": "[1.11022293e-06 1.11022293e-06 0.00000000e+00 1.11022293e-06\n 1.11022301e-06 1.11022293e-06]", "hess_inv": "[[ 12.3608936   -3.11419871 -14.70869178 -21.6840891    4.12019125\n   -0.72004547]\n [ -3.11419871   4.46920144   3.34625677   3.33617628  -2.44505942\n   -0.66150093]\n [-14.70869178   3.34625677  32.74103007  41.62575465 -16.45506033\n   -0.30598272]\n [-21.6840891    3.33617628  41.62575465  61.28106043 -18.45198267\n    1.44546196]\n [  4.12019125  -2.44505942 -16.45506033 -18.45198267  13.20739766\n    1.29846627]\n [ -0.72004547  -0.66150093  -0.30598272   1.44546196   1.29846627\n    1.88380148]]", "nfev": "357", "njev": "51", "status": "0", "success": "True", "message": "Optimization terminated successfully.", "x": "[ 2.22747028 -3.16561553  2.65597325  1.61879645 -0.01885277  4.42417119]", "nit": "43"}}, "cobyla": {"0": {"maxiter": 100, "tol": 1e-05, "catol": 1e-05, "duration": 0.016783952713012695, "x": "[5.57796788 1.71317562 3.31396134 2.81216838 1.16056733 2.67453936]", "status": "2", "success": "False", "message": "Maximum number of function evaluations has been exceeded.", "nfev": "100", "fun": "0.3748597023956185", "maxcv": "0.0"}, "1": {"maxiter": 100, "tol": 1e-05, "catol": 1e-10, "duration": 0.016691923141479492, "x": "[5.57796788 1.71317562 3.31396134 2.81216838 1.16056733 2.67453936]", "status": "2", "success": "False", "message": "Maximum number of function evaluations has been exceeded.", "nfev": "100", "fun": "0.3748597023956185", "maxcv": "0.0"}, "2": {"maxiter": 100, "tol": 1e-10, "catol": 1e-05, "duration": 0.016681909561157227, "x": "[5.57796788 1.71317562 3.31396134 2.81216838 1.16056733 2.67453936]", "status": "2", "success": "False", "message": "Maximum number of function evaluations has been exceeded.", "nfev": "100", "fun": "0.3748597023956185", "maxcv": "0.0"}, "3": {"maxiter": 100, "tol": 1e-10, "catol": 1e-10, "duration": 0.0166778564453125, "x": "[5.57796788 1.71317562 3.31396134 2.81216838 1.16056733 2.67453936]", "status": "2", "success": "False", "message": "Maximum number of function evaluations has been exceeded.", "nfev": "100", "fun": "0.3748597023956185", "maxcv": "0.0"}, "4": {"maxiter": 500, "tol": 1e-05, "catol": 1e-05, "duration": 0.08371925354003906, "x": "[5.61737938 1.7843464  3.16713283 2.78640031 1.45618436 3.038698  ]", "status": "2", "success": "False", "message": "Maximum number of function evaluations has been exceeded.", "nfev": "500", "fun": "0.37386355976743013", "maxcv": "0.0"}, "5": {"maxiter": 500, "tol": 1e-05, "catol": 1e-10, "duration": 0.08282876014709473, "x": "[5.61737938 1.7843464  3.16713283 2.78640031 1.45618436 3.038698  ]", "status": "2", "success": "False", "message": "Maximum number of function evaluations has been exceeded.", "nfev": 