{"date": "2024/07/18/, 21:45:42", "conf_id": 77, "data_type": "random\n", "num_data_points": 4, "s_rank": 0, "unitary": "[[0.18663085-0.53122324j,-0.11886349-0.70040876j,0.28555095-0.02789305j,-0.12262021-0.2844587j],[-0.16702216+0.27758472j,0.27526351-0.29738586j,-0.01109314+0.22495461j,-0.77239203+0.28900673j],[0.61935415+0.12301792j,-0.31269928-0.03315917j,-0.61902762-0.19039079j,-0.27120731-0.0968989j],[0.42341754+0.0023929j,-0.05847358+0.47832119j,0.64900495-0.16218422j,-0.37182676-0.05229966j]]", "databatch_0": {"databatch": "[[[-1.80432807e-01+0.04874673j,2.25555283e-03-0.0557029j,1.85585911e-01+0.29686914j,-3.32347729e-02+0.28903417j],[3.29653175e-01+0.09060374j,-1.77306375e-01+0.2767587j,-1.24380694e-01-0.04889676j,-1.80386178e-01-0.02978717j],[2.40990985e-01-0.06628018j,1.65110693e-02-0.14568178j,-8.05875302e-02-0.25845588j,-2.88849966e-01+0.0679591j],[1.60774137e-02-0.18465275j,1.27337759e-04-0.03591076j,1.24127395e-01-0.30771464j,1.25464200e-01+0.26785466j]],[[3.98326865e-02-0.07662274j,-1.07402323e-01-0.0397214j,9.37801128e-03+0.08292538j,1.82360934e-01+0.35211782j],[-5.26053217e-02+0.17026428j,-2.78218650e-01+0.13600324j,1.09535869e-01-0.10993754j,-1.02932464e-01-0.09442775j],[-4.17736449e-01-0.08825946j,-1.07827700e-01+0.30974992j,-8.20845667e-02+0.34102735j,1.48495049e-01-0.03887891j],[-2.43996605e-02+0.0443424j,3.06892518e-02+0.32646514j,2.64533070e-01+0.05193979j,-8.72991657e-02-0.13084994j]],[[1.80354223e-01-0.30390116j,3.91297341e-02-0.0673056j,-2.17120117e-01+0.19358722j,-2.14422145e-01-0.10025037j],[-3.84168024e-02+0.33658429j,3.24148466e-01-0.02139224j,-1.37878430e-01+0.0054542j,8.65125167e-02-0.10962858j],[-4.52227751e-02-0.34277727j,-2.26645173e-01+0.1881599j,2.71722655e-05-0.17340679j,-6.05578537e-02-0.15461214j],[-2.64662696e-01+0.02321991j,-3.31208020e-01-0.08331435j,-7.39573566e-03-0.06201293j,-1.04584624e-01-0.0596151j]],[[-2.18511805e-01+0.0026643j,3.42889838e-01+0.02036932j,-3.53056351e-02-0.02932169j,-1.02383251e-01+0.30055148j],[-9.13447421e-02+0.34170201j,1.53755075e-01-0.14170355j,3.24440766e-01-0.01215934j,3.23720863e-02-0.20989538j],[-7.12634331e-02-0.18960178j,2.07343593e-01-0.21418455j,-9.65490563e-02-0.09819541j,-9.53057693e-02+0.00892819j],[-2.38552496e-01-0.04257403j,-1.08929802e-01-0.16730501j,-1.57812148e-02-0.21378169j,-1.64172706e-01-0.28722385j]]]", "initial param values": "[5.73527239,3.44625232,4.37983546,3.76969703,4.51594871,2.66013404]", "nelder_mead": {"type": "gradient-free", "0": {"maxiter": 100, "fatol": 1e-05, "xatol": 1e-05, "duration": 0.025379180908203125, "fun": "0.45934711475842116", "nit": "100", "nfev": "147", "status": "2", "success": "False", "message": "Maximum number of iterations has been exceeded.", "x": "[ 4.78607333 10.15577652 -0.62529938  7.62708898  6.71536891  2.29015683]", "final_simplex": "(array([[ 4.78607333, 10.15577652, -0.62529938,  7.62708898,  6.71536891,\n         2.29015683],\n       [ 4.96637082, 10.27313232, -0.65040528,  7.60854141,  6.79525649,\n         2.27671614],\n       [ 4.89976818,  9.97337046, -0.25472898,  7.56123268,  6.73948579,\n         2.12918429],\n       [ 5.28227609, 10.23262199, -0.73242918,  7.54815736,  6.78047219,\n         2.07076085],\n       [ 4.90455578,  9.85281005, -0.30556326,  7.50193938,  6.54974245,\n         2.2476235 ],\n       [ 4.87964725, 10.05156756, -0.47335527,  7.50461925,  6.57057009,\n         2.19509878],\n       [ 5.07767176,  9.91290453, -0.4585381 ,  7.47228466,  6.72310773,\n         2.20321057]]), array([0.45934711, 0.46140332, 0.46502152, 0.46555434, 0.46618651,\n       0.46765935, 0.46808465]))"}, "1": {"maxiter": 100, "fatol": 1e-05, "xatol": 1e-10, "duration": 0.025371074676513672, "fun": "0.45934711475842116", "nit": "100", "nfev": "147", "status": "2", "success": "False", "message": "Maximum number of iterations has been exceeded.", "x": "[ 4.78607333 10.15577652 -0.62529938  7.62708898  6.71536891  2.29015683]", "final_simplex": "(array([[ 4.78607333, 10.15577652, -0.62529938,  7.62708898,  6.71536891,\n         2.29015683],\n       [ 4.96637082, 10.27313232, -0.65040528,  7.60854141,  6.79525649,\n         2.27671614],\n       [ 4.89976818,  9.97337046, -0.25472898,  7.56123268,  6.73948579,\n         2.12918429],\n       [ 5.28227609, 10.23262199, -0.73242918,  7.54815736,  6.78047219,\n         2.07076085],\n       [ 4.90455578,  9.85281005, -0.30556326,  7.50193938,  6.54974245,\n         2.2476235 ],\n       [ 4.87964725, 10.05156756, -0.47335527,  7.50461925,  6.57057009,\n         2.19509878],\n       [ 5.07767176,  9.91290453, -0.4585381 ,  7.47228466,  6.72310773,\n         2.20321057]]), array([0.45934711, 0.46140332, 0.46502152, 0.46555434, 0.46618651,\n       0.46765935, 0.46808465]))"}, "2": {"maxiter": 100, "fatol": 1e-10, "xatol": 1e-05, "duration": 0.025352001190185547, "fun": "0.45934711475842116", "nit": "100", "nfev": "147", "status": "2", "success": "False", "message": "Maximum number of iterations has been exceeded.", "x": "[ 4.78607333 10.15577652 -0.62529938  7.62708898  6.71536891  2.29015683]", "final_simplex": "(array([[ 4.78607333, 10.15577652, -0.62529938,  7.62708898,  6.71536891,\n         2.29015683],\n       [ 4.96637082, 10.27313232, -0.65040528,  7.60854141,  6.79525649,\n         2.27671614],\n       [ 4.89976818,  9.97337046, -0.25472898,  7.56123268,  6.73948579,\n         2.12918429],\n       [ 5.28227609, 10.23262199, -0.73242918,  7.54815736,  6.78047219,\n         2.07076085],\n       [ 4.90455578,  9.85281005, -0.30556326,  7.50193938,  6.54974245,\n         2.2476235 ],\n       [ 4.87964725, 10.05156756, -0.47335527,  7.50461925,  6.57057009,\n         2.19509878],\n       [ 5.07767176,  9.91290453, -0.4585381 ,  7.47228466,  6.72310773,\n         2.20321057]]), array([0.45934711, 0.46140332, 0.46502152, 0.46555434, 0.46618651,\n       0.46765935, 0.46808465]))"}, "3": {"maxiter": 100, "fatol": 1e-10, "xatol": 1e-10, "duration": 0.025251150131225586, "fun": "0.45934711475842116", "nit": "100", "nfev": "147", "status": "2", "success": "False", "message": "Maximum number of iterations has been exceeded.", "x": "[ 4.78607333 10.15577652 -0.62529938  7.62708898  6.71536891  2.29015683]", "final_simplex": "(array([[ 4.78607333, 10.15577652, -0.62529938,  7.62708898,  6.71536891,\n         2.29015683],\n       [ 4.96637082, 10.27313232, -0.65040528,  7.60854141,  6.79525649,\n         2.27671614],\n       [ 4.89976818,  9.97337046, -0.25472898,  7.56123268,  6.73948579,\n         2.12918429],\n       [ 5.28227609, 10.23262199, -0.73242918,  7.54815736,  6.78047219,\n         2.07076085],\n       [ 4.90455578,  9.85281005, -0.30556326,  7.50193938,  6.54974245,\n         2.2476235 ],\n       [ 4.87964725, 10.05156756, -0.47335527,  7.50461925,  6.57057009,\n         2.19509878],\n       [ 5.07767176,  9.91290453, -0.4585381 ,  7.47228466,  6.72310773,\n         2.20321057]]), array([0.45934711, 0.46140332, 0.46502152, 0.46555434, 0.46618651,\n       0.46765935, 0.46808465]))"}, "4": {"maxiter": 500, "fatol": 1e-05, "xatol": 1e-05, "duration": 0.09116101264953613, "fun": "0.30389960525727955", "nit": "345", "nfev": "549", "status": "0", "success": "True", "message": "Optimization terminated successfully.", "x": "[ 5.00286633 10.0068346   0.02085723  8.64811715  6.54628753  2.36611036]", "final_simplex": "(array([[ 5.00286633, 10.0068346 ,  0.02085723,  8.64811715,  6.54628753,\n         2.36611036],\n       [ 5.00286128, 10.00683714,  0.02085479,  8.64811579,  6.54628385,\n         2.36610612],\n       [ 5.00286301, 10.00683427,  0.02085767,  8.64811469,  6.54628322,\n         2.36610314],\n       [ 5.00285964, 10.00683568,  0.02085673,  8.64811719,  6.54628564,\n         2.36610648],\n       [ 5.00286291, 10.00683133,  0.02085444,  8.64811259,  6.54628358,\n         2.36610615],\n       [ 5.00286306, 10.00683762,  0.02085498,  8.64811542,  6.54628763,\n         2.36610646],\n       [ 5.00286606, 10.0068385 ,  0.02085594,  8.64811438,  6.54629116,\n         2.36611105]]), array([0.30389961, 0.30389961, 0.30389961, 0.30389961, 0.30389961,\n       0.30389961, 0.30389961]))"}, "5": {"maxiter": 500, "fatol": 1e-05, "xatol": 1e-10, "duration": 0.14139866828918457, "fun": "0.3038996052505262", "nit": "492", "nfev": "831", "status": "0", "success": "True", "message": "Optimization terminated successfully.", "x": "[ 5.00286522 10.00683492  0.02085885  8.64812015  6.54627991  2.36610672]", "final_simplex": "(array([[ 5.00286522, 10.00683492,  0.02085885,  8.64812015,  6.54627991,\n         2.36610672],\n       [ 5.00286522, 10.00683492,  0.02085885,  8.64812015,  6.54627991,\n         2.36610672],\n       [ 5.00286522, 10.00683492,  0.02085885,  8.64812015,  6.54627991,\n         2.36610672],\n       [ 5.00286522, 10.00683492,  0.02085885,  8.64812015,  6.54627991,\n         2.36610672],\n       [ 5.00286522, 10.00683492,  0.02085885,  8.64812015,  6.54627991,\n         2.36610672],\n       [ 5.00286522, 10.00683492,  0.02085885,  8.64812015,  6.54627991,\n         2.36610672],\n       [ 5.00286522, 10.00683492,  0.02085885,  8.64812015,  6.54627991,\n         2.36610672]]), array([0.30389961, 0.30389961, 0.30389961, 0.30389961, 0.30389961,\n       0.30389961, 0.30389961]))"}, "6": {"maxiter": 500, "fatol": 1e-10, "xatol": 1e-05, "duration": 0.09244179725646973, "fun": "0.30389960525727955", "nit": "345", "nfev": "549", "status": "0", "success": "True", "message": "Optimization terminated successfully.", "x": "[ 5.00286633 10.0068346   0.02085723  8.64811715  6.54628753  2.36611036]", "final_simplex": "(array([[ 5.00286633, 10.0068346 ,  0.02085723,  8.64811715,  6.54628753,\n         2.36611036],\n       [ 5.00286128, 10.00683714,  0.02085479,  8.64811579,  6.54628385,\n         2.36610612],\n       [ 5.00286301, 10.00683427,  0.02085767,  8.64811469,  6.54628322,\n         2.36610314],\n       [ 5.00285964, 10.00683568,  0.02085673,  8.64811719,  6.54628564,\n         2.36610648],\n       [ 5.00286291, 10.00683133,  0.02085444,  8.64811259,  6.54628358,\n         2.36610615],\n       [ 5.00286306, 10.00683762,  0.02085498,  8.64811542,  6.54628763,\n         2.36610646],\n       [ 5.00286606, 10.0068385 ,  0.02085594,  8.64811438,  6.54629116,\n         2.36611105]]), array([0.30389961, 0.30389961, 0.30389961, 0.30389961, 0.30389961,\n       0.30389961, 0.30389961]))"}, "7": {"maxiter": 500, "fatol": 1e-10, "xatol": 1e-10, "duration": 0.13872981071472168, "fun": "0.3038996052505262", "nit": "492", "nfev": "831", "status": "0", "success": "True", "message": "Optimization terminated successfully.", "x": "[ 5.00286522 10.00683492  0.02085885  8.64812015  6.54627991  2.36610672]", "final_simplex": "(array([[ 5.00286522, 10.00683492,  0.02085885,  8.64812015,  6.54627991,\n         2.36610672],\n       [ 5.00286522, 10.00683492,  0.02085885,  8.64812015,  6.54627991,\n         2.36610672],\n       [ 5.00286522, 10.00683492,  0.02085885,  8.64812015,  6.54627991,\n         2.36610672],\n       [ 5.00286522, 10.00683492,  0.02085885,  8.64812015,  6.54627991,\n         2.36610672],\n       [ 5.00286522, 10.00683492,  0.02085885,  8.64812015,  6.54627991,\n         2.36610672],\n       [ 5.00286522, 10.00683492,  0.02085885,  8.64812015,  6.54627991,\n         2.36610672],\n       [ 5.00286522, 10.00683492,  0.02085885,  8.64812015,  6.54627991,\n         2.36610672]]), array([0.30389961, 0.30389961, 0.30389961, 0.30389961, 0.30389961,\n       0.30389961, 0.30389961]))"}, "8": {"maxiter": 1000, "fatol": 1e-05, "xatol": 1e-05, "duration": 0.09142017364501953, "fun": "0.30389960525727955", "nit": "345", "nfev": "549", "status": "0", "success": "True", "message": "Optimization terminated successfully.", "x": "[ 5.00286633 10.0068346   0.02085723  8.64811715  6.54628753  2.36611036]", "final_simplex": "(array([[ 5.00286633, 10.0068346 ,  0.02085723,  8.64811715,  6.54628753,\n         2.36611036],\n       [ 5.00286128, 10.00683714,  0.02085479,  8.64811579,  6.54628385,\n         2.36610612],\n       [ 5.00286301, 10.00683427,  0.02085767,  8.64811469,  6.54628322,\n         2.36610314],\n       [ 5.00285964, 10.00683568,  0.02085673,  8.64811719,  6.54628564,\n         2.36610648],\n       [ 5.00286291, 10.00683133,  0.02085444,  8.64811259,  6.54628358,\n         2.36610615],\n       [ 5.00286306, 10.00683762,  0.02085498,  8.64811542,  6.54628763,\n         2.36610646],\n       [ 5.00286606, 10.0068385 ,  0.02085594,  8.64811438,  6.54629116,\n         2.36611105]]), array([0.30389961, 0.30389961, 0.30389961, 0.30389961, 0.30389961,\n       0.30389961, 0.30389961]))"}, "9": {"maxiter": 1000, "fatol": 1e-05, "xatol": 1e-10, "duration": 0.13824796676635742, "fun": "0.3038996052505262", "nit": "492", "nfev": "831", "status": "0", "success": "True", "message": "Optimization terminated successfully.", "x": "[ 5.00286522 10.00683492  0.02085885  8.64812015  6.54627991  2.36610672]", "final_simplex": "(array([[ 5.00286522, 10.00683492,  0.02085885,  8.64812015,  6.54627991,\n         2.36610672],\n       [ 5.00286522, 10.00683492,  0.02085885,  8.64812015,  6.54627991,\n         2.36610672],\n       [ 5.00286522, 10.00683492,  0.02085885,  8.64812015,  6.54627991,\n         2.36610672],\n       [ 5.00286522, 10.00683492,  0.02085885,  8.64812015,  6.54627991,\n         2.36610672],\n       [ 5.00286522, 10.00683492,  0.02085885,  8.64812015,  6.54627991,\n         2.36610672],\n       [ 5.00286522, 10.00683492,  0.02085885,  8.64812015,  6.54627991,\n         2.36610672],\n       [ 5.00286522, 10.00683492,  0.02085885,  8.64812015,  6.54627991,\n         2.36610672]]), array([0.30389961, 0.30389961, 0.30389961, 0.30389961, 0.30389961,\n       0.30389961, 0.30389961]))"}, "10": {"maxiter": 1000, "fatol": 1e-10, "xatol": 1e-05, "duration": 0.09149503707885742, "fun": "0.30389960525727955", "nit": "345", "nfev": "549", "status": "0", "success": "True", "message": "Optimization terminated successfully.", "x": "[ 5.00286633 10.0068346   0.02085723  8.64811715  6.54628753  2.36611036]", "final_simplex": "(array([[ 5.00286633, 10.0068346 ,  0.02085723,  8.64811715,  6.54628753,\n         2.36611036],\n       [ 5.00286128, 10.00683714,  0.02085479,  8.64811579,  6.54628385,\n         2.36610612],\n       [ 5.00286301, 10.00683427,  0.02085767,  8.64811469,  6.54628322,\n         2.36610314],\n       [ 5.00285964, 10.00683568,  0.02085673,  8.64811719,  6.54628564,\n         2.36610648],\n       [ 5.00286291, 10.00683133,  0.02085444,  8.64811259,  6.54628358,\n         2.36610615],\n       [ 5.00286306, 10.00683762,  0.02085498,  8.64811542,  6.54628763,\n         2.36610646],\n       [ 5.00286606, 10.0068385 ,  0.02085594,  8.64811438,  6.54629116,\n         2.36611105]]), array([0.30389961, 0.30389961, 0.30389961, 0.30389961, 0.30389961,\n       0.30389961, 0.30389961]))"}, "11": {"maxiter": 1000, "fatol": 1e-10, "xatol": 1e-10, "duration": 0.13775086402893066, "fun": "0.3038996052505262", "nit": "492", "nfev": "831", "status": "0", "success": "True", "message": "Optimization terminated successfully.", "x": "[ 5.00286522 10.00683492  0.02085885  8.64812015  6.54627991  2.36610672]", "final_simplex": "(array([[ 5.00286522, 10.00683492,  0.02085885,  8.64812015,  6.54627991,\n         2.36610672],\n       [ 5.00286522, 10.00683492,  0.02085885,  8.64812015,  6.54627991,\n         2.36610672],\n       [ 5.00286522, 10.00683492,  0.02085885,  8.64812015,  6.54627991,\n         2.36610672],\n       [ 5.00286522, 10.00683492,  0.02085885,  8.64812015,  6.54627991,\n         2.36610672],\n       [ 5.00286522, 10.00683492,  0.02085885,  8.64812015,  6.54627991,\n         2.36610672],\n       [ 5.00286522, 10.00683492,  0.02085885,  8.64812015,  6.54627991,\n         2.36610672],\n       [ 5.00286522, 10.00683492,  0.02085885,  8.64812015,  6.54627991,\n         2.36610672]]), array([0.30389961, 0.30389961, 0.30389961, 0.30389961, 0.30389961,\n       0.30389961, 0.30389961]))"}}, "bfgs": {"type": "gradient", "0": {"maxiter": 100, "gtol": 1e-05, "xrtol": 1e-05, "eps": 1e-05, "duration": 0.049987077713012695, "fun": "0.3038996052700095", "jac": "[-6.10655970e-07  3.26000338e-06  3.72234465e-06  6.21092067e-07\n  1.31959998e-06  5.13533660e-07]", "hess_inv": "[[ 3.52225296  0.20955484 -0.19449203 -0.03427487  0.17432924  0.23664038]\n [ 0.20955484  3.59581603 -1.14695684  0.19537311  0.33759878  0.16806216]\n [-0.19449203 -1.14695684  3.69626894  1.12348798  0.67518177  0.99298008]\n [-0.03427487  0.19537311  1.12348798  3.71184385  0.06393618  0.35609979]\n [ 0.17432924  0.33759878  0.67518177  0.06393618  5.83678759  4.24921144]\n [ 0.23664038  0.16806216  0.99298008  0.35609979  4.24921144  6.07631256]]", "nfev": "294", "njev": "42", "status": "0", "success": "True", "message": "Optimization terminated successfully.", "x": "[5.00285813 3.72365297 6.30404798 8.6481198  6.54627426 2.36609983]", "nit": "31"}, "1": {"maxiter": 100, "gtol": 1e-05, "xrtol": 1e-05, "eps": 1e-10, "duration": 0.04995465278625488, "fun": "0.3038996053192462", "jac": "[ 1.11022293e-06  3.33066880e-06  3.33066880e-06  1.11022293e-06\n -1.11022293e-06  1.11022293e-06]", "hess_inv": "[[ 3.5049231   0.21356262 -0.19561938 -0.02796812  0.19612562  0.25741228]\n [ 0.21356262  3.58108341 -1.1601333   0.20354086  0.32221778  0.13835186]\n [-0.19561938 -1.1601333   3.71186518  1.11686188  0.67736984  1.00535496]\n [-0.02796812  0.20354086  1.11686188  3.72415255  0.0480498   0.34469259]\n [ 0.19612562  0.32221778  0.67736984  0.0480498   5.83693335  4.25817688]\n [ 0.25741228  0.13835186  1.00535496  0.34469259  4.25817688  6.07932592]]", "nfev": "294", "njev": "42", "status": "0", "success": "True", "message": "Optimization terminated successfully.", "x": "[5.0028718  3.72366105 6.30405799 8.64813343 6.54628673 2.36611809]", "nit": "31"}, "2": {"maxiter": 100, "gtol": 1e-05, "xrtol": 1e-10, "eps": 1e-05, "duration": 0.04992389678955078, "fun": "0.3038996052700095", "jac": "[-6.10655970e-07  3.26000338e-06  3.72234465e-06  6.21092067e-07\n  1.31959998e-06  5.13533660e-07]", "hess_inv": "[[ 3.52225296  0.20955484 -0.19449203 -0.03427487  0.17432924  0.23664038]\n [ 0.20955484  3.59581603 -1.14695684  0.19537311  0.33759878  0.16806216]\n [-0.19449203 -1.14695684  3.69626894  1.12348798  0.67518177  0.99298008]\n [-0.03427487  0.19537311  1.12348798  3.71184385  0.06393618  0.35609979]\n [ 0.17432924  0.33759878  0.67518177  0.06393618  5.83678759  4.24921144]\n [ 0.23664038  0.16806216  0.99298008  0.35609979  4.24921144  6.07631256]]", "nfev": "294", "njev": "42", "status": "0", "success": "True", "message": "Optimization terminated successfully.", "x": "[5.00285813 3.72365297 6.30404798 8.6481198  6.54627426 2.36609983]", "nit": "31"}, "3": {"maxiter": 100, "gtol": 1e-05, "xrtol": 1e-10, "eps": 1e-10, "duration": 0.049890756607055664, "fun": "0.3038996053192462", "jac": "[ 1.11022293e-06  3.33066880e-06  3.33066880e-06  1.11022293e-06\n -1.11022293e-06  1.11022293e-06]", "hess_inv": "[[ 3.5049231   0.21356262 -0.19561938 -0.02796812  0.19612562  0.25741228]\n [ 0.21356262  3.58108341 -1.1601333   0.20354086  0.32221778  0.13835186]\n [-0.19561938 -1.1601333   3.71186518  1.11686188  0.67736984  1.00535496]\n [-0.02796812  0.20354086  1.11686188  3.72415255  0.0480498   0.34469259]\n [ 0.19612562  0.32221778  0.67736984  0.0480498   5.83693335  4.25817688]\n [ 0.25741228  0.13835186  1.00535496  0.34469259  4.25817688  6.07932592]]", "nfev": "294", "njev": "42", "status": "0", "success": "True", "message": "Optimization terminated successfully.", "x": "[5.0028718  3.72366105 6.30405799 8.64813343 6.54628673 2.36611809]", "nit": "31"}, "4": {"maxiter": 100, "gtol": 1e-10, "xrtol": 1e-05, "eps": 1e-05, "duration": 0.05225777626037598, "fun": "0.303899605268533", "jac": "[-4.59654537e-07  2.68398637e-06  3.02559089e-06  5.57820457e-07\n  1.16648913e-06  3.27382565e-07]", "hess_inv": "[[ 3.49960697e+00  2.33253467e-01 -1.89405312e-01  5.96450487e-04\n   2.12738876e-01  2.27240488e-01]\n [ 2.33253467e-01  3.62795420e+00 -1.04068290e+00  2.01806674e-01\n   3.94415027e-01  3.08399248e-01]\n [-1.89405312e-01 -1.04068290e+00  3.91385262e+00  1.19978818e+00\n   8.56692746e-01  1.25086727e+00]\n [ 5.96450487e-04  2.01806674e-01  1.19978818e+00  3.69050912e+00\n   7.79279887e-02  4.68958208e-01]\n [ 2.12738876e-01  3.94415027e-01  8.56692746e-01  7.79279887e-02\n   5.93692861e+00  4.48750014e+00]\n [ 2.27240488e-01  3.08399248e-01  1.25086727e+00  4.68958208e-01\n   4.48750014e+00  6.37151193e+00]]", "nfev": "308", "njev": "44", "status": "0", "success": "True", "message": "Optimization terminated successfully.", "x": "[5.00285847 3.72365122 6.30404518 8.64811823 6.54627131 2.36609679]", "nit": "32"}, "5": {"maxiter": 100, "gtol": 1e-10, "xrtol": 1e-05, "eps": 1e-10, "duration": 0.051084041595458984, "fun": "0.30389960525568194", "jac": "[2.22044587e-06 1.11022293e-06 0.00000000e+00 2.22044587e-06\n 0.00000000e+00 0.00000000e+00]", "hess_inv": "[[ 3.52299173  0.2407834  -0.14309053 -0.00816154  0.2123955   0.31295893]\n [ 0.2407834   3.60605459 -1.06916184  0.20247932  0.35880976  0.26195089]\n [-0.14309053 -1.06916184  3.85584161  1.19724778  0.71575361  1.13738089]\n [-0.00816154  0.20247932  1.19724778  3.68632596  0.08916202  0.48249254]\n [ 0.2123955   0.35880976  0.71575361  0.08916202  5.84248289  4.27812447]\n [ 0.31295893  0.26195089  1.13738089  0.48249254  4.27812447  6.15073606]]", "nfev": "301", "njev": "43", "status": "0", "success": "True", "message": "Optimization terminated successfully.", "x": "[5.00286746 3.72365221 6.30404707 8.64812425 6.54628455 2.36611047]", "nit": "32"}, "6": {"maxiter": 100, "gtol": 1e-10, "xrtol": 1e-10, "eps": 1e-05, "duration": 0.08044910430908203, "fun": "0.303899605268533", "jac": "[-4.59654537e-07  2.68398637e-06  3.02559089e-06  5.57820457e-07\n  1.16648913e-06  3.27382565e-07]", "hess_inv": "[[ 3.47873222  0.2698668  -0.10955363  0.03107878  0.28099514  0.32199825]\n [ 0.2698668   3.7997206  -0.87361328  0.36927182  0.65091434  0.44913863]\n [-0.10955363 -0.87361328  4.00811149  1.37071732  1.08522802  1.28786463]\n [ 0.03107878  0.36927182  1.37071732  3.85283272  0.33047345  0.61794693]\n [ 0.28099514  0.65091434  1.08522802  0.33047345  6.31352813  4.6669995 ]\n [ 0.32199825  0.44913863  1.28786463  0.61794693  4.6669995   6.34060392]]", "nfev": "473", "njev": "66", "status": "2", "success": "False", "message": "Desired error not necessarily achieved due to precision loss.", "x": "[5.00285847 3.72365122 6.30404518 8.64811823 6.54627131 2.36609679]", "nit": "32"}, "7": {"maxiter": 100, "gtol": 1e-10, "xrtol": 1e-10, "eps": 1e-10, "duration": 0.0631711483001709, "fun": "0.30389960525204596", "jac": "[0.00000000e+00 0.00000000e+00 0.00000000e+00 2.22044587e-06\n 1.11022293e-06 0.00000000e+00]", "hess_inv": "[[ 5.19789006  1.82510241  0.58201246  0.8772766  -1.11814409 -0.82006485]\n [ 1.82510241  4.62364466 -1.1779456   0.70593951 -0.98368225 -1.2670018 ]\n [ 0.58201246 -1.1779456   2.74480778  0.69957328 -0.43715701 -0.66211955]\n [ 0.8772766   0.70593951  0.69957328  2.95694766 -1.95824021 -2.05838041]\n [-1.11814409 -0.98368225 -0.43715701 -1.95824021  5.17253008  2.93517481]\n [-0.82006485 -1.2670018  -0.66211955 -2.05838041  2.93517481  3.74962808]]", "nfev": "371", "njev": "53", "status": "0", "success": "True", "message": "Optimization terminated successfully.", "x": "[5.00286466 3.72364963 6.30404524 8.64812069 6.54628396 2.36610885]", "nit": "34"}, "8": {"maxiter": 500, "gtol": 1e-05, "xrtol": 1e-05, "eps": 1e-05, "duration": 0.05053591728210449, "fun": "0.3038996052700095", "jac": "[-6.10655970e-07  3.26000338e-06  3.72234465e-06  6.21092067e-07\n  1.31959998e-06  5.13533660e-07]", "hess_inv": "[[ 3.52225296  0.20955484 -0.19449203 -0.03427487  0.17432924  0.23664038]\n [ 0.20955484  3.59581603 -1.14695684  0.19537311  0.33759878  0.16806216]\n [-0.19449203 -1.14695684  3.69626894  1.12348798  0.67518177  0.99298008]\n [-0.03427487  0.19537311  1.12348798  3.71184385  0.06393618  0.35609979]\n [ 0.17432924  0.33759878  0.67518177  0.06393618  5.83678759  4.24921144]\n [ 0.23664038  0.16806216  0.99298008  0.35609979  4.24921144  6.07631256]]", "nfev": "294", "njev": "42", "status": "0", "success": "True", "message": "Optimization terminated successfully.", "x": "[5.00285813 3.72365297 6.30404798 8.6481198  6.54627426 2.36609983]", "nit": "31"}, "9": {"maxiter": 500, "gtol": 1e-05, "xrtol": 1e-05, "eps": 1e-10, "duration": 0.05011129379272461, "fun": "0.3038996053192462", "jac": "[ 1.11022293e-06  3.33066880e-06  3.33066880e-06  1.11022293e-06\n -1.11022293e-06  1.11022293e-06]", "hess_inv": "[[ 3.5049231   0.21356262 -0.19561938 -0.02796812  0.19612562  0.25741228]\n [ 0.21356262  3.58108341 -1.1601333   0.20354086  0.32221778  0.13835186]\n [-0.19561938 -1.1601333   3.71186518  1.11686188  0.67736984  1.00535496]\n [-0.02796812  0.20354086  1.11686188  3.72415255  0.0480498   0.34469259]\n [ 0.19612562  0.32221778  0.67736984  0.0480498   5.83693335  4.25817688]\n [ 0.25741228  0.13835186  1.00535496  0.34469259  4.25817688  6.07932592]]", "nfev": "294", "njev": "42", "status": "0", "success": "True", "message": "Optimization terminated successfully.", "x": "[5.0028718  3.72366105 6.30405799 8.64813343 6.54628673 2.36611809]", "nit": "31"}, "10": {"maxiter": 500, "gtol": 1e-05, "xrtol": 1e-10, "eps": 1e-05, "duration": 0.04999589920043945, "fun": "0.3038996052700095", "jac": "[-6.10655970e-07  3.26000338e-06  3.72234465e-06  6.21092067e-07\n  1.31959998e-06  5.13533660e-07]", "hess_inv": "[[ 3.52225296  0.20955484 -0.19449203 -0.03427487  0.17432924  0.23664038]\n [ 0.20955484  3.59581603 -1.14695684  0.19537311  0.33759878  0.16806216]\n [-0.19449203 -1.14695684  3.69626894  1.12348798  0.67518177  0.99298008]\n [-0.03427487  0.19537311  1.12348798  3.71184385  0.06393618  0.35609979]\n [ 0.17432924  0.33759878  0.67518177  0.06393618  5.83678759  4.24921144]\n [ 0.23664038  0.16806216  0.99298008  0.35609979  4.24921144  6.07631256]]", "nfev": "294", "njev": "42", "status": "0", "success": "True", "message": "Optimization terminated successfully.", "x": "[5.00285813 3.72365297 6.30404798 8.6481198  6.54627426 2.36609983]", "nit": "31"}, "11": {"maxiter": 500, "gtol": 1e-05, "xrtol": 1e-10, "eps": 1e-10, "duration": 0.05003190040588379, "fun": "0.3038996053192462", "jac": "[ 1.11022293e-06  3.33066880e-06  3.33066880e-06  1.11022293e-06\n -1.11022293e-06  1.11022293e-06]", "hess_inv": "[[ 3.5049231   0.21356262 -0.19561938 -0.02796812  0.19612562  0.25741228]\n [ 0.21356262  3.58108341 -1.1601333   0.20354086  0.32221778  0.13835186]\n [-0.19561938 -1.1601333   3.71186518  1.11686188  0.67736984  1.00535496]\n [-0.02796812  0.20354086  1.11686188  3.72415255  0.0480498   0.34469259]\n [ 0.19612562  0.32221778  0.67736984  0.0480498   5.83693335  4.25817688]\n [ 0.25741228  0.13835186  1.00535496  0.34469259  4.25817688  6.07932592]]", "nfev": "294", "njev": "42", "status": "0", "success": "True", "message": "Optimization terminated successfully.", "x": "[5.0028718  3.72366105 6.30405799 8.64813343 6.54628673 2.36611809]", "nit": "31"}, "12": {"maxiter": 500, "gtol": 1e-10, "xrtol": 1e-05, "eps": 1e-05, "duration": 0.0523829460144043, "fun": "0.303899605268533", "jac": "[-4.59654537e-07  2.68398637e-06  3.02559089e-06  5.57820457e-07\n  1.16648913e-06  3.27382565e-07]", "hess_inv": "[[ 3.49960697e+00  2.33253467e-01 -1.89405312e-01  5.96450487e-04\n   2.12738876e-01  2.27240488e-01]\n [ 2.33253467e-01  3.62795420e+00 -1.04068290e+00  2.01806674e-01\n   3.94415027e-01  3.08399248e-01]\n [-1.89405312e-01 -1.04068290e+00  3.91385262e+00  1.19978818e+00\n   8.56692746e-01  1.25086727e+00]\n [ 5.96450487e-04  2.01806674e-01  1.19978818e+00  3.69050912e+00\n   7.79279887e-02  4.68958208e-01]\n [ 2.12738876e-01  3.94415027e-01  8.56692746e-01  7.79279887e-02\n   5.93692861e+00  4.48750014e+00]\n [ 2.27240488e-01  3.08399248e-01  1.25086727e+00  4.68958208e-01\n   4.48750014e+00  6.37151193e+00]]", "nfev": "308", "njev": "44", "status": "0", "success": "True", "message": "Optimization terminated successfully.", "x": "[5.00285847 3.72365122 6.30404518 8.64811823 6.54627131 2.36609679]", "nit": "32"}, "13": {"maxiter": 500, "gtol": 1e-10, "xrtol": 1e-05, "eps": 1e-10, "duration": 0.051300048828125, "fun": "0.30389960525568194", "jac": "[2.22044587e-06 1.11022293e-06 0.00000000e+00 2.22044587e-06\n 0.00000000e+00 0.00000000e+00]", "hess_inv": "[[ 3.52299173  0.2407834  -0.14309053 -0.00816154  0.2123955   0.31295893]\n [ 0.2407834   3.60605459 -1.06916184  0.20247932  0.35880976  0.26195089]\n [-0.14309053 -1.06916184  3.85584161  1.19724778  0.71575361  1.13738089]\n [-0.00816154  0.20247932  1.19724778  3.68632596  0.08916202  0.48249254]\n [ 0.2123955   0.35880976  0.71575361  0.08916202  5.84248289  4.27812447]\n [ 0.31295893  0.26195089  1.13738089  0.48249254  4.27812447  6.15073606]]", "nfev": "301", "njev": "43", "status": "0", "success": "True", "message": "Optimization terminated successfully.", "x": "[5.00286746 3.72365221 6.30404707 8.64812425 6.54628455 2.36611047]", "nit": "32"}, "14": {"maxiter": 500, "gtol": 1e-10, "xrtol": 1e-10, "eps": 1e-05, "duration": 0.08032608032226562, "fun": "0.303899605268533", "jac": "[-4.59654537e-07  2.68398637e-06  3.02559089e-06  5.57820457e-07\n  1.16648913e-06  3.27382565e-07]", "hess_inv": "[[ 3.47873222  0.2698668  -0.10955363  0.03107878  0.28099514  0.32199825]\n [ 0.2698668   3.7997206  -0.87361328  0.36927182  0.65091434  0.44913863]\n [-0.10955363 -0.87361328  4.00811149  1.37071732  1.08522802  1.28786463]\n [ 0.03107878  0.36927182  1.37071732  3.85283272  0.33047345  0.61794693]\n [ 0.28099514  0.65091434  1.08522802  0.33047345  6.31352813  4.6669995 ]\n [ 0.32199825  0.44913863  1.28786463  0.61794693  4.6669995   6.34060392]]", "nfev": "473", "njev": "66", "status": "2", "success": "False", "message": "Desired error not necessarily achieved due to precision loss.", "x": "[5.00285847 3.72365122 6.30404518 8.64811823 6.54627131 2.36609679]", "nit": "32"}, "15": {"maxiter": 500, "gtol": 1e-10, "xrtol": 1e-10, "eps": 1e-10, "duration": 0.06316328048706055, "fun": "0.30389960525204596", "jac": "[0.00000000e+00 0.00000000e+00 0.00000000e+00 2.22044587e-06\n 1.11022293e-06 0.00000000e+00]", "hess_inv": "[[ 5.19789006  1.82510241  0.58201246  0.8772766  -1.11814409 -0.82006485]\n [ 1.82510241  4.62364466 -1.1779456   0.70593951 -0.98368225 -1.2670018 ]\n [ 0.58201246 -1.1779456   2.74480778  0.69957328 -0.43715701 -0.66211955]\n [ 0.8772766   0.70593951  0.69957328  2.95694766 -1.95824021 -2.05838041]\n [-1.11814409 -0.98368225 -0.43715701 -1.95824021  5.17253008  2.93517481]\n [-0.82006485 -1.2670018  -0.66211955 -2.05838041  2.93517481  3.74962808]]", "nfev": "371", "njev": "53", "status": "0", "success": "True", "message": "Optimization terminated successfully.", "x": "[5.00286466 3.72364963 6.30404524 8.64812069 6.54628396 2.36610885]", "nit": "34"}, "16": {"maxiter": 1000, "gtol": 1e-05, "xrtol": 1e-05, "eps": 1e-05, "duration": 0.050234079360961914, "fun": "0.3038996052700095", "jac": "[-6.10655970e-07  3.26000338e-06  3.72234465e-06  6.21092067e-07\n  1.31959998e-06  5.13533660e-07]", "hess_inv": "[[ 3.52225296  0.20955484 -0.19449203 -0.03427487  0.17432924  0.23664038]\n [ 0.20955484  3.59581603 -1.14695684  0.19537311  0.33759878  0.16806216]\n [-0.19449203 -1.14695684  3.69626894  1.12348798  0.67518177  0.99298008]\n [-0.03427487  0.19537311  1.12348798  3.71184385  0.06393618  0.35609979]\n [ 0.17432924  0.33759878  0.67518177  0.06393618  5.83678759  4.24921144]\n [ 0.23664038  0.16806216  0.99298008  0.35609979  4.24921144  6.07631256]]", "nfev": "294", "njev": "42", "status": "0", "success": "True", "message": "Optimization terminated successfully.", "x": "[5.00285813 3.72365297 6.30404798 8.6481198  6.54627426 2.36609983]", "nit": "31"}, "17": {"maxiter": 1000, "gtol": 1e-05, "xrtol": 1e-05, "eps": 1e-10, "duration": 0.05005526542663574, "fun": "0.3038996053192462", "jac": "[ 1.11022293e-06  3.33066880e-06  3.33066880e-06  1.11022293e-06\n -1.11022293e-06  1.11022293e-06]", "hess_inv": "[[ 3.5049231   0.21356262 -0.19561938 -0.02796812  0.19612562  0.25741228]\n [ 0.21356262  3.58108341 -1.1601333   0.20354086  0.32221778  0.13835186]\n [-0.19561938 -1.1601333   3.71186518  1.11686188  0.67736984  1.00535496]\n [-0.02796812  0.20354086  1.11686188  3.72415255  0.0480498   0.34469259]\n [ 0.19612562  0.32221778  0.67736984  0.0480498   5.83693335  4.25817688]\n [ 0.25741228  0.13835186  1.00535496  0.34469259  4.25817688  6.07932592]]", "nfev": "294", "njev": "42", "status": "0", "success": "True", "message": "Optimization terminated successfully.", "x": "[5.0028718  3.72366105 6.30405799 8.64813343 6.54628673 2.36611809]", "nit": "31"}, "18": {"maxiter": 1000, "gtol": 1e-05, "xrtol": 1e-10, "eps": 1e-05, "duration": 0.050083160400390625, "fun": "0.3038996052700095", "jac": "[-6.10655970e-07  3.26000338e-06  3.72234465e-06  6.21092067e-07\n  1.31959998e-06  5.13533660e-07]", "hess_inv": "[[ 3.52225296  0.20955484 -0.19449203 -0.03427487  0.17432924  0.23664038]\n [ 0.20955484  3.59581603 -1.14695684  0.19537311  0.33759878  0.16806216]\n [-0.19449203 -1.14695684  3.69626894  1.12348798  0.67518177  0.99298008]\n [-0.03427487  0.19537311  1.12348798  3.71184385  0.06393618  0.35609979]\n [ 0.17432924  0.33759878  0.67518177  0.06393618  5.83678759  4.24921144]\n [ 0.23664038  0.16806216  0.99298008  0.35609979  4.24921144  6.07631256]]", "nfev": "294", "njev": "42", "status": "0", "success": "True", "message": "Optimization terminated successfully.", "x": "[5.00285813 3.72365297 6.30404798 8.6481198  6.54627426 2.36609983]", "nit": "31"}, "19": {"maxiter": 1000, "gtol": 1e-05, "xrtol": 1e-10, "eps": 1e-10, "duration": 0.050035953521728516, "fun": "0.3038996053192462", "jac": "[ 1.11022293e-06  3.33066880e-06  3.33066880e-06  1.11022293e-06\n -1.11022293e-06  1.11022293e-06]", "hess_inv": "[[ 3.5049231   0.21356262 -0.19561938 -0.02796812  0.19612562  0.25741228]\n [ 0.21356262  3.58108341 -1.1601333   0.20354086  0.32221778  0.13835186]\n [-0.19561938 -1.1601333   3.71186518  1.11686188  0.67736984  1.00535496]\n [-0.02796812  0.20354086  1.11686188  3.72415255  0.0480498   0.34469259]\n [ 0.19612562  0.32221778  0.67736984  0.0480498   5.83693335  4.25817688]\n [ 0.25741228  0.13835186  1.00535496  0.34469259  4.25817688  6.07932592]]", "nfev": "294", "njev": "42", "status": "0", "success": "True", "message": "Optimization terminated successfully.", "x": "[5.0028718  3.72366105 6.30405799 8.64813343 6.54628673 2.36611809]", "nit": "31"}, "20": {"maxiter": 1000, "gtol": 1e-10, "xrtol": 1e-05, "eps": 1e-05, "duration": 0.05241513252258301, "fun": "0.303899605268533", "jac": "[-4.59654537e-07  2.68398637e-06  3.02559089e-06  5.57820457e-07\n  1.16648913e-06  3.27382565e-07]", "hess_inv": "[[ 3.49960697e+00  2.33253467e-01 -1.89405312e-01  5.96450487e-04\n   2.12738876e-01  2.27240488e-01]\n [ 2.33253467e-01  3.62795420e+00 -1.04068290e+00  2.01806674e-01\n   3.94415027e-01  3.08399248e-01]\n [-1.89405312e-01 -1.04068290e+00  3.91385262e+00  1.19978818e+00\n   8.56692746e-01  1.25086727e+00]\n [ 5.96450487e-04  2.01806674e-01  1.19978818e+00  3.69050912e+00\n   7.79279887e-02  4.68958208e-01]\n [ 2.12738876e-01  3.94415027e-01  8.56692746e-01  7.79279887e-02\n   5.93692861e+00  4.48750014e+00]\n [ 2.27240488e-01  3.08399248e-01  1.25086727e+00  4.68958208e-01\n   4.48750014e+00  6.37151193e+00]]", "nfev": "308", "njev": "44", "status": "0", "success": "True", "message": "Optimization terminated successfully.", "x": "[5.00285847 3.72365122 6.30404518 8.64811823 6.54627131 2.36609679]", "nit": "32"}, "21": {"maxiter": 1000, "gtol": 1e-10, "xrtol": 1e-05, "eps": 1e-10, "duration": 0.05132889747619629, "fun": "0.30389960525568194", "jac": "[2.22044587e-06 1.11022293e-06 0.00000000e+00 2.22044587e-06\n 0.00000000e+00 0.00000000e+00]", "hess_inv": "[[ 3.52299173  0.2407834  -0.14309053 -0.00816154  0.2123955   0.31295893]\n [ 0.2407834   3.60605459 -1.06916184  0.20247932  0.35880976  0.26195089]\n [-0.14309053 -1.06916184  3.85584161  1.19724778  0.71575361  1.13738089]\n [-0.00816154  0.20247932  1.19724778  3.68632596  0.08916202  0.48249254]\n [ 0.2123955   0.35880976  0.71575361  0.08916202  5.84248289  4.27812447]\n [ 0.31295893  0.26195089  1.13738089  0.48249254  4.27812447  6.15073606]]", "nfev": "301", "njev": "43", "status": "0", "success": "True", "message": "Optimization terminated successfully.", "x": "[5.00286746 3.72365221 6.30404707 8.64812425 6.54628455 2.36611047]", "nit": "32"}, "22": {"maxiter": 1000, "gtol": 1e-10, "xrtol": 1e-10, "eps": 1e-05, "duration": 0.0806417465209961, "fun": "0.303899605268533", "jac": "[-4.59654537e-07  2.68398637e-06  3.02559089e-06  5.57820457e-07\n  1.16648913e-06  3.27382565e-07]", "hess_inv": "[[ 3.47873222  0.2698668  -0.10955363  0.03107878  0.28099514  0.32199825]\n [ 0.2698668   3.7997206  -0.87361328  0.36927182  0.65091434  0.44913863]\n [-0.10955363 -0.87361328  4.00811149  1.37071732  1.08522802  1.28786463]\n [ 0.03107878  0.36927182  1.37071732  3.85283272  0.33047345  0.61794693]\n [ 0.28099514  0.65091434  1.08522802  0.33047345  6.31352813  4.6669995 ]\n [ 0.32199825  0.44913863  1.28786463  0.61794693  4.6669995   6.34060392]]", "nfev": "473", "njev": "66", "status": "2", "success": "False", "message": "Desired error not necessarily achieved due to precision loss.", "x": "[5.00285847 3.72365122 6.30404518 8.64811823 6.54627131 2.36609679]", "nit": "32"}, "23": {"maxiter": 1000, "gtol": 1e-10, "xrtol": 1e-10, "eps": 1e-10, "duration": 0.06333112716674805, "fun": "0.30389960525204596", "jac": "[0.00000000e+00 0.00000000e+00 0.00000000e+00 2.22044587e-06\n 1.11022293e-06 0.00000000e+00]", "hess_inv": "[[ 5.19789006  1.82510241  0.58201246  0.8772766  -1.11814409 -0.82006485]\n [ 1.82510241  4.62364466 -1.1779456   0.70593951 -0.98368225 -1.2670018 ]\n [ 0.58201246 -1.1779456   2.74480778  0.69957328 -0.43715701 -0.66211955]\n [ 0.8772766   0.70593951  0.69957328  2.95694766 -1.95824021 -2.05838041]\n [-1.11814409 -0.98368225 -0.43715701 -1.95824021  5.17253008  2.93517481]\n [-0.82006485 -1.2670018  -0.66211955 -2.05838041  2.93517481  3.74962808]]", "nfev": "371", "njev": "53", "status": "0", "success": "True", "message": "Optimization terminated successfully.", "x": "[5.00286466 3.72364963 6.30404524 8.64812069 6.54628396 2.36610885]", "nit": "34"}}, "cobyla": {"0": {"maxiter": 100, "tol": 1e-05, "catol": 1e-05, "duration": 0.016308069229125977, "x": "[5.00285745 3.72632382 6.30126651 3.91770565 3.3967776  5.49294536]", "status": "2", "success": "False", "message": "Maximum number of function evaluations has been exceeded.", "nfev": "100", "fun": "0.3039190734741317", "maxcv": "0.0"}, "1": {"maxiter": 100, "tol": 1e-05, "catol": 1e-10, "duration": 0.016278743743896484, "x": "[5.00285745 3.72632382 6.30126651 3.91770565 3.3967776  5.49294536]", "status": "2", "success": "False", "message": "Maximum number of function evaluations has been exceeded.", "nfev": "100", "fun": "0.3039190734741317", "maxcv": "0.0"}, "2": {"maxiter": 100, "tol": 1e-10, "catol": 1e-05, "duration": 0.016299009323120117, "x": "[5.00285745 3.72632382 6.30126651 3.91770565 3.3967776  5.49294536]", "status": "2", "success": "False", "message": "Maximum number of function evaluations has been exceeded.", "nfev": "100", "fun": "0.3039190734741317", "maxcv": "0.0"}, "3": {"maxiter": 100, "tol": 1e-10, "catol": 1e-10, "duration": 0.016264915466308594, "x": "[5.00285745 3.72632382 6.30126651 3.91770565 3.3967776  5.49294536]", "status": "2", "success": "False", "message": "Maximum number of function evaluations has been exceeded.", "nfev": "100", "fun": "0.3039190734741317", "maxcv": "0.0"}, "4": {"maxiter": 500, "tol": 1e-05, "catol": 1e-05, "duration": 0.030505895614624023, "x": "[5.00287091 3.7236544  6.30404414 3.91825873 3.40468731 5.50770656]", "status": "1", "success": "True", "messa