{"date": "2024/07/19/, 17:38:00", "conf_id": 262, "data_type": "var_s_rank\n", "num_data_points": 2, "s_rank": 0, "unitary": "[[0.18663085-0.53122324j,-0.11886349-0.70040876j,0.28555095-0.02789305j,-0.12262021-0.2844587j],[-0.16702216+0.27758472j,0.27526351-0.29738586j,-0.01109314+0.22495461j,-0.77239203+0.28900673j],[0.61935415+0.12301792j,-0.31269928-0.03315917j,-0.61902762-0.19039079j,-0.27120731-0.0968989j],[0.42341754+0.0023929j,-0.05847358+0.47832119j,0.64900495-0.16218422j,-0.37182676-0.05229966j]]", "databatch_0": {"databatch": "[[[0.06102663+0.45477312j,0.16526828+0.39034721j,-0.07467602+0.12861004j,0.20584024+0.18027894j],[0.06989985-0.26962596j,-0.00346002-0.2572956j,0.07144698-0.05518487j,-0.07440101-0.14850598j],[0.1013984+0.34627324j,0.17478552+0.28382378j,-0.04278893+0.10883445j,0.18139873+0.11571496j],[-0.0537873-0.104539j,-0.07341784-0.08003467j,0.00698143-0.03745897j,-0.0651711-0.02584093j]],[[-0.01648774+0.0678052j,-0.00574921-0.02549153j,0.02505028+0.05214634j,0.01886736-0.00719874j],[-0.37433367-0.02679824j,0.13004633-0.05328741j,-0.25414195+0.17948415j,0.05505044+0.09362031j],[0.09001183+0.55761215j,-0.12296902-0.17210197j,0.35068729+0.31030909j,0.118133-0.1129727j],[-0.06570611+0.23268616j,-0.01666794-0.08899712j,0.08011253+0.18374421j,0.06624455-0.02252879j]]]", "initial param values": "[5.61308204,0.6873828,0.79045491,0.02339424,3.2061749,5.97052036]", "nelder_mead": {"type": "gradient-free", "0": {"maxiter": 100, "fatol": 1e-05, "xatol": 1e-05, "duration": 0.026172161102294922, "fun": "0.45265993709213614", "nit": "100", "nfev": "154", "status": "2", "success": "False", "message": "Maximum number of iterations has been exceeded.", "x": "[ 4.07114160e+00  2.02093328e+00  1.47057910e+00 -1.44541018e-02\n -8.74092760e-03  1.12026611e+01]", "final_simplex": "(array([[ 4.07114160e+00,  2.02093328e+00,  1.47057910e+00,\n        -1.44541018e-02, -8.74092760e-03,  1.12026611e+01],\n       [ 4.12536550e+00,  1.73528973e+00,  1.16951438e+00,\n        -5.05938558e-03,  9.61008069e-01,  9.92190200e+00],\n       [ 4.17826693e+00,  1.74887382e+00,  1.25326490e+00,\n        -6.89658562e-03,  8.00927141e-01,  1.01909751e+01],\n       [ 4.21405259e+00,  1.72856410e+00,  1.09276352e+00,\n        -2.70081005e-03,  1.12016221e+00,  9.61285737e+00],\n       [ 4.13371602e+00,  1.64279923e+00,  1.07267444e+00,\n        -2.24851767e-03,  1.33364570e+00,  9.54920264e+00],\n       [ 4.23544793e+00,  1.79291123e+00,  1.08111905e+00,\n        -4.29290018e-03,  1.09447612e+00,  9.72111393e+00],\n       [ 4.27319394e+00,  1.62012267e+00,  9.23628102e-01,\n         1.22264051e-03,  1.67852364e+00,  8.93748780e+00]]), array([0.45265994, 0.45461617, 0.45599923, 0.45664979, 0.45697471,\n       0.45865719, 0.45882696]))"}, "1": {"maxiter": 100, "fatol": 1e-05, "xatol": 1e-10, "duration": 0.02604961395263672, "fun": "0.45265993709213614", "nit": "100", "nfev": "154", "status": "2", "success": "False", "message": "Maximum number of iterations has been exceeded.", "x": "[ 4.07114160e+00  2.02093328e+00  1.47057910e+00 -1.44541018e-02\n -8.74092760e-03  1.12026611e+01]", "final_simplex": "(array([[ 4.07114160e+00,  2.02093328e+00,  1.47057910e+00,\n        -1.44541018e-02, -8.74092760e-03,  1.12026611e+01],\n       [ 4.12536550e+00,  1.73528973e+00,  1.16951438e+00,\n        -5.05938558e-03,  9.61008069e-01,  9.92190200e+00],\n       [ 4.17826693e+00,  1.74887382e+00,  1.25326490e+00,\n        -6.89658562e-03,  8.00927141e-01,  1.01909751e+01],\n       [ 4.21405259e+00,  1.72856410e+00,  1.09276352e+00,\n        -2.70081005e-03,  1.12016221e+00,  9.61285737e+00],\n       [ 4.13371602e+00,  1.64279923e+00,  1.07267444e+00,\n        -2.24851767e-03,  1.33364570e+00,  9.54920264e+00],\n       [ 4.23544793e+00,  1.79291123e+00,  1.08111905e+00,\n        -4.29290018e-03,  1.09447612e+00,  9.72111393e+00],\n       [ 4.27319394e+00,  1.62012267e+00,  9.23628102e-01,\n         1.22264051e-03,  1.67852364e+00,  8.93748780e+00]]), array([0.45265994, 0.45461617, 0.45599923, 0.45664979, 0.45697471,\n       0.45865719, 0.45882696]))"}, "2": {"maxiter": 100, "fatol": 1e-10, "xatol": 1e-05, "duration": 0.026090145111083984, "fun": "0.45265993709213614", "nit": "100", "nfev": "154", "status": "2", "success": "False", "message": "Maximum number of iterations has been exceeded.", "x": "[ 4.07114160e+00  2.02093328e+00  1.47057910e+00 -1.44541018e-02\n -8.74092760e-03  1.12026611e+01]", "final_simplex": "(array([[ 4.07114160e+00,  2.02093328e+00,  1.47057910e+00,\n        -1.44541018e-02, -8.74092760e-03,  1.12026611e+01],\n       [ 4.12536550e+00,  1.73528973e+00,  1.16951438e+00,\n        -5.05938558e-03,  9.61008069e-01,  9.92190200e+00],\n       [ 4.17826693e+00,  1.74887382e+00,  1.25326490e+00,\n        -6.89658562e-03,  8.00927141e-01,  1.01909751e+01],\n       [ 4.21405259e+00,  1.72856410e+00,  1.09276352e+00,\n        -2.70081005e-03,  1.12016221e+00,  9.61285737e+00],\n       [ 4.13371602e+00,  1.64279923e+00,  1.07267444e+00,\n        -2.24851767e-03,  1.33364570e+00,  9.54920264e+00],\n       [ 4.23544793e+00,  1.79291123e+00,  1.08111905e+00,\n        -4.29290018e-03,  1.09447612e+00,  9.72111393e+00],\n       [ 4.27319394e+00,  1.62012267e+00,  9.23628102e-01,\n         1.22264051e-03,  1.67852364e+00,  8.93748780e+00]]), array([0.45265994, 0.45461617, 0.45599923, 0.45664979, 0.45697471,\n       0.45865719, 0.45882696]))"}, "3": {"maxiter": 100, "fatol": 1e-10, "xatol": 1e-10, "duration": 0.026031017303466797, "fun": "0.45265993709213614", "nit": "100", "nfev": "154", "status": "2", "success": "False", "message": "Maximum number of iterations has been exceeded.", "x": "[ 4.07114160e+00  2.02093328e+00  1.47057910e+00 -1.44541018e-02\n -8.74092760e-03  1.12026611e+01]", "final_simplex": "(array([[ 4.07114160e+00,  2.02093328e+00,  1.47057910e+00,\n        -1.44541018e-02, -8.74092760e-03,  1.12026611e+01],\n       [ 4.12536550e+00,  1.73528973e+00,  1.16951438e+00,\n        -5.05938558e-03,  9.61008069e-01,  9.92190200e+00],\n       [ 4.17826693e+00,  1.74887382e+00,  1.25326490e+00,\n        -6.89658562e-03,  8.00927141e-01,  1.01909751e+01],\n       [ 4.21405259e+00,  1.72856410e+00,  1.09276352e+00,\n        -2.70081005e-03,  1.12016221e+00,  9.61285737e+00],\n       [ 4.13371602e+00,  1.64279923e+00,  1.07267444e+00,\n        -2.24851767e-03,  1.33364570e+00,  9.54920264e+00],\n       [ 4.23544793e+00,  1.79291123e+00,  1.08111905e+00,\n        -4.29290018e-03,  1.09447612e+00,  9.72111393e+00],\n       [ 4.27319394e+00,  1.62012267e+00,  9.23628102e-01,\n         1.22264051e-03,  1.67852364e+00,  8.93748780e+00]]), array([0.45265994, 0.45461617, 0.45599923, 0.45664979, 0.45697471,\n       0.45865719, 0.45882696]))"}, "4": {"maxiter": 500, "fatol": 1e-05, "xatol": 1e-05, "duration": 0.1289358139038086, "fun": "0.3928441210381882", "nit": "500", "nfev": "763", "status": "2", "success": "False", "message": "Maximum number of iterations has been exceeded.", "x": "[ 4.5448031   2.84689078  4.67164058 -0.1038494  -3.59830434 17.49056772]", "final_simplex": "(array([[ 4.5448031 ,  2.84689078,  4.67164058, -0.1038494 , -3.59830434,\n        17.49056772],\n       [ 4.54215826,  2.85550555,  4.62429405, -0.10312466, -3.48810388,\n        17.36873724],\n       [ 4.54514202,  2.88801459,  4.65665933, -0.1037468 , -3.55037209,\n        17.42024888],\n       [ 4.52383565,  2.8552039 ,  4.59301917, -0.09983227, -3.59724307,\n        17.41497458],\n       [ 4.51719197,  2.86812985,  4.57128863, -0.10200788, -3.65774381,\n        17.48940903],\n       [ 4.57089652,  2.87599234,  4.63754714, -0.10158199, -3.52207054,\n        17.41323263],\n       [ 4.55841139,  2.86343823,  4.64408997, -0.10004872, -3.63843914,\n        17.53059679]]), array([0.39284412, 0.39332903, 0.39356639, 0.39363204, 0.39366437,\n       0.39378502, 0.39386202]))"}, "5": {"maxiter": 500, "fatol": 1e-05, "xatol": 1e-10, "duration": 0.1287827491760254, "fun": "0.3928441210381882", "nit": "500", "nfev": "763", "status": "2", "success": "False", "message": "Maximum number of iterations has been exceeded.", "x": "[ 4.5448031   2.84689078  4.67164058 -0.1038494  -3.59830434 17.49056772]", "final_simplex": "(array([[ 4.5448031 ,  2.84689078,  4.67164058, -0.1038494 , -3.59830434,\n        17.49056772],\n       [ 4.54215826,  2.85550555,  4.62429405, -0.10312466, -3.48810388,\n        17.36873724],\n       [ 4.54514202,  2.88801459,  4.65665933, -0.1037468 , -3.55037209,\n        17.42024888],\n       [ 4.52383565,  2.8552039 ,  4.59301917, -0.09983227, -3.59724307,\n        17.41497458],\n       [ 4.51719197,  2.86812985,  4.57128863, -0.10200788, -3.65774381,\n        17.48940903],\n       [ 4.57089652,  2.87599234,  4.63754714, -0.10158199, -3.52207054,\n        17.41323263],\n       [ 4.55841139,  2.86343823,  4.64408997, -0.10004872, -3.63843914,\n        17.53059679]]), array([0.39284412, 0.39332903, 0.39356639, 0.39363204, 0.39366437,\n       0.39378502, 0.39386202]))"}, "6": {"maxiter": 500, "fatol": 1e-10, "xatol": 1e-05, "duration": 0.12905216217041016, "fun": "0.3928441210381882", "nit": "500", "nfev": "763", "status": "2", "success": "False", "message": "Maximum number of iterations has been exceeded.", "x": "[ 4.5448031   2.84689078  4.67164058 -0.1038494  -3.59830434 17.49056772]", "final_simplex": "(array([[ 4.5448031 ,  2.84689078,  4.67164058, -0.1038494 , -3.59830434,\n        17.49056772],\n       [ 4.54215826,  2.85550555,  4.62429405, -0.10312466, -3.48810388,\n        17.36873724],\n       [ 4.54514202,  2.88801459,  4.65665933, -0.1037468 , -3.55037209,\n        17.42024888],\n       [ 4.52383565,  2.8552039 ,  4.59301917, -0.09983227, -3.59724307,\n        17.41497458],\n       [ 4.51719197,  2.86812985,  4.57128863, -0.10200788, -3.65774381,\n        17.48940903],\n       [ 4.57089652,  2.87599234,  4.63754714, -0.10158199, -3.52207054,\n        17.41323263],\n       [ 4.55841139,  2.86343823,  4.64408997, -0.10004872, -3.63843914,\n        17.53059679]]), array([0.39284412, 0.39332903, 0.39356639, 0.39363204, 0.39366437,\n       0.39378502, 0.39386202]))"}, "7": {"maxiter": 500, "fatol": 1e-10, "xatol": 1e-10, "duration": 0.13117384910583496, "fun": "0.3928441210381882", "nit": "500", "nfev": "763", "status": "2", "success": "False", "message": "Maximum number of iterations has been exceeded.", "x": "[ 4.5448031   2.84689078  4.67164058 -0.1038494  -3.59830434 17.49056772]", "final_simplex": "(array([[ 4.5448031 ,  2.84689078,  4.67164058, -0.1038494 , -3.59830434,\n        17.49056772],\n       [ 4.54215826,  2.85550555,  4.62429405, -0.10312466, -3.48810388,\n        17.36873724],\n       [ 4.54514202,  2.88801459,  4.65665933, -0.1037468 , -3.55037209,\n        17.42024888],\n       [ 4.52383565,  2.8552039 ,  4.59301917, -0.09983227, -3.59724307,\n        17.41497458],\n       [ 4.51719197,  2.86812985,  4.57128863, -0.10200788, -3.65774381,\n        17.48940903],\n       [ 4.57089652,  2.87599234,  4.63754714, -0.10158199, -3.52207054,\n        17.41323263],\n       [ 4.55841139,  2.86343823,  4.64408997, -0.10004872, -3.63843914,\n        17.53059679]]), array([0.39284412, 0.39332903, 0.39356639, 0.39363204, 0.39366437,\n       0.39378502, 0.39386202]))"}, "8": {"maxiter": 1000, "fatol": 1e-05, "xatol": 1e-05, "duration": 0.23703789710998535, "fun": "0.04204512792430248", "nit": "902", "nfev": "1385", "status": "0", "success": "True", "message": "Optimization terminated successfully.", "x": "[ 4.81091173  3.3702118   6.01452917 -1.85132165 -2.73198946 17.87681152]", "final_simplex": "(array([[ 4.81091173,  3.3702118 ,  6.01452917, -1.85132165, -2.73198946,\n        17.87681152],\n       [ 4.81091996,  3.37020944,  6.01453463, -1.851322  , -2.73198206,\n        17.87682051],\n       [ 4.8109207 ,  3.37020784,  6.01453239, -1.85131585, -2.7319864 ,\n        17.8768167 ],\n       [ 4.81091478,  3.37021786,  6.01453062, -1.8513202 , -2.73198759,\n        17.87681117],\n       [ 4.81091694,  3.37021268,  6.01453697, -1.85132253, -2.73199061,\n        17.8768113 ],\n       [ 4.81091298,  3.37021528,  6.01453629, -1.85131941, -2.73199334,\n        17.87681896],\n       [ 4.8109216 ,  3.3702191 ,  6.01452263, -1.85132545, -2.73198939,\n        17.87680401]]), array([0.04204513, 0.04204513, 0.04204513, 0.04204513, 0.04204513,\n       0.04204513, 0.04204513]))"}, "9": {"maxiter": 1000, "fatol": 1e-05, "xatol": 1e-10, "duration": 0.26908016204833984, "fun": "0.04204512791224335", "nit": "1000", "nfev": "1571", "status": "2", "success": "False", "message": "Maximum number of iterations has been exceeded.", "x": "[ 4.81091607  3.37020297  6.01452591 -1.85132048 -2.73198534 17.87681119]", "final_simplex": "(array([[ 4.81091607,  3.37020297,  6.01452591, -1.85132048, -2.73198534,\n        17.87681119],\n       [ 4.81091608,  3.37020297,  6.01452592, -1.85132048, -2.73198534,\n        17.87681119],\n       [ 4.81091608,  3.37020297,  6.01452591, -1.85132048, -2.73198534,\n        17.87681119],\n       [ 4.81091608,  3.37020297,  6.01452591, -1.85132048, -2.73198534,\n        17.87681118],\n       [ 4.81091608,  3.37020297,  6.01452591, -1.85132048, -2.73198534,\n        17.87681118],\n       [ 4.81091608,  3.37020297,  6.01452591, -1.85132048, -2.73198534,\n        17.87681118],\n       [ 4.81091608,  3.37020297,  6.01452591, -1.85132048, -2.73198534,\n        17.87681119]]), array([0.04204513, 0.04204513, 0.04204513, 0.04204513, 0.04204513,\n       0.04204513, 0.04204513]))"}, "10": {"maxiter": 1000, "fatol": 1e-10, "xatol": 1e-05, "duration": 0.2375631332397461, "fun": "0.04204512792430248", "nit": "902", "nfev": "1385", "status": "0", "success": "True", "message": "Optimization terminated successfully.", "x": "[ 4.81091173  3.3702118   6.01452917 -1.85132165 -2.73198946 17.87681152]", "final_simplex": "(array([[ 4.81091173,  3.3702118 ,  6.01452917, -1.85132165, -2.73198946,\n        17.87681152],\n       [ 4.81091996,  3.37020944,  6.01453463, -1.851322  , -2.73198206,\n        17.87682051],\n       [ 4.8109207 ,  3.37020784,  6.01453239, -1.85131585, -2.7319864 ,\n        17.8768167 ],\n       [ 4.81091478,  3.37021786,  6.01453062, -1.8513202 , -2.73198759,\n        17.87681117],\n       [ 4.81091694,  3.37021268,  6.01453697, -1.85132253, -2.73199061,\n        17.8768113 ],\n       [ 4.81091298,  3.37021528,  6.01453629, -1.85131941, -2.73199334,\n        17.87681896],\n       [ 4.8109216 ,  3.3702191 ,  6.01452263, -1.85132545, -2.73198939,\n        17.87680401]]), array([0.04204513, 0.04204513, 0.04204513, 0.04204513, 0.04204513,\n       0.04204513, 0.04204513]))"}, "11": {"maxiter": 1000, "fatol": 1e-10, "xatol": 1e-10, "duration": 0.26794910430908203, "fun": "0.04204512791224335", "nit": "1000", "nfev": "1571", "status": "2", "success": "False", "message": "Maximum number of iterations has been exceeded.", "x": "[ 4.81091607  3.37020297  6.01452591 -1.85132048 -2.73198534 17.87681119]", "final_simplex": "(array([[ 4.81091607,  3.37020297,  6.01452591, -1.85132048, -2.73198534,\n        17.87681119],\n       [ 4.81091608,  3.37020297,  6.01452592, -1.85132048, -2.73198534,\n        17.87681119],\n       [ 4.81091608,  3.37020297,  6.01452591, -1.85132048, -2.73198534,\n        17.87681119],\n       [ 4.81091608,  3.37020297,  6.01452591, -1.85132048, -2.73198534,\n        17.87681118],\n       [ 4.81091608,  3.37020297,  6.01452591, -1.85132048, -2.73198534,\n        17.87681118],\n       [ 4.81091608,  3.37020297,  6.01452591, -1.85132048, -2.73198534,\n        17.87681118],\n       [ 4.81091608,  3.37020297,  6.01452591, -1.85132048, -2.73198534,\n        17.87681119]]), array([0.04204513, 0.04204513, 0.04204513, 0.04204513, 0.04204513,\n       0.04204513, 0.04204513]))"}}, "bfgs": {"type": "gradient", "0": {"maxiter": 100, "gtol": 1e-05, "xrtol": 1e-05, "eps": 1e-05, "duration": 0.028435945510864258, "fun": "0.04204512801143323", "jac": "[-3.61588537e-07 -8.70858941e-08 -1.68465242e-06 -1.36070044e-06\n  8.12161449e-07 -7.93820565e-07]", "hess_inv": "[[ 3.75739299 -1.48702224 -0.01714937 -0.28635351  2.54490599 -0.53866352]\n [-1.48702224  4.38156009 -0.48021754 -1.46401671 -1.01433376 -0.78952195]\n [-0.01714937 -0.48021754  4.19549266 -0.46808373  1.04355479  2.67378117]\n [-0.28635351 -1.46401671 -0.46808373  2.55533173 -0.63278674 -0.00531642]\n [ 2.54490599 -1.01433376  1.04355479 -0.63278674  5.1896247   0.82765075]\n [-0.53866352 -0.78952195  2.67378117 -0.00531642  0.82765075  4.43173171]]", "nfev": "161", "njev": "23", "status": "0", "success": "True", "message": "Optimization terminated successfully.", "x": "[ 4.81090804  3.37020749 -0.26868316 -1.85132668  3.55118552  5.31041699]", "nit": "20"}, "1": {"maxiter": 100, "gtol": 1e-05, "xrtol": 1e-05, "eps": 1e-10, "duration": 0.028271198272705078, "fun": "0.04204512796415805", "jac": "[ 0.00000000e+00  1.11022293e-06 -2.22044587e-06 -2.22044587e-06\n  0.00000000e+00 -1.11022293e-06]", "hess_inv": "[[ 3.74824483 -1.48360303 -0.01680862 -0.27012527  2.55760048 -0.5858643 ]\n [-1.48360303  4.37544243 -0.44902503 -1.44234913 -0.94815205 -0.7803149 ]\n [-0.01680862 -0.44902503  4.15422837 -0.48783313  0.98187869  2.66781472]\n [-0.27012527 -1.44234913 -0.48783313  2.55687981 -0.64025881 -0.03361734]\n [ 2.55760048 -0.94815205  0.98187869 -0.64025881  5.19745841  0.78002069]\n [-0.5858643  -0.7803149   2.66781472 -0.03361734  0.78002069  4.47038014]]", "nfev": "161", "njev": "23", "status": "0", "success": "True", "message": "Optimization terminated successfully.", "x": "[ 4.81093204  3.37020408 -0.2686652  -1.85132523  3.55121781  5.31043679]", "nit": "20"}, "2": {"maxiter": 100, "gtol": 1e-05, "xrtol": 1e-10, "eps": 1e-05, "duration": 0.028249740600585938, "fun": "0.04204512801143323", "jac": "[-3.61588537e-07 -8.70858941e-08 -1.68465242e-06 -1.36070044e-06\n  8.12161449e-07 -7.93820565e-07]", "hess_inv": "[[ 3.75739299 -1.48702224 -0.01714937 -0.28635351  2.54490599 -0.53866352]\n [-1.48702224  4.38156009 -0.48021754 -1.46401671 -1.01433376 -0.78952195]\n [-0.01714937 -0.48021754  4.19549266 -0.46808373  1.04355479  2.67378117]\n [-0.28635351 -1.46401671 -0.46808373  2.55533173 -0.63278674 -0.00531642]\n [ 2.54490599 -1.01433376  1.04355479 -0.63278674  5.1896247   0.82765075]\n [-0.53866352 -0.78952195  2.67378117 -0.00531642  0.82765075  4.43173171]]", "nfev": "161", "njev": "23", "status": "0", "success": "True", "message": "Optimization terminated successfully.", "x": "[ 4.81090804  3.37020749 -0.26868316 -1.85132668  3.55118552  5.31041699]", "nit": "20"}, "3": {"maxiter": 100, "gtol": 1e-05, "xrtol": 1e-10, "eps": 1e-10, "duration": 0.028197050094604492, "fun": "0.04204512796415805", "jac": "[ 0.00000000e+00  1.11022293e-06 -2.22044587e-06 -2.22044587e-06\n  0.00000000e+00 -1.11022293e-06]", "hess_inv": "[[ 3.74824483 -1.48360303 -0.01680862 -0.27012527  2.55760048 -0.5858643 ]\n [-1.48360303  4.37544243 -0.44902503 -1.44234913 -0.94815205 -0.7803149 ]\n [-0.01680862 -0.44902503  4.15422837 -0.48783313  0.98187869  2.66781472]\n [-0.27012527 -1.44234913 -0.48783313  2.55687981 -0.64025881 -0.03361734]\n [ 2.55760048 -0.94815205  0.98187869 -0.64025881  5.19745841  0.78002069]\n [-0.5858643  -0.7803149   2.66781472 -0.03361734  0.78002069  4.47038014]]", "nfev": "161", "njev": "23", "status": "0", "success": "True", "message": "Optimization terminated successfully.", "x": "[ 4.81093204  3.37020408 -0.2686652  -1.85132523  3.55121781  5.31043679]", "nit": "20"}, "4": {"maxiter": 100, "gtol": 1e-10, "xrtol": 1e-05, "eps": 1e-05, "duration": 0.028264999389648438, "fun": "0.04204512801143323", "jac": "[-3.61588537e-07 -8.70858941e-08 -1.68465242e-06 -1.36070044e-06\n  8.12161449e-07 -7.93820565e-07]", "hess_inv": "[[ 3.75739299 -1.48702224 -0.01714937 -0.28635351  2.54490599 -0.53866352]\n [-1.48702224  4.38156009 -0.48021754 -1.46401671 -1.01433376 -0.78952195]\n [-0.01714937 -0.48021754  4.19549266 -0.46808373  1.04355479  2.67378117]\n [-0.28635351 -1.46401671 -0.46808373  2.55533173 -0.63278674 -0.00531642]\n [ 2.54490599 -1.01433376  1.04355479 -0.63278674  5.1896247   0.82765075]\n [-0.53866352 -0.78952195  2.67378117 -0.00531642  0.82765075  4.43173171]]", "nfev": "161", "njev": "23", "status": "0", "success": "True", "message": "Optimization terminated successfully.", "x": "[ 4.81090804  3.37020749 -0.26868316 -1.85132668  3.55118552  5.31041699]", "nit": "20"}, "5": {"maxiter": 100, "gtol": 1e-10, "xrtol": 1e-05, "eps": 1e-10, "duration": 0.028270244598388672, "fun": "0.04204512796415805", "jac": "[ 0.00000000e+00  1.11022293e-06 -2.22044587e-06 -2.22044587e-06\n  0.00000000e+00 -1.11022293e-06]", "hess_inv": "[[ 3.74824483 -1.48360303 -0.01680862 -0.27012527  2.55760048 -0.5858643 ]\n [-1.48360303  4.37544243 -0.44902503 -1.44234913 -0.94815205 -0.7803149 ]\n [-0.01680862 -0.44902503  4.15422837 -0.48783313  0.98187869  2.66781472]\n [-0.27012527 -1.44234913 -0.48783313  2.55687981 -0.64025881 -0.03361734]\n [ 2.55760048 -0.94815205  0.98187869 -0.64025881  5.19745841  0.78002069]\n [-0.5858643  -0.7803149   2.66781472 -0.03361734  0.78002069  4.47038014]]", "nfev": "161", "njev": "23", "status": "0", "success": "True", "message": "Optimization terminated successfully.", "x": "[ 4.81093204  3.37020408 -0.2686652  -1.85132523  3.55121781  5.31043679]", "nit": "20"}, "6": {"maxiter": 100, "gtol": 1e-10, "xrtol": 1e-10, "eps": 1e-05, "duration": 0.07030892372131348, "fun": "0.04204512796663562", "jac": "[-5.55111512e-11  4.21884749e-10 -8.32667268e-10 -3.10862447e-10\n  1.11022302e-10  1.04360964e-09]", "hess_inv": "[[ 4.13469744 -1.29923481 -0.27374289 -0.01094292  2.59887125 -0.69700119]\n [-1.29923481  3.96871071 -0.21403218 -1.27222318 -1.19130813 -0.68409651]\n [-0.27374289 -0.21403218  4.42080208 -0.40612137  1.12122311  3.02967758]\n [-0.01094292 -1.27222318 -0.40612137  2.98311537 -0.61454345  0.19504641]\n [ 2.59887125 -1.19130813  1.12122311 -0.61454345  5.11199085  0.85068783]\n [-0.69700119 -0.68409651  3.02967758  0.19504641  0.85068783  4.81583093]]", "nfev": "403", "njev": "56", "status": "2", "success": "False", "message": "Desired error not necessarily achieved due to precision loss.", "x": "[ 4.8109063   3.37020569 -0.2686749  -1.85132277  3.55118392  5.3104252 ]", "nit": "24"}, "7": {"maxiter": 100, "gtol": 1e-10, "xrtol": 1e-10, "eps": 1e-10, "duration": 0.0682365894317627, "fun": "0.04204512794017812", "jac": "[ 2.22044587e-06 -1.11022293e-06  0.00000000e+00  4.44089173e-06\n  2.22044587e-06  0.00000000e+00]", "hess_inv": "[[ 0.39009663  0.50020277  0.34836327  0.34072949 -0.97763628  0.12768532]\n [ 0.50020277  0.8604261   0.48850642  0.50368842 -1.42434062  0.23225382]\n [ 0.34836327  0.48850642  0.45004778  0.41275487 -1.03646729  0.12247641]\n [ 0.34072949  0.50368842  0.41275487  0.42305403 -1.04576261  0.12181641]\n [-0.97763628 -1.42434062 -1.03646729 -1.04576261  2.78191699 -0.3666084 ]\n [ 0.12768532  0.23225382  0.12247641  0.12181641 -0.3666084   0.08382334]]", "nfev": "392", "njev": "56", "status": "0", "success": "True", "message": "Optimization terminated successfully.", "x": "[ 4.81092308  3.37019641 -0.26865119 -1.85131783  3.55121344  5.31045206]", "nit": "32"}, "8": {"maxiter": 500, "gtol": 1e-05, "xrtol": 1e-05, "eps": 1e-05, "duration": 0.028292179107666016, "fun": "0.04204512801143323", "jac": "[-3.61588537e-07 -8.70858941e-08 -1.68465242e-06 -1.36070044e-06\n  8.12161449e-07 -7.93820565e-07]", "hess_inv": "[[ 3.75739299 -1.48702224 -0.01714937 -0.28635351  2.54490599 -0.53866352]\n [-1.48702224  4.38156009 -0.48021754 -1.46401671 -1.01433376 -0.78952195]\n [-0.01714937 -0.48021754  4.19549266 -0.46808373  1.04355479  2.67378117]\n [-0.28635351 -1.46401671 -0.46808373  2.55533173 -0.63278674 -0.00531642]\n [ 2.54490599 -1.01433376  1.04355479 -0.63278674  5.1896247   0.82765075]\n [-0.53866352 -0.78952195  2.67378117 -0.00531642  0.82765075  4.43173171]]", "nfev": "161", "njev": "23", "status": "0", "success": "True", "message": "Optimization terminated successfully.", "x": "[ 4.81090804  3.37020749 -0.26868316 -1.85132668  3.55118552  5.31041699]", "nit": "20"}, "9": {"maxiter": 500, "gtol": 1e-05, "xrtol": 1e-05, "eps": 1e-10, "duration": 0.027786970138549805, "fun": "0.04204512796415805", "jac": "[ 0.00000000e+00  1.11022293e-06 -2.22044587e-06 -2.22044587e-06\n  0.00000000e+00 -1.11022293e-06]", "hess_inv": "[[ 3.74824483 -1.48360303 -0.01680862 -0.27012527  2.55760048 -0.5858643 ]\n [-1.48360303  4.37544243 -0.44902503 -1.44234913 -0.94815205 -0.7803149 ]\n [-0.01680862 -0.44902503  4.15422837 -0.48783313  0.98187869  2.66781472]\n [-0.27012527 -1.44234913 -0.48783313  2.55687981 -0.64025881 -0.03361734]\n [ 2.55760048 -0.94815205  0.98187869 -0.64025881  5.19745841  0.78002069]\n [-0.5858643  -0.7803149   2.66781472 -0.03361734  0.78002069  4.47038014]]", "nfev": "161", "njev": "23", "status": "0", "success": "True", "message": "Optimization terminated successfully.", "x": "[ 4.81093204  3.37020408 -0.2686652  -1.85132523  3.55121781  5.31043679]", "nit": "20"}, "10": {"maxiter": 500, "gtol": 1e-05, "xrtol": 1e-10, "eps": 1e-05, "duration": 0.02782607078552246, "fun": "0.04204512801143323", "jac": "[-3.61588537e-07 -8.70858941e-08 -1.68465242e-06 -1.36070044e-06\n  8.12161449e-07 -7.93820565e-07]", "hess_inv": "[[ 3.75739299 -1.48702224 -0.01714937 -0.28635351  2.54490599 -0.53866352]\n [-1.48702224  4.38156009 -0.48021754 -1.46401671 -1.01433376 -0.78952195]\n [-0.01714937 -0.48021754  4.19549266 -0.46808373  1.04355479  2.67378117]\n [-0.28635351 -1.46401671 -0.46808373  2.55533173 -0.63278674 -0.00531642]\n [ 2.54490599 -1.01433376  1.04355479 -0.63278674  5.1896247   0.82765075]\n [-0.53866352 -0.78952195  2.67378117 -0.00531642  0.82765075  4.43173171]]", "nfev": "161", "njev": "23", "status": "0", "success": "True", "message": "Optimization terminated successfully.", "x": "[ 4.81090804  3.37020749 -0.26868316 -1.85132668  3.55118552  5.31041699]", "nit": "20"}, "11": {"maxiter": 500, "gtol": 1e-05, "xrtol": 1e-10, "eps": 1e-10, "duration": 0.02783203125, "fun": "0.04204512796415805", "jac": "[ 0.00000000e+00  1.11022293e-06 -2.22044587e-06 -2.22044587e-06\n  0.00000000e+00 -1.11022293e-06]", "hess_inv": "[[ 3.74824483 -1.48360303 -0.01680862 -0.27012527  2.55760048 -0.5858643 ]\n [-1.48360303  4.37544243 -0.44902503 -1.44234913 -0.94815205 -0.7803149 ]\n [-0.01680862 -0.44902503  4.15422837 -0.48783313  0.98187869  2.66781472]\n [-0.27012527 -1.44234913 -0.48783313  2.55687981 -0.64025881 -0.03361734]\n [ 2.55760048 -0.94815205  0.98187869 -0.64025881  5.19745841  0.78002069]\n [-0.5858643  -0.7803149   2.66781472 -0.03361734  0.78002069  4.47038014]]", "nfev": "161", "njev": "23", "status": "0", "success": "True", "message": "Optimization terminated successfully.", "x": "[ 4.81093204  3.37020408 -0.2686652  -1.85132523  3.55121781  5.31043679]", "nit": "20"}, "12": {"maxiter": 500, "gtol": 1e-10, "xrtol": 1e-05, "eps": 1e-05, "duration": 0.027857303619384766, "fun": "0.04204512801143323", "jac": "[-3.61588537e-07 -8.70858941e-08 -1.68465242e-06 -1.36070044e-06\n  8.12161449e-07 -7.93820565e-07]", "hess_inv": "[[ 3.75739299 -1.48702224 -0.01714937 -0.28635351  2.54490599 -0.53866352]\n [-1.48702224  4.38156009 -0.48021754 -1.46401671 -1.01433376 -0.78952195]\n [-0.01714937 -0.48021754  4.19549266 -0.46808373  1.04355479  2.67378117]\n [-0.28635351 -1.46401671 -0.46808373  2.55533173 -0.63278674 -0.00531642]\n [ 2.54490599 -1.01433376  1.04355479 -0.63278674  5.1896247   0.82765075]\n [-0.53866352 -0.78952195  2.67378117 -0.00531642  0.82765075  4.43173171]]", "nfev": "161", "njev": "23", "status": "0", "success": "True", "message": "Optimization terminated successfully.", "x": "[ 4.81090804  3.37020749 -0.26868316 -1.85132668  3.55118552  5.31041699]", "nit": "20"}, "13": {"maxiter": 500, "gtol": 1e-10, "xrtol": 1e-05, "eps": 1e-10, "duration": 0.02791905403137207, "fun": "0.04204512796415805", "jac": "[ 0.00000000e+00  1.11022293e-06 -2.22044587e-06 -2.22044587e-06\n  0.00000000e+00 -1.11022293e-06]", "hess_inv": "[[ 3.74824483 -1.48360303 -0.01680862 -0.27012527  2.55760048 -0.5858643 ]\n [-1.48360303  4.37544243 -0.44902503 -1.44234913 -0.94815205 -0.7803149 ]\n [-0.01680862 -0.44902503  4.15422837 -0.48783313  0.98187869  2.66781472]\n [-0.27012527 -1.44234913 -0.48783313  2.55687981 -0.64025881 -0.03361734]\n [ 2.55760048 -0.94815205  0.98187869 -0.64025881  5.19745841  0.78002069]\n [-0.5858643  -0.7803149   2.66781472 -0.03361734  0.78002069  4.47038014]]", "nfev": "161", "njev": "23", "status": "0", "success": "True", "message": "Optimization terminated successfully.", "x": "[ 4.81093204  3.37020408 -0.2686652  -1.85132523  3.55121781  5.31043679]", "nit": "20"}, "14": {"maxiter": 500, "gtol": 1e-10, "xrtol": 1e-10, "eps": 1e-05, "duration": 0.06943416595458984, "fun": "0.04204512796663562", "jac": "[-5.55111512e-11  4.21884749e-10 -8.32667268e-10 -3.10862447e-10\n  1.11022302e-10  1.04360964e-09]", "hess_inv": "[[ 4.13469744 -1.29923481 -0.27374289 -0.01094292  2.59887125 -0.69700119]\n [-1.29923481  3.96871071 -0.21403218 -1.27222318 -1.19130813 -0.68409651]\n [-0.27374289 -0.21403218  4.42080208 -0.40612137  1.12122311  3.02967758]\n [-0.01094292 -1.27222318 -0.40612137  2.98311537 -0.61454345  0.19504641]\n [ 2.59887125 -1.19130813  1.12122311 -0.61454345  5.11199085  0.85068783]\n [-0.69700119 -0.68409651  3.02967758  0.19504641  0.85068783  4.81583093]]", "nfev": "403", "njev": "56", "status": "2", "success": "False", "message": "Desired error not necessarily achieved due to precision loss.", "x": "[ 4.8109063   3.37020569 -0.2686749  -1.85132277  3.55118392  5.3104252 ]", "nit": "24"}, "15": {"maxiter": 500, "gtol": 1e-10, "xrtol": 1e-10, "eps": 1e-10, "duration": 0.06798887252807617, "fun": "0.04204512794017812", "jac": "[ 2.22044587e-06 -1.11022293e-06  0.00000000e+00  4.44089173e-06\n  2.22044587e-06  0.00000000e+00]", "hess_inv": "[[ 0.39009663  0.50020277  0.34836327  0.34072949 -0.97763628  0.12768532]\n [ 0.50020277  0.8604261   0.48850642  0.50368842 -1.42434062  0.23225382]\n [ 0.34836327  0.48850642  0.45004778  0.41275487 -1.03646729  0.12247641]\n [ 0.34072949  0.50368842  0.41275487  0.42305403 -1.04576261  0.12181641]\n [-0.97763628 -1.42434062 -1.03646729 -1.04576261  2.78191699 -0.3666084 ]\n [ 0.12768532  0.23225382  0.12247641  0.12181641 -0.3666084   0.08382334]]", "nfev": "392", "njev": "56", "status": "0", "success": "True", "message": "Optimization terminated successfully.", "x": "[ 4.81092308  3.37019641 -0.26865119 -1.85131783  3.55121344  5.31045206]", "nit": "32"}, "16": {"maxiter": 1000, "gtol": 1e-05, "xrtol": 1e-05, "eps": 1e-05, "duration": 0.028875112533569336, "fun": "0.04204512801143323", "jac": "[-3.61588537e-07 -8.70858941e-08 -1.68465242e-06 -1.36070044e-06\n  8.12161449e-07 -7.93820565e-07]", "hess_inv": "[[ 3.75739299 -1.48702224 -0.01714937 -0.28635351  2.54490599 -0.53866352]\n [-1.48702224  4.38156009 -0.48021754 -1.46401671 -1.01433376 -0.78952195]\n [-0.01714937 -0.48021754  4.19549266 -0.46808373  1.04355479  2.67378117]\n [-0.28635351 -1.46401671 -0.46808373  2.55533173 -0.63278674 -0.00531642]\n [ 2.54490599 -1.01433376  1.04355479 -0.63278674  5.1896247   0.82765075]\n [-0.53866352 -0.78952195  2.67378117 -0.00531642  0.82765075  4.43173171]]", "nfev": "161", "njev": "23", "status": "0", "success": "True", "message": "Optimization terminated successfully.", "x": "[ 4.81090804  3.37020749 -0.26868316 -1.85132668  3.55118552  5.31041699]", "nit": "20"}, "17": {"maxiter": 1000, "gtol": 1e-05, "xrtol": 1e-05, "eps": 1e-10, "duration": 0.02853679656982422, "fun": "0.04204512796415805", "jac": "[ 0.00000000e+00  1.11022293e-06 -2.22044587e-06 -2.22044587e-06\n  0.00000000e+00 -1.11022293e-06]", "hess_inv": "[[ 3.74824483 -1.48360303 -0.01680862 -0.27012527  2.55760048 -0.5858643 ]\n [-1.48360303  4.37544243 -0.44902503 -1.44234913 -0.94815205 -0.7803149 ]\n [-0.01680862 -0.44902503  4.15422837 -0.48783313  0.98187869  2.66781472]\n [-0.27012527 -1.44234913 -0.48783313  2.55687981 -0.64025881 -0.03361734]\n [ 2.55760048 -0.94815205  0.98187869 -0.64025881  5.19745841  0.78002069]\n [-0.5858643  -0.7803149   2.66781472 -0.03361734  0.78002069  4.47038014]]", "nfev": "161", "njev": "23", "status": "0", "success": "True", "message": "Optimization terminated successfully.", "x": "[ 4.81093204  3.37020408 -0.2686652  -1.85132523  3.55121781  5.31043679]", "nit": "20"}, "18": {"maxiter": 1000, "gtol": 1e-05, "xrtol": 1e-10, "eps": 1e-05, "duration": 0.02874279022216797, "fun": "0.04204512801143323", "jac": "[-3.61588537e-07 -8.70858941e-08 -1.68465242e-06 -1.36070044e-06\n  8.12161449e-07 -7.93820565e-07]", "hess_inv": "[[ 3.75739299 -1.48702224 -0.01714937 -0.28635351  2.54490599 -0.53866352]\n [-1.48702224  4.38156009 -0.48021754 -1.46401671 -1.01433376 -0.78952195]\n [-0.01714937 -0.48021754  4.19549266 -0.46808373  1.04355479  2.67378117]\n [-0.28635351 -1.46401671 -0.46808373  2.55533173 -0.63278674 -0.00531642]\n [ 2.54490599 -1.01433376  1.04355479 -0.63278674  5.1896247   0.82765075]\n [-0.53866352 -0.78952195  2.67378117 -0.00531642  0.82765075  4.43173171]]", "nfev": "161", "njev": "23", "status": "0", "success": "True", "message": "Optimization terminated successfully.", "x": "[ 4.81090804  3.37020749 -0.26868316 -1.85132668  3.55118552  5.31041699]", "nit": "20"}, "19": {"maxiter": 1000, "gtol": 1e-05, "xrtol": 1e-10, "eps": 1e-10, "duration": 0.028588056564331055, "fun": "0.04204512796415805", "jac": "[ 0.00000000e+00  1.11022293e-06 -2.22044587e-06 -2.22044587e-06\n  0.00000000e+00 -1.11022293e-06]", "hess_inv": "[[ 3.74824483 -1.48360303 -0.01680862 -0.27012527  2.55760048 -0.5858643 ]\n [-1.48360303  4.37544243 -0.44902503 -1.44234913 -0.94815205 -0.7803149 ]\n [-0.01680862 -0.44902503  4.15422837 -0.48783313  0.98187869  2.66781472]\n [-0.27012527 -1.44234913 -0.48783313  2.55687981 -0.64025881 -0.03361734]\n [ 2.55760048 -0.94815205  0.98187869 -0.64025881  5.19745841  0.78002069]\n [-0.5858643  -0.7803149   2.66781472 -0.03361734  0.78002069  4.47038014]]", "nfev": "161", "njev": "23", "status": "0", "success": "True", "message": "Optimization terminated successfully.", "x": "[ 4.81093204  3.37020408 -0.2686652  -1.85132523  3.55121781  5.31043679]", "nit": "20"}, "20": {"maxiter": 1000, "gtol": 1e-10, "xrtol": 1e-05, "eps": 1e-05, "duration": 0.028235912322998047, "fun": "0.04204512801143323", "jac": "[-3.61588537e-07 -8.70858941e-08 -1.68465242e-06 -1.36070044e-06\n  8.12161449e-07 -7.93820565e-07]", "hess_inv": "[[ 3.75739299 -1.48702224 -0.01714937 -0.28635351  2.54490599 -0.53866352]\n [-1.48702224  4.38156009 -0.48021754 -1.46401671 -1.01433376 -0.78952195]\n [-0.01714937 -0.48021754  4.19549266 -0.46808373  1.04355479  2.67378117]\n [-0.28635351 -1.46401671 -0.46808373  2.55533173 -0.63278674 -0.00531642]\n [ 2.54490599 -1.01433376  1.04355479 -0.63278674  5.1896247   0.82765075]\n [-0.53866352 -0.78952195  2.67378117 -0.00531642  0.82765075  4.43173171]]", "nfev": "161", "njev": "23", "status": "0", "success": "True", "message": "Optimization terminated successfully.", "x": "[ 4.81090804  3.37020749 -0.26868316 -1.85132668  3.55118552  5.31041699]", "nit": "20"}, "21": {"maxiter": 1000, "gtol": 1e-10, "xrtol": 1e-05, "eps": 1e-10, "duration": 0.02833700180053711, "fun": "0.04204512796415805", "jac": "[ 0.00000000e+00  1.11022293e-06 -2.22044587e-06 -2.22044587e-06\n  0.00000000e+00 -1.11022293e-06]", "hess_inv": "[[ 3.74824483 -1.48360303 -0.01680862 -0.27012527  2.55760048 -0.5858643 ]\n [-1.48360303  4.37544243 -0.44902503 -1.44234913 -0.94815205 -0.7803149 ]\n [-0.01680862 -0.44902503  4.15422837 -0.48783313  0.98187869  2.66781472]\n [-0.27012527 -1.44234913 -0.48783313  2.55687981 -0.64025881 -0.03361734]\n [ 2.55760048 -0.94815205  0.98187869 -0.64025881  5.19745841  0.78002069]\n [-0.5858643  -0.7803149   2.66781472 -0.03361734  0.78002069  4.47038014]]", "nfev": "161", "njev": "23", "status": "0", "success": "True", "message": "Optimization terminated successfully.", "x": "[ 4.81093204  3.37020408 -0.2686652  -1.85132523  3.55121781  5.31043679]", "nit": "20"}, "22": {"maxiter": 1000, "gtol": 1e-10, "xrtol": 1e-10, "eps": 1e-05, "duration": 0.0700831413269043, "fun": "0.04204512796663562", "jac": "[-5.55111512e-11  4.21884749e-10 -8.32667268e-10 -3.10862447e-10\n  1.11022302e-10  1.04360964e-09]", "hess_inv": "[[ 4.13469744 -1.29923481 -0.27374289 -0.01094292  2.59887125 -0.69700119]\n [-1.29923481  3.96871071 -0.21403218 -1.27222318 -1.19130813 -0.68409651]\n [-0.27374289 -0.21403218  4.42080208 -0.40612137  1.12122311  3.02967758]\n [-0.01094292 -1.27222318 -0.40612137  2.98311537 -0.61454345  0.19504641]\n [ 2.59887125 -1.19130813  1.12122311 -0.61454345  5.11199085  0.85068783]\n [-0.69700119 -0.68409651  3.02967758  0.19504641  0.85068783  4.81583093]]", "nfev": "403", "njev": "56", "status": "2", "success": "False", "message": "Desired error not necessarily achieved due to precision loss.", "x": "[ 4.8109063   3.37020569 -0.2686749  -1.85132277  3.55118392  5.3104252 ]", "nit": "24"}, "23": {"maxiter": 1000, "gtol": 1e-10, "xrtol": 1e-10, "eps": 1e-10, "duration": 0.06784391403198242, "fun": "0.04204512794017812", "jac": "[ 2.22044587e-06 -1.11022293e-06  0.00000000e+00  4.44089173e-06\n  2.22044587e-06  0.00000000e+00]", "hess_inv": "[[ 0.39009663  0.50020277  0.34836327  0.34072949 -0.97763628  0.12768532]\n [ 0.50020277  0.8604261   0.48850642  0.50368842 -1.42434062  0.23225382]\n [ 0.34836327  0.48850642  0.45004778  0.41275487 -1.03646729  0.12247641]\n [ 0.34072949  0.50368842  0.41275487  0.42305403 -1.04576261  0.12181641]\n [-0.97763628 -1.42434062 -1.03646729 -1.04576261  2.78191699 -0.3666084 ]\n [ 0.12768532  0.23225382  0.12247641  0.12181641 -0.3666084   0.08382334]]", "nfev": "392", "njev": "56", "status": "0", "success": "True", "message": "Optimization terminated successfully.", "x": "[ 4.81092308  3.37019641 -0.26865119 -1.85131783  3.55121344  5.31045206]", "nit": "32"}}, "cobyla": {"0": {"maxiter": 100, "tol": 1e-05, "catol": 1e-05, "duration": 0.01650094985961914, "x": "[ 4.81105713  3.36934803 -0.26885798 -1.85126239  3.55265658  5.3103347 ]", "status": "2", "success": "False", "message": "Maximum number of function evaluations has been exceeded.", "nfev": "100", "fun": "0.042045519619857474", "maxcv": "0.0"}, "1": {"maxiter": 100, "tol": 1e-05, "catol": 1e-10, "duration": 0.01656198501586914, "x": "[ 4.81105713  3.36934803 -0.26885798 -1.85126239  3.55265658  5.3103347 ]", "status": "2", "success": "False", "message": "Maximum number of function evaluations has been exceeded.", "nfev": "100", "fun": "0.042045519619857474", "maxcv": "0.0"}, "2": {"maxiter": 100, "tol": 1e-10, "catol": 1e-05, "duration": 0.016512632369995117, "x": "[ 4.81105713  3.36934803 -0.26885798 -1.85126239  3.55265658  5.3103347 ]", "status": "2", "success": "False", "message": "Maximum number of function evaluations has been exceeded.", "nfev": "100", "fun": "0.042045519619857474", "maxcv": "0.0"}, "3": {"maxiter": 100, "tol": 1e-10, "catol": 1e-10, "duration": 0.016509056091308594, "x": "[ 4.81105713  3.36934803 -0.26885798 -1.85126239  3.55265658  5.3103347 ]", "status": "2", "success": "False", "message": "Maximum number of function evaluations has been exceeded.", "nfev": "100", "fun": "0.042045519619857474", "maxcv": "0.0"}, "4": {"maxiter": 500, "tol": 1e-05, "catol": 1e-05, "duration": 0.0282590389251709, "x": "[ 4.81091025  3.37020242 -0.26865987 -1.85132669  3.55119093  5.31043697]", "status": "1", "success": "True", "message": "Optimization terminated successfully.", "nfev": "171", "fun": "0.042045127937066606", "maxcv": "0.0"}, "5": {"maxiter": 500, "tol": 1e-05, "catol": 1e-10, "duration": 0.028241872787475586, "x": "[ 4.81091025  3.37020242 -0.26865987 -1.85132669  3.55119093  5.31043697]", "status": "1", "success": "True", "message": "Optimization terminated successfully.", "nfev": "171", "fun": "0.042045127937066606", "maxcv": "0.0"}, "6": {"m