{"date": "2024/07/19/, 14:58:13", "conf_id": 218, "data_type": "non_lin_ind\n", "num_data_points": 3, "s_rank": 0, "unitary": "[[-0.53618537-0.34368723j,-0.12107031-0.46226139j,-0.07699282-0.46603512j,0.36022595-0.11472301j],[0.26026499-0.63450712j,-0.56616638+0.37832564j,-0.14988651+0.08458591j,0.10363514-0.16008501j],[-0.32580188-0.11070003j,-0.36476308-0.23593218j,0.02559343+0.41761608j,-0.25598305+0.6725303j],[0.07406738-0.0126433j,0.28513701+0.19483972j,-0.74939717-0.10299659j,0.29798249+0.46269921j]]", "databatch_0": {"databatch": "[[[0.1220834-0.21923986j,-0.04510407+0.22761359j,-0.13809078-0.45001594j,0.05713788-0.3573249j],[-0.17810826+0.02010716j,-0.11971442-0.11027257j,0.30748008-0.024599j,-0.26662473-0.28027236j],[0.16360923+0.21097462j,0.18759797-0.12999359j,-0.05940483-0.00115418j,-0.11842117-0.09283996j],[0.22925679-0.04263663j,0.03891098-0.08243376j,-0.04990158+0.03685493j,-0.03303281+0.10040328j]],[[-0.02217288+0.1601508j,-0.10985076+0.15024957j,0.06567724+0.31752368j,0.2052328-0.22292787j],[-0.36178572-0.1122455j,0.19441811+0.01381177j,0.23374395-0.02351324j,0.0849944+0.04291077j],[0.09819786+0.21499983j,0.04263508-0.00303015j,0.29344942+0.19277008j,0.02101502+0.31582477j],[0.06362887-0.15124941j,-0.27171218-0.23109735j,0.22607633+0.04797938j,-0.05418256-0.06980667j]],[[-0.18609077-0.07200137j,-0.00413321+0.33154333j,-0.3433634+0.09777556j,0.05963654+0.19414571j],[-0.14761687+0.15732437j,0.16618552+0.20744679j,-0.06961935+0.30830664j,0.16404227+0.13176558j],[-0.16003208-0.0677269j,0.23360632+0.06158045j,0.19280096-0.0575808j,-0.14214416-0.27072435j],[0.3084113+0.17510229j,-0.18302683-0.09531158j,0.07834117+0.06163411j,-0.11439981+0.07902214j]]]", "initial param values": "[3.77662547,0.00556176,2.46218772,2.82890095,0.04905749,4.89937191]", "nelder_mead": {"type": "gradient-free", "0": {"maxiter": 100, "fatol": 1e-05, "xatol": 1e-05, "duration": 0.028024911880493164, "fun": "0.6406569178832324", "nit": "100", "nfev": "164", "status": "2", "success": "False", "message": "Maximum number of iterations has been exceeded.", "x": "[ 5.03415153e+00 -2.43585525e-03  9.14023547e-01  6.27877495e+00\n  5.18389805e-02  1.00236300e+01]", "final_simplex": "(array([[ 5.03415153e+00, -2.43585525e-03,  9.14023547e-01,\n         6.27877495e+00,  5.18389805e-02,  1.00236300e+01],\n       [ 4.96778283e+00, -2.25775602e-03,  9.20686450e-01,\n         6.26792758e+00,  5.15734794e-02,  9.91143604e+00],\n       [ 4.89696813e+00, -2.27486121e-03,  8.46452676e-01,\n         6.24290185e+00,  5.42636058e-02,  9.98550326e+00],\n       [ 5.14038959e+00, -2.76263407e-03,  7.55578309e-01,\n         6.53605478e+00,  5.41292146e-02,  1.01969960e+01],\n       [ 4.86830536e+00, -2.40634986e-03,  8.76619146e-01,\n         6.26931039e+00,  5.25134947e-02,  1.00595014e+01],\n       [ 5.19533439e+00, -2.71442310e-03,  8.65650163e-01,\n         6.46666075e+00,  5.14960585e-02,  1.01391213e+01],\n       [ 5.00747077e+00, -2.68763956e-03,  7.26800968e-01,\n         6.55380358e+00,  5.45050130e-02,  1.01689392e+01]]), array([0.64065692, 0.64147224, 0.64228674, 0.64231985, 0.64241429,\n       0.64244639, 0.64312383]))"}, "1": {"maxiter": 100, "fatol": 1e-05, "xatol": 1e-10, "duration": 0.02789783477783203, "fun": "0.6406569178832324", "nit": "100", "nfev": "164", "status": "2", "success": "False", "message": "Maximum number of iterations has been exceeded.", "x": "[ 5.03415153e+00 -2.43585525e-03  9.14023547e-01  6.27877495e+00\n  5.18389805e-02  1.00236300e+01]", "final_simplex": "(array([[ 5.03415153e+00, -2.43585525e-03,  9.14023547e-01,\n         6.27877495e+00,  5.18389805e-02,  1.00236300e+01],\n       [ 4.96778283e+00, -2.25775602e-03,  9.20686450e-01,\n         6.26792758e+00,  5.15734794e-02,  9.91143604e+00],\n       [ 4.89696813e+00, -2.27486121e-03,  8.46452676e-01,\n         6.24290185e+00,  5.42636058e-02,  9.98550326e+00],\n       [ 5.14038959e+00, -2.76263407e-03,  7.55578309e-01,\n         6.53605478e+00,  5.41292146e-02,  1.01969960e+01],\n       [ 4.86830536e+00, -2.40634986e-03,  8.76619146e-01,\n         6.26931039e+00,  5.25134947e-02,  1.00595014e+01],\n       [ 5.19533439e+00, -2.71442310e-03,  8.65650163e-01,\n         6.46666075e+00,  5.14960585e-02,  1.01391213e+01],\n       [ 5.00747077e+00, -2.68763956e-03,  7.26800968e-01,\n         6.55380358e+00,  5.45050130e-02,  1.01689392e+01]]), array([0.64065692, 0.64147224, 0.64228674, 0.64231985, 0.64241429,\n       0.64244639, 0.64312383]))"}, "2": {"maxiter": 100, "fatol": 1e-10, "xatol": 1e-05, "duration": 0.02841973304748535, "fun": "0.6406569178832324", "nit": "100", "nfev": "164", "status": "2", "success": "False", "message": "Maximum number of iterations has been exceeded.", "x": "[ 5.03415153e+00 -2.43585525e-03  9.14023547e-01  6.27877495e+00\n  5.18389805e-02  1.00236300e+01]", "final_simplex": "(array([[ 5.03415153e+00, -2.43585525e-03,  9.14023547e-01,\n         6.27877495e+00,  5.18389805e-02,  1.00236300e+01],\n       [ 4.96778283e+00, -2.25775602e-03,  9.20686450e-01,\n         6.26792758e+00,  5.15734794e-02,  9.91143604e+00],\n       [ 4.89696813e+00, -2.27486121e-03,  8.46452676e-01,\n         6.24290185e+00,  5.42636058e-02,  9.98550326e+00],\n       [ 5.14038959e+00, -2.76263407e-03,  7.55578309e-01,\n         6.53605478e+00,  5.41292146e-02,  1.01969960e+01],\n       [ 4.86830536e+00, -2.40634986e-03,  8.76619146e-01,\n         6.26931039e+00,  5.25134947e-02,  1.00595014e+01],\n       [ 5.19533439e+00, -2.71442310e-03,  8.65650163e-01,\n         6.46666075e+00,  5.14960585e-02,  1.01391213e+01],\n       [ 5.00747077e+00, -2.68763956e-03,  7.26800968e-01,\n         6.55380358e+00,  5.45050130e-02,  1.01689392e+01]]), array([0.64065692, 0.64147224, 0.64228674, 0.64231985, 0.64241429,\n       0.64244639, 0.64312383]))"}, "3": {"maxiter": 100, "fatol": 1e-10, "xatol": 1e-10, "duration": 0.02829909324645996, "fun": "0.6406569178832324", "nit": "100", "nfev": "164", "status": "2", "success": "False", "message": "Maximum number of iterations has been exceeded.", "x": "[ 5.03415153e+00 -2.43585525e-03  9.14023547e-01  6.27877495e+00\n  5.18389805e-02  1.00236300e+01]", "final_simplex": "(array([[ 5.03415153e+00, -2.43585525e-03,  9.14023547e-01,\n         6.27877495e+00,  5.18389805e-02,  1.00236300e+01],\n       [ 4.96778283e+00, -2.25775602e-03,  9.20686450e-01,\n         6.26792758e+00,  5.15734794e-02,  9.91143604e+00],\n       [ 4.89696813e+00, -2.27486121e-03,  8.46452676e-01,\n         6.24290185e+00,  5.42636058e-02,  9.98550326e+00],\n       [ 5.14038959e+00, -2.76263407e-03,  7.55578309e-01,\n         6.53605478e+00,  5.41292146e-02,  1.01969960e+01],\n       [ 4.86830536e+00, -2.40634986e-03,  8.76619146e-01,\n         6.26931039e+00,  5.25134947e-02,  1.00595014e+01],\n       [ 5.19533439e+00, -2.71442310e-03,  8.65650163e-01,\n         6.46666075e+00,  5.14960585e-02,  1.01391213e+01],\n       [ 5.00747077e+00, -2.68763956e-03,  7.26800968e-01,\n         6.55380358e+00,  5.45050130e-02,  1.01689392e+01]]), array([0.64065692, 0.64147224, 0.64228674, 0.64231985, 0.64241429,\n       0.64244639, 0.64312383]))"}, "4": {"maxiter": 500, "fatol": 1e-05, "xatol": 1e-05, "duration": 0.13310003280639648, "fun": "0.44889847911099157", "nit": "500", "nfev": "778", "status": "2", "success": "False", "message": "Maximum number of iterations has been exceeded.", "x": "[ 4.6582163  -0.41737456  1.17603986  7.63459527 -1.57364178 11.9970048 ]", "final_simplex": "(array([[ 4.6582163 , -0.41737456,  1.17603986,  7.63459527, -1.57364178,\n        11.9970048 ],\n       [ 4.73064171, -0.41678433,  1.28087449,  7.44571409, -1.5730056 ,\n        11.84557224],\n       [ 4.64897796, -0.42878365,  1.32342472,  7.65127307, -1.62320231,\n        12.00859116],\n       [ 4.50436984, -0.39015195,  1.30834908,  7.54105894, -1.47320056,\n        12.06137169],\n       [ 4.56241914, -0.38708497,  1.24087423,  7.7172169 , -1.46032195,\n        12.08157229],\n       [ 4.68518202, -0.38664591,  1.46260257,  7.58271309, -1.46468058,\n        11.88596232],\n       [ 4.69565287, -0.4082024 ,  1.36373432,  7.49706283, -1.54337661,\n        12.0333606 ]]), array([0.44889848, 0.44910604, 0.45015395, 0.45174581, 0.45685178,\n       0.45775461, 0.45968922]))"}, "5": {"maxiter": 500, "fatol": 1e-05, "xatol": 1e-10, "duration": 0.13359475135803223, "fun": "0.44889847911099157", "nit": "500", "nfev": "778", "status": "2", "success": "False", "message": "Maximum number of iterations has been exceeded.", "x": "[ 4.6582163  -0.41737456  1.17603986  7.63459527 -1.57364178 11.9970048 ]", "final_simplex": "(array([[ 4.6582163 , -0.41737456,  1.17603986,  7.63459527, -1.57364178,\n        11.9970048 ],\n       [ 4.73064171, -0.41678433,  1.28087449,  7.44571409, -1.5730056 ,\n        11.84557224],\n       [ 4.64897796, -0.42878365,  1.32342472,  7.65127307, -1.62320231,\n        12.00859116],\n       [ 4.50436984, -0.39015195,  1.30834908,  7.54105894, -1.47320056,\n        12.06137169],\n       [ 4.56241914, -0.38708497,  1.24087423,  7.7172169 , -1.46032195,\n        12.08157229],\n       [ 4.68518202, -0.38664591,  1.46260257,  7.58271309, -1.46468058,\n        11.88596232],\n       [ 4.69565287, -0.4082024 ,  1.36373432,  7.49706283, -1.54337661,\n        12.0333606 ]]), array([0.44889848, 0.44910604, 0.45015395, 0.45174581, 0.45685178,\n       0.45775461, 0.45968922]))"}, "6": {"maxiter": 500, "fatol": 1e-10, "xatol": 1e-05, "duration": 0.1358201503753662, "fun": "0.44889847911099157", "nit": "500", "nfev": "778", "status": "2", "success": "False", "message": "Maximum number of iterations has been exceeded.", "x": "[ 4.6582163  -0.41737456  1.17603986  7.63459527 -1.57364178 11.9970048 ]", "final_simplex": "(array([[ 4.6582163 , -0.41737456,  1.17603986,  7.63459527, -1.57364178,\n        11.9970048 ],\n       [ 4.73064171, -0.41678433,  1.28087449,  7.44571409, -1.5730056 ,\n        11.84557224],\n       [ 4.64897796, -0.42878365,  1.32342472,  7.65127307, -1.62320231,\n        12.00859116],\n       [ 4.50436984, -0.39015195,  1.30834908,  7.54105894, -1.47320056,\n        12.06137169],\n       [ 4.56241914, -0.38708497,  1.24087423,  7.7172169 , -1.46032195,\n        12.08157229],\n       [ 4.68518202, -0.38664591,  1.46260257,  7.58271309, -1.46468058,\n        11.88596232],\n       [ 4.69565287, -0.4082024 ,  1.36373432,  7.49706283, -1.54337661,\n        12.0333606 ]]), array([0.44889848, 0.44910604, 0.45015395, 0.45174581, 0.45685178,\n       0.45775461, 0.45968922]))"}, "7": {"maxiter": 500, "fatol": 1e-10, "xatol": 1e-10, "duration": 0.13364100456237793, "fun": "0.44889847911099157", "nit": "500", "nfev": "778", "status": "2", "success": "False", "message": "Maximum number of iterations has been exceeded.", "x": "[ 4.6582163  -0.41737456  1.17603986  7.63459527 -1.57364178 11.9970048 ]", "final_simplex": "(array([[ 4.6582163 , -0.41737456,  1.17603986,  7.63459527, -1.57364178,\n        11.9970048 ],\n       [ 4.73064171, -0.41678433,  1.28087449,  7.44571409, -1.5730056 ,\n        11.84557224],\n       [ 4.64897796, -0.42878365,  1.32342472,  7.65127307, -1.62320231,\n        12.00859116],\n       [ 4.50436984, -0.39015195,  1.30834908,  7.54105894, -1.47320056,\n        12.06137169],\n       [ 4.56241914, -0.38708497,  1.24087423,  7.7172169 , -1.46032195,\n        12.08157229],\n       [ 4.68518202, -0.38664591,  1.46260257,  7.58271309, -1.46468058,\n        11.88596232],\n       [ 4.69565287, -0.4082024 ,  1.36373432,  7.49706283, -1.54337661,\n        12.0333606 ]]), array([0.44889848, 0.44910604, 0.45015395, 0.45174581, 0.45685178,\n       0.45775461, 0.45968922]))"}, "8": {"maxiter": 1000, "fatol": 1e-05, "xatol": 1e-05, "duration": 0.26696324348449707, "fun": "0.42475617545262223", "nit": "1000", "nfev": "1535", "status": "2", "success": "False", "message": "Maximum number of iterations has been exceeded.", "x": "[ 4.42585006 -0.69971128  1.1652705   7.61279447 -1.45820644 11.82952794]", "final_simplex": "(array([[ 4.42585006, -0.69971128,  1.1652705 ,  7.61279447, -1.45820644,\n        11.82952794],\n       [ 4.44085522, -0.7016067 ,  1.1587359 ,  7.62896724, -1.46448048,\n        11.82548001],\n       [ 4.43370022, -0.68960823,  1.14965869,  7.61683395, -1.46614624,\n        11.84248194],\n       [ 4.44282083, -0.69376295,  1.16011677,  7.60459761, -1.47952168,\n        11.84587844],\n       [ 4.43954393, -0.72303681,  1.14884316,  7.6240528 , -1.43756822,\n        11.82985601],\n       [ 4.46090261, -0.7071964 ,  1.13789532,  7.60239111, -1.4618246 ,\n        11.81971117],\n       [ 4.42956592, -0.71922996,  1.13838824,  7.63329507, -1.46235196,\n        11.82513741]]), array([0.42475618, 0.42479296, 0.42480733, 0.42483244, 0.42486958,\n       0.42487079, 0.4248832 ]))"}, "9": {"maxiter": 1000, "fatol": 1e-05, "xatol": 1e-10, "duration": 0.26654624938964844, "fun": "0.42475617545262223", "nit": "1000", "nfev": "1535", "status": "2", "success": "False", "message": "Maximum number of iterations has been exceeded.", "x": "[ 4.42585006 -0.69971128  1.1652705   7.61279447 -1.45820644 11.82952794]", "final_simplex": "(array([[ 4.42585006, -0.69971128,  1.1652705 ,  7.61279447, -1.45820644,\n        11.82952794],\n       [ 4.44085522, -0.7016067 ,  1.1587359 ,  7.62896724, -1.46448048,\n        11.82548001],\n       [ 4.43370022, -0.68960823,  1.14965869,  7.61683395, -1.46614624,\n        11.84248194],\n       [ 4.44282083, -0.69376295,  1.16011677,  7.60459761, -1.47952168,\n        11.84587844],\n       [ 4.43954393, -0.72303681,  1.14884316,  7.6240528 , -1.43756822,\n        11.82985601],\n       [ 4.46090261, -0.7071964 ,  1.13789532,  7.60239111, -1.4618246 ,\n        11.81971117],\n       [ 4.42956592, -0.71922996,  1.13838824,  7.63329507, -1.46235196,\n        11.82513741]]), array([0.42475618, 0.42479296, 0.42480733, 0.42483244, 0.42486958,\n       0.42487079, 0.4248832 ]))"}, "10": {"maxiter": 1000, "fatol": 1e-10, "xatol": 1e-05, "duration": 0.2641899585723877, "fun": "0.42475617545262223", "nit": "1000", "nfev": "1535", "status": "2", "success": "False", "message": "Maximum number of iterations has been exceeded.", "x": "[ 4.42585006 -0.69971128  1.1652705   7.61279447 -1.45820644 11.82952794]", "final_simplex": "(array([[ 4.42585006, -0.69971128,  1.1652705 ,  7.61279447, -1.45820644,\n        11.82952794],\n       [ 4.44085522, -0.7016067 ,  1.1587359 ,  7.62896724, -1.46448048,\n        11.82548001],\n       [ 4.43370022, -0.68960823,  1.14965869,  7.61683395, -1.46614624,\n        11.84248194],\n       [ 4.44282083, -0.69376295,  1.16011677,  7.60459761, -1.47952168,\n        11.84587844],\n       [ 4.43954393, -0.72303681,  1.14884316,  7.6240528 , -1.43756822,\n        11.82985601],\n       [ 4.46090261, -0.7071964 ,  1.13789532,  7.60239111, -1.4618246 ,\n        11.81971117],\n       [ 4.42956592, -0.71922996,  1.13838824,  7.63329507, -1.46235196,\n        11.82513741]]), array([0.42475618, 0.42479296, 0.42480733, 0.42483244, 0.42486958,\n       0.42487079, 0.4248832 ]))"}, "11": {"maxiter": 1000, "fatol": 1e-10, "xatol": 1e-10, "duration": 0.26763391494750977, "fun": "0.42475617545262223", "nit": "1000", "nfev": "1535", "status": "2", "success": "False", "message": "Maximum number of iterations has been exceeded.", "x": "[ 4.42585006 -0.69971128  1.1652705   7.61279447 -1.45820644 11.82952794]", "final_simplex": "(array([[ 4.42585006, -0.69971128,  1.1652705 ,  7.61279447, -1.45820644,\n        11.82952794],\n       [ 4.44085522, -0.7016067 ,  1.1587359 ,  7.62896724, -1.46448048,\n        11.82548001],\n       [ 4.43370022, -0.68960823,  1.14965869,  7.61683395, -1.46614624,\n        11.84248194],\n       [ 4.44282083, -0.69376295,  1.16011677,  7.60459761, -1.47952168,\n        11.84587844],\n       [ 4.43954393, -0.72303681,  1.14884316,  7.6240528 , -1.43756822,\n        11.82985601],\n       [ 4.46090261, -0.7071964 ,  1.13789532,  7.60239111, -1.4618246 ,\n        11.81971117],\n       [ 4.42956592, -0.71922996,  1.13838824,  7.63329507, -1.46235196,\n        11.82513741]]), array([0.42475618, 0.42479296, 0.42480733, 0.42483244, 0.42486958,\n       0.42487079, 0.4248832 ]))"}}, "bfgs": {"type": "gradient", "0": {"maxiter": 100, "gtol": 1e-05, "xrtol": 1e-05, "eps": 1e-05, "duration": 0.034911155700683594, "fun": "0.42474146611899577", "jac": "[ 1.08731912e-06  2.82307511e-07 -2.83251200e-07  9.23083832e-07\n  1.89714910e-07  5.39612799e-07]", "hess_inv": "[[ 4.06875835 -0.41002572 -0.73554908 -1.19617567 -0.13333464 -0.84873823]\n [-0.41002572  4.65278826  1.63883679  0.54789664 -1.24864832 -0.71543343]\n [-0.73554908  1.63883679  4.71002836  0.88310457 -0.46330553 -0.10554294]\n [-1.19617567  0.54789664  0.88310457  3.96216981 -0.19928803  0.01946969]\n [-0.13333464 -1.24864832 -0.46330553 -0.19928803  4.07125187 -0.27524593]\n [-0.84873823 -0.71543343 -0.10554294  0.01946969 -0.27524593  3.98733056]]", "nfev": "196", "njev": "28", "status": "0", "success": "True", "message": "Optimization terminated successfully.", "x": "[ 4.43326425 -0.7009316   1.15763119  1.32927592 -1.46153734  5.54579447]", "nit": "20"}, "1": {"maxiter": 100, "gtol": 1e-05, "xrtol": 1e-05, "eps": 1e-10, "duration": 0.03477025032043457, "fun": "0.4247414661376333", "jac": "[ 1.11022293e-06  1.11022293e-06 -2.22044587e-06 -2.22044587e-06\n -2.22044587e-06 -2.22044587e-06]", "hess_inv": "[[ 3.97873335 -0.32978864 -0.749229   -1.13705686 -0.15861479 -0.79000835]\n [-0.32978864  4.63830452  1.5687936   0.4064406  -1.26204656 -0.77130139]\n [-0.749229    1.5687936   4.80358842  0.97979892 -0.42251745 -0.09974986]\n [-1.13705686  0.4064406   0.97979892  3.98712197 -0.14402321 -0.0243874 ]\n [-0.15861479 -1.26204656 -0.42251745 -0.14402321  4.08171809 -0.26193411]\n [-0.79000835 -0.77130139 -0.09974986 -0.0243874  -0.26193411  3.94911052]]", "nfev": "196", "njev": "28", "status": "0", "success": "True", "message": "Optimization terminated successfully.", "x": "[ 4.43326955 -0.70092784  1.1576312   1.32926556 -1.46154011  5.54579464]", "nit": "20"}, "2": {"maxiter": 100, "gtol": 1e-05, "xrtol": 1e-10, "eps": 1e-05, "duration": 0.03484702110290527, "fun": "0.42474146611899577", "jac": "[ 1.08731912e-06  2.82307511e-07 -2.83251200e-07  9.23083832e-07\n  1.89714910e-07  5.39612799e-07]", "hess_inv": "[[ 4.06875835 -0.41002572 -0.73554908 -1.19617567 -0.13333464 -0.84873823]\n [-0.41002572  4.65278826  1.63883679  0.54789664 -1.24864832 -0.71543343]\n [-0.73554908  1.63883679  4.71002836  0.88310457 -0.46330553 -0.10554294]\n [-1.19617567  0.54789664  0.88310457  3.96216981 -0.19928803  0.01946969]\n [-0.13333464 -1.24864832 -0.46330553 -0.19928803  4.07125187 -0.27524593]\n [-0.84873823 -0.71543343 -0.10554294  0.01946969 -0.27524593  3.98733056]]", "nfev": "196", "njev": "28", "status": "0", "success": "True", "message": "Optimization terminated successfully.", "x": "[ 4.43326425 -0.7009316   1.15763119  1.32927592 -1.46153734  5.54579447]", "nit": "20"}, "3": {"maxiter": 100, "gtol": 1e-05, "xrtol": 1e-10, "eps": 1e-10, "duration": 0.0352330207824707, "fun": "0.4247414661376333", "jac": "[ 1.11022293e-06  1.11022293e-06 -2.22044587e-06 -2.22044587e-06\n -2.22044587e-06 -2.22044587e-06]", "hess_inv": "[[ 3.97873335 -0.32978864 -0.749229   -1.13705686 -0.15861479 -0.79000835]\n [-0.32978864  4.63830452  1.5687936   0.4064406  -1.26204656 -0.77130139]\n [-0.749229    1.5687936   4.80358842  0.97979892 -0.42251745 -0.09974986]\n [-1.13705686  0.4064406   0.97979892  3.98712197 -0.14402321 -0.0243874 ]\n [-0.15861479 -1.26204656 -0.42251745 -0.14402321  4.08171809 -0.26193411]\n [-0.79000835 -0.77130139 -0.09974986 -0.0243874  -0.26193411  3.94911052]]", "nfev": "196", "njev": "28", "status": "0", "success": "True", "message": "Optimization terminated successfully.", "x": "[ 4.43326955 -0.70092784  1.1576312   1.32926556 -1.46154011  5.54579464]", "nit": "20"}, "4": {"maxiter": 100, "gtol": 1e-10, "xrtol": 1e-05, "eps": 1e-05, "duration": 0.03531217575073242, "fun": "0.42474146611899577", "jac": "[ 1.08731912e-06  2.82307511e-07 -2.83251200e-07  9.23083832e-07\n  1.89714910e-07  5.39612799e-07]", "hess_inv": "[[ 4.06875835 -0.41002572 -0.73554908 -1.19617567 -0.13333464 -0.84873823]\n [-0.41002572  4.65278826  1.63883679  0.54789664 -1.24864832 -0.71543343]\n [-0.73554908  1.63883679  4.71002836  0.88310457 -0.46330553 -0.10554294]\n [-1.19617567  0.54789664  0.88310457  3.96216981 -0.19928803  0.01946969]\n [-0.13333464 -1.24864832 -0.46330553 -0.19928803  4.07125187 -0.27524593]\n [-0.84873823 -0.71543343 -0.10554294  0.01946969 -0.27524593  3.98733056]]", "nfev": "196", "njev": "28", "status": "0", "success": "True", "message": "Optimization terminated successfully.", "x": "[ 4.43326425 -0.7009316   1.15763119  1.32927592 -1.46153734  5.54579447]", "nit": "20"}, "5": {"maxiter": 100, "gtol": 1e-10, "xrtol": 1e-05, "eps": 1e-10, "duration": 0.034555912017822266, "fun": "0.4247414661376333", "jac": "[ 1.11022293e-06  1.11022293e-06 -2.22044587e-06 -2.22044587e-06\n -2.22044587e-06 -2.22044587e-06]", "hess_inv": "[[ 3.97873335 -0.32978864 -0.749229   -1.13705686 -0.15861479 -0.79000835]\n [-0.32978864  4.63830452  1.5687936   0.4064406  -1.26204656 -0.77130139]\n [-0.749229    1.5687936   4.80358842  0.97979892 -0.42251745 -0.09974986]\n [-1.13705686  0.4064406   0.97979892  3.98712197 -0.14402321 -0.0243874 ]\n [-0.15861479 -1.26204656 -0.42251745 -0.14402321  4.08171809 -0.26193411]\n [-0.79000835 -0.77130139 -0.09974986 -0.0243874  -0.26193411  3.94911052]]", "nfev": "196", "njev": "28", "status": "0", "success": "True", "message": "Optimization terminated successfully.", "x": "[ 4.43326955 -0.70092784  1.1576312   1.32926556 -1.46154011  5.54579464]", "nit": "20"}, "6": {"maxiter": 100, "gtol": 1e-10, "xrtol": 1e-10, "eps": 1e-05, "duration": 0.08446478843688965, "fun": "0.42474146611899577", "jac": "[ 1.08731912e-06  2.82307511e-07 -2.83251200e-07  9.23083832e-07\n  1.89714910e-07  5.39612799e-07]", "hess_inv": "[[ 4.2479021  -0.43288084 -0.76677721 -1.06100643 -0.11472667 -0.80323118]\n [-0.43288084  4.58612134  1.6945125   0.52813469 -1.2267089  -0.75058603]\n [-0.76677721  1.6945125   4.67707134  0.86141192 -0.4846112  -0.09167452]\n [-1.06100643  0.52813469  0.86141192  4.06406792 -0.18436826  0.05274451]\n [-0.11472667 -1.2267089  -0.4846112  -0.18436826  4.06468919 -0.26026475]\n [-0.80323118 -0.75058603 -0.09167452  0.05274451 -0.26026475  3.98651336]]", "nfev": "488", "njev": "68", "status": "2", "success": "False", "message": "Desired error not necessarily achieved due to precision loss.", "x": "[ 4.43326425 -0.7009316   1.15763119  1.32927592 -1.46153734  5.54579447]", "nit": "20"}, "7": {"maxiter": 100, "gtol": 1e-10, "xrtol": 1e-10, "eps": 1e-10, "duration": 0.05996203422546387, "fun": "0.424741466109158", "jac": "[0.00000000e+00 0.00000000e+00 1.11022293e-06 1.11022293e-06\n 2.22044587e-06 1.11022293e-06]", "hess_inv": "[[10.38748524 -3.3140155  -0.08475739  3.02765901 -2.79013676  0.5767795 ]\n [-3.3140155   1.17330462  0.01676526 -0.98785167  0.86522095 -0.24771961]\n [-0.08475739  0.01676526  0.02120752 -0.06076636  0.05101135 -0.0106121 ]\n [ 3.02765901 -0.98785167 -0.06076636  0.99927851 -0.82324191  0.17766327]\n [-2.79013676  0.86522095  0.05101135 -0.82324191  0.85430157 -0.19895861]\n [ 0.5767795  -0.24771961 -0.0106121   0.17766327 -0.19895861  0.10195621]]", "nfev": "343", "njev": "49", "status": "0", "success": "True", "message": "Optimization terminated successfully.", "x": "[ 4.43326156 -0.70092653  1.15763993  1.32928054 -1.4615357   5.5457969 ]", "nit": "30"}, "8": {"maxiter": 500, "gtol": 1e-05, "xrtol": 1e-05, "eps": 1e-05, "duration": 0.034677982330322266, "fun": "0.42474146611899577", "jac": "[ 1.08731912e-06  2.82307511e-07 -2.83251200e-07  9.23083832e-07\n  1.89714910e-07  5.39612799e-07]", "hess_inv": "[[ 4.06875835 -0.41002572 -0.73554908 -1.19617567 -0.13333464 -0.84873823]\n [-0.41002572  4.65278826  1.63883679  0.54789664 -1.24864832 -0.71543343]\n [-0.73554908  1.63883679  4.71002836  0.88310457 -0.46330553 -0.10554294]\n [-1.19617567  0.54789664  0.88310457  3.96216981 -0.19928803  0.01946969]\n [-0.13333464 -1.24864832 -0.46330553 -0.19928803  4.07125187 -0.27524593]\n [-0.84873823 -0.71543343 -0.10554294  0.01946969 -0.27524593  3.98733056]]", "nfev": "196", "njev": "28", "status": "0", "success": "True", "message": "Optimization terminated successfully.", "x": "[ 4.43326425 -0.7009316   1.15763119  1.32927592 -1.46153734  5.54579447]", "nit": "20"}, "9": {"maxiter": 500, "gtol": 1e-05, "xrtol": 1e-05, "eps": 1e-10, "duration": 0.03492879867553711, "fun": "0.4247414661376333", "jac": "[ 1.11022293e-06  1.11022293e-06 -2.22044587e-06 -2.22044587e-06\n -2.22044587e-06 -2.22044587e-06]", "hess_inv": "[[ 3.97873335 -0.32978864 -0.749229   -1.13705686 -0.15861479 -0.79000835]\n [-0.32978864  4.63830452  1.5687936   0.4064406  -1.26204656 -0.77130139]\n [-0.749229    1.5687936   4.80358842  0.97979892 -0.42251745 -0.09974986]\n [-1.13705686  0.4064406   0.97979892  3.98712197 -0.14402321 -0.0243874 ]\n [-0.15861479 -1.26204656 -0.42251745 -0.14402321  4.08171809 -0.26193411]\n [-0.79000835 -0.77130139 -0.09974986 -0.0243874  -0.26193411  3.94911052]]", "nfev": "196", "njev": "28", "status": "0", "success": "True", "message": "Optimization terminated successfully.", "x": "[ 4.43326955 -0.70092784  1.1576312   1.32926556 -1.46154011  5.54579464]", "nit": "20"}, "10": {"maxiter": 500, "gtol": 1e-05, "xrtol": 1e-10, "eps": 1e-05, "duration": 0.033904075622558594, "fun": "0.42474146611899577", "jac": "[ 1.08731912e-06  2.82307511e-07 -2.83251200e-07  9.23083832e-07\n  1.89714910e-07  5.39612799e-07]", "hess_inv": "[[ 4.06875835 -0.41002572 -0.73554908 -1.19617567 -0.13333464 -0.84873823]\n [-0.41002572  4.65278826  1.63883679  0.54789664 -1.24864832 -0.71543343]\n [-0.73554908  1.63883679  4.71002836  0.88310457 -0.46330553 -0.10554294]\n [-1.19617567  0.54789664  0.88310457  3.96216981 -0.19928803  0.01946969]\n [-0.13333464 -1.24864832 -0.46330553 -0.19928803  4.07125187 -0.27524593]\n [-0.84873823 -0.71543343 -0.10554294  0.01946969 -0.27524593  3.98733056]]", "nfev": "196", "njev": "28", "status": "0", "success": "True", "message": "Optimization terminated successfully.", "x": "[ 4.43326425 -0.7009316   1.15763119  1.32927592 -1.46153734  5.54579447]", "nit": "20"}, "11": {"maxiter": 500, "gtol": 1e-05, "xrtol": 1e-10, "eps": 1e-10, "duration": 0.03453326225280762, "fun": "0.4247414661376333", "jac": "[ 1.11022293e-06  1.11022293e-06 -2.22044587e-06 -2.22044587e-06\n -2.22044587e-06 -2.22044587e-06]", "hess_inv": "[[ 3.97873335 -0.32978864 -0.749229   -1.13705686 -0.15861479 -0.79000835]\n [-0.32978864  4.63830452  1.5687936   0.4064406  -1.26204656 -0.77130139]\n [-0.749229    1.5687936   4.80358842  0.97979892 -0.42251745 -0.09974986]\n [-1.13705686  0.4064406   0.97979892  3.98712197 -0.14402321 -0.0243874 ]\n [-0.15861479 -1.26204656 -0.42251745 -0.14402321  4.08171809 -0.26193411]\n [-0.79000835 -0.77130139 -0.09974986 -0.0243874  -0.26193411  3.94911052]]", "nfev": "196", "njev": "28", "status": "0", "success": "True", "message": "Optimization terminated successfully.", "x": "[ 4.43326955 -0.70092784  1.1576312   1.32926556 -1.46154011  5.54579464]", "nit": "20"}, "12": {"maxiter": 500, "gtol": 1e-10, "xrtol": 1e-05, "eps": 1e-05, "duration": 0.03419089317321777, "fun": "0.42474146611899577", "jac": "[ 1.08731912e-06  2.82307511e-07 -2.83251200e-07  9.23083832e-07\n  1.89714910e-07  5.39612799e-07]", "hess_inv": "[[ 4.06875835 -0.41002572 -0.73554908 -1.19617567 -0.13333464 -0.84873823]\n [-0.41002572  4.65278826  1.63883679  0.54789664 -1.24864832 -0.71543343]\n [-0.73554908  1.63883679  4.71002836  0.88310457 -0.46330553 -0.10554294]\n [-1.19617567  0.54789664  0.88310457  3.96216981 -0.19928803  0.01946969]\n [-0.13333464 -1.24864832 -0.46330553 -0.19928803  4.07125187 -0.27524593]\n [-0.84873823 -0.71543343 -0.10554294  0.01946969 -0.27524593  3.98733056]]", "nfev": "196", "njev": "28", "status": "0", "success": "True", "message": "Optimization terminated successfully.", "x": "[ 4.43326425 -0.7009316   1.15763119  1.32927592 -1.46153734  5.54579447]", "nit": "20"}, "13": {"maxiter": 500, "gtol": 1e-10, "xrtol": 1e-05, "eps": 1e-10, "duration": 0.03391885757446289, "fun": "0.4247414661376333", "jac": "[ 1.11022293e-06  1.11022293e-06 -2.22044587e-06 -2.22044587e-06\n -2.22044587e-06 -2.22044587e-06]", "hess_inv": "[[ 3.97873335 -0.32978864 -0.749229   -1.13705686 -0.15861479 -0.79000835]\n [-0.32978864  4.63830452  1.5687936   0.4064406  -1.26204656 -0.77130139]\n [-0.749229    1.5687936   4.80358842  0.97979892 -0.42251745 -0.09974986]\n [-1.13705686  0.4064406   0.97979892  3.98712197 -0.14402321 -0.0243874 ]\n [-0.15861479 -1.26204656 -0.42251745 -0.14402321  4.08171809 -0.26193411]\n [-0.79000835 -0.77130139 -0.09974986 -0.0243874  -0.26193411  3.94911052]]", "nfev": "196", "njev": "28", "status": "0", "success": "True", "message": "Optimization terminated successfully.", "x": "[ 4.43326955 -0.70092784  1.1576312   1.32926556 -1.46154011  5.54579464]", "nit": "20"}, "14": {"maxiter": 500, "gtol": 1e-10, "xrtol": 1e-10, "eps": 1e-05, "duration": 0.08367729187011719, "fun": "0.42474146611899577", "jac": "[ 1.08731912e-06  2.82307511e-07 -2.83251200e-07  9.23083832e-07\n  1.89714910e-07  5.39612799e-07]", "hess_inv": "[[ 4.2479021  -0.43288084 -0.76677721 -1.06100643 -0.11472667 -0.80323118]\n [-0.43288084  4.58612134  1.6945125   0.52813469 -1.2267089  -0.75058603]\n [-0.76677721  1.6945125   4.67707134  0.86141192 -0.4846112  -0.09167452]\n [-1.06100643  0.52813469  0.86141192  4.06406792 -0.18436826  0.05274451]\n [-0.11472667 -1.2267089  -0.4846112  -0.18436826  4.06468919 -0.26026475]\n [-0.80323118 -0.75058603 -0.09167452  0.05274451 -0.26026475  3.98651336]]", "nfev": "488", "njev": "68", "status": "2", "success": "False", "message": "Desired error not necessarily achieved due to precision loss.", "x": "[ 4.43326425 -0.7009316   1.15763119  1.32927592 -1.46153734  5.54579447]", "nit": "20"}, "15": {"maxiter": 500, "gtol": 1e-10, "xrtol": 1e-10, "eps": 1e-10, "duration": 0.06065821647644043, "fun": "0.424741466109158", "jac": "[0.00000000e+00 0.00000000e+00 1.11022293e-06 1.11022293e-06\n 2.22044587e-06 1.11022293e-06]", "hess_inv": "[[10.38748524 -3.3140155  -0.08475739  3.02765901 -2.79013676  0.5767795 ]\n [-3.3140155   1.17330462  0.01676526 -0.98785167  0.86522095 -0.24771961]\n [-0.08475739  0.01676526  0.02120752 -0.06076636  0.05101135 -0.0106121 ]\n [ 3.02765901 -0.98785167 -0.06076636  0.99927851 -0.82324191  0.17766327]\n [-2.79013676  0.86522095  0.05101135 -0.82324191  0.85430157 -0.19895861]\n [ 0.5767795  -0.24771961 -0.0106121   0.17766327 -0.19895861  0.10195621]]", "nfev": "343", "njev": "49", "status": "0", "success": "True", "message": "Optimization terminated successfully.", "x": "[ 4.43326156 -0.70092653  1.15763993  1.32928054 -1.4615357   5.5457969 ]", "nit": "30"}, "16": {"maxiter": 1000, "gtol": 1e-05, "xrtol": 1e-05, "eps": 1e-05, "duration": 0.03392219543457031, "fun": "0.42474146611899577", "jac": "[ 1.08731912e-06  2.82307511e-07 -2.83251200e-07  9.23083832e-07\n  1.89714910e-07  5.39612799e-07]", "hess_inv": "[[ 4.06875835 -0.41002572 -0.73554908 -1.19617567 -0.13333464 -0.84873823]\n [-0.41002572  4.65278826  1.63883679  0.54789664 -1.24864832 -0.71543343]\n [-0.73554908  1.63883679  4.71002836  0.88310457 -0.46330553 -0.10554294]\n [-1.19617567  0.54789664  0.88310457  3.96216981 -0.19928803  0.01946969]\n [-0.13333464 -1.24864832 -0.46330553 -0.19928803  4.07125187 -0.27524593]\n [-0.84873823 -0.71543343 -0.10554294  0.01946969 -0.27524593  3.98733056]]", "nfev": "196", "njev": "28", "status": "0", "success": "True", "message": "Optimization terminated successfully.", "x": "[ 4.43326425 -0.7009316   1.15763119  1.32927592 -1.46153734  5.54579447]", "nit": "20"}, "17": {"maxiter": 1000, "gtol": 1e-05, "xrtol": 1e-05, "eps": 1e-10, "duration": 0.03387904167175293, "fun": "0.4247414661376333", "jac": "[ 1.11022293e-06  1.11022293e-06 -2.22044587e-06 -2.22044587e-06\n -2.22044587e-06 -2.22044587e-06]", "hess_inv": "[[ 3.97873335 -0.32978864 -0.749229   -1.13705686 -0.15861479 -0.79000835]\n [-0.32978864  4.63830452  1.5687936   0.4064406  -1.26204656 -0.77130139]\n [-0.749229    1.5687936   4.80358842  0.97979892 -0.42251745 -0.09974986]\n [-1.13705686  0.4064406   0.97979892  3.98712197 -0.14402321 -0.0243874 ]\n [-0.15861479 -1.26204656 -0.42251745 -0.14402321  4.08171809 -0.26193411]\n [-0.79000835 -0.77130139 -0.09974986 -0.0243874  -0.26193411  3.94911052]]", "nfev": "196", "njev": "28", "status": "0", "success": "True", "message": "Optimization terminated successfully.", "x": "[ 4.43326955 -0.70092784  1.1576312   1.32926556 -1.46154011  5.54579464]", "nit": "20"}, "18": {"maxiter": 1000, "gtol": 1e-05, "xrtol": 1e-10, "eps": 1e-05, "duration": 0.033776044845581055, "fun": "0.42474146611899577", "jac": "[ 1.08731912e-06  2.82307511e-07 -2.83251200e-07  9.23083832e-07\n  1.89714910e-07  5.39612799e-07]", "hess_inv": "[[ 4.06875835 -0.41002572 -0.73554908 -1.19617567 -0.13333464 -0.84873823]\n [-0.41002572  4.65278826  1.63883679  0.54789664 -1.24864832 -0.71543343]\n [-0.73554908  1.63883679  4.71002836  0.88310457 -0.46330553 -0.10554294]\n [-1.19617567  0.54789664  0.88310457  3.96216981 -0.19928803  0.01946969]\n [-0.13333464 -1.24864832 -0.46330553 -0.19928803  4.07125187 -0.27524593]\n [-0.84873823 -0.71543343 -0.10554294  0.01946969 -0.27524593  3.98733056]]", "nfev": "196", "njev": "28", "status": "0", "success": "True", "message": "Optimization terminated successfully.", "x": "[ 4.43326425 -0.7009316   1.15763119  1.32927592 -1.46153734  5.54579447]", "nit": "20"}, "19": {"maxiter": 1000, "gtol": 1e-05, "xrtol": 1e-10, "eps": 1e-10, "duration": 0.033744096755981445, "fun": "0.4247414661376333", "jac": "[ 1.11022293e-06  1.11022293e-06 -2.22044587e-06 -2.22044587e-06\n -2.22044587e-06 -2.22044587e-06]", "hess_inv": "[[ 3.97873335 -0.32978864 -0.749229   -1.13705686 -0.15861479 -0.79000835]\n [-0.32978864  4.63830452  1.5687936   0.4064406  -1.26204656 -0.77130139]\n [-0.749229    1.5687936   4.80358842  0.97979892 -0.42251745 -0.09974986]\n [-1.13705686  0.4064406   0.97979892  3.98712197 -0.14402321 -0.0243874 ]\n [-0.15861479 -1.26204656 -0.42251745 -0.14402321  4.08171809 -0.26193411]\n [-0.79000835 -0.77130139 -0.09974986 -0.0243874  -0.26193411  3.94911052]]", "nfev": "196", "njev": "28", "status": "0", "success": "True", "message": "Optimization terminated successfully.", "x": "[ 4.43326955 -0.70092784  1.1576312   1.32926556 -1.46154011  5.54579464]", "nit": "20"}, "20": {"maxiter": 1000, "gtol": 1e-10, "xrtol": 1e-05, "eps": 1e-05, "duration": 0.03379106521606445, "fun": "0.42474146611899577", "jac": "[ 1.08731912e-06  2.82307511e-07 -2.83251200e-07  9.23083832e-07\n  1.89714910e-07  5.39612799e-07]", "hess_inv": "[[ 4.06875835 -0.41002572 -0.73554908 -1.19617567 -0.13333464 -0.84873823]\n [-0.41002572  4.65278826  1.63883679  0.54789664 -1.24864832 -0.71543343]\n [-0.73554908  1.63883679  4.71002836  0.88310457 -0.46330553 -0.10554294]\n [-1.19617567  0.54789664  0.88310457  3.96216981 -0.19928803  0.01946969]\n [-0.13333464 -1.24864832 -0.46330553 -0.19928803  4.07125187 -0.27524593]\n [-0.84873823 -0.71543343 -0.10554294  0.01946969 -0.27524593  3.98733056]]", "nfev": "196", "njev": "28", "status": "0", "success": "True", "message": "Optimization terminated successfully.", "x": "[ 4.43326425 -0.7009316   1.15763119  1.32927592 -1.46153734  5.54579447]", "nit": "20"}, "21": {"maxiter": 1000, "gtol": 1e-10, "xrtol": 1e-05, "eps": 1e-10, "duration": 0.03521299362182617, "fun": "0.4247414661376333", "jac": "[ 1.11022293e-06  1.11022293e-06 -2.22044587e-06 -2.22044587e-06\n -2.22044587e-06 -2.22044587e-06]", "hess_inv": "[[ 3.97873335 -0.32978864 -0.749229   -1.13705686 -0.15861479 -0.79000835]\n [-0.32978864  4.63830452  1.5687936   0.4064406  -1.26204656 -0.77130139]\n [-0.749229    1.5687936   4.80358842  0.97979892 -0.42251745 -0.09974986]\n [-1.13705686  0.4064406   0.97979892  3.98712197 -0.14402321 -0.0243874 ]\n [-0.15861479 -1.26204656 -0.42251745 -0.14402321  4.08171809 -0.26193411]\n [-0.79000835 -0.77130139 -0.09974986 -0.0243874  -0.26193411  3.94911052]]", "nfev": "196", "njev": "28", "status": "0", "success": "True", "message": "Optimization terminated successfully.", "x": "[ 4.43326955 -0.70092784  1.1576312   1.32926556 -1.46154011  5.54579464]", "nit": "20"}, "22": {"maxiter": 1000, "gtol": 1e-10, "xrtol": 1e-10, "eps": 1e-05, "duration": 0.08449101448059082, "fun": "0.42474146611899577", "jac": "[ 1.08731912e-06  2.82307511e-07 -2.83251200e-07  9.23083832e-07\n  1.89714910e-07  5.39612799e-07]", "hess_inv": "[[ 4.2479021  -0.43288084 -0.76677721 -1.06100643 -0.11472667 -0.80323118]\n [-0.43288084  4.58612134  1.6945125   0.52813469 -1.2267089  -0.75058603]\n [-0.76677721  1.6945125   4.67707134  0.86141192 -0.4846112  -0.09167452]\n [-1.06100643  0.52813469  0.86141192  4.06406792 -0.18436826  0.05274451]\n [-0.11472667 -1.2267089  -0.4846112  -0.18436826  4.06468919 -0.26026475]\n [-0.80323118 -0.75058603 -0.09167452  0.05274451 -0.26026475  3.98651336]]", "nfev": "488", "njev": "68", "status": "2", "success": "False", "message": "Desired error not necessarily achieved due to precision loss.", "x": "[ 4.43326425 -0.7009316   1.15763119  1.32927592 -1.46153734  5.54579447]", "nit": "20"}, "23": {"maxiter": 1000, "gtol": 1e-10, "xrtol": 1e-10, "eps": 1e-10, "duration": 0.06059694290161133, "fun": "0.424741466109158", "jac": "[0.00000000e+00 0.00000000e+00 1.11022293e-06 1.11022293e-06\n 2.22044587e-06 1.11022293e-06]", "hess_inv": "[[10.38748524 -3.3140155  -0.08475739  3.02765901 -2.79013676  0.5767795 ]\n [-3.3140155   1.17330462  0.01676526 -0.98785167  0.86522095 -0.24771961]\n [-0.08475739  0.01676526  0.02120752 -0.06076636  0.05101135 -0.0106121 ]\n [ 3.02765901 -0.98785167 -0.06076636  0.99927851 -0.82324191  0.17766327]\n [-2.79013676  0.86522095  0.05101135 -0.82324191  0.85430157 -0.19895861]\n [ 0.5767795  -0.24771961 -0.0106121   0.17766327 -0.19895861  0.10195621]]", "nfev": "343", "njev": "49", "status": "0", "success": "True", "message": "Optimization terminated successfully.", "x": "[ 4.43326156 -0.70092653  1.15763993  1.32928054 -1.4615357   5.5457969 ]", "nit": "30"}}, "cobyla": {"0": {"maxiter": 100, "tol": 1e-05, "catol": 1e-05, "duration": 0.017050981521606445, "x": "[ 4.4341044  -0.70078037  1.15703327  1.32992501 -1.46183127  5.5458969 ]", "status": "2", "success": "False", "message": "Maximum number of function evaluations has been exceeded.", "nfev": "100", "fun": "0.4247417149085969", "maxcv": "0.0"}, "1": {"maxiter": 100, "tol": 1e-05, "catol": 1e-10, "duration": 0.016981124877929688, "x": "[ 4.4341044  -0.70078037  1.15703327  1.32992501 -1.46183127  5.5458969 ]", "status": "2", "success": "False", "message": "Maximum number of function evaluations has been exceeded.", "nfev": "100", "fun": "0.4247417149085969", "maxcv": "0.0"}, "2": {"maxiter": 100, "tol": 1e-10, "catol": 1e-05, "duration": 0.01693582534790039, "x": "[ 4.4341044  -0.70078037  1.15703327  1.32992501 -1.46183127  5.5458969 ]", "status": "2", "success": "False", "message": "Maximum number of function evaluations has been exceeded.", "nfev": "100", "fun": "0.4247417149085969", "maxcv": "0.0"}, "3": {"maxiter": 100, "tol": 1e-10, "catol": 1e-10, "duration": 0.016937255859375, "x": "[ 4.4341044  -0.70078037  1.15703327  1.32992501 -1.46183127  5.5458969 ]", "status": "2", "success": "False", "message": "Maximum number of function evaluations has been exceeded.", "nfev": "100", "fun": "0.4247417149085969", "maxcv": "0.0"}, "4": {"maxiter": 500, "tol": 1e-05, "catol": 1e-05, "duration": 0.027595043182373047, "x": "[ 4.43326471 -0.70093945  1.15763358  1.32927756 -1.46153956  5.54579108]", "status": "1", "success": "True", "message": "Optimization terminated successfully.", "nfev": "163", "f