{"date": "2024/07/19/, 01:26:55", "conf_id": 139, "data_type": "orthogonal\n", "num_data_points": 3, "s_rank": 0, "unitary": "[[-0.24866696+0.58742286j,-0.44704345-0.43151574j,-0.35669027-0.20570733j,-0.10517633+0.1626036j],[0.10596805-0.19687975j,-0.30269685-0.15056416j,0.18246286+0.30440582j,-0.83484447-0.11310748j],[0.26054512-0.52548482j,0.0285017-0.50723956j,-0.43110112+0.17165838j,0.15243271+0.39915801j],[0.42978035+0.11991271j,-0.17224126-0.46030424j,0.6827807-0.15164662j,0.26483638+0.0061855j]]", "databatch_0": {"databatch": "[[[-1.61007329e-01+0.23645411j,1.48407226e-01+0.03065745j,-6.29073147e-02-0.01203688j,-7.46652886e-03-0.34269272j],[6.98497911e-02+0.10074523j,7.48466529e-02+0.05290849j,1.33738411e-01-0.01044648j,-1.28254366e-01-0.34357247j],[-4.76483637e-02-0.24339457j,-2.15702714e-01+0.10306269j,-1.50236576e-01-0.15491955j,2.05043157e-01+0.0180865j],[-8.34049728e-02-0.22316526j,2.70825527e-03-0.14337458j,2.14405653e-01-0.10576165j,4.05627135e-01+0.3017877j]],[[4.16281101e-02+0.16631013j,3.59244439e-01-0.03058408j,-7.96787797e-02-0.15939686j,1.26134391e-01+0.01617576j],[1.73163097e-01-0.15618099j,5.11694858e-02+0.01588949j,3.37832684e-01-0.05900945j,-2.25724450e-06-0.26693855j],[2.31013764e-01-0.28339124j,-1.00552927e-01+0.14496444j,-3.57495318e-01-0.16022803j,-1.88091680e-02-0.0870741j],[-4.86409704e-02-0.07312758j,2.69970683e-01-0.26973958j,2.07631207e-01+0.02166923j,1.48484307e-01-0.03701756j]],[[-1.81182451e-01+0.1714669j,2.59595420e-01-0.11263617j,-7.04105410e-02-0.13856899j,3.80709870e-03-0.03569286j],[2.07406422e-01-0.21600447j,5.60357098e-02+0.19577049j,4.32596534e-01-0.04534036j,-5.36701841e-02-0.34524601j],[1.14386155e-01-0.25969895j,-2.00267050e-01+0.17393582j,-1.84290863e-01-0.12442565j,-1.79612441e-03-0.06589999j],[-1.16996026e-01-0.07965251j,2.11461427e-01-0.16736642j,2.28877055e-01-0.09642602j,1.55305258e-01+0.08120314j]]]", "initial param values": "[0.14537917,2.5175283,2.84050742,1.1273676,2.79908136,2.38271857]", "nelder_mead": {"type": "gradient-free", "0": {"maxiter": 100, "fatol": 1e-05, "xatol": 1e-05, "duration": 0.026683330535888672, "fun": "0.6116436286038716", "nit": "100", "nfev": "158", "status": "2", "success": "False", "message": "Maximum number of iterations has been exceeded.", "x": "[0.13708683 4.31325517 1.52320722 1.98323019 2.92310195 0.29943325]", "final_simplex": "(array([[0.13708683, 4.31325517, 1.52320722, 1.98323019, 2.92310195,\n        0.29943325],\n       [0.13658303, 4.27409502, 1.57232406, 1.98963047, 2.92699596,\n        0.30785586],\n       [0.13651182, 4.24112715, 1.57312388, 1.99282018, 2.87870888,\n        0.3291707 ],\n       [0.1382188 , 4.14567526, 1.68757539, 1.92053144, 2.97320131,\n        0.36170338],\n       [0.13737565, 4.25148481, 1.56335513, 1.98478656, 2.87587387,\n        0.29543162],\n       [0.13693138, 4.21729578, 1.60551667, 1.97514929, 2.93636842,\n        0.31327346],\n       [0.13629377, 4.23898363, 1.54055139, 2.00165362, 2.9271148 ,\n        0.3326979 ]]), array([0.61164363, 0.61205761, 0.61211014, 0.61212782, 0.61213261,\n       0.61219186, 0.61229454]))"}, "1": {"maxiter": 100, "fatol": 1e-05, "xatol": 1e-10, "duration": 0.026503324508666992, "fun": "0.6116436286038716", "nit": "100", "nfev": "158", "status": "2", "success": "False", "message": "Maximum number of iterations has been exceeded.", "x": "[0.13708683 4.31325517 1.52320722 1.98323019 2.92310195 0.29943325]", "final_simplex": "(array([[0.13708683, 4.31325517, 1.52320722, 1.98323019, 2.92310195,\n        0.29943325],\n       [0.13658303, 4.27409502, 1.57232406, 1.98963047, 2.92699596,\n        0.30785586],\n       [0.13651182, 4.24112715, 1.57312388, 1.99282018, 2.87870888,\n        0.3291707 ],\n       [0.1382188 , 4.14567526, 1.68757539, 1.92053144, 2.97320131,\n        0.36170338],\n       [0.13737565, 4.25148481, 1.56335513, 1.98478656, 2.87587387,\n        0.29543162],\n       [0.13693138, 4.21729578, 1.60551667, 1.97514929, 2.93636842,\n        0.31327346],\n       [0.13629377, 4.23898363, 1.54055139, 2.00165362, 2.9271148 ,\n        0.3326979 ]]), array([0.61164363, 0.61205761, 0.61211014, 0.61212782, 0.61213261,\n       0.61219186, 0.61229454]))"}, "2": {"maxiter": 100, "fatol": 1e-10, "xatol": 1e-05, "duration": 0.02649092674255371, "fun": "0.6116436286038716", "nit": "100", "nfev": "158", "status": "2", "success": "False", "message": "Maximum number of iterations has been exceeded.", "x": "[0.13708683 4.31325517 1.52320722 1.98323019 2.92310195 0.29943325]", "final_simplex": "(array([[0.13708683, 4.31325517, 1.52320722, 1.98323019, 2.92310195,\n        0.29943325],\n       [0.13658303, 4.27409502, 1.57232406, 1.98963047, 2.92699596,\n        0.30785586],\n       [0.13651182, 4.24112715, 1.57312388, 1.99282018, 2.87870888,\n        0.3291707 ],\n       [0.1382188 , 4.14567526, 1.68757539, 1.92053144, 2.97320131,\n        0.36170338],\n       [0.13737565, 4.25148481, 1.56335513, 1.98478656, 2.87587387,\n        0.29543162],\n       [0.13693138, 4.21729578, 1.60551667, 1.97514929, 2.93636842,\n        0.31327346],\n       [0.13629377, 4.23898363, 1.54055139, 2.00165362, 2.9271148 ,\n        0.3326979 ]]), array([0.61164363, 0.61205761, 0.61211014, 0.61212782, 0.61213261,\n       0.61219186, 0.61229454]))"}, "3": {"maxiter": 100, "fatol": 1e-10, "xatol": 1e-10, "duration": 0.02646493911743164, "fun": "0.6116436286038716", "nit": "100", "nfev": "158", "status": "2", "success": "False", "message": "Maximum number of iterations has been exceeded.", "x": "[0.13708683 4.31325517 1.52320722 1.98323019 2.92310195 0.29943325]", "final_simplex": "(array([[0.13708683, 4.31325517, 1.52320722, 1.98323019, 2.92310195,\n        0.29943325],\n       [0.13658303, 4.27409502, 1.57232406, 1.98963047, 2.92699596,\n        0.30785586],\n       [0.13651182, 4.24112715, 1.57312388, 1.99282018, 2.87870888,\n        0.3291707 ],\n       [0.1382188 , 4.14567526, 1.68757539, 1.92053144, 2.97320131,\n        0.36170338],\n       [0.13737565, 4.25148481, 1.56335513, 1.98478656, 2.87587387,\n        0.29543162],\n       [0.13693138, 4.21729578, 1.60551667, 1.97514929, 2.93636842,\n        0.31327346],\n       [0.13629377, 4.23898363, 1.54055139, 2.00165362, 2.9271148 ,\n        0.3326979 ]]), array([0.61164363, 0.61205761, 0.61211014, 0.61212782, 0.61213261,\n       0.61219186, 0.61229454]))"}, "4": {"maxiter": 500, "fatol": 1e-05, "xatol": 1e-05, "duration": 0.12876296043395996, "fun": "0.5215246373518183", "nit": "500", "nfev": "769", "status": "2", "success": "False", "message": "Maximum number of iterations has been exceeded.", "x": "[ 1.24194042  6.41517907 -1.74015817  1.81190543  2.48034019 -0.80849906]", "final_simplex": "(array([[ 1.24194042,  6.41517907, -1.74015817,  1.81190543,  2.48034019,\n        -0.80849906],\n       [ 1.18178905,  6.42128524, -1.74230011,  1.74234847,  2.47689822,\n        -0.78382784],\n       [ 1.20307983,  6.43111783, -1.65934899,  1.77189911,  2.48165002,\n        -0.76590347],\n       [ 1.24429997,  6.4051524 , -1.71776808,  1.77713169,  2.3924842 ,\n        -0.79939327],\n       [ 1.20205586,  6.46105976, -1.74602264,  1.74341731,  2.42962447,\n        -0.82774275],\n       [ 1.23165322,  6.37061016, -1.73315126,  1.74894853,  2.47818989,\n        -0.80551418],\n       [ 1.20759668,  6.4467078 , -1.6461507 ,  1.78772243,  2.54425676,\n        -0.67291782]]), array([0.52152464, 0.52195129, 0.52201174, 0.52223672, 0.52229963,\n       0.52235564, 0.52240084]))"}, "5": {"maxiter": 500, "fatol": 1e-05, "xatol": 1e-10, "duration": 0.13268303871154785, "fun": "0.5215246373518183", "nit": "500", "nfev": "769", "status": "2", "success": "False", "message": "Maximum number of iterations has been exceeded.", "x": "[ 1.24194042  6.41517907 -1.74015817  1.81190543  2.48034019 -0.80849906]", "final_simplex": "(array([[ 1.24194042,  6.41517907, -1.74015817,  1.81190543,  2.48034019,\n        -0.80849906],\n       [ 1.18178905,  6.42128524, -1.74230011,  1.74234847,  2.47689822,\n        -0.78382784],\n       [ 1.20307983,  6.43111783, -1.65934899,  1.77189911,  2.48165002,\n        -0.76590347],\n       [ 1.24429997,  6.4051524 , -1.71776808,  1.77713169,  2.3924842 ,\n        -0.79939327],\n       [ 1.20205586,  6.46105976, -1.74602264,  1.74341731,  2.42962447,\n        -0.82774275],\n       [ 1.23165322,  6.37061016, -1.73315126,  1.74894853,  2.47818989,\n        -0.80551418],\n       [ 1.20759668,  6.4467078 , -1.6461507 ,  1.78772243,  2.54425676,\n        -0.67291782]]), array([0.52152464, 0.52195129, 0.52201174, 0.52223672, 0.52229963,\n       0.52235564, 0.52240084]))"}, "6": {"maxiter": 500, "fatol": 1e-10, "xatol": 1e-05, "duration": 0.13424324989318848, "fun": "0.5215246373518183", "nit": "500", "nfev": "769", "status": "2", "success": "False", "message": "Maximum number of iterations has been exceeded.", "x": "[ 1.24194042  6.41517907 -1.74015817  1.81190543  2.48034019 -0.80849906]", "final_simplex": "(array([[ 1.24194042,  6.41517907, -1.74015817,  1.81190543,  2.48034019,\n        -0.80849906],\n       [ 1.18178905,  6.42128524, -1.74230011,  1.74234847,  2.47689822,\n        -0.78382784],\n       [ 1.20307983,  6.43111783, -1.65934899,  1.77189911,  2.48165002,\n        -0.76590347],\n       [ 1.24429997,  6.4051524 , -1.71776808,  1.77713169,  2.3924842 ,\n        -0.79939327],\n       [ 1.20205586,  6.46105976, -1.74602264,  1.74341731,  2.42962447,\n        -0.82774275],\n       [ 1.23165322,  6.37061016, -1.73315126,  1.74894853,  2.47818989,\n        -0.80551418],\n       [ 1.20759668,  6.4467078 , -1.6461507 ,  1.78772243,  2.54425676,\n        -0.67291782]]), array([0.52152464, 0.52195129, 0.52201174, 0.52223672, 0.52229963,\n       0.52235564, 0.52240084]))"}, "7": {"maxiter": 500, "fatol": 1e-10, "xatol": 1e-10, "duration": 0.1344282627105713, "fun": "0.5215246373518183", "nit": "500", "nfev": "769", "status": "2", "success": "False", "message": "Maximum number of iterations has been exceeded.", "x": "[ 1.24194042  6.41517907 -1.74015817  1.81190543  2.48034019 -0.80849906]", "final_simplex": "(array([[ 1.24194042,  6.41517907, -1.74015817,  1.81190543,  2.48034019,\n        -0.80849906],\n       [ 1.18178905,  6.42128524, -1.74230011,  1.74234847,  2.47689822,\n        -0.78382784],\n       [ 1.20307983,  6.43111783, -1.65934899,  1.77189911,  2.48165002,\n        -0.76590347],\n       [ 1.24429997,  6.4051524 , -1.71776808,  1.77713169,  2.3924842 ,\n        -0.79939327],\n       [ 1.20205586,  6.46105976, -1.74602264,  1.74341731,  2.42962447,\n        -0.82774275],\n       [ 1.23165322,  6.37061016, -1.73315126,  1.74894853,  2.47818989,\n        -0.80551418],\n       [ 1.20759668,  6.4467078 , -1.6461507 ,  1.78772243,  2.54425676,\n        -0.67291782]]), array([0.52152464, 0.52195129, 0.52201174, 0.52223672, 0.52229963,\n       0.52235564, 0.52240084]))"}, "8": {"maxiter": 1000, "fatol": 1e-05, "xatol": 1e-05, "duration": 0.1868288516998291, "fun": "0.520404831538037", "nit": "688", "nfev": "1068", "status": "0", "success": "True", "message": "Optimization terminated successfully.", "x": "[ 1.14406718  6.41311768 -1.66232854  1.86468593  2.50533681 -0.7437492 ]", "final_simplex": "(array([[ 1.14406718,  6.41311768, -1.66232854,  1.86468593,  2.50533681,\n        -0.7437492 ],\n       [ 1.14406969,  6.41311858, -1.66232489,  1.86468531,  2.50534298,\n        -0.74374424],\n       [ 1.14407132,  6.41311703, -1.66232715,  1.86468689,  2.50533589,\n        -0.74374514],\n       [ 1.14406763,  6.41312172, -1.66233497,  1.86467981,  2.50533827,\n        -0.7437482 ],\n       [ 1.14406857,  6.41312171, -1.66232299,  1.86468657,  2.50534194,\n        -0.74374102],\n       [ 1.14407509,  6.41311761, -1.66233075,  1.86468266,  2.50533836,\n        -0.74375077],\n       [ 1.14406837,  6.41311925, -1.66233037,  1.86468959,  2.50534018,\n        -0.74374548]]), array([0.52040483, 0.52040483, 0.52040483, 0.52040483, 0.52040483,\n       0.52040483, 0.52040483]))"}, "9": {"maxiter": 1000, "fatol": 1e-05, "xatol": 1e-10, "duration": 0.22899293899536133, "fun": "0.520404831535558", "nit": "803", "nfev": "1314", "status": "0", "success": "True", "message": "Optimization terminated successfully.", "x": "[ 1.14406699  6.41311753 -1.66232996  1.86468316  2.5053329  -0.74375511]", "final_simplex": "(array([[ 1.14406699,  6.41311753, -1.66232996,  1.86468316,  2.5053329 ,\n        -0.74375511],\n       [ 1.14406699,  6.41311753, -1.66232996,  1.86468316,  2.5053329 ,\n        -0.74375511],\n       [ 1.14406699,  6.41311753, -1.66232996,  1.86468316,  2.5053329 ,\n        -0.74375511],\n       [ 1.14406699,  6.41311753, -1.66232996,  1.86468316,  2.5053329 ,\n        -0.74375511],\n       [ 1.14406699,  6.41311753, -1.66232996,  1.86468316,  2.5053329 ,\n        -0.74375511],\n       [ 1.14406699,  6.41311753, -1.66232996,  1.86468316,  2.5053329 ,\n        -0.74375511],\n       [ 1.14406699,  6.41311753, -1.66232996,  1.86468316,  2.5053329 ,\n        -0.74375511]]), array([0.52040483, 0.52040483, 0.52040483, 0.52040483, 0.52040483,\n       0.52040483, 0.52040483]))"}, "10": {"maxiter": 1000, "fatol": 1e-10, "xatol": 1e-05, "duration": 0.18708205223083496, "fun": "0.520404831538037", "nit": "688", "nfev": "1068", "status": "0", "success": "True", "message": "Optimization terminated successfully.", "x": "[ 1.14406718  6.41311768 -1.66232854  1.86468593  2.50533681 -0.7437492 ]", "final_simplex": "(array([[ 1.14406718,  6.41311768, -1.66232854,  1.86468593,  2.50533681,\n        -0.7437492 ],\n       [ 1.14406969,  6.41311858, -1.66232489,  1.86468531,  2.50534298,\n        -0.74374424],\n       [ 1.14407132,  6.41311703, -1.66232715,  1.86468689,  2.50533589,\n        -0.74374514],\n       [ 1.14406763,  6.41312172, -1.66233497,  1.86467981,  2.50533827,\n        -0.7437482 ],\n       [ 1.14406857,  6.41312171, -1.66232299,  1.86468657,  2.50534194,\n        -0.74374102],\n       [ 1.14407509,  6.41311761, -1.66233075,  1.86468266,  2.50533836,\n        -0.74375077],\n       [ 1.14406837,  6.41311925, -1.66233037,  1.86468959,  2.50534018,\n        -0.74374548]]), array([0.52040483, 0.52040483, 0.52040483, 0.52040483, 0.52040483,\n       0.52040483, 0.52040483]))"}, "11": {"maxiter": 1000, "fatol": 1e-10, "xatol": 1e-10, "duration": 0.22199225425720215, "fun": "0.520404831535558", "nit": "803", "nfev": "1314", "status": "0", "success": "True", "message": "Optimization terminated successfully.", "x": "[ 1.14406699  6.41311753 -1.66232996  1.86468316  2.5053329  -0.74375511]", "final_simplex": "(array([[ 1.14406699,  6.41311753, -1.66232996,  1.86468316,  2.5053329 ,\n        -0.74375511],\n       [ 1.14406699,  6.41311753, -1.66232996,  1.86468316,  2.5053329 ,\n        -0.74375511],\n       [ 1.14406699,  6.41311753, -1.66232996,  1.86468316,  2.5053329 ,\n        -0.74375511],\n       [ 1.14406699,  6.41311753, -1.66232996,  1.86468316,  2.5053329 ,\n        -0.74375511],\n       [ 1.14406699,  6.41311753, -1.66232996,  1.86468316,  2.5053329 ,\n        -0.74375511],\n       [ 1.14406699,  6.41311753, -1.66232996,  1.86468316,  2.5053329 ,\n        -0.74375511],\n       [ 1.14406699,  6.41311753, -1.66232996,  1.86468316,  2.5053329 ,\n        -0.74375511]]), array([0.52040483, 0.52040483, 0.52040483, 0.52040483, 0.52040483,\n       0.52040483, 0.52040483]))"}}, "bfgs": {"type": "gradient", "0": {"maxiter": 100, "gtol": 1e-05, "xrtol": 1e-05, "eps": 1e-05, "duration": 0.04337191581726074, "fun": "0.5204048319429233", "jac": "[-4.00568467e-07 -2.48467913e-08  1.15447651e-06 -3.34794414e-06\n -3.73765463e-06 -1.12376775e-06]", "hess_inv": "[[ 5.8055129   1.34711379  2.77796709  0.24818867  2.71782666  3.513304  ]\n [ 1.34711379  5.4528538  -0.61320639  0.16914151  0.76556055  1.2070834 ]\n [ 2.77796709 -0.61320639 11.14101314  3.09794767  5.86404629  8.16302735]\n [ 0.24818867  0.16914151  3.09794767  5.09097424  1.15483607  2.65533369]\n [ 2.71782666  0.76556055  5.86404629  1.15483607 10.00213716  7.6154293 ]\n [ 3.513304    1.2070834   8.16302735  2.65533369  7.6154293  13.15003086]]", "nfev": "252", "njev": "36", "status": "0", "success": "True", "message": "Optimization terminated successfully.", "x": "[-1.14410243  3.2715107   1.47919452  1.86464371  2.50524898 -0.74384609]", "nit": "31"}, "1": {"maxiter": 100, "gtol": 1e-05, "xrtol": 1e-05, "eps": 1e-10, "duration": 0.04315495491027832, "fun": "0.5204048316542516", "jac": "[ 0.00000000e+00  0.00000000e+00  4.44089173e-06 -2.22044587e-06\n -4.44089173e-06 -2.22044587e-06]", "hess_inv": "[[ 5.83577557  1.38055644  2.86142504  0.26114923  2.74135744  3.54631662]\n [ 1.38055644  5.48033708 -0.5511058   0.18904396  0.78089513  1.23932167]\n [ 2.86142504 -0.5511058  11.30673824  3.13085893  5.94138153  8.24901949]\n [ 0.26114923  0.18904396  3.13085893  5.0836226   1.17032387  2.69267855]\n [ 2.74135744  0.78089513  5.94138153  1.17032387 10.01272139  7.60584525]\n [ 3.54631662  1.23932167  8.24901949  2.69267855  7.60584525 13.14462875]]", "nfev": "252", "njev": "36", "status": "0", "success": "True", "message": "Optimization terminated successfully.", "x": "[-1.14406298  3.27153146  1.47926336  1.86466883  2.5053045  -0.74378179]", "nit": "31"}, "2": {"maxiter": 100, "gtol": 1e-05, "xrtol": 1e-10, "eps": 1e-05, "duration": 0.043151140213012695, "fun": "0.5204048319429233", "jac": "[-4.00568467e-07 -2.48467913e-08  1.15447651e-06 -3.34794414e-06\n -3.73765463e-06 -1.12376775e-06]", "hess_inv": "[[ 5.8055129   1.34711379  2.77796709  0.24818867  2.71782666  3.513304  ]\n [ 1.34711379  5.4528538  -0.61320639  0.16914151  0.76556055  1.2070834 ]\n [ 2.77796709 -0.61320639 11.14101314  3.09794767  5.86404629  8.16302735]\n [ 0.24818867  0.16914151  3.09794767  5.09097424  1.15483607  2.65533369]\n [ 2.71782666  0.76556055  5.86404629  1.15483607 10.00213716  7.6154293 ]\n [ 3.513304    1.2070834   8.16302735  2.65533369  7.6154293  13.15003086]]", "nfev": "252", "njev": "36", "status": "0", "success": "True", "message": "Optimization terminated successfully.", "x": "[-1.14410243  3.2715107   1.47919452  1.86464371  2.50524898 -0.74384609]", "nit": "31"}, "3": {"maxiter": 100, "gtol": 1e-05, "xrtol": 1e-10, "eps": 1e-10, "duration": 0.04306316375732422, "fun": "0.5204048316542516", "jac": "[ 0.00000000e+00  0.00000000e+00  4.44089173e-06 -2.22044587e-06\n -4.44089173e-06 -2.22044587e-06]", "hess_inv": "[[ 5.83577557  1.38055644  2.86142504  0.26114923  2.74135744  3.54631662]\n [ 1.38055644  5.48033708 -0.5511058   0.18904396  0.78089513  1.23932167]\n [ 2.86142504 -0.5511058  11.30673824  3.13085893  5.94138153  8.24901949]\n [ 0.26114923  0.18904396  3.13085893  5.0836226   1.17032387  2.69267855]\n [ 2.74135744  0.78089513  5.94138153  1.17032387 10.01272139  7.60584525]\n [ 3.54631662  1.23932167  8.24901949  2.69267855  7.60584525 13.14462875]]", "nfev": "252", "njev": "36", "status": "0", "success": "True", "message": "Optimization terminated successfully.", "x": "[-1.14406298  3.27153146  1.47926336  1.86466883  2.5053045  -0.74378179]", "nit": "31"}, "4": {"maxiter": 100, "gtol": 1e-10, "xrtol": 1e-05, "eps": 1e-05, "duration": 0.04581093788146973, "fun": "0.5204048316086147", "jac": "[-5.31352740e-08  5.67990099e-08  3.01758618e-08 -2.15605311e-08\n -2.77999845e-08  2.58459920e-08]", "hess_inv": "[[ 6.00771875  1.35698002  3.0821455   0.49367342  3.27022271  4.0055874 ]\n [ 1.35698002  5.40962469 -0.66119364  0.1636229   0.80912712  1.21349259]\n [ 3.0821455  -0.66119364 11.50698509  3.43883567  6.70293226  8.86250668]\n [ 0.49367342  0.1636229   3.43883567  5.37385793  1.79207746  3.20643486]\n [ 3.27022271  0.80912712  6.70293226  1.79207746 11.30795869  8.77268613]\n [ 4.0055874   1.21349259  8.86250668  3.20643486  8.77268613 14.14976117]]", "nfev": "266", "njev": "38", "status": "0", "success": "True", "message": "Optimization terminated successfully.", "x": "[-1.14408517  3.27151708  1.47922898  1.86466824  2.50530069 -0.74379526]", "nit": "33"}, "5": {"maxiter": 100, "gtol": 1e-10, "xrtol": 1e-05, "eps": 1e-10, "duration": 0.04549288749694824, "fun": "0.5204048315640086", "jac": "[ 0.00000000e+00  0.00000000e+00  0.00000000e+00  0.00000000e+00\n  0.00000000e+00 -2.22044587e-06]", "hess_inv": "[[ 5.80572415  1.00622901  3.2429152   0.72982781  2.96061707  3.84232395]\n [ 1.00622901  4.69873394 -0.29683085  0.32652465 -0.45314482  0.27210248]\n [ 3.2429152  -0.29683085 11.6135764   3.80526413  7.88525896  9.98507945]\n [ 0.72982781  0.32652465  3.80526413  6.14172278  3.53661748  4.88354384]\n [ 2.96061707 -0.45314482  7.88525896  3.53661748 12.18425463  9.98963682]\n [ 3.84232395  0.27210248  9.98507945  4.88354384  9.98963682 15.65046332]]", "nfev": "266", "njev": "38", "status": "0", "success": "True", "message": "Optimization terminated successfully.", "x": "[-1.14405408  3.27153209  1.47927742  1.86469212  2.50535363 -0.74373618]", "nit": "33"}, "6": {"maxiter": 100, "gtol": 1e-10, "xrtol": 1e-10, "eps": 1e-05, "duration": 0.08742094039916992, "fun": "0.5204048316086147", "jac": "[-5.31352740e-08  5.67990099e-08  3.01758618e-08 -2.15605311e-08\n -2.77999845e-08  2.58459920e-08]", "hess_inv": "[[ 6.14393114  1.1774836   3.01182997  0.51748963  3.39248956  3.93785192]\n [ 1.1774836   5.61124326 -0.61905828  0.09320394  0.54266126  1.16757481]\n [ 3.01182997 -0.61905828 11.47017403  3.37005749  6.48737784  8.70186927]\n [ 0.51748963  0.09320394  3.37005749  5.3343831   1.69568287  3.04346937]\n [ 3.39248956  0.54266126  6.48737784  1.69568287 11.0998646   8.30403844]\n [ 3.93785192  1.16757481  8.70186927  3.04346937  8.30403844 13.66010718]]", "nfev": "516", "njev": "72", "status": "2", "success": "False", "message": "Desired error not necessarily achieved due to precision loss.", "x": "[-1.14408517  3.27151708  1.47922898  1.86466824  2.50530069 -0.74379526]", "nit": "33"}, "7": {"maxiter": 100, "gtol": 1e-10, "xrtol": 1e-10, "eps": 1e-10, "duration": 0.055869102478027344, "fun": "0.5204048315640086", "jac": "[0. 0. 0. 0. 0. 0.]", "hess_inv": "[[  5.45192041  -1.5910173    5.17208785   3.92424282   4.82318079\n    5.79166133]\n [ -1.5910173   11.05923851 -14.29403305 -12.24622499 -14.28502198\n  -18.93325421]\n [  5.17208785 -14.29403305  32.27961213  26.28099739  28.18988224\n   36.47293546]\n [  3.92424282 -12.24622499  26.28099739  28.33444086  25.68678827\n   34.76546772]\n [  4.82318079 -14.28502198  28.18988224  25.68678827  32.13176208\n   35.98204795]\n [  5.79166133 -18.93325421  36.47293546  34.76546772  35.98204795\n   49.08728056]]", "nfev": "329", "njev": "47", "status": "0", "success": "True", "message": "Optimization terminated successfully.", "x": "[-1.14405408  3.27153209  1.47927742  1.86469212  2.50535363 -0.74373618]", "nit": "34"}, "8": {"maxiter": 500, "gtol": 1e-05, "xrtol": 1e-05, "eps": 1e-05, "duration": 0.04304003715515137, "fun": "0.5204048319429233", "jac": "[-4.00568467e-07 -2.48467913e-08  1.15447651e-06 -3.34794414e-06\n -3.73765463e-06 -1.12376775e-06]", "hess_inv": "[[ 5.8055129   1.34711379  2.77796709  0.24818867  2.71782666  3.513304  ]\n [ 1.34711379  5.4528538  -0.61320639  0.16914151  0.76556055  1.2070834 ]\n [ 2.77796709 -0.61320639 11.14101314  3.09794767  5.86404629  8.16302735]\n [ 0.24818867  0.16914151  3.09794767  5.09097424  1.15483607  2.65533369]\n [ 2.71782666  0.76556055  5.86404629  1.15483607 10.00213716  7.6154293 ]\n [ 3.513304    1.2070834   8.16302735  2.65533369  7.6154293  13.15003086]]", "nfev": "252", "njev": "36", "status": "0", "success": "True", "message": "Optimization terminated successfully.", "x": "[-1.14410243  3.2715107   1.47919452  1.86464371  2.50524898 -0.74384609]", "nit": "31"}, "9": {"maxiter": 500, "gtol": 1e-05, "xrtol": 1e-05, "eps": 1e-10, "duration": 0.04296302795410156, "fun": "0.5204048316542516", "jac": "[ 0.00000000e+00  0.00000000e+00  4.44089173e-06 -2.22044587e-06\n -4.44089173e-06 -2.22044587e-06]", "hess_inv": "[[ 5.83577557  1.38055644  2.86142504  0.26114923  2.74135744  3.54631662]\n [ 1.38055644  5.48033708 -0.5511058   0.18904396  0.78089513  1.23932167]\n [ 2.86142504 -0.5511058  11.30673824  3.13085893  5.94138153  8.24901949]\n [ 0.26114923  0.18904396  3.13085893  5.0836226   1.17032387  2.69267855]\n [ 2.74135744  0.78089513  5.94138153  1.17032387 10.01272139  7.60584525]\n [ 3.54631662  1.23932167  8.24901949  2.69267855  7.60584525 13.14462875]]", "nfev": "252", "njev": "36", "status": "0", "success": "True", "message": "Optimization terminated successfully.", "x": "[-1.14406298  3.27153146  1.47926336  1.86466883  2.5053045  -0.74378179]", "nit": "31"}, "10": {"maxiter": 500, "gtol": 1e-05, "xrtol": 1e-10, "eps": 1e-05, "duration": 0.04291200637817383, "fun": "0.5204048319429233", "jac": "[-4.00568467e-07 -2.48467913e-08  1.15447651e-06 -3.34794414e-06\n -3.73765463e-06 -1.12376775e-06]", "hess_inv": "[[ 5.8055129   1.34711379  2.77796709  0.24818867  2.71782666  3.513304  ]\n [ 1.34711379  5.4528538  -0.61320639  0.16914151  0.76556055  1.2070834 ]\n [ 2.77796709 -0.61320639 11.14101314  3.09794767  5.86404629  8.16302735]\n [ 0.24818867  0.16914151  3.09794767  5.09097424  1.15483607  2.65533369]\n [ 2.71782666  0.76556055  5.86404629  1.15483607 10.00213716  7.6154293 ]\n [ 3.513304    1.2070834   8.16302735  2.65533369  7.6154293  13.15003086]]", "nfev": "252", "njev": "36", "status": "0", "success": "True", "message": "Optimization terminated successfully.", "x": "[-1.14410243  3.2715107   1.47919452  1.86464371  2.50524898 -0.74384609]", "nit": "31"}, "11": {"maxiter": 500, "gtol": 1e-05, "xrtol": 1e-10, "eps": 1e-10, "duration": 0.042780160903930664, "fun": "0.5204048316542516", "jac": "[ 0.00000000e+00  0.00000000e+00  4.44089173e-06 -2.22044587e-06\n -4.44089173e-06 -2.22044587e-06]", "hess_inv": "[[ 5.83577557  1.38055644  2.86142504  0.26114923  2.74135744  3.54631662]\n [ 1.38055644  5.48033708 -0.5511058   0.18904396  0.78089513  1.23932167]\n [ 2.86142504 -0.5511058  11.30673824  3.13085893  5.94138153  8.24901949]\n [ 0.26114923  0.18904396  3.13085893  5.0836226   1.17032387  2.69267855]\n [ 2.74135744  0.78089513  5.94138153  1.17032387 10.01272139  7.60584525]\n [ 3.54631662  1.23932167  8.24901949  2.69267855  7.60584525 13.14462875]]", "nfev": "252", "njev": "36", "status": "0", "success": "True", "message": "Optimization terminated successfully.", "x": "[-1.14406298  3.27153146  1.47926336  1.86466883  2.5053045  -0.74378179]", "nit": "31"}, "12": {"maxiter": 500, "gtol": 1e-10, "xrtol": 1e-05, "eps": 1e-05, "duration": 0.04522299766540527, "fun": "0.5204048316086147", "jac": "[-5.31352740e-08  5.67990099e-08  3.01758618e-08 -2.15605311e-08\n -2.77999845e-08  2.58459920e-08]", "hess_inv": "[[ 6.00771875  1.35698002  3.0821455   0.49367342  3.27022271  4.0055874 ]\n [ 1.35698002  5.40962469 -0.66119364  0.1636229   0.80912712  1.21349259]\n [ 3.0821455  -0.66119364 11.50698509  3.43883567  6.70293226  8.86250668]\n [ 0.49367342  0.1636229   3.43883567  5.37385793  1.79207746  3.20643486]\n [ 3.27022271  0.80912712  6.70293226  1.79207746 11.30795869  8.77268613]\n [ 4.0055874   1.21349259  8.86250668  3.20643486  8.77268613 14.14976117]]", "nfev": "266", "njev": "38", "status": "0", "success": "True", "message": "Optimization terminated successfully.", "x": "[-1.14408517  3.27151708  1.47922898  1.86466824  2.50530069 -0.74379526]", "nit": "33"}, "13": {"maxiter": 500, "gtol": 1e-10, "xrtol": 1e-05, "eps": 1e-10, "duration": 0.04520297050476074, "fun": "0.5204048315640086", "jac": "[ 0.00000000e+00  0.00000000e+00  0.00000000e+00  0.00000000e+00\n  0.00000000e+00 -2.22044587e-06]", "hess_inv": "[[ 5.80572415  1.00622901  3.2429152   0.72982781  2.96061707  3.84232395]\n [ 1.00622901  4.69873394 -0.29683085  0.32652465 -0.45314482  0.27210248]\n [ 3.2429152  -0.29683085 11.6135764   3.80526413  7.88525896  9.98507945]\n [ 0.72982781  0.32652465  3.80526413  6.14172278  3.53661748  4.88354384]\n [ 2.96061707 -0.45314482  7.88525896  3.53661748 12.18425463  9.98963682]\n [ 3.84232395  0.27210248  9.98507945  4.88354384  9.98963682 15.65046332]]", "nfev": "266", "njev": "38", "status": "0", "success": "True", "message": "Optimization terminated successfully.", "x": "[-1.14405408  3.27153209  1.47927742  1.86469212  2.50535363 -0.74373618]", "nit": "33"}, "14": {"maxiter": 500, "gtol": 1e-10, "xrtol": 1e-10, "eps": 1e-05, "duration": 0.08689498901367188, "fun": "0.5204048316086147", "jac": "[-5.31352740e-08  5.67990099e-08  3.01758618e-08 -2.15605311e-08\n -2.77999845e-08  2.58459920e-08]", "hess_inv": "[[ 6.14393114  1.1774836   3.01182997  0.51748963  3.39248956  3.93785192]\n [ 1.1774836   5.61124326 -0.61905828  0.09320394  0.54266126  1.16757481]\n [ 3.01182997 -0.61905828 11.47017403  3.37005749  6.48737784  8.70186927]\n [ 0.51748963  0.09320394  3.37005749  5.3343831   1.69568287  3.04346937]\n [ 3.39248956  0.54266126  6.48737784  1.69568287 11.0998646   8.30403844]\n [ 3.93785192  1.16757481  8.70186927  3.04346937  8.30403844 13.66010718]]", "nfev": "516", "njev": "72", "status": "2", "success": "False", "message": "Desired error not necessarily achieved due to precision loss.", "x": "[-1.14408517  3.27151708  1.47922898  1.86466824  2.50530069 -0.74379526]", "nit": "33"}, "15": {"maxiter": 500, "gtol": 1e-10, "xrtol": 1e-10, "eps": 1e-10, "duration": 0.05591917037963867, "fun": "0.5204048315640086", "jac": "[0. 0. 0. 0. 0. 0.]", "hess_inv": "[[  5.45192041  -1.5910173    5.17208785   3.92424282   4.82318079\n    5.79166133]\n [ -1.5910173   11.05923851 -14.29403305 -12.24622499 -14.28502198\n  -18.93325421]\n [  5.17208785 -14.29403305  32.27961213  26.28099739  28.18988224\n   36.47293546]\n [  3.92424282 -12.24622499  26.28099739  28.33444086  25.68678827\n   34.76546772]\n [  4.82318079 -14.28502198  28.18988224  25.68678827  32.13176208\n   35.98204795]\n [  5.79166133 -18.93325421  36.47293546  34.76546772  35.98204795\n   49.08728056]]", "nfev": "329", "njev": "47", "status": "0", "success": "True", "message": "Optimization terminated successfully.", "x": "[-1.14405408  3.27153209  1.47927742  1.86469212  2.50535363 -0.74373618]", "nit": "34"}, "16": {"maxiter": 1000, "gtol": 1e-05, "xrtol": 1e-05, "eps": 1e-05, "duration": 0.04310894012451172, "fun": "0.5204048319429233", "jac": "[-4.00568467e-07 -2.48467913e-08  1.15447651e-06 -3.34794414e-06\n -3.73765463e-06 -1.12376775e-06]", "hess_inv": "[[ 5.8055129   1.34711379  2.77796709  0.24818867  2.71782666  3.513304  ]\n [ 1.34711379  5.4528538  -0.61320639  0.16914151  0.76556055  1.2070834 ]\n [ 2.77796709 -0.61320639 11.14101314  3.09794767  5.86404629  8.16302735]\n [ 0.24818867  0.16914151  3.09794767  5.09097424  1.15483607  2.65533369]\n [ 2.71782666  0.76556055  5.86404629  1.15483607 10.00213716  7.6154293 ]\n [ 3.513304    1.2070834   8.16302735  2.65533369  7.6154293  13.15003086]]", "nfev": "252", "njev": "36", "status": "0", "success": "True", "message": "Optimization terminated successfully.", "x": "[-1.14410243  3.2715107   1.47919452  1.86464371  2.50524898 -0.74384609]", "nit": "31"}, "17": {"maxiter": 1000, "gtol": 1e-05, "xrtol": 1e-05, "eps": 1e-10, "duration": 0.04295182228088379, "fun": "0.5204048316542516", "jac": "[ 0.00000000e+00  0.00000000e+00  4.44089173e-06 -2.22044587e-06\n -4.44089173e-06 -2.22044587e-06]", "hess_inv": "[[ 5.83577557  1.38055644  2.86142504  0.26114923  2.74135744  3.54631662]\n [ 1.38055644  5.48033708 -0.5511058   0.18904396  0.78089513  1.23932167]\n [ 2.86142504 -0.5511058  11.30673824  3.13085893  5.94138153  8.24901949]\n [ 0.26114923  0.18904396  3.13085893  5.0836226   1.17032387  2.69267855]\n [ 2.74135744  0.78089513  5.94138153  1.17032387 10.01272139  7.60584525]\n [ 3.54631662  1.23932167  8.24901949  2.69267855  7.60584525 13.14462875]]", "nfev": "252", "njev": "36", "status": "0", "success": "True", "message": "Optimization terminated successfully.", "x": "[-1.14406298  3.27153146  1.47926336  1.86466883  2.5053045  -0.74378179]", "nit": "31"}, "18": {"maxiter": 1000, "gtol": 1e-05, "xrtol": 1e-10, "eps": 1e-05, "duration": 0.04300713539123535, "fun": "0.5204048319429233", "jac": "[-4.00568467e-07 -2.48467913e-08  1.15447651e-06 -3.34794414e-06\n -3.73765463e-06 -1.12376775e-06]", "hess_inv": "[[ 5.8055129   1.34711379  2.77796709  0.24818867  2.71782666  3.513304  ]\n [ 1.34711379  5.4528538  -0.61320639  0.16914151  0.76556055  1.2070834 ]\n [ 2.77796709 -0.61320639 11.14101314  3.09794767  5.86404629  8.16302735]\n [ 0.24818867  0.16914151  3.09794767  5.09097424  1.15483607  2.65533369]\n [ 2.71782666  0.76556055  5.86404629  1.15483607 10.00213716  7.6154293 ]\n [ 3.513304    1.2070834   8.16302735  2.65533369  7.6154293  13.15003086]]", "nfev": "252", "njev": "36", "status": "0", "success": "True", "message": "Optimization terminated successfully.", "x": "[-1.14410243  3.2715107   1.47919452  1.86464371  2.50524898 -0.74384609]", "nit": "31"}, "19": {"maxiter": 1000, "gtol": 1e-05, "xrtol": 1e-10, "eps": 1e-10, "duration": 0.04296088218688965, "fun": "0.5204048316542516", "jac": "[ 0.00000000e+00  0.00000000e+00  4.44089173e-06 -2.22044587e-06\n -4.44089173e-06 -2.22044587e-06]", "hess_inv": "[[ 5.83577557  1.38055644  2.86142504  0.26114923  2.74135744  3.54631662]\n [ 1.38055644  5.48033708 -0.5511058   0.18904396  0.78089513  1.23932167]\n [ 2.86142504 -0.5511058  11.30673824  3.13085893  5.94138153  8.24901949]\n [ 0.26114923  0.18904396  3.13085893  5.0836226   1.17032387  2.69267855]\n [ 2.74135744  0.78089513  5.94138153  1.17032387 10.01272139  7.60584525]\n [ 3.54631662  1.23932167  8.24901949  2.69267855  7.60584525 13.14462875]]", "nfev": "252", "njev": "36", "status": "0", "success": "True", "message": "Optimization terminated successfully.", "x": "[-1.14406298  3.27153146  1.47926336  1.86466883  2.5053045  -0.74378179]", "nit": "31"}, "20": {"maxiter": 1000, "gtol": 1e-10, "xrtol": 1e-05, "eps": 1e-05, "duration": 0.04532194137573242, "fun": "0.5204048316086147", "jac": "[-5.31352740e-08  5.67990099e-08  3.01758618e-08 -2.15605311e-08\n -2.77999845e-08  2.58459920e-08]", "hess_inv": "[[ 6.00771875  1.35698002  3.0821455   0.49367342  3.27022271  4.0055874 ]\n [ 1.35698002  5.40962469 -0.66119364  0.1636229   0.80912712  1.21349259]\n [ 3.0821455  -0.66119364 11.50698509  3.43883567  6.70293226  8.86250668]\n [ 0.49367342  0.1636229   3.43883567  5.37385793  1.79207746  3.20643486]\n [ 3.27022271  0.80912712  6.70293226  1.79207746 11.30795869  8.77268613]\n [ 4.0055874   1.21349259  8.86250668  3.20643486  8.77268613 14.14976117]]", "nfev": "266", "njev": "38", "status": "0", "success": "True", "message": "Optimization terminated successfully.", "x": "[-1.14408517  3.27151708  1.47922898  1.86466824  2.50530069 -0.74379526]", "nit": "33"}, "21": {"maxiter": 1000, "gtol": 1e-10, "xrtol": 1e-05, "eps": 1e-10, "duration": 0.045359134674072266, "fun": "0.5204048315640086", "jac": "[ 0.00000000e+00  0.00000000e+00  0.00000000e+00  0.00000000e+00\n  0.00000000e+00 -2.22044587e-06]", "hess_inv": "[[ 5.80572415  1.00622901  3.2429152   0.72982781  2.96061707  3.84232395]\n [ 1.00622901  4.69873394 -0.29683085  0.32652465 -0.45314482  0.27210248]\n [ 3.2429152  -0.29683085 11.6135764   3.80526413  7.88525896  9.98507945]\n [ 0.72982781  0.32652465  3.80526413  6.14172278  3.53661748  4.88354384]\n [ 2.96061707 -0.45314482  7.88525896  3.53661748 12.18425463  9.98963682]\n [ 3.84232395  0.27210248  9.98507945  4.88354384  9.98963682 15.65046332]]", "nfev": "266", "njev": "38", "status": "0", "success": "True", "message": "Optimization terminated successfully.", "x": "[-1.14405408  3.27153209  1.47927742  1.86469212  2.50535363 -0.74373618]", "nit": "33"}, "22": {"maxiter": 1000, "gtol": 1e-10, "xrtol": 1e-10, "eps": 1e-05, "duration": 0.08715391159057617, "fun": "0.5204048316086147", "jac": "[-5.31352740e-08  5.67990099e-08  3.01758618e-08 -2.15605311e-08\n -2.77999845e-08  2.58459920e-08]", "hess_inv": "[[ 6.14393114  1.1774836   3.01182997  0.51748963  3.39248956  3.93785192]\n [ 1.1774836   5.61124326 -0.61905828  0.09320394  0.54266126  1.16757481]\n [ 3.01182997 -0.61905828 11.47017403  3.37005749  6.48737784  8.70186927]\n [ 0.51748963  0.09320394  3.37005749  5.3343831   1.69568287  3.04346937]\n [ 3.39248956  0.54266126  6.48737784  1.69568287 11.0998646   8.30403844]\n [ 3.93785192  1.16757481  8.70186927  3.04346937  8.30403844 13.66010718]]", "nfev": "516", "njev": "72", "status": "2", "success": "False", "message": "Desired error not necessarily achieved due to precision loss.", "x": "[-1.14408517  3.27151708  1.47922898  1.86466824  2.50530069 -0.74379526]", "nit": "33"}, "23": {"maxiter": 1000, "gtol": 1e-10, "xrtol": 1e-10, "eps": 1e-10, "duration": 0.05614590644836426, "fun": "0.5204048315640086", "jac": "[0. 0. 0. 0. 0. 0.]", "hess_inv": "[[  5.45192041  -1.5910173    5.17208785   3.92424282   4.82318079\n    5.79166133]\n [ -1.5910173   11.05923851 -14.29403305 -12.24622499 -14.28502198\n  -18.93325421]\n [  5.17208785 -14.29403305  32.27961213  26.28099739  28.18988224\n   36.47293546]\n [  3.92424282 -12.24622499  26.28099739  28.33444086  25.68678827\n   34.76546772]\n [  4.82318079 -14.28502198  28.18988224  25.68678827  32.13176208\n   35.98204795]\n [  5.79166133 -18.93325421  36.47293546  34.76546772  35.98204795\n   49.08728056]]", "nfev": "329", "njev": "47", "status": "0", "success": "True", "message": "Optimization terminated successfully.", "x": "[-1.14405408  3.27153209  1.47927742  1.86469212  2.50535363 -0.74373618]", "nit": "34"}}, "cobyla": {"0": {"maxiter": 100, "tol": 1e-05, "catol": 1e-05, "duration": 0.016318082809448242, "x": "[-1.10836957  3.28525519  1.59435456  1.89800671  2.60272962 -0.60138611]", "status": "2", "success": "False", "message": "Maximum number of function evaluations has been exceeded.", "nfev": "100", "fun": "0.5211311709003297", "maxcv": "0.0"}, "1": {"maxiter": 100, "tol": 1e-05, "catol": 1e-10, "duration": 0.016269922256469727, "x": "[-1.10836957  3.28525519  1.59435456  1.89800671  2.60272962 -0.60138611]", "status": "2", "success": "False", "message": "Maximum number of function evaluations has been exceeded.", "nfev": "100", "fun": "0.5211311709003297", "maxcv": "0.0"}, "2": {"maxiter": 100, "tol": 1e-10, "catol": 1e-05, "duration": 0.016314029693603516, "x": "[-1.10836957  3.28525519  1.59435456  1.89800671  2.60272962 -0.60138611]", "status": "2", "success": "False", "message": "Maximum number of function evaluations has been exceeded.", "nfev": "100", "fun": "0.5211311709003297", "maxcv": "0.0"}, "3": {"maxiter": 100, "tol": 1e-10, "catol": 1e-10, "duration": 0.01633310317993164, "x": "[-1.10836957  3.28525519  1.59435456  1.89800671  2.60272962 -0.60138611]", "status": "2", "success": "False", "message": "Maximum number of function evaluations has been exceeded.", "nfev": "100", "fun": "0.5211311709003297", "maxcv": "0.0"}, "4": {"maxiter": 500, "tol": 1e-05, "catol": 1e-05, "duration": 0.05306696891784668, "x": "[-1.14406122  3.27152541  1.47927734  1.86469521  2.50534691 -0.74372982]", "status": "1", "success": "True", "message": "Optimization terminated successfully.", "nfev": "325", "fun": "0.5204048315643395", "maxcv": "0.0"}, "5": {"maxiter": 500, "tol": 1e-05, "catol": 1e-10, "duration": 0.05315876007080078, "x": "[-1.14406122  3.27152541  1.47927734  1.86469521  2.50534691 -0.74372982]", "status": "1", "success": "True", "message": "Optimization terminated successfully.", "nfev": "325", "fun": "0.5204048315643395", "maxcv": "0.0"}, "6": {"maxiter": 500, "tol": 1e-10, "catol": 1e-05, "duration": 0.0769350528717041, "x": "[-1.14406694  3.27152492  1.47926281  1.86468321  2.50533304 -0.74375491]", "status": "1", "success": "True", "message": "Optimization terminated successfully.", "nfev": "472", "fun": "0.5204048315355594", "maxcv": "0.0"}, "7": {"maxiter": 500, "tol": 1e-10, "catol": 1e-10, "duration": 0.076416015625, "x": "[-1.14406694  3.27152492  1.47926281  1.86468321  2.50533304 -0.74375491]", "status": "1", "success": "True", "message": "Optimization terminated 