{"date": "2024/07/19/, 17:22:47", "conf_id": 258, "data_type": "var_s_rank\n", "num_data_points": 1, "s_rank": 0, "unitary": "[[-0.53618537-0.34368723j,-0.12107031-0.46226139j,-0.07699282-0.46603512j,0.36022595-0.11472301j],[0.26026499-0.63450712j,-0.56616638+0.37832564j,-0.14988651+0.08458591j,0.10363514-0.16008501j],[-0.32580188-0.11070003j,-0.36476308-0.23593218j,0.02559343+0.41761608j,-0.25598305+0.6725303j],[0.07406738-0.0126433j,0.28513701+0.19483972j,-0.74939717-0.10299659j,0.29798249+0.46269921j]]", "databatch_0": {"databatch": "[[[-0.31420994+0.0603674j,-0.14683866+0.09421822j,0.12127046+0.13792268j,0.08161508-0.19234279j],[0.34239534-0.03605921j,0.18320852-0.02594308j,-0.01546543-0.19432506j,-0.27089798+0.20102883j],[0.03611219-0.12634386j,-0.05786411-0.2837535j,-0.3426216-0.09295758j,0.30775099+0.11039652j],[0.10442954+0.08999142j,0.07507539-0.25083474j,-0.11866299-0.21418241j,0.05555361+0.02389214j]]]", "initial param values": "[0.2992649,2.32723965,4.83546599,2.75769136,1.87745266,4.4044932]", "nelder_mead": {"type": "gradient-free", "0": {"maxiter": 100, "fatol": 1e-05, "xatol": 1e-05, "duration": 0.0264589786529541, "fun": "0.3164434667045467", "nit": "100", "nfev": "157", "status": "2", "success": "False", "message": "Maximum number of iterations has been exceeded.", "x": "[0.1878404  3.80119568 4.40374904 5.10944944 0.95875152 4.38323951]", "final_simplex": "(array([[0.1878404 , 3.80119568, 4.40374904, 5.10944944, 0.95875152,\n        4.38323951],\n       [0.18249823, 3.77651772, 4.44442513, 5.16711872, 0.95376257,\n        4.39536858],\n       [0.18917156, 3.89093991, 4.31053173, 5.12478877, 0.92332924,\n        4.37753648],\n       [0.18340589, 3.86916896, 4.24512038, 5.22799125, 0.93615958,\n        4.38091175],\n       [0.18715811, 3.82482982, 4.37594139, 5.11523329, 0.95826235,\n        4.39480038],\n       [0.18173309, 3.80439484, 4.42955728, 5.1533117 , 0.93989837,\n        4.4466764 ],\n       [0.18546629, 3.83673743, 4.3682276 , 5.18274192, 0.94713073,\n        4.41473365]]), array([0.31644347, 0.31659421, 0.31685699, 0.31692438, 0.31717473,\n       0.31738935, 0.31748047]))"}, "1": {"maxiter": 100, "fatol": 1e-05, "xatol": 1e-10, "duration": 0.026364803314208984, "fun": "0.3164434667045467", "nit": "100", "nfev": "157", "status": "2", "success": "False", "message": "Maximum number of iterations has been exceeded.", "x": "[0.1878404  3.80119568 4.40374904 5.10944944 0.95875152 4.38323951]", "final_simplex": "(array([[0.1878404 , 3.80119568, 4.40374904, 5.10944944, 0.95875152,\n        4.38323951],\n       [0.18249823, 3.77651772, 4.44442513, 5.16711872, 0.95376257,\n        4.39536858],\n       [0.18917156, 3.89093991, 4.31053173, 5.12478877, 0.92332924,\n        4.37753648],\n       [0.18340589, 3.86916896, 4.24512038, 5.22799125, 0.93615958,\n        4.38091175],\n       [0.18715811, 3.82482982, 4.37594139, 5.11523329, 0.95826235,\n        4.39480038],\n       [0.18173309, 3.80439484, 4.42955728, 5.1533117 , 0.93989837,\n        4.4466764 ],\n       [0.18546629, 3.83673743, 4.3682276 , 5.18274192, 0.94713073,\n        4.41473365]]), array([0.31644347, 0.31659421, 0.31685699, 0.31692438, 0.31717473,\n       0.31738935, 0.31748047]))"}, "2": {"maxiter": 100, "fatol": 1e-10, "xatol": 1e-05, "duration": 0.026342153549194336, "fun": "0.3164434667045467", "nit": "100", "nfev": "157", "status": "2", "success": "False", "message": "Maximum number of iterations has been exceeded.", "x": "[0.1878404  3.80119568 4.40374904 5.10944944 0.95875152 4.38323951]", "final_simplex": "(array([[0.1878404 , 3.80119568, 4.40374904, 5.10944944, 0.95875152,\n        4.38323951],\n       [0.18249823, 3.77651772, 4.44442513, 5.16711872, 0.95376257,\n        4.39536858],\n       [0.18917156, 3.89093991, 4.31053173, 5.12478877, 0.92332924,\n        4.37753648],\n       [0.18340589, 3.86916896, 4.24512038, 5.22799125, 0.93615958,\n        4.38091175],\n       [0.18715811, 3.82482982, 4.37594139, 5.11523329, 0.95826235,\n        4.39480038],\n       [0.18173309, 3.80439484, 4.42955728, 5.1533117 , 0.93989837,\n        4.4466764 ],\n       [0.18546629, 3.83673743, 4.3682276 , 5.18274192, 0.94713073,\n        4.41473365]]), array([0.31644347, 0.31659421, 0.31685699, 0.31692438, 0.31717473,\n       0.31738935, 0.31748047]))"}, "3": {"maxiter": 100, "fatol": 1e-10, "xatol": 1e-10, "duration": 0.026432037353515625, "fun": "0.3164434667045467", "nit": "100", "nfev": "157", "status": "2", "success": "False", "message": "Maximum number of iterations has been exceeded.", "x": "[0.1878404  3.80119568 4.40374904 5.10944944 0.95875152 4.38323951]", "final_simplex": "(array([[0.1878404 , 3.80119568, 4.40374904, 5.10944944, 0.95875152,\n        4.38323951],\n       [0.18249823, 3.77651772, 4.44442513, 5.16711872, 0.95376257,\n        4.39536858],\n       [0.18917156, 3.89093991, 4.31053173, 5.12478877, 0.92332924,\n        4.37753648],\n       [0.18340589, 3.86916896, 4.24512038, 5.22799125, 0.93615958,\n        4.38091175],\n       [0.18715811, 3.82482982, 4.37594139, 5.11523329, 0.95826235,\n        4.39480038],\n       [0.18173309, 3.80439484, 4.42955728, 5.1533117 , 0.93989837,\n        4.4466764 ],\n       [0.18546629, 3.83673743, 4.3682276 , 5.18274192, 0.94713073,\n        4.41473365]]), array([0.31644347, 0.31659421, 0.31685699, 0.31692438, 0.31717473,\n       0.31738935, 0.31748047]))"}, "4": {"maxiter": 500, "fatol": 1e-05, "xatol": 1e-05, "duration": 0.13045907020568848, "fun": "0.1371975854061489", "nit": "467", "nfev": "715", "status": "0", "success": "True", "message": "Optimization terminated successfully.", "x": "[1.55838233 2.42931361 5.25296651 4.95123715 0.69194536 3.27807101]", "final_simplex": "(array([[1.55838233, 2.42931361, 5.25296651, 4.95123715, 0.69194536,\n        3.27807101],\n       [1.55838372, 2.42931873, 5.25295824, 4.95124159, 0.69195345,\n        3.27806461],\n       [1.55838203, 2.42931526, 5.25296192, 4.95124001, 0.6919477 ,\n        3.27806666],\n       [1.55838122, 2.42931635, 5.25296714, 4.95123522, 0.69194811,\n        3.27806993],\n       [1.55838241, 2.42931514, 5.25296449, 4.95123592, 0.69194581,\n        3.27806943],\n       [1.55838073, 2.42931296, 5.25297161, 4.95123703, 0.69193887,\n        3.27807465],\n       [1.55837935, 2.42931365, 5.25296261, 4.95124049, 0.6919475 ,\n        3.27807082]]), array([0.13719759, 0.13719759, 0.13719759, 0.13719759, 0.13719759,\n       0.13719759, 0.13719759]))"}, "5": {"maxiter": 500, "fatol": 1e-05, "xatol": 1e-10, "duration": 0.17185711860656738, "fun": "0.13719758540455285", "nit": "500", "nfev": "766", "status": "2", "success": "False", "message": "Maximum number of iterations has been exceeded.", "x": "[1.55838197 2.42931822 5.25296393 4.95123785 0.69194962 3.27806942]", "final_simplex": "(array([[1.55838197, 2.42931822, 5.25296393, 4.95123785, 0.69194962,\n        3.27806942],\n       [1.55838228, 2.42931771, 5.2529637 , 4.9512378 , 0.69194936,\n        3.27806936],\n       [1.5583814 , 2.42931785, 5.25296403, 4.95123801, 0.69194914,\n        3.27806968],\n       [1.5583822 , 2.42931774, 5.25296341, 4.95123806, 0.69194992,\n        3.27806898],\n       [1.55838234, 2.42931837, 5.25296253, 4.95123861, 0.69195034,\n        3.27806831],\n       [1.55838228, 2.42931749, 5.25296314, 4.9512387 , 0.69194946,\n        3.27806927],\n       [1.55838218, 2.42931758, 5.25296383, 4.95123831, 0.69194896,\n        3.27806899]]), array([0.13719759, 0.13719759, 0.13719759, 0.13719759, 0.13719759,\n       0.13719759, 0.13719759]))"}, "6": {"maxiter": 500, "fatol": 1e-10, "xatol": 1e-05, "duration": 0.1289818286895752, "fun": "0.1371975854061489", "nit": "467", "nfev": "715", "status": "0", "success": "True", "message": "Optimization terminated successfully.", "x": "[1.55838233 2.42931361 5.25296651 4.95123715 0.69194536 3.27807101]", "final_simplex": "(array([[1.55838233, 2.42931361, 5.25296651, 4.95123715, 0.69194536,\n        3.27807101],\n       [1.55838372, 2.42931873, 5.25295824, 4.95124159, 0.69195345,\n        3.27806461],\n       [1.55838203, 2.42931526, 5.25296192, 4.95124001, 0.6919477 ,\n        3.27806666],\n       [1.55838122, 2.42931635, 5.25296714, 4.95123522, 0.69194811,\n        3.27806993],\n       [1.55838241, 2.42931514, 5.25296449, 4.95123592, 0.69194581,\n        3.27806943],\n       [1.55838073, 2.42931296, 5.25297161, 4.95123703, 0.69193887,\n        3.27807465],\n       [1.55837935, 2.42931365, 5.25296261, 4.95124049, 0.6919475 ,\n        3.27807082]]), array([0.13719759, 0.13719759, 0.13719759, 0.13719759, 0.13719759,\n       0.13719759, 0.13719759]))"}, "7": {"maxiter": 500, "fatol": 1e-10, "xatol": 1e-10, "duration": 0.13443303108215332, "fun": "0.13719758540455285", "nit": "500", "nfev": "766", "status": "2", "success": "False", "message": "Maximum number of iterations has been exceeded.", "x": "[1.55838197 2.42931822 5.25296393 4.95123785 0.69194962 3.27806942]", "final_simplex": "(array([[1.55838197, 2.42931822, 5.25296393, 4.95123785, 0.69194962,\n        3.27806942],\n       [1.55838228, 2.42931771, 5.2529637 , 4.9512378 , 0.69194936,\n        3.27806936],\n       [1.5583814 , 2.42931785, 5.25296403, 4.95123801, 0.69194914,\n        3.27806968],\n       [1.5583822 , 2.42931774, 5.25296341, 4.95123806, 0.69194992,\n        3.27806898],\n       [1.55838234, 2.42931837, 5.25296253, 4.95123861, 0.69195034,\n        3.27806831],\n       [1.55838228, 2.42931749, 5.25296314, 4.9512387 , 0.69194946,\n        3.27806927],\n       [1.55838218, 2.42931758, 5.25296383, 4.95123831, 0.69194896,\n        3.27806899]]), array([0.13719759, 0.13719759, 0.13719759, 0.13719759, 0.13719759,\n       0.13719759, 0.13719759]))"}, "8": {"maxiter": 1000, "fatol": 1e-05, "xatol": 1e-05, "duration": 0.12341189384460449, "fun": "0.1371975854061489", "nit": "467", "nfev": "715", "status": "0", "success": "True", "message": "Optimization terminated successfully.", "x": "[1.55838233 2.42931361 5.25296651 4.95123715 0.69194536 3.27807101]", "final_simplex": "(array([[1.55838233, 2.42931361, 5.25296651, 4.95123715, 0.69194536,\n        3.27807101],\n       [1.55838372, 2.42931873, 5.25295824, 4.95124159, 0.69195345,\n        3.27806461],\n       [1.55838203, 2.42931526, 5.25296192, 4.95124001, 0.6919477 ,\n        3.27806666],\n       [1.55838122, 2.42931635, 5.25296714, 4.95123522, 0.69194811,\n        3.27806993],\n       [1.55838241, 2.42931514, 5.25296449, 4.95123592, 0.69194581,\n        3.27806943],\n       [1.55838073, 2.42931296, 5.25297161, 4.95123703, 0.69193887,\n        3.27807465],\n       [1.55837935, 2.42931365, 5.25296261, 4.95124049, 0.6919475 ,\n        3.27807082]]), array([0.13719759, 0.13719759, 0.13719759, 0.13719759, 0.13719759,\n       0.13719759, 0.13719759]))"}, "9": {"maxiter": 1000, "fatol": 1e-05, "xatol": 1e-10, "duration": 0.16483092308044434, "fun": "0.13719758540451044", "nit": "578", "nfev": "949", "status": "0", "success": "True", "message": "Optimization terminated successfully.", "x": "[1.55838194 2.42931812 5.25296315 4.95123832 0.69194987 3.27806925]", "final_simplex": "(array([[1.55838194, 2.42931812, 5.25296315, 4.95123832, 0.69194987,\n        3.27806925],\n       [1.55838194, 2.42931812, 5.25296315, 4.95123832, 0.69194987,\n        3.27806925],\n       [1.55838194, 2.42931812, 5.25296315, 4.95123832, 0.69194988,\n        3.27806925],\n       [1.55838194, 2.42931812, 5.25296315, 4.95123832, 0.69194987,\n        3.27806925],\n       [1.55838194, 2.42931812, 5.25296315, 4.95123832, 0.69194987,\n        3.27806925],\n       [1.55838194, 2.42931812, 5.25296315, 4.95123832, 0.69194987,\n        3.27806925],\n       [1.55838194, 2.42931812, 5.25296315, 4.95123832, 0.69194987,\n        3.27806925]]), array([0.13719759, 0.13719759, 0.13719759, 0.13719759, 0.13719759,\n       0.13719759, 0.13719759]))"}, "10": {"maxiter": 1000, "fatol": 1e-10, "xatol": 1e-05, "duration": 0.12230706214904785, "fun": "0.1371975854061489", "nit": "467", "nfev": "715", "status": "0", "success": "True", "message": "Optimization terminated successfully.", "x": "[1.55838233 2.42931361 5.25296651 4.95123715 0.69194536 3.27807101]", "final_simplex": "(array([[1.55838233, 2.42931361, 5.25296651, 4.95123715, 0.69194536,\n        3.27807101],\n       [1.55838372, 2.42931873, 5.25295824, 4.95124159, 0.69195345,\n        3.27806461],\n       [1.55838203, 2.42931526, 5.25296192, 4.95124001, 0.6919477 ,\n        3.27806666],\n       [1.55838122, 2.42931635, 5.25296714, 4.95123522, 0.69194811,\n        3.27806993],\n       [1.55838241, 2.42931514, 5.25296449, 4.95123592, 0.69194581,\n        3.27806943],\n       [1.55838073, 2.42931296, 5.25297161, 4.95123703, 0.69193887,\n        3.27807465],\n       [1.55837935, 2.42931365, 5.25296261, 4.95124049, 0.6919475 ,\n        3.27807082]]), array([0.13719759, 0.13719759, 0.13719759, 0.13719759, 0.13719759,\n       0.13719759, 0.13719759]))"}, "11": {"maxiter": 1000, "fatol": 1e-10, "xatol": 1e-10, "duration": 0.16237616539001465, "fun": "0.13719758540451044", "nit": "578", "nfev": "949", "status": "0", "success": "True", "message": "Optimization terminated successfully.", "x": "[1.55838194 2.42931812 5.25296315 4.95123832 0.69194987 3.27806925]", "final_simplex": "(array([[1.55838194, 2.42931812, 5.25296315, 4.95123832, 0.69194987,\n        3.27806925],\n       [1.55838194, 2.42931812, 5.25296315, 4.95123832, 0.69194987,\n        3.27806925],\n       [1.55838194, 2.42931812, 5.25296315, 4.95123832, 0.69194988,\n        3.27806925],\n       [1.55838194, 2.42931812, 5.25296315, 4.95123832, 0.69194987,\n        3.27806925],\n       [1.55838194, 2.42931812, 5.25296315, 4.95123832, 0.69194987,\n        3.27806925],\n       [1.55838194, 2.42931812, 5.25296315, 4.95123832, 0.69194987,\n        3.27806925],\n       [1.55838194, 2.42931812, 5.25296315, 4.95123832, 0.69194987,\n        3.27806925]]), array([0.13719759, 0.13719759, 0.13719759, 0.13719759, 0.13719759,\n       0.13719759, 0.13719759]))"}}, "bfgs": {"type": "gradient", "0": {"maxiter": 100, "gtol": 1e-05, "xrtol": 1e-05, "eps": 1e-05, "duration": 0.04052400588989258, "fun": "0.1371975855637897", "jac": "[-5.64499558e-06 -1.18776100e-06  6.88981094e-06  3.35148576e-06\n  4.51099158e-06 -2.12276863e-06]", "hess_inv": "[[ 4.67534122e+00  1.81429543e-02 -3.71588694e-01 -1.45944914e+00\n   5.02525451e-01 -3.46039323e+00]\n [ 1.81429543e-02  8.83995579e+00 -8.77563868e+00  1.05697753e+00\n   1.17806659e+01 -4.08406833e+00]\n [-3.71588694e-01 -8.77563868e+00  2.41948217e+01 -9.19532386e+00\n  -2.28134764e+01  1.16380927e+01]\n [-1.45944914e+00  1.05697753e+00 -9.19532386e+00  7.12422668e+00\n   7.02347772e+00 -3.11236712e+00]\n [ 5.02525451e-01  1.17806659e+01 -2.28134764e+01  7.02347772e+00\n   2.59839774e+01 -1.15226798e+01]\n [-3.46039323e+00 -4.08406833e+00  1.16380927e+01 -3.11236712e+00\n  -1.15226798e+01  1.05702053e+01]]", "nfev": "231", "njev": "33", "status": "0", "success": "True", "message": "Optimization terminated successfully.", "x": "[1.55835103 2.42929227 5.25300127 4.9512422  0.69191528 3.27809478]", "nit": "26"}, "1": {"maxiter": 100, "gtol": 1e-05, "xrtol": 1e-05, "eps": 1e-10, "duration": 0.04037308692932129, "fun": "0.13719758576911767", "jac": "[0.00000000e+00 4.44089173e-06 9.99200639e-06 2.22044587e-06\n 4.44089173e-06 3.33066880e-06]", "hess_inv": "[[  4.7329244    0.10105026  -0.56581296  -1.40799743   0.66999411\n   -3.58642771]\n [  0.10105026   8.03581342  -7.63946911   0.61078235  10.63933283\n   -3.62880585]\n [ -0.56581296  -7.63946911  25.54044756 -10.05681311 -23.47557867\n   12.95579889]\n [ -1.40799743   0.61078235 -10.05681311   7.65290596   7.54512481\n   -3.8395315 ]\n [  0.66999411  10.63933283 -23.47557867   7.54512481  26.12450286\n  -12.39418208]\n [ -3.58642771  -3.62880585  12.95579889  -3.8395315  -12.39418208\n   11.64867918]]", "nfev": "231", "njev": "33", "status": "0", "success": "True", "message": "Optimization terminated successfully.", "x": "[1.5583601  2.42931087 5.25306551 4.9512     0.69188353 3.27814064]", "nit": "26"}, "2": {"maxiter": 100, "gtol": 1e-05, "xrtol": 1e-10, "eps": 1e-05, "duration": 0.040103912353515625, "fun": "0.1371975855637897", "jac": "[-5.64499558e-06 -1.18776100e-06  6.88981094e-06  3.35148576e-06\n  4.51099158e-06 -2.12276863e-06]", "hess_inv": "[[ 4.67534122e+00  1.81429543e-02 -3.71588694e-01 -1.45944914e+00\n   5.02525451e-01 -3.46039323e+00]\n [ 1.81429543e-02  8.83995579e+00 -8.77563868e+00  1.05697753e+00\n   1.17806659e+01 -4.08406833e+00]\n [-3.71588694e-01 -8.77563868e+00  2.41948217e+01 -9.19532386e+00\n  -2.28134764e+01  1.16380927e+01]\n [-1.45944914e+00  1.05697753e+00 -9.19532386e+00  7.12422668e+00\n   7.02347772e+00 -3.11236712e+00]\n [ 5.02525451e-01  1.17806659e+01 -2.28134764e+01  7.02347772e+00\n   2.59839774e+01 -1.15226798e+01]\n [-3.46039323e+00 -4.08406833e+00  1.16380927e+01 -3.11236712e+00\n  -1.15226798e+01  1.05702053e+01]]", "nfev": "231", "njev": "33", "status": "0", "success": "True", "message": "Optimization terminated successfully.", "x": "[1.55835103 2.42929227 5.25300127 4.9512422  0.69191528 3.27809478]", "nit": "26"}, "3": {"maxiter": 100, "gtol": 1e-05, "xrtol": 1e-10, "eps": 1e-10, "duration": 0.040479183197021484, "fun": "0.13719758576911767", "jac": "[0.00000000e+00 4.44089173e-06 9.99200639e-06 2.22044587e-06\n 4.44089173e-06 3.33066880e-06]", "hess_inv": "[[  4.7329244    0.10105026  -0.56581296  -1.40799743   0.66999411\n   -3.58642771]\n [  0.10105026   8.03581342  -7.63946911   0.61078235  10.63933283\n   -3.62880585]\n [ -0.56581296  -7.63946911  25.54044756 -10.05681311 -23.47557867\n   12.95579889]\n [ -1.40799743   0.61078235 -10.05681311   7.65290596   7.54512481\n   -3.8395315 ]\n [  0.66999411  10.63933283 -23.47557867   7.54512481  26.12450286\n  -12.39418208]\n [ -3.58642771  -3.62880585  12.95579889  -3.8395315  -12.39418208\n   11.64867918]]", "nfev": "231", "njev": "33", "status": "0", "success": "True", "message": "Optimization terminated successfully.", "x": "[1.5583601  2.42931087 5.25306551 4.9512     0.69188353 3.27814064]", "nit": "26"}, "4": {"maxiter": 100, "gtol": 1e-10, "xrtol": 1e-05, "eps": 1e-05, "duration": 0.04110407829284668, "fun": "0.13719758543282146", "jac": "[-2.97917246e-07  5.36592992e-07  9.49018641e-07  6.53910259e-07\n  3.34088313e-07 -4.24660307e-08]", "hess_inv": "[[  5.06682535   0.31287228  -0.52973552  -1.67783029   0.56896888\n   -3.56914777]\n [  0.31287228   8.85818154  -9.07301723   1.01808095  11.90666152\n   -4.37666873]\n [ -0.52973552  -9.07301723  24.10258058  -8.99721203 -22.77379807\n   11.49752461]\n [ -1.67783029   1.01808095  -8.99721203   7.16869588   6.93959286\n   -2.92183611]\n [  0.56896888  11.90666152 -22.77379807   6.93959286  25.96691325\n  -11.46252953]\n [ -3.56914777  -4.37666873  11.49752461  -2.92183611 -11.46252953\n   10.38238523]]", "nfev": "238", "njev": "34", "status": "0", "success": "True", "message": "Optimization terminated successfully.", "x": "[1.55837914 2.42930065 5.25297873 4.9512344  0.69192481 3.27807376]", "nit": "27"}, "5": {"maxiter": 100, "gtol": 1e-10, "xrtol": 1e-05, "eps": 1e-10, "duration": 0.04348301887512207, "fun": "0.1371975854090357", "jac": "[ 0.00000000e+00 -3.33066880e-06 -2.22044587e-06  2.22044587e-06\n -1.11022293e-06  1.11022293e-06]", "hess_inv": "[[ 5.46769329e+00  1.34517906e-01 -1.72834998e+00 -1.05133248e+00\n   1.01590537e+00 -4.52963914e+00]\n [ 1.34517906e-01  7.96396707e+00 -6.34151467e+00  1.42626356e-02\n   9.56055860e+00 -2.87956094e+00]\n [-1.72834998e+00 -6.34151467e+00  1.72150613e+01 -6.47834342e+00\n  -1.52409513e+01  8.96185044e+00]\n [-1.05133248e+00  1.42626356e-02 -6.47834342e+00  6.17401089e+00\n   4.09131552e+00 -2.09831020e+00]\n [ 1.01590537e+00  9.56055860e+00 -1.52409513e+01  4.09131552e+00\n   1.87497643e+01 -8.05516555e+00]\n [-4.52963914e+00 -2.87956094e+00  8.96185044e+00 -2.09831020e+00\n  -8.05516555e+00  9.93578921e+00]]", "nfev": "252", "njev": "36", "status": "0", "success": "True", "message": "Optimization terminated successfully.", "x": "[1.55838217 2.42931461 5.25296106 4.95124286 0.69194954 3.27807091]", "nit": "28"}, "6": {"maxiter": 100, "gtol": 1e-10, "xrtol": 1e-10, "eps": 1e-05, "duration": 0.07338690757751465, "fun": "0.13719758543282146", "jac": "[-2.97917246e-07  5.36592992e-07  9.49018641e-07  6.53910259e-07\n  3.34088313e-07 -4.24660307e-08]", "hess_inv": "[[  5.37377087   0.20749614  -1.02561809  -1.63402634   0.76967349\n   -3.97734206]\n [  0.20749614   8.76797314  -9.06303404   1.0858551   11.89972533\n   -4.35112804]\n [ -1.02561809  -9.06303404  24.70049313  -8.96297279 -23.01947012\n   12.01167208]\n [ -1.63402634   1.0858551   -8.96297279   7.12068516   6.92763209\n   -2.90500212]\n [  0.76967349  11.89972533 -23.01947012   6.92763209  26.06776681\n  -11.67325218]\n [ -3.97734206  -4.35112804  12.01167208  -2.90500212 -11.67325218\n   10.82132148]]", "nfev": "430", "njev": "60", "status": "2", "success": "False", "message": "Desired error not necessarily achieved due to precision loss.", "x": "[1.55837914 2.42930065 5.25297873 4.9512344  0.69192481 3.27807376]", "nit": "27"}, "7": {"maxiter": 100, "gtol": 1e-10, "xrtol": 1e-10, "eps": 1e-10, "duration": 0.09369277954101562, "fun": "0.1371975854065387", "jac": "[2.22044587e-06 1.11022293e-06 2.22044587e-06 3.33066880e-06\n 2.22044587e-06 0.00000000e+00]", "hess_inv": "[[ 1.92869748e+00 -2.51401190e+00  3.37774151e+00 -2.93855689e+00\n   7.13437027e-02 -2.01309594e+00]\n [-2.51401190e+00  3.40781591e+00 -4.55311072e+00  3.83220431e+00\n  -7.04941212e-02  2.63080576e+00]\n [ 3.37774151e+00 -4.55311072e+00  6.12653644e+00 -5.17676049e+00\n   4.34493696e-03 -3.42312970e+00]\n [-2.93855689e+00  3.83220431e+00 -5.17676049e+00  4.54319490e+00\n   8.69100023e-03  2.90032184e+00]\n [ 7.13437027e-02 -7.04941212e-02  4.34493696e-03  8.69100023e-03\n   4.09302684e-01 -5.76762342e-01]\n [-2.01309594e+00  2.63080576e+00 -3.42312970e+00  2.90032184e+00\n  -5.76762342e-01  2.76210665e+00]]", "nfev": "539", "njev": "77", "status": "0", "success": "True", "message": "Optimization terminated successfully.", "x": "[1.55838492 2.42931704 5.25296436 4.95123921 0.69194864 3.27806837]", "nit": "38"}, "8": {"maxiter": 500, "gtol": 1e-05, "xrtol": 1e-05, "eps": 1e-05, "duration": 0.04115915298461914, "fun": "0.1371975855637897", "jac": "[-5.64499558e-06 -1.18776100e-06  6.88981094e-06  3.35148576e-06\n  4.51099158e-06 -2.12276863e-06]", "hess_inv": "[[ 4.67534122e+00  1.81429543e-02 -3.71588694e-01 -1.45944914e+00\n   5.02525451e-01 -3.46039323e+00]\n [ 1.81429543e-02  8.83995579e+00 -8.77563868e+00  1.05697753e+00\n   1.17806659e+01 -4.08406833e+00]\n [-3.71588694e-01 -8.77563868e+00  2.41948217e+01 -9.19532386e+00\n  -2.28134764e+01  1.16380927e+01]\n [-1.45944914e+00  1.05697753e+00 -9.19532386e+00  7.12422668e+00\n   7.02347772e+00 -3.11236712e+00]\n [ 5.02525451e-01  1.17806659e+01 -2.28134764e+01  7.02347772e+00\n   2.59839774e+01 -1.15226798e+01]\n [-3.46039323e+00 -4.08406833e+00  1.16380927e+01 -3.11236712e+00\n  -1.15226798e+01  1.05702053e+01]]", "nfev": "231", "njev": "33", "status": "0", "success": "True", "message": "Optimization terminated successfully.", "x": "[1.55835103 2.42929227 5.25300127 4.9512422  0.69191528 3.27809478]", "nit": "26"}, "9": {"maxiter": 500, "gtol": 1e-05, "xrtol": 1e-05, "eps": 1e-10, "duration": 0.06703424453735352, "fun": "0.13719758576911767", "jac": "[0.00000000e+00 4.44089173e-06 9.99200639e-06 2.22044587e-06\n 4.44089173e-06 3.33066880e-06]", "hess_inv": "[[  4.7329244    0.10105026  -0.56581296  -1.40799743   0.66999411\n   -3.58642771]\n [  0.10105026   8.03581342  -7.63946911   0.61078235  10.63933283\n   -3.62880585]\n [ -0.56581296  -7.63946911  25.54044756 -10.05681311 -23.47557867\n   12.95579889]\n [ -1.40799743   0.61078235 -10.05681311   7.65290596   7.54512481\n   -3.8395315 ]\n [  0.66999411  10.63933283 -23.47557867   7.54512481  26.12450286\n  -12.39418208]\n [ -3.58642771  -3.62880585  12.95579889  -3.8395315  -12.39418208\n   11.64867918]]", "nfev": "231", "njev": "33", "status": "0", "success": "True", "message": "Optimization terminated successfully.", "x": "[1.5583601  2.42931087 5.25306551 4.9512     0.69188353 3.27814064]", "nit": "26"}, "10": {"maxiter": 500, "gtol": 1e-05, "xrtol": 1e-10, "eps": 1e-05, "duration": 0.04422497749328613, "fun": "0.1371975855637897", "jac": "[-5.64499558e-06 -1.18776100e-06  6.88981094e-06  3.35148576e-06\n  4.51099158e-06 -2.12276863e-06]", "hess_inv": "[[ 4.67534122e+00  1.81429543e-02 -3.71588694e-01 -1.45944914e+00\n   5.02525451e-01 -3.46039323e+00]\n [ 1.81429543e-02  8.83995579e+00 -8.77563868e+00  1.05697753e+00\n   1.17806659e+01 -4.08406833e+00]\n [-3.71588694e-01 -8.77563868e+00  2.41948217e+01 -9.19532386e+00\n  -2.28134764e+01  1.16380927e+01]\n [-1.45944914e+00  1.05697753e+00 -9.19532386e+00  7.12422668e+00\n   7.02347772e+00 -3.11236712e+00]\n [ 5.02525451e-01  1.17806659e+01 -2.28134764e+01  7.02347772e+00\n   2.59839774e+01 -1.15226798e+01]\n [-3.46039323e+00 -4.08406833e+00  1.16380927e+01 -3.11236712e+00\n  -1.15226798e+01  1.05702053e+01]]", "nfev": "231", "njev": "33", "status": "0", "success": "True", "message": "Optimization terminated successfully.", "x": "[1.55835103 2.42929227 5.25300127 4.9512422  0.69191528 3.27809478]", "nit": "26"}, "11": {"maxiter": 500, "gtol": 1e-05, "xrtol": 1e-10, "eps": 1e-10, "duration": 0.0422210693359375, "fun": "0.13719758576911767", "jac": "[0.00000000e+00 4.44089173e-06 9.99200639e-06 2.22044587e-06\n 4.44089173e-06 3.33066880e-06]", "hess_inv": "[[  4.7329244    0.10105026  -0.56581296  -1.40799743   0.66999411\n   -3.58642771]\n [  0.10105026   8.03581342  -7.63946911   0.61078235  10.63933283\n   -3.62880585]\n [ -0.56581296  -7.63946911  25.54044756 -10.05681311 -23.47557867\n   12.95579889]\n [ -1.40799743   0.61078235 -10.05681311   7.65290596   7.54512481\n   -3.8395315 ]\n [  0.66999411  10.63933283 -23.47557867   7.54512481  26.12450286\n  -12.39418208]\n [ -3.58642771  -3.62880585  12.95579889  -3.8395315  -12.39418208\n   11.64867918]]", "nfev": "231", "njev": "33", "status": "0", "success": "True", "message": "Optimization terminated successfully.", "x": "[1.5583601  2.42931087 5.25306551 4.9512     0.69188353 3.27814064]", "nit": "26"}, "12": {"maxiter": 500, "gtol": 1e-10, "xrtol": 1e-05, "eps": 1e-05, "duration": 0.04389524459838867, "fun": "0.13719758543282146", "jac": "[-2.97917246e-07  5.36592992e-07  9.49018641e-07  6.53910259e-07\n  3.34088313e-07 -4.24660307e-08]", "hess_inv": "[[  5.06682535   0.31287228  -0.52973552  -1.67783029   0.56896888\n   -3.56914777]\n [  0.31287228   8.85818154  -9.07301723   1.01808095  11.90666152\n   -4.37666873]\n [ -0.52973552  -9.07301723  24.10258058  -8.99721203 -22.77379807\n   11.49752461]\n [ -1.67783029   1.01808095  -8.99721203   7.16869588   6.93959286\n   -2.92183611]\n [  0.56896888  11.90666152 -22.77379807   6.93959286  25.96691325\n  -11.46252953]\n [ -3.56914777  -4.37666873  11.49752461  -2.92183611 -11.46252953\n   10.38238523]]", "nfev": "238", "njev": "34", "status": "0", "success": "True", "message": "Optimization terminated successfully.", "x": "[1.55837914 2.42930065 5.25297873 4.9512344  0.69192481 3.27807376]", "nit": "27"}, "13": {"maxiter": 500, "gtol": 1e-10, "xrtol": 1e-05, "eps": 1e-10, "duration": 0.04442095756530762, "fun": "0.1371975854090357", "jac": "[ 0.00000000e+00 -3.33066880e-06 -2.22044587e-06  2.22044587e-06\n -1.11022293e-06  1.11022293e-06]", "hess_inv": "[[ 5.46769329e+00  1.34517906e-01 -1.72834998e+00 -1.05133248e+00\n   1.01590537e+00 -4.52963914e+00]\n [ 1.34517906e-01  7.96396707e+00 -6.34151467e+00  1.42626356e-02\n   9.56055860e+00 -2.87956094e+00]\n [-1.72834998e+00 -6.34151467e+00  1.72150613e+01 -6.47834342e+00\n  -1.52409513e+01  8.96185044e+00]\n [-1.05133248e+00  1.42626356e-02 -6.47834342e+00  6.17401089e+00\n   4.09131552e+00 -2.09831020e+00]\n [ 1.01590537e+00  9.56055860e+00 -1.52409513e+01  4.09131552e+00\n   1.87497643e+01 -8.05516555e+00]\n [-4.52963914e+00 -2.87956094e+00  8.96185044e+00 -2.09831020e+00\n  -8.05516555e+00  9.93578921e+00]]", "nfev": "252", "njev": "36", "status": "0", "success": "True", "message": "Optimization terminated successfully.", "x": "[1.55838217 2.42931461 5.25296106 4.95124286 0.69194954 3.27807091]", "nit": "28"}, "14": {"maxiter": 500, "gtol": 1e-10, "xrtol": 1e-10, "eps": 1e-05, "duration": 0.09100508689880371, "fun": "0.13719758543282146", "jac": "[-2.97917246e-07  5.36592992e-07  9.49018641e-07  6.53910259e-07\n  3.34088313e-07 -4.24660307e-08]", "hess_inv": "[[  5.37377087   0.20749614  -1.02561809  -1.63402634   0.76967349\n   -3.97734206]\n [  0.20749614   8.76797314  -9.06303404   1.0858551   11.89972533\n   -4.35112804]\n [ -1.02561809  -9.06303404  24.70049313  -8.96297279 -23.01947012\n   12.01167208]\n [ -1.63402634   1.0858551   -8.96297279   7.12068516   6.92763209\n   -2.90500212]\n [  0.76967349  11.89972533 -23.01947012   6.92763209  26.06776681\n  -11.67325218]\n [ -3.97734206  -4.35112804  12.01167208  -2.90500212 -11.67325218\n   10.82132148]]", "nfev": "430", "njev": "60", "status": "2", "success": "False", "message": "Desired error not necessarily achieved due to precision loss.", "x": "[1.55837914 2.42930065 5.25297873 4.9512344  0.69192481 3.27807376]", "nit": "27"}, "15": {"maxiter": 500, "gtol": 1e-10, "xrtol": 1e-10, "eps": 1e-10, "duration": 0.18874692916870117, "fun": "0.1371975854065387", "jac": "[2.22044587e-06 1.11022293e-06 2.22044587e-06 3.33066880e-06\n 2.22044587e-06 0.00000000e+00]", "hess_inv": "[[ 1.92869748e+00 -2.51401190e+00  3.37774151e+00 -2.93855689e+00\n   7.13437027e-02 -2.01309594e+00]\n [-2.51401190e+00  3.40781591e+00 -4.55311072e+00  3.83220431e+00\n  -7.04941212e-02  2.63080576e+00]\n [ 3.37774151e+00 -4.55311072e+00  6.12653644e+00 -5.17676049e+00\n   4.34493696e-03 -3.42312970e+00]\n [-2.93855689e+00  3.83220431e+00 -5.17676049e+00  4.54319490e+00\n   8.69100023e-03  2.90032184e+00]\n [ 7.13437027e-02 -7.04941212e-02  4.34493696e-03  8.69100023e-03\n   4.09302684e-01 -5.76762342e-01]\n [-2.01309594e+00  2.63080576e+00 -3.42312970e+00  2.90032184e+00\n  -5.76762342e-01  2.76210665e+00]]", "nfev": "539", "njev": "77", "status": "0", "success": "True", "message": "Optimization terminated successfully.", "x": "[1.55838492 2.42931704 5.25296436 4.95123921 0.69194864 3.27806837]", "nit": "38"}, "16": {"maxiter": 1000, "gtol": 1e-05, "xrtol": 1e-05, "eps": 1e-05, "duration": 0.057646989822387695, "fun": "0.1371975855637897", "jac": "[-5.64499558e-06 -1.18776100e-06  6.88981094e-06  3.35148576e-06\n  4.51099158e-06 -2.12276863e-06]", "hess_inv": "[[ 4.67534122e+00  1.81429543e-02 -3.71588694e-01 -1.45944914e+00\n   5.02525451e-01 -3.46039323e+00]\n [ 1.81429543e-02  8.83995579e+00 -8.77563868e+00  1.05697753e+00\n   1.17806659e+01 -4.08406833e+00]\n [-3.71588694e-01 -8.77563868e+00  2.41948217e+01 -9.19532386e+00\n  -2.28134764e+01  1.16380927e+01]\n [-1.45944914e+00  1.05697753e+00 -9.19532386e+00  7.12422668e+00\n   7.02347772e+00 -3.11236712e+00]\n [ 5.02525451e-01  1.17806659e+01 -2.28134764e+01  7.02347772e+00\n   2.59839774e+01 -1.15226798e+01]\n [-3.46039323e+00 -4.08406833e+00  1.16380927e+01 -3.11236712e+00\n  -1.15226798e+01  1.05702053e+01]]", "nfev": "231", "njev": "33", "status": "0", "success": "True", "message": "Optimization terminated successfully.", "x": "[1.55835103 2.42929227 5.25300127 4.9512422  0.69191528 3.27809478]", "nit": "26"}, "17": {"maxiter": 1000, "gtol": 1e-05, "xrtol": 1e-05, "eps": 1e-10, "duration": 0.05708003044128418, "fun": "0.13719758576911767", "jac": "[0.00000000e+00 4.44089173e-06 9.99200639e-06 2.22044587e-06\n 4.44089173e-06 3.33066880e-06]", "hess_inv": "[[  4.7329244    0.10105026  -0.56581296  -1.40799743   0.66999411\n   -3.58642771]\n [  0.10105026   8.03581342  -7.63946911   0.61078235  10.63933283\n   -3.62880585]\n [ -0.56581296  -7.63946911  25.54044756 -10.05681311 -23.47557867\n   12.95579889]\n [ -1.40799743   0.61078235 -10.05681311   7.65290596   7.54512481\n   -3.8395315 ]\n [  0.66999411  10.63933283 -23.47557867   7.54512481  26.12450286\n  -12.39418208]\n [ -3.58642771  -3.62880585  12.95579889  -3.8395315  -12.39418208\n   11.64867918]]", "nfev": "231", "njev": "33", "status": "0", "success": "True", "message": "Optimization terminated successfully.", "x": "[1.5583601  2.42931087 5.25306551 4.9512     0.69188353 3.27814064]", "nit": "26"}, "18": {"maxiter": 1000, "gtol": 1e-05, "xrtol": 1e-10, "eps": 1e-05, "duration": 0.050154924392700195, "fun": "0.1371975855637897", "jac": "[-5.64499558e-06 -1.18776100e-06  6.88981094e-06  3.35148576e-06\n  4.51099158e-06 -2.12276863e-06]", "hess_inv": "[[ 4.67534122e+00  1.81429543e-02 -3.71588694e-01 -1.45944914e+00\n   5.02525451e-01 -3.46039323e+00]\n [ 1.81429543e-02  8.83995579e+00 -8.77563868e+00  1.05697753e+00\n   1.17806659e+01 -4.08406833e+00]\n [-3.71588694e-01 -8.77563868e+00  2.41948217e+01 -9.19532386e+00\n  -2.28134764e+01  1.16380927e+01]\n [-1.45944914e+00  1.05697753e+00 -9.19532386e+00  7.12422668e+00\n   7.02347772e+00 -3.11236712e+00]\n [ 5.02525451e-01  1.17806659e+01 -2.28134764e+01  7.02347772e+00\n   2.59839774e+01 -1.15226798e+01]\n [-3.46039323e+00 -4.08406833e+00  1.16380927e+01 -3.11236712e+00\n  -1.15226798e+01  1.05702053e+01]]", "nfev": "231", "njev": "33", "status": "0", "success": "True", "message": "Optimization terminated successfully.", "x": "[1.55835103 2.42929227 5.25300127 4.9512422  0.69191528 3.27809478]", "nit": "26"}, "19": {"maxiter": 1000, "gtol": 1e-05, "xrtol": 1e-10, "eps": 1e-10, "duration": 0.05788302421569824, "fun": "0.13719758576911767", "jac": "[0.00000000e+00 4.44089173e-06 9.99200639e-06 2.22044587e-06\n 4.44089173e-06 3.33066880e-06]", "hess_inv": "[[  4.7329244    0.10105026  -0.56581296  -1.40799743   0.66999411\n   -3.58642771]\n [  0.10105026   8.03581342  -7.63946911   0.61078235  10.63933283\n   -3.62880585]\n [ -0.56581296  -7.63946911  25.54044756 -10.05681311 -23.47557867\n   12.95579889]\n [ -1.40799743   0.61078235 -10.05681311   7.65290596   7.54512481\n   -3.8395315 ]\n [  0.66999411  10.63933283 -23.47557867   7.54512481  26.12450286\n  -12.39418208]\n [ -3.58642771  -3.62880585  12.95579889  -3.8395315  -12.39418208\n   11.64867918]]", "nfev": "231", "njev": "33", "status": "0", "success": "True", "message": "Optimization terminated successfully.", "x": "[1.5583601  2.42931087 5.25306551 4.9512     0.69188353 3.27814064]", "nit": "26"}, "20": {"maxiter": 1000, "gtol": 1e-10, "xrtol": 1e-05, "eps": 1e-05, "duration": 0.19101524353027344, "fun": "0.13719758543282146", "jac": "[-2.97917246e-07  5.36592992e-07  9.49018641e-07  6.53910259e-07\n  3.34088313e-07 -4.24660307e-08]", "hess_inv": "[[  5.06682535   0.31287228  -0.52973552  -1.67783029   0.56896888\n   -3.56914777]\n [  0.31287228   8.85818154  -9.07301723   1.01808095  11.90666152\n   -4.37666873]\n [ -0.52973552  -9.07301723  24.10258058  -8.99721203 -22.77379807\n   11.49752461]\n [ -1.67783029   1.01808095  -8.99721203   7.16869588   6.93959286\n   -2.92183611]\n [  0.56896888  11.90666152 -22.77379807   6.93959286  25.96691325\n  -11.46252953]\n [ -3.56914777  -4.37666873  11.49752461  -2.92183611 -11.46252953\n   10.38238523]]", "nfev": "238", "njev": "34", "status": "0", "success": "True", "message": "Optimization terminated successfully.", "x": "[1.55837914 2.42930065 5.25297873 4.9512344  0.69192481 3.27807376]", "nit": "27"}, "21": {"maxiter": 1000, "gtol": 1e-10, "xrtol": 1e-05, "eps": 1e-10, "duration": 0.06052517890930176, "fun": "0.1371975854090357", "jac": "[ 0.00000000e+00 -3.33066880e-06 -2.22044587e-06  2.22044587e-06\n -1.11022293e-06  1.11022293e-06]", "hess_inv": "[[ 5.46769329e+00  1.34517906e-01 -1.72834998e+00 -1.05133248e+00\n   1.01590537e+00 -4.52963914e+00]\n [ 1.34517906e-01  7.96396707e+00 -6.34151467e+00  1.42626356e-02\n   9.56055860e+00 -2.87956094e+00]\n [-1.72834998e+00 -6.34151467e+00  1.72150613e+01 -6.47834342e+00\n  -1.52409513e+01  8.96185044e+00]\n [-1.05133248e+00  1.42626356e-02 -6.47834342e+00  6.17401089e+00\n   4.09131552e+00 -2.09831020e+00]\n [ 1.01590537e+00  9.56055860e+00 -1.52409513e+01  4.09131552e+00\n   1.87497643e+01 -8.05516555e+00]\n [-4.52963914e+00 -2.87956094e+00  8.96185044e+00 -2.09831020e+00\n  -8.05516555e+00  9.93578921e+00]]", "nfev": "252", "njev": "36", "status": "0", "success": "True", "message": "Optimization terminated successfully.", "x": "[1.55838217 2.42931461 5.25296106 4.95124286 0.69194954 3.27807091]", "nit": "28"}, "22": {"maxiter": 1000, "gtol": 1e-10, "xrtol": 1e-10, "eps": 1e-05, "duration": 0.21601200103759766, "fun": "0.13719758543282146", "jac": "[-2.97917246e-07  5.36592992e-07  9.49018641e-07  6.53910259e-07\n  3.34088313e-07 -4.24660307e-08]", "hess_inv": "[[  5.37377087   0.20749614  -1.02561809  -1.63402634   0.76967349\n   -3.97734206]\n [  0.20749614   8.76797314  -9.06303404   1.0858551   11.89972533\n   -4.35112804]\n [ -1.02561809  -9.06303404  24.70049313  -8.96297279 -23.01947012\n   12.01167208]\n [ -1.63402634   1.0858551   -8.96297279   7.12068516   6.92763209\n   -2.90500212]\n [  0.76967349  11.89972533 -23.01947012   6.92763209  26.06776681\n  -11.67325218]\n [ -3.97734206  -4.35112804  12.01167208  -2.90500212 -11.67325218\n   10.82132148]]", "nfev": "430", "njev": "60", "status": "2", "success": "False", "message": "Desired error not necessarily achieved due to precision loss.", "x": "[1.55837914 2.42930065 5.25297873 4.9512344  0.69192481 3.27807376]", "nit": "27"}, "23": {"maxiter": 1000, "gtol": 1e-10, "xrtol": 1e-10, "eps": 1e-10, "duration": 0.1168980598449707, "fun": "0.1371975854065387", "jac": "[2.22044587e-06 1.11022293e-06 2.22044587e-06 3.33066880e-06\n 2.22044587e-06 0.00000000e+00]", "hess_inv": "[[ 1.92869748e+00 -2.51401190e+00  3.37774151e+00 -2.93855689e+00\n   7.13437027e-02 -2.01309594e+00]\n [-2.51401190e+00  3.40781591e+00 -4.55311072e+00  3.83220431e+00\n  -7.04941212e-02  2.63080576e+00]\n [ 3.37774151e+00 -4.55311072e+00  6.12653644e+00 -5.17676049e+00\n   4.34493696e-03 -3.42312970e+00]\n [-2.93855689e+00  3.83220431e+00 -5.17676049e+00  4.54319490e+00\n   8.69100023e-03  2.90032184e+00]\n [ 7.13437027e-02 -7.04941212e-02  4.34493696e-03  8.69100023e-03\n   4.09302684e-01 -5.76762342e-01]\n [-2.01309594e+00  2.63080576e+00 -3.42312970e+00  2.90032184e+00\n  -5.76762342e-01  2.76210665e+00]]", "nfev": "539", "njev": "77", "status": "0", "success": "True", "message": "Optimization terminated successfully.", "x": "[1.55838492 2.42931704 5.25296436 4.95123921 0.69194864 3.27806837]", "nit": "38"}}, "cobyla": {"0": {"maxiter": 100, "tol": 1e-05, "catol": 1e-05, "duration": 0.01768803596496582, "x": "[1.55790897 2.3954799  5.31874061 4.93045825 0.61631879 3.31150603]", "status": "2", "success": "False", "message": "Maximum number of function evaluations has been exceeded.", "nfev": "100", "fun": "0.13731219400277195", "maxcv": "0.0"}, "1": {"maxiter": 100, "tol": 1e-05, "catol": 1e-10, "duration": 0.1723499298095703, "x": "[1.55790897 2.3954799  5.31874061 4.93045825 0.61631879 3.31150603]", "status": "2", "success": "False", "message": "Maximum number of function evaluations has been exceeded.", "nfev": "100", "fun": "0.13731219400277195", "maxcv": "0.0"}, "2": {"maxiter": 100, "tol": 1e-10, "catol": 1e-05, "duration": 0.03382396697998047, "x": "[1.55790897 2.3954799  5.31874061 4.93045825 0.61631879 3.31150603]", "status": "2", "success": "False", "message": "Maximum number of function evaluations has been exceeded.", "nfev": "100", "fun": "0.13731219400277195", "maxcv": "0.0"}, "3": {"maxiter": 100, "tol": 1e-10, "catol": 1e-10, "duration": 0.03306317329406738, "x": "[1.55790897 2.3954799  5.31874061 4.93045825 0.61631879 3.31150603]", "status": "2", "success": "False", "message": "Maximum number of function evaluations has been exceeded.", "nfev": "100", "fun": "0.13731219400277195", "maxcv": "0.0"}, "4": {"maxiter": 500, "tol": 1e-05, "catol": 1e-05, "duration": 0.10094118