{"date": "2024/07/19/, 20:52:45", "conf_id": 316, "data_type": "var_s_rank\n", "num_data_points": 4, "s_rank": 0, "unitary": "[[-0.56303964-0.00798273j,-0.21670212-0.15784972j,-0.06047197-0.73952673j,-0.01438004+0.24552571j],[-0.06976756+0.23474685j,-0.01275565-0.5435098j,-0.02703657-0.08917885j,-0.08210486-0.79311774j],[-0.38559961+0.10714929j,0.5933431-0.2687392j,-0.24060861+0.29149289j,-0.45147719+0.26241743j],[-0.50180421+0.45931857j,-0.11617175+0.44134496j,0.49642745+0.22684508j,-0.08544628-0.15407063j]]", "databatch_0": {"databatch": "[[[0.10778145+0.17924018j,0.28359907+0.12435171j,-0.02904969+0.20136863j,0.04469544+0.20429292j],[-0.18108353+0.11179636j,-0.08090593-0.21905881j,-0.0588205-0.01179036j,0.02666984+0.45760863j],[-0.0462966+0.35399863j,0.15677765-0.20652532j,-0.15379778-0.19417037j,0.00588016-0.28147236j],[-0.01673243-0.09707158j,-0.26528313-0.16645695j,0.04517582-0.11868935j,-0.04976457-0.00137201j]],[[0.1017138-0.21442289j,0.412542-0.10380441j,0.05220447+0.18638727j,0.10777448+0.14162437j],[0.09073789-0.1991468j,0.0579437-0.16540808j,-0.38326603+0.05278269j,-0.27604414+0.00738823j],[0.07765941-0.1133082j,0.05709056+0.08786419j,0.26924345-0.01757478j,0.09349125-0.13915434j],[-0.25540889-0.22989254j,-0.26359642+0.14868705j,-0.17233242+0.00850411j,0.03694651-0.13214751j]],[[-0.02612707-0.2180261j,-0.21713645-0.49271429j,0.00311434-0.00276524j,-0.09615479-0.22606555j],[-0.19780411-0.08965414j,-0.07863302+0.11315414j,0.49364677+0.06456676j,0.01500873+0.20155268j],[0.07979908-0.10112936j,0.02884274+0.27642462j,-0.03410566+0.09123843j,0.02669264+0.0584944j],[0.09602806+0.15715627j,-0.04188297+0.15550752j,-0.08589583+0.22905737j,-0.11394439-0.08060627j]],[[0.22265208-0.06570999j,-0.14736312-0.16979896j,0.2718086-0.13616207j,-0.09913372-0.01688628j],[0.34756355+0.0449047j,0.00480322-0.08134392j,-0.24663928-0.03962604j,-0.1159128-0.02427988j],[0.13986411+0.0659573j,-0.05910649+0.12444416j,0.11581571-0.04089917j,0.42352307+0.04231084j],[-0.11128923+0.02041513j,-0.0568464-0.41590163j,-0.12461099-0.36537093j,0.0633895-0.07716685j]]]", "initial param values": "[5.23400347,0.65271081,2.69437208,6.1713761,4.58322576,6.17570013]", "nelder_mead": {"type": "gradient-free", "0": {"maxiter": 100, "fatol": 1e-05, "xatol": 1e-05, "duration": 0.027163267135620117, "fun": "0.6814919998122844", "nit": "100", "nfev": "159", "status": "2", "success": "False", "message": "Maximum number of iterations has been exceeded.", "x": "[4.61967271 0.79832756 1.2172578  6.91099703 3.24896736 7.66093939]", "final_simplex": "(array([[4.61967271, 0.79832756, 1.2172578 , 6.91099703, 3.24896736,\n        7.66093939],\n       [4.60095563, 0.79949345, 1.26645337, 6.91449638, 3.25484151,\n        7.66476037],\n       [4.61499083, 0.78185032, 1.2751802 , 6.95780955, 3.27772769,\n        7.69457549],\n       [4.57525263, 0.81009293, 1.26691642, 6.88252209, 3.20133148,\n        7.73619731],\n       [4.63811103, 0.79178902, 1.30492664, 6.91828901, 3.23590979,\n        7.72183707],\n       [4.61240126, 0.79861961, 1.276392  , 6.94703122, 3.17739562,\n        7.738857  ],\n       [4.61340686, 0.80807665, 1.20670576, 6.91566809, 3.1703784 ,\n        7.76309542]]), array([0.681492  , 0.68154717, 0.6815634 , 0.68159724, 0.68161899,\n       0.68172581, 0.68173091]))"}, "1": {"maxiter": 100, "fatol": 1e-05, "xatol": 1e-10, "duration": 0.026964902877807617, "fun": "0.6814919998122844", "nit": "100", "nfev": "159", "status": "2", "success": "False", "message": "Maximum number of iterations has been exceeded.", "x": "[4.61967271 0.79832756 1.2172578  6.91099703 3.24896736 7.66093939]", "final_simplex": "(array([[4.61967271, 0.79832756, 1.2172578 , 6.91099703, 3.24896736,\n        7.66093939],\n       [4.60095563, 0.79949345, 1.26645337, 6.91449638, 3.25484151,\n        7.66476037],\n       [4.61499083, 0.78185032, 1.2751802 , 6.95780955, 3.27772769,\n        7.69457549],\n       [4.57525263, 0.81009293, 1.26691642, 6.88252209, 3.20133148,\n        7.73619731],\n       [4.63811103, 0.79178902, 1.30492664, 6.91828901, 3.23590979,\n        7.72183707],\n       [4.61240126, 0.79861961, 1.276392  , 6.94703122, 3.17739562,\n        7.738857  ],\n       [4.61340686, 0.80807665, 1.20670576, 6.91566809, 3.1703784 ,\n        7.76309542]]), array([0.681492  , 0.68154717, 0.6815634 , 0.68159724, 0.68161899,\n       0.68172581, 0.68173091]))"}, "2": {"maxiter": 100, "fatol": 1e-10, "xatol": 1e-05, "duration": 0.02694392204284668, "fun": "0.6814919998122844", "nit": "100", "nfev": "159", "status": "2", "success": "False", "message": "Maximum number of iterations has been exceeded.", "x": "[4.61967271 0.79832756 1.2172578  6.91099703 3.24896736 7.66093939]", "final_simplex": "(array([[4.61967271, 0.79832756, 1.2172578 , 6.91099703, 3.24896736,\n        7.66093939],\n       [4.60095563, 0.79949345, 1.26645337, 6.91449638, 3.25484151,\n        7.66476037],\n       [4.61499083, 0.78185032, 1.2751802 , 6.95780955, 3.27772769,\n        7.69457549],\n       [4.57525263, 0.81009293, 1.26691642, 6.88252209, 3.20133148,\n        7.73619731],\n       [4.63811103, 0.79178902, 1.30492664, 6.91828901, 3.23590979,\n        7.72183707],\n       [4.61240126, 0.79861961, 1.276392  , 6.94703122, 3.17739562,\n        7.738857  ],\n       [4.61340686, 0.80807665, 1.20670576, 6.91566809, 3.1703784 ,\n        7.76309542]]), array([0.681492  , 0.68154717, 0.6815634 , 0.68159724, 0.68161899,\n       0.68172581, 0.68173091]))"}, "3": {"maxiter": 100, "fatol": 1e-10, "xatol": 1e-10, "duration": 0.02691197395324707, "fun": "0.6814919998122844", "nit": "100", "nfev": "159", "status": "2", "success": "False", "message": "Maximum number of iterations has been exceeded.", "x": "[4.61967271 0.79832756 1.2172578  6.91099703 3.24896736 7.66093939]", "final_simplex": "(array([[4.61967271, 0.79832756, 1.2172578 , 6.91099703, 3.24896736,\n        7.66093939],\n       [4.60095563, 0.79949345, 1.26645337, 6.91449638, 3.25484151,\n        7.66476037],\n       [4.61499083, 0.78185032, 1.2751802 , 6.95780955, 3.27772769,\n        7.69457549],\n       [4.57525263, 0.81009293, 1.26691642, 6.88252209, 3.20133148,\n        7.73619731],\n       [4.63811103, 0.79178902, 1.30492664, 6.91828901, 3.23590979,\n        7.72183707],\n       [4.61240126, 0.79861961, 1.276392  , 6.94703122, 3.17739562,\n        7.738857  ],\n       [4.61340686, 0.80807665, 1.20670576, 6.91566809, 3.1703784 ,\n        7.76309542]]), array([0.681492  , 0.68154717, 0.6815634 , 0.68159724, 0.68161899,\n       0.68172581, 0.68173091]))"}, "4": {"maxiter": 500, "fatol": 1e-05, "xatol": 1e-05, "duration": 0.08788824081420898, "fun": "0.6765227379914365", "nit": "319", "nfev": "520", "status": "0", "success": "True", "message": "Optimization terminated successfully.", "x": "[4.58432487 0.48193488 1.26614335 6.927542   3.15407101 7.93701726]", "final_simplex": "(array([[4.58432487, 0.48193488, 1.26614335, 6.927542  , 3.15407101,\n        7.93701726],\n       [4.58432492, 0.48193676, 1.26614066, 6.92753795, 3.15407486,\n        7.93701539],\n       [4.58432688, 0.4819438 , 1.26614185, 6.92753736, 3.15407573,\n        7.93700983],\n       [4.58431886, 0.48193217, 1.26614692, 6.92753802, 3.15407481,\n        7.93701768],\n       [4.58432224, 0.48193715, 1.26614406, 6.92754135, 3.15406251,\n        7.93702682],\n       [4.58432093, 0.48193442, 1.26614056, 6.92754324, 3.15407221,\n        7.93702153],\n       [4.58432253, 0.48193133, 1.26614301, 6.92754194, 3.1540779 ,\n        7.93702014]]), array([0.67652274, 0.67652274, 0.67652274, 0.67652274, 0.67652274,\n       0.67652274, 0.67652274]))"}, "5": {"maxiter": 500, "fatol": 1e-05, "xatol": 1e-10, "duration": 0.1378490924835205, "fun": "0.676522737990178", "nit": "473", "nfev": "816", "status": "0", "success": "True", "message": "Optimization terminated successfully.", "x": "[4.58432466 0.481937   1.2661457  6.92754084 3.15407427 7.9370165 ]", "final_simplex": "(array([[4.58432466, 0.481937  , 1.2661457 , 6.92754084, 3.15407427,\n        7.9370165 ],\n       [4.58432466, 0.481937  , 1.2661457 , 6.92754084, 3.15407427,\n        7.9370165 ],\n       [4.58432466, 0.481937  , 1.2661457 , 6.92754084, 3.15407427,\n        7.9370165 ],\n       [4.58432466, 0.481937  , 1.2661457 , 6.92754084, 3.15407427,\n        7.9370165 ],\n       [4.58432466, 0.481937  , 1.2661457 , 6.92754084, 3.15407427,\n        7.9370165 ],\n       [4.58432466, 0.481937  , 1.2661457 , 6.92754084, 3.15407427,\n        7.9370165 ],\n       [4.58432466, 0.481937  , 1.2661457 , 6.92754084, 3.15407427,\n        7.9370165 ]]), array([0.67652274, 0.67652274, 0.67652274, 0.67652274, 0.67652274,\n       0.67652274, 0.67652274]))"}, "6": {"maxiter": 500, "fatol": 1e-10, "xatol": 1e-05, "duration": 0.08825492858886719, "fun": "0.6765227379914365", "nit": "319", "nfev": "520", "status": "0", "success": "True", "message": "Optimization terminated successfully.", "x": "[4.58432487 0.48193488 1.26614335 6.927542   3.15407101 7.93701726]", "final_simplex": "(array([[4.58432487, 0.48193488, 1.26614335, 6.927542  , 3.15407101,\n        7.93701726],\n       [4.58432492, 0.48193676, 1.26614066, 6.92753795, 3.15407486,\n        7.93701539],\n       [4.58432688, 0.4819438 , 1.26614185, 6.92753736, 3.15407573,\n        7.93700983],\n       [4.58431886, 0.48193217, 1.26614692, 6.92753802, 3.15407481,\n        7.93701768],\n       [4.58432224, 0.48193715, 1.26614406, 6.92754135, 3.15406251,\n        7.93702682],\n       [4.58432093, 0.48193442, 1.26614056, 6.92754324, 3.15407221,\n        7.93702153],\n       [4.58432253, 0.48193133, 1.26614301, 6.92754194, 3.1540779 ,\n        7.93702014]]), array([0.67652274, 0.67652274, 0.67652274, 0.67652274, 0.67652274,\n       0.67652274, 0.67652274]))"}, "7": {"maxiter": 500, "fatol": 1e-10, "xatol": 1e-10, "duration": 0.1375880241394043, "fun": "0.676522737990178", "nit": "473", "nfev": "816", "status": "0", "success": "True", "message": "Optimization terminated successfully.", "x": "[4.58432466 0.481937   1.2661457  6.92754084 3.15407427 7.9370165 ]", "final_simplex": "(array([[4.58432466, 0.481937  , 1.2661457 , 6.92754084, 3.15407427,\n        7.9370165 ],\n       [4.58432466, 0.481937  , 1.2661457 , 6.92754084, 3.15407427,\n        7.9370165 ],\n       [4.58432466, 0.481937  , 1.2661457 , 6.92754084, 3.15407427,\n        7.9370165 ],\n       [4.58432466, 0.481937  , 1.2661457 , 6.92754084, 3.15407427,\n        7.9370165 ],\n       [4.58432466, 0.481937  , 1.2661457 , 6.92754084, 3.15407427,\n        7.9370165 ],\n       [4.58432466, 0.481937  , 1.2661457 , 6.92754084, 3.15407427,\n        7.9370165 ],\n       [4.58432466, 0.481937  , 1.2661457 , 6.92754084, 3.15407427,\n        7.9370165 ]]), array([0.67652274, 0.67652274, 0.67652274, 0.67652274, 0.67652274,\n       0.67652274, 0.67652274]))"}, "8": {"maxiter": 1000, "fatol": 1e-05, "xatol": 1e-05, "duration": 0.0877389907836914, "fun": "0.6765227379914365", "nit": "319", "nfev": "520", "status": "0", "success": "True", "message": "Optimization terminated successfully.", "x": "[4.58432487 0.48193488 1.26614335 6.927542   3.15407101 7.93701726]", "final_simplex": "(array([[4.58432487, 0.48193488, 1.26614335, 6.927542  , 3.15407101,\n        7.93701726],\n       [4.58432492, 0.48193676, 1.26614066, 6.92753795, 3.15407486,\n        7.93701539],\n       [4.58432688, 0.4819438 , 1.26614185, 6.92753736, 3.15407573,\n        7.93700983],\n       [4.58431886, 0.48193217, 1.26614692, 6.92753802, 3.15407481,\n        7.93701768],\n       [4.58432224, 0.48193715, 1.26614406, 6.92754135, 3.15406251,\n        7.93702682],\n       [4.58432093, 0.48193442, 1.26614056, 6.92754324, 3.15407221,\n        7.93702153],\n       [4.58432253, 0.48193133, 1.26614301, 6.92754194, 3.1540779 ,\n        7.93702014]]), array([0.67652274, 0.67652274, 0.67652274, 0.67652274, 0.67652274,\n       0.67652274, 0.67652274]))"}, "9": {"maxiter": 1000, "fatol": 1e-05, "xatol": 1e-10, "duration": 0.1375410556793213, "fun": "0.676522737990178", "nit": "473", "nfev": "816", "status": "0", "success": "True", "message": "Optimization terminated successfully.", "x": "[4.58432466 0.481937   1.2661457  6.92754084 3.15407427 7.9370165 ]", "final_simplex": "(array([[4.58432466, 0.481937  , 1.2661457 , 6.92754084, 3.15407427,\n        7.9370165 ],\n       [4.58432466, 0.481937  , 1.2661457 , 6.92754084, 3.15407427,\n        7.9370165 ],\n       [4.58432466, 0.481937  , 1.2661457 , 6.92754084, 3.15407427,\n        7.9370165 ],\n       [4.58432466, 0.481937  , 1.2661457 , 6.92754084, 3.15407427,\n        7.9370165 ],\n       [4.58432466, 0.481937  , 1.2661457 , 6.92754084, 3.15407427,\n        7.9370165 ],\n       [4.58432466, 0.481937  , 1.2661457 , 6.92754084, 3.15407427,\n        7.9370165 ],\n       [4.58432466, 0.481937  , 1.2661457 , 6.92754084, 3.15407427,\n        7.9370165 ]]), array([0.67652274, 0.67652274, 0.67652274, 0.67652274, 0.67652274,\n       0.67652274, 0.67652274]))"}, "10": {"maxiter": 1000, "fatol": 1e-10, "xatol": 1e-05, "duration": 0.08783578872680664, "fun": "0.6765227379914365", "nit": "319", "nfev": "520", "status": "0", "success": "True", "message": "Optimization terminated successfully.", "x": "[4.58432487 0.48193488 1.26614335 6.927542   3.15407101 7.93701726]", "final_simplex": "(array([[4.58432487, 0.48193488, 1.26614335, 6.927542  , 3.15407101,\n        7.93701726],\n       [4.58432492, 0.48193676, 1.26614066, 6.92753795, 3.15407486,\n        7.93701539],\n       [4.58432688, 0.4819438 , 1.26614185, 6.92753736, 3.15407573,\n        7.93700983],\n       [4.58431886, 0.48193217, 1.26614692, 6.92753802, 3.15407481,\n        7.93701768],\n       [4.58432224, 0.48193715, 1.26614406, 6.92754135, 3.15406251,\n        7.93702682],\n       [4.58432093, 0.48193442, 1.26614056, 6.92754324, 3.15407221,\n        7.93702153],\n       [4.58432253, 0.48193133, 1.26614301, 6.92754194, 3.1540779 ,\n        7.93702014]]), array([0.67652274, 0.67652274, 0.67652274, 0.67652274, 0.67652274,\n       0.67652274, 0.67652274]))"}, "11": {"maxiter": 1000, "fatol": 1e-10, "xatol": 1e-10, "duration": 0.13869285583496094, "fun": "0.676522737990178", "nit": "473", "nfev": "816", "status": "0", "success": "True", "message": "Optimization terminated successfully.", "x": "[4.58432466 0.481937   1.2661457  6.92754084 3.15407427 7.9370165 ]", "final_simplex": "(array([[4.58432466, 0.481937  , 1.2661457 , 6.92754084, 3.15407427,\n        7.9370165 ],\n       [4.58432466, 0.481937  , 1.2661457 , 6.92754084, 3.15407427,\n        7.9370165 ],\n       [4.58432466, 0.481937  , 1.2661457 , 6.92754084, 3.15407427,\n        7.9370165 ],\n       [4.58432466, 0.481937  , 1.2661457 , 6.92754084, 3.15407427,\n        7.9370165 ],\n       [4.58432466, 0.481937  , 1.2661457 , 6.92754084, 3.15407427,\n        7.9370165 ],\n       [4.58432466, 0.481937  , 1.2661457 , 6.92754084, 3.15407427,\n        7.9370165 ],\n       [4.58432466, 0.481937  , 1.2661457 , 6.92754084, 3.15407427,\n        7.9370165 ]]), array([0.67652274, 0.67652274, 0.67652274, 0.67652274, 0.67652274,\n       0.67652274, 0.67652274]))"}}, "bfgs": {"type": "gradient", "0": {"maxiter": 100, "gtol": 1e-05, "xrtol": 1e-05, "eps": 1e-05, "duration": 0.04149031639099121, "fun": "0.676522738234722", "jac": "[-4.68484140e-06  2.35704789e-06 -2.86738411e-06  3.78876930e-06\n  3.89664967e-06  6.10672624e-06]", "hess_inv": "[[  6.44146219   0.07036614  -0.23971571   1.13690156  -0.96015799\n    0.51567662]\n [  0.07036614   9.55668051  -0.58089471  -1.49382101   2.03417594\n   -5.88970861]\n [ -0.23971571  -0.58089471   9.8681685   -1.09125375   0.3030903\n    2.0028338 ]\n [  1.13690156  -1.49382101  -1.09125375   7.78962313  -1.5211876\n    2.26995569]\n [ -0.96015799   2.03417594   0.3030903   -1.5211876   15.92098024\n  -15.94357818]\n [  0.51567662  -5.88970861   2.0028338    2.26995569 -15.94357818\n   24.50701374]]", "nfev": "238", "njev": "34", "status": "0", "success": "True", "message": "Optimization terminated successfully.", "x": "[4.58429475 0.48191997 1.26612787 6.92755892 3.15404538 7.93707767]", "nit": "27"}, "1": {"maxiter": 100, "gtol": 1e-05, "xrtol": 1e-05, "eps": 1e-10, "duration": 0.04133892059326172, "fun": "0.6765227382966776", "jac": "[-3.33066880e-06  3.33066880e-06 -2.22044587e-06  2.22044587e-06\n  6.66133760e-06  7.77156053e-06]", "hess_inv": "[[  6.44160007   0.0693191   -0.23887078   1.12597464  -0.97218133\n    0.52506668]\n [  0.0693191    9.54124468  -0.57100596  -1.51959217   2.03389475\n   -5.87914622]\n [ -0.23887078  -0.57100596   9.8709887   -1.10285861   0.31109833\n    1.95514866]\n [  1.12597464  -1.51959217  -1.10285861   7.76957316  -1.49715813\n    2.23460096]\n [ -0.97218133   2.03389475   0.31109833  -1.49715813  15.8713576\n  -15.88441867]\n [  0.52506668  -5.87914622   1.95514866   2.23460096 -15.88441867\n   24.44348113]]", "nfev": "238", "njev": "34", "status": "0", "success": "True", "message": "Optimization terminated successfully.", "x": "[4.58429894 0.4819209  1.26614665 6.92755362 3.15404603 7.93709964]", "nit": "27"}, "2": {"maxiter": 100, "gtol": 1e-05, "xrtol": 1e-10, "eps": 1e-05, "duration": 0.0413970947265625, "fun": "0.676522738234722", "jac": "[-4.68484140e-06  2.35704789e-06 -2.86738411e-06  3.78876930e-06\n  3.89664967e-06  6.10672624e-06]", "hess_inv": "[[  6.44146219   0.07036614  -0.23971571   1.13690156  -0.96015799\n    0.51567662]\n [  0.07036614   9.55668051  -0.58089471  -1.49382101   2.03417594\n   -5.88970861]\n [ -0.23971571  -0.58089471   9.8681685   -1.09125375   0.3030903\n    2.0028338 ]\n [  1.13690156  -1.49382101  -1.09125375   7.78962313  -1.5211876\n    2.26995569]\n [ -0.96015799   2.03417594   0.3030903   -1.5211876   15.92098024\n  -15.94357818]\n [  0.51567662  -5.88970861   2.0028338    2.26995569 -15.94357818\n   24.50701374]]", "nfev": "238", "njev": "34", "status": "0", "success": "True", "message": "Optimization terminated successfully.", "x": "[4.58429475 0.48191997 1.26612787 6.92755892 3.15404538 7.93707767]", "nit": "27"}, "3": {"maxiter": 100, "gtol": 1e-05, "xrtol": 1e-10, "eps": 1e-10, "duration": 0.04142498970031738, "fun": "0.6765227382966776", "jac": "[-3.33066880e-06  3.33066880e-06 -2.22044587e-06  2.22044587e-06\n  6.66133760e-06  7.77156053e-06]", "hess_inv": "[[  6.44160007   0.0693191   -0.23887078   1.12597464  -0.97218133\n    0.52506668]\n [  0.0693191    9.54124468  -0.57100596  -1.51959217   2.03389475\n   -5.87914622]\n [ -0.23887078  -0.57100596   9.8709887   -1.10285861   0.31109833\n    1.95514866]\n [  1.12597464  -1.51959217  -1.10285861   7.76957316  -1.49715813\n    2.23460096]\n [ -0.97218133   2.03389475   0.31109833  -1.49715813  15.8713576\n  -15.88441867]\n [  0.52506668  -5.87914622   1.95514866   2.23460096 -15.88441867\n   24.44348113]]", "nfev": "238", "njev": "34", "status": "0", "success": "True", "message": "Optimization terminated successfully.", "x": "[4.58429894 0.4819209  1.26614665 6.92755362 3.15404603 7.93709964]", "nit": "27"}, "4": {"maxiter": 100, "gtol": 1e-10, "xrtol": 1e-05, "eps": 1e-05, "duration": 0.04277205467224121, "fun": "0.6765227380157866", "jac": "[ 1.18134391e-06 -7.58570984e-07  2.27284858e-07 -1.27811095e-06\n -5.90072435e-07 -9.72288916e-07]", "hess_inv": "[[  6.82912589   0.41300735  -0.50936681   0.97397548  -0.85555467\n   -0.0353309 ]\n [  0.41300735   9.79518426  -0.63278833  -1.74325297   2.2561327\n   -6.56624811]\n [ -0.50936681  -0.63278833   9.51550701  -0.67244103  -0.14491062\n    2.93526558]\n [  0.97397548  -1.74325297  -0.67244103   7.68535292  -1.35296013\n    2.19099336]\n [ -0.85555467   2.2561327   -0.14491062  -1.35296013  15.68856273\n  -15.71080826]\n [ -0.0353309   -6.56624811   2.93526558   2.19099336 -15.71080826\n   24.7319443 ]]", "nfev": "245", "njev": "35", "status": "0", "success": "True", "message": "Optimization terminated successfully.", "x": "[4.58432417 0.48193492 1.26613945 6.92752843 3.15407558 7.93700329]", "nit": "28"}, "5": {"maxiter": 100, "gtol": 1e-10, "xrtol": 1e-05, "eps": 1e-10, "duration": 0.04283404350280762, "fun": "0.6765227380059456", "jac": "[ 1.11022293e-06 -1.11022293e-06  0.00000000e+00 -1.11022293e-06\n  0.00000000e+00  1.11022293e-06]", "hess_inv": "[[  6.73217871   0.29557578  -0.47829434   1.03337031  -0.98695701\n    0.09195728]\n [  0.29557578   9.6326105   -0.59730826  -1.66626187   2.10363987\n   -6.42475523]\n [ -0.47829434  -0.59730826   9.76593733  -0.88577359   0.16986584\n    2.70543477]\n [  1.03337031  -1.66626187  -0.88577359   7.73352693  -1.42101256\n    2.18942354]\n [ -0.98695701   2.10363987   0.16986584  -1.42101256  15.79426666\n  -15.66276308]\n [  0.09195728  -6.42475523   2.70543477   2.18942354 -15.66276308\n   24.57706143]]", "nfev": "245", "njev": "35", "status": "0", "success": "True", "message": "Optimization terminated successfully.", "x": "[4.58432288 0.4819281  1.26614854 6.92753592 3.15405578 7.93703582]", "nit": "28"}, "6": {"maxiter": 100, "gtol": 1e-10, "xrtol": 1e-10, "eps": 1e-05, "duration": 0.09428215026855469, "fun": "0.6765227379991798", "jac": "[ 4.61408689e-08 -1.50990331e-08 -1.15241150e-08  4.66293670e-10\n  7.93032306e-08  4.54081217e-08]", "hess_inv": "[[  6.62112382   0.3280917   -0.52851237   1.32689716  -0.94643247\n    0.44370828]\n [  0.3280917    9.85073861  -0.58839839  -1.60412548   2.2338243\n   -6.51666363]\n [ -0.52851237  -0.58839839   9.55068688  -0.62442429  -0.12888752\n    2.89311846]\n [  1.32689716  -1.60412548  -0.62442429   7.13707901  -1.15632988\n    1.38137426]\n [ -0.94643247   2.2338243   -0.12888752  -1.15632988  15.68849293\n  -15.52960462]\n [  0.44370828  -6.51666363   2.89311846   1.38137426 -15.52960462\n   23.86535987]]", "nfev": "544", "njev": "76", "status": "2", "success": "False", "message": "Desired error not necessarily achieved due to precision loss.", "x": "[4.58431854 0.48193482 1.26613939 6.92753564 3.15407156 7.9370129 ]", "nit": "29"}, "7": {"maxiter": 100, "gtol": 1e-10, "xrtol": 1e-10, "eps": 1e-10, "duration": 0.06329798698425293, "fun": "0.6765227379930316", "jac": "[0.00000000e+00 1.11022293e-06 0.00000000e+00 1.11022293e-06\n 0.00000000e+00 0.00000000e+00]", "hess_inv": "[[  3.57293189  -0.22766121  -4.43139211   2.22910532  -3.80496646\n    4.58008294]\n [ -0.22766121   3.11606982   1.7525199   -0.80591779   3.20349287\n   -4.80424193]\n [ -4.43139211   1.7525199   44.65293572 -21.55633095  27.70157999\n  -65.34724255]\n [  2.22910532  -0.80591779 -21.55633095  10.63047858 -13.43534931\n   31.50945337]\n [ -3.80496646   3.20349287  27.70157999 -13.43534931  21.13456022\n  -43.52634153]\n [  4.58008294  -4.80424193 -65.34724255  31.50945337 -43.52634153\n  100.97774884]]", "nfev": "364", "njev": "52", "status": "0", "success": "True", "message": "Optimization terminated successfully.", "x": "[4.58432209 0.48194003 1.26614458 6.92754407 3.15407042 7.93701599]", "nit": "35"}, "8": {"maxiter": 500, "gtol": 1e-05, "xrtol": 1e-05, "eps": 1e-05, "duration": 0.04109597206115723, "fun": "0.676522738234722", "jac": "[-4.68484140e-06  2.35704789e-06 -2.86738411e-06  3.78876930e-06\n  3.89664967e-06  6.10672624e-06]", "hess_inv": "[[  6.44146219   0.07036614  -0.23971571   1.13690156  -0.96015799\n    0.51567662]\n [  0.07036614   9.55668051  -0.58089471  -1.49382101   2.03417594\n   -5.88970861]\n [ -0.23971571  -0.58089471   9.8681685   -1.09125375   0.3030903\n    2.0028338 ]\n [  1.13690156  -1.49382101  -1.09125375   7.78962313  -1.5211876\n    2.26995569]\n [ -0.96015799   2.03417594   0.3030903   -1.5211876   15.92098024\n  -15.94357818]\n [  0.51567662  -5.88970861   2.0028338    2.26995569 -15.94357818\n   24.50701374]]", "nfev": "238", "njev": "34", "status": "0", "success": "True", "message": "Optimization terminated successfully.", "x": "[4.58429475 0.48191997 1.26612787 6.92755892 3.15404538 7.93707767]", "nit": "27"}, "9": {"maxiter": 500, "gtol": 1e-05, "xrtol": 1e-05, "eps": 1e-10, "duration": 0.04102301597595215, "fun": "0.6765227382966776", "jac": "[-3.33066880e-06  3.33066880e-06 -2.22044587e-06  2.22044587e-06\n  6.66133760e-06  7.77156053e-06]", "hess_inv": "[[  6.44160007   0.0693191   -0.23887078   1.12597464  -0.97218133\n    0.52506668]\n [  0.0693191    9.54124468  -0.57100596  -1.51959217   2.03389475\n   -5.87914622]\n [ -0.23887078  -0.57100596   9.8709887   -1.10285861   0.31109833\n    1.95514866]\n [  1.12597464  -1.51959217  -1.10285861   7.76957316  -1.49715813\n    2.23460096]\n [ -0.97218133   2.03389475   0.31109833  -1.49715813  15.8713576\n  -15.88441867]\n [  0.52506668  -5.87914622   1.95514866   2.23460096 -15.88441867\n   24.44348113]]", "nfev": "238", "njev": "34", "status": "0", "success": "True", "message": "Optimization terminated successfully.", "x": "[4.58429894 0.4819209  1.26614665 6.92755362 3.15404603 7.93709964]", "nit": "27"}, "10": {"maxiter": 500, "gtol": 1e-05, "xrtol": 1e-10, "eps": 1e-05, "duration": 0.04101085662841797, "fun": "0.676522738234722", "jac": "[-4.68484140e-06  2.35704789e-06 -2.86738411e-06  3.78876930e-06\n  3.89664967e-06  6.10672624e-06]", "hess_inv": "[[  6.44146219   0.07036614  -0.23971571   1.13690156  -0.96015799\n    0.51567662]\n [  0.07036614   9.55668051  -0.58089471  -1.49382101   2.03417594\n   -5.88970861]\n [ -0.23971571  -0.58089471   9.8681685   -1.09125375   0.3030903\n    2.0028338 ]\n [  1.13690156  -1.49382101  -1.09125375   7.78962313  -1.5211876\n    2.26995569]\n [ -0.96015799   2.03417594   0.3030903   -1.5211876   15.92098024\n  -15.94357818]\n [  0.51567662  -5.88970861   2.0028338    2.26995569 -15.94357818\n   24.50701374]]", "nfev": "238", "njev": "34", "status": "0", "success": "True", "message": "Optimization terminated successfully.", "x": "[4.58429475 0.48191997 1.26612787 6.92755892 3.15404538 7.93707767]", "nit": "27"}, "11": {"maxiter": 500, "gtol": 1e-05, "xrtol": 1e-10, "eps": 1e-10, "duration": 0.04101920127868652, "fun": "0.6765227382966776", "jac": "[-3.33066880e-06  3.33066880e-06 -2.22044587e-06  2.22044587e-06\n  6.66133760e-06  7.77156053e-06]", "hess_inv": "[[  6.44160007   0.0693191   -0.23887078   1.12597464  -0.97218133\n    0.52506668]\n [  0.0693191    9.54124468  -0.57100596  -1.51959217   2.03389475\n   -5.87914622]\n [ -0.23887078  -0.57100596   9.8709887   -1.10285861   0.31109833\n    1.95514866]\n [  1.12597464  -1.51959217  -1.10285861   7.76957316  -1.49715813\n    2.23460096]\n [ -0.97218133   2.03389475   0.31109833  -1.49715813  15.8713576\n  -15.88441867]\n [  0.52506668  -5.87914622   1.95514866   2.23460096 -15.88441867\n   24.44348113]]", "nfev": "238", "njev": "34", "status": "0", "success": "True", "message": "Optimization terminated successfully.", "x": "[4.58429894 0.4819209  1.26614665 6.92755362 3.15404603 7.93709964]", "nit": "27"}, "12": {"maxiter": 500, "gtol": 1e-10, "xrtol": 1e-05, "eps": 1e-05, "duration": 0.04227876663208008, "fun": "0.6765227380157866", "jac": "[ 1.18134391e-06 -7.58570984e-07  2.27284858e-07 -1.27811095e-06\n -5.90072435e-07 -9.72288916e-07]", "hess_inv": "[[  6.82912589   0.41300735  -0.50936681   0.97397548  -0.85555467\n   -0.0353309 ]\n [  0.41300735   9.79518426  -0.63278833  -1.74325297   2.2561327\n   -6.56624811]\n [ -0.50936681  -0.63278833   9.51550701  -0.67244103  -0.14491062\n    2.93526558]\n [  0.97397548  -1.74325297  -0.67244103   7.68535292  -1.35296013\n    2.19099336]\n [ -0.85555467   2.2561327   -0.14491062  -1.35296013  15.68856273\n  -15.71080826]\n [ -0.0353309   -6.56624811   2.93526558   2.19099336 -15.71080826\n   24.7319443 ]]", "nfev": "245", "njev": "35", "status": "0", "success": "True", "message": "Optimization terminated successfully.", "x": "[4.58432417 0.48193492 1.26613945 6.92752843 3.15407558 7.93700329]", "nit": "28"}, "13": {"maxiter": 500, "gtol": 1e-10, "xrtol": 1e-05, "eps": 1e-10, "duration": 0.04248619079589844, "fun": "0.6765227380059456", "jac": "[ 1.11022293e-06 -1.11022293e-06  0.00000000e+00 -1.11022293e-06\n  0.00000000e+00  1.11022293e-06]", "hess_inv": "[[  6.73217871   0.29557578  -0.47829434   1.03337031  -0.98695701\n    0.09195728]\n [  0.29557578   9.6326105   -0.59730826  -1.66626187   2.10363987\n   -6.42475523]\n [ -0.47829434  -0.59730826   9.76593733  -0.88577359   0.16986584\n    2.70543477]\n [  1.03337031  -1.66626187  -0.88577359   7.73352693  -1.42101256\n    2.18942354]\n [ -0.98695701   2.10363987   0.16986584  -1.42101256  15.79426666\n  -15.66276308]\n [  0.09195728  -6.42475523   2.70543477   2.18942354 -15.66276308\n   24.57706143]]", "nfev": "245", "njev": "35", "status": "0", "success": "True", "message": "Optimization terminated successfully.", "x": "[4.58432288 0.4819281  1.26614854 6.92753592 3.15405578 7.93703582]", "nit": "28"}, "14": {"maxiter": 500, "gtol": 1e-10, "xrtol": 1e-10, "eps": 1e-05, "duration": 0.09369897842407227, "fun": "0.6765227379991798", "jac": "[ 4.61408689e-08 -1.50990331e-08 -1.15241150e-08  4.66293670e-10\n  7.93032306e-08  4.54081217e-08]", "hess_inv": "[[  6.62112382   0.3280917   -0.52851237   1.32689716  -0.94643247\n    0.44370828]\n [  0.3280917    9.85073861  -0.58839839  -1.60412548   2.2338243\n   -6.51666363]\n [ -0.52851237  -0.58839839   9.55068688  -0.62442429  -0.12888752\n    2.89311846]\n [  1.32689716  -1.60412548  -0.62442429   7.13707901  -1.15632988\n    1.38137426]\n [ -0.94643247   2.2338243   -0.12888752  -1.15632988  15.68849293\n  -15.52960462]\n [  0.44370828  -6.51666363   2.89311846   1.38137426 -15.52960462\n   23.86535987]]", "nfev": "544", "njev": "76", "status": "2", "success": "False", "message": "Desired error not necessarily achieved due to precision loss.", "x": "[4.58431854 0.48193482 1.26613939 6.92753564 3.15407156 7.9370129 ]", "nit": "29"}, "15": {"maxiter": 500, "gtol": 1e-10, "xrtol": 1e-10, "eps": 1e-10, "duration": 0.06281495094299316, "fun": "0.6765227379930316", "jac": "[0.00000000e+00 1.11022293e-06 0.00000000e+00 1.11022293e-06\n 0.00000000e+00 0.00000000e+00]", "hess_inv": "[[  3.57293189  -0.22766121  -4.43139211   2.22910532  -3.80496646\n    4.58008294]\n [ -0.22766121   3.11606982   1.7525199   -0.80591779   3.20349287\n   -4.80424193]\n [ -4.43139211   1.7525199   44.65293572 -21.55633095  27.70157999\n  -65.34724255]\n [  2.22910532  -0.80591779 -21.55633095  10.63047858 -13.43534931\n   31.50945337]\n [ -3.80496646   3.20349287  27.70157999 -13.43534931  21.13456022\n  -43.52634153]\n [  4.58008294  -4.80424193 -65.34724255  31.50945337 -43.52634153\n  100.97774884]]", "nfev": "364", "njev": "52", "status": "0", "success": "True", "message": "Optimization terminated successfully.", "x": "[4.58432209 0.48194003 1.26614458 6.92754407 3.15407042 7.93701599]", "nit": "35"}, "16": {"maxiter": 1000, "gtol": 1e-05, "xrtol": 1e-05, "eps": 1e-05, "duration": 0.04109597206115723, "fun": "0.676522738234722", "jac": "[-4.68484140e-06  2.35704789e-06 -2.86738411e-06  3.78876930e-06\n  3.89664967e-06  6.10672624e-06]", "hess_inv": "[[  6.44146219   0.07036614  -0.23971571   1.13690156  -0.96015799\n    0.51567662]\n [  0.07036614   9.55668051  -0.58089471  -1.49382101   2.03417594\n   -5.88970861]\n [ -0.23971571  -0.58089471   9.8681685   -1.09125375   0.3030903\n    2.0028338 ]\n [  1.13690156  -1.49382101  -1.09125375   7.78962313  -1.5211876\n    2.26995569]\n [ -0.96015799   2.03417594   0.3030903   -1.5211876   15.92098024\n  -15.94357818]\n [  0.51567662  -5.88970861   2.0028338    2.26995569 -15.94357818\n   24.50701374]]", "nfev": "238", "njev": "34", "status": "0", "success": "True", "message": "Optimization terminated successfully.", "x": "[4.58429475 0.48191997 1.26612787 6.92755892 3.15404538 7.93707767]", "nit": "27"}, "17": {"maxiter": 1000, "gtol": 1e-05, "xrtol": 1e-05, "eps": 1e-10, "duration": 0.04104781150817871, "fun": "0.6765227382966776", "jac": "[-3.33066880e-06  3.33066880e-06 -2.22044587e-06  2.22044587e-06\n  6.66133760e-06  7.77156053e-06]", "hess_inv": "[[  6.44160007   0.0693191   -0.23887078   1.12597464  -0.97218133\n    0.52506668]\n [  0.0693191    9.54124468  -0.57100596  -1.51959217   2.03389475\n   -5.87914622]\n [ -0.23887078  -0.57100596   9.8709887   -1.10285861   0.31109833\n    1.95514866]\n [  1.12597464  -1.51959217  -1.10285861   7.76957316  -1.49715813\n    2.23460096]\n [ -0.97218133   2.03389475   0.31109833  -1.49715813  15.8713576\n  -15.88441867]\n [  0.52506668  -5.87914622   1.95514866   2.23460096 -15.88441867\n   24.44348113]]", "nfev": "238", "njev": "34", "status": "0", "success": "True", "message": "Optimization terminated successfully.", "x": "[4.58429894 0.4819209  1.26614665 6.92755362 3.15404603 7.93709964]", "nit": "27"}, "18": {"maxiter": 1000, "gtol": 1e-05, "xrtol": 1e-10, "eps": 1e-05, "duration": 0.04111671447753906, "fun": "0.676522738234722", "jac": "[-4.68484140e-06  2.35704789e-06 -2.86738411e-06  3.78876930e-06\n  3.89664967e-06  6.10672624e-06]", "hess_inv": "[[  6.44146219   0.07036614  -0.23971571   1.13690156  -0.96015799\n    0.51567662]\n [  0.07036614   9.55668051  -0.58089471  -1.49382101   2.03417594\n   -5.88970861]\n [ -0.23971571  -0.58089471   9.8681685   -1.09125375   0.3030903\n    2.0028338 ]\n [  1.13690156  -1.49382101  -1.09125375   7.78962313  -1.5211876\n    2.26995569]\n [ -0.96015799   2.03417594   0.3030903   -1.5211876   15.92098024\n  -15.94357818]\n [  0.51567662  -5.88970861   2.0028338    2.26995569 -15.94357818\n   24.50701374]]", "nfev": "238", "njev": "34", "status": "0", "success": "True", "message": "Optimization terminated successfully.", "x": "[4.58429475 0.48191997 1.26612787 6.92755892 3.15404538 7.93707767]", "nit": "27"}, "19": {"maxiter": 1000, "gtol": 1e-05, "xrtol": 1e-10, "eps": 1e-10, "duration": 0.04109787940979004, "fun": "0.6765227382966776", "jac": "[-3.33066880e-06  3.33066880e-06 -2.22044587e-06  2.22044587e-06\n  6.66133760e-06  7.77156053e-06]", "hess_inv": "[[  6.44160007   0.0693191   -0.23887078   1.12597464  -0.97218133\n    0.52506668]\n [  0.0693191    9.54124468  -0.57100596  -1.51959217   2.03389475\n   -5.87914622]\n [ -0.23887078  -0.57100596   9.8709887   -1.10285861   0.31109833\n    1.95514866]\n [  1.12597464  -1.51959217  -1.10285861   7.76957316  -1.49715813\n    2.23460096]\n [ -0.97218133   2.03389475   0.31109833  -1.49715813  15.8713576\n  -15.88441867]\n [  0.52506668  -5.87914622   1.95514866   2.23460096 -15.88441867\n   24.44348113]]", "nfev": "238", "njev": "34", "status": "0", "success": "True", "message": "Optimization terminated successfully.", "x": "[4.58429894 0.4819209  1.26614665 6.92755362 3.15404603 7.93709964]", "nit": "27"}, "20": {"maxiter": 1000, "gtol": 1e-10, "xrtol": 1e-05, "eps": 1e-05, "duration": 0.041957855224609375, "fun": "0.6765227380157866", "jac": "[ 1.18134391e-06 -7.58570984e-07  2.27284858e-07 -1.27811095e-06\n -5.90072435e-07 -9.72288916e-07]", "hess_inv": "[[  6.82912589   0.41300735  -0.50936681   0.97397548  -0.85555467\n   -0.0353309 ]\n [  0.41300735   9.79518426  -0.63278833  -1.74325297   2.2561327\n   -6.56624811]\n [ -0.50936681  -0.63278833   9.51550701  -0.67244103  -0.14491062\n    2.93526558]\n [  0.97397548  -1.74325297  -0.67244103   7.68535292  -1.35296013\n    2.19099336]\n [ -0.85555467   2.2561327   -0.14491062  -1.35296013  15.68856273\n  -15.71080826]\n [ -0.0353309   -6.56624811   2.93526558   2.19099336 -15.71080826\n   24.7319443 ]]", "nfev": "245", "njev": "35", "status": "0", "success": "True", "message": "Optimization terminated successfully.", "x": "[4.58432417 0.48193492 1.26613945 6.92752843 3.15407558 7.93700329]", "nit": "28"}, "21": {"maxiter": 1000, "gtol": 1e-10, "xrtol": 1e-05, "eps": 1e-10, "duration": 0.042272090911865234, "fun": "0.6765227380059456", "jac": "[ 1.11022293e-06 -1.11022293e-06  0.00000000e+00 -1.11022293e-06\n  0.00000000e+00  1.11022293e-06]", "hess_inv": "[[  6.73217871   0.29557578  -0.47829434   1.03337031  -0.98695701\n    0.09195728]\n [  0.29557578   9.6326105   -0.59730826  -1.66626187   2.10363987\n   -6.42475523]\n [ -0.47829434  -0.59730826   9.76593733  -0.88577359   0.16986584\n    2.70543477]\n [  1.03337031  -1.66626187  -0.88577359   7.73352693  -1.42101256\n    2.18942354]\n [ -0.98695701   2.10363987   0.16986584  -1.42101256  15.79426666\n  -15.66276308]\n [  0.09195728  -6.42475523   2.70543477   2.18942354 -15.66276308\n   24.57706143]]", "nfev": "245", "njev": "35", "status": "0", "success": "True", "message": "Optimization terminated successfully.", "x": "[4.58432288 0.4819281  1.26614854 6.92753592 3.15405578 7.93703582]", "nit": "28"}, "22": {"maxiter": 1000, "gtol": 1e-10, "xrtol": 1e-10, "eps": 1e-05, "duration": 0.09403371810913086, "fun": "0.6765227379991798", "jac": "[ 4.61408689e-08 -1.50990331e-08 -1.15241150e-08  4.66293670e-10\n  7.93032306e-08  4.54081217e-08]", "hess_inv": "[[  6.62112382   0.3280917   -0.52851237   1.32689716  -0.94643247\n    0.44370828]\n [  0.3280917    9.85073861  -0.58839839  -1.60412548   2.2338243\n   -6.51666363]\n [ -0.52851237  -0.58839839   9.55068688  -0.62442429  -0.12888752\n    2.89311846]\n [  1.32689716  -1.60412548  -0.62442429   7.13707901  -1.15632988\n    1.38137426]\n [ -0.94643247   2.2338243   -0.12888752  -1.15632988  15.68849293\n  -15.52960462]\n [  0.44370828  -6.51666363   2.89311846   1.38137426 -15.52960462\n   23.86535987]]", "nfev": "544", "njev": "76", "status": "2", "success": "False", "message": "Desired error not necessarily achieved due to precision loss.", "x": "[4.58431854 0.48193482 1.26613939 6.92753564 3.15407156 7.9370129 ]", "nit": "29"}, "23": {"maxiter": 1000, "gtol": 1e-10, "xrtol": 1e-10, "eps": 1e-10, "duration": 0.06226515769958496, "fun": "0.6765227379930316", "jac": "[0.00000000e+00 1.11022293e-06 0.00000000e+00 1.11022293e-06\n 0.00000000e+00 0.00000000e+00]", "hess_inv": "[[  3.57293189  -0.22766121  -4.43139211   2.22910532  -3.80496646\n    4.58008294]\n [ -0.22766121   3.11606982   1.7525199   -0.80591779   3.20349287\n   -4.80424193]\n [ -4.43139211   1.7525199   44.65293572 -21.55633095  27.70157999\n  -65.34724255]\n [  2.22910532  -0.80591779 -21.55633095  10.63047858 -13.43534931\n   31.50945337]\n [ -3.80496646   3.20349287  27.70157999 -13.43534931  21.13456022\n  -43.52634153]\n [  4.58008294  -4.80424193 -65.34724255  31.50945337 -43.52634153\n  100.97774884]]", "nfev": "364", "njev": "52", "status": "0", "success": "True", "message": "Optimization terminated successfully.", "x": "[4.58432209 0.48194003 1.26614458 6.92754407 3.15407042 7.93701599]", "nit": "35"}}, "cobyla": {"0": {"maxiter": 100, "tol": 1e-05, "catol": 1e-05, "duration": 0.01645207405090332, "x": "[5.05904665 3.31613464 3.31775656 8.46142752 6.72668966 5.25691533]", "status": "2", "success": "False", "message": "Maximum number of function evaluations has been exceeded.", "nfev": "100", "fun": "0.46740491359638126", "maxcv": "0.0"}, "1": {"maxiter": 100, "tol": 1e-05, "catol": 1e-10, "duration": 0.016440153121948242, "x": "[5.05904665 3.31613464 3.31775656 8.46142752 6.72668966 5.25691533]", "status": "2", "success": "False", "message": "Maximum number of function evaluations has been exceeded.", "nfev": "100", "fun": "0.46740491359638126", "maxcv": "0.0"}, "2": {"maxiter": 100, "tol": 1e-10, "catol": 1e-05, "duration": 0.01642608642578125, "x": "[5.05904665 3.31613464 3.31775656 8.46142752 6.72668966 5.25691533]", "status": "2", "success": "False", "message": "Maximum number of function evaluations has been exceeded.", "nfev": "100", "fun": "0.46740491359638126", "maxcv": "0.0"}, "3": {"maxiter": 100, "tol": 1e-10, "catol": 1e-10, "duration": 0.01675271987915039, "x": "[5.05904665 3.31613464 3.31775656 8.46142752 6.72668966 5.25691533]", "status": "2", "success": "False", "message": "Maximum number of function evaluations has been exceeded.", "nfev": "100", "fun": "0.46740491359638126", "maxcv": "0.0"}, "4": {"maxiter": 500, "tol": 1e-05, "catol": 1e-05, "duration": 0.03132796287536621, "x": "[5.06166109 3.31755817 3.31482905 8.45963935 6.73140616 5.26256123]", "status": "1", "success": "True", "message": "Optimization terminated successfully.", "nfev": "19