{"date": "2024/07/19/, 18:57:48", "conf_id": 284, "data_type": "var_s_rank\n", "num_data_points": 3, "s_rank": 0, "unitary": "[[-0.24866696+0.58742286j,-0.44704345-0.43151574j,-0.35669027-0.20570733j,-0.10517633+0.1626036j],[0.10596805-0.19687975j,-0.30269685-0.15056416j,0.18246286+0.30440582j,-0.83484447-0.11310748j],[0.26054512-0.52548482j,0.0285017-0.50723956j,-0.43110112+0.17165838j,0.15243271+0.39915801j],[0.42978035+0.11991271j,-0.17224126-0.46030424j,0.6827807-0.15164662j,0.26483638+0.0061855j]]", "databatch_0": {"databatch": "[[[-0.00426688-0.07068469j,0.09077539+0.0420336j,0.10482041+0.11081135j,0.08461998+0.01764909j],[-0.06728248-0.10685207j,0.1779648-0.0121223j,0.25889959+0.08336372j,0.14743172-0.04496768j],[-0.27621649+0.0564381j,0.11479697-0.3813574j,0.37801633-0.47526781j,0.0221341-0.34342755j],[-0.0955702-0.00315063j,0.06792645-0.11676015j,0.16216225-0.12699574j,0.03436818-0.11155028j]],[[-0.07684027-0.30993566j,0.06506113+0.15182756j,-0.29028734-0.08838953j,-0.06714346+0.17356496j],[0.12277665+0.21717957j,-0.08078228-0.10064408j,0.23701158+0.00570417j,0.01416979-0.14470617j],[0.10582105-0.30504292j,-0.02860098+0.16455368j,-0.19726099-0.23501233j,-0.15263002+0.11005974j],[0.08336995-0.350647j,-0.01333809+0.18596479j,-0.24540634-0.23892654j,-0.15719374+0.13933045j]],[[0.0819445-0.02590057j,0.04795108-0.00623141j,-0.0751816+0.20453677j,-0.03530151+0.32969636j],[-0.02619742-0.1533961j,0.00067926-0.08755521j,0.34830621+0.18543719j,0.58267804+0.14484943j],[-0.06962765-0.06526027j,-0.03210249-0.04304004j,0.23891237-0.03840499j,0.33841481-0.14506234j],[0.01614713-0.05669493j,0.01455726-0.02980262j,0.08866091+0.12034322j,0.17537613+0.1448225j]]]", "initial param values": "[4.28847334,2.71611649,2.99494633,5.10275644,1.76712564,5.90305485]", "nelder_mead": {"type": "gradient-free", "0": {"maxiter": 100, "fatol": 1e-05, "xatol": 1e-05, "duration": 0.026881933212280273, "fun": "0.36540515263066486", "nit": "100", "nfev": "155", "status": "2", "success": "False", "message": "Maximum number of iterations has been exceeded.", "x": "[4.84300466 2.62501984 1.10490373 8.4721665  2.28285252 4.80351766]", "final_simplex": "(array([[4.84300466, 2.62501984, 1.10490373, 8.4721665 , 2.28285252,\n        4.80351766],\n       [4.77268778, 2.61959402, 1.13352774, 8.36048739, 2.28308355,\n        4.75348484],\n       [4.90304118, 2.56853977, 1.11625324, 8.30796933, 2.35624024,\n        4.73907052],\n       [4.89758109, 2.5517013 , 1.2594264 , 8.3765987 , 2.29838838,\n        4.69420986],\n       [4.96471243, 2.50106715, 1.11896833, 8.34694112, 2.40185025,\n        4.8512291 ],\n       [4.94325906, 2.5187017 , 1.01363569, 8.44324894, 2.39842668,\n        4.72712873],\n       [4.89927708, 2.54283547, 1.12311972, 8.45945111, 2.31715733,\n        4.86905554]]), array([0.36540515, 0.36555709, 0.36584103, 0.36892809, 0.36956495,\n       0.36995581, 0.37014764]))"}, "1": {"maxiter": 100, "fatol": 1e-05, "xatol": 1e-10, "duration": 0.026736974716186523, "fun": "0.36540515263066486", "nit": "100", "nfev": "155", "status": "2", "success": "False", "message": "Maximum number of iterations has been exceeded.", "x": "[4.84300466 2.62501984 1.10490373 8.4721665  2.28285252 4.80351766]", "final_simplex": "(array([[4.84300466, 2.62501984, 1.10490373, 8.4721665 , 2.28285252,\n        4.80351766],\n       [4.77268778, 2.61959402, 1.13352774, 8.36048739, 2.28308355,\n        4.75348484],\n       [4.90304118, 2.56853977, 1.11625324, 8.30796933, 2.35624024,\n        4.73907052],\n       [4.89758109, 2.5517013 , 1.2594264 , 8.3765987 , 2.29838838,\n        4.69420986],\n       [4.96471243, 2.50106715, 1.11896833, 8.34694112, 2.40185025,\n        4.8512291 ],\n       [4.94325906, 2.5187017 , 1.01363569, 8.44324894, 2.39842668,\n        4.72712873],\n       [4.89927708, 2.54283547, 1.12311972, 8.45945111, 2.31715733,\n        4.86905554]]), array([0.36540515, 0.36555709, 0.36584103, 0.36892809, 0.36956495,\n       0.36995581, 0.37014764]))"}, "2": {"maxiter": 100, "fatol": 1e-10, "xatol": 1e-05, "duration": 0.026705026626586914, "fun": "0.36540515263066486", "nit": "100", "nfev": "155", "status": "2", "success": "False", "message": "Maximum number of iterations has been exceeded.", "x": "[4.84300466 2.62501984 1.10490373 8.4721665  2.28285252 4.80351766]", "final_simplex": "(array([[4.84300466, 2.62501984, 1.10490373, 8.4721665 , 2.28285252,\n        4.80351766],\n       [4.77268778, 2.61959402, 1.13352774, 8.36048739, 2.28308355,\n        4.75348484],\n       [4.90304118, 2.56853977, 1.11625324, 8.30796933, 2.35624024,\n        4.73907052],\n       [4.89758109, 2.5517013 , 1.2594264 , 8.3765987 , 2.29838838,\n        4.69420986],\n       [4.96471243, 2.50106715, 1.11896833, 8.34694112, 2.40185025,\n        4.8512291 ],\n       [4.94325906, 2.5187017 , 1.01363569, 8.44324894, 2.39842668,\n        4.72712873],\n       [4.89927708, 2.54283547, 1.12311972, 8.45945111, 2.31715733,\n        4.86905554]]), array([0.36540515, 0.36555709, 0.36584103, 0.36892809, 0.36956495,\n       0.36995581, 0.37014764]))"}, "3": {"maxiter": 100, "fatol": 1e-10, "xatol": 1e-10, "duration": 0.026782989501953125, "fun": "0.36540515263066486", "nit": "100", "nfev": "155", "status": "2", "success": "False", "message": "Maximum number of iterations has been exceeded.", "x": "[4.84300466 2.62501984 1.10490373 8.4721665  2.28285252 4.80351766]", "final_simplex": "(array([[4.84300466, 2.62501984, 1.10490373, 8.4721665 , 2.28285252,\n        4.80351766],\n       [4.77268778, 2.61959402, 1.13352774, 8.36048739, 2.28308355,\n        4.75348484],\n       [4.90304118, 2.56853977, 1.11625324, 8.30796933, 2.35624024,\n        4.73907052],\n       [4.89758109, 2.5517013 , 1.2594264 , 8.3765987 , 2.29838838,\n        4.69420986],\n       [4.96471243, 2.50106715, 1.11896833, 8.34694112, 2.40185025,\n        4.8512291 ],\n       [4.94325906, 2.5187017 , 1.01363569, 8.44324894, 2.39842668,\n        4.72712873],\n       [4.89927708, 2.54283547, 1.12311972, 8.45945111, 2.31715733,\n        4.86905554]]), array([0.36540515, 0.36555709, 0.36584103, 0.36892809, 0.36956495,\n       0.36995581, 0.37014764]))"}, "4": {"maxiter": 500, "fatol": 1e-05, "xatol": 1e-05, "duration": 0.10180974006652832, "fun": "0.3409618442014538", "nit": "372", "nfev": "594", "status": "0", "success": "True", "message": "Optimization terminated successfully.", "x": "[4.86085603 3.25945826 0.82894302 8.5517224  2.51985019 4.81167725]", "final_simplex": "(array([[4.86085603, 3.25945826, 0.82894302, 8.5517224 , 2.51985019,\n        4.81167725],\n       [4.86085649, 3.25946752, 0.82894338, 8.55172718, 2.51985239,\n        4.81167554],\n       [4.86085602, 3.25946263, 0.82893765, 8.55172429, 2.51985423,\n        4.8116778 ],\n       [4.86085504, 3.25946575, 0.8289424 , 8.5517196 , 2.51985698,\n        4.811682  ],\n       [4.86085653, 3.25945861, 0.82894438, 8.55172271, 2.51985247,\n        4.81167472],\n       [4.86086187, 3.25945784, 0.82894347, 8.55172473, 2.51985143,\n        4.81167648],\n       [4.86085736, 3.2594606 , 0.82893934, 8.55172252, 2.51985218,\n        4.81167587]]), array([0.34096184, 0.34096184, 0.34096184, 0.34096184, 0.34096184,\n       0.34096184, 0.34096184]))"}, "5": {"maxiter": 500, "fatol": 1e-05, "xatol": 1e-10, "duration": 0.1407310962677002, "fun": "0.34096184419633047", "nit": "500", "nfev": "822", "status": "2", "success": "False", "message": "Maximum number of iterations has been exceeded.", "x": "[4.86085669 3.25946229 0.82894072 8.55172725 2.5198575  4.8116824 ]", "final_simplex": "(array([[4.86085669, 3.25946229, 0.82894072, 8.55172725, 2.5198575 ,\n        4.8116824 ],\n       [4.86085669, 3.25946229, 0.82894073, 8.55172725, 2.5198575 ,\n        4.8116824 ],\n       [4.86085669, 3.25946229, 0.82894073, 8.55172725, 2.5198575 ,\n        4.8116824 ],\n       [4.86085669, 3.25946229, 0.82894072, 8.55172725, 2.5198575 ,\n        4.8116824 ],\n       [4.86085669, 3.25946229, 0.82894073, 8.55172725, 2.5198575 ,\n        4.8116824 ],\n       [4.86085669, 3.25946229, 0.82894073, 8.55172725, 2.5198575 ,\n        4.8116824 ],\n       [4.86085669, 3.25946229, 0.82894072, 8.55172725, 2.5198575 ,\n        4.8116824 ]]), array([0.34096184, 0.34096184, 0.34096184, 0.34096184, 0.34096184,\n       0.34096184, 0.34096184]))"}, "6": {"maxiter": 500, "fatol": 1e-10, "xatol": 1e-05, "duration": 0.10170888900756836, "fun": "0.3409618442014538", "nit": "372", "nfev": "594", "status": "0", "success": "True", "message": "Optimization terminated successfully.", "x": "[4.86085603 3.25945826 0.82894302 8.5517224  2.51985019 4.81167725]", "final_simplex": "(array([[4.86085603, 3.25945826, 0.82894302, 8.5517224 , 2.51985019,\n        4.81167725],\n       [4.86085649, 3.25946752, 0.82894338, 8.55172718, 2.51985239,\n        4.81167554],\n       [4.86085602, 3.25946263, 0.82893765, 8.55172429, 2.51985423,\n        4.8116778 ],\n       [4.86085504, 3.25946575, 0.8289424 , 8.5517196 , 2.51985698,\n        4.811682  ],\n       [4.86085653, 3.25945861, 0.82894438, 8.55172271, 2.51985247,\n        4.81167472],\n       [4.86086187, 3.25945784, 0.82894347, 8.55172473, 2.51985143,\n        4.81167648],\n       [4.86085736, 3.2594606 , 0.82893934, 8.55172252, 2.51985218,\n        4.81167587]]), array([0.34096184, 0.34096184, 0.34096184, 0.34096184, 0.34096184,\n       0.34096184, 0.34096184]))"}, "7": {"maxiter": 500, "fatol": 1e-10, "xatol": 1e-10, "duration": 0.14162683486938477, "fun": "0.34096184419633047", "nit": "500", "nfev": "822", "status": "2", "success": "False", "message": "Maximum number of iterations has been exceeded.", "x": "[4.86085669 3.25946229 0.82894072 8.55172725 2.5198575  4.8116824 ]", "final_simplex": "(array([[4.86085669, 3.25946229, 0.82894072, 8.55172725, 2.5198575 ,\n        4.8116824 ],\n       [4.86085669, 3.25946229, 0.82894073, 8.55172725, 2.5198575 ,\n        4.8116824 ],\n       [4.86085669, 3.25946229, 0.82894073, 8.55172725, 2.5198575 ,\n        4.8116824 ],\n       [4.86085669, 3.25946229, 0.82894072, 8.55172725, 2.5198575 ,\n        4.8116824 ],\n       [4.86085669, 3.25946229, 0.82894073, 8.55172725, 2.5198575 ,\n        4.8116824 ],\n       [4.86085669, 3.25946229, 0.82894073, 8.55172725, 2.5198575 ,\n        4.8116824 ],\n       [4.86085669, 3.25946229, 0.82894072, 8.55172725, 2.5198575 ,\n        4.8116824 ]]), array([0.34096184, 0.34096184, 0.34096184, 0.34096184, 0.34096184,\n       0.34096184, 0.34096184]))"}, "8": {"maxiter": 1000, "fatol": 1e-05, "xatol": 1e-05, "duration": 0.14476799964904785, "fun": "0.3409618442014538", "nit": "372", "nfev": "594", "status": "0", "success": "True", "message": "Optimization terminated successfully.", "x": "[4.86085603 3.25945826 0.82894302 8.5517224  2.51985019 4.81167725]", "final_simplex": "(array([[4.86085603, 3.25945826, 0.82894302, 8.5517224 , 2.51985019,\n        4.81167725],\n       [4.86085649, 3.25946752, 0.82894338, 8.55172718, 2.51985239,\n        4.81167554],\n       [4.86085602, 3.25946263, 0.82893765, 8.55172429, 2.51985423,\n        4.8116778 ],\n       [4.86085504, 3.25946575, 0.8289424 , 8.5517196 , 2.51985698,\n        4.811682  ],\n       [4.86085653, 3.25945861, 0.82894438, 8.55172271, 2.51985247,\n        4.81167472],\n       [4.86086187, 3.25945784, 0.82894347, 8.55172473, 2.51985143,\n        4.81167648],\n       [4.86085736, 3.2594606 , 0.82893934, 8.55172252, 2.51985218,\n        4.81167587]]), array([0.34096184, 0.34096184, 0.34096184, 0.34096184, 0.34096184,\n       0.34096184, 0.34096184]))"}, "9": {"maxiter": 1000, "fatol": 1e-05, "xatol": 1e-10, "duration": 0.16992473602294922, "fun": "0.34096184419633035", "nit": "518", "nfev": "890", "status": "0", "success": "True", "message": "Optimization terminated successfully.", "x": "[4.86085669 3.25946229 0.82894073 8.55172725 2.5198575  4.8116824 ]", "final_simplex": "(array([[4.86085669, 3.25946229, 0.82894073, 8.55172725, 2.5198575 ,\n        4.8116824 ],\n       [4.86085669, 3.25946229, 0.82894073, 8.55172725, 2.5198575 ,\n        4.8116824 ],\n       [4.86085669, 3.25946229, 0.82894073, 8.55172725, 2.5198575 ,\n        4.8116824 ],\n       [4.86085669, 3.25946229, 0.82894073, 8.55172725, 2.5198575 ,\n        4.8116824 ],\n       [4.86085669, 3.25946229, 0.82894073, 8.55172725, 2.5198575 ,\n        4.8116824 ],\n       [4.86085669, 3.25946229, 0.82894073, 8.55172725, 2.5198575 ,\n        4.8116824 ],\n       [4.86085669, 3.25946229, 0.82894073, 8.55172725, 2.5198575 ,\n        4.8116824 ]]), array([0.34096184, 0.34096184, 0.34096184, 0.34096184, 0.34096184,\n       0.34096184, 0.34096184]))"}, "10": {"maxiter": 1000, "fatol": 1e-10, "xatol": 1e-05, "duration": 0.1066431999206543, "fun": "0.3409618442014538", "nit": "372", "nfev": "594", "status": "0", "success": "True", "message": "Optimization terminated successfully.", "x": "[4.86085603 3.25945826 0.82894302 8.5517224  2.51985019 4.81167725]", "final_simplex": "(array([[4.86085603, 3.25945826, 0.82894302, 8.5517224 , 2.51985019,\n        4.81167725],\n       [4.86085649, 3.25946752, 0.82894338, 8.55172718, 2.51985239,\n        4.81167554],\n       [4.86085602, 3.25946263, 0.82893765, 8.55172429, 2.51985423,\n        4.8116778 ],\n       [4.86085504, 3.25946575, 0.8289424 , 8.5517196 , 2.51985698,\n        4.811682  ],\n       [4.86085653, 3.25945861, 0.82894438, 8.55172271, 2.51985247,\n        4.81167472],\n       [4.86086187, 3.25945784, 0.82894347, 8.55172473, 2.51985143,\n        4.81167648],\n       [4.86085736, 3.2594606 , 0.82893934, 8.55172252, 2.51985218,\n        4.81167587]]), array([0.34096184, 0.34096184, 0.34096184, 0.34096184, 0.34096184,\n       0.34096184, 0.34096184]))"}, "11": {"maxiter": 1000, "fatol": 1e-10, "xatol": 1e-10, "duration": 0.15291714668273926, "fun": "0.34096184419633035", "nit": "518", "nfev": "890", "status": "0", "success": "True", "message": "Optimization terminated successfully.", "x": "[4.86085669 3.25946229 0.82894073 8.55172725 2.5198575  4.8116824 ]", "final_simplex": "(array([[4.86085669, 3.25946229, 0.82894073, 8.55172725, 2.5198575 ,\n        4.8116824 ],\n       [4.86085669, 3.25946229, 0.82894073, 8.55172725, 2.5198575 ,\n        4.8116824 ],\n       [4.86085669, 3.25946229, 0.82894073, 8.55172725, 2.5198575 ,\n        4.8116824 ],\n       [4.86085669, 3.25946229, 0.82894073, 8.55172725, 2.5198575 ,\n        4.8116824 ],\n       [4.86085669, 3.25946229, 0.82894073, 8.55172725, 2.5198575 ,\n        4.8116824 ],\n       [4.86085669, 3.25946229, 0.82894073, 8.55172725, 2.5198575 ,\n        4.8116824 ],\n       [4.86085669, 3.25946229, 0.82894073, 8.55172725, 2.5198575 ,\n        4.8116824 ]]), array([0.34096184, 0.34096184, 0.34096184, 0.34096184, 0.34096184,\n       0.34096184, 0.34096184]))"}}, "bfgs": {"type": "gradient", "0": {"maxiter": 100, "gtol": 1e-05, "xrtol": 1e-05, "eps": 1e-05, "duration": 0.049089670181274414, "fun": "0.3409618442188359", "jac": "[ 1.95979899e-06  4.88276086e-07 -2.61191069e-07 -1.44859680e-06\n  7.19513338e-07 -4.53315163e-07]", "hess_inv": "[[ 4.16582044 -1.33550967 -0.09130098  2.34240052 -1.1220389  -0.8181698 ]\n [-1.33550967  8.61606117 -2.58513732  1.58013333  2.6449444   1.12719717]\n [-0.09130098 -2.58513732  6.73700192 -2.71640327 -3.02812901 -2.10223938]\n [ 2.34240052  1.58013333 -2.71640327  7.28014022 -0.65181765 -1.50808611]\n [-1.1220389   2.6449444  -3.02812901 -0.65181765  9.7503799   6.3953262 ]\n [-0.8181698   1.12719717 -2.10223938 -1.50808611  6.3953262   7.87366842]]", "nfev": "280", "njev": "40", "status": "0", "success": "True", "message": "Optimization terminated successfully.", "x": "[4.86085629 3.25945602 0.8289436  8.55171583 2.51984742 4.81167259]", "nit": "32"}, "1": {"maxiter": 100, "gtol": 1e-05, "xrtol": 1e-05, "eps": 1e-10, "duration": 0.049094200134277344, "fun": "0.34096184424359965", "jac": "[2.22044587e-06 2.22044587e-06 1.11022293e-06 2.22044587e-06\n 3.33066880e-06 0.00000000e+00]", "hess_inv": "[[ 4.26126514 -1.55460527 -0.01841433  2.42497058 -1.41396638 -1.0051397 ]\n [-1.55460527  8.50425614 -2.28309165  1.20590848  2.54966516  0.93094746]\n [-0.01841433 -2.28309165  6.37719963 -2.59044906 -2.51824034 -1.85283825]\n [ 2.42497058  1.20590848 -2.59044906  7.20460901 -1.20431261 -1.76980623]\n [-1.41396638  2.54966516 -2.51824034 -1.20431261  9.74300121  6.18230034]\n [-1.0051397   0.93094746 -1.85283825 -1.76980623  6.18230034  7.52671757]]", "nfev": "280", "njev": "40", "status": "0", "success": "True", "message": "Optimization terminated successfully.", "x": "[4.8608562  3.25948318 0.82892708 8.55173047 2.51988602 4.81170043]", "nit": "32"}, "2": {"maxiter": 100, "gtol": 1e-05, "xrtol": 1e-10, "eps": 1e-05, "duration": 0.04911684989929199, "fun": "0.3409618442188359", "jac": "[ 1.95979899e-06  4.88276086e-07 -2.61191069e-07 -1.44859680e-06\n  7.19513338e-07 -4.53315163e-07]", "hess_inv": "[[ 4.16582044 -1.33550967 -0.09130098  2.34240052 -1.1220389  -0.8181698 ]\n [-1.33550967  8.61606117 -2.58513732  1.58013333  2.6449444   1.12719717]\n [-0.09130098 -2.58513732  6.73700192 -2.71640327 -3.02812901 -2.10223938]\n [ 2.34240052  1.58013333 -2.71640327  7.28014022 -0.65181765 -1.50808611]\n [-1.1220389   2.6449444  -3.02812901 -0.65181765  9.7503799   6.3953262 ]\n [-0.8181698   1.12719717 -2.10223938 -1.50808611  6.3953262   7.87366842]]", "nfev": "280", "njev": "40", "status": "0", "success": "True", "message": "Optimization terminated successfully.", "x": "[4.86085629 3.25945602 0.8289436  8.55171583 2.51984742 4.81167259]", "nit": "32"}, "3": {"maxiter": 100, "gtol": 1e-05, "xrtol": 1e-10, "eps": 1e-10, "duration": 0.049638986587524414, "fun": "0.34096184424359965", "jac": "[2.22044587e-06 2.22044587e-06 1.11022293e-06 2.22044587e-06\n 3.33066880e-06 0.00000000e+00]", "hess_inv": "[[ 4.26126514 -1.55460527 -0.01841433  2.42497058 -1.41396638 -1.0051397 ]\n [-1.55460527  8.50425614 -2.28309165  1.20590848  2.54966516  0.93094746]\n [-0.01841433 -2.28309165  6.37719963 -2.59044906 -2.51824034 -1.85283825]\n [ 2.42497058  1.20590848 -2.59044906  7.20460901 -1.20431261 -1.76980623]\n [-1.41396638  2.54966516 -2.51824034 -1.20431261  9.74300121  6.18230034]\n [-1.0051397   0.93094746 -1.85283825 -1.76980623  6.18230034  7.52671757]]", "nfev": "280", "njev": "40", "status": "0", "success": "True", "message": "Optimization terminated successfully.", "x": "[4.8608562  3.25948318 0.82892708 8.55173047 2.51988602 4.81170043]", "nit": "32"}, "4": {"maxiter": 100, "gtol": 1e-10, "xrtol": 1e-05, "eps": 1e-05, "duration": 0.04955697059631348, "fun": "0.3409618442188359", "jac": "[ 1.95979899e-06  4.88276086e-07 -2.61191069e-07 -1.44859680e-06\n  7.19513338e-07 -4.53315163e-07]", "hess_inv": "[[ 4.16582044 -1.33550967 -0.09130098  2.34240052 -1.1220389  -0.8181698 ]\n [-1.33550967  8.61606117 -2.58513732  1.58013333  2.6449444   1.12719717]\n [-0.09130098 -2.58513732  6.73700192 -2.71640327 -3.02812901 -2.10223938]\n [ 2.34240052  1.58013333 -2.71640327  7.28014022 -0.65181765 -1.50808611]\n [-1.1220389   2.6449444  -3.02812901 -0.65181765  9.7503799   6.3953262 ]\n [-0.8181698   1.12719717 -2.10223938 -1.50808611  6.3953262   7.87366842]]", "nfev": "280", "njev": "40", "status": "0", "success": "True", "message": "Optimization terminated successfully.", "x": "[4.86085629 3.25945602 0.8289436  8.55171583 2.51984742 4.81167259]", "nit": "32"}, "5": {"maxiter": 100, "gtol": 1e-10, "xrtol": 1e-05, "eps": 1e-10, "duration": 0.04954695701599121, "fun": "0.34096184424359965", "jac": "[2.22044587e-06 2.22044587e-06 1.11022293e-06 2.22044587e-06\n 3.33066880e-06 0.00000000e+00]", "hess_inv": "[[ 4.26126514 -1.55460527 -0.01841433  2.42497058 -1.41396638 -1.0051397 ]\n [-1.55460527  8.50425614 -2.28309165  1.20590848  2.54966516  0.93094746]\n [-0.01841433 -2.28309165  6.37719963 -2.59044906 -2.51824034 -1.85283825]\n [ 2.42497058  1.20590848 -2.59044906  7.20460901 -1.20431261 -1.76980623]\n [-1.41396638  2.54966516 -2.51824034 -1.20431261  9.74300121  6.18230034]\n [-1.0051397   0.93094746 -1.85283825 -1.76980623  6.18230034  7.52671757]]", "nfev": "280", "njev": "40", "status": "0", "success": "True", "message": "Optimization terminated successfully.", "x": "[4.8608562  3.25948318 0.82892708 8.55173047 2.51988602 4.81170043]", "nit": "32"}, "6": {"maxiter": 100, "gtol": 1e-10, "xrtol": 1e-10, "eps": 1e-05, "duration": 0.08684301376342773, "fun": "0.34096184421708475", "jac": "[ 1.09675602e-06  2.57760480e-07 -1.31794575e-07 -8.25506330e-07\n  4.36151115e-07 -2.75857115e-07]", "hess_inv": "[[ 4.41127380e+00 -1.37884518e+00 -1.52171860e-03  1.86569725e+00\n  -6.35681841e-01 -5.98229499e-01]\n [-1.37884518e+00  8.51770274e+00 -2.46783483e+00  1.40807792e+00\n   2.74395331e+00  1.13583958e+00]\n [-1.52171860e-03 -2.46783483e+00  6.58157392e+00 -2.50971480e+00\n  -3.11697290e+00 -2.09048874e+00]\n [ 1.86569725e+00  1.40807792e+00 -2.50971480e+00  7.41980083e+00\n  -1.05226367e+00 -1.79494727e+00]\n [-6.35681841e-01  2.74395331e+00 -3.11697290e+00 -1.05226367e+00\n   1.03349303e+01  6.73344127e+00]\n [-5.98229499e-01  1.13583958e+00 -2.09048874e+00 -1.79494727e+00\n   6.73344127e+00  8.04557567e+00]]", "nfev": "501", "njev": "70", "status": "2", "success": "False", "message": "Desired error not necessarily achieved due to precision loss.", "x": "[4.86085403 3.2594552  0.82894399 8.55171816 2.51984456 4.81167098]", "nit": "34"}, "7": {"maxiter": 100, "gtol": 1e-10, "xrtol": 1e-10, "eps": 1e-10, "duration": 0.0753471851348877, "fun": "0.34096184419975917", "jac": "[2.22044587e-06 2.22044587e-06 2.22044587e-06 1.11022293e-06\n 0.00000000e+00 0.00000000e+00]", "hess_inv": "[[  1.09415217  -2.99940487   1.43243544   0.9457544   -0.30806656\n    0.20947961]\n [ -2.99940487  42.26889089 -29.81208286  -5.58307455   4.83733422\n   -8.53505351]\n [  1.43243544 -29.81208286  23.11644191   3.37451829  -3.75717253\n    6.23276008]\n [  0.9457544   -5.58307455   3.37451829   1.37510619  -0.75287601\n    1.14885248]\n [ -0.30806656   4.83733422  -3.75717253  -0.75287601   0.96769261\n   -1.19611429]\n [  0.20947961  -8.53505351   6.23276008   1.14885248  -1.19611429\n    2.47641588]]", "nfev": "434", "njev": "62", "status": "0", "success": "True", "message": "Optimization terminated successfully.", "x": "[4.86085389 3.25946634 0.82894268 8.55172836 2.51986016 4.81168233]", "nit": "42"}, "8": {"maxiter": 500, "gtol": 1e-05, "xrtol": 1e-05, "eps": 1e-05, "duration": 0.0490269660949707, "fun": "0.3409618442188359", "jac": "[ 1.95979899e-06  4.88276086e-07 -2.61191069e-07 -1.44859680e-06\n  7.19513338e-07 -4.53315163e-07]", "hess_inv": "[[ 4.16582044 -1.33550967 -0.09130098  2.34240052 -1.1220389  -0.8181698 ]\n [-1.33550967  8.61606117 -2.58513732  1.58013333  2.6449444   1.12719717]\n [-0.09130098 -2.58513732  6.73700192 -2.71640327 -3.02812901 -2.10223938]\n [ 2.34240052  1.58013333 -2.71640327  7.28014022 -0.65181765 -1.50808611]\n [-1.1220389   2.6449444  -3.02812901 -0.65181765  9.7503799   6.3953262 ]\n [-0.8181698   1.12719717 -2.10223938 -1.50808611  6.3953262   7.87366842]]", "nfev": "280", "njev": "40", "status": "0", "success": "True", "message": "Optimization terminated successfully.", "x": "[4.86085629 3.25945602 0.8289436  8.55171583 2.51984742 4.81167259]", "nit": "32"}, "9": {"maxiter": 500, "gtol": 1e-05, "xrtol": 1e-05, "eps": 1e-10, "duration": 0.048995018005371094, "fun": "0.34096184424359965", "jac": "[2.22044587e-06 2.22044587e-06 1.11022293e-06 2.22044587e-06\n 3.33066880e-06 0.00000000e+00]", "hess_inv": "[[ 4.26126514 -1.55460527 -0.01841433  2.42497058 -1.41396638 -1.0051397 ]\n [-1.55460527  8.50425614 -2.28309165  1.20590848  2.54966516  0.93094746]\n [-0.01841433 -2.28309165  6.37719963 -2.59044906 -2.51824034 -1.85283825]\n [ 2.42497058  1.20590848 -2.59044906  7.20460901 -1.20431261 -1.76980623]\n [-1.41396638  2.54966516 -2.51824034 -1.20431261  9.74300121  6.18230034]\n [-1.0051397   0.93094746 -1.85283825 -1.76980623  6.18230034  7.52671757]]", "nfev": "280", "njev": "40", "status": "0", "success": "True", "message": "Optimization terminated successfully.", "x": "[4.8608562  3.25948318 0.82892708 8.55173047 2.51988602 4.81170043]", "nit": "32"}, "10": {"maxiter": 500, "gtol": 1e-05, "xrtol": 1e-10, "eps": 1e-05, "duration": 0.051587820053100586, "fun": "0.3409618442188359", "jac": "[ 1.95979899e-06  4.88276086e-07 -2.61191069e-07 -1.44859680e-06\n  7.19513338e-07 -4.53315163e-07]", "hess_inv": "[[ 4.16582044 -1.33550967 -0.09130098  2.34240052 -1.1220389  -0.8181698 ]\n [-1.33550967  8.61606117 -2.58513732  1.58013333  2.6449444   1.12719717]\n [-0.09130098 -2.58513732  6.73700192 -2.71640327 -3.02812901 -2.10223938]\n [ 2.34240052  1.58013333 -2.71640327  7.28014022 -0.65181765 -1.50808611]\n [-1.1220389   2.6449444  -3.02812901 -0.65181765  9.7503799   6.3953262 ]\n [-0.8181698   1.12719717 -2.10223938 -1.50808611  6.3953262   7.87366842]]", "nfev": "280", "njev": "40", "status": "0", "success": "True", "message": "Optimization terminated successfully.", "x": "[4.86085629 3.25945602 0.8289436  8.55171583 2.51984742 4.81167259]", "nit": "32"}, "11": {"maxiter": 500, "gtol": 1e-05, "xrtol": 1e-10, "eps": 1e-10, "duration": 0.06092691421508789, "fun": "0.34096184424359965", "jac": "[2.22044587e-06 2.22044587e-06 1.11022293e-06 2.22044587e-06\n 3.33066880e-06 0.00000000e+00]", "hess_inv": "[[ 4.26126514 -1.55460527 -0.01841433  2.42497058 -1.41396638 -1.0051397 ]\n [-1.55460527  8.50425614 -2.28309165  1.20590848  2.54966516  0.93094746]\n [-0.01841433 -2.28309165  6.37719963 -2.59044906 -2.51824034 -1.85283825]\n [ 2.42497058  1.20590848 -2.59044906  7.20460901 -1.20431261 -1.76980623]\n [-1.41396638  2.54966516 -2.51824034 -1.20431261  9.74300121  6.18230034]\n [-1.0051397   0.93094746 -1.85283825 -1.76980623  6.18230034  7.52671757]]", "nfev": "280", "njev": "40", "status": "0", "success": "True", "message": "Optimization terminated successfully.", "x": "[4.8608562  3.25948318 0.82892708 8.55173047 2.51988602 4.81170043]", "nit": "32"}, "12": {"maxiter": 500, "gtol": 1e-10, "xrtol": 1e-05, "eps": 1e-05, "duration": 0.050662994384765625, "fun": "0.3409618442188359", "jac": "[ 1.95979899e-06  4.88276086e-07 -2.61191069e-07 -1.44859680e-06\n  7.19513338e-07 -4.53315163e-07]", "hess_inv": "[[ 4.16582044 -1.33550967 -0.09130098  2.34240052 -1.1220389  -0.8181698 ]\n [-1.33550967  8.61606117 -2.58513732  1.58013333  2.6449444   1.12719717]\n [-0.09130098 -2.58513732  6.73700192 -2.71640327 -3.02812901 -2.10223938]\n [ 2.34240052  1.58013333 -2.71640327  7.28014022 -0.65181765 -1.50808611]\n [-1.1220389   2.6449444  -3.02812901 -0.65181765  9.7503799   6.3953262 ]\n [-0.8181698   1.12719717 -2.10223938 -1.50808611  6.3953262   7.87366842]]", "nfev": "280", "njev": "40", "status": "0", "success": "True", "message": "Optimization terminated successfully.", "x": "[4.86085629 3.25945602 0.8289436  8.55171583 2.51984742 4.81167259]", "nit": "32"}, "13": {"maxiter": 500, "gtol": 1e-10, "xrtol": 1e-05, "eps": 1e-10, "duration": 0.050607919692993164, "fun": "0.34096184424359965", "jac": "[2.22044587e-06 2.22044587e-06 1.11022293e-06 2.22044587e-06\n 3.33066880e-06 0.00000000e+00]", "hess_inv": "[[ 4.26126514 -1.55460527 -0.01841433  2.42497058 -1.41396638 -1.0051397 ]\n [-1.55460527  8.50425614 -2.28309165  1.20590848  2.54966516  0.93094746]\n [-0.01841433 -2.28309165  6.37719963 -2.59044906 -2.51824034 -1.85283825]\n [ 2.42497058  1.20590848 -2.59044906  7.20460901 -1.20431261 -1.76980623]\n [-1.41396638  2.54966516 -2.51824034 -1.20431261  9.74300121  6.18230034]\n [-1.0051397   0.93094746 -1.85283825 -1.76980623  6.18230034  7.52671757]]", "nfev": "280", "njev": "40", "status": "0", "success": "True", "message": "Optimization terminated successfully.", "x": "[4.8608562  3.25948318 0.82892708 8.55173047 2.51988602 4.81170043]", "nit": "32"}, "14": {"maxiter": 500, "gtol": 1e-10, "xrtol": 1e-10, "eps": 1e-05, "duration": 0.08937692642211914, "fun": "0.34096184421708475", "jac": "[ 1.09675602e-06  2.57760480e-07 -1.31794575e-07 -8.25506330e-07\n  4.36151115e-07 -2.75857115e-07]", "hess_inv": "[[ 4.41127380e+00 -1.37884518e+00 -1.52171860e-03  1.86569725e+00\n  -6.35681841e-01 -5.98229499e-01]\n [-1.37884518e+00  8.51770274e+00 -2.46783483e+00  1.40807792e+00\n   2.74395331e+00  1.13583958e+00]\n [-1.52171860e-03 -2.46783483e+00  6.58157392e+00 -2.50971480e+00\n  -3.11697290e+00 -2.09048874e+00]\n [ 1.86569725e+00  1.40807792e+00 -2.50971480e+00  7.41980083e+00\n  -1.05226367e+00 -1.79494727e+00]\n [-6.35681841e-01  2.74395331e+00 -3.11697290e+00 -1.05226367e+00\n   1.03349303e+01  6.73344127e+00]\n [-5.98229499e-01  1.13583958e+00 -2.09048874e+00 -1.79494727e+00\n   6.73344127e+00  8.04557567e+00]]", "nfev": "501", "njev": "70", "status": "2", "success": "False", "message": "Desired error not necessarily achieved due to precision loss.", "x": "[4.86085403 3.2594552  0.82894399 8.55171816 2.51984456 4.81167098]", "nit": "34"}, "15": {"maxiter": 500, "gtol": 1e-10, "xrtol": 1e-10, "eps": 1e-10, "duration": 0.07965683937072754, "fun": "0.34096184419975917", "jac": "[2.22044587e-06 2.22044587e-06 2.22044587e-06 1.11022293e-06\n 0.00000000e+00 0.00000000e+00]", "hess_inv": "[[  1.09415217  -2.99940487   1.43243544   0.9457544   -0.30806656\n    0.20947961]\n [ -2.99940487  42.26889089 -29.81208286  -5.58307455   4.83733422\n   -8.53505351]\n [  1.43243544 -29.81208286  23.11644191   3.37451829  -3.75717253\n    6.23276008]\n [  0.9457544   -5.58307455   3.37451829   1.37510619  -0.75287601\n    1.14885248]\n [ -0.30806656   4.83733422  -3.75717253  -0.75287601   0.96769261\n   -1.19611429]\n [  0.20947961  -8.53505351   6.23276008   1.14885248  -1.19611429\n    2.47641588]]", "nfev": "434", "njev": "62", "status": "0", "success": "True", "message": "Optimization terminated successfully.", "x": "[4.86085389 3.25946634 0.82894268 8.55172836 2.51986016 4.81168233]", "nit": "42"}, "16": {"maxiter": 1000, "gtol": 1e-05, "xrtol": 1e-05, "eps": 1e-05, "duration": 0.05017518997192383, "fun": "0.3409618442188359", "jac": "[ 1.95979899e-06  4.88276086e-07 -2.61191069e-07 -1.44859680e-06\n  7.19513338e-07 -4.53315163e-07]", "hess_inv": "[[ 4.16582044 -1.33550967 -0.09130098  2.34240052 -1.1220389  -0.8181698 ]\n [-1.33550967  8.61606117 -2.58513732  1.58013333  2.6449444   1.12719717]\n [-0.09130098 -2.58513732  6.73700192 -2.71640327 -3.02812901 -2.10223938]\n [ 2.34240052  1.58013333 -2.71640327  7.28014022 -0.65181765 -1.50808611]\n [-1.1220389   2.6449444  -3.02812901 -0.65181765  9.7503799   6.3953262 ]\n [-0.8181698   1.12719717 -2.10223938 -1.50808611  6.3953262   7.87366842]]", "nfev": "280", "njev": "40", "status": "0", "success": "True", "message": "Optimization terminated successfully.", "x": "[4.86085629 3.25945602 0.8289436  8.55171583 2.51984742 4.81167259]", "nit": "32"}, "17": {"maxiter": 1000, "gtol": 1e-05, "xrtol": 1e-05, "eps": 1e-10, "duration": 0.0499730110168457, "fun": "0.34096184424359965", "jac": "[2.22044587e-06 2.22044587e-06 1.11022293e-06 2.22044587e-06\n 3.33066880e-06 0.00000000e+00]", "hess_inv": "[[ 4.26126514 -1.55460527 -0.01841433  2.42497058 -1.41396638 -1.0051397 ]\n [-1.55460527  8.50425614 -2.28309165  1.20590848  2.54966516  0.93094746]\n [-0.01841433 -2.28309165  6.37719963 -2.59044906 -2.51824034 -1.85283825]\n [ 2.42497058  1.20590848 -2.59044906  7.20460901 -1.20431261 -1.76980623]\n [-1.41396638  2.54966516 -2.51824034 -1.20431261  9.74300121  6.18230034]\n [-1.0051397   0.93094746 -1.85283825 -1.76980623  6.18230034  7.52671757]]", "nfev": "280", "njev": "40", "status": "0", "success": "True", "message": "Optimization terminated successfully.", "x": "[4.8608562  3.25948318 0.82892708 8.55173047 2.51988602 4.81170043]", "nit": "32"}, "18": {"maxiter": 1000, "gtol": 1e-05, "xrtol": 1e-10, "eps": 1e-05, "duration": 0.050126075744628906, "fun": "0.3409618442188359", "jac": "[ 1.95979899e-06  4.88276086e-07 -2.61191069e-07 -1.44859680e-06\n  7.19513338e-07 -4.53315163e-07]", "hess_inv": "[[ 4.16582044 -1.33550967 -0.09130098  2.34240052 -1.1220389  -0.8181698 ]\n [-1.33550967  8.61606117 -2.58513732  1.58013333  2.6449444   1.12719717]\n [-0.09130098 -2.58513732  6.73700192 -2.71640327 -3.02812901 -2.10223938]\n [ 2.34240052  1.58013333 -2.71640327  7.28014022 -0.65181765 -1.50808611]\n [-1.1220389   2.6449444  -3.02812901 -0.65181765  9.7503799   6.3953262 ]\n [-0.8181698   1.12719717 -2.10223938 -1.50808611  6.3953262   7.87366842]]", "nfev": "280", "njev": "40", "status": "0", "success": "True", "message": "Optimization terminated successfully.", "x": "[4.86085629 3.25945602 0.8289436  8.55171583 2.51984742 4.81167259]", "nit": "32"}, "19": {"maxiter": 1000, "gtol": 1e-05, "xrtol": 1e-10, "eps": 1e-10, "duration": 0.04998183250427246, "fun": "0.34096184424359965", "jac": "[2.22044587e-06 2.22044587e-06 1.11022293e-06 2.22044587e-06\n 3.33066880e-06 0.00000000e+00]", "hess_inv": "[[ 4.26126514 -1.55460527 -0.01841433  2.42497058 -1.41396638 -1.0051397 ]\n [-1.55460527  8.50425614 -2.28309165  1.20590848  2.54966516  0.93094746]\n [-0.01841433 -2.28309165  6.37719963 -2.59044906 -2.51824034 -1.85283825]\n [ 2.42497058  1.20590848 -2.59044906  7.20460901 -1.20431261 -1.76980623]\n [-1.41396638  2.54966516 -2.51824034 -1.20431261  9.74300121  6.18230034]\n [-1.0051397   0.93094746 -1.85283825 -1.76980623  6.18230034  7.52671757]]", "nfev": "280", "njev": "40", "status": "0", "success": "True", "message": "Optimization terminated successfully.", "x": "[4.8608562  3.25948318 0.82892708 8.55173047 2.51988602 4.81170043]", "nit": "32"}, "20": {"maxiter": 1000, "gtol": 1e-10, "xrtol": 1e-05, "eps": 1e-05, "duration": 0.051249027252197266, "fun": "0.3409618442188359", "jac": "[ 1.95979899e-06  4.88276086e-07 -2.61191069e-07 -1.44859680e-06\n  7.19513338e-07 -4.53315163e-07]", "hess_inv": "[[ 4.16582044 -1.33550967 -0.09130098  2.34240052 -1.1220389  -0.8181698 ]\n [-1.33550967  8.61606117 -2.58513732  1.58013333  2.6449444   1.12719717]\n [-0.09130098 -2.58513732  6.73700192 -2.71640327 -3.02812901 -2.10223938]\n [ 2.34240052  1.58013333 -2.71640327  7.28014022 -0.65181765 -1.50808611]\n [-1.1220389   2.6449444  -3.02812901 -0.65181765  9.7503799   6.3953262 ]\n [-0.8181698   1.12719717 -2.10223938 -1.50808611  6.3953262   7.87366842]]", "nfev": "280", "njev": "40", "status": "0", "success": "True", "message": "Optimization terminated successfully.", "x": "[4.86085629 3.25945602 0.8289436  8.55171583 2.51984742 4.81167259]", "nit": "32"}, "21": {"maxiter": 1000, "gtol": 1e-10, "xrtol": 1e-05, "eps": 1e-10, "duration": 0.04877114295959473, "fun": "0.34096184424359965", "jac": "[2.22044587e-06 2.22044587e-06 1.11022293e-06 2.22044587e-06\n 3.33066880e-06 0.00000000e+00]", "hess_inv": "[[ 4.26126514 -1.55460527 -0.01841433  2.42497058 -1.41396638 -1.0051397 ]\n [-1.55460527  8.50425614 -2.28309165  1.20590848  2.54966516  0.93094746]\n [-0.01841433 -2.28309165  6.37719963 -2.59044906 -2.51824034 -1.85283825]\n [ 2.42497058  1.20590848 -2.59044906  7.20460901 -1.20431261 -1.76980623]\n [-1.41396638  2.54966516 -2.51824034 -1.20431261  9.74300121  6.18230034]\n [-1.0051397   0.93094746 -1.85283825 -1.76980623  6.18230034  7.52671757]]", "nfev": "280", "njev": "40", "status": "0", "success": "True", "message": "Optimization terminated successfully.", "x": "[4.8608562  3.25948318 0.82892708 8.55173047 2.51988602 4.81170043]", "nit": "32"}, "22": {"maxiter": 1000, "gtol": 1e-10, "xrtol": 1e-10, "eps": 1e-05, "duration": 0.08638691902160645, "fun": "0.34096184421708475", "jac": "[ 1.09675602e-06  2.57760480e-07 -1.31794575e-07 -8.25506330e-07\n  4.36151115e-07 -2.75857115e-07]", "hess_inv": "[[ 4.41127380e+00 -1.37884518e+00 -1.52171860e-03  1.86569725e+00\n  -6.35681841e-01 -5.98229499e-01]\n [-1.37884518e+00  8.51770274e+00 -2.46783483e+00  1.40807792e+00\n   2.74395331e+00  1.13583958e+00]\n [-1.52171860e-03 -2.46783483e+00  6.58157392e+00 -2.50971480e+00\n  -3.11697290e+00 -2.09048874e+00]\n [ 1.86569725e+00  1.40807792e+00 -2.50971480e+00  7.41980083e+00\n  -1.05226367e+00 -1.79494727e+00]\n [-6.35681841e-01  2.74395331e+00 -3.11697290e+00 -1.05226367e+00\n   1.03349303e+01  6.73344127e+00]\n [-5.98229499e-01  1.13583958e+00 -2.09048874e+00 -1.79494727e+00\n   6.73344127e+00  8.04557567e+00]]", "nfev": "501", "njev": "70", "status": "2", "success": "False", "message": "Desired error not necessarily achieved due to precision loss.", "x": "[4.86085403 3.2594552  0.82894399 8.55171816 2.51984456 4.81167098]", "nit": "34"}, "23": {"maxiter": 1000, "gtol": 1e-10, "xrtol": 1e-10, "eps": 1e-10, "duration": 0.07577800750732422, "fun": "0.34096184419975917", "jac": "[2.22044587e-06 2.22044587e-06 2.22044587e-06 1.11022293e-06\n 0.00000000e+00 0.00000000e+00]", "hess_inv": "[[  1.09415217  -2.99940487   1.43243544   0.9457544   -0.30806656\n    0.20947961]\n [ -2.99940487  42.26889089 -29.81208286  -5.58307455   4.83733422\n   -8.53505351]\n [  1.43243544 -29.81208286  23.11644191   3.37451829  -3.75717253\n    6.23276008]\n [  0.9457544   -5.58307455   3.37451829   1.37510619  -0.75287601\n    1.14885248]\n [ -0.30806656   4.83733422  -3.75717253  -0.75287601   0.96769261\n   -1.19611429]\n [  0.20947961  -8.53505351   6.23276008   1.14885248  -1.19611429\n    2.47641588]]", "nfev": "434", "njev": "62", "status": "0", "success": "True", "message": "Optimization terminated successfully.", "x": "[4.86085389 3.25946634 0.82894268 8.55172836 2.51986016 4.81168233]", "nit": "42"}}, "cobyla": {"0": {"maxiter": 100, "tol": 1e-05, "catol": 1e-05, "duration": 0.01726984977722168, "x": "[6.99199668 3.54077021 3.89808662 4.85418816 1.31611755 7.4270821 ]", "status": "2", "success": "False", "message": "Maximum number of function evaluations has been exceeded.", "nfev": "100", "fun": "0.3997627122060461", "maxcv": "0.0"}, "1": {"maxiter": 100, "tol": 1e-05, "catol": 1e-10, "duration": 0.018202781677246094, "x": "[6.99199668 3.54077021 3.89808662 4.85418816 1.31611755 7.4270821 ]", "status": "2", "success": "False", "message": "Maximum number of function evaluations has been exceeded.", "nfev": "100", "fun": "0.3997627122060461", "maxcv": "0.0"}, "2": {"maxiter": 100, "tol": 1e-10, "catol": 1e-05, "duration": 0.017406225204467773, "x": "[6.99199668 3.54077021 3.89808662 4.85418816 1.31611755 7.4270821 ]", "status": "2", "success": "False", "message": "Maximum number of function evaluations has been exceeded.", "nfev": "100", "fun": "0.3997627122060461", "maxcv": "0.0"}, "3": {"maxiter": 100, "tol": 1e-10, "catol": 1e-10, "duration": 0.017403125762939453, "x": "[6.99199668 3.54077021 3.89808662 4.85418816 1.31611755 7.4270821 ]", "status": "2", "success": "False", "message": "Maximum number of function evaluations has been exceeded.", "nfev": "100", "fun": "0.3997627122060461", "maxcv": "0.0"}, "4": {"maxiter": 500, "tol": 1e-05, "catol": 1e-05, "duration": 0.08497095108032227, "x": "[8.05040447 2.41562506 4.99380163 5.76416997 0.04159043 8.63182664]", "status": "2", "success": "False", "message": "Maximum number of function evaluations has been exceeded.", "nfev": "500", "fun": "0.36661691782685557", "maxcv": "0.0"}, "5": {"maxiter": 500, "tol": 1e-05, "catol": 1e-10, "duration": 0.08309078216552734, "x": "[8.05040447 2.41562506 4.99380163 5.76416997 0.04159043 8.63182664]", "status": "2", "success": "False", "message": "Maximum number of function evaluations has been exceeded.", "nfev": "500", "fun": "0.36661691782685557", "maxcv": "0.0"}, "6": {"maxiter": 500, "tol": 1e-10, "catol": 1e-05, "duration": 0.08293294906616211, "x": "[8.05040447 2.41562506 4.99380163 5.76416997 0.04159043 8.63182664]", "status": "2", "success": "False", "message": "Maximum number of function evaluations has been exceeded.", "nfev": "500", "fun": "0.36661691782685557", "maxcv": "0.0"}, "7": {"maxiter": 500, "tol": 1e-10, "catol": 1e-10, "duration": 0.08324885368347168, "x": "[8.05040447 2.41562506 4.99380163 5.76416997 0.04159043 8.63182664]", "status": "2", "success": "False", "message": "Maximum number of function evaluations has been exceeded.", "nfev": "