{"date": "2024/07/18/, 22:42:36", "conf_id": 93, "data_type": "orthogonal\n", "num_data_points": 1, "s_rank": 0, "unitary": "[[-0.53618537-0.34368723j,-0.12107031-0.46226139j,-0.07699282-0.46603512j,0.36022595-0.11472301j],[0.26026499-0.63450712j,-0.56616638+0.37832564j,-0.14988651+0.08458591j,0.10363514-0.16008501j],[-0.32580188-0.11070003j,-0.36476308-0.23593218j,0.02559343+0.41761608j,-0.25598305+0.6725303j],[0.07406738-0.0126433j,0.28513701+0.19483972j,-0.74939717-0.10299659j,0.29798249+0.46269921j]]", "databatch_0": {"databatch": "[[[0.42765507+0.24823604j,0.06109153-0.1459762j,-0.0398084-0.0924483j,-0.03057376+0.4542161j],[0.01679419-0.06457387j,0.04488645+0.01508941j,0.18794716+0.33266475j,0.18024757-0.05162722j],[0.18633137-0.03384409j,-0.02011929-0.10281098j,0.15100789-0.3215033j,0.01737307+0.03723445j],[-0.08942407+0.21987706j,0.03806804+0.04467194j,-0.15906457+0.15617043j,-0.15830756+0.12647726j]]]", "initial param values": "[1.47131187,2.89572587,0.49668651,2.22511194,2.47031815,5.93033168]", "nelder_mead": {"type": "gradient-free", "0": {"maxiter": 100, "fatol": 1e-05, "xatol": 1e-05, "duration": 0.025038957595825195, "fun": "0.258694999060024", "nit": "100", "nfev": "152", "status": "2", "success": "False", "message": "Maximum number of iterations has been exceeded.", "x": "[3.52296611 3.3389646  0.23133328 2.36405296 4.74045113 6.74118378]", "final_simplex": "(array([[3.52296611, 3.3389646 , 0.23133328, 2.36405296, 4.74045113,\n        6.74118378],\n       [3.54824596, 3.36724342, 0.21423788, 2.28218439, 4.77672794,\n        6.80743652],\n       [3.48151148, 3.31973135, 0.23520694, 2.26120195, 4.74689593,\n        6.7356527 ],\n       [3.4854148 , 3.33847505, 0.20498828, 2.28392911, 4.68767774,\n        6.75247459],\n       [3.49061854, 3.36747257, 0.21188653, 2.21156928, 4.76029846,\n        6.83370829],\n       [3.48001064, 3.40625068, 0.2181869 , 2.22940643, 4.65679535,\n        6.66270754],\n       [3.51855038, 3.33799473, 0.21321126, 2.29004164, 4.90184814,\n        6.87432094]]), array([0.258695  , 0.25896158, 0.25957194, 0.25969195, 0.2598499 ,\n       0.25994667, 0.26004469]))"}, "1": {"maxiter": 100, "fatol": 1e-05, "xatol": 1e-10, "duration": 0.024965763092041016, "fun": "0.258694999060024", "nit": "100", "nfev": "152", "status": "2", "success": "False", "message": "Maximum number of iterations has been exceeded.", "x": "[3.52296611 3.3389646  0.23133328 2.36405296 4.74045113 6.74118378]", "final_simplex": "(array([[3.52296611, 3.3389646 , 0.23133328, 2.36405296, 4.74045113,\n        6.74118378],\n       [3.54824596, 3.36724342, 0.21423788, 2.28218439, 4.77672794,\n        6.80743652],\n       [3.48151148, 3.31973135, 0.23520694, 2.26120195, 4.74689593,\n        6.7356527 ],\n       [3.4854148 , 3.33847505, 0.20498828, 2.28392911, 4.68767774,\n        6.75247459],\n       [3.49061854, 3.36747257, 0.21188653, 2.21156928, 4.76029846,\n        6.83370829],\n       [3.48001064, 3.40625068, 0.2181869 , 2.22940643, 4.65679535,\n        6.66270754],\n       [3.51855038, 3.33799473, 0.21321126, 2.29004164, 4.90184814,\n        6.87432094]]), array([0.258695  , 0.25896158, 0.25957194, 0.25969195, 0.2598499 ,\n       0.25994667, 0.26004469]))"}, "2": {"maxiter": 100, "fatol": 1e-10, "xatol": 1e-05, "duration": 0.024947166442871094, "fun": "0.258694999060024", "nit": "100", "nfev": "152", "status": "2", "success": "False", "message": "Maximum number of iterations has been exceeded.", "x": "[3.52296611 3.3389646  0.23133328 2.36405296 4.74045113 6.74118378]", "final_simplex": "(array([[3.52296611, 3.3389646 , 0.23133328, 2.36405296, 4.74045113,\n        6.74118378],\n       [3.54824596, 3.36724342, 0.21423788, 2.28218439, 4.77672794,\n        6.80743652],\n       [3.48151148, 3.31973135, 0.23520694, 2.26120195, 4.74689593,\n        6.7356527 ],\n       [3.4854148 , 3.33847505, 0.20498828, 2.28392911, 4.68767774,\n        6.75247459],\n       [3.49061854, 3.36747257, 0.21188653, 2.21156928, 4.76029846,\n        6.83370829],\n       [3.48001064, 3.40625068, 0.2181869 , 2.22940643, 4.65679535,\n        6.66270754],\n       [3.51855038, 3.33799473, 0.21321126, 2.29004164, 4.90184814,\n        6.87432094]]), array([0.258695  , 0.25896158, 0.25957194, 0.25969195, 0.2598499 ,\n       0.25994667, 0.26004469]))"}, "3": {"maxiter": 100, "fatol": 1e-10, "xatol": 1e-10, "duration": 0.02493882179260254, "fun": "0.258694999060024", "nit": "100", "nfev": "152", "status": "2", "success": "False", "message": "Maximum number of iterations has been exceeded.", "x": "[3.52296611 3.3389646  0.23133328 2.36405296 4.74045113 6.74118378]", "final_simplex": "(array([[3.52296611, 3.3389646 , 0.23133328, 2.36405296, 4.74045113,\n        6.74118378],\n       [3.54824596, 3.36724342, 0.21423788, 2.28218439, 4.77672794,\n        6.80743652],\n       [3.48151148, 3.31973135, 0.23520694, 2.26120195, 4.74689593,\n        6.7356527 ],\n       [3.4854148 , 3.33847505, 0.20498828, 2.28392911, 4.68767774,\n        6.75247459],\n       [3.49061854, 3.36747257, 0.21188653, 2.21156928, 4.76029846,\n        6.83370829],\n       [3.48001064, 3.40625068, 0.2181869 , 2.22940643, 4.65679535,\n        6.66270754],\n       [3.51855038, 3.33799473, 0.21321126, 2.29004164, 4.90184814,\n        6.87432094]]), array([0.258695  , 0.25896158, 0.25957194, 0.25969195, 0.2598499 ,\n       0.25994667, 0.26004469]))"}, "4": {"maxiter": 500, "fatol": 1e-05, "xatol": 1e-05, "duration": 0.11261510848999023, "fun": "0.17185597579511747", "nit": "438", "nfev": "689", "status": "0", "success": "True", "message": "Optimization terminated successfully.", "x": "[4.30328677 5.14716776 1.61622557 1.36647256 4.52112518 6.17922663]", "final_simplex": "(array([[4.30328677, 5.14716776, 1.61622557, 1.36647256, 4.52112518,\n        6.17922663],\n       [4.30328352, 5.14717113, 1.61622486, 1.3664749 , 4.5211269 ,\n        6.17922299],\n       [4.30328894, 5.14717149, 1.61622674, 1.36647076, 4.52112271,\n        6.17922371],\n       [4.30329311, 5.14717532, 1.61622693, 1.366467  , 4.52112832,\n        6.1792206 ],\n       [4.3032948 , 5.14716852, 1.61622368, 1.36646744, 4.5211291 ,\n        6.17922097],\n       [4.30328427, 5.14716979, 1.61623192, 1.36647443, 4.52112744,\n        6.17922553],\n       [4.30329445, 5.14717651, 1.61622882, 1.36646939, 4.52112773,\n        6.17922123]]), array([0.17185598, 0.17185598, 0.17185598, 0.17185598, 0.17185598,\n       0.17185598, 0.17185598]))"}, "5": {"maxiter": 500, "fatol": 1e-05, "xatol": 1e-10, "duration": 0.1288282871246338, "fun": "0.17185597579145262", "nit": "500", "nfev": "788", "status": "2", "success": "False", "message": "Maximum number of iterations has been exceeded.", "x": "[4.30328721 5.1471681  1.61622627 1.36647333 4.52112767 6.17922257]", "final_simplex": "(array([[4.30328721, 5.1471681 , 1.61622627, 1.36647333, 4.52112767,\n        6.17922257],\n       [4.30328747, 5.14716786, 1.61622617, 1.36647314, 4.52112744,\n        6.17922262],\n       [4.30328725, 5.14716815, 1.61622635, 1.36647308, 4.52112758,\n        6.1792226 ],\n       [4.30328729, 5.14716801, 1.61622623, 1.36647312, 4.52112746,\n        6.17922278],\n       [4.30328739, 5.14716802, 1.61622661, 1.36647318, 4.52112755,\n        6.17922265],\n       [4.30328772, 5.14716822, 1.61622641, 1.36647283, 4.52112746,\n        6.17922256],\n       [4.30328751, 5.14716828, 1.61622617, 1.3664731 , 4.52112718,\n        6.17922248]]), array([0.17185598, 0.17185598, 0.17185598, 0.17185598, 0.17185598,\n       0.17185598, 0.17185598]))"}, "6": {"maxiter": 500, "fatol": 1e-10, "xatol": 1e-05, "duration": 0.11255764961242676, "fun": "0.17185597579511747", "nit": "438", "nfev": "689", "status": "0", "success": "True", "message": "Optimization terminated successfully.", "x": "[4.30328677 5.14716776 1.61622557 1.36647256 4.52112518 6.17922663]", "final_simplex": "(array([[4.30328677, 5.14716776, 1.61622557, 1.36647256, 4.52112518,\n        6.17922663],\n       [4.30328352, 5.14717113, 1.61622486, 1.3664749 , 4.5211269 ,\n        6.17922299],\n       [4.30328894, 5.14717149, 1.61622674, 1.36647076, 4.52112271,\n        6.17922371],\n       [4.30329311, 5.14717532, 1.61622693, 1.366467  , 4.52112832,\n        6.1792206 ],\n       [4.3032948 , 5.14716852, 1.61622368, 1.36646744, 4.5211291 ,\n        6.17922097],\n       [4.30328427, 5.14716979, 1.61623192, 1.36647443, 4.52112744,\n        6.17922553],\n       [4.30329445, 5.14717651, 1.61622882, 1.36646939, 4.52112773,\n        6.17922123]]), array([0.17185598, 0.17185598, 0.17185598, 0.17185598, 0.17185598,\n       0.17185598, 0.17185598]))"}, "7": {"maxiter": 500, "fatol": 1e-10, "xatol": 1e-10, "duration": 0.1295609474182129, "fun": "0.17185597579145262", "nit": "500", "nfev": "788", "status": "2", "success": "False", "message": "Maximum number of iterations has been exceeded.", "x": "[4.30328721 5.1471681  1.61622627 1.36647333 4.52112767 6.17922257]", "final_simplex": "(array([[4.30328721, 5.1471681 , 1.61622627, 1.36647333, 4.52112767,\n        6.17922257],\n       [4.30328747, 5.14716786, 1.61622617, 1.36647314, 4.52112744,\n        6.17922262],\n       [4.30328725, 5.14716815, 1.61622635, 1.36647308, 4.52112758,\n        6.1792226 ],\n       [4.30328729, 5.14716801, 1.61622623, 1.36647312, 4.52112746,\n        6.17922278],\n       [4.30328739, 5.14716802, 1.61622661, 1.36647318, 4.52112755,\n        6.17922265],\n       [4.30328772, 5.14716822, 1.61622641, 1.36647283, 4.52112746,\n        6.17922256],\n       [4.30328751, 5.14716828, 1.61622617, 1.3664731 , 4.52112718,\n        6.17922248]]), array([0.17185598, 0.17185598, 0.17185598, 0.17185598, 0.17185598,\n       0.17185598, 0.17185598]))"}, "8": {"maxiter": 1000, "fatol": 1e-05, "xatol": 1e-05, "duration": 0.11461710929870605, "fun": "0.17185597579511747", "nit": "438", "nfev": "689", "status": "0", "success": "True", "message": "Optimization terminated successfully.", "x": "[4.30328677 5.14716776 1.61622557 1.36647256 4.52112518 6.17922663]", "final_simplex": "(array([[4.30328677, 5.14716776, 1.61622557, 1.36647256, 4.52112518,\n        6.17922663],\n       [4.30328352, 5.14717113, 1.61622486, 1.3664749 , 4.5211269 ,\n        6.17922299],\n       [4.30328894, 5.14717149, 1.61622674, 1.36647076, 4.52112271,\n        6.17922371],\n       [4.30329311, 5.14717532, 1.61622693, 1.366467  , 4.52112832,\n        6.1792206 ],\n       [4.3032948 , 5.14716852, 1.61622368, 1.36646744, 4.5211291 ,\n        6.17922097],\n       [4.30328427, 5.14716979, 1.61623192, 1.36647443, 4.52112744,\n        6.17922553],\n       [4.30329445, 5.14717651, 1.61622882, 1.36646939, 4.52112773,\n        6.17922123]]), array([0.17185598, 0.17185598, 0.17185598, 0.17185598, 0.17185598,\n       0.17185598, 0.17185598]))"}, "9": {"maxiter": 1000, "fatol": 1e-05, "xatol": 1e-10, "duration": 0.15787792205810547, "fun": "0.1718559757914394", "nit": "565", "nfev": "950", "status": "0", "success": "True", "message": "Optimization terminated successfully.", "x": "[4.30328733 5.14716798 1.61622621 1.36647332 4.52112756 6.17922246]", "final_simplex": "(array([[4.30328733, 5.14716798, 1.61622621, 1.36647332, 4.52112756,\n        6.17922246],\n       [4.30328733, 5.14716798, 1.61622621, 1.36647332, 4.52112756,\n        6.17922246],\n       [4.30328733, 5.14716798, 1.61622621, 1.36647332, 4.52112756,\n        6.17922246],\n       [4.30328733, 5.14716798, 1.61622621, 1.36647332, 4.52112756,\n        6.17922246],\n       [4.30328733, 5.14716798, 1.61622621, 1.36647332, 4.52112756,\n        6.17922246],\n       [4.30328733, 5.14716798, 1.61622621, 1.36647332, 4.52112756,\n        6.17922246],\n       [4.30328733, 5.14716798, 1.61622621, 1.36647332, 4.52112756,\n        6.17922246]]), array([0.17185598, 0.17185598, 0.17185598, 0.17185598, 0.17185598,\n       0.17185598, 0.17185598]))"}, "10": {"maxiter": 1000, "fatol": 1e-10, "xatol": 1e-05, "duration": 0.11457395553588867, "fun": "0.17185597579511747", "nit": "438", "nfev": "689", "status": "0", "success": "True", "message": "Optimization terminated successfully.", "x": "[4.30328677 5.14716776 1.61622557 1.36647256 4.52112518 6.17922663]", "final_simplex": "(array([[4.30328677, 5.14716776, 1.61622557, 1.36647256, 4.52112518,\n        6.17922663],\n       [4.30328352, 5.14717113, 1.61622486, 1.3664749 , 4.5211269 ,\n        6.17922299],\n       [4.30328894, 5.14717149, 1.61622674, 1.36647076, 4.52112271,\n        6.17922371],\n       [4.30329311, 5.14717532, 1.61622693, 1.366467  , 4.52112832,\n        6.1792206 ],\n       [4.3032948 , 5.14716852, 1.61622368, 1.36646744, 4.5211291 ,\n        6.17922097],\n       [4.30328427, 5.14716979, 1.61623192, 1.36647443, 4.52112744,\n        6.17922553],\n       [4.30329445, 5.14717651, 1.61622882, 1.36646939, 4.52112773,\n        6.17922123]]), array([0.17185598, 0.17185598, 0.17185598, 0.17185598, 0.17185598,\n       0.17185598, 0.17185598]))"}, "11": {"maxiter": 1000, "fatol": 1e-10, "xatol": 1e-10, "duration": 0.15788912773132324, "fun": "0.1718559757914394", "nit": "565", "nfev": "950", "status": "0", "success": "True", "message": "Optimization terminated successfully.", "x": "[4.30328733 5.14716798 1.61622621 1.36647332 4.52112756 6.17922246]", "final_simplex": "(array([[4.30328733, 5.14716798, 1.61622621, 1.36647332, 4.52112756,\n        6.17922246],\n       [4.30328733, 5.14716798, 1.61622621, 1.36647332, 4.52112756,\n        6.17922246],\n       [4.30328733, 5.14716798, 1.61622621, 1.36647332, 4.52112756,\n        6.17922246],\n       [4.30328733, 5.14716798, 1.61622621, 1.36647332, 4.52112756,\n        6.17922246],\n       [4.30328733, 5.14716798, 1.61622621, 1.36647332, 4.52112756,\n        6.17922246],\n       [4.30328733, 5.14716798, 1.61622621, 1.36647332, 4.52112756,\n        6.17922246],\n       [4.30328733, 5.14716798, 1.61622621, 1.36647332, 4.52112756,\n        6.17922246]]), array([0.17185598, 0.17185598, 0.17185598, 0.17185598, 0.17185598,\n       0.17185598, 0.17185598]))"}}, "bfgs": {"type": "gradient", "0": {"maxiter": 100, "gtol": 1e-05, "xrtol": 1e-05, "eps": 1e-05, "duration": 0.04661917686462402, "fun": "0.17185597588920365", "jac": "[ 3.30534489e-06  1.08388853e-06 -3.22337712e-06  3.53833629e-06\n -3.54686280e-06  2.61394240e-06]", "hess_inv": "[[ 6.57972811  3.087184    0.37283366 -5.2645591   0.25136357 -2.63013506]\n [ 3.087184    5.17225961  1.19977993 -3.80804256 -0.47334113 -1.98791872]\n [ 0.37283366  1.19977993  3.64506934  0.12668609 -0.34781153  0.12905986]\n [-5.2645591  -3.80804256  0.12668609  7.15798157  0.15142338  2.1239609 ]\n [ 0.25136357 -0.47334113 -0.34781153  0.15142338  2.49940608  0.02327213]\n [-2.63013506 -1.98791872  0.12905986  2.1239609   0.02327213  4.18726335]]", "nfev": "273", "njev": "39", "status": "0", "success": "True", "message": "Optimization terminated successfully.", "x": "[4.30327825 5.147154   1.61620703 1.36648569 4.52111342 6.17923125]", "nit": "29"}, "1": {"maxiter": 100, "gtol": 1e-05, "xrtol": 1e-05, "eps": 1e-10, "duration": 0.046525001525878906, "fun": "0.17185597613287795", "jac": "[ 9.99200639e-06  1.11022293e-06 -3.33066880e-06  3.33066880e-06\n -2.22044587e-06  6.66133760e-06]", "hess_inv": "[[ 8.71689008  3.94996157 -0.32225758 -7.72871652  0.08516795 -3.21842849]\n [ 3.94996157  5.37820432  0.560968   -5.04867382 -0.61723352 -2.30535377]\n [-0.32225758  0.560968    3.18496602  0.61870738 -0.57615071  0.23685406]\n [-7.72871652 -5.04867382  0.61870738  9.86998828  0.08765322  2.72049937]\n [ 0.08516795 -0.61723352 -0.57615071  0.08765322  2.49908181 -0.01670203]\n [-3.21842849 -2.30535377  0.23685406  2.72049937 -0.01670203  4.29697306]]", "nfev": "273", "njev": "39", "status": "0", "success": "True", "message": "Optimization terminated successfully.", "x": "[4.30334041 5.14719417 1.61620995 1.36642279 4.52112173 6.17921761]", "nit": "29"}, "2": {"maxiter": 100, "gtol": 1e-05, "xrtol": 1e-10, "eps": 1e-05, "duration": 0.046356201171875, "fun": "0.17185597588920365", "jac": "[ 3.30534489e-06  1.08388853e-06 -3.22337712e-06  3.53833629e-06\n -3.54686280e-06  2.61394240e-06]", "hess_inv": "[[ 6.57972811  3.087184    0.37283366 -5.2645591   0.25136357 -2.63013506]\n [ 3.087184    5.17225961  1.19977993 -3.80804256 -0.47334113 -1.98791872]\n [ 0.37283366  1.19977993  3.64506934  0.12668609 -0.34781153  0.12905986]\n [-5.2645591  -3.80804256  0.12668609  7.15798157  0.15142338  2.1239609 ]\n [ 0.25136357 -0.47334113 -0.34781153  0.15142338  2.49940608  0.02327213]\n [-2.63013506 -1.98791872  0.12905986  2.1239609   0.02327213  4.18726335]]", "nfev": "273", "njev": "39", "status": "0", "success": "True", "message": "Optimization terminated successfully.", "x": "[4.30327825 5.147154   1.61620703 1.36648569 4.52111342 6.17923125]", "nit": "29"}, "3": {"maxiter": 100, "gtol": 1e-05, "xrtol": 1e-10, "eps": 1e-10, "duration": 0.046334028244018555, "fun": "0.17185597613287795", "jac": "[ 9.99200639e-06  1.11022293e-06 -3.33066880e-06  3.33066880e-06\n -2.22044587e-06  6.66133760e-06]", "hess_inv": "[[ 8.71689008  3.94996157 -0.32225758 -7.72871652  0.08516795 -3.21842849]\n [ 3.94996157  5.37820432  0.560968   -5.04867382 -0.61723352 -2.30535377]\n [-0.32225758  0.560968    3.18496602  0.61870738 -0.57615071  0.23685406]\n [-7.72871652 -5.04867382  0.61870738  9.86998828  0.08765322  2.72049937]\n [ 0.08516795 -0.61723352 -0.57615071  0.08765322  2.49908181 -0.01670203]\n [-3.21842849 -2.30535377  0.23685406  2.72049937 -0.01670203  4.29697306]]", "nfev": "273", "njev": "39", "status": "0", "success": "True", "message": "Optimization terminated successfully.", "x": "[4.30334041 5.14719417 1.61620995 1.36642279 4.52112173 6.17921761]", "nit": "29"}, "4": {"maxiter": 100, "gtol": 1e-10, "xrtol": 1e-05, "eps": 1e-05, "duration": 0.04769587516784668, "fun": "0.17185597581859702", "jac": "[ 4.62552219e-07  1.75970349e-08 -4.45365966e-07  7.09987624e-08\n -4.09172696e-07  3.17457172e-07]", "hess_inv": "[[ 6.40550844  3.14820748  0.68338535 -5.23132495  0.48654477 -2.79148748]\n [ 3.14820748  5.31236403  1.40870547 -4.03575646 -0.27753998 -2.18843451]\n [ 0.68338535  1.40870547  3.7165639  -0.35766761 -0.21972876 -0.08902278]\n [-5.23132495 -4.03575646 -0.35766761  7.4407666  -0.26566576  2.49867233]\n [ 0.48654477 -0.27753998 -0.21972876 -0.26566576  2.66114457 -0.20170219]\n [-2.79148748 -2.18843451 -0.08902278  2.49867233 -0.20170219  4.44695609]]", "nfev": "280", "njev": "40", "status": "0", "success": "True", "message": "Optimization terminated successfully.", "x": "[4.3032834  5.14716139 1.61621594 1.3664724  4.52112231 6.17922138]", "nit": "30"}, "5": {"maxiter": 100, "gtol": 1e-10, "xrtol": 1e-05, "eps": 1e-10, "duration": 0.04770374298095703, "fun": "0.17185597587618928", "jac": "[ 2.22044587e-06  0.00000000e+00 -4.44089173e-06 -3.33066880e-06\n -2.22044587e-06  0.00000000e+00]", "hess_inv": "[[ 6.9386066   3.37638604 -0.04553672 -6.28979901  0.16626714 -3.20785628]\n [ 3.37638604  5.30155418  0.72555614 -4.73299467 -0.51771279 -2.45093372]\n [-0.04553672  0.72555614  3.19428108  0.2915949  -0.53776488  0.13162283]\n [-6.28979901 -4.73299467  0.2915949   8.90901776 -0.07847011  2.91604926]\n [ 0.16626714 -0.51771279 -0.53776488 -0.07847011  2.54505472 -0.11806044]\n [-3.20785628 -2.45093372  0.13162283  2.91604926 -0.11806044  4.50177676]]", "nfev": "280", "njev": "40", "status": "0", "success": "True", "message": "Optimization terminated successfully.", "x": "[4.30330987 5.14718791 1.6162172  1.36644259 4.52112555 6.17921286]", "nit": "30"}, "6": {"maxiter": 100, "gtol": 1e-10, "xrtol": 1e-10, "eps": 1e-05, "duration": 0.05127215385437012, "fun": "0.17185597581515688", "jac": "[-1.11022302e-11 -1.11022302e-11  5.55111512e-11  4.44089210e-11\n  6.66133815e-11 -3.33066907e-11]", "hess_inv": "[[ 6.596699    3.14263643  0.45661948 -5.35572646  0.33213955 -2.71125867]\n [ 3.14263643  5.29685337  1.38236223 -4.01347561 -0.30045568 -2.1657306 ]\n [ 0.45661948  1.38236223  3.91637    -0.17074916 -0.09422249 -0.13153283]\n [-5.35572646 -4.01347561 -0.17074916  7.49968032 -0.13255474  2.41666115]\n [ 0.33213955 -0.30045568 -0.09422249 -0.13255474  2.7378841  -0.22269155]\n [-2.71125867 -2.1657306  -0.13153283  2.41666115 -0.22269155  4.44061154]]", "nfev": "301", "njev": "43", "status": "0", "success": "True", "message": "Optimization terminated successfully.", "x": "[4.30328188 5.14716132 1.61621748 1.36647348 4.52112334 6.17922092]", "nit": "33"}, "7": {"maxiter": 100, "gtol": 1e-10, "xrtol": 1e-10, "eps": 1e-10, "duration": 0.07004594802856445, "fun": "0.171855975798189", "jac": "[ 1.11022293e-06 -1.11022293e-06 -2.22044587e-06  0.00000000e+00\n -2.22044587e-06 -5.55111466e-06]", "hess_inv": "[[ 2.36516669 -0.36145272  2.42738342  0.60626556 -1.91056682 -0.60221991]\n [-0.36145272  0.7030455   0.16504764  0.54461503 -0.21480639 -0.06444367]\n [ 2.42738342  0.16504764  4.92651648  1.06276442 -3.41654202 -1.07544161]\n [ 0.60626556  0.54461503  1.06276442  1.32128967 -1.32244866 -0.28780518]\n [-1.91056682 -0.21480639 -3.41654202 -1.32244866  3.68661081  0.53175043]\n [-0.60221991 -0.06444367 -1.07544161 -0.28780518  0.53175043  0.74152517]]", "nfev": "413", "njev": "59", "status": "0", "success": "True", "message": "Optimization terminated successfully.", "x": "[4.30329061 5.14716968 1.61622584 1.36647113 4.52112767 6.17921504]", "nit": "36"}, "8": {"maxiter": 500, "gtol": 1e-05, "xrtol": 1e-05, "eps": 1e-05, "duration": 0.04775714874267578, "fun": "0.17185597588920365", "jac": "[ 3.30534489e-06  1.08388853e-06 -3.22337712e-06  3.53833629e-06\n -3.54686280e-06  2.61394240e-06]", "hess_inv": "[[ 6.57972811  3.087184    0.37283366 -5.2645591   0.25136357 -2.63013506]\n [ 3.087184    5.17225961  1.19977993 -3.80804256 -0.47334113 -1.98791872]\n [ 0.37283366  1.19977993  3.64506934  0.12668609 -0.34781153  0.12905986]\n [-5.2645591  -3.80804256  0.12668609  7.15798157  0.15142338  2.1239609 ]\n [ 0.25136357 -0.47334113 -0.34781153  0.15142338  2.49940608  0.02327213]\n [-2.63013506 -1.98791872  0.12905986  2.1239609   0.02327213  4.18726335]]", "nfev": "273", "njev": "39", "status": "0", "success": "True", "message": "Optimization terminated successfully.", "x": "[4.30327825 5.147154   1.61620703 1.36648569 4.52111342 6.17923125]", "nit": "29"}, "9": {"maxiter": 500, "gtol": 1e-05, "xrtol": 1e-05, "eps": 1e-10, "duration": 0.04752492904663086, "fun": "0.17185597613287795", "jac": "[ 9.99200639e-06  1.11022293e-06 -3.33066880e-06  3.33066880e-06\n -2.22044587e-06  6.66133760e-06]", "hess_inv": "[[ 8.71689008  3.94996157 -0.32225758 -7.72871652  0.08516795 -3.21842849]\n [ 3.94996157  5.37820432  0.560968   -5.04867382 -0.61723352 -2.30535377]\n [-0.32225758  0.560968    3.18496602  0.61870738 -0.57615071  0.23685406]\n [-7.72871652 -5.04867382  0.61870738  9.86998828  0.08765322  2.72049937]\n [ 0.08516795 -0.61723352 -0.57615071  0.08765322  2.49908181 -0.01670203]\n [-3.21842849 -2.30535377  0.23685406  2.72049937 -0.01670203  4.29697306]]", "nfev": "273", "njev": "39", "status": "0", "success": "True", "message": "Optimization terminated successfully.", "x": "[4.30334041 5.14719417 1.61620995 1.36642279 4.52112173 6.17921761]", "nit": "29"}, "10": {"maxiter": 500, "gtol": 1e-05, "xrtol": 1e-10, "eps": 1e-05, "duration": 0.04632115364074707, "fun": "0.17185597588920365", "jac": "[ 3.30534489e-06  1.08388853e-06 -3.22337712e-06  3.53833629e-06\n -3.54686280e-06  2.61394240e-06]", "hess_inv": "[[ 6.57972811  3.087184    0.37283366 -5.2645591   0.25136357 -2.63013506]\n [ 3.087184    5.17225961  1.19977993 -3.80804256 -0.47334113 -1.98791872]\n [ 0.37283366  1.19977993  3.64506934  0.12668609 -0.34781153  0.12905986]\n [-5.2645591  -3.80804256  0.12668609  7.15798157  0.15142338  2.1239609 ]\n [ 0.25136357 -0.47334113 -0.34781153  0.15142338  2.49940608  0.02327213]\n [-2.63013506 -1.98791872  0.12905986  2.1239609   0.02327213  4.18726335]]", "nfev": "273", "njev": "39", "status": "0", "success": "True", "message": "Optimization terminated successfully.", "x": "[4.30327825 5.147154   1.61620703 1.36648569 4.52111342 6.17923125]", "nit": "29"}, "11": {"maxiter": 500, "gtol": 1e-05, "xrtol": 1e-10, "eps": 1e-10, "duration": 0.046196937561035156, "fun": "0.17185597613287795", "jac": "[ 9.99200639e-06  1.11022293e-06 -3.33066880e-06  3.33066880e-06\n -2.22044587e-06  6.66133760e-06]", "hess_inv": "[[ 8.71689008  3.94996157 -0.32225758 -7.72871652  0.08516795 -3.21842849]\n [ 3.94996157  5.37820432  0.560968   -5.04867382 -0.61723352 -2.30535377]\n [-0.32225758  0.560968    3.18496602  0.61870738 -0.57615071  0.23685406]\n [-7.72871652 -5.04867382  0.61870738  9.86998828  0.08765322  2.72049937]\n [ 0.08516795 -0.61723352 -0.57615071  0.08765322  2.49908181 -0.01670203]\n [-3.21842849 -2.30535377  0.23685406  2.72049937 -0.01670203  4.29697306]]", "nfev": "273", "njev": "39", "status": "0", "success": "True", "message": "Optimization terminated successfully.", "x": "[4.30334041 5.14719417 1.61620995 1.36642279 4.52112173 6.17921761]", "nit": "29"}, "12": {"maxiter": 500, "gtol": 1e-10, "xrtol": 1e-05, "eps": 1e-05, "duration": 0.047393083572387695, "fun": "0.17185597581859702", "jac": "[ 4.62552219e-07  1.75970349e-08 -4.45365966e-07  7.09987624e-08\n -4.09172696e-07  3.17457172e-07]", "hess_inv": "[[ 6.40550844  3.14820748  0.68338535 -5.23132495  0.48654477 -2.79148748]\n [ 3.14820748  5.31236403  1.40870547 -4.03575646 -0.27753998 -2.18843451]\n [ 0.68338535  1.40870547  3.7165639  -0.35766761 -0.21972876 -0.08902278]\n [-5.23132495 -4.03575646 -0.35766761  7.4407666  -0.26566576  2.49867233]\n [ 0.48654477 -0.27753998 -0.21972876 -0.26566576  2.66114457 -0.20170219]\n [-2.79148748 -2.18843451 -0.08902278  2.49867233 -0.20170219  4.44695609]]", "nfev": "280", "njev": "40", "status": "0", "success": "True", "message": "Optimization terminated successfully.", "x": "[4.3032834  5.14716139 1.61621594 1.3664724  4.52112231 6.17922138]", "nit": "30"}, "13": {"maxiter": 500, "gtol": 1e-10, "xrtol": 1e-05, "eps": 1e-10, "duration": 0.04811978340148926, "fun": "0.17185597587618928", "jac": "[ 2.22044587e-06  0.00000000e+00 -4.44089173e-06 -3.33066880e-06\n -2.22044587e-06  0.00000000e+00]", "hess_inv": "[[ 6.9386066   3.37638604 -0.04553672 -6.28979901  0.16626714 -3.20785628]\n [ 3.37638604  5.30155418  0.72555614 -4.73299467 -0.51771279 -2.45093372]\n [-0.04553672  0.72555614  3.19428108  0.2915949  -0.53776488  0.13162283]\n [-6.28979901 -4.73299467  0.2915949   8.90901776 -0.07847011  2.91604926]\n [ 0.16626714 -0.51771279 -0.53776488 -0.07847011  2.54505472 -0.11806044]\n [-3.20785628 -2.45093372  0.13162283  2.91604926 -0.11806044  4.50177676]]", "nfev": "280", "njev": "40", "status": "0", "success": "True", "message": "Optimization terminated successfully.", "x": "[4.30330987 5.14718791 1.6162172  1.36644259 4.52112555 6.17921286]", "nit": "30"}, "14": {"maxiter": 500, "gtol": 1e-10, "xrtol": 1e-10, "eps": 1e-05, "duration": 0.05345296859741211, "fun": "0.17185597581515688", "jac": "[-1.11022302e-11 -1.11022302e-11  5.55111512e-11  4.44089210e-11\n  6.66133815e-11 -3.33066907e-11]", "hess_inv": "[[ 6.596699    3.14263643  0.45661948 -5.35572646  0.33213955 -2.71125867]\n [ 3.14263643  5.29685337  1.38236223 -4.01347561 -0.30045568 -2.1657306 ]\n [ 0.45661948  1.38236223  3.91637    -0.17074916 -0.09422249 -0.13153283]\n [-5.35572646 -4.01347561 -0.17074916  7.49968032 -0.13255474  2.41666115]\n [ 0.33213955 -0.30045568 -0.09422249 -0.13255474  2.7378841  -0.22269155]\n [-2.71125867 -2.1657306  -0.13153283  2.41666115 -0.22269155  4.44061154]]", "nfev": "301", "njev": "43", "status": "0", "success": "True", "message": "Optimization terminated successfully.", "x": "[4.30328188 5.14716132 1.61621748 1.36647348 4.52112334 6.17922092]", "nit": "33"}, "15": {"maxiter": 500, "gtol": 1e-10, "xrtol": 1e-10, "eps": 1e-10, "duration": 0.07292294502258301, "fun": "0.171855975798189", "jac": "[ 1.11022293e-06 -1.11022293e-06 -2.22044587e-06  0.00000000e+00\n -2.22044587e-06 -5.55111466e-06]", "hess_inv": "[[ 2.36516669 -0.36145272  2.42738342  0.60626556 -1.91056682 -0.60221991]\n [-0.36145272  0.7030455   0.16504764  0.54461503 -0.21480639 -0.06444367]\n [ 2.42738342  0.16504764  4.92651648  1.06276442 -3.41654202 -1.07544161]\n [ 0.60626556  0.54461503  1.06276442  1.32128967 -1.32244866 -0.28780518]\n [-1.91056682 -0.21480639 -3.41654202 -1.32244866  3.68661081  0.53175043]\n [-0.60221991 -0.06444367 -1.07544161 -0.28780518  0.53175043  0.74152517]]", "nfev": "413", "njev": "59", "status": "0", "success": "True", "message": "Optimization terminated successfully.", "x": "[4.30329061 5.14716968 1.61622584 1.36647113 4.52112767 6.17921504]", "nit": "36"}, "16": {"maxiter": 1000, "gtol": 1e-05, "xrtol": 1e-05, "eps": 1e-05, "duration": 0.04825592041015625, "fun": "0.17185597588920365", "jac": "[ 3.30534489e-06  1.08388853e-06 -3.22337712e-06  3.53833629e-06\n -3.54686280e-06  2.61394240e-06]", "hess_inv": "[[ 6.57972811  3.087184    0.37283366 -5.2645591   0.25136357 -2.63013506]\n [ 3.087184    5.17225961  1.19977993 -3.80804256 -0.47334113 -1.98791872]\n [ 0.37283366  1.19977993  3.64506934  0.12668609 -0.34781153  0.12905986]\n [-5.2645591  -3.80804256  0.12668609  7.15798157  0.15142338  2.1239609 ]\n [ 0.25136357 -0.47334113 -0.34781153  0.15142338  2.49940608  0.02327213]\n [-2.63013506 -1.98791872  0.12905986  2.1239609   0.02327213  4.18726335]]", "nfev": "273", "njev": "39", "status": "0", "success": "True", "message": "Optimization terminated successfully.", "x": "[4.30327825 5.147154   1.61620703 1.36648569 4.52111342 6.17923125]", "nit": "29"}, "17": {"maxiter": 1000, "gtol": 1e-05, "xrtol": 1e-05, "eps": 1e-10, "duration": 0.048185110092163086, "fun": "0.17185597613287795", "jac": "[ 9.99200639e-06  1.11022293e-06 -3.33066880e-06  3.33066880e-06\n -2.22044587e-06  6.66133760e-06]", "hess_inv": "[[ 8.71689008  3.94996157 -0.32225758 -7.72871652  0.08516795 -3.21842849]\n [ 3.94996157  5.37820432  0.560968   -5.04867382 -0.61723352 -2.30535377]\n [-0.32225758  0.560968    3.18496602  0.61870738 -0.57615071  0.23685406]\n [-7.72871652 -5.04867382  0.61870738  9.86998828  0.08765322  2.72049937]\n [ 0.08516795 -0.61723352 -0.57615071  0.08765322  2.49908181 -0.01670203]\n [-3.21842849 -2.30535377  0.23685406  2.72049937 -0.01670203  4.29697306]]", "nfev": "273", "njev": "39", "status": "0", "success": "True", "message": "Optimization terminated successfully.", "x": "[4.30334041 5.14719417 1.61620995 1.36642279 4.52112173 6.17921761]", "nit": "29"}, "18": {"maxiter": 1000, "gtol": 1e-05, "xrtol": 1e-10, "eps": 1e-05, "duration": 0.04693007469177246, "fun": "0.17185597588920365", "jac": "[ 3.30534489e-06  1.08388853e-06 -3.22337712e-06  3.53833629e-06\n -3.54686280e-06  2.61394240e-06]", "hess_inv": "[[ 6.57972811  3.087184    0.37283366 -5.2645591   0.25136357 -2.63013506]\n [ 3.087184    5.17225961  1.19977993 -3.80804256 -0.47334113 -1.98791872]\n [ 0.37283366  1.19977993  3.64506934  0.12668609 -0.34781153  0.12905986]\n [-5.2645591  -3.80804256  0.12668609  7.15798157  0.15142338  2.1239609 ]\n [ 0.25136357 -0.47334113 -0.34781153  0.15142338  2.49940608  0.02327213]\n [-2.63013506 -1.98791872  0.12905986  2.1239609   0.02327213  4.18726335]]", "nfev": "273", "njev": "39", "status": "0", "success": "True", "message": "Optimization terminated successfully.", "x": "[4.30327825 5.147154   1.61620703 1.36648569 4.52111342 6.17923125]", "nit": "29"}, "19": {"maxiter": 1000, "gtol": 1e-05, "xrtol": 1e-10, "eps": 1e-10, "duration": 0.045868873596191406, "fun": "0.17185597613287795", "jac": "[ 9.99200639e-06  1.11022293e-06 -3.33066880e-06  3.33066880e-06\n -2.22044587e-06  6.66133760e-06]", "hess_inv": "[[ 8.71689008  3.94996157 -0.32225758 -7.72871652  0.08516795 -3.21842849]\n [ 3.94996157  5.37820432  0.560968   -5.04867382 -0.61723352 -2.30535377]\n [-0.32225758  0.560968    3.18496602  0.61870738 -0.57615071  0.23685406]\n [-7.72871652 -5.04867382  0.61870738  9.86998828  0.08765322  2.72049937]\n [ 0.08516795 -0.61723352 -0.57615071  0.08765322  2.49908181 -0.01670203]\n [-3.21842849 -2.30535377  0.23685406  2.72049937 -0.01670203  4.29697306]]", "nfev": "273", "njev": "39", "status": "0", "success": "True", "message": "Optimization terminated successfully.", "x": "[4.30334041 5.14719417 1.61620995 1.36642279 4.52112173 6.17921761]", "nit": "29"}, "20": {"maxiter": 1000, "gtol": 1e-10, "xrtol": 1e-05, "eps": 1e-05, "duration": 0.04708504676818848, "fun": "0.17185597581859702", "jac": "[ 4.62552219e-07  1.75970349e-08 -4.45365966e-07  7.09987624e-08\n -4.09172696e-07  3.17457172e-07]", "hess_inv": "[[ 6.40550844  3.14820748  0.68338535 -5.23132495  0.48654477 -2.79148748]\n [ 3.14820748  5.31236403  1.40870547 -4.03575646 -0.27753998 -2.18843451]\n [ 0.68338535  1.40870547  3.7165639  -0.35766761 -0.21972876 -0.08902278]\n [-5.23132495 -4.03575646 -0.35766761  7.4407666  -0.26566576  2.49867233]\n [ 0.48654477 -0.27753998 -0.21972876 -0.26566576  2.66114457 -0.20170219]\n [-2.79148748 -2.18843451 -0.08902278  2.49867233 -0.20170219  4.44695609]]", "nfev": "280", "njev": "40", "status": "0", "success": "True", "message": "Optimization terminated successfully.", "x": "[4.3032834  5.14716139 1.61621594 1.3664724  4.52112231 6.17922138]", "nit": "30"}, "21": {"maxiter": 1000, "gtol": 1e-10, "xrtol": 1e-05, "eps": 1e-10, "duration": 0.05131888389587402, "fun": "0.17185597587618928", "jac": "[ 2.22044587e-06  0.00000000e+00 -4.44089173e-06 -3.33066880e-06\n -2.22044587e-06  0.00000000e+00]", "hess_inv": "[[ 6.9386066   3.37638604 -0.04553672 -6.28979901  0.16626714 -3.20785628]\n [ 3.37638604  5.30155418  0.72555614 -4.73299467 -0.51771279 -2.45093372]\n [-0.04553672  0.72555614  3.19428108  0.2915949  -0.53776488  0.13162283]\n [-6.28979901 -4.73299467  0.2915949   8.90901776 -0.07847011  2.91604926]\n [ 0.16626714 -0.51771279 -0.53776488 -0.07847011  2.54505472 -0.11806044]\n [-3.20785628 -2.45093372  0.13162283  2.91604926 -0.11806044  4.50177676]]", "nfev": "280", "njev": "40", "status": "0", "success": "True", "message": "Optimization terminated successfully.", "x": "[4.30330987 5.14718791 1.6162172  1.36644259 4.52112555 6.17921286]", "nit": "30"}, "22": {"maxiter": 1000, "gtol": 1e-10, "xrtol": 1e-10, "eps": 1e-05, "duration": 0.050881147384643555, "fun": "0.17185597581515688", "jac": "[-1.11022302e-11 -1.11022302e-11  5.55111512e-11  4.44089210e-11\n  6.66133815e-11 -3.33066907e-11]", "hess_inv": "[[ 6.596699    3.14263643  0.45661948 -5.35572646  0.33213955 -2.71125867]\n [ 3.14263643  5.29685337  1.38236223 -4.01347561 -0.30045568 -2.1657306 ]\n [ 0.45661948  1.38236223  3.91637    -0.17074916 -0.09422249 -0.13153283]\n [-5.35572646 -4.01347561 -0.17074916  7.49968032 -0.13255474  2.41666115]\n [ 0.33213955 -0.30045568 -0.09422249 -0.13255474  2.7378841  -0.22269155]\n [-2.71125867 -2.1657306  -0.13153283  2.41666115 -0.22269155  4.44061154]]", "nfev": "301", "njev": "43", "status": "0", "success": "True", "message": "Optimization terminated successfully.", "x": "[4.30328188 5.14716132 1.61621748 1.36647348 4.52112334 6.17922092]", "nit": "33"}, "23": {"maxiter": 1000, "gtol": 1e-10, "xrtol": 1e-10, "eps": 1e-10, "duration": 0.06952023506164551, "fun": "0.171855975798189", "jac": "[ 1.11022293e-06 -1.11022293e-06 -2.22044587e-06  0.00000000e+00\n -2.22044587e-06 -5.55111466e-06]", "hess_inv": "[[ 2.36516669 -0.36145272  2.42738342  0.60626556 -1.91056682 -0.60221991]\n [-0.36145272  0.7030455   0.16504764  0.54461503 -0.21480639 -0.06444367]\n [ 2.42738342  0.16504764  4.92651648  1.06276442 -3.41654202 -1.07544161]\n [ 0.60626556  0.54461503  1.06276442  1.32128967 -1.32244866 -0.28780518]\n [-1.91056682 -0.21480639 -3.41654202 -1.32244866  3.68661081  0.53175043]\n [-0.60221991 -0.06444367 -1.07544161 -0.28780518  0.53175043  0.74152517]]", "nfev": "413", "njev": "59", "status": "0", "success": "True", "message": "Optimization terminated successfully.", "x": "[4.30329061 5.14716968 1.61622584 1.36647113 4.52112767 6.17921504]", "nit": "36"}}, "cobyla": {"0": {"maxiter": 100, "tol": 1e-05, "catol": 1e-05, "duration": 0.016123056411743164, "x": "[4.17387721 5.05630509 1.59270465 1.51752923 4.5132339  6.22796083]", "status": "2", "success": "False", "message": "Maximum number of function evaluations has been exceeded.", "nfev": "100", "fun": "0.17347935061535258", "maxcv": "0.0"}, "1": {"maxiter": 100, "tol": 1e-05, "catol": 1e-10, "duration": 0.01607799530029297, "x": "[4.17387721 5.05630509 1.59270465 1.51752923 4.5132339  6.22796083]", "status": "2", "success": "False", "message": "Maximum number of function evaluations has been exceeded.", "nfev": "100", "fun": "0.17347935061535258", "maxcv": "0.0"}, "2": {"maxiter": 100, "tol": 1e-10, "catol": 1e-05, "duration": 0.016077041625976562, "x": "[4.17387721 5.05630509 1.59270465 1.51752923 4.5132339  6.22796083]", "status": "2", "success": "False", "message": "Maximum number of function evaluations has been exceeded.", "nfev": "100", "fun": "0.17347935061535258", "maxcv": "0.0"}, "3": {"maxiter": 100, "tol": 1e-10, "catol": 1e-10, "duration": 0.016137123107910156, "x": "[4.17387721 5.05630509 1.59270465 1.51752923 4.5132339  6.22796083]", "status": "2", "success": "False", "message": "Maximum number of function evaluations has been exceeded.", "nfev": "100", "fun": "0.17347935061535258", "maxcv": "0.0"}, "4": {"maxiter": 500, "tol": 1e-05, "catol": 1e-05, "duration": 0.04955101013183594, "x": "[4.3032593  5.14713657 1.61621968 1.3665118  4.52111879 6.17923214]", "status": "1", "success": "True", "message": "Optimization terminated successfully.", "nfev": "308", "fun": "0.1718559759312045", "maxcv": "0.0"}, "5": {"maxiter": 500, "tol": 1e-05, "catol": 1e-10, "duration": 0.04963278770446777, "x": "[4.3032593  5.14713657 1.61621968 1.3665118  4.52111879 6.17923214]", "status": "1", "success": "True", "message": "Optimization terminated successfully.", "nfev": "308", "fun": "0.1718559759312045", "maxcv": "0.0"}, "6": {"maxiter": 500, "tol": 1e-10, "catol": 1e-05, "duration": 0.07732892036437988, "x": "[4.30328718 5.14716785 1.61622616 1.36647347 4.52112758 6.1792225 ]", "status": "1", "success": "True", "message": "Optimization terminated successfully.", "nfev": "470", "fun": "0.17185597579144163", "maxcv": "0.0"}, "7": {"maxiter": 500, "tol": 1e-10, "catol": 1e-10, "duration": 0.07890820503234863, "x": "[4.30328718 5.14716785 1.61622616 1.36647347 4.52112758 6.1792225 ]", "status": "1", "success": "True", "message": "Optimization terminated successfully.", "nfev": "470", "fun": "0.17185597579144163", "maxcv": "0.0"}, "8": {"maxiter": 1000, "tol": 1e-05, "catol": 1e-05, "duration": 0.05183291435241699, "x": "[4.3032593  5.14713657 1.61621968 1.3665118  4.52111879 6.17923214]", "status": "1", "success": "True", "message": "Optimization terminated successfully.", "nfev": "308", "fun": "0.1718559759312045", "maxcv": "0.0"}, "9": {"maxiter": 1000, "tol": 1e-05, "catol": 1e-10, "duration": 0.05208611488342285, "x": "[4.3032593  5.14713657 1.61621968 1.3665118  4.52111879 6.17923214]", "status": "1", "success": "True", "message": "Optimization terminated successfully.", "nfev": "308", "fun": "0.1718559759312045", "maxcv": "0.0"}, "10": {"maxiter": 1000, "tol": 1e-10, "catol": 1e-05, "duration": 0.07984209060668945, "x": "[4.30328718 5.14716785 1.61622616 1.36647347 4.52112758 6.1792225 ]", "status": "1", "success": "True", "message": "Optimization terminated successfully.", "nfev": "470", "fun": "0.17185597579144163", "maxcv": "0.0"}, "11": {"maxiter": 1000, "tol": 1e-10, "catol": 1e-10, "duration": 0.07940506935119629, "x": "[4.30328718 5.14716785 1.61622616 1.36647347 4.52112758 6.1792225 ]", "status": "1", "success": "True", "message": "Optimization terminated successfully.", "nfev": "470", "fun": "0.17185597579144163", "maxcv": "0.0"}}, "powell": {"type": "gradient-free", "0": {"maxiter": 100, "ftol": 1e-05, "xtol": 1e-05, "duration": 0.1377849578857422, "fun": "0.17185622085205365", "direc": "[[ 1.          0.          0.          0.  