{"date": "2024/07/19/, 12:14:19", "conf_id": 185, "data_type": "non_lin_ind\n", "num_data_points": 2, "s_rank": 0, "unitary": "[[-0.45070455-0.02711853j,0.78437395-0.06613086j,0.06358678+0.19963393j,-0.07343613+0.35668523j],[-0.01890143-0.03813363j,0.32408202+0.25557629j,0.05872864-0.68979805j,0.55466693-0.20227297j],[-0.11215405+0.64023111j,-0.13344055+0.29565494j,-0.49012687-0.19046288j,-0.04241254+0.44046348j],[0.55771659+0.24656916j,0.31851997-0.05798805j,0.28761525-0.34294258j,-0.56718418+0.03616933j]]", "databatch_0": {"databatch": "[[[-0.20099036-0.05884519j,0.19621667-0.08527693j,-0.08995604+0.08374837j,0.03600171-0.0877808j],[-0.13488962-0.14285641j,-0.28487575+0.14113921j,0.23512556+0.18709312j,-0.03669188-0.20538727j],[0.21622321+0.52532508j,-0.15658078-0.13249713j,0.18162567-0.20603785j,-0.24552224+0.21515442j],[-0.16489521+0.10890796j,0.11165209-0.07461507j,0.03029943+0.01873986j,-0.07497749-0.04454136j]],[[-0.14171306-0.07631123j,-0.09086743+0.04050672j,0.05814237-0.13923909j,0.17651268-0.00903657j],[0.2639747+0.44604175j,0.11315432-0.23344602j,0.00898897+0.39631581j,-0.52893476-0.0506212j],[0.11479638-0.0832929j,0.01214089+0.17415711j,-0.11667026-0.14500029j,0.05225526+0.01807015j],[-0.01019653-0.06017351j,-0.09347574+0.04802087j,0.06384586-0.12326052j,0.10110855+0.04714256j]]]", "initial param values": "[5.71494433,3.95199712,2.66392771,3.76031973,3.86952997,0.07296075]", "nelder_mead": {"type": "gradient-free", "0": {"maxiter": 100, "fatol": 1e-05, "xatol": 1e-05, "duration": 0.0274050235748291, "fun": "0.09001781031657441", "nit": "100", "nfev": "159", "status": "2", "success": "False", "message": "Maximum number of iterations has been exceeded.", "x": "[5.5672785  4.58216874 4.37864677 2.41885602 4.13680784 0.06570534]", "final_simplex": "(array([[5.5672785 , 4.58216874, 4.37864677, 2.41885602, 4.13680784,\n        0.06570534],\n       [5.54805622, 4.55111006, 4.5192755 , 2.37964442, 4.07923212,\n        0.06540741],\n       [5.52192735, 4.59631169, 4.53548681, 2.48020367, 4.01101737,\n        0.06517737],\n       [5.51453365, 4.56126092, 4.58133041, 2.4548167 , 4.00182897,\n        0.06629022],\n       [5.5254026 , 4.69052042, 4.28833754, 2.40374687, 4.16783256,\n        0.06655168],\n       [5.54638482, 4.59328645, 4.4956636 , 2.47027235, 4.1493569 ,\n        0.06464439],\n       [5.39335344, 4.50510713, 4.57063391, 2.43591418, 4.01420225,\n        0.0672304 ]]), array([0.09001781, 0.09076392, 0.091114  , 0.0912049 , 0.09198525,\n       0.09272932, 0.09296875]))"}, "1": {"maxiter": 100, "fatol": 1e-05, "xatol": 1e-10, "duration": 0.02734208106994629, "fun": "0.09001781031657441", "nit": "100", "nfev": "159", "status": "2", "success": "False", "message": "Maximum number of iterations has been exceeded.", "x": "[5.5672785  4.58216874 4.37864677 2.41885602 4.13680784 0.06570534]", "final_simplex": "(array([[5.5672785 , 4.58216874, 4.37864677, 2.41885602, 4.13680784,\n        0.06570534],\n       [5.54805622, 4.55111006, 4.5192755 , 2.37964442, 4.07923212,\n        0.06540741],\n       [5.52192735, 4.59631169, 4.53548681, 2.48020367, 4.01101737,\n        0.06517737],\n       [5.51453365, 4.56126092, 4.58133041, 2.4548167 , 4.00182897,\n        0.06629022],\n       [5.5254026 , 4.69052042, 4.28833754, 2.40374687, 4.16783256,\n        0.06655168],\n       [5.54638482, 4.59328645, 4.4956636 , 2.47027235, 4.1493569 ,\n        0.06464439],\n       [5.39335344, 4.50510713, 4.57063391, 2.43591418, 4.01420225,\n        0.0672304 ]]), array([0.09001781, 0.09076392, 0.091114  , 0.0912049 , 0.09198525,\n       0.09272932, 0.09296875]))"}, "2": {"maxiter": 100, "fatol": 1e-10, "xatol": 1e-05, "duration": 0.027317047119140625, "fun": "0.09001781031657441", "nit": "100", "nfev": "159", "status": "2", "success": "False", "message": "Maximum number of iterations has been exceeded.", "x": "[5.5672785  4.58216874 4.37864677 2.41885602 4.13680784 0.06570534]", "final_simplex": "(array([[5.5672785 , 4.58216874, 4.37864677, 2.41885602, 4.13680784,\n        0.06570534],\n       [5.54805622, 4.55111006, 4.5192755 , 2.37964442, 4.07923212,\n        0.06540741],\n       [5.52192735, 4.59631169, 4.53548681, 2.48020367, 4.01101737,\n        0.06517737],\n       [5.51453365, 4.56126092, 4.58133041, 2.4548167 , 4.00182897,\n        0.06629022],\n       [5.5254026 , 4.69052042, 4.28833754, 2.40374687, 4.16783256,\n        0.06655168],\n       [5.54638482, 4.59328645, 4.4956636 , 2.47027235, 4.1493569 ,\n        0.06464439],\n       [5.39335344, 4.50510713, 4.57063391, 2.43591418, 4.01420225,\n        0.0672304 ]]), array([0.09001781, 0.09076392, 0.091114  , 0.0912049 , 0.09198525,\n       0.09272932, 0.09296875]))"}, "3": {"maxiter": 100, "fatol": 1e-10, "xatol": 1e-10, "duration": 0.027354001998901367, "fun": "0.09001781031657441", "nit": "100", "nfev": "159", "status": "2", "success": "False", "message": "Maximum number of iterations has been exceeded.", "x": "[5.5672785  4.58216874 4.37864677 2.41885602 4.13680784 0.06570534]", "final_simplex": "(array([[5.5672785 , 4.58216874, 4.37864677, 2.41885602, 4.13680784,\n        0.06570534],\n       [5.54805622, 4.55111006, 4.5192755 , 2.37964442, 4.07923212,\n        0.06540741],\n       [5.52192735, 4.59631169, 4.53548681, 2.48020367, 4.01101737,\n        0.06517737],\n       [5.51453365, 4.56126092, 4.58133041, 2.4548167 , 4.00182897,\n        0.06629022],\n       [5.5254026 , 4.69052042, 4.28833754, 2.40374687, 4.16783256,\n        0.06655168],\n       [5.54638482, 4.59328645, 4.4956636 , 2.47027235, 4.1493569 ,\n        0.06464439],\n       [5.39335344, 4.50510713, 4.57063391, 2.43591418, 4.01420225,\n        0.0672304 ]]), array([0.09001781, 0.09076392, 0.091114  , 0.0912049 , 0.09198525,\n       0.09272932, 0.09296875]))"}, "4": {"maxiter": 500, "fatol": 1e-05, "xatol": 1e-05, "duration": 0.11654019355773926, "fun": "0.0734524925669452", "nit": "434", "nfev": "681", "status": "0", "success": "True", "message": "Optimization terminated successfully.", "x": "[ 5.4882692   4.56005278  4.15336707  2.32971599  3.94387338 -0.37909213]", "final_simplex": "(array([[ 5.4882692 ,  4.56005278,  4.15336707,  2.32971599,  3.94387338,\n        -0.37909213],\n       [ 5.4882687 ,  4.56005389,  4.15336276,  2.32971815,  3.94386944,\n        -0.37909748],\n       [ 5.48826693,  4.56005817,  4.15336351,  2.3297196 ,  3.94386907,\n        -0.37909269],\n       [ 5.48827072,  4.56005806,  4.15336264,  2.32971792,  3.94387044,\n        -0.37909803],\n       [ 5.48827044,  4.56005706,  4.15337242,  2.32972047,  3.94386488,\n        -0.37909317],\n       [ 5.48826797,  4.56005539,  4.15335982,  2.32972113,  3.94387507,\n        -0.37909649],\n       [ 5.48827258,  4.56005515,  4.15337159,  2.32972163,  3.94386856,\n        -0.37908664]]), array([0.07345249, 0.07345249, 0.07345249, 0.07345249, 0.07345249,\n       0.07345249, 0.07345249]))"}, "5": {"maxiter": 500, "fatol": 1e-05, "xatol": 1e-10, "duration": 0.13660216331481934, "fun": "0.07345249256530972", "nit": "500", "nfev": "799", "status": "2", "success": "False", "message": "Maximum number of iterations has been exceeded.", "x": "[ 5.48826922  4.56005459  4.15336766  2.3297185   3.94387074 -0.3790922 ]", "final_simplex": "(array([[ 5.48826922,  4.56005459,  4.15336766,  2.3297185 ,  3.94387074,\n        -0.3790922 ],\n       [ 5.48826923,  4.56005454,  4.1533677 ,  2.32971847,  3.94387076,\n        -0.3790922 ],\n       [ 5.48826922,  4.56005457,  4.15336764,  2.3297185 ,  3.94387076,\n        -0.37909221],\n       [ 5.48826922,  4.56005455,  4.15336768,  2.32971849,  3.94387075,\n        -0.37909221],\n       [ 5.48826923,  4.56005458,  4.15336765,  2.32971852,  3.94387075,\n        -0.37909222],\n       [ 5.48826923,  4.56005457,  4.15336766,  2.32971851,  3.94387074,\n        -0.37909223],\n       [ 5.48826921,  4.56005458,  4.15336766,  2.32971849,  3.94387074,\n        -0.37909223]]), array([0.07345249, 0.07345249, 0.07345249, 0.07345249, 0.07345249,\n       0.07345249, 0.07345249]))"}, "6": {"maxiter": 500, "fatol": 1e-10, "xatol": 1e-05, "duration": 0.11655712127685547, "fun": "0.0734524925669452", "nit": "434", "nfev": "681", "status": "0", "success": "True", "message": "Optimization terminated successfully.", "x": "[ 5.4882692   4.56005278  4.15336707  2.32971599  3.94387338 -0.37909213]", "final_simplex": "(array([[ 5.4882692 ,  4.56005278,  4.15336707,  2.32971599,  3.94387338,\n        -0.37909213],\n       [ 5.4882687 ,  4.56005389,  4.15336276,  2.32971815,  3.94386944,\n        -0.37909748],\n       [ 5.48826693,  4.56005817,  4.15336351,  2.3297196 ,  3.94386907,\n        -0.37909269],\n       [ 5.48827072,  4.56005806,  4.15336264,  2.32971792,  3.94387044,\n        -0.37909803],\n       [ 5.48827044,  4.56005706,  4.15337242,  2.32972047,  3.94386488,\n        -0.37909317],\n       [ 5.48826797,  4.56005539,  4.15335982,  2.32972113,  3.94387507,\n        -0.37909649],\n       [ 5.48827258,  4.56005515,  4.15337159,  2.32972163,  3.94386856,\n        -0.37908664]]), array([0.07345249, 0.07345249, 0.07345249, 0.07345249, 0.07345249,\n       0.07345249, 0.07345249]))"}, "7": {"maxiter": 500, "fatol": 1e-10, "xatol": 1e-10, "duration": 0.13669085502624512, "fun": "0.07345249256530972", "nit": "500", "nfev": "799", "status": "2", "success": "False", "message": "Maximum number of iterations has been exceeded.", "x": "[ 5.48826922  4.56005459  4.15336766  2.3297185   3.94387074 -0.3790922 ]", "final_simplex": "(array([[ 5.48826922,  4.56005459,  4.15336766,  2.3297185 ,  3.94387074,\n        -0.3790922 ],\n       [ 5.48826923,  4.56005454,  4.1533677 ,  2.32971847,  3.94387076,\n        -0.3790922 ],\n       [ 5.48826922,  4.56005457,  4.15336764,  2.3297185 ,  3.94387076,\n        -0.37909221],\n       [ 5.48826922,  4.56005455,  4.15336768,  2.32971849,  3.94387075,\n        -0.37909221],\n       [ 5.48826923,  4.56005458,  4.15336765,  2.32971852,  3.94387075,\n        -0.37909222],\n       [ 5.48826923,  4.56005457,  4.15336766,  2.32971851,  3.94387074,\n        -0.37909223],\n       [ 5.48826921,  4.56005458,  4.15336766,  2.32971849,  3.94387074,\n        -0.37909223]]), array([0.07345249, 0.07345249, 0.07345249, 0.07345249, 0.07345249,\n       0.07345249, 0.07345249]))"}, "8": {"maxiter": 1000, "fatol": 1e-05, "xatol": 1e-05, "duration": 0.11618185043334961, "fun": "0.0734524925669452", "nit": "434", "nfev": "681", "status": "0", "success": "True", "message": "Optimization terminated successfully.", "x": "[ 5.4882692   4.56005278  4.15336707  2.32971599  3.94387338 -0.37909213]", "final_simplex": "(array([[ 5.4882692 ,  4.56005278,  4.15336707,  2.32971599,  3.94387338,\n        -0.37909213],\n       [ 5.4882687 ,  4.56005389,  4.15336276,  2.32971815,  3.94386944,\n        -0.37909748],\n       [ 5.48826693,  4.56005817,  4.15336351,  2.3297196 ,  3.94386907,\n        -0.37909269],\n       [ 5.48827072,  4.56005806,  4.15336264,  2.32971792,  3.94387044,\n        -0.37909803],\n       [ 5.48827044,  4.56005706,  4.15337242,  2.32972047,  3.94386488,\n        -0.37909317],\n       [ 5.48826797,  4.56005539,  4.15335982,  2.32972113,  3.94387507,\n        -0.37909649],\n       [ 5.48827258,  4.56005515,  4.15337159,  2.32972163,  3.94386856,\n        -0.37908664]]), array([0.07345249, 0.07345249, 0.07345249, 0.07345249, 0.07345249,\n       0.07345249, 0.07345249]))"}, "9": {"maxiter": 1000, "fatol": 1e-05, "xatol": 1e-10, "duration": 0.1500108242034912, "fun": "0.07345249256530939", "nit": "531", "nfev": "898", "status": "0", "success": "True", "message": "Optimization terminated successfully.", "x": "[ 5.48826923  4.56005456  4.15336767  2.32971849  3.94387077 -0.37909219]", "final_simplex": "(array([[ 5.48826923,  4.56005456,  4.15336767,  2.32971849,  3.94387077,\n        -0.37909219],\n       [ 5.48826923,  4.56005456,  4.15336767,  2.32971849,  3.94387077,\n        -0.37909219],\n       [ 5.48826923,  4.56005456,  4.15336767,  2.32971849,  3.94387077,\n        -0.37909219],\n       [ 5.48826923,  4.56005456,  4.15336767,  2.32971849,  3.94387077,\n        -0.37909219],\n       [ 5.48826923,  4.56005456,  4.15336767,  2.32971849,  3.94387077,\n        -0.37909219],\n       [ 5.48826923,  4.56005456,  4.15336767,  2.32971849,  3.94387077,\n        -0.37909219],\n       [ 5.48826923,  4.56005456,  4.15336767,  2.32971849,  3.94387077,\n        -0.37909219]]), array([0.07345249, 0.07345249, 0.07345249, 0.07345249, 0.07345249,\n       0.07345249, 0.07345249]))"}, "10": {"maxiter": 1000, "fatol": 1e-10, "xatol": 1e-05, "duration": 0.11521100997924805, "fun": "0.0734524925669452", "nit": "434", "nfev": "681", "status": "0", "success": "True", "message": "Optimization terminated successfully.", "x": "[ 5.4882692   4.56005278  4.15336707  2.32971599  3.94387338 -0.37909213]", "final_simplex": "(array([[ 5.4882692 ,  4.56005278,  4.15336707,  2.32971599,  3.94387338,\n        -0.37909213],\n       [ 5.4882687 ,  4.56005389,  4.15336276,  2.32971815,  3.94386944,\n        -0.37909748],\n       [ 5.48826693,  4.56005817,  4.15336351,  2.3297196 ,  3.94386907,\n        -0.37909269],\n       [ 5.48827072,  4.56005806,  4.15336264,  2.32971792,  3.94387044,\n        -0.37909803],\n       [ 5.48827044,  4.56005706,  4.15337242,  2.32972047,  3.94386488,\n        -0.37909317],\n       [ 5.48826797,  4.56005539,  4.15335982,  2.32972113,  3.94387507,\n        -0.37909649],\n       [ 5.48827258,  4.56005515,  4.15337159,  2.32972163,  3.94386856,\n        -0.37908664]]), array([0.07345249, 0.07345249, 0.07345249, 0.07345249, 0.07345249,\n       0.07345249, 0.07345249]))"}, "11": {"maxiter": 1000, "fatol": 1e-10, "xatol": 1e-10, "duration": 0.15338706970214844, "fun": "0.07345249256530939", "nit": "531", "nfev": "898", "status": "0", "success": "True", "message": "Optimization terminated successfully.", "x": "[ 5.48826923  4.56005456  4.15336767  2.32971849  3.94387077 -0.37909219]", "final_simplex": "(array([[ 5.48826923,  4.56005456,  4.15336767,  2.32971849,  3.94387077,\n        -0.37909219],\n       [ 5.48826923,  4.56005456,  4.15336767,  2.32971849,  3.94387077,\n        -0.37909219],\n       [ 5.48826923,  4.56005456,  4.15336767,  2.32971849,  3.94387077,\n        -0.37909219],\n       [ 5.48826923,  4.56005456,  4.15336767,  2.32971849,  3.94387077,\n        -0.37909219],\n       [ 5.48826923,  4.56005456,  4.15336767,  2.32971849,  3.94387077,\n        -0.37909219],\n       [ 5.48826923,  4.56005456,  4.15336767,  2.32971849,  3.94387077,\n        -0.37909219],\n       [ 5.48826923,  4.56005456,  4.15336767,  2.32971849,  3.94387077,\n        -0.37909219]]), array([0.07345249, 0.07345249, 0.07345249, 0.07345249, 0.07345249,\n       0.07345249, 0.07345249]))"}}, "bfgs": {"type": "gradient", "0": {"maxiter": 100, "gtol": 1e-05, "xrtol": 1e-05, "eps": 1e-05, "duration": 0.03298306465148926, "fun": "0.07345249261937814", "jac": "[ 1.03259623e-06  2.15394369e-06  3.77130549e-06  7.12918613e-07\n  3.25108829e-06 -3.61335406e-06]", "hess_inv": "[[ 2.5496364  -0.11536858 -0.68360874  0.17169678  1.12849374  0.01475364]\n [-0.11536858  4.19399187 -1.96265683  0.78620968 -1.03697559 -0.14285213]\n [-0.68360874 -1.96265683  9.37366704  0.39509556 -3.16648363  3.78837635]\n [ 0.17169678  0.78620968  0.39509556  2.69261841 -0.30890876  0.39873316]\n [ 1.12849374 -1.03697559 -3.16648363 -0.30890876  6.45722797  0.94715497]\n [ 0.01475364 -0.14285213  3.78837635  0.39873316  0.94715497  5.32181352]]", "nfev": "189", "njev": "27", "status": "0", "success": "True", "message": "Optimization terminated successfully.", "x": "[ 5.48826711  4.56004792  4.15336496  2.32971339  3.94386864 -0.3791133 ]", "nit": "21"}, "1": {"maxiter": 100, "gtol": 1e-05, "xrtol": 1e-05, "eps": 1e-10, "duration": 0.032782793045043945, "fun": "0.07345249264234288", "jac": "[-5.55111466e-06 -1.11022293e-06  2.22044587e-06 -2.22044587e-06\n  4.44089173e-06  1.11022293e-06]", "hess_inv": "[[ 2.64036106  0.03963881 -0.70465364  0.25509745  0.97070219 -0.13168776]\n [ 0.03963881  4.26364579 -1.99170838  0.7646377  -1.11665628 -0.18180998]\n [-0.70465364 -1.99170838  9.24657169  0.3870945  -3.0211898   3.80659025]\n [ 0.25509745  0.7646377   0.3870945   2.64047622 -0.31223871  0.41495603]\n [ 0.97070219 -1.11665628 -3.0211898  -0.31223871  6.46492219  1.0296922 ]\n [-0.13168776 -0.18180998  3.80659025  0.41495603  1.0296922   5.3865627 ]]", "nfev": "189", "njev": "27", "status": "0", "success": "True", "message": "Optimization terminated successfully.", "x": "[ 5.48826218  4.56003983  4.15338774  2.3297129   3.94388298 -0.37908354]", "nit": "21"}, "2": {"maxiter": 100, "gtol": 1e-05, "xrtol": 1e-10, "eps": 1e-05, "duration": 0.03276872634887695, "fun": "0.07345249261937814", "jac": "[ 1.03259623e-06  2.15394369e-06  3.77130549e-06  7.12918613e-07\n  3.25108829e-06 -3.61335406e-06]", "hess_inv": "[[ 2.5496364  -0.11536858 -0.68360874  0.17169678  1.12849374  0.01475364]\n [-0.11536858  4.19399187 -1.96265683  0.78620968 -1.03697559 -0.14285213]\n [-0.68360874 -1.96265683  9.37366704  0.39509556 -3.16648363  3.78837635]\n [ 0.17169678  0.78620968  0.39509556  2.69261841 -0.30890876  0.39873316]\n [ 1.12849374 -1.03697559 -3.16648363 -0.30890876  6.45722797  0.94715497]\n [ 0.01475364 -0.14285213  3.78837635  0.39873316  0.94715497  5.32181352]]", "nfev": "189", "njev": "27", "status": "0", "success": "True", "message": "Optimization terminated successfully.", "x": "[ 5.48826711  4.56004792  4.15336496  2.32971339  3.94386864 -0.3791133 ]", "nit": "21"}, "3": {"maxiter": 100, "gtol": 1e-05, "xrtol": 1e-10, "eps": 1e-10, "duration": 0.032666921615600586, "fun": "0.07345249264234288", "jac": "[-5.55111466e-06 -1.11022293e-06  2.22044587e-06 -2.22044587e-06\n  4.44089173e-06  1.11022293e-06]", "hess_inv": "[[ 2.64036106  0.03963881 -0.70465364  0.25509745  0.97070219 -0.13168776]\n [ 0.03963881  4.26364579 -1.99170838  0.7646377  -1.11665628 -0.18180998]\n [-0.70465364 -1.99170838  9.24657169  0.3870945  -3.0211898   3.80659025]\n [ 0.25509745  0.7646377   0.3870945   2.64047622 -0.31223871  0.41495603]\n [ 0.97070219 -1.11665628 -3.0211898  -0.31223871  6.46492219  1.0296922 ]\n [-0.13168776 -0.18180998  3.80659025  0.41495603  1.0296922   5.3865627 ]]", "nfev": "189", "njev": "27", "status": "0", "success": "True", "message": "Optimization terminated successfully.", "x": "[ 5.48826218  4.56003983  4.15338774  2.3297129   3.94388298 -0.37908354]", "nit": "21"}, "4": {"maxiter": 100, "gtol": 1e-10, "xrtol": 1e-05, "eps": 1e-05, "duration": 0.03274703025817871, "fun": "0.07345249261937814", "jac": "[ 1.03259623e-06  2.15394369e-06  3.77130549e-06  7.12918613e-07\n  3.25108829e-06 -3.61335406e-06]", "hess_inv": "[[ 2.5496364  -0.11536858 -0.68360874  0.17169678  1.12849374  0.01475364]\n [-0.11536858  4.19399187 -1.96265683  0.78620968 -1.03697559 -0.14285213]\n [-0.68360874 -1.96265683  9.37366704  0.39509556 -3.16648363  3.78837635]\n [ 0.17169678  0.78620968  0.39509556  2.69261841 -0.30890876  0.39873316]\n [ 1.12849374 -1.03697559 -3.16648363 -0.30890876  6.45722797  0.94715497]\n [ 0.01475364 -0.14285213  3.78837635  0.39873316  0.94715497  5.32181352]]", "nfev": "189", "njev": "27", "status": "0", "success": "True", "message": "Optimization terminated successfully.", "x": "[ 5.48826711  4.56004792  4.15336496  2.32971339  3.94386864 -0.3791133 ]", "nit": "21"}, "5": {"maxiter": 100, "gtol": 1e-10, "xrtol": 1e-05, "eps": 1e-10, "duration": 0.0327150821685791, "fun": "0.07345249264234288", "jac": "[-5.55111466e-06 -1.11022293e-06  2.22044587e-06 -2.22044587e-06\n  4.44089173e-06  1.11022293e-06]", "hess_inv": "[[ 2.64036106  0.03963881 -0.70465364  0.25509745  0.97070219 -0.13168776]\n [ 0.03963881  4.26364579 -1.99170838  0.7646377  -1.11665628 -0.18180998]\n [-0.70465364 -1.99170838  9.24657169  0.3870945  -3.0211898   3.80659025]\n [ 0.25509745  0.7646377   0.3870945   2.64047622 -0.31223871  0.41495603]\n [ 0.97070219 -1.11665628 -3.0211898  -0.31223871  6.46492219  1.0296922 ]\n [-0.13168776 -0.18180998  3.80659025  0.41495603  1.0296922   5.3865627 ]]", "nfev": "189", "njev": "27", "status": "0", "success": "True", "message": "Optimization terminated successfully.", "x": "[ 5.48826218  4.56003983  4.15338774  2.3297129   3.94388298 -0.37908354]", "nit": "21"}, "6": {"maxiter": 100, "gtol": 1e-10, "xrtol": 1e-10, "eps": 1e-05, "duration": 0.038787841796875, "fun": "0.07345249261584486", "jac": "[ 0.00000000e+00  1.11022302e-11 -3.33066907e-11  2.22044605e-11\n -2.22044605e-11 -3.33066907e-11]", "hess_inv": "[[ 2.55893419 -0.14847237 -0.53072581  0.26476052  1.27974654 -0.04066103]\n [-0.14847237  4.61910202 -2.13870533  0.88098294 -1.06012716  0.14680684]\n [-0.53072581 -2.13870533  9.70843671  0.49252993 -2.96513996  3.57737408]\n [ 0.26476052  0.88098294  0.49252993  2.77217739 -0.23535769  0.41266389]\n [ 1.27974654 -1.06012716 -2.96513996 -0.23535769  6.56320533  0.85774308]\n [-0.04066103  0.14680684  3.57737408  0.41266389  0.85774308  5.53961123]]", "nfev": "224", "njev": "32", "status": "0", "success": "True", "message": "Optimization terminated successfully.", "x": "[ 5.48826215  4.56004976  4.15335544  2.32970966  3.94386264 -0.37911007]", "nit": "26"}, "7": {"maxiter": 100, "gtol": 1e-10, "xrtol": 1e-10, "eps": 1e-10, "duration": 0.04458904266357422, "fun": "0.07345249257427955", "jac": "[ 1.11022293e-06  3.33066880e-06  3.33066880e-06  0.00000000e+00\n  2.22044587e-06 -1.11022293e-06]", "hess_inv": "[[ 2.32602239 -0.66429279  0.09584511  0.02041059  2.03660842  0.71135533]\n [-0.66429279  4.00713075 -3.32439843 -0.28657855 -2.4500542  -1.67698947]\n [ 0.09584511 -3.32439843  8.00816743 -0.61998253 -2.18099324  1.75873124]\n [ 0.02041059 -0.28657855 -0.61998253  1.60764323 -0.11338462 -0.85385757]\n [ 2.03660842 -2.4500542  -2.18099324 -0.11338462  9.37475318  1.60597274]\n [ 0.71135533 -1.67698947  1.75873124 -0.85385757  1.60597274  2.49039741]]", "nfev": "259", "njev": "37", "status": "0", "success": "True", "message": "Optimization terminated successfully.", "x": "[ 5.48826942  4.56005527  4.15337344  2.32972087  3.94386391 -0.37909689]", "nit": "24"}, "8": {"maxiter": 500, "gtol": 1e-05, "xrtol": 1e-05, "eps": 1e-05, "duration": 0.032627105712890625, "fun": "0.07345249261937814", "jac": "[ 1.03259623e-06  2.15394369e-06  3.77130549e-06  7.12918613e-07\n  3.25108829e-06 -3.61335406e-06]", "hess_inv": "[[ 2.5496364  -0.11536858 -0.68360874  0.17169678  1.12849374  0.01475364]\n [-0.11536858  4.19399187 -1.96265683  0.78620968 -1.03697559 -0.14285213]\n [-0.68360874 -1.96265683  9.37366704  0.39509556 -3.16648363  3.78837635]\n [ 0.17169678  0.78620968  0.39509556  2.69261841 -0.30890876  0.39873316]\n [ 1.12849374 -1.03697559 -3.16648363 -0.30890876  6.45722797  0.94715497]\n [ 0.01475364 -0.14285213  3.78837635  0.39873316  0.94715497  5.32181352]]", "nfev": "189", "njev": "27", "status": "0", "success": "True", "message": "Optimization terminated successfully.", "x": "[ 5.48826711  4.56004792  4.15336496  2.32971339  3.94386864 -0.3791133 ]", "nit": "21"}, "9": {"maxiter": 500, "gtol": 1e-05, "xrtol": 1e-05, "eps": 1e-10, "duration": 0.03261113166809082, "fun": "0.07345249264234288", "jac": "[-5.55111466e-06 -1.11022293e-06  2.22044587e-06 -2.22044587e-06\n  4.44089173e-06  1.11022293e-06]", "hess_inv": "[[ 2.64036106  0.03963881 -0.70465364  0.25509745  0.97070219 -0.13168776]\n [ 0.03963881  4.26364579 -1.99170838  0.7646377  -1.11665628 -0.18180998]\n [-0.70465364 -1.99170838  9.24657169  0.3870945  -3.0211898   3.80659025]\n [ 0.25509745  0.7646377   0.3870945   2.64047622 -0.31223871  0.41495603]\n [ 0.97070219 -1.11665628 -3.0211898  -0.31223871  6.46492219  1.0296922 ]\n [-0.13168776 -0.18180998  3.80659025  0.41495603  1.0296922   5.3865627 ]]", "nfev": "189", "njev": "27", "status": "0", "success": "True", "message": "Optimization terminated successfully.", "x": "[ 5.48826218  4.56003983  4.15338774  2.3297129   3.94388298 -0.37908354]", "nit": "21"}, "10": {"maxiter": 500, "gtol": 1e-05, "xrtol": 1e-10, "eps": 1e-05, "duration": 0.03254508972167969, "fun": "0.07345249261937814", "jac": "[ 1.03259623e-06  2.15394369e-06  3.77130549e-06  7.12918613e-07\n  3.25108829e-06 -3.61335406e-06]", "hess_inv": "[[ 2.5496364  -0.11536858 -0.68360874  0.17169678  1.12849374  0.01475364]\n [-0.11536858  4.19399187 -1.96265683  0.78620968 -1.03697559 -0.14285213]\n [-0.68360874 -1.96265683  9.37366704  0.39509556 -3.16648363  3.78837635]\n [ 0.17169678  0.78620968  0.39509556  2.69261841 -0.30890876  0.39873316]\n [ 1.12849374 -1.03697559 -3.16648363 -0.30890876  6.45722797  0.94715497]\n [ 0.01475364 -0.14285213  3.78837635  0.39873316  0.94715497  5.32181352]]", "nfev": "189", "njev": "27", "status": "0", "success": "True", "message": "Optimization terminated successfully.", "x": "[ 5.48826711  4.56004792  4.15336496  2.32971339  3.94386864 -0.3791133 ]", "nit": "21"}, "11": {"maxiter": 500, "gtol": 1e-05, "xrtol": 1e-10, "eps": 1e-10, "duration": 0.032875776290893555, "fun": "0.07345249264234288", "jac": "[-5.55111466e-06 -1.11022293e-06  2.22044587e-06 -2.22044587e-06\n  4.44089173e-06  1.11022293e-06]", "hess_inv": "[[ 2.64036106  0.03963881 -0.70465364  0.25509745  0.97070219 -0.13168776]\n [ 0.03963881  4.26364579 -1.99170838  0.7646377  -1.11665628 -0.18180998]\n [-0.70465364 -1.99170838  9.24657169  0.3870945  -3.0211898   3.80659025]\n [ 0.25509745  0.7646377   0.3870945   2.64047622 -0.31223871  0.41495603]\n [ 0.97070219 -1.11665628 -3.0211898  -0.31223871  6.46492219  1.0296922 ]\n [-0.13168776 -0.18180998  3.80659025  0.41495603  1.0296922   5.3865627 ]]", "nfev": "189", "njev": "27", "status": "0", "success": "True", "message": "Optimization terminated successfully.", "x": "[ 5.48826218  4.56003983  4.15338774  2.3297129   3.94388298 -0.37908354]", "nit": "21"}, "12": {"maxiter": 500, "gtol": 1e-10, "xrtol": 1e-05, "eps": 1e-05, "duration": 0.03256392478942871, "fun": "0.07345249261937814", "jac": "[ 1.03259623e-06  2.15394369e-06  3.77130549e-06  7.12918613e-07\n  3.25108829e-06 -3.61335406e-06]", "hess_inv": "[[ 2.5496364  -0.11536858 -0.68360874  0.17169678  1.12849374  0.01475364]\n [-0.11536858  4.19399187 -1.96265683  0.78620968 -1.03697559 -0.14285213]\n [-0.68360874 -1.96265683  9.37366704  0.39509556 -3.16648363  3.78837635]\n [ 0.17169678  0.78620968  0.39509556  2.69261841 -0.30890876  0.39873316]\n [ 1.12849374 -1.03697559 -3.16648363 -0.30890876  6.45722797  0.94715497]\n [ 0.01475364 -0.14285213  3.78837635  0.39873316  0.94715497  5.32181352]]", "nfev": "189", "njev": "27", "status": "0", "success": "True", "message": "Optimization terminated successfully.", "x": "[ 5.48826711  4.56004792  4.15336496  2.32971339  3.94386864 -0.3791133 ]", "nit": "21"}, "13": {"maxiter": 500, "gtol": 1e-10, "xrtol": 1e-05, "eps": 1e-10, "duration": 0.03283405303955078, "fun": "0.07345249264234288", "jac": "[-5.55111466e-06 -1.11022293e-06  2.22044587e-06 -2.22044587e-06\n  4.44089173e-06  1.11022293e-06]", "hess_inv": "[[ 2.64036106  0.03963881 -0.70465364  0.25509745  0.97070219 -0.13168776]\n [ 0.03963881  4.26364579 -1.99170838  0.7646377  -1.11665628 -0.18180998]\n [-0.70465364 -1.99170838  9.24657169  0.3870945  -3.0211898   3.80659025]\n [ 0.25509745  0.7646377   0.3870945   2.64047622 -0.31223871  0.41495603]\n [ 0.97070219 -1.11665628 -3.0211898  -0.31223871  6.46492219  1.0296922 ]\n [-0.13168776 -0.18180998  3.80659025  0.41495603  1.0296922   5.3865627 ]]", "nfev": "189", "njev": "27", "status": "0", "success": "True", "message": "Optimization terminated successfully.", "x": "[ 5.48826218  4.56003983  4.15338774  2.3297129   3.94388298 -0.37908354]", "nit": "21"}, "14": {"maxiter": 500, "gtol": 1e-10, "xrtol": 1e-10, "eps": 1e-05, "duration": 0.03870105743408203, "fun": "0.07345249261584486", "jac": "[ 0.00000000e+00  1.11022302e-11 -3.33066907e-11  2.22044605e-11\n -2.22044605e-11 -3.33066907e-11]", "hess_inv": "[[ 2.55893419 -0.14847237 -0.53072581  0.26476052  1.27974654 -0.04066103]\n [-0.14847237  4.61910202 -2.13870533  0.88098294 -1.06012716  0.14680684]\n [-0.53072581 -2.13870533  9.70843671  0.49252993 -2.96513996  3.57737408]\n [ 0.26476052  0.88098294  0.49252993  2.77217739 -0.23535769  0.41266389]\n [ 1.27974654 -1.06012716 -2.96513996 -0.23535769  6.56320533  0.85774308]\n [-0.04066103  0.14680684  3.57737408  0.41266389  0.85774308  5.53961123]]", "nfev": "224", "njev": "32", "status": "0", "success": "True", "message": "Optimization terminated successfully.", "x": "[ 5.48826215  4.56004976  4.15335544  2.32970966  3.94386264 -0.37911007]", "nit": "26"}, "15": {"maxiter": 500, "gtol": 1e-10, "xrtol": 1e-10, "eps": 1e-10, "duration": 0.04455995559692383, "fun": "0.07345249257427955", "jac": "[ 1.11022293e-06  3.33066880e-06  3.33066880e-06  0.00000000e+00\n  2.22044587e-06 -1.11022293e-06]", "hess_inv": "[[ 2.32602239 -0.66429279  0.09584511  0.02041059  2.03660842  0.71135533]\n [-0.66429279  4.00713075 -3.32439843 -0.28657855 -2.4500542  -1.67698947]\n [ 0.09584511 -3.32439843  8.00816743 -0.61998253 -2.18099324  1.75873124]\n [ 0.02041059 -0.28657855 -0.61998253  1.60764323 -0.11338462 -0.85385757]\n [ 2.03660842 -2.4500542  -2.18099324 -0.11338462  9.37475318  1.60597274]\n [ 0.71135533 -1.67698947  1.75873124 -0.85385757  1.60597274  2.49039741]]", "nfev": "259", "njev": "37", "status": "0", "success": "True", "message": "Optimization terminated successfully.", "x": "[ 5.48826942  4.56005527  4.15337344  2.32972087  3.94386391 -0.37909689]", "nit": "24"}, "16": {"maxiter": 1000, "gtol": 1e-05, "xrtol": 1e-05, "eps": 1e-05, "duration": 0.03272676467895508, "fun": "0.07345249261937814", "jac": "[ 1.03259623e-06  2.15394369e-06  3.77130549e-06  7.12918613e-07\n  3.25108829e-06 -3.61335406e-06]", "hess_inv": "[[ 2.5496364  -0.11536858 -0.68360874  0.17169678  1.12849374  0.01475364]\n [-0.11536858  4.19399187 -1.96265683  0.78620968 -1.03697559 -0.14285213]\n [-0.68360874 -1.96265683  9.37366704  0.39509556 -3.16648363  3.78837635]\n [ 0.17169678  0.78620968  0.39509556  2.69261841 -0.30890876  0.39873316]\n [ 1.12849374 -1.03697559 -3.16648363 -0.30890876  6.45722797  0.94715497]\n [ 0.01475364 -0.14285213  3.78837635  0.39873316  0.94715497  5.32181352]]", "nfev": "189", "njev": "27", "status": "0", "success": "True", "message": "Optimization terminated successfully.", "x": "[ 5.48826711  4.56004792  4.15336496  2.32971339  3.94386864 -0.3791133 ]", "nit": "21"}, "17": {"maxiter": 1000, "gtol": 1e-05, "xrtol": 1e-05, "eps": 1e-10, "duration": 0.03262686729431152, "fun": "0.07345249264234288", "jac": "[-5.55111466e-06 -1.11022293e-06  2.22044587e-06 -2.22044587e-06\n  4.44089173e-06  1.11022293e-06]", "hess_inv": "[[ 2.64036106  0.03963881 -0.70465364  0.25509745  0.97070219 -0.13168776]\n [ 0.03963881  4.26364579 -1.99170838  0.7646377  -1.11665628 -0.18180998]\n [-0.70465364 -1.99170838  9.24657169  0.3870945  -3.0211898   3.80659025]\n [ 0.25509745  0.7646377   0.3870945   2.64047622 -0.31223871  0.41495603]\n [ 0.97070219 -1.11665628 -3.0211898  -0.31223871  6.46492219  1.0296922 ]\n [-0.13168776 -0.18180998  3.80659025  0.41495603  1.0296922   5.3865627 ]]", "nfev": "189", "njev": "27", "status": "0", "success": "True", "message": "Optimization terminated successfully.", "x": "[ 5.48826218  4.56003983  4.15338774  2.3297129   3.94388298 -0.37908354]", "nit": "21"}, "18": {"maxiter": 1000, "gtol": 1e-05, "xrtol": 1e-10, "eps": 1e-05, "duration": 0.03261113166809082, "fun": "0.07345249261937814", "jac": "[ 1.03259623e-06  2.15394369e-06  3.77130549e-06  7.12918613e-07\n  3.25108829e-06 -3.61335406e-06]", "hess_inv": "[[ 2.5496364  -0.11536858 -0.68360874  0.17169678  1.12849374  0.01475364]\n [-0.11536858  4.19399187 -1.96265683  0.78620968 -1.03697559 -0.14285213]\n [-0.68360874 -1.96265683  9.37366704  0.39509556 -3.16648363  3.78837635]\n [ 0.17169678  0.78620968  0.39509556  2.69261841 -0.30890876  0.39873316]\n [ 1.12849374 -1.03697559 -3.16648363 -0.30890876  6.45722797  0.94715497]\n [ 0.01475364 -0.14285213  3.78837635  0.39873316  0.94715497  5.32181352]]", "nfev": "189", "njev": "27", "status": "0", "success": "True", "message": "Optimization terminated successfully.", "x": "[ 5.48826711  4.56004792  4.15336496  2.32971339  3.94386864 -0.3791133 ]", "nit": "21"}, "19": {"maxiter": 1000, "gtol": 1e-05, "xrtol": 1e-10, "eps": 1e-10, "duration": 0.03262019157409668, "fun": "0.07345249264234288", "jac": "[-5.55111466e-06 -1.11022293e-06  2.22044587e-06 -2.22044587e-06\n  4.44089173e-06  1.11022293e-06]", "hess_inv": "[[ 2.64036106  0.03963881 -0.70465364  0.25509745  0.97070219 -0.13168776]\n [ 0.03963881  4.26364579 -1.99170838  0.7646377  -1.11665628 -0.18180998]\n [-0.70465364 -1.99170838  9.24657169  0.3870945  -3.0211898   3.80659025]\n [ 0.25509745  0.7646377   0.3870945   2.64047622 -0.31223871  0.41495603]\n [ 0.97070219 -1.11665628 -3.0211898  -0.31223871  6.46492219  1.0296922 ]\n [-0.13168776 -0.18180998  3.80659025  0.41495603  1.0296922   5.3865627 ]]", "nfev": "189", "njev": "27", "status": "0", "success": "True", "message": "Optimization terminated successfully.", "x": "[ 5.48826218  4.56003983  4.15338774  2.3297129   3.94388298 -0.37908354]", "nit": "21"}, "20": {"maxiter": 1000, "gtol": 1e-10, "xrtol": 1e-05, "eps": 1e-05, "duration": 0.0326688289642334, "fun": "0.07345249261937814", "jac": "[ 1.03259623e-06  2.15394369e-06  3.77130549e-06  7.12918613e-07\n  3.25108829e-06 -3.61335406e-06]", "hess_inv": "[[ 2.5496364  -0.11536858 -0.68360874  0.17169678  1.12849374  0.01475364]\n [-0.11536858  4.19399187 -1.96265683  0.78620968 -1.03697559 -0.14285213]\n [-0.68360874 -1.96265683  9.37366704  0.39509556 -3.16648363  3.78837635]\n [ 0.17169678  0.78620968  0.39509556  2.69261841 -0.30890876  0.39873316]\n [ 1.12849374 -1.03697559 -3.16648363 -0.30890876  6.45722797  0.94715497]\n [ 0.01475364 -0.14285213  3.78837635  0.39873316  0.94715497  5.32181352]]", "nfev": "189", "njev": "27", "status": "0", "success": "True", "message": "Optimization terminated successfully.", "x": "[ 5.48826711  4.56004792  4.15336496  2.32971339  3.94386864 -0.3791133 ]", "nit": "21"}, "21": {"maxiter": 1000, "gtol": 1e-10, "xrtol": 1e-05, "eps": 1e-10, "duration": 0.03465104103088379, "fun": "0.07345249264234288", "jac": "[-5.55111466e-06 -1.11022293e-06  2.22044587e-06 -2.22044587e-06\n  4.44089173e-06  1.11022293e-06]", "hess_inv": "[[ 2.64036106  0.03963881 -0.70465364  0.25509745  0.97070219 -0.13168776]\n [ 0.03963881  4.26364579 -1.99170838  0.7646377  -1.11665628 -0.18180998]\n [-0.70465364 -1.99170838  9.24657169  0.3870945  -3.0211898   3.80659025]\n [ 0.25509745  0.7646377   0.3870945   2.64047622 -0.31223871  0.41495603]\n [ 0.97070219 -1.11665628 -3.0211898  -0.31223871  6.46492219  1.0296922 ]\n [-0.13168776 -0.18180998  3.80659025  0.41495603  1.0296922   5.3865627 ]]", "nfev": "189", "njev": "27", "status": "0", "success": "True", "message": "Optimization terminated successfully.", "x": "[ 5.48826218  4.56003983  4.15338774  2.3297129   3.94388298 -0.37908354]", "nit": "21"}, "22": {"maxiter": 1000, "gtol": 1e-10, "xrtol": 1e-10, "eps": 1e-05, "duration": 0.04107093811035156, "fun": "0.07345249261584486", "jac": "[ 0.00000000e+00  1.11022302e-11 -3.33066907e-11  2.22044605e-11\n -2.22044605e-11 -3.33066907e-11]", "hess_inv": "[[ 2.55893419 -0.14847237 -0.53072581  0.26476052  1.27974654 -0.04066103]\n [-0.14847237  4.61910202 -2.13870533  0.88098294 -1.06012716  0.14680684]\n [-0.53072581 -2.13870533  9.70843671  0.49252993 -2.96513996  3.57737408]\n [ 0.26476052  0.88098294  0.49252993  2.77217739 -0.23535769  0.41266389]\n [ 1.27974654 -1.06012716 -2.96513996 -0.23535769  6.56320533  0.85774308]\n [-0.04066103  0.14680684  3.57737408  0.41266389  0.85774308  5.53961123]]", "nfev": "224", "njev": "32", "status": "0", "success": "True", "message": "Optimization terminated successfully.", "x": "[ 5.48826215  4.56004976  4.15335544  2.32970966  3.94386264 -0.37911007]", "nit": "26"}, "23": {"maxiter": 1000, "gtol": 1e-10, "xrtol": 1e-10, "eps": 1e-10, "duration": 0.04420804977416992, "fun": "0.07345249257427955", "jac": "[ 1.11022293e-06  3.33066880e-06  3.33066880e-06  0.00000000e+00\n  2.22044587e-06 -1.11022293e-06]", "hess_inv": "[[ 2.32602239 -0.66429279  0.09584511  0.02041059  2.03660842  0.71135533]\n [-0.66429279  4.00713075 -3.32439843 -0.28657855 -2.4500542  -1.67698947]\n [ 0.09584511 -3.32439843  8.00816743 -0.61998253 -2.18099324  1.75873124]\n [ 0.02041059 -0.28657855 -0.61998253  1.60764323 -0.11338462 -0.85385757]\n [ 2.03660842 -2.4500542  -2.18099324 -0.11338462  9.37475318  1.60597274]\n [ 0.71135533 -1.67698947  1.75873124 -0.85385757  1.60597274  2.49039741]]", "nfev": "259", "njev": "37", "status": "0", "success": "True", "message": "Optimization terminated successfully.", "x": "[ 5.48826942  4.56005527  4.15337344  2.32972087  3.94386391 -0.37909689]", "nit": "24"}}, "cobyla": {"0": {"maxiter": 100, "tol": 1e-05, "catol": 1e-05, "duration": 0.01637101173400879, "x": "[ 5.48642294  4.55685108  4.16760552  2.3313279   3.93880695 -0.37241199]", "status": "2", "success": "False", "message": "Maximum number of function evaluations has been exceeded.", "nfev": "100", "fun": "0.07346365600034022", "maxcv": "0.0"}, "1": {"maxiter": 100, "tol": 1e-05, "catol": 1e-10, "duration": 0.016295909881591797, "x": "[ 5.48642294  4.55685108  4.16760552  2.3313279   3.93880695 -0.37241199]", "status": "2", "success": "False", "message": "Maximum number of function evaluations has been exceeded.", "nfev": "100", "fun": "0.07346365600034022", "maxcv": "0.0"}, "2": {"maxiter": 100, "tol": 1e-10, "catol": 1e-05, "duration": 0.0162961483001709, "x": "[ 5.48642294  4.55685108  4.16760552  2.3313279   3.93880695 -0.37241199]", "status": "2", "success": "False", "message": "Maximum number of function evaluations has been exceeded.", "nfev": "100", "fun": "0.07346365600034022", "maxcv": "0.0"}, "3": {"maxiter": 100, "tol": 1e-10, "catol": 1e-10, "duration": 0.016278982162475586, "x": "[ 5.48642294  4.55685108  4.16760552  2.3313279   3.93880695 -0.37241199]", "status": "2", "success": "False", "message": "Maximum number of function evaluations has been exceeded.", "nfev": "100", "fun": "0.07346365600034022", "maxcv": "0.0"}, "4": {"maxiter": 500, "tol": 1e-05, "catol": 1e-05, "duration": 0.03943991661071777, "x": "[ 5.48827671  4.56005063  4.15338354  2.32973087  3.94387244 -0.37908779]", "status": "1", "success": "True", "message": "Optimization terminated successfully.", "nfev": "242", "fun": "0.07345249261562248", "maxcv": "0.0"}, "5": {"maxiter": 500, "tol": 1e-05, "catol": 1e-10, "duration": 0.03937363624572754, "x": "[ 5.48827671  4.56005063  4.15338354  2.32973087  3.94387244 -0.37908779]", "status": "1", "success": "True", "message": "Optimization terminated successfully.", "nfev": "242", "fun": "0.07345249261562248", "maxcv": "0.0"}, "6": {"maxiter": 500, "tol": 1e-10, "catol": 1e-05, "duration": 0.06223940849304199, "x": "[ 5.48826923  4.56005458  4.1533678   2.32971853  3.94387064 -0.37909219]", "status": "1", "success": "True", "message": "Optimization terminated successfully.", "nfev": "382", "fun": "0.07345249256531117", "maxcv": "0.0"}, "7": {"maxiter": 500, "tol": 1e-10, "catol": 1e-10, "duration": 0.06215095520019531, "x": "[ 5.48826923  4.56005458  4.1533678   2.32971853  3.94387064 -0.37909219]", "status": "1", "success": "True", "message": "Optimization terminated successfully.", "nfev": "382", "fun": "0.07345249256531117", "maxcv": "0.0"}, "8": {"maxiter": 1000, "tol": 1e-05, "catol": 1e-05, "duration": 0.0394291877746582, "x": "[ 5.48827671  4.56005063  4.15338354  2.32973087  3.94387244 -0.37908779]", "status": "1", "success": "True", "message": "Optimization terminated successfully.", "nfev": "242", "fun": "0.07345249261562248", "maxcv": "0.0"}, "9": {"maxiter": 1000, "tol": 1e-05, "catol": 1e-10, "duration": 0.039466142654418945, "x": "[ 5.48827671  4.56005063  4.15338354  2.32973087  3.94387244 -0