{"date": "2024/07/18/, 18:24:03", "conf_id": 22, "data_type": "random\n", "num_data_points": 2, "s_rank": 0, "unitary": "[[0.18663085-0.53122324j,-0.11886349-0.70040876j,0.28555095-0.02789305j,-0.12262021-0.2844587j],[-0.16702216+0.27758472j,0.27526351-0.29738586j,-0.01109314+0.22495461j,-0.77239203+0.28900673j],[0.61935415+0.12301792j,-0.31269928-0.03315917j,-0.61902762-0.19039079j,-0.27120731-0.0968989j],[0.42341754+0.0023929j,-0.05847358+0.47832119j,0.64900495-0.16218422j,-0.37182676-0.05229966j]]", "databatch_0": {"databatch": "[[[-0.24021457-0.29103348j,0.17013249+0.19878577j,0.19848966+0.4218589j,0.19573753-0.27956997j],[-0.16153234+0.01780647j,0.11176227-0.01434422j,0.19880015+0.02810802j,-0.05447937-0.13650157j],[0.21764692+0.19174002j,-0.15325811-0.13022972j,-0.20185612-0.29610116j,-0.11463345+0.23595153j],[0.05200111+0.07604577j,-0.03699138-0.05207514j,-0.03897783-0.10693596j,-0.0537419+0.06366654j]],[[0.16197391+0.03066368j,0.29535162+0.17614959j,-0.00356071-0.07793515j,0.31566083-0.25669987j],[-0.07547833-0.01137658j,-0.13971823-0.07637832j,0.0030004+0.03599914j,-0.14160174+0.12425561j],[-0.1473825+0.11819379j,-0.37344141+0.12593663j,0.07051577+0.05496657j,-0.01166531+0.46612395j],[0.11764087-0.0563814j,0.27087724-0.02615261j,-0.03880497-0.04801821j,0.08091191-0.31163569j]]]", "initial param values": "[4.35897466,2.8499674,3.54861197,1.00512638,2.52855019,2.25877875]", "nelder_mead": {"type": "gradient-free", "0": {"maxiter": 100, "fatol": 1e-05, "xatol": 1e-05, "duration": 0.025049686431884766, "fun": "0.09505334623458239", "nit": "100", "nfev": "147", "status": "2", "success": "False", "message": "Maximum number of iterations has been exceeded.", "x": "[ 0.5724836   5.51466307  3.23106974  2.35015923  3.56384709 -0.72508843]", "final_simplex": "(array([[ 0.5724836 ,  5.51466307,  3.23106974,  2.35015923,  3.56384709,\n        -0.72508843],\n       [ 0.66099852,  5.33447047,  3.52953554,  2.19258965,  3.58803061,\n        -0.70368429],\n       [ 0.80071502,  5.27542096,  3.49912816,  2.12427722,  3.47980132,\n        -0.64296686],\n       [ 0.52510584,  5.48811089,  3.40814496,  2.18265596,  3.54131906,\n        -0.7561921 ],\n       [ 0.61815229,  5.2872659 ,  3.44004172,  2.17127998,  3.62037287,\n        -0.95753154],\n       [ 0.62264293,  5.28887953,  3.56115243,  2.09504948,  3.45396845,\n        -0.72049043],\n       [ 0.5666555 ,  5.17412258,  3.4441115 ,  2.11721468,  3.53574293,\n        -0.7802928 ]]), array([0.09505335, 0.10727869, 0.11686962, 0.11838343, 0.12553703,\n       0.12630866, 0.13263426]))"}, "1": {"maxiter": 100, "fatol": 1e-05, "xatol": 1e-10, "duration": 0.024899005889892578, "fun": "0.09505334623458239", "nit": "100", "nfev": "147", "status": "2", "success": "False", "message": "Maximum number of iterations has been exceeded.", "x": "[ 0.5724836   5.51466307  3.23106974  2.35015923  3.56384709 -0.72508843]", "final_simplex": "(array([[ 0.5724836 ,  5.51466307,  3.23106974,  2.35015923,  3.56384709,\n        -0.72508843],\n       [ 0.66099852,  5.33447047,  3.52953554,  2.19258965,  3.58803061,\n        -0.70368429],\n       [ 0.80071502,  5.27542096,  3.49912816,  2.12427722,  3.47980132,\n        -0.64296686],\n       [ 0.52510584,  5.48811089,  3.40814496,  2.18265596,  3.54131906,\n        -0.7561921 ],\n       [ 0.61815229,  5.2872659 ,  3.44004172,  2.17127998,  3.62037287,\n        -0.95753154],\n       [ 0.62264293,  5.28887953,  3.56115243,  2.09504948,  3.45396845,\n        -0.72049043],\n       [ 0.5666555 ,  5.17412258,  3.4441115 ,  2.11721468,  3.53574293,\n        -0.7802928 ]]), array([0.09505335, 0.10727869, 0.11686962, 0.11838343, 0.12553703,\n       0.12630866, 0.13263426]))"}, "2": {"maxiter": 100, "fatol": 1e-10, "xatol": 1e-05, "duration": 0.024872303009033203, "fun": "0.09505334623458239", "nit": "100", "nfev": "147", "status": "2", "success": "False", "message": "Maximum number of iterations has been exceeded.", "x": "[ 0.5724836   5.51466307  3.23106974  2.35015923  3.56384709 -0.72508843]", "final_simplex": "(array([[ 0.5724836 ,  5.51466307,  3.23106974,  2.35015923,  3.56384709,\n        -0.72508843],\n       [ 0.66099852,  5.33447047,  3.52953554,  2.19258965,  3.58803061,\n        -0.70368429],\n       [ 0.80071502,  5.27542096,  3.49912816,  2.12427722,  3.47980132,\n        -0.64296686],\n       [ 0.52510584,  5.48811089,  3.40814496,  2.18265596,  3.54131906,\n        -0.7561921 ],\n       [ 0.61815229,  5.2872659 ,  3.44004172,  2.17127998,  3.62037287,\n        -0.95753154],\n       [ 0.62264293,  5.28887953,  3.56115243,  2.09504948,  3.45396845,\n        -0.72049043],\n       [ 0.5666555 ,  5.17412258,  3.4441115 ,  2.11721468,  3.53574293,\n        -0.7802928 ]]), array([0.09505335, 0.10727869, 0.11686962, 0.11838343, 0.12553703,\n       0.12630866, 0.13263426]))"}, "3": {"maxiter": 100, "fatol": 1e-10, "xatol": 1e-10, "duration": 0.024923086166381836, "fun": "0.09505334623458239", "nit": "100", "nfev": "147", "status": "2", "success": "False", "message": "Maximum number of iterations has been exceeded.", "x": "[ 0.5724836   5.51466307  3.23106974  2.35015923  3.56384709 -0.72508843]", "final_simplex": "(array([[ 0.5724836 ,  5.51466307,  3.23106974,  2.35015923,  3.56384709,\n        -0.72508843],\n       [ 0.66099852,  5.33447047,  3.52953554,  2.19258965,  3.58803061,\n        -0.70368429],\n       [ 0.80071502,  5.27542096,  3.49912816,  2.12427722,  3.47980132,\n        -0.64296686],\n       [ 0.52510584,  5.48811089,  3.40814496,  2.18265596,  3.54131906,\n        -0.7561921 ],\n       [ 0.61815229,  5.2872659 ,  3.44004172,  2.17127998,  3.62037287,\n        -0.95753154],\n       [ 0.62264293,  5.28887953,  3.56115243,  2.09504948,  3.45396845,\n        -0.72049043],\n       [ 0.5666555 ,  5.17412258,  3.4441115 ,  2.11721468,  3.53574293,\n        -0.7802928 ]]), array([0.09505335, 0.10727869, 0.11686962, 0.11838343, 0.12553703,\n       0.12630866, 0.13263426]))"}, "4": {"maxiter": 500, "fatol": 1e-05, "xatol": 1e-05, "duration": 0.09753799438476562, "fun": "0.04911382031152367", "nit": "376", "nfev": "578", "status": "0", "success": "True", "message": "Optimization terminated successfully.", "x": "[ 1.03260363  5.77045008  3.23466549  2.71057456  3.86288395 -0.23931846]", "final_simplex": "(array([[ 1.03260363,  5.77045008,  3.23466549,  2.71057456,  3.86288395,\n        -0.23931846],\n       [ 1.03260365,  5.77044542,  3.23466827,  2.71057754,  3.86288421,\n        -0.23932188],\n       [ 1.03260011,  5.77044455,  3.23466963,  2.71057629,  3.86288334,\n        -0.23932393],\n       [ 1.03260118,  5.77044573,  3.23466365,  2.71057484,  3.86288945,\n        -0.23931146],\n       [ 1.03260198,  5.7704466 ,  3.23466601,  2.71057753,  3.86288068,\n        -0.23932424],\n       [ 1.03260613,  5.77044496,  3.23466837,  2.7105747 ,  3.86287921,\n        -0.23932499],\n       [ 1.03260261,  5.77044679,  3.2346675 ,  2.71057608,  3.86287404,\n        -0.23932711]]), array([0.04911382, 0.04911382, 0.04911382, 0.04911382, 0.04911382,\n       0.04911382, 0.04911382]))"}, "5": {"maxiter": 500, "fatol": 1e-05, "xatol": 1e-10, "duration": 0.13724684715270996, "fun": "0.049113820307393974", "nit": "500", "nfev": "816", "status": "2", "success": "False", "message": "Maximum number of iterations has been exceeded.", "x": "[ 1.03260325  5.77044362  3.23466887  2.71057503  3.86289124 -0.23931083]", "final_simplex": "(array([[ 1.03260325,  5.77044362,  3.23466887,  2.71057503,  3.86289124,\n        -0.23931083],\n       [ 1.03260325,  5.77044362,  3.23466887,  2.71057503,  3.86289124,\n        -0.23931083],\n       [ 1.03260325,  5.77044362,  3.23466887,  2.71057503,  3.86289124,\n        -0.23931083],\n       [ 1.03260325,  5.77044362,  3.23466887,  2.71057503,  3.86289124,\n        -0.23931083],\n       [ 1.03260325,  5.77044362,  3.23466887,  2.71057503,  3.86289124,\n        -0.23931083],\n       [ 1.03260325,  5.77044362,  3.23466887,  2.71057503,  3.86289124,\n        -0.23931083],\n       [ 1.03260325,  5.77044362,  3.23466887,  2.71057503,  3.86289124,\n        -0.23931083]]), array([0.04911382, 0.04911382, 0.04911382, 0.04911382, 0.04911382,\n       0.04911382, 0.04911382]))"}, "6": {"maxiter": 500, "fatol": 1e-10, "xatol": 1e-05, "duration": 0.09750509262084961, "fun": "0.04911382031152367", "nit": "376", "nfev": "578", "status": "0", "success": "True", "message": "Optimization terminated successfully.", "x": "[ 1.03260363  5.77045008  3.23466549  2.71057456  3.86288395 -0.23931846]", "final_simplex": "(array([[ 1.03260363,  5.77045008,  3.23466549,  2.71057456,  3.86288395,\n        -0.23931846],\n       [ 1.03260365,  5.77044542,  3.23466827,  2.71057754,  3.86288421,\n        -0.23932188],\n       [ 1.03260011,  5.77044455,  3.23466963,  2.71057629,  3.86288334,\n        -0.23932393],\n       [ 1.03260118,  5.77044573,  3.23466365,  2.71057484,  3.86288945,\n        -0.23931146],\n       [ 1.03260198,  5.7704466 ,  3.23466601,  2.71057753,  3.86288068,\n        -0.23932424],\n       [ 1.03260613,  5.77044496,  3.23466837,  2.7105747 ,  3.86287921,\n        -0.23932499],\n       [ 1.03260261,  5.77044679,  3.2346675 ,  2.71057608,  3.86287404,\n        -0.23932711]]), array([0.04911382, 0.04911382, 0.04911382, 0.04911382, 0.04911382,\n       0.04911382, 0.04911382]))"}, "7": {"maxiter": 500, "fatol": 1e-10, "xatol": 1e-10, "duration": 0.139373779296875, "fun": "0.049113820307393974", "nit": "500", "nfev": "816", "status": "2", "success": "False", "message": "Maximum number of iterations has been exceeded.", "x": "[ 1.03260325  5.77044362  3.23466887  2.71057503  3.86289124 -0.23931083]", "final_simplex": "(array([[ 1.03260325,  5.77044362,  3.23466887,  2.71057503,  3.86289124,\n        -0.23931083],\n       [ 1.03260325,  5.77044362,  3.23466887,  2.71057503,  3.86289124,\n        -0.23931083],\n       [ 1.03260325,  5.77044362,  3.23466887,  2.71057503,  3.86289124,\n        -0.23931083],\n       [ 1.03260325,  5.77044362,  3.23466887,  2.71057503,  3.86289124,\n        -0.23931083],\n       [ 1.03260325,  5.77044362,  3.23466887,  2.71057503,  3.86289124,\n        -0.23931083],\n       [ 1.03260325,  5.77044362,  3.23466887,  2.71057503,  3.86289124,\n        -0.23931083],\n       [ 1.03260325,  5.77044362,  3.23466887,  2.71057503,  3.86289124,\n        -0.23931083]]), array([0.04911382, 0.04911382, 0.04911382, 0.04911382, 0.04911382,\n       0.04911382, 0.04911382]))"}, "8": {"maxiter": 1000, "fatol": 1e-05, "xatol": 1e-05, "duration": 0.10039496421813965, "fun": "0.04911382031152367", "nit": "376", "nfev": "578", "status": "0", "success": "True", "message": "Optimization terminated successfully.", "x": "[ 1.03260363  5.77045008  3.23466549  2.71057456  3.86288395 -0.23931846]", "final_simplex": "(array([[ 1.03260363,  5.77045008,  3.23466549,  2.71057456,  3.86288395,\n        -0.23931846],\n       [ 1.03260365,  5.77044542,  3.23466827,  2.71057754,  3.86288421,\n        -0.23932188],\n       [ 1.03260011,  5.77044455,  3.23466963,  2.71057629,  3.86288334,\n        -0.23932393],\n       [ 1.03260118,  5.77044573,  3.23466365,  2.71057484,  3.86288945,\n        -0.23931146],\n       [ 1.03260198,  5.7704466 ,  3.23466601,  2.71057753,  3.86288068,\n        -0.23932424],\n       [ 1.03260613,  5.77044496,  3.23466837,  2.7105747 ,  3.86287921,\n        -0.23932499],\n       [ 1.03260261,  5.77044679,  3.2346675 ,  2.71057608,  3.86287404,\n        -0.23932711]]), array([0.04911382, 0.04911382, 0.04911382, 0.04911382, 0.04911382,\n       0.04911382, 0.04911382]))"}, "9": {"maxiter": 1000, "fatol": 1e-05, "xatol": 1e-10, "duration": 0.14549803733825684, "fun": "0.049113820307393974", "nit": "509", "nfev": "847", "status": "0", "success": "True", "message": "Optimization terminated successfully.", "x": "[ 1.03260325  5.77044362  3.23466887  2.71057503  3.86289124 -0.23931083]", "final_simplex": "(array([[ 1.03260325,  5.77044362,  3.23466887,  2.71057503,  3.86289124,\n        -0.23931083],\n       [ 1.03260325,  5.77044362,  3.23466887,  2.71057503,  3.86289124,\n        -0.23931083],\n       [ 1.03260325,  5.77044362,  3.23466887,  2.71057503,  3.86289124,\n        -0.23931083],\n       [ 1.03260325,  5.77044362,  3.23466887,  2.71057503,  3.86289124,\n        -0.23931083],\n       [ 1.03260325,  5.77044362,  3.23466887,  2.71057503,  3.86289124,\n        -0.23931083],\n       [ 1.03260325,  5.77044362,  3.23466887,  2.71057503,  3.86289124,\n        -0.23931083],\n       [ 1.03260325,  5.77044362,  3.23466887,  2.71057503,  3.86289124,\n        -0.23931083]]), array([0.04911382, 0.04911382, 0.04911382, 0.04911382, 0.04911382,\n       0.04911382, 0.04911382]))"}, "10": {"maxiter": 1000, "fatol": 1e-10, "xatol": 1e-05, "duration": 0.10028791427612305, "fun": "0.04911382031152367", "nit": "376", "nfev": "578", "status": "0", "success": "True", "message": "Optimization terminated successfully.", "x": "[ 1.03260363  5.77045008  3.23466549  2.71057456  3.86288395 -0.23931846]", "final_simplex": "(array([[ 1.03260363,  5.77045008,  3.23466549,  2.71057456,  3.86288395,\n        -0.23931846],\n       [ 1.03260365,  5.77044542,  3.23466827,  2.71057754,  3.86288421,\n        -0.23932188],\n       [ 1.03260011,  5.77044455,  3.23466963,  2.71057629,  3.86288334,\n        -0.23932393],\n       [ 1.03260118,  5.77044573,  3.23466365,  2.71057484,  3.86288945,\n        -0.23931146],\n       [ 1.03260198,  5.7704466 ,  3.23466601,  2.71057753,  3.86288068,\n        -0.23932424],\n       [ 1.03260613,  5.77044496,  3.23466837,  2.7105747 ,  3.86287921,\n        -0.23932499],\n       [ 1.03260261,  5.77044679,  3.2346675 ,  2.71057608,  3.86287404,\n        -0.23932711]]), array([0.04911382, 0.04911382, 0.04911382, 0.04911382, 0.04911382,\n       0.04911382, 0.04911382]))"}, "11": {"maxiter": 1000, "fatol": 1e-10, "xatol": 1e-10, "duration": 0.14545297622680664, "fun": "0.049113820307393974", "nit": "509", "nfev": "847", "status": "0", "success": "True", "message": "Optimization terminated successfully.", "x": "[ 1.03260325  5.77044362  3.23466887  2.71057503  3.86289124 -0.23931083]", "final_simplex": "(array([[ 1.03260325,  5.77044362,  3.23466887,  2.71057503,  3.86289124,\n        -0.23931083],\n       [ 1.03260325,  5.77044362,  3.23466887,  2.71057503,  3.86289124,\n        -0.23931083],\n       [ 1.03260325,  5.77044362,  3.23466887,  2.71057503,  3.86289124,\n        -0.23931083],\n       [ 1.03260325,  5.77044362,  3.23466887,  2.71057503,  3.86289124,\n        -0.23931083],\n       [ 1.03260325,  5.77044362,  3.23466887,  2.71057503,  3.86289124,\n        -0.23931083],\n       [ 1.03260325,  5.77044362,  3.23466887,  2.71057503,  3.86289124,\n        -0.23931083],\n       [ 1.03260325,  5.77044362,  3.23466887,  2.71057503,  3.86289124,\n        -0.23931083]]), array([0.04911382, 0.04911382, 0.04911382, 0.04911382, 0.04911382,\n       0.04911382, 0.04911382]))"}}, "bfgs": {"type": "gradient", "0": {"maxiter": 100, "gtol": 1e-05, "xrtol": 1e-05, "eps": 1e-05, "duration": 0.05209207534790039, "fun": "0.049113820483015824", "jac": "[ 1.32821532e-06 -3.78215237e-06 -6.51328991e-06  1.22460930e-06\n -5.37728750e-06  6.27493613e-06]", "hess_inv": "[[ 4.09224785  3.02984172 -1.11699375  0.42995908  3.02040689  4.03249354]\n [ 3.02984172  9.44287898 -4.59945513  0.63830627  1.79924483  3.25361748]\n [-1.11699375 -4.59945513  4.19066246 -0.05167599 -1.36452256 -1.43675972]\n [ 0.42995908  0.63830627 -0.05167599  2.49299804  0.35081094  0.02867873]\n [ 3.02040689  1.79924483 -1.36452256  0.35081094 23.45654152 22.7633226 ]\n [ 4.03249354  3.25361748 -1.43675972  0.02867873 22.7633226  24.83052386]]", "nfev": "294", "njev": "42", "status": "0", "success": "True", "message": "Optimization terminated successfully.", "x": "[ 1.03259943 -0.51274434  3.23465126  2.71056711  3.86285123 -0.23933336]", "nit": "32"}, "1": {"maxiter": 100, "gtol": 1e-05, "xrtol": 1e-05, "eps": 1e-10, "duration": 0.051785945892333984, "fun": "0.049113820696319865", "jac": "[ 1.11022293e-06  1.11022293e-06 -9.99200639e-06  2.22044587e-06\n -3.33066880e-06  8.88178346e-06]", "hess_inv": "[[ 4.01738006e+00  2.93821433e+00 -1.08304305e+00  4.04252559e-01\n   2.93386094e+00  3.97130122e+00]\n [ 2.93821433e+00  9.46647285e+00 -4.63156647e+00  6.33705785e-01\n   1.86725936e+00  3.29751289e+00]\n [-1.08304305e+00 -4.63156647e+00  4.21399043e+00 -5.60561505e-02\n  -1.41006254e+00 -1.45821865e+00]\n [ 4.04252559e-01  6.33705785e-01 -5.60561505e-02  2.50006932e+00\n   3.38496410e-01  2.44663611e-02]\n [ 2.93386094e+00  1.86725936e+00 -1.41006254e+00  3.38496410e-01\n   2.35188952e+01  2.28003987e+01]\n [ 3.97130122e+00  3.29751289e+00 -1.45821865e+00  2.44663611e-02\n   2.28003987e+01  2.48689547e+01]]", "nfev": "294", "njev": "42", "status": "0", "success": "True", "message": "Optimization terminated successfully.", "x": "[ 1.03263494 -0.51270002  3.23462523  2.7105748   3.86296821 -0.23919087]", "nit": "32"}, "2": {"maxiter": 100, "gtol": 1e-05, "xrtol": 1e-10, "eps": 1e-05, "duration": 0.0518498420715332, "fun": "0.049113820483015824", "jac": "[ 1.32821532e-06 -3.78215237e-06 -6.51328991e-06  1.22460930e-06\n -5.37728750e-06  6.27493613e-06]", "hess_inv": "[[ 4.09224785  3.02984172 -1.11699375  0.42995908  3.02040689  4.03249354]\n [ 3.02984172  9.44287898 -4.59945513  0.63830627  1.79924483  3.25361748]\n [-1.11699375 -4.59945513  4.19066246 -0.05167599 -1.36452256 -1.43675972]\n [ 0.42995908  0.63830627 -0.05167599  2.49299804  0.35081094  0.02867873]\n [ 3.02040689  1.79924483 -1.36452256  0.35081094 23.45654152 22.7633226 ]\n [ 4.03249354  3.25361748 -1.43675972  0.02867873 22.7633226  24.83052386]]", "nfev": "294", "njev": "42", "status": "0", "success": "True", "message": "Optimization terminated successfully.", "x": "[ 1.03259943 -0.51274434  3.23465126  2.71056711  3.86285123 -0.23933336]", "nit": "32"}, "3": {"maxiter": 100, "gtol": 1e-05, "xrtol": 1e-10, "eps": 1e-10, "duration": 0.05175495147705078, "fun": "0.049113820696319865", "jac": "[ 1.11022293e-06  1.11022293e-06 -9.99200639e-06  2.22044587e-06\n -3.33066880e-06  8.88178346e-06]", "hess_inv": "[[ 4.01738006e+00  2.93821433e+00 -1.08304305e+00  4.04252559e-01\n   2.93386094e+00  3.97130122e+00]\n [ 2.93821433e+00  9.46647285e+00 -4.63156647e+00  6.33705785e-01\n   1.86725936e+00  3.29751289e+00]\n [-1.08304305e+00 -4.63156647e+00  4.21399043e+00 -5.60561505e-02\n  -1.41006254e+00 -1.45821865e+00]\n [ 4.04252559e-01  6.33705785e-01 -5.60561505e-02  2.50006932e+00\n   3.38496410e-01  2.44663611e-02]\n [ 2.93386094e+00  1.86725936e+00 -1.41006254e+00  3.38496410e-01\n   2.35188952e+01  2.28003987e+01]\n [ 3.97130122e+00  3.29751289e+00 -1.45821865e+00  2.44663611e-02\n   2.28003987e+01  2.48689547e+01]]", "nfev": "294", "njev": "42", "status": "0", "success": "True", "message": "Optimization terminated successfully.", "x": "[ 1.03263494 -0.51270002  3.23462523  2.7105748   3.86296821 -0.23919087]", "nit": "32"}, "4": {"maxiter": 100, "gtol": 1e-10, "xrtol": 1e-05, "eps": 1e-05, "duration": 0.05308699607849121, "fun": "0.04911382043339774", "jac": "[-7.45636886e-07 -1.89545046e-06 -2.60760302e-06  7.81319454e-07\n -2.87613267e-06  3.71372932e-06]", "hess_inv": "[[ 4.42481764  3.35519447 -1.44577064  0.45036386  2.88378782  4.25388299]\n [ 3.35519447  9.75857153 -4.92878399  0.65563427  1.75396234  3.56160621]\n [-1.44577064 -4.92878399  4.49296257 -0.0796359  -0.96817414 -1.38537278]\n [ 0.45036386  0.65563427 -0.0796359   2.49158133  0.43196331  0.13486834]\n [ 2.88378782  1.75396234 -0.96817414  0.43196331 20.50871635 19.56537143]\n [ 4.25388299  3.56160621 -1.38537278  0.13486834 19.56537143 21.7643042 ]]", "nfev": "301", "njev": "43", "status": "0", "success": "True", "message": "Optimization terminated successfully.", "x": "[ 1.03258509 -0.51275771  3.23466739  2.71056689  3.86283471 -0.23936608]", "nit": "33"}, "5": {"maxiter": 100, "gtol": 1e-10, "xrtol": 1e-05, "eps": 1e-10, "duration": 0.05647611618041992, "fun": "0.04911382038319401", "jac": "[-5.55111466e-06 -6.66133760e-06 -5.55111466e-06 -3.33066880e-06\n -4.44089173e-06  1.11022293e-06]", "hess_inv": "[[ 4.35298727  2.66650745 -0.93528986  0.55087231  2.01855912  3.84904645]\n [ 2.66650745  7.70459673 -3.4683194   0.76542598 -0.9599334   1.16576028]\n [-0.93528986 -3.4683194   3.44667436 -0.15597203  0.4384284  -0.12479977]\n [ 0.55087231  0.76542598 -0.15597203  2.52961914  0.31896464  0.18427555]\n [ 2.01855912 -0.9599334   0.4384284   0.31896464 17.8528245  17.42581559]\n [ 3.84904645  1.16576028 -0.12479977  0.18427555 17.42581559 20.75598332]]", "nfev": "322", "njev": "46", "status": "0", "success": "True", "message": "Optimization terminated successfully.", "x": "[ 1.03258848 -0.51276485  3.23467018  2.71056635  3.8628834  -0.23931561]", "nit": "34"}, "6": {"maxiter": 100, "gtol": 1e-10, "xrtol": 1e-10, "eps": 1e-05, "duration": 0.08968186378479004, "fun": "0.04911382043339774", "jac": "[-7.45636886e-07 -1.89545046e-06 -2.60760302e-06  7.81319454e-07\n -2.87613267e-06  3.71372932e-06]", "hess_inv": "[[ 4.31239395  3.08295301 -1.51559614  0.42333867  3.90008042  5.80286203]\n [ 3.08295301  9.34865921 -4.8056077   0.62796456  2.5085951   4.62366511]\n [-1.51559614 -4.8056077   4.79217253 -0.05214456 -2.33711335 -3.57511812]\n [ 0.42333867  0.62796456 -0.05214456  2.49080734  0.41775736  0.09986782]\n [ 3.90008042  2.5085951  -2.33711335  0.41775736 22.99952274 23.96473534]\n [ 5.80286203  4.62366511 -3.57511812  0.09986782 23.96473534 29.41979267]]", "nfev": "514", "njev": "72", "status": "2", "success": "False", "message": "Desired error not necessarily achieved due to precision loss.", "x": "[ 1.03258509 -0.51275771  3.23466739  2.71056689  3.86283471 -0.23936608]", "nit": "33"}, "7": {"maxiter": 100, "gtol": 1e-10, "xrtol": 1e-10, "eps": 1e-10, "duration": 0.08086705207824707, "fun": "0.0491138203245719", "jac": "[ 2.22044587e-06  1.11022293e-06  0.00000000e+00 -1.11022293e-06\n -1.11022293e-06 -1.11022293e-06]", "hess_inv": "[[ 1.92921508  0.41230676 -1.19144974 -1.53191929 -0.93703781  0.27604177]\n [ 0.41230676  1.1928604   0.89837474 -0.06705363 -1.80721073 -1.39352682]\n [-1.19144974  0.89837474  2.36005974  1.47796536 -1.22427177 -1.95968327]\n [-1.53191929 -0.06705363  1.47796536  1.56940459  0.28424775 -0.80324117]\n [-0.93703781 -1.80721073 -1.22427177  0.28424775  3.44557085  1.61230371]\n [ 0.27604177 -1.39352682 -1.95968327 -0.80324117  1.61230371  2.72375389]]", "nfev": "462", "njev": "66", "status": "0", "success": "True", "message": "Optimization terminated successfully.", "x": "[ 1.03259869 -0.51273781  3.23466717  2.71057422  3.86286555 -0.23933799]", "nit": "42"}, "8": {"maxiter": 500, "gtol": 1e-05, "xrtol": 1e-05, "eps": 1e-05, "duration": 0.05102896690368652, "fun": "0.049113820483015824", "jac": "[ 1.32821532e-06 -3.78215237e-06 -6.51328991e-06  1.22460930e-06\n -5.37728750e-06  6.27493613e-06]", "hess_inv": "[[ 4.09224785  3.02984172 -1.11699375  0.42995908  3.02040689  4.03249354]\n [ 3.02984172  9.44287898 -4.59945513  0.63830627  1.79924483  3.25361748]\n [-1.11699375 -4.59945513  4.19066246 -0.05167599 -1.36452256 -1.43675972]\n [ 0.42995908  0.63830627 -0.05167599  2.49299804  0.35081094  0.02867873]\n [ 3.02040689  1.79924483 -1.36452256  0.35081094 23.45654152 22.7633226 ]\n [ 4.03249354  3.25361748 -1.43675972  0.02867873 22.7633226  24.83052386]]", "nfev": "294", "njev": "42", "status": "0", "success": "True", "message": "Optimization terminated successfully.", "x": "[ 1.03259943 -0.51274434  3.23465126  2.71056711  3.86285123 -0.23933336]", "nit": "32"}, "9": {"maxiter": 500, "gtol": 1e-05, "xrtol": 1e-05, "eps": 1e-10, "duration": 0.05175137519836426, "fun": "0.049113820696319865", "jac": "[ 1.11022293e-06  1.11022293e-06 -9.99200639e-06  2.22044587e-06\n -3.33066880e-06  8.88178346e-06]", "hess_inv": "[[ 4.01738006e+00  2.93821433e+00 -1.08304305e+00  4.04252559e-01\n   2.93386094e+00  3.97130122e+00]\n [ 2.93821433e+00  9.46647285e+00 -4.63156647e+00  6.33705785e-01\n   1.86725936e+00  3.29751289e+00]\n [-1.08304305e+00 -4.63156647e+00  4.21399043e+00 -5.60561505e-02\n  -1.41006254e+00 -1.45821865e+00]\n [ 4.04252559e-01  6.33705785e-01 -5.60561505e-02  2.50006932e+00\n   3.38496410e-01  2.44663611e-02]\n [ 2.93386094e+00  1.86725936e+00 -1.41006254e+00  3.38496410e-01\n   2.35188952e+01  2.28003987e+01]\n [ 3.97130122e+00  3.29751289e+00 -1.45821865e+00  2.44663611e-02\n   2.28003987e+01  2.48689547e+01]]", "nfev": "294", "njev": "42", "status": "0", "success": "True", "message": "Optimization terminated successfully.", "x": "[ 1.03263494 -0.51270002  3.23462523  2.7105748   3.86296821 -0.23919087]", "nit": "32"}, "10": {"maxiter": 500, "gtol": 1e-05, "xrtol": 1e-10, "eps": 1e-05, "duration": 0.051637887954711914, "fun": "0.049113820483015824", "jac": "[ 1.32821532e-06 -3.78215237e-06 -6.51328991e-06  1.22460930e-06\n -5.37728750e-06  6.27493613e-06]", "hess_inv": "[[ 4.09224785  3.02984172 -1.11699375  0.42995908  3.02040689  4.03249354]\n [ 3.02984172  9.44287898 -4.59945513  0.63830627  1.79924483  3.25361748]\n [-1.11699375 -4.59945513  4.19066246 -0.05167599 -1.36452256 -1.43675972]\n [ 0.42995908  0.63830627 -0.05167599  2.49299804  0.35081094  0.02867873]\n [ 3.02040689  1.79924483 -1.36452256  0.35081094 23.45654152 22.7633226 ]\n [ 4.03249354  3.25361748 -1.43675972  0.02867873 22.7633226  24.83052386]]", "nfev": "294", "njev": "42", "status": "0", "success": "True", "message": "Optimization terminated successfully.", "x": "[ 1.03259943 -0.51274434  3.23465126  2.71056711  3.86285123 -0.23933336]", "nit": "32"}, "11": {"maxiter": 500, "gtol": 1e-05, "xrtol": 1e-10, "eps": 1e-10, "duration": 0.05152416229248047, "fun": "0.049113820696319865", "jac": "[ 1.11022293e-06  1.11022293e-06 -9.99200639e-06  2.22044587e-06\n -3.33066880e-06  8.88178346e-06]", "hess_inv": "[[ 4.01738006e+00  2.93821433e+00 -1.08304305e+00  4.04252559e-01\n   2.93386094e+00  3.97130122e+00]\n [ 2.93821433e+00  9.46647285e+00 -4.63156647e+00  6.33705785e-01\n   1.86725936e+00  3.29751289e+00]\n [-1.08304305e+00 -4.63156647e+00  4.21399043e+00 -5.60561505e-02\n  -1.41006254e+00 -1.45821865e+00]\n [ 4.04252559e-01  6.33705785e-01 -5.60561505e-02  2.50006932e+00\n   3.38496410e-01  2.44663611e-02]\n [ 2.93386094e+00  1.86725936e+00 -1.41006254e+00  3.38496410e-01\n   2.35188952e+01  2.28003987e+01]\n [ 3.97130122e+00  3.29751289e+00 -1.45821865e+00  2.44663611e-02\n   2.28003987e+01  2.48689547e+01]]", "nfev": "294", "njev": "42", "status": "0", "success": "True", "message": "Optimization terminated successfully.", "x": "[ 1.03263494 -0.51270002  3.23462523  2.7105748   3.86296821 -0.23919087]", "nit": "32"}, "12": {"maxiter": 500, "gtol": 1e-10, "xrtol": 1e-05, "eps": 1e-05, "duration": 0.052625179290771484, "fun": "0.04911382043339774", "jac": "[-7.45636886e-07 -1.89545046e-06 -2.60760302e-06  7.81319454e-07\n -2.87613267e-06  3.71372932e-06]", "hess_inv": "[[ 4.42481764  3.35519447 -1.44577064  0.45036386  2.88378782  4.25388299]\n [ 3.35519447  9.75857153 -4.92878399  0.65563427  1.75396234  3.56160621]\n [-1.44577064 -4.92878399  4.49296257 -0.0796359  -0.96817414 -1.38537278]\n [ 0.45036386  0.65563427 -0.0796359   2.49158133  0.43196331  0.13486834]\n [ 2.88378782  1.75396234 -0.96817414  0.43196331 20.50871635 19.56537143]\n [ 4.25388299  3.56160621 -1.38537278  0.13486834 19.56537143 21.7643042 ]]", "nfev": "301", "njev": "43", "status": "0", "success": "True", "message": "Optimization terminated successfully.", "x": "[ 1.03258509 -0.51275771  3.23466739  2.71056689  3.86283471 -0.23936608]", "nit": "33"}, "13": {"maxiter": 500, "gtol": 1e-10, "xrtol": 1e-05, "eps": 1e-10, "duration": 0.055109262466430664, "fun": "0.04911382038319401", "jac": "[-5.55111466e-06 -6.66133760e-06 -5.55111466e-06 -3.33066880e-06\n -4.44089173e-06  1.11022293e-06]", "hess_inv": "[[ 4.35298727  2.66650745 -0.93528986  0.55087231  2.01855912  3.84904645]\n [ 2.66650745  7.70459673 -3.4683194   0.76542598 -0.9599334   1.16576028]\n [-0.93528986 -3.4683194   3.44667436 -0.15597203  0.4384284  -0.12479977]\n [ 0.55087231  0.76542598 -0.15597203  2.52961914  0.31896464  0.18427555]\n [ 2.01855912 -0.9599334   0.4384284   0.31896464 17.8528245  17.42581559]\n [ 3.84904645  1.16576028 -0.12479977  0.18427555 17.42581559 20.75598332]]", "nfev": "322", "njev": "46", "status": "0", "success": "True", "message": "Optimization terminated successfully.", "x": "[ 1.03258848 -0.51276485  3.23467018  2.71056635  3.8628834  -0.23931561]", "nit": "34"}, "14": {"maxiter": 500, "gtol": 1e-10, "xrtol": 1e-10, "eps": 1e-05, "duration": 0.08644294738769531, "fun": "0.04911382043339774", "jac": "[-7.45636886e-07 -1.89545046e-06 -2.60760302e-06  7.81319454e-07\n -2.87613267e-06  3.71372932e-06]", "hess_inv": "[[ 4.31239395  3.08295301 -1.51559614  0.42333867  3.90008042  5.80286203]\n [ 3.08295301  9.34865921 -4.8056077   0.62796456  2.5085951   4.62366511]\n [-1.51559614 -4.8056077   4.79217253 -0.05214456 -2.33711335 -3.57511812]\n [ 0.42333867  0.62796456 -0.05214456  2.49080734  0.41775736  0.09986782]\n [ 3.90008042  2.5085951  -2.33711335  0.41775736 22.99952274 23.96473534]\n [ 5.80286203  4.62366511 -3.57511812  0.09986782 23.96473534 29.41979267]]", "nfev": "514", "njev": "72", "status": "2", "success": "False", "message": "Desired error not necessarily achieved due to precision loss.", "x": "[ 1.03258509 -0.51275771  3.23466739  2.71056689  3.86283471 -0.23936608]", "nit": "33"}, "15": {"maxiter": 500, "gtol": 1e-10, "xrtol": 1e-10, "eps": 1e-10, "duration": 0.07816815376281738, "fun": "0.0491138203245719", "jac": "[ 2.22044587e-06  1.11022293e-06  0.00000000e+00 -1.11022293e-06\n -1.11022293e-06 -1.11022293e-06]", "hess_inv": "[[ 1.92921508  0.41230676 -1.19144974 -1.53191929 -0.93703781  0.27604177]\n [ 0.41230676  1.1928604   0.89837474 -0.06705363 -1.80721073 -1.39352682]\n [-1.19144974  0.89837474  2.36005974  1.47796536 -1.22427177 -1.95968327]\n [-1.53191929 -0.06705363  1.47796536  1.56940459  0.28424775 -0.80324117]\n [-0.93703781 -1.80721073 -1.22427177  0.28424775  3.44557085  1.61230371]\n [ 0.27604177 -1.39352682 -1.95968327 -0.80324117  1.61230371  2.72375389]]", "nfev": "462", "njev": "66", "status": "0", "success": "True", "message": "Optimization terminated successfully.", "x": "[ 1.03259869 -0.51273781  3.23466717  2.71057422  3.86286555 -0.23933799]", "nit": "42"}, "16": {"maxiter": 1000, "gtol": 1e-05, "xrtol": 1e-05, "eps": 1e-05, "duration": 0.051360130310058594, "fun": "0.049113820483015824", "jac": "[ 1.32821532e-06 -3.78215237e-06 -6.51328991e-06  1.22460930e-06\n -5.37728750e-06  6.27493613e-06]", "hess_inv": "[[ 4.09224785  3.02984172 -1.11699375  0.42995908  3.02040689  4.03249354]\n [ 3.02984172  9.44287898 -4.59945513  0.63830627  1.79924483  3.25361748]\n [-1.11699375 -4.59945513  4.19066246 -0.05167599 -1.36452256 -1.43675972]\n [ 0.42995908  0.63830627 -0.05167599  2.49299804  0.35081094  0.02867873]\n [ 3.02040689  1.79924483 -1.36452256  0.35081094 23.45654152 22.7633226 ]\n [ 4.03249354  3.25361748 -1.43675972  0.02867873 22.7633226  24.83052386]]", "nfev": "294", "njev": "42", "status": "0", "success": "True", "message": "Optimization terminated successfully.", "x": "[ 1.03259943 -0.51274434  3.23465126  2.71056711  3.86285123 -0.23933336]", "nit": "32"}, "17": {"maxiter": 1000, "gtol": 1e-05, "xrtol": 1e-05, "eps": 1e-10, "duration": 0.05299091339111328, "fun": "0.049113820696319865", "jac": "[ 1.11022293e-06  1.11022293e-06 -9.99200639e-06  2.22044587e-06\n -3.33066880e-06  8.88178346e-06]", "hess_inv": "[[ 4.01738006e+00  2.93821433e+00 -1.08304305e+00  4.04252559e-01\n   2.93386094e+00  3.97130122e+00]\n [ 2.93821433e+00  9.46647285e+00 -4.63156647e+00  6.33705785e-01\n   1.86725936e+00  3.29751289e+00]\n [-1.08304305e+00 -4.63156647e+00  4.21399043e+00 -5.60561505e-02\n  -1.41006254e+00 -1.45821865e+00]\n [ 4.04252559e-01  6.33705785e-01 -5.60561505e-02  2.50006932e+00\n   3.38496410e-01  2.44663611e-02]\n [ 2.93386094e+00  1.86725936e+00 -1.41006254e+00  3.38496410e-01\n   2.35188952e+01  2.28003987e+01]\n [ 3.97130122e+00  3.29751289e+00 -1.45821865e+00  2.44663611e-02\n   2.28003987e+01  2.48689547e+01]]", "nfev": "294", "njev": "42", "status": "0", "success": "True", "message": "Optimization terminated successfully.", "x": "[ 1.03263494 -0.51270002  3.23462523  2.7105748   3.86296821 -0.23919087]", "nit": "32"}, "18": {"maxiter": 1000, "gtol": 1e-05, "xrtol": 1e-10, "eps": 1e-05, "duration": 0.053108930587768555, "fun": "0.049113820483015824", "jac": "[ 1.32821532e-06 -3.78215237e-06 -6.51328991e-06  1.22460930e-06\n -5.37728750e-06  6.27493613e-06]", "hess_inv": "[[ 4.09224785  3.02984172 -1.11699375  0.42995908  3.02040689  4.03249354]\n [ 3.02984172  9.44287898 -4.59945513  0.63830627  1.79924483  3.25361748]\n [-1.11699375 -4.59945513  4.19066246 -0.05167599 -1.36452256 -1.43675972]\n [ 0.42995908  0.63830627 -0.05167599  2.49299804  0.35081094  0.02867873]\n [ 3.02040689  1.79924483 -1.36452256  0.35081094 23.45654152 22.7633226 ]\n [ 4.03249354  3.25361748 -1.43675972  0.02867873 22.7633226  24.83052386]]", "nfev": "294", "njev": "42", "status": "0", "success": "True", "message": "Optimization terminated successfully.", "x": "[ 1.03259943 -0.51274434  3.23465126  2.71056711  3.86285123 -0.23933336]", "nit": "32"}, "19": {"maxiter": 1000, "gtol": 1e-05, "xrtol": 1e-10, "eps": 1e-10, "duration": 0.05279803276062012, "fun": "0.049113820696319865", "jac": "[ 1.11022293e-06  1.11022293e-06 -9.99200639e-06  2.22044587e-06\n -3.33066880e-06  8.88178346e-06]", "hess_inv": "[[ 4.01738006e+00  2.93821433e+00 -1.08304305e+00  4.04252559e-01\n   2.93386094e+00  3.97130122e+00]\n [ 2.93821433e+00  9.46647285e+00 -4.63156647e+00  6.33705785e-01\n   1.86725936e+00  3.29751289e+00]\n [-1.08304305e+00 -4.63156647e+00  4.21399043e+00 -5.60561505e-02\n  -1.41006254e+00 -1.45821865e+00]\n [ 4.04252559e-01  6.33705785e-01 -5.60561505e-02  2.50006932e+00\n   3.38496410e-01  2.44663611e-02]\n [ 2.93386094e+00  1.86725936e+00 -1.41006254e+00  3.38496410e-01\n   2.35188952e+01  2.28003987e+01]\n [ 3.97130122e+00  3.29751289e+00 -1.45821865e+00  2.44663611e-02\n   2.28003987e+01  2.48689547e+01]]", "nfev": "294", "njev": "42", "status": "0", "success": "True", "message": "Optimization terminated successfully.", "x": "[ 1.03263494 -0.51270002  3.23462523  2.7105748   3.86296821 -0.23919087]", "nit": "32"}, "20": {"maxiter": 1000, "gtol": 1e-10, "xrtol": 1e-05, "eps": 1e-05, "duration": 0.05371904373168945, "fun": "0.04911382043339774", "jac": "[-7.45636886e-07 -1.89545046e-06 -2.60760302e-06  7.81319454e-07\n -2.87613267e-06  3.71372932e-06]", "hess_inv": "[[ 4.42481764  3.35519447 -1.44577064  0.45036386  2.88378782  4.25388299]\n [ 3.35519447  9.75857153 -4.92878399  0.65563427  1.75396234  3.56160621]\n [-1.44577064 -4.92878399  4.49296257 -0.0796359  -0.96817414 -1.38537278]\n [ 0.45036386  0.65563427 -0.0796359   2.49158133  0.43196331  0.13486834]\n [ 2.88378782  1.75396234 -0.96817414  0.43196331 20.50871635 19.56537143]\n [ 4.25388299  3.56160621 -1.38537278  0.13486834 19.56537143 21.7643042 ]]", "nfev": "301", "njev": "43", "status": "0", "success": "True", "message": "Optimization terminated successfully.", "x": "[ 1.03258509 -0.51275771  3.23466739  2.71056689  3.86283471 -0.23936608]", "nit": "33"}, "21": {"maxiter": 1000, "gtol": 1e-10, "xrtol": 1e-05, "eps": 1e-10, "duration": 0.05730605125427246, "fun": "0.04911382038319401", "jac": "[-5.55111466e-06 -6.66133760e-06 -5.55111466e-06 -3.33066880e-06\n -4.44089173e-06  1.11022293e-06]", "hess_inv": "[[ 4.35298727  2.66650745 -0.93528986  0.55087231  2.01855912  3.84904645]\n [ 2.66650745  7.70459673 -3.4683194   0.76542598 -0.9599334   1.16576028]\n [-0.93528986 -3.4683194   3.44667436 -0.15597203  0.4384284  -0.12479977]\n [ 0.55087231  0.76542598 -0.15597203  2.52961914  0.31896464  0.18427555]\n [ 2.01855912 -0.9599334   0.4384284   0.31896464 17.8528245  17.42581559]\n [ 3.84904645  1.16576028 -0.12479977  0.18427555 17.42581559 20.75598332]]", "nfev": "322", "njev": "46", "status": "0", "success": "True", "message": "Optimization terminated successfully.", "x": "[ 1.03258848 -0.51276485  3.23467018  2.71056635  3.8628834  -0.23931561]", "nit": "34"}, "22": {"maxiter": 1000, "gtol": 1e-10, "xrtol": 1e-10, "eps": 1e-05, "duration": 0.09099221229553223, "fun": "0.04911382043339774", "jac": "[-7.45636886e-07 -1.89545046e-06 -2.60760302e-06  7.81319454e-07\n -2.87613267e-06  3.71372932e-06]", "hess_inv": "[[ 4.31239395  3.08295301 -1.51559614  0.42333867  3.90008042  5.80286203]\n [ 3.08295301  9.34865921 -4.8056077   0.62796456  2.5085951   4.62366511]\n [-1.51559614 -4.8056077   4.79217253 -0.05214456 -2.33711335 -3.57511812]\n [ 0.42333867  0.62796456 -0.05214456  2.49080734  0.41775736  0.09986782]\n [ 3.90008042  2.5085951  -2.33711335  0.41775736 22.99952274 23.96473534]\n [ 5.80286203  4.62366511 -3.57511812  0.09986782 23.96473534 29.41979267]]", "nfev": "514", "njev": "72", "status": "2", "success": "False", "message": "Desired error not necessarily achieved due to precision loss.", "x": "[ 1.03258509 -0.51275771  3.23466739  2.71056689  3.86283471 -0.23936608]", "nit": "33"}, "23": {"maxiter": 1000, "gtol": 1e-10, "xrtol": 1e-10, "eps": 1e-10, "duration": 0.08153700828552246, "fun": "0.0491138203245719", "jac": "[ 2.22044587e-06  1.11022293e-06  0.00000000e+00 -1.11022293e-06\n -1.11022293e-06 -1.11022293e-06]", "hess_inv": "[[ 1.92921508  0.41230676 -1.19144974 -1.53191929 -0.93703781  0.27604177]\n [ 0.41230676  1.1928604   0.89837474 -0.06705363 -1.80721073 -1.39352682]\n [-1.19144974  0.89837474  2.36005974  1.47796536 -1.22427177 -1.95968327]\n [-1.53191929 -0.06705363  1.47796536  1.56940459  0.28424775 -0.80324117]\n [-0.93703781 -1.80721073 -1.22427177  0.28424775  3.44557085  1.61230371]\n [ 0.27604177 -1.39352682 -1.95968327 -0.80324117  1.61230371  2.72375389]]", "nfev": "462", "njev": "66", "status": "0", "success": "True", "message": "Optimization terminated successfully.", "x": "[ 1.03259869 -0.51273781  3.23466717  2.71057422  3.86286555 -0.23933799]", "nit": "42"}}, "cobyla": {"0": {"maxiter": 100, "tol": 1e-05, "catol": 1e-05, "duration": 0.016587018966674805, "x": "[ 1.02045626 -0.42095191  3.18154298  2.72560078  3.59358335 -0.51961315]", "status": "2", "success": "False", "message": "Maximum number of function evaluations has been exceeded.", "nfev": "100", "fun": "0.05142556997938963", "maxcv": "0.0"}, "1": {"maxiter": 100, "tol": 1e-05, "catol": 1e-10, "duration": 0.016505956649780273, "x": "[ 1.02045626 -0.42095191  3.18154298  2.72560078  3.59358335 -0.51961315]", "status": "2", "success": "False", "message": "Maximum number of function evaluations has been exceeded.", "nfev": "100", "fun": "0.05142556997938963", "maxcv": "0.0"}, "2": {"maxiter": 100, "tol": 1e-10, "catol": 1e-05, "duration": 0.016496896743774414, "x": "[ 1.02045626 -0.42095191  3.18154298  2.72560078  3.59358335 -0.51961315]", "status": "2", "success": "False", "message": "Maximum number of function evaluations has been exceeded.", "nfev": "100", "fun": "0.05142556997938963", "maxcv": "0.0"}, "3": {"maxiter": 100, "tol": 1e-10, "catol": 1e-10, "duration": 0.016822099685668945, "x": "[ 1.02045626 -0.42095191  3.18154298  2.72560078  3.59358335 -0.51961315]", "status": "2", "success": "False", "message": "Maximum number of function evaluations has been exceeded.", "nfev": "100", "fun": "0.05142556997938963", "maxcv": "0.0"}, "4": {"maxiter": 500, "tol": 1e-05, "catol": 1e-05, "duration": 0.08267498016357422, "x": "[ 1.03204263 -0.51313589  3.23512519  2.71047334  3.85953942 -0.24330496]", "status": "2", "success": "False", "message": "Maximum number of function evaluations has been exceeded.", "nfev": "500", "fun": "0.049114084822210025", "maxcv": "0.0"}, "5": {"maxiter": 500, "tol": 1e-05, "catol": 1e-10, "duration": 0.08273887634277344, "x": "[ 1.03204263 -0.51313589  3.23512519  2.7104