{"date": "2024/07/18/, 23:43:30", "conf_id": 110, "data_type": "orthogonal\n", "num_data_points": 2, "s_rank": 0, "unitary": "[[-0.45070455-0.02711853j,0.78437395-0.06613086j,0.06358678+0.19963393j,-0.07343613+0.35668523j],[-0.01890143-0.03813363j,0.32408202+0.25557629j,0.05872864-0.68979805j,0.55466693-0.20227297j],[-0.11215405+0.64023111j,-0.13344055+0.29565494j,-0.49012687-0.19046288j,-0.04241254+0.44046348j],[0.55771659+0.24656916j,0.31851997-0.05798805j,0.28761525-0.34294258j,-0.56718418+0.03616933j]]", "databatch_0": {"databatch": "[[[0.09092896+0.09642186j,0.09621321+0.12462495j,-0.33765654-0.06859102j,0.16044709-0.28082755j],[-0.17144722-0.08769186j,-0.06751776+0.0272238j,0.0568968-0.28625246j,0.08015496+0.10987716j],[0.43605381+0.12829223j,-0.02359865-0.04571064j,0.52712651+0.05551604j,0.09771971+0.17217013j],[0.09230749-0.0886976j,-0.00966056+0.11404768j,0.08025153+0.01666475j,0.08786707-0.1222783j]],[[-0.12171774-0.11776163j,0.11114114+0.29714649j,0.31413298+0.17742565j,-0.06646385-0.25059594j],[-0.05791938-0.2058172j,-0.13822044-0.23311098j,-0.10571004+0.14982426j,-0.18845387+0.16618656j],[-0.12036436-0.01361139j,-0.03430485+0.18102562j,0.26836887+0.15597897j,0.01136822-0.01565543j],[-0.33402332+0.19316201j,0.16343863+0.14534931j,-0.25505067+0.09229175j,-0.09957882-0.17839794j]]]", "initial param values": "[3.49438176,1.44200469,2.97107274,3.06189458,5.04776372,2.50912734]", "nelder_mead": {"type": "gradient-free", "0": {"maxiter": 100, "fatol": 1e-05, "xatol": 1e-05, "duration": 0.025249004364013672, "fun": "0.41994751025535737", "nit": "100", "nfev": "152", "status": "2", "success": "False", "message": "Maximum number of iterations has been exceeded.", "x": "[0.75114361 0.47139188 1.73304273 1.14327448 4.16564174 5.55371312]", "final_simplex": "(array([[0.75114361, 0.47139188, 1.73304273, 1.14327448, 4.16564174,\n        5.55371312],\n       [0.65331577, 0.48437549, 1.77328203, 0.999472  , 4.26448365,\n        5.59889255],\n       [0.67369942, 0.55545571, 1.84213153, 1.14866174, 4.34460818,\n        5.45351938],\n       [0.61313352, 0.59070995, 1.77893221, 1.17996458, 4.42510015,\n        5.50804504],\n       [0.50393022, 0.4686214 , 1.90790116, 1.01133598, 4.40062874,\n        5.44777387],\n       [0.68518269, 0.40965032, 1.80609514, 0.9569588 , 4.27431134,\n        5.60335211],\n       [0.76769727, 0.50283737, 1.92767817, 1.02054308, 4.46999255,\n        5.36314207]]), array([0.41994751, 0.42573837, 0.42616849, 0.42635089, 0.42644836,\n       0.4296207 , 0.43003692]))"}, "1": {"maxiter": 100, "fatol": 1e-05, "xatol": 1e-10, "duration": 0.025184154510498047, "fun": "0.41994751025535737", "nit": "100", "nfev": "152", "status": "2", "success": "False", "message": "Maximum number of iterations has been exceeded.", "x": "[0.75114361 0.47139188 1.73304273 1.14327448 4.16564174 5.55371312]", "final_simplex": "(array([[0.75114361, 0.47139188, 1.73304273, 1.14327448, 4.16564174,\n        5.55371312],\n       [0.65331577, 0.48437549, 1.77328203, 0.999472  , 4.26448365,\n        5.59889255],\n       [0.67369942, 0.55545571, 1.84213153, 1.14866174, 4.34460818,\n        5.45351938],\n       [0.61313352, 0.59070995, 1.77893221, 1.17996458, 4.42510015,\n        5.50804504],\n       [0.50393022, 0.4686214 , 1.90790116, 1.01133598, 4.40062874,\n        5.44777387],\n       [0.68518269, 0.40965032, 1.80609514, 0.9569588 , 4.27431134,\n        5.60335211],\n       [0.76769727, 0.50283737, 1.92767817, 1.02054308, 4.46999255,\n        5.36314207]]), array([0.41994751, 0.42573837, 0.42616849, 0.42635089, 0.42644836,\n       0.4296207 , 0.43003692]))"}, "2": {"maxiter": 100, "fatol": 1e-10, "xatol": 1e-05, "duration": 0.0252532958984375, "fun": "0.41994751025535737", "nit": "100", "nfev": "152", "status": "2", "success": "False", "message": "Maximum number of iterations has been exceeded.", "x": "[0.75114361 0.47139188 1.73304273 1.14327448 4.16564174 5.55371312]", "final_simplex": "(array([[0.75114361, 0.47139188, 1.73304273, 1.14327448, 4.16564174,\n        5.55371312],\n       [0.65331577, 0.48437549, 1.77328203, 0.999472  , 4.26448365,\n        5.59889255],\n       [0.67369942, 0.55545571, 1.84213153, 1.14866174, 4.34460818,\n        5.45351938],\n       [0.61313352, 0.59070995, 1.77893221, 1.17996458, 4.42510015,\n        5.50804504],\n       [0.50393022, 0.4686214 , 1.90790116, 1.01133598, 4.40062874,\n        5.44777387],\n       [0.68518269, 0.40965032, 1.80609514, 0.9569588 , 4.27431134,\n        5.60335211],\n       [0.76769727, 0.50283737, 1.92767817, 1.02054308, 4.46999255,\n        5.36314207]]), array([0.41994751, 0.42573837, 0.42616849, 0.42635089, 0.42644836,\n       0.4296207 , 0.43003692]))"}, "3": {"maxiter": 100, "fatol": 1e-10, "xatol": 1e-10, "duration": 0.025255918502807617, "fun": "0.41994751025535737", "nit": "100", "nfev": "152", "status": "2", "success": "False", "message": "Maximum number of iterations has been exceeded.", "x": "[0.75114361 0.47139188 1.73304273 1.14327448 4.16564174 5.55371312]", "final_simplex": "(array([[0.75114361, 0.47139188, 1.73304273, 1.14327448, 4.16564174,\n        5.55371312],\n       [0.65331577, 0.48437549, 1.77328203, 0.999472  , 4.26448365,\n        5.59889255],\n       [0.67369942, 0.55545571, 1.84213153, 1.14866174, 4.34460818,\n        5.45351938],\n       [0.61313352, 0.59070995, 1.77893221, 1.17996458, 4.42510015,\n        5.50804504],\n       [0.50393022, 0.4686214 , 1.90790116, 1.01133598, 4.40062874,\n        5.44777387],\n       [0.68518269, 0.40965032, 1.80609514, 0.9569588 , 4.27431134,\n        5.60335211],\n       [0.76769727, 0.50283737, 1.92767817, 1.02054308, 4.46999255,\n        5.36314207]]), array([0.41994751, 0.42573837, 0.42616849, 0.42635089, 0.42644836,\n       0.4296207 , 0.43003692]))"}, "4": {"maxiter": 500, "fatol": 1e-05, "xatol": 1e-05, "duration": 0.1117088794708252, "fun": "0.3296107102493735", "nit": "432", "nfev": "676", "status": "0", "success": "True", "message": "Optimization terminated successfully.", "x": "[0.96395795 1.01537907 0.85006649 1.33472733 4.18170232 5.0191042 ]", "final_simplex": "(array([[0.96395795, 1.01537907, 0.85006649, 1.33472733, 4.18170232,\n        5.0191042 ],\n       [0.96395992, 1.01537591, 0.85007066, 1.33473315, 4.18170178,\n        5.01910007],\n       [0.96396281, 1.01537531, 0.85006982, 1.334729  , 4.18170064,\n        5.01910341],\n       [0.96396014, 1.01537441, 0.85006059, 1.33473219, 4.18170048,\n        5.01910284],\n       [0.9639577 , 1.01537214, 0.85007009, 1.33473154, 4.18170614,\n        5.01910768],\n       [0.96396477, 1.0153817 , 0.85006202, 1.33473667, 4.18170424,\n        5.01910563],\n       [0.96395968, 1.01538158, 0.85006139, 1.3347347 , 4.18169978,\n        5.0191101 ]]), array([0.32961071, 0.32961071, 0.32961071, 0.32961071, 0.32961071,\n       0.32961071, 0.32961071]))"}, "5": {"maxiter": 500, "fatol": 1e-05, "xatol": 1e-10, "duration": 0.13248801231384277, "fun": "0.3296107102459508", "nit": "500", "nfev": "799", "status": "2", "success": "False", "message": "Maximum number of iterations has been exceeded.", "x": "[0.96395822 1.01537847 0.85006577 1.3347304  4.18170459 5.01910137]", "final_simplex": "(array([[0.96395822, 1.01537847, 0.85006577, 1.3347304 , 4.18170459,\n        5.01910137],\n       [0.96395824, 1.01537848, 0.85006575, 1.33473043, 4.1817046 ,\n        5.01910137],\n       [0.96395823, 1.01537846, 0.85006578, 1.33473041, 4.18170461,\n        5.01910136],\n       [0.96395823, 1.01537845, 0.85006578, 1.33473041, 4.1817046 ,\n        5.01910137],\n       [0.96395824, 1.01537847, 0.8500658 , 1.33473039, 4.1817046 ,\n        5.01910135],\n       [0.96395825, 1.01537846, 0.85006579, 1.33473039, 4.18170461,\n        5.01910137],\n       [0.96395824, 1.01537846, 0.85006577, 1.3347304 , 4.1817046 ,\n        5.01910136]]), array([0.32961071, 0.32961071, 0.32961071, 0.32961071, 0.32961071,\n       0.32961071, 0.32961071]))"}, "6": {"maxiter": 500, "fatol": 1e-10, "xatol": 1e-05, "duration": 0.11209297180175781, "fun": "0.3296107102493735", "nit": "432", "nfev": "676", "status": "0", "success": "True", "message": "Optimization terminated successfully.", "x": "[0.96395795 1.01537907 0.85006649 1.33472733 4.18170232 5.0191042 ]", "final_simplex": "(array([[0.96395795, 1.01537907, 0.85006649, 1.33472733, 4.18170232,\n        5.0191042 ],\n       [0.96395992, 1.01537591, 0.85007066, 1.33473315, 4.18170178,\n        5.01910007],\n       [0.96396281, 1.01537531, 0.85006982, 1.334729  , 4.18170064,\n        5.01910341],\n       [0.96396014, 1.01537441, 0.85006059, 1.33473219, 4.18170048,\n        5.01910284],\n       [0.9639577 , 1.01537214, 0.85007009, 1.33473154, 4.18170614,\n        5.01910768],\n       [0.96396477, 1.0153817 , 0.85006202, 1.33473667, 4.18170424,\n        5.01910563],\n       [0.96395968, 1.01538158, 0.85006139, 1.3347347 , 4.18169978,\n        5.0191101 ]]), array([0.32961071, 0.32961071, 0.32961071, 0.32961071, 0.32961071,\n       0.32961071, 0.32961071]))"}, "7": {"maxiter": 500, "fatol": 1e-10, "xatol": 1e-10, "duration": 0.13231992721557617, "fun": "0.3296107102459508", "nit": "500", "nfev": "799", "status": "2", "success": "False", "message": "Maximum number of iterations has been exceeded.", "x": "[0.96395822 1.01537847 0.85006577 1.3347304  4.18170459 5.01910137]", "final_simplex": "(array([[0.96395822, 1.01537847, 0.85006577, 1.3347304 , 4.18170459,\n        5.01910137],\n       [0.96395824, 1.01537848, 0.85006575, 1.33473043, 4.1817046 ,\n        5.01910137],\n       [0.96395823, 1.01537846, 0.85006578, 1.33473041, 4.18170461,\n        5.01910136],\n       [0.96395823, 1.01537845, 0.85006578, 1.33473041, 4.1817046 ,\n        5.01910137],\n       [0.96395824, 1.01537847, 0.8500658 , 1.33473039, 4.1817046 ,\n        5.01910135],\n       [0.96395825, 1.01537846, 0.85006579, 1.33473039, 4.18170461,\n        5.01910137],\n       [0.96395824, 1.01537846, 0.85006577, 1.3347304 , 4.1817046 ,\n        5.01910136]]), array([0.32961071, 0.32961071, 0.32961071, 0.32961071, 0.32961071,\n       0.32961071, 0.32961071]))"}, "8": {"maxiter": 1000, "fatol": 1e-05, "xatol": 1e-05, "duration": 0.11203622817993164, "fun": "0.3296107102493735", "nit": "432", "nfev": "676", "status": "0", "success": "True", "message": "Optimization terminated successfully.", "x": "[0.96395795 1.01537907 0.85006649 1.33472733 4.18170232 5.0191042 ]", "final_simplex": "(array([[0.96395795, 1.01537907, 0.85006649, 1.33472733, 4.18170232,\n        5.0191042 ],\n       [0.96395992, 1.01537591, 0.85007066, 1.33473315, 4.18170178,\n        5.01910007],\n       [0.96396281, 1.01537531, 0.85006982, 1.334729  , 4.18170064,\n        5.01910341],\n       [0.96396014, 1.01537441, 0.85006059, 1.33473219, 4.18170048,\n        5.01910284],\n       [0.9639577 , 1.01537214, 0.85007009, 1.33473154, 4.18170614,\n        5.01910768],\n       [0.96396477, 1.0153817 , 0.85006202, 1.33473667, 4.18170424,\n        5.01910563],\n       [0.96395968, 1.01538158, 0.85006139, 1.3347347 , 4.18169978,\n        5.0191101 ]]), array([0.32961071, 0.32961071, 0.32961071, 0.32961071, 0.32961071,\n       0.32961071, 0.32961071]))"}, "9": {"maxiter": 1000, "fatol": 1e-05, "xatol": 1e-10, "duration": 0.14768671989440918, "fun": "0.32961071024595057", "nit": "529", "nfev": "895", "status": "0", "success": "True", "message": "Optimization terminated successfully.", "x": "[0.96395823 1.01537847 0.85006579 1.3347304  4.1817046  5.01910137]", "final_simplex": "(array([[0.96395823, 1.01537847, 0.85006579, 1.3347304 , 4.1817046 ,\n        5.01910137],\n       [0.96395823, 1.01537847, 0.85006579, 1.3347304 , 4.1817046 ,\n        5.01910137],\n       [0.96395823, 1.01537847, 0.85006579, 1.3347304 , 4.1817046 ,\n        5.01910137],\n       [0.96395823, 1.01537847, 0.85006579, 1.3347304 , 4.1817046 ,\n        5.01910137],\n       [0.96395823, 1.01537847, 0.85006579, 1.3347304 , 4.1817046 ,\n        5.01910137],\n       [0.96395823, 1.01537847, 0.85006579, 1.3347304 , 4.1817046 ,\n        5.01910137],\n       [0.96395823, 1.01537847, 0.85006579, 1.3347304 , 4.1817046 ,\n        5.01910137]]), array([0.32961071, 0.32961071, 0.32961071, 0.32961071, 0.32961071,\n       0.32961071, 0.32961071]))"}, "10": {"maxiter": 1000, "fatol": 1e-10, "xatol": 1e-05, "duration": 0.1126861572265625, "fun": "0.3296107102493735", "nit": "432", "nfev": "676", "status": "0", "success": "True", "message": "Optimization terminated successfully.", "x": "[0.96395795 1.01537907 0.85006649 1.33472733 4.18170232 5.0191042 ]", "final_simplex": "(array([[0.96395795, 1.01537907, 0.85006649, 1.33472733, 4.18170232,\n        5.0191042 ],\n       [0.96395992, 1.01537591, 0.85007066, 1.33473315, 4.18170178,\n        5.01910007],\n       [0.96396281, 1.01537531, 0.85006982, 1.334729  , 4.18170064,\n        5.01910341],\n       [0.96396014, 1.01537441, 0.85006059, 1.33473219, 4.18170048,\n        5.01910284],\n       [0.9639577 , 1.01537214, 0.85007009, 1.33473154, 4.18170614,\n        5.01910768],\n       [0.96396477, 1.0153817 , 0.85006202, 1.33473667, 4.18170424,\n        5.01910563],\n       [0.96395968, 1.01538158, 0.85006139, 1.3347347 , 4.18169978,\n        5.0191101 ]]), array([0.32961071, 0.32961071, 0.32961071, 0.32961071, 0.32961071,\n       0.32961071, 0.32961071]))"}, "11": {"maxiter": 1000, "fatol": 1e-10, "xatol": 1e-10, "duration": 0.14987635612487793, "fun": "0.32961071024595057", "nit": "529", "nfev": "895", "status": "0", "success": "True", "message": "Optimization terminated successfully.", "x": "[0.96395823 1.01537847 0.85006579 1.3347304  4.1817046  5.01910137]", "final_simplex": "(array([[0.96395823, 1.01537847, 0.85006579, 1.3347304 , 4.1817046 ,\n        5.01910137],\n       [0.96395823, 1.01537847, 0.85006579, 1.3347304 , 4.1817046 ,\n        5.01910137],\n       [0.96395823, 1.01537847, 0.85006579, 1.3347304 , 4.1817046 ,\n        5.01910137],\n       [0.96395823, 1.01537847, 0.85006579, 1.3347304 , 4.1817046 ,\n        5.01910137],\n       [0.96395823, 1.01537847, 0.85006579, 1.3347304 , 4.1817046 ,\n        5.01910137],\n       [0.96395823, 1.01537847, 0.85006579, 1.3347304 , 4.1817046 ,\n        5.01910137],\n       [0.96395823, 1.01537847, 0.85006579, 1.3347304 , 4.1817046 ,\n        5.01910137]]), array([0.32961071, 0.32961071, 0.32961071, 0.32961071, 0.32961071,\n       0.32961071, 0.32961071]))"}}, "bfgs": {"type": "gradient", "0": {"maxiter": 100, "gtol": 1e-05, "xrtol": 1e-05, "eps": 1e-05, "duration": 0.0408320426940918, "fun": "0.3296107102702577", "jac": "[ 4.13724610e-07  1.38788980e-07  2.26429986e-07 -7.96296362e-07\n -5.33406652e-07 -3.55049323e-08]", "hess_inv": "[[ 4.15012699  0.04412642 -0.90241549  1.6482283  -1.21262244 -0.02071332]\n [ 0.04412642  4.37111205 -2.42236885 -0.08873364 -0.02018233 -0.02268375]\n [-0.90241549 -2.42236885  5.23028947 -1.46027862  1.60144145 -0.80840481]\n [ 1.6482283  -0.08873364 -1.46027862  4.12239364 -1.11882466  0.8397109 ]\n [-1.21262244 -0.02018233  1.60144145 -1.11882466  4.05369424 -1.07992373]\n [-0.02071332 -0.02268375 -0.80840481  0.8397109  -1.07992373  4.45711942]]", "nfev": "238", "njev": "34", "status": "0", "success": "True", "message": "Optimization terminated successfully.", "x": "[0.96395417 1.0153754  0.85006461 1.33472177 4.18169889 5.01909702]", "nit": "25"}, "1": {"maxiter": 100, "gtol": 1e-05, "xrtol": 1e-05, "eps": 1e-10, "duration": 0.03946399688720703, "fun": "0.32961071057638414", "jac": "[ 5.55111466e-06 -1.11022293e-06 -7.77156053e-06 -9.99200639e-06\n -2.22044587e-06 -2.22044587e-06]", "hess_inv": "[[ 4.12230958  0.02811801 -0.8734502   1.7191218  -1.2470319   0.03826894]\n [ 0.02811801  4.39262774 -2.39010032 -0.06351286 -0.08762208  0.11408041]\n [-0.8734502  -2.39010032  5.15677149 -1.61355021  1.66300417 -0.95925726]\n [ 1.7191218  -0.06351286 -1.61355021  3.98792251 -1.02562448  0.55746911]\n [-1.2470319  -0.08762208  1.66300417 -1.02562448  4.08954807 -1.09076393]\n [ 0.03826894  0.11408041 -0.95925726  0.55746911 -1.09076393  4.36112165]]", "nfev": "231", "njev": "33", "status": "0", "success": "True", "message": "Optimization terminated successfully.", "x": "[0.96397625 1.01539411 0.85004207 1.33470206 4.18169317 5.01908381]", "nit": "24"}, "2": {"maxiter": 100, "gtol": 1e-05, "xrtol": 1e-10, "eps": 1e-05, "duration": 0.04095101356506348, "fun": "0.3296107102702577", "jac": "[ 4.13724610e-07  1.38788980e-07  2.26429986e-07 -7.96296362e-07\n -5.33406652e-07 -3.55049323e-08]", "hess_inv": "[[ 4.15012699  0.04412642 -0.90241549  1.6482283  -1.21262244 -0.02071332]\n [ 0.04412642  4.37111205 -2.42236885 -0.08873364 -0.02018233 -0.02268375]\n [-0.90241549 -2.42236885  5.23028947 -1.46027862  1.60144145 -0.80840481]\n [ 1.6482283  -0.08873364 -1.46027862  4.12239364 -1.11882466  0.8397109 ]\n [-1.21262244 -0.02018233  1.60144145 -1.11882466  4.05369424 -1.07992373]\n [-0.02071332 -0.02268375 -0.80840481  0.8397109  -1.07992373  4.45711942]]", "nfev": "238", "njev": "34", "status": "0", "success": "True", "message": "Optimization terminated successfully.", "x": "[0.96395417 1.0153754  0.85006461 1.33472177 4.18169889 5.01909702]", "nit": "25"}, "3": {"maxiter": 100, "gtol": 1e-05, "xrtol": 1e-10, "eps": 1e-10, "duration": 0.039465904235839844, "fun": "0.32961071057638414", "jac": "[ 5.55111466e-06 -1.11022293e-06 -7.77156053e-06 -9.99200639e-06\n -2.22044587e-06 -2.22044587e-06]", "hess_inv": "[[ 4.12230958  0.02811801 -0.8734502   1.7191218  -1.2470319   0.03826894]\n [ 0.02811801  4.39262774 -2.39010032 -0.06351286 -0.08762208  0.11408041]\n [-0.8734502  -2.39010032  5.15677149 -1.61355021  1.66300417 -0.95925726]\n [ 1.7191218  -0.06351286 -1.61355021  3.98792251 -1.02562448  0.55746911]\n [-1.2470319  -0.08762208  1.66300417 -1.02562448  4.08954807 -1.09076393]\n [ 0.03826894  0.11408041 -0.95925726  0.55746911 -1.09076393  4.36112165]]", "nfev": "231", "njev": "33", "status": "0", "success": "True", "message": "Optimization terminated successfully.", "x": "[0.96397625 1.01539411 0.85004207 1.33470206 4.18169317 5.01908381]", "nit": "24"}, "4": {"maxiter": 100, "gtol": 1e-10, "xrtol": 1e-05, "eps": 1e-05, "duration": 0.04065990447998047, "fun": "0.3296107102702577", "jac": "[ 4.13724610e-07  1.38788980e-07  2.26429986e-07 -7.96296362e-07\n -5.33406652e-07 -3.55049323e-08]", "hess_inv": "[[ 4.15012699  0.04412642 -0.90241549  1.6482283  -1.21262244 -0.02071332]\n [ 0.04412642  4.37111205 -2.42236885 -0.08873364 -0.02018233 -0.02268375]\n [-0.90241549 -2.42236885  5.23028947 -1.46027862  1.60144145 -0.80840481]\n [ 1.6482283  -0.08873364 -1.46027862  4.12239364 -1.11882466  0.8397109 ]\n [-1.21262244 -0.02018233  1.60144145 -1.11882466  4.05369424 -1.07992373]\n [-0.02071332 -0.02268375 -0.80840481  0.8397109  -1.07992373  4.45711942]]", "nfev": "238", "njev": "34", "status": "0", "success": "True", "message": "Optimization terminated successfully.", "x": "[0.96395417 1.0153754  0.85006461 1.33472177 4.18169889 5.01909702]", "nit": "25"}, "5": {"maxiter": 100, "gtol": 1e-10, "xrtol": 1e-05, "eps": 1e-10, "duration": 0.04065990447998047, "fun": "0.3296107102642788", "jac": "[ 1.11022293e-06  3.33066880e-06  1.11022293e-06 -1.11022293e-06\n -1.11022293e-06 -1.11022293e-06]", "hess_inv": "[[ 4.18780230e+00  5.26292289e-02 -9.80104623e-01  1.65334620e+00\n  -1.23101219e+00 -9.02439607e-02]\n [ 5.26292289e-02  4.36665778e+00 -2.41780295e+00 -8.23445897e-02\n  -1.94311664e-03 -3.20145900e-02]\n [-9.80104623e-01 -2.41780295e+00  5.32621273e+00 -1.50844576e+00\n   1.60922313e+00 -7.15916864e-01]\n [ 1.65334620e+00 -8.23445897e-02 -1.50844576e+00  4.05302980e+00\n  -1.05483094e+00  7.02669588e-01]\n [-1.23101219e+00 -1.94311664e-03  1.60922313e+00 -1.05483094e+00\n   3.91279439e+00 -9.00000625e-01]\n [-9.02439607e-02 -3.20145900e-02 -7.15916864e-01  7.02669588e-01\n  -9.00000625e-01  4.34002770e+00]]", "nfev": "238", "njev": "34", "status": "0", "success": "True", "message": "Optimization terminated successfully.", "x": "[0.96395904 1.01537898 0.85007313 1.33472079 4.18170866 5.01909337]", "nit": "25"}, "6": {"maxiter": 100, "gtol": 1e-10, "xrtol": 1e-10, "eps": 1e-05, "duration": 0.0709078311920166, "fun": "0.3296107102643979", "jac": "[ 1.59872116e-09 -7.77156117e-11  5.19584376e-09  3.30846461e-09\n -1.77635684e-09 -1.09912079e-09]", "hess_inv": "[[ 4.29467719 -0.02711644 -0.70458961  1.49461282 -1.34002594 -0.09667264]\n [-0.02711644  4.40261009 -2.50995097 -0.01129542  0.0388379   0.02074625]\n [-0.70458961 -2.50995097  5.46321447 -1.66370142  1.45692185 -0.93693602]\n [ 1.49461282 -0.01129542 -1.66370142  4.27226901 -1.00260777  0.9264373 ]\n [-1.34002594  0.0388379   1.45692185 -1.00260777  4.12799911 -0.99173462]\n [-0.09667264  0.02074625 -0.93693602  0.9264373  -0.99173462  4.48085898]]", "nfev": "418", "njev": "58", "status": "2", "success": "False", "message": "Desired error not necessarily achieved due to precision loss.", "x": "[0.96395306 1.01537532 0.8500635  1.33472452 4.18170049 5.01909761]", "nit": "27"}, "7": {"maxiter": 100, "gtol": 1e-10, "xrtol": 1e-10, "eps": 1e-10, "duration": 0.0714259147644043, "fun": "0.3296107102510235", "jac": "[-1.11022293e-06 -1.11022293e-06  1.11022293e-06  1.11022293e-06\n -1.11022293e-06  1.11022293e-06]", "hess_inv": "[[ 0.02580689 -0.02364956 -0.0372607   0.01072019  0.00826657  0.02352746]\n [-0.02364956  0.18542818 -0.04608516 -0.13398427 -0.21627338  0.10342126]\n [-0.0372607  -0.04608516  0.16709285  0.0462201   0.09266635 -0.12351121]\n [ 0.01072019 -0.13398427  0.0462201   0.10108489  0.16830868 -0.08691569]\n [ 0.00826657 -0.21627338  0.09266635  0.16830868  0.28954589 -0.15694847]\n [ 0.02352746  0.10342126 -0.12351121 -0.08691569 -0.15694847  0.13929358]]", "nfev": "420", "njev": "60", "status": "2", "success": "False", "message": "Desired error not necessarily achieved due to precision loss.", "x": "[0.96395874 1.01537228 0.85007016 1.33473029 4.18170406 5.01910326]", "nit": "40"}, "8": {"maxiter": 500, "gtol": 1e-05, "xrtol": 1e-05, "eps": 1e-05, "duration": 0.04053783416748047, "fun": "0.3296107102702577", "jac": "[ 4.13724610e-07  1.38788980e-07  2.26429986e-07 -7.96296362e-07\n -5.33406652e-07 -3.55049323e-08]", "hess_inv": "[[ 4.15012699  0.04412642 -0.90241549  1.6482283  -1.21262244 -0.02071332]\n [ 0.04412642  4.37111205 -2.42236885 -0.08873364 -0.02018233 -0.02268375]\n [-0.90241549 -2.42236885  5.23028947 -1.46027862  1.60144145 -0.80840481]\n [ 1.6482283  -0.08873364 -1.46027862  4.12239364 -1.11882466  0.8397109 ]\n [-1.21262244 -0.02018233  1.60144145 -1.11882466  4.05369424 -1.07992373]\n [-0.02071332 -0.02268375 -0.80840481  0.8397109  -1.07992373  4.45711942]]", "nfev": "238", "njev": "34", "status": "0", "success": "True", "message": "Optimization terminated successfully.", "x": "[0.96395417 1.0153754  0.85006461 1.33472177 4.18169889 5.01909702]", "nit": "25"}, "9": {"maxiter": 500, "gtol": 1e-05, "xrtol": 1e-05, "eps": 1e-10, "duration": 0.03928232192993164, "fun": "0.32961071057638414", "jac": "[ 5.55111466e-06 -1.11022293e-06 -7.77156053e-06 -9.99200639e-06\n -2.22044587e-06 -2.22044587e-06]", "hess_inv": "[[ 4.12230958  0.02811801 -0.8734502   1.7191218  -1.2470319   0.03826894]\n [ 0.02811801  4.39262774 -2.39010032 -0.06351286 -0.08762208  0.11408041]\n [-0.8734502  -2.39010032  5.15677149 -1.61355021  1.66300417 -0.95925726]\n [ 1.7191218  -0.06351286 -1.61355021  3.98792251 -1.02562448  0.55746911]\n [-1.2470319  -0.08762208  1.66300417 -1.02562448  4.08954807 -1.09076393]\n [ 0.03826894  0.11408041 -0.95925726  0.55746911 -1.09076393  4.36112165]]", "nfev": "231", "njev": "33", "status": "0", "success": "True", "message": "Optimization terminated successfully.", "x": "[0.96397625 1.01539411 0.85004207 1.33470206 4.18169317 5.01908381]", "nit": "24"}, "10": {"maxiter": 500, "gtol": 1e-05, "xrtol": 1e-10, "eps": 1e-05, "duration": 0.04047584533691406, "fun": "0.3296107102702577", "jac": "[ 4.13724610e-07  1.38788980e-07  2.26429986e-07 -7.96296362e-07\n -5.33406652e-07 -3.55049323e-08]", "hess_inv": "[[ 4.15012699  0.04412642 -0.90241549  1.6482283  -1.21262244 -0.02071332]\n [ 0.04412642  4.37111205 -2.42236885 -0.08873364 -0.02018233 -0.02268375]\n [-0.90241549 -2.42236885  5.23028947 -1.46027862  1.60144145 -0.80840481]\n [ 1.6482283  -0.08873364 -1.46027862  4.12239364 -1.11882466  0.8397109 ]\n [-1.21262244 -0.02018233  1.60144145 -1.11882466  4.05369424 -1.07992373]\n [-0.02071332 -0.02268375 -0.80840481  0.8397109  -1.07992373  4.45711942]]", "nfev": "238", "njev": "34", "status": "0", "success": "True", "message": "Optimization terminated successfully.", "x": "[0.96395417 1.0153754  0.85006461 1.33472177 4.18169889 5.01909702]", "nit": "25"}, "11": {"maxiter": 500, "gtol": 1e-05, "xrtol": 1e-10, "eps": 1e-10, "duration": 0.03937697410583496, "fun": "0.32961071057638414", "jac": "[ 5.55111466e-06 -1.11022293e-06 -7.77156053e-06 -9.99200639e-06\n -2.22044587e-06 -2.22044587e-06]", "hess_inv": "[[ 4.12230958  0.02811801 -0.8734502   1.7191218  -1.2470319   0.03826894]\n [ 0.02811801  4.39262774 -2.39010032 -0.06351286 -0.08762208  0.11408041]\n [-0.8734502  -2.39010032  5.15677149 -1.61355021  1.66300417 -0.95925726]\n [ 1.7191218  -0.06351286 -1.61355021  3.98792251 -1.02562448  0.55746911]\n [-1.2470319  -0.08762208  1.66300417 -1.02562448  4.08954807 -1.09076393]\n [ 0.03826894  0.11408041 -0.95925726  0.55746911 -1.09076393  4.36112165]]", "nfev": "231", "njev": "33", "status": "0", "success": "True", "message": "Optimization terminated successfully.", "x": "[0.96397625 1.01539411 0.85004207 1.33470206 4.18169317 5.01908381]", "nit": "24"}, "12": {"maxiter": 500, "gtol": 1e-10, "xrtol": 1e-05, "eps": 1e-05, "duration": 0.040598154067993164, "fun": "0.3296107102702577", "jac": "[ 4.13724610e-07  1.38788980e-07  2.26429986e-07 -7.96296362e-07\n -5.33406652e-07 -3.55049323e-08]", "hess_inv": "[[ 4.15012699  0.04412642 -0.90241549  1.6482283  -1.21262244 -0.02071332]\n [ 0.04412642  4.37111205 -2.42236885 -0.08873364 -0.02018233 -0.02268375]\n [-0.90241549 -2.42236885  5.23028947 -1.46027862  1.60144145 -0.80840481]\n [ 1.6482283  -0.08873364 -1.46027862  4.12239364 -1.11882466  0.8397109 ]\n [-1.21262244 -0.02018233  1.60144145 -1.11882466  4.05369424 -1.07992373]\n [-0.02071332 -0.02268375 -0.80840481  0.8397109  -1.07992373  4.45711942]]", "nfev": "238", "njev": "34", "status": "0", "success": "True", "message": "Optimization terminated successfully.", "x": "[0.96395417 1.0153754  0.85006461 1.33472177 4.18169889 5.01909702]", "nit": "25"}, "13": {"maxiter": 500, "gtol": 1e-10, "xrtol": 1e-05, "eps": 1e-10, "duration": 0.04047417640686035, "fun": "0.3296107102642788", "jac": "[ 1.11022293e-06  3.33066880e-06  1.11022293e-06 -1.11022293e-06\n -1.11022293e-06 -1.11022293e-06]", "hess_inv": "[[ 4.18780230e+00  5.26292289e-02 -9.80104623e-01  1.65334620e+00\n  -1.23101219e+00 -9.02439607e-02]\n [ 5.26292289e-02  4.36665778e+00 -2.41780295e+00 -8.23445897e-02\n  -1.94311664e-03 -3.20145900e-02]\n [-9.80104623e-01 -2.41780295e+00  5.32621273e+00 -1.50844576e+00\n   1.60922313e+00 -7.15916864e-01]\n [ 1.65334620e+00 -8.23445897e-02 -1.50844576e+00  4.05302980e+00\n  -1.05483094e+00  7.02669588e-01]\n [-1.23101219e+00 -1.94311664e-03  1.60922313e+00 -1.05483094e+00\n   3.91279439e+00 -9.00000625e-01]\n [-9.02439607e-02 -3.20145900e-02 -7.15916864e-01  7.02669588e-01\n  -9.00000625e-01  4.34002770e+00]]", "nfev": "238", "njev": "34", "status": "0", "success": "True", "message": "Optimization terminated successfully.", "x": "[0.96395904 1.01537898 0.85007313 1.33472079 4.18170866 5.01909337]", "nit": "25"}, "14": {"maxiter": 500, "gtol": 1e-10, "xrtol": 1e-10, "eps": 1e-05, "duration": 0.07087588310241699, "fun": "0.3296107102643979", "jac": "[ 1.59872116e-09 -7.77156117e-11  5.19584376e-09  3.30846461e-09\n -1.77635684e-09 -1.09912079e-09]", "hess_inv": "[[ 4.29467719 -0.02711644 -0.70458961  1.49461282 -1.34002594 -0.09667264]\n [-0.02711644  4.40261009 -2.50995097 -0.01129542  0.0388379   0.02074625]\n [-0.70458961 -2.50995097  5.46321447 -1.66370142  1.45692185 -0.93693602]\n [ 1.49461282 -0.01129542 -1.66370142  4.27226901 -1.00260777  0.9264373 ]\n [-1.34002594  0.0388379   1.45692185 -1.00260777  4.12799911 -0.99173462]\n [-0.09667264  0.02074625 -0.93693602  0.9264373  -0.99173462  4.48085898]]", "nfev": "418", "njev": "58", "status": "2", "success": "False", "message": "Desired error not necessarily achieved due to precision loss.", "x": "[0.96395306 1.01537532 0.8500635  1.33472452 4.18170049 5.01909761]", "nit": "27"}, "15": {"maxiter": 500, "gtol": 1e-10, "xrtol": 1e-10, "eps": 1e-10, "duration": 0.07140088081359863, "fun": "0.3296107102510235", "jac": "[-1.11022293e-06 -1.11022293e-06  1.11022293e-06  1.11022293e-06\n -1.11022293e-06  1.11022293e-06]", "hess_inv": "[[ 0.02580689 -0.02364956 -0.0372607   0.01072019  0.00826657  0.02352746]\n [-0.02364956  0.18542818 -0.04608516 -0.13398427 -0.21627338  0.10342126]\n [-0.0372607  -0.04608516  0.16709285  0.0462201   0.09266635 -0.12351121]\n [ 0.01072019 -0.13398427  0.0462201   0.10108489  0.16830868 -0.08691569]\n [ 0.00826657 -0.21627338  0.09266635  0.16830868  0.28954589 -0.15694847]\n [ 0.02352746  0.10342126 -0.12351121 -0.08691569 -0.15694847  0.13929358]]", "nfev": "420", "njev": "60", "status": "2", "success": "False", "message": "Desired error not necessarily achieved due to precision loss.", "x": "[0.96395874 1.01537228 0.85007016 1.33473029 4.18170406 5.01910326]", "nit": "40"}, "16": {"maxiter": 1000, "gtol": 1e-05, "xrtol": 1e-05, "eps": 1e-05, "duration": 0.040493011474609375, "fun": "0.3296107102702577", "jac": "[ 4.13724610e-07  1.38788980e-07  2.26429986e-07 -7.96296362e-07\n -5.33406652e-07 -3.55049323e-08]", "hess_inv": "[[ 4.15012699  0.04412642 -0.90241549  1.6482283  -1.21262244 -0.02071332]\n [ 0.04412642  4.37111205 -2.42236885 -0.08873364 -0.02018233 -0.02268375]\n [-0.90241549 -2.42236885  5.23028947 -1.46027862  1.60144145 -0.80840481]\n [ 1.6482283  -0.08873364 -1.46027862  4.12239364 -1.11882466  0.8397109 ]\n [-1.21262244 -0.02018233  1.60144145 -1.11882466  4.05369424 -1.07992373]\n [-0.02071332 -0.02268375 -0.80840481  0.8397109  -1.07992373  4.45711942]]", "nfev": "238", "njev": "34", "status": "0", "success": "True", "message": "Optimization terminated successfully.", "x": "[0.96395417 1.0153754  0.85006461 1.33472177 4.18169889 5.01909702]", "nit": "25"}, "17": {"maxiter": 1000, "gtol": 1e-05, "xrtol": 1e-05, "eps": 1e-10, "duration": 0.03961491584777832, "fun": "0.32961071057638414", "jac": "[ 5.55111466e-06 -1.11022293e-06 -7.77156053e-06 -9.99200639e-06\n -2.22044587e-06 -2.22044587e-06]", "hess_inv": "[[ 4.12230958  0.02811801 -0.8734502   1.7191218  -1.2470319   0.03826894]\n [ 0.02811801  4.39262774 -2.39010032 -0.06351286 -0.08762208  0.11408041]\n [-0.8734502  -2.39010032  5.15677149 -1.61355021  1.66300417 -0.95925726]\n [ 1.7191218  -0.06351286 -1.61355021  3.98792251 -1.02562448  0.55746911]\n [-1.2470319  -0.08762208  1.66300417 -1.02562448  4.08954807 -1.09076393]\n [ 0.03826894  0.11408041 -0.95925726  0.55746911 -1.09076393  4.36112165]]", "nfev": "231", "njev": "33", "status": "0", "success": "True", "message": "Optimization terminated successfully.", "x": "[0.96397625 1.01539411 0.85004207 1.33470206 4.18169317 5.01908381]", "nit": "24"}, "18": {"maxiter": 1000, "gtol": 1e-05, "xrtol": 1e-10, "eps": 1e-05, "duration": 0.04084467887878418, "fun": "0.3296107102702577", "jac": "[ 4.13724610e-07  1.38788980e-07  2.26429986e-07 -7.96296362e-07\n -5.33406652e-07 -3.55049323e-08]", "hess_inv": "[[ 4.15012699  0.04412642 -0.90241549  1.6482283  -1.21262244 -0.02071332]\n [ 0.04412642  4.37111205 -2.42236885 -0.08873364 -0.02018233 -0.02268375]\n [-0.90241549 -2.42236885  5.23028947 -1.46027862  1.60144145 -0.80840481]\n [ 1.6482283  -0.08873364 -1.46027862  4.12239364 -1.11882466  0.8397109 ]\n [-1.21262244 -0.02018233  1.60144145 -1.11882466  4.05369424 -1.07992373]\n [-0.02071332 -0.02268375 -0.80840481  0.8397109  -1.07992373  4.45711942]]", "nfev": "238", "njev": "34", "status": "0", "success": "True", "message": "Optimization terminated successfully.", "x": "[0.96395417 1.0153754  0.85006461 1.33472177 4.18169889 5.01909702]", "nit": "25"}, "19": {"maxiter": 1000, "gtol": 1e-05, "xrtol": 1e-10, "eps": 1e-10, "duration": 0.039716243743896484, "fun": "0.32961071057638414", "jac": "[ 5.55111466e-06 -1.11022293e-06 -7.77156053e-06 -9.99200639e-06\n -2.22044587e-06 -2.22044587e-06]", "hess_inv": "[[ 4.12230958  0.02811801 -0.8734502   1.7191218  -1.2470319   0.03826894]\n [ 0.02811801  4.39262774 -2.39010032 -0.06351286 -0.08762208  0.11408041]\n [-0.8734502  -2.39010032  5.15677149 -1.61355021  1.66300417 -0.95925726]\n [ 1.7191218  -0.06351286 -1.61355021  3.98792251 -1.02562448  0.55746911]\n [-1.2470319  -0.08762208  1.66300417 -1.02562448  4.08954807 -1.09076393]\n [ 0.03826894  0.11408041 -0.95925726  0.55746911 -1.09076393  4.36112165]]", "nfev": "231", "njev": "33", "status": "0", "success": "True", "message": "Optimization terminated successfully.", "x": "[0.96397625 1.01539411 0.85004207 1.33470206 4.18169317 5.01908381]", "nit": "24"}, "20": {"maxiter": 1000, "gtol": 1e-10, "xrtol": 1e-05, "eps": 1e-05, "duration": 0.04083085060119629, "fun": "0.3296107102702577", "jac": "[ 4.13724610e-07  1.38788980e-07  2.26429986e-07 -7.96296362e-07\n -5.33406652e-07 -3.55049323e-08]", "hess_inv": "[[ 4.15012699  0.04412642 -0.90241549  1.6482283  -1.21262244 -0.02071332]\n [ 0.04412642  4.37111205 -2.42236885 -0.08873364 -0.02018233 -0.02268375]\n [-0.90241549 -2.42236885  5.23028947 -1.46027862  1.60144145 -0.80840481]\n [ 1.6482283  -0.08873364 -1.46027862  4.12239364 -1.11882466  0.8397109 ]\n [-1.21262244 -0.02018233  1.60144145 -1.11882466  4.05369424 -1.07992373]\n [-0.02071332 -0.02268375 -0.80840481  0.8397109  -1.07992373  4.45711942]]", "nfev": "238", "njev": "34", "status": "0", "success": "True", "message": "Optimization terminated successfully.", "x": "[0.96395417 1.0153754  0.85006461 1.33472177 4.18169889 5.01909702]", "nit": "25"}, "21": {"maxiter": 1000, "gtol": 1e-10, "xrtol": 1e-05, "eps": 1e-10, "duration": 0.040825843811035156, "fun": "0.3296107102642788", "jac": "[ 1.11022293e-06  3.33066880e-06  1.11022293e-06 -1.11022293e-06\n -1.11022293e-06 -1.11022293e-06]", "hess_inv": "[[ 4.18780230e+00  5.26292289e-02 -9.80104623e-01  1.65334620e+00\n  -1.23101219e+00 -9.02439607e-02]\n [ 5.26292289e-02  4.36665778e+00 -2.41780295e+00 -8.23445897e-02\n  -1.94311664e-03 -3.20145900e-02]\n [-9.80104623e-01 -2.41780295e+00  5.32621273e+00 -1.50844576e+00\n   1.60922313e+00 -7.15916864e-01]\n [ 1.65334620e+00 -8.23445897e-02 -1.50844576e+00  4.05302980e+00\n  -1.05483094e+00  7.02669588e-01]\n [-1.23101219e+00 -1.94311664e-03  1.60922313e+00 -1.05483094e+00\n   3.91279439e+00 -9.00000625e-01]\n [-9.02439607e-02 -3.20145900e-02 -7.15916864e-01  7.02669588e-01\n  -9.00000625e-01  4.34002770e+00]]", "nfev": "238", "njev": "34", "status": "0", "success": "True", "message": "Optimization terminated successfully.", "x": "[0.96395904 1.01537898 0.85007313 1.33472079 4.18170866 5.01909337]", "nit": "25"}, "22": {"maxiter": 1000, "gtol": 1e-10, "xrtol": 1e-10, "eps": 1e-05, "duration": 0.07463812828063965, "fun": "0.3296107102643979", "jac": "[ 1.59872116e-09 -7.77156117e-11  5.19584376e-09  3.30846461e-09\n -1.77635684e-09 -1.09912079e-09]", "hess_inv": "[[ 4.29467719 -0.02711644 -0.70458961  1.49461282 -1.34002594 -0.09667264]\n [-0.02711644  4.40261009 -2.50995097 -0.01129542  0.0388379   0.02074625]\n [-0.70458961 -2.50995097  5.46321447 -1.66370142  1.45692185 -0.93693602]\n [ 1.49461282 -0.01129542 -1.66370142  4.27226901 -1.00260777  0.9264373 ]\n [-1.34002594  0.0388379   1.45692185 -1.00260777  4.12799911 -0.99173462]\n [-0.09667264  0.02074625 -0.93693602  0.9264373  -0.99173462  4.48085898]]", "nfev": "418", "njev": "58", "status": "2", "success": "False", "message": "Desired error not necessarily achieved due to precision loss.", "x": "[0.96395306 1.01537532 0.8500635  1.33472452 4.18170049 5.01909761]", "nit": "27"}, "23": {"maxiter": 1000, "gtol": 1e-10, "xrtol": 1e-10, "eps": 1e-10, "duration": 0.07539606094360352, "fun": "0.3296107102510235", "jac": "[-1.11022293e-06 -1.11022293e-06  1.11022293e-06  1.11022293e-06\n -1.11022293e-06  1.11022293e-06]", "hess_inv": "[[ 0.02580689 -0.02364956 -0.0372607   0.01072019  0.00826657  0.02352746]\n [-0.02364956  0.18542818 -0.04608516 -0.13398427 -0.21627338  0.10342126]\n [-0.0372607  -0.04608516  0.16709285  0.0462201   0.09266635 -0.12351121]\n [ 0.01072019 -0.13398427  0.0462201   0.10108489  0.16830868 -0.08691569]\n [ 0.00826657 -0.21627338  0.09266635  0.16830868  0.28954589 -0.15694847]\n [ 0.02352746  0.10342126 -0.12351121 -0.08691569 -0.15694847  0.13929358]]", "nfev": "420", "njev": "60", "status": "2", "success": "False", "message": "Desired error not necessarily achieved due to precision loss.", "x": "[0.96395874 1.01537228 0.85007016 1.33473029 4.18170406 5.01910326]", "nit": "40"}}, "cobyla": {"0": {"maxiter": 100, "tol": 1e-05, "catol": 1e-05, "duration": 0.017116308212280273, "x": "[0.81641696 0.51838419 1.96502704 1.05766334 5.12856198 3.43217406]", "status": "2", "success": "False", "message": "Maximum number of function evaluations has been exceeded.", "nfev": "100", "fun": "0.4848269748079258", "maxcv": "0.0"}, "1": {"maxiter": 100, "tol": 1e-05, "catol": 1e-10, "duration": 0.017006874084472656, "x": "[0.81641696 0.51838419 1.96502704 1.05766334 5.12856198 3.43217406]", "status": "2", "success": "False", "message": "Maximum number of function evaluations has been exceeded.", "nfev": "100", "fun": "0.4848269748079258", "maxcv": "0.0"}, "2": {"maxiter": 100, "tol": 1e-10, "catol": 1e-05, "duration": 0.016991138458251953, "x": "[0.81641696 0.51838419 1.96502704 1.05766334 5.12856198 3.43217406]", "status": "2", "success": "False", "message": "Maximum number of function evaluations has been exceeded.", "nfev": "100", "fun": "0.4848269748079258", "maxcv": "0.0"}, "3": {"maxiter": 100, "tol": 1e-10, "catol": 1e-10, "duration": 0.017126083374023438, "x": "[0.81641696 0.51838419 1.96502704 1.05766334 5.12856198 3.43217406]", "status": "2", "success": "False", "message": "Maximum number of function evaluations has been exceeded.", "nfev": "100", "fun": "0.4848269748079258", "maxcv": "0.0"}, "4": {"maxiter": 500, "tol": 1e-05, "catol": 1e-05, "duration": 0.04752206802368164, "x": "[0.96396126 1.01538331 0.85007784 1.33472829 4.18170518 5.01910168]", "status": "1", "success": "True", "message": "Optimization terminated successfully.", "nfev": "278", "fun": "0.32961071028347466", "maxcv": "0.0"}, "5": {"maxiter": 500, "tol": 1e-05, "catol": 1e-10, "duration": 0.047747135162353516, "x": "[0.96396126 1.01538331 0.85007784 1.33472829 4.18170518 5.01910168]", "status": "1", "success": "True", "message": "Optimization terminated successfully.", "nfev": "278", "fun": "0.32961071028347466", "maxcv": "0.0"}, "6": {"maxiter": 500, "tol": 1e-10, "catol": 1e-05, "duration": 0.06231379508972168, "x": "[0.96395815 1.0153785  0.85006578 1.33473034 4.18170464 5.01910133]", "status": "1", "success": "True", "message": "Optimization terminated successfully.", "nfev": "365", "fun": "0.32961071024595123", "maxcv": "0.0"}, "7": {"maxiter": 500, "tol": 1e-10, "catol": 1e-10, "duration": 0.06237220764160156, "x": "[0.96395815 1.0153785  0.85006578 1.33473034 4.18170464 5.01910133]", "status": "1", "success": "True", "message": "Optimization terminated successfully.", "nfev": "365", "fun": "0.32961071024595123", "maxcv": "0.0"}, "8": {"maxiter": 1000, "tol": 1e-05, "catol": 1e-05, "duration": 0.047492027282714844, "x": "[0.96396126 1.01538331 0.85007784 1.33472829 4.18170518 5.01910168]", "status": "1", "success": "True", "message": "Optimization terminated successfully.", "nfev": "278", "fun": "0.32961071028347466", "maxcv": "0.0"}, "9": {"maxiter": 1000, "tol": 1e-05, "catol": 1e-10, "duration": 0.047505855560302734, "x": "[0.96396126 1.01538331 0.8