{"date": "2024/07/19/, 18:43:08", "conf_id": 280, "data_type": "var_s_rank\n", "num_data_points": 3, "s_rank": 0, "unitary": "[[-0.45070455-0.02711853j,0.78437395-0.06613086j,0.06358678+0.19963393j,-0.07343613+0.35668523j],[-0.01890143-0.03813363j,0.32408202+0.25557629j,0.05872864-0.68979805j,0.55466693-0.20227297j],[-0.11215405+0.64023111j,-0.13344055+0.29565494j,-0.49012687-0.19046288j,-0.04241254+0.44046348j],[0.55771659+0.24656916j,0.31851997-0.05798805j,0.28761525-0.34294258j,-0.56718418+0.03616933j]]", "databatch_0": {"databatch": "[[[-0.2372428-0.24096214j,-0.21383869-0.17413947j,-0.18056158-0.1457346j,-0.05225641-0.05368284j],[0.33942317+0.20757609j,0.29368677+0.13794888j,0.24761229+0.11499097j,0.07493603+0.04641505j],[-0.09772487-0.20786451j,-0.09778531-0.15977165j,-0.08286239-0.13407168j,-0.0213886-0.04617446j],[-0.18765749-0.31151633j,-0.17994553-0.23576169j,-0.15227035-0.1977075j,-0.04118215-0.06925131j]],[[-0.15725893+0.20894547j,-0.08161661-0.0954313j,-0.17038086+0.13265256j,-0.18002071-0.4367366j],[-0.28472842-0.08948979j,0.07153406-0.12418461j,-0.20766352-0.13269673j,0.40115412-0.36018304j],[-0.03307562+0.04768209j,-0.01891728-0.02045975j,-0.03664059+0.03087772j,-0.04366897-0.09529508j],[0.0789855+0.16171866j,-0.08402029+0.02022752j,0.02810308+0.14592588j,-0.32405423-0.02607862j]],[[-0.01958724-0.08586504j,0.03988256+0.02964204j,-0.12481103+0.18774113j,0.06435883-0.00852442j],[-0.03879555+0.22521621j,-0.06593796-0.11080966j,0.48635184-0.3250909j,-0.16266153-0.04382563j],[0.08249054+0.17779115j,-0.10056376-0.04600155j,0.18449795-0.4665535j,-0.13611873+0.04842915j],[-0.08864166+0.11220566j,-0.00312579-0.08062055j,0.3645154-0.03333498j,-0.07631587-0.07270949j]]]", "initial param values": "[3.39731214,5.04003095,2.7825034,3.05359722,0.69623126,1.76075508]", "nelder_mead": {"type": "gradient-free", "0": {"maxiter": 100, "fatol": 1e-05, "xatol": 1e-05, "duration": 0.026154041290283203, "fun": "0.25002603281602476", "nit": "100", "nfev": "154", "status": "2", "success": "False", "message": "Maximum number of iterations has been exceeded.", "x": "[4.85172833 4.52450995 3.25910475 4.81769678 0.41273016 2.22017745]", "final_simplex": "(array([[4.85172833, 4.52450995, 3.25910475, 4.81769678, 0.41273016,\n        2.22017745],\n       [4.76909839, 4.52599745, 3.37637387, 4.63675687, 0.42937205,\n        2.15407023],\n       [4.74796501, 4.48813821, 3.6318241 , 4.82872143, 0.40384308,\n        2.25792555],\n       [4.93160253, 4.41274295, 3.51156708, 4.77426087, 0.42549996,\n        2.12784792],\n       [4.77545705, 4.48678542, 3.51220668, 4.79541178, 0.45350256,\n        2.14157273],\n       [4.69772595, 4.72406355, 3.6260226 , 5.02469078, 0.43859371,\n        2.17702492],\n       [4.73613771, 4.45936741, 3.45193078, 4.76560061, 0.44625223,\n        2.14243229]]), array([0.25002603, 0.25150903, 0.25274348, 0.25403877, 0.25542863,\n       0.25625871, 0.26037352]))"}, "1": {"maxiter": 100, "fatol": 1e-05, "xatol": 1e-10, "duration": 0.026028871536254883, "fun": "0.25002603281602476", "nit": "100", "nfev": "154", "status": "2", "success": "False", "message": "Maximum number of iterations has been exceeded.", "x": "[4.85172833 4.52450995 3.25910475 4.81769678 0.41273016 2.22017745]", "final_simplex": "(array([[4.85172833, 4.52450995, 3.25910475, 4.81769678, 0.41273016,\n        2.22017745],\n       [4.76909839, 4.52599745, 3.37637387, 4.63675687, 0.42937205,\n        2.15407023],\n       [4.74796501, 4.48813821, 3.6318241 , 4.82872143, 0.40384308,\n        2.25792555],\n       [4.93160253, 4.41274295, 3.51156708, 4.77426087, 0.42549996,\n        2.12784792],\n       [4.77545705, 4.48678542, 3.51220668, 4.79541178, 0.45350256,\n        2.14157273],\n       [4.69772595, 4.72406355, 3.6260226 , 5.02469078, 0.43859371,\n        2.17702492],\n       [4.73613771, 4.45936741, 3.45193078, 4.76560061, 0.44625223,\n        2.14243229]]), array([0.25002603, 0.25150903, 0.25274348, 0.25403877, 0.25542863,\n       0.25625871, 0.26037352]))"}, "2": {"maxiter": 100, "fatol": 1e-10, "xatol": 1e-05, "duration": 0.026062965393066406, "fun": "0.25002603281602476", "nit": "100", "nfev": "154", "status": "2", "success": "False", "message": "Maximum number of iterations has been exceeded.", "x": "[4.85172833 4.52450995 3.25910475 4.81769678 0.41273016 2.22017745]", "final_simplex": "(array([[4.85172833, 4.52450995, 3.25910475, 4.81769678, 0.41273016,\n        2.22017745],\n       [4.76909839, 4.52599745, 3.37637387, 4.63675687, 0.42937205,\n        2.15407023],\n       [4.74796501, 4.48813821, 3.6318241 , 4.82872143, 0.40384308,\n        2.25792555],\n       [4.93160253, 4.41274295, 3.51156708, 4.77426087, 0.42549996,\n        2.12784792],\n       [4.77545705, 4.48678542, 3.51220668, 4.79541178, 0.45350256,\n        2.14157273],\n       [4.69772595, 4.72406355, 3.6260226 , 5.02469078, 0.43859371,\n        2.17702492],\n       [4.73613771, 4.45936741, 3.45193078, 4.76560061, 0.44625223,\n        2.14243229]]), array([0.25002603, 0.25150903, 0.25274348, 0.25403877, 0.25542863,\n       0.25625871, 0.26037352]))"}, "3": {"maxiter": 100, "fatol": 1e-10, "xatol": 1e-10, "duration": 0.02603888511657715, "fun": "0.25002603281602476", "nit": "100", "nfev": "154", "status": "2", "success": "False", "message": "Maximum number of iterations has been exceeded.", "x": "[4.85172833 4.52450995 3.25910475 4.81769678 0.41273016 2.22017745]", "final_simplex": "(array([[4.85172833, 4.52450995, 3.25910475, 4.81769678, 0.41273016,\n        2.22017745],\n       [4.76909839, 4.52599745, 3.37637387, 4.63675687, 0.42937205,\n        2.15407023],\n       [4.74796501, 4.48813821, 3.6318241 , 4.82872143, 0.40384308,\n        2.25792555],\n       [4.93160253, 4.41274295, 3.51156708, 4.77426087, 0.42549996,\n        2.12784792],\n       [4.77545705, 4.48678542, 3.51220668, 4.79541178, 0.45350256,\n        2.14157273],\n       [4.69772595, 4.72406355, 3.6260226 , 5.02469078, 0.43859371,\n        2.17702492],\n       [4.73613771, 4.45936741, 3.45193078, 4.76560061, 0.44625223,\n        2.14243229]]), array([0.25002603, 0.25150903, 0.25274348, 0.25403877, 0.25542863,\n       0.25625871, 0.26037352]))"}, "4": {"maxiter": 500, "fatol": 1e-05, "xatol": 1e-05, "duration": 0.10269308090209961, "fun": "0.190833906128678", "nit": "388", "nfev": "609", "status": "0", "success": "True", "message": "Optimization terminated successfully.", "x": "[5.11557008 5.12362771 3.59510686 4.85527917 0.08584014 2.7346772 ]", "final_simplex": "(array([[5.11557008, 5.12362771, 3.59510686, 4.85527917, 0.08584014,\n        2.7346772 ],\n       [5.1155731 , 5.12363475, 3.59510888, 4.85527845, 0.08583337,\n        2.73467955],\n       [5.11557124, 5.12363591, 3.5951053 , 4.85527581, 0.08583622,\n        2.73468061],\n       [5.11556889, 5.12362843, 3.59510937, 4.8552775 , 0.08583657,\n        2.73467945],\n       [5.11556889, 5.12362648, 3.59510688, 4.85527378, 0.0858411 ,\n        2.73467364],\n       [5.11556765, 5.1236337 , 3.59511262, 4.85528275, 0.08583095,\n        2.73467858],\n       [5.11557296, 5.1236356 , 3.59510244, 4.85527569, 0.08583256,\n        2.73467986]]), array([0.19083391, 0.19083391, 0.19083391, 0.19083391, 0.19083391,\n       0.19083391, 0.19083391]))"}, "5": {"maxiter": 500, "fatol": 1e-05, "xatol": 1e-10, "duration": 0.14243793487548828, "fun": "0.19083390612646334", "nit": "489", "nfev": "838", "status": "0", "success": "True", "message": "Optimization terminated successfully.", "x": "[5.11557007 5.12363148 3.59510701 4.85527701 0.08583735 2.73467754]", "final_simplex": "(array([[5.11557007, 5.12363148, 3.59510701, 4.85527701, 0.08583735,\n        2.73467754],\n       [5.11557007, 5.12363148, 3.59510701, 4.85527701, 0.08583735,\n        2.73467754],\n       [5.11557007, 5.12363148, 3.59510701, 4.85527701, 0.08583735,\n        2.73467754],\n       [5.11557007, 5.12363148, 3.59510701, 4.85527701, 0.08583735,\n        2.73467754],\n       [5.11557007, 5.12363148, 3.59510701, 4.85527701, 0.08583735,\n        2.73467754],\n       [5.11557007, 5.12363148, 3.59510701, 4.85527701, 0.08583735,\n        2.73467754],\n       [5.11557007, 5.12363148, 3.59510701, 4.85527701, 0.08583735,\n        2.73467754]]), array([0.19083391, 0.19083391, 0.19083391, 0.19083391, 0.19083391,\n       0.19083391, 0.19083391]))"}, "6": {"maxiter": 500, "fatol": 1e-10, "xatol": 1e-05, "duration": 0.10447311401367188, "fun": "0.190833906128678", "nit": "388", "nfev": "609", "status": "0", "success": "True", "message": "Optimization terminated successfully.", "x": "[5.11557008 5.12362771 3.59510686 4.85527917 0.08584014 2.7346772 ]", "final_simplex": "(array([[5.11557008, 5.12362771, 3.59510686, 4.85527917, 0.08584014,\n        2.7346772 ],\n       [5.1155731 , 5.12363475, 3.59510888, 4.85527845, 0.08583337,\n        2.73467955],\n       [5.11557124, 5.12363591, 3.5951053 , 4.85527581, 0.08583622,\n        2.73468061],\n       [5.11556889, 5.12362843, 3.59510937, 4.8552775 , 0.08583657,\n        2.73467945],\n       [5.11556889, 5.12362648, 3.59510688, 4.85527378, 0.0858411 ,\n        2.73467364],\n       [5.11556765, 5.1236337 , 3.59511262, 4.85528275, 0.08583095,\n        2.73467858],\n       [5.11557296, 5.1236356 , 3.59510244, 4.85527569, 0.08583256,\n        2.73467986]]), array([0.19083391, 0.19083391, 0.19083391, 0.19083391, 0.19083391,\n       0.19083391, 0.19083391]))"}, "7": {"maxiter": 500, "fatol": 1e-10, "xatol": 1e-10, "duration": 0.14112496376037598, "fun": "0.19083390612646334", "nit": "489", "nfev": "838", "status": "0", "success": "True", "message": "Optimization terminated successfully.", "x": "[5.11557007 5.12363148 3.59510701 4.85527701 0.08583735 2.73467754]", "final_simplex": "(array([[5.11557007, 5.12363148, 3.59510701, 4.85527701, 0.08583735,\n        2.73467754],\n       [5.11557007, 5.12363148, 3.59510701, 4.85527701, 0.08583735,\n        2.73467754],\n       [5.11557007, 5.12363148, 3.59510701, 4.85527701, 0.08583735,\n        2.73467754],\n       [5.11557007, 5.12363148, 3.59510701, 4.85527701, 0.08583735,\n        2.73467754],\n       [5.11557007, 5.12363148, 3.59510701, 4.85527701, 0.08583735,\n        2.73467754],\n       [5.11557007, 5.12363148, 3.59510701, 4.85527701, 0.08583735,\n        2.73467754],\n       [5.11557007, 5.12363148, 3.59510701, 4.85527701, 0.08583735,\n        2.73467754]]), array([0.19083391, 0.19083391, 0.19083391, 0.19083391, 0.19083391,\n       0.19083391, 0.19083391]))"}, "8": {"maxiter": 1000, "fatol": 1e-05, "xatol": 1e-05, "duration": 0.10332918167114258, "fun": "0.190833906128678", "nit": "388", "nfev": "609", "status": "0", "success": "True", "message": "Optimization terminated successfully.", "x": "[5.11557008 5.12362771 3.59510686 4.85527917 0.08584014 2.7346772 ]", "final_simplex": "(array([[5.11557008, 5.12362771, 3.59510686, 4.85527917, 0.08584014,\n        2.7346772 ],\n       [5.1155731 , 5.12363475, 3.59510888, 4.85527845, 0.08583337,\n        2.73467955],\n       [5.11557124, 5.12363591, 3.5951053 , 4.85527581, 0.08583622,\n        2.73468061],\n       [5.11556889, 5.12362843, 3.59510937, 4.8552775 , 0.08583657,\n        2.73467945],\n       [5.11556889, 5.12362648, 3.59510688, 4.85527378, 0.0858411 ,\n        2.73467364],\n       [5.11556765, 5.1236337 , 3.59511262, 4.85528275, 0.08583095,\n        2.73467858],\n       [5.11557296, 5.1236356 , 3.59510244, 4.85527569, 0.08583256,\n        2.73467986]]), array([0.19083391, 0.19083391, 0.19083391, 0.19083391, 0.19083391,\n       0.19083391, 0.19083391]))"}, "9": {"maxiter": 1000, "fatol": 1e-05, "xatol": 1e-10, "duration": 0.141495943069458, "fun": "0.19083390612646334", "nit": "489", "nfev": "838", "status": "0", "success": "True", "message": "Optimization terminated successfully.", "x": "[5.11557007 5.12363148 3.59510701 4.85527701 0.08583735 2.73467754]", "final_simplex": "(array([[5.11557007, 5.12363148, 3.59510701, 4.85527701, 0.08583735,\n        2.73467754],\n       [5.11557007, 5.12363148, 3.59510701, 4.85527701, 0.08583735,\n        2.73467754],\n       [5.11557007, 5.12363148, 3.59510701, 4.85527701, 0.08583735,\n        2.73467754],\n       [5.11557007, 5.12363148, 3.59510701, 4.85527701, 0.08583735,\n        2.73467754],\n       [5.11557007, 5.12363148, 3.59510701, 4.85527701, 0.08583735,\n        2.73467754],\n       [5.11557007, 5.12363148, 3.59510701, 4.85527701, 0.08583735,\n        2.73467754],\n       [5.11557007, 5.12363148, 3.59510701, 4.85527701, 0.08583735,\n        2.73467754]]), array([0.19083391, 0.19083391, 0.19083391, 0.19083391, 0.19083391,\n       0.19083391, 0.19083391]))"}, "10": {"maxiter": 1000, "fatol": 1e-10, "xatol": 1e-05, "duration": 0.10364222526550293, "fun": "0.190833906128678", "nit": "388", "nfev": "609", "status": "0", "success": "True", "message": "Optimization terminated successfully.", "x": "[5.11557008 5.12362771 3.59510686 4.85527917 0.08584014 2.7346772 ]", "final_simplex": "(array([[5.11557008, 5.12362771, 3.59510686, 4.85527917, 0.08584014,\n        2.7346772 ],\n       [5.1155731 , 5.12363475, 3.59510888, 4.85527845, 0.08583337,\n        2.73467955],\n       [5.11557124, 5.12363591, 3.5951053 , 4.85527581, 0.08583622,\n        2.73468061],\n       [5.11556889, 5.12362843, 3.59510937, 4.8552775 , 0.08583657,\n        2.73467945],\n       [5.11556889, 5.12362648, 3.59510688, 4.85527378, 0.0858411 ,\n        2.73467364],\n       [5.11556765, 5.1236337 , 3.59511262, 4.85528275, 0.08583095,\n        2.73467858],\n       [5.11557296, 5.1236356 , 3.59510244, 4.85527569, 0.08583256,\n        2.73467986]]), array([0.19083391, 0.19083391, 0.19083391, 0.19083391, 0.19083391,\n       0.19083391, 0.19083391]))"}, "11": {"maxiter": 1000, "fatol": 1e-10, "xatol": 1e-10, "duration": 0.1418747901916504, "fun": "0.19083390612646334", "nit": "489", "nfev": "838", "status": "0", "success": "True", "message": "Optimization terminated successfully.", "x": "[5.11557007 5.12363148 3.59510701 4.85527701 0.08583735 2.73467754]", "final_simplex": "(array([[5.11557007, 5.12363148, 3.59510701, 4.85527701, 0.08583735,\n        2.73467754],\n       [5.11557007, 5.12363148, 3.59510701, 4.85527701, 0.08583735,\n        2.73467754],\n       [5.11557007, 5.12363148, 3.59510701, 4.85527701, 0.08583735,\n        2.73467754],\n       [5.11557007, 5.12363148, 3.59510701, 4.85527701, 0.08583735,\n        2.73467754],\n       [5.11557007, 5.12363148, 3.59510701, 4.85527701, 0.08583735,\n        2.73467754],\n       [5.11557007, 5.12363148, 3.59510701, 4.85527701, 0.08583735,\n        2.73467754],\n       [5.11557007, 5.12363148, 3.59510701, 4.85527701, 0.08583735,\n        2.73467754]]), array([0.19083391, 0.19083391, 0.19083391, 0.19083391, 0.19083391,\n       0.19083391, 0.19083391]))"}}, "bfgs": {"type": "gradient", "0": {"maxiter": 100, "gtol": 1e-05, "xrtol": 1e-05, "eps": 1e-05, "duration": 0.04162406921386719, "fun": "0.30199913090092423", "jac": "[-6.79001300e-07  7.66975372e-07  1.01131326e-06 -2.13573603e-07\n  5.58453284e-07 -1.71596071e-07]", "hess_inv": "[[  8.99273109  -7.52519505  -1.36713781  -6.34038749   7.92001381\n    4.75873591]\n [ -7.52519505  20.78846372   6.32791459  14.12781658 -13.70712642\n   -7.22525112]\n [ -1.36713781   6.32791459   7.44497989   2.50510947   0.61923765\n    0.88724795]\n [ -6.34038749  14.12781658   2.50510947  14.28616239 -10.80925042\n   -5.60003672]\n [  7.92001381 -13.70712642   0.61923765 -10.80925042  21.45800695\n   14.01445444]\n [  4.75873591  -7.22525112   0.88724795  -5.60003672  14.01445444\n   13.44340172]]", "nfev": "238", "njev": "34", "status": "0", "success": "True", "message": "Optimization terminated successfully.", "x": "[4.08869085 3.78623428 0.77852012 2.37085908 0.47734443 3.81989952]", "nit": "29"}, "1": {"maxiter": 100, "gtol": 1e-05, "xrtol": 1e-05, "eps": 1e-10, "duration": 0.04154801368713379, "fun": "0.3019991309961564", "jac": "[1.11022293e-06 2.22044587e-06 2.22044587e-06 0.00000000e+00\n 2.22044587e-06 1.11022293e-06]", "hess_inv": "[[  9.03435787  -7.71124232  -1.48415807  -6.4780778    7.84079221\n    4.70372675]\n [ -7.71124232  20.98010276   6.26235393  14.31214709 -13.94037273\n   -7.53503056]\n [ -1.48415807   6.26235393   7.24147526   2.49043446   0.32214737\n    0.55805604]\n [ -6.4780778   14.31214709   2.49043446  14.444237   -10.93796371\n   -5.79132432]\n [  7.84079221 -13.94037273   0.32214737 -10.93796371  21.18442759\n   13.74151978]\n [  4.70372675  -7.53503056   0.55805604  -5.79132432  13.74151978\n   13.14555993]]", "nfev": "238", "njev": "34", "status": "0", "success": "True", "message": "Optimization terminated successfully.", "x": "[4.08870086 3.7862814  0.77856876 2.37088505 0.47738462 3.81994106]", "nit": "29"}, "2": {"maxiter": 100, "gtol": 1e-05, "xrtol": 1e-10, "eps": 1e-05, "duration": 0.04159879684448242, "fun": "0.30199913090092423", "jac": "[-6.79001300e-07  7.66975372e-07  1.01131326e-06 -2.13573603e-07\n  5.58453284e-07 -1.71596071e-07]", "hess_inv": "[[  8.99273109  -7.52519505  -1.36713781  -6.34038749   7.92001381\n    4.75873591]\n [ -7.52519505  20.78846372   6.32791459  14.12781658 -13.70712642\n   -7.22525112]\n [ -1.36713781   6.32791459   7.44497989   2.50510947   0.61923765\n    0.88724795]\n [ -6.34038749  14.12781658   2.50510947  14.28616239 -10.80925042\n   -5.60003672]\n [  7.92001381 -13.70712642   0.61923765 -10.80925042  21.45800695\n   14.01445444]\n [  4.75873591  -7.22525112   0.88724795  -5.60003672  14.01445444\n   13.44340172]]", "nfev": "238", "njev": "34", "status": "0", "success": "True", "message": "Optimization terminated successfully.", "x": "[4.08869085 3.78623428 0.77852012 2.37085908 0.47734443 3.81989952]", "nit": "29"}, "3": {"maxiter": 100, "gtol": 1e-05, "xrtol": 1e-10, "eps": 1e-10, "duration": 0.04160475730895996, "fun": "0.3019991309961564", "jac": "[1.11022293e-06 2.22044587e-06 2.22044587e-06 0.00000000e+00\n 2.22044587e-06 1.11022293e-06]", "hess_inv": "[[  9.03435787  -7.71124232  -1.48415807  -6.4780778    7.84079221\n    4.70372675]\n [ -7.71124232  20.98010276   6.26235393  14.31214709 -13.94037273\n   -7.53503056]\n [ -1.48415807   6.26235393   7.24147526   2.49043446   0.32214737\n    0.55805604]\n [ -6.4780778   14.31214709   2.49043446  14.444237   -10.93796371\n   -5.79132432]\n [  7.84079221 -13.94037273   0.32214737 -10.93796371  21.18442759\n   13.74151978]\n [  4.70372675  -7.53503056   0.55805604  -5.79132432  13.74151978\n   13.14555993]]", "nfev": "238", "njev": "34", "status": "0", "success": "True", "message": "Optimization terminated successfully.", "x": "[4.08870086 3.7862814  0.77856876 2.37088505 0.47738462 3.81994106]", "nit": "29"}, "4": {"maxiter": 100, "gtol": 1e-10, "xrtol": 1e-05, "eps": 1e-05, "duration": 0.07932090759277344, "fun": "0.30199913090092423", "jac": "[-6.79001300e-07  7.66975372e-07  1.01131326e-06 -2.13573603e-07\n  5.58453284e-07 -1.71596071e-07]", "hess_inv": "[[  8.86418089  -7.06715545  -1.07299688  -6.06413398   7.79648254\n    4.4314863 ]\n [ -7.06715545  19.48936869   5.45341337  13.38238655 -13.39950212\n   -6.63476371]\n [ -1.07299688   5.45341337   6.86241386   1.9975299    0.83281001\n    1.33603073]\n [ -6.06413398  13.38238655   1.9975299   13.86390133 -10.63887415\n   -5.30972938]\n [  7.79648254 -13.39950212   0.83281001 -10.63887415  21.39205304\n   13.92907553]\n [  4.4314863   -6.63476371   1.33603073  -5.30972938  13.92907553\n   13.60520011]]", "nfev": "460", "njev": "64", "status": "2", "success": "False", "message": "Desired error not necessarily achieved due to precision loss.", "x": "[4.08869085 3.78623428 0.77852012 2.37085908 0.47734443 3.81989952]", "nit": "29"}, "5": {"maxiter": 100, "gtol": 1e-10, "xrtol": 1e-05, "eps": 1e-10, "duration": 0.04245615005493164, "fun": "0.30199913090140573", "jac": "[2.22044587e-06 2.22044587e-06 2.22044587e-06 0.00000000e+00\n 2.22044587e-06 0.00000000e+00]", "hess_inv": "[[  9.21538773  -8.2971946   -1.73016729  -6.92758247   8.13883007\n    5.27939368]\n [ -8.2971946   20.91523246   5.31985571  14.64809139 -15.67859463\n   -9.2443974 ]\n [ -1.73016729   5.31985571   6.03442136   2.10932891  -0.76858832\n   -0.08778361]\n [ -6.92758247  14.64809139   2.10932891  14.92199543 -12.11930338\n   -7.13291032]\n [  8.13883007 -15.67859463  -0.76858832 -12.11930338  21.37004005\n   14.74997445]\n [  5.27939368  -9.2443974   -0.08778361  -7.13291032  14.74997445\n   14.96407449]]", "nfev": "245", "njev": "35", "status": "0", "success": "True", "message": "Optimization terminated successfully.", "x": "[4.08868897 3.78627743 0.77854727 2.37089036 0.47734828 3.81990656]", "nit": "30"}, "6": {"maxiter": 100, "gtol": 1e-10, "xrtol": 1e-10, "eps": 1e-05, "duration": 0.0794837474822998, "fun": "0.30199913090092423", "jac": "[-6.79001300e-07  7.66975372e-07  1.01131326e-06 -2.13573603e-07\n  5.58453284e-07 -1.71596071e-07]", "hess_inv": "[[  8.86418089  -7.06715545  -1.07299688  -6.06413398   7.79648254\n    4.4314863 ]\n [ -7.06715545  19.48936869   5.45341337  13.38238655 -13.39950212\n   -6.63476371]\n [ -1.07299688   5.45341337   6.86241386   1.9975299    0.83281001\n    1.33603073]\n [ -6.06413398  13.38238655   1.9975299   13.86390133 -10.63887415\n   -5.30972938]\n [  7.79648254 -13.39950212   0.83281001 -10.63887415  21.39205304\n   13.92907553]\n [  4.4314863   -6.63476371   1.33603073  -5.30972938  13.92907553\n   13.60520011]]", "nfev": "460", "njev": "64", "status": "2", "success": "False", "message": "Desired error not necessarily achieved due to precision loss.", "x": "[4.08869085 3.78623428 0.77852012 2.37085908 0.47734443 3.81989952]", "nit": "29"}, "7": {"maxiter": 100, "gtol": 1e-10, "xrtol": 1e-10, "eps": 1e-10, "duration": 0.05299520492553711, "fun": "0.30199913089994546", "jac": "[ 1.11022293e-06  3.33066880e-06  3.33066880e-06  1.11022293e-06\n  4.44089173e-06 -1.11022293e-06]", "hess_inv": "[[  9.62704214 -10.90189642  -1.57561158  -9.98894084  11.88307614\n    8.19053793]\n [-10.90189642  19.22892498   1.54308747  14.65385426 -20.48099554\n  -13.57370935]\n [ -1.57561158   1.54308747   4.22333445  -1.63455382   0.40269626\n   -0.3603951 ]\n [ -9.98894084  14.65385426  -1.63455382  16.9423604  -18.98008553\n  -12.80671002]\n [ 11.88307614 -20.48099554   0.40269626 -18.98008553  28.91050367\n   18.84475315]\n [  8.19053793 -13.57370935  -0.3603951  -12.80671002  18.84475315\n   15.92508213]]", "nfev": "308", "njev": "44", "status": "0", "success": "True", "message": "Optimization terminated successfully.", "x": "[4.08868524 3.78627626 0.77854214 2.37089166 0.4773403  3.8198996 ]", "nit": "32"}, "8": {"maxiter": 500, "gtol": 1e-05, "xrtol": 1e-05, "eps": 1e-05, "duration": 0.04108071327209473, "fun": "0.30199913090092423", "jac": "[-6.79001300e-07  7.66975372e-07  1.01131326e-06 -2.13573603e-07\n  5.58453284e-07 -1.71596071e-07]", "hess_inv": "[[  8.99273109  -7.52519505  -1.36713781  -6.34038749   7.92001381\n    4.75873591]\n [ -7.52519505  20.78846372   6.32791459  14.12781658 -13.70712642\n   -7.22525112]\n [ -1.36713781   6.32791459   7.44497989   2.50510947   0.61923765\n    0.88724795]\n [ -6.34038749  14.12781658   2.50510947  14.28616239 -10.80925042\n   -5.60003672]\n [  7.92001381 -13.70712642   0.61923765 -10.80925042  21.45800695\n   14.01445444]\n [  4.75873591  -7.22525112   0.88724795  -5.60003672  14.01445444\n   13.44340172]]", "nfev": "238", "njev": "34", "status": "0", "success": "True", "message": "Optimization terminated successfully.", "x": "[4.08869085 3.78623428 0.77852012 2.37085908 0.47734443 3.81989952]", "nit": "29"}, "9": {"maxiter": 500, "gtol": 1e-05, "xrtol": 1e-05, "eps": 1e-10, "duration": 0.0410921573638916, "fun": "0.3019991309961564", "jac": "[1.11022293e-06 2.22044587e-06 2.22044587e-06 0.00000000e+00\n 2.22044587e-06 1.11022293e-06]", "hess_inv": "[[  9.03435787  -7.71124232  -1.48415807  -6.4780778    7.84079221\n    4.70372675]\n [ -7.71124232  20.98010276   6.26235393  14.31214709 -13.94037273\n   -7.53503056]\n [ -1.48415807   6.26235393   7.24147526   2.49043446   0.32214737\n    0.55805604]\n [ -6.4780778   14.31214709   2.49043446  14.444237   -10.93796371\n   -5.79132432]\n [  7.84079221 -13.94037273   0.32214737 -10.93796371  21.18442759\n   13.74151978]\n [  4.70372675  -7.53503056   0.55805604  -5.79132432  13.74151978\n   13.14555993]]", "nfev": "238", "njev": "34", "status": "0", "success": "True", "message": "Optimization terminated successfully.", "x": "[4.08870086 3.7862814  0.77856876 2.37088505 0.47738462 3.81994106]", "nit": "29"}, "10": {"maxiter": 500, "gtol": 1e-05, "xrtol": 1e-10, "eps": 1e-05, "duration": 0.04104495048522949, "fun": "0.30199913090092423", "jac": "[-6.79001300e-07  7.66975372e-07  1.01131326e-06 -2.13573603e-07\n  5.58453284e-07 -1.71596071e-07]", "hess_inv": "[[  8.99273109  -7.52519505  -1.36713781  -6.34038749   7.92001381\n    4.75873591]\n [ -7.52519505  20.78846372   6.32791459  14.12781658 -13.70712642\n   -7.22525112]\n [ -1.36713781   6.32791459   7.44497989   2.50510947   0.61923765\n    0.88724795]\n [ -6.34038749  14.12781658   2.50510947  14.28616239 -10.80925042\n   -5.60003672]\n [  7.92001381 -13.70712642   0.61923765 -10.80925042  21.45800695\n   14.01445444]\n [  4.75873591  -7.22525112   0.88724795  -5.60003672  14.01445444\n   13.44340172]]", "nfev": "238", "njev": "34", "status": "0", "success": "True", "message": "Optimization terminated successfully.", "x": "[4.08869085 3.78623428 0.77852012 2.37085908 0.47734443 3.81989952]", "nit": "29"}, "11": {"maxiter": 500, "gtol": 1e-05, "xrtol": 1e-10, "eps": 1e-10, "duration": 0.04100298881530762, "fun": "0.3019991309961564", "jac": "[1.11022293e-06 2.22044587e-06 2.22044587e-06 0.00000000e+00\n 2.22044587e-06 1.11022293e-06]", "hess_inv": "[[  9.03435787  -7.71124232  -1.48415807  -6.4780778    7.84079221\n    4.70372675]\n [ -7.71124232  20.98010276   6.26235393  14.31214709 -13.94037273\n   -7.53503056]\n [ -1.48415807   6.26235393   7.24147526   2.49043446   0.32214737\n    0.55805604]\n [ -6.4780778   14.31214709   2.49043446  14.444237   -10.93796371\n   -5.79132432]\n [  7.84079221 -13.94037273   0.32214737 -10.93796371  21.18442759\n   13.74151978]\n [  4.70372675  -7.53503056   0.55805604  -5.79132432  13.74151978\n   13.14555993]]", "nfev": "238", "njev": "34", "status": "0", "success": "True", "message": "Optimization terminated successfully.", "x": "[4.08870086 3.7862814  0.77856876 2.37088505 0.47738462 3.81994106]", "nit": "29"}, "12": {"maxiter": 500, "gtol": 1e-10, "xrtol": 1e-05, "eps": 1e-05, "duration": 0.07850217819213867, "fun": "0.30199913090092423", "jac": "[-6.79001300e-07  7.66975372e-07  1.01131326e-06 -2.13573603e-07\n  5.58453284e-07 -1.71596071e-07]", "hess_inv": "[[  8.86418089  -7.06715545  -1.07299688  -6.06413398   7.79648254\n    4.4314863 ]\n [ -7.06715545  19.48936869   5.45341337  13.38238655 -13.39950212\n   -6.63476371]\n [ -1.07299688   5.45341337   6.86241386   1.9975299    0.83281001\n    1.33603073]\n [ -6.06413398  13.38238655   1.9975299   13.86390133 -10.63887415\n   -5.30972938]\n [  7.79648254 -13.39950212   0.83281001 -10.63887415  21.39205304\n   13.92907553]\n [  4.4314863   -6.63476371   1.33603073  -5.30972938  13.92907553\n   13.60520011]]", "nfev": "460", "njev": "64", "status": "2", "success": "False", "message": "Desired error not necessarily achieved due to precision loss.", "x": "[4.08869085 3.78623428 0.77852012 2.37085908 0.47734443 3.81989952]", "nit": "29"}, "13": {"maxiter": 500, "gtol": 1e-10, "xrtol": 1e-05, "eps": 1e-10, "duration": 0.04221820831298828, "fun": "0.30199913090140573", "jac": "[2.22044587e-06 2.22044587e-06 2.22044587e-06 0.00000000e+00\n 2.22044587e-06 0.00000000e+00]", "hess_inv": "[[  9.21538773  -8.2971946   -1.73016729  -6.92758247   8.13883007\n    5.27939368]\n [ -8.2971946   20.91523246   5.31985571  14.64809139 -15.67859463\n   -9.2443974 ]\n [ -1.73016729   5.31985571   6.03442136   2.10932891  -0.76858832\n   -0.08778361]\n [ -6.92758247  14.64809139   2.10932891  14.92199543 -12.11930338\n   -7.13291032]\n [  8.13883007 -15.67859463  -0.76858832 -12.11930338  21.37004005\n   14.74997445]\n [  5.27939368  -9.2443974   -0.08778361  -7.13291032  14.74997445\n   14.96407449]]", "nfev": "245", "njev": "35", "status": "0", "success": "True", "message": "Optimization terminated successfully.", "x": "[4.08868897 3.78627743 0.77854727 2.37089036 0.47734828 3.81990656]", "nit": "30"}, "14": {"maxiter": 500, "gtol": 1e-10, "xrtol": 1e-10, "eps": 1e-05, "duration": 0.07866287231445312, "fun": "0.30199913090092423", "jac": "[-6.79001300e-07  7.66975372e-07  1.01131326e-06 -2.13573603e-07\n  5.58453284e-07 -1.71596071e-07]", "hess_inv": "[[  8.86418089  -7.06715545  -1.07299688  -6.06413398   7.79648254\n    4.4314863 ]\n [ -7.06715545  19.48936869   5.45341337  13.38238655 -13.39950212\n   -6.63476371]\n [ -1.07299688   5.45341337   6.86241386   1.9975299    0.83281001\n    1.33603073]\n [ -6.06413398  13.38238655   1.9975299   13.86390133 -10.63887415\n   -5.30972938]\n [  7.79648254 -13.39950212   0.83281001 -10.63887415  21.39205304\n   13.92907553]\n [  4.4314863   -6.63476371   1.33603073  -5.30972938  13.92907553\n   13.60520011]]", "nfev": "460", "njev": "64", "status": "2", "success": "False", "message": "Desired error not necessarily achieved due to precision loss.", "x": "[4.08869085 3.78623428 0.77852012 2.37085908 0.47734443 3.81989952]", "nit": "29"}, "15": {"maxiter": 500, "gtol": 1e-10, "xrtol": 1e-10, "eps": 1e-10, "duration": 0.052880048751831055, "fun": "0.30199913089994546", "jac": "[ 1.11022293e-06  3.33066880e-06  3.33066880e-06  1.11022293e-06\n  4.44089173e-06 -1.11022293e-06]", "hess_inv": "[[  9.62704214 -10.90189642  -1.57561158  -9.98894084  11.88307614\n    8.19053793]\n [-10.90189642  19.22892498   1.54308747  14.65385426 -20.48099554\n  -13.57370935]\n [ -1.57561158   1.54308747   4.22333445  -1.63455382   0.40269626\n   -0.3603951 ]\n [ -9.98894084  14.65385426  -1.63455382  16.9423604  -18.98008553\n  -12.80671002]\n [ 11.88307614 -20.48099554   0.40269626 -18.98008553  28.91050367\n   18.84475315]\n [  8.19053793 -13.57370935  -0.3603951  -12.80671002  18.84475315\n   15.92508213]]", "nfev": "308", "njev": "44", "status": "0", "success": "True", "message": "Optimization terminated successfully.", "x": "[4.08868524 3.78627626 0.77854214 2.37089166 0.4773403  3.8198996 ]", "nit": "32"}, "16": {"maxiter": 1000, "gtol": 1e-05, "xrtol": 1e-05, "eps": 1e-05, "duration": 0.040984153747558594, "fun": "0.30199913090092423", "jac": "[-6.79001300e-07  7.66975372e-07  1.01131326e-06 -2.13573603e-07\n  5.58453284e-07 -1.71596071e-07]", "hess_inv": "[[  8.99273109  -7.52519505  -1.36713781  -6.34038749   7.92001381\n    4.75873591]\n [ -7.52519505  20.78846372   6.32791459  14.12781658 -13.70712642\n   -7.22525112]\n [ -1.36713781   6.32791459   7.44497989   2.50510947   0.61923765\n    0.88724795]\n [ -6.34038749  14.12781658   2.50510947  14.28616239 -10.80925042\n   -5.60003672]\n [  7.92001381 -13.70712642   0.61923765 -10.80925042  21.45800695\n   14.01445444]\n [  4.75873591  -7.22525112   0.88724795  -5.60003672  14.01445444\n   13.44340172]]", "nfev": "238", "njev": "34", "status": "0", "success": "True", "message": "Optimization terminated successfully.", "x": "[4.08869085 3.78623428 0.77852012 2.37085908 0.47734443 3.81989952]", "nit": "29"}, "17": {"maxiter": 1000, "gtol": 1e-05, "xrtol": 1e-05, "eps": 1e-10, "duration": 0.04097700119018555, "fun": "0.3019991309961564", "jac": "[1.11022293e-06 2.22044587e-06 2.22044587e-06 0.00000000e+00\n 2.22044587e-06 1.11022293e-06]", "hess_inv": "[[  9.03435787  -7.71124232  -1.48415807  -6.4780778    7.84079221\n    4.70372675]\n [ -7.71124232  20.98010276   6.26235393  14.31214709 -13.94037273\n   -7.53503056]\n [ -1.48415807   6.26235393   7.24147526   2.49043446   0.32214737\n    0.55805604]\n [ -6.4780778   14.31214709   2.49043446  14.444237   -10.93796371\n   -5.79132432]\n [  7.84079221 -13.94037273   0.32214737 -10.93796371  21.18442759\n   13.74151978]\n [  4.70372675  -7.53503056   0.55805604  -5.79132432  13.74151978\n   13.14555993]]", "nfev": "238", "njev": "34", "status": "0", "success": "True", "message": "Optimization terminated successfully.", "x": "[4.08870086 3.7862814  0.77856876 2.37088505 0.47738462 3.81994106]", "nit": "29"}, "18": {"maxiter": 1000, "gtol": 1e-05, "xrtol": 1e-10, "eps": 1e-05, "duration": 0.04086709022521973, "fun": "0.30199913090092423", "jac": "[-6.79001300e-07  7.66975372e-07  1.01131326e-06 -2.13573603e-07\n  5.58453284e-07 -1.71596071e-07]", "hess_inv": "[[  8.99273109  -7.52519505  -1.36713781  -6.34038749   7.92001381\n    4.75873591]\n [ -7.52519505  20.78846372   6.32791459  14.12781658 -13.70712642\n   -7.22525112]\n [ -1.36713781   6.32791459   7.44497989   2.50510947   0.61923765\n    0.88724795]\n [ -6.34038749  14.12781658   2.50510947  14.28616239 -10.80925042\n   -5.60003672]\n [  7.92001381 -13.70712642   0.61923765 -10.80925042  21.45800695\n   14.01445444]\n [  4.75873591  -7.22525112   0.88724795  -5.60003672  14.01445444\n   13.44340172]]", "nfev": "238", "njev": "34", "status": "0", "success": "True", "message": "Optimization terminated successfully.", "x": "[4.08869085 3.78623428 0.77852012 2.37085908 0.47734443 3.81989952]", "nit": "29"}, "19": {"maxiter": 1000, "gtol": 1e-05, "xrtol": 1e-10, "eps": 1e-10, "duration": 0.04103493690490723, "fun": "0.3019991309961564", "jac": "[1.11022293e-06 2.22044587e-06 2.22044587e-06 0.00000000e+00\n 2.22044587e-06 1.11022293e-06]", "hess_inv": "[[  9.03435787  -7.71124232  -1.48415807  -6.4780778    7.84079221\n    4.70372675]\n [ -7.71124232  20.98010276   6.26235393  14.31214709 -13.94037273\n   -7.53503056]\n [ -1.48415807   6.26235393   7.24147526   2.49043446   0.32214737\n    0.55805604]\n [ -6.4780778   14.31214709   2.49043446  14.444237   -10.93796371\n   -5.79132432]\n [  7.84079221 -13.94037273   0.32214737 -10.93796371  21.18442759\n   13.74151978]\n [  4.70372675  -7.53503056   0.55805604  -5.79132432  13.74151978\n   13.14555993]]", "nfev": "238", "njev": "34", "status": "0", "success": "True", "message": "Optimization terminated successfully.", "x": "[4.08870086 3.7862814  0.77856876 2.37088505 0.47738462 3.81994106]", "nit": "29"}, "20": {"maxiter": 1000, "gtol": 1e-10, "xrtol": 1e-05, "eps": 1e-05, "duration": 0.07825112342834473, "fun": "0.30199913090092423", "jac": "[-6.79001300e-07  7.66975372e-07  1.01131326e-06 -2.13573603e-07\n  5.58453284e-07 -1.71596071e-07]", "hess_inv": "[[  8.86418089  -7.06715545  -1.07299688  -6.06413398   7.79648254\n    4.4314863 ]\n [ -7.06715545  19.48936869   5.45341337  13.38238655 -13.39950212\n   -6.63476371]\n [ -1.07299688   5.45341337   6.86241386   1.9975299    0.83281001\n    1.33603073]\n [ -6.06413398  13.38238655   1.9975299   13.86390133 -10.63887415\n   -5.30972938]\n [  7.79648254 -13.39950212   0.83281001 -10.63887415  21.39205304\n   13.92907553]\n [  4.4314863   -6.63476371   1.33603073  -5.30972938  13.92907553\n   13.60520011]]", "nfev": "460", "njev": "64", "status": "2", "success": "False", "message": "Desired error not necessarily achieved due to precision loss.", "x": "[4.08869085 3.78623428 0.77852012 2.37085908 0.47734443 3.81989952]", "nit": "29"}, "21": {"maxiter": 1000, "gtol": 1e-10, "xrtol": 1e-05, "eps": 1e-10, "duration": 0.04212188720703125, "fun": "0.30199913090140573", "jac": "[2.22044587e-06 2.22044587e-06 2.22044587e-06 0.00000000e+00\n 2.22044587e-06 0.00000000e+00]", "hess_inv": "[[  9.21538773  -8.2971946   -1.73016729  -6.92758247   8.13883007\n    5.27939368]\n [ -8.2971946   20.91523246   5.31985571  14.64809139 -15.67859463\n   -9.2443974 ]\n [ -1.73016729   5.31985571   6.03442136   2.10932891  -0.76858832\n   -0.08778361]\n [ -6.92758247  14.64809139   2.10932891  14.92199543 -12.11930338\n   -7.13291032]\n [  8.13883007 -15.67859463  -0.76858832 -12.11930338  21.37004005\n   14.74997445]\n [  5.27939368  -9.2443974   -0.08778361  -7.13291032  14.74997445\n   14.96407449]]", "nfev": "245", "njev": "35", "status": "0", "success": "True", "message": "Optimization terminated successfully.", "x": "[4.08868897 3.78627743 0.77854727 2.37089036 0.47734828 3.81990656]", "nit": "30"}, "22": {"maxiter": 1000, "gtol": 1e-10, "xrtol": 1e-10, "eps": 1e-05, "duration": 0.07845020294189453, "fun": "0.30199913090092423", "jac": "[-6.79001300e-07  7.66975372e-07  1.01131326e-06 -2.13573603e-07\n  5.58453284e-07 -1.71596071e-07]", "hess_inv": "[[  8.86418089  -7.06715545  -1.07299688  -6.06413398   7.79648254\n    4.4314863 ]\n [ -7.06715545  19.48936869   5.45341337  13.38238655 -13.39950212\n   -6.63476371]\n [ -1.07299688   5.45341337   6.86241386   1.9975299    0.83281001\n    1.33603073]\n [ -6.06413398  13.38238655   1.9975299   13.86390133 -10.63887415\n   -5.30972938]\n [  7.79648254 -13.39950212   0.83281001 -10.63887415  21.39205304\n   13.92907553]\n [  4.4314863   -6.63476371   1.33603073  -5.30972938  13.92907553\n   13.60520011]]", "nfev": "460", "njev": "64", "status": "2", "success": "False", "message": "Desired error not necessarily achieved due to precision loss.", "x": "[4.08869085 3.78623428 0.77852012 2.37085908 0.47734443 3.81989952]", "nit": "29"}, "23": {"maxiter": 1000, "gtol": 1e-10, "xrtol": 1e-10, "eps": 1e-10, "duration": 0.05303192138671875, "fun": "0.30199913089994546", "jac": "[ 1.11022293e-06  3.33066880e-06  3.33066880e-06  1.11022293e-06\n  4.44089173e-06 -1.11022293e-06]", "hess_inv": "[[  9.62704214 -10.90189642  -1.57561158  -9.98894084  11.88307614\n    8.19053793]\n [-10.90189642  19.22892498   1.54308747  14.65385426 -20.48099554\n  -13.57370935]\n [ -1.57561158   1.54308747   4.22333445  -1.63455382   0.40269626\n   -0.3603951 ]\n [ -9.98894084  14.65385426  -1.63455382  16.9423604  -18.98008553\n  -12.80671002]\n [ 11.88307614 -20.48099554   0.40269626 -18.98008553  28.91050367\n   18.84475315]\n [  8.19053793 -13.57370935  -0.3603951  -12.80671002  18.84475315\n   15.92508213]]", "nfev": "308", "njev": "44", "status": "0", "success": "True", "message": "Optimization terminated successfully.", "x": "[4.08868524 3.78627626 0.77854214 2.37089166 0.4773403  3.8198996 ]", "nit": "32"}}, "cobyla": {"0": {"maxiter": 100, "tol": 1e-05, "catol": 1e-05, "duration": 0.01655721664428711, "x": "[5.1157137  5.12025583 3.59279173 4.85496599 0.08984442 2.73315096]", "status": "2", "success": "False", "message": "Maximum number of function evaluations has been exceeded.", "nfev": "100", "fun": "0.19083516894502395", "maxcv": "0.0"}, "1": {"maxiter": 100, "tol": 1e-05, "catol": 1e-10, "duration": 0.016501903533935547, "x": "[5.1157137  5.12025583 3.59279173 4.85496599 0.08984442 2.73315096]", "status": "2", "success": "False", "message": "Maximum number of function evaluations has been exceeded.", "nfev": "100", "fun": "0.19083516894502395", "maxcv": "0.0"}, "2": {"maxiter": 100, "tol": 1e-10, "catol": 1e-05, "duration": 0.01675701141357422, "x": "[5.1157137  5.12025583 3.59279173 4.85496599 0.08984442 2.73315096]", "status": "2", "success": "False", "message": "Maximum number of function evaluations has been exceeded.", "nfev": "100", "fun": "0.19083516894502395", "maxcv": "0.0"}, "3": {"maxiter": 100, "tol": 1e-10, "catol": 1e-10, "duration": 0.016817092895507812, "x": "[5.1157137  5.12025583 3.59279173 4.85496599 0.08984442 2.73315096]", "status": "2", "success": "False", "message": "Maximum number of function evaluations has been exceeded.", "nfev": "100", "fun": "0.19083516894502395", "maxcv": "0.0"}, "4": {"maxiter": 500, "tol": 1e-05, "catol": 1e-05, "duration": 0.034577131271362305, "x": "[5.1155701  5.12358587 3.59508172 4.85526101 0.08588477 2.73465548]", "status": "1", "success": "True", "message": "Optimization terminated successfully.", "nfev": "206", "fun": "0.190833906300926", "maxcv": "0.0"}, "5": {"maxiter": 500, "tol": 1e-05, "catol": 1e-10, "duration": 0.03448319435119629, "x": "[5.1155701  5.12358587 3.59508172 4.85526101 0.08588477 2.73465548]", "status": "1", "success": "True", "message": "Optimization termi