{"date": "2024/07/19/, 14:06:39", "conf_id": 204, "data_type": "non_lin_ind\n", "num_data_points": 3, "s_rank": 0, "unitary": "[[-0.24866696+0.58742286j,-0.44704345-0.43151574j,-0.35669027-0.20570733j,-0.10517633+0.1626036j],[0.10596805-0.19687975j,-0.30269685-0.15056416j,0.18246286+0.30440582j,-0.83484447-0.11310748j],[0.26054512-0.52548482j,0.0285017-0.50723956j,-0.43110112+0.17165838j,0.15243271+0.39915801j],[0.42978035+0.11991271j,-0.17224126-0.46030424j,0.6827807-0.15164662j,0.26483638+0.0061855j]]", "databatch_0": {"databatch": "[[[0.11346739-0.16942864j,0.00712146-0.08770383j,-0.10342055-0.19311914j,0.16935143+0.21676903j],[0.34280672-0.06369859j,0.11577225-0.09609769j,0.11259626-0.35726357j,-0.06273185+0.46615915j],[0.15610179+0.09331273j,0.07844354+0.00233002j,0.16727877-0.10095308j,-0.18532691+0.16075978j],[0.06487603-0.19984179j,-0.01758389-0.08894411j,-0.15678731-0.16238425j,0.22879161+0.16730332j]],[[0.08541922+0.25194792j,0.0328971-0.14481071j,0.11698312-0.14519308j,-0.18334204+0.10851809j],[-0.20605585+0.40554908j,0.21641635-0.13281751j,0.31736791-0.03043702j,-0.35181412-0.09454722j],[-0.22050118+0.08761114j,0.13048799+0.02267532j,0.13467607+0.09755313j,-0.10504609-0.15833708j],[0.15547221+0.22576087j,-0.00807809-0.15279825j,0.07517113-0.17680432j,-0.15125962+0.15909341j]],[[0.07545724-0.03183807j,-0.15964585+0.23963734j,0.12890838-0.22022227j,-0.0077297-0.13486232j],[0.12911046+0.05423748j,-0.48385603+0.09112254j,0.42337966-0.10551329j,0.15569987-0.17061572j],[0.03181082+0.06575286j,-0.22074957-0.1312313j,0.20205014+0.10474185j,0.11976801-0.01305571j],[0.06585666-0.05276436j,-0.09092626+0.28241701j,0.06591077-0.25453354j,-0.04555712-0.13152057j]]]", "initial param values": "[5.46067431,1.02396797,2.27460533,5.07235787,4.84842942,2.72580281]", "nelder_mead": {"type": "gradient-free", "0": {"maxiter": 100, "fatol": 1e-05, "xatol": 1e-05, "duration": 0.02776503562927246, "fun": "0.23669282929747038", "nit": "100", "nfev": "160", "status": "2", "success": "False", "message": "Maximum number of iterations has been exceeded.", "x": "[4.67202306 1.61212519 3.89654381 3.51038357 7.42088858 2.08029573]", "final_simplex": "(array([[4.67202306, 1.61212519, 3.89654381, 3.51038357, 7.42088858,\n        2.08029573],\n       [4.87352531, 1.50742871, 3.60588535, 3.81654349, 7.16052125,\n        1.91950153],\n       [4.76601893, 1.67739393, 3.59712617, 3.54854147, 7.14834599,\n        1.7106279 ],\n       [4.84479448, 1.69083018, 3.43189537, 3.70754034, 6.81542957,\n        1.66873521],\n       [4.7478725 , 1.74403855, 3.57242078, 3.5880808 , 6.85777329,\n        1.43456982],\n       [4.63328412, 1.79313152, 3.57528579, 3.65106315, 6.86665223,\n        1.29727746],\n       [4.54209852, 1.74642494, 3.46222362, 3.62450424, 6.92439203,\n        1.45555063]]), array([0.23669283, 0.2474532 , 0.25554071, 0.26467038, 0.26662024,\n       0.2691584 , 0.27040406]))"}, "1": {"maxiter": 100, "fatol": 1e-05, "xatol": 1e-10, "duration": 0.02728724479675293, "fun": "0.23669282929747038", "nit": "100", "nfev": "160", "status": "2", "success": "False", "message": "Maximum number of iterations has been exceeded.", "x": "[4.67202306 1.61212519 3.89654381 3.51038357 7.42088858 2.08029573]", "final_simplex": "(array([[4.67202306, 1.61212519, 3.89654381, 3.51038357, 7.42088858,\n        2.08029573],\n       [4.87352531, 1.50742871, 3.60588535, 3.81654349, 7.16052125,\n        1.91950153],\n       [4.76601893, 1.67739393, 3.59712617, 3.54854147, 7.14834599,\n        1.7106279 ],\n       [4.84479448, 1.69083018, 3.43189537, 3.70754034, 6.81542957,\n        1.66873521],\n       [4.7478725 , 1.74403855, 3.57242078, 3.5880808 , 6.85777329,\n        1.43456982],\n       [4.63328412, 1.79313152, 3.57528579, 3.65106315, 6.86665223,\n        1.29727746],\n       [4.54209852, 1.74642494, 3.46222362, 3.62450424, 6.92439203,\n        1.45555063]]), array([0.23669283, 0.2474532 , 0.25554071, 0.26467038, 0.26662024,\n       0.2691584 , 0.27040406]))"}, "2": {"maxiter": 100, "fatol": 1e-10, "xatol": 1e-05, "duration": 0.027308940887451172, "fun": "0.23669282929747038", "nit": "100", "nfev": "160", "status": "2", "success": "False", "message": "Maximum number of iterations has been exceeded.", "x": "[4.67202306 1.61212519 3.89654381 3.51038357 7.42088858 2.08029573]", "final_simplex": "(array([[4.67202306, 1.61212519, 3.89654381, 3.51038357, 7.42088858,\n        2.08029573],\n       [4.87352531, 1.50742871, 3.60588535, 3.81654349, 7.16052125,\n        1.91950153],\n       [4.76601893, 1.67739393, 3.59712617, 3.54854147, 7.14834599,\n        1.7106279 ],\n       [4.84479448, 1.69083018, 3.43189537, 3.70754034, 6.81542957,\n        1.66873521],\n       [4.7478725 , 1.74403855, 3.57242078, 3.5880808 , 6.85777329,\n        1.43456982],\n       [4.63328412, 1.79313152, 3.57528579, 3.65106315, 6.86665223,\n        1.29727746],\n       [4.54209852, 1.74642494, 3.46222362, 3.62450424, 6.92439203,\n        1.45555063]]), array([0.23669283, 0.2474532 , 0.25554071, 0.26467038, 0.26662024,\n       0.2691584 , 0.27040406]))"}, "3": {"maxiter": 100, "fatol": 1e-10, "xatol": 1e-10, "duration": 0.027270793914794922, "fun": "0.23669282929747038", "nit": "100", "nfev": "160", "status": "2", "success": "False", "message": "Maximum number of iterations has been exceeded.", "x": "[4.67202306 1.61212519 3.89654381 3.51038357 7.42088858 2.08029573]", "final_simplex": "(array([[4.67202306, 1.61212519, 3.89654381, 3.51038357, 7.42088858,\n        2.08029573],\n       [4.87352531, 1.50742871, 3.60588535, 3.81654349, 7.16052125,\n        1.91950153],\n       [4.76601893, 1.67739393, 3.59712617, 3.54854147, 7.14834599,\n        1.7106279 ],\n       [4.84479448, 1.69083018, 3.43189537, 3.70754034, 6.81542957,\n        1.66873521],\n       [4.7478725 , 1.74403855, 3.57242078, 3.5880808 , 6.85777329,\n        1.43456982],\n       [4.63328412, 1.79313152, 3.57528579, 3.65106315, 6.86665223,\n        1.29727746],\n       [4.54209852, 1.74642494, 3.46222362, 3.62450424, 6.92439203,\n        1.45555063]]), array([0.23669283, 0.2474532 , 0.25554071, 0.26467038, 0.26662024,\n       0.2691584 , 0.27040406]))"}, "4": {"maxiter": 500, "fatol": 1e-05, "xatol": 1e-05, "duration": 0.1318979263305664, "fun": "0.1467548792673924", "nit": "500", "nfev": "775", "status": "2", "success": "False", "message": "Maximum number of iterations has been exceeded.", "x": "[3.56787251 2.70022783 7.41269246 5.66432162 8.70519394 5.17103848]", "final_simplex": "(array([[3.56787251, 2.70022783, 7.41269246, 5.66432162, 8.70519394,\n        5.17103848],\n       [3.56787189, 2.70022437, 7.41268913, 5.66431908, 8.70519491,\n        5.17103455],\n       [3.56787497, 2.70023743, 7.412705  , 5.66432289, 8.70519249,\n        5.17104036],\n       [3.56787338, 2.70023304, 7.41269881, 5.66432156, 8.70519358,\n        5.17103744],\n       [3.56787363, 2.70023008, 7.41269539, 5.66432049, 8.70519289,\n        5.17103892],\n       [3.56787595, 2.70023219, 7.41269823, 5.66432311, 8.70519267,\n        5.17104007],\n       [3.56787309, 2.70023375, 7.41269977, 5.66432027, 8.70519342,\n        5.17104064]]), array([0.14675488, 0.14675488, 0.14675488, 0.14675488, 0.14675488,\n       0.14675488, 0.14675488]))"}, "5": {"maxiter": 500, "fatol": 1e-05, "xatol": 1e-10, "duration": 0.13149523735046387, "fun": "0.1467548792673924", "nit": "500", "nfev": "775", "status": "2", "success": "False", "message": "Maximum number of iterations has been exceeded.", "x": "[3.56787251 2.70022783 7.41269246 5.66432162 8.70519394 5.17103848]", "final_simplex": "(array([[3.56787251, 2.70022783, 7.41269246, 5.66432162, 8.70519394,\n        5.17103848],\n       [3.56787189, 2.70022437, 7.41268913, 5.66431908, 8.70519491,\n        5.17103455],\n       [3.56787497, 2.70023743, 7.412705  , 5.66432289, 8.70519249,\n        5.17104036],\n       [3.56787338, 2.70023304, 7.41269881, 5.66432156, 8.70519358,\n        5.17103744],\n       [3.56787363, 2.70023008, 7.41269539, 5.66432049, 8.70519289,\n        5.17103892],\n       [3.56787595, 2.70023219, 7.41269823, 5.66432311, 8.70519267,\n        5.17104007],\n       [3.56787309, 2.70023375, 7.41269977, 5.66432027, 8.70519342,\n        5.17104064]]), array([0.14675488, 0.14675488, 0.14675488, 0.14675488, 0.14675488,\n       0.14675488, 0.14675488]))"}, "6": {"maxiter": 500, "fatol": 1e-10, "xatol": 1e-05, "duration": 0.13265395164489746, "fun": "0.1467548792673924", "nit": "500", "nfev": "775", "status": "2", "success": "False", "message": "Maximum number of iterations has been exceeded.", "x": "[3.56787251 2.70022783 7.41269246 5.66432162 8.70519394 5.17103848]", "final_simplex": "(array([[3.56787251, 2.70022783, 7.41269246, 5.66432162, 8.70519394,\n        5.17103848],\n       [3.56787189, 2.70022437, 7.41268913, 5.66431908, 8.70519491,\n        5.17103455],\n       [3.56787497, 2.70023743, 7.412705  , 5.66432289, 8.70519249,\n        5.17104036],\n       [3.56787338, 2.70023304, 7.41269881, 5.66432156, 8.70519358,\n        5.17103744],\n       [3.56787363, 2.70023008, 7.41269539, 5.66432049, 8.70519289,\n        5.17103892],\n       [3.56787595, 2.70023219, 7.41269823, 5.66432311, 8.70519267,\n        5.17104007],\n       [3.56787309, 2.70023375, 7.41269977, 5.66432027, 8.70519342,\n        5.17104064]]), array([0.14675488, 0.14675488, 0.14675488, 0.14675488, 0.14675488,\n       0.14675488, 0.14675488]))"}, "7": {"maxiter": 500, "fatol": 1e-10, "xatol": 1e-10, "duration": 0.13162803649902344, "fun": "0.1467548792673924", "nit": "500", "nfev": "775", "status": "2", "success": "False", "message": "Maximum number of iterations has been exceeded.", "x": "[3.56787251 2.70022783 7.41269246 5.66432162 8.70519394 5.17103848]", "final_simplex": "(array([[3.56787251, 2.70022783, 7.41269246, 5.66432162, 8.70519394,\n        5.17103848],\n       [3.56787189, 2.70022437, 7.41268913, 5.66431908, 8.70519491,\n        5.17103455],\n       [3.56787497, 2.70023743, 7.412705  , 5.66432289, 8.70519249,\n        5.17104036],\n       [3.56787338, 2.70023304, 7.41269881, 5.66432156, 8.70519358,\n        5.17103744],\n       [3.56787363, 2.70023008, 7.41269539, 5.66432049, 8.70519289,\n        5.17103892],\n       [3.56787595, 2.70023219, 7.41269823, 5.66432311, 8.70519267,\n        5.17104007],\n       [3.56787309, 2.70023375, 7.41269977, 5.66432027, 8.70519342,\n        5.17104064]]), array([0.14675488, 0.14675488, 0.14675488, 0.14675488, 0.14675488,\n       0.14675488, 0.14675488]))"}, "8": {"maxiter": 1000, "fatol": 1e-05, "xatol": 1e-05, "duration": 0.1326446533203125, "fun": "0.1467548792672938", "nit": "504", "nfev": "782", "status": "0", "success": "True", "message": "Optimization terminated successfully.", "x": "[3.56787348 2.70022986 7.41269568 5.66432141 8.70519374 5.17103867]", "final_simplex": "(array([[3.56787348, 2.70022986, 7.41269568, 5.66432141, 8.70519374,\n        5.17103867],\n       [3.56787251, 2.70022783, 7.41269246, 5.66432162, 8.70519394,\n        5.17103848],\n       [3.56787341, 2.70023229, 7.41269814, 5.66432086, 8.70519342,\n        5.17103947],\n       [3.56787463, 2.70023151, 7.41269736, 5.6643221 , 8.7051931 ,\n        5.17103914],\n       [3.56787189, 2.70022437, 7.41268913, 5.66431908, 8.70519491,\n        5.17103455],\n       [3.5678733 , 2.70023208, 7.41269824, 5.66432221, 8.70519425,\n        5.17103756],\n       [3.56787497, 2.70023743, 7.412705  , 5.66432289, 8.70519249,\n        5.17104036]]), array([0.14675488, 0.14675488, 0.14675488, 0.14675488, 0.14675488,\n       0.14675488, 0.14675488]))"}, "9": {"maxiter": 1000, "fatol": 1e-05, "xatol": 1e-10, "duration": 0.16494512557983398, "fun": "0.14675487926718078", "nit": "583", "nfev": "977", "status": "0", "success": "True", "message": "Optimization terminated successfully.", "x": "[3.5678732  2.70023051 7.41269591 5.66432152 8.70519384 5.17103818]", "final_simplex": "(array([[3.5678732 , 2.70023051, 7.41269591, 5.66432152, 8.70519384,\n        5.17103818],\n       [3.5678732 , 2.70023051, 7.41269591, 5.66432152, 8.70519384,\n        5.17103818],\n       [3.5678732 , 2.70023051, 7.41269591, 5.66432152, 8.70519384,\n        5.17103818],\n       [3.5678732 , 2.70023051, 7.41269591, 5.66432152, 8.70519384,\n        5.17103818],\n       [3.5678732 , 2.70023051, 7.41269591, 5.66432152, 8.70519384,\n        5.17103818],\n       [3.5678732 , 2.70023051, 7.41269591, 5.66432152, 8.70519384,\n        5.17103818],\n       [3.5678732 , 2.70023051, 7.41269591, 5.66432152, 8.70519384,\n        5.17103818]]), array([0.14675488, 0.14675488, 0.14675488, 0.14675488, 0.14675488,\n       0.14675488, 0.14675488]))"}, "10": {"maxiter": 1000, "fatol": 1e-10, "xatol": 1e-05, "duration": 0.13447809219360352, "fun": "0.1467548792672938", "nit": "504", "nfev": "782", "status": "0", "success": "True", "message": "Optimization terminated successfully.", "x": "[3.56787348 2.70022986 7.41269568 5.66432141 8.70519374 5.17103867]", "final_simplex": "(array([[3.56787348, 2.70022986, 7.41269568, 5.66432141, 8.70519374,\n        5.17103867],\n       [3.56787251, 2.70022783, 7.41269246, 5.66432162, 8.70519394,\n        5.17103848],\n       [3.56787341, 2.70023229, 7.41269814, 5.66432086, 8.70519342,\n        5.17103947],\n       [3.56787463, 2.70023151, 7.41269736, 5.6643221 , 8.7051931 ,\n        5.17103914],\n       [3.56787189, 2.70022437, 7.41268913, 5.66431908, 8.70519491,\n        5.17103455],\n       [3.5678733 , 2.70023208, 7.41269824, 5.66432221, 8.70519425,\n        5.17103756],\n       [3.56787497, 2.70023743, 7.412705  , 5.66432289, 8.70519249,\n        5.17104036]]), array([0.14675488, 0.14675488, 0.14675488, 0.14675488, 0.14675488,\n       0.14675488, 0.14675488]))"}, "11": {"maxiter": 1000, "fatol": 1e-10, "xatol": 1e-10, "duration": 0.16562795639038086, "fun": "0.14675487926718078", "nit": "583", "nfev": "977", "status": "0", "success": "True", "message": "Optimization terminated successfully.", "x": "[3.5678732  2.70023051 7.41269591 5.66432152 8.70519384 5.17103818]", "final_simplex": "(array([[3.5678732 , 2.70023051, 7.41269591, 5.66432152, 8.70519384,\n        5.17103818],\n       [3.5678732 , 2.70023051, 7.41269591, 5.66432152, 8.70519384,\n        5.17103818],\n       [3.5678732 , 2.70023051, 7.41269591, 5.66432152, 8.70519384,\n        5.17103818],\n       [3.5678732 , 2.70023051, 7.41269591, 5.66432152, 8.70519384,\n        5.17103818],\n       [3.5678732 , 2.70023051, 7.41269591, 5.66432152, 8.70519384,\n        5.17103818],\n       [3.5678732 , 2.70023051, 7.41269591, 5.66432152, 8.70519384,\n        5.17103818],\n       [3.5678732 , 2.70023051, 7.41269591, 5.66432152, 8.70519384,\n        5.17103818]]), array([0.14675488, 0.14675488, 0.14675488, 0.14675488, 0.14675488,\n       0.14675488, 0.14675488]))"}}, "bfgs": {"type": "gradient", "0": {"maxiter": 100, "gtol": 1e-05, "xrtol": 1e-05, "eps": 1e-05, "duration": 0.030475139617919922, "fun": "0.14675487976003188", "jac": "[-2.92910141e-06 -9.33997324e-07  1.35562672e-06  2.51590970e-06\n -2.89546165e-07  5.14234211e-06]", "hess_inv": "[[ 5.718039    2.71352372  3.75899312 -4.54335994  0.22607864  0.31877533]\n [ 2.71352372 16.49218085 12.46545092 -0.9408752  11.19728832 -7.88646958]\n [ 3.75899312 12.46545092 13.32296668 -1.76021969  8.36164465 -7.22024531]\n [-4.54335994 -0.9408752  -1.76021969  7.77933187  0.75293711 -2.56106307]\n [ 0.22607864 11.19728832  8.36164465  0.75293711  9.66876183 -6.15598894]\n [ 0.31877533 -7.88646958 -7.22024531 -2.56106307 -6.15598894  8.0370461 ]]", "nfev": "175", "njev": "25", "status": "0", "success": "True", "message": "Optimization terminated successfully.", "x": "[3.54863824 2.59430619 0.98871415 6.93495614 5.61355757 1.94270176]", "nit": "24"}, "1": {"maxiter": 100, "gtol": 1e-05, "xrtol": 1e-05, "eps": 1e-10, "duration": 0.03152608871459961, "fun": "0.14675487933883413", "jac": "[-2.22044587e-06  0.00000000e+00  1.11022293e-06  2.22044587e-06\n -2.22044587e-06 -3.33066880e-06]", "hess_inv": "[[ 5.60598925  2.11027045  3.21558088 -4.49179119 -0.19389945  0.71445819]\n [ 2.11027045 15.60211146 11.87082481 -0.20594929 10.41560414 -8.20535296]\n [ 3.21558088 11.87082481 13.00010242 -1.06504823  7.80875638 -7.70371879]\n [-4.49179119 -0.20594929 -1.06504823  7.82215832  1.2723944  -3.1663687 ]\n [-0.19389945 10.41560414  7.80875638  1.2723944   8.9535691  -6.31527837]\n [ 0.71445819 -8.20535296 -7.70371879 -3.1663687  -6.31527837  9.03826395]]", "nfev": "182", "njev": "26", "status": "0", "success": "True", "message": "Optimization terminated successfully.", "x": "[3.54866183 2.59442699 0.98884261 6.93494432 5.61359455 1.94266422]", "nit": "25"}, "2": {"maxiter": 100, "gtol": 1e-05, "xrtol": 1e-10, "eps": 1e-05, "duration": 0.030351877212524414, "fun": "0.14675487976003188", "jac": "[-2.92910141e-06 -9.33997324e-07  1.35562672e-06  2.51590970e-06\n -2.89546165e-07  5.14234211e-06]", "hess_inv": "[[ 5.718039    2.71352372  3.75899312 -4.54335994  0.22607864  0.31877533]\n [ 2.71352372 16.49218085 12.46545092 -0.9408752  11.19728832 -7.88646958]\n [ 3.75899312 12.46545092 13.32296668 -1.76021969  8.36164465 -7.22024531]\n [-4.54335994 -0.9408752  -1.76021969  7.77933187  0.75293711 -2.56106307]\n [ 0.22607864 11.19728832  8.36164465  0.75293711  9.66876183 -6.15598894]\n [ 0.31877533 -7.88646958 -7.22024531 -2.56106307 -6.15598894  8.0370461 ]]", "nfev": "175", "njev": "25", "status": "0", "success": "True", "message": "Optimization terminated successfully.", "x": "[3.54863824 2.59430619 0.98871415 6.93495614 5.61355757 1.94270176]", "nit": "24"}, "3": {"maxiter": 100, "gtol": 1e-05, "xrtol": 1e-10, "eps": 1e-10, "duration": 0.031462907791137695, "fun": "0.14675487933883413", "jac": "[-2.22044587e-06  0.00000000e+00  1.11022293e-06  2.22044587e-06\n -2.22044587e-06 -3.33066880e-06]", "hess_inv": "[[ 5.60598925  2.11027045  3.21558088 -4.49179119 -0.19389945  0.71445819]\n [ 2.11027045 15.60211146 11.87082481 -0.20594929 10.41560414 -8.20535296]\n [ 3.21558088 11.87082481 13.00010242 -1.06504823  7.80875638 -7.70371879]\n [-4.49179119 -0.20594929 -1.06504823  7.82215832  1.2723944  -3.1663687 ]\n [-0.19389945 10.41560414  7.80875638  1.2723944   8.9535691  -6.31527837]\n [ 0.71445819 -8.20535296 -7.70371879 -3.1663687  -6.31527837  9.03826395]]", "nfev": "182", "njev": "26", "status": "0", "success": "True", "message": "Optimization terminated successfully.", "x": "[3.54866183 2.59442699 0.98884261 6.93494432 5.61359455 1.94266422]", "nit": "25"}, "4": {"maxiter": 100, "gtol": 1e-10, "xrtol": 1e-05, "eps": 1e-05, "duration": 0.07871198654174805, "fun": "0.14675487937507636", "jac": "[-4.02888833e-07  2.98550074e-07  1.48183688e-06 -3.43935991e-07\n  6.07625061e-08  1.81898940e-06]", "hess_inv": "[[ 4.85057951  1.93425762  2.95808657 -3.53788798 -0.0667214   0.07162816]\n [ 1.93425762 16.48166989 12.20381073  0.39605026 11.46867694 -9.44214483]\n [ 2.95808657 12.20381073 12.8434782  -0.47056861  8.44470696 -8.48513272]\n [-3.53788798  0.39605026 -0.47056861  6.76441204  1.43086231 -2.86151371]\n [-0.0667214  11.46867694  8.44470696  1.43086231  9.98408627 -7.27804372]\n [ 0.07162816 -9.44214483 -8.48513272 -2.86151371 -7.27804372 10.02710672]]", "nfev": "460", "njev": "64", "status": "2", "success": "False", "message": "Desired error not necessarily achieved due to precision loss.", "x": "[3.54866311 2.5943672  0.98877079 6.9349383  5.61359619 1.94266154]", "nit": "25"}, "5": {"maxiter": 100, "gtol": 1e-10, "xrtol": 1e-05, "eps": 1e-10, "duration": 0.03176569938659668, "fun": "0.14675487933883413", "jac": "[-2.22044587e-06  0.00000000e+00  1.11022293e-06  2.22044587e-06\n -2.22044587e-06 -3.33066880e-06]", "hess_inv": "[[ 5.60598925  2.11027045  3.21558088 -4.49179119 -0.19389945  0.71445819]\n [ 2.11027045 15.60211146 11.87082481 -0.20594929 10.41560414 -8.20535296]\n [ 3.21558088 11.87082481 13.00010242 -1.06504823  7.80875638 -7.70371879]\n [-4.49179119 -0.20594929 -1.06504823  7.82215832  1.2723944  -3.1663687 ]\n [-0.19389945 10.41560414  7.80875638  1.2723944   8.9535691  -6.31527837]\n [ 0.71445819 -8.20535296 -7.70371879 -3.1663687  -6.31527837  9.03826395]]", "nfev": "182", "njev": "26", "status": "0", "success": "True", "message": "Optimization terminated successfully.", "x": "[3.54866183 2.59442699 0.98884261 6.93494432 5.61359455 1.94266422]", "nit": "25"}, "6": {"maxiter": 100, "gtol": 1e-10, "xrtol": 1e-10, "eps": 1e-05, "duration": 0.07965207099914551, "fun": "0.14675487937507636", "jac": "[-4.02888833e-07  2.98550074e-07  1.48183688e-06 -3.43935991e-07\n  6.07625061e-08  1.81898940e-06]", "hess_inv": "[[ 4.85057951  1.93425762  2.95808657 -3.53788798 -0.0667214   0.07162816]\n [ 1.93425762 16.48166989 12.20381073  0.39605026 11.46867694 -9.44214483]\n [ 2.95808657 12.20381073 12.8434782  -0.47056861  8.44470696 -8.48513272]\n [-3.53788798  0.39605026 -0.47056861  6.76441204  1.43086231 -2.86151371]\n [-0.0667214  11.46867694  8.44470696  1.43086231  9.98408627 -7.27804372]\n [ 0.07162816 -9.44214483 -8.48513272 -2.86151371 -7.27804372 10.02710672]]", "nfev": "460", "njev": "64", "status": "2", "success": "False", "message": "Desired error not necessarily achieved due to precision loss.", "x": "[3.54866311 2.5943672  0.98877079 6.9349383  5.61359619 1.94266154]", "nit": "25"}, "7": {"maxiter": 100, "gtol": 1e-10, "xrtol": 1e-10, "eps": 1e-10, "duration": 0.06811976432800293, "fun": "0.14675487927746322", "jac": "[0.00000000e+00 1.11022293e-06 0.00000000e+00 0.00000000e+00\n 0.00000000e+00 0.00000000e+00]", "hess_inv": "[[ 12.00751433   8.23106214   9.60945097 -14.85697176   2.66366275\n    1.31477154]\n [  8.23106214   6.00451482   6.51962435 -10.38622078   1.91345958\n    0.77990694]\n [  9.60945097   6.51962435   8.03338153 -11.97238356   1.87164373\n    1.29841489]\n [-14.85697176 -10.38622078 -11.97238356  19.18611295  -3.22433798\n   -2.04187505]\n [  2.66366275   1.91345958   1.87164373  -3.22433798   0.87726021\n    0.02410815]\n [  1.31477154   0.77990694   1.29841489  -2.04187505   0.02410815\n    0.63532798]]", "nfev": "392", "njev": "56", "status": "0", "success": "True", "message": "Optimization terminated successfully.", "x": "[3.5486723  2.59444784 0.98885727 6.93494017 5.61361112 1.94265735]", "nit": "36"}, "8": {"maxiter": 500, "gtol": 1e-05, "xrtol": 1e-05, "eps": 1e-05, "duration": 0.0306699275970459, "fun": "0.14675487976003188", "jac": "[-2.92910141e-06 -9.33997324e-07  1.35562672e-06  2.51590970e-06\n -2.89546165e-07  5.14234211e-06]", "hess_inv": "[[ 5.718039    2.71352372  3.75899312 -4.54335994  0.22607864  0.31877533]\n [ 2.71352372 16.49218085 12.46545092 -0.9408752  11.19728832 -7.88646958]\n [ 3.75899312 12.46545092 13.32296668 -1.76021969  8.36164465 -7.22024531]\n [-4.54335994 -0.9408752  -1.76021969  7.77933187  0.75293711 -2.56106307]\n [ 0.22607864 11.19728832  8.36164465  0.75293711  9.66876183 -6.15598894]\n [ 0.31877533 -7.88646958 -7.22024531 -2.56106307 -6.15598894  8.0370461 ]]", "nfev": "175", "njev": "25", "status": "0", "success": "True", "message": "Optimization terminated successfully.", "x": "[3.54863824 2.59430619 0.98871415 6.93495614 5.61355757 1.94270176]", "nit": "24"}, "9": {"maxiter": 500, "gtol": 1e-05, "xrtol": 1e-05, "eps": 1e-10, "duration": 0.03179812431335449, "fun": "0.14675487933883413", "jac": "[-2.22044587e-06  0.00000000e+00  1.11022293e-06  2.22044587e-06\n -2.22044587e-06 -3.33066880e-06]", "hess_inv": "[[ 5.60598925  2.11027045  3.21558088 -4.49179119 -0.19389945  0.71445819]\n [ 2.11027045 15.60211146 11.87082481 -0.20594929 10.41560414 -8.20535296]\n [ 3.21558088 11.87082481 13.00010242 -1.06504823  7.80875638 -7.70371879]\n [-4.49179119 -0.20594929 -1.06504823  7.82215832  1.2723944  -3.1663687 ]\n [-0.19389945 10.41560414  7.80875638  1.2723944   8.9535691  -6.31527837]\n [ 0.71445819 -8.20535296 -7.70371879 -3.1663687  -6.31527837  9.03826395]]", "nfev": "182", "njev": "26", "status": "0", "success": "True", "message": "Optimization terminated successfully.", "x": "[3.54866183 2.59442699 0.98884261 6.93494432 5.61359455 1.94266422]", "nit": "25"}, "10": {"maxiter": 500, "gtol": 1e-05, "xrtol": 1e-10, "eps": 1e-05, "duration": 0.030290842056274414, "fun": "0.14675487976003188", "jac": "[-2.92910141e-06 -9.33997324e-07  1.35562672e-06  2.51590970e-06\n -2.89546165e-07  5.14234211e-06]", "hess_inv": "[[ 5.718039    2.71352372  3.75899312 -4.54335994  0.22607864  0.31877533]\n [ 2.71352372 16.49218085 12.46545092 -0.9408752  11.19728832 -7.88646958]\n [ 3.75899312 12.46545092 13.32296668 -1.76021969  8.36164465 -7.22024531]\n [-4.54335994 -0.9408752  -1.76021969  7.77933187  0.75293711 -2.56106307]\n [ 0.22607864 11.19728832  8.36164465  0.75293711  9.66876183 -6.15598894]\n [ 0.31877533 -7.88646958 -7.22024531 -2.56106307 -6.15598894  8.0370461 ]]", "nfev": "175", "njev": "25", "status": "0", "success": "True", "message": "Optimization terminated successfully.", "x": "[3.54863824 2.59430619 0.98871415 6.93495614 5.61355757 1.94270176]", "nit": "24"}, "11": {"maxiter": 500, "gtol": 1e-05, "xrtol": 1e-10, "eps": 1e-10, "duration": 0.031500816345214844, "fun": "0.14675487933883413", "jac": "[-2.22044587e-06  0.00000000e+00  1.11022293e-06  2.22044587e-06\n -2.22044587e-06 -3.33066880e-06]", "hess_inv": "[[ 5.60598925  2.11027045  3.21558088 -4.49179119 -0.19389945  0.71445819]\n [ 2.11027045 15.60211146 11.87082481 -0.20594929 10.41560414 -8.20535296]\n [ 3.21558088 11.87082481 13.00010242 -1.06504823  7.80875638 -7.70371879]\n [-4.49179119 -0.20594929 -1.06504823  7.82215832  1.2723944  -3.1663687 ]\n [-0.19389945 10.41560414  7.80875638  1.2723944   8.9535691  -6.31527837]\n [ 0.71445819 -8.20535296 -7.70371879 -3.1663687  -6.31527837  9.03826395]]", "nfev": "182", "njev": "26", "status": "0", "success": "True", "message": "Optimization terminated successfully.", "x": "[3.54866183 2.59442699 0.98884261 6.93494432 5.61359455 1.94266422]", "nit": "25"}, "12": {"maxiter": 500, "gtol": 1e-10, "xrtol": 1e-05, "eps": 1e-05, "duration": 0.07892394065856934, "fun": "0.14675487937507636", "jac": "[-4.02888833e-07  2.98550074e-07  1.48183688e-06 -3.43935991e-07\n  6.07625061e-08  1.81898940e-06]", "hess_inv": "[[ 4.85057951  1.93425762  2.95808657 -3.53788798 -0.0667214   0.07162816]\n [ 1.93425762 16.48166989 12.20381073  0.39605026 11.46867694 -9.44214483]\n [ 2.95808657 12.20381073 12.8434782  -0.47056861  8.44470696 -8.48513272]\n [-3.53788798  0.39605026 -0.47056861  6.76441204  1.43086231 -2.86151371]\n [-0.0667214  11.46867694  8.44470696  1.43086231  9.98408627 -7.27804372]\n [ 0.07162816 -9.44214483 -8.48513272 -2.86151371 -7.27804372 10.02710672]]", "nfev": "460", "njev": "64", "status": "2", "success": "False", "message": "Desired error not necessarily achieved due to precision loss.", "x": "[3.54866311 2.5943672  0.98877079 6.9349383  5.61359619 1.94266154]", "nit": "25"}, "13": {"maxiter": 500, "gtol": 1e-10, "xrtol": 1e-05, "eps": 1e-10, "duration": 0.03143000602722168, "fun": "0.14675487933883413", "jac": "[-2.22044587e-06  0.00000000e+00  1.11022293e-06  2.22044587e-06\n -2.22044587e-06 -3.33066880e-06]", "hess_inv": "[[ 5.60598925  2.11027045  3.21558088 -4.49179119 -0.19389945  0.71445819]\n [ 2.11027045 15.60211146 11.87082481 -0.20594929 10.41560414 -8.20535296]\n [ 3.21558088 11.87082481 13.00010242 -1.06504823  7.80875638 -7.70371879]\n [-4.49179119 -0.20594929 -1.06504823  7.82215832  1.2723944  -3.1663687 ]\n [-0.19389945 10.41560414  7.80875638  1.2723944   8.9535691  -6.31527837]\n [ 0.71445819 -8.20535296 -7.70371879 -3.1663687  -6.31527837  9.03826395]]", "nfev": "182", "njev": "26", "status": "0", "success": "True", "message": "Optimization terminated successfully.", "x": "[3.54866183 2.59442699 0.98884261 6.93494432 5.61359455 1.94266422]", "nit": "25"}, "14": {"maxiter": 500, "gtol": 1e-10, "xrtol": 1e-10, "eps": 1e-05, "duration": 0.07872986793518066, "fun": "0.14675487937507636", "jac": "[-4.02888833e-07  2.98550074e-07  1.48183688e-06 -3.43935991e-07\n  6.07625061e-08  1.81898940e-06]", "hess_inv": "[[ 4.85057951  1.93425762  2.95808657 -3.53788798 -0.0667214   0.07162816]\n [ 1.93425762 16.48166989 12.20381073  0.39605026 11.46867694 -9.44214483]\n [ 2.95808657 12.20381073 12.8434782  -0.47056861  8.44470696 -8.48513272]\n [-3.53788798  0.39605026 -0.47056861  6.76441204  1.43086231 -2.86151371]\n [-0.0667214  11.46867694  8.44470696  1.43086231  9.98408627 -7.27804372]\n [ 0.07162816 -9.44214483 -8.48513272 -2.86151371 -7.27804372 10.02710672]]", "nfev": "460", "njev": "64", "status": "2", "success": "False", "message": "Desired error not necessarily achieved due to precision loss.", "x": "[3.54866311 2.5943672  0.98877079 6.9349383  5.61359619 1.94266154]", "nit": "25"}, "15": {"maxiter": 500, "gtol": 1e-10, "xrtol": 1e-10, "eps": 1e-10, "duration": 0.06774401664733887, "fun": "0.14675487927746322", "jac": "[0.00000000e+00 1.11022293e-06 0.00000000e+00 0.00000000e+00\n 0.00000000e+00 0.00000000e+00]", "hess_inv": "[[ 12.00751433   8.23106214   9.60945097 -14.85697176   2.66366275\n    1.31477154]\n [  8.23106214   6.00451482   6.51962435 -10.38622078   1.91345958\n    0.77990694]\n [  9.60945097   6.51962435   8.03338153 -11.97238356   1.87164373\n    1.29841489]\n [-14.85697176 -10.38622078 -11.97238356  19.18611295  -3.22433798\n   -2.04187505]\n [  2.66366275   1.91345958   1.87164373  -3.22433798   0.87726021\n    0.02410815]\n [  1.31477154   0.77990694   1.29841489  -2.04187505   0.02410815\n    0.63532798]]", "nfev": "392", "njev": "56", "status": "0", "success": "True", "message": "Optimization terminated successfully.", "x": "[3.5486723  2.59444784 0.98885727 6.93494017 5.61361112 1.94265735]", "nit": "36"}, "16": {"maxiter": 1000, "gtol": 1e-05, "xrtol": 1e-05, "eps": 1e-05, "duration": 0.030386924743652344, "fun": "0.14675487976003188", "jac": "[-2.92910141e-06 -9.33997324e-07  1.35562672e-06  2.51590970e-06\n -2.89546165e-07  5.14234211e-06]", "hess_inv": "[[ 5.718039    2.71352372  3.75899312 -4.54335994  0.22607864  0.31877533]\n [ 2.71352372 16.49218085 12.46545092 -0.9408752  11.19728832 -7.88646958]\n [ 3.75899312 12.46545092 13.32296668 -1.76021969  8.36164465 -7.22024531]\n [-4.54335994 -0.9408752  -1.76021969  7.77933187  0.75293711 -2.56106307]\n [ 0.22607864 11.19728832  8.36164465  0.75293711  9.66876183 -6.15598894]\n [ 0.31877533 -7.88646958 -7.22024531 -2.56106307 -6.15598894  8.0370461 ]]", "nfev": "175", "njev": "25", "status": "0", "success": "True", "message": "Optimization terminated successfully.", "x": "[3.54863824 2.59430619 0.98871415 6.93495614 5.61355757 1.94270176]", "nit": "24"}, "17": {"maxiter": 1000, "gtol": 1e-05, "xrtol": 1e-05, "eps": 1e-10, "duration": 0.03144025802612305, "fun": "0.14675487933883413", "jac": "[-2.22044587e-06  0.00000000e+00  1.11022293e-06  2.22044587e-06\n -2.22044587e-06 -3.33066880e-06]", "hess_inv": "[[ 5.60598925  2.11027045  3.21558088 -4.49179119 -0.19389945  0.71445819]\n [ 2.11027045 15.60211146 11.87082481 -0.20594929 10.41560414 -8.20535296]\n [ 3.21558088 11.87082481 13.00010242 -1.06504823  7.80875638 -7.70371879]\n [-4.49179119 -0.20594929 -1.06504823  7.82215832  1.2723944  -3.1663687 ]\n [-0.19389945 10.41560414  7.80875638  1.2723944   8.9535691  -6.31527837]\n [ 0.71445819 -8.20535296 -7.70371879 -3.1663687  -6.31527837  9.03826395]]", "nfev": "182", "njev": "26", "status": "0", "success": "True", "message": "Optimization terminated successfully.", "x": "[3.54866183 2.59442699 0.98884261 6.93494432 5.61359455 1.94266422]", "nit": "25"}, "18": {"maxiter": 1000, "gtol": 1e-05, "xrtol": 1e-10, "eps": 1e-05, "duration": 0.03013920783996582, "fun": "0.14675487976003188", "jac": "[-2.92910141e-06 -9.33997324e-07  1.35562672e-06  2.51590970e-06\n -2.89546165e-07  5.14234211e-06]", "hess_inv": "[[ 5.718039    2.71352372  3.75899312 -4.54335994  0.22607864  0.31877533]\n [ 2.71352372 16.49218085 12.46545092 -0.9408752  11.19728832 -7.88646958]\n [ 3.75899312 12.46545092 13.32296668 -1.76021969  8.36164465 -7.22024531]\n [-4.54335994 -0.9408752  -1.76021969  7.77933187  0.75293711 -2.56106307]\n [ 0.22607864 11.19728832  8.36164465  0.75293711  9.66876183 -6.15598894]\n [ 0.31877533 -7.88646958 -7.22024531 -2.56106307 -6.15598894  8.0370461 ]]", "nfev": "175", "njev": "25", "status": "0", "success": "True", "message": "Optimization terminated successfully.", "x": "[3.54863824 2.59430619 0.98871415 6.93495614 5.61355757 1.94270176]", "nit": "24"}, "19": {"maxiter": 1000, "gtol": 1e-05, "xrtol": 1e-10, "eps": 1e-10, "duration": 0.031323909759521484, "fun": "0.14675487933883413", "jac": "[-2.22044587e-06  0.00000000e+00  1.11022293e-06  2.22044587e-06\n -2.22044587e-06 -3.33066880e-06]", "hess_inv": "[[ 5.60598925  2.11027045  3.21558088 -4.49179119 -0.19389945  0.71445819]\n [ 2.11027045 15.60211146 11.87082481 -0.20594929 10.41560414 -8.20535296]\n [ 3.21558088 11.87082481 13.00010242 -1.06504823  7.80875638 -7.70371879]\n [-4.49179119 -0.20594929 -1.06504823  7.82215832  1.2723944  -3.1663687 ]\n [-0.19389945 10.41560414  7.80875638  1.2723944   8.9535691  -6.31527837]\n [ 0.71445819 -8.20535296 -7.70371879 -3.1663687  -6.31527837  9.03826395]]", "nfev": "182", "njev": "26", "status": "0", "success": "True", "message": "Optimization terminated successfully.", "x": "[3.54866183 2.59442699 0.98884261 6.93494432 5.61359455 1.94266422]", "nit": "25"}, "20": {"maxiter": 1000, "gtol": 1e-10, "xrtol": 1e-05, "eps": 1e-05, "duration": 0.07947611808776855, "fun": "0.14675487937507636", "jac": "[-4.02888833e-07  2.98550074e-07  1.48183688e-06 -3.43935991e-07\n  6.07625061e-08  1.81898940e-06]", "hess_inv": "[[ 4.85057951  1.93425762  2.95808657 -3.53788798 -0.0667214   0.07162816]\n [ 1.93425762 16.48166989 12.20381073  0.39605026 11.46867694 -9.44214483]\n [ 2.95808657 12.20381073 12.8434782  -0.47056861  8.44470696 -8.48513272]\n [-3.53788798  0.39605026 -0.47056861  6.76441204  1.43086231 -2.86151371]\n [-0.0667214  11.46867694  8.44470696  1.43086231  9.98408627 -7.27804372]\n [ 0.07162816 -9.44214483 -8.48513272 -2.86151371 -7.27804372 10.02710672]]", "nfev": "460", "njev": "64", "status": "2", "success": "False", "message": "Desired error not necessarily achieved due to precision loss.", "x": "[3.54866311 2.5943672  0.98877079 6.9349383  5.61359619 1.94266154]", "nit": "25"}, "21": {"maxiter": 1000, "gtol": 1e-10, "xrtol": 1e-05, "eps": 1e-10, "duration": 0.03201794624328613, "fun": "0.14675487933883413", "jac": "[-2.22044587e-06  0.00000000e+00  1.11022293e-06  2.22044587e-06\n -2.22044587e-06 -3.33066880e-06]", "hess_inv": "[[ 5.60598925  2.11027045  3.21558088 -4.49179119 -0.19389945  0.71445819]\n [ 2.11027045 15.60211146 11.87082481 -0.20594929 10.41560414 -8.20535296]\n [ 3.21558088 11.87082481 13.00010242 -1.06504823  7.80875638 -7.70371879]\n [-4.49179119 -0.20594929 -1.06504823  7.82215832  1.2723944  -3.1663687 ]\n [-0.19389945 10.41560414  7.80875638  1.2723944   8.9535691  -6.31527837]\n [ 0.71445819 -8.20535296 -7.70371879 -3.1663687  -6.31527837  9.03826395]]", "nfev": "182", "njev": "26", "status": "0", "success": "True", "message": "Optimization terminated successfully.", "x": "[3.54866183 2.59442699 0.98884261 6.93494432 5.61359455 1.94266422]", "nit": "25"}, "22": {"maxiter": 1000, "gtol": 1e-10, "xrtol": 1e-10, "eps": 1e-05, "duration": 0.07992792129516602, "fun": "0.14675487937507636", "jac": "[-4.02888833e-07  2.98550074e-07  1.48183688e-06 -3.43935991e-07\n  6.07625061e-08  1.81898940e-06]", "hess_inv": "[[ 4.85057951  1.93425762  2.95808657 -3.53788798 -0.0667214   0.07162816]\n [ 1.93425762 16.48166989 12.20381073  0.39605026 11.46867694 -9.44214483]\n [ 2.95808657 12.20381073 12.8434782  -0.47056861  8.44470696 -8.48513272]\n [-3.53788798  0.39605026 -0.47056861  6.76441204  1.43086231 -2.86151371]\n [-0.0667214  11.46867694  8.44470696  1.43086231  9.98408627 -7.27804372]\n [ 0.07162816 -9.44214483 -8.48513272 -2.86151371 -7.27804372 10.02710672]]", "nfev": "460", "njev": "64", "status": "2", "success": "False", "message": "Desired error not necessarily achieved due to precision loss.", "x": "[3.54866311 2.5943672  0.98877079 6.9349383  5.61359619 1.94266154]", "nit": "25"}, "23": {"maxiter": 1000, "gtol": 1e-10, "xrtol": 1e-10, "eps": 1e-10, "duration": 0.0684821605682373, "fun": "0.14675487927746322", "jac": "[0.00000000e+00 1.11022293e-06 0.00000000e+00 0.00000000e+00\n 0.00000000e+00 0.00000000e+00]", "hess_inv": "[[ 12.00751433   8.23106214   9.60945097 -14.85697176   2.66366275\n    1.31477154]\n [  8.23106214   6.00451482   6.51962435 -10.38622078   1.91345958\n    0.77990694]\n [  9.60945097   6.51962435   8.03338153 -11.97238356   1.87164373\n    1.29841489]\n [-14.85697176 -10.38622078 -11.97238356  19.18611295  -3.22433798\n   -2.04187505]\n [  2.66366275   1.91345958   1.87164373  -3.22433798   0.87726021\n    0.02410815]\n [  1.31477154   0.77990694   1.29841489  -2.04187505   0.02410815\n    0.63532798]]", "nfev": "392", "njev": "56", "status": "0", "success": "True", "message": "Optimization terminated successfully.", "x": "[3.5486723  2.59444784 0.98885727 6.93494017 5.61361112 1.94265735]", "nit": "36"}}, "cobyla": {"0": {"maxiter": 100, "tol": 1e-05, "catol": 1e-05, "duration": 0.016867876052856445, "x": "[4.27180436 3.21462577 2.31040214 7.00748352 4.34750959 3.85720119]", "status": "2", "success": "False", "message": "Maximum number of function evaluations has been exceeded.", "nfev": "100", "fun": "0.14675629740145768", "maxcv": "0.0"}, "1": {"maxiter": 100, "tol": 1e-05, "catol": 1e-10, "duration": 0.016750097274780273, "x": "[4.27180436 3.21462577 2.31040214 7.00748352 4.34750959 3.85720119]", "status": "2", "success": "False", "message": "Maximum number of function evaluations has been exceeded.", "nfev": "100", "fun": "0.14675629740145768", "maxcv": "0.0"}, "2": {"maxiter": 100, "tol": 1e-10, "catol": 1e-05, "duration": 0.016739845275878906, "x": "[4.27180436 3.21462577 2.31040214 7.00748352 4.34750959 3.85720119]", "status": "2", "success": "False", "message": "Maximum number of function evaluations has been exceeded.", "nfev": "100", "fun": "0.14675629740145768", "maxcv": "0.0"}, "3": {"maxiter": 100, "tol": 1e-10, "catol": 1e-10, "duration": 0.01676177978515625, "x": "[4.27180436 3.21462577 2.31040214 7.00748352 4.34750959 3.85720119]", "status": "2", "success": "False", "message": "Maximum number of function evaluations has been exceeded.", "nfev": "100", "fun": "0.14675629740145768", "maxcv": "0.0"}, "4": {"maxiter": 500, "tol": 1e-05, "catol": 1e-05, "duration": 0.03187823295593262, "x": "[4.27298354 3.2131686  2.30792023 7.00644998 4.34832952 3.85561348]", "status": "1", "success": "True", "message": "Optimization terminated successfully.", "nfev": "192", "fun": "0.1467548792793304", "maxcv": "0.0"}, "5": {"maxiter": 500, "tol": 1e-05, "catol": 1e-10, "duration": 0.031890153884887695, "x": "[4.27298354 3.2131686  2.30792023 7.00644998 4.34832952 3.85561348]", "status": "1", "success": "True", "message": "Optimization terminated successfully.", "nfev": "192", "fun": "0.1467548792793304", "maxcv": "0.0"}, "6": {"maxiter": 500, "tol": 1e-10, "catol": 1e-05, "duration": 0.053032875061035156, "x": "[4.2729817  3.2131701  2.30791466 7.00644939 4.34832834 3.85560638]", "status": "1", "success": "True", "message": "Optimization terminated successfully.", "nfev": "320", "fun": "0.14675487926718211", "maxcv": "0.0"}, "7": {"maxiter": 500, "tol": 1e-10, "catol": 1e-10, "duration": 0.053498029708862305, "x": "[4.2729817  3.2131701  2.30791466 7.00644939 4.34832834 3.85560638]", "status": "1", "success": "True", "message": "Optimization terminated successfully.", "nfev": "320", "fun": "0.14675487926718211", "maxcv": "0.0"}, "8": {"maxiter": 1000, "tol": 1e-05, "catol": 1e-05, "duration": 0.031919002532958984, "x": "[4.27298354 3.2131686  2.30792023 7.00644998 4.34832952 3.85561348]", "status": "1", "success": "True", "message": "Optimization terminated successfully.", "nfev": "192", "fun": "0.1467548792793304", "maxcv": "0.0"}, "9": {"maxiter": 1000, "tol": 1e-05, 