{"date": "2024/07/19/, 01:05:37", "conf_id": 133, "data_type": "orthogonal\n", "num_data_points": 3, "s_rank": 0, "unitary": "[[-0.53618537-0.34368723j,-0.12107031-0.46226139j,-0.07699282-0.46603512j,0.36022595-0.11472301j],[0.26026499-0.63450712j,-0.56616638+0.37832564j,-0.14988651+0.08458591j,0.10363514-0.16008501j],[-0.32580188-0.11070003j,-0.36476308-0.23593218j,0.02559343+0.41761608j,-0.25598305+0.6725303j],[0.07406738-0.0126433j,0.28513701+0.19483972j,-0.74939717-0.10299659j,0.29798249+0.46269921j]]", "databatch_0": {"databatch": "[[[0.02978951-0.30288606j,0.1988614-0.03381542j,0.04389091-0.0460772j,-0.21637189-0.02729451j],[0.0909317+0.04001654j,0.02460117+0.1598361j,0.16376418+0.18724463j,0.1440095-0.18269199j],[0.0983906-0.27900815j,-0.04892959+0.05434706j,-0.32600799-0.34842576j,-0.10241441-0.08877994j],[-0.08947864-0.19210933j,-0.05920754-0.30640739j,0.00450963-0.24332334j,-0.03181039+0.34869287j]],[[-0.01976925-0.3026873j,0.14018022-0.04915021j,0.19968423-0.18507233j,-0.09364671-0.11636315j],[0.13845085-0.21944438j,0.16994664-0.08660464j,0.15572757-0.23050644j,-0.22613788-0.03833897j],[0.30671773-0.29338984j,-0.0511902-0.00128285j,0.01715682+0.21907891j,0.21961735+0.24163463j],[0.1859361+0.22203448j,0.14043022+0.04056215j,0.09881743-0.1026734j,-0.26088283-0.15652474j]],[[-0.04611322-0.26245166j,0.1384658+0.03150456j,-0.17529869-0.02291204j,-0.21123847-0.05011022j],[0.1283745+0.03811259j,-0.13388497+0.01743079j,-0.0398416-0.23978399j,0.09329627-0.05022109j],[0.21116436-0.04491436j,0.34055144+0.14991023j,0.24278835+0.17778244j,-0.28458052-0.27080321j],[-0.2411877+0.06521377j,0.0841834+0.01611067j,-0.09759497+0.44551684j,-0.03412567+0.12285678j]]]", "initial param values": "[4.00588979,6.20103874,2.06504912,5.89481071,0.13115642,0.50984749]", "nelder_mead": {"type": "gradient-free", "0": {"maxiter": 100, "fatol": 1e-05, "xatol": 1e-05, "duration": 0.027093172073364258, "fun": "0.4938652537125421", "nit": "100", "nfev": "159", "status": "2", "success": "False", "message": "Maximum number of iterations has been exceeded.", "x": "[1.6945169  8.28924326 1.39643519 9.35282756 0.18528432 0.35272194]", "final_simplex": "(array([[1.6945169 , 8.28924326, 1.39643519, 9.35282756, 0.18528432,\n        0.35272194],\n       [1.68498814, 8.26849587, 1.40382212, 9.34297323, 0.18507527,\n        0.34797293],\n       [1.68191518, 8.30135419, 1.41067956, 9.31742268, 0.18576017,\n        0.34103045],\n       [1.70925398, 8.30119827, 1.41816386, 9.33763223, 0.18509075,\n        0.3303784 ],\n       [1.6923438 , 8.31102935, 1.39249905, 9.34269772, 0.18453763,\n        0.35941729],\n       [1.68851651, 8.30213702, 1.39029558, 9.3588666 , 0.18546399,\n        0.34817408],\n       [1.67698946, 8.29393108, 1.38104908, 9.30791884, 0.18608137,\n        0.35955588]]), array([0.49386525, 0.49387476, 0.49389936, 0.4938994 , 0.49391657,\n       0.49392104, 0.49407273]))"}, "1": {"maxiter": 100, "fatol": 1e-05, "xatol": 1e-10, "duration": 0.026714086532592773, "fun": "0.4938652537125421", "nit": "100", "nfev": "159", "status": "2", "success": "False", "message": "Maximum number of iterations has been exceeded.", "x": "[1.6945169  8.28924326 1.39643519 9.35282756 0.18528432 0.35272194]", "final_simplex": "(array([[1.6945169 , 8.28924326, 1.39643519, 9.35282756, 0.18528432,\n        0.35272194],\n       [1.68498814, 8.26849587, 1.40382212, 9.34297323, 0.18507527,\n        0.34797293],\n       [1.68191518, 8.30135419, 1.41067956, 9.31742268, 0.18576017,\n        0.34103045],\n       [1.70925398, 8.30119827, 1.41816386, 9.33763223, 0.18509075,\n        0.3303784 ],\n       [1.6923438 , 8.31102935, 1.39249905, 9.34269772, 0.18453763,\n        0.35941729],\n       [1.68851651, 8.30213702, 1.39029558, 9.3588666 , 0.18546399,\n        0.34817408],\n       [1.67698946, 8.29393108, 1.38104908, 9.30791884, 0.18608137,\n        0.35955588]]), array([0.49386525, 0.49387476, 0.49389936, 0.4938994 , 0.49391657,\n       0.49392104, 0.49407273]))"}, "2": {"maxiter": 100, "fatol": 1e-10, "xatol": 1e-05, "duration": 0.026665210723876953, "fun": "0.4938652537125421", "nit": "100", "nfev": "159", "status": "2", "success": "False", "message": "Maximum number of iterations has been exceeded.", "x": "[1.6945169  8.28924326 1.39643519 9.35282756 0.18528432 0.35272194]", "final_simplex": "(array([[1.6945169 , 8.28924326, 1.39643519, 9.35282756, 0.18528432,\n        0.35272194],\n       [1.68498814, 8.26849587, 1.40382212, 9.34297323, 0.18507527,\n        0.34797293],\n       [1.68191518, 8.30135419, 1.41067956, 9.31742268, 0.18576017,\n        0.34103045],\n       [1.70925398, 8.30119827, 1.41816386, 9.33763223, 0.18509075,\n        0.3303784 ],\n       [1.6923438 , 8.31102935, 1.39249905, 9.34269772, 0.18453763,\n        0.35941729],\n       [1.68851651, 8.30213702, 1.39029558, 9.3588666 , 0.18546399,\n        0.34817408],\n       [1.67698946, 8.29393108, 1.38104908, 9.30791884, 0.18608137,\n        0.35955588]]), array([0.49386525, 0.49387476, 0.49389936, 0.4938994 , 0.49391657,\n       0.49392104, 0.49407273]))"}, "3": {"maxiter": 100, "fatol": 1e-10, "xatol": 1e-10, "duration": 0.026661157608032227, "fun": "0.4938652537125421", "nit": "100", "nfev": "159", "status": "2", "success": "False", "message": "Maximum number of iterations has been exceeded.", "x": "[1.6945169  8.28924326 1.39643519 9.35282756 0.18528432 0.35272194]", "final_simplex": "(array([[1.6945169 , 8.28924326, 1.39643519, 9.35282756, 0.18528432,\n        0.35272194],\n       [1.68498814, 8.26849587, 1.40382212, 9.34297323, 0.18507527,\n        0.34797293],\n       [1.68191518, 8.30135419, 1.41067956, 9.31742268, 0.18576017,\n        0.34103045],\n       [1.70925398, 8.30119827, 1.41816386, 9.33763223, 0.18509075,\n        0.3303784 ],\n       [1.6923438 , 8.31102935, 1.39249905, 9.34269772, 0.18453763,\n        0.35941729],\n       [1.68851651, 8.30213702, 1.39029558, 9.3588666 , 0.18546399,\n        0.34817408],\n       [1.67698946, 8.29393108, 1.38104908, 9.30791884, 0.18608137,\n        0.35955588]]), array([0.49386525, 0.49387476, 0.49389936, 0.4938994 , 0.49391657,\n       0.49392104, 0.49407273]))"}, "4": {"maxiter": 500, "fatol": 1e-05, "xatol": 1e-05, "duration": 0.12689995765686035, "fun": "0.44496852943774745", "nit": "500", "nfev": "757", "status": "2", "success": "False", "message": "Maximum number of iterations has been exceeded.", "x": "[ 2.18786526  8.7815273   3.33352046  7.84477008 -0.85259107 -1.16864572]", "final_simplex": "(array([[ 2.18786526,  8.7815273 ,  3.33352046,  7.84477008, -0.85259107,\n        -1.16864572],\n       [ 2.15809597,  8.75991894,  3.34950885,  7.84127268, -0.84154079,\n        -1.16991306],\n       [ 2.18001768,  8.7642041 ,  3.3863956 ,  7.81611388, -0.80254275,\n        -1.11430305],\n       [ 2.18274809,  8.79655969,  3.39786339,  7.77122108, -0.82063994,\n        -1.1270879 ],\n       [ 2.17084266,  8.79931973,  3.33043083,  7.83432285, -0.82824517,\n        -1.14937541],\n       [ 2.15700886,  8.77913968,  3.32314696,  7.80859682, -0.82733958,\n        -1.13697974],\n       [ 2.16727541,  8.77294034,  3.37393696,  7.78404106, -0.81049435,\n        -1.15518427]]), array([0.44496853, 0.4451722 , 0.44528383, 0.44534552, 0.44546675,\n       0.44550732, 0.44560193]))"}, "5": {"maxiter": 500, "fatol": 1e-05, "xatol": 1e-10, "duration": 0.1311337947845459, "fun": "0.44496852943774745", "nit": "500", "nfev": "757", "status": "2", "success": "False", "message": "Maximum number of iterations has been exceeded.", "x": "[ 2.18786526  8.7815273   3.33352046  7.84477008 -0.85259107 -1.16864572]", "final_simplex": "(array([[ 2.18786526,  8.7815273 ,  3.33352046,  7.84477008, -0.85259107,\n        -1.16864572],\n       [ 2.15809597,  8.75991894,  3.34950885,  7.84127268, -0.84154079,\n        -1.16991306],\n       [ 2.18001768,  8.7642041 ,  3.3863956 ,  7.81611388, -0.80254275,\n        -1.11430305],\n       [ 2.18274809,  8.79655969,  3.39786339,  7.77122108, -0.82063994,\n        -1.1270879 ],\n       [ 2.17084266,  8.79931973,  3.33043083,  7.83432285, -0.82824517,\n        -1.14937541],\n       [ 2.15700886,  8.77913968,  3.32314696,  7.80859682, -0.82733958,\n        -1.13697974],\n       [ 2.16727541,  8.77294034,  3.37393696,  7.78404106, -0.81049435,\n        -1.15518427]]), array([0.44496853, 0.4451722 , 0.44528383, 0.44534552, 0.44546675,\n       0.44550732, 0.44560193]))"}, "6": {"maxiter": 500, "fatol": 1e-10, "xatol": 1e-05, "duration": 0.13107895851135254, "fun": "0.44496852943774745", "nit": "500", "nfev": "757", "status": "2", "success": "False", "message": "Maximum number of iterations has been exceeded.", "x": "[ 2.18786526  8.7815273   3.33352046  7.84477008 -0.85259107 -1.16864572]", "final_simplex": "(array([[ 2.18786526,  8.7815273 ,  3.33352046,  7.84477008, -0.85259107,\n        -1.16864572],\n       [ 2.15809597,  8.75991894,  3.34950885,  7.84127268, -0.84154079,\n        -1.16991306],\n       [ 2.18001768,  8.7642041 ,  3.3863956 ,  7.81611388, -0.80254275,\n        -1.11430305],\n       [ 2.18274809,  8.79655969,  3.39786339,  7.77122108, -0.82063994,\n        -1.1270879 ],\n       [ 2.17084266,  8.79931973,  3.33043083,  7.83432285, -0.82824517,\n        -1.14937541],\n       [ 2.15700886,  8.77913968,  3.32314696,  7.80859682, -0.82733958,\n        -1.13697974],\n       [ 2.16727541,  8.77294034,  3.37393696,  7.78404106, -0.81049435,\n        -1.15518427]]), array([0.44496853, 0.4451722 , 0.44528383, 0.44534552, 0.44546675,\n       0.44550732, 0.44560193]))"}, "7": {"maxiter": 500, "fatol": 1e-10, "xatol": 1e-10, "duration": 0.13051390647888184, "fun": "0.44496852943774745", "nit": "500", "nfev": "757", "status": "2", "success": "False", "message": "Maximum number of iterations has been exceeded.", "x": "[ 2.18786526  8.7815273   3.33352046  7.84477008 -0.85259107 -1.16864572]", "final_simplex": "(array([[ 2.18786526,  8.7815273 ,  3.33352046,  7.84477008, -0.85259107,\n        -1.16864572],\n       [ 2.15809597,  8.75991894,  3.34950885,  7.84127268, -0.84154079,\n        -1.16991306],\n       [ 2.18001768,  8.7642041 ,  3.3863956 ,  7.81611388, -0.80254275,\n        -1.11430305],\n       [ 2.18274809,  8.79655969,  3.39786339,  7.77122108, -0.82063994,\n        -1.1270879 ],\n       [ 2.17084266,  8.79931973,  3.33043083,  7.83432285, -0.82824517,\n        -1.14937541],\n       [ 2.15700886,  8.77913968,  3.32314696,  7.80859682, -0.82733958,\n        -1.13697974],\n       [ 2.16727541,  8.77294034,  3.37393696,  7.78404106, -0.81049435,\n        -1.15518427]]), array([0.44496853, 0.4451722 , 0.44528383, 0.44534552, 0.44546675,\n       0.44550732, 0.44560193]))"}, "8": {"maxiter": 1000, "fatol": 1e-05, "xatol": 1e-05, "duration": 0.19808626174926758, "fun": "0.44416132341375836", "nit": "747", "nfev": "1147", "status": "0", "success": "True", "message": "Optimization terminated successfully.", "x": "[ 2.17457189  8.74579934  3.37349967  7.82211031 -0.90074174 -1.10632858]", "final_simplex": "(array([[ 2.17457189,  8.74579934,  3.37349967,  7.82211031, -0.90074174,\n        -1.10632858],\n       [ 2.17456259,  8.74579098,  3.37349721,  7.82211451, -0.90074788,\n        -1.10632423],\n       [ 2.17456447,  8.74580302,  3.37350341,  7.82211836, -0.9007469 ,\n        -1.10632911],\n       [ 2.17456784,  8.74579879,  3.37350306,  7.82211273, -0.90073783,\n        -1.1063192 ],\n       [ 2.17456579,  8.74579186,  3.37349022,  7.82211883, -0.90073861,\n        -1.10632571],\n       [ 2.17457863,  8.74579188,  3.37350242,  7.82211519, -0.9007452 ,\n        -1.10631933],\n       [ 2.17456894,  8.7457995 ,  3.37349204,  7.82211076, -0.90074207,\n        -1.10632267]]), array([0.44416132, 0.44416132, 0.44416132, 0.44416132, 0.44416132,\n       0.44416132, 0.44416132]))"}, "9": {"maxiter": 1000, "fatol": 1e-05, "xatol": 1e-10, "duration": 0.24341297149658203, "fun": "0.4441613234023053", "nit": "882", "nfev": "1423", "status": "0", "success": "True", "message": "Optimization terminated successfully.", "x": "[ 2.17456883  8.74580089  3.37351426  7.82210485 -0.90074386 -1.10632567]", "final_simplex": "(array([[ 2.17456883,  8.74580089,  3.37351426,  7.82210485, -0.90074386,\n        -1.10632567],\n       [ 2.17456883,  8.74580089,  3.37351426,  7.82210485, -0.90074386,\n        -1.10632567],\n       [ 2.17456883,  8.74580089,  3.37351426,  7.82210485, -0.90074386,\n        -1.10632567],\n       [ 2.17456883,  8.74580089,  3.37351426,  7.82210485, -0.90074386,\n        -1.10632567],\n       [ 2.17456883,  8.74580089,  3.37351426,  7.82210485, -0.90074386,\n        -1.10632567],\n       [ 2.17456883,  8.74580089,  3.37351426,  7.82210485, -0.90074386,\n        -1.10632567],\n       [ 2.17456883,  8.74580089,  3.37351426,  7.82210485, -0.90074386,\n        -1.10632567]]), array([0.44416132, 0.44416132, 0.44416132, 0.44416132, 0.44416132,\n       0.44416132, 0.44416132]))"}, "10": {"maxiter": 1000, "fatol": 1e-10, "xatol": 1e-05, "duration": 0.19179201126098633, "fun": "0.44416132341375836", "nit": "747", "nfev": "1147", "status": "0", "success": "True", "message": "Optimization terminated successfully.", "x": "[ 2.17457189  8.74579934  3.37349967  7.82211031 -0.90074174 -1.10632858]", "final_simplex": "(array([[ 2.17457189,  8.74579934,  3.37349967,  7.82211031, -0.90074174,\n        -1.10632858],\n       [ 2.17456259,  8.74579098,  3.37349721,  7.82211451, -0.90074788,\n        -1.10632423],\n       [ 2.17456447,  8.74580302,  3.37350341,  7.82211836, -0.9007469 ,\n        -1.10632911],\n       [ 2.17456784,  8.74579879,  3.37350306,  7.82211273, -0.90073783,\n        -1.1063192 ],\n       [ 2.17456579,  8.74579186,  3.37349022,  7.82211883, -0.90073861,\n        -1.10632571],\n       [ 2.17457863,  8.74579188,  3.37350242,  7.82211519, -0.9007452 ,\n        -1.10631933],\n       [ 2.17456894,  8.7457995 ,  3.37349204,  7.82211076, -0.90074207,\n        -1.10632267]]), array([0.44416132, 0.44416132, 0.44416132, 0.44416132, 0.44416132,\n       0.44416132, 0.44416132]))"}, "11": {"maxiter": 1000, "fatol": 1e-10, "xatol": 1e-10, "duration": 0.23738408088684082, "fun": "0.4441613234023053", "nit": "882", "nfev": "1423", "status": "0", "success": "True", "message": "Optimization terminated successfully.", "x": "[ 2.17456883  8.74580089  3.37351426  7.82210485 -0.90074386 -1.10632567]", "final_simplex": "(array([[ 2.17456883,  8.74580089,  3.37351426,  7.82210485, -0.90074386,\n        -1.10632567],\n       [ 2.17456883,  8.74580089,  3.37351426,  7.82210485, -0.90074386,\n        -1.10632567],\n       [ 2.17456883,  8.74580089,  3.37351426,  7.82210485, -0.90074386,\n        -1.10632567],\n       [ 2.17456883,  8.74580089,  3.37351426,  7.82210485, -0.90074386,\n        -1.10632567],\n       [ 2.17456883,  8.74580089,  3.37351426,  7.82210485, -0.90074386,\n        -1.10632567],\n       [ 2.17456883,  8.74580089,  3.37351426,  7.82210485, -0.90074386,\n        -1.10632567],\n       [ 2.17456883,  8.74580089,  3.37351426,  7.82210485, -0.90074386,\n        -1.10632567]]), array([0.44416132, 0.44416132, 0.44416132, 0.44416132, 0.44416132,\n       0.44416132, 0.44416132]))"}}, "bfgs": {"type": "gradient", "0": {"maxiter": 100, "gtol": 1e-05, "xrtol": 1e-05, "eps": 1e-05, "duration": 0.06795001029968262, "fun": "0.44416132350781423", "jac": "[-1.07691633e-09 -2.03093098e-07 -2.93298719e-07 -1.81716864e-06\n -7.93098920e-07 -2.13338236e-06]", "hess_inv": "[[ 5.07066332 -0.11845971 -1.38778317 -0.09823601 -2.45050194 -0.24576866]\n [-0.11845971  6.77482676  5.2301362   0.86204164 -0.22821985 -1.66849566]\n [-1.38778317  5.2301362  13.32013081  3.806572    0.22603899  0.06735666]\n [-0.09823601  0.86204164  3.806572    5.08337759  0.03739182 -0.20704276]\n [-2.45050194 -0.22821985  0.22603899  0.03739182  5.35316407 -0.12754808]\n [-0.24576866 -1.66849566  0.06735666 -0.20704276 -0.12754808  4.0215621 ]]", "nfev": "399", "njev": "57", "status": "0", "success": "True", "message": "Optimization terminated successfully.", "x": "[ 4.10861947 11.88738112  0.23188115  4.74423908 -4.04234614 -4.24793384]", "nit": "43"}, "1": {"maxiter": 100, "gtol": 1e-05, "xrtol": 1e-05, "eps": 1e-10, "duration": 0.06656408309936523, "fun": "0.44416132376706563", "jac": "[-1.11022293e-06 -2.22044587e-06 -1.11022293e-06 -3.33066880e-06\n  1.11022293e-06  5.55111466e-06]", "hess_inv": "[[ 5.23080918e+00 -2.86237787e-01 -1.90398337e+00 -4.98116574e-01\n  -2.58452267e+00 -4.16363046e-01]\n [-2.86237787e-01  6.30286691e+00  4.78186618e+00  6.43284687e-01\n  -2.06436067e-03 -1.25304426e+00]\n [-1.90398337e+00  4.78186618e+00  1.39335962e+01  4.44890270e+00\n   9.64139987e-01  1.34696049e+00]\n [-4.98116574e-01  6.43284687e-01  4.44890270e+00  5.51464280e+00\n   5.31059775e-01  6.95535099e-01]\n [-2.58452267e+00 -2.06436067e-03  9.64139987e-01  5.31059775e-01\n   5.63039242e+00  1.67253735e-01]\n [-4.16363046e-01 -1.25304426e+00  1.34696049e+00  6.95535099e-01\n   1.67253735e-01  4.39828346e+00]]", "nfev": "392", "njev": "56", "status": "0", "success": "True", "message": "Optimization terminated successfully.", "x": "[ 4.10860795 11.88734397  0.23184232  4.74422148 -4.04232844 -4.24789842]", "nit": "42"}, "2": {"maxiter": 100, "gtol": 1e-05, "xrtol": 1e-10, "eps": 1e-05, "duration": 0.06788206100463867, "fun": "0.44416132350781423", "jac": "[-1.07691633e-09 -2.03093098e-07 -2.93298719e-07 -1.81716864e-06\n -7.93098920e-07 -2.13338236e-06]", "hess_inv": "[[ 5.07066332 -0.11845971 -1.38778317 -0.09823601 -2.45050194 -0.24576866]\n [-0.11845971  6.77482676  5.2301362   0.86204164 -0.22821985 -1.66849566]\n [-1.38778317  5.2301362  13.32013081  3.806572    0.22603899  0.06735666]\n [-0.09823601  0.86204164  3.806572    5.08337759  0.03739182 -0.20704276]\n [-2.45050194 -0.22821985  0.22603899  0.03739182  5.35316407 -0.12754808]\n [-0.24576866 -1.66849566  0.06735666 -0.20704276 -0.12754808  4.0215621 ]]", "nfev": "399", "njev": "57", "status": "0", "success": "True", "message": "Optimization terminated successfully.", "x": "[ 4.10861947 11.88738112  0.23188115  4.74423908 -4.04234614 -4.24793384]", "nit": "43"}, "3": {"maxiter": 100, "gtol": 1e-05, "xrtol": 1e-10, "eps": 1e-10, "duration": 0.06672310829162598, "fun": "0.44416132376706563", "jac": "[-1.11022293e-06 -2.22044587e-06 -1.11022293e-06 -3.33066880e-06\n  1.11022293e-06  5.55111466e-06]", "hess_inv": "[[ 5.23080918e+00 -2.86237787e-01 -1.90398337e+00 -4.98116574e-01\n  -2.58452267e+00 -4.16363046e-01]\n [-2.86237787e-01  6.30286691e+00  4.78186618e+00  6.43284687e-01\n  -2.06436067e-03 -1.25304426e+00]\n [-1.90398337e+00  4.78186618e+00  1.39335962e+01  4.44890270e+00\n   9.64139987e-01  1.34696049e+00]\n [-4.98116574e-01  6.43284687e-01  4.44890270e+00  5.51464280e+00\n   5.31059775e-01  6.95535099e-01]\n [-2.58452267e+00 -2.06436067e-03  9.64139987e-01  5.31059775e-01\n   5.63039242e+00  1.67253735e-01]\n [-4.16363046e-01 -1.25304426e+00  1.34696049e+00  6.95535099e-01\n   1.67253735e-01  4.39828346e+00]]", "nfev": "392", "njev": "56", "status": "0", "success": "True", "message": "Optimization terminated successfully.", "x": "[ 4.10860795 11.88734397  0.23184232  4.74422148 -4.04232844 -4.24789842]", "nit": "42"}, "4": {"maxiter": 100, "gtol": 1e-10, "xrtol": 1e-05, "eps": 1e-05, "duration": 0.0679631233215332, "fun": "0.44416132350781423", "jac": "[-1.07691633e-09 -2.03093098e-07 -2.93298719e-07 -1.81716864e-06\n -7.93098920e-07 -2.13338236e-06]", "hess_inv": "[[ 5.07066332 -0.11845971 -1.38778317 -0.09823601 -2.45050194 -0.24576866]\n [-0.11845971  6.77482676  5.2301362   0.86204164 -0.22821985 -1.66849566]\n [-1.38778317  5.2301362  13.32013081  3.806572    0.22603899  0.06735666]\n [-0.09823601  0.86204164  3.806572    5.08337759  0.03739182 -0.20704276]\n [-2.45050194 -0.22821985  0.22603899  0.03739182  5.35316407 -0.12754808]\n [-0.24576866 -1.66849566  0.06735666 -0.20704276 -0.12754808  4.0215621 ]]", "nfev": "399", "njev": "57", "status": "0", "success": "True", "message": "Optimization terminated successfully.", "x": "[ 4.10861947 11.88738112  0.23188115  4.74423908 -4.04234614 -4.24793384]", "nit": "43"}, "5": {"maxiter": 100, "gtol": 1e-10, "xrtol": 1e-05, "eps": 1e-10, "duration": 0.06788372993469238, "fun": "0.4441613234808205", "jac": "[ 0.00000000e+00  0.00000000e+00 -1.11022293e-06 -1.11022293e-06\n  0.00000000e+00  0.00000000e+00]", "hess_inv": "[[ 5.25390616 -0.19071994 -1.79472169 -0.43048403 -2.61592847 -0.48405251]\n [-0.19071994  6.69010036  5.24153757  0.91885232 -0.14731125 -1.49082411]\n [-1.79472169  5.24153757 14.44260975  4.7729895   0.83101335  0.9844018 ]\n [-0.43048403  0.91885232  4.7729895   5.71049496  0.4309461   0.51968421]\n [-2.61592847 -0.14731125  0.83101335  0.4309461   5.64274663  0.34253535]\n [-0.48405251 -1.49082411  0.9844018   0.51968421  0.34253535  4.36834395]]", "nfev": "399", "njev": "57", "status": "0", "success": "True", "message": "Optimization terminated successfully.", "x": "[ 4.10861553 11.88737593  0.23187751  4.744244   -4.04233748 -4.24792407]", "nit": "43"}, "6": {"maxiter": 100, "gtol": 1e-10, "xrtol": 1e-10, "eps": 1e-05, "duration": 0.10063481330871582, "fun": "0.44416132343294645", "jac": "[-5.55111512e-11  1.66533454e-10  2.22044605e-11  1.44328993e-10\n -3.44169138e-10  5.99520433e-10]", "hess_inv": "[[ 5.14845715 -0.13591243 -1.69188195 -0.35268123 -2.55513988 -0.44011906]\n [-0.13591243  6.77966077  5.30291155  0.92138847 -0.20619752 -1.62180505]\n [-1.69188195  5.30291155 14.53003124  4.81064826  0.62957637  0.83864887]\n [-0.35268123  0.92138847  4.81064826  5.91890455  0.37820298  0.43148771]\n [-2.55513988 -0.20619752  0.62957637  0.37820298  5.49405467  0.13360036]\n [-0.44011906 -1.62180505  0.83864887  0.43148771  0.13360036  4.50741428]]", "nfev": "592", "njev": "83", "status": "2", "success": "False", "message": "Desired error not necessarily achieved due to precision loss.", "x": "[ 4.10861527 11.88738213  0.23189786  4.74425293 -4.04234059 -4.24792318]", "nit": "46"}, "7": {"maxiter": 100, "gtol": 1e-10, "xrtol": 1e-10, "eps": 1e-10, "duration": 0.10103011131286621, "fun": "0.4441613234094042", "jac": "[-1.11022293e-06 -1.11022293e-06 -1.11022293e-06  1.11022293e-06\n -1.11022293e-06 -1.11022293e-06]", "hess_inv": "[[ 0.02489533  0.03043354 -0.00516504  0.00806471 -0.01916575 -0.01889034]\n [ 0.03043354  0.07149559 -0.03101523 -0.00590562 -0.05228498  0.02278462]\n [-0.00516504 -0.03101523  0.02579935  0.00983699  0.02816396 -0.03768336]\n [ 0.00806471 -0.00590562  0.00983699  0.02343772  0.00788072 -0.02864451]\n [-0.01916575 -0.05228498  0.02816396  0.00788072  0.04258418 -0.03061075]\n [-0.01889034  0.02278462 -0.03768336 -0.02864451 -0.03061075  0.10065525]]", "nfev": "595", "njev": "85", "status": "0", "success": "True", "message": "Optimization terminated successfully.", "x": "[ 4.10861322 11.88739538  0.23192001  4.74426739 -4.04233784 -4.24792399]", "nit": "55"}, "8": {"maxiter": 500, "gtol": 1e-05, "xrtol": 1e-05, "eps": 1e-05, "duration": 0.06790804862976074, "fun": "0.44416132350781423", "jac": "[-1.07691633e-09 -2.03093098e-07 -2.93298719e-07 -1.81716864e-06\n -7.93098920e-07 -2.13338236e-06]", "hess_inv": "[[ 5.07066332 -0.11845971 -1.38778317 -0.09823601 -2.45050194 -0.24576866]\n [-0.11845971  6.77482676  5.2301362   0.86204164 -0.22821985 -1.66849566]\n [-1.38778317  5.2301362  13.32013081  3.806572    0.22603899  0.06735666]\n [-0.09823601  0.86204164  3.806572    5.08337759  0.03739182 -0.20704276]\n [-2.45050194 -0.22821985  0.22603899  0.03739182  5.35316407 -0.12754808]\n [-0.24576866 -1.66849566  0.06735666 -0.20704276 -0.12754808  4.0215621 ]]", "nfev": "399", "njev": "57", "status": "0", "success": "True", "message": "Optimization terminated successfully.", "x": "[ 4.10861947 11.88738112  0.23188115  4.74423908 -4.04234614 -4.24793384]", "nit": "43"}, "9": {"maxiter": 500, "gtol": 1e-05, "xrtol": 1e-05, "eps": 1e-10, "duration": 0.06664609909057617, "fun": "0.44416132376706563", "jac": "[-1.11022293e-06 -2.22044587e-06 -1.11022293e-06 -3.33066880e-06\n  1.11022293e-06  5.55111466e-06]", "hess_inv": "[[ 5.23080918e+00 -2.86237787e-01 -1.90398337e+00 -4.98116574e-01\n  -2.58452267e+00 -4.16363046e-01]\n [-2.86237787e-01  6.30286691e+00  4.78186618e+00  6.43284687e-01\n  -2.06436067e-03 -1.25304426e+00]\n [-1.90398337e+00  4.78186618e+00  1.39335962e+01  4.44890270e+00\n   9.64139987e-01  1.34696049e+00]\n [-4.98116574e-01  6.43284687e-01  4.44890270e+00  5.51464280e+00\n   5.31059775e-01  6.95535099e-01]\n [-2.58452267e+00 -2.06436067e-03  9.64139987e-01  5.31059775e-01\n   5.63039242e+00  1.67253735e-01]\n [-4.16363046e-01 -1.25304426e+00  1.34696049e+00  6.95535099e-01\n   1.67253735e-01  4.39828346e+00]]", "nfev": "392", "njev": "56", "status": "0", "success": "True", "message": "Optimization terminated successfully.", "x": "[ 4.10860795 11.88734397  0.23184232  4.74422148 -4.04232844 -4.24789842]", "nit": "42"}, "10": {"maxiter": 500, "gtol": 1e-05, "xrtol": 1e-10, "eps": 1e-05, "duration": 0.06788802146911621, "fun": "0.44416132350781423", "jac": "[-1.07691633e-09 -2.03093098e-07 -2.93298719e-07 -1.81716864e-06\n -7.93098920e-07 -2.13338236e-06]", "hess_inv": "[[ 5.07066332 -0.11845971 -1.38778317 -0.09823601 -2.45050194 -0.24576866]\n [-0.11845971  6.77482676  5.2301362   0.86204164 -0.22821985 -1.66849566]\n [-1.38778317  5.2301362  13.32013081  3.806572    0.22603899  0.06735666]\n [-0.09823601  0.86204164  3.806572    5.08337759  0.03739182 -0.20704276]\n [-2.45050194 -0.22821985  0.22603899  0.03739182  5.35316407 -0.12754808]\n [-0.24576866 -1.66849566  0.06735666 -0.20704276 -0.12754808  4.0215621 ]]", "nfev": "399", "njev": "57", "status": "0", "success": "True", "message": "Optimization terminated successfully.", "x": "[ 4.10861947 11.88738112  0.23188115  4.74423908 -4.04234614 -4.24793384]", "nit": "43"}, "11": {"maxiter": 500, "gtol": 1e-05, "xrtol": 1e-10, "eps": 1e-10, "duration": 0.06666874885559082, "fun": "0.44416132376706563", "jac": "[-1.11022293e-06 -2.22044587e-06 -1.11022293e-06 -3.33066880e-06\n  1.11022293e-06  5.55111466e-06]", "hess_inv": "[[ 5.23080918e+00 -2.86237787e-01 -1.90398337e+00 -4.98116574e-01\n  -2.58452267e+00 -4.16363046e-01]\n [-2.86237787e-01  6.30286691e+00  4.78186618e+00  6.43284687e-01\n  -2.06436067e-03 -1.25304426e+00]\n [-1.90398337e+00  4.78186618e+00  1.39335962e+01  4.44890270e+00\n   9.64139987e-01  1.34696049e+00]\n [-4.98116574e-01  6.43284687e-01  4.44890270e+00  5.51464280e+00\n   5.31059775e-01  6.95535099e-01]\n [-2.58452267e+00 -2.06436067e-03  9.64139987e-01  5.31059775e-01\n   5.63039242e+00  1.67253735e-01]\n [-4.16363046e-01 -1.25304426e+00  1.34696049e+00  6.95535099e-01\n   1.67253735e-01  4.39828346e+00]]", "nfev": "392", "njev": "56", "status": "0", "success": "True", "message": "Optimization terminated successfully.", "x": "[ 4.10860795 11.88734397  0.23184232  4.74422148 -4.04232844 -4.24789842]", "nit": "42"}, "12": {"maxiter": 500, "gtol": 1e-10, "xrtol": 1e-05, "eps": 1e-05, "duration": 0.06808805465698242, "fun": "0.44416132350781423", "jac": "[-1.07691633e-09 -2.03093098e-07 -2.93298719e-07 -1.81716864e-06\n -7.93098920e-07 -2.13338236e-06]", "hess_inv": "[[ 5.07066332 -0.11845971 -1.38778317 -0.09823601 -2.45050194 -0.24576866]\n [-0.11845971  6.77482676  5.2301362   0.86204164 -0.22821985 -1.66849566]\n [-1.38778317  5.2301362  13.32013081  3.806572    0.22603899  0.06735666]\n [-0.09823601  0.86204164  3.806572    5.08337759  0.03739182 -0.20704276]\n [-2.45050194 -0.22821985  0.22603899  0.03739182  5.35316407 -0.12754808]\n [-0.24576866 -1.66849566  0.06735666 -0.20704276 -0.12754808  4.0215621 ]]", "nfev": "399", "njev": "57", "status": "0", "success": "True", "message": "Optimization terminated successfully.", "x": "[ 4.10861947 11.88738112  0.23188115  4.74423908 -4.04234614 -4.24793384]", "nit": "43"}, "13": {"maxiter": 500, "gtol": 1e-10, "xrtol": 1e-05, "eps": 1e-10, "duration": 0.06790995597839355, "fun": "0.4441613234808205", "jac": "[ 0.00000000e+00  0.00000000e+00 -1.11022293e-06 -1.11022293e-06\n  0.00000000e+00  0.00000000e+00]", "hess_inv": "[[ 5.25390616 -0.19071994 -1.79472169 -0.43048403 -2.61592847 -0.48405251]\n [-0.19071994  6.69010036  5.24153757  0.91885232 -0.14731125 -1.49082411]\n [-1.79472169  5.24153757 14.44260975  4.7729895   0.83101335  0.9844018 ]\n [-0.43048403  0.91885232  4.7729895   5.71049496  0.4309461   0.51968421]\n [-2.61592847 -0.14731125  0.83101335  0.4309461   5.64274663  0.34253535]\n [-0.48405251 -1.49082411  0.9844018   0.51968421  0.34253535  4.36834395]]", "nfev": "399", "njev": "57", "status": "0", "success": "True", "message": "Optimization terminated successfully.", "x": "[ 4.10861553 11.88737593  0.23187751  4.744244   -4.04233748 -4.24792407]", "nit": "43"}, "14": {"maxiter": 500, "gtol": 1e-10, "xrtol": 1e-10, "eps": 1e-05, "duration": 0.10008096694946289, "fun": "0.44416132343294645", "jac": "[-5.55111512e-11  1.66533454e-10  2.22044605e-11  1.44328993e-10\n -3.44169138e-10  5.99520433e-10]", "hess_inv": "[[ 5.14845715 -0.13591243 -1.69188195 -0.35268123 -2.55513988 -0.44011906]\n [-0.13591243  6.77966077  5.30291155  0.92138847 -0.20619752 -1.62180505]\n [-1.69188195  5.30291155 14.53003124  4.81064826  0.62957637  0.83864887]\n [-0.35268123  0.92138847  4.81064826  5.91890455  0.37820298  0.43148771]\n [-2.55513988 -0.20619752  0.62957637  0.37820298  5.49405467  0.13360036]\n [-0.44011906 -1.62180505  0.83864887  0.43148771  0.13360036  4.50741428]]", "nfev": "592", "njev": "83", "status": "2", "success": "False", "message": "Desired error not necessarily achieved due to precision loss.", "x": "[ 4.10861527 11.88738213  0.23189786  4.74425293 -4.04234059 -4.24792318]", "nit": "46"}, "15": {"maxiter": 500, "gtol": 1e-10, "xrtol": 1e-10, "eps": 1e-10, "duration": 0.10063505172729492, "fun": "0.4441613234094042", "jac": "[-1.11022293e-06 -1.11022293e-06 -1.11022293e-06  1.11022293e-06\n -1.11022293e-06 -1.11022293e-06]", "hess_inv": "[[ 0.02489533  0.03043354 -0.00516504  0.00806471 -0.01916575 -0.01889034]\n [ 0.03043354  0.07149559 -0.03101523 -0.00590562 -0.05228498  0.02278462]\n [-0.00516504 -0.03101523  0.02579935  0.00983699  0.02816396 -0.03768336]\n [ 0.00806471 -0.00590562  0.00983699  0.02343772  0.00788072 -0.02864451]\n [-0.01916575 -0.05228498  0.02816396  0.00788072  0.04258418 -0.03061075]\n [-0.01889034  0.02278462 -0.03768336 -0.02864451 -0.03061075  0.10065525]]", "nfev": "595", "njev": "85", "status": "0", "success": "True", "message": "Optimization terminated successfully.", "x": "[ 4.10861322 11.88739538  0.23192001  4.74426739 -4.04233784 -4.24792399]", "nit": "55"}, "16": {"maxiter": 1000, "gtol": 1e-05, "xrtol": 1e-05, "eps": 1e-05, "duration": 0.0676717758178711, "fun": "0.44416132350781423", "jac": "[-1.07691633e-09 -2.03093098e-07 -2.93298719e-07 -1.81716864e-06\n -7.93098920e-07 -2.13338236e-06]", "hess_inv": "[[ 5.07066332 -0.11845971 -1.38778317 -0.09823601 -2.45050194 -0.24576866]\n [-0.11845971  6.77482676  5.2301362   0.86204164 -0.22821985 -1.66849566]\n [-1.38778317  5.2301362  13.32013081  3.806572    0.22603899  0.06735666]\n [-0.09823601  0.86204164  3.806572    5.08337759  0.03739182 -0.20704276]\n [-2.45050194 -0.22821985  0.22603899  0.03739182  5.35316407 -0.12754808]\n [-0.24576866 -1.66849566  0.06735666 -0.20704276 -0.12754808  4.0215621 ]]", "nfev": "399", "njev": "57", "status": "0", "success": "True", "message": "Optimization terminated successfully.", "x": "[ 4.10861947 11.88738112  0.23188115  4.74423908 -4.04234614 -4.24793384]", "nit": "43"}, "17": {"maxiter": 1000, "gtol": 1e-05, "xrtol": 1e-05, "eps": 1e-10, "duration": 0.06638097763061523, "fun": "0.44416132376706563", "jac": "[-1.11022293e-06 -2.22044587e-06 -1.11022293e-06 -3.33066880e-06\n  1.11022293e-06  5.55111466e-06]", "hess_inv": "[[ 5.23080918e+00 -2.86237787e-01 -1.90398337e+00 -4.98116574e-01\n  -2.58452267e+00 -4.16363046e-01]\n [-2.86237787e-01  6.30286691e+00  4.78186618e+00  6.43284687e-01\n  -2.06436067e-03 -1.25304426e+00]\n [-1.90398337e+00  4.78186618e+00  1.39335962e+01  4.44890270e+00\n   9.64139987e-01  1.34696049e+00]\n [-4.98116574e-01  6.43284687e-01  4.44890270e+00  5.51464280e+00\n   5.31059775e-01  6.95535099e-01]\n [-2.58452267e+00 -2.06436067e-03  9.64139987e-01  5.31059775e-01\n   5.63039242e+00  1.67253735e-01]\n [-4.16363046e-01 -1.25304426e+00  1.34696049e+00  6.95535099e-01\n   1.67253735e-01  4.39828346e+00]]", "nfev": "392", "njev": "56", "status": "0", "success": "True", "message": "Optimization terminated successfully.", "x": "[ 4.10860795 11.88734397  0.23184232  4.74422148 -4.04232844 -4.24789842]", "nit": "42"}, "18": {"maxiter": 1000, "gtol": 1e-05, "xrtol": 1e-10, "eps": 1e-05, "duration": 0.06761312484741211, "fun": "0.44416132350781423", "jac": "[-1.07691633e-09 -2.03093098e-07 -2.93298719e-07 -1.81716864e-06\n -7.93098920e-07 -2.13338236e-06]", "hess_inv": "[[ 5.07066332 -0.11845971 -1.38778317 -0.09823601 -2.45050194 -0.24576866]\n [-0.11845971  6.77482676  5.2301362   0.86204164 -0.22821985 -1.66849566]\n [-1.38778317  5.2301362  13.32013081  3.806572    0.22603899  0.06735666]\n [-0.09823601  0.86204164  3.806572    5.08337759  0.03739182 -0.20704276]\n [-2.45050194 -0.22821985  0.22603899  0.03739182  5.35316407 -0.12754808]\n [-0.24576866 -1.66849566  0.06735666 -0.20704276 -0.12754808  4.0215621 ]]", "nfev": "399", "njev": "57", "status": "0", "success": "True", "message": "Optimization terminated successfully.", "x": "[ 4.10861947 11.88738112  0.23188115  4.74423908 -4.04234614 -4.24793384]", "nit": "43"}, "19": {"maxiter": 1000, "gtol": 1e-05, "xrtol": 1e-10, "eps": 1e-10, "duration": 0.0664970874786377, "fun": "0.44416132376706563", "jac": "[-1.11022293e-06 -2.22044587e-06 -1.11022293e-06 -3.33066880e-06\n  1.11022293e-06  5.55111466e-06]", "hess_inv": "[[ 5.23080918e+00 -2.86237787e-01 -1.90398337e+00 -4.98116574e-01\n  -2.58452267e+00 -4.16363046e-01]\n [-2.86237787e-01  6.30286691e+00  4.78186618e+00  6.43284687e-01\n  -2.06436067e-03 -1.25304426e+00]\n [-1.90398337e+00  4.78186618e+00  1.39335962e+01  4.44890270e+00\n   9.64139987e-01  1.34696049e+00]\n [-4.98116574e-01  6.43284687e-01  4.44890270e+00  5.51464280e+00\n   5.31059775e-01  6.95535099e-01]\n [-2.58452267e+00 -2.06436067e-03  9.64139987e-01  5.31059775e-01\n   5.63039242e+00  1.67253735e-01]\n [-4.16363046e-01 -1.25304426e+00  1.34696049e+00  6.95535099e-01\n   1.67253735e-01  4.39828346e+00]]", "nfev": "392", "njev": "56", "status": "0", "success": "True", "message": "Optimization terminated successfully.", "x": "[ 4.10860795 11.88734397  0.23184232  4.74422148 -4.04232844 -4.24789842]", "nit": "42"}, "20": {"maxiter": 1000, "gtol": 1e-10, "xrtol": 1e-05, "eps": 1e-05, "duration": 0.06771993637084961, "fun": "0.44416132350781423", "jac": "[-1.07691633e-09 -2.03093098e-07 -2.93298719e-07 -1.81716864e-06\n -7.93098920e-07 -2.13338236e-06]", "hess_inv": "[[ 5.07066332 -0.11845971 -1.38778317 -0.09823601 -2.45050194 -0.24576866]\n [-0.11845971  6.77482676  5.2301362   0.86204164 -0.22821985 -1.66849566]\n [-1.38778317  5.2301362  13.32013081  3.806572    0.22603899  0.06735666]\n [-0.09823601  0.86204164  3.806572    5.08337759  0.03739182 -0.20704276]\n [-2.45050194 -0.22821985  0.22603899  0.03739182  5.35316407 -0.12754808]\n [-0.24576866 -1.66849566  0.06735666 -0.20704276 -0.12754808  4.0215621 ]]", "nfev": "399", "njev": "57", "status": "0", "success": "True", "message": "Optimization terminated successfully.", "x": "[ 4.10861947 11.88738112  0.23188115  4.74423908 -4.04234614 -4.24793384]", "nit": "43"}, "21": {"maxiter": 1000, "gtol": 1e-10, "xrtol": 1e-05, "eps": 1e-10, "duration": 0.0675058364868164, "fun": "0.4441613234808205", "jac": "[ 0.00000000e+00  0.00000000e+00 -1.11022293e-06 -1.11022293e-06\n  0.00000000e+00  0.00000000e+00]", "hess_inv": "[[ 5.25390616 -0.19071994 -1.79472169 -0.43048403 -2.61592847 -0.48405251]\n [-0.19071994  6.69010036  5.24153757  0.91885232 -0.14731125 -1.49082411]\n [-1.79472169  5.24153757 14.44260975  4.7729895   0.83101335  0.9844018 ]\n [-0.43048403  0.91885232  4.7729895   5.71049496  0.4309461   0.51968421]\n [-2.61592847 -0.14731125  0.83101335  0.4309461   5.64274663  0.34253535]\n [-0.48405251 -1.49082411  0.9844018   0.51968421  0.34253535  4.36834395]]", "nfev": "399", "njev": "57", "status": "0", "success": "True", "message": "Optimization terminated successfully.", "x": "[ 4.10861553 11.88737593  0.23187751  4.744244   -4.04233748 -4.24792407]", "nit": "43"}, "22": {"maxiter": 1000, "gtol": 1e-10, "xrtol": 1e-10, "eps": 1e-05, "duration": 0.1000208854675293, "fun": "0.44416132343294645", "jac": "[-5.55111512e-11  1.66533454e-10  2.22044605e-11  1.44328993e-10\n -3.44169138e-10  5.99520433e-10]", "hess_inv": "[[ 5.14845715 -0.13591243 -1.69188195 -0.35268123 -2.55513988 -0.44011906]\n [-0.13591243  6.77966077  5.30291155  0.92138847 -0.20619752 -1.62180505]\n [-1.69188195  5.30291155 14.53003124  4.81064826  0.62957637  0.83864887]\n [-0.35268123  0.92138847  4.81064826  5.91890455  0.37820298  0.43148771]\n [-2.55513988 -0.20619752  0.62957637  0.37820298  5.49405467  0.13360036]\n [-0.44011906 -1.62180505  0.83864887  0.43148771  0.13360036  4.50741428]]", "nfev": "592", "njev": "83", "status": "2", "success": "False", "message": "Desired error not necessarily achieved due to precision loss.", "x": "[ 4.10861527 11.88738213  0.23189786  4.74425293 -4.04234059 -4.24792318]", "nit": "46"}, "23": {"maxiter": 1000, "gtol": 1e-10, "xrtol": 1e-10, "eps": 1e-10, "duration": 0.10085105895996094, "fun": "0.4441613234094042", "jac": "[-1.11022293e-06 -1.11022293e-06 -1.11022293e-06  1.11022293e-06\n -1.11022293e-06 -1.11022293e-06]", "hess_inv": "[[ 0.02489533  0.03043354 -0.00516504  0.00806471 -0.01916575 -0.01889034]\n [ 0.03043354  0.07149559 -0.03101523 -0.00590562 -0.05228498  0.02278462]\n [-0.00516504 -0.03101523  0.02579935  0.00983699  0.02816396 -0.03768336]\n [ 0.00806471 -0.00590562  0.00983699  0.02343772  0.00788072 -0.02864451]\n [-0.01916575 -0.05228498  0.02816396  0.00788072  0.04258418 -0.03061075]\n [-0.01889034  0.02278462 -0.03768336 -0.02864451 -0.03061075  0.10065525]]", "nfev": "595", "njev": "85", "status": "0", "success": "True", "message": "Optimization terminated successfully.", "x": "[ 4.10861322 11.88739538  0.23192001  4.74426739 -4.04233784 -4.24792399]", "nit": "55"}}, "cobyla": {"0": {"maxiter": 100, "tol": 1e-05, "catol": 1e-05, "duration": 0.016319990158081055, "x": "[ 4.10916724  5.6126713   0.24746363  7.81672235 -0.89998364 -1.10484451]", "status": "2", "success": "False", "message": "Maximum number of function evaluations has been exceeded.", "nfev": "100", "fun": "0.44417153689624544", "maxcv": "0.0"}, "1": {"maxiter": 100, "tol": 1e-05, "catol": 1e-10, "duration": 0.016252994537353516, "x": "[ 4.10916724  5.6126713   0.24746363  7.81672235 -0.89998364 -1.10484451]", "status": "2", "success": "False", "message": "Maximum number of function evaluations has been exceeded.", "nfev": "100", "fun": "0.44417153689624544", "maxcv": "0.0"}, "2": {"maxiter": 100, "tol": 1e-10, "catol": 1e-05, "duration": 0.01622319221496582, "x": "[ 4.10916724  5.6126713   0.24746363  7.81672235 -0.89998364 -1.10484451]", "status": "2", "success": "False", "message": "Maximum number of function evaluations has been exceeded.", "nfev": "100", "fun": "0.44417153689624544", "maxcv": "0.0"}, "3": {"maxiter": 100, "tol": 1e-10, "catol": 1e-10, "duration": 0.016252994537353516, "x": "[ 4.10916724  5.6126713   0.24746363  7.81672235 -0.89998364 -1.10484451]", "status": "2", "success": "False", "message": "Maximum number of function evaluations has been exceeded.", "nfev": "100", "fun": "0.44417153689624544", "maxcv": "0.0"}, "4": {"maxiter": 500, "tol": 1e-05, "catol": 1e-05, "duration": 0.03663897514343262, "x": "[ 4.10862373  5.60421691  0.23192814  7.82209536 -0.90073838 -1.10631883]", "status": "1", "success": "True", "message": "Optimization terminated successfully.", "nfev": "226", "fun": "0.44416132344308557