{"date": "2024/07/19/, 08:48:52", "conf_id": 169, "data_type": "non_lin_ind\n", "num_data_points": 1, "s_rank": 0, "unitary": "[[-0.24866696+0.58742286j,-0.44704345-0.43151574j,-0.35669027-0.20570733j,-0.10517633+0.1626036j],[0.10596805-0.19687975j,-0.30269685-0.15056416j,0.18246286+0.30440582j,-0.83484447-0.11310748j],[0.26054512-0.52548482j,0.0285017-0.50723956j,-0.43110112+0.17165838j,0.15243271+0.39915801j],[0.42978035+0.11991271j,-0.17224126-0.46030424j,0.6827807-0.15164662j,0.26483638+0.0061855j]]", "databatch_0": {"databatch": "[[[-0.17351471+0.0917462j,0.34322775-0.29468331j,0.19861028+0.0869209j,0.04974325+0.13502003j],[-0.21711494+0.01903282j,0.52314898-0.17805229j,0.19506157+0.21873681j,0.01419412+0.18631251j],[0.06730153-0.00651343j,-0.20368888-0.00926207j,0.00327645-0.11638936j,0.03367004-0.09322852j],[0.15643768+0.02851122j,-0.29940386+0.06465765j,-0.12758098-0.08159491j,0.01153097-0.06101284j]]]", "initial param values": "[6.16961968,6.14633781,1.07981412,2.69186833,6.06115418,1.55350213]", "nelder_mead": {"type": "gradient-free", "0": {"maxiter": 100, "fatol": 1e-05, "xatol": 1e-05, "duration": 0.02599811553955078, "fun": "0.03219263651875337", "nit": "100", "nfev": "156", "status": "2", "success": "False", "message": "Maximum number of iterations has been exceeded.", "x": "[ 9.42374261  9.35389788  2.06218327  1.79726346  3.75879635 -0.0349386 ]", "final_simplex": "(array([[ 9.42374261,  9.35389788,  2.06218327,  1.79726346,  3.75879635,\n        -0.0349386 ],\n       [ 9.44086576,  9.34678237,  2.06730816,  1.80985532,  3.71723062,\n        -0.04213722],\n       [ 9.43654846,  9.34288192,  2.05143103,  1.77634986,  3.79167356,\n        -0.01522454],\n       [ 9.36007137,  9.27934755,  2.03649661,  1.79197482,  3.81325693,\n         0.01809924],\n       [ 9.38304792,  9.31465114,  2.0454772 ,  1.79162003,  3.76119141,\n         0.02172155],\n       [ 9.41174778,  9.31582802,  2.07197048,  1.76121947,  3.77960622,\n        -0.02881925],\n       [ 9.3850522 ,  9.27367875,  2.02793966,  1.77431189,  3.85849082,\n         0.04150092]]), array([0.03219264, 0.03227173, 0.032424  , 0.03255167, 0.03256669,\n       0.03259431, 0.03259603]))"}, "1": {"maxiter": 100, "fatol": 1e-05, "xatol": 1e-10, "duration": 0.02589273452758789, "fun": "0.03219263651875337", "nit": "100", "nfev": "156", "status": "2", "success": "False", "message": "Maximum number of iterations has been exceeded.", "x": "[ 9.42374261  9.35389788  2.06218327  1.79726346  3.75879635 -0.0349386 ]", "final_simplex": "(array([[ 9.42374261,  9.35389788,  2.06218327,  1.79726346,  3.75879635,\n        -0.0349386 ],\n       [ 9.44086576,  9.34678237,  2.06730816,  1.80985532,  3.71723062,\n        -0.04213722],\n       [ 9.43654846,  9.34288192,  2.05143103,  1.77634986,  3.79167356,\n        -0.01522454],\n       [ 9.36007137,  9.27934755,  2.03649661,  1.79197482,  3.81325693,\n         0.01809924],\n       [ 9.38304792,  9.31465114,  2.0454772 ,  1.79162003,  3.76119141,\n         0.02172155],\n       [ 9.41174778,  9.31582802,  2.07197048,  1.76121947,  3.77960622,\n        -0.02881925],\n       [ 9.3850522 ,  9.27367875,  2.02793966,  1.77431189,  3.85849082,\n         0.04150092]]), array([0.03219264, 0.03227173, 0.032424  , 0.03255167, 0.03256669,\n       0.03259431, 0.03259603]))"}, "2": {"maxiter": 100, "fatol": 1e-10, "xatol": 1e-05, "duration": 0.02592182159423828, "fun": "0.03219263651875337", "nit": "100", "nfev": "156", "status": "2", "success": "False", "message": "Maximum number of iterations has been exceeded.", "x": "[ 9.42374261  9.35389788  2.06218327  1.79726346  3.75879635 -0.0349386 ]", "final_simplex": "(array([[ 9.42374261,  9.35389788,  2.06218327,  1.79726346,  3.75879635,\n        -0.0349386 ],\n       [ 9.44086576,  9.34678237,  2.06730816,  1.80985532,  3.71723062,\n        -0.04213722],\n       [ 9.43654846,  9.34288192,  2.05143103,  1.77634986,  3.79167356,\n        -0.01522454],\n       [ 9.36007137,  9.27934755,  2.03649661,  1.79197482,  3.81325693,\n         0.01809924],\n       [ 9.38304792,  9.31465114,  2.0454772 ,  1.79162003,  3.76119141,\n         0.02172155],\n       [ 9.41174778,  9.31582802,  2.07197048,  1.76121947,  3.77960622,\n        -0.02881925],\n       [ 9.3850522 ,  9.27367875,  2.02793966,  1.77431189,  3.85849082,\n         0.04150092]]), array([0.03219264, 0.03227173, 0.032424  , 0.03255167, 0.03256669,\n       0.03259431, 0.03259603]))"}, "3": {"maxiter": 100, "fatol": 1e-10, "xatol": 1e-10, "duration": 0.02592611312866211, "fun": "0.03219263651875337", "nit": "100", "nfev": "156", "status": "2", "success": "False", "message": "Maximum number of iterations has been exceeded.", "x": "[ 9.42374261  9.35389788  2.06218327  1.79726346  3.75879635 -0.0349386 ]", "final_simplex": "(array([[ 9.42374261,  9.35389788,  2.06218327,  1.79726346,  3.75879635,\n        -0.0349386 ],\n       [ 9.44086576,  9.34678237,  2.06730816,  1.80985532,  3.71723062,\n        -0.04213722],\n       [ 9.43654846,  9.34288192,  2.05143103,  1.77634986,  3.79167356,\n        -0.01522454],\n       [ 9.36007137,  9.27934755,  2.03649661,  1.79197482,  3.81325693,\n         0.01809924],\n       [ 9.38304792,  9.31465114,  2.0454772 ,  1.79162003,  3.76119141,\n         0.02172155],\n       [ 9.41174778,  9.31582802,  2.07197048,  1.76121947,  3.77960622,\n        -0.02881925],\n       [ 9.3850522 ,  9.27367875,  2.02793966,  1.77431189,  3.85849082,\n         0.04150092]]), array([0.03219264, 0.03227173, 0.032424  , 0.03255167, 0.03256669,\n       0.03259431, 0.03259603]))"}, "4": {"maxiter": 500, "fatol": 1e-05, "xatol": 1e-05, "duration": 0.1291041374206543, "fun": "0.03155245075288726", "nit": "500", "nfev": "778", "status": "2", "success": "False", "message": "Maximum number of iterations has been exceeded.", "x": "[ 9.33501639 11.58405559  4.1988334   1.84029277  3.62285958 -0.0750498 ]", "final_simplex": "(array([[ 9.33501639, 11.58405559,  4.1988334 ,  1.84029277,  3.62285958,\n        -0.0750498 ],\n       [ 9.3230258 , 11.61499446,  4.20770347,  1.84494709,  3.61133162,\n        -0.07748873],\n       [ 9.33591121, 11.44725311,  4.06637301,  1.83160094,  3.6381998 ,\n        -0.0579468 ],\n       [ 9.33431981, 11.44969824,  4.0586201 ,  1.83873539,  3.62607457,\n        -0.06821358],\n       [ 9.33887912, 11.59598343,  4.21342702,  1.83801202,  3.63277508,\n        -0.06487575],\n       [ 9.34126397, 11.47401928,  4.0926832 ,  1.8317752 ,  3.63787647,\n        -0.06099102],\n       [ 9.35857884, 11.510652  ,  4.15404676,  1.82889948,  3.66936321,\n        -0.05807222]]), array([0.03155245, 0.03158815, 0.03160969, 0.03161344, 0.03163213,\n       0.03164631, 0.03166232]))"}, "5": {"maxiter": 500, "fatol": 1e-05, "xatol": 1e-10, "duration": 0.12964892387390137, "fun": "0.03155245075288726", "nit": "500", "nfev": "778", "status": "2", "success": "False", "message": "Maximum number of iterations has been exceeded.", "x": "[ 9.33501639 11.58405559  4.1988334   1.84029277  3.62285958 -0.0750498 ]", "final_simplex": "(array([[ 9.33501639, 11.58405559,  4.1988334 ,  1.84029277,  3.62285958,\n        -0.0750498 ],\n       [ 9.3230258 , 11.61499446,  4.20770347,  1.84494709,  3.61133162,\n        -0.07748873],\n       [ 9.33591121, 11.44725311,  4.06637301,  1.83160094,  3.6381998 ,\n        -0.0579468 ],\n       [ 9.33431981, 11.44969824,  4.0586201 ,  1.83873539,  3.62607457,\n        -0.06821358],\n       [ 9.33887912, 11.59598343,  4.21342702,  1.83801202,  3.63277508,\n        -0.06487575],\n       [ 9.34126397, 11.47401928,  4.0926832 ,  1.8317752 ,  3.63787647,\n        -0.06099102],\n       [ 9.35857884, 11.510652  ,  4.15404676,  1.82889948,  3.66936321,\n        -0.05807222]]), array([0.03155245, 0.03158815, 0.03160969, 0.03161344, 0.03163213,\n       0.03164631, 0.03166232]))"}, "6": {"maxiter": 500, "fatol": 1e-10, "xatol": 1e-05, "duration": 0.12742018699645996, "fun": "0.03155245075288726", "nit": "500", "nfev": "778", "status": "2", "success": "False", "message": "Maximum number of iterations has been exceeded.", "x": "[ 9.33501639 11.58405559  4.1988334   1.84029277  3.62285958 -0.0750498 ]", "final_simplex": "(array([[ 9.33501639, 11.58405559,  4.1988334 ,  1.84029277,  3.62285958,\n        -0.0750498 ],\n       [ 9.3230258 , 11.61499446,  4.20770347,  1.84494709,  3.61133162,\n        -0.07748873],\n       [ 9.33591121, 11.44725311,  4.06637301,  1.83160094,  3.6381998 ,\n        -0.0579468 ],\n       [ 9.33431981, 11.44969824,  4.0586201 ,  1.83873539,  3.62607457,\n        -0.06821358],\n       [ 9.33887912, 11.59598343,  4.21342702,  1.83801202,  3.63277508,\n        -0.06487575],\n       [ 9.34126397, 11.47401928,  4.0926832 ,  1.8317752 ,  3.63787647,\n        -0.06099102],\n       [ 9.35857884, 11.510652  ,  4.15404676,  1.82889948,  3.66936321,\n        -0.05807222]]), array([0.03155245, 0.03158815, 0.03160969, 0.03161344, 0.03163213,\n       0.03164631, 0.03166232]))"}, "7": {"maxiter": 500, "fatol": 1e-10, "xatol": 1e-10, "duration": 0.12743473052978516, "fun": "0.03155245075288726", "nit": "500", "nfev": "778", "status": "2", "success": "False", "message": "Maximum number of iterations has been exceeded.", "x": "[ 9.33501639 11.58405559  4.1988334   1.84029277  3.62285958 -0.0750498 ]", "final_simplex": "(array([[ 9.33501639, 11.58405559,  4.1988334 ,  1.84029277,  3.62285958,\n        -0.0750498 ],\n       [ 9.3230258 , 11.61499446,  4.20770347,  1.84494709,  3.61133162,\n        -0.07748873],\n       [ 9.33591121, 11.44725311,  4.06637301,  1.83160094,  3.6381998 ,\n        -0.0579468 ],\n       [ 9.33431981, 11.44969824,  4.0586201 ,  1.83873539,  3.62607457,\n        -0.06821358],\n       [ 9.33887912, 11.59598343,  4.21342702,  1.83801202,  3.63277508,\n        -0.06487575],\n       [ 9.34126397, 11.47401928,  4.0926832 ,  1.8317752 ,  3.63787647,\n        -0.06099102],\n       [ 9.35857884, 11.510652  ,  4.15404676,  1.82889948,  3.66936321,\n        -0.05807222]]), array([0.03155245, 0.03158815, 0.03160969, 0.03161344, 0.03163213,\n       0.03164631, 0.03166232]))"}, "8": {"maxiter": 1000, "fatol": 1e-05, "xatol": 1e-05, "duration": 0.21977615356445312, "fun": "0.02168053791480473", "nit": "865", "nfev": "1340", "status": "0", "success": "True", "message": "Optimization terminated successfully.", "x": "[ 7.84878235 12.55841506  3.46533219  1.29525749  1.77177295 -0.79650313]", "final_simplex": "(array([[ 7.84878235, 12.55841506,  3.46533219,  1.29525749,  1.77177295,\n        -0.79650313],\n       [ 7.84877915, 12.55841755,  3.46532965,  1.29525411,  1.77176657,\n        -0.79650205],\n       [ 7.84878189, 12.55841439,  3.46533098,  1.29525679,  1.77177063,\n        -0.79650453],\n       [ 7.84878584, 12.5584108 ,  3.46533358,  1.29525995,  1.77177389,\n        -0.79650328],\n       [ 7.84878024, 12.5584149 ,  3.46532971,  1.29525807,  1.77176919,\n        -0.79650125],\n       [ 7.84878712, 12.55840745,  3.46533916,  1.29526213,  1.77178092,\n        -0.79650218],\n       [ 7.84878215, 12.55841746,  3.46533157,  1.29525676,  1.77176813,\n        -0.7965038 ]]), array([0.02168054, 0.02168054, 0.02168054, 0.02168054, 0.02168054,\n       0.02168054, 0.02168054]))"}, "9": {"maxiter": 1000, "fatol": 1e-05, "xatol": 1e-10, "duration": 0.25351905822753906, "fun": "0.02168053791417579", "nit": "956", "nfev": "1554", "status": "0", "success": "True", "message": "Optimization terminated successfully.", "x": "[ 7.84877965 12.55841759  3.46532868  1.2952551   1.77176678 -0.79650329]", "final_simplex": "(array([[ 7.84877965, 12.55841759,  3.46532868,  1.2952551 ,  1.77176678,\n        -0.79650329],\n       [ 7.84877965, 12.55841759,  3.46532868,  1.2952551 ,  1.77176678,\n        -0.79650329],\n       [ 7.84877965, 12.55841759,  3.46532868,  1.2952551 ,  1.77176678,\n        -0.79650329],\n       [ 7.84877965, 12.55841759,  3.46532868,  1.2952551 ,  1.77176678,\n        -0.79650329],\n       [ 7.84877965, 12.55841759,  3.46532868,  1.2952551 ,  1.77176678,\n        -0.79650329],\n       [ 7.84877965, 12.55841759,  3.46532868,  1.2952551 ,  1.77176678,\n        -0.79650329],\n       [ 7.84877965, 12.55841759,  3.46532868,  1.2952551 ,  1.77176678,\n        -0.79650329]]), array([0.02168054, 0.02168054, 0.02168054, 0.02168054, 0.02168054,\n       0.02168054, 0.02168054]))"}, "10": {"maxiter": 1000, "fatol": 1e-10, "xatol": 1e-05, "duration": 0.2194058895111084, "fun": "0.02168053791480473", "nit": "865", "nfev": "1340", "status": "0", "success": "True", "message": "Optimization terminated successfully.", "x": "[ 7.84878235 12.55841506  3.46533219  1.29525749  1.77177295 -0.79650313]", "final_simplex": "(array([[ 7.84878235, 12.55841506,  3.46533219,  1.29525749,  1.77177295,\n        -0.79650313],\n       [ 7.84877915, 12.55841755,  3.46532965,  1.29525411,  1.77176657,\n        -0.79650205],\n       [ 7.84878189, 12.55841439,  3.46533098,  1.29525679,  1.77177063,\n        -0.79650453],\n       [ 7.84878584, 12.5584108 ,  3.46533358,  1.29525995,  1.77177389,\n        -0.79650328],\n       [ 7.84878024, 12.5584149 ,  3.46532971,  1.29525807,  1.77176919,\n        -0.79650125],\n       [ 7.84878712, 12.55840745,  3.46533916,  1.29526213,  1.77178092,\n        -0.79650218],\n       [ 7.84878215, 12.55841746,  3.46533157,  1.29525676,  1.77176813,\n        -0.7965038 ]]), array([0.02168054, 0.02168054, 0.02168054, 0.02168054, 0.02168054,\n       0.02168054, 0.02168054]))"}, "11": {"maxiter": 1000, "fatol": 1e-10, "xatol": 1e-10, "duration": 0.2535209655761719, "fun": "0.02168053791417579", "nit": "956", "nfev": "1554", "status": "0", "success": "True", "message": "Optimization terminated successfully.", "x": "[ 7.84877965 12.55841759  3.46532868  1.2952551   1.77176678 -0.79650329]", "final_simplex": "(array([[ 7.84877965, 12.55841759,  3.46532868,  1.2952551 ,  1.77176678,\n        -0.79650329],\n       [ 7.84877965, 12.55841759,  3.46532868,  1.2952551 ,  1.77176678,\n        -0.79650329],\n       [ 7.84877965, 12.55841759,  3.46532868,  1.2952551 ,  1.77176678,\n        -0.79650329],\n       [ 7.84877965, 12.55841759,  3.46532868,  1.2952551 ,  1.77176678,\n        -0.79650329],\n       [ 7.84877965, 12.55841759,  3.46532868,  1.2952551 ,  1.77176678,\n        -0.79650329],\n       [ 7.84877965, 12.55841759,  3.46532868,  1.2952551 ,  1.77176678,\n        -0.79650329],\n       [ 7.84877965, 12.55841759,  3.46532868,  1.2952551 ,  1.77176678,\n        -0.79650329]]), array([0.02168054, 0.02168054, 0.02168054, 0.02168054, 0.02168054,\n       0.02168054, 0.02168054]))"}}, "bfgs": {"type": "gradient", "0": {"maxiter": 100, "gtol": 1e-05, "xrtol": 1e-05, "eps": 1e-05, "duration": 0.04399418830871582, "fun": "0.021680538463327403", "jac": "[ 5.77315973e-09  1.69819714e-07 -1.84674498e-07  3.85236287e-07\n  8.07465206e-08  1.56434865e-06]", "hess_inv": "[[ 35.9895535  -44.27542807  43.32585011  34.30717804  57.9128491\n    0.32541728]\n [-44.27542807  60.26223695 -57.03076394 -44.26435413 -75.52375791\n   -1.65221878]\n [ 43.32585011 -57.03076394  57.78217209  42.81870857  74.63514871\n    0.75732139]\n [ 34.30717804 -44.26435413  42.81870857  38.08497075  61.35801183\n    0.65748168]\n [ 57.9128491  -75.52375791  74.63514871  61.35801183 107.67247393\n    0.55757611]\n [  0.32541728  -1.65221878   0.75732139   0.65748168   0.55757611\n    2.33443281]]", "nfev": "259", "njev": "37", "status": "0", "success": "True", "message": "Optimization terminated successfully.", "x": "[ 7.84858044  6.27548002  3.46507971  1.29505204  8.05461213 -0.7965075 ]", "nit": "29"}, "1": {"maxiter": 100, "gtol": 1e-05, "xrtol": 1e-05, "eps": 1e-10, "duration": 0.04273486137390137, "fun": "0.021680538726061682", "jac": "[-3.33066880e-06  0.00000000e+00  3.33066880e-06 -4.44089173e-06\n  0.00000000e+00  7.77156053e-06]", "hess_inv": "[[ 3.63821295e+01 -4.42040395e+01  4.35309702e+01  3.37278706e+01\n   5.81810018e+01 -3.46113092e-01]\n [-4.42040395e+01  5.93820260e+01 -5.65346477e+01 -4.27086536e+01\n  -7.46252419e+01 -8.49532754e-01]\n [ 4.35309702e+01 -5.65346477e+01  5.76450183e+01  4.16105863e+01\n   7.43209335e+01 -2.59265058e-02]\n [ 3.37278706e+01 -4.27086536e+01  4.16105863e+01  3.64606412e+01\n   5.99006625e+01 -3.59827888e-01]\n [ 5.81810018e+01 -7.46252419e+01  7.43209335e+01  5.99006625e+01\n   1.07358667e+02 -1.04613462e+00]\n [-3.46113092e-01 -8.49532754e-01 -2.59265058e-02 -3.59827888e-01\n  -1.04613462e+00  2.63111884e+00]]", "nfev": "252", "njev": "36", "status": "0", "success": "True", "message": "Optimization terminated successfully.", "x": "[ 7.8489798   6.27494995  3.46561002  1.29544615  8.05530125 -0.79647662]", "nit": "28"}, "2": {"maxiter": 100, "gtol": 1e-05, "xrtol": 1e-10, "eps": 1e-05, "duration": 0.043927907943725586, "fun": "0.021680538463327403", "jac": "[ 5.77315973e-09  1.69819714e-07 -1.84674498e-07  3.85236287e-07\n  8.07465206e-08  1.56434865e-06]", "hess_inv": "[[ 35.9895535  -44.27542807  43.32585011  34.30717804  57.9128491\n    0.32541728]\n [-44.27542807  60.26223695 -57.03076394 -44.26435413 -75.52375791\n   -1.65221878]\n [ 43.32585011 -57.03076394  57.78217209  42.81870857  74.63514871\n    0.75732139]\n [ 34.30717804 -44.26435413  42.81870857  38.08497075  61.35801183\n    0.65748168]\n [ 57.9128491  -75.52375791  74.63514871  61.35801183 107.67247393\n    0.55757611]\n [  0.32541728  -1.65221878   0.75732139   0.65748168   0.55757611\n    2.33443281]]", "nfev": "259", "njev": "37", "status": "0", "success": "True", "message": "Optimization terminated successfully.", "x": "[ 7.84858044  6.27548002  3.46507971  1.29505204  8.05461213 -0.7965075 ]", "nit": "29"}, "3": {"maxiter": 100, "gtol": 1e-05, "xrtol": 1e-10, "eps": 1e-10, "duration": 0.04270005226135254, "fun": "0.021680538726061682", "jac": "[-3.33066880e-06  0.00000000e+00  3.33066880e-06 -4.44089173e-06\n  0.00000000e+00  7.77156053e-06]", "hess_inv": "[[ 3.63821295e+01 -4.42040395e+01  4.35309702e+01  3.37278706e+01\n   5.81810018e+01 -3.46113092e-01]\n [-4.42040395e+01  5.93820260e+01 -5.65346477e+01 -4.27086536e+01\n  -7.46252419e+01 -8.49532754e-01]\n [ 4.35309702e+01 -5.65346477e+01  5.76450183e+01  4.16105863e+01\n   7.43209335e+01 -2.59265058e-02]\n [ 3.37278706e+01 -4.27086536e+01  4.16105863e+01  3.64606412e+01\n   5.99006625e+01 -3.59827888e-01]\n [ 5.81810018e+01 -7.46252419e+01  7.43209335e+01  5.99006625e+01\n   1.07358667e+02 -1.04613462e+00]\n [-3.46113092e-01 -8.49532754e-01 -2.59265058e-02 -3.59827888e-01\n  -1.04613462e+00  2.63111884e+00]]", "nfev": "252", "njev": "36", "status": "0", "success": "True", "message": "Optimization terminated successfully.", "x": "[ 7.8489798   6.27494995  3.46561002  1.29544615  8.05530125 -0.79647662]", "nit": "28"}, "4": {"maxiter": 100, "gtol": 1e-10, "xrtol": 1e-05, "eps": 1e-05, "duration": 0.04401707649230957, "fun": "0.021680538463327403", "jac": "[ 5.77315973e-09  1.69819714e-07 -1.84674498e-07  3.85236287e-07\n  8.07465206e-08  1.56434865e-06]", "hess_inv": "[[ 35.9895535  -44.27542807  43.32585011  34.30717804  57.9128491\n    0.32541728]\n [-44.27542807  60.26223695 -57.03076394 -44.26435413 -75.52375791\n   -1.65221878]\n [ 43.32585011 -57.03076394  57.78217209  42.81870857  74.63514871\n    0.75732139]\n [ 34.30717804 -44.26435413  42.81870857  38.08497075  61.35801183\n    0.65748168]\n [ 57.9128491  -75.52375791  74.63514871  61.35801183 107.67247393\n    0.55757611]\n [  0.32541728  -1.65221878   0.75732139   0.65748168   0.55757611\n    2.33443281]]", "nfev": "259", "njev": "37", "status": "0", "success": "True", "message": "Optimization terminated successfully.", "x": "[ 7.84858044  6.27548002  3.46507971  1.29505204  8.05461213 -0.7965075 ]", "nit": "29"}, "5": {"maxiter": 100, "gtol": 1e-10, "xrtol": 1e-05, "eps": 1e-10, "duration": 0.05714988708496094, "fun": "0.021680538726061682", "jac": "[-4.44089173e-06 -2.22044587e-06  6.66133760e-06 -2.22044587e-06\n  0.00000000e+00  7.77156053e-06]", "hess_inv": "[[ 38.506318   -46.36439757  46.00767258  33.72939889  59.25358145\n    0.36771953]\n [-46.36439757  61.56659887 -59.06709854 -42.55408637 -75.54072215\n   -1.6503826 ]\n [ 46.00767258 -59.06709854  60.51807243  41.78098053  75.76090327\n    0.72551631]\n [ 33.72939889 -42.55408637  41.78098053  34.5216943   57.72352\n    0.57043812]\n [ 59.25358145 -75.54072215  75.76090327  57.72352    105.45391968\n    0.35864534]\n [  0.36771953  -1.6503826    0.72551631   0.57043812   0.35864534\n    2.42517282]]", "nfev": "336", "njev": "48", "status": "0", "success": "True", "message": "Optimization terminated successfully.", "x": "[ 7.8489798   6.27494995  3.46561002  1.29544615  8.05530125 -0.79647662]", "nit": "29"}, "6": {"maxiter": 100, "gtol": 1e-10, "xrtol": 1e-10, "eps": 1e-05, "duration": 0.06989717483520508, "fun": "0.021680538463327403", "jac": "[ 5.77315973e-09  1.69819714e-07 -1.84674498e-07  3.85236287e-07\n  8.07465206e-08  1.56434865e-06]", "hess_inv": "[[ 36.20509001 -44.64131092  43.5682895   34.71077925  58.41375294\n    0.57987799]\n [-44.64131092  60.88276341 -57.44602095 -44.93897244 -76.36668865\n   -2.08076687]\n [ 43.5682895  -57.44602095  58.03103548  43.34031625  75.24602433\n    1.06548236]\n [ 34.71077925 -44.93897244  43.34031625  38.64885257  62.16135101\n    1.07172514]\n [ 58.41375294 -76.36668865  75.24602433  62.16135101 108.74211326\n    1.10526739]\n [  0.57987799  -2.08076687   1.06548236   1.07172514   1.10526739\n    2.614655  ]]", "nfev": "410", "njev": "57", "status": "2", "success": "False", "message": "Desired error not necessarily achieved due to precision loss.", "x": "[ 7.84858044  6.27548002  3.46507971  1.29505204  8.05461213 -0.7965075 ]", "nit": "29"}, "7": {"maxiter": 100, "gtol": 1e-10, "xrtol": 1e-10, "eps": 1e-10, "duration": 0.05707883834838867, "fun": "0.021680538726061682", "jac": "[-4.44089173e-06 -2.22044587e-06  6.66133760e-06 -2.22044587e-06\n  0.00000000e+00  7.77156053e-06]", "hess_inv": "[[ 38.506318   -46.36439757  46.00767258  33.72939889  59.25358145\n    0.36771953]\n [-46.36439757  61.56659887 -59.06709854 -42.55408637 -75.54072215\n   -1.6503826 ]\n [ 46.00767258 -59.06709854  60.51807243  41.78098053  75.76090327\n    0.72551631]\n [ 33.72939889 -42.55408637  41.78098053  34.5216943   57.72352\n    0.57043812]\n [ 59.25358145 -75.54072215  75.76090327  57.72352    105.45391968\n    0.35864534]\n [  0.36771953  -1.6503826    0.72551631   0.57043812   0.35864534\n    2.42517282]]", "nfev": "336", "njev": "48", "status": "0", "success": "True", "message": "Optimization terminated successfully.", "x": "[ 7.8489798   6.27494995  3.46561002  1.29544615  8.05530125 -0.79647662]", "nit": "29"}, "8": {"maxiter": 500, "gtol": 1e-05, "xrtol": 1e-05, "eps": 1e-05, "duration": 0.044122934341430664, "fun": "0.021680538463327403", "jac": "[ 5.77315973e-09  1.69819714e-07 -1.84674498e-07  3.85236287e-07\n  8.07465206e-08  1.56434865e-06]", "hess_inv": "[[ 35.9895535  -44.27542807  43.32585011  34.30717804  57.9128491\n    0.32541728]\n [-44.27542807  60.26223695 -57.03076394 -44.26435413 -75.52375791\n   -1.65221878]\n [ 43.32585011 -57.03076394  57.78217209  42.81870857  74.63514871\n    0.75732139]\n [ 34.30717804 -44.26435413  42.81870857  38.08497075  61.35801183\n    0.65748168]\n [ 57.9128491  -75.52375791  74.63514871  61.35801183 107.67247393\n    0.55757611]\n [  0.32541728  -1.65221878   0.75732139   0.65748168   0.55757611\n    2.33443281]]", "nfev": "259", "njev": "37", "status": "0", "success": "True", "message": "Optimization terminated successfully.", "x": "[ 7.84858044  6.27548002  3.46507971  1.29505204  8.05461213 -0.7965075 ]", "nit": "29"}, "9": {"maxiter": 500, "gtol": 1e-05, "xrtol": 1e-05, "eps": 1e-10, "duration": 0.04308891296386719, "fun": "0.021680538726061682", "jac": "[-3.33066880e-06  0.00000000e+00  3.33066880e-06 -4.44089173e-06\n  0.00000000e+00  7.77156053e-06]", "hess_inv": "[[ 3.63821295e+01 -4.42040395e+01  4.35309702e+01  3.37278706e+01\n   5.81810018e+01 -3.46113092e-01]\n [-4.42040395e+01  5.93820260e+01 -5.65346477e+01 -4.27086536e+01\n  -7.46252419e+01 -8.49532754e-01]\n [ 4.35309702e+01 -5.65346477e+01  5.76450183e+01  4.16105863e+01\n   7.43209335e+01 -2.59265058e-02]\n [ 3.37278706e+01 -4.27086536e+01  4.16105863e+01  3.64606412e+01\n   5.99006625e+01 -3.59827888e-01]\n [ 5.81810018e+01 -7.46252419e+01  7.43209335e+01  5.99006625e+01\n   1.07358667e+02 -1.04613462e+00]\n [-3.46113092e-01 -8.49532754e-01 -2.59265058e-02 -3.59827888e-01\n  -1.04613462e+00  2.63111884e+00]]", "nfev": "252", "njev": "36", "status": "0", "success": "True", "message": "Optimization terminated successfully.", "x": "[ 7.8489798   6.27494995  3.46561002  1.29544615  8.05530125 -0.79647662]", "nit": "28"}, "10": {"maxiter": 500, "gtol": 1e-05, "xrtol": 1e-10, "eps": 1e-05, "duration": 0.0443120002746582, "fun": "0.021680538463327403", "jac": "[ 5.77315973e-09  1.69819714e-07 -1.84674498e-07  3.85236287e-07\n  8.07465206e-08  1.56434865e-06]", "hess_inv": "[[ 35.9895535  -44.27542807  43.32585011  34.30717804  57.9128491\n    0.32541728]\n [-44.27542807  60.26223695 -57.03076394 -44.26435413 -75.52375791\n   -1.65221878]\n [ 43.32585011 -57.03076394  57.78217209  42.81870857  74.63514871\n    0.75732139]\n [ 34.30717804 -44.26435413  42.81870857  38.08497075  61.35801183\n    0.65748168]\n [ 57.9128491  -75.52375791  74.63514871  61.35801183 107.67247393\n    0.55757611]\n [  0.32541728  -1.65221878   0.75732139   0.65748168   0.55757611\n    2.33443281]]", "nfev": "259", "njev": "37", "status": "0", "success": "True", "message": "Optimization terminated successfully.", "x": "[ 7.84858044  6.27548002  3.46507971  1.29505204  8.05461213 -0.7965075 ]", "nit": "29"}, "11": {"maxiter": 500, "gtol": 1e-05, "xrtol": 1e-10, "eps": 1e-10, "duration": 0.04302096366882324, "fun": "0.021680538726061682", "jac": "[-3.33066880e-06  0.00000000e+00  3.33066880e-06 -4.44089173e-06\n  0.00000000e+00  7.77156053e-06]", "hess_inv": "[[ 3.63821295e+01 -4.42040395e+01  4.35309702e+01  3.37278706e+01\n   5.81810018e+01 -3.46113092e-01]\n [-4.42040395e+01  5.93820260e+01 -5.65346477e+01 -4.27086536e+01\n  -7.46252419e+01 -8.49532754e-01]\n [ 4.35309702e+01 -5.65346477e+01  5.76450183e+01  4.16105863e+01\n   7.43209335e+01 -2.59265058e-02]\n [ 3.37278706e+01 -4.27086536e+01  4.16105863e+01  3.64606412e+01\n   5.99006625e+01 -3.59827888e-01]\n [ 5.81810018e+01 -7.46252419e+01  7.43209335e+01  5.99006625e+01\n   1.07358667e+02 -1.04613462e+00]\n [-3.46113092e-01 -8.49532754e-01 -2.59265058e-02 -3.59827888e-01\n  -1.04613462e+00  2.63111884e+00]]", "nfev": "252", "njev": "36", "status": "0", "success": "True", "message": "Optimization terminated successfully.", "x": "[ 7.8489798   6.27494995  3.46561002  1.29544615  8.05530125 -0.79647662]", "nit": "28"}, "12": {"maxiter": 500, "gtol": 1e-10, "xrtol": 1e-05, "eps": 1e-05, "duration": 0.04429483413696289, "fun": "0.021680538463327403", "jac": "[ 5.77315973e-09  1.69819714e-07 -1.84674498e-07  3.85236287e-07\n  8.07465206e-08  1.56434865e-06]", "hess_inv": "[[ 35.9895535  -44.27542807  43.32585011  34.30717804  57.9128491\n    0.32541728]\n [-44.27542807  60.26223695 -57.03076394 -44.26435413 -75.52375791\n   -1.65221878]\n [ 43.32585011 -57.03076394  57.78217209  42.81870857  74.63514871\n    0.75732139]\n [ 34.30717804 -44.26435413  42.81870857  38.08497075  61.35801183\n    0.65748168]\n [ 57.9128491  -75.52375791  74.63514871  61.35801183 107.67247393\n    0.55757611]\n [  0.32541728  -1.65221878   0.75732139   0.65748168   0.55757611\n    2.33443281]]", "nfev": "259", "njev": "37", "status": "0", "success": "True", "message": "Optimization terminated successfully.", "x": "[ 7.84858044  6.27548002  3.46507971  1.29505204  8.05461213 -0.7965075 ]", "nit": "29"}, "13": {"maxiter": 500, "gtol": 1e-10, "xrtol": 1e-05, "eps": 1e-10, "duration": 0.0576329231262207, "fun": "0.021680538726061682", "jac": "[-4.44089173e-06 -2.22044587e-06  6.66133760e-06 -2.22044587e-06\n  0.00000000e+00  7.77156053e-06]", "hess_inv": "[[ 38.506318   -46.36439757  46.00767258  33.72939889  59.25358145\n    0.36771953]\n [-46.36439757  61.56659887 -59.06709854 -42.55408637 -75.54072215\n   -1.6503826 ]\n [ 46.00767258 -59.06709854  60.51807243  41.78098053  75.76090327\n    0.72551631]\n [ 33.72939889 -42.55408637  41.78098053  34.5216943   57.72352\n    0.57043812]\n [ 59.25358145 -75.54072215  75.76090327  57.72352    105.45391968\n    0.35864534]\n [  0.36771953  -1.6503826    0.72551631   0.57043812   0.35864534\n    2.42517282]]", "nfev": "336", "njev": "48", "status": "0", "success": "True", "message": "Optimization terminated successfully.", "x": "[ 7.8489798   6.27494995  3.46561002  1.29544615  8.05530125 -0.79647662]", "nit": "29"}, "14": {"maxiter": 500, "gtol": 1e-10, "xrtol": 1e-10, "eps": 1e-05, "duration": 0.0700223445892334, "fun": "0.021680538463327403", "jac": "[ 5.77315973e-09  1.69819714e-07 -1.84674498e-07  3.85236287e-07\n  8.07465206e-08  1.56434865e-06]", "hess_inv": "[[ 36.20509001 -44.64131092  43.5682895   34.71077925  58.41375294\n    0.57987799]\n [-44.64131092  60.88276341 -57.44602095 -44.93897244 -76.36668865\n   -2.08076687]\n [ 43.5682895  -57.44602095  58.03103548  43.34031625  75.24602433\n    1.06548236]\n [ 34.71077925 -44.93897244  43.34031625  38.64885257  62.16135101\n    1.07172514]\n [ 58.41375294 -76.36668865  75.24602433  62.16135101 108.74211326\n    1.10526739]\n [  0.57987799  -2.08076687   1.06548236   1.07172514   1.10526739\n    2.614655  ]]", "nfev": "410", "njev": "57", "status": "2", "success": "False", "message": "Desired error not necessarily achieved due to precision loss.", "x": "[ 7.84858044  6.27548002  3.46507971  1.29505204  8.05461213 -0.7965075 ]", "nit": "29"}, "15": {"maxiter": 500, "gtol": 1e-10, "xrtol": 1e-10, "eps": 1e-10, "duration": 0.05728888511657715, "fun": "0.021680538726061682", "jac": "[-4.44089173e-06 -2.22044587e-06  6.66133760e-06 -2.22044587e-06\n  0.00000000e+00  7.77156053e-06]", "hess_inv": "[[ 38.506318   -46.36439757  46.00767258  33.72939889  59.25358145\n    0.36771953]\n [-46.36439757  61.56659887 -59.06709854 -42.55408637 -75.54072215\n   -1.6503826 ]\n [ 46.00767258 -59.06709854  60.51807243  41.78098053  75.76090327\n    0.72551631]\n [ 33.72939889 -42.55408637  41.78098053  34.5216943   57.72352\n    0.57043812]\n [ 59.25358145 -75.54072215  75.76090327  57.72352    105.45391968\n    0.35864534]\n [  0.36771953  -1.6503826    0.72551631   0.57043812   0.35864534\n    2.42517282]]", "nfev": "336", "njev": "48", "status": "0", "success": "True", "message": "Optimization terminated successfully.", "x": "[ 7.8489798   6.27494995  3.46561002  1.29544615  8.05530125 -0.79647662]", "nit": "29"}, "16": {"maxiter": 1000, "gtol": 1e-05, "xrtol": 1e-05, "eps": 1e-05, "duration": 0.04431796073913574, "fun": "0.021680538463327403", "jac": "[ 5.77315973e-09  1.69819714e-07 -1.84674498e-07  3.85236287e-07\n  8.07465206e-08  1.56434865e-06]", "hess_inv": "[[ 35.9895535  -44.27542807  43.32585011  34.30717804  57.9128491\n    0.32541728]\n [-44.27542807  60.26223695 -57.03076394 -44.26435413 -75.52375791\n   -1.65221878]\n [ 43.32585011 -57.03076394  57.78217209  42.81870857  74.63514871\n    0.75732139]\n [ 34.30717804 -44.26435413  42.81870857  38.08497075  61.35801183\n    0.65748168]\n [ 57.9128491  -75.52375791  74.63514871  61.35801183 107.67247393\n    0.55757611]\n [  0.32541728  -1.65221878   0.75732139   0.65748168   0.55757611\n    2.33443281]]", "nfev": "259", "njev": "37", "status": "0", "success": "True", "message": "Optimization terminated successfully.", "x": "[ 7.84858044  6.27548002  3.46507971  1.29505204  8.05461213 -0.7965075 ]", "nit": "29"}, "17": {"maxiter": 1000, "gtol": 1e-05, "xrtol": 1e-05, "eps": 1e-10, "duration": 0.043149709701538086, "fun": "0.021680538726061682", "jac": "[-3.33066880e-06  0.00000000e+00  3.33066880e-06 -4.44089173e-06\n  0.00000000e+00  7.77156053e-06]", "hess_inv": "[[ 3.63821295e+01 -4.42040395e+01  4.35309702e+01  3.37278706e+01\n   5.81810018e+01 -3.46113092e-01]\n [-4.42040395e+01  5.93820260e+01 -5.65346477e+01 -4.27086536e+01\n  -7.46252419e+01 -8.49532754e-01]\n [ 4.35309702e+01 -5.65346477e+01  5.76450183e+01  4.16105863e+01\n   7.43209335e+01 -2.59265058e-02]\n [ 3.37278706e+01 -4.27086536e+01  4.16105863e+01  3.64606412e+01\n   5.99006625e+01 -3.59827888e-01]\n [ 5.81810018e+01 -7.46252419e+01  7.43209335e+01  5.99006625e+01\n   1.07358667e+02 -1.04613462e+00]\n [-3.46113092e-01 -8.49532754e-01 -2.59265058e-02 -3.59827888e-01\n  -1.04613462e+00  2.63111884e+00]]", "nfev": "252", "njev": "36", "status": "0", "success": "True", "message": "Optimization terminated successfully.", "x": "[ 7.8489798   6.27494995  3.46561002  1.29544615  8.05530125 -0.79647662]", "nit": "28"}, "18": {"maxiter": 1000, "gtol": 1e-05, "xrtol": 1e-10, "eps": 1e-05, "duration": 0.04432797431945801, "fun": "0.021680538463327403", "jac": "[ 5.77315973e-09  1.69819714e-07 -1.84674498e-07  3.85236287e-07\n  8.07465206e-08  1.56434865e-06]", "hess_inv": "[[ 35.9895535  -44.27542807  43.32585011  34.30717804  57.9128491\n    0.32541728]\n [-44.27542807  60.26223695 -57.03076394 -44.26435413 -75.52375791\n   -1.65221878]\n [ 43.32585011 -57.03076394  57.78217209  42.81870857  74.63514871\n    0.75732139]\n [ 34.30717804 -44.26435413  42.81870857  38.08497075  61.35801183\n    0.65748168]\n [ 57.9128491  -75.52375791  74.63514871  61.35801183 107.67247393\n    0.55757611]\n [  0.32541728  -1.65221878   0.75732139   0.65748168   0.55757611\n    2.33443281]]", "nfev": "259", "njev": "37", "status": "0", "success": "True", "message": "Optimization terminated successfully.", "x": "[ 7.84858044  6.27548002  3.46507971  1.29505204  8.05461213 -0.7965075 ]", "nit": "29"}, "19": {"maxiter": 1000, "gtol": 1e-05, "xrtol": 1e-10, "eps": 1e-10, "duration": 0.04302716255187988, "fun": "0.021680538726061682", "jac": "[-3.33066880e-06  0.00000000e+00  3.33066880e-06 -4.44089173e-06\n  0.00000000e+00  7.77156053e-06]", "hess_inv": "[[ 3.63821295e+01 -4.42040395e+01  4.35309702e+01  3.37278706e+01\n   5.81810018e+01 -3.46113092e-01]\n [-4.42040395e+01  5.93820260e+01 -5.65346477e+01 -4.27086536e+01\n  -7.46252419e+01 -8.49532754e-01]\n [ 4.35309702e+01 -5.65346477e+01  5.76450183e+01  4.16105863e+01\n   7.43209335e+01 -2.59265058e-02]\n [ 3.37278706e+01 -4.27086536e+01  4.16105863e+01  3.64606412e+01\n   5.99006625e+01 -3.59827888e-01]\n [ 5.81810018e+01 -7.46252419e+01  7.43209335e+01  5.99006625e+01\n   1.07358667e+02 -1.04613462e+00]\n [-3.46113092e-01 -8.49532754e-01 -2.59265058e-02 -3.59827888e-01\n  -1.04613462e+00  2.63111884e+00]]", "nfev": "252", "njev": "36", "status": "0", "success": "True", "message": "Optimization terminated successfully.", "x": "[ 7.8489798   6.27494995  3.46561002  1.29544615  8.05530125 -0.79647662]", "nit": "28"}, "20": {"maxiter": 1000, "gtol": 1e-10, "xrtol": 1e-05, "eps": 1e-05, "duration": 0.04423975944519043, "fun": "0.021680538463327403", "jac": "[ 5.77315973e-09  1.69819714e-07 -1.84674498e-07  3.85236287e-07\n  8.07465206e-08  1.56434865e-06]", "hess_inv": "[[ 35.9895535  -44.27542807  43.32585011  34.30717804  57.9128491\n    0.32541728]\n [-44.27542807  60.26223695 -57.03076394 -44.26435413 -75.52375791\n   -1.65221878]\n [ 43.32585011 -57.03076394  57.78217209  42.81870857  74.63514871\n    0.75732139]\n [ 34.30717804 -44.26435413  42.81870857  38.08497075  61.35801183\n    0.65748168]\n [ 57.9128491  -75.52375791  74.63514871  61.35801183 107.67247393\n    0.55757611]\n [  0.32541728  -1.65221878   0.75732139   0.65748168   0.55757611\n    2.33443281]]", "nfev": "259", "njev": "37", "status": "0", "success": "True", "message": "Optimization terminated successfully.", "x": "[ 7.84858044  6.27548002  3.46507971  1.29505204  8.05461213 -0.7965075 ]", "nit": "29"}, "21": {"maxiter": 1000, "gtol": 1e-10, "xrtol": 1e-05, "eps": 1e-10, "duration": 0.057115793228149414, "fun": "0.021680538726061682", "jac": "[-4.44089173e-06 -2.22044587e-06  6.66133760e-06 -2.22044587e-06\n  0.00000000e+00  7.77156053e-06]", "hess_inv": "[[ 38.506318   -46.36439757  46.00767258  33.72939889  59.25358145\n    0.36771953]\n [-46.36439757  61.56659887 -59.06709854 -42.55408637 -75.54072215\n   -1.6503826 ]\n [ 46.00767258 -59.06709854  60.51807243  41.78098053  75.76090327\n    0.72551631]\n [ 33.72939889 -42.55408637  41.78098053  34.5216943   57.72352\n    0.57043812]\n [ 59.25358145 -75.54072215  75.76090327  57.72352    105.45391968\n    0.35864534]\n [  0.36771953  -1.6503826    0.72551631   0.57043812   0.35864534\n    2.42517282]]", "nfev": "336", "njev": "48", "status": "0", "success": "True", "message": "Optimization terminated successfully.", "x": "[ 7.8489798   6.27494995  3.46561002  1.29544615  8.05530125 -0.79647662]", "nit": "29"}, "22": {"maxiter": 1000, "gtol": 1e-10, "xrtol": 1e-10, "eps": 1e-05, "duration": 0.06917810440063477, "fun": "0.021680538463327403", "jac": "[ 5.77315973e-09  1.69819714e-07 -1.84674498e-07  3.85236287e-07\n  8.07465206e-08  1.56434865e-06]", "hess_inv": "[[ 36.20509001 -44.64131092  43.5682895   34.71077925  58.41375294\n    0.57987799]\n [-44.64131092  60.88276341 -57.44602095 -44.93897244 -76.36668865\n   -2.08076687]\n [ 43.5682895  -57.44602095  58.03103548  43.34031625  75.24602433\n    1.06548236]\n [ 34.71077925 -44.93897244  43.34031625  38.64885257  62.16135101\n    1.07172514]\n [ 58.41375294 -76.36668865  75.24602433  62.16135101 108.74211326\n    1.10526739]\n [  0.57987799  -2.08076687   1.06548236   1.07172514   1.10526739\n    2.614655  ]]", "nfev": "410", "njev": "57", "status": "2", "success": "False", "message": "Desired error not necessarily achieved due to precision loss.", "x": "[ 7.84858044  6.27548002  3.46507971  1.29505204  8.05461213 -0.7965075 ]", "nit": "29"}, "23": {"maxiter": 1000, "gtol": 1e-10, "xrtol": 1e-10, "eps": 1e-10, "duration": 0.056097984313964844, "fun": "0.021680538726061682", "jac": "[-4.44089173e-06 -2.22044587e-06  6.66133760e-06 -2.22044587e-06\n  0.00000000e+00  7.77156053e-06]", "hess_inv": "[[ 38.506318   -46.36439757  46.00767258  33.72939889  59.25358145\n    0.36771953]\n [-46.36439757  61.56659887 -59.06709854 -42.55408637 -75.54072215\n   -1.6503826 ]\n [ 46.00767258 -59.06709854  60.51807243  41.78098053  75.76090327\n    0.72551631]\n [ 33.72939889 -42.55408637  41.78098053  34.5216943   57.72352\n    0.57043812]\n [ 59.25358145 -75.54072215  75.76090327  57.72352    105.45391968\n    0.35864534]\n [  0.36771953  -1.6503826    0.72551631   0.57043812   0.35864534\n    2.42517282]]", "nfev": "336", "njev": "48", "status": "0", "success": "True", "message": "Optimization terminated successfully.", "x": "[ 7.8489798   6.27494995  3.46561002  1.29544615  8.05530125 -0.79647662]", "nit": "29"}}, "cobyla": {"0": {"maxiter": 100, "tol": 1e-05, "catol": 1e-05, "duration": 0.0160219669342041, "x": "[8.00859513 6.10311041 3.63088388 4.84613753 5.15799304 2.367369  ]", "status": "2", "success": "False", "message": "Maximum number of function evaluations has been exceeded.", "nfev": "100", "fun": "0.021967050129867882", "maxcv": "0.0"}, "1": {"maxiter": 100, "tol": 1e-05, "catol": 1e-10, "duration": 0.015926122665405273, "x": "[8.00859513 6.10311041 3.63088388 4.84613753 5.15799304 2.367369  ]", "status": "2", "success": "False", "message": "Maximum number of function evaluations has been exceeded.", "nfev": "100", "fun": "0.021967050129867882", "maxcv": "0.0"}, "2": {"maxiter": 100, "tol": 1e-10, "catol": 1e-05, "duration": 0.01592278480529785, "x": "[8.00859513 6.10311041 3.63088388 4.84613753 5.15799304 2.367369  ]", "status": "2", "success": "False", "message": "Maximum number of function evaluations has been exceeded.", "nfev": "100", "fun": "0.021967050129867882", "maxcv": "0.0"}, "3": {"maxiter": 100, "tol": 1e-10, "catol": 1e-10, "duration": 0.0159609317779541, "x": "[8.00859513 6.10311041 3.63088388 4.84613753 5.15799304 2.367369  ]", "status": "2", "success": "False", "message": "Maximum number of function ev