{"date": "2024/07/19/, 16:31:41", "conf_id": 244, "data_type": "var_s_rank\n", "num_data_points": 1, "s_rank": 0, "unitary": "[[-0.24866696+0.58742286j,-0.44704345-0.43151574j,-0.35669027-0.20570733j,-0.10517633+0.1626036j],[0.10596805-0.19687975j,-0.30269685-0.15056416j,0.18246286+0.30440582j,-0.83484447-0.11310748j],[0.26054512-0.52548482j,0.0285017-0.50723956j,-0.43110112+0.17165838j,0.15243271+0.39915801j],[0.42978035+0.11991271j,-0.17224126-0.46030424j,0.6827807-0.15164662j,0.26483638+0.0061855j]]", "databatch_0": {"databatch": "[[[0.43366179+0.31521036j,0.03627407+0.19935417j,-0.11468412+0.22881699j,-0.21277165-0.43839721j],[0.02723875+0.18658422j,-0.04125358+0.05811414j,-0.08576169+0.0273656j,0.05803864-0.16126762j],[-0.20988388+0.08660005j,-0.07997698-0.03110792j,-0.05714074-0.09211163j,0.20536302+0.02041665j],[-0.19064766+0.21047704j,-0.10705119+0.00777586j,-0.11398991-0.07340052j,0.24297245-0.08714528j]]]", "initial param values": "[2.83804925,4.14598983,0.53281494,3.60403492,0.66506152,0.82455228]", "nelder_mead": {"type": "gradient-free", "0": {"maxiter": 100, "fatol": 1e-05, "xatol": 1e-05, "duration": 0.02512216567993164, "fun": "0.0158268388039029", "nit": "100", "nfev": "149", "status": "2", "success": "False", "message": "Maximum number of iterations has been exceeded.", "x": "[ 3.58266687  3.40083044  1.15689413  0.98472174  0.61188992 -0.89390837]", "final_simplex": "(array([[ 3.58266687,  3.40083044,  1.15689413,  0.98472174,  0.61188992,\n        -0.89390837],\n       [ 3.58483856,  3.38328911,  1.21772855,  1.00957817,  0.62622245,\n        -0.98993986],\n       [ 3.44603163,  3.56485457,  1.16981804,  1.01004154,  0.62552314,\n        -0.8472508 ],\n       [ 3.31464458,  3.19952043,  1.25919069,  1.02827395,  0.6174192 ,\n        -1.21384971],\n       [ 3.66575182,  3.2834637 ,  1.22293155,  0.87664087,  0.60596922,\n        -0.88770215],\n       [ 3.60970642,  3.15421069,  1.2359876 ,  0.98474392,  0.62568034,\n        -0.94580992],\n       [ 3.24491154,  3.44954382,  1.1938335 ,  1.15608854,  0.61354036,\n        -1.00841976]]), array([0.01582684, 0.01824389, 0.01978506, 0.02171493, 0.02171516,\n       0.02723759, 0.02734204]))"}, "1": {"maxiter": 100, "fatol": 1e-05, "xatol": 1e-10, "duration": 0.025074005126953125, "fun": "0.0158268388039029", "nit": "100", "nfev": "149", "status": "2", "success": "False", "message": "Maximum number of iterations has been exceeded.", "x": "[ 3.58266687  3.40083044  1.15689413  0.98472174  0.61188992 -0.89390837]", "final_simplex": "(array([[ 3.58266687,  3.40083044,  1.15689413,  0.98472174,  0.61188992,\n        -0.89390837],\n       [ 3.58483856,  3.38328911,  1.21772855,  1.00957817,  0.62622245,\n        -0.98993986],\n       [ 3.44603163,  3.56485457,  1.16981804,  1.01004154,  0.62552314,\n        -0.8472508 ],\n       [ 3.31464458,  3.19952043,  1.25919069,  1.02827395,  0.6174192 ,\n        -1.21384971],\n       [ 3.66575182,  3.2834637 ,  1.22293155,  0.87664087,  0.60596922,\n        -0.88770215],\n       [ 3.60970642,  3.15421069,  1.2359876 ,  0.98474392,  0.62568034,\n        -0.94580992],\n       [ 3.24491154,  3.44954382,  1.1938335 ,  1.15608854,  0.61354036,\n        -1.00841976]]), array([0.01582684, 0.01824389, 0.01978506, 0.02171493, 0.02171516,\n       0.02723759, 0.02734204]))"}, "2": {"maxiter": 100, "fatol": 1e-10, "xatol": 1e-05, "duration": 0.025393962860107422, "fun": "0.0158268388039029", "nit": "100", "nfev": "149", "status": "2", "success": "False", "message": "Maximum number of iterations has been exceeded.", "x": "[ 3.58266687  3.40083044  1.15689413  0.98472174  0.61188992 -0.89390837]", "final_simplex": "(array([[ 3.58266687,  3.40083044,  1.15689413,  0.98472174,  0.61188992,\n        -0.89390837],\n       [ 3.58483856,  3.38328911,  1.21772855,  1.00957817,  0.62622245,\n        -0.98993986],\n       [ 3.44603163,  3.56485457,  1.16981804,  1.01004154,  0.62552314,\n        -0.8472508 ],\n       [ 3.31464458,  3.19952043,  1.25919069,  1.02827395,  0.6174192 ,\n        -1.21384971],\n       [ 3.66575182,  3.2834637 ,  1.22293155,  0.87664087,  0.60596922,\n        -0.88770215],\n       [ 3.60970642,  3.15421069,  1.2359876 ,  0.98474392,  0.62568034,\n        -0.94580992],\n       [ 3.24491154,  3.44954382,  1.1938335 ,  1.15608854,  0.61354036,\n        -1.00841976]]), array([0.01582684, 0.01824389, 0.01978506, 0.02171493, 0.02171516,\n       0.02723759, 0.02734204]))"}, "3": {"maxiter": 100, "fatol": 1e-10, "xatol": 1e-10, "duration": 0.025079965591430664, "fun": "0.0158268388039029", "nit": "100", "nfev": "149", "status": "2", "success": "False", "message": "Maximum number of iterations has been exceeded.", "x": "[ 3.58266687  3.40083044  1.15689413  0.98472174  0.61188992 -0.89390837]", "final_simplex": "(array([[ 3.58266687,  3.40083044,  1.15689413,  0.98472174,  0.61188992,\n        -0.89390837],\n       [ 3.58483856,  3.38328911,  1.21772855,  1.00957817,  0.62622245,\n        -0.98993986],\n       [ 3.44603163,  3.56485457,  1.16981804,  1.01004154,  0.62552314,\n        -0.8472508 ],\n       [ 3.31464458,  3.19952043,  1.25919069,  1.02827395,  0.6174192 ,\n        -1.21384971],\n       [ 3.66575182,  3.2834637 ,  1.22293155,  0.87664087,  0.60596922,\n        -0.88770215],\n       [ 3.60970642,  3.15421069,  1.2359876 ,  0.98474392,  0.62568034,\n        -0.94580992],\n       [ 3.24491154,  3.44954382,  1.1938335 ,  1.15608854,  0.61354036,\n        -1.00841976]]), array([0.01582684, 0.01824389, 0.01978506, 0.02171493, 0.02171516,\n       0.02723759, 0.02734204]))"}, "4": {"maxiter": 500, "fatol": 1e-05, "xatol": 1e-05, "duration": 0.07791304588317871, "fun": "9.111658486182783e-05", "nit": "289", "nfev": "466", "status": "0", "success": "True", "message": "Optimization terminated successfully.", "x": "[ 3.36979042  2.85052326  0.61720191  0.99640569  0.30050434 -0.74963766]", "final_simplex": "(array([[ 3.36979042,  2.85052326,  0.61720191,  0.99640569,  0.30050434,\n        -0.74963766],\n       [ 3.36979039,  2.85052237,  0.61720574,  0.99640659,  0.30050601,\n        -0.74964093],\n       [ 3.36979391,  2.85052693,  0.61720941,  0.99640738,  0.30050814,\n        -0.74964073],\n       [ 3.36978905,  2.85051473,  0.61719583,  0.99640646,  0.30050119,\n        -0.74963608],\n       [ 3.36979097,  2.85051449,  0.61719361,  0.9964074 ,  0.3004998 ,\n        -0.74963384],\n       [ 3.36979338,  2.85052212,  0.61720518,  0.99640648,  0.30050583,\n        -0.74964311],\n       [ 3.36979474,  2.85052516,  0.61720406,  0.99641136,  0.30050563,\n        -0.74964023]]), array([9.11165849e-05, 9.11165850e-05, 9.11165854e-05, 9.11165856e-05,\n       9.11165865e-05, 9.11165869e-05, 9.11165897e-05]))"}, "5": {"maxiter": 500, "fatol": 1e-05, "xatol": 1e-10, "duration": 0.11606693267822266, "fun": "9.111658343030626e-05", "nit": "388", "nfev": "697", "status": "0", "success": "True", "message": "Optimization terminated successfully.", "x": "[ 3.36979067  2.85052218  0.61720195  0.9964078   0.30050438 -0.74963814]", "final_simplex": "(array([[ 3.36979067,  2.85052218,  0.61720195,  0.9964078 ,  0.30050438,\n        -0.74963814],\n       [ 3.36979067,  2.85052218,  0.61720195,  0.9964078 ,  0.30050438,\n        -0.74963814],\n       [ 3.36979067,  2.85052218,  0.61720195,  0.9964078 ,  0.30050438,\n        -0.74963814],\n       [ 3.36979067,  2.85052218,  0.61720195,  0.9964078 ,  0.30050438,\n        -0.74963814],\n       [ 3.36979067,  2.85052218,  0.61720195,  0.9964078 ,  0.30050438,\n        -0.74963814],\n       [ 3.36979067,  2.85052218,  0.61720195,  0.9964078 ,  0.30050438,\n        -0.74963814],\n       [ 3.36979067,  2.85052218,  0.61720195,  0.9964078 ,  0.30050438,\n        -0.74963814]]), array([9.11165834e-05, 9.11165834e-05, 9.11165834e-05, 9.11165834e-05,\n       9.11165834e-05, 9.11165834e-05, 9.11165834e-05]))"}, "6": {"maxiter": 500, "fatol": 1e-10, "xatol": 1e-05, "duration": 0.07795190811157227, "fun": "9.111658486182783e-05", "nit": "289", "nfev": "466", "status": "0", "success": "True", "message": "Optimization terminated successfully.", "x": "[ 3.36979042  2.85052326  0.61720191  0.99640569  0.30050434 -0.74963766]", "final_simplex": "(array([[ 3.36979042,  2.85052326,  0.61720191,  0.99640569,  0.30050434,\n        -0.74963766],\n       [ 3.36979039,  2.85052237,  0.61720574,  0.99640659,  0.30050601,\n        -0.74964093],\n       [ 3.36979391,  2.85052693,  0.61720941,  0.99640738,  0.30050814,\n        -0.74964073],\n       [ 3.36978905,  2.85051473,  0.61719583,  0.99640646,  0.30050119,\n        -0.74963608],\n       [ 3.36979097,  2.85051449,  0.61719361,  0.9964074 ,  0.3004998 ,\n        -0.74963384],\n       [ 3.36979338,  2.85052212,  0.61720518,  0.99640648,  0.30050583,\n        -0.74964311],\n       [ 3.36979474,  2.85052516,  0.61720406,  0.99641136,  0.30050563,\n        -0.74964023]]), array([9.11165849e-05, 9.11165850e-05, 9.11165854e-05, 9.11165856e-05,\n       9.11165865e-05, 9.11165869e-05, 9.11165897e-05]))"}, "7": {"maxiter": 500, "fatol": 1e-10, "xatol": 1e-10, "duration": 0.11625504493713379, "fun": "9.111658343030626e-05", "nit": "388", "nfev": "697", "status": "0", "success": "True", "message": "Optimization terminated successfully.", "x": "[ 3.36979067  2.85052218  0.61720195  0.9964078   0.30050438 -0.74963814]", "final_simplex": "(array([[ 3.36979067,  2.85052218,  0.61720195,  0.9964078 ,  0.30050438,\n        -0.74963814],\n       [ 3.36979067,  2.85052218,  0.61720195,  0.9964078 ,  0.30050438,\n        -0.74963814],\n       [ 3.36979067,  2.85052218,  0.61720195,  0.9964078 ,  0.30050438,\n        -0.74963814],\n       [ 3.36979067,  2.85052218,  0.61720195,  0.9964078 ,  0.30050438,\n        -0.74963814],\n       [ 3.36979067,  2.85052218,  0.61720195,  0.9964078 ,  0.30050438,\n        -0.74963814],\n       [ 3.36979067,  2.85052218,  0.61720195,  0.9964078 ,  0.30050438,\n        -0.74963814],\n       [ 3.36979067,  2.85052218,  0.61720195,  0.9964078 ,  0.30050438,\n        -0.74963814]]), array([9.11165834e-05, 9.11165834e-05, 9.11165834e-05, 9.11165834e-05,\n       9.11165834e-05, 9.11165834e-05, 9.11165834e-05]))"}, "8": {"maxiter": 1000, "fatol": 1e-05, "xatol": 1e-05, "duration": 0.07980489730834961, "fun": "9.111658486182783e-05", "nit": "289", "nfev": "466", "status": "0", "success": "True", "message": "Optimization terminated successfully.", "x": "[ 3.36979042  2.85052326  0.61720191  0.99640569  0.30050434 -0.74963766]", "final_simplex": "(array([[ 3.36979042,  2.85052326,  0.61720191,  0.99640569,  0.30050434,\n        -0.74963766],\n       [ 3.36979039,  2.85052237,  0.61720574,  0.99640659,  0.30050601,\n        -0.74964093],\n       [ 3.36979391,  2.85052693,  0.61720941,  0.99640738,  0.30050814,\n        -0.74964073],\n       [ 3.36978905,  2.85051473,  0.61719583,  0.99640646,  0.30050119,\n        -0.74963608],\n       [ 3.36979097,  2.85051449,  0.61719361,  0.9964074 ,  0.3004998 ,\n        -0.74963384],\n       [ 3.36979338,  2.85052212,  0.61720518,  0.99640648,  0.30050583,\n        -0.74964311],\n       [ 3.36979474,  2.85052516,  0.61720406,  0.99641136,  0.30050563,\n        -0.74964023]]), array([9.11165849e-05, 9.11165850e-05, 9.11165854e-05, 9.11165856e-05,\n       9.11165865e-05, 9.11165869e-05, 9.11165897e-05]))"}, "9": {"maxiter": 1000, "fatol": 1e-05, "xatol": 1e-10, "duration": 0.11865401268005371, "fun": "9.111658343030626e-05", "nit": "388", "nfev": "697", "status": "0", "success": "True", "message": "Optimization terminated successfully.", "x": "[ 3.36979067  2.85052218  0.61720195  0.9964078   0.30050438 -0.74963814]", "final_simplex": "(array([[ 3.36979067,  2.85052218,  0.61720195,  0.9964078 ,  0.30050438,\n        -0.74963814],\n       [ 3.36979067,  2.85052218,  0.61720195,  0.9964078 ,  0.30050438,\n        -0.74963814],\n       [ 3.36979067,  2.85052218,  0.61720195,  0.9964078 ,  0.30050438,\n        -0.74963814],\n       [ 3.36979067,  2.85052218,  0.61720195,  0.9964078 ,  0.30050438,\n        -0.74963814],\n       [ 3.36979067,  2.85052218,  0.61720195,  0.9964078 ,  0.30050438,\n        -0.74963814],\n       [ 3.36979067,  2.85052218,  0.61720195,  0.9964078 ,  0.30050438,\n        -0.74963814],\n       [ 3.36979067,  2.85052218,  0.61720195,  0.9964078 ,  0.30050438,\n        -0.74963814]]), array([9.11165834e-05, 9.11165834e-05, 9.11165834e-05, 9.11165834e-05,\n       9.11165834e-05, 9.11165834e-05, 9.11165834e-05]))"}, "10": {"maxiter": 1000, "fatol": 1e-10, "xatol": 1e-05, "duration": 0.07838606834411621, "fun": "9.111658486182783e-05", "nit": "289", "nfev": "466", "status": "0", "success": "True", "message": "Optimization terminated successfully.", "x": "[ 3.36979042  2.85052326  0.61720191  0.99640569  0.30050434 -0.74963766]", "final_simplex": "(array([[ 3.36979042,  2.85052326,  0.61720191,  0.99640569,  0.30050434,\n        -0.74963766],\n       [ 3.36979039,  2.85052237,  0.61720574,  0.99640659,  0.30050601,\n        -0.74964093],\n       [ 3.36979391,  2.85052693,  0.61720941,  0.99640738,  0.30050814,\n        -0.74964073],\n       [ 3.36978905,  2.85051473,  0.61719583,  0.99640646,  0.30050119,\n        -0.74963608],\n       [ 3.36979097,  2.85051449,  0.61719361,  0.9964074 ,  0.3004998 ,\n        -0.74963384],\n       [ 3.36979338,  2.85052212,  0.61720518,  0.99640648,  0.30050583,\n        -0.74964311],\n       [ 3.36979474,  2.85052516,  0.61720406,  0.99641136,  0.30050563,\n        -0.74964023]]), array([9.11165849e-05, 9.11165850e-05, 9.11165854e-05, 9.11165856e-05,\n       9.11165865e-05, 9.11165869e-05, 9.11165897e-05]))"}, "11": {"maxiter": 1000, "fatol": 1e-10, "xatol": 1e-10, "duration": 0.11617684364318848, "fun": "9.111658343030626e-05", "nit": "388", "nfev": "697", "status": "0", "success": "True", "message": "Optimization terminated successfully.", "x": "[ 3.36979067  2.85052218  0.61720195  0.9964078   0.30050438 -0.74963814]", "final_simplex": "(array([[ 3.36979067,  2.85052218,  0.61720195,  0.9964078 ,  0.30050438,\n        -0.74963814],\n       [ 3.36979067,  2.85052218,  0.61720195,  0.9964078 ,  0.30050438,\n        -0.74963814],\n       [ 3.36979067,  2.85052218,  0.61720195,  0.9964078 ,  0.30050438,\n        -0.74963814],\n       [ 3.36979067,  2.85052218,  0.61720195,  0.9964078 ,  0.30050438,\n        -0.74963814],\n       [ 3.36979067,  2.85052218,  0.61720195,  0.9964078 ,  0.30050438,\n        -0.74963814],\n       [ 3.36979067,  2.85052218,  0.61720195,  0.9964078 ,  0.30050438,\n        -0.74963814],\n       [ 3.36979067,  2.85052218,  0.61720195,  0.9964078 ,  0.30050438,\n        -0.74963814]]), array([9.11165834e-05, 9.11165834e-05, 9.11165834e-05, 9.11165834e-05,\n       9.11165834e-05, 9.11165834e-05, 9.11165834e-05]))"}}, "bfgs": {"type": "gradient", "0": {"maxiter": 100, "gtol": 1e-05, "xrtol": 1e-05, "eps": 1e-05, "duration": 0.027775049209594727, "fun": "9.111667283079328e-05", "jac": "[-5.88828986e-07  5.45641310e-07 -7.00073333e-07  3.33177930e-07\n -3.11839443e-06 -2.12936335e-06]", "hess_inv": "[[ 2.33308509 -0.66899588 -0.27883412  0.54084795 -0.27370616  0.35781091]\n [-0.66899588  7.96978228  4.915384    3.20755776 -0.23018214 -0.84676013]\n [-0.27883412  4.915384    6.55857506  1.21913508 -1.79121687 -1.05652887]\n [ 0.54084795  3.20755776  1.21913508  3.99101201  0.48584771 -0.04292604]\n [-0.27370616 -0.23018214 -1.79121687  0.48584771  1.75901489  0.26425599]\n [ 0.35781091 -0.84676013 -1.05652887 -0.04292604  0.26425599  1.74979216]]", "nfev": "161", "njev": "23", "status": "0", "success": "True", "message": "Optimization terminated successfully.", "x": "[ 2.42844038  2.2360415  -0.68761189  1.16435982 -0.63277413  0.45553974]", "nit": "21"}, "1": {"maxiter": 100, "gtol": 1e-05, "xrtol": 1e-05, "eps": 1e-10, "duration": 0.027618885040283203, "fun": "9.111665734440333e-05", "jac": "[ 3.33066880e-06  7.77156053e-06  0.00000000e+00 -1.11022293e-06\n  0.00000000e+00  1.11022293e-06]", "hess_inv": "[[ 2.30458269 -0.89714182 -0.32395667  0.45729489 -0.29247259  0.32781507]\n [-0.89714182  8.26435918  4.91427355  3.29157585 -0.06971825 -0.90480594]\n [-0.32395667  4.91427355  6.51053549  1.20878363 -1.7500476  -1.05577053]\n [ 0.45729489  3.29157585  1.20878363  4.0089102   0.54606247 -0.05646918]\n [-0.29247259 -0.06971825 -1.7500476   0.54606247  1.7833639   0.26070417]\n [ 0.32781507 -0.90480594 -1.05577053 -0.05646918  0.26070417  1.71778007]]", "nfev": "161", "njev": "23", "status": "0", "success": "True", "message": "Optimization terminated successfully.", "x": "[ 2.42844636  2.23609873 -0.6875743   1.16438173 -0.6327687   0.45553396]", "nit": "21"}, "2": {"maxiter": 100, "gtol": 1e-05, "xrtol": 1e-10, "eps": 1e-05, "duration": 0.027612924575805664, "fun": "9.111667283079328e-05", "jac": "[-5.88828986e-07  5.45641310e-07 -7.00073333e-07  3.33177930e-07\n -3.11839443e-06 -2.12936335e-06]", "hess_inv": "[[ 2.33308509 -0.66899588 -0.27883412  0.54084795 -0.27370616  0.35781091]\n [-0.66899588  7.96978228  4.915384    3.20755776 -0.23018214 -0.84676013]\n [-0.27883412  4.915384    6.55857506  1.21913508 -1.79121687 -1.05652887]\n [ 0.54084795  3.20755776  1.21913508  3.99101201  0.48584771 -0.04292604]\n [-0.27370616 -0.23018214 -1.79121687  0.48584771  1.75901489  0.26425599]\n [ 0.35781091 -0.84676013 -1.05652887 -0.04292604  0.26425599  1.74979216]]", "nfev": "161", "njev": "23", "status": "0", "success": "True", "message": "Optimization terminated successfully.", "x": "[ 2.42844038  2.2360415  -0.68761189  1.16435982 -0.63277413  0.45553974]", "nit": "21"}, "3": {"maxiter": 100, "gtol": 1e-05, "xrtol": 1e-10, "eps": 1e-10, "duration": 0.02797222137451172, "fun": "9.111665734440333e-05", "jac": "[ 3.33066880e-06  7.77156053e-06  0.00000000e+00 -1.11022293e-06\n  0.00000000e+00  1.11022293e-06]", "hess_inv": "[[ 2.30458269 -0.89714182 -0.32395667  0.45729489 -0.29247259  0.32781507]\n [-0.89714182  8.26435918  4.91427355  3.29157585 -0.06971825 -0.90480594]\n [-0.32395667  4.91427355  6.51053549  1.20878363 -1.7500476  -1.05577053]\n [ 0.45729489  3.29157585  1.20878363  4.0089102   0.54606247 -0.05646918]\n [-0.29247259 -0.06971825 -1.7500476   0.54606247  1.7833639   0.26070417]\n [ 0.32781507 -0.90480594 -1.05577053 -0.05646918  0.26070417  1.71778007]]", "nfev": "161", "njev": "23", "status": "0", "success": "True", "message": "Optimization terminated successfully.", "x": "[ 2.42844636  2.23609873 -0.6875743   1.16438173 -0.6327687   0.45553396]", "nit": "21"}, "4": {"maxiter": 100, "gtol": 1e-10, "xrtol": 1e-05, "eps": 1e-05, "duration": 0.029514789581298828, "fun": "9.111666010042097e-05", "jac": "[-4.92816898e-07  7.43960449e-08 -2.31770159e-07  2.31681341e-07\n -5.76461101e-07  1.31616940e-07]", "hess_inv": "[[ 2.21677653 -0.58570757 -0.25311002  0.57013337 -0.24500649  0.30191057]\n [-0.58570757  8.06156807  5.1334161   3.19282798 -0.43754974 -0.95457705]\n [-0.25311002  5.1334161   6.92210345  1.22240391 -2.08927444 -1.27502619]\n [ 0.57013337  3.19282798  1.22240391  3.98389546  0.47092138 -0.03494468]\n [-0.24500649 -0.43754974 -2.08927444  0.47092138  1.98240612  0.4604472 ]\n [ 0.30191057 -0.95457705 -1.27502619 -0.03494468  0.4604472   1.86727567]]", "nfev": "168", "njev": "24", "status": "0", "success": "True", "message": "Optimization terminated successfully.", "x": "[ 2.42844152  2.23603589 -0.68761963  1.16435934 -0.6327685   0.45554497]", "nit": "22"}, "5": {"maxiter": 100, "gtol": 1e-10, "xrtol": 1e-05, "eps": 1e-10, "duration": 0.030647993087768555, "fun": "9.111661836525009e-05", "jac": "[2.22044587e-06 2.22044587e-06 2.22044587e-06 2.22044587e-06\n 7.77156053e-06 1.11022293e-06]", "hess_inv": "[[ 2.17157507 -1.25175691 -0.65443824  0.2478227  -0.18239427  0.38311372]\n [-1.25175691  6.15940581  4.58381644  1.37520079 -1.05255962 -1.46271991]\n [-0.65443824  4.58381644  7.05732542  0.15836495 -2.57226137 -1.60571555]\n [ 0.2478227   1.37520079  0.15836495  2.93581458  0.45174282 -0.05833041]\n [-0.18239427 -1.05255962 -2.57226137  0.45174282  2.06483183  0.50627534]\n [ 0.38311372 -1.46271991 -1.60571555 -0.05833041  0.50627534  1.90711809]]", "nfev": "175", "njev": "25", "status": "0", "success": "True", "message": "Optimization terminated successfully.", "x": "[ 2.42844307  2.23605098 -0.68761478  1.16436754 -0.63275581  0.4555435 ]", "nit": "23"}, "6": {"maxiter": 100, "gtol": 1e-10, "xrtol": 1e-10, "eps": 1e-05, "duration": 0.08327913284301758, "fun": "9.111665821137649e-05", "jac": "[ 3.58268970e-07  1.44306789e-07 -1.24256161e-07 -6.73350264e-08\n -8.13571432e-08  1.35194078e-06]", "hess_inv": "[[ 24.67420255 -18.51248863  -1.16283565 -13.79948587  16.68484706\n  -17.73773505]\n [-18.51248863  22.28694769   5.70763534  14.67908194 -13.88323212\n   13.59546056]\n [ -1.16283565   5.70763534   6.28983923   2.08231889  -2.819475\n    0.64095357]\n [-13.79948587  14.67908194   2.08231889  13.01762267 -10.26644883\n   10.90120742]\n [ 16.68484706 -13.88323212  -2.819475   -10.26644883  14.60840136\n  -12.86585921]\n [-17.73773505  13.59546056   0.64095357  10.90120742 -12.86585921\n   13.96988879]]", "nfev": "480", "njev": "67", "status": "2", "success": "False", "message": "Desired error not necessarily achieved due to precision loss.", "x": "[ 2.42845003  2.23602908 -0.68762101  1.16435451 -0.63276241  0.45554042]", "nit": "25"}, "7": {"maxiter": 100, "gtol": 1e-10, "xrtol": 1e-10, "eps": 1e-10, "duration": 0.0806739330291748, "fun": "9.111659917504511e-05", "jac": "[-1.11022293e-06  0.00000000e+00  1.11022293e-06  1.11022293e-06\n -2.22044587e-06  2.22044587e-06]", "hess_inv": "[[ 2.88311084 -2.23459477 -0.86530199 -0.40305786 -0.87470906  0.14566229]\n [-2.23459477  4.55549146  3.05303984 -0.05647274 -0.66950359 -1.17490061]\n [-0.86530199  3.05303984  5.17344117 -0.71733905 -1.81512605 -1.5862867 ]\n [-0.40305786 -0.05647274 -0.71733905  1.53516431  0.23344058  0.13887433]\n [-0.87470906 -0.66950359 -1.81512605  0.23344058  1.63596388  0.75828117]\n [ 0.14566229 -1.17490061 -1.5862867   0.13887433  0.75828117  1.98498146]]", "nfev": "467", "njev": "65", "status": "2", "success": "False", "message": "Desired error not necessarily achieved due to precision loss.", "x": "[ 2.42844874  2.23605036 -0.68760725  1.16436592 -0.63276516  0.45554186]", "nit": "24"}, "8": {"maxiter": 500, "gtol": 1e-05, "xrtol": 1e-05, "eps": 1e-05, "duration": 0.028152942657470703, "fun": "9.111667283079328e-05", "jac": "[-5.88828986e-07  5.45641310e-07 -7.00073333e-07  3.33177930e-07\n -3.11839443e-06 -2.12936335e-06]", "hess_inv": "[[ 2.33308509 -0.66899588 -0.27883412  0.54084795 -0.27370616  0.35781091]\n [-0.66899588  7.96978228  4.915384    3.20755776 -0.23018214 -0.84676013]\n [-0.27883412  4.915384    6.55857506  1.21913508 -1.79121687 -1.05652887]\n [ 0.54084795  3.20755776  1.21913508  3.99101201  0.48584771 -0.04292604]\n [-0.27370616 -0.23018214 -1.79121687  0.48584771  1.75901489  0.26425599]\n [ 0.35781091 -0.84676013 -1.05652887 -0.04292604  0.26425599  1.74979216]]", "nfev": "161", "njev": "23", "status": "0", "success": "True", "message": "Optimization terminated successfully.", "x": "[ 2.42844038  2.2360415  -0.68761189  1.16435982 -0.63277413  0.45553974]", "nit": "21"}, "9": {"maxiter": 500, "gtol": 1e-05, "xrtol": 1e-05, "eps": 1e-10, "duration": 0.028123855590820312, "fun": "9.111665734440333e-05", "jac": "[ 3.33066880e-06  7.77156053e-06  0.00000000e+00 -1.11022293e-06\n  0.00000000e+00  1.11022293e-06]", "hess_inv": "[[ 2.30458269 -0.89714182 -0.32395667  0.45729489 -0.29247259  0.32781507]\n [-0.89714182  8.26435918  4.91427355  3.29157585 -0.06971825 -0.90480594]\n [-0.32395667  4.91427355  6.51053549  1.20878363 -1.7500476  -1.05577053]\n [ 0.45729489  3.29157585  1.20878363  4.0089102   0.54606247 -0.05646918]\n [-0.29247259 -0.06971825 -1.7500476   0.54606247  1.7833639   0.26070417]\n [ 0.32781507 -0.90480594 -1.05577053 -0.05646918  0.26070417  1.71778007]]", "nfev": "161", "njev": "23", "status": "0", "success": "True", "message": "Optimization terminated successfully.", "x": "[ 2.42844636  2.23609873 -0.6875743   1.16438173 -0.6327687   0.45553396]", "nit": "21"}, "10": {"maxiter": 500, "gtol": 1e-05, "xrtol": 1e-10, "eps": 1e-05, "duration": 0.02813577651977539, "fun": "9.111667283079328e-05", "jac": "[-5.88828986e-07  5.45641310e-07 -7.00073333e-07  3.33177930e-07\n -3.11839443e-06 -2.12936335e-06]", "hess_inv": "[[ 2.33308509 -0.66899588 -0.27883412  0.54084795 -0.27370616  0.35781091]\n [-0.66899588  7.96978228  4.915384    3.20755776 -0.23018214 -0.84676013]\n [-0.27883412  4.915384    6.55857506  1.21913508 -1.79121687 -1.05652887]\n [ 0.54084795  3.20755776  1.21913508  3.99101201  0.48584771 -0.04292604]\n [-0.27370616 -0.23018214 -1.79121687  0.48584771  1.75901489  0.26425599]\n [ 0.35781091 -0.84676013 -1.05652887 -0.04292604  0.26425599  1.74979216]]", "nfev": "161", "njev": "23", "status": "0", "success": "True", "message": "Optimization terminated successfully.", "x": "[ 2.42844038  2.2360415  -0.68761189  1.16435982 -0.63277413  0.45553974]", "nit": "21"}, "11": {"maxiter": 500, "gtol": 1e-05, "xrtol": 1e-10, "eps": 1e-10, "duration": 0.028162240982055664, "fun": "9.111665734440333e-05", "jac": "[ 3.33066880e-06  7.77156053e-06  0.00000000e+00 -1.11022293e-06\n  0.00000000e+00  1.11022293e-06]", "hess_inv": "[[ 2.30458269 -0.89714182 -0.32395667  0.45729489 -0.29247259  0.32781507]\n [-0.89714182  8.26435918  4.91427355  3.29157585 -0.06971825 -0.90480594]\n [-0.32395667  4.91427355  6.51053549  1.20878363 -1.7500476  -1.05577053]\n [ 0.45729489  3.29157585  1.20878363  4.0089102   0.54606247 -0.05646918]\n [-0.29247259 -0.06971825 -1.7500476   0.54606247  1.7833639   0.26070417]\n [ 0.32781507 -0.90480594 -1.05577053 -0.05646918  0.26070417  1.71778007]]", "nfev": "161", "njev": "23", "status": "0", "success": "True", "message": "Optimization terminated successfully.", "x": "[ 2.42844636  2.23609873 -0.6875743   1.16438173 -0.6327687   0.45553396]", "nit": "21"}, "12": {"maxiter": 500, "gtol": 1e-10, "xrtol": 1e-05, "eps": 1e-05, "duration": 0.02935481071472168, "fun": "9.111666010042097e-05", "jac": "[-4.92816898e-07  7.43960449e-08 -2.31770159e-07  2.31681341e-07\n -5.76461101e-07  1.31616940e-07]", "hess_inv": "[[ 2.21677653 -0.58570757 -0.25311002  0.57013337 -0.24500649  0.30191057]\n [-0.58570757  8.06156807  5.1334161   3.19282798 -0.43754974 -0.95457705]\n [-0.25311002  5.1334161   6.92210345  1.22240391 -2.08927444 -1.27502619]\n [ 0.57013337  3.19282798  1.22240391  3.98389546  0.47092138 -0.03494468]\n [-0.24500649 -0.43754974 -2.08927444  0.47092138  1.98240612  0.4604472 ]\n [ 0.30191057 -0.95457705 -1.27502619 -0.03494468  0.4604472   1.86727567]]", "nfev": "168", "njev": "24", "status": "0", "success": "True", "message": "Optimization terminated successfully.", "x": "[ 2.42844152  2.23603589 -0.68761963  1.16435934 -0.6327685   0.45554497]", "nit": "22"}, "13": {"maxiter": 500, "gtol": 1e-10, "xrtol": 1e-05, "eps": 1e-10, "duration": 0.030508995056152344, "fun": "9.111661836525009e-05", "jac": "[2.22044587e-06 2.22044587e-06 2.22044587e-06 2.22044587e-06\n 7.77156053e-06 1.11022293e-06]", "hess_inv": "[[ 2.17157507 -1.25175691 -0.65443824  0.2478227  -0.18239427  0.38311372]\n [-1.25175691  6.15940581  4.58381644  1.37520079 -1.05255962 -1.46271991]\n [-0.65443824  4.58381644  7.05732542  0.15836495 -2.57226137 -1.60571555]\n [ 0.2478227   1.37520079  0.15836495  2.93581458  0.45174282 -0.05833041]\n [-0.18239427 -1.05255962 -2.57226137  0.45174282  2.06483183  0.50627534]\n [ 0.38311372 -1.46271991 -1.60571555 -0.05833041  0.50627534  1.90711809]]", "nfev": "175", "njev": "25", "status": "0", "success": "True", "message": "Optimization terminated successfully.", "x": "[ 2.42844307  2.23605098 -0.68761478  1.16436754 -0.63275581  0.4555435 ]", "nit": "23"}, "14": {"maxiter": 500, "gtol": 1e-10, "xrtol": 1e-10, "eps": 1e-05, "duration": 0.08274102210998535, "fun": "9.111665821137649e-05", "jac": "[ 3.58268970e-07  1.44306789e-07 -1.24256161e-07 -6.73350264e-08\n -8.13571432e-08  1.35194078e-06]", "hess_inv": "[[ 24.67420255 -18.51248863  -1.16283565 -13.79948587  16.68484706\n  -17.73773505]\n [-18.51248863  22.28694769   5.70763534  14.67908194 -13.88323212\n   13.59546056]\n [ -1.16283565   5.70763534   6.28983923   2.08231889  -2.819475\n    0.64095357]\n [-13.79948587  14.67908194   2.08231889  13.01762267 -10.26644883\n   10.90120742]\n [ 16.68484706 -13.88323212  -2.819475   -10.26644883  14.60840136\n  -12.86585921]\n [-17.73773505  13.59546056   0.64095357  10.90120742 -12.86585921\n   13.96988879]]", "nfev": "480", "njev": "67", "status": "2", "success": "False", "message": "Desired error not necessarily achieved due to precision loss.", "x": "[ 2.42845003  2.23602908 -0.68762101  1.16435451 -0.63276241  0.45554042]", "nit": "25"}, "15": {"maxiter": 500, "gtol": 1e-10, "xrtol": 1e-10, "eps": 1e-10, "duration": 0.07975983619689941, "fun": "9.111659917504511e-05", "jac": "[-1.11022293e-06  0.00000000e+00  1.11022293e-06  1.11022293e-06\n -2.22044587e-06  2.22044587e-06]", "hess_inv": "[[ 2.88311084 -2.23459477 -0.86530199 -0.40305786 -0.87470906  0.14566229]\n [-2.23459477  4.55549146  3.05303984 -0.05647274 -0.66950359 -1.17490061]\n [-0.86530199  3.05303984  5.17344117 -0.71733905 -1.81512605 -1.5862867 ]\n [-0.40305786 -0.05647274 -0.71733905  1.53516431  0.23344058  0.13887433]\n [-0.87470906 -0.66950359 -1.81512605  0.23344058  1.63596388  0.75828117]\n [ 0.14566229 -1.17490061 -1.5862867   0.13887433  0.75828117  1.98498146]]", "nfev": "467", "njev": "65", "status": "2", "success": "False", "message": "Desired error not necessarily achieved due to precision loss.", "x": "[ 2.42844874  2.23605036 -0.68760725  1.16436592 -0.63276516  0.45554186]", "nit": "24"}, "16": {"maxiter": 1000, "gtol": 1e-05, "xrtol": 1e-05, "eps": 1e-05, "duration": 0.027746915817260742, "fun": "9.111667283079328e-05", "jac": "[-5.88828986e-07  5.45641310e-07 -7.00073333e-07  3.33177930e-07\n -3.11839443e-06 -2.12936335e-06]", "hess_inv": "[[ 2.33308509 -0.66899588 -0.27883412  0.54084795 -0.27370616  0.35781091]\n [-0.66899588  7.96978228  4.915384    3.20755776 -0.23018214 -0.84676013]\n [-0.27883412  4.915384    6.55857506  1.21913508 -1.79121687 -1.05652887]\n [ 0.54084795  3.20755776  1.21913508  3.99101201  0.48584771 -0.04292604]\n [-0.27370616 -0.23018214 -1.79121687  0.48584771  1.75901489  0.26425599]\n [ 0.35781091 -0.84676013 -1.05652887 -0.04292604  0.26425599  1.74979216]]", "nfev": "161", "njev": "23", "status": "0", "success": "True", "message": "Optimization terminated successfully.", "x": "[ 2.42844038  2.2360415  -0.68761189  1.16435982 -0.63277413  0.45553974]", "nit": "21"}, "17": {"maxiter": 1000, "gtol": 1e-05, "xrtol": 1e-05, "eps": 1e-10, "duration": 0.028879165649414062, "fun": "9.111665734440333e-05", "jac": "[ 3.33066880e-06  7.77156053e-06  0.00000000e+00 -1.11022293e-06\n  0.00000000e+00  1.11022293e-06]", "hess_inv": "[[ 2.30458269 -0.89714182 -0.32395667  0.45729489 -0.29247259  0.32781507]\n [-0.89714182  8.26435918  4.91427355  3.29157585 -0.06971825 -0.90480594]\n [-0.32395667  4.91427355  6.51053549  1.20878363 -1.7500476  -1.05577053]\n [ 0.45729489  3.29157585  1.20878363  4.0089102   0.54606247 -0.05646918]\n [-0.29247259 -0.06971825 -1.7500476   0.54606247  1.7833639   0.26070417]\n [ 0.32781507 -0.90480594 -1.05577053 -0.05646918  0.26070417  1.71778007]]", "nfev": "161", "njev": "23", "status": "0", "success": "True", "message": "Optimization terminated successfully.", "x": "[ 2.42844636  2.23609873 -0.6875743   1.16438173 -0.6327687   0.45553396]", "nit": "21"}, "18": {"maxiter": 1000, "gtol": 1e-05, "xrtol": 1e-10, "eps": 1e-05, "duration": 0.028336763381958008, "fun": "9.111667283079328e-05", "jac": "[-5.88828986e-07  5.45641310e-07 -7.00073333e-07  3.33177930e-07\n -3.11839443e-06 -2.12936335e-06]", "hess_inv": "[[ 2.33308509 -0.66899588 -0.27883412  0.54084795 -0.27370616  0.35781091]\n [-0.66899588  7.96978228  4.915384    3.20755776 -0.23018214 -0.84676013]\n [-0.27883412  4.915384    6.55857506  1.21913508 -1.79121687 -1.05652887]\n [ 0.54084795  3.20755776  1.21913508  3.99101201  0.48584771 -0.04292604]\n [-0.27370616 -0.23018214 -1.79121687  0.48584771  1.75901489  0.26425599]\n [ 0.35781091 -0.84676013 -1.05652887 -0.04292604  0.26425599  1.74979216]]", "nfev": "161", "njev": "23", "status": "0", "success": "True", "message": "Optimization terminated successfully.", "x": "[ 2.42844038  2.2360415  -0.68761189  1.16435982 -0.63277413  0.45553974]", "nit": "21"}, "19": {"maxiter": 1000, "gtol": 1e-05, "xrtol": 1e-10, "eps": 1e-10, "duration": 0.027783870697021484, "fun": "9.111665734440333e-05", "jac": "[ 3.33066880e-06  7.77156053e-06  0.00000000e+00 -1.11022293e-06\n  0.00000000e+00  1.11022293e-06]", "hess_inv": "[[ 2.30458269 -0.89714182 -0.32395667  0.45729489 -0.29247259  0.32781507]\n [-0.89714182  8.26435918  4.91427355  3.29157585 -0.06971825 -0.90480594]\n [-0.32395667  4.91427355  6.51053549  1.20878363 -1.7500476  -1.05577053]\n [ 0.45729489  3.29157585  1.20878363  4.0089102   0.54606247 -0.05646918]\n [-0.29247259 -0.06971825 -1.7500476   0.54606247  1.7833639   0.26070417]\n [ 0.32781507 -0.90480594 -1.05577053 -0.05646918  0.26070417  1.71778007]]", "nfev": "161", "njev": "23", "status": "0", "success": "True", "message": "Optimization terminated successfully.", "x": "[ 2.42844636  2.23609873 -0.6875743   1.16438173 -0.6327687   0.45553396]", "nit": "21"}, "20": {"maxiter": 1000, "gtol": 1e-10, "xrtol": 1e-05, "eps": 1e-05, "duration": 0.028912782669067383, "fun": "9.111666010042097e-05", "jac": "[-4.92816898e-07  7.43960449e-08 -2.31770159e-07  2.31681341e-07\n -5.76461101e-07  1.31616940e-07]", "hess_inv": "[[ 2.21677653 -0.58570757 -0.25311002  0.57013337 -0.24500649  0.30191057]\n [-0.58570757  8.06156807  5.1334161   3.19282798 -0.43754974 -0.95457705]\n [-0.25311002  5.1334161   6.92210345  1.22240391 -2.08927444 -1.27502619]\n [ 0.57013337  3.19282798  1.22240391  3.98389546  0.47092138 -0.03494468]\n [-0.24500649 -0.43754974 -2.08927444  0.47092138  1.98240612  0.4604472 ]\n [ 0.30191057 -0.95457705 -1.27502619 -0.03494468  0.4604472   1.86727567]]", "nfev": "168", "njev": "24", "status": "0", "success": "True", "message": "Optimization terminated successfully.", "x": "[ 2.42844152  2.23603589 -0.68761963  1.16435934 -0.6327685   0.45554497]", "nit": "22"}, "21": {"maxiter": 1000, "gtol": 1e-10, "xrtol": 1e-05, "eps": 1e-10, "duration": 0.030215978622436523, "fun": "9.111661836525009e-05", "jac": "[2.22044587e-06 2.22044587e-06 2.22044587e-06 2.22044587e-06\n 7.77156053e-06 1.11022293e-06]", "hess_inv": "[[ 2.17157507 -1.25175691 -0.65443824  0.2478227  -0.18239427  0.38311372]\n [-1.25175691  6.15940581  4.58381644  1.37520079 -1.05255962 -1.46271991]\n [-0.65443824  4.58381644  7.05732542  0.15836495 -2.57226137 -1.60571555]\n [ 0.2478227   1.37520079  0.15836495  2.93581458  0.45174282 -0.05833041]\n [-0.18239427 -1.05255962 -2.57226137  0.45174282  2.06483183  0.50627534]\n [ 0.38311372 -1.46271991 -1.60571555 -0.05833041  0.50627534  1.90711809]]", "nfev": "175", "njev": "25", "status": "0", "success": "True", "message": "Optimization terminated successfully.", "x": "[ 2.42844307  2.23605098 -0.68761478  1.16436754 -0.63275581  0.4555435 ]", "nit": "23"}, "22": {"maxiter": 1000, "gtol": 1e-10, "xrtol": 1e-10, "eps": 1e-05, "duration": 0.08301115036010742, "fun": "9.111665821137649e-05", "jac": "[ 3.58268970e-07  1.44306789e-07 -1.24256161e-07 -6.73350264e-08\n -8.13571432e-08  1.35194078e-06]", "hess_inv": "[[ 24.67420255 -18.51248863  -1.16283565 -13.79948587  16.68484706\n  -17.73773505]\n [-18.51248863  22.28694769   5.70763534  14.67908194 -13.88323212\n   13.59546056]\n [ -1.16283565   5.70763534   6.28983923   2.08231889  -2.819475\n    0.64095357]\n [-13.79948587  14.67908194   2.08231889  13.01762267 -10.26644883\n   10.90120742]\n [ 16.68484706 -13.88323212  -2.819475   -10.26644883  14.60840136\n  -12.86585921]\n [-17.73773505  13.59546056   0.64095357  10.90120742 -12.86585921\n   13.96988879]]", "nfev": "480", "njev": "67", "status": "2", "success": "False", "message": "Desired error not necessarily achieved due to precision loss.", "x": "[ 2.42845003  2.23602908 -0.68762101  1.16435451 -0.63276241  0.45554042]", "nit": "25"}, "23": {"maxiter": 1000, "gtol": 1e-10, "xrtol": 1e-10, "eps": 1e-10, "duration": 0.07918095588684082, "fun": "9.111659917504511e-05", "jac": "[-1.11022293e-06  0.00000000e+00  1.11022293e-06  1.11022293e-06\n -2.22044587e-06  2.22044587e-06]", "hess_inv": "[[ 2.88311084 -2.23459477 -0.86530199 -0.40305786 -0.87470906  0.14566229]\n [-2.23459477  4.55549146  3.05303984 -0.05647274 -0.66950359 -1.17490061]\n [-0.86530199  3.05303984  5.17344117 -0.71733905 -1.81512605 -1.5862867 ]\n [-0.40305786 -0.05647274 -0.71733905  1.53516431  0.23344058  0.13887433]\n [-0.87470906 -0.66950359 -1.81512605  0.23344058  1.63596388  0.75828117]\n [ 0.14566229 -1.17490061 -1.5862867   0.13887433  0.75828117  1.98498146]]", "nfev": "467", "njev": "65", "status": "2", "success": "False", "message": "Desired error not necessarily achieved due to precision loss.", "x": "[ 2.42844874  2.23605036 -0.68760725  1.16436592 -0.63276516  0.45554186]", "nit": "24"}}, "cobyla": {"0": {"maxiter": 100, "tol": 1e-05, "catol": 1e-05, "duration": 0.01677083969116211, "x": "[ 4.86984611  6.38164238  1.79561912  2.36715706 -0.85469782  1.6297426 ]", "status": "2", "success": "False", "message": "Maximum number of function evaluations has been exceeded.", "nfev": "100", "fun": "0.00010168908739183191", "maxcv": "0.0"}, "1": {"maxiter": 100, "tol": 1e-05, "catol": 1e-10, "duration": 0.016691923141479492, "x": "[ 4.86984611  6.38164238  1.79561912  2.36715706 -0.85469782  1.6297426 ]", "status": "2", "success": "False", "message": "Maximum number of function evaluations has been exceeded.", "nfev": "100", "fun": "0.00010168908739183191", "maxcv": "0.0"}, "2": {"maxiter": 100, "tol": 1e-10, "catol": 1e-05, "duration": 0.016617774963378906, "x": "[ 4.86984611  6.38164238  1.79561912  2.36715706 -0.85469782  1.6297426 ]", "status": "2", "success": "False", "message": "Maximum number of function evaluations has been exceeded.", "nfev": "100", "fun": "0.00010168908739183191", "maxcv": "0.0"}, "3": {"maxiter": 100, "tol": 1e-10, "catol": 1e-10, "duration": 0.016640901565551758, "x": "[ 4.86984611  6.38164238  1.79561912  2.36715706 -0.85469782  1.6297426 ]", "status": "2", "success": "False", "message": "Maximum number of function evaluations has been exceeded.", "nfev": "100", "fun": "0.00010168908739183191", "maxcv": "0.0"}, "4": {"maxiter": 500, "tol": 1e-05, "catol": 1e-05, "duration": 0.03206038475036621, "x": "[ 4.87670813  6.38663781  1.79512565  2.37255432 -0.86320129  1.62441884]", "status": "1", "success": "True", "message": "Optimization terminated successfully.", "nfev": "193", "fun": "9.111665482763875e-05", "maxcv": "0.0"}, "5": {"maxiter": 500, "tol": 1e-05, "catol": 1e-10, "duration": 0.03203582763671875, "x": "[ 4.87670813  6.38663781  1.79512565  2.37255432 -0.86320129  1.62441884]", "status": "1", "success": "True", "message": "Optimization terminated successfully.", "nfev": "193", "fun": "9.111665482763875e-05", "maxcv": "0.0"}, "6": {"maxiter": 500, "tol": 1e-10, "catol": 1e-05, "duration": 0.05442500114440918, "x": "[ 4.87670006  6.38663494  1.79512621  2.3725473  -0.86319784  1.62443406]", "status": "1", "success": "True", "message": "Optimization terminated successfully.", "nfev": "323", "fun": "9.111658343152751e-05", "maxcv": "0.0"}, "7": {"maxiter": 500, "tol": 1e-10, "catol": 1e-10, "duration": 0.05369400978088379, "x": "[ 4.87670006  6.38663494  1.79512621  2.3725473  -0.86319784  1.62443406]", "status": "1", "success": "True", "message": "Optimization terminated successfully.", "nfev": "323", "fun": "9.111658343152751e-05", "maxcv": "0.0"}, "8": {"maxiter": 1000, "tol": 1e-05, "catol": 1e-05, "duration": 0.0322