{"date": "2024/07/19/, 18:03:32", "conf_id": 269, "data_type": "var_s_rank\n", "num_data_points": 2, "s_rank": 0, "unitary": "[[-0.24866696+0.58742286j,-0.44704345-0.43151574j,-0.35669027-0.20570733j,-0.10517633+0.1626036j],[0.10596805-0.19687975j,-0.30269685-0.15056416j,0.18246286+0.30440582j,-0.83484447-0.11310748j],[0.26054512-0.52548482j,0.0285017-0.50723956j,-0.43110112+0.17165838j,0.15243271+0.39915801j],[0.42978035+0.11991271j,-0.17224126-0.46030424j,0.6827807-0.15164662j,0.26483638+0.0061855j]]", "databatch_0": {"databatch": "[[[1.82943243e-02-2.34283659e-01j,-1.01200383e-01+8.77373122e-02j,-7.08513541e-02-1.05787580e-01j,5.06269903e-02-2.30524046e-02j],[-3.91245610e-01-4.25217607e-01j,-9.05341152e-02+2.76629198e-01j,-3.07095634e-01-8.85025722e-02j,6.83687993e-02-6.99801644e-02j],[-6.60699803e-02-2.75737802e-01j,1.35162473e-01+3.23542696e-01j,-1.40399575e-01+2.10207005e-02j,-4.78172628e-03-2.33374669e-01j],[-1.12538830e-01+1.21351250e-01j,1.90746688e-01-8.45063692e-02j,4.14666958e-02+1.06719935e-01j,-1.23309292e-01-2.41618526e-04j]],[[1.96997757e-02+9.16620027e-02j,-1.02138598e-01+1.36206705e-01j,-3.01334592e-02-4.39625381e-03j,-1.02637398e-01+9.87165262e-02j],[-3.66481171e-02+9.18876183e-02j,-1.62690603e-01+6.62355465e-02j,-2.09608454e-02-2.48347661e-02j,-1.38036356e-01+2.73327712e-02j],[-6.20320984e-02+3.37899556e-02j,-1.30222259e-01-3.88019966e-02j,-3.10133509e-04-1.84927615e-02j,-9.74668265e-02-4.20052537e-02j],[-3.20832078e-01+1.18808149e-01j,-5.80086957e-01-3.05909637e-01j,-2.10171070e-03-9.54413806e-02j,-4.42877363e-01-3.03440551e-01j]]]", "initial param values": "[5.40952209,1.09625289,4.68680802,5.45806107,4.47650239,0.16378005]", "nelder_mead": {"type": "gradient-free", "0": {"maxiter": 100, "fatol": 1e-05, "xatol": 1e-05, "duration": 0.027424097061157227, "fun": "0.3140337222240175", "nit": "100", "nfev": "162", "status": "2", "success": "False", "message": "Maximum number of iterations has been exceeded.", "x": "[6.09361332 1.06589593 4.41530089 3.68760407 5.40732732 0.19867667]", "final_simplex": "(array([[6.09361332, 1.06589593, 4.41530089, 3.68760407, 5.40732732,\n        0.19867667],\n       [6.08882388, 1.06350669, 4.41610821, 3.68417   , 5.40206484,\n        0.19863497],\n       [6.0954411 , 1.06427728, 4.42271049, 3.68978125, 5.3947526 ,\n        0.1983314 ],\n       [6.09255242, 1.06594835, 4.42574073, 3.68578818, 5.40053238,\n        0.19837508],\n       [6.09472718, 1.06262924, 4.42051369, 3.68225994, 5.39504514,\n        0.19860319],\n       [6.08680394, 1.06221149, 4.41685154, 3.68739851, 5.40683834,\n        0.19837409],\n       [6.09164676, 1.06118404, 4.42280484, 3.68617219, 5.40409506,\n        0.19874761]]), array([0.31403372, 0.31403495, 0.3140373 , 0.31403988, 0.31404259,\n       0.31404577, 0.31404663]))"}, "1": {"maxiter": 100, "fatol": 1e-05, "xatol": 1e-10, "duration": 0.027264833450317383, "fun": "0.3140337222240175", "nit": "100", "nfev": "162", "status": "2", "success": "False", "message": "Maximum number of iterations has been exceeded.", "x": "[6.09361332 1.06589593 4.41530089 3.68760407 5.40732732 0.19867667]", "final_simplex": "(array([[6.09361332, 1.06589593, 4.41530089, 3.68760407, 5.40732732,\n        0.19867667],\n       [6.08882388, 1.06350669, 4.41610821, 3.68417   , 5.40206484,\n        0.19863497],\n       [6.0954411 , 1.06427728, 4.42271049, 3.68978125, 5.3947526 ,\n        0.1983314 ],\n       [6.09255242, 1.06594835, 4.42574073, 3.68578818, 5.40053238,\n        0.19837508],\n       [6.09472718, 1.06262924, 4.42051369, 3.68225994, 5.39504514,\n        0.19860319],\n       [6.08680394, 1.06221149, 4.41685154, 3.68739851, 5.40683834,\n        0.19837409],\n       [6.09164676, 1.06118404, 4.42280484, 3.68617219, 5.40409506,\n        0.19874761]]), array([0.31403372, 0.31403495, 0.3140373 , 0.31403988, 0.31404259,\n       0.31404577, 0.31404663]))"}, "2": {"maxiter": 100, "fatol": 1e-10, "xatol": 1e-05, "duration": 0.027324914932250977, "fun": "0.3140337222240175", "nit": "100", "nfev": "162", "status": "2", "success": "False", "message": "Maximum number of iterations has been exceeded.", "x": "[6.09361332 1.06589593 4.41530089 3.68760407 5.40732732 0.19867667]", "final_simplex": "(array([[6.09361332, 1.06589593, 4.41530089, 3.68760407, 5.40732732,\n        0.19867667],\n       [6.08882388, 1.06350669, 4.41610821, 3.68417   , 5.40206484,\n        0.19863497],\n       [6.0954411 , 1.06427728, 4.42271049, 3.68978125, 5.3947526 ,\n        0.1983314 ],\n       [6.09255242, 1.06594835, 4.42574073, 3.68578818, 5.40053238,\n        0.19837508],\n       [6.09472718, 1.06262924, 4.42051369, 3.68225994, 5.39504514,\n        0.19860319],\n       [6.08680394, 1.06221149, 4.41685154, 3.68739851, 5.40683834,\n        0.19837409],\n       [6.09164676, 1.06118404, 4.42280484, 3.68617219, 5.40409506,\n        0.19874761]]), array([0.31403372, 0.31403495, 0.3140373 , 0.31403988, 0.31404259,\n       0.31404577, 0.31404663]))"}, "3": {"maxiter": 100, "fatol": 1e-10, "xatol": 1e-10, "duration": 0.02734684944152832, "fun": "0.3140337222240175", "nit": "100", "nfev": "162", "status": "2", "success": "False", "message": "Maximum number of iterations has been exceeded.", "x": "[6.09361332 1.06589593 4.41530089 3.68760407 5.40732732 0.19867667]", "final_simplex": "(array([[6.09361332, 1.06589593, 4.41530089, 3.68760407, 5.40732732,\n        0.19867667],\n       [6.08882388, 1.06350669, 4.41610821, 3.68417   , 5.40206484,\n        0.19863497],\n       [6.0954411 , 1.06427728, 4.42271049, 3.68978125, 5.3947526 ,\n        0.1983314 ],\n       [6.09255242, 1.06594835, 4.42574073, 3.68578818, 5.40053238,\n        0.19837508],\n       [6.09472718, 1.06262924, 4.42051369, 3.68225994, 5.39504514,\n        0.19860319],\n       [6.08680394, 1.06221149, 4.41685154, 3.68739851, 5.40683834,\n        0.19837409],\n       [6.09164676, 1.06118404, 4.42280484, 3.68617219, 5.40409506,\n        0.19874761]]), array([0.31403372, 0.31403495, 0.3140373 , 0.31403988, 0.31404259,\n       0.31404577, 0.31404663]))"}, "4": {"maxiter": 500, "fatol": 1e-05, "xatol": 1e-05, "duration": 0.1305561065673828, "fun": "0.3126375723117405", "nit": "500", "nfev": "773", "status": "2", "success": "False", "message": "Maximum number of iterations has been exceeded.", "x": "[6.11387395 1.61296903 3.80784381 3.70905572 5.5004475  0.35647832]", "final_simplex": "(array([[6.11387395, 1.61296903, 3.80784381, 3.70905572, 5.5004475 ,\n        0.35647832],\n       [6.11390911, 1.61265614, 3.80821209, 3.70906154, 5.50048103,\n        0.35648111],\n       [6.11399477, 1.61307467, 3.80777048, 3.70906306, 5.50045085,\n        0.3565624 ],\n       [6.11395373, 1.61304176, 3.80786236, 3.70906554, 5.50034873,\n        0.35648305],\n       [6.1139447 , 1.61250466, 3.80835195, 3.70903821, 5.50036993,\n        0.35643452],\n       [6.11391347, 1.61277501, 3.8080743 , 3.70910473, 5.50042746,\n        0.35652289],\n       [6.11395604, 1.61271233, 3.80822684, 3.70901466, 5.5003598 ,\n        0.35650855]]), array([0.31263757, 0.31263757, 0.31263757, 0.31263757, 0.31263757,\n       0.31263757, 0.31263757]))"}, "5": {"maxiter": 500, "fatol": 1e-05, "xatol": 1e-10, "duration": 0.1306140422821045, "fun": "0.3126375723117405", "nit": "500", "nfev": "773", "status": "2", "success": "False", "message": "Maximum number of iterations has been exceeded.", "x": "[6.11387395 1.61296903 3.80784381 3.70905572 5.5004475  0.35647832]", "final_simplex": "(array([[6.11387395, 1.61296903, 3.80784381, 3.70905572, 5.5004475 ,\n        0.35647832],\n       [6.11390911, 1.61265614, 3.80821209, 3.70906154, 5.50048103,\n        0.35648111],\n       [6.11399477, 1.61307467, 3.80777048, 3.70906306, 5.50045085,\n        0.3565624 ],\n       [6.11395373, 1.61304176, 3.80786236, 3.70906554, 5.50034873,\n        0.35648305],\n       [6.1139447 , 1.61250466, 3.80835195, 3.70903821, 5.50036993,\n        0.35643452],\n       [6.11391347, 1.61277501, 3.8080743 , 3.70910473, 5.50042746,\n        0.35652289],\n       [6.11395604, 1.61271233, 3.80822684, 3.70901466, 5.5003598 ,\n        0.35650855]]), array([0.31263757, 0.31263757, 0.31263757, 0.31263757, 0.31263757,\n       0.31263757, 0.31263757]))"}, "6": {"maxiter": 500, "fatol": 1e-10, "xatol": 1e-05, "duration": 0.13098430633544922, "fun": "0.3126375723117405", "nit": "500", "nfev": "773", "status": "2", "success": "False", "message": "Maximum number of iterations has been exceeded.", "x": "[6.11387395 1.61296903 3.80784381 3.70905572 5.5004475  0.35647832]", "final_simplex": "(array([[6.11387395, 1.61296903, 3.80784381, 3.70905572, 5.5004475 ,\n        0.35647832],\n       [6.11390911, 1.61265614, 3.80821209, 3.70906154, 5.50048103,\n        0.35648111],\n       [6.11399477, 1.61307467, 3.80777048, 3.70906306, 5.50045085,\n        0.3565624 ],\n       [6.11395373, 1.61304176, 3.80786236, 3.70906554, 5.50034873,\n        0.35648305],\n       [6.1139447 , 1.61250466, 3.80835195, 3.70903821, 5.50036993,\n        0.35643452],\n       [6.11391347, 1.61277501, 3.8080743 , 3.70910473, 5.50042746,\n        0.35652289],\n       [6.11395604, 1.61271233, 3.80822684, 3.70901466, 5.5003598 ,\n        0.35650855]]), array([0.31263757, 0.31263757, 0.31263757, 0.31263757, 0.31263757,\n       0.31263757, 0.31263757]))"}, "7": {"maxiter": 500, "fatol": 1e-10, "xatol": 1e-10, "duration": 0.13104820251464844, "fun": "0.3126375723117405", "nit": "500", "nfev": "773", "status": "2", "success": "False", "message": "Maximum number of iterations has been exceeded.", "x": "[6.11387395 1.61296903 3.80784381 3.70905572 5.5004475  0.35647832]", "final_simplex": "(array([[6.11387395, 1.61296903, 3.80784381, 3.70905572, 5.5004475 ,\n        0.35647832],\n       [6.11390911, 1.61265614, 3.80821209, 3.70906154, 5.50048103,\n        0.35648111],\n       [6.11399477, 1.61307467, 3.80777048, 3.70906306, 5.50045085,\n        0.3565624 ],\n       [6.11395373, 1.61304176, 3.80786236, 3.70906554, 5.50034873,\n        0.35648305],\n       [6.1139447 , 1.61250466, 3.80835195, 3.70903821, 5.50036993,\n        0.35643452],\n       [6.11391347, 1.61277501, 3.8080743 , 3.70910473, 5.50042746,\n        0.35652289],\n       [6.11395604, 1.61271233, 3.80822684, 3.70901466, 5.5003598 ,\n        0.35650855]]), array([0.31263757, 0.31263757, 0.31263757, 0.31263757, 0.31263757,\n       0.31263757, 0.31263757]))"}, "8": {"maxiter": 1000, "fatol": 1e-05, "xatol": 1e-05, "duration": 0.15350079536437988, "fun": "0.3126375720762279", "nit": "560", "nfev": "875", "status": "0", "success": "True", "message": "Optimization terminated successfully.", "x": "[6.11391323 1.61291822 3.80790136 3.70904234 5.50046196 0.35651317]", "final_simplex": "(array([[6.11391323, 1.61291822, 3.80790136, 3.70904234, 5.50046196,\n        0.35651317],\n       [6.11391248, 1.61291865, 3.80790201, 3.70904182, 5.50046177,\n        0.35651263],\n       [6.11391291, 1.61292485, 3.80789347, 3.7090431 , 5.50046386,\n        0.35651448],\n       [6.11391232, 1.61292311, 3.80789577, 3.70904328, 5.50046277,\n        0.35651452],\n       [6.11391292, 1.61292418, 3.80789523, 3.70904256, 5.50046327,\n        0.35651594],\n       [6.11391204, 1.6129232 , 3.80789479, 3.70904235, 5.50046319,\n        0.3565137 ],\n       [6.1139131 , 1.61292113, 3.80789929, 3.70904221, 5.50046072,\n        0.35651186]]), array([0.31263757, 0.31263757, 0.31263757, 0.31263757, 0.31263757,\n       0.31263757, 0.31263757]))"}, "9": {"maxiter": 1000, "fatol": 1e-05, "xatol": 1e-10, "duration": 0.1860060691833496, "fun": "0.3126375720761355", "nit": "659", "nfev": "1098", "status": "0", "success": "True", "message": "Optimization terminated successfully.", "x": "[6.11391288 1.61291776 3.80790165 3.70904247 5.50046343 0.35651406]", "final_simplex": "(array([[6.11391288, 1.61291776, 3.80790165, 3.70904247, 5.50046343,\n        0.35651406],\n       [6.11391288, 1.61291776, 3.80790165, 3.70904247, 5.50046343,\n        0.35651406],\n       [6.11391288, 1.61291776, 3.80790165, 3.70904247, 5.50046343,\n        0.35651406],\n       [6.11391288, 1.61291776, 3.80790165, 3.70904247, 5.50046343,\n        0.35651406],\n       [6.11391288, 1.61291776, 3.80790165, 3.70904247, 5.50046343,\n        0.35651406],\n       [6.11391288, 1.61291776, 3.80790165, 3.70904247, 5.50046343,\n        0.35651406],\n       [6.11391288, 1.61291776, 3.80790165, 3.70904247, 5.50046343,\n        0.35651406]]), array([0.31263757, 0.31263757, 0.31263757, 0.31263757, 0.31263757,\n       0.31263757, 0.31263757]))"}, "10": {"maxiter": 1000, "fatol": 1e-10, "xatol": 1e-05, "duration": 0.151824951171875, "fun": "0.3126375720762279", "nit": "560", "nfev": "875", "status": "0", "success": "True", "message": "Optimization terminated successfully.", "x": "[6.11391323 1.61291822 3.80790136 3.70904234 5.50046196 0.35651317]", "final_simplex": "(array([[6.11391323, 1.61291822, 3.80790136, 3.70904234, 5.50046196,\n        0.35651317],\n       [6.11391248, 1.61291865, 3.80790201, 3.70904182, 5.50046177,\n        0.35651263],\n       [6.11391291, 1.61292485, 3.80789347, 3.7090431 , 5.50046386,\n        0.35651448],\n       [6.11391232, 1.61292311, 3.80789577, 3.70904328, 5.50046277,\n        0.35651452],\n       [6.11391292, 1.61292418, 3.80789523, 3.70904256, 5.50046327,\n        0.35651594],\n       [6.11391204, 1.6129232 , 3.80789479, 3.70904235, 5.50046319,\n        0.3565137 ],\n       [6.1139131 , 1.61292113, 3.80789929, 3.70904221, 5.50046072,\n        0.35651186]]), array([0.31263757, 0.31263757, 0.31263757, 0.31263757, 0.31263757,\n       0.31263757, 0.31263757]))"}, "11": {"maxiter": 1000, "fatol": 1e-10, "xatol": 1e-10, "duration": 0.18950700759887695, "fun": "0.3126375720761355", "nit": "659", "nfev": "1098", "status": "0", "success": "True", "message": "Optimization terminated successfully.", "x": "[6.11391288 1.61291776 3.80790165 3.70904247 5.50046343 0.35651406]", "final_simplex": "(array([[6.11391288, 1.61291776, 3.80790165, 3.70904247, 5.50046343,\n        0.35651406],\n       [6.11391288, 1.61291776, 3.80790165, 3.70904247, 5.50046343,\n        0.35651406],\n       [6.11391288, 1.61291776, 3.80790165, 3.70904247, 5.50046343,\n        0.35651406],\n       [6.11391288, 1.61291776, 3.80790165, 3.70904247, 5.50046343,\n        0.35651406],\n       [6.11391288, 1.61291776, 3.80790165, 3.70904247, 5.50046343,\n        0.35651406],\n       [6.11391288, 1.61291776, 3.80790165, 3.70904247, 5.50046343,\n        0.35651406],\n       [6.11391288, 1.61291776, 3.80790165, 3.70904247, 5.50046343,\n        0.35651406]]), array([0.31263757, 0.31263757, 0.31263757, 0.31263757, 0.31263757,\n       0.31263757, 0.31263757]))"}}, "bfgs": {"type": "gradient", "0": {"maxiter": 100, "gtol": 1e-05, "xrtol": 1e-05, "eps": 1e-05, "duration": 0.04088020324707031, "fun": "0.3126375723553835", "jac": "[ 7.29130090e-06  6.37506714e-06  5.69443381e-06 -1.56215041e-06\n  5.82339732e-06 -6.17018658e-06]", "hess_inv": "[[   4.8376762     5.22379387   -5.30676689    1.34998405    2.50836934\n     5.73751101]\n [   5.22379387  175.0865548  -182.31921897    6.90674834    2.96814344\n    22.02559442]\n [  -5.30676689 -182.31921897  197.41751459   -8.33227896  -10.12281124\n   -25.94423307]\n [   1.34998405    6.90674834   -8.33227896    3.82442605    1.47232359\n     2.25281562]\n [   2.50836934    2.96814344  -10.12281124    1.47232359   23.26453202\n    16.42500227]\n [   5.73751101   22.02559442  -25.94423307    2.25281562   16.42500227\n    21.77939148]]", "nfev": "231", "njev": "33", "status": "0", "success": "True", "message": "Optimization terminated successfully.", "x": "[6.11392107 1.61284805 3.80801211 3.70902457 5.50045289 0.35646324]", "nit": "30"}, "1": {"maxiter": 100, "gtol": 1e-05, "xrtol": 1e-05, "eps": 1e-10, "duration": 0.04073500633239746, "fun": "0.31263757258721214", "jac": "[ 7.77156053e-06  5.55111466e-06  6.66133760e-06  2.22044587e-06\n  6.66133760e-06 -8.88178346e-06]", "hess_inv": "[[   4.71226678    4.97271558   -5.0914004     1.29202889    2.50004733\n     5.61011339]\n [   4.97271558  161.83942078 -168.7816065     6.48042029    3.1524392\n    21.04464887]\n [  -5.0914004  -168.7816065   183.56346599   -7.90387011  -10.3133528\n   -24.93721117]\n [   1.29202889    6.48042029   -7.90387011    3.78399745    1.45754356\n     2.12745701]\n [   2.50004733    3.1524392   -10.3133528     1.45754356   23.22842447\n    16.44956744]\n [   5.61011339   21.04464887  -24.93721117    2.12745701   16.44956744\n    21.76849373]]", "nfev": "231", "njev": "33", "status": "0", "success": "True", "message": "Optimization terminated successfully.", "x": "[6.11393474 1.61274181 3.80812927 3.70903028 5.50046961 0.35646159]", "nit": "30"}, "2": {"maxiter": 100, "gtol": 1e-05, "xrtol": 1e-10, "eps": 1e-05, "duration": 0.04067373275756836, "fun": "0.3126375723553835", "jac": "[ 7.29130090e-06  6.37506714e-06  5.69443381e-06 -1.56215041e-06\n  5.82339732e-06 -6.17018658e-06]", "hess_inv": "[[   4.8376762     5.22379387   -5.30676689    1.34998405    2.50836934\n     5.73751101]\n [   5.22379387  175.0865548  -182.31921897    6.90674834    2.96814344\n    22.02559442]\n [  -5.30676689 -182.31921897  197.41751459   -8.33227896  -10.12281124\n   -25.94423307]\n [   1.34998405    6.90674834   -8.33227896    3.82442605    1.47232359\n     2.25281562]\n [   2.50836934    2.96814344  -10.12281124    1.47232359   23.26453202\n    16.42500227]\n [   5.73751101   22.02559442  -25.94423307    2.25281562   16.42500227\n    21.77939148]]", "nfev": "231", "njev": "33", "status": "0", "success": "True", "message": "Optimization terminated successfully.", "x": "[6.11392107 1.61284805 3.80801211 3.70902457 5.50045289 0.35646324]", "nit": "30"}, "3": {"maxiter": 100, "gtol": 1e-05, "xrtol": 1e-10, "eps": 1e-10, "duration": 0.040676116943359375, "fun": "0.31263757258721214", "jac": "[ 7.77156053e-06  5.55111466e-06  6.66133760e-06  2.22044587e-06\n  6.66133760e-06 -8.88178346e-06]", "hess_inv": "[[   4.71226678    4.97271558   -5.0914004     1.29202889    2.50004733\n     5.61011339]\n [   4.97271558  161.83942078 -168.7816065     6.48042029    3.1524392\n    21.04464887]\n [  -5.0914004  -168.7816065   183.56346599   -7.90387011  -10.3133528\n   -24.93721117]\n [   1.29202889    6.48042029   -7.90387011    3.78399745    1.45754356\n     2.12745701]\n [   2.50004733    3.1524392   -10.3133528     1.45754356   23.22842447\n    16.44956744]\n [   5.61011339   21.04464887  -24.93721117    2.12745701   16.44956744\n    21.76849373]]", "nfev": "231", "njev": "33", "status": "0", "success": "True", "message": "Optimization terminated successfully.", "x": "[6.11393474 1.61274181 3.80812927 3.70903028 5.50046961 0.35646159]", "nit": "30"}, "4": {"maxiter": 100, "gtol": 1e-10, "xrtol": 1e-05, "eps": 1e-05, "duration": 0.04192519187927246, "fun": "0.3126375721324295", "jac": "[ 1.10258469e-06  3.52207152e-07  4.61308769e-07  3.48832074e-08\n  7.42583772e-07 -9.07496300e-07]", "hess_inv": "[[   5.19038331    5.85704358   -5.43236194    1.25627925    2.75020811\n     5.72008328]\n [   5.85704358  158.23427601 -163.78372997    6.40184064    3.75511691\n    18.93829053]\n [  -5.43236194 -163.78372997  177.89637733   -7.94779772  -10.57683861\n   -22.75090487]\n [   1.25627925    6.40184064   -7.94779772    3.84302007    1.41467579\n     2.20025203]\n [   2.75020811    3.75511691  -10.57683861    1.41467579   23.4234342\n    16.4729825 ]\n [   5.72008328   18.93829053  -22.75090487    2.20025203   16.4729825\n    21.26109583]]", "nfev": "238", "njev": "34", "status": "0", "success": "True", "message": "Optimization terminated successfully.", "x": "[6.11389806 1.61283424 3.80799164 3.7090312  5.50043657 0.35646905]", "nit": "31"}, "5": {"maxiter": 100, "gtol": 1e-10, "xrtol": 1e-05, "eps": 1e-10, "duration": 0.05627703666687012, "fun": "0.3126375721272727", "jac": "[ 1.11022293e-06 -2.22044587e-06  0.00000000e+00 -2.22044587e-06\n -2.22044587e-06  2.22044587e-06]", "hess_inv": "[[ 4.46022296e+00  5.67797143e-01 -3.26630630e-02  6.97512701e-01\n   1.23071817e+00  4.08923515e+00]\n [ 5.67797143e-01  9.12575271e+01 -9.11149282e+01  1.64176658e+00\n  -1.95713888e+01 -1.35504458e+01]\n [-3.26630630e-02 -9.11149282e+01  9.82716477e+01 -1.97609059e+00\n   1.49491282e+01  1.14051242e+01]\n [ 6.97512701e-01  1.64176658e+00 -1.97609059e+00  2.29727569e+00\n  -1.34285357e+00 -2.29132526e-01]\n [ 1.23071817e+00 -1.95713888e+01  1.49491282e+01 -1.34285357e+00\n   1.77969449e+01  1.15011848e+01]\n [ 4.08923515e+00 -1.35504458e+01  1.14051242e+01 -2.29132526e-01\n   1.15011848e+01  1.87759890e+01]]", "nfev": "322", "njev": "46", "status": "0", "success": "True", "message": "Optimization terminated successfully.", "x": "[6.11392463 1.61285562 3.8079741  3.70903273 5.50045922 0.35652162]", "nit": "33"}, "6": {"maxiter": 100, "gtol": 1e-10, "xrtol": 1e-10, "eps": 1e-05, "duration": 0.04685711860656738, "fun": "0.312637572124149", "jac": "[ 3.33066907e-11  4.44089210e-11  4.44089210e-11  2.22044605e-11\n -1.11022302e-11  2.22044605e-11]", "hess_inv": "[[   5.31296033    4.57276179   -3.95881897    1.20822153    2.88958428\n     5.54752034]\n [   4.57276179  170.02198755 -177.6215656     6.76385751    3.17810175\n    21.61947124]\n [  -3.95881897 -177.6215656   194.0705595    -8.38317014   -9.78282274\n   -25.69574825]\n [   1.20822153    6.76385751   -8.38317014    3.86075879    1.36259075\n     2.24883615]\n [   2.88958428    3.17810175   -9.78282274    1.36259075   23.57600092\n    16.39173702]\n [   5.54752034   21.61947124  -25.69574825    2.24883615   16.39173702\n    21.75026651]]", "nfev": "266", "njev": "38", "status": "0", "success": "True", "message": "Optimization terminated successfully.", "x": "[6.11389526 1.6128695  3.80795203 3.70903225 5.50043408 0.3564748 ]", "nit": "35"}, "7": {"maxiter": 100, "gtol": 1e-10, "xrtol": 1e-10, "eps": 1e-10, "duration": 0.05635499954223633, "fun": "0.3126375721272727", "jac": "[ 1.11022293e-06 -2.22044587e-06  0.00000000e+00 -2.22044587e-06\n -2.22044587e-06  2.22044587e-06]", "hess_inv": "[[ 4.46022296e+00  5.67797143e-01 -3.26630630e-02  6.97512701e-01\n   1.23071817e+00  4.08923515e+00]\n [ 5.67797143e-01  9.12575271e+01 -9.11149282e+01  1.64176658e+00\n  -1.95713888e+01 -1.35504458e+01]\n [-3.26630630e-02 -9.11149282e+01  9.82716477e+01 -1.97609059e+00\n   1.49491282e+01  1.14051242e+01]\n [ 6.97512701e-01  1.64176658e+00 -1.97609059e+00  2.29727569e+00\n  -1.34285357e+00 -2.29132526e-01]\n [ 1.23071817e+00 -1.95713888e+01  1.49491282e+01 -1.34285357e+00\n   1.77969449e+01  1.15011848e+01]\n [ 4.08923515e+00 -1.35504458e+01  1.14051242e+01 -2.29132526e-01\n   1.15011848e+01  1.87759890e+01]]", "nfev": "322", "njev": "46", "status": "0", "success": "True", "message": "Optimization terminated successfully.", "x": "[6.11392463 1.61285562 3.8079741  3.70903273 5.50045922 0.35652162]", "nit": "33"}, "8": {"maxiter": 500, "gtol": 1e-05, "xrtol": 1e-05, "eps": 1e-05, "duration": 0.040841102600097656, "fun": "0.3126375723553835", "jac": "[ 7.29130090e-06  6.37506714e-06  5.69443381e-06 -1.56215041e-06\n  5.82339732e-06 -6.17018658e-06]", "hess_inv": "[[   4.8376762     5.22379387   -5.30676689    1.34998405    2.50836934\n     5.73751101]\n [   5.22379387  175.0865548  -182.31921897    6.90674834    2.96814344\n    22.02559442]\n [  -5.30676689 -182.31921897  197.41751459   -8.33227896  -10.12281124\n   -25.94423307]\n [   1.34998405    6.90674834   -8.33227896    3.82442605    1.47232359\n     2.25281562]\n [   2.50836934    2.96814344  -10.12281124    1.47232359   23.26453202\n    16.42500227]\n [   5.73751101   22.02559442  -25.94423307    2.25281562   16.42500227\n    21.77939148]]", "nfev": "231", "njev": "33", "status": "0", "success": "True", "message": "Optimization terminated successfully.", "x": "[6.11392107 1.61284805 3.80801211 3.70902457 5.50045289 0.35646324]", "nit": "30"}, "9": {"maxiter": 500, "gtol": 1e-05, "xrtol": 1e-05, "eps": 1e-10, "duration": 0.04053211212158203, "fun": "0.31263757258721214", "jac": "[ 7.77156053e-06  5.55111466e-06  6.66133760e-06  2.22044587e-06\n  6.66133760e-06 -8.88178346e-06]", "hess_inv": "[[   4.71226678    4.97271558   -5.0914004     1.29202889    2.50004733\n     5.61011339]\n [   4.97271558  161.83942078 -168.7816065     6.48042029    3.1524392\n    21.04464887]\n [  -5.0914004  -168.7816065   183.56346599   -7.90387011  -10.3133528\n   -24.93721117]\n [   1.29202889    6.48042029   -7.90387011    3.78399745    1.45754356\n     2.12745701]\n [   2.50004733    3.1524392   -10.3133528     1.45754356   23.22842447\n    16.44956744]\n [   5.61011339   21.04464887  -24.93721117    2.12745701   16.44956744\n    21.76849373]]", "nfev": "231", "njev": "33", "status": "0", "success": "True", "message": "Optimization terminated successfully.", "x": "[6.11393474 1.61274181 3.80812927 3.70903028 5.50046961 0.35646159]", "nit": "30"}, "10": {"maxiter": 500, "gtol": 1e-05, "xrtol": 1e-10, "eps": 1e-05, "duration": 0.04048013687133789, "fun": "0.3126375723553835", "jac": "[ 7.29130090e-06  6.37506714e-06  5.69443381e-06 -1.56215041e-06\n  5.82339732e-06 -6.17018658e-06]", "hess_inv": "[[   4.8376762     5.22379387   -5.30676689    1.34998405    2.50836934\n     5.73751101]\n [   5.22379387  175.0865548  -182.31921897    6.90674834    2.96814344\n    22.02559442]\n [  -5.30676689 -182.31921897  197.41751459   -8.33227896  -10.12281124\n   -25.94423307]\n [   1.34998405    6.90674834   -8.33227896    3.82442605    1.47232359\n     2.25281562]\n [   2.50836934    2.96814344  -10.12281124    1.47232359   23.26453202\n    16.42500227]\n [   5.73751101   22.02559442  -25.94423307    2.25281562   16.42500227\n    21.77939148]]", "nfev": "231", "njev": "33", "status": "0", "success": "True", "message": "Optimization terminated successfully.", "x": "[6.11392107 1.61284805 3.80801211 3.70902457 5.50045289 0.35646324]", "nit": "30"}, "11": {"maxiter": 500, "gtol": 1e-05, "xrtol": 1e-10, "eps": 1e-10, "duration": 0.040535926818847656, "fun": "0.31263757258721214", "jac": "[ 7.77156053e-06  5.55111466e-06  6.66133760e-06  2.22044587e-06\n  6.66133760e-06 -8.88178346e-06]", "hess_inv": "[[   4.71226678    4.97271558   -5.0914004     1.29202889    2.50004733\n     5.61011339]\n [   4.97271558  161.83942078 -168.7816065     6.48042029    3.1524392\n    21.04464887]\n [  -5.0914004  -168.7816065   183.56346599   -7.90387011  -10.3133528\n   -24.93721117]\n [   1.29202889    6.48042029   -7.90387011    3.78399745    1.45754356\n     2.12745701]\n [   2.50004733    3.1524392   -10.3133528     1.45754356   23.22842447\n    16.44956744]\n [   5.61011339   21.04464887  -24.93721117    2.12745701   16.44956744\n    21.76849373]]", "nfev": "231", "njev": "33", "status": "0", "success": "True", "message": "Optimization terminated successfully.", "x": "[6.11393474 1.61274181 3.80812927 3.70903028 5.50046961 0.35646159]", "nit": "30"}, "12": {"maxiter": 500, "gtol": 1e-10, "xrtol": 1e-05, "eps": 1e-05, "duration": 0.04172992706298828, "fun": "0.3126375721324295", "jac": "[ 1.10258469e-06  3.52207152e-07  4.61308769e-07  3.48832074e-08\n  7.42583772e-07 -9.07496300e-07]", "hess_inv": "[[   5.19038331    5.85704358   -5.43236194    1.25627925    2.75020811\n     5.72008328]\n [   5.85704358  158.23427601 -163.78372997    6.40184064    3.75511691\n    18.93829053]\n [  -5.43236194 -163.78372997  177.89637733   -7.94779772  -10.57683861\n   -22.75090487]\n [   1.25627925    6.40184064   -7.94779772    3.84302007    1.41467579\n     2.20025203]\n [   2.75020811    3.75511691  -10.57683861    1.41467579   23.4234342\n    16.4729825 ]\n [   5.72008328   18.93829053  -22.75090487    2.20025203   16.4729825\n    21.26109583]]", "nfev": "238", "njev": "34", "status": "0", "success": "True", "message": "Optimization terminated successfully.", "x": "[6.11389806 1.61283424 3.80799164 3.7090312  5.50043657 0.35646905]", "nit": "31"}, "13": {"maxiter": 500, "gtol": 1e-10, "xrtol": 1e-05, "eps": 1e-10, "duration": 0.05610990524291992, "fun": "0.3126375721272727", "jac": "[ 1.11022293e-06 -2.22044587e-06  0.00000000e+00 -2.22044587e-06\n -2.22044587e-06  2.22044587e-06]", "hess_inv": "[[ 4.46022296e+00  5.67797143e-01 -3.26630630e-02  6.97512701e-01\n   1.23071817e+00  4.08923515e+00]\n [ 5.67797143e-01  9.12575271e+01 -9.11149282e+01  1.64176658e+00\n  -1.95713888e+01 -1.35504458e+01]\n [-3.26630630e-02 -9.11149282e+01  9.82716477e+01 -1.97609059e+00\n   1.49491282e+01  1.14051242e+01]\n [ 6.97512701e-01  1.64176658e+00 -1.97609059e+00  2.29727569e+00\n  -1.34285357e+00 -2.29132526e-01]\n [ 1.23071817e+00 -1.95713888e+01  1.49491282e+01 -1.34285357e+00\n   1.77969449e+01  1.15011848e+01]\n [ 4.08923515e+00 -1.35504458e+01  1.14051242e+01 -2.29132526e-01\n   1.15011848e+01  1.87759890e+01]]", "nfev": "322", "njev": "46", "status": "0", "success": "True", "message": "Optimization terminated successfully.", "x": "[6.11392463 1.61285562 3.8079741  3.70903273 5.50045922 0.35652162]", "nit": "33"}, "14": {"maxiter": 500, "gtol": 1e-10, "xrtol": 1e-10, "eps": 1e-05, "duration": 0.04659104347229004, "fun": "0.312637572124149", "jac": "[ 3.33066907e-11  4.44089210e-11  4.44089210e-11  2.22044605e-11\n -1.11022302e-11  2.22044605e-11]", "hess_inv": "[[   5.31296033    4.57276179   -3.95881897    1.20822153    2.88958428\n     5.54752034]\n [   4.57276179  170.02198755 -177.6215656     6.76385751    3.17810175\n    21.61947124]\n [  -3.95881897 -177.6215656   194.0705595    -8.38317014   -9.78282274\n   -25.69574825]\n [   1.20822153    6.76385751   -8.38317014    3.86075879    1.36259075\n     2.24883615]\n [   2.88958428    3.17810175   -9.78282274    1.36259075   23.57600092\n    16.39173702]\n [   5.54752034   21.61947124  -25.69574825    2.24883615   16.39173702\n    21.75026651]]", "nfev": "266", "njev": "38", "status": "0", "success": "True", "message": "Optimization terminated successfully.", "x": "[6.11389526 1.6128695  3.80795203 3.70903225 5.50043408 0.3564748 ]", "nit": "35"}, "15": {"maxiter": 500, "gtol": 1e-10, "xrtol": 1e-10, "eps": 1e-10, "duration": 0.0562288761138916, "fun": "0.3126375721272727", "jac": "[ 1.11022293e-06 -2.22044587e-06  0.00000000e+00 -2.22044587e-06\n -2.22044587e-06  2.22044587e-06]", "hess_inv": "[[ 4.46022296e+00  5.67797143e-01 -3.26630630e-02  6.97512701e-01\n   1.23071817e+00  4.08923515e+00]\n [ 5.67797143e-01  9.12575271e+01 -9.11149282e+01  1.64176658e+00\n  -1.95713888e+01 -1.35504458e+01]\n [-3.26630630e-02 -9.11149282e+01  9.82716477e+01 -1.97609059e+00\n   1.49491282e+01  1.14051242e+01]\n [ 6.97512701e-01  1.64176658e+00 -1.97609059e+00  2.29727569e+00\n  -1.34285357e+00 -2.29132526e-01]\n [ 1.23071817e+00 -1.95713888e+01  1.49491282e+01 -1.34285357e+00\n   1.77969449e+01  1.15011848e+01]\n [ 4.08923515e+00 -1.35504458e+01  1.14051242e+01 -2.29132526e-01\n   1.15011848e+01  1.87759890e+01]]", "nfev": "322", "njev": "46", "status": "0", "success": "True", "message": "Optimization terminated successfully.", "x": "[6.11392463 1.61285562 3.8079741  3.70903273 5.50045922 0.35652162]", "nit": "33"}, "16": {"maxiter": 1000, "gtol": 1e-05, "xrtol": 1e-05, "eps": 1e-05, "duration": 0.04066205024719238, "fun": "0.3126375723553835", "jac": "[ 7.29130090e-06  6.37506714e-06  5.69443381e-06 -1.56215041e-06\n  5.82339732e-06 -6.17018658e-06]", "hess_inv": "[[   4.8376762     5.22379387   -5.30676689    1.34998405    2.50836934\n     5.73751101]\n [   5.22379387  175.0865548  -182.31921897    6.90674834    2.96814344\n    22.02559442]\n [  -5.30676689 -182.31921897  197.41751459   -8.33227896  -10.12281124\n   -25.94423307]\n [   1.34998405    6.90674834   -8.33227896    3.82442605    1.47232359\n     2.25281562]\n [   2.50836934    2.96814344  -10.12281124    1.47232359   23.26453202\n    16.42500227]\n [   5.73751101   22.02559442  -25.94423307    2.25281562   16.42500227\n    21.77939148]]", "nfev": "231", "njev": "33", "status": "0", "success": "True", "message": "Optimization terminated successfully.", "x": "[6.11392107 1.61284805 3.80801211 3.70902457 5.50045289 0.35646324]", "nit": "30"}, "17": {"maxiter": 1000, "gtol": 1e-05, "xrtol": 1e-05, "eps": 1e-10, "duration": 0.0406339168548584, "fun": "0.31263757258721214", "jac": "[ 7.77156053e-06  5.55111466e-06  6.66133760e-06  2.22044587e-06\n  6.66133760e-06 -8.88178346e-06]", "hess_inv": "[[   4.71226678    4.97271558   -5.0914004     1.29202889    2.50004733\n     5.61011339]\n [   4.97271558  161.83942078 -168.7816065     6.48042029    3.1524392\n    21.04464887]\n [  -5.0914004  -168.7816065   183.56346599   -7.90387011  -10.3133528\n   -24.93721117]\n [   1.29202889    6.48042029   -7.90387011    3.78399745    1.45754356\n     2.12745701]\n [   2.50004733    3.1524392   -10.3133528     1.45754356   23.22842447\n    16.44956744]\n [   5.61011339   21.04464887  -24.93721117    2.12745701   16.44956744\n    21.76849373]]", "nfev": "231", "njev": "33", "status": "0", "success": "True", "message": "Optimization terminated successfully.", "x": "[6.11393474 1.61274181 3.80812927 3.70903028 5.50046961 0.35646159]", "nit": "30"}, "18": {"maxiter": 1000, "gtol": 1e-05, "xrtol": 1e-10, "eps": 1e-05, "duration": 0.0407099723815918, "fun": "0.3126375723553835", "jac": "[ 7.29130090e-06  6.37506714e-06  5.69443381e-06 -1.56215041e-06\n  5.82339732e-06 -6.17018658e-06]", "hess_inv": "[[   4.8376762     5.22379387   -5.30676689    1.34998405    2.50836934\n     5.73751101]\n [   5.22379387  175.0865548  -182.31921897    6.90674834    2.96814344\n    22.02559442]\n [  -5.30676689 -182.31921897  197.41751459   -8.33227896  -10.12281124\n   -25.94423307]\n [   1.34998405    6.90674834   -8.33227896    3.82442605    1.47232359\n     2.25281562]\n [   2.50836934    2.96814344  -10.12281124    1.47232359   23.26453202\n    16.42500227]\n [   5.73751101   22.02559442  -25.94423307    2.25281562   16.42500227\n    21.77939148]]", "nfev": "231", "njev": "33", "status": "0", "success": "True", "message": "Optimization terminated successfully.", "x": "[6.11392107 1.61284805 3.80801211 3.70902457 5.50045289 0.35646324]", "nit": "30"}, "19": {"maxiter": 1000, "gtol": 1e-05, "xrtol": 1e-10, "eps": 1e-10, "duration": 0.040740013122558594, "fun": "0.31263757258721214", "jac": "[ 7.77156053e-06  5.55111466e-06  6.66133760e-06  2.22044587e-06\n  6.66133760e-06 -8.88178346e-06]", "hess_inv": "[[   4.71226678    4.97271558   -5.0914004     1.29202889    2.50004733\n     5.61011339]\n [   4.97271558  161.83942078 -168.7816065     6.48042029    3.1524392\n    21.04464887]\n [  -5.0914004  -168.7816065   183.56346599   -7.90387011  -10.3133528\n   -24.93721117]\n [   1.29202889    6.48042029   -7.90387011    3.78399745    1.45754356\n     2.12745701]\n [   2.50004733    3.1524392   -10.3133528     1.45754356   23.22842447\n    16.44956744]\n [   5.61011339   21.04464887  -24.93721117    2.12745701   16.44956744\n    21.76849373]]", "nfev": "231", "njev": "33", "status": "0", "success": "True", "message": "Optimization terminated successfully.", "x": "[6.11393474 1.61274181 3.80812927 3.70903028 5.50046961 0.35646159]", "nit": "30"}, "20": {"maxiter": 1000, "gtol": 1e-10, "xrtol": 1e-05, "eps": 1e-05, "duration": 0.04208493232727051, "fun": "0.3126375721324295", "jac": "[ 1.10258469e-06  3.52207152e-07  4.61308769e-07  3.48832074e-08\n  7.42583772e-07 -9.07496300e-07]", "hess_inv": "[[   5.19038331    5.85704358   -5.43236194    1.25627925    2.75020811\n     5.72008328]\n [   5.85704358  158.23427601 -163.78372997    6.40184064    3.75511691\n    18.93829053]\n [  -5.43236194 -163.78372997  177.89637733   -7.94779772  -10.57683861\n   -22.75090487]\n [   1.25627925    6.40184064   -7.94779772    3.84302007    1.41467579\n     2.20025203]\n [   2.75020811    3.75511691  -10.57683861    1.41467579   23.4234342\n    16.4729825 ]\n [   5.72008328   18.93829053  -22.75090487    2.20025203   16.4729825\n    21.26109583]]", "nfev": "238", "njev": "34", "status": "0", "success": "True", "message": "Optimization terminated successfully.", "x": "[6.11389806 1.61283424 3.80799164 3.7090312  5.50043657 0.35646905]", "nit": "31"}, "21": {"maxiter": 1000, "gtol": 1e-10, "xrtol": 1e-05, "eps": 1e-10, "duration": 0.05661797523498535, "fun": "0.3126375721272727", "jac": "[ 1.11022293e-06 -2.22044587e-06  0.00000000e+00 -2.22044587e-06\n -2.22044587e-06  2.22044587e-06]", "hess_inv": "[[ 4.46022296e+00  5.67797143e-01 -3.26630630e-02  6.97512701e-01\n   1.23071817e+00  4.08923515e+00]\n [ 5.67797143e-01  9.12575271e+01 -9.11149282e+01  1.64176658e+00\n  -1.95713888e+01 -1.35504458e+01]\n [-3.26630630e-02 -9.11149282e+01  9.82716477e+01 -1.97609059e+00\n   1.49491282e+01  1.14051242e+01]\n [ 6.97512701e-01  1.64176658e+00 -1.97609059e+00  2.29727569e+00\n  -1.34285357e+00 -2.29132526e-01]\n [ 1.23071817e+00 -1.95713888e+01  1.49491282e+01 -1.34285357e+00\n   1.77969449e+01  1.15011848e+01]\n [ 4.08923515e+00 -1.35504458e+01  1.14051242e+01 -2.29132526e-01\n   1.15011848e+01  1.87759890e+01]]", "nfev": "322", "njev": "46", "status": "0", "success": "True", "message": "Optimization terminated successfully.", "x": "[6.11392463 1.61285562 3.8079741  3.70903273 5.50045922 0.35652162]", "nit": "33"}, "22": {"maxiter": 1000, "gtol": 1e-10, "xrtol": 1e-10, "eps": 1e-05, "duration": 0.04704594612121582, "fun": "0.312637572124149", "jac": "[ 3.33066907e-11  4.44089210e-11  4.44089210e-11  2.22044605e-11\n -1.11022302e-11  2.22044605e-11]", "hess_inv": "[[   5.31296033    4.57276179   -3.95881897    1.20822153    2.88958428\n     5.54752034]\n [   4.57276179  170.02198755 -177.6215656     6.76385751    3.17810175\n    21.61947124]\n [  -3.95881897 -177.6215656   194.0705595    -8.38317014   -9.78282274\n   -25.69574825]\n [   1.20822153    6.76385751   -8.38317014    3.86075879    1.36259075\n     2.24883615]\n [   2.88958428    3.17810175   -9.78282274    1.36259075   23.57600092\n    16.39173702]\n [   5.54752034   21.61947124  -25.69574825    2.24883615   16.39173702\n    21.75026651]]", "nfev": "266", "njev": "38", "status": "0", "success": "True", "message": "Optimization terminated successfully.", "x": "[6.11389526 1.6128695  3.80795203 3.70903225 5.50043408 0.3564748 ]", "nit": "35"}, "23": {"maxiter": 1000, "gtol": 1e-10, "xrtol": 1e-10, "eps": 1e-10, "duration": 0.056591033935546875, "fun": "0.3126375721272727", "jac": "[ 1.11022293e-06 -2.22044587e-06  0.00000000e+00 -2.22044587e-06\n -2.22044587e-06  2.22044587e-06]", "hess_inv": "[[ 4.46022296e+00  5.67797143e-01 -3.26630630e-02  6.97512701e-01\n   1.23071817e+00  4.08923515e+00]\n [ 5.67797143e-01  9.12575271e+01 -9.11149282e+01  1.64176658e+00\n  -1.95713888e+01 -1.35504458e+01]\n [-3.26630630e-02 -9.11149282e+01  9.82716477e+01 -1.97609059e+00\n   1.49491282e+01  1.14051242e+01]\n [ 6.97512701e-01  1.64176658e+00 -1.97609059e+00  2.29727569e+00\n  -1.34285357e+00 -2.29132526e-01]\n [ 1.23071817e+00 -1.95713888e+01  1.49491282e+01 -1.34285357e+00\n   1.77969449e+01  1.15011848e+01]\n [ 4.08923515e+00 -1.35504458e+01  1.14051242e+01 -2.29132526e-01\n   1.15011848e+01  1.87759890e+01]]", "nfev": "322", "njev": "46", "status": "0", "success": "True", "message": "Optimization terminated successfully.", "x": "[6.11392463 1.61285562 3.8079741  3.70903273 5.50045922 0.35652162]", "nit": "33"}}, "cobyla": {"0": {"maxiter": 100, "tol": 1e-05, "catol": 1e-05, "duration": 0.016919851303100586, "x": "[6.10118792 1.55890751 3.88320476 3.70695696 5.43188598 0.29545787]", "status": "2", "success": "False", "message": "Maximum number of function evaluations has been exceeded.", "nfev": "100", "fun": "0.31274372669017936", "maxcv": "0.0"}, "1": {"maxiter": 100, "tol": 1e-05, "catol": 1e-10, "duration": 0.016854047775268555, "x": "[6.10118792 1.55890751 3.88320476 3.70695696 5.43188598 0.29545787]", "status": "2", "success": "False", "message": "Maximum number of function evaluations has been exceeded.", "nfev": "100", "fun": "0.31274372669017936", "maxcv": "0.0"}, "2": {"maxiter": 100, "tol": 1e-10, "catol": 1e-05, "duration": 0.016566991806030273, "x": "[6.10118792 1.55