{"date": "2024/07/19/, 19:30:30", "conf_id": 293, "data_type": "var_s_rank\n", "num_data_points": 3, "s_rank": 0, "unitary": "[[-0.53618537-0.34368723j,-0.12107031-0.46226139j,-0.07699282-0.46603512j,0.36022595-0.11472301j],[0.26026499-0.63450712j,-0.56616638+0.37832564j,-0.14988651+0.08458591j,0.10363514-0.16008501j],[-0.32580188-0.11070003j,-0.36476308-0.23593218j,0.02559343+0.41761608j,-0.25598305+0.6725303j],[0.07406738-0.0126433j,0.28513701+0.19483972j,-0.74939717-0.10299659j,0.29798249+0.46269921j]]", "databatch_0": {"databatch": "[[[0.4358695+0.10861354j,-0.03844016-0.1513335j,-0.00660407-0.04220701j,0.07758996+0.04843473j],[0.07377998-0.00626071j,-0.16025754-0.11141999j,0.10409238+0.08022575j,0.16804661+0.1839443j],[0.34550304+0.08388336j,-0.24446615-0.22543618j,0.15462052+0.07532855j,0.29616368+0.27453023j],[0.10361201-0.31845664j,0.04383627-0.12832826j,-0.16056905+0.09931898j,-0.20059226+0.06815207j]],[[0.13151218-0.1835377j,-0.00632969+0.08945445j,0.12291572+0.27524115j,0.20616749+0.01321897j],[0.30166512+0.08304701j,0.21100843-0.22810548j,-0.05462229+0.15328274j,0.14049615-0.05874552j],[-0.20262858-0.1300245j,-0.25555393-0.13507428j,-0.28212355-0.14654552j,0.09608963-0.20241969j],[0.44285217+0.14662968j,0.01319267+0.08828547j,-0.09641158-0.14719059j,0.01128572-0.11763379j]],[[0.54456177-0.01612012j,-0.07152957+0.11012025j,-0.04079381+0.29215695j,-0.12178524-0.01330006j],[0.06615064+0.01144644j,-0.10674291-0.01718559j,-0.22274545+0.13083448j,0.05603766-0.06276044j],[0.12084355+0.02147197j,-0.11474734-0.04276342j,-0.28434075+0.09568936j,0.07013781-0.04773855j],[-0.20928641+0.31899972j,-0.05623589+0.15896857j,0.18625812+0.3189268j,-0.11871051-0.20531624j]]]", "initial param values": "[1.99823715,4.55026003,0.48216775,1.83283492,2.35118555,1.49060073]", "nelder_mead": {"type": "gradient-free", "0": {"maxiter": 100, "fatol": 1e-05, "xatol": 1e-05, "duration": 0.02561783790588379, "fun": "0.5620181283489647", "nit": "100", "nfev": "151", "status": "2", "success": "False", "message": "Maximum number of iterations has been exceeded.", "x": "[-2.41042446  5.98985677  1.0130682  -0.32982966  1.04482043  2.56536419]", "final_simplex": "(array([[-2.41042446,  5.98985677,  1.0130682 , -0.32982966,  1.04482043,\n         2.56536419],\n       [-1.90291378,  5.69612348,  0.92655568, -0.23903645,  0.736552  ,\n         2.7848164 ],\n       [-1.86234223,  5.46864083,  0.82941798, -0.19507116,  1.00494922,\n         3.03881585],\n       [-1.80374678,  5.71182143,  0.80547114, -0.28033431,  1.03134407,\n         2.99007634],\n       [-1.81949727,  5.30120063,  0.77918358, -0.34335768,  1.07494153,\n         3.24781201],\n       [-1.35260434,  5.48246781,  0.70942635, -0.21527657,  1.20166686,\n         3.13746563],\n       [-1.68651978,  5.52532695,  0.7411385 , -0.43117783,  0.93291475,\n         3.36345898]]), array([0.56201813, 0.57558931, 0.57599989, 0.57734669, 0.58184656,\n       0.59274671, 0.59508911]))"}, "1": {"maxiter": 100, "fatol": 1e-05, "xatol": 1e-10, "duration": 0.025508642196655273, "fun": "0.5620181283489647", "nit": "100", "nfev": "151", "status": "2", "success": "False", "message": "Maximum number of iterations has been exceeded.", "x": "[-2.41042446  5.98985677  1.0130682  -0.32982966  1.04482043  2.56536419]", "final_simplex": "(array([[-2.41042446,  5.98985677,  1.0130682 , -0.32982966,  1.04482043,\n         2.56536419],\n       [-1.90291378,  5.69612348,  0.92655568, -0.23903645,  0.736552  ,\n         2.7848164 ],\n       [-1.86234223,  5.46864083,  0.82941798, -0.19507116,  1.00494922,\n         3.03881585],\n       [-1.80374678,  5.71182143,  0.80547114, -0.28033431,  1.03134407,\n         2.99007634],\n       [-1.81949727,  5.30120063,  0.77918358, -0.34335768,  1.07494153,\n         3.24781201],\n       [-1.35260434,  5.48246781,  0.70942635, -0.21527657,  1.20166686,\n         3.13746563],\n       [-1.68651978,  5.52532695,  0.7411385 , -0.43117783,  0.93291475,\n         3.36345898]]), array([0.56201813, 0.57558931, 0.57599989, 0.57734669, 0.58184656,\n       0.59274671, 0.59508911]))"}, "2": {"maxiter": 100, "fatol": 1e-10, "xatol": 1e-05, "duration": 0.025578022003173828, "fun": "0.5620181283489647", "nit": "100", "nfev": "151", "status": "2", "success": "False", "message": "Maximum number of iterations has been exceeded.", "x": "[-2.41042446  5.98985677  1.0130682  -0.32982966  1.04482043  2.56536419]", "final_simplex": "(array([[-2.41042446,  5.98985677,  1.0130682 , -0.32982966,  1.04482043,\n         2.56536419],\n       [-1.90291378,  5.69612348,  0.92655568, -0.23903645,  0.736552  ,\n         2.7848164 ],\n       [-1.86234223,  5.46864083,  0.82941798, -0.19507116,  1.00494922,\n         3.03881585],\n       [-1.80374678,  5.71182143,  0.80547114, -0.28033431,  1.03134407,\n         2.99007634],\n       [-1.81949727,  5.30120063,  0.77918358, -0.34335768,  1.07494153,\n         3.24781201],\n       [-1.35260434,  5.48246781,  0.70942635, -0.21527657,  1.20166686,\n         3.13746563],\n       [-1.68651978,  5.52532695,  0.7411385 , -0.43117783,  0.93291475,\n         3.36345898]]), array([0.56201813, 0.57558931, 0.57599989, 0.57734669, 0.58184656,\n       0.59274671, 0.59508911]))"}, "3": {"maxiter": 100, "fatol": 1e-10, "xatol": 1e-10, "duration": 0.025513887405395508, "fun": "0.5620181283489647", "nit": "100", "nfev": "151", "status": "2", "success": "False", "message": "Maximum number of iterations has been exceeded.", "x": "[-2.41042446  5.98985677  1.0130682  -0.32982966  1.04482043  2.56536419]", "final_simplex": "(array([[-2.41042446,  5.98985677,  1.0130682 , -0.32982966,  1.04482043,\n         2.56536419],\n       [-1.90291378,  5.69612348,  0.92655568, -0.23903645,  0.736552  ,\n         2.7848164 ],\n       [-1.86234223,  5.46864083,  0.82941798, -0.19507116,  1.00494922,\n         3.03881585],\n       [-1.80374678,  5.71182143,  0.80547114, -0.28033431,  1.03134407,\n         2.99007634],\n       [-1.81949727,  5.30120063,  0.77918358, -0.34335768,  1.07494153,\n         3.24781201],\n       [-1.35260434,  5.48246781,  0.70942635, -0.21527657,  1.20166686,\n         3.13746563],\n       [-1.68651978,  5.52532695,  0.7411385 , -0.43117783,  0.93291475,\n         3.36345898]]), array([0.56201813, 0.57558931, 0.57599989, 0.57734669, 0.58184656,\n       0.59274671, 0.59508911]))"}, "4": {"maxiter": 500, "fatol": 1e-05, "xatol": 1e-05, "duration": 0.10355305671691895, "fun": "0.43157099589034376", "nit": "394", "nfev": "616", "status": "0", "success": "True", "message": "Optimization terminated successfully.", "x": "[-2.13080335  5.453268    1.0964017  -1.11267437  1.76069427  1.9150608 ]", "final_simplex": "(array([[-2.13080335,  5.453268  ,  1.0964017 , -1.11267437,  1.76069427,\n         1.9150608 ],\n       [-2.13080671,  5.45326894,  1.0964043 , -1.11267649,  1.76068597,\n         1.91506083],\n       [-2.13080027,  5.45326968,  1.09640546, -1.11268104,  1.76068941,\n         1.91506021],\n       [-2.13079982,  5.45326941,  1.09639819, -1.11267327,  1.76068765,\n         1.9150581 ],\n       [-2.13079776,  5.45327107,  1.09640175, -1.1126755 ,  1.76068593,\n         1.91506729],\n       [-2.13079719,  5.45327513,  1.09640179, -1.11267882,  1.76069337,\n         1.91505706],\n       [-2.13080132,  5.45327181,  1.0963994 , -1.11268309,  1.76069435,\n         1.91505786]]), array([0.431571, 0.431571, 0.431571, 0.431571, 0.431571, 0.431571,\n       0.431571]))"}, "5": {"maxiter": 500, "fatol": 1e-05, "xatol": 1e-10, "duration": 0.1326000690460205, "fun": "0.4315709958883487", "nit": "500", "nfev": "781", "status": "2", "success": "False", "message": "Maximum number of iterations has been exceeded.", "x": "[-2.13080136  5.45326589  1.09640159 -1.11267611  1.76069352  1.91505966]", "final_simplex": "(array([[-2.13080136,  5.45326589,  1.09640159, -1.11267611,  1.76069352,\n         1.91505966],\n       [-2.13080137,  5.4532659 ,  1.09640153, -1.11267611,  1.7606935 ,\n         1.91505965],\n       [-2.13080135,  5.45326582,  1.09640152, -1.11267611,  1.76069352,\n         1.91505961],\n       [-2.13080132,  5.45326591,  1.0964016 , -1.11267612,  1.76069352,\n         1.91505963],\n       [-2.13080131,  5.45326586,  1.09640157, -1.11267606,  1.76069357,\n         1.91505964],\n       [-2.13080129,  5.45326585,  1.09640157, -1.11267613,  1.76069353,\n         1.91505964],\n       [-2.1308013 ,  5.45326589,  1.09640158, -1.11267608,  1.76069346,\n         1.91505964]]), array([0.431571, 0.431571, 0.431571, 0.431571, 0.431571, 0.431571,\n       0.431571]))"}, "6": {"maxiter": 500, "fatol": 1e-10, "xatol": 1e-05, "duration": 0.10535979270935059, "fun": "0.43157099589034376", "nit": "394", "nfev": "616", "status": "0", "success": "True", "message": "Optimization terminated successfully.", "x": "[-2.13080335  5.453268    1.0964017  -1.11267437  1.76069427  1.9150608 ]", "final_simplex": "(array([[-2.13080335,  5.453268  ,  1.0964017 , -1.11267437,  1.76069427,\n         1.9150608 ],\n       [-2.13080671,  5.45326894,  1.0964043 , -1.11267649,  1.76068597,\n         1.91506083],\n       [-2.13080027,  5.45326968,  1.09640546, -1.11268104,  1.76068941,\n         1.91506021],\n       [-2.13079982,  5.45326941,  1.09639819, -1.11267327,  1.76068765,\n         1.9150581 ],\n       [-2.13079776,  5.45327107,  1.09640175, -1.1126755 ,  1.76068593,\n         1.91506729],\n       [-2.13079719,  5.45327513,  1.09640179, -1.11267882,  1.76069337,\n         1.91505706],\n       [-2.13080132,  5.45327181,  1.0963994 , -1.11268309,  1.76069435,\n         1.91505786]]), array([0.431571, 0.431571, 0.431571, 0.431571, 0.431571, 0.431571,\n       0.431571]))"}, "7": {"maxiter": 500, "fatol": 1e-10, "xatol": 1e-10, "duration": 0.13311505317687988, "fun": "0.4315709958883487", "nit": "500", "nfev": "781", "status": "2", "success": "False", "message": "Maximum number of iterations has been exceeded.", "x": "[-2.13080136  5.45326589  1.09640159 -1.11267611  1.76069352  1.91505966]", "final_simplex": "(array([[-2.13080136,  5.45326589,  1.09640159, -1.11267611,  1.76069352,\n         1.91505966],\n       [-2.13080137,  5.4532659 ,  1.09640153, -1.11267611,  1.7606935 ,\n         1.91505965],\n       [-2.13080135,  5.45326582,  1.09640152, -1.11267611,  1.76069352,\n         1.91505961],\n       [-2.13080132,  5.45326591,  1.0964016 , -1.11267612,  1.76069352,\n         1.91505963],\n       [-2.13080131,  5.45326586,  1.09640157, -1.11267606,  1.76069357,\n         1.91505964],\n       [-2.13080129,  5.45326585,  1.09640157, -1.11267613,  1.76069353,\n         1.91505964],\n       [-2.1308013 ,  5.45326589,  1.09640158, -1.11267608,  1.76069346,\n         1.91505964]]), array([0.431571, 0.431571, 0.431571, 0.431571, 0.431571, 0.431571,\n       0.431571]))"}, "8": {"maxiter": 1000, "fatol": 1e-05, "xatol": 1e-05, "duration": 0.10536885261535645, "fun": "0.43157099589034376", "nit": "394", "nfev": "616", "status": "0", "success": "True", "message": "Optimization terminated successfully.", "x": "[-2.13080335  5.453268    1.0964017  -1.11267437  1.76069427  1.9150608 ]", "final_simplex": "(array([[-2.13080335,  5.453268  ,  1.0964017 , -1.11267437,  1.76069427,\n         1.9150608 ],\n       [-2.13080671,  5.45326894,  1.0964043 , -1.11267649,  1.76068597,\n         1.91506083],\n       [-2.13080027,  5.45326968,  1.09640546, -1.11268104,  1.76068941,\n         1.91506021],\n       [-2.13079982,  5.45326941,  1.09639819, -1.11267327,  1.76068765,\n         1.9150581 ],\n       [-2.13079776,  5.45327107,  1.09640175, -1.1126755 ,  1.76068593,\n         1.91506729],\n       [-2.13079719,  5.45327513,  1.09640179, -1.11267882,  1.76069337,\n         1.91505706],\n       [-2.13080132,  5.45327181,  1.0963994 , -1.11268309,  1.76069435,\n         1.91505786]]), array([0.431571, 0.431571, 0.431571, 0.431571, 0.431571, 0.431571,\n       0.431571]))"}, "9": {"maxiter": 1000, "fatol": 1e-05, "xatol": 1e-10, "duration": 0.15182900428771973, "fun": "0.43157099588834835", "nit": "533", "nfev": "890", "status": "0", "success": "True", "message": "Optimization terminated successfully.", "x": "[-2.13080137  5.45326588  1.09640156 -1.11267611  1.76069352  1.91505966]", "final_simplex": "(array([[-2.13080137,  5.45326588,  1.09640156, -1.11267611,  1.76069352,\n         1.91505966],\n       [-2.13080137,  5.45326588,  1.09640156, -1.11267611,  1.76069352,\n         1.91505966],\n       [-2.13080137,  5.45326588,  1.09640156, -1.11267611,  1.76069352,\n         1.91505966],\n       [-2.13080137,  5.45326588,  1.09640156, -1.11267611,  1.76069352,\n         1.91505966],\n       [-2.13080137,  5.45326588,  1.09640156, -1.11267611,  1.76069352,\n         1.91505966],\n       [-2.13080137,  5.45326588,  1.09640156, -1.11267611,  1.76069352,\n         1.91505966],\n       [-2.13080137,  5.45326588,  1.09640156, -1.11267611,  1.76069352,\n         1.91505966]]), array([0.431571, 0.431571, 0.431571, 0.431571, 0.431571, 0.431571,\n       0.431571]))"}, "10": {"maxiter": 1000, "fatol": 1e-10, "xatol": 1e-05, "duration": 0.10515975952148438, "fun": "0.43157099589034376", "nit": "394", "nfev": "616", "status": "0", "success": "True", "message": "Optimization terminated successfully.", "x": "[-2.13080335  5.453268    1.0964017  -1.11267437  1.76069427  1.9150608 ]", "final_simplex": "(array([[-2.13080335,  5.453268  ,  1.0964017 , -1.11267437,  1.76069427,\n         1.9150608 ],\n       [-2.13080671,  5.45326894,  1.0964043 , -1.11267649,  1.76068597,\n         1.91506083],\n       [-2.13080027,  5.45326968,  1.09640546, -1.11268104,  1.76068941,\n         1.91506021],\n       [-2.13079982,  5.45326941,  1.09639819, -1.11267327,  1.76068765,\n         1.9150581 ],\n       [-2.13079776,  5.45327107,  1.09640175, -1.1126755 ,  1.76068593,\n         1.91506729],\n       [-2.13079719,  5.45327513,  1.09640179, -1.11267882,  1.76069337,\n         1.91505706],\n       [-2.13080132,  5.45327181,  1.0963994 , -1.11268309,  1.76069435,\n         1.91505786]]), array([0.431571, 0.431571, 0.431571, 0.431571, 0.431571, 0.431571,\n       0.431571]))"}, "11": {"maxiter": 1000, "fatol": 1e-10, "xatol": 1e-10, "duration": 0.15152382850646973, "fun": "0.43157099588834835", "nit": "533", "nfev": "890", "status": "0", "success": "True", "message": "Optimization terminated successfully.", "x": "[-2.13080137  5.45326588  1.09640156 -1.11267611  1.76069352  1.91505966]", "final_simplex": "(array([[-2.13080137,  5.45326588,  1.09640156, -1.11267611,  1.76069352,\n         1.91505966],\n       [-2.13080137,  5.45326588,  1.09640156, -1.11267611,  1.76069352,\n         1.91505966],\n       [-2.13080137,  5.45326588,  1.09640156, -1.11267611,  1.76069352,\n         1.91505966],\n       [-2.13080137,  5.45326588,  1.09640156, -1.11267611,  1.76069352,\n         1.91505966],\n       [-2.13080137,  5.45326588,  1.09640156, -1.11267611,  1.76069352,\n         1.91505966],\n       [-2.13080137,  5.45326588,  1.09640156, -1.11267611,  1.76069352,\n         1.91505966],\n       [-2.13080137,  5.45326588,  1.09640156, -1.11267611,  1.76069352,\n         1.91505966]]), array([0.431571, 0.431571, 0.431571, 0.431571, 0.431571, 0.431571,\n       0.431571]))"}}, "bfgs": {"type": "gradient", "0": {"maxiter": 100, "gtol": 1e-05, "xrtol": 1e-05, "eps": 1e-05, "duration": 0.03936195373535156, "fun": "0.4315709960527053", "jac": "[ 2.53478349e-06 -6.06104056e-07 -3.69229092e-06  5.69950753e-06\n  5.82489612e-07  1.08236753e-06]", "hess_inv": "[[ 5.75123979 -0.02347325 -1.04534107 -0.89989199  2.51509225 -0.05079173]\n [-0.02347325  5.37441878  2.4420536   0.18465671 -1.46440985  0.8387733 ]\n [-1.04534107  2.4420536   5.28228538  0.40142623 -1.37695676  0.16342992]\n [-0.89989199  0.18465671  0.40142623  3.19035463 -0.53731894 -0.12120388]\n [ 2.51509225 -1.46440985 -1.37695676 -0.53731894  6.7755829  -2.35148693]\n [-0.05079173  0.8387733   0.16342992 -0.12120388 -2.35148693  5.11592669]]", "nfev": "224", "njev": "32", "status": "0", "success": "True", "message": "Optimization terminated successfully.", "x": "[ 4.15239899  5.45324017  1.09636197 -1.11265917  1.7607057   1.91505848]", "nit": "27"}, "1": {"maxiter": 100, "gtol": 1e-05, "xrtol": 1e-05, "eps": 1e-10, "duration": 0.039292097091674805, "fun": "0.4315709962123154", "jac": "[ 2.22044587e-06 -2.22044587e-06 -6.66133760e-06  3.33066880e-06\n  0.00000000e+00  0.00000000e+00]", "hess_inv": "[[ 5.39586117  0.21358167 -0.75607813 -0.95682765  2.28159029  0.0917561 ]\n [ 0.21358167  5.10428846  2.04679162  0.19820224 -1.30499395  0.71634473]\n [-0.75607813  2.04679162  4.72788923  0.39272084 -1.17939264 -0.01377986]\n [-0.95682765  0.19820224  0.39272084  3.20027718 -0.57260474 -0.0795108 ]\n [ 2.28159029 -1.30499395 -1.17939264 -0.57260474  6.62715457 -2.24468357]\n [ 0.0917561   0.71634473 -0.01377986 -0.0795108  -2.24468357  5.00413105]]", "nfev": "224", "njev": "32", "status": "0", "success": "True", "message": "Optimization terminated successfully.", "x": "[ 4.15241203  5.4532296   1.09634456 -1.11265684  1.76071525  1.91505919]", "nit": "27"}, "2": {"maxiter": 100, "gtol": 1e-05, "xrtol": 1e-10, "eps": 1e-05, "duration": 0.03931617736816406, "fun": "0.4315709960527053", "jac": "[ 2.53478349e-06 -6.06104056e-07 -3.69229092e-06  5.69950753e-06\n  5.82489612e-07  1.08236753e-06]", "hess_inv": "[[ 5.75123979 -0.02347325 -1.04534107 -0.89989199  2.51509225 -0.05079173]\n [-0.02347325  5.37441878  2.4420536   0.18465671 -1.46440985  0.8387733 ]\n [-1.04534107  2.4420536   5.28228538  0.40142623 -1.37695676  0.16342992]\n [-0.89989199  0.18465671  0.40142623  3.19035463 -0.53731894 -0.12120388]\n [ 2.51509225 -1.46440985 -1.37695676 -0.53731894  6.7755829  -2.35148693]\n [-0.05079173  0.8387733   0.16342992 -0.12120388 -2.35148693  5.11592669]]", "nfev": "224", "njev": "32", "status": "0", "success": "True", "message": "Optimization terminated successfully.", "x": "[ 4.15239899  5.45324017  1.09636197 -1.11265917  1.7607057   1.91505848]", "nit": "27"}, "3": {"maxiter": 100, "gtol": 1e-05, "xrtol": 1e-10, "eps": 1e-10, "duration": 0.03913283348083496, "fun": "0.4315709962123154", "jac": "[ 2.22044587e-06 -2.22044587e-06 -6.66133760e-06  3.33066880e-06\n  0.00000000e+00  0.00000000e+00]", "hess_inv": "[[ 5.39586117  0.21358167 -0.75607813 -0.95682765  2.28159029  0.0917561 ]\n [ 0.21358167  5.10428846  2.04679162  0.19820224 -1.30499395  0.71634473]\n [-0.75607813  2.04679162  4.72788923  0.39272084 -1.17939264 -0.01377986]\n [-0.95682765  0.19820224  0.39272084  3.20027718 -0.57260474 -0.0795108 ]\n [ 2.28159029 -1.30499395 -1.17939264 -0.57260474  6.62715457 -2.24468357]\n [ 0.0917561   0.71634473 -0.01377986 -0.0795108  -2.24468357  5.00413105]]", "nfev": "224", "njev": "32", "status": "0", "success": "True", "message": "Optimization terminated successfully.", "x": "[ 4.15241203  5.4532296   1.09634456 -1.11265684  1.76071525  1.91505919]", "nit": "27"}, "4": {"maxiter": 100, "gtol": 1e-10, "xrtol": 1e-05, "eps": 1e-05, "duration": 0.04062199592590332, "fun": "0.4315709959043167", "jac": "[ 8.07809375e-07  2.69462230e-07 -3.10906856e-07  1.47393209e-06\n  2.92288416e-07 -8.28337399e-08]", "hess_inv": "[[ 5.69281824 -0.35021958 -1.43704966 -0.91859471  2.4461934   0.11854277]\n [-0.35021958  5.66024357  2.97684006 -0.12641688 -1.69876685  0.77149151]\n [-1.43704966  2.97684006  6.17119896  0.00973448 -1.64418009 -0.00945131]\n [-0.91859471 -0.12641688  0.00973448  3.20453976 -0.57412752  0.03210961]\n [ 2.4461934  -1.69876685 -1.64418009 -0.57412752  6.70511539 -2.22425655]\n [ 0.11854277  0.77149151 -0.00945131  0.03210961 -2.22425655  5.11199025]]", "nfev": "231", "njev": "33", "status": "0", "success": "True", "message": "Optimization terminated successfully.", "x": "[ 4.15238273  5.45325636  1.09639111 -1.11267485  1.76069417  1.91505419]", "nit": "28"}, "5": {"maxiter": 100, "gtol": 1e-10, "xrtol": 1e-05, "eps": 1e-10, "duration": 0.04073500633239746, "fun": "0.4315709959244224", "jac": "[ 2.22044587e-06  0.00000000e+00 -2.22044587e-06  3.33066880e-06\n -1.11022293e-06 -2.22044587e-06]", "hess_inv": "[[ 5.36778152 -0.07638817 -1.08552402 -0.9320051   2.21771438  0.31164678]\n [-0.07638817  5.76213783  3.00487882  0.06426318 -1.59274559  0.66076866]\n [-1.08552402  3.00487882  6.06792262  0.21803482 -1.48486699 -0.21111412]\n [-0.9320051   0.06426318  0.21803482  3.22003767 -0.5558758  -0.0253103 ]\n [ 2.21771438 -1.59274559 -1.48486699 -0.5558758   6.51971327 -1.98133961]\n [ 0.31164678  0.66076866 -0.21111412 -0.0253103  -1.98133961  4.76392459]]", "nfev": "231", "njev": "33", "status": "0", "success": "True", "message": "Optimization terminated successfully.", "x": "[ 4.15239582  5.45326236  1.09639334 -1.1126639   1.76069875  1.91505864]", "nit": "28"}, "6": {"maxiter": 100, "gtol": 1e-10, "xrtol": 1e-10, "eps": 1e-05, "duration": 0.06649494171142578, "fun": "0.4315709959040285", "jac": "[ 6.46704912e-07  2.21445085e-07 -2.38165043e-07  1.17574839e-06\n  2.35322872e-07 -7.16093851e-08]", "hess_inv": "[[ 6.24851512 -0.42637688 -1.8177965  -0.42911615  2.87451531  0.03549745]\n [-0.42637688  5.50815918  2.81943304 -0.17776343 -1.76922016  0.86111379]\n [-1.8177965   2.81943304  6.16179112 -0.30534889 -1.95280948  0.14834846]\n [-0.42911615 -0.17776343 -0.30534889  3.63416719 -0.19570769 -0.04861526]\n [ 2.87451531 -1.76922016 -1.95280948 -0.19570769  7.03440891 -2.2826086 ]\n [ 0.03549745  0.86111379  0.14834846 -0.04861526 -2.2826086   5.08673407]]", "nfev": "382", "njev": "53", "status": "2", "success": "False", "message": "Desired error not necessarily achieved due to precision loss.", "x": "[ 4.15238157  5.45325653  1.09639192 -1.11267587  1.76069328  1.91505436]", "nit": "29"}, "7": {"maxiter": 100, "gtol": 1e-10, "xrtol": 1e-10, "eps": 1e-10, "duration": 0.05865287780761719, "fun": "0.4315709958991779", "jac": "[1.11022293e-06 0.00000000e+00 1.11022293e-06 1.11022293e-06\n 2.22044587e-06 1.11022293e-06]", "hess_inv": "[[ 1.69104257 -1.11172098  0.36823241 -0.17617954  0.10478515 -0.93787145]\n [-1.11172098  1.61877985 -0.62639537  0.82341482 -0.45187922  0.04984557]\n [ 0.36823241 -0.62639537  0.5138883  -0.47800917  0.39385861 -0.07912372]\n [-0.17617954  0.82341482 -0.47800917  1.56441015 -0.87520959 -0.34425467]\n [ 0.10478515 -0.45187922  0.39385861 -0.87520959  2.42818449 -1.08345035]\n [-0.93787145  0.04984557 -0.07912372 -0.34425467 -1.08345035  1.74799229]]", "nfev": "343", "njev": "49", "status": "0", "success": "True", "message": "Optimization terminated successfully.", "x": "[ 4.15239058  5.45327128  1.09640627 -1.11267529  1.76069731  1.91506293]", "nit": "34"}, "8": {"maxiter": 500, "gtol": 1e-05, "xrtol": 1e-05, "eps": 1e-05, "duration": 0.03844308853149414, "fun": "0.4315709960527053", "jac": "[ 2.53478349e-06 -6.06104056e-07 -3.69229092e-06  5.69950753e-06\n  5.82489612e-07  1.08236753e-06]", "hess_inv": "[[ 5.75123979 -0.02347325 -1.04534107 -0.89989199  2.51509225 -0.05079173]\n [-0.02347325  5.37441878  2.4420536   0.18465671 -1.46440985  0.8387733 ]\n [-1.04534107  2.4420536   5.28228538  0.40142623 -1.37695676  0.16342992]\n [-0.89989199  0.18465671  0.40142623  3.19035463 -0.53731894 -0.12120388]\n [ 2.51509225 -1.46440985 -1.37695676 -0.53731894  6.7755829  -2.35148693]\n [-0.05079173  0.8387733   0.16342992 -0.12120388 -2.35148693  5.11592669]]", "nfev": "224", "njev": "32", "status": "0", "success": "True", "message": "Optimization terminated successfully.", "x": "[ 4.15239899  5.45324017  1.09636197 -1.11265917  1.7607057   1.91505848]", "nit": "27"}, "9": {"maxiter": 500, "gtol": 1e-05, "xrtol": 1e-05, "eps": 1e-10, "duration": 0.03843379020690918, "fun": "0.4315709962123154", "jac": "[ 2.22044587e-06 -2.22044587e-06 -6.66133760e-06  3.33066880e-06\n  0.00000000e+00  0.00000000e+00]", "hess_inv": "[[ 5.39586117  0.21358167 -0.75607813 -0.95682765  2.28159029  0.0917561 ]\n [ 0.21358167  5.10428846  2.04679162  0.19820224 -1.30499395  0.71634473]\n [-0.75607813  2.04679162  4.72788923  0.39272084 -1.17939264 -0.01377986]\n [-0.95682765  0.19820224  0.39272084  3.20027718 -0.57260474 -0.0795108 ]\n [ 2.28159029 -1.30499395 -1.17939264 -0.57260474  6.62715457 -2.24468357]\n [ 0.0917561   0.71634473 -0.01377986 -0.0795108  -2.24468357  5.00413105]]", "nfev": "224", "njev": "32", "status": "0", "success": "True", "message": "Optimization terminated successfully.", "x": "[ 4.15241203  5.4532296   1.09634456 -1.11265684  1.76071525  1.91505919]", "nit": "27"}, "10": {"maxiter": 500, "gtol": 1e-05, "xrtol": 1e-10, "eps": 1e-05, "duration": 0.0384368896484375, "fun": "0.4315709960527053", "jac": "[ 2.53478349e-06 -6.06104056e-07 -3.69229092e-06  5.69950753e-06\n  5.82489612e-07  1.08236753e-06]", "hess_inv": "[[ 5.75123979 -0.02347325 -1.04534107 -0.89989199  2.51509225 -0.05079173]\n [-0.02347325  5.37441878  2.4420536   0.18465671 -1.46440985  0.8387733 ]\n [-1.04534107  2.4420536   5.28228538  0.40142623 -1.37695676  0.16342992]\n [-0.89989199  0.18465671  0.40142623  3.19035463 -0.53731894 -0.12120388]\n [ 2.51509225 -1.46440985 -1.37695676 -0.53731894  6.7755829  -2.35148693]\n [-0.05079173  0.8387733   0.16342992 -0.12120388 -2.35148693  5.11592669]]", "nfev": "224", "njev": "32", "status": "0", "success": "True", "message": "Optimization terminated successfully.", "x": "[ 4.15239899  5.45324017  1.09636197 -1.11265917  1.7607057   1.91505848]", "nit": "27"}, "11": {"maxiter": 500, "gtol": 1e-05, "xrtol": 1e-10, "eps": 1e-10, "duration": 0.03861880302429199, "fun": "0.4315709962123154", "jac": "[ 2.22044587e-06 -2.22044587e-06 -6.66133760e-06  3.33066880e-06\n  0.00000000e+00  0.00000000e+00]", "hess_inv": "[[ 5.39586117  0.21358167 -0.75607813 -0.95682765  2.28159029  0.0917561 ]\n [ 0.21358167  5.10428846  2.04679162  0.19820224 -1.30499395  0.71634473]\n [-0.75607813  2.04679162  4.72788923  0.39272084 -1.17939264 -0.01377986]\n [-0.95682765  0.19820224  0.39272084  3.20027718 -0.57260474 -0.0795108 ]\n [ 2.28159029 -1.30499395 -1.17939264 -0.57260474  6.62715457 -2.24468357]\n [ 0.0917561   0.71634473 -0.01377986 -0.0795108  -2.24468357  5.00413105]]", "nfev": "224", "njev": "32", "status": "0", "success": "True", "message": "Optimization terminated successfully.", "x": "[ 4.15241203  5.4532296   1.09634456 -1.11265684  1.76071525  1.91505919]", "nit": "27"}, "12": {"maxiter": 500, "gtol": 1e-10, "xrtol": 1e-05, "eps": 1e-05, "duration": 0.039494991302490234, "fun": "0.4315709959043167", "jac": "[ 8.07809375e-07  2.69462230e-07 -3.10906856e-07  1.47393209e-06\n  2.92288416e-07 -8.28337399e-08]", "hess_inv": "[[ 5.69281824 -0.35021958 -1.43704966 -0.91859471  2.4461934   0.11854277]\n [-0.35021958  5.66024357  2.97684006 -0.12641688 -1.69876685  0.77149151]\n [-1.43704966  2.97684006  6.17119896  0.00973448 -1.64418009 -0.00945131]\n [-0.91859471 -0.12641688  0.00973448  3.20453976 -0.57412752  0.03210961]\n [ 2.4461934  -1.69876685 -1.64418009 -0.57412752  6.70511539 -2.22425655]\n [ 0.11854277  0.77149151 -0.00945131  0.03210961 -2.22425655  5.11199025]]", "nfev": "231", "njev": "33", "status": "0", "success": "True", "message": "Optimization terminated successfully.", "x": "[ 4.15238273  5.45325636  1.09639111 -1.11267485  1.76069417  1.91505419]", "nit": "28"}, "13": {"maxiter": 500, "gtol": 1e-10, "xrtol": 1e-05, "eps": 1e-10, "duration": 0.03943514823913574, "fun": "0.4315709959244224", "jac": "[ 2.22044587e-06  0.00000000e+00 -2.22044587e-06  3.33066880e-06\n -1.11022293e-06 -2.22044587e-06]", "hess_inv": "[[ 5.36778152 -0.07638817 -1.08552402 -0.9320051   2.21771438  0.31164678]\n [-0.07638817  5.76213783  3.00487882  0.06426318 -1.59274559  0.66076866]\n [-1.08552402  3.00487882  6.06792262  0.21803482 -1.48486699 -0.21111412]\n [-0.9320051   0.06426318  0.21803482  3.22003767 -0.5558758  -0.0253103 ]\n [ 2.21771438 -1.59274559 -1.48486699 -0.5558758   6.51971327 -1.98133961]\n [ 0.31164678  0.66076866 -0.21111412 -0.0253103  -1.98133961  4.76392459]]", "nfev": "231", "njev": "33", "status": "0", "success": "True", "message": "Optimization terminated successfully.", "x": "[ 4.15239582  5.45326236  1.09639334 -1.1126639   1.76069875  1.91505864]", "nit": "28"}, "14": {"maxiter": 500, "gtol": 1e-10, "xrtol": 1e-10, "eps": 1e-05, "duration": 0.06485915184020996, "fun": "0.4315709959040285", "jac": "[ 6.46704912e-07  2.21445085e-07 -2.38165043e-07  1.17574839e-06\n  2.35322872e-07 -7.16093851e-08]", "hess_inv": "[[ 6.24851512 -0.42637688 -1.8177965  -0.42911615  2.87451531  0.03549745]\n [-0.42637688  5.50815918  2.81943304 -0.17776343 -1.76922016  0.86111379]\n [-1.8177965   2.81943304  6.16179112 -0.30534889 -1.95280948  0.14834846]\n [-0.42911615 -0.17776343 -0.30534889  3.63416719 -0.19570769 -0.04861526]\n [ 2.87451531 -1.76922016 -1.95280948 -0.19570769  7.03440891 -2.2826086 ]\n [ 0.03549745  0.86111379  0.14834846 -0.04861526 -2.2826086   5.08673407]]", "nfev": "382", "njev": "53", "status": "2", "success": "False", "message": "Desired error not necessarily achieved due to precision loss.", "x": "[ 4.15238157  5.45325653  1.09639192 -1.11267587  1.76069328  1.91505436]", "nit": "29"}, "15": {"maxiter": 500, "gtol": 1e-10, "xrtol": 1e-10, "eps": 1e-10, "duration": 0.05838274955749512, "fun": "0.4315709958991779", "jac": "[1.11022293e-06 0.00000000e+00 1.11022293e-06 1.11022293e-06\n 2.22044587e-06 1.11022293e-06]", "hess_inv": "[[ 1.69104257 -1.11172098  0.36823241 -0.17617954  0.10478515 -0.93787145]\n [-1.11172098  1.61877985 -0.62639537  0.82341482 -0.45187922  0.04984557]\n [ 0.36823241 -0.62639537  0.5138883  -0.47800917  0.39385861 -0.07912372]\n [-0.17617954  0.82341482 -0.47800917  1.56441015 -0.87520959 -0.34425467]\n [ 0.10478515 -0.45187922  0.39385861 -0.87520959  2.42818449 -1.08345035]\n [-0.93787145  0.04984557 -0.07912372 -0.34425467 -1.08345035  1.74799229]]", "nfev": "343", "njev": "49", "status": "0", "success": "True", "message": "Optimization terminated successfully.", "x": "[ 4.15239058  5.45327128  1.09640627 -1.11267529  1.76069731  1.91506293]", "nit": "34"}, "16": {"maxiter": 1000, "gtol": 1e-05, "xrtol": 1e-05, "eps": 1e-05, "duration": 0.03830671310424805, "fun": "0.4315709960527053", "jac": "[ 2.53478349e-06 -6.06104056e-07 -3.69229092e-06  5.69950753e-06\n  5.82489612e-07  1.08236753e-06]", "hess_inv": "[[ 5.75123979 -0.02347325 -1.04534107 -0.89989199  2.51509225 -0.05079173]\n [-0.02347325  5.37441878  2.4420536   0.18465671 -1.46440985  0.8387733 ]\n [-1.04534107  2.4420536   5.28228538  0.40142623 -1.37695676  0.16342992]\n [-0.89989199  0.18465671  0.40142623  3.19035463 -0.53731894 -0.12120388]\n [ 2.51509225 -1.46440985 -1.37695676 -0.53731894  6.7755829  -2.35148693]\n [-0.05079173  0.8387733   0.16342992 -0.12120388 -2.35148693  5.11592669]]", "nfev": "224", "njev": "32", "status": "0", "success": "True", "message": "Optimization terminated successfully.", "x": "[ 4.15239899  5.45324017  1.09636197 -1.11265917  1.7607057   1.91505848]", "nit": "27"}, "17": {"maxiter": 1000, "gtol": 1e-05, "xrtol": 1e-05, "eps": 1e-10, "duration": 0.03821897506713867, "fun": "0.4315709962123154", "jac": "[ 2.22044587e-06 -2.22044587e-06 -6.66133760e-06  3.33066880e-06\n  0.00000000e+00  0.00000000e+00]", "hess_inv": "[[ 5.39586117  0.21358167 -0.75607813 -0.95682765  2.28159029  0.0917561 ]\n [ 0.21358167  5.10428846  2.04679162  0.19820224 -1.30499395  0.71634473]\n [-0.75607813  2.04679162  4.72788923  0.39272084 -1.17939264 -0.01377986]\n [-0.95682765  0.19820224  0.39272084  3.20027718 -0.57260474 -0.0795108 ]\n [ 2.28159029 -1.30499395 -1.17939264 -0.57260474  6.62715457 -2.24468357]\n [ 0.0917561   0.71634473 -0.01377986 -0.0795108  -2.24468357  5.00413105]]", "nfev": "224", "njev": "32", "status": "0", "success": "True", "message": "Optimization terminated successfully.", "x": "[ 4.15241203  5.4532296   1.09634456 -1.11265684  1.76071525  1.91505919]", "nit": "27"}, "18": {"maxiter": 1000, "gtol": 1e-05, "xrtol": 1e-10, "eps": 1e-05, "duration": 0.038221120834350586, "fun": "0.4315709960527053", "jac": "[ 2.53478349e-06 -6.06104056e-07 -3.69229092e-06  5.69950753e-06\n  5.82489612e-07  1.08236753e-06]", "hess_inv": "[[ 5.75123979 -0.02347325 -1.04534107 -0.89989199  2.51509225 -0.05079173]\n [-0.02347325  5.37441878  2.4420536   0.18465671 -1.46440985  0.8387733 ]\n [-1.04534107  2.4420536   5.28228538  0.40142623 -1.37695676  0.16342992]\n [-0.89989199  0.18465671  0.40142623  3.19035463 -0.53731894 -0.12120388]\n [ 2.51509225 -1.46440985 -1.37695676 -0.53731894  6.7755829  -2.35148693]\n [-0.05079173  0.8387733   0.16342992 -0.12120388 -2.35148693  5.11592669]]", "nfev": "224", "njev": "32", "status": "0", "success": "True", "message": "Optimization terminated successfully.", "x": "[ 4.15239899  5.45324017  1.09636197 -1.11265917  1.7607057   1.91505848]", "nit": "27"}, "19": {"maxiter": 1000, "gtol": 1e-05, "xrtol": 1e-10, "eps": 1e-10, "duration": 0.03830075263977051, "fun": "0.4315709962123154", "jac": "[ 2.22044587e-06 -2.22044587e-06 -6.66133760e-06  3.33066880e-06\n  0.00000000e+00  0.00000000e+00]", "hess_inv": "[[ 5.39586117  0.21358167 -0.75607813 -0.95682765  2.28159029  0.0917561 ]\n [ 0.21358167  5.10428846  2.04679162  0.19820224 -1.30499395  0.71634473]\n [-0.75607813  2.04679162  4.72788923  0.39272084 -1.17939264 -0.01377986]\n [-0.95682765  0.19820224  0.39272084  3.20027718 -0.57260474 -0.0795108 ]\n [ 2.28159029 -1.30499395 -1.17939264 -0.57260474  6.62715457 -2.24468357]\n [ 0.0917561   0.71634473 -0.01377986 -0.0795108  -2.24468357  5.00413105]]", "nfev": "224", "njev": "32", "status": "0", "success": "True", "message": "Optimization terminated successfully.", "x": "[ 4.15241203  5.4532296   1.09634456 -1.11265684  1.76071525  1.91505919]", "nit": "27"}, "20": {"maxiter": 1000, "gtol": 1e-10, "xrtol": 1e-05, "eps": 1e-05, "duration": 0.039418935775756836, "fun": "0.4315709959043167", "jac": "[ 8.07809375e-07  2.69462230e-07 -3.10906856e-07  1.47393209e-06\n  2.92288416e-07 -8.28337399e-08]", "hess_inv": "[[ 5.69281824 -0.35021958 -1.43704966 -0.91859471  2.4461934   0.11854277]\n [-0.35021958  5.66024357  2.97684006 -0.12641688 -1.69876685  0.77149151]\n [-1.43704966  2.97684006  6.17119896  0.00973448 -1.64418009 -0.00945131]\n [-0.91859471 -0.12641688  0.00973448  3.20453976 -0.57412752  0.03210961]\n [ 2.4461934  -1.69876685 -1.64418009 -0.57412752  6.70511539 -2.22425655]\n [ 0.11854277  0.77149151 -0.00945131  0.03210961 -2.22425655  5.11199025]]", "nfev": "231", "njev": "33", "status": "0", "success": "True", "message": "Optimization terminated successfully.", "x": "[ 4.15238273  5.45325636  1.09639111 -1.11267485  1.76069417  1.91505419]", "nit": "28"}, "21": {"maxiter": 1000, "gtol": 1e-10, "xrtol": 1e-05, "eps": 1e-10, "duration": 0.03945302963256836, "fun": "0.4315709959244224", "jac": "[ 2.22044587e-06  0.00000000e+00 -2.22044587e-06  3.33066880e-06\n -1.11022293e-06 -2.22044587e-06]", "hess_inv": "[[ 5.36778152 -0.07638817 -1.08552402 -0.9320051   2.21771438  0.31164678]\n [-0.07638817  5.76213783  3.00487882  0.06426318 -1.59274559  0.66076866]\n [-1.08552402  3.00487882  6.06792262  0.21803482 -1.48486699 -0.21111412]\n [-0.9320051   0.06426318  0.21803482  3.22003767 -0.5558758  -0.0253103 ]\n [ 2.21771438 -1.59274559 -1.48486699 -0.5558758   6.51971327 -1.98133961]\n [ 0.31164678  0.66076866 -0.21111412 -0.0253103  -1.98133961  4.76392459]]", "nfev": "231", "njev": "33", "status": "0", "success": "True", "message": "Optimization terminated successfully.", "x": "[ 4.15239582  5.45326236  1.09639334 -1.1126639   1.76069875  1.91505864]", "nit": "28"}, "22": {"maxiter": 1000, "gtol": 1e-10, "xrtol": 1e-10, "eps": 1e-05, "duration": 0.06574225425720215, "fun": "0.4315709959040285", "jac": "[ 6.46704912e-07  2.21445085e-07 -2.38165043e-07  1.17574839e-06\n  2.35322872e-07 -7.16093851e-08]", "hess_inv": "[[ 6.24851512 -0.42637688 -1.8177965  -0.42911615  2.87451531  0.03549745]\n [-0.42637688  5.50815918  2.81943304 -0.17776343 -1.76922016  0.86111379]\n [-1.8177965   2.81943304  6.16179112 -0.30534889 -1.95280948  0.14834846]\n [-0.42911615 -0.17776343 -0.30534889  3.63416719 -0.19570769 -0.04861526]\n [ 2.87451531 -1.76922016 -1.95280948 -0.19570769  7.03440891 -2.2826086 ]\n [ 0.03549745  0.86111379  0.14834846 -0.04861526 -2.2826086   5.08673407]]", "nfev": "382", "njev": "53", "status": "2", "success": "False", "message": "Desired error not necessarily achieved due to precision loss.", "x": "[ 4.15238157  5.45325653  1.09639192 -1.11267587  1.76069328  1.91505436]", "nit": "29"}, "23": {"maxiter": 1000, "gtol": 1e-10, "xrtol": 1e-10, "eps": 1e-10, "duration": 0.05928611755371094, "fun": "0.4315709958991779", "jac": "[1.11022293e-06 0.00000000e+00 1.11022293e-06 1.11022293e-06\n 2.22044587e-06 1.11022293e-06]", "hess_inv": "[[ 1.69104257 -1.11172098  0.36823241 -0.17617954  0.10478515 -0.93787145]\n [-1.11172098  1.61877985 -0.62639537  0.82341482 -0.45187922  0.04984557]\n [ 0.36823241 -0.62639537  0.5138883  -0.47800917  0.39385861 -0.07912372]\n [-0.17617954  0.82341482 -0.47800917  1.56441015 -0.87520959 -0.34425467]\n [ 0.10478515 -0.45187922  0.39385861 -0.87520959  2.42818449 -1.08345035]\n [-0.93787145  0.04984557 -0.07912372 -0.34425467 -1.08345035  1.74799229]]", "nfev": "343", "njev": "49", "status": "0", "success": "True", "message": "Optimization terminated successfully.", "x": "[ 4.15239058  5.45327128  1.09640627 -1.11267529  1.76069731  1.91506293]", "nit": "34"}}, "cobyla": {"0": {"maxiter": 100, "tol": 1e-05, "catol": 1e-05, "duration": 0.016618013381958008, "x": "[ 3.12758863  6.25562579  2.2791119   0.60316843 -0.62560431  3.95253827]", "status": "2", "success": "False", "message": "Maximum number of function evaluations has been exceeded.", "nfev": "100", "fun": "0.5615608626942963", "maxcv": "0.0"}, "1": {"maxiter": 100, "tol": 1e-05, "catol": 1e-10, "duration": 0.01657891273498535, "x": "[ 3.12758863  6.25562579  2.2791119   0.60316843 -0.62560431  3.95253827]", "status": "2", "success": "False", "message": "Maximum number of function evaluations has been exceeded.", "nfev": "100", "fun": "0.5615608626942963", "maxcv": "0.0"}, "2": {"maxiter": 100, "tol": 1e-10, "catol": 1e-05, "duration": 0.016611099243164062, "x": "[ 3.12758863  6.25562579  2.2791119   0.60316843 -0.62560431  3.95253827]", "status": "2", "success": "False", "message": "Maximum number of function evaluations has been exceeded.", "nfev": "100", "fun": "0.5615608626942963", "maxcv": "0.0"}, "3": {"maxiter": 100, "tol": 1e-10, "catol": 1e-10, "duration": 0.016592025756835938, "x": "[ 3.12758863  6.25562579  2.2791119   0.60316843 -0.62560431  3.95253827]", "status": "2", "success": "False", "message": "Maximum number of function evaluations has been exceeded.", "nfev": "100", "fun": "0.5615608626942963", "maxcv": "0.0"}, "4": {"maxiter": 500, "tol": 1e-05, "catol": 1e-05, "duration": 0.04875016212463379, "x": "[ 4.15238261  5.45325922  1.09640588  1.11267509 -1.38089914  5.05665823]", "status": "1", "success": "True", "message": "Optimization terminated successfully.", "nfev": "294", "fun": "0.43157099590536674", "maxcv": "0.0"}, "5": {"maxiter": 500, "tol": 1e-05, "catol": 1e-10, "duration": 0.04910111427307129, "x": "[ 4.15238261  5.45325922  1.09640588  1.11267509 -1.38089914  5.05665823]", "status": "1", "success": "True", "message": "Optimization terminated successfully.", "nfev": "294", "fun": "0.43157099590536674", "maxcv": "0.0"}, "6": {"maxiter": 500, "tol": 1e-10, "catol": 1e-05, "duration": 0.06470203399658203, "x": "[ 4.1523839   5.45326585  1.09640156  1.11267609 -1.38089919  5.05665237]", "status": "1", "success": "True", "message": "Optimization terminated successfully.", "nfev": "389", "fun": "0.4315709958883486", "maxcv": "0.0"}, "7": {"maxiter": 500, "tol": 1e-10, "catol": 1e-10, "duration": 0.06456804275512695, "x": "[ 4.1523839   5.45326585  1.09640156  1.11267609 -1.38089919  5.05665237]", "status": "1", "success": "True", "message": "Optimization terminated successfully.", "nfev": "389", "fun": "0.43157099588834