{"date": "2024/07/19/, 08:39:35", "conf_id": 168, "data_type": "non_lin_ind\n", "num_data_points": 1, "s_rank": 0, "unitary": "[[-0.53618537-0.34368723j,-0.12107031-0.46226139j,-0.07699282-0.46603512j,0.36022595-0.11472301j],[0.26026499-0.63450712j,-0.56616638+0.37832564j,-0.14988651+0.08458591j,0.10363514-0.16008501j],[-0.32580188-0.11070003j,-0.36476308-0.23593218j,0.02559343+0.41761608j,-0.25598305+0.6725303j],[0.07406738-0.0126433j,0.28513701+0.19483972j,-0.74939717-0.10299659j,0.29798249+0.46269921j]]", "databatch_0": {"databatch": "[[[-0.0168524+0.18809846j,0.22467156+0.18735256j,-0.09861395-0.21193588j,0.13276586+0.31792512j],[0.11250912-0.09990164j,0.00502215-0.21775432j,-0.04071544+0.19475155j,0.13164557-0.26106781j],[-0.139212-0.04473588j,-0.1918858+0.12307498j,0.17297698-0.05139279j,-0.28029706+0.03931609j],[-0.177476+0.11067802j,0.015935+0.29071128j,0.15107595-0.2414923j,-0.18099839+0.28603804j]]]", "initial param values": "[5.79192779,4.56320805,4.75784663,2.89022381,0.41380363,1.62327381]", "nelder_mead": {"type": "gradient-free", "0": {"maxiter": 100, "fatol": 1e-05, "xatol": 1e-05, "duration": 0.025584697723388672, "fun": "0.15617979930855785", "nit": "100", "nfev": "153", "status": "2", "success": "False", "message": "Maximum number of iterations has been exceeded.", "x": "[7.4638093  4.74661746 3.40143575 2.80773596 0.41954233 1.72251075]", "final_simplex": "(array([[7.4638093 , 4.74661746, 3.40143575, 2.80773596, 0.41954233,\n        1.72251075],\n       [7.38919504, 4.98079853, 3.2705684 , 2.81286236, 0.40132659,\n        1.714177  ],\n       [7.36704897, 4.73239366, 3.4372614 , 2.83776923, 0.41278716,\n        1.7049913 ],\n       [7.40376102, 4.67611031, 3.42588851, 2.82598853, 0.41976711,\n        1.7176992 ],\n       [7.42904529, 4.68755352, 3.40996696, 2.81541682, 0.41922312,\n        1.70684212],\n       [7.37661713, 4.8187869 , 3.36995808, 2.78752731, 0.40656563,\n        1.73794952],\n       [7.40215677, 4.46673396, 3.50331272, 2.8555784 , 0.42601233,\n        1.7493731 ]]), array([0.1561798 , 0.1568673 , 0.15711599, 0.15721831, 0.15729877,\n       0.15811427, 0.15954344]))"}, "1": {"maxiter": 100, "fatol": 1e-05, "xatol": 1e-10, "duration": 0.025487184524536133, "fun": "0.15617979930855785", "nit": "100", "nfev": "153", "status": "2", "success": "False", "message": "Maximum number of iterations has been exceeded.", "x": "[7.4638093  4.74661746 3.40143575 2.80773596 0.41954233 1.72251075]", "final_simplex": "(array([[7.4638093 , 4.74661746, 3.40143575, 2.80773596, 0.41954233,\n        1.72251075],\n       [7.38919504, 4.98079853, 3.2705684 , 2.81286236, 0.40132659,\n        1.714177  ],\n       [7.36704897, 4.73239366, 3.4372614 , 2.83776923, 0.41278716,\n        1.7049913 ],\n       [7.40376102, 4.67611031, 3.42588851, 2.82598853, 0.41976711,\n        1.7176992 ],\n       [7.42904529, 4.68755352, 3.40996696, 2.81541682, 0.41922312,\n        1.70684212],\n       [7.37661713, 4.8187869 , 3.36995808, 2.78752731, 0.40656563,\n        1.73794952],\n       [7.40215677, 4.46673396, 3.50331272, 2.8555784 , 0.42601233,\n        1.7493731 ]]), array([0.1561798 , 0.1568673 , 0.15711599, 0.15721831, 0.15729877,\n       0.15811427, 0.15954344]))"}, "2": {"maxiter": 100, "fatol": 1e-10, "xatol": 1e-05, "duration": 0.025482177734375, "fun": "0.15617979930855785", "nit": "100", "nfev": "153", "status": "2", "success": "False", "message": "Maximum number of iterations has been exceeded.", "x": "[7.4638093  4.74661746 3.40143575 2.80773596 0.41954233 1.72251075]", "final_simplex": "(array([[7.4638093 , 4.74661746, 3.40143575, 2.80773596, 0.41954233,\n        1.72251075],\n       [7.38919504, 4.98079853, 3.2705684 , 2.81286236, 0.40132659,\n        1.714177  ],\n       [7.36704897, 4.73239366, 3.4372614 , 2.83776923, 0.41278716,\n        1.7049913 ],\n       [7.40376102, 4.67611031, 3.42588851, 2.82598853, 0.41976711,\n        1.7176992 ],\n       [7.42904529, 4.68755352, 3.40996696, 2.81541682, 0.41922312,\n        1.70684212],\n       [7.37661713, 4.8187869 , 3.36995808, 2.78752731, 0.40656563,\n        1.73794952],\n       [7.40215677, 4.46673396, 3.50331272, 2.8555784 , 0.42601233,\n        1.7493731 ]]), array([0.1561798 , 0.1568673 , 0.15711599, 0.15721831, 0.15729877,\n       0.15811427, 0.15954344]))"}, "3": {"maxiter": 100, "fatol": 1e-10, "xatol": 1e-10, "duration": 0.025471925735473633, "fun": "0.15617979930855785", "nit": "100", "nfev": "153", "status": "2", "success": "False", "message": "Maximum number of iterations has been exceeded.", "x": "[7.4638093  4.74661746 3.40143575 2.80773596 0.41954233 1.72251075]", "final_simplex": "(array([[7.4638093 , 4.74661746, 3.40143575, 2.80773596, 0.41954233,\n        1.72251075],\n       [7.38919504, 4.98079853, 3.2705684 , 2.81286236, 0.40132659,\n        1.714177  ],\n       [7.36704897, 4.73239366, 3.4372614 , 2.83776923, 0.41278716,\n        1.7049913 ],\n       [7.40376102, 4.67611031, 3.42588851, 2.82598853, 0.41976711,\n        1.7176992 ],\n       [7.42904529, 4.68755352, 3.40996696, 2.81541682, 0.41922312,\n        1.70684212],\n       [7.37661713, 4.8187869 , 3.36995808, 2.78752731, 0.40656563,\n        1.73794952],\n       [7.40215677, 4.46673396, 3.50331272, 2.8555784 , 0.42601233,\n        1.7493731 ]]), array([0.1561798 , 0.1568673 , 0.15711599, 0.15721831, 0.15729877,\n       0.15811427, 0.15954344]))"}, "4": {"maxiter": 500, "fatol": 1e-05, "xatol": 1e-05, "duration": 0.12727689743041992, "fun": "0.12362278497122425", "nit": "500", "nfev": "766", "status": "2", "success": "False", "message": "Maximum number of iterations has been exceeded.", "x": "[8.18117148 6.61017336 3.45346228 2.9018689  0.91816527 2.19999556]", "final_simplex": "(array([[8.18117148, 6.61017336, 3.45346228, 2.9018689 , 0.91816527,\n        2.19999556],\n       [8.17856722, 6.62081085, 3.46036153, 2.90454125, 0.89669406,\n        2.17791954],\n       [8.17728086, 6.60725761, 3.45259525, 2.90536151, 0.91804422,\n        2.20325573],\n       [8.187707  , 6.6393818 , 3.46621695, 2.90658604, 0.88858128,\n        2.17711077],\n       [8.17697395, 6.60148053, 3.4563276 , 2.90804454, 0.91446769,\n        2.19361002],\n       [8.17575794, 6.60049527, 3.45079905, 2.8996025 , 0.9839847 ,\n        2.26434277],\n       [8.17764643, 6.60555575, 3.45703216, 2.90663574, 0.9458753 ,\n        2.22551986]]), array([0.12362278, 0.12362677, 0.12363224, 0.12363252, 0.12363509,\n       0.12363608, 0.12364106]))"}, "5": {"maxiter": 500, "fatol": 1e-05, "xatol": 1e-10, "duration": 0.1256093978881836, "fun": "0.12362278497122425", "nit": "500", "nfev": "766", "status": "2", "success": "False", "message": "Maximum number of iterations has been exceeded.", "x": "[8.18117148 6.61017336 3.45346228 2.9018689  0.91816527 2.19999556]", "final_simplex": "(array([[8.18117148, 6.61017336, 3.45346228, 2.9018689 , 0.91816527,\n        2.19999556],\n       [8.17856722, 6.62081085, 3.46036153, 2.90454125, 0.89669406,\n        2.17791954],\n       [8.17728086, 6.60725761, 3.45259525, 2.90536151, 0.91804422,\n        2.20325573],\n       [8.187707  , 6.6393818 , 3.46621695, 2.90658604, 0.88858128,\n        2.17711077],\n       [8.17697395, 6.60148053, 3.4563276 , 2.90804454, 0.91446769,\n        2.19361002],\n       [8.17575794, 6.60049527, 3.45079905, 2.8996025 , 0.9839847 ,\n        2.26434277],\n       [8.17764643, 6.60555575, 3.45703216, 2.90663574, 0.9458753 ,\n        2.22551986]]), array([0.12362278, 0.12362677, 0.12363224, 0.12363252, 0.12363509,\n       0.12363608, 0.12364106]))"}, "6": {"maxiter": 500, "fatol": 1e-10, "xatol": 1e-05, "duration": 0.12533903121948242, "fun": "0.12362278497122425", "nit": "500", "nfev": "766", "status": "2", "success": "False", "message": "Maximum number of iterations has been exceeded.", "x": "[8.18117148 6.61017336 3.45346228 2.9018689  0.91816527 2.19999556]", "final_simplex": "(array([[8.18117148, 6.61017336, 3.45346228, 2.9018689 , 0.91816527,\n        2.19999556],\n       [8.17856722, 6.62081085, 3.46036153, 2.90454125, 0.89669406,\n        2.17791954],\n       [8.17728086, 6.60725761, 3.45259525, 2.90536151, 0.91804422,\n        2.20325573],\n       [8.187707  , 6.6393818 , 3.46621695, 2.90658604, 0.88858128,\n        2.17711077],\n       [8.17697395, 6.60148053, 3.4563276 , 2.90804454, 0.91446769,\n        2.19361002],\n       [8.17575794, 6.60049527, 3.45079905, 2.8996025 , 0.9839847 ,\n        2.26434277],\n       [8.17764643, 6.60555575, 3.45703216, 2.90663574, 0.9458753 ,\n        2.22551986]]), array([0.12362278, 0.12362677, 0.12363224, 0.12363252, 0.12363509,\n       0.12363608, 0.12364106]))"}, "7": {"maxiter": 500, "fatol": 1e-10, "xatol": 1e-10, "duration": 0.12790298461914062, "fun": "0.12362278497122425", "nit": "500", "nfev": "766", "status": "2", "success": "False", "message": "Maximum number of iterations has been exceeded.", "x": "[8.18117148 6.61017336 3.45346228 2.9018689  0.91816527 2.19999556]", "final_simplex": "(array([[8.18117148, 6.61017336, 3.45346228, 2.9018689 , 0.91816527,\n        2.19999556],\n       [8.17856722, 6.62081085, 3.46036153, 2.90454125, 0.89669406,\n        2.17791954],\n       [8.17728086, 6.60725761, 3.45259525, 2.90536151, 0.91804422,\n        2.20325573],\n       [8.187707  , 6.6393818 , 3.46621695, 2.90658604, 0.88858128,\n        2.17711077],\n       [8.17697395, 6.60148053, 3.4563276 , 2.90804454, 0.91446769,\n        2.19361002],\n       [8.17575794, 6.60049527, 3.45079905, 2.8996025 , 0.9839847 ,\n        2.26434277],\n       [8.17764643, 6.60555575, 3.45703216, 2.90663574, 0.9458753 ,\n        2.22551986]]), array([0.12362278, 0.12362677, 0.12363224, 0.12363252, 0.12363509,\n       0.12363608, 0.12364106]))"}, "8": {"maxiter": 1000, "fatol": 1e-05, "xatol": 1e-05, "duration": 0.25478124618530273, "fun": "0.11637706405965065", "nit": "985", "nfev": "1525", "status": "0", "success": "True", "message": "Optimization terminated successfully.", "x": "[7.39655496 4.19991325 3.68392144 0.52661892 2.04426028 2.93596526]", "final_simplex": "(array([[7.39655496, 4.19991325, 3.68392144, 0.52661892, 2.04426028,\n        2.93596526],\n       [7.39655477, 4.19990469, 3.68392513, 0.52661121, 2.04426394,\n        2.93596254],\n       [7.39655505, 4.19991214, 3.68392163, 0.52661653, 2.0442604 ,\n        2.93596512],\n       [7.39655526, 4.19991444, 3.68392076, 0.52661813, 2.04426057,\n        2.93596517],\n       [7.39655521, 4.19991221, 3.68392191, 0.52661638, 2.04426114,\n        2.93596521],\n       [7.39655523, 4.19990798, 3.68392357, 0.52661524, 2.04426164,\n        2.93596429],\n       [7.39655494, 4.19991057, 3.68392207, 0.52661733, 2.04426099,\n        2.93596502]]), array([0.11637706, 0.11637706, 0.11637706, 0.11637706, 0.11637706,\n       0.11637706, 0.11637706]))"}, "9": {"maxiter": 1000, "fatol": 1e-05, "xatol": 1e-10, "duration": 0.25804805755615234, "fun": "0.11637706405962", "nit": "1000", "nfev": "1551", "status": "2", "success": "False", "message": "Maximum number of iterations has been exceeded.", "x": "[7.39655496 4.19991101 3.68392234 0.526616   2.04426143 2.9359645 ]", "final_simplex": "(array([[7.39655496, 4.19991101, 3.68392234, 0.526616  , 2.04426143,\n        2.9359645 ],\n       [7.39655493, 4.19990802, 3.68392368, 0.52661383, 2.04426254,\n        2.93596363],\n       [7.39655502, 4.19991082, 3.68392239, 0.52661593, 2.04426127,\n        2.93596458],\n       [7.39655494, 4.19990835, 3.68392343, 0.52661376, 2.04426232,\n        2.93596389],\n       [7.39655487, 4.19990928, 3.68392309, 0.52661512, 2.04426172,\n        2.93596428],\n       [7.39655509, 4.199911  , 3.68392236, 0.52661605, 2.04426134,\n        2.93596466],\n       [7.39655502, 4.19991051, 3.68392247, 0.52661615, 2.04426136,\n        2.93596459]]), array([0.11637706, 0.11637706, 0.11637706, 0.11637706, 0.11637706,\n       0.11637706, 0.11637706]))"}, "10": {"maxiter": 1000, "fatol": 1e-10, "xatol": 1e-05, "duration": 0.2511141300201416, "fun": "0.11637706405965065", "nit": "985", "nfev": "1525", "status": "0", "success": "True", "message": "Optimization terminated successfully.", "x": "[7.39655496 4.19991325 3.68392144 0.52661892 2.04426028 2.93596526]", "final_simplex": "(array([[7.39655496, 4.19991325, 3.68392144, 0.52661892, 2.04426028,\n        2.93596526],\n       [7.39655477, 4.19990469, 3.68392513, 0.52661121, 2.04426394,\n        2.93596254],\n       [7.39655505, 4.19991214, 3.68392163, 0.52661653, 2.0442604 ,\n        2.93596512],\n       [7.39655526, 4.19991444, 3.68392076, 0.52661813, 2.04426057,\n        2.93596517],\n       [7.39655521, 4.19991221, 3.68392191, 0.52661638, 2.04426114,\n        2.93596521],\n       [7.39655523, 4.19990798, 3.68392357, 0.52661524, 2.04426164,\n        2.93596429],\n       [7.39655494, 4.19991057, 3.68392207, 0.52661733, 2.04426099,\n        2.93596502]]), array([0.11637706, 0.11637706, 0.11637706, 0.11637706, 0.11637706,\n       0.11637706, 0.11637706]))"}, "11": {"maxiter": 1000, "fatol": 1e-10, "xatol": 1e-10, "duration": 0.2550039291381836, "fun": "0.11637706405962", "nit": "1000", "nfev": "1551", "status": "2", "success": "False", "message": "Maximum number of iterations has been exceeded.", "x": "[7.39655496 4.19991101 3.68392234 0.526616   2.04426143 2.9359645 ]", "final_simplex": "(array([[7.39655496, 4.19991101, 3.68392234, 0.526616  , 2.04426143,\n        2.9359645 ],\n       [7.39655493, 4.19990802, 3.68392368, 0.52661383, 2.04426254,\n        2.93596363],\n       [7.39655502, 4.19991082, 3.68392239, 0.52661593, 2.04426127,\n        2.93596458],\n       [7.39655494, 4.19990835, 3.68392343, 0.52661376, 2.04426232,\n        2.93596389],\n       [7.39655487, 4.19990928, 3.68392309, 0.52661512, 2.04426172,\n        2.93596428],\n       [7.39655509, 4.199911  , 3.68392236, 0.52661605, 2.04426134,\n        2.93596466],\n       [7.39655502, 4.19991051, 3.68392247, 0.52661615, 2.04426136,\n        2.93596459]]), array([0.11637706, 0.11637706, 0.11637706, 0.11637706, 0.11637706,\n       0.11637706, 0.11637706]))"}}, "bfgs": {"type": "gradient", "0": {"maxiter": 100, "gtol": 1e-05, "xrtol": 1e-05, "eps": 1e-05, "duration": 0.09171295166015625, "fun": "0.11637706425517513", "jac": "[-6.47190079e-06  1.33392186e-06  5.98212591e-06  1.21954669e-06\n  4.13369339e-07  1.39690481e-06]", "hess_inv": "[[   2.8063227     8.06942715   -3.09093871    7.64701455   -2.41685647\n     2.96736342]\n [   8.06942715  281.43331777 -118.81850755  241.38053565 -111.31783202\n    84.66381388]\n [  -3.09093871 -118.81850755   52.41543683 -102.93952042   49.44489138\n   -37.66964627]\n [   7.64701455  241.38053565 -102.93952042  233.94286075 -106.07557078\n    80.58646891]\n [  -2.41685647 -111.31783202   49.44489138 -106.07557078   58.23802393\n   -44.66325186]\n [   2.96736342   84.66381388  -37.66964627   80.58646891  -44.66325186\n    37.27064294]]", "nfev": "546", "njev": "78", "status": "0", "success": "True", "message": "Optimization terminated successfully.", "x": "[ 7.3965323  -2.08318045  3.68389155  0.52675698  2.04418657  2.93600861]", "nit": "66"}, "1": {"maxiter": 100, "gtol": 1e-05, "xrtol": 1e-05, "eps": 1e-10, "duration": 0.09804272651672363, "fun": "0.11637706417450855", "jac": "[-2.22044587e-06  2.22044587e-06  1.11022293e-06 -2.22044587e-06\n -6.66133760e-06 -6.66133760e-06]", "hess_inv": "[[  3.01955144   3.91454213  -1.1804027   -0.30358147   2.03439469\n   -1.13614071]\n [  3.91454213  98.72848159 -40.55357646  53.41890686 -19.29477396\n   13.85691809]\n [ -1.1804027  -40.55357646  18.9424076  -22.19101346  10.46968791\n   -7.85284559]\n [ -0.30358147  53.41890686 -22.19101346  59.4572975  -25.98376407\n   18.36592673]\n [  2.03439469 -19.29477396  10.46968791 -25.98376407  24.87127153\n  -19.83336495]\n [ -1.13614071  13.85691809  -7.85284559  18.36592673 -19.83336495\n   18.28181971]]", "nfev": "560", "njev": "80", "status": "0", "success": "True", "message": "Optimization terminated successfully.", "x": "[ 7.39655575 -2.08328546  3.68393732  0.52653081  2.04431152  2.93591513]", "nit": "67"}, "2": {"maxiter": 100, "gtol": 1e-05, "xrtol": 1e-10, "eps": 1e-05, "duration": 0.09241199493408203, "fun": "0.11637706425517513", "jac": "[-6.47190079e-06  1.33392186e-06  5.98212591e-06  1.21954669e-06\n  4.13369339e-07  1.39690481e-06]", "hess_inv": "[[   2.8063227     8.06942715   -3.09093871    7.64701455   -2.41685647\n     2.96736342]\n [   8.06942715  281.43331777 -118.81850755  241.38053565 -111.31783202\n    84.66381388]\n [  -3.09093871 -118.81850755   52.41543683 -102.93952042   49.44489138\n   -37.66964627]\n [   7.64701455  241.38053565 -102.93952042  233.94286075 -106.07557078\n    80.58646891]\n [  -2.41685647 -111.31783202   49.44489138 -106.07557078   58.23802393\n   -44.66325186]\n [   2.96736342   84.66381388  -37.66964627   80.58646891  -44.66325186\n    37.27064294]]", "nfev": "546", "njev": "78", "status": "0", "success": "True", "message": "Optimization terminated successfully.", "x": "[ 7.3965323  -2.08318045  3.68389155  0.52675698  2.04418657  2.93600861]", "nit": "66"}, "3": {"maxiter": 100, "gtol": 1e-05, "xrtol": 1e-10, "eps": 1e-10, "duration": 0.09396028518676758, "fun": "0.11637706417450855", "jac": "[-2.22044587e-06  2.22044587e-06  1.11022293e-06 -2.22044587e-06\n -6.66133760e-06 -6.66133760e-06]", "hess_inv": "[[  3.01955144   3.91454213  -1.1804027   -0.30358147   2.03439469\n   -1.13614071]\n [  3.91454213  98.72848159 -40.55357646  53.41890686 -19.29477396\n   13.85691809]\n [ -1.1804027  -40.55357646  18.9424076  -22.19101346  10.46968791\n   -7.85284559]\n [ -0.30358147  53.41890686 -22.19101346  59.4572975  -25.98376407\n   18.36592673]\n [  2.03439469 -19.29477396  10.46968791 -25.98376407  24.87127153\n  -19.83336495]\n [ -1.13614071  13.85691809  -7.85284559  18.36592673 -19.83336495\n   18.28181971]]", "nfev": "560", "njev": "80", "status": "0", "success": "True", "message": "Optimization terminated successfully.", "x": "[ 7.39655575 -2.08328546  3.68393732  0.52653081  2.04431152  2.93591513]", "nit": "67"}, "4": {"maxiter": 100, "gtol": 1e-10, "xrtol": 1e-05, "eps": 1e-05, "duration": 0.09313273429870605, "fun": "0.11637706411791171", "jac": "[-2.12552198e-07  1.58395519e-07  1.82746041e-06  5.81579229e-07\n -6.55531185e-07 -4.49273951e-07]", "hess_inv": "[[   3.05184163    8.1224329    -3.24011824    7.39928234   -2.24802547\n     2.87653577]\n [   8.1224329   278.60144179 -117.4050526   240.88427587 -110.57626398\n    83.90540642]\n [  -3.24011824 -117.4050526    51.77104521 -102.56387028   48.98379653\n   -37.23882276]\n [   7.39928234  240.88427587 -102.56387028  234.12387482 -106.13611907\n    80.56306589]\n [  -2.24802547 -110.57626398   48.98379653 -106.13611907   58.17925717\n   -44.54249383]\n [   2.87653577   83.90540642  -37.23882276   80.56306589  -44.54249383\n    37.112277  ]]", "nfev": "553", "njev": "79", "status": "0", "success": "True", "message": "Optimization terminated successfully.", "x": "[ 7.39654848 -2.08316245  3.68387434  0.52674291  2.0441941   2.93600639]", "nit": "67"}, "5": {"maxiter": 100, "gtol": 1e-10, "xrtol": 1e-05, "eps": 1e-10, "duration": 0.09550690650939941, "fun": "0.11637706415499938", "jac": "[ 2.22044587e-06  1.11022293e-06  4.44089173e-06 -1.11022293e-06\n  3.33066880e-06  2.22044587e-06]", "hess_inv": "[[  3.02656642   1.5121231   -0.20264742  -0.60005649   2.15681047\n   -0.87695891]\n [  1.5121231   79.6527995  -33.19680406  52.81024827 -22.44671525\n   17.6475699 ]\n [ -0.20264742 -33.19680406  16.11365604 -21.99265505  11.77122528\n   -9.35087056]\n [ -0.60005649  52.81024827 -21.99265505  59.5939618  -26.45312275\n   18.6418253 ]\n [  2.15681047 -22.44671525  11.77122528 -26.45312275  25.22181369\n  -19.57312378]\n [ -0.87695891  17.6475699   -9.35087056  18.6418253  -19.57312378\n   17.6823742 ]]", "nfev": "567", "njev": "81", "status": "0", "success": "True", "message": "Optimization terminated successfully.", "x": "[ 7.39656653 -2.08333682  3.68395999  0.52651692  2.04433197  2.93591318]", "nit": "68"}, "6": {"maxiter": 100, "gtol": 1e-10, "xrtol": 1e-10, "eps": 1e-05, "duration": 0.1040802001953125, "fun": "0.1163770641026679", "jac": "[-9.99200722e-11  2.22044605e-11 -4.44089210e-11 -3.33066907e-11\n  7.77156117e-11  9.99200722e-11]", "hess_inv": "[[  3.53844353  13.45600475  -4.55700705  12.5557986   -2.92640707\n    2.73991386]\n [ 13.45600475 268.23340832 -97.19950959 236.16418894 -77.604778\n   47.25715486]\n [ -4.55700705 -97.19950959  38.12597302 -83.7328144   29.93106222\n  -18.95857616]\n [ 12.5557986  236.16418894 -83.7328144  243.27232539 -80.74108455\n   49.36674263]\n [ -2.92640707 -77.604778    29.93106222 -80.74108455  38.01995774\n  -25.65479922]\n [  2.73991386  47.25715486 -18.95857616  49.36674263 -25.65479922\n   20.81328423]]", "nfev": "602", "njev": "86", "status": "0", "success": "True", "message": "Optimization terminated successfully.", "x": "[ 7.39654946 -2.0831722   3.68387374  0.52670607  2.04420987  2.93599692]", "nit": "73"}, "7": {"maxiter": 100, "gtol": 1e-10, "xrtol": 1e-10, "eps": 1e-10, "duration": 0.11727690696716309, "fun": "0.11637706409533144", "jac": "[-2.22044587e-06 -2.22044587e-06  0.00000000e+00  0.00000000e+00\n  2.22044587e-06  0.00000000e+00]", "hess_inv": "[[ 142.58659236  449.86407545  -94.01119121  -15.81300292  129.91127518\n   -33.38386356]\n [ 449.86407545 1449.49157188 -302.4505156   -56.46003576  415.02600916\n  -107.04361024]\n [ -94.01119121 -302.4505156    64.72761555   14.49952699  -86.36033647\n    21.54781813]\n [ -15.81300292  -56.46003576   14.49952699   17.82077876  -18.6881742\n     6.94007021]\n [ 129.91127518  415.02600916  -86.36033647  -18.6881742   121.77424442\n   -33.24262793]\n [ -33.38386356 -107.04361024   21.54781813    6.94007021  -33.24262793\n    12.62261745]]", "nfev": "665", "njev": "95", "status": "0", "success": "True", "message": "Optimization terminated successfully.", "x": "[ 7.39654874 -2.0833808   3.68396512  0.52653582  2.04431085  2.93592152]", "nit": "71"}, "8": {"maxiter": 500, "gtol": 1e-05, "xrtol": 1e-05, "eps": 1e-05, "duration": 0.09672999382019043, "fun": "0.11637706425517513", "jac": "[-6.47190079e-06  1.33392186e-06  5.98212591e-06  1.21954669e-06\n  4.13369339e-07  1.39690481e-06]", "hess_inv": "[[   2.8063227     8.06942715   -3.09093871    7.64701455   -2.41685647\n     2.96736342]\n [   8.06942715  281.43331777 -118.81850755  241.38053565 -111.31783202\n    84.66381388]\n [  -3.09093871 -118.81850755   52.41543683 -102.93952042   49.44489138\n   -37.66964627]\n [   7.64701455  241.38053565 -102.93952042  233.94286075 -106.07557078\n    80.58646891]\n [  -2.41685647 -111.31783202   49.44489138 -106.07557078   58.23802393\n   -44.66325186]\n [   2.96736342   84.66381388  -37.66964627   80.58646891  -44.66325186\n    37.27064294]]", "nfev": "546", "njev": "78", "status": "0", "success": "True", "message": "Optimization terminated successfully.", "x": "[ 7.3965323  -2.08318045  3.68389155  0.52675698  2.04418657  2.93600861]", "nit": "66"}, "9": {"maxiter": 500, "gtol": 1e-05, "xrtol": 1e-05, "eps": 1e-10, "duration": 0.09888291358947754, "fun": "0.11637706417450855", "jac": "[-2.22044587e-06  2.22044587e-06  1.11022293e-06 -2.22044587e-06\n -6.66133760e-06 -6.66133760e-06]", "hess_inv": "[[  3.01955144   3.91454213  -1.1804027   -0.30358147   2.03439469\n   -1.13614071]\n [  3.91454213  98.72848159 -40.55357646  53.41890686 -19.29477396\n   13.85691809]\n [ -1.1804027  -40.55357646  18.9424076  -22.19101346  10.46968791\n   -7.85284559]\n [ -0.30358147  53.41890686 -22.19101346  59.4572975  -25.98376407\n   18.36592673]\n [  2.03439469 -19.29477396  10.46968791 -25.98376407  24.87127153\n  -19.83336495]\n [ -1.13614071  13.85691809  -7.85284559  18.36592673 -19.83336495\n   18.28181971]]", "nfev": "560", "njev": "80", "status": "0", "success": "True", "message": "Optimization terminated successfully.", "x": "[ 7.39655575 -2.08328546  3.68393732  0.52653081  2.04431152  2.93591513]", "nit": "67"}, "10": {"maxiter": 500, "gtol": 1e-05, "xrtol": 1e-10, "eps": 1e-05, "duration": 0.09656715393066406, "fun": "0.11637706425517513", "jac": "[-6.47190079e-06  1.33392186e-06  5.98212591e-06  1.21954669e-06\n  4.13369339e-07  1.39690481e-06]", "hess_inv": "[[   2.8063227     8.06942715   -3.09093871    7.64701455   -2.41685647\n     2.96736342]\n [   8.06942715  281.43331777 -118.81850755  241.38053565 -111.31783202\n    84.66381388]\n [  -3.09093871 -118.81850755   52.41543683 -102.93952042   49.44489138\n   -37.66964627]\n [   7.64701455  241.38053565 -102.93952042  233.94286075 -106.07557078\n    80.58646891]\n [  -2.41685647 -111.31783202   49.44489138 -106.07557078   58.23802393\n   -44.66325186]\n [   2.96736342   84.66381388  -37.66964627   80.58646891  -44.66325186\n    37.27064294]]", "nfev": "546", "njev": "78", "status": "0", "success": "True", "message": "Optimization terminated successfully.", "x": "[ 7.3965323  -2.08318045  3.68389155  0.52675698  2.04418657  2.93600861]", "nit": "66"}, "11": {"maxiter": 500, "gtol": 1e-05, "xrtol": 1e-10, "eps": 1e-10, "duration": 0.09839701652526855, "fun": "0.11637706417450855", "jac": "[-2.22044587e-06  2.22044587e-06  1.11022293e-06 -2.22044587e-06\n -6.66133760e-06 -6.66133760e-06]", "hess_inv": "[[  3.01955144   3.91454213  -1.1804027   -0.30358147   2.03439469\n   -1.13614071]\n [  3.91454213  98.72848159 -40.55357646  53.41890686 -19.29477396\n   13.85691809]\n [ -1.1804027  -40.55357646  18.9424076  -22.19101346  10.46968791\n   -7.85284559]\n [ -0.30358147  53.41890686 -22.19101346  59.4572975  -25.98376407\n   18.36592673]\n [  2.03439469 -19.29477396  10.46968791 -25.98376407  24.87127153\n  -19.83336495]\n [ -1.13614071  13.85691809  -7.85284559  18.36592673 -19.83336495\n   18.28181971]]", "nfev": "560", "njev": "80", "status": "0", "success": "True", "message": "Optimization terminated successfully.", "x": "[ 7.39655575 -2.08328546  3.68393732  0.52653081  2.04431152  2.93591513]", "nit": "67"}, "12": {"maxiter": 500, "gtol": 1e-10, "xrtol": 1e-05, "eps": 1e-05, "duration": 0.09679293632507324, "fun": "0.11637706411791171", "jac": "[-2.12552198e-07  1.58395519e-07  1.82746041e-06  5.81579229e-07\n -6.55531185e-07 -4.49273951e-07]", "hess_inv": "[[   3.05184163    8.1224329    -3.24011824    7.39928234   -2.24802547\n     2.87653577]\n [   8.1224329   278.60144179 -117.4050526   240.88427587 -110.57626398\n    83.90540642]\n [  -3.24011824 -117.4050526    51.77104521 -102.56387028   48.98379653\n   -37.23882276]\n [   7.39928234  240.88427587 -102.56387028  234.12387482 -106.13611907\n    80.56306589]\n [  -2.24802547 -110.57626398   48.98379653 -106.13611907   58.17925717\n   -44.54249383]\n [   2.87653577   83.90540642  -37.23882276   80.56306589  -44.54249383\n    37.112277  ]]", "nfev": "553", "njev": "79", "status": "0", "success": "True", "message": "Optimization terminated successfully.", "x": "[ 7.39654848 -2.08316245  3.68387434  0.52674291  2.0441941   2.93600639]", "nit": "67"}, "13": {"maxiter": 500, "gtol": 1e-10, "xrtol": 1e-05, "eps": 1e-10, "duration": 0.09896492958068848, "fun": "0.11637706415499938", "jac": "[ 2.22044587e-06  1.11022293e-06  4.44089173e-06 -1.11022293e-06\n  3.33066880e-06  2.22044587e-06]", "hess_inv": "[[  3.02656642   1.5121231   -0.20264742  -0.60005649   2.15681047\n   -0.87695891]\n [  1.5121231   79.6527995  -33.19680406  52.81024827 -22.44671525\n   17.6475699 ]\n [ -0.20264742 -33.19680406  16.11365604 -21.99265505  11.77122528\n   -9.35087056]\n [ -0.60005649  52.81024827 -21.99265505  59.5939618  -26.45312275\n   18.6418253 ]\n [  2.15681047 -22.44671525  11.77122528 -26.45312275  25.22181369\n  -19.57312378]\n [ -0.87695891  17.6475699   -9.35087056  18.6418253  -19.57312378\n   17.6823742 ]]", "nfev": "567", "njev": "81", "status": "0", "success": "True", "message": "Optimization terminated successfully.", "x": "[ 7.39656653 -2.08333682  3.68395999  0.52651692  2.04433197  2.93591318]", "nit": "68"}, "14": {"maxiter": 500, "gtol": 1e-10, "xrtol": 1e-10, "eps": 1e-05, "duration": 0.1046609878540039, "fun": "0.1163770641026679", "jac": "[-9.99200722e-11  2.22044605e-11 -4.44089210e-11 -3.33066907e-11\n  7.77156117e-11  9.99200722e-11]", "hess_inv": "[[  3.53844353  13.45600475  -4.55700705  12.5557986   -2.92640707\n    2.73991386]\n [ 13.45600475 268.23340832 -97.19950959 236.16418894 -77.604778\n   47.25715486]\n [ -4.55700705 -97.19950959  38.12597302 -83.7328144   29.93106222\n  -18.95857616]\n [ 12.5557986  236.16418894 -83.7328144  243.27232539 -80.74108455\n   49.36674263]\n [ -2.92640707 -77.604778    29.93106222 -80.74108455  38.01995774\n  -25.65479922]\n [  2.73991386  47.25715486 -18.95857616  49.36674263 -25.65479922\n   20.81328423]]", "nfev": "602", "njev": "86", "status": "0", "success": "True", "message": "Optimization terminated successfully.", "x": "[ 7.39654946 -2.0831722   3.68387374  0.52670607  2.04420987  2.93599692]", "nit": "73"}, "15": {"maxiter": 500, "gtol": 1e-10, "xrtol": 1e-10, "eps": 1e-10, "duration": 0.1150658130645752, "fun": "0.11637706409533144", "jac": "[-2.22044587e-06 -2.22044587e-06  0.00000000e+00  0.00000000e+00\n  2.22044587e-06  0.00000000e+00]", "hess_inv": "[[ 142.58659236  449.86407545  -94.01119121  -15.81300292  129.91127518\n   -33.38386356]\n [ 449.86407545 1449.49157188 -302.4505156   -56.46003576  415.02600916\n  -107.04361024]\n [ -94.01119121 -302.4505156    64.72761555   14.49952699  -86.36033647\n    21.54781813]\n [ -15.81300292  -56.46003576   14.49952699   17.82077876  -18.6881742\n     6.94007021]\n [ 129.91127518  415.02600916  -86.36033647  -18.6881742   121.77424442\n   -33.24262793]\n [ -33.38386356 -107.04361024   21.54781813    6.94007021  -33.24262793\n    12.62261745]]", "nfev": "665", "njev": "95", "status": "0", "success": "True", "message": "Optimization terminated successfully.", "x": "[ 7.39654874 -2.0833808   3.68396512  0.52653582  2.04431085  2.93592152]", "nit": "71"}, "16": {"maxiter": 1000, "gtol": 1e-05, "xrtol": 1e-05, "eps": 1e-05, "duration": 0.09302091598510742, "fun": "0.11637706425517513", "jac": "[-6.47190079e-06  1.33392186e-06  5.98212591e-06  1.21954669e-06\n  4.13369339e-07  1.39690481e-06]", "hess_inv": "[[   2.8063227     8.06942715   -3.09093871    7.64701455   -2.41685647\n     2.96736342]\n [   8.06942715  281.43331777 -118.81850755  241.38053565 -111.31783202\n    84.66381388]\n [  -3.09093871 -118.81850755   52.41543683 -102.93952042   49.44489138\n   -37.66964627]\n [   7.64701455  241.38053565 -102.93952042  233.94286075 -106.07557078\n    80.58646891]\n [  -2.41685647 -111.31783202   49.44489138 -106.07557078   58.23802393\n   -44.66325186]\n [   2.96736342   84.66381388  -37.66964627   80.58646891  -44.66325186\n    37.27064294]]", "nfev": "546", "njev": "78", "status": "0", "success": "True", "message": "Optimization terminated successfully.", "x": "[ 7.3965323  -2.08318045  3.68389155  0.52675698  2.04418657  2.93600861]", "nit": "66"}, "17": {"maxiter": 1000, "gtol": 1e-05, "xrtol": 1e-05, "eps": 1e-10, "duration": 0.09489607810974121, "fun": "0.11637706417450855", "jac": "[-2.22044587e-06  2.22044587e-06  1.11022293e-06 -2.22044587e-06\n -6.66133760e-06 -6.66133760e-06]", "hess_inv": "[[  3.01955144   3.91454213  -1.1804027   -0.30358147   2.03439469\n   -1.13614071]\n [  3.91454213  98.72848159 -40.55357646  53.41890686 -19.29477396\n   13.85691809]\n [ -1.1804027  -40.55357646  18.9424076  -22.19101346  10.46968791\n   -7.85284559]\n [ -0.30358147  53.41890686 -22.19101346  59.4572975  -25.98376407\n   18.36592673]\n [  2.03439469 -19.29477396  10.46968791 -25.98376407  24.87127153\n  -19.83336495]\n [ -1.13614071  13.85691809  -7.85284559  18.36592673 -19.83336495\n   18.28181971]]", "nfev": "560", "njev": "80", "status": "0", "success": "True", "message": "Optimization terminated successfully.", "x": "[ 7.39655575 -2.08328546  3.68393732  0.52653081  2.04431152  2.93591513]", "nit": "67"}, "18": {"maxiter": 1000, "gtol": 1e-05, "xrtol": 1e-10, "eps": 1e-05, "duration": 0.09247469902038574, "fun": "0.11637706425517513", "jac": "[-6.47190079e-06  1.33392186e-06  5.98212591e-06  1.21954669e-06\n  4.13369339e-07  1.39690481e-06]", "hess_inv": "[[   2.8063227     8.06942715   -3.09093871    7.64701455   -2.41685647\n     2.96736342]\n [   8.06942715  281.43331777 -118.81850755  241.38053565 -111.31783202\n    84.66381388]\n [  -3.09093871 -118.81850755   52.41543683 -102.93952042   49.44489138\n   -37.66964627]\n [   7.64701455  241.38053565 -102.93952042  233.94286075 -106.07557078\n    80.58646891]\n [  -2.41685647 -111.31783202   49.44489138 -106.07557078   58.23802393\n   -44.66325186]\n [   2.96736342   84.66381388  -37.66964627   80.58646891  -44.66325186\n    37.27064294]]", "nfev": "546", "njev": "78", "status": "0", "success": "True", "message": "Optimization terminated successfully.", "x": "[ 7.3965323  -2.08318045  3.68389155  0.52675698  2.04418657  2.93600861]", "nit": "66"}, "19": {"maxiter": 1000, "gtol": 1e-05, "xrtol": 1e-10, "eps": 1e-10, "duration": 0.09492301940917969, "fun": "0.11637706417450855", "jac": "[-2.22044587e-06  2.22044587e-06  1.11022293e-06 -2.22044587e-06\n -6.66133760e-06 -6.66133760e-06]", "hess_inv": "[[  3.01955144   3.91454213  -1.1804027   -0.30358147   2.03439469\n   -1.13614071]\n [  3.91454213  98.72848159 -40.55357646  53.41890686 -19.29477396\n   13.85691809]\n [ -1.1804027  -40.55357646  18.9424076  -22.19101346  10.46968791\n   -7.85284559]\n [ -0.30358147  53.41890686 -22.19101346  59.4572975  -25.98376407\n   18.36592673]\n [  2.03439469 -19.29477396  10.46968791 -25.98376407  24.87127153\n  -19.83336495]\n [ -1.13614071  13.85691809  -7.85284559  18.36592673 -19.83336495\n   18.28181971]]", "nfev": "560", "njev": "80", "status": "0", "success": "True", "message": "Optimization terminated successfully.", "x": "[ 7.39655575 -2.08328546  3.68393732  0.52653081  2.04431152  2.93591513]", "nit": "67"}, "20": {"maxiter": 1000, "gtol": 1e-10, "xrtol": 1e-05, "eps": 1e-05, "duration": 0.09377789497375488, "fun": "0.11637706411791171", "jac": "[-2.12552198e-07  1.58395519e-07  1.82746041e-06  5.81579229e-07\n -6.55531185e-07 -4.49273951e-07]", "hess_inv": "[[   3.05184163    8.1224329    -3.24011824    7.39928234   -2.24802547\n     2.87653577]\n [   8.1224329   278.60144179 -117.4050526   240.88427587 -110.57626398\n    83.90540642]\n [  -3.24011824 -117.4050526    51.77104521 -102.56387028   48.98379653\n   -37.23882276]\n [   7.39928234  240.88427587 -102.56387028  234.12387482 -106.13611907\n    80.56306589]\n [  -2.24802547 -110.57626398   48.98379653 -106.13611907   58.17925717\n   -44.54249383]\n [   2.87653577   83.90540642  -37.23882276   80.56306589  -44.54249383\n    37.112277  ]]", "nfev": "553", "njev": "79", "status": "0", "success": "True", "message": "Optimization terminated successfully.", "x": "[ 7.39654848 -2.08316245  3.68387434  0.52674291  2.0441941   2.93600639]", "nit": "67"}, "21": {"maxiter": 1000, "gtol": 1e-10, "xrtol": 1e-05, "eps": 1e-10, "duration": 0.09645414352416992, "fun": "0.11637706415499938", "jac": "[ 2.22044587e-06  1.11022293e-06  4.44089173e-06 -1.11022293e-06\n  3.33066880e-06  2.22044587e-06]", "hess_inv": "[[  3.02656642   1.5121231   -0.20264742  -0.60005649   2.15681047\n   -0.87695891]\n [  1.5121231   79.6527995  -33.19680406  52.81024827 -22.44671525\n   17.6475699 ]\n [ -0.20264742 -33.19680406  16.11365604 -21.99265505  11.77122528\n   -9.35087056]\n [ -0.60005649  52.81024827 -21.99265505  59.5939618  -26.45312275\n   18.6418253 ]\n [  2.15681047 -22.44671525  11.77122528 -26.45312275  25.22181369\n  -19.57312378]\n [ -0.87695891  17.6475699   -9.35087056  18.6418253  -19.57312378\n   17.6823742 ]]", "nfev": "567", "njev": "81", "status": "0", "success": "True", "message": "Optimization terminated successfully.", "x": "[ 7.39656653 -2.08333682  3.68395999  0.52651692  2.04433197  2.93591318]", "nit": "68"}, "22": {"maxiter": 1000, "gtol": 1e-10, "xrtol": 1e-10, "eps": 1e-05, "duration": 0.10176992416381836, "fun": "0.1163770641026679", "jac": "[-9.99200722e-11  2.22044605e-11 -4.44089210e-11 -3.33066907e-11\n  7.77156117e-11  9.99200722e-11]", "hess_inv": "[[  3.53844353  13.45600475  -4.55700705  12.5557986   -2.92640707\n    2.73991386]\n [ 13.45600475 268.23340832 -97.19950959 236.16418894 -77.604778\n   47.25715486]\n [ -4.55700705 -97.19950959  38.12597302 -83.7328144   29.93106222\n  -18.95857616]\n [ 12.5557986  236.16418894 -83.7328144  243.27232539 -80.74108455\n   49.36674263]\n [ -2.92640707 -77.604778    29.93106222 -80.74108455  38.01995774\n  -25.65479922]\n [  2.73991386  47.25715486 -18.95857616  49.36674263 -25.65479922\n   20.81328423]]", "nfev": "602", "njev": "86", "status": "0", "success": "True", "message": "Optimization terminated successfully.", "x": "[ 7.39654946 -2.0831722   3.68387374  0.52670607  2.04420987  2.93599692]", "nit": "73"}, "23": {"maxiter": 1000, "gtol": 1e-10, "xrtol": 1e-10, "eps": 1e-10, "duration": 0.11211204528808594, "fun": "0.11637706409533144", "jac": "[-2.22044587e-06 -2.22044587e-06  0.00000000e+00  0.00000000e+00\n  2.22044587e-06  0.00000000e+00]", "hess_inv": "[[ 142.58659236  449.86407545  -94.01119121  -15.81300292  129.91127518\n   -33.38386356]\n [ 449.86407545 1449.49157188 -302.4505156   -56.46003576  415.02600916\n  -107.04361024]\n [ -94.01119121 -302.4505156    64.72761555   14.49952699  -86.36033647\n    21.54781813]\n [ -15.81300292  -56.46003576   14.49952699   17.82077876  -18.6881742\n     6.94007021]\n [ 129.91127518  415.02600916  -86.36033647  -18.6881742   121.77424442\n   -33.24262793]\n [ -33.38386356 -107.04361024   21.54781813    6.94007021  -33.24262793\n    12.62261745]]", "nfev": "665", "njev": "95", "status": "0", "success": "True", "message": "Optimization terminated successfully.", "x": "[ 7.39654874 -2.0833808   3.68396512  0.52653582  2.04431085  2.93592152]", "nit": "71"}}, "cobyla": {"0": {"maxiter": 100, "tol": 1e-05, "catol": 1e-05, "duration": 0.0162198543548584, "x": "[7.57119735 5.11731988 3.36310596 1.97292724 1.69347203 2.98089809]", "status": "2", "success": "False", "message": "Maximum number of function evaluations has been exceeded.", "nfev": "100", "fun": "0.12305883153295771", "maxcv": "0.0"}, "1": {"maxiter": 100, "tol": 1e-05, "catol": 1e-10, "duration": 0.01613593101501465, "x": "[7.57119735 5.11731988 3.36310596 1.97292724 1.69347203 2.98089809]", "status": "2", "success": "False", "message": "Maximum number of function evaluations has been exceeded.", "nfev": "100", "fun": "0.12305883153295771", "maxcv": "0.0"}, "2": {"maxiter": 100, "tol": 1e-10, "catol": 1e-05, "duration": 0.016113996505737305, "x": "[7.57119735 5.11731988 3.36310596 1.97292724 1.69347203 2.98089809]", "status": "2", "success": "False", "message": "Maximum number of function evaluations has been exceeded.", "nfev": "100", "fun": "0.12305883153295771", "maxcv": "0.0"}, "3": {"maxiter": 100, "tol": 1e-10, "catol": 1e-10, "duration": 0.016190290451049805, "x": "[7.57119735 5.11731988 3.36310596 1.97292724 1.69347203 2.98089809]", "status": "2", "success": "False", "message": "Maximum number of function evaluations has been exceeded.", "nfev": "100", "fun": "0.12305883153295771", "maxcv": "0.0"}, "4": {"maxiter": 500, "tol": 1e-05, "catol": 1e-05, "duration": 0.08074593544006348, "x": "[7.54157759 5.00369177 3.38338887 1.32564312 1.85667761 3.01682523]", "status": "2", "success": "False", "message": "Maximum number of function evaluations has been exceeded.", "nfev": "500", "fun": "0.11751036032711082", "maxcv": "0.0"}, "5": {"maxiter": 500, "tol": 1e-05, "catol": 1e-10, "duration": 0.08081984519958496, "x": "[7.54157759 5.00369177 3.38338887 1.32564312 1.85667761 3.01682523]", "status": "2", "success": "False", "message": "Maximum number of function evaluations has been exceeded.", "nfev": "500", "fun": "0.11751036032711082", "maxcv": "0.0"}, "6": {"maxiter": 500, "tol": 1e-10, "catol": 1e-05, "duration": 0.0807352066040039, "x": "[7.54157759 5.0036917