{"date": "2024/07/19/, 18:46:47", "conf_id": 281, "data_type": "var_s_rank\n", "num_data_points": 3, "s_rank": 0, "unitary": "[[-0.56303964-0.00798273j,-0.21670212-0.15784972j,-0.06047197-0.73952673j,-0.01438004+0.24552571j],[-0.06976756+0.23474685j,-0.01275565-0.5435098j,-0.02703657-0.08917885j,-0.08210486-0.79311774j],[-0.38559961+0.10714929j,0.5933431-0.2687392j,-0.24060861+0.29149289j,-0.45147719+0.26241743j],[-0.50180421+0.45931857j,-0.11617175+0.44134496j,0.49642745+0.22684508j,-0.08544628-0.15407063j]]", "databatch_0": {"databatch": "[[[-2.93111086e-02+0.16007392j,1.32665649e-01-0.01741334j,-1.74173513e-01-0.17934112j,6.05500561e-05-0.34168301j],[-9.38730629e-02+0.013353j,3.41145792e-02+0.07010058j,6.69554255e-02-0.129362j,1.88836075e-01-0.06304466j],[-1.42822705e-01+0.24158383j,2.25071667e-01+0.05087515j,-1.74998563e-01-0.39402075j,2.03706885e-01-0.55291529j],[-6.35444814e-02-0.01218642j,6.48150021e-03+0.05280308j,7.18821821e-02-0.06865069j,1.35845870e-01+0.00116164j]],[[-1.59488113e-02-0.2447099j,-5.57858445e-02-0.08349598j,1.01236395e-01-0.23848475j,9.05930630e-02-0.07446853j],[-4.11245654e-01+0.1052617j,-1.24245560e-01+0.12156862j,-4.38067556e-01-0.09609899j,-1.55620275e-01-0.13035549j],[-7.55519714e-02-0.34217852j,-9.68858279e-02-0.10584375j,9.13122724e-02-0.35877849j,1.11819556e-01-0.12481156j],[1.82963031e-01-0.03733024j,5.72230989e-02-0.05071732j,1.90381398e-01+0.05171913j,6.55454445e-02+0.06064579j]],[[-4.24288874e-01+0.49879558j,2.89611550e-01+0.03414479j,-5.58377490e-03+0.02135659j,3.33192493e-02+0.12808578j],[4.17476189e-01-0.10963331j,-1.43684400e-01-0.12767884j,1.10726952e-02-0.00943938j,3.02925891e-02-0.0818076j],[-1.03247003e-01+0.30972841j,1.40287920e-01-0.03818291j,1.39794911e-03+0.0109165j,3.92780268e-02+0.0530211j],[6.15478424e-02-0.28417275j,-1.20522698e-01+0.04733092j,-2.29017305e-03-0.00953015j,-3.98867865e-02-0.04315535j]]]", "initial param values": "[2.46771455,4.97320195,3.26094026,1.60896299,6.22047939,1.77405565]", "nelder_mead": {"type": "gradient-free", "0": {"maxiter": 100, "fatol": 1e-05, "xatol": 1e-05, "duration": 0.027356863021850586, "fun": "0.2629935504834072", "nit": "100", "nfev": "160", "status": "2", "success": "False", "message": "Maximum number of iterations has been exceeded.", "x": "[3.1239106  5.18707035 5.49554342 1.94437931 9.29770102 0.99463667]", "final_simplex": "(array([[3.1239106 , 5.18707035, 5.49554342, 1.94437931, 9.29770102,\n        0.99463667],\n       [3.10664865, 5.18590155, 5.517583  , 1.98357584, 9.24717816,\n        1.02528665],\n       [3.09123274, 5.20449406, 5.51712215, 1.93641729, 9.35724843,\n        1.01480739],\n       [3.09364951, 5.27793313, 5.5508246 , 1.93100487, 9.25697401,\n        1.00286894],\n       [3.0762797 , 5.1579833 , 5.42160678, 1.90195153, 9.29964317,\n        1.04292185],\n       [3.05863793, 5.30054362, 5.56075477, 2.00016577, 9.22100069,\n        1.00836208],\n       [3.0385858 , 5.2961798 , 5.60098344, 1.99915613, 9.27521023,\n        0.98912108]]), array([0.26299355, 0.26338937, 0.26381389, 0.26428585, 0.26436965,\n       0.26494803, 0.26534925]))"}, "1": {"maxiter": 100, "fatol": 1e-05, "xatol": 1e-10, "duration": 0.027462005615234375, "fun": "0.2629935504834072", "nit": "100", "nfev": "160", "status": "2", "success": "False", "message": "Maximum number of iterations has been exceeded.", "x": "[3.1239106  5.18707035 5.49554342 1.94437931 9.29770102 0.99463667]", "final_simplex": "(array([[3.1239106 , 5.18707035, 5.49554342, 1.94437931, 9.29770102,\n        0.99463667],\n       [3.10664865, 5.18590155, 5.517583  , 1.98357584, 9.24717816,\n        1.02528665],\n       [3.09123274, 5.20449406, 5.51712215, 1.93641729, 9.35724843,\n        1.01480739],\n       [3.09364951, 5.27793313, 5.5508246 , 1.93100487, 9.25697401,\n        1.00286894],\n       [3.0762797 , 5.1579833 , 5.42160678, 1.90195153, 9.29964317,\n        1.04292185],\n       [3.05863793, 5.30054362, 5.56075477, 2.00016577, 9.22100069,\n        1.00836208],\n       [3.0385858 , 5.2961798 , 5.60098344, 1.99915613, 9.27521023,\n        0.98912108]]), array([0.26299355, 0.26338937, 0.26381389, 0.26428585, 0.26436965,\n       0.26494803, 0.26534925]))"}, "2": {"maxiter": 100, "fatol": 1e-10, "xatol": 1e-05, "duration": 0.027309894561767578, "fun": "0.2629935504834072", "nit": "100", "nfev": "160", "status": "2", "success": "False", "message": "Maximum number of iterations has been exceeded.", "x": "[3.1239106  5.18707035 5.49554342 1.94437931 9.29770102 0.99463667]", "final_simplex": "(array([[3.1239106 , 5.18707035, 5.49554342, 1.94437931, 9.29770102,\n        0.99463667],\n       [3.10664865, 5.18590155, 5.517583  , 1.98357584, 9.24717816,\n        1.02528665],\n       [3.09123274, 5.20449406, 5.51712215, 1.93641729, 9.35724843,\n        1.01480739],\n       [3.09364951, 5.27793313, 5.5508246 , 1.93100487, 9.25697401,\n        1.00286894],\n       [3.0762797 , 5.1579833 , 5.42160678, 1.90195153, 9.29964317,\n        1.04292185],\n       [3.05863793, 5.30054362, 5.56075477, 2.00016577, 9.22100069,\n        1.00836208],\n       [3.0385858 , 5.2961798 , 5.60098344, 1.99915613, 9.27521023,\n        0.98912108]]), array([0.26299355, 0.26338937, 0.26381389, 0.26428585, 0.26436965,\n       0.26494803, 0.26534925]))"}, "3": {"maxiter": 100, "fatol": 1e-10, "xatol": 1e-10, "duration": 0.02719283103942871, "fun": "0.2629935504834072", "nit": "100", "nfev": "160", "status": "2", "success": "False", "message": "Maximum number of iterations has been exceeded.", "x": "[3.1239106  5.18707035 5.49554342 1.94437931 9.29770102 0.99463667]", "final_simplex": "(array([[3.1239106 , 5.18707035, 5.49554342, 1.94437931, 9.29770102,\n        0.99463667],\n       [3.10664865, 5.18590155, 5.517583  , 1.98357584, 9.24717816,\n        1.02528665],\n       [3.09123274, 5.20449406, 5.51712215, 1.93641729, 9.35724843,\n        1.01480739],\n       [3.09364951, 5.27793313, 5.5508246 , 1.93100487, 9.25697401,\n        1.00286894],\n       [3.0762797 , 5.1579833 , 5.42160678, 1.90195153, 9.29964317,\n        1.04292185],\n       [3.05863793, 5.30054362, 5.56075477, 2.00016577, 9.22100069,\n        1.00836208],\n       [3.0385858 , 5.2961798 , 5.60098344, 1.99915613, 9.27521023,\n        0.98912108]]), array([0.26299355, 0.26338937, 0.26381389, 0.26428585, 0.26436965,\n       0.26494803, 0.26534925]))"}, "4": {"maxiter": 500, "fatol": 1e-05, "xatol": 1e-05, "duration": 0.133544921875, "fun": "0.22286094717549199", "nit": "500", "nfev": "785", "status": "2", "success": "False", "message": "Maximum number of iterations has been exceeded.", "x": "[4.17367787 6.97917232 6.06225796 1.11231188 9.45525106 0.41356359]", "final_simplex": "(array([[4.17367787, 6.97917232, 6.06225796, 1.11231188, 9.45525106,\n        0.41356359],\n       [4.17367157, 6.97917177, 6.06225791, 1.11231475, 9.45524947,\n        0.41356498],\n       [4.17367332, 6.9791745 , 6.06225869, 1.11231289, 9.45524859,\n        0.41356893],\n       [4.1736778 , 6.97917507, 6.06224918, 1.11230724, 9.45525435,\n        0.41356109],\n       [4.17367762, 6.97917175, 6.06224679, 1.11230639, 9.45524951,\n        0.41356194],\n       [4.17367751, 6.97917418, 6.06226239, 1.1123196 , 9.45524815,\n        0.41356729],\n       [4.17367178, 6.97916287, 6.06225996, 1.11232482, 9.45524953,\n        0.41357252]]), array([0.22286095, 0.22286095, 0.22286095, 0.22286095, 0.22286095,\n       0.22286095, 0.22286095]))"}, "5": {"maxiter": 500, "fatol": 1e-05, "xatol": 1e-10, "duration": 0.13381695747375488, "fun": "0.22286094717549199", "nit": "500", "nfev": "785", "status": "2", "success": "False", "message": "Maximum number of iterations has been exceeded.", "x": "[4.17367787 6.97917232 6.06225796 1.11231188 9.45525106 0.41356359]", "final_simplex": "(array([[4.17367787, 6.97917232, 6.06225796, 1.11231188, 9.45525106,\n        0.41356359],\n       [4.17367157, 6.97917177, 6.06225791, 1.11231475, 9.45524947,\n        0.41356498],\n       [4.17367332, 6.9791745 , 6.06225869, 1.11231289, 9.45524859,\n        0.41356893],\n       [4.1736778 , 6.97917507, 6.06224918, 1.11230724, 9.45525435,\n        0.41356109],\n       [4.17367762, 6.97917175, 6.06224679, 1.11230639, 9.45524951,\n        0.41356194],\n       [4.17367751, 6.97917418, 6.06226239, 1.1123196 , 9.45524815,\n        0.41356729],\n       [4.17367178, 6.97916287, 6.06225996, 1.11232482, 9.45524953,\n        0.41357252]]), array([0.22286095, 0.22286095, 0.22286095, 0.22286095, 0.22286095,\n       0.22286095, 0.22286095]))"}, "6": {"maxiter": 500, "fatol": 1e-10, "xatol": 1e-05, "duration": 0.13319921493530273, "fun": "0.22286094717549199", "nit": "500", "nfev": "785", "status": "2", "success": "False", "message": "Maximum number of iterations has been exceeded.", "x": "[4.17367787 6.97917232 6.06225796 1.11231188 9.45525106 0.41356359]", "final_simplex": "(array([[4.17367787, 6.97917232, 6.06225796, 1.11231188, 9.45525106,\n        0.41356359],\n       [4.17367157, 6.97917177, 6.06225791, 1.11231475, 9.45524947,\n        0.41356498],\n       [4.17367332, 6.9791745 , 6.06225869, 1.11231289, 9.45524859,\n        0.41356893],\n       [4.1736778 , 6.97917507, 6.06224918, 1.11230724, 9.45525435,\n        0.41356109],\n       [4.17367762, 6.97917175, 6.06224679, 1.11230639, 9.45524951,\n        0.41356194],\n       [4.17367751, 6.97917418, 6.06226239, 1.1123196 , 9.45524815,\n        0.41356729],\n       [4.17367178, 6.97916287, 6.06225996, 1.11232482, 9.45524953,\n        0.41357252]]), array([0.22286095, 0.22286095, 0.22286095, 0.22286095, 0.22286095,\n       0.22286095, 0.22286095]))"}, "7": {"maxiter": 500, "fatol": 1e-10, "xatol": 1e-10, "duration": 0.13316607475280762, "fun": "0.22286094717549199", "nit": "500", "nfev": "785", "status": "2", "success": "False", "message": "Maximum number of iterations has been exceeded.", "x": "[4.17367787 6.97917232 6.06225796 1.11231188 9.45525106 0.41356359]", "final_simplex": "(array([[4.17367787, 6.97917232, 6.06225796, 1.11231188, 9.45525106,\n        0.41356359],\n       [4.17367157, 6.97917177, 6.06225791, 1.11231475, 9.45524947,\n        0.41356498],\n       [4.17367332, 6.9791745 , 6.06225869, 1.11231289, 9.45524859,\n        0.41356893],\n       [4.1736778 , 6.97917507, 6.06224918, 1.11230724, 9.45525435,\n        0.41356109],\n       [4.17367762, 6.97917175, 6.06224679, 1.11230639, 9.45524951,\n        0.41356194],\n       [4.17367751, 6.97917418, 6.06226239, 1.1123196 , 9.45524815,\n        0.41356729],\n       [4.17367178, 6.97916287, 6.06225996, 1.11232482, 9.45524953,\n        0.41357252]]), array([0.22286095, 0.22286095, 0.22286095, 0.22286095, 0.22286095,\n       0.22286095, 0.22286095]))"}, "8": {"maxiter": 1000, "fatol": 1e-05, "xatol": 1e-05, "duration": 0.13409423828125, "fun": "0.22286094717406613", "nit": "503", "nfev": "791", "status": "0", "success": "True", "message": "Optimization terminated successfully.", "x": "[4.17367676 6.97917306 6.06225132 1.1123088  9.45525004 0.41356303]", "final_simplex": "(array([[4.17367676, 6.97917306, 6.06225132, 1.1123088 , 9.45525004,\n        0.41356303],\n       [4.17367677, 6.97917408, 6.06225818, 1.11231471, 9.45524937,\n        0.41356541],\n       [4.17367803, 6.97917846, 6.06225325, 1.11230578, 9.45525052,\n        0.41356069],\n       [4.17367787, 6.97917232, 6.06225796, 1.11231188, 9.45525106,\n        0.41356359],\n       [4.17367157, 6.97917177, 6.06225791, 1.11231475, 9.45524947,\n        0.41356498],\n       [4.17367332, 6.9791745 , 6.06225869, 1.11231289, 9.45524859,\n        0.41356893],\n       [4.1736778 , 6.97917507, 6.06224918, 1.11230724, 9.45525435,\n        0.41356109]]), array([0.22286095, 0.22286095, 0.22286095, 0.22286095, 0.22286095,\n       0.22286095, 0.22286095]))"}, "9": {"maxiter": 1000, "fatol": 1e-05, "xatol": 1e-10, "duration": 0.17468976974487305, "fun": "0.22286094717318383", "nit": "614", "nfev": "1028", "status": "0", "success": "True", "message": "Optimization terminated successfully.", "x": "[4.17367662 6.9791743  6.0622544  1.11231109 9.45525018 0.4135634 ]", "final_simplex": "(array([[4.17367662, 6.9791743 , 6.0622544 , 1.11231109, 9.45525018,\n        0.4135634 ],\n       [4.17367662, 6.9791743 , 6.0622544 , 1.11231109, 9.45525018,\n        0.4135634 ],\n       [4.17367662, 6.9791743 , 6.0622544 , 1.11231109, 9.45525018,\n        0.4135634 ],\n       [4.17367662, 6.9791743 , 6.0622544 , 1.11231109, 9.45525018,\n        0.4135634 ],\n       [4.17367662, 6.9791743 , 6.0622544 , 1.11231109, 9.45525018,\n        0.4135634 ],\n       [4.17367662, 6.9791743 , 6.0622544 , 1.11231109, 9.45525018,\n        0.4135634 ],\n       [4.17367662, 6.9791743 , 6.0622544 , 1.11231109, 9.45525018,\n        0.4135634 ]]), array([0.22286095, 0.22286095, 0.22286095, 0.22286095, 0.22286095,\n       0.22286095, 0.22286095]))"}, "10": {"maxiter": 1000, "fatol": 1e-10, "xatol": 1e-05, "duration": 0.1353778839111328, "fun": "0.22286094717406613", "nit": "503", "nfev": "791", "status": "0", "success": "True", "message": "Optimization terminated successfully.", "x": "[4.17367676 6.97917306 6.06225132 1.1123088  9.45525004 0.41356303]", "final_simplex": "(array([[4.17367676, 6.97917306, 6.06225132, 1.1123088 , 9.45525004,\n        0.41356303],\n       [4.17367677, 6.97917408, 6.06225818, 1.11231471, 9.45524937,\n        0.41356541],\n       [4.17367803, 6.97917846, 6.06225325, 1.11230578, 9.45525052,\n        0.41356069],\n       [4.17367787, 6.97917232, 6.06225796, 1.11231188, 9.45525106,\n        0.41356359],\n       [4.17367157, 6.97917177, 6.06225791, 1.11231475, 9.45524947,\n        0.41356498],\n       [4.17367332, 6.9791745 , 6.06225869, 1.11231289, 9.45524859,\n        0.41356893],\n       [4.1736778 , 6.97917507, 6.06224918, 1.11230724, 9.45525435,\n        0.41356109]]), array([0.22286095, 0.22286095, 0.22286095, 0.22286095, 0.22286095,\n       0.22286095, 0.22286095]))"}, "11": {"maxiter": 1000, "fatol": 1e-10, "xatol": 1e-10, "duration": 0.17534708976745605, "fun": "0.22286094717318383", "nit": "614", "nfev": "1028", "status": "0", "success": "True", "message": "Optimization terminated successfully.", "x": "[4.17367662 6.9791743  6.0622544  1.11231109 9.45525018 0.4135634 ]", "final_simplex": "(array([[4.17367662, 6.9791743 , 6.0622544 , 1.11231109, 9.45525018,\n        0.4135634 ],\n       [4.17367662, 6.9791743 , 6.0622544 , 1.11231109, 9.45525018,\n        0.4135634 ],\n       [4.17367662, 6.9791743 , 6.0622544 , 1.11231109, 9.45525018,\n        0.4135634 ],\n       [4.17367662, 6.9791743 , 6.0622544 , 1.11231109, 9.45525018,\n        0.4135634 ],\n       [4.17367662, 6.9791743 , 6.0622544 , 1.11231109, 9.45525018,\n        0.4135634 ],\n       [4.17367662, 6.9791743 , 6.0622544 , 1.11231109, 9.45525018,\n        0.4135634 ],\n       [4.17367662, 6.9791743 , 6.0622544 , 1.11231109, 9.45525018,\n        0.4135634 ]]), array([0.22286095, 0.22286095, 0.22286095, 0.22286095, 0.22286095,\n       0.22286095, 0.22286095]))"}}, "bfgs": {"type": "gradient", "0": {"maxiter": 100, "gtol": 1e-05, "xrtol": 1e-05, "eps": 1e-05, "duration": 0.044328927993774414, "fun": "0.22286094723446104", "jac": "[-9.66338121e-07  8.14215362e-07 -1.46533896e-06  1.21493926e-06\n  2.39959164e-06  2.10359508e-06]", "hess_inv": "[[  6.42396492  -5.39116189   3.87829982  -4.72686503  -1.68719479\n    6.8932885 ]\n [ -5.39116189  14.41579825  -3.77968843   7.96375176   0.60909924\n  -12.5329554 ]\n [  3.87829982  -3.77968843   9.77079432  -7.08566248  -0.02915635\n    6.06012661]\n [ -4.72686503   7.96375176  -7.08566248  10.22418907   0.57893645\n   -8.90899807]\n [ -1.68719479   0.60909924  -0.02915635   0.57893645   4.25622592\n   -2.61827235]\n [  6.8932885  -12.5329554    6.06012661  -8.90899807  -2.61827235\n   16.53551569]]", "nfev": "252", "njev": "36", "status": "0", "success": "True", "message": "Optimization terminated successfully.", "x": "[ 2.10948657  3.8375877   2.92062993 -1.11228913  6.31366616  3.55514082]", "nit": "29"}, "1": {"maxiter": 100, "gtol": 1e-05, "xrtol": 1e-05, "eps": 1e-10, "duration": 0.04427313804626465, "fun": "0.22286094725229388", "jac": "[-1.11022293e-06  0.00000000e+00 -2.22044587e-06  3.33066880e-06\n  0.00000000e+00  3.33066880e-06]", "hess_inv": "[[ 6.27521815e+00 -5.18206279e+00  3.85121379e+00 -4.64440199e+00\n  -1.61311263e+00  6.67465250e+00]\n [-5.18206279e+00  1.41960788e+01 -3.75619382e+00  7.91722439e+00\n   4.38350261e-01 -1.22937715e+01]\n [ 3.85121379e+00 -3.75619382e+00  9.88005524e+00 -7.14948360e+00\n   1.01931781e-02  6.12876852e+00]\n [-4.64440199e+00  7.91722439e+00 -7.14948360e+00  1.02772318e+01\n   5.25047866e-01 -8.90857909e+00]\n [-1.61311263e+00  4.38350261e-01  1.01931781e-02  5.25047866e-01\n   4.31993130e+00 -2.43090385e+00]\n [ 6.67465250e+00 -1.22937715e+01  6.12876852e+00 -8.90857909e+00\n  -2.43090385e+00  1.62992251e+01]]", "nfev": "252", "njev": "36", "status": "0", "success": "True", "message": "Optimization terminated successfully.", "x": "[ 2.10948991  3.83759107  2.92062155 -1.11227947  6.31365714  3.5551408 ]", "nit": "29"}, "2": {"maxiter": 100, "gtol": 1e-05, "xrtol": 1e-10, "eps": 1e-05, "duration": 0.04438495635986328, "fun": "0.22286094723446104", "jac": "[-9.66338121e-07  8.14215362e-07 -1.46533896e-06  1.21493926e-06\n  2.39959164e-06  2.10359508e-06]", "hess_inv": "[[  6.42396492  -5.39116189   3.87829982  -4.72686503  -1.68719479\n    6.8932885 ]\n [ -5.39116189  14.41579825  -3.77968843   7.96375176   0.60909924\n  -12.5329554 ]\n [  3.87829982  -3.77968843   9.77079432  -7.08566248  -0.02915635\n    6.06012661]\n [ -4.72686503   7.96375176  -7.08566248  10.22418907   0.57893645\n   -8.90899807]\n [ -1.68719479   0.60909924  -0.02915635   0.57893645   4.25622592\n   -2.61827235]\n [  6.8932885  -12.5329554    6.06012661  -8.90899807  -2.61827235\n   16.53551569]]", "nfev": "252", "njev": "36", "status": "0", "success": "True", "message": "Optimization terminated successfully.", "x": "[ 2.10948657  3.8375877   2.92062993 -1.11228913  6.31366616  3.55514082]", "nit": "29"}, "3": {"maxiter": 100, "gtol": 1e-05, "xrtol": 1e-10, "eps": 1e-10, "duration": 0.04369831085205078, "fun": "0.22286094725229388", "jac": "[-1.11022293e-06  0.00000000e+00 -2.22044587e-06  3.33066880e-06\n  0.00000000e+00  3.33066880e-06]", "hess_inv": "[[ 6.27521815e+00 -5.18206279e+00  3.85121379e+00 -4.64440199e+00\n  -1.61311263e+00  6.67465250e+00]\n [-5.18206279e+00  1.41960788e+01 -3.75619382e+00  7.91722439e+00\n   4.38350261e-01 -1.22937715e+01]\n [ 3.85121379e+00 -3.75619382e+00  9.88005524e+00 -7.14948360e+00\n   1.01931781e-02  6.12876852e+00]\n [-4.64440199e+00  7.91722439e+00 -7.14948360e+00  1.02772318e+01\n   5.25047866e-01 -8.90857909e+00]\n [-1.61311263e+00  4.38350261e-01  1.01931781e-02  5.25047866e-01\n   4.31993130e+00 -2.43090385e+00]\n [ 6.67465250e+00 -1.22937715e+01  6.12876852e+00 -8.90857909e+00\n  -2.43090385e+00  1.62992251e+01]]", "nfev": "252", "njev": "36", "status": "0", "success": "True", "message": "Optimization terminated successfully.", "x": "[ 2.10948991  3.83759107  2.92062155 -1.11227947  6.31365714  3.5551408 ]", "nit": "29"}, "4": {"maxiter": 100, "gtol": 1e-10, "xrtol": 1e-05, "eps": 1e-05, "duration": 0.0448300838470459, "fun": "0.2228609471907662", "jac": "[-3.29303251e-07  1.21447297e-07  1.03717035e-07  1.66267000e-07\n  7.90478794e-08  1.36457512e-07]", "hess_inv": "[[  6.42974473  -4.89841036   4.39379004  -4.94452953  -2.02217053\n    6.52594436]\n [ -4.89841036  13.48482717  -3.68775078   7.52325643   0.70131612\n  -11.72409596]\n [  4.39379004  -3.68775078  10.9555729   -7.9961726   -0.6438487\n    6.10886054]\n [ -4.94452953   7.52325643  -7.9961726   10.77811531   1.1064925\n   -8.62905485]\n [ -2.02217053   0.70131612  -0.6438487    1.1064925    4.55427525\n   -2.76363233]\n [  6.52594436 -11.72409596   6.10886054  -8.62905485  -2.76363233\n   15.84660623]]", "nfev": "259", "njev": "37", "status": "0", "success": "True", "message": "Optimization terminated successfully.", "x": "[ 2.10950035  3.83758042  2.92065165 -1.11230935  6.31365624  3.55514941]", "nit": "30"}, "5": {"maxiter": 100, "gtol": 1e-10, "xrtol": 1e-05, "eps": 1e-10, "duration": 0.044859886169433594, "fun": "0.2228609472141163", "jac": "[-1.11022293e-06  0.00000000e+00  1.11022293e-06  0.00000000e+00\n -1.11022293e-06 -4.44089173e-06]", "hess_inv": "[[  6.35698055  -4.87008085   4.26459589  -4.86037143  -1.86027898\n    6.37404841]\n [ -4.87008085  14.02366037  -2.78548102   6.99128901   0.78033064\n  -12.2572421 ]\n [  4.26459589  -2.78548102  11.70004518  -8.28674142  -0.66742961\n    5.13576904]\n [ -4.86037143   6.99128901  -8.28674142  10.84008661   1.27396621\n   -8.02609842]\n [ -1.86027898   0.78033064  -0.66742961   1.27396621   3.85533403\n   -2.63820557]\n [  6.37404841 -12.2572421    5.13576904  -8.02609842  -2.63820557\n   16.37657798]]", "nfev": "259", "njev": "37", "status": "0", "success": "True", "message": "Optimization terminated successfully.", "x": "[ 2.1095014   3.83759702  2.92066276 -1.11231264  6.31365813  3.55513147]", "nit": "30"}, "6": {"maxiter": 100, "gtol": 1e-10, "xrtol": 1e-10, "eps": 1e-05, "duration": 0.0884549617767334, "fun": "0.22286094719049776", "jac": "[-3.60933505e-08 -3.33066907e-11  3.78364007e-08  1.87516669e-08\n -8.88178420e-09 -3.88578059e-09]", "hess_inv": "[[  7.54198181  -6.03269843   4.89361181  -6.05746581  -2.48362514\n    7.62829658]\n [ -6.03269843  14.57678568  -4.30021524   8.70353888   1.21302505\n  -12.80199996]\n [  4.89361181  -4.30021524  10.95381217  -8.40187959  -0.78709941\n    6.68068479]\n [ -6.05746581   8.70353888  -8.40187959  11.85203737   1.53988866\n   -9.76553699]\n [ -2.48362514   1.21302505  -0.78709941   1.53988866   4.7196428\n   -3.25030047]\n [  7.62829658 -12.80199996   6.68068479  -9.76553699  -3.25030047\n   16.90593727]]", "nfev": "516", "njev": "72", "status": "2", "success": "False", "message": "Desired error not necessarily achieved due to precision loss.", "x": "[ 2.10950301  3.83757757  2.92065325 -1.11231214  6.31365523  3.55515211]", "nit": "31"}, "7": {"maxiter": 100, "gtol": 1e-10, "xrtol": 1e-10, "eps": 1e-10, "duration": 0.09663581848144531, "fun": "0.22286094717600102", "jac": "[ 3.33066880e-06  0.00000000e+00  1.11022293e-06  3.33066880e-06\n -1.11022293e-06  0.00000000e+00]", "hess_inv": "[[ 7.64244174 -5.92327747 -6.79335719  1.86049601  4.74440413 -0.25846755]\n [-5.92327747  4.72296324  5.19784009 -1.41183747 -3.6134404  -0.12284347]\n [-6.79335719  5.19784009  6.14753676 -1.80983434 -4.26171184  0.50196504]\n [ 1.86049601 -1.41183747 -1.80983434  0.86090829  1.1356454  -0.34469037]\n [ 4.74440413 -3.6134404  -4.26171184  1.1356454   3.25343321 -0.68031998]\n [-0.25846755 -0.12284347  0.50196504 -0.34469037 -0.68031998  2.04174919]]", "nfev": "551", "njev": "77", "status": "2", "success": "False", "message": "Desired error not necessarily achieved due to precision loss.", "x": "[ 2.10950977  3.83758504  2.92066354 -1.11231043  6.31365428  3.55515311]", "nit": "37"}, "8": {"maxiter": 500, "gtol": 1e-05, "xrtol": 1e-05, "eps": 1e-05, "duration": 0.043895721435546875, "fun": "0.22286094723446104", "jac": "[-9.66338121e-07  8.14215362e-07 -1.46533896e-06  1.21493926e-06\n  2.39959164e-06  2.10359508e-06]", "hess_inv": "[[  6.42396492  -5.39116189   3.87829982  -4.72686503  -1.68719479\n    6.8932885 ]\n [ -5.39116189  14.41579825  -3.77968843   7.96375176   0.60909924\n  -12.5329554 ]\n [  3.87829982  -3.77968843   9.77079432  -7.08566248  -0.02915635\n    6.06012661]\n [ -4.72686503   7.96375176  -7.08566248  10.22418907   0.57893645\n   -8.90899807]\n [ -1.68719479   0.60909924  -0.02915635   0.57893645   4.25622592\n   -2.61827235]\n [  6.8932885  -12.5329554    6.06012661  -8.90899807  -2.61827235\n   16.53551569]]", "nfev": "252", "njev": "36", "status": "0", "success": "True", "message": "Optimization terminated successfully.", "x": "[ 2.10948657  3.8375877   2.92062993 -1.11228913  6.31366616  3.55514082]", "nit": "29"}, "9": {"maxiter": 500, "gtol": 1e-05, "xrtol": 1e-05, "eps": 1e-10, "duration": 0.04361295700073242, "fun": "0.22286094725229388", "jac": "[-1.11022293e-06  0.00000000e+00 -2.22044587e-06  3.33066880e-06\n  0.00000000e+00  3.33066880e-06]", "hess_inv": "[[ 6.27521815e+00 -5.18206279e+00  3.85121379e+00 -4.64440199e+00\n  -1.61311263e+00  6.67465250e+00]\n [-5.18206279e+00  1.41960788e+01 -3.75619382e+00  7.91722439e+00\n   4.38350261e-01 -1.22937715e+01]\n [ 3.85121379e+00 -3.75619382e+00  9.88005524e+00 -7.14948360e+00\n   1.01931781e-02  6.12876852e+00]\n [-4.64440199e+00  7.91722439e+00 -7.14948360e+00  1.02772318e+01\n   5.25047866e-01 -8.90857909e+00]\n [-1.61311263e+00  4.38350261e-01  1.01931781e-02  5.25047866e-01\n   4.31993130e+00 -2.43090385e+00]\n [ 6.67465250e+00 -1.22937715e+01  6.12876852e+00 -8.90857909e+00\n  -2.43090385e+00  1.62992251e+01]]", "nfev": "252", "njev": "36", "status": "0", "success": "True", "message": "Optimization terminated successfully.", "x": "[ 2.10948991  3.83759107  2.92062155 -1.11227947  6.31365714  3.5551408 ]", "nit": "29"}, "10": {"maxiter": 500, "gtol": 1e-05, "xrtol": 1e-10, "eps": 1e-05, "duration": 0.04362297058105469, "fun": "0.22286094723446104", "jac": "[-9.66338121e-07  8.14215362e-07 -1.46533896e-06  1.21493926e-06\n  2.39959164e-06  2.10359508e-06]", "hess_inv": "[[  6.42396492  -5.39116189   3.87829982  -4.72686503  -1.68719479\n    6.8932885 ]\n [ -5.39116189  14.41579825  -3.77968843   7.96375176   0.60909924\n  -12.5329554 ]\n [  3.87829982  -3.77968843   9.77079432  -7.08566248  -0.02915635\n    6.06012661]\n [ -4.72686503   7.96375176  -7.08566248  10.22418907   0.57893645\n   -8.90899807]\n [ -1.68719479   0.60909924  -0.02915635   0.57893645   4.25622592\n   -2.61827235]\n [  6.8932885  -12.5329554    6.06012661  -8.90899807  -2.61827235\n   16.53551569]]", "nfev": "252", "njev": "36", "status": "0", "success": "True", "message": "Optimization terminated successfully.", "x": "[ 2.10948657  3.8375877   2.92062993 -1.11228913  6.31366616  3.55514082]", "nit": "29"}, "11": {"maxiter": 500, "gtol": 1e-05, "xrtol": 1e-10, "eps": 1e-10, "duration": 0.04372096061706543, "fun": "0.22286094725229388", "jac": "[-1.11022293e-06  0.00000000e+00 -2.22044587e-06  3.33066880e-06\n  0.00000000e+00  3.33066880e-06]", "hess_inv": "[[ 6.27521815e+00 -5.18206279e+00  3.85121379e+00 -4.64440199e+00\n  -1.61311263e+00  6.67465250e+00]\n [-5.18206279e+00  1.41960788e+01 -3.75619382e+00  7.91722439e+00\n   4.38350261e-01 -1.22937715e+01]\n [ 3.85121379e+00 -3.75619382e+00  9.88005524e+00 -7.14948360e+00\n   1.01931781e-02  6.12876852e+00]\n [-4.64440199e+00  7.91722439e+00 -7.14948360e+00  1.02772318e+01\n   5.25047866e-01 -8.90857909e+00]\n [-1.61311263e+00  4.38350261e-01  1.01931781e-02  5.25047866e-01\n   4.31993130e+00 -2.43090385e+00]\n [ 6.67465250e+00 -1.22937715e+01  6.12876852e+00 -8.90857909e+00\n  -2.43090385e+00  1.62992251e+01]]", "nfev": "252", "njev": "36", "status": "0", "success": "True", "message": "Optimization terminated successfully.", "x": "[ 2.10948991  3.83759107  2.92062155 -1.11227947  6.31365714  3.5551408 ]", "nit": "29"}, "12": {"maxiter": 500, "gtol": 1e-10, "xrtol": 1e-05, "eps": 1e-05, "duration": 0.044947147369384766, "fun": "0.2228609471907662", "jac": "[-3.29303251e-07  1.21447297e-07  1.03717035e-07  1.66267000e-07\n  7.90478794e-08  1.36457512e-07]", "hess_inv": "[[  6.42974473  -4.89841036   4.39379004  -4.94452953  -2.02217053\n    6.52594436]\n [ -4.89841036  13.48482717  -3.68775078   7.52325643   0.70131612\n  -11.72409596]\n [  4.39379004  -3.68775078  10.9555729   -7.9961726   -0.6438487\n    6.10886054]\n [ -4.94452953   7.52325643  -7.9961726   10.77811531   1.1064925\n   -8.62905485]\n [ -2.02217053   0.70131612  -0.6438487    1.1064925    4.55427525\n   -2.76363233]\n [  6.52594436 -11.72409596   6.10886054  -8.62905485  -2.76363233\n   15.84660623]]", "nfev": "259", "njev": "37", "status": "0", "success": "True", "message": "Optimization terminated successfully.", "x": "[ 2.10950035  3.83758042  2.92065165 -1.11230935  6.31365624  3.55514941]", "nit": "30"}, "13": {"maxiter": 500, "gtol": 1e-10, "xrtol": 1e-05, "eps": 1e-10, "duration": 0.04508209228515625, "fun": "0.2228609472141163", "jac": "[-1.11022293e-06  0.00000000e+00  1.11022293e-06  0.00000000e+00\n -1.11022293e-06 -4.44089173e-06]", "hess_inv": "[[  6.35698055  -4.87008085   4.26459589  -4.86037143  -1.86027898\n    6.37404841]\n [ -4.87008085  14.02366037  -2.78548102   6.99128901   0.78033064\n  -12.2572421 ]\n [  4.26459589  -2.78548102  11.70004518  -8.28674142  -0.66742961\n    5.13576904]\n [ -4.86037143   6.99128901  -8.28674142  10.84008661   1.27396621\n   -8.02609842]\n [ -1.86027898   0.78033064  -0.66742961   1.27396621   3.85533403\n   -2.63820557]\n [  6.37404841 -12.2572421    5.13576904  -8.02609842  -2.63820557\n   16.37657798]]", "nfev": "259", "njev": "37", "status": "0", "success": "True", "message": "Optimization terminated successfully.", "x": "[ 2.1095014   3.83759702  2.92066276 -1.11231264  6.31365813  3.55513147]", "nit": "30"}, "14": {"maxiter": 500, "gtol": 1e-10, "xrtol": 1e-10, "eps": 1e-05, "duration": 0.08937788009643555, "fun": "0.22286094719049776", "jac": "[-3.60933505e-08 -3.33066907e-11  3.78364007e-08  1.87516669e-08\n -8.88178420e-09 -3.88578059e-09]", "hess_inv": "[[  7.54198181  -6.03269843   4.89361181  -6.05746581  -2.48362514\n    7.62829658]\n [ -6.03269843  14.57678568  -4.30021524   8.70353888   1.21302505\n  -12.80199996]\n [  4.89361181  -4.30021524  10.95381217  -8.40187959  -0.78709941\n    6.68068479]\n [ -6.05746581   8.70353888  -8.40187959  11.85203737   1.53988866\n   -9.76553699]\n [ -2.48362514   1.21302505  -0.78709941   1.53988866   4.7196428\n   -3.25030047]\n [  7.62829658 -12.80199996   6.68068479  -9.76553699  -3.25030047\n   16.90593727]]", "nfev": "516", "njev": "72", "status": "2", "success": "False", "message": "Desired error not necessarily achieved due to precision loss.", "x": "[ 2.10950301  3.83757757  2.92065325 -1.11231214  6.31365523  3.55515211]", "nit": "31"}, "15": {"maxiter": 500, "gtol": 1e-10, "xrtol": 1e-10, "eps": 1e-10, "duration": 0.0950160026550293, "fun": "0.22286094717600102", "jac": "[ 3.33066880e-06  0.00000000e+00  1.11022293e-06  3.33066880e-06\n -1.11022293e-06  0.00000000e+00]", "hess_inv": "[[ 7.64244174 -5.92327747 -6.79335719  1.86049601  4.74440413 -0.25846755]\n [-5.92327747  4.72296324  5.19784009 -1.41183747 -3.6134404  -0.12284347]\n [-6.79335719  5.19784009  6.14753676 -1.80983434 -4.26171184  0.50196504]\n [ 1.86049601 -1.41183747 -1.80983434  0.86090829  1.1356454  -0.34469037]\n [ 4.74440413 -3.6134404  -4.26171184  1.1356454   3.25343321 -0.68031998]\n [-0.25846755 -0.12284347  0.50196504 -0.34469037 -0.68031998  2.04174919]]", "nfev": "551", "njev": "77", "status": "2", "success": "False", "message": "Desired error not necessarily achieved due to precision loss.", "x": "[ 2.10950977  3.83758504  2.92066354 -1.11231043  6.31365428  3.55515311]", "nit": "37"}, "16": {"maxiter": 1000, "gtol": 1e-05, "xrtol": 1e-05, "eps": 1e-05, "duration": 0.043623924255371094, "fun": "0.22286094723446104", "jac": "[-9.66338121e-07  8.14215362e-07 -1.46533896e-06  1.21493926e-06\n  2.39959164e-06  2.10359508e-06]", "hess_inv": "[[  6.42396492  -5.39116189   3.87829982  -4.72686503  -1.68719479\n    6.8932885 ]\n [ -5.39116189  14.41579825  -3.77968843   7.96375176   0.60909924\n  -12.5329554 ]\n [  3.87829982  -3.77968843   9.77079432  -7.08566248  -0.02915635\n    6.06012661]\n [ -4.72686503   7.96375176  -7.08566248  10.22418907   0.57893645\n   -8.90899807]\n [ -1.68719479   0.60909924  -0.02915635   0.57893645   4.25622592\n   -2.61827235]\n [  6.8932885  -12.5329554    6.06012661  -8.90899807  -2.61827235\n   16.53551569]]", "nfev": "252", "njev": "36", "status": "0", "success": "True", "message": "Optimization terminated successfully.", "x": "[ 2.10948657  3.8375877   2.92062993 -1.11228913  6.31366616  3.55514082]", "nit": "29"}, "17": {"maxiter": 1000, "gtol": 1e-05, "xrtol": 1e-05, "eps": 1e-10, "duration": 0.04378485679626465, "fun": "0.22286094725229388", "jac": "[-1.11022293e-06  0.00000000e+00 -2.22044587e-06  3.33066880e-06\n  0.00000000e+00  3.33066880e-06]", "hess_inv": "[[ 6.27521815e+00 -5.18206279e+00  3.85121379e+00 -4.64440199e+00\n  -1.61311263e+00  6.67465250e+00]\n [-5.18206279e+00  1.41960788e+01 -3.75619382e+00  7.91722439e+00\n   4.38350261e-01 -1.22937715e+01]\n [ 3.85121379e+00 -3.75619382e+00  9.88005524e+00 -7.14948360e+00\n   1.01931781e-02  6.12876852e+00]\n [-4.64440199e+00  7.91722439e+00 -7.14948360e+00  1.02772318e+01\n   5.25047866e-01 -8.90857909e+00]\n [-1.61311263e+00  4.38350261e-01  1.01931781e-02  5.25047866e-01\n   4.31993130e+00 -2.43090385e+00]\n [ 6.67465250e+00 -1.22937715e+01  6.12876852e+00 -8.90857909e+00\n  -2.43090385e+00  1.62992251e+01]]", "nfev": "252", "njev": "36", "status": "0", "success": "True", "message": "Optimization terminated successfully.", "x": "[ 2.10948991  3.83759107  2.92062155 -1.11227947  6.31365714  3.5551408 ]", "nit": "29"}, "18": {"maxiter": 1000, "gtol": 1e-05, "xrtol": 1e-10, "eps": 1e-05, "duration": 0.043519020080566406, "fun": "0.22286094723446104", "jac": "[-9.66338121e-07  8.14215362e-07 -1.46533896e-06  1.21493926e-06\n  2.39959164e-06  2.10359508e-06]", "hess_inv": "[[  6.42396492  -5.39116189   3.87829982  -4.72686503  -1.68719479\n    6.8932885 ]\n [ -5.39116189  14.41579825  -3.77968843   7.96375176   0.60909924\n  -12.5329554 ]\n [  3.87829982  -3.77968843   9.77079432  -7.08566248  -0.02915635\n    6.06012661]\n [ -4.72686503   7.96375176  -7.08566248  10.22418907   0.57893645\n   -8.90899807]\n [ -1.68719479   0.60909924  -0.02915635   0.57893645   4.25622592\n   -2.61827235]\n [  6.8932885  -12.5329554    6.06012661  -8.90899807  -2.61827235\n   16.53551569]]", "nfev": "252", "njev": "36", "status": "0", "success": "True", "message": "Optimization terminated successfully.", "x": "[ 2.10948657  3.8375877   2.92062993 -1.11228913  6.31366616  3.55514082]", "nit": "29"}, "19": {"maxiter": 1000, "gtol": 1e-05, "xrtol": 1e-10, "eps": 1e-10, "duration": 0.04348611831665039, "fun": "0.22286094725229388", "jac": "[-1.11022293e-06  0.00000000e+00 -2.22044587e-06  3.33066880e-06\n  0.00000000e+00  3.33066880e-06]", "hess_inv": "[[ 6.27521815e+00 -5.18206279e+00  3.85121379e+00 -4.64440199e+00\n  -1.61311263e+00  6.67465250e+00]\n [-5.18206279e+00  1.41960788e+01 -3.75619382e+00  7.91722439e+00\n   4.38350261e-01 -1.22937715e+01]\n [ 3.85121379e+00 -3.75619382e+00  9.88005524e+00 -7.14948360e+00\n   1.01931781e-02  6.12876852e+00]\n [-4.64440199e+00  7.91722439e+00 -7.14948360e+00  1.02772318e+01\n   5.25047866e-01 -8.90857909e+00]\n [-1.61311263e+00  4.38350261e-01  1.01931781e-02  5.25047866e-01\n   4.31993130e+00 -2.43090385e+00]\n [ 6.67465250e+00 -1.22937715e+01  6.12876852e+00 -8.90857909e+00\n  -2.43090385e+00  1.62992251e+01]]", "nfev": "252", "njev": "36", "status": "0", "success": "True", "message": "Optimization terminated successfully.", "x": "[ 2.10948991  3.83759107  2.92062155 -1.11227947  6.31365714  3.5551408 ]", "nit": "29"}, "20": {"maxiter": 1000, "gtol": 1e-10, "xrtol": 1e-05, "eps": 1e-05, "duration": 0.044809818267822266, "fun": "0.2228609471907662", "jac": "[-3.29303251e-07  1.21447297e-07  1.03717035e-07  1.66267000e-07\n  7.90478794e-08  1.36457512e-07]", "hess_inv": "[[  6.42974473  -4.89841036   4.39379004  -4.94452953  -2.02217053\n    6.52594436]\n [ -4.89841036  13.48482717  -3.68775078   7.52325643   0.70131612\n  -11.72409596]\n [  4.39379004  -3.68775078  10.9555729   -7.9961726   -0.6438487\n    6.10886054]\n [ -4.94452953   7.52325643  -7.9961726   10.77811531   1.1064925\n   -8.62905485]\n [ -2.02217053   0.70131612  -0.6438487    1.1064925    4.55427525\n   -2.76363233]\n [  6.52594436 -11.72409596   6.10886054  -8.62905485  -2.76363233\n   15.84660623]]", "nfev": "259", "njev": "37", "status": "0", "success": "True", "message": "Optimization terminated successfully.", "x": "[ 2.10950035  3.83758042  2.92065165 -1.11230935  6.31365624  3.55514941]", "nit": "30"}, "21": {"maxiter": 1000, "gtol": 1e-10, "xrtol": 1e-05, "eps": 1e-10, "duration": 0.044966936111450195, "fun": "0.2228609472141163", "jac": "[-1.11022293e-06  0.00000000e+00  1.11022293e-06  0.00000000e+00\n -1.11022293e-06 -4.44089173e-06]", "hess_inv": "[[  6.35698055  -4.87008085   4.26459589  -4.86037143  -1.86027898\n    6.37404841]\n [ -4.87008085  14.02366037  -2.78548102   6.99128901   0.78033064\n  -12.2572421 ]\n [  4.26459589  -2.78548102  11.70004518  -8.28674142  -0.66742961\n    5.13576904]\n [ -4.86037143   6.99128901  -8.28674142  10.84008661   1.27396621\n   -8.02609842]\n [ -1.86027898   0.78033064  -0.66742961   1.27396621   3.85533403\n   -2.63820557]\n [  6.37404841 -12.2572421    5.13576904  -8.02609842  -2.63820557\n   16.37657798]]", "nfev": "259", "njev": "37", "status": "0", "success": "True", "message": "Optimization terminated successfully.", "x": "[ 2.1095014   3.83759702  2.92066276 -1.11231264  6.31365813  3.55513147]", "nit": "30"}, "22": {"maxiter": 1000, "gtol": 1e-10, "xrtol": 1e-10, "eps": 1e-05, "duration": 0.08852624893188477, "fun": "0.22286094719049776", "jac": "[-3.60933505e-08 -3.33066907e-11  3.78364007e-08  1.87516669e-08\n -8.88178420e-09 -3.88578059e-09]", "hess_inv": "[[  7.54198181  -6.03269843   4.89361181  -6.05746581  -2.48362514\n    7.62829658]\n [ -6.03269843  14.57678568  -4.30021524   8.70353888   1.21302505\n  -12.80199996]\n [  4.89361181  -4.30021524  10.95381217  -8.40187959  -0.78709941\n    6.68068479]\n [ -6.05746581   8.70353888  -8.40187959  11.85203737   1.53988866\n   -9.76553699]\n [ -2.48362514   1.21302505  -0.78709941   1.53988866   4.7196428\n   -3.25030047]\n [  7.62829658 -12.80199996   6.68068479  -9.76553699  -3.25030047\n   16.90593727]]", "nfev": "516", "njev": "72", "status": "2", "success": "False", "message": "Desired error not necessarily achieved due to precision loss.", "x": "[ 2.10950301  3.83757757  2.92065325 -1.11231214  6.31365523  3.55515211]", "nit": "31"}, "23": {"maxiter": 1000, "gtol": 1e-10, "xrtol": 1e-10, "eps": 1e-10, "duration": 0.09476995468139648, "fun": "0.22286094717600102", "jac": "[ 3.33066880e-06  0.00000000e+00  1.11022293e-06  3.33066880e-06\n -1.11022293e-06  0.00000000e+00]", "hess_inv": "[[ 7.64244174 -5.92327747 -6.79335719  1.86049601  4.74440413 -0.25846755]\n [-5.92327747  4.72296324  5.19784009 -1.41183747 -3.6134404  -0.12284347]\n [-6.79335719  5.19784009  6.14753676 -1.80983434 -4.26171184  0.50196504]\n [ 1.86049601 -1.41183747 -1.80983434  0.86090829  1.1356454  -0.34469037]\n [ 4.74440413 -3.6134404  -4.26171184  1.1356454   3.25343321 -0.68031998]\n [-0.25846755 -0.12284347  0.50196504 -0.34469037 -0.68031998  2.04174919]]", "nfev": "551", "njev": "77", "status": "2", "success": "False", "message": "Desired error not necessarily achieved due to precision loss.", "x": "[ 2.10950977  3.83758504  2.92066354 -1.11231043  6.31365428  3.55515311]", "nit": "37"}}, "cobyla": {"0": {"maxiter": 100, "tol": 1e-05, "catol": 1e-05, "duration": 0.016597270965576172, "x": "[3.22223559 5.11433884 5.35539526 1.95222795 9.37822497 1.12295574]", "status": "2", "success": "False", "message": "Maximum number of function evaluations has been exceeded.", "nfev": "100", "fun": "0.25829787397285886", "maxcv": "0.0"}, "1": {"maxiter": 100, "tol": 1e-05, "catol": 1e-10, "duration": 0.01673603057861328, "x": "[3.22223559 5.11433884 5.35539526 1.95222795 9.37822497 1.12295574]", "status": "2", "success": "False", "message": "Maximum number of function evaluations has been exceeded.", "nfev": "100", "fun": "0.25829787397285886", "maxcv": "0.0"}, "2": {"maxiter": 100, "tol": 1e-10, "catol": 1e-05, "duration": 0.016499996185302734, "x": "[3.22223559 5.11433884 5.35539526 1.95222795 9.37822497 1.12295574]", "status": "2", "success": "False", "message": "Maximum number of function evaluations has been exceeded.", "nfev": "100", "f