{"date": "2024/07/18/, 23:39:54", "conf_id": 109, "data_type": "orthogonal\n", "num_data_points": 2, "s_rank": 0, "unitary": "[[-0.24866696+0.58742286j,-0.44704345-0.43151574j,-0.35669027-0.20570733j,-0.10517633+0.1626036j],[0.10596805-0.19687975j,-0.30269685-0.15056416j,0.18246286+0.30440582j,-0.83484447-0.11310748j],[0.26054512-0.52548482j,0.0285017-0.50723956j,-0.43110112+0.17165838j,0.15243271+0.39915801j],[0.42978035+0.11991271j,-0.17224126-0.46030424j,0.6827807-0.15164662j,0.26483638+0.0061855j]]", "databatch_0": {"databatch": "[[[0.06134933-0.00136493j,0.0330981+0.12348521j,-0.13747048-0.05524325j,0.0032424-0.15968079j],[-0.30564861+0.59619373j,0.00901149+0.48119835j,-0.33276813-0.04274522j,0.21356658-0.08330651j],[-0.01153393+0.02330646j,0.01325023-0.05089212j,0.05276731+0.04926993j,-0.01119527+0.06568318j],[0.21344675+0.04977923j,0.00238364-0.03093222j,0.08313494-0.05243996j,0.10871062-0.05697101j]],[[-0.27809706-0.31027483j,-0.1429141+0.0702871j,-0.15544999-0.13231865j,-0.12252779-0.04466739j],[0.04337444+0.13298415j,0.05632965+0.03973288j,-0.01550064+0.04207839j,0.03267172-0.01232591j],[0.06038504+0.12480737j,0.0745994+0.35438051j,-0.35380339-0.11643772j,0.04733751-0.34388397j],[-0.32127012+0.34095169j,-0.07140327+0.20558914j,-0.09946871-0.0121375j,0.13186463+0.10456886j]]]", "initial param values": "[0.19081739,2.65481688,5.96007054,0.76030803,2.40781879,2.99454492]", "nelder_mead": {"type": "gradient-free", "0": {"maxiter": 100, "fatol": 1e-05, "xatol": 1e-05, "duration": 0.028039932250976562, "fun": "0.5754049132834848", "nit": "100", "nfev": "162", "status": "2", "success": "False", "message": "Maximum number of iterations has been exceeded.", "x": "[ 0.34304232  0.33533046 10.24866281  0.739995    3.69723253 -2.35579351]", "final_simplex": "(array([[ 0.34304232,  0.33533046, 10.24866281,  0.739995  ,  3.69723253,\n        -2.35579351],\n       [ 0.3406852 ,  0.24962768, 10.41835831,  0.74662278,  3.72022222,\n        -2.42418127],\n       [ 0.34272862,  0.23342394, 10.30525781,  0.74070221,  3.75666545,\n        -2.45225614],\n       [ 0.34627966,  0.32859343, 10.31758814,  0.73653711,  3.69814224,\n        -2.47572415],\n       [ 0.34149024,  0.22346535, 10.33488095,  0.74267764,  3.75878265,\n        -2.43627972],\n       [ 0.3465977 ,  0.2823399 , 10.3808948 ,  0.7337248 ,  3.71627707,\n        -2.51192568],\n       [ 0.34838967,  0.24832773, 10.41974986,  0.73961137,  3.7292669 ,\n        -2.58761494]]), array([0.57540491, 0.57561108, 0.57607665, 0.57613457, 0.57618243,\n       0.57619672, 0.5764943 ]))"}, "1": {"maxiter": 100, "fatol": 1e-05, "xatol": 1e-10, "duration": 0.027963876724243164, "fun": "0.5754049132834848", "nit": "100", "nfev": "162", "status": "2", "success": "False", "message": "Maximum number of iterations has been exceeded.", "x": "[ 0.34304232  0.33533046 10.24866281  0.739995    3.69723253 -2.35579351]", "final_simplex": "(array([[ 0.34304232,  0.33533046, 10.24866281,  0.739995  ,  3.69723253,\n        -2.35579351],\n       [ 0.3406852 ,  0.24962768, 10.41835831,  0.74662278,  3.72022222,\n        -2.42418127],\n       [ 0.34272862,  0.23342394, 10.30525781,  0.74070221,  3.75666545,\n        -2.45225614],\n       [ 0.34627966,  0.32859343, 10.31758814,  0.73653711,  3.69814224,\n        -2.47572415],\n       [ 0.34149024,  0.22346535, 10.33488095,  0.74267764,  3.75878265,\n        -2.43627972],\n       [ 0.3465977 ,  0.2823399 , 10.3808948 ,  0.7337248 ,  3.71627707,\n        -2.51192568],\n       [ 0.34838967,  0.24832773, 10.41974986,  0.73961137,  3.7292669 ,\n        -2.58761494]]), array([0.57540491, 0.57561108, 0.57607665, 0.57613457, 0.57618243,\n       0.57619672, 0.5764943 ]))"}, "2": {"maxiter": 100, "fatol": 1e-10, "xatol": 1e-05, "duration": 0.02793598175048828, "fun": "0.5754049132834848", "nit": "100", "nfev": "162", "status": "2", "success": "False", "message": "Maximum number of iterations has been exceeded.", "x": "[ 0.34304232  0.33533046 10.24866281  0.739995    3.69723253 -2.35579351]", "final_simplex": "(array([[ 0.34304232,  0.33533046, 10.24866281,  0.739995  ,  3.69723253,\n        -2.35579351],\n       [ 0.3406852 ,  0.24962768, 10.41835831,  0.74662278,  3.72022222,\n        -2.42418127],\n       [ 0.34272862,  0.23342394, 10.30525781,  0.74070221,  3.75666545,\n        -2.45225614],\n       [ 0.34627966,  0.32859343, 10.31758814,  0.73653711,  3.69814224,\n        -2.47572415],\n       [ 0.34149024,  0.22346535, 10.33488095,  0.74267764,  3.75878265,\n        -2.43627972],\n       [ 0.3465977 ,  0.2823399 , 10.3808948 ,  0.7337248 ,  3.71627707,\n        -2.51192568],\n       [ 0.34838967,  0.24832773, 10.41974986,  0.73961137,  3.7292669 ,\n        -2.58761494]]), array([0.57540491, 0.57561108, 0.57607665, 0.57613457, 0.57618243,\n       0.57619672, 0.5764943 ]))"}, "3": {"maxiter": 100, "fatol": 1e-10, "xatol": 1e-10, "duration": 0.027926206588745117, "fun": "0.5754049132834848", "nit": "100", "nfev": "162", "status": "2", "success": "False", "message": "Maximum number of iterations has been exceeded.", "x": "[ 0.34304232  0.33533046 10.24866281  0.739995    3.69723253 -2.35579351]", "final_simplex": "(array([[ 0.34304232,  0.33533046, 10.24866281,  0.739995  ,  3.69723253,\n        -2.35579351],\n       [ 0.3406852 ,  0.24962768, 10.41835831,  0.74662278,  3.72022222,\n        -2.42418127],\n       [ 0.34272862,  0.23342394, 10.30525781,  0.74070221,  3.75666545,\n        -2.45225614],\n       [ 0.34627966,  0.32859343, 10.31758814,  0.73653711,  3.69814224,\n        -2.47572415],\n       [ 0.34149024,  0.22346535, 10.33488095,  0.74267764,  3.75878265,\n        -2.43627972],\n       [ 0.3465977 ,  0.2823399 , 10.3808948 ,  0.7337248 ,  3.71627707,\n        -2.51192568],\n       [ 0.34838967,  0.24832773, 10.41974986,  0.73961137,  3.7292669 ,\n        -2.58761494]]), array([0.57540491, 0.57561108, 0.57607665, 0.57613457, 0.57618243,\n       0.57619672, 0.5764943 ]))"}, "4": {"maxiter": 500, "fatol": 1e-05, "xatol": 1e-05, "duration": 0.13161182403564453, "fun": "0.23783003231902922", "nit": "500", "nfev": "764", "status": "2", "success": "False", "message": "Maximum number of iterations has been exceeded.", "x": "[ 1.61894709  0.20195923 11.17180823  1.0508084   3.69176302 -2.91294185]", "final_simplex": "(array([[ 1.61894709,  0.20195923, 11.17180823,  1.0508084 ,  3.69176302,\n        -2.91294185],\n       [ 1.68088578,  0.28626106, 11.39889157,  0.81365959,  3.52030545,\n        -2.77538873],\n       [ 1.43762646,  0.01927913, 10.88636029,  0.80727451,  3.63358128,\n        -2.729391  ],\n       [ 1.41882429,  0.1949159 , 11.24187997,  1.02060485,  3.53669959,\n        -2.66542048],\n       [ 1.48842109,  0.47465239, 11.07552582,  0.90169111,  3.35554396,\n        -2.65588842],\n       [ 1.57844825,  0.38314169, 11.34247949,  0.94343326,  3.70420266,\n        -2.8779515 ],\n       [ 1.56198841,  0.22111185, 11.28942712,  0.70075201,  3.58907772,\n        -2.94259055]]), array([0.23783003, 0.24538593, 0.25460391, 0.25680172, 0.25975094,\n       0.26114205, 0.26405376]))"}, "5": {"maxiter": 500, "fatol": 1e-05, "xatol": 1e-10, "duration": 0.13136696815490723, "fun": "0.23783003231902922", "nit": "500", "nfev": "764", "status": "2", "success": "False", "message": "Maximum number of iterations has been exceeded.", "x": "[ 1.61894709  0.20195923 11.17180823  1.0508084   3.69176302 -2.91294185]", "final_simplex": "(array([[ 1.61894709,  0.20195923, 11.17180823,  1.0508084 ,  3.69176302,\n        -2.91294185],\n       [ 1.68088578,  0.28626106, 11.39889157,  0.81365959,  3.52030545,\n        -2.77538873],\n       [ 1.43762646,  0.01927913, 10.88636029,  0.80727451,  3.63358128,\n        -2.729391  ],\n       [ 1.41882429,  0.1949159 , 11.24187997,  1.02060485,  3.53669959,\n        -2.66542048],\n       [ 1.48842109,  0.47465239, 11.07552582,  0.90169111,  3.35554396,\n        -2.65588842],\n       [ 1.57844825,  0.38314169, 11.34247949,  0.94343326,  3.70420266,\n        -2.8779515 ],\n       [ 1.56198841,  0.22111185, 11.28942712,  0.70075201,  3.58907772,\n        -2.94259055]]), array([0.23783003, 0.24538593, 0.25460391, 0.25680172, 0.25975094,\n       0.26114205, 0.26405376]))"}, "6": {"maxiter": 500, "fatol": 1e-10, "xatol": 1e-05, "duration": 0.1312880516052246, "fun": "0.23783003231902922", "nit": "500", "nfev": "764", "status": "2", "success": "False", "message": "Maximum number of iterations has been exceeded.", "x": "[ 1.61894709  0.20195923 11.17180823  1.0508084   3.69176302 -2.91294185]", "final_simplex": "(array([[ 1.61894709,  0.20195923, 11.17180823,  1.0508084 ,  3.69176302,\n        -2.91294185],\n       [ 1.68088578,  0.28626106, 11.39889157,  0.81365959,  3.52030545,\n        -2.77538873],\n       [ 1.43762646,  0.01927913, 10.88636029,  0.80727451,  3.63358128,\n        -2.729391  ],\n       [ 1.41882429,  0.1949159 , 11.24187997,  1.02060485,  3.53669959,\n        -2.66542048],\n       [ 1.48842109,  0.47465239, 11.07552582,  0.90169111,  3.35554396,\n        -2.65588842],\n       [ 1.57844825,  0.38314169, 11.34247949,  0.94343326,  3.70420266,\n        -2.8779515 ],\n       [ 1.56198841,  0.22111185, 11.28942712,  0.70075201,  3.58907772,\n        -2.94259055]]), array([0.23783003, 0.24538593, 0.25460391, 0.25680172, 0.25975094,\n       0.26114205, 0.26405376]))"}, "7": {"maxiter": 500, "fatol": 1e-10, "xatol": 1e-10, "duration": 0.13116788864135742, "fun": "0.23783003231902922", "nit": "500", "nfev": "764", "status": "2", "success": "False", "message": "Maximum number of iterations has been exceeded.", "x": "[ 1.61894709  0.20195923 11.17180823  1.0508084   3.69176302 -2.91294185]", "final_simplex": "(array([[ 1.61894709,  0.20195923, 11.17180823,  1.0508084 ,  3.69176302,\n        -2.91294185],\n       [ 1.68088578,  0.28626106, 11.39889157,  0.81365959,  3.52030545,\n        -2.77538873],\n       [ 1.43762646,  0.01927913, 10.88636029,  0.80727451,  3.63358128,\n        -2.729391  ],\n       [ 1.41882429,  0.1949159 , 11.24187997,  1.02060485,  3.53669959,\n        -2.66542048],\n       [ 1.48842109,  0.47465239, 11.07552582,  0.90169111,  3.35554396,\n        -2.65588842],\n       [ 1.57844825,  0.38314169, 11.34247949,  0.94343326,  3.70420266,\n        -2.8779515 ],\n       [ 1.56198841,  0.22111185, 11.28942712,  0.70075201,  3.58907772,\n        -2.94259055]]), array([0.23783003, 0.24538593, 0.25460391, 0.25680172, 0.25975094,\n       0.26114205, 0.26405376]))"}, "8": {"maxiter": 1000, "fatol": 1e-05, "xatol": 1e-05, "duration": 0.17885303497314453, "fun": "0.19898325721915522", "nit": "681", "nfev": "1062", "status": "0", "success": "True", "message": "Optimization terminated successfully.", "x": "[ 1.83101804  0.05016139 10.84558584  1.15175116  3.47522134 -2.42117346]", "final_simplex": "(array([[ 1.83101804,  0.05016139, 10.84558584,  1.15175116,  3.47522134,\n        -2.42117346],\n       [ 1.83101143,  0.05015758, 10.84558852,  1.15174777,  3.4752236 ,\n        -2.42116774],\n       [ 1.83101411,  0.05015918, 10.84558462,  1.15174706,  3.47522007,\n        -2.4211673 ],\n       [ 1.83101803,  0.05015374, 10.84557869,  1.15175126,  3.47522634,\n        -2.42117607],\n       [ 1.83101586,  0.05015693, 10.84558758,  1.15174686,  3.47522515,\n        -2.42117897],\n       [ 1.83101548,  0.0501515 , 10.84558011,  1.15175032,  3.4752226 ,\n        -2.42117205],\n       [ 1.83101513,  0.05016045, 10.8455855 ,  1.15175113,  3.47522807,\n        -2.42118148]]), array([0.19898326, 0.19898326, 0.19898326, 0.19898326, 0.19898326,\n       0.19898326, 0.19898326]))"}, "9": {"maxiter": 1000, "fatol": 1e-05, "xatol": 1e-10, "duration": 0.23088312149047852, "fun": "0.1989832571969956", "nit": "842", "nfev": "1368", "status": "0", "success": "True", "message": "Optimization terminated successfully.", "x": "[ 1.83102133  0.05015728 10.84558708  1.15175406  3.4752268  -2.42116422]", "final_simplex": "(array([[ 1.83102133,  0.05015728, 10.84558708,  1.15175406,  3.4752268 ,\n        -2.42116422],\n       [ 1.83102133,  0.05015728, 10.84558708,  1.15175406,  3.4752268 ,\n        -2.42116422],\n       [ 1.83102133,  0.05015728, 10.84558708,  1.15175406,  3.4752268 ,\n        -2.42116422],\n       [ 1.83102133,  0.05015728, 10.84558708,  1.15175406,  3.4752268 ,\n        -2.42116422],\n       [ 1.83102133,  0.05015728, 10.84558708,  1.15175406,  3.4752268 ,\n        -2.42116422],\n       [ 1.83102133,  0.05015728, 10.84558708,  1.15175406,  3.4752268 ,\n        -2.42116422],\n       [ 1.83102133,  0.05015728, 10.84558708,  1.15175406,  3.4752268 ,\n        -2.42116422]]), array([0.19898326, 0.19898326, 0.19898326, 0.19898326, 0.19898326,\n       0.19898326, 0.19898326]))"}, "10": {"maxiter": 1000, "fatol": 1e-10, "xatol": 1e-05, "duration": 0.1791689395904541, "fun": "0.19898325721915522", "nit": "681", "nfev": "1062", "status": "0", "success": "True", "message": "Optimization terminated successfully.", "x": "[ 1.83101804  0.05016139 10.84558584  1.15175116  3.47522134 -2.42117346]", "final_simplex": "(array([[ 1.83101804,  0.05016139, 10.84558584,  1.15175116,  3.47522134,\n        -2.42117346],\n       [ 1.83101143,  0.05015758, 10.84558852,  1.15174777,  3.4752236 ,\n        -2.42116774],\n       [ 1.83101411,  0.05015918, 10.84558462,  1.15174706,  3.47522007,\n        -2.4211673 ],\n       [ 1.83101803,  0.05015374, 10.84557869,  1.15175126,  3.47522634,\n        -2.42117607],\n       [ 1.83101586,  0.05015693, 10.84558758,  1.15174686,  3.47522515,\n        -2.42117897],\n       [ 1.83101548,  0.0501515 , 10.84558011,  1.15175032,  3.4752226 ,\n        -2.42117205],\n       [ 1.83101513,  0.05016045, 10.8455855 ,  1.15175113,  3.47522807,\n        -2.42118148]]), array([0.19898326, 0.19898326, 0.19898326, 0.19898326, 0.19898326,\n       0.19898326, 0.19898326]))"}, "11": {"maxiter": 1000, "fatol": 1e-10, "xatol": 1e-10, "duration": 0.23041701316833496, "fun": "0.1989832571969956", "nit": "842", "nfev": "1368", "status": "0", "success": "True", "message": "Optimization terminated successfully.", "x": "[ 1.83102133  0.05015728 10.84558708  1.15175406  3.4752268  -2.42116422]", "final_simplex": "(array([[ 1.83102133,  0.05015728, 10.84558708,  1.15175406,  3.4752268 ,\n        -2.42116422],\n       [ 1.83102133,  0.05015728, 10.84558708,  1.15175406,  3.4752268 ,\n        -2.42116422],\n       [ 1.83102133,  0.05015728, 10.84558708,  1.15175406,  3.4752268 ,\n        -2.42116422],\n       [ 1.83102133,  0.05015728, 10.84558708,  1.15175406,  3.4752268 ,\n        -2.42116422],\n       [ 1.83102133,  0.05015728, 10.84558708,  1.15175406,  3.4752268 ,\n        -2.42116422],\n       [ 1.83102133,  0.05015728, 10.84558708,  1.15175406,  3.4752268 ,\n        -2.42116422],\n       [ 1.83102133,  0.05015728, 10.84558708,  1.15175406,  3.4752268 ,\n        -2.42116422]]), array([0.19898326, 0.19898326, 0.19898326, 0.19898326, 0.19898326,\n       0.19898326, 0.19898326]))"}}, "bfgs": {"type": "gradient", "0": {"maxiter": 100, "gtol": 1e-05, "xrtol": 1e-05, "eps": 1e-05, "duration": 0.030296802520751953, "fun": "0.19898325733838584", "jac": "[ 2.10232942e-06 -8.20638002e-06  3.50028895e-06  1.38440370e-06\n -3.58018060e-06 -2.75290901e-07]", "hess_inv": "[[ 2.77871576  0.07619942  0.47556139  0.05296603  0.58735484 -1.09246895]\n [ 0.07619942  3.14085892  1.79082898 -0.18446573 -0.82152928 -0.64446538]\n [ 0.47556139  1.79082898  5.25039967 -0.91606546 -0.16711104 -1.72245923]\n [ 0.05296603 -0.18446573 -0.91606546  3.09609329 -0.10342914  1.22555166]\n [ 0.58735484 -0.82152928 -0.16711104 -0.10342914  3.84168833 -2.23724485]\n [-1.09246895 -0.64446538 -1.72245923  1.22555166 -2.23724485  7.5311021 ]]", "nfev": "175", "njev": "25", "status": "0", "success": "True", "message": "Optimization terminated successfully.", "x": "[1.83102048 0.05013311 4.56240064 1.15175156 3.4752193  3.8620232 ]", "nit": "22"}, "1": {"maxiter": 100, "gtol": 1e-05, "xrtol": 1e-05, "eps": 1e-10, "duration": 0.030145883560180664, "fun": "0.1989832572975947", "jac": "[ 0.00000000e+00 -7.77156107e-06  2.22044587e-06  0.00000000e+00\n -3.33066880e-06 -4.44089173e-06]", "hess_inv": "[[ 2.76514508  0.07610521  0.47008688  0.06443162  0.55938183 -1.04801605]\n [ 0.07610521  3.14152841  1.79336379 -0.18992845 -0.81713902 -0.65870811]\n [ 0.47008688  1.79336379  5.26226746 -0.93044597 -0.16219224 -1.75734804]\n [ 0.06443162 -0.18992845 -0.93044597  3.11472606 -0.1065276   1.26164793]\n [ 0.55938183 -0.81713902 -0.16219224 -0.1065276   3.81522081 -2.21696146]\n [-1.04801605 -0.65870811 -1.75734804  1.26164793 -2.21696146  7.58140531]]", "nfev": "175", "njev": "25", "status": "0", "success": "True", "message": "Optimization terminated successfully.", "x": "[1.83103    0.05014368 4.5624165  1.15174897 3.47523148 3.86200218]", "nit": "22"}, "2": {"maxiter": 100, "gtol": 1e-05, "xrtol": 1e-10, "eps": 1e-05, "duration": 0.03000617027282715, "fun": "0.19898325733838584", "jac": "[ 2.10232942e-06 -8.20638002e-06  3.50028895e-06  1.38440370e-06\n -3.58018060e-06 -2.75290901e-07]", "hess_inv": "[[ 2.77871576  0.07619942  0.47556139  0.05296603  0.58735484 -1.09246895]\n [ 0.07619942  3.14085892  1.79082898 -0.18446573 -0.82152928 -0.64446538]\n [ 0.47556139  1.79082898  5.25039967 -0.91606546 -0.16711104 -1.72245923]\n [ 0.05296603 -0.18446573 -0.91606546  3.09609329 -0.10342914  1.22555166]\n [ 0.58735484 -0.82152928 -0.16711104 -0.10342914  3.84168833 -2.23724485]\n [-1.09246895 -0.64446538 -1.72245923  1.22555166 -2.23724485  7.5311021 ]]", "nfev": "175", "njev": "25", "status": "0", "success": "True", "message": "Optimization terminated successfully.", "x": "[1.83102048 0.05013311 4.56240064 1.15175156 3.4752193  3.8620232 ]", "nit": "22"}, "3": {"maxiter": 100, "gtol": 1e-05, "xrtol": 1e-10, "eps": 1e-10, "duration": 0.030015945434570312, "fun": "0.1989832572975947", "jac": "[ 0.00000000e+00 -7.77156107e-06  2.22044587e-06  0.00000000e+00\n -3.33066880e-06 -4.44089173e-06]", "hess_inv": "[[ 2.76514508  0.07610521  0.47008688  0.06443162  0.55938183 -1.04801605]\n [ 0.07610521  3.14152841  1.79336379 -0.18992845 -0.81713902 -0.65870811]\n [ 0.47008688  1.79336379  5.26226746 -0.93044597 -0.16219224 -1.75734804]\n [ 0.06443162 -0.18992845 -0.93044597  3.11472606 -0.1065276   1.26164793]\n [ 0.55938183 -0.81713902 -0.16219224 -0.1065276   3.81522081 -2.21696146]\n [-1.04801605 -0.65870811 -1.75734804  1.26164793 -2.21696146  7.58140531]]", "nfev": "175", "njev": "25", "status": "0", "success": "True", "message": "Optimization terminated successfully.", "x": "[1.83103    0.05014368 4.5624165  1.15174897 3.47523148 3.86200218]", "nit": "22"}, "4": {"maxiter": 100, "gtol": 1e-10, "xrtol": 1e-05, "eps": 1e-05, "duration": 0.031210899353027344, "fun": "0.1989832572231356", "jac": "[-3.56115137e-07 -4.04232203e-08  2.78821410e-07 -2.29105623e-07\n  1.62314606e-07 -1.65756298e-07]", "hess_inv": "[[ 2.81426297 -0.02166685  0.48591308  0.07525038  0.59662471 -1.09011755]\n [-0.02166685  3.39017904  1.78846332 -0.25012575 -0.91037033 -0.61368843]\n [ 0.48591308  1.78846332  5.21946701 -0.90397983 -0.0821611  -1.77016193]\n [ 0.07525038 -0.25012575 -0.90397983  3.10914068 -0.11117694  1.23500243]\n [ 0.59662471 -0.91037033 -0.0821611  -0.11117694  3.64482145 -2.11939394]\n [-1.09011755 -0.61368843 -1.77016193  1.23500243 -2.11939394  7.46228739]]", "nfev": "182", "njev": "26", "status": "0", "success": "True", "message": "Optimization terminated successfully.", "x": "[1.83101442 0.05015164 4.56239649 1.15174815 3.47522349 3.8620194 ]", "nit": "23"}, "5": {"maxiter": 100, "gtol": 1e-10, "xrtol": 1e-05, "eps": 1e-10, "duration": 0.031152009963989258, "fun": "0.19898325721957877", "jac": "[1.11022293e-06 1.11022301e-06 1.11022293e-06 2.22044587e-06\n 1.11022293e-06 1.11022293e-06]", "hess_inv": "[[ 2.78410043e+00  8.10322282e-04  4.93540590e-01  4.30035692e-02\n   5.84431645e-01 -1.16328009e+00]\n [ 8.10322282e-04  3.37208211e+00  1.77508976e+00 -1.83046043e-01\n  -9.58354449e-01 -3.93413790e-01]\n [ 4.93540590e-01  1.77508976e+00  5.20945355e+00 -8.71470252e-01\n  -8.56180401e-02 -1.68955027e+00]\n [ 4.30035692e-02 -1.83046043e-01 -8.71470252e-01  3.04964171e+00\n  -1.82460869e-01  1.17213338e+00]\n [ 5.84431645e-01 -9.58354449e-01 -8.56180401e-02 -1.82460869e-01\n   3.82293751e+00 -2.48648237e+00]\n [-1.16328009e+00 -3.93413790e-01 -1.68955027e+00  1.17213338e+00\n  -2.48648237e+00  7.74127123e+00]]", "nfev": "182", "njev": "26", "status": "0", "success": "True", "message": "Optimization terminated successfully.", "x": "[1.83102569 0.050161   4.56241094 1.15175408 3.47522592 3.86202897]", "nit": "23"}, "6": {"maxiter": 100, "gtol": 1e-10, "xrtol": 1e-10, "eps": 1e-05, "duration": 0.06135392189025879, "fun": "0.19898325722143662", "jac": "[ 1.53321800e-08  6.73905376e-09  6.94999613e-09 -2.11053397e-08\n -7.97140132e-09  1.09912079e-08]", "hess_inv": "[[ 2.75800479  0.02400234  0.53928283  0.03009085  0.66481637 -1.21367546]\n [ 0.02400234  3.36669286  1.69326495 -0.18356603 -0.96929252 -0.48224162]\n [ 0.53928283  1.69326495  5.43219882 -1.01953787 -0.13261367 -1.80550216]\n [ 0.03009085 -0.18356603 -1.01953787  3.16866059 -0.06470805  1.22715113]\n [ 0.66481637 -0.96929252 -0.13261367 -0.06470805  3.56310667 -1.97812213]\n [-1.21367546 -0.48224162 -1.80550216  1.22715113 -1.97812213  7.27964675]]", "nfev": "361", "njev": "50", "status": "2", "success": "False", "message": "Desired error not necessarily achieved due to precision loss.", "x": "[1.83101497 0.05015139 4.56239479 1.15174931 3.47522275 3.8620213 ]", "nit": "24"}, "7": {"maxiter": 100, "gtol": 1e-10, "xrtol": 1e-10, "eps": 1e-10, "duration": 0.10565614700317383, "fun": "0.19898325720203824", "jac": "[4.44089173e-06 2.22044602e-06 2.22044587e-06 0.00000000e+00\n 2.22044587e-06 3.33066880e-06]", "hess_inv": "[[ 0.04642008 -0.04564475 -0.02372092  0.02205385 -0.03121986 -0.00298128]\n [-0.04564475  0.05281128  0.02411789 -0.01370194  0.02370343  0.00078062]\n [-0.02372092  0.02411789  0.01421021 -0.00557822  0.01243327  0.00124632]\n [ 0.02205385 -0.01370194 -0.00557822  0.03374912 -0.03072719 -0.00210139]\n [-0.03121986  0.02370343  0.01243327 -0.03072719  0.03399123  0.00139692]\n [-0.00298128  0.00078062  0.00124632 -0.00210139  0.00139692  0.00332301]]", "nfev": "623", "njev": "89", "status": "0", "success": "True", "message": "Optimization terminated successfully.", "x": "[1.83102194 0.05015605 4.56240652 1.1517505  3.47522752 3.86202134]", "nit": "44"}, "8": {"maxiter": 500, "gtol": 1e-05, "xrtol": 1e-05, "eps": 1e-05, "duration": 0.029989004135131836, "fun": "0.19898325733838584", "jac": "[ 2.10232942e-06 -8.20638002e-06  3.50028895e-06  1.38440370e-06\n -3.58018060e-06 -2.75290901e-07]", "hess_inv": "[[ 2.77871576  0.07619942  0.47556139  0.05296603  0.58735484 -1.09246895]\n [ 0.07619942  3.14085892  1.79082898 -0.18446573 -0.82152928 -0.64446538]\n [ 0.47556139  1.79082898  5.25039967 -0.91606546 -0.16711104 -1.72245923]\n [ 0.05296603 -0.18446573 -0.91606546  3.09609329 -0.10342914  1.22555166]\n [ 0.58735484 -0.82152928 -0.16711104 -0.10342914  3.84168833 -2.23724485]\n [-1.09246895 -0.64446538 -1.72245923  1.22555166 -2.23724485  7.5311021 ]]", "nfev": "175", "njev": "25", "status": "0", "success": "True", "message": "Optimization terminated successfully.", "x": "[1.83102048 0.05013311 4.56240064 1.15175156 3.4752193  3.8620232 ]", "nit": "22"}, "9": {"maxiter": 500, "gtol": 1e-05, "xrtol": 1e-05, "eps": 1e-10, "duration": 0.029907941818237305, "fun": "0.1989832572975947", "jac": "[ 0.00000000e+00 -7.77156107e-06  2.22044587e-06  0.00000000e+00\n -3.33066880e-06 -4.44089173e-06]", "hess_inv": "[[ 2.76514508  0.07610521  0.47008688  0.06443162  0.55938183 -1.04801605]\n [ 0.07610521  3.14152841  1.79336379 -0.18992845 -0.81713902 -0.65870811]\n [ 0.47008688  1.79336379  5.26226746 -0.93044597 -0.16219224 -1.75734804]\n [ 0.06443162 -0.18992845 -0.93044597  3.11472606 -0.1065276   1.26164793]\n [ 0.55938183 -0.81713902 -0.16219224 -0.1065276   3.81522081 -2.21696146]\n [-1.04801605 -0.65870811 -1.75734804  1.26164793 -2.21696146  7.58140531]]", "nfev": "175", "njev": "25", "status": "0", "success": "True", "message": "Optimization terminated successfully.", "x": "[1.83103    0.05014368 4.5624165  1.15174897 3.47523148 3.86200218]", "nit": "22"}, "10": {"maxiter": 500, "gtol": 1e-05, "xrtol": 1e-10, "eps": 1e-05, "duration": 0.029934167861938477, "fun": "0.19898325733838584", "jac": "[ 2.10232942e-06 -8.20638002e-06  3.50028895e-06  1.38440370e-06\n -3.58018060e-06 -2.75290901e-07]", "hess_inv": "[[ 2.77871576  0.07619942  0.47556139  0.05296603  0.58735484 -1.09246895]\n [ 0.07619942  3.14085892  1.79082898 -0.18446573 -0.82152928 -0.64446538]\n [ 0.47556139  1.79082898  5.25039967 -0.91606546 -0.16711104 -1.72245923]\n [ 0.05296603 -0.18446573 -0.91606546  3.09609329 -0.10342914  1.22555166]\n [ 0.58735484 -0.82152928 -0.16711104 -0.10342914  3.84168833 -2.23724485]\n [-1.09246895 -0.64446538 -1.72245923  1.22555166 -2.23724485  7.5311021 ]]", "nfev": "175", "njev": "25", "status": "0", "success": "True", "message": "Optimization terminated successfully.", "x": "[1.83102048 0.05013311 4.56240064 1.15175156 3.4752193  3.8620232 ]", "nit": "22"}, "11": {"maxiter": 500, "gtol": 1e-05, "xrtol": 1e-10, "eps": 1e-10, "duration": 0.02987813949584961, "fun": "0.1989832572975947", "jac": "[ 0.00000000e+00 -7.77156107e-06  2.22044587e-06  0.00000000e+00\n -3.33066880e-06 -4.44089173e-06]", "hess_inv": "[[ 2.76514508  0.07610521  0.47008688  0.06443162  0.55938183 -1.04801605]\n [ 0.07610521  3.14152841  1.79336379 -0.18992845 -0.81713902 -0.65870811]\n [ 0.47008688  1.79336379  5.26226746 -0.93044597 -0.16219224 -1.75734804]\n [ 0.06443162 -0.18992845 -0.93044597  3.11472606 -0.1065276   1.26164793]\n [ 0.55938183 -0.81713902 -0.16219224 -0.1065276   3.81522081 -2.21696146]\n [-1.04801605 -0.65870811 -1.75734804  1.26164793 -2.21696146  7.58140531]]", "nfev": "175", "njev": "25", "status": "0", "success": "True", "message": "Optimization terminated successfully.", "x": "[1.83103    0.05014368 4.5624165  1.15174897 3.47523148 3.86200218]", "nit": "22"}, "12": {"maxiter": 500, "gtol": 1e-10, "xrtol": 1e-05, "eps": 1e-05, "duration": 0.031131267547607422, "fun": "0.1989832572231356", "jac": "[-3.56115137e-07 -4.04232203e-08  2.78821410e-07 -2.29105623e-07\n  1.62314606e-07 -1.65756298e-07]", "hess_inv": "[[ 2.81426297 -0.02166685  0.48591308  0.07525038  0.59662471 -1.09011755]\n [-0.02166685  3.39017904  1.78846332 -0.25012575 -0.91037033 -0.61368843]\n [ 0.48591308  1.78846332  5.21946701 -0.90397983 -0.0821611  -1.77016193]\n [ 0.07525038 -0.25012575 -0.90397983  3.10914068 -0.11117694  1.23500243]\n [ 0.59662471 -0.91037033 -0.0821611  -0.11117694  3.64482145 -2.11939394]\n [-1.09011755 -0.61368843 -1.77016193  1.23500243 -2.11939394  7.46228739]]", "nfev": "182", "njev": "26", "status": "0", "success": "True", "message": "Optimization terminated successfully.", "x": "[1.83101442 0.05015164 4.56239649 1.15174815 3.47522349 3.8620194 ]", "nit": "23"}, "13": {"maxiter": 500, "gtol": 1e-10, "xrtol": 1e-05, "eps": 1e-10, "duration": 0.03144407272338867, "fun": "0.19898325721957877", "jac": "[1.11022293e-06 1.11022301e-06 1.11022293e-06 2.22044587e-06\n 1.11022293e-06 1.11022293e-06]", "hess_inv": "[[ 2.78410043e+00  8.10322282e-04  4.93540590e-01  4.30035692e-02\n   5.84431645e-01 -1.16328009e+00]\n [ 8.10322282e-04  3.37208211e+00  1.77508976e+00 -1.83046043e-01\n  -9.58354449e-01 -3.93413790e-01]\n [ 4.93540590e-01  1.77508976e+00  5.20945355e+00 -8.71470252e-01\n  -8.56180401e-02 -1.68955027e+00]\n [ 4.30035692e-02 -1.83046043e-01 -8.71470252e-01  3.04964171e+00\n  -1.82460869e-01  1.17213338e+00]\n [ 5.84431645e-01 -9.58354449e-01 -8.56180401e-02 -1.82460869e-01\n   3.82293751e+00 -2.48648237e+00]\n [-1.16328009e+00 -3.93413790e-01 -1.68955027e+00  1.17213338e+00\n  -2.48648237e+00  7.74127123e+00]]", "nfev": "182", "njev": "26", "status": "0", "success": "True", "message": "Optimization terminated successfully.", "x": "[1.83102569 0.050161   4.56241094 1.15175408 3.47522592 3.86202897]", "nit": "23"}, "14": {"maxiter": 500, "gtol": 1e-10, "xrtol": 1e-10, "eps": 1e-05, "duration": 0.06132316589355469, "fun": "0.19898325722143662", "jac": "[ 1.53321800e-08  6.73905376e-09  6.94999613e-09 -2.11053397e-08\n -7.97140132e-09  1.09912079e-08]", "hess_inv": "[[ 2.75800479  0.02400234  0.53928283  0.03009085  0.66481637 -1.21367546]\n [ 0.02400234  3.36669286  1.69326495 -0.18356603 -0.96929252 -0.48224162]\n [ 0.53928283  1.69326495  5.43219882 -1.01953787 -0.13261367 -1.80550216]\n [ 0.03009085 -0.18356603 -1.01953787  3.16866059 -0.06470805  1.22715113]\n [ 0.66481637 -0.96929252 -0.13261367 -0.06470805  3.56310667 -1.97812213]\n [-1.21367546 -0.48224162 -1.80550216  1.22715113 -1.97812213  7.27964675]]", "nfev": "361", "njev": "50", "status": "2", "success": "False", "message": "Desired error not necessarily achieved due to precision loss.", "x": "[1.83101497 0.05015139 4.56239479 1.15174931 3.47522275 3.8620213 ]", "nit": "24"}, "15": {"maxiter": 500, "gtol": 1e-10, "xrtol": 1e-10, "eps": 1e-10, "duration": 0.10565304756164551, "fun": "0.19898325720203824", "jac": "[4.44089173e-06 2.22044602e-06 2.22044587e-06 0.00000000e+00\n 2.22044587e-06 3.33066880e-06]", "hess_inv": "[[ 0.04642008 -0.04564475 -0.02372092  0.02205385 -0.03121986 -0.00298128]\n [-0.04564475  0.05281128  0.02411789 -0.01370194  0.02370343  0.00078062]\n [-0.02372092  0.02411789  0.01421021 -0.00557822  0.01243327  0.00124632]\n [ 0.02205385 -0.01370194 -0.00557822  0.03374912 -0.03072719 -0.00210139]\n [-0.03121986  0.02370343  0.01243327 -0.03072719  0.03399123  0.00139692]\n [-0.00298128  0.00078062  0.00124632 -0.00210139  0.00139692  0.00332301]]", "nfev": "623", "njev": "89", "status": "0", "success": "True", "message": "Optimization terminated successfully.", "x": "[1.83102194 0.05015605 4.56240652 1.1517505  3.47522752 3.86202134]", "nit": "44"}, "16": {"maxiter": 1000, "gtol": 1e-05, "xrtol": 1e-05, "eps": 1e-05, "duration": 0.029958009719848633, "fun": "0.19898325733838584", "jac": "[ 2.10232942e-06 -8.20638002e-06  3.50028895e-06  1.38440370e-06\n -3.58018060e-06 -2.75290901e-07]", "hess_inv": "[[ 2.77871576  0.07619942  0.47556139  0.05296603  0.58735484 -1.09246895]\n [ 0.07619942  3.14085892  1.79082898 -0.18446573 -0.82152928 -0.64446538]\n [ 0.47556139  1.79082898  5.25039967 -0.91606546 -0.16711104 -1.72245923]\n [ 0.05296603 -0.18446573 -0.91606546  3.09609329 -0.10342914  1.22555166]\n [ 0.58735484 -0.82152928 -0.16711104 -0.10342914  3.84168833 -2.23724485]\n [-1.09246895 -0.64446538 -1.72245923  1.22555166 -2.23724485  7.5311021 ]]", "nfev": "175", "njev": "25", "status": "0", "success": "True", "message": "Optimization terminated successfully.", "x": "[1.83102048 0.05013311 4.56240064 1.15175156 3.4752193  3.8620232 ]", "nit": "22"}, "17": {"maxiter": 1000, "gtol": 1e-05, "xrtol": 1e-05, "eps": 1e-10, "duration": 0.02995920181274414, "fun": "0.1989832572975947", "jac": "[ 0.00000000e+00 -7.77156107e-06  2.22044587e-06  0.00000000e+00\n -3.33066880e-06 -4.44089173e-06]", "hess_inv": "[[ 2.76514508  0.07610521  0.47008688  0.06443162  0.55938183 -1.04801605]\n [ 0.07610521  3.14152841  1.79336379 -0.18992845 -0.81713902 -0.65870811]\n [ 0.47008688  1.79336379  5.26226746 -0.93044597 -0.16219224 -1.75734804]\n [ 0.06443162 -0.18992845 -0.93044597  3.11472606 -0.1065276   1.26164793]\n [ 0.55938183 -0.81713902 -0.16219224 -0.1065276   3.81522081 -2.21696146]\n [-1.04801605 -0.65870811 -1.75734804  1.26164793 -2.21696146  7.58140531]]", "nfev": "175", "njev": "25", "status": "0", "success": "True", "message": "Optimization terminated successfully.", "x": "[1.83103    0.05014368 4.5624165  1.15174897 3.47523148 3.86200218]", "nit": "22"}, "18": {"maxiter": 1000, "gtol": 1e-05, "xrtol": 1e-10, "eps": 1e-05, "duration": 0.029964208602905273, "fun": "0.19898325733838584", "jac": "[ 2.10232942e-06 -8.20638002e-06  3.50028895e-06  1.38440370e-06\n -3.58018060e-06 -2.75290901e-07]", "hess_inv": "[[ 2.77871576  0.07619942  0.47556139  0.05296603  0.58735484 -1.09246895]\n [ 0.07619942  3.14085892  1.79082898 -0.18446573 -0.82152928 -0.64446538]\n [ 0.47556139  1.79082898  5.25039967 -0.91606546 -0.16711104 -1.72245923]\n [ 0.05296603 -0.18446573 -0.91606546  3.09609329 -0.10342914  1.22555166]\n [ 0.58735484 -0.82152928 -0.16711104 -0.10342914  3.84168833 -2.23724485]\n [-1.09246895 -0.64446538 -1.72245923  1.22555166 -2.23724485  7.5311021 ]]", "nfev": "175", "njev": "25", "status": "0", "success": "True", "message": "Optimization terminated successfully.", "x": "[1.83102048 0.05013311 4.56240064 1.15175156 3.4752193  3.8620232 ]", "nit": "22"}, "19": {"maxiter": 1000, "gtol": 1e-05, "xrtol": 1e-10, "eps": 1e-10, "duration": 0.029932022094726562, "fun": "0.1989832572975947", "jac": "[ 0.00000000e+00 -7.77156107e-06  2.22044587e-06  0.00000000e+00\n -3.33066880e-06 -4.44089173e-06]", "hess_inv": "[[ 2.76514508  0.07610521  0.47008688  0.06443162  0.55938183 -1.04801605]\n [ 0.07610521  3.14152841  1.79336379 -0.18992845 -0.81713902 -0.65870811]\n [ 0.47008688  1.79336379  5.26226746 -0.93044597 -0.16219224 -1.75734804]\n [ 0.06443162 -0.18992845 -0.93044597  3.11472606 -0.1065276   1.26164793]\n [ 0.55938183 -0.81713902 -0.16219224 -0.1065276   3.81522081 -2.21696146]\n [-1.04801605 -0.65870811 -1.75734804  1.26164793 -2.21696146  7.58140531]]", "nfev": "175", "njev": "25", "status": "0", "success": "True", "message": "Optimization terminated successfully.", "x": "[1.83103    0.05014368 4.5624165  1.15174897 3.47523148 3.86200218]", "nit": "22"}, "20": {"maxiter": 1000, "gtol": 1e-10, "xrtol": 1e-05, "eps": 1e-05, "duration": 0.03113698959350586, "fun": "0.1989832572231356", "jac": "[-3.56115137e-07 -4.04232203e-08  2.78821410e-07 -2.29105623e-07\n  1.62314606e-07 -1.65756298e-07]", "hess_inv": "[[ 2.81426297 -0.02166685  0.48591308  0.07525038  0.59662471 -1.09011755]\n [-0.02166685  3.39017904  1.78846332 -0.25012575 -0.91037033 -0.61368843]\n [ 0.48591308  1.78846332  5.21946701 -0.90397983 -0.0821611  -1.77016193]\n [ 0.07525038 -0.25012575 -0.90397983  3.10914068 -0.11117694  1.23500243]\n [ 0.59662471 -0.91037033 -0.0821611  -0.11117694  3.64482145 -2.11939394]\n [-1.09011755 -0.61368843 -1.77016193  1.23500243 -2.11939394  7.46228739]]", "nfev": "182", "njev": "26", "status": "0", "success": "True", "message": "Optimization terminated successfully.", "x": "[1.83101442 0.05015164 4.56239649 1.15174815 3.47522349 3.8620194 ]", "nit": "23"}, "21": {"maxiter": 1000, "gtol": 1e-10, "xrtol": 1e-05, "eps": 1e-10, "duration": 0.031167984008789062, "fun": "0.19898325721957877", "jac": "[1.11022293e-06 1.11022301e-06 1.11022293e-06 2.22044587e-06\n 1.11022293e-06 1.11022293e-06]", "hess_inv": "[[ 2.78410043e+00  8.10322282e-04  4.93540590e-01  4.30035692e-02\n   5.84431645e-01 -1.16328009e+00]\n [ 8.10322282e-04  3.37208211e+00  1.77508976e+00 -1.83046043e-01\n  -9.58354449e-01 -3.93413790e-01]\n [ 4.93540590e-01  1.77508976e+00  5.20945355e+00 -8.71470252e-01\n  -8.56180401e-02 -1.68955027e+00]\n [ 4.30035692e-02 -1.83046043e-01 -8.71470252e-01  3.04964171e+00\n  -1.82460869e-01  1.17213338e+00]\n [ 5.84431645e-01 -9.58354449e-01 -8.56180401e-02 -1.82460869e-01\n   3.82293751e+00 -2.48648237e+00]\n [-1.16328009e+00 -3.93413790e-01 -1.68955027e+00  1.17213338e+00\n  -2.48648237e+00  7.74127123e+00]]", "nfev": "182", "njev": "26", "status": "0", "success": "True", "message": "Optimization terminated successfully.", "x": "[1.83102569 0.050161   4.56241094 1.15175408 3.47522592 3.86202897]", "nit": "23"}, "22": {"maxiter": 1000, "gtol": 1e-10, "xrtol": 1e-10, "eps": 1e-05, "duration": 0.0613408088684082, "fun": "0.19898325722143662", "jac": "[ 1.53321800e-08  6.73905376e-09  6.94999613e-09 -2.11053397e-08\n -7.97140132e-09  1.09912079e-08]", "hess_inv": "[[ 2.75800479  0.02400234  0.53928283  0.03009085  0.66481637 -1.21367546]\n [ 0.02400234  3.36669286  1.69326495 -0.18356603 -0.96929252 -0.48224162]\n [ 0.53928283  1.69326495  5.43219882 -1.01953787 -0.13261367 -1.80550216]\n [ 0.03009085 -0.18356603 -1.01953787  3.16866059 -0.06470805  1.22715113]\n [ 0.66481637 -0.96929252 -0.13261367 -0.06470805  3.56310667 -1.97812213]\n [-1.21367546 -0.48224162 -1.80550216  1.22715113 -1.97812213  7.27964675]]", "nfev": "361", "njev": "50", "status": "2", "success": "False", "message": "Desired error not necessarily achieved due to precision loss.", "x": "[1.83101497 0.05015139 4.56239479 1.15174931 3.47522275 3.8620213 ]", "nit": "24"}, "23": {"maxiter": 1000, "gtol": 1e-10, "xrtol": 1e-10, "eps": 1e-10, "duration": 0.10599207878112793, "fun": "0.19898325720203824", "jac": "[4.44089173e-06 2.22044602e-06 2.22044587e-06 0.00000000e+00\n 2.22044587e-06 3.33066880e-06]", "hess_inv": "[[ 0.04642008 -0.04564475 -0.02372092  0.02205385 -0.03121986 -0.00298128]\n [-0.04564475  0.05281128  0.02411789 -0.01370194  0.02370343  0.00078062]\n [-0.02372092  0.02411789  0.01421021 -0.00557822  0.01243327  0.00124632]\n [ 0.02205385 -0.01370194 -0.00557822  0.03374912 -0.03072719 -0.00210139]\n [-0.03121986  0.02370343  0.01243327 -0.03072719  0.03399123  0.00139692]\n [-0.00298128  0.00078062  0.00124632 -0.00210139  0.00139692  0.00332301]]", "nfev": "623", "njev": "89", "status": "0", "success": "True", "message": "Optimization terminated successfully.", "x": "[1.83102194 0.05015605 4.56240652 1.1517505  3.47522752 3.86202134]", "nit": "44"}}, "cobyla": {"0": {"maxiter": 100, "tol": 1e-05, "catol": 1e-05, "duration": 0.016563892364501953, "x": "[1.83381559 0.04822365 4.56312698 1.15047396 3.47599127 3.86170397]", "status": "2", "success": "False", "message": "Maximum number of function evaluations has been exceeded.", "nfev": "100", "fun": "0.19898573625267235", "maxcv": "0.0"}, "1": {"maxiter": 100, "tol": 1e-05, "catol": 1e-10, "duration": 0.01651906967163086, "x": "[1.83381559 0.04822365 4.56312698 1.15047396 3.47599127 3.86170397]", "status": "2", "success": "False", "message": "Maximum number of function evaluations has been exceeded.", "nfev": "100", "fun": "0.19898573625267235", "maxcv": "0.0"}, "2": {"maxiter": 100, "tol": 1e-10, "catol": 1e-05, "duration": 0.016549110412597656, "x": "[1.83381559 0.04822365 4.56312698 1.15047396 3.47599127 3.86170397]", "status": "2", "success": "False", "message": "Maximum number of function evaluations has been exceeded.", "nfev": "100", "fun": "0.19898573625267235", "maxcv": "0.0"}, "3": {"maxiter": 100, "tol": 1e-10, "catol": 1e-10, "duration": 0.016537189483642578, "x": "[1.83381559 0.04822365 4.56312698 1.15047396 3.47599127 3.86170397]", "status": "2", "success": "False", "message": "Maximum number of function evaluations has been exceeded.", "nfev": "100", "fun": "0.19898573625267235", "maxcv": "0.0"}, "4": {"maxiter": 500, "tol": 1e-05, "catol": 1e-05, "duration": 0.0279538631439209, "x": "[1.83102206 0.05015774 4.562401   1.151761   3.47522368 3.8620258 ]", "status": "1", "success": "True", "message": "Optimization terminated successfully.", "nfev": "168", "fun": "0.19898325720669896", "maxcv": "0.0"}, "5": {"maxiter": 500, "tol": 1e-05, "catol": 1e-10, "duration": 0.028264999389648438, "x": "[1.83102206 0.05015774 4.562401   1.151761   3.47522368 3.8620258 ]", "status": "1", "success": "True", "message": "Optimization terminated successfully.", "nfev": "168", "fun": "0.19898325720669896", "maxcv": "0.0"}, "6": {"maxiter": 500, "tol": 1e-10, "catol": 1e-05, "duration": 0.04482102394104004, "x": "[1.83102135 0.05015726 4.56240173 1.15175409 3.47522682 3.86202113]", "status": "1", "success": "True", "message": "Optimization terminated successfully.", "nfev": "266", "fun": "0.19898325719699583", "maxcv": "0.0"}, "7": {"maxiter": 500, "tol": 1e-10, "catol": 1e-10, "duration": 0.044705867767333984, "x": "[1.83102135 0.05015726 4.56240173 1.15175409 3.47522682 3.86202113]", "status": "1", "success": "True", "message": "Optimization terminated s