{"date": "2024/07/18/, 22:20:56", "conf_id": 87, "data_type": "orthogonal\n", "num_data_points": 1, "s_rank": 0, "unitary": "[[0.18663085-0.53122324j,-0.11886349-0.70040876j,0.28555095-0.02789305j,-0.12262021-0.2844587j],[-0.16702216+0.27758472j,0.27526351-0.29738586j,-0.01109314+0.22495461j,-0.77239203+0.28900673j],[0.61935415+0.12301792j,-0.31269928-0.03315917j,-0.61902762-0.19039079j,-0.27120731-0.0968989j],[0.42341754+0.0023929j,-0.05847358+0.47832119j,0.64900495-0.16218422j,-0.37182676-0.05229966j]]", "databatch_0": {"databatch": "[[[-0.01242552+0.00730291j,-0.01200331-0.00273423j,0.02538104+0.09577281j,-0.00328629-0.0181989j],[-0.11612093-0.03668138j,-0.25931235+0.11601755j,-0.22913425+0.54071725j,-0.16676989+0.091229j],[-0.02111853-0.0112707j,-0.14101416-0.05224966j,0.00701209+0.17129491j,-0.12801044-0.07297579j],[0.00500543+0.04531207j,0.17810313-0.30897362j,0.06613323+0.336877j,0.21214558-0.38277478j]]]", "initial param values": "[2.70883986,2.52357944,1.10429419,5.33020128,1.29268671,3.0438768]", "nelder_mead": {"type": "gradient-free", "0": {"maxiter": 100, "fatol": 1e-05, "xatol": 1e-05, "duration": 0.025881052017211914, "fun": "0.30188653999963044", "nit": "100", "nfev": "156", "status": "2", "success": "False", "message": "Maximum number of iterations has been exceeded.", "x": "[0.51581216 1.79401565 2.14680824 3.89638648 1.74261764 4.29336785]", "final_simplex": "(array([[0.51581216, 1.79401565, 2.14680824, 3.89638648, 1.74261764,\n        4.29336785],\n       [0.31769459, 2.06787352, 1.79426889, 3.83063175, 1.93660693,\n        4.20367505],\n       [0.38640079, 2.14808094, 1.88126726, 3.83510492, 1.77491586,\n        4.27866863],\n       [0.45080085, 1.91685262, 1.92323295, 3.92442527, 1.80678314,\n        4.31497067],\n       [0.38540057, 2.23829434, 1.73168962, 3.93316168, 1.79071875,\n        4.23276357],\n       [0.35351193, 2.14086665, 1.76214849, 3.89231092, 1.8114344 ,\n        4.25818196],\n       [0.20680001, 2.26535905, 1.68240696, 3.86260551, 1.88612875,\n        4.24717689]]), array([0.30188654, 0.30325963, 0.30562444, 0.30884628, 0.30958717,\n       0.31048142, 0.31110576]))"}, "1": {"maxiter": 100, "fatol": 1e-05, "xatol": 1e-10, "duration": 0.025799274444580078, "fun": "0.30188653999963044", "nit": "100", "nfev": "156", "status": "2", "success": "False", "message": "Maximum number of iterations has been exceeded.", "x": "[0.51581216 1.79401565 2.14680824 3.89638648 1.74261764 4.29336785]", "final_simplex": "(array([[0.51581216, 1.79401565, 2.14680824, 3.89638648, 1.74261764,\n        4.29336785],\n       [0.31769459, 2.06787352, 1.79426889, 3.83063175, 1.93660693,\n        4.20367505],\n       [0.38640079, 2.14808094, 1.88126726, 3.83510492, 1.77491586,\n        4.27866863],\n       [0.45080085, 1.91685262, 1.92323295, 3.92442527, 1.80678314,\n        4.31497067],\n       [0.38540057, 2.23829434, 1.73168962, 3.93316168, 1.79071875,\n        4.23276357],\n       [0.35351193, 2.14086665, 1.76214849, 3.89231092, 1.8114344 ,\n        4.25818196],\n       [0.20680001, 2.26535905, 1.68240696, 3.86260551, 1.88612875,\n        4.24717689]]), array([0.30188654, 0.30325963, 0.30562444, 0.30884628, 0.30958717,\n       0.31048142, 0.31110576]))"}, "2": {"maxiter": 100, "fatol": 1e-10, "xatol": 1e-05, "duration": 0.025788068771362305, "fun": "0.30188653999963044", "nit": "100", "nfev": "156", "status": "2", "success": "False", "message": "Maximum number of iterations has been exceeded.", "x": "[0.51581216 1.79401565 2.14680824 3.89638648 1.74261764 4.29336785]", "final_simplex": "(array([[0.51581216, 1.79401565, 2.14680824, 3.89638648, 1.74261764,\n        4.29336785],\n       [0.31769459, 2.06787352, 1.79426889, 3.83063175, 1.93660693,\n        4.20367505],\n       [0.38640079, 2.14808094, 1.88126726, 3.83510492, 1.77491586,\n        4.27866863],\n       [0.45080085, 1.91685262, 1.92323295, 3.92442527, 1.80678314,\n        4.31497067],\n       [0.38540057, 2.23829434, 1.73168962, 3.93316168, 1.79071875,\n        4.23276357],\n       [0.35351193, 2.14086665, 1.76214849, 3.89231092, 1.8114344 ,\n        4.25818196],\n       [0.20680001, 2.26535905, 1.68240696, 3.86260551, 1.88612875,\n        4.24717689]]), array([0.30188654, 0.30325963, 0.30562444, 0.30884628, 0.30958717,\n       0.31048142, 0.31110576]))"}, "3": {"maxiter": 100, "fatol": 1e-10, "xatol": 1e-10, "duration": 0.025841951370239258, "fun": "0.30188653999963044", "nit": "100", "nfev": "156", "status": "2", "success": "False", "message": "Maximum number of iterations has been exceeded.", "x": "[0.51581216 1.79401565 2.14680824 3.89638648 1.74261764 4.29336785]", "final_simplex": "(array([[0.51581216, 1.79401565, 2.14680824, 3.89638648, 1.74261764,\n        4.29336785],\n       [0.31769459, 2.06787352, 1.79426889, 3.83063175, 1.93660693,\n        4.20367505],\n       [0.38640079, 2.14808094, 1.88126726, 3.83510492, 1.77491586,\n        4.27866863],\n       [0.45080085, 1.91685262, 1.92323295, 3.92442527, 1.80678314,\n        4.31497067],\n       [0.38540057, 2.23829434, 1.73168962, 3.93316168, 1.79071875,\n        4.23276357],\n       [0.35351193, 2.14086665, 1.76214849, 3.89231092, 1.8114344 ,\n        4.25818196],\n       [0.20680001, 2.26535905, 1.68240696, 3.86260551, 1.88612875,\n        4.24717689]]), array([0.30188654, 0.30325963, 0.30562444, 0.30884628, 0.30958717,\n       0.31048142, 0.31110576]))"}, "4": {"maxiter": 500, "fatol": 1e-05, "xatol": 1e-05, "duration": 0.09650111198425293, "fun": "0.20957632499072099", "nit": "366", "nfev": "585", "status": "0", "success": "True", "message": "Optimization terminated successfully.", "x": "[0.87367967 1.19718539 3.21368382 3.70827092 3.39729042 5.35820792]", "final_simplex": "(array([[0.87367967, 1.19718539, 3.21368382, 3.70827092, 3.39729042,\n        5.35820792],\n       [0.8736804 , 1.19718254, 3.2136853 , 3.70826848, 3.39728747,\n        5.35821305],\n       [0.87368016, 1.19718097, 3.21368802, 3.7082695 , 3.39729558,\n        5.35821306],\n       [0.87368174, 1.19718426, 3.21368392, 3.70826717, 3.39729445,\n        5.35821174],\n       [0.87368138, 1.19718309, 3.21368364, 3.70827076, 3.39728895,\n        5.35820557],\n       [0.87368237, 1.19718211, 3.2136885 , 3.7082674 , 3.39729867,\n        5.35821206],\n       [0.87367868, 1.19718312, 3.21368317, 3.70826767, 3.39728754,\n        5.3582053 ]]), array([0.20957632, 0.20957632, 0.20957632, 0.20957632, 0.20957632,\n       0.20957632, 0.20957632]))"}, "5": {"maxiter": 500, "fatol": 1e-05, "xatol": 1e-10, "duration": 0.13733196258544922, "fun": "0.20957632498307532", "nit": "500", "nfev": "835", "status": "2", "success": "False", "message": "Maximum number of iterations has been exceeded.", "x": "[0.87368554 1.1971838  3.2136907  3.70827156 3.39729771 5.35821914]", "final_simplex": "(array([[0.87368554, 1.1971838 , 3.2136907 , 3.70827156, 3.39729771,\n        5.35821914],\n       [0.87368554, 1.1971838 , 3.2136907 , 3.70827156, 3.39729771,\n        5.35821914],\n       [0.87368554, 1.1971838 , 3.2136907 , 3.70827156, 3.39729771,\n        5.35821914],\n       [0.87368554, 1.1971838 , 3.2136907 , 3.70827156, 3.39729771,\n        5.35821914],\n       [0.87368554, 1.1971838 , 3.2136907 , 3.70827156, 3.39729771,\n        5.35821914],\n       [0.87368554, 1.1971838 , 3.2136907 , 3.70827156, 3.39729771,\n        5.35821914],\n       [0.87368554, 1.1971838 , 3.2136907 , 3.70827156, 3.39729771,\n        5.35821914]]), array([0.20957632, 0.20957632, 0.20957632, 0.20957632, 0.20957632,\n       0.20957632, 0.20957632]))"}, "6": {"maxiter": 500, "fatol": 1e-10, "xatol": 1e-05, "duration": 0.09630680084228516, "fun": "0.20957632499072099", "nit": "366", "nfev": "585", "status": "0", "success": "True", "message": "Optimization terminated successfully.", "x": "[0.87367967 1.19718539 3.21368382 3.70827092 3.39729042 5.35820792]", "final_simplex": "(array([[0.87367967, 1.19718539, 3.21368382, 3.70827092, 3.39729042,\n        5.35820792],\n       [0.8736804 , 1.19718254, 3.2136853 , 3.70826848, 3.39728747,\n        5.35821305],\n       [0.87368016, 1.19718097, 3.21368802, 3.7082695 , 3.39729558,\n        5.35821306],\n       [0.87368174, 1.19718426, 3.21368392, 3.70826717, 3.39729445,\n        5.35821174],\n       [0.87368138, 1.19718309, 3.21368364, 3.70827076, 3.39728895,\n        5.35820557],\n       [0.87368237, 1.19718211, 3.2136885 , 3.7082674 , 3.39729867,\n        5.35821206],\n       [0.87367868, 1.19718312, 3.21368317, 3.70826767, 3.39728754,\n        5.3582053 ]]), array([0.20957632, 0.20957632, 0.20957632, 0.20957632, 0.20957632,\n       0.20957632, 0.20957632]))"}, "7": {"maxiter": 500, "fatol": 1e-10, "xatol": 1e-10, "duration": 0.1390829086303711, "fun": "0.20957632498307532", "nit": "500", "nfev": "835", "status": "2", "success": "False", "message": "Maximum number of iterations has been exceeded.", "x": "[0.87368554 1.1971838  3.2136907  3.70827156 3.39729771 5.35821914]", "final_simplex": "(array([[0.87368554, 1.1971838 , 3.2136907 , 3.70827156, 3.39729771,\n        5.35821914],\n       [0.87368554, 1.1971838 , 3.2136907 , 3.70827156, 3.39729771,\n        5.35821914],\n       [0.87368554, 1.1971838 , 3.2136907 , 3.70827156, 3.39729771,\n        5.35821914],\n       [0.87368554, 1.1971838 , 3.2136907 , 3.70827156, 3.39729771,\n        5.35821914],\n       [0.87368554, 1.1971838 , 3.2136907 , 3.70827156, 3.39729771,\n        5.35821914],\n       [0.87368554, 1.1971838 , 3.2136907 , 3.70827156, 3.39729771,\n        5.35821914],\n       [0.87368554, 1.1971838 , 3.2136907 , 3.70827156, 3.39729771,\n        5.35821914]]), array([0.20957632, 0.20957632, 0.20957632, 0.20957632, 0.20957632,\n       0.20957632, 0.20957632]))"}, "8": {"maxiter": 1000, "fatol": 1e-05, "xatol": 1e-05, "duration": 0.0968778133392334, "fun": "0.20957632499072099", "nit": "366", "nfev": "585", "status": "0", "success": "True", "message": "Optimization terminated successfully.", "x": "[0.87367967 1.19718539 3.21368382 3.70827092 3.39729042 5.35820792]", "final_simplex": "(array([[0.87367967, 1.19718539, 3.21368382, 3.70827092, 3.39729042,\n        5.35820792],\n       [0.8736804 , 1.19718254, 3.2136853 , 3.70826848, 3.39728747,\n        5.35821305],\n       [0.87368016, 1.19718097, 3.21368802, 3.7082695 , 3.39729558,\n        5.35821306],\n       [0.87368174, 1.19718426, 3.21368392, 3.70826717, 3.39729445,\n        5.35821174],\n       [0.87368138, 1.19718309, 3.21368364, 3.70827076, 3.39728895,\n        5.35820557],\n       [0.87368237, 1.19718211, 3.2136885 , 3.7082674 , 3.39729867,\n        5.35821206],\n       [0.87367868, 1.19718312, 3.21368317, 3.70826767, 3.39728754,\n        5.3582053 ]]), array([0.20957632, 0.20957632, 0.20957632, 0.20957632, 0.20957632,\n       0.20957632, 0.20957632]))"}, "9": {"maxiter": 1000, "fatol": 1e-05, "xatol": 1e-10, "duration": 0.14401507377624512, "fun": "0.20957632498307532", "nit": "513", "nfev": "875", "status": "0", "success": "True", "message": "Optimization terminated successfully.", "x": "[0.87368554 1.1971838  3.2136907  3.70827156 3.39729771 5.35821914]", "final_simplex": "(array([[0.87368554, 1.1971838 , 3.2136907 , 3.70827156, 3.39729771,\n        5.35821914],\n       [0.87368554, 1.1971838 , 3.2136907 , 3.70827156, 3.39729771,\n        5.35821914],\n       [0.87368554, 1.1971838 , 3.2136907 , 3.70827156, 3.39729771,\n        5.35821914],\n       [0.87368554, 1.1971838 , 3.2136907 , 3.70827156, 3.39729771,\n        5.35821914],\n       [0.87368554, 1.1971838 , 3.2136907 , 3.70827156, 3.39729771,\n        5.35821914],\n       [0.87368554, 1.1971838 , 3.2136907 , 3.70827156, 3.39729771,\n        5.35821914],\n       [0.87368554, 1.1971838 , 3.2136907 , 3.70827156, 3.39729771,\n        5.35821914]]), array([0.20957632, 0.20957632, 0.20957632, 0.20957632, 0.20957632,\n       0.20957632, 0.20957632]))"}, "10": {"maxiter": 1000, "fatol": 1e-10, "xatol": 1e-05, "duration": 0.0967109203338623, "fun": "0.20957632499072099", "nit": "366", "nfev": "585", "status": "0", "success": "True", "message": "Optimization terminated successfully.", "x": "[0.87367967 1.19718539 3.21368382 3.70827092 3.39729042 5.35820792]", "final_simplex": "(array([[0.87367967, 1.19718539, 3.21368382, 3.70827092, 3.39729042,\n        5.35820792],\n       [0.8736804 , 1.19718254, 3.2136853 , 3.70826848, 3.39728747,\n        5.35821305],\n       [0.87368016, 1.19718097, 3.21368802, 3.7082695 , 3.39729558,\n        5.35821306],\n       [0.87368174, 1.19718426, 3.21368392, 3.70826717, 3.39729445,\n        5.35821174],\n       [0.87368138, 1.19718309, 3.21368364, 3.70827076, 3.39728895,\n        5.35820557],\n       [0.87368237, 1.19718211, 3.2136885 , 3.7082674 , 3.39729867,\n        5.35821206],\n       [0.87367868, 1.19718312, 3.21368317, 3.70826767, 3.39728754,\n        5.3582053 ]]), array([0.20957632, 0.20957632, 0.20957632, 0.20957632, 0.20957632,\n       0.20957632, 0.20957632]))"}, "11": {"maxiter": 1000, "fatol": 1e-10, "xatol": 1e-10, "duration": 0.14419198036193848, "fun": "0.20957632498307532", "nit": "513", "nfev": "875", "status": "0", "success": "True", "message": "Optimization terminated successfully.", "x": "[0.87368554 1.1971838  3.2136907  3.70827156 3.39729771 5.35821914]", "final_simplex": "(array([[0.87368554, 1.1971838 , 3.2136907 , 3.70827156, 3.39729771,\n        5.35821914],\n       [0.87368554, 1.1971838 , 3.2136907 , 3.70827156, 3.39729771,\n        5.35821914],\n       [0.87368554, 1.1971838 , 3.2136907 , 3.70827156, 3.39729771,\n        5.35821914],\n       [0.87368554, 1.1971838 , 3.2136907 , 3.70827156, 3.39729771,\n        5.35821914],\n       [0.87368554, 1.1971838 , 3.2136907 , 3.70827156, 3.39729771,\n        5.35821914],\n       [0.87368554, 1.1971838 , 3.2136907 , 3.70827156, 3.39729771,\n        5.35821914],\n       [0.87368554, 1.1971838 , 3.2136907 , 3.70827156, 3.39729771,\n        5.35821914]]), array([0.20957632, 0.20957632, 0.20957632, 0.20957632, 0.20957632,\n       0.20957632, 0.20957632]))"}}, "bfgs": {"type": "gradient", "0": {"maxiter": 100, "gtol": 1e-05, "xrtol": 1e-05, "eps": 1e-05, "duration": 0.04020977020263672, "fun": "0.20957632509689184", "jac": "[-8.58624283e-07 -3.07009973e-07  8.93085605e-07 -5.44142509e-07\n -1.36081146e-06  1.07971410e-06]", "hess_inv": "[[ 3.59818518 -0.67193409  1.59838506  0.57004731  4.73685527  3.66023095]\n [-0.67193409  4.70620901 -3.69403338  0.28449703 -2.50588254 -2.55668378]\n [ 1.59838506 -3.69403338  7.00356691  0.53948746  6.19384723  7.2770348 ]\n [ 0.57004731  0.28449703  0.53948746  2.79580247  0.99389593  0.97862007]\n [ 4.73685527 -2.50588254  6.19384723  0.99389593 19.32489767 14.76892806]\n [ 3.66023095 -2.55668378  7.2770348   0.97862007 14.76892806 18.86808357]]", "nfev": "238", "njev": "34", "status": "0", "success": "True", "message": "Optimization terminated successfully.", "x": "[0.87366253 1.19718162 3.21367458 3.70825911 3.39723933 5.35817607]", "nit": "29"}, "1": {"maxiter": 100, "gtol": 1e-05, "xrtol": 1e-05, "eps": 1e-10, "duration": 0.04004788398742676, "fun": "0.20957632506322743", "jac": "[-3.33066880e-06 -2.22044587e-06 -1.11022293e-06 -3.33066880e-06\n -4.44089173e-06 -1.11022293e-06]", "hess_inv": "[[ 3.54849491 -0.64853076  1.56973842  0.58197456  4.65208407  3.63384212]\n [-0.64853076  4.65945033 -3.64048505  0.25582548 -2.47466581 -2.53020399]\n [ 1.56973842 -3.64048505  6.98670879  0.58527723  6.23247732  7.35876445]\n [ 0.58197456  0.25582548  0.58527723  2.77385266  1.03797508  1.02752652]\n [ 4.65208407 -2.47466581  6.23247732  1.03797508 19.39747001 15.01606199]\n [ 3.63384212 -2.53020399  7.35876445  1.02752652 15.01606199 19.25202684]]", "nfev": "238", "njev": "34", "status": "0", "success": "True", "message": "Optimization terminated successfully.", "x": "[0.87367036 1.1971848  3.21368499 3.70826962 3.39724375 5.358185  ]", "nit": "29"}, "2": {"maxiter": 100, "gtol": 1e-05, "xrtol": 1e-10, "eps": 1e-05, "duration": 0.04006028175354004, "fun": "0.20957632509689184", "jac": "[-8.58624283e-07 -3.07009973e-07  8.93085605e-07 -5.44142509e-07\n -1.36081146e-06  1.07971410e-06]", "hess_inv": "[[ 3.59818518 -0.67193409  1.59838506  0.57004731  4.73685527  3.66023095]\n [-0.67193409  4.70620901 -3.69403338  0.28449703 -2.50588254 -2.55668378]\n [ 1.59838506 -3.69403338  7.00356691  0.53948746  6.19384723  7.2770348 ]\n [ 0.57004731  0.28449703  0.53948746  2.79580247  0.99389593  0.97862007]\n [ 4.73685527 -2.50588254  6.19384723  0.99389593 19.32489767 14.76892806]\n [ 3.66023095 -2.55668378  7.2770348   0.97862007 14.76892806 18.86808357]]", "nfev": "238", "njev": "34", "status": "0", "success": "True", "message": "Optimization terminated successfully.", "x": "[0.87366253 1.19718162 3.21367458 3.70825911 3.39723933 5.35817607]", "nit": "29"}, "3": {"maxiter": 100, "gtol": 1e-05, "xrtol": 1e-10, "eps": 1e-10, "duration": 0.040139198303222656, "fun": "0.20957632506322743", "jac": "[-3.33066880e-06 -2.22044587e-06 -1.11022293e-06 -3.33066880e-06\n -4.44089173e-06 -1.11022293e-06]", "hess_inv": "[[ 3.54849491 -0.64853076  1.56973842  0.58197456  4.65208407  3.63384212]\n [-0.64853076  4.65945033 -3.64048505  0.25582548 -2.47466581 -2.53020399]\n [ 1.56973842 -3.64048505  6.98670879  0.58527723  6.23247732  7.35876445]\n [ 0.58197456  0.25582548  0.58527723  2.77385266  1.03797508  1.02752652]\n [ 4.65208407 -2.47466581  6.23247732  1.03797508 19.39747001 15.01606199]\n [ 3.63384212 -2.53020399  7.35876445  1.02752652 15.01606199 19.25202684]]", "nfev": "238", "njev": "34", "status": "0", "success": "True", "message": "Optimization terminated successfully.", "x": "[0.87367036 1.1971848  3.21368499 3.70826962 3.39724375 5.358185  ]", "nit": "29"}, "4": {"maxiter": 100, "gtol": 1e-10, "xrtol": 1e-05, "eps": 1e-05, "duration": 0.04128718376159668, "fun": "0.2095763250683974", "jac": "[-6.56030785e-08 -1.23789867e-08 -2.55906407e-08  2.75224288e-08\n -1.47515333e-07  1.41753276e-07]", "hess_inv": "[[ 3.66420991 -0.58889964  1.47084497  0.59191805  4.88903555  3.70938047]\n [-0.58889964  4.79432461 -3.82464294  0.31685277 -2.32572674 -2.56315429]\n [ 1.47084497 -3.82464294  7.19553413  0.48838123  5.92038992  7.30679629]\n [ 0.59191805  0.31685277  0.48838123  2.80160471  1.0476454   1.01520678]\n [ 4.88903555 -2.32572674  5.92038992  1.0476454  19.66792561 14.8351994 ]\n [ 3.70938047 -2.56315429  7.30679629  1.01520678 14.8351994  18.61881853]]", "nfev": "245", "njev": "35", "status": "0", "success": "True", "message": "Optimization terminated successfully.", "x": "[0.87366715 1.19718577 3.21366868 3.70826114 3.39724884 5.35817258]", "nit": "30"}, "5": {"maxiter": 100, "gtol": 1e-10, "xrtol": 1e-05, "eps": 1e-10, "duration": 0.042449951171875, "fun": "0.2095763249998659", "jac": "[ 2.22044587e-06 -1.11022293e-06  0.00000000e+00  1.11022293e-06\n -2.22044587e-06  0.00000000e+00]", "hess_inv": "[[ 4.12692843  0.06329883  0.46402315  0.79398389  6.12961687  5.05419858]\n [ 0.06329883  4.52614156 -2.91485195  0.5871393  -0.22407173 -0.58620949]\n [ 0.46402315 -2.91485195  4.78762611  0.03445705  2.5144161   4.23833198]\n [ 0.79398389  0.5871393   0.03445705  2.84664687  1.54936533  1.53444096]\n [ 6.12961687 -0.22407173  2.5144161   1.54936533 22.9864569  18.56018837]\n [ 5.05419858 -0.58620949  4.23833198  1.53444096 18.56018837 22.70165039]]", "nfev": "252", "njev": "36", "status": "0", "success": "True", "message": "Optimization terminated successfully.", "x": "[0.87368343 1.19718672 3.21368928 3.70827539 3.39728319 5.35821983]", "nit": "30"}, "6": {"maxiter": 100, "gtol": 1e-10, "xrtol": 1e-10, "eps": 1e-05, "duration": 0.04480123519897461, "fun": "0.20957632506645607", "jac": "[5.55111512e-11 4.44089210e-11 5.55111512e-11 2.22044605e-11\n 3.33066907e-11 4.44089210e-11]", "hess_inv": "[[ 3.74860083 -0.5830804   1.46143664  0.60219864  5.11472455  3.66528737]\n [-0.5830804   4.79501474 -3.85171426  0.28711056 -2.46942323 -2.63330197]\n [ 1.46143664 -3.85171426  7.27584411  0.52715879  6.18571523  7.45161703]\n [ 0.60219864  0.28711056  0.52715879  2.78842697  1.09446696  1.03659807]\n [ 5.11472455 -2.46942323  6.18571523  1.09446696 20.83820927 15.0064205 ]\n [ 3.66528737 -2.63330197  7.45161703  1.03659807 15.0064205  18.70584617]]", "nfev": "266", "njev": "38", "status": "0", "success": "True", "message": "Optimization terminated successfully.", "x": "[0.87366765 1.1971857  3.21366874 3.70826113 3.3972502  5.35817249]", "nit": "33"}, "7": {"maxiter": 100, "gtol": 1e-10, "xrtol": 1e-10, "eps": 1e-10, "duration": 0.10639524459838867, "fun": "0.20957632499148993", "jac": "[2.22044587e-06 4.44089173e-06 2.22044587e-06 5.55111466e-06\n 2.22044587e-06 1.11022293e-06]", "hess_inv": "[[ 0.06376212  0.11661249 -0.00550012 -0.06807748 -0.20034486  0.08145581]\n [ 0.11661249  0.35317917 -0.06636185 -0.17443137 -0.46700238  0.21072654]\n [-0.00550012 -0.06636185  0.02682752  0.02492385  0.05518834 -0.03366072]\n [-0.06807748 -0.17443137  0.02492385  0.09200245  0.25279599 -0.11021328]\n [-0.20034486 -0.46700238  0.05518834  0.25279599  0.70923719 -0.30323095]\n [ 0.08145581  0.21072654 -0.03366072 -0.11021328 -0.30323095  0.13524161]]", "nfev": "637", "njev": "91", "status": "0", "success": "True", "message": "Optimization terminated successfully.", "x": "[0.87368201 1.19718481 3.21369135 3.70827498 3.39729818 5.35822619]", "nit": "43"}, "8": {"maxiter": 500, "gtol": 1e-05, "xrtol": 1e-05, "eps": 1e-05, "duration": 0.040572166442871094, "fun": "0.20957632509689184", "jac": "[-8.58624283e-07 -3.07009973e-07  8.93085605e-07 -5.44142509e-07\n -1.36081146e-06  1.07971410e-06]", "hess_inv": "[[ 3.59818518 -0.67193409  1.59838506  0.57004731  4.73685527  3.66023095]\n [-0.67193409  4.70620901 -3.69403338  0.28449703 -2.50588254 -2.55668378]\n [ 1.59838506 -3.69403338  7.00356691  0.53948746  6.19384723  7.2770348 ]\n [ 0.57004731  0.28449703  0.53948746  2.79580247  0.99389593  0.97862007]\n [ 4.73685527 -2.50588254  6.19384723  0.99389593 19.32489767 14.76892806]\n [ 3.66023095 -2.55668378  7.2770348   0.97862007 14.76892806 18.86808357]]", "nfev": "238", "njev": "34", "status": "0", "success": "True", "message": "Optimization terminated successfully.", "x": "[0.87366253 1.19718162 3.21367458 3.70825911 3.39723933 5.35817607]", "nit": "29"}, "9": {"maxiter": 500, "gtol": 1e-05, "xrtol": 1e-05, "eps": 1e-10, "duration": 0.04062223434448242, "fun": "0.20957632506322743", "jac": "[-3.33066880e-06 -2.22044587e-06 -1.11022293e-06 -3.33066880e-06\n -4.44089173e-06 -1.11022293e-06]", "hess_inv": "[[ 3.54849491 -0.64853076  1.56973842  0.58197456  4.65208407  3.63384212]\n [-0.64853076  4.65945033 -3.64048505  0.25582548 -2.47466581 -2.53020399]\n [ 1.56973842 -3.64048505  6.98670879  0.58527723  6.23247732  7.35876445]\n [ 0.58197456  0.25582548  0.58527723  2.77385266  1.03797508  1.02752652]\n [ 4.65208407 -2.47466581  6.23247732  1.03797508 19.39747001 15.01606199]\n [ 3.63384212 -2.53020399  7.35876445  1.02752652 15.01606199 19.25202684]]", "nfev": "238", "njev": "34", "status": "0", "success": "True", "message": "Optimization terminated successfully.", "x": "[0.87367036 1.1971848  3.21368499 3.70826962 3.39724375 5.358185  ]", "nit": "29"}, "10": {"maxiter": 500, "gtol": 1e-05, "xrtol": 1e-10, "eps": 1e-05, "duration": 0.040628910064697266, "fun": "0.20957632509689184", "jac": "[-8.58624283e-07 -3.07009973e-07  8.93085605e-07 -5.44142509e-07\n -1.36081146e-06  1.07971410e-06]", "hess_inv": "[[ 3.59818518 -0.67193409  1.59838506  0.57004731  4.73685527  3.66023095]\n [-0.67193409  4.70620901 -3.69403338  0.28449703 -2.50588254 -2.55668378]\n [ 1.59838506 -3.69403338  7.00356691  0.53948746  6.19384723  7.2770348 ]\n [ 0.57004731  0.28449703  0.53948746  2.79580247  0.99389593  0.97862007]\n [ 4.73685527 -2.50588254  6.19384723  0.99389593 19.32489767 14.76892806]\n [ 3.66023095 -2.55668378  7.2770348   0.97862007 14.76892806 18.86808357]]", "nfev": "238", "njev": "34", "status": "0", "success": "True", "message": "Optimization terminated successfully.", "x": "[0.87366253 1.19718162 3.21367458 3.70825911 3.39723933 5.35817607]", "nit": "29"}, "11": {"maxiter": 500, "gtol": 1e-05, "xrtol": 1e-10, "eps": 1e-10, "duration": 0.040969133377075195, "fun": "0.20957632506322743", "jac": "[-3.33066880e-06 -2.22044587e-06 -1.11022293e-06 -3.33066880e-06\n -4.44089173e-06 -1.11022293e-06]", "hess_inv": "[[ 3.54849491 -0.64853076  1.56973842  0.58197456  4.65208407  3.63384212]\n [-0.64853076  4.65945033 -3.64048505  0.25582548 -2.47466581 -2.53020399]\n [ 1.56973842 -3.64048505  6.98670879  0.58527723  6.23247732  7.35876445]\n [ 0.58197456  0.25582548  0.58527723  2.77385266  1.03797508  1.02752652]\n [ 4.65208407 -2.47466581  6.23247732  1.03797508 19.39747001 15.01606199]\n [ 3.63384212 -2.53020399  7.35876445  1.02752652 15.01606199 19.25202684]]", "nfev": "238", "njev": "34", "status": "0", "success": "True", "message": "Optimization terminated successfully.", "x": "[0.87367036 1.1971848  3.21368499 3.70826962 3.39724375 5.358185  ]", "nit": "29"}, "12": {"maxiter": 500, "gtol": 1e-10, "xrtol": 1e-05, "eps": 1e-05, "duration": 0.0418548583984375, "fun": "0.2095763250683974", "jac": "[-6.56030785e-08 -1.23789867e-08 -2.55906407e-08  2.75224288e-08\n -1.47515333e-07  1.41753276e-07]", "hess_inv": "[[ 3.66420991 -0.58889964  1.47084497  0.59191805  4.88903555  3.70938047]\n [-0.58889964  4.79432461 -3.82464294  0.31685277 -2.32572674 -2.56315429]\n [ 1.47084497 -3.82464294  7.19553413  0.48838123  5.92038992  7.30679629]\n [ 0.59191805  0.31685277  0.48838123  2.80160471  1.0476454   1.01520678]\n [ 4.88903555 -2.32572674  5.92038992  1.0476454  19.66792561 14.8351994 ]\n [ 3.70938047 -2.56315429  7.30679629  1.01520678 14.8351994  18.61881853]]", "nfev": "245", "njev": "35", "status": "0", "success": "True", "message": "Optimization terminated successfully.", "x": "[0.87366715 1.19718577 3.21366868 3.70826114 3.39724884 5.35817258]", "nit": "30"}, "13": {"maxiter": 500, "gtol": 1e-10, "xrtol": 1e-05, "eps": 1e-10, "duration": 0.04311513900756836, "fun": "0.2095763249998659", "jac": "[ 2.22044587e-06 -1.11022293e-06  0.00000000e+00  1.11022293e-06\n -2.22044587e-06  0.00000000e+00]", "hess_inv": "[[ 4.12692843  0.06329883  0.46402315  0.79398389  6.12961687  5.05419858]\n [ 0.06329883  4.52614156 -2.91485195  0.5871393  -0.22407173 -0.58620949]\n [ 0.46402315 -2.91485195  4.78762611  0.03445705  2.5144161   4.23833198]\n [ 0.79398389  0.5871393   0.03445705  2.84664687  1.54936533  1.53444096]\n [ 6.12961687 -0.22407173  2.5144161   1.54936533 22.9864569  18.56018837]\n [ 5.05419858 -0.58620949  4.23833198  1.53444096 18.56018837 22.70165039]]", "nfev": "252", "njev": "36", "status": "0", "success": "True", "message": "Optimization terminated successfully.", "x": "[0.87368343 1.19718672 3.21368928 3.70827539 3.39728319 5.35821983]", "nit": "30"}, "14": {"maxiter": 500, "gtol": 1e-10, "xrtol": 1e-10, "eps": 1e-05, "duration": 0.045593976974487305, "fun": "0.20957632506645607", "jac": "[5.55111512e-11 4.44089210e-11 5.55111512e-11 2.22044605e-11\n 3.33066907e-11 4.44089210e-11]", "hess_inv": "[[ 3.74860083 -0.5830804   1.46143664  0.60219864  5.11472455  3.66528737]\n [-0.5830804   4.79501474 -3.85171426  0.28711056 -2.46942323 -2.63330197]\n [ 1.46143664 -3.85171426  7.27584411  0.52715879  6.18571523  7.45161703]\n [ 0.60219864  0.28711056  0.52715879  2.78842697  1.09446696  1.03659807]\n [ 5.11472455 -2.46942323  6.18571523  1.09446696 20.83820927 15.0064205 ]\n [ 3.66528737 -2.63330197  7.45161703  1.03659807 15.0064205  18.70584617]]", "nfev": "266", "njev": "38", "status": "0", "success": "True", "message": "Optimization terminated successfully.", "x": "[0.87366765 1.1971857  3.21366874 3.70826113 3.3972502  5.35817249]", "nit": "33"}, "15": {"maxiter": 500, "gtol": 1e-10, "xrtol": 1e-10, "eps": 1e-10, "duration": 0.10797691345214844, "fun": "0.20957632499148993", "jac": "[2.22044587e-06 4.44089173e-06 2.22044587e-06 5.55111466e-06\n 2.22044587e-06 1.11022293e-06]", "hess_inv": "[[ 0.06376212  0.11661249 -0.00550012 -0.06807748 -0.20034486  0.08145581]\n [ 0.11661249  0.35317917 -0.06636185 -0.17443137 -0.46700238  0.21072654]\n [-0.00550012 -0.06636185  0.02682752  0.02492385  0.05518834 -0.03366072]\n [-0.06807748 -0.17443137  0.02492385  0.09200245  0.25279599 -0.11021328]\n [-0.20034486 -0.46700238  0.05518834  0.25279599  0.70923719 -0.30323095]\n [ 0.08145581  0.21072654 -0.03366072 -0.11021328 -0.30323095  0.13524161]]", "nfev": "637", "njev": "91", "status": "0", "success": "True", "message": "Optimization terminated successfully.", "x": "[0.87368201 1.19718481 3.21369135 3.70827498 3.39729818 5.35822619]", "nit": "43"}, "16": {"maxiter": 1000, "gtol": 1e-05, "xrtol": 1e-05, "eps": 1e-05, "duration": 0.04073023796081543, "fun": "0.20957632509689184", "jac": "[-8.58624283e-07 -3.07009973e-07  8.93085605e-07 -5.44142509e-07\n -1.36081146e-06  1.07971410e-06]", "hess_inv": "[[ 3.59818518 -0.67193409  1.59838506  0.57004731  4.73685527  3.66023095]\n [-0.67193409  4.70620901 -3.69403338  0.28449703 -2.50588254 -2.55668378]\n [ 1.59838506 -3.69403338  7.00356691  0.53948746  6.19384723  7.2770348 ]\n [ 0.57004731  0.28449703  0.53948746  2.79580247  0.99389593  0.97862007]\n [ 4.73685527 -2.50588254  6.19384723  0.99389593 19.32489767 14.76892806]\n [ 3.66023095 -2.55668378  7.2770348   0.97862007 14.76892806 18.86808357]]", "nfev": "238", "njev": "34", "status": "0", "success": "True", "message": "Optimization terminated successfully.", "x": "[0.87366253 1.19718162 3.21367458 3.70825911 3.39723933 5.35817607]", "nit": "29"}, "17": {"maxiter": 1000, "gtol": 1e-05, "xrtol": 1e-05, "eps": 1e-10, "duration": 0.040618896484375, "fun": "0.20957632506322743", "jac": "[-3.33066880e-06 -2.22044587e-06 -1.11022293e-06 -3.33066880e-06\n -4.44089173e-06 -1.11022293e-06]", "hess_inv": "[[ 3.54849491 -0.64853076  1.56973842  0.58197456  4.65208407  3.63384212]\n [-0.64853076  4.65945033 -3.64048505  0.25582548 -2.47466581 -2.53020399]\n [ 1.56973842 -3.64048505  6.98670879  0.58527723  6.23247732  7.35876445]\n [ 0.58197456  0.25582548  0.58527723  2.77385266  1.03797508  1.02752652]\n [ 4.65208407 -2.47466581  6.23247732  1.03797508 19.39747001 15.01606199]\n [ 3.63384212 -2.53020399  7.35876445  1.02752652 15.01606199 19.25202684]]", "nfev": "238", "njev": "34", "status": "0", "success": "True", "message": "Optimization terminated successfully.", "x": "[0.87367036 1.1971848  3.21368499 3.70826962 3.39724375 5.358185  ]", "nit": "29"}, "18": {"maxiter": 1000, "gtol": 1e-05, "xrtol": 1e-10, "eps": 1e-05, "duration": 0.040547847747802734, "fun": "0.20957632509689184", "jac": "[-8.58624283e-07 -3.07009973e-07  8.93085605e-07 -5.44142509e-07\n -1.36081146e-06  1.07971410e-06]", "hess_inv": "[[ 3.59818518 -0.67193409  1.59838506  0.57004731  4.73685527  3.66023095]\n [-0.67193409  4.70620901 -3.69403338  0.28449703 -2.50588254 -2.55668378]\n [ 1.59838506 -3.69403338  7.00356691  0.53948746  6.19384723  7.2770348 ]\n [ 0.57004731  0.28449703  0.53948746  2.79580247  0.99389593  0.97862007]\n [ 4.73685527 -2.50588254  6.19384723  0.99389593 19.32489767 14.76892806]\n [ 3.66023095 -2.55668378  7.2770348   0.97862007 14.76892806 18.86808357]]", "nfev": "238", "njev": "34", "status": "0", "success": "True", "message": "Optimization terminated successfully.", "x": "[0.87366253 1.19718162 3.21367458 3.70825911 3.39723933 5.35817607]", "nit": "29"}, "19": {"maxiter": 1000, "gtol": 1e-05, "xrtol": 1e-10, "eps": 1e-10, "duration": 0.040498971939086914, "fun": "0.20957632506322743", "jac": "[-3.33066880e-06 -2.22044587e-06 -1.11022293e-06 -3.33066880e-06\n -4.44089173e-06 -1.11022293e-06]", "hess_inv": "[[ 3.54849491 -0.64853076  1.56973842  0.58197456  4.65208407  3.63384212]\n [-0.64853076  4.65945033 -3.64048505  0.25582548 -2.47466581 -2.53020399]\n [ 1.56973842 -3.64048505  6.98670879  0.58527723  6.23247732  7.35876445]\n [ 0.58197456  0.25582548  0.58527723  2.77385266  1.03797508  1.02752652]\n [ 4.65208407 -2.47466581  6.23247732  1.03797508 19.39747001 15.01606199]\n [ 3.63384212 -2.53020399  7.35876445  1.02752652 15.01606199 19.25202684]]", "nfev": "238", "njev": "34", "status": "0", "success": "True", "message": "Optimization terminated successfully.", "x": "[0.87367036 1.1971848  3.21368499 3.70826962 3.39724375 5.358185  ]", "nit": "29"}, "20": {"maxiter": 1000, "gtol": 1e-10, "xrtol": 1e-05, "eps": 1e-05, "duration": 0.04172325134277344, "fun": "0.2095763250683974", "jac": "[-6.56030785e-08 -1.23789867e-08 -2.55906407e-08  2.75224288e-08\n -1.47515333e-07  1.41753276e-07]", "hess_inv": "[[ 3.66420991 -0.58889964  1.47084497  0.59191805  4.88903555  3.70938047]\n [-0.58889964  4.79432461 -3.82464294  0.31685277 -2.32572674 -2.56315429]\n [ 1.47084497 -3.82464294  7.19553413  0.48838123  5.92038992  7.30679629]\n [ 0.59191805  0.31685277  0.48838123  2.80160471  1.0476454   1.01520678]\n [ 4.88903555 -2.32572674  5.92038992  1.0476454  19.66792561 14.8351994 ]\n [ 3.70938047 -2.56315429  7.30679629  1.01520678 14.8351994  18.61881853]]", "nfev": "245", "njev": "35", "status": "0", "success": "True", "message": "Optimization terminated successfully.", "x": "[0.87366715 1.19718577 3.21366868 3.70826114 3.39724884 5.35817258]", "nit": "30"}, "21": {"maxiter": 1000, "gtol": 1e-10, "xrtol": 1e-05, "eps": 1e-10, "duration": 0.042710065841674805, "fun": "0.2095763249998659", "jac": "[ 2.22044587e-06 -1.11022293e-06  0.00000000e+00  1.11022293e-06\n -2.22044587e-06  0.00000000e+00]", "hess_inv": "[[ 4.12692843  0.06329883  0.46402315  0.79398389  6.12961687  5.05419858]\n [ 0.06329883  4.52614156 -2.91485195  0.5871393  -0.22407173 -0.58620949]\n [ 0.46402315 -2.91485195  4.78762611  0.03445705  2.5144161   4.23833198]\n [ 0.79398389  0.5871393   0.03445705  2.84664687  1.54936533  1.53444096]\n [ 6.12961687 -0.22407173  2.5144161   1.54936533 22.9864569  18.56018837]\n [ 5.05419858 -0.58620949  4.23833198  1.53444096 18.56018837 22.70165039]]", "nfev": "252", "njev": "36", "status": "0", "success": "True", "message": "Optimization terminated successfully.", "x": "[0.87368343 1.19718672 3.21368928 3.70827539 3.39728319 5.35821983]", "nit": "30"}, "22": {"maxiter": 1000, "gtol": 1e-10, "xrtol": 1e-10, "eps": 1e-05, "duration": 0.04517698287963867, "fun": "0.20957632506645607", "jac": "[5.55111512e-11 4.44089210e-11 5.55111512e-11 2.22044605e-11\n 3.33066907e-11 4.44089210e-11]", "hess_inv": "[[ 3.74860083 -0.5830804   1.46143664  0.60219864  5.11472455  3.66528737]\n [-0.5830804   4.79501474 -3.85171426  0.28711056 -2.46942323 -2.63330197]\n [ 1.46143664 -3.85171426  7.27584411  0.52715879  6.18571523  7.45161703]\n [ 0.60219864  0.28711056  0.52715879  2.78842697  1.09446696  1.03659807]\n [ 5.11472455 -2.46942323  6.18571523  1.09446696 20.83820927 15.0064205 ]\n [ 3.66528737 -2.63330197  7.45161703  1.03659807 15.0064205  18.70584617]]", "nfev": "266", "njev": "38", "status": "0", "success": "True", "message": "Optimization terminated successfully.", "x": "[0.87366765 1.1971857  3.21366874 3.70826113 3.3972502  5.35817249]", "nit": "33"}, "23": {"maxiter": 1000, "gtol": 1e-10, "xrtol": 1e-10, "eps": 1e-10, "duration": 0.10714006423950195, "fun": "0.20957632499148993", "jac": "[2.22044587e-06 4.44089173e-06 2.22044587e-06 5.55111466e-06\n 2.22044587e-06 1.11022293e-06]", "hess_inv": "[[ 0.06376212  0.11661249 -0.00550012 -0.06807748 -0.20034486  0.08145581]\n [ 0.11661249  0.35317917 -0.06636185 -0.17443137 -0.46700238  0.21072654]\n [-0.00550012 -0.06636185  0.02682752  0.02492385  0.05518834 -0.03366072]\n [-0.06807748 -0.17443137  0.02492385  0.09200245  0.25279599 -0.11021328]\n [-0.20034486 -0.46700238  0.05518834  0.25279599  0.70923719 -0.30323095]\n [ 0.08145581  0.21072654 -0.03366072 -0.11021328 -0.30323095  0.13524161]]", "nfev": "637", "njev": "91", "status": "0", "success": "True", "message": "Optimization terminated successfully.", "x": "[0.87368201 1.19718481 3.21369135 3.70827498 3.39729818 5.35822619]", "nit": "43"}}, "cobyla": {"0": {"maxiter": 100, "tol": 1e-05, "catol": 1e-05, "duration": 0.016293764114379883, "x": "[0.89111255 2.67440924 0.62521325 4.93044262 1.9356587  3.5793091 ]", "status": "2", "success": "False", "message": "Maximum number of function evaluations has been exceeded.", "nfev": "100", "fun": "0.45261317146645164", "maxcv": "0.0"}, "1": {"maxiter": 100, "tol": 1e-05, "catol": 1e-10, "duration": 0.016209840774536133, "x": "[0.89111255 2.67440924 0.62521325 4.93044262 1.9356587  3.5793091 ]", "status": "2", "success": "False", "message": "Maximum number of function evaluations has been exceeded.", "nfev": "100", "fun": "0.45261317146645164", "maxcv": "0.0"}, "2": {"maxiter": 100, "tol": 1e-10, "catol": 1e-05, "duration": 0.016236066818237305, "x": "[0.89111255 2.67440924 0.62521325 4.93044262 1.9356587  3.5793091 ]", "status": "2", "success": "False", "message": "Maximum number of function evaluations has been exceeded.", "nfev": "100", "fun": "0.45261317146645164", "maxcv": "0.0"}, "3": {"maxiter": 100, "tol": 1e-10, "catol": 1e-10, "duration": 0.016212940216064453, "x": "[0.89111255 2.67440924 0.62521325 4.93044262 1.9356587  3.5793091 ]", "status": "2", "success": "False", "message": "Maximum number of function evaluations has been exceeded.", "nfev": "100", "fun": "0.45261317146645164", "maxcv": "0.0"}, "4": {"maxiter": 500, "tol": 1e-05, "catol": 1e-05, "duration": 0.08089685440063477, "x": "[0.87313806 1.19768098 3.21258527 3.70822261 3.39507025 5.35612896]", "status": "2", "success": "False", "message": "Maximum number of function evaluations has been exceeded.", "nfev": "500", "fun": "0.20957646724479695", "maxcv": "0.0"}, "5": {"maxiter": 500, "tol": 1e-05, "catol": 1e-10, "duration": 0.08130002021789551, "x": "[0.87313806 1.19768098 3.21258527 3.70822261 3.39507025 5.35612896]", "status": "2", "success": "False", "message": "Maximum number of function evaluations has been exceeded.", "nfev": "500", "fun": "0.20957646724479695", "maxcv": "0.0"}, "6": {"maxiter": 500, "tol": 1e-10, "catol": 1e-05, "duration": 0.08329200744628906, "x": "[0.87313806 1.19768098 3.21258527 3.70822261 3.39507025 5.35612896]", "status": "2", "success": "False", "message": "Maximum number of function evaluations has been exceeded.", "nfev": "500", "fun": "0.20957646724479695", "maxcv": "0.0"}, "7": {"maxiter": 500, "tol": 1e-10, "catol": 1e-10, "duration": 0.08403491973876953, "x": "[0.87313806 1.19768098 3.21258527 3.70822261 3.39507025 5.35612896]", "status": "2", "success": "False", "message": "Maximum number of function evaluations has been exceeded.", "nfev": "500", "fun": "0.20957646724479695", "maxcv": "0.0"}, "8": {"maxiter": 1000, "tol": 1e-05, "catol": 1e-05, "duration": 0.11303901672363281, "x": "[0.87365201 1.19720189 3.21366039 3.70827025 3.39721453 5.35813922]", "status": "1", "success": "True", "message": "Optimization terminated successfully.", "nfev": "675", "fun": "0.20957632522044933", "maxcv": "0.0"}, "9": {"maxiter": 1000, "tol": 1e-05, "catol": 1e-10, "duration": 0.10939693450927734, "x": "[0.87365201 1.19720189 3.21366039 3.70827025 3.39721453 5.35813922]", "status": "1", "success": "True", "message": "Optimization terminated successfully.", "nfev": "675", "fun": "0.20957632522044933", "maxcv": "0.0"}, "10": {"maxiter": 1000, "tol": 1e-10, "catol": 1e-05, "duration": 0.16041207313537598, "x": "[0.87368544 1.1971839  3.21369056 3.70827154 3.39729738 5.35821883]", "status": "2", "success": "False", "message": "Maximum number of function evaluations has been exceeded.", "nfev": "1000", "fun": "0.20957632498307843", "maxcv": "0.0"}, "11": {"maxiter": 1000, "tol": 1e-10, "catol": 1e-10, "duration": 0.16023492813110352, "x": "[0.87368544 1.1971839  3.21369056 3.70827154 3.39729738 5.35821883]", "status": "2", "success": "False", "message": "Maximum number of function evaluations has been exceeded.", "nfev": "1000", "fun": "0.20957632498307843", "maxcv": "0.0"}}, "powell": {"type": "gradient-free", "0": {"maxiter": 100, "ftol": 1e-05, "xtol": 1e-05, "duratio