{"date": "2024/07/19/, 01:33:59", "conf_id": 141, "data_type": "orthogonal\n", "num_data_points": 4, "s_rank": 0, "unitary": "[[-0.56303964-0.00798273j,-0.21670212-0.15784972j,-0.06047197-0.73952673j,-0.01438004+0.24552571j],[-0.06976756+0.23474685j,-0.01275565-0.5435098j,-0.02703657-0.08917885j,-0.08210486-0.79311774j],[-0.38559961+0.10714929j,0.5933431-0.2687392j,-0.24060861+0.29149289j,-0.45147719+0.26241743j],[-0.50180421+0.45931857j,-0.11617175+0.44134496j,0.49642745+0.22684508j,-0.08544628-0.15407063j]]", "databatch_0": {"databatch": "[[[0.05677052-0.0215073j,-0.00947008-0.04285685j,-0.04967767+0.00768431j,0.03038353+0.05016647j],[-0.43700843+0.14222651j,0.05620607+0.32747192j,0.37840666-0.04025121j,-0.21171896-0.39026119j],[-0.14749288+0.11361717j,0.06591267+0.11736234j,0.1389698-0.066738j,-0.13379518-0.12021521j],[0.26191894+0.01200616j,0.03588787-0.18613305j,-0.21011449-0.05465457j,0.03449937+0.25094585j]],[[-0.19617028+0.22731145j,0.14217947+0.16403726j,0.19790488-0.15048894j,-0.25034441-0.1465352j],[0.17348257+0.04237799j,0.04839953-0.11969763j,-0.13326452-0.06408796j,-0.00985611+0.17224826j],[-0.39269902+0.19158464j,0.09613642+0.300916j,0.35097944-0.08783568j,-0.25084665-0.3395132j],[0.02016282+0.07021242j,0.05233345-0.00710723j,-0.0042894-0.06033599j,-0.06317287+0.03146211j]],[[-0.16225771-0.32502258j,-0.24944174+0.08220861j,0.07568765+0.29112581j,0.28035587-0.21112246j],[-0.08955551-0.19156265j,-0.14638332+0.04410512j,0.03968667+0.17054216j,0.16630186-0.11865892j],[-0.08989812+0.24869058j,0.16855086+0.09023531j,0.11548376-0.18603721j,-0.25202996-0.04182203j],[-0.1866225-0.19198586j,-0.15680283+0.11350554j,0.11824562+0.18753554j,0.14969119-0.21095362j]],[[0.25746378+0.16188055j,0.14264801-0.16732515j,-0.18079654-0.17529985j,-0.10867278+0.27298136j],[-0.1507006+0.0881756j,0.04737671+0.1170056j,0.13720413-0.04557818j,-0.1101861-0.12772187j],[-0.1467289-0.03550547j,-0.04069435+0.10127356j,0.11277093+0.05393147j,0.0080158-0.14562584j],[-0.40479035-0.09314041j,-0.10882432+0.27989122j,0.31193356+0.14488707j,0.0175431-0.40090407j]]]", "initial param values": "[0.85440832,4.02890007,2.48930029,1.8317506,5.39771254,2.31128244]", "nelder_mead": {"type": "gradient-free", "0": {"maxiter": 100, "fatol": 1e-05, "xatol": 1e-05, "duration": 0.02767181396484375, "fun": "0.16012875039996344", "nit": "100", "nfev": "161", "status": "2", "success": "False", "message": "Maximum number of iterations has been exceeded.", "x": "[0.01989986 4.61411254 3.53265935 2.33376543 6.42053727 3.1173    ]", "final_simplex": "(array([[0.01989986, 4.61411254, 3.53265935, 2.33376543, 6.42053727,\n        3.1173    ],\n       [0.03668803, 4.69598391, 3.5269319 , 2.2902002 , 6.38325217,\n        3.05228103],\n       [0.03839503, 4.6259246 , 3.54195713, 2.34010316, 6.35522789,\n        3.06525338],\n       [0.01962934, 4.65804051, 3.54356603, 2.31111629, 6.43207912,\n        3.13694377],\n       [0.0453229 , 4.66030031, 3.54782451, 2.33247033, 6.34242894,\n        3.03964033],\n       [0.02601021, 4.58787461, 3.55115354, 2.33143456, 6.44781043,\n        3.11787604],\n       [0.02868641, 4.66521617, 3.58430287, 2.33290369, 6.39766605,\n        3.05381685]]), array([0.16012875, 0.16026775, 0.16027848, 0.16033988, 0.16061169,\n       0.16064755, 0.16076622]))"}, "1": {"maxiter": 100, "fatol": 1e-05, "xatol": 1e-10, "duration": 0.027464866638183594, "fun": "0.16012875039996344", "nit": "100", "nfev": "161", "status": "2", "success": "False", "message": "Maximum number of iterations has been exceeded.", "x": "[0.01989986 4.61411254 3.53265935 2.33376543 6.42053727 3.1173    ]", "final_simplex": "(array([[0.01989986, 4.61411254, 3.53265935, 2.33376543, 6.42053727,\n        3.1173    ],\n       [0.03668803, 4.69598391, 3.5269319 , 2.2902002 , 6.38325217,\n        3.05228103],\n       [0.03839503, 4.6259246 , 3.54195713, 2.34010316, 6.35522789,\n        3.06525338],\n       [0.01962934, 4.65804051, 3.54356603, 2.31111629, 6.43207912,\n        3.13694377],\n       [0.0453229 , 4.66030031, 3.54782451, 2.33247033, 6.34242894,\n        3.03964033],\n       [0.02601021, 4.58787461, 3.55115354, 2.33143456, 6.44781043,\n        3.11787604],\n       [0.02868641, 4.66521617, 3.58430287, 2.33290369, 6.39766605,\n        3.05381685]]), array([0.16012875, 0.16026775, 0.16027848, 0.16033988, 0.16061169,\n       0.16064755, 0.16076622]))"}, "2": {"maxiter": 100, "fatol": 1e-10, "xatol": 1e-05, "duration": 0.027485132217407227, "fun": "0.16012875039996344", "nit": "100", "nfev": "161", "status": "2", "success": "False", "message": "Maximum number of iterations has been exceeded.", "x": "[0.01989986 4.61411254 3.53265935 2.33376543 6.42053727 3.1173    ]", "final_simplex": "(array([[0.01989986, 4.61411254, 3.53265935, 2.33376543, 6.42053727,\n        3.1173    ],\n       [0.03668803, 4.69598391, 3.5269319 , 2.2902002 , 6.38325217,\n        3.05228103],\n       [0.03839503, 4.6259246 , 3.54195713, 2.34010316, 6.35522789,\n        3.06525338],\n       [0.01962934, 4.65804051, 3.54356603, 2.31111629, 6.43207912,\n        3.13694377],\n       [0.0453229 , 4.66030031, 3.54782451, 2.33247033, 6.34242894,\n        3.03964033],\n       [0.02601021, 4.58787461, 3.55115354, 2.33143456, 6.44781043,\n        3.11787604],\n       [0.02868641, 4.66521617, 3.58430287, 2.33290369, 6.39766605,\n        3.05381685]]), array([0.16012875, 0.16026775, 0.16027848, 0.16033988, 0.16061169,\n       0.16064755, 0.16076622]))"}, "3": {"maxiter": 100, "fatol": 1e-10, "xatol": 1e-10, "duration": 0.027568817138671875, "fun": "0.16012875039996344", "nit": "100", "nfev": "161", "status": "2", "success": "False", "message": "Maximum number of iterations has been exceeded.", "x": "[0.01989986 4.61411254 3.53265935 2.33376543 6.42053727 3.1173    ]", "final_simplex": "(array([[0.01989986, 4.61411254, 3.53265935, 2.33376543, 6.42053727,\n        3.1173    ],\n       [0.03668803, 4.69598391, 3.5269319 , 2.2902002 , 6.38325217,\n        3.05228103],\n       [0.03839503, 4.6259246 , 3.54195713, 2.34010316, 6.35522789,\n        3.06525338],\n       [0.01962934, 4.65804051, 3.54356603, 2.31111629, 6.43207912,\n        3.13694377],\n       [0.0453229 , 4.66030031, 3.54782451, 2.33247033, 6.34242894,\n        3.03964033],\n       [0.02601021, 4.58787461, 3.55115354, 2.33143456, 6.44781043,\n        3.11787604],\n       [0.02868641, 4.66521617, 3.58430287, 2.33290369, 6.39766605,\n        3.05381685]]), array([0.16012875, 0.16026775, 0.16027848, 0.16033988, 0.16061169,\n       0.16064755, 0.16076622]))"}, "4": {"maxiter": 500, "fatol": 1e-05, "xatol": 1e-05, "duration": 0.12648510932922363, "fun": "0.12259963407662144", "nit": "466", "nfev": "742", "status": "0", "success": "True", "message": "Optimization terminated successfully.", "x": "[-0.47078488  6.10347411  2.06577983  2.29217736  6.26229222  2.85859213]", "final_simplex": "(array([[-0.47078488,  6.10347411,  2.06577983,  2.29217736,  6.26229222,\n         2.85859213],\n       [-0.47077925,  6.10347712,  2.06577411,  2.29218319,  6.26228987,\n         2.85859575],\n       [-0.47078516,  6.10347891,  2.06577413,  2.29218403,  6.26228839,\n         2.85859174],\n       [-0.47078437,  6.10347175,  2.06578245,  2.29218162,  6.26229273,\n         2.85859178],\n       [-0.4707837 ,  6.10347112,  2.06577937,  2.29218258,  6.26228376,\n         2.85858979],\n       [-0.47078544,  6.1034668 ,  2.06578164,  2.292181  ,  6.26228936,\n         2.85858755],\n       [-0.47078422,  6.10346617,  2.06578346,  2.29217681,  6.26229266,\n         2.85859388]]), array([0.12259963, 0.12259963, 0.12259963, 0.12259963, 0.12259963,\n       0.12259963, 0.12259963]))"}, "5": {"maxiter": 500, "fatol": 1e-05, "xatol": 1e-10, "duration": 0.13546109199523926, "fun": "0.12259963406913443", "nit": "500", "nfev": "796", "status": "2", "success": "False", "message": "Maximum number of iterations has been exceeded.", "x": "[-0.4707828   6.10347931  2.06577327  2.29217954  6.26229008  2.85859115]", "final_simplex": "(array([[-0.4707828 ,  6.10347931,  2.06577327,  2.29217954,  6.26229008,\n         2.85859115],\n       [-0.4707825 ,  6.10347741,  2.06577433,  2.29217909,  6.26228846,\n         2.85858995],\n       [-0.47078279,  6.10347706,  2.06577427,  2.29217995,  6.2622887 ,\n         2.85858954],\n       [-0.47078198,  6.10347724,  2.06577488,  2.29217987,  6.26229046,\n         2.85859142],\n       [-0.47078279,  6.10347731,  2.06577466,  2.29217968,  6.26229014,\n         2.85859108],\n       [-0.47078146,  6.10347853,  2.06577301,  2.29217973,  6.26229005,\n         2.85859255],\n       [-0.47078287,  6.10347817,  2.06577362,  2.29218081,  6.26228857,\n         2.85859037]]), array([0.12259963, 0.12259963, 0.12259963, 0.12259963, 0.12259963,\n       0.12259963, 0.12259963]))"}, "6": {"maxiter": 500, "fatol": 1e-10, "xatol": 1e-05, "duration": 0.1259450912475586, "fun": "0.12259963407662144", "nit": "466", "nfev": "742", "status": "0", "success": "True", "message": "Optimization terminated successfully.", "x": "[-0.47078488  6.10347411  2.06577983  2.29217736  6.26229222  2.85859213]", "final_simplex": "(array([[-0.47078488,  6.10347411,  2.06577983,  2.29217736,  6.26229222,\n         2.85859213],\n       [-0.47077925,  6.10347712,  2.06577411,  2.29218319,  6.26228987,\n         2.85859575],\n       [-0.47078516,  6.10347891,  2.06577413,  2.29218403,  6.26228839,\n         2.85859174],\n       [-0.47078437,  6.10347175,  2.06578245,  2.29218162,  6.26229273,\n         2.85859178],\n       [-0.4707837 ,  6.10347112,  2.06577937,  2.29218258,  6.26228376,\n         2.85858979],\n       [-0.47078544,  6.1034668 ,  2.06578164,  2.292181  ,  6.26228936,\n         2.85858755],\n       [-0.47078422,  6.10346617,  2.06578346,  2.29217681,  6.26229266,\n         2.85859388]]), array([0.12259963, 0.12259963, 0.12259963, 0.12259963, 0.12259963,\n       0.12259963, 0.12259963]))"}, "7": {"maxiter": 500, "fatol": 1e-10, "xatol": 1e-10, "duration": 0.13530993461608887, "fun": "0.12259963406913443", "nit": "500", "nfev": "796", "status": "2", "success": "False", "message": "Maximum number of iterations has been exceeded.", "x": "[-0.4707828   6.10347931  2.06577327  2.29217954  6.26229008  2.85859115]", "final_simplex": "(array([[-0.4707828 ,  6.10347931,  2.06577327,  2.29217954,  6.26229008,\n         2.85859115],\n       [-0.4707825 ,  6.10347741,  2.06577433,  2.29217909,  6.26228846,\n         2.85858995],\n       [-0.47078279,  6.10347706,  2.06577427,  2.29217995,  6.2622887 ,\n         2.85858954],\n       [-0.47078198,  6.10347724,  2.06577488,  2.29217987,  6.26229046,\n         2.85859142],\n       [-0.47078279,  6.10347731,  2.06577466,  2.29217968,  6.26229014,\n         2.85859108],\n       [-0.47078146,  6.10347853,  2.06577301,  2.29217973,  6.26229005,\n         2.85859255],\n       [-0.47078287,  6.10347817,  2.06577362,  2.29218081,  6.26228857,\n         2.85859037]]), array([0.12259963, 0.12259963, 0.12259963, 0.12259963, 0.12259963,\n       0.12259963, 0.12259963]))"}, "8": {"maxiter": 1000, "fatol": 1e-05, "xatol": 1e-05, "duration": 0.1259441375732422, "fun": "0.12259963407662144", "nit": "466", "nfev": "742", "status": "0", "success": "True", "message": "Optimization terminated successfully.", "x": "[-0.47078488  6.10347411  2.06577983  2.29217736  6.26229222  2.85859213]", "final_simplex": "(array([[-0.47078488,  6.10347411,  2.06577983,  2.29217736,  6.26229222,\n         2.85859213],\n       [-0.47077925,  6.10347712,  2.06577411,  2.29218319,  6.26228987,\n         2.85859575],\n       [-0.47078516,  6.10347891,  2.06577413,  2.29218403,  6.26228839,\n         2.85859174],\n       [-0.47078437,  6.10347175,  2.06578245,  2.29218162,  6.26229273,\n         2.85859178],\n       [-0.4707837 ,  6.10347112,  2.06577937,  2.29218258,  6.26228376,\n         2.85858979],\n       [-0.47078544,  6.1034668 ,  2.06578164,  2.292181  ,  6.26228936,\n         2.85858755],\n       [-0.47078422,  6.10346617,  2.06578346,  2.29217681,  6.26229266,\n         2.85859388]]), array([0.12259963, 0.12259963, 0.12259963, 0.12259963, 0.12259963,\n       0.12259963, 0.12259963]))"}, "9": {"maxiter": 1000, "fatol": 1e-05, "xatol": 1e-10, "duration": 0.17176508903503418, "fun": "0.12259963406744445", "nit": "604", "nfev": "1013", "status": "0", "success": "True", "message": "Optimization terminated successfully.", "x": "[-0.47078173  6.10348384  2.06576881  2.2921793   6.26228899  2.85858869]", "final_simplex": "(array([[-0.47078173,  6.10348384,  2.06576881,  2.2921793 ,  6.26228899,\n         2.85858869],\n       [-0.47078173,  6.10348384,  2.06576881,  2.2921793 ,  6.26228899,\n         2.85858869],\n       [-0.47078173,  6.10348384,  2.06576881,  2.2921793 ,  6.26228899,\n         2.85858869],\n       [-0.47078173,  6.10348384,  2.06576881,  2.2921793 ,  6.26228899,\n         2.85858869],\n       [-0.47078173,  6.10348384,  2.06576881,  2.2921793 ,  6.26228899,\n         2.85858869],\n       [-0.47078173,  6.10348384,  2.06576881,  2.2921793 ,  6.26228899,\n         2.85858869],\n       [-0.47078173,  6.10348384,  2.06576881,  2.2921793 ,  6.26228899,\n         2.85858869]]), array([0.12259963, 0.12259963, 0.12259963, 0.12259963, 0.12259963,\n       0.12259963, 0.12259963]))"}, "10": {"maxiter": 1000, "fatol": 1e-10, "xatol": 1e-05, "duration": 0.12545990943908691, "fun": "0.12259963407662144", "nit": "466", "nfev": "742", "status": "0", "success": "True", "message": "Optimization terminated successfully.", "x": "[-0.47078488  6.10347411  2.06577983  2.29217736  6.26229222  2.85859213]", "final_simplex": "(array([[-0.47078488,  6.10347411,  2.06577983,  2.29217736,  6.26229222,\n         2.85859213],\n       [-0.47077925,  6.10347712,  2.06577411,  2.29218319,  6.26228987,\n         2.85859575],\n       [-0.47078516,  6.10347891,  2.06577413,  2.29218403,  6.26228839,\n         2.85859174],\n       [-0.47078437,  6.10347175,  2.06578245,  2.29218162,  6.26229273,\n         2.85859178],\n       [-0.4707837 ,  6.10347112,  2.06577937,  2.29218258,  6.26228376,\n         2.85858979],\n       [-0.47078544,  6.1034668 ,  2.06578164,  2.292181  ,  6.26228936,\n         2.85858755],\n       [-0.47078422,  6.10346617,  2.06578346,  2.29217681,  6.26229266,\n         2.85859388]]), array([0.12259963, 0.12259963, 0.12259963, 0.12259963, 0.12259963,\n       0.12259963, 0.12259963]))"}, "11": {"maxiter": 1000, "fatol": 1e-10, "xatol": 1e-10, "duration": 0.17093706130981445, "fun": "0.12259963406744445", "nit": "604", "nfev": "1013", "status": "0", "success": "True", "message": "Optimization terminated successfully.", "x": "[-0.47078173  6.10348384  2.06576881  2.2921793   6.26228899  2.85858869]", "final_simplex": "(array([[-0.47078173,  6.10348384,  2.06576881,  2.2921793 ,  6.26228899,\n         2.85858869],\n       [-0.47078173,  6.10348384,  2.06576881,  2.2921793 ,  6.26228899,\n         2.85858869],\n       [-0.47078173,  6.10348384,  2.06576881,  2.2921793 ,  6.26228899,\n         2.85858869],\n       [-0.47078173,  6.10348384,  2.06576881,  2.2921793 ,  6.26228899,\n         2.85858869],\n       [-0.47078173,  6.10348384,  2.06576881,  2.2921793 ,  6.26228899,\n         2.85858869],\n       [-0.47078173,  6.10348384,  2.06576881,  2.2921793 ,  6.26228899,\n         2.85858869],\n       [-0.47078173,  6.10348384,  2.06576881,  2.2921793 ,  6.26228899,\n         2.85858869]]), array([0.12259963, 0.12259963, 0.12259963, 0.12259963, 0.12259963,\n       0.12259963, 0.12259963]))"}}, "bfgs": {"type": "gradient", "0": {"maxiter": 100, "gtol": 1e-05, "xrtol": 1e-05, "eps": 1e-05, "duration": 0.029221296310424805, "fun": "0.12259963444069877", "jac": "[-8.95139518e-07  6.93871627e-06  2.69395617e-06  9.45253875e-06\n  6.28541663e-06 -5.48612267e-06]", "hess_inv": "[[  3.14709258  -1.12488334   1.08294594   0.1293316    0.5263651\n    1.17333047]\n [ -1.12488334  17.27498095 -15.37898307  -0.5570357   -0.33332746\n   -1.75103409]\n [  1.08294594 -15.37898307  15.64273689   0.39639261   0.57132889\n    1.60551398]\n [  0.1293316   -0.5570357    0.39639261   2.44308611  -0.60796256\n   -0.20727981]\n [  0.5263651   -0.33332746   0.57132889  -0.60796256   5.77766599\n    4.29998347]\n [  1.17333047  -1.75103409   1.60551398  -0.20727981   4.29998347\n    6.23164861]]", "nfev": "168", "njev": "24", "status": "0", "success": "True", "message": "Optimization terminated successfully.", "x": "[-0.47080026  6.10356369  2.06570281  2.29219396  6.26228022  2.85855265]", "nit": "21"}, "1": {"maxiter": 100, "gtol": 1e-05, "xrtol": 1e-05, "eps": 1e-10, "duration": 0.02914714813232422, "fun": "0.12259963442395883", "jac": "[ 0.00000000e+00  6.66133760e-06  2.22044587e-06  6.66133760e-06\n  6.66133760e-06 -4.44089173e-06]", "hess_inv": "[[  3.15012349  -1.12669899   1.08588353   0.12643751   0.5324424\n    1.17693321]\n [ -1.12669899  17.26838367 -15.37456726  -0.5523605   -0.33055634\n   -1.73955733]\n [  1.08588353 -15.37456726  15.64066743   0.39120557   0.57141014\n    1.59695108]\n [  0.12643751  -0.5523605    0.39120557   2.44401661  -0.61592261\n   -0.21658875]\n [  0.5324424   -0.33055634   0.57141014  -0.61592261   5.78384445\n    4.29729984]\n [  1.17693321  -1.73955733   1.59695108  -0.21658875   4.29729984\n    6.21558812]]", "nfev": "168", "njev": "24", "status": "0", "success": "True", "message": "Optimization terminated successfully.", "x": "[-0.47078766  6.10355944  2.06571416  2.29219458  6.26231265  2.85858707]", "nit": "21"}, "2": {"maxiter": 100, "gtol": 1e-05, "xrtol": 1e-10, "eps": 1e-05, "duration": 0.029139041900634766, "fun": "0.12259963444069877", "jac": "[-8.95139518e-07  6.93871627e-06  2.69395617e-06  9.45253875e-06\n  6.28541663e-06 -5.48612267e-06]", "hess_inv": "[[  3.14709258  -1.12488334   1.08294594   0.1293316    0.5263651\n    1.17333047]\n [ -1.12488334  17.27498095 -15.37898307  -0.5570357   -0.33332746\n   -1.75103409]\n [  1.08294594 -15.37898307  15.64273689   0.39639261   0.57132889\n    1.60551398]\n [  0.1293316   -0.5570357    0.39639261   2.44308611  -0.60796256\n   -0.20727981]\n [  0.5263651   -0.33332746   0.57132889  -0.60796256   5.77766599\n    4.29998347]\n [  1.17333047  -1.75103409   1.60551398  -0.20727981   4.29998347\n    6.23164861]]", "nfev": "168", "njev": "24", "status": "0", "success": "True", "message": "Optimization terminated successfully.", "x": "[-0.47080026  6.10356369  2.06570281  2.29219396  6.26228022  2.85855265]", "nit": "21"}, "3": {"maxiter": 100, "gtol": 1e-05, "xrtol": 1e-10, "eps": 1e-10, "duration": 0.029074907302856445, "fun": "0.12259963442395883", "jac": "[ 0.00000000e+00  6.66133760e-06  2.22044587e-06  6.66133760e-06\n  6.66133760e-06 -4.44089173e-06]", "hess_inv": "[[  3.15012349  -1.12669899   1.08588353   0.12643751   0.5324424\n    1.17693321]\n [ -1.12669899  17.26838367 -15.37456726  -0.5523605   -0.33055634\n   -1.73955733]\n [  1.08588353 -15.37456726  15.64066743   0.39120557   0.57141014\n    1.59695108]\n [  0.12643751  -0.5523605    0.39120557   2.44401661  -0.61592261\n   -0.21658875]\n [  0.5324424   -0.33055634   0.57141014  -0.61592261   5.78384445\n    4.29729984]\n [  1.17693321  -1.73955733   1.59695108  -0.21658875   4.29729984\n    6.21558812]]", "nfev": "168", "njev": "24", "status": "0", "success": "True", "message": "Optimization terminated successfully.", "x": "[-0.47078766  6.10355944  2.06571416  2.29219458  6.26231265  2.85858707]", "nit": "21"}, "4": {"maxiter": 100, "gtol": 1e-10, "xrtol": 1e-05, "eps": 1e-05, "duration": 0.07030200958251953, "fun": "0.12259963410955077", "jac": "[ 5.26334532e-07  1.31663569e-06  1.92018623e-06 -2.38564724e-07\n  6.36957154e-07 -5.85220761e-07]", "hess_inv": "[[ 3.13596312e+00 -1.01656585e+00  9.21496427e-01  1.17173547e-01\n   4.78846605e-01  1.15397546e+00]\n [-1.01656585e+00  1.55524610e+01 -1.34359483e+01 -5.64166392e-01\n  -7.26720766e-03 -1.36322525e+00]\n [ 9.21496427e-01 -1.34359483e+01  1.36187075e+01  5.30748290e-01\n   3.50046867e-01  1.17540738e+00]\n [ 1.17173547e-01 -5.64166392e-01  5.30748290e-01  2.51687543e+00\n  -5.05427505e-01 -2.08617141e-01]\n [ 4.78846605e-01 -7.26720766e-03  3.50046867e-01 -5.05427505e-01\n   5.83999740e+00  4.22935392e+00]\n [ 1.15397546e+00 -1.36322525e+00  1.17540738e+00 -2.08617141e-01\n   4.22935392e+00  6.14128455e+00]]", "nfev": "410", "njev": "57", "status": "2", "success": "False", "message": "Desired error not necessarily achieved due to precision loss.", "x": "[-0.47078899  6.10348403  2.06576776  2.29217433  6.26227331  2.85856928]", "nit": "22"}, "5": {"maxiter": 100, "gtol": 1e-10, "xrtol": 1e-05, "eps": 1e-10, "duration": 0.03866410255432129, "fun": "0.12259963408714203", "jac": "[-2.22044587e-06  2.22044587e-06  4.44089173e-06  0.00000000e+00\n  2.22044587e-06  0.00000000e+00]", "hess_inv": "[[  3.25382679  -1.7931973    1.5820078    0.01993765   0.53302687\n    1.40579111]\n [ -1.7931973   18.66703895 -15.94391057  -0.17801386  -1.39030704\n   -3.65651703]\n [  1.5820078  -15.94391057  15.6308224    0.16901992   1.55238522\n    3.12019491]\n [  0.01993765  -0.17801386   0.16901992   2.51382646  -0.75106662\n   -0.52484316]\n [  0.53302687  -1.39030704   1.55238522  -0.75106662   5.32628267\n    4.04993292]\n [  1.40579111  -3.65651703   3.12019491  -0.52484316   4.04993292\n    6.5490622 ]]", "nfev": "224", "njev": "32", "status": "0", "success": "True", "message": "Optimization terminated successfully.", "x": "[-0.47078025  6.10347885  2.06578043  2.29218246  6.26229735  2.85859439]", "nit": "23"}, "6": {"maxiter": 100, "gtol": 1e-10, "xrtol": 1e-10, "eps": 1e-05, "duration": 0.07055306434631348, "fun": "0.12259963410955077", "jac": "[ 5.26334532e-07  1.31663569e-06  1.92018623e-06 -2.38564724e-07\n  6.36957154e-07 -5.85220761e-07]", "hess_inv": "[[ 3.13596312e+00 -1.01656585e+00  9.21496427e-01  1.17173547e-01\n   4.78846605e-01  1.15397546e+00]\n [-1.01656585e+00  1.55524610e+01 -1.34359483e+01 -5.64166392e-01\n  -7.26720766e-03 -1.36322525e+00]\n [ 9.21496427e-01 -1.34359483e+01  1.36187075e+01  5.30748290e-01\n   3.50046867e-01  1.17540738e+00]\n [ 1.17173547e-01 -5.64166392e-01  5.30748290e-01  2.51687543e+00\n  -5.05427505e-01 -2.08617141e-01]\n [ 4.78846605e-01 -7.26720766e-03  3.50046867e-01 -5.05427505e-01\n   5.83999740e+00  4.22935392e+00]\n [ 1.15397546e+00 -1.36322525e+00  1.17540738e+00 -2.08617141e-01\n   4.22935392e+00  6.14128455e+00]]", "nfev": "410", "njev": "57", "status": "2", "success": "False", "message": "Desired error not necessarily achieved due to precision loss.", "x": "[-0.47078899  6.10348403  2.06576776  2.29217433  6.26227331  2.85856928]", "nit": "22"}, "7": {"maxiter": 100, "gtol": 1e-10, "xrtol": 1e-10, "eps": 1e-10, "duration": 0.03830099105834961, "fun": "0.12259963408714203", "jac": "[-2.22044587e-06  2.22044587e-06  4.44089173e-06  0.00000000e+00\n  2.22044587e-06  0.00000000e+00]", "hess_inv": "[[ 3.84449116 -1.82964898  0.54087667 -0.03680047  0.72006811  2.58513534]\n [-1.82964898  9.76025457 -6.96553521 -0.6859779   3.38731578  1.74230138]\n [ 0.54087667 -6.96553521  8.54674915  0.78078678 -3.56920389 -4.43329482]\n [-0.03680047 -0.6859779   0.78078678  2.4899135  -0.49408859 -0.32400556]\n [ 0.72006811  3.38731578 -3.56920389 -0.49408859  2.81103402  1.48205844]\n [ 2.58513534  1.74230138 -4.43329482 -0.32400556  1.48205844  5.5433343 ]]", "nfev": "224", "njev": "32", "status": "2", "success": "False", "message": "Desired error not necessarily achieved due to precision loss.", "x": "[-0.47078025  6.10347885  2.06578043  2.29218246  6.26229735  2.85859439]", "nit": "23"}, "8": {"maxiter": 500, "gtol": 1e-05, "xrtol": 1e-05, "eps": 1e-05, "duration": 0.02873706817626953, "fun": "0.12259963444069877", "jac": "[-8.95139518e-07  6.93871627e-06  2.69395617e-06  9.45253875e-06\n  6.28541663e-06 -5.48612267e-06]", "hess_inv": "[[  3.14709258  -1.12488334   1.08294594   0.1293316    0.5263651\n    1.17333047]\n [ -1.12488334  17.27498095 -15.37898307  -0.5570357   -0.33332746\n   -1.75103409]\n [  1.08294594 -15.37898307  15.64273689   0.39639261   0.57132889\n    1.60551398]\n [  0.1293316   -0.5570357    0.39639261   2.44308611  -0.60796256\n   -0.20727981]\n [  0.5263651   -0.33332746   0.57132889  -0.60796256   5.77766599\n    4.29998347]\n [  1.17333047  -1.75103409   1.60551398  -0.20727981   4.29998347\n    6.23164861]]", "nfev": "168", "njev": "24", "status": "0", "success": "True", "message": "Optimization terminated successfully.", "x": "[-0.47080026  6.10356369  2.06570281  2.29219396  6.26228022  2.85855265]", "nit": "21"}, "9": {"maxiter": 500, "gtol": 1e-05, "xrtol": 1e-05, "eps": 1e-10, "duration": 0.028763294219970703, "fun": "0.12259963442395883", "jac": "[ 0.00000000e+00  6.66133760e-06  2.22044587e-06  6.66133760e-06\n  6.66133760e-06 -4.44089173e-06]", "hess_inv": "[[  3.15012349  -1.12669899   1.08588353   0.12643751   0.5324424\n    1.17693321]\n [ -1.12669899  17.26838367 -15.37456726  -0.5523605   -0.33055634\n   -1.73955733]\n [  1.08588353 -15.37456726  15.64066743   0.39120557   0.57141014\n    1.59695108]\n [  0.12643751  -0.5523605    0.39120557   2.44401661  -0.61592261\n   -0.21658875]\n [  0.5324424   -0.33055634   0.57141014  -0.61592261   5.78384445\n    4.29729984]\n [  1.17693321  -1.73955733   1.59695108  -0.21658875   4.29729984\n    6.21558812]]", "nfev": "168", "njev": "24", "status": "0", "success": "True", "message": "Optimization terminated successfully.", "x": "[-0.47078766  6.10355944  2.06571416  2.29219458  6.26231265  2.85858707]", "nit": "21"}, "10": {"maxiter": 500, "gtol": 1e-05, "xrtol": 1e-10, "eps": 1e-05, "duration": 0.028712749481201172, "fun": "0.12259963444069877", "jac": "[-8.95139518e-07  6.93871627e-06  2.69395617e-06  9.45253875e-06\n  6.28541663e-06 -5.48612267e-06]", "hess_inv": "[[  3.14709258  -1.12488334   1.08294594   0.1293316    0.5263651\n    1.17333047]\n [ -1.12488334  17.27498095 -15.37898307  -0.5570357   -0.33332746\n   -1.75103409]\n [  1.08294594 -15.37898307  15.64273689   0.39639261   0.57132889\n    1.60551398]\n [  0.1293316   -0.5570357    0.39639261   2.44308611  -0.60796256\n   -0.20727981]\n [  0.5263651   -0.33332746   0.57132889  -0.60796256   5.77766599\n    4.29998347]\n [  1.17333047  -1.75103409   1.60551398  -0.20727981   4.29998347\n    6.23164861]]", "nfev": "168", "njev": "24", "status": "0", "success": "True", "message": "Optimization terminated successfully.", "x": "[-0.47080026  6.10356369  2.06570281  2.29219396  6.26228022  2.85855265]", "nit": "21"}, "11": {"maxiter": 500, "gtol": 1e-05, "xrtol": 1e-10, "eps": 1e-10, "duration": 0.02863621711730957, "fun": "0.12259963442395883", "jac": "[ 0.00000000e+00  6.66133760e-06  2.22044587e-06  6.66133760e-06\n  6.66133760e-06 -4.44089173e-06]", "hess_inv": "[[  3.15012349  -1.12669899   1.08588353   0.12643751   0.5324424\n    1.17693321]\n [ -1.12669899  17.26838367 -15.37456726  -0.5523605   -0.33055634\n   -1.73955733]\n [  1.08588353 -15.37456726  15.64066743   0.39120557   0.57141014\n    1.59695108]\n [  0.12643751  -0.5523605    0.39120557   2.44401661  -0.61592261\n   -0.21658875]\n [  0.5324424   -0.33055634   0.57141014  -0.61592261   5.78384445\n    4.29729984]\n [  1.17693321  -1.73955733   1.59695108  -0.21658875   4.29729984\n    6.21558812]]", "nfev": "168", "njev": "24", "status": "0", "success": "True", "message": "Optimization terminated successfully.", "x": "[-0.47078766  6.10355944  2.06571416  2.29219458  6.26231265  2.85858707]", "nit": "21"}, "12": {"maxiter": 500, "gtol": 1e-10, "xrtol": 1e-05, "eps": 1e-05, "duration": 0.06916928291320801, "fun": "0.12259963410955077", "jac": "[ 5.26334532e-07  1.31663569e-06  1.92018623e-06 -2.38564724e-07\n  6.36957154e-07 -5.85220761e-07]", "hess_inv": "[[ 3.13596312e+00 -1.01656585e+00  9.21496427e-01  1.17173547e-01\n   4.78846605e-01  1.15397546e+00]\n [-1.01656585e+00  1.55524610e+01 -1.34359483e+01 -5.64166392e-01\n  -7.26720766e-03 -1.36322525e+00]\n [ 9.21496427e-01 -1.34359483e+01  1.36187075e+01  5.30748290e-01\n   3.50046867e-01  1.17540738e+00]\n [ 1.17173547e-01 -5.64166392e-01  5.30748290e-01  2.51687543e+00\n  -5.05427505e-01 -2.08617141e-01]\n [ 4.78846605e-01 -7.26720766e-03  3.50046867e-01 -5.05427505e-01\n   5.83999740e+00  4.22935392e+00]\n [ 1.15397546e+00 -1.36322525e+00  1.17540738e+00 -2.08617141e-01\n   4.22935392e+00  6.14128455e+00]]", "nfev": "410", "njev": "57", "status": "2", "success": "False", "message": "Desired error not necessarily achieved due to precision loss.", "x": "[-0.47078899  6.10348403  2.06576776  2.29217433  6.26227331  2.85856928]", "nit": "22"}, "13": {"maxiter": 500, "gtol": 1e-10, "xrtol": 1e-05, "eps": 1e-10, "duration": 0.0380549430847168, "fun": "0.12259963408714203", "jac": "[-2.22044587e-06  2.22044587e-06  4.44089173e-06  0.00000000e+00\n  2.22044587e-06  0.00000000e+00]", "hess_inv": "[[  3.25382679  -1.7931973    1.5820078    0.01993765   0.53302687\n    1.40579111]\n [ -1.7931973   18.66703895 -15.94391057  -0.17801386  -1.39030704\n   -3.65651703]\n [  1.5820078  -15.94391057  15.6308224    0.16901992   1.55238522\n    3.12019491]\n [  0.01993765  -0.17801386   0.16901992   2.51382646  -0.75106662\n   -0.52484316]\n [  0.53302687  -1.39030704   1.55238522  -0.75106662   5.32628267\n    4.04993292]\n [  1.40579111  -3.65651703   3.12019491  -0.52484316   4.04993292\n    6.5490622 ]]", "nfev": "224", "njev": "32", "status": "0", "success": "True", "message": "Optimization terminated successfully.", "x": "[-0.47078025  6.10347885  2.06578043  2.29218246  6.26229735  2.85859439]", "nit": "23"}, "14": {"maxiter": 500, "gtol": 1e-10, "xrtol": 1e-10, "eps": 1e-05, "duration": 0.06912088394165039, "fun": "0.12259963410955077", "jac": "[ 5.26334532e-07  1.31663569e-06  1.92018623e-06 -2.38564724e-07\n  6.36957154e-07 -5.85220761e-07]", "hess_inv": "[[ 3.13596312e+00 -1.01656585e+00  9.21496427e-01  1.17173547e-01\n   4.78846605e-01  1.15397546e+00]\n [-1.01656585e+00  1.55524610e+01 -1.34359483e+01 -5.64166392e-01\n  -7.26720766e-03 -1.36322525e+00]\n [ 9.21496427e-01 -1.34359483e+01  1.36187075e+01  5.30748290e-01\n   3.50046867e-01  1.17540738e+00]\n [ 1.17173547e-01 -5.64166392e-01  5.30748290e-01  2.51687543e+00\n  -5.05427505e-01 -2.08617141e-01]\n [ 4.78846605e-01 -7.26720766e-03  3.50046867e-01 -5.05427505e-01\n   5.83999740e+00  4.22935392e+00]\n [ 1.15397546e+00 -1.36322525e+00  1.17540738e+00 -2.08617141e-01\n   4.22935392e+00  6.14128455e+00]]", "nfev": "410", "njev": "57", "status": "2", "success": "False", "message": "Desired error not necessarily achieved due to precision loss.", "x": "[-0.47078899  6.10348403  2.06576776  2.29217433  6.26227331  2.85856928]", "nit": "22"}, "15": {"maxiter": 500, "gtol": 1e-10, "xrtol": 1e-10, "eps": 1e-10, "duration": 0.03810715675354004, "fun": "0.12259963408714203", "jac": "[-2.22044587e-06  2.22044587e-06  4.44089173e-06  0.00000000e+00\n  2.22044587e-06  0.00000000e+00]", "hess_inv": "[[ 3.84449116 -1.82964898  0.54087667 -0.03680047  0.72006811  2.58513534]\n [-1.82964898  9.76025457 -6.96553521 -0.6859779   3.38731578  1.74230138]\n [ 0.54087667 -6.96553521  8.54674915  0.78078678 -3.56920389 -4.43329482]\n [-0.03680047 -0.6859779   0.78078678  2.4899135  -0.49408859 -0.32400556]\n [ 0.72006811  3.38731578 -3.56920389 -0.49408859  2.81103402  1.48205844]\n [ 2.58513534  1.74230138 -4.43329482 -0.32400556  1.48205844  5.5433343 ]]", "nfev": "224", "njev": "32", "status": "2", "success": "False", "message": "Desired error not necessarily achieved due to precision loss.", "x": "[-0.47078025  6.10347885  2.06578043  2.29218246  6.26229735  2.85859439]", "nit": "23"}, "16": {"maxiter": 1000, "gtol": 1e-05, "xrtol": 1e-05, "eps": 1e-05, "duration": 0.02862691879272461, "fun": "0.12259963444069877", "jac": "[-8.95139518e-07  6.93871627e-06  2.69395617e-06  9.45253875e-06\n  6.28541663e-06 -5.48612267e-06]", "hess_inv": "[[  3.14709258  -1.12488334   1.08294594   0.1293316    0.5263651\n    1.17333047]\n [ -1.12488334  17.27498095 -15.37898307  -0.5570357   -0.33332746\n   -1.75103409]\n [  1.08294594 -15.37898307  15.64273689   0.39639261   0.57132889\n    1.60551398]\n [  0.1293316   -0.5570357    0.39639261   2.44308611  -0.60796256\n   -0.20727981]\n [  0.5263651   -0.33332746   0.57132889  -0.60796256   5.77766599\n    4.29998347]\n [  1.17333047  -1.75103409   1.60551398  -0.20727981   4.29998347\n    6.23164861]]", "nfev": "168", "njev": "24", "status": "0", "success": "True", "message": "Optimization terminated successfully.", "x": "[-0.47080026  6.10356369  2.06570281  2.29219396  6.26228022  2.85855265]", "nit": "21"}, "17": {"maxiter": 1000, "gtol": 1e-05, "xrtol": 1e-05, "eps": 1e-10, "duration": 0.02898406982421875, "fun": "0.12259963442395883", "jac": "[ 0.00000000e+00  6.66133760e-06  2.22044587e-06  6.66133760e-06\n  6.66133760e-06 -4.44089173e-06]", "hess_inv": "[[  3.15012349  -1.12669899   1.08588353   0.12643751   0.5324424\n    1.17693321]\n [ -1.12669899  17.26838367 -15.37456726  -0.5523605   -0.33055634\n   -1.73955733]\n [  1.08588353 -15.37456726  15.64066743   0.39120557   0.57141014\n    1.59695108]\n [  0.12643751  -0.5523605    0.39120557   2.44401661  -0.61592261\n   -0.21658875]\n [  0.5324424   -0.33055634   0.57141014  -0.61592261   5.78384445\n    4.29729984]\n [  1.17693321  -1.73955733   1.59695108  -0.21658875   4.29729984\n    6.21558812]]", "nfev": "168", "njev": "24", "status": "0", "success": "True", "message": "Optimization terminated successfully.", "x": "[-0.47078766  6.10355944  2.06571416  2.29219458  6.26231265  2.85858707]", "nit": "21"}, "18": {"maxiter": 1000, "gtol": 1e-05, "xrtol": 1e-10, "eps": 1e-05, "duration": 0.028766870498657227, "fun": "0.12259963444069877", "jac": "[-8.95139518e-07  6.93871627e-06  2.69395617e-06  9.45253875e-06\n  6.28541663e-06 -5.48612267e-06]", "hess_inv": "[[  3.14709258  -1.12488334   1.08294594   0.1293316    0.5263651\n    1.17333047]\n [ -1.12488334  17.27498095 -15.37898307  -0.5570357   -0.33332746\n   -1.75103409]\n [  1.08294594 -15.37898307  15.64273689   0.39639261   0.57132889\n    1.60551398]\n [  0.1293316   -0.5570357    0.39639261   2.44308611  -0.60796256\n   -0.20727981]\n [  0.5263651   -0.33332746   0.57132889  -0.60796256   5.77766599\n    4.29998347]\n [  1.17333047  -1.75103409   1.60551398  -0.20727981   4.29998347\n    6.23164861]]", "nfev": "168", "njev": "24", "status": "0", "success": "True", "message": "Optimization terminated successfully.", "x": "[-0.47080026  6.10356369  2.06570281  2.29219396  6.26228022  2.85855265]", "nit": "21"}, "19": {"maxiter": 1000, "gtol": 1e-05, "xrtol": 1e-10, "eps": 1e-10, "duration": 0.028779029846191406, "fun": "0.12259963442395883", "jac": "[ 0.00000000e+00  6.66133760e-06  2.22044587e-06  6.66133760e-06\n  6.66133760e-06 -4.44089173e-06]", "hess_inv": "[[  3.15012349  -1.12669899   1.08588353   0.12643751   0.5324424\n    1.17693321]\n [ -1.12669899  17.26838367 -15.37456726  -0.5523605   -0.33055634\n   -1.73955733]\n [  1.08588353 -15.37456726  15.64066743   0.39120557   0.57141014\n    1.59695108]\n [  0.12643751  -0.5523605    0.39120557   2.44401661  -0.61592261\n   -0.21658875]\n [  0.5324424   -0.33055634   0.57141014  -0.61592261   5.78384445\n    4.29729984]\n [  1.17693321  -1.73955733   1.59695108  -0.21658875   4.29729984\n    6.21558812]]", "nfev": "168", "njev": "24", "status": "0", "success": "True", "message": "Optimization terminated successfully.", "x": "[-0.47078766  6.10355944  2.06571416  2.29219458  6.26231265  2.85858707]", "nit": "21"}, "20": {"maxiter": 1000, "gtol": 1e-10, "xrtol": 1e-05, "eps": 1e-05, "duration": 0.06940817832946777, "fun": "0.12259963410955077", "jac": "[ 5.26334532e-07  1.31663569e-06  1.92018623e-06 -2.38564724e-07\n  6.36957154e-07 -5.85220761e-07]", "hess_inv": "[[ 3.13596312e+00 -1.01656585e+00  9.21496427e-01  1.17173547e-01\n   4.78846605e-01  1.15397546e+00]\n [-1.01656585e+00  1.55524610e+01 -1.34359483e+01 -5.64166392e-01\n  -7.26720766e-03 -1.36322525e+00]\n [ 9.21496427e-01 -1.34359483e+01  1.36187075e+01  5.30748290e-01\n   3.50046867e-01  1.17540738e+00]\n [ 1.17173547e-01 -5.64166392e-01  5.30748290e-01  2.51687543e+00\n  -5.05427505e-01 -2.08617141e-01]\n [ 4.78846605e-01 -7.26720766e-03  3.50046867e-01 -5.05427505e-01\n   5.83999740e+00  4.22935392e+00]\n [ 1.15397546e+00 -1.36322525e+00  1.17540738e+00 -2.08617141e-01\n   4.22935392e+00  6.14128455e+00]]", "nfev": "410", "njev": "57", "status": "2", "success": "False", "message": "Desired error not necessarily achieved due to precision loss.", "x": "[-0.47078899  6.10348403  2.06576776  2.29217433  6.26227331  2.85856928]", "nit": "22"}, "21": {"maxiter": 1000, "gtol": 1e-10, "xrtol": 1e-05, "eps": 1e-10, "duration": 0.0381770133972168, "fun": "0.12259963408714203", "jac": "[-2.22044587e-06  2.22044587e-06  4.44089173e-06  0.00000000e+00\n  2.22044587e-06  0.00000000e+00]", "hess_inv": "[[  3.25382679  -1.7931973    1.5820078    0.01993765   0.53302687\n    1.40579111]\n [ -1.7931973   18.66703895 -15.94391057  -0.17801386  -1.39030704\n   -3.65651703]\n [  1.5820078  -15.94391057  15.6308224    0.16901992   1.55238522\n    3.12019491]\n [  0.01993765  -0.17801386   0.16901992   2.51382646  -0.75106662\n   -0.52484316]\n [  0.53302687  -1.39030704   1.55238522  -0.75106662   5.32628267\n    4.04993292]\n [  1.40579111  -3.65651703   3.12019491  -0.52484316   4.04993292\n    6.5490622 ]]", "nfev": "224", "njev": "32", "status": "0", "success": "True", "message": "Optimization terminated successfully.", "x": "[-0.47078025  6.10347885  2.06578043  2.29218246  6.26229735  2.85859439]", "nit": "23"}, "22": {"maxiter": 1000, "gtol": 1e-10, "xrtol": 1e-10, "eps": 1e-05, "duration": 0.06919407844543457, "fun": "0.12259963410955077", "jac": "[ 5.26334532e-07  1.31663569e-06  1.92018623e-06 -2.38564724e-07\n  6.36957154e-07 -5.85220761e-07]", "hess_inv": "[[ 3.13596312e+00 -1.01656585e+00  9.21496427e-01  1.17173547e-01\n   4.78846605e-01  1.15397546e+00]\n [-1.01656585e+00  1.55524610e+01 -1.34359483e+01 -5.64166392e-01\n  -7.26720766e-03 -1.36322525e+00]\n [ 9.21496427e-01 -1.34359483e+01  1.36187075e+01  5.30748290e-01\n   3.50046867e-01  1.17540738e+00]\n [ 1.17173547e-01 -5.64166392e-01  5.30748290e-01  2.51687543e+00\n  -5.05427505e-01 -2.08617141e-01]\n [ 4.78846605e-01 -7.26720766e-03  3.50046867e-01 -5.05427505e-01\n   5.83999740e+00  4.22935392e+00]\n [ 1.15397546e+00 -1.36322525e+00  1.17540738e+00 -2.08617141e-01\n   4.22935392e+00  6.14128455e+00]]", "nfev": "410", "njev": "57", "status": "2", "success": "False", "message": "Desired error not necessarily achieved due to precision loss.", "x": "[-0.47078899  6.10348403  2.06576776  2.29217433  6.26227331  2.85856928]", "nit": "22"}, "23": {"maxiter": 1000, "gtol": 1e-10, "xrtol": 1e-10, "eps": 1e-10, "duration": 0.03809404373168945, "fun": "0.12259963408714203", "jac": "[-2.22044587e-06  2.22044587e-06  4.44089173e-06  0.00000000e+00\n  2.22044587e-06  0.00000000e+00]", "hess_inv": "[[ 3.84449116 -1.82964898  0.54087667 -0.03680047  0.72006811  2.58513534]\n [-1.82964898  9.76025457 -6.96553521 -0.6859779   3.38731578  1.74230138]\n [ 0.54087667 -6.96553521  8.54674915  0.78078678 -3.56920389 -4.43329482]\n [-0.03680047 -0.6859779   0.78078678  2.4899135  -0.49408859 -0.32400556]\n [ 0.72006811  3.38731578 -3.56920389 -0.49408859  2.81103402  1.48205844]\n [ 2.58513534  1.74230138 -4.43329482 -0.32400556  1.48205844  5.5433343 ]]", "nfev": "224", "njev": "32", "status": "2", "success": "False", "message": "Desired error not necessarily achieved due to precision loss.", "x": "[-0.47078025  6.10347885  2.06578043  2.29218246  6.26229735  2.85859439]", "nit": "23"}}, "cobyla": {"0": {"maxiter": 100, "tol": 1e-05, "catol": 1e-05, "duration": 0.016285181045532227, "x": "[0.43408045 3.26578276 4.90876989 2.27977061 6.30756795 2.88479635]", "status": "2", "success": "False", "message": "Maximum number of function evaluations has been exceeded.", "nfev": "100", "fun": "0.126384891971435