{"date": "2024/07/19/, 19:58:55", "conf_id": 301, "data_type": "var_s_rank\n", "num_data_points": 4, "s_rank": 0, "unitary": "[[-0.56303964-0.00798273j,-0.21670212-0.15784972j,-0.06047197-0.73952673j,-0.01438004+0.24552571j],[-0.06976756+0.23474685j,-0.01275565-0.5435098j,-0.02703657-0.08917885j,-0.08210486-0.79311774j],[-0.38559961+0.10714929j,0.5933431-0.2687392j,-0.24060861+0.29149289j,-0.45147719+0.26241743j],[-0.50180421+0.45931857j,-0.11617175+0.44134496j,0.49642745+0.22684508j,-0.08544628-0.15407063j]]", "databatch_0": {"databatch": "[[[0.16924888-0.10643409j,-0.14651344-0.19517265j,0.25733948-0.08429698j,0.03065742+0.02326002j],[-0.07012441+0.11135861j,0.14252493+0.0740941j,-0.12870297+0.12330871j,-0.02481662-0.00507218j],[-0.27628245+0.18841489j,0.25701663+0.31712348j,-0.42489823+0.1568856j,-0.05268781-0.03697395j],[-0.24518692+0.00636966j,0.03243208+0.29762335j,-0.32427552-0.07212034j,-0.01778859-0.04372902j]],[[-0.18888934+0.18973318j,-0.19589455+0.17800508j,-0.05667665+0.16538569j,-0.22282052-0.09956467j],[0.24692061+0.08379142j,0.23966989+0.09494708j,0.16892468-0.02137495j,0.00850675+0.23754136j],[-0.09281251+0.21381977j,-0.10221783+0.20653951j,0.00661782+0.15206824j,-0.21225273-0.00989363j],[0.20844544+0.26774021j,0.19258272+0.27467846j,0.19890862+0.09762484j,-0.16070459+0.26428607j]],[[0.03026157-0.04277804j,0.33435133-0.00749808j,0.09093827+0.12087362j,-0.00670396-0.19641203j],[-0.07883716-0.02262694j,-0.18372747-0.49018342j,0.13165174-0.19679031j,-0.28676708+0.11132676j],[-0.02205389+0.06237956j,-0.40363472+0.12409636j,-0.15205325-0.11557838j,0.07569288+0.23632126j],[-0.03024647+0.02875413j,-0.26240015-0.04574089j,-0.05239989-0.10847796j,-0.0250736+0.15449972j]],[[0.02146612+0.00892928j,-0.05047669+0.06553184j,0.11741144+0.01224811j,0.1414347-0.05342398j],[0.02198497+0.07226167j,-0.26858703+0.00891988j,0.21196891+0.31961489j,0.42623269+0.24409778j],[-0.05303456+0.03301671j,-0.06455687-0.21268774j,-0.2100413+0.23769942j,-0.10389029+0.39274407j],[0.02756683-0.03643319j,0.09977931+0.12832196j,0.08117254-0.21731195j,-0.03191269-0.29538128j]]]", "initial param values": "[1.58244991,5.50360007,3.45836856,4.4306318,0.22092928,5.71654773]", "nelder_mead": {"type": "gradient-free", "0": {"maxiter": 100, "fatol": 1e-05, "xatol": 1e-05, "duration": 0.025336027145385742, "fun": "0.5140103439154603", "nit": "100", "nfev": "148", "status": "2", "success": "False", "message": "Maximum number of iterations has been exceeded.", "x": "[ 2.38294071  6.82950149  4.48284985  3.98334944 -0.00922315  8.90519974]", "final_simplex": "(array([[ 2.38294071e+00,  6.82950149e+00,  4.48284985e+00,\n         3.98334944e+00, -9.22315421e-03,  8.90519974e+00],\n       [ 2.29918215e+00,  6.56961713e+00,  4.14721589e+00,\n         3.99678579e+00,  4.59200028e-02,  8.64899585e+00],\n       [ 2.23355531e+00,  6.85137298e+00,  4.24501186e+00,\n         3.87625893e+00,  4.94550022e-03,  8.88999141e+00],\n       [ 2.45795011e+00,  6.68497776e+00,  4.43711254e+00,\n         3.95371949e+00, -1.09425360e-02,  8.62438124e+00],\n       [ 2.10926633e+00,  6.82552237e+00,  4.36997878e+00,\n         3.96349744e+00,  2.44362560e-02,  9.07575247e+00],\n       [ 2.08604304e+00,  6.61502701e+00,  4.22493930e+00,\n         4.14550357e+00,  3.36237025e-02,  8.96206819e+00],\n       [ 2.12156829e+00,  6.85751937e+00,  4.29822813e+00,\n         3.92564941e+00,  2.68270142e-02,  8.98868853e+00]]), array([0.51401034, 0.51463714, 0.51537211, 0.51551412, 0.51562228,\n       0.51586688, 0.51723301]))"}, "1": {"maxiter": 100, "fatol": 1e-05, "xatol": 1e-10, "duration": 0.025224924087524414, "fun": "0.5140103439154603", "nit": "100", "nfev": "148", "status": "2", "success": "False", "message": "Maximum number of iterations has been exceeded.", "x": "[ 2.38294071  6.82950149  4.48284985  3.98334944 -0.00922315  8.90519974]", "final_simplex": "(array([[ 2.38294071e+00,  6.82950149e+00,  4.48284985e+00,\n         3.98334944e+00, -9.22315421e-03,  8.90519974e+00],\n       [ 2.29918215e+00,  6.56961713e+00,  4.14721589e+00,\n         3.99678579e+00,  4.59200028e-02,  8.64899585e+00],\n       [ 2.23355531e+00,  6.85137298e+00,  4.24501186e+00,\n         3.87625893e+00,  4.94550022e-03,  8.88999141e+00],\n       [ 2.45795011e+00,  6.68497776e+00,  4.43711254e+00,\n         3.95371949e+00, -1.09425360e-02,  8.62438124e+00],\n       [ 2.10926633e+00,  6.82552237e+00,  4.36997878e+00,\n         3.96349744e+00,  2.44362560e-02,  9.07575247e+00],\n       [ 2.08604304e+00,  6.61502701e+00,  4.22493930e+00,\n         4.14550357e+00,  3.36237025e-02,  8.96206819e+00],\n       [ 2.12156829e+00,  6.85751937e+00,  4.29822813e+00,\n         3.92564941e+00,  2.68270142e-02,  8.98868853e+00]]), array([0.51401034, 0.51463714, 0.51537211, 0.51551412, 0.51562228,\n       0.51586688, 0.51723301]))"}, "2": {"maxiter": 100, "fatol": 1e-10, "xatol": 1e-05, "duration": 0.025239944458007812, "fun": "0.5140103439154603", "nit": "100", "nfev": "148", "status": "2", "success": "False", "message": "Maximum number of iterations has been exceeded.", "x": "[ 2.38294071  6.82950149  4.48284985  3.98334944 -0.00922315  8.90519974]", "final_simplex": "(array([[ 2.38294071e+00,  6.82950149e+00,  4.48284985e+00,\n         3.98334944e+00, -9.22315421e-03,  8.90519974e+00],\n       [ 2.29918215e+00,  6.56961713e+00,  4.14721589e+00,\n         3.99678579e+00,  4.59200028e-02,  8.64899585e+00],\n       [ 2.23355531e+00,  6.85137298e+00,  4.24501186e+00,\n         3.87625893e+00,  4.94550022e-03,  8.88999141e+00],\n       [ 2.45795011e+00,  6.68497776e+00,  4.43711254e+00,\n         3.95371949e+00, -1.09425360e-02,  8.62438124e+00],\n       [ 2.10926633e+00,  6.82552237e+00,  4.36997878e+00,\n         3.96349744e+00,  2.44362560e-02,  9.07575247e+00],\n       [ 2.08604304e+00,  6.61502701e+00,  4.22493930e+00,\n         4.14550357e+00,  3.36237025e-02,  8.96206819e+00],\n       [ 2.12156829e+00,  6.85751937e+00,  4.29822813e+00,\n         3.92564941e+00,  2.68270142e-02,  8.98868853e+00]]), array([0.51401034, 0.51463714, 0.51537211, 0.51551412, 0.51562228,\n       0.51586688, 0.51723301]))"}, "3": {"maxiter": 100, "fatol": 1e-10, "xatol": 1e-10, "duration": 0.0251922607421875, "fun": "0.5140103439154603", "nit": "100", "nfev": "148", "status": "2", "success": "False", "message": "Maximum number of iterations has been exceeded.", "x": "[ 2.38294071  6.82950149  4.48284985  3.98334944 -0.00922315  8.90519974]", "final_simplex": "(array([[ 2.38294071e+00,  6.82950149e+00,  4.48284985e+00,\n         3.98334944e+00, -9.22315421e-03,  8.90519974e+00],\n       [ 2.29918215e+00,  6.56961713e+00,  4.14721589e+00,\n         3.99678579e+00,  4.59200028e-02,  8.64899585e+00],\n       [ 2.23355531e+00,  6.85137298e+00,  4.24501186e+00,\n         3.87625893e+00,  4.94550022e-03,  8.88999141e+00],\n       [ 2.45795011e+00,  6.68497776e+00,  4.43711254e+00,\n         3.95371949e+00, -1.09425360e-02,  8.62438124e+00],\n       [ 2.10926633e+00,  6.82552237e+00,  4.36997878e+00,\n         3.96349744e+00,  2.44362560e-02,  9.07575247e+00],\n       [ 2.08604304e+00,  6.61502701e+00,  4.22493930e+00,\n         4.14550357e+00,  3.36237025e-02,  8.96206819e+00],\n       [ 2.12156829e+00,  6.85751937e+00,  4.29822813e+00,\n         3.92564941e+00,  2.68270142e-02,  8.98868853e+00]]), array([0.51401034, 0.51463714, 0.51537211, 0.51551412, 0.51562228,\n       0.51586688, 0.51723301]))"}, "4": {"maxiter": 500, "fatol": 1e-05, "xatol": 1e-05, "duration": 0.1282951831817627, "fun": "0.32009762533395625", "nit": "500", "nfev": "750", "status": "2", "success": "False", "message": "Maximum number of iterations has been exceeded.", "x": "[ 1.04159066  6.79347545 -0.07333868  3.85162183  2.58828756  7.49756935]", "final_simplex": "(array([[ 1.04159066,  6.79347545, -0.07333868,  3.85162183,  2.58828756,\n         7.49756935],\n       [ 1.03907495,  6.78800484, -0.07211865,  3.84959834,  2.58850463,\n         7.50199047],\n       [ 1.04161276,  6.79595587, -0.07797016,  3.85080998,  2.59097   ,\n         7.50228335],\n       [ 1.03963565,  6.79243824, -0.07426017,  3.85213354,  2.58906326,\n         7.50632462],\n       [ 1.03851989,  6.80242534, -0.07830524,  3.85068504,  2.59348058,\n         7.49994401],\n       [ 1.03866136,  6.78669794, -0.07626344,  3.84788769,  2.59132912,\n         7.50532589],\n       [ 1.03579516,  6.7908435 , -0.07485464,  3.85372114,  2.59005438,\n         7.50375931]]), array([0.32009763, 0.32009767, 0.32009933, 0.3200995 , 0.32009973,\n       0.32009993, 0.32010031]))"}, "5": {"maxiter": 500, "fatol": 1e-05, "xatol": 1e-10, "duration": 0.12830209732055664, "fun": "0.32009762533395625", "nit": "500", "nfev": "750", "status": "2", "success": "False", "message": "Maximum number of iterations has been exceeded.", "x": "[ 1.04159066  6.79347545 -0.07333868  3.85162183  2.58828756  7.49756935]", "final_simplex": "(array([[ 1.04159066,  6.79347545, -0.07333868,  3.85162183,  2.58828756,\n         7.49756935],\n       [ 1.03907495,  6.78800484, -0.07211865,  3.84959834,  2.58850463,\n         7.50199047],\n       [ 1.04161276,  6.79595587, -0.07797016,  3.85080998,  2.59097   ,\n         7.50228335],\n       [ 1.03963565,  6.79243824, -0.07426017,  3.85213354,  2.58906326,\n         7.50632462],\n       [ 1.03851989,  6.80242534, -0.07830524,  3.85068504,  2.59348058,\n         7.49994401],\n       [ 1.03866136,  6.78669794, -0.07626344,  3.84788769,  2.59132912,\n         7.50532589],\n       [ 1.03579516,  6.7908435 , -0.07485464,  3.85372114,  2.59005438,\n         7.50375931]]), array([0.32009763, 0.32009767, 0.32009933, 0.3200995 , 0.32009973,\n       0.32009993, 0.32010031]))"}, "6": {"maxiter": 500, "fatol": 1e-10, "xatol": 1e-05, "duration": 0.12798690795898438, "fun": "0.32009762533395625", "nit": "500", "nfev": "750", "status": "2", "success": "False", "message": "Maximum number of iterations has been exceeded.", "x": "[ 1.04159066  6.79347545 -0.07333868  3.85162183  2.58828756  7.49756935]", "final_simplex": "(array([[ 1.04159066,  6.79347545, -0.07333868,  3.85162183,  2.58828756,\n         7.49756935],\n       [ 1.03907495,  6.78800484, -0.07211865,  3.84959834,  2.58850463,\n         7.50199047],\n       [ 1.04161276,  6.79595587, -0.07797016,  3.85080998,  2.59097   ,\n         7.50228335],\n       [ 1.03963565,  6.79243824, -0.07426017,  3.85213354,  2.58906326,\n         7.50632462],\n       [ 1.03851989,  6.80242534, -0.07830524,  3.85068504,  2.59348058,\n         7.49994401],\n       [ 1.03866136,  6.78669794, -0.07626344,  3.84788769,  2.59132912,\n         7.50532589],\n       [ 1.03579516,  6.7908435 , -0.07485464,  3.85372114,  2.59005438,\n         7.50375931]]), array([0.32009763, 0.32009767, 0.32009933, 0.3200995 , 0.32009973,\n       0.32009993, 0.32010031]))"}, "7": {"maxiter": 500, "fatol": 1e-10, "xatol": 1e-10, "duration": 0.12778711318969727, "fun": "0.32009762533395625", "nit": "500", "nfev": "750", "status": "2", "success": "False", "message": "Maximum number of iterations has been exceeded.", "x": "[ 1.04159066  6.79347545 -0.07333868  3.85162183  2.58828756  7.49756935]", "final_simplex": "(array([[ 1.04159066,  6.79347545, -0.07333868,  3.85162183,  2.58828756,\n         7.49756935],\n       [ 1.03907495,  6.78800484, -0.07211865,  3.84959834,  2.58850463,\n         7.50199047],\n       [ 1.04161276,  6.79595587, -0.07797016,  3.85080998,  2.59097   ,\n         7.50228335],\n       [ 1.03963565,  6.79243824, -0.07426017,  3.85213354,  2.58906326,\n         7.50632462],\n       [ 1.03851989,  6.80242534, -0.07830524,  3.85068504,  2.59348058,\n         7.49994401],\n       [ 1.03866136,  6.78669794, -0.07626344,  3.84788769,  2.59132912,\n         7.50532589],\n       [ 1.03579516,  6.7908435 , -0.07485464,  3.85372114,  2.59005438,\n         7.50375931]]), array([0.32009763, 0.32009767, 0.32009933, 0.3200995 , 0.32009973,\n       0.32009993, 0.32010031]))"}, "8": {"maxiter": 1000, "fatol": 1e-05, "xatol": 1e-05, "duration": 0.20807504653930664, "fun": "0.3158623089717527", "nit": "803", "nfev": "1223", "status": "0", "success": "True", "message": "Optimization terminated successfully.", "x": "[1.1367248  6.46697527 0.13735257 3.96328331 2.98882813 7.95773122]", "final_simplex": "(array([[1.1367248 , 6.46697527, 0.13735257, 3.96328331, 2.98882813,\n        7.95773122],\n       [1.13672613, 6.466969  , 0.13735659, 3.96328687, 2.98883142,\n        7.95773501],\n       [1.13672672, 6.46697337, 0.13735407, 3.96328601, 2.98882697,\n        7.95773027],\n       [1.13672575, 6.46696675, 0.13735805, 3.96328524, 2.98882749,\n        7.95773467],\n       [1.13672567, 6.46697531, 0.13735064, 3.96328447, 2.98882999,\n        7.95773172],\n       [1.13672812, 6.46696942, 0.1373564 , 3.96328528, 2.98883139,\n        7.95773703],\n       [1.13672712, 6.46696781, 0.13735651, 3.96328667, 2.98883188,\n        7.95773856]]), array([0.31586231, 0.31586231, 0.31586231, 0.31586231, 0.31586231,\n       0.31586231, 0.31586231]))"}, "9": {"maxiter": 1000, "fatol": 1e-05, "xatol": 1e-10, "duration": 0.24486398696899414, "fun": "0.3158623089713425", "nit": "900", "nfev": "1445", "status": "0", "success": "True", "message": "Optimization terminated successfully.", "x": "[1.13672583 6.46697289 0.13735419 3.96328439 2.98882867 7.9577317 ]", "final_simplex": "(array([[1.13672583, 6.46697289, 0.13735419, 3.96328439, 2.98882867,\n        7.9577317 ],\n       [1.13672583, 6.46697289, 0.13735419, 3.96328439, 2.98882867,\n        7.9577317 ],\n       [1.13672583, 6.46697289, 0.13735419, 3.96328439, 2.98882867,\n        7.9577317 ],\n       [1.13672583, 6.46697289, 0.13735419, 3.96328439, 2.98882867,\n        7.9577317 ],\n       [1.13672583, 6.46697289, 0.13735419, 3.96328439, 2.98882867,\n        7.9577317 ],\n       [1.13672583, 6.46697289, 0.13735419, 3.96328439, 2.98882867,\n        7.9577317 ],\n       [1.13672583, 6.46697289, 0.13735419, 3.96328439, 2.98882867,\n        7.9577317 ]]), array([0.31586231, 0.31586231, 0.31586231, 0.31586231, 0.31586231,\n       0.31586231, 0.31586231]))"}, "10": {"maxiter": 1000, "fatol": 1e-10, "xatol": 1e-05, "duration": 0.2095198631286621, "fun": "0.3158623089717527", "nit": "803", "nfev": "1223", "status": "0", "success": "True", "message": "Optimization terminated successfully.", "x": "[1.1367248  6.46697527 0.13735257 3.96328331 2.98882813 7.95773122]", "final_simplex": "(array([[1.1367248 , 6.46697527, 0.13735257, 3.96328331, 2.98882813,\n        7.95773122],\n       [1.13672613, 6.466969  , 0.13735659, 3.96328687, 2.98883142,\n        7.95773501],\n       [1.13672672, 6.46697337, 0.13735407, 3.96328601, 2.98882697,\n        7.95773027],\n       [1.13672575, 6.46696675, 0.13735805, 3.96328524, 2.98882749,\n        7.95773467],\n       [1.13672567, 6.46697531, 0.13735064, 3.96328447, 2.98882999,\n        7.95773172],\n       [1.13672812, 6.46696942, 0.1373564 , 3.96328528, 2.98883139,\n        7.95773703],\n       [1.13672712, 6.46696781, 0.13735651, 3.96328667, 2.98883188,\n        7.95773856]]), array([0.31586231, 0.31586231, 0.31586231, 0.31586231, 0.31586231,\n       0.31586231, 0.31586231]))"}, "11": {"maxiter": 1000, "fatol": 1e-10, "xatol": 1e-10, "duration": 0.24458909034729004, "fun": "0.3158623089713425", "nit": "900", "nfev": "1445", "status": "0", "success": "True", "message": "Optimization terminated successfully.", "x": "[1.13672583 6.46697289 0.13735419 3.96328439 2.98882867 7.9577317 ]", "final_simplex": "(array([[1.13672583, 6.46697289, 0.13735419, 3.96328439, 2.98882867,\n        7.9577317 ],\n       [1.13672583, 6.46697289, 0.13735419, 3.96328439, 2.98882867,\n        7.9577317 ],\n       [1.13672583, 6.46697289, 0.13735419, 3.96328439, 2.98882867,\n        7.9577317 ],\n       [1.13672583, 6.46697289, 0.13735419, 3.96328439, 2.98882867,\n        7.9577317 ],\n       [1.13672583, 6.46697289, 0.13735419, 3.96328439, 2.98882867,\n        7.9577317 ],\n       [1.13672583, 6.46697289, 0.13735419, 3.96328439, 2.98882867,\n        7.9577317 ],\n       [1.13672583, 6.46697289, 0.13735419, 3.96328439, 2.98882867,\n        7.9577317 ]]), array([0.31586231, 0.31586231, 0.31586231, 0.31586231, 0.31586231,\n       0.31586231, 0.31586231]))"}}, "bfgs": {"type": "gradient", "0": {"maxiter": 100, "gtol": 1e-05, "xrtol": 1e-05, "eps": 1e-05, "duration": 0.03639078140258789, "fun": "0.315862309161687", "jac": "[ 5.40123501e-07  1.40751855e-06  2.29659625e-06 -1.89950278e-06\n  1.12043708e-07 -3.23541194e-07]", "hess_inv": "[[  4.36773478   3.12640639  -2.04754522  -1.73506821  -3.81282287\n   -4.19379147]\n [  3.12640639  37.82737311 -22.79791441  -6.49792101  -9.76903715\n  -26.63829801]\n [ -2.04754522 -22.79791441  18.24177466   5.18420424   4.02006016\n   15.97428511]\n [ -1.73506821  -6.49792101   5.18420424   5.38289107   4.06544059\n    6.8723185 ]\n [ -3.81282287  -9.76903715   4.02006016   4.06544059  18.54362075\n   17.69830513]\n [ -4.19379147 -26.63829801  15.97428511   6.8723185   17.69830513\n   29.52728466]]", "nfev": "210", "njev": "30", "status": "0", "success": "True", "message": "Optimization terminated successfully.", "x": "[-1.13670889  3.3254621   3.27890085  3.963248   -3.29442542  7.95763185]", "nit": "26"}, "1": {"maxiter": 100, "gtol": 1e-05, "xrtol": 1e-05, "eps": 1e-10, "duration": 0.03631305694580078, "fun": "0.3158623091673307", "jac": "[ 0.00000000e+00  4.44089173e-06  4.44089173e-06  0.00000000e+00\n -3.33066880e-06  0.00000000e+00]", "hess_inv": "[[  4.45571658   2.89983521  -1.96732076  -1.79090135  -3.7077427\n   -4.0551745 ]\n [  2.89983521  37.87455751 -22.90999035  -6.61857872  -9.30198071\n  -26.56333931]\n [ -1.96732076 -22.90999035  18.20447241   5.20920979   3.90385577\n   16.0098438 ]\n [ -1.79090135  -6.61857872   5.20920979   5.43719857   4.1161996\n    7.00360473]\n [ -3.7077427   -9.30198071   3.90385577   4.1161996   17.82604713\n   17.15293727]\n [ -4.0551745  -26.56333931  16.0098438    7.00360473  17.15293727\n   29.34094026]]", "nfev": "210", "njev": "30", "status": "0", "success": "True", "message": "Optimization terminated successfully.", "x": "[-1.13671025  3.32545949  3.27892239  3.96326231 -3.29442236  7.95764807]", "nit": "26"}, "2": {"maxiter": 100, "gtol": 1e-05, "xrtol": 1e-10, "eps": 1e-05, "duration": 0.0363161563873291, "fun": "0.315862309161687", "jac": "[ 5.40123501e-07  1.40751855e-06  2.29659625e-06 -1.89950278e-06\n  1.12043708e-07 -3.23541194e-07]", "hess_inv": "[[  4.36773478   3.12640639  -2.04754522  -1.73506821  -3.81282287\n   -4.19379147]\n [  3.12640639  37.82737311 -22.79791441  -6.49792101  -9.76903715\n  -26.63829801]\n [ -2.04754522 -22.79791441  18.24177466   5.18420424   4.02006016\n   15.97428511]\n [ -1.73506821  -6.49792101   5.18420424   5.38289107   4.06544059\n    6.8723185 ]\n [ -3.81282287  -9.76903715   4.02006016   4.06544059  18.54362075\n   17.69830513]\n [ -4.19379147 -26.63829801  15.97428511   6.8723185   17.69830513\n   29.52728466]]", "nfev": "210", "njev": "30", "status": "0", "success": "True", "message": "Optimization terminated successfully.", "x": "[-1.13670889  3.3254621   3.27890085  3.963248   -3.29442542  7.95763185]", "nit": "26"}, "3": {"maxiter": 100, "gtol": 1e-05, "xrtol": 1e-10, "eps": 1e-10, "duration": 0.03624606132507324, "fun": "0.3158623091673307", "jac": "[ 0.00000000e+00  4.44089173e-06  4.44089173e-06  0.00000000e+00\n -3.33066880e-06  0.00000000e+00]", "hess_inv": "[[  4.45571658   2.89983521  -1.96732076  -1.79090135  -3.7077427\n   -4.0551745 ]\n [  2.89983521  37.87455751 -22.90999035  -6.61857872  -9.30198071\n  -26.56333931]\n [ -1.96732076 -22.90999035  18.20447241   5.20920979   3.90385577\n   16.0098438 ]\n [ -1.79090135  -6.61857872   5.20920979   5.43719857   4.1161996\n    7.00360473]\n [ -3.7077427   -9.30198071   3.90385577   4.1161996   17.82604713\n   17.15293727]\n [ -4.0551745  -26.56333931  16.0098438    7.00360473  17.15293727\n   29.34094026]]", "nfev": "210", "njev": "30", "status": "0", "success": "True", "message": "Optimization terminated successfully.", "x": "[-1.13671025  3.32545949  3.27892239  3.96326231 -3.29442236  7.95764807]", "nit": "26"}, "4": {"maxiter": 100, "gtol": 1e-10, "xrtol": 1e-05, "eps": 1e-05, "duration": 0.037431955337524414, "fun": "0.31586230907709867", "jac": "[ 1.24644739e-07 -2.32835973e-07 -9.17266263e-08 -1.65445435e-07\n  2.94442248e-07 -2.86159985e-07]", "hess_inv": "[[  4.53844697   3.77153182  -2.21930117  -2.02201749  -4.31430109\n   -4.86659325]\n [  3.77153182  37.79080906 -22.58141252  -6.83975175 -10.69863713\n  -27.15822307]\n [ -2.21930117 -22.58141252  18.11180773   5.21316479   4.18687766\n   15.94370118]\n [ -2.02201749  -6.83975175   5.21316479   5.64239398   4.61864346\n    7.39627754]\n [ -4.31430109 -10.69863713   4.18687766   4.61864346  19.6400299\n   18.88552733]\n [ -4.86659325 -27.15822307  15.94370118   7.39627754  18.88552733\n   30.52565901]]", "nfev": "217", "njev": "31", "status": "0", "success": "True", "message": "Optimization terminated successfully.", "x": "[-1.13671648  3.32543816  3.27890683  3.96325934 -3.29440497  7.9576579 ]", "nit": "27"}, "5": {"maxiter": 100, "gtol": 1e-10, "xrtol": 1e-05, "eps": 1e-10, "duration": 0.03867006301879883, "fun": "0.31586230897626", "jac": "[1.11022293e-06 2.22044587e-06 2.22044587e-06 0.00000000e+00\n 1.11022293e-06 1.11022293e-06]", "hess_inv": "[[  3.80650881   1.86737691  -1.37143843  -1.56400187  -2.67523299\n   -2.92740069]\n [  1.86737691  30.98465738 -19.32499476  -6.01712703  -4.94433658\n  -20.32764131]\n [ -1.37143843 -19.32499476  16.61402819   4.69888941   1.25583212\n   12.49273697]\n [ -1.56400187  -6.01712703   4.69888941   5.46327061   3.8464941\n    6.56616136]\n [ -2.67523299  -4.94433658   1.25583212   3.8464941   15.17826395\n   13.35779574]\n [ -2.92740069 -20.32764131  12.49273697   6.56616136  13.35779574\n   23.84268957]]", "nfev": "224", "njev": "32", "status": "0", "success": "True", "message": "Optimization terminated successfully.", "x": "[-1.13672136  3.32539124  3.27893862  3.96328098 -3.29435542  7.95772736]", "nit": "28"}, "6": {"maxiter": 100, "gtol": 1e-10, "xrtol": 1e-10, "eps": 1e-05, "duration": 0.07149982452392578, "fun": "0.3158623090747885", "jac": "[-4.63851180e-08  4.15667500e-08  1.48436818e-08  2.74114065e-08\n -3.94129174e-08  4.02788913e-08]", "hess_inv": "[[  4.51801265   4.05331243  -2.25655508  -2.04638397  -4.48636178\n   -5.06280655]\n [  4.05331243  37.60382765 -23.14114182  -7.42494731 -10.11445516\n  -27.40613117]\n [ -2.25655508 -23.14114182  18.35880509   5.43834169   4.38797916\n   16.4439251 ]\n [ -2.04638397  -7.42494731   5.43834169   5.84426789   4.8560725\n    7.89842657]\n [ -4.48636178 -10.11445516   4.38797916   4.8560725   19.06145653\n   18.66065208]\n [ -5.06280655 -27.40613117  16.4439251    7.89842657  18.66065208\n   31.00038717]]", "nfev": "418", "njev": "58", "status": "2", "success": "False", "message": "Desired error not necessarily achieved due to precision loss.", "x": "[-1.13671693  3.32543831  3.27890778  3.96326031 -3.29440584  7.95765841]", "nit": "28"}, "7": {"maxiter": 100, "gtol": 1e-10, "xrtol": 1e-10, "eps": 1e-10, "duration": 0.058715105056762695, "fun": "0.31586230897626", "jac": "[2.22044587e-06 0.00000000e+00 0.00000000e+00 0.00000000e+00\n 0.00000000e+00 0.00000000e+00]", "hess_inv": "[[ 1.94089499e+00  3.40494285e-01 -2.42645052e-02 -3.30385159e-01\n   7.55378169e-01  5.52694732e-01]\n [ 3.40494285e-01  2.98980103e+01 -1.86616349e+01 -5.35839560e+00\n  -3.40427381e+00 -1.87283923e+01]\n [-2.42645052e-02 -1.86616349e+01  1.52233573e+01  3.35540376e+00\n  -2.14575773e+00  8.99850265e+00]\n [-3.30385159e-01 -5.35839560e+00  3.35540376e+00  4.18213295e+00\n   5.17496421e-01  3.15848727e+00]\n [ 7.55378169e-01 -3.40427381e+00 -2.14575773e+00  5.17496421e-01\n   6.96562543e+00  4.89105759e+00]\n [ 5.52694732e-01 -1.87283923e+01  8.99850265e+00  3.15848727e+00\n   4.89105759e+00  1.51226545e+01]]", "nfev": "343", "njev": "49", "status": "2", "success": "False", "message": "Desired error not necessarily achieved due to precision loss.", "x": "[-1.13672136  3.32539124  3.27893862  3.96328097 -3.29435543  7.95772735]", "nit": "29"}, "8": {"maxiter": 500, "gtol": 1e-05, "xrtol": 1e-05, "eps": 1e-05, "duration": 0.03619813919067383, "fun": "0.315862309161687", "jac": "[ 5.40123501e-07  1.40751855e-06  2.29659625e-06 -1.89950278e-06\n  1.12043708e-07 -3.23541194e-07]", "hess_inv": "[[  4.36773478   3.12640639  -2.04754522  -1.73506821  -3.81282287\n   -4.19379147]\n [  3.12640639  37.82737311 -22.79791441  -6.49792101  -9.76903715\n  -26.63829801]\n [ -2.04754522 -22.79791441  18.24177466   5.18420424   4.02006016\n   15.97428511]\n [ -1.73506821  -6.49792101   5.18420424   5.38289107   4.06544059\n    6.8723185 ]\n [ -3.81282287  -9.76903715   4.02006016   4.06544059  18.54362075\n   17.69830513]\n [ -4.19379147 -26.63829801  15.97428511   6.8723185   17.69830513\n   29.52728466]]", "nfev": "210", "njev": "30", "status": "0", "success": "True", "message": "Optimization terminated successfully.", "x": "[-1.13670889  3.3254621   3.27890085  3.963248   -3.29442542  7.95763185]", "nit": "26"}, "9": {"maxiter": 500, "gtol": 1e-05, "xrtol": 1e-05, "eps": 1e-10, "duration": 0.03613781929016113, "fun": "0.3158623091673307", "jac": "[ 0.00000000e+00  4.44089173e-06  4.44089173e-06  0.00000000e+00\n -3.33066880e-06  0.00000000e+00]", "hess_inv": "[[  4.45571658   2.89983521  -1.96732076  -1.79090135  -3.7077427\n   -4.0551745 ]\n [  2.89983521  37.87455751 -22.90999035  -6.61857872  -9.30198071\n  -26.56333931]\n [ -1.96732076 -22.90999035  18.20447241   5.20920979   3.90385577\n   16.0098438 ]\n [ -1.79090135  -6.61857872   5.20920979   5.43719857   4.1161996\n    7.00360473]\n [ -3.7077427   -9.30198071   3.90385577   4.1161996   17.82604713\n   17.15293727]\n [ -4.0551745  -26.56333931  16.0098438    7.00360473  17.15293727\n   29.34094026]]", "nfev": "210", "njev": "30", "status": "0", "success": "True", "message": "Optimization terminated successfully.", "x": "[-1.13671025  3.32545949  3.27892239  3.96326231 -3.29442236  7.95764807]", "nit": "26"}, "10": {"maxiter": 500, "gtol": 1e-05, "xrtol": 1e-10, "eps": 1e-05, "duration": 0.03616786003112793, "fun": "0.315862309161687", "jac": "[ 5.40123501e-07  1.40751855e-06  2.29659625e-06 -1.89950278e-06\n  1.12043708e-07 -3.23541194e-07]", "hess_inv": "[[  4.36773478   3.12640639  -2.04754522  -1.73506821  -3.81282287\n   -4.19379147]\n [  3.12640639  37.82737311 -22.79791441  -6.49792101  -9.76903715\n  -26.63829801]\n [ -2.04754522 -22.79791441  18.24177466   5.18420424   4.02006016\n   15.97428511]\n [ -1.73506821  -6.49792101   5.18420424   5.38289107   4.06544059\n    6.8723185 ]\n [ -3.81282287  -9.76903715   4.02006016   4.06544059  18.54362075\n   17.69830513]\n [ -4.19379147 -26.63829801  15.97428511   6.8723185   17.69830513\n   29.52728466]]", "nfev": "210", "njev": "30", "status": "0", "success": "True", "message": "Optimization terminated successfully.", "x": "[-1.13670889  3.3254621   3.27890085  3.963248   -3.29442542  7.95763185]", "nit": "26"}, "11": {"maxiter": 500, "gtol": 1e-05, "xrtol": 1e-10, "eps": 1e-10, "duration": 0.03614497184753418, "fun": "0.3158623091673307", "jac": "[ 0.00000000e+00  4.44089173e-06  4.44089173e-06  0.00000000e+00\n -3.33066880e-06  0.00000000e+00]", "hess_inv": "[[  4.45571658   2.89983521  -1.96732076  -1.79090135  -3.7077427\n   -4.0551745 ]\n [  2.89983521  37.87455751 -22.90999035  -6.61857872  -9.30198071\n  -26.56333931]\n [ -1.96732076 -22.90999035  18.20447241   5.20920979   3.90385577\n   16.0098438 ]\n [ -1.79090135  -6.61857872   5.20920979   5.43719857   4.1161996\n    7.00360473]\n [ -3.7077427   -9.30198071   3.90385577   4.1161996   17.82604713\n   17.15293727]\n [ -4.0551745  -26.56333931  16.0098438    7.00360473  17.15293727\n   29.34094026]]", "nfev": "210", "njev": "30", "status": "0", "success": "True", "message": "Optimization terminated successfully.", "x": "[-1.13671025  3.32545949  3.27892239  3.96326231 -3.29442236  7.95764807]", "nit": "26"}, "12": {"maxiter": 500, "gtol": 1e-10, "xrtol": 1e-05, "eps": 1e-05, "duration": 0.03743624687194824, "fun": "0.31586230907709867", "jac": "[ 1.24644739e-07 -2.32835973e-07 -9.17266263e-08 -1.65445435e-07\n  2.94442248e-07 -2.86159985e-07]", "hess_inv": "[[  4.53844697   3.77153182  -2.21930117  -2.02201749  -4.31430109\n   -4.86659325]\n [  3.77153182  37.79080906 -22.58141252  -6.83975175 -10.69863713\n  -27.15822307]\n [ -2.21930117 -22.58141252  18.11180773   5.21316479   4.18687766\n   15.94370118]\n [ -2.02201749  -6.83975175   5.21316479   5.64239398   4.61864346\n    7.39627754]\n [ -4.31430109 -10.69863713   4.18687766   4.61864346  19.6400299\n   18.88552733]\n [ -4.86659325 -27.15822307  15.94370118   7.39627754  18.88552733\n   30.52565901]]", "nfev": "217", "njev": "31", "status": "0", "success": "True", "message": "Optimization terminated successfully.", "x": "[-1.13671648  3.32543816  3.27890683  3.96325934 -3.29440497  7.9576579 ]", "nit": "27"}, "13": {"maxiter": 500, "gtol": 1e-10, "xrtol": 1e-05, "eps": 1e-10, "duration": 0.03908991813659668, "fun": "0.31586230897626", "jac": "[1.11022293e-06 2.22044587e-06 2.22044587e-06 0.00000000e+00\n 1.11022293e-06 1.11022293e-06]", "hess_inv": "[[  3.80650881   1.86737691  -1.37143843  -1.56400187  -2.67523299\n   -2.92740069]\n [  1.86737691  30.98465738 -19.32499476  -6.01712703  -4.94433658\n  -20.32764131]\n [ -1.37143843 -19.32499476  16.61402819   4.69888941   1.25583212\n   12.49273697]\n [ -1.56400187  -6.01712703   4.69888941   5.46327061   3.8464941\n    6.56616136]\n [ -2.67523299  -4.94433658   1.25583212   3.8464941   15.17826395\n   13.35779574]\n [ -2.92740069 -20.32764131  12.49273697   6.56616136  13.35779574\n   23.84268957]]", "nfev": "224", "njev": "32", "status": "0", "success": "True", "message": "Optimization terminated successfully.", "x": "[-1.13672136  3.32539124  3.27893862  3.96328098 -3.29435542  7.95772736]", "nit": "28"}, "14": {"maxiter": 500, "gtol": 1e-10, "xrtol": 1e-10, "eps": 1e-05, "duration": 0.07226395606994629, "fun": "0.3158623090747885", "jac": "[-4.63851180e-08  4.15667500e-08  1.48436818e-08  2.74114065e-08\n -3.94129174e-08  4.02788913e-08]", "hess_inv": "[[  4.51801265   4.05331243  -2.25655508  -2.04638397  -4.48636178\n   -5.06280655]\n [  4.05331243  37.60382765 -23.14114182  -7.42494731 -10.11445516\n  -27.40613117]\n [ -2.25655508 -23.14114182  18.35880509   5.43834169   4.38797916\n   16.4439251 ]\n [ -2.04638397  -7.42494731   5.43834169   5.84426789   4.8560725\n    7.89842657]\n [ -4.48636178 -10.11445516   4.38797916   4.8560725   19.06145653\n   18.66065208]\n [ -5.06280655 -27.40613117  16.4439251    7.89842657  18.66065208\n   31.00038717]]", "nfev": "418", "njev": "58", "status": "2", "success": "False", "message": "Desired error not necessarily achieved due to precision loss.", "x": "[-1.13671693  3.32543831  3.27890778  3.96326031 -3.29440584  7.95765841]", "nit": "28"}, "15": {"maxiter": 500, "gtol": 1e-10, "xrtol": 1e-10, "eps": 1e-10, "duration": 0.06004190444946289, "fun": "0.31586230897626", "jac": "[2.22044587e-06 0.00000000e+00 0.00000000e+00 0.00000000e+00\n 0.00000000e+00 0.00000000e+00]", "hess_inv": "[[ 1.94089499e+00  3.40494285e-01 -2.42645052e-02 -3.30385159e-01\n   7.55378169e-01  5.52694732e-01]\n [ 3.40494285e-01  2.98980103e+01 -1.86616349e+01 -5.35839560e+00\n  -3.40427381e+00 -1.87283923e+01]\n [-2.42645052e-02 -1.86616349e+01  1.52233573e+01  3.35540376e+00\n  -2.14575773e+00  8.99850265e+00]\n [-3.30385159e-01 -5.35839560e+00  3.35540376e+00  4.18213295e+00\n   5.17496421e-01  3.15848727e+00]\n [ 7.55378169e-01 -3.40427381e+00 -2.14575773e+00  5.17496421e-01\n   6.96562543e+00  4.89105759e+00]\n [ 5.52694732e-01 -1.87283923e+01  8.99850265e+00  3.15848727e+00\n   4.89105759e+00  1.51226545e+01]]", "nfev": "343", "njev": "49", "status": "2", "success": "False", "message": "Desired error not necessarily achieved due to precision loss.", "x": "[-1.13672136  3.32539124  3.27893862  3.96328097 -3.29435543  7.95772735]", "nit": "29"}, "16": {"maxiter": 1000, "gtol": 1e-05, "xrtol": 1e-05, "eps": 1e-05, "duration": 0.036611080169677734, "fun": "0.315862309161687", "jac": "[ 5.40123501e-07  1.40751855e-06  2.29659625e-06 -1.89950278e-06\n  1.12043708e-07 -3.23541194e-07]", "hess_inv": "[[  4.36773478   3.12640639  -2.04754522  -1.73506821  -3.81282287\n   -4.19379147]\n [  3.12640639  37.82737311 -22.79791441  -6.49792101  -9.76903715\n  -26.63829801]\n [ -2.04754522 -22.79791441  18.24177466   5.18420424   4.02006016\n   15.97428511]\n [ -1.73506821  -6.49792101   5.18420424   5.38289107   4.06544059\n    6.8723185 ]\n [ -3.81282287  -9.76903715   4.02006016   4.06544059  18.54362075\n   17.69830513]\n [ -4.19379147 -26.63829801  15.97428511   6.8723185   17.69830513\n   29.52728466]]", "nfev": "210", "njev": "30", "status": "0", "success": "True", "message": "Optimization terminated successfully.", "x": "[-1.13670889  3.3254621   3.27890085  3.963248   -3.29442542  7.95763185]", "nit": "26"}, "17": {"maxiter": 1000, "gtol": 1e-05, "xrtol": 1e-05, "eps": 1e-10, "duration": 0.0365910530090332, "fun": "0.3158623091673307", "jac": "[ 0.00000000e+00  4.44089173e-06  4.44089173e-06  0.00000000e+00\n -3.33066880e-06  0.00000000e+00]", "hess_inv": "[[  4.45571658   2.89983521  -1.96732076  -1.79090135  -3.7077427\n   -4.0551745 ]\n [  2.89983521  37.87455751 -22.90999035  -6.61857872  -9.30198071\n  -26.56333931]\n [ -1.96732076 -22.90999035  18.20447241   5.20920979   3.90385577\n   16.0098438 ]\n [ -1.79090135  -6.61857872   5.20920979   5.43719857   4.1161996\n    7.00360473]\n [ -3.7077427   -9.30198071   3.90385577   4.1161996   17.82604713\n   17.15293727]\n [ -4.0551745  -26.56333931  16.0098438    7.00360473  17.15293727\n   29.34094026]]", "nfev": "210", "njev": "30", "status": "0", "success": "True", "message": "Optimization terminated successfully.", "x": "[-1.13671025  3.32545949  3.27892239  3.96326231 -3.29442236  7.95764807]", "nit": "26"}, "18": {"maxiter": 1000, "gtol": 1e-05, "xrtol": 1e-10, "eps": 1e-05, "duration": 0.036550045013427734, "fun": "0.315862309161687", "jac": "[ 5.40123501e-07  1.40751855e-06  2.29659625e-06 -1.89950278e-06\n  1.12043708e-07 -3.23541194e-07]", "hess_inv": "[[  4.36773478   3.12640639  -2.04754522  -1.73506821  -3.81282287\n   -4.19379147]\n [  3.12640639  37.82737311 -22.79791441  -6.49792101  -9.76903715\n  -26.63829801]\n [ -2.04754522 -22.79791441  18.24177466   5.18420424   4.02006016\n   15.97428511]\n [ -1.73506821  -6.49792101   5.18420424   5.38289107   4.06544059\n    6.8723185 ]\n [ -3.81282287  -9.76903715   4.02006016   4.06544059  18.54362075\n   17.69830513]\n [ -4.19379147 -26.63829801  15.97428511   6.8723185   17.69830513\n   29.52728466]]", "nfev": "210", "njev": "30", "status": "0", "success": "True", "message": "Optimization terminated successfully.", "x": "[-1.13670889  3.3254621   3.27890085  3.963248   -3.29442542  7.95763185]", "nit": "26"}, "19": {"maxiter": 1000, "gtol": 1e-05, "xrtol": 1e-10, "eps": 1e-10, "duration": 0.03654003143310547, "fun": "0.3158623091673307", "jac": "[ 0.00000000e+00  4.44089173e-06  4.44089173e-06  0.00000000e+00\n -3.33066880e-06  0.00000000e+00]", "hess_inv": "[[  4.45571658   2.89983521  -1.96732076  -1.79090135  -3.7077427\n   -4.0551745 ]\n [  2.89983521  37.87455751 -22.90999035  -6.61857872  -9.30198071\n  -26.56333931]\n [ -1.96732076 -22.90999035  18.20447241   5.20920979   3.90385577\n   16.0098438 ]\n [ -1.79090135  -6.61857872   5.20920979   5.43719857   4.1161996\n    7.00360473]\n [ -3.7077427   -9.30198071   3.90385577   4.1161996   17.82604713\n   17.15293727]\n [ -4.0551745  -26.56333931  16.0098438    7.00360473  17.15293727\n   29.34094026]]", "nfev": "210", "njev": "30", "status": "0", "success": "True", "message": "Optimization terminated successfully.", "x": "[-1.13671025  3.32545949  3.27892239  3.96326231 -3.29442236  7.95764807]", "nit": "26"}, "20": {"maxiter": 1000, "gtol": 1e-10, "xrtol": 1e-05, "eps": 1e-05, "duration": 0.03776407241821289, "fun": "0.31586230907709867", "jac": "[ 1.24644739e-07 -2.32835973e-07 -9.17266263e-08 -1.65445435e-07\n  2.94442248e-07 -2.86159985e-07]", "hess_inv": "[[  4.53844697   3.77153182  -2.21930117  -2.02201749  -4.31430109\n   -4.86659325]\n [  3.77153182  37.79080906 -22.58141252  -6.83975175 -10.69863713\n  -27.15822307]\n [ -2.21930117 -22.58141252  18.11180773   5.21316479   4.18687766\n   15.94370118]\n [ -2.02201749  -6.83975175   5.21316479   5.64239398   4.61864346\n    7.39627754]\n [ -4.31430109 -10.69863713   4.18687766   4.61864346  19.6400299\n   18.88552733]\n [ -4.86659325 -27.15822307  15.94370118   7.39627754  18.88552733\n   30.52565901]]", "nfev": "217", "njev": "31", "status": "0", "success": "True", "message": "Optimization terminated successfully.", "x": "[-1.13671648  3.32543816  3.27890683  3.96325934 -3.29440497  7.9576579 ]", "nit": "27"}, "21": {"maxiter": 1000, "gtol": 1e-10, "xrtol": 1e-05, "eps": 1e-10, "duration": 0.03900504112243652, "fun": "0.31586230897626", "jac": "[1.11022293e-06 2.22044587e-06 2.22044587e-06 0.00000000e+00\n 1.11022293e-06 1.11022293e-06]", "hess_inv": "[[  3.80650881   1.86737691  -1.37143843  -1.56400187  -2.67523299\n   -2.92740069]\n [  1.86737691  30.98465738 -19.32499476  -6.01712703  -4.94433658\n  -20.32764131]\n [ -1.37143843 -19.32499476  16.61402819   4.69888941   1.25583212\n   12.49273697]\n [ -1.56400187  -6.01712703   4.69888941   5.46327061   3.8464941\n    6.56616136]\n [ -2.67523299  -4.94433658   1.25583212   3.8464941   15.17826395\n   13.35779574]\n [ -2.92740069 -20.32764131  12.49273697   6.56616136  13.35779574\n   23.84268957]]", "nfev": "224", "njev": "32", "status": "0", "success": "True", "message": "Optimization terminated successfully.", "x": "[-1.13672136  3.32539124  3.27893862  3.96328098 -3.29435542  7.95772736]", "nit": "28"}, "22": {"maxiter": 1000, "gtol": 1e-10, "xrtol": 1e-10, "eps": 1e-05, "duration": 0.0724189281463623, "fun": "0.3158623090747885", "jac": "[-4.63851180e-08  4.15667500e-08  1.48436818e-08  2.74114065e-08\n -3.94129174e-08  4.02788913e-08]", "hess_inv": "[[  4.51801265   4.05331243  -2.25655508  -2.04638397  -4.48636178\n   -5.06280655]\n [  4.05331243  37.60382765 -23.14114182  -7.42494731 -10.11445516\n  -27.40613117]\n [ -2.25655508 -23.14114182  18.35880509   5.43834169   4.38797916\n   16.4439251 ]\n [ -2.04638397  -7.42494731   5.43834169   5.84426789   4.8560725\n    7.89842657]\n [ -4.48636178 -10.11445516   4.38797916   4.8560725   19.06145653\n   18.66065208]\n [ -5.06280655 -27.40613117  16.4439251    7.89842657  18.66065208\n   31.00038717]]", "nfev": "418", "njev": "58", "status": "2", "success": "False", "message": "Desired error not necessarily achieved due to precision loss.", "x": "[-1.13671693  3.32543831  3.27890778  3.96326031 -3.29440584  7.95765841]", "nit": "28"}, "23": {"maxiter": 1000, "gtol": 1e-10, "xrtol": 1e-10, "eps": 1e-10, "duration": 0.05943799018859863, "fun": "0.31586230897626", "jac": "[2.22044587e-06 0.00000000e+00 0.00000000e+00 0.00000000e+00\n 0.00000000e+00 0.00000000e+00]", "hess_inv": "[[ 1.94089499e+00  3.40494285e-01 -2.42645052e-02 -3.30385159e-01\n   7.55378169e-01  5.52694732e-01]\n [ 3.40494285e-01  2.98980103e+01 -1.86616349e+01 -5.35839560e+00\n  -3.40427381e+00 -1.87283923e+01]\n [-2.42645052e-02 -1.86616349e+01  1.52233573e+01  3.35540376e+00\n  -2.14575773e+00  8.99850265e+00]\n [-3.30385159e-01 -5.35839560e+00  3.35540376e+00  4.18213295e+00\n   5.17496421e-01  3.15848727e+00]\n [ 7.55378169e-01 -3.40427381e+00 -2.14575773e+00  5.17496421e-01\n   6.96562543e+00  4.89105759e+00]\n [ 5.52694732e-01 -1.87283923e+01  8.99850265e+00  3.15848727e+00\n   4.89105759e+00  1.51226545e+01]]", "nfev": "343", "njev": "49", "status": "2", "success": "False", "message": "Desired error not necessarily achieved due to precision loss.", "x": "[-1.13672136  3.32539124  3.2789