{"date": "2024/07/19/, 18:10:39", "conf_id": 271, "data_type": "var_s_rank\n", "num_data_points": 2, "s_rank": 0, "unitary": "[[-0.56303964-0.00798273j,-0.21670212-0.15784972j,-0.06047197-0.73952673j,-0.01438004+0.24552571j],[-0.06976756+0.23474685j,-0.01275565-0.5435098j,-0.02703657-0.08917885j,-0.08210486-0.79311774j],[-0.38559961+0.10714929j,0.5933431-0.2687392j,-0.24060861+0.29149289j,-0.45147719+0.26241743j],[-0.50180421+0.45931857j,-0.11617175+0.44134496j,0.49642745+0.22684508j,-0.08544628-0.15407063j]]", "databatch_0": {"databatch": "[[[0.14726744+0.05017978j,-0.34014977-0.02113089j,-0.00964371+0.30661072j,-0.32700229+0.16244337j],[0.06965075+0.02440346j,-0.21108372-0.05861936j,-0.05897449+0.15187876j,-0.27534258-0.06993139j],[0.02751408+0.13307948j,0.1521853-0.11554859j,-0.14899663-0.0383467j,0.11990778-0.25280392j],[-0.11265603+0.10467837j,0.21229979-0.21546155j,-0.15824664-0.24427658j,0.10603541-0.32171178j]],[[-0.02644733+0.06934893j,-0.03516956-0.29146217j,-0.20109417-0.14074228j,0.03600903-0.4576277j],[0.04919836-0.05987068j,0.02250692+0.31297143j,0.1904456+0.14631741j,-0.09623497+0.44400826j],[0.04477147-0.09182j,0.2365349+0.1128163j,0.11299121-0.05028443j,0.09590672+0.28552471j],[0.01020837-0.01582673j,0.16194924+0.08498386j,0.10739868-0.07871238j,0.14741296+0.10196476j]]]", "initial param values": "[1.02105593,6.20446074,4.42969655,2.11464254,0.19810266,2.15418881]", "nelder_mead": {"type": "gradient-free", "0": {"maxiter": 100, "fatol": 1e-05, "xatol": 1e-05, "duration": 0.027034282684326172, "fun": "0.3287560682987588", "nit": "100", "nfev": "159", "status": "2", "success": "False", "message": "Maximum number of iterations has been exceeded.", "x": "[1.5048468  5.55141505 1.96554316 0.96563455 0.21203082 4.87018343]", "final_simplex": "(array([[1.5048468 , 5.55141505, 1.96554316, 0.96563455, 0.21203082,\n        4.87018343],\n       [1.48114616, 5.52022603, 2.02954464, 0.9391189 , 0.21282727,\n        4.87544932],\n       [1.50892392, 5.60067572, 2.03863038, 0.97511554, 0.21877473,\n        4.82554189],\n       [1.39684749, 5.51653462, 2.03993737, 0.92686634, 0.21875465,\n        4.79545922],\n       [1.51762128, 5.44350817, 2.11408969, 0.9906004 , 0.21422324,\n        4.85291062],\n       [1.40292395, 5.60223711, 2.07170956, 0.93238827, 0.21034325,\n        4.79410162],\n       [1.40426549, 5.61344974, 2.09931202, 0.99328685, 0.21458483,\n        4.68839082]]), array([0.32875607, 0.32968396, 0.32971942, 0.33043062, 0.33086006,\n       0.33091543, 0.33095851]))"}, "1": {"maxiter": 100, "fatol": 1e-05, "xatol": 1e-10, "duration": 0.02690911293029785, "fun": "0.3287560682987588", "nit": "100", "nfev": "159", "status": "2", "success": "False", "message": "Maximum number of iterations has been exceeded.", "x": "[1.5048468  5.55141505 1.96554316 0.96563455 0.21203082 4.87018343]", "final_simplex": "(array([[1.5048468 , 5.55141505, 1.96554316, 0.96563455, 0.21203082,\n        4.87018343],\n       [1.48114616, 5.52022603, 2.02954464, 0.9391189 , 0.21282727,\n        4.87544932],\n       [1.50892392, 5.60067572, 2.03863038, 0.97511554, 0.21877473,\n        4.82554189],\n       [1.39684749, 5.51653462, 2.03993737, 0.92686634, 0.21875465,\n        4.79545922],\n       [1.51762128, 5.44350817, 2.11408969, 0.9906004 , 0.21422324,\n        4.85291062],\n       [1.40292395, 5.60223711, 2.07170956, 0.93238827, 0.21034325,\n        4.79410162],\n       [1.40426549, 5.61344974, 2.09931202, 0.99328685, 0.21458483,\n        4.68839082]]), array([0.32875607, 0.32968396, 0.32971942, 0.33043062, 0.33086006,\n       0.33091543, 0.33095851]))"}, "2": {"maxiter": 100, "fatol": 1e-10, "xatol": 1e-05, "duration": 0.0268402099609375, "fun": "0.3287560682987588", "nit": "100", "nfev": "159", "status": "2", "success": "False", "message": "Maximum number of iterations has been exceeded.", "x": "[1.5048468  5.55141505 1.96554316 0.96563455 0.21203082 4.87018343]", "final_simplex": "(array([[1.5048468 , 5.55141505, 1.96554316, 0.96563455, 0.21203082,\n        4.87018343],\n       [1.48114616, 5.52022603, 2.02954464, 0.9391189 , 0.21282727,\n        4.87544932],\n       [1.50892392, 5.60067572, 2.03863038, 0.97511554, 0.21877473,\n        4.82554189],\n       [1.39684749, 5.51653462, 2.03993737, 0.92686634, 0.21875465,\n        4.79545922],\n       [1.51762128, 5.44350817, 2.11408969, 0.9906004 , 0.21422324,\n        4.85291062],\n       [1.40292395, 5.60223711, 2.07170956, 0.93238827, 0.21034325,\n        4.79410162],\n       [1.40426549, 5.61344974, 2.09931202, 0.99328685, 0.21458483,\n        4.68839082]]), array([0.32875607, 0.32968396, 0.32971942, 0.33043062, 0.33086006,\n       0.33091543, 0.33095851]))"}, "3": {"maxiter": 100, "fatol": 1e-10, "xatol": 1e-10, "duration": 0.02695608139038086, "fun": "0.3287560682987588", "nit": "100", "nfev": "159", "status": "2", "success": "False", "message": "Maximum number of iterations has been exceeded.", "x": "[1.5048468  5.55141505 1.96554316 0.96563455 0.21203082 4.87018343]", "final_simplex": "(array([[1.5048468 , 5.55141505, 1.96554316, 0.96563455, 0.21203082,\n        4.87018343],\n       [1.48114616, 5.52022603, 2.02954464, 0.9391189 , 0.21282727,\n        4.87544932],\n       [1.50892392, 5.60067572, 2.03863038, 0.97511554, 0.21877473,\n        4.82554189],\n       [1.39684749, 5.51653462, 2.03993737, 0.92686634, 0.21875465,\n        4.79545922],\n       [1.51762128, 5.44350817, 2.11408969, 0.9906004 , 0.21422324,\n        4.85291062],\n       [1.40292395, 5.60223711, 2.07170956, 0.93238827, 0.21034325,\n        4.79410162],\n       [1.40426549, 5.61344974, 2.09931202, 0.99328685, 0.21458483,\n        4.68839082]]), array([0.32875607, 0.32968396, 0.32971942, 0.33043062, 0.33086006,\n       0.33091543, 0.33095851]))"}, "4": {"maxiter": 500, "fatol": 1e-05, "xatol": 1e-05, "duration": 0.13048219680786133, "fun": "0.2463843717144234", "nit": "500", "nfev": "763", "status": "2", "success": "False", "message": "Maximum number of iterations has been exceeded.", "x": "[ 2.73158959  5.14352489  3.41939868  1.19199161 -2.7973613   7.23759902]", "final_simplex": "(array([[ 2.73158959,  5.14352489,  3.41939868,  1.19199161, -2.7973613 ,\n         7.23759902],\n       [ 2.72842733,  5.13609803,  3.41273279,  1.19220846, -2.80659373,\n         7.23884431],\n       [ 2.72764547,  5.15443108,  3.44002536,  1.19312175, -2.81624598,\n         7.24281923],\n       [ 2.71448338,  5.13168523,  3.39720172,  1.18192679, -2.79091964,\n         7.23154099],\n       [ 2.7319013 ,  5.15725832,  3.43319469,  1.20681738, -2.81081055,\n         7.24014263],\n       [ 2.72423053,  5.15119067,  3.41282779,  1.1838119 , -2.80208238,\n         7.243759  ],\n       [ 2.7271202 ,  5.13759631,  3.41295718,  1.18377401, -2.80205585,\n         7.23422823]]), array([0.24638437, 0.24639366, 0.24639839, 0.24639897, 0.24640217,\n       0.24640745, 0.24640839]))"}, "5": {"maxiter": 500, "fatol": 1e-05, "xatol": 1e-10, "duration": 0.13128972053527832, "fun": "0.2463843717144234", "nit": "500", "nfev": "763", "status": "2", "success": "False", "message": "Maximum number of iterations has been exceeded.", "x": "[ 2.73158959  5.14352489  3.41939868  1.19199161 -2.7973613   7.23759902]", "final_simplex": "(array([[ 2.73158959,  5.14352489,  3.41939868,  1.19199161, -2.7973613 ,\n         7.23759902],\n       [ 2.72842733,  5.13609803,  3.41273279,  1.19220846, -2.80659373,\n         7.23884431],\n       [ 2.72764547,  5.15443108,  3.44002536,  1.19312175, -2.81624598,\n         7.24281923],\n       [ 2.71448338,  5.13168523,  3.39720172,  1.18192679, -2.79091964,\n         7.23154099],\n       [ 2.7319013 ,  5.15725832,  3.43319469,  1.20681738, -2.81081055,\n         7.24014263],\n       [ 2.72423053,  5.15119067,  3.41282779,  1.1838119 , -2.80208238,\n         7.243759  ],\n       [ 2.7271202 ,  5.13759631,  3.41295718,  1.18377401, -2.80205585,\n         7.23422823]]), array([0.24638437, 0.24639366, 0.24639839, 0.24639897, 0.24640217,\n       0.24640745, 0.24640839]))"}, "6": {"maxiter": 500, "fatol": 1e-10, "xatol": 1e-05, "duration": 0.1309807300567627, "fun": "0.2463843717144234", "nit": "500", "nfev": "763", "status": "2", "success": "False", "message": "Maximum number of iterations has been exceeded.", "x": "[ 2.73158959  5.14352489  3.41939868  1.19199161 -2.7973613   7.23759902]", "final_simplex": "(array([[ 2.73158959,  5.14352489,  3.41939868,  1.19199161, -2.7973613 ,\n         7.23759902],\n       [ 2.72842733,  5.13609803,  3.41273279,  1.19220846, -2.80659373,\n         7.23884431],\n       [ 2.72764547,  5.15443108,  3.44002536,  1.19312175, -2.81624598,\n         7.24281923],\n       [ 2.71448338,  5.13168523,  3.39720172,  1.18192679, -2.79091964,\n         7.23154099],\n       [ 2.7319013 ,  5.15725832,  3.43319469,  1.20681738, -2.81081055,\n         7.24014263],\n       [ 2.72423053,  5.15119067,  3.41282779,  1.1838119 , -2.80208238,\n         7.243759  ],\n       [ 2.7271202 ,  5.13759631,  3.41295718,  1.18377401, -2.80205585,\n         7.23422823]]), array([0.24638437, 0.24639366, 0.24639839, 0.24639897, 0.24640217,\n       0.24640745, 0.24640839]))"}, "7": {"maxiter": 500, "fatol": 1e-10, "xatol": 1e-10, "duration": 0.12984085083007812, "fun": "0.2463843717144234", "nit": "500", "nfev": "763", "status": "2", "success": "False", "message": "Maximum number of iterations has been exceeded.", "x": "[ 2.73158959  5.14352489  3.41939868  1.19199161 -2.7973613   7.23759902]", "final_simplex": "(array([[ 2.73158959,  5.14352489,  3.41939868,  1.19199161, -2.7973613 ,\n         7.23759902],\n       [ 2.72842733,  5.13609803,  3.41273279,  1.19220846, -2.80659373,\n         7.23884431],\n       [ 2.72764547,  5.15443108,  3.44002536,  1.19312175, -2.81624598,\n         7.24281923],\n       [ 2.71448338,  5.13168523,  3.39720172,  1.18192679, -2.79091964,\n         7.23154099],\n       [ 2.7319013 ,  5.15725832,  3.43319469,  1.20681738, -2.81081055,\n         7.24014263],\n       [ 2.72423053,  5.15119067,  3.41282779,  1.1838119 , -2.80208238,\n         7.243759  ],\n       [ 2.7271202 ,  5.13759631,  3.41295718,  1.18377401, -2.80205585,\n         7.23422823]]), array([0.24638437, 0.24639366, 0.24639839, 0.24639897, 0.24640217,\n       0.24640745, 0.24640839]))"}, "8": {"maxiter": 1000, "fatol": 1e-05, "xatol": 1e-05, "duration": 0.16335320472717285, "fun": "0.2463496606095772", "nit": "607", "nfev": "951", "status": "0", "success": "True", "message": "Optimization terminated successfully.", "x": "[ 2.72894608  5.16369917  3.4471558   1.211965   -2.80877372  7.25220461]", "final_simplex": "(array([[ 2.72894608,  5.16369917,  3.4471558 ,  1.211965  , -2.80877372,\n         7.25220461],\n       [ 2.72894315,  5.16370552,  3.44716107,  1.21196516, -2.8087754 ,\n         7.2522094 ],\n       [ 2.72894552,  5.16370013,  3.44715857,  1.21196267, -2.80877474,\n         7.25220558],\n       [ 2.72894324,  5.16369955,  3.44715859,  1.21196733, -2.80877608,\n         7.25220406],\n       [ 2.72894047,  5.16369466,  3.44714966,  1.21196383, -2.80877625,\n         7.25220676],\n       [ 2.72894286,  5.16369528,  3.44715176,  1.2119669 , -2.80877066,\n         7.25220312],\n       [ 2.72893867,  5.16370669,  3.44715715,  1.21196119, -2.80877333,\n         7.25220911]]), array([0.24634966, 0.24634966, 0.24634966, 0.24634966, 0.24634966,\n       0.24634966, 0.24634966]))"}, "9": {"maxiter": 1000, "fatol": 1e-05, "xatol": 1e-10, "duration": 0.2057499885559082, "fun": "0.24634966060873353", "nit": "724", "nfev": "1202", "status": "0", "success": "True", "message": "Optimization terminated successfully.", "x": "[ 2.7289447   5.16370068  3.44715669  1.21196613 -2.80877445  7.25220686]", "final_simplex": "(array([[ 2.7289447 ,  5.16370068,  3.44715669,  1.21196613, -2.80877445,\n         7.25220686],\n       [ 2.7289447 ,  5.16370068,  3.44715669,  1.21196613, -2.80877445,\n         7.25220686],\n       [ 2.7289447 ,  5.16370068,  3.44715669,  1.21196613, -2.80877445,\n         7.25220686],\n       [ 2.7289447 ,  5.16370068,  3.44715669,  1.21196613, -2.80877445,\n         7.25220686],\n       [ 2.7289447 ,  5.16370068,  3.44715669,  1.21196613, -2.80877445,\n         7.25220686],\n       [ 2.7289447 ,  5.16370068,  3.44715669,  1.21196613, -2.80877445,\n         7.25220686],\n       [ 2.7289447 ,  5.16370068,  3.44715669,  1.21196613, -2.80877445,\n         7.25220686]]), array([0.24634966, 0.24634966, 0.24634966, 0.24634966, 0.24634966,\n       0.24634966, 0.24634966]))"}, "10": {"maxiter": 1000, "fatol": 1e-10, "xatol": 1e-05, "duration": 0.162675142288208, "fun": "0.2463496606095772", "nit": "607", "nfev": "951", "status": "0", "success": "True", "message": "Optimization terminated successfully.", "x": "[ 2.72894608  5.16369917  3.4471558   1.211965   -2.80877372  7.25220461]", "final_simplex": "(array([[ 2.72894608,  5.16369917,  3.4471558 ,  1.211965  , -2.80877372,\n         7.25220461],\n       [ 2.72894315,  5.16370552,  3.44716107,  1.21196516, -2.8087754 ,\n         7.2522094 ],\n       [ 2.72894552,  5.16370013,  3.44715857,  1.21196267, -2.80877474,\n         7.25220558],\n       [ 2.72894324,  5.16369955,  3.44715859,  1.21196733, -2.80877608,\n         7.25220406],\n       [ 2.72894047,  5.16369466,  3.44714966,  1.21196383, -2.80877625,\n         7.25220676],\n       [ 2.72894286,  5.16369528,  3.44715176,  1.2119669 , -2.80877066,\n         7.25220312],\n       [ 2.72893867,  5.16370669,  3.44715715,  1.21196119, -2.80877333,\n         7.25220911]]), array([0.24634966, 0.24634966, 0.24634966, 0.24634966, 0.24634966,\n       0.24634966, 0.24634966]))"}, "11": {"maxiter": 1000, "fatol": 1e-10, "xatol": 1e-10, "duration": 0.20985984802246094, "fun": "0.24634966060873353", "nit": "724", "nfev": "1202", "status": "0", "success": "True", "message": "Optimization terminated successfully.", "x": "[ 2.7289447   5.16370068  3.44715669  1.21196613 -2.80877445  7.25220686]", "final_simplex": "(array([[ 2.7289447 ,  5.16370068,  3.44715669,  1.21196613, -2.80877445,\n         7.25220686],\n       [ 2.7289447 ,  5.16370068,  3.44715669,  1.21196613, -2.80877445,\n         7.25220686],\n       [ 2.7289447 ,  5.16370068,  3.44715669,  1.21196613, -2.80877445,\n         7.25220686],\n       [ 2.7289447 ,  5.16370068,  3.44715669,  1.21196613, -2.80877445,\n         7.25220686],\n       [ 2.7289447 ,  5.16370068,  3.44715669,  1.21196613, -2.80877445,\n         7.25220686],\n       [ 2.7289447 ,  5.16370068,  3.44715669,  1.21196613, -2.80877445,\n         7.25220686],\n       [ 2.7289447 ,  5.16370068,  3.44715669,  1.21196613, -2.80877445,\n         7.25220686]]), array([0.24634966, 0.24634966, 0.24634966, 0.24634966, 0.24634966,\n       0.24634966, 0.24634966]))"}}, "bfgs": {"type": "gradient", "0": {"maxiter": 100, "gtol": 1e-05, "xrtol": 1e-05, "eps": 1e-05, "duration": 0.04731416702270508, "fun": "0.2463496611020798", "jac": "[ 1.97419858e-06  2.60634847e-06 -2.92769142e-06  3.40116824e-07\n -3.85805832e-06 -5.93816107e-06]", "hess_inv": "[[ 10.59486329   9.4780675   14.88441344 -10.91102181  -2.47957246\n    1.78353488]\n [  9.4780675   45.42393263  49.67963355 -16.02777737 -10.1070938\n   10.13589496]\n [ 14.88441344  49.67963355  64.04440735 -25.8966727  -15.2200673\n   10.26949461]\n [-10.91102181 -16.02777737 -25.8966727   23.54610433   7.69058062\n   -3.6923791 ]\n [ -2.47957246 -10.1070938  -15.2200673    7.69058062   7.62832161\n   -3.27480408]\n [  1.78353488  10.13589496  10.26949461  -3.6923791   -3.27480408\n    5.01678405]]", "nfev": "259", "njev": "37", "status": "0", "success": "True", "message": "Optimization terminated successfully.", "x": "[ 2.72890262  5.16349851  3.44692847 -1.21189364  0.33285602  4.11054703]", "nit": "33"}, "1": {"maxiter": 100, "gtol": 1e-05, "xrtol": 1e-05, "eps": 1e-10, "duration": 0.04740715026855469, "fun": "0.24634966076446996", "jac": "[ 0.00000000e+00  1.11022293e-06 -1.11022293e-06  1.11022293e-06\n -4.44089173e-06 -4.44089173e-06]", "hess_inv": "[[ 10.29671699   9.08474236  14.22922557 -10.48092187  -2.38404923\n    1.70742833]\n [  9.08474236  44.82058115  48.93514894 -15.75791015 -10.02864886\n    9.88768839]\n [ 14.22922557  48.93514894  63.02057402 -25.35542351 -15.18523631\n   10.06185042]\n [-10.48092187 -15.75791015 -25.35542351  22.98485503   7.71064674\n   -3.73399065]\n [ -2.38404923 -10.02864886 -15.18523631   7.71064674   7.70518963\n   -3.28201939]\n [  1.70742833   9.88768839  10.06185042  -3.73399065  -3.28201939\n    4.92874508]]", "nfev": "259", "njev": "37", "status": "0", "success": "True", "message": "Optimization terminated successfully.", "x": "[ 2.7289115   5.16360423  3.44703806 -1.21190932  0.33283281  4.11058238]", "nit": "33"}, "2": {"maxiter": 100, "gtol": 1e-05, "xrtol": 1e-10, "eps": 1e-05, "duration": 0.047998905181884766, "fun": "0.2463496611020798", "jac": "[ 1.97419858e-06  2.60634847e-06 -2.92769142e-06  3.40116824e-07\n -3.85805832e-06 -5.93816107e-06]", "hess_inv": "[[ 10.59486329   9.4780675   14.88441344 -10.91102181  -2.47957246\n    1.78353488]\n [  9.4780675   45.42393263  49.67963355 -16.02777737 -10.1070938\n   10.13589496]\n [ 14.88441344  49.67963355  64.04440735 -25.8966727  -15.2200673\n   10.26949461]\n [-10.91102181 -16.02777737 -25.8966727   23.54610433   7.69058062\n   -3.6923791 ]\n [ -2.47957246 -10.1070938  -15.2200673    7.69058062   7.62832161\n   -3.27480408]\n [  1.78353488  10.13589496  10.26949461  -3.6923791   -3.27480408\n    5.01678405]]", "nfev": "259", "njev": "37", "status": "0", "success": "True", "message": "Optimization terminated successfully.", "x": "[ 2.72890262  5.16349851  3.44692847 -1.21189364  0.33285602  4.11054703]", "nit": "33"}, "3": {"maxiter": 100, "gtol": 1e-05, "xrtol": 1e-10, "eps": 1e-10, "duration": 0.04705405235290527, "fun": "0.24634966076446996", "jac": "[ 0.00000000e+00  1.11022293e-06 -1.11022293e-06  1.11022293e-06\n -4.44089173e-06 -4.44089173e-06]", "hess_inv": "[[ 10.29671699   9.08474236  14.22922557 -10.48092187  -2.38404923\n    1.70742833]\n [  9.08474236  44.82058115  48.93514894 -15.75791015 -10.02864886\n    9.88768839]\n [ 14.22922557  48.93514894  63.02057402 -25.35542351 -15.18523631\n   10.06185042]\n [-10.48092187 -15.75791015 -25.35542351  22.98485503   7.71064674\n   -3.73399065]\n [ -2.38404923 -10.02864886 -15.18523631   7.71064674   7.70518963\n   -3.28201939]\n [  1.70742833   9.88768839  10.06185042  -3.73399065  -3.28201939\n    4.92874508]]", "nfev": "259", "njev": "37", "status": "0", "success": "True", "message": "Optimization terminated successfully.", "x": "[ 2.7289115   5.16360423  3.44703806 -1.21190932  0.33283281  4.11058238]", "nit": "33"}, "4": {"maxiter": 100, "gtol": 1e-10, "xrtol": 1e-05, "eps": 1e-05, "duration": 0.050618886947631836, "fun": "0.24634966084612386", "jac": "[ 2.00950367e-08 -4.86277685e-09  7.82707232e-09  1.12132525e-08\n -3.59490215e-08 -1.63757896e-08]", "hess_inv": "[[ 10.28894138   9.26019117  14.28953814 -10.33637729  -2.2263418\n    1.87961064]\n [  9.26019117  49.29615268  53.48748076 -16.8048156  -10.32300103\n   12.53260575]\n [ 14.28953814  53.48748076  67.33332327 -26.0234028  -15.14451959\n   12.90290711]\n [-10.33637729 -16.8048156  -26.0234028   22.79961162   7.3354488\n   -4.56081487]\n [ -2.2263418  -10.32300103 -15.14451959   7.3354488    7.45681243\n   -3.58291558]\n [  1.87961064  12.53260575  12.90290711  -4.56081487  -3.58291558\n    6.33234233]]", "nfev": "273", "njev": "39", "status": "0", "success": "True", "message": "Optimization terminated successfully.", "x": "[ 2.72890609  5.16354865  3.44698503 -1.21191216  0.33284798  4.11057376]", "nit": "35"}, "5": {"maxiter": 100, "gtol": 1e-10, "xrtol": 1e-05, "eps": 1e-10, "duration": 0.048655033111572266, "fun": "0.24634966065550423", "jac": "[ 0.00000000e+00  0.00000000e+00 -2.22044587e-06  0.00000000e+00\n -2.22044587e-06  0.00000000e+00]", "hess_inv": "[[ 10.39356436  11.14875917  16.62944112 -11.33832313  -2.97941529\n    2.72605511]\n [ 11.14875917  49.17444291  53.45536036 -18.90638426  -9.67526291\n   12.18592652]\n [ 16.62944112  53.45536036  67.63837694 -28.80959483 -14.59566861\n   12.46858994]\n [-11.33832313 -18.90638426 -28.80959483  24.80403404   8.00473364\n   -5.34487745]\n [ -2.97941529  -9.67526291 -14.59566861   8.00473364   7.07372483\n   -3.15682226]\n [  2.72605511  12.18592652  12.46858994  -5.34487745  -3.15682226\n    6.13619765]]", "nfev": "266", "njev": "38", "status": "0", "success": "True", "message": "Optimization terminated successfully.", "x": "[ 2.72892905  5.16364113  3.44707635 -1.21193604  0.33283585  4.11060186]", "nit": "34"}, "6": {"maxiter": 100, "gtol": 1e-10, "xrtol": 1e-10, "eps": 1e-05, "duration": 0.06729006767272949, "fun": "0.24634966084612386", "jac": "[ 2.00950367e-08 -4.86277685e-09  7.82707232e-09  1.12132525e-08\n -3.59490215e-08 -1.63757896e-08]", "hess_inv": "[[ 10.80413588   9.93537806  15.58447163 -10.99223667  -2.78999903\n    1.91154334]\n [  9.93537806  49.64829028  54.62165584 -17.66720632 -10.95833649\n   12.28325784]\n [ 15.58447163  54.62165584  69.99334339 -27.67491286 -16.45204543\n   12.67548086]\n [-10.99223667 -17.66720632 -27.67491286  23.63452668   8.05355693\n   -4.60302726]\n [ -2.78999903 -10.95833649 -16.45204543   8.05355693   8.05343554\n   -3.56135156]\n [  1.91154334  12.28325784  12.67548086  -4.60302726  -3.56135156\n    6.17514842]]", "nfev": "369", "njev": "51", "status": "2", "success": "False", "message": "Desired error not necessarily achieved due to precision loss.", "x": "[ 2.72890609  5.16354865  3.44698503 -1.21191216  0.33284798  4.11057376]", "nit": "35"}, "7": {"maxiter": 100, "gtol": 1e-10, "xrtol": 1e-10, "eps": 1e-10, "duration": 0.08095383644104004, "fun": "0.24634966064020825", "jac": "[-1.11022293e-06 -1.11022293e-06  0.00000000e+00  0.00000000e+00\n  1.11022293e-06  2.22044587e-06]", "hess_inv": "[[ 0.9097486   0.88422269 -0.40040111 -0.44915333  1.30038538  0.01987413]\n [ 0.88422269  2.13052907 -0.45666172 -1.37231361  1.74445604 -0.11992591]\n [-0.40040111 -0.45666172  0.50240539  0.33017792 -0.62080023  0.06744927]\n [-0.44915333 -1.37231361  0.33017792  1.62294999 -2.34251166  0.45088099]\n [ 1.30038538  1.74445604 -0.62080023 -2.34251166  4.91562303 -0.72866893]\n [ 0.01987413 -0.11992591  0.06744927  0.45088099 -0.72866893  0.20966684]]", "nfev": "441", "njev": "63", "status": "0", "success": "True", "message": "Optimization terminated successfully.", "x": "[ 2.72893308  5.16364932  3.44709498 -1.21194429  0.33282963  4.11060708]", "nit": "41"}, "8": {"maxiter": 500, "gtol": 1e-05, "xrtol": 1e-05, "eps": 1e-05, "duration": 0.04743695259094238, "fun": "0.2463496611020798", "jac": "[ 1.97419858e-06  2.60634847e-06 -2.92769142e-06  3.40116824e-07\n -3.85805832e-06 -5.93816107e-06]", "hess_inv": "[[ 10.59486329   9.4780675   14.88441344 -10.91102181  -2.47957246\n    1.78353488]\n [  9.4780675   45.42393263  49.67963355 -16.02777737 -10.1070938\n   10.13589496]\n [ 14.88441344  49.67963355  64.04440735 -25.8966727  -15.2200673\n   10.26949461]\n [-10.91102181 -16.02777737 -25.8966727   23.54610433   7.69058062\n   -3.6923791 ]\n [ -2.47957246 -10.1070938  -15.2200673    7.69058062   7.62832161\n   -3.27480408]\n [  1.78353488  10.13589496  10.26949461  -3.6923791   -3.27480408\n    5.01678405]]", "nfev": "259", "njev": "37", "status": "0", "success": "True", "message": "Optimization terminated successfully.", "x": "[ 2.72890262  5.16349851  3.44692847 -1.21189364  0.33285602  4.11054703]", "nit": "33"}, "9": {"maxiter": 500, "gtol": 1e-05, "xrtol": 1e-05, "eps": 1e-10, "duration": 0.04750490188598633, "fun": "0.24634966076446996", "jac": "[ 0.00000000e+00  1.11022293e-06 -1.11022293e-06  1.11022293e-06\n -4.44089173e-06 -4.44089173e-06]", "hess_inv": "[[ 10.29671699   9.08474236  14.22922557 -10.48092187  -2.38404923\n    1.70742833]\n [  9.08474236  44.82058115  48.93514894 -15.75791015 -10.02864886\n    9.88768839]\n [ 14.22922557  48.93514894  63.02057402 -25.35542351 -15.18523631\n   10.06185042]\n [-10.48092187 -15.75791015 -25.35542351  22.98485503   7.71064674\n   -3.73399065]\n [ -2.38404923 -10.02864886 -15.18523631   7.71064674   7.70518963\n   -3.28201939]\n [  1.70742833   9.88768839  10.06185042  -3.73399065  -3.28201939\n    4.92874508]]", "nfev": "259", "njev": "37", "status": "0", "success": "True", "message": "Optimization terminated successfully.", "x": "[ 2.7289115   5.16360423  3.44703806 -1.21190932  0.33283281  4.11058238]", "nit": "33"}, "10": {"maxiter": 500, "gtol": 1e-05, "xrtol": 1e-10, "eps": 1e-05, "duration": 0.04645490646362305, "fun": "0.2463496611020798", "jac": "[ 1.97419858e-06  2.60634847e-06 -2.92769142e-06  3.40116824e-07\n -3.85805832e-06 -5.93816107e-06]", "hess_inv": "[[ 10.59486329   9.4780675   14.88441344 -10.91102181  -2.47957246\n    1.78353488]\n [  9.4780675   45.42393263  49.67963355 -16.02777737 -10.1070938\n   10.13589496]\n [ 14.88441344  49.67963355  64.04440735 -25.8966727  -15.2200673\n   10.26949461]\n [-10.91102181 -16.02777737 -25.8966727   23.54610433   7.69058062\n   -3.6923791 ]\n [ -2.47957246 -10.1070938  -15.2200673    7.69058062   7.62832161\n   -3.27480408]\n [  1.78353488  10.13589496  10.26949461  -3.6923791   -3.27480408\n    5.01678405]]", "nfev": "259", "njev": "37", "status": "0", "success": "True", "message": "Optimization terminated successfully.", "x": "[ 2.72890262  5.16349851  3.44692847 -1.21189364  0.33285602  4.11054703]", "nit": "33"}, "11": {"maxiter": 500, "gtol": 1e-05, "xrtol": 1e-10, "eps": 1e-10, "duration": 0.04521822929382324, "fun": "0.24634966076446996", "jac": "[ 0.00000000e+00  1.11022293e-06 -1.11022293e-06  1.11022293e-06\n -4.44089173e-06 -4.44089173e-06]", "hess_inv": "[[ 10.29671699   9.08474236  14.22922557 -10.48092187  -2.38404923\n    1.70742833]\n [  9.08474236  44.82058115  48.93514894 -15.75791015 -10.02864886\n    9.88768839]\n [ 14.22922557  48.93514894  63.02057402 -25.35542351 -15.18523631\n   10.06185042]\n [-10.48092187 -15.75791015 -25.35542351  22.98485503   7.71064674\n   -3.73399065]\n [ -2.38404923 -10.02864886 -15.18523631   7.71064674   7.70518963\n   -3.28201939]\n [  1.70742833   9.88768839  10.06185042  -3.73399065  -3.28201939\n    4.92874508]]", "nfev": "259", "njev": "37", "status": "0", "success": "True", "message": "Optimization terminated successfully.", "x": "[ 2.7289115   5.16360423  3.44703806 -1.21190932  0.33283281  4.11058238]", "nit": "33"}, "12": {"maxiter": 500, "gtol": 1e-10, "xrtol": 1e-05, "eps": 1e-05, "duration": 0.047949790954589844, "fun": "0.24634966084612386", "jac": "[ 2.00950367e-08 -4.86277685e-09  7.82707232e-09  1.12132525e-08\n -3.59490215e-08 -1.63757896e-08]", "hess_inv": "[[ 10.28894138   9.26019117  14.28953814 -10.33637729  -2.2263418\n    1.87961064]\n [  9.26019117  49.29615268  53.48748076 -16.8048156  -10.32300103\n   12.53260575]\n [ 14.28953814  53.48748076  67.33332327 -26.0234028  -15.14451959\n   12.90290711]\n [-10.33637729 -16.8048156  -26.0234028   22.79961162   7.3354488\n   -4.56081487]\n [ -2.2263418  -10.32300103 -15.14451959   7.3354488    7.45681243\n   -3.58291558]\n [  1.87961064  12.53260575  12.90290711  -4.56081487  -3.58291558\n    6.33234233]]", "nfev": "273", "njev": "39", "status": "0", "success": "True", "message": "Optimization terminated successfully.", "x": "[ 2.72890609  5.16354865  3.44698503 -1.21191216  0.33284798  4.11057376]", "nit": "35"}, "13": {"maxiter": 500, "gtol": 1e-10, "xrtol": 1e-05, "eps": 1e-10, "duration": 0.047083139419555664, "fun": "0.24634966065550423", "jac": "[ 0.00000000e+00  0.00000000e+00 -2.22044587e-06  0.00000000e+00\n -2.22044587e-06  0.00000000e+00]", "hess_inv": "[[ 10.39356436  11.14875917  16.62944112 -11.33832313  -2.97941529\n    2.72605511]\n [ 11.14875917  49.17444291  53.45536036 -18.90638426  -9.67526291\n   12.18592652]\n [ 16.62944112  53.45536036  67.63837694 -28.80959483 -14.59566861\n   12.46858994]\n [-11.33832313 -18.90638426 -28.80959483  24.80403404   8.00473364\n   -5.34487745]\n [ -2.97941529  -9.67526291 -14.59566861   8.00473364   7.07372483\n   -3.15682226]\n [  2.72605511  12.18592652  12.46858994  -5.34487745  -3.15682226\n    6.13619765]]", "nfev": "266", "njev": "38", "status": "0", "success": "True", "message": "Optimization terminated successfully.", "x": "[ 2.72892905  5.16364113  3.44707635 -1.21193604  0.33283585  4.11060186]", "nit": "34"}, "14": {"maxiter": 500, "gtol": 1e-10, "xrtol": 1e-10, "eps": 1e-05, "duration": 0.06445813179016113, "fun": "0.24634966084612386", "jac": "[ 2.00950367e-08 -4.86277685e-09  7.82707232e-09  1.12132525e-08\n -3.59490215e-08 -1.63757896e-08]", "hess_inv": "[[ 10.80413588   9.93537806  15.58447163 -10.99223667  -2.78999903\n    1.91154334]\n [  9.93537806  49.64829028  54.62165584 -17.66720632 -10.95833649\n   12.28325784]\n [ 15.58447163  54.62165584  69.99334339 -27.67491286 -16.45204543\n   12.67548086]\n [-10.99223667 -17.66720632 -27.67491286  23.63452668   8.05355693\n   -4.60302726]\n [ -2.78999903 -10.95833649 -16.45204543   8.05355693   8.05343554\n   -3.56135156]\n [  1.91154334  12.28325784  12.67548086  -4.60302726  -3.56135156\n    6.17514842]]", "nfev": "369", "njev": "51", "status": "2", "success": "False", "message": "Desired error not necessarily achieved due to precision loss.", "x": "[ 2.72890609  5.16354865  3.44698503 -1.21191216  0.33284798  4.11057376]", "nit": "35"}, "15": {"maxiter": 500, "gtol": 1e-10, "xrtol": 1e-10, "eps": 1e-10, "duration": 0.07648468017578125, "fun": "0.24634966064020825", "jac": "[-1.11022293e-06 -1.11022293e-06  0.00000000e+00  0.00000000e+00\n  1.11022293e-06  2.22044587e-06]", "hess_inv": "[[ 0.9097486   0.88422269 -0.40040111 -0.44915333  1.30038538  0.01987413]\n [ 0.88422269  2.13052907 -0.45666172 -1.37231361  1.74445604 -0.11992591]\n [-0.40040111 -0.45666172  0.50240539  0.33017792 -0.62080023  0.06744927]\n [-0.44915333 -1.37231361  0.33017792  1.62294999 -2.34251166  0.45088099]\n [ 1.30038538  1.74445604 -0.62080023 -2.34251166  4.91562303 -0.72866893]\n [ 0.01987413 -0.11992591  0.06744927  0.45088099 -0.72866893  0.20966684]]", "nfev": "441", "njev": "63", "status": "0", "success": "True", "message": "Optimization terminated successfully.", "x": "[ 2.72893308  5.16364932  3.44709498 -1.21194429  0.33282963  4.11060708]", "nit": "41"}, "16": {"maxiter": 1000, "gtol": 1e-05, "xrtol": 1e-05, "eps": 1e-05, "duration": 0.0448918342590332, "fun": "0.2463496611020798", "jac": "[ 1.97419858e-06  2.60634847e-06 -2.92769142e-06  3.40116824e-07\n -3.85805832e-06 -5.93816107e-06]", "hess_inv": "[[ 10.59486329   9.4780675   14.88441344 -10.91102181  -2.47957246\n    1.78353488]\n [  9.4780675   45.42393263  49.67963355 -16.02777737 -10.1070938\n   10.13589496]\n [ 14.88441344  49.67963355  64.04440735 -25.8966727  -15.2200673\n   10.26949461]\n [-10.91102181 -16.02777737 -25.8966727   23.54610433   7.69058062\n   -3.6923791 ]\n [ -2.47957246 -10.1070938  -15.2200673    7.69058062   7.62832161\n   -3.27480408]\n [  1.78353488  10.13589496  10.26949461  -3.6923791   -3.27480408\n    5.01678405]]", "nfev": "259", "njev": "37", "status": "0", "success": "True", "message": "Optimization terminated successfully.", "x": "[ 2.72890262  5.16349851  3.44692847 -1.21189364  0.33285602  4.11054703]", "nit": "33"}, "17": {"maxiter": 1000, "gtol": 1e-05, "xrtol": 1e-05, "eps": 1e-10, "duration": 0.0448460578918457, "fun": "0.24634966076446996", "jac": "[ 0.00000000e+00  1.11022293e-06 -1.11022293e-06  1.11022293e-06\n -4.44089173e-06 -4.44089173e-06]", "hess_inv": "[[ 10.29671699   9.08474236  14.22922557 -10.48092187  -2.38404923\n    1.70742833]\n [  9.08474236  44.82058115  48.93514894 -15.75791015 -10.02864886\n    9.88768839]\n [ 14.22922557  48.93514894  63.02057402 -25.35542351 -15.18523631\n   10.06185042]\n [-10.48092187 -15.75791015 -25.35542351  22.98485503   7.71064674\n   -3.73399065]\n [ -2.38404923 -10.02864886 -15.18523631   7.71064674   7.70518963\n   -3.28201939]\n [  1.70742833   9.88768839  10.06185042  -3.73399065  -3.28201939\n    4.92874508]]", "nfev": "259", "njev": "37", "status": "0", "success": "True", "message": "Optimization terminated successfully.", "x": "[ 2.7289115   5.16360423  3.44703806 -1.21190932  0.33283281  4.11058238]", "nit": "33"}, "18": {"maxiter": 1000, "gtol": 1e-05, "xrtol": 1e-10, "eps": 1e-05, "duration": 0.04737114906311035, "fun": "0.2463496611020798", "jac": "[ 1.97419858e-06  2.60634847e-06 -2.92769142e-06  3.40116824e-07\n -3.85805832e-06 -5.93816107e-06]", "hess_inv": "[[ 10.59486329   9.4780675   14.88441344 -10.91102181  -2.47957246\n    1.78353488]\n [  9.4780675   45.42393263  49.67963355 -16.02777737 -10.1070938\n   10.13589496]\n [ 14.88441344  49.67963355  64.04440735 -25.8966727  -15.2200673\n   10.26949461]\n [-10.91102181 -16.02777737 -25.8966727   23.54610433   7.69058062\n   -3.6923791 ]\n [ -2.47957246 -10.1070938  -15.2200673    7.69058062   7.62832161\n   -3.27480408]\n [  1.78353488  10.13589496  10.26949461  -3.6923791   -3.27480408\n    5.01678405]]", "nfev": "259", "njev": "37", "status": "0", "success": "True", "message": "Optimization terminated successfully.", "x": "[ 2.72890262  5.16349851  3.44692847 -1.21189364  0.33285602  4.11054703]", "nit": "33"}, "19": {"maxiter": 1000, "gtol": 1e-05, "xrtol": 1e-10, "eps": 1e-10, "duration": 0.04567909240722656, "fun": "0.24634966076446996", "jac": "[ 0.00000000e+00  1.11022293e-06 -1.11022293e-06  1.11022293e-06\n -4.44089173e-06 -4.44089173e-06]", "hess_inv": "[[ 10.29671699   9.08474236  14.22922557 -10.48092187  -2.38404923\n    1.70742833]\n [  9.08474236  44.82058115  48.93514894 -15.75791015 -10.02864886\n    9.88768839]\n [ 14.22922557  48.93514894  63.02057402 -25.35542351 -15.18523631\n   10.06185042]\n [-10.48092187 -15.75791015 -25.35542351  22.98485503   7.71064674\n   -3.73399065]\n [ -2.38404923 -10.02864886 -15.18523631   7.71064674   7.70518963\n   -3.28201939]\n [  1.70742833   9.88768839  10.06185042  -3.73399065  -3.28201939\n    4.92874508]]", "nfev": "259", "njev": "37", "status": "0", "success": "True", "message": "Optimization terminated successfully.", "x": "[ 2.7289115   5.16360423  3.44703806 -1.21190932  0.33283281  4.11058238]", "nit": "33"}, "20": {"maxiter": 1000, "gtol": 1e-10, "xrtol": 1e-05, "eps": 1e-05, "duration": 0.04859519004821777, "fun": "0.24634966084612386", "jac": "[ 2.00950367e-08 -4.86277685e-09  7.82707232e-09  1.12132525e-08\n -3.59490215e-08 -1.63757896e-08]", "hess_inv": "[[ 10.28894138   9.26019117  14.28953814 -10.33637729  -2.2263418\n    1.87961064]\n [  9.26019117  49.29615268  53.48748076 -16.8048156  -10.32300103\n   12.53260575]\n [ 14.28953814  53.48748076  67.33332327 -26.0234028  -15.14451959\n   12.90290711]\n [-10.33637729 -16.8048156  -26.0234028   22.79961162   7.3354488\n   -4.56081487]\n [ -2.2263418  -10.32300103 -15.14451959   7.3354488    7.45681243\n   -3.58291558]\n [  1.87961064  12.53260575  12.90290711  -4.56081487  -3.58291558\n    6.33234233]]", "nfev": "273", "njev": "39", "status": "0", "success": "True", "message": "Optimization terminated successfully.", "x": "[ 2.72890609  5.16354865  3.44698503 -1.21191216  0.33284798  4.11057376]", "nit": "35"}, "21": {"maxiter": 1000, "gtol": 1e-10, "xrtol": 1e-05, "eps": 1e-10, "duration": 0.048066139221191406, "fun": "0.24634966065550423", "jac": "[ 0.00000000e+00  0.00000000e+00 -2.22044587e-06  0.00000000e+00\n -2.22044587e-06  0.00000000e+00]", "hess_inv": "[[ 10.39356436  11.14875917  16.62944112 -11.33832313  -2.97941529\n    2.72605511]\n [ 11.14875917  49.17444291  53.45536036 -18.90638426  -9.67526291\n   12.18592652]\n [ 16.62944112  53.45536036  67.63837694 -28.80959483 -14.59566861\n   12.46858994]\n [-11.33832313 -18.90638426 -28.80959483  24.80403404   8.00473364\n   -5.34487745]\n [ -2.97941529  -9.67526291 -14.59566861   8.00473364   7.07372483\n   -3.15682226]\n [  2.72605511  12.18592652  12.46858994  -5.34487745  -3.15682226\n    6.13619765]]", "nfev": "266", "njev": "38", "status": "0", "success": "True", "message": "Optimization terminated successfully.", "x": "[ 2.72892905  5.16364113  3.44707635 -1.21193604  0.33283585  4.11060186]", "nit": "34"}, "22": {"maxiter": 1000, "gtol": 1e-10, "xrtol": 1e-10, "eps": 1e-05, "duration": 0.0658578872680664, "fun": "0.24634966084612386", "jac": "[ 2.00950367e-08 -4.86277685e-09  7.82707232e-09  1.12132525e-08\n -3.59490215e-08 -1.63757896e-08]", "hess_inv": "[[ 10.80413588   9.93537806  15.58447163 -10.99223667  -2.78999903\n    1.91154334]\n [  9.93537806  49.64829028  54.62165584 -17.66720632 -10.95833649\n   12.28325784]\n [ 15.58447163  54.62165584  69.99334339 -27.67491286 -16.45204543\n   12.67548086]\n [-10.99223667 -17.66720632 -27.67491286  23.63452668   8.05355693\n   -4.60302726]\n [ -2.78999903 -10.95833649 -16.45204543   8.05355693   8.05343554\n   -3.56135156]\n [  1.91154334  12.28325784  12.67548086  -4.60302726  -3.56135156\n    6.17514842]]", "nfev": "369", "njev": "51", "status": "2", "success": "False", "message": "Desired error not necessarily achieved due to precision loss.", "x": "[ 2.72890609  5.16354865  3.44698503 -1.21191216  0.33284798  4.11057376]", "nit": "35"}, "23": {"maxiter": 1000, "gtol": 1e-10, "xrtol": 1e-10, "eps": 1e-10, "duration": 0.07865023612976074, "fun": "0.24634966064020825", "jac": "[-1.11022293e-06 -1.11022293e-06  0.00000000e+00  0.00000000e+00\n  1.11022293e-06  2.22044587e-06]", "hess_inv": "[[ 0.9097486   0.88422269 -0.40040111 -0.44915333  1.30038538  0.01987413]\n [ 0.88422269  2.13052907 -0.45666172 -1.37231361  1.74445604 -0.11992591]\n [-0.40040111 -0.45666172  0.50240539  0.33017792 -0.62080023  0.06744927]\n [-0.44915333 -1.37231361  0.33017792  1.62294999 -2.34251166  0.45088099]\n [ 1.30038538  1.74445604 -0.62080023 -2.34251166  4.91562303 -0.72866893]\n [ 0.01987413 -0.11992591  0.06744927  0.45088099 -0.72866893  0.20966684]]", "nfev": "441", "njev": "63", "status": "0", "success": "True", "message": "Optimization terminated successfully.", "x": "[ 2.72893308  5.16364932  3.44709498 -1.21194429  0.33282963  4.11060708]", "nit": "41"}}, "cobyla": {"0": {"maxiter": 100, "tol": 1e-05, "catol": 1e-05, "duration": 0.017076969146728516, "x": "[2.73447217 5.19867818 3.48531244 1.22304746 3.46838024 0.97660413]", "status": "2", "success": "False", "message": "Maximum number of function evaluations has been exceeded.", "nfev": "100", "fun": "0.24636164553157502", "maxcv": "0.0"}, "1": {"maxiter": 100, "tol": 1e-05, "catol": 1e-10, "duration": 0.017042875289916992, "x": "[2.73447217 5.19867818 3.48531244 1.22304746 3.46838024 0.97660413]", "status": "2", "success": "False", "message": "Maximum number of function evaluations has been exceeded.", "nfev": "100", "fun": "0.24636164553157502", "maxcv": "0.0"}, "2": {"maxiter": 100, "tol": 1e-10, "catol": 1e-05, "duration": 0.016970157623291016, "x": "[2.73447217 5.19867818 3.48531244 1.22304746 3.46838024 0.97660413]", "status": "2", "success": "False", "message": "Maximum number of function evaluations has been exceeded.", "nfev": "100", "fun": "0.24636164553157502", "maxcv": "0.0"}, "3": {"maxiter": 100, "tol": 1e-10, "catol": 1e-10, "duration": 0.016710996627807617, "x": "[2.73447217 5.19867818 3.48531244 1.22304746 3.46838024 0.97660413]", "status": "2", "success": "False", "message": "Maximum number of function evaluations has been exceeded.", "nfev": "100", "fun": "0.24636164553157502", "maxcv": "0.0"}, "4": {"maxiter": 500, "tol": 1e-05, "catol": 1e-05, "duration": 0.08257603645324707, "x": "[2.73010672 5.1677267  3.45213804 1.21394673 3.47321508 0.9699707 ]", "status": "2", "success": "False", "message": "Maximum number of function evaluations has been exceeded.", "nfev": "500", "fun": "0.24634983407394295", "maxcv": "0.0"}, "5": {"maxiter": 500, "tol": 1e-05, "catol": 1e-10, "duration": 0.08243680000305176, "x": "[2.73010672 5.1677267  3.45213804 1.21394673 3.47321508 0.9699707 ]", "status": "2", "success": "False", "message": "Maximum number of