{"date": "2024/07/19/, 14:47:20", "conf_id": 215, "data_type": "non_lin_ind\n", "num_data_points": 3, "s_rank": 0, "unitary": "[[-0.45070455-0.02711853j,0.78437395-0.06613086j,0.06358678+0.19963393j,-0.07343613+0.35668523j],[-0.01890143-0.03813363j,0.32408202+0.25557629j,0.05872864-0.68979805j,0.55466693-0.20227297j],[-0.11215405+0.64023111j,-0.13344055+0.29565494j,-0.49012687-0.19046288j,-0.04241254+0.44046348j],[0.55771659+0.24656916j,0.31851997-0.05798805j,0.28761525-0.34294258j,-0.56718418+0.03616933j]]", "databatch_0": {"databatch": "[[[-0.0824768-0.33048852j,-0.16695896+0.02657924j,0.21462429+0.087135j,0.21139777-0.311667j],[0.1646211+0.02784806j,0.12641619-0.31029744j,0.30809153-0.06053287j,0.13073564+0.01461728j],[0.01343191+0.30342183j,-0.32408684-0.03243018j,0.08124793+0.03103769j,0.04752514-0.17675306j],[-0.05347775+0.02616406j,-0.19870267+0.14712956j,-0.1669615+0.13438048j,0.21237361+0.09367661j]],[[0.14808416+0.28763831j,-0.03505396+0.13549713j,-0.24612316+0.20331838j,0.15356029-0.07440029j],[0.17773677-0.07496809j,0.09661068+0.03756878j,0.32639972-0.02578202j,-0.13667185+0.01452941j],[-0.09230588+0.22690071j,-0.18510954+0.07952317j,-0.09533747+0.15295218j,0.14906004-0.07133615j],[0.09109129-0.29111319j,0.05701472-0.23846049j,0.3073211+0.22008623j,-0.22332286-0.25370744j]],[[0.03083037+0.06001131j,0.09233498-0.0743252j,0.09770909-0.14211402j,-0.12610697+0.20620051j],[0.06676677-0.0295248j,-0.23113902-0.21157375j,0.33720149+0.08368272j,-0.34152311-0.15146547j],[-0.21084646-0.02846218j,0.01622781+0.46007674j,-0.01467838-0.1435851j,0.00569934+0.00909622j],[0.12550877-0.05233277j,-0.05196103-0.15828487j,-0.22227398-0.18782657j,0.26404434+0.2250124j]]]", "initial param values": "[2.40165467,1.02320339,1.861642,2.6448247,3.51652427,3.38736875]", "nelder_mead": {"type": "gradient-free", "0": {"maxiter": 100, "fatol": 1e-05, "xatol": 1e-05, "duration": 0.027369260787963867, "fun": "0.41336234676785855", "nit": "100", "nfev": "158", "status": "2", "success": "False", "message": "Maximum number of iterations has been exceeded.", "x": "[1.15621821 1.52405116 0.11838894 1.95390038 3.89126507 5.31826088]", "final_simplex": "(array([[1.15621821, 1.52405116, 0.11838894, 1.95390038, 3.89126507,\n        5.31826088],\n       [1.1897353 , 1.51138711, 0.16178192, 1.95666864, 3.91240316,\n        5.32153432],\n       [1.22371176, 1.51495317, 0.12003596, 1.93282301, 3.95388244,\n        5.2880486 ],\n       [1.18603833, 1.55486845, 0.10790278, 1.88550496, 3.95024327,\n        5.32927918],\n       [1.22316061, 1.53875466, 0.08928283, 1.94309223, 3.89638158,\n        5.32566946],\n       [1.19436276, 1.5606835 , 0.1636521 , 1.9124874 , 3.90430763,\n        5.29603723],\n       [1.17765789, 1.53645469, 0.13148719, 1.97164299, 3.92598352,\n        5.30529152]]), array([0.41336235, 0.41343241, 0.41364121, 0.41426381, 0.41451564,\n       0.4148996 , 0.41493398]))"}, "1": {"maxiter": 100, "fatol": 1e-05, "xatol": 1e-10, "duration": 0.027096033096313477, "fun": "0.41336234676785855", "nit": "100", "nfev": "158", "status": "2", "success": "False", "message": "Maximum number of iterations has been exceeded.", "x": "[1.15621821 1.52405116 0.11838894 1.95390038 3.89126507 5.31826088]", "final_simplex": "(array([[1.15621821, 1.52405116, 0.11838894, 1.95390038, 3.89126507,\n        5.31826088],\n       [1.1897353 , 1.51138711, 0.16178192, 1.95666864, 3.91240316,\n        5.32153432],\n       [1.22371176, 1.51495317, 0.12003596, 1.93282301, 3.95388244,\n        5.2880486 ],\n       [1.18603833, 1.55486845, 0.10790278, 1.88550496, 3.95024327,\n        5.32927918],\n       [1.22316061, 1.53875466, 0.08928283, 1.94309223, 3.89638158,\n        5.32566946],\n       [1.19436276, 1.5606835 , 0.1636521 , 1.9124874 , 3.90430763,\n        5.29603723],\n       [1.17765789, 1.53645469, 0.13148719, 1.97164299, 3.92598352,\n        5.30529152]]), array([0.41336235, 0.41343241, 0.41364121, 0.41426381, 0.41451564,\n       0.4148996 , 0.41493398]))"}, "2": {"maxiter": 100, "fatol": 1e-10, "xatol": 1e-05, "duration": 0.02741384506225586, "fun": "0.41336234676785855", "nit": "100", "nfev": "158", "status": "2", "success": "False", "message": "Maximum number of iterations has been exceeded.", "x": "[1.15621821 1.52405116 0.11838894 1.95390038 3.89126507 5.31826088]", "final_simplex": "(array([[1.15621821, 1.52405116, 0.11838894, 1.95390038, 3.89126507,\n        5.31826088],\n       [1.1897353 , 1.51138711, 0.16178192, 1.95666864, 3.91240316,\n        5.32153432],\n       [1.22371176, 1.51495317, 0.12003596, 1.93282301, 3.95388244,\n        5.2880486 ],\n       [1.18603833, 1.55486845, 0.10790278, 1.88550496, 3.95024327,\n        5.32927918],\n       [1.22316061, 1.53875466, 0.08928283, 1.94309223, 3.89638158,\n        5.32566946],\n       [1.19436276, 1.5606835 , 0.1636521 , 1.9124874 , 3.90430763,\n        5.29603723],\n       [1.17765789, 1.53645469, 0.13148719, 1.97164299, 3.92598352,\n        5.30529152]]), array([0.41336235, 0.41343241, 0.41364121, 0.41426381, 0.41451564,\n       0.4148996 , 0.41493398]))"}, "3": {"maxiter": 100, "fatol": 1e-10, "xatol": 1e-10, "duration": 0.02749180793762207, "fun": "0.41336234676785855", "nit": "100", "nfev": "158", "status": "2", "success": "False", "message": "Maximum number of iterations has been exceeded.", "x": "[1.15621821 1.52405116 0.11838894 1.95390038 3.89126507 5.31826088]", "final_simplex": "(array([[1.15621821, 1.52405116, 0.11838894, 1.95390038, 3.89126507,\n        5.31826088],\n       [1.1897353 , 1.51138711, 0.16178192, 1.95666864, 3.91240316,\n        5.32153432],\n       [1.22371176, 1.51495317, 0.12003596, 1.93282301, 3.95388244,\n        5.2880486 ],\n       [1.18603833, 1.55486845, 0.10790278, 1.88550496, 3.95024327,\n        5.32927918],\n       [1.22316061, 1.53875466, 0.08928283, 1.94309223, 3.89638158,\n        5.32566946],\n       [1.19436276, 1.5606835 , 0.1636521 , 1.9124874 , 3.90430763,\n        5.29603723],\n       [1.17765789, 1.53645469, 0.13148719, 1.97164299, 3.92598352,\n        5.30529152]]), array([0.41336235, 0.41343241, 0.41364121, 0.41426381, 0.41451564,\n       0.4148996 , 0.41493398]))"}, "4": {"maxiter": 500, "fatol": 1e-05, "xatol": 1e-05, "duration": 0.07236576080322266, "fun": "0.4038782673014266", "nit": "259", "nfev": "423", "status": "0", "success": "True", "message": "Optimization terminated successfully.", "x": "[1.21172725 1.2632882  0.21914454 1.81733488 3.83211657 5.22416917]", "final_simplex": "(array([[1.21172725, 1.2632882 , 0.21914454, 1.81733488, 3.83211657,\n        5.22416917],\n       [1.21172859, 1.26328594, 0.21913835, 1.81733514, 3.83211547,\n        5.22417088],\n       [1.21172858, 1.2632913 , 0.21913919, 1.81734015, 3.83211655,\n        5.22416924],\n       [1.21173127, 1.26328447, 0.21914015, 1.81733626, 3.8321099 ,\n        5.22417277],\n       [1.21172687, 1.26328124, 0.21914643, 1.81733627, 3.83211723,\n        5.22416827],\n       [1.21173387, 1.2632866 , 0.2191464 , 1.81733353, 3.83211837,\n        5.22417067],\n       [1.2117315 , 1.26328115, 0.21914165, 1.81733606, 3.83210968,\n        5.22416429]]), array([0.40387827, 0.40387827, 0.40387827, 0.40387827, 0.40387827,\n       0.40387827, 0.40387827]))"}, "5": {"maxiter": 500, "fatol": 1e-05, "xatol": 1e-10, "duration": 0.10950112342834473, "fun": "0.4038782672990354", "nit": "356", "nfev": "638", "status": "0", "success": "True", "message": "Optimization terminated successfully.", "x": "[1.21172896 1.26328806 0.2191423  1.81733627 3.83211432 5.22417042]", "final_simplex": "(array([[1.21172896, 1.26328806, 0.2191423 , 1.81733627, 3.83211432,\n        5.22417042],\n       [1.21172896, 1.26328806, 0.2191423 , 1.81733627, 3.83211432,\n        5.22417042],\n       [1.21172896, 1.26328806, 0.2191423 , 1.81733627, 3.83211432,\n        5.22417042],\n       [1.21172896, 1.26328806, 0.2191423 , 1.81733627, 3.83211432,\n        5.22417042],\n       [1.21172896, 1.26328806, 0.2191423 , 1.81733627, 3.83211432,\n        5.22417042],\n       [1.21172896, 1.26328806, 0.2191423 , 1.81733627, 3.83211432,\n        5.22417042],\n       [1.21172896, 1.26328806, 0.2191423 , 1.81733627, 3.83211432,\n        5.22417042]]), array([0.40387827, 0.40387827, 0.40387827, 0.40387827, 0.40387827,\n       0.40387827, 0.40387827]))"}, "6": {"maxiter": 500, "fatol": 1e-10, "xatol": 1e-05, "duration": 0.07249307632446289, "fun": "0.4038782673014266", "nit": "259", "nfev": "423", "status": "0", "success": "True", "message": "Optimization terminated successfully.", "x": "[1.21172725 1.2632882  0.21914454 1.81733488 3.83211657 5.22416917]", "final_simplex": "(array([[1.21172725, 1.2632882 , 0.21914454, 1.81733488, 3.83211657,\n        5.22416917],\n       [1.21172859, 1.26328594, 0.21913835, 1.81733514, 3.83211547,\n        5.22417088],\n       [1.21172858, 1.2632913 , 0.21913919, 1.81734015, 3.83211655,\n        5.22416924],\n       [1.21173127, 1.26328447, 0.21914015, 1.81733626, 3.8321099 ,\n        5.22417277],\n       [1.21172687, 1.26328124, 0.21914643, 1.81733627, 3.83211723,\n        5.22416827],\n       [1.21173387, 1.2632866 , 0.2191464 , 1.81733353, 3.83211837,\n        5.22417067],\n       [1.2117315 , 1.26328115, 0.21914165, 1.81733606, 3.83210968,\n        5.22416429]]), array([0.40387827, 0.40387827, 0.40387827, 0.40387827, 0.40387827,\n       0.40387827, 0.40387827]))"}, "7": {"maxiter": 500, "fatol": 1e-10, "xatol": 1e-10, "duration": 0.11149406433105469, "fun": "0.4038782672990354", "nit": "356", "nfev": "638", "status": "0", "success": "True", "message": "Optimization terminated successfully.", "x": "[1.21172896 1.26328806 0.2191423  1.81733627 3.83211432 5.22417042]", "final_simplex": "(array([[1.21172896, 1.26328806, 0.2191423 , 1.81733627, 3.83211432,\n        5.22417042],\n       [1.21172896, 1.26328806, 0.2191423 , 1.81733627, 3.83211432,\n        5.22417042],\n       [1.21172896, 1.26328806, 0.2191423 , 1.81733627, 3.83211432,\n        5.22417042],\n       [1.21172896, 1.26328806, 0.2191423 , 1.81733627, 3.83211432,\n        5.22417042],\n       [1.21172896, 1.26328806, 0.2191423 , 1.81733627, 3.83211432,\n        5.22417042],\n       [1.21172896, 1.26328806, 0.2191423 , 1.81733627, 3.83211432,\n        5.22417042],\n       [1.21172896, 1.26328806, 0.2191423 , 1.81733627, 3.83211432,\n        5.22417042]]), array([0.40387827, 0.40387827, 0.40387827, 0.40387827, 0.40387827,\n       0.40387827, 0.40387827]))"}, "8": {"maxiter": 1000, "fatol": 1e-05, "xatol": 1e-05, "duration": 0.07337284088134766, "fun": "0.4038782673014266", "nit": "259", "nfev": "423", "status": "0", "success": "True", "message": "Optimization terminated successfully.", "x": "[1.21172725 1.2632882  0.21914454 1.81733488 3.83211657 5.22416917]", "final_simplex": "(array([[1.21172725, 1.2632882 , 0.21914454, 1.81733488, 3.83211657,\n        5.22416917],\n       [1.21172859, 1.26328594, 0.21913835, 1.81733514, 3.83211547,\n        5.22417088],\n       [1.21172858, 1.2632913 , 0.21913919, 1.81734015, 3.83211655,\n        5.22416924],\n       [1.21173127, 1.26328447, 0.21914015, 1.81733626, 3.8321099 ,\n        5.22417277],\n       [1.21172687, 1.26328124, 0.21914643, 1.81733627, 3.83211723,\n        5.22416827],\n       [1.21173387, 1.2632866 , 0.2191464 , 1.81733353, 3.83211837,\n        5.22417067],\n       [1.2117315 , 1.26328115, 0.21914165, 1.81733606, 3.83210968,\n        5.22416429]]), array([0.40387827, 0.40387827, 0.40387827, 0.40387827, 0.40387827,\n       0.40387827, 0.40387827]))"}, "9": {"maxiter": 1000, "fatol": 1e-05, "xatol": 1e-10, "duration": 0.1094050407409668, "fun": "0.4038782672990354", "nit": "356", "nfev": "638", "status": "0", "success": "True", "message": "Optimization terminated successfully.", "x": "[1.21172896 1.26328806 0.2191423  1.81733627 3.83211432 5.22417042]", "final_simplex": "(array([[1.21172896, 1.26328806, 0.2191423 , 1.81733627, 3.83211432,\n        5.22417042],\n       [1.21172896, 1.26328806, 0.2191423 , 1.81733627, 3.83211432,\n        5.22417042],\n       [1.21172896, 1.26328806, 0.2191423 , 1.81733627, 3.83211432,\n        5.22417042],\n       [1.21172896, 1.26328806, 0.2191423 , 1.81733627, 3.83211432,\n        5.22417042],\n       [1.21172896, 1.26328806, 0.2191423 , 1.81733627, 3.83211432,\n        5.22417042],\n       [1.21172896, 1.26328806, 0.2191423 , 1.81733627, 3.83211432,\n        5.22417042],\n       [1.21172896, 1.26328806, 0.2191423 , 1.81733627, 3.83211432,\n        5.22417042]]), array([0.40387827, 0.40387827, 0.40387827, 0.40387827, 0.40387827,\n       0.40387827, 0.40387827]))"}, "10": {"maxiter": 1000, "fatol": 1e-10, "xatol": 1e-05, "duration": 0.07584095001220703, "fun": "0.4038782673014266", "nit": "259", "nfev": "423", "status": "0", "success": "True", "message": "Optimization terminated successfully.", "x": "[1.21172725 1.2632882  0.21914454 1.81733488 3.83211657 5.22416917]", "final_simplex": "(array([[1.21172725, 1.2632882 , 0.21914454, 1.81733488, 3.83211657,\n        5.22416917],\n       [1.21172859, 1.26328594, 0.21913835, 1.81733514, 3.83211547,\n        5.22417088],\n       [1.21172858, 1.2632913 , 0.21913919, 1.81734015, 3.83211655,\n        5.22416924],\n       [1.21173127, 1.26328447, 0.21914015, 1.81733626, 3.8321099 ,\n        5.22417277],\n       [1.21172687, 1.26328124, 0.21914643, 1.81733627, 3.83211723,\n        5.22416827],\n       [1.21173387, 1.2632866 , 0.2191464 , 1.81733353, 3.83211837,\n        5.22417067],\n       [1.2117315 , 1.26328115, 0.21914165, 1.81733606, 3.83210968,\n        5.22416429]]), array([0.40387827, 0.40387827, 0.40387827, 0.40387827, 0.40387827,\n       0.40387827, 0.40387827]))"}, "11": {"maxiter": 1000, "fatol": 1e-10, "xatol": 1e-10, "duration": 0.10839724540710449, "fun": "0.4038782672990354", "nit": "356", "nfev": "638", "status": "0", "success": "True", "message": "Optimization terminated successfully.", "x": "[1.21172896 1.26328806 0.2191423  1.81733627 3.83211432 5.22417042]", "final_simplex": "(array([[1.21172896, 1.26328806, 0.2191423 , 1.81733627, 3.83211432,\n        5.22417042],\n       [1.21172896, 1.26328806, 0.2191423 , 1.81733627, 3.83211432,\n        5.22417042],\n       [1.21172896, 1.26328806, 0.2191423 , 1.81733627, 3.83211432,\n        5.22417042],\n       [1.21172896, 1.26328806, 0.2191423 , 1.81733627, 3.83211432,\n        5.22417042],\n       [1.21172896, 1.26328806, 0.2191423 , 1.81733627, 3.83211432,\n        5.22417042],\n       [1.21172896, 1.26328806, 0.2191423 , 1.81733627, 3.83211432,\n        5.22417042],\n       [1.21172896, 1.26328806, 0.2191423 , 1.81733627, 3.83211432,\n        5.22417042]]), array([0.40387827, 0.40387827, 0.40387827, 0.40387827, 0.40387827,\n       0.40387827, 0.40387827]))"}}, "bfgs": {"type": "gradient", "0": {"maxiter": 100, "gtol": 1e-05, "xrtol": 1e-05, "eps": 1e-05, "duration": 0.023141145706176758, "fun": "0.40387826743834443", "jac": "[ 4.91470198e-06  4.86370944e-06  1.47135637e-06 -4.95306018e-06\n  1.36185507e-06  1.53486113e-06]", "hess_inv": "[[ 2.7721907  -1.08256258  0.84483151  0.43589476 -1.29363114 -1.51764075]\n [-1.08256258  3.32918299 -1.20382157  1.0441115   0.24757864  0.1906083 ]\n [ 0.84483151 -1.20382157  3.82202763  0.06930928 -0.18337926 -0.69081742]\n [ 0.43589476  1.0441115   0.06930928  3.09922767  0.18220027 -0.13307271]\n [-1.29363114  0.24757864 -0.18337926  0.18220027  4.09383237  1.25565834]\n [-1.51764075  0.1906083  -0.69081742 -0.13307271  1.25565834  4.18262919]]", "nfev": "133", "njev": "19", "status": "0", "success": "True", "message": "Optimization terminated successfully.", "x": "[1.21174649 1.26330275 0.21913867 1.81730995 3.83211276 5.22417138]", "nit": "16"}, "1": {"maxiter": 100, "gtol": 1e-05, "xrtol": 1e-05, "eps": 1e-10, "duration": 0.024190902709960938, "fun": "0.4038782675144167", "jac": "[ 6.66133760e-06  6.66133760e-06  0.00000000e+00 -4.44089173e-06\n  4.44089173e-06  6.66133760e-06]", "hess_inv": "[[ 2.69690552 -1.09361259  0.6970921   0.33353993 -1.31689133 -1.50467179]\n [-1.09361259  3.33081964 -1.17296967  1.04182691  0.2201171   0.08839079]\n [ 0.6970921  -1.17296967  3.46014857 -0.14122801 -0.23705166 -0.64683477]\n [ 0.33353993  1.04182691 -0.14122801  2.93168074  0.10551563 -0.15892817]\n [-1.31689133  0.2201171  -0.23705166  0.10551563  4.11372792  1.32806405]\n [-1.50467179  0.08839079 -0.64683477 -0.15892817  1.32806405  4.42752512]]", "nfev": "133", "njev": "19", "status": "0", "success": "True", "message": "Optimization terminated successfully.", "x": "[1.21174694 1.26331148 0.21913537 1.81731129 3.83212491 5.22418876]", "nit": "16"}, "2": {"maxiter": 100, "gtol": 1e-05, "xrtol": 1e-10, "eps": 1e-05, "duration": 0.02325916290283203, "fun": "0.40387826743834443", "jac": "[ 4.91470198e-06  4.86370944e-06  1.47135637e-06 -4.95306018e-06\n  1.36185507e-06  1.53486113e-06]", "hess_inv": "[[ 2.7721907  -1.08256258  0.84483151  0.43589476 -1.29363114 -1.51764075]\n [-1.08256258  3.32918299 -1.20382157  1.0441115   0.24757864  0.1906083 ]\n [ 0.84483151 -1.20382157  3.82202763  0.06930928 -0.18337926 -0.69081742]\n [ 0.43589476  1.0441115   0.06930928  3.09922767  0.18220027 -0.13307271]\n [-1.29363114  0.24757864 -0.18337926  0.18220027  4.09383237  1.25565834]\n [-1.51764075  0.1906083  -0.69081742 -0.13307271  1.25565834  4.18262919]]", "nfev": "133", "njev": "19", "status": "0", "success": "True", "message": "Optimization terminated successfully.", "x": "[1.21174649 1.26330275 0.21913867 1.81730995 3.83211276 5.22417138]", "nit": "16"}, "3": {"maxiter": 100, "gtol": 1e-05, "xrtol": 1e-10, "eps": 1e-10, "duration": 0.023462295532226562, "fun": "0.4038782675144167", "jac": "[ 6.66133760e-06  6.66133760e-06  0.00000000e+00 -4.44089173e-06\n  4.44089173e-06  6.66133760e-06]", "hess_inv": "[[ 2.69690552 -1.09361259  0.6970921   0.33353993 -1.31689133 -1.50467179]\n [-1.09361259  3.33081964 -1.17296967  1.04182691  0.2201171   0.08839079]\n [ 0.6970921  -1.17296967  3.46014857 -0.14122801 -0.23705166 -0.64683477]\n [ 0.33353993  1.04182691 -0.14122801  2.93168074  0.10551563 -0.15892817]\n [-1.31689133  0.2201171  -0.23705166  0.10551563  4.11372792  1.32806405]\n [-1.50467179  0.08839079 -0.64683477 -0.15892817  1.32806405  4.42752512]]", "nfev": "133", "njev": "19", "status": "0", "success": "True", "message": "Optimization terminated successfully.", "x": "[1.21174694 1.26331148 0.21913537 1.81731129 3.83212491 5.22418876]", "nit": "16"}, "4": {"maxiter": 100, "gtol": 1e-10, "xrtol": 1e-05, "eps": 1e-05, "duration": 0.023346900939941406, "fun": "0.40387826743834443", "jac": "[ 4.91470198e-06  4.86370944e-06  1.47135637e-06 -4.95306018e-06\n  1.36185507e-06  1.53486113e-06]", "hess_inv": "[[ 2.7721907  -1.08256258  0.84483151  0.43589476 -1.29363114 -1.51764075]\n [-1.08256258  3.32918299 -1.20382157  1.0441115   0.24757864  0.1906083 ]\n [ 0.84483151 -1.20382157  3.82202763  0.06930928 -0.18337926 -0.69081742]\n [ 0.43589476  1.0441115   0.06930928  3.09922767  0.18220027 -0.13307271]\n [-1.29363114  0.24757864 -0.18337926  0.18220027  4.09383237  1.25565834]\n [-1.51764075  0.1906083  -0.69081742 -0.13307271  1.25565834  4.18262919]]", "nfev": "133", "njev": "19", "status": "0", "success": "True", "message": "Optimization terminated successfully.", "x": "[1.21174649 1.26330275 0.21913867 1.81730995 3.83211276 5.22417138]", "nit": "16"}, "5": {"maxiter": 100, "gtol": 1e-10, "xrtol": 1e-05, "eps": 1e-10, "duration": 0.023724079132080078, "fun": "0.4038782675144167", "jac": "[ 6.66133760e-06  6.66133760e-06  0.00000000e+00 -4.44089173e-06\n  4.44089173e-06  6.66133760e-06]", "hess_inv": "[[ 2.69690552 -1.09361259  0.6970921   0.33353993 -1.31689133 -1.50467179]\n [-1.09361259  3.33081964 -1.17296967  1.04182691  0.2201171   0.08839079]\n [ 0.6970921  -1.17296967  3.46014857 -0.14122801 -0.23705166 -0.64683477]\n [ 0.33353993  1.04182691 -0.14122801  2.93168074  0.10551563 -0.15892817]\n [-1.31689133  0.2201171  -0.23705166  0.10551563  4.11372792  1.32806405]\n [-1.50467179  0.08839079 -0.64683477 -0.15892817  1.32806405  4.42752512]]", "nfev": "133", "njev": "19", "status": "0", "success": "True", "message": "Optimization terminated successfully.", "x": "[1.21174694 1.26331148 0.21913537 1.81731129 3.83212491 5.22418876]", "nit": "16"}, "6": {"maxiter": 100, "gtol": 1e-10, "xrtol": 1e-10, "eps": 1e-05, "duration": 0.08002686500549316, "fun": "0.40387826731197596", "jac": "[ 1.38794531e-06  5.11257703e-08 -6.49724718e-07  3.09152703e-07\n  3.15758530e-07  9.92306237e-07]", "hess_inv": "[[ 3.93383845 -0.07649379  0.37568218 -0.32779761 -1.03197954 -0.93440404]\n [-0.07649379  4.19089795 -1.5356043   0.34199916  0.51315315  0.74188146]\n [ 0.37568218 -1.5356043   4.11076336  0.24168028 -0.33045442 -1.07649544]\n [-0.32779761  0.34199916  0.24168028  3.68827534  0.01979308 -0.4018151 ]\n [-1.03197954  0.51315315 -0.33045442  0.01979308  4.087018    1.25437013]\n [-0.93440404  0.74188146 -1.07649544 -0.4018151   1.25437013  4.23776665]]", "nfev": "459", "njev": "64", "status": "2", "success": "False", "message": "Desired error not necessarily achieved due to precision loss.", "x": "[1.21173058 1.26328467 0.21913646 1.81733251 3.83210945 5.22416807]", "nit": "20"}, "7": {"maxiter": 100, "gtol": 1e-10, "xrtol": 1e-10, "eps": 1e-10, "duration": 0.05145978927612305, "fun": "0.4038782673037943", "jac": "[ 1.11022293e-06  1.11022293e-06  0.00000000e+00  0.00000000e+00\n  1.11022293e-06 -1.11022293e-06]", "hess_inv": "[[ 2.60933483e+00 -3.10993030e-02  1.47845429e-01 -1.21657169e-01\n  -1.34207868e-01 -2.07889760e-01]\n [-3.10993030e-02  3.74821968e+00 -9.17327349e-01  3.24343815e-03\n  -2.78429449e-01 -4.70851174e-01]\n [ 1.47845429e-01 -9.17327349e-01  2.80887753e+00 -4.49237249e-01\n  -5.76991026e-01 -8.75913734e-01]\n [-1.21657169e-01  3.24343815e-03 -4.49237249e-01  2.94496436e+00\n  -1.64406669e-01 -9.92179188e-01]\n [-1.34207868e-01 -2.78429449e-01 -5.76991026e-01 -1.64406669e-01\n   1.87382862e+00 -4.96898409e-01]\n [-2.07889760e-01 -4.70851174e-01 -8.75913734e-01 -9.92179188e-01\n  -4.96898409e-01  2.30839064e+00]]", "nfev": "294", "njev": "42", "status": "0", "success": "True", "message": "Optimization terminated successfully.", "x": "[1.21173033 1.26328791 0.21913946 1.81733216 3.83211244 5.22416784]", "nit": "21"}, "8": {"maxiter": 500, "gtol": 1e-05, "xrtol": 1e-05, "eps": 1e-05, "duration": 0.023641109466552734, "fun": "0.40387826743834443", "jac": "[ 4.91470198e-06  4.86370944e-06  1.47135637e-06 -4.95306018e-06\n  1.36185507e-06  1.53486113e-06]", "hess_inv": "[[ 2.7721907  -1.08256258  0.84483151  0.43589476 -1.29363114 -1.51764075]\n [-1.08256258  3.32918299 -1.20382157  1.0441115   0.24757864  0.1906083 ]\n [ 0.84483151 -1.20382157  3.82202763  0.06930928 -0.18337926 -0.69081742]\n [ 0.43589476  1.0441115   0.06930928  3.09922767  0.18220027 -0.13307271]\n [-1.29363114  0.24757864 -0.18337926  0.18220027  4.09383237  1.25565834]\n [-1.51764075  0.1906083  -0.69081742 -0.13307271  1.25565834  4.18262919]]", "nfev": "133", "njev": "19", "status": "0", "success": "True", "message": "Optimization terminated successfully.", "x": "[1.21174649 1.26330275 0.21913867 1.81730995 3.83211276 5.22417138]", "nit": "16"}, "9": {"maxiter": 500, "gtol": 1e-05, "xrtol": 1e-05, "eps": 1e-10, "duration": 0.023972749710083008, "fun": "0.4038782675144167", "jac": "[ 6.66133760e-06  6.66133760e-06  0.00000000e+00 -4.44089173e-06\n  4.44089173e-06  6.66133760e-06]", "hess_inv": "[[ 2.69690552 -1.09361259  0.6970921   0.33353993 -1.31689133 -1.50467179]\n [-1.09361259  3.33081964 -1.17296967  1.04182691  0.2201171   0.08839079]\n [ 0.6970921  -1.17296967  3.46014857 -0.14122801 -0.23705166 -0.64683477]\n [ 0.33353993  1.04182691 -0.14122801  2.93168074  0.10551563 -0.15892817]\n [-1.31689133  0.2201171  -0.23705166  0.10551563  4.11372792  1.32806405]\n [-1.50467179  0.08839079 -0.64683477 -0.15892817  1.32806405  4.42752512]]", "nfev": "133", "njev": "19", "status": "0", "success": "True", "message": "Optimization terminated successfully.", "x": "[1.21174694 1.26331148 0.21913537 1.81731129 3.83212491 5.22418876]", "nit": "16"}, "10": {"maxiter": 500, "gtol": 1e-05, "xrtol": 1e-10, "eps": 1e-05, "duration": 0.02472209930419922, "fun": "0.40387826743834443", "jac": "[ 4.91470198e-06  4.86370944e-06  1.47135637e-06 -4.95306018e-06\n  1.36185507e-06  1.53486113e-06]", "hess_inv": "[[ 2.7721907  -1.08256258  0.84483151  0.43589476 -1.29363114 -1.51764075]\n [-1.08256258  3.32918299 -1.20382157  1.0441115   0.24757864  0.1906083 ]\n [ 0.84483151 -1.20382157  3.82202763  0.06930928 -0.18337926 -0.69081742]\n [ 0.43589476  1.0441115   0.06930928  3.09922767  0.18220027 -0.13307271]\n [-1.29363114  0.24757864 -0.18337926  0.18220027  4.09383237  1.25565834]\n [-1.51764075  0.1906083  -0.69081742 -0.13307271  1.25565834  4.18262919]]", "nfev": "133", "njev": "19", "status": "0", "success": "True", "message": "Optimization terminated successfully.", "x": "[1.21174649 1.26330275 0.21913867 1.81730995 3.83211276 5.22417138]", "nit": "16"}, "11": {"maxiter": 500, "gtol": 1e-05, "xrtol": 1e-10, "eps": 1e-10, "duration": 0.02329397201538086, "fun": "0.4038782675144167", "jac": "[ 6.66133760e-06  6.66133760e-06  0.00000000e+00 -4.44089173e-06\n  4.44089173e-06  6.66133760e-06]", "hess_inv": "[[ 2.69690552 -1.09361259  0.6970921   0.33353993 -1.31689133 -1.50467179]\n [-1.09361259  3.33081964 -1.17296967  1.04182691  0.2201171   0.08839079]\n [ 0.6970921  -1.17296967  3.46014857 -0.14122801 -0.23705166 -0.64683477]\n [ 0.33353993  1.04182691 -0.14122801  2.93168074  0.10551563 -0.15892817]\n [-1.31689133  0.2201171  -0.23705166  0.10551563  4.11372792  1.32806405]\n [-1.50467179  0.08839079 -0.64683477 -0.15892817  1.32806405  4.42752512]]", "nfev": "133", "njev": "19", "status": "0", "success": "True", "message": "Optimization terminated successfully.", "x": "[1.21174694 1.26331148 0.21913537 1.81731129 3.83212491 5.22418876]", "nit": "16"}, "12": {"maxiter": 500, "gtol": 1e-10, "xrtol": 1e-05, "eps": 1e-05, "duration": 0.023108243942260742, "fun": "0.40387826743834443", "jac": "[ 4.91470198e-06  4.86370944e-06  1.47135637e-06 -4.95306018e-06\n  1.36185507e-06  1.53486113e-06]", "hess_inv": "[[ 2.7721907  -1.08256258  0.84483151  0.43589476 -1.29363114 -1.51764075]\n [-1.08256258  3.32918299 -1.20382157  1.0441115   0.24757864  0.1906083 ]\n [ 0.84483151 -1.20382157  3.82202763  0.06930928 -0.18337926 -0.69081742]\n [ 0.43589476  1.0441115   0.06930928  3.09922767  0.18220027 -0.13307271]\n [-1.29363114  0.24757864 -0.18337926  0.18220027  4.09383237  1.25565834]\n [-1.51764075  0.1906083  -0.69081742 -0.13307271  1.25565834  4.18262919]]", "nfev": "133", "njev": "19", "status": "0", "success": "True", "message": "Optimization terminated successfully.", "x": "[1.21174649 1.26330275 0.21913867 1.81730995 3.83211276 5.22417138]", "nit": "16"}, "13": {"maxiter": 500, "gtol": 1e-10, "xrtol": 1e-05, "eps": 1e-10, "duration": 0.02344512939453125, "fun": "0.4038782675144167", "jac": "[ 6.66133760e-06  6.66133760e-06  0.00000000e+00 -4.44089173e-06\n  4.44089173e-06  6.66133760e-06]", "hess_inv": "[[ 2.69690552 -1.09361259  0.6970921   0.33353993 -1.31689133 -1.50467179]\n [-1.09361259  3.33081964 -1.17296967  1.04182691  0.2201171   0.08839079]\n [ 0.6970921  -1.17296967  3.46014857 -0.14122801 -0.23705166 -0.64683477]\n [ 0.33353993  1.04182691 -0.14122801  2.93168074  0.10551563 -0.15892817]\n [-1.31689133  0.2201171  -0.23705166  0.10551563  4.11372792  1.32806405]\n [-1.50467179  0.08839079 -0.64683477 -0.15892817  1.32806405  4.42752512]]", "nfev": "133", "njev": "19", "status": "0", "success": "True", "message": "Optimization terminated successfully.", "x": "[1.21174694 1.26331148 0.21913537 1.81731129 3.83212491 5.22418876]", "nit": "16"}, "14": {"maxiter": 500, "gtol": 1e-10, "xrtol": 1e-10, "eps": 1e-05, "duration": 0.07977795600891113, "fun": "0.40387826731197596", "jac": "[ 1.38794531e-06  5.11257703e-08 -6.49724718e-07  3.09152703e-07\n  3.15758530e-07  9.92306237e-07]", "hess_inv": "[[ 3.93383845 -0.07649379  0.37568218 -0.32779761 -1.03197954 -0.93440404]\n [-0.07649379  4.19089795 -1.5356043   0.34199916  0.51315315  0.74188146]\n [ 0.37568218 -1.5356043   4.11076336  0.24168028 -0.33045442 -1.07649544]\n [-0.32779761  0.34199916  0.24168028  3.68827534  0.01979308 -0.4018151 ]\n [-1.03197954  0.51315315 -0.33045442  0.01979308  4.087018    1.25437013]\n [-0.93440404  0.74188146 -1.07649544 -0.4018151   1.25437013  4.23776665]]", "nfev": "459", "njev": "64", "status": "2", "success": "False", "message": "Desired error not necessarily achieved due to precision loss.", "x": "[1.21173058 1.26328467 0.21913646 1.81733251 3.83210945 5.22416807]", "nit": "20"}, "15": {"maxiter": 500, "gtol": 1e-10, "xrtol": 1e-10, "eps": 1e-10, "duration": 0.05058407783508301, "fun": "0.4038782673037943", "jac": "[ 1.11022293e-06  1.11022293e-06  0.00000000e+00  0.00000000e+00\n  1.11022293e-06 -1.11022293e-06]", "hess_inv": "[[ 2.60933483e+00 -3.10993030e-02  1.47845429e-01 -1.21657169e-01\n  -1.34207868e-01 -2.07889760e-01]\n [-3.10993030e-02  3.74821968e+00 -9.17327349e-01  3.24343815e-03\n  -2.78429449e-01 -4.70851174e-01]\n [ 1.47845429e-01 -9.17327349e-01  2.80887753e+00 -4.49237249e-01\n  -5.76991026e-01 -8.75913734e-01]\n [-1.21657169e-01  3.24343815e-03 -4.49237249e-01  2.94496436e+00\n  -1.64406669e-01 -9.92179188e-01]\n [-1.34207868e-01 -2.78429449e-01 -5.76991026e-01 -1.64406669e-01\n   1.87382862e+00 -4.96898409e-01]\n [-2.07889760e-01 -4.70851174e-01 -8.75913734e-01 -9.92179188e-01\n  -4.96898409e-01  2.30839064e+00]]", "nfev": "294", "njev": "42", "status": "0", "success": "True", "message": "Optimization terminated successfully.", "x": "[1.21173033 1.26328791 0.21913946 1.81733216 3.83211244 5.22416784]", "nit": "21"}, "16": {"maxiter": 1000, "gtol": 1e-05, "xrtol": 1e-05, "eps": 1e-05, "duration": 0.02295708656311035, "fun": "0.40387826743834443", "jac": "[ 4.91470198e-06  4.86370944e-06  1.47135637e-06 -4.95306018e-06\n  1.36185507e-06  1.53486113e-06]", "hess_inv": "[[ 2.7721907  -1.08256258  0.84483151  0.43589476 -1.29363114 -1.51764075]\n [-1.08256258  3.32918299 -1.20382157  1.0441115   0.24757864  0.1906083 ]\n [ 0.84483151 -1.20382157  3.82202763  0.06930928 -0.18337926 -0.69081742]\n [ 0.43589476  1.0441115   0.06930928  3.09922767  0.18220027 -0.13307271]\n [-1.29363114  0.24757864 -0.18337926  0.18220027  4.09383237  1.25565834]\n [-1.51764075  0.1906083  -0.69081742 -0.13307271  1.25565834  4.18262919]]", "nfev": "133", "njev": "19", "status": "0", "success": "True", "message": "Optimization terminated successfully.", "x": "[1.21174649 1.26330275 0.21913867 1.81730995 3.83211276 5.22417138]", "nit": "16"}, "17": {"maxiter": 1000, "gtol": 1e-05, "xrtol": 1e-05, "eps": 1e-10, "duration": 0.02311086654663086, "fun": "0.4038782675144167", "jac": "[ 6.66133760e-06  6.66133760e-06  0.00000000e+00 -4.44089173e-06\n  4.44089173e-06  6.66133760e-06]", "hess_inv": "[[ 2.69690552 -1.09361259  0.6970921   0.33353993 -1.31689133 -1.50467179]\n [-1.09361259  3.33081964 -1.17296967  1.04182691  0.2201171   0.08839079]\n [ 0.6970921  -1.17296967  3.46014857 -0.14122801 -0.23705166 -0.64683477]\n [ 0.33353993  1.04182691 -0.14122801  2.93168074  0.10551563 -0.15892817]\n [-1.31689133  0.2201171  -0.23705166  0.10551563  4.11372792  1.32806405]\n [-1.50467179  0.08839079 -0.64683477 -0.15892817  1.32806405  4.42752512]]", "nfev": "133", "njev": "19", "status": "0", "success": "True", "message": "Optimization terminated successfully.", "x": "[1.21174694 1.26331148 0.21913537 1.81731129 3.83212491 5.22418876]", "nit": "16"}, "18": {"maxiter": 1000, "gtol": 1e-05, "xrtol": 1e-10, "eps": 1e-05, "duration": 0.023094892501831055, "fun": "0.40387826743834443", "jac": "[ 4.91470198e-06  4.86370944e-06  1.47135637e-06 -4.95306018e-06\n  1.36185507e-06  1.53486113e-06]", "hess_inv": "[[ 2.7721907  -1.08256258  0.84483151  0.43589476 -1.29363114 -1.51764075]\n [-1.08256258  3.32918299 -1.20382157  1.0441115   0.24757864  0.1906083 ]\n [ 0.84483151 -1.20382157  3.82202763  0.06930928 -0.18337926 -0.69081742]\n [ 0.43589476  1.0441115   0.06930928  3.09922767  0.18220027 -0.13307271]\n [-1.29363114  0.24757864 -0.18337926  0.18220027  4.09383237  1.25565834]\n [-1.51764075  0.1906083  -0.69081742 -0.13307271  1.25565834  4.18262919]]", "nfev": "133", "njev": "19", "status": "0", "success": "True", "message": "Optimization terminated successfully.", "x": "[1.21174649 1.26330275 0.21913867 1.81730995 3.83211276 5.22417138]", "nit": "16"}, "19": {"maxiter": 1000, "gtol": 1e-05, "xrtol": 1e-10, "eps": 1e-10, "duration": 0.023225784301757812, "fun": "0.4038782675144167", "jac": "[ 6.66133760e-06  6.66133760e-06  0.00000000e+00 -4.44089173e-06\n  4.44089173e-06  6.66133760e-06]", "hess_inv": "[[ 2.69690552 -1.09361259  0.6970921   0.33353993 -1.31689133 -1.50467179]\n [-1.09361259  3.33081964 -1.17296967  1.04182691  0.2201171   0.08839079]\n [ 0.6970921  -1.17296967  3.46014857 -0.14122801 -0.23705166 -0.64683477]\n [ 0.33353993  1.04182691 -0.14122801  2.93168074  0.10551563 -0.15892817]\n [-1.31689133  0.2201171  -0.23705166  0.10551563  4.11372792  1.32806405]\n [-1.50467179  0.08839079 -0.64683477 -0.15892817  1.32806405  4.42752512]]", "nfev": "133", "njev": "19", "status": "0", "success": "True", "message": "Optimization terminated successfully.", "x": "[1.21174694 1.26331148 0.21913537 1.81731129 3.83212491 5.22418876]", "nit": "16"}, "20": {"maxiter": 1000, "gtol": 1e-10, "xrtol": 1e-05, "eps": 1e-05, "duration": 0.02444911003112793, "fun": "0.40387826743834443", "jac": "[ 4.91470198e-06  4.86370944e-06  1.47135637e-06 -4.95306018e-06\n  1.36185507e-06  1.53486113e-06]", "hess_inv": "[[ 2.7721907  -1.08256258  0.84483151  0.43589476 -1.29363114 -1.51764075]\n [-1.08256258  3.32918299 -1.20382157  1.0441115   0.24757864  0.1906083 ]\n [ 0.84483151 -1.20382157  3.82202763  0.06930928 -0.18337926 -0.69081742]\n [ 0.43589476  1.0441115   0.06930928  3.09922767  0.18220027 -0.13307271]\n [-1.29363114  0.24757864 -0.18337926  0.18220027  4.09383237  1.25565834]\n [-1.51764075  0.1906083  -0.69081742 -0.13307271  1.25565834  4.18262919]]", "nfev": "133", "njev": "19", "status": "0", "success": "True", "message": "Optimization terminated successfully.", "x": "[1.21174649 1.26330275 0.21913867 1.81730995 3.83211276 5.22417138]", "nit": "16"}, "21": {"maxiter": 1000, "gtol": 1e-10, "xrtol": 1e-05, "eps": 1e-10, "duration": 0.023625850677490234, "fun": "0.4038782675144167", "jac": "[ 6.66133760e-06  6.66133760e-06  0.00000000e+00 -4.44089173e-06\n  4.44089173e-06  6.66133760e-06]", "hess_inv": "[[ 2.69690552 -1.09361259  0.6970921   0.33353993 -1.31689133 -1.50467179]\n [-1.09361259  3.33081964 -1.17296967  1.04182691  0.2201171   0.08839079]\n [ 0.6970921  -1.17296967  3.46014857 -0.14122801 -0.23705166 -0.64683477]\n [ 0.33353993  1.04182691 -0.14122801  2.93168074  0.10551563 -0.15892817]\n [-1.31689133  0.2201171  -0.23705166  0.10551563  4.11372792  1.32806405]\n [-1.50467179  0.08839079 -0.64683477 -0.15892817  1.32806405  4.42752512]]", "nfev": "133", "njev": "19", "status": "0", "success": "True", "message": "Optimization terminated successfully.", "x": "[1.21174694 1.26331148 0.21913537 1.81731129 3.83212491 5.22418876]", "nit": "16"}, "22": {"maxiter": 1000, "gtol": 1e-10, "xrtol": 1e-10, "eps": 1e-05, "duration": 0.07966995239257812, "fun": "0.40387826731197596", "jac": "[ 1.38794531e-06  5.11257703e-08 -6.49724718e-07  3.09152703e-07\n  3.15758530e-07  9.92306237e-07]", "hess_inv": "[[ 3.93383845 -0.07649379  0.37568218 -0.32779761 -1.03197954 -0.93440404]\n [-0.07649379  4.19089795 -1.5356043   0.34199916  0.51315315  0.74188146]\n [ 0.37568218 -1.5356043   4.11076336  0.24168028 -0.33045442 -1.07649544]\n [-0.32779761  0.34199916  0.24168028  3.68827534  0.01979308 -0.4018151 ]\n [-1.03197954  0.51315315 -0.33045442  0.01979308  4.087018    1.25437013]\n [-0.93440404  0.74188146 -1.07649544 -0.4018151   1.25437013  4.23776665]]", "nfev": "459", "njev": "64", "status": "2", "success": "False", "message": "Desired error not necessarily achieved due to precision loss.", "x": "[1.21173058 1.26328467 0.21913646 1.81733251 3.83210945 5.22416807]", "nit": "20"}, "23": {"maxiter": 1000, "gtol": 1e-10, "xrtol": 1e-10, "eps": 1e-10, "duration": 0.05269289016723633, "fun": "0.4038782673037943", "jac": "[ 1.11022293e-06  1.11022293e-06  0.00000000e+00  0.00000000e+00\n  1.11022293e-06 -1.11022293e-06]", "hess_inv": "[[ 2.60933483e+00 -3.10993030e-02  1.47845429e-01 -1.21657169e-01\n  -1.34207868e-01 -2.07889760e-01]\n [-3.10993030e-02  3.74821968e+00 -9.17327349e-01  3.24343815e-03\n  -2.78429449e-01 -4.70851174e-01]\n [ 1.47845429e-01 -9.17327349e-01  2.80887753e+00 -4.49237249e-01\n  -5.76991026e-01 -8.75913734e-01]\n [-1.21657169e-01  3.24343815e-03 -4.49237249e-01  2.94496436e+00\n  -1.64406669e-01 -9.92179188e-01]\n [-1.34207868e-01 -2.78429449e-01 -5.76991026e-01 -1.64406669e-01\n   1.87382862e+00 -4.96898409e-01]\n [-2.07889760e-01 -4.70851174e-01 -8.75913734e-01 -9.92179188e-01\n  -4.96898409e-01  2.30839064e+00]]", "nfev": "294", "njev": "42", "status": "0", "success": "True", "message": "Optimization terminated successfully.", "x": "[1.21173033 1.26328791 0.21913946 1.81733216 3.83211244 5.22416784]", "nit": "21"}}, "cobyla": {"0": {"maxiter": 100, "tol": 1e-05, "catol": 1e-05, "duration": 0.01692795753479004, "x": "[1.21201657 1.26313461 0.21937393 1.81705188 3.83177693 5.22351584]", "status": "2", "success": "False", "message": "Maximum number of function evaluations has been exceeded.", "nfev": "100", "fun": "0.4038783332297299", "maxcv": "0.0"}, "1": {"maxiter": 100, "tol": 1e-05, "catol": 1e-10, "duration": 0.016616344451904297, "x": "[1.21201657 1.26313461 0.21937393 1.81705188 3.83177693 5.22351584]", "status": "2", "success": "False", "message": "Maximum number of function evaluations has been exceeded.", "nfev": "100", "fun": "0.4038783332297299", "maxcv": "0.0"}, "2": {"maxiter": 100, "tol": 1e-10, "catol": 1e-05, "duration": 0.016674041748046875, "x": "[1.21201657 1.26313461 0.21937393 1.81705188 3.83177693 5.22351584]", "status": "2", "success": "False", "message": "Maximum number of function evaluations has been exceeded.", "nfev": "100", "fun": "0.4038783332297299", "maxcv": "0.0"}, "3": {"maxiter": 100, "tol": 1e-10, "catol": 1e-10, "duration": 0.016878128051757812, "x": "[1.21201657 1.26313461 0.21937393 1.81705188 3.83177693 5.22351584]", "status": "2", "success": "False", "message": "Maximum number of function evaluations has been exceeded.", "nfev": "100", "fun": "0.4038783332297299", "maxcv": "0.0"}, "4": {"maxiter": 500, "tol": 1e-05, "catol": 1e-05, "duration": 0.024571895599365234, "x": "[1.21172746 1.26328829 0.21913416 1.81733894 3.8321228  5.22417169]", "status": "1", "success": "True", "message": "Optimization terminated successfully.", "nfev": "147", "fun": "0.40387826731726706", "maxcv": "0.0"}, "5": {"maxiter": 500, "tol": 1e-05, "catol": 1e-10, "duration": 0.02422785758972168, "x": "[1.21172746 1.26328829 0.21913416 1.81733894 3.8321228  5.22417169]", "status": "1", "success": "True", "message": "Optimization terminated successfully.", "nfev": "147", "fun": "0.40387826731726706", "maxcv": "0.0"}, "6": {"maxiter": 500, "tol": 1e-10, "catol": 1e-05, "duration": 0.042669057846069336, "x": "[1.21172894 1.26328808 0.21914224 1.81733628 3.83211432 5.22417042]", "status": "1", "success": "True", "message": "Optimization terminated successfully.", "nfev": "242", "fun": "0.40387826729903564", "maxcv": "0.0"}, "7": {"maxiter": 500, "tol": 1e-10, "catol": 1e-10, "duration": 0.040110111236572266, "x": "[1.21172894 1.26328808 0.21914224 1.81733628 3.83211432 5.22417042]", "status": "1", "success": "True", "message": "Optimization terminated successfully.", "nfev": "242", "fun": "0.40387826729903564", "maxcv": "0.0"}, "8": {"maxiter": 1000, "tol": 1e-05, "catol": 1e-05, "duration": 0.02482318878173828, "x": "[1.21172746 1.26328829 0.21913416 1.81733894 3.