{"date": "2024/07/18/, 22:31:50", "conf_id": 90, "data_type": "orthogonal\n", "num_data_points": 1, "s_rank": 0, "unitary": "[[-0.45070455-0.02711853j,0.78437395-0.06613086j,0.06358678+0.19963393j,-0.07343613+0.35668523j],[-0.01890143-0.03813363j,0.32408202+0.25557629j,0.05872864-0.68979805j,0.55466693-0.20227297j],[-0.11215405+0.64023111j,-0.13344055+0.29565494j,-0.49012687-0.19046288j,-0.04241254+0.44046348j],[0.55771659+0.24656916j,0.31851997-0.05798805j,0.28761525-0.34294258j,-0.56718418+0.03616933j]]", "databatch_0": {"databatch": "[[[-0.23339966+0.08343417j,0.04910722+0.13058535j,-0.05925892-0.15535047j,0.13779905+0.29626688j],[-0.28366139-0.15840514j,-0.07466257+0.3133642j,0.1802267-0.11644199j,-0.05661925+0.07385555j],[-0.15497941+0.04753901j,0.19565434+0.17795333j,0.01577265-0.12985824j,0.25121959+0.06250005j],[-0.38540233+0.19923599j,0.13873473+0.11168085j,-0.13094024-0.23959596j,0.16274918+0.13898951j]]]", "initial param values": "[2.20438771,0.80064207,5.03532986,4.77107432,4.39324189,1.2655705]", "nelder_mead": {"type": "gradient-free", "0": {"maxiter": 100, "fatol": 1e-05, "xatol": 1e-05, "duration": 0.027145862579345703, "fun": "0.45401720453976857", "nit": "100", "nfev": "158", "status": "2", "success": "False", "message": "Maximum number of iterations has been exceeded.", "x": "[3.59697974 1.21709515 2.5120846  3.74071827 3.81958773 1.70000399]", "final_simplex": "(array([[3.59697974, 1.21709515, 2.5120846 , 3.74071827, 3.81958773,\n        1.70000399],\n       [3.75625282, 1.29462045, 2.16553444, 3.81111398, 3.59028358,\n        1.71552801],\n       [3.68316455, 1.27219728, 2.32584951, 3.96777205, 3.63213292,\n        1.65388163],\n       [3.8449668 , 1.33664333, 2.05186725, 3.75548615, 3.45785187,\n        1.7393682 ],\n       [3.27650241, 1.1496501 , 2.74156004, 4.04133154, 4.01576629,\n        1.58092157],\n       [3.73632008, 1.29892557, 2.25163066, 3.96316399, 3.52588258,\n        1.64482306],\n       [3.58173176, 1.2503688 , 2.44261964, 4.04178757, 3.72645061,\n        1.59362655]]), array([0.4540172 , 0.48635496, 0.49200786, 0.49346675, 0.493709  ,\n       0.49705377, 0.49977975]))"}, "1": {"maxiter": 100, "fatol": 1e-05, "xatol": 1e-10, "duration": 0.0272519588470459, "fun": "0.45401720453976857", "nit": "100", "nfev": "158", "status": "2", "success": "False", "message": "Maximum number of iterations has been exceeded.", "x": "[3.59697974 1.21709515 2.5120846  3.74071827 3.81958773 1.70000399]", "final_simplex": "(array([[3.59697974, 1.21709515, 2.5120846 , 3.74071827, 3.81958773,\n        1.70000399],\n       [3.75625282, 1.29462045, 2.16553444, 3.81111398, 3.59028358,\n        1.71552801],\n       [3.68316455, 1.27219728, 2.32584951, 3.96777205, 3.63213292,\n        1.65388163],\n       [3.8449668 , 1.33664333, 2.05186725, 3.75548615, 3.45785187,\n        1.7393682 ],\n       [3.27650241, 1.1496501 , 2.74156004, 4.04133154, 4.01576629,\n        1.58092157],\n       [3.73632008, 1.29892557, 2.25163066, 3.96316399, 3.52588258,\n        1.64482306],\n       [3.58173176, 1.2503688 , 2.44261964, 4.04178757, 3.72645061,\n        1.59362655]]), array([0.4540172 , 0.48635496, 0.49200786, 0.49346675, 0.493709  ,\n       0.49705377, 0.49977975]))"}, "2": {"maxiter": 100, "fatol": 1e-10, "xatol": 1e-05, "duration": 0.027117013931274414, "fun": "0.45401720453976857", "nit": "100", "nfev": "158", "status": "2", "success": "False", "message": "Maximum number of iterations has been exceeded.", "x": "[3.59697974 1.21709515 2.5120846  3.74071827 3.81958773 1.70000399]", "final_simplex": "(array([[3.59697974, 1.21709515, 2.5120846 , 3.74071827, 3.81958773,\n        1.70000399],\n       [3.75625282, 1.29462045, 2.16553444, 3.81111398, 3.59028358,\n        1.71552801],\n       [3.68316455, 1.27219728, 2.32584951, 3.96777205, 3.63213292,\n        1.65388163],\n       [3.8449668 , 1.33664333, 2.05186725, 3.75548615, 3.45785187,\n        1.7393682 ],\n       [3.27650241, 1.1496501 , 2.74156004, 4.04133154, 4.01576629,\n        1.58092157],\n       [3.73632008, 1.29892557, 2.25163066, 3.96316399, 3.52588258,\n        1.64482306],\n       [3.58173176, 1.2503688 , 2.44261964, 4.04178757, 3.72645061,\n        1.59362655]]), array([0.4540172 , 0.48635496, 0.49200786, 0.49346675, 0.493709  ,\n       0.49705377, 0.49977975]))"}, "3": {"maxiter": 100, "fatol": 1e-10, "xatol": 1e-10, "duration": 0.027086973190307617, "fun": "0.45401720453976857", "nit": "100", "nfev": "158", "status": "2", "success": "False", "message": "Maximum number of iterations has been exceeded.", "x": "[3.59697974 1.21709515 2.5120846  3.74071827 3.81958773 1.70000399]", "final_simplex": "(array([[3.59697974, 1.21709515, 2.5120846 , 3.74071827, 3.81958773,\n        1.70000399],\n       [3.75625282, 1.29462045, 2.16553444, 3.81111398, 3.59028358,\n        1.71552801],\n       [3.68316455, 1.27219728, 2.32584951, 3.96777205, 3.63213292,\n        1.65388163],\n       [3.8449668 , 1.33664333, 2.05186725, 3.75548615, 3.45785187,\n        1.7393682 ],\n       [3.27650241, 1.1496501 , 2.74156004, 4.04133154, 4.01576629,\n        1.58092157],\n       [3.73632008, 1.29892557, 2.25163066, 3.96316399, 3.52588258,\n        1.64482306],\n       [3.58173176, 1.2503688 , 2.44261964, 4.04178757, 3.72645061,\n        1.59362655]]), array([0.4540172 , 0.48635496, 0.49200786, 0.49346675, 0.493709  ,\n       0.49705377, 0.49977975]))"}, "4": {"maxiter": 500, "fatol": 1e-05, "xatol": 1e-05, "duration": 0.1311032772064209, "fun": "0.23104158653998974", "nit": "500", "nfev": "767", "status": "2", "success": "False", "message": "Maximum number of iterations has been exceeded.", "x": "[ 4.51868553  3.73981338  3.84565675  1.99185043 -1.24921096 -1.35457501]", "final_simplex": "(array([[ 4.51868553,  3.73981338,  3.84565675,  1.99185043, -1.24921096,\n        -1.35457501],\n       [ 4.51932362,  3.74091986,  3.84534918,  1.99097186, -1.24986713,\n        -1.35511137],\n       [ 4.51940019,  3.74052783,  3.84517655,  1.99170291, -1.25008525,\n        -1.35439423],\n       [ 4.51922712,  3.74053587,  3.8453531 ,  1.99161303, -1.24904548,\n        -1.35449368],\n       [ 4.51982558,  3.7401809 ,  3.84518985,  1.99191558, -1.24990256,\n        -1.35457104],\n       [ 4.52004889,  3.73954462,  3.84500721,  1.99169905, -1.24970491,\n        -1.35432444],\n       [ 4.51756003,  3.73828473,  3.8446237 ,  1.99394086, -1.24870816,\n        -1.35515091]]), array([0.23104159, 0.2310416 , 0.2310416 , 0.2310416 , 0.23104162,\n       0.23104165, 0.23104166]))"}, "5": {"maxiter": 500, "fatol": 1e-05, "xatol": 1e-10, "duration": 0.1312413215637207, "fun": "0.23104158653998974", "nit": "500", "nfev": "767", "status": "2", "success": "False", "message": "Maximum number of iterations has been exceeded.", "x": "[ 4.51868553  3.73981338  3.84565675  1.99185043 -1.24921096 -1.35457501]", "final_simplex": "(array([[ 4.51868553,  3.73981338,  3.84565675,  1.99185043, -1.24921096,\n        -1.35457501],\n       [ 4.51932362,  3.74091986,  3.84534918,  1.99097186, -1.24986713,\n        -1.35511137],\n       [ 4.51940019,  3.74052783,  3.84517655,  1.99170291, -1.25008525,\n        -1.35439423],\n       [ 4.51922712,  3.74053587,  3.8453531 ,  1.99161303, -1.24904548,\n        -1.35449368],\n       [ 4.51982558,  3.7401809 ,  3.84518985,  1.99191558, -1.24990256,\n        -1.35457104],\n       [ 4.52004889,  3.73954462,  3.84500721,  1.99169905, -1.24970491,\n        -1.35432444],\n       [ 4.51756003,  3.73828473,  3.8446237 ,  1.99394086, -1.24870816,\n        -1.35515091]]), array([0.23104159, 0.2310416 , 0.2310416 , 0.2310416 , 0.23104162,\n       0.23104165, 0.23104166]))"}, "6": {"maxiter": 500, "fatol": 1e-10, "xatol": 1e-05, "duration": 0.13208508491516113, "fun": "0.23104158653998974", "nit": "500", "nfev": "767", "status": "2", "success": "False", "message": "Maximum number of iterations has been exceeded.", "x": "[ 4.51868553  3.73981338  3.84565675  1.99185043 -1.24921096 -1.35457501]", "final_simplex": "(array([[ 4.51868553,  3.73981338,  3.84565675,  1.99185043, -1.24921096,\n        -1.35457501],\n       [ 4.51932362,  3.74091986,  3.84534918,  1.99097186, -1.24986713,\n        -1.35511137],\n       [ 4.51940019,  3.74052783,  3.84517655,  1.99170291, -1.25008525,\n        -1.35439423],\n       [ 4.51922712,  3.74053587,  3.8453531 ,  1.99161303, -1.24904548,\n        -1.35449368],\n       [ 4.51982558,  3.7401809 ,  3.84518985,  1.99191558, -1.24990256,\n        -1.35457104],\n       [ 4.52004889,  3.73954462,  3.84500721,  1.99169905, -1.24970491,\n        -1.35432444],\n       [ 4.51756003,  3.73828473,  3.8446237 ,  1.99394086, -1.24870816,\n        -1.35515091]]), array([0.23104159, 0.2310416 , 0.2310416 , 0.2310416 , 0.23104162,\n       0.23104165, 0.23104166]))"}, "7": {"maxiter": 500, "fatol": 1e-10, "xatol": 1e-10, "duration": 0.13110876083374023, "fun": "0.23104158653998974", "nit": "500", "nfev": "767", "status": "2", "success": "False", "message": "Maximum number of iterations has been exceeded.", "x": "[ 4.51868553  3.73981338  3.84565675  1.99185043 -1.24921096 -1.35457501]", "final_simplex": "(array([[ 4.51868553,  3.73981338,  3.84565675,  1.99185043, -1.24921096,\n        -1.35457501],\n       [ 4.51932362,  3.74091986,  3.84534918,  1.99097186, -1.24986713,\n        -1.35511137],\n       [ 4.51940019,  3.74052783,  3.84517655,  1.99170291, -1.25008525,\n        -1.35439423],\n       [ 4.51922712,  3.74053587,  3.8453531 ,  1.99161303, -1.24904548,\n        -1.35449368],\n       [ 4.51982558,  3.7401809 ,  3.84518985,  1.99191558, -1.24990256,\n        -1.35457104],\n       [ 4.52004889,  3.73954462,  3.84500721,  1.99169905, -1.24970491,\n        -1.35432444],\n       [ 4.51756003,  3.73828473,  3.8446237 ,  1.99394086, -1.24870816,\n        -1.35515091]]), array([0.23104159, 0.2310416 , 0.2310416 , 0.2310416 , 0.23104162,\n       0.23104165, 0.23104166]))"}, "8": {"maxiter": 1000, "fatol": 1e-05, "xatol": 1e-05, "duration": 0.15597820281982422, "fun": "0.23104150760374265", "nit": "601", "nfev": "930", "status": "0", "success": "True", "message": "Optimization terminated successfully.", "x": "[ 4.51884259  3.73932195  3.84495541  1.99250288 -1.24916129 -1.35473052]", "final_simplex": "(array([[ 4.51884259,  3.73932195,  3.84495541,  1.99250288, -1.24916129,\n        -1.35473052],\n       [ 4.51884474,  3.73931829,  3.84495838,  1.99250407, -1.2491577 ,\n        -1.35472706],\n       [ 4.51884914,  3.7393222 ,  3.84495178,  1.99250645, -1.24916316,\n        -1.35472362],\n       [ 4.51884248,  3.73933068,  3.84496263,  1.99249918, -1.24915789,\n        -1.35472732],\n       [ 4.5188507 ,  3.7393202 ,  3.84495976,  1.99249568, -1.24916079,\n        -1.35472303],\n       [ 4.51884761,  3.73931778,  3.84495591,  1.99250918, -1.24916366,\n        -1.3547234 ],\n       [ 4.5188378 ,  3.73932132,  3.84495606,  1.9925048 , -1.249156  ,\n        -1.35472715]]), array([0.23104151, 0.23104151, 0.23104151, 0.23104151, 0.23104151,\n       0.23104151, 0.23104151]))"}, "9": {"maxiter": 1000, "fatol": 1e-05, "xatol": 1e-10, "duration": 0.19959187507629395, "fun": "0.23104150758411346", "nit": "734", "nfev": "1195", "status": "0", "success": "True", "message": "Optimization terminated successfully.", "x": "[ 4.518845    3.73934875  3.84496119  1.99248445 -1.24918006 -1.3547378 ]", "final_simplex": "(array([[ 4.518845  ,  3.73934875,  3.84496119,  1.99248445, -1.24918006,\n        -1.3547378 ],\n       [ 4.518845  ,  3.73934875,  3.84496119,  1.99248445, -1.24918006,\n        -1.3547378 ],\n       [ 4.518845  ,  3.73934875,  3.84496119,  1.99248445, -1.24918006,\n        -1.3547378 ],\n       [ 4.518845  ,  3.73934875,  3.84496119,  1.99248445, -1.24918006,\n        -1.3547378 ],\n       [ 4.518845  ,  3.73934875,  3.84496119,  1.99248445, -1.24918006,\n        -1.3547378 ],\n       [ 4.518845  ,  3.73934875,  3.84496119,  1.99248445, -1.24918006,\n        -1.3547378 ],\n       [ 4.518845  ,  3.73934875,  3.84496119,  1.99248445, -1.24918006,\n        -1.3547378 ]]), array([0.23104151, 0.23104151, 0.23104151, 0.23104151, 0.23104151,\n       0.23104151, 0.23104151]))"}, "10": {"maxiter": 1000, "fatol": 1e-10, "xatol": 1e-05, "duration": 0.15487909317016602, "fun": "0.23104150760374265", "nit": "601", "nfev": "930", "status": "0", "success": "True", "message": "Optimization terminated successfully.", "x": "[ 4.51884259  3.73932195  3.84495541  1.99250288 -1.24916129 -1.35473052]", "final_simplex": "(array([[ 4.51884259,  3.73932195,  3.84495541,  1.99250288, -1.24916129,\n        -1.35473052],\n       [ 4.51884474,  3.73931829,  3.84495838,  1.99250407, -1.2491577 ,\n        -1.35472706],\n       [ 4.51884914,  3.7393222 ,  3.84495178,  1.99250645, -1.24916316,\n        -1.35472362],\n       [ 4.51884248,  3.73933068,  3.84496263,  1.99249918, -1.24915789,\n        -1.35472732],\n       [ 4.5188507 ,  3.7393202 ,  3.84495976,  1.99249568, -1.24916079,\n        -1.35472303],\n       [ 4.51884761,  3.73931778,  3.84495591,  1.99250918, -1.24916366,\n        -1.3547234 ],\n       [ 4.5188378 ,  3.73932132,  3.84495606,  1.9925048 , -1.249156  ,\n        -1.35472715]]), array([0.23104151, 0.23104151, 0.23104151, 0.23104151, 0.23104151,\n       0.23104151, 0.23104151]))"}, "11": {"maxiter": 1000, "fatol": 1e-10, "xatol": 1e-10, "duration": 0.1995241641998291, "fun": "0.23104150758411346", "nit": "734", "nfev": "1195", "status": "0", "success": "True", "message": "Optimization terminated successfully.", "x": "[ 4.518845    3.73934875  3.84496119  1.99248445 -1.24918006 -1.3547378 ]", "final_simplex": "(array([[ 4.518845  ,  3.73934875,  3.84496119,  1.99248445, -1.24918006,\n        -1.3547378 ],\n       [ 4.518845  ,  3.73934875,  3.84496119,  1.99248445, -1.24918006,\n        -1.3547378 ],\n       [ 4.518845  ,  3.73934875,  3.84496119,  1.99248445, -1.24918006,\n        -1.3547378 ],\n       [ 4.518845  ,  3.73934875,  3.84496119,  1.99248445, -1.24918006,\n        -1.3547378 ],\n       [ 4.518845  ,  3.73934875,  3.84496119,  1.99248445, -1.24918006,\n        -1.3547378 ],\n       [ 4.518845  ,  3.73934875,  3.84496119,  1.99248445, -1.24918006,\n        -1.3547378 ],\n       [ 4.518845  ,  3.73934875,  3.84496119,  1.99248445, -1.24918006,\n        -1.3547378 ]]), array([0.23104151, 0.23104151, 0.23104151, 0.23104151, 0.23104151,\n       0.23104151, 0.23104151]))"}}, "bfgs": {"type": "gradient", "0": {"maxiter": 100, "gtol": 1e-05, "xrtol": 1e-05, "eps": 1e-05, "duration": 0.045278072357177734, "fun": "0.23104150770192822", "jac": "[-3.55461216e-06 -2.49624765e-06 -1.50823798e-07  3.40758533e-06\n  6.47815135e-07 -1.44123602e-06]", "hess_inv": "[[  6.58943527  -2.10175139  -0.7028553   -3.97673591   1.42816006\n   -3.35415725]\n [ -2.10175139  23.91884394   7.22390133  16.074162   -10.2256137\n   -4.91583111]\n [ -0.7028553    7.22390133   7.98080754   7.65775083   0.39793431\n   -1.3065273 ]\n [ -3.97673591  16.074162     7.65775083  16.3909024   -5.80408758\n   -2.16515591]\n [  1.42816006 -10.2256137    0.39793431  -5.80408758   9.71162329\n    3.31607982]\n [ -3.35415725  -4.91583111  -1.3065273   -2.16515591   3.31607982\n    6.52611803]]", "nfev": "266", "njev": "38", "status": "0", "success": "True", "message": "Optimization terminated successfully.", "x": "[1.76431827 0.59772795 6.98653132 4.29069206 8.17559013 1.78686246]", "nit": "31"}, "1": {"maxiter": 100, "gtol": 1e-05, "xrtol": 1e-05, "eps": 1e-10, "duration": 0.046282052993774414, "fun": "0.2310415093856183", "jac": "[9.99200639e-06 6.66133760e-06 7.77156053e-06 9.99200639e-06\n 1.11022293e-06 4.44089173e-06]", "hess_inv": "[[ 6.58723181 -2.09620185 -0.2675904  -3.62221054  1.41448078 -3.87048072]\n [-2.09620185 14.56596302  2.71623696  9.76575527 -7.68065087 -2.90135189]\n [-0.2675904   2.71623696  5.40653992  3.57659375  1.5433173  -0.37283934]\n [-3.62221054  9.76575527  3.57659375 11.56952132 -4.76343967 -0.52905944]\n [ 1.41448078 -7.68065087  1.5433173  -4.76343967  9.2924169   2.9227365 ]\n [-3.87048072 -2.90135189 -0.37283934 -0.52905944  2.9227365   6.8369134 ]]", "nfev": "273", "njev": "39", "status": "0", "success": "True", "message": "Optimization terminated successfully.", "x": "[1.76432265 0.59802468 6.98668661 4.29092729 8.17551908 1.78680829]", "nit": "31"}, "2": {"maxiter": 100, "gtol": 1e-05, "xrtol": 1e-10, "eps": 1e-05, "duration": 0.04513096809387207, "fun": "0.23104150770192822", "jac": "[-3.55461216e-06 -2.49624765e-06 -1.50823798e-07  3.40758533e-06\n  6.47815135e-07 -1.44123602e-06]", "hess_inv": "[[  6.58943527  -2.10175139  -0.7028553   -3.97673591   1.42816006\n   -3.35415725]\n [ -2.10175139  23.91884394   7.22390133  16.074162   -10.2256137\n   -4.91583111]\n [ -0.7028553    7.22390133   7.98080754   7.65775083   0.39793431\n   -1.3065273 ]\n [ -3.97673591  16.074162     7.65775083  16.3909024   -5.80408758\n   -2.16515591]\n [  1.42816006 -10.2256137    0.39793431  -5.80408758   9.71162329\n    3.31607982]\n [ -3.35415725  -4.91583111  -1.3065273   -2.16515591   3.31607982\n    6.52611803]]", "nfev": "266", "njev": "38", "status": "0", "success": "True", "message": "Optimization terminated successfully.", "x": "[1.76431827 0.59772795 6.98653132 4.29069206 8.17559013 1.78686246]", "nit": "31"}, "3": {"maxiter": 100, "gtol": 1e-05, "xrtol": 1e-10, "eps": 1e-10, "duration": 0.04626202583312988, "fun": "0.2310415093856183", "jac": "[9.99200639e-06 6.66133760e-06 7.77156053e-06 9.99200639e-06\n 1.11022293e-06 4.44089173e-06]", "hess_inv": "[[ 6.58723181 -2.09620185 -0.2675904  -3.62221054  1.41448078 -3.87048072]\n [-2.09620185 14.56596302  2.71623696  9.76575527 -7.68065087 -2.90135189]\n [-0.2675904   2.71623696  5.40653992  3.57659375  1.5433173  -0.37283934]\n [-3.62221054  9.76575527  3.57659375 11.56952132 -4.76343967 -0.52905944]\n [ 1.41448078 -7.68065087  1.5433173  -4.76343967  9.2924169   2.9227365 ]\n [-3.87048072 -2.90135189 -0.37283934 -0.52905944  2.9227365   6.8369134 ]]", "nfev": "273", "njev": "39", "status": "0", "success": "True", "message": "Optimization terminated successfully.", "x": "[1.76432265 0.59802468 6.98668661 4.29092729 8.17551908 1.78680829]", "nit": "31"}, "4": {"maxiter": 100, "gtol": 1e-10, "xrtol": 1e-05, "eps": 1e-05, "duration": 0.04630684852600098, "fun": "0.23104150766598486", "jac": "[ 1.85851334e-07  1.10256249e-07  8.31223979e-08 -1.54976032e-07\n -5.81756865e-09 -6.85784762e-08]", "hess_inv": "[[  6.68695166  -2.74999876  -0.28096758  -4.10612864   1.92936849\n   -3.60729488]\n [ -2.74999876  24.30040105   7.26989366  16.79000192 -10.43747822\n   -4.55867647]\n [ -0.28096758   7.26989366   7.73727758   7.20268637   0.30203152\n   -1.43963751]\n [ -4.10612864  16.79000192   7.20268637  16.55728926  -6.354502\n   -1.87797578]\n [  1.92936849 -10.43747822   0.30203152  -6.354502     9.80938526\n    3.06799844]\n [ -3.60729488  -4.55867647  -1.43963751  -1.87797578   3.06799844\n    6.73583833]]", "nfev": "273", "njev": "39", "status": "0", "success": "True", "message": "Optimization terminated successfully.", "x": "[1.76434268 0.59772291 6.98652282 4.29066546 8.1755907  1.78685216]", "nit": "32"}, "5": {"maxiter": 100, "gtol": 1e-10, "xrtol": 1e-05, "eps": 1e-10, "duration": 0.04982495307922363, "fun": "0.23104150776599353", "jac": "[ 4.44089173e-06  3.33066880e-06 -3.33066880e-06  6.66133760e-06\n  1.11022293e-06  5.55111466e-06]", "hess_inv": "[[ 5.71770841 -2.27166561 -0.94523416 -3.35713922  0.95791347 -2.64090048]\n [-2.27166561 15.83819111  4.53627191  9.80223387 -7.08551271 -3.59735289]\n [-0.94523416  4.53627191  6.68470972  4.88669468  1.26801633 -0.21620155]\n [-3.35713922  9.80223387  4.88669468 10.35283033 -3.67927917 -1.50666863]\n [ 0.95791347 -7.08551271  1.26801633 -3.67927917  8.61295472  3.58857376]\n [-2.64090048 -3.59735289 -0.21620155 -1.50666863  3.58857376  5.44686847]]", "nfev": "294", "njev": "42", "status": "0", "success": "True", "message": "Optimization terminated successfully.", "x": "[1.7643322  0.59783252 6.98656461 4.29076489 8.17555812 1.7868472 ]", "nit": "33"}, "6": {"maxiter": 100, "gtol": 1e-10, "xrtol": 1e-10, "eps": 1e-05, "duration": 0.0705721378326416, "fun": "0.23104150766598486", "jac": "[ 1.85851334e-07  1.10256249e-07  8.31223979e-08 -1.54976032e-07\n -5.81756865e-09 -6.85784762e-08]", "hess_inv": "[[  6.34146585  -2.82110636  -0.31605283  -3.92239516   1.93558429\n   -3.34814627]\n [ -2.82110636  24.34451322   7.32675007  16.90737348 -10.4420878\n   -4.55207987]\n [ -0.31605283   7.32675007   7.80360593   7.30811889   0.29623955\n   -1.46430206]\n [ -3.92239516  16.90737348   7.30811889  16.56731172  -6.36578238\n   -2.07909086]\n [  1.93558429 -10.4420878    0.29623955  -6.36578238   9.80986374\n    3.06802136]\n [ -3.34814627  -4.55207987  -1.46430206  -2.07909086   3.06802136\n    6.57863977]]", "nfev": "417", "njev": "58", "status": "2", "success": "False", "message": "Desired error not necessarily achieved due to precision loss.", "x": "[1.76434268 0.59772291 6.98652282 4.29066546 8.1755907  1.78685216]", "nit": "32"}, "7": {"maxiter": 100, "gtol": 1e-10, "xrtol": 1e-10, "eps": 1e-10, "duration": 0.1003108024597168, "fun": "0.23104150759958486", "jac": "[-1.11022293e-06  2.22044587e-06  3.33066880e-06  1.11022293e-06\n  0.00000000e+00  3.33066880e-06]", "hess_inv": "[[ 4.61004362e-02 -5.39747823e-04  2.37120845e-01 -1.83018692e-01\n   9.99653655e-02 -2.05272418e-01]\n [-5.39747823e-04  7.85856930e-03  4.35627446e-02 -3.14744914e-02\n   2.01749394e-02 -3.81995698e-02]\n [ 2.37120845e-01  4.35627446e-02  1.68986015e+00 -1.28443037e+00\n   7.05056279e-01 -1.42870345e+00]\n [-1.83018692e-01 -3.14744914e-02 -1.28443037e+00  9.88334748e-01\n  -5.43656391e-01  1.07891757e+00]\n [ 9.99653655e-02  2.01749394e-02  7.05056279e-01 -5.43656391e-01\n   3.02586013e-01 -5.93134651e-01]\n [-2.05272418e-01 -3.81995698e-02 -1.42870345e+00  1.07891757e+00\n  -5.93134651e-01  1.22071706e+00]]", "nfev": "595", "njev": "85", "status": "0", "success": "True", "message": "Optimization terminated successfully.", "x": "[1.76433229 0.59777982 6.98656421 4.29072197 8.17558904 1.78685476]", "nit": "46"}, "8": {"maxiter": 500, "gtol": 1e-05, "xrtol": 1e-05, "eps": 1e-05, "duration": 0.04551124572753906, "fun": "0.23104150770192822", "jac": "[-3.55461216e-06 -2.49624765e-06 -1.50823798e-07  3.40758533e-06\n  6.47815135e-07 -1.44123602e-06]", "hess_inv": "[[  6.58943527  -2.10175139  -0.7028553   -3.97673591   1.42816006\n   -3.35415725]\n [ -2.10175139  23.91884394   7.22390133  16.074162   -10.2256137\n   -4.91583111]\n [ -0.7028553    7.22390133   7.98080754   7.65775083   0.39793431\n   -1.3065273 ]\n [ -3.97673591  16.074162     7.65775083  16.3909024   -5.80408758\n   -2.16515591]\n [  1.42816006 -10.2256137    0.39793431  -5.80408758   9.71162329\n    3.31607982]\n [ -3.35415725  -4.91583111  -1.3065273   -2.16515591   3.31607982\n    6.52611803]]", "nfev": "266", "njev": "38", "status": "0", "success": "True", "message": "Optimization terminated successfully.", "x": "[1.76431827 0.59772795 6.98653132 4.29069206 8.17559013 1.78686246]", "nit": "31"}, "9": {"maxiter": 500, "gtol": 1e-05, "xrtol": 1e-05, "eps": 1e-10, "duration": 0.04645681381225586, "fun": "0.2310415093856183", "jac": "[9.99200639e-06 6.66133760e-06 7.77156053e-06 9.99200639e-06\n 1.11022293e-06 4.44089173e-06]", "hess_inv": "[[ 6.58723181 -2.09620185 -0.2675904  -3.62221054  1.41448078 -3.87048072]\n [-2.09620185 14.56596302  2.71623696  9.76575527 -7.68065087 -2.90135189]\n [-0.2675904   2.71623696  5.40653992  3.57659375  1.5433173  -0.37283934]\n [-3.62221054  9.76575527  3.57659375 11.56952132 -4.76343967 -0.52905944]\n [ 1.41448078 -7.68065087  1.5433173  -4.76343967  9.2924169   2.9227365 ]\n [-3.87048072 -2.90135189 -0.37283934 -0.52905944  2.9227365   6.8369134 ]]", "nfev": "273", "njev": "39", "status": "0", "success": "True", "message": "Optimization terminated successfully.", "x": "[1.76432265 0.59802468 6.98668661 4.29092729 8.17551908 1.78680829]", "nit": "31"}, "10": {"maxiter": 500, "gtol": 1e-05, "xrtol": 1e-10, "eps": 1e-05, "duration": 0.04520225524902344, "fun": "0.23104150770192822", "jac": "[-3.55461216e-06 -2.49624765e-06 -1.50823798e-07  3.40758533e-06\n  6.47815135e-07 -1.44123602e-06]", "hess_inv": "[[  6.58943527  -2.10175139  -0.7028553   -3.97673591   1.42816006\n   -3.35415725]\n [ -2.10175139  23.91884394   7.22390133  16.074162   -10.2256137\n   -4.91583111]\n [ -0.7028553    7.22390133   7.98080754   7.65775083   0.39793431\n   -1.3065273 ]\n [ -3.97673591  16.074162     7.65775083  16.3909024   -5.80408758\n   -2.16515591]\n [  1.42816006 -10.2256137    0.39793431  -5.80408758   9.71162329\n    3.31607982]\n [ -3.35415725  -4.91583111  -1.3065273   -2.16515591   3.31607982\n    6.52611803]]", "nfev": "266", "njev": "38", "status": "0", "success": "True", "message": "Optimization terminated successfully.", "x": "[1.76431827 0.59772795 6.98653132 4.29069206 8.17559013 1.78686246]", "nit": "31"}, "11": {"maxiter": 500, "gtol": 1e-05, "xrtol": 1e-10, "eps": 1e-10, "duration": 0.0463869571685791, "fun": "0.2310415093856183", "jac": "[9.99200639e-06 6.66133760e-06 7.77156053e-06 9.99200639e-06\n 1.11022293e-06 4.44089173e-06]", "hess_inv": "[[ 6.58723181 -2.09620185 -0.2675904  -3.62221054  1.41448078 -3.87048072]\n [-2.09620185 14.56596302  2.71623696  9.76575527 -7.68065087 -2.90135189]\n [-0.2675904   2.71623696  5.40653992  3.57659375  1.5433173  -0.37283934]\n [-3.62221054  9.76575527  3.57659375 11.56952132 -4.76343967 -0.52905944]\n [ 1.41448078 -7.68065087  1.5433173  -4.76343967  9.2924169   2.9227365 ]\n [-3.87048072 -2.90135189 -0.37283934 -0.52905944  2.9227365   6.8369134 ]]", "nfev": "273", "njev": "39", "status": "0", "success": "True", "message": "Optimization terminated successfully.", "x": "[1.76432265 0.59802468 6.98668661 4.29092729 8.17551908 1.78680829]", "nit": "31"}, "12": {"maxiter": 500, "gtol": 1e-10, "xrtol": 1e-05, "eps": 1e-05, "duration": 0.04638195037841797, "fun": "0.23104150766598486", "jac": "[ 1.85851334e-07  1.10256249e-07  8.31223979e-08 -1.54976032e-07\n -5.81756865e-09 -6.85784762e-08]", "hess_inv": "[[  6.68695166  -2.74999876  -0.28096758  -4.10612864   1.92936849\n   -3.60729488]\n [ -2.74999876  24.30040105   7.26989366  16.79000192 -10.43747822\n   -4.55867647]\n [ -0.28096758   7.26989366   7.73727758   7.20268637   0.30203152\n   -1.43963751]\n [ -4.10612864  16.79000192   7.20268637  16.55728926  -6.354502\n   -1.87797578]\n [  1.92936849 -10.43747822   0.30203152  -6.354502     9.80938526\n    3.06799844]\n [ -3.60729488  -4.55867647  -1.43963751  -1.87797578   3.06799844\n    6.73583833]]", "nfev": "273", "njev": "39", "status": "0", "success": "True", "message": "Optimization terminated successfully.", "x": "[1.76434268 0.59772291 6.98652282 4.29066546 8.1755907  1.78685216]", "nit": "32"}, "13": {"maxiter": 500, "gtol": 1e-10, "xrtol": 1e-05, "eps": 1e-10, "duration": 0.04988217353820801, "fun": "0.23104150776599353", "jac": "[ 4.44089173e-06  3.33066880e-06 -3.33066880e-06  6.66133760e-06\n  1.11022293e-06  5.55111466e-06]", "hess_inv": "[[ 5.71770841 -2.27166561 -0.94523416 -3.35713922  0.95791347 -2.64090048]\n [-2.27166561 15.83819111  4.53627191  9.80223387 -7.08551271 -3.59735289]\n [-0.94523416  4.53627191  6.68470972  4.88669468  1.26801633 -0.21620155]\n [-3.35713922  9.80223387  4.88669468 10.35283033 -3.67927917 -1.50666863]\n [ 0.95791347 -7.08551271  1.26801633 -3.67927917  8.61295472  3.58857376]\n [-2.64090048 -3.59735289 -0.21620155 -1.50666863  3.58857376  5.44686847]]", "nfev": "294", "njev": "42", "status": "0", "success": "True", "message": "Optimization terminated successfully.", "x": "[1.7643322  0.59783252 6.98656461 4.29076489 8.17555812 1.7868472 ]", "nit": "33"}, "14": {"maxiter": 500, "gtol": 1e-10, "xrtol": 1e-10, "eps": 1e-05, "duration": 0.07048320770263672, "fun": "0.23104150766598486", "jac": "[ 1.85851334e-07  1.10256249e-07  8.31223979e-08 -1.54976032e-07\n -5.81756865e-09 -6.85784762e-08]", "hess_inv": "[[  6.34146585  -2.82110636  -0.31605283  -3.92239516   1.93558429\n   -3.34814627]\n [ -2.82110636  24.34451322   7.32675007  16.90737348 -10.4420878\n   -4.55207987]\n [ -0.31605283   7.32675007   7.80360593   7.30811889   0.29623955\n   -1.46430206]\n [ -3.92239516  16.90737348   7.30811889  16.56731172  -6.36578238\n   -2.07909086]\n [  1.93558429 -10.4420878    0.29623955  -6.36578238   9.80986374\n    3.06802136]\n [ -3.34814627  -4.55207987  -1.46430206  -2.07909086   3.06802136\n    6.57863977]]", "nfev": "417", "njev": "58", "status": "2", "success": "False", "message": "Desired error not necessarily achieved due to precision loss.", "x": "[1.76434268 0.59772291 6.98652282 4.29066546 8.1755907  1.78685216]", "nit": "32"}, "15": {"maxiter": 500, "gtol": 1e-10, "xrtol": 1e-10, "eps": 1e-10, "duration": 0.10028982162475586, "fun": "0.23104150759958486", "jac": "[-1.11022293e-06  2.22044587e-06  3.33066880e-06  1.11022293e-06\n  0.00000000e+00  3.33066880e-06]", "hess_inv": "[[ 4.61004362e-02 -5.39747823e-04  2.37120845e-01 -1.83018692e-01\n   9.99653655e-02 -2.05272418e-01]\n [-5.39747823e-04  7.85856930e-03  4.35627446e-02 -3.14744914e-02\n   2.01749394e-02 -3.81995698e-02]\n [ 2.37120845e-01  4.35627446e-02  1.68986015e+00 -1.28443037e+00\n   7.05056279e-01 -1.42870345e+00]\n [-1.83018692e-01 -3.14744914e-02 -1.28443037e+00  9.88334748e-01\n  -5.43656391e-01  1.07891757e+00]\n [ 9.99653655e-02  2.01749394e-02  7.05056279e-01 -5.43656391e-01\n   3.02586013e-01 -5.93134651e-01]\n [-2.05272418e-01 -3.81995698e-02 -1.42870345e+00  1.07891757e+00\n  -5.93134651e-01  1.22071706e+00]]", "nfev": "595", "njev": "85", "status": "0", "success": "True", "message": "Optimization terminated successfully.", "x": "[1.76433229 0.59777982 6.98656421 4.29072197 8.17558904 1.78685476]", "nit": "46"}, "16": {"maxiter": 1000, "gtol": 1e-05, "xrtol": 1e-05, "eps": 1e-05, "duration": 0.04516005516052246, "fun": "0.23104150770192822", "jac": "[-3.55461216e-06 -2.49624765e-06 -1.50823798e-07  3.40758533e-06\n  6.47815135e-07 -1.44123602e-06]", "hess_inv": "[[  6.58943527  -2.10175139  -0.7028553   -3.97673591   1.42816006\n   -3.35415725]\n [ -2.10175139  23.91884394   7.22390133  16.074162   -10.2256137\n   -4.91583111]\n [ -0.7028553    7.22390133   7.98080754   7.65775083   0.39793431\n   -1.3065273 ]\n [ -3.97673591  16.074162     7.65775083  16.3909024   -5.80408758\n   -2.16515591]\n [  1.42816006 -10.2256137    0.39793431  -5.80408758   9.71162329\n    3.31607982]\n [ -3.35415725  -4.91583111  -1.3065273   -2.16515591   3.31607982\n    6.52611803]]", "nfev": "266", "njev": "38", "status": "0", "success": "True", "message": "Optimization terminated successfully.", "x": "[1.76431827 0.59772795 6.98653132 4.29069206 8.17559013 1.78686246]", "nit": "31"}, "17": {"maxiter": 1000, "gtol": 1e-05, "xrtol": 1e-05, "eps": 1e-10, "duration": 0.04624199867248535, "fun": "0.2310415093856183", "jac": "[9.99200639e-06 6.66133760e-06 7.77156053e-06 9.99200639e-06\n 1.11022293e-06 4.44089173e-06]", "hess_inv": "[[ 6.58723181 -2.09620185 -0.2675904  -3.62221054  1.41448078 -3.87048072]\n [-2.09620185 14.56596302  2.71623696  9.76575527 -7.68065087 -2.90135189]\n [-0.2675904   2.71623696  5.40653992  3.57659375  1.5433173  -0.37283934]\n [-3.62221054  9.76575527  3.57659375 11.56952132 -4.76343967 -0.52905944]\n [ 1.41448078 -7.68065087  1.5433173  -4.76343967  9.2924169   2.9227365 ]\n [-3.87048072 -2.90135189 -0.37283934 -0.52905944  2.9227365   6.8369134 ]]", "nfev": "273", "njev": "39", "status": "0", "success": "True", "message": "Optimization terminated successfully.", "x": "[1.76432265 0.59802468 6.98668661 4.29092729 8.17551908 1.78680829]", "nit": "31"}, "18": {"maxiter": 1000, "gtol": 1e-05, "xrtol": 1e-10, "eps": 1e-05, "duration": 0.04509997367858887, "fun": "0.23104150770192822", "jac": "[-3.55461216e-06 -2.49624765e-06 -1.50823798e-07  3.40758533e-06\n  6.47815135e-07 -1.44123602e-06]", "hess_inv": "[[  6.58943527  -2.10175139  -0.7028553   -3.97673591   1.42816006\n   -3.35415725]\n [ -2.10175139  23.91884394   7.22390133  16.074162   -10.2256137\n   -4.91583111]\n [ -0.7028553    7.22390133   7.98080754   7.65775083   0.39793431\n   -1.3065273 ]\n [ -3.97673591  16.074162     7.65775083  16.3909024   -5.80408758\n   -2.16515591]\n [  1.42816006 -10.2256137    0.39793431  -5.80408758   9.71162329\n    3.31607982]\n [ -3.35415725  -4.91583111  -1.3065273   -2.16515591   3.31607982\n    6.52611803]]", "nfev": "266", "njev": "38", "status": "0", "success": "True", "message": "Optimization terminated successfully.", "x": "[1.76431827 0.59772795 6.98653132 4.29069206 8.17559013 1.78686246]", "nit": "31"}, "19": {"maxiter": 1000, "gtol": 1e-05, "xrtol": 1e-10, "eps": 1e-10, "duration": 0.04773712158203125, "fun": "0.2310415093856183", "jac": "[9.99200639e-06 6.66133760e-06 7.77156053e-06 9.99200639e-06\n 1.11022293e-06 4.44089173e-06]", "hess_inv": "[[ 6.58723181 -2.09620185 -0.2675904  -3.62221054  1.41448078 -3.87048072]\n [-2.09620185 14.56596302  2.71623696  9.76575527 -7.68065087 -2.90135189]\n [-0.2675904   2.71623696  5.40653992  3.57659375  1.5433173  -0.37283934]\n [-3.62221054  9.76575527  3.57659375 11.56952132 -4.76343967 -0.52905944]\n [ 1.41448078 -7.68065087  1.5433173  -4.76343967  9.2924169   2.9227365 ]\n [-3.87048072 -2.90135189 -0.37283934 -0.52905944  2.9227365   6.8369134 ]]", "nfev": "273", "njev": "39", "status": "0", "success": "True", "message": "Optimization terminated successfully.", "x": "[1.76432265 0.59802468 6.98668661 4.29092729 8.17551908 1.78680829]", "nit": "31"}, "20": {"maxiter": 1000, "gtol": 1e-10, "xrtol": 1e-05, "eps": 1e-05, "duration": 0.04736590385437012, "fun": "0.23104150766598486", "jac": "[ 1.85851334e-07  1.10256249e-07  8.31223979e-08 -1.54976032e-07\n -5.81756865e-09 -6.85784762e-08]", "hess_inv": "[[  6.68695166  -2.74999876  -0.28096758  -4.10612864   1.92936849\n   -3.60729488]\n [ -2.74999876  24.30040105   7.26989366  16.79000192 -10.43747822\n   -4.55867647]\n [ -0.28096758   7.26989366   7.73727758   7.20268637   0.30203152\n   -1.43963751]\n [ -4.10612864  16.79000192   7.20268637  16.55728926  -6.354502\n   -1.87797578]\n [  1.92936849 -10.43747822   0.30203152  -6.354502     9.80938526\n    3.06799844]\n [ -3.60729488  -4.55867647  -1.43963751  -1.87797578   3.06799844\n    6.73583833]]", "nfev": "273", "njev": "39", "status": "0", "success": "True", "message": "Optimization terminated successfully.", "x": "[1.76434268 0.59772291 6.98652282 4.29066546 8.1755907  1.78685216]", "nit": "32"}, "21": {"maxiter": 1000, "gtol": 1e-10, "xrtol": 1e-05, "eps": 1e-10, "duration": 0.05092978477478027, "fun": "0.23104150776599353", "jac": "[ 4.44089173e-06  3.33066880e-06 -3.33066880e-06  6.66133760e-06\n  1.11022293e-06  5.55111466e-06]", "hess_inv": "[[ 5.71770841 -2.27166561 -0.94523416 -3.35713922  0.95791347 -2.64090048]\n [-2.27166561 15.83819111  4.53627191  9.80223387 -7.08551271 -3.59735289]\n [-0.94523416  4.53627191  6.68470972  4.88669468  1.26801633 -0.21620155]\n [-3.35713922  9.80223387  4.88669468 10.35283033 -3.67927917 -1.50666863]\n [ 0.95791347 -7.08551271  1.26801633 -3.67927917  8.61295472  3.58857376]\n [-2.64090048 -3.59735289 -0.21620155 -1.50666863  3.58857376  5.44686847]]", "nfev": "294", "njev": "42", "status": "0", "success": "True", "message": "Optimization terminated successfully.", "x": "[1.7643322  0.59783252 6.98656461 4.29076489 8.17555812 1.7868472 ]", "nit": "33"}, "22": {"maxiter": 1000, "gtol": 1e-10, "xrtol": 1e-10, "eps": 1e-05, "duration": 0.07155203819274902, "fun": "0.23104150766598486", "jac": "[ 1.85851334e-07  1.10256249e-07  8.31223979e-08 -1.54976032e-07\n -5.81756865e-09 -6.85784762e-08]", "hess_inv": "[[  6.34146585  -2.82110636  -0.31605283  -3.92239516   1.93558429\n   -3.34814627]\n [ -2.82110636  24.34451322   7.32675007  16.90737348 -10.4420878\n   -4.55207987]\n [ -0.31605283   7.32675007   7.80360593   7.30811889   0.29623955\n   -1.46430206]\n [ -3.92239516  16.90737348   7.30811889  16.56731172  -6.36578238\n   -2.07909086]\n [  1.93558429 -10.4420878    0.29623955  -6.36578238   9.80986374\n    3.06802136]\n [ -3.34814627  -4.55207987  -1.46430206  -2.07909086   3.06802136\n    6.57863977]]", "nfev": "417", "njev": "58", "status": "2", "success": "False", "message": "Desired error not necessarily achieved due to precision loss.", "x": "[1.76434268 0.59772291 6.98652282 4.29066546 8.1755907  1.78685216]", "nit": "32"}, "23": {"maxiter": 1000, "gtol": 1e-10, "xrtol": 1e-10, "eps": 1e-10, "duration": 0.1019599437713623, "fun": "0.23104150759958486", "jac": "[-1.11022293e-06  2.22044587e-06  3.33066880e-06  1.11022293e-06\n  0.00000000e+00  3.33066880e-06]", "hess_inv": "[[ 4.61004362e-02 -5.39747823e-04  2.37120845e-01 -1.83018692e-01\n   9.99653655e-02 -2.05272418e-01]\n [-5.39747823e-04  7.85856930e-03  4.35627446e-02 -3.14744914e-02\n   2.01749394e-02 -3.81995698e-02]\n [ 2.37120845e-01  4.35627446e-02  1.68986015e+00 -1.28443037e+00\n   7.05056279e-01 -1.42870345e+00]\n [-1.83018692e-01 -3.14744914e-02 -1.28443037e+00  9.88334748e-01\n  -5.43656391e-01  1.07891757e+00]\n [ 9.99653655e-02  2.01749394e-02  7.05056279e-01 -5.43656391e-01\n   3.02586013e-01 -5.93134651e-01]\n [-2.05272418e-01 -3.81995698e-02 -1.42870345e+00  1.07891757e+00\n  -5.93134651e-01  1.22071706e+00]]", "nfev": "595", "njev": "85", "status": "0", "success": "True", "message": "Optimization terminated successfully.", "x": "[1.76433229 0.59777982 6.98656421 4.29072197 8.17558904 1.78685476]", "nit": "46"}}, "cobyla": {"0": {"maxiter": 100, "tol": 1e-05, "catol": 1e-05, "duration": 0.016588926315307617, "x": "[1.47030894 1.43106944 7.09031025 5.02856998 7.77092675 1.86546028]", "status": "2", "success": "False", "message": "Maximum number of function evaluations has been exceeded.", "nfev": "100", "fun": "0.24809044540727743", "maxcv": "0.0"}, "1": {"maxiter": 100, "tol": 1e-05, "catol": 1e-10, "duration": 0.016452789306640625, "x": "[1.47030894 1.43106944 7.09031025 5.02856998 7.77092675 1.86546028]", "status": "2", "success": "False", "message": "Maximum number of function evaluations has been exceeded.", "nfev": "100", "fun": "0.24809044540727743", "maxcv": "0.0"}, "2": {"maxiter": 100, "tol": 1e-10, "catol": 1e-05, "duration": 0.01638197898864746, "x": "[1.47030894 1.43106944 7.09031025 5.02856998 7.77092675 1.86546028]", "status": "2", "success": "False", "message": "Maximum number of function evaluations has been exceeded.", "nfev": "100", "fun": "0.24809044540727743", "maxcv": "0.0"}, "3": {"maxiter": 100, "tol": 1e-10, "catol": 1e-10, "duration": 0.01655292510986328, "x": "[1.47030894 1.43106944 7.09031025 5.02856998 7.77092675 1.86546028]", "status": "2", "success": "False", "message": "Maximum number of function evaluations has been exceeded.", "nfev": "100", "fun": "0.24809044540727743", "maxcv": "0.0"}, "4": {"maxiter": 500, "tol": 1e-05, "catol": 1e-05, "duration": 0.08238697052001953, "x": "[1.76399793 0.60058245 6.98766392 4.29296576 8.17438466 1.7862792 ]", "status": "2", "success": "False", "message": "Maximum number of function evaluations has been exceeded.", "nfev": "500", "fun": "0.23104168109583", "maxcv": "0.0"}, "5": {"maxiter": 500, "tol": 1e-05, "catol": 1e-10, "duration": 0.0807652473449707, "x": "[1.76399793 0.60058245 6.98766392 4.29296576 8.17438466 1.7862792 ]", "status": "2", "success": "False", "message": "Maximum number of function evaluations has been exceeded.", "nfev": "500", "fun": "0.23104168109583", "maxcv": "0.0"}, "6": {"maxiter": 500, "tol": 1e-10, "catol": 1e-05, "duration": 0.082489013671875, "x": "[1.76399793 0.60058245 6.98766392 4.29296576 8.17438466 1.7862792 ]", "status": "2", "success": "False", "message": "Maximum number of function evaluations has been exceeded.", "nfev": "500", "fun": "0.23104168109583", "maxcv": "0.0"}, "7": {"maxiter": 500, "tol": 1e-10, "catol": 1e-10, "duration": 0.08264803886413574, "x": "[1.76399793 0.60058245 6.98766392 4.29