{"date": "2024/07/19/, 00:33:11", "conf_id": 124, "data_type": "orthogonal\n", "num_data_points": 3, "s_rank": 0, "unitary": "[[-0.24866696+0.58742286j,-0.44704345-0.43151574j,-0.35669027-0.20570733j,-0.10517633+0.1626036j],[0.10596805-0.19687975j,-0.30269685-0.15056416j,0.18246286+0.30440582j,-0.83484447-0.11310748j],[0.26054512-0.52548482j,0.0285017-0.50723956j,-0.43110112+0.17165838j,0.15243271+0.39915801j],[0.42978035+0.11991271j,-0.17224126-0.46030424j,0.6827807-0.15164662j,0.26483638+0.0061855j]]", "databatch_0": {"databatch": "[[[0.11872822+0.18452427j,0.22377097-0.14024713j,-0.18462808+0.03695778j,-0.05806618+0.20373144j],[-0.20952763+0.14540272j,0.17199169+0.25424382j,-0.05042168-0.21296603j,-0.23901221-0.05918386j],[0.17514774+0.26569009j,0.32226008-0.20698571j,-0.26715537+0.05656505j,-0.08093254+0.29638707j],[0.08020525-0.1483227j,-0.17735635-0.09864815j,0.09331622+0.11058564j,0.15866862-0.03643066j]],[[0.20434845+0.17601943j,0.2147607-0.24341142j,-0.20468979+0.10801449j,0.00269385+0.26037909j],[0.3074032-0.09400407j,-0.10873369-0.37130004j,-0.02133185+0.27502285j,0.26415946+0.1629126j],[0.02672681+0.03739194j,0.04538306-0.03163024j,-0.03824973+0.00961998j,-0.01006546+0.04321808j],[0.23994296+0.08443998j,0.10505561-0.2875593j,-0.142705+0.16516967j,0.09178093+0.22778921j]],[[0.15321583+0.03566683j,0.04511688-0.18388246j,-0.07654531+0.11119417j,0.07183894+0.13381667j],[0.07503046-0.14204554j,-0.16987593-0.09233055j,0.08992542+0.10448343j,0.15081835-0.03617961j],[-0.05050545+0.22775635j,0.27337848+0.06404155j,-0.16607924-0.11177744j,-0.19731666+0.10861126j],[-0.36407066+0.07324561j,0.08294034+0.4392014j,0.05568653-0.31377505j,-0.28524368-0.21723016j]]]", "initial param values": "[5.54410382,6.11272545,4.45698606,2.32721164,2.74749861,6.13703313]", "nelder_mead": {"type": "gradient-free", "0": {"maxiter": 100, "fatol": 1e-05, "xatol": 1e-05, "duration": 0.02531886100769043, "fun": "0.2887627776736533", "nit": "100", "nfev": "151", "status": "2", "success": "False", "message": "Maximum number of iterations has been exceeded.", "x": "[7.42257701 5.95115844 5.83118632 1.35304783 3.51851074 5.67691271]", "final_simplex": "(array([[7.42257701, 5.95115844, 5.83118632, 1.35304783, 3.51851074,\n        5.67691271],\n       [7.50320702, 5.95161182, 5.65383809, 1.39077583, 3.50046467,\n        5.75218097],\n       [7.49007262, 5.86856828, 6.00394537, 1.34830486, 3.60630783,\n        5.46615348],\n       [7.51402658, 5.94459156, 5.90925109, 1.32382301, 3.52774432,\n        5.70559823],\n       [7.66401141, 5.98533221, 5.82547783, 1.32675289, 3.55850746,\n        5.68709542],\n       [7.5019689 , 6.04077261, 5.77926784, 1.38913098, 3.44814555,\n        5.70982505],\n       [7.5130117 , 5.93059309, 5.76378336, 1.50207687, 3.50979564,\n        5.51198202]]), array([0.28876278, 0.29016178, 0.29270709, 0.29499142, 0.29662352,\n       0.29745743, 0.30142262]))"}, "1": {"maxiter": 100, "fatol": 1e-05, "xatol": 1e-10, "duration": 0.025187969207763672, "fun": "0.2887627776736533", "nit": "100", "nfev": "151", "status": "2", "success": "False", "message": "Maximum number of iterations has been exceeded.", "x": "[7.42257701 5.95115844 5.83118632 1.35304783 3.51851074 5.67691271]", "final_simplex": "(array([[7.42257701, 5.95115844, 5.83118632, 1.35304783, 3.51851074,\n        5.67691271],\n       [7.50320702, 5.95161182, 5.65383809, 1.39077583, 3.50046467,\n        5.75218097],\n       [7.49007262, 5.86856828, 6.00394537, 1.34830486, 3.60630783,\n        5.46615348],\n       [7.51402658, 5.94459156, 5.90925109, 1.32382301, 3.52774432,\n        5.70559823],\n       [7.66401141, 5.98533221, 5.82547783, 1.32675289, 3.55850746,\n        5.68709542],\n       [7.5019689 , 6.04077261, 5.77926784, 1.38913098, 3.44814555,\n        5.70982505],\n       [7.5130117 , 5.93059309, 5.76378336, 1.50207687, 3.50979564,\n        5.51198202]]), array([0.28876278, 0.29016178, 0.29270709, 0.29499142, 0.29662352,\n       0.29745743, 0.30142262]))"}, "2": {"maxiter": 100, "fatol": 1e-10, "xatol": 1e-05, "duration": 0.025233983993530273, "fun": "0.2887627776736533", "nit": "100", "nfev": "151", "status": "2", "success": "False", "message": "Maximum number of iterations has been exceeded.", "x": "[7.42257701 5.95115844 5.83118632 1.35304783 3.51851074 5.67691271]", "final_simplex": "(array([[7.42257701, 5.95115844, 5.83118632, 1.35304783, 3.51851074,\n        5.67691271],\n       [7.50320702, 5.95161182, 5.65383809, 1.39077583, 3.50046467,\n        5.75218097],\n       [7.49007262, 5.86856828, 6.00394537, 1.34830486, 3.60630783,\n        5.46615348],\n       [7.51402658, 5.94459156, 5.90925109, 1.32382301, 3.52774432,\n        5.70559823],\n       [7.66401141, 5.98533221, 5.82547783, 1.32675289, 3.55850746,\n        5.68709542],\n       [7.5019689 , 6.04077261, 5.77926784, 1.38913098, 3.44814555,\n        5.70982505],\n       [7.5130117 , 5.93059309, 5.76378336, 1.50207687, 3.50979564,\n        5.51198202]]), array([0.28876278, 0.29016178, 0.29270709, 0.29499142, 0.29662352,\n       0.29745743, 0.30142262]))"}, "3": {"maxiter": 100, "fatol": 1e-10, "xatol": 1e-10, "duration": 0.02524113655090332, "fun": "0.2887627776736533", "nit": "100", "nfev": "151", "status": "2", "success": "False", "message": "Maximum number of iterations has been exceeded.", "x": "[7.42257701 5.95115844 5.83118632 1.35304783 3.51851074 5.67691271]", "final_simplex": "(array([[7.42257701, 5.95115844, 5.83118632, 1.35304783, 3.51851074,\n        5.67691271],\n       [7.50320702, 5.95161182, 5.65383809, 1.39077583, 3.50046467,\n        5.75218097],\n       [7.49007262, 5.86856828, 6.00394537, 1.34830486, 3.60630783,\n        5.46615348],\n       [7.51402658, 5.94459156, 5.90925109, 1.32382301, 3.52774432,\n        5.70559823],\n       [7.66401141, 5.98533221, 5.82547783, 1.32675289, 3.55850746,\n        5.68709542],\n       [7.5019689 , 6.04077261, 5.77926784, 1.38913098, 3.44814555,\n        5.70982505],\n       [7.5130117 , 5.93059309, 5.76378336, 1.50207687, 3.50979564,\n        5.51198202]]), array([0.28876278, 0.29016178, 0.29270709, 0.29499142, 0.29662352,\n       0.29745743, 0.30142262]))"}, "4": {"maxiter": 500, "fatol": 1e-05, "xatol": 1e-05, "duration": 0.12660503387451172, "fun": "0.17680480857941472", "nit": "500", "nfev": "757", "status": "2", "success": "False", "message": "Maximum number of iterations has been exceeded.", "x": "[8.15466874 5.61630618 8.1082758  1.74351977 7.13794964 3.84158432]", "final_simplex": "(array([[8.15466874, 5.61630618, 8.1082758 , 1.74351977, 7.13794964,\n        3.84158432],\n       [8.12551984, 5.62873936, 8.06675753, 1.784848  , 7.0740186 ,\n        3.8169427 ],\n       [8.20287127, 5.60048502, 8.05497498, 1.67416418, 7.02990272,\n        3.81617435],\n       [8.05464286, 5.5248648 , 8.08271708, 1.71383927, 6.9975271 ,\n        3.91083608],\n       [8.21774722, 5.62979237, 8.06552616, 1.75356946, 7.12021638,\n        3.80230289],\n       [8.1766055 , 5.55826866, 8.10906439, 1.72010026, 7.08268973,\n        3.83563481],\n       [8.19268986, 5.569855  , 8.03853295, 1.65995243, 7.00019677,\n        3.81454417]]), array([0.17680481, 0.17740786, 0.17817108, 0.17852154, 0.17970706,\n       0.17975792, 0.17997562]))"}, "5": {"maxiter": 500, "fatol": 1e-05, "xatol": 1e-10, "duration": 0.12617707252502441, "fun": "0.17680480857941472", "nit": "500", "nfev": "757", "status": "2", "success": "False", "message": "Maximum number of iterations has been exceeded.", "x": "[8.15466874 5.61630618 8.1082758  1.74351977 7.13794964 3.84158432]", "final_simplex": "(array([[8.15466874, 5.61630618, 8.1082758 , 1.74351977, 7.13794964,\n        3.84158432],\n       [8.12551984, 5.62873936, 8.06675753, 1.784848  , 7.0740186 ,\n        3.8169427 ],\n       [8.20287127, 5.60048502, 8.05497498, 1.67416418, 7.02990272,\n        3.81617435],\n       [8.05464286, 5.5248648 , 8.08271708, 1.71383927, 6.9975271 ,\n        3.91083608],\n       [8.21774722, 5.62979237, 8.06552616, 1.75356946, 7.12021638,\n        3.80230289],\n       [8.1766055 , 5.55826866, 8.10906439, 1.72010026, 7.08268973,\n        3.83563481],\n       [8.19268986, 5.569855  , 8.03853295, 1.65995243, 7.00019677,\n        3.81454417]]), array([0.17680481, 0.17740786, 0.17817108, 0.17852154, 0.17970706,\n       0.17975792, 0.17997562]))"}, "6": {"maxiter": 500, "fatol": 1e-10, "xatol": 1e-05, "duration": 0.12615704536437988, "fun": "0.17680480857941472", "nit": "500", "nfev": "757", "status": "2", "success": "False", "message": "Maximum number of iterations has been exceeded.", "x": "[8.15466874 5.61630618 8.1082758  1.74351977 7.13794964 3.84158432]", "final_simplex": "(array([[8.15466874, 5.61630618, 8.1082758 , 1.74351977, 7.13794964,\n        3.84158432],\n       [8.12551984, 5.62873936, 8.06675753, 1.784848  , 7.0740186 ,\n        3.8169427 ],\n       [8.20287127, 5.60048502, 8.05497498, 1.67416418, 7.02990272,\n        3.81617435],\n       [8.05464286, 5.5248648 , 8.08271708, 1.71383927, 6.9975271 ,\n        3.91083608],\n       [8.21774722, 5.62979237, 8.06552616, 1.75356946, 7.12021638,\n        3.80230289],\n       [8.1766055 , 5.55826866, 8.10906439, 1.72010026, 7.08268973,\n        3.83563481],\n       [8.19268986, 5.569855  , 8.03853295, 1.65995243, 7.00019677,\n        3.81454417]]), array([0.17680481, 0.17740786, 0.17817108, 0.17852154, 0.17970706,\n       0.17975792, 0.17997562]))"}, "7": {"maxiter": 500, "fatol": 1e-10, "xatol": 1e-10, "duration": 0.12606191635131836, "fun": "0.17680480857941472", "nit": "500", "nfev": "757", "status": "2", "success": "False", "message": "Maximum number of iterations has been exceeded.", "x": "[8.15466874 5.61630618 8.1082758  1.74351977 7.13794964 3.84158432]", "final_simplex": "(array([[8.15466874, 5.61630618, 8.1082758 , 1.74351977, 7.13794964,\n        3.84158432],\n       [8.12551984, 5.62873936, 8.06675753, 1.784848  , 7.0740186 ,\n        3.8169427 ],\n       [8.20287127, 5.60048502, 8.05497498, 1.67416418, 7.02990272,\n        3.81617435],\n       [8.05464286, 5.5248648 , 8.08271708, 1.71383927, 6.9975271 ,\n        3.91083608],\n       [8.21774722, 5.62979237, 8.06552616, 1.75356946, 7.12021638,\n        3.80230289],\n       [8.1766055 , 5.55826866, 8.10906439, 1.72010026, 7.08268973,\n        3.83563481],\n       [8.19268986, 5.569855  , 8.03853295, 1.65995243, 7.00019677,\n        3.81454417]]), array([0.17680481, 0.17740786, 0.17817108, 0.17852154, 0.17970706,\n       0.17975792, 0.17997562]))"}, "8": {"maxiter": 1000, "fatol": 1e-05, "xatol": 1e-05, "duration": 0.19543671607971191, "fun": "0.15143911066604954", "nit": "759", "nfev": "1173", "status": "0", "success": "True", "message": "Optimization terminated successfully.", "x": "[8.11116601 6.06397163 8.50605388 1.65345352 7.22743529 3.82494319]", "final_simplex": "(array([[8.11116601, 6.06397163, 8.50605388, 1.65345352, 7.22743529,\n        3.82494319],\n       [8.11116733, 6.06396512, 8.50605073, 1.65345617, 7.22742719,\n        3.82493704],\n       [8.11116864, 6.06396789, 8.5060547 , 1.65345902, 7.22743544,\n        3.82494166],\n       [8.11116501, 6.06397586, 8.50606014, 1.65345406, 7.22744391,\n        3.82493874],\n       [8.11116483, 6.06396994, 8.50605711, 1.65345106, 7.22743459,\n        3.82494228],\n       [8.11116207, 6.06396349, 8.5060469 , 1.65345509, 7.22743026,\n        3.82494351],\n       [8.11117479, 6.06397449, 8.50605742, 1.65345375, 7.2274429 ,\n        3.82493693]]), array([0.15143911, 0.15143911, 0.15143911, 0.15143911, 0.15143911,\n       0.15143911, 0.15143911]))"}, "9": {"maxiter": 1000, "fatol": 1e-05, "xatol": 1e-10, "duration": 0.23997783660888672, "fun": "0.1514391106573355", "nit": "882", "nfev": "1430", "status": "0", "success": "True", "message": "Optimization terminated successfully.", "x": "[8.11116956 6.06397436 8.50605386 1.65345691 7.22743596 3.82493621]", "final_simplex": "(array([[8.11116956, 6.06397436, 8.50605386, 1.65345691, 7.22743596,\n        3.82493621],\n       [8.11116956, 6.06397436, 8.50605386, 1.65345691, 7.22743596,\n        3.82493621],\n       [8.11116956, 6.06397436, 8.50605386, 1.65345691, 7.22743596,\n        3.82493621],\n       [8.11116956, 6.06397436, 8.50605386, 1.65345691, 7.22743596,\n        3.82493621],\n       [8.11116956, 6.06397436, 8.50605386, 1.65345691, 7.22743596,\n        3.82493621],\n       [8.11116956, 6.06397436, 8.50605386, 1.65345691, 7.22743596,\n        3.82493621],\n       [8.11116956, 6.06397436, 8.50605386, 1.65345691, 7.22743596,\n        3.82493621]]), array([0.15143911, 0.15143911, 0.15143911, 0.15143911, 0.15143911,\n       0.15143911, 0.15143911]))"}, "10": {"maxiter": 1000, "fatol": 1e-10, "xatol": 1e-05, "duration": 0.19797396659851074, "fun": "0.15143911066604954", "nit": "759", "nfev": "1173", "status": "0", "success": "True", "message": "Optimization terminated successfully.", "x": "[8.11116601 6.06397163 8.50605388 1.65345352 7.22743529 3.82494319]", "final_simplex": "(array([[8.11116601, 6.06397163, 8.50605388, 1.65345352, 7.22743529,\n        3.82494319],\n       [8.11116733, 6.06396512, 8.50605073, 1.65345617, 7.22742719,\n        3.82493704],\n       [8.11116864, 6.06396789, 8.5060547 , 1.65345902, 7.22743544,\n        3.82494166],\n       [8.11116501, 6.06397586, 8.50606014, 1.65345406, 7.22744391,\n        3.82493874],\n       [8.11116483, 6.06396994, 8.50605711, 1.65345106, 7.22743459,\n        3.82494228],\n       [8.11116207, 6.06396349, 8.5060469 , 1.65345509, 7.22743026,\n        3.82494351],\n       [8.11117479, 6.06397449, 8.50605742, 1.65345375, 7.2274429 ,\n        3.82493693]]), array([0.15143911, 0.15143911, 0.15143911, 0.15143911, 0.15143911,\n       0.15143911, 0.15143911]))"}, "11": {"maxiter": 1000, "fatol": 1e-10, "xatol": 1e-10, "duration": 0.24067091941833496, "fun": "0.1514391106573355", "nit": "882", "nfev": "1430", "status": "0", "success": "True", "message": "Optimization terminated successfully.", "x": "[8.11116956 6.06397436 8.50605386 1.65345691 7.22743596 3.82493621]", "final_simplex": "(array([[8.11116956, 6.06397436, 8.50605386, 1.65345691, 7.22743596,\n        3.82493621],\n       [8.11116956, 6.06397436, 8.50605386, 1.65345691, 7.22743596,\n        3.82493621],\n       [8.11116956, 6.06397436, 8.50605386, 1.65345691, 7.22743596,\n        3.82493621],\n       [8.11116956, 6.06397436, 8.50605386, 1.65345691, 7.22743596,\n        3.82493621],\n       [8.11116956, 6.06397436, 8.50605386, 1.65345691, 7.22743596,\n        3.82493621],\n       [8.11116956, 6.06397436, 8.50605386, 1.65345691, 7.22743596,\n        3.82493621],\n       [8.11116956, 6.06397436, 8.50605386, 1.65345691, 7.22743596,\n        3.82493621]]), array([0.15143911, 0.15143911, 0.15143911, 0.15143911, 0.15143911,\n       0.15143911, 0.15143911]))"}}, "bfgs": {"type": "gradient", "0": {"maxiter": 100, "gtol": 1e-05, "xrtol": 1e-05, "eps": 1e-05, "duration": 0.06641006469726562, "fun": "0.15143911096599771", "jac": "[-4.84619012e-06  4.15090184e-07 -2.70852230e-06  3.29326566e-06\n -4.16877644e-06 -2.64483990e-06]", "hess_inv": "[[ 3.2525564   0.71198521  0.34854681  0.65529628  0.26729959 -1.56137225]\n [ 0.71198521  6.04864162  3.41993704  0.33888534  3.02716478 -0.99221961]\n [ 0.34854681  3.41993704  5.21315024  0.38885076  1.77067199 -0.16048618]\n [ 0.65529628  0.33888534  0.38885076  2.91869692  0.80897555 -0.08525642]\n [ 0.26729959  3.02716478  1.77067199  0.80897555  5.40528783 -0.19378341]\n [-1.56137225 -0.99221961 -0.16048618 -0.08525642 -0.19378341  3.72041757]]", "nfev": "385", "njev": "55", "status": "0", "success": "True", "message": "Optimization terminated successfully.", "x": "[8.11114964 6.06393209 8.50601315 1.65345093 7.227391   3.82493312]", "nit": "48"}, "1": {"maxiter": 100, "gtol": 1e-05, "xrtol": 1e-05, "eps": 1e-10, "duration": 0.06644582748413086, "fun": "0.15143911078885897", "jac": "[ 0.00000000e+00 -1.11022293e-06 -1.11022293e-06 -4.44089173e-06\n -5.55111466e-06  3.33066880e-06]", "hess_inv": "[[ 3.52564697  0.85732974  0.52325847  0.56786469  0.40491207 -1.54698923]\n [ 0.85732974  5.89771924  3.45433943  0.28264049  2.94569028 -0.9067796 ]\n [ 0.52325847  3.45433943  5.40199818  0.31859038  1.85987042 -0.09796435]\n [ 0.56786469  0.28264049  0.31859038  2.84217837  0.63140768 -0.03601614]\n [ 0.40491207  2.94569028  1.85987042  0.63140768  5.2747902  -0.05072071]\n [-1.54698923 -0.9067796  -0.09796435 -0.03601614 -0.05072071  3.70625948]]", "nfev": "385", "njev": "55", "status": "0", "success": "True", "message": "Optimization terminated successfully.", "x": "[8.11116321 6.06394651 8.50604179 1.65344553 7.22740412 3.82495036]", "nit": "47"}, "2": {"maxiter": 100, "gtol": 1e-05, "xrtol": 1e-10, "eps": 1e-05, "duration": 0.06640172004699707, "fun": "0.15143911096599771", "jac": "[-4.84619012e-06  4.15090184e-07 -2.70852230e-06  3.29326566e-06\n -4.16877644e-06 -2.64483990e-06]", "hess_inv": "[[ 3.2525564   0.71198521  0.34854681  0.65529628  0.26729959 -1.56137225]\n [ 0.71198521  6.04864162  3.41993704  0.33888534  3.02716478 -0.99221961]\n [ 0.34854681  3.41993704  5.21315024  0.38885076  1.77067199 -0.16048618]\n [ 0.65529628  0.33888534  0.38885076  2.91869692  0.80897555 -0.08525642]\n [ 0.26729959  3.02716478  1.77067199  0.80897555  5.40528783 -0.19378341]\n [-1.56137225 -0.99221961 -0.16048618 -0.08525642 -0.19378341  3.72041757]]", "nfev": "385", "njev": "55", "status": "0", "success": "True", "message": "Optimization terminated successfully.", "x": "[8.11114964 6.06393209 8.50601315 1.65345093 7.227391   3.82493312]", "nit": "48"}, "3": {"maxiter": 100, "gtol": 1e-05, "xrtol": 1e-10, "eps": 1e-10, "duration": 0.06635594367980957, "fun": "0.15143911078885897", "jac": "[ 0.00000000e+00 -1.11022293e-06 -1.11022293e-06 -4.44089173e-06\n -5.55111466e-06  3.33066880e-06]", "hess_inv": "[[ 3.52564697  0.85732974  0.52325847  0.56786469  0.40491207 -1.54698923]\n [ 0.85732974  5.89771924  3.45433943  0.28264049  2.94569028 -0.9067796 ]\n [ 0.52325847  3.45433943  5.40199818  0.31859038  1.85987042 -0.09796435]\n [ 0.56786469  0.28264049  0.31859038  2.84217837  0.63140768 -0.03601614]\n [ 0.40491207  2.94569028  1.85987042  0.63140768  5.2747902  -0.05072071]\n [-1.54698923 -0.9067796  -0.09796435 -0.03601614 -0.05072071  3.70625948]]", "nfev": "385", "njev": "55", "status": "0", "success": "True", "message": "Optimization terminated successfully.", "x": "[8.11116321 6.06394651 8.50604179 1.65344553 7.22740412 3.82495036]", "nit": "47"}, "4": {"maxiter": 100, "gtol": 1e-10, "xrtol": 1e-05, "eps": 1e-05, "duration": 0.06763696670532227, "fun": "0.15143911072808613", "jac": "[-3.73923115e-07  5.87530025e-08 -2.70372613e-07  2.79742896e-07\n -2.29327668e-07 -2.39808173e-09]", "hess_inv": "[[ 3.21695061  0.69396786  0.32110546  0.66609441  0.27597656 -1.50821579]\n [ 0.69396786  6.07130343  3.43310829  0.34679579  3.09544386 -0.92143165]\n [ 0.32110546  3.43310829  5.2150382   0.39925574  1.83175499 -0.08215016]\n [ 0.66609441  0.34679579  0.39925574  2.9156105   0.81126222 -0.09799851]\n [ 0.27597656  3.09544386  1.83175499  0.81126222  5.53161405 -0.11850202]\n [-1.50821579 -0.92143165 -0.08215016 -0.09799851 -0.11850202  3.70167481]]", "nfev": "392", "njev": "56", "status": "0", "success": "True", "message": "Optimization terminated successfully.", "x": "[8.11116078 6.06395155 8.50603351 1.65344861 7.22741609 3.82493559]", "nit": "49"}, "5": {"maxiter": 100, "gtol": 1e-10, "xrtol": 1e-05, "eps": 1e-10, "duration": 0.06775021553039551, "fun": "0.1514391106775147", "jac": "[ 3.33066880e-06 -1.11022293e-06  2.22044587e-06  2.22044587e-06\n  3.33066880e-06  3.33066880e-06]", "hess_inv": "[[ 3.48948228  0.82568849  0.49466434  0.55011227  0.39166867 -1.48168805]\n [ 0.82568849  5.95655623  3.48225753  0.31365582  3.07176778 -0.82168747]\n [ 0.49466434  3.48225753  5.41177736  0.33303311  1.93362627 -0.02922709]\n [ 0.55011227  0.31365582  0.33303311  2.85850614  0.69896903  0.01108028]\n [ 0.39166867  3.07176778  1.93362627  0.69896903  5.48898082  0.01767806]\n [-1.48168805 -0.82168747 -0.02922709  0.01108028  0.01767806  3.59738241]]", "nfev": "392", "njev": "56", "status": "0", "success": "True", "message": "Optimization terminated successfully.", "x": "[8.11117423 6.06397817 8.50606398 1.65346278 7.22744319 3.82493758]", "nit": "48"}, "6": {"maxiter": 100, "gtol": 1e-10, "xrtol": 1e-10, "eps": 1e-05, "duration": 0.07968807220458984, "fun": "0.15143911071906258", "jac": "[-3.10862447e-10  4.66293670e-10 -1.39888101e-09  7.54951657e-10\n  6.88338275e-10  2.57571742e-09]", "hess_inv": "[[ 3.30438653  0.81261602  0.45445452  0.64362344  0.40112258 -1.54190937]\n [ 0.81261602  6.22311473  3.60666941  0.31526532  3.24644117 -0.98064376]\n [ 0.45445452  3.60666941  5.41246101  0.36415368  2.00749477 -0.14436318]\n [ 0.64362344  0.31526532  0.36415368  2.92126687  0.77696826 -0.09087217]\n [ 0.40112258  3.24644117  2.00749477  0.77696826  5.67216368 -0.19439326]\n [-1.54190937 -0.98064376 -0.14436318 -0.09087217 -0.19439326  3.69479576]]", "nfev": "467", "njev": "65", "status": "2", "success": "False", "message": "Desired error not necessarily achieved due to precision loss.", "x": "[8.111162   6.06395312 8.50603529 1.6534483  7.22741768 3.82493503]", "nit": "50"}, "7": {"maxiter": 100, "gtol": 1e-10, "xrtol": 1e-10, "eps": 1e-10, "duration": 0.08250594139099121, "fun": "0.1514391106592754", "jac": "[ 0.00000000e+00 -1.11022293e-06  1.11022293e-06  0.00000000e+00\n  1.11022293e-06  1.11022293e-06]", "hess_inv": "[[ 1.13029907  0.27924937  0.0948891   0.27614385  0.71992445 -1.38822916]\n [ 0.27924937  6.46275273  3.29072161  0.20303067  2.1703655  -3.85842242]\n [ 0.0948891   3.29072161  5.00790509  0.08679586  0.77782443 -1.8561047 ]\n [ 0.27614385  0.20303067  0.08679586  2.67287939  0.2111579  -0.5703367 ]\n [ 0.71992445  2.1703655   0.77782443  0.2111579   3.22610115 -2.05102276]\n [-1.38822916 -3.85842242 -1.8561047  -0.5703367  -2.05102276  5.16219886]]", "nfev": "483", "njev": "69", "status": "0", "success": "True", "message": "Optimization terminated successfully.", "x": "[8.11116636 6.06397291 8.50605425 1.65345612 7.22743545 3.8249388 ]", "nit": "52"}, "8": {"maxiter": 500, "gtol": 1e-05, "xrtol": 1e-05, "eps": 1e-05, "duration": 0.06621217727661133, "fun": "0.15143911096599771", "jac": "[-4.84619012e-06  4.15090184e-07 -2.70852230e-06  3.29326566e-06\n -4.16877644e-06 -2.64483990e-06]", "hess_inv": "[[ 3.2525564   0.71198521  0.34854681  0.65529628  0.26729959 -1.56137225]\n [ 0.71198521  6.04864162  3.41993704  0.33888534  3.02716478 -0.99221961]\n [ 0.34854681  3.41993704  5.21315024  0.38885076  1.77067199 -0.16048618]\n [ 0.65529628  0.33888534  0.38885076  2.91869692  0.80897555 -0.08525642]\n [ 0.26729959  3.02716478  1.77067199  0.80897555  5.40528783 -0.19378341]\n [-1.56137225 -0.99221961 -0.16048618 -0.08525642 -0.19378341  3.72041757]]", "nfev": "385", "njev": "55", "status": "0", "success": "True", "message": "Optimization terminated successfully.", "x": "[8.11114964 6.06393209 8.50601315 1.65345093 7.227391   3.82493312]", "nit": "48"}, "9": {"maxiter": 500, "gtol": 1e-05, "xrtol": 1e-05, "eps": 1e-10, "duration": 0.06624102592468262, "fun": "0.15143911078885897", "jac": "[ 0.00000000e+00 -1.11022293e-06 -1.11022293e-06 -4.44089173e-06\n -5.55111466e-06  3.33066880e-06]", "hess_inv": "[[ 3.52564697  0.85732974  0.52325847  0.56786469  0.40491207 -1.54698923]\n [ 0.85732974  5.89771924  3.45433943  0.28264049  2.94569028 -0.9067796 ]\n [ 0.52325847  3.45433943  5.40199818  0.31859038  1.85987042 -0.09796435]\n [ 0.56786469  0.28264049  0.31859038  2.84217837  0.63140768 -0.03601614]\n [ 0.40491207  2.94569028  1.85987042  0.63140768  5.2747902  -0.05072071]\n [-1.54698923 -0.9067796  -0.09796435 -0.03601614 -0.05072071  3.70625948]]", "nfev": "385", "njev": "55", "status": "0", "success": "True", "message": "Optimization terminated successfully.", "x": "[8.11116321 6.06394651 8.50604179 1.65344553 7.22740412 3.82495036]", "nit": "47"}, "10": {"maxiter": 500, "gtol": 1e-05, "xrtol": 1e-10, "eps": 1e-05, "duration": 0.0666348934173584, "fun": "0.15143911096599771", "jac": "[-4.84619012e-06  4.15090184e-07 -2.70852230e-06  3.29326566e-06\n -4.16877644e-06 -2.64483990e-06]", "hess_inv": "[[ 3.2525564   0.71198521  0.34854681  0.65529628  0.26729959 -1.56137225]\n [ 0.71198521  6.04864162  3.41993704  0.33888534  3.02716478 -0.99221961]\n [ 0.34854681  3.41993704  5.21315024  0.38885076  1.77067199 -0.16048618]\n [ 0.65529628  0.33888534  0.38885076  2.91869692  0.80897555 -0.08525642]\n [ 0.26729959  3.02716478  1.77067199  0.80897555  5.40528783 -0.19378341]\n [-1.56137225 -0.99221961 -0.16048618 -0.08525642 -0.19378341  3.72041757]]", "nfev": "385", "njev": "55", "status": "0", "success": "True", "message": "Optimization terminated successfully.", "x": "[8.11114964 6.06393209 8.50601315 1.65345093 7.227391   3.82493312]", "nit": "48"}, "11": {"maxiter": 500, "gtol": 1e-05, "xrtol": 1e-10, "eps": 1e-10, "duration": 0.06641411781311035, "fun": "0.15143911078885897", "jac": "[ 0.00000000e+00 -1.11022293e-06 -1.11022293e-06 -4.44089173e-06\n -5.55111466e-06  3.33066880e-06]", "hess_inv": "[[ 3.52564697  0.85732974  0.52325847  0.56786469  0.40491207 -1.54698923]\n [ 0.85732974  5.89771924  3.45433943  0.28264049  2.94569028 -0.9067796 ]\n [ 0.52325847  3.45433943  5.40199818  0.31859038  1.85987042 -0.09796435]\n [ 0.56786469  0.28264049  0.31859038  2.84217837  0.63140768 -0.03601614]\n [ 0.40491207  2.94569028  1.85987042  0.63140768  5.2747902  -0.05072071]\n [-1.54698923 -0.9067796  -0.09796435 -0.03601614 -0.05072071  3.70625948]]", "nfev": "385", "njev": "55", "status": "0", "success": "True", "message": "Optimization terminated successfully.", "x": "[8.11116321 6.06394651 8.50604179 1.65344553 7.22740412 3.82495036]", "nit": "47"}, "12": {"maxiter": 500, "gtol": 1e-10, "xrtol": 1e-05, "eps": 1e-05, "duration": 0.06764388084411621, "fun": "0.15143911072808613", "jac": "[-3.73923115e-07  5.87530025e-08 -2.70372613e-07  2.79742896e-07\n -2.29327668e-07 -2.39808173e-09]", "hess_inv": "[[ 3.21695061  0.69396786  0.32110546  0.66609441  0.27597656 -1.50821579]\n [ 0.69396786  6.07130343  3.43310829  0.34679579  3.09544386 -0.92143165]\n [ 0.32110546  3.43310829  5.2150382   0.39925574  1.83175499 -0.08215016]\n [ 0.66609441  0.34679579  0.39925574  2.9156105   0.81126222 -0.09799851]\n [ 0.27597656  3.09544386  1.83175499  0.81126222  5.53161405 -0.11850202]\n [-1.50821579 -0.92143165 -0.08215016 -0.09799851 -0.11850202  3.70167481]]", "nfev": "392", "njev": "56", "status": "0", "success": "True", "message": "Optimization terminated successfully.", "x": "[8.11116078 6.06395155 8.50603351 1.65344861 7.22741609 3.82493559]", "nit": "49"}, "13": {"maxiter": 500, "gtol": 1e-10, "xrtol": 1e-05, "eps": 1e-10, "duration": 0.06774282455444336, "fun": "0.1514391106775147", "jac": "[ 3.33066880e-06 -1.11022293e-06  2.22044587e-06  2.22044587e-06\n  3.33066880e-06  3.33066880e-06]", "hess_inv": "[[ 3.48948228  0.82568849  0.49466434  0.55011227  0.39166867 -1.48168805]\n [ 0.82568849  5.95655623  3.48225753  0.31365582  3.07176778 -0.82168747]\n [ 0.49466434  3.48225753  5.41177736  0.33303311  1.93362627 -0.02922709]\n [ 0.55011227  0.31365582  0.33303311  2.85850614  0.69896903  0.01108028]\n [ 0.39166867  3.07176778  1.93362627  0.69896903  5.48898082  0.01767806]\n [-1.48168805 -0.82168747 -0.02922709  0.01108028  0.01767806  3.59738241]]", "nfev": "392", "njev": "56", "status": "0", "success": "True", "message": "Optimization terminated successfully.", "x": "[8.11117423 6.06397817 8.50606398 1.65346278 7.22744319 3.82493758]", "nit": "48"}, "14": {"maxiter": 500, "gtol": 1e-10, "xrtol": 1e-10, "eps": 1e-05, "duration": 0.0807797908782959, "fun": "0.15143911071906258", "jac": "[-3.10862447e-10  4.66293670e-10 -1.39888101e-09  7.54951657e-10\n  6.88338275e-10  2.57571742e-09]", "hess_inv": "[[ 3.30438653  0.81261602  0.45445452  0.64362344  0.40112258 -1.54190937]\n [ 0.81261602  6.22311473  3.60666941  0.31526532  3.24644117 -0.98064376]\n [ 0.45445452  3.60666941  5.41246101  0.36415368  2.00749477 -0.14436318]\n [ 0.64362344  0.31526532  0.36415368  2.92126687  0.77696826 -0.09087217]\n [ 0.40112258  3.24644117  2.00749477  0.77696826  5.67216368 -0.19439326]\n [-1.54190937 -0.98064376 -0.14436318 -0.09087217 -0.19439326  3.69479576]]", "nfev": "467", "njev": "65", "status": "2", "success": "False", "message": "Desired error not necessarily achieved due to precision loss.", "x": "[8.111162   6.06395312 8.50603529 1.6534483  7.22741768 3.82493503]", "nit": "50"}, "15": {"maxiter": 500, "gtol": 1e-10, "xrtol": 1e-10, "eps": 1e-10, "duration": 0.0835409164428711, "fun": "0.1514391106592754", "jac": "[ 0.00000000e+00 -1.11022293e-06  1.11022293e-06  0.00000000e+00\n  1.11022293e-06  1.11022293e-06]", "hess_inv": "[[ 1.13029907  0.27924937  0.0948891   0.27614385  0.71992445 -1.38822916]\n [ 0.27924937  6.46275273  3.29072161  0.20303067  2.1703655  -3.85842242]\n [ 0.0948891   3.29072161  5.00790509  0.08679586  0.77782443 -1.8561047 ]\n [ 0.27614385  0.20303067  0.08679586  2.67287939  0.2111579  -0.5703367 ]\n [ 0.71992445  2.1703655   0.77782443  0.2111579   3.22610115 -2.05102276]\n [-1.38822916 -3.85842242 -1.8561047  -0.5703367  -2.05102276  5.16219886]]", "nfev": "483", "njev": "69", "status": "0", "success": "True", "message": "Optimization terminated successfully.", "x": "[8.11116636 6.06397291 8.50605425 1.65345612 7.22743545 3.8249388 ]", "nit": "52"}, "16": {"maxiter": 1000, "gtol": 1e-05, "xrtol": 1e-05, "eps": 1e-05, "duration": 0.06657099723815918, "fun": "0.15143911096599771", "jac": "[-4.84619012e-06  4.15090184e-07 -2.70852230e-06  3.29326566e-06\n -4.16877644e-06 -2.64483990e-06]", "hess_inv": "[[ 3.2525564   0.71198521  0.34854681  0.65529628  0.26729959 -1.56137225]\n [ 0.71198521  6.04864162  3.41993704  0.33888534  3.02716478 -0.99221961]\n [ 0.34854681  3.41993704  5.21315024  0.38885076  1.77067199 -0.16048618]\n [ 0.65529628  0.33888534  0.38885076  2.91869692  0.80897555 -0.08525642]\n [ 0.26729959  3.02716478  1.77067199  0.80897555  5.40528783 -0.19378341]\n [-1.56137225 -0.99221961 -0.16048618 -0.08525642 -0.19378341  3.72041757]]", "nfev": "385", "njev": "55", "status": "0", "success": "True", "message": "Optimization terminated successfully.", "x": "[8.11114964 6.06393209 8.50601315 1.65345093 7.227391   3.82493312]", "nit": "48"}, "17": {"maxiter": 1000, "gtol": 1e-05, "xrtol": 1e-05, "eps": 1e-10, "duration": 0.06670904159545898, "fun": "0.15143911078885897", "jac": "[ 0.00000000e+00 -1.11022293e-06 -1.11022293e-06 -4.44089173e-06\n -5.55111466e-06  3.33066880e-06]", "hess_inv": "[[ 3.52564697  0.85732974  0.52325847  0.56786469  0.40491207 -1.54698923]\n [ 0.85732974  5.89771924  3.45433943  0.28264049  2.94569028 -0.9067796 ]\n [ 0.52325847  3.45433943  5.40199818  0.31859038  1.85987042 -0.09796435]\n [ 0.56786469  0.28264049  0.31859038  2.84217837  0.63140768 -0.03601614]\n [ 0.40491207  2.94569028  1.85987042  0.63140768  5.2747902  -0.05072071]\n [-1.54698923 -0.9067796  -0.09796435 -0.03601614 -0.05072071  3.70625948]]", "nfev": "385", "njev": "55", "status": "0", "success": "True", "message": "Optimization terminated successfully.", "x": "[8.11116321 6.06394651 8.50604179 1.65344553 7.22740412 3.82495036]", "nit": "47"}, "18": {"maxiter": 1000, "gtol": 1e-05, "xrtol": 1e-10, "eps": 1e-05, "duration": 0.0667870044708252, "fun": "0.15143911096599771", "jac": "[-4.84619012e-06  4.15090184e-07 -2.70852230e-06  3.29326566e-06\n -4.16877644e-06 -2.64483990e-06]", "hess_inv": "[[ 3.2525564   0.71198521  0.34854681  0.65529628  0.26729959 -1.56137225]\n [ 0.71198521  6.04864162  3.41993704  0.33888534  3.02716478 -0.99221961]\n [ 0.34854681  3.41993704  5.21315024  0.38885076  1.77067199 -0.16048618]\n [ 0.65529628  0.33888534  0.38885076  2.91869692  0.80897555 -0.08525642]\n [ 0.26729959  3.02716478  1.77067199  0.80897555  5.40528783 -0.19378341]\n [-1.56137225 -0.99221961 -0.16048618 -0.08525642 -0.19378341  3.72041757]]", "nfev": "385", "njev": "55", "status": "0", "success": "True", "message": "Optimization terminated successfully.", "x": "[8.11114964 6.06393209 8.50601315 1.65345093 7.227391   3.82493312]", "nit": "48"}, "19": {"maxiter": 1000, "gtol": 1e-05, "xrtol": 1e-10, "eps": 1e-10, "duration": 0.06684613227844238, "fun": "0.15143911078885897", "jac": "[ 0.00000000e+00 -1.11022293e-06 -1.11022293e-06 -4.44089173e-06\n -5.55111466e-06  3.33066880e-06]", "hess_inv": "[[ 3.52564697  0.85732974  0.52325847  0.56786469  0.40491207 -1.54698923]\n [ 0.85732974  5.89771924  3.45433943  0.28264049  2.94569028 -0.9067796 ]\n [ 0.52325847  3.45433943  5.40199818  0.31859038  1.85987042 -0.09796435]\n [ 0.56786469  0.28264049  0.31859038  2.84217837  0.63140768 -0.03601614]\n [ 0.40491207  2.94569028  1.85987042  0.63140768  5.2747902  -0.05072071]\n [-1.54698923 -0.9067796  -0.09796435 -0.03601614 -0.05072071  3.70625948]]", "nfev": "385", "njev": "55", "status": "0", "success": "True", "message": "Optimization terminated successfully.", "x": "[8.11116321 6.06394651 8.50604179 1.65344553 7.22740412 3.82495036]", "nit": "47"}, "20": {"maxiter": 1000, "gtol": 1e-10, "xrtol": 1e-05, "eps": 1e-05, "duration": 0.06708574295043945, "fun": "0.15143911072808613", "jac": "[-3.73923115e-07  5.87530025e-08 -2.70372613e-07  2.79742896e-07\n -2.29327668e-07 -2.39808173e-09]", "hess_inv": "[[ 3.21695061  0.69396786  0.32110546  0.66609441  0.27597656 -1.50821579]\n [ 0.69396786  6.07130343  3.43310829  0.34679579  3.09544386 -0.92143165]\n [ 0.32110546  3.43310829  5.2150382   0.39925574  1.83175499 -0.08215016]\n [ 0.66609441  0.34679579  0.39925574  2.9156105   0.81126222 -0.09799851]\n [ 0.27597656  3.09544386  1.83175499  0.81126222  5.53161405 -0.11850202]\n [-1.50821579 -0.92143165 -0.08215016 -0.09799851 -0.11850202  3.70167481]]", "nfev": "392", "njev": "56", "status": "0", "success": "True", "message": "Optimization terminated successfully.", "x": "[8.11116078 6.06395155 8.50603351 1.65344861 7.22741609 3.82493559]", "nit": "49"}, "21": {"maxiter": 1000, "gtol": 1e-10, "xrtol": 1e-05, "eps": 1e-10, "duration": 0.06692790985107422, "fun": "0.1514391106775147", "jac": "[ 3.33066880e-06 -1.11022293e-06  2.22044587e-06  2.22044587e-06\n  3.33066880e-06  3.33066880e-06]", "hess_inv": "[[ 3.48948228  0.82568849  0.49466434  0.55011227  0.39166867 -1.48168805]\n [ 0.82568849  5.95655623  3.48225753  0.31365582  3.07176778 -0.82168747]\n [ 0.49466434  3.48225753  5.41177736  0.33303311  1.93362627 -0.02922709]\n [ 0.55011227  0.31365582  0.33303311  2.85850614  0.69896903  0.01108028]\n [ 0.39166867  3.07176778  1.93362627  0.69896903  5.48898082  0.01767806]\n [-1.48168805 -0.82168747 -0.02922709  0.01108028  0.01767806  3.59738241]]", "nfev": "392", "njev": "56", "status": "0", "success": "True", "message": "Optimization terminated successfully.", "x": "[8.11117423 6.06397817 8.50606398 1.65346278 7.22744319 3.82493758]", "nit": "48"}, "22": {"maxiter": 1000, "gtol": 1e-10, "xrtol": 1e-10, "eps": 1e-05, "duration": 0.0798487663269043, "fun": "0.15143911071906258", "jac": "[-3.10862447e-10  4.66293670e-10 -1.39888101e-09  7.54951657e-10\n  6.88338275e-10  2.57571742e-09]", "hess_inv": "[[ 3.30438653  0.81261602  0.45445452  0.64362344  0.40112258 -1.54190937]\n [ 0.81261602  6.22311473  3.60666941  0.31526532  3.24644117 -0.98064376]\n [ 0.45445452  3.60666941  5.41246101  0.36415368  2.00749477 -0.14436318]\n [ 0.64362344  0.31526532  0.36415368  2.92126687  0.77696826 -0.09087217]\n [ 0.40112258  3.24644117  2.00749477  0.77696826  5.67216368 -0.19439326]\n [-1.54190937 -0.98064376 -0.14436318 -0.09087217 -0.19439326  3.69479576]]", "nfev": "467", "njev": "65", "status": "2", "success": "False", "message": "Desired error not necessarily achieved due to precision loss.", "x": "[8.111162   6.06395312 8.50603529 1.6534483  7.22741768 3.82493503]", "nit": "50"}, "23": {"maxiter": 1000, "gtol": 1e-10, "xrtol": 1e-10, "eps": 1e-10, "duration": 0.08229613304138184, "fun": "0.1514391106592754", "jac": "[ 0.00000000e+00 -1.11022293e-06  1.11022293e-06  0.00000000e+00\n  1.11022293e-06  1.11022293e-06]", "hess_inv": "[[ 1.13029907  0.27924937  0.0948891   0.27614385  0.71992445 -1.38822916]\n [ 0.27924937  6.46275273  3.29072161  0.20303067  2.1703655  -3.85842242]\n [ 0.0948891   3.29072161  5.00790509  0.08679586  0.77782443 -1.8561047 ]\n [ 0.27614385  0.20303067  0.08679586  2.67287939  0.2111579  -0.5703367 ]\n [ 0.71992445  2.1703655   0.77782443  0.2111579   3.22610115 -2.05102276]\n [-1.38822916 -3.85842242 -1.8561047  -0.5703367  -2.05102276  5.16219886]]", "nfev": "483", "njev": "69", "status": "0", "success": "True", "message": "Optimization terminated successfully.", "x": "[8.11116636 6.06397291 8.50605425 1.65345612 7.22743545 3.8249388 ]", "nit": "52"}}, "cobyla": {"0": {"maxiter": 100, "tol": 1e-05, "catol": 1e-05, "duration": 0.016408920288085938, "x": "[5.52566065 8.04057875 4.66420095 4.64257015 2.69203265 7.57856456]", "status": "2", "success": "False", "message": "Maximum number of function evaluations has been exceeded.", "nfev": "100", "fun": "0.21680114411284246", "maxcv": "0.0"}, "1": {"maxiter": 100, "tol": 1e-05, "catol": 1e-10, "duration": 0.0163571834564209, "x": "[5.52566065 8.04057875 4.66420095 4.64257015 2.69203265 7.57856456]", "status": "2", "success": "False", "message": "Maximum number of function evaluations has been exceeded.", "nfev": "100", "fun": "0.21680114411284246", "maxcv": "0.0"}, "2": {"maxiter": 100, "tol": 1e-10, "catol": 1e-05, "duration": 0.016646862030029297, "x": "[5.52566065 8.04057875 4.66420095 4.64257015 2.69203265 7.57856456]", "status": "2", "success": "False", "message": "Maximum number of function evaluations has been exceeded.", "nfev": "100", "fun": "0.21680114411284246", "maxcv": "0.0"}, "3": {"maxiter": 100, "tol": 1e-10, "catol": 1e-10, "duration": 0.01640009880065918, "x": "[5.52566065 8.04057875 4.66420095 4.64257015 2.69203265 7.57856456]", "status": "2", "success": "False", "message": "Maximum number of function evaluations has been exceeded.", "nfev": "100", "fun": "0.21680114411284246", "maxcv": "0.0"}, "4": {"maxiter": 500, "tol": 1e-05, "catol": 1e-05, "duration": 0.06889009475708008, "x": "[4.45521071 9.20554746 5.36444205 4.62973999 4.08582248 6.96653364]", "status": "1", "success": "True", "message": "Optimization terminated successfully.", "nfev": "420", "fun": "0.15143911072941496", "maxcv": "0.0"}, "5": {"maxiter": 500, "tol": 1e-05, "catol": 1e-10, "duration": 0.06872296333312988, "x": "[4.45521071 9.20554746 5.36444205 4.62973999 4.08582248 6.96653364]", "status": "1", "success": "True", "message": "Optimization terminated successfully.", "nfev": "420", "fun": "0.15143911072941496", "maxcv": "0.0"}, "6": {"maxiter": 500, "tol": 1e-10, "catol": 1e-05, "duration": 0.08173799514770508, "x": "[4.45520111 9.20556699 5.36446116 4.62972839 4.08584325 6.96652888]", "status": "2", "success": "False", "message": "Maximum number of function evaluations has been exceeded.", "nfev": "500", "fun": "0.15143911065733606", "maxcv": "0.0"}, "7": {"maxiter": 500, "tol": 1e-10, "catol": 1e-10, "duration": 0.08169293403625488, "x": "[4.45520111 9.20556699 5.36446116 4.62972839 4.08584325 6.96652888]", "status": "2", "success": "False", "message": "Maximum number of function evaluations has been exceeded.", "nfev": "500", "fun": "0.15143911065733606", "maxcv": "0.0"}, "8": {"maxiter": 1000, "tol": 1e-05, "catol": 1e-05, "duration": 0.06835317611694336, "x": "[4.45521071 9.20554746 5.36444205 4.62973999 4.08582248 6.96653364]", "status": "1", "success": "True", "message": "Optimization terminated successfully.", "nfev": "420", "fun": "0.15143911072941496", "maxcv": "0.0"}, "9": {"maxiter": 1000, "tol": 1e-05, "catol": 1e-10, "duration": 0.06844305992126465, "x": "[4.45521071 9.20554746 5.36444205 4.62973999 4.08582248 6.96653364]", "status": "1", "success": "True", "message": "Optimization terminate