{"date": "2024/07/18/, 21:07:01", "conf_id": 67, "data_type": "random\n", "num_data_points": 4, "s_rank": 0, "unitary": "[[0.18663085-0.53122324j,-0.11886349-0.70040876j,0.28555095-0.02789305j,-0.12262021-0.2844587j],[-0.16702216+0.27758472j,0.27526351-0.29738586j,-0.01109314+0.22495461j,-0.77239203+0.28900673j],[0.61935415+0.12301792j,-0.31269928-0.03315917j,-0.61902762-0.19039079j,-0.27120731-0.0968989j],[0.42341754+0.0023929j,-0.05847358+0.47832119j,0.64900495-0.16218422j,-0.37182676-0.05229966j]]", "databatch_0": {"databatch": "[[[0.05301564-0.22862032j,-0.01972584-0.08938812j,0.07765121-0.11860621j,-0.28675592-0.40554592j],[-0.27102522+0.03292291j,0.03364064-0.14664351j,-0.04611754+0.08705518j,0.11281302+0.16359147j],[-0.20509536+0.30848477j,-0.02629536-0.09724719j,-0.01541497+0.17601814j,0.40538146+0.25344832j],[0.04332073+0.0655579j,0.0157912-0.08449781j,0.08142916+0.05900399j,0.23410603-0.19424982j]],[[0.0373092-0.07503486j,-0.29704504-0.00543575j,0.13568653-0.14619805j,-0.30033423-0.10233429j],[-0.00945537+0.16364746j,0.3645722-0.14735168j,-0.09334916+0.29492029j,0.41843474-0.12049435j],[0.05883952+0.00125959j,-0.09221745-0.23785201j,0.14901191+0.0564761j,0.00589255-0.2664957j],[-0.06557217+0.02440432j,0.14410933+0.17359195j,-0.155027+0.00194636j,0.09571216+0.2085089j]],[[-0.12811337-0.11554509j,0.13204549-0.05395112j,0.07816122-0.00623859j,-0.14050721-0.01669909j],[-0.22070988+0.25747972j,-0.02715269-0.16288169j,0.01634609-0.15259666j,-0.01994612+0.20509446j],[-0.44067777+0.1794158j,0.12244793-0.22081366j,0.12746674-0.1894782j,-0.1767188+0.22163057j],[0.01906539+0.00926299j,-0.03070644+0.45559201j,0.07055211+0.0848787j,0.20834753-0.1680595j]],[[-0.06308455+0.12207467j,-0.06475614-0.07278786j,0.03694003+0.10580284j,0.13282351+0.04272766j],[0.33314932-0.00482657j,-0.06074533+0.13391594j,0.13624513-0.24173936j,-0.13701417-0.25758618j],[-0.15357108+0.13907906j,-0.03897162-0.12011267j,0.01136831+0.165768j,0.16155791+0.10463814j],[-0.11450445-0.45479129j,0.21275493+0.09547263j,-0.33758-0.09606093j,-0.28302501+0.20902695j]]]", "initial param values": "[1.26030125,2.46633598,2.74687292,0.52733678,3.63780751,2.91601161]", "nelder_mead": {"type": "gradient-free", "0": {"maxiter": 100, "fatol": 1e-05, "xatol": 1e-05, "duration": 0.029190778732299805, "fun": "0.5605008224006576", "nit": "100", "nfev": "163", "status": "2", "success": "False", "message": "Maximum number of iterations has been exceeded.", "x": "[1.32303374 6.36074784 5.02084835 0.12271889 6.28193292 2.33371974]", "final_simplex": "(array([[1.32303374, 6.36074784, 5.02084835, 0.12271889, 6.28193292,\n        2.33371974],\n       [1.31445498, 6.28960365, 4.98836944, 0.13453754, 6.23745554,\n        2.32344768],\n       [1.30867561, 6.28098967, 4.93945527, 0.12905929, 6.26743935,\n        2.32143398],\n       [1.39819516, 6.34036927, 4.97360239, 0.12221026, 6.26225828,\n        2.35775556],\n       [1.33177119, 6.28491496, 5.02943829, 0.12633186, 6.24252702,\n        2.3713404 ],\n       [1.34124453, 6.31572635, 4.96665197, 0.11875757, 6.25889964,\n        2.38414595],\n       [1.31312898, 6.25319883, 5.06057442, 0.13697607, 6.21518442,\n        2.37169835]]), array([0.56050082, 0.56051798, 0.56054964, 0.56057255, 0.56062032,\n       0.56064333, 0.56078115]))"}, "1": {"maxiter": 100, "fatol": 1e-05, "xatol": 1e-10, "duration": 0.032929182052612305, "fun": "0.5605008224006576", "nit": "100", "nfev": "163", "status": "2", "success": "False", "message": "Maximum number of iterations has been exceeded.", "x": "[1.32303374 6.36074784 5.02084835 0.12271889 6.28193292 2.33371974]", "final_simplex": "(array([[1.32303374, 6.36074784, 5.02084835, 0.12271889, 6.28193292,\n        2.33371974],\n       [1.31445498, 6.28960365, 4.98836944, 0.13453754, 6.23745554,\n        2.32344768],\n       [1.30867561, 6.28098967, 4.93945527, 0.12905929, 6.26743935,\n        2.32143398],\n       [1.39819516, 6.34036927, 4.97360239, 0.12221026, 6.26225828,\n        2.35775556],\n       [1.33177119, 6.28491496, 5.02943829, 0.12633186, 6.24252702,\n        2.3713404 ],\n       [1.34124453, 6.31572635, 4.96665197, 0.11875757, 6.25889964,\n        2.38414595],\n       [1.31312898, 6.25319883, 5.06057442, 0.13697607, 6.21518442,\n        2.37169835]]), array([0.56050082, 0.56051798, 0.56054964, 0.56057255, 0.56062032,\n       0.56064333, 0.56078115]))"}, "2": {"maxiter": 100, "fatol": 1e-10, "xatol": 1e-05, "duration": 0.03801608085632324, "fun": "0.5605008224006576", "nit": "100", "nfev": "163", "status": "2", "success": "False", "message": "Maximum number of iterations has been exceeded.", "x": "[1.32303374 6.36074784 5.02084835 0.12271889 6.28193292 2.33371974]", "final_simplex": "(array([[1.32303374, 6.36074784, 5.02084835, 0.12271889, 6.28193292,\n        2.33371974],\n       [1.31445498, 6.28960365, 4.98836944, 0.13453754, 6.23745554,\n        2.32344768],\n       [1.30867561, 6.28098967, 4.93945527, 0.12905929, 6.26743935,\n        2.32143398],\n       [1.39819516, 6.34036927, 4.97360239, 0.12221026, 6.26225828,\n        2.35775556],\n       [1.33177119, 6.28491496, 5.02943829, 0.12633186, 6.24252702,\n        2.3713404 ],\n       [1.34124453, 6.31572635, 4.96665197, 0.11875757, 6.25889964,\n        2.38414595],\n       [1.31312898, 6.25319883, 5.06057442, 0.13697607, 6.21518442,\n        2.37169835]]), array([0.56050082, 0.56051798, 0.56054964, 0.56057255, 0.56062032,\n       0.56064333, 0.56078115]))"}, "3": {"maxiter": 100, "fatol": 1e-10, "xatol": 1e-10, "duration": 0.03112030029296875, "fun": "0.5605008224006576", "nit": "100", "nfev": "163", "status": "2", "success": "False", "message": "Maximum number of iterations has been exceeded.", "x": "[1.32303374 6.36074784 5.02084835 0.12271889 6.28193292 2.33371974]", "final_simplex": "(array([[1.32303374, 6.36074784, 5.02084835, 0.12271889, 6.28193292,\n        2.33371974],\n       [1.31445498, 6.28960365, 4.98836944, 0.13453754, 6.23745554,\n        2.32344768],\n       [1.30867561, 6.28098967, 4.93945527, 0.12905929, 6.26743935,\n        2.32143398],\n       [1.39819516, 6.34036927, 4.97360239, 0.12221026, 6.26225828,\n        2.35775556],\n       [1.33177119, 6.28491496, 5.02943829, 0.12633186, 6.24252702,\n        2.3713404 ],\n       [1.34124453, 6.31572635, 4.96665197, 0.11875757, 6.25889964,\n        2.38414595],\n       [1.31312898, 6.25319883, 5.06057442, 0.13697607, 6.21518442,\n        2.37169835]]), array([0.56050082, 0.56051798, 0.56054964, 0.56057255, 0.56062032,\n       0.56064333, 0.56078115]))"}, "4": {"maxiter": 500, "fatol": 1e-05, "xatol": 1e-05, "duration": 0.1627519130706787, "fun": "0.21214839462089696", "nit": "500", "nfev": "752", "status": "2", "success": "False", "message": "Maximum number of iterations has been exceeded.", "x": "[1.67969108 7.23432217 3.48512665 2.29189893 7.04723308 2.67766851]", "final_simplex": "(array([[1.67969108, 7.23432217, 3.48512665, 2.29189893, 7.04723308,\n        2.67766851],\n       [1.71246326, 7.23739361, 3.48828073, 2.29590877, 7.06456793,\n        2.70123302],\n       [1.69974293, 7.23565585, 3.50566866, 2.27977389, 7.0424729 ,\n        2.6936553 ],\n       [1.70109544, 7.2667726 , 3.48904772, 2.29342657, 7.04496397,\n        2.65356059],\n       [1.71428982, 7.25495764, 3.47280994, 2.30665593, 7.03785682,\n        2.695001  ],\n       [1.70582461, 7.23055912, 3.47989135, 2.29046927, 7.01929385,\n        2.6559191 ],\n       [1.67351458, 7.21438396, 3.48860755, 2.31210044, 7.01751846,\n        2.65687244]]), array([0.21214839, 0.21214862, 0.21216264, 0.21217705, 0.21225401,\n       0.2122671 , 0.21230896]))"}, "5": {"maxiter": 500, "fatol": 1e-05, "xatol": 1e-10, "duration": 0.13140106201171875, "fun": "0.21214839462089696", "nit": "500", "nfev": "752", "status": "2", "success": "False", "message": "Maximum number of iterations has been exceeded.", "x": "[1.67969108 7.23432217 3.48512665 2.29189893 7.04723308 2.67766851]", "final_simplex": "(array([[1.67969108, 7.23432217, 3.48512665, 2.29189893, 7.04723308,\n        2.67766851],\n       [1.71246326, 7.23739361, 3.48828073, 2.29590877, 7.06456793,\n        2.70123302],\n       [1.69974293, 7.23565585, 3.50566866, 2.27977389, 7.0424729 ,\n        2.6936553 ],\n       [1.70109544, 7.2667726 , 3.48904772, 2.29342657, 7.04496397,\n        2.65356059],\n       [1.71428982, 7.25495764, 3.47280994, 2.30665593, 7.03785682,\n        2.695001  ],\n       [1.70582461, 7.23055912, 3.47989135, 2.29046927, 7.01929385,\n        2.6559191 ],\n       [1.67351458, 7.21438396, 3.48860755, 2.31210044, 7.01751846,\n        2.65687244]]), array([0.21214839, 0.21214862, 0.21216264, 0.21217705, 0.21225401,\n       0.2122671 , 0.21230896]))"}, "6": {"maxiter": 500, "fatol": 1e-10, "xatol": 1e-05, "duration": 0.13048028945922852, "fun": "0.21214839462089696", "nit": "500", "nfev": "752", "status": "2", "success": "False", "message": "Maximum number of iterations has been exceeded.", "x": "[1.67969108 7.23432217 3.48512665 2.29189893 7.04723308 2.67766851]", "final_simplex": "(array([[1.67969108, 7.23432217, 3.48512665, 2.29189893, 7.04723308,\n        2.67766851],\n       [1.71246326, 7.23739361, 3.48828073, 2.29590877, 7.06456793,\n        2.70123302],\n       [1.69974293, 7.23565585, 3.50566866, 2.27977389, 7.0424729 ,\n        2.6936553 ],\n       [1.70109544, 7.2667726 , 3.48904772, 2.29342657, 7.04496397,\n        2.65356059],\n       [1.71428982, 7.25495764, 3.47280994, 2.30665593, 7.03785682,\n        2.695001  ],\n       [1.70582461, 7.23055912, 3.47989135, 2.29046927, 7.01929385,\n        2.6559191 ],\n       [1.67351458, 7.21438396, 3.48860755, 2.31210044, 7.01751846,\n        2.65687244]]), array([0.21214839, 0.21214862, 0.21216264, 0.21217705, 0.21225401,\n       0.2122671 , 0.21230896]))"}, "7": {"maxiter": 500, "fatol": 1e-10, "xatol": 1e-10, "duration": 0.1343672275543213, "fun": "0.21214839462089696", "nit": "500", "nfev": "752", "status": "2", "success": "False", "message": "Maximum number of iterations has been exceeded.", "x": "[1.67969108 7.23432217 3.48512665 2.29189893 7.04723308 2.67766851]", "final_simplex": "(array([[1.67969108, 7.23432217, 3.48512665, 2.29189893, 7.04723308,\n        2.67766851],\n       [1.71246326, 7.23739361, 3.48828073, 2.29590877, 7.06456793,\n        2.70123302],\n       [1.69974293, 7.23565585, 3.50566866, 2.27977389, 7.0424729 ,\n        2.6936553 ],\n       [1.70109544, 7.2667726 , 3.48904772, 2.29342657, 7.04496397,\n        2.65356059],\n       [1.71428982, 7.25495764, 3.47280994, 2.30665593, 7.03785682,\n        2.695001  ],\n       [1.70582461, 7.23055912, 3.47989135, 2.29046927, 7.01929385,\n        2.6559191 ],\n       [1.67351458, 7.21438396, 3.48860755, 2.31210044, 7.01751846,\n        2.65687244]]), array([0.21214839, 0.21214862, 0.21216264, 0.21217705, 0.21225401,\n       0.2122671 , 0.21230896]))"}, "8": {"maxiter": 1000, "fatol": 1e-05, "xatol": 1e-05, "duration": 0.17535090446472168, "fun": "0.2120194274701005", "nit": "637", "nfev": "978", "status": "0", "success": "True", "message": "Optimization terminated successfully.", "x": "[1.68874806 7.25237135 3.49718217 2.30606449 7.045285   2.6766688 ]", "final_simplex": "(array([[1.68874806, 7.25237135, 3.49718217, 2.30606449, 7.045285  ,\n        2.6766688 ],\n       [1.68875201, 7.25237744, 3.49717576, 2.30606686, 7.04528452,\n        2.67666665],\n       [1.6887491 , 7.25237775, 3.49718109, 2.30606537, 7.04528313,\n        2.67666482],\n       [1.68875015, 7.25237596, 3.49717708, 2.30606381, 7.04527775,\n        2.67665934],\n       [1.68875373, 7.25237368, 3.497179  , 2.30606764, 7.04527925,\n        2.67666597],\n       [1.68875107, 7.2523695 , 3.49717931, 2.3060616 , 7.04528095,\n        2.67667448],\n       [1.68875739, 7.25237716, 3.49718011, 2.30606077, 7.04528996,\n        2.67666823]]), array([0.21201943, 0.21201943, 0.21201943, 0.21201943, 0.21201943,\n       0.21201943, 0.21201943]))"}, "9": {"maxiter": 1000, "fatol": 1e-05, "xatol": 1e-10, "duration": 0.20648503303527832, "fun": "0.21201942746599534", "nit": "728", "nfev": "1184", "status": "0", "success": "True", "message": "Optimization terminated successfully.", "x": "[1.68874944 7.25237327 3.49717847 2.30606288 7.04528526 2.67666899]", "final_simplex": "(array([[1.68874944, 7.25237327, 3.49717847, 2.30606288, 7.04528526,\n        2.67666899],\n       [1.68874944, 7.25237327, 3.49717847, 2.30606288, 7.04528526,\n        2.67666899],\n       [1.68874944, 7.25237327, 3.49717847, 2.30606288, 7.04528526,\n        2.67666899],\n       [1.68874944, 7.25237327, 3.49717847, 2.30606288, 7.04528526,\n        2.67666899],\n       [1.68874944, 7.25237327, 3.49717847, 2.30606288, 7.04528526,\n        2.67666899],\n       [1.68874944, 7.25237327, 3.49717847, 2.30606288, 7.04528526,\n        2.67666899],\n       [1.68874944, 7.25237327, 3.49717847, 2.30606288, 7.04528526,\n        2.67666899]]), array([0.21201943, 0.21201943, 0.21201943, 0.21201943, 0.21201943,\n       0.21201943, 0.21201943]))"}, "10": {"maxiter": 1000, "fatol": 1e-10, "xatol": 1e-05, "duration": 0.16858291625976562, "fun": "0.2120194274701005", "nit": "637", "nfev": "978", "status": "0", "success": "True", "message": "Optimization terminated successfully.", "x": "[1.68874806 7.25237135 3.49718217 2.30606449 7.045285   2.6766688 ]", "final_simplex": "(array([[1.68874806, 7.25237135, 3.49718217, 2.30606449, 7.045285  ,\n        2.6766688 ],\n       [1.68875201, 7.25237744, 3.49717576, 2.30606686, 7.04528452,\n        2.67666665],\n       [1.6887491 , 7.25237775, 3.49718109, 2.30606537, 7.04528313,\n        2.67666482],\n       [1.68875015, 7.25237596, 3.49717708, 2.30606381, 7.04527775,\n        2.67665934],\n       [1.68875373, 7.25237368, 3.497179  , 2.30606764, 7.04527925,\n        2.67666597],\n       [1.68875107, 7.2523695 , 3.49717931, 2.3060616 , 7.04528095,\n        2.67667448],\n       [1.68875739, 7.25237716, 3.49718011, 2.30606077, 7.04528996,\n        2.67666823]]), array([0.21201943, 0.21201943, 0.21201943, 0.21201943, 0.21201943,\n       0.21201943, 0.21201943]))"}, "11": {"maxiter": 1000, "fatol": 1e-10, "xatol": 1e-10, "duration": 0.20246386528015137, "fun": "0.21201942746599534", "nit": "728", "nfev": "1184", "status": "0", "success": "True", "message": "Optimization terminated successfully.", "x": "[1.68874944 7.25237327 3.49717847 2.30606288 7.04528526 2.67666899]", "final_simplex": "(array([[1.68874944, 7.25237327, 3.49717847, 2.30606288, 7.04528526,\n        2.67666899],\n       [1.68874944, 7.25237327, 3.49717847, 2.30606288, 7.04528526,\n        2.67666899],\n       [1.68874944, 7.25237327, 3.49717847, 2.30606288, 7.04528526,\n        2.67666899],\n       [1.68874944, 7.25237327, 3.49717847, 2.30606288, 7.04528526,\n        2.67666899],\n       [1.68874944, 7.25237327, 3.49717847, 2.30606288, 7.04528526,\n        2.67666899],\n       [1.68874944, 7.25237327, 3.49717847, 2.30606288, 7.04528526,\n        2.67666899],\n       [1.68874944, 7.25237327, 3.49717847, 2.30606288, 7.04528526,\n        2.67666899]]), array([0.21201943, 0.21201943, 0.21201943, 0.21201943, 0.21201943,\n       0.21201943, 0.21201943]))"}}, "bfgs": {"type": "gradient", "0": {"maxiter": 100, "gtol": 1e-05, "xrtol": 1e-05, "eps": 1e-05, "duration": 0.03756999969482422, "fun": "0.5469195228257875", "jac": "[ 4.75108841e-07  5.79158943e-07 -1.20882193e-06 -1.80178095e-06\n  3.13482573e-07 -5.06261699e-07]", "hess_inv": "[[ 12.00418089 -12.86526742  -5.32035822   8.92250093   3.92111393\n  -10.11586968]\n [-12.86526742  36.65695705  19.72770104 -11.8263212   -6.47449408\n   24.23289614]\n [ -5.32035822  19.72770104  16.71439097  -6.01470953  -4.63562952\n   15.4867798 ]\n [  8.92250093 -11.8263212   -6.01470953  15.60312373   4.39208271\n  -12.29885991]\n [  3.92111393  -6.47449408  -4.63562952   4.39208271  12.40694171\n  -15.7526861 ]\n [-10.11586968  24.23289614  15.4867798  -12.29885991 -15.7526861\n   36.37684218]]", "nfev": "217", "njev": "31", "status": "0", "success": "True", "message": "Optimization terminated successfully.", "x": "[2.15319741 4.86001719 5.34121685 0.9184192  2.33274827 5.55046913]", "nit": "26"}, "1": {"maxiter": 100, "gtol": 1e-05, "xrtol": 1e-05, "eps": 1e-10, "duration": 0.038726806640625, "fun": "0.5469195228351721", "jac": "[ 3.33066880e-06  1.11022293e-06 -2.22044587e-06  1.11022293e-06\n  3.33066880e-06  2.22044587e-06]", "hess_inv": "[[ 11.99069372 -13.02348888  -5.47113849   8.97621716   3.85923845\n  -10.05737707]\n [-13.02348888  35.75137065  18.89576334 -11.82618834  -6.12432069\n   23.1536322 ]\n [ -5.47113849  18.89576334  16.01059953  -6.02688573  -4.41365272\n   14.71143141]\n [  8.97621716 -11.82618834  -6.02688573  15.67336935   4.29326418\n  -12.08457966]\n [  3.85923845  -6.12432069  -4.41365272   4.29326418  12.24200947\n  -15.51994857]\n [-10.05737707  23.1536322   14.71143141 -12.08457966 -15.51994857\n   35.8310181 ]]", "nfev": "217", "njev": "31", "status": "0", "success": "True", "message": "Optimization terminated successfully.", "x": "[2.15323839 4.86000078 5.34121802 0.91845977 2.33276163 5.55046442]", "nit": "26"}, "2": {"maxiter": 100, "gtol": 1e-05, "xrtol": 1e-10, "eps": 1e-05, "duration": 0.03809714317321777, "fun": "0.5469195228257875", "jac": "[ 4.75108841e-07  5.79158943e-07 -1.20882193e-06 -1.80178095e-06\n  3.13482573e-07 -5.06261699e-07]", "hess_inv": "[[ 12.00418089 -12.86526742  -5.32035822   8.92250093   3.92111393\n  -10.11586968]\n [-12.86526742  36.65695705  19.72770104 -11.8263212   -6.47449408\n   24.23289614]\n [ -5.32035822  19.72770104  16.71439097  -6.01470953  -4.63562952\n   15.4867798 ]\n [  8.92250093 -11.8263212   -6.01470953  15.60312373   4.39208271\n  -12.29885991]\n [  3.92111393  -6.47449408  -4.63562952   4.39208271  12.40694171\n  -15.7526861 ]\n [-10.11586968  24.23289614  15.4867798  -12.29885991 -15.7526861\n   36.37684218]]", "nfev": "217", "njev": "31", "status": "0", "success": "True", "message": "Optimization terminated successfully.", "x": "[2.15319741 4.86001719 5.34121685 0.9184192  2.33274827 5.55046913]", "nit": "26"}, "3": {"maxiter": 100, "gtol": 1e-05, "xrtol": 1e-10, "eps": 1e-10, "duration": 0.03852391242980957, "fun": "0.5469195228351721", "jac": "[ 3.33066880e-06  1.11022293e-06 -2.22044587e-06  1.11022293e-06\n  3.33066880e-06  2.22044587e-06]", "hess_inv": "[[ 11.99069372 -13.02348888  -5.47113849   8.97621716   3.85923845\n  -10.05737707]\n [-13.02348888  35.75137065  18.89576334 -11.82618834  -6.12432069\n   23.1536322 ]\n [ -5.47113849  18.89576334  16.01059953  -6.02688573  -4.41365272\n   14.71143141]\n [  8.97621716 -11.82618834  -6.02688573  15.67336935   4.29326418\n  -12.08457966]\n [  3.85923845  -6.12432069  -4.41365272   4.29326418  12.24200947\n  -15.51994857]\n [-10.05737707  23.1536322   14.71143141 -12.08457966 -15.51994857\n   35.8310181 ]]", "nfev": "217", "njev": "31", "status": "0", "success": "True", "message": "Optimization terminated successfully.", "x": "[2.15323839 4.86000078 5.34121802 0.91845977 2.33276163 5.55046442]", "nit": "26"}, "4": {"maxiter": 100, "gtol": 1e-10, "xrtol": 1e-05, "eps": 1e-05, "duration": 0.040246009826660156, "fun": "0.5469195227835381", "jac": "[ 4.65028016e-07  1.02029496e-08 -3.42725848e-08 -3.44835271e-08\n -9.48907619e-08  1.78557169e-07]", "hess_inv": "[[ 12.13413737 -13.03369809  -5.2955598    9.3258541    3.78834147\n  -10.05973567]\n [-13.03369809  35.88783855  18.64268128 -12.37295942  -6.00141853\n   23.14224736]\n [ -5.2955598   18.64268128  15.59643718  -5.96319441  -4.34001403\n   14.41210852]\n [  9.3258541  -12.37295942  -5.96319441  16.85445644   3.98726591\n  -12.14924107]\n [  3.78834147  -6.00141853  -4.34001403   3.98726591  12.45083824\n  -15.49974931]\n [-10.05973567  23.14224736  14.41210852 -12.14924107 -15.49974931\n   35.35176971]]", "nfev": "224", "njev": "32", "status": "0", "success": "True", "message": "Optimization terminated successfully.", "x": "[2.15320332 4.86001643 5.34122534 0.9184377  2.33274013 5.55047879]", "nit": "27"}, "5": {"maxiter": 100, "gtol": 1e-10, "xrtol": 1e-05, "eps": 1e-10, "duration": 0.04124331474304199, "fun": "0.5469195227829715", "jac": "[-2.22044587e-06 -1.11022293e-06 -1.11022293e-06 -1.11022293e-06\n -3.33066880e-06  0.00000000e+00]", "hess_inv": "[[ 10.53154078 -11.21351545  -4.36141004   6.80084639   3.58514054\n   -9.28635645]\n [-11.21351545  34.26722952  17.81032     -9.9779256   -5.01337297\n   21.96853775]\n [ -4.36141004  17.81032     15.27796678  -4.69763964  -3.91029307\n   14.03756662]\n [  6.80084639  -9.9779256   -4.69763964  13.37992162   3.02338498\n  -10.67962323]\n [  3.58514054  -5.01337297  -3.91029307   3.02338498  12.9715496\n  -15.60680379]\n [ -9.28635645  21.96853775  14.03756662 -10.67962323 -15.60680379\n   35.4923384 ]]", "nfev": "224", "njev": "32", "status": "0", "success": "True", "message": "Optimization terminated successfully.", "x": "[2.15320721 4.86001863 5.34123376 0.91843655 2.33273467 5.55048716]", "nit": "27"}, "6": {"maxiter": 100, "gtol": 1e-10, "xrtol": 1e-10, "eps": 1e-05, "duration": 0.09254097938537598, "fun": "0.5469195227835381", "jac": "[ 4.65028016e-07  1.02029496e-08 -3.42725848e-08 -3.44835271e-08\n -9.48907619e-08  1.78557169e-07]", "hess_inv": "[[ 11.49859823 -12.86396168  -5.73666739   8.314289     4.41974658\n  -10.87756576]\n [-12.86396168  35.85489404  18.8264003  -11.96612224  -6.20415827\n   23.39170522]\n [ -5.73666739  18.8264003   15.64096044  -5.93810451  -4.08324738\n   14.00960926]\n [  8.314289   -11.96612224  -5.93810451  16.75229789   4.61594581\n  -13.10853207]\n [  4.41974658  -6.20415827  -4.08324738   4.61594581  11.91744857\n  -14.77269117]\n [-10.87756576  23.39170522  14.00960926 -13.10853207 -14.77269117\n   34.37711984]]", "nfev": "515", "njev": "72", "status": "2", "success": "False", "message": "Desired error not necessarily achieved due to precision loss.", "x": "[2.15320332 4.86001643 5.34122534 0.9184377  2.33274013 5.55047879]", "nit": "27"}, "7": {"maxiter": 100, "gtol": 1e-10, "xrtol": 1e-10, "eps": 1e-10, "duration": 0.05187821388244629, "fun": "0.546919522777028", "jac": "[ 2.22044587e-06  0.00000000e+00  2.22044587e-06  0.00000000e+00\n -1.11022293e-06  0.00000000e+00]", "hess_inv": "[[  8.97245401 -13.21337062  -7.44996359   5.71837872   1.71511863\n   -8.70473227]\n [-13.21337062  34.54714947  17.24221111 -10.98589063  -5.24047468\n   20.66450225]\n [ -7.44996359  17.24221111  13.4956072   -6.70271418  -6.16478301\n   14.52972649]\n [  5.71837872 -10.98589063  -6.70271418  13.02254642   3.25967788\n  -12.49810901]\n [  1.71511863  -5.24047468  -6.16478301   3.25967788  16.89556173\n  -23.5346961 ]\n [ -8.70473227  20.66450225  14.52972649 -12.49810901 -23.5346961\n   47.80799   ]]", "nfev": "287", "njev": "41", "status": "0", "success": "True", "message": "Optimization terminated successfully.", "x": "[2.15321468 4.86002534 5.34124206 0.91844471 2.33275361 5.55046737]", "nit": "29"}, "8": {"maxiter": 500, "gtol": 1e-05, "xrtol": 1e-05, "eps": 1e-05, "duration": 0.0392613410949707, "fun": "0.5469195228257875", "jac": "[ 4.75108841e-07  5.79158943e-07 -1.20882193e-06 -1.80178095e-06\n  3.13482573e-07 -5.06261699e-07]", "hess_inv": "[[ 12.00418089 -12.86526742  -5.32035822   8.92250093   3.92111393\n  -10.11586968]\n [-12.86526742  36.65695705  19.72770104 -11.8263212   -6.47449408\n   24.23289614]\n [ -5.32035822  19.72770104  16.71439097  -6.01470953  -4.63562952\n   15.4867798 ]\n [  8.92250093 -11.8263212   -6.01470953  15.60312373   4.39208271\n  -12.29885991]\n [  3.92111393  -6.47449408  -4.63562952   4.39208271  12.40694171\n  -15.7526861 ]\n [-10.11586968  24.23289614  15.4867798  -12.29885991 -15.7526861\n   36.37684218]]", "nfev": "217", "njev": "31", "status": "0", "success": "True", "message": "Optimization terminated successfully.", "x": "[2.15319741 4.86001719 5.34121685 0.9184192  2.33274827 5.55046913]", "nit": "26"}, "9": {"maxiter": 500, "gtol": 1e-05, "xrtol": 1e-05, "eps": 1e-10, "duration": 0.03899383544921875, "fun": "0.5469195228351721", "jac": "[ 3.33066880e-06  1.11022293e-06 -2.22044587e-06  1.11022293e-06\n  3.33066880e-06  2.22044587e-06]", "hess_inv": "[[ 11.99069372 -13.02348888  -5.47113849   8.97621716   3.85923845\n  -10.05737707]\n [-13.02348888  35.75137065  18.89576334 -11.82618834  -6.12432069\n   23.1536322 ]\n [ -5.47113849  18.89576334  16.01059953  -6.02688573  -4.41365272\n   14.71143141]\n [  8.97621716 -11.82618834  -6.02688573  15.67336935   4.29326418\n  -12.08457966]\n [  3.85923845  -6.12432069  -4.41365272   4.29326418  12.24200947\n  -15.51994857]\n [-10.05737707  23.1536322   14.71143141 -12.08457966 -15.51994857\n   35.8310181 ]]", "nfev": "217", "njev": "31", "status": "0", "success": "True", "message": "Optimization terminated successfully.", "x": "[2.15323839 4.86000078 5.34121802 0.91845977 2.33276163 5.55046442]", "nit": "26"}, "10": {"maxiter": 500, "gtol": 1e-05, "xrtol": 1e-10, "eps": 1e-05, "duration": 0.038127899169921875, "fun": "0.5469195228257875", "jac": "[ 4.75108841e-07  5.79158943e-07 -1.20882193e-06 -1.80178095e-06\n  3.13482573e-07 -5.06261699e-07]", "hess_inv": "[[ 12.00418089 -12.86526742  -5.32035822   8.92250093   3.92111393\n  -10.11586968]\n [-12.86526742  36.65695705  19.72770104 -11.8263212   -6.47449408\n   24.23289614]\n [ -5.32035822  19.72770104  16.71439097  -6.01470953  -4.63562952\n   15.4867798 ]\n [  8.92250093 -11.8263212   -6.01470953  15.60312373   4.39208271\n  -12.29885991]\n [  3.92111393  -6.47449408  -4.63562952   4.39208271  12.40694171\n  -15.7526861 ]\n [-10.11586968  24.23289614  15.4867798  -12.29885991 -15.7526861\n   36.37684218]]", "nfev": "217", "njev": "31", "status": "0", "success": "True", "message": "Optimization terminated successfully.", "x": "[2.15319741 4.86001719 5.34121685 0.9184192  2.33274827 5.55046913]", "nit": "26"}, "11": {"maxiter": 500, "gtol": 1e-05, "xrtol": 1e-10, "eps": 1e-10, "duration": 0.03788328170776367, "fun": "0.5469195228351721", "jac": "[ 3.33066880e-06  1.11022293e-06 -2.22044587e-06  1.11022293e-06\n  3.33066880e-06  2.22044587e-06]", "hess_inv": "[[ 11.99069372 -13.02348888  -5.47113849   8.97621716   3.85923845\n  -10.05737707]\n [-13.02348888  35.75137065  18.89576334 -11.82618834  -6.12432069\n   23.1536322 ]\n [ -5.47113849  18.89576334  16.01059953  -6.02688573  -4.41365272\n   14.71143141]\n [  8.97621716 -11.82618834  -6.02688573  15.67336935   4.29326418\n  -12.08457966]\n [  3.85923845  -6.12432069  -4.41365272   4.29326418  12.24200947\n  -15.51994857]\n [-10.05737707  23.1536322   14.71143141 -12.08457966 -15.51994857\n   35.8310181 ]]", "nfev": "217", "njev": "31", "status": "0", "success": "True", "message": "Optimization terminated successfully.", "x": "[2.15323839 4.86000078 5.34121802 0.91845977 2.33276163 5.55046442]", "nit": "26"}, "12": {"maxiter": 500, "gtol": 1e-10, "xrtol": 1e-05, "eps": 1e-05, "duration": 0.03985118865966797, "fun": "0.5469195227835381", "jac": "[ 4.65028016e-07  1.02029496e-08 -3.42725848e-08 -3.44835271e-08\n -9.48907619e-08  1.78557169e-07]", "hess_inv": "[[ 12.13413737 -13.03369809  -5.2955598    9.3258541    3.78834147\n  -10.05973567]\n [-13.03369809  35.88783855  18.64268128 -12.37295942  -6.00141853\n   23.14224736]\n [ -5.2955598   18.64268128  15.59643718  -5.96319441  -4.34001403\n   14.41210852]\n [  9.3258541  -12.37295942  -5.96319441  16.85445644   3.98726591\n  -12.14924107]\n [  3.78834147  -6.00141853  -4.34001403   3.98726591  12.45083824\n  -15.49974931]\n [-10.05973567  23.14224736  14.41210852 -12.14924107 -15.49974931\n   35.35176971]]", "nfev": "224", "njev": "32", "status": "0", "success": "True", "message": "Optimization terminated successfully.", "x": "[2.15320332 4.86001643 5.34122534 0.9184377  2.33274013 5.55047879]", "nit": "27"}, "13": {"maxiter": 500, "gtol": 1e-10, "xrtol": 1e-05, "eps": 1e-10, "duration": 0.04041123390197754, "fun": "0.5469195227829715", "jac": "[-2.22044587e-06 -1.11022293e-06 -1.11022293e-06 -1.11022293e-06\n -3.33066880e-06  0.00000000e+00]", "hess_inv": "[[ 10.53154078 -11.21351545  -4.36141004   6.80084639   3.58514054\n   -9.28635645]\n [-11.21351545  34.26722952  17.81032     -9.9779256   -5.01337297\n   21.96853775]\n [ -4.36141004  17.81032     15.27796678  -4.69763964  -3.91029307\n   14.03756662]\n [  6.80084639  -9.9779256   -4.69763964  13.37992162   3.02338498\n  -10.67962323]\n [  3.58514054  -5.01337297  -3.91029307   3.02338498  12.9715496\n  -15.60680379]\n [ -9.28635645  21.96853775  14.03756662 -10.67962323 -15.60680379\n   35.4923384 ]]", "nfev": "224", "njev": "32", "status": "0", "success": "True", "message": "Optimization terminated successfully.", "x": "[2.15320721 4.86001863 5.34123376 0.91843655 2.33273467 5.55048716]", "nit": "27"}, "14": {"maxiter": 500, "gtol": 1e-10, "xrtol": 1e-10, "eps": 1e-05, "duration": 0.09167623519897461, "fun": "0.5469195227835381", "jac": "[ 4.65028016e-07  1.02029496e-08 -3.42725848e-08 -3.44835271e-08\n -9.48907619e-08  1.78557169e-07]", "hess_inv": "[[ 11.49859823 -12.86396168  -5.73666739   8.314289     4.41974658\n  -10.87756576]\n [-12.86396168  35.85489404  18.8264003  -11.96612224  -6.20415827\n   23.39170522]\n [ -5.73666739  18.8264003   15.64096044  -5.93810451  -4.08324738\n   14.00960926]\n [  8.314289   -11.96612224  -5.93810451  16.75229789   4.61594581\n  -13.10853207]\n [  4.41974658  -6.20415827  -4.08324738   4.61594581  11.91744857\n  -14.77269117]\n [-10.87756576  23.39170522  14.00960926 -13.10853207 -14.77269117\n   34.37711984]]", "nfev": "515", "njev": "72", "status": "2", "success": "False", "message": "Desired error not necessarily achieved due to precision loss.", "x": "[2.15320332 4.86001643 5.34122534 0.9184377  2.33274013 5.55047879]", "nit": "27"}, "15": {"maxiter": 500, "gtol": 1e-10, "xrtol": 1e-10, "eps": 1e-10, "duration": 0.05158185958862305, "fun": "0.546919522777028", "jac": "[ 2.22044587e-06  0.00000000e+00  2.22044587e-06  0.00000000e+00\n -1.11022293e-06  0.00000000e+00]", "hess_inv": "[[  8.97245401 -13.21337062  -7.44996359   5.71837872   1.71511863\n   -8.70473227]\n [-13.21337062  34.54714947  17.24221111 -10.98589063  -5.24047468\n   20.66450225]\n [ -7.44996359  17.24221111  13.4956072   -6.70271418  -6.16478301\n   14.52972649]\n [  5.71837872 -10.98589063  -6.70271418  13.02254642   3.25967788\n  -12.49810901]\n [  1.71511863  -5.24047468  -6.16478301   3.25967788  16.89556173\n  -23.5346961 ]\n [ -8.70473227  20.66450225  14.52972649 -12.49810901 -23.5346961\n   47.80799   ]]", "nfev": "287", "njev": "41", "status": "0", "success": "True", "message": "Optimization terminated successfully.", "x": "[2.15321468 4.86002534 5.34124206 0.91844471 2.33275361 5.55046737]", "nit": "29"}, "16": {"maxiter": 1000, "gtol": 1e-05, "xrtol": 1e-05, "eps": 1e-05, "duration": 0.03854179382324219, "fun": "0.5469195228257875", "jac": "[ 4.75108841e-07  5.79158943e-07 -1.20882193e-06 -1.80178095e-06\n  3.13482573e-07 -5.06261699e-07]", "hess_inv": "[[ 12.00418089 -12.86526742  -5.32035822   8.92250093   3.92111393\n  -10.11586968]\n [-12.86526742  36.65695705  19.72770104 -11.8263212   -6.47449408\n   24.23289614]\n [ -5.32035822  19.72770104  16.71439097  -6.01470953  -4.63562952\n   15.4867798 ]\n [  8.92250093 -11.8263212   -6.01470953  15.60312373   4.39208271\n  -12.29885991]\n [  3.92111393  -6.47449408  -4.63562952   4.39208271  12.40694171\n  -15.7526861 ]\n [-10.11586968  24.23289614  15.4867798  -12.29885991 -15.7526861\n   36.37684218]]", "nfev": "217", "njev": "31", "status": "0", "success": "True", "message": "Optimization terminated successfully.", "x": "[2.15319741 4.86001719 5.34121685 0.9184192  2.33274827 5.55046913]", "nit": "26"}, "17": {"maxiter": 1000, "gtol": 1e-05, "xrtol": 1e-05, "eps": 1e-10, "duration": 0.03967905044555664, "fun": "0.5469195228351721", "jac": "[ 3.33066880e-06  1.11022293e-06 -2.22044587e-06  1.11022293e-06\n  3.33066880e-06  2.22044587e-06]", "hess_inv": "[[ 11.99069372 -13.02348888  -5.47113849   8.97621716   3.85923845\n  -10.05737707]\n [-13.02348888  35.75137065  18.89576334 -11.82618834  -6.12432069\n   23.1536322 ]\n [ -5.47113849  18.89576334  16.01059953  -6.02688573  -4.41365272\n   14.71143141]\n [  8.97621716 -11.82618834  -6.02688573  15.67336935   4.29326418\n  -12.08457966]\n [  3.85923845  -6.12432069  -4.41365272   4.29326418  12.24200947\n  -15.51994857]\n [-10.05737707  23.1536322   14.71143141 -12.08457966 -15.51994857\n   35.8310181 ]]", "nfev": "217", "njev": "31", "status": "0", "success": "True", "message": "Optimization terminated successfully.", "x": "[2.15323839 4.86000078 5.34121802 0.91845977 2.33276163 5.55046442]", "nit": "26"}, "18": {"maxiter": 1000, "gtol": 1e-05, "xrtol": 1e-10, "eps": 1e-05, "duration": 0.038902997970581055, "fun": "0.5469195228257875", "jac": "[ 4.75108841e-07  5.79158943e-07 -1.20882193e-06 -1.80178095e-06\n  3.13482573e-07 -5.06261699e-07]", "hess_inv": "[[ 12.00418089 -12.86526742  -5.32035822   8.92250093   3.92111393\n  -10.11586968]\n [-12.86526742  36.65695705  19.72770104 -11.8263212   -6.47449408\n   24.23289614]\n [ -5.32035822  19.72770104  16.71439097  -6.01470953  -4.63562952\n   15.4867798 ]\n [  8.92250093 -11.8263212   -6.01470953  15.60312373   4.39208271\n  -12.29885991]\n [  3.92111393  -6.47449408  -4.63562952   4.39208271  12.40694171\n  -15.7526861 ]\n [-10.11586968  24.23289614  15.4867798  -12.29885991 -15.7526861\n   36.37684218]]", "nfev": "217", "njev": "31", "status": "0", "success": "True", "message": "Optimization terminated successfully.", "x": "[2.15319741 4.86001719 5.34121685 0.9184192  2.33274827 5.55046913]", "nit": "26"}, "19": {"maxiter": 1000, "gtol": 1e-05, "xrtol": 1e-10, "eps": 1e-10, "duration": 0.039361000061035156, "fun": "0.5469195228351721", "jac": "[ 3.33066880e-06  1.11022293e-06 -2.22044587e-06  1.11022293e-06\n  3.33066880e-06  2.22044587e-06]", "hess_inv": "[[ 11.99069372 -13.02348888  -5.47113849   8.97621716   3.85923845\n  -10.05737707]\n [-13.02348888  35.75137065  18.89576334 -11.82618834  -6.12432069\n   23.1536322 ]\n [ -5.47113849  18.89576334  16.01059953  -6.02688573  -4.41365272\n   14.71143141]\n [  8.97621716 -11.82618834  -6.02688573  15.67336935   4.29326418\n  -12.08457966]\n [  3.85923845  -6.12432069  -4.41365272   4.29326418  12.24200947\n  -15.51994857]\n [-10.05737707  23.1536322   14.71143141 -12.08457966 -15.51994857\n   35.8310181 ]]", "nfev": "217", "njev": "31", "status": "0", "success": "True", "message": "Optimization terminated successfully.", "x": "[2.15323839 4.86000078 5.34121802 0.91845977 2.33276163 5.55046442]", "nit": "26"}, "20": {"maxiter": 1000, "gtol": 1e-10, "xrtol": 1e-05, "eps": 1e-05, "duration": 0.0393829345703125, "fun": "0.5469195227835381", "jac": "[ 4.65028016e-07  1.02029496e-08 -3.42725848e-08 -3.44835271e-08\n -9.48907619e-08  1.78557169e-07]", "hess_inv": "[[ 12.13413737 -13.03369809  -5.2955598    9.3258541    3.78834147\n  -10.05973567]\n [-13.03369809  35.88783855  18.64268128 -12.37295942  -6.00141853\n   23.14224736]\n [ -5.2955598   18.64268128  15.59643718  -5.96319441  -4.34001403\n   14.41210852]\n [  9.3258541  -12.37295942  -5.96319441  16.85445644   3.98726591\n  -12.14924107]\n [  3.78834147  -6.00141853  -4.34001403   3.98726591  12.45083824\n  -15.49974931]\n [-10.05973567  23.14224736  14.41210852 -12.14924107 -15.49974931\n   35.35176971]]", "nfev": "224", "njev": "32", "status": "0", "success": "True", "message": "Optimization terminated successfully.", "x": "[2.15320332 4.86001643 5.34122534 0.9184377  2.33274013 5.55047879]", "nit": "27"}, "21": {"maxiter": 1000, "gtol": 1e-10, "xrtol": 1e-05, "eps": 1e-10, "duration": 0.039791107177734375, "fun": "0.5469195227829715", "jac": "[-2.22044587e-06 -1.11022293e-06 -1.11022293e-06 -1.11022293e-06\n -3.33066880e-06  0.00000000e+00]", "hess_inv": "[[ 10.53154078 -11.21351545  -4.36141004   6.80084639   3.58514054\n   -9.28635645]\n [-11.21351545  34.26722952  17.81032     -9.9779256   -5.01337297\n   21.96853775]\n [ -4.36141004  17.81032     15.27796678  -4.69763964  -3.91029307\n   14.03756662]\n [  6.80084639  -9.9779256   -4.69763964  13.37992162   3.02338498\n  -10.67962323]\n [  3.58514054  -5.01337297  -3.91029307   3.02338498  12.9715496\n  -15.60680379]\n [ -9.28635645  21.96853775  14.03756662 -10.67962323 -15.60680379\n   35.4923384 ]]", "nfev": "224", "njev": "32", "status": "0", "success": "True", "message": "Optimization terminated successfully.", "x": "[2.15320721 4.86001863 5.34123376 0.91843655 2.33273467 5.55048716]", "nit": "27"}, "22": {"maxiter": 1000, "gtol": 1e-10, "xrtol": 1e-10, "eps": 1e-05, "duration": 0.0910041332244873, "fun": "0.5469195227835381", "jac": "[ 4.65028016e-07  1.02029496e-08 -3.42725848e-08 -3.44835271e-08\n -9.48907619e-08  1.78557169e-07]", "hess_inv": "[[ 11.49859823 -12.86396168  -5.73666739   8.314289     4.41974658\n  -10.87756576]\n [-12.86396168  35.85489404  18.8264003  -11.96612224  -6.20415827\n   23.39170522]\n [ -5.73666739  18.8264003   15.64096044  -5.93810451  -4.08324738\n   14.00960926]\n [  8.314289   -11.96612224  -5.93810451  16.75229789   4.61594581\n  -13.10853207]\n [  4.41974658  -6.20415827  -4.08324738   4.61594581  11.91744857\n  -14.77269117]\n [-10.87756576  23.39170522  14.00960926 -13.10853207 -14.77269117\n   34.37711984]]", "nfev": "515", "njev": "72", "status": "2", "success": "False", "message": "Desired error not necessarily achieved due to precision loss.", "x": "[2.15320332 4.86001643 5.34122534 0.9184377  2.33274013 5.55047879]", "nit": "27"}, "23": {"maxiter": 1000, "gtol": 1e-10, "xrtol": 1e-10, "eps": 1e-10, "duration": 0.05352616310119629, "fun": "0.546919522777028", "jac": "[ 2.22044587e-06  0.00000000e+00  2.22044587e-06  0.00000000e+00\n -1.11022293e-06  0.00000000e+00]", "hess_inv": "[[  8.97245401 -13.21337062  -7.44996359   5.71837872   1.71511863\n   -8.70473227]\n [-13.21337062  34.54714947  17.24221111 -10.98589063  -5.24047468\n   20.66450225]\n [ -7.44996359  17.24221111  13.4956072   -6.70271418  -6.16478301\n   14.52972649]\n [  5.71837872 -10.98589063  -6.70271418  13.02254642   3.25967788\n  -12.49810901]\n [  1.71511863  -5.24047468  -6.16478301   3.25967788  16.89556173\n  -23.5346961 ]\n [ -8.70473227  20.66450225  14.52972649 -12.49810901 -23.5346961\n   47.80799   ]]", "nfev": "287", "njev": "41", "status": "0", "success": "True", "message": "Optimization terminated successfully.", "x": "[2.15321468 4.86002534 5.34124206 0.91844471 2.33275361 5.55046737]", "nit": "29"}}, "cobyla": {"0": {"maxiter": 100, "tol": 1e-05, "catol": 1e-05, "duration": 0.017400741577148438, "x": "[1.68655199 0.96932822 3.4950828  2.31076    0.76112585 2.67779493]", "status": "2", "success": "False", "message": "Maximum number of function evaluations has been exceeded.", "nfev": "100", "fun": "0.21202293416868667", "maxcv": "0.0"}, "1": {"maxiter": 100, "tol": 1e-05, "catol": 1e-10, "duration": 0.01712322235107422, "x": "[1.68655199 0.96932822 3.4950828  2.31076    0.76112585 2.67779493]", "status": "2", "success": "False", "message": "Maximum number of function evaluations has been exceeded.", "nfev": "100", "fun": "0.21202293416868667", "maxcv": "0.0"}, "2": {"maxiter": 100, "tol": 1e-10, "catol": 1e-05, "duration": 0.017086029052734375, "x": "[1.68655199 0.96932822 3.4950828  2.31076    0.76112585 2.67779493]", "status": "2", "success": "False", "message": "Maximum number of function evaluations has been exceeded.", "nfev": "100", "fun": "0.21202293416868667", "maxcv": "0.0"}, "3": {"maxiter": 100, "tol": 1e-10, "catol": 1e-10, "duration": 0.01711583137512207, "x": "[1.68655199 0.96932822 3.4950828  2.31076    0.76112585 2.67779493]", "status": "2", "success": "False", "message": "Maximum number of function evaluations has been exceeded.", "nfev": "100", "fun": "0.21202293416868667", "maxcv": "0.0"}, "4": {"maxiter": 500, "tol": 1e-05, "catol": 1e-05, "duration": 0.030587196350097656, "x": "[1.6887436  0.96917854 3.49718109 2.30605754 0.76208788 2.6766568 ]", "status": "1", "