{"date": "2024/07/22/, 21:50:28", "conf_id": 9, "data_type": "random\n", "num_data_points": 1, "s_rank": 0, "unitary": "[[-0.24866696+0.58742286j,-0.44704345-0.43151574j,-0.35669027-0.20570733j,-0.10517633+0.1626036j],[0.10596805-0.19687975j,-0.30269685-0.15056416j,0.18246286+0.30440582j,-0.83484447-0.11310748j],[0.26054512-0.52548482j,0.0285017-0.50723956j,-0.43110112+0.17165838j,0.15243271+0.39915801j],[0.42978035+0.11991271j,-0.17224126-0.46030424j,0.6827807-0.15164662j,0.26483638+0.0061855j]]", "databatch_0": {"databatch": "[[[-0.01684218+0.19036057j,0.16408459-0.07939943j,0.00284523+0.29804641j,0.06977956-0.04637457j],[0.19903604-0.21127442j,-0.15106571+0.2010125j,-0.45965283-0.22243007j,-0.10197209-0.07153996j],[0.22682735-0.02956467j,-0.17335275-0.04066468j,0.04113395-0.26045639j,-0.04429156-0.08381345j],[-0.07572462+0.15868649j,0.12183055+0.12259305j,-0.41490561+0.05505051j,0.10543393-0.03184348j]]]", "initial param values": "[5.83906471,1.58213685,1.47732271,5.96714279,1.55223893,1.05701462]", "bfgs": {"type": "gradient", "0": {"maxiter": 100, "gtol": 1e-05, "xrtol": 1e-05, "eps": 1e-05, "duration": 0.048384666442871094, "fun": "0.1987944446025518", "jac": "[-1.48012713e-06 -4.94509989e-06 -3.40063533e-06 -1.29254385e-06\n -3.22297744e-08 -2.02950989e-06]", "hess_inv": "[[ 4.72144581 -0.45435096 -0.02531763  0.13398814  3.58216479  1.56911154]\n [-0.45435096  6.82878766 -4.86796649 -0.20437615  0.91937759 -4.51981771]\n [-0.02531763 -4.86796649  6.9607432  -1.50246216 -0.76107737  3.73845406]\n [ 0.13398814 -0.20437615 -1.50246216  3.3621753   0.3361268  -0.54304648]\n [ 3.58216479  0.91937759 -0.76107737  0.3361268   7.95468739 -0.48942216]\n [ 1.56911154 -4.51981771  3.73845406 -0.54304648 -0.48942216  7.15662939]]", "nfev": "280", "njev": "40", "status": "0", "success": "True", "message": "Optimization terminated successfully.", "x": "[ 7.27520204e+00 -1.36314623e+00  4.91886913e-01  8.14048250e+00\n  4.51137250e+00 -1.13107203e-03]", "nit": "28"}, "1": {"maxiter": 100, "gtol": 1e-05, "xrtol": 1e-05, "eps": 1e-10, "duration": 0.052410125732421875, "fun": "0.19879444449331818", "jac": "[-1.11022293e-06  2.22044587e-06 -3.33066880e-06 -1.11022293e-06\n  1.11022293e-06 -1.11022302e-06]", "hess_inv": "[[ 4.32786733 -0.24926425 -0.09905829  0.22110372  2.66877661  1.48652659]\n [-0.24926425  7.65327456 -5.04274429 -0.10571861  0.85244353 -4.69087085]\n [-0.09905829 -5.04274429  6.9921386  -1.50366957 -0.85860479  3.80999856]\n [ 0.22110372 -0.10571861 -1.50366957  3.35567713  0.48129224 -0.57214201]\n [ 2.66877661  0.85244353 -0.85860479  0.48129224  6.10900999 -0.55705191]\n [ 1.48652659 -4.69087085  3.80999856 -0.57214201 -0.55705191  7.20871069]]", "nfev": "294", "njev": "42", "status": "0", "success": "True", "message": "Optimization terminated successfully.", "x": "[ 7.27522877e+00 -1.36313405e+00  4.91881967e-01  8.14048587e+00\n  4.51139944e+00 -1.12021347e-03]", "nit": "29"}, "2": {"maxiter": 100, "gtol": 1e-05, "xrtol": 1e-10, "eps": 1e-05, "duration": 0.05032229423522949, "fun": "0.1987944446025518", "jac": "[-1.48012713e-06 -4.94509989e-06 -3.40063533e-06 -1.29254385e-06\n -3.22297744e-08 -2.02950989e-06]", "hess_inv": "[[ 4.72144581 -0.45435096 -0.02531763  0.13398814  3.58216479  1.56911154]\n [-0.45435096  6.82878766 -4.86796649 -0.20437615  0.91937759 -4.51981771]\n [-0.02531763 -4.86796649  6.9607432  -1.50246216 -0.76107737  3.73845406]\n [ 0.13398814 -0.20437615 -1.50246216  3.3621753   0.3361268  -0.54304648]\n [ 3.58216479  0.91937759 -0.76107737  0.3361268   7.95468739 -0.48942216]\n [ 1.56911154 -4.51981771  3.73845406 -0.54304648 -0.48942216  7.15662939]]", "nfev": "280", "njev": "40", "status": "0", "success": "True", "message": "Optimization terminated successfully.", "x": "[ 7.27520204e+00 -1.36314623e+00  4.91886913e-01  8.14048250e+00\n  4.51137250e+00 -1.13107203e-03]", "nit": "28"}, "3": {"maxiter": 100, "gtol": 1e-05, "xrtol": 1e-10, "eps": 1e-10, "duration": 0.05233287811279297, "fun": "0.19879444449331818", "jac": "[-1.11022293e-06  2.22044587e-06 -3.33066880e-06 -1.11022293e-06\n  1.11022293e-06 -1.11022302e-06]", "hess_inv": "[[ 4.32786733 -0.24926425 -0.09905829  0.22110372  2.66877661  1.48652659]\n [-0.24926425  7.65327456 -5.04274429 -0.10571861  0.85244353 -4.69087085]\n [-0.09905829 -5.04274429  6.9921386  -1.50366957 -0.85860479  3.80999856]\n [ 0.22110372 -0.10571861 -1.50366957  3.35567713  0.48129224 -0.57214201]\n [ 2.66877661  0.85244353 -0.85860479  0.48129224  6.10900999 -0.55705191]\n [ 1.48652659 -4.69087085  3.80999856 -0.57214201 -0.55705191  7.20871069]]", "nfev": "294", "njev": "42", "status": "0", "success": "True", "message": "Optimization terminated successfully.", "x": "[ 7.27522877e+00 -1.36313405e+00  4.91881967e-01  8.14048587e+00\n  4.51139944e+00 -1.12021347e-03]", "nit": "29"}, "4": {"maxiter": 100, "gtol": 1e-10, "xrtol": 1e-05, "eps": 1e-05, "duration": 0.049942970275878906, "fun": "0.19879444451025186", "jac": "[-3.62343489e-07 -2.93876035e-07 -1.74260606e-07  1.32005518e-07\n  3.97237798e-08 -1.86850535e-07]", "hess_inv": "[[ 4.59642214 -0.39459049 -0.09235237  0.17750037  3.33786444  1.48554409]\n [-0.39459049  6.96567521 -4.82356466 -0.22274522  0.90214555 -4.46398635]\n [-0.09235237 -4.82356466  6.92572406 -1.47895045 -0.90207598  3.69483393]\n [ 0.17750037 -0.22274522 -1.47895045  3.34706733  0.4191834  -0.51372907]\n [ 3.33786444  0.90214555 -0.90207598  0.4191834   7.58585267 -0.66558289]\n [ 1.48554409 -4.46398635  3.69483393 -0.51372907 -0.66558289  7.10229724]]", "nfev": "287", "njev": "41", "status": "0", "success": "True", "message": "Optimization terminated successfully.", "x": "[ 7.27520993e+00 -1.36313809e+00  4.91892033e-01  8.14047993e+00\n  4.51137827e+00 -1.12465460e-03]", "nit": "29"}, "5": {"maxiter": 100, "gtol": 1e-10, "xrtol": 1e-05, "eps": 1e-10, "duration": 0.05079507827758789, "fun": "0.19879444449331818", "jac": "[-1.11022293e-06  2.22044587e-06 -3.33066880e-06 -1.11022293e-06\n  1.11022293e-06 -1.11022302e-06]", "hess_inv": "[[ 4.32786733 -0.24926425 -0.09905829  0.22110372  2.66877661  1.48652659]\n [-0.24926425  7.65327456 -5.04274429 -0.10571861  0.85244353 -4.69087085]\n [-0.09905829 -5.04274429  6.9921386  -1.50366957 -0.85860479  3.80999856]\n [ 0.22110372 -0.10571861 -1.50366957  3.35567713  0.48129224 -0.57214201]\n [ 2.66877661  0.85244353 -0.85860479  0.48129224  6.10900999 -0.55705191]\n [ 1.48652659 -4.69087085  3.80999856 -0.57214201 -0.55705191  7.20871069]]", "nfev": "294", "njev": "42", "status": "0", "success": "True", "message": "Optimization terminated successfully.", "x": "[ 7.27522877e+00 -1.36313405e+00  4.91881967e-01  8.14048587e+00\n  4.51139944e+00 -1.12021347e-03]", "nit": "29"}, "6": {"maxiter": 100, "gtol": 1e-10, "xrtol": 1e-10, "eps": 1e-05, "duration": 0.08228206634521484, "fun": "0.19879444450306538", "jac": "[-1.25455202e-09  1.11022302e-09  8.88178420e-11  1.22124533e-09\n  4.88498131e-10  1.83186799e-09]", "hess_inv": "[[ 5.01215096 -0.25615383  0.08203757 -0.07873393  3.55153178  1.58055135]\n [-0.25615383  6.91368984 -4.78280034 -0.30188296  0.9577616  -4.34564602]\n [ 0.08203757 -4.78280034  6.99644582 -1.58179428 -0.81465938  3.76148068]\n [-0.07873393 -0.30188296 -1.58179428  3.51917292  0.2918284  -0.52809392]\n [ 3.55153178  0.9577616  -0.81465938  0.2918284   7.69363615 -0.59229619]\n [ 1.58055135 -4.34564602  3.76148068 -0.52809392 -0.59229619  7.2151664 ]]", "nfev": "459", "njev": "64", "status": "2", "success": "False", "message": "Desired error not necessarily achieved due to precision loss.", "x": "[ 7.27521188e+00 -1.36313781e+00  4.91892833e-01  8.14047896e+00\n  4.51137926e+00 -1.12318037e-03]", "nit": "31"}, "7": {"maxiter": 100, "gtol": 1e-10, "xrtol": 1e-10, "eps": 1e-10, "duration": 0.10040688514709473, "fun": "0.19879444447640682", "jac": "[ 0.00000000e+00  1.11022293e-06  1.11022293e-06 -1.11022293e-06\n  3.33066880e-06 -1.11022302e-06]", "hess_inv": "[[ 4.45859239 -3.95808435  1.43958779  0.54000428  0.95204628  6.23743446]\n [-3.95808435  5.94481042 -2.86387973 -1.24930051 -2.63703113 -8.00009397]\n [ 1.43958779 -2.86387973  2.26449153  0.69765942  1.6036356   2.7893228 ]\n [ 0.54000428 -1.24930051  0.69765942  1.8982737  -0.22185789  2.85833203]\n [ 0.95204628 -2.63703113  1.6036356  -0.22185789  2.91766001  2.09758403]\n [ 6.23743446 -8.00009397  2.7893228   2.85833203  2.09758403 14.64725105]]", "nfev": "574", "njev": "82", "status": "0", "success": "True", "message": "Optimization terminated successfully.", "x": "[ 7.27522964e+00 -1.36313679e+00  4.91894252e-01  8.14048008e+00\n  4.51140135e+00 -1.11779563e-03]", "nit": "34"}, "8": {"maxiter": 500, "gtol": 1e-05, "xrtol": 1e-05, "eps": 1e-05, "duration": 0.04878497123718262, "fun": "0.1987944446025518", "jac": "[-1.48012713e-06 -4.94509989e-06 -3.40063533e-06 -1.29254385e-06\n -3.22297744e-08 -2.02950989e-06]", "hess_inv": "[[ 4.72144581 -0.45435096 -0.02531763  0.13398814  3.58216479  1.56911154]\n [-0.45435096  6.82878766 -4.86796649 -0.20437615  0.91937759 -4.51981771]\n [-0.02531763 -4.86796649  6.9607432  -1.50246216 -0.76107737  3.73845406]\n [ 0.13398814 -0.20437615 -1.50246216  3.3621753   0.3361268  -0.54304648]\n [ 3.58216479  0.91937759 -0.76107737  0.3361268   7.95468739 -0.48942216]\n [ 1.56911154 -4.51981771  3.73845406 -0.54304648 -0.48942216  7.15662939]]", "nfev": "280", "njev": "40", "status": "0", "success": "True", "message": "Optimization terminated successfully.", "x": "[ 7.27520204e+00 -1.36314623e+00  4.91886913e-01  8.14048250e+00\n  4.51137250e+00 -1.13107203e-03]", "nit": "28"}, "9": {"maxiter": 500, "gtol": 1e-05, "xrtol": 1e-05, "eps": 1e-10, "duration": 0.0506899356842041, "fun": "0.19879444449331818", "jac": "[-1.11022293e-06  2.22044587e-06 -3.33066880e-06 -1.11022293e-06\n  1.11022293e-06 -1.11022302e-06]", "hess_inv": "[[ 4.32786733 -0.24926425 -0.09905829  0.22110372  2.66877661  1.48652659]\n [-0.24926425  7.65327456 -5.04274429 -0.10571861  0.85244353 -4.69087085]\n [-0.09905829 -5.04274429  6.9921386  -1.50366957 -0.85860479  3.80999856]\n [ 0.22110372 -0.10571861 -1.50366957  3.35567713  0.48129224 -0.57214201]\n [ 2.66877661  0.85244353 -0.85860479  0.48129224  6.10900999 -0.55705191]\n [ 1.48652659 -4.69087085  3.80999856 -0.57214201 -0.55705191  7.20871069]]", "nfev": "294", "njev": "42", "status": "0", "success": "True", "message": "Optimization terminated successfully.", "x": "[ 7.27522877e+00 -1.36313405e+00  4.91881967e-01  8.14048587e+00\n  4.51139944e+00 -1.12021347e-03]", "nit": "29"}, "10": {"maxiter": 500, "gtol": 1e-05, "xrtol": 1e-10, "eps": 1e-05, "duration": 0.0477747917175293, "fun": "0.1987944446025518", "jac": "[-1.48012713e-06 -4.94509989e-06 -3.40063533e-06 -1.29254385e-06\n -3.22297744e-08 -2.02950989e-06]", "hess_inv": "[[ 4.72144581 -0.45435096 -0.02531763  0.13398814  3.58216479  1.56911154]\n [-0.45435096  6.82878766 -4.86796649 -0.20437615  0.91937759 -4.51981771]\n [-0.02531763 -4.86796649  6.9607432  -1.50246216 -0.76107737  3.73845406]\n [ 0.13398814 -0.20437615 -1.50246216  3.3621753   0.3361268  -0.54304648]\n [ 3.58216479  0.91937759 -0.76107737  0.3361268   7.95468739 -0.48942216]\n [ 1.56911154 -4.51981771  3.73845406 -0.54304648 -0.48942216  7.15662939]]", "nfev": "280", "njev": "40", "status": "0", "success": "True", "message": "Optimization terminated successfully.", "x": "[ 7.27520204e+00 -1.36314623e+00  4.91886913e-01  8.14048250e+00\n  4.51137250e+00 -1.13107203e-03]", "nit": "28"}, "11": {"maxiter": 500, "gtol": 1e-05, "xrtol": 1e-10, "eps": 1e-10, "duration": 0.04990100860595703, "fun": "0.19879444449331818", "jac": "[-1.11022293e-06  2.22044587e-06 -3.33066880e-06 -1.11022293e-06\n  1.11022293e-06 -1.11022302e-06]", "hess_inv": "[[ 4.32786733 -0.24926425 -0.09905829  0.22110372  2.66877661  1.48652659]\n [-0.24926425  7.65327456 -5.04274429 -0.10571861  0.85244353 -4.69087085]\n [-0.09905829 -5.04274429  6.9921386  -1.50366957 -0.85860479  3.80999856]\n [ 0.22110372 -0.10571861 -1.50366957  3.35567713  0.48129224 -0.57214201]\n [ 2.66877661  0.85244353 -0.85860479  0.48129224  6.10900999 -0.55705191]\n [ 1.48652659 -4.69087085  3.80999856 -0.57214201 -0.55705191  7.20871069]]", "nfev": "294", "njev": "42", "status": "0", "success": "True", "message": "Optimization terminated successfully.", "x": "[ 7.27522877e+00 -1.36313405e+00  4.91881967e-01  8.14048587e+00\n  4.51139944e+00 -1.12021347e-03]", "nit": "29"}, "12": {"maxiter": 500, "gtol": 1e-10, "xrtol": 1e-05, "eps": 1e-05, "duration": 0.049897193908691406, "fun": "0.19879444451025186", "jac": "[-3.62343489e-07 -2.93876035e-07 -1.74260606e-07  1.32005518e-07\n  3.97237798e-08 -1.86850535e-07]", "hess_inv": "[[ 4.59642214 -0.39459049 -0.09235237  0.17750037  3.33786444  1.48554409]\n [-0.39459049  6.96567521 -4.82356466 -0.22274522  0.90214555 -4.46398635]\n [-0.09235237 -4.82356466  6.92572406 -1.47895045 -0.90207598  3.69483393]\n [ 0.17750037 -0.22274522 -1.47895045  3.34706733  0.4191834  -0.51372907]\n [ 3.33786444  0.90214555 -0.90207598  0.4191834   7.58585267 -0.66558289]\n [ 1.48554409 -4.46398635  3.69483393 -0.51372907 -0.66558289  7.10229724]]", "nfev": "287", "njev": "41", "status": "0", "success": "True", "message": "Optimization terminated successfully.", "x": "[ 7.27520993e+00 -1.36313809e+00  4.91892033e-01  8.14047993e+00\n  4.51137827e+00 -1.12465460e-03]", "nit": "29"}, "13": {"maxiter": 500, "gtol": 1e-10, "xrtol": 1e-05, "eps": 1e-10, "duration": 0.049542903900146484, "fun": "0.19879444449331818", "jac": "[-1.11022293e-06  2.22044587e-06 -3.33066880e-06 -1.11022293e-06\n  1.11022293e-06 -1.11022302e-06]", "hess_inv": "[[ 4.32786733 -0.24926425 -0.09905829  0.22110372  2.66877661  1.48652659]\n [-0.24926425  7.65327456 -5.04274429 -0.10571861  0.85244353 -4.69087085]\n [-0.09905829 -5.04274429  6.9921386  -1.50366957 -0.85860479  3.80999856]\n [ 0.22110372 -0.10571861 -1.50366957  3.35567713  0.48129224 -0.57214201]\n [ 2.66877661  0.85244353 -0.85860479  0.48129224  6.10900999 -0.55705191]\n [ 1.48652659 -4.69087085  3.80999856 -0.57214201 -0.55705191  7.20871069]]", "nfev": "294", "njev": "42", "status": "0", "success": "True", "message": "Optimization terminated successfully.", "x": "[ 7.27522877e+00 -1.36313405e+00  4.91881967e-01  8.14048587e+00\n  4.51139944e+00 -1.12021347e-03]", "nit": "29"}, "14": {"maxiter": 500, "gtol": 1e-10, "xrtol": 1e-10, "eps": 1e-05, "duration": 0.07703900337219238, "fun": "0.19879444450306538", "jac": "[-1.25455202e-09  1.11022302e-09  8.88178420e-11  1.22124533e-09\n  4.88498131e-10  1.83186799e-09]", "hess_inv": "[[ 5.01215096 -0.25615383  0.08203757 -0.07873393  3.55153178  1.58055135]\n [-0.25615383  6.91368984 -4.78280034 -0.30188296  0.9577616  -4.34564602]\n [ 0.08203757 -4.78280034  6.99644582 -1.58179428 -0.81465938  3.76148068]\n [-0.07873393 -0.30188296 -1.58179428  3.51917292  0.2918284  -0.52809392]\n [ 3.55153178  0.9577616  -0.81465938  0.2918284   7.69363615 -0.59229619]\n [ 1.58055135 -4.34564602  3.76148068 -0.52809392 -0.59229619  7.2151664 ]]", "nfev": "459", "njev": "64", "status": "2", "success": "False", "message": "Desired error not necessarily achieved due to precision loss.", "x": "[ 7.27521188e+00 -1.36313781e+00  4.91892833e-01  8.14047896e+00\n  4.51137926e+00 -1.12318037e-03]", "nit": "31"}, "15": {"maxiter": 500, "gtol": 1e-10, "xrtol": 1e-10, "eps": 1e-10, "duration": 0.09618091583251953, "fun": "0.19879444447640682", "jac": "[ 0.00000000e+00  1.11022293e-06  1.11022293e-06 -1.11022293e-06\n  3.33066880e-06 -1.11022302e-06]", "hess_inv": "[[ 4.45859239 -3.95808435  1.43958779  0.54000428  0.95204628  6.23743446]\n [-3.95808435  5.94481042 -2.86387973 -1.24930051 -2.63703113 -8.00009397]\n [ 1.43958779 -2.86387973  2.26449153  0.69765942  1.6036356   2.7893228 ]\n [ 0.54000428 -1.24930051  0.69765942  1.8982737  -0.22185789  2.85833203]\n [ 0.95204628 -2.63703113  1.6036356  -0.22185789  2.91766001  2.09758403]\n [ 6.23743446 -8.00009397  2.7893228   2.85833203  2.09758403 14.64725105]]", "nfev": "574", "njev": "82", "status": "0", "success": "True", "message": "Optimization terminated successfully.", "x": "[ 7.27522964e+00 -1.36313679e+00  4.91894252e-01  8.14048008e+00\n  4.51140135e+00 -1.11779563e-03]", "nit": "34"}, "16": {"maxiter": 1000, "gtol": 1e-05, "xrtol": 1e-05, "eps": 1e-05, "duration": 0.05021190643310547, "fun": "0.1987944446025518", "jac": "[-1.48012713e-06 -4.94509989e-06 -3.40063533e-06 -1.29254385e-06\n -3.22297744e-08 -2.02950989e-06]", "hess_inv": "[[ 4.72144581 -0.45435096 -0.02531763  0.13398814  3.58216479  1.56911154]\n [-0.45435096  6.82878766 -4.86796649 -0.20437615  0.91937759 -4.51981771]\n [-0.02531763 -4.86796649  6.9607432  -1.50246216 -0.76107737  3.73845406]\n [ 0.13398814 -0.20437615 -1.50246216  3.3621753   0.3361268  -0.54304648]\n [ 3.58216479  0.91937759 -0.76107737  0.3361268   7.95468739 -0.48942216]\n [ 1.56911154 -4.51981771  3.73845406 -0.54304648 -0.48942216  7.15662939]]", "nfev": "280", "njev": "40", "status": "0", "success": "True", "message": "Optimization terminated successfully.", "x": "[ 7.27520204e+00 -1.36314623e+00  4.91886913e-01  8.14048250e+00\n  4.51137250e+00 -1.13107203e-03]", "nit": "28"}, "17": {"maxiter": 1000, "gtol": 1e-05, "xrtol": 1e-05, "eps": 1e-10, "duration": 0.05043506622314453, "fun": "0.19879444449331818", "jac": "[-1.11022293e-06  2.22044587e-06 -3.33066880e-06 -1.11022293e-06\n  1.11022293e-06 -1.11022302e-06]", "hess_inv": "[[ 4.32786733 -0.24926425 -0.09905829  0.22110372  2.66877661  1.48652659]\n [-0.24926425  7.65327456 -5.04274429 -0.10571861  0.85244353 -4.69087085]\n [-0.09905829 -5.04274429  6.9921386  -1.50366957 -0.85860479  3.80999856]\n [ 0.22110372 -0.10571861 -1.50366957  3.35567713  0.48129224 -0.57214201]\n [ 2.66877661  0.85244353 -0.85860479  0.48129224  6.10900999 -0.55705191]\n [ 1.48652659 -4.69087085  3.80999856 -0.57214201 -0.55705191  7.20871069]]", "nfev": "294", "njev": "42", "status": "0", "success": "True", "message": "Optimization terminated successfully.", "x": "[ 7.27522877e+00 -1.36313405e+00  4.91881967e-01  8.14048587e+00\n  4.51139944e+00 -1.12021347e-03]", "nit": "29"}, "18": {"maxiter": 1000, "gtol": 1e-05, "xrtol": 1e-10, "eps": 1e-05, "duration": 0.049349069595336914, "fun": "0.1987944446025518", "jac": "[-1.48012713e-06 -4.94509989e-06 -3.40063533e-06 -1.29254385e-06\n -3.22297744e-08 -2.02950989e-06]", "hess_inv": "[[ 4.72144581 -0.45435096 -0.02531763  0.13398814  3.58216479  1.56911154]\n [-0.45435096  6.82878766 -4.86796649 -0.20437615  0.91937759 -4.51981771]\n [-0.02531763 -4.86796649  6.9607432  -1.50246216 -0.76107737  3.73845406]\n [ 0.13398814 -0.20437615 -1.50246216  3.3621753   0.3361268  -0.54304648]\n [ 3.58216479  0.91937759 -0.76107737  0.3361268   7.95468739 -0.48942216]\n [ 1.56911154 -4.51981771  3.73845406 -0.54304648 -0.48942216  7.15662939]]", "nfev": "280", "njev": "40", "status": "0", "success": "True", "message": "Optimization terminated successfully.", "x": "[ 7.27520204e+00 -1.36314623e+00  4.91886913e-01  8.14048250e+00\n  4.51137250e+00 -1.13107203e-03]", "nit": "28"}, "19": {"maxiter": 1000, "gtol": 1e-05, "xrtol": 1e-10, "eps": 1e-10, "duration": 0.0518031120300293, "fun": "0.19879444449331818", "jac": "[-1.11022293e-06  2.22044587e-06 -3.33066880e-06 -1.11022293e-06\n  1.11022293e-06 -1.11022302e-06]", "hess_inv": "[[ 4.32786733 -0.24926425 -0.09905829  0.22110372  2.66877661  1.48652659]\n [-0.24926425  7.65327456 -5.04274429 -0.10571861  0.85244353 -4.69087085]\n [-0.09905829 -5.04274429  6.9921386  -1.50366957 -0.85860479  3.80999856]\n [ 0.22110372 -0.10571861 -1.50366957  3.35567713  0.48129224 -0.57214201]\n [ 2.66877661  0.85244353 -0.85860479  0.48129224  6.10900999 -0.55705191]\n [ 1.48652659 -4.69087085  3.80999856 -0.57214201 -0.55705191  7.20871069]]", "nfev": "294", "njev": "42", "status": "0", "success": "True", "message": "Optimization terminated successfully.", "x": "[ 7.27522877e+00 -1.36313405e+00  4.91881967e-01  8.14048587e+00\n  4.51139944e+00 -1.12021347e-03]", "nit": "29"}, "20": {"maxiter": 1000, "gtol": 1e-10, "xrtol": 1e-05, "eps": 1e-05, "duration": 0.05089902877807617, "fun": "0.19879444451025186", "jac": "[-3.62343489e-07 -2.93876035e-07 -1.74260606e-07  1.32005518e-07\n  3.97237798e-08 -1.86850535e-07]", "hess_inv": "[[ 4.59642214 -0.39459049 -0.09235237  0.17750037  3.33786444  1.48554409]\n [-0.39459049  6.96567521 -4.82356466 -0.22274522  0.90214555 -4.46398635]\n [-0.09235237 -4.82356466  6.92572406 -1.47895045 -0.90207598  3.69483393]\n [ 0.17750037 -0.22274522 -1.47895045  3.34706733  0.4191834  -0.51372907]\n [ 3.33786444  0.90214555 -0.90207598  0.4191834   7.58585267 -0.66558289]\n [ 1.48554409 -4.46398635  3.69483393 -0.51372907 -0.66558289  7.10229724]]", "nfev": "287", "njev": "41", "status": "0", "success": "True", "message": "Optimization terminated successfully.", "x": "[ 7.27520993e+00 -1.36313809e+00  4.91892033e-01  8.14047993e+00\n  4.51137827e+00 -1.12465460e-03]", "nit": "29"}, "21": {"maxiter": 1000, "gtol": 1e-10, "xrtol": 1e-05, "eps": 1e-10, "duration": 0.0504298210144043, "fun": "0.19879444449331818", "jac": "[-1.11022293e-06  2.22044587e-06 -3.33066880e-06 -1.11022293e-06\n  1.11022293e-06 -1.11022302e-06]", "hess_inv": "[[ 4.32786733 -0.24926425 -0.09905829  0.22110372  2.66877661  1.48652659]\n [-0.24926425  7.65327456 -5.04274429 -0.10571861  0.85244353 -4.69087085]\n [-0.09905829 -5.04274429  6.9921386  -1.50366957 -0.85860479  3.80999856]\n [ 0.22110372 -0.10571861 -1.50366957  3.35567713  0.48129224 -0.57214201]\n [ 2.66877661  0.85244353 -0.85860479  0.48129224  6.10900999 -0.55705191]\n [ 1.48652659 -4.69087085  3.80999856 -0.57214201 -0.55705191  7.20871069]]", "nfev": "294", "njev": "42", "status": "0", "success": "True", "message": "Optimization terminated successfully.", "x": "[ 7.27522877e+00 -1.36313405e+00  4.91881967e-01  8.14048587e+00\n  4.51139944e+00 -1.12021347e-03]", "nit": "29"}, "22": {"maxiter": 1000, "gtol": 1e-10, "xrtol": 1e-10, "eps": 1e-05, "duration": 0.07846593856811523, "fun": "0.19879444450306538", "jac": "[-1.25455202e-09  1.11022302e-09  8.88178420e-11  1.22124533e-09\n  4.88498131e-10  1.83186799e-09]", "hess_inv": "[[ 5.01215096 -0.25615383  0.08203757 -0.07873393  3.55153178  1.58055135]\n [-0.25615383  6.91368984 -4.78280034 -0.30188296  0.9577616  -4.34564602]\n [ 0.08203757 -4.78280034  6.99644582 -1.58179428 -0.81465938  3.76148068]\n [-0.07873393 -0.30188296 -1.58179428  3.51917292  0.2918284  -0.52809392]\n [ 3.55153178  0.9577616  -0.81465938  0.2918284   7.69363615 -0.59229619]\n [ 1.58055135 -4.34564602  3.76148068 -0.52809392 -0.59229619  7.2151664 ]]", "nfev": "459", "njev": "64", "status": "2", "success": "False", "message": "Desired error not necessarily achieved due to precision loss.", "x": "[ 7.27521188e+00 -1.36313781e+00  4.91892833e-01  8.14047896e+00\n  4.51137926e+00 -1.12318037e-03]", "nit": "31"}, "23": {"maxiter": 1000, "gtol": 1e-10, "xrtol": 1e-10, "eps": 1e-10, "duration": 0.09802484512329102, "fun": "0.19879444447640682", "jac": "[ 0.00000000e+00  1.11022293e-06  1.11022293e-06 -1.11022293e-06\n  3.33066880e-06 -1.11022302e-06]", "hess_inv": "[[ 4.45859239 -3.95808435  1.43958779  0.54000428  0.95204628  6.23743446]\n [-3.95808435  5.94481042 -2.86387973 -1.24930051 -2.63703113 -8.00009397]\n [ 1.43958779 -2.86387973  2.26449153  0.69765942  1.6036356   2.7893228 ]\n [ 0.54000428 -1.24930051  0.69765942  1.8982737  -0.22185789  2.85833203]\n [ 0.95204628 -2.63703113  1.6036356  -0.22185789  2.91766001  2.09758403]\n [ 6.23743446 -8.00009397  2.7893228   2.85833203  2.09758403 14.64725105]]", "nfev": "574", "njev": "82", "status": "0", "success": "True", "message": "Optimization terminated successfully.", "x": "[ 7.27522964e+00 -1.36313679e+00  4.91894252e-01  8.14048008e+00\n  4.51140135e+00 -1.11779563e-03]", "nit": "34"}}, "cobyla": {"0": {"maxiter": 100, "tol": 1e-05, "catol": 1e-05, "duration": 0.01638007164001465, "x": "[5.29025991 1.7792649  3.63222459 4.42557174 1.37092482 3.14001886]", "status": "2", "success": "False", "message": "Maximum number of function evaluations has been exceeded.", "nfev": "100", "fun": "0.19879465156866893", "maxcv": "0.0"}, "1": {"maxiter": 100, "tol": 1e-05, "catol": 1e-10, "duration": 0.016227245330810547, "x": "[5.29025991 1.7792649  3.63222459 4.42557174 1.37092482 3.14001886]", "status": "2", "success": "False", "message": "Maximum number of function evaluations has been exceeded.", "nfev": "100", "fun": "0.19879465156866893", "maxcv": "0.0"}, "2": {"maxiter": 100, "tol": 1e-10, "catol": 1e-05, "duration": 0.016264915466308594, "x": "[5.29025991 1.7792649  3.63222459 4.42557174 1.37092482 3.14001886]", "status": "2", "success": "False", "message": "Maximum number of function evaluations has been exceeded.", "nfev": "100", "fun": "0.19879465156866893", "maxcv": "0.0"}, "3": {"maxiter": 100, "tol": 1e-10, "catol": 1e-10, "duration": 0.016285181045532227, "x": "[5.29025991 1.7792649  3.63222459 4.42557174 1.37092482 3.14001886]", "status": "2", "success": "False", "message": "Maximum number of function evaluations has been exceeded.", "nfev": "100", "fun": "0.19879465156866893", "maxcv": "0.0"}, "4": {"maxiter": 500, "tol": 1e-05, "catol": 1e-05, "duration": 0.029419898986816406, "x": "[5.29114234 1.77848026 3.633475   4.42588759 1.36980335 3.14046141]", "status": "1", "success": "True", "message": "Optimization terminated successfully.", "nfev": "181", "fun": "0.19879444452657835", "maxcv": "0.0"}, "5": {"maxiter": 500, "tol": 1e-05, "catol": 1e-10, "duration": 0.029290199279785156, "x": "[5.29114234 1.77848026 3.633475   4.42588759 1.36980335 3.14046141]", "status": "1", "success": "True", "message": "Optimization terminated successfully.", "nfev": "181", "fun": "0.19879444452657835", "maxcv": "0.0"}, "6": {"maxiter": 500, "tol": 1e-10, "catol": 1e-05, "duration": 0.05825209617614746, "x": "[5.29114447 1.77845455 3.63348946 4.42588893 1.36980148 3.14047842]", "status": "1", "success": "True", "message": "Optimization terminated successfully.", "nfev": "359", "fun": "0.19879444447038375", "maxcv": "0.0"}, "7": {"maxiter": 500, "tol": 1e-10, "catol": 1e-10, "duration": 0.05831193923950195, "x": "[5.29114447 1.77845455 3.63348946 4.42588893 1.36980148 3.14047842]", "status": "1", "success": "True", "message": "Optimization terminated successfully.", "nfev": "359", "fun": "0.19879444447038375", "maxcv": "0.0"}, "8": {"maxiter": 1000, "tol": 1e-05, "catol": 1e-05, "duration": 0.029320955276489258, "x": "[5.29114234 1.77848026 3.633475   4.42588759 1.36980335 3.14046141]", "status": "1", "success": "True", "message": "Optimization terminated successfully.", "nfev": "181", "fun": "0.19879444452657835", "maxcv": "0.0"}, "9": {"maxiter": 1000, "tol": 1e-05, "catol": 1e-10, "duration": 0.029211044311523438, "x": "[5.29114234 1.77848026 3.633475   4.42588759 1.36980335 3.14046141]", "status": "1", "success": "True", "message": "Optimization terminated successfully.", "nfev": "181", "fun": "0.19879444452657835", "maxcv": "0.0"}, "10": {"maxiter": 1000, "tol": 1e-10, "catol": 1e-05, "duration": 0.0579531192779541, "x": "[5.29114447 1.77845455 3.63348946 4.42588893 1.36980148 3.14047842]", "status": "1", "success": "True", "message": "Optimization terminated successfully.", "nfev": "359", "fun": "0.19879444447038375", "maxcv": "0.0"}, "11": {"maxiter": 1000, "tol": 1e-10, "catol": 1e-10, "duration": 0.05655622482299805, "x": "[5.29114447 1.77845455 3.63348946 4.42588893 1.36980148 3.14047842]", "status": "1", "success": "True", "message": "Optimization terminated successfully.", "nfev": "359", "fun": "0.19879444447038375", "maxcv": "0.0"}}, "dual_annealing_0": {"type": "gradient-free", "0": {"maxiter": 100, "duration": 0.2242298126220703, "success": "True", "status": "0", "x": "[5.29090184 1.77780534 3.63403622 1.8572077  4.51131806 0.        ]", "fun": "0.19879452631032768", "nit": "100", "nfev": "1306", "njev": "15", "nhev": "0", "message": "['Maximum number of iteration reached']"}, "1": {"maxiter": 500, "duration": 1.0916380882263184, "success": "True", "status": "0", "x": "[5.29090473 1.77780338 3.63404924 1.85719655 4.51131535 0.        ]", "fun": "0.19879452634083083", "nit": "500", "nfev": "6148", "njev": "21", "nhev": "0", "message": "['Maximum number of iteration reached']"}, "2": {"maxiter": 1000, "duration": 2.1751391887664795, "success": "True", "status": "0", "x": "[5.29113873 1.77845495 3.63348486 4.42588618 1.36980514 3.1404782 ]", "fun": "0.19879444447638528", "nit": "1000", "nfev": "12358", "njev": "51", "nhev": "0", "message": "['Maximum number of iteration reached']"}, "bounds": [[0.0, 6.283185307179586], [0.0, 6.283185307179586], [0.0, 6.283185307179586], [0.0, 6.283185307179586], [0.0, 6.283185307179586], [0.0, 6.283185307179586]]}, "dual_annealing_1": {"type": "gradient-free", "0": {"maxiter": 100, "duration": 0.23550796508789062, "success": "True", "status": "0", "x": "[0.99204059 4.92004709 6.77507755 1.85730324 4.5113946  6.28207188]", "fun": "0.198794444478115", "nit": "100", "nfev": "1334", "njev": "19", "nhev": "0", "message": "['Maximum number of iteration reached']"}, "1": {"maxiter": 500, "duration": 1.065896987915039, "success": "True", "status": "0", "x": "[5.29114423 1.77845336 3.63349067 4.42588812 7.65298406 9.42366368]", "fun": "0.19879444447177652", "nit": "500", "nfev": "6190", "njev": "27", "nhev": "0", "message": "['Maximum number of iteration reached']"}, "2": {"maxiter": 1000, "duration": 2.077239751815796, "success": "True", "status": "0", "x": "[7.27550463 4.91936775 0.49246343 8.140398   4.51137863 0.        ]", "fun": "0.19879452673099873", "nit": "1000", "nfev": "12106", "njev": "15", "nhev": "0", "message": "['Maximum number of iteration reached']"}, "bounds": [[0.0, 9.42477796076938], [0.0, 9.42477796076938], [0.0, 9.42477796076938], [0.0, 9.42477796076938], [0.0, 9.42477796076938], [0.0, 9.42477796076938]]}, "dual_annealing_2": {"type": "gradient-free", "0": {"maxiter": 100, "duration": 0.23131585121154785, "success": "True", "status": "0", "x": "[ 7.27522387 11.20323848  6.77508638  1.85728301 10.79457041 12.56526225]", "fun": "0.1987944445092349", "nit": "100", "nfev": "1348", "njev": "21", "nhev": "0", "message": "['Maximum number of iteration reached']"}, "1": {"maxiter": 500, "duration": 1.0728909969329834, "success": "True", "status": "0", "x": "[11.57433328  1.77846995  9.9166669   4.42589716  1.36980243  3.1404537 ]", "fun": "0.1987944445269928", "nit": "500", "nfev": "6169", "njev": "24", "nhev": "0", "message": "['Maximum number of iteration reached']"}, "2": {"maxiter": 1000, "duration": 2.167421817779541, "success": "True", "status": "0", "x": "[11.57433763  1.77845321  3.63348711  4.42589053  7.65297974  9.42366606]", "fun": "0.1987944444829487", "nit": "1000", "nfev": "12211", "njev": "30", "nhev": "0", "message": "['Maximum number of iteration reached']"}, "bounds": [[0.0, 12.566370614359172], [0.0, 12.566370614359172], [0.0, 12.566370614359172], [0.0, 12.566370614359172], [0.0, 12.566370614359172], [0.0, 12.566370614359172]]}, "dual_annealing_3": {"type": "gradient-free", "0": {"maxiter": 100, "duration": 0.26906704902648926, "success": "True", "status": "0", "x": "[ 5.29114259  1.77844788 -2.64965979 -1.85727133 -4.91338586 -3.14270162]", "fun": "0.19879444463250273", "nit": "100", "nfev": "1516", "njev": "45", "nhev": "0", "message": "['Maximum number of iteration reached']"}, "1": {"maxiter": 500, "duration": 1.1158649921417236, "success": "True", "status": "0", "x": "[ 0.9920561   4.92004517  0.491918    1.85731054 -1.77178218  6.28209645]", "fun": "0.19879444470379348", "nit": "500", "nfev": "6141", "njev": "20", "nhev": "0", "message": "['Maximum number of iteration reached']"}, "2": {"maxiter": 1000, "duration": 2.201317310333252, "success": "True", "status": "0", "x": "[ 5.29115033  1.77846026 -2.64968312  4.42590233 -4.91339497 -3.14270184]", "fun": "0.19879444452622652", "nit": "1000", "nfev": "12218", "njev": "31", "nhev": "0", "message": "['Maximum number of iteration reached']"}, "bounds": [[-6.283185307179586, 6.283185307179586], [-6.283185307179586, 6.283185307179586], [-6.283185307179586, 6.283185307179586], [-6.283185307179586, 6.283185307179586], [-6.283185307179586, 6.283185307179586], [-6.283185307179586, 6.283185307179586]]}, "dual_annealing_4": {"type": "gradient-free", "0": {"maxiter": 100, "duration": 0.2305610179901123, "success": "True", "status": "0", "x": "[ 7.2752259  -1.36313141  0.49189071  1.85729477 -1.77179731 -6.28430622]", "fun": "0.1987944444814057", "nit": "100", "nfev": "1327", "njev": "18", "nhev": "0", "message": "['Maximum number of iteration reached']"}, "1": {"maxiter": 500, "duration": 1.0816898345947266, "success": "True", "status": "0", "x": "[ 5.29113991  8.06162904 -8.93288358  4.42588563 -4.91337649 -3.14269775]", "fun": "0.19879444449882788", "nit": "500", "nfev": "6141", "njev": "20", "nhev": "0", "message": "['Maximum number of iteration reached']"}, "2": {"maxiter": 1000, "duration": 2.1443300247192383, "success": "True", "status": "0", "x": "[-5.29114153 -7.64631532  0.49188643  8.1404835  -1.77179472  6.28206613]", "fun": "0.19879444448471328", "nit": "1000", "nfev": "12099", "njev": "14", "nhev": "0", "message": "['Maximum number of iteration reached']"}, "bounds": [[-9.42477796076938, 9.42477796076938], [-9.42477796076938, 9.42477796076938], [-9.42477796076938, 9.42477796076938], [-9.42477796076938, 9.42477796076938], [-9.42477796076938, 9.42477796076938], [-9.42477796076938, 9.42477796076938]]}, "dual_annealing_5": {"type": "gradient-free", "0": {"maxiter": 100, "duration": 0.251126766204834, "success": "True", "status": "0", "x": "[-7.27523086e+00 -4.50473560e+00 -8.93288205e+00 -1.07090712e+01\n -8.05497109e+00 -1.13446593e-03]", "fun": "0.19879444454755613", "nit": "100", "nfev": "1439", "njev": "34", "nhev": "0", "message": "['Maximum number of iteration reached']"}, "1": {"maxiter": 500, "duration": 1.1639618873596191, "success": "True", "status": "0", "x": "[11.5743514   1.77844433  9.91665927  4.42587646 -4.91339984 -9.42590092]", "fun": "0.19879444459885331", "nit": "500", "nfev": "6260", "njev": "37", "nhev": "0", "message": "['Maximum number of iteration reached']"}, "2": {"maxiter": 1000, "duration": 2.1758012771606445, "success": "True", "status": "0", "x": "[ 5.29114401e+00  1.77845606e+00  9.91667594e+00 -4.42588784e+00\n -8.05497582e+00 -1.11307477e-03]", "fun": "0.19879444447258265", "nit": "1000", "nfev": "12183", "njev": "26", "nhev": "0", "message": "['Maximum number of iteration reached']"}, "bounds": [[-12.566370614359172, 12.566370614359172], [-12.566370614359172, 12.566370614359172], [-12.566370614359172, 12.566370614359172], [-12.566370614359172, 12.566370614359172], [-12.566370614359172, 12.566370614359172], [-12.566370614359172, 12.566370614359172]]}}, "duration (s)": 113.91}