{"date": "2024/07/22/, 21:44:40", "conf_id": 6, "data_type": "random\n", "num_data_points": 1, "s_rank": 0, "unitary": "[[-0.56303964-0.00798273j,-0.21670212-0.15784972j,-0.06047197-0.73952673j,-0.01438004+0.24552571j],[-0.06976756+0.23474685j,-0.01275565-0.5435098j,-0.02703657-0.08917885j,-0.08210486-0.79311774j],[-0.38559961+0.10714929j,0.5933431-0.2687392j,-0.24060861+0.29149289j,-0.45147719+0.26241743j],[-0.50180421+0.45931857j,-0.11617175+0.44134496j,0.49642745+0.22684508j,-0.08544628-0.15407063j]]", "databatch_0": {"databatch": "[[[0.36710987-0.16365503j,-0.14622709+0.21158961j,-0.10012118+0.1207779j,-0.01911325+0.14084891j],[0.24682593-0.19527458j,-0.18405057+0.07027965j,-0.08788909+0.17173535j,-0.16562656+0.05309288j],[0.15287225-0.08205305j,-0.32576065+0.20215266j,0.03593997+0.15332315j,-0.21680394+0.31333213j],[0.11575056-0.19485065j,0.06424287+0.25897354j,0.03265725+0.04913167j,0.16138829+0.1516147j]]]", "initial param values": "[1.9397017,3.24629432,2.27231059,3.4316409,3.2726701,0.60473423]", "bfgs": {"type": "gradient", "0": {"maxiter": 100, "gtol": 1e-05, "xrtol": 1e-05, "eps": 1e-05, "duration": 0.049027204513549805, "fun": "0.1708909995468546", "jac": "[ 7.33801908e-07 -4.14368539e-07 -7.01294578e-07  1.20990995e-06\n  6.50712817e-07 -2.33224551e-07]", "hess_inv": "[[   3.2581641    -6.71201673    6.43723452   -0.19113957    0.31515986\n     1.02142536]\n [  -6.71201673  162.93525874 -153.95041131  -31.48928767  -41.35556454\n   -45.30978922]\n [   6.43723452 -153.95041131  148.0010308    30.06788262   38.02566234\n    42.31627433]\n [  -0.19113957  -31.48928767   30.06788262   17.02195366   13.45239541\n    15.47941121]\n [   0.31515986  -41.35556454   38.02566234   13.45239541   23.17401468\n    23.30829371]\n [   1.02142536  -45.30978922   42.31627433   15.47941121   23.30829371\n    26.46374471]]", "nfev": "266", "njev": "38", "status": "0", "success": "True", "message": "Optimization terminated successfully.", "x": "[0.29785167 2.7916023  3.68577353 2.58530956 3.01737669 2.3576214 ]", "nit": "30"}, "1": {"maxiter": 100, "gtol": 1e-05, "xrtol": 1e-05, "eps": 1e-10, "duration": 0.04758310317993164, "fun": "0.17089100110384625", "jac": "[ 8.88178346e-06 -7.77156053e-06 -7.77156053e-06  5.55111466e-06\n  1.11022293e-06  4.44089173e-06]", "hess_inv": "[[   3.22780133   -9.13112697    8.73285693    0.57656866    1.44231744\n     2.20756001]\n [  -9.13112697  207.44944981 -195.88008975  -41.26402976  -55.84229135\n   -61.49961778]\n [   8.73285693 -195.88008975  187.50903474   39.23530531   51.65205637\n    57.56021037]\n [   0.57656866  -41.26402976   39.23530531   18.89686528   16.03968903\n    18.47826682]\n [   1.44231744  -55.84229135   51.65205637   16.03968903   27.15313277\n    27.92271825]\n [   2.20756001  -61.49961778   57.56021037   18.47826682   27.92271825\n    31.77807494]]", "nfev": "266", "njev": "38", "status": "0", "success": "True", "message": "Optimization terminated successfully.", "x": "[0.29789726 2.79082434 3.68650467 2.58552739 3.01768408 2.3579675 ]", "nit": "30"}, "2": {"maxiter": 100, "gtol": 1e-05, "xrtol": 1e-10, "eps": 1e-05, "duration": 0.047203779220581055, "fun": "0.1708909995468546", "jac": "[ 7.33801908e-07 -4.14368539e-07 -7.01294578e-07  1.20990995e-06\n  6.50712817e-07 -2.33224551e-07]", "hess_inv": "[[   3.2581641    -6.71201673    6.43723452   -0.19113957    0.31515986\n     1.02142536]\n [  -6.71201673  162.93525874 -153.95041131  -31.48928767  -41.35556454\n   -45.30978922]\n [   6.43723452 -153.95041131  148.0010308    30.06788262   38.02566234\n    42.31627433]\n [  -0.19113957  -31.48928767   30.06788262   17.02195366   13.45239541\n    15.47941121]\n [   0.31515986  -41.35556454   38.02566234   13.45239541   23.17401468\n    23.30829371]\n [   1.02142536  -45.30978922   42.31627433   15.47941121   23.30829371\n    26.46374471]]", "nfev": "266", "njev": "38", "status": "0", "success": "True", "message": "Optimization terminated successfully.", "x": "[0.29785167 2.7916023  3.68577353 2.58530956 3.01737669 2.3576214 ]", "nit": "30"}, "3": {"maxiter": 100, "gtol": 1e-05, "xrtol": 1e-10, "eps": 1e-10, "duration": 0.045961856842041016, "fun": "0.17089100110384625", "jac": "[ 8.88178346e-06 -7.77156053e-06 -7.77156053e-06  5.55111466e-06\n  1.11022293e-06  4.44089173e-06]", "hess_inv": "[[   3.22780133   -9.13112697    8.73285693    0.57656866    1.44231744\n     2.20756001]\n [  -9.13112697  207.44944981 -195.88008975  -41.26402976  -55.84229135\n   -61.49961778]\n [   8.73285693 -195.88008975  187.50903474   39.23530531   51.65205637\n    57.56021037]\n [   0.57656866  -41.26402976   39.23530531   18.89686528   16.03968903\n    18.47826682]\n [   1.44231744  -55.84229135   51.65205637   16.03968903   27.15313277\n    27.92271825]\n [   2.20756001  -61.49961778   57.56021037   18.47826682   27.92271825\n    31.77807494]]", "nfev": "266", "njev": "38", "status": "0", "success": "True", "message": "Optimization terminated successfully.", "x": "[0.29789726 2.79082434 3.68650467 2.58552739 3.01768408 2.3579675 ]", "nit": "30"}, "4": {"maxiter": 100, "gtol": 1e-10, "xrtol": 1e-05, "eps": 1e-05, "duration": 0.09094095230102539, "fun": "0.1708909995468546", "jac": "[ 7.33801908e-07 -4.14368539e-07 -7.01294578e-07  1.20990995e-06\n  6.50712817e-07 -2.33224551e-07]", "hess_inv": "[[   3.36876003   -7.43294196    7.15716786    0.24702593    0.76497676\n     1.56456046]\n [  -7.43294196  164.84938891 -156.35830766  -31.62033294  -41.72965018\n   -46.18660574]\n [   7.15716786 -156.35830766  150.81286066   30.68443629   38.8551425\n    43.66660855]\n [   0.24702593  -31.62033294   30.68443629   16.09154679   12.73163451\n    15.02507319]\n [   0.76497676  -41.72965018   38.8551425    12.73163451   22.65410333\n    23.07096957]\n [   1.56456046  -46.18660574   43.66660855   15.02507319   23.07096957\n    26.58374611]]", "nfev": "535", "njev": "75", "status": "2", "success": "False", "message": "Desired error not necessarily achieved due to precision loss.", "x": "[0.29785167 2.7916023  3.68577353 2.58530956 3.01737669 2.3576214 ]", "nit": "30"}, "5": {"maxiter": 100, "gtol": 1e-10, "xrtol": 1e-05, "eps": 1e-10, "duration": 0.04696512222290039, "fun": "0.17089100086848952", "jac": "[ 7.77156053e-06 -2.22044587e-06 -4.44089173e-06  4.44089173e-06\n  4.44089173e-06  3.33066880e-06]", "hess_inv": "[[ 3.14102565e+00 -5.40310042e+00  5.31920975e+00 -4.95670686e-01\n  -2.22449194e-02  6.42329998e-01]\n [-5.40310042e+00  1.50042849e+02 -1.43298512e+02 -2.35918660e+01\n  -3.33110656e+01 -3.60687028e+01]\n [ 5.31920975e+00 -1.43298512e+02  1.39346943e+02  2.30489906e+01\n   3.10145702e+01  3.42673399e+01]\n [-4.95670686e-01 -2.35918660e+01  2.30489906e+01  1.34932362e+01\n   9.10296694e+00  1.06914442e+01]\n [-2.22449194e-02 -3.33110656e+01  3.10145702e+01  9.10296694e+00\n   1.83099783e+01  1.79407075e+01]\n [ 6.42329998e-01 -3.60687028e+01  3.42673399e+01  1.06914442e+01\n   1.79407075e+01  2.05601904e+01]]", "nfev": "273", "njev": "39", "status": "0", "success": "True", "message": "Optimization terminated successfully.", "x": "[0.29789457 2.79086463 3.68646777 2.58551496 3.01766827 2.35794961]", "nit": "31"}, "6": {"maxiter": 100, "gtol": 1e-10, "xrtol": 1e-10, "eps": 1e-05, "duration": 0.09054994583129883, "fun": "0.1708909995468546", "jac": "[ 7.33801908e-07 -4.14368539e-07 -7.01294578e-07  1.20990995e-06\n  6.50712817e-07 -2.33224551e-07]", "hess_inv": "[[   3.36876003   -7.43294196    7.15716786    0.24702593    0.76497676\n     1.56456046]\n [  -7.43294196  164.84938891 -156.35830766  -31.62033294  -41.72965018\n   -46.18660574]\n [   7.15716786 -156.35830766  150.81286066   30.68443629   38.8551425\n    43.66660855]\n [   0.24702593  -31.62033294   30.68443629   16.09154679   12.73163451\n    15.02507319]\n [   0.76497676  -41.72965018   38.8551425    12.73163451   22.65410333\n    23.07096957]\n [   1.56456046  -46.18660574   43.66660855   15.02507319   23.07096957\n    26.58374611]]", "nfev": "535", "njev": "75", "status": "2", "success": "False", "message": "Desired error not necessarily achieved due to precision loss.", "x": "[0.29785167 2.7916023  3.68577353 2.58530956 3.01737669 2.3576214 ]", "nit": "30"}, "7": {"maxiter": 100, "gtol": 1e-10, "xrtol": 1e-10, "eps": 1e-10, "duration": 0.10828900337219238, "fun": "0.17089099972975264", "jac": "[-2.22044587e-06  0.00000000e+00  2.22044587e-06 -1.11022293e-06\n -1.11022293e-06  0.00000000e+00]", "hess_inv": "[[ 0.06806795 -0.17984316  0.10400402 -0.09256146  0.08548823  0.06533778]\n [-0.17984316  0.74753114 -0.4306756   0.53733323 -0.40431262 -0.48094969]\n [ 0.10400402 -0.4306756   0.26098634 -0.32648816  0.22157441  0.2836217 ]\n [-0.09256146  0.53733323 -0.32648816  0.59206855 -0.31618435 -0.53459107]\n [ 0.08548823 -0.40431262  0.22157441 -0.31618435  0.25229037  0.28276897]\n [ 0.06533778 -0.48094969  0.2836217  -0.53459107  0.28276897  0.5152846 ]]", "nfev": "637", "njev": "91", "status": "0", "success": "True", "message": "Optimization terminated successfully.", "x": "[0.29786604 2.79111083 3.68625454 2.58539113 3.01750271 2.35775957]", "nit": "61"}, "8": {"maxiter": 500, "gtol": 1e-05, "xrtol": 1e-05, "eps": 1e-05, "duration": 0.045111894607543945, "fun": "0.1708909995468546", "jac": "[ 7.33801908e-07 -4.14368539e-07 -7.01294578e-07  1.20990995e-06\n  6.50712817e-07 -2.33224551e-07]", "hess_inv": "[[   3.2581641    -6.71201673    6.43723452   -0.19113957    0.31515986\n     1.02142536]\n [  -6.71201673  162.93525874 -153.95041131  -31.48928767  -41.35556454\n   -45.30978922]\n [   6.43723452 -153.95041131  148.0010308    30.06788262   38.02566234\n    42.31627433]\n [  -0.19113957  -31.48928767   30.06788262   17.02195366   13.45239541\n    15.47941121]\n [   0.31515986  -41.35556454   38.02566234   13.45239541   23.17401468\n    23.30829371]\n [   1.02142536  -45.30978922   42.31627433   15.47941121   23.30829371\n    26.46374471]]", "nfev": "266", "njev": "38", "status": "0", "success": "True", "message": "Optimization terminated successfully.", "x": "[0.29785167 2.7916023  3.68577353 2.58530956 3.01737669 2.3576214 ]", "nit": "30"}, "9": {"maxiter": 500, "gtol": 1e-05, "xrtol": 1e-05, "eps": 1e-10, "duration": 0.04522514343261719, "fun": "0.17089100110384625", "jac": "[ 8.88178346e-06 -7.77156053e-06 -7.77156053e-06  5.55111466e-06\n  1.11022293e-06  4.44089173e-06]", "hess_inv": "[[   3.22780133   -9.13112697    8.73285693    0.57656866    1.44231744\n     2.20756001]\n [  -9.13112697  207.44944981 -195.88008975  -41.26402976  -55.84229135\n   -61.49961778]\n [   8.73285693 -195.88008975  187.50903474   39.23530531   51.65205637\n    57.56021037]\n [   0.57656866  -41.26402976   39.23530531   18.89686528   16.03968903\n    18.47826682]\n [   1.44231744  -55.84229135   51.65205637   16.03968903   27.15313277\n    27.92271825]\n [   2.20756001  -61.49961778   57.56021037   18.47826682   27.92271825\n    31.77807494]]", "nfev": "266", "njev": "38", "status": "0", "success": "True", "message": "Optimization terminated successfully.", "x": "[0.29789726 2.79082434 3.68650467 2.58552739 3.01768408 2.3579675 ]", "nit": "30"}, "10": {"maxiter": 500, "gtol": 1e-05, "xrtol": 1e-10, "eps": 1e-05, "duration": 0.04506278038024902, "fun": "0.1708909995468546", "jac": "[ 7.33801908e-07 -4.14368539e-07 -7.01294578e-07  1.20990995e-06\n  6.50712817e-07 -2.33224551e-07]", "hess_inv": "[[   3.2581641    -6.71201673    6.43723452   -0.19113957    0.31515986\n     1.02142536]\n [  -6.71201673  162.93525874 -153.95041131  -31.48928767  -41.35556454\n   -45.30978922]\n [   6.43723452 -153.95041131  148.0010308    30.06788262   38.02566234\n    42.31627433]\n [  -0.19113957  -31.48928767   30.06788262   17.02195366   13.45239541\n    15.47941121]\n [   0.31515986  -41.35556454   38.02566234   13.45239541   23.17401468\n    23.30829371]\n [   1.02142536  -45.30978922   42.31627433   15.47941121   23.30829371\n    26.46374471]]", "nfev": "266", "njev": "38", "status": "0", "success": "True", "message": "Optimization terminated successfully.", "x": "[0.29785167 2.7916023  3.68577353 2.58530956 3.01737669 2.3576214 ]", "nit": "30"}, "11": {"maxiter": 500, "gtol": 1e-05, "xrtol": 1e-10, "eps": 1e-10, "duration": 0.045198917388916016, "fun": "0.17089100110384625", "jac": "[ 8.88178346e-06 -7.77156053e-06 -7.77156053e-06  5.55111466e-06\n  1.11022293e-06  4.44089173e-06]", "hess_inv": "[[   3.22780133   -9.13112697    8.73285693    0.57656866    1.44231744\n     2.20756001]\n [  -9.13112697  207.44944981 -195.88008975  -41.26402976  -55.84229135\n   -61.49961778]\n [   8.73285693 -195.88008975  187.50903474   39.23530531   51.65205637\n    57.56021037]\n [   0.57656866  -41.26402976   39.23530531   18.89686528   16.03968903\n    18.47826682]\n [   1.44231744  -55.84229135   51.65205637   16.03968903   27.15313277\n    27.92271825]\n [   2.20756001  -61.49961778   57.56021037   18.47826682   27.92271825\n    31.77807494]]", "nfev": "266", "njev": "38", "status": "0", "success": "True", "message": "Optimization terminated successfully.", "x": "[0.29789726 2.79082434 3.68650467 2.58552739 3.01768408 2.3579675 ]", "nit": "30"}, "12": {"maxiter": 500, "gtol": 1e-10, "xrtol": 1e-05, "eps": 1e-05, "duration": 0.09035015106201172, "fun": "0.1708909995468546", "jac": "[ 7.33801908e-07 -4.14368539e-07 -7.01294578e-07  1.20990995e-06\n  6.50712817e-07 -2.33224551e-07]", "hess_inv": "[[   3.36876003   -7.43294196    7.15716786    0.24702593    0.76497676\n     1.56456046]\n [  -7.43294196  164.84938891 -156.35830766  -31.62033294  -41.72965018\n   -46.18660574]\n [   7.15716786 -156.35830766  150.81286066   30.68443629   38.8551425\n    43.66660855]\n [   0.24702593  -31.62033294   30.68443629   16.09154679   12.73163451\n    15.02507319]\n [   0.76497676  -41.72965018   38.8551425    12.73163451   22.65410333\n    23.07096957]\n [   1.56456046  -46.18660574   43.66660855   15.02507319   23.07096957\n    26.58374611]]", "nfev": "535", "njev": "75", "status": "2", "success": "False", "message": "Desired error not necessarily achieved due to precision loss.", "x": "[0.29785167 2.7916023  3.68577353 2.58530956 3.01737669 2.3576214 ]", "nit": "30"}, "13": {"maxiter": 500, "gtol": 1e-10, "xrtol": 1e-05, "eps": 1e-10, "duration": 0.04644298553466797, "fun": "0.17089100086848952", "jac": "[ 7.77156053e-06 -2.22044587e-06 -4.44089173e-06  4.44089173e-06\n  4.44089173e-06  3.33066880e-06]", "hess_inv": "[[ 3.14102565e+00 -5.40310042e+00  5.31920975e+00 -4.95670686e-01\n  -2.22449194e-02  6.42329998e-01]\n [-5.40310042e+00  1.50042849e+02 -1.43298512e+02 -2.35918660e+01\n  -3.33110656e+01 -3.60687028e+01]\n [ 5.31920975e+00 -1.43298512e+02  1.39346943e+02  2.30489906e+01\n   3.10145702e+01  3.42673399e+01]\n [-4.95670686e-01 -2.35918660e+01  2.30489906e+01  1.34932362e+01\n   9.10296694e+00  1.06914442e+01]\n [-2.22449194e-02 -3.33110656e+01  3.10145702e+01  9.10296694e+00\n   1.83099783e+01  1.79407075e+01]\n [ 6.42329998e-01 -3.60687028e+01  3.42673399e+01  1.06914442e+01\n   1.79407075e+01  2.05601904e+01]]", "nfev": "273", "njev": "39", "status": "0", "success": "True", "message": "Optimization terminated successfully.", "x": "[0.29789457 2.79086463 3.68646777 2.58551496 3.01766827 2.35794961]", "nit": "31"}, "14": {"maxiter": 500, "gtol": 1e-10, "xrtol": 1e-10, "eps": 1e-05, "duration": 0.09097886085510254, "fun": "0.1708909995468546", "jac": "[ 7.33801908e-07 -4.14368539e-07 -7.01294578e-07  1.20990995e-06\n  6.50712817e-07 -2.33224551e-07]", "hess_inv": "[[   3.36876003   -7.43294196    7.15716786    0.24702593    0.76497676\n     1.56456046]\n [  -7.43294196  164.84938891 -156.35830766  -31.62033294  -41.72965018\n   -46.18660574]\n [   7.15716786 -156.35830766  150.81286066   30.68443629   38.8551425\n    43.66660855]\n [   0.24702593  -31.62033294   30.68443629   16.09154679   12.73163451\n    15.02507319]\n [   0.76497676  -41.72965018   38.8551425    12.73163451   22.65410333\n    23.07096957]\n [   1.56456046  -46.18660574   43.66660855   15.02507319   23.07096957\n    26.58374611]]", "nfev": "535", "njev": "75", "status": "2", "success": "False", "message": "Desired error not necessarily achieved due to precision loss.", "x": "[0.29785167 2.7916023  3.68577353 2.58530956 3.01737669 2.3576214 ]", "nit": "30"}, "15": {"maxiter": 500, "gtol": 1e-10, "xrtol": 1e-10, "eps": 1e-10, "duration": 0.10908794403076172, "fun": "0.17089099972975264", "jac": "[-2.22044587e-06  0.00000000e+00  2.22044587e-06 -1.11022293e-06\n -1.11022293e-06  0.00000000e+00]", "hess_inv": "[[ 0.06806795 -0.17984316  0.10400402 -0.09256146  0.08548823  0.06533778]\n [-0.17984316  0.74753114 -0.4306756   0.53733323 -0.40431262 -0.48094969]\n [ 0.10400402 -0.4306756   0.26098634 -0.32648816  0.22157441  0.2836217 ]\n [-0.09256146  0.53733323 -0.32648816  0.59206855 -0.31618435 -0.53459107]\n [ 0.08548823 -0.40431262  0.22157441 -0.31618435  0.25229037  0.28276897]\n [ 0.06533778 -0.48094969  0.2836217  -0.53459107  0.28276897  0.5152846 ]]", "nfev": "637", "njev": "91", "status": "0", "success": "True", "message": "Optimization terminated successfully.", "x": "[0.29786604 2.79111083 3.68625454 2.58539113 3.01750271 2.35775957]", "nit": "61"}, "16": {"maxiter": 1000, "gtol": 1e-05, "xrtol": 1e-05, "eps": 1e-05, "duration": 0.04522085189819336, "fun": "0.1708909995468546", "jac": "[ 7.33801908e-07 -4.14368539e-07 -7.01294578e-07  1.20990995e-06\n  6.50712817e-07 -2.33224551e-07]", "hess_inv": "[[   3.2581641    -6.71201673    6.43723452   -0.19113957    0.31515986\n     1.02142536]\n [  -6.71201673  162.93525874 -153.95041131  -31.48928767  -41.35556454\n   -45.30978922]\n [   6.43723452 -153.95041131  148.0010308    30.06788262   38.02566234\n    42.31627433]\n [  -0.19113957  -31.48928767   30.06788262   17.02195366   13.45239541\n    15.47941121]\n [   0.31515986  -41.35556454   38.02566234   13.45239541   23.17401468\n    23.30829371]\n [   1.02142536  -45.30978922   42.31627433   15.47941121   23.30829371\n    26.46374471]]", "nfev": "266", "njev": "38", "status": "0", "success": "True", "message": "Optimization terminated successfully.", "x": "[0.29785167 2.7916023  3.68577353 2.58530956 3.01737669 2.3576214 ]", "nit": "30"}, "17": {"maxiter": 1000, "gtol": 1e-05, "xrtol": 1e-05, "eps": 1e-10, "duration": 0.04518413543701172, "fun": "0.17089100110384625", "jac": "[ 8.88178346e-06 -7.77156053e-06 -7.77156053e-06  5.55111466e-06\n  1.11022293e-06  4.44089173e-06]", "hess_inv": "[[   3.22780133   -9.13112697    8.73285693    0.57656866    1.44231744\n     2.20756001]\n [  -9.13112697  207.44944981 -195.88008975  -41.26402976  -55.84229135\n   -61.49961778]\n [   8.73285693 -195.88008975  187.50903474   39.23530531   51.65205637\n    57.56021037]\n [   0.57656866  -41.26402976   39.23530531   18.89686528   16.03968903\n    18.47826682]\n [   1.44231744  -55.84229135   51.65205637   16.03968903   27.15313277\n    27.92271825]\n [   2.20756001  -61.49961778   57.56021037   18.47826682   27.92271825\n    31.77807494]]", "nfev": "266", "njev": "38", "status": "0", "success": "True", "message": "Optimization terminated successfully.", "x": "[0.29789726 2.79082434 3.68650467 2.58552739 3.01768408 2.3579675 ]", "nit": "30"}, "18": {"maxiter": 1000, "gtol": 1e-05, "xrtol": 1e-10, "eps": 1e-05, "duration": 0.04514789581298828, "fun": "0.1708909995468546", "jac": "[ 7.33801908e-07 -4.14368539e-07 -7.01294578e-07  1.20990995e-06\n  6.50712817e-07 -2.33224551e-07]", "hess_inv": "[[   3.2581641    -6.71201673    6.43723452   -0.19113957    0.31515986\n     1.02142536]\n [  -6.71201673  162.93525874 -153.95041131  -31.48928767  -41.35556454\n   -45.30978922]\n [   6.43723452 -153.95041131  148.0010308    30.06788262   38.02566234\n    42.31627433]\n [  -0.19113957  -31.48928767   30.06788262   17.02195366   13.45239541\n    15.47941121]\n [   0.31515986  -41.35556454   38.02566234   13.45239541   23.17401468\n    23.30829371]\n [   1.02142536  -45.30978922   42.31627433   15.47941121   23.30829371\n    26.46374471]]", "nfev": "266", "njev": "38", "status": "0", "success": "True", "message": "Optimization terminated successfully.", "x": "[0.29785167 2.7916023  3.68577353 2.58530956 3.01737669 2.3576214 ]", "nit": "30"}, "19": {"maxiter": 1000, "gtol": 1e-05, "xrtol": 1e-10, "eps": 1e-10, "duration": 0.04509305953979492, "fun": "0.17089100110384625", "jac": "[ 8.88178346e-06 -7.77156053e-06 -7.77156053e-06  5.55111466e-06\n  1.11022293e-06  4.44089173e-06]", "hess_inv": "[[   3.22780133   -9.13112697    8.73285693    0.57656866    1.44231744\n     2.20756001]\n [  -9.13112697  207.44944981 -195.88008975  -41.26402976  -55.84229135\n   -61.49961778]\n [   8.73285693 -195.88008975  187.50903474   39.23530531   51.65205637\n    57.56021037]\n [   0.57656866  -41.26402976   39.23530531   18.89686528   16.03968903\n    18.47826682]\n [   1.44231744  -55.84229135   51.65205637   16.03968903   27.15313277\n    27.92271825]\n [   2.20756001  -61.49961778   57.56021037   18.47826682   27.92271825\n    31.77807494]]", "nfev": "266", "njev": "38", "status": "0", "success": "True", "message": "Optimization terminated successfully.", "x": "[0.29789726 2.79082434 3.68650467 2.58552739 3.01768408 2.3579675 ]", "nit": "30"}, "20": {"maxiter": 1000, "gtol": 1e-10, "xrtol": 1e-05, "eps": 1e-05, "duration": 0.09035205841064453, "fun": "0.1708909995468546", "jac": "[ 7.33801908e-07 -4.14368539e-07 -7.01294578e-07  1.20990995e-06\n  6.50712817e-07 -2.33224551e-07]", "hess_inv": "[[   3.36876003   -7.43294196    7.15716786    0.24702593    0.76497676\n     1.56456046]\n [  -7.43294196  164.84938891 -156.35830766  -31.62033294  -41.72965018\n   -46.18660574]\n [   7.15716786 -156.35830766  150.81286066   30.68443629   38.8551425\n    43.66660855]\n [   0.24702593  -31.62033294   30.68443629   16.09154679   12.73163451\n    15.02507319]\n [   0.76497676  -41.72965018   38.8551425    12.73163451   22.65410333\n    23.07096957]\n [   1.56456046  -46.18660574   43.66660855   15.02507319   23.07096957\n    26.58374611]]", "nfev": "535", "njev": "75", "status": "2", "success": "False", "message": "Desired error not necessarily achieved due to precision loss.", "x": "[0.29785167 2.7916023  3.68577353 2.58530956 3.01737669 2.3576214 ]", "nit": "30"}, "21": {"maxiter": 1000, "gtol": 1e-10, "xrtol": 1e-05, "eps": 1e-10, "duration": 0.04640793800354004, "fun": "0.17089100086848952", "jac": "[ 7.77156053e-06 -2.22044587e-06 -4.44089173e-06  4.44089173e-06\n  4.44089173e-06  3.33066880e-06]", "hess_inv": "[[ 3.14102565e+00 -5.40310042e+00  5.31920975e+00 -4.95670686e-01\n  -2.22449194e-02  6.42329998e-01]\n [-5.40310042e+00  1.50042849e+02 -1.43298512e+02 -2.35918660e+01\n  -3.33110656e+01 -3.60687028e+01]\n [ 5.31920975e+00 -1.43298512e+02  1.39346943e+02  2.30489906e+01\n   3.10145702e+01  3.42673399e+01]\n [-4.95670686e-01 -2.35918660e+01  2.30489906e+01  1.34932362e+01\n   9.10296694e+00  1.06914442e+01]\n [-2.22449194e-02 -3.33110656e+01  3.10145702e+01  9.10296694e+00\n   1.83099783e+01  1.79407075e+01]\n [ 6.42329998e-01 -3.60687028e+01  3.42673399e+01  1.06914442e+01\n   1.79407075e+01  2.05601904e+01]]", "nfev": "273", "njev": "39", "status": "0", "success": "True", "message": "Optimization terminated successfully.", "x": "[0.29789457 2.79086463 3.68646777 2.58551496 3.01766827 2.35794961]", "nit": "31"}, "22": {"maxiter": 1000, "gtol": 1e-10, "xrtol": 1e-10, "eps": 1e-05, "duration": 0.09001708030700684, "fun": "0.1708909995468546", "jac": "[ 7.33801908e-07 -4.14368539e-07 -7.01294578e-07  1.20990995e-06\n  6.50712817e-07 -2.33224551e-07]", "hess_inv": "[[   3.36876003   -7.43294196    7.15716786    0.24702593    0.76497676\n     1.56456046]\n [  -7.43294196  164.84938891 -156.35830766  -31.62033294  -41.72965018\n   -46.18660574]\n [   7.15716786 -156.35830766  150.81286066   30.68443629   38.8551425\n    43.66660855]\n [   0.24702593  -31.62033294   30.68443629   16.09154679   12.73163451\n    15.02507319]\n [   0.76497676  -41.72965018   38.8551425    12.73163451   22.65410333\n    23.07096957]\n [   1.56456046  -46.18660574   43.66660855   15.02507319   23.07096957\n    26.58374611]]", "nfev": "535", "njev": "75", "status": "2", "success": "False", "message": "Desired error not necessarily achieved due to precision loss.", "x": "[0.29785167 2.7916023  3.68577353 2.58530956 3.01737669 2.3576214 ]", "nit": "30"}, "23": {"maxiter": 1000, "gtol": 1e-10, "xrtol": 1e-10, "eps": 1e-10, "duration": 0.10785222053527832, "fun": "0.17089099972975264", "jac": "[-2.22044587e-06  0.00000000e+00  2.22044587e-06 -1.11022293e-06\n -1.11022293e-06  0.00000000e+00]", "hess_inv": "[[ 0.06806795 -0.17984316  0.10400402 -0.09256146  0.08548823  0.06533778]\n [-0.17984316  0.74753114 -0.4306756   0.53733323 -0.40431262 -0.48094969]\n [ 0.10400402 -0.4306756   0.26098634 -0.32648816  0.22157441  0.2836217 ]\n [-0.09256146  0.53733323 -0.32648816  0.59206855 -0.31618435 -0.53459107]\n [ 0.08548823 -0.40431262  0.22157441 -0.31618435  0.25229037  0.28276897]\n [ 0.06533778 -0.48094969  0.2836217  -0.53459107  0.28276897  0.5152846 ]]", "nfev": "637", "njev": "91", "status": "0", "success": "True", "message": "Optimization terminated successfully.", "x": "[0.29786604 2.79111083 3.68625454 2.58539113 3.01750271 2.35775957]", "nit": "61"}}, "cobyla": {"0": {"maxiter": 100, "tol": 1e-05, "catol": 1e-05, "duration": 0.016317129135131836, "x": "[3.59683592 4.27605141 1.61164888 6.43468228 3.12798872 1.25655988]", "status": "2", "success": "False", "message": "Maximum number of function evaluations has been exceeded.", "nfev": "100", "fun": "0.2851320296531604", "maxcv": "0.0"}, "1": {"maxiter": 100, "tol": 1e-05, "catol": 1e-10, "duration": 0.016183853149414062, "x": "[3.59683592 4.27605141 1.61164888 6.43468228 3.12798872 1.25655988]", "status": "2", "success": "False", "message": "Maximum number of function evaluations has been exceeded.", "nfev": "100", "fun": "0.2851320296531604", "maxcv": "0.0"}, "2": {"maxiter": 100, "tol": 1e-10, "catol": 1e-05, "duration": 0.016239166259765625, "x": "[3.59683592 4.27605141 1.61164888 6.43468228 3.12798872 1.25655988]", "status": "2", "success": "False", "message": "Maximum number of function evaluations has been exceeded.", "nfev": "100", "fun": "0.2851320296531604", "maxcv": "0.0"}, "3": {"maxiter": 100, "tol": 1e-10, "catol": 1e-10, "duration": 0.01638507843017578, "x": "[3.59683592 4.27605141 1.61164888 6.43468228 3.12798872 1.25655988]", "status": "2", "success": "False", "message": "Maximum number of function evaluations has been exceeded.", "nfev": "100", "fun": "0.2851320296531604", "maxcv": "0.0"}, "4": {"maxiter": 500, "tol": 1e-05, "catol": 1e-05, "duration": 0.08124899864196777, "x": "[3.54866862 4.14513823 1.47683126 6.45266513 3.47303122 0.88608533]", "status": "2", "success": "False", "message": "Maximum number of function evaluations has been exceeded.", "nfev": "500", "fun": "0.2836678745541351", "maxcv": "0.0"}, "5": {"maxiter": 500, "tol": 1e-05, "catol": 1e-10, "duration": 0.08151388168334961, "x": "[3.54866862 4.14513823 1.47683126 6.45266513 3.47303122 0.88608533]", "status": "2", "success": "False", "message": "Maximum number of function evaluations has been exceeded.", "nfev": "500", "fun": "0.2836678745541351", "maxcv": "0.0"}, "6": {"maxiter": 500, "tol": 1e-10, "catol": 1e-05, "duration": 0.08087015151977539, "x": "[3.54866862 4.14513823 1.47683126 6.45266513 3.47303122 0.88608533]", "status": "2", "success": "False", "message": "Maximum number of function evaluations has been exceeded.", "nfev": "500", "fun": "0.2836678745541351", "maxcv": "0.0"}, "7": {"maxiter": 500, "tol": 1e-10, "catol": 1e-10, "duration": 0.08511781692504883, "x": "[3.54866862 4.14513823 1.47683126 6.45266513 3.47303122 0.88608533]", "status": "2", "success": "False", "message": "Maximum number of function evaluations has been exceeded.", "nfev": "500", "fun": "0.2836678745541351", "maxcv": "0.0"}, "8": {"maxiter": 1000, "tol": 1e-05, "catol": 1e-05, "duration": 0.1666731834411621, "x": "[3.61844286 4.22536026 1.53778445 6.44926378 3.83162819 0.52609431]", "status": "2", "success": "False", "message": "Maximum number of function evaluations has been exceeded.", "nfev": "1000", "fun": "0.28281309398061316", "maxcv": "0.0"}, "9": {"maxiter": 1000, "tol": 1e-05, "catol": 1e-10, "duration": 0.16609430313110352, "x": "[3.61844286 4.22536026 1.53778445 6.44926378 3.83162819 0.52609431]", "status": "2", "success": "False", "message": "Maximum number of function evaluations has been exceeded.", "nfev": "1000", "fun": "0.28281309398061316", "maxcv": "0.0"}, "10": {"maxiter": 1000, "tol": 1e-10, "catol": 1e-05, "duration": 0.17882108688354492, "x": "[3.61844286 4.22536026 1.53778445 6.44926378 3.83162819 0.52609431]", "status": "2", "success": "False", "message": "Maximum number of function evaluations has been exceeded.", "nfev": "1000", "fun": "0.28281309398061316", "maxcv": "0.0"}, "11": {"maxiter": 1000, "tol": 1e-10, "catol": 1e-10, "duration": 0.1868760585784912, "x": "[3.61844286 4.22536026 1.53778445 6.44926378 3.83162819 0.52609431]", "status": "2", "success": "False", "message": "Maximum number of function evaluations has been exceeded.", "nfev": "1000", "fun": "0.28281309398061316", "maxcv": "0.0"}}, "dual_annealing_0": {"type": "gradient-free", "0": {"maxiter": 100, "duration": 0.2545127868652344, "success": "True", "status": "0", "x": "[5.98241451 0.21161573 6.28318531 2.49541577 2.91891286 2.24379907]", "fun": "0.1718502417061265", "nit": "100", "nfev": "1404", "njev": "29", "nhev": "0", "message": "['Maximum number of iteration reached']"}, "1": {"maxiter": 500, "duration": 1.076035976409912, "success": "True", "status": "0", "x": "[0.38608269 2.10174091 4.34321668 3.44326855 0.61087348 0.        ]", "fun": "0.1750779608156947", "nit": "500", "nfev": "6183", "njev": "26", "nhev": "0", "message": "['Maximum number of iteration reached']"}, "2": {"maxiter": 1000, "duration": 2.1610617637634277, "success": "True", "status": "0", "x": "[5.98532643 5.93304176 0.54432552 3.69783241 6.15904772 5.49929343]", "fun": "0.1708909993932749", "nit": "1000", "nfev": "12379", "njev": "54", "nhev": "0", "message": "['Maximum number of iteration reached']"}, "bounds": [[0.0, 6.283185307179586], [0.0, 6.283185307179586], [0.0, 6.283185307179586], [0.0, 6.283185307179586], [0.0, 6.283185307179586], [0.0, 6.283185307179586]]}, "dual_annealing_1": {"type": "gradient-free", "0": {"maxiter": 100, "duration": 0.24831008911132812, "success": "True", "status": "0", "x": "[0.29787775 9.07475612 3.68580937 8.86849955 3.01737685 2.35766146]", "fun": "0.17089099971722732", "nit": "100", "nfev": "1425", "njev": "32", "nhev": "0", "message": "['Maximum number of iteration reached']"}, "1": {"maxiter": 500, "duration": 1.0735249519348145, "success": "True", "status": "0", "x": "[0.29787031 9.07460647 3.68594153 3.69783544 6.15904996 5.49929767]", "fun": "0.1708909994157265", "nit": "500", "nfev": "6232", "njev": "33", "nhev": "0", "message": "['Maximum number of iteration reached']"}, "2": {"maxiter": 1000, "duration": 2.110596179962158, "success": "True", "status": "0", "x": "[6.58102341 2.79176224 3.68563627 8.86843675 3.01732527 8.64072978]", "fun": "0.17089100004724211", "nit": "1000", "nfev": "12295", "njev": "42", "nhev": "0", "message": "['Maximum number of iteration reached']"}, "bounds": [[0.0, 9.42477796076938], [0.0, 9.42477796076938], [0.0, 9.42477796076938], [0.0, 9.42477796076938], [0.0, 9.42477796076938], [0.0, 9.42477796076938]]}, "dual_annealing_2": {"type": "gradient-free", "0": {"maxiter": 100, "duration": 0.276486873626709, "success": "True", "status": "0", "x": "[12.26858589  5.93293491  0.54449995  2.58535264  3.01741797  8.64085566]", "fun": "0.17089100162622695", "nit": "100", "nfev": "1586", "njev": "55", "nhev": "0", "message": "['Maximum number of iteration reached']"}, "1": {"maxiter": 500, "duration": 1.1045048236846924, "success": "True", "status": "0", "x": "[12.26851048  5.93300671  6.8275514   2.58535402  3.01745252  2.35770719]", "fun": "0.17089099937493268", "nit": "500", "nfev": "6344", "njev": "49", "nhev": "0", "message": "['Maximum number of iteration reached']"}, "2": {"maxiter": 1000, "duration": 2.1044578552246094, "success": "True", "status": "0", "x": "[12.26852058 12.2162332   6.82754848  9.98101264  6.1590458   5.49931128]", "fun": "0.17089099970463606", "nit": "1000", "nfev": "12407", "njev": "58", "nhev": "0", "message": "['Maximum number of iteration reached']"}, "bounds": [[0.0, 12.566370614359172], [0.0, 12.566370614359172], [0.0, 12.566370614359172], [0.0, 12.566370614359172], [0.0, 12.566370614359172], [0.0, 12.566370614359172]]}, "dual_annealing_3": {"type": "gradient-free", "0": {"maxiter": 100, "duration": 0.30149412155151367, "success": "True", "status": "0", "x": "[ 5.98532743 -0.35015835 -5.73883681  3.6978422  -0.12415849 -0.78389879]", "fun": "0.17089099939937935", "nit": "100", "nfev": "1705", "njev": "72", "nhev": "0", "message": "['Maximum number of iteration reached']"}, "1": {"maxiter": 500, "duration": 1.0596778392791748, "success": "True", "status": "0", "x": "[-5.98533355 -3.49167658  3.68586547 -3.69782521  3.01749264  2.35775505]", "fun": "0.17089099959210807", "nit": "500", "nfev": "6148", "njev": "21", "nhev": "0", "message": "['Maximum number of iteration reached']"}, "2": {"maxiter": 1000, "duration": 2.1116600036621094, "success": "True", "status": "0", "x": "[-0.29785155 -0.35023586  0.54442444  2.58536983 -3.26571874 -3.92545585]", "fun": "0.17089099943056096", "nit": "1000", "nfev": "12435", "njev": "62", "nhev": "0", "message": "['Maximum number of iteration reached']"}, "bounds": [[-6.283185307179586, 6.283185307179586], [-6.283185307179586, 6.283185307179586], [-6.283185307179586, 6.283185307179586], [-6.283185307179586, 6.283185307179586], [-6.283185307179586, 6.283185307179586], [-6.283185307179586, 6.283185307179586]]}, "dual_annealing_4": {"type": "gradient-free", "0": {"maxiter": 100, "duration": 0.22751688957214355, "success": "True", "status": "0", "x": "[-6.07428901 -9.42477796  3.36017905  2.87360959 -8.82124965 -9.42477796]", "fun": "0.18260213846781925", "nit": "100", "nfev": "1320", "njev": "17", "nhev": "0", "message": "['Maximum number of iteration reached']"}, "1": {"maxiter": 500, "duration": 1.0907750129699707, "success": "True", "status": "0", "x": "[ 5.98533088 -6.63376656 -5.73844922 -2.5854373  -6.40718218 -0.78372445]", "fun": "0.17089100012685088", "nit": "500", "nfev": "6372", "njev": "53", "nhev": "0", "message": "['Maximum number of iteration reached']"}, "2": {"maxiter": 1000, "duration": 2.083850145339966, "success": "True", "status": "0", "x": "[ 6.58104854 -3.49177937  3.6859677  -8.86854529  6.15904483  5.49930037]", "fun": "0.1708909993787856", "nit": "1000", "nfev": "12155", "njev": "22", "nhev": "0", "message": "['Maximum number of iteration reached']"}, "bounds": [[-9.42477796076938, 9.42477796076938], [-9.42477796076938, 9.42477796076938], [-9.42477796076938, 9.42477796076938], [-9.42477796076938, 9.42477796076938], [-9.42477796076938, 9.42477796076938], [-9.42477796076938, 9.42477796076938]]}, "dual_annealing_5": {"type": "gradient-free", "0": {"maxiter": 100, "duration": 0.23324203491210938, "success": "True", "status": "0", "x": "[-6.58104647 12.21616422  6.8275768  -8.86856136 -6.40730332  5.49931239]", "fun": "0.17089099941628205", "nit": "100", "nfev": "1376", "njev": "25", "nhev": "0", "message": "['Maximum number of iteration reached']"}, "1": {"maxiter": 500, "duration": 1.1320393085479736, "success": "True", "status": "0", "x": "[12.26851579 -6.63351401  6.82769996  2.58538023  9.30067446  2.35775086]", "fun": "0.1708909994971951", "nit": "500", "nfev": "6603", "njev": "86", "nhev": "0", "message": "['Maximum number of iteration reached']"}, "2": {"maxiter": 1000, "duration": 2.164475202560425, "success": "True", "status": "0", "x": "[-5.98529656  9.07448464 -8.88030216  8.86845235  9.30062532 -3.92550555]", "fun": "0.1708910001079582", "nit": "1000", "nfev": "12554", "njev": "79", "nhev": "0", "message": "['Maximum number of iteration reached']"}, "bounds": [[-12.566370614359172, 12.566370614359172], [-12.566370614359172, 12.566370614359172], [-12.566370614359172, 12.566370614359172], [-12.566370614359172, 12.566370614359172], [-12.566370614359172, 12.566370614359172], [-12.566370614359172, 12.566370614359172]]}}, "duration (s)": 114.49}