{"date": "2024/07/22/, 22:12:35", "conf_id": 20, "data_type": "random\n", "num_data_points": 2, "s_rank": 0, "unitary": "[[-0.45070455-0.02711853j,0.78437395-0.06613086j,0.06358678+0.19963393j,-0.07343613+0.35668523j],[-0.01890143-0.03813363j,0.32408202+0.25557629j,0.05872864-0.68979805j,0.55466693-0.20227297j],[-0.11215405+0.64023111j,-0.13344055+0.29565494j,-0.49012687-0.19046288j,-0.04241254+0.44046348j],[0.55771659+0.24656916j,0.31851997-0.05798805j,0.28761525-0.34294258j,-0.56718418+0.03616933j]]", "databatch_0": {"databatch": "[[[-0.16811901+0.02966382j,-0.23212775+0.03896928j,0.33948159-0.26018506j,0.27352776+0.11940141j],[0.13654387+0.06964903j,0.18745551+0.09759219j,-0.38402731+0.00291695j,-0.13149012-0.23349513j],[0.00749575+0.14486588j,0.00867267+0.19981412j,-0.18403637-0.31339845j,0.12919548-0.21822286j],[-0.01663666+0.08818888j,-0.02394878+0.1213961j,-0.06490405-0.21527852j,0.10952331-0.11234176j]],[[0.17418489+0.23751354j,-0.0107776+0.07026464j,0.20393147-0.09873665j,-0.02147044+0.20487301j],[-0.02250134+0.4189999j,-0.07531725+0.0676982j,0.31387277+0.07532193j,-0.20863593+0.20637742j],[-0.27289121+0.14321977j,-0.07102251-0.02209927j,0.070387+0.22638885j,-0.20863373-0.05413616j],[-0.08635279-0.31971584j,0.03979591-0.06931625j,-0.2539028+0.02084804j,0.10559531-0.20614435j]]]", "initial param values": "[0.81791035,0.11315978,1.36932833,4.33981185,3.68364447,1.07333795]", "bfgs": {"type": "gradient", "0": {"maxiter": 100, "gtol": 1e-05, "xrtol": 1e-05, "eps": 1e-05, "duration": 0.035526275634765625, "fun": "0.1679511792426036", "jac": "[ 3.56381591e-09 -6.21835916e-08 -1.64224190e-07  1.81343829e-07\n -2.89768209e-08 -1.76136883e-07]", "hess_inv": "[[ 4.44063902 -2.08232527  0.18035507 -2.98477505 -0.72054997 -1.9138155 ]\n [-2.08232527  8.7025121  -1.460677    2.90847764  2.58322861  3.96022312]\n [ 0.18035507 -1.460677    4.79918665 -1.56197409 -3.29050184 -0.44201493]\n [-2.98477505  2.90847764 -1.56197409  5.24069156  2.47104179  2.44242837]\n [-0.72054997  2.58322861 -3.29050184  2.47104179 10.05416498  5.673288  ]\n [-1.9138155   3.96022312 -0.44201493  2.44242837  5.673288    7.20627125]]", "nfev": "203", "njev": "29", "status": "0", "success": "True", "message": "Optimization terminated successfully.", "x": "[1.40719581 1.06137814 1.13342185 4.2632103  6.57397297 2.43790704]", "nit": "27"}, "1": {"maxiter": 100, "gtol": 1e-05, "xrtol": 1e-05, "eps": 1e-10, "duration": 0.03406405448913574, "fun": "0.16795117926401892", "jac": "[-2.22044587e-06 -2.22044587e-06 -6.66133760e-06 -2.22044587e-06\n -3.33066880e-06 -2.22044587e-06]", "hess_inv": "[[ 3.9998951  -1.97456249  0.220006   -2.58175601 -1.23791625 -1.88627808]\n [-1.97456249  8.63371267 -1.34957536  2.73650061  2.73768379  4.24648875]\n [ 0.220006   -1.34957536  4.86192308 -1.44020801 -3.01481106 -0.34692118]\n [-2.58175601  2.73650061 -1.44020801  4.80803039  2.81253065  2.4330004 ]\n [-1.23791625  2.73768379 -3.01481106  2.81253065  9.69271342  5.70695488]\n [-1.88627808  4.24648875 -0.34692118  2.4330004   5.70695488  7.73659691]]", "nfev": "196", "njev": "28", "status": "0", "success": "True", "message": "Optimization terminated successfully.", "x": "[1.40718454 1.06138717 1.13340187 4.26323089 6.57399609 2.43792359]", "nit": "25"}, "2": {"maxiter": 100, "gtol": 1e-05, "xrtol": 1e-10, "eps": 1e-05, "duration": 0.035260915756225586, "fun": "0.1679511792426036", "jac": "[ 3.56381591e-09 -6.21835916e-08 -1.64224190e-07  1.81343829e-07\n -2.89768209e-08 -1.76136883e-07]", "hess_inv": "[[ 4.44063902 -2.08232527  0.18035507 -2.98477505 -0.72054997 -1.9138155 ]\n [-2.08232527  8.7025121  -1.460677    2.90847764  2.58322861  3.96022312]\n [ 0.18035507 -1.460677    4.79918665 -1.56197409 -3.29050184 -0.44201493]\n [-2.98477505  2.90847764 -1.56197409  5.24069156  2.47104179  2.44242837]\n [-0.72054997  2.58322861 -3.29050184  2.47104179 10.05416498  5.673288  ]\n [-1.9138155   3.96022312 -0.44201493  2.44242837  5.673288    7.20627125]]", "nfev": "203", "njev": "29", "status": "0", "success": "True", "message": "Optimization terminated successfully.", "x": "[1.40719581 1.06137814 1.13342185 4.2632103  6.57397297 2.43790704]", "nit": "27"}, "3": {"maxiter": 100, "gtol": 1e-05, "xrtol": 1e-10, "eps": 1e-10, "duration": 0.03401494026184082, "fun": "0.16795117926401892", "jac": "[-2.22044587e-06 -2.22044587e-06 -6.66133760e-06 -2.22044587e-06\n -3.33066880e-06 -2.22044587e-06]", "hess_inv": "[[ 3.9998951  -1.97456249  0.220006   -2.58175601 -1.23791625 -1.88627808]\n [-1.97456249  8.63371267 -1.34957536  2.73650061  2.73768379  4.24648875]\n [ 0.220006   -1.34957536  4.86192308 -1.44020801 -3.01481106 -0.34692118]\n [-2.58175601  2.73650061 -1.44020801  4.80803039  2.81253065  2.4330004 ]\n [-1.23791625  2.73768379 -3.01481106  2.81253065  9.69271342  5.70695488]\n [-1.88627808  4.24648875 -0.34692118  2.4330004   5.70695488  7.73659691]]", "nfev": "196", "njev": "28", "status": "0", "success": "True", "message": "Optimization terminated successfully.", "x": "[1.40718454 1.06138717 1.13340187 4.26323089 6.57399609 2.43792359]", "nit": "25"}, "4": {"maxiter": 100, "gtol": 1e-10, "xrtol": 1e-05, "eps": 1e-05, "duration": 0.035207271575927734, "fun": "0.1679511792426036", "jac": "[ 3.56381591e-09 -6.21835916e-08 -1.64224190e-07  1.81343829e-07\n -2.89768209e-08 -1.76136883e-07]", "hess_inv": "[[ 4.44063902 -2.08232527  0.18035507 -2.98477505 -0.72054997 -1.9138155 ]\n [-2.08232527  8.7025121  -1.460677    2.90847764  2.58322861  3.96022312]\n [ 0.18035507 -1.460677    4.79918665 -1.56197409 -3.29050184 -0.44201493]\n [-2.98477505  2.90847764 -1.56197409  5.24069156  2.47104179  2.44242837]\n [-0.72054997  2.58322861 -3.29050184  2.47104179 10.05416498  5.673288  ]\n [-1.9138155   3.96022312 -0.44201493  2.44242837  5.673288    7.20627125]]", "nfev": "203", "njev": "29", "status": "0", "success": "True", "message": "Optimization terminated successfully.", "x": "[1.40719581 1.06137814 1.13342185 4.2632103  6.57397297 2.43790704]", "nit": "27"}, "5": {"maxiter": 100, "gtol": 1e-10, "xrtol": 1e-05, "eps": 1e-10, "duration": 0.03508615493774414, "fun": "0.1679511792491124", "jac": "[ 1.11022293e-06  0.00000000e+00  0.00000000e+00  1.11022293e-06\n -1.11022293e-06  3.33066880e-06]", "hess_inv": "[[ 3.95234581 -1.77933609  0.31313979 -2.48329627 -1.02123672 -1.60745697]\n [-1.77933609  9.12001793 -1.75074084  2.58338894  2.95787268  4.44037229]\n [ 0.31313979 -1.75074084  4.67977775 -1.63672118 -3.45540022 -0.9125626 ]\n [-2.48329627  2.58338894 -1.63672118  4.65312523  2.58027827  2.11669629]\n [-1.02123672  2.95787268 -3.45540022  2.58027827  9.66171846  5.5899836 ]\n [-1.60745697  4.44037229 -0.9125626   2.11669629  5.5899836   7.49309759]]", "nfev": "203", "njev": "29", "status": "0", "success": "True", "message": "Optimization terminated successfully.", "x": "[1.40717897 1.06141726 1.13341268 4.26324383 6.5740277  2.43796375]", "nit": "26"}, "6": {"maxiter": 100, "gtol": 1e-10, "xrtol": 1e-10, "eps": 1e-05, "duration": 0.07674884796142578, "fun": "0.16795117923811242", "jac": "[-3.33066907e-11  1.22124533e-10  2.10942375e-10 -8.88178420e-11\n  2.77555756e-10 -7.77156117e-11]", "hess_inv": "[[ 4.60699936 -2.01544783  0.18985602 -3.12745637 -0.7341378  -1.61554768]\n [-2.01544783  8.73864033 -1.47235182  2.83348219  2.61347863  4.07871968]\n [ 0.18985602 -1.47235182  4.62727756 -1.48318666 -3.28298804 -0.51704432]\n [-3.12745637  2.83348219 -1.48318666  5.32799375  2.46674901  2.20024001]\n [-0.7341378   2.61347863 -3.28298804  2.46674901 10.05929293  5.69840815]\n [-1.61554768  4.07871968 -0.51704432  2.20024001  5.69840815  7.69118109]]", "nfev": "432", "njev": "60", "status": "2", "success": "False", "message": "Desired error not necessarily achieved due to precision loss.", "x": "[1.40719595 1.06137877 1.13342262 4.26320973 6.57397347 2.4379084 ]", "nit": "30"}, "7": {"maxiter": 100, "gtol": 1e-10, "xrtol": 1e-10, "eps": 1e-10, "duration": 0.0762779712677002, "fun": "0.16795117921302083", "jac": "[-1.11022293e-06  0.00000000e+00  0.00000000e+00 -2.22044587e-06\n  1.11022293e-06 -2.22044587e-06]", "hess_inv": "[[ 3.82993339 -1.35947062  0.26891814 -2.16322893 -0.73771822 -1.02239402]\n [-1.35947062  7.88725595 -1.60059075  1.47677497  2.18868352  2.85431619]\n [ 0.26891814 -1.60059075  4.77487455 -1.53103062 -3.28611928 -0.77936237]\n [-2.16322893  1.47677497 -1.53103062  3.81753098  1.82418513  0.5758433 ]\n [-0.73771822  2.18868352 -3.28611928  1.82418513  9.24638728  4.60110139]\n [-1.02239402  2.85431619 -0.77936237  0.5758433   4.60110139  5.60100427]]", "nfev": "432", "njev": "60", "status": "2", "success": "False", "message": "Desired error not necessarily achieved due to precision loss.", "x": "[1.40718171 1.06140437 1.13341421 4.26323677 6.57401825 2.43794323]", "nit": "27"}, "8": {"maxiter": 500, "gtol": 1e-05, "xrtol": 1e-05, "eps": 1e-05, "duration": 0.03622317314147949, "fun": "0.1679511792426036", "jac": "[ 3.56381591e-09 -6.21835916e-08 -1.64224190e-07  1.81343829e-07\n -2.89768209e-08 -1.76136883e-07]", "hess_inv": "[[ 4.44063902 -2.08232527  0.18035507 -2.98477505 -0.72054997 -1.9138155 ]\n [-2.08232527  8.7025121  -1.460677    2.90847764  2.58322861  3.96022312]\n [ 0.18035507 -1.460677    4.79918665 -1.56197409 -3.29050184 -0.44201493]\n [-2.98477505  2.90847764 -1.56197409  5.24069156  2.47104179  2.44242837]\n [-0.72054997  2.58322861 -3.29050184  2.47104179 10.05416498  5.673288  ]\n [-1.9138155   3.96022312 -0.44201493  2.44242837  5.673288    7.20627125]]", "nfev": "203", "njev": "29", "status": "0", "success": "True", "message": "Optimization terminated successfully.", "x": "[1.40719581 1.06137814 1.13342185 4.2632103  6.57397297 2.43790704]", "nit": "27"}, "9": {"maxiter": 500, "gtol": 1e-05, "xrtol": 1e-05, "eps": 1e-10, "duration": 0.03496694564819336, "fun": "0.16795117926401892", "jac": "[-2.22044587e-06 -2.22044587e-06 -6.66133760e-06 -2.22044587e-06\n -3.33066880e-06 -2.22044587e-06]", "hess_inv": "[[ 3.9998951  -1.97456249  0.220006   -2.58175601 -1.23791625 -1.88627808]\n [-1.97456249  8.63371267 -1.34957536  2.73650061  2.73768379  4.24648875]\n [ 0.220006   -1.34957536  4.86192308 -1.44020801 -3.01481106 -0.34692118]\n [-2.58175601  2.73650061 -1.44020801  4.80803039  2.81253065  2.4330004 ]\n [-1.23791625  2.73768379 -3.01481106  2.81253065  9.69271342  5.70695488]\n [-1.88627808  4.24648875 -0.34692118  2.4330004   5.70695488  7.73659691]]", "nfev": "196", "njev": "28", "status": "0", "success": "True", "message": "Optimization terminated successfully.", "x": "[1.40718454 1.06138717 1.13340187 4.26323089 6.57399609 2.43792359]", "nit": "25"}, "10": {"maxiter": 500, "gtol": 1e-05, "xrtol": 1e-10, "eps": 1e-05, "duration": 0.03621482849121094, "fun": "0.1679511792426036", "jac": "[ 3.56381591e-09 -6.21835916e-08 -1.64224190e-07  1.81343829e-07\n -2.89768209e-08 -1.76136883e-07]", "hess_inv": "[[ 4.44063902 -2.08232527  0.18035507 -2.98477505 -0.72054997 -1.9138155 ]\n [-2.08232527  8.7025121  -1.460677    2.90847764  2.58322861  3.96022312]\n [ 0.18035507 -1.460677    4.79918665 -1.56197409 -3.29050184 -0.44201493]\n [-2.98477505  2.90847764 -1.56197409  5.24069156  2.47104179  2.44242837]\n [-0.72054997  2.58322861 -3.29050184  2.47104179 10.05416498  5.673288  ]\n [-1.9138155   3.96022312 -0.44201493  2.44242837  5.673288    7.20627125]]", "nfev": "203", "njev": "29", "status": "0", "success": "True", "message": "Optimization terminated successfully.", "x": "[1.40719581 1.06137814 1.13342185 4.2632103  6.57397297 2.43790704]", "nit": "27"}, "11": {"maxiter": 500, "gtol": 1e-05, "xrtol": 1e-10, "eps": 1e-10, "duration": 0.03502297401428223, "fun": "0.16795117926401892", "jac": "[-2.22044587e-06 -2.22044587e-06 -6.66133760e-06 -2.22044587e-06\n -3.33066880e-06 -2.22044587e-06]", "hess_inv": "[[ 3.9998951  -1.97456249  0.220006   -2.58175601 -1.23791625 -1.88627808]\n [-1.97456249  8.63371267 -1.34957536  2.73650061  2.73768379  4.24648875]\n [ 0.220006   -1.34957536  4.86192308 -1.44020801 -3.01481106 -0.34692118]\n [-2.58175601  2.73650061 -1.44020801  4.80803039  2.81253065  2.4330004 ]\n [-1.23791625  2.73768379 -3.01481106  2.81253065  9.69271342  5.70695488]\n [-1.88627808  4.24648875 -0.34692118  2.4330004   5.70695488  7.73659691]]", "nfev": "196", "njev": "28", "status": "0", "success": "True", "message": "Optimization terminated successfully.", "x": "[1.40718454 1.06138717 1.13340187 4.26323089 6.57399609 2.43792359]", "nit": "25"}, "12": {"maxiter": 500, "gtol": 1e-10, "xrtol": 1e-05, "eps": 1e-05, "duration": 0.03638482093811035, "fun": "0.1679511792426036", "jac": "[ 3.56381591e-09 -6.21835916e-08 -1.64224190e-07  1.81343829e-07\n -2.89768209e-08 -1.76136883e-07]", "hess_inv": "[[ 4.44063902 -2.08232527  0.18035507 -2.98477505 -0.72054997 -1.9138155 ]\n [-2.08232527  8.7025121  -1.460677    2.90847764  2.58322861  3.96022312]\n [ 0.18035507 -1.460677    4.79918665 -1.56197409 -3.29050184 -0.44201493]\n [-2.98477505  2.90847764 -1.56197409  5.24069156  2.47104179  2.44242837]\n [-0.72054997  2.58322861 -3.29050184  2.47104179 10.05416498  5.673288  ]\n [-1.9138155   3.96022312 -0.44201493  2.44242837  5.673288    7.20627125]]", "nfev": "203", "njev": "29", "status": "0", "success": "True", "message": "Optimization terminated successfully.", "x": "[1.40719581 1.06137814 1.13342185 4.2632103  6.57397297 2.43790704]", "nit": "27"}, "13": {"maxiter": 500, "gtol": 1e-10, "xrtol": 1e-05, "eps": 1e-10, "duration": 0.03645801544189453, "fun": "0.1679511792491124", "jac": "[ 1.11022293e-06  0.00000000e+00  0.00000000e+00  1.11022293e-06\n -1.11022293e-06  3.33066880e-06]", "hess_inv": "[[ 3.95234581 -1.77933609  0.31313979 -2.48329627 -1.02123672 -1.60745697]\n [-1.77933609  9.12001793 -1.75074084  2.58338894  2.95787268  4.44037229]\n [ 0.31313979 -1.75074084  4.67977775 -1.63672118 -3.45540022 -0.9125626 ]\n [-2.48329627  2.58338894 -1.63672118  4.65312523  2.58027827  2.11669629]\n [-1.02123672  2.95787268 -3.45540022  2.58027827  9.66171846  5.5899836 ]\n [-1.60745697  4.44037229 -0.9125626   2.11669629  5.5899836   7.49309759]]", "nfev": "203", "njev": "29", "status": "0", "success": "True", "message": "Optimization terminated successfully.", "x": "[1.40717897 1.06141726 1.13341268 4.26324383 6.5740277  2.43796375]", "nit": "26"}, "14": {"maxiter": 500, "gtol": 1e-10, "xrtol": 1e-10, "eps": 1e-05, "duration": 0.07472515106201172, "fun": "0.16795117923811242", "jac": "[-3.33066907e-11  1.22124533e-10  2.10942375e-10 -8.88178420e-11\n  2.77555756e-10 -7.77156117e-11]", "hess_inv": "[[ 4.60699936 -2.01544783  0.18985602 -3.12745637 -0.7341378  -1.61554768]\n [-2.01544783  8.73864033 -1.47235182  2.83348219  2.61347863  4.07871968]\n [ 0.18985602 -1.47235182  4.62727756 -1.48318666 -3.28298804 -0.51704432]\n [-3.12745637  2.83348219 -1.48318666  5.32799375  2.46674901  2.20024001]\n [-0.7341378   2.61347863 -3.28298804  2.46674901 10.05929293  5.69840815]\n [-1.61554768  4.07871968 -0.51704432  2.20024001  5.69840815  7.69118109]]", "nfev": "432", "njev": "60", "status": "2", "success": "False", "message": "Desired error not necessarily achieved due to precision loss.", "x": "[1.40719595 1.06137877 1.13342262 4.26320973 6.57397347 2.4379084 ]", "nit": "30"}, "15": {"maxiter": 500, "gtol": 1e-10, "xrtol": 1e-10, "eps": 1e-10, "duration": 0.07447600364685059, "fun": "0.16795117921302083", "jac": "[-1.11022293e-06  0.00000000e+00  0.00000000e+00 -2.22044587e-06\n  1.11022293e-06 -2.22044587e-06]", "hess_inv": "[[ 3.82993339 -1.35947062  0.26891814 -2.16322893 -0.73771822 -1.02239402]\n [-1.35947062  7.88725595 -1.60059075  1.47677497  2.18868352  2.85431619]\n [ 0.26891814 -1.60059075  4.77487455 -1.53103062 -3.28611928 -0.77936237]\n [-2.16322893  1.47677497 -1.53103062  3.81753098  1.82418513  0.5758433 ]\n [-0.73771822  2.18868352 -3.28611928  1.82418513  9.24638728  4.60110139]\n [-1.02239402  2.85431619 -0.77936237  0.5758433   4.60110139  5.60100427]]", "nfev": "432", "njev": "60", "status": "2", "success": "False", "message": "Desired error not necessarily achieved due to precision loss.", "x": "[1.40718171 1.06140437 1.13341421 4.26323677 6.57401825 2.43794323]", "nit": "27"}, "16": {"maxiter": 1000, "gtol": 1e-05, "xrtol": 1e-05, "eps": 1e-05, "duration": 0.035330772399902344, "fun": "0.1679511792426036", "jac": "[ 3.56381591e-09 -6.21835916e-08 -1.64224190e-07  1.81343829e-07\n -2.89768209e-08 -1.76136883e-07]", "hess_inv": "[[ 4.44063902 -2.08232527  0.18035507 -2.98477505 -0.72054997 -1.9138155 ]\n [-2.08232527  8.7025121  -1.460677    2.90847764  2.58322861  3.96022312]\n [ 0.18035507 -1.460677    4.79918665 -1.56197409 -3.29050184 -0.44201493]\n [-2.98477505  2.90847764 -1.56197409  5.24069156  2.47104179  2.44242837]\n [-0.72054997  2.58322861 -3.29050184  2.47104179 10.05416498  5.673288  ]\n [-1.9138155   3.96022312 -0.44201493  2.44242837  5.673288    7.20627125]]", "nfev": "203", "njev": "29", "status": "0", "success": "True", "message": "Optimization terminated successfully.", "x": "[1.40719581 1.06137814 1.13342185 4.2632103  6.57397297 2.43790704]", "nit": "27"}, "17": {"maxiter": 1000, "gtol": 1e-05, "xrtol": 1e-05, "eps": 1e-10, "duration": 0.034132957458496094, "fun": "0.16795117926401892", "jac": "[-2.22044587e-06 -2.22044587e-06 -6.66133760e-06 -2.22044587e-06\n -3.33066880e-06 -2.22044587e-06]", "hess_inv": "[[ 3.9998951  -1.97456249  0.220006   -2.58175601 -1.23791625 -1.88627808]\n [-1.97456249  8.63371267 -1.34957536  2.73650061  2.73768379  4.24648875]\n [ 0.220006   -1.34957536  4.86192308 -1.44020801 -3.01481106 -0.34692118]\n [-2.58175601  2.73650061 -1.44020801  4.80803039  2.81253065  2.4330004 ]\n [-1.23791625  2.73768379 -3.01481106  2.81253065  9.69271342  5.70695488]\n [-1.88627808  4.24648875 -0.34692118  2.4330004   5.70695488  7.73659691]]", "nfev": "196", "njev": "28", "status": "0", "success": "True", "message": "Optimization terminated successfully.", "x": "[1.40718454 1.06138717 1.13340187 4.26323089 6.57399609 2.43792359]", "nit": "25"}, "18": {"maxiter": 1000, "gtol": 1e-05, "xrtol": 1e-10, "eps": 1e-05, "duration": 0.03519487380981445, "fun": "0.1679511792426036", "jac": "[ 3.56381591e-09 -6.21835916e-08 -1.64224190e-07  1.81343829e-07\n -2.89768209e-08 -1.76136883e-07]", "hess_inv": "[[ 4.44063902 -2.08232527  0.18035507 -2.98477505 -0.72054997 -1.9138155 ]\n [-2.08232527  8.7025121  -1.460677    2.90847764  2.58322861  3.96022312]\n [ 0.18035507 -1.460677    4.79918665 -1.56197409 -3.29050184 -0.44201493]\n [-2.98477505  2.90847764 -1.56197409  5.24069156  2.47104179  2.44242837]\n [-0.72054997  2.58322861 -3.29050184  2.47104179 10.05416498  5.673288  ]\n [-1.9138155   3.96022312 -0.44201493  2.44242837  5.673288    7.20627125]]", "nfev": "203", "njev": "29", "status": "0", "success": "True", "message": "Optimization terminated successfully.", "x": "[1.40719581 1.06137814 1.13342185 4.2632103  6.57397297 2.43790704]", "nit": "27"}, "19": {"maxiter": 1000, "gtol": 1e-05, "xrtol": 1e-10, "eps": 1e-10, "duration": 0.033963918685913086, "fun": "0.16795117926401892", "jac": "[-2.22044587e-06 -2.22044587e-06 -6.66133760e-06 -2.22044587e-06\n -3.33066880e-06 -2.22044587e-06]", "hess_inv": "[[ 3.9998951  -1.97456249  0.220006   -2.58175601 -1.23791625 -1.88627808]\n [-1.97456249  8.63371267 -1.34957536  2.73650061  2.73768379  4.24648875]\n [ 0.220006   -1.34957536  4.86192308 -1.44020801 -3.01481106 -0.34692118]\n [-2.58175601  2.73650061 -1.44020801  4.80803039  2.81253065  2.4330004 ]\n [-1.23791625  2.73768379 -3.01481106  2.81253065  9.69271342  5.70695488]\n [-1.88627808  4.24648875 -0.34692118  2.4330004   5.70695488  7.73659691]]", "nfev": "196", "njev": "28", "status": "0", "success": "True", "message": "Optimization terminated successfully.", "x": "[1.40718454 1.06138717 1.13340187 4.26323089 6.57399609 2.43792359]", "nit": "25"}, "20": {"maxiter": 1000, "gtol": 1e-10, "xrtol": 1e-05, "eps": 1e-05, "duration": 0.03523993492126465, "fun": "0.1679511792426036", "jac": "[ 3.56381591e-09 -6.21835916e-08 -1.64224190e-07  1.81343829e-07\n -2.89768209e-08 -1.76136883e-07]", "hess_inv": "[[ 4.44063902 -2.08232527  0.18035507 -2.98477505 -0.72054997 -1.9138155 ]\n [-2.08232527  8.7025121  -1.460677    2.90847764  2.58322861  3.96022312]\n [ 0.18035507 -1.460677    4.79918665 -1.56197409 -3.29050184 -0.44201493]\n [-2.98477505  2.90847764 -1.56197409  5.24069156  2.47104179  2.44242837]\n [-0.72054997  2.58322861 -3.29050184  2.47104179 10.05416498  5.673288  ]\n [-1.9138155   3.96022312 -0.44201493  2.44242837  5.673288    7.20627125]]", "nfev": "203", "njev": "29", "status": "0", "success": "True", "message": "Optimization terminated successfully.", "x": "[1.40719581 1.06137814 1.13342185 4.2632103  6.57397297 2.43790704]", "nit": "27"}, "21": {"maxiter": 1000, "gtol": 1e-10, "xrtol": 1e-05, "eps": 1e-10, "duration": 0.03508400917053223, "fun": "0.1679511792491124", "jac": "[ 1.11022293e-06  0.00000000e+00  0.00000000e+00  1.11022293e-06\n -1.11022293e-06  3.33066880e-06]", "hess_inv": "[[ 3.95234581 -1.77933609  0.31313979 -2.48329627 -1.02123672 -1.60745697]\n [-1.77933609  9.12001793 -1.75074084  2.58338894  2.95787268  4.44037229]\n [ 0.31313979 -1.75074084  4.67977775 -1.63672118 -3.45540022 -0.9125626 ]\n [-2.48329627  2.58338894 -1.63672118  4.65312523  2.58027827  2.11669629]\n [-1.02123672  2.95787268 -3.45540022  2.58027827  9.66171846  5.5899836 ]\n [-1.60745697  4.44037229 -0.9125626   2.11669629  5.5899836   7.49309759]]", "nfev": "203", "njev": "29", "status": "0", "success": "True", "message": "Optimization terminated successfully.", "x": "[1.40717897 1.06141726 1.13341268 4.26324383 6.5740277  2.43796375]", "nit": "26"}, "22": {"maxiter": 1000, "gtol": 1e-10, "xrtol": 1e-10, "eps": 1e-05, "duration": 0.07407093048095703, "fun": "0.16795117923811242", "jac": "[-3.33066907e-11  1.22124533e-10  2.10942375e-10 -8.88178420e-11\n  2.77555756e-10 -7.77156117e-11]", "hess_inv": "[[ 4.60699936 -2.01544783  0.18985602 -3.12745637 -0.7341378  -1.61554768]\n [-2.01544783  8.73864033 -1.47235182  2.83348219  2.61347863  4.07871968]\n [ 0.18985602 -1.47235182  4.62727756 -1.48318666 -3.28298804 -0.51704432]\n [-3.12745637  2.83348219 -1.48318666  5.32799375  2.46674901  2.20024001]\n [-0.7341378   2.61347863 -3.28298804  2.46674901 10.05929293  5.69840815]\n [-1.61554768  4.07871968 -0.51704432  2.20024001  5.69840815  7.69118109]]", "nfev": "432", "njev": "60", "status": "2", "success": "False", "message": "Desired error not necessarily achieved due to precision loss.", "x": "[1.40719595 1.06137877 1.13342262 4.26320973 6.57397347 2.4379084 ]", "nit": "30"}, "23": {"maxiter": 1000, "gtol": 1e-10, "xrtol": 1e-10, "eps": 1e-10, "duration": 0.07389307022094727, "fun": "0.16795117921302083", "jac": "[-1.11022293e-06  0.00000000e+00  0.00000000e+00 -2.22044587e-06\n  1.11022293e-06 -2.22044587e-06]", "hess_inv": "[[ 3.82993339 -1.35947062  0.26891814 -2.16322893 -0.73771822 -1.02239402]\n [-1.35947062  7.88725595 -1.60059075  1.47677497  2.18868352  2.85431619]\n [ 0.26891814 -1.60059075  4.77487455 -1.53103062 -3.28611928 -0.77936237]\n [-2.16322893  1.47677497 -1.53103062  3.81753098  1.82418513  0.5758433 ]\n [-0.73771822  2.18868352 -3.28611928  1.82418513  9.24638728  4.60110139]\n [-1.02239402  2.85431619 -0.77936237  0.5758433   4.60110139  5.60100427]]", "nfev": "432", "njev": "60", "status": "2", "success": "False", "message": "Desired error not necessarily achieved due to precision loss.", "x": "[1.40718171 1.06140437 1.13341421 4.26323677 6.57401825 2.43794323]", "nit": "27"}}, "cobyla": {"0": {"maxiter": 100, "tol": 1e-05, "catol": 1e-05, "duration": 0.016598939895629883, "x": "[1.48567616 0.90933476 1.19426567 4.19687911 6.37072163 2.2218509 ]", "status": "2", "success": "False", "message": "Maximum number of function evaluations has been exceeded.", "nfev": "100", "fun": "0.17090930262668913", "maxcv": "0.0"}, "1": {"maxiter": 100, "tol": 1e-05, "catol": 1e-10, "duration": 0.01650404930114746, "x": "[1.48567616 0.90933476 1.19426567 4.19687911 6.37072163 2.2218509 ]", "status": "2", "success": "False", "message": "Maximum number of function evaluations has been exceeded.", "nfev": "100", "fun": "0.17090930262668913", "maxcv": "0.0"}, "2": {"maxiter": 100, "tol": 1e-10, "catol": 1e-05, "duration": 0.01646113395690918, "x": "[1.48567616 0.90933476 1.19426567 4.19687911 6.37072163 2.2218509 ]", "status": "2", "success": "False", "message": "Maximum number of function evaluations has been exceeded.", "nfev": "100", "fun": "0.17090930262668913", "maxcv": "0.0"}, "3": {"maxiter": 100, "tol": 1e-10, "catol": 1e-10, "duration": 0.01650691032409668, "x": "[1.48567616 0.90933476 1.19426567 4.19687911 6.37072163 2.2218509 ]", "status": "2", "success": "False", "message": "Maximum number of function evaluations has been exceeded.", "nfev": "100", "fun": "0.17090930262668913", "maxcv": "0.0"}, "4": {"maxiter": 500, "tol": 1e-05, "catol": 1e-05, "duration": 0.057675838470458984, "x": "[1.40720328 1.06137522 1.13343235 4.26319387 6.57396642 2.43790226]", "status": "1", "success": "True", "message": "Optimization terminated successfully.", "nfev": "351", "fun": "0.16795117929349823", "maxcv": "0.0"}, "5": {"maxiter": 500, "tol": 1e-05, "catol": 1e-10, "duration": 0.0582280158996582, "x": "[1.40720328 1.06137522 1.13343235 4.26319387 6.57396642 2.43790226]", "status": "1", "success": "True", "message": "Optimization terminated successfully.", "nfev": "351", "fun": "0.16795117929349823", "maxcv": "0.0"}, "6": {"maxiter": 500, "tol": 1e-10, "catol": 1e-05, "duration": 0.08252525329589844, "x": "[1.40719318 1.06139702 1.13342089 4.26322166 6.57399932 2.43793531]", "status": "2", "success": "False", "message": "Maximum number of function evaluations has been exceeded.", "nfev": "500", "fun": "0.1679511791800108", "maxcv": "0.0"}, "7": {"maxiter": 500, "tol": 1e-10, "catol": 1e-10, "duration": 0.08250999450683594, "x": "[1.40719318 1.06139702 1.13342089 4.26322166 6.57399932 2.43793531]", "status": "2", "success": "False", "message": "Maximum number of function evaluations has been exceeded.", "nfev": "500", "fun": "0.1679511791800108", "maxcv": "0.0"}, "8": {"maxiter": 1000, "tol": 1e-05, "catol": 1e-05, "duration": 0.057892799377441406, "x": "[1.40720328 1.06137522 1.13343235 4.26319387 6.57396642 2.43790226]", "status": "1", "success": "True", "message": "Optimization terminated successfully.", "nfev": "351", "fun": "0.16795117929349823", "maxcv": "0.0"}, "9": {"maxiter": 1000, "tol": 1e-05, "catol": 1e-10, "duration": 0.05796408653259277, "x": "[1.40720328 1.06137522 1.13343235 4.26319387 6.57396642 2.43790226]", "status": "1", "success": "True", "message": "Optimization terminated successfully.", "nfev": "351", "fun": "0.16795117929349823", "maxcv": "0.0"}, "10": {"maxiter": 1000, "tol": 1e-10, "catol": 1e-05, "duration": 0.09234213829040527, "x": "[1.40719309 1.06139712 1.1334209  4.26322177 6.57399949 2.43793548]", "status": "1", "success": "True", "message": "Optimization terminated successfully.", "nfev": "564", "fun": "0.16795117918000146", "maxcv": "0.0"}, "11": {"maxiter": 1000, "tol": 1e-10, "catol": 1e-10, "duration": 0.09222626686096191, "x": "[1.40719309 1.06139712 1.1334209  4.26322177 6.57399949 2.43793548]", "status": "1", "success": "True", "message": "Optimization terminated successfully.", "nfev": "564", "fun": "0.16795117918000146", "maxcv": "0.0"}}, "dual_annealing_0": {"type": "gradient-free", "0": {"maxiter": 100, "duration": 0.23180699348449707, "success": "True", "status": "0", "x": "[4.87601677 4.2029992  4.27501396 4.26323125 0.29082616 2.43795602]", "fun": "0.16795117927084413", "nit": "100", "nfev": "1334", "njev": "19", "nhev": "0", "message": "['Maximum number of iteration reached']"}, "1": {"maxiter": 500, "duration": 1.072479009628296, "success": "True", "status": "0", "x": "[1.4072012  1.06138306 1.13342472 4.26320193 0.29080963 2.43793171]", "fun": "0.16795117922549585", "nit": "500", "nfev": "6155", "njev": "22", "nhev": "0", "message": "['Maximum number of iteration reached']"}, "2": {"maxiter": 1000, "duration": 2.1579668521881104, "success": "True", "status": "0", "x": "[4.87598725 4.2029916  4.27501428 4.26322449 0.29081087 2.43793454]", "fun": "0.16795117919136704", "nit": "1000", "nfev": "12330", "njev": "47", "nhev": "0", "message": "['Maximum number of iteration reached']"}, "bounds": [[0.0, 6.283185307179586], [0.0, 6.283185307179586], [0.0, 6.283185307179586], [0.0, 6.283185307179586], [0.0, 6.283185307179586], [0.0, 6.283185307179586]]}, "dual_annealing_1": {"type": "gradient-free", "0": {"maxiter": 100, "duration": 0.26746606826782227, "success": "True", "status": "0", "x": "[1.4071763  1.06139745 7.41662563 4.2632081  0.29079987 8.72112341]", "fun": "0.1679511793238916", "nit": "100", "nfev": "1488", "njev": "41", "nhev": "0", "message": "['Maximum number of iteration reached']"}, "1": {"maxiter": 500, "duration": 1.112060785293579, "success": "True", "status": "0", "x": "[1.40718567 7.34457777 1.13342648 2.01995368 3.43241918 5.57953635]", "fun": "0.16795117921571134", "nit": "500", "nfev": "6302", "njev": "43", "nhev": "0", "message": "['Maximum number of iteration reached']"}, "2": {"maxiter": 1000, "duration": 2.161144971847534, "success": "True", "status": "0", "x": "[1.40719742 1.06139821 7.41660827 4.26321592 0.2908105  2.43793567]", "fun": "0.16795117918545166", "nit": "1000", "nfev": "12211", "njev": "30", "nhev": "0", "message": "['Maximum number of iteration reached']"}, "bounds": [[0.0, 9.42477796076938], [0.0, 9.42477796076938], [0.0, 9.42477796076938], [0.0, 9.42477796076938], [0.0, 9.42477796076938], [0.0, 9.42477796076938]]}, "dual_annealing_2": {"type": "gradient-free", "0": {"maxiter": 100, "duration": 0.24242377281188965, "success": "True", "status": "0", "x": "[ 1.40718783  7.34456774  7.41662667  2.01998426  9.71555784 11.86269429]", "fun": "0.16795117929988324", "nit": "100", "nfev": "1362", "njev": "23", "nhev": "0", "message": "['Maximum number of iteration reached']"}, "1": {"maxiter": 500, "duration": 1.066390037536621, "success": "True", "status": "0", "x": "[ 7.6903725   1.0614143   7.41658681  8.30312677  9.71561556 11.86271477]", "fun": "0.16795117927080006", "nit": "500", "nfev": "6120", "njev": "17", "nhev": "0", "message": "['Maximum number of iteration reached']"}, "2": {"maxiter": 1000, "duration": 2.1622180938720703, "success": "True", "status": "0", "x": "[7.6903802  7.34457842 7.41660558 4.26321887 0.29081808 8.72111771]", "fun": "0.16795117918587954", "nit": "1000", "nfev": "12274", "njev": "39", "nhev": "0", "message": "['Maximum number of iteration reached']"}, "bounds": [[0.0, 12.566370614359172], [0.0, 12.566370614359172], [0.0, 12.566370614359172], [0.0, 12.566370614359172], [0.0, 12.566370614359172], [0.0, 12.566370614359172]]}, "dual_annealing_3": {"type": "gradient-free", "0": {"maxiter": 100, "duration": 0.2640378475189209, "success": "True", "status": "0", "x": "[ 1.40718325  1.0614095   1.13344465  2.01998595 -2.85079236 -0.70367765]", "fun": "0.16795117951070537", "nit": "100", "nfev": "1509", "njev": "44", "nhev": "0", "message": "['Maximum number of iteration reached']"}, "1": {"maxiter": 500, "duration": 1.0894229412078857, "success": "True", "status": "0", "x": "[-1.40719504  4.20299239  4.27501817  2.01996816  3.43239833 -0.70366749]", "fun": "0.16795117919706914", "nit": "500", "nfev": "6176", "njev": "25", "nhev": "0", "message": "['Maximum number of iteration reached']"}, "2": {"maxiter": 1000, "duration": 2.1414060592651367, "success": "True", "status": "0", "x": "[ 4.87598348  4.20298143 -2.00818944 -2.01996558  0.29083009 -3.84525764]", "fun": "0.1679511792405698", "nit": "1000", "nfev": "12190", "njev": "27", "nhev": "0", "message": "['Maximum number of iteration reached']"}, "bounds": [[-6.283185307179586, 6.283185307179586], [-6.283185307179586, 6.283185307179586], [-6.283185307179586, 6.283185307179586], [-6.283185307179586, 6.283185307179586], [-6.283185307179586, 6.283185307179586], [-6.283185307179586, 6.283185307179586]]}, "dual_annealing_4": {"type": "gradient-free", "0": {"maxiter": 100, "duration": 0.23241901397705078, "success": "True", "status": "0", "x": "[ 4.87598674 -8.36338422  4.2750121   4.26321381  6.57400475  2.43793425]", "fun": "0.1679511791923597", "nit": "100", "nfev": "1320", "njev": "17", "nhev": "0", "message": "['Maximum number of iteration reached']"}, "1": {"maxiter": 500, "duration": 1.0719847679138184, "success": "True", "status": "0", "x": "[ 4.8759966  -8.36336584 -8.29137504 -4.26321173 -2.85076096  5.57954956]", "fun": "0.16795117932171755", "nit": "500", "nfev": "6106", "njev": "15", "nhev": "0", "message": "['Maximum number of iteration reached']"}, "2": {"maxiter": 1000, "duration": 2.118561029434204, "success": "True", "status": "0", "x": "[-4.8760115   7.34458832 -5.14975647  2.01995371  3.43242094  5.57954799]", "fun": "0.16795117925049996", "nit": "1000", "nfev": "12162", "njev": "23", "nhev": "0", "message": "['Maximum number of iteration reached']"}, "bounds": [[-9.42477796076938, 9.42477796076938], [-9.42477796076938, 9.42477796076938], [-9.42477796076938, 9.42477796076938], [-9.42477796076938, 9.42477796076938], [-9.42477796076938, 9.42477796076938], [-9.42477796076938, 9.42477796076938]]}, "dual_annealing_5": {"type": "gradient-free", "0": {"maxiter": 100, "duration": 0.22054314613342285, "success": "True", "status": "0", "x": "[  7.74239644 -11.59821471   1.21923012  10.47050061  12.56637061\n   2.24735242]", "fun": "0.1715611382847213", "nit": "100", "nfev": "1292", "njev": "13", "nhev": "0", "message": "['Maximum number of iteration reached']"}, "1": {"maxiter": 500, "duration": 1.0468201637268066, "success": "True", "status": "0", "x": "[-11.15917731   7.34458259 -11.4329493   -8.30314867  -5.99237124\n  -3.84525013]", "fun": "0.1679511791800976", "nit": "500", "nfev": "6141", "njev": "20", "nhev": "0", "message": "['Maximum number of iteration reached']"}, "2": {"maxiter": 1000, "duration": 2.0964529514312744, "success": "True", "status": "0", "x": "[  7.69037805   1.06144002   7.41662564  -2.01996172 -12.27557612\n -10.1284259 ]", "fun": "0.167951179386451", "nit": "1000", "nfev": "12232", "njev": "33", "nhev": "0", "message": "['Maximum number of iteration reached']"}, "bounds": [[-12.566370614359172, 12.566370614359172], [-12.566370614359172, 12.566370614359172], [-12.566370614359172, 12.566370614359172], [-12.566370614359172, 12.566370614359172], [-12.566370614359172, 12.566370614359172], [-12.566370614359172, 12.566370614359172]]}}, "duration (s)": 112.76}