{"date": "2024/07/22/, 21:56:10", "conf_id": 12, "data_type": "random\n", "num_data_points": 1, "s_rank": 0, "unitary": "[[0.18663085-0.53122324j,-0.11886349-0.70040876j,0.28555095-0.02789305j,-0.12262021-0.2844587j],[-0.16702216+0.27758472j,0.27526351-0.29738586j,-0.01109314+0.22495461j,-0.77239203+0.28900673j],[0.61935415+0.12301792j,-0.31269928-0.03315917j,-0.61902762-0.19039079j,-0.27120731-0.0968989j],[0.42341754+0.0023929j,-0.05847358+0.47832119j,0.64900495-0.16218422j,-0.37182676-0.05229966j]]", "databatch_0": {"databatch": "[[[0.10295608+0.13380941j,-0.17610843+0.10996451j,-0.25431982+0.22561858j,0.11107831+0.1575199j],[-0.04946213-0.04469125j,-0.14079039-0.20966467j,-0.28600502-0.13464914j,0.10928039-0.19693274j],[0.2423159+0.0089788j,0.13127564-0.04075362j,-0.1391102+0.03096342j,0.40760246-0.10457814j],[-0.31564826+0.09692962j,-0.09110512+0.22975792j,0.02632544-0.19206024j,0.1712891-0.21132882j]]]", "initial param values": "[3.14930535,0.24954897,4.13912393,5.33759472,5.84496688,5.27564356]", "bfgs": {"type": "gradient", "0": {"maxiter": 100, "gtol": 1e-05, "xrtol": 1e-05, "eps": 1e-05, "duration": 0.026124000549316406, "fun": "0.33476378340248747", "jac": "[ 4.97411001e-06  5.25306465e-06 -4.43289849e-07 -7.91580135e-06\n  1.58739688e-06 -2.47162291e-06]", "hess_inv": "[[ 4.4117903   0.48783974 -0.22564039  1.85904212  2.93396324  1.66822004]\n [ 0.48783974  3.2654566  -0.61379564  1.26229739  0.57333024  0.52582733]\n [-0.22564039 -0.61379564  3.17106466 -0.54370114 -0.14758943 -0.0477764 ]\n [ 1.85904212  1.26229739 -0.54370114  3.12874327  1.70439588  0.88865582]\n [ 2.93396324  0.57333024 -0.14758943  1.70439588  6.75544955  3.95723622]\n [ 1.66822004  0.52582733 -0.0477764   0.88865582  3.95723622  5.19318787]]", "nfev": "154", "njev": "22", "status": "0", "success": "True", "message": "Optimization terminated successfully.", "x": "[1.42360677 0.98934996 3.27140605 4.0385164  3.69546581 5.68752501]", "nit": "16"}, "1": {"maxiter": 100, "gtol": 1e-05, "xrtol": 1e-05, "eps": 1e-10, "duration": 0.02590799331665039, "fun": "0.33476378338222135", "jac": "[ 1.11022293e-06  3.33066880e-06 -2.22044587e-06 -9.99200639e-06\n  0.00000000e+00 -3.33066880e-06]", "hess_inv": "[[ 4.13159331  0.59310839  0.05602475  1.81157828  2.66778831  1.51385519]\n [ 0.59310839  3.23327201 -0.67703609  1.28901735  0.66247696  0.56534095]\n [ 0.05602475 -0.67703609  3.43170497 -0.4866533   0.09278333  0.04961743]\n [ 1.81157828  1.28901735 -0.4866533   3.1483576   1.65880187  0.88492305]\n [ 2.66778831  0.66247696  0.09278333  1.65880187  6.50578567  3.82635607]\n [ 1.51385519  0.56534095  0.04961743  0.88492305  3.82635607  5.12706786]]", "nfev": "154", "njev": "22", "status": "0", "success": "True", "message": "Optimization terminated successfully.", "x": "[1.42362162 0.98936823 3.27140106 4.03853235 3.69548666 5.68754563]", "nit": "16"}, "2": {"maxiter": 100, "gtol": 1e-05, "xrtol": 1e-10, "eps": 1e-05, "duration": 0.02635788917541504, "fun": "0.33476378340248747", "jac": "[ 4.97411001e-06  5.25306465e-06 -4.43289849e-07 -7.91580135e-06\n  1.58739688e-06 -2.47162291e-06]", "hess_inv": "[[ 4.4117903   0.48783974 -0.22564039  1.85904212  2.93396324  1.66822004]\n [ 0.48783974  3.2654566  -0.61379564  1.26229739  0.57333024  0.52582733]\n [-0.22564039 -0.61379564  3.17106466 -0.54370114 -0.14758943 -0.0477764 ]\n [ 1.85904212  1.26229739 -0.54370114  3.12874327  1.70439588  0.88865582]\n [ 2.93396324  0.57333024 -0.14758943  1.70439588  6.75544955  3.95723622]\n [ 1.66822004  0.52582733 -0.0477764   0.88865582  3.95723622  5.19318787]]", "nfev": "154", "njev": "22", "status": "0", "success": "True", "message": "Optimization terminated successfully.", "x": "[1.42360677 0.98934996 3.27140605 4.0385164  3.69546581 5.68752501]", "nit": "16"}, "3": {"maxiter": 100, "gtol": 1e-05, "xrtol": 1e-10, "eps": 1e-10, "duration": 0.026098012924194336, "fun": "0.33476378338222135", "jac": "[ 1.11022293e-06  3.33066880e-06 -2.22044587e-06 -9.99200639e-06\n  0.00000000e+00 -3.33066880e-06]", "hess_inv": "[[ 4.13159331  0.59310839  0.05602475  1.81157828  2.66778831  1.51385519]\n [ 0.59310839  3.23327201 -0.67703609  1.28901735  0.66247696  0.56534095]\n [ 0.05602475 -0.67703609  3.43170497 -0.4866533   0.09278333  0.04961743]\n [ 1.81157828  1.28901735 -0.4866533   3.1483576   1.65880187  0.88492305]\n [ 2.66778831  0.66247696  0.09278333  1.65880187  6.50578567  3.82635607]\n [ 1.51385519  0.56534095  0.04961743  0.88492305  3.82635607  5.12706786]]", "nfev": "154", "njev": "22", "status": "0", "success": "True", "message": "Optimization terminated successfully.", "x": "[1.42362162 0.98936823 3.27140106 4.03853235 3.69548666 5.68754563]", "nit": "16"}, "4": {"maxiter": 100, "gtol": 1e-10, "xrtol": 1e-05, "eps": 1e-05, "duration": 0.026044130325317383, "fun": "0.33476378340248747", "jac": "[ 4.97411001e-06  5.25306465e-06 -4.43289849e-07 -7.91580135e-06\n  1.58739688e-06 -2.47162291e-06]", "hess_inv": "[[ 4.4117903   0.48783974 -0.22564039  1.85904212  2.93396324  1.66822004]\n [ 0.48783974  3.2654566  -0.61379564  1.26229739  0.57333024  0.52582733]\n [-0.22564039 -0.61379564  3.17106466 -0.54370114 -0.14758943 -0.0477764 ]\n [ 1.85904212  1.26229739 -0.54370114  3.12874327  1.70439588  0.88865582]\n [ 2.93396324  0.57333024 -0.14758943  1.70439588  6.75544955  3.95723622]\n [ 1.66822004  0.52582733 -0.0477764   0.88865582  3.95723622  5.19318787]]", "nfev": "154", "njev": "22", "status": "0", "success": "True", "message": "Optimization terminated successfully.", "x": "[1.42360677 0.98934996 3.27140605 4.0385164  3.69546581 5.68752501]", "nit": "16"}, "5": {"maxiter": 100, "gtol": 1e-10, "xrtol": 1e-05, "eps": 1e-10, "duration": 0.026001930236816406, "fun": "0.33476378338222135", "jac": "[ 1.11022293e-06  3.33066880e-06 -2.22044587e-06 -9.99200639e-06\n  0.00000000e+00 -3.33066880e-06]", "hess_inv": "[[ 4.13159331  0.59310839  0.05602475  1.81157828  2.66778831  1.51385519]\n [ 0.59310839  3.23327201 -0.67703609  1.28901735  0.66247696  0.56534095]\n [ 0.05602475 -0.67703609  3.43170497 -0.4866533   0.09278333  0.04961743]\n [ 1.81157828  1.28901735 -0.4866533   3.1483576   1.65880187  0.88492305]\n [ 2.66778831  0.66247696  0.09278333  1.65880187  6.50578567  3.82635607]\n [ 1.51385519  0.56534095  0.04961743  0.88492305  3.82635607  5.12706786]]", "nfev": "154", "njev": "22", "status": "0", "success": "True", "message": "Optimization terminated successfully.", "x": "[1.42362162 0.98936823 3.27140106 4.03853235 3.69548666 5.68754563]", "nit": "16"}, "6": {"maxiter": 100, "gtol": 1e-10, "xrtol": 1e-10, "eps": 1e-05, "duration": 0.08117485046386719, "fun": "0.3347637832640641", "jac": "[-1.80966353e-09 -4.77395901e-10  1.59872116e-09  2.22044605e-10\n  2.66453526e-10  1.42108547e-09]", "hess_inv": "[[ 4.93218608  0.989845   -0.23893417  1.50691806  3.11178482  1.46956695]\n [ 0.989845    3.69983348 -0.7384749   1.00101579  0.71085531  0.30314821]\n [-0.23893417 -0.7384749   2.94260833 -0.46410548 -0.14376967 -0.03022078]\n [ 1.50691806  1.00101579 -0.46410548  3.73056513  1.24724611  0.69283249]\n [ 3.11178482  0.71085531 -0.14376967  1.24724611  7.10580192  4.17199236]\n [ 1.46956695  0.30314821 -0.03022078  0.69283249  4.17199236  5.54477352]]", "nfev": "480", "njev": "67", "status": "2", "success": "False", "message": "Desired error not necessarily achieved due to precision loss.", "x": "[1.42358729 0.98933243 3.27140862 4.03853357 3.6954548  5.68752825]", "nit": "20"}, "7": {"maxiter": 100, "gtol": 1e-10, "xrtol": 1e-10, "eps": 1e-10, "duration": 0.06336688995361328, "fun": "0.3347637832043673", "jac": "[0.00000000e+00 0.00000000e+00 2.22044587e-06 0.00000000e+00\n 0.00000000e+00 2.22044587e-06]", "hess_inv": "[[ 0.85564302  0.08300971  1.49601584  1.00418797 -1.92192489 -1.54910791]\n [ 0.08300971  1.00503166  0.41387287 -0.0486076  -0.27312339 -0.61803698]\n [ 1.49601584  0.41387287  3.39543729  2.41649315 -4.32127495 -3.6606159 ]\n [ 1.00418797 -0.0486076   2.41649315  2.91409051 -4.3784361  -2.87929722]\n [-1.92192489 -0.27312339 -4.32127495 -4.3784361   7.04614555  4.94679296]\n [-1.54910791 -0.61803698 -3.6606159  -2.87929722  4.94679296  4.11812182]]", "nfev": "371", "njev": "53", "status": "0", "success": "True", "message": "Optimization terminated successfully.", "x": "[1.42360947 0.98934577 3.27141491 4.03854712 3.69549165 5.68755844]", "nit": "26"}, "8": {"maxiter": 500, "gtol": 1e-05, "xrtol": 1e-05, "eps": 1e-05, "duration": 0.026708126068115234, "fun": "0.33476378340248747", "jac": "[ 4.97411001e-06  5.25306465e-06 -4.43289849e-07 -7.91580135e-06\n  1.58739688e-06 -2.47162291e-06]", "hess_inv": "[[ 4.4117903   0.48783974 -0.22564039  1.85904212  2.93396324  1.66822004]\n [ 0.48783974  3.2654566  -0.61379564  1.26229739  0.57333024  0.52582733]\n [-0.22564039 -0.61379564  3.17106466 -0.54370114 -0.14758943 -0.0477764 ]\n [ 1.85904212  1.26229739 -0.54370114  3.12874327  1.70439588  0.88865582]\n [ 2.93396324  0.57333024 -0.14758943  1.70439588  6.75544955  3.95723622]\n [ 1.66822004  0.52582733 -0.0477764   0.88865582  3.95723622  5.19318787]]", "nfev": "154", "njev": "22", "status": "0", "success": "True", "message": "Optimization terminated successfully.", "x": "[1.42360677 0.98934996 3.27140605 4.0385164  3.69546581 5.68752501]", "nit": "16"}, "9": {"maxiter": 500, "gtol": 1e-05, "xrtol": 1e-05, "eps": 1e-10, "duration": 0.027191162109375, "fun": "0.33476378338222135", "jac": "[ 1.11022293e-06  3.33066880e-06 -2.22044587e-06 -9.99200639e-06\n  0.00000000e+00 -3.33066880e-06]", "hess_inv": "[[ 4.13159331  0.59310839  0.05602475  1.81157828  2.66778831  1.51385519]\n [ 0.59310839  3.23327201 -0.67703609  1.28901735  0.66247696  0.56534095]\n [ 0.05602475 -0.67703609  3.43170497 -0.4866533   0.09278333  0.04961743]\n [ 1.81157828  1.28901735 -0.4866533   3.1483576   1.65880187  0.88492305]\n [ 2.66778831  0.66247696  0.09278333  1.65880187  6.50578567  3.82635607]\n [ 1.51385519  0.56534095  0.04961743  0.88492305  3.82635607  5.12706786]]", "nfev": "154", "njev": "22", "status": "0", "success": "True", "message": "Optimization terminated successfully.", "x": "[1.42362162 0.98936823 3.27140106 4.03853235 3.69548666 5.68754563]", "nit": "16"}, "10": {"maxiter": 500, "gtol": 1e-05, "xrtol": 1e-10, "eps": 1e-05, "duration": 0.027004241943359375, "fun": "0.33476378340248747", "jac": "[ 4.97411001e-06  5.25306465e-06 -4.43289849e-07 -7.91580135e-06\n  1.58739688e-06 -2.47162291e-06]", "hess_inv": "[[ 4.4117903   0.48783974 -0.22564039  1.85904212  2.93396324  1.66822004]\n [ 0.48783974  3.2654566  -0.61379564  1.26229739  0.57333024  0.52582733]\n [-0.22564039 -0.61379564  3.17106466 -0.54370114 -0.14758943 -0.0477764 ]\n [ 1.85904212  1.26229739 -0.54370114  3.12874327  1.70439588  0.88865582]\n [ 2.93396324  0.57333024 -0.14758943  1.70439588  6.75544955  3.95723622]\n [ 1.66822004  0.52582733 -0.0477764   0.88865582  3.95723622  5.19318787]]", "nfev": "154", "njev": "22", "status": "0", "success": "True", "message": "Optimization terminated successfully.", "x": "[1.42360677 0.98934996 3.27140605 4.0385164  3.69546581 5.68752501]", "nit": "16"}, "11": {"maxiter": 500, "gtol": 1e-05, "xrtol": 1e-10, "eps": 1e-10, "duration": 0.027265071868896484, "fun": "0.33476378338222135", "jac": "[ 1.11022293e-06  3.33066880e-06 -2.22044587e-06 -9.99200639e-06\n  0.00000000e+00 -3.33066880e-06]", "hess_inv": "[[ 4.13159331  0.59310839  0.05602475  1.81157828  2.66778831  1.51385519]\n [ 0.59310839  3.23327201 -0.67703609  1.28901735  0.66247696  0.56534095]\n [ 0.05602475 -0.67703609  3.43170497 -0.4866533   0.09278333  0.04961743]\n [ 1.81157828  1.28901735 -0.4866533   3.1483576   1.65880187  0.88492305]\n [ 2.66778831  0.66247696  0.09278333  1.65880187  6.50578567  3.82635607]\n [ 1.51385519  0.56534095  0.04961743  0.88492305  3.82635607  5.12706786]]", "nfev": "154", "njev": "22", "status": "0", "success": "True", "message": "Optimization terminated successfully.", "x": "[1.42362162 0.98936823 3.27140106 4.03853235 3.69548666 5.68754563]", "nit": "16"}, "12": {"maxiter": 500, "gtol": 1e-10, "xrtol": 1e-05, "eps": 1e-05, "duration": 0.026996135711669922, "fun": "0.33476378340248747", "jac": "[ 4.97411001e-06  5.25306465e-06 -4.43289849e-07 -7.91580135e-06\n  1.58739688e-06 -2.47162291e-06]", "hess_inv": "[[ 4.4117903   0.48783974 -0.22564039  1.85904212  2.93396324  1.66822004]\n [ 0.48783974  3.2654566  -0.61379564  1.26229739  0.57333024  0.52582733]\n [-0.22564039 -0.61379564  3.17106466 -0.54370114 -0.14758943 -0.0477764 ]\n [ 1.85904212  1.26229739 -0.54370114  3.12874327  1.70439588  0.88865582]\n [ 2.93396324  0.57333024 -0.14758943  1.70439588  6.75544955  3.95723622]\n [ 1.66822004  0.52582733 -0.0477764   0.88865582  3.95723622  5.19318787]]", "nfev": "154", "njev": "22", "status": "0", "success": "True", "message": "Optimization terminated successfully.", "x": "[1.42360677 0.98934996 3.27140605 4.0385164  3.69546581 5.68752501]", "nit": "16"}, "13": {"maxiter": 500, "gtol": 1e-10, "xrtol": 1e-05, "eps": 1e-10, "duration": 0.026011228561401367, "fun": "0.33476378338222135", "jac": "[ 1.11022293e-06  3.33066880e-06 -2.22044587e-06 -9.99200639e-06\n  0.00000000e+00 -3.33066880e-06]", "hess_inv": "[[ 4.13159331  0.59310839  0.05602475  1.81157828  2.66778831  1.51385519]\n [ 0.59310839  3.23327201 -0.67703609  1.28901735  0.66247696  0.56534095]\n [ 0.05602475 -0.67703609  3.43170497 -0.4866533   0.09278333  0.04961743]\n [ 1.81157828  1.28901735 -0.4866533   3.1483576   1.65880187  0.88492305]\n [ 2.66778831  0.66247696  0.09278333  1.65880187  6.50578567  3.82635607]\n [ 1.51385519  0.56534095  0.04961743  0.88492305  3.82635607  5.12706786]]", "nfev": "154", "njev": "22", "status": "0", "success": "True", "message": "Optimization terminated successfully.", "x": "[1.42362162 0.98936823 3.27140106 4.03853235 3.69548666 5.68754563]", "nit": "16"}, "14": {"maxiter": 500, "gtol": 1e-10, "xrtol": 1e-10, "eps": 1e-05, "duration": 0.08044815063476562, "fun": "0.3347637832640641", "jac": "[-1.80966353e-09 -4.77395901e-10  1.59872116e-09  2.22044605e-10\n  2.66453526e-10  1.42108547e-09]", "hess_inv": "[[ 4.93218608  0.989845   -0.23893417  1.50691806  3.11178482  1.46956695]\n [ 0.989845    3.69983348 -0.7384749   1.00101579  0.71085531  0.30314821]\n [-0.23893417 -0.7384749   2.94260833 -0.46410548 -0.14376967 -0.03022078]\n [ 1.50691806  1.00101579 -0.46410548  3.73056513  1.24724611  0.69283249]\n [ 3.11178482  0.71085531 -0.14376967  1.24724611  7.10580192  4.17199236]\n [ 1.46956695  0.30314821 -0.03022078  0.69283249  4.17199236  5.54477352]]", "nfev": "480", "njev": "67", "status": "2", "success": "False", "message": "Desired error not necessarily achieved due to precision loss.", "x": "[1.42358729 0.98933243 3.27140862 4.03853357 3.6954548  5.68752825]", "nit": "20"}, "15": {"maxiter": 500, "gtol": 1e-10, "xrtol": 1e-10, "eps": 1e-10, "duration": 0.06213712692260742, "fun": "0.3347637832043673", "jac": "[0.00000000e+00 0.00000000e+00 2.22044587e-06 0.00000000e+00\n 0.00000000e+00 2.22044587e-06]", "hess_inv": "[[ 0.85564302  0.08300971  1.49601584  1.00418797 -1.92192489 -1.54910791]\n [ 0.08300971  1.00503166  0.41387287 -0.0486076  -0.27312339 -0.61803698]\n [ 1.49601584  0.41387287  3.39543729  2.41649315 -4.32127495 -3.6606159 ]\n [ 1.00418797 -0.0486076   2.41649315  2.91409051 -4.3784361  -2.87929722]\n [-1.92192489 -0.27312339 -4.32127495 -4.3784361   7.04614555  4.94679296]\n [-1.54910791 -0.61803698 -3.6606159  -2.87929722  4.94679296  4.11812182]]", "nfev": "371", "njev": "53", "status": "0", "success": "True", "message": "Optimization terminated successfully.", "x": "[1.42360947 0.98934577 3.27141491 4.03854712 3.69549165 5.68755844]", "nit": "26"}, "16": {"maxiter": 1000, "gtol": 1e-05, "xrtol": 1e-05, "eps": 1e-05, "duration": 0.025997638702392578, "fun": "0.33476378340248747", "jac": "[ 4.97411001e-06  5.25306465e-06 -4.43289849e-07 -7.91580135e-06\n  1.58739688e-06 -2.47162291e-06]", "hess_inv": "[[ 4.4117903   0.48783974 -0.22564039  1.85904212  2.93396324  1.66822004]\n [ 0.48783974  3.2654566  -0.61379564  1.26229739  0.57333024  0.52582733]\n [-0.22564039 -0.61379564  3.17106466 -0.54370114 -0.14758943 -0.0477764 ]\n [ 1.85904212  1.26229739 -0.54370114  3.12874327  1.70439588  0.88865582]\n [ 2.93396324  0.57333024 -0.14758943  1.70439588  6.75544955  3.95723622]\n [ 1.66822004  0.52582733 -0.0477764   0.88865582  3.95723622  5.19318787]]", "nfev": "154", "njev": "22", "status": "0", "success": "True", "message": "Optimization terminated successfully.", "x": "[1.42360677 0.98934996 3.27140605 4.0385164  3.69546581 5.68752501]", "nit": "16"}, "17": {"maxiter": 1000, "gtol": 1e-05, "xrtol": 1e-05, "eps": 1e-10, "duration": 0.02602982521057129, "fun": "0.33476378338222135", "jac": "[ 1.11022293e-06  3.33066880e-06 -2.22044587e-06 -9.99200639e-06\n  0.00000000e+00 -3.33066880e-06]", "hess_inv": "[[ 4.13159331  0.59310839  0.05602475  1.81157828  2.66778831  1.51385519]\n [ 0.59310839  3.23327201 -0.67703609  1.28901735  0.66247696  0.56534095]\n [ 0.05602475 -0.67703609  3.43170497 -0.4866533   0.09278333  0.04961743]\n [ 1.81157828  1.28901735 -0.4866533   3.1483576   1.65880187  0.88492305]\n [ 2.66778831  0.66247696  0.09278333  1.65880187  6.50578567  3.82635607]\n [ 1.51385519  0.56534095  0.04961743  0.88492305  3.82635607  5.12706786]]", "nfev": "154", "njev": "22", "status": "0", "success": "True", "message": "Optimization terminated successfully.", "x": "[1.42362162 0.98936823 3.27140106 4.03853235 3.69548666 5.68754563]", "nit": "16"}, "18": {"maxiter": 1000, "gtol": 1e-05, "xrtol": 1e-10, "eps": 1e-05, "duration": 0.025965213775634766, "fun": "0.33476378340248747", "jac": "[ 4.97411001e-06  5.25306465e-06 -4.43289849e-07 -7.91580135e-06\n  1.58739688e-06 -2.47162291e-06]", "hess_inv": "[[ 4.4117903   0.48783974 -0.22564039  1.85904212  2.93396324  1.66822004]\n [ 0.48783974  3.2654566  -0.61379564  1.26229739  0.57333024  0.52582733]\n [-0.22564039 -0.61379564  3.17106466 -0.54370114 -0.14758943 -0.0477764 ]\n [ 1.85904212  1.26229739 -0.54370114  3.12874327  1.70439588  0.88865582]\n [ 2.93396324  0.57333024 -0.14758943  1.70439588  6.75544955  3.95723622]\n [ 1.66822004  0.52582733 -0.0477764   0.88865582  3.95723622  5.19318787]]", "nfev": "154", "njev": "22", "status": "0", "success": "True", "message": "Optimization terminated successfully.", "x": "[1.42360677 0.98934996 3.27140605 4.0385164  3.69546581 5.68752501]", "nit": "16"}, "19": {"maxiter": 1000, "gtol": 1e-05, "xrtol": 1e-10, "eps": 1e-10, "duration": 0.0260927677154541, "fun": "0.33476378338222135", "jac": "[ 1.11022293e-06  3.33066880e-06 -2.22044587e-06 -9.99200639e-06\n  0.00000000e+00 -3.33066880e-06]", "hess_inv": "[[ 4.13159331  0.59310839  0.05602475  1.81157828  2.66778831  1.51385519]\n [ 0.59310839  3.23327201 -0.67703609  1.28901735  0.66247696  0.56534095]\n [ 0.05602475 -0.67703609  3.43170497 -0.4866533   0.09278333  0.04961743]\n [ 1.81157828  1.28901735 -0.4866533   3.1483576   1.65880187  0.88492305]\n [ 2.66778831  0.66247696  0.09278333  1.65880187  6.50578567  3.82635607]\n [ 1.51385519  0.56534095  0.04961743  0.88492305  3.82635607  5.12706786]]", "nfev": "154", "njev": "22", "status": "0", "success": "True", "message": "Optimization terminated successfully.", "x": "[1.42362162 0.98936823 3.27140106 4.03853235 3.69548666 5.68754563]", "nit": "16"}, "20": {"maxiter": 1000, "gtol": 1e-10, "xrtol": 1e-05, "eps": 1e-05, "duration": 0.026102066040039062, "fun": "0.33476378340248747", "jac": "[ 4.97411001e-06  5.25306465e-06 -4.43289849e-07 -7.91580135e-06\n  1.58739688e-06 -2.47162291e-06]", "hess_inv": "[[ 4.4117903   0.48783974 -0.22564039  1.85904212  2.93396324  1.66822004]\n [ 0.48783974  3.2654566  -0.61379564  1.26229739  0.57333024  0.52582733]\n [-0.22564039 -0.61379564  3.17106466 -0.54370114 -0.14758943 -0.0477764 ]\n [ 1.85904212  1.26229739 -0.54370114  3.12874327  1.70439588  0.88865582]\n [ 2.93396324  0.57333024 -0.14758943  1.70439588  6.75544955  3.95723622]\n [ 1.66822004  0.52582733 -0.0477764   0.88865582  3.95723622  5.19318787]]", "nfev": "154", "njev": "22", "status": "0", "success": "True", "message": "Optimization terminated successfully.", "x": "[1.42360677 0.98934996 3.27140605 4.0385164  3.69546581 5.68752501]", "nit": "16"}, "21": {"maxiter": 1000, "gtol": 1e-10, "xrtol": 1e-05, "eps": 1e-10, "duration": 0.0266571044921875, "fun": "0.33476378338222135", "jac": "[ 1.11022293e-06  3.33066880e-06 -2.22044587e-06 -9.99200639e-06\n  0.00000000e+00 -3.33066880e-06]", "hess_inv": "[[ 4.13159331  0.59310839  0.05602475  1.81157828  2.66778831  1.51385519]\n [ 0.59310839  3.23327201 -0.67703609  1.28901735  0.66247696  0.56534095]\n [ 0.05602475 -0.67703609  3.43170497 -0.4866533   0.09278333  0.04961743]\n [ 1.81157828  1.28901735 -0.4866533   3.1483576   1.65880187  0.88492305]\n [ 2.66778831  0.66247696  0.09278333  1.65880187  6.50578567  3.82635607]\n [ 1.51385519  0.56534095  0.04961743  0.88492305  3.82635607  5.12706786]]", "nfev": "154", "njev": "22", "status": "0", "success": "True", "message": "Optimization terminated successfully.", "x": "[1.42362162 0.98936823 3.27140106 4.03853235 3.69548666 5.68754563]", "nit": "16"}, "22": {"maxiter": 1000, "gtol": 1e-10, "xrtol": 1e-10, "eps": 1e-05, "duration": 0.08018207550048828, "fun": "0.3347637832640641", "jac": "[-1.80966353e-09 -4.77395901e-10  1.59872116e-09  2.22044605e-10\n  2.66453526e-10  1.42108547e-09]", "hess_inv": "[[ 4.93218608  0.989845   -0.23893417  1.50691806  3.11178482  1.46956695]\n [ 0.989845    3.69983348 -0.7384749   1.00101579  0.71085531  0.30314821]\n [-0.23893417 -0.7384749   2.94260833 -0.46410548 -0.14376967 -0.03022078]\n [ 1.50691806  1.00101579 -0.46410548  3.73056513  1.24724611  0.69283249]\n [ 3.11178482  0.71085531 -0.14376967  1.24724611  7.10580192  4.17199236]\n [ 1.46956695  0.30314821 -0.03022078  0.69283249  4.17199236  5.54477352]]", "nfev": "480", "njev": "67", "status": "2", "success": "False", "message": "Desired error not necessarily achieved due to precision loss.", "x": "[1.42358729 0.98933243 3.27140862 4.03853357 3.6954548  5.68752825]", "nit": "20"}, "23": {"maxiter": 1000, "gtol": 1e-10, "xrtol": 1e-10, "eps": 1e-10, "duration": 0.06211996078491211, "fun": "0.3347637832043673", "jac": "[0.00000000e+00 0.00000000e+00 2.22044587e-06 0.00000000e+00\n 0.00000000e+00 2.22044587e-06]", "hess_inv": "[[ 0.85564302  0.08300971  1.49601584  1.00418797 -1.92192489 -1.54910791]\n [ 0.08300971  1.00503166  0.41387287 -0.0486076  -0.27312339 -0.61803698]\n [ 1.49601584  0.41387287  3.39543729  2.41649315 -4.32127495 -3.6606159 ]\n [ 1.00418797 -0.0486076   2.41649315  2.91409051 -4.3784361  -2.87929722]\n [-1.92192489 -0.27312339 -4.32127495 -4.3784361   7.04614555  4.94679296]\n [-1.54910791 -0.61803698 -3.6606159  -2.87929722  4.94679296  4.11812182]]", "nfev": "371", "njev": "53", "status": "0", "success": "True", "message": "Optimization terminated successfully.", "x": "[1.42360947 0.98934577 3.27141491 4.03854712 3.69549165 5.68755844]", "nit": "26"}}, "cobyla": {"0": {"maxiter": 100, "tol": 1e-05, "catol": 1e-05, "duration": 0.01627206802368164, "x": "[1.41884048 0.98517303 3.27342654 4.03556542 3.68922613 5.68183782]", "status": "2", "success": "False", "message": "Maximum number of function evaluations has been exceeded.", "nfev": "100", "fun": "0.3347693748762034", "maxcv": "0.0"}, "1": {"maxiter": 100, "tol": 1e-05, "catol": 1e-10, "duration": 0.016122817993164062, "x": "[1.41884048 0.98517303 3.27342654 4.03556542 3.68922613 5.68183782]", "status": "2", "success": "False", "message": "Maximum number of function evaluations has been exceeded.", "nfev": "100", "fun": "0.3347693748762034", "maxcv": "0.0"}, "2": {"maxiter": 100, "tol": 1e-10, "catol": 1e-05, "duration": 0.016206741333007812, "x": "[1.41884048 0.98517303 3.27342654 4.03556542 3.68922613 5.68183782]", "status": "2", "success": "False", "message": "Maximum number of function evaluations has been exceeded.", "nfev": "100", "fun": "0.3347693748762034", "maxcv": "0.0"}, "3": {"maxiter": 100, "tol": 1e-10, "catol": 1e-10, "duration": 0.016182899475097656, "x": "[1.41884048 0.98517303 3.27342654 4.03556542 3.68922613 5.68183782]", "status": "2", "success": "False", "message": "Maximum number of function evaluations has been exceeded.", "nfev": "100", "fun": "0.3347693748762034", "maxcv": "0.0"}, "4": {"maxiter": 500, "tol": 1e-05, "catol": 1e-05, "duration": 0.030804872512817383, "x": "[1.42359766 0.98933808 3.27140749 4.03854538 3.69548531 5.68755679]", "status": "1", "success": "True", "message": "Optimization terminated successfully.", "nfev": "191", "fun": "0.3347637832153111", "maxcv": "0.0"}, "5": {"maxiter": 500, "tol": 1e-05, "catol": 1e-10, "duration": 0.03069281578063965, "x": "[1.42359766 0.98933808 3.27140749 4.03854538 3.69548531 5.68755679]", "status": "1", "success": "True", "message": "Optimization terminated successfully.", "nfev": "191", "fun": "0.3347637832153111", "maxcv": "0.0"}, "6": {"maxiter": 500, "tol": 1e-10, "catol": 1e-05, "duration": 0.04709577560424805, "x": "[1.42360606 0.98934239 3.27141118 4.03854593 3.69548152 5.6875493 ]", "status": "1", "success": "True", "message": "Optimization terminated successfully.", "nfev": "292", "fun": "0.3347637831918451", "maxcv": "0.0"}, "7": {"maxiter": 500, "tol": 1e-10, "catol": 1e-10, "duration": 0.04686594009399414, "x": "[1.42360606 0.98934239 3.27141118 4.03854593 3.69548152 5.6875493 ]", "status": "1", "success": "True", "message": "Optimization terminated successfully.", "nfev": "292", "fun": "0.3347637831918451", "maxcv": "0.0"}, "8": {"maxiter": 1000, "tol": 1e-05, "catol": 1e-05, "duration": 0.030656814575195312, "x": "[1.42359766 0.98933808 3.27140749 4.03854538 3.69548531 5.68755679]", "status": "1", "success": "True", "message": "Optimization terminated successfully.", "nfev": "191", "fun": "0.3347637832153111", "maxcv": "0.0"}, "9": {"maxiter": 1000, "tol": 1e-05, "catol": 1e-10, "duration": 0.0307009220123291, "x": "[1.42359766 0.98933808 3.27140749 4.03854538 3.69548531 5.68755679]", "status": "1", "success": "True", "message": "Optimization terminated successfully.", "nfev": "191", "fun": "0.3347637832153111", "maxcv": "0.0"}, "10": {"maxiter": 1000, "tol": 1e-10, "catol": 1e-05, "duration": 0.04679393768310547, "x": "[1.42360606 0.98934239 3.27141118 4.03854593 3.69548152 5.6875493 ]", "status": "1", "success": "True", "message": "Optimization terminated successfully.", "nfev": "292", "fun": "0.3347637831918451", "maxcv": "0.0"}, "11": {"maxiter": 1000, "tol": 1e-10, "catol": 1e-10, "duration": 0.046778202056884766, "x": "[1.42360606 0.98934239 3.27141118 4.03854593 3.69548152 5.6875493 ]", "status": "1", "success": "True", "message": "Optimization terminated successfully.", "nfev": "292", "fun": "0.3347637831918451", "maxcv": "0.0"}}, "dual_annealing_0": {"type": "gradient-free", "0": {"maxiter": 100, "duration": 0.22497892379760742, "success": "True", "status": "0", "x": "[1.42360474 0.9893434  3.27141588 2.24463985 0.55388637 2.54595736]", "fun": "0.3347637831971403", "nit": "100", "nfev": "1306", "njev": "15", "nhev": "0", "message": "['Maximum number of iteration reached']"}, "1": {"maxiter": 500, "duration": 1.0639071464538574, "success": "True", "status": "0", "x": "[4.85956936 4.13092774 0.12982018 4.03853113 3.69546942 5.68753915]", "fun": "0.33476378327785794", "nit": "500", "nfev": "6155", "njev": "22", "nhev": "0", "message": "['Maximum number of iteration reached']"}, "2": {"maxiter": 1000, "duration": 2.124119997024536, "success": "True", "status": "0", "x": "[4.8595846  4.13094418 0.12981014 4.03854432 3.69547241 5.68755482]", "fun": "0.33476378324502365", "nit": "1000", "nfev": "12183", "njev": "26", "nhev": "0", "message": "['Maximum number of iteration reached']"}, "bounds": [[0.0, 6.283185307179586], [0.0, 6.283185307179586], [0.0, 6.283185307179586], [0.0, 6.283185307179586], [0.0, 6.283185307179586], [0.0, 6.283185307179586]]}, "dual_annealing_1": {"type": "gradient-free", "0": {"maxiter": 100, "duration": 0.25113701820373535, "success": "True", "status": "0", "x": "[4.79312307 4.10363747 6.4498708  3.98252732 4.10774437 0.        ]", "fun": "0.36693636407952934", "nit": "100", "nfev": "1271", "njev": "10", "nhev": "0", "message": "['Maximum number of iteration reached']"}, "1": {"maxiter": 500, "duration": 1.069200038909912, "success": "True", "status": "0", "x": "[7.70676783 7.27251144 3.27141732 2.24466428 6.83704237 8.82913569]", "fun": "0.33476378334829526", "nit": "500", "nfev": "6113", "njev": "16", "nhev": "0", "message": "['Maximum number of iteration reached']"}, "2": {"maxiter": 1000, "duration": 2.1007370948791504, "success": "True", "status": "0", "x": "[1.42359184 0.98931796 3.27142988 2.24465708 0.55389485 8.82916881]", "fun": "0.33476378341437885", "nit": "1000", "nfev": "12204", "njev": "29", "nhev": "0", "message": "['Maximum number of iteration reached']"}, "bounds": [[0.0, 9.42477796076938], [0.0, 9.42477796076938], [0.0, 9.42477796076938], [0.0, 9.42477796076938], [0.0, 9.42477796076938], [0.0, 9.42477796076938]]}, "dual_annealing_2": {"type": "gradient-free", "0": {"maxiter": 100, "duration": 0.23212885856628418, "success": "True", "status": "0", "x": "[7.70678944 7.27252797 3.27140519 4.0385471  9.97866385 5.68755009]", "fun": "0.33476378319990474", "nit": "100", "nfev": "1320", "njev": "17", "nhev": "0", "message": "['Maximum number of iteration reached']"}, "1": {"maxiter": 500, "duration": 1.0634770393371582, "success": "True", "status": "0", "x": "[1.42358403 0.98932581 3.27144033 4.03854746 9.97867596 5.68755909]", "fun": "0.33476378344316526", "nit": "500", "nfev": "6113", "njev": "16", "nhev": "0", "message": "['Maximum number of iteration reached']"}, "2": {"maxiter": 1000, "duration": 2.093748092651367, "success": "True", "status": "0", "x": "[1.42360874 7.27251712 9.55459336 2.24464617 6.83706695 2.54595429]", "fun": "0.33476378322552647", "nit": "1000", "nfev": "12106", "njev": "15", "nhev": "0", "message": "['Maximum number of iteration reached']"}, "bounds": [[0.0, 12.566370614359172], [0.0, 12.566370614359172], [0.0, 12.566370614359172], [0.0, 12.566370614359172], [0.0, 12.566370614359172], [0.0, 12.566370614359172]]}, "dual_annealing_3": {"type": "gradient-free", "0": {"maxiter": 100, "duration": 0.23787522315979004, "success": "True", "status": "0", "x": "[-1.43420468 -2.12615292  6.28318531 -4.06067726 -5.72429692  2.54205296]", "fun": "0.33741440689065016", "nit": "100", "nfev": "1355", "njev": "22", "nhev": "0", "message": "['Maximum number of iteration reached']"}, "1": {"maxiter": 500, "duration": 1.0531690120697021, "success": "True", "status": "0", "x": "[ 1.42360163 -5.29384115  3.27141161  2.24463857  0.55388408 -3.73723242]", "fun": "0.3347637831959537", "nit": "500", "nfev": "6092", "njev": "13", "nhev": "0", "message": "['Maximum number of iteration reached']"}, "2": {"maxiter": 1000, "duration": 2.1083362102508545, "success": "True", "status": "0", "x": "[-4.85956525  0.989345   -3.01176094  2.24465508  0.55390231 -3.7372336 ]", "fun": "0.3347637833247227", "nit": "1000", "nfev": "12197", "njev": "28", "nhev": "0", "message": "['Maximum number of iteration reached']"}, "bounds": [[-6.283185307179586, 6.283185307179586], [-6.283185307179586, 6.283185307179586], [-6.283185307179586, 6.283185307179586], [-6.283185307179586, 6.283185307179586], [-6.283185307179586, 6.283185307179586], [-6.283185307179586, 6.283185307179586]]}, "dual_annealing_4": {"type": "gradient-free", "0": {"maxiter": 100, "duration": 0.23303675651550293, "success": "True", "status": "0", "x": "[ 1.43418921  7.29863946  9.42477796  4.06067085  3.70050702 -0.59953679]", "fun": "0.3374144070913938", "nit": "100", "nfev": "1320", "njev": "17", "nhev": "0", "message": "['Maximum number of iteration reached']"}, "1": {"maxiter": 500, "duration": 1.081191062927246, "success": "True", "status": "0", "x": "[ 7.70678989  7.2725263  -3.01177567  2.24463685  6.83707551 -3.7372269 ]", "fun": "0.33476378319474154", "nit": "500", "nfev": "6106", "njev": "15", "nhev": "0", "message": "['Maximum number of iteration reached']"}, "2": {"maxiter": 1000, "duration": 2.2836930751800537, "success": "True", "status": "0", "x": "[ 7.70679163 -5.29384294 -9.29495911 -4.03854603  0.55388927 -3.73722829]", "fun": "0.3347637831918866", "nit": "1000", "nfev": "12078", "njev": "11", "nhev": "0", "message": "['Maximum number of iteration reached']"}, "bounds": [[-9.42477796076938, 9.42477796076938], [-9.42477796076938, 9.42477796076938], [-9.42477796076938, 9.42477796076938], [-9.42477796076938, 9.42477796076938], [-9.42477796076938, 9.42477796076938], [-9.42477796076938, 9.42477796076938]]}, "dual_annealing_5": {"type": "gradient-free", "0": {"maxiter": 100, "duration": 0.2532081604003906, "success": "True", "status": "0", "x": "[11.14275749 -2.15224441  0.12980554  4.03854805 -8.87088605 -6.87884196]", "fun": "0.3347637832969128", "nit": "100", "nfev": "1369", "njev": "24", "nhev": "0", "message": "['Maximum number of iteration reached']"}, "1": {"maxiter": 500, "duration": 1.0907058715820312, "success": "True", "status": "0", "x": "[  7.70679136 -11.57702546  -9.2949619   -4.03854632 -12.01248173\n   8.82913861]", "fun": "0.3347637831951382", "nit": "500", "nfev": "6106", "njev": "15", "nhev": "0", "message": "['Maximum number of iteration reached']"}, "2": {"maxiter": 1000, "duration": 2.1032392978668213, "success": "True", "status": "0", "x": "[  4.85957679  -2.15224192  -6.15336399  -4.03854815   0.55388883\n -10.02041232]", "fun": "0.3347637832053272", "nit": "1000", "nfev": "12099", "njev": "14", "nhev": "0", "message": "['Maximum number of iteration reached']"}, "bounds": [[-12.566370614359172, 12.566370614359172], [-12.566370614359172, 12.566370614359172], [-12.566370614359172, 12.566370614359172], [-12.566370614359172, 12.566370614359172], [-12.566370614359172, 12.566370614359172], [-12.566370614359172, 12.566370614359172]]}}, "duration (s)": 114.83}