{"date": "2024/07/22/, 22:54:02", "conf_id": 42, "data_type": "random\n", "num_data_points": 3, "s_rank": 0, "unitary": "[[0.18663085-0.53122324j,-0.11886349-0.70040876j,0.28555095-0.02789305j,-0.12262021-0.2844587j],[-0.16702216+0.27758472j,0.27526351-0.29738586j,-0.01109314+0.22495461j,-0.77239203+0.28900673j],[0.61935415+0.12301792j,-0.31269928-0.03315917j,-0.61902762-0.19039079j,-0.27120731-0.0968989j],[0.42341754+0.0023929j,-0.05847358+0.47832119j,0.64900495-0.16218422j,-0.37182676-0.05229966j]]", "databatch_0": {"databatch": "[[[-0.09351273+0.04877076j,-0.04279058+0.23218354j,-0.03096901+0.13415379j,-0.28697833+0.1055708j],[-0.05323041+0.14109201j,0.17559568+0.28830907j,0.09479979+0.17253265j,-0.20537436+0.38597593j],[-0.08206454+0.13783293j,0.13011877+0.33469214j,0.067099+0.19837179j,-0.28707878+0.36591418j],[-0.00036916+0.04932718j,0.08652152+0.0686128j,0.04862141+0.04222356j,-0.01934958+0.14170379j]],[[-0.15747834-0.11570709j,-0.20170331-0.38190235j,0.09687595+0.01962315j,0.21805559-0.20715845j],[0.05000469-0.02885161j,0.12726168-0.00919261j,-0.01681583+0.02387305j,0.03013161+0.08359059j],[0.03551125-0.24935824j,0.31094601-0.46173468j,0.03671767+0.12199442j,0.36813119+0.12150896j],[0.08441145+0.07369171j,0.09686961+0.22791891j,-0.05440863-0.01587462j,-0.1345626+0.10787199j]],[[0.07568096-0.107996j,-0.01784675+0.30822074j,0.07013907+0.17316761j,0.0623726+0.26359961j],[-0.08137305+0.0407694j,0.1119051-0.18132909j,0.01418722-0.12816283j,0.04855679-0.18053513j],[0.02300443+0.20557567j,-0.29877603-0.38113987j,-0.26217714-0.13096523j,-0.34686122-0.24541676j],[-0.08096188-0.06061806j,0.235842+0.02111096j,0.13443562-0.04959187j,0.20357069-0.04145832j]]]", "initial param values": "[4.99222277,2.8468948,1.47864204,1.33664155,2.45591426,5.74520575]", "bfgs": {"type": "gradient", "0": {"maxiter": 100, "gtol": 1e-05, "xrtol": 1e-05, "eps": 1e-05, "duration": 0.037034034729003906, "fun": "0.16676850941957744", "jac": "[-4.74009720e-07  1.77491355e-07 -9.60842517e-07  1.36654021e-06\n -1.53411728e-06  1.93285388e-06]", "hess_inv": "[[ 8.78211848 -1.24454055 -0.79641019  0.68067957  2.95453725  5.1642009 ]\n [-1.24454055  5.4043815  -1.6196192   0.76994801 -4.77837468 -3.47172987]\n [-0.79641019 -1.6196192   3.65568278 -0.85773846 -0.44650701  0.2958935 ]\n [ 0.68067957  0.76994801 -0.85773846  2.92291362  1.0908454   0.98772335]\n [ 2.95453725 -4.77837468 -0.44650701  1.0908454  58.32175368 49.86548978]\n [ 5.1642009  -3.47172987  0.2958935   0.98772335 49.86548978 48.45217956]]", "nfev": "210", "njev": "30", "status": "0", "success": "True", "message": "Optimization terminated successfully.", "x": "[5.10850377 3.69631798 0.00545293 2.78354423 1.61428821 3.58534927]", "nit": "26"}, "1": {"maxiter": 100, "gtol": 1e-05, "xrtol": 1e-05, "eps": 1e-10, "duration": 0.036828041076660156, "fun": "0.16676850938030974", "jac": "[-3.33066880e-06 -3.33066880e-06 -5.55111515e-06  0.00000000e+00\n -5.55111466e-06  1.11022293e-06]", "hess_inv": "[[ 8.77602237 -1.25015758 -0.79537648  0.67712291  2.78012677  4.99458764]\n [-1.25015758  5.44528738 -1.6068014   0.81667927 -4.63821547 -3.22491436]\n [-0.79537648 -1.6068014   3.64717664 -0.88036835 -0.55692759  0.15208086]\n [ 0.67712291  0.81667927 -0.88036835  2.9111266   1.09625822  1.06304093]\n [ 2.78012677 -4.63821547 -0.55692759  1.09625822 57.79526269 49.15389345]\n [ 4.99458764 -3.22491436  0.15208086  1.06304093 49.15389345 47.70263862]]", "nfev": "210", "njev": "30", "status": "0", "success": "True", "message": "Optimization terminated successfully.", "x": "[5.10849572 3.69632125 0.0054483  2.78355202 1.61432885 3.58538126]", "nit": "26"}, "2": {"maxiter": 100, "gtol": 1e-05, "xrtol": 1e-10, "eps": 1e-05, "duration": 0.0366668701171875, "fun": "0.16676850941957744", "jac": "[-4.74009720e-07  1.77491355e-07 -9.60842517e-07  1.36654021e-06\n -1.53411728e-06  1.93285388e-06]", "hess_inv": "[[ 8.78211848 -1.24454055 -0.79641019  0.68067957  2.95453725  5.1642009 ]\n [-1.24454055  5.4043815  -1.6196192   0.76994801 -4.77837468 -3.47172987]\n [-0.79641019 -1.6196192   3.65568278 -0.85773846 -0.44650701  0.2958935 ]\n [ 0.68067957  0.76994801 -0.85773846  2.92291362  1.0908454   0.98772335]\n [ 2.95453725 -4.77837468 -0.44650701  1.0908454  58.32175368 49.86548978]\n [ 5.1642009  -3.47172987  0.2958935   0.98772335 49.86548978 48.45217956]]", "nfev": "210", "njev": "30", "status": "0", "success": "True", "message": "Optimization terminated successfully.", "x": "[5.10850377 3.69631798 0.00545293 2.78354423 1.61428821 3.58534927]", "nit": "26"}, "3": {"maxiter": 100, "gtol": 1e-05, "xrtol": 1e-10, "eps": 1e-10, "duration": 0.036669254302978516, "fun": "0.16676850938030974", "jac": "[-3.33066880e-06 -3.33066880e-06 -5.55111515e-06  0.00000000e+00\n -5.55111466e-06  1.11022293e-06]", "hess_inv": "[[ 8.77602237 -1.25015758 -0.79537648  0.67712291  2.78012677  4.99458764]\n [-1.25015758  5.44528738 -1.6068014   0.81667927 -4.63821547 -3.22491436]\n [-0.79537648 -1.6068014   3.64717664 -0.88036835 -0.55692759  0.15208086]\n [ 0.67712291  0.81667927 -0.88036835  2.9111266   1.09625822  1.06304093]\n [ 2.78012677 -4.63821547 -0.55692759  1.09625822 57.79526269 49.15389345]\n [ 4.99458764 -3.22491436  0.15208086  1.06304093 49.15389345 47.70263862]]", "nfev": "210", "njev": "30", "status": "0", "success": "True", "message": "Optimization terminated successfully.", "x": "[5.10849572 3.69632125 0.0054483  2.78355202 1.61432885 3.58538126]", "nit": "26"}, "4": {"maxiter": 100, "gtol": 1e-10, "xrtol": 1e-05, "eps": 1e-05, "duration": 0.07368087768554688, "fun": "0.16676850941957744", "jac": "[-4.74009720e-07  1.77491355e-07 -9.60842517e-07  1.36654021e-06\n -1.53411728e-06  1.93285388e-06]", "hess_inv": "[[ 8.82315333 -1.15217862 -0.8509567   0.75973889  2.85091014  5.02509389]\n [-1.15217862  5.60550412 -1.74082876  0.94577158 -4.94775751 -3.66933514]\n [-0.8509567  -1.74082876  3.72782821 -0.96233866 -0.32352399  0.45410017]\n [ 0.75973889  0.94577158 -0.96233866  3.07456538  0.91124218  0.75597363]\n [ 2.85091014 -4.94775751 -0.32352399  0.91124218 57.9807624  49.12679585]\n [ 5.02509389 -3.66933514  0.45410017  0.75597363 49.12679585 46.95245193]]", "nfev": "425", "njev": "59", "status": "2", "success": "False", "message": "Desired error not necessarily achieved due to precision loss.", "x": "[5.10850377 3.69631798 0.00545293 2.78354423 1.61428821 3.58534927]", "nit": "26"}, "5": {"maxiter": 100, "gtol": 1e-10, "xrtol": 1e-05, "eps": 1e-10, "duration": 0.04196810722351074, "fun": "0.1667685093008192", "jac": "[-2.22044587e-06  2.22044587e-06  0.00000000e+00  2.22044587e-06\n  2.22044587e-06  0.00000000e+00]", "hess_inv": "[[ 8.11412371 -1.01893487 -0.76770219  0.43173416 -2.19402113  0.71458064]\n [-1.01893487  5.21779514 -1.74593632  0.88965452 -1.7786318  -0.55020239]\n [-0.76770219 -1.74593632  3.83838512 -0.99224399  0.22178259  0.93637842]\n [ 0.43173416  0.88965452 -0.99224399  2.85914801 -0.49871471 -0.26371461]\n [-2.19402113 -1.7786318   0.22178259 -0.49871471 12.40855734  8.56525617]\n [ 0.71458064 -0.55020239  0.93637842 -0.26371461  8.56525617 11.16235055]]", "nfev": "231", "njev": "33", "status": "0", "success": "True", "message": "Optimization terminated successfully.", "x": "[5.10850203 3.69631355 0.00545708 2.78354885 1.61439934 3.58544656]", "nit": "28"}, "6": {"maxiter": 100, "gtol": 1e-10, "xrtol": 1e-10, "eps": 1e-05, "duration": 0.07450008392333984, "fun": "0.16676850941957744", "jac": "[-4.74009720e-07  1.77491355e-07 -9.60842517e-07  1.36654021e-06\n -1.53411728e-06  1.93285388e-06]", "hess_inv": "[[ 8.82315333 -1.15217862 -0.8509567   0.75973889  2.85091014  5.02509389]\n [-1.15217862  5.60550412 -1.74082876  0.94577158 -4.94775751 -3.66933514]\n [-0.8509567  -1.74082876  3.72782821 -0.96233866 -0.32352399  0.45410017]\n [ 0.75973889  0.94577158 -0.96233866  3.07456538  0.91124218  0.75597363]\n [ 2.85091014 -4.94775751 -0.32352399  0.91124218 57.9807624  49.12679585]\n [ 5.02509389 -3.66933514  0.45410017  0.75597363 49.12679585 46.95245193]]", "nfev": "425", "njev": "59", "status": "2", "success": "False", "message": "Desired error not necessarily achieved due to precision loss.", "x": "[5.10850377 3.69631798 0.00545293 2.78354423 1.61428821 3.58534927]", "nit": "26"}, "7": {"maxiter": 100, "gtol": 1e-10, "xrtol": 1e-10, "eps": 1e-10, "duration": 0.052207231521606445, "fun": "0.1667685092910206", "jac": "[ 0.00000000e+00  1.11022293e-06 -2.22044606e-06  2.22044587e-06\n -2.22044587e-06 -2.22044587e-06]", "hess_inv": "[[ 255.53572217 -216.9317052   338.0598813   -30.4377966   -55.88895612\n    41.26105205]\n [-216.9317052   187.47730925 -288.97542658   26.49393742   44.67551259\n   -37.30975488]\n [ 338.0598813  -288.97542658  452.43327991  -42.12336452  -72.99932672\n    58.53392238]\n [ -30.4377966    26.49393742  -42.12336452    6.22327992    5.35597219\n    -6.32705825]\n [ -55.88895612   44.67551259  -72.99932672    5.35597219   17.151941\n    -7.42727221]\n [  41.26105205  -37.30975488   58.53392238   -6.32705825   -7.42727221\n    10.11962857]]", "nfev": "301", "njev": "43", "status": "0", "success": "True", "message": "Optimization terminated successfully.", "x": "[5.10851008 3.69630867 0.00546339 2.78354695 1.61438756 3.58543802]", "nit": "31"}, "8": {"maxiter": 500, "gtol": 1e-05, "xrtol": 1e-05, "eps": 1e-05, "duration": 0.03659796714782715, "fun": "0.16676850941957744", "jac": "[-4.74009720e-07  1.77491355e-07 -9.60842517e-07  1.36654021e-06\n -1.53411728e-06  1.93285388e-06]", "hess_inv": "[[ 8.78211848 -1.24454055 -0.79641019  0.68067957  2.95453725  5.1642009 ]\n [-1.24454055  5.4043815  -1.6196192   0.76994801 -4.77837468 -3.47172987]\n [-0.79641019 -1.6196192   3.65568278 -0.85773846 -0.44650701  0.2958935 ]\n [ 0.68067957  0.76994801 -0.85773846  2.92291362  1.0908454   0.98772335]\n [ 2.95453725 -4.77837468 -0.44650701  1.0908454  58.32175368 49.86548978]\n [ 5.1642009  -3.47172987  0.2958935   0.98772335 49.86548978 48.45217956]]", "nfev": "210", "njev": "30", "status": "0", "success": "True", "message": "Optimization terminated successfully.", "x": "[5.10850377 3.69631798 0.00545293 2.78354423 1.61428821 3.58534927]", "nit": "26"}, "9": {"maxiter": 500, "gtol": 1e-05, "xrtol": 1e-05, "eps": 1e-10, "duration": 0.036448001861572266, "fun": "0.16676850938030974", "jac": "[-3.33066880e-06 -3.33066880e-06 -5.55111515e-06  0.00000000e+00\n -5.55111466e-06  1.11022293e-06]", "hess_inv": "[[ 8.77602237 -1.25015758 -0.79537648  0.67712291  2.78012677  4.99458764]\n [-1.25015758  5.44528738 -1.6068014   0.81667927 -4.63821547 -3.22491436]\n [-0.79537648 -1.6068014   3.64717664 -0.88036835 -0.55692759  0.15208086]\n [ 0.67712291  0.81667927 -0.88036835  2.9111266   1.09625822  1.06304093]\n [ 2.78012677 -4.63821547 -0.55692759  1.09625822 57.79526269 49.15389345]\n [ 4.99458764 -3.22491436  0.15208086  1.06304093 49.15389345 47.70263862]]", "nfev": "210", "njev": "30", "status": "0", "success": "True", "message": "Optimization terminated successfully.", "x": "[5.10849572 3.69632125 0.0054483  2.78355202 1.61432885 3.58538126]", "nit": "26"}, "10": {"maxiter": 500, "gtol": 1e-05, "xrtol": 1e-10, "eps": 1e-05, "duration": 0.03694009780883789, "fun": "0.16676850941957744", "jac": "[-4.74009720e-07  1.77491355e-07 -9.60842517e-07  1.36654021e-06\n -1.53411728e-06  1.93285388e-06]", "hess_inv": "[[ 8.78211848 -1.24454055 -0.79641019  0.68067957  2.95453725  5.1642009 ]\n [-1.24454055  5.4043815  -1.6196192   0.76994801 -4.77837468 -3.47172987]\n [-0.79641019 -1.6196192   3.65568278 -0.85773846 -0.44650701  0.2958935 ]\n [ 0.68067957  0.76994801 -0.85773846  2.92291362  1.0908454   0.98772335]\n [ 2.95453725 -4.77837468 -0.44650701  1.0908454  58.32175368 49.86548978]\n [ 5.1642009  -3.47172987  0.2958935   0.98772335 49.86548978 48.45217956]]", "nfev": "210", "njev": "30", "status": "0", "success": "True", "message": "Optimization terminated successfully.", "x": "[5.10850377 3.69631798 0.00545293 2.78354423 1.61428821 3.58534927]", "nit": "26"}, "11": {"maxiter": 500, "gtol": 1e-05, "xrtol": 1e-10, "eps": 1e-10, "duration": 0.03673720359802246, "fun": "0.16676850938030974", "jac": "[-3.33066880e-06 -3.33066880e-06 -5.55111515e-06  0.00000000e+00\n -5.55111466e-06  1.11022293e-06]", "hess_inv": "[[ 8.77602237 -1.25015758 -0.79537648  0.67712291  2.78012677  4.99458764]\n [-1.25015758  5.44528738 -1.6068014   0.81667927 -4.63821547 -3.22491436]\n [-0.79537648 -1.6068014   3.64717664 -0.88036835 -0.55692759  0.15208086]\n [ 0.67712291  0.81667927 -0.88036835  2.9111266   1.09625822  1.06304093]\n [ 2.78012677 -4.63821547 -0.55692759  1.09625822 57.79526269 49.15389345]\n [ 4.99458764 -3.22491436  0.15208086  1.06304093 49.15389345 47.70263862]]", "nfev": "210", "njev": "30", "status": "0", "success": "True", "message": "Optimization terminated successfully.", "x": "[5.10849572 3.69632125 0.0054483  2.78355202 1.61432885 3.58538126]", "nit": "26"}, "12": {"maxiter": 500, "gtol": 1e-10, "xrtol": 1e-05, "eps": 1e-05, "duration": 0.07316112518310547, "fun": "0.16676850941957744", "jac": "[-4.74009720e-07  1.77491355e-07 -9.60842517e-07  1.36654021e-06\n -1.53411728e-06  1.93285388e-06]", "hess_inv": "[[ 8.82315333 -1.15217862 -0.8509567   0.75973889  2.85091014  5.02509389]\n [-1.15217862  5.60550412 -1.74082876  0.94577158 -4.94775751 -3.66933514]\n [-0.8509567  -1.74082876  3.72782821 -0.96233866 -0.32352399  0.45410017]\n [ 0.75973889  0.94577158 -0.96233866  3.07456538  0.91124218  0.75597363]\n [ 2.85091014 -4.94775751 -0.32352399  0.91124218 57.9807624  49.12679585]\n [ 5.02509389 -3.66933514  0.45410017  0.75597363 49.12679585 46.95245193]]", "nfev": "425", "njev": "59", "status": "2", "success": "False", "message": "Desired error not necessarily achieved due to precision loss.", "x": "[5.10850377 3.69631798 0.00545293 2.78354423 1.61428821 3.58534927]", "nit": "26"}, "13": {"maxiter": 500, "gtol": 1e-10, "xrtol": 1e-05, "eps": 1e-10, "duration": 0.040051937103271484, "fun": "0.1667685093008192", "jac": "[-2.22044587e-06  2.22044587e-06  0.00000000e+00  2.22044587e-06\n  2.22044587e-06  0.00000000e+00]", "hess_inv": "[[ 8.11412371 -1.01893487 -0.76770219  0.43173416 -2.19402113  0.71458064]\n [-1.01893487  5.21779514 -1.74593632  0.88965452 -1.7786318  -0.55020239]\n [-0.76770219 -1.74593632  3.83838512 -0.99224399  0.22178259  0.93637842]\n [ 0.43173416  0.88965452 -0.99224399  2.85914801 -0.49871471 -0.26371461]\n [-2.19402113 -1.7786318   0.22178259 -0.49871471 12.40855734  8.56525617]\n [ 0.71458064 -0.55020239  0.93637842 -0.26371461  8.56525617 11.16235055]]", "nfev": "231", "njev": "33", "status": "0", "success": "True", "message": "Optimization terminated successfully.", "x": "[5.10850203 3.69631355 0.00545708 2.78354885 1.61439934 3.58544656]", "nit": "28"}, "14": {"maxiter": 500, "gtol": 1e-10, "xrtol": 1e-10, "eps": 1e-05, "duration": 0.07388901710510254, "fun": "0.16676850941957744", "jac": "[-4.74009720e-07  1.77491355e-07 -9.60842517e-07  1.36654021e-06\n -1.53411728e-06  1.93285388e-06]", "hess_inv": "[[ 8.82315333 -1.15217862 -0.8509567   0.75973889  2.85091014  5.02509389]\n [-1.15217862  5.60550412 -1.74082876  0.94577158 -4.94775751 -3.66933514]\n [-0.8509567  -1.74082876  3.72782821 -0.96233866 -0.32352399  0.45410017]\n [ 0.75973889  0.94577158 -0.96233866  3.07456538  0.91124218  0.75597363]\n [ 2.85091014 -4.94775751 -0.32352399  0.91124218 57.9807624  49.12679585]\n [ 5.02509389 -3.66933514  0.45410017  0.75597363 49.12679585 46.95245193]]", "nfev": "425", "njev": "59", "status": "2", "success": "False", "message": "Desired error not necessarily achieved due to precision loss.", "x": "[5.10850377 3.69631798 0.00545293 2.78354423 1.61428821 3.58534927]", "nit": "26"}, "15": {"maxiter": 500, "gtol": 1e-10, "xrtol": 1e-10, "eps": 1e-10, "duration": 0.053164005279541016, "fun": "0.1667685092910206", "jac": "[ 0.00000000e+00  1.11022293e-06 -2.22044606e-06  2.22044587e-06\n -2.22044587e-06 -2.22044587e-06]", "hess_inv": "[[ 255.53572217 -216.9317052   338.0598813   -30.4377966   -55.88895612\n    41.26105205]\n [-216.9317052   187.47730925 -288.97542658   26.49393742   44.67551259\n   -37.30975488]\n [ 338.0598813  -288.97542658  452.43327991  -42.12336452  -72.99932672\n    58.53392238]\n [ -30.4377966    26.49393742  -42.12336452    6.22327992    5.35597219\n    -6.32705825]\n [ -55.88895612   44.67551259  -72.99932672    5.35597219   17.151941\n    -7.42727221]\n [  41.26105205  -37.30975488   58.53392238   -6.32705825   -7.42727221\n    10.11962857]]", "nfev": "301", "njev": "43", "status": "0", "success": "True", "message": "Optimization terminated successfully.", "x": "[5.10851008 3.69630867 0.00546339 2.78354695 1.61438756 3.58543802]", "nit": "31"}, "16": {"maxiter": 1000, "gtol": 1e-05, "xrtol": 1e-05, "eps": 1e-05, "duration": 0.036863088607788086, "fun": "0.16676850941957744", "jac": "[-4.74009720e-07  1.77491355e-07 -9.60842517e-07  1.36654021e-06\n -1.53411728e-06  1.93285388e-06]", "hess_inv": "[[ 8.78211848 -1.24454055 -0.79641019  0.68067957  2.95453725  5.1642009 ]\n [-1.24454055  5.4043815  -1.6196192   0.76994801 -4.77837468 -3.47172987]\n [-0.79641019 -1.6196192   3.65568278 -0.85773846 -0.44650701  0.2958935 ]\n [ 0.68067957  0.76994801 -0.85773846  2.92291362  1.0908454   0.98772335]\n [ 2.95453725 -4.77837468 -0.44650701  1.0908454  58.32175368 49.86548978]\n [ 5.1642009  -3.47172987  0.2958935   0.98772335 49.86548978 48.45217956]]", "nfev": "210", "njev": "30", "status": "0", "success": "True", "message": "Optimization terminated successfully.", "x": "[5.10850377 3.69631798 0.00545293 2.78354423 1.61428821 3.58534927]", "nit": "26"}, "17": {"maxiter": 1000, "gtol": 1e-05, "xrtol": 1e-05, "eps": 1e-10, "duration": 0.03656911849975586, "fun": "0.16676850938030974", "jac": "[-3.33066880e-06 -3.33066880e-06 -5.55111515e-06  0.00000000e+00\n -5.55111466e-06  1.11022293e-06]", "hess_inv": "[[ 8.77602237 -1.25015758 -0.79537648  0.67712291  2.78012677  4.99458764]\n [-1.25015758  5.44528738 -1.6068014   0.81667927 -4.63821547 -3.22491436]\n [-0.79537648 -1.6068014   3.64717664 -0.88036835 -0.55692759  0.15208086]\n [ 0.67712291  0.81667927 -0.88036835  2.9111266   1.09625822  1.06304093]\n [ 2.78012677 -4.63821547 -0.55692759  1.09625822 57.79526269 49.15389345]\n [ 4.99458764 -3.22491436  0.15208086  1.06304093 49.15389345 47.70263862]]", "nfev": "210", "njev": "30", "status": "0", "success": "True", "message": "Optimization terminated successfully.", "x": "[5.10849572 3.69632125 0.0054483  2.78355202 1.61432885 3.58538126]", "nit": "26"}, "18": {"maxiter": 1000, "gtol": 1e-05, "xrtol": 1e-10, "eps": 1e-05, "duration": 0.03656506538391113, "fun": "0.16676850941957744", "jac": "[-4.74009720e-07  1.77491355e-07 -9.60842517e-07  1.36654021e-06\n -1.53411728e-06  1.93285388e-06]", "hess_inv": "[[ 8.78211848 -1.24454055 -0.79641019  0.68067957  2.95453725  5.1642009 ]\n [-1.24454055  5.4043815  -1.6196192   0.76994801 -4.77837468 -3.47172987]\n [-0.79641019 -1.6196192   3.65568278 -0.85773846 -0.44650701  0.2958935 ]\n [ 0.68067957  0.76994801 -0.85773846  2.92291362  1.0908454   0.98772335]\n [ 2.95453725 -4.77837468 -0.44650701  1.0908454  58.32175368 49.86548978]\n [ 5.1642009  -3.47172987  0.2958935   0.98772335 49.86548978 48.45217956]]", "nfev": "210", "njev": "30", "status": "0", "success": "True", "message": "Optimization terminated successfully.", "x": "[5.10850377 3.69631798 0.00545293 2.78354423 1.61428821 3.58534927]", "nit": "26"}, "19": {"maxiter": 1000, "gtol": 1e-05, "xrtol": 1e-10, "eps": 1e-10, "duration": 0.036286115646362305, "fun": "0.16676850938030974", "jac": "[-3.33066880e-06 -3.33066880e-06 -5.55111515e-06  0.00000000e+00\n -5.55111466e-06  1.11022293e-06]", "hess_inv": "[[ 8.77602237 -1.25015758 -0.79537648  0.67712291  2.78012677  4.99458764]\n [-1.25015758  5.44528738 -1.6068014   0.81667927 -4.63821547 -3.22491436]\n [-0.79537648 -1.6068014   3.64717664 -0.88036835 -0.55692759  0.15208086]\n [ 0.67712291  0.81667927 -0.88036835  2.9111266   1.09625822  1.06304093]\n [ 2.78012677 -4.63821547 -0.55692759  1.09625822 57.79526269 49.15389345]\n [ 4.99458764 -3.22491436  0.15208086  1.06304093 49.15389345 47.70263862]]", "nfev": "210", "njev": "30", "status": "0", "success": "True", "message": "Optimization terminated successfully.", "x": "[5.10849572 3.69632125 0.0054483  2.78355202 1.61432885 3.58538126]", "nit": "26"}, "20": {"maxiter": 1000, "gtol": 1e-10, "xrtol": 1e-05, "eps": 1e-05, "duration": 0.07306623458862305, "fun": "0.16676850941957744", "jac": "[-4.74009720e-07  1.77491355e-07 -9.60842517e-07  1.36654021e-06\n -1.53411728e-06  1.93285388e-06]", "hess_inv": "[[ 8.82315333 -1.15217862 -0.8509567   0.75973889  2.85091014  5.02509389]\n [-1.15217862  5.60550412 -1.74082876  0.94577158 -4.94775751 -3.66933514]\n [-0.8509567  -1.74082876  3.72782821 -0.96233866 -0.32352399  0.45410017]\n [ 0.75973889  0.94577158 -0.96233866  3.07456538  0.91124218  0.75597363]\n [ 2.85091014 -4.94775751 -0.32352399  0.91124218 57.9807624  49.12679585]\n [ 5.02509389 -3.66933514  0.45410017  0.75597363 49.12679585 46.95245193]]", "nfev": "425", "njev": "59", "status": "2", "success": "False", "message": "Desired error not necessarily achieved due to precision loss.", "x": "[5.10850377 3.69631798 0.00545293 2.78354423 1.61428821 3.58534927]", "nit": "26"}, "21": {"maxiter": 1000, "gtol": 1e-10, "xrtol": 1e-05, "eps": 1e-10, "duration": 0.04100298881530762, "fun": "0.1667685093008192", "jac": "[-2.22044587e-06  2.22044587e-06  0.00000000e+00  2.22044587e-06\n  2.22044587e-06  0.00000000e+00]", "hess_inv": "[[ 8.11412371 -1.01893487 -0.76770219  0.43173416 -2.19402113  0.71458064]\n [-1.01893487  5.21779514 -1.74593632  0.88965452 -1.7786318  -0.55020239]\n [-0.76770219 -1.74593632  3.83838512 -0.99224399  0.22178259  0.93637842]\n [ 0.43173416  0.88965452 -0.99224399  2.85914801 -0.49871471 -0.26371461]\n [-2.19402113 -1.7786318   0.22178259 -0.49871471 12.40855734  8.56525617]\n [ 0.71458064 -0.55020239  0.93637842 -0.26371461  8.56525617 11.16235055]]", "nfev": "231", "njev": "33", "status": "0", "success": "True", "message": "Optimization terminated successfully.", "x": "[5.10850203 3.69631355 0.00545708 2.78354885 1.61439934 3.58544656]", "nit": "28"}, "22": {"maxiter": 1000, "gtol": 1e-10, "xrtol": 1e-10, "eps": 1e-05, "duration": 0.07279515266418457, "fun": "0.16676850941957744", "jac": "[-4.74009720e-07  1.77491355e-07 -9.60842517e-07  1.36654021e-06\n -1.53411728e-06  1.93285388e-06]", "hess_inv": "[[ 8.82315333 -1.15217862 -0.8509567   0.75973889  2.85091014  5.02509389]\n [-1.15217862  5.60550412 -1.74082876  0.94577158 -4.94775751 -3.66933514]\n [-0.8509567  -1.74082876  3.72782821 -0.96233866 -0.32352399  0.45410017]\n [ 0.75973889  0.94577158 -0.96233866  3.07456538  0.91124218  0.75597363]\n [ 2.85091014 -4.94775751 -0.32352399  0.91124218 57.9807624  49.12679585]\n [ 5.02509389 -3.66933514  0.45410017  0.75597363 49.12679585 46.95245193]]", "nfev": "425", "njev": "59", "status": "2", "success": "False", "message": "Desired error not necessarily achieved due to precision loss.", "x": "[5.10850377 3.69631798 0.00545293 2.78354423 1.61428821 3.58534927]", "nit": "26"}, "23": {"maxiter": 1000, "gtol": 1e-10, "xrtol": 1e-10, "eps": 1e-10, "duration": 0.052535057067871094, "fun": "0.1667685092910206", "jac": "[ 0.00000000e+00  1.11022293e-06 -2.22044606e-06  2.22044587e-06\n -2.22044587e-06 -2.22044587e-06]", "hess_inv": "[[ 255.53572217 -216.9317052   338.0598813   -30.4377966   -55.88895612\n    41.26105205]\n [-216.9317052   187.47730925 -288.97542658   26.49393742   44.67551259\n   -37.30975488]\n [ 338.0598813  -288.97542658  452.43327991  -42.12336452  -72.99932672\n    58.53392238]\n [ -30.4377966    26.49393742  -42.12336452    6.22327992    5.35597219\n    -6.32705825]\n [ -55.88895612   44.67551259  -72.99932672    5.35597219   17.151941\n    -7.42727221]\n [  41.26105205  -37.30975488   58.53392238   -6.32705825   -7.42727221\n    10.11962857]]", "nfev": "301", "njev": "43", "status": "0", "success": "True", "message": "Optimization terminated successfully.", "x": "[5.10851008 3.69630867 0.00546339 2.78354695 1.61438756 3.58543802]", "nit": "31"}}, "cobyla": {"0": {"maxiter": 100, "tol": 1e-05, "catol": 1e-05, "duration": 0.016620874404907227, "x": "[5.681859   3.24489192 0.29161459 2.93982375 2.94541635 5.05829549]", "status": "2", "success": "False", "message": "Maximum number of function evaluations has been exceeded.", "nfev": "100", "fun": "0.206206740778485", "maxcv": "0.0"}, "1": {"maxiter": 100, "tol": 1e-05, "catol": 1e-10, "duration": 0.016695022583007812, "x": "[5.681859   3.24489192 0.29161459 2.93982375 2.94541635 5.05829549]", "status": "2", "success": "False", "message": "Maximum number of function evaluations has been exceeded.", "nfev": "100", "fun": "0.206206740778485", "maxcv": "0.0"}, "2": {"maxiter": 100, "tol": 1e-10, "catol": 1e-05, "duration": 0.016535043716430664, "x": "[5.681859   3.24489192 0.29161459 2.93982375 2.94541635 5.05829549]", "status": "2", "success": "False", "message": "Maximum number of function evaluations has been exceeded.", "nfev": "100", "fun": "0.206206740778485", "maxcv": "0.0"}, "3": {"maxiter": 100, "tol": 1e-10, "catol": 1e-10, "duration": 0.016657114028930664, "x": "[5.681859   3.24489192 0.29161459 2.93982375 2.94541635 5.05829549]", "status": "2", "success": "False", "message": "Maximum number of function evaluations has been exceeded.", "nfev": "100", "fun": "0.206206740778485", "maxcv": "0.0"}, "4": {"maxiter": 500, "tol": 1e-05, "catol": 1e-05, "duration": 0.08429479598999023, "x": "[5.11297573 3.69026148 0.00747342 2.78391552 1.67168328 3.63677956]", "status": "2", "success": "False", "message": "Maximum number of function evaluations has been exceeded.", "nfev": "500", "fun": "0.16679864082518947", "maxcv": "0.0"}, "5": {"maxiter": 500, "tol": 1e-05, "catol": 1e-10, "duration": 0.08352279663085938, "x": "[5.11297573 3.69026148 0.00747342 2.78391552 1.67168328 3.63677956]", "status": "2", "success": "False", "message": "Maximum number of function evaluations has been exceeded.", "nfev": "500", "fun": "0.16679864082518947", "maxcv": "0.0"}, "6": {"maxiter": 500, "tol": 1e-10, "catol": 1e-05, "duration": 0.08283305168151855, "x": "[5.11297573 3.69026148 0.00747342 2.78391552 1.67168328 3.63677956]", "status": "2", "success": "False", "message": "Maximum number of function evaluations has been exceeded.", "nfev": "500", "fun": "0.16679864082518947", "maxcv": "0.0"}, "7": {"maxiter": 500, "tol": 1e-10, "catol": 1e-10, "duration": 0.08368802070617676, "x": "[5.11297573 3.69026148 0.00747342 2.78391552 1.67168328 3.63677956]", "status": "2", "success": "False", "message": "Maximum number of function evaluations has been exceeded.", "nfev": "500", "fun": "0.16679864082518947", "maxcv": "0.0"}, "8": {"maxiter": 1000, "tol": 1e-05, "catol": 1e-05, "duration": 0.1694810390472412, "x": "[5.10860223 3.69617745 0.00545666 2.78355706 1.61578959 3.58669486]", "status": "2", "success": "False", "message": "Maximum number of function evaluations has been exceeded.", "nfev": "1000", "fun": "0.1667685268745328", "maxcv": "0.0"}, "9": {"maxiter": 1000, "tol": 1e-05, "catol": 1e-10, "duration": 0.16941404342651367, "x": "[5.10860223 3.69617745 0.00545666 2.78355706 1.61578959 3.58669486]", "status": "2", "success": "False", "message": "Maximum number of function evaluations has been exceeded.", "nfev": "1000", "fun": "0.1667685268745328", "maxcv": "0.0"}, "10": {"maxiter": 1000, "tol": 1e-10, "catol": 1e-05, "duration": 0.16797685623168945, "x": "[5.10860223 3.69617745 0.00545666 2.78355706 1.61578959 3.58669486]", "status": "2", "success": "False", "message": "Maximum number of function evaluations has been exceeded.", "nfev": "1000", "fun": "0.1667685268745328", "maxcv": "0.0"}, "11": {"maxiter": 1000, "tol": 1e-10, "catol": 1e-10, "duration": 0.16600704193115234, "x": "[5.10860223 3.69617745 0.00545666 2.78355706 1.61578959 3.58669486]", "status": "2", "success": "False", "message": "Maximum number of function evaluations has been exceeded.", "nfev": "1000", "fun": "0.1667685268745328", "maxcv": "0.0"}}, "dual_annealing_0": {"type": "gradient-free", "0": {"maxiter": 100, "duration": 0.2398512363433838, "success": "True", "status": "0", "x": "[5.10850616 3.69629426 0.00546264 3.49962002 4.75610228 0.44393832]", "fun": "0.16676850945610922", "nit": "100", "nfev": "1341", "njev": "20", "nhev": "0", "message": "['Maximum number of iteration reached']"}, "1": {"maxiter": 500, "duration": 1.1335389614105225, "success": "True", "status": "0", "x": "[5.07706725 3.74519319 6.26739575 3.50402904 4.29687134 6.28318531]", "fun": "0.16908313483557758", "nit": "500", "nfev": "6379", "njev": "54", "nhev": "0", "message": "['Maximum number of iteration reached']"}, "2": {"maxiter": 1000, "duration": 2.1763288974761963, "success": "True", "status": "0", "x": "[5.1090104  3.69864002 6.28318531 2.78484462 1.6144579  3.58389361]", "fun": "0.16677263373860673", "nit": "1000", "nfev": "12162", "njev": "23", "nhev": "0", "message": "['Maximum number of iteration reached']"}, "bounds": [[0.0, 6.283185307179586], [0.0, 6.283185307179586], [0.0, 6.283185307179586], [0.0, 6.283185307179586], [0.0, 6.283185307179586], [0.0, 6.283185307179586]]}, "dual_annealing_1": {"type": "gradient-free", "0": {"maxiter": 100, "duration": 0.289600133895874, "success": "True", "status": "0", "x": "[1.17462868 6.83789774 3.14705679 3.49964208 4.75596481 0.44385606]", "fun": "0.16676850942907884", "nit": "100", "nfev": "1621", "njev": "60", "nhev": "0", "message": "['Maximum number of iteration reached']"}, "1": {"maxiter": 500, "duration": 1.1172740459442139, "success": "True", "status": "0", "x": "[1.1746671  6.83791032 3.14704076 2.78355299 7.89751092 3.58540927]", "fun": "0.1667685094680258", "nit": "500", "nfev": "6253", "njev": "36", "nhev": "0", "message": "['Maximum number of iteration reached']"}, "2": {"maxiter": 1000, "duration": 2.155665874481201, "success": "True", "status": "0", "x": "[1.17466662 0.55470941 3.14708721 9.06673049 7.89756606 3.58546059]", "fun": "0.16676850950362143", "nit": "1000", "nfev": "12190", "njev": "27", "nhev": "0", "message": "['Maximum number of iteration reached']"}, "bounds": [[0.0, 9.42477796076938], [0.0, 9.42477796076938], [0.0, 9.42477796076938], [0.0, 9.42477796076938], [0.0, 9.42477796076938], [0.0, 9.42477796076938]]}, "dual_annealing_2": {"type": "gradient-free", "0": {"maxiter": 100, "duration": 0.24698328971862793, "success": "True", "status": "0", "x": "[11.39222265  9.98178896 12.56637061  9.78150853 11.03919268  6.72546375]", "fun": "0.16677263408457865", "nit": "100", "nfev": "1397", "njev": "28", "nhev": "0", "message": "['Maximum number of iteration reached']"}, "1": {"maxiter": 500, "duration": 1.0920929908752441, "success": "True", "status": "0", "x": "[1.17466981 6.83790553 3.14704513 9.78281665 4.75595133 0.44380999]", "fun": "0.1667685093241812", "nit": "500", "nfev": "6155", "njev": "22", "nhev": "0", "message": "['Maximum number of iteration reached']"}, "2": {"maxiter": 1000, "duration": 2.144416093826294, "success": "True", "status": "0", "x": "[ 5.10899463  3.69863152 12.56637061  2.78484517  1.61446339  9.86709698]", "fun": "0.16677263381008256", "nit": "1000", "nfev": "12120", "njev": "17", "nhev": "0", "message": "['Maximum number of iteration reached']"}, "bounds": [[0.0, 12.566370614359172], [0.0, 12.566370614359172], [0.0, 12.566370614359172], [0.0, 12.566370614359172], [0.0, 12.566370614359172], [0.0, 12.566370614359172]]}, "dual_annealing_3": {"type": "gradient-free", "0": {"maxiter": 100, "duration": 0.2408609390258789, "success": "True", "status": "0", "x": "[ 1.17467121  0.55471438  3.1470551  -3.49963915  1.61441124 -2.69772903]", "fun": "0.16676850928672204", "nit": "100", "nfev": "1341", "njev": "20", "nhev": "0", "message": "['Maximum number of iteration reached']"}, "1": {"maxiter": 500, "duration": 1.1021580696105957, "success": "True", "status": "0", "x": "[ 1.17462376  0.55472025  3.14705538 -3.49961647 -4.66874698  3.58552187]", "fun": "0.16676850958252454", "nit": "500", "nfev": "6211", "njev": "30", "nhev": "0", "message": "['Maximum number of iteration reached']"}, "2": {"maxiter": 1000, "duration": 2.183812141418457, "success": "True", "status": "0", "x": "[ 5.10852114  3.69630863 -6.27772433  3.49963937  4.75599222  0.44385539]", "fun": "0.16676850928917164", "nit": "1000", "nfev": "12120", "njev": "17", "nhev": "0", "message": "['Maximum number of iteration reached']"}, "bounds": [[-6.283185307179586, 6.283185307179586], [-6.283185307179586, 6.283185307179586], [-6.283185307179586, 6.283185307179586], [-6.283185307179586, 6.283185307179586], [-6.283185307179586, 6.283185307179586], [-6.283185307179586, 6.283185307179586]]}, "dual_annealing_4": {"type": "gradient-free", "0": {"maxiter": 100, "duration": 0.26245975494384766, "success": "True", "status": "0", "x": "[-7.45786251 -8.87005812 -6.27771868  2.7835442   7.89760045  3.58545532]", "fun": "0.16676850930932263", "nit": "100", "nfev": "1467", "njev": "38", "nhev": "0", "message": "['Maximum number of iteration reached']"}, "1": {"maxiter": 500, "duration": 1.0919101238250732, "success": "True", "status": "0", "x": "[ 5.10850036 -2.58687393 -6.27772302  9.0667322  -4.66876413 -2.69772516]", "fun": "0.1667685093046204", "nit": "500", "nfev": "6183", "njev": "26", "nhev": "0", "message": "['Maximum number of iteration reached']"}, "2": {"maxiter": 1000, "duration": 2.1579432487487793, "success": "True", "status": "0", "x": "[-5.10851536  6.83790584  3.14704948 -9.06673513 -1.52718583  0.44385604]", "fun": "0.1667685092909944", "nit": "1000", "nfev": "12211", "njev": "30", "nhev": "0", "message": "['Maximum number of iteration reached']"}, "bounds": [[-9.42477796076938, 9.42477796076938], [-9.42477796076938, 9.42477796076938], [-9.42477796076938, 9.42477796076938], [-9.42477796076938, 9.42477796076938], [-9.42477796076938, 9.42477796076938], [-9.42477796076938, 9.42477796076938]]}, "dual_annealing_5": {"type": "gradient-free", "0": {"maxiter": 100, "duration": 0.23441290855407715, "success": "True", "status": "0", "x": "[ 7.45788456  6.83791181 -9.41932808 -2.78355112 11.03914063  6.72700162]", "fun": "0.16676850937277654", "nit": "100", "nfev": "1327", "njev": "18", "nhev": "0", "message": "['Maximum number of iteration reached']"}, "1": {"maxiter": 500, "duration": 1.072218894958496, "success": "True", "status": "0", "x": "[ 7.4578528  -5.72846827 -9.41931674  2.78355036 -4.66880704  3.58542621]", "fun": "0.1667685092963388", "nit": "500", "nfev": "6113", "njev": "16", "nhev": "0", "message": "['Maximum number of iteration reached']"}, "2": {"maxiter": 1000, "duration": 2.154179811477661, "success": "True", "status": "0", "x": "[-1.17467201e+00  3.69631211e+00  5.45906978e-03 -3.49963615e+00\n  1.61439428e+00 -8.98092776e+00]", "fun": "0.16676850928752518", "nit": "1000", "nfev": "12183", "njev": "26", "nhev": "0", "message": "['Maximum number of iteration reached']"}, "bounds": [[-12.566370614359172, 12.566370614359172], [-12.566370614359172, 12.566370614359172], [-12.566370614359172, 12.566370614359172], [-12.566370614359172, 12.566370614359172], [-12.566370614359172, 12.566370614359172], [-12.566370614359172, 12.566370614359172]]}}, "duration (s)": 117.4}