{"date": "2024/07/22/, 22:38:52", "conf_id": 34, "data_type": "random\n", "num_data_points": 2, "s_rank": 0, "unitary": "[[-0.24866696+0.58742286j,-0.44704345-0.43151574j,-0.35669027-0.20570733j,-0.10517633+0.1626036j],[0.10596805-0.19687975j,-0.30269685-0.15056416j,0.18246286+0.30440582j,-0.83484447-0.11310748j],[0.26054512-0.52548482j,0.0285017-0.50723956j,-0.43110112+0.17165838j,0.15243271+0.39915801j],[0.42978035+0.11991271j,-0.17224126-0.46030424j,0.6827807-0.15164662j,0.26483638+0.0061855j]]", "databatch_0": {"databatch": "[[[-0.3006783+0.0100648j,-0.14258846-0.04831293j,0.09000052-0.07288083j,0.0548831-0.02924913j],[0.10642427+0.13041877j,-0.10227854+0.00333099j,-0.3755445+0.15061432j,0.04904032+0.25442924j],[0.15856046-0.13511146j,-0.16529308-0.17075873j,-0.10209923+0.28606844j,0.18309705+0.05906337j],[-0.0141271-0.22273119j,-0.04215047+0.35397389j,-0.15850776+0.28636543j,-0.03610745+0.29225966j]],[[0.03192559-0.04227203j,0.01166981+0.20258413j,0.45541719+0.14428819j,-0.20424085+0.31883891j],[-0.00462372-0.19089632j,-0.05446345-0.17032211j,0.09013668+0.2451525j,0.06826633+0.03191535j],[-0.04864283+0.31339662j,-0.11381755+0.27517297j,-0.09656043-0.2270704j,-0.2716689-0.14993124j],[0.03221697+0.05008658j,0.08977258+0.11396976j,0.09818931-0.17975062j,-0.00788169+0.17042341j]]]", "initial param values": "[2.33594437,5.18203389,5.16243649,4.97574522,5.67473368,5.24699763]", "bfgs": {"type": "gradient", "0": {"maxiter": 100, "gtol": 1e-05, "xrtol": 1e-05, "eps": 1e-05, "duration": 0.028835058212280273, "fun": "0.5766976572639587", "jac": "[ 4.04998257e-06 -9.75974857e-06 -1.37909795e-05  6.83542112e-07\n -5.37236922e-06 -2.70886646e-06]", "hess_inv": "[[ 6.5857683   0.91970389 -1.38699134 -3.24174914  5.06179327  0.80646642]\n [ 0.91970389  3.93018363 -2.02759388 -1.50809805  2.36328154 -1.50958519]\n [-1.38699134 -2.02759388  5.83964209  3.1195615  -7.28458261  0.03735857]\n [-3.24174914 -1.50809805  3.1195615   7.31562351 -6.01191051  0.30273721]\n [ 5.06179327  2.36328154 -7.28458261 -6.01191051 16.74174889  1.81586184]\n [ 0.80646642 -1.50958519  0.03735857  0.30273721  1.81586184  6.93350181]]", "nfev": "168", "njev": "24", "status": "0", "success": "True", "message": "Optimization terminated successfully.", "x": "[2.0551449  6.10046234 4.46228861 4.12057685 6.15087532 2.74508359]", "nit": "20"}, "1": {"maxiter": 100, "gtol": 1e-05, "xrtol": 1e-05, "eps": 1e-10, "duration": 0.029986143112182617, "fun": "0.5766976560865195", "jac": "[ 4.44089173e-06 -5.55111466e-06 -8.88178346e-06  1.11022293e-06\n  1.11022293e-06 -1.11022293e-06]", "hess_inv": "[[ 6.74941286  1.35941817 -0.9758127  -3.26690768  5.8121498   1.28977652]\n [ 1.35941817  5.09524219 -1.48428268 -2.03350665  4.45199446 -0.59751951]\n [-0.9758127  -1.48428268  4.89159114  2.32467015 -5.16955144  0.54010205]\n [-3.26690768 -2.03350665  2.32467015  6.83773715 -6.64173914 -0.76895246]\n [ 5.8121498   4.45199446 -5.16955144 -6.64173914 19.74398206  3.48902117]\n [ 1.28977652 -0.59751951  0.54010205 -0.76895246  3.48902117  7.04813118]]", "nfev": "175", "njev": "25", "status": "0", "success": "True", "message": "Optimization terminated successfully.", "x": "[2.05517193 6.1005248  4.46232271 4.12055702 6.15098172 2.74513388]", "nit": "21"}, "2": {"maxiter": 100, "gtol": 1e-05, "xrtol": 1e-10, "eps": 1e-05, "duration": 0.02986311912536621, "fun": "0.5766976559208437", "jac": "[ 2.13471463e-06 -4.83950657e-06 -8.44397885e-06 -1.27499122e-06\n -2.70794498e-07  3.12361248e-07]", "hess_inv": "[[ 6.02077803  1.04006837 -0.24125759 -2.52898767  3.74969327  0.74353516]\n [ 1.04006837  5.46732293 -0.77095964 -1.82905235  4.00253571 -0.32067327]\n [-0.24125759 -0.77095964  4.95735052  1.51177199 -3.31806987  1.29379843]\n [-2.52898767 -1.82905235  1.51177199  6.43474111 -4.50377172  0.25492627]\n [ 3.74969327  4.00253571 -3.31806987 -4.50377172 14.87766072  2.69248387]\n [ 0.74353516 -0.32067327  1.29379843  0.25492627  2.69248387  7.81069283]]", "nfev": "175", "njev": "25", "status": "0", "success": "True", "message": "Optimization terminated successfully.", "x": "[2.05515122 6.10052274 4.46233508 4.12056219 6.15094373 2.74513074]", "nit": "21"}, "3": {"maxiter": 100, "gtol": 1e-05, "xrtol": 1e-10, "eps": 1e-10, "duration": 0.0298309326171875, "fun": "0.5766976560865195", "jac": "[ 4.44089173e-06 -5.55111466e-06 -8.88178346e-06  1.11022293e-06\n  1.11022293e-06 -1.11022293e-06]", "hess_inv": "[[ 6.74941286  1.35941817 -0.9758127  -3.26690768  5.8121498   1.28977652]\n [ 1.35941817  5.09524219 -1.48428268 -2.03350665  4.45199446 -0.59751951]\n [-0.9758127  -1.48428268  4.89159114  2.32467015 -5.16955144  0.54010205]\n [-3.26690768 -2.03350665  2.32467015  6.83773715 -6.64173914 -0.76895246]\n [ 5.8121498   4.45199446 -5.16955144 -6.64173914 19.74398206  3.48902117]\n [ 1.28977652 -0.59751951  0.54010205 -0.76895246  3.48902117  7.04813118]]", "nfev": "175", "njev": "25", "status": "0", "success": "True", "message": "Optimization terminated successfully.", "x": "[2.05517193 6.1005248  4.46232271 4.12055702 6.15098172 2.74513388]", "nit": "21"}, "4": {"maxiter": 100, "gtol": 1e-10, "xrtol": 1e-05, "eps": 1e-05, "duration": 0.028638839721679688, "fun": "0.5766976572639587", "jac": "[ 4.04998257e-06 -9.75974857e-06 -1.37909795e-05  6.83542112e-07\n -5.37236922e-06 -2.70886646e-06]", "hess_inv": "[[ 6.5857683   0.91970389 -1.38699134 -3.24174914  5.06179327  0.80646642]\n [ 0.91970389  3.93018363 -2.02759388 -1.50809805  2.36328154 -1.50958519]\n [-1.38699134 -2.02759388  5.83964209  3.1195615  -7.28458261  0.03735857]\n [-3.24174914 -1.50809805  3.1195615   7.31562351 -6.01191051  0.30273721]\n [ 5.06179327  2.36328154 -7.28458261 -6.01191051 16.74174889  1.81586184]\n [ 0.80646642 -1.50958519  0.03735857  0.30273721  1.81586184  6.93350181]]", "nfev": "168", "njev": "24", "status": "0", "success": "True", "message": "Optimization terminated successfully.", "x": "[2.0551449  6.10046234 4.46228861 4.12057685 6.15087532 2.74508359]", "nit": "20"}, "5": {"maxiter": 100, "gtol": 1e-10, "xrtol": 1e-05, "eps": 1e-10, "duration": 0.029860734939575195, "fun": "0.5766976560865195", "jac": "[ 4.44089173e-06 -5.55111466e-06 -8.88178346e-06  1.11022293e-06\n  1.11022293e-06 -1.11022293e-06]", "hess_inv": "[[ 6.74941286  1.35941817 -0.9758127  -3.26690768  5.8121498   1.28977652]\n [ 1.35941817  5.09524219 -1.48428268 -2.03350665  4.45199446 -0.59751951]\n [-0.9758127  -1.48428268  4.89159114  2.32467015 -5.16955144  0.54010205]\n [-3.26690768 -2.03350665  2.32467015  6.83773715 -6.64173914 -0.76895246]\n [ 5.8121498   4.45199446 -5.16955144 -6.64173914 19.74398206  3.48902117]\n [ 1.28977652 -0.59751951  0.54010205 -0.76895246  3.48902117  7.04813118]]", "nfev": "175", "njev": "25", "status": "0", "success": "True", "message": "Optimization terminated successfully.", "x": "[2.05517193 6.1005248  4.46232271 4.12055702 6.15098172 2.74513388]", "nit": "21"}, "6": {"maxiter": 100, "gtol": 1e-10, "xrtol": 1e-10, "eps": 1e-05, "duration": 0.07629895210266113, "fun": "0.5766976550540069", "jac": "[-3.24740235e-08  7.04658554e-08  5.98299188e-08 -5.14588372e-08\n  6.96775970e-08  6.65023592e-08]", "hess_inv": "[[ 6.67217311e+00  1.25427400e-01 -2.38721166e+00 -3.45968007e+00\n   4.77448948e+00  4.68085943e-01]\n [ 1.25427400e-01  6.52207499e+00  1.98210078e+00 -5.95689957e-01\n   2.40903215e+00  1.14205601e-02]\n [-2.38721166e+00  1.98210078e+00  1.17383704e+01  4.51002323e+00\n  -6.87581279e+00  2.12078560e+00]\n [-3.45968007e+00 -5.95689957e-01  4.51002323e+00  7.77923187e+00\n  -6.03352962e+00  5.85131220e-01]\n [ 4.77448948e+00  2.40903215e+00 -6.87581279e+00 -6.03352962e+00\n   1.63924906e+01  2.24161957e+00]\n [ 4.68085943e-01  1.14205601e-02  2.12078560e+00  5.85131220e-01\n   2.24161957e+00  7.96911220e+00]]", "nfev": "453", "njev": "63", "status": "2", "success": "False", "message": "Desired error not necessarily achieved due to precision loss.", "x": "[2.05511242 6.1005771  4.4624615  4.12061443 6.15088401 2.74515091]", "nit": "24"}, "7": {"maxiter": 100, "gtol": 1e-10, "xrtol": 1e-10, "eps": 1e-10, "duration": 0.035902976989746094, "fun": "0.5766976550405758", "jac": "[0. 0. 0. 0. 0. 0.]", "hess_inv": "[[ 5.07436932 -2.23740722 -2.07464863 -2.1218712   1.28193196 -0.16588316]\n [-2.23740722  4.05310956  3.23352343  1.26981991 -2.02296012  0.19029534]\n [-2.07464863  3.23352343 12.0757877   4.30367784 -6.54309758  2.21672999]\n [-2.1218712   1.26981991  4.30367784  5.9439471  -3.61685733  0.20907295]\n [ 1.28193196 -2.02296012 -6.54309758 -3.61685733 10.69273274  2.29496863]\n [-0.16588316  0.19029534  2.21672999  0.20907295  2.29496863  8.21861352]]", "nfev": "210", "njev": "30", "status": "0", "success": "True", "message": "Optimization terminated successfully.", "x": "[2.05511258 6.10058864 4.46247745 4.12062098 6.150882   2.74515998]", "nit": "25"}, "8": {"maxiter": 500, "gtol": 1e-05, "xrtol": 1e-05, "eps": 1e-05, "duration": 0.028738975524902344, "fun": "0.5766976572639587", "jac": "[ 4.04998257e-06 -9.75974857e-06 -1.37909795e-05  6.83542112e-07\n -5.37236922e-06 -2.70886646e-06]", "hess_inv": "[[ 6.5857683   0.91970389 -1.38699134 -3.24174914  5.06179327  0.80646642]\n [ 0.91970389  3.93018363 -2.02759388 -1.50809805  2.36328154 -1.50958519]\n [-1.38699134 -2.02759388  5.83964209  3.1195615  -7.28458261  0.03735857]\n [-3.24174914 -1.50809805  3.1195615   7.31562351 -6.01191051  0.30273721]\n [ 5.06179327  2.36328154 -7.28458261 -6.01191051 16.74174889  1.81586184]\n [ 0.80646642 -1.50958519  0.03735857  0.30273721  1.81586184  6.93350181]]", "nfev": "168", "njev": "24", "status": "0", "success": "True", "message": "Optimization terminated successfully.", "x": "[2.0551449  6.10046234 4.46228861 4.12057685 6.15087532 2.74508359]", "nit": "20"}, "9": {"maxiter": 500, "gtol": 1e-05, "xrtol": 1e-05, "eps": 1e-10, "duration": 0.029841184616088867, "fun": "0.5766976560865195", "jac": "[ 4.44089173e-06 -5.55111466e-06 -8.88178346e-06  1.11022293e-06\n  1.11022293e-06 -1.11022293e-06]", "hess_inv": "[[ 6.74941286  1.35941817 -0.9758127  -3.26690768  5.8121498   1.28977652]\n [ 1.35941817  5.09524219 -1.48428268 -2.03350665  4.45199446 -0.59751951]\n [-0.9758127  -1.48428268  4.89159114  2.32467015 -5.16955144  0.54010205]\n [-3.26690768 -2.03350665  2.32467015  6.83773715 -6.64173914 -0.76895246]\n [ 5.8121498   4.45199446 -5.16955144 -6.64173914 19.74398206  3.48902117]\n [ 1.28977652 -0.59751951  0.54010205 -0.76895246  3.48902117  7.04813118]]", "nfev": "175", "njev": "25", "status": "0", "success": "True", "message": "Optimization terminated successfully.", "x": "[2.05517193 6.1005248  4.46232271 4.12055702 6.15098172 2.74513388]", "nit": "21"}, "10": {"maxiter": 500, "gtol": 1e-05, "xrtol": 1e-10, "eps": 1e-05, "duration": 0.029874801635742188, "fun": "0.5766976559208437", "jac": "[ 2.13471463e-06 -4.83950657e-06 -8.44397885e-06 -1.27499122e-06\n -2.70794498e-07  3.12361248e-07]", "hess_inv": "[[ 6.02077803  1.04006837 -0.24125759 -2.52898767  3.74969327  0.74353516]\n [ 1.04006837  5.46732293 -0.77095964 -1.82905235  4.00253571 -0.32067327]\n [-0.24125759 -0.77095964  4.95735052  1.51177199 -3.31806987  1.29379843]\n [-2.52898767 -1.82905235  1.51177199  6.43474111 -4.50377172  0.25492627]\n [ 3.74969327  4.00253571 -3.31806987 -4.50377172 14.87766072  2.69248387]\n [ 0.74353516 -0.32067327  1.29379843  0.25492627  2.69248387  7.81069283]]", "nfev": "175", "njev": "25", "status": "0", "success": "True", "message": "Optimization terminated successfully.", "x": "[2.05515122 6.10052274 4.46233508 4.12056219 6.15094373 2.74513074]", "nit": "21"}, "11": {"maxiter": 500, "gtol": 1e-05, "xrtol": 1e-10, "eps": 1e-10, "duration": 0.029822826385498047, "fun": "0.5766976560865195", "jac": "[ 4.44089173e-06 -5.55111466e-06 -8.88178346e-06  1.11022293e-06\n  1.11022293e-06 -1.11022293e-06]", "hess_inv": "[[ 6.74941286  1.35941817 -0.9758127  -3.26690768  5.8121498   1.28977652]\n [ 1.35941817  5.09524219 -1.48428268 -2.03350665  4.45199446 -0.59751951]\n [-0.9758127  -1.48428268  4.89159114  2.32467015 -5.16955144  0.54010205]\n [-3.26690768 -2.03350665  2.32467015  6.83773715 -6.64173914 -0.76895246]\n [ 5.8121498   4.45199446 -5.16955144 -6.64173914 19.74398206  3.48902117]\n [ 1.28977652 -0.59751951  0.54010205 -0.76895246  3.48902117  7.04813118]]", "nfev": "175", "njev": "25", "status": "0", "success": "True", "message": "Optimization terminated successfully.", "x": "[2.05517193 6.1005248  4.46232271 4.12055702 6.15098172 2.74513388]", "nit": "21"}, "12": {"maxiter": 500, "gtol": 1e-10, "xrtol": 1e-05, "eps": 1e-05, "duration": 0.029176950454711914, "fun": "0.5766976572639587", "jac": "[ 4.04998257e-06 -9.75974857e-06 -1.37909795e-05  6.83542112e-07\n -5.37236922e-06 -2.70886646e-06]", "hess_inv": "[[ 6.5857683   0.91970389 -1.38699134 -3.24174914  5.06179327  0.80646642]\n [ 0.91970389  3.93018363 -2.02759388 -1.50809805  2.36328154 -1.50958519]\n [-1.38699134 -2.02759388  5.83964209  3.1195615  -7.28458261  0.03735857]\n [-3.24174914 -1.50809805  3.1195615   7.31562351 -6.01191051  0.30273721]\n [ 5.06179327  2.36328154 -7.28458261 -6.01191051 16.74174889  1.81586184]\n [ 0.80646642 -1.50958519  0.03735857  0.30273721  1.81586184  6.93350181]]", "nfev": "168", "njev": "24", "status": "0", "success": "True", "message": "Optimization terminated successfully.", "x": "[2.0551449  6.10046234 4.46228861 4.12057685 6.15087532 2.74508359]", "nit": "20"}, "13": {"maxiter": 500, "gtol": 1e-10, "xrtol": 1e-05, "eps": 1e-10, "duration": 0.030421972274780273, "fun": "0.5766976560865195", "jac": "[ 4.44089173e-06 -5.55111466e-06 -8.88178346e-06  1.11022293e-06\n  1.11022293e-06 -1.11022293e-06]", "hess_inv": "[[ 6.74941286  1.35941817 -0.9758127  -3.26690768  5.8121498   1.28977652]\n [ 1.35941817  5.09524219 -1.48428268 -2.03350665  4.45199446 -0.59751951]\n [-0.9758127  -1.48428268  4.89159114  2.32467015 -5.16955144  0.54010205]\n [-3.26690768 -2.03350665  2.32467015  6.83773715 -6.64173914 -0.76895246]\n [ 5.8121498   4.45199446 -5.16955144 -6.64173914 19.74398206  3.48902117]\n [ 1.28977652 -0.59751951  0.54010205 -0.76895246  3.48902117  7.04813118]]", "nfev": "175", "njev": "25", "status": "0", "success": "True", "message": "Optimization terminated successfully.", "x": "[2.05517193 6.1005248  4.46232271 4.12055702 6.15098172 2.74513388]", "nit": "21"}, "14": {"maxiter": 500, "gtol": 1e-10, "xrtol": 1e-10, "eps": 1e-05, "duration": 0.07634401321411133, "fun": "0.5766976550540069", "jac": "[-3.24740235e-08  7.04658554e-08  5.98299188e-08 -5.14588372e-08\n  6.96775970e-08  6.65023592e-08]", "hess_inv": "[[ 6.67217311e+00  1.25427400e-01 -2.38721166e+00 -3.45968007e+00\n   4.77448948e+00  4.68085943e-01]\n [ 1.25427400e-01  6.52207499e+00  1.98210078e+00 -5.95689957e-01\n   2.40903215e+00  1.14205601e-02]\n [-2.38721166e+00  1.98210078e+00  1.17383704e+01  4.51002323e+00\n  -6.87581279e+00  2.12078560e+00]\n [-3.45968007e+00 -5.95689957e-01  4.51002323e+00  7.77923187e+00\n  -6.03352962e+00  5.85131220e-01]\n [ 4.77448948e+00  2.40903215e+00 -6.87581279e+00 -6.03352962e+00\n   1.63924906e+01  2.24161957e+00]\n [ 4.68085943e-01  1.14205601e-02  2.12078560e+00  5.85131220e-01\n   2.24161957e+00  7.96911220e+00]]", "nfev": "453", "njev": "63", "status": "2", "success": "False", "message": "Desired error not necessarily achieved due to precision loss.", "x": "[2.05511242 6.1005771  4.4624615  4.12061443 6.15088401 2.74515091]", "nit": "24"}, "15": {"maxiter": 500, "gtol": 1e-10, "xrtol": 1e-10, "eps": 1e-10, "duration": 0.03571772575378418, "fun": "0.5766976550405758", "jac": "[0. 0. 0. 0. 0. 0.]", "hess_inv": "[[ 5.07436932 -2.23740722 -2.07464863 -2.1218712   1.28193196 -0.16588316]\n [-2.23740722  4.05310956  3.23352343  1.26981991 -2.02296012  0.19029534]\n [-2.07464863  3.23352343 12.0757877   4.30367784 -6.54309758  2.21672999]\n [-2.1218712   1.26981991  4.30367784  5.9439471  -3.61685733  0.20907295]\n [ 1.28193196 -2.02296012 -6.54309758 -3.61685733 10.69273274  2.29496863]\n [-0.16588316  0.19029534  2.21672999  0.20907295  2.29496863  8.21861352]]", "nfev": "210", "njev": "30", "status": "0", "success": "True", "message": "Optimization terminated successfully.", "x": "[2.05511258 6.10058864 4.46247745 4.12062098 6.150882   2.74515998]", "nit": "25"}, "16": {"maxiter": 1000, "gtol": 1e-05, "xrtol": 1e-05, "eps": 1e-05, "duration": 0.028573036193847656, "fun": "0.5766976572639587", "jac": "[ 4.04998257e-06 -9.75974857e-06 -1.37909795e-05  6.83542112e-07\n -5.37236922e-06 -2.70886646e-06]", "hess_inv": "[[ 6.5857683   0.91970389 -1.38699134 -3.24174914  5.06179327  0.80646642]\n [ 0.91970389  3.93018363 -2.02759388 -1.50809805  2.36328154 -1.50958519]\n [-1.38699134 -2.02759388  5.83964209  3.1195615  -7.28458261  0.03735857]\n [-3.24174914 -1.50809805  3.1195615   7.31562351 -6.01191051  0.30273721]\n [ 5.06179327  2.36328154 -7.28458261 -6.01191051 16.74174889  1.81586184]\n [ 0.80646642 -1.50958519  0.03735857  0.30273721  1.81586184  6.93350181]]", "nfev": "168", "njev": "24", "status": "0", "success": "True", "message": "Optimization terminated successfully.", "x": "[2.0551449  6.10046234 4.46228861 4.12057685 6.15087532 2.74508359]", "nit": "20"}, "17": {"maxiter": 1000, "gtol": 1e-05, "xrtol": 1e-05, "eps": 1e-10, "duration": 0.0297238826751709, "fun": "0.5766976560865195", "jac": "[ 4.44089173e-06 -5.55111466e-06 -8.88178346e-06  1.11022293e-06\n  1.11022293e-06 -1.11022293e-06]", "hess_inv": "[[ 6.74941286  1.35941817 -0.9758127  -3.26690768  5.8121498   1.28977652]\n [ 1.35941817  5.09524219 -1.48428268 -2.03350665  4.45199446 -0.59751951]\n [-0.9758127  -1.48428268  4.89159114  2.32467015 -5.16955144  0.54010205]\n [-3.26690768 -2.03350665  2.32467015  6.83773715 -6.64173914 -0.76895246]\n [ 5.8121498   4.45199446 -5.16955144 -6.64173914 19.74398206  3.48902117]\n [ 1.28977652 -0.59751951  0.54010205 -0.76895246  3.48902117  7.04813118]]", "nfev": "175", "njev": "25", "status": "0", "success": "True", "message": "Optimization terminated successfully.", "x": "[2.05517193 6.1005248  4.46232271 4.12055702 6.15098172 2.74513388]", "nit": "21"}, "18": {"maxiter": 1000, "gtol": 1e-05, "xrtol": 1e-10, "eps": 1e-05, "duration": 0.030012845993041992, "fun": "0.5766976559208437", "jac": "[ 2.13471463e-06 -4.83950657e-06 -8.44397885e-06 -1.27499122e-06\n -2.70794498e-07  3.12361248e-07]", "hess_inv": "[[ 6.02077803  1.04006837 -0.24125759 -2.52898767  3.74969327  0.74353516]\n [ 1.04006837  5.46732293 -0.77095964 -1.82905235  4.00253571 -0.32067327]\n [-0.24125759 -0.77095964  4.95735052  1.51177199 -3.31806987  1.29379843]\n [-2.52898767 -1.82905235  1.51177199  6.43474111 -4.50377172  0.25492627]\n [ 3.74969327  4.00253571 -3.31806987 -4.50377172 14.87766072  2.69248387]\n [ 0.74353516 -0.32067327  1.29379843  0.25492627  2.69248387  7.81069283]]", "nfev": "175", "njev": "25", "status": "0", "success": "True", "message": "Optimization terminated successfully.", "x": "[2.05515122 6.10052274 4.46233508 4.12056219 6.15094373 2.74513074]", "nit": "21"}, "19": {"maxiter": 1000, "gtol": 1e-05, "xrtol": 1e-10, "eps": 1e-10, "duration": 0.03014206886291504, "fun": "0.5766976560865195", "jac": "[ 4.44089173e-06 -5.55111466e-06 -8.88178346e-06  1.11022293e-06\n  1.11022293e-06 -1.11022293e-06]", "hess_inv": "[[ 6.74941286  1.35941817 -0.9758127  -3.26690768  5.8121498   1.28977652]\n [ 1.35941817  5.09524219 -1.48428268 -2.03350665  4.45199446 -0.59751951]\n [-0.9758127  -1.48428268  4.89159114  2.32467015 -5.16955144  0.54010205]\n [-3.26690768 -2.03350665  2.32467015  6.83773715 -6.64173914 -0.76895246]\n [ 5.8121498   4.45199446 -5.16955144 -6.64173914 19.74398206  3.48902117]\n [ 1.28977652 -0.59751951  0.54010205 -0.76895246  3.48902117  7.04813118]]", "nfev": "175", "njev": "25", "status": "0", "success": "True", "message": "Optimization terminated successfully.", "x": "[2.05517193 6.1005248  4.46232271 4.12055702 6.15098172 2.74513388]", "nit": "21"}, "20": {"maxiter": 1000, "gtol": 1e-10, "xrtol": 1e-05, "eps": 1e-05, "duration": 0.028692007064819336, "fun": "0.5766976572639587", "jac": "[ 4.04998257e-06 -9.75974857e-06 -1.37909795e-05  6.83542112e-07\n -5.37236922e-06 -2.70886646e-06]", "hess_inv": "[[ 6.5857683   0.91970389 -1.38699134 -3.24174914  5.06179327  0.80646642]\n [ 0.91970389  3.93018363 -2.02759388 -1.50809805  2.36328154 -1.50958519]\n [-1.38699134 -2.02759388  5.83964209  3.1195615  -7.28458261  0.03735857]\n [-3.24174914 -1.50809805  3.1195615   7.31562351 -6.01191051  0.30273721]\n [ 5.06179327  2.36328154 -7.28458261 -6.01191051 16.74174889  1.81586184]\n [ 0.80646642 -1.50958519  0.03735857  0.30273721  1.81586184  6.93350181]]", "nfev": "168", "njev": "24", "status": "0", "success": "True", "message": "Optimization terminated successfully.", "x": "[2.0551449  6.10046234 4.46228861 4.12057685 6.15087532 2.74508359]", "nit": "20"}, "21": {"maxiter": 1000, "gtol": 1e-10, "xrtol": 1e-05, "eps": 1e-10, "duration": 0.02972888946533203, "fun": "0.5766976560865195", "jac": "[ 4.44089173e-06 -5.55111466e-06 -8.88178346e-06  1.11022293e-06\n  1.11022293e-06 -1.11022293e-06]", "hess_inv": "[[ 6.74941286  1.35941817 -0.9758127  -3.26690768  5.8121498   1.28977652]\n [ 1.35941817  5.09524219 -1.48428268 -2.03350665  4.45199446 -0.59751951]\n [-0.9758127  -1.48428268  4.89159114  2.32467015 -5.16955144  0.54010205]\n [-3.26690768 -2.03350665  2.32467015  6.83773715 -6.64173914 -0.76895246]\n [ 5.8121498   4.45199446 -5.16955144 -6.64173914 19.74398206  3.48902117]\n [ 1.28977652 -0.59751951  0.54010205 -0.76895246  3.48902117  7.04813118]]", "nfev": "175", "njev": "25", "status": "0", "success": "True", "message": "Optimization terminated successfully.", "x": "[2.05517193 6.1005248  4.46232271 4.12055702 6.15098172 2.74513388]", "nit": "21"}, "22": {"maxiter": 1000, "gtol": 1e-10, "xrtol": 1e-10, "eps": 1e-05, "duration": 0.07651305198669434, "fun": "0.5766976550540069", "jac": "[-3.24740235e-08  7.04658554e-08  5.98299188e-08 -5.14588372e-08\n  6.96775970e-08  6.65023592e-08]", "hess_inv": "[[ 6.67217311e+00  1.25427400e-01 -2.38721166e+00 -3.45968007e+00\n   4.77448948e+00  4.68085943e-01]\n [ 1.25427400e-01  6.52207499e+00  1.98210078e+00 -5.95689957e-01\n   2.40903215e+00  1.14205601e-02]\n [-2.38721166e+00  1.98210078e+00  1.17383704e+01  4.51002323e+00\n  -6.87581279e+00  2.12078560e+00]\n [-3.45968007e+00 -5.95689957e-01  4.51002323e+00  7.77923187e+00\n  -6.03352962e+00  5.85131220e-01]\n [ 4.77448948e+00  2.40903215e+00 -6.87581279e+00 -6.03352962e+00\n   1.63924906e+01  2.24161957e+00]\n [ 4.68085943e-01  1.14205601e-02  2.12078560e+00  5.85131220e-01\n   2.24161957e+00  7.96911220e+00]]", "nfev": "453", "njev": "63", "status": "2", "success": "False", "message": "Desired error not necessarily achieved due to precision loss.", "x": "[2.05511242 6.1005771  4.4624615  4.12061443 6.15088401 2.74515091]", "nit": "24"}, "23": {"maxiter": 1000, "gtol": 1e-10, "xrtol": 1e-10, "eps": 1e-10, "duration": 0.038912057876586914, "fun": "0.5766976550405758", "jac": "[0. 0. 0. 0. 0. 0.]", "hess_inv": "[[ 5.07436932 -2.23740722 -2.07464863 -2.1218712   1.28193196 -0.16588316]\n [-2.23740722  4.05310956  3.23352343  1.26981991 -2.02296012  0.19029534]\n [-2.07464863  3.23352343 12.0757877   4.30367784 -6.54309758  2.21672999]\n [-2.1218712   1.26981991  4.30367784  5.9439471  -3.61685733  0.20907295]\n [ 1.28193196 -2.02296012 -6.54309758 -3.61685733 10.69273274  2.29496863]\n [-0.16588316  0.19029534  2.21672999  0.20907295  2.29496863  8.21861352]]", "nfev": "210", "njev": "30", "status": "0", "success": "True", "message": "Optimization terminated successfully.", "x": "[2.05511258 6.10058864 4.46247745 4.12062098 6.150882   2.74515998]", "nit": "25"}}, "cobyla": {"0": {"maxiter": 100, "tol": 1e-05, "catol": 1e-05, "duration": 0.017424821853637695, "x": "[2.05910104 6.10166265 4.4573999  4.11335332 6.15938284 2.74714331]", "status": "2", "success": "False", "message": "Maximum number of function evaluations has been exceeded.", "nfev": "100", "fun": "0.5767015517929974", "maxcv": "0.0"}, "1": {"maxiter": 100, "tol": 1e-05, "catol": 1e-10, "duration": 0.016399145126342773, "x": "[2.05910104 6.10166265 4.4573999  4.11335332 6.15938284 2.74714331]", "status": "2", "success": "False", "message": "Maximum number of function evaluations has been exceeded.", "nfev": "100", "fun": "0.5767015517929974", "maxcv": "0.0"}, "2": {"maxiter": 100, "tol": 1e-10, "catol": 1e-05, "duration": 0.016367197036743164, "x": "[2.05910104 6.10166265 4.4573999  4.11335332 6.15938284 2.74714331]", "status": "2", "success": "False", "message": "Maximum number of function evaluations has been exceeded.", "nfev": "100", "fun": "0.5767015517929974", "maxcv": "0.0"}, "3": {"maxiter": 100, "tol": 1e-10, "catol": 1e-10, "duration": 0.016295909881591797, "x": "[2.05910104 6.10166265 4.4573999  4.11335332 6.15938284 2.74714331]", "status": "2", "success": "False", "message": "Maximum number of function evaluations has been exceeded.", "nfev": "100", "fun": "0.5767015517929974", "maxcv": "0.0"}, "4": {"maxiter": 500, "tol": 1e-05, "catol": 1e-05, "duration": 0.03844594955444336, "x": "[2.05512588 6.10058076 4.46245695 4.12061619 6.15089752 2.7451531 ]", "status": "1", "success": "True", "message": "Optimization terminated successfully.", "nfev": "230", "fun": "0.5766976550523647", "maxcv": "0.0"}, "5": {"maxiter": 500, "tol": 1e-05, "catol": 1e-10, "duration": 0.03758597373962402, "x": "[2.05512588 6.10058076 4.46245695 4.12061619 6.15089752 2.7451531 ]", "status": "1", "success": "True", "message": "Optimization terminated successfully.", "nfev": "230", "fun": "0.5766976550523647", "maxcv": "0.0"}, "6": {"maxiter": 500, "tol": 1e-10, "catol": 1e-05, "duration": 0.058302879333496094, "x": "[2.05511727 6.1005857  4.46247281 4.12061956 6.15089048 2.74516046]", "status": "1", "success": "True", "message": "Optimization terminated successfully.", "nfev": "359", "fun": "0.5766976550364687", "maxcv": "0.0"}, "7": {"maxiter": 500, "tol": 1e-10, "catol": 1e-10, "duration": 0.05839896202087402, "x": "[2.05511727 6.1005857  4.46247281 4.12061956 6.15089048 2.74516046]", "status": "1", "success": "True", "message": "Optimization terminated successfully.", "nfev": "359", "fun": "0.5766976550364687", "maxcv": "0.0"}, "8": {"maxiter": 1000, "tol": 1e-05, "catol": 1e-05, "duration": 0.03736281394958496, "x": "[2.05512588 6.10058076 4.46245695 4.12061619 6.15089752 2.7451531 ]", "status": "1", "success": "True", "message": "Optimization terminated successfully.", "nfev": "230", "fun": "0.5766976550523647", "maxcv": "0.0"}, "9": {"maxiter": 1000, "tol": 1e-05, "catol": 1e-10, "duration": 0.037268877029418945, "x": "[2.05512588 6.10058076 4.46245695 4.12061619 6.15089752 2.7451531 ]", "status": "1", "success": "True", "message": "Optimization terminated successfully.", "nfev": "230", "fun": "0.5766976550523647", "maxcv": "0.0"}, "10": {"maxiter": 1000, "tol": 1e-10, "catol": 1e-05, "duration": 0.05820107460021973, "x": "[2.05511727 6.1005857  4.46247281 4.12061956 6.15089048 2.74516046]", "status": "1", "success": "True", "message": "Optimization terminated successfully.", "nfev": "359", "fun": "0.5766976550364687", "maxcv": "0.0"}, "11": {"maxiter": 1000, "tol": 1e-10, "catol": 1e-10, "duration": 0.058094024658203125, "x": "[2.05511727 6.1005857  4.46247281 4.12061956 6.15089048 2.74516046]", "status": "1", "success": "True", "message": "Optimization terminated successfully.", "nfev": "359", "fun": "0.5766976550364687", "maxcv": "0.0"}}, "dual_annealing_0": {"type": "gradient-free", "0": {"maxiter": 100, "duration": 0.23842692375183105, "success": "True", "status": "0", "x": "[2.21019237 4.48573823 1.97845545 3.91545151 2.97690387 3.45834638]", "fun": "0.44283212498518343", "nit": "100", "nfev": "1369", "njev": "24", "nhev": "0", "message": "['Maximum number of iteration reached']"}, "1": {"maxiter": 500, "duration": 1.0706439018249512, "success": "True", "status": "0", "x": "[2.21012411 4.48568495 1.97842187 2.36774004 6.11854424 0.31676451]", "fun": "0.4428321249801017", "nit": "500", "nfev": "6113", "njev": "16", "nhev": "0", "message": "['Maximum number of iteration reached']"}, "2": {"maxiter": 1000, "duration": 2.1170339584350586, "success": "True", "status": "0", "x": "[2.21015148 4.48572281 1.97844002 3.91546716 2.97691023 3.45832749]", "fun": "0.44283212471926636", "nit": "1000", "nfev": "12218", "njev": "31", "nhev": "0", "message": "['Maximum number of iteration reached']"}, "bounds": [[0.0, 6.283185307179586], [0.0, 6.283185307179586], [0.0, 6.283185307179586], [0.0, 6.283185307179586], [0.0, 6.283185307179586], [0.0, 6.283185307179586]]}, "dual_annealing_1": {"type": "gradient-free", "0": {"maxiter": 100, "duration": 0.22503995895385742, "success": "True", "status": "0", "x": "[4.07305157 1.34412774 5.12001905 2.36773013 6.11851491 0.31672143]", "fun": "0.4428321247697792", "nit": "100", "nfev": "1299", "njev": "14", "nhev": "0", "message": "['Maximum number of iteration reached']"}, "1": {"maxiter": 500, "duration": 1.0677599906921387, "success": "True", "status": "0", "x": "[8.49331467 4.48570838 8.26160311 8.65087612 6.11850871 0.31672474]", "fun": "0.44283212489017254", "nit": "500", "nfev": "6218", "njev": "31", "nhev": "0", "message": "['Maximum number of iteration reached']"}, "2": {"maxiter": 1000, "duration": 2.146183967590332, "success": "True", "status": "0", "x": "[8.49332901 4.48572101 8.26162294 2.3677223  6.11851493 6.59993352]", "fun": "0.442832124709015", "nit": "1000", "nfev": "12309", "njev": "44", "nhev": "0", "message": "['Maximum number of iteration reached']"}, "bounds": [[0.0, 9.42477796076938], [0.0, 9.42477796076938], [0.0, 9.42477796076938], [0.0, 9.42477796076938], [0.0, 9.42477796076938], [0.0, 9.42477796076938]]}, "dual_annealing_2": {"type": "gradient-free", "0": {"maxiter": 100, "duration": 0.25976085662841797, "success": "True", "status": "0", "x": "[8.49332886 4.48570216 1.97845989 2.36773067 6.11844608 6.59989126]", "fun": "0.4428321251681875", "nit": "100", "nfev": "1502", "njev": "43", "nhev": "0", "message": "['Maximum number of iteration reached']"}, "1": {"maxiter": 500, "duration": 1.0690441131591797, "success": "True", "status": "0", "x": "[ 4.07304148  1.34413448  5.12003824  8.65090416 12.40170856  0.31674066]", "fun": "0.4428321247002759", "nit": "500", "nfev": "6162", "njev": "23", "nhev": "0", "message": "['Maximum number of iteration reached']"}, "2": {"maxiter": 1000, "duration": 2.0873329639434814, "success": "True", "status": "0", "x": "[ 8.49336532  4.48568284  8.26160755 10.19865362  9.2600943   3.4583433 ]", "fun": "0.44283212496239255", "nit": "1000", "nfev": "12078", "njev": "11", "nhev": "0", "message": "['Maximum number of iteration reached']"}, "bounds": [[0.0, 12.566370614359172], [0.0, 12.566370614359172], [0.0, 12.566370614359172], [0.0, 12.566370614359172], [0.0, 12.566370614359172], [0.0, 12.566370614359172]]}, "dual_annealing_3": {"type": "gradient-free", "0": {"maxiter": 100, "duration": 0.23170089721679688, "success": "True", "status": "0", "x": "[ 2.09865333 -1.71310466  2.05877896  2.3877561   5.96382458  6.28318531]", "fun": "0.4469113776297391", "nit": "100", "nfev": "1334", "njev": "19", "nhev": "0", "message": "['Maximum number of iteration reached']"}, "1": {"maxiter": 500, "duration": 1.0802929401397705, "success": "True", "status": "0", "x": "[ 4.07305675 -4.93907482  5.12001717 -3.91546492  6.11853569  0.31675486]", "fun": "0.4428321247752286", "nit": "500", "nfev": "6190", "njev": "27", "nhev": "0", "message": "['Maximum number of iteration reached']"}, "2": {"maxiter": 1000, "duration": 2.1528799533843994, "success": "True", "status": "0", "x": "[ 2.21017362 -1.79745057  1.97845175 -3.91550526 -0.16459609 -5.96648614]", "fun": "0.4428321262666053", "nit": "1000", "nfev": "12162", "njev": "23", "nhev": "0", "message": "['Maximum number of iteration reached']"}, "bounds": [[-6.283185307179586, 6.283185307179586], [-6.283185307179586, 6.283185307179586], [-6.283185307179586, 6.283185307179586], [-6.283185307179586, 6.283185307179586], [-6.283185307179586, 6.283185307179586], [-6.283185307179586, 6.283185307179586]]}, "dual_annealing_4": {"type": "gradient-free", "0": {"maxiter": 100, "duration": 0.26812219619750977, "success": "True", "status": "0", "x": "[ 2.09864014 -7.99628899  2.05878091 -8.67095445 -3.46094688  9.42477796]", "fun": "0.4469113775971192", "nit": "100", "nfev": "1530", "njev": "47", "nhev": "0", "message": "['Maximum number of iteration reached']"}, "1": {"maxiter": 500, "duration": 1.0906651020050049, "success": "True", "status": "0", "x": "[-8.49331681  7.62736409 -7.44627998 -3.91545059  6.11855229  6.59990086]", "fun": "0.4428321251746622", "nit": "500", "nfev": "6267", "njev": "38", "nhev": "0", "message": "['Maximum number of iteration reached']"}, "2": {"maxiter": 1000, "duration": 2.1740658283233643, "success": "True", "status": "0", "x": "[-8.49336756 -4.93906457 -7.44632997 -2.36772078  9.26005427 -2.82484949]", "fun": "0.4428321250576559", "nit": "1000", "nfev": "12428", "njev": "61", "nhev": "0", "message": "['Maximum number of iteration reached']"}, "bounds": [[-9.42477796076938, 9.42477796076938], [-9.42477796076938, 9.42477796076938], [-9.42477796076938, 9.42477796076938], [-9.42477796076938, 9.42477796076938], [-9.42477796076938, 9.42477796076938], [-9.42477796076938, 9.42477796076938]]}, "dual_annealing_5": {"type": "gradient-free", "0": {"maxiter": 100, "duration": 0.25466489791870117, "success": "True", "status": "0", "x": "[  8.49332969   4.48571885 -10.58793398   8.65090577  -6.44784987\n   6.59992883]", "fun": "0.44283212469846356", "nit": "100", "nfev": "1425", "njev": "32", "nhev": "0", "message": "['Maximum number of iteration reached']"}, "1": {"maxiter": 500, "duration": 1.094985008239746, "success": "True", "status": "0", "x": "[ -4.07304471  10.76890088   1.97842548   2.36772395   6.11852625\n -12.24962293]", "fun": "0.4428321247229777", "nit": "500", "nfev": "6274", "njev": "39", "nhev": "0", "message": "['Maximum number of iteration reached']"}, "2": {"maxiter": 1000, "duration": 2.1300878524780273, "success": "True", "status": "0", "x": "[-10.35624011  10.76890969   8.26164947  -8.65091514  -3.30628169\n   9.74151651]", "fun": "0.4428321248432763", "nit": "1000", "nfev": "12225", "njev": "32", "nhev": "0", "message": "['Maximum number of iteration reached']"}, "bounds": [[-12.566370614359172, 12.566370614359172], [-12.566370614359172, 12.566370614359172], [-12.566370614359172, 12.566370614359172], [-12.566370614359172, 12.566370614359172], [-12.566370614359172, 12.566370614359172], [-12.566370614359172, 12.566370614359172]]}}, "duration (s)": 112.13}