{"date": "2024/07/22/, 22:18:11", "conf_id": 23, "data_type": "random\n", "num_data_points": 2, "s_rank": 0, "unitary": "[[-0.53618537-0.34368723j,-0.12107031-0.46226139j,-0.07699282-0.46603512j,0.36022595-0.11472301j],[0.26026499-0.63450712j,-0.56616638+0.37832564j,-0.14988651+0.08458591j,0.10363514-0.16008501j],[-0.32580188-0.11070003j,-0.36476308-0.23593218j,0.02559343+0.41761608j,-0.25598305+0.6725303j],[0.07406738-0.0126433j,0.28513701+0.19483972j,-0.74939717-0.10299659j,0.29798249+0.46269921j]]", "databatch_0": {"databatch": "[[[0.25232538+0.17469278j,0.10238591+0.30834507j,0.05601251-0.01687769j,0.05557338+0.19318533j],[-0.14649414+0.25181871j,-0.28416096+0.11989603j,0.02015086+0.05174775j,-0.17867307+0.06700394j],[0.19872886+0.01007406j,0.1617563+0.13494817j,0.02510204-0.02843533j,0.09661921+0.08747702j],[-0.40399764-0.06935735j,-0.29774173-0.31569779j,-0.05831812+0.05200199j,-0.17615961-0.20262341j]],[[-0.25177649+0.14857523j,-0.17084318+0.19954057j,0.06273525+0.19129999j,0.1618039+0.02102805j],[0.21076008-0.06293708j,0.16087866-0.11480409j,-0.01119368-0.15105911j,-0.11435879-0.04463996j],[-0.17700725+0.41281133j,-0.03042693+0.402442j,0.25151129+0.18004863j,0.21959097-0.12092705j],[0.17481237-0.1395861j,0.10802454-0.16951432j,-0.06806009-0.13820464j,-0.12484613+0.0014321j]]]", "initial param values": "[0.87777109,3.98581154,2.98611027,6.04943569,5.15632344,4.71318247]", "bfgs": {"type": "gradient", "0": {"maxiter": 100, "gtol": 1e-05, "xrtol": 1e-05, "eps": 1e-05, "duration": 0.028934955596923828, "fun": "0.14586834994656905", "jac": "[-4.31954472e-07 -5.11035658e-08 -6.19426732e-07  4.52970994e-08\n  1.41587853e-06  1.63876690e-06]", "hess_inv": "[[ 5.33004999 -1.93239699  0.85062434  2.51883627 -0.23840132  1.02673408]\n [-1.93239699  4.94284516  0.26268034 -3.01305732  1.5767206  -2.22385737]\n [ 0.85062434  0.26268034  3.04231932  1.20218577  1.03667075  0.30317513]\n [ 2.51883627 -3.01305732  1.20218577  9.99692163 -0.95115657  1.59472336]\n [-0.23840132  1.5767206   1.03667075 -0.95115657  2.54526464 -0.38059568]\n [ 1.02673408 -2.22385737  0.30317513  1.59472336 -0.38059568  3.21850532]]", "nfev": "168", "njev": "24", "status": "0", "success": "True", "message": "Optimization terminated successfully.", "x": "[1.90560559 3.4474194  4.33517205 7.81392723 4.47675979 4.63168136]", "nit": "23"}, "1": {"maxiter": 100, "gtol": 1e-05, "xrtol": 1e-05, "eps": 1e-10, "duration": 0.029014110565185547, "fun": "0.14586834998330755", "jac": "[ 0.00000000e+00  0.00000000e+00  0.00000000e+00  0.00000000e+00\n -2.22044587e-06  2.22044587e-06]", "hess_inv": "[[ 5.37229956 -1.884648    1.01678462  2.8052973  -0.13655525  0.98205354]\n [-1.884648    4.84339424  0.12800303 -3.05652958  1.48538491 -2.13167577]\n [ 1.01678462  0.12800303  3.03865299  1.51100067  0.9951079   0.39239431]\n [ 2.8052973  -3.05652958  1.51100067 10.89301109 -0.80347613  1.61841596]\n [-0.13655525  1.48538491  0.9951079  -0.80347613  2.48908212 -0.32683572]\n [ 0.98205354 -2.13167577  0.39239431  1.61841596 -0.32683572  3.11968341]]", "nfev": "168", "njev": "24", "status": "0", "success": "True", "message": "Optimization terminated successfully.", "x": "[1.90562731 3.44741954 4.33519082 7.81396642 4.47676599 4.6316926 ]", "nit": "23"}, "2": {"maxiter": 100, "gtol": 1e-05, "xrtol": 1e-10, "eps": 1e-05, "duration": 0.029359817504882812, "fun": "0.14586834994656905", "jac": "[-4.31954472e-07 -5.11035658e-08 -6.19426732e-07  4.52970994e-08\n  1.41587853e-06  1.63876690e-06]", "hess_inv": "[[ 5.33004999 -1.93239699  0.85062434  2.51883627 -0.23840132  1.02673408]\n [-1.93239699  4.94284516  0.26268034 -3.01305732  1.5767206  -2.22385737]\n [ 0.85062434  0.26268034  3.04231932  1.20218577  1.03667075  0.30317513]\n [ 2.51883627 -3.01305732  1.20218577  9.99692163 -0.95115657  1.59472336]\n [-0.23840132  1.5767206   1.03667075 -0.95115657  2.54526464 -0.38059568]\n [ 1.02673408 -2.22385737  0.30317513  1.59472336 -0.38059568  3.21850532]]", "nfev": "168", "njev": "24", "status": "0", "success": "True", "message": "Optimization terminated successfully.", "x": "[1.90560559 3.4474194  4.33517205 7.81392723 4.47675979 4.63168136]", "nit": "23"}, "3": {"maxiter": 100, "gtol": 1e-05, "xrtol": 1e-10, "eps": 1e-10, "duration": 0.029057741165161133, "fun": "0.14586834998330755", "jac": "[ 0.00000000e+00  0.00000000e+00  0.00000000e+00  0.00000000e+00\n -2.22044587e-06  2.22044587e-06]", "hess_inv": "[[ 5.37229956 -1.884648    1.01678462  2.8052973  -0.13655525  0.98205354]\n [-1.884648    4.84339424  0.12800303 -3.05652958  1.48538491 -2.13167577]\n [ 1.01678462  0.12800303  3.03865299  1.51100067  0.9951079   0.39239431]\n [ 2.8052973  -3.05652958  1.51100067 10.89301109 -0.80347613  1.61841596]\n [-0.13655525  1.48538491  0.9951079  -0.80347613  2.48908212 -0.32683572]\n [ 0.98205354 -2.13167577  0.39239431  1.61841596 -0.32683572  3.11968341]]", "nfev": "168", "njev": "24", "status": "0", "success": "True", "message": "Optimization terminated successfully.", "x": "[1.90562731 3.44741954 4.33519082 7.81396642 4.47676599 4.6316926 ]", "nit": "23"}, "4": {"maxiter": 100, "gtol": 1e-10, "xrtol": 1e-05, "eps": 1e-05, "duration": 0.029332876205444336, "fun": "0.14586834994656905", "jac": "[-4.31954472e-07 -5.11035658e-08 -6.19426732e-07  4.52970994e-08\n  1.41587853e-06  1.63876690e-06]", "hess_inv": "[[ 5.33004999 -1.93239699  0.85062434  2.51883627 -0.23840132  1.02673408]\n [-1.93239699  4.94284516  0.26268034 -3.01305732  1.5767206  -2.22385737]\n [ 0.85062434  0.26268034  3.04231932  1.20218577  1.03667075  0.30317513]\n [ 2.51883627 -3.01305732  1.20218577  9.99692163 -0.95115657  1.59472336]\n [-0.23840132  1.5767206   1.03667075 -0.95115657  2.54526464 -0.38059568]\n [ 1.02673408 -2.22385737  0.30317513  1.59472336 -0.38059568  3.21850532]]", "nfev": "168", "njev": "24", "status": "0", "success": "True", "message": "Optimization terminated successfully.", "x": "[1.90560559 3.4474194  4.33517205 7.81392723 4.47675979 4.63168136]", "nit": "23"}, "5": {"maxiter": 100, "gtol": 1e-10, "xrtol": 1e-05, "eps": 1e-10, "duration": 0.028831958770751953, "fun": "0.14586834998330755", "jac": "[ 0.00000000e+00  0.00000000e+00  0.00000000e+00  0.00000000e+00\n -2.22044587e-06  2.22044587e-06]", "hess_inv": "[[ 5.37229956 -1.884648    1.01678462  2.8052973  -0.13655525  0.98205354]\n [-1.884648    4.84339424  0.12800303 -3.05652958  1.48538491 -2.13167577]\n [ 1.01678462  0.12800303  3.03865299  1.51100067  0.9951079   0.39239431]\n [ 2.8052973  -3.05652958  1.51100067 10.89301109 -0.80347613  1.61841596]\n [-0.13655525  1.48538491  0.9951079  -0.80347613  2.48908212 -0.32683572]\n [ 0.98205354 -2.13167577  0.39239431  1.61841596 -0.32683572  3.11968341]]", "nfev": "168", "njev": "24", "status": "0", "success": "True", "message": "Optimization terminated successfully.", "x": "[1.90562731 3.44741954 4.33519082 7.81396642 4.47676599 4.6316926 ]", "nit": "23"}, "6": {"maxiter": 100, "gtol": 1e-10, "xrtol": 1e-10, "eps": 1e-05, "duration": 0.0765390396118164, "fun": "0.14586834994607512", "jac": "[-2.95918845e-07 -1.32116540e-07 -4.64761563e-07  4.45754544e-08\n  1.10158549e-06  1.06989972e-06]", "hess_inv": "[[ 5.22236924 -1.85069676  0.86028291  2.43995648 -0.22444608  1.18581341]\n [-1.85069676  5.3602049   0.36668724 -3.12572103  1.1102761  -2.88638494]\n [ 0.86028291  0.36668724  3.0151398   1.07972742  0.86448913  0.14412667]\n [ 2.43995648 -3.12572103  1.07972742  9.84770237 -0.88860664  1.87380317]\n [-0.22444608  1.1102761   0.86448913 -0.88860664  2.89555771  0.09048458]\n [ 1.18581341 -2.88638494  0.14412667  1.87380317  0.09048458  3.58907764]]", "nfev": "453", "njev": "63", "status": "2", "success": "False", "message": "Desired error not necessarily achieved due to precision loss.", "x": "[1.90560605 3.44741994 4.33517223 7.81392725 4.47675889 4.63167969]", "nit": "25"}, "7": {"maxiter": 100, "gtol": 1e-10, "xrtol": 1e-10, "eps": 1e-10, "duration": 0.09333586692810059, "fun": "0.14586834996416775", "jac": "[1.11022293e-06 0.00000000e+00 1.11022293e-06 1.11022293e-06\n 1.11022293e-06 2.22044587e-06]", "hess_inv": "[[ 0.0304801   0.15523054  0.08221707 -0.03202129 -0.01658767 -0.05042402]\n [ 0.15523054  1.52016712  0.85328537 -0.31883157 -0.04908456 -0.55661728]\n [ 0.08221707  0.85328537  0.48127501 -0.1788005  -0.02389195 -0.31557495]\n [-0.03202129 -0.31883157 -0.1788005   0.06743614  0.0089228   0.11742057]\n [-0.01658767 -0.04908456 -0.02389195  0.0089228   0.01464516  0.00741751]\n [-0.05042402 -0.55661728 -0.31557495  0.11742057  0.00741751  0.21804092]]", "nfev": "555", "njev": "78", "status": "2", "success": "False", "message": "Desired error not necessarily achieved due to precision loss.", "x": "[1.90562231 3.44742355 4.33519248 7.81395927 4.47677079 4.63168698]", "nit": "35"}, "8": {"maxiter": 500, "gtol": 1e-05, "xrtol": 1e-05, "eps": 1e-05, "duration": 0.028567075729370117, "fun": "0.14586834994656905", "jac": "[-4.31954472e-07 -5.11035658e-08 -6.19426732e-07  4.52970994e-08\n  1.41587853e-06  1.63876690e-06]", "hess_inv": "[[ 5.33004999 -1.93239699  0.85062434  2.51883627 -0.23840132  1.02673408]\n [-1.93239699  4.94284516  0.26268034 -3.01305732  1.5767206  -2.22385737]\n [ 0.85062434  0.26268034  3.04231932  1.20218577  1.03667075  0.30317513]\n [ 2.51883627 -3.01305732  1.20218577  9.99692163 -0.95115657  1.59472336]\n [-0.23840132  1.5767206   1.03667075 -0.95115657  2.54526464 -0.38059568]\n [ 1.02673408 -2.22385737  0.30317513  1.59472336 -0.38059568  3.21850532]]", "nfev": "168", "njev": "24", "status": "0", "success": "True", "message": "Optimization terminated successfully.", "x": "[1.90560559 3.4474194  4.33517205 7.81392723 4.47675979 4.63168136]", "nit": "23"}, "9": {"maxiter": 500, "gtol": 1e-05, "xrtol": 1e-05, "eps": 1e-10, "duration": 0.02855992317199707, "fun": "0.14586834998330755", "jac": "[ 0.00000000e+00  0.00000000e+00  0.00000000e+00  0.00000000e+00\n -2.22044587e-06  2.22044587e-06]", "hess_inv": "[[ 5.37229956 -1.884648    1.01678462  2.8052973  -0.13655525  0.98205354]\n [-1.884648    4.84339424  0.12800303 -3.05652958  1.48538491 -2.13167577]\n [ 1.01678462  0.12800303  3.03865299  1.51100067  0.9951079   0.39239431]\n [ 2.8052973  -3.05652958  1.51100067 10.89301109 -0.80347613  1.61841596]\n [-0.13655525  1.48538491  0.9951079  -0.80347613  2.48908212 -0.32683572]\n [ 0.98205354 -2.13167577  0.39239431  1.61841596 -0.32683572  3.11968341]]", "nfev": "168", "njev": "24", "status": "0", "success": "True", "message": "Optimization terminated successfully.", "x": "[1.90562731 3.44741954 4.33519082 7.81396642 4.47676599 4.6316926 ]", "nit": "23"}, "10": {"maxiter": 500, "gtol": 1e-05, "xrtol": 1e-10, "eps": 1e-05, "duration": 0.028584003448486328, "fun": "0.14586834994656905", "jac": "[-4.31954472e-07 -5.11035658e-08 -6.19426732e-07  4.52970994e-08\n  1.41587853e-06  1.63876690e-06]", "hess_inv": "[[ 5.33004999 -1.93239699  0.85062434  2.51883627 -0.23840132  1.02673408]\n [-1.93239699  4.94284516  0.26268034 -3.01305732  1.5767206  -2.22385737]\n [ 0.85062434  0.26268034  3.04231932  1.20218577  1.03667075  0.30317513]\n [ 2.51883627 -3.01305732  1.20218577  9.99692163 -0.95115657  1.59472336]\n [-0.23840132  1.5767206   1.03667075 -0.95115657  2.54526464 -0.38059568]\n [ 1.02673408 -2.22385737  0.30317513  1.59472336 -0.38059568  3.21850532]]", "nfev": "168", "njev": "24", "status": "0", "success": "True", "message": "Optimization terminated successfully.", "x": "[1.90560559 3.4474194  4.33517205 7.81392723 4.47675979 4.63168136]", "nit": "23"}, "11": {"maxiter": 500, "gtol": 1e-05, "xrtol": 1e-10, "eps": 1e-10, "duration": 0.02857494354248047, "fun": "0.14586834998330755", "jac": "[ 0.00000000e+00  0.00000000e+00  0.00000000e+00  0.00000000e+00\n -2.22044587e-06  2.22044587e-06]", "hess_inv": "[[ 5.37229956 -1.884648    1.01678462  2.8052973  -0.13655525  0.98205354]\n [-1.884648    4.84339424  0.12800303 -3.05652958  1.48538491 -2.13167577]\n [ 1.01678462  0.12800303  3.03865299  1.51100067  0.9951079   0.39239431]\n [ 2.8052973  -3.05652958  1.51100067 10.89301109 -0.80347613  1.61841596]\n [-0.13655525  1.48538491  0.9951079  -0.80347613  2.48908212 -0.32683572]\n [ 0.98205354 -2.13167577  0.39239431  1.61841596 -0.32683572  3.11968341]]", "nfev": "168", "njev": "24", "status": "0", "success": "True", "message": "Optimization terminated successfully.", "x": "[1.90562731 3.44741954 4.33519082 7.81396642 4.47676599 4.6316926 ]", "nit": "23"}, "12": {"maxiter": 500, "gtol": 1e-10, "xrtol": 1e-05, "eps": 1e-05, "duration": 0.02854180335998535, "fun": "0.14586834994656905", "jac": "[-4.31954472e-07 -5.11035658e-08 -6.19426732e-07  4.52970994e-08\n  1.41587853e-06  1.63876690e-06]", "hess_inv": "[[ 5.33004999 -1.93239699  0.85062434  2.51883627 -0.23840132  1.02673408]\n [-1.93239699  4.94284516  0.26268034 -3.01305732  1.5767206  -2.22385737]\n [ 0.85062434  0.26268034  3.04231932  1.20218577  1.03667075  0.30317513]\n [ 2.51883627 -3.01305732  1.20218577  9.99692163 -0.95115657  1.59472336]\n [-0.23840132  1.5767206   1.03667075 -0.95115657  2.54526464 -0.38059568]\n [ 1.02673408 -2.22385737  0.30317513  1.59472336 -0.38059568  3.21850532]]", "nfev": "168", "njev": "24", "status": "0", "success": "True", "message": "Optimization terminated successfully.", "x": "[1.90560559 3.4474194  4.33517205 7.81392723 4.47675979 4.63168136]", "nit": "23"}, "13": {"maxiter": 500, "gtol": 1e-10, "xrtol": 1e-05, "eps": 1e-10, "duration": 0.028547048568725586, "fun": "0.14586834998330755", "jac": "[ 0.00000000e+00  0.00000000e+00  0.00000000e+00  0.00000000e+00\n -2.22044587e-06  2.22044587e-06]", "hess_inv": "[[ 5.37229956 -1.884648    1.01678462  2.8052973  -0.13655525  0.98205354]\n [-1.884648    4.84339424  0.12800303 -3.05652958  1.48538491 -2.13167577]\n [ 1.01678462  0.12800303  3.03865299  1.51100067  0.9951079   0.39239431]\n [ 2.8052973  -3.05652958  1.51100067 10.89301109 -0.80347613  1.61841596]\n [-0.13655525  1.48538491  0.9951079  -0.80347613  2.48908212 -0.32683572]\n [ 0.98205354 -2.13167577  0.39239431  1.61841596 -0.32683572  3.11968341]]", "nfev": "168", "njev": "24", "status": "0", "success": "True", "message": "Optimization terminated successfully.", "x": "[1.90562731 3.44741954 4.33519082 7.81396642 4.47676599 4.6316926 ]", "nit": "23"}, "14": {"maxiter": 500, "gtol": 1e-10, "xrtol": 1e-10, "eps": 1e-05, "duration": 0.07673811912536621, "fun": "0.14586834994607512", "jac": "[-2.95918845e-07 -1.32116540e-07 -4.64761563e-07  4.45754544e-08\n  1.10158549e-06  1.06989972e-06]", "hess_inv": "[[ 5.22236924 -1.85069676  0.86028291  2.43995648 -0.22444608  1.18581341]\n [-1.85069676  5.3602049   0.36668724 -3.12572103  1.1102761  -2.88638494]\n [ 0.86028291  0.36668724  3.0151398   1.07972742  0.86448913  0.14412667]\n [ 2.43995648 -3.12572103  1.07972742  9.84770237 -0.88860664  1.87380317]\n [-0.22444608  1.1102761   0.86448913 -0.88860664  2.89555771  0.09048458]\n [ 1.18581341 -2.88638494  0.14412667  1.87380317  0.09048458  3.58907764]]", "nfev": "453", "njev": "63", "status": "2", "success": "False", "message": "Desired error not necessarily achieved due to precision loss.", "x": "[1.90560605 3.44741994 4.33517223 7.81392725 4.47675889 4.63167969]", "nit": "25"}, "15": {"maxiter": 500, "gtol": 1e-10, "xrtol": 1e-10, "eps": 1e-10, "duration": 0.09310173988342285, "fun": "0.14586834996416775", "jac": "[1.11022293e-06 0.00000000e+00 1.11022293e-06 1.11022293e-06\n 1.11022293e-06 2.22044587e-06]", "hess_inv": "[[ 0.0304801   0.15523054  0.08221707 -0.03202129 -0.01658767 -0.05042402]\n [ 0.15523054  1.52016712  0.85328537 -0.31883157 -0.04908456 -0.55661728]\n [ 0.08221707  0.85328537  0.48127501 -0.1788005  -0.02389195 -0.31557495]\n [-0.03202129 -0.31883157 -0.1788005   0.06743614  0.0089228   0.11742057]\n [-0.01658767 -0.04908456 -0.02389195  0.0089228   0.01464516  0.00741751]\n [-0.05042402 -0.55661728 -0.31557495  0.11742057  0.00741751  0.21804092]]", "nfev": "555", "njev": "78", "status": "2", "success": "False", "message": "Desired error not necessarily achieved due to precision loss.", "x": "[1.90562231 3.44742355 4.33519248 7.81395927 4.47677079 4.63168698]", "nit": "35"}, "16": {"maxiter": 1000, "gtol": 1e-05, "xrtol": 1e-05, "eps": 1e-05, "duration": 0.028582096099853516, "fun": "0.14586834994656905", "jac": "[-4.31954472e-07 -5.11035658e-08 -6.19426732e-07  4.52970994e-08\n  1.41587853e-06  1.63876690e-06]", "hess_inv": "[[ 5.33004999 -1.93239699  0.85062434  2.51883627 -0.23840132  1.02673408]\n [-1.93239699  4.94284516  0.26268034 -3.01305732  1.5767206  -2.22385737]\n [ 0.85062434  0.26268034  3.04231932  1.20218577  1.03667075  0.30317513]\n [ 2.51883627 -3.01305732  1.20218577  9.99692163 -0.95115657  1.59472336]\n [-0.23840132  1.5767206   1.03667075 -0.95115657  2.54526464 -0.38059568]\n [ 1.02673408 -2.22385737  0.30317513  1.59472336 -0.38059568  3.21850532]]", "nfev": "168", "njev": "24", "status": "0", "success": "True", "message": "Optimization terminated successfully.", "x": "[1.90560559 3.4474194  4.33517205 7.81392723 4.47675979 4.63168136]", "nit": "23"}, "17": {"maxiter": 1000, "gtol": 1e-05, "xrtol": 1e-05, "eps": 1e-10, "duration": 0.028524160385131836, "fun": "0.14586834998330755", "jac": "[ 0.00000000e+00  0.00000000e+00  0.00000000e+00  0.00000000e+00\n -2.22044587e-06  2.22044587e-06]", "hess_inv": "[[ 5.37229956 -1.884648    1.01678462  2.8052973  -0.13655525  0.98205354]\n [-1.884648    4.84339424  0.12800303 -3.05652958  1.48538491 -2.13167577]\n [ 1.01678462  0.12800303  3.03865299  1.51100067  0.9951079   0.39239431]\n [ 2.8052973  -3.05652958  1.51100067 10.89301109 -0.80347613  1.61841596]\n [-0.13655525  1.48538491  0.9951079  -0.80347613  2.48908212 -0.32683572]\n [ 0.98205354 -2.13167577  0.39239431  1.61841596 -0.32683572  3.11968341]]", "nfev": "168", "njev": "24", "status": "0", "success": "True", "message": "Optimization terminated successfully.", "x": "[1.90562731 3.44741954 4.33519082 7.81396642 4.47676599 4.6316926 ]", "nit": "23"}, "18": {"maxiter": 1000, "gtol": 1e-05, "xrtol": 1e-10, "eps": 1e-05, "duration": 0.028573036193847656, "fun": "0.14586834994656905", "jac": "[-4.31954472e-07 -5.11035658e-08 -6.19426732e-07  4.52970994e-08\n  1.41587853e-06  1.63876690e-06]", "hess_inv": "[[ 5.33004999 -1.93239699  0.85062434  2.51883627 -0.23840132  1.02673408]\n [-1.93239699  4.94284516  0.26268034 -3.01305732  1.5767206  -2.22385737]\n [ 0.85062434  0.26268034  3.04231932  1.20218577  1.03667075  0.30317513]\n [ 2.51883627 -3.01305732  1.20218577  9.99692163 -0.95115657  1.59472336]\n [-0.23840132  1.5767206   1.03667075 -0.95115657  2.54526464 -0.38059568]\n [ 1.02673408 -2.22385737  0.30317513  1.59472336 -0.38059568  3.21850532]]", "nfev": "168", "njev": "24", "status": "0", "success": "True", "message": "Optimization terminated successfully.", "x": "[1.90560559 3.4474194  4.33517205 7.81392723 4.47675979 4.63168136]", "nit": "23"}, "19": {"maxiter": 1000, "gtol": 1e-05, "xrtol": 1e-10, "eps": 1e-10, "duration": 0.028403282165527344, "fun": "0.14586834998330755", "jac": "[ 0.00000000e+00  0.00000000e+00  0.00000000e+00  0.00000000e+00\n -2.22044587e-06  2.22044587e-06]", "hess_inv": "[[ 5.37229956 -1.884648    1.01678462  2.8052973  -0.13655525  0.98205354]\n [-1.884648    4.84339424  0.12800303 -3.05652958  1.48538491 -2.13167577]\n [ 1.01678462  0.12800303  3.03865299  1.51100067  0.9951079   0.39239431]\n [ 2.8052973  -3.05652958  1.51100067 10.89301109 -0.80347613  1.61841596]\n [-0.13655525  1.48538491  0.9951079  -0.80347613  2.48908212 -0.32683572]\n [ 0.98205354 -2.13167577  0.39239431  1.61841596 -0.32683572  3.11968341]]", "nfev": "168", "njev": "24", "status": "0", "success": "True", "message": "Optimization terminated successfully.", "x": "[1.90562731 3.44741954 4.33519082 7.81396642 4.47676599 4.6316926 ]", "nit": "23"}, "20": {"maxiter": 1000, "gtol": 1e-10, "xrtol": 1e-05, "eps": 1e-05, "duration": 0.0282590389251709, "fun": "0.14586834994656905", "jac": "[-4.31954472e-07 -5.11035658e-08 -6.19426732e-07  4.52970994e-08\n  1.41587853e-06  1.63876690e-06]", "hess_inv": "[[ 5.33004999 -1.93239699  0.85062434  2.51883627 -0.23840132  1.02673408]\n [-1.93239699  4.94284516  0.26268034 -3.01305732  1.5767206  -2.22385737]\n [ 0.85062434  0.26268034  3.04231932  1.20218577  1.03667075  0.30317513]\n [ 2.51883627 -3.01305732  1.20218577  9.99692163 -0.95115657  1.59472336]\n [-0.23840132  1.5767206   1.03667075 -0.95115657  2.54526464 -0.38059568]\n [ 1.02673408 -2.22385737  0.30317513  1.59472336 -0.38059568  3.21850532]]", "nfev": "168", "njev": "24", "status": "0", "success": "True", "message": "Optimization terminated successfully.", "x": "[1.90560559 3.4474194  4.33517205 7.81392723 4.47675979 4.63168136]", "nit": "23"}, "21": {"maxiter": 1000, "gtol": 1e-10, "xrtol": 1e-05, "eps": 1e-10, "duration": 0.028152942657470703, "fun": "0.14586834998330755", "jac": "[ 0.00000000e+00  0.00000000e+00  0.00000000e+00  0.00000000e+00\n -2.22044587e-06  2.22044587e-06]", "hess_inv": "[[ 5.37229956 -1.884648    1.01678462  2.8052973  -0.13655525  0.98205354]\n [-1.884648    4.84339424  0.12800303 -3.05652958  1.48538491 -2.13167577]\n [ 1.01678462  0.12800303  3.03865299  1.51100067  0.9951079   0.39239431]\n [ 2.8052973  -3.05652958  1.51100067 10.89301109 -0.80347613  1.61841596]\n [-0.13655525  1.48538491  0.9951079  -0.80347613  2.48908212 -0.32683572]\n [ 0.98205354 -2.13167577  0.39239431  1.61841596 -0.32683572  3.11968341]]", "nfev": "168", "njev": "24", "status": "0", "success": "True", "message": "Optimization terminated successfully.", "x": "[1.90562731 3.44741954 4.33519082 7.81396642 4.47676599 4.6316926 ]", "nit": "23"}, "22": {"maxiter": 1000, "gtol": 1e-10, "xrtol": 1e-10, "eps": 1e-05, "duration": 0.07524704933166504, "fun": "0.14586834994607512", "jac": "[-2.95918845e-07 -1.32116540e-07 -4.64761563e-07  4.45754544e-08\n  1.10158549e-06  1.06989972e-06]", "hess_inv": "[[ 5.22236924 -1.85069676  0.86028291  2.43995648 -0.22444608  1.18581341]\n [-1.85069676  5.3602049   0.36668724 -3.12572103  1.1102761  -2.88638494]\n [ 0.86028291  0.36668724  3.0151398   1.07972742  0.86448913  0.14412667]\n [ 2.43995648 -3.12572103  1.07972742  9.84770237 -0.88860664  1.87380317]\n [-0.22444608  1.1102761   0.86448913 -0.88860664  2.89555771  0.09048458]\n [ 1.18581341 -2.88638494  0.14412667  1.87380317  0.09048458  3.58907764]]", "nfev": "453", "njev": "63", "status": "2", "success": "False", "message": "Desired error not necessarily achieved due to precision loss.", "x": "[1.90560605 3.44741994 4.33517223 7.81392725 4.47675889 4.63167969]", "nit": "25"}, "23": {"maxiter": 1000, "gtol": 1e-10, "xrtol": 1e-10, "eps": 1e-10, "duration": 0.09220600128173828, "fun": "0.14586834996416775", "jac": "[1.11022293e-06 0.00000000e+00 1.11022293e-06 1.11022293e-06\n 1.11022293e-06 2.22044587e-06]", "hess_inv": "[[ 0.0304801   0.15523054  0.08221707 -0.03202129 -0.01658767 -0.05042402]\n [ 0.15523054  1.52016712  0.85328537 -0.31883157 -0.04908456 -0.55661728]\n [ 0.08221707  0.85328537  0.48127501 -0.1788005  -0.02389195 -0.31557495]\n [-0.03202129 -0.31883157 -0.1788005   0.06743614  0.0089228   0.11742057]\n [-0.01658767 -0.04908456 -0.02389195  0.0089228   0.01464516  0.00741751]\n [-0.05042402 -0.55661728 -0.31557495  0.11742057  0.00741751  0.21804092]]", "nfev": "555", "njev": "78", "status": "2", "success": "False", "message": "Desired error not necessarily achieved due to precision loss.", "x": "[1.90562231 3.44742355 4.33519248 7.81395927 4.47677079 4.63168698]", "nit": "35"}}, "cobyla": {"0": {"maxiter": 100, "tol": 1e-05, "catol": 1e-05, "duration": 0.01607489585876465, "x": "[1.87331186 3.48697602 4.34984771 7.7461992  4.46907657 4.61583189]", "status": "2", "success": "False", "message": "Maximum number of function evaluations has been exceeded.", "nfev": "100", "fun": "0.14622238006010924", "maxcv": "0.0"}, "1": {"maxiter": 100, "tol": 1e-05, "catol": 1e-10, "duration": 0.01626300811767578, "x": "[1.87331186 3.48697602 4.34984771 7.7461992  4.46907657 4.61583189]", "status": "2", "success": "False", "message": "Maximum number of function evaluations has been exceeded.", "nfev": "100", "fun": "0.14622238006010924", "maxcv": "0.0"}, "2": {"maxiter": 100, "tol": 1e-10, "catol": 1e-05, "duration": 0.016308069229125977, "x": "[1.87331186 3.48697602 4.34984771 7.7461992  4.46907657 4.61583189]", "status": "2", "success": "False", "message": "Maximum number of function evaluations has been exceeded.", "nfev": "100", "fun": "0.14622238006010924", "maxcv": "0.0"}, "3": {"maxiter": 100, "tol": 1e-10, "catol": 1e-10, "duration": 0.016473770141601562, "x": "[1.87331186 3.48697602 4.34984771 7.7461992  4.46907657 4.61583189]", "status": "2", "success": "False", "message": "Maximum number of function evaluations has been exceeded.", "nfev": "100", "fun": "0.14622238006010924", "maxcv": "0.0"}, "4": {"maxiter": 500, "tol": 1e-05, "catol": 1e-05, "duration": 0.041271209716796875, "x": "[1.90560565 3.44744247 4.33518079 7.81391623 4.47677143 4.63166788]", "status": "1", "success": "True", "message": "Optimization terminated successfully.", "nfev": "252", "fun": "0.14586834996486808", "maxcv": "0.0"}, "5": {"maxiter": 500, "tol": 1e-05, "catol": 1e-10, "duration": 0.0414738655090332, "x": "[1.90560565 3.44744247 4.33518079 7.81391623 4.47677143 4.63166788]", "status": "1", "success": "True", "message": "Optimization terminated successfully.", "nfev": "252", "fun": "0.14586834996486808", "maxcv": "0.0"}, "6": {"maxiter": 500, "tol": 1e-10, "catol": 1e-05, "duration": 0.0618438720703125, "x": "[1.90561457 3.44742528 4.33518354 7.81393477 4.47676381 4.63168159]", "status": "1", "success": "True", "message": "Optimization terminated successfully.", "nfev": "378", "fun": "0.1458683499170773", "maxcv": "0.0"}, "7": {"maxiter": 500, "tol": 1e-10, "catol": 1e-10, "duration": 0.061881065368652344, "x": "[1.90561457 3.44742528 4.33518354 7.81393477 4.47676381 4.63168159]", "status": "1", "success": "True", "message": "Optimization terminated successfully.", "nfev": "378", "fun": "0.1458683499170773", "maxcv": "0.0"}, "8": {"maxiter": 1000, "tol": 1e-05, "catol": 1e-05, "duration": 0.04114580154418945, "x": "[1.90560565 3.44744247 4.33518079 7.81391623 4.47677143 4.63166788]", "status": "1", "success": "True", "message": "Optimization terminated successfully.", "nfev": "252", "fun": "0.14586834996486808", "maxcv": "0.0"}, "9": {"maxiter": 1000, "tol": 1e-05, "catol": 1e-10, "duration": 0.04113888740539551, "x": "[1.90560565 3.44744247 4.33518079 7.81391623 4.47677143 4.63166788]", "status": "1", "success": "True", "message": "Optimization terminated successfully.", "nfev": "252", "fun": "0.14586834996486808", "maxcv": "0.0"}, "10": {"maxiter": 1000, "tol": 1e-10, "catol": 1e-05, "duration": 0.06166386604309082, "x": "[1.90561457 3.44742528 4.33518354 7.81393477 4.47676381 4.63168159]", "status": "1", "success": "True", "message": "Optimization terminated successfully.", "nfev": "378", "fun": "0.1458683499170773", "maxcv": "0.0"}, "11": {"maxiter": 1000, "tol": 1e-10, "catol": 1e-10, "duration": 0.061411142349243164, "x": "[1.90561457 3.44742528 4.33518354 7.81393477 4.47676381 4.63168159]", "status": "1", "success": "True", "message": "Optimization terminated successfully.", "nfev": "378", "fun": "0.1458683499170773", "maxcv": "0.0"}}, "dual_annealing_0": {"type": "gradient-free", "0": {"maxiter": 100, "duration": 0.24143671989440918, "success": "True", "status": "0", "x": "[1.90561565 3.44742258 4.33517957 1.53074605 4.4767595  4.6316869 ]", "fun": "0.14586834992785747", "nit": "100", "nfev": "1390", "njev": "27", "nhev": "0", "message": "['Maximum number of iteration reached']"}, "1": {"maxiter": 500, "duration": 1.075312852859497, "success": "True", "status": "0", "x": "[1.90562466 3.44742846 4.33519565 1.53074478 4.47677899 4.6316828 ]", "fun": "0.145868349973039", "nit": "500", "nfev": "6162", "njev": "23", "nhev": "0", "message": "['Maximum number of iteration reached']"}, "2": {"maxiter": 1000, "duration": 2.114542007446289, "success": "True", "status": "0", "x": "[4.37756477 0.30585927 1.19360351 1.53075734 4.47676806 4.63167747]", "fun": "0.1458683500215977", "nit": "1000", "nfev": "12197", "njev": "28", "nhev": "0", "message": "['Maximum number of iteration reached']"}, "bounds": [[0.0, 6.283185307179586], [0.0, 6.283185307179586], [0.0, 6.283185307179586], [0.0, 6.283185307179586], [0.0, 6.283185307179586], [0.0, 6.283185307179586]]}, "dual_annealing_1": {"type": "gradient-free", "0": {"maxiter": 100, "duration": 0.24007821083068848, "success": "True", "status": "0", "x": "[4.37756307 6.58900489 7.47677306 1.53076038 4.47675981 4.63168903]", "fun": "0.14586834993406594", "nit": "100", "nfev": "1376", "njev": "25", "nhev": "0", "message": "['Maximum number of iteration reached']"}, "1": {"maxiter": 500, "duration": 1.0717089176177979, "success": "True", "status": "0", "x": "[4.37756901 6.58902117 1.19359372 4.75243664 7.61835476 1.49008833]", "fun": "0.14586834992059106", "nit": "500", "nfev": "6148", "njev": "21", "nhev": "0", "message": "['Maximum number of iteration reached']"}, "2": {"maxiter": 1000, "duration": 2.0871479511260986, "success": "True", "status": "0", "x": "[4.37759354 6.58902945 7.47677696 4.7524377  7.6183394  1.49006935]", "fun": "0.14586835005815457", "nit": "1000", "nfev": "12162", "njev": "23", "nhev": "0", "message": "['Maximum number of iteration reached']"}, "bounds": [[0.0, 9.42477796076938], [0.0, 9.42477796076938], [0.0, 9.42477796076938], [0.0, 9.42477796076938], [0.0, 9.42477796076938], [0.0, 9.42477796076938]]}, "dual_annealing_2": {"type": "gradient-free", "0": {"maxiter": 100, "duration": 0.22548937797546387, "success": "True", "status": "0", "x": "[10.54074394 12.56637061  7.40999504  4.57875777  7.61120296  7.8792497 ]", "fun": "0.15228169038948702", "nit": "100", "nfev": "1306", "njev": "15", "nhev": "0", "message": "['Maximum number of iteration reached']"}, "1": {"maxiter": 500, "duration": 1.0645661354064941, "success": "True", "status": "0", "x": "[ 8.18879719  9.73061034  4.33518229  1.53074971 10.75995084  4.63168335]", "fun": "0.14586834991950304", "nit": "500", "nfev": "6134", "njev": "19", "nhev": "0", "message": "['Maximum number of iteration reached']"}, "2": {"maxiter": 1000, "duration": 2.0917680263519287, "success": "True", "status": "0", "x": "[ 1.90561272  9.73061961  4.33518639  1.53073779 10.75995053  4.63167838]", "fun": "0.14586834992731879", "nit": "1000", "nfev": "12120", "njev": "17", "nhev": "0", "message": "['Maximum number of iteration reached']"}, "bounds": [[0.0, 12.566370614359172], [0.0, 12.566370614359172], [0.0, 12.566370614359172], [0.0, 12.566370614359172], [0.0, 12.566370614359172], [0.0, 12.566370614359172]]}, "dual_annealing_3": {"type": "gradient-free", "0": {"maxiter": 100, "duration": 0.24347591400146484, "success": "True", "status": "0", "x": "[ 4.37757492  0.30583518  1.19358684  4.7524244  -4.9480123   1.49008986]", "fun": "0.14586834994005393", "nit": "100", "nfev": "1397", "njev": "28", "nhev": "0", "message": "['Maximum number of iteration reached']"}, "1": {"maxiter": 500, "duration": 1.0823581218719482, "success": "True", "status": "0", "x": "[ 1.90560948 -2.83576828 -1.94800375  1.53076583  4.47676129 -1.6515008 ]", "fun": "0.14586834994116948", "nit": "500", "nfev": "6246", "njev": "35", "nhev": "0", "message": "['Maximum number of iteration reached']"}, "2": {"maxiter": 1000, "duration": 2.0943920612335205, "success": "True", "status": "0", "x": "[-4.37757681  3.44741621 -1.94801062 -4.75245253 -1.80642716 -1.65149774]", "fun": "0.1458683499630068", "nit": "1000", "nfev": "12085", "njev": "12", "nhev": "0", "message": "['Maximum number of iteration reached']"}, "bounds": [[-6.283185307179586, 6.283185307179586], [-6.283185307179586, 6.283185307179586], [-6.283185307179586, 6.283185307179586], [-6.283185307179586, 6.283185307179586], [-6.283185307179586, 6.283185307179586], [-6.283185307179586, 6.283185307179586]]}, "dual_annealing_4": {"type": "gradient-free", "0": {"maxiter": 100, "duration": 0.2455449104309082, "success": "True", "status": "0", "x": "[ 8.30881626  9.42477796 -2.01476701  7.98759546 -1.81354171  4.73767446]", "fun": "0.15228169017582804", "nit": "100", "nfev": "1411", "njev": "30", "nhev": "0", "message": "['Maximum number of iteration reached']"}, "1": {"maxiter": 500, "duration": 1.0590970516204834, "success": "True", "status": "0", "x": "[-4.37757455 -2.83575678  4.3351834  -7.81393043  1.33517132 -4.79309519]", "fun": "0.1458683499199711", "nit": "500", "nfev": "6169", "njev": "24", "nhev": "0", "message": "['Maximum number of iteration reached']"}, "2": {"maxiter": 1000, "duration": 2.0997183322906494, "success": "True", "status": "0", "x": "[-1.90561866  6.58901368 -5.08959761  1.53075153  4.47676059 -7.93468784]", "fun": "0.14586834992149122", "nit": "1000", "nfev": "12155", "njev": "22", "nhev": "0", "message": "['Maximum number of iteration reached']"}, "bounds": [[-9.42477796076938, 9.42477796076938], [-9.42477796076938, 9.42477796076938], [-9.42477796076938, 9.42477796076938], [-9.42477796076938, 9.42477796076938], [-9.42477796076938, 9.42477796076938], [-9.42477796076938, 9.42477796076938]]}, "dual_annealing_5": {"type": "gradient-free", "0": {"maxiter": 100, "duration": 0.23582005500793457, "success": "True", "status": "0", "x": "[-8.18880684  0.30584105  1.19358942 -4.7524369   4.47676379 -1.65151906]", "fun": "0.14586834996425468", "nit": "100", "nfev": "1362", "njev": "23", "nhev": "0", "message": "['Maximum number of iteration reached']"}, "1": {"maxiter": 500, "duration": 1.062958002090454, "success": "True", "status": "0", "x": "[ 1.90564066 -9.1189631   4.33518811 11.03562071  7.61835826 -4.79308624]", "fun": "0.14586834999902865", "nit": "500", "nfev": "6148", "njev": "21", "nhev": "0", "message": "['Maximum number of iteration reached']"}, "2": {"maxiter": 1000, "duration": 2.093477964401245, "success": "True", "status": "0", "x": "[-8.18877836 -5.97731761  7.4767848   4.75247587  1.33518764  1.49005592]", "fun": "0.14586835015216515", "nit": "1000", "nfev": "12204", "njev": "29", "nhev": "0", "message": "['Maximum number of iteration reached']"}, "bounds": [[-12.566370614359172, 12.566370614359172], [-12.566370614359172, 12.566370614359172], [-12.566370614359172, 12.566370614359172], [-12.566370614359172, 12.566370614359172], [-12.566370614359172, 12.566370614359172], [-12.566370614359172, 12.566370614359172]]}}, "duration (s)": 111.66}