{"date": "2024/07/22/, 22:59:52", "conf_id": 45, "data_type": "random\n", "num_data_points": 3, "s_rank": 0, "unitary": "[[-0.45070455-0.02711853j,0.78437395-0.06613086j,0.06358678+0.19963393j,-0.07343613+0.35668523j],[-0.01890143-0.03813363j,0.32408202+0.25557629j,0.05872864-0.68979805j,0.55466693-0.20227297j],[-0.11215405+0.64023111j,-0.13344055+0.29565494j,-0.49012687-0.19046288j,-0.04241254+0.44046348j],[0.55771659+0.24656916j,0.31851997-0.05798805j,0.28761525-0.34294258j,-0.56718418+0.03616933j]]", "databatch_0": {"databatch": "[[[0.20780989-0.08739638j,0.07572392+0.08216868j,-0.12525564+0.04166026j,0.14017538+0.12114717j],[-0.05949731+0.28632862j,0.03602158+0.0923947j,0.09043724-0.19015173j,-0.33880487+0.13263433j],[0.29612548-0.19011501j,0.06097558-0.01939222j,-0.21932204+0.09400137j,0.34580394+0.15269533j],[0.2999211-0.17169214j,0.16442497+0.08135229j,-0.18361469+0.07513972j,0.23952208+0.18784767j]],[[-0.32293683+0.0382389j,0.18154424+0.10675873j,-0.20173852-0.14209723j,-0.0262684-0.13847787j],[-0.23969232+0.20499898j,0.04770525+0.08123466j,-0.29813785-0.18138398j,-0.23395995-0.09140806j],[-0.18577294-0.10478729j,0.14153678-0.15610219j,0.21107579-0.00576949j,0.19967879-0.24161009j],[-0.03725587-0.16795302j,0.25023024+0.19539822j,-0.09386188+0.16135599j,0.23624475+0.14876722j]],[[-0.02514319-0.27064664j,0.03990407-0.10813328j,0.08658631-0.22165067j,0.16714593+0.11574773j],[0.5018435+0.15061353j,-0.1006095+0.1094505j,0.2886733+0.50303888j,-0.24182659+0.23292771j],[-0.07725904+0.08964693j,-0.06965844-0.00963496j,-0.11851732+0.0550459j,-0.00700749-0.0772186j],[-0.07418627+0.02035604j,0.06458889-0.03496066j,-0.08113886-0.08450706j,-0.00807933-0.04451596j]]]", "initial param values": "[6.13526695,2.04589514,5.49657264,3.22586259,0.17754961,5.36256703]", "bfgs": {"type": "gradient", "0": {"maxiter": 100, "gtol": 1e-05, "xrtol": 1e-05, "eps": 1e-05, "duration": 0.04942488670349121, "fun": "0.25164758676056076", "jac": "[-1.69364522e-07 -1.16545662e-06 -1.10977894e-07  4.80737672e-07\n -1.42119649e-07 -5.23536770e-07]", "hess_inv": "[[ 4.54144914 -0.43322785 -2.12790414 -1.89529281  0.13504328 -2.84343656]\n [-0.43322785  3.20930466 -0.29500747 -0.31368912 -0.08649415  1.03849983]\n [-2.12790414 -0.29500747  6.69386303  2.01437577 -2.20296653  3.2716888 ]\n [-1.89529281 -0.31368912  2.01437577  5.0901522  -0.91778219  2.07139557]\n [ 0.13504328 -0.08649415 -2.20296653 -0.91778219  4.13271667 -0.99492039]\n [-2.84343656  1.03849983  3.2716888   2.07139557 -0.99492039  6.08678515]]", "nfev": "273", "njev": "39", "status": "0", "success": "True", "message": "Optimization terminated successfully.", "x": "[7.51144288 1.44291124 6.90370278 4.68786718 0.38365132 8.87222617]", "nit": "32"}, "1": {"maxiter": 100, "gtol": 1e-05, "xrtol": 1e-05, "eps": 1e-10, "duration": 0.04830789566040039, "fun": "0.25164758676766874", "jac": "[ 2.22044587e-06 -2.22044587e-06 -2.22044587e-06  1.11022293e-06\n  1.11022293e-06  0.00000000e+00]", "hess_inv": "[[ 4.56723102 -0.41356281 -2.15557056 -1.90115117  0.15808985 -2.83617502]\n [-0.41356281  3.21927985 -0.32129792 -0.3255404  -0.07567626  1.02908047]\n [-2.15557056 -0.32129792  6.68536985  2.02516451 -2.23595495  3.21690095]\n [-1.90115117 -0.3255404   2.02516451  5.08630167 -0.93220936  2.06242803]\n [ 0.15808985 -0.07567626 -2.23595495 -0.93220936  4.14542086 -1.0071579 ]\n [-2.83617502  1.02908047  3.21690095  2.06242803 -1.0071579   6.01634558]]", "nfev": "273", "njev": "39", "status": "0", "success": "True", "message": "Optimization terminated successfully.", "x": "[7.51145554 1.44291762 6.90369392 4.68785932 0.38366079 8.87222243]", "nit": "32"}, "2": {"maxiter": 100, "gtol": 1e-05, "xrtol": 1e-10, "eps": 1e-05, "duration": 0.048708200454711914, "fun": "0.25164758676056076", "jac": "[-1.69364522e-07 -1.16545662e-06 -1.10977894e-07  4.80737672e-07\n -1.42119649e-07 -5.23536770e-07]", "hess_inv": "[[ 4.54144914 -0.43322785 -2.12790414 -1.89529281  0.13504328 -2.84343656]\n [-0.43322785  3.20930466 -0.29500747 -0.31368912 -0.08649415  1.03849983]\n [-2.12790414 -0.29500747  6.69386303  2.01437577 -2.20296653  3.2716888 ]\n [-1.89529281 -0.31368912  2.01437577  5.0901522  -0.91778219  2.07139557]\n [ 0.13504328 -0.08649415 -2.20296653 -0.91778219  4.13271667 -0.99492039]\n [-2.84343656  1.03849983  3.2716888   2.07139557 -0.99492039  6.08678515]]", "nfev": "273", "njev": "39", "status": "0", "success": "True", "message": "Optimization terminated successfully.", "x": "[7.51144288 1.44291124 6.90370278 4.68786718 0.38365132 8.87222617]", "nit": "32"}, "3": {"maxiter": 100, "gtol": 1e-05, "xrtol": 1e-10, "eps": 1e-10, "duration": 0.0480809211730957, "fun": "0.25164758676766874", "jac": "[ 2.22044587e-06 -2.22044587e-06 -2.22044587e-06  1.11022293e-06\n  1.11022293e-06  0.00000000e+00]", "hess_inv": "[[ 4.56723102 -0.41356281 -2.15557056 -1.90115117  0.15808985 -2.83617502]\n [-0.41356281  3.21927985 -0.32129792 -0.3255404  -0.07567626  1.02908047]\n [-2.15557056 -0.32129792  6.68536985  2.02516451 -2.23595495  3.21690095]\n [-1.90115117 -0.3255404   2.02516451  5.08630167 -0.93220936  2.06242803]\n [ 0.15808985 -0.07567626 -2.23595495 -0.93220936  4.14542086 -1.0071579 ]\n [-2.83617502  1.02908047  3.21690095  2.06242803 -1.0071579   6.01634558]]", "nfev": "273", "njev": "39", "status": "0", "success": "True", "message": "Optimization terminated successfully.", "x": "[7.51145554 1.44291762 6.90369392 4.68785932 0.38366079 8.87222243]", "nit": "32"}, "4": {"maxiter": 100, "gtol": 1e-10, "xrtol": 1e-05, "eps": 1e-05, "duration": 0.04935193061828613, "fun": "0.25164758676056076", "jac": "[-1.69364522e-07 -1.16545662e-06 -1.10977894e-07  4.80737672e-07\n -1.42119649e-07 -5.23536770e-07]", "hess_inv": "[[ 4.54144914 -0.43322785 -2.12790414 -1.89529281  0.13504328 -2.84343656]\n [-0.43322785  3.20930466 -0.29500747 -0.31368912 -0.08649415  1.03849983]\n [-2.12790414 -0.29500747  6.69386303  2.01437577 -2.20296653  3.2716888 ]\n [-1.89529281 -0.31368912  2.01437577  5.0901522  -0.91778219  2.07139557]\n [ 0.13504328 -0.08649415 -2.20296653 -0.91778219  4.13271667 -0.99492039]\n [-2.84343656  1.03849983  3.2716888   2.07139557 -0.99492039  6.08678515]]", "nfev": "273", "njev": "39", "status": "0", "success": "True", "message": "Optimization terminated successfully.", "x": "[7.51144288 1.44291124 6.90370278 4.68786718 0.38365132 8.87222617]", "nit": "32"}, "5": {"maxiter": 100, "gtol": 1e-10, "xrtol": 1e-05, "eps": 1e-10, "duration": 0.04912614822387695, "fun": "0.25164758676766874", "jac": "[ 2.22044587e-06 -2.22044587e-06 -2.22044587e-06  1.11022293e-06\n  1.11022293e-06  0.00000000e+00]", "hess_inv": "[[ 4.56723102 -0.41356281 -2.15557056 -1.90115117  0.15808985 -2.83617502]\n [-0.41356281  3.21927985 -0.32129792 -0.3255404  -0.07567626  1.02908047]\n [-2.15557056 -0.32129792  6.68536985  2.02516451 -2.23595495  3.21690095]\n [-1.90115117 -0.3255404   2.02516451  5.08630167 -0.93220936  2.06242803]\n [ 0.15808985 -0.07567626 -2.23595495 -0.93220936  4.14542086 -1.0071579 ]\n [-2.83617502  1.02908047  3.21690095  2.06242803 -1.0071579   6.01634558]]", "nfev": "273", "njev": "39", "status": "0", "success": "True", "message": "Optimization terminated successfully.", "x": "[7.51145554 1.44291762 6.90369392 4.68785932 0.38366079 8.87222243]", "nit": "32"}, "6": {"maxiter": 100, "gtol": 1e-10, "xrtol": 1e-10, "eps": 1e-05, "duration": 0.08239412307739258, "fun": "0.2516475867452358", "jac": "[ 2.07611706e-09  6.21724894e-10  2.26485497e-09  0.00000000e+00\n  5.05151476e-09 -1.56541446e-09]", "hess_inv": "[[ 4.64829847 -0.6799947  -2.16383996 -1.84664759  0.21015167 -3.06498498]\n [-0.6799947   3.70188189 -0.2314626  -0.40792028 -0.07686831  1.40869871]\n [-2.16383996 -0.2314626   6.63904473  2.00784242 -2.17559696  3.26478454]\n [-1.84664759 -0.40792028  2.00784242  5.11382527 -0.97420935  2.02718549]\n [ 0.21015167 -0.07686831 -2.17559696 -0.97420935  4.10920781 -0.95969219]\n [-3.06498498  1.40869871  3.26478454  2.02718549 -0.95969219  6.31538657]]", "nfev": "481", "njev": "67", "status": "2", "success": "False", "message": "Desired error not necessarily achieved due to precision loss.", "x": "[7.51144195 1.44291637 6.90370332 4.68786504 0.38365168 8.87222984]", "nit": "34"}, "7": {"maxiter": 100, "gtol": 1e-10, "xrtol": 1e-10, "eps": 1e-10, "duration": 0.10708022117614746, "fun": "0.25164758672725807", "jac": "[1.11022293e-06 0.00000000e+00 0.00000000e+00 0.00000000e+00\n 1.11022293e-06 0.00000000e+00]", "hess_inv": "[[ 0.04244657  0.13796283 -0.03916585  0.08151361 -0.07413255  0.0195282 ]\n [ 0.13796283  0.50434383 -0.14840777  0.28192543 -0.23960158  0.07192554]\n [-0.03916585 -0.14840777  0.04462832 -0.08151163  0.06758699 -0.0211623 ]\n [ 0.08151361  0.28192543 -0.08151163  0.16195968 -0.14225219  0.04013041]\n [-0.07413255 -0.23960158  0.06758699 -0.14225219  0.13014384 -0.03402851]\n [ 0.0195282   0.07192554 -0.0211623   0.04013041 -0.03402851  0.01034017]]", "nfev": "632", "njev": "89", "status": "2", "success": "False", "message": "Desired error not necessarily achieved due to precision loss.", "x": "[7.51144275 1.44292353 6.90370902 4.68786483 0.38365483 8.87223833]", "nit": "44"}, "8": {"maxiter": 500, "gtol": 1e-05, "xrtol": 1e-05, "eps": 1e-05, "duration": 0.04836416244506836, "fun": "0.25164758676056076", "jac": "[-1.69364522e-07 -1.16545662e-06 -1.10977894e-07  4.80737672e-07\n -1.42119649e-07 -5.23536770e-07]", "hess_inv": "[[ 4.54144914 -0.43322785 -2.12790414 -1.89529281  0.13504328 -2.84343656]\n [-0.43322785  3.20930466 -0.29500747 -0.31368912 -0.08649415  1.03849983]\n [-2.12790414 -0.29500747  6.69386303  2.01437577 -2.20296653  3.2716888 ]\n [-1.89529281 -0.31368912  2.01437577  5.0901522  -0.91778219  2.07139557]\n [ 0.13504328 -0.08649415 -2.20296653 -0.91778219  4.13271667 -0.99492039]\n [-2.84343656  1.03849983  3.2716888   2.07139557 -0.99492039  6.08678515]]", "nfev": "273", "njev": "39", "status": "0", "success": "True", "message": "Optimization terminated successfully.", "x": "[7.51144288 1.44291124 6.90370278 4.68786718 0.38365132 8.87222617]", "nit": "32"}, "9": {"maxiter": 500, "gtol": 1e-05, "xrtol": 1e-05, "eps": 1e-10, "duration": 0.04793691635131836, "fun": "0.25164758676766874", "jac": "[ 2.22044587e-06 -2.22044587e-06 -2.22044587e-06  1.11022293e-06\n  1.11022293e-06  0.00000000e+00]", "hess_inv": "[[ 4.56723102 -0.41356281 -2.15557056 -1.90115117  0.15808985 -2.83617502]\n [-0.41356281  3.21927985 -0.32129792 -0.3255404  -0.07567626  1.02908047]\n [-2.15557056 -0.32129792  6.68536985  2.02516451 -2.23595495  3.21690095]\n [-1.90115117 -0.3255404   2.02516451  5.08630167 -0.93220936  2.06242803]\n [ 0.15808985 -0.07567626 -2.23595495 -0.93220936  4.14542086 -1.0071579 ]\n [-2.83617502  1.02908047  3.21690095  2.06242803 -1.0071579   6.01634558]]", "nfev": "273", "njev": "39", "status": "0", "success": "True", "message": "Optimization terminated successfully.", "x": "[7.51145554 1.44291762 6.90369392 4.68785932 0.38366079 8.87222243]", "nit": "32"}, "10": {"maxiter": 500, "gtol": 1e-05, "xrtol": 1e-10, "eps": 1e-05, "duration": 0.047226905822753906, "fun": "0.25164758676056076", "jac": "[-1.69364522e-07 -1.16545662e-06 -1.10977894e-07  4.80737672e-07\n -1.42119649e-07 -5.23536770e-07]", "hess_inv": "[[ 4.54144914 -0.43322785 -2.12790414 -1.89529281  0.13504328 -2.84343656]\n [-0.43322785  3.20930466 -0.29500747 -0.31368912 -0.08649415  1.03849983]\n [-2.12790414 -0.29500747  6.69386303  2.01437577 -2.20296653  3.2716888 ]\n [-1.89529281 -0.31368912  2.01437577  5.0901522  -0.91778219  2.07139557]\n [ 0.13504328 -0.08649415 -2.20296653 -0.91778219  4.13271667 -0.99492039]\n [-2.84343656  1.03849983  3.2716888   2.07139557 -0.99492039  6.08678515]]", "nfev": "273", "njev": "39", "status": "0", "success": "True", "message": "Optimization terminated successfully.", "x": "[7.51144288 1.44291124 6.90370278 4.68786718 0.38365132 8.87222617]", "nit": "32"}, "11": {"maxiter": 500, "gtol": 1e-05, "xrtol": 1e-10, "eps": 1e-10, "duration": 0.04713892936706543, "fun": "0.25164758676766874", "jac": "[ 2.22044587e-06 -2.22044587e-06 -2.22044587e-06  1.11022293e-06\n  1.11022293e-06  0.00000000e+00]", "hess_inv": "[[ 4.56723102 -0.41356281 -2.15557056 -1.90115117  0.15808985 -2.83617502]\n [-0.41356281  3.21927985 -0.32129792 -0.3255404  -0.07567626  1.02908047]\n [-2.15557056 -0.32129792  6.68536985  2.02516451 -2.23595495  3.21690095]\n [-1.90115117 -0.3255404   2.02516451  5.08630167 -0.93220936  2.06242803]\n [ 0.15808985 -0.07567626 -2.23595495 -0.93220936  4.14542086 -1.0071579 ]\n [-2.83617502  1.02908047  3.21690095  2.06242803 -1.0071579   6.01634558]]", "nfev": "273", "njev": "39", "status": "0", "success": "True", "message": "Optimization terminated successfully.", "x": "[7.51145554 1.44291762 6.90369392 4.68785932 0.38366079 8.87222243]", "nit": "32"}, "12": {"maxiter": 500, "gtol": 1e-10, "xrtol": 1e-05, "eps": 1e-05, "duration": 0.04813408851623535, "fun": "0.25164758676056076", "jac": "[-1.69364522e-07 -1.16545662e-06 -1.10977894e-07  4.80737672e-07\n -1.42119649e-07 -5.23536770e-07]", "hess_inv": "[[ 4.54144914 -0.43322785 -2.12790414 -1.89529281  0.13504328 -2.84343656]\n [-0.43322785  3.20930466 -0.29500747 -0.31368912 -0.08649415  1.03849983]\n [-2.12790414 -0.29500747  6.69386303  2.01437577 -2.20296653  3.2716888 ]\n [-1.89529281 -0.31368912  2.01437577  5.0901522  -0.91778219  2.07139557]\n [ 0.13504328 -0.08649415 -2.20296653 -0.91778219  4.13271667 -0.99492039]\n [-2.84343656  1.03849983  3.2716888   2.07139557 -0.99492039  6.08678515]]", "nfev": "273", "njev": "39", "status": "0", "success": "True", "message": "Optimization terminated successfully.", "x": "[7.51144288 1.44291124 6.90370278 4.68786718 0.38365132 8.87222617]", "nit": "32"}, "13": {"maxiter": 500, "gtol": 1e-10, "xrtol": 1e-05, "eps": 1e-10, "duration": 0.047605037689208984, "fun": "0.25164758676766874", "jac": "[ 2.22044587e-06 -2.22044587e-06 -2.22044587e-06  1.11022293e-06\n  1.11022293e-06  0.00000000e+00]", "hess_inv": "[[ 4.56723102 -0.41356281 -2.15557056 -1.90115117  0.15808985 -2.83617502]\n [-0.41356281  3.21927985 -0.32129792 -0.3255404  -0.07567626  1.02908047]\n [-2.15557056 -0.32129792  6.68536985  2.02516451 -2.23595495  3.21690095]\n [-1.90115117 -0.3255404   2.02516451  5.08630167 -0.93220936  2.06242803]\n [ 0.15808985 -0.07567626 -2.23595495 -0.93220936  4.14542086 -1.0071579 ]\n [-2.83617502  1.02908047  3.21690095  2.06242803 -1.0071579   6.01634558]]", "nfev": "273", "njev": "39", "status": "0", "success": "True", "message": "Optimization terminated successfully.", "x": "[7.51145554 1.44291762 6.90369392 4.68785932 0.38366079 8.87222243]", "nit": "32"}, "14": {"maxiter": 500, "gtol": 1e-10, "xrtol": 1e-10, "eps": 1e-05, "duration": 0.08249902725219727, "fun": "0.2516475867452358", "jac": "[ 2.07611706e-09  6.21724894e-10  2.26485497e-09  0.00000000e+00\n  5.05151476e-09 -1.56541446e-09]", "hess_inv": "[[ 4.64829847 -0.6799947  -2.16383996 -1.84664759  0.21015167 -3.06498498]\n [-0.6799947   3.70188189 -0.2314626  -0.40792028 -0.07686831  1.40869871]\n [-2.16383996 -0.2314626   6.63904473  2.00784242 -2.17559696  3.26478454]\n [-1.84664759 -0.40792028  2.00784242  5.11382527 -0.97420935  2.02718549]\n [ 0.21015167 -0.07686831 -2.17559696 -0.97420935  4.10920781 -0.95969219]\n [-3.06498498  1.40869871  3.26478454  2.02718549 -0.95969219  6.31538657]]", "nfev": "481", "njev": "67", "status": "2", "success": "False", "message": "Desired error not necessarily achieved due to precision loss.", "x": "[7.51144195 1.44291637 6.90370332 4.68786504 0.38365168 8.87222984]", "nit": "34"}, "15": {"maxiter": 500, "gtol": 1e-10, "xrtol": 1e-10, "eps": 1e-10, "duration": 0.1103067398071289, "fun": "0.25164758672725807", "jac": "[1.11022293e-06 0.00000000e+00 0.00000000e+00 0.00000000e+00\n 1.11022293e-06 0.00000000e+00]", "hess_inv": "[[ 0.04244657  0.13796283 -0.03916585  0.08151361 -0.07413255  0.0195282 ]\n [ 0.13796283  0.50434383 -0.14840777  0.28192543 -0.23960158  0.07192554]\n [-0.03916585 -0.14840777  0.04462832 -0.08151163  0.06758699 -0.0211623 ]\n [ 0.08151361  0.28192543 -0.08151163  0.16195968 -0.14225219  0.04013041]\n [-0.07413255 -0.23960158  0.06758699 -0.14225219  0.13014384 -0.03402851]\n [ 0.0195282   0.07192554 -0.0211623   0.04013041 -0.03402851  0.01034017]]", "nfev": "632", "njev": "89", "status": "2", "success": "False", "message": "Desired error not necessarily achieved due to precision loss.", "x": "[7.51144275 1.44292353 6.90370902 4.68786483 0.38365483 8.87223833]", "nit": "44"}, "16": {"maxiter": 1000, "gtol": 1e-05, "xrtol": 1e-05, "eps": 1e-05, "duration": 0.04788923263549805, "fun": "0.25164758676056076", "jac": "[-1.69364522e-07 -1.16545662e-06 -1.10977894e-07  4.80737672e-07\n -1.42119649e-07 -5.23536770e-07]", "hess_inv": "[[ 4.54144914 -0.43322785 -2.12790414 -1.89529281  0.13504328 -2.84343656]\n [-0.43322785  3.20930466 -0.29500747 -0.31368912 -0.08649415  1.03849983]\n [-2.12790414 -0.29500747  6.69386303  2.01437577 -2.20296653  3.2716888 ]\n [-1.89529281 -0.31368912  2.01437577  5.0901522  -0.91778219  2.07139557]\n [ 0.13504328 -0.08649415 -2.20296653 -0.91778219  4.13271667 -0.99492039]\n [-2.84343656  1.03849983  3.2716888   2.07139557 -0.99492039  6.08678515]]", "nfev": "273", "njev": "39", "status": "0", "success": "True", "message": "Optimization terminated successfully.", "x": "[7.51144288 1.44291124 6.90370278 4.68786718 0.38365132 8.87222617]", "nit": "32"}, "17": {"maxiter": 1000, "gtol": 1e-05, "xrtol": 1e-05, "eps": 1e-10, "duration": 0.04921913146972656, "fun": "0.25164758676766874", "jac": "[ 2.22044587e-06 -2.22044587e-06 -2.22044587e-06  1.11022293e-06\n  1.11022293e-06  0.00000000e+00]", "hess_inv": "[[ 4.56723102 -0.41356281 -2.15557056 -1.90115117  0.15808985 -2.83617502]\n [-0.41356281  3.21927985 -0.32129792 -0.3255404  -0.07567626  1.02908047]\n [-2.15557056 -0.32129792  6.68536985  2.02516451 -2.23595495  3.21690095]\n [-1.90115117 -0.3255404   2.02516451  5.08630167 -0.93220936  2.06242803]\n [ 0.15808985 -0.07567626 -2.23595495 -0.93220936  4.14542086 -1.0071579 ]\n [-2.83617502  1.02908047  3.21690095  2.06242803 -1.0071579   6.01634558]]", "nfev": "273", "njev": "39", "status": "0", "success": "True", "message": "Optimization terminated successfully.", "x": "[7.51145554 1.44291762 6.90369392 4.68785932 0.38366079 8.87222243]", "nit": "32"}, "18": {"maxiter": 1000, "gtol": 1e-05, "xrtol": 1e-10, "eps": 1e-05, "duration": 0.04880475997924805, "fun": "0.25164758676056076", "jac": "[-1.69364522e-07 -1.16545662e-06 -1.10977894e-07  4.80737672e-07\n -1.42119649e-07 -5.23536770e-07]", "hess_inv": "[[ 4.54144914 -0.43322785 -2.12790414 -1.89529281  0.13504328 -2.84343656]\n [-0.43322785  3.20930466 -0.29500747 -0.31368912 -0.08649415  1.03849983]\n [-2.12790414 -0.29500747  6.69386303  2.01437577 -2.20296653  3.2716888 ]\n [-1.89529281 -0.31368912  2.01437577  5.0901522  -0.91778219  2.07139557]\n [ 0.13504328 -0.08649415 -2.20296653 -0.91778219  4.13271667 -0.99492039]\n [-2.84343656  1.03849983  3.2716888   2.07139557 -0.99492039  6.08678515]]", "nfev": "273", "njev": "39", "status": "0", "success": "True", "message": "Optimization terminated successfully.", "x": "[7.51144288 1.44291124 6.90370278 4.68786718 0.38365132 8.87222617]", "nit": "32"}, "19": {"maxiter": 1000, "gtol": 1e-05, "xrtol": 1e-10, "eps": 1e-10, "duration": 0.04828190803527832, "fun": "0.25164758676766874", "jac": "[ 2.22044587e-06 -2.22044587e-06 -2.22044587e-06  1.11022293e-06\n  1.11022293e-06  0.00000000e+00]", "hess_inv": "[[ 4.56723102 -0.41356281 -2.15557056 -1.90115117  0.15808985 -2.83617502]\n [-0.41356281  3.21927985 -0.32129792 -0.3255404  -0.07567626  1.02908047]\n [-2.15557056 -0.32129792  6.68536985  2.02516451 -2.23595495  3.21690095]\n [-1.90115117 -0.3255404   2.02516451  5.08630167 -0.93220936  2.06242803]\n [ 0.15808985 -0.07567626 -2.23595495 -0.93220936  4.14542086 -1.0071579 ]\n [-2.83617502  1.02908047  3.21690095  2.06242803 -1.0071579   6.01634558]]", "nfev": "273", "njev": "39", "status": "0", "success": "True", "message": "Optimization terminated successfully.", "x": "[7.51145554 1.44291762 6.90369392 4.68785932 0.38366079 8.87222243]", "nit": "32"}, "20": {"maxiter": 1000, "gtol": 1e-10, "xrtol": 1e-05, "eps": 1e-05, "duration": 0.04741096496582031, "fun": "0.25164758676056076", "jac": "[-1.69364522e-07 -1.16545662e-06 -1.10977894e-07  4.80737672e-07\n -1.42119649e-07 -5.23536770e-07]", "hess_inv": "[[ 4.54144914 -0.43322785 -2.12790414 -1.89529281  0.13504328 -2.84343656]\n [-0.43322785  3.20930466 -0.29500747 -0.31368912 -0.08649415  1.03849983]\n [-2.12790414 -0.29500747  6.69386303  2.01437577 -2.20296653  3.2716888 ]\n [-1.89529281 -0.31368912  2.01437577  5.0901522  -0.91778219  2.07139557]\n [ 0.13504328 -0.08649415 -2.20296653 -0.91778219  4.13271667 -0.99492039]\n [-2.84343656  1.03849983  3.2716888   2.07139557 -0.99492039  6.08678515]]", "nfev": "273", "njev": "39", "status": "0", "success": "True", "message": "Optimization terminated successfully.", "x": "[7.51144288 1.44291124 6.90370278 4.68786718 0.38365132 8.87222617]", "nit": "32"}, "21": {"maxiter": 1000, "gtol": 1e-10, "xrtol": 1e-05, "eps": 1e-10, "duration": 0.053221940994262695, "fun": "0.25164758676766874", "jac": "[ 2.22044587e-06 -2.22044587e-06 -2.22044587e-06  1.11022293e-06\n  1.11022293e-06  0.00000000e+00]", "hess_inv": "[[ 4.56723102 -0.41356281 -2.15557056 -1.90115117  0.15808985 -2.83617502]\n [-0.41356281  3.21927985 -0.32129792 -0.3255404  -0.07567626  1.02908047]\n [-2.15557056 -0.32129792  6.68536985  2.02516451 -2.23595495  3.21690095]\n [-1.90115117 -0.3255404   2.02516451  5.08630167 -0.93220936  2.06242803]\n [ 0.15808985 -0.07567626 -2.23595495 -0.93220936  4.14542086 -1.0071579 ]\n [-2.83617502  1.02908047  3.21690095  2.06242803 -1.0071579   6.01634558]]", "nfev": "273", "njev": "39", "status": "0", "success": "True", "message": "Optimization terminated successfully.", "x": "[7.51145554 1.44291762 6.90369392 4.68785932 0.38366079 8.87222243]", "nit": "32"}, "22": {"maxiter": 1000, "gtol": 1e-10, "xrtol": 1e-10, "eps": 1e-05, "duration": 0.08540511131286621, "fun": "0.2516475867452358", "jac": "[ 2.07611706e-09  6.21724894e-10  2.26485497e-09  0.00000000e+00\n  5.05151476e-09 -1.56541446e-09]", "hess_inv": "[[ 4.64829847 -0.6799947  -2.16383996 -1.84664759  0.21015167 -3.06498498]\n [-0.6799947   3.70188189 -0.2314626  -0.40792028 -0.07686831  1.40869871]\n [-2.16383996 -0.2314626   6.63904473  2.00784242 -2.17559696  3.26478454]\n [-1.84664759 -0.40792028  2.00784242  5.11382527 -0.97420935  2.02718549]\n [ 0.21015167 -0.07686831 -2.17559696 -0.97420935  4.10920781 -0.95969219]\n [-3.06498498  1.40869871  3.26478454  2.02718549 -0.95969219  6.31538657]]", "nfev": "481", "njev": "67", "status": "2", "success": "False", "message": "Desired error not necessarily achieved due to precision loss.", "x": "[7.51144195 1.44291637 6.90370332 4.68786504 0.38365168 8.87222984]", "nit": "34"}, "23": {"maxiter": 1000, "gtol": 1e-10, "xrtol": 1e-10, "eps": 1e-10, "duration": 0.11096906661987305, "fun": "0.25164758672725807", "jac": "[1.11022293e-06 0.00000000e+00 0.00000000e+00 0.00000000e+00\n 1.11022293e-06 0.00000000e+00]", "hess_inv": "[[ 0.04244657  0.13796283 -0.03916585  0.08151361 -0.07413255  0.0195282 ]\n [ 0.13796283  0.50434383 -0.14840777  0.28192543 -0.23960158  0.07192554]\n [-0.03916585 -0.14840777  0.04462832 -0.08151163  0.06758699 -0.0211623 ]\n [ 0.08151361  0.28192543 -0.08151163  0.16195968 -0.14225219  0.04013041]\n [-0.07413255 -0.23960158  0.06758699 -0.14225219  0.13014384 -0.03402851]\n [ 0.0195282   0.07192554 -0.0211623   0.04013041 -0.03402851  0.01034017]]", "nfev": "632", "njev": "89", "status": "2", "success": "False", "message": "Desired error not necessarily achieved due to precision loss.", "x": "[7.51144275 1.44292353 6.90370902 4.68786483 0.38365483 8.87223833]", "nit": "44"}}, "cobyla": {"0": {"maxiter": 100, "tol": 1e-05, "catol": 1e-05, "duration": 0.016927003860473633, "x": "[7.5072417  1.44483847 6.91054683 4.69017051 0.38246509 2.59586672]", "status": "2", "success": "False", "message": "Maximum number of function evaluations has been exceeded.", "nfev": "100", "fun": "0.2516526839480576", "maxcv": "0.0"}, "1": {"maxiter": 100, "tol": 1e-05, "catol": 1e-10, "duration": 0.016903162002563477, "x": "[7.5072417  1.44483847 6.91054683 4.69017051 0.38246509 2.59586672]", "status": "2", "success": "False", "message": "Maximum number of function evaluations has been exceeded.", "nfev": "100", "fun": "0.2516526839480576", "maxcv": "0.0"}, "2": {"maxiter": 100, "tol": 1e-10, "catol": 1e-05, "duration": 0.016826868057250977, "x": "[7.5072417  1.44483847 6.91054683 4.69017051 0.38246509 2.59586672]", "status": "2", "success": "False", "message": "Maximum number of function evaluations has been exceeded.", "nfev": "100", "fun": "0.2516526839480576", "maxcv": "0.0"}, "3": {"maxiter": 100, "tol": 1e-10, "catol": 1e-10, "duration": 0.01678299903869629, "x": "[7.5072417  1.44483847 6.91054683 4.69017051 0.38246509 2.59586672]", "status": "2", "success": "False", "message": "Maximum number of function evaluations has been exceeded.", "nfev": "100", "fun": "0.2516526839480576", "maxcv": "0.0"}, "4": {"maxiter": 500, "tol": 1e-05, "catol": 1e-05, "duration": 0.033966064453125, "x": "[7.51143385 1.44291781 6.90372357 4.68787136 0.38365749 2.58905305]", "status": "1", "success": "True", "message": "Optimization terminated successfully.", "nfev": "200", "fun": "0.2516475867569362", "maxcv": "0.0"}, "5": {"maxiter": 500, "tol": 1e-05, "catol": 1e-10, "duration": 0.03302621841430664, "x": "[7.51143385 1.44291781 6.90372357 4.68787136 0.38365749 2.58905305]", "status": "1", "success": "True", "message": "Optimization terminated successfully.", "nfev": "200", "fun": "0.2516475867569362", "maxcv": "0.0"}, "6": {"maxiter": 500, "tol": 1e-10, "catol": 1e-05, "duration": 0.049010276794433594, "x": "[7.5114393  1.4429225  6.9037123  4.68787198 0.38365262 2.58905678]", "status": "1", "success": "True", "message": "Optimization terminated successfully.", "nfev": "297", "fun": "0.25164758672209786", "maxcv": "0.0"}, "7": {"maxiter": 500, "tol": 1e-10, "catol": 1e-10, "duration": 0.04953718185424805, "x": "[7.5114393  1.4429225  6.9037123  4.68787198 0.38365262 2.58905678]", "status": "1", "success": "True", "message": "Optimization terminated successfully.", "nfev": "297", "fun": "0.25164758672209786", "maxcv": "0.0"}, "8": {"maxiter": 1000, "tol": 1e-05, "catol": 1e-05, "duration": 0.03329038619995117, "x": "[7.51143385 1.44291781 6.90372357 4.68787136 0.38365749 2.58905305]", "status": "1", "success": "True", "message": "Optimization terminated successfully.", "nfev": "200", "fun": "0.2516475867569362", "maxcv": "0.0"}, "9": {"maxiter": 1000, "tol": 1e-05, "catol": 1e-10, "duration": 0.033634185791015625, "x": "[7.51143385 1.44291781 6.90372357 4.68787136 0.38365749 2.58905305]", "status": "1", "success": "True", "message": "Optimization terminated successfully.", "nfev": "200", "fun": "0.2516475867569362", "maxcv": "0.0"}, "10": {"maxiter": 1000, "tol": 1e-10, "catol": 1e-05, "duration": 0.049237966537475586, "x": "[7.5114393  1.4429225  6.9037123  4.68787198 0.38365262 2.58905678]", "status": "1", "success": "True", "message": "Optimization terminated successfully.", "nfev": "297", "fun": "0.25164758672209786", "maxcv": "0.0"}, "11": {"maxiter": 1000, "tol": 1e-10, "catol": 1e-10, "duration": 0.048992156982421875, "x": "[7.5114393  1.4429225  6.9037123  4.68787198 0.38365262 2.58905678]", "status": "1", "success": "True", "message": "Optimization terminated successfully.", "nfev": "297", "fun": "0.25164758672209786", "maxcv": "0.0"}}, "dual_annealing_0": {"type": "gradient-free", "0": {"maxiter": 100, "duration": 0.2426919937133789, "success": "True", "status": "0", "x": "[5.05493044 4.58450695 3.76212476 4.68787673 0.3836487  2.58905869]", "fun": "0.2516475867355753", "nit": "100", "nfev": "1355", "njev": "22", "nhev": "0", "message": "['Maximum number of iteration reached']"}, "1": {"maxiter": 500, "duration": 1.1074512004852295, "success": "True", "status": "0", "x": "[1.22827078 1.44292223 0.62052095 1.59532035 3.5252214  5.73066772]", "fun": "0.2516475869699083", "nit": "500", "nfev": "6232", "njev": "33", "nhev": "0", "message": "['Maximum number of iteration reached']"}, "2": {"maxiter": 1000, "duration": 2.1606688499450684, "success": "True", "status": "0", "x": "[1.22825551 1.44292302 0.62052207 1.59530725 3.52524886 5.73065779]", "fun": "0.2516475867467255", "nit": "1000", "nfev": "12078", "njev": "11", "nhev": "0", "message": "['Maximum number of iteration reached']"}, "bounds": [[0.0, 6.283185307179586], [0.0, 6.283185307179586], [0.0, 6.283185307179586], [0.0, 6.283185307179586], [0.0, 6.283185307179586], [0.0, 6.283185307179586]]}, "dual_annealing_1": {"type": "gradient-free", "0": {"maxiter": 100, "duration": 0.23570799827575684, "success": "True", "status": "0", "x": "[5.05495815 4.58450417 3.76213384 4.68788192 0.38366896 8.87224727]", "fun": "0.25164758688822164", "nit": "100", "nfev": "1334", "njev": "19", "nhev": "0", "message": "['Maximum number of iteration reached']"}, "1": {"maxiter": 500, "duration": 1.0848970413208008, "success": "True", "status": "0", "x": "[5.05492915 4.58451236 3.76212456 4.68786792 6.66683606 2.58905636]", "fun": "0.2516475867289444", "nit": "500", "nfev": "6127", "njev": "18", "nhev": "0", "message": "['Maximum number of iteration reached']"}, "2": {"maxiter": 1000, "duration": 2.1565468311309814, "success": "True", "status": "0", "x": "[7.51143592 7.72611214 0.62053009 7.87849351 3.52524152 5.73065493]", "fun": "0.2516475867289122", "nit": "1000", "nfev": "12134", "njev": "19", "nhev": "0", "message": "['Maximum number of iteration reached']"}, "bounds": [[0.0, 9.42477796076938], [0.0, 9.42477796076938], [0.0, 9.42477796076938], [0.0, 9.42477796076938], [0.0, 9.42477796076938], [0.0, 9.42477796076938]]}, "dual_annealing_2": {"type": "gradient-free", "0": {"maxiter": 100, "duration": 0.2284250259399414, "success": "True", "status": "0", "x": "[ 7.51143438  1.44291204  6.90371071  1.59531584  3.52524344 12.01383476]", "fun": "0.2516475867525507", "nit": "100", "nfev": "1285", "njev": "12", "nhev": "0", "message": "['Maximum number of iteration reached']"}, "1": {"maxiter": 500, "duration": 1.083725929260254, "success": "True", "status": "0", "x": "[11.33811898 10.86772404  3.76209274 10.97102924  6.66687057  8.87223943]", "fun": "0.25164758696667133", "nit": "500", "nfev": "6106", "njev": "15", "nhev": "0", "message": "['Maximum number of iteration reached']"}, "2": {"maxiter": 1000, "duration": 2.1685140132904053, "success": "True", "status": "0", "x": "[7.51142087 7.72609708 6.90371464 4.68788636 6.66684021 8.87227512]", "fun": "0.2516475869034659", "nit": "1000", "nfev": "12218", "njev": "31", "nhev": "0", "message": "['Maximum number of iteration reached']"}, "bounds": [[0.0, 12.566370614359172], [0.0, 12.566370614359172], [0.0, 12.566370614359172], [0.0, 12.566370614359172], [0.0, 12.566370614359172], [0.0, 12.566370614359172]]}, "dual_annealing_3": {"type": "gradient-free", "0": {"maxiter": 100, "duration": 0.23795032501220703, "success": "True", "status": "0", "x": "[ 5.05493708  4.58451991  3.76212574  4.6878778   0.38364659 -3.69412125]", "fun": "0.25164758673319854", "nit": "100", "nfev": "1341", "njev": "20", "nhev": "0", "message": "['Maximum number of iteration reached']"}, "1": {"maxiter": 500, "duration": 1.0913538932800293, "success": "True", "status": "0", "x": "[ 5.05493621  4.58449065 -2.52105036 -1.59529306 -5.89953922 -3.69412442]", "fun": "0.25164758683846555", "nit": "500", "nfev": "6176", "njev": "25", "nhev": "0", "message": "['Maximum number of iteration reached']"}, "2": {"maxiter": 1000, "duration": 2.141369104385376, "success": "True", "status": "0", "x": "[ 5.05492978  4.58451181 -2.5210764   4.68787837  0.38364768 -3.69413578]", "fun": "0.2516475867526883", "nit": "1000", "nfev": "12120", "njev": "17", "nhev": "0", "message": "['Maximum number of iteration reached']"}, "bounds": [[-6.283185307179586, 6.283185307179586], [-6.283185307179586, 6.283185307179586], [-6.283185307179586, 6.283185307179586], [-6.283185307179586, 6.283185307179586], [-6.283185307179586, 6.283185307179586], [-6.283185307179586, 6.283185307179586]]}, "dual_annealing_4": {"type": "gradient-free", "0": {"maxiter": 100, "duration": 0.23284101486206055, "success": "True", "status": "0", "x": "[ 1.22825052  1.44291266  0.62051661  1.59529814  3.52525686 -0.55254505]", "fun": "0.2516475867977256", "nit": "100", "nfev": "1327", "njev": "18", "nhev": "0", "message": "['Maximum number of iteration reached']"}, "1": {"maxiter": 500, "duration": 1.086338996887207, "success": "True", "status": "0", "x": "[ 7.51141208  7.72613351 -5.6626434  -4.68785029 -9.04111473 -6.83572671]", "fun": "0.25164758710770974", "nit": "500", "nfev": "6134", "njev": "19", "nhev": "0", "message": "['Maximum number of iteration reached']"}, "2": {"maxiter": 1000, "duration": 2.1742138862609863, "success": "True", "status": "0", "x": "[ 1.22827899  1.44292466  6.90371555 -4.68786027 -2.75794306 -0.55254538]", "fun": "0.25164758681781574", "nit": "1000", "nfev": "12190", "njev": "27", "nhev": "0", "message": "['Maximum number of iteration reached']"}, "bounds": [[-9.42477796076938, 9.42477796076938], [-9.42477796076938, 9.42477796076938], [-9.42477796076938, 9.42477796076938], [-9.42477796076938, 9.42477796076938], [-9.42477796076938, 9.42477796076938], [-9.42477796076938, 9.42477796076938]]}, "dual_annealing_5": {"type": "gradient-free", "0": {"maxiter": 100, "duration": 0.2427198886871338, "success": "True", "status": "0", "x": "[ -0.93963663   4.64849479   4.12071989  -4.86825234  -9.21777611\n -12.56637061]", "fun": "0.27291132042880406", "nit": "100", "nfev": "1376", "njev": "25", "nhev": "0", "message": "['Maximum number of iteration reached']"}, "1": {"maxiter": 500, "duration": 1.0797011852264404, "success": "True", "status": "0", "x": "[-1.22823878  4.58452183 -2.5210447   7.87850888 -2.75794562 12.01385058]", "fun": "0.25164758681100496", "nit": "500", "nfev": "6099", "njev": "14", "nhev": "0", "message": "['Maximum number of iteration reached']"}, "2": {"maxiter": 1000, "duration": 2.1805598735809326, "success": "True", "status": "0", "x": "[11.33812066 10.86770224 10.0453077  10.97105429  0.38364673 -3.69412707]", "fun": "0.25164758673239807", "nit": "1000", "nfev": "12225", "njev": "32", "nhev": "0", "message": "['Maximum number of iteration reached']"}, "bounds": [[-12.566370614359172, 12.566370614359172], [-12.566370614359172, 12.566370614359172], [-12.566370614359172, 12.566370614359172], [-12.566370614359172, 12.566370614359172], [-12.566370614359172, 12.566370614359172], [-12.566370614359172, 12.566370614359172]]}}, "duration (s)": 114.43}