{"date": "2024/07/22/, 21:48:34", "conf_id": 8, "data_type": "random\n", "num_data_points": 1, "s_rank": 0, "unitary": "[[-0.53618537-0.34368723j,-0.12107031-0.46226139j,-0.07699282-0.46603512j,0.36022595-0.11472301j],[0.26026499-0.63450712j,-0.56616638+0.37832564j,-0.14988651+0.08458591j,0.10363514-0.16008501j],[-0.32580188-0.11070003j,-0.36476308-0.23593218j,0.02559343+0.41761608j,-0.25598305+0.6725303j],[0.07406738-0.0126433j,0.28513701+0.19483972j,-0.74939717-0.10299659j,0.29798249+0.46269921j]]", "databatch_0": {"databatch": "[[[-0.03335366-0.4206076j,-0.14578505+0.1102597j,-0.04526031-0.06399665j,0.11253847-0.05903697j],[-0.07877214-0.25360224j,0.08069982+0.10493472j,0.17918656+0.09493231j,0.34184977-0.05029665j],[0.03521155+0.19143098j,0.25839762-0.07069391j,0.32102598+0.13861888j,0.30137045-0.02806905j],[0.05621573+0.23373644j,0.18221012-0.0117858j,0.15040641+0.19782256j,0.1509454+0.13604346j]]]", "initial param values": "[2.30946405,6.15384727,4.12271128,4.767275,3.28269904,4.15869992]", "bfgs": {"type": "gradient", "0": {"maxiter": 100, "gtol": 1e-05, "xrtol": 1e-05, "eps": 1e-05, "duration": 0.04421091079711914, "fun": "0.19861680760783873", "jac": "[-1.92437177e-06 -4.21729318e-07  1.02143849e-06 -4.63162841e-07\n  1.38429268e-06  7.49789120e-07]", "hess_inv": "[[  4.99757462   5.59077713   2.60174373   5.10557232  -5.14492021\n    1.23549929]\n [  5.59077713  16.00806405   6.31946231  12.97555343 -10.82522316\n    3.52940455]\n [  2.60174373   6.31946231   5.48136817   5.44421612  -5.87054042\n    2.11343074]\n [  5.10557232  12.97555343   5.44421612  13.08906938  -8.85484312\n    2.95004181]\n [ -5.14492021 -10.82522316  -5.87054042  -8.85484312  13.07091702\n   -5.19122866]\n [  1.23549929   3.52940455   2.11343074   2.95004181  -5.19122866\n    5.12188192]]", "nfev": "259", "njev": "37", "status": "0", "success": "True", "message": "Optimization terminated successfully.", "x": "[1.65563245 2.19063656 4.40528238 1.05866084 4.88926654 5.66649993]", "nit": "26"}, "1": {"maxiter": 100, "gtol": 1e-05, "xrtol": 1e-05, "eps": 1e-10, "duration": 0.043788909912109375, "fun": "0.1986168072801051", "jac": "[ 0.00000000e+00 -1.11022293e-06  3.33066880e-06  1.11022293e-06\n -1.11022293e-06 -2.22044587e-06]", "hess_inv": "[[  4.97740646   5.56327264   2.63913011   5.09927481  -5.1597039\n    1.24599924]\n [  5.56327264  16.06161014   6.48731354  13.10214479 -10.96467221\n    3.61259846]\n [  2.63913011   6.48731354   5.57951077   5.61853106  -5.99177073\n    2.17201877]\n [  5.09927481  13.10214479   5.61853106  13.27593429  -9.01702673\n    3.03938442]\n [ -5.1597039  -10.96467221  -5.99177073  -9.01702673  13.20172179\n   -5.26055858]\n [  1.24599924   3.61259846   2.17201877   3.03938442  -5.26055858\n    5.15286259]]", "nfev": "259", "njev": "37", "status": "0", "success": "True", "message": "Optimization terminated successfully.", "x": "[1.65567733 2.19072978 4.4053344  1.0587437  4.88917882 5.66653756]", "nit": "26"}, "2": {"maxiter": 100, "gtol": 1e-05, "xrtol": 1e-10, "eps": 1e-05, "duration": 0.043698787689208984, "fun": "0.19861680760783873", "jac": "[-1.92437177e-06 -4.21729318e-07  1.02143849e-06 -4.63162841e-07\n  1.38429268e-06  7.49789120e-07]", "hess_inv": "[[  4.99757462   5.59077713   2.60174373   5.10557232  -5.14492021\n    1.23549929]\n [  5.59077713  16.00806405   6.31946231  12.97555343 -10.82522316\n    3.52940455]\n [  2.60174373   6.31946231   5.48136817   5.44421612  -5.87054042\n    2.11343074]\n [  5.10557232  12.97555343   5.44421612  13.08906938  -8.85484312\n    2.95004181]\n [ -5.14492021 -10.82522316  -5.87054042  -8.85484312  13.07091702\n   -5.19122866]\n [  1.23549929   3.52940455   2.11343074   2.95004181  -5.19122866\n    5.12188192]]", "nfev": "259", "njev": "37", "status": "0", "success": "True", "message": "Optimization terminated successfully.", "x": "[1.65563245 2.19063656 4.40528238 1.05866084 4.88926654 5.66649993]", "nit": "26"}, "3": {"maxiter": 100, "gtol": 1e-05, "xrtol": 1e-10, "eps": 1e-10, "duration": 0.043697357177734375, "fun": "0.1986168072801051", "jac": "[ 0.00000000e+00 -1.11022293e-06  3.33066880e-06  1.11022293e-06\n -1.11022293e-06 -2.22044587e-06]", "hess_inv": "[[  4.97740646   5.56327264   2.63913011   5.09927481  -5.1597039\n    1.24599924]\n [  5.56327264  16.06161014   6.48731354  13.10214479 -10.96467221\n    3.61259846]\n [  2.63913011   6.48731354   5.57951077   5.61853106  -5.99177073\n    2.17201877]\n [  5.09927481  13.10214479   5.61853106  13.27593429  -9.01702673\n    3.03938442]\n [ -5.1597039  -10.96467221  -5.99177073  -9.01702673  13.20172179\n   -5.26055858]\n [  1.24599924   3.61259846   2.17201877   3.03938442  -5.26055858\n    5.15286259]]", "nfev": "259", "njev": "37", "status": "0", "success": "True", "message": "Optimization terminated successfully.", "x": "[1.65567733 2.19072978 4.4053344  1.0587437  4.88917882 5.66653756]", "nit": "26"}, "4": {"maxiter": 100, "gtol": 1e-10, "xrtol": 1e-05, "eps": 1e-05, "duration": 0.044823646545410156, "fun": "0.19861680742497712", "jac": "[ 2.94164693e-07  2.32669439e-07  7.85260745e-08 -2.47502019e-07\n -9.54458734e-08 -6.65456579e-07]", "hess_inv": "[[  5.41582462   6.16249626   2.64540307   5.60980508  -5.59714865\n    1.40388517]\n [  6.16249626  16.72990363   6.26776439  13.61324802 -11.35397339\n    3.76892501]\n [  2.64540307   6.26776439   5.2780039    5.4006028   -5.75082434\n    2.14845978]\n [  5.60980508  13.61324802   5.4006028   13.65240731  -9.32277034\n    3.16112263]\n [ -5.59714865 -11.35397339  -5.75082434  -9.32277034  13.42587689\n   -5.3873048 ]\n [  1.40388517   3.76892501   2.14845978   3.16112263  -5.3873048\n    5.18820861]]", "nfev": "266", "njev": "38", "status": "0", "success": "True", "message": "Optimization terminated successfully.", "x": "[1.65565207 2.19066826 4.40529357 1.05868872 4.88923799 5.66650705]", "nit": "27"}, "5": {"maxiter": 100, "gtol": 1e-10, "xrtol": 1e-05, "eps": 1e-10, "duration": 0.046121835708618164, "fun": "0.19861680727579034", "jac": "[-2.22044587e-06 -1.11022293e-06  3.33066880e-06 -2.22044587e-06\n  0.00000000e+00  0.00000000e+00]", "hess_inv": "[[  4.65061675   5.21063565   2.57569135   4.75967495  -4.85958832\n    1.16082328]\n [  5.21063565  15.84063999   6.68511019  12.89745933 -10.80196935\n    3.49089206]\n [  2.57569135   6.68511019   6.01148835   5.82255703  -6.20241927\n    2.10576784]\n [  4.75967495  12.89745933   5.82255703  13.08704418  -8.86853534\n    2.92066222]\n [ -4.85958832 -10.80196935  -6.20241927  -8.86853534  13.08886089\n   -5.1522444 ]\n [  1.16082328   3.49089206   2.10576784   2.92066222  -5.1522444\n    5.13622511]]", "nfev": "273", "njev": "39", "status": "0", "success": "True", "message": "Optimization terminated successfully.", "x": "[1.65567459 2.19072394 4.40532905 1.05873792 4.88918425 5.66653739]", "nit": "27"}, "6": {"maxiter": 100, "gtol": 1e-10, "xrtol": 1e-10, "eps": 1e-05, "duration": 0.06876397132873535, "fun": "0.1986168074242921", "jac": "[ 6.23945340e-09 -4.57966998e-08 -4.74953410e-08  7.45625783e-08\n  2.22599716e-08  5.89195359e-08]", "hess_inv": "[[  5.20625258   5.94876317   2.52930749   5.60338467  -5.57908155\n    1.83870335]\n [  5.94876317  16.65757317   6.22468559  13.79602811 -11.63710268\n    4.60687033]\n [  2.52930749   6.22468559   5.26269129   5.47379254  -5.89216877\n    2.56507236]\n [  5.60338467  13.79602811   5.47379254  13.94290952  -9.72389965\n    3.74682055]\n [ -5.57908155 -11.63710268  -5.89216877  -9.72389965  14.05078201\n   -6.25451532]\n [  1.83870335   4.60687033   2.56507236   3.74682055  -6.25451532\n    5.43414758]]", "nfev": "411", "njev": "57", "status": "2", "success": "False", "message": "Desired error not necessarily achieved due to precision loss.", "x": "[1.65565107 2.19066754 4.40529337 1.05868864 4.88923757 5.66650933]", "nit": "28"}, "7": {"maxiter": 100, "gtol": 1e-10, "xrtol": 1e-10, "eps": 1e-10, "duration": 0.09777998924255371, "fun": "0.19861680726713915", "jac": "[0.00000000e+00 4.44089173e-06 2.22044587e-06 3.33066880e-06\n 0.00000000e+00 5.55111466e-06]", "hess_inv": "[[  2.67501837  -0.74860131  -4.43716757  -0.66320279   1.63303125\n   -0.2036554 ]\n [ -0.74860131   1.98234362   3.11387393   0.0975585   -1.3642873\n   -0.67501548]\n [ -4.43716757   3.11387393  34.57718736   0.51200326 -17.80322943\n    3.38461866]\n [ -0.66320279   0.0975585    0.51200326   1.20323375   0.6888019\n   -0.5005764 ]\n [  1.63303125  -1.3642873  -17.80322943   0.6888019   13.27111864\n   -3.08880866]\n [ -0.2036554   -0.67501548   3.38461866  -0.5005764   -3.08880866\n    2.33792875]]", "nfev": "579", "njev": "81", "status": "2", "success": "False", "message": "Desired error not necessarily achieved due to precision loss.", "x": "[1.65567649 2.19072662 4.40531972 1.05874033 4.88918675 5.66653963]", "nit": "28"}, "8": {"maxiter": 500, "gtol": 1e-05, "xrtol": 1e-05, "eps": 1e-05, "duration": 0.045455217361450195, "fun": "0.19861680760783873", "jac": "[-1.92437177e-06 -4.21729318e-07  1.02143849e-06 -4.63162841e-07\n  1.38429268e-06  7.49789120e-07]", "hess_inv": "[[  4.99757462   5.59077713   2.60174373   5.10557232  -5.14492021\n    1.23549929]\n [  5.59077713  16.00806405   6.31946231  12.97555343 -10.82522316\n    3.52940455]\n [  2.60174373   6.31946231   5.48136817   5.44421612  -5.87054042\n    2.11343074]\n [  5.10557232  12.97555343   5.44421612  13.08906938  -8.85484312\n    2.95004181]\n [ -5.14492021 -10.82522316  -5.87054042  -8.85484312  13.07091702\n   -5.19122866]\n [  1.23549929   3.52940455   2.11343074   2.95004181  -5.19122866\n    5.12188192]]", "nfev": "259", "njev": "37", "status": "0", "success": "True", "message": "Optimization terminated successfully.", "x": "[1.65563245 2.19063656 4.40528238 1.05866084 4.88926654 5.66649993]", "nit": "26"}, "9": {"maxiter": 500, "gtol": 1e-05, "xrtol": 1e-05, "eps": 1e-10, "duration": 0.04455208778381348, "fun": "0.1986168072801051", "jac": "[ 0.00000000e+00 -1.11022293e-06  3.33066880e-06  1.11022293e-06\n -1.11022293e-06 -2.22044587e-06]", "hess_inv": "[[  4.97740646   5.56327264   2.63913011   5.09927481  -5.1597039\n    1.24599924]\n [  5.56327264  16.06161014   6.48731354  13.10214479 -10.96467221\n    3.61259846]\n [  2.63913011   6.48731354   5.57951077   5.61853106  -5.99177073\n    2.17201877]\n [  5.09927481  13.10214479   5.61853106  13.27593429  -9.01702673\n    3.03938442]\n [ -5.1597039  -10.96467221  -5.99177073  -9.01702673  13.20172179\n   -5.26055858]\n [  1.24599924   3.61259846   2.17201877   3.03938442  -5.26055858\n    5.15286259]]", "nfev": "259", "njev": "37", "status": "0", "success": "True", "message": "Optimization terminated successfully.", "x": "[1.65567733 2.19072978 4.4053344  1.0587437  4.88917882 5.66653756]", "nit": "26"}, "10": {"maxiter": 500, "gtol": 1e-05, "xrtol": 1e-10, "eps": 1e-05, "duration": 0.04359889030456543, "fun": "0.19861680760783873", "jac": "[-1.92437177e-06 -4.21729318e-07  1.02143849e-06 -4.63162841e-07\n  1.38429268e-06  7.49789120e-07]", "hess_inv": "[[  4.99757462   5.59077713   2.60174373   5.10557232  -5.14492021\n    1.23549929]\n [  5.59077713  16.00806405   6.31946231  12.97555343 -10.82522316\n    3.52940455]\n [  2.60174373   6.31946231   5.48136817   5.44421612  -5.87054042\n    2.11343074]\n [  5.10557232  12.97555343   5.44421612  13.08906938  -8.85484312\n    2.95004181]\n [ -5.14492021 -10.82522316  -5.87054042  -8.85484312  13.07091702\n   -5.19122866]\n [  1.23549929   3.52940455   2.11343074   2.95004181  -5.19122866\n    5.12188192]]", "nfev": "259", "njev": "37", "status": "0", "success": "True", "message": "Optimization terminated successfully.", "x": "[1.65563245 2.19063656 4.40528238 1.05866084 4.88926654 5.66649993]", "nit": "26"}, "11": {"maxiter": 500, "gtol": 1e-05, "xrtol": 1e-10, "eps": 1e-10, "duration": 0.0439000129699707, "fun": "0.1986168072801051", "jac": "[ 0.00000000e+00 -1.11022293e-06  3.33066880e-06  1.11022293e-06\n -1.11022293e-06 -2.22044587e-06]", "hess_inv": "[[  4.97740646   5.56327264   2.63913011   5.09927481  -5.1597039\n    1.24599924]\n [  5.56327264  16.06161014   6.48731354  13.10214479 -10.96467221\n    3.61259846]\n [  2.63913011   6.48731354   5.57951077   5.61853106  -5.99177073\n    2.17201877]\n [  5.09927481  13.10214479   5.61853106  13.27593429  -9.01702673\n    3.03938442]\n [ -5.1597039  -10.96467221  -5.99177073  -9.01702673  13.20172179\n   -5.26055858]\n [  1.24599924   3.61259846   2.17201877   3.03938442  -5.26055858\n    5.15286259]]", "nfev": "259", "njev": "37", "status": "0", "success": "True", "message": "Optimization terminated successfully.", "x": "[1.65567733 2.19072978 4.4053344  1.0587437  4.88917882 5.66653756]", "nit": "26"}, "12": {"maxiter": 500, "gtol": 1e-10, "xrtol": 1e-05, "eps": 1e-05, "duration": 0.04480791091918945, "fun": "0.19861680742497712", "jac": "[ 2.94164693e-07  2.32669439e-07  7.85260745e-08 -2.47502019e-07\n -9.54458734e-08 -6.65456579e-07]", "hess_inv": "[[  5.41582462   6.16249626   2.64540307   5.60980508  -5.59714865\n    1.40388517]\n [  6.16249626  16.72990363   6.26776439  13.61324802 -11.35397339\n    3.76892501]\n [  2.64540307   6.26776439   5.2780039    5.4006028   -5.75082434\n    2.14845978]\n [  5.60980508  13.61324802   5.4006028   13.65240731  -9.32277034\n    3.16112263]\n [ -5.59714865 -11.35397339  -5.75082434  -9.32277034  13.42587689\n   -5.3873048 ]\n [  1.40388517   3.76892501   2.14845978   3.16112263  -5.3873048\n    5.18820861]]", "nfev": "266", "njev": "38", "status": "0", "success": "True", "message": "Optimization terminated successfully.", "x": "[1.65565207 2.19066826 4.40529357 1.05868872 4.88923799 5.66650705]", "nit": "27"}, "13": {"maxiter": 500, "gtol": 1e-10, "xrtol": 1e-05, "eps": 1e-10, "duration": 0.0460209846496582, "fun": "0.19861680727579034", "jac": "[-2.22044587e-06 -1.11022293e-06  3.33066880e-06 -2.22044587e-06\n  0.00000000e+00  0.00000000e+00]", "hess_inv": "[[  4.65061675   5.21063565   2.57569135   4.75967495  -4.85958832\n    1.16082328]\n [  5.21063565  15.84063999   6.68511019  12.89745933 -10.80196935\n    3.49089206]\n [  2.57569135   6.68511019   6.01148835   5.82255703  -6.20241927\n    2.10576784]\n [  4.75967495  12.89745933   5.82255703  13.08704418  -8.86853534\n    2.92066222]\n [ -4.85958832 -10.80196935  -6.20241927  -8.86853534  13.08886089\n   -5.1522444 ]\n [  1.16082328   3.49089206   2.10576784   2.92066222  -5.1522444\n    5.13622511]]", "nfev": "273", "njev": "39", "status": "0", "success": "True", "message": "Optimization terminated successfully.", "x": "[1.65567459 2.19072394 4.40532905 1.05873792 4.88918425 5.66653739]", "nit": "27"}, "14": {"maxiter": 500, "gtol": 1e-10, "xrtol": 1e-10, "eps": 1e-05, "duration": 0.06904125213623047, "fun": "0.1986168074242921", "jac": "[ 6.23945340e-09 -4.57966998e-08 -4.74953410e-08  7.45625783e-08\n  2.22599716e-08  5.89195359e-08]", "hess_inv": "[[  5.20625258   5.94876317   2.52930749   5.60338467  -5.57908155\n    1.83870335]\n [  5.94876317  16.65757317   6.22468559  13.79602811 -11.63710268\n    4.60687033]\n [  2.52930749   6.22468559   5.26269129   5.47379254  -5.89216877\n    2.56507236]\n [  5.60338467  13.79602811   5.47379254  13.94290952  -9.72389965\n    3.74682055]\n [ -5.57908155 -11.63710268  -5.89216877  -9.72389965  14.05078201\n   -6.25451532]\n [  1.83870335   4.60687033   2.56507236   3.74682055  -6.25451532\n    5.43414758]]", "nfev": "411", "njev": "57", "status": "2", "success": "False", "message": "Desired error not necessarily achieved due to precision loss.", "x": "[1.65565107 2.19066754 4.40529337 1.05868864 4.88923757 5.66650933]", "nit": "28"}, "15": {"maxiter": 500, "gtol": 1e-10, "xrtol": 1e-10, "eps": 1e-10, "duration": 0.0973958969116211, "fun": "0.19861680726713915", "jac": "[0.00000000e+00 4.44089173e-06 2.22044587e-06 3.33066880e-06\n 0.00000000e+00 5.55111466e-06]", "hess_inv": "[[  2.67501837  -0.74860131  -4.43716757  -0.66320279   1.63303125\n   -0.2036554 ]\n [ -0.74860131   1.98234362   3.11387393   0.0975585   -1.3642873\n   -0.67501548]\n [ -4.43716757   3.11387393  34.57718736   0.51200326 -17.80322943\n    3.38461866]\n [ -0.66320279   0.0975585    0.51200326   1.20323375   0.6888019\n   -0.5005764 ]\n [  1.63303125  -1.3642873  -17.80322943   0.6888019   13.27111864\n   -3.08880866]\n [ -0.2036554   -0.67501548   3.38461866  -0.5005764   -3.08880866\n    2.33792875]]", "nfev": "579", "njev": "81", "status": "2", "success": "False", "message": "Desired error not necessarily achieved due to precision loss.", "x": "[1.65567649 2.19072662 4.40531972 1.05874033 4.88918675 5.66653963]", "nit": "28"}, "16": {"maxiter": 1000, "gtol": 1e-05, "xrtol": 1e-05, "eps": 1e-05, "duration": 0.045243024826049805, "fun": "0.19861680760783873", "jac": "[-1.92437177e-06 -4.21729318e-07  1.02143849e-06 -4.63162841e-07\n  1.38429268e-06  7.49789120e-07]", "hess_inv": "[[  4.99757462   5.59077713   2.60174373   5.10557232  -5.14492021\n    1.23549929]\n [  5.59077713  16.00806405   6.31946231  12.97555343 -10.82522316\n    3.52940455]\n [  2.60174373   6.31946231   5.48136817   5.44421612  -5.87054042\n    2.11343074]\n [  5.10557232  12.97555343   5.44421612  13.08906938  -8.85484312\n    2.95004181]\n [ -5.14492021 -10.82522316  -5.87054042  -8.85484312  13.07091702\n   -5.19122866]\n [  1.23549929   3.52940455   2.11343074   2.95004181  -5.19122866\n    5.12188192]]", "nfev": "259", "njev": "37", "status": "0", "success": "True", "message": "Optimization terminated successfully.", "x": "[1.65563245 2.19063656 4.40528238 1.05866084 4.88926654 5.66649993]", "nit": "26"}, "17": {"maxiter": 1000, "gtol": 1e-05, "xrtol": 1e-05, "eps": 1e-10, "duration": 0.04574728012084961, "fun": "0.1986168072801051", "jac": "[ 0.00000000e+00 -1.11022293e-06  3.33066880e-06  1.11022293e-06\n -1.11022293e-06 -2.22044587e-06]", "hess_inv": "[[  4.97740646   5.56327264   2.63913011   5.09927481  -5.1597039\n    1.24599924]\n [  5.56327264  16.06161014   6.48731354  13.10214479 -10.96467221\n    3.61259846]\n [  2.63913011   6.48731354   5.57951077   5.61853106  -5.99177073\n    2.17201877]\n [  5.09927481  13.10214479   5.61853106  13.27593429  -9.01702673\n    3.03938442]\n [ -5.1597039  -10.96467221  -5.99177073  -9.01702673  13.20172179\n   -5.26055858]\n [  1.24599924   3.61259846   2.17201877   3.03938442  -5.26055858\n    5.15286259]]", "nfev": "259", "njev": "37", "status": "0", "success": "True", "message": "Optimization terminated successfully.", "x": "[1.65567733 2.19072978 4.4053344  1.0587437  4.88917882 5.66653756]", "nit": "26"}, "18": {"maxiter": 1000, "gtol": 1e-05, "xrtol": 1e-10, "eps": 1e-05, "duration": 0.04471707344055176, "fun": "0.19861680760783873", "jac": "[-1.92437177e-06 -4.21729318e-07  1.02143849e-06 -4.63162841e-07\n  1.38429268e-06  7.49789120e-07]", "hess_inv": "[[  4.99757462   5.59077713   2.60174373   5.10557232  -5.14492021\n    1.23549929]\n [  5.59077713  16.00806405   6.31946231  12.97555343 -10.82522316\n    3.52940455]\n [  2.60174373   6.31946231   5.48136817   5.44421612  -5.87054042\n    2.11343074]\n [  5.10557232  12.97555343   5.44421612  13.08906938  -8.85484312\n    2.95004181]\n [ -5.14492021 -10.82522316  -5.87054042  -8.85484312  13.07091702\n   -5.19122866]\n [  1.23549929   3.52940455   2.11343074   2.95004181  -5.19122866\n    5.12188192]]", "nfev": "259", "njev": "37", "status": "0", "success": "True", "message": "Optimization terminated successfully.", "x": "[1.65563245 2.19063656 4.40528238 1.05866084 4.88926654 5.66649993]", "nit": "26"}, "19": {"maxiter": 1000, "gtol": 1e-05, "xrtol": 1e-10, "eps": 1e-10, "duration": 0.046684980392456055, "fun": "0.1986168072801051", "jac": "[ 0.00000000e+00 -1.11022293e-06  3.33066880e-06  1.11022293e-06\n -1.11022293e-06 -2.22044587e-06]", "hess_inv": "[[  4.97740646   5.56327264   2.63913011   5.09927481  -5.1597039\n    1.24599924]\n [  5.56327264  16.06161014   6.48731354  13.10214479 -10.96467221\n    3.61259846]\n [  2.63913011   6.48731354   5.57951077   5.61853106  -5.99177073\n    2.17201877]\n [  5.09927481  13.10214479   5.61853106  13.27593429  -9.01702673\n    3.03938442]\n [ -5.1597039  -10.96467221  -5.99177073  -9.01702673  13.20172179\n   -5.26055858]\n [  1.24599924   3.61259846   2.17201877   3.03938442  -5.26055858\n    5.15286259]]", "nfev": "259", "njev": "37", "status": "0", "success": "True", "message": "Optimization terminated successfully.", "x": "[1.65567733 2.19072978 4.4053344  1.0587437  4.88917882 5.66653756]", "nit": "26"}, "20": {"maxiter": 1000, "gtol": 1e-10, "xrtol": 1e-05, "eps": 1e-05, "duration": 0.048699140548706055, "fun": "0.19861680742497712", "jac": "[ 2.94164693e-07  2.32669439e-07  7.85260745e-08 -2.47502019e-07\n -9.54458734e-08 -6.65456579e-07]", "hess_inv": "[[  5.41582462   6.16249626   2.64540307   5.60980508  -5.59714865\n    1.40388517]\n [  6.16249626  16.72990363   6.26776439  13.61324802 -11.35397339\n    3.76892501]\n [  2.64540307   6.26776439   5.2780039    5.4006028   -5.75082434\n    2.14845978]\n [  5.60980508  13.61324802   5.4006028   13.65240731  -9.32277034\n    3.16112263]\n [ -5.59714865 -11.35397339  -5.75082434  -9.32277034  13.42587689\n   -5.3873048 ]\n [  1.40388517   3.76892501   2.14845978   3.16112263  -5.3873048\n    5.18820861]]", "nfev": "266", "njev": "38", "status": "0", "success": "True", "message": "Optimization terminated successfully.", "x": "[1.65565207 2.19066826 4.40529357 1.05868872 4.88923799 5.66650705]", "nit": "27"}, "21": {"maxiter": 1000, "gtol": 1e-10, "xrtol": 1e-05, "eps": 1e-10, "duration": 0.049736738204956055, "fun": "0.19861680727579034", "jac": "[-2.22044587e-06 -1.11022293e-06  3.33066880e-06 -2.22044587e-06\n  0.00000000e+00  0.00000000e+00]", "hess_inv": "[[  4.65061675   5.21063565   2.57569135   4.75967495  -4.85958832\n    1.16082328]\n [  5.21063565  15.84063999   6.68511019  12.89745933 -10.80196935\n    3.49089206]\n [  2.57569135   6.68511019   6.01148835   5.82255703  -6.20241927\n    2.10576784]\n [  4.75967495  12.89745933   5.82255703  13.08704418  -8.86853534\n    2.92066222]\n [ -4.85958832 -10.80196935  -6.20241927  -8.86853534  13.08886089\n   -5.1522444 ]\n [  1.16082328   3.49089206   2.10576784   2.92066222  -5.1522444\n    5.13622511]]", "nfev": "273", "njev": "39", "status": "0", "success": "True", "message": "Optimization terminated successfully.", "x": "[1.65567459 2.19072394 4.40532905 1.05873792 4.88918425 5.66653739]", "nit": "27"}, "22": {"maxiter": 1000, "gtol": 1e-10, "xrtol": 1e-10, "eps": 1e-05, "duration": 0.0727231502532959, "fun": "0.1986168074242921", "jac": "[ 6.23945340e-09 -4.57966998e-08 -4.74953410e-08  7.45625783e-08\n  2.22599716e-08  5.89195359e-08]", "hess_inv": "[[  5.20625258   5.94876317   2.52930749   5.60338467  -5.57908155\n    1.83870335]\n [  5.94876317  16.65757317   6.22468559  13.79602811 -11.63710268\n    4.60687033]\n [  2.52930749   6.22468559   5.26269129   5.47379254  -5.89216877\n    2.56507236]\n [  5.60338467  13.79602811   5.47379254  13.94290952  -9.72389965\n    3.74682055]\n [ -5.57908155 -11.63710268  -5.89216877  -9.72389965  14.05078201\n   -6.25451532]\n [  1.83870335   4.60687033   2.56507236   3.74682055  -6.25451532\n    5.43414758]]", "nfev": "411", "njev": "57", "status": "2", "success": "False", "message": "Desired error not necessarily achieved due to precision loss.", "x": "[1.65565107 2.19066754 4.40529337 1.05868864 4.88923757 5.66650933]", "nit": "28"}, "23": {"maxiter": 1000, "gtol": 1e-10, "xrtol": 1e-10, "eps": 1e-10, "duration": 0.10107970237731934, "fun": "0.19861680726713915", "jac": "[0.00000000e+00 4.44089173e-06 2.22044587e-06 3.33066880e-06\n 0.00000000e+00 5.55111466e-06]", "hess_inv": "[[  2.67501837  -0.74860131  -4.43716757  -0.66320279   1.63303125\n   -0.2036554 ]\n [ -0.74860131   1.98234362   3.11387393   0.0975585   -1.3642873\n   -0.67501548]\n [ -4.43716757   3.11387393  34.57718736   0.51200326 -17.80322943\n    3.38461866]\n [ -0.66320279   0.0975585    0.51200326   1.20323375   0.6888019\n   -0.5005764 ]\n [  1.63303125  -1.3642873  -17.80322943   0.6888019   13.27111864\n   -3.08880866]\n [ -0.2036554   -0.67501548   3.38461866  -0.5005764   -3.08880866\n    2.33792875]]", "nfev": "579", "njev": "81", "status": "2", "success": "False", "message": "Desired error not necessarily achieved due to precision loss.", "x": "[1.65567649 2.19072662 4.40531972 1.05874033 4.88918675 5.66653963]", "nit": "28"}}, "cobyla": {"0": {"maxiter": 100, "tol": 1e-05, "catol": 1e-05, "duration": 0.01633286476135254, "x": "[1.01783312 7.34779805 4.27160572 5.67877083 3.70016737 7.31362044]", "status": "2", "success": "False", "message": "Maximum number of function evaluations has been exceeded.", "nfev": "100", "fun": "0.2371325437016678", "maxcv": "0.0"}, "1": {"maxiter": 100, "tol": 1e-05, "catol": 1e-10, "duration": 0.01634502410888672, "x": "[1.01783312 7.34779805 4.27160572 5.67877083 3.70016737 7.31362044]", "status": "2", "success": "False", "message": "Maximum number of function evaluations has been exceeded.", "nfev": "100", "fun": "0.2371325437016678", "maxcv": "0.0"}, "2": {"maxiter": 100, "tol": 1e-10, "catol": 1e-05, "duration": 0.016354084014892578, "x": "[1.01783312 7.34779805 4.27160572 5.67877083 3.70016737 7.31362044]", "status": "2", "success": "False", "message": "Maximum number of function evaluations has been exceeded.", "nfev": "100", "fun": "0.2371325437016678", "maxcv": "0.0"}, "3": {"maxiter": 100, "tol": 1e-10, "catol": 1e-10, "duration": 0.016303062438964844, "x": "[1.01783312 7.34779805 4.27160572 5.67877083 3.70016737 7.31362044]", "status": "2", "success": "False", "message": "Maximum number of function evaluations has been exceeded.", "nfev": "100", "fun": "0.2371325437016678", "maxcv": "0.0"}, "4": {"maxiter": 500, "tol": 1e-05, "catol": 1e-05, "duration": 0.08182501792907715, "x": "[1.61740956 8.39205878 4.37092707 5.2995258  1.82790464 8.77085684]", "status": "2", "success": "False", "message": "Maximum number of function evaluations has been exceeded.", "nfev": "500", "fun": "0.19886493808383354", "maxcv": "0.0"}, "5": {"maxiter": 500, "tol": 1e-05, "catol": 1e-10, "duration": 0.08424496650695801, "x": "[1.61740956 8.39205878 4.37092707 5.2995258  1.82790464 8.77085684]", "status": "2", "success": "False", "message": "Maximum number of function evaluations has been exceeded.", "nfev": "500", "fun": "0.19886493808383354", "maxcv": "0.0"}, "6": {"maxiter": 500, "tol": 1e-10, "catol": 1e-05, "duration": 0.08245301246643066, "x": "[1.61740956 8.39205878 4.37092707 5.2995258  1.82790464 8.77085684]", "status": "2", "success": "False", "message": "Maximum number of function evaluations has been exceeded.", "nfev": "500", "fun": "0.19886493808383354", "maxcv": "0.0"}, "7": {"maxiter": 500, "tol": 1e-10, "catol": 1e-10, "duration": 0.08103680610656738, "x": "[1.61740956 8.39205878 4.37092707 5.2995258  1.82790464 8.77085684]", "status": "2", "success": "False", "message": "Maximum number of function evaluations has been exceeded.", "nfev": "500", "fun": "0.19886493808383354", "maxcv": "0.0"}, "8": {"maxiter": 1000, "tol": 1e-05, "catol": 1e-05, "duration": 0.16094398498535156, "x": "[1.65563731 8.47380916 4.40527432 5.2245222  1.74769704 8.80807395]", "status": "1", "success": "True", "message": "Optimization terminated successfully.", "nfev": "995", "fun": "0.19861680770658052", "maxcv": "0.0"}, "9": {"maxiter": 1000, "tol": 1e-05, "catol": 1e-10, "duration": 0.16077017784118652, "x": "[1.65563731 8.47380916 4.40527432 5.2245222  1.74769704 8.80807395]", "status": "1", "success": "True", "message": "Optimization terminated successfully.", "nfev": "995", "fun": "0.19861680770658052", "maxcv": "0.0"}, "10": {"maxiter": 1000, "tol": 1e-10, "catol": 1e-05, "duration": 0.16287899017333984, "x": "[1.65564408 8.47382774 4.40527894 5.22451776 1.74767699 8.80809047]", "status": "2", "success": "False", "message": "Maximum number of function evaluations has been exceeded.", "nfev": "1000", "fun": "0.19861680756869415", "maxcv": "0.0"}, "11": {"maxiter": 1000, "tol": 1e-10, "catol": 1e-10, "duration": 0.16324710845947266, "x": "[1.65564408 8.47382774 4.40527894 5.22451776 1.74767699 8.80809047]", "status": "2", "success": "False", "message": "Maximum number of function evaluations has been exceeded.", "nfev": "1000", "fun": "0.19861680756869415", "maxcv": "0.0"}}, "dual_annealing_0": {"type": "gradient-free", "0": {"maxiter": 100, "duration": 0.2730691432952881, "success": "True", "status": "0", "x": "[4.62753214 5.33227189 1.26369084 5.22449071 1.7476623  2.52489722]", "fun": "0.19861680750419752", "nit": "100", "nfev": "1593", "njev": "56", "nhev": "0", "message": "['Maximum number of iteration reached']"}, "1": {"maxiter": 500, "duration": 1.1000380516052246, "success": "True", "status": "0", "x": "[1.65568496 2.19071866 4.40532541 1.05872351 4.88920739 5.66651984]", "fun": "0.19861680736285436", "nit": "500", "nfev": "6400", "njev": "57", "nhev": "0", "message": "['Maximum number of iteration reached']"}, "2": {"maxiter": 1000, "duration": 2.097579002380371, "success": "True", "status": "0", "x": "[1.65566047 2.19071673 4.40531654 1.05873887 4.88925127 5.66647294]", "fun": "0.19861680768261059", "nit": "1000", "nfev": "12127", "njev": "18", "nhev": "0", "message": "['Maximum number of iteration reached']"}, "bounds": [[0.0, 6.283185307179586], [0.0, 6.283185307179586], [0.0, 6.283185307179586], [0.0, 6.283185307179586], [0.0, 6.283185307179586], [0.0, 6.283185307179586]]}, "dual_annealing_1": {"type": "gradient-free", "0": {"maxiter": 100, "duration": 0.24309086799621582, "success": "True", "status": "0", "x": "[1.6556864  2.19073651 4.40532988 5.22443082 1.7476059  2.5249271 ]", "fun": "0.19861680728901798", "nit": "100", "nfev": "1411", "njev": "30", "nhev": "0", "message": "['Maximum number of iteration reached']"}, "1": {"maxiter": 500, "duration": 1.0866470336914062, "success": "True", "status": "0", "x": "[4.6274686  5.33239314 7.54691519 5.22437911 1.74755755 2.52494802]", "fun": "0.19861680753475386", "nit": "500", "nfev": "6120", "njev": "17", "nhev": "0", "message": "['Maximum number of iteration reached']"}, "2": {"maxiter": 1000, "duration": 2.0865142345428467, "success": "True", "status": "0", "x": "[1.65565459 8.4738785  4.40530993 5.2244864  8.03081255 2.52492869]", "fun": "0.19861680737641252", "nit": "1000", "nfev": "12120", "njev": "17", "nhev": "0", "message": "['Maximum number of iteration reached']"}, "bounds": [[0.0, 9.42477796076938], [0.0, 9.42477796076938], [0.0, 9.42477796076938], [0.0, 9.42477796076938], [0.0, 9.42477796076938], [0.0, 9.42477796076938]]}, "dual_annealing_2": {"type": "gradient-free", "0": {"maxiter": 100, "duration": 0.2733187675476074, "success": "True", "status": "0", "x": "[ 7.93887761  2.19075567 10.68851203 11.50759789  1.74758746  8.80813136]", "fun": "0.19861680727987852", "nit": "100", "nfev": "1600", "njev": "57", "nhev": "0", "message": "['Maximum number of iteration reached']"}, "1": {"maxiter": 500, "duration": 1.0730831623077393, "success": "True", "status": "0", "x": "[ 4.62751411  5.33231164  1.26371679  1.05873988 11.17239242  5.66652329]", "fun": "0.19861680728236375", "nit": "500", "nfev": "6183", "njev": "26", "nhev": "0", "message": "['Maximum number of iteration reached']"}, "2": {"maxiter": 1000, "duration": 2.1091039180755615, "success": "True", "status": "0", "x": "[10.91070037 11.61554501  7.54693525 11.50759749  1.74758839  2.52493504]", "fun": "0.19861680739793908", "nit": "1000", "nfev": "12204", "njev": "29", "nhev": "0", "message": "['Maximum number of iteration reached']"}, "bounds": [[0.0, 12.566370614359172], [0.0, 12.566370614359172], [0.0, 12.566370614359172], [0.0, 12.566370614359172], [0.0, 12.566370614359172], [0.0, 12.566370614359172]]}, "dual_annealing_3": {"type": "gradient-free", "0": {"maxiter": 100, "duration": 0.2561049461364746, "success": "True", "status": "0", "x": "[ 1.65567668 -4.09246067 -1.8778595  -1.0587431   1.7476034   2.52493855]", "fun": "0.19861680725937847", "nit": "100", "nfev": "1439", "njev": "34", "nhev": "0", "message": "['Maximum number of iteration reached']"}, "1": {"maxiter": 500, "duration": 1.0998051166534424, "success": "True", "status": "0", "x": "[ 4.62750048 -0.95083114  1.26373776 -5.2244264  -1.39400833 -0.61664123]", "fun": "0.19861680731068287", "nit": "500", "nfev": "6281", "njev": "40", "nhev": "0", "message": "['Maximum number of iteration reached']"}, "2": {"maxiter": 1000, "duration": 2.0857961177825928, "success": "True", "status": "0", "x": "[-4.62748114 -4.09240799  4.40535601  5.22440677  1.74751554 -3.7581928 ]", "fun": "0.19861680753324307", "nit": "1000", "nfev": "12099", "njev": "14", "nhev": "0", "message": "['Maximum number of iteration reached']"}, "bounds": [[-6.283185307179586, 6.283185307179586], [-6.283185307179586, 6.283185307179586], [-6.283185307179586, 6.283185307179586], [-6.283185307179586, 6.283185307179586], [-6.283185307179586, 6.283185307179586], [-6.283185307179586, 6.283185307179586]]}, "dual_annealing_4": {"type": "gradient-free", "0": {"maxiter": 100, "duration": 0.24746298789978027, "success": "True", "status": "0", "x": "[ 7.93883637  2.19068499  4.40530728  7.34190343 -1.39399391 -0.61663922]", "fun": "0.1986168075566498", "nit": "100", "nfev": "1439", "njev": "34", "nhev": "0", "message": "['Maximum number of iteration reached']"}, "1": {"maxiter": 500, "duration": 1.0505931377410889, "success": "True", "status": "0", "x": "[-1.65568078 -7.23403674 -5.01945412 -7.34194095  8.03076961  8.80813069]", "fun": "0.19861680726173347", "nit": "500", "nfev": "6120", "njev": "17", "nhev": "0", "message": "['Maximum number of iteration reached']"}, "2": {"maxiter": 1000, "duration": 2.1530721187591553, "success": "True", "status": "0", "x": "[ 4.62750319  5.33232744  1.26372526  7.34193101 -1.39399547 -6.89984807]", "fun": "0.19861680727873443", "nit": "1000", "nfev": "12232", "njev": "33", "nhev": "0", "message": "['Maximum number of iteration reached']"}, "bounds": [[-9.42477796076938, 9.42477796076938], [-9.42477796076938, 9.42477796076938], [-9.42477796076938, 9.42477796076938], [-9.42477796076938, 9.42477796076938], [-9.42477796076938, 9.42477796076938], [-9.42477796076938, 9.42477796076938]]}, "dual_annealing_5": {"type": "gradient-free", "0": {"maxiter": 100, "duration": 0.27373218536376953, "success": "True", "status": "0", "x": "[  4.6274986   11.61552525 -11.30261673  -5.22443577   4.88916605\n  -6.89983917]", "fun": "0.19861680735496834", "nit": "100", "nfev": "1551", "njev": "50", "nhev": "0", "message": "['Maximum number of iteration reached']"}, "1": {"maxiter": 500, "duration": 1.0966546535491943, "success": "True", "status": "0", "x": "[ 7.93887022  8.47393261  4.40532712 -7.34194609  8.03077067  2.52494541]", "fun": "0.19861680725335495", "nit": "500", "nfev": "6351", "njev": "50", "nhev": "0", "message": "['Maximum number of iteration reached']"}, "2": {"maxiter": 1000, "duration": 2.110562801361084, "success": "True", "status": "0", "x": "[-10.91068711   2.19074987  -8.16103877  -7.34195175  -4.53560446\n   8.80813787]", "fun": "0.19861680726654107", "nit": "1000", "nfev": "12267", "njev": "38", "nhev": "0", "message": "['Maximum number of iteration reached']"}, "bounds": [[-12.566370614359172, 12.566370614359172], [-12.566370614359172, 12.566370614359172], [-12.566370614359172, 12.566370614359172], [-12.566370614359172, 12.566370614359172], [-12.566370614359172, 12.566370614359172], [-12.566370614359172, 12.566370614359172]]}}, "duration (s)": 114.49}