{"date": "2024/07/22/, 22:14:28", "conf_id": 21, "data_type": "random\n", "num_data_points": 2, "s_rank": 0, "unitary": "[[-0.56303964-0.00798273j,-0.21670212-0.15784972j,-0.06047197-0.73952673j,-0.01438004+0.24552571j],[-0.06976756+0.23474685j,-0.01275565-0.5435098j,-0.02703657-0.08917885j,-0.08210486-0.79311774j],[-0.38559961+0.10714929j,0.5933431-0.2687392j,-0.24060861+0.29149289j,-0.45147719+0.26241743j],[-0.50180421+0.45931857j,-0.11617175+0.44134496j,0.49642745+0.22684508j,-0.08544628-0.15407063j]]", "databatch_0": {"databatch": "[[[0.04644028-0.0075379j,0.22763736+0.02772346j,-0.3707297-0.01731561j,-0.24462243+0.10169797j],[0.01740592-0.02658942j,0.1175632-0.100861j,-0.17758532+0.17694709j,-0.06077688+0.16831045j],[0.02492437-0.00933241j,0.12934574-0.00987117j,-0.20756477+0.03151613j,-0.12441203+0.08354534j],[-0.00537016+0.06681791j,-0.11580157+0.30552078j,0.1500828-0.5070401j,-0.05748376-0.37305113j]],[[-0.00992931-0.36644835j,-0.09492799+0.39570282j,0.08671627-0.0798808j,0.27302784-0.06345052j],[-0.14794628-0.23541555j,0.09077989+0.29499442j,0.0257786-0.08562889j,0.15376138-0.14682545j],[-0.04038463-0.32899402j,-0.05148863+0.36432486j,0.07119968-0.07934364j,0.24031173-0.08054297j],[-0.00840766-0.14420137j,-0.03253068+0.15700986j,0.03317232-0.0325247j,0.10675152-0.02834016j]]]", "initial param values": "[5.3739624,6.27906972,4.93800667,3.01588424,3.93150649,3.28746097]", "bfgs": {"type": "gradient", "0": {"maxiter": 100, "gtol": 1e-05, "xrtol": 1e-05, "eps": 1e-05, "duration": 0.05483508110046387, "fun": "0.1746299039955418", "jac": "[-4.24320579e-06 -4.97590857e-07 -7.20812299e-07  3.04241077e-06\n  4.04727363e-06  5.48268098e-06]", "hess_inv": "[[   5.69934195    6.64492072   -5.70496384    5.00968807    2.24127937\n    -1.95319827]\n [   6.64492072  121.1361795  -112.13933258    6.79670463    5.88871947\n   -17.65745176]\n [  -5.70496384 -112.13933258  107.47729281   -4.12448983   -7.68101572\n    17.68000974]\n [   5.00968807    6.79670463   -4.12448983   11.82988794   -1.03871746\n    -0.22319022]\n [   2.24127937    5.88871947   -7.68101572   -1.03871746   10.08264343\n    -8.10231382]\n [  -1.95319827  -17.65745176   17.68000974   -0.22319022   -8.10231382\n    10.61488026]]", "nfev": "315", "njev": "45", "status": "0", "success": "True", "message": "Optimization terminated successfully.", "x": "[6.01835707 6.57663921 6.61501709 0.69095083 6.02182847 4.71819041]", "nit": "42"}, "1": {"maxiter": 100, "gtol": 1e-05, "xrtol": 1e-05, "eps": 1e-10, "duration": 0.05551600456237793, "fun": "0.17462990403881928", "jac": "[3.33066880e-06 1.11022293e-06 1.11022293e-06 2.22044587e-06\n 4.44089173e-06 4.44089173e-06]", "hess_inv": "[[   5.99744484   10.27311356   -8.99827823    5.09736533    2.27328531\n    -2.41970414]\n [  10.27311356  119.07781525 -109.18664608    9.66831197    6.39611631\n   -17.88700383]\n [  -8.99827823 -109.18664608  103.79444265   -6.76109499   -8.1445406\n    17.75537411]\n [   5.09736533    9.66831197   -6.76109499   11.83495794   -1.02177013\n    -0.59127307]\n [   2.27328531    6.39611631   -8.1445406    -1.02177013   10.05148158\n    -8.13841648]\n [  -2.41970414  -17.88700383   17.75537411   -0.59127307   -8.13841648\n    10.68520353]]", "nfev": "322", "njev": "46", "status": "0", "success": "True", "message": "Optimization terminated successfully.", "x": "[6.01841417 6.57667349 6.61500726 0.69100323 6.02184033 4.71817813]", "nit": "43"}, "2": {"maxiter": 100, "gtol": 1e-05, "xrtol": 1e-10, "eps": 1e-05, "duration": 0.05419588088989258, "fun": "0.1746299039955418", "jac": "[-4.24320579e-06 -4.97590857e-07 -7.20812299e-07  3.04241077e-06\n  4.04727363e-06  5.48268098e-06]", "hess_inv": "[[   5.69934195    6.64492072   -5.70496384    5.00968807    2.24127937\n    -1.95319827]\n [   6.64492072  121.1361795  -112.13933258    6.79670463    5.88871947\n   -17.65745176]\n [  -5.70496384 -112.13933258  107.47729281   -4.12448983   -7.68101572\n    17.68000974]\n [   5.00968807    6.79670463   -4.12448983   11.82988794   -1.03871746\n    -0.22319022]\n [   2.24127937    5.88871947   -7.68101572   -1.03871746   10.08264343\n    -8.10231382]\n [  -1.95319827  -17.65745176   17.68000974   -0.22319022   -8.10231382\n    10.61488026]]", "nfev": "315", "njev": "45", "status": "0", "success": "True", "message": "Optimization terminated successfully.", "x": "[6.01835707 6.57663921 6.61501709 0.69095083 6.02182847 4.71819041]", "nit": "42"}, "3": {"maxiter": 100, "gtol": 1e-05, "xrtol": 1e-10, "eps": 1e-10, "duration": 0.05525803565979004, "fun": "0.17462990403881928", "jac": "[3.33066880e-06 1.11022293e-06 1.11022293e-06 2.22044587e-06\n 4.44089173e-06 4.44089173e-06]", "hess_inv": "[[   5.99744484   10.27311356   -8.99827823    5.09736533    2.27328531\n    -2.41970414]\n [  10.27311356  119.07781525 -109.18664608    9.66831197    6.39611631\n   -17.88700383]\n [  -8.99827823 -109.18664608  103.79444265   -6.76109499   -8.1445406\n    17.75537411]\n [   5.09736533    9.66831197   -6.76109499   11.83495794   -1.02177013\n    -0.59127307]\n [   2.27328531    6.39611631   -8.1445406    -1.02177013   10.05148158\n    -8.13841648]\n [  -2.41970414  -17.88700383   17.75537411   -0.59127307   -8.13841648\n    10.68520353]]", "nfev": "322", "njev": "46", "status": "0", "success": "True", "message": "Optimization terminated successfully.", "x": "[6.01841417 6.57667349 6.61500726 0.69100323 6.02184033 4.71817813]", "nit": "43"}, "4": {"maxiter": 100, "gtol": 1e-10, "xrtol": 1e-05, "eps": 1e-05, "duration": 0.055362701416015625, "fun": "0.17462990392313915", "jac": "[-8.68272121e-07 -4.60520511e-08 -1.56541446e-07  2.35966802e-07\n  5.14677190e-07  4.71045425e-07]", "hess_inv": "[[ 5.75124760e+00  7.30034148e+00 -6.31090966e+00  4.97457808e+00\n   2.28881234e+00 -2.10439573e+00]\n [ 7.30034148e+00  1.24639549e+02 -1.15409794e+02  6.18145953e+00\n   6.84446711e+00 -1.96107125e+01]\n [-6.31090966e+00 -1.15409794e+02  1.10529838e+02 -3.55682325e+00\n  -8.56226795e+00  1.94855358e+01]\n [ 4.97457808e+00  6.18145953e+00 -3.55682325e+00  1.18474453e+01\n  -1.05806370e+00 -1.22504511e-01]\n [ 2.28881234e+00  6.84446711e+00 -8.56226795e+00 -1.05806370e+00\n   1.00996863e+01 -8.23749127e+00]\n [-2.10439573e+00 -1.96107125e+01  1.94855358e+01 -1.22504511e-01\n  -8.23749127e+00  1.10549008e+01]]", "nfev": "322", "njev": "46", "status": "0", "success": "True", "message": "Optimization terminated successfully.", "x": "[6.0183677  6.57671003 6.6149512  0.69094136 6.02184292 4.71815887]", "nit": "43"}, "5": {"maxiter": 100, "gtol": 1e-10, "xrtol": 1e-05, "eps": 1e-10, "duration": 0.05651998519897461, "fun": "0.17462990399763645", "jac": "[4.44089173e-06 2.22044587e-06 2.22044587e-06 1.11022293e-06\n 2.22044587e-06 4.44089173e-06]", "hess_inv": "[[   4.31749887    9.86913463   -8.96406346    3.15661871    1.69185819\n    -2.50127248]\n [   9.86913463  123.43811428 -113.47235708   10.4864595     6.68466299\n   -17.77438794]\n [  -8.96406346 -113.47235708  107.93017641   -7.95928025   -8.54534917\n    17.62965506]\n [   3.15661871   10.4864595    -7.95928025    9.96327381   -1.56998593\n    -0.64738934]\n [   1.69185819    6.68466299   -8.54534917   -1.56998593    9.89141639\n    -8.15393971]\n [  -2.50127248  -17.77438794   17.62965506   -0.64738934   -8.15393971\n    10.68516569]]", "nfev": "329", "njev": "47", "status": "0", "success": "True", "message": "Optimization terminated successfully.", "x": "[6.01840927 6.57666881 6.61501074 0.69099656 6.02183829 4.71817779]", "nit": "44"}, "6": {"maxiter": 100, "gtol": 1e-10, "xrtol": 1e-10, "eps": 1e-05, "duration": 0.10322880744934082, "fun": "0.1746299039139214", "jac": "[ 2.68896017e-08  2.22821761e-08  2.32036612e-09 -2.59237076e-08\n  8.53872528e-08  1.01219033e-07]", "hess_inv": "[[   5.74100475    7.07854024   -6.01010474    5.00036173    2.22621979\n    -2.524813  ]\n [   7.07854024  122.13009853 -113.05302089    6.59875822    6.34942684\n   -18.41905495]\n [  -6.01010474 -113.05302089  108.37090366   -3.9071745    -8.09615568\n    18.17011493]\n [   5.00036173    6.59875822   -3.9071745    11.7646031    -0.98636734\n    -0.57680041]\n [   2.22621979    6.34942684   -8.09615568   -0.98636734    9.9991107\n    -8.03385653]\n [  -2.524813    -18.41905495   18.17011493   -0.57680041   -8.03385653\n    10.94609267]]", "nfev": "614", "njev": "86", "status": "2", "success": "False", "message": "Desired error not necessarily achieved due to precision loss.", "x": "[6.01837103 6.57670911 6.61495309 0.69094322 6.021843   4.71815778]", "nit": "44"}, "7": {"maxiter": 100, "gtol": 1e-10, "xrtol": 1e-10, "eps": 1e-10, "duration": 0.07219600677490234, "fun": "0.17462990391219801", "jac": "[ 1.11022293e-06  0.00000000e+00  1.11022293e-06  1.11022293e-06\n -1.11022293e-06 -2.22044587e-06]", "hess_inv": "[[ 5.58275374e+00 -1.75193821e+02  1.71504430e+02 -1.13825880e+00\n   2.19245630e-01  2.96400845e+01]\n [-1.75193821e+02  1.07031067e+04 -1.04647997e+04  9.40856575e+01\n   7.23943613e+01 -1.89976761e+03]\n [ 1.71504430e+02 -1.04647997e+04  1.02345739e+04 -9.10919615e+01\n  -7.00377179e+01  1.85660205e+03]\n [-1.13825880e+00  9.40856575e+01 -9.10919615e+01  1.52636708e+00\n   1.07396478e+00 -1.72521625e+01]\n [ 2.19245630e-01  7.23943613e+01 -7.00377179e+01  1.07396478e+00\n   2.16674122e+00 -1.42964999e+01]\n [ 2.96400845e+01 -1.89976761e+03  1.85660205e+03 -1.72521625e+01\n  -1.42964999e+01  3.40831194e+02]]", "nfev": "427", "njev": "61", "status": "0", "success": "True", "message": "Optimization terminated successfully.", "x": "[6.01839836 6.57673296 6.61494452 0.69098547 6.02183761 4.71816139]", "nit": "47"}, "8": {"maxiter": 500, "gtol": 1e-05, "xrtol": 1e-05, "eps": 1e-05, "duration": 0.053147077560424805, "fun": "0.1746299039955418", "jac": "[-4.24320579e-06 -4.97590857e-07 -7.20812299e-07  3.04241077e-06\n  4.04727363e-06  5.48268098e-06]", "hess_inv": "[[   5.69934195    6.64492072   -5.70496384    5.00968807    2.24127937\n    -1.95319827]\n [   6.64492072  121.1361795  -112.13933258    6.79670463    5.88871947\n   -17.65745176]\n [  -5.70496384 -112.13933258  107.47729281   -4.12448983   -7.68101572\n    17.68000974]\n [   5.00968807    6.79670463   -4.12448983   11.82988794   -1.03871746\n    -0.22319022]\n [   2.24127937    5.88871947   -7.68101572   -1.03871746   10.08264343\n    -8.10231382]\n [  -1.95319827  -17.65745176   17.68000974   -0.22319022   -8.10231382\n    10.61488026]]", "nfev": "315", "njev": "45", "status": "0", "success": "True", "message": "Optimization terminated successfully.", "x": "[6.01835707 6.57663921 6.61501709 0.69095083 6.02182847 4.71819041]", "nit": "42"}, "9": {"maxiter": 500, "gtol": 1e-05, "xrtol": 1e-05, "eps": 1e-10, "duration": 0.054231882095336914, "fun": "0.17462990403881928", "jac": "[3.33066880e-06 1.11022293e-06 1.11022293e-06 2.22044587e-06\n 4.44089173e-06 4.44089173e-06]", "hess_inv": "[[   5.99744484   10.27311356   -8.99827823    5.09736533    2.27328531\n    -2.41970414]\n [  10.27311356  119.07781525 -109.18664608    9.66831197    6.39611631\n   -17.88700383]\n [  -8.99827823 -109.18664608  103.79444265   -6.76109499   -8.1445406\n    17.75537411]\n [   5.09736533    9.66831197   -6.76109499   11.83495794   -1.02177013\n    -0.59127307]\n [   2.27328531    6.39611631   -8.1445406    -1.02177013   10.05148158\n    -8.13841648]\n [  -2.41970414  -17.88700383   17.75537411   -0.59127307   -8.13841648\n    10.68520353]]", "nfev": "322", "njev": "46", "status": "0", "success": "True", "message": "Optimization terminated successfully.", "x": "[6.01841417 6.57667349 6.61500726 0.69100323 6.02184033 4.71817813]", "nit": "43"}, "10": {"maxiter": 500, "gtol": 1e-05, "xrtol": 1e-10, "eps": 1e-05, "duration": 0.05292701721191406, "fun": "0.1746299039955418", "jac": "[-4.24320579e-06 -4.97590857e-07 -7.20812299e-07  3.04241077e-06\n  4.04727363e-06  5.48268098e-06]", "hess_inv": "[[   5.69934195    6.64492072   -5.70496384    5.00968807    2.24127937\n    -1.95319827]\n [   6.64492072  121.1361795  -112.13933258    6.79670463    5.88871947\n   -17.65745176]\n [  -5.70496384 -112.13933258  107.47729281   -4.12448983   -7.68101572\n    17.68000974]\n [   5.00968807    6.79670463   -4.12448983   11.82988794   -1.03871746\n    -0.22319022]\n [   2.24127937    5.88871947   -7.68101572   -1.03871746   10.08264343\n    -8.10231382]\n [  -1.95319827  -17.65745176   17.68000974   -0.22319022   -8.10231382\n    10.61488026]]", "nfev": "315", "njev": "45", "status": "0", "success": "True", "message": "Optimization terminated successfully.", "x": "[6.01835707 6.57663921 6.61501709 0.69095083 6.02182847 4.71819041]", "nit": "42"}, "11": {"maxiter": 500, "gtol": 1e-05, "xrtol": 1e-10, "eps": 1e-10, "duration": 0.05409574508666992, "fun": "0.17462990403881928", "jac": "[3.33066880e-06 1.11022293e-06 1.11022293e-06 2.22044587e-06\n 4.44089173e-06 4.44089173e-06]", "hess_inv": "[[   5.99744484   10.27311356   -8.99827823    5.09736533    2.27328531\n    -2.41970414]\n [  10.27311356  119.07781525 -109.18664608    9.66831197    6.39611631\n   -17.88700383]\n [  -8.99827823 -109.18664608  103.79444265   -6.76109499   -8.1445406\n    17.75537411]\n [   5.09736533    9.66831197   -6.76109499   11.83495794   -1.02177013\n    -0.59127307]\n [   2.27328531    6.39611631   -8.1445406    -1.02177013   10.05148158\n    -8.13841648]\n [  -2.41970414  -17.88700383   17.75537411   -0.59127307   -8.13841648\n    10.68520353]]", "nfev": "322", "njev": "46", "status": "0", "success": "True", "message": "Optimization terminated successfully.", "x": "[6.01841417 6.57667349 6.61500726 0.69100323 6.02184033 4.71817813]", "nit": "43"}, "12": {"maxiter": 500, "gtol": 1e-10, "xrtol": 1e-05, "eps": 1e-05, "duration": 0.054154157638549805, "fun": "0.17462990392313915", "jac": "[-8.68272121e-07 -4.60520511e-08 -1.56541446e-07  2.35966802e-07\n  5.14677190e-07  4.71045425e-07]", "hess_inv": "[[ 5.75124760e+00  7.30034148e+00 -6.31090966e+00  4.97457808e+00\n   2.28881234e+00 -2.10439573e+00]\n [ 7.30034148e+00  1.24639549e+02 -1.15409794e+02  6.18145953e+00\n   6.84446711e+00 -1.96107125e+01]\n [-6.31090966e+00 -1.15409794e+02  1.10529838e+02 -3.55682325e+00\n  -8.56226795e+00  1.94855358e+01]\n [ 4.97457808e+00  6.18145953e+00 -3.55682325e+00  1.18474453e+01\n  -1.05806370e+00 -1.22504511e-01]\n [ 2.28881234e+00  6.84446711e+00 -8.56226795e+00 -1.05806370e+00\n   1.00996863e+01 -8.23749127e+00]\n [-2.10439573e+00 -1.96107125e+01  1.94855358e+01 -1.22504511e-01\n  -8.23749127e+00  1.10549008e+01]]", "nfev": "322", "njev": "46", "status": "0", "success": "True", "message": "Optimization terminated successfully.", "x": "[6.0183677  6.57671003 6.6149512  0.69094136 6.02184292 4.71815887]", "nit": "43"}, "13": {"maxiter": 500, "gtol": 1e-10, "xrtol": 1e-05, "eps": 1e-10, "duration": 0.05638599395751953, "fun": "0.17462990399763645", "jac": "[4.44089173e-06 2.22044587e-06 2.22044587e-06 1.11022293e-06\n 2.22044587e-06 4.44089173e-06]", "hess_inv": "[[   4.31749887    9.86913463   -8.96406346    3.15661871    1.69185819\n    -2.50127248]\n [   9.86913463  123.43811428 -113.47235708   10.4864595     6.68466299\n   -17.77438794]\n [  -8.96406346 -113.47235708  107.93017641   -7.95928025   -8.54534917\n    17.62965506]\n [   3.15661871   10.4864595    -7.95928025    9.96327381   -1.56998593\n    -0.64738934]\n [   1.69185819    6.68466299   -8.54534917   -1.56998593    9.89141639\n    -8.15393971]\n [  -2.50127248  -17.77438794   17.62965506   -0.64738934   -8.15393971\n    10.68516569]]", "nfev": "329", "njev": "47", "status": "0", "success": "True", "message": "Optimization terminated successfully.", "x": "[6.01840927 6.57666881 6.61501074 0.69099656 6.02183829 4.71817779]", "nit": "44"}, "14": {"maxiter": 500, "gtol": 1e-10, "xrtol": 1e-10, "eps": 1e-05, "duration": 0.10435318946838379, "fun": "0.1746299039139214", "jac": "[ 2.68896017e-08  2.22821761e-08  2.32036612e-09 -2.59237076e-08\n  8.53872528e-08  1.01219033e-07]", "hess_inv": "[[   5.74100475    7.07854024   -6.01010474    5.00036173    2.22621979\n    -2.524813  ]\n [   7.07854024  122.13009853 -113.05302089    6.59875822    6.34942684\n   -18.41905495]\n [  -6.01010474 -113.05302089  108.37090366   -3.9071745    -8.09615568\n    18.17011493]\n [   5.00036173    6.59875822   -3.9071745    11.7646031    -0.98636734\n    -0.57680041]\n [   2.22621979    6.34942684   -8.09615568   -0.98636734    9.9991107\n    -8.03385653]\n [  -2.524813    -18.41905495   18.17011493   -0.57680041   -8.03385653\n    10.94609267]]", "nfev": "614", "njev": "86", "status": "2", "success": "False", "message": "Desired error not necessarily achieved due to precision loss.", "x": "[6.01837103 6.57670911 6.61495309 0.69094322 6.021843   4.71815778]", "nit": "44"}, "15": {"maxiter": 500, "gtol": 1e-10, "xrtol": 1e-10, "eps": 1e-10, "duration": 0.07239699363708496, "fun": "0.17462990391219801", "jac": "[ 1.11022293e-06  0.00000000e+00  1.11022293e-06  1.11022293e-06\n -1.11022293e-06 -2.22044587e-06]", "hess_inv": "[[ 5.58275374e+00 -1.75193821e+02  1.71504430e+02 -1.13825880e+00\n   2.19245630e-01  2.96400845e+01]\n [-1.75193821e+02  1.07031067e+04 -1.04647997e+04  9.40856575e+01\n   7.23943613e+01 -1.89976761e+03]\n [ 1.71504430e+02 -1.04647997e+04  1.02345739e+04 -9.10919615e+01\n  -7.00377179e+01  1.85660205e+03]\n [-1.13825880e+00  9.40856575e+01 -9.10919615e+01  1.52636708e+00\n   1.07396478e+00 -1.72521625e+01]\n [ 2.19245630e-01  7.23943613e+01 -7.00377179e+01  1.07396478e+00\n   2.16674122e+00 -1.42964999e+01]\n [ 2.96400845e+01 -1.89976761e+03  1.85660205e+03 -1.72521625e+01\n  -1.42964999e+01  3.40831194e+02]]", "nfev": "427", "njev": "61", "status": "0", "success": "True", "message": "Optimization terminated successfully.", "x": "[6.01839836 6.57673296 6.61494452 0.69098547 6.02183761 4.71816139]", "nit": "47"}, "16": {"maxiter": 1000, "gtol": 1e-05, "xrtol": 1e-05, "eps": 1e-05, "duration": 0.053476810455322266, "fun": "0.1746299039955418", "jac": "[-4.24320579e-06 -4.97590857e-07 -7.20812299e-07  3.04241077e-06\n  4.04727363e-06  5.48268098e-06]", "hess_inv": "[[   5.69934195    6.64492072   -5.70496384    5.00968807    2.24127937\n    -1.95319827]\n [   6.64492072  121.1361795  -112.13933258    6.79670463    5.88871947\n   -17.65745176]\n [  -5.70496384 -112.13933258  107.47729281   -4.12448983   -7.68101572\n    17.68000974]\n [   5.00968807    6.79670463   -4.12448983   11.82988794   -1.03871746\n    -0.22319022]\n [   2.24127937    5.88871947   -7.68101572   -1.03871746   10.08264343\n    -8.10231382]\n [  -1.95319827  -17.65745176   17.68000974   -0.22319022   -8.10231382\n    10.61488026]]", "nfev": "315", "njev": "45", "status": "0", "success": "True", "message": "Optimization terminated successfully.", "x": "[6.01835707 6.57663921 6.61501709 0.69095083 6.02182847 4.71819041]", "nit": "42"}, "17": {"maxiter": 1000, "gtol": 1e-05, "xrtol": 1e-05, "eps": 1e-10, "duration": 0.05429196357727051, "fun": "0.17462990403881928", "jac": "[3.33066880e-06 1.11022293e-06 1.11022293e-06 2.22044587e-06\n 4.44089173e-06 4.44089173e-06]", "hess_inv": "[[   5.99744484   10.27311356   -8.99827823    5.09736533    2.27328531\n    -2.41970414]\n [  10.27311356  119.07781525 -109.18664608    9.66831197    6.39611631\n   -17.88700383]\n [  -8.99827823 -109.18664608  103.79444265   -6.76109499   -8.1445406\n    17.75537411]\n [   5.09736533    9.66831197   -6.76109499   11.83495794   -1.02177013\n    -0.59127307]\n [   2.27328531    6.39611631   -8.1445406    -1.02177013   10.05148158\n    -8.13841648]\n [  -2.41970414  -17.88700383   17.75537411   -0.59127307   -8.13841648\n    10.68520353]]", "nfev": "322", "njev": "46", "status": "0", "success": "True", "message": "Optimization terminated successfully.", "x": "[6.01841417 6.57667349 6.61500726 0.69100323 6.02184033 4.71817813]", "nit": "43"}, "18": {"maxiter": 1000, "gtol": 1e-05, "xrtol": 1e-10, "eps": 1e-05, "duration": 0.05306601524353027, "fun": "0.1746299039955418", "jac": "[-4.24320579e-06 -4.97590857e-07 -7.20812299e-07  3.04241077e-06\n  4.04727363e-06  5.48268098e-06]", "hess_inv": "[[   5.69934195    6.64492072   -5.70496384    5.00968807    2.24127937\n    -1.95319827]\n [   6.64492072  121.1361795  -112.13933258    6.79670463    5.88871947\n   -17.65745176]\n [  -5.70496384 -112.13933258  107.47729281   -4.12448983   -7.68101572\n    17.68000974]\n [   5.00968807    6.79670463   -4.12448983   11.82988794   -1.03871746\n    -0.22319022]\n [   2.24127937    5.88871947   -7.68101572   -1.03871746   10.08264343\n    -8.10231382]\n [  -1.95319827  -17.65745176   17.68000974   -0.22319022   -8.10231382\n    10.61488026]]", "nfev": "315", "njev": "45", "status": "0", "success": "True", "message": "Optimization terminated successfully.", "x": "[6.01835707 6.57663921 6.61501709 0.69095083 6.02182847 4.71819041]", "nit": "42"}, "19": {"maxiter": 1000, "gtol": 1e-05, "xrtol": 1e-10, "eps": 1e-10, "duration": 0.05440473556518555, "fun": "0.17462990403881928", "jac": "[3.33066880e-06 1.11022293e-06 1.11022293e-06 2.22044587e-06\n 4.44089173e-06 4.44089173e-06]", "hess_inv": "[[   5.99744484   10.27311356   -8.99827823    5.09736533    2.27328531\n    -2.41970414]\n [  10.27311356  119.07781525 -109.18664608    9.66831197    6.39611631\n   -17.88700383]\n [  -8.99827823 -109.18664608  103.79444265   -6.76109499   -8.1445406\n    17.75537411]\n [   5.09736533    9.66831197   -6.76109499   11.83495794   -1.02177013\n    -0.59127307]\n [   2.27328531    6.39611631   -8.1445406    -1.02177013   10.05148158\n    -8.13841648]\n [  -2.41970414  -17.88700383   17.75537411   -0.59127307   -8.13841648\n    10.68520353]]", "nfev": "322", "njev": "46", "status": "0", "success": "True", "message": "Optimization terminated successfully.", "x": "[6.01841417 6.57667349 6.61500726 0.69100323 6.02184033 4.71817813]", "nit": "43"}, "20": {"maxiter": 1000, "gtol": 1e-10, "xrtol": 1e-05, "eps": 1e-05, "duration": 0.0543670654296875, "fun": "0.17462990392313915", "jac": "[-8.68272121e-07 -4.60520511e-08 -1.56541446e-07  2.35966802e-07\n  5.14677190e-07  4.71045425e-07]", "hess_inv": "[[ 5.75124760e+00  7.30034148e+00 -6.31090966e+00  4.97457808e+00\n   2.28881234e+00 -2.10439573e+00]\n [ 7.30034148e+00  1.24639549e+02 -1.15409794e+02  6.18145953e+00\n   6.84446711e+00 -1.96107125e+01]\n [-6.31090966e+00 -1.15409794e+02  1.10529838e+02 -3.55682325e+00\n  -8.56226795e+00  1.94855358e+01]\n [ 4.97457808e+00  6.18145953e+00 -3.55682325e+00  1.18474453e+01\n  -1.05806370e+00 -1.22504511e-01]\n [ 2.28881234e+00  6.84446711e+00 -8.56226795e+00 -1.05806370e+00\n   1.00996863e+01 -8.23749127e+00]\n [-2.10439573e+00 -1.96107125e+01  1.94855358e+01 -1.22504511e-01\n  -8.23749127e+00  1.10549008e+01]]", "nfev": "322", "njev": "46", "status": "0", "success": "True", "message": "Optimization terminated successfully.", "x": "[6.0183677  6.57671003 6.6149512  0.69094136 6.02184292 4.71815887]", "nit": "43"}, "21": {"maxiter": 1000, "gtol": 1e-10, "xrtol": 1e-05, "eps": 1e-10, "duration": 0.055891990661621094, "fun": "0.17462990399763645", "jac": "[4.44089173e-06 2.22044587e-06 2.22044587e-06 1.11022293e-06\n 2.22044587e-06 4.44089173e-06]", "hess_inv": "[[   4.31749887    9.86913463   -8.96406346    3.15661871    1.69185819\n    -2.50127248]\n [   9.86913463  123.43811428 -113.47235708   10.4864595     6.68466299\n   -17.77438794]\n [  -8.96406346 -113.47235708  107.93017641   -7.95928025   -8.54534917\n    17.62965506]\n [   3.15661871   10.4864595    -7.95928025    9.96327381   -1.56998593\n    -0.64738934]\n [   1.69185819    6.68466299   -8.54534917   -1.56998593    9.89141639\n    -8.15393971]\n [  -2.50127248  -17.77438794   17.62965506   -0.64738934   -8.15393971\n    10.68516569]]", "nfev": "329", "njev": "47", "status": "0", "success": "True", "message": "Optimization terminated successfully.", "x": "[6.01840927 6.57666881 6.61501074 0.69099656 6.02183829 4.71817779]", "nit": "44"}, "22": {"maxiter": 1000, "gtol": 1e-10, "xrtol": 1e-10, "eps": 1e-05, "duration": 0.10300683975219727, "fun": "0.1746299039139214", "jac": "[ 2.68896017e-08  2.22821761e-08  2.32036612e-09 -2.59237076e-08\n  8.53872528e-08  1.01219033e-07]", "hess_inv": "[[   5.74100475    7.07854024   -6.01010474    5.00036173    2.22621979\n    -2.524813  ]\n [   7.07854024  122.13009853 -113.05302089    6.59875822    6.34942684\n   -18.41905495]\n [  -6.01010474 -113.05302089  108.37090366   -3.9071745    -8.09615568\n    18.17011493]\n [   5.00036173    6.59875822   -3.9071745    11.7646031    -0.98636734\n    -0.57680041]\n [   2.22621979    6.34942684   -8.09615568   -0.98636734    9.9991107\n    -8.03385653]\n [  -2.524813    -18.41905495   18.17011493   -0.57680041   -8.03385653\n    10.94609267]]", "nfev": "614", "njev": "86", "status": "2", "success": "False", "message": "Desired error not necessarily achieved due to precision loss.", "x": "[6.01837103 6.57670911 6.61495309 0.69094322 6.021843   4.71815778]", "nit": "44"}, "23": {"maxiter": 1000, "gtol": 1e-10, "xrtol": 1e-10, "eps": 1e-10, "duration": 0.07186102867126465, "fun": "0.17462990391219801", "jac": "[ 1.11022293e-06  0.00000000e+00  1.11022293e-06  1.11022293e-06\n -1.11022293e-06 -2.22044587e-06]", "hess_inv": "[[ 5.58275374e+00 -1.75193821e+02  1.71504430e+02 -1.13825880e+00\n   2.19245630e-01  2.96400845e+01]\n [-1.75193821e+02  1.07031067e+04 -1.04647997e+04  9.40856575e+01\n   7.23943613e+01 -1.89976761e+03]\n [ 1.71504430e+02 -1.04647997e+04  1.02345739e+04 -9.10919615e+01\n  -7.00377179e+01  1.85660205e+03]\n [-1.13825880e+00  9.40856575e+01 -9.10919615e+01  1.52636708e+00\n   1.07396478e+00 -1.72521625e+01]\n [ 2.19245630e-01  7.23943613e+01 -7.00377179e+01  1.07396478e+00\n   2.16674122e+00 -1.42964999e+01]\n [ 2.96400845e+01 -1.89976761e+03  1.85660205e+03 -1.72521625e+01\n  -1.42964999e+01  3.40831194e+02]]", "nfev": "427", "njev": "61", "status": "0", "success": "True", "message": "Optimization terminated successfully.", "x": "[6.01839836 6.57673296 6.61494452 0.69098547 6.02183761 4.71816139]", "nit": "47"}}, "cobyla": {"0": {"maxiter": 100, "tol": 1e-05, "catol": 1e-05, "duration": 0.016154050827026367, "x": "[5.96737753 7.97086486 5.62652631 2.62204507 4.85014363 3.80873587]", "status": "2", "success": "False", "message": "Maximum number of function evaluations has been exceeded.", "nfev": "100", "fun": "0.3613435145747762", "maxcv": "0.0"}, "1": {"maxiter": 100, "tol": 1e-05, "catol": 1e-10, "duration": 0.0160677433013916, "x": "[5.96737753 7.97086486 5.62652631 2.62204507 4.85014363 3.80873587]", "status": "2", "success": "False", "message": "Maximum number of function evaluations has been exceeded.", "nfev": "100", "fun": "0.3613435145747762", "maxcv": "0.0"}, "2": {"maxiter": 100, "tol": 1e-10, "catol": 1e-05, "duration": 0.016010284423828125, "x": "[5.96737753 7.97086486 5.62652631 2.62204507 4.85014363 3.80873587]", "status": "2", "success": "False", "message": "Maximum number of function evaluations has been exceeded.", "nfev": "100", "fun": "0.3613435145747762", "maxcv": "0.0"}, "3": {"maxiter": 100, "tol": 1e-10, "catol": 1e-10, "duration": 0.016021013259887695, "x": "[5.96737753 7.97086486 5.62652631 2.62204507 4.85014363 3.80873587]", "status": "2", "success": "False", "message": "Maximum number of function evaluations has been exceeded.", "nfev": "100", "fun": "0.3613435145747762", "maxcv": "0.0"}, "4": {"maxiter": 500, "tol": 1e-05, "catol": 1e-05, "duration": 0.07992911338806152, "x": "[6.06189681 7.23259219 5.99234592 0.76558283 6.07019935 4.62227427]", "status": "2", "success": "False", "message": "Maximum number of function evaluations has been exceeded.", "nfev": "500", "fun": "0.17603039702993717", "maxcv": "0.0"}, "5": {"maxiter": 500, "tol": 1e-05, "catol": 1e-10, "duration": 0.0791771411895752, "x": "[6.06189681 7.23259219 5.99234592 0.76558283 6.07019935 4.62227427]", "status": "2", "success": "False", "message": "Maximum number of function evaluations has been exceeded.", "nfev": "500", "fun": "0.17603039702993717", "maxcv": "0.0"}, "6": {"maxiter": 500, "tol": 1e-10, "catol": 1e-05, "duration": 0.07985830307006836, "x": "[6.06189681 7.23259219 5.99234592 0.76558283 6.07019935 4.62227427]", "status": "2", "success": "False", "message": "Maximum number of function evaluations has been exceeded.", "nfev": "500", "fun": "0.17603039702993717", "maxcv": "0.0"}, "7": {"maxiter": 500, "tol": 1e-10, "catol": 1e-10, "duration": 0.08075213432312012, "x": "[6.06189681 7.23259219 5.99234592 0.76558283 6.07019935 4.62227427]", "status": "2", "success": "False", "message": "Maximum number of function evaluations has been exceeded.", "nfev": "500", "fun": "0.17603039702993717", "maxcv": "0.0"}, "8": {"maxiter": 1000, "tol": 1e-05, "catol": 1e-05, "duration": 0.15725326538085938, "x": "[6.03565121 6.8302349  6.37688357 0.71191666 6.03943693 4.67736316]", "status": "2", "success": "False", "message": "Maximum number of function evaluations has been exceeded.", "nfev": "1000", "fun": "0.1748654172131896", "maxcv": "0.0"}, "9": {"maxiter": 1000, "tol": 1e-05, "catol": 1e-10, "duration": 0.15370702743530273, "x": "[6.03565121 6.8302349  6.37688357 0.71191666 6.03943693 4.67736316]", "status": "2", "success": "False", "message": "Maximum number of function evaluations has been exceeded.", "nfev": "1000", "fun": "0.1748654172131896", "maxcv": "0.0"}, "10": {"maxiter": 1000, "tol": 1e-10, "catol": 1e-05, "duration": 0.15993475914001465, "x": "[6.03565121 6.8302349  6.37688357 0.71191666 6.03943693 4.67736316]", "status": "2", "success": "False", "message": "Maximum number of function evaluations has been exceeded.", "nfev": "1000", "fun": "0.1748654172131896", "maxcv": "0.0"}, "11": {"maxiter": 1000, "tol": 1e-10, "catol": 1e-10, "duration": 0.16053986549377441, "x": "[6.03565121 6.8302349  6.37688357 0.71191666 6.03943693 4.67736316]", "status": "2", "success": "False", "message": "Maximum number of function evaluations has been exceeded.", "nfev": "1000", "fun": "0.1748654172131896", "maxcv": "0.0"}}, "dual_annealing_0": {"type": "gradient-free", "0": {"maxiter": 100, "duration": 0.23978805541992188, "success": "True", "status": "0", "x": "[0.26483704 3.43491276 3.473582   5.59225281 2.88021372 1.57661363]", "fun": "0.1746299042129945", "nit": "100", "nfev": "1404", "njev": "29", "nhev": "0", "message": "['Maximum number of iteration reached']"}, "1": {"maxiter": 500, "duration": 1.0642600059509277, "success": "True", "status": "0", "x": "[6.03880065 0.64006401 6.28318531 0.71698128 6.0501085  4.66228151]", "fun": "0.17506485117266168", "nit": "500", "nfev": "6232", "njev": "33", "nhev": "0", "message": "['Maximum number of iteration reached']"}, "2": {"maxiter": 1000, "duration": 2.141677141189575, "success": "True", "status": "0", "x": "[6.01838622 0.29343326 0.33184922 0.69093148 6.02183397 4.71818987]", "fun": "0.1746299040401178", "nit": "1000", "nfev": "12463", "njev": "66", "nhev": "0", "message": "['Maximum number of iteration reached']"}, "bounds": [[0.0, 6.283185307179586], [0.0, 6.283185307179586], [0.0, 6.283185307179586], [0.0, 6.283185307179586], [0.0, 6.283185307179586], [0.0, 6.283185307179586]]}, "dual_annealing_1": {"type": "gradient-free", "0": {"maxiter": 100, "duration": 0.23399662971496582, "success": "True", "status": "0", "x": "[6.54798997 3.43511475 3.47336919 5.59222954 2.88025184 1.57656462]", "fun": "0.17462990388718225", "nit": "100", "nfev": "1369", "njev": "24", "nhev": "0", "message": "['Maximum number of iteration reached']"}, "1": {"maxiter": 500, "duration": 1.0690960884094238, "success": "True", "status": "0", "x": "[6.01836905 6.576677   6.61500623 6.97412554 6.0218299  4.71817273]", "fun": "0.1746299039679149", "nit": "500", "nfev": "6176", "njev": "25", "nhev": "0", "message": "['Maximum number of iteration reached']"}, "2": {"maxiter": 1000, "duration": 2.0801572799682617, "success": "True", "status": "0", "x": "[6.83460641 3.26169791 3.51637234 6.30291135 1.41261894 9.42477796]", "fun": "0.1944850878523383", "nit": "1000", "nfev": "12267", "njev": "38", "nhev": "0", "message": "['Maximum number of iteration reached']"}, "bounds": [[0.0, 9.42477796076938], [0.0, 9.42477796076938], [0.0, 9.42477796076938], [0.0, 9.42477796076938], [0.0, 9.42477796076938], [0.0, 9.42477796076938]]}, "dual_annealing_2": {"type": "gradient-free", "0": {"maxiter": 100, "duration": 0.2501099109649658, "success": "True", "status": "0", "x": "[ 6.01840408  6.57681006  6.61485466 11.87539403  2.88029589  1.57651534]", "fun": "0.17462990402840528", "nit": "100", "nfev": "1446", "njev": "35", "nhev": "0", "message": "['Maximum number of iteration reached']"}, "1": {"maxiter": 500, "duration": 1.0928242206573486, "success": "True", "status": "0", "x": "[0.26479372 9.71834021 3.473325   5.5922143  2.88026672 1.57655256]", "fun": "0.17462990390726651", "nit": "500", "nfev": "6351", "njev": "50", "nhev": "0", "message": "['Maximum number of iteration reached']"}, "2": {"maxiter": 1000, "duration": 2.112907886505127, "success": "True", "status": "0", "x": "[6.54802988 3.4347934  9.75686358 5.59220061 2.88014339 7.85987634]", "fun": "0.1746299048301092", "nit": "1000", "nfev": "12169", "njev": "24", "nhev": "0", "message": "['Maximum number of iteration reached']"}, "bounds": [[0.0, 12.566370614359172], [0.0, 12.566370614359172], [0.0, 12.566370614359172], [0.0, 12.566370614359172], [0.0, 12.566370614359172], [0.0, 12.566370614359172]]}, "dual_annealing_3": {"type": "gradient-free", "0": {"maxiter": 100, "duration": 0.242722749710083, "success": "True", "status": "0", "x": "[-0.26478743 -5.98965178  0.33176691  5.59222853  2.88027657  1.57653614]", "fun": "0.17462990395613864", "nit": "100", "nfev": "1425", "njev": "32", "nhev": "0", "message": "['Maximum number of iteration reached']"}, "1": {"maxiter": 500, "duration": 1.0605700016021729, "success": "True", "status": "0", "x": "[-6.01835326 -2.8479612  -2.8099426   0.69090372 -0.26132787 -1.56504836]", "fun": "0.17462990418109048", "nit": "500", "nfev": "6204", "njev": "29", "nhev": "0", "message": "['Maximum number of iteration reached']"}, "2": {"maxiter": 1000, "duration": 2.126305103302002, "success": "True", "status": "0", "x": "[-6.01838314  3.43510099  3.47338103 -5.5922266   6.0218404  -1.56501829]", "fun": "0.17462990388562072", "nit": "1000", "nfev": "12568", "njev": "81", "nhev": "0", "message": "['Maximum number of iteration reached']"}, "bounds": [[-6.283185307179586, 6.283185307179586], [-6.283185307179586, 6.283185307179586], [-6.283185307179586, 6.283185307179586], [-6.283185307179586, 6.283185307179586], [-6.283185307179586, 6.283185307179586], [-6.283185307179586, 6.283185307179586]]}, "dual_annealing_4": {"type": "gradient-free", "0": {"maxiter": 100, "duration": 0.24556517601013184, "success": "True", "status": "0", "x": "[-0.26477818 -5.98972404  0.3318663  -5.59217905 -0.26136223 -7.84821281]", "fun": "0.1746299041643713", "nit": "100", "nfev": "1425", "njev": "32", "nhev": "0", "message": "['Maximum number of iteration reached']"}, "1": {"maxiter": 500, "duration": 1.0896008014678955, "success": "True", "status": "0", "x": "[-6.54800097  0.29352759  6.61496105 -6.9741047  -3.40293853 -4.70656015]", "fun": "0.17462990452447613", "nit": "500", "nfev": "6372", "njev": "53", "nhev": "0", "message": "['Maximum number of iteration reached']"}, "2": {"maxiter": 1000, "duration": 2.0892930030822754, "success": "True", "status": "0", "x": "[-6.01841109 -9.13123178  3.47332624  5.59221549 -3.40288368  1.57652297]", "fun": "0.17462990405638712", "nit": "1000", "nfev": "12302", "njev": "43", "nhev": "0", "message": "['Maximum number of iteration reached']"}, "bounds": [[-9.42477796076938, 9.42477796076938], [-9.42477796076938, 9.42477796076938], [-9.42477796076938, 9.42477796076938], [-9.42477796076938, 9.42477796076938], [-9.42477796076938, 9.42477796076938], [-9.42477796076938, 9.42477796076938]]}, "dual_annealing_5": {"type": "gradient-free", "0": {"maxiter": 100, "duration": 0.2560999393463135, "success": "True", "status": "0", "x": "[ 6.54795917 -2.8481212   3.47341245  6.97416274 -0.26136926  4.71817691]", "fun": "0.17462990414140744", "nit": "100", "nfev": "1495", "njev": "42", "nhev": "0", "message": "['Maximum number of iteration reached']"}, "1": {"maxiter": 500, "duration": 1.0703518390655518, "success": "True", "status": "0", "x": "[  6.54798908  -2.84810894  -9.09296355 -11.87541345   6.02183953\n  -7.84819513]", "fun": "0.17462990389929955", "nit": "500", "nfev": "6274", "njev": "39", "nhev": "0", "message": "['Maximum number of iteration reached']"}, "2": {"maxiter": 1000, "duration": 2.0739052295684814, "success": "True", "status": "0", "x": "[ 0.26480003 -2.84807001  9.75655657  0.69096119 12.30503192  4.71815612]", "fun": "0.1746299038853646", "nit": "1000", "nfev": "12176", "njev": "25", "nhev": "0", "message": "['Maximum number of iteration reached']"}, "bounds": [[-12.566370614359172, 12.566370614359172], [-12.566370614359172, 12.566370614359172], [-12.566370614359172, 12.566370614359172], [-12.566370614359172, 12.566370614359172], [-12.566370614359172, 12.566370614359172], [-12.566370614359172, 12.566370614359172]]}}, "duration (s)": 109.97}