{"date": "2024/07/22/, 21:42:45", "conf_id": 5, "data_type": "random\n", "num_data_points": 1, "s_rank": 0, "unitary": "[[-0.45070455-0.02711853j,0.78437395-0.06613086j,0.06358678+0.19963393j,-0.07343613+0.35668523j],[-0.01890143-0.03813363j,0.32408202+0.25557629j,0.05872864-0.68979805j,0.55466693-0.20227297j],[-0.11215405+0.64023111j,-0.13344055+0.29565494j,-0.49012687-0.19046288j,-0.04241254+0.44046348j],[0.55771659+0.24656916j,0.31851997-0.05798805j,0.28761525-0.34294258j,-0.56718418+0.03616933j]]", "databatch_0": {"databatch": "[[[0.30715846-0.13564256j,-0.19442098+0.15900901j,0.2508133-0.1603977j,0.15910509+0.02685728j],[-0.06440566-0.15722039j,0.10575446+0.09736528j,-0.08634204-0.15603251j,0.00311335-0.11974827j],[0.17063565+0.34231051j,-0.12728654-0.20757374j,0.18830668+0.2127866j,-0.03303436+0.0882935j],[0.39384787+0.00708326j,-0.26544674+0.00859981j,0.27825673-0.05387837j,0.05650115+0.09689966j]]]", "initial param values": "[2.52552333,1.88410416,5.02342262,3.91879295,5.26573183,2.67637319]", "bfgs": {"type": "gradient", "0": {"maxiter": 100, "gtol": 1e-05, "xrtol": 1e-05, "eps": 1e-05, "duration": 0.03014516830444336, "fun": "0.008437780479737866", "jac": "[ 5.39804867e-06  3.76472187e-06  3.68182151e-06  3.06821235e-06\n  6.79112322e-07 -5.07871523e-07]", "hess_inv": "[[ 27.68640986 -13.87081035  -0.70624462  -5.27355446 -33.00787523\n  -19.0730761 ]\n [-13.87081035  10.7787554   -1.46238532   3.60117209  17.77197669\n   11.14223586]\n [ -0.70624462  -1.46238532   3.41003265   0.27061449   0.55750221\n   -0.86736406]\n [ -5.27355446   3.60117209   0.27061449   3.51198905   8.34716811\n    4.88712343]\n [-33.00787523  17.77197669   0.55750221   8.34716811  51.4419133\n   29.67591162]\n [-19.0730761   11.14223586  -0.86736406   4.88712343  29.67591162\n   19.70880262]]", "nfev": "168", "njev": "24", "status": "0", "success": "True", "message": "Optimization terminated successfully.", "x": "[1.00171604 1.23109998 5.70282079 4.29574217 5.49763379 1.42494114]", "nit": "21"}, "1": {"maxiter": 100, "gtol": 1e-05, "xrtol": 1e-05, "eps": 1e-10, "duration": 0.03260231018066406, "fun": "0.008437779962136571", "jac": "[ 4.44089173e-06  6.66133760e-06 -2.22044587e-06 -1.11022293e-06\n  1.11022293e-06 -5.55111466e-06]", "hess_inv": "[[ 20.55967975  -9.48423642  -0.96870708  -3.60271291 -22.76375474\n  -12.88876277]\n [ -9.48423642   7.90640198  -1.04281326   2.69986687  11.39217949\n    7.28465239]\n [ -0.96870708  -1.04281326   3.37204732   0.51947161   1.28911628\n   -0.39223459]\n [ -3.60271291   2.69986687   0.51947161   3.42761168   6.24900539\n    3.64894233]\n [-22.76375474  11.39217949   1.28911628   6.24900539  36.82203982\n   20.86335621]\n [-12.88876277   7.28465239  -0.39223459   3.64894233  20.86335621\n   14.39826076]]", "nfev": "182", "njev": "26", "status": "0", "success": "True", "message": "Optimization terminated successfully.", "x": "[1.00155673 1.23120071 5.70279829 4.29577165 5.49785644 1.42507379]", "nit": "22"}, "2": {"maxiter": 100, "gtol": 1e-05, "xrtol": 1e-10, "eps": 1e-05, "duration": 0.03200697898864746, "fun": "0.008437780479737866", "jac": "[ 5.39804867e-06  3.76472187e-06  3.68182151e-06  3.06821235e-06\n  6.79112322e-07 -5.07871523e-07]", "hess_inv": "[[ 27.68640986 -13.87081035  -0.70624462  -5.27355446 -33.00787523\n  -19.0730761 ]\n [-13.87081035  10.7787554   -1.46238532   3.60117209  17.77197669\n   11.14223586]\n [ -0.70624462  -1.46238532   3.41003265   0.27061449   0.55750221\n   -0.86736406]\n [ -5.27355446   3.60117209   0.27061449   3.51198905   8.34716811\n    4.88712343]\n [-33.00787523  17.77197669   0.55750221   8.34716811  51.4419133\n   29.67591162]\n [-19.0730761   11.14223586  -0.86736406   4.88712343  29.67591162\n   19.70880262]]", "nfev": "168", "njev": "24", "status": "0", "success": "True", "message": "Optimization terminated successfully.", "x": "[1.00171604 1.23109998 5.70282079 4.29574217 5.49763379 1.42494114]", "nit": "21"}, "3": {"maxiter": 100, "gtol": 1e-05, "xrtol": 1e-10, "eps": 1e-10, "duration": 0.03351306915283203, "fun": "0.008437779962136571", "jac": "[ 4.44089173e-06  6.66133760e-06 -2.22044587e-06 -1.11022293e-06\n  1.11022293e-06 -5.55111466e-06]", "hess_inv": "[[ 20.55967975  -9.48423642  -0.96870708  -3.60271291 -22.76375474\n  -12.88876277]\n [ -9.48423642   7.90640198  -1.04281326   2.69986687  11.39217949\n    7.28465239]\n [ -0.96870708  -1.04281326   3.37204732   0.51947161   1.28911628\n   -0.39223459]\n [ -3.60271291   2.69986687   0.51947161   3.42761168   6.24900539\n    3.64894233]\n [-22.76375474  11.39217949   1.28911628   6.24900539  36.82203982\n   20.86335621]\n [-12.88876277   7.28465239  -0.39223459   3.64894233  20.86335621\n   14.39826076]]", "nfev": "182", "njev": "26", "status": "0", "success": "True", "message": "Optimization terminated successfully.", "x": "[1.00155673 1.23120071 5.70279829 4.29577165 5.49785644 1.42507379]", "nit": "22"}, "4": {"maxiter": 100, "gtol": 1e-10, "xrtol": 1e-05, "eps": 1e-05, "duration": 0.032598018646240234, "fun": "0.008437780104832426", "jac": "[ 5.25246513e-08  2.89213098e-08 -1.23456800e-08 -1.71318515e-07\n  5.33018074e-08 -2.15383267e-08]", "hess_inv": "[[ 34.27771147 -16.41794589  -0.15952441  -5.64353975 -39.5842758\n  -23.0924547 ]\n [-16.41794589  11.6672343   -1.57601783   3.77198367  20.23239484\n   12.65156875]\n [ -0.15952441  -1.57601783   3.34328474   0.18956589   0.09853675\n   -1.15392418]\n [ -5.64353975   3.77198367   0.18956589   3.48629792   8.74686517\n    5.12914064]\n [-39.5842758   20.23239484   0.09853675   8.74686517  57.93376401\n   33.64843937]\n [-23.0924547   12.65156875  -1.15392418   5.12914064  33.64843937\n   22.13935454]]", "nfev": "182", "njev": "26", "status": "0", "success": "True", "message": "Optimization terminated successfully.", "x": "[1.00162587 1.2311316  5.70281404 4.29574371 5.49772185 1.42499507]", "nit": "23"}, "5": {"maxiter": 100, "gtol": 1e-10, "xrtol": 1e-05, "eps": 1e-10, "duration": 0.03416275978088379, "fun": "0.00843777981110816", "jac": "[ 2.22044587e-06 -2.22044587e-06 -4.44089173e-06 -1.11022293e-06\n -1.11022293e-06 -4.44089173e-06]", "hess_inv": "[[ 9.59319305 -3.16705587 -1.01966968 -0.73274175 -5.95475649 -2.60458402]\n [-3.16705587  4.64963537 -1.22925245  1.1109131   1.89099399  1.45289388]\n [-1.01966968 -1.22925245  3.49364946  0.49651812  1.26473193 -0.3966022 ]\n [-0.73274175  1.1109131   0.49651812  2.68733875  1.88055649  0.9730698 ]\n [-5.95475649  1.89099399  1.26473193  1.88055649 11.14409725  5.14405213]\n [-2.60458402  1.45289388 -0.3966022   0.9730698   5.14405213  4.77626796]]", "nfev": "189", "njev": "27", "status": "0", "success": "True", "message": "Optimization terminated successfully.", "x": "[1.00152611 1.23118897 5.70281474 4.29577472 5.49788942 1.42509541]", "nit": "23"}, "6": {"maxiter": 100, "gtol": 1e-10, "xrtol": 1e-10, "eps": 1e-05, "duration": 0.07143497467041016, "fun": "0.008437780101139714", "jac": "[-1.99840144e-10 -5.99520433e-10  2.66453526e-10 -1.66533454e-10\n  0.00000000e+00  2.44249065e-10]", "hess_inv": "[[ 34.98709308 -17.06343014  -0.22838932  -6.46066692 -40.24197494\n  -23.52076532]\n [-17.06343014  12.25355112  -1.60239624   4.35690193  20.78271802\n   13.0211138 ]\n [ -0.22838932  -1.60239624   3.36206642   0.15743861   0.1674749\n   -1.11528645]\n [ -6.46066692   4.35690193   0.15743861   3.9943831    9.44167014\n    5.58721953]\n [-40.24197494  20.78271802   0.1674749    9.44167014  58.53951248\n   34.04089685]\n [-23.52076532  13.0211138   -1.11528645   5.58721953  34.04089685\n   22.3947665 ]]", "nfev": "411", "njev": "57", "status": "2", "success": "False", "message": "Desired error not necessarily achieved due to precision loss.", "x": "[1.00162504 1.23113203 5.70281415 4.29574423 5.49772261 1.42499555]", "nit": "25"}, "7": {"maxiter": 100, "gtol": 1e-10, "xrtol": 1e-10, "eps": 1e-10, "duration": 0.07578110694885254, "fun": "0.008437779806552248", "jac": "[1.11022293e-06 2.22044587e-06 1.11022293e-06 1.11022293e-06\n 2.22044587e-06 6.66133760e-06]", "hess_inv": "[[ 0.99322364  2.20611141 -0.80778017 -0.59627846 -2.22058671  0.00876425]\n [ 2.20611141  5.00573462 -1.8392718  -1.34349726 -5.05848615  0.0494578 ]\n [-0.80778017 -1.8392718   0.67969899  0.49119782  1.8629876  -0.0208522 ]\n [-0.59627846 -1.34349726  0.49119782  0.36260845  1.35394559 -0.01013464]\n [-2.22058671 -5.05848615  1.8629876   1.35394559  5.12113588 -0.05686696]\n [ 0.00876425  0.0494578  -0.0208522  -0.01013464 -0.05686696  0.00905002]]", "nfev": "420", "njev": "60", "status": "0", "success": "True", "message": "Optimization terminated successfully.", "x": "[1.00151918 1.23119288 5.70281698 4.29577499 5.4978944  1.42510176]", "nit": "31"}, "8": {"maxiter": 500, "gtol": 1e-05, "xrtol": 1e-05, "eps": 1e-05, "duration": 0.03100109100341797, "fun": "0.008437780479737866", "jac": "[ 5.39804867e-06  3.76472187e-06  3.68182151e-06  3.06821235e-06\n  6.79112322e-07 -5.07871523e-07]", "hess_inv": "[[ 27.68640986 -13.87081035  -0.70624462  -5.27355446 -33.00787523\n  -19.0730761 ]\n [-13.87081035  10.7787554   -1.46238532   3.60117209  17.77197669\n   11.14223586]\n [ -0.70624462  -1.46238532   3.41003265   0.27061449   0.55750221\n   -0.86736406]\n [ -5.27355446   3.60117209   0.27061449   3.51198905   8.34716811\n    4.88712343]\n [-33.00787523  17.77197669   0.55750221   8.34716811  51.4419133\n   29.67591162]\n [-19.0730761   11.14223586  -0.86736406   4.88712343  29.67591162\n   19.70880262]]", "nfev": "168", "njev": "24", "status": "0", "success": "True", "message": "Optimization terminated successfully.", "x": "[1.00171604 1.23109998 5.70282079 4.29574217 5.49763379 1.42494114]", "nit": "21"}, "9": {"maxiter": 500, "gtol": 1e-05, "xrtol": 1e-05, "eps": 1e-10, "duration": 0.034690141677856445, "fun": "0.008437779962136571", "jac": "[ 4.44089173e-06  6.66133760e-06 -2.22044587e-06 -1.11022293e-06\n  1.11022293e-06 -5.55111466e-06]", "hess_inv": "[[ 20.55967975  -9.48423642  -0.96870708  -3.60271291 -22.76375474\n  -12.88876277]\n [ -9.48423642   7.90640198  -1.04281326   2.69986687  11.39217949\n    7.28465239]\n [ -0.96870708  -1.04281326   3.37204732   0.51947161   1.28911628\n   -0.39223459]\n [ -3.60271291   2.69986687   0.51947161   3.42761168   6.24900539\n    3.64894233]\n [-22.76375474  11.39217949   1.28911628   6.24900539  36.82203982\n   20.86335621]\n [-12.88876277   7.28465239  -0.39223459   3.64894233  20.86335621\n   14.39826076]]", "nfev": "182", "njev": "26", "status": "0", "success": "True", "message": "Optimization terminated successfully.", "x": "[1.00155673 1.23120071 5.70279829 4.29577165 5.49785644 1.42507379]", "nit": "22"}, "10": {"maxiter": 500, "gtol": 1e-05, "xrtol": 1e-10, "eps": 1e-05, "duration": 0.03277015686035156, "fun": "0.008437780479737866", "jac": "[ 5.39804867e-06  3.76472187e-06  3.68182151e-06  3.06821235e-06\n  6.79112322e-07 -5.07871523e-07]", "hess_inv": "[[ 27.68640986 -13.87081035  -0.70624462  -5.27355446 -33.00787523\n  -19.0730761 ]\n [-13.87081035  10.7787554   -1.46238532   3.60117209  17.77197669\n   11.14223586]\n [ -0.70624462  -1.46238532   3.41003265   0.27061449   0.55750221\n   -0.86736406]\n [ -5.27355446   3.60117209   0.27061449   3.51198905   8.34716811\n    4.88712343]\n [-33.00787523  17.77197669   0.55750221   8.34716811  51.4419133\n   29.67591162]\n [-19.0730761   11.14223586  -0.86736406   4.88712343  29.67591162\n   19.70880262]]", "nfev": "168", "njev": "24", "status": "0", "success": "True", "message": "Optimization terminated successfully.", "x": "[1.00171604 1.23109998 5.70282079 4.29574217 5.49763379 1.42494114]", "nit": "21"}, "11": {"maxiter": 500, "gtol": 1e-05, "xrtol": 1e-10, "eps": 1e-10, "duration": 0.03283810615539551, "fun": "0.008437779962136571", "jac": "[ 4.44089173e-06  6.66133760e-06 -2.22044587e-06 -1.11022293e-06\n  1.11022293e-06 -5.55111466e-06]", "hess_inv": "[[ 20.55967975  -9.48423642  -0.96870708  -3.60271291 -22.76375474\n  -12.88876277]\n [ -9.48423642   7.90640198  -1.04281326   2.69986687  11.39217949\n    7.28465239]\n [ -0.96870708  -1.04281326   3.37204732   0.51947161   1.28911628\n   -0.39223459]\n [ -3.60271291   2.69986687   0.51947161   3.42761168   6.24900539\n    3.64894233]\n [-22.76375474  11.39217949   1.28911628   6.24900539  36.82203982\n   20.86335621]\n [-12.88876277   7.28465239  -0.39223459   3.64894233  20.86335621\n   14.39826076]]", "nfev": "182", "njev": "26", "status": "0", "success": "True", "message": "Optimization terminated successfully.", "x": "[1.00155673 1.23120071 5.70279829 4.29577165 5.49785644 1.42507379]", "nit": "22"}, "12": {"maxiter": 500, "gtol": 1e-10, "xrtol": 1e-05, "eps": 1e-05, "duration": 0.03269600868225098, "fun": "0.008437780104832426", "jac": "[ 5.25246513e-08  2.89213098e-08 -1.23456800e-08 -1.71318515e-07\n  5.33018074e-08 -2.15383267e-08]", "hess_inv": "[[ 34.27771147 -16.41794589  -0.15952441  -5.64353975 -39.5842758\n  -23.0924547 ]\n [-16.41794589  11.6672343   -1.57601783   3.77198367  20.23239484\n   12.65156875]\n [ -0.15952441  -1.57601783   3.34328474   0.18956589   0.09853675\n   -1.15392418]\n [ -5.64353975   3.77198367   0.18956589   3.48629792   8.74686517\n    5.12914064]\n [-39.5842758   20.23239484   0.09853675   8.74686517  57.93376401\n   33.64843937]\n [-23.0924547   12.65156875  -1.15392418   5.12914064  33.64843937\n   22.13935454]]", "nfev": "182", "njev": "26", "status": "0", "success": "True", "message": "Optimization terminated successfully.", "x": "[1.00162587 1.2311316  5.70281404 4.29574371 5.49772185 1.42499507]", "nit": "23"}, "13": {"maxiter": 500, "gtol": 1e-10, "xrtol": 1e-05, "eps": 1e-10, "duration": 0.0336761474609375, "fun": "0.00843777981110816", "jac": "[ 2.22044587e-06 -2.22044587e-06 -4.44089173e-06 -1.11022293e-06\n -1.11022293e-06 -4.44089173e-06]", "hess_inv": "[[ 9.59319305 -3.16705587 -1.01966968 -0.73274175 -5.95475649 -2.60458402]\n [-3.16705587  4.64963537 -1.22925245  1.1109131   1.89099399  1.45289388]\n [-1.01966968 -1.22925245  3.49364946  0.49651812  1.26473193 -0.3966022 ]\n [-0.73274175  1.1109131   0.49651812  2.68733875  1.88055649  0.9730698 ]\n [-5.95475649  1.89099399  1.26473193  1.88055649 11.14409725  5.14405213]\n [-2.60458402  1.45289388 -0.3966022   0.9730698   5.14405213  4.77626796]]", "nfev": "189", "njev": "27", "status": "0", "success": "True", "message": "Optimization terminated successfully.", "x": "[1.00152611 1.23118897 5.70281474 4.29577472 5.49788942 1.42509541]", "nit": "23"}, "14": {"maxiter": 500, "gtol": 1e-10, "xrtol": 1e-10, "eps": 1e-05, "duration": 0.07073402404785156, "fun": "0.008437780101139714", "jac": "[-1.99840144e-10 -5.99520433e-10  2.66453526e-10 -1.66533454e-10\n  0.00000000e+00  2.44249065e-10]", "hess_inv": "[[ 34.98709308 -17.06343014  -0.22838932  -6.46066692 -40.24197494\n  -23.52076532]\n [-17.06343014  12.25355112  -1.60239624   4.35690193  20.78271802\n   13.0211138 ]\n [ -0.22838932  -1.60239624   3.36206642   0.15743861   0.1674749\n   -1.11528645]\n [ -6.46066692   4.35690193   0.15743861   3.9943831    9.44167014\n    5.58721953]\n [-40.24197494  20.78271802   0.1674749    9.44167014  58.53951248\n   34.04089685]\n [-23.52076532  13.0211138   -1.11528645   5.58721953  34.04089685\n   22.3947665 ]]", "nfev": "411", "njev": "57", "status": "2", "success": "False", "message": "Desired error not necessarily achieved due to precision loss.", "x": "[1.00162504 1.23113203 5.70281415 4.29574423 5.49772261 1.42499555]", "nit": "25"}, "15": {"maxiter": 500, "gtol": 1e-10, "xrtol": 1e-10, "eps": 1e-10, "duration": 0.0734868049621582, "fun": "0.008437779806552248", "jac": "[1.11022293e-06 2.22044587e-06 1.11022293e-06 1.11022293e-06\n 2.22044587e-06 6.66133760e-06]", "hess_inv": "[[ 0.99322364  2.20611141 -0.80778017 -0.59627846 -2.22058671  0.00876425]\n [ 2.20611141  5.00573462 -1.8392718  -1.34349726 -5.05848615  0.0494578 ]\n [-0.80778017 -1.8392718   0.67969899  0.49119782  1.8629876  -0.0208522 ]\n [-0.59627846 -1.34349726  0.49119782  0.36260845  1.35394559 -0.01013464]\n [-2.22058671 -5.05848615  1.8629876   1.35394559  5.12113588 -0.05686696]\n [ 0.00876425  0.0494578  -0.0208522  -0.01013464 -0.05686696  0.00905002]]", "nfev": "420", "njev": "60", "status": "0", "success": "True", "message": "Optimization terminated successfully.", "x": "[1.00151918 1.23119288 5.70281698 4.29577499 5.4978944  1.42510176]", "nit": "31"}, "16": {"maxiter": 1000, "gtol": 1e-05, "xrtol": 1e-05, "eps": 1e-05, "duration": 0.03016495704650879, "fun": "0.008437780479737866", "jac": "[ 5.39804867e-06  3.76472187e-06  3.68182151e-06  3.06821235e-06\n  6.79112322e-07 -5.07871523e-07]", "hess_inv": "[[ 27.68640986 -13.87081035  -0.70624462  -5.27355446 -33.00787523\n  -19.0730761 ]\n [-13.87081035  10.7787554   -1.46238532   3.60117209  17.77197669\n   11.14223586]\n [ -0.70624462  -1.46238532   3.41003265   0.27061449   0.55750221\n   -0.86736406]\n [ -5.27355446   3.60117209   0.27061449   3.51198905   8.34716811\n    4.88712343]\n [-33.00787523  17.77197669   0.55750221   8.34716811  51.4419133\n   29.67591162]\n [-19.0730761   11.14223586  -0.86736406   4.88712343  29.67591162\n   19.70880262]]", "nfev": "168", "njev": "24", "status": "0", "success": "True", "message": "Optimization terminated successfully.", "x": "[1.00171604 1.23109998 5.70282079 4.29574217 5.49763379 1.42494114]", "nit": "21"}, "17": {"maxiter": 1000, "gtol": 1e-05, "xrtol": 1e-05, "eps": 1e-10, "duration": 0.03322172164916992, "fun": "0.008437779962136571", "jac": "[ 4.44089173e-06  6.66133760e-06 -2.22044587e-06 -1.11022293e-06\n  1.11022293e-06 -5.55111466e-06]", "hess_inv": "[[ 20.55967975  -9.48423642  -0.96870708  -3.60271291 -22.76375474\n  -12.88876277]\n [ -9.48423642   7.90640198  -1.04281326   2.69986687  11.39217949\n    7.28465239]\n [ -0.96870708  -1.04281326   3.37204732   0.51947161   1.28911628\n   -0.39223459]\n [ -3.60271291   2.69986687   0.51947161   3.42761168   6.24900539\n    3.64894233]\n [-22.76375474  11.39217949   1.28911628   6.24900539  36.82203982\n   20.86335621]\n [-12.88876277   7.28465239  -0.39223459   3.64894233  20.86335621\n   14.39826076]]", "nfev": "182", "njev": "26", "status": "0", "success": "True", "message": "Optimization terminated successfully.", "x": "[1.00155673 1.23120071 5.70279829 4.29577165 5.49785644 1.42507379]", "nit": "22"}, "18": {"maxiter": 1000, "gtol": 1e-05, "xrtol": 1e-10, "eps": 1e-05, "duration": 0.02992415428161621, "fun": "0.008437780479737866", "jac": "[ 5.39804867e-06  3.76472187e-06  3.68182151e-06  3.06821235e-06\n  6.79112322e-07 -5.07871523e-07]", "hess_inv": "[[ 27.68640986 -13.87081035  -0.70624462  -5.27355446 -33.00787523\n  -19.0730761 ]\n [-13.87081035  10.7787554   -1.46238532   3.60117209  17.77197669\n   11.14223586]\n [ -0.70624462  -1.46238532   3.41003265   0.27061449   0.55750221\n   -0.86736406]\n [ -5.27355446   3.60117209   0.27061449   3.51198905   8.34716811\n    4.88712343]\n [-33.00787523  17.77197669   0.55750221   8.34716811  51.4419133\n   29.67591162]\n [-19.0730761   11.14223586  -0.86736406   4.88712343  29.67591162\n   19.70880262]]", "nfev": "168", "njev": "24", "status": "0", "success": "True", "message": "Optimization terminated successfully.", "x": "[1.00171604 1.23109998 5.70282079 4.29574217 5.49763379 1.42494114]", "nit": "21"}, "19": {"maxiter": 1000, "gtol": 1e-05, "xrtol": 1e-10, "eps": 1e-10, "duration": 0.03209209442138672, "fun": "0.008437779962136571", "jac": "[ 4.44089173e-06  6.66133760e-06 -2.22044587e-06 -1.11022293e-06\n  1.11022293e-06 -5.55111466e-06]", "hess_inv": "[[ 20.55967975  -9.48423642  -0.96870708  -3.60271291 -22.76375474\n  -12.88876277]\n [ -9.48423642   7.90640198  -1.04281326   2.69986687  11.39217949\n    7.28465239]\n [ -0.96870708  -1.04281326   3.37204732   0.51947161   1.28911628\n   -0.39223459]\n [ -3.60271291   2.69986687   0.51947161   3.42761168   6.24900539\n    3.64894233]\n [-22.76375474  11.39217949   1.28911628   6.24900539  36.82203982\n   20.86335621]\n [-12.88876277   7.28465239  -0.39223459   3.64894233  20.86335621\n   14.39826076]]", "nfev": "182", "njev": "26", "status": "0", "success": "True", "message": "Optimization terminated successfully.", "x": "[1.00155673 1.23120071 5.70279829 4.29577165 5.49785644 1.42507379]", "nit": "22"}, "20": {"maxiter": 1000, "gtol": 1e-10, "xrtol": 1e-05, "eps": 1e-05, "duration": 0.031572818756103516, "fun": "0.008437780104832426", "jac": "[ 5.25246513e-08  2.89213098e-08 -1.23456800e-08 -1.71318515e-07\n  5.33018074e-08 -2.15383267e-08]", "hess_inv": "[[ 34.27771147 -16.41794589  -0.15952441  -5.64353975 -39.5842758\n  -23.0924547 ]\n [-16.41794589  11.6672343   -1.57601783   3.77198367  20.23239484\n   12.65156875]\n [ -0.15952441  -1.57601783   3.34328474   0.18956589   0.09853675\n   -1.15392418]\n [ -5.64353975   3.77198367   0.18956589   3.48629792   8.74686517\n    5.12914064]\n [-39.5842758   20.23239484   0.09853675   8.74686517  57.93376401\n   33.64843937]\n [-23.0924547   12.65156875  -1.15392418   5.12914064  33.64843937\n   22.13935454]]", "nfev": "182", "njev": "26", "status": "0", "success": "True", "message": "Optimization terminated successfully.", "x": "[1.00162587 1.2311316  5.70281404 4.29574371 5.49772185 1.42499507]", "nit": "23"}, "21": {"maxiter": 1000, "gtol": 1e-10, "xrtol": 1e-05, "eps": 1e-10, "duration": 0.032430171966552734, "fun": "0.00843777981110816", "jac": "[ 2.22044587e-06 -2.22044587e-06 -4.44089173e-06 -1.11022293e-06\n -1.11022293e-06 -4.44089173e-06]", "hess_inv": "[[ 9.59319305 -3.16705587 -1.01966968 -0.73274175 -5.95475649 -2.60458402]\n [-3.16705587  4.64963537 -1.22925245  1.1109131   1.89099399  1.45289388]\n [-1.01966968 -1.22925245  3.49364946  0.49651812  1.26473193 -0.3966022 ]\n [-0.73274175  1.1109131   0.49651812  2.68733875  1.88055649  0.9730698 ]\n [-5.95475649  1.89099399  1.26473193  1.88055649 11.14409725  5.14405213]\n [-2.60458402  1.45289388 -0.3966022   0.9730698   5.14405213  4.77626796]]", "nfev": "189", "njev": "27", "status": "0", "success": "True", "message": "Optimization terminated successfully.", "x": "[1.00152611 1.23118897 5.70281474 4.29577472 5.49788942 1.42509541]", "nit": "23"}, "22": {"maxiter": 1000, "gtol": 1e-10, "xrtol": 1e-10, "eps": 1e-05, "duration": 0.07286596298217773, "fun": "0.008437780101139714", "jac": "[-1.99840144e-10 -5.99520433e-10  2.66453526e-10 -1.66533454e-10\n  0.00000000e+00  2.44249065e-10]", "hess_inv": "[[ 34.98709308 -17.06343014  -0.22838932  -6.46066692 -40.24197494\n  -23.52076532]\n [-17.06343014  12.25355112  -1.60239624   4.35690193  20.78271802\n   13.0211138 ]\n [ -0.22838932  -1.60239624   3.36206642   0.15743861   0.1674749\n   -1.11528645]\n [ -6.46066692   4.35690193   0.15743861   3.9943831    9.44167014\n    5.58721953]\n [-40.24197494  20.78271802   0.1674749    9.44167014  58.53951248\n   34.04089685]\n [-23.52076532  13.0211138   -1.11528645   5.58721953  34.04089685\n   22.3947665 ]]", "nfev": "411", "njev": "57", "status": "2", "success": "False", "message": "Desired error not necessarily achieved due to precision loss.", "x": "[1.00162504 1.23113203 5.70281415 4.29574423 5.49772261 1.42499555]", "nit": "25"}, "23": {"maxiter": 1000, "gtol": 1e-10, "xrtol": 1e-10, "eps": 1e-10, "duration": 0.0721123218536377, "fun": "0.008437779806552248", "jac": "[1.11022293e-06 2.22044587e-06 1.11022293e-06 1.11022293e-06\n 2.22044587e-06 6.66133760e-06]", "hess_inv": "[[ 0.99322364  2.20611141 -0.80778017 -0.59627846 -2.22058671  0.00876425]\n [ 2.20611141  5.00573462 -1.8392718  -1.34349726 -5.05848615  0.0494578 ]\n [-0.80778017 -1.8392718   0.67969899  0.49119782  1.8629876  -0.0208522 ]\n [-0.59627846 -1.34349726  0.49119782  0.36260845  1.35394559 -0.01013464]\n [-2.22058671 -5.05848615  1.8629876   1.35394559  5.12113588 -0.05686696]\n [ 0.00876425  0.0494578  -0.0208522  -0.01013464 -0.05686696  0.00905002]]", "nfev": "420", "njev": "60", "status": "0", "success": "True", "message": "Optimization terminated successfully.", "x": "[1.00151918 1.23119288 5.70281698 4.29577499 5.4978944  1.42510176]", "nit": "31"}}, "cobyla": {"0": {"maxiter": 100, "tol": 1e-05, "catol": 1e-05, "duration": 0.016588211059570312, "x": "[1.5611569  0.94923413 5.61912295 4.32283654 4.69456155 0.94688466]", "status": "2", "success": "False", "message": "Maximum number of function evaluations has been exceeded.", "nfev": "100", "fun": "0.013422023724270038", "maxcv": "0.0"}, "1": {"maxiter": 100, "tol": 1e-05, "catol": 1e-10, "duration": 0.016524076461791992, "x": "[1.5611569  0.94923413 5.61912295 4.32283654 4.69456155 0.94688466]", "status": "2", "success": "False", "message": "Maximum number of function evaluations has been exceeded.", "nfev": "100", "fun": "0.013422023724270038", "maxcv": "0.0"}, "2": {"maxiter": 100, "tol": 1e-10, "catol": 1e-05, "duration": 0.01641392707824707, "x": "[1.5611569  0.94923413 5.61912295 4.32283654 4.69456155 0.94688466]", "status": "2", "success": "False", "message": "Maximum number of function evaluations has been exceeded.", "nfev": "100", "fun": "0.013422023724270038", "maxcv": "0.0"}, "3": {"maxiter": 100, "tol": 1e-10, "catol": 1e-10, "duration": 0.016445398330688477, "x": "[1.5611569  0.94923413 5.61912295 4.32283654 4.69456155 0.94688466]", "status": "2", "success": "False", "message": "Maximum number of function evaluations has been exceeded.", "nfev": "100", "fun": "0.013422023724270038", "maxcv": "0.0"}, "4": {"maxiter": 500, "tol": 1e-05, "catol": 1e-05, "duration": 0.08250093460083008, "x": "[1.09874151 1.18050191 5.7000482  4.27711544 5.36140679 1.34259669]", "status": "2", "success": "False", "message": "Maximum number of function evaluations has been exceeded.", "nfev": "500", "fun": "0.00858860277346185", "maxcv": "0.0"}, "5": {"maxiter": 500, "tol": 1e-05, "catol": 1e-10, "duration": 0.08185219764709473, "x": "[1.09874151 1.18050191 5.7000482  4.27711544 5.36140679 1.34259669]", "status": "2", "success": "False", "message": "Maximum number of function evaluations has been exceeded.", "nfev": "500", "fun": "0.00858860277346185", "maxcv": "0.0"}, "6": {"maxiter": 500, "tol": 1e-10, "catol": 1e-05, "duration": 0.08185601234436035, "x": "[1.09874151 1.18050191 5.7000482  4.27711544 5.36140679 1.34259669]", "status": "2", "success": "False", "message": "Maximum number of function evaluations has been exceeded.", "nfev": "500", "fun": "0.00858860277346185", "maxcv": "0.0"}, "7": {"maxiter": 500, "tol": 1e-10, "catol": 1e-10, "duration": 0.08199405670166016, "x": "[1.09874151 1.18050191 5.7000482  4.27711544 5.36140679 1.34259669]", "status": "2", "success": "False", "message": "Maximum number of function evaluations has been exceeded.", "nfev": "500", "fun": "0.00858860277346185", "maxcv": "0.0"}, "8": {"maxiter": 1000, "tol": 1e-05, "catol": 1e-05, "duration": 0.16343092918395996, "x": "[1.01103681 1.22635314 5.70276322 4.29362752 5.48475682 1.41740686]", "status": "2", "success": "False", "message": "Maximum number of function evaluations has been exceeded.", "nfev": "1000", "fun": "0.008439192497923687", "maxcv": "0.0"}, "9": {"maxiter": 1000, "tol": 1e-05, "catol": 1e-10, "duration": 0.16371798515319824, "x": "[1.01103681 1.22635314 5.70276322 4.29362752 5.48475682 1.41740686]", "status": "2", "success": "False", "message": "Maximum number of function evaluations has been exceeded.", "nfev": "1000", "fun": "0.008439192497923687", "maxcv": "0.0"}, "10": {"maxiter": 1000, "tol": 1e-10, "catol": 1e-05, "duration": 0.16817927360534668, "x": "[1.01103681 1.22635314 5.70276322 4.29362752 5.48475682 1.41740686]", "status": "2", "success": "False", "message": "Maximum number of function evaluations has been exceeded.", "nfev": "1000", "fun": "0.008439192497923687", "maxcv": "0.0"}, "11": {"maxiter": 1000, "tol": 1e-10, "catol": 1e-10, "duration": 0.16675710678100586, "x": "[1.01103681 1.22635314 5.70276322 4.29362752 5.48475682 1.41740686]", "status": "2", "success": "False", "message": "Maximum number of function evaluations has been exceeded.", "nfev": "1000", "fun": "0.008439192497923687", "maxcv": "0.0"}}, "dual_annealing_0": {"type": "gradient-free", "0": {"maxiter": 100, "duration": 0.25595998764038086, "success": "True", "status": "0", "x": "[5.28167641 4.37281225 2.56122637 1.98739176 2.35636548 4.56673599]", "fun": "0.008437779971648629", "nit": "100", "nfev": "1425", "njev": "32", "nhev": "0", "message": "['Maximum number of iteration reached']"}, "1": {"maxiter": 500, "duration": 1.101850986480713, "success": "True", "status": "0", "x": "[1.00151873 1.23120416 5.70283351 1.98740902 2.35631166 4.5666637 ]", "fun": "0.00843778014413954", "nit": "500", "nfev": "6204", "njev": "29", "nhev": "0", "message": "['Maximum number of iteration reached']"}, "2": {"maxiter": 1000, "duration": 2.219998836517334, "success": "True", "status": "0", "x": "[1.00147656 1.23120234 5.70282062 1.9874006  2.35637867 4.56672022]", "fun": "0.008437779916817822", "nit": "1000", "nfev": "12351", "njev": "50", "nhev": "0", "message": "['Maximum number of iteration reached']"}, "bounds": [[0.0, 6.283185307179586], [0.0, 6.283185307179586], [0.0, 6.283185307179586], [0.0, 6.283185307179586], [0.0, 6.283185307179586], [0.0, 6.283185307179586]]}, "dual_annealing_1": {"type": "gradient-free", "0": {"maxiter": 100, "duration": 0.25400876998901367, "success": "True", "status": "0", "x": "[1.00148355 1.23120279 5.70281822 8.27057677 2.35635929 4.56672007]", "fun": "0.008437779846030447", "nit": "100", "nfev": "1418", "njev": "31", "nhev": "0", "message": "['Maximum number of iteration reached']"}, "1": {"maxiter": 500, "duration": 1.0967748165130615, "success": "True", "status": "0", "x": "[5.28169097 4.37279326 8.84441721 8.27058696 2.3563194  4.5667014 ]", "fun": "0.008437779803232015", "nit": "500", "nfev": "6246", "njev": "35", "nhev": "0", "message": "['Maximum number of iteration reached']"}, "2": {"maxiter": 1000, "duration": 2.177082061767578, "success": "True", "status": "0", "x": "[7.28472078 7.51437513 5.70283246 8.27059023 8.63945173 4.56668066]", "fun": "0.00843777991674255", "nit": "1000", "nfev": "12302", "njev": "43", "nhev": "0", "message": "['Maximum number of iteration reached']"}, "bounds": [[0.0, 9.42477796076938], [0.0, 9.42477796076938], [0.0, 9.42477796076938], [0.0, 9.42477796076938], [0.0, 9.42477796076938], [0.0, 9.42477796076938]]}, "dual_annealing_2": {"type": "gradient-free", "0": {"maxiter": 100, "duration": 0.24199986457824707, "success": "True", "status": "0", "x": "[7.28468112 1.23120037 5.70280246 4.29577946 5.49802878 1.425187  ]", "fun": "0.008437780432830833", "nit": "100", "nfev": "1383", "njev": "26", "nhev": "0", "message": "['Maximum number of iteration reached']"}, "1": {"maxiter": 500, "duration": 1.075021743774414, "success": "True", "status": "0", "x": "[12.56637061  2.04568064  5.28488491  7.8983223   9.64442911 11.22535524]", "fun": "0.029905821780892294", "nit": "500", "nfev": "6085", "njev": "12", "nhev": "0", "message": "['Maximum number of iteration reached']"}, "2": {"maxiter": 1000, "duration": 2.1549527645111084, "success": "True", "status": "0", "x": "[ 7.28472275  7.5143474   5.70284046  8.27057621  8.63945888 10.84986418]", "fun": "0.008437780047464427", "nit": "1000", "nfev": "12232", "njev": "33", "nhev": "0", "message": "['Maximum number of iteration reached']"}, "bounds": [[0.0, 12.566370614359172], [0.0, 12.566370614359172], [0.0, 12.566370614359172], [0.0, 12.566370614359172], [0.0, 12.566370614359172], [0.0, 12.566370614359172]]}, "dual_annealing_3": {"type": "gradient-free", "0": {"maxiter": 100, "duration": 0.2539539337158203, "success": "True", "status": "0", "x": "[-1.00145983 -1.91039373 -3.72192702  4.29578849  5.49795367 -4.8580717 ]", "fun": "0.00843778000455564", "nit": "100", "nfev": "1411", "njev": "30", "nhev": "0", "message": "['Maximum number of iteration reached']"}, "1": {"maxiter": 500, "duration": 1.0659749507904053, "success": "True", "status": "0", "x": "[-5.28167157 -5.05199266  5.70282607  4.29578593 -0.78528362 -4.85808226]", "fun": "0.008437779811570678", "nit": "500", "nfev": "6141", "njev": "20", "nhev": "0", "message": "['Maximum number of iteration reached']"}, "2": {"maxiter": 1000, "duration": 2.2130300998687744, "success": "True", "status": "0", "x": "[ 5.28168414 -1.91040281 -3.7219483  -4.29577806  2.3563036   4.56668941]", "fun": "0.008437779828792236", "nit": "1000", "nfev": "12253", "njev": "36", "nhev": "0", "message": "['Maximum number of iteration reached']"}, "bounds": [[-6.283185307179586, 6.283185307179586], [-6.283185307179586, 6.283185307179586], [-6.283185307179586, 6.283185307179586], [-6.283185307179586, 6.283185307179586], [-6.283185307179586, 6.283185307179586], [-6.283185307179586, 6.283185307179586]]}, "dual_annealing_4": {"type": "gradient-free", "0": {"maxiter": 100, "duration": 0.28193092346191406, "success": "True", "status": "0", "x": "[-6.71242352 -1.46031237 -3.90793332  7.97973957 -9.42477796  4.93943025]", "fun": "0.014319425861888835", "nit": "100", "nfev": "1614", "njev": "59", "nhev": "0", "message": "['Maximum number of iteration reached']"}, "1": {"maxiter": 500, "duration": 1.091088056564331, "success": "True", "status": "0", "x": "[ 5.28170932  4.37279415  2.56121702  4.29577745 -7.06847405 -4.85807467]", "fun": "0.008437779923808675", "nit": "500", "nfev": "6197", "njev": "28", "nhev": "0", "message": "['Maximum number of iteration reached']"}, "2": {"maxiter": 1000, "duration": 2.1189310550689697, "success": "True", "status": "0", "x": "[ 1.00146653  7.51441064 -6.86355168  1.98739769  8.63954496 -1.71646222]", "fun": "0.008437779823318281", "nit": "1000", "nfev": "12169", "njev": "24", "nhev": "0", "message": "['Maximum number of iteration reached']"}, "bounds": [[-9.42477796076938, 9.42477796076938], [-9.42477796076938, 9.42477796076938], [-9.42477796076938, 9.42477796076938], [-9.42477796076938, 9.42477796076938], [-9.42477796076938, 9.42477796076938], [-9.42477796076938, 9.42477796076938]]}, "dual_annealing_5": {"type": "gradient-free", "0": {"maxiter": 100, "duration": 0.27408909797668457, "success": "True", "status": "0", "x": "[11.56488229 -1.9103992  -3.72194983  4.29576226 -0.78528905  1.42508866]", "fun": "0.00843777993353445", "nit": "100", "nfev": "1572", "njev": "53", "nhev": "0", "message": "['Maximum number of iteration reached']"}, "1": {"maxiter": 500, "duration": 1.1026146411895752, "success": "True", "status": "0", "x": "[-1.00127717 -1.91024304  8.84443522 -4.2958129   8.63976265  4.56686718]", "fun": "0.008437781385214338", "nit": "500", "nfev": "6162", "njev": "23", "nhev": "0", "message": "['Maximum number of iteration reached']"}, "2": {"maxiter": 1000, "duration": 2.2010011672973633, "success": "True", "status": "0", "x": "[  1.00149391  -5.05197996  -0.58036664  -8.27058579  -7.06845187\n -11.14125722]", "fun": "0.008437779793334932", "nit": "1000", "nfev": "12253", "njev": "36", "nhev": "0", "message": "['Maximum number of iteration reached']"}, "bounds": [[-12.566370614359172, 12.566370614359172], [-12.566370614359172, 12.566370614359172], [-12.566370614359172, 12.566370614359172], [-12.566370614359172, 12.566370614359172], [-12.566370614359172, 12.566370614359172], [-12.566370614359172, 12.566370614359172]]}}, "duration (s)": 115.5}