diff_evolution hyperparameter info
===============================
maxiter = 100: median=0.2840240393679427,    min=0.0001207169090493565,  max=0.6126886737502211,  std=0.12834395839708773
maxiter = 500: median=0.28248849442067825,    min=0.00012071690900616883,  max=0.6185024142386367,  std=0.12831260753991666
maxiter = 1000: median=0.28402403860605396,    min=0.00012071690900561372,  max=0.5936961583911704,  std=0.12816325285194824
===============================
popsize = 10: median=0.2824884942848451,    min=0.00012071690900561372,  max=0.5932063623561497,  std=0.12760662492982183
popsize = 5: median=0.2840240394114346,    min=0.00012071690900739007,  max=0.6185024142386367,  std=0.12900307962099494
===============================
recombination = 0.8: median=0.28402403860822933,    min=0.00012071690900583576,  max=0.6185024142386367,  std=0.12787103869645666
recombination = 0.95: median=0.2840240386079983,    min=0.00012071690900561372,  max=0.6126886737502211,  std=0.12872045447892505
===============================
tol = 1e-05: median=0.28325626666506604,    min=0.00012071696365567597,  max=0.6045617490694508,  std=0.12821958625501934
tol = 1e-10: median=0.2840240386079983,    min=0.00012071690900561372,  max=0.6185024142386367,  std=0.12834175981851734
===============================
