{"date": "2024/09/12/, 01:11:17", "conf_id": 13, "data_type": "random\n", "num_data_points": 1, "s_rank": 0, "unitary": "[[-0.53618537-0.34368723j,-0.12107031-0.46226139j,-0.07699282-0.46603512j,0.36022595-0.11472301j],[0.26026499-0.63450712j,-0.56616638+0.37832564j,-0.14988651+0.08458591j,0.10363514-0.16008501j],[-0.32580188-0.11070003j,-0.36476308-0.23593218j,0.02559343+0.41761608j,-0.25598305+0.6725303j],[0.07406738-0.0126433j,0.28513701+0.19483972j,-0.74939717-0.10299659j,0.29798249+0.46269921j]]", "databatch_0": {"databatch": "[[[0.03386451-0.29063616j,0.03494863+0.20100588j,-0.12103969-0.06421604j,0.05662808+0.1485876j],[-0.02014732+0.2390612j,-0.0330027-0.25721012j,-0.02834007+0.04165106j,0.02908734-0.11375536j],[-0.23095248+0.02254899j,-0.12915466-0.09076911j,-0.06336128+0.17123259j,0.01964623-0.43139411j],[-0.02129171-0.10640433j,-0.03705718+0.04149013j,0.13324082+0.50036246j,0.32341188+0.03745139j]]]", "initial param values": "[1.34369682,4.0230787,3.41048009,0.25083986,4.88317813,2.22945425]", "nelder_mead": {"type": "gradient-free", "0": {"maxiter": 100, "fatol": 1e-05, "xatol": 1e-05, "duration": 0.04597902297973633, "fun": "0.4960065269093211", "nit": "100", "nfev": "155", "status": "2", "success": "False", "message": "Maximum number of iterations has been exceeded.", "x": "[ 2.14364165  3.95152395  0.76860733 -0.07898913  4.86463905  3.22221359]", "final_simplex": "(array([[ 2.14364165,  3.95152395,  0.76860733, -0.07898913,  4.86463905,\n         3.22221359],\n       [ 2.12491244,  3.96237776,  0.70210711, -0.02572338,  5.1098732 ,\n         3.10573946],\n       [ 2.25299006,  3.92324913,  0.6116834 , -0.02720838,  5.30708152,\n         2.9688622 ],\n       [ 2.21253587,  3.96180998,  0.66233497,  0.00973217,  5.25086476,\n         2.92761316],\n       [ 2.25691272,  3.85867122,  0.5612088 , -0.01717131,  5.31642886,\n         3.01287403],\n       [ 2.16502351,  3.99422944,  0.80079061,  0.05650594,  5.3084148 ,\n         2.78809726],\n       [ 2.22976465,  4.01249905,  0.74217364,  0.04453293,  5.36932571,\n         2.80621133]]), array([0.49600653, 0.49751379, 0.49760808, 0.49772646, 0.49918683,\n       0.49972132, 0.49984661]))", "callback": [0.6296654262643542, 0.5694866476055929, 0.5244299176453623, 0.5210103219745943, 0.5195829262547742, 0.5177278965308307, 0.51591323725735, 0.5127282186593085, 0.4998466059177006]}, "1": {"maxiter": 100, "fatol": 1e-05, "xatol": 1e-10, "duration": 0.04454994201660156, "fun": "0.4960065269093211", "nit": "100", "nfev": "155", "status": "2", "success": "False", "message": "Maximum number of iterations has been exceeded.", "x": "[ 2.14364165  3.95152395  0.76860733 -0.07898913  4.86463905  3.22221359]", "final_simplex": "(array([[ 2.14364165,  3.95152395,  0.76860733, -0.07898913,  4.86463905,\n         3.22221359],\n       [ 2.12491244,  3.96237776,  0.70210711, -0.02572338,  5.1098732 ,\n         3.10573946],\n       [ 2.25299006,  3.92324913,  0.6116834 , -0.02720838,  5.30708152,\n         2.9688622 ],\n       [ 2.21253587,  3.96180998,  0.66233497,  0.00973217,  5.25086476,\n         2.92761316],\n       [ 2.25691272,  3.85867122,  0.5612088 , -0.01717131,  5.31642886,\n         3.01287403],\n       [ 2.16502351,  3.99422944,  0.80079061,  0.05650594,  5.3084148 ,\n         2.78809726],\n       [ 2.22976465,  4.01249905,  0.74217364,  0.04453293,  5.36932571,\n         2.80621133]]), array([0.49600653, 0.49751379, 0.49760808, 0.49772646, 0.49918683,\n       0.49972132, 0.49984661]))", "callback": [0.6296654262643542, 0.5694866476055929, 0.5244299176453623, 0.5210103219745943, 0.5195829262547742, 0.5177278965308307, 0.51591323725735, 0.5127282186593085, 0.4998466059177006]}, "2": {"maxiter": 100, "fatol": 1e-10, "xatol": 1e-05, "duration": 0.044461965560913086, "fun": "0.4960065269093211", "nit": "100", "nfev": "155", "status": "2", "success": "False", "message": "Maximum number of iterations has been exceeded.", "x": "[ 2.14364165  3.95152395  0.76860733 -0.07898913  4.86463905  3.22221359]", "final_simplex": "(array([[ 2.14364165,  3.95152395,  0.76860733, -0.07898913,  4.86463905,\n         3.22221359],\n       [ 2.12491244,  3.96237776,  0.70210711, -0.02572338,  5.1098732 ,\n         3.10573946],\n       [ 2.25299006,  3.92324913,  0.6116834 , -0.02720838,  5.30708152,\n         2.9688622 ],\n       [ 2.21253587,  3.96180998,  0.66233497,  0.00973217,  5.25086476,\n         2.92761316],\n       [ 2.25691272,  3.85867122,  0.5612088 , -0.01717131,  5.31642886,\n         3.01287403],\n       [ 2.16502351,  3.99422944,  0.80079061,  0.05650594,  5.3084148 ,\n         2.78809726],\n       [ 2.22976465,  4.01249905,  0.74217364,  0.04453293,  5.36932571,\n         2.80621133]]), array([0.49600653, 0.49751379, 0.49760808, 0.49772646, 0.49918683,\n       0.49972132, 0.49984661]))", "callback": [0.6296654262643542, 0.5694866476055929, 0.5244299176453623, 0.5210103219745943, 0.5195829262547742, 0.5177278965308307, 0.51591323725735, 0.5127282186593085, 0.4998466059177006]}, "3": {"maxiter": 100, "fatol": 1e-10, "xatol": 1e-10, "duration": 0.04435014724731445, "fun": "0.4960065269093211", "nit": "100", "nfev": "155", "status": "2", "success": "False", "message": "Maximum number of iterations has been exceeded.", "x": "[ 2.14364165  3.95152395  0.76860733 -0.07898913  4.86463905  3.22221359]", "final_simplex": "(array([[ 2.14364165,  3.95152395,  0.76860733, -0.07898913,  4.86463905,\n         3.22221359],\n       [ 2.12491244,  3.96237776,  0.70210711, -0.02572338,  5.1098732 ,\n         3.10573946],\n       [ 2.25299006,  3.92324913,  0.6116834 , -0.02720838,  5.30708152,\n         2.9688622 ],\n       [ 2.21253587,  3.96180998,  0.66233497,  0.00973217,  5.25086476,\n         2.92761316],\n       [ 2.25691272,  3.85867122,  0.5612088 , -0.01717131,  5.31642886,\n         3.01287403],\n       [ 2.16502351,  3.99422944,  0.80079061,  0.05650594,  5.3084148 ,\n         2.78809726],\n       [ 2.22976465,  4.01249905,  0.74217364,  0.04453293,  5.36932571,\n         2.80621133]]), array([0.49600653, 0.49751379, 0.49760808, 0.49772646, 0.49918683,\n       0.49972132, 0.49984661]))", "callback": [0.6296654262643542, 0.5694866476055929, 0.5244299176453623, 0.5210103219745943, 0.5195829262547742, 0.5177278965308307, 0.51591323725735, 0.5127282186593085, 0.4998466059177006]}, "4": {"maxiter": 500, "fatol": 1e-05, "xatol": 1e-05, "duration": 0.21352195739746094, "fun": "0.38379649477159816", "nit": "500", "nfev": "749", "status": "2", "success": "False", "message": "Maximum number of iterations has been exceeded.", "x": "[ 3.61098335  5.49468668 -0.45561876 -2.32413803  8.91607774  2.12118444]", "final_simplex": "(array([[ 3.61098335,  5.49468668, -0.45561876, -2.32413803,  8.91607774,\n         2.12118444],\n       [ 3.71448851,  5.39916728, -0.4423789 , -2.33331017,  8.92904587,\n         2.16988199],\n       [ 3.78954016,  5.5580661 , -0.3880733 , -2.3995921 ,  9.08218009,\n         2.35107099],\n       [ 3.74238764,  5.53702837, -0.46876702, -2.41777471,  9.02585506,\n         2.24255607],\n       [ 3.70658516,  5.49397367, -0.46108793, -2.39833478,  9.00255182,\n         2.19725035],\n       [ 3.67868648,  5.44329726, -0.52411303, -2.36523943,  8.99584324,\n         2.21981353],\n       [ 3.72149941,  5.41792507, -0.48393071, -2.33600745,  9.04174479,\n         2.29450933]]), array([0.38379649, 0.38518475, 0.38661327, 0.38810321, 0.38824901,\n       0.39194593, 0.3920472 ]))", "callback": [0.6296654262643542, 0.5694866476055929, 0.5244299176453623, 0.5210103219745943, 0.5195829262547742, 0.5177278965308307, 0.51591323725735, 0.5127282186593085, 0.4998466059177006, 0.4960065269093211, 0.49554830499404756, 0.49532276072803805, 0.49523161925364434, 0.49513993905148346, 0.49494841005378776, 0.4939912018500028, 0.4867609633218801, 0.476590942106759, 0.4625420528137737, 0.46098691625776944, 0.45909007272013036, 0.45375289598104673, 0.44521563203059134, 0.42949419076651174, 0.42811033400134446, 0.4263928185352259, 0.4236326586388206, 0.41780070089053956, 0.4149443876304506, 0.41131393575357045, 0.40984525022187546, 0.4091924865399682, 0.40913831155094005, 0.4090513658067757, 0.40895097694629134, 0.40883897086533183, 0.40875610041816834, 0.40874629215916347, 0.4087443800958013, 0.40873927021913237, 0.4087239753525447, 0.40863568447888243, 0.4083654494641198, 0.40747952888167804, 0.4062324143087215, 0.4048252635898173, 0.40005188069235587, 0.3982798404237158, 0.39194592660458627]}, "5": {"maxiter": 500, "fatol": 1e-05, "xatol": 1e-10, "duration": 0.21358394622802734, "fun": "0.38379649477159816", "nit": "500", "nfev": "749", "status": "2", "success": "False", "message": "Maximum number of iterations has been exceeded.", "x": "[ 3.61098335  5.49468668 -0.45561876 -2.32413803  8.91607774  2.12118444]", "final_simplex": "(array([[ 3.61098335,  5.49468668, -0.45561876, -2.32413803,  8.91607774,\n         2.12118444],\n       [ 3.71448851,  5.39916728, -0.4423789 , -2.33331017,  8.92904587,\n         2.16988199],\n       [ 3.78954016,  5.5580661 , -0.3880733 , -2.3995921 ,  9.08218009,\n         2.35107099],\n       [ 3.74238764,  5.53702837, -0.46876702, -2.41777471,  9.02585506,\n         2.24255607],\n       [ 3.70658516,  5.49397367, -0.46108793, -2.39833478,  9.00255182,\n         2.19725035],\n       [ 3.67868648,  5.44329726, -0.52411303, -2.36523943,  8.99584324,\n         2.21981353],\n       [ 3.72149941,  5.41792507, -0.48393071, -2.33600745,  9.04174479,\n         2.29450933]]), array([0.38379649, 0.38518475, 0.38661327, 0.38810321, 0.38824901,\n       0.39194593, 0.3920472 ]))", "callback": [0.6296654262643542, 0.5694866476055929, 0.5244299176453623, 0.5210103219745943, 0.5195829262547742, 0.5177278965308307, 0.51591323725735, 0.5127282186593085, 0.4998466059177006, 0.4960065269093211, 0.49554830499404756, 0.49532276072803805, 0.49523161925364434, 0.49513993905148346, 0.49494841005378776, 0.4939912018500028, 0.4867609633218801, 0.476590942106759, 0.4625420528137737, 0.46098691625776944, 0.45909007272013036, 0.45375289598104673, 0.44521563203059134, 0.42949419076651174, 0.42811033400134446, 0.4263928185352259, 0.4236326586388206, 0.41780070089053956, 0.4149443876304506, 0.41131393575357045, 0.40984525022187546, 0.4091924865399682, 0.40913831155094005, 0.4090513658067757, 0.40895097694629134, 0.40883897086533183, 0.40875610041816834, 0.40874629215916347, 0.4087443800958013, 0.40873927021913237, 0.4087239753525447, 0.40863568447888243, 0.4083654494641198, 0.40747952888167804, 0.4062324143087215, 0.4048252635898173, 0.40005188069235587, 0.3982798404237158, 0.39194592660458627]}, "6": {"maxiter": 500, "fatol": 1e-10, "xatol": 1e-05, "duration": 0.2180318832397461, "fun": "0.38379649477159816", "nit": "500", "nfev": "749", "status": "2", "success": "False", "message": "Maximum number of iterations has been exceeded.", "x": "[ 3.61098335  5.49468668 -0.45561876 -2.32413803  8.91607774  2.12118444]", "final_simplex": "(array([[ 3.61098335,  5.49468668, -0.45561876, -2.32413803,  8.91607774,\n         2.12118444],\n       [ 3.71448851,  5.39916728, -0.4423789 , -2.33331017,  8.92904587,\n         2.16988199],\n       [ 3.78954016,  5.5580661 , -0.3880733 , -2.3995921 ,  9.08218009,\n         2.35107099],\n       [ 3.74238764,  5.53702837, -0.46876702, -2.41777471,  9.02585506,\n         2.24255607],\n       [ 3.70658516,  5.49397367, -0.46108793, -2.39833478,  9.00255182,\n         2.19725035],\n       [ 3.67868648,  5.44329726, -0.52411303, -2.36523943,  8.99584324,\n         2.21981353],\n       [ 3.72149941,  5.41792507, -0.48393071, -2.33600745,  9.04174479,\n         2.29450933]]), array([0.38379649, 0.38518475, 0.38661327, 0.38810321, 0.38824901,\n       0.39194593, 0.3920472 ]))", "callback": [0.6296654262643542, 0.5694866476055929, 0.5244299176453623, 0.5210103219745943, 0.5195829262547742, 0.5177278965308307, 0.51591323725735, 0.5127282186593085, 0.4998466059177006, 0.4960065269093211, 0.49554830499404756, 0.49532276072803805, 0.49523161925364434, 0.49513993905148346, 0.49494841005378776, 0.4939912018500028, 0.4867609633218801, 0.476590942106759, 0.4625420528137737, 0.46098691625776944, 0.45909007272013036, 0.45375289598104673, 0.44521563203059134, 0.42949419076651174, 0.42811033400134446, 0.4263928185352259, 0.4236326586388206, 0.41780070089053956, 0.4149443876304506, 0.41131393575357045, 0.40984525022187546, 0.4091924865399682, 0.40913831155094005, 0.4090513658067757, 0.40895097694629134, 0.40883897086533183, 0.40875610041816834, 0.40874629215916347, 0.4087443800958013, 0.40873927021913237, 0.4087239753525447, 0.40863568447888243, 0.4083654494641198, 0.40747952888167804, 0.4062324143087215, 0.4048252635898173, 0.40005188069235587, 0.3982798404237158, 0.39194592660458627]}, "7": {"maxiter": 500, "fatol": 1e-10, "xatol": 1e-10, "duration": 0.21199703216552734, "fun": "0.38379649477159816", "nit": "500", "nfev": "749", "status": "2", "success": "False", "message": "Maximum number of iterations has been exceeded.", "x": "[ 3.61098335  5.49468668 -0.45561876 -2.32413803  8.91607774  2.12118444]", "final_simplex": "(array([[ 3.61098335,  5.49468668, -0.45561876, -2.32413803,  8.91607774,\n         2.12118444],\n       [ 3.71448851,  5.39916728, -0.4423789 , -2.33331017,  8.92904587,\n         2.16988199],\n       [ 3.78954016,  5.5580661 , -0.3880733 , -2.3995921 ,  9.08218009,\n         2.35107099],\n       [ 3.74238764,  5.53702837, -0.46876702, -2.41777471,  9.02585506,\n         2.24255607],\n       [ 3.70658516,  5.49397367, -0.46108793, -2.39833478,  9.00255182,\n         2.19725035],\n       [ 3.67868648,  5.44329726, -0.52411303, -2.36523943,  8.99584324,\n         2.21981353],\n       [ 3.72149941,  5.41792507, -0.48393071, -2.33600745,  9.04174479,\n         2.29450933]]), array([0.38379649, 0.38518475, 0.38661327, 0.38810321, 0.38824901,\n       0.39194593, 0.3920472 ]))", "callback": [0.6296654262643542, 0.5694866476055929, 0.5244299176453623, 0.5210103219745943, 0.5195829262547742, 0.5177278965308307, 0.51591323725735, 0.5127282186593085, 0.4998466059177006, 0.4960065269093211, 0.49554830499404756, 0.49532276072803805, 0.49523161925364434, 0.49513993905148346, 0.49494841005378776, 0.4939912018500028, 0.4867609633218801, 0.476590942106759, 0.4625420528137737, 0.46098691625776944, 0.45909007272013036, 0.45375289598104673, 0.44521563203059134, 0.42949419076651174, 0.42811033400134446, 0.4263928185352259, 0.4236326586388206, 0.41780070089053956, 0.4149443876304506, 0.41131393575357045, 0.40984525022187546, 0.4091924865399682, 0.40913831155094005, 0.4090513658067757, 0.40895097694629134, 0.40883897086533183, 0.40875610041816834, 0.40874629215916347, 0.4087443800958013, 0.40873927021913237, 0.4087239753525447, 0.40863568447888243, 0.4083654494641198, 0.40747952888167804, 0.4062324143087215, 0.4048252635898173, 0.40005188069235587, 0.3982798404237158, 0.39194592660458627]}, "8": {"maxiter": 1000, "fatol": 1e-05, "xatol": 1e-05, "duration": 0.33002805709838867, "fun": "0.26776920400316095", "nit": "764", "nfev": "1167", "status": "0", "success": "True", "message": "Optimization terminated successfully.", "x": "[ 4.25791393  5.99079048  0.53987791 -1.70934734  8.47959626  2.16715559]", "final_simplex": "(array([[ 4.25791393,  5.99079048,  0.53987791, -1.70934734,  8.47959626,\n         2.16715559],\n       [ 4.25791709,  5.9907923 ,  0.53987886, -1.70934985,  8.47958925,\n         2.16715445],\n       [ 4.25791498,  5.99079222,  0.53987544, -1.70935264,  8.47959494,\n         2.16715081],\n       [ 4.25791994,  5.99078789,  0.53987359, -1.70935118,  8.47959568,\n         2.16716227],\n       [ 4.25790919,  5.99079529,  0.53987855, -1.70935366,  8.47959192,\n         2.16715376],\n       [ 4.25792139,  5.99079478,  0.53987628, -1.70934703,  8.47959484,\n         2.167162  ],\n       [ 4.25791713,  5.99079093,  0.53986809, -1.70934644,  8.47960142,\n         2.16715807]]), array([0.2677692, 0.2677692, 0.2677692, 0.2677692, 0.2677692, 0.2677692,\n       0.2677692]))", "callback": [0.6296654262643542, 0.5694866476055929, 0.5244299176453623, 0.5210103219745943, 0.5195829262547742, 0.5177278965308307, 0.51591323725735, 0.5127282186593085, 0.4998466059177006, 0.4960065269093211, 0.49554830499404756, 0.49532276072803805, 0.49523161925364434, 0.49513993905148346, 0.49494841005378776, 0.4939912018500028, 0.4867609633218801, 0.476590942106759, 0.4625420528137737, 0.46098691625776944, 0.45909007272013036, 0.45375289598104673, 0.44521563203059134, 0.42949419076651174, 0.42811033400134446, 0.4263928185352259, 0.4236326586388206, 0.41780070089053956, 0.4149443876304506, 0.41131393575357045, 0.40984525022187546, 0.4091924865399682, 0.40913831155094005, 0.4090513658067757, 0.40895097694629134, 0.40883897086533183, 0.40875610041816834, 0.40874629215916347, 0.4087443800958013, 0.40873927021913237, 0.4087239753525447, 0.40863568447888243, 0.4083654494641198, 0.40747952888167804, 0.4062324143087215, 0.4048252635898173, 0.40005188069235587, 0.3982798404237158, 0.39194592660458627, 0.3831706546106982, 0.347865551374011, 0.3296179704817287, 0.32364536632484553, 0.31356951202811434, 0.3076267590204207, 0.296274854990332, 0.2916261221151488, 0.28872892590132226, 0.2861714851983217, 0.28204278547038497, 0.27778261031547247, 0.27332888589433824, 0.2693719418913627, 0.2680523249207757, 0.2678355059105765, 0.26778025210353795, 0.26777089017144495, 0.2677694805516194, 0.26776931777647406, 0.2677692289372908, 0.2677692098569783, 0.26776920588666553, 0.26776920437664886, 0.2677692040927585, 0.2677692040295043, 0.26776920400467596]}, "9": {"maxiter": 1000, "fatol": 1e-05, "xatol": 1e-10, "duration": 0.4074568748474121, "fun": "0.26776920399945237", "nit": "903", "nfev": "1449", "status": "0", "success": "True", "message": "Optimization terminated successfully.", "x": "[ 4.25791664  5.99079144  0.53987821 -1.70935021  8.47959449  2.16715579]", "final_simplex": "(array([[ 4.25791664,  5.99079144,  0.53987821, -1.70935021,  8.47959449,\n         2.16715579],\n       [ 4.25791664,  5.99079144,  0.53987821, -1.70935021,  8.47959449,\n         2.16715579],\n       [ 4.25791664,  5.99079144,  0.53987821, -1.70935021,  8.47959449,\n         2.16715579],\n       [ 4.25791665,  5.99079144,  0.53987821, -1.70935021,  8.47959449,\n         2.16715579],\n       [ 4.25791664,  5.99079144,  0.53987821, -1.70935021,  8.47959449,\n         2.16715579],\n       [ 4.25791664,  5.99079144,  0.53987821, -1.70935021,  8.47959449,\n         2.16715579],\n       [ 4.25791664,  5.99079144,  0.53987821, -1.70935021,  8.47959449,\n         2.16715579]]), array([0.2677692, 0.2677692, 0.2677692, 0.2677692, 0.2677692, 0.2677692,\n       0.2677692]))", "callback": [0.6296654262643542, 0.5694866476055929, 0.5244299176453623, 0.5210103219745943, 0.5195829262547742, 0.5177278965308307, 0.51591323725735, 0.5127282186593085, 0.4998466059177006, 0.4960065269093211, 0.49554830499404756, 0.49532276072803805, 0.49523161925364434, 0.49513993905148346, 0.49494841005378776, 0.4939912018500028, 0.4867609633218801, 0.476590942106759, 0.4625420528137737, 0.46098691625776944, 0.45909007272013036, 0.45375289598104673, 0.44521563203059134, 0.42949419076651174, 0.42811033400134446, 0.4263928185352259, 0.4236326586388206, 0.41780070089053956, 0.4149443876304506, 0.41131393575357045, 0.40984525022187546, 0.4091924865399682, 0.40913831155094005, 0.4090513658067757, 0.40895097694629134, 0.40883897086533183, 0.40875610041816834, 0.40874629215916347, 0.4087443800958013, 0.40873927021913237, 0.4087239753525447, 0.40863568447888243, 0.4083654494641198, 0.40747952888167804, 0.4062324143087215, 0.4048252635898173, 0.40005188069235587, 0.3982798404237158, 0.39194592660458627, 0.3831706546106982, 0.347865551374011, 0.3296179704817287, 0.32364536632484553, 0.31356951202811434, 0.3076267590204207, 0.296274854990332, 0.2916261221151488, 0.28872892590132226, 0.2861714851983217, 0.28204278547038497, 0.27778261031547247, 0.27332888589433824, 0.2693719418913627, 0.2680523249207757, 0.2678355059105765, 0.26778025210353795, 0.26777089017144495, 0.2677694805516194, 0.26776931777647406, 0.2677692289372908, 0.2677692098569783, 0.26776920588666553, 0.26776920437664886, 0.2677692040927585, 0.2677692040295043, 0.26776920400467596, 0.26776920400076265, 0.26776920399974025, 0.26776920399953064, 0.2677692039994837, 0.26776920399947024, 0.26776920399946336, 0.26776920399945936, 0.2677692039994575, 0.26776920399945436, 0.2677692039994528, 0.2677692039994526, 0.2677692039994525, 0.26776920399945237, 0.26776920399945237]}, "10": {"maxiter": 1000, "fatol": 1e-10, "xatol": 1e-05, "duration": 0.3239881992340088, "fun": "0.26776920400316095", "nit": "764", "nfev": "1167", "status": "0", "success": "True", "message": "Optimization terminated successfully.", "x": "[ 4.25791393  5.99079048  0.53987791 -1.70934734  8.47959626  2.16715559]", "final_simplex": "(array([[ 4.25791393,  5.99079048,  0.53987791, -1.70934734,  8.47959626,\n         2.16715559],\n       [ 4.25791709,  5.9907923 ,  0.53987886, -1.70934985,  8.47958925,\n         2.16715445],\n       [ 4.25791498,  5.99079222,  0.53987544, -1.70935264,  8.47959494,\n         2.16715081],\n       [ 4.25791994,  5.99078789,  0.53987359, -1.70935118,  8.47959568,\n         2.16716227],\n       [ 4.25790919,  5.99079529,  0.53987855, -1.70935366,  8.47959192,\n         2.16715376],\n       [ 4.25792139,  5.99079478,  0.53987628, -1.70934703,  8.47959484,\n         2.167162  ],\n       [ 4.25791713,  5.99079093,  0.53986809, -1.70934644,  8.47960142,\n         2.16715807]]), array([0.2677692, 0.2677692, 0.2677692, 0.2677692, 0.2677692, 0.2677692,\n       0.2677692]))", "callback": [0.6296654262643542, 0.5694866476055929, 0.5244299176453623, 0.5210103219745943, 0.5195829262547742, 0.5177278965308307, 0.51591323725735, 0.5127282186593085, 0.4998466059177006, 0.4960065269093211, 0.49554830499404756, 0.49532276072803805, 0.49523161925364434, 0.49513993905148346, 0.49494841005378776, 0.4939912018500028, 0.4867609633218801, 0.476590942106759, 0.4625420528137737, 0.46098691625776944, 0.45909007272013036, 0.45375289598104673, 0.44521563203059134, 0.42949419076651174, 0.42811033400134446, 0.4263928185352259, 0.4236326586388206, 0.41780070089053956, 0.4149443876304506, 0.41131393575357045, 0.40984525022187546, 0.4091924865399682, 0.40913831155094005, 0.4090513658067757, 0.40895097694629134, 0.40883897086533183, 0.40875610041816834, 0.40874629215916347, 0.4087443800958013, 0.40873927021913237, 0.4087239753525447, 0.40863568447888243, 0.4083654494641198, 0.40747952888167804, 0.4062324143087215, 0.4048252635898173, 0.40005188069235587, 0.3982798404237158, 0.39194592660458627, 0.3831706546106982, 0.347865551374011, 0.3296179704817287, 0.32364536632484553, 0.31356951202811434, 0.3076267590204207, 0.296274854990332, 0.2916261221151488, 0.28872892590132226, 0.2861714851983217, 0.28204278547038497, 0.27778261031547247, 0.27332888589433824, 0.2693719418913627, 0.2680523249207757, 0.2678355059105765, 0.26778025210353795, 0.26777089017144495, 0.2677694805516194, 0.26776931777647406, 0.2677692289372908, 0.2677692098569783, 0.26776920588666553, 0.26776920437664886, 0.2677692040927585, 0.2677692040295043, 0.26776920400467596]}, "11": {"maxiter": 1000, "fatol": 1e-10, "xatol": 1e-10, "duration": 0.4012620449066162, "fun": "0.26776920399945237", "nit": "903", "nfev": "1449", "status": "0", "success": "True", "message": "Optimization terminated successfully.", "x": "[ 4.25791664  5.99079144  0.53987821 -1.70935021  8.47959449  2.16715579]", "final_simplex": "(array([[ 4.25791664,  5.99079144,  0.53987821, -1.70935021,  8.47959449,\n         2.16715579],\n       [ 4.25791664,  5.99079144,  0.53987821, -1.70935021,  8.47959449,\n         2.16715579],\n       [ 4.25791664,  5.99079144,  0.53987821, -1.70935021,  8.47959449,\n         2.16715579],\n       [ 4.25791665,  5.99079144,  0.53987821, -1.70935021,  8.47959449,\n         2.16715579],\n       [ 4.25791664,  5.99079144,  0.53987821, -1.70935021,  8.47959449,\n         2.16715579],\n       [ 4.25791664,  5.99079144,  0.53987821, -1.70935021,  8.47959449,\n         2.16715579],\n       [ 4.25791664,  5.99079144,  0.53987821, -1.70935021,  8.47959449,\n         2.16715579]]), array([0.2677692, 0.2677692, 0.2677692, 0.2677692, 0.2677692, 0.2677692,\n       0.2677692]))", "callback": [0.6296654262643542, 0.5694866476055929, 0.5244299176453623, 0.5210103219745943, 0.5195829262547742, 0.5177278965308307, 0.51591323725735, 0.5127282186593085, 0.4998466059177006, 0.4960065269093211, 0.49554830499404756, 0.49532276072803805, 0.49523161925364434, 0.49513993905148346, 0.49494841005378776, 0.4939912018500028, 0.4867609633218801, 0.476590942106759, 0.4625420528137737, 0.46098691625776944, 0.45909007272013036, 0.45375289598104673, 0.44521563203059134, 0.42949419076651174, 0.42811033400134446, 0.4263928185352259, 0.4236326586388206, 0.41780070089053956, 0.4149443876304506, 0.41131393575357045, 0.40984525022187546, 0.4091924865399682, 0.40913831155094005, 0.4090513658067757, 0.40895097694629134, 0.40883897086533183, 0.40875610041816834, 0.40874629215916347, 0.4087443800958013, 0.40873927021913237, 0.4087239753525447, 0.40863568447888243, 0.4083654494641198, 0.40747952888167804, 0.4062324143087215, 0.4048252635898173, 0.40005188069235587, 0.3982798404237158, 0.39194592660458627, 0.3831706546106982, 0.347865551374011, 0.3296179704817287, 0.32364536632484553, 0.31356951202811434, 0.3076267590204207, 0.296274854990332, 0.2916261221151488, 0.28872892590132226, 0.2861714851983217, 0.28204278547038497, 0.27778261031547247, 0.27332888589433824, 0.2693719418913627, 0.2680523249207757, 0.2678355059105765, 0.26778025210353795, 0.26777089017144495, 0.2677694805516194, 0.26776931777647406, 0.2677692289372908, 0.2677692098569783, 0.26776920588666553, 0.26776920437664886, 0.2677692040927585, 0.2677692040295043, 0.26776920400467596, 0.26776920400076265, 0.26776920399974025, 0.26776920399953064, 0.2677692039994837, 0.26776920399947024, 0.26776920399946336, 0.26776920399945936, 0.2677692039994575, 0.26776920399945436, 0.2677692039994528, 0.2677692039994526, 0.2677692039994525, 0.26776920399945237, 0.26776920399945237]}}, "bfgs": {"type": "gradient", "0": {"maxiter": 100, "gtol": 1e-05, "xrtol": 1e-05, "eps": 1e-05, "duration": 0.06623387336730957, "fun": "0.2677692040236067", "jac": "[ 1.74075199e-06 -1.10281784e-06  1.54218860e-06 -9.52593560e-07\n  2.22966090e-07  1.25874866e-06]", "hess_inv": "[[ 4.05998029  0.71838806  0.94905702 -0.60692092 -1.13899673 -2.57472265]\n [ 0.71838806  4.20778821  2.58325749 -1.17057646 -1.00023319 -0.9786511 ]\n [ 0.94905702  2.58325749  8.73062792  0.97011507 -5.75694819 -2.54086016]\n [-0.60692092 -1.17057646  0.97011507  3.50847991 -0.81296261  0.23953741]\n [-1.13899673 -1.00023319 -5.75694819 -0.81296261  6.67926961  2.34491847]\n [-2.57472265 -0.9786511  -2.54086016  0.23953741  2.34491847  4.81507948]]", "nfev": "231", "njev": "33", "status": "0", "success": "True", "message": "Optimization terminated successfully.", "x": "[ 2.02527183  2.84919175 -2.60171401 -1.7093556   8.47958763  2.16715179]", "nit": "31", "callback": [0.48954904005778355, 0.3227627551764931, 0.2677692045816942]}, "1": {"maxiter": 100, "gtol": 1e-05, "xrtol": 1e-05, "eps": 1e-10, "duration": 0.06574630737304688, "fun": "0.2677692040176737", "jac": "[4.44089173e-06 0.00000000e+00 0.00000000e+00 0.00000000e+00\n 1.11022293e-06 2.22044587e-06]", "hess_inv": "[[ 4.04630122  0.62768689  0.77924788 -0.69590624 -1.06704586 -2.49807953]\n [ 0.62768689  4.18780537  2.68719793 -1.18730269 -1.0818417  -0.89068422]\n [ 0.77924788  2.68719793  8.76854074  0.73231015 -5.74880883 -2.2875853 ]\n [-0.69590624 -1.18730269  0.73231015  3.37426837 -0.63259877  0.26361673]\n [-1.06704586 -1.0818417  -5.74880883 -0.63259877  6.60459525  2.20139234]\n [-2.49807953 -0.89068422 -2.2875853   0.26361673  2.20139234  4.75963768]]", "nfev": "231", "njev": "33", "status": "0", "success": "True", "message": "Optimization terminated successfully.", "x": "[ 2.02527186  2.84918907 -2.60172324 -1.70934976  8.47960188  2.16715513]", "nit": "31", "callback": [0.48954600451729013, 0.32125432222393024, 0.2677692055948072]}, "2": {"maxiter": 100, "gtol": 1e-05, "xrtol": 1e-10, "eps": 1e-05, "duration": 0.06567502021789551, "fun": "0.2677692040236067", "jac": "[ 1.74075199e-06 -1.10281784e-06  1.54218860e-06 -9.52593560e-07\n  2.22966090e-07  1.25874866e-06]", "hess_inv": "[[ 4.05998029  0.71838806  0.94905702 -0.60692092 -1.13899673 -2.57472265]\n [ 0.71838806  4.20778821  2.58325749 -1.17057646 -1.00023319 -0.9786511 ]\n [ 0.94905702  2.58325749  8.73062792  0.97011507 -5.75694819 -2.54086016]\n [-0.60692092 -1.17057646  0.97011507  3.50847991 -0.81296261  0.23953741]\n [-1.13899673 -1.00023319 -5.75694819 -0.81296261  6.67926961  2.34491847]\n [-2.57472265 -0.9786511  -2.54086016  0.23953741  2.34491847  4.81507948]]", "nfev": "231", "njev": "33", "status": "0", "success": "True", "message": "Optimization terminated successfully.", "x": "[ 2.02527183  2.84919175 -2.60171401 -1.7093556   8.47958763  2.16715179]", "nit": "31", "callback": [0.48954904005778355, 0.3227627551764931, 0.2677692045816942]}, "3": {"maxiter": 100, "gtol": 1e-05, "xrtol": 1e-10, "eps": 1e-10, "duration": 0.06560397148132324, "fun": "0.2677692040176737", "jac": "[4.44089173e-06 0.00000000e+00 0.00000000e+00 0.00000000e+00\n 1.11022293e-06 2.22044587e-06]", "hess_inv": "[[ 4.04630122  0.62768689  0.77924788 -0.69590624 -1.06704586 -2.49807953]\n [ 0.62768689  4.18780537  2.68719793 -1.18730269 -1.0818417  -0.89068422]\n [ 0.77924788  2.68719793  8.76854074  0.73231015 -5.74880883 -2.2875853 ]\n [-0.69590624 -1.18730269  0.73231015  3.37426837 -0.63259877  0.26361673]\n [-1.06704586 -1.0818417  -5.74880883 -0.63259877  6.60459525  2.20139234]\n [-2.49807953 -0.89068422 -2.2875853   0.26361673  2.20139234  4.75963768]]", "nfev": "231", "njev": "33", "status": "0", "success": "True", "message": "Optimization terminated successfully.", "x": "[ 2.02527186  2.84918907 -2.60172324 -1.70934976  8.47960188  2.16715513]", "nit": "31", "callback": [0.48954600451729013, 0.32125432222393024, 0.2677692055948072]}, "4": {"maxiter": 100, "gtol": 1e-10, "xrtol": 1e-05, "eps": 1e-05, "duration": 0.0657658576965332, "fun": "0.2677692040236067", "jac": "[ 1.74075199e-06 -1.10281784e-06  1.54218860e-06 -9.52593560e-07\n  2.22966090e-07  1.25874866e-06]", "hess_inv": "[[ 4.05998029  0.71838806  0.94905702 -0.60692092 -1.13899673 -2.57472265]\n [ 0.71838806  4.20778821  2.58325749 -1.17057646 -1.00023319 -0.9786511 ]\n [ 0.94905702  2.58325749  8.73062792  0.97011507 -5.75694819 -2.54086016]\n [-0.60692092 -1.17057646  0.97011507  3.50847991 -0.81296261  0.23953741]\n [-1.13899673 -1.00023319 -5.75694819 -0.81296261  6.67926961  2.34491847]\n [-2.57472265 -0.9786511  -2.54086016  0.23953741  2.34491847  4.81507948]]", "nfev": "231", "njev": "33", "status": "0", "success": "True", "message": "Optimization terminated successfully.", "x": "[ 2.02527183  2.84919175 -2.60171401 -1.7093556   8.47958763  2.16715179]", "nit": "31", "callback": [0.48954904005778355, 0.3227627551764931, 0.2677692045816942]}, "5": {"maxiter": 100, "gtol": 1e-10, "xrtol": 1e-05, "eps": 1e-10, "duration": 0.0706779956817627, "fun": "0.26776920401427073", "jac": "[ 3.33066880e-06 -2.22044587e-06  0.00000000e+00  2.22044587e-06\n  3.33066880e-06  0.00000000e+00]", "hess_inv": "[[ 4.32480951  0.58392072  0.98174569 -0.54737372 -1.16268064 -2.47447769]\n [ 0.58392072  4.18986059  2.71211037 -1.17836662 -1.10659847 -0.89778386]\n [ 0.98174569  2.71211037  8.2483183   0.46057549 -5.3502832  -2.23053413]\n [-0.54737372 -1.17836662  0.46057549  3.23744629 -0.41731261  0.29889866]\n [-1.16268064 -1.10659847 -5.3502832  -0.41731261  6.30920253  2.16531407]\n [-2.47447769 -0.89778386 -2.23053413  0.29889866  2.16531407  4.7592537 ]]", "nfev": "245", "njev": "35", "status": "0", "success": "True", "message": "Optimization terminated successfully.", "x": "[ 2.02526761  2.84918928 -2.601721   -1.709349    8.4795996   2.16715445]", "nit": "32", "callback": [0.48954600451729013, 0.32125432222393024, 0.2677692055948072]}, "6": {"maxiter": 100, "gtol": 1e-10, "xrtol": 1e-10, "eps": 1e-05, "duration": 0.07215499877929688, "fun": "0.26776920402184334", "jac": "[3.33066907e-11 2.22044605e-11 3.33066907e-11 4.44089210e-11\n 2.22044605e-11 3.33066907e-11]", "hess_inv": "[[ 4.29181422  0.69700006  1.28586897 -0.668844   -1.36511954 -2.61981356]\n [ 0.69700006  4.10981188  2.48831373 -1.08001856 -0.96528531 -0.96150092]\n [ 1.28586897  2.48831373  9.17220837  0.93449297 -6.07186408 -2.5989767 ]\n [-0.668844   -1.08001856  0.93449297  3.51774347 -0.80413096  0.28214079]\n [-1.36511954 -0.96528531 -6.07186408 -0.80413096  6.90831196  2.37333053]\n [-2.61981356 -0.96150092 -2.5989767   0.28214079  2.37333053  4.83724439]]", "nfev": "259", "njev": "37", "status": "0", "success": "True", "message": "Optimization terminated successfully.", "x": "[ 2.02526606  2.84919163 -2.60172222 -1.70935384  8.47959308  2.16715295]", "nit": "35", "callback": [0.48954904005778355, 0.3227627551764931, 0.2677692045816942]}, "7": {"maxiter": 100, "gtol": 1e-10, "xrtol": 1e-10, "eps": 1e-10, "duration": 0.11453580856323242, "fun": "0.26776920401426607", "jac": "[-1.11022293e-06 -2.22044587e-06  2.22044587e-06  3.33066880e-06\n  1.11022293e-06  0.00000000e+00]", "hess_inv": "[[ 1.08878461  0.13554674  1.61269172 -0.3711599  -0.61836968 -1.53702748]\n [ 0.13554674  2.16955439  0.64825053  0.30746562  0.51238455 -1.25153931]\n [ 1.61269172  0.64825053  3.08058434 -0.16229025 -0.27092869 -1.74262555]\n [-0.3711599   0.30746562 -0.16229025  0.51162078  0.85241351  1.14028757]\n [-0.61836968  0.51238455 -0.27092869  0.85241351  1.42134205  1.90078114]\n [-1.53702748 -1.25153931 -1.74262555  1.14028757  1.90078114  5.03329116]]", "nfev": "404", "njev": "56", "status": "2", "success": "False", "message": "Desired error not necessarily achieved due to precision loss.", "x": "[ 2.02526725  2.84918933 -2.60172078 -1.70934895  8.47959937  2.16715439]", "nit": "34", "callback": [0.48954600451729013, 0.32125432222393024, 0.2677692055948072]}, "8": {"maxiter": 500, "gtol": 1e-05, "xrtol": 1e-05, "eps": 1e-05, "duration": 0.06593799591064453, "fun": "0.2677692040236067", "jac": "[ 1.74075199e-06 -1.10281784e-06  1.54218860e-06 -9.52593560e-07\n  2.22966090e-07  1.25874866e-06]", "hess_inv": "[[ 4.05998029  0.71838806  0.94905702 -0.60692092 -1.13899673 -2.57472265]\n [ 0.71838806  4.20778821  2.58325749 -1.17057646 -1.00023319 -0.9786511 ]\n [ 0.94905702  2.58325749  8.73062792  0.97011507 -5.75694819 -2.54086016]\n [-0.60692092 -1.17057646  0.97011507  3.50847991 -0.81296261  0.23953741]\n [-1.13899673 -1.00023319 -5.75694819 -0.81296261  6.67926961  2.34491847]\n [-2.57472265 -0.9786511  -2.54086016  0.23953741  2.34491847  4.81507948]]", "nfev": "231", "njev": "33", "status": "0", "success": "True", "message": "Optimization terminated successfully.", "x": "[ 2.02527183  2.84919175 -2.60171401 -1.7093556   8.47958763  2.16715179]", "nit": "31", "callback": [0.48954904005778355, 0.3227627551764931, 0.2677692045816942]}, "9": {"maxiter": 500, "gtol": 1e-05, "xrtol": 1e-05, "eps": 1e-10, "duration": 0.06573915481567383, "fun": "0.2677692040176737", "jac": "[4.44089173e-06 0.00000000e+00 0.00000000e+00 0.00000000e+00\n 1.11022293e-06 2.22044587e-06]", "hess_inv": "[[ 4.04630122  0.62768689  0.77924788 -0.69590624 -1.06704586 -2.49807953]\n [ 0.62768689  4.18780537  2.68719793 -1.18730269 -1.0818417  -0.89068422]\n [ 0.77924788  2.68719793  8.76854074  0.73231015 -5.74880883 -2.2875853 ]\n [-0.69590624 -1.18730269  0.73231015  3.37426837 -0.63259877  0.26361673]\n [-1.06704586 -1.0818417  -5.74880883 -0.63259877  6.60459525  2.20139234]\n [-2.49807953 -0.89068422 -2.2875853   0.26361673  2.20139234  4.75963768]]", "nfev": "231", "njev": "33", "status": "0", "success": "True", "message": "Optimization terminated successfully.", "x": "[ 2.02527186  2.84918907 -2.60172324 -1.70934976  8.47960188  2.16715513]", "nit": "31", "callback": [0.48954600451729013, 0.32125432222393024, 0.2677692055948072]}, "10": {"maxiter": 500, "gtol": 1e-05, "xrtol": 1e-10, "eps": 1e-05, "duration": 0.06594514846801758, "fun": "0.2677692040236067", "jac": "[ 1.74075199e-06 -1.10281784e-06  1.54218860e-06 -9.52593560e-07\n  2.22966090e-07  1.25874866e-06]", "hess_inv": "[[ 4.05998029  0.71838806  0.94905702 -0.60692092 -1.13899673 -2.57472265]\n [ 0.71838806  4.20778821  2.58325749 -1.17057646 -1.00023319 -0.9786511 ]\n [ 0.94905702  2.58325749  8.73062792  0.97011507 -5.75694819 -2.54086016]\n [-0.60692092 -1.17057646  0.97011507  3.50847991 -0.81296261  0.23953741]\n [-1.13899673 -1.00023319 -5.75694819 -0.81296261  6.67926961  2.34491847]\n [-2.57472265 -0.9786511  -2.54086016  0.23953741  2.34491847  4.81507948]]", "nfev": "231", "njev": "33", "status": "0", "success": "True", "message": "Optimization terminated successfully.", "x": "[ 2.02527183  2.84919175 -2.60171401 -1.7093556   8.47958763  2.16715179]", "nit": "31", "callback": [0.48954904005778355, 0.3227627551764931, 0.2677692045816942]}, "11": {"maxiter": 500, "gtol": 1e-05, "xrtol": 1e-10, "eps": 1e-10, "duration": 0.06610918045043945, "fun": "0.2677692040176737", "jac": "[4.44089173e-06 0.00000000e+00 0.00000000e+00 0.00000000e+00\n 1.11022293e-06 2.22044587e-06]", "hess_inv": "[[ 4.04630122  0.62768689  0.77924788 -0.69590624 -1.06704586 -2.49807953]\n [ 0.62768689  4.18780537  2.68719793 -1.18730269 -1.0818417  -0.89068422]\n [ 0.77924788  2.68719793  8.76854074  0.73231015 -5.74880883 -2.2875853 ]\n [-0.69590624 -1.18730269  0.73231015  3.37426837 -0.63259877  0.26361673]\n [-1.06704586 -1.0818417  -5.74880883 -0.63259877  6.60459525  2.20139234]\n [-2.49807953 -0.89068422 -2.2875853   0.26361673  2.20139234  4.75963768]]", "nfev": "231", "njev": "33", "status": "0", "success": "True", "message": "Optimization terminated successfully.", "x": "[ 2.02527186  2.84918907 -2.60172324 -1.70934976  8.47960188  2.16715513]", "nit": "31", "callback": [0.48954600451729013, 0.32125432222393024, 0.2677692055948072]}, "12": {"maxiter": 500, "gtol": 1e-10, "xrtol": 1e-05, "eps": 1e-05, "duration": 0.06465291976928711, "fun": "0.2677692040236067", "jac": "[ 1.74075199e-06 -1.10281784e-06  1.54218860e-06 -9.52593560e-07\n  2.22966090e-07  1.25874866e-06]", "hess_inv": "[[ 4.05998029  0.71838806  0.94905702 -0.60692092 -1.13899673 -2.57472265]\n [ 0.71838806  4.20778821  2.58325749 -1.17057646 -1.00023319 -0.9786511 ]\n [ 0.94905702  2.58325749  8.73062792  0.97011507 -5.75694819 -2.54086016]\n [-0.60692092 -1.17057646  0.97011507  3.50847991 -0.81296261  0.23953741]\n [-1.13899673 -1.00023319 -5.75694819 -0.81296261  6.67926961  2.34491847]\n [-2.57472265 -0.9786511  -2.54086016  0.23953741  2.34491847  4.81507948]]", "nfev": "231", "njev": "33", "status": "0", "success": "True", "message": "Optimization terminated successfully.", "x": "[ 2.02527183  2.84919175 -2.60171401 -1.7093556   8.47958763  2.16715179]", "nit": "31", "callback": [0.48954904005778355, 0.3227627551764931, 0.2677692045816942]}, "13": {"maxiter": 500, "gtol": 1e-10, "xrtol": 1e-05, "eps": 1e-10, "duration": 0.06881999969482422, "fun": "0.26776920401427073", "jac": "[ 3.33066880e-06 -2.22044587e-06  0.00000000e+00  2.22044587e-06\n  3.33066880e-06  0.00000000e+00]", "hess_inv": "[[ 4.32480951  0.58392072  0.98174569 -0.54737372 -1.16268064 -2.47447769]\n [ 0.58392072  4.18986059  2.71211037 -1.17836662 -1.10659847 -0.89778386]\n [ 0.98174569  2.71211037  8.2483183   0.46057549 -5.3502832  -2.23053413]\n [-0.54737372 -1.17836662  0.46057549  3.23744629 -0.41731261  0.29889866]\n [-1.16268064 -1.10659847 -5.3502832  -0.41731261  6.30920253  2.16531407]\n [-2.47447769 -0.89778386 -2.23053413  0.29889866  2.16531407  4.7592537 ]]", "nfev": "245", "njev": "35", "status": "0", "success": "True", "message": "Optimization terminated successfully