{"date": "2024/09/12/, 02:09:03", "conf_id": 32, "data_type": "random\n", "num_data_points": 2, "s_rank": 0, "unitary": "[[0.18663085-0.53122324j,-0.11886349-0.70040876j,0.28555095-0.02789305j,-0.12262021-0.2844587j],[-0.16702216+0.27758472j,0.27526351-0.29738586j,-0.01109314+0.22495461j,-0.77239203+0.28900673j],[0.61935415+0.12301792j,-0.31269928-0.03315917j,-0.61902762-0.19039079j,-0.27120731-0.0968989j],[0.42341754+0.0023929j,-0.05847358+0.47832119j,0.64900495-0.16218422j,-0.37182676-0.05229966j]]", "databatch_0": {"databatch": "[[[0.30303437+0.07315785j,-0.265424+0.06357283j,0.28612094-0.25306583j,-0.09343715+0.1292346j],[0.16212462+0.01305764j,-0.27303458+0.20957748j,0.05035052+0.04278979j,-0.09381821+0.16606389j],[0.14221814+0.00111828j,0.11425877+0.16510599j,0.35291282-0.12097643j,0.09679785+0.10088323j],[-0.06181216+0.0597065j,-0.03228938-0.38664712j,-0.15297888-0.16575102j,-0.07984617-0.19201181j]],[[-0.31326767-0.0554233j,-0.14613252+0.05682431j,-0.06081238+0.08688516j,-0.00900567-0.16289871j],[0.1523192+0.17450148j,-0.10088343+0.04722719j,-0.00889034+0.03670017j,-0.39228348-0.19904708j],[0.03298422+0.18494951j,-0.02071372-0.41463172j,0.26892685-0.10199778j,0.03792713+0.05014793j],[0.21706957-0.23702821j,0.19286009-0.19491096j,-0.10579089+0.1049284j,-0.09029111-0.26868111j]]]", "initial param values": "[1.77469268,0.99914659,2.13404534,2.77934679,3.23068557,2.22965615]", "nelder_mead": {"type": "gradient-free", "0": {"maxiter": 100, "fatol": 1e-05, "xatol": 1e-05, "duration": 0.047963857650756836, "fun": "0.2977749781480332", "nit": "100", "nfev": "163", "status": "2", "success": "False", "message": "Maximum number of iterations has been exceeded.", "x": "[1.14613495 1.00343772 3.10520588 2.86737877 1.37224418 3.20092114]", "final_simplex": "(array([[1.14613495, 1.00343772, 3.10520588, 2.86737877, 1.37224418,\n        3.20092114],\n       [1.14747834, 0.99901942, 3.08623725, 2.8754562 , 1.35802366,\n        3.2370431 ],\n       [1.21087393, 1.01486049, 3.08781454, 2.88455071, 1.28211327,\n        3.14109341],\n       [1.13412099, 1.02087578, 3.12120889, 2.8943122 , 1.3456325 ,\n        3.21057657],\n       [1.1169997 , 1.01599718, 3.03051712, 2.88817441, 1.49465569,\n        3.3128251 ],\n       [1.19250058, 1.03529944, 3.1127504 , 2.90577443, 1.34116067,\n        3.12903488],\n       [1.13907035, 1.0383448 , 3.05532893, 2.86238853, 1.45851419,\n        3.28013036]]), array([0.29777498, 0.2986659 , 0.30007258, 0.30054182, 0.30097562,\n       0.3013996 , 0.30153075]))", "callback": [0.6178259757430604, 0.4497594607628549, 0.35028156643685415, 0.32090780666017726, 0.3147691210256942, 0.30783697165918256, 0.3037313637903708, 0.3028288040060322, 0.30224209481031494]}, "1": {"maxiter": 100, "fatol": 1e-05, "xatol": 1e-10, "duration": 0.0518488883972168, "fun": "0.2977749781480332", "nit": "100", "nfev": "163", "status": "2", "success": "False", "message": "Maximum number of iterations has been exceeded.", "x": "[1.14613495 1.00343772 3.10520588 2.86737877 1.37224418 3.20092114]", "final_simplex": "(array([[1.14613495, 1.00343772, 3.10520588, 2.86737877, 1.37224418,\n        3.20092114],\n       [1.14747834, 0.99901942, 3.08623725, 2.8754562 , 1.35802366,\n        3.2370431 ],\n       [1.21087393, 1.01486049, 3.08781454, 2.88455071, 1.28211327,\n        3.14109341],\n       [1.13412099, 1.02087578, 3.12120889, 2.8943122 , 1.3456325 ,\n        3.21057657],\n       [1.1169997 , 1.01599718, 3.03051712, 2.88817441, 1.49465569,\n        3.3128251 ],\n       [1.19250058, 1.03529944, 3.1127504 , 2.90577443, 1.34116067,\n        3.12903488],\n       [1.13907035, 1.0383448 , 3.05532893, 2.86238853, 1.45851419,\n        3.28013036]]), array([0.29777498, 0.2986659 , 0.30007258, 0.30054182, 0.30097562,\n       0.3013996 , 0.30153075]))", "callback": [0.6178259757430604, 0.4497594607628549, 0.35028156643685415, 0.32090780666017726, 0.3147691210256942, 0.30783697165918256, 0.3037313637903708, 0.3028288040060322, 0.30224209481031494]}, "2": {"maxiter": 100, "fatol": 1e-10, "xatol": 1e-05, "duration": 0.047007083892822266, "fun": "0.2977749781480332", "nit": "100", "nfev": "163", "status": "2", "success": "False", "message": "Maximum number of iterations has been exceeded.", "x": "[1.14613495 1.00343772 3.10520588 2.86737877 1.37224418 3.20092114]", "final_simplex": "(array([[1.14613495, 1.00343772, 3.10520588, 2.86737877, 1.37224418,\n        3.20092114],\n       [1.14747834, 0.99901942, 3.08623725, 2.8754562 , 1.35802366,\n        3.2370431 ],\n       [1.21087393, 1.01486049, 3.08781454, 2.88455071, 1.28211327,\n        3.14109341],\n       [1.13412099, 1.02087578, 3.12120889, 2.8943122 , 1.3456325 ,\n        3.21057657],\n       [1.1169997 , 1.01599718, 3.03051712, 2.88817441, 1.49465569,\n        3.3128251 ],\n       [1.19250058, 1.03529944, 3.1127504 , 2.90577443, 1.34116067,\n        3.12903488],\n       [1.13907035, 1.0383448 , 3.05532893, 2.86238853, 1.45851419,\n        3.28013036]]), array([0.29777498, 0.2986659 , 0.30007258, 0.30054182, 0.30097562,\n       0.3013996 , 0.30153075]))", "callback": [0.6178259757430604, 0.4497594607628549, 0.35028156643685415, 0.32090780666017726, 0.3147691210256942, 0.30783697165918256, 0.3037313637903708, 0.3028288040060322, 0.30224209481031494]}, "3": {"maxiter": 100, "fatol": 1e-10, "xatol": 1e-10, "duration": 0.04662299156188965, "fun": "0.2977749781480332", "nit": "100", "nfev": "163", "status": "2", "success": "False", "message": "Maximum number of iterations has been exceeded.", "x": "[1.14613495 1.00343772 3.10520588 2.86737877 1.37224418 3.20092114]", "final_simplex": "(array([[1.14613495, 1.00343772, 3.10520588, 2.86737877, 1.37224418,\n        3.20092114],\n       [1.14747834, 0.99901942, 3.08623725, 2.8754562 , 1.35802366,\n        3.2370431 ],\n       [1.21087393, 1.01486049, 3.08781454, 2.88455071, 1.28211327,\n        3.14109341],\n       [1.13412099, 1.02087578, 3.12120889, 2.8943122 , 1.3456325 ,\n        3.21057657],\n       [1.1169997 , 1.01599718, 3.03051712, 2.88817441, 1.49465569,\n        3.3128251 ],\n       [1.19250058, 1.03529944, 3.1127504 , 2.90577443, 1.34116067,\n        3.12903488],\n       [1.13907035, 1.0383448 , 3.05532893, 2.86238853, 1.45851419,\n        3.28013036]]), array([0.29777498, 0.2986659 , 0.30007258, 0.30054182, 0.30097562,\n       0.3013996 , 0.30153075]))", "callback": [0.6178259757430604, 0.4497594607628549, 0.35028156643685415, 0.32090780666017726, 0.3147691210256942, 0.30783697165918256, 0.3037313637903708, 0.3028288040060322, 0.30224209481031494]}, "4": {"maxiter": 500, "fatol": 1e-05, "xatol": 1e-05, "duration": 0.16226792335510254, "fun": "0.2795911187545459", "nit": "368", "nfev": "596", "status": "0", "success": "True", "message": "Optimization terminated successfully.", "x": "[1.18616623 0.67222228 3.25419455 2.67090285 1.040935   2.89675087]", "final_simplex": "(array([[1.18616623, 0.67222228, 3.25419455, 2.67090285, 1.040935  ,\n        2.89675087],\n       [1.18616316, 0.67221767, 3.2541936 , 2.67090579, 1.04093992,\n        2.89675995],\n       [1.18616229, 0.67221978, 3.25419091, 2.67090669, 1.04093414,\n        2.89675372],\n       [1.18615781, 0.67221589, 3.25419259, 2.67090368, 1.04093501,\n        2.89675475],\n       [1.18616001, 0.67221619, 3.25419394, 2.67090603, 1.04093621,\n        2.89675293],\n       [1.18616317, 0.67222042, 3.25419728, 2.67090945, 1.04093242,\n        2.89675264],\n       [1.1861675 , 0.67221822, 3.25419729, 2.67090581, 1.04093297,\n        2.89675069]]), array([0.27959112, 0.27959112, 0.27959112, 0.27959112, 0.27959112,\n       0.27959112, 0.27959112]))", "callback": [0.6178259757430604, 0.4497594607628549, 0.35028156643685415, 0.32090780666017726, 0.3147691210256942, 0.30783697165918256, 0.3037313637903708, 0.3028288040060322, 0.30224209481031494, 0.2977749781480332, 0.28631085953559055, 0.2804219379774062, 0.28008498480036337, 0.2797989379450424, 0.27965749786293426, 0.2796166444993019, 0.27960324814180526, 0.27959903864779134, 0.27959729477422746, 0.279596639028456, 0.2795963144248357, 0.279595722596494, 0.2795942664595167, 0.27959344165560907, 0.27959320822808587, 0.2795927386514572, 0.27959198451119804, 0.2795913260159739, 0.2795912153102855, 0.2795911568156071, 0.2795911253948148, 0.2795911198951997, 0.279591119058175, 0.279591118893183, 0.2795911187976613, 0.27959111876196663]}, "5": {"maxiter": 500, "fatol": 1e-05, "xatol": 1e-10, "duration": 0.23040413856506348, "fun": "0.2795911187500104", "nit": "500", "nfev": "853", "status": "2", "success": "False", "message": "Maximum number of iterations has been exceeded.", "x": "[1.18616108 0.67222102 3.25419454 2.67090331 1.04093623 2.89675557]", "final_simplex": "(array([[1.18616108, 0.67222102, 3.25419454, 2.67090331, 1.04093623,\n        2.89675557],\n       [1.18616108, 0.67222102, 3.25419454, 2.67090331, 1.04093623,\n        2.89675557],\n       [1.18616108, 0.67222102, 3.25419454, 2.67090331, 1.04093623,\n        2.89675557],\n       [1.18616108, 0.67222102, 3.25419454, 2.67090331, 1.04093623,\n        2.89675557],\n       [1.18616108, 0.67222102, 3.25419454, 2.67090331, 1.04093623,\n        2.89675557],\n       [1.18616108, 0.67222102, 3.25419454, 2.67090331, 1.04093623,\n        2.89675557],\n       [1.18616108, 0.67222102, 3.25419454, 2.67090331, 1.04093623,\n        2.89675557]]), array([0.27959112, 0.27959112, 0.27959112, 0.27959112, 0.27959112,\n       0.27959112, 0.27959112]))", "callback": [0.6178259757430604, 0.4497594607628549, 0.35028156643685415, 0.32090780666017726, 0.3147691210256942, 0.30783697165918256, 0.3037313637903708, 0.3028288040060322, 0.30224209481031494, 0.2977749781480332, 0.28631085953559055, 0.2804219379774062, 0.28008498480036337, 0.2797989379450424, 0.27965749786293426, 0.2796166444993019, 0.27960324814180526, 0.27959903864779134, 0.27959729477422746, 0.279596639028456, 0.2795963144248357, 0.279595722596494, 0.2795942664595167, 0.27959344165560907, 0.27959320822808587, 0.2795927386514572, 0.27959198451119804, 0.2795913260159739, 0.2795912153102855, 0.2795911568156071, 0.2795911253948148, 0.2795911198951997, 0.279591119058175, 0.279591118893183, 0.2795911187976613, 0.27959111876196663, 0.2795911187531974, 0.27959111875075493, 0.2795911187502117, 0.27959111875006226, 0.2795911187500463, 0.27959111875003384, 0.27959111875002807, 0.2795911187500252, 0.2795911187500164, 0.2795911187500123, 0.27959111875001086, 0.27959111875001064, 0.2795911187500105]}, "6": {"maxiter": 500, "fatol": 1e-10, "xatol": 1e-05, "duration": 0.16716909408569336, "fun": "0.2795911187545459", "nit": "368", "nfev": "596", "status": "0", "success": "True", "message": "Optimization terminated successfully.", "x": "[1.18616623 0.67222228 3.25419455 2.67090285 1.040935   2.89675087]", "final_simplex": "(array([[1.18616623, 0.67222228, 3.25419455, 2.67090285, 1.040935  ,\n        2.89675087],\n       [1.18616316, 0.67221767, 3.2541936 , 2.67090579, 1.04093992,\n        2.89675995],\n       [1.18616229, 0.67221978, 3.25419091, 2.67090669, 1.04093414,\n        2.89675372],\n       [1.18615781, 0.67221589, 3.25419259, 2.67090368, 1.04093501,\n        2.89675475],\n       [1.18616001, 0.67221619, 3.25419394, 2.67090603, 1.04093621,\n        2.89675293],\n       [1.18616317, 0.67222042, 3.25419728, 2.67090945, 1.04093242,\n        2.89675264],\n       [1.1861675 , 0.67221822, 3.25419729, 2.67090581, 1.04093297,\n        2.89675069]]), array([0.27959112, 0.27959112, 0.27959112, 0.27959112, 0.27959112,\n       0.27959112, 0.27959112]))", "callback": [0.6178259757430604, 0.4497594607628549, 0.35028156643685415, 0.32090780666017726, 0.3147691210256942, 0.30783697165918256, 0.3037313637903708, 0.3028288040060322, 0.30224209481031494, 0.2977749781480332, 0.28631085953559055, 0.2804219379774062, 0.28008498480036337, 0.2797989379450424, 0.27965749786293426, 0.2796166444993019, 0.27960324814180526, 0.27959903864779134, 0.27959729477422746, 0.279596639028456, 0.2795963144248357, 0.279595722596494, 0.2795942664595167, 0.27959344165560907, 0.27959320822808587, 0.2795927386514572, 0.27959198451119804, 0.2795913260159739, 0.2795912153102855, 0.2795911568156071, 0.2795911253948148, 0.2795911198951997, 0.279591119058175, 0.279591118893183, 0.2795911187976613, 0.27959111876196663]}, "7": {"maxiter": 500, "fatol": 1e-10, "xatol": 1e-10, "duration": 0.23182106018066406, "fun": "0.2795911187500104", "nit": "500", "nfev": "853", "status": "2", "success": "False", "message": "Maximum number of iterations has been exceeded.", "x": "[1.18616108 0.67222102 3.25419454 2.67090331 1.04093623 2.89675557]", "final_simplex": "(array([[1.18616108, 0.67222102, 3.25419454, 2.67090331, 1.04093623,\n        2.89675557],\n       [1.18616108, 0.67222102, 3.25419454, 2.67090331, 1.04093623,\n        2.89675557],\n       [1.18616108, 0.67222102, 3.25419454, 2.67090331, 1.04093623,\n        2.89675557],\n       [1.18616108, 0.67222102, 3.25419454, 2.67090331, 1.04093623,\n        2.89675557],\n       [1.18616108, 0.67222102, 3.25419454, 2.67090331, 1.04093623,\n        2.89675557],\n       [1.18616108, 0.67222102, 3.25419454, 2.67090331, 1.04093623,\n        2.89675557],\n       [1.18616108, 0.67222102, 3.25419454, 2.67090331, 1.04093623,\n        2.89675557]]), array([0.27959112, 0.27959112, 0.27959112, 0.27959112, 0.27959112,\n       0.27959112, 0.27959112]))", "callback": [0.6178259757430604, 0.4497594607628549, 0.35028156643685415, 0.32090780666017726, 0.3147691210256942, 0.30783697165918256, 0.3037313637903708, 0.3028288040060322, 0.30224209481031494, 0.2977749781480332, 0.28631085953559055, 0.2804219379774062, 0.28008498480036337, 0.2797989379450424, 0.27965749786293426, 0.2796166444993019, 0.27960324814180526, 0.27959903864779134, 0.27959729477422746, 0.279596639028456, 0.2795963144248357, 0.279595722596494, 0.2795942664595167, 0.27959344165560907, 0.27959320822808587, 0.2795927386514572, 0.27959198451119804, 0.2795913260159739, 0.2795912153102855, 0.2795911568156071, 0.2795911253948148, 0.2795911198951997, 0.279591119058175, 0.279591118893183, 0.2795911187976613, 0.27959111876196663, 0.2795911187531974, 0.27959111875075493, 0.2795911187502117, 0.27959111875006226, 0.2795911187500463, 0.27959111875003384, 0.27959111875002807, 0.2795911187500252, 0.2795911187500164, 0.2795911187500123, 0.27959111875001086, 0.27959111875001064, 0.2795911187500105]}, "8": {"maxiter": 1000, "fatol": 1e-05, "xatol": 1e-05, "duration": 0.16133975982666016, "fun": "0.2795911187545459", "nit": "368", "nfev": "596", "status": "0", "success": "True", "message": "Optimization terminated successfully.", "x": "[1.18616623 0.67222228 3.25419455 2.67090285 1.040935   2.89675087]", "final_simplex": "(array([[1.18616623, 0.67222228, 3.25419455, 2.67090285, 1.040935  ,\n        2.89675087],\n       [1.18616316, 0.67221767, 3.2541936 , 2.67090579, 1.04093992,\n        2.89675995],\n       [1.18616229, 0.67221978, 3.25419091, 2.67090669, 1.04093414,\n        2.89675372],\n       [1.18615781, 0.67221589, 3.25419259, 2.67090368, 1.04093501,\n        2.89675475],\n       [1.18616001, 0.67221619, 3.25419394, 2.67090603, 1.04093621,\n        2.89675293],\n       [1.18616317, 0.67222042, 3.25419728, 2.67090945, 1.04093242,\n        2.89675264],\n       [1.1861675 , 0.67221822, 3.25419729, 2.67090581, 1.04093297,\n        2.89675069]]), array([0.27959112, 0.27959112, 0.27959112, 0.27959112, 0.27959112,\n       0.27959112, 0.27959112]))", "callback": [0.6178259757430604, 0.4497594607628549, 0.35028156643685415, 0.32090780666017726, 0.3147691210256942, 0.30783697165918256, 0.3037313637903708, 0.3028288040060322, 0.30224209481031494, 0.2977749781480332, 0.28631085953559055, 0.2804219379774062, 0.28008498480036337, 0.2797989379450424, 0.27965749786293426, 0.2796166444993019, 0.27960324814180526, 0.27959903864779134, 0.27959729477422746, 0.279596639028456, 0.2795963144248357, 0.279595722596494, 0.2795942664595167, 0.27959344165560907, 0.27959320822808587, 0.2795927386514572, 0.27959198451119804, 0.2795913260159739, 0.2795912153102855, 0.2795911568156071, 0.2795911253948148, 0.2795911198951997, 0.279591119058175, 0.279591118893183, 0.2795911187976613, 0.27959111876196663]}, "9": {"maxiter": 1000, "fatol": 1e-05, "xatol": 1e-10, "duration": 0.2359757423400879, "fun": "0.2795911187500104", "nit": "504", "nfev": "879", "status": "0", "success": "True", "message": "Optimization terminated successfully.", "x": "[1.18616108 0.67222102 3.25419454 2.67090331 1.04093623 2.89675557]", "final_simplex": "(array([[1.18616108, 0.67222102, 3.25419454, 2.67090331, 1.04093623,\n        2.89675557],\n       [1.18616108, 0.67222102, 3.25419454, 2.67090331, 1.04093623,\n        2.89675557],\n       [1.18616108, 0.67222102, 3.25419454, 2.67090331, 1.04093623,\n        2.89675557],\n       [1.18616108, 0.67222102, 3.25419454, 2.67090331, 1.04093623,\n        2.89675557],\n       [1.18616108, 0.67222102, 3.25419454, 2.67090331, 1.04093623,\n        2.89675557],\n       [1.18616108, 0.67222102, 3.25419454, 2.67090331, 1.04093623,\n        2.89675557],\n       [1.18616108, 0.67222102, 3.25419454, 2.67090331, 1.04093623,\n        2.89675557]]), array([0.27959112, 0.27959112, 0.27959112, 0.27959112, 0.27959112,\n       0.27959112, 0.27959112]))", "callback": [0.6178259757430604, 0.4497594607628549, 0.35028156643685415, 0.32090780666017726, 0.3147691210256942, 0.30783697165918256, 0.3037313637903708, 0.3028288040060322, 0.30224209481031494, 0.2977749781480332, 0.28631085953559055, 0.2804219379774062, 0.28008498480036337, 0.2797989379450424, 0.27965749786293426, 0.2796166444993019, 0.27960324814180526, 0.27959903864779134, 0.27959729477422746, 0.279596639028456, 0.2795963144248357, 0.279595722596494, 0.2795942664595167, 0.27959344165560907, 0.27959320822808587, 0.2795927386514572, 0.27959198451119804, 0.2795913260159739, 0.2795912153102855, 0.2795911568156071, 0.2795911253948148, 0.2795911198951997, 0.279591119058175, 0.279591118893183, 0.2795911187976613, 0.27959111876196663, 0.2795911187531974, 0.27959111875075493, 0.2795911187502117, 0.27959111875006226, 0.2795911187500463, 0.27959111875003384, 0.27959111875002807, 0.2795911187500252, 0.2795911187500164, 0.2795911187500123, 0.27959111875001086, 0.27959111875001064, 0.2795911187500105, 0.2795911187500104]}, "10": {"maxiter": 1000, "fatol": 1e-10, "xatol": 1e-05, "duration": 0.16035008430480957, "fun": "0.2795911187545459", "nit": "368", "nfev": "596", "status": "0", "success": "True", "message": "Optimization terminated successfully.", "x": "[1.18616623 0.67222228 3.25419455 2.67090285 1.040935   2.89675087]", "final_simplex": "(array([[1.18616623, 0.67222228, 3.25419455, 2.67090285, 1.040935  ,\n        2.89675087],\n       [1.18616316, 0.67221767, 3.2541936 , 2.67090579, 1.04093992,\n        2.89675995],\n       [1.18616229, 0.67221978, 3.25419091, 2.67090669, 1.04093414,\n        2.89675372],\n       [1.18615781, 0.67221589, 3.25419259, 2.67090368, 1.04093501,\n        2.89675475],\n       [1.18616001, 0.67221619, 3.25419394, 2.67090603, 1.04093621,\n        2.89675293],\n       [1.18616317, 0.67222042, 3.25419728, 2.67090945, 1.04093242,\n        2.89675264],\n       [1.1861675 , 0.67221822, 3.25419729, 2.67090581, 1.04093297,\n        2.89675069]]), array([0.27959112, 0.27959112, 0.27959112, 0.27959112, 0.27959112,\n       0.27959112, 0.27959112]))", "callback": [0.6178259757430604, 0.4497594607628549, 0.35028156643685415, 0.32090780666017726, 0.3147691210256942, 0.30783697165918256, 0.3037313637903708, 0.3028288040060322, 0.30224209481031494, 0.2977749781480332, 0.28631085953559055, 0.2804219379774062, 0.28008498480036337, 0.2797989379450424, 0.27965749786293426, 0.2796166444993019, 0.27960324814180526, 0.27959903864779134, 0.27959729477422746, 0.279596639028456, 0.2795963144248357, 0.279595722596494, 0.2795942664595167, 0.27959344165560907, 0.27959320822808587, 0.2795927386514572, 0.27959198451119804, 0.2795913260159739, 0.2795912153102855, 0.2795911568156071, 0.2795911253948148, 0.2795911198951997, 0.279591119058175, 0.279591118893183, 0.2795911187976613, 0.27959111876196663]}, "11": {"maxiter": 1000, "fatol": 1e-10, "xatol": 1e-10, "duration": 0.2358860969543457, "fun": "0.2795911187500104", "nit": "504", "nfev": "879", "status": "0", "success": "True", "message": "Optimization terminated successfully.", "x": "[1.18616108 0.67222102 3.25419454 2.67090331 1.04093623 2.89675557]", "final_simplex": "(array([[1.18616108, 0.67222102, 3.25419454, 2.67090331, 1.04093623,\n        2.89675557],\n       [1.18616108, 0.67222102, 3.25419454, 2.67090331, 1.04093623,\n        2.89675557],\n       [1.18616108, 0.67222102, 3.25419454, 2.67090331, 1.04093623,\n        2.89675557],\n       [1.18616108, 0.67222102, 3.25419454, 2.67090331, 1.04093623,\n        2.89675557],\n       [1.18616108, 0.67222102, 3.25419454, 2.67090331, 1.04093623,\n        2.89675557],\n       [1.18616108, 0.67222102, 3.25419454, 2.67090331, 1.04093623,\n        2.89675557],\n       [1.18616108, 0.67222102, 3.25419454, 2.67090331, 1.04093623,\n        2.89675557]]), array([0.27959112, 0.27959112, 0.27959112, 0.27959112, 0.27959112,\n       0.27959112, 0.27959112]))", "callback": [0.6178259757430604, 0.4497594607628549, 0.35028156643685415, 0.32090780666017726, 0.3147691210256942, 0.30783697165918256, 0.3037313637903708, 0.3028288040060322, 0.30224209481031494, 0.2977749781480332, 0.28631085953559055, 0.2804219379774062, 0.28008498480036337, 0.2797989379450424, 0.27965749786293426, 0.2796166444993019, 0.27960324814180526, 0.27959903864779134, 0.27959729477422746, 0.279596639028456, 0.2795963144248357, 0.279595722596494, 0.2795942664595167, 0.27959344165560907, 0.27959320822808587, 0.2795927386514572, 0.27959198451119804, 0.2795913260159739, 0.2795912153102855, 0.2795911568156071, 0.2795911253948148, 0.2795911198951997, 0.279591119058175, 0.279591118893183, 0.2795911187976613, 0.27959111876196663, 0.2795911187531974, 0.27959111875075493, 0.2795911187502117, 0.27959111875006226, 0.2795911187500463, 0.27959111875003384, 0.27959111875002807, 0.2795911187500252, 0.2795911187500164, 0.2795911187500123, 0.27959111875001086, 0.27959111875001064, 0.2795911187500105, 0.2795911187500104]}}, "bfgs": {"type": "gradient", "0": {"maxiter": 100, "gtol": 1e-05, "xrtol": 1e-05, "eps": 1e-05, "duration": 0.0511469841003418, "fun": "0.2795911188639545", "jac": "[ 4.04922762e-06  1.35705891e-06  5.14588372e-08  2.90932833e-06\n -2.54309906e-06  2.41721088e-06]", "hess_inv": "[[ 3.25077057  0.0501836  -0.3879593  -0.77967442  0.11345732 -1.40793133]\n [ 0.0501836   3.40414293 -1.22825071  0.76145443  0.24723958 -0.65044104]\n [-0.3879593  -1.22825071  3.61610365 -0.48647445 -1.24360653 -0.32619927]\n [-0.77967442  0.76145443 -0.48647445  2.98439468  0.58355822  0.53965288]\n [ 0.11345732  0.24723958 -1.24360653  0.58355822 15.73263742 14.13033876]\n [-1.40793133 -0.65044104 -0.32619927  0.53965288 14.13033876 16.35508486]]", "nfev": "175", "njev": "25", "status": "0", "success": "True", "message": "Optimization terminated successfully.", "x": "[1.18616814 0.67222296 3.25419191 2.67090513 1.04088138 2.89670551]", "nit": "22", "callback": [0.2883589327063799, 0.27959112551859355]}, "1": {"maxiter": 100, "gtol": 1e-05, "xrtol": 1e-05, "eps": 1e-10, "duration": 0.04857206344604492, "fun": "0.2795911189001309", "jac": "[ 4.44089173e-06 -2.22044587e-06 -1.11022293e-06  4.44089173e-06\n -4.44089173e-06  4.44089173e-06]", "hess_inv": "[[ 3.26492914e+00  1.22830744e-01 -4.01468944e-01 -7.39592262e-01\n   4.95254798e-01 -1.07166735e+00]\n [ 1.22830744e-01  3.63130146e+00 -1.20793858e+00  8.08313048e-01\n   1.17820145e+00  1.25884046e-01]\n [-4.01468944e-01 -1.20793858e+00  3.58718574e+00 -4.21516712e-01\n  -8.91783731e-01  8.91136562e-03]\n [-7.39592262e-01  8.08313048e-01 -4.21516712e-01  2.81065390e+00\n  -9.47766652e-02 -1.76886000e-01]\n [ 4.95254798e-01  1.17820145e+00 -8.91783731e-01 -9.47766652e-02\n   1.53322548e+01  1.30859378e+01]\n [-1.07166735e+00  1.25884046e-01  8.91136562e-03 -1.76886000e-01\n   1.30859378e+01  1.47791423e+01]]", "nfev": "175", "njev": "25", "status": "0", "success": "True", "message": "Optimization terminated successfully.", "x": "[1.18616773 0.67221458 3.25419345 2.67091242 1.04088782 2.89672341]", "nit": "22", "callback": [0.2883593050969333, 0.279591125844841]}, "2": {"maxiter": 100, "gtol": 1e-05, "xrtol": 1e-10, "eps": 1e-05, "duration": 0.0484769344329834, "fun": "0.2795911188639545", "jac": "[ 4.04922762e-06  1.35705891e-06  5.14588372e-08  2.90932833e-06\n -2.54309906e-06  2.41721088e-06]", "hess_inv": "[[ 3.25077057  0.0501836  -0.3879593  -0.77967442  0.11345732 -1.40793133]\n [ 0.0501836   3.40414293 -1.22825071  0.76145443  0.24723958 -0.65044104]\n [-0.3879593  -1.22825071  3.61610365 -0.48647445 -1.24360653 -0.32619927]\n [-0.77967442  0.76145443 -0.48647445  2.98439468  0.58355822  0.53965288]\n [ 0.11345732  0.24723958 -1.24360653  0.58355822 15.73263742 14.13033876]\n [-1.40793133 -0.65044104 -0.32619927  0.53965288 14.13033876 16.35508486]]", "nfev": "175", "njev": "25", "status": "0", "success": "True", "message": "Optimization terminated successfully.", "x": "[1.18616814 0.67222296 3.25419191 2.67090513 1.04088138 2.89670551]", "nit": "22", "callback": [0.2883589327063799, 0.27959112551859355]}, "3": {"maxiter": 100, "gtol": 1e-05, "xrtol": 1e-10, "eps": 1e-10, "duration": 0.04866504669189453, "fun": "0.2795911189001309", "jac": "[ 4.44089173e-06 -2.22044587e-06 -1.11022293e-06  4.44089173e-06\n -4.44089173e-06  4.44089173e-06]", "hess_inv": "[[ 3.26492914e+00  1.22830744e-01 -4.01468944e-01 -7.39592262e-01\n   4.95254798e-01 -1.07166735e+00]\n [ 1.22830744e-01  3.63130146e+00 -1.20793858e+00  8.08313048e-01\n   1.17820145e+00  1.25884046e-01]\n [-4.01468944e-01 -1.20793858e+00  3.58718574e+00 -4.21516712e-01\n  -8.91783731e-01  8.91136562e-03]\n [-7.39592262e-01  8.08313048e-01 -4.21516712e-01  2.81065390e+00\n  -9.47766652e-02 -1.76886000e-01]\n [ 4.95254798e-01  1.17820145e+00 -8.91783731e-01 -9.47766652e-02\n   1.53322548e+01  1.30859378e+01]\n [-1.07166735e+00  1.25884046e-01  8.91136562e-03 -1.76886000e-01\n   1.30859378e+01  1.47791423e+01]]", "nfev": "175", "njev": "25", "status": "0", "success": "True", "message": "Optimization terminated successfully.", "x": "[1.18616773 0.67221458 3.25419345 2.67091242 1.04088782 2.89672341]", "nit": "22", "callback": [0.2883593050969333, 0.279591125844841]}, "4": {"maxiter": 100, "gtol": 1e-10, "xrtol": 1e-05, "eps": 1e-05, "duration": 0.05021214485168457, "fun": "0.2795911188492649", "jac": "[ 3.46933593e-07 -2.45414800e-07 -1.48692170e-07  4.68880490e-07\n -3.04978265e-07  2.75635070e-07]", "hess_inv": "[[ 3.53361821e+00  2.81634141e-01 -4.42332429e-01 -5.87450522e-01\n   1.13595905e-02 -1.47435963e+00]\n [ 2.81634141e-01  3.53545589e+00 -1.30775194e+00  9.90191270e-01\n   1.23245544e-01 -6.91208459e-01]\n [-4.42332429e-01 -1.30775194e+00  3.60545433e+00 -4.80363745e-01\n  -1.24836079e+00 -3.05237915e-01]\n [-5.87450522e-01  9.90191270e-01 -4.80363745e-01  3.02715111e+00\n   5.63927249e-01  4.77791406e-01]\n [ 1.13595905e-02  1.23245544e-01 -1.24836079e+00  5.63927249e-01\n   1.57413212e+01  1.41637815e+01]\n [-1.47435963e+00 -6.91208459e-01 -3.05237915e-01  4.77791406e-01\n   1.41637815e+01  1.63675060e+01]]", "nfev": "182", "njev": "26", "status": "0", "success": "True", "message": "Optimization terminated successfully.", "x": "[1.18615878 0.67221619 3.25419425 2.67089766 1.04088539 2.8967075 ]", "nit": "23", "callback": [0.2883589327063799, 0.27959112551859355]}, "5": {"maxiter": 100, "gtol": 1e-10, "xrtol": 1e-05, "eps": 1e-10, "duration": 0.05018496513366699, "fun": "0.27959111881526333", "jac": "[ 0.00000000e+00 -2.22044587e-06 -2.22044587e-06 -1.11022293e-06\n -4.44089173e-06 -2.22044587e-06]", "hess_inv": "[[ 3.43246407e+00  1.52889125e-01 -4.09290524e-01 -5.86776318e-01\n   5.69257028e-01 -8.62936305e-01]\n [ 1.52889125e-01  3.34528987e+00 -1.23642204e+00  9.61115954e-01\n   7.65317893e-01  2.46615904e-02]\n [-4.09290524e-01 -1.23642204e+00  3.58503435e+00 -4.16999089e-01\n  -9.34841627e-01 -1.37202673e-02]\n [-5.86776318e-01  9.61115954e-01 -4.16999089e-01  2.89609330e+00\n   1.56092141e-01  7.31744489e-02]\n [ 5.69257028e-01  7.65317893e-01 -9.34841627e-01  1.56092141e-01\n   1.47417094e+01  1.29753377e+01]\n [-8.62936305e-01  2.46615904e-02 -1.37202673e-02  7.31744489e-02\n   1.29753377e+01  1.49732089e+01]]", "nfev": "182", "njev": "26", "status": "0", "success": "True", "message": "Optimization terminated successfully.", "x": "[1.18616134 0.67221898 3.25419426 2.6709042  1.04089311 2.89671808]", "nit": "23", "callback": [0.2883593050969333, 0.279591125844841]}, "6": {"maxiter": 100, "gtol": 1e-10, "xrtol": 1e-10, "eps": 1e-05, "duration": 0.11045002937316895, "fun": "0.2795911188492649", "jac": "[ 3.46933593e-07 -2.45414800e-07 -1.48692170e-07  4.68880490e-07\n -3.04978265e-07  2.75635070e-07]", "hess_inv": "[[ 3.58391801  0.21774069 -0.47735847 -0.4680836  -0.04366174 -1.4528747 ]\n [ 0.21774069  3.41686169 -1.30800705  0.99651519  0.1263546  -0.65438827]\n [-0.47735847 -1.30800705  3.6198208  -0.52810205 -1.22500672 -0.30583727]\n [-0.4680836   0.99651519 -0.52810205  3.18552775  0.48616137  0.47808333]\n [-0.04366174  0.1263546  -1.22500672  0.48616137 15.77918072 14.1617135 ]\n [-1.4528747  -0.65438827 -0.30583727  0.47808333 14.1617135  16.35610642]]", "nfev": "403", "njev": "56", "status": "2", "success": "False", "message": "Desired error not necessarily achieved due to precision loss.", "x": "[1.18615878 0.67221619 3.25419425 2.67089766 1.04088539 2.8967075 ]", "nit": "23", "callback": [0.2883589327063799, 0.27959112551859355]}, "7": {"maxiter": 100, "gtol": 1e-10, "xrtol": 1e-10, "eps": 1e-10, "duration": 0.11240506172180176, "fun": "0.2795911187898994", "jac": "[2.22044587e-06 1.11022293e-06 1.11022293e-06 0.00000000e+00\n 1.11022293e-06 2.22044587e-06]", "hess_inv": "[[ 4.07337393 -0.23970058 -0.44934822 -0.27152191 -0.7026967  -1.43236157]\n [-0.23970058  3.40901144 -1.23354771  0.81010685  0.04212508 -0.98091251]\n [-0.44934822 -1.23354771  3.58331387 -0.40963616 -0.98865583 -0.07916844]\n [-0.27152191  0.81010685 -0.40963616  2.73529503 -0.82105244 -0.79108418]\n [-0.7026967   0.04212508 -0.98865583 -0.82105244  2.85227487  0.49125127]\n [-1.43236157 -0.98091251 -0.07916844 -0.79108418  0.49125127  2.41324186]]", "nfev": "411", "njev": "57", "status": "2", "success": "False", "message": "Desired error not necessarily achieved due to precision loss.", "x": "[1.18615753 0.67222247 3.2541948  2.6708999  1.0409055  2.89672394]", "nit": "24", "callback": [0.2883593050969333, 0.279591125844841]}, "8": {"maxiter": 500, "gtol": 1e-05, "xrtol": 1e-05, "eps": 1e-05, "duration": 0.04871225357055664, "fun": "0.2795911188639545", "jac": "[ 4.04922762e-06  1.35705891e-06  5.14588372e-08  2.90932833e-06\n -2.54309906e-06  2.41721088e-06]", "hess_inv": "[[ 3.25077057  0.0501836  -0.3879593  -0.77967442  0.11345732 -1.40793133]\n [ 0.0501836   3.40414293 -1.22825071  0.76145443  0.24723958 -0.65044104]\n [-0.3879593  -1.22825071  3.61610365 -0.48647445 -1.24360653 -0.32619927]\n [-0.77967442  0.76145443 -0.48647445  2.98439468  0.58355822  0.53965288]\n [ 0.11345732  0.24723958 -1.24360653  0.58355822 15.73263742 14.13033876]\n [-1.40793133 -0.65044104 -0.32619927  0.53965288 14.13033876 16.35508486]]", "nfev": "175", "njev": "25", "status": "0", "success": "True", "message": "Optimization terminated successfully.", "x": "[1.18616814 0.67222296 3.25419191 2.67090513 1.04088138 2.89670551]", "nit": "22", "callback": [0.2883589327063799, 0.27959112551859355]}, "9": {"maxiter": 500, "gtol": 1e-05, "xrtol": 1e-05, "eps": 1e-10, "duration": 0.04833793640136719, "fun": "0.2795911189001309", "jac": "[ 4.44089173e-06 -2.22044587e-06 -1.11022293e-06  4.44089173e-06\n -4.44089173e-06  4.44089173e-06]", "hess_inv": "[[ 3.26492914e+00  1.22830744e-01 -4.01468944e-01 -7.39592262e-01\n   4.95254798e-01 -1.07166735e+00]\n [ 1.22830744e-01  3.63130146e+00 -1.20793858e+00  8.08313048e-01\n   1.17820145e+00  1.25884046e-01]\n [-4.01468944e-01 -1.20793858e+00  3.58718574e+00 -4.21516712e-01\n  -8.91783731e-01  8.91136562e-03]\n [-7.39592262e-01  8.08313048e-01 -4.21516712e-01  2.81065390e+00\n  -9.47766652e-02 -1.76886000e-01]\n [ 4.95254798e-01  1.17820145e+00 -8.91783731e-01 -9.47766652e-02\n   1.53322548e+01  1.30859378e+01]\n [-1.07166735e+00  1.25884046e-01  8.91136562e-03 -1.76886000e-01\n   1.30859378e+01  1.47791423e+01]]", "nfev": "175", "njev": "25", "status": "0", "success": "True", "message": "Optimization terminated successfully.", "x": "[1.18616773 0.67221458 3.25419345 2.67091242 1.04088782 2.89672341]", "nit": "22", "callback": [0.2883593050969333, 0.279591125844841]}, "10": {"maxiter": 500, "gtol": 1e-05, "xrtol": 1e-10, "eps": 1e-05, "duration": 0.04815387725830078, "fun": "0.2795911188639545", "jac": "[ 4.04922762e-06  1.35705891e-06  5.14588372e-08  2.90932833e-06\n -2.54309906e-06  2.41721088e-06]", "hess_inv": "[[ 3.25077057  0.0501836  -0.3879593  -0.77967442  0.11345732 -1.40793133]\n [ 0.0501836   3.40414293 -1.22825071  0.76145443  0.24723958 -0.65044104]\n [-0.3879593  -1.22825071  3.61610365 -0.48647445 -1.24360653 -0.32619927]\n [-0.77967442  0.76145443 -0.48647445  2.98439468  0.58355822  0.53965288]\n [ 0.11345732  0.24723958 -1.24360653  0.58355822 15.73263742 14.13033876]\n [-1.40793133 -0.65044104 -0.32619927  0.53965288 14.13033876 16.35508486]]", "nfev": "175", "njev": "25", "status": "0", "success": "True", "message": "Optimization terminated successfully.", "x": "[1.18616814 0.67222296 3.25419191 2.67090513 1.04088138 2.89670551]", "nit": "22", "callback": [0.2883589327063799, 0.27959112551859355]}, "11": {"maxiter": 500, "gtol": 1e-05, "xrtol": 1e-10, "eps": 1e-10, "duration": 0.0482020378112793, "fun": "0.2795911189001309", "jac": "[ 4.44089173e-06 -2.22044587e-06 -1.11022293e-06  4.44089173e-06\n -4.44089173e-06  4.44089173e-06]", "hess_inv": "[[ 3.26492914e+00  1.22830744e-01 -4.01468944e-01 -7.39592262e-01\n   4.95254798e-01 -1.07166735e+00]\n [ 1.22830744e-01  3.63130146e+00 -1.20793858e+00  8.08313048e-01\n   1.17820145e+00  1.25884046e-01]\n [-4.01468944e-01 -1.20793858e+00  3.58718574e+00 -4.21516712e-01\n  -8.91783731e-01  8.91136562e-03]\n [-7.39592262e-01  8.08313048e-01 -4.21516712e-01  2.81065390e+00\n  -9.47766652e-02 -1.76886000e-01]\n [ 4.95254798e-01  1.17820145e+00 -8.91783731e-01 -9.47766652e-02\n   1.53322548e+01  1.30859378e+01]\n [-1.07166735e+00  1.25884046e-01  8.91136562e-03 -1.76886000e-01\n   1.30859378e+01  1.47791423e+01]]", "nfev": "175", "njev": "25", "status": "0", "success": "True", "message": "Optimization terminated successfully.", "x": "[1.18616773 0.67221458 3.25419345 2.67091242 1.04088782 2.89672341]", "nit": "22", "callback": [0.2883593050969333, 0.279591125844841]}, "12": {"maxiter": 500, "gtol": 1e-10, "xrtol": 1e-05, "eps": 1e-05, "duration": 0.04994797706604004, "fun": "0.2795911188492649", "jac": "[ 3.46933593e-07 -2.45414800e-07 -1.48692170e-07  4.68880490e-07\n -3.04978265e-07  2.75635070e-07]", "hess_inv": "[[ 3.53361821e+00  2.81634141e-01 -4.42332429e-01 -5.87450522e-01\n   1.13595905e-02 -1.47435963e+00]\n [ 2.81634141e-01  3.53545589e+00 -1.30775194e+00  9.90191270e-01\n   1.23245544e-01 -6.91208459e-01]\n [-4.42332429e-01 -1.30775194e+00  3.60545433e+00 -4.80363745e-01\n  -1.24836079e+00 -3.05237915e-01]\n [-5.87450522e-01  9.90191270e-01 -4.80363745e-01  3.02715111e+00\n   5.63927249e-01  4.77791406e-01]\n [ 1.13595905e-02  1.23245544e-01 -1.24836079e+00  5.63927249e-01\n   1.57413212e+01  1.41637815e+01]\n [-1.47435963e+00 -6.91208459e-01 -3.05237915e-01  4.77791406e-01\n   1.41637815e+01  1.63675060e+01]]", "nfev": "182", "njev": "26", "status": "0", "success": "True", "message": "Optimization terminated successfully.", "x": "[1.18615878 0.67221619 3.25419425 2.67089766 1.04088539 2.8967075 ]", "nit": "23", "callback": [0.2883589327063799, 0.27959112551859355]}, "13": {"maxiter": 500, "gtol": 1e-10, "xrtol": 1e-05, "eps": 1e-10, "duration": 0.04991483688354492, "fun": "0.27959111881526333", "jac": "[ 0.00000000e+00 -2.22044587e-06 -2.22044587e-06 -1.11022293e-06\n -4.44089173e-06 -2.22044587e-06]", "hess_inv": "[[ 3.43246407e+00  1.52889125e-01 -4.09290524e-01 -5.86776318e-01\n   5.69257028e-01 -8.62936305e-01]\n [ 1.52889125e-01  3.34528987e+00 -1.23642204e+00  9.61115954e-01\n   7.65317893e-01  2.46615904e-02]\n [-4.09290524e-01 -1.23642204e+00  3.58503435e+00 -4.16999089e-01\n  -9.34841627e-01 -1.37202673e-02]\n [-5.86776318e-01  9.61115954e-01 -4.16999089e-01  2.89609330e+00\n   1.56092141e-01  7.31744489e-02]\n [ 5.69257028e-01  7.65317893e-01 -9.34841627e-01  1.56092141e-01\n   1.47417094e+01  1.29753377e+01]\n [-8.62936305e-01  2.46615904e-02 -1.37202673e-02  7.31744489e-02\n   1.29753377e+01  1.49732089e+01]]", "nfev": "182", "njev": "26", "status": "0", "success": "True", "message": "Optimization terminated successfully.", "x": "[1.18616134 0.67221898 3.25419426 2.6709042  1.04089311 2.89671808]", "nit": "23", "callback": [0.2883593050969333, 0.279591125844841]}, "14": {"maxiter": 500, "gtol": 1e-10, "xrtol": 1e-10, "eps": 1e-05, "duration": 0.10980081558227539, "fun": "0.2795911188492649", "jac": "[ 3.46933593e-07 -2.45414800e-07 -1.48692170e-07  4.68880490e-07\n -3.04978265e-07  2.75635070e-07]", "hess_inv": "[[ 3.58391801  0.21774069 -0.47735847 -0.4680836  -0.04366174 -1.4528747 ]\n [ 0.21774069  3.41686169 -1.30800705  0.99651519  0.1263546  -0.65438827]\n [-0.47735847 -1.30800705  3.6198208  -0.52810205 -1.22500672 -0.30583727]\n [-0.4680836   0.99651519 -0.52810205  3.18552775  0.48616137  0.47808333]\n [-0.04366174  0.1263546  -1.22500672  0.48616137 15.77918072 14.1617135 ]\n [-1.4528747  -0.65438827 -0.30583727  0.47808333 14.1617135  16.35610642]]", "nfev": "403", "njev": "56", "status": "2", "success": "False", "message": "Desired error not necessarily achieved due to precision loss.", "x": "[1.18615878 0.67221619 3.25419425 2.67089766 1.04088539 2.8967075 ]", "nit": "23", "callback": [0.2883589327063799, 0.27959112551859355]}, "15": {"maxiter": 500, "gtol": 1e-10, "xrtol": 1e-10, "eps": 1e-10, "duration": 0.11198282241821289, "fun": "0.2795911187898994", "jac": "[2.22044587e-06 1.11022293e-06 1.11022293e-06 0.00000000e+00\n 1.11022293e-06 2.22044587e-06]", "hess_inv": "[[ 4.07337393 -0.23970058 -0.44934822 -0.27152191 -0.7026967  -1.43236157]\n [-0.23970058  3.40901144 -1.23354771  0.81010685  0.04212508 -0.98091251]\n [-0.44934822 -1.23354771  3.58331387 -0.40963616 -0.98865583 -0.07916844]\n [-0.27152191  0.81010685 -0.40963616  2.73529503 -0.82105244 -0.79108418]\n [-0.7026967   0.04212508 -0.98865583 -0.82105244  2.85227487  0.49125127]\n [-1.43236157 -0.98091251 -0.07916844 -0.79108418  0.49125127  2.41324186]]", "nfev": "411", "njev": "57", "status": "2", "success": "False", "message": "Desired error not necessarily achieved due to precision loss.", "x": "[1.18615753 0.67222247 3.2541948  2.6708999  1.0409055  2.89672394]", "nit": "24", "callback": [0.2883593050969333, 0.279591125844841]}, "16": {"maxiter": 1000, "gtol": 1e-05, "xrtol": 1e-05, "eps": 1e-05, "duration": 0.04801797866821289, "fun": "0.2795911188639545", "jac": "[ 4.04922762e-06  1.35705891e-06  5.14588372e-08  2.90932833e-06\n -2.54309906e-06  2.41721088e-06]", "hess_inv": "[[ 3.25077057  0.0501836  -0.3879593  -0.77967442  0.11345732 -1.40793133]\n [ 0.0501836   3.40414293 -1.22825071  0.76145443  0.24723958 -0.65044104]\n [-0.3879593  -1.22825071  3.61610365 -0.48647445 -1.24360653 -0.32619927]\n [-0.77967442  0.76145443 -0.48647445  2.98439468  0.58355822  0.53965288]\n [ 0.11345732  0.24723958 -1.24360653  0.58355822 15.73263742 14.13033876]\n [-1.40793133 -0.65044104 -0.32619927  0.53965288 14.13033876 16.35508486]]", "nfev": "175", "njev": "25", "status": "0", "success": "True", "message": "Optimization terminated successfully.", "x": "[1.18616814 0.67222296 3.25419191 2.67090513 1.04088138 2.896705