{"date": "2024/09/12/, 01:08:16", "conf_id": 12, "data_type": "random\n", "num_data_points": 1, "s_rank": 0, "unitary": "[[0.18663085-0.53122324j,-0.11886349-0.70040876j,0.28555095-0.02789305j,-0.12262021-0.2844587j],[-0.16702216+0.27758472j,0.27526351-0.29738586j,-0.01109314+0.22495461j,-0.77239203+0.28900673j],[0.61935415+0.12301792j,-0.31269928-0.03315917j,-0.61902762-0.19039079j,-0.27120731-0.0968989j],[0.42341754+0.0023929j,-0.05847358+0.47832119j,0.64900495-0.16218422j,-0.37182676-0.05229966j]]", "databatch_0": {"databatch": "[[[0.37499282-0.1988711j,-0.09805211+0.51312565j,-0.06018494-0.1195844j,0.01312463+0.17626814j],[-0.18377631-0.13956889j,-0.13231969+0.24612149j,-0.22095146+0.05001798j,-0.16555035+0.06802536j],[0.10817082+0.07249202j,-0.16364044-0.05995084j,0.09724384-0.07431174j,0.13547491+0.13020586j],[0.18773009-0.00895319j,0.26216462-0.05488097j,0.17452986+0.02131652j,0.05918097+0.20967497j]]]", "initial param values": "[0.81256981,2.9236691,1.96052087,4.69819333,4.36195934,2.9935506]", "nelder_mead": {"type": "gradient-free", "0": {"maxiter": 100, "fatol": 1e-05, "xatol": 1e-05, "duration": 0.04492592811584473, "fun": "0.31395379276537805", "nit": "100", "nfev": "155", "status": "2", "success": "False", "message": "Maximum number of iterations has been exceeded.", "x": "[0.09204357 3.24044703 1.44495171 4.2601227  4.78943882 5.3475269 ]", "final_simplex": "(array([[0.09204357, 3.24044703, 1.44495171, 4.2601227 , 4.78943882,\n        5.3475269 ],\n       [0.16383087, 3.24564147, 1.3137962 , 4.26650851, 4.77785164,\n        5.41457699],\n       [0.18933606, 3.26589001, 1.3422393 , 4.22336902, 4.72758623,\n        5.37441892],\n       [0.09852334, 3.4750297 , 1.34077215, 4.30602584, 4.75847821,\n        5.31950254],\n       [0.18301257, 3.44404472, 1.30197637, 4.40657648, 4.62710678,\n        5.30791589],\n       [0.2251546 , 3.3817976 , 1.31961091, 4.32393775, 4.75048114,\n        5.26981451],\n       [0.22223335, 3.47743293, 1.27482934, 4.31859607, 4.80003971,\n        5.39428428]]), array([0.31395379, 0.31514531, 0.31555391, 0.31832744, 0.32000857,\n       0.32118051, 0.32355479]))", "callback": [0.6470797895099861, 0.559083040885101, 0.37147579223815885, 0.34792232977602533, 0.33883000765977744, 0.33459780974301956, 0.33053009896666163, 0.3282547843186815, 0.3259055579257807]}, "1": {"maxiter": 100, "fatol": 1e-05, "xatol": 1e-10, "duration": 0.04354095458984375, "fun": "0.31395379276537805", "nit": "100", "nfev": "155", "status": "2", "success": "False", "message": "Maximum number of iterations has been exceeded.", "x": "[0.09204357 3.24044703 1.44495171 4.2601227  4.78943882 5.3475269 ]", "final_simplex": "(array([[0.09204357, 3.24044703, 1.44495171, 4.2601227 , 4.78943882,\n        5.3475269 ],\n       [0.16383087, 3.24564147, 1.3137962 , 4.26650851, 4.77785164,\n        5.41457699],\n       [0.18933606, 3.26589001, 1.3422393 , 4.22336902, 4.72758623,\n        5.37441892],\n       [0.09852334, 3.4750297 , 1.34077215, 4.30602584, 4.75847821,\n        5.31950254],\n       [0.18301257, 3.44404472, 1.30197637, 4.40657648, 4.62710678,\n        5.30791589],\n       [0.2251546 , 3.3817976 , 1.31961091, 4.32393775, 4.75048114,\n        5.26981451],\n       [0.22223335, 3.47743293, 1.27482934, 4.31859607, 4.80003971,\n        5.39428428]]), array([0.31395379, 0.31514531, 0.31555391, 0.31832744, 0.32000857,\n       0.32118051, 0.32355479]))", "callback": [0.6470797895099861, 0.559083040885101, 0.37147579223815885, 0.34792232977602533, 0.33883000765977744, 0.33459780974301956, 0.33053009896666163, 0.3282547843186815, 0.3259055579257807]}, "2": {"maxiter": 100, "fatol": 1e-10, "xatol": 1e-05, "duration": 0.04233503341674805, "fun": "0.31395379276537805", "nit": "100", "nfev": "155", "status": "2", "success": "False", "message": "Maximum number of iterations has been exceeded.", "x": "[0.09204357 3.24044703 1.44495171 4.2601227  4.78943882 5.3475269 ]", "final_simplex": "(array([[0.09204357, 3.24044703, 1.44495171, 4.2601227 , 4.78943882,\n        5.3475269 ],\n       [0.16383087, 3.24564147, 1.3137962 , 4.26650851, 4.77785164,\n        5.41457699],\n       [0.18933606, 3.26589001, 1.3422393 , 4.22336902, 4.72758623,\n        5.37441892],\n       [0.09852334, 3.4750297 , 1.34077215, 4.30602584, 4.75847821,\n        5.31950254],\n       [0.18301257, 3.44404472, 1.30197637, 4.40657648, 4.62710678,\n        5.30791589],\n       [0.2251546 , 3.3817976 , 1.31961091, 4.32393775, 4.75048114,\n        5.26981451],\n       [0.22223335, 3.47743293, 1.27482934, 4.31859607, 4.80003971,\n        5.39428428]]), array([0.31395379, 0.31514531, 0.31555391, 0.31832744, 0.32000857,\n       0.32118051, 0.32355479]))", "callback": [0.6470797895099861, 0.559083040885101, 0.37147579223815885, 0.34792232977602533, 0.33883000765977744, 0.33459780974301956, 0.33053009896666163, 0.3282547843186815, 0.3259055579257807]}, "3": {"maxiter": 100, "fatol": 1e-10, "xatol": 1e-10, "duration": 0.04409599304199219, "fun": "0.31395379276537805", "nit": "100", "nfev": "155", "status": "2", "success": "False", "message": "Maximum number of iterations has been exceeded.", "x": "[0.09204357 3.24044703 1.44495171 4.2601227  4.78943882 5.3475269 ]", "final_simplex": "(array([[0.09204357, 3.24044703, 1.44495171, 4.2601227 , 4.78943882,\n        5.3475269 ],\n       [0.16383087, 3.24564147, 1.3137962 , 4.26650851, 4.77785164,\n        5.41457699],\n       [0.18933606, 3.26589001, 1.3422393 , 4.22336902, 4.72758623,\n        5.37441892],\n       [0.09852334, 3.4750297 , 1.34077215, 4.30602584, 4.75847821,\n        5.31950254],\n       [0.18301257, 3.44404472, 1.30197637, 4.40657648, 4.62710678,\n        5.30791589],\n       [0.2251546 , 3.3817976 , 1.31961091, 4.32393775, 4.75048114,\n        5.26981451],\n       [0.22223335, 3.47743293, 1.27482934, 4.31859607, 4.80003971,\n        5.39428428]]), array([0.31395379, 0.31514531, 0.31555391, 0.31832744, 0.32000857,\n       0.32118051, 0.32355479]))", "callback": [0.6470797895099861, 0.559083040885101, 0.37147579223815885, 0.34792232977602533, 0.33883000765977744, 0.33459780974301956, 0.33053009896666163, 0.3282547843186815, 0.3259055579257807]}, "4": {"maxiter": 500, "fatol": 1e-05, "xatol": 1e-05, "duration": 0.20282292366027832, "fun": "0.28780474732909445", "nit": "459", "nfev": "718", "status": "0", "success": "True", "message": "Optimization terminated successfully.", "x": "[-0.47172914  3.70696264  0.59440376  3.90865172  4.40389411  5.64370777]", "final_simplex": "(array([[-0.47172914,  3.70696264,  0.59440376,  3.90865172,  4.40389411,\n         5.64370777],\n       [-0.47173159,  3.7069636 ,  0.59440394,  3.90865398,  4.40390124,\n         5.643716  ],\n       [-0.47173063,  3.7069645 ,  0.594403  ,  3.90865322,  4.40389961,\n         5.64370947],\n       [-0.47172168,  3.70696268,  0.59440987,  3.90865606,  4.4038961 ,\n         5.64369984],\n       [-0.47172696,  3.70696314,  0.59440122,  3.90865087,  4.40389934,\n         5.64370991],\n       [-0.47173063,  3.70697097,  0.59439763,  3.90865281,  4.40389556,\n         5.64370622],\n       [-0.4717214 ,  3.70696961,  0.59440212,  3.90866151,  4.40389943,\n         5.64370405]]), array([0.28780475, 0.28780475, 0.28780475, 0.28780475, 0.28780475,\n       0.28780475, 0.28780475]))", "callback": [0.6470797895099861, 0.559083040885101, 0.37147579223815885, 0.34792232977602533, 0.33883000765977744, 0.33459780974301956, 0.33053009896666163, 0.3282547843186815, 0.3259055579257807, 0.30807272856010526, 0.29950710320388707, 0.29677565279789286, 0.29614378135499997, 0.29610553025801123, 0.2960032409610075, 0.29591722301222, 0.2957890817972074, 0.295534014305438, 0.29509728729896967, 0.29483021691060307, 0.2947254618638776, 0.29437819784883534, 0.2930514198779888, 0.28963538342332296, 0.2887890363395387, 0.2884394876577451, 0.2882222902998286, 0.28805772933905605, 0.2880149635663207, 0.2879810565231471, 0.28793378343817067, 0.28788538296822896, 0.28786820909286837, 0.2878136669652923, 0.2878081291759016, 0.2878055076218229, 0.2878048436987626, 0.2878047650853315, 0.287804753659602, 0.28780474970279535, 0.2878047475262595, 0.2878047475262595, 0.28780474737086637, 0.2878047473551003, 0.2878047473363514]}, "5": {"maxiter": 500, "fatol": 1e-05, "xatol": 1e-10, "duration": 0.21492290496826172, "fun": "0.2878047473252068", "nit": "500", "nfev": "784", "status": "2", "success": "False", "message": "Maximum number of iterations has been exceeded.", "x": "[-0.47172997  3.70695982  0.59440778  3.90865499  4.40389329  5.64370732]", "final_simplex": "(array([[-0.47172997,  3.70695982,  0.59440778,  3.90865499,  4.40389329,\n         5.64370732],\n       [-0.4717298 ,  3.70696034,  0.59440773,  3.90865563,  4.40389197,\n         5.64370745],\n       [-0.47173034,  3.70696023,  0.59440715,  3.9086544 ,  4.40389307,\n         5.64370813],\n       [-0.47172935,  3.70695984,  0.59440835,  3.90865555,  4.40389363,\n         5.64370822],\n       [-0.47173013,  3.70696125,  0.59440714,  3.90865502,  4.4038926 ,\n         5.6437073 ],\n       [-0.4717284 ,  3.70696126,  0.59440777,  3.90865651,  4.4038933 ,\n         5.64370676],\n       [-0.47173149,  3.70696181,  0.59440546,  3.90865472,  4.40389313,\n         5.64370905]]), array([0.28780475, 0.28780475, 0.28780475, 0.28780475, 0.28780475,\n       0.28780475, 0.28780475]))", "callback": [0.6470797895099861, 0.559083040885101, 0.37147579223815885, 0.34792232977602533, 0.33883000765977744, 0.33459780974301956, 0.33053009896666163, 0.3282547843186815, 0.3259055579257807, 0.30807272856010526, 0.29950710320388707, 0.29677565279789286, 0.29614378135499997, 0.29610553025801123, 0.2960032409610075, 0.29591722301222, 0.2957890817972074, 0.295534014305438, 0.29509728729896967, 0.29483021691060307, 0.2947254618638776, 0.29437819784883534, 0.2930514198779888, 0.28963538342332296, 0.2887890363395387, 0.2884394876577451, 0.2882222902998286, 0.28805772933905605, 0.2880149635663207, 0.2879810565231471, 0.28793378343817067, 0.28788538296822896, 0.28786820909286837, 0.2878136669652923, 0.2878081291759016, 0.2878055076218229, 0.2878048436987626, 0.2878047650853315, 0.287804753659602, 0.28780474970279535, 0.2878047475262595, 0.2878047475262595, 0.28780474737086637, 0.2878047473551003, 0.2878047473363514, 0.28780474732909445, 0.28780474732786576, 0.2878047473268667, 0.28780474732567995]}, "6": {"maxiter": 500, "fatol": 1e-10, "xatol": 1e-05, "duration": 0.201401948928833, "fun": "0.28780474732909445", "nit": "459", "nfev": "718", "status": "0", "success": "True", "message": "Optimization terminated successfully.", "x": "[-0.47172914  3.70696264  0.59440376  3.90865172  4.40389411  5.64370777]", "final_simplex": "(array([[-0.47172914,  3.70696264,  0.59440376,  3.90865172,  4.40389411,\n         5.64370777],\n       [-0.47173159,  3.7069636 ,  0.59440394,  3.90865398,  4.40390124,\n         5.643716  ],\n       [-0.47173063,  3.7069645 ,  0.594403  ,  3.90865322,  4.40389961,\n         5.64370947],\n       [-0.47172168,  3.70696268,  0.59440987,  3.90865606,  4.4038961 ,\n         5.64369984],\n       [-0.47172696,  3.70696314,  0.59440122,  3.90865087,  4.40389934,\n         5.64370991],\n       [-0.47173063,  3.70697097,  0.59439763,  3.90865281,  4.40389556,\n         5.64370622],\n       [-0.4717214 ,  3.70696961,  0.59440212,  3.90866151,  4.40389943,\n         5.64370405]]), array([0.28780475, 0.28780475, 0.28780475, 0.28780475, 0.28780475,\n       0.28780475, 0.28780475]))", "callback": [0.6470797895099861, 0.559083040885101, 0.37147579223815885, 0.34792232977602533, 0.33883000765977744, 0.33459780974301956, 0.33053009896666163, 0.3282547843186815, 0.3259055579257807, 0.30807272856010526, 0.29950710320388707, 0.29677565279789286, 0.29614378135499997, 0.29610553025801123, 0.2960032409610075, 0.29591722301222, 0.2957890817972074, 0.295534014305438, 0.29509728729896967, 0.29483021691060307, 0.2947254618638776, 0.29437819784883534, 0.2930514198779888, 0.28963538342332296, 0.2887890363395387, 0.2884394876577451, 0.2882222902998286, 0.28805772933905605, 0.2880149635663207, 0.2879810565231471, 0.28793378343817067, 0.28788538296822896, 0.28786820909286837, 0.2878136669652923, 0.2878081291759016, 0.2878055076218229, 0.2878048436987626, 0.2878047650853315, 0.287804753659602, 0.28780474970279535, 0.2878047475262595, 0.2878047475262595, 0.28780474737086637, 0.2878047473551003, 0.2878047473363514]}, "7": {"maxiter": 500, "fatol": 1e-10, "xatol": 1e-10, "duration": 0.21357393264770508, "fun": "0.2878047473252068", "nit": "500", "nfev": "784", "status": "2", "success": "False", "message": "Maximum number of iterations has been exceeded.", "x": "[-0.47172997  3.70695982  0.59440778  3.90865499  4.40389329  5.64370732]", "final_simplex": "(array([[-0.47172997,  3.70695982,  0.59440778,  3.90865499,  4.40389329,\n         5.64370732],\n       [-0.4717298 ,  3.70696034,  0.59440773,  3.90865563,  4.40389197,\n         5.64370745],\n       [-0.47173034,  3.70696023,  0.59440715,  3.9086544 ,  4.40389307,\n         5.64370813],\n       [-0.47172935,  3.70695984,  0.59440835,  3.90865555,  4.40389363,\n         5.64370822],\n       [-0.47173013,  3.70696125,  0.59440714,  3.90865502,  4.4038926 ,\n         5.6437073 ],\n       [-0.4717284 ,  3.70696126,  0.59440777,  3.90865651,  4.4038933 ,\n         5.64370676],\n       [-0.47173149,  3.70696181,  0.59440546,  3.90865472,  4.40389313,\n         5.64370905]]), array([0.28780475, 0.28780475, 0.28780475, 0.28780475, 0.28780475,\n       0.28780475, 0.28780475]))", "callback": [0.6470797895099861, 0.559083040885101, 0.37147579223815885, 0.34792232977602533, 0.33883000765977744, 0.33459780974301956, 0.33053009896666163, 0.3282547843186815, 0.3259055579257807, 0.30807272856010526, 0.29950710320388707, 0.29677565279789286, 0.29614378135499997, 0.29610553025801123, 0.2960032409610075, 0.29591722301222, 0.2957890817972074, 0.295534014305438, 0.29509728729896967, 0.29483021691060307, 0.2947254618638776, 0.29437819784883534, 0.2930514198779888, 0.28963538342332296, 0.2887890363395387, 0.2884394876577451, 0.2882222902998286, 0.28805772933905605, 0.2880149635663207, 0.2879810565231471, 0.28793378343817067, 0.28788538296822896, 0.28786820909286837, 0.2878136669652923, 0.2878081291759016, 0.2878055076218229, 0.2878048436987626, 0.2878047650853315, 0.287804753659602, 0.28780474970279535, 0.2878047475262595, 0.2878047475262595, 0.28780474737086637, 0.2878047473551003, 0.2878047473363514, 0.28780474732909445, 0.28780474732786576, 0.2878047473268667, 0.28780474732567995]}, "8": {"maxiter": 1000, "fatol": 1e-05, "xatol": 1e-05, "duration": 0.20081710815429688, "fun": "0.28780474732909445", "nit": "459", "nfev": "718", "status": "0", "success": "True", "message": "Optimization terminated successfully.", "x": "[-0.47172914  3.70696264  0.59440376  3.90865172  4.40389411  5.64370777]", "final_simplex": "(array([[-0.47172914,  3.70696264,  0.59440376,  3.90865172,  4.40389411,\n         5.64370777],\n       [-0.47173159,  3.7069636 ,  0.59440394,  3.90865398,  4.40390124,\n         5.643716  ],\n       [-0.47173063,  3.7069645 ,  0.594403  ,  3.90865322,  4.40389961,\n         5.64370947],\n       [-0.47172168,  3.70696268,  0.59440987,  3.90865606,  4.4038961 ,\n         5.64369984],\n       [-0.47172696,  3.70696314,  0.59440122,  3.90865087,  4.40389934,\n         5.64370991],\n       [-0.47173063,  3.70697097,  0.59439763,  3.90865281,  4.40389556,\n         5.64370622],\n       [-0.4717214 ,  3.70696961,  0.59440212,  3.90866151,  4.40389943,\n         5.64370405]]), array([0.28780475, 0.28780475, 0.28780475, 0.28780475, 0.28780475,\n       0.28780475, 0.28780475]))", "callback": [0.6470797895099861, 0.559083040885101, 0.37147579223815885, 0.34792232977602533, 0.33883000765977744, 0.33459780974301956, 0.33053009896666163, 0.3282547843186815, 0.3259055579257807, 0.30807272856010526, 0.29950710320388707, 0.29677565279789286, 0.29614378135499997, 0.29610553025801123, 0.2960032409610075, 0.29591722301222, 0.2957890817972074, 0.295534014305438, 0.29509728729896967, 0.29483021691060307, 0.2947254618638776, 0.29437819784883534, 0.2930514198779888, 0.28963538342332296, 0.2887890363395387, 0.2884394876577451, 0.2882222902998286, 0.28805772933905605, 0.2880149635663207, 0.2879810565231471, 0.28793378343817067, 0.28788538296822896, 0.28786820909286837, 0.2878136669652923, 0.2878081291759016, 0.2878055076218229, 0.2878048436987626, 0.2878047650853315, 0.287804753659602, 0.28780474970279535, 0.2878047475262595, 0.2878047475262595, 0.28780474737086637, 0.2878047473551003, 0.2878047473363514]}, "9": {"maxiter": 1000, "fatol": 1e-05, "xatol": 1e-10, "duration": 0.27717089653015137, "fun": "0.28780474732484684", "nit": "600", "nfev": "996", "status": "0", "success": "True", "message": "Optimization terminated successfully.", "x": "[-0.47173024  3.70695835  0.59440869  3.90865574  4.40389231  5.64370698]", "final_simplex": "(array([[-0.47173024,  3.70695835,  0.59440869,  3.90865574,  4.40389231,\n         5.64370698],\n       [-0.47173024,  3.70695835,  0.59440869,  3.90865574,  4.40389231,\n         5.64370698],\n       [-0.47173024,  3.70695835,  0.59440869,  3.90865574,  4.40389231,\n         5.64370698],\n       [-0.47173024,  3.70695835,  0.59440869,  3.90865574,  4.40389231,\n         5.64370698],\n       [-0.47173024,  3.70695835,  0.59440869,  3.90865574,  4.40389231,\n         5.64370698],\n       [-0.47173024,  3.70695835,  0.59440869,  3.90865574,  4.40389231,\n         5.64370698],\n       [-0.47173024,  3.70695835,  0.59440869,  3.90865574,  4.40389231,\n         5.64370698]]), array([0.28780475, 0.28780475, 0.28780475, 0.28780475, 0.28780475,\n       0.28780475, 0.28780475]))", "callback": [0.6470797895099861, 0.559083040885101, 0.37147579223815885, 0.34792232977602533, 0.33883000765977744, 0.33459780974301956, 0.33053009896666163, 0.3282547843186815, 0.3259055579257807, 0.30807272856010526, 0.29950710320388707, 0.29677565279789286, 0.29614378135499997, 0.29610553025801123, 0.2960032409610075, 0.29591722301222, 0.2957890817972074, 0.295534014305438, 0.29509728729896967, 0.29483021691060307, 0.2947254618638776, 0.29437819784883534, 0.2930514198779888, 0.28963538342332296, 0.2887890363395387, 0.2884394876577451, 0.2882222902998286, 0.28805772933905605, 0.2880149635663207, 0.2879810565231471, 0.28793378343817067, 0.28788538296822896, 0.28786820909286837, 0.2878136669652923, 0.2878081291759016, 0.2878055076218229, 0.2878048436987626, 0.2878047650853315, 0.287804753659602, 0.28780474970279535, 0.2878047475262595, 0.2878047475262595, 0.28780474737086637, 0.2878047473551003, 0.2878047473363514, 0.28780474732909445, 0.28780474732786576, 0.2878047473268667, 0.28780474732567995, 0.2878047473252068, 0.2878047473249722, 0.287804747324905, 0.28780474732486205, 0.2878047473248503, 0.2878047473248475, 0.2878047473248472, 0.28780474732484684, 0.28780474732484684, 0.28780474732484684, 0.28780474732484684]}, "10": {"maxiter": 1000, "fatol": 1e-10, "xatol": 1e-05, "duration": 0.199660062789917, "fun": "0.28780474732909445", "nit": "459", "nfev": "718", "status": "0", "success": "True", "message": "Optimization terminated successfully.", "x": "[-0.47172914  3.70696264  0.59440376  3.90865172  4.40389411  5.64370777]", "final_simplex": "(array([[-0.47172914,  3.70696264,  0.59440376,  3.90865172,  4.40389411,\n         5.64370777],\n       [-0.47173159,  3.7069636 ,  0.59440394,  3.90865398,  4.40390124,\n         5.643716  ],\n       [-0.47173063,  3.7069645 ,  0.594403  ,  3.90865322,  4.40389961,\n         5.64370947],\n       [-0.47172168,  3.70696268,  0.59440987,  3.90865606,  4.4038961 ,\n         5.64369984],\n       [-0.47172696,  3.70696314,  0.59440122,  3.90865087,  4.40389934,\n         5.64370991],\n       [-0.47173063,  3.70697097,  0.59439763,  3.90865281,  4.40389556,\n         5.64370622],\n       [-0.4717214 ,  3.70696961,  0.59440212,  3.90866151,  4.40389943,\n         5.64370405]]), array([0.28780475, 0.28780475, 0.28780475, 0.28780475, 0.28780475,\n       0.28780475, 0.28780475]))", "callback": [0.6470797895099861, 0.559083040885101, 0.37147579223815885, 0.34792232977602533, 0.33883000765977744, 0.33459780974301956, 0.33053009896666163, 0.3282547843186815, 0.3259055579257807, 0.30807272856010526, 0.29950710320388707, 0.29677565279789286, 0.29614378135499997, 0.29610553025801123, 0.2960032409610075, 0.29591722301222, 0.2957890817972074, 0.295534014305438, 0.29509728729896967, 0.29483021691060307, 0.2947254618638776, 0.29437819784883534, 0.2930514198779888, 0.28963538342332296, 0.2887890363395387, 0.2884394876577451, 0.2882222902998286, 0.28805772933905605, 0.2880149635663207, 0.2879810565231471, 0.28793378343817067, 0.28788538296822896, 0.28786820909286837, 0.2878136669652923, 0.2878081291759016, 0.2878055076218229, 0.2878048436987626, 0.2878047650853315, 0.287804753659602, 0.28780474970279535, 0.2878047475262595, 0.2878047475262595, 0.28780474737086637, 0.2878047473551003, 0.2878047473363514]}, "11": {"maxiter": 1000, "fatol": 1e-10, "xatol": 1e-10, "duration": 0.27803635597229004, "fun": "0.28780474732484684", "nit": "600", "nfev": "996", "status": "0", "success": "True", "message": "Optimization terminated successfully.", "x": "[-0.47173024  3.70695835  0.59440869  3.90865574  4.40389231  5.64370698]", "final_simplex": "(array([[-0.47173024,  3.70695835,  0.59440869,  3.90865574,  4.40389231,\n         5.64370698],\n       [-0.47173024,  3.70695835,  0.59440869,  3.90865574,  4.40389231,\n         5.64370698],\n       [-0.47173024,  3.70695835,  0.59440869,  3.90865574,  4.40389231,\n         5.64370698],\n       [-0.47173024,  3.70695835,  0.59440869,  3.90865574,  4.40389231,\n         5.64370698],\n       [-0.47173024,  3.70695835,  0.59440869,  3.90865574,  4.40389231,\n         5.64370698],\n       [-0.47173024,  3.70695835,  0.59440869,  3.90865574,  4.40389231,\n         5.64370698],\n       [-0.47173024,  3.70695835,  0.59440869,  3.90865574,  4.40389231,\n         5.64370698]]), array([0.28780475, 0.28780475, 0.28780475, 0.28780475, 0.28780475,\n       0.28780475, 0.28780475]))", "callback": [0.6470797895099861, 0.559083040885101, 0.37147579223815885, 0.34792232977602533, 0.33883000765977744, 0.33459780974301956, 0.33053009896666163, 0.3282547843186815, 0.3259055579257807, 0.30807272856010526, 0.29950710320388707, 0.29677565279789286, 0.29614378135499997, 0.29610553025801123, 0.2960032409610075, 0.29591722301222, 0.2957890817972074, 0.295534014305438, 0.29509728729896967, 0.29483021691060307, 0.2947254618638776, 0.29437819784883534, 0.2930514198779888, 0.28963538342332296, 0.2887890363395387, 0.2884394876577451, 0.2882222902998286, 0.28805772933905605, 0.2880149635663207, 0.2879810565231471, 0.28793378343817067, 0.28788538296822896, 0.28786820909286837, 0.2878136669652923, 0.2878081291759016, 0.2878055076218229, 0.2878048436987626, 0.2878047650853315, 0.287804753659602, 0.28780474970279535, 0.2878047475262595, 0.2878047475262595, 0.28780474737086637, 0.2878047473551003, 0.2878047473363514, 0.28780474732909445, 0.28780474732786576, 0.2878047473268667, 0.28780474732567995, 0.2878047473252068, 0.2878047473249722, 0.287804747324905, 0.28780474732486205, 0.2878047473248503, 0.2878047473248475, 0.2878047473248472, 0.28780474732484684, 0.28780474732484684, 0.28780474732484684, 0.28780474732484684]}}, "bfgs": {"type": "gradient", "0": {"maxiter": 100, "gtol": 1e-05, "xrtol": 1e-05, "eps": 1e-05, "duration": 0.052738189697265625, "fun": "0.28780474738454886", "jac": "[-1.48859813e-06  4.57369698e-06  4.22087920e-06  6.00175465e-07\n  8.71902550e-07  6.43762821e-07]", "hess_inv": "[[  9.08524967  -1.35171374   5.04115547   4.51258946   3.04334677\n   -4.79815313]\n [ -1.35171374  13.88229088 -13.66568552  -0.07865021  -2.37846612\n   -0.08349691]\n [  5.04115547 -13.66568552  17.63521814   2.73392909   2.83417004\n   -3.41940909]\n [  4.51258946  -0.07865021   2.73392909   5.30104578   0.42044117\n   -3.83756904]\n [  3.04334677  -2.37846612   2.83417004   0.42044117   6.23273389\n    1.9068657 ]\n [ -4.79815313  -0.08349691  -3.41940909  -3.83756904   1.9068657\n    7.77113453]]", "nfev": "189", "njev": "27", "status": "0", "success": "True", "message": "Optimization terminated successfully.", "x": "[-0.47175317  3.70696958  0.59439995  3.90864614  4.40387079  5.64370137]", "nit": "22", "callback": [0.29118508854372016, 0.28780476499613505]}, "1": {"maxiter": 100, "gtol": 1e-05, "xrtol": 1e-05, "eps": 1e-10, "duration": 0.05270123481750488, "fun": "0.2878047473799695", "jac": "[-4.44089173e-06  4.44089173e-06  4.44089173e-06  0.00000000e+00\n  2.22044587e-06  2.22044587e-06]", "hess_inv": "[[  8.28106333  -1.04960252   4.31781738   3.92764753   2.52327446\n   -4.55051716]\n [ -1.04960252  14.75823253 -14.1805468    0.15806475  -1.96216785\n    0.18693259]\n [  4.31781738 -14.1805468   17.61142398   2.18881576   2.20693642\n   -3.4742541 ]\n [  3.92764753   0.15806475   2.18881576   4.93510885  -0.02533649\n   -3.69219201]\n [  2.52327446  -1.96216785   2.20693642  -0.02533649   6.0337996\n    2.19448457]\n [ -4.55051716   0.18693259  -3.4742541   -3.69219201   2.19448457\n    7.84776174]]", "nfev": "189", "njev": "27", "status": "0", "success": "True", "message": "Optimization terminated successfully.", "x": "[-0.4717451   3.70695914  0.59441913  3.908657    4.40387887  5.64370059]", "nit": "22", "callback": [0.2911853449508939, 0.28780475825126706]}, "2": {"maxiter": 100, "gtol": 1e-05, "xrtol": 1e-10, "eps": 1e-05, "duration": 0.052484750747680664, "fun": "0.28780474738454886", "jac": "[-1.48859813e-06  4.57369698e-06  4.22087920e-06  6.00175465e-07\n  8.71902550e-07  6.43762821e-07]", "hess_inv": "[[  9.08524967  -1.35171374   5.04115547   4.51258946   3.04334677\n   -4.79815313]\n [ -1.35171374  13.88229088 -13.66568552  -0.07865021  -2.37846612\n   -0.08349691]\n [  5.04115547 -13.66568552  17.63521814   2.73392909   2.83417004\n   -3.41940909]\n [  4.51258946  -0.07865021   2.73392909   5.30104578   0.42044117\n   -3.83756904]\n [  3.04334677  -2.37846612   2.83417004   0.42044117   6.23273389\n    1.9068657 ]\n [ -4.79815313  -0.08349691  -3.41940909  -3.83756904   1.9068657\n    7.77113453]]", "nfev": "189", "njev": "27", "status": "0", "success": "True", "message": "Optimization terminated successfully.", "x": "[-0.47175317  3.70696958  0.59439995  3.90864614  4.40387079  5.64370137]", "nit": "22", "callback": [0.29118508854372016, 0.28780476499613505]}, "3": {"maxiter": 100, "gtol": 1e-05, "xrtol": 1e-10, "eps": 1e-10, "duration": 0.05233502388000488, "fun": "0.2878047473799695", "jac": "[-4.44089173e-06  4.44089173e-06  4.44089173e-06  0.00000000e+00\n  2.22044587e-06  2.22044587e-06]", "hess_inv": "[[  8.28106333  -1.04960252   4.31781738   3.92764753   2.52327446\n   -4.55051716]\n [ -1.04960252  14.75823253 -14.1805468    0.15806475  -1.96216785\n    0.18693259]\n [  4.31781738 -14.1805468   17.61142398   2.18881576   2.20693642\n   -3.4742541 ]\n [  3.92764753   0.15806475   2.18881576   4.93510885  -0.02533649\n   -3.69219201]\n [  2.52327446  -1.96216785   2.20693642  -0.02533649   6.0337996\n    2.19448457]\n [ -4.55051716   0.18693259  -3.4742541   -3.69219201   2.19448457\n    7.84776174]]", "nfev": "189", "njev": "27", "status": "0", "success": "True", "message": "Optimization terminated successfully.", "x": "[-0.4717451   3.70695914  0.59441913  3.908657    4.40387887  5.64370059]", "nit": "22", "callback": [0.2911853449508939, 0.28780475825126706]}, "4": {"maxiter": 100, "gtol": 1e-10, "xrtol": 1e-05, "eps": 1e-05, "duration": 0.052484989166259766, "fun": "0.28780474738454886", "jac": "[-1.48859813e-06  4.57369698e-06  4.22087920e-06  6.00175465e-07\n  8.71902550e-07  6.43762821e-07]", "hess_inv": "[[  9.08524967  -1.35171374   5.04115547   4.51258946   3.04334677\n   -4.79815313]\n [ -1.35171374  13.88229088 -13.66568552  -0.07865021  -2.37846612\n   -0.08349691]\n [  5.04115547 -13.66568552  17.63521814   2.73392909   2.83417004\n   -3.41940909]\n [  4.51258946  -0.07865021   2.73392909   5.30104578   0.42044117\n   -3.83756904]\n [  3.04334677  -2.37846612   2.83417004   0.42044117   6.23273389\n    1.9068657 ]\n [ -4.79815313  -0.08349691  -3.41940909  -3.83756904   1.9068657\n    7.77113453]]", "nfev": "189", "njev": "27", "status": "0", "success": "True", "message": "Optimization terminated successfully.", "x": "[-0.47175317  3.70696958  0.59439995  3.90864614  4.40387079  5.64370137]", "nit": "22", "callback": [0.29118508854372016, 0.28780476499613505]}, "5": {"maxiter": 100, "gtol": 1e-10, "xrtol": 1e-05, "eps": 1e-10, "duration": 0.05398988723754883, "fun": "0.2878047473799695", "jac": "[-4.44089173e-06  4.44089173e-06  4.44089173e-06  0.00000000e+00\n  2.22044587e-06  2.22044587e-06]", "hess_inv": "[[  8.28106333  -1.04960252   4.31781738   3.92764753   2.52327446\n   -4.55051716]\n [ -1.04960252  14.75823253 -14.1805468    0.15806475  -1.96216785\n    0.18693259]\n [  4.31781738 -14.1805468   17.61142398   2.18881576   2.20693642\n   -3.4742541 ]\n [  3.92764753   0.15806475   2.18881576   4.93510885  -0.02533649\n   -3.69219201]\n [  2.52327446  -1.96216785   2.20693642  -0.02533649   6.0337996\n    2.19448457]\n [ -4.55051716   0.18693259  -3.4742541   -3.69219201   2.19448457\n    7.84776174]]", "nfev": "189", "njev": "27", "status": "0", "success": "True", "message": "Optimization terminated successfully.", "x": "[-0.4717451   3.70695914  0.59441913  3.908657    4.40387887  5.64370059]", "nit": "22", "callback": [0.2911853449508939, 0.28780475825126706]}, "6": {"maxiter": 100, "gtol": 1e-10, "xrtol": 1e-10, "eps": 1e-05, "duration": 0.12499094009399414, "fun": "0.2878047473797336", "jac": "[-1.16828769e-06  3.42326167e-06  3.19164695e-06  6.72395473e-07\n  6.70374867e-07  5.81823478e-07]", "hess_inv": "[[  9.18483767  -0.74848543   5.02857561   4.6923203    3.21673859\n   -4.83458587]\n [ -0.74848543  13.77113301 -12.3750865    0.99012822  -1.82410296\n   -0.38555786]\n [  5.02857561 -12.3750865   17.13801438   2.72651992   2.99787555\n   -3.37584711]\n [  4.6923203    0.99012822   2.72651992   5.60039027   0.71352037\n   -3.93282183]\n [  3.21673859  -1.82410296   2.99787555   0.71352037   6.45739468\n    1.81261489]\n [ -4.83458587  -0.38555786  -3.37584711  -3.93282183   1.81261489\n    7.74878841]]", "nfev": "452", "njev": "63", "status": "2", "success": "False", "message": "Desired error not necessarily achieved due to precision loss.", "x": "[-0.47175456  3.7069667   0.59439796  3.9086442   4.40386947  5.64370261]", "nit": "23", "callback": [0.29118508854372016, 0.28780476499613505]}, "7": {"maxiter": 100, "gtol": 1e-10, "xrtol": 1e-10, "eps": 1e-10, "duration": 0.0758059024810791, "fun": "0.28780474737228856", "jac": "[1.11022293e-06 3.33066880e-06 4.44089173e-06 3.33066880e-06\n 1.11022293e-06 0.00000000e+00]", "hess_inv": "[[  3.43320599  -2.5462398    2.32282259  -0.40580421   1.4352501\n   -1.89122194]\n [ -2.5462398   16.85320087 -14.11077431   0.51298      0.61079616\n    3.72018135]\n [  2.32282259 -14.11077431  16.21671755   0.20592282   1.87395259\n   -2.28960783]\n [ -0.40580421   0.51298      0.20592282   1.61836326   0.35390146\n   -0.06904117]\n [  1.4352501    0.61079616   1.87395259   0.35390146   8.51455279\n    5.31742359]\n [ -1.89122194   3.72018135  -2.28960783  -0.06904117   5.31742359\n    8.73032751]]", "nfev": "273", "njev": "39", "status": "0", "success": "True", "message": "Optimization terminated successfully.", "x": "[-0.47173694  3.70695288  0.59442366  3.90866152  4.40387381  5.64368977]", "nit": "24", "callback": [0.2911853449508939, 0.28780475825126706]}, "8": {"maxiter": 500, "gtol": 1e-05, "xrtol": 1e-05, "eps": 1e-05, "duration": 0.052824974060058594, "fun": "0.28780474738454886", "jac": "[-1.48859813e-06  4.57369698e-06  4.22087920e-06  6.00175465e-07\n  8.71902550e-07  6.43762821e-07]", "hess_inv": "[[  9.08524967  -1.35171374   5.04115547   4.51258946   3.04334677\n   -4.79815313]\n [ -1.35171374  13.88229088 -13.66568552  -0.07865021  -2.37846612\n   -0.08349691]\n [  5.04115547 -13.66568552  17.63521814   2.73392909   2.83417004\n   -3.41940909]\n [  4.51258946  -0.07865021   2.73392909   5.30104578   0.42044117\n   -3.83756904]\n [  3.04334677  -2.37846612   2.83417004   0.42044117   6.23273389\n    1.9068657 ]\n [ -4.79815313  -0.08349691  -3.41940909  -3.83756904   1.9068657\n    7.77113453]]", "nfev": "189", "njev": "27", "status": "0", "success": "True", "message": "Optimization terminated successfully.", "x": "[-0.47175317  3.70696958  0.59439995  3.90864614  4.40387079  5.64370137]", "nit": "22", "callback": [0.29118508854372016, 0.28780476499613505]}, "9": {"maxiter": 500, "gtol": 1e-05, "xrtol": 1e-05, "eps": 1e-10, "duration": 0.052741050720214844, "fun": "0.2878047473799695", "jac": "[-4.44089173e-06  4.44089173e-06  4.44089173e-06  0.00000000e+00\n  2.22044587e-06  2.22044587e-06]", "hess_inv": "[[  8.28106333  -1.04960252   4.31781738   3.92764753   2.52327446\n   -4.55051716]\n [ -1.04960252  14.75823253 -14.1805468    0.15806475  -1.96216785\n    0.18693259]\n [  4.31781738 -14.1805468   17.61142398   2.18881576   2.20693642\n   -3.4742541 ]\n [  3.92764753   0.15806475   2.18881576   4.93510885  -0.02533649\n   -3.69219201]\n [  2.52327446  -1.96216785   2.20693642  -0.02533649   6.0337996\n    2.19448457]\n [ -4.55051716   0.18693259  -3.4742541   -3.69219201   2.19448457\n    7.84776174]]", "nfev": "189", "njev": "27", "status": "0", "success": "True", "message": "Optimization terminated successfully.", "x": "[-0.4717451   3.70695914  0.59441913  3.908657    4.40387887  5.64370059]", "nit": "22", "callback": [0.2911853449508939, 0.28780475825126706]}, "10": {"maxiter": 500, "gtol": 1e-05, "xrtol": 1e-10, "eps": 1e-05, "duration": 0.05256199836730957, "fun": "0.28780474738454886", "jac": "[-1.48859813e-06  4.57369698e-06  4.22087920e-06  6.00175465e-07\n  8.71902550e-07  6.43762821e-07]", "hess_inv": "[[  9.08524967  -1.35171374   5.04115547   4.51258946   3.04334677\n   -4.79815313]\n [ -1.35171374  13.88229088 -13.66568552  -0.07865021  -2.37846612\n   -0.08349691]\n [  5.04115547 -13.66568552  17.63521814   2.73392909   2.83417004\n   -3.41940909]\n [  4.51258946  -0.07865021   2.73392909   5.30104578   0.42044117\n   -3.83756904]\n [  3.04334677  -2.37846612   2.83417004   0.42044117   6.23273389\n    1.9068657 ]\n [ -4.79815313  -0.08349691  -3.41940909  -3.83756904   1.9068657\n    7.77113453]]", "nfev": "189", "njev": "27", "status": "0", "success": "True", "message": "Optimization terminated successfully.", "x": "[-0.47175317  3.70696958  0.59439995  3.90864614  4.40387079  5.64370137]", "nit": "22", "callback": [0.29118508854372016, 0.28780476499613505]}, "11": {"maxiter": 500, "gtol": 1e-05, "xrtol": 1e-10, "eps": 1e-10, "duration": 0.0531010627746582, "fun": "0.2878047473799695", "jac": "[-4.44089173e-06  4.44089173e-06  4.44089173e-06  0.00000000e+00\n  2.22044587e-06  2.22044587e-06]", "hess_inv": "[[  8.28106333  -1.04960252   4.31781738   3.92764753   2.52327446\n   -4.55051716]\n [ -1.04960252  14.75823253 -14.1805468    0.15806475  -1.96216785\n    0.18693259]\n [  4.31781738 -14.1805468   17.61142398   2.18881576   2.20693642\n   -3.4742541 ]\n [  3.92764753   0.15806475   2.18881576   4.93510885  -0.02533649\n   -3.69219201]\n [  2.52327446  -1.96216785   2.20693642  -0.02533649   6.0337996\n    2.19448457]\n [ -4.55051716   0.18693259  -3.4742541   -3.69219201   2.19448457\n    7.84776174]]", "nfev": "189", "njev": "27", "status": "0", "success": "True", "message": "Optimization terminated successfully.", "x": "[-0.4717451   3.70695914  0.59441913  3.908657    4.40387887  5.64370059]", "nit": "22", "callback": [0.2911853449508939, 0.28780475825126706]}, "12": {"maxiter": 500, "gtol": 1e-10, "xrtol": 1e-05, "eps": 1e-05, "duration": 0.05283784866333008, "fun": "0.28780474738454886", "jac": "[-1.48859813e-06  4.57369698e-06  4.22087920e-06  6.00175465e-07\n  8.71902550e-07  6.43762821e-07]", "hess_inv": "[[  9.08524967  -1.35171374   5.04115547   4.51258946   3.04334677\n   -4.79815313]\n [ -1.35171374  13.88229088 -13.66568552  -0.07865021  -2.37846612\n   -0.08349691]\n [  5.04115547 -13.66568552  17.63521814   2.73392909   2.83417004\n   -3.41940909]\n [  4.51258946  -0.07865021   2.73392909   5.30104578   0.42044117\n   -3.83756904]\n [  3.04334677  -2.37846612   2.83417004   0.42044117   6.23273389\n    1.9068657 ]\n [ -4.79815313  -0.08349691  -3.41940909  -3.83756904   1.9068657\n    7.77113453]]", "nfev": "189", "njev": "27", "status": "0", "success": "True", "message": "Optimization terminated successfully.", "x": "[-0.47175317  3.70696958  0.59439995  3.90864614  4.40387079  5.64370137]", "nit": "22", "callback": [0.29118508854372016, 0.28780476499613505]}, "13": {"maxiter": 500, "gtol": 1e-10, "xrtol": 1e-05, "eps": 1e-10, "duration": 0.0536348819732666, "fun": "0.2878047473799695", "jac": "[-4.44089173e-06  4.44089173e-06  4.44089173e-06  0.00000000e+00\n  2.22044587e-06  2.22044587e-06]", "hess_inv": "[[  8.28106333  -1.04960252   4.31781738   3.92764753   2.52327446\n   -4.55051716]\n [ -1.04960252  14.75823253 -14.1805468    0.15806475  -1.96216785\n    0.18693259]\n [  4.31781738 -14.1805468   17.61142398   2.18881576   2.20693642\n   -3.4742541 ]\n [  3.92764753   0.15806475   2.18881576   4.93510885  -0.02533649\n   -3.69219201]\n [  2.52327446  -1.96216785   2.20693642  -0.02533649   6.0337996\n    2.19448457]\n [ -4.55051716   0.18693259  -3.4742541   -3.69219201   2.19448457\n    7.84776174]]", "nfev": "189", "njev": "27", "status": "0", "success": "True", "message": "Optimization terminated successfully.", "x": "[-0.4717451   3.70695914  0.59441913  3.908657    4.40387887  5.64370059]", "nit": "22", "callback": [0.2911853449508939, 0.28780475825126706]}, "14": {"maxiter": 500, "gtol": 1e-10, "xrtol": 1e-10, "eps": 1e-05, "duration": 0.1255640983581543, "fun": "0.2878047473797336", "jac": "[-1.16828769e-06  3.42326167e-06  3.19164695e-06  6.72395473e-07\n  6.70374867e-07  5.81823478e-07]", "hess_inv": "[[  9.18483767  -0.74848543   5.02857561   4.6923203    3.21673859\n   -4.83458587]\n [ -0.74848543  13.77113301 -12.3750865    0.99012822  -1.82410296\n   -0.38555786]\n [  5.02857561 -12.3750865   17.13801438   2.72651992   2.99787555\n   -3.37584711]\n [  4.6923203    0.99012822   2.72651992   5.60039027   0.71352037\n   -3.93282183]\n [  3.21673859  -1.82410296   2.99787555   0.71352037   6.45739468\n    1.81261489]\n [ -4.83458587  -0.38555786  -3.37584711  -3.93282183   1.81261489\n    7.74878841]]", "nfev": "452", "njev": "63", "status": "2", "success": "False", "message": "Desired error not necessarily achieved due to precision loss.", "x": "[-0.47175456  3.7069667   0.59439796  3.9086442   4.40386947  5.64370261]", "nit": "23", "callback": [0.29118508854372016, 0.28780476499613505]}, "15": {"maxiter": 500, "gtol": 1e-10, "xrtol": 1e-10, "eps": 1e-10, "duration": 0.07615303993225098, "fun": "0.28780474737228856", "jac": "[1.11022293e-06 3.33066880e-06 4.44089173e-06 3.33066880e-06\n 1.11022293e-06 0.00000000e+00]", "hess_inv": "[[  3.43320599  -2.5462398    2.32282259  -0.40580421   1.4352501\n   -1.89122194]\n [ -2.5462398   16.85320087 -14.11077431   0.51298      0.61079616\n    3.72018135]\n [  2.32282259 -14.11077431  16.21671755   0.20592282   1.87395259\n   -2.28960783]\n [ -0.40580421   0.51298      0.20592282   1.61836326   0.35390146\n   -0.06904117]\n [  1.4352501    0.61079616   1.87395259   0.35390146   8.51455279\n    5.31742359]\n [ -1.89122194   3.72018135  -2.28960783  -0.06904117   5.31742359\n    8.73032751]]", "nfev": "273", "njev": "39", "status": "0", "success": "True", "message": "Optimization terminated successfully.", "x": "[-0.47173694  3.70695288  0.59442366  3.90866152  4.40387381  5.64368977]", "nit": "24", "callback": [0.2911853449508939, 0.28780475825126706]}, "16": {"maxiter": 1000, "gtol": 1e-05, "xrtol": 1e-05, "eps": 1e-05, "duration": 0.05335235595703125, 