{"date": "2024/09/12/, 00:49:27", "conf_id": 6, "data_type": "random\n", "num_data_points": 1, "s_rank": 0, "unitary": "[[-0.56303964-0.00798273j,-0.21670212-0.15784972j,-0.06047197-0.73952673j,-0.01438004+0.24552571j],[-0.06976756+0.23474685j,-0.01275565-0.5435098j,-0.02703657-0.08917885j,-0.08210486-0.79311774j],[-0.38559961+0.10714929j,0.5933431-0.2687392j,-0.24060861+0.29149289j,-0.45147719+0.26241743j],[-0.50180421+0.45931857j,-0.11617175+0.44134496j,0.49642745+0.22684508j,-0.08544628-0.15407063j]]", "databatch_0": {"databatch": "[[[0.11096773-0.07836851j,-0.19388433+0.09069114j,0.08827422-0.08731563j,0.1920038+0.10781195j],[0.07523734-0.21089263j,-0.17451617+0.34913665j,-0.04069336-0.16236217j,0.29306809-0.20220965j],[0.03763085+0.15366371j,-0.11536663-0.22454734j,-0.07401196-0.02583415j,0.15126961-0.08239015j],[0.23619754-0.05822173j,-0.25955159+0.15063308j,0.08449099+0.24417336j,-0.41708822+0.00241639j]]]", "initial param values": "[5.12336446,0.09928136,2.801986,3.70807569,2.72994865,2.00552668]", "nelder_mead": {"type": "gradient-free", "0": {"maxiter": 100, "fatol": 1e-05, "xatol": 1e-05, "duration": 0.04605388641357422, "fun": "0.23497861902972184", "nit": "100", "nfev": "162", "status": "2", "success": "False", "message": "Maximum number of iterations has been exceeded.", "x": "[6.21854763 0.10669824 0.19479182 5.30922612 3.69838539 2.54170447]", "final_simplex": "(array([[6.21854763, 0.10669824, 0.19479182, 5.30922612, 3.69838539,\n        2.54170447],\n       [6.19843727, 0.10632088, 0.19876233, 5.29854476, 3.69508872,\n        2.54413748],\n       [6.21836851, 0.1061716 , 0.17115926, 5.29427102, 3.71225074,\n        2.54218197],\n       [6.2060324 , 0.10622888, 0.20114914, 5.28936411, 3.69637952,\n        2.55841149],\n       [6.20098818, 0.10654282, 0.1826493 , 5.30909266, 3.68469557,\n        2.53815632],\n       [6.22781341, 0.10614663, 0.17980827, 5.2905592 , 3.69592104,\n        2.54617662],\n       [6.18769975, 0.10628789, 0.18026113, 5.31352643, 3.68710526,\n        2.56774456]]), array([0.23497862, 0.23508404, 0.23517248, 0.23518489, 0.23522778,\n       0.23529409, 0.23529774]))", "callback": [0.8507825182951272, 0.26227333195878944, 0.26227333195878944, 0.2516944573639628, 0.24113847719289094, 0.23701794747780547, 0.23568867491679035, 0.2354685863475212, 0.2353162649221764]}, "1": {"maxiter": 100, "fatol": 1e-05, "xatol": 1e-10, "duration": 0.04482221603393555, "fun": "0.23497861902972184", "nit": "100", "nfev": "162", "status": "2", "success": "False", "message": "Maximum number of iterations has been exceeded.", "x": "[6.21854763 0.10669824 0.19479182 5.30922612 3.69838539 2.54170447]", "final_simplex": "(array([[6.21854763, 0.10669824, 0.19479182, 5.30922612, 3.69838539,\n        2.54170447],\n       [6.19843727, 0.10632088, 0.19876233, 5.29854476, 3.69508872,\n        2.54413748],\n       [6.21836851, 0.1061716 , 0.17115926, 5.29427102, 3.71225074,\n        2.54218197],\n       [6.2060324 , 0.10622888, 0.20114914, 5.28936411, 3.69637952,\n        2.55841149],\n       [6.20098818, 0.10654282, 0.1826493 , 5.30909266, 3.68469557,\n        2.53815632],\n       [6.22781341, 0.10614663, 0.17980827, 5.2905592 , 3.69592104,\n        2.54617662],\n       [6.18769975, 0.10628789, 0.18026113, 5.31352643, 3.68710526,\n        2.56774456]]), array([0.23497862, 0.23508404, 0.23517248, 0.23518489, 0.23522778,\n       0.23529409, 0.23529774]))", "callback": [0.8507825182951272, 0.26227333195878944, 0.26227333195878944, 0.2516944573639628, 0.24113847719289094, 0.23701794747780547, 0.23568867491679035, 0.2354685863475212, 0.2353162649221764]}, "2": {"maxiter": 100, "fatol": 1e-10, "xatol": 1e-05, "duration": 0.04537010192871094, "fun": "0.23497861902972184", "nit": "100", "nfev": "162", "status": "2", "success": "False", "message": "Maximum number of iterations has been exceeded.", "x": "[6.21854763 0.10669824 0.19479182 5.30922612 3.69838539 2.54170447]", "final_simplex": "(array([[6.21854763, 0.10669824, 0.19479182, 5.30922612, 3.69838539,\n        2.54170447],\n       [6.19843727, 0.10632088, 0.19876233, 5.29854476, 3.69508872,\n        2.54413748],\n       [6.21836851, 0.1061716 , 0.17115926, 5.29427102, 3.71225074,\n        2.54218197],\n       [6.2060324 , 0.10622888, 0.20114914, 5.28936411, 3.69637952,\n        2.55841149],\n       [6.20098818, 0.10654282, 0.1826493 , 5.30909266, 3.68469557,\n        2.53815632],\n       [6.22781341, 0.10614663, 0.17980827, 5.2905592 , 3.69592104,\n        2.54617662],\n       [6.18769975, 0.10628789, 0.18026113, 5.31352643, 3.68710526,\n        2.56774456]]), array([0.23497862, 0.23508404, 0.23517248, 0.23518489, 0.23522778,\n       0.23529409, 0.23529774]))", "callback": [0.8507825182951272, 0.26227333195878944, 0.26227333195878944, 0.2516944573639628, 0.24113847719289094, 0.23701794747780547, 0.23568867491679035, 0.2354685863475212, 0.2353162649221764]}, "3": {"maxiter": 100, "fatol": 1e-10, "xatol": 1e-10, "duration": 0.044068098068237305, "fun": "0.23497861902972184", "nit": "100", "nfev": "162", "status": "2", "success": "False", "message": "Maximum number of iterations has been exceeded.", "x": "[6.21854763 0.10669824 0.19479182 5.30922612 3.69838539 2.54170447]", "final_simplex": "(array([[6.21854763, 0.10669824, 0.19479182, 5.30922612, 3.69838539,\n        2.54170447],\n       [6.19843727, 0.10632088, 0.19876233, 5.29854476, 3.69508872,\n        2.54413748],\n       [6.21836851, 0.1061716 , 0.17115926, 5.29427102, 3.71225074,\n        2.54218197],\n       [6.2060324 , 0.10622888, 0.20114914, 5.28936411, 3.69637952,\n        2.55841149],\n       [6.20098818, 0.10654282, 0.1826493 , 5.30909266, 3.68469557,\n        2.53815632],\n       [6.22781341, 0.10614663, 0.17980827, 5.2905592 , 3.69592104,\n        2.54617662],\n       [6.18769975, 0.10628789, 0.18026113, 5.31352643, 3.68710526,\n        2.56774456]]), array([0.23497862, 0.23508404, 0.23517248, 0.23518489, 0.23522778,\n       0.23529409, 0.23529774]))", "callback": [0.8507825182951272, 0.26227333195878944, 0.26227333195878944, 0.2516944573639628, 0.24113847719289094, 0.23701794747780547, 0.23568867491679035, 0.2354685863475212, 0.2353162649221764]}, "4": {"maxiter": 500, "fatol": 1e-05, "xatol": 1e-05, "duration": 0.20598387718200684, "fun": "0.16645065391026492", "nit": "500", "nfev": "759", "status": "2", "success": "False", "message": "Maximum number of iterations has been exceeded.", "x": "[ 5.66356069 -1.6073458   1.93110472  5.27830693  4.00395339  2.2724321 ]", "final_simplex": "(array([[ 5.66356069, -1.6073458 ,  1.93110472,  5.27830693,  4.00395339,\n         2.2724321 ],\n       [ 5.66406755, -1.60493264,  1.92875485,  5.27807905,  4.00099558,\n         2.27509218],\n       [ 5.66438422, -1.60470988,  1.92893394,  5.27652584,  4.00133307,\n         2.27588154],\n       [ 5.6633668 , -1.60679249,  1.93186827,  5.27711769,  4.00391977,\n         2.27354741],\n       [ 5.66256599, -1.60778723,  1.9322193 ,  5.27675452,  4.00288702,\n         2.27518167],\n       [ 5.66362102, -1.60742126,  1.93092067,  5.27777659,  4.00274066,\n         2.2743625 ],\n       [ 5.66299201, -1.60422344,  1.92759027,  5.27927028,  4.00333665,\n         2.27334715]]), array([0.16645065, 0.16645088, 0.16645102, 0.16645112, 0.16645115,\n       0.16645116, 0.16645118]))", "callback": [0.8507825182951272, 0.26227333195878944, 0.26227333195878944, 0.2516944573639628, 0.24113847719289094, 0.23701794747780547, 0.23568867491679035, 0.2354685863475212, 0.2353162649221764, 0.23497861902972184, 0.2343676478049015, 0.23425135425963095, 0.2342288665525294, 0.2342242445775704, 0.2342218146164734, 0.23421963601374274, 0.2342189033924884, 0.23421879760154385, 0.23421834858425683, 0.23421828704938363, 0.23421805950898855, 0.23421781020374932, 0.23421697304331057, 0.2342141390365785, 0.23420439871290766, 0.23417856602292297, 0.2341572914882496, 0.23414440162634031, 0.23411895410697858, 0.2340702279891631, 0.23385785146276195, 0.23294169038078605, 0.22935808905089283, 0.22198916421928372, 0.2134450136963646, 0.21214400965339109, 0.20954309629691048, 0.2042314366216721, 0.19652201951622206, 0.18668368141853653, 0.1802059056711166, 0.1718062615256375, 0.1678268737122821, 0.16675583494379698, 0.1665591236743904, 0.16649845522052853, 0.16645995177319461, 0.1664524396843846, 0.16645160906192757]}, "5": {"maxiter": 500, "fatol": 1e-05, "xatol": 1e-10, "duration": 0.20544791221618652, "fun": "0.16645065391026492", "nit": "500", "nfev": "759", "status": "2", "success": "False", "message": "Maximum number of iterations has been exceeded.", "x": "[ 5.66356069 -1.6073458   1.93110472  5.27830693  4.00395339  2.2724321 ]", "final_simplex": "(array([[ 5.66356069, -1.6073458 ,  1.93110472,  5.27830693,  4.00395339,\n         2.2724321 ],\n       [ 5.66406755, -1.60493264,  1.92875485,  5.27807905,  4.00099558,\n         2.27509218],\n       [ 5.66438422, -1.60470988,  1.92893394,  5.27652584,  4.00133307,\n         2.27588154],\n       [ 5.6633668 , -1.60679249,  1.93186827,  5.27711769,  4.00391977,\n         2.27354741],\n       [ 5.66256599, -1.60778723,  1.9322193 ,  5.27675452,  4.00288702,\n         2.27518167],\n       [ 5.66362102, -1.60742126,  1.93092067,  5.27777659,  4.00274066,\n         2.2743625 ],\n       [ 5.66299201, -1.60422344,  1.92759027,  5.27927028,  4.00333665,\n         2.27334715]]), array([0.16645065, 0.16645088, 0.16645102, 0.16645112, 0.16645115,\n       0.16645116, 0.16645118]))", "callback": [0.8507825182951272, 0.26227333195878944, 0.26227333195878944, 0.2516944573639628, 0.24113847719289094, 0.23701794747780547, 0.23568867491679035, 0.2354685863475212, 0.2353162649221764, 0.23497861902972184, 0.2343676478049015, 0.23425135425963095, 0.2342288665525294, 0.2342242445775704, 0.2342218146164734, 0.23421963601374274, 0.2342189033924884, 0.23421879760154385, 0.23421834858425683, 0.23421828704938363, 0.23421805950898855, 0.23421781020374932, 0.23421697304331057, 0.2342141390365785, 0.23420439871290766, 0.23417856602292297, 0.2341572914882496, 0.23414440162634031, 0.23411895410697858, 0.2340702279891631, 0.23385785146276195, 0.23294169038078605, 0.22935808905089283, 0.22198916421928372, 0.2134450136963646, 0.21214400965339109, 0.20954309629691048, 0.2042314366216721, 0.19652201951622206, 0.18668368141853653, 0.1802059056711166, 0.1718062615256375, 0.1678268737122821, 0.16675583494379698, 0.1665591236743904, 0.16649845522052853, 0.16645995177319461, 0.1664524396843846, 0.16645160906192757]}, "6": {"maxiter": 500, "fatol": 1e-10, "xatol": 1e-05, "duration": 0.21314525604248047, "fun": "0.16645065391026492", "nit": "500", "nfev": "759", "status": "2", "success": "False", "message": "Maximum number of iterations has been exceeded.", "x": "[ 5.66356069 -1.6073458   1.93110472  5.27830693  4.00395339  2.2724321 ]", "final_simplex": "(array([[ 5.66356069, -1.6073458 ,  1.93110472,  5.27830693,  4.00395339,\n         2.2724321 ],\n       [ 5.66406755, -1.60493264,  1.92875485,  5.27807905,  4.00099558,\n         2.27509218],\n       [ 5.66438422, -1.60470988,  1.92893394,  5.27652584,  4.00133307,\n         2.27588154],\n       [ 5.6633668 , -1.60679249,  1.93186827,  5.27711769,  4.00391977,\n         2.27354741],\n       [ 5.66256599, -1.60778723,  1.9322193 ,  5.27675452,  4.00288702,\n         2.27518167],\n       [ 5.66362102, -1.60742126,  1.93092067,  5.27777659,  4.00274066,\n         2.2743625 ],\n       [ 5.66299201, -1.60422344,  1.92759027,  5.27927028,  4.00333665,\n         2.27334715]]), array([0.16645065, 0.16645088, 0.16645102, 0.16645112, 0.16645115,\n       0.16645116, 0.16645118]))", "callback": [0.8507825182951272, 0.26227333195878944, 0.26227333195878944, 0.2516944573639628, 0.24113847719289094, 0.23701794747780547, 0.23568867491679035, 0.2354685863475212, 0.2353162649221764, 0.23497861902972184, 0.2343676478049015, 0.23425135425963095, 0.2342288665525294, 0.2342242445775704, 0.2342218146164734, 0.23421963601374274, 0.2342189033924884, 0.23421879760154385, 0.23421834858425683, 0.23421828704938363, 0.23421805950898855, 0.23421781020374932, 0.23421697304331057, 0.2342141390365785, 0.23420439871290766, 0.23417856602292297, 0.2341572914882496, 0.23414440162634031, 0.23411895410697858, 0.2340702279891631, 0.23385785146276195, 0.23294169038078605, 0.22935808905089283, 0.22198916421928372, 0.2134450136963646, 0.21214400965339109, 0.20954309629691048, 0.2042314366216721, 0.19652201951622206, 0.18668368141853653, 0.1802059056711166, 0.1718062615256375, 0.1678268737122821, 0.16675583494379698, 0.1665591236743904, 0.16649845522052853, 0.16645995177319461, 0.1664524396843846, 0.16645160906192757]}, "7": {"maxiter": 500, "fatol": 1e-10, "xatol": 1e-10, "duration": 0.20997285842895508, "fun": "0.16645065391026492", "nit": "500", "nfev": "759", "status": "2", "success": "False", "message": "Maximum number of iterations has been exceeded.", "x": "[ 5.66356069 -1.6073458   1.93110472  5.27830693  4.00395339  2.2724321 ]", "final_simplex": "(array([[ 5.66356069, -1.6073458 ,  1.93110472,  5.27830693,  4.00395339,\n         2.2724321 ],\n       [ 5.66406755, -1.60493264,  1.92875485,  5.27807905,  4.00099558,\n         2.27509218],\n       [ 5.66438422, -1.60470988,  1.92893394,  5.27652584,  4.00133307,\n         2.27588154],\n       [ 5.6633668 , -1.60679249,  1.93186827,  5.27711769,  4.00391977,\n         2.27354741],\n       [ 5.66256599, -1.60778723,  1.9322193 ,  5.27675452,  4.00288702,\n         2.27518167],\n       [ 5.66362102, -1.60742126,  1.93092067,  5.27777659,  4.00274066,\n         2.2743625 ],\n       [ 5.66299201, -1.60422344,  1.92759027,  5.27927028,  4.00333665,\n         2.27334715]]), array([0.16645065, 0.16645088, 0.16645102, 0.16645112, 0.16645115,\n       0.16645116, 0.16645118]))", "callback": [0.8507825182951272, 0.26227333195878944, 0.26227333195878944, 0.2516944573639628, 0.24113847719289094, 0.23701794747780547, 0.23568867491679035, 0.2354685863475212, 0.2353162649221764, 0.23497861902972184, 0.2343676478049015, 0.23425135425963095, 0.2342288665525294, 0.2342242445775704, 0.2342218146164734, 0.23421963601374274, 0.2342189033924884, 0.23421879760154385, 0.23421834858425683, 0.23421828704938363, 0.23421805950898855, 0.23421781020374932, 0.23421697304331057, 0.2342141390365785, 0.23420439871290766, 0.23417856602292297, 0.2341572914882496, 0.23414440162634031, 0.23411895410697858, 0.2340702279891631, 0.23385785146276195, 0.23294169038078605, 0.22935808905089283, 0.22198916421928372, 0.2134450136963646, 0.21214400965339109, 0.20954309629691048, 0.2042314366216721, 0.19652201951622206, 0.18668368141853653, 0.1802059056711166, 0.1718062615256375, 0.1678268737122821, 0.16675583494379698, 0.1665591236743904, 0.16649845522052853, 0.16645995177319461, 0.1664524396843846, 0.16645160906192757]}, "8": {"maxiter": 1000, "fatol": 1e-05, "xatol": 1e-05, "duration": 0.27996087074279785, "fun": "0.16644085849343182", "nit": "648", "nfev": "990", "status": "0", "success": "True", "message": "Optimization terminated successfully.", "x": "[ 5.65961773 -1.61266833  1.93549278  5.27146046  4.0041216   2.26892482]", "final_simplex": "(array([[ 5.65961773, -1.61266833,  1.93549278,  5.27146046,  4.0041216 ,\n         2.26892482],\n       [ 5.6596173 , -1.61266133,  1.93548997,  5.27145713,  4.00412694,\n         2.26892242],\n       [ 5.65961706, -1.61266746,  1.93549517,  5.27145808,  4.00412013,\n         2.26892603],\n       [ 5.65961405, -1.61267195,  1.9354983 ,  5.27145404,  4.00413039,\n         2.26892292],\n       [ 5.65960931, -1.61267402,  1.93550271,  5.27145709,  4.00412875,\n         2.26891517],\n       [ 5.65961315, -1.61266329,  1.93549365,  5.27146733,  4.0041296 ,\n         2.26892117],\n       [ 5.65961039, -1.61266215,  1.93548888,  5.27145668,  4.0041195 ,\n         2.26892935]]), array([0.16644086, 0.16644086, 0.16644086, 0.16644086, 0.16644086,\n       0.16644086, 0.16644086]))", "callback": [0.8507825182951272, 0.26227333195878944, 0.26227333195878944, 0.2516944573639628, 0.24113847719289094, 0.23701794747780547, 0.23568867491679035, 0.2354685863475212, 0.2353162649221764, 0.23497861902972184, 0.2343676478049015, 0.23425135425963095, 0.2342288665525294, 0.2342242445775704, 0.2342218146164734, 0.23421963601374274, 0.2342189033924884, 0.23421879760154385, 0.23421834858425683, 0.23421828704938363, 0.23421805950898855, 0.23421781020374932, 0.23421697304331057, 0.2342141390365785, 0.23420439871290766, 0.23417856602292297, 0.2341572914882496, 0.23414440162634031, 0.23411895410697858, 0.2340702279891631, 0.23385785146276195, 0.23294169038078605, 0.22935808905089283, 0.22198916421928372, 0.2134450136963646, 0.21214400965339109, 0.20954309629691048, 0.2042314366216721, 0.19652201951622206, 0.18668368141853653, 0.1802059056711166, 0.1718062615256375, 0.1678268737122821, 0.16675583494379698, 0.1665591236743904, 0.16649845522052853, 0.16645995177319461, 0.1664524396843846, 0.16645160906192757, 0.16645065391026492, 0.16644950752137277, 0.16644637761114667, 0.1664421459755746, 0.16644199524723402, 0.16644128870904606, 0.1664410352560448, 0.16644094932070286, 0.166440910608169, 0.16644086836964234, 0.16644086606314745, 0.16644085961169042, 0.16644085876031367, 0.1664408585593472, 0.16644085850351642]}, "9": {"maxiter": 1000, "fatol": 1e-05, "xatol": 1e-10, "duration": 0.4544529914855957, "fun": "0.16644085848641543", "nit": "751", "nfev": "1217", "status": "0", "success": "True", "message": "Optimization terminated successfully.", "x": "[ 5.65961649 -1.6126601   1.93548479  5.27146442  4.00412483  2.26892074]", "final_simplex": "(array([[ 5.65961649, -1.6126601 ,  1.93548479,  5.27146442,  4.00412483,\n         2.26892074],\n       [ 5.65961649, -1.6126601 ,  1.93548479,  5.27146442,  4.00412483,\n         2.26892074],\n       [ 5.65961649, -1.6126601 ,  1.93548479,  5.27146442,  4.00412483,\n         2.26892074],\n       [ 5.65961649, -1.6126601 ,  1.93548479,  5.27146442,  4.00412483,\n         2.26892074],\n       [ 5.65961649, -1.6126601 ,  1.93548479,  5.27146442,  4.00412483,\n         2.26892074],\n       [ 5.65961649, -1.6126601 ,  1.93548479,  5.27146442,  4.00412483,\n         2.26892074],\n       [ 5.65961649, -1.6126601 ,  1.93548479,  5.27146442,  4.00412483,\n         2.26892074]]), array([0.16644086, 0.16644086, 0.16644086, 0.16644086, 0.16644086,\n       0.16644086, 0.16644086]))", "callback": [0.8507825182951272, 0.26227333195878944, 0.26227333195878944, 0.2516944573639628, 0.24113847719289094, 0.23701794747780547, 0.23568867491679035, 0.2354685863475212, 0.2353162649221764, 0.23497861902972184, 0.2343676478049015, 0.23425135425963095, 0.2342288665525294, 0.2342242445775704, 0.2342218146164734, 0.23421963601374274, 0.2342189033924884, 0.23421879760154385, 0.23421834858425683, 0.23421828704938363, 0.23421805950898855, 0.23421781020374932, 0.23421697304331057, 0.2342141390365785, 0.23420439871290766, 0.23417856602292297, 0.2341572914882496, 0.23414440162634031, 0.23411895410697858, 0.2340702279891631, 0.23385785146276195, 0.23294169038078605, 0.22935808905089283, 0.22198916421928372, 0.2134450136963646, 0.21214400965339109, 0.20954309629691048, 0.2042314366216721, 0.19652201951622206, 0.18668368141853653, 0.1802059056711166, 0.1718062615256375, 0.1678268737122821, 0.16675583494379698, 0.1665591236743904, 0.16649845522052853, 0.16645995177319461, 0.1664524396843846, 0.16645160906192757, 0.16645065391026492, 0.16644950752137277, 0.16644637761114667, 0.1664421459755746, 0.16644199524723402, 0.16644128870904606, 0.1664410352560448, 0.16644094932070286, 0.166440910608169, 0.16644086836964234, 0.16644086606314745, 0.16644085961169042, 0.16644085876031367, 0.1664408585593472, 0.16644085850351642, 0.1664408584931787, 0.16644085848850154, 0.16644085848731538, 0.16644085848657353, 0.16644085848643297, 0.16644085848641854, 0.16644085848641654, 0.16644085848641554, 0.16644085848641543, 0.16644085848641543, 0.16644085848641543]}, "10": {"maxiter": 1000, "fatol": 1e-10, "xatol": 1e-05, "duration": 0.27333664894104004, "fun": "0.16644085849343182", "nit": "648", "nfev": "990", "status": "0", "success": "True", "message": "Optimization terminated successfully.", "x": "[ 5.65961773 -1.61266833  1.93549278  5.27146046  4.0041216   2.26892482]", "final_simplex": "(array([[ 5.65961773, -1.61266833,  1.93549278,  5.27146046,  4.0041216 ,\n         2.26892482],\n       [ 5.6596173 , -1.61266133,  1.93548997,  5.27145713,  4.00412694,\n         2.26892242],\n       [ 5.65961706, -1.61266746,  1.93549517,  5.27145808,  4.00412013,\n         2.26892603],\n       [ 5.65961405, -1.61267195,  1.9354983 ,  5.27145404,  4.00413039,\n         2.26892292],\n       [ 5.65960931, -1.61267402,  1.93550271,  5.27145709,  4.00412875,\n         2.26891517],\n       [ 5.65961315, -1.61266329,  1.93549365,  5.27146733,  4.0041296 ,\n         2.26892117],\n       [ 5.65961039, -1.61266215,  1.93548888,  5.27145668,  4.0041195 ,\n         2.26892935]]), array([0.16644086, 0.16644086, 0.16644086, 0.16644086, 0.16644086,\n       0.16644086, 0.16644086]))", "callback": [0.8507825182951272, 0.26227333195878944, 0.26227333195878944, 0.2516944573639628, 0.24113847719289094, 0.23701794747780547, 0.23568867491679035, 0.2354685863475212, 0.2353162649221764, 0.23497861902972184, 0.2343676478049015, 0.23425135425963095, 0.2342288665525294, 0.2342242445775704, 0.2342218146164734, 0.23421963601374274, 0.2342189033924884, 0.23421879760154385, 0.23421834858425683, 0.23421828704938363, 0.23421805950898855, 0.23421781020374932, 0.23421697304331057, 0.2342141390365785, 0.23420439871290766, 0.23417856602292297, 0.2341572914882496, 0.23414440162634031, 0.23411895410697858, 0.2340702279891631, 0.23385785146276195, 0.23294169038078605, 0.22935808905089283, 0.22198916421928372, 0.2134450136963646, 0.21214400965339109, 0.20954309629691048, 0.2042314366216721, 0.19652201951622206, 0.18668368141853653, 0.1802059056711166, 0.1718062615256375, 0.1678268737122821, 0.16675583494379698, 0.1665591236743904, 0.16649845522052853, 0.16645995177319461, 0.1664524396843846, 0.16645160906192757, 0.16645065391026492, 0.16644950752137277, 0.16644637761114667, 0.1664421459755746, 0.16644199524723402, 0.16644128870904606, 0.1664410352560448, 0.16644094932070286, 0.166440910608169, 0.16644086836964234, 0.16644086606314745, 0.16644085961169042, 0.16644085876031367, 0.1664408585593472, 0.16644085850351642]}, "11": {"maxiter": 1000, "fatol": 1e-10, "xatol": 1e-10, "duration": 0.3291659355163574, "fun": "0.16644085848641543", "nit": "751", "nfev": "1217", "status": "0", "success": "True", "message": "Optimization terminated successfully.", "x": "[ 5.65961649 -1.6126601   1.93548479  5.27146442  4.00412483  2.26892074]", "final_simplex": "(array([[ 5.65961649, -1.6126601 ,  1.93548479,  5.27146442,  4.00412483,\n         2.26892074],\n       [ 5.65961649, -1.6126601 ,  1.93548479,  5.27146442,  4.00412483,\n         2.26892074],\n       [ 5.65961649, -1.6126601 ,  1.93548479,  5.27146442,  4.00412483,\n         2.26892074],\n       [ 5.65961649, -1.6126601 ,  1.93548479,  5.27146442,  4.00412483,\n         2.26892074],\n       [ 5.65961649, -1.6126601 ,  1.93548479,  5.27146442,  4.00412483,\n         2.26892074],\n       [ 5.65961649, -1.6126601 ,  1.93548479,  5.27146442,  4.00412483,\n         2.26892074],\n       [ 5.65961649, -1.6126601 ,  1.93548479,  5.27146442,  4.00412483,\n         2.26892074]]), array([0.16644086, 0.16644086, 0.16644086, 0.16644086, 0.16644086,\n       0.16644086, 0.16644086]))", "callback": [0.8507825182951272, 0.26227333195878944, 0.26227333195878944, 0.2516944573639628, 0.24113847719289094, 0.23701794747780547, 0.23568867491679035, 0.2354685863475212, 0.2353162649221764, 0.23497861902972184, 0.2343676478049015, 0.23425135425963095, 0.2342288665525294, 0.2342242445775704, 0.2342218146164734, 0.23421963601374274, 0.2342189033924884, 0.23421879760154385, 0.23421834858425683, 0.23421828704938363, 0.23421805950898855, 0.23421781020374932, 0.23421697304331057, 0.2342141390365785, 0.23420439871290766, 0.23417856602292297, 0.2341572914882496, 0.23414440162634031, 0.23411895410697858, 0.2340702279891631, 0.23385785146276195, 0.23294169038078605, 0.22935808905089283, 0.22198916421928372, 0.2134450136963646, 0.21214400965339109, 0.20954309629691048, 0.2042314366216721, 0.19652201951622206, 0.18668368141853653, 0.1802059056711166, 0.1718062615256375, 0.1678268737122821, 0.16675583494379698, 0.1665591236743904, 0.16649845522052853, 0.16645995177319461, 0.1664524396843846, 0.16645160906192757, 0.16645065391026492, 0.16644950752137277, 0.16644637761114667, 0.1664421459755746, 0.16644199524723402, 0.16644128870904606, 0.1664410352560448, 0.16644094932070286, 0.166440910608169, 0.16644086836964234, 0.16644086606314745, 0.16644085961169042, 0.16644085876031367, 0.1664408585593472, 0.16644085850351642, 0.1664408584931787, 0.16644085848850154, 0.16644085848731538, 0.16644085848657353, 0.16644085848643297, 0.16644085848641854, 0.16644085848641654, 0.16644085848641554, 0.16644085848641543, 0.16644085848641543, 0.16644085848641543]}}, "bfgs": {"type": "gradient", "0": {"maxiter": 100, "gtol": 1e-05, "xrtol": 1e-05, "eps": 1e-05, "duration": 0.04848909378051758, "fun": "0.1664408596528436", "jac": "[-1.48844270e-06 -6.06626971e-06  5.45969936e-06  3.85295129e-06\n  3.48723272e-06 -1.17127419e-06]", "hess_inv": "[[  2.77415446   1.16997043  -1.24054754   0.78329867  -1.06307347\n    0.87448663]\n [  1.16997043  11.23034209 -11.137034     4.17306936  -3.08079407\n    2.55263595]\n [ -1.24054754 -11.137034    14.0349145   -5.39595418   3.6829197\n   -2.51520266]\n [  0.78329867   4.17306936  -5.39595418   5.25471976  -0.96537892\n    0.17509692]\n [ -1.06307347  -3.08079407   3.6829197   -0.96537892   5.09790735\n   -3.54155946]\n [  0.87448663   2.55263595  -2.51520266   0.17509692  -3.54155946\n    5.58917   ]]", "nfev": "168", "njev": "24", "status": "0", "success": "True", "message": "Optimization terminated successfully.", "x": "[ 5.65958337 -1.61283509  1.93567033  5.27140271  4.00419874  2.26885301]", "nit": "20", "callback": [0.1702197355641838, 0.1664408596528436]}, "1": {"maxiter": 100, "gtol": 1e-05, "xrtol": 1e-05, "eps": 1e-10, "duration": 0.0473179817199707, "fun": "0.16644086000754355", "jac": "[-2.22044587e-06 -2.22044587e-06  5.55111466e-06  6.66133760e-06\n  6.66133760e-06  1.11022293e-06]", "hess_inv": "[[  2.79783862   1.20812432  -1.27223287   0.77065954  -1.06124941\n    0.87614922]\n [  1.20812432  11.25472352 -11.1179173    4.13724095  -3.07218625\n    2.62813543]\n [ -1.27223287 -11.1179173   13.96467107  -5.34478225   3.65648584\n   -2.58962138]\n [  0.77065954   4.13724095  -5.34478225   5.2092949   -0.92226226\n    0.15327581]\n [ -1.06124941  -3.07218625   3.65648584  -0.92226226   5.06948902\n   -3.55780077]\n [  0.87614922   2.62813543  -2.58962138   0.15327581  -3.55780077\n    5.61285091]]", "nfev": "168", "njev": "24", "status": "0", "success": "True", "message": "Optimization terminated successfully.", "x": "[ 5.65957585 -1.6128572   1.93570075  5.27139185  4.00421268  2.26885338]", "nit": "20", "callback": [0.17021148210103065, 0.16644086000754355]}, "2": {"maxiter": 100, "gtol": 1e-05, "xrtol": 1e-10, "eps": 1e-05, "duration": 0.046363115310668945, "fun": "0.1664408596528436", "jac": "[-1.48844270e-06 -6.06626971e-06  5.45969936e-06  3.85295129e-06\n  3.48723272e-06 -1.17127419e-06]", "hess_inv": "[[  2.77415446   1.16997043  -1.24054754   0.78329867  -1.06307347\n    0.87448663]\n [  1.16997043  11.23034209 -11.137034     4.17306936  -3.08079407\n    2.55263595]\n [ -1.24054754 -11.137034    14.0349145   -5.39595418   3.6829197\n   -2.51520266]\n [  0.78329867   4.17306936  -5.39595418   5.25471976  -0.96537892\n    0.17509692]\n [ -1.06307347  -3.08079407   3.6829197   -0.96537892   5.09790735\n   -3.54155946]\n [  0.87448663   2.55263595  -2.51520266   0.17509692  -3.54155946\n    5.58917   ]]", "nfev": "168", "njev": "24", "status": "0", "success": "True", "message": "Optimization terminated successfully.", "x": "[ 5.65958337 -1.61283509  1.93567033  5.27140271  4.00419874  2.26885301]", "nit": "20", "callback": [0.1702197355641838, 0.1664408596528436]}, "3": {"maxiter": 100, "gtol": 1e-05, "xrtol": 1e-10, "eps": 1e-10, "duration": 0.046620845794677734, "fun": "0.16644086000754355", "jac": "[-2.22044587e-06 -2.22044587e-06  5.55111466e-06  6.66133760e-06\n  6.66133760e-06  1.11022293e-06]", "hess_inv": "[[  2.79783862   1.20812432  -1.27223287   0.77065954  -1.06124941\n    0.87614922]\n [  1.20812432  11.25472352 -11.1179173    4.13724095  -3.07218625\n    2.62813543]\n [ -1.27223287 -11.1179173   13.96467107  -5.34478225   3.65648584\n   -2.58962138]\n [  0.77065954   4.13724095  -5.34478225   5.2092949   -0.92226226\n    0.15327581]\n [ -1.06124941  -3.07218625   3.65648584  -0.92226226   5.06948902\n   -3.55780077]\n [  0.87614922   2.62813543  -2.58962138   0.15327581  -3.55780077\n    5.61285091]]", "nfev": "168", "njev": "24", "status": "0", "success": "True", "message": "Optimization terminated successfully.", "x": "[ 5.65957585 -1.6128572   1.93570075  5.27139185  4.00421268  2.26885338]", "nit": "20", "callback": [0.17021148210103065, 0.16644086000754355]}, "4": {"maxiter": 100, "gtol": 1e-10, "xrtol": 1e-05, "eps": 1e-05, "duration": 0.0500330924987793, "fun": "0.16644085851002943", "jac": "[-9.62674385e-08 -6.00852701e-08 -9.65894031e-10  5.39790435e-08\n -6.40931752e-08  6.05737682e-08]", "hess_inv": "[[  2.85201923   1.72460986  -1.86752085   1.04474582  -1.37730644\n    1.12630746]\n [  1.72460986  14.06599587 -14.23673793   5.36557344  -4.45908046\n    3.74907163]\n [ -1.86752085 -14.23673793  17.40760871  -6.66905711   5.15263797\n   -3.80607308]\n [  1.04474582   5.36557344  -6.66905711   5.65258538  -1.45789208\n    0.6281326 ]\n [ -1.37730644  -4.45908046   5.15263797  -1.45789208   5.6754925\n   -4.07716592]\n [  1.12630746   3.74907163  -3.80607308   0.6281326   -4.07716592\n    6.06898698]]", "nfev": "182", "njev": "26", "status": "0", "success": "True", "message": "Optimization terminated successfully.", "x": "[ 5.65961037 -1.6126702   1.93548941  5.27145727  4.00412256  2.26891711]", "nit": "22", "callback": [0.1702197355641838, 0.1664408596528436]}, "5": {"maxiter": 100, "gtol": 1e-10, "xrtol": 1e-05, "eps": 1e-10, "duration": 0.055663108825683594, "fun": "0.16644085855344515", "jac": "[-2.22044587e-06  0.00000000e+00 -4.44089173e-06 -4.44089173e-06\n -6.66133760e-06 -2.22044587e-06]", "hess_inv": "[[  2.81384039   3.31884123  -3.54873136   1.91082592  -1.2062723\n    0.79589054]\n [  3.31884123  30.91229279 -32.92610434  13.45027619  -7.9573704\n    5.25366926]\n [ -3.54873136 -32.92610434  38.12130627 -15.68956456   8.90205633\n   -5.34371809]\n [  1.91082592  13.45027619 -15.68956456   8.73938907  -4.01225203\n    2.01533444]\n [ -1.2062723   -7.9573704    8.90205633  -4.01225203   4.88620609\n   -3.0156058 ]\n [  0.79589054   5.25366926  -5.34371809   2.01533444  -3.0156058\n    4.92788648]]", "nfev": "203", "njev": "29", "status": "0", "success": "True", "message": "Optimization terminated successfully.", "x": "[ 5.6596145  -1.61264778  1.93546124  5.27146273  4.00410616  2.26892845]", "nit": "23", "callback": [0.17021148210103065, 0.16644086000754355]}, "6": {"maxiter": 100, "gtol": 1e-10, "xrtol": 1e-10, "eps": 1e-05, "duration": 0.10309600830078125, "fun": "0.16644085850933377", "jac": "[ 4.21884749e-10 -2.22044605e-10 -1.77635684e-10 -1.55431223e-10\n  1.22124533e-10  2.66453526e-10]", "hess_inv": "[[  2.87563539   1.82038302  -1.95736132   1.0090046   -1.33815901\n    1.06126525]\n [  1.82038302  13.96266003 -14.06321164   5.36526776  -4.23947133\n    3.54229558]\n [ -1.95736132 -14.06321164  17.21662135  -6.60404269   5.03909174\n   -3.72968024]\n [  1.0090046    5.36526776  -6.60404269   5.6579918   -1.257537\n    0.36132868]\n [ -1.33815901  -4.23947133   5.03909174  -1.257537     5.82353697\n   -4.2456075 ]\n [  1.06126525   3.54229558  -3.72968024   0.36132868  -4.2456075\n    6.23334896]]", "nfev": "375", "njev": "52", "status": "2", "success": "False", "message": "Desired error not necessarily achieved due to precision loss.", "x": "[ 5.65961056 -1.61266997  1.9354893   5.27145727  4.00412288  2.26891676]", "nit": "24", "callback": [0.1702197355641838, 0.1664408596528436]}, "7": {"maxiter": 100, "gtol": 1e-10, "xrtol": 1e-10, "eps": 1e-10, "duration": 0.07915282249450684, "fun": "0.166440858498079", "jac": "[ 2.22044587e-06  1.11022293e-06 -2.22044587e-06  2.22044587e-06\n  2.22044587e-06  2.22044587e-06]", "hess_inv": "[[ 2.33515742  0.00974271 -0.43727139  0.67534902 -2.39134063  1.53858649]\n [ 0.00974271  0.40873005 -0.16047354  0.2564628  -0.14323845 -0.6727128 ]\n [-0.43727139 -0.16047354  0.47942114 -0.23714128  0.64272697 -0.13096105]\n [ 0.67534902  0.2564628  -0.23714128  1.28634265 -1.26205633  0.05920478]\n [-2.39134063 -0.14323845  0.64272697 -1.26205633  2.85277349 -1.51550822]\n [ 1.53858649 -0.6727128  -0.13096105  0.05920478 -1.51550822  2.37659092]]", "nfev": "287", "njev": "41", "status": "2", "success": "False", "message": "Desired error not necessarily achieved due to precision loss.", "x": "[ 5.6596186  -1.6126459   1.93546685  5.27147177  4.00411691  2.26892905]", "nit": "30", "callback": [0.17021148210103065, 0.16644086000754355, 0.166440858498079]}, "8": {"maxiter": 500, "gtol": 1e-05, "xrtol": 1e-05, "eps": 1e-05, "duration": 0.04726099967956543, "fun": "0.1664408596528436", "jac": "[-1.48844270e-06 -6.06626971e-06  5.45969936e-06  3.85295129e-06\n  3.48723272e-06 -1.17127419e-06]", "hess_inv": "[[  2.77415446   1.16997043  -1.24054754   0.78329867  -1.06307347\n    0.87448663]\n [  1.16997043  11.23034209 -11.137034     4.17306936  -3.08079407\n    2.55263595]\n [ -1.24054754 -11.137034    14.0349145   -5.39595418   3.6829197\n   -2.51520266]\n [  0.78329867   4.17306936  -5.39595418   5.25471976  -0.96537892\n    0.17509692]\n [ -1.06307347  -3.08079407   3.6829197   -0.96537892   5.09790735\n   -3.54155946]\n [  0.87448663   2.55263595  -2.51520266   0.17509692  -3.54155946\n    5.58917   ]]", "nfev": "168", "njev": "24", "status": "0", "success": "True", "message": "Optimization terminated successfully.", "x": "[ 5.65958337 -1.61283509  1.93567033  5.27140271  4.00419874  2.26885301]", "nit": "20", "callback": [0.1702197355641838, 0.1664408596528436]}, "9": {"maxiter": 500, "gtol": 1e-05, "xrtol": 1e-05, "eps": 1e-10, "duration": 0.04813694953918457, "fun": "0.16644086000754355", "jac": "[-2.22044587e-06 -2.22044587e-06  5.55111466e-06  6.66133760e-06\n  6.66133760e-06  1.11022293e-06]", "hess_inv": "[[  2.79783862   1.20812432  -1.27223287   0.77065954  -1.06124941\n    0.87614922]\n [  1.20812432  11.25472352 -11.1179173    4.13724095  -3.07218625\n    2.62813543]\n [ -1.27223287 -11.1179173   13.96467107  -5.34478225   3.65648584\n   -2.58962138]\n [  0.77065954   4.13724095  -5.34478225   5.2092949   -0.92226226\n    0.15327581]\n [ -1.06124941  -3.07218625   3.65648584  -0.92226226   5.06948902\n   -3.55780077]\n [  0.87614922   2.62813543  -2.58962138   0.15327581  -3.55780077\n    5.61285091]]", "nfev": "168", "njev": "24", "status": "0", "success": "True", "message": "Optimization terminated successfully.", "x": "[ 5.65957585 -1.6128572   1.93570075  5.27139185  4.00421268  2.26885338]", "nit": "20", "callback": [0.17021148210103065, 0.16644086000754355]}, "10": {"maxiter": 500, "gtol": 1e-05, "xrtol": 1e-10, "eps": 1e-05, "duration": 0.04807400703430176, "fun": "0.1664408596528436", "jac": "[-1.48844270e-06 -6.06626971e-06  5.45969936e-06  3.85295129e-06\n  3.48723272e-06 -1.17127419e-06]", "hess_inv": "[[  2.77415446   1.16997043  -1.24054754   0.78329867  -1.06307347\n    0.87448663]\n [  1.16997043  11.23034209 -11.137034     4.17306936  -3.08079407\n    2.55263595]\n [ -1.24054754 -11.137034    14.0349145   -5.39595418   3.6829197\n   -2.51520266]\n [  0.78329867   4.17306936  -5.39595418   5.25471976  -0.96537892\n    0.17509692]\n [ -1.06307347  -3.08079407   3.6829197   -0.96537892   5.09790735\n   -3.54155946]\n [  0.87448663   2.55263595  -2.51520266   0.17509692  -3.54155946\n    5.58917   ]]", "nfev": "168", "njev": "24", "status": "0", "success": "True", "message": "Optimization terminated successfully.", "x": "[ 5.65958337 -1.61283509  1.93567033  5.27140271  4.00419874  2.26885301]", "nit": "20", "callback": [0.1702197355641838, 0.1664408596528436]}, "11": {"maxiter": 500, "gtol": 1e-05, "xrtol": 1e-10, "eps": 1e-10, "duration": 0.04797625541687012, "fun": "0.16644086000754355", "jac": "[-2.22044587e-06 -2.22044587e-06  5.55111466e-06  6.66133760e-06\n  6.66133760e-06  1.11022293e-06]", "hess_inv": "[[  2.79783862   1.20812432  -1.27223287   0.77065954  -1.06124941\n    0.87614922]\n [  1.20812432  11.25472352 -11.1179173    4.13724095  -3.07218625\n    2.62813543]\n [ -1.27223287 -11.1179173   13.96467107  -5.34478225   3.65648584\n   -2.58962138]\n [  0.77065954   4.13724095  -5.34478225   5.2092949   -0.92226226\n    0.15327581]\n [ -1.06124941  -3.07218625   3.65648584  -0.92226226   5.06948902\n   -3.55780077]\n [  0.87614922   2.62813543  -2.58962138   0.15327581  -3.55780077\n    5.61285091]]", "nfev": "168", "njev": "24", "status": "0", "success": "True", "message": "Optimization terminated successfully.", "x": "[ 5.65957585 -1.6128572   1.93570075  5.27139185  4.00421268  2.26885338]", "nit": "20", "callback": [0.17021148210103065, 0.16644086000754355]}, "12": {"maxiter": 500, "gtol": 1e-10, "xrtol": 1e-05, "eps": 1e-05, "duration": 0.052043914794921875, "fun": "0.16644085851002943", "jac": "[-9.62674385e-08 -6.00852701e-08 -9.65894031e-10  5.39790435e-08\n -6.40931752e-08  6.05737682e-08]", "hess_inv": "[[  2.85201923   1.72460986  -1.86752085   1.04474582  -1.37730644\n    1.12630746]\n [  1.72460986  14.06599587 -14.23673793   5.36557344  -4.45908046\n    3.74907163]\n [ -1.86752085 -14.23673793  17.40760871  -6.66905711   5.15263797\n   -3.80607308]\n [  1.04474582   5.36557344  -6.66905711   5.65258538  -1.45789208\n    0.6281326 ]\n [ -1.37730644  -4.45908046   5.15263797  -1.45789208   5.6754925\n   -4.07716592]\n [  1.12630746   3.74907163  -3.80607308   0.6281326   -4.07716592\n    6.06898698]]", "nfev": "182", "njev": "26", "status": "0", "success": "True", "message": "Optimization terminated successfully.", "x": "[ 5.65961037 -1.6126702   1.93548941  5.27145727  4.00412256  2.26891711]", "nit": "22", "callback": [0.1702197355641838, 0.1664408596528436]}, "13": {"maxiter": 500, "gtol": 1e-10, "xrtol": 1e-05, "eps": 1e-10, "duration": 0.05810189247131348, "fun": "0.16644085855344515", "jac": "[-2.22044587e-06  0.00000000e+00 -4.44089173e-06 -4.44089173e-06\n -6.66133760e-06 -2.22044587e-06]", "hess_inv": "[[  2.81384039   3.31884123  -3.54873136   1.91082592  -1.2062723\n    0.79589054]\n [  3.31884123  30.91229279 -32.92610434  13.45027619  -7.9573704\n    5.25366926]\n [ -3.54873136 -32.92610434  38.12130627 -15.68956456   8.90205633\n   -5.34371809]\n [  1.91082592  13.45027619 -15.68956456   8.73938907  -4.01225203\n    2.01533444]\n [ -1.2062723   -7.9573704    8.90205633  -4.01225203   4.88620609\n   -3.0156058 ]\n [  0.79589054   5.25366926  -5.34371809   2.01533444  -3.0156058\n    4.92788648]]", "nfev": "203", "njev": "29", "status": "0", "success": "True", "message": "Optimization terminated successfully.", "x": "[ 5.6596145  -1.61264778  1.93546124  5.27146273  4.00410616  2.26892845]", "nit": "23", "callback": [0.17021148210103065, 0.16644086000754355]}, "14": {"maxiter": 500, "gtol": 1e-10, "xrtol": 1e-10, "eps": 1e-05, "duration": 0.10676884651184082, "fun": "0.16644085850933377", "jac": "[ 4.21884749e-10 -2.22044605e-10 -1.77635684e-10 -1.55431223e-10\n  1.22124533e-10  2.66453526e-10]", "hess_inv": "[[  2.87563539   1.82038302  -1.95736132   1.0090046   -1.33815901\n    1.06126525]\n [  1.82038302  13.96266003 -14.06321164   5.36526776  -4.23947133\n    3.54229558]\n [ -1.95736132 -14.06321164  17.21662135  -6.60404269 