{"date": "2024/09/12/, 01:17:30", "conf_id": 15, "data_type": "random\n", "num_data_points": 1, "s_rank": 0, "unitary": "[[-0.45070455-0.02711853j,0.78437395-0.06613086j,0.06358678+0.19963393j,-0.07343613+0.35668523j],[-0.01890143-0.03813363j,0.32408202+0.25557629j,0.05872864-0.68979805j,0.55466693-0.20227297j],[-0.11215405+0.64023111j,-0.13344055+0.29565494j,-0.49012687-0.19046288j,-0.04241254+0.44046348j],[0.55771659+0.24656916j,0.31851997-0.05798805j,0.28761525-0.34294258j,-0.56718418+0.03616933j]]", "databatch_0": {"databatch": "[[[0.04825078-0.04281163j,-0.22970037+0.12409915j,0.28065501-0.24073082j,-0.0622342+0.24174145j],[-0.01314943+0.20267982j,0.01947458-0.11997878j,0.01982135-0.02196487j,-0.14900793+0.04154397j],[0.0443335+0.0269559j,-0.33889203-0.16919102j,-0.04412654+0.20506365j,-0.29372605-0.01268455j],[-0.00935639-0.18411391j,0.4502821-0.09271809j,0.21673413-0.1612324j,-0.22621694+0.04165805j]]]", "initial param values": "[4.08214515,2.78752792,3.89107121,3.31075932,3.05290758,1.76090188]", "nelder_mead": {"type": "gradient-free", "0": {"maxiter": 100, "fatol": 1e-05, "xatol": 1e-05, "duration": 0.04501700401306152, "fun": "0.23185976349667892", "nit": "100", "nfev": "153", "status": "2", "success": "False", "message": "Maximum number of iterations has been exceeded.", "x": "[4.9831953  4.65741237 4.05869324 4.83829545 1.1964776  1.07994208]", "final_simplex": "(array([[4.9831953 , 4.65741237, 4.05869324, 4.83829545, 1.1964776 ,\n        1.07994208],\n       [5.01578336, 4.62082465, 4.03191184, 4.83664239, 1.2093034 ,\n        1.12175207],\n       [5.01676476, 4.5148982 , 4.14157563, 4.81717751, 1.15708684,\n        1.14543003],\n       [5.11389116, 4.63610279, 4.04061244, 4.90469349, 1.27361822,\n        1.12112312],\n       [4.96926423, 4.50109967, 4.18380659, 4.80429387, 1.2782985 ,\n        1.12098715],\n       [4.95538165, 4.58153383, 4.08453978, 4.84949189, 1.15194182,\n        1.14846589],\n       [4.99850588, 4.54863161, 4.06450192, 4.86261453, 1.22905689,\n        1.15487507]]), array([0.23185976, 0.23301296, 0.23336762, 0.23423306, 0.23427829,\n       0.2343493 , 0.23494545]))", "callback": [0.8257936889210757, 0.7419917435896393, 0.440434296798915, 0.41604420572195566, 0.38267706880135743, 0.29881347108543443, 0.2534922144624241, 0.24237845491540866, 0.23561368383882364]}, "1": {"maxiter": 100, "fatol": 1e-05, "xatol": 1e-10, "duration": 0.04461503028869629, "fun": "0.23185976349667892", "nit": "100", "nfev": "153", "status": "2", "success": "False", "message": "Maximum number of iterations has been exceeded.", "x": "[4.9831953  4.65741237 4.05869324 4.83829545 1.1964776  1.07994208]", "final_simplex": "(array([[4.9831953 , 4.65741237, 4.05869324, 4.83829545, 1.1964776 ,\n        1.07994208],\n       [5.01578336, 4.62082465, 4.03191184, 4.83664239, 1.2093034 ,\n        1.12175207],\n       [5.01676476, 4.5148982 , 4.14157563, 4.81717751, 1.15708684,\n        1.14543003],\n       [5.11389116, 4.63610279, 4.04061244, 4.90469349, 1.27361822,\n        1.12112312],\n       [4.96926423, 4.50109967, 4.18380659, 4.80429387, 1.2782985 ,\n        1.12098715],\n       [4.95538165, 4.58153383, 4.08453978, 4.84949189, 1.15194182,\n        1.14846589],\n       [4.99850588, 4.54863161, 4.06450192, 4.86261453, 1.22905689,\n        1.15487507]]), array([0.23185976, 0.23301296, 0.23336762, 0.23423306, 0.23427829,\n       0.2343493 , 0.23494545]))", "callback": [0.8257936889210757, 0.7419917435896393, 0.440434296798915, 0.41604420572195566, 0.38267706880135743, 0.29881347108543443, 0.2534922144624241, 0.24237845491540866, 0.23561368383882364]}, "2": {"maxiter": 100, "fatol": 1e-10, "xatol": 1e-05, "duration": 0.04376101493835449, "fun": "0.23185976349667892", "nit": "100", "nfev": "153", "status": "2", "success": "False", "message": "Maximum number of iterations has been exceeded.", "x": "[4.9831953  4.65741237 4.05869324 4.83829545 1.1964776  1.07994208]", "final_simplex": "(array([[4.9831953 , 4.65741237, 4.05869324, 4.83829545, 1.1964776 ,\n        1.07994208],\n       [5.01578336, 4.62082465, 4.03191184, 4.83664239, 1.2093034 ,\n        1.12175207],\n       [5.01676476, 4.5148982 , 4.14157563, 4.81717751, 1.15708684,\n        1.14543003],\n       [5.11389116, 4.63610279, 4.04061244, 4.90469349, 1.27361822,\n        1.12112312],\n       [4.96926423, 4.50109967, 4.18380659, 4.80429387, 1.2782985 ,\n        1.12098715],\n       [4.95538165, 4.58153383, 4.08453978, 4.84949189, 1.15194182,\n        1.14846589],\n       [4.99850588, 4.54863161, 4.06450192, 4.86261453, 1.22905689,\n        1.15487507]]), array([0.23185976, 0.23301296, 0.23336762, 0.23423306, 0.23427829,\n       0.2343493 , 0.23494545]))", "callback": [0.8257936889210757, 0.7419917435896393, 0.440434296798915, 0.41604420572195566, 0.38267706880135743, 0.29881347108543443, 0.2534922144624241, 0.24237845491540866, 0.23561368383882364]}, "3": {"maxiter": 100, "fatol": 1e-10, "xatol": 1e-10, "duration": 0.043482065200805664, "fun": "0.23185976349667892", "nit": "100", "nfev": "153", "status": "2", "success": "False", "message": "Maximum number of iterations has been exceeded.", "x": "[4.9831953  4.65741237 4.05869324 4.83829545 1.1964776  1.07994208]", "final_simplex": "(array([[4.9831953 , 4.65741237, 4.05869324, 4.83829545, 1.1964776 ,\n        1.07994208],\n       [5.01578336, 4.62082465, 4.03191184, 4.83664239, 1.2093034 ,\n        1.12175207],\n       [5.01676476, 4.5148982 , 4.14157563, 4.81717751, 1.15708684,\n        1.14543003],\n       [5.11389116, 4.63610279, 4.04061244, 4.90469349, 1.27361822,\n        1.12112312],\n       [4.96926423, 4.50109967, 4.18380659, 4.80429387, 1.2782985 ,\n        1.12098715],\n       [4.95538165, 4.58153383, 4.08453978, 4.84949189, 1.15194182,\n        1.14846589],\n       [4.99850588, 4.54863161, 4.06450192, 4.86261453, 1.22905689,\n        1.15487507]]), array([0.23185976, 0.23301296, 0.23336762, 0.23423306, 0.23427829,\n       0.2343493 , 0.23494545]))", "callback": [0.8257936889210757, 0.7419917435896393, 0.440434296798915, 0.41604420572195566, 0.38267706880135743, 0.29881347108543443, 0.2534922144624241, 0.24237845491540866, 0.23561368383882364]}, "4": {"maxiter": 500, "fatol": 1e-05, "xatol": 1e-05, "duration": 0.13763880729675293, "fun": "0.2282119208118567", "nit": "313", "nfev": "492", "status": "0", "success": "True", "message": "Optimization terminated successfully.", "x": "[5.05874711 4.64525782 4.2295674  4.77721533 1.27239017 1.02219819]", "final_simplex": "(array([[5.05874711, 4.64525782, 4.2295674 , 4.77721533, 1.27239017,\n        1.02219819],\n       [5.05874688, 4.64525564, 4.22956913, 4.77721193, 1.27239502,\n        1.02219887],\n       [5.05874569, 4.64525181, 4.2295676 , 4.77721417, 1.27239124,\n        1.02220039],\n       [5.05874587, 4.64525775, 4.22956347, 4.77721586, 1.27239265,\n        1.02219505],\n       [5.0587426 , 4.64525687, 4.22956236, 4.77721419, 1.27239003,\n        1.02220138],\n       [5.05875091, 4.64525167, 4.22956362, 4.77721948, 1.27239022,\n        1.02220268],\n       [5.05874419, 4.64526107, 4.22956141, 4.77721829, 1.27239653,\n        1.02219815]]), array([0.22821192, 0.22821192, 0.22821192, 0.22821192, 0.22821192,\n       0.22821192, 0.22821192]))", "callback": [0.8257936889210757, 0.7419917435896393, 0.440434296798915, 0.41604420572195566, 0.38267706880135743, 0.29881347108543443, 0.2534922144624241, 0.24237845491540866, 0.23561368383882364, 0.22983445594842233, 0.22868551165646722, 0.2283727813463612, 0.22828352127698692, 0.228250620682796, 0.22822810923032955, 0.22822178506829338, 0.22821556855372527, 0.22821286403656293, 0.2282120839988684, 0.22821200885251458, 0.22821196113505637, 0.22821193950798024, 0.22821193243651172, 0.22821192740698604, 0.22821192494892228, 0.22821192238444432, 0.22821192120922984, 0.22821192089095121, 0.22821192089095121, 0.22821192083970931, 0.2282119208118567]}, "5": {"maxiter": 500, "fatol": 1e-05, "xatol": 1e-10, "duration": 0.20699381828308105, "fun": "0.22821192080313146", "nit": "442", "nfev": "749", "status": "0", "success": "True", "message": "Optimization terminated successfully.", "x": "[5.05874717 4.6452571  4.22957505 4.77721713 1.27239176 1.02219381]", "final_simplex": "(array([[5.05874717, 4.6452571 , 4.22957505, 4.77721713, 1.27239176,\n        1.02219381],\n       [5.05874717, 4.6452571 , 4.22957505, 4.77721713, 1.27239176,\n        1.02219381],\n       [5.05874717, 4.6452571 , 4.22957505, 4.77721713, 1.27239176,\n        1.02219381],\n       [5.05874717, 4.6452571 , 4.22957505, 4.77721713, 1.27239176,\n        1.02219381],\n       [5.05874717, 4.6452571 , 4.22957505, 4.77721713, 1.27239176,\n        1.02219381],\n       [5.05874717, 4.6452571 , 4.22957505, 4.77721713, 1.27239176,\n        1.02219381],\n       [5.05874717, 4.6452571 , 4.22957505, 4.77721713, 1.27239176,\n        1.02219381]]), array([0.22821192, 0.22821192, 0.22821192, 0.22821192, 0.22821192,\n       0.22821192, 0.22821192]))", "callback": [0.8257936889210757, 0.7419917435896393, 0.440434296798915, 0.41604420572195566, 0.38267706880135743, 0.29881347108543443, 0.2534922144624241, 0.24237845491540866, 0.23561368383882364, 0.22983445594842233, 0.22868551165646722, 0.2283727813463612, 0.22828352127698692, 0.228250620682796, 0.22822810923032955, 0.22822178506829338, 0.22821556855372527, 0.22821286403656293, 0.2282120839988684, 0.22821200885251458, 0.22821196113505637, 0.22821193950798024, 0.22821193243651172, 0.22821192740698604, 0.22821192494892228, 0.22821192238444432, 0.22821192120922984, 0.22821192089095121, 0.22821192089095121, 0.22821192083970931, 0.2282119208118567, 0.2282119208118567, 0.22821192080871988, 0.22821192080634944, 0.22821192080420427, 0.22821192080363117, 0.22821192080319153, 0.2282119208031539, 0.22821192080313557, 0.22821192080313224, 0.22821192080313168, 0.22821192080313146, 0.22821192080313146, 0.22821192080313146]}, "6": {"maxiter": 500, "fatol": 1e-10, "xatol": 1e-05, "duration": 0.13832998275756836, "fun": "0.2282119208118567", "nit": "313", "nfev": "492", "status": "0", "success": "True", "message": "Optimization terminated successfully.", "x": "[5.05874711 4.64525782 4.2295674  4.77721533 1.27239017 1.02219819]", "final_simplex": "(array([[5.05874711, 4.64525782, 4.2295674 , 4.77721533, 1.27239017,\n        1.02219819],\n       [5.05874688, 4.64525564, 4.22956913, 4.77721193, 1.27239502,\n        1.02219887],\n       [5.05874569, 4.64525181, 4.2295676 , 4.77721417, 1.27239124,\n        1.02220039],\n       [5.05874587, 4.64525775, 4.22956347, 4.77721586, 1.27239265,\n        1.02219505],\n       [5.0587426 , 4.64525687, 4.22956236, 4.77721419, 1.27239003,\n        1.02220138],\n       [5.05875091, 4.64525167, 4.22956362, 4.77721948, 1.27239022,\n        1.02220268],\n       [5.05874419, 4.64526107, 4.22956141, 4.77721829, 1.27239653,\n        1.02219815]]), array([0.22821192, 0.22821192, 0.22821192, 0.22821192, 0.22821192,\n       0.22821192, 0.22821192]))", "callback": [0.8257936889210757, 0.7419917435896393, 0.440434296798915, 0.41604420572195566, 0.38267706880135743, 0.29881347108543443, 0.2534922144624241, 0.24237845491540866, 0.23561368383882364, 0.22983445594842233, 0.22868551165646722, 0.2283727813463612, 0.22828352127698692, 0.228250620682796, 0.22822810923032955, 0.22822178506829338, 0.22821556855372527, 0.22821286403656293, 0.2282120839988684, 0.22821200885251458, 0.22821196113505637, 0.22821193950798024, 0.22821193243651172, 0.22821192740698604, 0.22821192494892228, 0.22821192238444432, 0.22821192120922984, 0.22821192089095121, 0.22821192089095121, 0.22821192083970931, 0.2282119208118567]}, "7": {"maxiter": 500, "fatol": 1e-10, "xatol": 1e-10, "duration": 0.21029019355773926, "fun": "0.22821192080313146", "nit": "442", "nfev": "749", "status": "0", "success": "True", "message": "Optimization terminated successfully.", "x": "[5.05874717 4.6452571  4.22957505 4.77721713 1.27239176 1.02219381]", "final_simplex": "(array([[5.05874717, 4.6452571 , 4.22957505, 4.77721713, 1.27239176,\n        1.02219381],\n       [5.05874717, 4.6452571 , 4.22957505, 4.77721713, 1.27239176,\n        1.02219381],\n       [5.05874717, 4.6452571 , 4.22957505, 4.77721713, 1.27239176,\n        1.02219381],\n       [5.05874717, 4.6452571 , 4.22957505, 4.77721713, 1.27239176,\n        1.02219381],\n       [5.05874717, 4.6452571 , 4.22957505, 4.77721713, 1.27239176,\n        1.02219381],\n       [5.05874717, 4.6452571 , 4.22957505, 4.77721713, 1.27239176,\n        1.02219381],\n       [5.05874717, 4.6452571 , 4.22957505, 4.77721713, 1.27239176,\n        1.02219381]]), array([0.22821192, 0.22821192, 0.22821192, 0.22821192, 0.22821192,\n       0.22821192, 0.22821192]))", "callback": [0.8257936889210757, 0.7419917435896393, 0.440434296798915, 0.41604420572195566, 0.38267706880135743, 0.29881347108543443, 0.2534922144624241, 0.24237845491540866, 0.23561368383882364, 0.22983445594842233, 0.22868551165646722, 0.2283727813463612, 0.22828352127698692, 0.228250620682796, 0.22822810923032955, 0.22822178506829338, 0.22821556855372527, 0.22821286403656293, 0.2282120839988684, 0.22821200885251458, 0.22821196113505637, 0.22821193950798024, 0.22821193243651172, 0.22821192740698604, 0.22821192494892228, 0.22821192238444432, 0.22821192120922984, 0.22821192089095121, 0.22821192089095121, 0.22821192083970931, 0.2282119208118567, 0.2282119208118567, 0.22821192080871988, 0.22821192080634944, 0.22821192080420427, 0.22821192080363117, 0.22821192080319153, 0.2282119208031539, 0.22821192080313557, 0.22821192080313224, 0.22821192080313168, 0.22821192080313146, 0.22821192080313146, 0.22821192080313146]}, "8": {"maxiter": 1000, "fatol": 1e-05, "xatol": 1e-05, "duration": 0.1356830596923828, "fun": "0.2282119208118567", "nit": "313", "nfev": "492", "status": "0", "success": "True", "message": "Optimization terminated successfully.", "x": "[5.05874711 4.64525782 4.2295674  4.77721533 1.27239017 1.02219819]", "final_simplex": "(array([[5.05874711, 4.64525782, 4.2295674 , 4.77721533, 1.27239017,\n        1.02219819],\n       [5.05874688, 4.64525564, 4.22956913, 4.77721193, 1.27239502,\n        1.02219887],\n       [5.05874569, 4.64525181, 4.2295676 , 4.77721417, 1.27239124,\n        1.02220039],\n       [5.05874587, 4.64525775, 4.22956347, 4.77721586, 1.27239265,\n        1.02219505],\n       [5.0587426 , 4.64525687, 4.22956236, 4.77721419, 1.27239003,\n        1.02220138],\n       [5.05875091, 4.64525167, 4.22956362, 4.77721948, 1.27239022,\n        1.02220268],\n       [5.05874419, 4.64526107, 4.22956141, 4.77721829, 1.27239653,\n        1.02219815]]), array([0.22821192, 0.22821192, 0.22821192, 0.22821192, 0.22821192,\n       0.22821192, 0.22821192]))", "callback": [0.8257936889210757, 0.7419917435896393, 0.440434296798915, 0.41604420572195566, 0.38267706880135743, 0.29881347108543443, 0.2534922144624241, 0.24237845491540866, 0.23561368383882364, 0.22983445594842233, 0.22868551165646722, 0.2283727813463612, 0.22828352127698692, 0.228250620682796, 0.22822810923032955, 0.22822178506829338, 0.22821556855372527, 0.22821286403656293, 0.2282120839988684, 0.22821200885251458, 0.22821196113505637, 0.22821193950798024, 0.22821193243651172, 0.22821192740698604, 0.22821192494892228, 0.22821192238444432, 0.22821192120922984, 0.22821192089095121, 0.22821192089095121, 0.22821192083970931, 0.2282119208118567]}, "9": {"maxiter": 1000, "fatol": 1e-05, "xatol": 1e-10, "duration": 0.21368718147277832, "fun": "0.22821192080313146", "nit": "442", "nfev": "749", "status": "0", "success": "True", "message": "Optimization terminated successfully.", "x": "[5.05874717 4.6452571  4.22957505 4.77721713 1.27239176 1.02219381]", "final_simplex": "(array([[5.05874717, 4.6452571 , 4.22957505, 4.77721713, 1.27239176,\n        1.02219381],\n       [5.05874717, 4.6452571 , 4.22957505, 4.77721713, 1.27239176,\n        1.02219381],\n       [5.05874717, 4.6452571 , 4.22957505, 4.77721713, 1.27239176,\n        1.02219381],\n       [5.05874717, 4.6452571 , 4.22957505, 4.77721713, 1.27239176,\n        1.02219381],\n       [5.05874717, 4.6452571 , 4.22957505, 4.77721713, 1.27239176,\n        1.02219381],\n       [5.05874717, 4.6452571 , 4.22957505, 4.77721713, 1.27239176,\n        1.02219381],\n       [5.05874717, 4.6452571 , 4.22957505, 4.77721713, 1.27239176,\n        1.02219381]]), array([0.22821192, 0.22821192, 0.22821192, 0.22821192, 0.22821192,\n       0.22821192, 0.22821192]))", "callback": [0.8257936889210757, 0.7419917435896393, 0.440434296798915, 0.41604420572195566, 0.38267706880135743, 0.29881347108543443, 0.2534922144624241, 0.24237845491540866, 0.23561368383882364, 0.22983445594842233, 0.22868551165646722, 0.2283727813463612, 0.22828352127698692, 0.228250620682796, 0.22822810923032955, 0.22822178506829338, 0.22821556855372527, 0.22821286403656293, 0.2282120839988684, 0.22821200885251458, 0.22821196113505637, 0.22821193950798024, 0.22821193243651172, 0.22821192740698604, 0.22821192494892228, 0.22821192238444432, 0.22821192120922984, 0.22821192089095121, 0.22821192089095121, 0.22821192083970931, 0.2282119208118567, 0.2282119208118567, 0.22821192080871988, 0.22821192080634944, 0.22821192080420427, 0.22821192080363117, 0.22821192080319153, 0.2282119208031539, 0.22821192080313557, 0.22821192080313224, 0.22821192080313168, 0.22821192080313146, 0.22821192080313146, 0.22821192080313146]}, "10": {"maxiter": 1000, "fatol": 1e-10, "xatol": 1e-05, "duration": 0.1510012149810791, "fun": "0.2282119208118567", "nit": "313", "nfev": "492", "status": "0", "success": "True", "message": "Optimization terminated successfully.", "x": "[5.05874711 4.64525782 4.2295674  4.77721533 1.27239017 1.02219819]", "final_simplex": "(array([[5.05874711, 4.64525782, 4.2295674 , 4.77721533, 1.27239017,\n        1.02219819],\n       [5.05874688, 4.64525564, 4.22956913, 4.77721193, 1.27239502,\n        1.02219887],\n       [5.05874569, 4.64525181, 4.2295676 , 4.77721417, 1.27239124,\n        1.02220039],\n       [5.05874587, 4.64525775, 4.22956347, 4.77721586, 1.27239265,\n        1.02219505],\n       [5.0587426 , 4.64525687, 4.22956236, 4.77721419, 1.27239003,\n        1.02220138],\n       [5.05875091, 4.64525167, 4.22956362, 4.77721948, 1.27239022,\n        1.02220268],\n       [5.05874419, 4.64526107, 4.22956141, 4.77721829, 1.27239653,\n        1.02219815]]), array([0.22821192, 0.22821192, 0.22821192, 0.22821192, 0.22821192,\n       0.22821192, 0.22821192]))", "callback": [0.8257936889210757, 0.7419917435896393, 0.440434296798915, 0.41604420572195566, 0.38267706880135743, 0.29881347108543443, 0.2534922144624241, 0.24237845491540866, 0.23561368383882364, 0.22983445594842233, 0.22868551165646722, 0.2283727813463612, 0.22828352127698692, 0.228250620682796, 0.22822810923032955, 0.22822178506829338, 0.22821556855372527, 0.22821286403656293, 0.2282120839988684, 0.22821200885251458, 0.22821196113505637, 0.22821193950798024, 0.22821193243651172, 0.22821192740698604, 0.22821192494892228, 0.22821192238444432, 0.22821192120922984, 0.22821192089095121, 0.22821192089095121, 0.22821192083970931, 0.2282119208118567]}, "11": {"maxiter": 1000, "fatol": 1e-10, "xatol": 1e-10, "duration": 0.2120990753173828, "fun": "0.22821192080313146", "nit": "442", "nfev": "749", "status": "0", "success": "True", "message": "Optimization terminated successfully.", "x": "[5.05874717 4.6452571  4.22957505 4.77721713 1.27239176 1.02219381]", "final_simplex": "(array([[5.05874717, 4.6452571 , 4.22957505, 4.77721713, 1.27239176,\n        1.02219381],\n       [5.05874717, 4.6452571 , 4.22957505, 4.77721713, 1.27239176,\n        1.02219381],\n       [5.05874717, 4.6452571 , 4.22957505, 4.77721713, 1.27239176,\n        1.02219381],\n       [5.05874717, 4.6452571 , 4.22957505, 4.77721713, 1.27239176,\n        1.02219381],\n       [5.05874717, 4.6452571 , 4.22957505, 4.77721713, 1.27239176,\n        1.02219381],\n       [5.05874717, 4.6452571 , 4.22957505, 4.77721713, 1.27239176,\n        1.02219381],\n       [5.05874717, 4.6452571 , 4.22957505, 4.77721713, 1.27239176,\n        1.02219381]]), array([0.22821192, 0.22821192, 0.22821192, 0.22821192, 0.22821192,\n       0.22821192, 0.22821192]))", "callback": [0.8257936889210757, 0.7419917435896393, 0.440434296798915, 0.41604420572195566, 0.38267706880135743, 0.29881347108543443, 0.2534922144624241, 0.24237845491540866, 0.23561368383882364, 0.22983445594842233, 0.22868551165646722, 0.2283727813463612, 0.22828352127698692, 0.228250620682796, 0.22822810923032955, 0.22822178506829338, 0.22821556855372527, 0.22821286403656293, 0.2282120839988684, 0.22821200885251458, 0.22821196113505637, 0.22821193950798024, 0.22821193243651172, 0.22821192740698604, 0.22821192494892228, 0.22821192238444432, 0.22821192120922984, 0.22821192089095121, 0.22821192089095121, 0.22821192083970931, 0.2282119208118567, 0.2282119208118567, 0.22821192080871988, 0.22821192080634944, 0.22821192080420427, 0.22821192080363117, 0.22821192080319153, 0.2282119208031539, 0.22821192080313557, 0.22821192080313224, 0.22821192080313168, 0.22821192080313146, 0.22821192080313146, 0.22821192080313146]}}, "bfgs": {"type": "gradient", "0": {"maxiter": 100, "gtol": 1e-05, "xrtol": 1e-05, "eps": 1e-05, "duration": 0.05195879936218262, "fun": "0.2282119208335096", "jac": "[ 4.25937063e-07 -7.32491845e-07 -5.50670620e-09 -1.07691633e-07\n -5.52091706e-07  5.20439247e-07]", "hess_inv": "[[ 3.43010307 -0.80342574  0.89882573  0.4406635   0.97401013  0.09629357]\n [-0.80342574  4.24431302 -1.85783629  0.15023672 -0.07946162 -1.14916216]\n [ 0.89882573 -1.85783629  5.35559999 -1.17062767  1.32836532 -1.31204159]\n [ 0.4406635   0.15023672 -1.17062767  3.02814019 -0.20795131  0.33639768]\n [ 0.97401013 -0.07946162  1.32836532 -0.20795131  3.66638616 -0.6523617 ]\n [ 0.09629357 -1.14916216 -1.31204159  0.33639768 -0.6523617   3.89606188]]", "nfev": "182", "njev": "26", "status": "0", "success": "True", "message": "Optimization terminated successfully.", "x": "[5.05874017 4.64525119 4.22957156 4.77721178 1.27238188 1.02219456]", "nit": "22", "callback": [0.23302470246930151, 0.22821193686380636]}, "1": {"maxiter": 100, "gtol": 1e-05, "xrtol": 1e-05, "eps": 1e-10, "duration": 0.04982805252075195, "fun": "0.22821192129193013", "jac": "[ 5.55111466e-06 -9.99200639e-06  4.44089173e-06 -5.55111466e-06\n  1.11022293e-06  2.22044587e-06]", "hess_inv": "[[ 3.32008057 -0.62803357  0.78808645  0.58241723  0.9635282   0.04987454]\n [-0.62803357  4.13424373 -1.67788711 -0.16052087  0.0728791  -1.24292546]\n [ 0.78808645 -1.67788711  5.23231016 -1.02129536  1.31142218 -1.35353233]\n [ 0.58241723 -0.16052087 -1.02129536  2.85503637 -0.24530815  0.44774031]\n [ 0.9635282   0.0728791   1.31142218 -0.24530815  3.76414262 -0.77306311]\n [ 0.04987454 -1.24292546 -1.35353233  0.44774031 -0.77306311  4.00917907]]", "nfev": "175", "njev": "25", "status": "0", "success": "True", "message": "Optimization terminated successfully.", "x": "[5.05877324 4.64519938 4.22961788 4.77719621 1.27239291 1.02221257]", "nit": "21", "callback": [0.2330246689034834, 0.22821193694963182]}, "2": {"maxiter": 100, "gtol": 1e-05, "xrtol": 1e-10, "eps": 1e-05, "duration": 0.0528111457824707, "fun": "0.2282119208335096", "jac": "[ 4.25937063e-07 -7.32491845e-07 -5.50670620e-09 -1.07691633e-07\n -5.52091706e-07  5.20439247e-07]", "hess_inv": "[[ 3.43010307 -0.80342574  0.89882573  0.4406635   0.97401013  0.09629357]\n [-0.80342574  4.24431302 -1.85783629  0.15023672 -0.07946162 -1.14916216]\n [ 0.89882573 -1.85783629  5.35559999 -1.17062767  1.32836532 -1.31204159]\n [ 0.4406635   0.15023672 -1.17062767  3.02814019 -0.20795131  0.33639768]\n [ 0.97401013 -0.07946162  1.32836532 -0.20795131  3.66638616 -0.6523617 ]\n [ 0.09629357 -1.14916216 -1.31204159  0.33639768 -0.6523617   3.89606188]]", "nfev": "182", "njev": "26", "status": "0", "success": "True", "message": "Optimization terminated successfully.", "x": "[5.05874017 4.64525119 4.22957156 4.77721178 1.27238188 1.02219456]", "nit": "22", "callback": [0.23302470246930151, 0.22821193686380636]}, "3": {"maxiter": 100, "gtol": 1e-05, "xrtol": 1e-10, "eps": 1e-10, "duration": 0.05160713195800781, "fun": "0.22821192129193013", "jac": "[ 5.55111466e-06 -9.99200639e-06  4.44089173e-06 -5.55111466e-06\n  1.11022293e-06  2.22044587e-06]", "hess_inv": "[[ 3.32008057 -0.62803357  0.78808645  0.58241723  0.9635282   0.04987454]\n [-0.62803357  4.13424373 -1.67788711 -0.16052087  0.0728791  -1.24292546]\n [ 0.78808645 -1.67788711  5.23231016 -1.02129536  1.31142218 -1.35353233]\n [ 0.58241723 -0.16052087 -1.02129536  2.85503637 -0.24530815  0.44774031]\n [ 0.9635282   0.0728791   1.31142218 -0.24530815  3.76414262 -0.77306311]\n [ 0.04987454 -1.24292546 -1.35353233  0.44774031 -0.77306311  4.00917907]]", "nfev": "175", "njev": "25", "status": "0", "success": "True", "message": "Optimization terminated successfully.", "x": "[5.05877324 4.64519938 4.22961788 4.77719621 1.27239291 1.02221257]", "nit": "21", "callback": [0.2330246689034834, 0.22821193694963182]}, "4": {"maxiter": 100, "gtol": 1e-10, "xrtol": 1e-05, "eps": 1e-05, "duration": 0.052412986755371094, "fun": "0.2282119208335096", "jac": "[ 4.25937063e-07 -7.32491845e-07 -5.50670620e-09 -1.07691633e-07\n -5.52091706e-07  5.20439247e-07]", "hess_inv": "[[ 3.43010307 -0.80342574  0.89882573  0.4406635   0.97401013  0.09629357]\n [-0.80342574  4.24431302 -1.85783629  0.15023672 -0.07946162 -1.14916216]\n [ 0.89882573 -1.85783629  5.35559999 -1.17062767  1.32836532 -1.31204159]\n [ 0.4406635   0.15023672 -1.17062767  3.02814019 -0.20795131  0.33639768]\n [ 0.97401013 -0.07946162  1.32836532 -0.20795131  3.66638616 -0.6523617 ]\n [ 0.09629357 -1.14916216 -1.31204159  0.33639768 -0.6523617   3.89606188]]", "nfev": "182", "njev": "26", "status": "0", "success": "True", "message": "Optimization terminated successfully.", "x": "[5.05874017 4.64525119 4.22957156 4.77721178 1.27238188 1.02219456]", "nit": "22", "callback": [0.23302470246930151, 0.22821193686380636]}, "5": {"maxiter": 100, "gtol": 1e-10, "xrtol": 1e-05, "eps": 1e-10, "duration": 0.05434870719909668, "fun": "0.2282119208292348", "jac": "[ 2.22044587e-06 -3.33066880e-06 -5.55111466e-06 -1.11022293e-06\n -2.22044587e-06 -1.11022293e-06]", "hess_inv": "[[ 3.04258916 -0.39879401  0.6301698   0.53142664  0.74882476  0.04796434]\n [-0.39879401  4.07358758 -1.79008849  0.25506683  0.24769237 -1.21949866]\n [ 0.6301698  -1.79008849  5.47088975 -1.40534847  1.16307158 -1.31346284]\n [ 0.53142664  0.25506683 -1.40534847  2.98501376 -0.20835016  0.28800047]\n [ 0.74882476  0.24769237  1.16307158 -0.20835016  3.59062848 -0.75519614]\n [ 0.04796434 -1.21949866 -1.31346284  0.28800047 -0.75519614  3.96031038]]", "nfev": "189", "njev": "27", "status": "0", "success": "True", "message": "Optimization terminated successfully.", "x": "[5.05875158 4.64525409 4.22956603 4.77721821 1.2723826  1.02219959]", "nit": "23", "callback": [0.2330246689034834, 0.22821193694963182]}, "6": {"maxiter": 100, "gtol": 1e-10, "xrtol": 1e-10, "eps": 1e-05, "duration": 0.12879300117492676, "fun": "0.22821192082926367", "jac": "[-6.99440506e-09 -1.15352172e-08  1.17350574e-08  3.83137966e-08\n -2.77888823e-08  2.77555756e-08]", "hess_inv": "[[ 3.46697367 -0.93480528  0.89888538  0.47318224  0.89132215  0.22043947]\n [-0.93480528  4.60793579 -1.89116324  0.13113787  0.1008239  -1.44885236]\n [ 0.89888538 -1.89116324  5.34510529 -1.13991846  1.29200422 -1.26663011]\n [ 0.47318224  0.13113787 -1.13991846  2.96720931 -0.17499254  0.31379639]\n [ 0.89132215  0.1008239   1.29200422 -0.17499254  3.72670689 -0.77468426]\n [ 0.22043947 -1.44885236 -1.26663011  0.31379639 -0.77468426  4.11929325]]", "nfev": "458", "njev": "64", "status": "2", "success": "False", "message": "Desired error not necessarily achieved due to precision loss.", "x": "[5.05873844 4.64525567 4.22957104 4.77721184 1.2723839  1.02219101]", "nit": "23", "callback": [0.23302470246930151, 0.22821193686380636]}, "7": {"maxiter": 100, "gtol": 1e-10, "xrtol": 1e-10, "eps": 1e-10, "duration": 0.0828709602355957, "fun": "0.2282119208193294", "jac": "[ 5.55111466e-06  0.00000000e+00  0.00000000e+00 -2.22044587e-06\n  0.00000000e+00 -2.22044587e-06]", "hess_inv": "[[ 5.11238452e+00  9.02047265e-01  4.24492298e+00  2.10401223e+00\n   1.61939801e+01 -3.22459725e+00]\n [ 9.02047265e-01  2.35360007e+00  1.88181185e-03  1.82130854e+00\n   6.39544719e+00 -8.42395250e-01]\n [ 4.24492298e+00  1.88181185e-03  4.15476385e+00  1.86326579e+00\n   1.27015359e+01 -3.34021879e+00]\n [ 2.10401223e+00  1.82130854e+00  1.86326579e+00  3.09599332e+00\n   1.00984003e+01 -2.87315388e+00]\n [ 1.61939801e+01  6.39544719e+00  1.27015359e+01  1.00984003e+01\n   5.92414976e+01 -1.13281625e+01]\n [-3.22459725e+00 -8.42395250e-01 -3.34021879e+00 -2.87315388e+00\n  -1.13281625e+01  4.06189815e+00]]", "nfev": "294", "njev": "42", "status": "0", "success": "True", "message": "Optimization terminated successfully.", "x": "[5.05875513 4.64525423 4.22957016 4.7772181  1.27239202 1.02219608]", "nit": "28", "callback": [0.2330246689034834, 0.22821193694963182]}, "8": {"maxiter": 500, "gtol": 1e-05, "xrtol": 1e-05, "eps": 1e-05, "duration": 0.05146288871765137, "fun": "0.2282119208335096", "jac": "[ 4.25937063e-07 -7.32491845e-07 -5.50670620e-09 -1.07691633e-07\n -5.52091706e-07  5.20439247e-07]", "hess_inv": "[[ 3.43010307 -0.80342574  0.89882573  0.4406635   0.97401013  0.09629357]\n [-0.80342574  4.24431302 -1.85783629  0.15023672 -0.07946162 -1.14916216]\n [ 0.89882573 -1.85783629  5.35559999 -1.17062767  1.32836532 -1.31204159]\n [ 0.4406635   0.15023672 -1.17062767  3.02814019 -0.20795131  0.33639768]\n [ 0.97401013 -0.07946162  1.32836532 -0.20795131  3.66638616 -0.6523617 ]\n [ 0.09629357 -1.14916216 -1.31204159  0.33639768 -0.6523617   3.89606188]]", "nfev": "182", "njev": "26", "status": "0", "success": "True", "message": "Optimization terminated successfully.", "x": "[5.05874017 4.64525119 4.22957156 4.77721178 1.27238188 1.02219456]", "nit": "22", "callback": [0.23302470246930151, 0.22821193686380636]}, "9": {"maxiter": 500, "gtol": 1e-05, "xrtol": 1e-05, "eps": 1e-10, "duration": 0.04942202568054199, "fun": "0.22821192129193013", "jac": "[ 5.55111466e-06 -9.99200639e-06  4.44089173e-06 -5.55111466e-06\n  1.11022293e-06  2.22044587e-06]", "hess_inv": "[[ 3.32008057 -0.62803357  0.78808645  0.58241723  0.9635282   0.04987454]\n [-0.62803357  4.13424373 -1.67788711 -0.16052087  0.0728791  -1.24292546]\n [ 0.78808645 -1.67788711  5.23231016 -1.02129536  1.31142218 -1.35353233]\n [ 0.58241723 -0.16052087 -1.02129536  2.85503637 -0.24530815  0.44774031]\n [ 0.9635282   0.0728791   1.31142218 -0.24530815  3.76414262 -0.77306311]\n [ 0.04987454 -1.24292546 -1.35353233  0.44774031 -0.77306311  4.00917907]]", "nfev": "175", "njev": "25", "status": "0", "success": "True", "message": "Optimization terminated successfully.", "x": "[5.05877324 4.64519938 4.22961788 4.77719621 1.27239291 1.02221257]", "nit": "21", "callback": [0.2330246689034834, 0.22821193694963182]}, "10": {"maxiter": 500, "gtol": 1e-05, "xrtol": 1e-10, "eps": 1e-05, "duration": 0.05205988883972168, "fun": "0.2282119208335096", "jac": "[ 4.25937063e-07 -7.32491845e-07 -5.50670620e-09 -1.07691633e-07\n -5.52091706e-07  5.20439247e-07]", "hess_inv": "[[ 3.43010307 -0.80342574  0.89882573  0.4406635   0.97401013  0.09629357]\n [-0.80342574  4.24431302 -1.85783629  0.15023672 -0.07946162 -1.14916216]\n [ 0.89882573 -1.85783629  5.35559999 -1.17062767  1.32836532 -1.31204159]\n [ 0.4406635   0.15023672 -1.17062767  3.02814019 -0.20795131  0.33639768]\n [ 0.97401013 -0.07946162  1.32836532 -0.20795131  3.66638616 -0.6523617 ]\n [ 0.09629357 -1.14916216 -1.31204159  0.33639768 -0.6523617   3.89606188]]", "nfev": "182", "njev": "26", "status": "0", "success": "True", "message": "Optimization terminated successfully.", "x": "[5.05874017 4.64525119 4.22957156 4.77721178 1.27238188 1.02219456]", "nit": "22", "callback": [0.23302470246930151, 0.22821193686380636]}, "11": {"maxiter": 500, "gtol": 1e-05, "xrtol": 1e-10, "eps": 1e-10, "duration": 0.05061817169189453, "fun": "0.22821192129193013", "jac": "[ 5.55111466e-06 -9.99200639e-06  4.44089173e-06 -5.55111466e-06\n  1.11022293e-06  2.22044587e-06]", "hess_inv": "[[ 3.32008057 -0.62803357  0.78808645  0.58241723  0.9635282   0.04987454]\n [-0.62803357  4.13424373 -1.67788711 -0.16052087  0.0728791  -1.24292546]\n [ 0.78808645 -1.67788711  5.23231016 -1.02129536  1.31142218 -1.35353233]\n [ 0.58241723 -0.16052087 -1.02129536  2.85503637 -0.24530815  0.44774031]\n [ 0.9635282   0.0728791   1.31142218 -0.24530815  3.76414262 -0.77306311]\n [ 0.04987454 -1.24292546 -1.35353233  0.44774031 -0.77306311  4.00917907]]", "nfev": "175", "njev": "25", "status": "0", "success": "True", "message": "Optimization terminated successfully.", "x": "[5.05877324 4.64519938 4.22961788 4.77719621 1.27239291 1.02221257]", "nit": "21", "callback": [0.2330246689034834, 0.22821193694963182]}, "12": {"maxiter": 500, "gtol": 1e-10, "xrtol": 1e-05, "eps": 1e-05, "duration": 0.05239295959472656, "fun": "0.2282119208335096", "jac": "[ 4.25937063e-07 -7.32491845e-07 -5.50670620e-09 -1.07691633e-07\n -5.52091706e-07  5.20439247e-07]", "hess_inv": "[[ 3.43010307 -0.80342574  0.89882573  0.4406635   0.97401013  0.09629357]\n [-0.80342574  4.24431302 -1.85783629  0.15023672 -0.07946162 -1.14916216]\n [ 0.89882573 -1.85783629  5.35559999 -1.17062767  1.32836532 -1.31204159]\n [ 0.4406635   0.15023672 -1.17062767  3.02814019 -0.20795131  0.33639768]\n [ 0.97401013 -0.07946162  1.32836532 -0.20795131  3.66638616 -0.6523617 ]\n [ 0.09629357 -1.14916216 -1.31204159  0.33639768 -0.6523617   3.89606188]]", "nfev": "182", "njev": "26", "status": "0", "success": "True", "message": "Optimization terminated successfully.", "x": "[5.05874017 4.64525119 4.22957156 4.77721178 1.27238188 1.02219456]", "nit": "22", "callback": [0.23302470246930151, 0.22821193686380636]}, "13": {"maxiter": 500, "gtol": 1e-10, "xrtol": 1e-05, "eps": 1e-10, "duration": 0.05434894561767578, "fun": "0.2282119208292348", "jac": "[ 2.22044587e-06 -3.33066880e-06 -5.55111466e-06 -1.11022293e-06\n -2.22044587e-06 -1.11022293e-06]", "hess_inv": "[[ 3.04258916 -0.39879401  0.6301698   0.53142664  0.74882476  0.04796434]\n [-0.39879401  4.07358758 -1.79008849  0.25506683  0.24769237 -1.21949866]\n [ 0.6301698  -1.79008849  5.47088975 -1.40534847  1.16307158 -1.31346284]\n [ 0.53142664  0.25506683 -1.40534847  2.98501376 -0.20835016  0.28800047]\n [ 0.74882476  0.24769237  1.16307158 -0.20835016  3.59062848 -0.75519614]\n [ 0.04796434 -1.21949866 -1.31346284  0.28800047 -0.75519614  3.96031038]]", "nfev": "189", "njev": "27", "status": "0", "success": "True", "message": "Optimization terminated successfully.", "x": "[5.05875158 4.64525409 4.22956603 4.77721821 1.2723826  1.02219959]", "nit": "23", "callback": [0.2330246689034834, 0.22821193694963182]}, "14": {"maxiter": 500, "gtol": 1e-10, "xrtol": 1e-10, "eps": 1e-05, "duration": 0.13027000427246094, "fun": "0.22821192082926367", "jac": "[-6.99440506e-09 -1.15352172e-08  1.17350574e-08  3.83137966e-08\n -2.77888823e-08  2.77555756e-08]", "hess_inv": "[[ 3.46697367 -0.93480528  0.89888538  0.47318224  0.89132215  0.22043947]\n [-0.93480528  4.60793579 -1.89116324  0.13113787  0.1008239  -1.44885236]\n [ 0.89888538 -1.89116324  5.34510529 -1.13991846  1.29200422 -1.26663011]\n [ 0.47318224  0.13113787 -1.13991846  2.96720931 -0.17499254  0.31379639]\n [ 0.89132215  0.1008239   1.29200422 -0.17499254  3.72670689 -0.77468426]\n [ 0.22043947 -1.44885236 -1.26663011  0.31379639 -0.77468426  4.11929325]]", "nfev": "458", "njev": "64", "status": "2", "success": "False", "message": "Desired error not necessarily achieved due to precision loss.", "x": "[5.05873844 4.64525567 4.22957104 4.77721184 1.2723839  1.02219101]", "nit": "23", "callback": [0.23302470246930151, 0.22821193686380636]}, "15": {"maxiter": 500, "gtol": 1e-10, "xrtol": 1e-10, "eps": 1e-10, "duration": 0.08373785018920898, "fun": "0.2282119208193294", "jac": "[ 5.55111466e-06  0.00000000e+00  0.00000000e+00 -2.22044587e-06\n  0.00000000e+00 -2.22044587e-06]", "hess_inv": "[[ 5.11238452e+00  9.02047265e-01  4.24492298e+00  2.10401223e+00\n   1.61939801e+01 -3.22459725e+00]\n [ 9.02047265e-01  2.35360007e+00  1.88181185e-03  1.82130854e+00\n   6.39544719e+00 -8.42395250e-01]\n [ 4.24492298e+00  1.88181185e-03  4.15476385e+00  1.86326579e+00\n   1.27015359e+01 -3.34021879e+00]\n [ 2.10401223e+00  1.82130854e+00  1.86326579e+00  3.09599332e+00\n   1.00984003e+01 -2.87315388e+00]\n [ 1.61939801e+01  6.39544719e+00  1.27015359e+01  1.00984003e+01\n   5.92414976e+01 -1.13281625e+01]\n [-3.22459725e+00 -8.42395250e-01 -3.34021879e+00 -2.87315388e+00\n  -1.13281625e+01  4.06189815e+00]]", "nfev": "294", "njev": "42", "status": "0", "success": "True", "message": "Optimization terminated successfully.", "x": "[5.05875513 4.64525423 4.22957016 4.7772181  1.27239202 1.02219608]", "nit": "28", "callback": [0.2330246689034834, 0.22821193694963182]}, "16": {"maxiter": 1000, "gtol": 1e-05, "xrtol": 1e-05, "eps": 1e-05, "duration": 0.05227088928222656, "fun": "0.2282119208335096", "jac": "[ 4.25937063e-07 -7.32491845e-07 -5.50670620e-09 -1.07691633e-07\n -5.52091706e-07  5.20439247e-07]", "hess_inv": "[[ 3.43010307 -0.80342574  0.89882573  0.4406635   0.97401013  0.09629357]\n [-0.80342574  4.24431302 -1.85783629  0.15023672 -0.07946162 -1.14916216]\n [ 0.89882573 -1.85783629  5.35559999 -1.17062767  1.32836532 -1.31204159]\n [ 0.4406635   0.15023672 -1.17062767  3.02814019 -0.20795131  0.33639768]\n [ 0.97401013 -0.07946162  1.32836532 -0.20795131  3.66638616 -0.6523617 ]\n [ 0.09629357 -1.14916216 -1.31204159  0.33639768 -0.6523617   3.89606188]]", "nfev": "182", "njev": "26", "status": "0", "success": "True", "message": "Optimization terminated successfully.", "x": "[5.05874017 4.64525119 4.22957156 4.77721178 1.27238188 1.02219456]", "nit": "22", "callback": [0.23302470246930151, 0.22821193686380636]}, "17": {"maxiter": 1000, "gtol": 1e-05, "xrtol": 1e-05, "eps": 1e-10, "duration": 0.05022907257080078, "fun": "0.22821192129193013", "jac": "[ 5.55111466e-06 -9.99200639e-06  4.44089173e-06 -5.55111466e-06\n  1.11022293e-06  2.22044587e-06]", "hess_inv": "[[ 3.32008057 -0.62803357  0.78808645  0.58241723  0.9635282   0.04987454]\n [-0.62803357  4.13424373 -1.67788711 -0.16052087  0.0728791  -1.24292546]\n [ 0.78808645 -1.67788711  5.23231016 -1.02129536  1.31142218 -1.35353233]\n [ 0.58241723 -0.16052087 -1.02129536  2.85503637 -0.24530815  0.44774031]\n [ 0.9635282   0.0728791   1.31142218 -0.24530815  3.76414262 -0.77306311]\n [ 0.04987454 -1.24292546 -1.35353233  0.44774031 -0.77306311  4.00917907]]", "nfev": "175", "njev": "25", "status": "0", "success": "True", "message": "Optimization terminated successfully.", "x": "[5.05877324 4.64519938 4.22961788 4.77719621 1.27239291 1.02221257]", "nit": "21", "callback": [0.2330246689034834, 0.22821193694963182]}, "18": {"maxiter": 1000, "gtol": 1e-05, "xrtol": 1e-10, "eps": 1e-05, "duration": 0.052490949630737305, "fun": "0.2282119208335096", "jac": "[ 4.25937063e-07 -7.32491845e-07 -5.50670620e-09 -1.07691633e-07\n -5.52091706e-07  5.20439247e-07]", "hess_inv": "[[ 3.43010307 -0.80342574  0.89882573  0.4406635   0.97401013  0.09629357]\n [-0.80342574  4.24431302 -1.85783629  0.15023672 -0.07946162 -1.14916216]\n [ 0.89882573 -1.85783629  5.35559999 -1.17062767  1.32836532 -1.31204159]\n [ 0.4406635   0.15023672 -1.17062767  3.02814019 -0.20795131  0.33639768]\n [ 0.97401013 -0.07946162  1.32836532 -0.20795131  3.66638616 -0.6523617 ]\n [ 0.09629357 -1.14916216 -1.31204159  0.33639768 -0.6523617   3.89606188]]", "nfev": "182", "njev": "26", "status": "0", "success": "True", "message": "Optimization terminated successfully.", "x": "[5.05874017 4.64525119 4.22957156 4.77721178 1.27238188 1.02219456]", "nit": "22", "callback": [0.23302470246930151, 0.22821193686380636]}, "19": {"maxiter": 1000, "gtol": 1e-05, "xrtol": 1e-10, "eps": 1e-10, "duration": 0.04951