{"date": "2024/09/12/, 01:51:05", "conf_id": 26, "data_type": "random\n", "num_data_points": 2, "s_rank": 0, "unitary": "[[-0.56303964-0.00798273j,-0.21670212-0.15784972j,-0.06047197-0.73952673j,-0.01438004+0.24552571j],[-0.06976756+0.23474685j,-0.01275565-0.5435098j,-0.02703657-0.08917885j,-0.08210486-0.79311774j],[-0.38559961+0.10714929j,0.5933431-0.2687392j,-0.24060861+0.29149289j,-0.45147719+0.26241743j],[-0.50180421+0.45931857j,-0.11617175+0.44134496j,0.49642745+0.22684508j,-0.08544628-0.15407063j]]", "databatch_0": {"databatch": "[[[0.41543961-0.43329767j,-0.40885265-0.03596676j,-0.00596343-0.29208193j,-0.15940066+0.14020761j],[-0.04341866-0.16617018j,-0.00430082+0.03396012j,-0.09828287-0.10272469j,0.02328223+0.05022809j],[-0.01621452-0.24491646j,-0.08305186-0.04890511j,-0.1932916-0.14638031j,0.00872982+0.05829682j],[0.01607164-0.14571025j,-0.30165174-0.06077591j,-0.17707576+0.06800861j,-0.04698725+0.02612596j]],[[0.1509735-0.09799215j,-0.01876463+0.00384723j,0.01137404-0.07689396j,0.05555485+0.02677262j],[0.01566205-0.15947486j,-0.16193991-0.30731423j,-0.16128053-0.17271592j,-0.0887471+0.26836438j],[0.34531388-0.22139527j,0.03979718+0.3185308j,0.10732218-0.04850686j,0.29656706-0.17308561j],[0.42158312+0.05334469j,0.08648709-0.09576949j,0.1835207-0.17211982j,-0.06458905+0.08671343j]]]", "initial param values": "[6.10655248,3.8341785,5.52925512,1.1777047,2.76361993,2.36573421]", "nelder_mead": {"type": "gradient-free", "0": {"maxiter": 100, "fatol": 1e-05, "xatol": 1e-05, "duration": 0.049810171127319336, "fun": "0.41707387536648965", "nit": "100", "nfev": "161", "status": "2", "success": "False", "message": "Maximum number of iterations has been exceeded.", "x": "[7.30205975 2.61577511 4.57468179 1.54097077 3.70331025 1.95261251]", "final_simplex": "(array([[7.30205975, 2.61577511, 4.57468179, 1.54097077, 3.70331025,\n        1.95261251],\n       [7.33315535, 2.63810201, 4.5606215 , 1.53373378, 3.67925837,\n        1.96681814],\n       [7.353992  , 2.57460788, 4.57476793, 1.52436255, 3.71052256,\n        1.97441062],\n       [7.3485237 , 2.61043866, 4.57734136, 1.53964446, 3.69213642,\n        1.95264211],\n       [7.33614636, 2.61513299, 4.55729813, 1.5325806 , 3.68311923,\n        1.97719465],\n       [7.35356162, 2.5755044 , 4.60156362, 1.52175715, 3.71129265,\n        1.97695761],\n       [7.34197827, 2.59849498, 4.55807223, 1.54395856, 3.71236036,\n        1.96377945]]), array([0.41707388, 0.41733181, 0.41734116, 0.41734406, 0.41734658,\n       0.41744792, 0.41748399]))", "callback": [0.5453572063828377, 0.5374543987975146, 0.45899459984009017, 0.45105100234868034, 0.4268145302827233, 0.4197598728407379, 0.41862035569372225, 0.41789140132368074, 0.41744792344089254]}, "1": {"maxiter": 100, "fatol": 1e-05, "xatol": 1e-10, "duration": 0.04695296287536621, "fun": "0.41707387536648965", "nit": "100", "nfev": "161", "status": "2", "success": "False", "message": "Maximum number of iterations has been exceeded.", "x": "[7.30205975 2.61577511 4.57468179 1.54097077 3.70331025 1.95261251]", "final_simplex": "(array([[7.30205975, 2.61577511, 4.57468179, 1.54097077, 3.70331025,\n        1.95261251],\n       [7.33315535, 2.63810201, 4.5606215 , 1.53373378, 3.67925837,\n        1.96681814],\n       [7.353992  , 2.57460788, 4.57476793, 1.52436255, 3.71052256,\n        1.97441062],\n       [7.3485237 , 2.61043866, 4.57734136, 1.53964446, 3.69213642,\n        1.95264211],\n       [7.33614636, 2.61513299, 4.55729813, 1.5325806 , 3.68311923,\n        1.97719465],\n       [7.35356162, 2.5755044 , 4.60156362, 1.52175715, 3.71129265,\n        1.97695761],\n       [7.34197827, 2.59849498, 4.55807223, 1.54395856, 3.71236036,\n        1.96377945]]), array([0.41707388, 0.41733181, 0.41734116, 0.41734406, 0.41734658,\n       0.41744792, 0.41748399]))", "callback": [0.5453572063828377, 0.5374543987975146, 0.45899459984009017, 0.45105100234868034, 0.4268145302827233, 0.4197598728407379, 0.41862035569372225, 0.41789140132368074, 0.41744792344089254]}, "2": {"maxiter": 100, "fatol": 1e-10, "xatol": 1e-05, "duration": 0.04913902282714844, "fun": "0.41707387536648965", "nit": "100", "nfev": "161", "status": "2", "success": "False", "message": "Maximum number of iterations has been exceeded.", "x": "[7.30205975 2.61577511 4.57468179 1.54097077 3.70331025 1.95261251]", "final_simplex": "(array([[7.30205975, 2.61577511, 4.57468179, 1.54097077, 3.70331025,\n        1.95261251],\n       [7.33315535, 2.63810201, 4.5606215 , 1.53373378, 3.67925837,\n        1.96681814],\n       [7.353992  , 2.57460788, 4.57476793, 1.52436255, 3.71052256,\n        1.97441062],\n       [7.3485237 , 2.61043866, 4.57734136, 1.53964446, 3.69213642,\n        1.95264211],\n       [7.33614636, 2.61513299, 4.55729813, 1.5325806 , 3.68311923,\n        1.97719465],\n       [7.35356162, 2.5755044 , 4.60156362, 1.52175715, 3.71129265,\n        1.97695761],\n       [7.34197827, 2.59849498, 4.55807223, 1.54395856, 3.71236036,\n        1.96377945]]), array([0.41707388, 0.41733181, 0.41734116, 0.41734406, 0.41734658,\n       0.41744792, 0.41748399]))", "callback": [0.5453572063828377, 0.5374543987975146, 0.45899459984009017, 0.45105100234868034, 0.4268145302827233, 0.4197598728407379, 0.41862035569372225, 0.41789140132368074, 0.41744792344089254]}, "3": {"maxiter": 100, "fatol": 1e-10, "xatol": 1e-10, "duration": 0.04907107353210449, "fun": "0.41707387536648965", "nit": "100", "nfev": "161", "status": "2", "success": "False", "message": "Maximum number of iterations has been exceeded.", "x": "[7.30205975 2.61577511 4.57468179 1.54097077 3.70331025 1.95261251]", "final_simplex": "(array([[7.30205975, 2.61577511, 4.57468179, 1.54097077, 3.70331025,\n        1.95261251],\n       [7.33315535, 2.63810201, 4.5606215 , 1.53373378, 3.67925837,\n        1.96681814],\n       [7.353992  , 2.57460788, 4.57476793, 1.52436255, 3.71052256,\n        1.97441062],\n       [7.3485237 , 2.61043866, 4.57734136, 1.53964446, 3.69213642,\n        1.95264211],\n       [7.33614636, 2.61513299, 4.55729813, 1.5325806 , 3.68311923,\n        1.97719465],\n       [7.35356162, 2.5755044 , 4.60156362, 1.52175715, 3.71129265,\n        1.97695761],\n       [7.34197827, 2.59849498, 4.55807223, 1.54395856, 3.71236036,\n        1.96377945]]), array([0.41707388, 0.41733181, 0.41734116, 0.41734406, 0.41734658,\n       0.41744792, 0.41748399]))", "callback": [0.5453572063828377, 0.5374543987975146, 0.45899459984009017, 0.45105100234868034, 0.4268145302827233, 0.4197598728407379, 0.41862035569372225, 0.41789140132368074, 0.41744792344089254]}, "4": {"maxiter": 500, "fatol": 1e-05, "xatol": 1e-05, "duration": 0.13371896743774414, "fun": "0.41571719637997884", "nit": "307", "nfev": "480", "status": "0", "success": "True", "message": "Optimization terminated successfully.", "x": "[7.29874295 2.54976652 4.55850427 1.39188249 3.70805522 1.89226449]", "final_simplex": "(array([[7.29874295, 2.54976652, 4.55850427, 1.39188249, 3.70805522,\n        1.89226449],\n       [7.29874303, 2.54976532, 4.55850403, 1.39188261, 3.70805203,\n        1.89226123],\n       [7.29874734, 2.54975916, 4.55850557, 1.39187732, 3.70805881,\n        1.89226581],\n       [7.2987445 , 2.5497718 , 4.55850509, 1.39188364, 3.70805073,\n        1.89226126],\n       [7.29874804, 2.54976981, 4.55850105, 1.39188673, 3.70804927,\n        1.89226699],\n       [7.29875026, 2.54976355, 4.55850763, 1.39188923, 3.70805357,\n        1.89226513],\n       [7.29875107, 2.54975959, 4.55850326, 1.39187402, 3.70806319,\n        1.89226288]]), array([0.4157172, 0.4157172, 0.4157172, 0.4157172, 0.4157172, 0.4157172,\n       0.4157172]))", "callback": [0.5453572063828377, 0.5374543987975146, 0.45899459984009017, 0.45105100234868034, 0.4268145302827233, 0.4197598728407379, 0.41862035569372225, 0.41789140132368074, 0.41744792344089254, 0.41707387536648965, 0.41687601278131226, 0.41659205468241767, 0.4164062647033352, 0.41626804855685784, 0.41606542270134517, 0.4158164599508789, 0.41574424594488757, 0.4157229486638334, 0.4157183160708303, 0.41571773433450177, 0.41571723754377454, 0.41571723754377454, 0.4157172073416092, 0.4157172069708348, 0.4157171995386383, 0.4157171976370081, 0.4157171964487453, 0.4157171964487453, 0.4157171964110531, 0.4157171963808045]}, "5": {"maxiter": 500, "fatol": 1e-05, "xatol": 1e-10, "duration": 0.19111895561218262, "fun": "0.4157171963771349", "nit": "405", "nfev": "706", "status": "0", "success": "True", "message": "Optimization terminated successfully.", "x": "[7.2987473  2.54976433 4.55850539 1.39188319 3.70805427 1.89226415]", "final_simplex": "(array([[7.2987473 , 2.54976433, 4.55850539, 1.39188319, 3.70805427,\n        1.89226415],\n       [7.2987473 , 2.54976433, 4.55850539, 1.39188319, 3.70805427,\n        1.89226415],\n       [7.2987473 , 2.54976433, 4.55850539, 1.39188319, 3.70805427,\n        1.89226415],\n       [7.2987473 , 2.54976433, 4.55850539, 1.39188319, 3.70805427,\n        1.89226415],\n       [7.2987473 , 2.54976433, 4.55850539, 1.39188319, 3.70805427,\n        1.89226415],\n       [7.2987473 , 2.54976433, 4.55850539, 1.39188319, 3.70805427,\n        1.89226415],\n       [7.2987473 , 2.54976433, 4.55850539, 1.39188319, 3.70805427,\n        1.89226415]]), array([0.4157172, 0.4157172, 0.4157172, 0.4157172, 0.4157172, 0.4157172,\n       0.4157172]))", "callback": [0.5453572063828377, 0.5374543987975146, 0.45899459984009017, 0.45105100234868034, 0.4268145302827233, 0.4197598728407379, 0.41862035569372225, 0.41789140132368074, 0.41744792344089254, 0.41707387536648965, 0.41687601278131226, 0.41659205468241767, 0.4164062647033352, 0.41626804855685784, 0.41606542270134517, 0.4158164599508789, 0.41574424594488757, 0.4157229486638334, 0.4157183160708303, 0.41571773433450177, 0.41571723754377454, 0.41571723754377454, 0.4157172073416092, 0.4157172069708348, 0.4157171995386383, 0.4157171976370081, 0.4157171964487453, 0.4157171964487453, 0.4157171964110531, 0.4157171963808045, 0.4157171963775269, 0.41571719637729965, 0.415717196377166, 0.4157171963771411, 0.4157171963771368, 0.41571719637713556, 0.4157171963771351, 0.4157171963771349, 0.4157171963771349, 0.4157171963771349]}, "6": {"maxiter": 500, "fatol": 1e-10, "xatol": 1e-05, "duration": 0.13569211959838867, "fun": "0.41571719637997884", "nit": "307", "nfev": "480", "status": "0", "success": "True", "message": "Optimization terminated successfully.", "x": "[7.29874295 2.54976652 4.55850427 1.39188249 3.70805522 1.89226449]", "final_simplex": "(array([[7.29874295, 2.54976652, 4.55850427, 1.39188249, 3.70805522,\n        1.89226449],\n       [7.29874303, 2.54976532, 4.55850403, 1.39188261, 3.70805203,\n        1.89226123],\n       [7.29874734, 2.54975916, 4.55850557, 1.39187732, 3.70805881,\n        1.89226581],\n       [7.2987445 , 2.5497718 , 4.55850509, 1.39188364, 3.70805073,\n        1.89226126],\n       [7.29874804, 2.54976981, 4.55850105, 1.39188673, 3.70804927,\n        1.89226699],\n       [7.29875026, 2.54976355, 4.55850763, 1.39188923, 3.70805357,\n        1.89226513],\n       [7.29875107, 2.54975959, 4.55850326, 1.39187402, 3.70806319,\n        1.89226288]]), array([0.4157172, 0.4157172, 0.4157172, 0.4157172, 0.4157172, 0.4157172,\n       0.4157172]))", "callback": [0.5453572063828377, 0.5374543987975146, 0.45899459984009017, 0.45105100234868034, 0.4268145302827233, 0.4197598728407379, 0.41862035569372225, 0.41789140132368074, 0.41744792344089254, 0.41707387536648965, 0.41687601278131226, 0.41659205468241767, 0.4164062647033352, 0.41626804855685784, 0.41606542270134517, 0.4158164599508789, 0.41574424594488757, 0.4157229486638334, 0.4157183160708303, 0.41571773433450177, 0.41571723754377454, 0.41571723754377454, 0.4157172073416092, 0.4157172069708348, 0.4157171995386383, 0.4157171976370081, 0.4157171964487453, 0.4157171964487453, 0.4157171964110531, 0.4157171963808045]}, "7": {"maxiter": 500, "fatol": 1e-10, "xatol": 1e-10, "duration": 0.20171713829040527, "fun": "0.4157171963771349", "nit": "405", "nfev": "706", "status": "0", "success": "True", "message": "Optimization terminated successfully.", "x": "[7.2987473  2.54976433 4.55850539 1.39188319 3.70805427 1.89226415]", "final_simplex": "(array([[7.2987473 , 2.54976433, 4.55850539, 1.39188319, 3.70805427,\n        1.89226415],\n       [7.2987473 , 2.54976433, 4.55850539, 1.39188319, 3.70805427,\n        1.89226415],\n       [7.2987473 , 2.54976433, 4.55850539, 1.39188319, 3.70805427,\n        1.89226415],\n       [7.2987473 , 2.54976433, 4.55850539, 1.39188319, 3.70805427,\n        1.89226415],\n       [7.2987473 , 2.54976433, 4.55850539, 1.39188319, 3.70805427,\n        1.89226415],\n       [7.2987473 , 2.54976433, 4.55850539, 1.39188319, 3.70805427,\n        1.89226415],\n       [7.2987473 , 2.54976433, 4.55850539, 1.39188319, 3.70805427,\n        1.89226415]]), array([0.4157172, 0.4157172, 0.4157172, 0.4157172, 0.4157172, 0.4157172,\n       0.4157172]))", "callback": [0.5453572063828377, 0.5374543987975146, 0.45899459984009017, 0.45105100234868034, 0.4268145302827233, 0.4197598728407379, 0.41862035569372225, 0.41789140132368074, 0.41744792344089254, 0.41707387536648965, 0.41687601278131226, 0.41659205468241767, 0.4164062647033352, 0.41626804855685784, 0.41606542270134517, 0.4158164599508789, 0.41574424594488757, 0.4157229486638334, 0.4157183160708303, 0.41571773433450177, 0.41571723754377454, 0.41571723754377454, 0.4157172073416092, 0.4157172069708348, 0.4157171995386383, 0.4157171976370081, 0.4157171964487453, 0.4157171964487453, 0.4157171964110531, 0.4157171963808045, 0.4157171963775269, 0.41571719637729965, 0.415717196377166, 0.4157171963771411, 0.4157171963771368, 0.41571719637713556, 0.4157171963771351, 0.4157171963771349, 0.4157171963771349, 0.4157171963771349]}, "8": {"maxiter": 1000, "fatol": 1e-05, "xatol": 1e-05, "duration": 0.13348889350891113, "fun": "0.41571719637997884", "nit": "307", "nfev": "480", "status": "0", "success": "True", "message": "Optimization terminated successfully.", "x": "[7.29874295 2.54976652 4.55850427 1.39188249 3.70805522 1.89226449]", "final_simplex": "(array([[7.29874295, 2.54976652, 4.55850427, 1.39188249, 3.70805522,\n        1.89226449],\n       [7.29874303, 2.54976532, 4.55850403, 1.39188261, 3.70805203,\n        1.89226123],\n       [7.29874734, 2.54975916, 4.55850557, 1.39187732, 3.70805881,\n        1.89226581],\n       [7.2987445 , 2.5497718 , 4.55850509, 1.39188364, 3.70805073,\n        1.89226126],\n       [7.29874804, 2.54976981, 4.55850105, 1.39188673, 3.70804927,\n        1.89226699],\n       [7.29875026, 2.54976355, 4.55850763, 1.39188923, 3.70805357,\n        1.89226513],\n       [7.29875107, 2.54975959, 4.55850326, 1.39187402, 3.70806319,\n        1.89226288]]), array([0.4157172, 0.4157172, 0.4157172, 0.4157172, 0.4157172, 0.4157172,\n       0.4157172]))", "callback": [0.5453572063828377, 0.5374543987975146, 0.45899459984009017, 0.45105100234868034, 0.4268145302827233, 0.4197598728407379, 0.41862035569372225, 0.41789140132368074, 0.41744792344089254, 0.41707387536648965, 0.41687601278131226, 0.41659205468241767, 0.4164062647033352, 0.41626804855685784, 0.41606542270134517, 0.4158164599508789, 0.41574424594488757, 0.4157229486638334, 0.4157183160708303, 0.41571773433450177, 0.41571723754377454, 0.41571723754377454, 0.4157172073416092, 0.4157172069708348, 0.4157171995386383, 0.4157171976370081, 0.4157171964487453, 0.4157171964487453, 0.4157171964110531, 0.4157171963808045]}, "9": {"maxiter": 1000, "fatol": 1e-05, "xatol": 1e-10, "duration": 0.19699597358703613, "fun": "0.4157171963771349", "nit": "405", "nfev": "706", "status": "0", "success": "True", "message": "Optimization terminated successfully.", "x": "[7.2987473  2.54976433 4.55850539 1.39188319 3.70805427 1.89226415]", "final_simplex": "(array([[7.2987473 , 2.54976433, 4.55850539, 1.39188319, 3.70805427,\n        1.89226415],\n       [7.2987473 , 2.54976433, 4.55850539, 1.39188319, 3.70805427,\n        1.89226415],\n       [7.2987473 , 2.54976433, 4.55850539, 1.39188319, 3.70805427,\n        1.89226415],\n       [7.2987473 , 2.54976433, 4.55850539, 1.39188319, 3.70805427,\n        1.89226415],\n       [7.2987473 , 2.54976433, 4.55850539, 1.39188319, 3.70805427,\n        1.89226415],\n       [7.2987473 , 2.54976433, 4.55850539, 1.39188319, 3.70805427,\n        1.89226415],\n       [7.2987473 , 2.54976433, 4.55850539, 1.39188319, 3.70805427,\n        1.89226415]]), array([0.4157172, 0.4157172, 0.4157172, 0.4157172, 0.4157172, 0.4157172,\n       0.4157172]))", "callback": [0.5453572063828377, 0.5374543987975146, 0.45899459984009017, 0.45105100234868034, 0.4268145302827233, 0.4197598728407379, 0.41862035569372225, 0.41789140132368074, 0.41744792344089254, 0.41707387536648965, 0.41687601278131226, 0.41659205468241767, 0.4164062647033352, 0.41626804855685784, 0.41606542270134517, 0.4158164599508789, 0.41574424594488757, 0.4157229486638334, 0.4157183160708303, 0.41571773433450177, 0.41571723754377454, 0.41571723754377454, 0.4157172073416092, 0.4157172069708348, 0.4157171995386383, 0.4157171976370081, 0.4157171964487453, 0.4157171964487453, 0.4157171964110531, 0.4157171963808045, 0.4157171963775269, 0.41571719637729965, 0.415717196377166, 0.4157171963771411, 0.4157171963771368, 0.41571719637713556, 0.4157171963771351, 0.4157171963771349, 0.4157171963771349, 0.4157171963771349]}, "10": {"maxiter": 1000, "fatol": 1e-10, "xatol": 1e-05, "duration": 0.13421010971069336, "fun": "0.41571719637997884", "nit": "307", "nfev": "480", "status": "0", "success": "True", "message": "Optimization terminated successfully.", "x": "[7.29874295 2.54976652 4.55850427 1.39188249 3.70805522 1.89226449]", "final_simplex": "(array([[7.29874295, 2.54976652, 4.55850427, 1.39188249, 3.70805522,\n        1.89226449],\n       [7.29874303, 2.54976532, 4.55850403, 1.39188261, 3.70805203,\n        1.89226123],\n       [7.29874734, 2.54975916, 4.55850557, 1.39187732, 3.70805881,\n        1.89226581],\n       [7.2987445 , 2.5497718 , 4.55850509, 1.39188364, 3.70805073,\n        1.89226126],\n       [7.29874804, 2.54976981, 4.55850105, 1.39188673, 3.70804927,\n        1.89226699],\n       [7.29875026, 2.54976355, 4.55850763, 1.39188923, 3.70805357,\n        1.89226513],\n       [7.29875107, 2.54975959, 4.55850326, 1.39187402, 3.70806319,\n        1.89226288]]), array([0.4157172, 0.4157172, 0.4157172, 0.4157172, 0.4157172, 0.4157172,\n       0.4157172]))", "callback": [0.5453572063828377, 0.5374543987975146, 0.45899459984009017, 0.45105100234868034, 0.4268145302827233, 0.4197598728407379, 0.41862035569372225, 0.41789140132368074, 0.41744792344089254, 0.41707387536648965, 0.41687601278131226, 0.41659205468241767, 0.4164062647033352, 0.41626804855685784, 0.41606542270134517, 0.4158164599508789, 0.41574424594488757, 0.4157229486638334, 0.4157183160708303, 0.41571773433450177, 0.41571723754377454, 0.41571723754377454, 0.4157172073416092, 0.4157172069708348, 0.4157171995386383, 0.4157171976370081, 0.4157171964487453, 0.4157171964487453, 0.4157171964110531, 0.4157171963808045]}, "11": {"maxiter": 1000, "fatol": 1e-10, "xatol": 1e-10, "duration": 0.19585514068603516, "fun": "0.4157171963771349", "nit": "405", "nfev": "706", "status": "0", "success": "True", "message": "Optimization terminated successfully.", "x": "[7.2987473  2.54976433 4.55850539 1.39188319 3.70805427 1.89226415]", "final_simplex": "(array([[7.2987473 , 2.54976433, 4.55850539, 1.39188319, 3.70805427,\n        1.89226415],\n       [7.2987473 , 2.54976433, 4.55850539, 1.39188319, 3.70805427,\n        1.89226415],\n       [7.2987473 , 2.54976433, 4.55850539, 1.39188319, 3.70805427,\n        1.89226415],\n       [7.2987473 , 2.54976433, 4.55850539, 1.39188319, 3.70805427,\n        1.89226415],\n       [7.2987473 , 2.54976433, 4.55850539, 1.39188319, 3.70805427,\n        1.89226415],\n       [7.2987473 , 2.54976433, 4.55850539, 1.39188319, 3.70805427,\n        1.89226415],\n       [7.2987473 , 2.54976433, 4.55850539, 1.39188319, 3.70805427,\n        1.89226415]]), array([0.4157172, 0.4157172, 0.4157172, 0.4157172, 0.4157172, 0.4157172,\n       0.4157172]))", "callback": [0.5453572063828377, 0.5374543987975146, 0.45899459984009017, 0.45105100234868034, 0.4268145302827233, 0.4197598728407379, 0.41862035569372225, 0.41789140132368074, 0.41744792344089254, 0.41707387536648965, 0.41687601278131226, 0.41659205468241767, 0.4164062647033352, 0.41626804855685784, 0.41606542270134517, 0.4158164599508789, 0.41574424594488757, 0.4157229486638334, 0.4157183160708303, 0.41571773433450177, 0.41571723754377454, 0.41571723754377454, 0.4157172073416092, 0.4157172069708348, 0.4157171995386383, 0.4157171976370081, 0.4157171964487453, 0.4157171964487453, 0.4157171964110531, 0.4157171963808045, 0.4157171963775269, 0.41571719637729965, 0.415717196377166, 0.4157171963771411, 0.4157171963771368, 0.41571719637713556, 0.4157171963771351, 0.4157171963771349, 0.4157171963771349, 0.4157171963771349]}}, "bfgs": {"type": "gradient", "0": {"maxiter": 100, "gtol": 1e-05, "xrtol": 1e-05, "eps": 1e-05, "duration": 0.05331993103027344, "fun": "0.4157171964666606", "jac": "[ 1.18797194e-06 -6.95765667e-07  1.60829128e-06 -4.41957582e-07\n -2.06129558e-06 -3.81742415e-06]", "hess_inv": "[[ 5.45016841 -2.09011809  0.36360351 -1.55610766  0.85390217  1.10484563]\n [-2.09011809 15.64377726 -6.12144444  5.00052249 -7.61172017 -2.19782072]\n [ 0.36360351 -6.12144444  6.16691417 -0.19787163  3.1030329   1.00270859]\n [-1.55610766  5.00052249 -0.19787163  9.66285569 -2.41692273  0.43791642]\n [ 0.85390217 -7.61172017  3.1030329  -2.41692273  7.28590243  0.23870605]\n [ 1.10484563 -2.19782072  1.00270859  0.43791642  0.23870605  4.32707386]]", "nfev": "189", "njev": "27", "status": "0", "success": "True", "message": "Optimization terminated successfully.", "x": "[7.29874606 2.54976513 4.55850155 1.39186245 3.7080444  1.89223949]", "nit": "22", "callback": [0.4165253556963986, 0.4157173031290887]}, "1": {"maxiter": 100, "gtol": 1e-05, "xrtol": 1e-05, "eps": 1e-10, "duration": 0.05299091339111328, "fun": "0.41571719645240446", "jac": "[ 2.22044587e-06  0.00000000e+00  4.44089173e-06  1.11022293e-06\n -2.22044587e-06 -2.22044587e-06]", "hess_inv": "[[ 5.44891721 -2.07837599  0.3654607  -1.5583073   0.86345766  1.09586243]\n [-2.07837599 15.58705524 -6.11251258  5.01052259 -7.63822866 -2.17254232]\n [ 0.3654607  -6.11251258  6.17876017 -0.19893533  3.12687371  0.98694346]\n [-1.5583073   5.01052259 -0.19893533  9.66319876 -2.42487807  0.43455693]\n [ 0.86345766 -7.63822866  3.12687371 -2.42487807  7.33416003  0.22062932]\n [ 1.09586243 -2.17254232  0.98694346  0.43455693  0.22062932  4.32875017]]", "nfev": "189", "njev": "27", "status": "0", "success": "True", "message": "Optimization terminated successfully.", "x": "[7.29875434 2.54975913 4.55851068 1.39186717 3.70804853 1.8922442 ]", "nit": "22", "callback": [0.4165255305736214, 0.4157173004256177]}, "2": {"maxiter": 100, "gtol": 1e-05, "xrtol": 1e-10, "eps": 1e-05, "duration": 0.05294227600097656, "fun": "0.4157171964666606", "jac": "[ 1.18797194e-06 -6.95765667e-07  1.60829128e-06 -4.41957582e-07\n -2.06129558e-06 -3.81742415e-06]", "hess_inv": "[[ 5.45016841 -2.09011809  0.36360351 -1.55610766  0.85390217  1.10484563]\n [-2.09011809 15.64377726 -6.12144444  5.00052249 -7.61172017 -2.19782072]\n [ 0.36360351 -6.12144444  6.16691417 -0.19787163  3.1030329   1.00270859]\n [-1.55610766  5.00052249 -0.19787163  9.66285569 -2.41692273  0.43791642]\n [ 0.85390217 -7.61172017  3.1030329  -2.41692273  7.28590243  0.23870605]\n [ 1.10484563 -2.19782072  1.00270859  0.43791642  0.23870605  4.32707386]]", "nfev": "189", "njev": "27", "status": "0", "success": "True", "message": "Optimization terminated successfully.", "x": "[7.29874606 2.54976513 4.55850155 1.39186245 3.7080444  1.89223949]", "nit": "22", "callback": [0.4165253556963986, 0.4157173031290887]}, "3": {"maxiter": 100, "gtol": 1e-05, "xrtol": 1e-10, "eps": 1e-10, "duration": 0.05264401435852051, "fun": "0.41571719645240446", "jac": "[ 2.22044587e-06  0.00000000e+00  4.44089173e-06  1.11022293e-06\n -2.22044587e-06 -2.22044587e-06]", "hess_inv": "[[ 5.44891721 -2.07837599  0.3654607  -1.5583073   0.86345766  1.09586243]\n [-2.07837599 15.58705524 -6.11251258  5.01052259 -7.63822866 -2.17254232]\n [ 0.3654607  -6.11251258  6.17876017 -0.19893533  3.12687371  0.98694346]\n [-1.5583073   5.01052259 -0.19893533  9.66319876 -2.42487807  0.43455693]\n [ 0.86345766 -7.63822866  3.12687371 -2.42487807  7.33416003  0.22062932]\n [ 1.09586243 -2.17254232  0.98694346  0.43455693  0.22062932  4.32875017]]", "nfev": "189", "njev": "27", "status": "0", "success": "True", "message": "Optimization terminated successfully.", "x": "[7.29875434 2.54975913 4.55851068 1.39186717 3.70804853 1.8922442 ]", "nit": "22", "callback": [0.4165255305736214, 0.4157173004256177]}, "4": {"maxiter": 100, "gtol": 1e-10, "xrtol": 1e-05, "eps": 1e-05, "duration": 0.054434776306152344, "fun": "0.4157171964030858", "jac": "[ 2.15716334e-08  3.78030940e-08 -1.54321000e-08 -2.35134134e-07\n  5.37681011e-08 -4.36606307e-07]", "hess_inv": "[[ 5.47831444 -2.11111787  0.40355954 -1.5966697   0.81112649  1.01637467]\n [-2.11111787 15.63184239 -6.14856627  5.08171691 -7.61457676 -2.06383771]\n [ 0.40355954 -6.14856627  6.22337359 -0.26041567  3.04569653  0.87049259]\n [-1.5966697   5.08171691 -0.26041567  9.62733588 -2.29111912  0.43999149]\n [ 0.81112649 -7.61457676  3.04569653 -2.29111912  7.30710978  0.45879064]\n [ 1.01637467 -2.06383771  0.87049259  0.43999149  0.45879064  4.43776841]]", "nfev": "196", "njev": "28", "status": "0", "success": "True", "message": "Optimization terminated successfully.", "x": "[7.29874228 2.54976708 4.55849626 1.39186951 3.70804904 1.89225353]", "nit": "23", "callback": [0.4165253556963986, 0.4157173031290887]}, "5": {"maxiter": 100, "gtol": 1e-10, "xrtol": 1e-05, "eps": 1e-10, "duration": 0.05447101593017578, "fun": "0.41571719644613747", "jac": "[-1.11022293e-06 -1.11022293e-06 -2.22044587e-06  0.00000000e+00\n  0.00000000e+00 -3.33066880e-06]", "hess_inv": "[[ 5.52202916 -2.14878651  0.51692837 -1.48615253  0.72143995  1.05409616]\n [-2.14878651 15.6349605  -6.27908687  4.91899124 -7.5769832  -2.14287351]\n [ 0.51692837 -6.27908687  6.47102419 -0.07237883  2.75409356  0.88943712]\n [-1.48615253  4.91899124 -0.07237883  9.70999738 -2.64867773  0.38164901]\n [ 0.72143995 -7.5769832   2.75409356 -2.64867773  7.32344467  0.26171078]\n [ 1.05409616 -2.14287351  0.88943712  0.38164901  0.26171078  4.34701321]]", "nfev": "196", "njev": "28", "status": "0", "success": "True", "message": "Optimization terminated successfully.", "x": "[7.29874538 2.54976475 4.55848897 1.39185498 3.70805449 1.89224772]", "nit": "23", "callback": [0.4165255305736214, 0.4157173004256177]}, "6": {"maxiter": 100, "gtol": 1e-10, "xrtol": 1e-10, "eps": 1e-05, "duration": 0.13486313819885254, "fun": "0.41571719639635796", "jac": "[-6.66133815e-11 -3.77475828e-10 -1.11022302e-10  8.88178420e-11\n  4.44089210e-11  2.10942375e-10]", "hess_inv": "[[ 5.45192554 -2.10431763  0.33820312 -1.66025283  0.85346519  1.02402822]\n [-2.10431763 17.40571398 -6.15157043  6.48747231 -8.78191329 -2.10669316]\n [ 0.33820312 -6.15157043  6.10828059 -0.22389783  3.13818116  1.07144707]\n [-1.66025283  6.48747231 -0.22389783 11.43073822 -3.16987995  1.17062471]\n [ 0.85346519 -8.78191329  3.13818116 -3.16987995  7.98586546  0.41202542]\n [ 1.02402822 -2.10669316  1.07144707  1.17062471  0.41202542  5.07219024]]", "nfev": "494", "njev": "69", "status": "2", "success": "False", "message": "Desired error not necessarily achieved due to precision loss.", "x": "[7.29874227 2.54976736 4.55849689 1.39187274 3.70804844 1.89225616]", "nit": "26", "callback": [0.4165253556963986, 0.4157173031290887]}, "7": {"maxiter": 100, "gtol": 1e-10, "xrtol": 1e-10, "eps": 1e-10, "duration": 0.08055686950683594, "fun": "0.4157171964243508", "jac": "[ 1.11022293e-06  0.00000000e+00 -1.11022293e-06 -1.11022293e-06\n -1.11022293e-06  1.11022293e-06]", "hess_inv": "[[  5.16095882 -11.72703995   2.73776445  -5.44615065  11.18796715\n   -2.73037394]\n [-11.72703995  57.23317762 -12.64960325  18.91602659 -49.78164435\n    7.1710966 ]\n [  2.73776445 -12.64960325   4.66754572  -4.6762904    8.95980806\n   -1.8481812 ]\n [ -5.44615065  18.91602659  -4.6762904    8.88105101 -18.21692603\n    3.9355758 ]\n [ 11.18796715 -49.78164435   8.95980806 -18.21692603  48.98881182\n   -6.93384079]\n [ -2.73037394   7.1710966   -1.8481812    3.9355758   -6.93384079\n    2.94111213]]", "nfev": "294", "njev": "42", "status": "0", "success": "True", "message": "Optimization terminated successfully.", "x": "[7.29874733 2.5497711  4.55848873 1.39185996 3.70804734 1.89225653]", "nit": "27", "callback": [0.4165255305736214, 0.4157173004256177]}, "8": {"maxiter": 500, "gtol": 1e-05, "xrtol": 1e-05, "eps": 1e-05, "duration": 0.05225014686584473, "fun": "0.4157171964666606", "jac": "[ 1.18797194e-06 -6.95765667e-07  1.60829128e-06 -4.41957582e-07\n -2.06129558e-06 -3.81742415e-06]", "hess_inv": "[[ 5.45016841 -2.09011809  0.36360351 -1.55610766  0.85390217  1.10484563]\n [-2.09011809 15.64377726 -6.12144444  5.00052249 -7.61172017 -2.19782072]\n [ 0.36360351 -6.12144444  6.16691417 -0.19787163  3.1030329   1.00270859]\n [-1.55610766  5.00052249 -0.19787163  9.66285569 -2.41692273  0.43791642]\n [ 0.85390217 -7.61172017  3.1030329  -2.41692273  7.28590243  0.23870605]\n [ 1.10484563 -2.19782072  1.00270859  0.43791642  0.23870605  4.32707386]]", "nfev": "189", "njev": "27", "status": "0", "success": "True", "message": "Optimization terminated successfully.", "x": "[7.29874606 2.54976513 4.55850155 1.39186245 3.7080444  1.89223949]", "nit": "22", "callback": [0.4165253556963986, 0.4157173031290887]}, "9": {"maxiter": 500, "gtol": 1e-05, "xrtol": 1e-05, "eps": 1e-10, "duration": 0.051985740661621094, "fun": "0.41571719645240446", "jac": "[ 2.22044587e-06  0.00000000e+00  4.44089173e-06  1.11022293e-06\n -2.22044587e-06 -2.22044587e-06]", "hess_inv": "[[ 5.44891721 -2.07837599  0.3654607  -1.5583073   0.86345766  1.09586243]\n [-2.07837599 15.58705524 -6.11251258  5.01052259 -7.63822866 -2.17254232]\n [ 0.3654607  -6.11251258  6.17876017 -0.19893533  3.12687371  0.98694346]\n [-1.5583073   5.01052259 -0.19893533  9.66319876 -2.42487807  0.43455693]\n [ 0.86345766 -7.63822866  3.12687371 -2.42487807  7.33416003  0.22062932]\n [ 1.09586243 -2.17254232  0.98694346  0.43455693  0.22062932  4.32875017]]", "nfev": "189", "njev": "27", "status": "0", "success": "True", "message": "Optimization terminated successfully.", "x": "[7.29875434 2.54975913 4.55851068 1.39186717 3.70804853 1.8922442 ]", "nit": "22", "callback": [0.4165255305736214, 0.4157173004256177]}, "10": {"maxiter": 500, "gtol": 1e-05, "xrtol": 1e-10, "eps": 1e-05, "duration": 0.05213284492492676, "fun": "0.4157171964666606", "jac": "[ 1.18797194e-06 -6.95765667e-07  1.60829128e-06 -4.41957582e-07\n -2.06129558e-06 -3.81742415e-06]", "hess_inv": "[[ 5.45016841 -2.09011809  0.36360351 -1.55610766  0.85390217  1.10484563]\n [-2.09011809 15.64377726 -6.12144444  5.00052249 -7.61172017 -2.19782072]\n [ 0.36360351 -6.12144444  6.16691417 -0.19787163  3.1030329   1.00270859]\n [-1.55610766  5.00052249 -0.19787163  9.66285569 -2.41692273  0.43791642]\n [ 0.85390217 -7.61172017  3.1030329  -2.41692273  7.28590243  0.23870605]\n [ 1.10484563 -2.19782072  1.00270859  0.43791642  0.23870605  4.32707386]]", "nfev": "189", "njev": "27", "status": "0", "success": "True", "message": "Optimization terminated successfully.", "x": "[7.29874606 2.54976513 4.55850155 1.39186245 3.7080444  1.89223949]", "nit": "22", "callback": [0.4165253556963986, 0.4157173031290887]}, "11": {"maxiter": 500, "gtol": 1e-05, "xrtol": 1e-10, "eps": 1e-10, "duration": 0.052323102951049805, "fun": "0.41571719645240446", "jac": "[ 2.22044587e-06  0.00000000e+00  4.44089173e-06  1.11022293e-06\n -2.22044587e-06 -2.22044587e-06]", "hess_inv": "[[ 5.44891721 -2.07837599  0.3654607  -1.5583073   0.86345766  1.09586243]\n [-2.07837599 15.58705524 -6.11251258  5.01052259 -7.63822866 -2.17254232]\n [ 0.3654607  -6.11251258  6.17876017 -0.19893533  3.12687371  0.98694346]\n [-1.5583073   5.01052259 -0.19893533  9.66319876 -2.42487807  0.43455693]\n [ 0.86345766 -7.63822866  3.12687371 -2.42487807  7.33416003  0.22062932]\n [ 1.09586243 -2.17254232  0.98694346  0.43455693  0.22062932  4.32875017]]", "nfev": "189", "njev": "27", "status": "0", "success": "True", "message": "Optimization terminated successfully.", "x": "[7.29875434 2.54975913 4.55851068 1.39186717 3.70804853 1.8922442 ]", "nit": "22", "callback": [0.4165255305736214, 0.4157173004256177]}, "12": {"maxiter": 500, "gtol": 1e-10, "xrtol": 1e-05, "eps": 1e-05, "duration": 0.05389523506164551, "fun": "0.4157171964030858", "jac": "[ 2.15716334e-08  3.78030940e-08 -1.54321000e-08 -2.35134134e-07\n  5.37681011e-08 -4.36606307e-07]", "hess_inv": "[[ 5.47831444 -2.11111787  0.40355954 -1.5966697   0.81112649  1.01637467]\n [-2.11111787 15.63184239 -6.14856627  5.08171691 -7.61457676 -2.06383771]\n [ 0.40355954 -6.14856627  6.22337359 -0.26041567  3.04569653  0.87049259]\n [-1.5966697   5.08171691 -0.26041567  9.62733588 -2.29111912  0.43999149]\n [ 0.81112649 -7.61457676  3.04569653 -2.29111912  7.30710978  0.45879064]\n [ 1.01637467 -2.06383771  0.87049259  0.43999149  0.45879064  4.43776841]]", "nfev": "196", "njev": "28", "status": "0", "success": "True", "message": "Optimization terminated successfully.", "x": "[7.29874228 2.54976708 4.55849626 1.39186951 3.70804904 1.89225353]", "nit": "23", "callback": [0.4165253556963986, 0.4157173031290887]}, "13": {"maxiter": 500, "gtol": 1e-10, "xrtol": 1e-05, "eps": 1e-10, "duration": 0.053717851638793945, "fun": "0.41571719644613747", "jac": "[-1.11022293e-06 -1.11022293e-06 -2.22044587e-06  0.00000000e+00\n  0.00000000e+00 -3.33066880e-06]", "hess_inv": "[[ 5.52202916 -2.14878651  0.51692837 -1.48615253  0.72143995  1.05409616]\n [-2.14878651 15.6349605  -6.27908687  4.91899124 -7.5769832  -2.14287351]\n [ 0.51692837 -6.27908687  6.47102419 -0.07237883  2.75409356  0.88943712]\n [-1.48615253  4.91899124 -0.07237883  9.70999738 -2.64867773  0.38164901]\n [ 0.72143995 -7.5769832   2.75409356 -2.64867773  7.32344467  0.26171078]\n [ 1.05409616 -2.14287351  0.88943712  0.38164901  0.26171078  4.34701321]]", "nfev": "196", "njev": "28", "status": "0", "success": "True", "message": "Optimization terminated successfully.", "x": "[7.29874538 2.54976475 4.55848897 1.39185498 3.70805449 1.89224772]", "nit": "23", "callback": [0.4165255305736214, 0.4157173004256177]}, "14": {"maxiter": 500, "gtol": 1e-10, "xrtol": 1e-10, "eps": 1e-05, "duration": 0.13424420356750488, "fun": "0.41571719639635796", "jac": "[-6.66133815e-11 -3.77475828e-10 -1.11022302e-10  8.88178420e-11\n  4.44089210e-11  2.10942375e-10]", "hess_inv": "[[ 5.45192554 -2.10431763  0.33820312 -1.66025283  0.85346519  1.02402822]\n [-2.10431763 17.40571398 -6.15157043  6.48747231 -8.78191329 -2.10669316]\n [ 0.33820312 -6.15157043  6.10828059 -0.22389783  3.13818116  1.07144707]\n [-1.66025283  6.48747231 -0.22389783 11.43073822 -3.16987995  1.17062471]\n [ 0.85346519 -8.78191329  3.13818116 -3.16987995  7.98586546  0.41202542]\n [ 1.02402822 -2.10669316  1.07144707  1.17062471  0.41202542  5.07219024]]", "nfev": "494", "njev": "69", "status": "2", "success": "False", "message": "Desired error not necessarily achieved due to precision loss.", "x": "[7.29874227 2.54976736 4.55849689 1.39187274 3.70804844 1.89225616]", "nit": "26", "callback": [0.4165253556963986, 0.4157173031290887]}, "15": {"maxiter": 500, "gtol": 1e-10, "xrtol": 1e-10, "eps": 1e-10, "duration": 0.08038997650146484, "fun": "0.4157171964243508", "jac": "[ 1.11022293e-06  0.00000000e+00 -1.11022293e-06 -1.11022293e-06\n -1.11022293e-06  1.11022293e-06]", "hess_inv": "[[  5.16095882 -11.72703995   2.73776445  -5.44615065  11.18796715\n   -2.73037394]\n [-11.72703995  57.23317762 -12.64960325  18.91602659 -49.78164435\n    7.1710966 ]\n [  2.73776445 -12.64960325   4.66754572  -4.6762904    8.95980806\n   -1.8481812 ]\n [ -5.44615065  18.91602659  -4.6762904    8.88105101 -18.21692603\n    3.9355758 ]\n [ 11.18796715 -49.78164435   8.95980806 -18.21692603  48.98881182\n   -6.93384079]\n [ -2.73037394   7.1710966   -1.8481812    3.9355758   -6.93384079\n    2.94111213]]", "nfev": "294", "njev": "42", "status": "0", "success": "True", "message": "Optimization terminated successfully.", "x": "[7.29874733 2.5497711  4.55848873 1.39185996 3.70804734 1.89225653]", "nit": "27", "callback": [0.4165255305736214, 0.4157173004256177]}, "16": {"maxiter": 1000, "gtol": 1e-05, "xrtol": 1e-05, "eps": 1e-05, "duration": 0.052034854888916016, "fun": "0.4157171964666606", "jac": "[ 1.18797194e-06 -6.95765667e-07  1.60829128e-06 -4.41957582e-07\n -2.06129558e-06 -3.81742415e-06]", "hess_inv": "[[ 5.45016841 -2.09011809  0.36360351 -1.55610766  0.85390217  1.10484563]\n [-2.09011809 15.64377726 -6.12144444  5.00052249 -7.61172017 -2.19782072]\n [ 0.36360351 -6.12144444  6.16691417 -0.19787163  3.1030329   1.00270859]\n [-1.55610766  5.00052249 -0.19787163  9.66285569 -2.41692273  0.43791642]\n [ 0.85390217 -7.61172017  3.1030329  -2.41692273  7.28590243  0.23870605]\n [ 1.10484563 -2.19782072  1.00270859  0.43791642  0.23870605  4.32707386]]", "nfev": "189", "njev": "27", "status": "0", "success": "True", "message": "Optimization terminated successfully.", "x": "[7.29874606 2.54976513 4.55850155 1.39186245 3.7080444  1.89223949]", "nit": "22", "callback": [0.4165253556963986, 0.4157173031290887]}, "17": {"maxiter": 1000, "gtol": 1e-05, "xrtol": 1e-05, "eps": 1e-10, "duration": 0.05259108543395996, "fun": "0.41571719645240446", "jac": "[ 2.22044587e-06  0.00000000e+00  4.44089173e-06  1.11022293e-06\n -2.22044587e-06 -2.22044587e-06]", "hess_inv": "[[ 5.44891721 -2.07837599  0.3654607  -1.5583073   0.86345766  1.09586243]\n [-2.07837599 15.58705524 -6.11251258  5.01052259 -7.63822866 -2.17254232]\n [ 0.3654607  -6.11251258  6.17876017 -0.19893533  3.12687371  0.98694346]\n [-1.5583073   5.01052259 -0.19893533  9.66319876 -2.42487807  0.43455693]\n [ 0.86345766 -7.63822866  3.12687371 -2.42487807  7.33416003  0.22062932]\n [ 1.09586243 -2.17254232  0.98694346  0.43455693  0.22062932  4.32875017]]", "nfev": "189", "njev": "27", "status": "0", "success": "True", "message": "Optimization terminated successfully.", "x": "[7.29875434 2.54975913 4.55851068 1.39186717 3.70804853 1.8922442 ]", "nit": "22", "callback": [0.4165255305736214, 0.4157173004256177]}, "18": {"maxiter": 1000, "gtol": 1e-05, "xrtol": 1e-10, "eps": 1e-05, "duration": 0.051928043365478516, "fun": "0.4157171964666606", "jac": "[ 1.18797194e-06 -6.95765667e-07  1.60829128e-06 -4.41957582e-07\n -2.06129558e-06 -3.81742415e-06]", "hess_inv": "[[ 5.45016841 -2.09011809  0.36360351 -1.55610766  0.85390217  1.10484563]\n [-2.09011809 15.64377726 -6.12144444  5.00052249 -7.61172017 -2.19782072]\n [ 0.36360351 -6.12144444  6.16691417 -0.19787163  3.1030329   1.00270859]\n [-1.55610766  5.00052249 -0.19787163  9.66285569 -2.41692273  0.43791642]\n [ 0.85390217 -7.61172017  3.1030329  -2.41692273  7.28590243  0.23870605]\n [ 1.10484563 -2.19782072  1.00270859  0.43791642  0.23870605  4.32707386]]", "nfev": "189", "njev": "27", "status": "0", "success": "True", "message": "Optimization terminated successfully.", "x": "[7.29874606 2.54976513 4.55850155 1.39186245 3.7080444  1.89223949]", "nit": "22", "callback": [0.4165253556963986, 0.4157173031290887]}, "19": {"maxiter": 1000, "gtol": 1e-05, "xrtol": 1e-10, "eps": 1e-10, "duration": 0.05190920829772949, "fun": "0.41571719645240446", "jac": "[ 2.22044587e-06  0.00000000e+00  4.44089173e-06  1.11022293e-06\n -2.22044587e-06 -2.22044587e-06]", "hess_inv": "[[ 5.44891721 -2.07837599  0.3654607  -1.5583073   0.86345766  1.09586243]\n [-2.07837599 15.58705524 -6.11251258  5.01052259 -7.63822866 -2.17254232]\n [ 0.3654607  -6.11251258  6.17876017 -0.19893533  3.12687371  0.98694346]\n