{"date": "2024/09/12/, 01:29:24", "conf_id": 19, "data_type": "random\n", "num_data_points": 1, "s_rank": 0, "unitary": "[[-0.24866696+0.58742286j,-0.44704345-0.43151574j,-0.35669027-0.20570733j,-0.10517633+0.1626036j],[0.10596805-0.19687975j,-0.30269685-0.15056416j,0.18246286+0.30440582j,-0.83484447-0.11310748j],[0.26054512-0.52548482j,0.0285017-0.50723956j,-0.43110112+0.17165838j,0.15243271+0.39915801j],[0.42978035+0.11991271j,-0.17224126-0.46030424j,0.6827807-0.15164662j,0.26483638+0.0061855j]]", "databatch_0": {"databatch": "[[[-0.21908533-0.13624612j,0.12982317-0.16818675j,0.15854887+0.06305537j,0.23718657+0.14174072j],[-0.20776521-0.04618502j,-0.24118812+0.17600298j,0.0644187+0.25471753j,-0.07564452-0.13817242j],[-0.21115346+0.20523562j,0.25172726-0.20764155j,-0.22845126+0.20843514j,-0.03001425-0.06405185j],[-0.12695665-0.11070172j,-0.0177713-0.25243822j,0.15832437-0.13589838j,-0.27884589+0.21682239j]]]", "initial param values": "[3.68225497,2.78553317,0.77687389,5.67650451,5.35937393,4.12396115]", "nelder_mead": {"type": "gradient-free", "0": {"maxiter": 100, "fatol": 1e-05, "xatol": 1e-05, "duration": 0.04652214050292969, "fun": "0.5111482765653901", "nit": "100", "nfev": "160", "status": "2", "success": "False", "message": "Maximum number of iterations has been exceeded.", "x": "[5.29481476 3.59296903 0.87310898 4.61565456 5.89686707 2.02835099]", "final_simplex": "(array([[5.29481476, 3.59296903, 0.87310898, 4.61565456, 5.89686707,\n        2.02835099],\n       [5.29164034, 3.59810379, 0.86779245, 4.68221314, 5.92672939,\n        2.03037429],\n       [5.29567241, 3.5603801 , 0.8560427 , 4.68487405, 5.90624972,\n        2.05813411],\n       [5.31560196, 3.62552906, 0.85493162, 4.66383861, 5.90016026,\n        2.05948336],\n       [5.25447587, 3.59175635, 0.857754  , 4.65331126, 5.91591383,\n        2.05526222],\n       [5.29193407, 3.62143799, 0.85471815, 4.64084013, 5.88248339,\n        2.01223824],\n       [5.30697313, 3.59015807, 0.85343836, 4.60303817, 5.90422907,\n        2.0371324 ]]), array([0.51114828, 0.51165699, 0.51222596, 0.51228782, 0.5123284 ,\n       0.51253311, 0.51266393]))", "callback": [0.6513655037698878, 0.56494155899782, 0.5559584610441617, 0.5502127559765464, 0.5381197031779912, 0.5142433962694376, 0.5142433962694376, 0.5134506651065531, 0.5125331102839135]}, "1": {"maxiter": 100, "fatol": 1e-05, "xatol": 1e-10, "duration": 0.045217037200927734, "fun": "0.5111482765653901", "nit": "100", "nfev": "160", "status": "2", "success": "False", "message": "Maximum number of iterations has been exceeded.", "x": "[5.29481476 3.59296903 0.87310898 4.61565456 5.89686707 2.02835099]", "final_simplex": "(array([[5.29481476, 3.59296903, 0.87310898, 4.61565456, 5.89686707,\n        2.02835099],\n       [5.29164034, 3.59810379, 0.86779245, 4.68221314, 5.92672939,\n        2.03037429],\n       [5.29567241, 3.5603801 , 0.8560427 , 4.68487405, 5.90624972,\n        2.05813411],\n       [5.31560196, 3.62552906, 0.85493162, 4.66383861, 5.90016026,\n        2.05948336],\n       [5.25447587, 3.59175635, 0.857754  , 4.65331126, 5.91591383,\n        2.05526222],\n       [5.29193407, 3.62143799, 0.85471815, 4.64084013, 5.88248339,\n        2.01223824],\n       [5.30697313, 3.59015807, 0.85343836, 4.60303817, 5.90422907,\n        2.0371324 ]]), array([0.51114828, 0.51165699, 0.51222596, 0.51228782, 0.5123284 ,\n       0.51253311, 0.51266393]))", "callback": [0.6513655037698878, 0.56494155899782, 0.5559584610441617, 0.5502127559765464, 0.5381197031779912, 0.5142433962694376, 0.5142433962694376, 0.5134506651065531, 0.5125331102839135]}, "2": {"maxiter": 100, "fatol": 1e-10, "xatol": 1e-05, "duration": 0.0453338623046875, "fun": "0.5111482765653901", "nit": "100", "nfev": "160", "status": "2", "success": "False", "message": "Maximum number of iterations has been exceeded.", "x": "[5.29481476 3.59296903 0.87310898 4.61565456 5.89686707 2.02835099]", "final_simplex": "(array([[5.29481476, 3.59296903, 0.87310898, 4.61565456, 5.89686707,\n        2.02835099],\n       [5.29164034, 3.59810379, 0.86779245, 4.68221314, 5.92672939,\n        2.03037429],\n       [5.29567241, 3.5603801 , 0.8560427 , 4.68487405, 5.90624972,\n        2.05813411],\n       [5.31560196, 3.62552906, 0.85493162, 4.66383861, 5.90016026,\n        2.05948336],\n       [5.25447587, 3.59175635, 0.857754  , 4.65331126, 5.91591383,\n        2.05526222],\n       [5.29193407, 3.62143799, 0.85471815, 4.64084013, 5.88248339,\n        2.01223824],\n       [5.30697313, 3.59015807, 0.85343836, 4.60303817, 5.90422907,\n        2.0371324 ]]), array([0.51114828, 0.51165699, 0.51222596, 0.51228782, 0.5123284 ,\n       0.51253311, 0.51266393]))", "callback": [0.6513655037698878, 0.56494155899782, 0.5559584610441617, 0.5502127559765464, 0.5381197031779912, 0.5142433962694376, 0.5142433962694376, 0.5134506651065531, 0.5125331102839135]}, "3": {"maxiter": 100, "fatol": 1e-10, "xatol": 1e-10, "duration": 0.04542732238769531, "fun": "0.5111482765653901", "nit": "100", "nfev": "160", "status": "2", "success": "False", "message": "Maximum number of iterations has been exceeded.", "x": "[5.29481476 3.59296903 0.87310898 4.61565456 5.89686707 2.02835099]", "final_simplex": "(array([[5.29481476, 3.59296903, 0.87310898, 4.61565456, 5.89686707,\n        2.02835099],\n       [5.29164034, 3.59810379, 0.86779245, 4.68221314, 5.92672939,\n        2.03037429],\n       [5.29567241, 3.5603801 , 0.8560427 , 4.68487405, 5.90624972,\n        2.05813411],\n       [5.31560196, 3.62552906, 0.85493162, 4.66383861, 5.90016026,\n        2.05948336],\n       [5.25447587, 3.59175635, 0.857754  , 4.65331126, 5.91591383,\n        2.05526222],\n       [5.29193407, 3.62143799, 0.85471815, 4.64084013, 5.88248339,\n        2.01223824],\n       [5.30697313, 3.59015807, 0.85343836, 4.60303817, 5.90422907,\n        2.0371324 ]]), array([0.51114828, 0.51165699, 0.51222596, 0.51228782, 0.5123284 ,\n       0.51253311, 0.51266393]))", "callback": [0.6513655037698878, 0.56494155899782, 0.5559584610441617, 0.5502127559765464, 0.5381197031779912, 0.5142433962694376, 0.5142433962694376, 0.5134506651065531, 0.5125331102839135]}, "4": {"maxiter": 500, "fatol": 1e-05, "xatol": 1e-05, "duration": 0.13843607902526855, "fun": "0.4903019133187433", "nit": "309", "nfev": "498", "status": "0", "success": "True", "message": "Optimization terminated successfully.", "x": "[5.19348625 3.27775626 1.37987654 4.634588   5.92611437 2.25793185]", "final_simplex": "(array([[5.19348625, 3.27775626, 1.37987654, 4.634588  , 5.92611437,\n        2.25793185],\n       [5.1934922 , 3.2777556 , 1.37987219, 4.63459226, 5.92611348,\n        2.25792929],\n       [5.1934887 , 3.27775662, 1.37988054, 4.63458989, 5.92611461,\n        2.25793339],\n       [5.19349552, 3.27775879, 1.37987104, 4.63459274, 5.92611163,\n        2.25793301],\n       [5.19348876, 3.27775555, 1.379879  , 4.63459457, 5.92611985,\n        2.25793811],\n       [5.19349228, 3.27776409, 1.37987264, 4.63458896, 5.92612139,\n        2.25792717],\n       [5.19349314, 3.2777527 , 1.37987808, 4.63458566, 5.92611664,\n        2.25793399]]), array([0.49030191, 0.49030191, 0.49030191, 0.49030191, 0.49030191,\n       0.49030191, 0.49030191]))", "callback": [0.6513655037698878, 0.56494155899782, 0.5559584610441617, 0.5502127559765464, 0.5381197031779912, 0.5142433962694376, 0.5142433962694376, 0.5134506651065531, 0.5125331102839135, 0.5111482765653901, 0.5075621168138986, 0.49733204245753093, 0.49403821392732905, 0.4911876433374557, 0.49070403654073425, 0.49041531898377855, 0.4903236802391804, 0.49030406315875186, 0.4903030856749453, 0.4903024222651303, 0.49030217982231816, 0.4903021517451379, 0.49030209056581564, 0.4903019835806641, 0.4903019277008396, 0.4903019189756248, 0.4903019150229935, 0.49030191349249685, 0.49030191336163664, 0.4903019133257567]}, "5": {"maxiter": 500, "fatol": 1e-05, "xatol": 1e-10, "duration": 0.20154404640197754, "fun": "0.4903019133133757", "nit": "414", "nfev": "731", "status": "0", "success": "True", "message": "Optimization terminated successfully.", "x": "[5.19348778 3.27776138 1.3798711  4.63459159 5.92611459 2.25793214]", "final_simplex": "(array([[5.19348778, 3.27776138, 1.3798711 , 4.63459159, 5.92611459,\n        2.25793214],\n       [5.19348778, 3.27776138, 1.3798711 , 4.63459159, 5.92611459,\n        2.25793214],\n       [5.19348778, 3.27776138, 1.3798711 , 4.63459159, 5.92611459,\n        2.25793214],\n       [5.19348778, 3.27776138, 1.3798711 , 4.63459159, 5.92611459,\n        2.25793214],\n       [5.19348778, 3.27776138, 1.3798711 , 4.63459159, 5.92611459,\n        2.25793214],\n       [5.19348778, 3.27776138, 1.3798711 , 4.63459159, 5.92611459,\n        2.25793214],\n       [5.19348778, 3.27776138, 1.3798711 , 4.63459159, 5.92611459,\n        2.25793214]]), array([0.49030191, 0.49030191, 0.49030191, 0.49030191, 0.49030191,\n       0.49030191, 0.49030191]))", "callback": [0.6513655037698878, 0.56494155899782, 0.5559584610441617, 0.5502127559765464, 0.5381197031779912, 0.5142433962694376, 0.5142433962694376, 0.5134506651065531, 0.5125331102839135, 0.5111482765653901, 0.5075621168138986, 0.49733204245753093, 0.49403821392732905, 0.4911876433374557, 0.49070403654073425, 0.49041531898377855, 0.4903236802391804, 0.49030406315875186, 0.4903030856749453, 0.4903024222651303, 0.49030217982231816, 0.4903021517451379, 0.49030209056581564, 0.4903019835806641, 0.4903019277008396, 0.4903019189756248, 0.4903019150229935, 0.49030191349249685, 0.49030191336163664, 0.4903019133257567, 0.49030191331748985, 0.49030191331437045, 0.49030191331377126, 0.4903019133135138, 0.4903019133133949, 0.49030191331338, 0.490301913313377, 0.49030191331337614, 0.4903019133133758, 0.4903019133133757, 0.4903019133133757]}, "6": {"maxiter": 500, "fatol": 1e-10, "xatol": 1e-05, "duration": 0.14174628257751465, "fun": "0.4903019133187433", "nit": "309", "nfev": "498", "status": "0", "success": "True", "message": "Optimization terminated successfully.", "x": "[5.19348625 3.27775626 1.37987654 4.634588   5.92611437 2.25793185]", "final_simplex": "(array([[5.19348625, 3.27775626, 1.37987654, 4.634588  , 5.92611437,\n        2.25793185],\n       [5.1934922 , 3.2777556 , 1.37987219, 4.63459226, 5.92611348,\n        2.25792929],\n       [5.1934887 , 3.27775662, 1.37988054, 4.63458989, 5.92611461,\n        2.25793339],\n       [5.19349552, 3.27775879, 1.37987104, 4.63459274, 5.92611163,\n        2.25793301],\n       [5.19348876, 3.27775555, 1.379879  , 4.63459457, 5.92611985,\n        2.25793811],\n       [5.19349228, 3.27776409, 1.37987264, 4.63458896, 5.92612139,\n        2.25792717],\n       [5.19349314, 3.2777527 , 1.37987808, 4.63458566, 5.92611664,\n        2.25793399]]), array([0.49030191, 0.49030191, 0.49030191, 0.49030191, 0.49030191,\n       0.49030191, 0.49030191]))", "callback": [0.6513655037698878, 0.56494155899782, 0.5559584610441617, 0.5502127559765464, 0.5381197031779912, 0.5142433962694376, 0.5142433962694376, 0.5134506651065531, 0.5125331102839135, 0.5111482765653901, 0.5075621168138986, 0.49733204245753093, 0.49403821392732905, 0.4911876433374557, 0.49070403654073425, 0.49041531898377855, 0.4903236802391804, 0.49030406315875186, 0.4903030856749453, 0.4903024222651303, 0.49030217982231816, 0.4903021517451379, 0.49030209056581564, 0.4903019835806641, 0.4903019277008396, 0.4903019189756248, 0.4903019150229935, 0.49030191349249685, 0.49030191336163664, 0.4903019133257567]}, "7": {"maxiter": 500, "fatol": 1e-10, "xatol": 1e-10, "duration": 0.20565390586853027, "fun": "0.4903019133133757", "nit": "414", "nfev": "731", "status": "0", "success": "True", "message": "Optimization terminated successfully.", "x": "[5.19348778 3.27776138 1.3798711  4.63459159 5.92611459 2.25793214]", "final_simplex": "(array([[5.19348778, 3.27776138, 1.3798711 , 4.63459159, 5.92611459,\n        2.25793214],\n       [5.19348778, 3.27776138, 1.3798711 , 4.63459159, 5.92611459,\n        2.25793214],\n       [5.19348778, 3.27776138, 1.3798711 , 4.63459159, 5.92611459,\n        2.25793214],\n       [5.19348778, 3.27776138, 1.3798711 , 4.63459159, 5.92611459,\n        2.25793214],\n       [5.19348778, 3.27776138, 1.3798711 , 4.63459159, 5.92611459,\n        2.25793214],\n       [5.19348778, 3.27776138, 1.3798711 , 4.63459159, 5.92611459,\n        2.25793214],\n       [5.19348778, 3.27776138, 1.3798711 , 4.63459159, 5.92611459,\n        2.25793214]]), array([0.49030191, 0.49030191, 0.49030191, 0.49030191, 0.49030191,\n       0.49030191, 0.49030191]))", "callback": [0.6513655037698878, 0.56494155899782, 0.5559584610441617, 0.5502127559765464, 0.5381197031779912, 0.5142433962694376, 0.5142433962694376, 0.5134506651065531, 0.5125331102839135, 0.5111482765653901, 0.5075621168138986, 0.49733204245753093, 0.49403821392732905, 0.4911876433374557, 0.49070403654073425, 0.49041531898377855, 0.4903236802391804, 0.49030406315875186, 0.4903030856749453, 0.4903024222651303, 0.49030217982231816, 0.4903021517451379, 0.49030209056581564, 0.4903019835806641, 0.4903019277008396, 0.4903019189756248, 0.4903019150229935, 0.49030191349249685, 0.49030191336163664, 0.4903019133257567, 0.49030191331748985, 0.49030191331437045, 0.49030191331377126, 0.4903019133135138, 0.4903019133133949, 0.49030191331338, 0.490301913313377, 0.49030191331337614, 0.4903019133133758, 0.4903019133133757, 0.4903019133133757]}, "8": {"maxiter": 1000, "fatol": 1e-05, "xatol": 1e-05, "duration": 0.13786911964416504, "fun": "0.4903019133187433", "nit": "309", "nfev": "498", "status": "0", "success": "True", "message": "Optimization terminated successfully.", "x": "[5.19348625 3.27775626 1.37987654 4.634588   5.92611437 2.25793185]", "final_simplex": "(array([[5.19348625, 3.27775626, 1.37987654, 4.634588  , 5.92611437,\n        2.25793185],\n       [5.1934922 , 3.2777556 , 1.37987219, 4.63459226, 5.92611348,\n        2.25792929],\n       [5.1934887 , 3.27775662, 1.37988054, 4.63458989, 5.92611461,\n        2.25793339],\n       [5.19349552, 3.27775879, 1.37987104, 4.63459274, 5.92611163,\n        2.25793301],\n       [5.19348876, 3.27775555, 1.379879  , 4.63459457, 5.92611985,\n        2.25793811],\n       [5.19349228, 3.27776409, 1.37987264, 4.63458896, 5.92612139,\n        2.25792717],\n       [5.19349314, 3.2777527 , 1.37987808, 4.63458566, 5.92611664,\n        2.25793399]]), array([0.49030191, 0.49030191, 0.49030191, 0.49030191, 0.49030191,\n       0.49030191, 0.49030191]))", "callback": [0.6513655037698878, 0.56494155899782, 0.5559584610441617, 0.5502127559765464, 0.5381197031779912, 0.5142433962694376, 0.5142433962694376, 0.5134506651065531, 0.5125331102839135, 0.5111482765653901, 0.5075621168138986, 0.49733204245753093, 0.49403821392732905, 0.4911876433374557, 0.49070403654073425, 0.49041531898377855, 0.4903236802391804, 0.49030406315875186, 0.4903030856749453, 0.4903024222651303, 0.49030217982231816, 0.4903021517451379, 0.49030209056581564, 0.4903019835806641, 0.4903019277008396, 0.4903019189756248, 0.4903019150229935, 0.49030191349249685, 0.49030191336163664, 0.4903019133257567]}, "9": {"maxiter": 1000, "fatol": 1e-05, "xatol": 1e-10, "duration": 0.20483016967773438, "fun": "0.4903019133133757", "nit": "414", "nfev": "731", "status": "0", "success": "True", "message": "Optimization terminated successfully.", "x": "[5.19348778 3.27776138 1.3798711  4.63459159 5.92611459 2.25793214]", "final_simplex": "(array([[5.19348778, 3.27776138, 1.3798711 , 4.63459159, 5.92611459,\n        2.25793214],\n       [5.19348778, 3.27776138, 1.3798711 , 4.63459159, 5.92611459,\n        2.25793214],\n       [5.19348778, 3.27776138, 1.3798711 , 4.63459159, 5.92611459,\n        2.25793214],\n       [5.19348778, 3.27776138, 1.3798711 , 4.63459159, 5.92611459,\n        2.25793214],\n       [5.19348778, 3.27776138, 1.3798711 , 4.63459159, 5.92611459,\n        2.25793214],\n       [5.19348778, 3.27776138, 1.3798711 , 4.63459159, 5.92611459,\n        2.25793214],\n       [5.19348778, 3.27776138, 1.3798711 , 4.63459159, 5.92611459,\n        2.25793214]]), array([0.49030191, 0.49030191, 0.49030191, 0.49030191, 0.49030191,\n       0.49030191, 0.49030191]))", "callback": [0.6513655037698878, 0.56494155899782, 0.5559584610441617, 0.5502127559765464, 0.5381197031779912, 0.5142433962694376, 0.5142433962694376, 0.5134506651065531, 0.5125331102839135, 0.5111482765653901, 0.5075621168138986, 0.49733204245753093, 0.49403821392732905, 0.4911876433374557, 0.49070403654073425, 0.49041531898377855, 0.4903236802391804, 0.49030406315875186, 0.4903030856749453, 0.4903024222651303, 0.49030217982231816, 0.4903021517451379, 0.49030209056581564, 0.4903019835806641, 0.4903019277008396, 0.4903019189756248, 0.4903019150229935, 0.49030191349249685, 0.49030191336163664, 0.4903019133257567, 0.49030191331748985, 0.49030191331437045, 0.49030191331377126, 0.4903019133135138, 0.4903019133133949, 0.49030191331338, 0.490301913313377, 0.49030191331337614, 0.4903019133133758, 0.4903019133133757, 0.4903019133133757]}, "10": {"maxiter": 1000, "fatol": 1e-10, "xatol": 1e-05, "duration": 0.14290404319763184, "fun": "0.4903019133187433", "nit": "309", "nfev": "498", "status": "0", "success": "True", "message": "Optimization terminated successfully.", "x": "[5.19348625 3.27775626 1.37987654 4.634588   5.92611437 2.25793185]", "final_simplex": "(array([[5.19348625, 3.27775626, 1.37987654, 4.634588  , 5.92611437,\n        2.25793185],\n       [5.1934922 , 3.2777556 , 1.37987219, 4.63459226, 5.92611348,\n        2.25792929],\n       [5.1934887 , 3.27775662, 1.37988054, 4.63458989, 5.92611461,\n        2.25793339],\n       [5.19349552, 3.27775879, 1.37987104, 4.63459274, 5.92611163,\n        2.25793301],\n       [5.19348876, 3.27775555, 1.379879  , 4.63459457, 5.92611985,\n        2.25793811],\n       [5.19349228, 3.27776409, 1.37987264, 4.63458896, 5.92612139,\n        2.25792717],\n       [5.19349314, 3.2777527 , 1.37987808, 4.63458566, 5.92611664,\n        2.25793399]]), array([0.49030191, 0.49030191, 0.49030191, 0.49030191, 0.49030191,\n       0.49030191, 0.49030191]))", "callback": [0.6513655037698878, 0.56494155899782, 0.5559584610441617, 0.5502127559765464, 0.5381197031779912, 0.5142433962694376, 0.5142433962694376, 0.5134506651065531, 0.5125331102839135, 0.5111482765653901, 0.5075621168138986, 0.49733204245753093, 0.49403821392732905, 0.4911876433374557, 0.49070403654073425, 0.49041531898377855, 0.4903236802391804, 0.49030406315875186, 0.4903030856749453, 0.4903024222651303, 0.49030217982231816, 0.4903021517451379, 0.49030209056581564, 0.4903019835806641, 0.4903019277008396, 0.4903019189756248, 0.4903019150229935, 0.49030191349249685, 0.49030191336163664, 0.4903019133257567]}, "11": {"maxiter": 1000, "fatol": 1e-10, "xatol": 1e-10, "duration": 0.20409798622131348, "fun": "0.4903019133133757", "nit": "414", "nfev": "731", "status": "0", "success": "True", "message": "Optimization terminated successfully.", "x": "[5.19348778 3.27776138 1.3798711  4.63459159 5.92611459 2.25793214]", "final_simplex": "(array([[5.19348778, 3.27776138, 1.3798711 , 4.63459159, 5.92611459,\n        2.25793214],\n       [5.19348778, 3.27776138, 1.3798711 , 4.63459159, 5.92611459,\n        2.25793214],\n       [5.19348778, 3.27776138, 1.3798711 , 4.63459159, 5.92611459,\n        2.25793214],\n       [5.19348778, 3.27776138, 1.3798711 , 4.63459159, 5.92611459,\n        2.25793214],\n       [5.19348778, 3.27776138, 1.3798711 , 4.63459159, 5.92611459,\n        2.25793214],\n       [5.19348778, 3.27776138, 1.3798711 , 4.63459159, 5.92611459,\n        2.25793214],\n       [5.19348778, 3.27776138, 1.3798711 , 4.63459159, 5.92611459,\n        2.25793214]]), array([0.49030191, 0.49030191, 0.49030191, 0.49030191, 0.49030191,\n       0.49030191, 0.49030191]))", "callback": [0.6513655037698878, 0.56494155899782, 0.5559584610441617, 0.5502127559765464, 0.5381197031779912, 0.5142433962694376, 0.5142433962694376, 0.5134506651065531, 0.5125331102839135, 0.5111482765653901, 0.5075621168138986, 0.49733204245753093, 0.49403821392732905, 0.4911876433374557, 0.49070403654073425, 0.49041531898377855, 0.4903236802391804, 0.49030406315875186, 0.4903030856749453, 0.4903024222651303, 0.49030217982231816, 0.4903021517451379, 0.49030209056581564, 0.4903019835806641, 0.4903019277008396, 0.4903019189756248, 0.4903019150229935, 0.49030191349249685, 0.49030191336163664, 0.4903019133257567, 0.49030191331748985, 0.49030191331437045, 0.49030191331377126, 0.4903019133135138, 0.4903019133133949, 0.49030191331338, 0.490301913313377, 0.49030191331337614, 0.4903019133133758, 0.4903019133133757, 0.4903019133133757]}}, "bfgs": {"type": "gradient", "0": {"maxiter": 100, "gtol": 1e-05, "xrtol": 1e-05, "eps": 1e-05, "duration": 0.042051076889038086, "fun": "0.49030191351562535", "jac": "[ 2.19080309e-07 -9.26780874e-07 -5.14670528e-06  7.51603224e-06\n  2.46466181e-06 -1.15811805e-06]", "hess_inv": "[[ 4.67633697  0.2990925  -0.32273435 -0.44514173  0.16549467 -1.76462182]\n [ 0.2990925   5.26167935 -2.31024112  0.25785948  0.09548878 -1.00374475]\n [-0.32273435 -2.31024112  4.64851625  0.41057741  0.64096833  1.21559484]\n [-0.44514173  0.25785948  0.41057741  2.99530862 -0.2308417   0.26605354]\n [ 0.16549467  0.09548878  0.64096833 -0.2308417   4.13182884  0.4798804 ]\n [-1.76462182 -1.00374475  1.21559484  0.26605354  0.4798804   4.82977455]]", "nfev": "147", "njev": "21", "status": "0", "success": "True", "message": "Optimization terminated successfully.", "x": "[5.1934883  3.27777507 1.37983557 4.63461741 5.9261149  2.25791338]", "nit": "19", "callback": [0.49052541966121943]}, "1": {"maxiter": 100, "gtol": 1e-05, "xrtol": 1e-05, "eps": 1e-10, "duration": 0.04211091995239258, "fun": "0.4903019135190787", "jac": "[-1.11022293e-06 -3.33066880e-06 -7.77156053e-06  6.66133760e-06\n  0.00000000e+00  0.00000000e+00]", "hess_inv": "[[ 4.6231932   0.14766439 -0.28804503 -0.44175925  0.15470685 -1.7754743 ]\n [ 0.14766439  5.03791989 -2.2102159   0.32670625  0.03096718 -0.85604881]\n [-0.28804503 -2.2102159   4.60702886  0.41212717  0.64865053  1.19847708]\n [-0.44175925  0.32670625  0.41212717  3.03119106 -0.23224861  0.30760946]\n [ 0.15470685  0.03096718  0.64865053 -0.23224861  4.12651507  0.46958114]\n [-1.7754743  -0.85604881  1.19847708  0.30760946  0.46958114  4.91599216]]", "nfev": "147", "njev": "21", "status": "0", "success": "True", "message": "Optimization terminated successfully.", "x": "[5.1934818  3.27776548 1.37984363 4.63462259 5.92611632 2.25792796]", "nit": "19", "callback": [0.490525487222935]}, "2": {"maxiter": 100, "gtol": 1e-05, "xrtol": 1e-10, "eps": 1e-05, "duration": 0.04224061965942383, "fun": "0.49030191351562535", "jac": "[ 2.19080309e-07 -9.26780874e-07 -5.14670528e-06  7.51603224e-06\n  2.46466181e-06 -1.15811805e-06]", "hess_inv": "[[ 4.67633697  0.2990925  -0.32273435 -0.44514173  0.16549467 -1.76462182]\n [ 0.2990925   5.26167935 -2.31024112  0.25785948  0.09548878 -1.00374475]\n [-0.32273435 -2.31024112  4.64851625  0.41057741  0.64096833  1.21559484]\n [-0.44514173  0.25785948  0.41057741  2.99530862 -0.2308417   0.26605354]\n [ 0.16549467  0.09548878  0.64096833 -0.2308417   4.13182884  0.4798804 ]\n [-1.76462182 -1.00374475  1.21559484  0.26605354  0.4798804   4.82977455]]", "nfev": "147", "njev": "21", "status": "0", "success": "True", "message": "Optimization terminated successfully.", "x": "[5.1934883  3.27777507 1.37983557 4.63461741 5.9261149  2.25791338]", "nit": "19", "callback": [0.49052541966121943]}, "3": {"maxiter": 100, "gtol": 1e-05, "xrtol": 1e-10, "eps": 1e-10, "duration": 0.04182076454162598, "fun": "0.4903019135190787", "jac": "[-1.11022293e-06 -3.33066880e-06 -7.77156053e-06  6.66133760e-06\n  0.00000000e+00  0.00000000e+00]", "hess_inv": "[[ 4.6231932   0.14766439 -0.28804503 -0.44175925  0.15470685 -1.7754743 ]\n [ 0.14766439  5.03791989 -2.2102159   0.32670625  0.03096718 -0.85604881]\n [-0.28804503 -2.2102159   4.60702886  0.41212717  0.64865053  1.19847708]\n [-0.44175925  0.32670625  0.41212717  3.03119106 -0.23224861  0.30760946]\n [ 0.15470685  0.03096718  0.64865053 -0.23224861  4.12651507  0.46958114]\n [-1.7754743  -0.85604881  1.19847708  0.30760946  0.46958114  4.91599216]]", "nfev": "147", "njev": "21", "status": "0", "success": "True", "message": "Optimization terminated successfully.", "x": "[5.1934818  3.27776548 1.37984363 4.63462259 5.92611632 2.25792796]", "nit": "19", "callback": [0.490525487222935]}, "4": {"maxiter": 100, "gtol": 1e-10, "xrtol": 1e-05, "eps": 1e-05, "duration": 0.0426638126373291, "fun": "0.49030191351562535", "jac": "[ 2.19080309e-07 -9.26780874e-07 -5.14670528e-06  7.51603224e-06\n  2.46466181e-06 -1.15811805e-06]", "hess_inv": "[[ 4.67633697  0.2990925  -0.32273435 -0.44514173  0.16549467 -1.76462182]\n [ 0.2990925   5.26167935 -2.31024112  0.25785948  0.09548878 -1.00374475]\n [-0.32273435 -2.31024112  4.64851625  0.41057741  0.64096833  1.21559484]\n [-0.44514173  0.25785948  0.41057741  2.99530862 -0.2308417   0.26605354]\n [ 0.16549467  0.09548878  0.64096833 -0.2308417   4.13182884  0.4798804 ]\n [-1.76462182 -1.00374475  1.21559484  0.26605354  0.4798804   4.82977455]]", "nfev": "147", "njev": "21", "status": "0", "success": "True", "message": "Optimization terminated successfully.", "x": "[5.1934883  3.27777507 1.37983557 4.63461741 5.9261149  2.25791338]", "nit": "19", "callback": [0.49052541966121943]}, "5": {"maxiter": 100, "gtol": 1e-10, "xrtol": 1e-05, "eps": 1e-10, "duration": 0.04188275337219238, "fun": "0.4903019135190787", "jac": "[-1.11022293e-06 -3.33066880e-06 -7.77156053e-06  6.66133760e-06\n  0.00000000e+00  0.00000000e+00]", "hess_inv": "[[ 4.6231932   0.14766439 -0.28804503 -0.44175925  0.15470685 -1.7754743 ]\n [ 0.14766439  5.03791989 -2.2102159   0.32670625  0.03096718 -0.85604881]\n [-0.28804503 -2.2102159   4.60702886  0.41212717  0.64865053  1.19847708]\n [-0.44175925  0.32670625  0.41212717  3.03119106 -0.23224861  0.30760946]\n [ 0.15470685  0.03096718  0.64865053 -0.23224861  4.12651507  0.46958114]\n [-1.7754743  -0.85604881  1.19847708  0.30760946  0.46958114  4.91599216]]", "nfev": "147", "njev": "21", "status": "0", "success": "True", "message": "Optimization terminated successfully.", "x": "[5.1934818  3.27776548 1.37984363 4.63462259 5.92611632 2.25792796]", "nit": "19", "callback": [0.490525487222935]}, "6": {"maxiter": 100, "gtol": 1e-10, "xrtol": 1e-10, "eps": 1e-05, "duration": 0.10197591781616211, "fun": "0.49030191332775963", "jac": "[ 2.34512410e-07  6.00797190e-07 -2.69340106e-07  7.38908934e-07\n -8.77076189e-10  2.91844326e-07]", "hess_inv": "[[ 4.70679997  0.428409   -0.47090605 -0.28865482  0.17815501 -1.8105534 ]\n [ 0.428409    5.44756625 -2.82157576  0.79581529  0.13867987 -1.2878567 ]\n [-0.47090605 -2.82157576  5.45673946 -0.43635432  0.5349365   1.55411614]\n [-0.28865482  0.79581529 -0.43635432  3.88301818 -0.12119719 -0.08787368]\n [ 0.17815501  0.13867987  0.5349365  -0.12119719  4.15502132  0.42534846]\n [-1.8105534  -1.2878567   1.55411614 -0.08787368  0.42534846  4.93632076]]", "nfev": "362", "njev": "50", "status": "2", "success": "False", "message": "Desired error not necessarily achieved due to precision loss.", "x": "[5.19348597 3.27776266 1.37986244 4.63458971 5.92610824 2.25792638]", "nit": "22", "callback": [0.49052541966121943, 0.49030191332850925]}, "7": {"maxiter": 100, "gtol": 1e-10, "xrtol": 1e-10, "eps": 1e-10, "duration": 0.07067489624023438, "fun": "0.4903019133175539", "jac": "[ 2.22044587e-06  0.00000000e+00  1.11022293e-06 -2.22044587e-06\n -1.11022293e-06  1.11022293e-06]", "hess_inv": "[[ 4.30126519 -0.10807642 -0.41986791  0.14662049 -1.02206291 -1.98210415]\n [-0.10807642  2.90422604 -0.77298312  0.15210739 -0.20832006 -0.7872147 ]\n [-0.41986791 -0.77298312  3.0574651  -1.31384808 -0.10929359  0.87619356]\n [ 0.14662049  0.15210739 -1.31384808  1.83677057 -1.0334784   0.91851232]\n [-1.02206291 -0.20832006 -0.10929359 -1.0334784   1.62729815 -0.18689505]\n [-1.98210415 -0.7872147   0.87619356  0.91851232 -0.18689505  4.25830039]]", "nfev": "252", "njev": "36", "status": "0", "success": "True", "message": "Optimization terminated successfully.", "x": "[5.19349114 3.27776069 1.37986942 4.63458786 5.92611132 2.2579309 ]", "nit": "25", "callback": [0.490525487222935, 0.4903019133409129]}, "8": {"maxiter": 500, "gtol": 1e-05, "xrtol": 1e-05, "eps": 1e-05, "duration": 0.04137682914733887, "fun": "0.49030191351562535", "jac": "[ 2.19080309e-07 -9.26780874e-07 -5.14670528e-06  7.51603224e-06\n  2.46466181e-06 -1.15811805e-06]", "hess_inv": "[[ 4.67633697  0.2990925  -0.32273435 -0.44514173  0.16549467 -1.76462182]\n [ 0.2990925   5.26167935 -2.31024112  0.25785948  0.09548878 -1.00374475]\n [-0.32273435 -2.31024112  4.64851625  0.41057741  0.64096833  1.21559484]\n [-0.44514173  0.25785948  0.41057741  2.99530862 -0.2308417   0.26605354]\n [ 0.16549467  0.09548878  0.64096833 -0.2308417   4.13182884  0.4798804 ]\n [-1.76462182 -1.00374475  1.21559484  0.26605354  0.4798804   4.82977455]]", "nfev": "147", "njev": "21", "status": "0", "success": "True", "message": "Optimization terminated successfully.", "x": "[5.1934883  3.27777507 1.37983557 4.63461741 5.9261149  2.25791338]", "nit": "19", "callback": [0.49052541966121943]}, "9": {"maxiter": 500, "gtol": 1e-05, "xrtol": 1e-05, "eps": 1e-10, "duration": 0.0413508415222168, "fun": "0.4903019135190787", "jac": "[-1.11022293e-06 -3.33066880e-06 -7.77156053e-06  6.66133760e-06\n  0.00000000e+00  0.00000000e+00]", "hess_inv": "[[ 4.6231932   0.14766439 -0.28804503 -0.44175925  0.15470685 -1.7754743 ]\n [ 0.14766439  5.03791989 -2.2102159   0.32670625  0.03096718 -0.85604881]\n [-0.28804503 -2.2102159   4.60702886  0.41212717  0.64865053  1.19847708]\n [-0.44175925  0.32670625  0.41212717  3.03119106 -0.23224861  0.30760946]\n [ 0.15470685  0.03096718  0.64865053 -0.23224861  4.12651507  0.46958114]\n [-1.7754743  -0.85604881  1.19847708  0.30760946  0.46958114  4.91599216]]", "nfev": "147", "njev": "21", "status": "0", "success": "True", "message": "Optimization terminated successfully.", "x": "[5.1934818  3.27776548 1.37984363 4.63462259 5.92611632 2.25792796]", "nit": "19", "callback": [0.490525487222935]}, "10": {"maxiter": 500, "gtol": 1e-05, "xrtol": 1e-10, "eps": 1e-05, "duration": 0.04137706756591797, "fun": "0.49030191351562535", "jac": "[ 2.19080309e-07 -9.26780874e-07 -5.14670528e-06  7.51603224e-06\n  2.46466181e-06 -1.15811805e-06]", "hess_inv": "[[ 4.67633697  0.2990925  -0.32273435 -0.44514173  0.16549467 -1.76462182]\n [ 0.2990925   5.26167935 -2.31024112  0.25785948  0.09548878 -1.00374475]\n [-0.32273435 -2.31024112  4.64851625  0.41057741  0.64096833  1.21559484]\n [-0.44514173  0.25785948  0.41057741  2.99530862 -0.2308417   0.26605354]\n [ 0.16549467  0.09548878  0.64096833 -0.2308417   4.13182884  0.4798804 ]\n [-1.76462182 -1.00374475  1.21559484  0.26605354  0.4798804   4.82977455]]", "nfev": "147", "njev": "21", "status": "0", "success": "True", "message": "Optimization terminated successfully.", "x": "[5.1934883  3.27777507 1.37983557 4.63461741 5.9261149  2.25791338]", "nit": "19", "callback": [0.49052541966121943]}, "11": {"maxiter": 500, "gtol": 1e-05, "xrtol": 1e-10, "eps": 1e-10, "duration": 0.04323101043701172, "fun": "0.4903019135190787", "jac": "[-1.11022293e-06 -3.33066880e-06 -7.77156053e-06  6.66133760e-06\n  0.00000000e+00  0.00000000e+00]", "hess_inv": "[[ 4.6231932   0.14766439 -0.28804503 -0.44175925  0.15470685 -1.7754743 ]\n [ 0.14766439  5.03791989 -2.2102159   0.32670625  0.03096718 -0.85604881]\n [-0.28804503 -2.2102159   4.60702886  0.41212717  0.64865053  1.19847708]\n [-0.44175925  0.32670625  0.41212717  3.03119106 -0.23224861  0.30760946]\n [ 0.15470685  0.03096718  0.64865053 -0.23224861  4.12651507  0.46958114]\n [-1.7754743  -0.85604881  1.19847708  0.30760946  0.46958114  4.91599216]]", "nfev": "147", "njev": "21", "status": "0", "success": "True", "message": "Optimization terminated successfully.", "x": "[5.1934818  3.27776548 1.37984363 4.63462259 5.92611632 2.25792796]", "nit": "19", "callback": [0.490525487222935]}, "12": {"maxiter": 500, "gtol": 1e-10, "xrtol": 1e-05, "eps": 1e-05, "duration": 0.04657292366027832, "fun": "0.49030191351562535", "jac": "[ 2.19080309e-07 -9.26780874e-07 -5.14670528e-06  7.51603224e-06\n  2.46466181e-06 -1.15811805e-06]", "hess_inv": "[[ 4.67633697  0.2990925  -0.32273435 -0.44514173  0.16549467 -1.76462182]\n [ 0.2990925   5.26167935 -2.31024112  0.25785948  0.09548878 -1.00374475]\n [-0.32273435 -2.31024112  4.64851625  0.41057741  0.64096833  1.21559484]\n [-0.44514173  0.25785948  0.41057741  2.99530862 -0.2308417   0.26605354]\n [ 0.16549467  0.09548878  0.64096833 -0.2308417   4.13182884  0.4798804 ]\n [-1.76462182 -1.00374475  1.21559484  0.26605354  0.4798804   4.82977455]]", "nfev": "147", "njev": "21", "status": "0", "success": "True", "message": "Optimization terminated successfully.", "x": "[5.1934883  3.27777507 1.37983557 4.63461741 5.9261149  2.25791338]", "nit": "19", "callback": [0.49052541966121943]}, "13": {"maxiter": 500, "gtol": 1e-10, "xrtol": 1e-05, "eps": 1e-10, "duration": 0.041689157485961914, "fun": "0.4903019135190787", "jac": "[-1.11022293e-06 -3.33066880e-06 -7.77156053e-06  6.66133760e-06\n  0.00000000e+00  0.00000000e+00]", "hess_inv": "[[ 4.6231932   0.14766439 -0.28804503 -0.44175925  0.15470685 -1.7754743 ]\n [ 0.14766439  5.03791989 -2.2102159   0.32670625  0.03096718 -0.85604881]\n [-0.28804503 -2.2102159   4.60702886  0.41212717  0.64865053  1.19847708]\n [-0.44175925  0.32670625  0.41212717  3.03119106 -0.23224861  0.30760946]\n [ 0.15470685  0.03096718  0.64865053 -0.23224861  4.12651507  0.46958114]\n [-1.7754743  -0.85604881  1.19847708  0.30760946  0.46958114  4.91599216]]", "nfev": "147", "njev": "21", "status": "0", "success": "True", "message": "Optimization terminated successfully.", "x": "[5.1934818  3.27776548 1.37984363 4.63462259 5.92611632 2.25792796]", "nit": "19", "callback": [0.490525487222935]}, "14": {"maxiter": 500, "gtol": 1e-10, "xrtol": 1e-10, "eps": 1e-05, "duration": 0.1009981632232666, "fun": "0.49030191332775963", "jac": "[ 2.34512410e-07  6.00797190e-07 -2.69340106e-07  7.38908934e-07\n -8.77076189e-10  2.91844326e-07]", "hess_inv": "[[ 4.70679997  0.428409   -0.47090605 -0.28865482  0.17815501 -1.8105534 ]\n [ 0.428409    5.44756625 -2.82157576  0.79581529  0.13867987 -1.2878567 ]\n [-0.47090605 -2.82157576  5.45673946 -0.43635432  0.5349365   1.55411614]\n [-0.28865482  0.79581529 -0.43635432  3.88301818 -0.12119719 -0.08787368]\n [ 0.17815501  0.13867987  0.5349365  -0.12119719  4.15502132  0.42534846]\n [-1.8105534  -1.2878567   1.55411614 -0.08787368  0.42534846  4.93632076]]", "nfev": "362", "njev": "50", "status": "2", "success": "False", "message": "Desired error not necessarily achieved due to precision loss.", "x": "[5.19348597 3.27776266 1.37986244 4.63458971 5.92610824 2.25792638]", "nit": "22", "callback": [0.49052541966121943, 0.49030191332850925]}, "15": {"maxiter": 500, "gtol": 1e-10, "xrtol": 1e-10, "eps": 1e-10, "duration": 0.07048702239990234, "fun": "0.4903019133175539", "jac": "[ 2.22044587e-06  0.00000000e+00  1.11022293e-06 -2.22044587e-06\n -1.11022293e-06  1.11022293e-06]", "hess_inv": "[[ 4.30126519 -0.10807642 -0.41986791  0.14662049 -1.02206291 -1.98210415]\n [-0.10807642  2.90422604 -0.77298312  0.15210739 -0.20832006 -0.7872147 ]\n [-0.41986791 -0.77298312  3.0574651  -1.31384808 -0.10929359  0.87619356]\n [ 0.14662049  0.15210739 -1.31384808  1.83677057 -1.0334784   0.91851232]\n [-1.02206291 -0.20832006 -0.10929359 -1.0334784   1.62729815 -0.18689505]\n [-1.98210415 -0.7872147   0.87619356  0.91851232 -0.18689505  4.25830039]]", "nfev": "252", "njev": "36", "status": "0", "success": "True", "message": "Optimization terminated successfully.", "x": "[5.19349114 3.27776069 1.37986942 4.63458786 5.92611132 2.2579309 ]", "nit": "25", "callback": [0.490525487222935, 0.4903019133409129]}, "16": {"maxiter": 1000, "gtol": 1e-05, "xrtol": 1e-05, "eps": 1e-05, "duration": 0.04111003875732422, "fun": "0.49030191351562535", "jac": "[ 2.19080309e-07 -9.26780874e-07 -5.14670528e-06  7.51603224e-06\n  2.46466181e-06 -1.15811805e-06]", "hess_inv": "[[ 4.67633697  0.2990925  -0.32273435 -0.44514173  0.16549467 -1.76462182]\n [ 0.2990925   5.26167935 -2.31024112  0.25785948  0.09548878 -1.00374475]\n [-0.32273435 -2.31024112  4.64851625  0.41057741  0.64096833  1.21559484]\n [-0.44514173  0.25785948  0.41057741  2.99530862 -0.2308417   0.26605354]\n [ 0.16549467  0.09548878  0.64096833 -0.2308417   4.13182884  0.4798804 ]\n [-1.76462182 -1.00374475  1.21559484  0.26605354  0.4798804   4.82977455]]", "nfev": "147", "njev": "21", "status": "0", "success": "True", "message": "Optimization terminated successfully.", "x": "[5.1934883  3.27777507 1.37983557 4.63461741 5.9261149  2.25791338]", "nit": "19", "callback": [0.49052541966121943]}, "17": {"maxiter": 1000, "gtol": 1e-05, "xrtol": 1e-05, "eps": 1e-10, "duration": 0.040940046310424805, "fun": "0.4903019135190787", "jac": "[-1.11022293e-06 -3.33066880e-06 -7.77156053e-06  6.66133760e-06\n  0.00000000e+00  0.00000000e+00]", "hess_inv": "[[ 4.6231932   0.14766439 -0.28804503 -0.44175925  0.15470685 -1.7754743 ]\n [ 0.14766439  5.03791989 -2.2102159   0.32670625  0.03096718 -0.85604881]\n [-0.28804503 -2.2102159   4.60702886  0.41212717  0.64865053  1.19847708]\n [-0.44175925  0.32670625  0.41212717  3.03119106 -0.23224861  0.30760946]\n [ 0.15470685  0.03096718  0.64865053 -0.23224861  4.12651507  0.46958114]\n [-1.7754743  -0.85604881  1.19847708  0.30760946  0.46958114  4.91599216]]", "nfev": "147", "njev": "21", "status": "0", "success": "True", "message": "Optimization terminated successfully.", "x": "[5.1934818  3.27776548 1.37984363 4.63462259 5.92611632 2.25792796]", "nit": "19", "callback": [0.490525487222935]}, "18": {"maxiter": 1000, "gtol": 1e-05, "xrtol": 1e-10, "eps": 1e-05, "duration": 0.04066896438598633, "fun": "0.49030191351562535", "jac": "[ 2.19080309e-07 -9.26780874e-07 -5.14670528e-06  7.51603224e-06\n  2.46466181e-06 -1.15811805e-06]", "hess_inv": "[[ 4.67633697  0.2990925  -0.32273435 -0.44514173  0.16549467 -1.76462182]\n [ 0.2990925   5.26167935 -2.31024112  0.25785948  0.09548878 -1.00374475]\n [-0.32273435 -2.31024112  4.64851625  0.41057741  0.64096833  1.21559484]\n [-0.44514173  0.25785948  0.41057741  2.99530862 -0.2308417   0.26605354]\n [ 0.16549467  0.09548878  0.64096833 -0.2308417   4.13182884  0.4798804 ]\n [-1.76462182 -1.00374475  1.21559484  0.26605354  0.4798804   4.82977455]]", "nfev": "147", "njev": "21", "status": "0", "success": "True", "message": "Optimization terminated successfully.", "x": "[5.1934883  3.27777507 1.37983557 4.63461741 5.9261149  2.25791338]", "nit": "19", "callback": [0.49052541966121943]}, "19": {"maxiter": 1000, "gtol": 1e-05, "xrtol": 1e-10, "eps": 1e-10, "duration": 0.04067683219909668, "fun": "0.4903019135190787", "jac": "[-1.11022293e-06 -3.33066880e-06 -7.77156053e-06  6.66133760e-06\n  0.00000000e+00  0.00000000e+00]", "hess_inv": "[[ 4.6231932   0.14766439 -0.28804503 -0.44175925  0.15470685 -1.7754743 ]\n [ 0.14766439  5.03791989 -2.2102159   0.32670625  0.03096718 -0.85604881]\n [-0.28804503 -2.2102159   4.60702886  0.41212717  0.64865053  1.19847708]\n [-0.44175925  0.32670625  0.41212717  3.03119106 -0.23224861  0.30760946]\n [ 0.15470685  0.03096718  0.64865053 -0.23224861  4.12651507  0.46958114]\n [-1.7754743  -0.85604881  1.19847708  0.30760946  0.46958114  4.91599216]]", "nfev": "147", "njev": "21", "status": "0", "success": "True", "message": "Optimization terminated successfully.", "x": "[5.1934818  3.27776548 1.37984363 4.63462259 5.92611632 2.25792796]", "nit": "19", "callback": [0.490525487222935]}, "20": {"maxiter": 1000, "gtol": 1e-10, "xrtol": 1e-05, "eps": 1e-05, "duration": 0.040615081787109375, "fun": "0.49030191351562535", "jac": "[ 2.19080309e-07 -9.26780874e-07 -5.14670528e-06  7.51603224e-06\n  2.46466181e-06 -1.15811805e-06]", "hess_inv": "[[ 4.67633697  0.2990925  -0.32