rmsprop hyperparameter info
===============================
maxiter = 100: median=0.7785696736774615,    min=0.021293003073206695,  max=0.9999967250346358,  std=0.1984945003264272
maxiter = 500: median=0.6237438851640699,    min=3.9307261254117876e-05,  max=0.9981179080043384,  std=0.2699537099996578
maxiter = 1000: median=0.5181883109893242,    min=3.032945812719845e-05,  max=0.9947761401586465,  std=0.2656771774854818
===============================
learning_rate = 0.01: median=0.35980184022217454,    min=3.032945812719845e-05,  max=0.9719679122955557,  std=0.22356276167731898
learning_rate = 0.001: median=0.6703694896608178,    min=0.0022820206484163164,  max=0.9999141574460673,  std=0.21460370502439963
learning_rate = 0.0001: median=0.8340300472850641,    min=0.0928718007946927,  max=0.9999967250346358,  std=0.14370333884962214
===============================
eps = 1e-05: median=0.6620155781416316,    min=3.032945812719845e-05,  max=0.9999967250346358,  std=0.26243867086838224
eps = 1e-10: median=0.6620021861322484,    min=5.5326727341431514e-05,  max=0.9999967237964283,  std=0.2624306277781066
===============================
