{"conf_id": 15, "data_type": "random\n", "num_data_points": 1, "s_rank": 0, "unitary": "[[-0.45070455-0.02711853j,0.78437395-0.06613086j,0.06358678+0.19963393j,-0.07343613+0.35668523j],[-0.01890143-0.03813363j,0.32408202+0.25557629j,0.05872864-0.68979805j,0.55466693-0.20227297j],[-0.11215405+0.64023111j,-0.13344055+0.29565494j,-0.49012687-0.19046288j,-0.04241254+0.44046348j],[0.55771659+0.24656916j,0.31851997-0.05798805j,0.28761525-0.34294258j,-0.56718418+0.03616933j]]", "databatch_0": {"databatch": "[[[-0.05755091-0.11998703j,-0.20708521+0.25774418j,0.38735691-0.18474474j,0.23778568+0.0672157j],[-0.05170426-0.15976061j,-0.06895815+0.11700032j,-0.00744766-0.11482942j,0.20748711+0.0475646j],[-0.51784472+0.13403348j,-0.14289312+0.01254461j,0.02623855-0.02662416j,0.02020747+0.04687753j],[0.13182617+0.27750695j,-0.1095279+0.1473729j,0.24036484+0.12922143j,0.08768806-0.03962262j]]]", "nelder_mead": {"0": {"maxiter": 100, "fatol": 1e-05, "xatol": 1e-05, "duration": 0.02801823616027832, "fun": "0.3434258699417114", "nit": "100", "nfev": "157", "status": "2", "success": "False", "message": "Maximum number of iterations has been exceeded.", "x": "[7.24042149 1.06846052 6.60564615 7.90435567 3.9743082  4.93058092]", "final_simplex": "(array([[7.24042149, 1.06846052, 6.60564615, 7.90435567, 3.9743082 ,\n        4.93058092],\n       [7.19387873, 1.08459211, 6.59899854, 7.87016365, 3.95177777,\n        4.98024196],\n       [7.2811393 , 1.08788878, 6.5784188 , 7.88518944, 3.93756475,\n        4.98873277],\n       [7.23513324, 1.15260386, 6.49832963, 7.79984495, 3.89077832,\n        4.9732746 ],\n       [7.23532043, 1.14334395, 6.52981836, 7.84733116, 3.87638236,\n        4.97328483],\n       [7.26368768, 1.08837626, 6.5691043 , 7.87766361, 3.91385401,\n        4.94794847],\n       [7.24569292, 1.13930687, 6.47519387, 7.83718112, 3.88663812,\n        4.94740365]]), array([0.34342587, 0.34432697, 0.34435698, 0.34468454, 0.34512419,\n       0.34513539, 0.34543377]))"}, "1": {"maxiter": 100, "fatol": 1e-05, "xatol": 1e-10, "duration": 0.027859926223754883, "fun": "0.3434258699417114", "nit": "100", "nfev": "157", "status": "2", "success": "False", "message": "Maximum number of iterations has been exceeded.", "x": "[7.24042149 1.06846052 6.60564615 7.90435567 3.9743082  4.93058092]", "final_simplex": "(array([[7.24042149, 1.06846052, 6.60564615, 7.90435567, 3.9743082 ,\n        4.93058092],\n       [7.19387873, 1.08459211, 6.59899854, 7.87016365, 3.95177777,\n        4.98024196],\n       [7.2811393 , 1.08788878, 6.5784188 , 7.88518944, 3.93756475,\n        4.98873277],\n       [7.23513324, 1.15260386, 6.49832963, 7.79984495, 3.89077832,\n        4.9732746 ],\n       [7.23532043, 1.14334395, 6.52981836, 7.84733116, 3.87638236,\n        4.97328483],\n       [7.26368768, 1.08837626, 6.5691043 , 7.87766361, 3.91385401,\n        4.94794847],\n       [7.24569292, 1.13930687, 6.47519387, 7.83718112, 3.88663812,\n        4.94740365]]), array([0.34342587, 0.34432697, 0.34435698, 0.34468454, 0.34512419,\n       0.34513539, 0.34543377]))"}, "2": {"maxiter": 100, "fatol": 1e-10, "xatol": 1e-05, "duration": 0.027872085571289062, "fun": "0.3434258699417114", "nit": "100", "nfev": "157", "status": "2", "success": "False", "message": "Maximum number of iterations has been exceeded.", "x": "[7.24042149 1.06846052 6.60564615 7.90435567 3.9743082  4.93058092]", "final_simplex": "(array([[7.24042149, 1.06846052, 6.60564615, 7.90435567, 3.9743082 ,\n        4.93058092],\n       [7.19387873, 1.08459211, 6.59899854, 7.87016365, 3.95177777,\n        4.98024196],\n       [7.2811393 , 1.08788878, 6.5784188 , 7.88518944, 3.93756475,\n        4.98873277],\n       [7.23513324, 1.15260386, 6.49832963, 7.79984495, 3.89077832,\n        4.9732746 ],\n       [7.23532043, 1.14334395, 6.52981836, 7.84733116, 3.87638236,\n        4.97328483],\n       [7.26368768, 1.08837626, 6.5691043 , 7.87766361, 3.91385401,\n        4.94794847],\n       [7.24569292, 1.13930687, 6.47519387, 7.83718112, 3.88663812,\n        4.94740365]]), array([0.34342587, 0.34432697, 0.34435698, 0.34468454, 0.34512419,\n       0.34513539, 0.34543377]))"}, "3": {"maxiter": 100, "fatol": 1e-10, "xatol": 1e-10, "duration": 0.027814149856567383, "fun": "0.3434258699417114", "nit": "100", "nfev": "157", "status": "2", "success": "False", "message": "Maximum number of iterations has been exceeded.", "x": "[7.24042149 1.06846052 6.60564615 7.90435567 3.9743082  4.93058092]", "final_simplex": "(array([[7.24042149, 1.06846052, 6.60564615, 7.90435567, 3.9743082 ,\n        4.93058092],\n       [7.19387873, 1.08459211, 6.59899854, 7.87016365, 3.95177777,\n        4.98024196],\n       [7.2811393 , 1.08788878, 6.5784188 , 7.88518944, 3.93756475,\n        4.98873277],\n       [7.23513324, 1.15260386, 6.49832963, 7.79984495, 3.89077832,\n        4.9732746 ],\n       [7.23532043, 1.14334395, 6.52981836, 7.84733116, 3.87638236,\n        4.97328483],\n       [7.26368768, 1.08837626, 6.5691043 , 7.87766361, 3.91385401,\n        4.94794847],\n       [7.24569292, 1.13930687, 6.47519387, 7.83718112, 3.88663812,\n        4.94740365]]), array([0.34342587, 0.34432697, 0.34435698, 0.34468454, 0.34512419,\n       0.34513539, 0.34543377]))"}, "4": {"maxiter": 500, "fatol": 1e-05, "xatol": 1e-05, "duration": 0.07226896286010742, "fun": "0.33877208828926086", "nit": "227", "nfev": "410", "status": "0", "success": "True", "message": "Optimization terminated successfully.", "x": "[7.27867982 1.05418588 6.82699808 7.99115039 4.19319945 4.91217613]", "final_simplex": "(array([[7.27867982, 1.05418588, 6.82699808, 7.99115039, 4.19319945,\n        4.91217613],\n       [7.27867567, 1.05419161, 6.82698873, 7.99114831, 4.19319668,\n        4.91217628],\n       [7.27867851, 1.05418183, 6.82700354, 7.99115311, 4.19320293,\n        4.91217367],\n       [7.27867864, 1.0541814 , 6.82700214, 7.99115517, 4.19320345,\n        4.91217709],\n       [7.27868002, 1.05418065, 6.82699935, 7.99115356, 4.19320074,\n        4.9121755 ],\n       [7.27867494, 1.05418245, 6.82699816, 7.99115066, 4.19319911,\n        4.91217542],\n       [7.27867728, 1.05419152, 6.82698889, 7.99115133, 4.19319513,\n        4.91217656]]), array([0.33877209, 0.33877209, 0.33877209, 0.33877209, 0.33877209,\n       0.33877209, 0.33877209]))"}, "5": {"maxiter": 500, "fatol": 1e-05, "xatol": 1e-10, "duration": 0.09553003311157227, "fun": "0.33877208828926086", "nit": "244", "nfev": "546", "status": "0", "success": "True", "message": "Optimization terminated successfully.", "x": "[7.27867982 1.05418588 6.82699808 7.99115039 4.19319945 4.91217613]", "final_simplex": "(array([[7.27867982, 1.05418588, 6.82699808, 7.99115039, 4.19319945,\n        4.91217613],\n       [7.27867982, 1.05418588, 6.82699808, 7.99115039, 4.19319945,\n        4.91217613],\n       [7.27867982, 1.05418588, 6.82699808, 7.99115039, 4.19319945,\n        4.91217613],\n       [7.27867982, 1.05418588, 6.82699808, 7.99115039, 4.19319945,\n        4.91217613],\n       [7.27867982, 1.05418588, 6.82699808, 7.99115039, 4.19319945,\n        4.91217613],\n       [7.27867982, 1.05418588, 6.82699808, 7.99115039, 4.19319945,\n        4.91217613],\n       [7.27867982, 1.05418588, 6.82699808, 7.99115039, 4.19319945,\n        4.91217613]]), array([0.33877209, 0.33877209, 0.33877209, 0.33877209, 0.33877209,\n       0.33877209, 0.33877209]))"}, "6": {"maxiter": 500, "fatol": 1e-10, "xatol": 1e-05, "duration": 0.07216978073120117, "fun": "0.33877208828926086", "nit": "227", "nfev": "410", "status": "0", "success": "True", "message": "Optimization terminated successfully.", "x": "[7.27867982 1.05418588 6.82699808 7.99115039 4.19319945 4.91217613]", "final_simplex": "(array([[7.27867982, 1.05418588, 6.82699808, 7.99115039, 4.19319945,\n        4.91217613],\n       [7.27867567, 1.05419161, 6.82698873, 7.99114831, 4.19319668,\n        4.91217628],\n       [7.27867851, 1.05418183, 6.82700354, 7.99115311, 4.19320293,\n        4.91217367],\n       [7.27867864, 1.0541814 , 6.82700214, 7.99115517, 4.19320345,\n        4.91217709],\n       [7.27868002, 1.05418065, 6.82699935, 7.99115356, 4.19320074,\n        4.9121755 ],\n       [7.27867494, 1.05418245, 6.82699816, 7.99115066, 4.19319911,\n        4.91217542],\n       [7.27867728, 1.05419152, 6.82698889, 7.99115133, 4.19319513,\n        4.91217656]]), array([0.33877209, 0.33877209, 0.33877209, 0.33877209, 0.33877209,\n       0.33877209, 0.33877209]))"}, "7": {"maxiter": 500, "fatol": 1e-10, "xatol": 1e-10, "duration": 0.09450292587280273, "fun": "0.33877208828926086", "nit": "244", "nfev": "546", "status": "0", "success": "True", "message": "Optimization terminated successfully.", "x": "[7.27867982 1.05418588 6.82699808 7.99115039 4.19319945 4.91217613]", "final_simplex": "(array([[7.27867982, 1.05418588, 6.82699808, 7.99115039, 4.19319945,\n        4.91217613],\n       [7.27867982, 1.05418588, 6.82699808, 7.99115039, 4.19319945,\n        4.91217613],\n       [7.27867982, 1.05418588, 6.82699808, 7.99115039, 4.19319945,\n        4.91217613],\n       [7.27867982, 1.05418588, 6.82699808, 7.99115039, 4.19319945,\n        4.91217613],\n       [7.27867982, 1.05418588, 6.82699808, 7.99115039, 4.19319945,\n        4.91217613],\n       [7.27867982, 1.05418588, 6.82699808, 7.99115039, 4.19319945,\n        4.91217613],\n       [7.27867982, 1.05418588, 6.82699808, 7.99115039, 4.19319945,\n        4.91217613]]), array([0.33877209, 0.33877209, 0.33877209, 0.33877209, 0.33877209,\n       0.33877209, 0.33877209]))"}, "8": {"maxiter": 1000, "fatol": 1e-05, "xatol": 1e-05, "duration": 0.07222366333007812, "fun": "0.33877208828926086", "nit": "227", "nfev": "410", "status": "0", "success": "True", "message": "Optimization terminated successfully.", "x": "[7.27867982 1.05418588 6.82699808 7.99115039 4.19319945 4.91217613]", "final_simplex": "(array([[7.27867982, 1.05418588, 6.82699808, 7.99115039, 4.19319945,\n        4.91217613],\n       [7.27867567, 1.05419161, 6.82698873, 7.99114831, 4.19319668,\n        4.91217628],\n       [7.27867851, 1.05418183, 6.82700354, 7.99115311, 4.19320293,\n        4.91217367],\n       [7.27867864, 1.0541814 , 6.82700214, 7.99115517, 4.19320345,\n        4.91217709],\n       [7.27868002, 1.05418065, 6.82699935, 7.99115356, 4.19320074,\n        4.9121755 ],\n       [7.27867494, 1.05418245, 6.82699816, 7.99115066, 4.19319911,\n        4.91217542],\n       [7.27867728, 1.05419152, 6.82698889, 7.99115133, 4.19319513,\n        4.91217656]]), array([0.33877209, 0.33877209, 0.33877209, 0.33877209, 0.33877209,\n       0.33877209, 0.33877209]))"}, "9": {"maxiter": 1000, "fatol": 1e-05, "xatol": 1e-10, "duration": 0.09924912452697754, "fun": "0.33877208828926086", "nit": "244", "nfev": "546", "status": "0", "success": "True", "message": "Optimization terminated successfully.", "x": "[7.27867982 1.05418588 6.82699808 7.99115039 4.19319945 4.91217613]", "final_simplex": "(array([[7.27867982, 1.05418588, 6.82699808, 7.99115039, 4.19319945,\n        4.91217613],\n       [7.27867982, 1.05418588, 6.82699808, 7.99115039, 4.19319945,\n        4.91217613],\n       [7.27867982, 1.05418588, 6.82699808, 7.99115039, 4.19319945,\n        4.91217613],\n       [7.27867982, 1.05418588, 6.82699808, 7.99115039, 4.19319945,\n        4.91217613],\n       [7.27867982, 1.05418588, 6.82699808, 7.99115039, 4.19319945,\n        4.91217613],\n       [7.27867982, 1.05418588, 6.82699808, 7.99115039, 4.19319945,\n        4.91217613],\n       [7.27867982, 1.05418588, 6.82699808, 7.99115039, 4.19319945,\n        4.91217613]]), array([0.33877209, 0.33877209, 0.33877209, 0.33877209, 0.33877209,\n       0.33877209, 0.33877209]))"}, "10": {"maxiter": 1000, "fatol": 1e-10, "xatol": 1e-05, "duration": 0.07464790344238281, "fun": "0.33877208828926086", "nit": "227", "nfev": "410", "status": "0", "success": "True", "message": "Optimization terminated successfully.", "x": "[7.27867982 1.05418588 6.82699808 7.99115039 4.19319945 4.91217613]", "final_simplex": "(array([[7.27867982, 1.05418588, 6.82699808, 7.99115039, 4.19319945,\n        4.91217613],\n       [7.27867567, 1.05419161, 6.82698873, 7.99114831, 4.19319668,\n        4.91217628],\n       [7.27867851, 1.05418183, 6.82700354, 7.99115311, 4.19320293,\n        4.91217367],\n       [7.27867864, 1.0541814 , 6.82700214, 7.99115517, 4.19320345,\n        4.91217709],\n       [7.27868002, 1.05418065, 6.82699935, 7.99115356, 4.19320074,\n        4.9121755 ],\n       [7.27867494, 1.05418245, 6.82699816, 7.99115066, 4.19319911,\n        4.91217542],\n       [7.27867728, 1.05419152, 6.82698889, 7.99115133, 4.19319513,\n        4.91217656]]), array([0.33877209, 0.33877209, 0.33877209, 0.33877209, 0.33877209,\n       0.33877209, 0.33877209]))"}, "11": {"maxiter": 1000, "fatol": 1e-10, "xatol": 1e-10, "duration": 0.09857392311096191, "fun": "0.33877208828926086", "nit": "244", "nfev": "546", "status": "0", "success": "True", "message": "Optimization terminated successfully.", "x": "[7.27867982 1.05418588 6.82699808 7.99115039 4.19319945 4.91217613]", "final_simplex": "(array([[7.27867982, 1.05418588, 6.82699808, 7.99115039, 4.19319945,\n        4.91217613],\n       [7.27867982, 1.05418588, 6.82699808, 7.99115039, 4.19319945,\n        4.91217613],\n       [7.27867982, 1.05418588, 6.82699808, 7.99115039, 4.19319945,\n        4.91217613],\n       [7.27867982, 1.05418588, 6.82699808, 7.99115039, 4.19319945,\n        4.91217613],\n       [7.27867982, 1.05418588, 6.82699808, 7.99115039, 4.19319945,\n        4.91217613],\n       [7.27867982, 1.05418588, 6.82699808, 7.99115039, 4.19319945,\n        4.91217613],\n       [7.27867982, 1.05418588, 6.82699808, 7.99115039, 4.19319945,\n        4.91217613]]), array([0.33877209, 0.33877209, 0.33877209, 0.33877209, 0.33877209,\n       0.33877209, 0.33877209]))"}}, "bfgs": {"0": {"maxiter": 100, "gtol": 1e-05, "xrtol": 1e-05, "eps": 1e-05, "duration": 0.048364877700805664, "fun": "0.33877962827682495", "jac": "[0. 0. 0. 0. 0. 0.]", "hess_inv": "[[ 1.80102207 -0.4443096  -0.62984478 -0.29574452  0.0566559  -0.67050352]\n [-0.4443096   0.76772306 -0.12895633  0.62183349 -0.00710734 -0.16749103]\n [-0.62984478 -0.12895633  1.10882081 -0.91919334 -0.15542388  0.50469806]\n [-0.29574452  0.62183349 -0.91919334  2.91882374  0.30477535 -1.45987805]\n [ 0.0566559  -0.00710734 -0.15542388  0.30477535  0.83934209 -0.23500172]\n [-0.67050352 -0.16749103  0.50469806 -1.45987805 -0.23500172  1.49280543]]", "nfev": "266", "njev": "38", "status": "0", "success": "True", "message": "Optimization terminated successfully.", "x": "[7.28390555 1.04218176 6.84291094 7.9973902  4.2022814  4.91132741]", "nit": "30"}, "1": {"maxiter": 100, "gtol": 1e-05, "xrtol": 1e-05, "eps": 1e-10, "duration": 0.0012710094451904297, "fun": "0.9301915168762207", "jac": "[0. 0. 0. 0. 0. 0.]", "hess_inv": "[[1 0 0 0 0 0]\n [0 1 0 0 0 0]\n [0 0 1 0 0 0]\n [0 0 0 1 0 0]\n [0 0 0 0 1 0]\n [0 0 0 0 0 1]]", "nfev": "7", "njev": "1", "status": "0", "success": "True", "message": "Optimization terminated successfully.", "x": "[6.04348944 2.93505939 4.30079385 5.82820225 2.88571276 4.35342478]", "nit": "0"}, "2": {"maxiter": 100, "gtol": 1e-05, "xrtol": 1e-10, "eps": 1e-05, "duration": 0.04730796813964844, "fun": "0.33877962827682495", "jac": "[0. 0. 0. 0. 0. 0.]", "hess_inv": "[[ 1.80102207 -0.4443096  -0.62984478 -0.29574452  0.0566559  -0.67050352]\n [-0.4443096   0.76772306 -0.12895633  0.62183349 -0.00710734 -0.16749103]\n [-0.62984478 -0.12895633  1.10882081 -0.91919334 -0.15542388  0.50469806]\n [-0.29574452  0.62183349 -0.91919334  2.91882374  0.30477535 -1.45987805]\n [ 0.0566559  -0.00710734 -0.15542388  0.30477535  0.83934209 -0.23500172]\n [-0.67050352 -0.16749103  0.50469806 -1.45987805 -0.23500172  1.49280543]]", "nfev": "266", "njev": "38", "status": "0", "success": "True", "message": "Optimization terminated successfully.", "x": "[7.28390555 1.04218176 6.84291094 7.9973902  4.2022814  4.91132741]", "nit": "30"}, "3": {"maxiter": 100, "gtol": 1e-05, "xrtol": 1e-10, "eps": 1e-10, "duration": 0.0012650489807128906, "fun": "0.9301915168762207", "jac": "[0. 0. 0. 0. 0. 0.]", "hess_inv": "[[1 0 0 0 0 0]\n [0 1 0 0 0 0]\n [0 0 1 0 0 0]\n [0 0 0 1 0 0]\n [0 0 0 0 1 0]\n [0 0 0 0 0 1]]", "nfev": "7", "njev": "1", "status": "0", "success": "True", "message": "Optimization terminated successfully.", "x": "[6.04348944 2.93505939 4.30079385 5.82820225 2.88571276 4.35342478]", "nit": "0"}, "4": {"maxiter": 100, "gtol": 1e-10, "xrtol": 1e-05, "eps": 1e-05, "duration": 0.047087907791137695, "fun": "0.33877962827682495", "jac": "[0. 0. 0. 0. 0. 0.]", "hess_inv": "[[ 1.80102207 -0.4443096  -0.62984478 -0.29574452  0.0566559  -0.67050352]\n [-0.4443096   0.76772306 -0.12895633  0.62183349 -0.00710734 -0.16749103]\n [-0.62984478 -0.12895633  1.10882081 -0.91919334 -0.15542388  0.50469806]\n [-0.29574452  0.62183349 -0.91919334  2.91882374  0.30477535 -1.45987805]\n [ 0.0566559  -0.00710734 -0.15542388  0.30477535  0.83934209 -0.23500172]\n [-0.67050352 -0.16749103  0.50469806 -1.45987805 -0.23500172  1.49280543]]", "nfev": "266", "njev": "38", "status": "0", "success": "True", "message": "Optimization terminated successfully.", "x": "[7.28390555 1.04218176 6.84291094 7.9973902  4.2022814  4.91132741]", "nit": "30"}, "5": {"maxiter": 100, "gtol": 1e-10, "xrtol": 1e-05, "eps": 1e-10, "duration": 0.0012640953063964844, "fun": "0.9301915168762207", "jac": "[0. 0. 0. 0. 0. 0.]", "hess_inv": "[[1 0 0 0 0 0]\n [0 1 0 0 0 0]\n [0 0 1 0 0 0]\n [0 0 0 1 0 0]\n [0 0 0 0 1 0]\n [0 0 0 0 0 1]]", "nfev": "7", "njev": "1", "status": "0", "success": "True", "message": "Optimization terminated successfully.", "x": "[6.04348944 2.93505939 4.30079385 5.82820225 2.88571276 4.35342478]", "nit": "0"}, "6": {"maxiter": 100, "gtol": 1e-10, "xrtol": 1e-10, "eps": 1e-05, "duration": 0.04712104797363281, "fun": "0.33877962827682495", "jac": "[0. 0. 0. 0. 0. 0.]", "hess_inv": "[[ 1.80102207 -0.4443096  -0.62984478 -0.29574452  0.0566559  -0.67050352]\n [-0.4443096   0.76772306 -0.12895633  0.62183349 -0.00710734 -0.16749103]\n [-0.62984478 -0.12895633  1.10882081 -0.91919334 -0.15542388  0.50469806]\n [-0.29574452  0.62183349 -0.91919334  2.91882374  0.30477535 -1.45987805]\n [ 0.0566559  -0.00710734 -0.15542388  0.30477535  0.83934209 -0.23500172]\n [-0.67050352 -0.16749103  0.50469806 -1.45987805 -0.23500172  1.49280543]]", "nfev": "266", "njev": "38", "status": "0", "success": "True", "message": "Optimization terminated successfully.", "x": "[7.28390555 1.04218176 6.84291094 7.9973902  4.2022814  4.91132741]", "nit": "30"}, "7": {"maxiter": 100, "gtol": 1e-10, "xrtol": 1e-10, "eps": 1e-10, "duration": 0.0012559890747070312, "fun": "0.9301915168762207", "jac": "[0. 0. 0. 0. 0. 0.]", "hess_inv": "[[1 0 0 0 0 0]\n [0 1 0 0 0 0]\n [0 0 1 0 0 0]\n [0 0 0 1 0 0]\n [0 0 0 0 1 0]\n [0 0 0 0 0 1]]", "nfev": "7", "njev": "1", "status": "0", "success": "True", "message": "Optimization terminated successfully.", "x": "[6.04348944 2.93505939 4.30079385 5.82820225 2.88571276 4.35342478]", "nit": "0"}, "8": {"maxiter": 500, "gtol": 1e-05, "xrtol": 1e-05, "eps": 1e-05, "duration": 0.04703712463378906, "fun": "0.33877962827682495", "jac": "[0. 0. 0. 0. 0. 0.]", "hess_inv": "[[ 1.80102207 -0.4443096  -0.62984478 -0.29574452  0.0566559  -0.67050352]\n [-0.4443096   0.76772306 -0.12895633  0.62183349 -0.00710734 -0.16749103]\n [-0.62984478 -0.12895633  1.10882081 -0.91919334 -0.15542388  0.50469806]\n [-0.29574452  0.62183349 -0.91919334  2.91882374  0.30477535 -1.45987805]\n [ 0.0566559  -0.00710734 -0.15542388  0.30477535  0.83934209 -0.23500172]\n [-0.67050352 -0.16749103  0.50469806 -1.45987805 -0.23500172  1.49280543]]", "nfev": "266", "njev": "38", "status": "0", "success": "True", "message": "Optimization terminated successfully.", "x": "[7.28390555 1.04218176 6.84291094 7.9973902  4.2022814  4.91132741]", "nit": "30"}, "9": {"maxiter": 500, "gtol": 1e-05, "xrtol": 1e-05, "eps": 1e-10, "duration": 0.001249074935913086, "fun": "0.9301915168762207", "jac": "[0. 0. 0. 0. 0. 0.]", "hess_inv": "[[1 0 0 0 0 0]\n [0 1 0 0 0 0]\n [0 0 1 0 0 0]\n [0 0 0 1 0 0]\n [0 0 0 0 1 0]\n [0 0 0 0 0 1]]", "nfev": "7", "njev": "1", "status": "0", "success": "True", "message": "Optimization terminated successfully.", "x": "[6.04348944 2.93505939 4.30079385 5.82820225 2.88571276 4.35342478]", "nit": "0"}, "10": {"maxiter": 500, "gtol": 1e-05, "xrtol": 1e-10, "eps": 1e-05, "duration": 0.04707193374633789, "fun": "0.33877962827682495", "jac": "[0. 0. 0. 0. 0. 0.]", "hess_inv": "[[ 1.80102207 -0.4443096  -0.62984478 -0.29574452  0.0566559  -0.67050352]\n [-0.4443096   0.76772306 -0.12895633  0.62183349 -0.00710734 -0.16749103]\n [-0.62984478 -0.12895633  1.10882081 -0.91919334 -0.15542388  0.50469806]\n [-0.29574452  0.62183349 -0.91919334  2.91882374  0.30477535 -1.45987805]\n [ 0.0566559  -0.00710734 -0.15542388  0.30477535  0.83934209 -0.23500172]\n [-0.67050352 -0.16749103  0.50469806 -1.45987805 -0.23500172  1.49280543]]", "nfev": "266", "njev": "38", "status": "0", "success": "True", "message": "Optimization terminated successfully.", "x": "[7.28390555 1.04218176 6.84291094 7.9973902  4.2022814  4.91132741]", "nit": "30"}, "11": {"maxiter": 500, "gtol": 1e-05, "xrtol": 1e-10, "eps": 1e-10, "duration": 0.0012619495391845703, "fun": "0.9301915168762207", "jac": "[0. 0. 0. 0. 0. 0.]", "hess_inv": "[[1 0 0 0 0 0]\n [0 1 0 0 0 0]\n [0 0 1 0 0 0]\n [0 0 0 1 0 0]\n [0 0 0 0 1 0]\n [0 0 0 0 0 1]]", "nfev": "7", "njev": "1", "status": "0", "success": "True", "message": "Optimization terminated successfully.", "x": "[6.04348944 2.93505939 4.30079385 5.82820225 2.88571276 4.35342478]", "nit": "0"}, "12": {"maxiter": 500, "gtol": 1e-10, "xrtol": 1e-05, "eps": 1e-05, "duration": 0.047055721282958984, "fun": "0.33877962827682495", "jac": "[0. 0. 0. 0. 0. 0.]", "hess_inv": "[[ 1.80102207 -0.4443096  -0.62984478 -0.29574452  0.0566559  -0.67050352]\n [-0.4443096   0.76772306 -0.12895633  0.62183349 -0.00710734 -0.16749103]\n [-0.62984478 -0.12895633  1.10882081 -0.91919334 -0.15542388  0.50469806]\n [-0.29574452  0.62183349 -0.91919334  2.91882374  0.30477535 -1.45987805]\n [ 0.0566559  -0.00710734 -0.15542388  0.30477535  0.83934209 -0.23500172]\n [-0.67050352 -0.16749103  0.50469806 -1.45987805 -0.23500172  1.49280543]]", "nfev": "266", "njev": "38", "status": "0", "success": "True", "message": "Optimization terminated successfully.", "x": "[7.28390555 1.04218176 6.84291094 7.9973902  4.2022814  4.91132741]", "nit": "30"}, "13": {"maxiter": 500, "gtol": 1e-10, "xrtol": 1e-05, "eps": 1e-10, "duration": 0.0012509822845458984, "fun": "0.9301915168762207", "jac": "[0. 0. 0. 0. 0. 0.]", "hess_inv": "[[1 0 0 0 0 0]\n [0 1 0 0 0 0]\n [0 0 1 0 0 0]\n [0 0 0 1 0 0]\n [0 0 0 0 1 0]\n [0 0 0 0 0 1]]", "nfev": "7", "njev": "1", "status": "0", "success": "True", "message": "Optimization terminated successfully.", "x": "[6.04348944 2.93505939 4.30079385 5.82820225 2.88571276 4.35342478]", "nit": "0"}, "14": {"maxiter": 500, "gtol": 1e-10, "xrtol": 1e-10, "eps": 1e-05, "duration": 0.046994924545288086, "fun": "0.33877962827682495", "jac": "[0. 0. 0. 0. 0. 0.]", "hess_inv": "[[ 1.80102207 -0.4443096  -0.62984478 -0.29574452  0.0566559  -0.67050352]\n [-0.4443096   0.76772306 -0.12895633  0.62183349 -0.00710734 -0.16749103]\n [-0.62984478 -0.12895633  1.10882081 -0.91919334 -0.15542388  0.50469806]\n [-0.29574452  0.62183349 -0.91919334  2.91882374  0.30477535 -1.45987805]\n [ 0.0566559  -0.00710734 -0.15542388  0.30477535  0.83934209 -0.23500172]\n [-0.67050352 -0.16749103  0.50469806 -1.45987805 -0.23500172  1.49280543]]", "nfev": "266", "njev": "38", "status": "0", "success": "True", "message": "Optimization terminated successfully.", "x": "[7.28390555 1.04218176 6.84291094 7.9973902  4.2022814  4.91132741]", "nit": "30"}, "15": {"maxiter": 500, "gtol": 1e-10, "xrtol": 1e-10, "eps": 1e-10, "duration": 0.0012569427490234375, "fun": "0.9301915168762207", "jac": "[0. 0. 0. 0. 0. 0.]", "hess_inv": "[[1 0 0 0 0 0]\n [0 1 0 0 0 0]\n [0 0 1 0 0 0]\n [0 0 0 1 0 0]\n [0 0 0 0 1 0]\n [0 0 0 0 0 1]]", "nfev": "7", "njev": "1", "status": "0", "success": "True", "message": "Optimization terminated successfully.", "x": "[6.04348944 2.93505939 4.30079385 5.82820225 2.88571276 4.35342478]", "nit": "0"}, "16": {"maxiter": 1000, "gtol": 1e-05, "xrtol": 1e-05, "eps": 1e-05, "duration": 0.04705977439880371, "fun": "0.33877962827682495", "jac": "[0. 0. 0. 0. 0. 0.]", "hess_inv": "[[ 1.80102207 -0.4443096  -0.62984478 -0.29574452  0.0566559  -0.67050352]\n [-0.4443096   0.76772306 -0.12895633  0.62183349 -0.00710734 -0.16749103]\n [-0.62984478 -0.12895633  1.10882081 -0.91919334 -0.15542388  0.50469806]\n [-0.29574452  0.62183349 -0.91919334  2.91882374  0.30477535 -1.45987805]\n [ 0.0566559  -0.00710734 -0.15542388  0.30477535  0.83934209 -0.23500172]\n [-0.67050352 -0.16749103  0.50469806 -1.45987805 -0.23500172  1.49280543]]", "nfev": "266", "njev": "38", "status": "0", "success": "True", "message": "Optimization terminated successfully.", "x": "[7.28390555 1.04218176 6.84291094 7.9973902  4.2022814  4.91132741]", "nit": "30"}, "17": {"maxiter": 1000, "gtol": 1e-05, "xrtol": 1e-05, "eps": 1e-10, "duration": 0.0012552738189697266, "fun": "0.9301915168762207", "jac": "[0. 0. 0. 0. 0. 0.]", "hess_inv": "[[1 0 0 0 0 0]\n [0 1 0 0 0 0]\n [0 0 1 0 0 0]\n [0 0 0 1 0 0]\n [0 0 0 0 1 0]\n [0 0 0 0 0 1]]", "nfev": "7", "njev": "1", "status": "0", "success": "True", "message": "Optimization terminated successfully.", "x": "[6.04348944 2.93505939 4.30079385 5.82820225 2.88571276 4.35342478]", "nit": "0"}, "18": {"maxiter": 1000, "gtol": 1e-05, "xrtol": 1e-10, "eps": 1e-05, "duration": 0.04707789421081543, "fun": "0.33877962827682495", "jac": "[0. 0. 0. 0. 0. 0.]", "hess_inv": "[[ 1.80102207 -0.4443096  -0.62984478 -0.29574452  0.0566559  -0.67050352]\n [-0.4443096   0.76772306 -0.12895633  0.62183349 -0.00710734 -0.16749103]\n [-0.62984478 -0.12895633  1.10882081 -0.91919334 -0.15542388  0.50469806]\n [-0.29574452  0.62183349 -0.91919334  2.91882374  0.30477535 -1.45987805]\n [ 0.0566559  -0.00710734 -0.15542388  0.30477535  0.83934209 -0.23500172]\n [-0.67050352 -0.16749103  0.50469806 -1.45987805 -0.23500172  1.49280543]]", "nfev": "266", "njev": "38", "status": "0", "success": "True", "message": "Optimization terminated successfully.", "x": "[7.28390555 1.04218176 6.84291094 7.9973902  4.2022814  4.91132741]", "nit": "30"}, "19": {"maxiter": 1000, "gtol": 1e-05, "xrtol": 1e-10, "eps": 1e-10, "duration": 0.0012547969818115234, "fun": "0.9301915168762207", "jac": "[0. 0. 0. 0. 0. 0.]", "hess_inv": "[[1 0 0 0 0 0]\n [0 1 0 0 0 0]\n [0 0 1 0 0 0]\n [0 0 0 1 0 0]\n [0 0 0 0 1 0]\n [0 0 0 0 0 1]]", "nfev": "7", "njev": "1", "status": "0", "success": "True", "message": "Optimization terminated successfully.", "x": "[6.04348944 2.93505939 4.30079385 5.82820225 2.88571276 4.35342478]", "nit": "0"}, "20": {"maxiter": 1000, "gtol": 1e-10, "xrtol": 1e-05, "eps": 1e-05, "duration": 0.048003196716308594, "fun": "0.33877962827682495", "jac": "[0. 0. 0. 0. 0. 0.]", "hess_inv": "[[ 1.80102207 -0.4443096  -0.62984478 -0.29574452  0.0566559  -0.67050352]\n [-0.4443096   0.76772306 -0.12895633  0.62183349 -0.00710734 -0.16749103]\n [-0.62984478 -0.12895633  1.10882081 -0.91919334 -0.15542388  0.50469806]\n [-0.29574452  0.62183349 -0.91919334  2.91882374  0.30477535 -1.45987805]\n [ 0.0566559  -0.00710734 -0.15542388  0.30477535  0.83934209 -0.23500172]\n [-0.67050352 -0.16749103  0.50469806 -1.45987805 -0.23500172  1.49280543]]", "nfev": "266", "njev": "38", "status": "0", "success": "True", "message": "Optimization terminated successfully.", "x": "[7.28390555 1.04218176 6.84291094 7.9973902  4.2022814  4.91132741]", "nit": "30"}, "21": {"maxiter": 1000, "gtol": 1e-10, "xrtol": 1e-05, "eps": 1e-10, "duration": 0.00131988525390625, "fun": "0.9301915168762207", "jac": "[0. 0. 0. 0. 0. 0.]", "hess_inv": "[[1 0 0 0 0 0]\n [0 1 0 0 0 0]\n [0 0 1 0 0 0]\n [0 0 0 1 0 0]\n [0 0 0 0 1 0]\n [0 0 0 0 0 1]]", "nfev": "7", "njev": "1", "status": "0", "success": "True", "message": "Optimization terminated successfully.", "x": "[6.04348944 2.93505939 4.30079385 5.82820225 2.88571276 4.35342478]", "nit": "0"}, "22": {"maxiter": 1000, "gtol": 1e-10, "xrtol": 1e-10, "eps": 1e-05, "duration": 0.0490570068359375, "fun": "0.33877962827682495", "jac": "[0. 0. 0. 0. 0. 0.]", "hess_inv": "[[ 1.80102207 -0.4443096  -0.62984478 -0.29574452  0.0566559  -0.67050352]\n [-0.4443096   0.76772306 -0.12895633  0.62183349 -0.00710734 -0.16749103]\n [-0.62984478 -0.12895633  1.10882081 -0.91919334 -0.15542388  0.50469806]\n [-0.29574452  0.62183349 -0.91919334  2.91882374  0.30477535 -1.45987805]\n [ 0.0566559  -0.00710734 -0.15542388  0.30477535  0.83934209 -0.23500172]\n [-0.67050352 -0.16749103  0.50469806 -1.45987805 -0.23500172  1.49280543]]", "nfev": "266", "njev": "38", "status": "0", "success": "True", "message": "Optimization terminated successfully.", "x": "[7.28390555 1.04218176 6.84291094 7.9973902  4.2022814  4.91132741]", "nit": "30"}, "23": {"maxiter": 1000, "gtol": 1e-10, "xrtol": 1e-10, "eps": 1e-10, "duration": 0.0013210773468017578, "fun": "0.9301915168762207", "jac": "[0. 0. 0. 0. 0. 0.]", "hess_inv": "[[1 0 0 0 0 0]\n [0 1 0 0 0 0]\n [0 0 1 0 0 0]\n [0 0 0 1 0 0]\n [0 0 0 0 1 0]\n [0 0 0 0 0 1]]", "nfev": "7", "njev": "1", "status": "0", "success": "True", "message": "Optimization terminated successfully.", "x": "[6.04348944 2.93505939 4.30079385 5.82820225 2.88571276 4.35342478]", "nit": "0"}}, "cobyla": {"0": {"maxiter": 100, "tol": 1e-05, "catol": 1e-05, "duration": 0.01760697364807129, "x": "[5.22235188 4.06000423 3.91855928 8.10355178 4.33166717 4.86638641]", "status": "2", "success": "False", "message": "Maximum number of function evaluations has been exceeded.", "nfev": "100", "fun": "0.3396759629249573", "maxcv": "0.0"}, "1": {"maxiter": 100, "tol": 1e-05, "catol": 1e-10, "duration": 0.01754593849182129, "x": "[5.22235188 4.06000423 3.91855928 8.10355178 4.33166717 4.86638641]", "status": "2", "success": "False", "message": "Maximum number of function evaluations has been exceeded.", "nfev": "100", "fun": "0.3396759629249573", "maxcv": "0.0"}, "2": {"maxiter": 100, "tol": 1e-10, "catol": 1e-05, "duration": 0.01755690574645996, "x": "[5.22235188 4.06000423 3.91855928 8.10355178 4.33166717 4.86638641]", "status": "2", "success": "False", "message": "Maximum number of function evaluations has been exceeded.", "nfev": "100", "fun": "0.3396759629249573", "maxcv": "0.0"}, "3": {"maxiter": 100, "tol": 1e-10, "catol": 1e-10, "duration": 0.017414093017578125, "x": "[5.22235188 4.06000423 3.91855928 8.10355178 4.33166717 4.86638641]", "status": "2", "success": "False", "message": "Maximum number of function evaluations has been exceeded.", "nfev": "100", "fun": "0.3396759629249573", "maxcv": "0.0"}, "4": {"maxiter": 500, "tol": 1e-05, "catol": 1e-05, "duration": 0.07275700569152832, "x": "[5.28649876 4.19142714 3.69239305 7.99494276 4.19748297 4.9102376 ]", "status": "1", "success": "True", "message": "Optimization terminated successfully.", "nfev": "420", "fun": "0.33877280354499817", "maxcv": "0.0"}, "5": {"maxiter": 500, "tol": 1e-05, "catol": 1e-10, "duration": 0.07273983955383301, "x": "[5.28649876 4.19142714 3.69239305 7.99494276 4.19748297 4.9102376 ]", "status": "1", "success": "True", "message": "Optimization terminated successfully.", "nfev": "420", "fun": "0.33877280354499817", "maxcv": "0.0"}, "6": {"maxiter": 500, "tol": 1e-10, "catol": 1e-05, "duration": 0.07863497734069824, "x": "[5.28649876 4.19142714 3.69239305 7.99494276 4.19748297 4.9102376 ]", "status": "1", "success": "True", "message": "Optimization terminated successfully.", "nfev": "454", "fun": "0.33877280354499817", "maxcv": "0.0"}, "7": {"maxiter": 500, "tol": 1e-10, "catol": 1e-10, "duration": 0.07873201370239258, "x": "[5.28649876 4.19142714 3.69239305 7.99494276 4.19748297 4.9102376 ]", "status": "1", "success": "True", "message": "Optimization terminated successfully.", "nfev": "454", "fun": "0.33877280354499817", "maxcv": "0.0"}, "8": {"maxiter": 1000, "tol": 1e-05, "catol": 1e-05, "duration": 0.0729830265045166, "x": "[5.28649876 4.19142714 3.69239305 7.99494276 4.19748297 4.9102376 ]", "status": "1", "success": "True", "message": "Optimization terminated successfully.", "nfev": "420", "fun": "0.33877280354499817", "maxcv": "0.0"}, "9": {"maxiter": 1000, "tol": 1e-05, "catol": 1e-10, "duration": 0.0728449821472168, "x": "[5.28649876 4.19142714 3.69239305 7.99494276 4.19748297 4.9102376 ]", "status": "1", "success": "True", "message": "Optimization terminated successfully.", "nfev": "420", "fun": "0.33877280354499817", "maxcv": "0.0"}, "10": {"maxiter": 1000, "tol": 1e-10, "catol": 1e-05, "duration": 0.07870602607727051, "x": "[5.28649876 4.19142714 3.69239305 7.99494276 4.19748297 4.9102376 ]", "status": "1", "success": "True", "message": "Optimization terminated successfully.", "nfev": "454", "fun": "0.33877280354499817", "maxcv": "0.0"}, "11": {"maxiter": 1000, "tol": 1e-10, "catol": 1e-10, "duration": 0.07894682884216309, "x": "[5.28649876 4.19142714 3.69239305 7.99494276 4.19748297 4.9102376 ]", "status": "1", "success": "True", "message": "Optimization terminated successfully.", "nfev": "454", "fun": "0.33877280354499817", "maxcv": "0.0"}}, "powell": {"0": {"maxiter": 100, "ftol": 1e-05, "xtol": 1e-05, "duration": 0.14148306846618652, "fun": "0.33877208828926086", "direc": "[[ 1.          0.          0.          0.          0.          0.        ]\n [ 0.          1.          0.          0.          0.          0.        ]\n [ 0.          0.          0.          0.          0.          1.        ]\n [ 0.          0.          0.          1.          0.          0.        ]\n [ 0.          0.          0.          0.          1.          0.        ]\n [ 0.04196972 -0.10634914  0.19369589  0.09173856  0.09892846 -0.02711945]]", "nit": "10", "nfev": "804", "status": "0", "success": "True", "message": "Optimization terminated successfully.", "x": "[7.27820895 1.05430435 6.8269522  7.99129331 4.19290337 4.91189433]"}, "1": {"maxiter": 100, "ftol": 1e-05, "xtol": 1e-10, "duration": 0.3658130168914795, "fun": "0.33877211809158325", "direc": "[[ 1.          0.          0.          0.          0.          0.        ]\n [ 0.          1.          0.          0.          0.          0.        ]\n [ 0.          0.          0.          0.          0.          1.        ]\n [ 0.          0.          0.          1.          0.          0.        ]\n [ 0.          0.          0.          0.          1.          0.        ]\n [ 0.04236008 -0.1110994   0.20164968  0.09513349  0.10326613 -0.02977239]]", "nit": "10", "nfev": "2054", "status": "0", "success": "True", "message": "Optimization terminated successfully.", "x": "[7.27811792 1.05366268 6.82797301 7.99170784 4.19357124 4.91157042]"}, "2": {"maxiter": 100, "ftol": 1e-10, "xtol": 1e-05, "duration": 0.18667292594909668, "fun": "0.33877208828926086", "direc": "[[ 1.          0.          0.          0.          0.          0.        ]\n [ 0.          1.          0.          0.          0.          0.        ]\n [ 0.          0.          0.          0.          0.          1.        ]\n [ 0.          0.          0.          1.          0.          0.        ]\n [ 0.          0.          0.          0.          1.          0.        ]\n [ 0.04196972 -0.10634914  0.19369589  0.09173856  0.09892846 -0.02711945]]", "nit": "11", "nfev": "1042", "status": "0", "success": "True", "message": "Optimization terminated successfully.", "x": "[7.27820895 1.05430435 6.8269522  7.99129331 4.19290337 4.91189433]"}, "3": {"maxiter": 100, "ftol": 1e-10, "xtol": 1e-10, "duration": 0.4021339416503906, "fun": "0.33877208828926086", "direc": "[[ 4.23600761e-02 -1.11099404e-01  2.01649680e-01  9.51334934e-02\n   1.03266125e-01 -2.97723908e-02]\n [ 0.00000000e+00  1.00000000e+00  0.00000000e+00  0.00000000e+00\n   0.00000000e+00  0.00000000e+00]\n [ 0.00000000e+00  0.00000000e+00  0.00000000e+00  0.00000000e+00\n   0.00000000e+00  1.00000000e+00]\n [ 0.00000000e+00  0.00000000e+00  0.00000000e+00  1.00000000e+00\n   0.00000000e+00  0.00000000e+00]\n [ 0.00000000e+00  0.00000000e+00  0.00000000e+00  0.00000000e+00\n   1.00000000e+00  0.00000000e+00]\n [ 5.07134051e-04 -2.09370073e-04 -2.03730377e-05  8.34115563e-05\n   1.31745826e-04  3.00796350e-06]]", "nit": "11", "nfev": "2323", "status": "0", "success": "True", "message": "Optimization terminated successfully.", "x": "[7.27831162 1.0535827  6.82796523 7.99173971 4.19352219 4.91157157]"}, "4": {"maxiter": 500, "ftol": 1e-05, "xtol": 1e-05, "duration": 0.13879013061523438, "fun": "0.33877208828926086", "direc": "[[ 1.          0.          0.          0.          0.          0.        ]\n [ 0.          1.          0.          0.          0.          0.        ]\n [ 0.          0.          0.          0.          0.          1.        ]\n [ 0.          0.          0.          1.          0.          0.        ]\n [ 0.          0.          0.          0.          1.          0.        ]\n [ 0.04196972 -0.10634914  0.19369589  0.09173856  0.09892846 -0.02711945]]", "nit": "10", "nfev": "804", "status": "0", "success": "True", "message": "Optimization terminated successfully.", "x": "[7.27820895 1.05430435 6.8269522  7.99129331 4.19290337 4.91189433]"}, "5": {"maxiter": 500, "ftol": 1e-05, "xtol": 1e-10, "duration": 0.36080098152160645, "fun": "0.33877211809158325", "direc": "[[ 1.          0.          0.          0.          0.          0.        ]\n [ 0.          1.          0.          0.          0.          0.        ]\n [ 0.          0.          0.          0.          0.          1.        ]\n [ 0.          0.          0.          1.          0.          0.        ]\n [ 0.          0.          0.          0.          1.          0.        ]\n [ 0.04236008 -0.1110994   0.20164968  0.09513349  0.10326613 -0.02977239]]", "nit": "10", "nfev": "2054", "status": "0", "success": "True", "message": "Optimization terminated successfully.", "x": "[7.27811792 1.05366268 6.82797301 7.99170784 4.19357124 4.91157042]"}, "6": {"maxiter": 500, "ftol": 1e-10, "xtol": 1e-05, "duration": 0.18409490585327148, "fun": "0.33877208828926086", "direc": "[[ 1.          0.          0.          0.          0.          0.        ]\n [ 0.          1.          0.          0.          0.          0.        ]\n [ 0.          0.          0.          0.          0.          1.        ]\n [ 0.          0.          0.          1.          0.          0.        ]\n [ 0.          0.          0.          0.          1.          0.        ]\n [ 0.04196972 -0.10634914  0.19369589  0.09173856  0.09892846 -0.02711945]]", "nit": "11", "nfev": "1042", "status": "0", "success": "True", "message": "Optimization terminated successfully.", "x": "[7.27820895 1.05430435 6.8269522  7.99129331 4.19290337 4.91189433]"}, "7": {"maxiter": 500, "ftol": 1e-10, "xtol": 1e-10, "duration": 0.4152369499206543, "fun": "0.33877208828926086", "direc": "[[ 4.23600761e-02 -1.11099404e-01  2.01649680e-01  9.51334934e-02\n   1.03266125e-01 -2.97723908e-02]\n [ 0.00000000e+00  1.00000000e+00  0.00000000e+00  0.00000000e+00\n   0.00000000e+00  0.00000000e+00]\n [ 0.00000000e+00  0.00000000e+00  0.00000000e+00  0.00000000e+00\n   0.00000000e+00  1.00000000e+00]\n [ 0.00000000e+00  0.00000000e+00  0.00000000e+00  1.00000000e+00\n   0.00000000e+00  0.00000000e+00]\n [ 0.00000000e+00  0.00000000e+00  0.00000000e+00  0.00000000e+00\n   1.00000000e+00  0.00000000e+00]\n [ 5.07134051e-04 -2.09370073e-04 -2.03730377e-05  8.34115563e-05\n   1.31745826e-04  3.00796350e-06]]", "nit": "11", "nfev": "2323", "status": "0", "success": "True", "message": "Optimization terminated successfully.", "x": "[7.27831162 1.0535827  6.82796523 7.99173971 4.19352219 4.91157157]"}, "8": {"maxiter": 1000, "ftol": 1e-05, "xtol": 1e-05, "duration": 0.14214110374450684, "fun": "0.33877208828926086", "direc": "[[ 1.       