{"conf_id": 12, "data_type": "random\n", "num_data_points": 1, "s_rank": 0, "unitary": "[[0.18663085-0.53122324j,-0.11886349-0.70040876j,0.28555095-0.02789305j,-0.12262021-0.2844587j],[-0.16702216+0.27758472j,0.27526351-0.29738586j,-0.01109314+0.22495461j,-0.77239203+0.28900673j],[0.61935415+0.12301792j,-0.31269928-0.03315917j,-0.61902762-0.19039079j,-0.27120731-0.0968989j],[0.42341754+0.0023929j,-0.05847358+0.47832119j,0.64900495-0.16218422j,-0.37182676-0.05229966j]]", "databatch_0": {"databatch": "[[[0.10295608+0.13380941j,-0.17610843+0.10996451j,-0.25431982+0.22561858j,0.11107831+0.1575199j],[-0.04946213-0.04469125j,-0.14079039-0.20966467j,-0.28600502-0.13464914j,0.10928039-0.19693274j],[0.2423159+0.0089788j,0.13127564-0.04075362j,-0.1391102+0.03096342j,0.40760246-0.10457814j],[-0.31564826+0.09692962j,-0.09110512+0.22975792j,0.02632544-0.19206024j,0.1712891-0.21132882j]]]", "nelder_mead": {"0": {"maxiter": 100, "fatol": 1e-05, "xatol": 1e-05, "duration": 0.02751779556274414, "fun": "0.48055705428123474", "nit": "100", "nfev": "155", "status": "2", "success": "False", "message": "Maximum number of iterations has been exceeded.", "x": "[ 0.57713238 -0.10492402  4.07362736  2.48046219 -0.88706566  1.368869  ]", "final_simplex": "(array([[ 0.57713238, -0.10492402,  4.07362736,  2.48046219, -0.88706566,\n         1.368869  ],\n       [ 0.62556193, -0.16957308,  4.25394652,  2.48948383, -0.91661094,\n         1.43810183],\n       [ 0.61506984, -0.17512915,  4.21019516,  2.40657419, -0.92485549,\n         1.43486946],\n       [ 0.61475126, -0.12872534,  4.04980653,  2.53808679, -0.91664873,\n         1.3967143 ],\n       [ 0.57333142, -0.17106437,  4.23518341,  2.33790102, -0.84850959,\n         1.38373616],\n       [ 0.54644379, -0.13913725,  4.14640324,  2.58156344, -0.90843328,\n         1.38908981],\n       [ 0.54963636, -0.17276516,  4.39278143,  2.42875127, -0.96082103,\n         1.44826601]]), array([0.48055705, 0.48209435, 0.48236528, 0.48284763, 0.48437285,\n       0.48536208, 0.48576927]))"}, "1": {"maxiter": 100, "fatol": 1e-05, "xatol": 1e-10, "duration": 0.027643203735351562, "fun": "0.48055705428123474", "nit": "100", "nfev": "155", "status": "2", "success": "False", "message": "Maximum number of iterations has been exceeded.", "x": "[ 0.57713238 -0.10492402  4.07362736  2.48046219 -0.88706566  1.368869  ]", "final_simplex": "(array([[ 0.57713238, -0.10492402,  4.07362736,  2.48046219, -0.88706566,\n         1.368869  ],\n       [ 0.62556193, -0.16957308,  4.25394652,  2.48948383, -0.91661094,\n         1.43810183],\n       [ 0.61506984, -0.17512915,  4.21019516,  2.40657419, -0.92485549,\n         1.43486946],\n       [ 0.61475126, -0.12872534,  4.04980653,  2.53808679, -0.91664873,\n         1.3967143 ],\n       [ 0.57333142, -0.17106437,  4.23518341,  2.33790102, -0.84850959,\n         1.38373616],\n       [ 0.54644379, -0.13913725,  4.14640324,  2.58156344, -0.90843328,\n         1.38908981],\n       [ 0.54963636, -0.17276516,  4.39278143,  2.42875127, -0.96082103,\n         1.44826601]]), array([0.48055705, 0.48209435, 0.48236528, 0.48284763, 0.48437285,\n       0.48536208, 0.48576927]))"}, "2": {"maxiter": 100, "fatol": 1e-10, "xatol": 1e-05, "duration": 0.027301788330078125, "fun": "0.48055705428123474", "nit": "100", "nfev": "155", "status": "2", "success": "False", "message": "Maximum number of iterations has been exceeded.", "x": "[ 0.57713238 -0.10492402  4.07362736  2.48046219 -0.88706566  1.368869  ]", "final_simplex": "(array([[ 0.57713238, -0.10492402,  4.07362736,  2.48046219, -0.88706566,\n         1.368869  ],\n       [ 0.62556193, -0.16957308,  4.25394652,  2.48948383, -0.91661094,\n         1.43810183],\n       [ 0.61506984, -0.17512915,  4.21019516,  2.40657419, -0.92485549,\n         1.43486946],\n       [ 0.61475126, -0.12872534,  4.04980653,  2.53808679, -0.91664873,\n         1.3967143 ],\n       [ 0.57333142, -0.17106437,  4.23518341,  2.33790102, -0.84850959,\n         1.38373616],\n       [ 0.54644379, -0.13913725,  4.14640324,  2.58156344, -0.90843328,\n         1.38908981],\n       [ 0.54963636, -0.17276516,  4.39278143,  2.42875127, -0.96082103,\n         1.44826601]]), array([0.48055705, 0.48209435, 0.48236528, 0.48284763, 0.48437285,\n       0.48536208, 0.48576927]))"}, "3": {"maxiter": 100, "fatol": 1e-10, "xatol": 1e-10, "duration": 0.027258872985839844, "fun": "0.48055705428123474", "nit": "100", "nfev": "155", "status": "2", "success": "False", "message": "Maximum number of iterations has been exceeded.", "x": "[ 0.57713238 -0.10492402  4.07362736  2.48046219 -0.88706566  1.368869  ]", "final_simplex": "(array([[ 0.57713238, -0.10492402,  4.07362736,  2.48046219, -0.88706566,\n         1.368869  ],\n       [ 0.62556193, -0.16957308,  4.25394652,  2.48948383, -0.91661094,\n         1.43810183],\n       [ 0.61506984, -0.17512915,  4.21019516,  2.40657419, -0.92485549,\n         1.43486946],\n       [ 0.61475126, -0.12872534,  4.04980653,  2.53808679, -0.91664873,\n         1.3967143 ],\n       [ 0.57333142, -0.17106437,  4.23518341,  2.33790102, -0.84850959,\n         1.38373616],\n       [ 0.54644379, -0.13913725,  4.14640324,  2.58156344, -0.90843328,\n         1.38908981],\n       [ 0.54963636, -0.17276516,  4.39278143,  2.42875127, -0.96082103,\n         1.44826601]]), array([0.48055705, 0.48209435, 0.48236528, 0.48284763, 0.48437285,\n       0.48536208, 0.48576927]))"}, "4": {"maxiter": 500, "fatol": 1e-05, "xatol": 1e-05, "duration": 0.13388490676879883, "fun": "0.3350510001182556", "nit": "500", "nfev": "758", "status": "2", "success": "False", "message": "Maximum number of iterations has been exceeded.", "x": "[1.39283054 0.96409363 3.26181007 2.26598369 0.56175303 2.54721147]", "final_simplex": "(array([[1.39283054, 0.96409363, 3.26181007, 2.26598369, 0.56175303,\n        2.54721147],\n       [1.40481734, 0.95918702, 3.25163535, 2.26428953, 0.53087949,\n        2.52009881],\n       [1.39673416, 0.97019477, 3.25286639, 2.24961419, 0.53562875,\n        2.50922593],\n       [1.39861259, 0.96421694, 3.2527342 , 2.27003718, 0.54692242,\n        2.51839461],\n       [1.38456413, 0.96140327, 3.25837026, 2.26847045, 0.51467494,\n        2.5025504 ],\n       [1.39790008, 0.95525167, 3.24881538, 2.26414296, 0.54312917,\n        2.52889608],\n       [1.39300343, 0.94678001, 3.26935089, 2.26574009, 0.55585241,\n        2.53949851]]), array([0.335051  , 0.33505645, 0.33506435, 0.33513048, 0.33513126,\n       0.33513546, 0.33514333]))"}, "5": {"maxiter": 500, "fatol": 1e-05, "xatol": 1e-10, "duration": 0.1404879093170166, "fun": "0.3350510001182556", "nit": "500", "nfev": "758", "status": "2", "success": "False", "message": "Maximum number of iterations has been exceeded.", "x": "[1.39283054 0.96409363 3.26181007 2.26598369 0.56175303 2.54721147]", "final_simplex": "(array([[1.39283054, 0.96409363, 3.26181007, 2.26598369, 0.56175303,\n        2.54721147],\n       [1.40481734, 0.95918702, 3.25163535, 2.26428953, 0.53087949,\n        2.52009881],\n       [1.39673416, 0.97019477, 3.25286639, 2.24961419, 0.53562875,\n        2.50922593],\n       [1.39861259, 0.96421694, 3.2527342 , 2.27003718, 0.54692242,\n        2.51839461],\n       [1.38456413, 0.96140327, 3.25837026, 2.26847045, 0.51467494,\n        2.5025504 ],\n       [1.39790008, 0.95525167, 3.24881538, 2.26414296, 0.54312917,\n        2.52889608],\n       [1.39300343, 0.94678001, 3.26935089, 2.26574009, 0.55585241,\n        2.53949851]]), array([0.335051  , 0.33505645, 0.33506435, 0.33513048, 0.33513126,\n       0.33513546, 0.33514333]))"}, "6": {"maxiter": 500, "fatol": 1e-10, "xatol": 1e-05, "duration": 0.13620686531066895, "fun": "0.3350510001182556", "nit": "500", "nfev": "758", "status": "2", "success": "False", "message": "Maximum number of iterations has been exceeded.", "x": "[1.39283054 0.96409363 3.26181007 2.26598369 0.56175303 2.54721147]", "final_simplex": "(array([[1.39283054, 0.96409363, 3.26181007, 2.26598369, 0.56175303,\n        2.54721147],\n       [1.40481734, 0.95918702, 3.25163535, 2.26428953, 0.53087949,\n        2.52009881],\n       [1.39673416, 0.97019477, 3.25286639, 2.24961419, 0.53562875,\n        2.50922593],\n       [1.39861259, 0.96421694, 3.2527342 , 2.27003718, 0.54692242,\n        2.51839461],\n       [1.38456413, 0.96140327, 3.25837026, 2.26847045, 0.51467494,\n        2.5025504 ],\n       [1.39790008, 0.95525167, 3.24881538, 2.26414296, 0.54312917,\n        2.52889608],\n       [1.39300343, 0.94678001, 3.26935089, 2.26574009, 0.55585241,\n        2.53949851]]), array([0.335051  , 0.33505645, 0.33506435, 0.33513048, 0.33513126,\n       0.33513546, 0.33514333]))"}, "7": {"maxiter": 500, "fatol": 1e-10, "xatol": 1e-10, "duration": 0.13471102714538574, "fun": "0.3350510001182556", "nit": "500", "nfev": "758", "status": "2", "success": "False", "message": "Maximum number of iterations has been exceeded.", "x": "[1.39283054 0.96409363 3.26181007 2.26598369 0.56175303 2.54721147]", "final_simplex": "(array([[1.39283054, 0.96409363, 3.26181007, 2.26598369, 0.56175303,\n        2.54721147],\n       [1.40481734, 0.95918702, 3.25163535, 2.26428953, 0.53087949,\n        2.52009881],\n       [1.39673416, 0.97019477, 3.25286639, 2.24961419, 0.53562875,\n        2.50922593],\n       [1.39861259, 0.96421694, 3.2527342 , 2.27003718, 0.54692242,\n        2.51839461],\n       [1.38456413, 0.96140327, 3.25837026, 2.26847045, 0.51467494,\n        2.5025504 ],\n       [1.39790008, 0.95525167, 3.24881538, 2.26414296, 0.54312917,\n        2.52889608],\n       [1.39300343, 0.94678001, 3.26935089, 2.26574009, 0.55585241,\n        2.53949851]]), array([0.335051  , 0.33505645, 0.33506435, 0.33513048, 0.33513126,\n       0.33513546, 0.33514333]))"}, "8": {"maxiter": 1000, "fatol": 1e-05, "xatol": 1e-05, "duration": 0.16632580757141113, "fun": "0.3347637951374054", "nit": "589", "nfev": "939", "status": "0", "success": "True", "message": "Optimization terminated successfully.", "x": "[1.42362626 0.98906898 3.27139526 2.24460201 0.55404273 2.5461013 ]", "final_simplex": "(array([[1.42362626, 0.98906898, 3.27139526, 2.24460201, 0.55404273,\n        2.5461013 ],\n       [1.42362096, 0.9890711 , 3.27139802, 2.24460323, 0.55403772,\n        2.54609513],\n       [1.4236236 , 0.98907128, 3.27139648, 2.24460462, 0.554038  ,\n        2.54609304],\n       [1.4236213 , 0.98906819, 3.27139614, 2.24460645, 0.55403898,\n        2.54609745],\n       [1.42362531, 0.98907314, 3.27139714, 2.24460597, 0.55403867,\n        2.54609816],\n       [1.42362174, 0.98907182, 3.27139505, 2.24460409, 0.55403681,\n        2.54609443],\n       [1.42362297, 0.98907094, 3.27139624, 2.244607  , 0.55404206,\n        2.54609933]]), array([0.3347638, 0.3347638, 0.3347638, 0.3347638, 0.3347638, 0.3347638,\n       0.3347638]))"}, "9": {"maxiter": 1000, "fatol": 1e-05, "xatol": 1e-10, "duration": 0.19881176948547363, "fun": "0.3347637951374054", "nit": "606", "nfev": "1075", "status": "0", "success": "True", "message": "Optimization terminated successfully.", "x": "[1.42362626 0.98906898 3.27139526 2.24460201 0.55404273 2.5461013 ]", "final_simplex": "(array([[1.42362626, 0.98906898, 3.27139526, 2.24460201, 0.55404273,\n        2.5461013 ],\n       [1.42362626, 0.98906898, 3.27139526, 2.24460201, 0.55404273,\n        2.5461013 ],\n       [1.42362626, 0.98906898, 3.27139526, 2.24460201, 0.55404273,\n        2.5461013 ],\n       [1.42362626, 0.98906898, 3.27139526, 2.24460201, 0.55404273,\n        2.5461013 ],\n       [1.42362626, 0.98906898, 3.27139526, 2.24460201, 0.55404273,\n        2.5461013 ],\n       [1.42362626, 0.98906898, 3.27139526, 2.24460201, 0.55404273,\n        2.5461013 ],\n       [1.42362626, 0.98906898, 3.27139526, 2.24460201, 0.55404273,\n        2.5461013 ]]), array([0.3347638, 0.3347638, 0.3347638, 0.3347638, 0.3347638, 0.3347638,\n       0.3347638]))"}, "10": {"maxiter": 1000, "fatol": 1e-10, "xatol": 1e-05, "duration": 0.17376089096069336, "fun": "0.3347637951374054", "nit": "589", "nfev": "939", "status": "0", "success": "True", "message": "Optimization terminated successfully.", "x": "[1.42362626 0.98906898 3.27139526 2.24460201 0.55404273 2.5461013 ]", "final_simplex": "(array([[1.42362626, 0.98906898, 3.27139526, 2.24460201, 0.55404273,\n        2.5461013 ],\n       [1.42362096, 0.9890711 , 3.27139802, 2.24460323, 0.55403772,\n        2.54609513],\n       [1.4236236 , 0.98907128, 3.27139648, 2.24460462, 0.554038  ,\n        2.54609304],\n       [1.4236213 , 0.98906819, 3.27139614, 2.24460645, 0.55403898,\n        2.54609745],\n       [1.42362531, 0.98907314, 3.27139714, 2.24460597, 0.55403867,\n        2.54609816],\n       [1.42362174, 0.98907182, 3.27139505, 2.24460409, 0.55403681,\n        2.54609443],\n       [1.42362297, 0.98907094, 3.27139624, 2.244607  , 0.55404206,\n        2.54609933]]), array([0.3347638, 0.3347638, 0.3347638, 0.3347638, 0.3347638, 0.3347638,\n       0.3347638]))"}, "11": {"maxiter": 1000, "fatol": 1e-10, "xatol": 1e-10, "duration": 0.19833803176879883, "fun": "0.3347637951374054", "nit": "606", "nfev": "1075", "status": "0", "success": "True", "message": "Optimization terminated successfully.", "x": "[1.42362626 0.98906898 3.27139526 2.24460201 0.55404273 2.5461013 ]", "final_simplex": "(array([[1.42362626, 0.98906898, 3.27139526, 2.24460201, 0.55404273,\n        2.5461013 ],\n       [1.42362626, 0.98906898, 3.27139526, 2.24460201, 0.55404273,\n        2.5461013 ],\n       [1.42362626, 0.98906898, 3.27139526, 2.24460201, 0.55404273,\n        2.5461013 ],\n       [1.42362626, 0.98906898, 3.27139526, 2.24460201, 0.55404273,\n        2.5461013 ],\n       [1.42362626, 0.98906898, 3.27139526, 2.24460201, 0.55404273,\n        2.5461013 ],\n       [1.42362626, 0.98906898, 3.27139526, 2.24460201, 0.55404273,\n        2.5461013 ],\n       [1.42362626, 0.98906898, 3.27139526, 2.24460201, 0.55404273,\n        2.5461013 ]]), array([0.3347638, 0.3347638, 0.3347638, 0.3347638, 0.3347638, 0.3347638,\n       0.3347638]))"}}, "bfgs": {"0": {"maxiter": 100, "gtol": 1e-05, "xrtol": 1e-05, "eps": 1e-05, "duration": 0.043685197830200195, "fun": "0.3347710371017456", "jac": "[0. 0. 0. 0. 0. 0.]", "hess_inv": "[[ 697.71377187  195.55830799  -82.61396356 -184.42587759  382.6396964\n   199.35024517]\n [ 195.55830799   57.0076456   -23.80950761  -51.88737437  106.61868071\n    55.03719401]\n [ -82.61396356  -23.80950761   12.58447977   22.42916441  -46.30991936\n   -24.71742767]\n [-184.42587759  -51.88737437   22.42916441   50.36239545 -101.43107236\n   -52.83117596]\n [ 382.6396964   106.61868071  -46.30991936 -101.43107236  211.47535082\n   109.52500388]\n [ 199.35024517   55.03719401  -24.71742767  -52.83117596  109.52500388\n    58.89149601]]", "nfev": "231", "njev": "33", "status": "0", "success": "True", "message": "Optimization terminated successfully.", "x": "[1.42407147 0.98997115 3.27542078 2.24800606 0.55898111 2.55109934]", "nit": "24"}, "1": {"maxiter": 100, "gtol": 1e-05, "xrtol": 1e-05, "eps": 1e-10, "duration": 0.0013489723205566406, "fun": "0.9260803461074829", "jac": "[0. 0. 0. 0. 0. 0.]", "hess_inv": "[[1 0 0 0 0 0]\n [0 1 0 0 0 0]\n [0 0 1 0 0 0]\n [0 0 0 1 0 0]\n [0 0 0 0 1 0]\n [0 0 0 0 0 1]]", "nfev": "7", "njev": "1", "status": "0", "success": "True", "message": "Optimization terminated successfully.", "x": "[0.86199436 0.24431891 1.27293065 1.63572409 0.4752416  0.25428155]", "nit": "0"}, "2": {"maxiter": 100, "gtol": 1e-05, "xrtol": 1e-10, "eps": 1e-05, "duration": 0.04276299476623535, "fun": "0.3347710371017456", "jac": "[0. 0. 0. 0. 0. 0.]", "hess_inv": "[[ 697.71377187  195.55830799  -82.61396356 -184.42587759  382.6396964\n   199.35024517]\n [ 195.55830799   57.0076456   -23.80950761  -51.88737437  106.61868071\n    55.03719401]\n [ -82.61396356  -23.80950761   12.58447977   22.42916441  -46.30991936\n   -24.71742767]\n [-184.42587759  -51.88737437   22.42916441   50.36239545 -101.43107236\n   -52.83117596]\n [ 382.6396964   106.61868071  -46.30991936 -101.43107236  211.47535082\n   109.52500388]\n [ 199.35024517   55.03719401  -24.71742767  -52.83117596  109.52500388\n    58.89149601]]", "nfev": "231", "njev": "33", "status": "0", "success": "True", "message": "Optimization terminated successfully.", "x": "[1.42407147 0.98997115 3.27542078 2.24800606 0.55898111 2.55109934]", "nit": "24"}, "3": {"maxiter": 100, "gtol": 1e-05, "xrtol": 1e-10, "eps": 1e-10, "duration": 0.0013659000396728516, "fun": "0.9260803461074829", "jac": "[0. 0. 0. 0. 0. 0.]", "hess_inv": "[[1 0 0 0 0 0]\n [0 1 0 0 0 0]\n [0 0 1 0 0 0]\n [0 0 0 1 0 0]\n [0 0 0 0 1 0]\n [0 0 0 0 0 1]]", "nfev": "7", "njev": "1", "status": "0", "success": "True", "message": "Optimization terminated successfully.", "x": "[0.86199436 0.24431891 1.27293065 1.63572409 0.4752416  0.25428155]", "nit": "0"}, "4": {"maxiter": 100, "gtol": 1e-10, "xrtol": 1e-05, "eps": 1e-05, "duration": 0.04325580596923828, "fun": "0.3347710371017456", "jac": "[0. 0. 0. 0. 0. 0.]", "hess_inv": "[[ 697.71377187  195.55830799  -82.61396356 -184.42587759  382.6396964\n   199.35024517]\n [ 195.55830799   57.0076456   -23.80950761  -51.88737437  106.61868071\n    55.03719401]\n [ -82.61396356  -23.80950761   12.58447977   22.42916441  -46.30991936\n   -24.71742767]\n [-184.42587759  -51.88737437   22.42916441   50.36239545 -101.43107236\n   -52.83117596]\n [ 382.6396964   106.61868071  -46.30991936 -101.43107236  211.47535082\n   109.52500388]\n [ 199.35024517   55.03719401  -24.71742767  -52.83117596  109.52500388\n    58.89149601]]", "nfev": "231", "njev": "33", "status": "0", "success": "True", "message": "Optimization terminated successfully.", "x": "[1.42407147 0.98997115 3.27542078 2.24800606 0.55898111 2.55109934]", "nit": "24"}, "5": {"maxiter": 100, "gtol": 1e-10, "xrtol": 1e-05, "eps": 1e-10, "duration": 0.001329183578491211, "fun": "0.9260803461074829", "jac": "[0. 0. 0. 0. 0. 0.]", "hess_inv": "[[1 0 0 0 0 0]\n [0 1 0 0 0 0]\n [0 0 1 0 0 0]\n [0 0 0 1 0 0]\n [0 0 0 0 1 0]\n [0 0 0 0 0 1]]", "nfev": "7", "njev": "1", "status": "0", "success": "True", "message": "Optimization terminated successfully.", "x": "[0.86199436 0.24431891 1.27293065 1.63572409 0.4752416  0.25428155]", "nit": "0"}, "6": {"maxiter": 100, "gtol": 1e-10, "xrtol": 1e-10, "eps": 1e-05, "duration": 0.04315376281738281, "fun": "0.3347710371017456", "jac": "[0. 0. 0. 0. 0. 0.]", "hess_inv": "[[ 697.71377187  195.55830799  -82.61396356 -184.42587759  382.6396964\n   199.35024517]\n [ 195.55830799   57.0076456   -23.80950761  -51.88737437  106.61868071\n    55.03719401]\n [ -82.61396356  -23.80950761   12.58447977   22.42916441  -46.30991936\n   -24.71742767]\n [-184.42587759  -51.88737437   22.42916441   50.36239545 -101.43107236\n   -52.83117596]\n [ 382.6396964   106.61868071  -46.30991936 -101.43107236  211.47535082\n   109.52500388]\n [ 199.35024517   55.03719401  -24.71742767  -52.83117596  109.52500388\n    58.89149601]]", "nfev": "231", "njev": "33", "status": "0", "success": "True", "message": "Optimization terminated successfully.", "x": "[1.42407147 0.98997115 3.27542078 2.24800606 0.55898111 2.55109934]", "nit": "24"}, "7": {"maxiter": 100, "gtol": 1e-10, "xrtol": 1e-10, "eps": 1e-10, "duration": 0.0013277530670166016, "fun": "0.9260803461074829", "jac": "[0. 0. 0. 0. 0. 0.]", "hess_inv": "[[1 0 0 0 0 0]\n [0 1 0 0 0 0]\n [0 0 1 0 0 0]\n [0 0 0 1 0 0]\n [0 0 0 0 1 0]\n [0 0 0 0 0 1]]", "nfev": "7", "njev": "1", "status": "0", "success": "True", "message": "Optimization terminated successfully.", "x": "[0.86199436 0.24431891 1.27293065 1.63572409 0.4752416  0.25428155]", "nit": "0"}, "8": {"maxiter": 500, "gtol": 1e-05, "xrtol": 1e-05, "eps": 1e-05, "duration": 0.04306197166442871, "fun": "0.3347710371017456", "jac": "[0. 0. 0. 0. 0. 0.]", "hess_inv": "[[ 697.71377187  195.55830799  -82.61396356 -184.42587759  382.6396964\n   199.35024517]\n [ 195.55830799   57.0076456   -23.80950761  -51.88737437  106.61868071\n    55.03719401]\n [ -82.61396356  -23.80950761   12.58447977   22.42916441  -46.30991936\n   -24.71742767]\n [-184.42587759  -51.88737437   22.42916441   50.36239545 -101.43107236\n   -52.83117596]\n [ 382.6396964   106.61868071  -46.30991936 -101.43107236  211.47535082\n   109.52500388]\n [ 199.35024517   55.03719401  -24.71742767  -52.83117596  109.52500388\n    58.89149601]]", "nfev": "231", "njev": "33", "status": "0", "success": "True", "message": "Optimization terminated successfully.", "x": "[1.42407147 0.98997115 3.27542078 2.24800606 0.55898111 2.55109934]", "nit": "24"}, "9": {"maxiter": 500, "gtol": 1e-05, "xrtol": 1e-05, "eps": 1e-10, "duration": 0.001325845718383789, "fun": "0.9260803461074829", "jac": "[0. 0. 0. 0. 0. 0.]", "hess_inv": "[[1 0 0 0 0 0]\n [0 1 0 0 0 0]\n [0 0 1 0 0 0]\n [0 0 0 1 0 0]\n [0 0 0 0 1 0]\n [0 0 0 0 0 1]]", "nfev": "7", "njev": "1", "status": "0", "success": "True", "message": "Optimization terminated successfully.", "x": "[0.86199436 0.24431891 1.27293065 1.63572409 0.4752416  0.25428155]", "nit": "0"}, "10": {"maxiter": 500, "gtol": 1e-05, "xrtol": 1e-10, "eps": 1e-05, "duration": 0.04313087463378906, "fun": "0.3347710371017456", "jac": "[0. 0. 0. 0. 0. 0.]", "hess_inv": "[[ 697.71377187  195.55830799  -82.61396356 -184.42587759  382.6396964\n   199.35024517]\n [ 195.55830799   57.0076456   -23.80950761  -51.88737437  106.61868071\n    55.03719401]\n [ -82.61396356  -23.80950761   12.58447977   22.42916441  -46.30991936\n   -24.71742767]\n [-184.42587759  -51.88737437   22.42916441   50.36239545 -101.43107236\n   -52.83117596]\n [ 382.6396964   106.61868071  -46.30991936 -101.43107236  211.47535082\n   109.52500388]\n [ 199.35024517   55.03719401  -24.71742767  -52.83117596  109.52500388\n    58.89149601]]", "nfev": "231", "njev": "33", "status": "0", "success": "True", "message": "Optimization terminated successfully.", "x": "[1.42407147 0.98997115 3.27542078 2.24800606 0.55898111 2.55109934]", "nit": "24"}, "11": {"maxiter": 500, "gtol": 1e-05, "xrtol": 1e-10, "eps": 1e-10, "duration": 0.00131988525390625, "fun": "0.9260803461074829", "jac": "[0. 0. 0. 0. 0. 0.]", "hess_inv": "[[1 0 0 0 0 0]\n [0 1 0 0 0 0]\n [0 0 1 0 0 0]\n [0 0 0 1 0 0]\n [0 0 0 0 1 0]\n [0 0 0 0 0 1]]", "nfev": "7", "njev": "1", "status": "0", "success": "True", "message": "Optimization terminated successfully.", "x": "[0.86199436 0.24431891 1.27293065 1.63572409 0.4752416  0.25428155]", "nit": "0"}, "12": {"maxiter": 500, "gtol": 1e-10, "xrtol": 1e-05, "eps": 1e-05, "duration": 0.04300212860107422, "fun": "0.3347710371017456", "jac": "[0. 0. 0. 0. 0. 0.]", "hess_inv": "[[ 697.71377187  195.55830799  -82.61396356 -184.42587759  382.6396964\n   199.35024517]\n [ 195.55830799   57.0076456   -23.80950761  -51.88737437  106.61868071\n    55.03719401]\n [ -82.61396356  -23.80950761   12.58447977   22.42916441  -46.30991936\n   -24.71742767]\n [-184.42587759  -51.88737437   22.42916441   50.36239545 -101.43107236\n   -52.83117596]\n [ 382.6396964   106.61868071  -46.30991936 -101.43107236  211.47535082\n   109.52500388]\n [ 199.35024517   55.03719401  -24.71742767  -52.83117596  109.52500388\n    58.89149601]]", "nfev": "231", "njev": "33", "status": "0", "success": "True", "message": "Optimization terminated successfully.", "x": "[1.42407147 0.98997115 3.27542078 2.24800606 0.55898111 2.55109934]", "nit": "24"}, "13": {"maxiter": 500, "gtol": 1e-10, "xrtol": 1e-05, "eps": 1e-10, "duration": 0.001325845718383789, "fun": "0.9260803461074829", "jac": "[0. 0. 0. 0. 0. 0.]", "hess_inv": "[[1 0 0 0 0 0]\n [0 1 0 0 0 0]\n [0 0 1 0 0 0]\n [0 0 0 1 0 0]\n [0 0 0 0 1 0]\n [0 0 0 0 0 1]]", "nfev": "7", "njev": "1", "status": "0", "success": "True", "message": "Optimization terminated successfully.", "x": "[0.86199436 0.24431891 1.27293065 1.63572409 0.4752416  0.25428155]", "nit": "0"}, "14": {"maxiter": 500, "gtol": 1e-10, "xrtol": 1e-10, "eps": 1e-05, "duration": 0.04298901557922363, "fun": "0.3347710371017456", "jac": "[0. 0. 0. 0. 0. 0.]", "hess_inv": "[[ 697.71377187  195.55830799  -82.61396356 -184.42587759  382.6396964\n   199.35024517]\n [ 195.55830799   57.0076456   -23.80950761  -51.88737437  106.61868071\n    55.03719401]\n [ -82.61396356  -23.80950761   12.58447977   22.42916441  -46.30991936\n   -24.71742767]\n [-184.42587759  -51.88737437   22.42916441   50.36239545 -101.43107236\n   -52.83117596]\n [ 382.6396964   106.61868071  -46.30991936 -101.43107236  211.47535082\n   109.52500388]\n [ 199.35024517   55.03719401  -24.71742767  -52.83117596  109.52500388\n    58.89149601]]", "nfev": "231", "njev": "33", "status": "0", "success": "True", "message": "Optimization terminated successfully.", "x": "[1.42407147 0.98997115 3.27542078 2.24800606 0.55898111 2.55109934]", "nit": "24"}, "15": {"maxiter": 500, "gtol": 1e-10, "xrtol": 1e-10, "eps": 1e-10, "duration": 0.0013623237609863281, "fun": "0.9260803461074829", "jac": "[0. 0. 0. 0. 0. 0.]", "hess_inv": "[[1 0 0 0 0 0]\n [0 1 0 0 0 0]\n [0 0 1 0 0 0]\n [0 0 0 1 0 0]\n [0 0 0 0 1 0]\n [0 0 0 0 0 1]]", "nfev": "7", "njev": "1", "status": "0", "success": "True", "message": "Optimization terminated successfully.", "x": "[0.86199436 0.24431891 1.27293065 1.63572409 0.4752416  0.25428155]", "nit": "0"}, "16": {"maxiter": 1000, "gtol": 1e-05, "xrtol": 1e-05, "eps": 1e-05, "duration": 0.04336261749267578, "fun": "0.3347710371017456", "jac": "[0. 0. 0. 0. 0. 0.]", "hess_inv": "[[ 697.71377187  195.55830799  -82.61396356 -184.42587759  382.6396964\n   199.35024517]\n [ 195.55830799   57.0076456   -23.80950761  -51.88737437  106.61868071\n    55.03719401]\n [ -82.61396356  -23.80950761   12.58447977   22.42916441  -46.30991936\n   -24.71742767]\n [-184.42587759  -51.88737437   22.42916441   50.36239545 -101.43107236\n   -52.83117596]\n [ 382.6396964   106.61868071  -46.30991936 -101.43107236  211.47535082\n   109.52500388]\n [ 199.35024517   55.03719401  -24.71742767  -52.83117596  109.52500388\n    58.89149601]]", "nfev": "231", "njev": "33", "status": "0", "success": "True", "message": "Optimization terminated successfully.", "x": "[1.42407147 0.98997115 3.27542078 2.24800606 0.55898111 2.55109934]", "nit": "24"}, "17": {"maxiter": 1000, "gtol": 1e-05, "xrtol": 1e-05, "eps": 1e-10, "duration": 0.0013320446014404297, "fun": "0.9260803461074829", "jac": "[0. 0. 0. 0. 0. 0.]", "hess_inv": "[[1 0 0 0 0 0]\n [0 1 0 0 0 0]\n [0 0 1 0 0 0]\n [0 0 0 1 0 0]\n [0 0 0 0 1 0]\n [0 0 0 0 0 1]]", "nfev": "7", "njev": "1", "status": "0", "success": "True", "message": "Optimization terminated successfully.", "x": "[0.86199436 0.24431891 1.27293065 1.63572409 0.4752416  0.25428155]", "nit": "0"}, "18": {"maxiter": 1000, "gtol": 1e-05, "xrtol": 1e-10, "eps": 1e-05, "duration": 0.04425525665283203, "fun": "0.3347710371017456", "jac": "[0. 0. 0. 0. 0. 0.]", "hess_inv": "[[ 697.71377187  195.55830799  -82.61396356 -184.42587759  382.6396964\n   199.35024517]\n [ 195.55830799   57.0076456   -23.80950761  -51.88737437  106.61868071\n    55.03719401]\n [ -82.61396356  -23.80950761   12.58447977   22.42916441  -46.30991936\n   -24.71742767]\n [-184.42587759  -51.88737437   22.42916441   50.36239545 -101.43107236\n   -52.83117596]\n [ 382.6396964   106.61868071  -46.30991936 -101.43107236  211.47535082\n   109.52500388]\n [ 199.35024517   55.03719401  -24.71742767  -52.83117596  109.52500388\n    58.89149601]]", "nfev": "231", "njev": "33", "status": "0", "success": "True", "message": "Optimization terminated successfully.", "x": "[1.42407147 0.98997115 3.27542078 2.24800606 0.55898111 2.55109934]", "nit": "24"}, "19": {"maxiter": 1000, "gtol": 1e-05, "xrtol": 1e-10, "eps": 1e-10, "duration": 0.0013623237609863281, "fun": "0.9260803461074829", "jac": "[0. 0. 0. 0. 0. 0.]", "hess_inv": "[[1 0 0 0 0 0]\n [0 1 0 0 0 0]\n [0 0 1 0 0 0]\n [0 0 0 1 0 0]\n [0 0 0 0 1 0]\n [0 0 0 0 0 1]]", "nfev": "7", "njev": "1", "status": "0", "success": "True", "message": "Optimization terminated successfully.", "x": "[0.86199436 0.24431891 1.27293065 1.63572409 0.4752416  0.25428155]", "nit": "0"}, "20": {"maxiter": 1000, "gtol": 1e-10, "xrtol": 1e-05, "eps": 1e-05, "duration": 0.04202985763549805, "fun": "0.3347710371017456", "jac": "[0. 0. 0. 0. 0. 0.]", "hess_inv": "[[ 697.71377187  195.55830799  -82.61396356 -184.42587759  382.6396964\n   199.35024517]\n [ 195.55830799   57.0076456   -23.80950761  -51.88737437  106.61868071\n    55.03719401]\n [ -82.61396356  -23.80950761   12.58447977   22.42916441  -46.30991936\n   -24.71742767]\n [-184.42587759  -51.88737437   22.42916441   50.36239545 -101.43107236\n   -52.83117596]\n [ 382.6396964   106.61868071  -46.30991936 -101.43107236  211.47535082\n   109.52500388]\n [ 199.35024517   55.03719401  -24.71742767  -52.83117596  109.52500388\n    58.89149601]]", "nfev": "231", "njev": "33", "status": "0", "success": "True", "message": "Optimization terminated successfully.", "x": "[1.42407147 0.98997115 3.27542078 2.24800606 0.55898111 2.55109934]", "nit": "24"}, "21": {"maxiter": 1000, "gtol": 1e-10, "xrtol": 1e-05, "eps": 1e-10, "duration": 0.0012960433959960938, "fun": "0.9260803461074829", "jac": "[0. 0. 0. 0. 0. 0.]", "hess_inv": "[[1 0 0 0 0 0]\n [0 1 0 0 0 0]\n [0 0 1 0 0 0]\n [0 0 0 1 0 0]\n [0 0 0 0 1 0]\n [0 0 0 0 0 1]]", "nfev": "7", "njev": "1", "status": "0", "success": "True", "message": "Optimization terminated successfully.", "x": "[0.86199436 0.24431891 1.27293065 1.63572409 0.4752416  0.25428155]", "nit": "0"}, "22": {"maxiter": 1000, "gtol": 1e-10, "xrtol": 1e-10, "eps": 1e-05, "duration": 0.04152226448059082, "fun": "0.3347710371017456", "jac": "[0. 0. 0. 0. 0. 0.]", "hess_inv": "[[ 697.71377187  195.55830799  -82.61396356 -184.42587759  382.6396964\n   199.35024517]\n [ 195.55830799   57.0076456   -23.80950761  -51.88737437  106.61868071\n    55.03719401]\n [ -82.61396356  -23.80950761   12.58447977   22.42916441  -46.30991936\n   -24.71742767]\n [-184.42587759  -51.88737437   22.42916441   50.36239545 -101.43107236\n   -52.83117596]\n [ 382.6396964   106.61868071  -46.30991936 -101.43107236  211.47535082\n   109.52500388]\n [ 199.35024517   55.03719401  -24.71742767  -52.83117596  109.52500388\n    58.89149601]]", "nfev": "231", "njev": "33", "status": "0", "success": "True", "message": "Optimization terminated successfully.", "x": "[1.42407147 0.98997115 3.27542078 2.24800606 0.55898111 2.55109934]", "nit": "24"}, "23": {"maxiter": 1000, "gtol": 1e-10, "xrtol": 1e-10, "eps": 1e-10, "duration": 0.00128173828125, "fun": "0.9260803461074829", "jac": "[0. 0. 0. 0. 0. 0.]", "hess_inv": "[[1 0 0 0 0 0]\n [0 1 0 0 0 0]\n [0 0 1 0 0 0]\n [0 0 0 1 0 0]\n [0 0 0 0 1 0]\n [0 0 0 0 0 1]]", "nfev": "7", "njev": "1", "status": "0", "success": "True", "message": "Optimization terminated successfully.", "x": "[0.86199436 0.24431891 1.27293065 1.63572409 0.4752416  0.25428155]", "nit": "0"}}, "cobyla": {"0": {"maxiter": 100, "tol": 1e-05, "catol": 1e-05, "duration": 0.01721477508544922, "x": "[1.42302069 0.98859465 3.27140795 2.24542068 0.55258572 2.54542013]", "status": "2", "success": "False", "message": "Maximum number of function evaluations has been exceeded.", "nfev": "100", "fun": "0.3347640037536621", "maxcv": "0.0"}, "1": {"maxiter": 100, "tol": 1e-05, "catol": 1e-10, "duration": 0.017195940017700195, "x": "[1.42302069 0.98859465 3.27140795 2.24542068 0.55258572 2.54542013]", "status": "2", "success": "False", "message": "Maximum number of function evaluations has been exceeded.", "nfev": "100", "fun": "0.3347640037536621", "maxcv": "0.0"}, "2": {"maxiter": 100, "tol": 1e-10, "catol": 1e-05, "duration": 0.01780414581298828, "x": "[1.42302069 0.98859465 3.27140795 2.24542068 0.55258572 2.54542013]", "status": "2", "success": "False", "message": "Maximum number of function evaluations has been exceeded.", "nfev": "100", "fun": "0.3347640037536621", "maxcv": "0.0"}, "3": {"maxiter": 100, "tol": 1e-10, "catol": 1e-10, "duration": 0.017856121063232422, "x": "[1.42302069 0.98859465 3.27140795 2.24542068 0.55258572 2.54542013]", "status": "2", "success": "False", "message": "Maximum number of function evaluations has been exceeded.", "nfev": "100", "fun": "0.3347640037536621", "maxcv": "0.0"}, "4": {"maxiter": 500, "tol": 1e-05, "catol": 1e-05, "duration": 0.022242069244384766, "x": "[1.42335406 0.98920075 3.27136073 2.24509574 0.55313786 2.54517013]", "status": "1", "success": "True", "message": "Optimization terminated successfully.", "nfev": "125", "fun": "0.33476385474205017", "maxcv": "0.0"}, "5": {"maxiter": 500, "tol": 1e-05, "catol": 1e-10, "duration": 0.022203922271728516, "x": "[1.42335406 0.98920075 3.27136073 2.24509574 0.55313786 2.54517013]", "status": "1", "success": "True", "message": "Optimization terminated successfully.", "nfev": "125", "fun": "0.33476385474205017", "maxcv": "0.0"}, "6": {"maxiter": 500, "tol": 1e-10, "catol": 1e-05, "duration": 0.02866196632385254, "x": "[1.42335406 0.98920075 3.27136073 2.24509574 0.55313786 2.54517013]", "status": "1", "success": "True", "message": "Optimization terminated successfully.", "nfev": "159", "fun": "0.33476385474205017", "maxcv": "0.0"}, "7": {"maxiter": 500, "tol": 1e-10, "catol": 1e-10, "duration": 0.028332233428955078, "x": "[1.42335406 0.98920075 3.27136073 2.24509574 0.55313786 2.54517013]", "status": "1", "success": "True", "message": "Optimization terminated successfully.", "nfev": "159", "fun": "0.33476385474205017", "maxcv": "0.0"}, "8": {"maxiter": 1000, "tol": 1e-05, "catol": 1e-05, "duration": 0.022274017333984375, "x": "[1.42335406 0.98920075 3.27136073 2.24509574 0.55313786 2.54517013]", "status": "1", "success": "True", "message": "Optimization terminated successfully.", "nfev": "125", "fun": "0.33476385474205017", "maxcv": "0.0"}, "9": {"maxiter": 1000, "tol": 1e-05, "catol": 1e-10, "duration": 0.02232217788696289, "x": "[1.42335406 0.98920075 3.27136073 2.24509574 0.55313786 2.54517013]", "status": "1", "success": "True", "message": "Optimization terminated successfully.", "nfev": "125", "fun": "0.33476385474205017", "maxcv": "0.0"}, "10": {"maxiter": 1000, "tol": 1e-10, "catol": 1e-05, "duration": 0.028435945510864258, "x": "[1.42335406 0.98920075 3.27136073 2.24509574 0.55313786 2.54517013]", "status": "1", "success": "True", "message": "Optimization terminated successfully.", "nfev": "159", "fun": "0.33476385474205017", "maxcv": "0.0"}, "11": {"maxiter": 1000, "tol": 1e-10, "catol": 1e-10, "duration": 0.02854180335998535, "x": "[1.42335406 0.98920075 3.27136073 2.24509574 0.55313786 2.54517013]", "status": "1", "success": "True", "message": "Optimization terminated successfully.", "nfev": "159", "fun": "0.33476385474205017", "maxcv": "0.0"}}, "powell": {"0": {"maxiter": 100, "ftol": 1e-05, "xtol": 1e-05, "duration": 0.2457578182220459, "fun": "0.33476385474205017", "direc": "[[ 1.91183767e-01 -3.02813378e-01 -1.61933681e-01  1.78517409e-01\n  -7.58968644e-02 -1.99443413e-02]\n [ 9.07150860e-03 -5.17410295e-03  1.43656967e-03  3.23328168e-03\n  -2.26563666e-02 -2.94501866e-02]\n [ 0.00000000e+00  0.00000000e+00  1.00000000e+00  0.00000000e+00\n   0.00000000e+00  0.00000000e+00]\n [ 0.00000000e+00  0.00000000e+00  0.00000000e+00  1.00000000e+00\n   0.00000000e+00  0.00000000e+00]\n [ 0.00000000e+00  0.00000000e+00  0.00000000e+00  0.00000000e+00\n   1.00000000e+00  0.00000000e+00]\n [-1.19547618e-02 -1.79837874e-03 -8.75640645e-04 -2.12390077e-03\n   3.26302549e-03 -7.87761100e-04]]", "nit": "15", "nfev": "1374", "status": "0", "success": "True", "message": "Optimization terminated successfully.", "x": "[-1.42336022 -2.15300169  0.12996219  2.24486269  0.55384092  2.54616553]"}, "1": {"maxiter": 100, "ftol": 1e-05, "xtol": 1e-10, "duration": 0.5699608325958252, "fun": "0.3347640037536621", "direc": "[[ 1.90111552e-01 -3.02033341e-01 -1.62248932e-01  1.77798248e-01\n  -7.54696782e-02 -1.99069272e-02]\n [ 8.34595326e-03 -5.31495273e-03  1.33911222e-03  3.01398945e-03\n  -2.24857349e-02 -2.92875203e-02]\n [ 0.00000000e+00  0.00000000e+00  1.00000000e+00  0.00000000e+00\n   0.00000000e+00  0.00000000e+00]\n [ 0.00000000e+00  0.00000000e+00  0.00000000e+00  1.00000000e+00\n   0.00000000e+00  0.00000000e+00]\n [ 0.00000000e+00  0.00000000e+00  0.00000000e+00  0.00000000e+00\n   1.00000000e+00  0.00000000e+00]\n [-1.11681551e-02 -1.60460664e-03 -5.49000890e-04 -2.06299690e-03\n   4.56397008e-03  4.95552168e-04]]", "nit": "15", "nfev": "3175", "status": "0", "success": "True", "message": "Optimization terminated successfully.", "x": "[-1.42326497 -2.15336228  0.12999639  2.24490407  0.55386377  2.54654751]"}, "2": {"maxiter": 100, "ftol": 1e-10, "xtol": 1e-05, "duration": 0.3116300106048584, "fun": "0.3347637951374054", "direc": "[[ 1.91183767e-01 -3.02813378e-01 -1.61933681e-01  1.78517409e-01\n  -7.58968644e-02 -1.99443413e-02]\n [ 9.07150860e-03 -5.17410295e-03  1.43656967e-03  3.23328168e-03\n  -2.26563666e-02 -2.94501866e-02]\n [ 0.00000000e+00  0.00000000e+00  1.00000000e+00  0.00000000e+00\n   0.00000000e+00  0.00000000e+00]\n [ 0.00000000e+00  0.00000000e+00  0.00000000e+00  1.00000000e+00\n   0.00000000e+00  0.00000000e+00]\n [ 0.00000000e+00  0.00000000e+00  0.00000000e+00  0.00000000e+00\n   1.00000000e+00  0.00000000e+00]\n [-1.19547618e-02 -1.79837874e-03 -8.75640645e-04 -2.12390077e-03\n   3.26302549e-03 -7.87761100e-04]]", "nit": "17", "nfev": "1739", "status": "0", "success": "True", "message": "Optimization terminated successfully.", "x": "[-1.4237128  -2.15218036  0.12980127  2.24441886  0.55399969  2.54622811]"}, "3": {"maxiter": 100, "ftol": 1e-10, "xtol": 1e-10, "duration": 0.697699785232544, "fun": "0.3347637951374054", "direc": "[[ 1.90111552e-01 -3.02033341e-01 -1.62248932e-01  1.77798248e-01\n  -7.54696782e-02 -1.99069272e-02]\n [ 8.34595326e-03 -5.31495273e-03  1.33911222e-03  3.01398945e-03\n  -2.24857349e-02 -2.92875203e-02]\n [ 0.00000000e+00  0.00000000e+00  1.00000000e+00  0.00000000e+00\n   0.00000000e+00  0.00000000e+00]\n [ 0.00000000e+00  0.00000000e+00  0.00000000e+00  1.00000000e+00\n   0.00000000e+00  0.00000000e+00]\n [ 0.00000000e+00  0.00000000e+00  0.00000000e+00  0.00000000e+00\n   1.00000000e+00  0.00000000e+00]\n [-1.11681551e-02 -1.60460664e-03 -5.49000890e-04 -2.06299690e-03\n   4.56397008e-03  4.95552168e-04]]", "nit": "18", "nfev": "3924", "status": "0", "success": "True", "message": "Optimization terminated successfully.", "x": "[-1.42368748 -2.15211664  0.12983556  2.24455281  0.55368336  2.54609515]"}, "4": {"maxiter": 500, "ftol": 1e-05, "xtol": 1e-05, "duration": 0.2513880729675293, "fun": "0.33476385474205017", "direc": "[[ 1.91183767e-01 -3.02813378e-01 -1.61933681e-01  1.78517409e-01\n  -7.58968644e-02 -1.99443413e-02]\n [ 9.07150860e-03 -5.17410295e-03  1.43656967e-03  3.23328168e-03\n  -2.26563666e-02 -2.94501866e-02]\n [ 0.00000000e+00  0.00000000e+00  1.00000000e+00  0.00000000e+00\n   0.00000000e+00  0.00000000e+00]\n [ 0.00000000e+00  0.00000000e+00  0.00000000e+00  1.00000000e+00\n   0.00000000e+00  0.00000000e+00]\n [ 0.00000000e+00  0.00000000e+00  0.00000000e+00  0.00000000e+00\n   1.00000000e+00  0.00000000e+00]\n [-1.19547618e-02 -1.79837874e-03 -8.75640645e-04 -2.12390077e-03\n   3.26302549e-03 -7.87761100e-04]]", "nit": "15", "nfev": "1374", "status": "0", "success": "True", "message": "Optimization terminated successfully.", "x": "[-1.42336022 -2.15300169  0.12996219  2.24486269  0.55384092  2.54616553]"}, "5": {"maxiter": 500, "ftol": 1e-05, "xtol": 1e-10, "duration": 0.5726149082183838, "fun": "0.3347640037536621", "direc": "[[ 1.90111552e-01 -3.02033341e-01 -1.62248932e-01  1.77798248e-01\n  -7.54696782e-02 -1.99069272e-02]\n [ 8.34595326e-03 -5.31495273e-03  1.33911222e-03  3.01398945e-03\n  -2.24857349e-02 -2.92875203e-02]\n [ 0.00000000e+00  0.00000000e+00  1.00000000e+00  0.00000000e+00\n   0.00000000e+00  0.00000000e+00]\n [ 0.00000000e+00  0.00000000e+00  0.00000000e+00  1.00000000e+00\n   0.00000000e+00  0.00000000e+00]\n [ 0.00000000e+00  0.00000000e+00  0.00000000e+00  0.00000000e+00\n   1.00000000e+00  0.00000000e+00]\n [-1.11681551e-02 -1.60460664e-03 -5.49000890e-04 -2.062