{"conf_id": 39, "data_type": "random\n", "num_data_points": 2, "s_rank": 0, "unitary": "[[-0.24866696+0.58742286j,-0.44704345-0.43151574j,-0.35669027-0.20570733j,-0.10517633+0.1626036j],[0.10596805-0.19687975j,-0.30269685-0.15056416j,0.18246286+0.30440582j,-0.83484447-0.11310748j],[0.26054512-0.52548482j,0.0285017-0.50723956j,-0.43110112+0.17165838j,0.15243271+0.39915801j],[0.42978035+0.11991271j,-0.17224126-0.46030424j,0.6827807-0.15164662j,0.26483638+0.0061855j]]", "databatch_0": {"databatch": "[[[-0.06300239-0.04620654j,0.03289648+0.05084253j,0.16502296-0.16705344j,0.37861209+0.1728649j],[0.18163558-0.17880321j,-0.13639298-0.09839146j,0.14241266+0.0957635j,0.27590408+0.0420877j],[-0.01189538+0.33634699j,0.26757936-0.05601322j,0.03634047+0.19273847j,0.17428914+0.19607489j],[0.06044469+0.08608449j,0.04264832+0.15272631j,0.41875502+0.12102015j,0.00324197-0.19937147j]],[[-0.00784424-0.4056485j,0.27176838+0.1455474j,-0.09489616+0.22268155j,-0.05653322+0.02169305j],[-0.24281817+0.01533938j,-0.3131997+0.12919544j,-0.00388059+0.01375077j,-0.04388397-0.05642958j],[-0.12658516-0.06554055j,0.02405375+0.00223652j,0.1005304-0.22803518j,0.07827578+0.39180822j],[0.03958563+0.08717657j,0.11180982+0.09261178j,0.34104006-0.18224292j,0.13472662-0.24129576j]]]", "nelder_mead": {"0": {"maxiter": 100, "fatol": 1e-05, "xatol": 1e-05, "duration": 0.027144908905029297, "fun": "0.7393314242362976", "nit": "100", "nfev": "153", "status": "2", "success": "False", "message": "Maximum number of iterations has been exceeded.", "x": "[ 7.97424717  2.98859732  2.58520612 -0.03721197  1.23928771  4.05817962]", "final_simplex": "(array([[ 7.97424717,  2.98859732,  2.58520612, -0.03721197,  1.23928771,\n         4.05817962],\n       [ 8.01413016,  2.99765656,  2.61394604, -0.04948065,  1.21352648,\n         4.0844926 ],\n       [ 7.97489948,  2.96566274,  2.59923186, -0.03386945,  1.25434346,\n         4.06777238],\n       [ 8.00998366,  3.00150748,  2.60779055, -0.0274271 ,  1.20685976,\n         4.05066646],\n       [ 7.98165454,  3.01068211,  2.60715101, -0.02697459,  1.20216002,\n         4.06809488],\n       [ 8.02440494,  3.01297992,  2.60683065, -0.03667873,  1.22813234,\n         4.07138489],\n       [ 7.98008192,  2.96757885,  2.58192033, -0.02881023,  1.23697118,\n         4.07768377]]), array([0.73933142, 0.73935354, 0.73936778, 0.73938107, 0.7394253 ,\n       0.7394321 , 0.73943961]))"}, "1": {"maxiter": 100, "fatol": 1e-05, "xatol": 1e-10, "duration": 0.02698493003845215, "fun": "0.7393314242362976", "nit": "100", "nfev": "153", "status": "2", "success": "False", "message": "Maximum number of iterations has been exceeded.", "x": "[ 7.97424717  2.98859732  2.58520612 -0.03721197  1.23928771  4.05817962]", "final_simplex": "(array([[ 7.97424717,  2.98859732,  2.58520612, -0.03721197,  1.23928771,\n         4.05817962],\n       [ 8.01413016,  2.99765656,  2.61394604, -0.04948065,  1.21352648,\n         4.0844926 ],\n       [ 7.97489948,  2.96566274,  2.59923186, -0.03386945,  1.25434346,\n         4.06777238],\n       [ 8.00998366,  3.00150748,  2.60779055, -0.0274271 ,  1.20685976,\n         4.05066646],\n       [ 7.98165454,  3.01068211,  2.60715101, -0.02697459,  1.20216002,\n         4.06809488],\n       [ 8.02440494,  3.01297992,  2.60683065, -0.03667873,  1.22813234,\n         4.07138489],\n       [ 7.98008192,  2.96757885,  2.58192033, -0.02881023,  1.23697118,\n         4.07768377]]), array([0.73933142, 0.73935354, 0.73936778, 0.73938107, 0.7394253 ,\n       0.7394321 , 0.73943961]))"}, "2": {"maxiter": 100, "fatol": 1e-10, "xatol": 1e-05, "duration": 0.026950836181640625, "fun": "0.7393314242362976", "nit": "100", "nfev": "153", "status": "2", "success": "False", "message": "Maximum number of iterations has been exceeded.", "x": "[ 7.97424717  2.98859732  2.58520612 -0.03721197  1.23928771  4.05817962]", "final_simplex": "(array([[ 7.97424717,  2.98859732,  2.58520612, -0.03721197,  1.23928771,\n         4.05817962],\n       [ 8.01413016,  2.99765656,  2.61394604, -0.04948065,  1.21352648,\n         4.0844926 ],\n       [ 7.97489948,  2.96566274,  2.59923186, -0.03386945,  1.25434346,\n         4.06777238],\n       [ 8.00998366,  3.00150748,  2.60779055, -0.0274271 ,  1.20685976,\n         4.05066646],\n       [ 7.98165454,  3.01068211,  2.60715101, -0.02697459,  1.20216002,\n         4.06809488],\n       [ 8.02440494,  3.01297992,  2.60683065, -0.03667873,  1.22813234,\n         4.07138489],\n       [ 7.98008192,  2.96757885,  2.58192033, -0.02881023,  1.23697118,\n         4.07768377]]), array([0.73933142, 0.73935354, 0.73936778, 0.73938107, 0.7394253 ,\n       0.7394321 , 0.73943961]))"}, "3": {"maxiter": 100, "fatol": 1e-10, "xatol": 1e-10, "duration": 0.026972055435180664, "fun": "0.7393314242362976", "nit": "100", "nfev": "153", "status": "2", "success": "False", "message": "Maximum number of iterations has been exceeded.", "x": "[ 7.97424717  2.98859732  2.58520612 -0.03721197  1.23928771  4.05817962]", "final_simplex": "(array([[ 7.97424717,  2.98859732,  2.58520612, -0.03721197,  1.23928771,\n         4.05817962],\n       [ 8.01413016,  2.99765656,  2.61394604, -0.04948065,  1.21352648,\n         4.0844926 ],\n       [ 7.97489948,  2.96566274,  2.59923186, -0.03386945,  1.25434346,\n         4.06777238],\n       [ 8.00998366,  3.00150748,  2.60779055, -0.0274271 ,  1.20685976,\n         4.05066646],\n       [ 7.98165454,  3.01068211,  2.60715101, -0.02697459,  1.20216002,\n         4.06809488],\n       [ 8.02440494,  3.01297992,  2.60683065, -0.03667873,  1.22813234,\n         4.07138489],\n       [ 7.98008192,  2.96757885,  2.58192033, -0.02881023,  1.23697118,\n         4.07768377]]), array([0.73933142, 0.73935354, 0.73936778, 0.73938107, 0.7394253 ,\n       0.7394321 , 0.73943961]))"}, "4": {"maxiter": 500, "fatol": 1e-05, "xatol": 1e-05, "duration": 0.11759376525878906, "fun": "0.6152573227882385", "nit": "409", "nfev": "669", "status": "0", "success": "True", "message": "Optimization terminated successfully.", "x": "[ 7.78440777  4.06619995  2.33861615 -1.6460175   2.65806734  2.45684953]", "final_simplex": "(array([[ 7.78440777,  4.06619995,  2.33861615, -1.6460175 ,  2.65806734,\n         2.45684953],\n       [ 7.78440934,  4.06619513,  2.33861726, -1.64601053,  2.65806609,\n         2.4568482 ],\n       [ 7.78440946,  4.06619113,  2.33862008, -1.64601483,  2.65806736,\n         2.45684847],\n       [ 7.78441282,  4.06619884,  2.33862051, -1.64601438,  2.65806407,\n         2.45685003],\n       [ 7.78441765,  4.06619543,  2.33861675, -1.64601339,  2.65807206,\n         2.45685701],\n       [ 7.78441528,  4.06619646,  2.33861679, -1.64601387,  2.65806398,\n         2.45685396],\n       [ 7.7844142 ,  4.06619679,  2.33861778, -1.64601741,  2.65807043,\n         2.45684702]]), array([0.61525732, 0.61525732, 0.61525732, 0.61525732, 0.61525732,\n       0.61525732, 0.61525732]))"}, "5": {"maxiter": 500, "fatol": 1e-05, "xatol": 1e-10, "duration": 0.14233708381652832, "fun": "0.6152573227882385", "nit": "426", "nfev": "805", "status": "0", "success": "True", "message": "Optimization terminated successfully.", "x": "[ 7.78440777  4.06619995  2.33861615 -1.6460175   2.65806734  2.45684953]", "final_simplex": "(array([[ 7.78440777,  4.06619995,  2.33861615, -1.6460175 ,  2.65806734,\n         2.45684953],\n       [ 7.78440777,  4.06619995,  2.33861615, -1.6460175 ,  2.65806734,\n         2.45684953],\n       [ 7.78440777,  4.06619995,  2.33861615, -1.6460175 ,  2.65806734,\n         2.45684953],\n       [ 7.78440777,  4.06619995,  2.33861615, -1.6460175 ,  2.65806734,\n         2.45684953],\n       [ 7.78440777,  4.06619995,  2.33861615, -1.6460175 ,  2.65806734,\n         2.45684953],\n       [ 7.78440777,  4.06619995,  2.33861615, -1.6460175 ,  2.65806734,\n         2.45684953],\n       [ 7.78440777,  4.06619995,  2.33861615, -1.6460175 ,  2.65806734,\n         2.45684953]]), array([0.61525732, 0.61525732, 0.61525732, 0.61525732, 0.61525732,\n       0.61525732, 0.61525732]))"}, "6": {"maxiter": 500, "fatol": 1e-10, "xatol": 1e-05, "duration": 0.11948275566101074, "fun": "0.6152573227882385", "nit": "409", "nfev": "669", "status": "0", "success": "True", "message": "Optimization terminated successfully.", "x": "[ 7.78440777  4.06619995  2.33861615 -1.6460175   2.65806734  2.45684953]", "final_simplex": "(array([[ 7.78440777,  4.06619995,  2.33861615, -1.6460175 ,  2.65806734,\n         2.45684953],\n       [ 7.78440934,  4.06619513,  2.33861726, -1.64601053,  2.65806609,\n         2.4568482 ],\n       [ 7.78440946,  4.06619113,  2.33862008, -1.64601483,  2.65806736,\n         2.45684847],\n       [ 7.78441282,  4.06619884,  2.33862051, -1.64601438,  2.65806407,\n         2.45685003],\n       [ 7.78441765,  4.06619543,  2.33861675, -1.64601339,  2.65807206,\n         2.45685701],\n       [ 7.78441528,  4.06619646,  2.33861679, -1.64601387,  2.65806398,\n         2.45685396],\n       [ 7.7844142 ,  4.06619679,  2.33861778, -1.64601741,  2.65807043,\n         2.45684702]]), array([0.61525732, 0.61525732, 0.61525732, 0.61525732, 0.61525732,\n       0.61525732, 0.61525732]))"}, "7": {"maxiter": 500, "fatol": 1e-10, "xatol": 1e-10, "duration": 0.14278388023376465, "fun": "0.6152573227882385", "nit": "426", "nfev": "805", "status": "0", "success": "True", "message": "Optimization terminated successfully.", "x": "[ 7.78440777  4.06619995  2.33861615 -1.6460175   2.65806734  2.45684953]", "final_simplex": "(array([[ 7.78440777,  4.06619995,  2.33861615, -1.6460175 ,  2.65806734,\n         2.45684953],\n       [ 7.78440777,  4.06619995,  2.33861615, -1.6460175 ,  2.65806734,\n         2.45684953],\n       [ 7.78440777,  4.06619995,  2.33861615, -1.6460175 ,  2.65806734,\n         2.45684953],\n       [ 7.78440777,  4.06619995,  2.33861615, -1.6460175 ,  2.65806734,\n         2.45684953],\n       [ 7.78440777,  4.06619995,  2.33861615, -1.6460175 ,  2.65806734,\n         2.45684953],\n       [ 7.78440777,  4.06619995,  2.33861615, -1.6460175 ,  2.65806734,\n         2.45684953],\n       [ 7.78440777,  4.06619995,  2.33861615, -1.6460175 ,  2.65806734,\n         2.45684953]]), array([0.61525732, 0.61525732, 0.61525732, 0.61525732, 0.61525732,\n       0.61525732, 0.61525732]))"}, "8": {"maxiter": 1000, "fatol": 1e-05, "xatol": 1e-05, "duration": 0.11915373802185059, "fun": "0.6152573227882385", "nit": "409", "nfev": "669", "status": "0", "success": "True", "message": "Optimization terminated successfully.", "x": "[ 7.78440777  4.06619995  2.33861615 -1.6460175   2.65806734  2.45684953]", "final_simplex": "(array([[ 7.78440777,  4.06619995,  2.33861615, -1.6460175 ,  2.65806734,\n         2.45684953],\n       [ 7.78440934,  4.06619513,  2.33861726, -1.64601053,  2.65806609,\n         2.4568482 ],\n       [ 7.78440946,  4.06619113,  2.33862008, -1.64601483,  2.65806736,\n         2.45684847],\n       [ 7.78441282,  4.06619884,  2.33862051, -1.64601438,  2.65806407,\n         2.45685003],\n       [ 7.78441765,  4.06619543,  2.33861675, -1.64601339,  2.65807206,\n         2.45685701],\n       [ 7.78441528,  4.06619646,  2.33861679, -1.64601387,  2.65806398,\n         2.45685396],\n       [ 7.7844142 ,  4.06619679,  2.33861778, -1.64601741,  2.65807043,\n         2.45684702]]), array([0.61525732, 0.61525732, 0.61525732, 0.61525732, 0.61525732,\n       0.61525732, 0.61525732]))"}, "9": {"maxiter": 1000, "fatol": 1e-05, "xatol": 1e-10, "duration": 0.1430516242980957, "fun": "0.6152573227882385", "nit": "426", "nfev": "805", "status": "0", "success": "True", "message": "Optimization terminated successfully.", "x": "[ 7.78440777  4.06619995  2.33861615 -1.6460175   2.65806734  2.45684953]", "final_simplex": "(array([[ 7.78440777,  4.06619995,  2.33861615, -1.6460175 ,  2.65806734,\n         2.45684953],\n       [ 7.78440777,  4.06619995,  2.33861615, -1.6460175 ,  2.65806734,\n         2.45684953],\n       [ 7.78440777,  4.06619995,  2.33861615, -1.6460175 ,  2.65806734,\n         2.45684953],\n       [ 7.78440777,  4.06619995,  2.33861615, -1.6460175 ,  2.65806734,\n         2.45684953],\n       [ 7.78440777,  4.06619995,  2.33861615, -1.6460175 ,  2.65806734,\n         2.45684953],\n       [ 7.78440777,  4.06619995,  2.33861615, -1.6460175 ,  2.65806734,\n         2.45684953],\n       [ 7.78440777,  4.06619995,  2.33861615, -1.6460175 ,  2.65806734,\n         2.45684953]]), array([0.61525732, 0.61525732, 0.61525732, 0.61525732, 0.61525732,\n       0.61525732, 0.61525732]))"}, "10": {"maxiter": 1000, "fatol": 1e-10, "xatol": 1e-05, "duration": 0.11922001838684082, "fun": "0.6152573227882385", "nit": "409", "nfev": "669", "status": "0", "success": "True", "message": "Optimization terminated successfully.", "x": "[ 7.78440777  4.06619995  2.33861615 -1.6460175   2.65806734  2.45684953]", "final_simplex": "(array([[ 7.78440777,  4.06619995,  2.33861615, -1.6460175 ,  2.65806734,\n         2.45684953],\n       [ 7.78440934,  4.06619513,  2.33861726, -1.64601053,  2.65806609,\n         2.4568482 ],\n       [ 7.78440946,  4.06619113,  2.33862008, -1.64601483,  2.65806736,\n         2.45684847],\n       [ 7.78441282,  4.06619884,  2.33862051, -1.64601438,  2.65806407,\n         2.45685003],\n       [ 7.78441765,  4.06619543,  2.33861675, -1.64601339,  2.65807206,\n         2.45685701],\n       [ 7.78441528,  4.06619646,  2.33861679, -1.64601387,  2.65806398,\n         2.45685396],\n       [ 7.7844142 ,  4.06619679,  2.33861778, -1.64601741,  2.65807043,\n         2.45684702]]), array([0.61525732, 0.61525732, 0.61525732, 0.61525732, 0.61525732,\n       0.61525732, 0.61525732]))"}, "11": {"maxiter": 1000, "fatol": 1e-10, "xatol": 1e-10, "duration": 0.14330601692199707, "fun": "0.6152573227882385", "nit": "426", "nfev": "805", "status": "0", "success": "True", "message": "Optimization terminated successfully.", "x": "[ 7.78440777  4.06619995  2.33861615 -1.6460175   2.65806734  2.45684953]", "final_simplex": "(array([[ 7.78440777,  4.06619995,  2.33861615, -1.6460175 ,  2.65806734,\n         2.45684953],\n       [ 7.78440777,  4.06619995,  2.33861615, -1.6460175 ,  2.65806734,\n         2.45684953],\n       [ 7.78440777,  4.06619995,  2.33861615, -1.6460175 ,  2.65806734,\n         2.45684953],\n       [ 7.78440777,  4.06619995,  2.33861615, -1.6460175 ,  2.65806734,\n         2.45684953],\n       [ 7.78440777,  4.06619995,  2.33861615, -1.6460175 ,  2.65806734,\n         2.45684953],\n       [ 7.78440777,  4.06619995,  2.33861615, -1.6460175 ,  2.65806734,\n         2.45684953],\n       [ 7.78440777,  4.06619995,  2.33861615, -1.6460175 ,  2.65806734,\n         2.45684953]]), array([0.61525732, 0.61525732, 0.61525732, 0.61525732, 0.61525732,\n       0.61525732, 0.61525732]))"}}, "bfgs": {"0": {"maxiter": 100, "gtol": 1e-05, "xrtol": 1e-05, "eps": 1e-05, "duration": 0.028082847595214844, "fun": "0.5069542527198792", "jac": "[0. 0. 0. 0. 0. 0.]", "hess_inv": "[[ 7.71079491  0.88133188  1.98342561  0.42734303  0.63891175 -4.04716209]\n [ 0.88133188  2.26604975 -0.84074367  0.61693712 -0.15645917 -1.39951844]\n [ 1.98342561 -0.84074367  1.88835137 -0.39161763  0.42595627 -0.43438397]\n [ 0.42734303  0.61693712 -0.39161763  2.42645685 -0.38190233 -1.51086897]\n [ 0.63891175 -0.15645917  0.42595627 -0.38190233  1.30863879  0.21944608]\n [-4.04716209 -1.39951844 -0.43438397 -1.51086897  0.21944608  4.99056762]]", "nfev": "154", "njev": "22", "status": "0", "success": "True", "message": "Optimization terminated successfully.", "x": "[ 5.18471136  3.17322254  1.25090495 -1.79655943  5.88713036  2.18775867]", "nit": "14"}, "1": {"maxiter": 100, "gtol": 1e-05, "xrtol": 1e-05, "eps": 1e-10, "duration": 0.0012989044189453125, "fun": "0.9270561933517456", "jac": "[0. 0. 0. 0. 0. 0.]", "hess_inv": "[[1 0 0 0 0 0]\n [0 1 0 0 0 0]\n [0 0 1 0 0 0]\n [0 0 0 1 0 0]\n [0 0 0 0 1 0]\n [0 0 0 0 0 1]]", "nfev": "7", "njev": "1", "status": "0", "success": "True", "message": "Optimization terminated successfully.", "x": "[5.51906644 2.72061489 2.44784352 0.93167569 5.75038623 2.53186919]", "nit": "0"}, "2": {"maxiter": 100, "gtol": 1e-05, "xrtol": 1e-10, "eps": 1e-05, "duration": 0.02777385711669922, "fun": "0.5069542527198792", "jac": "[0. 0. 0. 0. 0. 0.]", "hess_inv": "[[ 7.71079491  0.88133188  1.98342561  0.42734303  0.63891175 -4.04716209]\n [ 0.88133188  2.26604975 -0.84074367  0.61693712 -0.15645917 -1.39951844]\n [ 1.98342561 -0.84074367  1.88835137 -0.39161763  0.42595627 -0.43438397]\n [ 0.42734303  0.61693712 -0.39161763  2.42645685 -0.38190233 -1.51086897]\n [ 0.63891175 -0.15645917  0.42595627 -0.38190233  1.30863879  0.21944608]\n [-4.04716209 -1.39951844 -0.43438397 -1.51086897  0.21944608  4.99056762]]", "nfev": "154", "njev": "22", "status": "0", "success": "True", "message": "Optimization terminated successfully.", "x": "[ 5.18471136  3.17322254  1.25090495 -1.79655943  5.88713036  2.18775867]", "nit": "14"}, "3": {"maxiter": 100, "gtol": 1e-05, "xrtol": 1e-10, "eps": 1e-10, "duration": 0.0012807846069335938, "fun": "0.9270561933517456", "jac": "[0. 0. 0. 0. 0. 0.]", "hess_inv": "[[1 0 0 0 0 0]\n [0 1 0 0 0 0]\n [0 0 1 0 0 0]\n [0 0 0 1 0 0]\n [0 0 0 0 1 0]\n [0 0 0 0 0 1]]", "nfev": "7", "njev": "1", "status": "0", "success": "True", "message": "Optimization terminated successfully.", "x": "[5.51906644 2.72061489 2.44784352 0.93167569 5.75038623 2.53186919]", "nit": "0"}, "4": {"maxiter": 100, "gtol": 1e-10, "xrtol": 1e-05, "eps": 1e-05, "duration": 0.02770400047302246, "fun": "0.5069542527198792", "jac": "[0. 0. 0. 0. 0. 0.]", "hess_inv": "[[ 7.71079491  0.88133188  1.98342561  0.42734303  0.63891175 -4.04716209]\n [ 0.88133188  2.26604975 -0.84074367  0.61693712 -0.15645917 -1.39951844]\n [ 1.98342561 -0.84074367  1.88835137 -0.39161763  0.42595627 -0.43438397]\n [ 0.42734303  0.61693712 -0.39161763  2.42645685 -0.38190233 -1.51086897]\n [ 0.63891175 -0.15645917  0.42595627 -0.38190233  1.30863879  0.21944608]\n [-4.04716209 -1.39951844 -0.43438397 -1.51086897  0.21944608  4.99056762]]", "nfev": "154", "njev": "22", "status": "0", "success": "True", "message": "Optimization terminated successfully.", "x": "[ 5.18471136  3.17322254  1.25090495 -1.79655943  5.88713036  2.18775867]", "nit": "14"}, "5": {"maxiter": 100, "gtol": 1e-10, "xrtol": 1e-05, "eps": 1e-10, "duration": 0.001276254653930664, "fun": "0.9270561933517456", "jac": "[0. 0. 0. 0. 0. 0.]", "hess_inv": "[[1 0 0 0 0 0]\n [0 1 0 0 0 0]\n [0 0 1 0 0 0]\n [0 0 0 1 0 0]\n [0 0 0 0 1 0]\n [0 0 0 0 0 1]]", "nfev": "7", "njev": "1", "status": "0", "success": "True", "message": "Optimization terminated successfully.", "x": "[5.51906644 2.72061489 2.44784352 0.93167569 5.75038623 2.53186919]", "nit": "0"}, "6": {"maxiter": 100, "gtol": 1e-10, "xrtol": 1e-10, "eps": 1e-05, "duration": 0.02765679359436035, "fun": "0.5069542527198792", "jac": "[0. 0. 0. 0. 0. 0.]", "hess_inv": "[[ 7.71079491  0.88133188  1.98342561  0.42734303  0.63891175 -4.04716209]\n [ 0.88133188  2.26604975 -0.84074367  0.61693712 -0.15645917 -1.39951844]\n [ 1.98342561 -0.84074367  1.88835137 -0.39161763  0.42595627 -0.43438397]\n [ 0.42734303  0.61693712 -0.39161763  2.42645685 -0.38190233 -1.51086897]\n [ 0.63891175 -0.15645917  0.42595627 -0.38190233  1.30863879  0.21944608]\n [-4.04716209 -1.39951844 -0.43438397 -1.51086897  0.21944608  4.99056762]]", "nfev": "154", "njev": "22", "status": "0", "success": "True", "message": "Optimization terminated successfully.", "x": "[ 5.18471136  3.17322254  1.25090495 -1.79655943  5.88713036  2.18775867]", "nit": "14"}, "7": {"maxiter": 100, "gtol": 1e-10, "xrtol": 1e-10, "eps": 1e-10, "duration": 0.001280069351196289, "fun": "0.9270561933517456", "jac": "[0. 0. 0. 0. 0. 0.]", "hess_inv": "[[1 0 0 0 0 0]\n [0 1 0 0 0 0]\n [0 0 1 0 0 0]\n [0 0 0 1 0 0]\n [0 0 0 0 1 0]\n [0 0 0 0 0 1]]", "nfev": "7", "njev": "1", "status": "0", "success": "True", "message": "Optimization terminated successfully.", "x": "[5.51906644 2.72061489 2.44784352 0.93167569 5.75038623 2.53186919]", "nit": "0"}, "8": {"maxiter": 500, "gtol": 1e-05, "xrtol": 1e-05, "eps": 1e-05, "duration": 0.027544021606445312, "fun": "0.5069542527198792", "jac": "[0. 0. 0. 0. 0. 0.]", "hess_inv": "[[ 7.71079491  0.88133188  1.98342561  0.42734303  0.63891175 -4.04716209]\n [ 0.88133188  2.26604975 -0.84074367  0.61693712 -0.15645917 -1.39951844]\n [ 1.98342561 -0.84074367  1.88835137 -0.39161763  0.42595627 -0.43438397]\n [ 0.42734303  0.61693712 -0.39161763  2.42645685 -0.38190233 -1.51086897]\n [ 0.63891175 -0.15645917  0.42595627 -0.38190233  1.30863879  0.21944608]\n [-4.04716209 -1.39951844 -0.43438397 -1.51086897  0.21944608  4.99056762]]", "nfev": "154", "njev": "22", "status": "0", "success": "True", "message": "Optimization terminated successfully.", "x": "[ 5.18471136  3.17322254  1.25090495 -1.79655943  5.88713036  2.18775867]", "nit": "14"}, "9": {"maxiter": 500, "gtol": 1e-05, "xrtol": 1e-05, "eps": 1e-10, "duration": 0.001280069351196289, "fun": "0.9270561933517456", "jac": "[0. 0. 0. 0. 0. 0.]", "hess_inv": "[[1 0 0 0 0 0]\n [0 1 0 0 0 0]\n [0 0 1 0 0 0]\n [0 0 0 1 0 0]\n [0 0 0 0 1 0]\n [0 0 0 0 0 1]]", "nfev": "7", "njev": "1", "status": "0", "success": "True", "message": "Optimization terminated successfully.", "x": "[5.51906644 2.72061489 2.44784352 0.93167569 5.75038623 2.53186919]", "nit": "0"}, "10": {"maxiter": 500, "gtol": 1e-05, "xrtol": 1e-10, "eps": 1e-05, "duration": 0.02748394012451172, "fun": "0.5069542527198792", "jac": "[0. 0. 0. 0. 0. 0.]", "hess_inv": "[[ 7.71079491  0.88133188  1.98342561  0.42734303  0.63891175 -4.04716209]\n [ 0.88133188  2.26604975 -0.84074367  0.61693712 -0.15645917 -1.39951844]\n [ 1.98342561 -0.84074367  1.88835137 -0.39161763  0.42595627 -0.43438397]\n [ 0.42734303  0.61693712 -0.39161763  2.42645685 -0.38190233 -1.51086897]\n [ 0.63891175 -0.15645917  0.42595627 -0.38190233  1.30863879  0.21944608]\n [-4.04716209 -1.39951844 -0.43438397 -1.51086897  0.21944608  4.99056762]]", "nfev": "154", "njev": "22", "status": "0", "success": "True", "message": "Optimization terminated successfully.", "x": "[ 5.18471136  3.17322254  1.25090495 -1.79655943  5.88713036  2.18775867]", "nit": "14"}, "11": {"maxiter": 500, "gtol": 1e-05, "xrtol": 1e-10, "eps": 1e-10, "duration": 0.001275777816772461, "fun": "0.9270561933517456", "jac": "[0. 0. 0. 0. 0. 0.]", "hess_inv": "[[1 0 0 0 0 0]\n [0 1 0 0 0 0]\n [0 0 1 0 0 0]\n [0 0 0 1 0 0]\n [0 0 0 0 1 0]\n [0 0 0 0 0 1]]", "nfev": "7", "njev": "1", "status": "0", "success": "True", "message": "Optimization terminated successfully.", "x": "[5.51906644 2.72061489 2.44784352 0.93167569 5.75038623 2.53186919]", "nit": "0"}, "12": {"maxiter": 500, "gtol": 1e-10, "xrtol": 1e-05, "eps": 1e-05, "duration": 0.02745199203491211, "fun": "0.5069542527198792", "jac": "[0. 0. 0. 0. 0. 0.]", "hess_inv": "[[ 7.71079491  0.88133188  1.98342561  0.42734303  0.63891175 -4.04716209]\n [ 0.88133188  2.26604975 -0.84074367  0.61693712 -0.15645917 -1.39951844]\n [ 1.98342561 -0.84074367  1.88835137 -0.39161763  0.42595627 -0.43438397]\n [ 0.42734303  0.61693712 -0.39161763  2.42645685 -0.38190233 -1.51086897]\n [ 0.63891175 -0.15645917  0.42595627 -0.38190233  1.30863879  0.21944608]\n [-4.04716209 -1.39951844 -0.43438397 -1.51086897  0.21944608  4.99056762]]", "nfev": "154", "njev": "22", "status": "0", "success": "True", "message": "Optimization terminated successfully.", "x": "[ 5.18471136  3.17322254  1.25090495 -1.79655943  5.88713036  2.18775867]", "nit": "14"}, "13": {"maxiter": 500, "gtol": 1e-10, "xrtol": 1e-05, "eps": 1e-10, "duration": 0.0012650489807128906, "fun": "0.9270561933517456", "jac": "[0. 0. 0. 0. 0. 0.]", "hess_inv": "[[1 0 0 0 0 0]\n [0 1 0 0 0 0]\n [0 0 1 0 0 0]\n [0 0 0 1 0 0]\n [0 0 0 0 1 0]\n [0 0 0 0 0 1]]", "nfev": "7", "njev": "1", "status": "0", "success": "True", "message": "Optimization terminated successfully.", "x": "[5.51906644 2.72061489 2.44784352 0.93167569 5.75038623 2.53186919]", "nit": "0"}, "14": {"maxiter": 500, "gtol": 1e-10, "xrtol": 1e-10, "eps": 1e-05, "duration": 0.027252912521362305, "fun": "0.5069542527198792", "jac": "[0. 0. 0. 0. 0. 0.]", "hess_inv": "[[ 7.71079491  0.88133188  1.98342561  0.42734303  0.63891175 -4.04716209]\n [ 0.88133188  2.26604975 -0.84074367  0.61693712 -0.15645917 -1.39951844]\n [ 1.98342561 -0.84074367  1.88835137 -0.39161763  0.42595627 -0.43438397]\n [ 0.42734303  0.61693712 -0.39161763  2.42645685 -0.38190233 -1.51086897]\n [ 0.63891175 -0.15645917  0.42595627 -0.38190233  1.30863879  0.21944608]\n [-4.04716209 -1.39951844 -0.43438397 -1.51086897  0.21944608  4.99056762]]", "nfev": "154", "njev": "22", "status": "0", "success": "True", "message": "Optimization terminated successfully.", "x": "[ 5.18471136  3.17322254  1.25090495 -1.79655943  5.88713036  2.18775867]", "nit": "14"}, "15": {"maxiter": 500, "gtol": 1e-10, "xrtol": 1e-10, "eps": 1e-10, "duration": 0.0012590885162353516, "fun": "0.9270561933517456", "jac": "[0. 0. 0. 0. 0. 0.]", "hess_inv": "[[1 0 0 0 0 0]\n [0 1 0 0 0 0]\n [0 0 1 0 0 0]\n [0 0 0 1 0 0]\n [0 0 0 0 1 0]\n [0 0 0 0 0 1]]", "nfev": "7", "njev": "1", "status": "0", "success": "True", "message": "Optimization terminated successfully.", "x": "[5.51906644 2.72061489 2.44784352 0.93167569 5.75038623 2.53186919]", "nit": "0"}, "16": {"maxiter": 1000, "gtol": 1e-05, "xrtol": 1e-05, "eps": 1e-05, "duration": 0.027154922485351562, "fun": "0.5069542527198792", "jac": "[0. 0. 0. 0. 0. 0.]", "hess_inv": "[[ 7.71079491  0.88133188  1.98342561  0.42734303  0.63891175 -4.04716209]\n [ 0.88133188  2.26604975 -0.84074367  0.61693712 -0.15645917 -1.39951844]\n [ 1.98342561 -0.84074367  1.88835137 -0.39161763  0.42595627 -0.43438397]\n [ 0.42734303  0.61693712 -0.39161763  2.42645685 -0.38190233 -1.51086897]\n [ 0.63891175 -0.15645917  0.42595627 -0.38190233  1.30863879  0.21944608]\n [-4.04716209 -1.39951844 -0.43438397 -1.51086897  0.21944608  4.99056762]]", "nfev": "154", "njev": "22", "status": "0", "success": "True", "message": "Optimization terminated successfully.", "x": "[ 5.18471136  3.17322254  1.25090495 -1.79655943  5.88713036  2.18775867]", "nit": "14"}, "17": {"maxiter": 1000, "gtol": 1e-05, "xrtol": 1e-05, "eps": 1e-10, "duration": 0.0012629032135009766, "fun": "0.9270561933517456", "jac": "[0. 0. 0. 0. 0. 0.]", "hess_inv": "[[1 0 0 0 0 0]\n [0 1 0 0 0 0]\n [0 0 1 0 0 0]\n [0 0 0 1 0 0]\n [0 0 0 0 1 0]\n [0 0 0 0 0 1]]", "nfev": "7", "njev": "1", "status": "0", "success": "True", "message": "Optimization terminated successfully.", "x": "[5.51906644 2.72061489 2.44784352 0.93167569 5.75038623 2.53186919]", "nit": "0"}, "18": {"maxiter": 1000, "gtol": 1e-05, "xrtol": 1e-10, "eps": 1e-05, "duration": 0.027133941650390625, "fun": "0.5069542527198792", "jac": "[0. 0. 0. 0. 0. 0.]", "hess_inv": "[[ 7.71079491  0.88133188  1.98342561  0.42734303  0.63891175 -4.04716209]\n [ 0.88133188  2.26604975 -0.84074367  0.61693712 -0.15645917 -1.39951844]\n [ 1.98342561 -0.84074367  1.88835137 -0.39161763  0.42595627 -0.43438397]\n [ 0.42734303  0.61693712 -0.39161763  2.42645685 -0.38190233 -1.51086897]\n [ 0.63891175 -0.15645917  0.42595627 -0.38190233  1.30863879  0.21944608]\n [-4.04716209 -1.39951844 -0.43438397 -1.51086897  0.21944608  4.99056762]]", "nfev": "154", "njev": "22", "status": "0", "success": "True", "message": "Optimization terminated successfully.", "x": "[ 5.18471136  3.17322254  1.25090495 -1.79655943  5.88713036  2.18775867]", "nit": "14"}, "19": {"maxiter": 1000, "gtol": 1e-05, "xrtol": 1e-10, "eps": 1e-10, "duration": 0.001255035400390625, "fun": "0.9270561933517456", "jac": "[0. 0. 0. 0. 0. 0.]", "hess_inv": "[[1 0 0 0 0 0]\n [0 1 0 0 0 0]\n [0 0 1 0 0 0]\n [0 0 0 1 0 0]\n [0 0 0 0 1 0]\n [0 0 0 0 0 1]]", "nfev": "7", "njev": "1", "status": "0", "success": "True", "message": "Optimization terminated successfully.", "x": "[5.51906644 2.72061489 2.44784352 0.93167569 5.75038623 2.53186919]", "nit": "0"}, "20": {"maxiter": 1000, "gtol": 1e-10, "xrtol": 1e-05, "eps": 1e-05, "duration": 0.027061939239501953, "fun": "0.5069542527198792", "jac": "[0. 0. 0. 0. 0. 0.]", "hess_inv": "[[ 7.71079491  0.88133188  1.98342561  0.42734303  0.63891175 -4.04716209]\n [ 0.88133188  2.26604975 -0.84074367  0.61693712 -0.15645917 -1.39951844]\n [ 1.98342561 -0.84074367  1.88835137 -0.39161763  0.42595627 -0.43438397]\n [ 0.42734303  0.61693712 -0.39161763  2.42645685 -0.38190233 -1.51086897]\n [ 0.63891175 -0.15645917  0.42595627 -0.38190233  1.30863879  0.21944608]\n [-4.04716209 -1.39951844 -0.43438397 -1.51086897  0.21944608  4.99056762]]", "nfev": "154", "njev": "22", "status": "0", "success": "True", "message": "Optimization terminated successfully.", "x": "[ 5.18471136  3.17322254  1.25090495 -1.79655943  5.88713036  2.18775867]", "nit": "14"}, "21": {"maxiter": 1000, "gtol": 1e-10, "xrtol": 1e-05, "eps": 1e-10, "duration": 0.0012509822845458984, "fun": "0.9270561933517456", "jac": "[0. 0. 0. 0. 0. 0.]", "hess_inv": "[[1 0 0 0 0 0]\n [0 1 0 0 0 0]\n [0 0 1 0 0 0]\n [0 0 0 1 0 0]\n [0 0 0 0 1 0]\n [0 0 0 0 0 1]]", "nfev": "7", "njev": "1", "status": "0", "success": "True", "message": "Optimization terminated successfully.", "x": "[5.51906644 2.72061489 2.44784352 0.93167569 5.75038623 2.53186919]", "nit": "0"}, "22": {"maxiter": 1000, "gtol": 1e-10, "xrtol": 1e-10, "eps": 1e-05, "duration": 0.027061939239501953, "fun": "0.5069542527198792", "jac": "[0. 0. 0. 0. 0. 0.]", "hess_inv": "[[ 7.71079491  0.88133188  1.98342561  0.42734303  0.63891175 -4.04716209]\n [ 0.88133188  2.26604975 -0.84074367  0.61693712 -0.15645917 -1.39951844]\n [ 1.98342561 -0.84074367  1.88835137 -0.39161763  0.42595627 -0.43438397]\n [ 0.42734303  0.61693712 -0.39161763  2.42645685 -0.38190233 -1.51086897]\n [ 0.63891175 -0.15645917  0.42595627 -0.38190233  1.30863879  0.21944608]\n [-4.04716209 -1.39951844 -0.43438397 -1.51086897  0.21944608  4.99056762]]", "nfev": "154", "njev": "22", "status": "0", "success": "True", "message": "Optimization terminated successfully.", "x": "[ 5.18471136  3.17322254  1.25090495 -1.79655943  5.88713036  2.18775867]", "nit": "14"}, "23": {"maxiter": 1000, "gtol": 1e-10, "xrtol": 1e-10, "eps": 1e-10, "duration": 0.00130462646484375, "fun": "0.9270561933517456", "jac": "[0. 0. 0. 0. 0. 0.]", "hess_inv": "[[1 0 0 0 0 0]\n [0 1 0 0 0 0]\n [0 0 1 0 0 0]\n [0 0 0 1 0 0]\n [0 0 0 0 1 0]\n [0 0 0 0 0 1]]", "nfev": "7", "njev": "1", "status": "0", "success": "True", "message": "Optimization terminated successfully.", "x": "[5.51906644 2.72061489 2.44784352 0.93167569 5.75038623 2.53186919]", "nit": "0"}}, "cobyla": {"0": {"maxiter": 100, "tol": 1e-05, "catol": 1e-05, "duration": 0.017367124557495117, "x": "[ 5.17526823  3.16994971  1.25909784 -1.7817582   5.90398608  2.1919077 ]", "status": "2", "success": "False", "message": "Maximum number of function evaluations has been exceeded.", "nfev": "100", "fun": "0.5068972706794739", "maxcv": "0.0"}, "1": {"maxiter": 100, "tol": 1e-05, "catol": 1e-10, "duration": 0.01734304428100586, "x": "[ 5.17526823  3.16994971  1.25909784 -1.7817582   5.90398608  2.1919077 ]", "status": "2", "success": "False", "message": "Maximum number of function evaluations has been exceeded.", "nfev": "100", "fun": "0.5068972706794739", "maxcv": "0.0"}, "2": {"maxiter": 100, "tol": 1e-10, "catol": 1e-05, "duration": 0.017358064651489258, "x": "[ 5.17526823  3.16994971  1.25909784 -1.7817582   5.90398608  2.1919077 ]", "status": "2", "success": "False", "message": "Maximum number of function evaluations has been exceeded.", "nfev": "100", "fun": "0.5068972706794739", "maxcv": "0.0"}, "3": {"maxiter": 100, "tol": 1e-10, "catol": 1e-10, "duration": 0.017403125762939453, "x": "[ 5.17526823  3.16994971  1.25909784 -1.7817582   5.90398608  2.1919077 ]", "status": "2", "success": "False", "message": "Maximum number of function evaluations has been exceeded.", "nfev": "100", "fun": "0.5068972706794739", "maxcv": "0.0"}, "4": {"maxiter": 500, "tol": 1e-05, "catol": 1e-05, "duration": 0.020663022994995117, "x": "[ 5.17526823  3.16994971  1.25909784 -1.7817582   5.90398608  2.1919077 ]", "status": "1", "success": "True", "message": "Optimization terminated successfully.", "nfev": "119", "fun": "0.5068972706794739", "maxcv": "0.0"}, "5": {"maxiter": 500, "tol": 1e-05, "catol": 1e-10, "duration": 0.02066516876220703, "x": "[ 5.17526823  3.16994971  1.25909784 -1.7817582   5.90398608  2.1919077 ]", "status": "1", "success": "True", "message": "Optimization terminated successfully.", "nfev": "119", "fun": "0.5068972706794739", "maxcv": "0.0"}, "6": {"maxiter": 500, "tol": 1e-10, "catol": 1e-05, "duration": 0.02681708335876465, "x": "[ 5.17526823  3.16994971  1.25909784 -1.7817582   5.90398608  2.1919077 ]", "status": "1", "success": "True", "message": "Optimization terminated successfully.", "nfev": "154", "fun": "0.5068972706794739", "maxcv": "0.0"}, "7": {"maxiter": 500, "tol": 1e-10, "catol": 1e-10, "duration": 0.026680946350097656, "x": "[ 5.17526823  3.16994971  1.25909784 -1.7817582   5.90398608  2.1919077 ]", "status": "1", "success": "True", "message": "Optimization terminated successfully.", "nfev": "154", "fun": "0.5068972706794739", "maxcv": "0.0"}, "8": {"maxiter": 1000, "tol": 1e-05, "catol": 1e-05, "duration": 0.020590782165527344, "x": "[ 5.17526823  3.16994971  1.25909784 -1.7817582   5.90398608  2.1919077 ]", "status": "1", "success": "True", "message": "Optimization terminated successfully.", "nfev": "119", "fun": "0.5068972706794739", "maxcv": "0.0"}, "9": {"maxiter": 1000, "tol": 1e-05, "catol": 1e-10, "duration": 0.02061176300048828, "x": "[ 5.17526823  3.16994971  1.25909784 -1.7817582   5.90398608  2.1919077 ]", "status": "1", "success": "True", "message": "Optimization terminated successfully.", "nfev": "119", "fun": "0.5068972706794739", "maxcv": "0.0"}, "10": {"maxiter": 1000, "tol": 1e-10, "catol": 1e-05, "duration": 0.02657914161682129, "x": "[ 5.17526823  3.16994971  1.25909784 -1.7817582   5.90398608  2.1919077 ]", "status": "1", "success": "True", "message": "Optimization terminated successfully.", "nfev": "154", "fun": "0.5068972706794739", "maxcv": "0.0"}, "11": {"maxiter": 1000, "tol": 1e-10, "catol": 1e-10, "duration": 0.026643991470336914, "x": "[ 5.17526823  3.16994971  1.25909784 -1.7817582   5.90398608  2.1919077 ]", "status": "1", "success": "True", "message": "Optimization terminated successfully.", "nfev": "154", "fun": "0.5068972706794739", "maxcv": "0.0"}}, "powell": {"0": {"maxiter": 100, "ftol": 1e-05, "xtol": 1e-05, "duration": 0.13032317161560059, "fun": "0.5068972706794739", "direc": "[[ 4.30840375e-02 -9.80173407e-03 -1.36350380e-02 -7.00385731e-03\n   1.85969463e-02  1.89359120e-02]\n [ 0.00000000e+00  1.00000000e+00  0.00000000e+00  0.00000000e+00\n   0.00000000e+00  0.00000000e+00]\n [ 0.00000000e+00  0.00000000e+00  0.00000000e+00  0.00000000e+00\n   0.00000000e+00  1.00000000e+00]\n [ 0.00000000e+00  0.00000000e+00  0.00000000e+00  1.00000000e+00\n   0.00000000e+00  0.00000000e+00]\n [ 0.00000000e+00  0.00000000e+00  0.00000000e+00  0.00000000e+00\n   1.00000000e+00  0.00000000e+00]\n [-2.45771040e-03  2.47278211e-03 -5.80530598e-03  3.96551948e-04\n  -2.13100278e-03 -1.52721536e-03]]", "nit": "8", "nfev": "752", "status": "0", "success": "True", "message": "Optimization terminated successfully.", "x": "[ 7.39123308  0.02778615  4.40097305 -1.78241407  5.90406678  2.19193274]"}, "1": {"maxiter": 100, "ftol": 1e-05, "xtol": 1e-10, "duration": 0.3016481399536133, "fun": "0.5068972706794739", "direc": "[[ 4.25283601e-02 -9.74804989e-03 -1.32462781e-02 -7.05434792e-03\n   1.85775019e-02  1.85693349e-02]\n [ 0.00000000e+00  1.00000000e+00  0.00000000e+00  0.00000000e+00\n   0.00000000e+00  0.00000000e+00]\n [ 0.00000000e+00  0.00000000e+00  0.00000000e+00  0.00000000e+00\n   0.00000000e+00  1.00000000e+00]\n [ 0.00000000e+00  0.00000000e+00  0.00000000e+00  1.00000000e+00\n   0.00000000e+00  0.00000000e+00]\n [ 0.00000000e+00  0.00000000e+00  0.00000000e+00  0.00000000e+00\n   1.00000000e+00  0.00000000e+00]\n [-2.34233224e-03  2.71548709e-03 -5.74544763e-03  3.60981765e-04\n  -2.29337078e-03 -1.45767398e-03]]", "nit": "8", "nfev": "1742", "status": "0", "success": "True", "message": "Optimization terminated successfully.", "x": "[ 7.39144875  0.02792524  4.4010517  -1.78256133  5.90412628  2.19180799]"}, "2": {"maxiter": 100, "ftol": 1e-10, "xtol": 1e-05, "duration": 0.1692800521850586, "fun": "0.5068972706794739", "direc": "[[ 4.30840375e-02 -9.80173407e-03 -1.36350380e-02 -7.00385731e-03\n   1.85969463e-02  1.89359120e-02]\n [ 0.00000000e+00  1.00000000e+00  0.00000000e+00  0.00000000e+00\n   0.00000000e+00  0.00000000e+00]\n [ 0.00000000e+00  0.00000000e+00  0.00000000e+00  0.00000000e+00\n   0.00000000e+00  1.00000000e+00]\n [ 0.00000000e+00  0.00000000e+00  0.00000000e+00  1.00000000e+00\n   0.00000000e+00  0.00000000e+00]\n [ 0.00000000e+00  0.00000000e+00  0.00000000e+00  0.00000000e+00\n   1.00000000e+00  0.00000000e+00]\n [-2.45771040e-03  2.47278211e-03 -5.80530598e-03  3.96551948e-04\n  -2.13100278e-03 -1.52721536e-03]]", "nit": "9", "nfev": "970", "status": "0", "success": "True", "message": "Optimization terminated successfully.", "x": "[ 7.39123308  0.02778615  4.40097305 -1.78241407  5.90405367  2.19179456]"}, "3": {"maxiter": 100, "ftol": 1e-10, "xtol": 1e-10, "duration": 0.3497638702392578, "fun": "0.5068972706794739", "direc": "[[ 4.25283601e-02 -9.74804989e-03 -1.32462781e-02 -7.05434792e-03\n   1.85775019e-02  1.85693349e-02]\n [ 0.00000000e+00  1.00000000e+00  0.00000000e+00  0.00000000e+00\n   0.00000000e+00  0.00000000e+00]\n [ 0.00000000e+00  0.00000000e+00  0.00000000e+00  0.00000000e+00\n   0.00000000e+00  1.00000000e+00]\n [ 0.00000000e+00  0.00000000e+00  0.00000000e+00  1.00000000e+00\n   0.00000000e+00  0.00000000e+00]\n [ 0.00000000e+00  0.00000000e+00  0.00000000e+00  0.00000000e+00\n   1.00000000e+00  0.00000000e+00]\n [-2.34233224e-03  2.71548709e-03 -5.74544763e-03  3.60981765e-04\n  -2.29337078e-03 -1.45767398e-03]]", "nit": "9", "nfev": "1987", "status": "0", "success": "True", "message": "Optimization terminated successfully.", "x": "[ 7.39144875  0.02792524  4.4010517  -1.78256133  5.90412284  2.19179507]"}, "4": {"maxiter": 500, "ftol": 1e-05, "xtol": 1e-05, "duration": 0.13297033309936523, "fun": "0.5068972706794739", "direc": "[[ 4.30840375e-02 -9.80173407e-03 -1.36350380e-02 -7.00385731e-03\n   1.85969463e-02  1.89359120e-02]\n [ 0.00000000e+00  1.00000000e+00  0.00000000e+00  0.00000000e+00\n   0.00000000e+00  0.00000000e+00]\n [ 0.00000000e+00  0.00000000e+00  0.00000000e+00  0.00000000e+00\n   0.00000000e+00  1.00000000e+00]\n [ 0.00000000e+00  0.00000000e+00  0.00000000e+00  1.00000000e+00\n   0.00000000e+00  0.00000000e+00]\n [ 0.00000000e+00  0.00000000e+00  0.00000000e+00  0.00000000e+00\n   1.00000000e+00  0.00000000e+00]\n [-2.45771040e-03  2.47278211e-03 -5.80530598e-03  3.96551948e-04\n  -2.13100278e-03 -1.52721536e-03]]", "nit": "8", "nfev": "752", "status": "0", "success": "True", "message": "Optimization terminated successfully.", "x": "[ 7.39123308  0.02778615  4.40097305 -1.78241407  5.90406678  2.19193274]"}, "5": {"maxiter": 500, "ftol": 1e-05, "xtol": 1e-10, "duration": 0.3060882091522217, "fun": "0.5068972706794739", "direc": "[[ 4.25283601e-02 -9.74804989e-03 -1.32462781e-02 -7.05434792e-03\n   1.85775019e-02  1.85693349e-02]\n [ 0.00000000e+00  1.00000000e+00  0.00000000e+00  0.00000000e+00\n   0.00000000e+00  0.00000000e+00]\n [ 0.00000000e+00  0.00000000e+00  0.00000000e+00  0.00000000e+00\n   0.00000000e+00  1.00000000e+00]\n [ 0.00000000e+00  0.00000000e+00  0.00000000e+00  1.00000000e+00\n   0.00000000e+00  0.00000000e+00]\n [ 0.00000000e+00  0.00000000e+00  0.00000000e+00  0.00000000e+00\n   1.00000000e+00  0.00000000e+00]\n [-2.34233224e-03  2.71548709e-03 -5.74544763e-03  3.60981765e-04\n  -2.29337078e-03 -1.45767398e-03]]", "nit": "8", "nfev": "1742", "status": "0", "success": "True", "message": "Optimization terminated successfully.", "x": "[ 7.39144875  0.0279252