{"conf_id": 3, "data_type": "random\n", "num_data_points": 1, "s_rank": 0, "unitary": "[[-0.53618537-0.34368723j,-0.12107031-0.46226139j,-0.07699282-0.46603512j,0.36022595-0.11472301j],[0.26026499-0.63450712j,-0.56616638+0.37832564j,-0.14988651+0.08458591j,0.10363514-0.16008501j],[-0.32580188-0.11070003j,-0.36476308-0.23593218j,0.02559343+0.41761608j,-0.25598305+0.6725303j],[0.07406738-0.0126433j,0.28513701+0.19483972j,-0.74939717-0.10299659j,0.29798249+0.46269921j]]", "databatch_0": {"databatch": "[[[0.06484523-0.05317441j,0.19078124-0.04055208j,-0.06418142-0.03122121j,-0.07205277-0.31091238j],[0.0148682+0.05690772j,-0.03009866+0.13344866j,0.03871097-0.03174001j,0.21922781+0.04524996j],[-0.14267312+0.05921763j,-0.35801617-0.03013319j,0.09654016+0.08924668j,-0.03858764+0.58663015j],[0.04003203-0.10149378j,0.19115771-0.16688647j,-0.09271421+0.00515293j,-0.2787521-0.3077485j]]]", "nelder_mead": {"0": {"maxiter": 100, "fatol": 1e-05, "xatol": 1e-05, "duration": 0.028316974639892578, "fun": "0.30621516704559326", "nit": "100", "nfev": "160", "status": "2", "success": "False", "message": "Maximum number of iterations has been exceeded.", "x": "[4.1527741  5.83595637 1.51019711 0.87497151 6.41648358 3.74557114]", "final_simplex": "(array([[4.1527741 , 5.83595637, 1.51019711, 0.87497151, 6.41648358,\n        3.74557114],\n       [4.23904237, 5.73431057, 1.42284273, 0.8694298 , 6.65135759,\n        3.60473284],\n       [4.1938568 , 5.84514654, 1.48979121, 0.87702384, 6.47413628,\n        3.70675659],\n       [4.26051163, 5.7106994 , 1.49454314, 0.87520867, 6.45372955,\n        3.63508565],\n       [4.14797314, 5.88578708, 1.50142421, 0.85771923, 6.68847744,\n        3.57855378],\n       [4.2772525 , 5.92318175, 1.49463278, 0.85454973, 6.63692882,\n        3.688281  ],\n       [4.05776357, 5.76338181, 1.36657877, 0.87994263, 6.64455868,\n        3.57161182]]), array([0.30621517, 0.30681524, 0.30710092, 0.30757952, 0.30806869,\n       0.30823737, 0.30851904]))"}, "1": {"maxiter": 100, "fatol": 1e-05, "xatol": 1e-10, "duration": 0.028082847595214844, "fun": "0.30621516704559326", "nit": "100", "nfev": "160", "status": "2", "success": "False", "message": "Maximum number of iterations has been exceeded.", "x": "[4.1527741  5.83595637 1.51019711 0.87497151 6.41648358 3.74557114]", "final_simplex": "(array([[4.1527741 , 5.83595637, 1.51019711, 0.87497151, 6.41648358,\n        3.74557114],\n       [4.23904237, 5.73431057, 1.42284273, 0.8694298 , 6.65135759,\n        3.60473284],\n       [4.1938568 , 5.84514654, 1.48979121, 0.87702384, 6.47413628,\n        3.70675659],\n       [4.26051163, 5.7106994 , 1.49454314, 0.87520867, 6.45372955,\n        3.63508565],\n       [4.14797314, 5.88578708, 1.50142421, 0.85771923, 6.68847744,\n        3.57855378],\n       [4.2772525 , 5.92318175, 1.49463278, 0.85454973, 6.63692882,\n        3.688281  ],\n       [4.05776357, 5.76338181, 1.36657877, 0.87994263, 6.64455868,\n        3.57161182]]), array([0.30621517, 0.30681524, 0.30710092, 0.30757952, 0.30806869,\n       0.30823737, 0.30851904]))"}, "2": {"maxiter": 100, "fatol": 1e-10, "xatol": 1e-05, "duration": 0.0281829833984375, "fun": "0.30621516704559326", "nit": "100", "nfev": "160", "status": "2", "success": "False", "message": "Maximum number of iterations has been exceeded.", "x": "[4.1527741  5.83595637 1.51019711 0.87497151 6.41648358 3.74557114]", "final_simplex": "(array([[4.1527741 , 5.83595637, 1.51019711, 0.87497151, 6.41648358,\n        3.74557114],\n       [4.23904237, 5.73431057, 1.42284273, 0.8694298 , 6.65135759,\n        3.60473284],\n       [4.1938568 , 5.84514654, 1.48979121, 0.87702384, 6.47413628,\n        3.70675659],\n       [4.26051163, 5.7106994 , 1.49454314, 0.87520867, 6.45372955,\n        3.63508565],\n       [4.14797314, 5.88578708, 1.50142421, 0.85771923, 6.68847744,\n        3.57855378],\n       [4.2772525 , 5.92318175, 1.49463278, 0.85454973, 6.63692882,\n        3.688281  ],\n       [4.05776357, 5.76338181, 1.36657877, 0.87994263, 6.64455868,\n        3.57161182]]), array([0.30621517, 0.30681524, 0.30710092, 0.30757952, 0.30806869,\n       0.30823737, 0.30851904]))"}, "3": {"maxiter": 100, "fatol": 1e-10, "xatol": 1e-10, "duration": 0.028149127960205078, "fun": "0.30621516704559326", "nit": "100", "nfev": "160", "status": "2", "success": "False", "message": "Maximum number of iterations has been exceeded.", "x": "[4.1527741  5.83595637 1.51019711 0.87497151 6.41648358 3.74557114]", "final_simplex": "(array([[4.1527741 , 5.83595637, 1.51019711, 0.87497151, 6.41648358,\n        3.74557114],\n       [4.23904237, 5.73431057, 1.42284273, 0.8694298 , 6.65135759,\n        3.60473284],\n       [4.1938568 , 5.84514654, 1.48979121, 0.87702384, 6.47413628,\n        3.70675659],\n       [4.26051163, 5.7106994 , 1.49454314, 0.87520867, 6.45372955,\n        3.63508565],\n       [4.14797314, 5.88578708, 1.50142421, 0.85771923, 6.68847744,\n        3.57855378],\n       [4.2772525 , 5.92318175, 1.49463278, 0.85454973, 6.63692882,\n        3.688281  ],\n       [4.05776357, 5.76338181, 1.36657877, 0.87994263, 6.64455868,\n        3.57161182]]), array([0.30621517, 0.30681524, 0.30710092, 0.30757952, 0.30806869,\n       0.30823737, 0.30851904]))"}, "4": {"maxiter": 500, "fatol": 1e-05, "xatol": 1e-05, "duration": 0.09523701667785645, "fun": "0.2732669711112976", "nit": "311", "nfev": "545", "status": "0", "success": "True", "message": "Optimization terminated successfully.", "x": "[4.63125057 5.11394775 2.52140628 1.54231819 5.43152544 4.36250673]", "final_simplex": "(array([[4.63125057, 5.11394775, 2.52140628, 1.54231819, 5.43152544,\n        4.36250673],\n       [4.63125142, 5.11394487, 2.52140836, 1.54231995, 5.43152314,\n        4.36250781],\n       [4.63125291, 5.11394555, 2.52140899, 1.5423206 , 5.43152269,\n        4.36250978],\n       [4.63124916, 5.11395685, 2.52140234, 1.54231697, 5.43153532,\n        4.36250461],\n       [4.63125203, 5.11395121, 2.52140593, 1.54231892, 5.43153023,\n        4.36250647],\n       [4.63125211, 5.11394557, 2.52140686, 1.5423196 , 5.43152245,\n        4.3625094 ],\n       [4.63125012, 5.11395347, 2.52140262, 1.54231558, 5.43153409,\n        4.36250426]]), array([0.27326697, 0.27326697, 0.27326697, 0.27326697, 0.27326697,\n       0.27326697, 0.27326697]))"}, "5": {"maxiter": 500, "fatol": 1e-05, "xatol": 1e-10, "duration": 0.11841607093811035, "fun": "0.2732669711112976", "nit": "328", "nfev": "681", "status": "0", "success": "True", "message": "Optimization terminated successfully.", "x": "[4.63125057 5.11394775 2.52140628 1.54231819 5.43152544 4.36250673]", "final_simplex": "(array([[4.63125057, 5.11394775, 2.52140628, 1.54231819, 5.43152544,\n        4.36250673],\n       [4.63125057, 5.11394775, 2.52140628, 1.54231819, 5.43152544,\n        4.36250673],\n       [4.63125057, 5.11394775, 2.52140628, 1.54231819, 5.43152544,\n        4.36250673],\n       [4.63125057, 5.11394775, 2.52140628, 1.54231819, 5.43152544,\n        4.36250673],\n       [4.63125057, 5.11394775, 2.52140628, 1.54231819, 5.43152544,\n        4.36250673],\n       [4.63125057, 5.11394775, 2.52140628, 1.54231819, 5.43152544,\n        4.36250673],\n       [4.63125057, 5.11394775, 2.52140628, 1.54231819, 5.43152544,\n        4.36250673]]), array([0.27326697, 0.27326697, 0.27326697, 0.27326697, 0.27326697,\n       0.27326697, 0.27326697]))"}, "6": {"maxiter": 500, "fatol": 1e-10, "xatol": 1e-05, "duration": 0.09530973434448242, "fun": "0.2732669711112976", "nit": "311", "nfev": "545", "status": "0", "success": "True", "message": "Optimization terminated successfully.", "x": "[4.63125057 5.11394775 2.52140628 1.54231819 5.43152544 4.36250673]", "final_simplex": "(array([[4.63125057, 5.11394775, 2.52140628, 1.54231819, 5.43152544,\n        4.36250673],\n       [4.63125142, 5.11394487, 2.52140836, 1.54231995, 5.43152314,\n        4.36250781],\n       [4.63125291, 5.11394555, 2.52140899, 1.5423206 , 5.43152269,\n        4.36250978],\n       [4.63124916, 5.11395685, 2.52140234, 1.54231697, 5.43153532,\n        4.36250461],\n       [4.63125203, 5.11395121, 2.52140593, 1.54231892, 5.43153023,\n        4.36250647],\n       [4.63125211, 5.11394557, 2.52140686, 1.5423196 , 5.43152245,\n        4.3625094 ],\n       [4.63125012, 5.11395347, 2.52140262, 1.54231558, 5.43153409,\n        4.36250426]]), array([0.27326697, 0.27326697, 0.27326697, 0.27326697, 0.27326697,\n       0.27326697, 0.27326697]))"}, "7": {"maxiter": 500, "fatol": 1e-10, "xatol": 1e-10, "duration": 0.11752104759216309, "fun": "0.2732669711112976", "nit": "328", "nfev": "681", "status": "0", "success": "True", "message": "Optimization terminated successfully.", "x": "[4.63125057 5.11394775 2.52140628 1.54231819 5.43152544 4.36250673]", "final_simplex": "(array([[4.63125057, 5.11394775, 2.52140628, 1.54231819, 5.43152544,\n        4.36250673],\n       [4.63125057, 5.11394775, 2.52140628, 1.54231819, 5.43152544,\n        4.36250673],\n       [4.63125057, 5.11394775, 2.52140628, 1.54231819, 5.43152544,\n        4.36250673],\n       [4.63125057, 5.11394775, 2.52140628, 1.54231819, 5.43152544,\n        4.36250673],\n       [4.63125057, 5.11394775, 2.52140628, 1.54231819, 5.43152544,\n        4.36250673],\n       [4.63125057, 5.11394775, 2.52140628, 1.54231819, 5.43152544,\n        4.36250673],\n       [4.63125057, 5.11394775, 2.52140628, 1.54231819, 5.43152544,\n        4.36250673]]), array([0.27326697, 0.27326697, 0.27326697, 0.27326697, 0.27326697,\n       0.27326697, 0.27326697]))"}, "8": {"maxiter": 1000, "fatol": 1e-05, "xatol": 1e-05, "duration": 0.09464216232299805, "fun": "0.2732669711112976", "nit": "311", "nfev": "545", "status": "0", "success": "True", "message": "Optimization terminated successfully.", "x": "[4.63125057 5.11394775 2.52140628 1.54231819 5.43152544 4.36250673]", "final_simplex": "(array([[4.63125057, 5.11394775, 2.52140628, 1.54231819, 5.43152544,\n        4.36250673],\n       [4.63125142, 5.11394487, 2.52140836, 1.54231995, 5.43152314,\n        4.36250781],\n       [4.63125291, 5.11394555, 2.52140899, 1.5423206 , 5.43152269,\n        4.36250978],\n       [4.63124916, 5.11395685, 2.52140234, 1.54231697, 5.43153532,\n        4.36250461],\n       [4.63125203, 5.11395121, 2.52140593, 1.54231892, 5.43153023,\n        4.36250647],\n       [4.63125211, 5.11394557, 2.52140686, 1.5423196 , 5.43152245,\n        4.3625094 ],\n       [4.63125012, 5.11395347, 2.52140262, 1.54231558, 5.43153409,\n        4.36250426]]), array([0.27326697, 0.27326697, 0.27326697, 0.27326697, 0.27326697,\n       0.27326697, 0.27326697]))"}, "9": {"maxiter": 1000, "fatol": 1e-05, "xatol": 1e-10, "duration": 0.11757898330688477, "fun": "0.2732669711112976", "nit": "328", "nfev": "681", "status": "0", "success": "True", "message": "Optimization terminated successfully.", "x": "[4.63125057 5.11394775 2.52140628 1.54231819 5.43152544 4.36250673]", "final_simplex": "(array([[4.63125057, 5.11394775, 2.52140628, 1.54231819, 5.43152544,\n        4.36250673],\n       [4.63125057, 5.11394775, 2.52140628, 1.54231819, 5.43152544,\n        4.36250673],\n       [4.63125057, 5.11394775, 2.52140628, 1.54231819, 5.43152544,\n        4.36250673],\n       [4.63125057, 5.11394775, 2.52140628, 1.54231819, 5.43152544,\n        4.36250673],\n       [4.63125057, 5.11394775, 2.52140628, 1.54231819, 5.43152544,\n        4.36250673],\n       [4.63125057, 5.11394775, 2.52140628, 1.54231819, 5.43152544,\n        4.36250673],\n       [4.63125057, 5.11394775, 2.52140628, 1.54231819, 5.43152544,\n        4.36250673]]), array([0.27326697, 0.27326697, 0.27326697, 0.27326697, 0.27326697,\n       0.27326697, 0.27326697]))"}, "10": {"maxiter": 1000, "fatol": 1e-10, "xatol": 1e-05, "duration": 0.09544801712036133, "fun": "0.2732669711112976", "nit": "311", "nfev": "545", "status": "0", "success": "True", "message": "Optimization terminated successfully.", "x": "[4.63125057 5.11394775 2.52140628 1.54231819 5.43152544 4.36250673]", "final_simplex": "(array([[4.63125057, 5.11394775, 2.52140628, 1.54231819, 5.43152544,\n        4.36250673],\n       [4.63125142, 5.11394487, 2.52140836, 1.54231995, 5.43152314,\n        4.36250781],\n       [4.63125291, 5.11394555, 2.52140899, 1.5423206 , 5.43152269,\n        4.36250978],\n       [4.63124916, 5.11395685, 2.52140234, 1.54231697, 5.43153532,\n        4.36250461],\n       [4.63125203, 5.11395121, 2.52140593, 1.54231892, 5.43153023,\n        4.36250647],\n       [4.63125211, 5.11394557, 2.52140686, 1.5423196 , 5.43152245,\n        4.3625094 ],\n       [4.63125012, 5.11395347, 2.52140262, 1.54231558, 5.43153409,\n        4.36250426]]), array([0.27326697, 0.27326697, 0.27326697, 0.27326697, 0.27326697,\n       0.27326697, 0.27326697]))"}, "11": {"maxiter": 1000, "fatol": 1e-10, "xatol": 1e-10, "duration": 0.1195383071899414, "fun": "0.2732669711112976", "nit": "328", "nfev": "681", "status": "0", "success": "True", "message": "Optimization terminated successfully.", "x": "[4.63125057 5.11394775 2.52140628 1.54231819 5.43152544 4.36250673]", "final_simplex": "(array([[4.63125057, 5.11394775, 2.52140628, 1.54231819, 5.43152544,\n        4.36250673],\n       [4.63125057, 5.11394775, 2.52140628, 1.54231819, 5.43152544,\n        4.36250673],\n       [4.63125057, 5.11394775, 2.52140628, 1.54231819, 5.43152544,\n        4.36250673],\n       [4.63125057, 5.11394775, 2.52140628, 1.54231819, 5.43152544,\n        4.36250673],\n       [4.63125057, 5.11394775, 2.52140628, 1.54231819, 5.43152544,\n        4.36250673],\n       [4.63125057, 5.11394775, 2.52140628, 1.54231819, 5.43152544,\n        4.36250673],\n       [4.63125057, 5.11394775, 2.52140628, 1.54231819, 5.43152544,\n        4.36250673]]), array([0.27326697, 0.27326697, 0.27326697, 0.27326697, 0.27326697,\n       0.27326697, 0.27326697]))"}}, "bfgs": {"0": {"maxiter": 100, "gtol": 1e-05, "xrtol": 1e-05, "eps": 1e-05, "duration": 0.05297684669494629, "fun": "0.27326932549476624", "jac": "[0. 0. 0. 0. 0. 0.]", "hess_inv": "[[ 1.10949091 -0.26317502 -0.65591129 -0.78808534  1.99877448 -0.9784745 ]\n [-0.26317502  0.5924917   0.22262363  0.19010652 -1.26975729  0.45801662]\n [-0.65591129  0.22262363  0.9143516   0.55278975 -1.78698697  0.56428989]\n [-0.78808534  0.19010652  0.55278975  0.65929824 -1.60769932  0.77067623]\n [ 1.99877448 -1.26975729 -1.78698697 -1.60769932  5.57485542 -2.32140572]\n [-0.9784745   0.45801662  0.56428989  0.77067623 -2.32140572  1.24685198]]", "nfev": "280", "njev": "40", "status": "0", "success": "True", "message": "Optimization terminated successfully.", "x": "[4.35074922 5.78654033 2.18137318 1.41528763 6.23486967 3.97038111]", "nit": "26"}, "1": {"maxiter": 100, "gtol": 1e-05, "xrtol": 1e-05, "eps": 1e-10, "duration": 0.001338958740234375, "fun": "0.7553011178970337", "jac": "[0. 0. 0. 0. 0. 0.]", "hess_inv": "[[1 0 0 0 0 0]\n [0 1 0 0 0 0]\n [0 0 1 0 0 0]\n [0 0 0 1 0 0]\n [0 0 0 0 1 0]\n [0 0 0 0 0 1]]", "nfev": "7", "njev": "1", "status": "0", "success": "True", "message": "Optimization terminated successfully.", "x": "[4.56275541 5.86655732 2.18523132 0.71970769 5.70960831 2.63192293]", "nit": "0"}, "2": {"maxiter": 100, "gtol": 1e-05, "xrtol": 1e-10, "eps": 1e-05, "duration": 0.05277204513549805, "fun": "0.27326932549476624", "jac": "[0. 0. 0. 0. 0. 0.]", "hess_inv": "[[ 1.10949091 -0.26317502 -0.65591129 -0.78808534  1.99877448 -0.9784745 ]\n [-0.26317502  0.5924917   0.22262363  0.19010652 -1.26975729  0.45801662]\n [-0.65591129  0.22262363  0.9143516   0.55278975 -1.78698697  0.56428989]\n [-0.78808534  0.19010652  0.55278975  0.65929824 -1.60769932  0.77067623]\n [ 1.99877448 -1.26975729 -1.78698697 -1.60769932  5.57485542 -2.32140572]\n [-0.9784745   0.45801662  0.56428989  0.77067623 -2.32140572  1.24685198]]", "nfev": "280", "njev": "40", "status": "0", "success": "True", "message": "Optimization terminated successfully.", "x": "[4.35074922 5.78654033 2.18137318 1.41528763 6.23486967 3.97038111]", "nit": "26"}, "3": {"maxiter": 100, "gtol": 1e-05, "xrtol": 1e-10, "eps": 1e-10, "duration": 0.0013298988342285156, "fun": "0.7553011178970337", "jac": "[0. 0. 0. 0. 0. 0.]", "hess_inv": "[[1 0 0 0 0 0]\n [0 1 0 0 0 0]\n [0 0 1 0 0 0]\n [0 0 0 1 0 0]\n [0 0 0 0 1 0]\n [0 0 0 0 0 1]]", "nfev": "7", "njev": "1", "status": "0", "success": "True", "message": "Optimization terminated successfully.", "x": "[4.56275541 5.86655732 2.18523132 0.71970769 5.70960831 2.63192293]", "nit": "0"}, "4": {"maxiter": 100, "gtol": 1e-10, "xrtol": 1e-05, "eps": 1e-05, "duration": 0.05274200439453125, "fun": "0.27326932549476624", "jac": "[0. 0. 0. 0. 0. 0.]", "hess_inv": "[[ 1.10949091 -0.26317502 -0.65591129 -0.78808534  1.99877448 -0.9784745 ]\n [-0.26317502  0.5924917   0.22262363  0.19010652 -1.26975729  0.45801662]\n [-0.65591129  0.22262363  0.9143516   0.55278975 -1.78698697  0.56428989]\n [-0.78808534  0.19010652  0.55278975  0.65929824 -1.60769932  0.77067623]\n [ 1.99877448 -1.26975729 -1.78698697 -1.60769932  5.57485542 -2.32140572]\n [-0.9784745   0.45801662  0.56428989  0.77067623 -2.32140572  1.24685198]]", "nfev": "280", "njev": "40", "status": "0", "success": "True", "message": "Optimization terminated successfully.", "x": "[4.35074922 5.78654033 2.18137318 1.41528763 6.23486967 3.97038111]", "nit": "26"}, "5": {"maxiter": 100, "gtol": 1e-10, "xrtol": 1e-05, "eps": 1e-10, "duration": 0.001332998275756836, "fun": "0.7553011178970337", "jac": "[0. 0. 0. 0. 0. 0.]", "hess_inv": "[[1 0 0 0 0 0]\n [0 1 0 0 0 0]\n [0 0 1 0 0 0]\n [0 0 0 1 0 0]\n [0 0 0 0 1 0]\n [0 0 0 0 0 1]]", "nfev": "7", "njev": "1", "status": "0", "success": "True", "message": "Optimization terminated successfully.", "x": "[4.56275541 5.86655732 2.18523132 0.71970769 5.70960831 2.63192293]", "nit": "0"}, "6": {"maxiter": 100, "gtol": 1e-10, "xrtol": 1e-10, "eps": 1e-05, "duration": 0.05276679992675781, "fun": "0.27326932549476624", "jac": "[0. 0. 0. 0. 0. 0.]", "hess_inv": "[[ 1.10949091 -0.26317502 -0.65591129 -0.78808534  1.99877448 -0.9784745 ]\n [-0.26317502  0.5924917   0.22262363  0.19010652 -1.26975729  0.45801662]\n [-0.65591129  0.22262363  0.9143516   0.55278975 -1.78698697  0.56428989]\n [-0.78808534  0.19010652  0.55278975  0.65929824 -1.60769932  0.77067623]\n [ 1.99877448 -1.26975729 -1.78698697 -1.60769932  5.57485542 -2.32140572]\n [-0.9784745   0.45801662  0.56428989  0.77067623 -2.32140572  1.24685198]]", "nfev": "280", "njev": "40", "status": "0", "success": "True", "message": "Optimization terminated successfully.", "x": "[4.35074922 5.78654033 2.18137318 1.41528763 6.23486967 3.97038111]", "nit": "26"}, "7": {"maxiter": 100, "gtol": 1e-10, "xrtol": 1e-10, "eps": 1e-10, "duration": 0.0013561248779296875, "fun": "0.7553011178970337", "jac": "[0. 0. 0. 0. 0. 0.]", "hess_inv": "[[1 0 0 0 0 0]\n [0 1 0 0 0 0]\n [0 0 1 0 0 0]\n [0 0 0 1 0 0]\n [0 0 0 0 1 0]\n [0 0 0 0 0 1]]", "nfev": "7", "njev": "1", "status": "0", "success": "True", "message": "Optimization terminated successfully.", "x": "[4.56275541 5.86655732 2.18523132 0.71970769 5.70960831 2.63192293]", "nit": "0"}, "8": {"maxiter": 500, "gtol": 1e-05, "xrtol": 1e-05, "eps": 1e-05, "duration": 0.052664995193481445, "fun": "0.27326932549476624", "jac": "[0. 0. 0. 0. 0. 0.]", "hess_inv": "[[ 1.10949091 -0.26317502 -0.65591129 -0.78808534  1.99877448 -0.9784745 ]\n [-0.26317502  0.5924917   0.22262363  0.19010652 -1.26975729  0.45801662]\n [-0.65591129  0.22262363  0.9143516   0.55278975 -1.78698697  0.56428989]\n [-0.78808534  0.19010652  0.55278975  0.65929824 -1.60769932  0.77067623]\n [ 1.99877448 -1.26975729 -1.78698697 -1.60769932  5.57485542 -2.32140572]\n [-0.9784745   0.45801662  0.56428989  0.77067623 -2.32140572  1.24685198]]", "nfev": "280", "njev": "40", "status": "0", "success": "True", "message": "Optimization terminated successfully.", "x": "[4.35074922 5.78654033 2.18137318 1.41528763 6.23486967 3.97038111]", "nit": "26"}, "9": {"maxiter": 500, "gtol": 1e-05, "xrtol": 1e-05, "eps": 1e-10, "duration": 0.0013320446014404297, "fun": "0.7553011178970337", "jac": "[0. 0. 0. 0. 0. 0.]", "hess_inv": "[[1 0 0 0 0 0]\n [0 1 0 0 0 0]\n [0 0 1 0 0 0]\n [0 0 0 1 0 0]\n [0 0 0 0 1 0]\n [0 0 0 0 0 1]]", "nfev": "7", "njev": "1", "status": "0", "success": "True", "message": "Optimization terminated successfully.", "x": "[4.56275541 5.86655732 2.18523132 0.71970769 5.70960831 2.63192293]", "nit": "0"}, "10": {"maxiter": 500, "gtol": 1e-05, "xrtol": 1e-10, "eps": 1e-05, "duration": 0.05266904830932617, "fun": "0.27326932549476624", "jac": "[0. 0. 0. 0. 0. 0.]", "hess_inv": "[[ 1.10949091 -0.26317502 -0.65591129 -0.78808534  1.99877448 -0.9784745 ]\n [-0.26317502  0.5924917   0.22262363  0.19010652 -1.26975729  0.45801662]\n [-0.65591129  0.22262363  0.9143516   0.55278975 -1.78698697  0.56428989]\n [-0.78808534  0.19010652  0.55278975  0.65929824 -1.60769932  0.77067623]\n [ 1.99877448 -1.26975729 -1.78698697 -1.60769932  5.57485542 -2.32140572]\n [-0.9784745   0.45801662  0.56428989  0.77067623 -2.32140572  1.24685198]]", "nfev": "280", "njev": "40", "status": "0", "success": "True", "message": "Optimization terminated successfully.", "x": "[4.35074922 5.78654033 2.18137318 1.41528763 6.23486967 3.97038111]", "nit": "26"}, "11": {"maxiter": 500, "gtol": 1e-05, "xrtol": 1e-10, "eps": 1e-10, "duration": 0.0013310909271240234, "fun": "0.7553011178970337", "jac": "[0. 0. 0. 0. 0. 0.]", "hess_inv": "[[1 0 0 0 0 0]\n [0 1 0 0 0 0]\n [0 0 1 0 0 0]\n [0 0 0 1 0 0]\n [0 0 0 0 1 0]\n [0 0 0 0 0 1]]", "nfev": "7", "njev": "1", "status": "0", "success": "True", "message": "Optimization terminated successfully.", "x": "[4.56275541 5.86655732 2.18523132 0.71970769 5.70960831 2.63192293]", "nit": "0"}, "12": {"maxiter": 500, "gtol": 1e-10, "xrtol": 1e-05, "eps": 1e-05, "duration": 0.052587032318115234, "fun": "0.27326932549476624", "jac": "[0. 0. 0. 0. 0. 0.]", "hess_inv": "[[ 1.10949091 -0.26317502 -0.65591129 -0.78808534  1.99877448 -0.9784745 ]\n [-0.26317502  0.5924917   0.22262363  0.19010652 -1.26975729  0.45801662]\n [-0.65591129  0.22262363  0.9143516   0.55278975 -1.78698697  0.56428989]\n [-0.78808534  0.19010652  0.55278975  0.65929824 -1.60769932  0.77067623]\n [ 1.99877448 -1.26975729 -1.78698697 -1.60769932  5.57485542 -2.32140572]\n [-0.9784745   0.45801662  0.56428989  0.77067623 -2.32140572  1.24685198]]", "nfev": "280", "njev": "40", "status": "0", "success": "True", "message": "Optimization terminated successfully.", "x": "[4.35074922 5.78654033 2.18137318 1.41528763 6.23486967 3.97038111]", "nit": "26"}, "13": {"maxiter": 500, "gtol": 1e-10, "xrtol": 1e-05, "eps": 1e-10, "duration": 0.0013270378112792969, "fun": "0.7553011178970337", "jac": "[0. 0. 0. 0. 0. 0.]", "hess_inv": "[[1 0 0 0 0 0]\n [0 1 0 0 0 0]\n [0 0 1 0 0 0]\n [0 0 0 1 0 0]\n [0 0 0 0 1 0]\n [0 0 0 0 0 1]]", "nfev": "7", "njev": "1", "status": "0", "success": "True", "message": "Optimization terminated successfully.", "x": "[4.56275541 5.86655732 2.18523132 0.71970769 5.70960831 2.63192293]", "nit": "0"}, "14": {"maxiter": 500, "gtol": 1e-10, "xrtol": 1e-10, "eps": 1e-05, "duration": 0.052587032318115234, "fun": "0.27326932549476624", "jac": "[0. 0. 0. 0. 0. 0.]", "hess_inv": "[[ 1.10949091 -0.26317502 -0.65591129 -0.78808534  1.99877448 -0.9784745 ]\n [-0.26317502  0.5924917   0.22262363  0.19010652 -1.26975729  0.45801662]\n [-0.65591129  0.22262363  0.9143516   0.55278975 -1.78698697  0.56428989]\n [-0.78808534  0.19010652  0.55278975  0.65929824 -1.60769932  0.77067623]\n [ 1.99877448 -1.26975729 -1.78698697 -1.60769932  5.57485542 -2.32140572]\n [-0.9784745   0.45801662  0.56428989  0.77067623 -2.32140572  1.24685198]]", "nfev": "280", "njev": "40", "status": "0", "success": "True", "message": "Optimization terminated successfully.", "x": "[4.35074922 5.78654033 2.18137318 1.41528763 6.23486967 3.97038111]", "nit": "26"}, "15": {"maxiter": 500, "gtol": 1e-10, "xrtol": 1e-10, "eps": 1e-10, "duration": 0.0013849735260009766, "fun": "0.7553011178970337", "jac": "[0. 0. 0. 0. 0. 0.]", "hess_inv": "[[1 0 0 0 0 0]\n [0 1 0 0 0 0]\n [0 0 1 0 0 0]\n [0 0 0 1 0 0]\n [0 0 0 0 1 0]\n [0 0 0 0 0 1]]", "nfev": "7", "njev": "1", "status": "0", "success": "True", "message": "Optimization terminated successfully.", "x": "[4.56275541 5.86655732 2.18523132 0.71970769 5.70960831 2.63192293]", "nit": "0"}, "16": {"maxiter": 1000, "gtol": 1e-05, "xrtol": 1e-05, "eps": 1e-05, "duration": 0.05261373519897461, "fun": "0.27326932549476624", "jac": "[0. 0. 0. 0. 0. 0.]", "hess_inv": "[[ 1.10949091 -0.26317502 -0.65591129 -0.78808534  1.99877448 -0.9784745 ]\n [-0.26317502  0.5924917   0.22262363  0.19010652 -1.26975729  0.45801662]\n [-0.65591129  0.22262363  0.9143516   0.55278975 -1.78698697  0.56428989]\n [-0.78808534  0.19010652  0.55278975  0.65929824 -1.60769932  0.77067623]\n [ 1.99877448 -1.26975729 -1.78698697 -1.60769932  5.57485542 -2.32140572]\n [-0.9784745   0.45801662  0.56428989  0.77067623 -2.32140572  1.24685198]]", "nfev": "280", "njev": "40", "status": "0", "success": "True", "message": "Optimization terminated successfully.", "x": "[4.35074922 5.78654033 2.18137318 1.41528763 6.23486967 3.97038111]", "nit": "26"}, "17": {"maxiter": 1000, "gtol": 1e-05, "xrtol": 1e-05, "eps": 1e-10, "duration": 0.0013301372528076172, "fun": "0.7553011178970337", "jac": "[0. 0. 0. 0. 0. 0.]", "hess_inv": "[[1 0 0 0 0 0]\n [0 1 0 0 0 0]\n [0 0 1 0 0 0]\n [0 0 0 1 0 0]\n [0 0 0 0 1 0]\n [0 0 0 0 0 1]]", "nfev": "7", "njev": "1", "status": "0", "success": "True", "message": "Optimization terminated successfully.", "x": "[4.56275541 5.86655732 2.18523132 0.71970769 5.70960831 2.63192293]", "nit": "0"}, "18": {"maxiter": 1000, "gtol": 1e-05, "xrtol": 1e-10, "eps": 1e-05, "duration": 0.05064082145690918, "fun": "0.27326932549476624", "jac": "[0. 0. 0. 0. 0. 0.]", "hess_inv": "[[ 1.10949091 -0.26317502 -0.65591129 -0.78808534  1.99877448 -0.9784745 ]\n [-0.26317502  0.5924917   0.22262363  0.19010652 -1.26975729  0.45801662]\n [-0.65591129  0.22262363  0.9143516   0.55278975 -1.78698697  0.56428989]\n [-0.78808534  0.19010652  0.55278975  0.65929824 -1.60769932  0.77067623]\n [ 1.99877448 -1.26975729 -1.78698697 -1.60769932  5.57485542 -2.32140572]\n [-0.9784745   0.45801662  0.56428989  0.77067623 -2.32140572  1.24685198]]", "nfev": "280", "njev": "40", "status": "0", "success": "True", "message": "Optimization terminated successfully.", "x": "[4.35074922 5.78654033 2.18137318 1.41528763 6.23486967 3.97038111]", "nit": "26"}, "19": {"maxiter": 1000, "gtol": 1e-05, "xrtol": 1e-10, "eps": 1e-10, "duration": 0.001276254653930664, "fun": "0.7553011178970337", "jac": "[0. 0. 0. 0. 0. 0.]", "hess_inv": "[[1 0 0 0 0 0]\n [0 1 0 0 0 0]\n [0 0 1 0 0 0]\n [0 0 0 1 0 0]\n [0 0 0 0 1 0]\n [0 0 0 0 0 1]]", "nfev": "7", "njev": "1", "status": "0", "success": "True", "message": "Optimization terminated successfully.", "x": "[4.56275541 5.86655732 2.18523132 0.71970769 5.70960831 2.63192293]", "nit": "0"}, "20": {"maxiter": 1000, "gtol": 1e-10, "xrtol": 1e-05, "eps": 1e-05, "duration": 0.04999232292175293, "fun": "0.27326932549476624", "jac": "[0. 0. 0. 0. 0. 0.]", "hess_inv": "[[ 1.10949091 -0.26317502 -0.65591129 -0.78808534  1.99877448 -0.9784745 ]\n [-0.26317502  0.5924917   0.22262363  0.19010652 -1.26975729  0.45801662]\n [-0.65591129  0.22262363  0.9143516   0.55278975 -1.78698697  0.56428989]\n [-0.78808534  0.19010652  0.55278975  0.65929824 -1.60769932  0.77067623]\n [ 1.99877448 -1.26975729 -1.78698697 -1.60769932  5.57485542 -2.32140572]\n [-0.9784745   0.45801662  0.56428989  0.77067623 -2.32140572  1.24685198]]", "nfev": "280", "njev": "40", "status": "0", "success": "True", "message": "Optimization terminated successfully.", "x": "[4.35074922 5.78654033 2.18137318 1.41528763 6.23486967 3.97038111]", "nit": "26"}, "21": {"maxiter": 1000, "gtol": 1e-10, "xrtol": 1e-05, "eps": 1e-10, "duration": 0.0012688636779785156, "fun": "0.7553011178970337", "jac": "[0. 0. 0. 0. 0. 0.]", "hess_inv": "[[1 0 0 0 0 0]\n [0 1 0 0 0 0]\n [0 0 1 0 0 0]\n [0 0 0 1 0 0]\n [0 0 0 0 1 0]\n [0 0 0 0 0 1]]", "nfev": "7", "njev": "1", "status": "0", "success": "True", "message": "Optimization terminated successfully.", "x": "[4.56275541 5.86655732 2.18523132 0.71970769 5.70960831 2.63192293]", "nit": "0"}, "22": {"maxiter": 1000, "gtol": 1e-10, "xrtol": 1e-10, "eps": 1e-05, "duration": 0.05006599426269531, "fun": "0.27326932549476624", "jac": "[0. 0. 0. 0. 0. 0.]", "hess_inv": "[[ 1.10949091 -0.26317502 -0.65591129 -0.78808534  1.99877448 -0.9784745 ]\n [-0.26317502  0.5924917   0.22262363  0.19010652 -1.26975729  0.45801662]\n [-0.65591129  0.22262363  0.9143516   0.55278975 -1.78698697  0.56428989]\n [-0.78808534  0.19010652  0.55278975  0.65929824 -1.60769932  0.77067623]\n [ 1.99877448 -1.26975729 -1.78698697 -1.60769932  5.57485542 -2.32140572]\n [-0.9784745   0.45801662  0.56428989  0.77067623 -2.32140572  1.24685198]]", "nfev": "280", "njev": "40", "status": "0", "success": "True", "message": "Optimization terminated successfully.", "x": "[4.35074922 5.78654033 2.18137318 1.41528763 6.23486967 3.97038111]", "nit": "26"}, "23": {"maxiter": 1000, "gtol": 1e-10, "xrtol": 1e-10, "eps": 1e-10, "duration": 0.0012679100036621094, "fun": "0.7553011178970337", "jac": "[0. 0. 0. 0. 0. 0.]", "hess_inv": "[[1 0 0 0 0 0]\n [0 1 0 0 0 0]\n [0 0 1 0 0 0]\n [0 0 0 1 0 0]\n [0 0 0 0 1 0]\n [0 0 0 0 0 1]]", "nfev": "7", "njev": "1", "status": "0", "success": "True", "message": "Optimization terminated successfully.", "x": "[4.56275541 5.86655732 2.18523132 0.71970769 5.70960831 2.63192293]", "nit": "0"}}, "cobyla": {"0": {"maxiter": 100, "tol": 1e-05, "catol": 1e-05, "duration": 0.017152070999145508, "x": "[4.29511435 5.88399348 2.14554082 1.42299232 6.35465702 3.91389445]", "status": "2", "success": "False", "message": "Maximum number of function evaluations has been exceeded.", "nfev": "100", "fun": "0.27326706051826477", "maxcv": "0.0"}, "1": {"maxiter": 100, "tol": 1e-05, "catol": 1e-10, "duration": 0.017131805419921875, "x": "[4.29511435 5.88399348 2.14554082 1.42299232 6.35465702 3.91389445]", "status": "2", "success": "False", "message": "Maximum number of function evaluations has been exceeded.", "nfev": "100", "fun": "0.27326706051826477", "maxcv": "0.0"}, "2": {"maxiter": 100, "tol": 1e-10, "catol": 1e-05, "duration": 0.017105817794799805, "x": "[4.29511435 5.88399348 2.14554082 1.42299232 6.35465702 3.91389445]", "status": "2", "success": "False", "message": "Maximum number of function evaluations has been exceeded.", "nfev": "100", "fun": "0.27326706051826477", "maxcv": "0.0"}, "3": {"maxiter": 100, "tol": 1e-10, "catol": 1e-10, "duration": 0.017076969146728516, "x": "[4.29511435 5.88399348 2.14554082 1.42299232 6.35465702 3.91389445]", "status": "2", "success": "False", "message": "Maximum number of function evaluations has been exceeded.", "nfev": "100", "fun": "0.27326706051826477", "maxcv": "0.0"}, "4": {"maxiter": 500, "tol": 1e-05, "catol": 1e-05, "duration": 0.02123093605041504, "x": "[4.29506463 5.8840603  2.14556071 1.42320967 6.35460466 3.9139423 ]", "status": "1", "success": "True", "message": "Optimization terminated successfully.", "nfev": "124", "fun": "0.2732670307159424", "maxcv": "0.0"}, "5": {"maxiter": 500, "tol": 1e-05, "catol": 1e-10, "duration": 0.021273136138916016, "x": "[4.29506463 5.8840603  2.14556071 1.42320967 6.35460466 3.9139423 ]", "status": "1", "success": "True", "message": "Optimization terminated successfully.", "nfev": "124", "fun": "0.2732670307159424", "maxcv": "0.0"}, "6": {"maxiter": 500, "tol": 1e-10, "catol": 1e-05, "duration": 0.027055740356445312, "x": "[4.29506463 5.8840603  2.14556071 1.42320967 6.35460466 3.9139423 ]", "status": "1", "success": "True", "message": "Optimization terminated successfully.", "nfev": "158", "fun": "0.2732670307159424", "maxcv": "0.0"}, "7": {"maxiter": 500, "tol": 1e-10, "catol": 1e-10, "duration": 0.026977062225341797, "x": "[4.29506463 5.8840603  2.14556071 1.42320967 6.35460466 3.9139423 ]", "status": "1", "success": "True", "message": "Optimization terminated successfully.", "nfev": "158", "fun": "0.2732670307159424", "maxcv": "0.0"}, "8": {"maxiter": 1000, "tol": 1e-05, "catol": 1e-05, "duration": 0.0212709903717041, "x": "[4.29506463 5.8840603  2.14556071 1.42320967 6.35460466 3.9139423 ]", "status": "1", "success": "True", "message": "Optimization terminated successfully.", "nfev": "124", "fun": "0.2732670307159424", "maxcv": "0.0"}, "9": {"maxiter": 1000, "tol": 1e-05, "catol": 1e-10, "duration": 0.02122807502746582, "x": "[4.29506463 5.8840603  2.14556071 1.42320967 6.35460466 3.9139423 ]", "status": "1", "success": "True", "message": "Optimization terminated successfully.", "nfev": "124", "fun": "0.2732670307159424", "maxcv": "0.0"}, "10": {"maxiter": 1000, "tol": 1e-10, "catol": 1e-05, "duration": 0.02707505226135254, "x": "[4.29506463 5.8840603  2.14556071 1.42320967 6.35460466 3.9139423 ]", "status": "1", "success": "True", "message": "Optimization terminated successfully.", "nfev": "158", "fun": "0.2732670307159424", "maxcv": "0.0"}, "11": {"maxiter": 1000, "tol": 1e-10, "catol": 1e-10, "duration": 0.027141809463500977, "x": "[4.29506463 5.8840603  2.14556071 1.42320967 6.35460466 3.9139423 ]", "status": "1", "success": "True", "message": "Optimization terminated successfully.", "nfev": "158", "fun": "0.2732670307159424", "maxcv": "0.0"}}, "powell": {"0": {"maxiter": 100, "ftol": 1e-05, "xtol": 1e-05, "duration": 0.13043808937072754, "fun": "0.27326700091362", "direc": "[[-0.01046408 -0.01520017 -0.05906834 -0.03161483  0.0133199   0.00604634]\n [ 0.          1.          0.          0.          0.          0.        ]\n [ 0.64690207  0.21669417  0.00721965  0.02738938  0.3808113   0.51015914]\n [ 0.          0.          0.          1.          0.          0.        ]\n [ 0.          0.          0.          0.          1.          0.        ]\n [ 0.00219747 -0.00976069 -0.0070088  -0.00338268  0.00361765 -0.00897534]]", "nit": "8", "nfev": "748", "status": "0", "success": "True", "message": "Optimization terminated successfully.", "x": "[4.09995704 6.19232758 2.07915749 1.49650479 6.72196313 3.73695119]"}, "1": {"maxiter": 100, "ftol": 1e-05, "xtol": 1e-10, "duration": 0.3034501075744629, "fun": "0.2732669711112976", "direc": "[[-0.01048492 -0.01538452 -0.05931701 -0.03159197  0.01312364  0.00612083]\n [ 0.          1.          0.          0.          0.          0.        ]\n [ 0.64633225  0.21545882  0.00659989  0.02779304  0.38030367  0.51022726]\n [ 0.          0.          0.          1.          0.          0.        ]\n [ 0.          0.          0.          0.          1.          0.        ]\n [ 0.00226427 -0.0099235  -0.00726942 -0.0037381   0.00370851 -0.0089092 ]]", "nit": "8", "nfev": "1710", "status": "0", "success": "True", "message": "Optimization terminated successfully.", "x": "[4.10059213 6.19135473 2.07904769 1.49606009 6.72074392 3.73756556]"}, "2": {"maxiter": 100, "ftol": 1e-10, "xtol": 1e-05, "duration": 0.21470189094543457, "fun": "0.2732669711112976", "direc": "[[-0.01046408 -0.01520017 -0.05906834 -0.03161483  0.0133199   0.00604634]\n [ 0.          1.          0.          0.          0.          0.        ]\n [ 0.64690207  0.21669417  0.00721965  0.02738938  0.3808113   0.51015914]\n [ 0.          0.          0.          1.          0.          0.        ]\n [ 0.          0.          0.          0.          1.          0.        ]\n [ 0.00219747 -0.00976069 -0.0070088  -0.00338268  0.00361765 -0.00897534]]", "nit": "10", "nfev": "1204", "status": "0", "success": "True", "message": "Optimization terminated successfully.", "x": "[4.09989707 6.19224047 2.07881899 1.49632362 6.72203946 3.73698584]"}, "3": {"maxiter": 100, "ftol": 1e-10, "xtol": 1e-10, "duration": 0.34725379943847656, "fun": "0.2732669711112976", "direc": "[[-0.01048492 -0.01538452 -0.05931701 -0.03159197  0.01312364  0.00612083]\n [ 0.          1.          0.          0.          0.          0.        ]\n [ 0.64633225  0.21545882  0.00659989  0.02779304  0.38030367  0.51022726]\n [ 0.          0.          0.          1.          0.          0.        ]\n [ 0.          0.          0.          0.          1.          0.        ]\n [ 0.00226427 -0.0099235  -0.00726942 -0.0037381   0.00370851 -0.0089092 ]]", "nit": "9", "nfev": "1955", "status": "0", "success": "True", "message": "Optimization terminated successfully.", "x": "[4.10058351 6.19125328 2.0790476  1.49605972 6.72073885 3.73755875]"}, "4": {"maxiter": 500, "ftol": 1e-05, "xtol": 1e-05, "duration": 0.13239693641662598, "fun": "0.27326700091362", "direc": "[[-0.01046408 -0.01520017 -0.05906834 -0.03161483  0.0133199   0.00604634]\n [ 0.          1.          0.          0.          0.          0.        ]\n [ 0.64690207  0.21669417  0.00721965  0.02738938  0.3808113   0.51015914]\n [ 0.          0.          0.          1.          0.          0.        ]\n [ 0.          0.          0.          0.          1.          0.        ]\n [ 0.00219747 -0.00976069 -0.0070088  -0.00338268  0.00361765 -0.00897534]]", "nit": "8", "nfev": "748", "status": "0", "success": "True", "message": "Optimization terminated successfully.", "x": "[4.09995704 6.19232758 2.07915749 1.49650479 6.72196313 3.73695119]"}, "5": {"maxiter": 500, "ftol": 1e-05, "xtol": 1e-10, "duration": 0.2949378490447998, "fun": "0.2732669711112976", "direc": "[[-0.01048492 -0.01538452 -0.05931701 -0.03159197  0.01312364  0.00612083]\n [ 0.          1.          0.          0.          0.          0.        ]\n [ 0.64633225  0.21545882  0.00659989  0.02779304  0.38030367  0.51022726]\n [ 0.          0.          0.          1.          0.          0.        ]\n [ 0.          0.          0.          0.          1.          0.        ]\n [ 0.00226427 -0.0099235  -0.00726942 -0.0037381   0.00370851 -0.0089092 ]]", "nit": "8", "nfev": "1710", "status": "0", "success": "True", "message": "Optimization terminated successfully.", "x": "[4.10059213 6.19135473 2.07904769 1.49606009 6.72074392 3.73756556]"}, "6": {"maxiter": 500, "ftol": 1e-10, "xtol": 1e-05, "duration": 0.2081458568572998, "fun": "0.2732669711112976", "direc": "[[-0.01046408 -0.01520017 -0.05906834 -0.03161483  0.0133199   0.00604634]\n [ 0.          1.          0.          0.          0.          0.        ]\n [ 0.64690207  0.21669417  0.00721965  0.02738938  0.3808113   0.51015914]\n [ 0.          0.          0.          1.          0.          0.        ]\n [ 0.          0.          0.          0.          1.          0.        ]\n [ 0.00219747 -0.00976069 -0.0070088  -0.00338268  0.00361765 -0.00897534]]", "nit": "10", "nfev": "1204", "status": "0", "success": "True", "message": "Optimization terminated successfully.", "x": "[4.09989707 6.19224047 2.07881899 1.49632362 6.72203946 3.73698584]"}, "7": {"maxiter": 500, "ftol": 1e-10, "xtol": 1e-10, "duration": 0.33591294288635254, "fun": "0.2732669711112976", "direc": "[[-0.01048492 -0.01538452 -0.05931701 -0.03159197  0.01312364  0.00612083]\n [ 0.          1.          0.          0.          0.          0.        ]\n [ 0.64633225  0.21545882  0.00659989  0.02779304  0.38030367  0.51022726]\n [ 0.          0.          0.          1.          0.          0.        ]\n [ 0.          0.          0.          0.          1.          0.        ]\n [ 0.00226427 -0.0099235  -0.00726942 -0.0037381   0.00370851 -0.0089092 ]]", "nit": "9", "nfev": "1955", "status": "0", "success": "True", "message": "Optimization terminated successfully.", "x": "[4.10058351 6.19125328 2.0790476  1.49605972 6.72073885 3.73755875]"}, "8": {"maxiter": 1000, "ftol": 1e-05, "xtol": 1e-05, "duration": 0.12947893142700195, "fun": "0.27326700091362", "direc": "[[-0.01046408 -0.01520017 -0.05906834 -0.03161483  0.0133199   0.00604634]\n [ 0.          1.          0.          0.          0.          0.        ]\n [ 0.64690207  0.21669417  0.00721965  0.02738938  0.3808113   0.51015914]\n [ 0.          0.          0.          1.          0.          0.        ]\n [ 0.          0.          0.          0.          1.    