{"conf_id": 1, "data_type": "random\n", "num_data_points": 1, "s_rank": 0, "unitary": "[[-0.56303964-0.00798273j,-0.21670212-0.15784972j,-0.06047197-0.73952673j,-0.01438004+0.24552571j],[-0.06976756+0.23474685j,-0.01275565-0.5435098j,-0.02703657-0.08917885j,-0.08210486-0.79311774j],[-0.38559961+0.10714929j,0.5933431-0.2687392j,-0.24060861+0.29149289j,-0.45147719+0.26241743j],[-0.50180421+0.45931857j,-0.11617175+0.44134496j,0.49642745+0.22684508j,-0.08544628-0.15407063j]]", "databatch_0": {"databatch": "[[[-0.07575649+0.12876389j,-0.0978828-0.30728069j,-0.27653071-0.13359441j,0.10390776+0.03704393j],[0.09430444-0.17238742j,0.14129697+0.39994089j,0.36902087+0.16427231j,-0.13812123-0.04443241j],[0.00258362-0.03848762j,0.05815429+0.05959613j,0.07928763-0.0011678j,-0.0282703+0.0034751j],[-0.11117168+0.14523319j,-0.07334373-0.38794175j,-0.31621858-0.20338868j,0.12077307+0.06043825j]]]", "nelder_mead": {"0": {"maxiter": 100, "fatol": 1e-05, "xatol": 1e-05, "duration": 0.02764105796813965, "fun": "0.011147220619022846", "nit": "100", "nfev": "155", "status": "2", "success": "False", "message": "Maximum number of iterations has been exceeded.", "x": "[1.13463623 5.81509851 2.76750102 5.52005335 4.64483724 0.14219079]", "final_simplex": "(array([[1.13463623, 5.81509851, 2.76750102, 5.52005335, 4.64483724,\n        0.14219079],\n       [1.0674285 , 5.68344449, 2.83276832, 5.56904271, 4.65633323,\n        0.14529618],\n       [1.06340043, 5.67301579, 2.83953199, 5.58426493, 4.63865813,\n        0.1403757 ],\n       [1.10241021, 5.57212538, 2.84356636, 5.54841552, 4.76158794,\n        0.14638782],\n       [1.13034801, 5.51973129, 2.93996976, 5.59131629, 4.84119128,\n        0.13792074],\n       [1.12253886, 5.65850523, 2.85857139, 5.51081112, 4.63451484,\n        0.14408816],\n       [1.03393769, 5.55586672, 2.89716991, 5.59726277, 4.80110346,\n        0.1412462 ]]), array([0.01114722, 0.01235617, 0.01240707, 0.01291689, 0.01322557,\n       0.01331976, 0.0136871 ]))"}, "1": {"maxiter": 100, "fatol": 1e-05, "xatol": 1e-10, "duration": 0.027122974395751953, "fun": "0.011147220619022846", "nit": "100", "nfev": "155", "status": "2", "success": "False", "message": "Maximum number of iterations has been exceeded.", "x": "[1.13463623 5.81509851 2.76750102 5.52005335 4.64483724 0.14219079]", "final_simplex": "(array([[1.13463623, 5.81509851, 2.76750102, 5.52005335, 4.64483724,\n        0.14219079],\n       [1.0674285 , 5.68344449, 2.83276832, 5.56904271, 4.65633323,\n        0.14529618],\n       [1.06340043, 5.67301579, 2.83953199, 5.58426493, 4.63865813,\n        0.1403757 ],\n       [1.10241021, 5.57212538, 2.84356636, 5.54841552, 4.76158794,\n        0.14638782],\n       [1.13034801, 5.51973129, 2.93996976, 5.59131629, 4.84119128,\n        0.13792074],\n       [1.12253886, 5.65850523, 2.85857139, 5.51081112, 4.63451484,\n        0.14408816],\n       [1.03393769, 5.55586672, 2.89716991, 5.59726277, 4.80110346,\n        0.1412462 ]]), array([0.01114722, 0.01235617, 0.01240707, 0.01291689, 0.01322557,\n       0.01331976, 0.0136871 ]))"}, "2": {"maxiter": 100, "fatol": 1e-10, "xatol": 1e-05, "duration": 0.027111053466796875, "fun": "0.011147220619022846", "nit": "100", "nfev": "155", "status": "2", "success": "False", "message": "Maximum number of iterations has been exceeded.", "x": "[1.13463623 5.81509851 2.76750102 5.52005335 4.64483724 0.14219079]", "final_simplex": "(array([[1.13463623, 5.81509851, 2.76750102, 5.52005335, 4.64483724,\n        0.14219079],\n       [1.0674285 , 5.68344449, 2.83276832, 5.56904271, 4.65633323,\n        0.14529618],\n       [1.06340043, 5.67301579, 2.83953199, 5.58426493, 4.63865813,\n        0.1403757 ],\n       [1.10241021, 5.57212538, 2.84356636, 5.54841552, 4.76158794,\n        0.14638782],\n       [1.13034801, 5.51973129, 2.93996976, 5.59131629, 4.84119128,\n        0.13792074],\n       [1.12253886, 5.65850523, 2.85857139, 5.51081112, 4.63451484,\n        0.14408816],\n       [1.03393769, 5.55586672, 2.89716991, 5.59726277, 4.80110346,\n        0.1412462 ]]), array([0.01114722, 0.01235617, 0.01240707, 0.01291689, 0.01322557,\n       0.01331976, 0.0136871 ]))"}, "3": {"maxiter": 100, "fatol": 1e-10, "xatol": 1e-10, "duration": 0.027022838592529297, "fun": "0.011147220619022846", "nit": "100", "nfev": "155", "status": "2", "success": "False", "message": "Maximum number of iterations has been exceeded.", "x": "[1.13463623 5.81509851 2.76750102 5.52005335 4.64483724 0.14219079]", "final_simplex": "(array([[1.13463623, 5.81509851, 2.76750102, 5.52005335, 4.64483724,\n        0.14219079],\n       [1.0674285 , 5.68344449, 2.83276832, 5.56904271, 4.65633323,\n        0.14529618],\n       [1.06340043, 5.67301579, 2.83953199, 5.58426493, 4.63865813,\n        0.1403757 ],\n       [1.10241021, 5.57212538, 2.84356636, 5.54841552, 4.76158794,\n        0.14638782],\n       [1.13034801, 5.51973129, 2.93996976, 5.59131629, 4.84119128,\n        0.13792074],\n       [1.12253886, 5.65850523, 2.85857139, 5.51081112, 4.63451484,\n        0.14408816],\n       [1.03393769, 5.55586672, 2.89716991, 5.59726277, 4.80110346,\n        0.1412462 ]]), array([0.01114722, 0.01235617, 0.01240707, 0.01291689, 0.01322557,\n       0.01331976, 0.0136871 ]))"}, "4": {"maxiter": 500, "fatol": 1e-05, "xatol": 1e-05, "duration": 0.07258391380310059, "fun": "0.006774033419787884", "nit": "234", "nfev": "417", "status": "0", "success": "True", "message": "Optimization terminated successfully.", "x": "[1.35493654 6.27612409 2.47685848 5.52167128 4.19363864 0.12328967]", "final_simplex": "(array([[1.35493654, 6.27612409, 2.47685848, 5.52167128, 4.19363864,\n        0.12328967],\n       [1.35493859, 6.27612703, 2.47685776, 5.52167062, 4.19363604,\n        0.1232894 ],\n       [1.35493778, 6.27612647, 2.4768579 , 5.52167124, 4.19363725,\n        0.12328946],\n       [1.35493818, 6.27612679, 2.47685747, 5.52167079, 4.1936353 ,\n        0.12328948],\n       [1.35493938, 6.27612891, 2.4768565 , 5.52167097, 4.19363239,\n        0.12328923],\n       [1.35493781, 6.27612813, 2.47685743, 5.52167102, 4.19363384,\n        0.12328928],\n       [1.35493891, 6.27612843, 2.47685651, 5.52167078, 4.19363388,\n        0.12328939]]), array([0.00677403, 0.00677403, 0.00677403, 0.00677403, 0.00677403,\n       0.00677403, 0.00677403]))"}, "5": {"maxiter": 500, "fatol": 1e-05, "xatol": 1e-10, "duration": 0.09393906593322754, "fun": "0.006774033419787884", "nit": "250", "nfev": "545", "status": "0", "success": "True", "message": "Optimization terminated successfully.", "x": "[1.35493654 6.27612409 2.47685848 5.52167128 4.19363864 0.12328967]", "final_simplex": "(array([[1.35493654, 6.27612409, 2.47685848, 5.52167128, 4.19363864,\n        0.12328967],\n       [1.35493654, 6.27612409, 2.47685848, 5.52167128, 4.19363864,\n        0.12328967],\n       [1.35493654, 6.27612409, 2.47685848, 5.52167128, 4.19363864,\n        0.12328967],\n       [1.35493654, 6.27612409, 2.47685848, 5.52167128, 4.19363864,\n        0.12328967],\n       [1.35493654, 6.27612409, 2.47685848, 5.52167128, 4.19363864,\n        0.12328967],\n       [1.35493654, 6.27612409, 2.47685848, 5.52167128, 4.19363864,\n        0.12328967],\n       [1.35493654, 6.27612409, 2.47685848, 5.52167128, 4.19363864,\n        0.12328967]]), array([0.00677403, 0.00677403, 0.00677403, 0.00677403, 0.00677403,\n       0.00677403, 0.00677403]))"}, "6": {"maxiter": 500, "fatol": 1e-10, "xatol": 1e-05, "duration": 0.07221508026123047, "fun": "0.006774033419787884", "nit": "234", "nfev": "417", "status": "0", "success": "True", "message": "Optimization terminated successfully.", "x": "[1.35493654 6.27612409 2.47685848 5.52167128 4.19363864 0.12328967]", "final_simplex": "(array([[1.35493654, 6.27612409, 2.47685848, 5.52167128, 4.19363864,\n        0.12328967],\n       [1.35493859, 6.27612703, 2.47685776, 5.52167062, 4.19363604,\n        0.1232894 ],\n       [1.35493778, 6.27612647, 2.4768579 , 5.52167124, 4.19363725,\n        0.12328946],\n       [1.35493818, 6.27612679, 2.47685747, 5.52167079, 4.1936353 ,\n        0.12328948],\n       [1.35493938, 6.27612891, 2.4768565 , 5.52167097, 4.19363239,\n        0.12328923],\n       [1.35493781, 6.27612813, 2.47685743, 5.52167102, 4.19363384,\n        0.12328928],\n       [1.35493891, 6.27612843, 2.47685651, 5.52167078, 4.19363388,\n        0.12328939]]), array([0.00677403, 0.00677403, 0.00677403, 0.00677403, 0.00677403,\n       0.00677403, 0.00677403]))"}, "7": {"maxiter": 500, "fatol": 1e-10, "xatol": 1e-10, "duration": 0.09380888938903809, "fun": "0.006774033419787884", "nit": "250", "nfev": "545", "status": "0", "success": "True", "message": "Optimization terminated successfully.", "x": "[1.35493654 6.27612409 2.47685848 5.52167128 4.19363864 0.12328967]", "final_simplex": "(array([[1.35493654, 6.27612409, 2.47685848, 5.52167128, 4.19363864,\n        0.12328967],\n       [1.35493654, 6.27612409, 2.47685848, 5.52167128, 4.19363864,\n        0.12328967],\n       [1.35493654, 6.27612409, 2.47685848, 5.52167128, 4.19363864,\n        0.12328967],\n       [1.35493654, 6.27612409, 2.47685848, 5.52167128, 4.19363864,\n        0.12328967],\n       [1.35493654, 6.27612409, 2.47685848, 5.52167128, 4.19363864,\n        0.12328967],\n       [1.35493654, 6.27612409, 2.47685848, 5.52167128, 4.19363864,\n        0.12328967],\n       [1.35493654, 6.27612409, 2.47685848, 5.52167128, 4.19363864,\n        0.12328967]]), array([0.00677403, 0.00677403, 0.00677403, 0.00677403, 0.00677403,\n       0.00677403, 0.00677403]))"}, "8": {"maxiter": 1000, "fatol": 1e-05, "xatol": 1e-05, "duration": 0.07634592056274414, "fun": "0.006774033419787884", "nit": "234", "nfev": "417", "status": "0", "success": "True", "message": "Optimization terminated successfully.", "x": "[1.35493654 6.27612409 2.47685848 5.52167128 4.19363864 0.12328967]", "final_simplex": "(array([[1.35493654, 6.27612409, 2.47685848, 5.52167128, 4.19363864,\n        0.12328967],\n       [1.35493859, 6.27612703, 2.47685776, 5.52167062, 4.19363604,\n        0.1232894 ],\n       [1.35493778, 6.27612647, 2.4768579 , 5.52167124, 4.19363725,\n        0.12328946],\n       [1.35493818, 6.27612679, 2.47685747, 5.52167079, 4.1936353 ,\n        0.12328948],\n       [1.35493938, 6.27612891, 2.4768565 , 5.52167097, 4.19363239,\n        0.12328923],\n       [1.35493781, 6.27612813, 2.47685743, 5.52167102, 4.19363384,\n        0.12328928],\n       [1.35493891, 6.27612843, 2.47685651, 5.52167078, 4.19363388,\n        0.12328939]]), array([0.00677403, 0.00677403, 0.00677403, 0.00677403, 0.00677403,\n       0.00677403, 0.00677403]))"}, "9": {"maxiter": 1000, "fatol": 1e-05, "xatol": 1e-10, "duration": 0.09845209121704102, "fun": "0.006774033419787884", "nit": "250", "nfev": "545", "status": "0", "success": "True", "message": "Optimization terminated successfully.", "x": "[1.35493654 6.27612409 2.47685848 5.52167128 4.19363864 0.12328967]", "final_simplex": "(array([[1.35493654, 6.27612409, 2.47685848, 5.52167128, 4.19363864,\n        0.12328967],\n       [1.35493654, 6.27612409, 2.47685848, 5.52167128, 4.19363864,\n        0.12328967],\n       [1.35493654, 6.27612409, 2.47685848, 5.52167128, 4.19363864,\n        0.12328967],\n       [1.35493654, 6.27612409, 2.47685848, 5.52167128, 4.19363864,\n        0.12328967],\n       [1.35493654, 6.27612409, 2.47685848, 5.52167128, 4.19363864,\n        0.12328967],\n       [1.35493654, 6.27612409, 2.47685848, 5.52167128, 4.19363864,\n        0.12328967],\n       [1.35493654, 6.27612409, 2.47685848, 5.52167128, 4.19363864,\n        0.12328967]]), array([0.00677403, 0.00677403, 0.00677403, 0.00677403, 0.00677403,\n       0.00677403, 0.00677403]))"}, "10": {"maxiter": 1000, "fatol": 1e-10, "xatol": 1e-05, "duration": 0.0756070613861084, "fun": "0.006774033419787884", "nit": "234", "nfev": "417", "status": "0", "success": "True", "message": "Optimization terminated successfully.", "x": "[1.35493654 6.27612409 2.47685848 5.52167128 4.19363864 0.12328967]", "final_simplex": "(array([[1.35493654, 6.27612409, 2.47685848, 5.52167128, 4.19363864,\n        0.12328967],\n       [1.35493859, 6.27612703, 2.47685776, 5.52167062, 4.19363604,\n        0.1232894 ],\n       [1.35493778, 6.27612647, 2.4768579 , 5.52167124, 4.19363725,\n        0.12328946],\n       [1.35493818, 6.27612679, 2.47685747, 5.52167079, 4.1936353 ,\n        0.12328948],\n       [1.35493938, 6.27612891, 2.4768565 , 5.52167097, 4.19363239,\n        0.12328923],\n       [1.35493781, 6.27612813, 2.47685743, 5.52167102, 4.19363384,\n        0.12328928],\n       [1.35493891, 6.27612843, 2.47685651, 5.52167078, 4.19363388,\n        0.12328939]]), array([0.00677403, 0.00677403, 0.00677403, 0.00677403, 0.00677403,\n       0.00677403, 0.00677403]))"}, "11": {"maxiter": 1000, "fatol": 1e-10, "xatol": 1e-10, "duration": 0.09863615036010742, "fun": "0.006774033419787884", "nit": "250", "nfev": "545", "status": "0", "success": "True", "message": "Optimization terminated successfully.", "x": "[1.35493654 6.27612409 2.47685848 5.52167128 4.19363864 0.12328967]", "final_simplex": "(array([[1.35493654, 6.27612409, 2.47685848, 5.52167128, 4.19363864,\n        0.12328967],\n       [1.35493654, 6.27612409, 2.47685848, 5.52167128, 4.19363864,\n        0.12328967],\n       [1.35493654, 6.27612409, 2.47685848, 5.52167128, 4.19363864,\n        0.12328967],\n       [1.35493654, 6.27612409, 2.47685848, 5.52167128, 4.19363864,\n        0.12328967],\n       [1.35493654, 6.27612409, 2.47685848, 5.52167128, 4.19363864,\n        0.12328967],\n       [1.35493654, 6.27612409, 2.47685848, 5.52167128, 4.19363864,\n        0.12328967],\n       [1.35493654, 6.27612409, 2.47685848, 5.52167128, 4.19363864,\n        0.12328967]]), array([0.00677403, 0.00677403, 0.00677403, 0.00677403, 0.00677403,\n       0.00677403, 0.00677403]))"}}, "bfgs": {"0": {"maxiter": 100, "gtol": 1e-05, "xrtol": 1e-05, "eps": 1e-05, "duration": 0.02365589141845703, "fun": "0.006774033885449171", "jac": "[0. 0. 0. 0. 0. 0.]", "hess_inv": "[[  5.2702743   -6.7427247    4.47280313  -3.62207512  -7.4878127\n    8.99136315]\n [ -6.7427247   15.02458676  -9.7068812    4.0288955   14.33446468\n  -18.09269381]\n [  4.47280313  -9.7068812    9.01503738  -3.63165141 -10.97598928\n   11.85290975]\n [ -3.62207512   4.0288955   -3.63165141   4.61451429   5.03919603\n   -6.86628794]\n [ -7.4878127   14.33446468 -10.97598928   5.03919603  16.51453144\n  -18.65844946]\n [  8.99136315 -18.09269381  11.85290975  -6.86628794 -18.65844946\n   24.78347182]]", "nfev": "126", "njev": "18", "status": "0", "success": "True", "message": "Optimization terminated successfully.", "x": "[ 1.17787104  4.9237633   3.43468534  5.48249145  5.85896644 -0.34304918]", "nit": "17"}, "1": {"maxiter": 100, "gtol": 1e-05, "xrtol": 1e-05, "eps": 1e-10, "duration": 0.0013380050659179688, "fun": "0.5624032616615295", "jac": "[0. 0. 0. 0. 0. 0.]", "hess_inv": "[[1 0 0 0 0 0]\n [0 1 0 0 0 0]\n [0 0 1 0 0 0]\n [0 0 0 1 0 0]\n [0 0 0 0 1 0]\n [0 0 0 0 0 1]]", "nfev": "7", "njev": "1", "status": "0", "success": "True", "message": "Optimization terminated successfully.", "x": "[1.4773975  4.14392504 3.45613532 3.98791226 5.27255558 0.19490635]", "nit": "0"}, "2": {"maxiter": 100, "gtol": 1e-05, "xrtol": 1e-10, "eps": 1e-05, "duration": 0.023684978485107422, "fun": "0.006774033885449171", "jac": "[0. 0. 0. 0. 0. 0.]", "hess_inv": "[[  5.2702743   -6.7427247    4.47280313  -3.62207512  -7.4878127\n    8.99136315]\n [ -6.7427247   15.02458676  -9.7068812    4.0288955   14.33446468\n  -18.09269381]\n [  4.47280313  -9.7068812    9.01503738  -3.63165141 -10.97598928\n   11.85290975]\n [ -3.62207512   4.0288955   -3.63165141   4.61451429   5.03919603\n   -6.86628794]\n [ -7.4878127   14.33446468 -10.97598928   5.03919603  16.51453144\n  -18.65844946]\n [  8.99136315 -18.09269381  11.85290975  -6.86628794 -18.65844946\n   24.78347182]]", "nfev": "126", "njev": "18", "status": "0", "success": "True", "message": "Optimization terminated successfully.", "x": "[ 1.17787104  4.9237633   3.43468534  5.48249145  5.85896644 -0.34304918]", "nit": "17"}, "3": {"maxiter": 100, "gtol": 1e-05, "xrtol": 1e-10, "eps": 1e-10, "duration": 0.0013270378112792969, "fun": "0.5624032616615295", "jac": "[0. 0. 0. 0. 0. 0.]", "hess_inv": "[[1 0 0 0 0 0]\n [0 1 0 0 0 0]\n [0 0 1 0 0 0]\n [0 0 0 1 0 0]\n [0 0 0 0 1 0]\n [0 0 0 0 0 1]]", "nfev": "7", "njev": "1", "status": "0", "success": "True", "message": "Optimization terminated successfully.", "x": "[1.4773975  4.14392504 3.45613532 3.98791226 5.27255558 0.19490635]", "nit": "0"}, "4": {"maxiter": 100, "gtol": 1e-10, "xrtol": 1e-05, "eps": 1e-05, "duration": 0.02333688735961914, "fun": "0.006774033885449171", "jac": "[0. 0. 0. 0. 0. 0.]", "hess_inv": "[[  5.2702743   -6.7427247    4.47280313  -3.62207512  -7.4878127\n    8.99136315]\n [ -6.7427247   15.02458676  -9.7068812    4.0288955   14.33446468\n  -18.09269381]\n [  4.47280313  -9.7068812    9.01503738  -3.63165141 -10.97598928\n   11.85290975]\n [ -3.62207512   4.0288955   -3.63165141   4.61451429   5.03919603\n   -6.86628794]\n [ -7.4878127   14.33446468 -10.97598928   5.03919603  16.51453144\n  -18.65844946]\n [  8.99136315 -18.09269381  11.85290975  -6.86628794 -18.65844946\n   24.78347182]]", "nfev": "126", "njev": "18", "status": "0", "success": "True", "message": "Optimization terminated successfully.", "x": "[ 1.17787104  4.9237633   3.43468534  5.48249145  5.85896644 -0.34304918]", "nit": "17"}, "5": {"maxiter": 100, "gtol": 1e-10, "xrtol": 1e-05, "eps": 1e-10, "duration": 0.0012989044189453125, "fun": "0.5624032616615295", "jac": "[0. 0. 0. 0. 0. 0.]", "hess_inv": "[[1 0 0 0 0 0]\n [0 1 0 0 0 0]\n [0 0 1 0 0 0]\n [0 0 0 1 0 0]\n [0 0 0 0 1 0]\n [0 0 0 0 0 1]]", "nfev": "7", "njev": "1", "status": "0", "success": "True", "message": "Optimization terminated successfully.", "x": "[1.4773975  4.14392504 3.45613532 3.98791226 5.27255558 0.19490635]", "nit": "0"}, "6": {"maxiter": 100, "gtol": 1e-10, "xrtol": 1e-10, "eps": 1e-05, "duration": 0.023380279541015625, "fun": "0.006774033885449171", "jac": "[0. 0. 0. 0. 0. 0.]", "hess_inv": "[[  5.2702743   -6.7427247    4.47280313  -3.62207512  -7.4878127\n    8.99136315]\n [ -6.7427247   15.02458676  -9.7068812    4.0288955   14.33446468\n  -18.09269381]\n [  4.47280313  -9.7068812    9.01503738  -3.63165141 -10.97598928\n   11.85290975]\n [ -3.62207512   4.0288955   -3.63165141   4.61451429   5.03919603\n   -6.86628794]\n [ -7.4878127   14.33446468 -10.97598928   5.03919603  16.51453144\n  -18.65844946]\n [  8.99136315 -18.09269381  11.85290975  -6.86628794 -18.65844946\n   24.78347182]]", "nfev": "126", "njev": "18", "status": "0", "success": "True", "message": "Optimization terminated successfully.", "x": "[ 1.17787104  4.9237633   3.43468534  5.48249145  5.85896644 -0.34304918]", "nit": "17"}, "7": {"maxiter": 100, "gtol": 1e-10, "xrtol": 1e-10, "eps": 1e-10, "duration": 0.00130462646484375, "fun": "0.5624032616615295", "jac": "[0. 0. 0. 0. 0. 0.]", "hess_inv": "[[1 0 0 0 0 0]\n [0 1 0 0 0 0]\n [0 0 1 0 0 0]\n [0 0 0 1 0 0]\n [0 0 0 0 1 0]\n [0 0 0 0 0 1]]", "nfev": "7", "njev": "1", "status": "0", "success": "True", "message": "Optimization terminated successfully.", "x": "[1.4773975  4.14392504 3.45613532 3.98791226 5.27255558 0.19490635]", "nit": "0"}, "8": {"maxiter": 500, "gtol": 1e-05, "xrtol": 1e-05, "eps": 1e-05, "duration": 0.02349686622619629, "fun": "0.006774033885449171", "jac": "[0. 0. 0. 0. 0. 0.]", "hess_inv": "[[  5.2702743   -6.7427247    4.47280313  -3.62207512  -7.4878127\n    8.99136315]\n [ -6.7427247   15.02458676  -9.7068812    4.0288955   14.33446468\n  -18.09269381]\n [  4.47280313  -9.7068812    9.01503738  -3.63165141 -10.97598928\n   11.85290975]\n [ -3.62207512   4.0288955   -3.63165141   4.61451429   5.03919603\n   -6.86628794]\n [ -7.4878127   14.33446468 -10.97598928   5.03919603  16.51453144\n  -18.65844946]\n [  8.99136315 -18.09269381  11.85290975  -6.86628794 -18.65844946\n   24.78347182]]", "nfev": "126", "njev": "18", "status": "0", "success": "True", "message": "Optimization terminated successfully.", "x": "[ 1.17787104  4.9237633   3.43468534  5.48249145  5.85896644 -0.34304918]", "nit": "17"}, "9": {"maxiter": 500, "gtol": 1e-05, "xrtol": 1e-05, "eps": 1e-10, "duration": 0.0013148784637451172, "fun": "0.5624032616615295", "jac": "[0. 0. 0. 0. 0. 0.]", "hess_inv": "[[1 0 0 0 0 0]\n [0 1 0 0 0 0]\n [0 0 1 0 0 0]\n [0 0 0 1 0 0]\n [0 0 0 0 1 0]\n [0 0 0 0 0 1]]", "nfev": "7", "njev": "1", "status": "0", "success": "True", "message": "Optimization terminated successfully.", "x": "[1.4773975  4.14392504 3.45613532 3.98791226 5.27255558 0.19490635]", "nit": "0"}, "10": {"maxiter": 500, "gtol": 1e-05, "xrtol": 1e-10, "eps": 1e-05, "duration": 0.023537874221801758, "fun": "0.006774033885449171", "jac": "[0. 0. 0. 0. 0. 0.]", "hess_inv": "[[  5.2702743   -6.7427247    4.47280313  -3.62207512  -7.4878127\n    8.99136315]\n [ -6.7427247   15.02458676  -9.7068812    4.0288955   14.33446468\n  -18.09269381]\n [  4.47280313  -9.7068812    9.01503738  -3.63165141 -10.97598928\n   11.85290975]\n [ -3.62207512   4.0288955   -3.63165141   4.61451429   5.03919603\n   -6.86628794]\n [ -7.4878127   14.33446468 -10.97598928   5.03919603  16.51453144\n  -18.65844946]\n [  8.99136315 -18.09269381  11.85290975  -6.86628794 -18.65844946\n   24.78347182]]", "nfev": "126", "njev": "18", "status": "0", "success": "True", "message": "Optimization terminated successfully.", "x": "[ 1.17787104  4.9237633   3.43468534  5.48249145  5.85896644 -0.34304918]", "nit": "17"}, "11": {"maxiter": 500, "gtol": 1e-05, "xrtol": 1e-10, "eps": 1e-10, "duration": 0.0013082027435302734, "fun": "0.5624032616615295", "jac": "[0. 0. 0. 0. 0. 0.]", "hess_inv": "[[1 0 0 0 0 0]\n [0 1 0 0 0 0]\n [0 0 1 0 0 0]\n [0 0 0 1 0 0]\n [0 0 0 0 1 0]\n [0 0 0 0 0 1]]", "nfev": "7", "njev": "1", "status": "0", "success": "True", "message": "Optimization terminated successfully.", "x": "[1.4773975  4.14392504 3.45613532 3.98791226 5.27255558 0.19490635]", "nit": "0"}, "12": {"maxiter": 500, "gtol": 1e-10, "xrtol": 1e-05, "eps": 1e-05, "duration": 0.023027896881103516, "fun": "0.006774033885449171", "jac": "[0. 0. 0. 0. 0. 0.]", "hess_inv": "[[  5.2702743   -6.7427247    4.47280313  -3.62207512  -7.4878127\n    8.99136315]\n [ -6.7427247   15.02458676  -9.7068812    4.0288955   14.33446468\n  -18.09269381]\n [  4.47280313  -9.7068812    9.01503738  -3.63165141 -10.97598928\n   11.85290975]\n [ -3.62207512   4.0288955   -3.63165141   4.61451429   5.03919603\n   -6.86628794]\n [ -7.4878127   14.33446468 -10.97598928   5.03919603  16.51453144\n  -18.65844946]\n [  8.99136315 -18.09269381  11.85290975  -6.86628794 -18.65844946\n   24.78347182]]", "nfev": "126", "njev": "18", "status": "0", "success": "True", "message": "Optimization terminated successfully.", "x": "[ 1.17787104  4.9237633   3.43468534  5.48249145  5.85896644 -0.34304918]", "nit": "17"}, "13": {"maxiter": 500, "gtol": 1e-10, "xrtol": 1e-05, "eps": 1e-10, "duration": 0.0012857913970947266, "fun": "0.5624032616615295", "jac": "[0. 0. 0. 0. 0. 0.]", "hess_inv": "[[1 0 0 0 0 0]\n [0 1 0 0 0 0]\n [0 0 1 0 0 0]\n [0 0 0 1 0 0]\n [0 0 0 0 1 0]\n [0 0 0 0 0 1]]", "nfev": "7", "njev": "1", "status": "0", "success": "True", "message": "Optimization terminated successfully.", "x": "[1.4773975  4.14392504 3.45613532 3.98791226 5.27255558 0.19490635]", "nit": "0"}, "14": {"maxiter": 500, "gtol": 1e-10, "xrtol": 1e-10, "eps": 1e-05, "duration": 0.0229799747467041, "fun": "0.006774033885449171", "jac": "[0. 0. 0. 0. 0. 0.]", "hess_inv": "[[  5.2702743   -6.7427247    4.47280313  -3.62207512  -7.4878127\n    8.99136315]\n [ -6.7427247   15.02458676  -9.7068812    4.0288955   14.33446468\n  -18.09269381]\n [  4.47280313  -9.7068812    9.01503738  -3.63165141 -10.97598928\n   11.85290975]\n [ -3.62207512   4.0288955   -3.63165141   4.61451429   5.03919603\n   -6.86628794]\n [ -7.4878127   14.33446468 -10.97598928   5.03919603  16.51453144\n  -18.65844946]\n [  8.99136315 -18.09269381  11.85290975  -6.86628794 -18.65844946\n   24.78347182]]", "nfev": "126", "njev": "18", "status": "0", "success": "True", "message": "Optimization terminated successfully.", "x": "[ 1.17787104  4.9237633   3.43468534  5.48249145  5.85896644 -0.34304918]", "nit": "17"}, "15": {"maxiter": 500, "gtol": 1e-10, "xrtol": 1e-10, "eps": 1e-10, "duration": 0.001332998275756836, "fun": "0.5624032616615295", "jac": "[0. 0. 0. 0. 0. 0.]", "hess_inv": "[[1 0 0 0 0 0]\n [0 1 0 0 0 0]\n [0 0 1 0 0 0]\n [0 0 0 1 0 0]\n [0 0 0 0 1 0]\n [0 0 0 0 0 1]]", "nfev": "7", "njev": "1", "status": "0", "success": "True", "message": "Optimization terminated successfully.", "x": "[1.4773975  4.14392504 3.45613532 3.98791226 5.27255558 0.19490635]", "nit": "0"}, "16": {"maxiter": 1000, "gtol": 1e-05, "xrtol": 1e-05, "eps": 1e-05, "duration": 0.023217201232910156, "fun": "0.006774033885449171", "jac": "[0. 0. 0. 0. 0. 0.]", "hess_inv": "[[  5.2702743   -6.7427247    4.47280313  -3.62207512  -7.4878127\n    8.99136315]\n [ -6.7427247   15.02458676  -9.7068812    4.0288955   14.33446468\n  -18.09269381]\n [  4.47280313  -9.7068812    9.01503738  -3.63165141 -10.97598928\n   11.85290975]\n [ -3.62207512   4.0288955   -3.63165141   4.61451429   5.03919603\n   -6.86628794]\n [ -7.4878127   14.33446468 -10.97598928   5.03919603  16.51453144\n  -18.65844946]\n [  8.99136315 -18.09269381  11.85290975  -6.86628794 -18.65844946\n   24.78347182]]", "nfev": "126", "njev": "18", "status": "0", "success": "True", "message": "Optimization terminated successfully.", "x": "[ 1.17787104  4.9237633   3.43468534  5.48249145  5.85896644 -0.34304918]", "nit": "17"}, "17": {"maxiter": 1000, "gtol": 1e-05, "xrtol": 1e-05, "eps": 1e-10, "duration": 0.001316070556640625, "fun": "0.5624032616615295", "jac": "[0. 0. 0. 0. 0. 0.]", "hess_inv": "[[1 0 0 0 0 0]\n [0 1 0 0 0 0]\n [0 0 1 0 0 0]\n [0 0 0 1 0 0]\n [0 0 0 0 1 0]\n [0 0 0 0 0 1]]", "nfev": "7", "njev": "1", "status": "0", "success": "True", "message": "Optimization terminated successfully.", "x": "[1.4773975  4.14392504 3.45613532 3.98791226 5.27255558 0.19490635]", "nit": "0"}, "18": {"maxiter": 1000, "gtol": 1e-05, "xrtol": 1e-10, "eps": 1e-05, "duration": 0.024435997009277344, "fun": "0.006774033885449171", "jac": "[0. 0. 0. 0. 0. 0.]", "hess_inv": "[[  5.2702743   -6.7427247    4.47280313  -3.62207512  -7.4878127\n    8.99136315]\n [ -6.7427247   15.02458676  -9.7068812    4.0288955   14.33446468\n  -18.09269381]\n [  4.47280313  -9.7068812    9.01503738  -3.63165141 -10.97598928\n   11.85290975]\n [ -3.62207512   4.0288955   -3.63165141   4.61451429   5.03919603\n   -6.86628794]\n [ -7.4878127   14.33446468 -10.97598928   5.03919603  16.51453144\n  -18.65844946]\n [  8.99136315 -18.09269381  11.85290975  -6.86628794 -18.65844946\n   24.78347182]]", "nfev": "126", "njev": "18", "status": "0", "success": "True", "message": "Optimization terminated successfully.", "x": "[ 1.17787104  4.9237633   3.43468534  5.48249145  5.85896644 -0.34304918]", "nit": "17"}, "19": {"maxiter": 1000, "gtol": 1e-05, "xrtol": 1e-10, "eps": 1e-10, "duration": 0.0014107227325439453, "fun": "0.5624032616615295", "jac": "[0. 0. 0. 0. 0. 0.]", "hess_inv": "[[1 0 0 0 0 0]\n [0 1 0 0 0 0]\n [0 0 1 0 0 0]\n [0 0 0 1 0 0]\n [0 0 0 0 1 0]\n [0 0 0 0 0 1]]", "nfev": "7", "njev": "1", "status": "0", "success": "True", "message": "Optimization terminated successfully.", "x": "[1.4773975  4.14392504 3.45613532 3.98791226 5.27255558 0.19490635]", "nit": "0"}, "20": {"maxiter": 1000, "gtol": 1e-10, "xrtol": 1e-05, "eps": 1e-05, "duration": 0.02391982078552246, "fun": "0.006774033885449171", "jac": "[0. 0. 0. 0. 0. 0.]", "hess_inv": "[[  5.2702743   -6.7427247    4.47280313  -3.62207512  -7.4878127\n    8.99136315]\n [ -6.7427247   15.02458676  -9.7068812    4.0288955   14.33446468\n  -18.09269381]\n [  4.47280313  -9.7068812    9.01503738  -3.63165141 -10.97598928\n   11.85290975]\n [ -3.62207512   4.0288955   -3.63165141   4.61451429   5.03919603\n   -6.86628794]\n [ -7.4878127   14.33446468 -10.97598928   5.03919603  16.51453144\n  -18.65844946]\n [  8.99136315 -18.09269381  11.85290975  -6.86628794 -18.65844946\n   24.78347182]]", "nfev": "126", "njev": "18", "status": "0", "success": "True", "message": "Optimization terminated successfully.", "x": "[ 1.17787104  4.9237633   3.43468534  5.48249145  5.85896644 -0.34304918]", "nit": "17"}, "21": {"maxiter": 1000, "gtol": 1e-10, "xrtol": 1e-05, "eps": 1e-10, "duration": 0.0013370513916015625, "fun": "0.5624032616615295", "jac": "[0. 0. 0. 0. 0. 0.]", "hess_inv": "[[1 0 0 0 0 0]\n [0 1 0 0 0 0]\n [0 0 1 0 0 0]\n [0 0 0 1 0 0]\n [0 0 0 0 1 0]\n [0 0 0 0 0 1]]", "nfev": "7", "njev": "1", "status": "0", "success": "True", "message": "Optimization terminated successfully.", "x": "[1.4773975  4.14392504 3.45613532 3.98791226 5.27255558 0.19490635]", "nit": "0"}, "22": {"maxiter": 1000, "gtol": 1e-10, "xrtol": 1e-10, "eps": 1e-05, "duration": 0.02361893653869629, "fun": "0.006774033885449171", "jac": "[0. 0. 0. 0. 0. 0.]", "hess_inv": "[[  5.2702743   -6.7427247    4.47280313  -3.62207512  -7.4878127\n    8.99136315]\n [ -6.7427247   15.02458676  -9.7068812    4.0288955   14.33446468\n  -18.09269381]\n [  4.47280313  -9.7068812    9.01503738  -3.63165141 -10.97598928\n   11.85290975]\n [ -3.62207512   4.0288955   -3.63165141   4.61451429   5.03919603\n   -6.86628794]\n [ -7.4878127   14.33446468 -10.97598928   5.03919603  16.51453144\n  -18.65844946]\n [  8.99136315 -18.09269381  11.85290975  -6.86628794 -18.65844946\n   24.78347182]]", "nfev": "126", "njev": "18", "status": "0", "success": "True", "message": "Optimization terminated successfully.", "x": "[ 1.17787104  4.9237633   3.43468534  5.48249145  5.85896644 -0.34304918]", "nit": "17"}, "23": {"maxiter": 1000, "gtol": 1e-10, "xrtol": 1e-10, "eps": 1e-10, "duration": 0.001329183578491211, "fun": "0.5624032616615295", "jac": "[0. 0. 0. 0. 0. 0.]", "hess_inv": "[[1 0 0 0 0 0]\n [0 1 0 0 0 0]\n [0 0 1 0 0 0]\n [0 0 0 1 0 0]\n [0 0 0 0 1 0]\n [0 0 0 0 0 1]]", "nfev": "7", "njev": "1", "status": "0", "success": "True", "message": "Optimization terminated successfully.", "x": "[1.4773975  4.14392504 3.45613532 3.98791226 5.27255558 0.19490635]", "nit": "0"}}, "cobyla": {"0": {"maxiter": 100, "tol": 1e-05, "catol": 1e-05, "duration": 0.018030881881713867, "x": "[ 1.54258598  4.32745886  3.79266939  5.30517802  6.59347788 -0.40235413]", "status": "2", "success": "False", "message": "Maximum number of function evaluations has been exceeded.", "nfev": "100", "fun": "0.006774033885449171", "maxcv": "0.0"}, "1": {"maxiter": 100, "tol": 1e-05, "catol": 1e-10, "duration": 0.017858028411865234, "x": "[ 1.54258598  4.32745886  3.79266939  5.30517802  6.59347788 -0.40235413]", "status": "2", "success": "False", "message": "Maximum number of function evaluations has been exceeded.", "nfev": "100", "fun": "0.006774033885449171", "maxcv": "0.0"}, "2": {"maxiter": 100, "tol": 1e-10, "catol": 1e-05, "duration": 0.01784515380859375, "x": "[ 1.54258598  4.32745886  3.79266939  5.30517802  6.59347788 -0.40235413]", "status": "2", "success": "False", "message": "Maximum number of function evaluations has been exceeded.", "nfev": "100", "fun": "0.006774033885449171", "maxcv": "0.0"}, "3": {"maxiter": 100, "tol": 1e-10, "catol": 1e-10, "duration": 0.018053054809570312, "x": "[ 1.54258598  4.32745886  3.79266939  5.30517802  6.59347788 -0.40235413]", "status": "2", "success": "False", "message": "Maximum number of function evaluations has been exceeded.", "nfev": "100", "fun": "0.006774033885449171", "maxcv": "0.0"}, "4": {"maxiter": 500, "tol": 1e-05, "catol": 1e-05, "duration": 0.021063804626464844, "x": "[ 1.54258598  4.32745886  3.79266939  5.30517802  6.59347788 -0.40235413]", "status": "1", "success": "True", "message": "Optimization terminated successfully.", "nfev": "116", "fun": "0.006774033885449171", "maxcv": "0.0"}, "5": {"maxiter": 500, "tol": 1e-05, "catol": 1e-10, "duration": 0.020576000213623047, "x": "[ 1.54258598  4.32745886  3.79266939  5.30517802  6.59347788 -0.40235413]", "status": "1", "success": "True", "message": "Optimization terminated successfully.", "nfev": "116", "fun": "0.006774033885449171", "maxcv": "0.0"}, "6": {"maxiter": 500, "tol": 1e-10, "catol": 1e-05, "duration": 0.026751995086669922, "x": "[ 1.54258598  4.32745886  3.79266939  5.30517802  6.59347788 -0.40235413]", "status": "1", "success": "True", "message": "Optimization terminated successfully.", "nfev": "150", "fun": "0.006774033885449171", "maxcv": "0.0"}, "7": {"maxiter": 500, "tol": 1e-10, "catol": 1e-10, "duration": 0.026692867279052734, "x": "[ 1.54258598  4.32745886  3.79266939  5.30517802  6.59347788 -0.40235413]", "status": "1", "success": "True", "message": "Optimization terminated successfully.", "nfev": "150", "fun": "0.006774033885449171", "maxcv": "0.0"}, "8": {"maxiter": 1000, "tol": 1e-05, "catol": 1e-05, "duration": 0.02068185806274414, "x": "[ 1.54258598  4.32745886  3.79266939  5.30517802  6.59347788 -0.40235413]", "status": "1", "success": "True", "message": "Optimization terminated successfully.", "nfev": "116", "fun": "0.006774033885449171", "maxcv": "0.0"}, "9": {"maxiter": 1000, "tol": 1e-05, "catol": 1e-10, "duration": 0.02074909210205078, "x": "[ 1.54258598  4.32745886  3.79266939  5.30517802  6.59347788 -0.40235413]", "status": "1", "success": "True", "message": "Optimization terminated successfully.", "nfev": "116", "fun": "0.006774033885449171", "maxcv": "0.0"}, "10": {"maxiter": 1000, "tol": 1e-10, "catol": 1e-05, "duration": 0.026902198791503906, "x": "[ 1.54258598  4.32745886  3.79266939  5.30517802  6.59347788 -0.40235413]", "status": "1", "success": "True", "message": "Optimization terminated successfully.", "nfev": "150", "fun": "0.006774033885449171", "maxcv": "0.0"}, "11": {"maxiter": 1000, "tol": 1e-10, "catol": 1e-10, "duration": 0.02690601348876953, "x": "[ 1.54258598  4.32745886  3.79266939  5.30517802  6.59347788 -0.40235413]", "status": "1", "success": "True", "message": "Optimization terminated successfully.", "nfev": "150", "fun": "0.006774033885449171", "maxcv": "0.0"}}, "powell": {"0": {"maxiter": 100, "ftol": 1e-05, "xtol": 1e-05, "duration": 0.11384987831115723, "fun": "0.006774033419787884", "direc": "[[ 0.          0.          0.          0.          0.          1.        ]\n [-0.31181063 -0.08497275 -0.03241348  0.18315926  0.02345378 -0.03465511]\n [ 0.          0.          1.          0.          0.          0.        ]\n [ 0.          0.          0.          1.          0.          0.        ]\n [ 0.          0.          0.          0.          1.          0.        ]\n [-0.00844013  0.04921526 -0.0115252  -0.00125476  0.00380669 -0.04041104]]", "nit": "7", "nfev": "629", "status": "0", "success": "True", "message": "Optimization terminated successfully.", "x": "[ 1.09281293  5.40820813  3.08201128  5.55790812  5.30676358 -0.20647986]"}, "1": {"maxiter": 100, "ftol": 1e-05, "xtol": 1e-10, "duration": 0.24033617973327637, "fun": "0.006774033419787884", "direc": "[[ 0.          0.          0.          0.          0.          1.        ]\n [-0.31182669 -0.0849377  -0.0325356   0.18318215  0.02357978 -0.03461513]\n [ 0.          0.          1.          0.          0.          0.        ]\n [ 0.          0.          0.          1.          0.          0.        ]\n [ 0.          0.          0.          0.          1.          0.        ]\n [-0.00842521  0.04906056 -0.01140813 -0.00125691  0.00367282 -0.0402405 ]]", "nit": "7", "nfev": "1332", "status": "0", "success": "True", "message": "Optimization terminated successfully.", "x": "[ 1.09281095  5.40881934  3.08155228  5.55796615  5.30606051 -0.20627966]"}, "2": {"maxiter": 100, "ftol": 1e-10, "xtol": 1e-05, "duration": 0.14837193489074707, "fun": "0.006774033419787884", "direc": "[[ 0.          0.          0.          0.          0.          1.        ]\n [-0.31181063 -0.08497275 -0.03241348  0.18315926  0.02345378 -0.03465511]\n [ 0.          0.          1.          0.          0.          0.        ]\n [ 0.          0.          0.          1.          0.          0.        ]\n [ 0.          0.          0.          0.          1.          0.        ]\n [-0.00844013  0.04921526 -0.0115252  -0.00125476  0.00380669 -0.04041104]]", "nit": "8", "nfev": "821", "status": "0", "success": "True", "message": "Optimization terminated successfully.", "x": "[ 1.09281293  5.40820813  3.08201128  5.55790812  5.30676358 -0.20648025]"}, "3": {"maxiter": 100, "ftol": 1e-10, "xtol": 1e-10, "duration": 0.27810001373291016, "fun": "0.006774033419787884", "direc": "[[ 0.          0.          0.          0.          0.          1.        ]\n [-0.31182669 -0.0849377  -0.0325356   0.18318215  0.02357978 -0.03461513]\n [ 0.          0.          1.          0.          0.          0.        ]\n [ 0.          0.          0.          1.          0.          0.        ]\n [ 0.          0.          0.          0.          1.          0.        ]\n [-0.00842521  0.04906056 -0.01140813 -0.00125691  0.00367282 -0.0402405 ]]", "nit": "8", "nfev": "1541", "status": "0", "success": "True", "message": "Optimization terminated successfully.", "x": "[ 1.09281095  5.40881934  3.08155228  5.55796615  5.30606051 -0.20627221]"}, "4": {"maxiter": 500, "ftol": 1e-05, "xtol": 1e-05, "duration": 0.11432290077209473, "fun": "0.006774033419787884", "direc": "[[ 0.          0.          0.          0.          0.          1.        ]\n [-0.31181063 -0.08497275 -0.03241348  0.18315926  0.02345378 -0.03465511]\n [ 0.          0.          1.          0.          0.          0.        ]\n [ 0.          0.          0.          1.          0.          0.        ]\n [ 0.          0.          0.          0.          1.          0.        ]\n [-0.00844013  0.04921526 -0.0115252  -0.00125476  0.00380669 -0.04041104]]", "nit": "7", "nfev": "629", "status": "0", "success": "True", "message": "Optimization terminated successfully.", "x": "[ 1.09281293  5.40820813  3.08201128  5.55790812  5.30676358 -0.20647986]"}, "5": {"maxiter": 500, "ftol": 1e-05, "xtol": 1e-10, "duration": 0.23850607872009277, "fun": "0.006774033419787884", "direc": "[[ 0.          0.          0.          0.          0.          1.        ]\n [-0.31182669 -0.0849377  -0.0325356   0.18318215  0.02357978 -0.03461513]\n [ 0.          0.          1.          0.          0.          0.        ]\n [ 0.          0.          0.          1.          0.          0.        ]\n [ 0.          0.          0.          0.          1.          0.        ]\n [-0.00842521  0.04906056 -0.01140813 -0.00125691  0.00367282 -0.0402405 ]]", "nit": "7", "nfev": "1332", "status": "0", "success": "True", "message": "Optimization terminated successfully.", "x": "[ 1.09281095  5.40881934  3.08155228  5.55796615  5.30606051 -0.20627966]"}, "6": {"maxiter": 500, "ftol": 1e-10, "xtol": 1e-05, "duration": 0.1410219669342041, "fun": "0.006774033419787884", "direc": "[[ 0.          0.          0.          0.          0.          1.        ]\n [-0.31181063 -0.08497275 -0.03241348  0.18315926  0.02345378 -0.03465511]\n [ 0.          0.          1.          0.          0.          0.        ]\n [ 0.          0.          0.          1.          0.          0.        ]\n [ 0.          0.          0.          0.          1.          0.        ]\n [-0.00844013  0.04921526 -0.0115252  -0.00125476  0.00380669 -0.04041104]]", "nit": "8", "nfev": "821", "status": "0", "success": "True", "message": "Optimization terminated successfully.", "x": "[ 1.09281293  5.40820813  3.08201128  5.55790812  5.30676358 -0.20648025]"}, "7": {"maxiter": 500, "ftol": 1e-10, "xtol": 1e-10, "duration": 0.2638580799102783, "fun": "0.006774033419787884", "direc": "[[ 0.          0.          0.          0.          0.          1.        ]\n [-0.31182669 -0.0849377  -0.0325356   0.18318215  0.02357978 -0.03461513]\n [ 0.          0.          1.          0.          0.          0.        ]\n [ 0.    