{"conf_id": 4, "data_type": "random\n", "num_data_points": 1, "s_rank": 0, "unitary": "[[-0.24866696+0.58742286j,-0.44704345-0.43151574j,-0.35669027-0.20570733j,-0.10517633+0.1626036j],[0.10596805-0.19687975j,-0.30269685-0.15056416j,0.18246286+0.30440582j,-0.83484447-0.11310748j],[0.26054512-0.52548482j,0.0285017-0.50723956j,-0.43110112+0.17165838j,0.15243271+0.39915801j],[0.42978035+0.11991271j,-0.17224126-0.46030424j,0.6827807-0.15164662j,0.26483638+0.0061855j]]", "databatch_0": {"databatch": "[[[-1.86404538e-01-0.19259899j,-6.85340488e-02+0.11842998j,-1.63851806e-06-0.05996791j,-1.03677229e-01+0.01531896j],[-2.65995868e-01-0.50623005j,-2.11416620e-01+0.20131763j,3.60011212e-02-0.12277505j,-2.21458870e-01-0.0308844j],[-5.70888063e-02-0.15909095j,-7.01431363e-02+0.05025294j,1.55751576e-02-0.03446009j,-6.35555244e-02-0.01812637j],[-4.61429177e-01+0.20716543j,1.66173039e-01+0.19763561j,-1.06418679e-01-0.03848873j,-3.93626920e-02+0.19381594j]]]", "nelder_mead": {"0": {"maxiter": 100, "fatol": 1e-05, "xatol": 1e-05, "duration": 0.031033039093017578, "fun": "0.00775412330403924", "nit": "100", "nfev": "162", "status": "2", "success": "False", "message": "Maximum number of iterations has been exceeded.", "x": "[3.18557449 7.99757472 6.52680613 5.71411454 2.56813042 0.13632273]", "final_simplex": "(array([[3.18557449, 7.99757472, 6.52680613, 5.71411454, 2.56813042,\n        0.13632273],\n       [3.20094712, 8.02978093, 6.53588543, 5.71893765, 2.56671605,\n        0.13583577],\n       [3.21597125, 8.03261117, 6.56218517, 5.74163208, 2.55272108,\n        0.1352605 ],\n       [3.21745282, 8.03109428, 6.53677025, 5.72115647, 2.5763349 ,\n        0.13494385],\n       [3.21190101, 8.04326231, 6.56179617, 5.73955326, 2.57888612,\n        0.13516214],\n       [3.18064801, 7.99484158, 6.52063433, 5.74857406, 2.56834141,\n        0.13683527],\n       [3.21701747, 8.03840745, 6.56264927, 5.69420815, 2.56614811,\n        0.13571386]]), array([0.00775412, 0.007784  , 0.0078184 , 0.00782261, 0.00792378,\n       0.00792465, 0.00798276]))"}, "1": {"maxiter": 100, "fatol": 1e-05, "xatol": 1e-10, "duration": 0.03083491325378418, "fun": "0.00775412330403924", "nit": "100", "nfev": "162", "status": "2", "success": "False", "message": "Maximum number of iterations has been exceeded.", "x": "[3.18557449 7.99757472 6.52680613 5.71411454 2.56813042 0.13632273]", "final_simplex": "(array([[3.18557449, 7.99757472, 6.52680613, 5.71411454, 2.56813042,\n        0.13632273],\n       [3.20094712, 8.02978093, 6.53588543, 5.71893765, 2.56671605,\n        0.13583577],\n       [3.21597125, 8.03261117, 6.56218517, 5.74163208, 2.55272108,\n        0.1352605 ],\n       [3.21745282, 8.03109428, 6.53677025, 5.72115647, 2.5763349 ,\n        0.13494385],\n       [3.21190101, 8.04326231, 6.56179617, 5.73955326, 2.57888612,\n        0.13516214],\n       [3.18064801, 7.99484158, 6.52063433, 5.74857406, 2.56834141,\n        0.13683527],\n       [3.21701747, 8.03840745, 6.56264927, 5.69420815, 2.56614811,\n        0.13571386]]), array([0.00775412, 0.007784  , 0.0078184 , 0.00782261, 0.00792378,\n       0.00792465, 0.00798276]))"}, "2": {"maxiter": 100, "fatol": 1e-10, "xatol": 1e-05, "duration": 0.03087902069091797, "fun": "0.00775412330403924", "nit": "100", "nfev": "162", "status": "2", "success": "False", "message": "Maximum number of iterations has been exceeded.", "x": "[3.18557449 7.99757472 6.52680613 5.71411454 2.56813042 0.13632273]", "final_simplex": "(array([[3.18557449, 7.99757472, 6.52680613, 5.71411454, 2.56813042,\n        0.13632273],\n       [3.20094712, 8.02978093, 6.53588543, 5.71893765, 2.56671605,\n        0.13583577],\n       [3.21597125, 8.03261117, 6.56218517, 5.74163208, 2.55272108,\n        0.1352605 ],\n       [3.21745282, 8.03109428, 6.53677025, 5.72115647, 2.5763349 ,\n        0.13494385],\n       [3.21190101, 8.04326231, 6.56179617, 5.73955326, 2.57888612,\n        0.13516214],\n       [3.18064801, 7.99484158, 6.52063433, 5.74857406, 2.56834141,\n        0.13683527],\n       [3.21701747, 8.03840745, 6.56264927, 5.69420815, 2.56614811,\n        0.13571386]]), array([0.00775412, 0.007784  , 0.0078184 , 0.00782261, 0.00792378,\n       0.00792465, 0.00798276]))"}, "3": {"maxiter": 100, "fatol": 1e-10, "xatol": 1e-10, "duration": 0.0302426815032959, "fun": "0.00775412330403924", "nit": "100", "nfev": "162", "status": "2", "success": "False", "message": "Maximum number of iterations has been exceeded.", "x": "[3.18557449 7.99757472 6.52680613 5.71411454 2.56813042 0.13632273]", "final_simplex": "(array([[3.18557449, 7.99757472, 6.52680613, 5.71411454, 2.56813042,\n        0.13632273],\n       [3.20094712, 8.02978093, 6.53588543, 5.71893765, 2.56671605,\n        0.13583577],\n       [3.21597125, 8.03261117, 6.56218517, 5.74163208, 2.55272108,\n        0.1352605 ],\n       [3.21745282, 8.03109428, 6.53677025, 5.72115647, 2.5763349 ,\n        0.13494385],\n       [3.21190101, 8.04326231, 6.56179617, 5.73955326, 2.57888612,\n        0.13516214],\n       [3.18064801, 7.99484158, 6.52063433, 5.74857406, 2.56834141,\n        0.13683527],\n       [3.21701747, 8.03840745, 6.56264927, 5.69420815, 2.56614811,\n        0.13571386]]), array([0.00775412, 0.007784  , 0.0078184 , 0.00782261, 0.00792378,\n       0.00792465, 0.00798276]))"}, "4": {"maxiter": 500, "fatol": 1e-05, "xatol": 1e-05, "duration": 0.09310412406921387, "fun": "0.0007519158534705639", "nit": "296", "nfev": "497", "status": "0", "success": "True", "message": "Optimization terminated successfully.", "x": "[3.4371966  7.20721708 5.71056047 5.67055858 2.57662789 0.13284574]", "final_simplex": "(array([[3.4371966 , 7.20721708, 5.71056047, 5.67055858, 2.57662789,\n        0.13284574],\n       [3.4371929 , 7.20721457, 5.71055975, 5.67055854, 2.57662754,\n        0.13284594],\n       [3.43719407, 7.20722003, 5.7105631 , 5.67055845, 2.57662825,\n        0.13284586],\n       [3.43719401, 7.20722191, 5.71056636, 5.67055912, 2.57662628,\n        0.13284585],\n       [3.43719441, 7.20721832, 5.7105639 , 5.67055792, 2.57662735,\n        0.13284581],\n       [3.4371955 , 7.20722059, 5.71056512, 5.67055862, 2.57662775,\n        0.13284573],\n       [3.43719444, 7.2072196 , 5.7105623 , 5.67055922, 2.57662837,\n        0.13284586]]), array([0.00075192, 0.00075192, 0.00075192, 0.00075192, 0.00075192,\n       0.00075192, 0.00075192]))"}, "5": {"maxiter": 500, "fatol": 1e-05, "xatol": 1e-10, "duration": 0.11438226699829102, "fun": "0.0007519158534705639", "nit": "312", "nfev": "625", "status": "0", "success": "True", "message": "Optimization terminated successfully.", "x": "[3.4371966  7.20721708 5.71056047 5.67055858 2.57662789 0.13284574]", "final_simplex": "(array([[3.4371966 , 7.20721708, 5.71056047, 5.67055858, 2.57662789,\n        0.13284574],\n       [3.4371966 , 7.20721708, 5.71056047, 5.67055858, 2.57662789,\n        0.13284574],\n       [3.4371966 , 7.20721708, 5.71056047, 5.67055858, 2.57662789,\n        0.13284574],\n       [3.4371966 , 7.20721708, 5.71056047, 5.67055858, 2.57662789,\n        0.13284574],\n       [3.4371966 , 7.20721708, 5.71056047, 5.67055858, 2.57662789,\n        0.13284574],\n       [3.4371966 , 7.20721708, 5.71056047, 5.67055858, 2.57662789,\n        0.13284574],\n       [3.4371966 , 7.20721708, 5.71056047, 5.67055858, 2.57662789,\n        0.13284574]]), array([0.00075192, 0.00075192, 0.00075192, 0.00075192, 0.00075192,\n       0.00075192, 0.00075192]))"}, "6": {"maxiter": 500, "fatol": 1e-10, "xatol": 1e-05, "duration": 0.09053993225097656, "fun": "0.0007519158534705639", "nit": "296", "nfev": "497", "status": "0", "success": "True", "message": "Optimization terminated successfully.", "x": "[3.4371966  7.20721708 5.71056047 5.67055858 2.57662789 0.13284574]", "final_simplex": "(array([[3.4371966 , 7.20721708, 5.71056047, 5.67055858, 2.57662789,\n        0.13284574],\n       [3.4371929 , 7.20721457, 5.71055975, 5.67055854, 2.57662754,\n        0.13284594],\n       [3.43719407, 7.20722003, 5.7105631 , 5.67055845, 2.57662825,\n        0.13284586],\n       [3.43719401, 7.20722191, 5.71056636, 5.67055912, 2.57662628,\n        0.13284585],\n       [3.43719441, 7.20721832, 5.7105639 , 5.67055792, 2.57662735,\n        0.13284581],\n       [3.4371955 , 7.20722059, 5.71056512, 5.67055862, 2.57662775,\n        0.13284573],\n       [3.43719444, 7.2072196 , 5.7105623 , 5.67055922, 2.57662837,\n        0.13284586]]), array([0.00075192, 0.00075192, 0.00075192, 0.00075192, 0.00075192,\n       0.00075192, 0.00075192]))"}, "7": {"maxiter": 500, "fatol": 1e-10, "xatol": 1e-10, "duration": 0.11121201515197754, "fun": "0.0007519158534705639", "nit": "312", "nfev": "625", "status": "0", "success": "True", "message": "Optimization terminated successfully.", "x": "[3.4371966  7.20721708 5.71056047 5.67055858 2.57662789 0.13284574]", "final_simplex": "(array([[3.4371966 , 7.20721708, 5.71056047, 5.67055858, 2.57662789,\n        0.13284574],\n       [3.4371966 , 7.20721708, 5.71056047, 5.67055858, 2.57662789,\n        0.13284574],\n       [3.4371966 , 7.20721708, 5.71056047, 5.67055858, 2.57662789,\n        0.13284574],\n       [3.4371966 , 7.20721708, 5.71056047, 5.67055858, 2.57662789,\n        0.13284574],\n       [3.4371966 , 7.20721708, 5.71056047, 5.67055858, 2.57662789,\n        0.13284574],\n       [3.4371966 , 7.20721708, 5.71056047, 5.67055858, 2.57662789,\n        0.13284574],\n       [3.4371966 , 7.20721708, 5.71056047, 5.67055858, 2.57662789,\n        0.13284574]]), array([0.00075192, 0.00075192, 0.00075192, 0.00075192, 0.00075192,\n       0.00075192, 0.00075192]))"}, "8": {"maxiter": 1000, "fatol": 1e-05, "xatol": 1e-05, "duration": 0.08845686912536621, "fun": "0.0007519158534705639", "nit": "296", "nfev": "497", "status": "0", "success": "True", "message": "Optimization terminated successfully.", "x": "[3.4371966  7.20721708 5.71056047 5.67055858 2.57662789 0.13284574]", "final_simplex": "(array([[3.4371966 , 7.20721708, 5.71056047, 5.67055858, 2.57662789,\n        0.13284574],\n       [3.4371929 , 7.20721457, 5.71055975, 5.67055854, 2.57662754,\n        0.13284594],\n       [3.43719407, 7.20722003, 5.7105631 , 5.67055845, 2.57662825,\n        0.13284586],\n       [3.43719401, 7.20722191, 5.71056636, 5.67055912, 2.57662628,\n        0.13284585],\n       [3.43719441, 7.20721832, 5.7105639 , 5.67055792, 2.57662735,\n        0.13284581],\n       [3.4371955 , 7.20722059, 5.71056512, 5.67055862, 2.57662775,\n        0.13284573],\n       [3.43719444, 7.2072196 , 5.7105623 , 5.67055922, 2.57662837,\n        0.13284586]]), array([0.00075192, 0.00075192, 0.00075192, 0.00075192, 0.00075192,\n       0.00075192, 0.00075192]))"}, "9": {"maxiter": 1000, "fatol": 1e-05, "xatol": 1e-10, "duration": 0.10988593101501465, "fun": "0.0007519158534705639", "nit": "312", "nfev": "625", "status": "0", "success": "True", "message": "Optimization terminated successfully.", "x": "[3.4371966  7.20721708 5.71056047 5.67055858 2.57662789 0.13284574]", "final_simplex": "(array([[3.4371966 , 7.20721708, 5.71056047, 5.67055858, 2.57662789,\n        0.13284574],\n       [3.4371966 , 7.20721708, 5.71056047, 5.67055858, 2.57662789,\n        0.13284574],\n       [3.4371966 , 7.20721708, 5.71056047, 5.67055858, 2.57662789,\n        0.13284574],\n       [3.4371966 , 7.20721708, 5.71056047, 5.67055858, 2.57662789,\n        0.13284574],\n       [3.4371966 , 7.20721708, 5.71056047, 5.67055858, 2.57662789,\n        0.13284574],\n       [3.4371966 , 7.20721708, 5.71056047, 5.67055858, 2.57662789,\n        0.13284574],\n       [3.4371966 , 7.20721708, 5.71056047, 5.67055858, 2.57662789,\n        0.13284574]]), array([0.00075192, 0.00075192, 0.00075192, 0.00075192, 0.00075192,\n       0.00075192, 0.00075192]))"}, "10": {"maxiter": 1000, "fatol": 1e-10, "xatol": 1e-05, "duration": 0.08710718154907227, "fun": "0.0007519158534705639", "nit": "296", "nfev": "497", "status": "0", "success": "True", "message": "Optimization terminated successfully.", "x": "[3.4371966  7.20721708 5.71056047 5.67055858 2.57662789 0.13284574]", "final_simplex": "(array([[3.4371966 , 7.20721708, 5.71056047, 5.67055858, 2.57662789,\n        0.13284574],\n       [3.4371929 , 7.20721457, 5.71055975, 5.67055854, 2.57662754,\n        0.13284594],\n       [3.43719407, 7.20722003, 5.7105631 , 5.67055845, 2.57662825,\n        0.13284586],\n       [3.43719401, 7.20722191, 5.71056636, 5.67055912, 2.57662628,\n        0.13284585],\n       [3.43719441, 7.20721832, 5.7105639 , 5.67055792, 2.57662735,\n        0.13284581],\n       [3.4371955 , 7.20722059, 5.71056512, 5.67055862, 2.57662775,\n        0.13284573],\n       [3.43719444, 7.2072196 , 5.7105623 , 5.67055922, 2.57662837,\n        0.13284586]]), array([0.00075192, 0.00075192, 0.00075192, 0.00075192, 0.00075192,\n       0.00075192, 0.00075192]))"}, "11": {"maxiter": 1000, "fatol": 1e-10, "xatol": 1e-10, "duration": 0.1083519458770752, "fun": "0.0007519158534705639", "nit": "312", "nfev": "625", "status": "0", "success": "True", "message": "Optimization terminated successfully.", "x": "[3.4371966  7.20721708 5.71056047 5.67055858 2.57662789 0.13284574]", "final_simplex": "(array([[3.4371966 , 7.20721708, 5.71056047, 5.67055858, 2.57662789,\n        0.13284574],\n       [3.4371966 , 7.20721708, 5.71056047, 5.67055858, 2.57662789,\n        0.13284574],\n       [3.4371966 , 7.20721708, 5.71056047, 5.67055858, 2.57662789,\n        0.13284574],\n       [3.4371966 , 7.20721708, 5.71056047, 5.67055858, 2.57662789,\n        0.13284574],\n       [3.4371966 , 7.20721708, 5.71056047, 5.67055858, 2.57662789,\n        0.13284574],\n       [3.4371966 , 7.20721708, 5.71056047, 5.67055858, 2.57662789,\n        0.13284574],\n       [3.4371966 , 7.20721708, 5.71056047, 5.67055858, 2.57662789,\n        0.13284574]]), array([0.00075192, 0.00075192, 0.00075192, 0.00075192, 0.00075192,\n       0.00075192, 0.00075192]))"}}, "bfgs": {"0": {"maxiter": 100, "gtol": 1e-05, "xrtol": 1e-05, "eps": 1e-05, "duration": 0.0999610424041748, "fun": "0.0007519161445088685", "jac": "[ 5.82076609e-06  1.16415322e-05 -5.82076609e-06  0.00000000e+00\n  0.00000000e+00  5.82076609e-06]", "hess_inv": "[[  9.02557269  -4.31733157  -5.92175598  -3.28218159   5.10302074\n   -8.20119178]\n [ -4.31733157   6.94286909   6.89241248   2.31348759  -7.77166398\n    9.95665565]\n [ -5.92175598   6.89241248  10.06405661   1.8970525  -10.34844218\n   12.78283158]\n [ -3.28218159   2.31348759   1.8970525    3.72084067  -2.59671134\n    4.38743135]\n [  5.10302074  -7.77166398 -10.34844218  -2.59671134  13.25359596\n  -14.77869011]\n [ -8.20119178   9.95665565  12.78283158   4.38743135 -14.77869011\n   20.66851779]]", "nfev": "558", "njev": "78", "status": "2", "success": "False", "message": "Desired error not necessarily achieved due to precision loss.", "x": "[ 3.56983333  7.32874337  5.79559495  5.65091328  2.69875165 -0.08796034]", "nit": "23"}, "1": {"maxiter": 100, "gtol": 1e-05, "xrtol": 1e-05, "eps": 1e-10, "duration": 0.0013279914855957031, "fun": "0.9599767327308655", "jac": "[0. 0. 0. 0. 0. 0.]", "hess_inv": "[[1 0 0 0 0 0]\n [0 1 0 0 0 0]\n [0 0 1 0 0 0]\n [0 0 0 1 0 0]\n [0 0 0 0 1 0]\n [0 0 0 0 0 1]]", "nfev": "7", "njev": "1", "status": "0", "success": "True", "message": "Optimization terminated successfully.", "x": "[1.86672306 5.97832507 5.1564969  5.70731066 4.76484865 0.15861106]", "nit": "0"}, "2": {"maxiter": 100, "gtol": 1e-05, "xrtol": 1e-10, "eps": 1e-05, "duration": 0.09991097450256348, "fun": "0.0007519161445088685", "jac": "[ 5.82076609e-06  1.16415322e-05 -5.82076609e-06  0.00000000e+00\n  0.00000000e+00  5.82076609e-06]", "hess_inv": "[[  9.02557269  -4.31733157  -5.92175598  -3.28218159   5.10302074\n   -8.20119178]\n [ -4.31733157   6.94286909   6.89241248   2.31348759  -7.77166398\n    9.95665565]\n [ -5.92175598   6.89241248  10.06405661   1.8970525  -10.34844218\n   12.78283158]\n [ -3.28218159   2.31348759   1.8970525    3.72084067  -2.59671134\n    4.38743135]\n [  5.10302074  -7.77166398 -10.34844218  -2.59671134  13.25359596\n  -14.77869011]\n [ -8.20119178   9.95665565  12.78283158   4.38743135 -14.77869011\n   20.66851779]]", "nfev": "558", "njev": "78", "status": "2", "success": "False", "message": "Desired error not necessarily achieved due to precision loss.", "x": "[ 3.56983333  7.32874337  5.79559495  5.65091328  2.69875165 -0.08796034]", "nit": "23"}, "3": {"maxiter": 100, "gtol": 1e-05, "xrtol": 1e-10, "eps": 1e-10, "duration": 0.0012989044189453125, "fun": "0.9599767327308655", "jac": "[0. 0. 0. 0. 0. 0.]", "hess_inv": "[[1 0 0 0 0 0]\n [0 1 0 0 0 0]\n [0 0 1 0 0 0]\n [0 0 0 1 0 0]\n [0 0 0 0 1 0]\n [0 0 0 0 0 1]]", "nfev": "7", "njev": "1", "status": "0", "success": "True", "message": "Optimization terminated successfully.", "x": "[1.86672306 5.97832507 5.1564969  5.70731066 4.76484865 0.15861106]", "nit": "0"}, "4": {"maxiter": 100, "gtol": 1e-10, "xrtol": 1e-05, "eps": 1e-05, "duration": 0.10005998611450195, "fun": "0.0007519161445088685", "jac": "[ 5.82076609e-06  1.16415322e-05 -5.82076609e-06  0.00000000e+00\n  0.00000000e+00  5.82076609e-06]", "hess_inv": "[[  9.02557269  -4.31733157  -5.92175598  -3.28218159   5.10302074\n   -8.20119178]\n [ -4.31733157   6.94286909   6.89241248   2.31348759  -7.77166398\n    9.95665565]\n [ -5.92175598   6.89241248  10.06405661   1.8970525  -10.34844218\n   12.78283158]\n [ -3.28218159   2.31348759   1.8970525    3.72084067  -2.59671134\n    4.38743135]\n [  5.10302074  -7.77166398 -10.34844218  -2.59671134  13.25359596\n  -14.77869011]\n [ -8.20119178   9.95665565  12.78283158   4.38743135 -14.77869011\n   20.66851779]]", "nfev": "558", "njev": "78", "status": "2", "success": "False", "message": "Desired error not necessarily achieved due to precision loss.", "x": "[ 3.56983333  7.32874337  5.79559495  5.65091328  2.69875165 -0.08796034]", "nit": "23"}, "5": {"maxiter": 100, "gtol": 1e-10, "xrtol": 1e-05, "eps": 1e-10, "duration": 0.0013129711151123047, "fun": "0.9599767327308655", "jac": "[0. 0. 0. 0. 0. 0.]", "hess_inv": "[[1 0 0 0 0 0]\n [0 1 0 0 0 0]\n [0 0 1 0 0 0]\n [0 0 0 1 0 0]\n [0 0 0 0 1 0]\n [0 0 0 0 0 1]]", "nfev": "7", "njev": "1", "status": "0", "success": "True", "message": "Optimization terminated successfully.", "x": "[1.86672306 5.97832507 5.1564969  5.70731066 4.76484865 0.15861106]", "nit": "0"}, "6": {"maxiter": 100, "gtol": 1e-10, "xrtol": 1e-10, "eps": 1e-05, "duration": 0.09967398643493652, "fun": "0.0007519161445088685", "jac": "[ 5.82076609e-06  1.16415322e-05 -5.82076609e-06  0.00000000e+00\n  0.00000000e+00  5.82076609e-06]", "hess_inv": "[[  9.02557269  -4.31733157  -5.92175598  -3.28218159   5.10302074\n   -8.20119178]\n [ -4.31733157   6.94286909   6.89241248   2.31348759  -7.77166398\n    9.95665565]\n [ -5.92175598   6.89241248  10.06405661   1.8970525  -10.34844218\n   12.78283158]\n [ -3.28218159   2.31348759   1.8970525    3.72084067  -2.59671134\n    4.38743135]\n [  5.10302074  -7.77166398 -10.34844218  -2.59671134  13.25359596\n  -14.77869011]\n [ -8.20119178   9.95665565  12.78283158   4.38743135 -14.77869011\n   20.66851779]]", "nfev": "558", "njev": "78", "status": "2", "success": "False", "message": "Desired error not necessarily achieved due to precision loss.", "x": "[ 3.56983333  7.32874337  5.79559495  5.65091328  2.69875165 -0.08796034]", "nit": "23"}, "7": {"maxiter": 100, "gtol": 1e-10, "xrtol": 1e-10, "eps": 1e-10, "duration": 0.001291036605834961, "fun": "0.9599767327308655", "jac": "[0. 0. 0. 0. 0. 0.]", "hess_inv": "[[1 0 0 0 0 0]\n [0 1 0 0 0 0]\n [0 0 1 0 0 0]\n [0 0 0 1 0 0]\n [0 0 0 0 1 0]\n [0 0 0 0 0 1]]", "nfev": "7", "njev": "1", "status": "0", "success": "True", "message": "Optimization terminated successfully.", "x": "[1.86672306 5.97832507 5.1564969  5.70731066 4.76484865 0.15861106]", "nit": "0"}, "8": {"maxiter": 500, "gtol": 1e-05, "xrtol": 1e-05, "eps": 1e-05, "duration": 0.09943509101867676, "fun": "0.0007519161445088685", "jac": "[ 5.82076609e-06  1.16415322e-05 -5.82076609e-06  0.00000000e+00\n  0.00000000e+00  5.82076609e-06]", "hess_inv": "[[  9.02557269  -4.31733157  -5.92175598  -3.28218159   5.10302074\n   -8.20119178]\n [ -4.31733157   6.94286909   6.89241248   2.31348759  -7.77166398\n    9.95665565]\n [ -5.92175598   6.89241248  10.06405661   1.8970525  -10.34844218\n   12.78283158]\n [ -3.28218159   2.31348759   1.8970525    3.72084067  -2.59671134\n    4.38743135]\n [  5.10302074  -7.77166398 -10.34844218  -2.59671134  13.25359596\n  -14.77869011]\n [ -8.20119178   9.95665565  12.78283158   4.38743135 -14.77869011\n   20.66851779]]", "nfev": "558", "njev": "78", "status": "2", "success": "False", "message": "Desired error not necessarily achieved due to precision loss.", "x": "[ 3.56983333  7.32874337  5.79559495  5.65091328  2.69875165 -0.08796034]", "nit": "23"}, "9": {"maxiter": 500, "gtol": 1e-05, "xrtol": 1e-05, "eps": 1e-10, "duration": 0.0012819766998291016, "fun": "0.9599767327308655", "jac": "[0. 0. 0. 0. 0. 0.]", "hess_inv": "[[1 0 0 0 0 0]\n [0 1 0 0 0 0]\n [0 0 1 0 0 0]\n [0 0 0 1 0 0]\n [0 0 0 0 1 0]\n [0 0 0 0 0 1]]", "nfev": "7", "njev": "1", "status": "0", "success": "True", "message": "Optimization terminated successfully.", "x": "[1.86672306 5.97832507 5.1564969  5.70731066 4.76484865 0.15861106]", "nit": "0"}, "10": {"maxiter": 500, "gtol": 1e-05, "xrtol": 1e-10, "eps": 1e-05, "duration": 0.09943294525146484, "fun": "0.0007519161445088685", "jac": "[ 5.82076609e-06  1.16415322e-05 -5.82076609e-06  0.00000000e+00\n  0.00000000e+00  5.82076609e-06]", "hess_inv": "[[  9.02557269  -4.31733157  -5.92175598  -3.28218159   5.10302074\n   -8.20119178]\n [ -4.31733157   6.94286909   6.89241248   2.31348759  -7.77166398\n    9.95665565]\n [ -5.92175598   6.89241248  10.06405661   1.8970525  -10.34844218\n   12.78283158]\n [ -3.28218159   2.31348759   1.8970525    3.72084067  -2.59671134\n    4.38743135]\n [  5.10302074  -7.77166398 -10.34844218  -2.59671134  13.25359596\n  -14.77869011]\n [ -8.20119178   9.95665565  12.78283158   4.38743135 -14.77869011\n   20.66851779]]", "nfev": "558", "njev": "78", "status": "2", "success": "False", "message": "Desired error not necessarily achieved due to precision loss.", "x": "[ 3.56983333  7.32874337  5.79559495  5.65091328  2.69875165 -0.08796034]", "nit": "23"}, "11": {"maxiter": 500, "gtol": 1e-05, "xrtol": 1e-10, "eps": 1e-10, "duration": 0.0013418197631835938, "fun": "0.9599767327308655", "jac": "[0. 0. 0. 0. 0. 0.]", "hess_inv": "[[1 0 0 0 0 0]\n [0 1 0 0 0 0]\n [0 0 1 0 0 0]\n [0 0 0 1 0 0]\n [0 0 0 0 1 0]\n [0 0 0 0 0 1]]", "nfev": "7", "njev": "1", "status": "0", "success": "True", "message": "Optimization terminated successfully.", "x": "[1.86672306 5.97832507 5.1564969  5.70731066 4.76484865 0.15861106]", "nit": "0"}, "12": {"maxiter": 500, "gtol": 1e-10, "xrtol": 1e-05, "eps": 1e-05, "duration": 0.09896016120910645, "fun": "0.0007519161445088685", "jac": "[ 5.82076609e-06  1.16415322e-05 -5.82076609e-06  0.00000000e+00\n  0.00000000e+00  5.82076609e-06]", "hess_inv": "[[  9.02557269  -4.31733157  -5.92175598  -3.28218159   5.10302074\n   -8.20119178]\n [ -4.31733157   6.94286909   6.89241248   2.31348759  -7.77166398\n    9.95665565]\n [ -5.92175598   6.89241248  10.06405661   1.8970525  -10.34844218\n   12.78283158]\n [ -3.28218159   2.31348759   1.8970525    3.72084067  -2.59671134\n    4.38743135]\n [  5.10302074  -7.77166398 -10.34844218  -2.59671134  13.25359596\n  -14.77869011]\n [ -8.20119178   9.95665565  12.78283158   4.38743135 -14.77869011\n   20.66851779]]", "nfev": "558", "njev": "78", "status": "2", "success": "False", "message": "Desired error not necessarily achieved due to precision loss.", "x": "[ 3.56983333  7.32874337  5.79559495  5.65091328  2.69875165 -0.08796034]", "nit": "23"}, "13": {"maxiter": 500, "gtol": 1e-10, "xrtol": 1e-05, "eps": 1e-10, "duration": 0.0012772083282470703, "fun": "0.9599767327308655", "jac": "[0. 0. 0. 0. 0. 0.]", "hess_inv": "[[1 0 0 0 0 0]\n [0 1 0 0 0 0]\n [0 0 1 0 0 0]\n [0 0 0 1 0 0]\n [0 0 0 0 1 0]\n [0 0 0 0 0 1]]", "nfev": "7", "njev": "1", "status": "0", "success": "True", "message": "Optimization terminated successfully.", "x": "[1.86672306 5.97832507 5.1564969  5.70731066 4.76484865 0.15861106]", "nit": "0"}, "14": {"maxiter": 500, "gtol": 1e-10, "xrtol": 1e-10, "eps": 1e-05, "duration": 0.10206270217895508, "fun": "0.0007519161445088685", "jac": "[ 5.82076609e-06  1.16415322e-05 -5.82076609e-06  0.00000000e+00\n  0.00000000e+00  5.82076609e-06]", "hess_inv": "[[  9.02557269  -4.31733157  -5.92175598  -3.28218159   5.10302074\n   -8.20119178]\n [ -4.31733157   6.94286909   6.89241248   2.31348759  -7.77166398\n    9.95665565]\n [ -5.92175598   6.89241248  10.06405661   1.8970525  -10.34844218\n   12.78283158]\n [ -3.28218159   2.31348759   1.8970525    3.72084067  -2.59671134\n    4.38743135]\n [  5.10302074  -7.77166398 -10.34844218  -2.59671134  13.25359596\n  -14.77869011]\n [ -8.20119178   9.95665565  12.78283158   4.38743135 -14.77869011\n   20.66851779]]", "nfev": "558", "njev": "78", "status": "2", "success": "False", "message": "Desired error not necessarily achieved due to precision loss.", "x": "[ 3.56983333  7.32874337  5.79559495  5.65091328  2.69875165 -0.08796034]", "nit": "23"}, "15": {"maxiter": 500, "gtol": 1e-10, "xrtol": 1e-10, "eps": 1e-10, "duration": 0.001332998275756836, "fun": "0.9599767327308655", "jac": "[0. 0. 0. 0. 0. 0.]", "hess_inv": "[[1 0 0 0 0 0]\n [0 1 0 0 0 0]\n [0 0 1 0 0 0]\n [0 0 0 1 0 0]\n [0 0 0 0 1 0]\n [0 0 0 0 0 1]]", "nfev": "7", "njev": "1", "status": "0", "success": "True", "message": "Optimization terminated successfully.", "x": "[1.86672306 5.97832507 5.1564969  5.70731066 4.76484865 0.15861106]", "nit": "0"}, "16": {"maxiter": 1000, "gtol": 1e-05, "xrtol": 1e-05, "eps": 1e-05, "duration": 0.10260415077209473, "fun": "0.0007519161445088685", "jac": "[ 5.82076609e-06  1.16415322e-05 -5.82076609e-06  0.00000000e+00\n  0.00000000e+00  5.82076609e-06]", "hess_inv": "[[  9.02557269  -4.31733157  -5.92175598  -3.28218159   5.10302074\n   -8.20119178]\n [ -4.31733157   6.94286909   6.89241248   2.31348759  -7.77166398\n    9.95665565]\n [ -5.92175598   6.89241248  10.06405661   1.8970525  -10.34844218\n   12.78283158]\n [ -3.28218159   2.31348759   1.8970525    3.72084067  -2.59671134\n    4.38743135]\n [  5.10302074  -7.77166398 -10.34844218  -2.59671134  13.25359596\n  -14.77869011]\n [ -8.20119178   9.95665565  12.78283158   4.38743135 -14.77869011\n   20.66851779]]", "nfev": "558", "njev": "78", "status": "2", "success": "False", "message": "Desired error not necessarily achieved due to precision loss.", "x": "[ 3.56983333  7.32874337  5.79559495  5.65091328  2.69875165 -0.08796034]", "nit": "23"}, "17": {"maxiter": 1000, "gtol": 1e-05, "xrtol": 1e-05, "eps": 1e-10, "duration": 0.001331329345703125, "fun": "0.9599767327308655", "jac": "[0. 0. 0. 0. 0. 0.]", "hess_inv": "[[1 0 0 0 0 0]\n [0 1 0 0 0 0]\n [0 0 1 0 0 0]\n [0 0 0 1 0 0]\n [0 0 0 0 1 0]\n [0 0 0 0 0 1]]", "nfev": "7", "njev": "1", "status": "0", "success": "True", "message": "Optimization terminated successfully.", "x": "[1.86672306 5.97832507 5.1564969  5.70731066 4.76484865 0.15861106]", "nit": "0"}, "18": {"maxiter": 1000, "gtol": 1e-05, "xrtol": 1e-10, "eps": 1e-05, "duration": 0.10241270065307617, "fun": "0.0007519161445088685", "jac": "[ 5.82076609e-06  1.16415322e-05 -5.82076609e-06  0.00000000e+00\n  0.00000000e+00  5.82076609e-06]", "hess_inv": "[[  9.02557269  -4.31733157  -5.92175598  -3.28218159   5.10302074\n   -8.20119178]\n [ -4.31733157   6.94286909   6.89241248   2.31348759  -7.77166398\n    9.95665565]\n [ -5.92175598   6.89241248  10.06405661   1.8970525  -10.34844218\n   12.78283158]\n [ -3.28218159   2.31348759   1.8970525    3.72084067  -2.59671134\n    4.38743135]\n [  5.10302074  -7.77166398 -10.34844218  -2.59671134  13.25359596\n  -14.77869011]\n [ -8.20119178   9.95665565  12.78283158   4.38743135 -14.77869011\n   20.66851779]]", "nfev": "558", "njev": "78", "status": "2", "success": "False", "message": "Desired error not necessarily achieved due to precision loss.", "x": "[ 3.56983333  7.32874337  5.79559495  5.65091328  2.69875165 -0.08796034]", "nit": "23"}, "19": {"maxiter": 1000, "gtol": 1e-05, "xrtol": 1e-10, "eps": 1e-10, "duration": 0.0013277530670166016, "fun": "0.9599767327308655", "jac": "[0. 0. 0. 0. 0. 0.]", "hess_inv": "[[1 0 0 0 0 0]\n [0 1 0 0 0 0]\n [0 0 1 0 0 0]\n [0 0 0 1 0 0]\n [0 0 0 0 1 0]\n [0 0 0 0 0 1]]", "nfev": "7", "njev": "1", "status": "0", "success": "True", "message": "Optimization terminated successfully.", "x": "[1.86672306 5.97832507 5.1564969  5.70731066 4.76484865 0.15861106]", "nit": "0"}, "20": {"maxiter": 1000, "gtol": 1e-10, "xrtol": 1e-05, "eps": 1e-05, "duration": 0.10189390182495117, "fun": "0.0007519161445088685", "jac": "[ 5.82076609e-06  1.16415322e-05 -5.82076609e-06  0.00000000e+00\n  0.00000000e+00  5.82076609e-06]", "hess_inv": "[[  9.02557269  -4.31733157  -5.92175598  -3.28218159   5.10302074\n   -8.20119178]\n [ -4.31733157   6.94286909   6.89241248   2.31348759  -7.77166398\n    9.95665565]\n [ -5.92175598   6.89241248  10.06405661   1.8970525  -10.34844218\n   12.78283158]\n [ -3.28218159   2.31348759   1.8970525    3.72084067  -2.59671134\n    4.38743135]\n [  5.10302074  -7.77166398 -10.34844218  -2.59671134  13.25359596\n  -14.77869011]\n [ -8.20119178   9.95665565  12.78283158   4.38743135 -14.77869011\n   20.66851779]]", "nfev": "558", "njev": "78", "status": "2", "success": "False", "message": "Desired error not necessarily achieved due to precision loss.", "x": "[ 3.56983333  7.32874337  5.79559495  5.65091328  2.69875165 -0.08796034]", "nit": "23"}, "21": {"maxiter": 1000, "gtol": 1e-10, "xrtol": 1e-05, "eps": 1e-10, "duration": 0.0013070106506347656, "fun": "0.9599767327308655", "jac": "[0. 0. 0. 0. 0. 0.]", "hess_inv": "[[1 0 0 0 0 0]\n [0 1 0 0 0 0]\n [0 0 1 0 0 0]\n [0 0 0 1 0 0]\n [0 0 0 0 1 0]\n [0 0 0 0 0 1]]", "nfev": "7", "njev": "1", "status": "0", "success": "True", "message": "Optimization terminated successfully.", "x": "[1.86672306 5.97832507 5.1564969  5.70731066 4.76484865 0.15861106]", "nit": "0"}, "22": {"maxiter": 1000, "gtol": 1e-10, "xrtol": 1e-10, "eps": 1e-05, "duration": 0.10165929794311523, "fun": "0.0007519161445088685", "jac": "[ 5.82076609e-06  1.16415322e-05 -5.82076609e-06  0.00000000e+00\n  0.00000000e+00  5.82076609e-06]", "hess_inv": "[[  9.02557269  -4.31733157  -5.92175598  -3.28218159   5.10302074\n   -8.20119178]\n [ -4.31733157   6.94286909   6.89241248   2.31348759  -7.77166398\n    9.95665565]\n [ -5.92175598   6.89241248  10.06405661   1.8970525  -10.34844218\n   12.78283158]\n [ -3.28218159   2.31348759   1.8970525    3.72084067  -2.59671134\n    4.38743135]\n [  5.10302074  -7.77166398 -10.34844218  -2.59671134  13.25359596\n  -14.77869011]\n [ -8.20119178   9.95665565  12.78283158   4.38743135 -14.77869011\n   20.66851779]]", "nfev": "558", "njev": "78", "status": "2", "success": "False", "message": "Desired error not necessarily achieved due to precision loss.", "x": "[ 3.56983333  7.32874337  5.79559495  5.65091328  2.69875165 -0.08796034]", "nit": "23"}, "23": {"maxiter": 1000, "gtol": 1e-10, "xrtol": 1e-10, "eps": 1e-10, "duration": 0.0012981891632080078, "fun": "0.9599767327308655", "jac": "[0. 0. 0. 0. 0. 0.]", "hess_inv": "[[1 0 0 0 0 0]\n [0 1 0 0 0 0]\n [0 0 1 0 0 0]\n [0 0 0 1 0 0]\n [0 0 0 0 1 0]\n [0 0 0 0 0 1]]", "nfev": "7", "njev": "1", "status": "0", "success": "True", "message": "Optimization terminated successfully.", "x": "[1.86672306 5.97832507 5.1564969  5.70731066 4.76484865 0.15861106]", "nit": "0"}}, "cobyla": {"0": {"maxiter": 100, "tol": 1e-05, "catol": 1e-05, "duration": 0.017586231231689453, "x": "[ 2.9115478   7.17832701  5.83503168  6.99027717  5.08070917 -2.03707525]", "status": "2", "success": "False", "message": "Maximum number of function evaluations has been exceeded.", "nfev": "100", "fun": "0.005686113610863686", "maxcv": "0.0"}, "1": {"maxiter": 100, "tol": 1e-05, "catol": 1e-10, "duration": 0.017535924911499023, "x": "[ 2.9115478   7.17832701  5.83503168  6.99027717  5.08070917 -2.03707525]", "status": "2", "success": "False", "message": "Maximum number of function evaluations has been exceeded.", "nfev": "100", "fun": "0.005686113610863686", "maxcv": "0.0"}, "2": {"maxiter": 100, "tol": 1e-10, "catol": 1e-05, "duration": 0.01756596565246582, "x": "[ 2.9115478   7.17832701  5.83503168  6.99027717  5.08070917 -2.03707525]", "status": "2", "success": "False", "message": "Maximum number of function evaluations has been exceeded.", "nfev": "100", "fun": "0.005686113610863686", "maxcv": "0.0"}, "3": {"maxiter": 100, "tol": 1e-10, "catol": 1e-10, "duration": 0.01750802993774414, "x": "[ 2.9115478   7.17832701  5.83503168  6.99027717  5.08070917 -2.03707525]", "status": "2", "success": "False", "message": "Maximum number of function evaluations has been exceeded.", "nfev": "100", "fun": "0.005686113610863686", "maxcv": "0.0"}, "4": {"maxiter": 500, "tol": 1e-05, "catol": 1e-05, "duration": 0.08785104751586914, "x": "[ 2.79848026  7.71686336  6.37841331  6.9984352   5.21478823 -2.06498762]", "status": "2", "success": "False", "message": "Maximum number of function evaluations has been exceeded.", "nfev": "500", "fun": "0.0007527705165557563", "maxcv": "0.0"}, "5": {"maxiter": 500, "tol": 1e-05, "catol": 1e-10, "duration": 0.0875859260559082, "x": "[ 2.79848026  7.71686336  6.37841331  6.9984352   5.21478823 -2.06498762]", "status": "2", "success": "False", "message": "Maximum number of function evaluations has been exceeded.", "nfev": "500", "fun": "0.0007527705165557563", "maxcv": "0.0"}, "6": {"maxiter": 500, "tol": 1e-10, "catol": 1e-05, "duration": 0.08807802200317383, "x": "[ 2.79848026  7.71686336  6.37841331  6.9984352   5.21478823 -2.06498762]", "status": "2", "success": "False", "message": "Maximum number of function evaluations has been exceeded.", "nfev": "500", "fun": "0.0007527705165557563", "maxcv": "0.0"}, "7": {"maxiter": 500, "tol": 1e-10, "catol": 1e-10, "duration": 0.08754587173461914, "x": "[ 2.79848026  7.71686336  6.37841331  6.9984352   5.21478823 -2.06498762]", "status": "2", "success": "False", "message": "Maximum number of function evaluations has been exceeded.", "nfev": "500", "fun": "0.0007527705165557563", "maxcv": "0.0"}, "8": {"maxiter": 1000, "tol": 1e-05, "catol": 1e-05, "duration": 0.11864018440246582, "x": "[ 2.79628174  7.72066753  6.38270169  6.99917279  5.2142113  -2.06260943]", "status": "1", "success": "True", "message": "Optimization terminated successfully.", "nfev": "677", "fun": "0.0007519189384765923", "maxcv": "0.0"}, "9": {"maxiter": 1000, "tol": 1e-05, "catol": 1e-10, "duration": 0.11907196044921875, "x": "[ 2.79628174  7.72066753  6.38270169  6.99917279  5.2142113  -2.06260943]", "status": "1", "success": "True", "message": "Optimization terminated successfully.", "nfev": "677", "fun": "0.0007519189384765923", "maxcv": "0.0"}, "10": {"maxiter": 1000, "tol": 1e-10, "catol": 1e-05, "duration": 0.12528204917907715, "x": "[ 2.79628122  7.72066846  6.38269889  6.99917371  5.21421961 -2.06261401]", "status": "1", "success": "True", "message": "Optimization terminated successfully.", "nfev": "713", "fun": "0.0007519189384765923", "maxcv": "0.0"}, "11": {"maxiter": 1000, "tol": 1e-10, "catol": 1e-10, "duration": 0.12487006187438965, "x": "[ 2.79628122  7.72066846  6.38269889  6.99917371  5.21421961 -2.06261401]", "status": "1", "success": "True", "message": "Optimization terminated successfully.", "nfev": "713", "fun": "0.0007519189384765923", "maxcv": "0.0"}}, "powell": {"0": {"maxiter": 100, "ftol": 1e-05, "xtol": 1e-05, "duration": 0.1621708869934082, "fun": "0.000751915795262903", "direc": "[[ 1.22199900e-02 -8.11532336e-03 -7.85499642e-03 -3.26154668e-03\n  -1.45165618e-02  2.87551566e-02]\n [ 0.00000000e+00  0.00000000e+00  0.00000000e+00  0.00000000e+00\n   0.00000000e+00  1.00000000e+00]\n [ 0.00000000e+00  0.00000000e+00  1.00000000e+00  0.00000000e+00\n   0.00000000e+00  0.00000000e+00]\n [ 0.00000000e+00  0.00000000e+00  0.00000000e+00  1.00000000e+00\n   0.00000000e+00  0.00000000e+00]\n [ 1.07598360e-02 -9.30976728e-02  4.33398753e-03 -5.34899576e-02\n  -4.30447129e-02  5.19726815e-02]\n [-1.59309329e-04 -1.06360427e-04 -1.26473392e-04  6.42255890e-06\n  -3.43875940e-04  2.91418242e-04]]", "nit": "11", "nfev": "913", "status": "0", "success": "True", "message": "Optimization terminated successfully.", "x": "[3.24607376 5.45994503 4.04757011 5.65166724 2.27830723 0.66455828]"}, "1": {"maxiter": 100, "ftol": 1e-05, "xtol": 1e-10, "duration": 0.3604118824005127, "fun": "0.000751915795262903", "direc": "[[ 1.22206945e-02 -8.11750900e-03 -7.79553351e-03 -3.29435589e-03\n  -1.44895295e-02  2.87452988e-02]\n [ 0.00000000e+00  0.00000000e+00  0.00000000e+00  0.00000000e+00\n   0.00000000e+00  1.00000000e+00]\n [ 0.00000000e+00  0.00000000e+00  1.00000000e+00  0.00000000e+00\n   0.00000000e+00  0.00000000e+00]\n [ 0.00000000e+00  0.00000000e+00  0.00000000e+00  1.00000000e+00\n   0.00000000e+00  0.00000000e+00]\n [ 1.02803226e-02 -9.31027387e-02  4.33343672e-03 -5.34714703e-02\n  -4.33329863e-02  5.20585219e-02]\n [-1.64890253e-04 -1.10884675e-04 -1.32089278e-04  6.65147689e-06\n  -3.57175154e-04  3.03971503e-04]]", "nit": "11", "nfev": "2040", "status": "0", "success": "True", "message": "Optimization terminated successfully.", "x": "[3.24615415 5.45829233 4.04596759 5.65163012 2.27814965 0.66484792]"}, "2": {"maxiter": 100, "ftol": 1e-10, "xtol": 1e-05, "duration": 0.16116976737976074, "fun": "0.000751915795262903", "direc": "[[ 1.22199900e-02 -8.11532336e-03 -7.85499642e-03 -3.26154668e-03\n  -1.45165618e-02  2.87551566e-02]\n [ 0.00000000e+00  0.00000000e+00  0.00000000e+00  0.00000000e+00\n   0.00000000e+00  1.00000000e+00]\n [ 0.00000000e+00  0.00000000e+00  1.00000000e+00  0.00000000e+00\n   0.00000000e+00  0.00000000e+00]\n [ 0.00000000e+00  0.00000000e+00  0.00000000e+00  1.00000000e+00\n   0.00000000e+00  0.00000000e+00]\n [ 1.07598360e-02 -9.30976728e-02  4.33398753e-03 -5.34899576e-02\n  -4.30447129e-02  5.19726815e-02]\n [-1.59309329e-04 -1.06360427e-04 -1.26473392e-04  6.42255890e-06\n  -3.43875940e-04  2.91418242e-04]]", "nit": "11", "nfev": "913", "status": "0", "success": "True", "message": "Optimization terminated successfully.", "x": "[3.24607376 5.45994503 4.04757011 5.65166724 2.27830723 0.66455828]"}, "3": {"maxiter": 100, "ftol": 1e-10, "xtol": 1e-10, "duration": 0.35445308685302734, "fun": "0.000751915795262903", "direc": "[[ 1.22206945e-02 -8.11750900e-03 -7.79553351e-03 -3.29435589e-03\n  -1.44895295e-02  2.87452988e-02]\n [ 0.00000000e+00  0.00000000e+00  0.00000000e+00  0.00000000e+00\n   0.00000000e+00  1.00000000e+00]\n [ 0.00000000e+00  0.00000000e+00  1.00000000e+00  0.00000000e+00\n   0.00000000e+00  0.00000000e+00]\n [ 0.00000000e+00  0.00000000e+00  0.00000000e+00  1.00000000e+00\n   0.00000000e+00  0.00000000e+00]\n [ 1.02803226e-02 -9.31027387e-02  4.33343672e-03 -5.34714703e-02\n  -4.33329863e-02  5.20585219e-02]\n [-1.64890253e-04 -1.10884675e-04 -1.32089278e-04  6.65147689e-06\n  -3.57175154e-04  3.03971503e-04]]", "nit": "11", "nfev": "2040", "status": "0", "success": "True", "message": "Optimization terminated successfully.", "x": "[3.24615415 5.45829233 4.04596759 5.65163012 2.27814965 0.66484792]"}, "4": {"maxiter": 500, "ftol": 1e-05, "xtol": 1e-05, "duration": 0.16157007217407227, "fun": "0.000751915795262903", "direc": "[[ 1.22199900e-02 -8.11532336e-03 -7.85499642e-03 -3.26154668e-03\n  -1.45165618e-02  2.87551566e-02]\n [ 0.00000000e+00  0.00000000e+00  0.00000000e+00  0.00000000e+00\n   0.00000000e+00  1.00000000e+00]\n [ 0.00000000e+00  0.00000000e+00  1.00000000e+00  0.00000000e+00\n   0.00000000e+00  0.00000000e+00]\n [ 0.00000000e+00  0.00000000e+00  0.00000000e+00  1.00000000e+00\n   0.00000000e+00  0.00000000e+00]\n [ 1.07598360e-02 -9.30976728e-02  4.33398753e-03 -5.34899576e-02\n  -4.30447129e-02  5.19726815e-02]\n [-1