{"conf_id": 2, "data_type": "random\n", "num_data_points": 1, "s_rank": 0, "unitary": "[[0.18663085-0.53122324j,-0.11886349-0.70040876j,0.28555095-0.02789305j,-0.12262021-0.2844587j],[-0.16702216+0.27758472j,0.27526351-0.29738586j,-0.01109314+0.22495461j,-0.77239203+0.28900673j],[0.61935415+0.12301792j,-0.31269928-0.03315917j,-0.61902762-0.19039079j,-0.27120731-0.0968989j],[0.42341754+0.0023929j,-0.05847358+0.47832119j,0.64900495-0.16218422j,-0.37182676-0.05229966j]]", "databatch_0": {"databatch": "[[[0.03295737+0.04137968j,0.01552371-0.01069846j,0.10604814-0.00721455j,-0.08606907-0.08819267j],[-0.00582368-0.16755208j,-0.05971444-0.002056j,-0.28362439-0.18175859j,0.05270892+0.38697193j],[-0.02675402-0.04052926j,-0.01506857+0.00851388j,-0.09755661-0.00206852j,0.07149257+0.08767339j],[-0.24612452-0.0240792j,-0.0146227+0.08691341j,-0.32093855+0.37935233j,0.57607701-0.00179106j]]]", "nelder_mead": {"0": {"maxiter": 100, "fatol": 1e-05, "xatol": 1e-05, "duration": 0.02977895736694336, "fun": "0.15660052001476288", "nit": "100", "nfev": "162", "status": "2", "success": "False", "message": "Maximum number of iterations has been exceeded.", "x": "[ 2.36274671  5.0193613   1.88550527  0.72929728 -0.62826416  4.5046597 ]", "final_simplex": "(array([[ 2.36274671,  5.0193613 ,  1.88550527,  0.72929728, -0.62826416,\n         4.5046597 ],\n       [ 2.35926545,  4.98852395,  1.91486311,  0.71187079, -0.64749659,\n         4.60595048],\n       [ 2.41756618,  5.03209089,  1.89042542,  0.70199881, -0.62440616,\n         4.54873963],\n       [ 2.3840331 ,  4.99639636,  1.89106506,  0.71560133, -0.609843  ,\n         4.58517238],\n       [ 2.43117968,  5.01366442,  1.8601782 ,  0.75073206, -0.56910273,\n         4.5620065 ],\n       [ 2.37810941,  5.00289834,  1.88589463,  0.74930844, -0.61433013,\n         4.49685342],\n       [ 2.36617561,  5.03211129,  1.86891502,  0.73987156, -0.5803172 ,\n         4.46551632]]), array([0.15660052, 0.15676939, 0.15699498, 0.15711553, 0.15740782,\n       0.15743858, 0.15775713]))"}, "1": {"maxiter": 100, "fatol": 1e-05, "xatol": 1e-10, "duration": 0.02971792221069336, "fun": "0.15660052001476288", "nit": "100", "nfev": "162", "status": "2", "success": "False", "message": "Maximum number of iterations has been exceeded.", "x": "[ 2.36274671  5.0193613   1.88550527  0.72929728 -0.62826416  4.5046597 ]", "final_simplex": "(array([[ 2.36274671,  5.0193613 ,  1.88550527,  0.72929728, -0.62826416,\n         4.5046597 ],\n       [ 2.35926545,  4.98852395,  1.91486311,  0.71187079, -0.64749659,\n         4.60595048],\n       [ 2.41756618,  5.03209089,  1.89042542,  0.70199881, -0.62440616,\n         4.54873963],\n       [ 2.3840331 ,  4.99639636,  1.89106506,  0.71560133, -0.609843  ,\n         4.58517238],\n       [ 2.43117968,  5.01366442,  1.8601782 ,  0.75073206, -0.56910273,\n         4.5620065 ],\n       [ 2.37810941,  5.00289834,  1.88589463,  0.74930844, -0.61433013,\n         4.49685342],\n       [ 2.36617561,  5.03211129,  1.86891502,  0.73987156, -0.5803172 ,\n         4.46551632]]), array([0.15660052, 0.15676939, 0.15699498, 0.15711553, 0.15740782,\n       0.15743858, 0.15775713]))"}, "2": {"maxiter": 100, "fatol": 1e-10, "xatol": 1e-05, "duration": 0.029675960540771484, "fun": "0.15660052001476288", "nit": "100", "nfev": "162", "status": "2", "success": "False", "message": "Maximum number of iterations has been exceeded.", "x": "[ 2.36274671  5.0193613   1.88550527  0.72929728 -0.62826416  4.5046597 ]", "final_simplex": "(array([[ 2.36274671,  5.0193613 ,  1.88550527,  0.72929728, -0.62826416,\n         4.5046597 ],\n       [ 2.35926545,  4.98852395,  1.91486311,  0.71187079, -0.64749659,\n         4.60595048],\n       [ 2.41756618,  5.03209089,  1.89042542,  0.70199881, -0.62440616,\n         4.54873963],\n       [ 2.3840331 ,  4.99639636,  1.89106506,  0.71560133, -0.609843  ,\n         4.58517238],\n       [ 2.43117968,  5.01366442,  1.8601782 ,  0.75073206, -0.56910273,\n         4.5620065 ],\n       [ 2.37810941,  5.00289834,  1.88589463,  0.74930844, -0.61433013,\n         4.49685342],\n       [ 2.36617561,  5.03211129,  1.86891502,  0.73987156, -0.5803172 ,\n         4.46551632]]), array([0.15660052, 0.15676939, 0.15699498, 0.15711553, 0.15740782,\n       0.15743858, 0.15775713]))"}, "3": {"maxiter": 100, "fatol": 1e-10, "xatol": 1e-10, "duration": 0.02963995933532715, "fun": "0.15660052001476288", "nit": "100", "nfev": "162", "status": "2", "success": "False", "message": "Maximum number of iterations has been exceeded.", "x": "[ 2.36274671  5.0193613   1.88550527  0.72929728 -0.62826416  4.5046597 ]", "final_simplex": "(array([[ 2.36274671,  5.0193613 ,  1.88550527,  0.72929728, -0.62826416,\n         4.5046597 ],\n       [ 2.35926545,  4.98852395,  1.91486311,  0.71187079, -0.64749659,\n         4.60595048],\n       [ 2.41756618,  5.03209089,  1.89042542,  0.70199881, -0.62440616,\n         4.54873963],\n       [ 2.3840331 ,  4.99639636,  1.89106506,  0.71560133, -0.609843  ,\n         4.58517238],\n       [ 2.43117968,  5.01366442,  1.8601782 ,  0.75073206, -0.56910273,\n         4.5620065 ],\n       [ 2.37810941,  5.00289834,  1.88589463,  0.74930844, -0.61433013,\n         4.49685342],\n       [ 2.36617561,  5.03211129,  1.86891502,  0.73987156, -0.5803172 ,\n         4.46551632]]), array([0.15660052, 0.15676939, 0.15699498, 0.15711553, 0.15740782,\n       0.15743858, 0.15775713]))"}, "4": {"maxiter": 500, "fatol": 1e-05, "xatol": 1e-05, "duration": 0.07468008995056152, "fun": "0.14839938282966614", "nit": "224", "nfev": "410", "status": "0", "success": "True", "message": "Optimization terminated successfully.", "x": "[ 2.21214831  5.16352442  1.88740412  0.89197242 -0.8533183   4.71460632]", "final_simplex": "(array([[ 2.21214831,  5.16352442,  1.88740412,  0.89197242, -0.8533183 ,\n         4.71460632],\n       [ 2.2121407 ,  5.16352477,  1.8874061 ,  0.8919718 , -0.85332155,\n         4.71460346],\n       [ 2.21214359,  5.1635236 ,  1.88740587,  0.89197377, -0.85332157,\n         4.71460733],\n       [ 2.21214286,  5.16352366,  1.88740592,  0.89197189, -0.85332026,\n         4.71460473],\n       [ 2.21214006,  5.16352431,  1.88740634,  0.89197296, -0.85332339,\n         4.7146052 ],\n       [ 2.21214094,  5.16352584,  1.88740449,  0.89197608, -0.853322  ,\n         4.71460477],\n       [ 2.21214327,  5.16352535,  1.88740466,  0.89197381, -0.8533203 ,\n         4.71460802]]), array([0.14839938, 0.14839938, 0.14839938, 0.14839938, 0.14839938,\n       0.14839938, 0.14839938]))"}, "5": {"maxiter": 500, "fatol": 1e-05, "xatol": 1e-10, "duration": 0.09882807731628418, "fun": "0.14839938282966614", "nit": "241", "nfev": "546", "status": "0", "success": "True", "message": "Optimization terminated successfully.", "x": "[ 2.21214831  5.16352442  1.88740412  0.89197242 -0.8533183   4.71460632]", "final_simplex": "(array([[ 2.21214831,  5.16352442,  1.88740412,  0.89197242, -0.8533183 ,\n         4.71460632],\n       [ 2.21214831,  5.16352442,  1.88740412,  0.89197242, -0.8533183 ,\n         4.71460632],\n       [ 2.21214831,  5.16352442,  1.88740412,  0.89197242, -0.8533183 ,\n         4.71460632],\n       [ 2.21214831,  5.16352442,  1.88740412,  0.89197242, -0.8533183 ,\n         4.71460632],\n       [ 2.21214831,  5.16352442,  1.88740412,  0.89197242, -0.8533183 ,\n         4.71460632],\n       [ 2.21214831,  5.16352442,  1.88740412,  0.89197242, -0.8533183 ,\n         4.71460632],\n       [ 2.21214831,  5.16352442,  1.88740412,  0.89197242, -0.8533183 ,\n         4.71460632]]), array([0.14839938, 0.14839938, 0.14839938, 0.14839938, 0.14839938,\n       0.14839938, 0.14839938]))"}, "6": {"maxiter": 500, "fatol": 1e-10, "xatol": 1e-05, "duration": 0.07486104965209961, "fun": "0.14839938282966614", "nit": "224", "nfev": "410", "status": "0", "success": "True", "message": "Optimization terminated successfully.", "x": "[ 2.21214831  5.16352442  1.88740412  0.89197242 -0.8533183   4.71460632]", "final_simplex": "(array([[ 2.21214831,  5.16352442,  1.88740412,  0.89197242, -0.8533183 ,\n         4.71460632],\n       [ 2.2121407 ,  5.16352477,  1.8874061 ,  0.8919718 , -0.85332155,\n         4.71460346],\n       [ 2.21214359,  5.1635236 ,  1.88740587,  0.89197377, -0.85332157,\n         4.71460733],\n       [ 2.21214286,  5.16352366,  1.88740592,  0.89197189, -0.85332026,\n         4.71460473],\n       [ 2.21214006,  5.16352431,  1.88740634,  0.89197296, -0.85332339,\n         4.7146052 ],\n       [ 2.21214094,  5.16352584,  1.88740449,  0.89197608, -0.853322  ,\n         4.71460477],\n       [ 2.21214327,  5.16352535,  1.88740466,  0.89197381, -0.8533203 ,\n         4.71460802]]), array([0.14839938, 0.14839938, 0.14839938, 0.14839938, 0.14839938,\n       0.14839938, 0.14839938]))"}, "7": {"maxiter": 500, "fatol": 1e-10, "xatol": 1e-10, "duration": 0.09987187385559082, "fun": "0.14839938282966614", "nit": "241", "nfev": "546", "status": "0", "success": "True", "message": "Optimization terminated successfully.", "x": "[ 2.21214831  5.16352442  1.88740412  0.89197242 -0.8533183   4.71460632]", "final_simplex": "(array([[ 2.21214831,  5.16352442,  1.88740412,  0.89197242, -0.8533183 ,\n         4.71460632],\n       [ 2.21214831,  5.16352442,  1.88740412,  0.89197242, -0.8533183 ,\n         4.71460632],\n       [ 2.21214831,  5.16352442,  1.88740412,  0.89197242, -0.8533183 ,\n         4.71460632],\n       [ 2.21214831,  5.16352442,  1.88740412,  0.89197242, -0.8533183 ,\n         4.71460632],\n       [ 2.21214831,  5.16352442,  1.88740412,  0.89197242, -0.8533183 ,\n         4.71460632],\n       [ 2.21214831,  5.16352442,  1.88740412,  0.89197242, -0.8533183 ,\n         4.71460632],\n       [ 2.21214831,  5.16352442,  1.88740412,  0.89197242, -0.8533183 ,\n         4.71460632]]), array([0.14839938, 0.14839938, 0.14839938, 0.14839938, 0.14839938,\n       0.14839938, 0.14839938]))"}, "8": {"maxiter": 1000, "fatol": 1e-05, "xatol": 1e-05, "duration": 0.07520723342895508, "fun": "0.14839938282966614", "nit": "224", "nfev": "410", "status": "0", "success": "True", "message": "Optimization terminated successfully.", "x": "[ 2.21214831  5.16352442  1.88740412  0.89197242 -0.8533183   4.71460632]", "final_simplex": "(array([[ 2.21214831,  5.16352442,  1.88740412,  0.89197242, -0.8533183 ,\n         4.71460632],\n       [ 2.2121407 ,  5.16352477,  1.8874061 ,  0.8919718 , -0.85332155,\n         4.71460346],\n       [ 2.21214359,  5.1635236 ,  1.88740587,  0.89197377, -0.85332157,\n         4.71460733],\n       [ 2.21214286,  5.16352366,  1.88740592,  0.89197189, -0.85332026,\n         4.71460473],\n       [ 2.21214006,  5.16352431,  1.88740634,  0.89197296, -0.85332339,\n         4.7146052 ],\n       [ 2.21214094,  5.16352584,  1.88740449,  0.89197608, -0.853322  ,\n         4.71460477],\n       [ 2.21214327,  5.16352535,  1.88740466,  0.89197381, -0.8533203 ,\n         4.71460802]]), array([0.14839938, 0.14839938, 0.14839938, 0.14839938, 0.14839938,\n       0.14839938, 0.14839938]))"}, "9": {"maxiter": 1000, "fatol": 1e-05, "xatol": 1e-10, "duration": 0.09977984428405762, "fun": "0.14839938282966614", "nit": "241", "nfev": "546", "status": "0", "success": "True", "message": "Optimization terminated successfully.", "x": "[ 2.21214831  5.16352442  1.88740412  0.89197242 -0.8533183   4.71460632]", "final_simplex": "(array([[ 2.21214831,  5.16352442,  1.88740412,  0.89197242, -0.8533183 ,\n         4.71460632],\n       [ 2.21214831,  5.16352442,  1.88740412,  0.89197242, -0.8533183 ,\n         4.71460632],\n       [ 2.21214831,  5.16352442,  1.88740412,  0.89197242, -0.8533183 ,\n         4.71460632],\n       [ 2.21214831,  5.16352442,  1.88740412,  0.89197242, -0.8533183 ,\n         4.71460632],\n       [ 2.21214831,  5.16352442,  1.88740412,  0.89197242, -0.8533183 ,\n         4.71460632],\n       [ 2.21214831,  5.16352442,  1.88740412,  0.89197242, -0.8533183 ,\n         4.71460632],\n       [ 2.21214831,  5.16352442,  1.88740412,  0.89197242, -0.8533183 ,\n         4.71460632]]), array([0.14839938, 0.14839938, 0.14839938, 0.14839938, 0.14839938,\n       0.14839938, 0.14839938]))"}, "10": {"maxiter": 1000, "fatol": 1e-10, "xatol": 1e-05, "duration": 0.07562494277954102, "fun": "0.14839938282966614", "nit": "224", "nfev": "410", "status": "0", "success": "True", "message": "Optimization terminated successfully.", "x": "[ 2.21214831  5.16352442  1.88740412  0.89197242 -0.8533183   4.71460632]", "final_simplex": "(array([[ 2.21214831,  5.16352442,  1.88740412,  0.89197242, -0.8533183 ,\n         4.71460632],\n       [ 2.2121407 ,  5.16352477,  1.8874061 ,  0.8919718 , -0.85332155,\n         4.71460346],\n       [ 2.21214359,  5.1635236 ,  1.88740587,  0.89197377, -0.85332157,\n         4.71460733],\n       [ 2.21214286,  5.16352366,  1.88740592,  0.89197189, -0.85332026,\n         4.71460473],\n       [ 2.21214006,  5.16352431,  1.88740634,  0.89197296, -0.85332339,\n         4.7146052 ],\n       [ 2.21214094,  5.16352584,  1.88740449,  0.89197608, -0.853322  ,\n         4.71460477],\n       [ 2.21214327,  5.16352535,  1.88740466,  0.89197381, -0.8533203 ,\n         4.71460802]]), array([0.14839938, 0.14839938, 0.14839938, 0.14839938, 0.14839938,\n       0.14839938, 0.14839938]))"}, "11": {"maxiter": 1000, "fatol": 1e-10, "xatol": 1e-10, "duration": 0.09949994087219238, "fun": "0.14839938282966614", "nit": "241", "nfev": "546", "status": "0", "success": "True", "message": "Optimization terminated successfully.", "x": "[ 2.21214831  5.16352442  1.88740412  0.89197242 -0.8533183   4.71460632]", "final_simplex": "(array([[ 2.21214831,  5.16352442,  1.88740412,  0.89197242, -0.8533183 ,\n         4.71460632],\n       [ 2.21214831,  5.16352442,  1.88740412,  0.89197242, -0.8533183 ,\n         4.71460632],\n       [ 2.21214831,  5.16352442,  1.88740412,  0.89197242, -0.8533183 ,\n         4.71460632],\n       [ 2.21214831,  5.16352442,  1.88740412,  0.89197242, -0.8533183 ,\n         4.71460632],\n       [ 2.21214831,  5.16352442,  1.88740412,  0.89197242, -0.8533183 ,\n         4.71460632],\n       [ 2.21214831,  5.16352442,  1.88740412,  0.89197242, -0.8533183 ,\n         4.71460632],\n       [ 2.21214831,  5.16352442,  1.88740412,  0.89197242, -0.8533183 ,\n         4.71460632]]), array([0.14839938, 0.14839938, 0.14839938, 0.14839938, 0.14839938,\n       0.14839938, 0.14839938]))"}}, "bfgs": {"0": {"maxiter": 100, "gtol": 1e-05, "xrtol": 1e-05, "eps": 1e-05, "duration": 0.036466121673583984, "fun": "0.14840099215507507", "jac": "[0. 0. 0. 0. 0. 0.]", "hess_inv": "[[ 1.83185057 -0.76680674 -0.23804257 -0.43752206  0.7541084  -0.34135719]\n [-0.76680674  2.63630412 -0.5362084   1.2356415   0.44453248  0.25263804]\n [-0.23804257 -0.5362084   0.93797697 -0.28776623 -0.55159637 -0.30417488]\n [-0.43752206  1.2356415  -0.28776623  1.32493679  0.35317918 -0.09239712]\n [ 0.7541084   0.44453248 -0.55159637  0.35317918  1.55127877 -0.53179688]\n [-0.34135719  0.25263804 -0.30417488 -0.09239712 -0.53179688  0.92288424]]", "nfev": "189", "njev": "27", "status": "0", "success": "True", "message": "Optimization terminated successfully.", "x": "[ 2.13069988  5.35050302  2.06288091  0.89437988 -0.77821702  4.49011496]", "nit": "20"}, "1": {"maxiter": 100, "gtol": 1e-05, "xrtol": 1e-05, "eps": 1e-10, "duration": 0.0013911724090576172, "fun": "0.5667596459388733", "jac": "[0. 0. 0. 0. 0. 0.]", "hess_inv": "[[1 0 0 0 0 0]\n [0 1 0 0 0 0]\n [0 0 1 0 0 0]\n [0 0 0 1 0 0]\n [0 0 0 0 1 0]\n [0 0 0 0 0 1]]", "nfev": "7", "njev": "1", "status": "0", "success": "True", "message": "Optimization terminated successfully.", "x": "[4.14997977 5.74683364 0.61818364 1.41526475 1.65675457 5.62894115]", "nit": "0"}, "2": {"maxiter": 100, "gtol": 1e-05, "xrtol": 1e-10, "eps": 1e-05, "duration": 0.035275936126708984, "fun": "0.14840099215507507", "jac": "[0. 0. 0. 0. 0. 0.]", "hess_inv": "[[ 1.83185057 -0.76680674 -0.23804257 -0.43752206  0.7541084  -0.34135719]\n [-0.76680674  2.63630412 -0.5362084   1.2356415   0.44453248  0.25263804]\n [-0.23804257 -0.5362084   0.93797697 -0.28776623 -0.55159637 -0.30417488]\n [-0.43752206  1.2356415  -0.28776623  1.32493679  0.35317918 -0.09239712]\n [ 0.7541084   0.44453248 -0.55159637  0.35317918  1.55127877 -0.53179688]\n [-0.34135719  0.25263804 -0.30417488 -0.09239712 -0.53179688  0.92288424]]", "nfev": "189", "njev": "27", "status": "0", "success": "True", "message": "Optimization terminated successfully.", "x": "[ 2.13069988  5.35050302  2.06288091  0.89437988 -0.77821702  4.49011496]", "nit": "20"}, "3": {"maxiter": 100, "gtol": 1e-05, "xrtol": 1e-10, "eps": 1e-10, "duration": 0.0013380050659179688, "fun": "0.5667596459388733", "jac": "[0. 0. 0. 0. 0. 0.]", "hess_inv": "[[1 0 0 0 0 0]\n [0 1 0 0 0 0]\n [0 0 1 0 0 0]\n [0 0 0 1 0 0]\n [0 0 0 0 1 0]\n [0 0 0 0 0 1]]", "nfev": "7", "njev": "1", "status": "0", "success": "True", "message": "Optimization terminated successfully.", "x": "[4.14997977 5.74683364 0.61818364 1.41526475 1.65675457 5.62894115]", "nit": "0"}, "4": {"maxiter": 100, "gtol": 1e-10, "xrtol": 1e-05, "eps": 1e-05, "duration": 0.03469991683959961, "fun": "0.14840099215507507", "jac": "[0. 0. 0. 0. 0. 0.]", "hess_inv": "[[ 1.83185057 -0.76680674 -0.23804257 -0.43752206  0.7541084  -0.34135719]\n [-0.76680674  2.63630412 -0.5362084   1.2356415   0.44453248  0.25263804]\n [-0.23804257 -0.5362084   0.93797697 -0.28776623 -0.55159637 -0.30417488]\n [-0.43752206  1.2356415  -0.28776623  1.32493679  0.35317918 -0.09239712]\n [ 0.7541084   0.44453248 -0.55159637  0.35317918  1.55127877 -0.53179688]\n [-0.34135719  0.25263804 -0.30417488 -0.09239712 -0.53179688  0.92288424]]", "nfev": "189", "njev": "27", "status": "0", "success": "True", "message": "Optimization terminated successfully.", "x": "[ 2.13069988  5.35050302  2.06288091  0.89437988 -0.77821702  4.49011496]", "nit": "20"}, "5": {"maxiter": 100, "gtol": 1e-10, "xrtol": 1e-05, "eps": 1e-10, "duration": 0.0013260841369628906, "fun": "0.5667596459388733", "jac": "[0. 0. 0. 0. 0. 0.]", "hess_inv": "[[1 0 0 0 0 0]\n [0 1 0 0 0 0]\n [0 0 1 0 0 0]\n [0 0 0 1 0 0]\n [0 0 0 0 1 0]\n [0 0 0 0 0 1]]", "nfev": "7", "njev": "1", "status": "0", "success": "True", "message": "Optimization terminated successfully.", "x": "[4.14997977 5.74683364 0.61818364 1.41526475 1.65675457 5.62894115]", "nit": "0"}, "6": {"maxiter": 100, "gtol": 1e-10, "xrtol": 1e-10, "eps": 1e-05, "duration": 0.03453803062438965, "fun": "0.14840099215507507", "jac": "[0. 0. 0. 0. 0. 0.]", "hess_inv": "[[ 1.83185057 -0.76680674 -0.23804257 -0.43752206  0.7541084  -0.34135719]\n [-0.76680674  2.63630412 -0.5362084   1.2356415   0.44453248  0.25263804]\n [-0.23804257 -0.5362084   0.93797697 -0.28776623 -0.55159637 -0.30417488]\n [-0.43752206  1.2356415  -0.28776623  1.32493679  0.35317918 -0.09239712]\n [ 0.7541084   0.44453248 -0.55159637  0.35317918  1.55127877 -0.53179688]\n [-0.34135719  0.25263804 -0.30417488 -0.09239712 -0.53179688  0.92288424]]", "nfev": "189", "njev": "27", "status": "0", "success": "True", "message": "Optimization terminated successfully.", "x": "[ 2.13069988  5.35050302  2.06288091  0.89437988 -0.77821702  4.49011496]", "nit": "20"}, "7": {"maxiter": 100, "gtol": 1e-10, "xrtol": 1e-10, "eps": 1e-10, "duration": 0.0013179779052734375, "fun": "0.5667596459388733", "jac": "[0. 0. 0. 0. 0. 0.]", "hess_inv": "[[1 0 0 0 0 0]\n [0 1 0 0 0 0]\n [0 0 1 0 0 0]\n [0 0 0 1 0 0]\n [0 0 0 0 1 0]\n [0 0 0 0 0 1]]", "nfev": "7", "njev": "1", "status": "0", "success": "True", "message": "Optimization terminated successfully.", "x": "[4.14997977 5.74683364 0.61818364 1.41526475 1.65675457 5.62894115]", "nit": "0"}, "8": {"maxiter": 500, "gtol": 1e-05, "xrtol": 1e-05, "eps": 1e-05, "duration": 0.03453707695007324, "fun": "0.14840099215507507", "jac": "[0. 0. 0. 0. 0. 0.]", "hess_inv": "[[ 1.83185057 -0.76680674 -0.23804257 -0.43752206  0.7541084  -0.34135719]\n [-0.76680674  2.63630412 -0.5362084   1.2356415   0.44453248  0.25263804]\n [-0.23804257 -0.5362084   0.93797697 -0.28776623 -0.55159637 -0.30417488]\n [-0.43752206  1.2356415  -0.28776623  1.32493679  0.35317918 -0.09239712]\n [ 0.7541084   0.44453248 -0.55159637  0.35317918  1.55127877 -0.53179688]\n [-0.34135719  0.25263804 -0.30417488 -0.09239712 -0.53179688  0.92288424]]", "nfev": "189", "njev": "27", "status": "0", "success": "True", "message": "Optimization terminated successfully.", "x": "[ 2.13069988  5.35050302  2.06288091  0.89437988 -0.77821702  4.49011496]", "nit": "20"}, "9": {"maxiter": 500, "gtol": 1e-05, "xrtol": 1e-05, "eps": 1e-10, "duration": 0.0013461112976074219, "fun": "0.5667596459388733", "jac": "[0. 0. 0. 0. 0. 0.]", "hess_inv": "[[1 0 0 0 0 0]\n [0 1 0 0 0 0]\n [0 0 1 0 0 0]\n [0 0 0 1 0 0]\n [0 0 0 0 1 0]\n [0 0 0 0 0 1]]", "nfev": "7", "njev": "1", "status": "0", "success": "True", "message": "Optimization terminated successfully.", "x": "[4.14997977 5.74683364 0.61818364 1.41526475 1.65675457 5.62894115]", "nit": "0"}, "10": {"maxiter": 500, "gtol": 1e-05, "xrtol": 1e-10, "eps": 1e-05, "duration": 0.03495287895202637, "fun": "0.14840099215507507", "jac": "[0. 0. 0. 0. 0. 0.]", "hess_inv": "[[ 1.83185057 -0.76680674 -0.23804257 -0.43752206  0.7541084  -0.34135719]\n [-0.76680674  2.63630412 -0.5362084   1.2356415   0.44453248  0.25263804]\n [-0.23804257 -0.5362084   0.93797697 -0.28776623 -0.55159637 -0.30417488]\n [-0.43752206  1.2356415  -0.28776623  1.32493679  0.35317918 -0.09239712]\n [ 0.7541084   0.44453248 -0.55159637  0.35317918  1.55127877 -0.53179688]\n [-0.34135719  0.25263804 -0.30417488 -0.09239712 -0.53179688  0.92288424]]", "nfev": "189", "njev": "27", "status": "0", "success": "True", "message": "Optimization terminated successfully.", "x": "[ 2.13069988  5.35050302  2.06288091  0.89437988 -0.77821702  4.49011496]", "nit": "20"}, "11": {"maxiter": 500, "gtol": 1e-05, "xrtol": 1e-10, "eps": 1e-10, "duration": 0.0013148784637451172, "fun": "0.5667596459388733", "jac": "[0. 0. 0. 0. 0. 0.]", "hess_inv": "[[1 0 0 0 0 0]\n [0 1 0 0 0 0]\n [0 0 1 0 0 0]\n [0 0 0 1 0 0]\n [0 0 0 0 1 0]\n [0 0 0 0 0 1]]", "nfev": "7", "njev": "1", "status": "0", "success": "True", "message": "Optimization terminated successfully.", "x": "[4.14997977 5.74683364 0.61818364 1.41526475 1.65675457 5.62894115]", "nit": "0"}, "12": {"maxiter": 500, "gtol": 1e-10, "xrtol": 1e-05, "eps": 1e-05, "duration": 0.03375887870788574, "fun": "0.14840099215507507", "jac": "[0. 0. 0. 0. 0. 0.]", "hess_inv": "[[ 1.83185057 -0.76680674 -0.23804257 -0.43752206  0.7541084  -0.34135719]\n [-0.76680674  2.63630412 -0.5362084   1.2356415   0.44453248  0.25263804]\n [-0.23804257 -0.5362084   0.93797697 -0.28776623 -0.55159637 -0.30417488]\n [-0.43752206  1.2356415  -0.28776623  1.32493679  0.35317918 -0.09239712]\n [ 0.7541084   0.44453248 -0.55159637  0.35317918  1.55127877 -0.53179688]\n [-0.34135719  0.25263804 -0.30417488 -0.09239712 -0.53179688  0.92288424]]", "nfev": "189", "njev": "27", "status": "0", "success": "True", "message": "Optimization terminated successfully.", "x": "[ 2.13069988  5.35050302  2.06288091  0.89437988 -0.77821702  4.49011496]", "nit": "20"}, "13": {"maxiter": 500, "gtol": 1e-10, "xrtol": 1e-05, "eps": 1e-10, "duration": 0.0013229846954345703, "fun": "0.5667596459388733", "jac": "[0. 0. 0. 0. 0. 0.]", "hess_inv": "[[1 0 0 0 0 0]\n [0 1 0 0 0 0]\n [0 0 1 0 0 0]\n [0 0 0 1 0 0]\n [0 0 0 0 1 0]\n [0 0 0 0 0 1]]", "nfev": "7", "njev": "1", "status": "0", "success": "True", "message": "Optimization terminated successfully.", "x": "[4.14997977 5.74683364 0.61818364 1.41526475 1.65675457 5.62894115]", "nit": "0"}, "14": {"maxiter": 500, "gtol": 1e-10, "xrtol": 1e-10, "eps": 1e-05, "duration": 0.03368520736694336, "fun": "0.14840099215507507", "jac": "[0. 0. 0. 0. 0. 0.]", "hess_inv": "[[ 1.83185057 -0.76680674 -0.23804257 -0.43752206  0.7541084  -0.34135719]\n [-0.76680674  2.63630412 -0.5362084   1.2356415   0.44453248  0.25263804]\n [-0.23804257 -0.5362084   0.93797697 -0.28776623 -0.55159637 -0.30417488]\n [-0.43752206  1.2356415  -0.28776623  1.32493679  0.35317918 -0.09239712]\n [ 0.7541084   0.44453248 -0.55159637  0.35317918  1.55127877 -0.53179688]\n [-0.34135719  0.25263804 -0.30417488 -0.09239712 -0.53179688  0.92288424]]", "nfev": "189", "njev": "27", "status": "0", "success": "True", "message": "Optimization terminated successfully.", "x": "[ 2.13069988  5.35050302  2.06288091  0.89437988 -0.77821702  4.49011496]", "nit": "20"}, "15": {"maxiter": 500, "gtol": 1e-10, "xrtol": 1e-10, "eps": 1e-10, "duration": 0.0012969970703125, "fun": "0.5667596459388733", "jac": "[0. 0. 0. 0. 0. 0.]", "hess_inv": "[[1 0 0 0 0 0]\n [0 1 0 0 0 0]\n [0 0 1 0 0 0]\n [0 0 0 1 0 0]\n [0 0 0 0 1 0]\n [0 0 0 0 0 1]]", "nfev": "7", "njev": "1", "status": "0", "success": "True", "message": "Optimization terminated successfully.", "x": "[4.14997977 5.74683364 0.61818364 1.41526475 1.65675457 5.62894115]", "nit": "0"}, "16": {"maxiter": 1000, "gtol": 1e-05, "xrtol": 1e-05, "eps": 1e-05, "duration": 0.03388690948486328, "fun": "0.14840099215507507", "jac": "[0. 0. 0. 0. 0. 0.]", "hess_inv": "[[ 1.83185057 -0.76680674 -0.23804257 -0.43752206  0.7541084  -0.34135719]\n [-0.76680674  2.63630412 -0.5362084   1.2356415   0.44453248  0.25263804]\n [-0.23804257 -0.5362084   0.93797697 -0.28776623 -0.55159637 -0.30417488]\n [-0.43752206  1.2356415  -0.28776623  1.32493679  0.35317918 -0.09239712]\n [ 0.7541084   0.44453248 -0.55159637  0.35317918  1.55127877 -0.53179688]\n [-0.34135719  0.25263804 -0.30417488 -0.09239712 -0.53179688  0.92288424]]", "nfev": "189", "njev": "27", "status": "0", "success": "True", "message": "Optimization terminated successfully.", "x": "[ 2.13069988  5.35050302  2.06288091  0.89437988 -0.77821702  4.49011496]", "nit": "20"}, "17": {"maxiter": 1000, "gtol": 1e-05, "xrtol": 1e-05, "eps": 1e-10, "duration": 0.0012769699096679688, "fun": "0.5667596459388733", "jac": "[0. 0. 0. 0. 0. 0.]", "hess_inv": "[[1 0 0 0 0 0]\n [0 1 0 0 0 0]\n [0 0 1 0 0 0]\n [0 0 0 1 0 0]\n [0 0 0 0 1 0]\n [0 0 0 0 0 1]]", "nfev": "7", "njev": "1", "status": "0", "success": "True", "message": "Optimization terminated successfully.", "x": "[4.14997977 5.74683364 0.61818364 1.41526475 1.65675457 5.62894115]", "nit": "0"}, "18": {"maxiter": 1000, "gtol": 1e-05, "xrtol": 1e-10, "eps": 1e-05, "duration": 0.033731698989868164, "fun": "0.14840099215507507", "jac": "[0. 0. 0. 0. 0. 0.]", "hess_inv": "[[ 1.83185057 -0.76680674 -0.23804257 -0.43752206  0.7541084  -0.34135719]\n [-0.76680674  2.63630412 -0.5362084   1.2356415   0.44453248  0.25263804]\n [-0.23804257 -0.5362084   0.93797697 -0.28776623 -0.55159637 -0.30417488]\n [-0.43752206  1.2356415  -0.28776623  1.32493679  0.35317918 -0.09239712]\n [ 0.7541084   0.44453248 -0.55159637  0.35317918  1.55127877 -0.53179688]\n [-0.34135719  0.25263804 -0.30417488 -0.09239712 -0.53179688  0.92288424]]", "nfev": "189", "njev": "27", "status": "0", "success": "True", "message": "Optimization terminated successfully.", "x": "[ 2.13069988  5.35050302  2.06288091  0.89437988 -0.77821702  4.49011496]", "nit": "20"}, "19": {"maxiter": 1000, "gtol": 1e-05, "xrtol": 1e-10, "eps": 1e-10, "duration": 0.0012669563293457031, "fun": "0.5667596459388733", "jac": "[0. 0. 0. 0. 0. 0.]", "hess_inv": "[[1 0 0 0 0 0]\n [0 1 0 0 0 0]\n [0 0 1 0 0 0]\n [0 0 0 1 0 0]\n [0 0 0 0 1 0]\n [0 0 0 0 0 1]]", "nfev": "7", "njev": "1", "status": "0", "success": "True", "message": "Optimization terminated successfully.", "x": "[4.14997977 5.74683364 0.61818364 1.41526475 1.65675457 5.62894115]", "nit": "0"}, "20": {"maxiter": 1000, "gtol": 1e-10, "xrtol": 1e-05, "eps": 1e-05, "duration": 0.03379106521606445, "fun": "0.14840099215507507", "jac": "[0. 0. 0. 0. 0. 0.]", "hess_inv": "[[ 1.83185057 -0.76680674 -0.23804257 -0.43752206  0.7541084  -0.34135719]\n [-0.76680674  2.63630412 -0.5362084   1.2356415   0.44453248  0.25263804]\n [-0.23804257 -0.5362084   0.93797697 -0.28776623 -0.55159637 -0.30417488]\n [-0.43752206  1.2356415  -0.28776623  1.32493679  0.35317918 -0.09239712]\n [ 0.7541084   0.44453248 -0.55159637  0.35317918  1.55127877 -0.53179688]\n [-0.34135719  0.25263804 -0.30417488 -0.09239712 -0.53179688  0.92288424]]", "nfev": "189", "njev": "27", "status": "0", "success": "True", "message": "Optimization terminated successfully.", "x": "[ 2.13069988  5.35050302  2.06288091  0.89437988 -0.77821702  4.49011496]", "nit": "20"}, "21": {"maxiter": 1000, "gtol": 1e-10, "xrtol": 1e-05, "eps": 1e-10, "duration": 0.0013079643249511719, "fun": "0.5667596459388733", "jac": "[0. 0. 0. 0. 0. 0.]", "hess_inv": "[[1 0 0 0 0 0]\n [0 1 0 0 0 0]\n [0 0 1 0 0 0]\n [0 0 0 1 0 0]\n [0 0 0 0 1 0]\n [0 0 0 0 0 1]]", "nfev": "7", "njev": "1", "status": "0", "success": "True", "message": "Optimization terminated successfully.", "x": "[4.14997977 5.74683364 0.61818364 1.41526475 1.65675457 5.62894115]", "nit": "0"}, "22": {"maxiter": 1000, "gtol": 1e-10, "xrtol": 1e-10, "eps": 1e-05, "duration": 0.033679962158203125, "fun": "0.14840099215507507", "jac": "[0. 0. 0. 0. 0. 0.]", "hess_inv": "[[ 1.83185057 -0.76680674 -0.23804257 -0.43752206  0.7541084  -0.34135719]\n [-0.76680674  2.63630412 -0.5362084   1.2356415   0.44453248  0.25263804]\n [-0.23804257 -0.5362084   0.93797697 -0.28776623 -0.55159637 -0.30417488]\n [-0.43752206  1.2356415  -0.28776623  1.32493679  0.35317918 -0.09239712]\n [ 0.7541084   0.44453248 -0.55159637  0.35317918  1.55127877 -0.53179688]\n [-0.34135719  0.25263804 -0.30417488 -0.09239712 -0.53179688  0.92288424]]", "nfev": "189", "njev": "27", "status": "0", "success": "True", "message": "Optimization terminated successfully.", "x": "[ 2.13069988  5.35050302  2.06288091  0.89437988 -0.77821702  4.49011496]", "nit": "20"}, "23": {"maxiter": 1000, "gtol": 1e-10, "xrtol": 1e-10, "eps": 1e-10, "duration": 0.001268148422241211, "fun": "0.5667596459388733", "jac": "[0. 0. 0. 0. 0. 0.]", "hess_inv": "[[1 0 0 0 0 0]\n [0 1 0 0 0 0]\n [0 0 1 0 0 0]\n [0 0 0 1 0 0]\n [0 0 0 0 1 0]\n [0 0 0 0 0 1]]", "nfev": "7", "njev": "1", "status": "0", "success": "True", "message": "Optimization terminated successfully.", "x": "[4.14997977 5.74683364 0.61818364 1.41526475 1.65675457 5.62894115]", "nit": "0"}}, "cobyla": {"0": {"maxiter": 100, "tol": 1e-05, "catol": 1e-05, "duration": 0.01711273193359375, "x": "[ 2.26246039  5.0905669   1.83273163  0.88262352 -0.84516008  4.76155083]", "status": "2", "success": "False", "message": "Maximum number of function evaluations has been exceeded.", "nfev": "100", "fun": "0.14855508506298065", "maxcv": "0.0"}, "1": {"maxiter": 100, "tol": 1e-05, "catol": 1e-10, "duration": 0.017081022262573242, "x": "[ 2.26246039  5.0905669   1.83273163  0.88262352 -0.84516008  4.76155083]", "status": "2", "success": "False", "message": "Maximum number of function evaluations has been exceeded.", "nfev": "100", "fun": "0.14855508506298065", "maxcv": "0.0"}, "2": {"maxiter": 100, "tol": 1e-10, "catol": 1e-05, "duration": 0.017041921615600586, "x": "[ 2.26246039  5.0905669   1.83273163  0.88262352 -0.84516008  4.76155083]", "status": "2", "success": "False", "message": "Maximum number of function evaluations has been exceeded.", "nfev": "100", "fun": "0.14855508506298065", "maxcv": "0.0"}, "3": {"maxiter": 100, "tol": 1e-10, "catol": 1e-10, "duration": 0.01705193519592285, "x": "[ 2.26246039  5.0905669   1.83273163  0.88262352 -0.84516008  4.76155083]", "status": "2", "success": "False", "message": "Maximum number of function evaluations has been exceeded.", "nfev": "100", "fun": "0.14855508506298065", "maxcv": "0.0"}, "4": {"maxiter": 500, "tol": 1e-05, "catol": 1e-05, "duration": 0.028640031814575195, "x": "[ 2.22798207  5.11216594  1.83915646  0.89282304 -0.87275512  4.77151373]", "status": "1", "success": "True", "message": "Optimization terminated successfully.", "nfev": "168", "fun": "0.14839941263198853", "maxcv": "0.0"}, "5": {"maxiter": 500, "tol": 1e-05, "catol": 1e-10, "duration": 0.02875232696533203, "x": "[ 2.22798207  5.11216594  1.83915646  0.89282304 -0.87275512  4.77151373]", "status": "1", "success": "True", "message": "Optimization terminated successfully.", "nfev": "168", "fun": "0.14839941263198853", "maxcv": "0.0"}, "6": {"maxiter": 500, "tol": 1e-10, "catol": 1e-05, "duration": 0.03441882133483887, "x": "[ 2.22798207  5.11216594  1.83915646  0.89282304 -0.87275512  4.77151373]", "status": "1", "success": "True", "message": "Optimization terminated successfully.", "nfev": "202", "fun": "0.14839941263198853", "maxcv": "0.0"}, "7": {"maxiter": 500, "tol": 1e-10, "catol": 1e-10, "duration": 0.0344390869140625, "x": "[ 2.22798207  5.11216594  1.83915646  0.89282304 -0.87275512  4.77151373]", "status": "1", "success": "True", "message": "Optimization terminated successfully.", "nfev": "202", "fun": "0.14839941263198853", "maxcv": "0.0"}, "8": {"maxiter": 1000, "tol": 1e-05, "catol": 1e-05, "duration": 0.0286557674407959, "x": "[ 2.22798207  5.11216594  1.83915646  0.89282304 -0.87275512  4.77151373]", "status": "1", "success": "True", "message": "Optimization terminated successfully.", "nfev": "168", "fun": "0.14839941263198853", "maxcv": "0.0"}, "9": {"maxiter": 1000, "tol": 1e-05, "catol": 1e-10, "duration": 0.028618812561035156, "x": "[ 2.22798207  5.11216594  1.83915646  0.89282304 -0.87275512  4.77151373]", "status": "1", "success": "True", "message": "Optimization terminated successfully.", "nfev": "168", "fun": "0.14839941263198853", "maxcv": "0.0"}, "10": {"maxiter": 1000, "tol": 1e-10, "catol": 1e-05, "duration": 0.03449082374572754, "x": "[ 2.22798207  5.11216594  1.83915646  0.89282304 -0.87275512  4.77151373]", "status": "1", "success": "True", "message": "Optimization terminated successfully.", "nfev": "202", "fun": "0.14839941263198853", "maxcv": "0.0"}, "11": {"maxiter": 1000, "tol": 1e-10, "catol": 1e-10, "duration": 0.034358978271484375, "x": "[ 2.22798207  5.11216594  1.83915646  0.89282304 -0.87275512  4.77151373]", "status": "1", "success": "True", "message": "Optimization terminated successfully.", "nfev": "202", "fun": "0.14839941263198853", "maxcv": "0.0"}}, "powell": {"0": {"maxiter": 100, "ftol": 1e-05, "xtol": 1e-05, "duration": 0.15234017372131348, "fun": "0.14839999377727509", "direc": "[[ 1.23033989e-01 -8.24488821e-02  1.00965849e-02 -2.69957942e-02\n   2.14124410e-02  1.79376711e-01]\n [ 2.98894386e-01  3.22936132e-02  2.07031164e-02  1.18802712e-01\n   7.10684246e-02  1.71594979e-01]\n [ 0.00000000e+00  0.00000000e+00  0.00000000e+00  0.00000000e+00\n   0.00000000e+00  1.00000000e+00]\n [ 0.00000000e+00  0.00000000e+00  0.00000000e+00  1.00000000e+00\n   0.00000000e+00  0.00000000e+00]\n [ 0.00000000e+00  0.00000000e+00  0.00000000e+00  0.00000000e+00\n   1.00000000e+00  0.00000000e+00]\n [ 6.00275838e-02 -4.47075411e-02 -1.65986615e-04 -1.83903188e-02\n   3.87902033e-03  5.29316906e-02]]", "nit": "11", "nfev": "885", "status": "0", "success": "True", "message": "Optimization terminated successfully.", "x": "[ 6.71025508  6.49278524  2.7096015   1.45941794 -0.59489171  8.59711214]"}, "1": {"maxiter": 100, "ftol": 1e-05, "xtol": 1e-10, "duration": 0.4498171806335449, "fun": "0.14839938282966614", "direc": "[[ 6.05130182e-02 -4.43924702e-02  3.46180085e-05 -1.82698411e-02\n   4.39523693e-03  5.38208465e-02]\n [ 2.99129690e-01  3.21000013e-02  2.08889446e-02  1.18848970e-01\n   7.17544239e-02  1.72127185e-01]\n [ 0.00000000e+00  0.00000000e+00  0.00000000e+00  0.00000000e+00\n   0.00000000e+00  1.00000000e+00]\n [ 0.00000000e+00  0.00000000e+00  0.00000000e+00  1.00000000e+00\n   0.00000000e+00  0.00000000e+00]\n [ 0.00000000e+00  0.00000000e+00  0.00000000e+00  0.00000000e+00\n   1.00000000e+00  0.00000000e+00]\n [ 1.91771903e-02 -1.05003875e-02  1.12633198e-03 -4.11623180e-03\n   3.66266770e-03  2.18020681e-02]]", "nit": "12", "nfev": "2579", "status": "0", "success": "True", "message": "Optimization terminated successfully.", "x": "[ 6.73739614  6.47393421  2.71493834  1.45289862 -0.58879338  8.62695035]"}, "2": {"maxiter": 100, "ftol": 1e-10, "xtol": 1e-05, "duration": 0.19465899467468262, "fun": "0.14839938282966614", "direc": "[[ 6.00275838e-02 -4.47075411e-02 -1.65986615e-04 -1.83903188e-02\n   3.87902033e-03  5.29316906e-02]\n [ 2.98894386e-01  3.22936132e-02  2.07031164e-02  1.18802712e-01\n   7.10684246e-02  1.71594979e-01]\n [ 0.00000000e+00  0.00000000e+00  0.00000000e+00  0.00000000e+00\n   0.00000000e+00  1.00000000e+00]\n [ 0.00000000e+00  0.00000000e+00  0.00000000e+00  1.00000000e+00\n   0.00000000e+00  0.00000000e+00]\n [ 0.00000000e+00  0.00000000e+00  0.00000000e+00  0.00000000e+00\n   1.00000000e+00  0.00000000e+00]\n [ 1.47590483e-02 -7.99559617e-03  8.98493951e-04 -3.10683172e-03\n   2.73193914e-03  1.69179928e-02]]", "nit": "12", "nfev": "1115", "status": "0", "success": "True", "message": "Optimization terminated successfully.", "x": "[ 6.72496214  6.48478403  2.71049639  1.45629044 -0.59217214  8.61382809]"}, "3": {"maxiter": 100, "ftol": 1e-10, "xtol": 1e-10, "duration": 0.44744014739990234, "fun": "0.14839938282966614", "direc": "[[ 6.05130182e-02 -4.43924702e-02  3.46180085e-05 -1.82698411e-02\n   4.39523693e-03  5.38208465e-02]\n [ 2.99129690e-01  3.21000013e-02  2.08889446e-02  1.18848970e-01\n   7.17544239e-02  1.72127185e-01]\n [ 0.00000000e+00  0.00000000e+00  0.00000000e+00  0.00000000e+00\n   0.00000000e+00  1.00000000e+00]\n [ 0.00000000e+00  0.00000000e+00  0.00000000e+00  1.00000000e+00\n   0.00000000e+00  0.00000000e+00]\n [ 0.00000000e+00  0.00000000e+00  0.00000000e+00  0.00000000e+00\n   1.00000000e+00  0.00000000e+00]\n [ 1.91771903e-02 -1.05003875e-02  1.12633198e-03 -4.11623180e-03\n   3.66266770e-03  2.18020681e-02]]", "nit": "12", "nfev": "2579", "status": "0", "success": "True", "message": "Optimization terminated successfully.", "x": "[ 6.73739614  6.47393421  2.71493834  1.45289862 -0.58879338  8.62695035]"}, "4": {"maxiter": 500, "ftol": 1e-05, "xtol": 1e-05, "duration": 0.15734410285949707, "fun": "0.14839999377727509", "direc": "[[ 1.23033989e-01 -8.24488821e-02  1.00965849e-02 -2.69957942e-02\n   2.14124410e-02  1.79376711e-01]\n [ 2.98894386e-01  3.22936132e-02  2.07031164e-02  1.18802712e-01\n   7.10684246e-02  1.71594979e-01]\n [ 0.00000000e+00  0.00000000e+00  0.00000000e+00  0.00000000e+00\n   0.00000000e+00  1.00000000e+00]\n [ 0.00000000e+00  0.00000000e+00  0.00000000e+00  1.00000000e+00\n   0.00000000e+00  0.00000000e+00]\n [ 0.00000000e+00  0.00000000e+00  0.00000000e+00  0.00000000e+00\n   1.00000000e+00  0.00000000e+00]\n [ 6.00275838e-02 -4.47075411e-02 -1.65986615e-04 -1.83903188e-02\n   3.87902033e-03  5.29316906e-02]]", "nit": "11", "nfev": "885", "status": "0", "success": "True", "message": "Optimization terminated successfully.", "x": "[ 6.71025508  6.49278524  2.7096015   1.45941794 -0.59489171  8.59711214]"}, "5": {"maxiter": 500, "ftol": 1e-05, "xtol": 1e-10, "duration": 0.4493260383605957, "fun": "0.14839938282966614", "direc": "[[ 6.05130182e-02 -4.43924702e-02  3.46180085e-05 -1.82698411e-02\n   4.39523693e-03  5.38208465e-02]\n [ 2.99129690e-01  3.21000013e-02  2.08889446e-02  1.18848970e-01\n   7.17544239e-02  1.72127185e-01]\n [ 0.00000000e+00  0.00000000e+00  0.00000000e+00  0.00000000e+00\n   0.00000000e+00  1.00000000e+00]\n [ 0.00000000e+00  0.00000000e+00  0.00000000e+00  1.00000000e+00\n   0.00000000e+00  0.00000000e+00]\n [ 0.00000000e+00  0.00000000e+00  0.00000000e+00  0.00000000e+00\n   1.00000000e+00  0.00000000e+00]\n [ 1.91771903e-02 -1.05003875e-02  1.12633198e-03 -4.11623180e-03\n   3.66266770e-03  2.18020681e-02]]", "nit": "12", "nfev": "2579", "status": "0", "success": "True", "message": "Optimization terminated successfully.", "x": "[ 6.73739614  6.47393421  2.71493834  1.45289862 -0.58879338  8.62695035]"}, "6": {"maxiter": 500, "ftol": 1e-10, "xtol": 1e-05, "duration": 0.1959538459777832, "fun": "0.14839938282966614", "direc": "[[ 6.00275838e-02 -4.47075411e-02 -1.65986615e-04 -1.83903188e-02\n   3.87902033e-03  5.29316906e-02]\n [ 2.98894386e-01  3.22936132e-02  2.07031164e-