{"conf_id": 8, "data_type": "random\n", "num_data_points": 1, "s_rank": 0, "unitary": "[[-0.53618537-0.34368723j,-0.12107031-0.46226139j,-0.07699282-0.46603512j,0.36022595-0.11472301j],[0.26026499-0.63450712j,-0.56616638+0.37832564j,-0.14988651+0.08458591j,0.10363514-0.16008501j],[-0.32580188-0.11070003j,-0.36476308-0.23593218j,0.02559343+0.41761608j,-0.25598305+0.6725303j],[0.07406738-0.0126433j,0.28513701+0.19483972j,-0.74939717-0.10299659j,0.29798249+0.46269921j]]", "databatch_0": {"databatch": "[[[-0.03335366-0.4206076j,-0.14578505+0.1102597j,-0.04526031-0.06399665j,0.11253847-0.05903697j],[-0.07877214-0.25360224j,0.08069982+0.10493472j,0.17918656+0.09493231j,0.34184977-0.05029665j],[0.03521155+0.19143098j,0.25839762-0.07069391j,0.32102598+0.13861888j,0.30137045-0.02806905j],[0.05621573+0.23373644j,0.18221012-0.0117858j,0.15040641+0.19782256j,0.1509454+0.13604346j]]]", "nelder_mead": {"0": {"maxiter": 100, "fatol": 1e-05, "xatol": 1e-05, "duration": 0.028012990951538086, "fun": "0.20127449929714203", "nit": "100", "nfev": "156", "status": "2", "success": "False", "message": "Maximum number of iterations has been exceeded.", "x": "[1.6410413  2.07160052 4.26795618 5.30547556 1.94403301 2.40465767]", "final_simplex": "(array([[1.6410413 , 2.07160052, 4.26795618, 5.30547556, 1.94403301,\n        2.40465767],\n       [1.70595318, 2.04379412, 4.34204034, 5.32369783, 1.8431195 ,\n        2.43269689],\n       [1.63265658, 2.0469034 , 4.3305    , 5.33847679, 1.9961205 ,\n        2.41202082],\n       [1.64556029, 2.10892226, 4.35584755, 5.30155354, 1.93372826,\n        2.33649756],\n       [1.65380622, 2.06149572, 4.31158367, 5.21040492, 1.92899935,\n        2.40455624],\n       [1.60424564, 2.08171685, 4.25508117, 5.26361684, 1.91385567,\n        2.36215694],\n       [1.69676813, 2.09563862, 4.29900615, 5.25345563, 1.94039517,\n        2.35421219]]), array([0.2012745 , 0.20142452, 0.20160116, 0.20199184, 0.20237552,\n       0.20252332, 0.20284148]))"}, "1": {"maxiter": 100, "fatol": 1e-05, "xatol": 1e-10, "duration": 0.027820825576782227, "fun": "0.20127449929714203", "nit": "100", "nfev": "156", "status": "2", "success": "False", "message": "Maximum number of iterations has been exceeded.", "x": "[1.6410413  2.07160052 4.26795618 5.30547556 1.94403301 2.40465767]", "final_simplex": "(array([[1.6410413 , 2.07160052, 4.26795618, 5.30547556, 1.94403301,\n        2.40465767],\n       [1.70595318, 2.04379412, 4.34204034, 5.32369783, 1.8431195 ,\n        2.43269689],\n       [1.63265658, 2.0469034 , 4.3305    , 5.33847679, 1.9961205 ,\n        2.41202082],\n       [1.64556029, 2.10892226, 4.35584755, 5.30155354, 1.93372826,\n        2.33649756],\n       [1.65380622, 2.06149572, 4.31158367, 5.21040492, 1.92899935,\n        2.40455624],\n       [1.60424564, 2.08171685, 4.25508117, 5.26361684, 1.91385567,\n        2.36215694],\n       [1.69676813, 2.09563862, 4.29900615, 5.25345563, 1.94039517,\n        2.35421219]]), array([0.2012745 , 0.20142452, 0.20160116, 0.20199184, 0.20237552,\n       0.20252332, 0.20284148]))"}, "2": {"maxiter": 100, "fatol": 1e-10, "xatol": 1e-05, "duration": 0.0278470516204834, "fun": "0.20127449929714203", "nit": "100", "nfev": "156", "status": "2", "success": "False", "message": "Maximum number of iterations has been exceeded.", "x": "[1.6410413  2.07160052 4.26795618 5.30547556 1.94403301 2.40465767]", "final_simplex": "(array([[1.6410413 , 2.07160052, 4.26795618, 5.30547556, 1.94403301,\n        2.40465767],\n       [1.70595318, 2.04379412, 4.34204034, 5.32369783, 1.8431195 ,\n        2.43269689],\n       [1.63265658, 2.0469034 , 4.3305    , 5.33847679, 1.9961205 ,\n        2.41202082],\n       [1.64556029, 2.10892226, 4.35584755, 5.30155354, 1.93372826,\n        2.33649756],\n       [1.65380622, 2.06149572, 4.31158367, 5.21040492, 1.92899935,\n        2.40455624],\n       [1.60424564, 2.08171685, 4.25508117, 5.26361684, 1.91385567,\n        2.36215694],\n       [1.69676813, 2.09563862, 4.29900615, 5.25345563, 1.94039517,\n        2.35421219]]), array([0.2012745 , 0.20142452, 0.20160116, 0.20199184, 0.20237552,\n       0.20252332, 0.20284148]))"}, "3": {"maxiter": 100, "fatol": 1e-10, "xatol": 1e-10, "duration": 0.027778148651123047, "fun": "0.20127449929714203", "nit": "100", "nfev": "156", "status": "2", "success": "False", "message": "Maximum number of iterations has been exceeded.", "x": "[1.6410413  2.07160052 4.26795618 5.30547556 1.94403301 2.40465767]", "final_simplex": "(array([[1.6410413 , 2.07160052, 4.26795618, 5.30547556, 1.94403301,\n        2.40465767],\n       [1.70595318, 2.04379412, 4.34204034, 5.32369783, 1.8431195 ,\n        2.43269689],\n       [1.63265658, 2.0469034 , 4.3305    , 5.33847679, 1.9961205 ,\n        2.41202082],\n       [1.64556029, 2.10892226, 4.35584755, 5.30155354, 1.93372826,\n        2.33649756],\n       [1.65380622, 2.06149572, 4.31158367, 5.21040492, 1.92899935,\n        2.40455624],\n       [1.60424564, 2.08171685, 4.25508117, 5.26361684, 1.91385567,\n        2.36215694],\n       [1.69676813, 2.09563862, 4.29900615, 5.25345563, 1.94039517,\n        2.35421219]]), array([0.2012745 , 0.20142452, 0.20160116, 0.20199184, 0.20237552,\n       0.20252332, 0.20284148]))"}, "4": {"maxiter": 500, "fatol": 1e-05, "xatol": 1e-05, "duration": 0.08282113075256348, "fun": "0.19861681759357452", "nit": "271", "nfev": "471", "status": "0", "success": "True", "message": "Optimization terminated successfully.", "x": "[1.65578119 2.1910859  4.4053848  5.22418579 1.74748042 2.52518148]", "final_simplex": "(array([[1.65578119, 2.1910859 , 4.4053848 , 5.22418579, 1.74748042,\n        2.52518148],\n       [1.65577936, 2.19108393, 4.40538421, 5.22418803, 1.74748003,\n        2.52518182],\n       [1.65578085, 2.19108183, 4.40538244, 5.22418967, 1.74748366,\n        2.52517828],\n       [1.65578079, 2.19108525, 4.40538504, 5.22418593, 1.74747976,\n        2.52518142],\n       [1.65578131, 2.19108354, 4.40538501, 5.22418736, 1.74748041,\n        2.52518117],\n       [1.65577956, 2.19108377, 4.40538478, 5.22418796, 1.74748081,\n        2.52518129],\n       [1.65577993, 2.19108055, 4.40538263, 5.22419019, 1.74748288,\n        2.52517972]]), array([0.19861682, 0.19861682, 0.19861682, 0.19861682, 0.19861682,\n       0.19861682, 0.19861682]))"}, "5": {"maxiter": 500, "fatol": 1e-05, "xatol": 1e-10, "duration": 0.10460400581359863, "fun": "0.19861681759357452", "nit": "287", "nfev": "599", "status": "0", "success": "True", "message": "Optimization terminated successfully.", "x": "[1.65578119 2.1910859  4.4053848  5.22418579 1.74748042 2.52518148]", "final_simplex": "(array([[1.65578119, 2.1910859 , 4.4053848 , 5.22418579, 1.74748042,\n        2.52518148],\n       [1.65578119, 2.1910859 , 4.4053848 , 5.22418579, 1.74748042,\n        2.52518148],\n       [1.65578119, 2.1910859 , 4.4053848 , 5.22418579, 1.74748042,\n        2.52518148],\n       [1.65578119, 2.1910859 , 4.4053848 , 5.22418579, 1.74748042,\n        2.52518148],\n       [1.65578119, 2.1910859 , 4.4053848 , 5.22418579, 1.74748042,\n        2.52518148],\n       [1.65578119, 2.1910859 , 4.4053848 , 5.22418579, 1.74748042,\n        2.52518148],\n       [1.65578119, 2.1910859 , 4.4053848 , 5.22418579, 1.74748042,\n        2.52518148]]), array([0.19861682, 0.19861682, 0.19861682, 0.19861682, 0.19861682,\n       0.19861682, 0.19861682]))"}, "6": {"maxiter": 500, "fatol": 1e-10, "xatol": 1e-05, "duration": 0.08275508880615234, "fun": "0.19861681759357452", "nit": "271", "nfev": "471", "status": "0", "success": "True", "message": "Optimization terminated successfully.", "x": "[1.65578119 2.1910859  4.4053848  5.22418579 1.74748042 2.52518148]", "final_simplex": "(array([[1.65578119, 2.1910859 , 4.4053848 , 5.22418579, 1.74748042,\n        2.52518148],\n       [1.65577936, 2.19108393, 4.40538421, 5.22418803, 1.74748003,\n        2.52518182],\n       [1.65578085, 2.19108183, 4.40538244, 5.22418967, 1.74748366,\n        2.52517828],\n       [1.65578079, 2.19108525, 4.40538504, 5.22418593, 1.74747976,\n        2.52518142],\n       [1.65578131, 2.19108354, 4.40538501, 5.22418736, 1.74748041,\n        2.52518117],\n       [1.65577956, 2.19108377, 4.40538478, 5.22418796, 1.74748081,\n        2.52518129],\n       [1.65577993, 2.19108055, 4.40538263, 5.22419019, 1.74748288,\n        2.52517972]]), array([0.19861682, 0.19861682, 0.19861682, 0.19861682, 0.19861682,\n       0.19861682, 0.19861682]))"}, "7": {"maxiter": 500, "fatol": 1e-10, "xatol": 1e-10, "duration": 0.10519289970397949, "fun": "0.19861681759357452", "nit": "287", "nfev": "599", "status": "0", "success": "True", "message": "Optimization terminated successfully.", "x": "[1.65578119 2.1910859  4.4053848  5.22418579 1.74748042 2.52518148]", "final_simplex": "(array([[1.65578119, 2.1910859 , 4.4053848 , 5.22418579, 1.74748042,\n        2.52518148],\n       [1.65578119, 2.1910859 , 4.4053848 , 5.22418579, 1.74748042,\n        2.52518148],\n       [1.65578119, 2.1910859 , 4.4053848 , 5.22418579, 1.74748042,\n        2.52518148],\n       [1.65578119, 2.1910859 , 4.4053848 , 5.22418579, 1.74748042,\n        2.52518148],\n       [1.65578119, 2.1910859 , 4.4053848 , 5.22418579, 1.74748042,\n        2.52518148],\n       [1.65578119, 2.1910859 , 4.4053848 , 5.22418579, 1.74748042,\n        2.52518148],\n       [1.65578119, 2.1910859 , 4.4053848 , 5.22418579, 1.74748042,\n        2.52518148]]), array([0.19861682, 0.19861682, 0.19861682, 0.19861682, 0.19861682,\n       0.19861682, 0.19861682]))"}, "8": {"maxiter": 1000, "fatol": 1e-05, "xatol": 1e-05, "duration": 0.08306598663330078, "fun": "0.19861681759357452", "nit": "271", "nfev": "471", "status": "0", "success": "True", "message": "Optimization terminated successfully.", "x": "[1.65578119 2.1910859  4.4053848  5.22418579 1.74748042 2.52518148]", "final_simplex": "(array([[1.65578119, 2.1910859 , 4.4053848 , 5.22418579, 1.74748042,\n        2.52518148],\n       [1.65577936, 2.19108393, 4.40538421, 5.22418803, 1.74748003,\n        2.52518182],\n       [1.65578085, 2.19108183, 4.40538244, 5.22418967, 1.74748366,\n        2.52517828],\n       [1.65578079, 2.19108525, 4.40538504, 5.22418593, 1.74747976,\n        2.52518142],\n       [1.65578131, 2.19108354, 4.40538501, 5.22418736, 1.74748041,\n        2.52518117],\n       [1.65577956, 2.19108377, 4.40538478, 5.22418796, 1.74748081,\n        2.52518129],\n       [1.65577993, 2.19108055, 4.40538263, 5.22419019, 1.74748288,\n        2.52517972]]), array([0.19861682, 0.19861682, 0.19861682, 0.19861682, 0.19861682,\n       0.19861682, 0.19861682]))"}, "9": {"maxiter": 1000, "fatol": 1e-05, "xatol": 1e-10, "duration": 0.1047370433807373, "fun": "0.19861681759357452", "nit": "287", "nfev": "599", "status": "0", "success": "True", "message": "Optimization terminated successfully.", "x": "[1.65578119 2.1910859  4.4053848  5.22418579 1.74748042 2.52518148]", "final_simplex": "(array([[1.65578119, 2.1910859 , 4.4053848 , 5.22418579, 1.74748042,\n        2.52518148],\n       [1.65578119, 2.1910859 , 4.4053848 , 5.22418579, 1.74748042,\n        2.52518148],\n       [1.65578119, 2.1910859 , 4.4053848 , 5.22418579, 1.74748042,\n        2.52518148],\n       [1.65578119, 2.1910859 , 4.4053848 , 5.22418579, 1.74748042,\n        2.52518148],\n       [1.65578119, 2.1910859 , 4.4053848 , 5.22418579, 1.74748042,\n        2.52518148],\n       [1.65578119, 2.1910859 , 4.4053848 , 5.22418579, 1.74748042,\n        2.52518148],\n       [1.65578119, 2.1910859 , 4.4053848 , 5.22418579, 1.74748042,\n        2.52518148]]), array([0.19861682, 0.19861682, 0.19861682, 0.19861682, 0.19861682,\n       0.19861682, 0.19861682]))"}, "10": {"maxiter": 1000, "fatol": 1e-10, "xatol": 1e-05, "duration": 0.08295965194702148, "fun": "0.19861681759357452", "nit": "271", "nfev": "471", "status": "0", "success": "True", "message": "Optimization terminated successfully.", "x": "[1.65578119 2.1910859  4.4053848  5.22418579 1.74748042 2.52518148]", "final_simplex": "(array([[1.65578119, 2.1910859 , 4.4053848 , 5.22418579, 1.74748042,\n        2.52518148],\n       [1.65577936, 2.19108393, 4.40538421, 5.22418803, 1.74748003,\n        2.52518182],\n       [1.65578085, 2.19108183, 4.40538244, 5.22418967, 1.74748366,\n        2.52517828],\n       [1.65578079, 2.19108525, 4.40538504, 5.22418593, 1.74747976,\n        2.52518142],\n       [1.65578131, 2.19108354, 4.40538501, 5.22418736, 1.74748041,\n        2.52518117],\n       [1.65577956, 2.19108377, 4.40538478, 5.22418796, 1.74748081,\n        2.52518129],\n       [1.65577993, 2.19108055, 4.40538263, 5.22419019, 1.74748288,\n        2.52517972]]), array([0.19861682, 0.19861682, 0.19861682, 0.19861682, 0.19861682,\n       0.19861682, 0.19861682]))"}, "11": {"maxiter": 1000, "fatol": 1e-10, "xatol": 1e-10, "duration": 0.10468411445617676, "fun": "0.19861681759357452", "nit": "287", "nfev": "599", "status": "0", "success": "True", "message": "Optimization terminated successfully.", "x": "[1.65578119 2.1910859  4.4053848  5.22418579 1.74748042 2.52518148]", "final_simplex": "(array([[1.65578119, 2.1910859 , 4.4053848 , 5.22418579, 1.74748042,\n        2.52518148],\n       [1.65578119, 2.1910859 , 4.4053848 , 5.22418579, 1.74748042,\n        2.52518148],\n       [1.65578119, 2.1910859 , 4.4053848 , 5.22418579, 1.74748042,\n        2.52518148],\n       [1.65578119, 2.1910859 , 4.4053848 , 5.22418579, 1.74748042,\n        2.52518148],\n       [1.65578119, 2.1910859 , 4.4053848 , 5.22418579, 1.74748042,\n        2.52518148],\n       [1.65578119, 2.1910859 , 4.4053848 , 5.22418579, 1.74748042,\n        2.52518148],\n       [1.65578119, 2.1910859 , 4.4053848 , 5.22418579, 1.74748042,\n        2.52518148]]), array([0.19861682, 0.19861682, 0.19861682, 0.19861682, 0.19861682,\n       0.19861682, 0.19861682]))"}}, "bfgs": {"0": {"maxiter": 100, "gtol": 1e-05, "xrtol": 1e-05, "eps": 1e-05, "duration": 0.04756593704223633, "fun": "0.19862455129623413", "jac": "[-0.00149012 -0.00149012  0.         -0.00149012  0.00149012  0.        ]", "hess_inv": "[[ 2.02144137 -1.77744923 -0.43785196  0.75092104  0.85241941 -0.78745884]\n [-1.77744923  4.49290297  0.72936121 -3.26158069 -0.77629764  0.70064254]\n [-0.43785196  0.72936121  1.14563105 -0.93237166 -0.28982699  0.1784864 ]\n [ 0.75092104 -3.26158069 -0.93237166  3.6981134   0.9468779  -0.94889724]\n [ 0.85241941 -0.77629764 -0.28982699  0.9468779   1.79359724 -1.57726   ]\n [-0.78745884  0.70064254  0.1784864  -0.94889724 -1.57726     1.71370787]]", "nfev": "266", "njev": "38", "status": "0", "success": "True", "message": "Optimization terminated successfully.", "x": "[ 4.63063335 -0.9594617   1.26215154  5.22888335  1.75833047  2.52249867]", "nit": "23"}, "1": {"maxiter": 100, "gtol": 1e-05, "xrtol": 1e-05, "eps": 1e-10, "duration": 0.001280069351196289, "fun": "0.9944700598716736", "jac": "[0. 0. 0. 0. 0. 0.]", "hess_inv": "[[1 0 0 0 0 0]\n [0 1 0 0 0 0]\n [0 0 1 0 0 0]\n [0 0 0 1 0 0]\n [0 0 0 0 1 0]\n [0 0 0 0 0 1]]", "nfev": "7", "njev": "1", "status": "0", "success": "True", "message": "Optimization terminated successfully.", "x": "[4.8107044  1.5760299  3.98140854 3.79813984 2.30539975 1.61302649]", "nit": "0"}, "2": {"maxiter": 100, "gtol": 1e-05, "xrtol": 1e-10, "eps": 1e-05, "duration": 0.05645179748535156, "fun": "0.19862055778503418", "jac": "[0. 0. 0. 0. 0. 0.]", "hess_inv": "[[ 2.29310073 -1.84698705 -0.80395091  1.19410473  0.66625122 -0.83958212]\n [-1.84698705  4.11230108  0.63050226 -3.20237745 -0.28058594  0.31253256]\n [-0.80395091  0.63050226  1.4233593  -1.34274882 -0.05389223  0.10013467]\n [ 1.19410473 -3.20237745 -1.34274882  4.28654799  0.60497347 -0.94294567]\n [ 0.66625122 -0.28058594 -0.05389223  0.60497347  1.03632271 -0.94029406]\n [-0.83958212  0.31253256  0.10013467 -0.94294567 -0.94029406  1.37470634]]", "nfev": "315", "njev": "45", "status": "0", "success": "True", "message": "Optimization terminated successfully.", "x": "[ 4.63261249 -0.96075703  1.25892903  5.23272379  1.75735622  2.52118931]", "nit": "26"}, "3": {"maxiter": 100, "gtol": 1e-05, "xrtol": 1e-10, "eps": 1e-10, "duration": 0.0012981891632080078, "fun": "0.9944700598716736", "jac": "[0. 0. 0. 0. 0. 0.]", "hess_inv": "[[1 0 0 0 0 0]\n [0 1 0 0 0 0]\n [0 0 1 0 0 0]\n [0 0 0 1 0 0]\n [0 0 0 0 1 0]\n [0 0 0 0 0 1]]", "nfev": "7", "njev": "1", "status": "0", "success": "True", "message": "Optimization terminated successfully.", "x": "[4.8107044  1.5760299  3.98140854 3.79813984 2.30539975 1.61302649]", "nit": "0"}, "4": {"maxiter": 100, "gtol": 1e-10, "xrtol": 1e-05, "eps": 1e-05, "duration": 0.04733991622924805, "fun": "0.19862455129623413", "jac": "[-0.00149012 -0.00149012  0.         -0.00149012  0.00149012  0.        ]", "hess_inv": "[[ 2.02144137 -1.77744923 -0.43785196  0.75092104  0.85241941 -0.78745884]\n [-1.77744923  4.49290297  0.72936121 -3.26158069 -0.77629764  0.70064254]\n [-0.43785196  0.72936121  1.14563105 -0.93237166 -0.28982699  0.1784864 ]\n [ 0.75092104 -3.26158069 -0.93237166  3.6981134   0.9468779  -0.94889724]\n [ 0.85241941 -0.77629764 -0.28982699  0.9468779   1.79359724 -1.57726   ]\n [-0.78745884  0.70064254  0.1784864  -0.94889724 -1.57726     1.71370787]]", "nfev": "266", "njev": "38", "status": "0", "success": "True", "message": "Optimization terminated successfully.", "x": "[ 4.63063335 -0.9594617   1.26215154  5.22888335  1.75833047  2.52249867]", "nit": "23"}, "5": {"maxiter": 100, "gtol": 1e-10, "xrtol": 1e-05, "eps": 1e-10, "duration": 0.0012760162353515625, "fun": "0.9944700598716736", "jac": "[0. 0. 0. 0. 0. 0.]", "hess_inv": "[[1 0 0 0 0 0]\n [0 1 0 0 0 0]\n [0 0 1 0 0 0]\n [0 0 0 1 0 0]\n [0 0 0 0 1 0]\n [0 0 0 0 0 1]]", "nfev": "7", "njev": "1", "status": "0", "success": "True", "message": "Optimization terminated successfully.", "x": "[4.8107044  1.5760299  3.98140854 3.79813984 2.30539975 1.61302649]", "nit": "0"}, "6": {"maxiter": 100, "gtol": 1e-10, "xrtol": 1e-10, "eps": 1e-05, "duration": 0.05591392517089844, "fun": "0.19862055778503418", "jac": "[0. 0. 0. 0. 0. 0.]", "hess_inv": "[[ 2.29310073 -1.84698705 -0.80395091  1.19410473  0.66625122 -0.83958212]\n [-1.84698705  4.11230108  0.63050226 -3.20237745 -0.28058594  0.31253256]\n [-0.80395091  0.63050226  1.4233593  -1.34274882 -0.05389223  0.10013467]\n [ 1.19410473 -3.20237745 -1.34274882  4.28654799  0.60497347 -0.94294567]\n [ 0.66625122 -0.28058594 -0.05389223  0.60497347  1.03632271 -0.94029406]\n [-0.83958212  0.31253256  0.10013467 -0.94294567 -0.94029406  1.37470634]]", "nfev": "315", "njev": "45", "status": "0", "success": "True", "message": "Optimization terminated successfully.", "x": "[ 4.63261249 -0.96075703  1.25892903  5.23272379  1.75735622  2.52118931]", "nit": "26"}, "7": {"maxiter": 100, "gtol": 1e-10, "xrtol": 1e-10, "eps": 1e-10, "duration": 0.0012707710266113281, "fun": "0.9944700598716736", "jac": "[0. 0. 0. 0. 0. 0.]", "hess_inv": "[[1 0 0 0 0 0]\n [0 1 0 0 0 0]\n [0 0 1 0 0 0]\n [0 0 0 1 0 0]\n [0 0 0 0 1 0]\n [0 0 0 0 0 1]]", "nfev": "7", "njev": "1", "status": "0", "success": "True", "message": "Optimization terminated successfully.", "x": "[4.8107044  1.5760299  3.98140854 3.79813984 2.30539975 1.61302649]", "nit": "0"}, "8": {"maxiter": 500, "gtol": 1e-05, "xrtol": 1e-05, "eps": 1e-05, "duration": 0.047171831130981445, "fun": "0.19862455129623413", "jac": "[-0.00149012 -0.00149012  0.         -0.00149012  0.00149012  0.        ]", "hess_inv": "[[ 2.02144137 -1.77744923 -0.43785196  0.75092104  0.85241941 -0.78745884]\n [-1.77744923  4.49290297  0.72936121 -3.26158069 -0.77629764  0.70064254]\n [-0.43785196  0.72936121  1.14563105 -0.93237166 -0.28982699  0.1784864 ]\n [ 0.75092104 -3.26158069 -0.93237166  3.6981134   0.9468779  -0.94889724]\n [ 0.85241941 -0.77629764 -0.28982699  0.9468779   1.79359724 -1.57726   ]\n [-0.78745884  0.70064254  0.1784864  -0.94889724 -1.57726     1.71370787]]", "nfev": "266", "njev": "38", "status": "0", "success": "True", "message": "Optimization terminated successfully.", "x": "[ 4.63063335 -0.9594617   1.26215154  5.22888335  1.75833047  2.52249867]", "nit": "23"}, "9": {"maxiter": 500, "gtol": 1e-05, "xrtol": 1e-05, "eps": 1e-10, "duration": 0.001271963119506836, "fun": "0.9944700598716736", "jac": "[0. 0. 0. 0. 0. 0.]", "hess_inv": "[[1 0 0 0 0 0]\n [0 1 0 0 0 0]\n [0 0 1 0 0 0]\n [0 0 0 1 0 0]\n [0 0 0 0 1 0]\n [0 0 0 0 0 1]]", "nfev": "7", "njev": "1", "status": "0", "success": "True", "message": "Optimization terminated successfully.", "x": "[4.8107044  1.5760299  3.98140854 3.79813984 2.30539975 1.61302649]", "nit": "0"}, "10": {"maxiter": 500, "gtol": 1e-05, "xrtol": 1e-10, "eps": 1e-05, "duration": 0.05570697784423828, "fun": "0.19862055778503418", "jac": "[0. 0. 0. 0. 0. 0.]", "hess_inv": "[[ 2.29310073 -1.84698705 -0.80395091  1.19410473  0.66625122 -0.83958212]\n [-1.84698705  4.11230108  0.63050226 -3.20237745 -0.28058594  0.31253256]\n [-0.80395091  0.63050226  1.4233593  -1.34274882 -0.05389223  0.10013467]\n [ 1.19410473 -3.20237745 -1.34274882  4.28654799  0.60497347 -0.94294567]\n [ 0.66625122 -0.28058594 -0.05389223  0.60497347  1.03632271 -0.94029406]\n [-0.83958212  0.31253256  0.10013467 -0.94294567 -0.94029406  1.37470634]]", "nfev": "315", "njev": "45", "status": "0", "success": "True", "message": "Optimization terminated successfully.", "x": "[ 4.63261249 -0.96075703  1.25892903  5.23272379  1.75735622  2.52118931]", "nit": "26"}, "11": {"maxiter": 500, "gtol": 1e-05, "xrtol": 1e-10, "eps": 1e-10, "duration": 0.0012569427490234375, "fun": "0.9944700598716736", "jac": "[0. 0. 0. 0. 0. 0.]", "hess_inv": "[[1 0 0 0 0 0]\n [0 1 0 0 0 0]\n [0 0 1 0 0 0]\n [0 0 0 1 0 0]\n [0 0 0 0 1 0]\n [0 0 0 0 0 1]]", "nfev": "7", "njev": "1", "status": "0", "success": "True", "message": "Optimization terminated successfully.", "x": "[4.8107044  1.5760299  3.98140854 3.79813984 2.30539975 1.61302649]", "nit": "0"}, "12": {"maxiter": 500, "gtol": 1e-10, "xrtol": 1e-05, "eps": 1e-05, "duration": 0.04695725440979004, "fun": "0.19862455129623413", "jac": "[-0.00149012 -0.00149012  0.         -0.00149012  0.00149012  0.        ]", "hess_inv": "[[ 2.02144137 -1.77744923 -0.43785196  0.75092104  0.85241941 -0.78745884]\n [-1.77744923  4.49290297  0.72936121 -3.26158069 -0.77629764  0.70064254]\n [-0.43785196  0.72936121  1.14563105 -0.93237166 -0.28982699  0.1784864 ]\n [ 0.75092104 -3.26158069 -0.93237166  3.6981134   0.9468779  -0.94889724]\n [ 0.85241941 -0.77629764 -0.28982699  0.9468779   1.79359724 -1.57726   ]\n [-0.78745884  0.70064254  0.1784864  -0.94889724 -1.57726     1.71370787]]", "nfev": "266", "njev": "38", "status": "0", "success": "True", "message": "Optimization terminated successfully.", "x": "[ 4.63063335 -0.9594617   1.26215154  5.22888335  1.75833047  2.52249867]", "nit": "23"}, "13": {"maxiter": 500, "gtol": 1e-10, "xrtol": 1e-05, "eps": 1e-10, "duration": 0.0012631416320800781, "fun": "0.9944700598716736", "jac": "[0. 0. 0. 0. 0. 0.]", "hess_inv": "[[1 0 0 0 0 0]\n [0 1 0 0 0 0]\n [0 0 1 0 0 0]\n [0 0 0 1 0 0]\n [0 0 0 0 1 0]\n [0 0 0 0 0 1]]", "nfev": "7", "njev": "1", "status": "0", "success": "True", "message": "Optimization terminated successfully.", "x": "[4.8107044  1.5760299  3.98140854 3.79813984 2.30539975 1.61302649]", "nit": "0"}, "14": {"maxiter": 500, "gtol": 1e-10, "xrtol": 1e-10, "eps": 1e-05, "duration": 0.05555105209350586, "fun": "0.19862055778503418", "jac": "[0. 0. 0. 0. 0. 0.]", "hess_inv": "[[ 2.29310073 -1.84698705 -0.80395091  1.19410473  0.66625122 -0.83958212]\n [-1.84698705  4.11230108  0.63050226 -3.20237745 -0.28058594  0.31253256]\n [-0.80395091  0.63050226  1.4233593  -1.34274882 -0.05389223  0.10013467]\n [ 1.19410473 -3.20237745 -1.34274882  4.28654799  0.60497347 -0.94294567]\n [ 0.66625122 -0.28058594 -0.05389223  0.60497347  1.03632271 -0.94029406]\n [-0.83958212  0.31253256  0.10013467 -0.94294567 -0.94029406  1.37470634]]", "nfev": "315", "njev": "45", "status": "0", "success": "True", "message": "Optimization terminated successfully.", "x": "[ 4.63261249 -0.96075703  1.25892903  5.23272379  1.75735622  2.52118931]", "nit": "26"}, "15": {"maxiter": 500, "gtol": 1e-10, "xrtol": 1e-10, "eps": 1e-10, "duration": 0.001255035400390625, "fun": "0.9944700598716736", "jac": "[0. 0. 0. 0. 0. 0.]", "hess_inv": "[[1 0 0 0 0 0]\n [0 1 0 0 0 0]\n [0 0 1 0 0 0]\n [0 0 0 1 0 0]\n [0 0 0 0 1 0]\n [0 0 0 0 0 1]]", "nfev": "7", "njev": "1", "status": "0", "success": "True", "message": "Optimization terminated successfully.", "x": "[4.8107044  1.5760299  3.98140854 3.79813984 2.30539975 1.61302649]", "nit": "0"}, "16": {"maxiter": 1000, "gtol": 1e-05, "xrtol": 1e-05, "eps": 1e-05, "duration": 0.04687786102294922, "fun": "0.19862455129623413", "jac": "[-0.00149012 -0.00149012  0.         -0.00149012  0.00149012  0.        ]", "hess_inv": "[[ 2.02144137 -1.77744923 -0.43785196  0.75092104  0.85241941 -0.78745884]\n [-1.77744923  4.49290297  0.72936121 -3.26158069 -0.77629764  0.70064254]\n [-0.43785196  0.72936121  1.14563105 -0.93237166 -0.28982699  0.1784864 ]\n [ 0.75092104 -3.26158069 -0.93237166  3.6981134   0.9468779  -0.94889724]\n [ 0.85241941 -0.77629764 -0.28982699  0.9468779   1.79359724 -1.57726   ]\n [-0.78745884  0.70064254  0.1784864  -0.94889724 -1.57726     1.71370787]]", "nfev": "266", "njev": "38", "status": "0", "success": "True", "message": "Optimization terminated successfully.", "x": "[ 4.63063335 -0.9594617   1.26215154  5.22888335  1.75833047  2.52249867]", "nit": "23"}, "17": {"maxiter": 1000, "gtol": 1e-05, "xrtol": 1e-05, "eps": 1e-10, "duration": 0.0012600421905517578, "fun": "0.9944700598716736", "jac": "[0. 0. 0. 0. 0. 0.]", "hess_inv": "[[1 0 0 0 0 0]\n [0 1 0 0 0 0]\n [0 0 1 0 0 0]\n [0 0 0 1 0 0]\n [0 0 0 0 1 0]\n [0 0 0 0 0 1]]", "nfev": "7", "njev": "1", "status": "0", "success": "True", "message": "Optimization terminated successfully.", "x": "[4.8107044  1.5760299  3.98140854 3.79813984 2.30539975 1.61302649]", "nit": "0"}, "18": {"maxiter": 1000, "gtol": 1e-05, "xrtol": 1e-10, "eps": 1e-05, "duration": 0.05552983283996582, "fun": "0.19862055778503418", "jac": "[0. 0. 0. 0. 0. 0.]", "hess_inv": "[[ 2.29310073 -1.84698705 -0.80395091  1.19410473  0.66625122 -0.83958212]\n [-1.84698705  4.11230108  0.63050226 -3.20237745 -0.28058594  0.31253256]\n [-0.80395091  0.63050226  1.4233593  -1.34274882 -0.05389223  0.10013467]\n [ 1.19410473 -3.20237745 -1.34274882  4.28654799  0.60497347 -0.94294567]\n [ 0.66625122 -0.28058594 -0.05389223  0.60497347  1.03632271 -0.94029406]\n [-0.83958212  0.31253256  0.10013467 -0.94294567 -0.94029406  1.37470634]]", "nfev": "315", "njev": "45", "status": "0", "success": "True", "message": "Optimization terminated successfully.", "x": "[ 4.63261249 -0.96075703  1.25892903  5.23272379  1.75735622  2.52118931]", "nit": "26"}, "19": {"maxiter": 1000, "gtol": 1e-05, "xrtol": 1e-10, "eps": 1e-10, "duration": 0.00125885009765625, "fun": "0.9944700598716736", "jac": "[0. 0. 0. 0. 0. 0.]", "hess_inv": "[[1 0 0 0 0 0]\n [0 1 0 0 0 0]\n [0 0 1 0 0 0]\n [0 0 0 1 0 0]\n [0 0 0 0 1 0]\n [0 0 0 0 0 1]]", "nfev": "7", "njev": "1", "status": "0", "success": "True", "message": "Optimization terminated successfully.", "x": "[4.8107044  1.5760299  3.98140854 3.79813984 2.30539975 1.61302649]", "nit": "0"}, "20": {"maxiter": 1000, "gtol": 1e-10, "xrtol": 1e-05, "eps": 1e-05, "duration": 0.047142982482910156, "fun": "0.19862455129623413", "jac": "[-0.00149012 -0.00149012  0.         -0.00149012  0.00149012  0.        ]", "hess_inv": "[[ 2.02144137 -1.77744923 -0.43785196  0.75092104  0.85241941 -0.78745884]\n [-1.77744923  4.49290297  0.72936121 -3.26158069 -0.77629764  0.70064254]\n [-0.43785196  0.72936121  1.14563105 -0.93237166 -0.28982699  0.1784864 ]\n [ 0.75092104 -3.26158069 -0.93237166  3.6981134   0.9468779  -0.94889724]\n [ 0.85241941 -0.77629764 -0.28982699  0.9468779   1.79359724 -1.57726   ]\n [-0.78745884  0.70064254  0.1784864  -0.94889724 -1.57726     1.71370787]]", "nfev": "266", "njev": "38", "status": "0", "success": "True", "message": "Optimization terminated successfully.", "x": "[ 4.63063335 -0.9594617   1.26215154  5.22888335  1.75833047  2.52249867]", "nit": "23"}, "21": {"maxiter": 1000, "gtol": 1e-10, "xrtol": 1e-05, "eps": 1e-10, "duration": 0.0012841224670410156, "fun": "0.9944700598716736", "jac": "[0. 0. 0. 0. 0. 0.]", "hess_inv": "[[1 0 0 0 0 0]\n [0 1 0 0 0 0]\n [0 0 1 0 0 0]\n [0 0 0 1 0 0]\n [0 0 0 0 1 0]\n [0 0 0 0 0 1]]", "nfev": "7", "njev": "1", "status": "0", "success": "True", "message": "Optimization terminated successfully.", "x": "[4.8107044  1.5760299  3.98140854 3.79813984 2.30539975 1.61302649]", "nit": "0"}, "22": {"maxiter": 1000, "gtol": 1e-10, "xrtol": 1e-10, "eps": 1e-05, "duration": 0.05597996711730957, "fun": "0.19862055778503418", "jac": "[0. 0. 0. 0. 0. 0.]", "hess_inv": "[[ 2.29310073 -1.84698705 -0.80395091  1.19410473  0.66625122 -0.83958212]\n [-1.84698705  4.11230108  0.63050226 -3.20237745 -0.28058594  0.31253256]\n [-0.80395091  0.63050226  1.4233593  -1.34274882 -0.05389223  0.10013467]\n [ 1.19410473 -3.20237745 -1.34274882  4.28654799  0.60497347 -0.94294567]\n [ 0.66625122 -0.28058594 -0.05389223  0.60497347  1.03632271 -0.94029406]\n [-0.83958212  0.31253256  0.10013467 -0.94294567 -0.94029406  1.37470634]]", "nfev": "315", "njev": "45", "status": "0", "success": "True", "message": "Optimization terminated successfully.", "x": "[ 4.63261249 -0.96075703  1.25892903  5.23272379  1.75735622  2.52118931]", "nit": "26"}, "23": {"maxiter": 1000, "gtol": 1e-10, "xrtol": 1e-10, "eps": 1e-10, "duration": 0.0012679100036621094, "fun": "0.9944700598716736", "jac": "[0. 0. 0. 0. 0. 0.]", "hess_inv": "[[1 0 0 0 0 0]\n [0 1 0 0 0 0]\n [0 0 1 0 0 0]\n [0 0 0 1 0 0]\n [0 0 0 0 1 0]\n [0 0 0 0 0 1]]", "nfev": "7", "njev": "1", "status": "0", "success": "True", "message": "Optimization terminated successfully.", "x": "[4.8107044  1.5760299  3.98140854 3.79813984 2.30539975 1.61302649]", "nit": "0"}}, "cobyla": {"0": {"maxiter": 100, "tol": 1e-05, "catol": 1e-05, "duration": 0.017105817794799805, "x": "[7.36694404 1.18856734 4.26482383 5.7123086  3.42070037 1.23369155]", "status": "2", "success": "False", "message": "Maximum number of function evaluations has been exceeded.", "nfev": "100", "fun": "0.23022007942199707", "maxcv": "0.0"}, "1": {"maxiter": 100, "tol": 1e-05, "catol": 1e-10, "duration": 0.017104148864746094, "x": "[7.36694404 1.18856734 4.26482383 5.7123086  3.42070037 1.23369155]", "status": "2", "success": "False", "message": "Maximum number of function evaluations has been exceeded.", "nfev": "100", "fun": "0.23022007942199707", "maxcv": "0.0"}, "2": {"maxiter": 100, "tol": 1e-10, "catol": 1e-05, "duration": 0.017308950424194336, "x": "[7.36694404 1.18856734 4.26482383 5.7123086  3.42070037 1.23369155]", "status": "2", "success": "False", "message": "Maximum number of function evaluations has been exceeded.", "nfev": "100", "fun": "0.23022007942199707", "maxcv": "0.0"}, "3": {"maxiter": 100, "tol": 1e-10, "catol": 1e-10, "duration": 0.017122983932495117, "x": "[7.36694404 1.18856734 4.26482383 5.7123086  3.42070037 1.23369155]", "status": "2", "success": "False", "message": "Maximum number of function evaluations has been exceeded.", "nfev": "100", "fun": "0.23022007942199707", "maxcv": "0.0"}, "4": {"maxiter": 500, "tol": 1e-05, "catol": 1e-05, "duration": 0.08551907539367676, "x": "[7.92227086 2.15675787 4.38953098 5.25322003 1.77990625 2.51081638]", "status": "2", "success": "False", "message": "Maximum number of function evaluations has been exceeded.", "nfev": "500", "fun": "0.19865791499614716", "maxcv": "0.0"}, "5": {"maxiter": 500, "tol": 1e-05, "catol": 1e-10, "duration": 0.0857090950012207, "x": "[7.92227086 2.15675787 4.38953098 5.25322003 1.77990625 2.51081638]", "status": "2", "success": "False", "message": "Maximum number of function evaluations has been exceeded.", "nfev": "500", "fun": "0.19865791499614716", "maxcv": "0.0"}, "6": {"maxiter": 500, "tol": 1e-10, "catol": 1e-05, "duration": 0.08537077903747559, "x": "[7.92227086 2.15675787 4.38953098 5.25322003 1.77990625 2.51081638]", "status": "2", "success": "False", "message": "Maximum number of function evaluations has been exceeded.", "nfev": "500", "fun": "0.19865791499614716", "maxcv": "0.0"}, "7": {"maxiter": 500, "tol": 1e-10, "catol": 1e-10, "duration": 0.0854330062866211, "x": "[7.92227086 2.15675787 4.38953098 5.25322003 1.77990625 2.51081638]", "status": "2", "success": "False", "message": "Maximum number of function evaluations has been exceeded.", "nfev": "500", "fun": "0.19865791499614716", "maxcv": "0.0"}, "8": {"maxiter": 1000, "tol": 1e-05, "catol": 1e-05, "duration": 0.13030385971069336, "x": "[7.93701626 2.18663349 4.40348772 5.22802702 1.75115776 2.52342202]", "status": "1", "success": "True", "message": "Optimization terminated successfully.", "nfev": "763", "fun": "0.1986173689365387", "maxcv": "0.0"}, "9": {"maxiter": 1000, "tol": 1e-05, "catol": 1e-10, "duration": 0.13533496856689453, "x": "[7.93701626 2.18663349 4.40348772 5.22802702 1.75115776 2.52342202]", "status": "1", "success": "True", "message": "Optimization terminated successfully.", "nfev": "763", "fun": "0.1986173689365387", "maxcv": "0.0"}, "10": {"maxiter": 1000, "tol": 1e-10, "catol": 1e-05, "duration": 0.14191293716430664, "x": "[7.93701626 2.18663349 4.40348772 5.22802702 1.75115776 2.52342202]", "status": "1", "success": "True", "message": "Optimization terminated successfully.", "nfev": "797", "fun": "0.1986173689365387", "maxcv": "0.0"}, "11": {"maxiter": 1000, "tol": 1e-10, "catol": 1e-10, "duration": 0.14174723625183105, "x": "[7.93701626 2.18663349 4.40348772 5.22802702 1.75115776 2.52342202]", "status": "1", "success": "True", "message": "Optimization terminated successfully.", "nfev": "797", "fun": "0.1986173689365387", "maxcv": "0.0"}}, "powell": {"0": {"maxiter": 100, "ftol": 1e-05, "xtol": 1e-05, "duration": 0.13500618934631348, "fun": "0.19861681759357452", "direc": "[[ 1.          0.          0.          0.          0.          0.        ]\n [ 0.01859258  0.00222423  0.03026952  0.00301437 -0.06870038  0.04430109]\n [ 0.          0.          1.          0.          0.          0.        ]\n [ 0.          0.          0.          1.          0.          0.        ]\n [ 0.          0.          0.          0.          0.          1.        ]\n [ 0.05733391  0.12885599  0.03612877 -0.10580699 -0.1116475   0.05744657]]", "nit": "9", "nfev": "751", "status": "0", "success": "True", "message": "Optimization terminated successfully.", "x": "[7.93869111 2.19040689 4.40515279 5.22475863 1.74764583 2.52499283]"}, "1": {"maxiter": 100, "ftol": 1e-05, "xtol": 1e-10, "duration": 0.3295161724090576, "fun": "0.19861681759357452", "direc": "[[ 1.          0.          0.          0.          0.          0.        ]\n [ 0.01880416  0.00255368  0.03062979  0.0030659  -0.06931665  0.04453056]\n [ 0.          0.          1.          0.          0.          0.        ]\n [ 0.          0.          0.          1.          0.          0.        ]\n [ 0.          0.          0.          0.          0.          1.        ]\n [ 0.05673121  0.12767381  0.03588278 -0.10422228 -0.11055348  0.05775786]]", "nit": "9", "nfev": "1842", "status": "0", "success": "True", "message": "Optimization terminated successfully.", "x": "[7.93863138 2.19033274 4.4051086  5.22481425 1.74769513 2.52503294]"}, "2": {"maxiter": 100, "ftol": 1e-10, "xtol": 1e-05, "duration": 0.16765999794006348, "fun": "0.19861681759357452", "direc": "[[ 1.          0.          0.          0.          0.          0.        ]\n [ 0.01859258  0.00222423  0.03026952  0.00301437 -0.06870038  0.04430109]\n [ 0.          0.          1.          0.          0.          0.        ]\n [ 0.          0.          0.          1.          0.          0.        ]\n [ 0.          0.          0.          0.          0.          1.        ]\n [ 0.05733391  0.12885599  0.03612877 -0.10580699 -0.1116475   0.05744657]]", "nit": "10", "nfev": "962", "status": "0", "success": "True", "message": "Optimization terminated successfully.", "x": "[7.93863339 2.19039998 4.40505882 5.22474927 1.74785911 2.5248553 ]"}, "3": {"maxiter": 100, "ftol": 1e-10, "xtol": 1e-10, "duration": 0.3606102466583252, "fun": "0.19861681759357452", "direc": "[[ 1.          0.          0.          0.          0.          0.        ]\n [ 0.01880416  0.00255368  0.03062979  0.0030659  -0.06931665  0.04453056]\n [ 0.          0.          1.          0.          0.          0.        ]\n [ 0.          0.          0.          1.          0.          0.        ]\n [ 0.          0.          0.          0.          0.          1.        ]\n [ 0.05673121  0.12767381  0.03588278 -0.10422228 -0.11055348  0.05775786]]", "nit": "10", "nfev": "2084", "status": "0", "success": "True", "message": "Optimization terminated successfully.", "x": "[7.93857103 2.19032455 4.4050103  5.22480441 1.74791758 2.52484355]"}, "4": {"maxiter": 500, "ftol": 1e-05, "xtol": 1e-05, "duration": 0.13503289222717285, "fun": "0.19861681759357452", "direc": "[[ 1.          0.          0.          0.          0.          0.        ]\n [ 0.01859258  0.00222423  0.03026952  0.00301437 -0.06870038  0.04430109]\n [ 0.          0.          1.          0.          0.          0.        ]\n [ 0.          0.          0.          1.          0.          0.        ]\n [ 0.          0.          0.          0.          0.          1.        ]\n [ 0.05733391  0.12885599  0.03612877 -0.10580699 -0.1116475   0.05744657]]", "nit": "9", "nfev": "751", "status": "0", "success": "True", "message": "Optimization terminated successfully.", "x": "[7.93869111 2.19040689 4.40515279 5.22475863 1.74764583 2.52499283]"}, "5": {"maxiter": 500, "ftol": 1e-05, "xtol": 1e-10, "duration": 0.32970309257507324, "fun": "0.19861681759357452", "direc": "[[ 1.          0.          0.          0.          0.          0.        ]\n [ 0.01880416  0.00255368  0.03062979  0.0030659  -0.06931665  0.04453056]\n [ 0.          0.          1.          0.          0.          0.        ]\n [ 0.          0.          0.          1.          0.          0.        ]\n [ 0.          0.          0.          0.          0.          1.        ]\n [ 0.05673121  0.12767381  0.03588278 -0.10422228 -0.11055348  0.05775786]]", "nit": "9", "nfev": "1842", "status": "0", "success": "True", "message": "Optimization terminated successfully.", "x": "[7.93863138 2.19033274 4.4051086  5.22481425 1.74769513 2.52503294]"}, "6": {"maxiter": 500, "ftol": 1e-10, "xtol": 1e-05, "duration": 0.17179274559020996, "fun": "0.19861681759357452", "direc": "[[ 1.          0.          0.          0.          0.          0.        ]\n [ 0.01859258  0.00222423  0.03026952  0.00301437 -0.06870038  0.04430109]\n [ 0.          0.          1.          0.          0.          0.        ]\n [ 0.          0.          0.          1.          0.          0.        ]\n [ 0.          0.          0.          0.          0.          1.        ]\n [ 0.05733391  0.12885599  0.03612877 -0.10580699 -0.1116475   0.05744657]]", "nit": "10", "nfev": "962", "status": "0", "success": "True", "message": "Optimization terminated successfully.", "x": "[7.93863339 2.19039998 4.40505882 5.22474927 1.74785911 2.5248553 ]"}, "7": {"maxiter": 500, "ftol": 1e-10, "xtol": 1e-10, "duration": 0.3714570999145508, "fun": "0.19861681759357452", "direc": "[[ 1.          0.          0.          0.          0.          0.        ]\n [ 0.01880416  0.00255368  0.03062979  0.0030659  -0.06931665  0.04453056]\n [ 0.          0.          1.          0.          0.          0.        ]\n [ 0.          0.          0.          1.          0.          0.        ]\n [ 0.          0.          0.          0.          0.          1.        ]\n [ 0.05673121  0.12767381  0.03588278 -0.10422228 -0.11055348  0.05775786]]", "nit": "10", "nfev": "2084", "status": "0", "success": "True", "message": "Optimization terminated successfully.", "x": "[7.93857103 2.19032455 4.4050103  5.22480441 1.74791758 2.524843