{"conf_id": 31, "data_type": "random\n", "num_data_points": 2, "s_rank": 0, "unitary": "[[-0.56303964-0.00798273j,-0.21670212-0.15784972j,-0.06047197-0.73952673j,-0.01438004+0.24552571j],[-0.06976756+0.23474685j,-0.01275565-0.5435098j,-0.02703657-0.08917885j,-0.08210486-0.79311774j],[-0.38559961+0.10714929j,0.5933431-0.2687392j,-0.24060861+0.29149289j,-0.45147719+0.26241743j],[-0.50180421+0.45931857j,-0.11617175+0.44134496j,0.49642745+0.22684508j,-0.08544628-0.15407063j]]", "databatch_0": {"databatch": "[[[0.1482445-0.2010065j,0.13158641-0.15129176j,-0.10374021-0.04365144j,-0.03139876+0.03750147j],[0.15100335+0.35173726j,-0.09991552+0.11844186j,0.195404-0.18507733j,-0.13689467+0.02966255j],[0.06321619+0.06636857j,-0.06355968-0.2001392j,0.11614456-0.07293242j,-0.15256438+0.01465266j],[-0.20293048+0.31238941j,-0.54081549-0.013918j,0.23868504-0.08541234j,-0.11942113+0.12247797j]],[[-0.00510566-0.05299698j,0.03957054-0.29028839j,-0.05027002-0.22789308j,-0.00546651-0.04617877j],[-0.29968872-0.12535267j,-0.17775007+0.45487071j,-0.03312477+0.09216063j,-0.02398621-0.0914506j],[-0.12022096+0.02025128j,0.17883425-0.1317136j,-0.38074051+0.10775403j,0.0715463-0.21637155j],[-0.10222113-0.04581151j,0.00270305+0.14640247j,0.36664559+0.15750077j,-0.14620438-0.06961134j]]]", "nelder_mead": {"0": {"maxiter": 100, "fatol": 1e-05, "xatol": 1e-05, "duration": 0.028635263442993164, "fun": "0.4645514190196991", "nit": "100", "nfev": "155", "status": "2", "success": "False", "message": "Maximum number of iterations has been exceeded.", "x": "[1.17809574 6.4335846  6.00496731 3.26799214 2.0212418  7.38971838]", "final_simplex": "(array([[1.17809574, 6.4335846 , 6.00496731, 3.26799214, 2.0212418 ,\n        7.38971838],\n       [1.17706279, 6.42290329, 6.02214677, 3.31856037, 2.0224372 ,\n        7.34169008],\n       [1.16609943, 6.42942432, 5.96770312, 3.32215269, 2.00651602,\n        7.41033962],\n       [1.16328688, 6.43391851, 6.00294908, 3.34101507, 1.97244285,\n        7.40950622],\n       [1.17979666, 6.37879569, 6.01951357, 3.32781257, 2.00892546,\n        7.36724444],\n       [1.17018534, 6.41962699, 6.06033227, 3.30667006, 2.00441411,\n        7.38534553],\n       [1.1581667 , 6.44669438, 6.01039357, 3.31525944, 2.01862355,\n        7.3688341 ]]), array([0.46455142, 0.46464527, 0.46469223, 0.46474832, 0.46478066,\n       0.46479601, 0.46495232]))"}, "1": {"maxiter": 100, "fatol": 1e-05, "xatol": 1e-10, "duration": 0.030320167541503906, "fun": "0.4645514190196991", "nit": "100", "nfev": "155", "status": "2", "success": "False", "message": "Maximum number of iterations has been exceeded.", "x": "[1.17809574 6.4335846  6.00496731 3.26799214 2.0212418  7.38971838]", "final_simplex": "(array([[1.17809574, 6.4335846 , 6.00496731, 3.26799214, 2.0212418 ,\n        7.38971838],\n       [1.17706279, 6.42290329, 6.02214677, 3.31856037, 2.0224372 ,\n        7.34169008],\n       [1.16609943, 6.42942432, 5.96770312, 3.32215269, 2.00651602,\n        7.41033962],\n       [1.16328688, 6.43391851, 6.00294908, 3.34101507, 1.97244285,\n        7.40950622],\n       [1.17979666, 6.37879569, 6.01951357, 3.32781257, 2.00892546,\n        7.36724444],\n       [1.17018534, 6.41962699, 6.06033227, 3.30667006, 2.00441411,\n        7.38534553],\n       [1.1581667 , 6.44669438, 6.01039357, 3.31525944, 2.01862355,\n        7.3688341 ]]), array([0.46455142, 0.46464527, 0.46469223, 0.46474832, 0.46478066,\n       0.46479601, 0.46495232]))"}, "2": {"maxiter": 100, "fatol": 1e-10, "xatol": 1e-05, "duration": 0.02938103675842285, "fun": "0.4645514190196991", "nit": "100", "nfev": "155", "status": "2", "success": "False", "message": "Maximum number of iterations has been exceeded.", "x": "[1.17809574 6.4335846  6.00496731 3.26799214 2.0212418  7.38971838]", "final_simplex": "(array([[1.17809574, 6.4335846 , 6.00496731, 3.26799214, 2.0212418 ,\n        7.38971838],\n       [1.17706279, 6.42290329, 6.02214677, 3.31856037, 2.0224372 ,\n        7.34169008],\n       [1.16609943, 6.42942432, 5.96770312, 3.32215269, 2.00651602,\n        7.41033962],\n       [1.16328688, 6.43391851, 6.00294908, 3.34101507, 1.97244285,\n        7.40950622],\n       [1.17979666, 6.37879569, 6.01951357, 3.32781257, 2.00892546,\n        7.36724444],\n       [1.17018534, 6.41962699, 6.06033227, 3.30667006, 2.00441411,\n        7.38534553],\n       [1.1581667 , 6.44669438, 6.01039357, 3.31525944, 2.01862355,\n        7.3688341 ]]), array([0.46455142, 0.46464527, 0.46469223, 0.46474832, 0.46478066,\n       0.46479601, 0.46495232]))"}, "3": {"maxiter": 100, "fatol": 1e-10, "xatol": 1e-10, "duration": 0.03020000457763672, "fun": "0.4645514190196991", "nit": "100", "nfev": "155", "status": "2", "success": "False", "message": "Maximum number of iterations has been exceeded.", "x": "[1.17809574 6.4335846  6.00496731 3.26799214 2.0212418  7.38971838]", "final_simplex": "(array([[1.17809574, 6.4335846 , 6.00496731, 3.26799214, 2.0212418 ,\n        7.38971838],\n       [1.17706279, 6.42290329, 6.02214677, 3.31856037, 2.0224372 ,\n        7.34169008],\n       [1.16609943, 6.42942432, 5.96770312, 3.32215269, 2.00651602,\n        7.41033962],\n       [1.16328688, 6.43391851, 6.00294908, 3.34101507, 1.97244285,\n        7.40950622],\n       [1.17979666, 6.37879569, 6.01951357, 3.32781257, 2.00892546,\n        7.36724444],\n       [1.17018534, 6.41962699, 6.06033227, 3.30667006, 2.00441411,\n        7.38534553],\n       [1.1581667 , 6.44669438, 6.01039357, 3.31525944, 2.01862355,\n        7.3688341 ]]), array([0.46455142, 0.46464527, 0.46469223, 0.46474832, 0.46478066,\n       0.46479601, 0.46495232]))"}, "4": {"maxiter": 500, "fatol": 1e-05, "xatol": 1e-05, "duration": 0.11415791511535645, "fun": "0.4349723756313324", "nit": "373", "nfev": "607", "status": "0", "success": "True", "message": "Optimization terminated successfully.", "x": "[1.49495375 6.46154514 6.21602773 3.66517811 3.28830099 8.50943622]", "final_simplex": "(array([[1.49495375, 6.46154514, 6.21602773, 3.66517811, 3.28830099,\n        8.50943622],\n       [1.49495422, 6.46155201, 6.21602591, 3.66518183, 3.2883002 ,\n        8.5094393 ],\n       [1.49494967, 6.4615526 , 6.21603143, 3.66518087, 3.28830679,\n        8.50944433],\n       [1.49494871, 6.46154786, 6.21602532, 3.66518338, 3.28830561,\n        8.5094407 ],\n       [1.49495228, 6.46154511, 6.21603023, 3.66518484, 3.28830562,\n        8.50944047],\n       [1.49495094, 6.46154461, 6.21602243, 3.66518026, 3.28829596,\n        8.50943574],\n       [1.49495089, 6.46154716, 6.21602613, 3.6651792 , 3.28830896,\n        8.50944484]]), array([0.43497238, 0.43497238, 0.43497238, 0.43497238, 0.43497238,\n       0.43497238, 0.43497238]))"}, "5": {"maxiter": 500, "fatol": 1e-05, "xatol": 1e-10, "duration": 0.13672113418579102, "fun": "0.4349723756313324", "nit": "390", "nfev": "743", "status": "0", "success": "True", "message": "Optimization terminated successfully.", "x": "[1.49495375 6.46154514 6.21602773 3.66517811 3.28830099 8.50943622]", "final_simplex": "(array([[1.49495375, 6.46154514, 6.21602773, 3.66517811, 3.28830099,\n        8.50943622],\n       [1.49495375, 6.46154514, 6.21602773, 3.66517811, 3.28830099,\n        8.50943622],\n       [1.49495375, 6.46154514, 6.21602773, 3.66517811, 3.28830099,\n        8.50943622],\n       [1.49495375, 6.46154514, 6.21602773, 3.66517811, 3.28830099,\n        8.50943622],\n       [1.49495375, 6.46154514, 6.21602773, 3.66517811, 3.28830099,\n        8.50943622],\n       [1.49495375, 6.46154514, 6.21602773, 3.66517811, 3.28830099,\n        8.50943622],\n       [1.49495375, 6.46154514, 6.21602773, 3.66517811, 3.28830099,\n        8.50943622]]), array([0.43497238, 0.43497238, 0.43497238, 0.43497238, 0.43497238,\n       0.43497238, 0.43497238]))"}, "6": {"maxiter": 500, "fatol": 1e-10, "xatol": 1e-05, "duration": 0.11177206039428711, "fun": "0.4349723756313324", "nit": "373", "nfev": "607", "status": "0", "success": "True", "message": "Optimization terminated successfully.", "x": "[1.49495375 6.46154514 6.21602773 3.66517811 3.28830099 8.50943622]", "final_simplex": "(array([[1.49495375, 6.46154514, 6.21602773, 3.66517811, 3.28830099,\n        8.50943622],\n       [1.49495422, 6.46155201, 6.21602591, 3.66518183, 3.2883002 ,\n        8.5094393 ],\n       [1.49494967, 6.4615526 , 6.21603143, 3.66518087, 3.28830679,\n        8.50944433],\n       [1.49494871, 6.46154786, 6.21602532, 3.66518338, 3.28830561,\n        8.5094407 ],\n       [1.49495228, 6.46154511, 6.21603023, 3.66518484, 3.28830562,\n        8.50944047],\n       [1.49495094, 6.46154461, 6.21602243, 3.66518026, 3.28829596,\n        8.50943574],\n       [1.49495089, 6.46154716, 6.21602613, 3.6651792 , 3.28830896,\n        8.50944484]]), array([0.43497238, 0.43497238, 0.43497238, 0.43497238, 0.43497238,\n       0.43497238, 0.43497238]))"}, "7": {"maxiter": 500, "fatol": 1e-10, "xatol": 1e-10, "duration": 0.13633203506469727, "fun": "0.4349723756313324", "nit": "390", "nfev": "743", "status": "0", "success": "True", "message": "Optimization terminated successfully.", "x": "[1.49495375 6.46154514 6.21602773 3.66517811 3.28830099 8.50943622]", "final_simplex": "(array([[1.49495375, 6.46154514, 6.21602773, 3.66517811, 3.28830099,\n        8.50943622],\n       [1.49495375, 6.46154514, 6.21602773, 3.66517811, 3.28830099,\n        8.50943622],\n       [1.49495375, 6.46154514, 6.21602773, 3.66517811, 3.28830099,\n        8.50943622],\n       [1.49495375, 6.46154514, 6.21602773, 3.66517811, 3.28830099,\n        8.50943622],\n       [1.49495375, 6.46154514, 6.21602773, 3.66517811, 3.28830099,\n        8.50943622],\n       [1.49495375, 6.46154514, 6.21602773, 3.66517811, 3.28830099,\n        8.50943622],\n       [1.49495375, 6.46154514, 6.21602773, 3.66517811, 3.28830099,\n        8.50943622]]), array([0.43497238, 0.43497238, 0.43497238, 0.43497238, 0.43497238,\n       0.43497238, 0.43497238]))"}, "8": {"maxiter": 1000, "fatol": 1e-05, "xatol": 1e-05, "duration": 0.11168622970581055, "fun": "0.4349723756313324", "nit": "373", "nfev": "607", "status": "0", "success": "True", "message": "Optimization terminated successfully.", "x": "[1.49495375 6.46154514 6.21602773 3.66517811 3.28830099 8.50943622]", "final_simplex": "(array([[1.49495375, 6.46154514, 6.21602773, 3.66517811, 3.28830099,\n        8.50943622],\n       [1.49495422, 6.46155201, 6.21602591, 3.66518183, 3.2883002 ,\n        8.5094393 ],\n       [1.49494967, 6.4615526 , 6.21603143, 3.66518087, 3.28830679,\n        8.50944433],\n       [1.49494871, 6.46154786, 6.21602532, 3.66518338, 3.28830561,\n        8.5094407 ],\n       [1.49495228, 6.46154511, 6.21603023, 3.66518484, 3.28830562,\n        8.50944047],\n       [1.49495094, 6.46154461, 6.21602243, 3.66518026, 3.28829596,\n        8.50943574],\n       [1.49495089, 6.46154716, 6.21602613, 3.6651792 , 3.28830896,\n        8.50944484]]), array([0.43497238, 0.43497238, 0.43497238, 0.43497238, 0.43497238,\n       0.43497238, 0.43497238]))"}, "9": {"maxiter": 1000, "fatol": 1e-05, "xatol": 1e-10, "duration": 0.13762927055358887, "fun": "0.4349723756313324", "nit": "390", "nfev": "743", "status": "0", "success": "True", "message": "Optimization terminated successfully.", "x": "[1.49495375 6.46154514 6.21602773 3.66517811 3.28830099 8.50943622]", "final_simplex": "(array([[1.49495375, 6.46154514, 6.21602773, 3.66517811, 3.28830099,\n        8.50943622],\n       [1.49495375, 6.46154514, 6.21602773, 3.66517811, 3.28830099,\n        8.50943622],\n       [1.49495375, 6.46154514, 6.21602773, 3.66517811, 3.28830099,\n        8.50943622],\n       [1.49495375, 6.46154514, 6.21602773, 3.66517811, 3.28830099,\n        8.50943622],\n       [1.49495375, 6.46154514, 6.21602773, 3.66517811, 3.28830099,\n        8.50943622],\n       [1.49495375, 6.46154514, 6.21602773, 3.66517811, 3.28830099,\n        8.50943622],\n       [1.49495375, 6.46154514, 6.21602773, 3.66517811, 3.28830099,\n        8.50943622]]), array([0.43497238, 0.43497238, 0.43497238, 0.43497238, 0.43497238,\n       0.43497238, 0.43497238]))"}, "10": {"maxiter": 1000, "fatol": 1e-10, "xatol": 1e-05, "duration": 0.11075615882873535, "fun": "0.4349723756313324", "nit": "373", "nfev": "607", "status": "0", "success": "True", "message": "Optimization terminated successfully.", "x": "[1.49495375 6.46154514 6.21602773 3.66517811 3.28830099 8.50943622]", "final_simplex": "(array([[1.49495375, 6.46154514, 6.21602773, 3.66517811, 3.28830099,\n        8.50943622],\n       [1.49495422, 6.46155201, 6.21602591, 3.66518183, 3.2883002 ,\n        8.5094393 ],\n       [1.49494967, 6.4615526 , 6.21603143, 3.66518087, 3.28830679,\n        8.50944433],\n       [1.49494871, 6.46154786, 6.21602532, 3.66518338, 3.28830561,\n        8.5094407 ],\n       [1.49495228, 6.46154511, 6.21603023, 3.66518484, 3.28830562,\n        8.50944047],\n       [1.49495094, 6.46154461, 6.21602243, 3.66518026, 3.28829596,\n        8.50943574],\n       [1.49495089, 6.46154716, 6.21602613, 3.6651792 , 3.28830896,\n        8.50944484]]), array([0.43497238, 0.43497238, 0.43497238, 0.43497238, 0.43497238,\n       0.43497238, 0.43497238]))"}, "11": {"maxiter": 1000, "fatol": 1e-10, "xatol": 1e-10, "duration": 0.1340007781982422, "fun": "0.4349723756313324", "nit": "390", "nfev": "743", "status": "0", "success": "True", "message": "Optimization terminated successfully.", "x": "[1.49495375 6.46154514 6.21602773 3.66517811 3.28830099 8.50943622]", "final_simplex": "(array([[1.49495375, 6.46154514, 6.21602773, 3.66517811, 3.28830099,\n        8.50943622],\n       [1.49495375, 6.46154514, 6.21602773, 3.66517811, 3.28830099,\n        8.50943622],\n       [1.49495375, 6.46154514, 6.21602773, 3.66517811, 3.28830099,\n        8.50943622],\n       [1.49495375, 6.46154514, 6.21602773, 3.66517811, 3.28830099,\n        8.50943622],\n       [1.49495375, 6.46154514, 6.21602773, 3.66517811, 3.28830099,\n        8.50943622],\n       [1.49495375, 6.46154514, 6.21602773, 3.66517811, 3.28830099,\n        8.50943622],\n       [1.49495375, 6.46154514, 6.21602773, 3.66517811, 3.28830099,\n        8.50943622]]), array([0.43497238, 0.43497238, 0.43497238, 0.43497238, 0.43497238,\n       0.43497238, 0.43497238]))"}}, "bfgs": {"0": {"maxiter": 100, "gtol": 1e-05, "xrtol": 1e-05, "eps": 1e-05, "duration": 0.03372001647949219, "fun": "0.4350157082080841", "jac": "[0. 0. 0. 0. 0. 0.]", "hess_inv": "[[ 3.83487495 -0.63117654  1.25761464  1.71921517 -1.2093599  -1.78393807]\n [-0.63117654  3.57224997 -1.02177963 -0.66328642 -0.37848096 -1.15241992]\n [ 1.25761464 -1.02177963  1.88149872  1.66662026 -1.0312219  -0.93267925]\n [ 1.71921517 -0.66328642  1.66662026  3.49803685 -1.51724655 -1.89607181]\n [-1.2093599  -0.37848096 -1.0312219  -1.51724655  3.9283421   2.65558921]\n [-1.78393807 -1.15241992 -0.93267925 -1.89607181  2.65558921  4.61615439]]", "nfev": "182", "njev": "26", "status": "0", "success": "True", "message": "Optimization terminated successfully.", "x": "[1.49215366 6.45143051 6.20810226 3.66861486 3.24800481 8.48031767]", "nit": "18"}, "1": {"maxiter": 100, "gtol": 1e-05, "xrtol": 1e-05, "eps": 1e-10, "duration": 0.0013129711151123047, "fun": "0.9748595356941223", "jac": "[0. 0. 0. 0. 0. 0.]", "hess_inv": "[[1 0 0 0 0 0]\n [0 1 0 0 0 0]\n [0 0 1 0 0 0]\n [0 0 0 1 0 0]\n [0 0 0 0 1 0]\n [0 0 0 0 0 1]]", "nfev": "7", "njev": "1", "status": "0", "success": "True", "message": "Optimization terminated successfully.", "x": "[1.06727128 5.76922011 5.63228366 5.19196074 2.87221295 5.50736117]", "nit": "0"}, "2": {"maxiter": 100, "gtol": 1e-05, "xrtol": 1e-10, "eps": 1e-05, "duration": 0.03341197967529297, "fun": "0.4350157082080841", "jac": "[0. 0. 0. 0. 0. 0.]", "hess_inv": "[[ 3.83487495 -0.63117654  1.25761464  1.71921517 -1.2093599  -1.78393807]\n [-0.63117654  3.57224997 -1.02177963 -0.66328642 -0.37848096 -1.15241992]\n [ 1.25761464 -1.02177963  1.88149872  1.66662026 -1.0312219  -0.93267925]\n [ 1.71921517 -0.66328642  1.66662026  3.49803685 -1.51724655 -1.89607181]\n [-1.2093599  -0.37848096 -1.0312219  -1.51724655  3.9283421   2.65558921]\n [-1.78393807 -1.15241992 -0.93267925 -1.89607181  2.65558921  4.61615439]]", "nfev": "182", "njev": "26", "status": "0", "success": "True", "message": "Optimization terminated successfully.", "x": "[1.49215366 6.45143051 6.20810226 3.66861486 3.24800481 8.48031767]", "nit": "18"}, "3": {"maxiter": 100, "gtol": 1e-05, "xrtol": 1e-10, "eps": 1e-10, "duration": 0.0013070106506347656, "fun": "0.9748595356941223", "jac": "[0. 0. 0. 0. 0. 0.]", "hess_inv": "[[1 0 0 0 0 0]\n [0 1 0 0 0 0]\n [0 0 1 0 0 0]\n [0 0 0 1 0 0]\n [0 0 0 0 1 0]\n [0 0 0 0 0 1]]", "nfev": "7", "njev": "1", "status": "0", "success": "True", "message": "Optimization terminated successfully.", "x": "[1.06727128 5.76922011 5.63228366 5.19196074 2.87221295 5.50736117]", "nit": "0"}, "4": {"maxiter": 100, "gtol": 1e-10, "xrtol": 1e-05, "eps": 1e-05, "duration": 0.03321695327758789, "fun": "0.4350157082080841", "jac": "[0. 0. 0. 0. 0. 0.]", "hess_inv": "[[ 3.83487495 -0.63117654  1.25761464  1.71921517 -1.2093599  -1.78393807]\n [-0.63117654  3.57224997 -1.02177963 -0.66328642 -0.37848096 -1.15241992]\n [ 1.25761464 -1.02177963  1.88149872  1.66662026 -1.0312219  -0.93267925]\n [ 1.71921517 -0.66328642  1.66662026  3.49803685 -1.51724655 -1.89607181]\n [-1.2093599  -0.37848096 -1.0312219  -1.51724655  3.9283421   2.65558921]\n [-1.78393807 -1.15241992 -0.93267925 -1.89607181  2.65558921  4.61615439]]", "nfev": "182", "njev": "26", "status": "0", "success": "True", "message": "Optimization terminated successfully.", "x": "[1.49215366 6.45143051 6.20810226 3.66861486 3.24800481 8.48031767]", "nit": "18"}, "5": {"maxiter": 100, "gtol": 1e-10, "xrtol": 1e-05, "eps": 1e-10, "duration": 0.0012972354888916016, "fun": "0.9748595356941223", "jac": "[0. 0. 0. 0. 0. 0.]", "hess_inv": "[[1 0 0 0 0 0]\n [0 1 0 0 0 0]\n [0 0 1 0 0 0]\n [0 0 0 1 0 0]\n [0 0 0 0 1 0]\n [0 0 0 0 0 1]]", "nfev": "7", "njev": "1", "status": "0", "success": "True", "message": "Optimization terminated successfully.", "x": "[1.06727128 5.76922011 5.63228366 5.19196074 2.87221295 5.50736117]", "nit": "0"}, "6": {"maxiter": 100, "gtol": 1e-10, "xrtol": 1e-10, "eps": 1e-05, "duration": 0.033093929290771484, "fun": "0.4350157082080841", "jac": "[0. 0. 0. 0. 0. 0.]", "hess_inv": "[[ 3.83487495 -0.63117654  1.25761464  1.71921517 -1.2093599  -1.78393807]\n [-0.63117654  3.57224997 -1.02177963 -0.66328642 -0.37848096 -1.15241992]\n [ 1.25761464 -1.02177963  1.88149872  1.66662026 -1.0312219  -0.93267925]\n [ 1.71921517 -0.66328642  1.66662026  3.49803685 -1.51724655 -1.89607181]\n [-1.2093599  -0.37848096 -1.0312219  -1.51724655  3.9283421   2.65558921]\n [-1.78393807 -1.15241992 -0.93267925 -1.89607181  2.65558921  4.61615439]]", "nfev": "182", "njev": "26", "status": "0", "success": "True", "message": "Optimization terminated successfully.", "x": "[1.49215366 6.45143051 6.20810226 3.66861486 3.24800481 8.48031767]", "nit": "18"}, "7": {"maxiter": 100, "gtol": 1e-10, "xrtol": 1e-10, "eps": 1e-10, "duration": 0.0012958049774169922, "fun": "0.9748595356941223", "jac": "[0. 0. 0. 0. 0. 0.]", "hess_inv": "[[1 0 0 0 0 0]\n [0 1 0 0 0 0]\n [0 0 1 0 0 0]\n [0 0 0 1 0 0]\n [0 0 0 0 1 0]\n [0 0 0 0 0 1]]", "nfev": "7", "njev": "1", "status": "0", "success": "True", "message": "Optimization terminated successfully.", "x": "[1.06727128 5.76922011 5.63228366 5.19196074 2.87221295 5.50736117]", "nit": "0"}, "8": {"maxiter": 500, "gtol": 1e-05, "xrtol": 1e-05, "eps": 1e-05, "duration": 0.03308367729187012, "fun": "0.4350157082080841", "jac": "[0. 0. 0. 0. 0. 0.]", "hess_inv": "[[ 3.83487495 -0.63117654  1.25761464  1.71921517 -1.2093599  -1.78393807]\n [-0.63117654  3.57224997 -1.02177963 -0.66328642 -0.37848096 -1.15241992]\n [ 1.25761464 -1.02177963  1.88149872  1.66662026 -1.0312219  -0.93267925]\n [ 1.71921517 -0.66328642  1.66662026  3.49803685 -1.51724655 -1.89607181]\n [-1.2093599  -0.37848096 -1.0312219  -1.51724655  3.9283421   2.65558921]\n [-1.78393807 -1.15241992 -0.93267925 -1.89607181  2.65558921  4.61615439]]", "nfev": "182", "njev": "26", "status": "0", "success": "True", "message": "Optimization terminated successfully.", "x": "[1.49215366 6.45143051 6.20810226 3.66861486 3.24800481 8.48031767]", "nit": "18"}, "9": {"maxiter": 500, "gtol": 1e-05, "xrtol": 1e-05, "eps": 1e-10, "duration": 0.0012969970703125, "fun": "0.9748595356941223", "jac": "[0. 0. 0. 0. 0. 0.]", "hess_inv": "[[1 0 0 0 0 0]\n [0 1 0 0 0 0]\n [0 0 1 0 0 0]\n [0 0 0 1 0 0]\n [0 0 0 0 1 0]\n [0 0 0 0 0 1]]", "nfev": "7", "njev": "1", "status": "0", "success": "True", "message": "Optimization terminated successfully.", "x": "[1.06727128 5.76922011 5.63228366 5.19196074 2.87221295 5.50736117]", "nit": "0"}, "10": {"maxiter": 500, "gtol": 1e-05, "xrtol": 1e-10, "eps": 1e-05, "duration": 0.03300905227661133, "fun": "0.4350157082080841", "jac": "[0. 0. 0. 0. 0. 0.]", "hess_inv": "[[ 3.83487495 -0.63117654  1.25761464  1.71921517 -1.2093599  -1.78393807]\n [-0.63117654  3.57224997 -1.02177963 -0.66328642 -0.37848096 -1.15241992]\n [ 1.25761464 -1.02177963  1.88149872  1.66662026 -1.0312219  -0.93267925]\n [ 1.71921517 -0.66328642  1.66662026  3.49803685 -1.51724655 -1.89607181]\n [-1.2093599  -0.37848096 -1.0312219  -1.51724655  3.9283421   2.65558921]\n [-1.78393807 -1.15241992 -0.93267925 -1.89607181  2.65558921  4.61615439]]", "nfev": "182", "njev": "26", "status": "0", "success": "True", "message": "Optimization terminated successfully.", "x": "[1.49215366 6.45143051 6.20810226 3.66861486 3.24800481 8.48031767]", "nit": "18"}, "11": {"maxiter": 500, "gtol": 1e-05, "xrtol": 1e-10, "eps": 1e-10, "duration": 0.0012898445129394531, "fun": "0.9748595356941223", "jac": "[0. 0. 0. 0. 0. 0.]", "hess_inv": "[[1 0 0 0 0 0]\n [0 1 0 0 0 0]\n [0 0 1 0 0 0]\n [0 0 0 1 0 0]\n [0 0 0 0 1 0]\n [0 0 0 0 0 1]]", "nfev": "7", "njev": "1", "status": "0", "success": "True", "message": "Optimization terminated successfully.", "x": "[1.06727128 5.76922011 5.63228366 5.19196074 2.87221295 5.50736117]", "nit": "0"}, "12": {"maxiter": 500, "gtol": 1e-10, "xrtol": 1e-05, "eps": 1e-05, "duration": 0.03290224075317383, "fun": "0.4350157082080841", "jac": "[0. 0. 0. 0. 0. 0.]", "hess_inv": "[[ 3.83487495 -0.63117654  1.25761464  1.71921517 -1.2093599  -1.78393807]\n [-0.63117654  3.57224997 -1.02177963 -0.66328642 -0.37848096 -1.15241992]\n [ 1.25761464 -1.02177963  1.88149872  1.66662026 -1.0312219  -0.93267925]\n [ 1.71921517 -0.66328642  1.66662026  3.49803685 -1.51724655 -1.89607181]\n [-1.2093599  -0.37848096 -1.0312219  -1.51724655  3.9283421   2.65558921]\n [-1.78393807 -1.15241992 -0.93267925 -1.89607181  2.65558921  4.61615439]]", "nfev": "182", "njev": "26", "status": "0", "success": "True", "message": "Optimization terminated successfully.", "x": "[1.49215366 6.45143051 6.20810226 3.66861486 3.24800481 8.48031767]", "nit": "18"}, "13": {"maxiter": 500, "gtol": 1e-10, "xrtol": 1e-05, "eps": 1e-10, "duration": 0.001295328140258789, "fun": "0.9748595356941223", "jac": "[0. 0. 0. 0. 0. 0.]", "hess_inv": "[[1 0 0 0 0 0]\n [0 1 0 0 0 0]\n [0 0 1 0 0 0]\n [0 0 0 1 0 0]\n [0 0 0 0 1 0]\n [0 0 0 0 0 1]]", "nfev": "7", "njev": "1", "status": "0", "success": "True", "message": "Optimization terminated successfully.", "x": "[1.06727128 5.76922011 5.63228366 5.19196074 2.87221295 5.50736117]", "nit": "0"}, "14": {"maxiter": 500, "gtol": 1e-10, "xrtol": 1e-10, "eps": 1e-05, "duration": 0.032752037048339844, "fun": "0.4350157082080841", "jac": "[0. 0. 0. 0. 0. 0.]", "hess_inv": "[[ 3.83487495 -0.63117654  1.25761464  1.71921517 -1.2093599  -1.78393807]\n [-0.63117654  3.57224997 -1.02177963 -0.66328642 -0.37848096 -1.15241992]\n [ 1.25761464 -1.02177963  1.88149872  1.66662026 -1.0312219  -0.93267925]\n [ 1.71921517 -0.66328642  1.66662026  3.49803685 -1.51724655 -1.89607181]\n [-1.2093599  -0.37848096 -1.0312219  -1.51724655  3.9283421   2.65558921]\n [-1.78393807 -1.15241992 -0.93267925 -1.89607181  2.65558921  4.61615439]]", "nfev": "182", "njev": "26", "status": "0", "success": "True", "message": "Optimization terminated successfully.", "x": "[1.49215366 6.45143051 6.20810226 3.66861486 3.24800481 8.48031767]", "nit": "18"}, "15": {"maxiter": 500, "gtol": 1e-10, "xrtol": 1e-10, "eps": 1e-10, "duration": 0.0012750625610351562, "fun": "0.9748595356941223", "jac": "[0. 0. 0. 0. 0. 0.]", "hess_inv": "[[1 0 0 0 0 0]\n [0 1 0 0 0 0]\n [0 0 1 0 0 0]\n [0 0 0 1 0 0]\n [0 0 0 0 1 0]\n [0 0 0 0 0 1]]", "nfev": "7", "njev": "1", "status": "0", "success": "True", "message": "Optimization terminated successfully.", "x": "[1.06727128 5.76922011 5.63228366 5.19196074 2.87221295 5.50736117]", "nit": "0"}, "16": {"maxiter": 1000, "gtol": 1e-05, "xrtol": 1e-05, "eps": 1e-05, "duration": 0.0326690673828125, "fun": "0.4350157082080841", "jac": "[0. 0. 0. 0. 0. 0.]", "hess_inv": "[[ 3.83487495 -0.63117654  1.25761464  1.71921517 -1.2093599  -1.78393807]\n [-0.63117654  3.57224997 -1.02177963 -0.66328642 -0.37848096 -1.15241992]\n [ 1.25761464 -1.02177963  1.88149872  1.66662026 -1.0312219  -0.93267925]\n [ 1.71921517 -0.66328642  1.66662026  3.49803685 -1.51724655 -1.89607181]\n [-1.2093599  -0.37848096 -1.0312219  -1.51724655  3.9283421   2.65558921]\n [-1.78393807 -1.15241992 -0.93267925 -1.89607181  2.65558921  4.61615439]]", "nfev": "182", "njev": "26", "status": "0", "success": "True", "message": "Optimization terminated successfully.", "x": "[1.49215366 6.45143051 6.20810226 3.66861486 3.24800481 8.48031767]", "nit": "18"}, "17": {"maxiter": 1000, "gtol": 1e-05, "xrtol": 1e-05, "eps": 1e-10, "duration": 0.0012760162353515625, "fun": "0.9748595356941223", "jac": "[0. 0. 0. 0. 0. 0.]", "hess_inv": "[[1 0 0 0 0 0]\n [0 1 0 0 0 0]\n [0 0 1 0 0 0]\n [0 0 0 1 0 0]\n [0 0 0 0 1 0]\n [0 0 0 0 0 1]]", "nfev": "7", "njev": "1", "status": "0", "success": "True", "message": "Optimization terminated successfully.", "x": "[1.06727128 5.76922011 5.63228366 5.19196074 2.87221295 5.50736117]", "nit": "0"}, "18": {"maxiter": 1000, "gtol": 1e-05, "xrtol": 1e-10, "eps": 1e-05, "duration": 0.03272104263305664, "fun": "0.4350157082080841", "jac": "[0. 0. 0. 0. 0. 0.]", "hess_inv": "[[ 3.83487495 -0.63117654  1.25761464  1.71921517 -1.2093599  -1.78393807]\n [-0.63117654  3.57224997 -1.02177963 -0.66328642 -0.37848096 -1.15241992]\n [ 1.25761464 -1.02177963  1.88149872  1.66662026 -1.0312219  -0.93267925]\n [ 1.71921517 -0.66328642  1.66662026  3.49803685 -1.51724655 -1.89607181]\n [-1.2093599  -0.37848096 -1.0312219  -1.51724655  3.9283421   2.65558921]\n [-1.78393807 -1.15241992 -0.93267925 -1.89607181  2.65558921  4.61615439]]", "nfev": "182", "njev": "26", "status": "0", "success": "True", "message": "Optimization terminated successfully.", "x": "[1.49215366 6.45143051 6.20810226 3.66861486 3.24800481 8.48031767]", "nit": "18"}, "19": {"maxiter": 1000, "gtol": 1e-05, "xrtol": 1e-10, "eps": 1e-10, "duration": 0.0012810230255126953, "fun": "0.9748595356941223", "jac": "[0. 0. 0. 0. 0. 0.]", "hess_inv": "[[1 0 0 0 0 0]\n [0 1 0 0 0 0]\n [0 0 1 0 0 0]\n [0 0 0 1 0 0]\n [0 0 0 0 1 0]\n [0 0 0 0 0 1]]", "nfev": "7", "njev": "1", "status": "0", "success": "True", "message": "Optimization terminated successfully.", "x": "[1.06727128 5.76922011 5.63228366 5.19196074 2.87221295 5.50736117]", "nit": "0"}, "20": {"maxiter": 1000, "gtol": 1e-10, "xrtol": 1e-05, "eps": 1e-05, "duration": 0.03271079063415527, "fun": "0.4350157082080841", "jac": "[0. 0. 0. 0. 0. 0.]", "hess_inv": "[[ 3.83487495 -0.63117654  1.25761464  1.71921517 -1.2093599  -1.78393807]\n [-0.63117654  3.57224997 -1.02177963 -0.66328642 -0.37848096 -1.15241992]\n [ 1.25761464 -1.02177963  1.88149872  1.66662026 -1.0312219  -0.93267925]\n [ 1.71921517 -0.66328642  1.66662026  3.49803685 -1.51724655 -1.89607181]\n [-1.2093599  -0.37848096 -1.0312219  -1.51724655  3.9283421   2.65558921]\n [-1.78393807 -1.15241992 -0.93267925 -1.89607181  2.65558921  4.61615439]]", "nfev": "182", "njev": "26", "status": "0", "success": "True", "message": "Optimization terminated successfully.", "x": "[1.49215366 6.45143051 6.20810226 3.66861486 3.24800481 8.48031767]", "nit": "18"}, "21": {"maxiter": 1000, "gtol": 1e-10, "xrtol": 1e-05, "eps": 1e-10, "duration": 0.0012700557708740234, "fun": "0.9748595356941223", "jac": "[0. 0. 0. 0. 0. 0.]", "hess_inv": "[[1 0 0 0 0 0]\n [0 1 0 0 0 0]\n [0 0 1 0 0 0]\n [0 0 0 1 0 0]\n [0 0 0 0 1 0]\n [0 0 0 0 0 1]]", "nfev": "7", "njev": "1", "status": "0", "success": "True", "message": "Optimization terminated successfully.", "x": "[1.06727128 5.76922011 5.63228366 5.19196074 2.87221295 5.50736117]", "nit": "0"}, "22": {"maxiter": 1000, "gtol": 1e-10, "xrtol": 1e-10, "eps": 1e-05, "duration": 0.032605886459350586, "fun": "0.4350157082080841", "jac": "[0. 0. 0. 0. 0. 0.]", "hess_inv": "[[ 3.83487495 -0.63117654  1.25761464  1.71921517 -1.2093599  -1.78393807]\n [-0.63117654  3.57224997 -1.02177963 -0.66328642 -0.37848096 -1.15241992]\n [ 1.25761464 -1.02177963  1.88149872  1.66662026 -1.0312219  -0.93267925]\n [ 1.71921517 -0.66328642  1.66662026  3.49803685 -1.51724655 -1.89607181]\n [-1.2093599  -0.37848096 -1.0312219  -1.51724655  3.9283421   2.65558921]\n [-1.78393807 -1.15241992 -0.93267925 -1.89607181  2.65558921  4.61615439]]", "nfev": "182", "njev": "26", "status": "0", "success": "True", "message": "Optimization terminated successfully.", "x": "[1.49215366 6.45143051 6.20810226 3.66861486 3.24800481 8.48031767]", "nit": "18"}, "23": {"maxiter": 1000, "gtol": 1e-10, "xrtol": 1e-10, "eps": 1e-10, "duration": 0.0012688636779785156, "fun": "0.9748595356941223", "jac": "[0. 0. 0. 0. 0. 0.]", "hess_inv": "[[1 0 0 0 0 0]\n [0 1 0 0 0 0]\n [0 0 1 0 0 0]\n [0 0 0 1 0 0]\n [0 0 0 0 1 0]\n [0 0 0 0 0 1]]", "nfev": "7", "njev": "1", "status": "0", "success": "True", "message": "Optimization terminated successfully.", "x": "[1.06727128 5.76922011 5.63228366 5.19196074 2.87221295 5.50736117]", "nit": "0"}}, "cobyla": {"0": {"maxiter": 100, "tol": 1e-05, "catol": 1e-05, "duration": 0.0172119140625, "x": "[2.63303462 6.57106629 6.03740192 8.12658134 3.28686911 6.5583191 ]", "status": "2", "success": "False", "message": "Maximum number of function evaluations has been exceeded.", "nfev": "100", "fun": "0.521111249923706", "maxcv": "0.0"}, "1": {"maxiter": 100, "tol": 1e-05, "catol": 1e-10, "duration": 0.017203092575073242, "x": "[2.63303462 6.57106629 6.03740192 8.12658134 3.28686911 6.5583191 ]", "status": "2", "success": "False", "message": "Maximum number of function evaluations has been exceeded.", "nfev": "100", "fun": "0.521111249923706", "maxcv": "0.0"}, "2": {"maxiter": 100, "tol": 1e-10, "catol": 1e-05, "duration": 0.017199993133544922, "x": "[2.63303462 6.57106629 6.03740192 8.12658134 3.28686911 6.5583191 ]", "status": "2", "success": "False", "message": "Maximum number of function evaluations has been exceeded.", "nfev": "100", "fun": "0.521111249923706", "maxcv": "0.0"}, "3": {"maxiter": 100, "tol": 1e-10, "catol": 1e-10, "duration": 0.01715826988220215, "x": "[2.63303462 6.57106629 6.03740192 8.12658134 3.28686911 6.5583191 ]", "status": "2", "success": "False", "message": "Maximum number of function evaluations has been exceeded.", "nfev": "100", "fun": "0.521111249923706", "maxcv": "0.0"}, "4": {"maxiter": 500, "tol": 1e-05, "catol": 1e-05, "duration": 0.08567929267883301, "x": "[1.52394425 6.50534455 6.11047705 9.17505756 1.39220655 6.47305632]", "status": "2", "success": "False", "message": "Maximum number of function evaluations has been exceeded.", "nfev": "500", "fun": "0.45522138476371765", "maxcv": "0.0"}, "5": {"maxiter": 500, "tol": 1e-05, "catol": 1e-10, "duration": 0.08544373512268066, "x": "[1.52394425 6.50534455 6.11047705 9.17505756 1.39220655 6.47305632]", "status": "2", "success": "False", "message": "Maximum number of function evaluations has been exceeded.", "nfev": "500", "fun": "0.45522138476371765", "maxcv": "0.0"}, "6": {"maxiter": 500, "tol": 1e-10, "catol": 1e-05, "duration": 0.08561110496520996, "x": "[1.52394425 6.50534455 6.11047705 9.17505756 1.39220655 6.47305632]", "status": "2", "success": "False", "message": "Maximum number of function evaluations has been exceeded.", "nfev": "500", "fun": "0.45522138476371765", "maxcv": "0.0"}, "7": {"maxiter": 500, "tol": 1e-10, "catol": 1e-10, "duration": 0.08569598197937012, "x": "[1.52394425 6.50534455 6.11047705 9.17505756 1.39220655 6.47305632]", "status": "2", "success": "False", "message": "Maximum number of function evaluations has been exceeded.", "nfev": "500", "fun": "0.45522138476371765", "maxcv": "0.0"}, "8": {"maxiter": 1000, "tol": 1e-05, "catol": 1e-05, "duration": 0.14680719375610352, "x": "[1.4950025  6.46239058 6.21583506 8.90154554 0.14999115 5.3704924 ]", "status": "1", "success": "True", "message": "Optimization terminated successfully.", "nfev": "859", "fun": "0.4349726140499115", "maxcv": "0.0"}, "9": {"maxiter": 1000, "tol": 1e-05, "catol": 1e-10, "duration": 0.14696693420410156, "x": "[1.4950025  6.46239058 6.21583506 8.90154554 0.14999115 5.3704924 ]", "status": "1", "success": "True", "message": "Optimization terminated successfully.", "nfev": "859", "fun": "0.4349726140499115", "maxcv": "0.0"}, "10": {"maxiter": 1000, "tol": 1e-10, "catol": 1e-05, "duration": 0.15619921684265137, "x": "[1.4950025  6.46239058 6.21583506 8.90154554 0.14999115 5.3704924 ]", "status": "1", "success": "True", "message": "Optimization terminated successfully.", "nfev": "894", "fun": "0.4349726140499115", "maxcv": "0.0"}, "11": {"maxiter": 1000, "tol": 1e-10, "catol": 1e-10, "duration": 0.15679597854614258, "x": "[1.4950025  6.46239058 6.21583506 8.90154554 0.14999115 5.3704924 ]", "status": "1", "success": "True", "message": "Optimization terminated successfully.", "nfev": "894", "fun": "0.4349726140499115", "maxcv": "0.0"}}, "powell": {"0": {"maxiter": 100, "ftol": 1e-05, "xtol": 1e-05, "duration": 0.1195518970489502, "fun": "0.43497246503829956", "direc": "[[ 1.          0.          0.          0.          0.          0.        ]\n [ 0.          1.          0.          0.          0.          0.        ]\n [-0.0450975  -0.05364544 -0.06117919 -0.00872057 -0.15522047 -0.08250018]\n [ 0.          0.          0.          1.          0.          0.        ]\n [ 0.          0.          0.          0.          0.          1.        ]\n [ 0.00332065  0.0012771   0.01929489 -0.01437065 -0.07022863 -0.05351087]]", "nit": "8", "nfev": "677", "status": "0", "success": "True", "message": "Optimization terminated successfully.", "x": "[1.49463284 6.4609971  6.2165756  2.61763615 0.14763774 5.36865845]"}, "1": {"maxiter": 100, "ftol": 1e-05, "xtol": 1e-10, "duration": 0.2863919734954834, "fun": "0.43497246503829956", "direc": "[[ 1.00000000e+00  0.00000000e+00  0.00000000e+00  0.00000000e+00\n   0.00000000e+00  0.00000000e+00]\n [ 0.00000000e+00  1.00000000e+00  0.00000000e+00  0.00000000e+00\n   0.00000000e+00  0.00000000e+00]\n [-4.55466065e-02 -5.38694336e-02 -6.18617474e-02 -8.83828401e-03\n  -1.57043143e-01 -8.33893903e-02]\n [ 0.00000000e+00  0.00000000e+00  0.00000000e+00  1.00000000e+00\n   0.00000000e+00  0.00000000e+00]\n [ 0.00000000e+00  0.00000000e+00  0.00000000e+00  0.00000000e+00\n   0.00000000e+00  1.00000000e+00]\n [ 3.27360590e-03  9.78361946e-04  1.85200514e-02 -1.41328024e-02\n  -6.98876023e-02 -5.30613180e-02]]", "nit": "8", "nfev": "1626", "status": "0", "success": "True", "message": "Optimization terminated successfully.", "x": "[1.49470932 6.46101427 6.21647609 2.61767901 0.14779684 5.36877313]"}, "2": {"maxiter": 100, "ftol": 1e-10, "xtol": 1e-05, "duration": 0.18357181549072266, "fun": "0.4349724054336548", "direc": "[[ 1.          0.          0.          0.          0.          0.        ]\n [ 0.          1.          0.          0.          0.          0.        ]\n [-0.0450975  -0.05364544 -0.06117919 -0.00872057 -0.15522047 -0.08250018]\n [ 0.          0.          0.          1.          0.          0.        ]\n [ 0.          0.          0.          0.          0.          1.        ]\n [ 0.00332065  0.0012771   0.01929489 -0.01437065 -0.07022863 -0.05351087]]", "nit": "10", "nfev": "1038", "status": "0", "success": "True", "message": "Optimization terminated successfully.", "x": "[1.49448182 6.46144263 6.21632677 2.61765157 0.14736065 5.36851389]"}, "3": {"maxiter": 100, "ftol": 1e-10, "xtol": 1e-10, "duration": 0.41605186462402344, "fun": "0.4349723756313324", "direc": "[[ 1.00000000e+00  0.00000000e+00  0.00000000e+00  0.00000000e+00\n   0.00000000e+00  0.00000000e+00]\n [ 0.00000000e+00  1.00000000e+00  0.00000000e+00  0.00000000e+00\n   0.00000000e+00  0.00000000e+00]\n [-4.55466065e-02 -5.38694336e-02 -6.18617474e-02 -8.83828401e-03\n  -1.57043143e-01 -8.33893903e-02]\n [ 0.00000000e+00  0.00000000e+00  0.00000000e+00  1.00000000e+00\n   0.00000000e+00  0.00000000e+00]\n [ 0.00000000e+00  0.00000000e+00  0.00000000e+00  0.00000000e+00\n   0.00000000e+00  1.00000000e+00]\n [ 3.27360590e-03  9.78361946e-04  1.85200514e-02 -1.41328024e-02\n  -6.98876023e-02 -5.30613180e-02]]", "nit": "11", "nfev": "2371", "status": "0", "success": "True", "message": "Optimization terminated successfully.", "x": "[1.49454262 6.461786   6.21622898 2.61775269 0.14734151 5.36847064]"}, "4": {"maxiter": 500, "ftol": 1e-05, "xtol": 1e-05, "duration": 0.11957192420959473, "fun": "0.43497246503829956", "direc": "[[ 1.          0.          0.          0.          0.          0.        ]\n [ 0.          1.          0.          0.          0.          0.        ]\n [-0.0450975  -0.05364544 -0.06117919 -0.00872057 -0.15522047 -0.08250018]\n [ 0.          0.          0.          1.          0.          0.        ]\n [ 0.          0.          0.          0.          0.          1.        ]\n [ 0.00332065  0.0012771   0.01929489 -0.01437065 -0.07022863 -0.05351087]]", "nit": "8", "nfev": "677", "status": "0", "success": "True", "message": "Optimization terminated successfully.", "x": "[1.49463284 6.4609971  6.2165756  2.61763615 0.14763774 5.36865845]"}, "5": {"maxiter": 500, "ftol": 1e-05, "xtol": 1e-10, "duration": 0.2852780818939209, "fun": "0.43497246503829956", "direc": "[[ 1.00000000e+00  0.00000000e+00  0.00000000e+00  0.00000000e+00\n   0.00000000e+00  0.00000000e+00]\n [ 0.00000000e+00  1.00000000e+00  0.00000000e+00  0.00000000e+00\n   0.00000000e+00  0.00000000e+00]\n [-4.55466065e-02 -5.38694336e-02 -6.18617474e-02 -8.83828401e-03\n  -1.57043143e-01 -8.33893903e-02]\n [ 0.00000000e+00  0.00000000e+00  0.00000000e+00  1.00000000e+00\n   0.00000000e+00  0.00000000e+00]\n [ 0.00000000e+00  0.00000000e+00  0.00000000e+00  0.00000000e+00\n   0.00000000e+00  1.00000000e+00]\n [ 3.27360590e-03  9.78361946e-04  1.85200514e-02 -1.41328024e-02\n  -6.98876023e-02 -5.30613180e-02]]", "nit": "8", "nfev": "1626", "status": "0", "success": "True", "message": "Optimization terminated successfully.", "x": "[1.49470932 6.46101427 6.21647609 2.61767901 0.14779684 5.36877313]"}, "6": {"maxiter": 500, "ftol": 1e-10, "xtol": 1e-05, "duration": 0.18262195587158203, "fun": "0.4349724054336548", "direc": "[[ 1.          0.          0.          0.          0.          0.        ]\n [ 0.          1.          0.          0.          0.          0.        ]\n [-0.0450975  -0.05364544 -0.06117919 -0.00872057 -0.15522047 -0.08250018]\n [ 0.          0.          0.          1.          0.          0.        ]\n [ 0.          0.          0.          0.          0.          1.        ]\n [ 0.00332065  0.0012771   0.01929489 -0.01437065 -0.07022863 -0.05351087]]", "nit": "10", "nfev": "1038", "status": "0", "success": "True", "message": "Optimization terminated successfully.", "x": "[1.49448182 6.46144263 6.21632677 2.61765157 0.14736065 5.36851389]"}, "7": {"maxiter": 500, "ftol": 1e-10, "xtol": 1e-10, "duration": 0.4161839485168457, "fun": "0.4349723756313324", "direc": "[[ 1.00000000e+00  0.00000000e+00  0.00000000e+00  0.00000000e+00\n   0.00000000e+00  0.00000000e+00]\n [ 0.00000000e+00  1.00000000e+00  0.00000000e+00  0.00000000e+00\n   0.00000000e+00  0.0000000