{"conf_id": 40, "data_type": "random\n", "num_data_points": 3, "s_rank": 0, "unitary": "[[-0.45070455-0.02711853j,0.78437395-0.06613086j,0.06358678+0.19963393j,-0.07343613+0.35668523j],[-0.01890143-0.03813363j,0.32408202+0.25557629j,0.05872864-0.68979805j,0.55466693-0.20227297j],[-0.11215405+0.64023111j,-0.13344055+0.29565494j,-0.49012687-0.19046288j,-0.04241254+0.44046348j],[0.55771659+0.24656916j,0.31851997-0.05798805j,0.28761525-0.34294258j,-0.56718418+0.03616933j]]", "databatch_0": {"databatch": "[[[-0.39835064-0.33434881j,0.27959495-0.17872074j,-0.15778931+0.22617358j,-0.30588498+0.14679406j],[-0.29307713+0.11949864j,-0.0168201-0.2012458j,0.07694683+0.14915208j,-0.00783002+0.20633274j],[0.10327772+0.05556538j,-0.05354206+0.05227504j,0.02447312-0.0571698j,0.06081003-0.04643071j],[0.08064063+0.28662687j,-0.18990224-0.00560732j,0.14757927-0.0561191j,0.19204468+0.0291888j]],[[-0.17124538+0.03639789j,0.21566833+0.22421845j,0.22803426+0.0370206j,0.23060905-0.09338225j],[-0.06205824-0.00093741j,0.05683999+0.09451717j,0.07589017+0.03079463j,0.08707331-0.01407149j],[0.06597231-0.26998872j,-0.46930384+0.15389691j,-0.21011011+0.30060243j,-0.02539216+0.39416107j],[-0.09140661-0.07860998j,-0.0328076+0.21171143j,0.07489209+0.14035772j,0.14739562+0.08734431j]],[[0.35073708-0.17171913j,0.19341309+0.17227108j,0.20172803-0.33837649j,0.30165952+0.16633395j],[0.09194814-0.09547928j,0.08168725+0.03250391j,0.02507625-0.13134586j,0.11552633+0.01804755j],[-0.2111008-0.11874627j,0.01995434-0.15939889j,-0.24380871+0.01599625j,-0.0211587-0.21260235j],[0.27853052+0.05234021j,0.03773216+0.18414183j,0.26418939-0.10926509j,0.10326987+0.22766745j]]]", "nelder_mead": {"0": {"maxiter": 100, "fatol": 1e-05, "xatol": 1e-05, "duration": 0.027743101119995117, "fun": "0.2884877026081085", "nit": "100", "nfev": "155", "status": "2", "success": "False", "message": "Maximum number of iterations has been exceeded.", "x": "[5.92663228 6.26886009 7.95469085 5.84871719 2.72399055 6.54996562]", "final_simplex": "(array([[5.92663228, 6.26886009, 7.95469085, 5.84871719, 2.72399055,\n        6.54996562],\n       [5.91835758, 6.2679959 , 7.95945688, 5.85954041, 2.72991239,\n        6.4974192 ],\n       [5.95593423, 6.26378761, 7.99209025, 5.86104265, 2.7021581 ,\n        6.56205294],\n       [5.94001548, 6.25094526, 7.99066489, 5.8307798 , 2.69024218,\n        6.55404889],\n       [5.95714082, 6.26959003, 7.94694957, 5.81794543, 2.71927069,\n        6.57857362],\n       [5.99631953, 6.24813555, 7.96515245, 5.86055565, 2.72180898,\n        6.58085252],\n       [5.91266003, 6.30675394, 7.93493737, 5.81748771, 2.76493071,\n        6.49304865]]), array([0.2884877 , 0.28864709, 0.28867871, 0.28868482, 0.28871375,\n       0.28893748, 0.28894928]))"}, "1": {"maxiter": 100, "fatol": 1e-05, "xatol": 1e-10, "duration": 0.027608156204223633, "fun": "0.2884877026081085", "nit": "100", "nfev": "155", "status": "2", "success": "False", "message": "Maximum number of iterations has been exceeded.", "x": "[5.92663228 6.26886009 7.95469085 5.84871719 2.72399055 6.54996562]", "final_simplex": "(array([[5.92663228, 6.26886009, 7.95469085, 5.84871719, 2.72399055,\n        6.54996562],\n       [5.91835758, 6.2679959 , 7.95945688, 5.85954041, 2.72991239,\n        6.4974192 ],\n       [5.95593423, 6.26378761, 7.99209025, 5.86104265, 2.7021581 ,\n        6.56205294],\n       [5.94001548, 6.25094526, 7.99066489, 5.8307798 , 2.69024218,\n        6.55404889],\n       [5.95714082, 6.26959003, 7.94694957, 5.81794543, 2.71927069,\n        6.57857362],\n       [5.99631953, 6.24813555, 7.96515245, 5.86055565, 2.72180898,\n        6.58085252],\n       [5.91266003, 6.30675394, 7.93493737, 5.81748771, 2.76493071,\n        6.49304865]]), array([0.2884877 , 0.28864709, 0.28867871, 0.28868482, 0.28871375,\n       0.28893748, 0.28894928]))"}, "2": {"maxiter": 100, "fatol": 1e-10, "xatol": 1e-05, "duration": 0.027521133422851562, "fun": "0.2884877026081085", "nit": "100", "nfev": "155", "status": "2", "success": "False", "message": "Maximum number of iterations has been exceeded.", "x": "[5.92663228 6.26886009 7.95469085 5.84871719 2.72399055 6.54996562]", "final_simplex": "(array([[5.92663228, 6.26886009, 7.95469085, 5.84871719, 2.72399055,\n        6.54996562],\n       [5.91835758, 6.2679959 , 7.95945688, 5.85954041, 2.72991239,\n        6.4974192 ],\n       [5.95593423, 6.26378761, 7.99209025, 5.86104265, 2.7021581 ,\n        6.56205294],\n       [5.94001548, 6.25094526, 7.99066489, 5.8307798 , 2.69024218,\n        6.55404889],\n       [5.95714082, 6.26959003, 7.94694957, 5.81794543, 2.71927069,\n        6.57857362],\n       [5.99631953, 6.24813555, 7.96515245, 5.86055565, 2.72180898,\n        6.58085252],\n       [5.91266003, 6.30675394, 7.93493737, 5.81748771, 2.76493071,\n        6.49304865]]), array([0.2884877 , 0.28864709, 0.28867871, 0.28868482, 0.28871375,\n       0.28893748, 0.28894928]))"}, "3": {"maxiter": 100, "fatol": 1e-10, "xatol": 1e-10, "duration": 0.027570009231567383, "fun": "0.2884877026081085", "nit": "100", "nfev": "155", "status": "2", "success": "False", "message": "Maximum number of iterations has been exceeded.", "x": "[5.92663228 6.26886009 7.95469085 5.84871719 2.72399055 6.54996562]", "final_simplex": "(array([[5.92663228, 6.26886009, 7.95469085, 5.84871719, 2.72399055,\n        6.54996562],\n       [5.91835758, 6.2679959 , 7.95945688, 5.85954041, 2.72991239,\n        6.4974192 ],\n       [5.95593423, 6.26378761, 7.99209025, 5.86104265, 2.7021581 ,\n        6.56205294],\n       [5.94001548, 6.25094526, 7.99066489, 5.8307798 , 2.69024218,\n        6.55404889],\n       [5.95714082, 6.26959003, 7.94694957, 5.81794543, 2.71927069,\n        6.57857362],\n       [5.99631953, 6.24813555, 7.96515245, 5.86055565, 2.72180898,\n        6.58085252],\n       [5.91266003, 6.30675394, 7.93493737, 5.81748771, 2.76493071,\n        6.49304865]]), array([0.2884877 , 0.28864709, 0.28867871, 0.28868482, 0.28871375,\n       0.28893748, 0.28894928]))"}, "4": {"maxiter": 500, "fatol": 1e-05, "xatol": 1e-05, "duration": 0.08475089073181152, "fun": "0.28402408957481384", "nit": "286", "nfev": "482", "status": "0", "success": "True", "message": "Optimization terminated successfully.", "x": "[5.93459646 6.78358971 7.5175082  5.82730913 2.52185879 6.73037718]", "final_simplex": "(array([[5.93459646, 6.78358971, 7.5175082 , 5.82730913, 2.52185879,\n        6.73037718],\n       [5.93459707, 6.78359559, 7.51750202, 5.82730915, 2.52185698,\n        6.73038025],\n       [5.93459593, 6.78359543, 7.51750249, 5.82731019, 2.52185882,\n        6.73037735],\n       [5.9345969 , 6.7835871 , 7.51751088, 5.82731027, 2.52185816,\n        6.73037679],\n       [5.93459518, 6.78359211, 7.51750536, 5.82730925, 2.52185662,\n        6.73037823],\n       [5.93459615, 6.78359094, 7.51750593, 5.82730912, 2.52186029,\n        6.73037835],\n       [5.93459683, 6.78359331, 7.51750595, 5.82731047, 2.52185528,\n        6.73038087]]), array([0.28402409, 0.28402409, 0.28402409, 0.28402409, 0.28402409,\n       0.28402409, 0.28402409]))"}, "5": {"maxiter": 500, "fatol": 1e-05, "xatol": 1e-10, "duration": 0.1137380599975586, "fun": "0.28402408957481384", "nit": "302", "nfev": "610", "status": "0", "success": "True", "message": "Optimization terminated successfully.", "x": "[5.93459646 6.78358971 7.5175082  5.82730913 2.52185879 6.73037718]", "final_simplex": "(array([[5.93459646, 6.78358971, 7.5175082 , 5.82730913, 2.52185879,\n        6.73037718],\n       [5.93459646, 6.78358971, 7.5175082 , 5.82730913, 2.52185879,\n        6.73037718],\n       [5.93459646, 6.78358971, 7.5175082 , 5.82730913, 2.52185879,\n        6.73037718],\n       [5.93459646, 6.78358971, 7.5175082 , 5.82730913, 2.52185879,\n        6.73037718],\n       [5.93459646, 6.78358971, 7.5175082 , 5.82730913, 2.52185879,\n        6.73037718],\n       [5.93459646, 6.78358971, 7.5175082 , 5.82730913, 2.52185879,\n        6.73037718],\n       [5.93459646, 6.78358971, 7.5175082 , 5.82730913, 2.52185879,\n        6.73037718]]), array([0.28402409, 0.28402409, 0.28402409, 0.28402409, 0.28402409,\n       0.28402409, 0.28402409]))"}, "6": {"maxiter": 500, "fatol": 1e-10, "xatol": 1e-05, "duration": 0.08826398849487305, "fun": "0.28402408957481384", "nit": "286", "nfev": "482", "status": "0", "success": "True", "message": "Optimization terminated successfully.", "x": "[5.93459646 6.78358971 7.5175082  5.82730913 2.52185879 6.73037718]", "final_simplex": "(array([[5.93459646, 6.78358971, 7.5175082 , 5.82730913, 2.52185879,\n        6.73037718],\n       [5.93459707, 6.78359559, 7.51750202, 5.82730915, 2.52185698,\n        6.73038025],\n       [5.93459593, 6.78359543, 7.51750249, 5.82731019, 2.52185882,\n        6.73037735],\n       [5.9345969 , 6.7835871 , 7.51751088, 5.82731027, 2.52185816,\n        6.73037679],\n       [5.93459518, 6.78359211, 7.51750536, 5.82730925, 2.52185662,\n        6.73037823],\n       [5.93459615, 6.78359094, 7.51750593, 5.82730912, 2.52186029,\n        6.73037835],\n       [5.93459683, 6.78359331, 7.51750595, 5.82731047, 2.52185528,\n        6.73038087]]), array([0.28402409, 0.28402409, 0.28402409, 0.28402409, 0.28402409,\n       0.28402409, 0.28402409]))"}, "7": {"maxiter": 500, "fatol": 1e-10, "xatol": 1e-10, "duration": 0.11286807060241699, "fun": "0.28402408957481384", "nit": "302", "nfev": "610", "status": "0", "success": "True", "message": "Optimization terminated successfully.", "x": "[5.93459646 6.78358971 7.5175082  5.82730913 2.52185879 6.73037718]", "final_simplex": "(array([[5.93459646, 6.78358971, 7.5175082 , 5.82730913, 2.52185879,\n        6.73037718],\n       [5.93459646, 6.78358971, 7.5175082 , 5.82730913, 2.52185879,\n        6.73037718],\n       [5.93459646, 6.78358971, 7.5175082 , 5.82730913, 2.52185879,\n        6.73037718],\n       [5.93459646, 6.78358971, 7.5175082 , 5.82730913, 2.52185879,\n        6.73037718],\n       [5.93459646, 6.78358971, 7.5175082 , 5.82730913, 2.52185879,\n        6.73037718],\n       [5.93459646, 6.78358971, 7.5175082 , 5.82730913, 2.52185879,\n        6.73037718],\n       [5.93459646, 6.78358971, 7.5175082 , 5.82730913, 2.52185879,\n        6.73037718]]), array([0.28402409, 0.28402409, 0.28402409, 0.28402409, 0.28402409,\n       0.28402409, 0.28402409]))"}, "8": {"maxiter": 1000, "fatol": 1e-05, "xatol": 1e-05, "duration": 0.09622979164123535, "fun": "0.28402408957481384", "nit": "286", "nfev": "482", "status": "0", "success": "True", "message": "Optimization terminated successfully.", "x": "[5.93459646 6.78358971 7.5175082  5.82730913 2.52185879 6.73037718]", "final_simplex": "(array([[5.93459646, 6.78358971, 7.5175082 , 5.82730913, 2.52185879,\n        6.73037718],\n       [5.93459707, 6.78359559, 7.51750202, 5.82730915, 2.52185698,\n        6.73038025],\n       [5.93459593, 6.78359543, 7.51750249, 5.82731019, 2.52185882,\n        6.73037735],\n       [5.9345969 , 6.7835871 , 7.51751088, 5.82731027, 2.52185816,\n        6.73037679],\n       [5.93459518, 6.78359211, 7.51750536, 5.82730925, 2.52185662,\n        6.73037823],\n       [5.93459615, 6.78359094, 7.51750593, 5.82730912, 2.52186029,\n        6.73037835],\n       [5.93459683, 6.78359331, 7.51750595, 5.82731047, 2.52185528,\n        6.73038087]]), array([0.28402409, 0.28402409, 0.28402409, 0.28402409, 0.28402409,\n       0.28402409, 0.28402409]))"}, "9": {"maxiter": 1000, "fatol": 1e-05, "xatol": 1e-10, "duration": 0.11586689949035645, "fun": "0.28402408957481384", "nit": "302", "nfev": "610", "status": "0", "success": "True", "message": "Optimization terminated successfully.", "x": "[5.93459646 6.78358971 7.5175082  5.82730913 2.52185879 6.73037718]", "final_simplex": "(array([[5.93459646, 6.78358971, 7.5175082 , 5.82730913, 2.52185879,\n        6.73037718],\n       [5.93459646, 6.78358971, 7.5175082 , 5.82730913, 2.52185879,\n        6.73037718],\n       [5.93459646, 6.78358971, 7.5175082 , 5.82730913, 2.52185879,\n        6.73037718],\n       [5.93459646, 6.78358971, 7.5175082 , 5.82730913, 2.52185879,\n        6.73037718],\n       [5.93459646, 6.78358971, 7.5175082 , 5.82730913, 2.52185879,\n        6.73037718],\n       [5.93459646, 6.78358971, 7.5175082 , 5.82730913, 2.52185879,\n        6.73037718],\n       [5.93459646, 6.78358971, 7.5175082 , 5.82730913, 2.52185879,\n        6.73037718]]), array([0.28402409, 0.28402409, 0.28402409, 0.28402409, 0.28402409,\n       0.28402409, 0.28402409]))"}, "10": {"maxiter": 1000, "fatol": 1e-10, "xatol": 1e-05, "duration": 0.09294295310974121, "fun": "0.28402408957481384", "nit": "286", "nfev": "482", "status": "0", "success": "True", "message": "Optimization terminated successfully.", "x": "[5.93459646 6.78358971 7.5175082  5.82730913 2.52185879 6.73037718]", "final_simplex": "(array([[5.93459646, 6.78358971, 7.5175082 , 5.82730913, 2.52185879,\n        6.73037718],\n       [5.93459707, 6.78359559, 7.51750202, 5.82730915, 2.52185698,\n        6.73038025],\n       [5.93459593, 6.78359543, 7.51750249, 5.82731019, 2.52185882,\n        6.73037735],\n       [5.9345969 , 6.7835871 , 7.51751088, 5.82731027, 2.52185816,\n        6.73037679],\n       [5.93459518, 6.78359211, 7.51750536, 5.82730925, 2.52185662,\n        6.73037823],\n       [5.93459615, 6.78359094, 7.51750593, 5.82730912, 2.52186029,\n        6.73037835],\n       [5.93459683, 6.78359331, 7.51750595, 5.82731047, 2.52185528,\n        6.73038087]]), array([0.28402409, 0.28402409, 0.28402409, 0.28402409, 0.28402409,\n       0.28402409, 0.28402409]))"}, "11": {"maxiter": 1000, "fatol": 1e-10, "xatol": 1e-10, "duration": 0.10997509956359863, "fun": "0.28402408957481384", "nit": "302", "nfev": "610", "status": "0", "success": "True", "message": "Optimization terminated successfully.", "x": "[5.93459646 6.78358971 7.5175082  5.82730913 2.52185879 6.73037718]", "final_simplex": "(array([[5.93459646, 6.78358971, 7.5175082 , 5.82730913, 2.52185879,\n        6.73037718],\n       [5.93459646, 6.78358971, 7.5175082 , 5.82730913, 2.52185879,\n        6.73037718],\n       [5.93459646, 6.78358971, 7.5175082 , 5.82730913, 2.52185879,\n        6.73037718],\n       [5.93459646, 6.78358971, 7.5175082 , 5.82730913, 2.52185879,\n        6.73037718],\n       [5.93459646, 6.78358971, 7.5175082 , 5.82730913, 2.52185879,\n        6.73037718],\n       [5.93459646, 6.78358971, 7.5175082 , 5.82730913, 2.52185879,\n        6.73037718],\n       [5.93459646, 6.78358971, 7.5175082 , 5.82730913, 2.52185879,\n        6.73037718]]), array([0.28402409, 0.28402409, 0.28402409, 0.28402409, 0.28402409,\n       0.28402409, 0.28402409]))"}}, "bfgs": {"0": {"maxiter": 100, "gtol": 1e-05, "xrtol": 1e-05, "eps": 1e-05, "duration": 0.02707505226135254, "fun": "0.2841171324253082", "jac": "[0. 0. 0. 0. 0. 0.]", "hess_inv": "[[  2.99769084  -0.77829692  -0.15587355   0.4237449   -0.23457606\n    1.82176387]\n [ -0.77829692   1.71421315  -0.70131674  -0.02474433   2.67286304\n   -3.25486392]\n [ -0.15587355  -0.70131674   2.09225361   0.50359313  -3.5091972\n    3.613508  ]\n [  0.4237449   -0.02474433   0.50359313   2.34947751  -1.44858957\n    0.87872589]\n [ -0.23457606   2.67286304  -3.5091972   -1.44858957  15.33336848\n  -13.77853071]\n [  1.82176387  -3.25486392   3.613508     0.87872589 -13.77853071\n   15.81407846]]", "nfev": "147", "njev": "21", "status": "0", "success": "True", "message": "Optimization terminated successfully.", "x": "[5.93830067 6.87817529 7.43504533 5.82484924 2.52304559 6.74273773]", "nit": "18"}, "1": {"maxiter": 100, "gtol": 1e-05, "xrtol": 1e-05, "eps": 1e-10, "duration": 0.001302957534790039, "fun": "0.6882279515266418", "jac": "[0. 0. 0. 0. 0. 0.]", "hess_inv": "[[1 0 0 0 0 0]\n [0 1 0 0 0 0]\n [0 0 1 0 0 0]\n [0 0 0 1 0 0]\n [0 0 0 0 1 0]\n [0 0 0 0 0 1]]", "nfev": "7", "njev": "1", "status": "0", "success": "True", "message": "Optimization terminated successfully.", "x": "[5.72366197 6.11047764 5.61850737 4.81310267 4.23367089 4.91055794]", "nit": "0"}, "2": {"maxiter": 100, "gtol": 1e-05, "xrtol": 1e-10, "eps": 1e-05, "duration": 0.026899099349975586, "fun": "0.2841171324253082", "jac": "[0. 0. 0. 0. 0. 0.]", "hess_inv": "[[  2.99769084  -0.77829692  -0.15587355   0.4237449   -0.23457606\n    1.82176387]\n [ -0.77829692   1.71421315  -0.70131674  -0.02474433   2.67286304\n   -3.25486392]\n [ -0.15587355  -0.70131674   2.09225361   0.50359313  -3.5091972\n    3.613508  ]\n [  0.4237449   -0.02474433   0.50359313   2.34947751  -1.44858957\n    0.87872589]\n [ -0.23457606   2.67286304  -3.5091972   -1.44858957  15.33336848\n  -13.77853071]\n [  1.82176387  -3.25486392   3.613508     0.87872589 -13.77853071\n   15.81407846]]", "nfev": "147", "njev": "21", "status": "0", "success": "True", "message": "Optimization terminated successfully.", "x": "[5.93830067 6.87817529 7.43504533 5.82484924 2.52304559 6.74273773]", "nit": "18"}, "3": {"maxiter": 100, "gtol": 1e-05, "xrtol": 1e-10, "eps": 1e-10, "duration": 0.0013620853424072266, "fun": "0.6882279515266418", "jac": "[0. 0. 0. 0. 0. 0.]", "hess_inv": "[[1 0 0 0 0 0]\n [0 1 0 0 0 0]\n [0 0 1 0 0 0]\n [0 0 0 1 0 0]\n [0 0 0 0 1 0]\n [0 0 0 0 0 1]]", "nfev": "7", "njev": "1", "status": "0", "success": "True", "message": "Optimization terminated successfully.", "x": "[5.72366197 6.11047764 5.61850737 4.81310267 4.23367089 4.91055794]", "nit": "0"}, "4": {"maxiter": 100, "gtol": 1e-10, "xrtol": 1e-05, "eps": 1e-05, "duration": 0.02682805061340332, "fun": "0.2841171324253082", "jac": "[0. 0. 0. 0. 0. 0.]", "hess_inv": "[[  2.99769084  -0.77829692  -0.15587355   0.4237449   -0.23457606\n    1.82176387]\n [ -0.77829692   1.71421315  -0.70131674  -0.02474433   2.67286304\n   -3.25486392]\n [ -0.15587355  -0.70131674   2.09225361   0.50359313  -3.5091972\n    3.613508  ]\n [  0.4237449   -0.02474433   0.50359313   2.34947751  -1.44858957\n    0.87872589]\n [ -0.23457606   2.67286304  -3.5091972   -1.44858957  15.33336848\n  -13.77853071]\n [  1.82176387  -3.25486392   3.613508     0.87872589 -13.77853071\n   15.81407846]]", "nfev": "147", "njev": "21", "status": "0", "success": "True", "message": "Optimization terminated successfully.", "x": "[5.93830067 6.87817529 7.43504533 5.82484924 2.52304559 6.74273773]", "nit": "18"}, "5": {"maxiter": 100, "gtol": 1e-10, "xrtol": 1e-05, "eps": 1e-10, "duration": 0.001300811767578125, "fun": "0.6882279515266418", "jac": "[0. 0. 0. 0. 0. 0.]", "hess_inv": "[[1 0 0 0 0 0]\n [0 1 0 0 0 0]\n [0 0 1 0 0 0]\n [0 0 0 1 0 0]\n [0 0 0 0 1 0]\n [0 0 0 0 0 1]]", "nfev": "7", "njev": "1", "status": "0", "success": "True", "message": "Optimization terminated successfully.", "x": "[5.72366197 6.11047764 5.61850737 4.81310267 4.23367089 4.91055794]", "nit": "0"}, "6": {"maxiter": 100, "gtol": 1e-10, "xrtol": 1e-10, "eps": 1e-05, "duration": 0.026668071746826172, "fun": "0.2841171324253082", "jac": "[0. 0. 0. 0. 0. 0.]", "hess_inv": "[[  2.99769084  -0.77829692  -0.15587355   0.4237449   -0.23457606\n    1.82176387]\n [ -0.77829692   1.71421315  -0.70131674  -0.02474433   2.67286304\n   -3.25486392]\n [ -0.15587355  -0.70131674   2.09225361   0.50359313  -3.5091972\n    3.613508  ]\n [  0.4237449   -0.02474433   0.50359313   2.34947751  -1.44858957\n    0.87872589]\n [ -0.23457606   2.67286304  -3.5091972   -1.44858957  15.33336848\n  -13.77853071]\n [  1.82176387  -3.25486392   3.613508     0.87872589 -13.77853071\n   15.81407846]]", "nfev": "147", "njev": "21", "status": "0", "success": "True", "message": "Optimization terminated successfully.", "x": "[5.93830067 6.87817529 7.43504533 5.82484924 2.52304559 6.74273773]", "nit": "18"}, "7": {"maxiter": 100, "gtol": 1e-10, "xrtol": 1e-10, "eps": 1e-10, "duration": 0.0012907981872558594, "fun": "0.6882279515266418", "jac": "[0. 0. 0. 0. 0. 0.]", "hess_inv": "[[1 0 0 0 0 0]\n [0 1 0 0 0 0]\n [0 0 1 0 0 0]\n [0 0 0 1 0 0]\n [0 0 0 0 1 0]\n [0 0 0 0 0 1]]", "nfev": "7", "njev": "1", "status": "0", "success": "True", "message": "Optimization terminated successfully.", "x": "[5.72366197 6.11047764 5.61850737 4.81310267 4.23367089 4.91055794]", "nit": "0"}, "8": {"maxiter": 500, "gtol": 1e-05, "xrtol": 1e-05, "eps": 1e-05, "duration": 0.026618003845214844, "fun": "0.2841171324253082", "jac": "[0. 0. 0. 0. 0. 0.]", "hess_inv": "[[  2.99769084  -0.77829692  -0.15587355   0.4237449   -0.23457606\n    1.82176387]\n [ -0.77829692   1.71421315  -0.70131674  -0.02474433   2.67286304\n   -3.25486392]\n [ -0.15587355  -0.70131674   2.09225361   0.50359313  -3.5091972\n    3.613508  ]\n [  0.4237449   -0.02474433   0.50359313   2.34947751  -1.44858957\n    0.87872589]\n [ -0.23457606   2.67286304  -3.5091972   -1.44858957  15.33336848\n  -13.77853071]\n [  1.82176387  -3.25486392   3.613508     0.87872589 -13.77853071\n   15.81407846]]", "nfev": "147", "njev": "21", "status": "0", "success": "True", "message": "Optimization terminated successfully.", "x": "[5.93830067 6.87817529 7.43504533 5.82484924 2.52304559 6.74273773]", "nit": "18"}, "9": {"maxiter": 500, "gtol": 1e-05, "xrtol": 1e-05, "eps": 1e-10, "duration": 0.0012879371643066406, "fun": "0.6882279515266418", "jac": "[0. 0. 0. 0. 0. 0.]", "hess_inv": "[[1 0 0 0 0 0]\n [0 1 0 0 0 0]\n [0 0 1 0 0 0]\n [0 0 0 1 0 0]\n [0 0 0 0 1 0]\n [0 0 0 0 0 1]]", "nfev": "7", "njev": "1", "status": "0", "success": "True", "message": "Optimization terminated successfully.", "x": "[5.72366197 6.11047764 5.61850737 4.81310267 4.23367089 4.91055794]", "nit": "0"}, "10": {"maxiter": 500, "gtol": 1e-05, "xrtol": 1e-10, "eps": 1e-05, "duration": 0.026613950729370117, "fun": "0.2841171324253082", "jac": "[0. 0. 0. 0. 0. 0.]", "hess_inv": "[[  2.99769084  -0.77829692  -0.15587355   0.4237449   -0.23457606\n    1.82176387]\n [ -0.77829692   1.71421315  -0.70131674  -0.02474433   2.67286304\n   -3.25486392]\n [ -0.15587355  -0.70131674   2.09225361   0.50359313  -3.5091972\n    3.613508  ]\n [  0.4237449   -0.02474433   0.50359313   2.34947751  -1.44858957\n    0.87872589]\n [ -0.23457606   2.67286304  -3.5091972   -1.44858957  15.33336848\n  -13.77853071]\n [  1.82176387  -3.25486392   3.613508     0.87872589 -13.77853071\n   15.81407846]]", "nfev": "147", "njev": "21", "status": "0", "success": "True", "message": "Optimization terminated successfully.", "x": "[5.93830067 6.87817529 7.43504533 5.82484924 2.52304559 6.74273773]", "nit": "18"}, "11": {"maxiter": 500, "gtol": 1e-05, "xrtol": 1e-10, "eps": 1e-10, "duration": 0.0012769699096679688, "fun": "0.6882279515266418", "jac": "[0. 0. 0. 0. 0. 0.]", "hess_inv": "[[1 0 0 0 0 0]\n [0 1 0 0 0 0]\n [0 0 1 0 0 0]\n [0 0 0 1 0 0]\n [0 0 0 0 1 0]\n [0 0 0 0 0 1]]", "nfev": "7", "njev": "1", "status": "0", "success": "True", "message": "Optimization terminated successfully.", "x": "[5.72366197 6.11047764 5.61850737 4.81310267 4.23367089 4.91055794]", "nit": "0"}, "12": {"maxiter": 500, "gtol": 1e-10, "xrtol": 1e-05, "eps": 1e-05, "duration": 0.026556968688964844, "fun": "0.2841171324253082", "jac": "[0. 0. 0. 0. 0. 0.]", "hess_inv": "[[  2.99769084  -0.77829692  -0.15587355   0.4237449   -0.23457606\n    1.82176387]\n [ -0.77829692   1.71421315  -0.70131674  -0.02474433   2.67286304\n   -3.25486392]\n [ -0.15587355  -0.70131674   2.09225361   0.50359313  -3.5091972\n    3.613508  ]\n [  0.4237449   -0.02474433   0.50359313   2.34947751  -1.44858957\n    0.87872589]\n [ -0.23457606   2.67286304  -3.5091972   -1.44858957  15.33336848\n  -13.77853071]\n [  1.82176387  -3.25486392   3.613508     0.87872589 -13.77853071\n   15.81407846]]", "nfev": "147", "njev": "21", "status": "0", "success": "True", "message": "Optimization terminated successfully.", "x": "[5.93830067 6.87817529 7.43504533 5.82484924 2.52304559 6.74273773]", "nit": "18"}, "13": {"maxiter": 500, "gtol": 1e-10, "xrtol": 1e-05, "eps": 1e-10, "duration": 0.001277923583984375, "fun": "0.6882279515266418", "jac": "[0. 0. 0. 0. 0. 0.]", "hess_inv": "[[1 0 0 0 0 0]\n [0 1 0 0 0 0]\n [0 0 1 0 0 0]\n [0 0 0 1 0 0]\n [0 0 0 0 1 0]\n [0 0 0 0 0 1]]", "nfev": "7", "njev": "1", "status": "0", "success": "True", "message": "Optimization terminated successfully.", "x": "[5.72366197 6.11047764 5.61850737 4.81310267 4.23367089 4.91055794]", "nit": "0"}, "14": {"maxiter": 500, "gtol": 1e-10, "xrtol": 1e-10, "eps": 1e-05, "duration": 0.026551008224487305, "fun": "0.2841171324253082", "jac": "[0. 0. 0. 0. 0. 0.]", "hess_inv": "[[  2.99769084  -0.77829692  -0.15587355   0.4237449   -0.23457606\n    1.82176387]\n [ -0.77829692   1.71421315  -0.70131674  -0.02474433   2.67286304\n   -3.25486392]\n [ -0.15587355  -0.70131674   2.09225361   0.50359313  -3.5091972\n    3.613508  ]\n [  0.4237449   -0.02474433   0.50359313   2.34947751  -1.44858957\n    0.87872589]\n [ -0.23457606   2.67286304  -3.5091972   -1.44858957  15.33336848\n  -13.77853071]\n [  1.82176387  -3.25486392   3.613508     0.87872589 -13.77853071\n   15.81407846]]", "nfev": "147", "njev": "21", "status": "0", "success": "True", "message": "Optimization terminated successfully.", "x": "[5.93830067 6.87817529 7.43504533 5.82484924 2.52304559 6.74273773]", "nit": "18"}, "15": {"maxiter": 500, "gtol": 1e-10, "xrtol": 1e-10, "eps": 1e-10, "duration": 0.0013399124145507812, "fun": "0.6882279515266418", "jac": "[0. 0. 0. 0. 0. 0.]", "hess_inv": "[[1 0 0 0 0 0]\n [0 1 0 0 0 0]\n [0 0 1 0 0 0]\n [0 0 0 1 0 0]\n [0 0 0 0 1 0]\n [0 0 0 0 0 1]]", "nfev": "7", "njev": "1", "status": "0", "success": "True", "message": "Optimization terminated successfully.", "x": "[5.72366197 6.11047764 5.61850737 4.81310267 4.23367089 4.91055794]", "nit": "0"}, "16": {"maxiter": 1000, "gtol": 1e-05, "xrtol": 1e-05, "eps": 1e-05, "duration": 0.02773594856262207, "fun": "0.2841171324253082", "jac": "[0. 0. 0. 0. 0. 0.]", "hess_inv": "[[  2.99769084  -0.77829692  -0.15587355   0.4237449   -0.23457606\n    1.82176387]\n [ -0.77829692   1.71421315  -0.70131674  -0.02474433   2.67286304\n   -3.25486392]\n [ -0.15587355  -0.70131674   2.09225361   0.50359313  -3.5091972\n    3.613508  ]\n [  0.4237449   -0.02474433   0.50359313   2.34947751  -1.44858957\n    0.87872589]\n [ -0.23457606   2.67286304  -3.5091972   -1.44858957  15.33336848\n  -13.77853071]\n [  1.82176387  -3.25486392   3.613508     0.87872589 -13.77853071\n   15.81407846]]", "nfev": "147", "njev": "21", "status": "0", "success": "True", "message": "Optimization terminated successfully.", "x": "[5.93830067 6.87817529 7.43504533 5.82484924 2.52304559 6.74273773]", "nit": "18"}, "17": {"maxiter": 1000, "gtol": 1e-05, "xrtol": 1e-05, "eps": 1e-10, "duration": 0.001355886459350586, "fun": "0.6882279515266418", "jac": "[0. 0. 0. 0. 0. 0.]", "hess_inv": "[[1 0 0 0 0 0]\n [0 1 0 0 0 0]\n [0 0 1 0 0 0]\n [0 0 0 1 0 0]\n [0 0 0 0 1 0]\n [0 0 0 0 0 1]]", "nfev": "7", "njev": "1", "status": "0", "success": "True", "message": "Optimization terminated successfully.", "x": "[5.72366197 6.11047764 5.61850737 4.81310267 4.23367089 4.91055794]", "nit": "0"}, "18": {"maxiter": 1000, "gtol": 1e-05, "xrtol": 1e-10, "eps": 1e-05, "duration": 0.027969837188720703, "fun": "0.2841171324253082", "jac": "[0. 0. 0. 0. 0. 0.]", "hess_inv": "[[  2.99769084  -0.77829692  -0.15587355   0.4237449   -0.23457606\n    1.82176387]\n [ -0.77829692   1.71421315  -0.70131674  -0.02474433   2.67286304\n   -3.25486392]\n [ -0.15587355  -0.70131674   2.09225361   0.50359313  -3.5091972\n    3.613508  ]\n [  0.4237449   -0.02474433   0.50359313   2.34947751  -1.44858957\n    0.87872589]\n [ -0.23457606   2.67286304  -3.5091972   -1.44858957  15.33336848\n  -13.77853071]\n [  1.82176387  -3.25486392   3.613508     0.87872589 -13.77853071\n   15.81407846]]", "nfev": "147", "njev": "21", "status": "0", "success": "True", "message": "Optimization terminated successfully.", "x": "[5.93830067 6.87817529 7.43504533 5.82484924 2.52304559 6.74273773]", "nit": "18"}, "19": {"maxiter": 1000, "gtol": 1e-05, "xrtol": 1e-10, "eps": 1e-10, "duration": 0.0013613700866699219, "fun": "0.6882279515266418", "jac": "[0. 0. 0. 0. 0. 0.]", "hess_inv": "[[1 0 0 0 0 0]\n [0 1 0 0 0 0]\n [0 0 1 0 0 0]\n [0 0 0 1 0 0]\n [0 0 0 0 1 0]\n [0 0 0 0 0 1]]", "nfev": "7", "njev": "1", "status": "0", "success": "True", "message": "Optimization terminated successfully.", "x": "[5.72366197 6.11047764 5.61850737 4.81310267 4.23367089 4.91055794]", "nit": "0"}, "20": {"maxiter": 1000, "gtol": 1e-10, "xrtol": 1e-05, "eps": 1e-05, "duration": 0.027874231338500977, "fun": "0.2841171324253082", "jac": "[0. 0. 0. 0. 0. 0.]", "hess_inv": "[[  2.99769084  -0.77829692  -0.15587355   0.4237449   -0.23457606\n    1.82176387]\n [ -0.77829692   1.71421315  -0.70131674  -0.02474433   2.67286304\n   -3.25486392]\n [ -0.15587355  -0.70131674   2.09225361   0.50359313  -3.5091972\n    3.613508  ]\n [  0.4237449   -0.02474433   0.50359313   2.34947751  -1.44858957\n    0.87872589]\n [ -0.23457606   2.67286304  -3.5091972   -1.44858957  15.33336848\n  -13.77853071]\n [  1.82176387  -3.25486392   3.613508     0.87872589 -13.77853071\n   15.81407846]]", "nfev": "147", "njev": "21", "status": "0", "success": "True", "message": "Optimization terminated successfully.", "x": "[5.93830067 6.87817529 7.43504533 5.82484924 2.52304559 6.74273773]", "nit": "18"}, "21": {"maxiter": 1000, "gtol": 1e-10, "xrtol": 1e-05, "eps": 1e-10, "duration": 0.0013468265533447266, "fun": "0.6882279515266418", "jac": "[0. 0. 0. 0. 0. 0.]", "hess_inv": "[[1 0 0 0 0 0]\n [0 1 0 0 0 0]\n [0 0 1 0 0 0]\n [0 0 0 1 0 0]\n [0 0 0 0 1 0]\n [0 0 0 0 0 1]]", "nfev": "7", "njev": "1", "status": "0", "success": "True", "message": "Optimization terminated successfully.", "x": "[5.72366197 6.11047764 5.61850737 4.81310267 4.23367089 4.91055794]", "nit": "0"}, "22": {"maxiter": 1000, "gtol": 1e-10, "xrtol": 1e-10, "eps": 1e-05, "duration": 0.027827024459838867, "fun": "0.2841171324253082", "jac": "[0. 0. 0. 0. 0. 0.]", "hess_inv": "[[  2.99769084  -0.77829692  -0.15587355   0.4237449   -0.23457606\n    1.82176387]\n [ -0.77829692   1.71421315  -0.70131674  -0.02474433   2.67286304\n   -3.25486392]\n [ -0.15587355  -0.70131674   2.09225361   0.50359313  -3.5091972\n    3.613508  ]\n [  0.4237449   -0.02474433   0.50359313   2.34947751  -1.44858957\n    0.87872589]\n [ -0.23457606   2.67286304  -3.5091972   -1.44858957  15.33336848\n  -13.77853071]\n [  1.82176387  -3.25486392   3.613508     0.87872589 -13.77853071\n   15.81407846]]", "nfev": "147", "njev": "21", "status": "0", "success": "True", "message": "Optimization terminated successfully.", "x": "[5.93830067 6.87817529 7.43504533 5.82484924 2.52304559 6.74273773]", "nit": "18"}, "23": {"maxiter": 1000, "gtol": 1e-10, "xrtol": 1e-10, "eps": 1e-10, "duration": 0.001344919204711914, "fun": "0.6882279515266418", "jac": "[0. 0. 0. 0. 0. 0.]", "hess_inv": "[[1 0 0 0 0 0]\n [0 1 0 0 0 0]\n [0 0 1 0 0 0]\n [0 0 0 1 0 0]\n [0 0 0 0 1 0]\n [0 0 0 0 0 1]]", "nfev": "7", "njev": "1", "status": "0", "success": "True", "message": "Optimization terminated successfully.", "x": "[5.72366197 6.11047764 5.61850737 4.81310267 4.23367089 4.91055794]", "nit": "0"}}, "cobyla": {"0": {"maxiter": 100, "tol": 1e-05, "catol": 1e-05, "duration": 0.01818704605102539, "x": "[5.95159221 7.24917521 7.0359371  5.81751225 2.76670182 6.59347813]", "status": "2", "success": "False", "message": "Maximum number of function evaluations has been exceeded.", "nfev": "100", "fun": "0.28700459003448486", "maxcv": "0.0"}, "1": {"maxiter": 100, "tol": 1e-05, "catol": 1e-10, "duration": 0.018110036849975586, "x": "[5.95159221 7.24917521 7.0359371  5.81751225 2.76670182 6.59347813]", "status": "2", "success": "False", "message": "Maximum number of function evaluations has been exceeded.", "nfev": "100", "fun": "0.28700459003448486", "maxcv": "0.0"}, "2": {"maxiter": 100, "tol": 1e-10, "catol": 1e-05, "duration": 0.01809382438659668, "x": "[5.95159221 7.24917521 7.0359371  5.81751225 2.76670182 6.59347813]", "status": "2", "success": "False", "message": "Maximum number of function evaluations has been exceeded.", "nfev": "100", "fun": "0.28700459003448486", "maxcv": "0.0"}, "3": {"maxiter": 100, "tol": 1e-10, "catol": 1e-10, "duration": 0.01804804801940918, "x": "[5.95159221 7.24917521 7.0359371  5.81751225 2.76670182 6.59347813]", "status": "2", "success": "False", "message": "Maximum number of function evaluations has been exceeded.", "nfev": "100", "fun": "0.28700459003448486", "maxcv": "0.0"}, "4": {"maxiter": 500, "tol": 1e-05, "catol": 1e-05, "duration": 0.09044814109802246, "x": "[5.93507539 6.80508168 7.49675795 5.82817071 2.52694379 6.72966125]", "status": "2", "success": "False", "message": "Maximum number of function evaluations has been exceeded.", "nfev": "500", "fun": "0.28402966260910034", "maxcv": "0.0"}, "5": {"maxiter": 500, "tol": 1e-05, "catol": 1e-10, "duration": 0.08517313003540039, "x": "[5.93507539 6.80508168 7.49675795 5.82817071 2.52694379 6.72966125]", "status": "2", "success": "False", "message": "Maximum number of function evaluations has been exceeded.", "nfev": "500", "fun": "0.28402966260910034", "maxcv": "0.0"}, "6": {"maxiter": 500, "tol": 1e-10, "catol": 1e-05, "duration": 0.08494400978088379, "x": "[5.93507539 6.80508168 7.49675795 5.82817071 2.52694379 6.72966125]", "status": "2", "success": "False", "message": "Maximum number of function evaluations has been exceeded.", "nfev": "500", "fun": "0.28402966260910034", "maxcv": "0.0"}, "7": {"maxiter": 500, "tol": 1e-10, "catol": 1e-10, "duration": 0.08501911163330078, "x": "[5.93507539 6.80508168 7.49675795 5.82817071 2.52694379 6.72966125]", "status": "2", "success": "False", "message": "Maximum number of function evaluations has been exceeded.", "nfev": "500", "fun": "0.28402966260910034", "maxcv": "0.0"}, "8": {"maxiter": 1000, "tol": 1e-05, "catol": 1e-05, "duration": 0.10381388664245605, "x": "[5.93474727 6.79404323 7.50723936 5.82709251 2.5242569  6.72990868]", "status": "1", "success": "True", "message": "Optimization terminated successfully.", "nfev": "611", "fun": "0.2840254306793213", "maxcv": "0.0"}, "9": {"maxiter": 1000, "tol": 1e-05, "catol": 1e-10, "duration": 0.10386490821838379, "x": "[5.93474727 6.79404323 7.50723936 5.82709251 2.5242569  6.72990868]", "status": "1", "success": "True", "message": "Optimization terminated successfully.", "nfev": "611", "fun": "0.2840254306793213", "maxcv": "0.0"}, "10": {"maxiter": 1000, "tol": 1e-10, "catol": 1e-05, "duration": 0.10940122604370117, "x": "[5.93474727 6.79404323 7.50723936 5.82709251 2.5242569  6.72990868]", "status": "1", "success": "True", "message": "Optimization terminated successfully.", "nfev": "645", "fun": "0.2840254306793213", "maxcv": "0.0"}, "11": {"maxiter": 1000, "tol": 1e-10, "catol": 1e-10, "duration": 0.10941696166992188, "x": "[5.93474727 6.79404323 7.50723936 5.82709251 2.5242569  6.72990868]", "status": "1", "success": "True", "message": "Optimization terminated successfully.", "nfev": "645", "fun": "0.2840254306793213", "maxcv": "0.0"}}, "powell": {"0": {"maxiter": 100, "ftol": 1e-05, "xtol": 1e-05, "duration": 0.3304708003997803, "fun": "0.4003424346446991", "direc": "[[ 0.09253359 -0.05034372 -0.02898561 -0.03221081 -0.01673329 -0.02259196]\n [ 0.          1.          0.          0.          0.          0.        ]\n [ 0.01215216 -0.01272652 -0.01840725  0.00101821 -0.12360214 -0.11283101]\n [ 0.          0.          0.          1.          0.          0.        ]\n [ 0.          0.          0.          0.          1.          0.        ]\n [ 0.00137134  0.01167182  0.02084162  0.00226311 -0.01323997 -0.02563228]]", "nit": "18", "nfev": "1838", "status": "0", "success": "True", "message": "Optimization terminated successfully.", "x": "[4.22415645 4.47203715 4.37343236 3.34747229 2.65866088 3.07517534]"}, "1": {"maxiter": 100, "ftol": 1e-05, "xtol": 1e-10, "duration": 0.6307072639465332, "fun": "0.40034219622612", "direc": "[[ 8.77039480e-02 -4.58944461e-02 -2.61382942e-02 -3.04381917e-02\n  -1.58274551e-02 -1.98092622e-02]\n [ 0.00000000e+00  1.00000000e+00  0.00000000e+00  0.00000000e+00\n   0.00000000e+00  0.00000000e+00]\n [ 7.10377380e-03 -5.73424958e-03 -1.27163141e-02  2.36135825e-03\n  -1.03420818e-01 -9.56022183e-02]\n [ 0.00000000e+00  0.00000000e+00  0.00000000e+00  1.00000000e+00\n   0.00000000e+00  0.00000000e+00]\n [ 0.00000000e+00  0.00000000e+00  0.00000000e+00  0.00000000e+00\n   1.00000000e+00  0.00000000e+00]\n [-9.98764105e-04  7.00186021e-03  1.32213215e-02  9.25413731e-04\n   6.02072443e-03 -1.36310671e-03]]", "nit": "16", "nfev": "3541", "status": "0", "success": "True", "message": "Optimization terminated successfully.", "x": "[4.22481809 4.47253171 4.37439187 3.34769723 2.66261123 3.07849767]"}, "2": {"maxiter": 100, "ftol": 1e-10, "xtol": 1e-05, "duration": 0.39994382858276367, "fun": "0.4003421366214752", "direc": "[[ 1.37133777e-03  1.16718234e-02  2.08416153e-02  2.26311435e-03\n  -1.32399671e-02 -2.56322781e-02]\n [ 0.00000000e+00  1.00000000e+00  0.00000000e+00  0.00000000e+00\n   0.00000000e+00  0.00000000e+00]\n [ 1.21521559e-02 -1.27265228e-02 -1.84072504e-02  1.01821383e-03\n  -1.23602136e-01 -1.12831005e-01]\n [ 0.00000000e+00  0.00000000e+00  0.00000000e+00  1.00000000e+00\n   0.00000000e+00  0.00000000e+00]\n [ 0.00000000e+00  0.00000000e+00  0.00000000e+00  0.00000000e+00\n   1.00000000e+00  0.00000000e+00]\n [ 1.47758254e-03 -5.79887443e-06  9.97538002e-04 -4.87403167e-04\n   1.72238608e-03  7.79267930e-04]]", "nit": "20", "nfev": "2235", "status": "0", "success": "True", "message": "Optimization terminated successfully.", "x": "[4.22551336 4.47214354 4.37458787 3.34754793 2.66157269 3.07708903]"}, "3": {"maxiter": 100, "ftol": 1e-10, "xtol": 1e-10, "duration": 0.7262201309204102, "fun": "0.4003421366214752", "direc": "[[ 8.77039480e-02 -4.58944461e-02 -2.61382942e-02 -3.04381917e-02\n  -1.58274551e-02 -1.98092622e-02]\n [ 0.00000000e+00  1.00000000e+00  0.00000000e+00  0.00000000e+00\n   0.00000000e+00  0.00000000e+00]\n [ 7.10377380e-03 -5.73424958e-03 -1.27163141e-02  2.36135825e-03\n  -1.03420818e-01 -9.56022183e-02]\n [ 0.00000000e+00  0.00000000e+00  0.00000000e+00  1.00000000e+00\n   0.00000000e+00  0.00000000e+00]\n [ 0.00000000e+00  0.00000000e+00  0.00000000e+00  0.00000000e+00\n   1.00000000e+00  0.00000000e+00]\n [-9.98764105e-04  7.00186021e-03  1.32213215e-02  9.25413731e-04\n   6.02072443e-03 -1.36310671e-03]]", "nit": "18", "nfev": "4032", "status": "0", "success": "True", "message": "Optimization terminated successfully.", "x": "[4.22518725 4.47238264 4.37461912 3.34758422 2.66269703 3.07837283]"}, "4": {"maxiter": 500, "ftol": 1e-05, "xtol": 1e-05, "duration": 0.33127307891845703, "fun": "0.4003424346446991", "direc": "[[ 0.09253359 -0.05034372 -0.02898561 -0.03221081 -0.01673329 -0.02259196]\n [ 0.          1.          0.          0.          0.          0.        ]\n [ 0.01215216 -0.01272652 -0.01840725  0.00101821 -0.12360214 -0.11283101]\n [ 0.          0.          0.          1.          0.          0.        ]\n [ 0.          0.          0.          0.          1.          0.        ]\n [ 0.00137134  0.01167182  0.02084162  0.00226311 -0.01323997 -0.02563228]]", "nit": "18", "nfev": "1838", "status": "0", "success": "True", "message": "Optimization terminated successfully.", "x": "[4.22415645 4.47203715 4.37343236 3.34747229 2.65866088 3.07517534]"}, "5": {"maxiter": 500, "ftol": 1e-05, "xtol": 1e-10, "duration": 0.6350839138031006, "fun": "0.40034219622612", "direc": "[[ 8.77039480e-02 -4.58944461e-02 -2.61382942e-02 -3.04381917e-02\n  -1.58274551e-02 -1.98092622e-02]\n [ 0.00000000e+00  1.00000000e+00  0.00000000e+00  0.00000000e+00\n   0.00000000e+00  0.00000000e+00]\n [ 7.10377380e-03 -5.73424958e-03 -1.27163141e-02  2.36135825e-03\n  -1.03420818e-01 -9.56022183e-02]\n [ 0.00000000e+00  0.00000000e+00  0.00000000e+00  1.00000000e+00\n   0.00000000e+00  0.00000000e+00]\n [ 0.00000000e+00  0.00000000e+00  0.00000000e+00  0.00000000e+00\n   1.00000000e+00  0.00000000e+00]\n [-9.98764105e-04  7.00186021e-03  1.32213215e-02  9.25413731e-04\n   6.02072443e-03 -1.36310671e-03]]", "nit": "16", "nfev": "3541", "status": "0", "success": "True", "message": "Optimization ter