{"conf_id": 11, "data_type": "random\n", "num_data_points": 1, "s_rank": 0, "unitary": "[[-0.56303964-0.00798273j,-0.21670212-0.15784972j,-0.06047197-0.73952673j,-0.01438004+0.24552571j],[-0.06976756+0.23474685j,-0.01275565-0.5435098j,-0.02703657-0.08917885j,-0.08210486-0.79311774j],[-0.38559961+0.10714929j,0.5933431-0.2687392j,-0.24060861+0.29149289j,-0.45147719+0.26241743j],[-0.50180421+0.45931857j,-0.11617175+0.44134496j,0.49642745+0.22684508j,-0.08544628-0.15407063j]]", "databatch_0": {"databatch": "[[[0.23416519-0.1535058j,0.03646161-0.22531021j,0.13890607+0.29434501j,0.23089472-0.03323103j],[0.13969577-0.06236932j,0.12049011+0.28381995j,0.36988045+0.01424255j,0.1311211-0.09491145j],[-0.23609007+0.04678032j,-0.07858786+0.05763151j,0.04065995-0.26204549j,-0.1880512+0.04380092j],[-0.28015257-0.08333568j,-0.2565003+0.05040595j,0.09208361+0.00354302j,-0.28186538-0.103612j]]]", "nelder_mead": {"0": {"maxiter": 100, "fatol": 1e-05, "xatol": 1e-05, "duration": 0.028815746307373047, "fun": "0.4055023193359375", "nit": "100", "nfev": "156", "status": "2", "success": "False", "message": "Maximum number of iterations has been exceeded.", "x": "[ 7.00117165  0.99037962 -0.26274731  3.74683299  3.61033623  7.66856258]", "final_simplex": "(array([[ 7.00117165,  0.99037962, -0.26274731,  3.74683299,  3.61033623,\n         7.66856258],\n       [ 7.03118096,  1.0077569 , -0.4561414 ,  3.73060232,  3.61577666,\n         7.65858257],\n       [ 7.18115391,  1.03107056, -0.38053716,  3.6192857 ,  3.66873824,\n         7.68586399],\n       [ 7.158105  ,  1.01658924, -0.3873503 ,  3.68099326,  3.53940774,\n         7.72185698],\n       [ 7.06453838,  1.00577034, -0.21513907,  3.86016659,  3.54305017,\n         7.5872418 ],\n       [ 7.09120819,  1.00904545, -0.24502277,  3.69188775,  3.52594188,\n         7.61250398],\n       [ 6.95918945,  1.01338366, -0.30366418,  3.59983438,  3.4752727 ,\n         7.55557893]]), array([0.40550232, 0.40813985, 0.40935731, 0.40972924, 0.41006303,\n       0.41033798, 0.41196832]))"}, "1": {"maxiter": 100, "fatol": 1e-05, "xatol": 1e-10, "duration": 0.028224945068359375, "fun": "0.4055023193359375", "nit": "100", "nfev": "156", "status": "2", "success": "False", "message": "Maximum number of iterations has been exceeded.", "x": "[ 7.00117165  0.99037962 -0.26274731  3.74683299  3.61033623  7.66856258]", "final_simplex": "(array([[ 7.00117165,  0.99037962, -0.26274731,  3.74683299,  3.61033623,\n         7.66856258],\n       [ 7.03118096,  1.0077569 , -0.4561414 ,  3.73060232,  3.61577666,\n         7.65858257],\n       [ 7.18115391,  1.03107056, -0.38053716,  3.6192857 ,  3.66873824,\n         7.68586399],\n       [ 7.158105  ,  1.01658924, -0.3873503 ,  3.68099326,  3.53940774,\n         7.72185698],\n       [ 7.06453838,  1.00577034, -0.21513907,  3.86016659,  3.54305017,\n         7.5872418 ],\n       [ 7.09120819,  1.00904545, -0.24502277,  3.69188775,  3.52594188,\n         7.61250398],\n       [ 6.95918945,  1.01338366, -0.30366418,  3.59983438,  3.4752727 ,\n         7.55557893]]), array([0.40550232, 0.40813985, 0.40935731, 0.40972924, 0.41006303,\n       0.41033798, 0.41196832]))"}, "2": {"maxiter": 100, "fatol": 1e-10, "xatol": 1e-05, "duration": 0.02813100814819336, "fun": "0.4055023193359375", "nit": "100", "nfev": "156", "status": "2", "success": "False", "message": "Maximum number of iterations has been exceeded.", "x": "[ 7.00117165  0.99037962 -0.26274731  3.74683299  3.61033623  7.66856258]", "final_simplex": "(array([[ 7.00117165,  0.99037962, -0.26274731,  3.74683299,  3.61033623,\n         7.66856258],\n       [ 7.03118096,  1.0077569 , -0.4561414 ,  3.73060232,  3.61577666,\n         7.65858257],\n       [ 7.18115391,  1.03107056, -0.38053716,  3.6192857 ,  3.66873824,\n         7.68586399],\n       [ 7.158105  ,  1.01658924, -0.3873503 ,  3.68099326,  3.53940774,\n         7.72185698],\n       [ 7.06453838,  1.00577034, -0.21513907,  3.86016659,  3.54305017,\n         7.5872418 ],\n       [ 7.09120819,  1.00904545, -0.24502277,  3.69188775,  3.52594188,\n         7.61250398],\n       [ 6.95918945,  1.01338366, -0.30366418,  3.59983438,  3.4752727 ,\n         7.55557893]]), array([0.40550232, 0.40813985, 0.40935731, 0.40972924, 0.41006303,\n       0.41033798, 0.41196832]))"}, "3": {"maxiter": 100, "fatol": 1e-10, "xatol": 1e-10, "duration": 0.02803206443786621, "fun": "0.4055023193359375", "nit": "100", "nfev": "156", "status": "2", "success": "False", "message": "Maximum number of iterations has been exceeded.", "x": "[ 7.00117165  0.99037962 -0.26274731  3.74683299  3.61033623  7.66856258]", "final_simplex": "(array([[ 7.00117165,  0.99037962, -0.26274731,  3.74683299,  3.61033623,\n         7.66856258],\n       [ 7.03118096,  1.0077569 , -0.4561414 ,  3.73060232,  3.61577666,\n         7.65858257],\n       [ 7.18115391,  1.03107056, -0.38053716,  3.6192857 ,  3.66873824,\n         7.68586399],\n       [ 7.158105  ,  1.01658924, -0.3873503 ,  3.68099326,  3.53940774,\n         7.72185698],\n       [ 7.06453838,  1.00577034, -0.21513907,  3.86016659,  3.54305017,\n         7.5872418 ],\n       [ 7.09120819,  1.00904545, -0.24502277,  3.69188775,  3.52594188,\n         7.61250398],\n       [ 6.95918945,  1.01338366, -0.30366418,  3.59983438,  3.4752727 ,\n         7.55557893]]), array([0.40550232, 0.40813985, 0.40935731, 0.40972924, 0.41006303,\n       0.41033798, 0.41196832]))"}, "4": {"maxiter": 500, "fatol": 1e-05, "xatol": 1e-05, "duration": 0.11340999603271484, "fun": "0.3632444441318512", "nit": "376", "nfev": "633", "status": "0", "success": "True", "message": "Optimization terminated successfully.", "x": "[ 7.61354591  1.86243087 -1.55059137  3.93277044  5.81077054  9.47864292]", "final_simplex": "(array([[ 7.61354591,  1.86243087, -1.55059137,  3.93277044,  5.81077054,\n         9.47864292],\n       [ 7.6135462 ,  1.86243244, -1.5505927 ,  3.93277001,  5.81077182,\n         9.47864494],\n       [ 7.6135421 ,  1.86243075, -1.55058851,  3.93276552,  5.81076733,\n         9.47864081],\n       [ 7.61354952,  1.8624319 , -1.55059393,  3.93277095,  5.81077289,\n         9.47864358],\n       [ 7.61354236,  1.86243011, -1.55058914,  3.93276875,  5.81076214,\n         9.47863666],\n       [ 7.61354324,  1.86242816, -1.55058792,  3.93276605,  5.81076301,\n         9.47863753],\n       [ 7.61354462,  1.86243146, -1.55059139,  3.93276734,  5.81076918,\n         9.47864222]]), array([0.36324444, 0.36324444, 0.36324444, 0.36324444, 0.36324444,\n       0.36324444, 0.36324444]))"}, "5": {"maxiter": 500, "fatol": 1e-05, "xatol": 1e-10, "duration": 0.1375260353088379, "fun": "0.3632444441318512", "nit": "393", "nfev": "769", "status": "0", "success": "True", "message": "Optimization terminated successfully.", "x": "[ 7.61354591  1.86243087 -1.55059137  3.93277044  5.81077054  9.47864292]", "final_simplex": "(array([[ 7.61354591,  1.86243087, -1.55059137,  3.93277044,  5.81077054,\n         9.47864292],\n       [ 7.61354591,  1.86243087, -1.55059137,  3.93277044,  5.81077054,\n         9.47864292],\n       [ 7.61354591,  1.86243087, -1.55059137,  3.93277044,  5.81077054,\n         9.47864292],\n       [ 7.61354591,  1.86243087, -1.55059137,  3.93277044,  5.81077054,\n         9.47864292],\n       [ 7.61354591,  1.86243087, -1.55059137,  3.93277044,  5.81077054,\n         9.47864292],\n       [ 7.61354591,  1.86243087, -1.55059137,  3.93277044,  5.81077054,\n         9.47864292],\n       [ 7.61354591,  1.86243087, -1.55059137,  3.93277044,  5.81077054,\n         9.47864292]]), array([0.36324444, 0.36324444, 0.36324444, 0.36324444, 0.36324444,\n       0.36324444, 0.36324444]))"}, "6": {"maxiter": 500, "fatol": 1e-10, "xatol": 1e-05, "duration": 0.11397624015808105, "fun": "0.3632444441318512", "nit": "376", "nfev": "633", "status": "0", "success": "True", "message": "Optimization terminated successfully.", "x": "[ 7.61354591  1.86243087 -1.55059137  3.93277044  5.81077054  9.47864292]", "final_simplex": "(array([[ 7.61354591,  1.86243087, -1.55059137,  3.93277044,  5.81077054,\n         9.47864292],\n       [ 7.6135462 ,  1.86243244, -1.5505927 ,  3.93277001,  5.81077182,\n         9.47864494],\n       [ 7.6135421 ,  1.86243075, -1.55058851,  3.93276552,  5.81076733,\n         9.47864081],\n       [ 7.61354952,  1.8624319 , -1.55059393,  3.93277095,  5.81077289,\n         9.47864358],\n       [ 7.61354236,  1.86243011, -1.55058914,  3.93276875,  5.81076214,\n         9.47863666],\n       [ 7.61354324,  1.86242816, -1.55058792,  3.93276605,  5.81076301,\n         9.47863753],\n       [ 7.61354462,  1.86243146, -1.55059139,  3.93276734,  5.81076918,\n         9.47864222]]), array([0.36324444, 0.36324444, 0.36324444, 0.36324444, 0.36324444,\n       0.36324444, 0.36324444]))"}, "7": {"maxiter": 500, "fatol": 1e-10, "xatol": 1e-10, "duration": 0.13730692863464355, "fun": "0.3632444441318512", "nit": "393", "nfev": "769", "status": "0", "success": "True", "message": "Optimization terminated successfully.", "x": "[ 7.61354591  1.86243087 -1.55059137  3.93277044  5.81077054  9.47864292]", "final_simplex": "(array([[ 7.61354591,  1.86243087, -1.55059137,  3.93277044,  5.81077054,\n         9.47864292],\n       [ 7.61354591,  1.86243087, -1.55059137,  3.93277044,  5.81077054,\n         9.47864292],\n       [ 7.61354591,  1.86243087, -1.55059137,  3.93277044,  5.81077054,\n         9.47864292],\n       [ 7.61354591,  1.86243087, -1.55059137,  3.93277044,  5.81077054,\n         9.47864292],\n       [ 7.61354591,  1.86243087, -1.55059137,  3.93277044,  5.81077054,\n         9.47864292],\n       [ 7.61354591,  1.86243087, -1.55059137,  3.93277044,  5.81077054,\n         9.47864292],\n       [ 7.61354591,  1.86243087, -1.55059137,  3.93277044,  5.81077054,\n         9.47864292]]), array([0.36324444, 0.36324444, 0.36324444, 0.36324444, 0.36324444,\n       0.36324444, 0.36324444]))"}, "8": {"maxiter": 1000, "fatol": 1e-05, "xatol": 1e-05, "duration": 0.11295890808105469, "fun": "0.3632444441318512", "nit": "376", "nfev": "633", "status": "0", "success": "True", "message": "Optimization terminated successfully.", "x": "[ 7.61354591  1.86243087 -1.55059137  3.93277044  5.81077054  9.47864292]", "final_simplex": "(array([[ 7.61354591,  1.86243087, -1.55059137,  3.93277044,  5.81077054,\n         9.47864292],\n       [ 7.6135462 ,  1.86243244, -1.5505927 ,  3.93277001,  5.81077182,\n         9.47864494],\n       [ 7.6135421 ,  1.86243075, -1.55058851,  3.93276552,  5.81076733,\n         9.47864081],\n       [ 7.61354952,  1.8624319 , -1.55059393,  3.93277095,  5.81077289,\n         9.47864358],\n       [ 7.61354236,  1.86243011, -1.55058914,  3.93276875,  5.81076214,\n         9.47863666],\n       [ 7.61354324,  1.86242816, -1.55058792,  3.93276605,  5.81076301,\n         9.47863753],\n       [ 7.61354462,  1.86243146, -1.55059139,  3.93276734,  5.81076918,\n         9.47864222]]), array([0.36324444, 0.36324444, 0.36324444, 0.36324444, 0.36324444,\n       0.36324444, 0.36324444]))"}, "9": {"maxiter": 1000, "fatol": 1e-05, "xatol": 1e-10, "duration": 0.13700199127197266, "fun": "0.3632444441318512", "nit": "393", "nfev": "769", "status": "0", "success": "True", "message": "Optimization terminated successfully.", "x": "[ 7.61354591  1.86243087 -1.55059137  3.93277044  5.81077054  9.47864292]", "final_simplex": "(array([[ 7.61354591,  1.86243087, -1.55059137,  3.93277044,  5.81077054,\n         9.47864292],\n       [ 7.61354591,  1.86243087, -1.55059137,  3.93277044,  5.81077054,\n         9.47864292],\n       [ 7.61354591,  1.86243087, -1.55059137,  3.93277044,  5.81077054,\n         9.47864292],\n       [ 7.61354591,  1.86243087, -1.55059137,  3.93277044,  5.81077054,\n         9.47864292],\n       [ 7.61354591,  1.86243087, -1.55059137,  3.93277044,  5.81077054,\n         9.47864292],\n       [ 7.61354591,  1.86243087, -1.55059137,  3.93277044,  5.81077054,\n         9.47864292],\n       [ 7.61354591,  1.86243087, -1.55059137,  3.93277044,  5.81077054,\n         9.47864292]]), array([0.36324444, 0.36324444, 0.36324444, 0.36324444, 0.36324444,\n       0.36324444, 0.36324444]))"}, "10": {"maxiter": 1000, "fatol": 1e-10, "xatol": 1e-05, "duration": 0.11353087425231934, "fun": "0.3632444441318512", "nit": "376", "nfev": "633", "status": "0", "success": "True", "message": "Optimization terminated successfully.", "x": "[ 7.61354591  1.86243087 -1.55059137  3.93277044  5.81077054  9.47864292]", "final_simplex": "(array([[ 7.61354591,  1.86243087, -1.55059137,  3.93277044,  5.81077054,\n         9.47864292],\n       [ 7.6135462 ,  1.86243244, -1.5505927 ,  3.93277001,  5.81077182,\n         9.47864494],\n       [ 7.6135421 ,  1.86243075, -1.55058851,  3.93276552,  5.81076733,\n         9.47864081],\n       [ 7.61354952,  1.8624319 , -1.55059393,  3.93277095,  5.81077289,\n         9.47864358],\n       [ 7.61354236,  1.86243011, -1.55058914,  3.93276875,  5.81076214,\n         9.47863666],\n       [ 7.61354324,  1.86242816, -1.55058792,  3.93276605,  5.81076301,\n         9.47863753],\n       [ 7.61354462,  1.86243146, -1.55059139,  3.93276734,  5.81076918,\n         9.47864222]]), array([0.36324444, 0.36324444, 0.36324444, 0.36324444, 0.36324444,\n       0.36324444, 0.36324444]))"}, "11": {"maxiter": 1000, "fatol": 1e-10, "xatol": 1e-10, "duration": 0.1375129222869873, "fun": "0.3632444441318512", "nit": "393", "nfev": "769", "status": "0", "success": "True", "message": "Optimization terminated successfully.", "x": "[ 7.61354591  1.86243087 -1.55059137  3.93277044  5.81077054  9.47864292]", "final_simplex": "(array([[ 7.61354591,  1.86243087, -1.55059137,  3.93277044,  5.81077054,\n         9.47864292],\n       [ 7.61354591,  1.86243087, -1.55059137,  3.93277044,  5.81077054,\n         9.47864292],\n       [ 7.61354591,  1.86243087, -1.55059137,  3.93277044,  5.81077054,\n         9.47864292],\n       [ 7.61354591,  1.86243087, -1.55059137,  3.93277044,  5.81077054,\n         9.47864292],\n       [ 7.61354591,  1.86243087, -1.55059137,  3.93277044,  5.81077054,\n         9.47864292],\n       [ 7.61354591,  1.86243087, -1.55059137,  3.93277044,  5.81077054,\n         9.47864292],\n       [ 7.61354591,  1.86243087, -1.55059137,  3.93277044,  5.81077054,\n         9.47864292]]), array([0.36324444, 0.36324444, 0.36324444, 0.36324444, 0.36324444,\n       0.36324444, 0.36324444]))"}}, "bfgs": {"0": {"maxiter": 100, "gtol": 1e-05, "xrtol": 1e-05, "eps": 1e-05, "duration": 0.09979987144470215, "fun": "0.3632805347442627", "jac": "[ 0.          0.         -0.00298023  0.          0.          0.        ]", "hess_inv": "[[ 4.36198944e+00  4.45824194e-01 -2.12720185e+00 -8.93471623e-01\n   4.60843332e-01  3.16432958e+00]\n [ 4.45824194e-01  6.45407412e+00 -5.95783523e+00 -1.91550751e-02\n   1.13932903e+01  1.07003032e+01]\n [-2.12720185e+00 -5.95783523e+00  8.43649393e+00 -6.92096857e-01\n  -1.22210704e+01 -1.30517166e+01]\n [-8.93471623e-01 -1.91550751e-02 -6.92096857e-01  3.61706167e+00\n   8.08215499e-01  1.07096157e-01]\n [ 4.60843332e-01  1.13932903e+01 -1.22210704e+01  8.08215499e-01\n   2.69739763e+01  2.50589095e+01]\n [ 3.16432958e+00  1.07003032e+01 -1.30517166e+01  1.07096157e-01\n   2.50589095e+01  2.83506629e+01]]", "nfev": "551", "njev": "77", "status": "2", "success": "False", "message": "Desired error not necessarily achieved due to precision loss.", "x": "[ 4.97214659  4.98306978 -4.6814241   3.92447497  5.75802765  9.44068164]", "nit": "29"}, "1": {"maxiter": 100, "gtol": 1e-05, "xrtol": 1e-05, "eps": 1e-10, "duration": 0.0013039112091064453, "fun": "0.9646639227867126", "jac": "[0. 0. 0. 0. 0. 0.]", "hess_inv": "[[1 0 0 0 0 0]\n [0 1 0 0 0 0]\n [0 0 1 0 0 0]\n [0 0 0 1 0 0]\n [0 0 0 0 1 0]\n [0 0 0 0 0 1]]", "nfev": "7", "njev": "1", "status": "0", "success": "True", "message": "Optimization terminated successfully.", "x": "[4.80346554 0.8403143  1.68146072 5.8143098  4.08607524 4.45702821]", "nit": "0"}, "2": {"maxiter": 100, "gtol": 1e-05, "xrtol": 1e-10, "eps": 1e-05, "duration": 0.09972405433654785, "fun": "0.3632805347442627", "jac": "[ 0.          0.         -0.00298023  0.          0.          0.        ]", "hess_inv": "[[ 4.36198944e+00  4.45824194e-01 -2.12720185e+00 -8.93471623e-01\n   4.60843332e-01  3.16432958e+00]\n [ 4.45824194e-01  6.45407412e+00 -5.95783523e+00 -1.91550751e-02\n   1.13932903e+01  1.07003032e+01]\n [-2.12720185e+00 -5.95783523e+00  8.43649393e+00 -6.92096857e-01\n  -1.22210704e+01 -1.30517166e+01]\n [-8.93471623e-01 -1.91550751e-02 -6.92096857e-01  3.61706167e+00\n   8.08215499e-01  1.07096157e-01]\n [ 4.60843332e-01  1.13932903e+01 -1.22210704e+01  8.08215499e-01\n   2.69739763e+01  2.50589095e+01]\n [ 3.16432958e+00  1.07003032e+01 -1.30517166e+01  1.07096157e-01\n   2.50589095e+01  2.83506629e+01]]", "nfev": "551", "njev": "77", "status": "2", "success": "False", "message": "Desired error not necessarily achieved due to precision loss.", "x": "[ 4.97214659  4.98306978 -4.6814241   3.92447497  5.75802765  9.44068164]", "nit": "29"}, "3": {"maxiter": 100, "gtol": 1e-05, "xrtol": 1e-10, "eps": 1e-10, "duration": 0.0012898445129394531, "fun": "0.9646639227867126", "jac": "[0. 0. 0. 0. 0. 0.]", "hess_inv": "[[1 0 0 0 0 0]\n [0 1 0 0 0 0]\n [0 0 1 0 0 0]\n [0 0 0 1 0 0]\n [0 0 0 0 1 0]\n [0 0 0 0 0 1]]", "nfev": "7", "njev": "1", "status": "0", "success": "True", "message": "Optimization terminated successfully.", "x": "[4.80346554 0.8403143  1.68146072 5.8143098  4.08607524 4.45702821]", "nit": "0"}, "4": {"maxiter": 100, "gtol": 1e-10, "xrtol": 1e-05, "eps": 1e-05, "duration": 0.10002994537353516, "fun": "0.3632805347442627", "jac": "[ 0.          0.         -0.00298023  0.          0.          0.        ]", "hess_inv": "[[ 4.36198944e+00  4.45824194e-01 -2.12720185e+00 -8.93471623e-01\n   4.60843332e-01  3.16432958e+00]\n [ 4.45824194e-01  6.45407412e+00 -5.95783523e+00 -1.91550751e-02\n   1.13932903e+01  1.07003032e+01]\n [-2.12720185e+00 -5.95783523e+00  8.43649393e+00 -6.92096857e-01\n  -1.22210704e+01 -1.30517166e+01]\n [-8.93471623e-01 -1.91550751e-02 -6.92096857e-01  3.61706167e+00\n   8.08215499e-01  1.07096157e-01]\n [ 4.60843332e-01  1.13932903e+01 -1.22210704e+01  8.08215499e-01\n   2.69739763e+01  2.50589095e+01]\n [ 3.16432958e+00  1.07003032e+01 -1.30517166e+01  1.07096157e-01\n   2.50589095e+01  2.83506629e+01]]", "nfev": "551", "njev": "77", "status": "2", "success": "False", "message": "Desired error not necessarily achieved due to precision loss.", "x": "[ 4.97214659  4.98306978 -4.6814241   3.92447497  5.75802765  9.44068164]", "nit": "29"}, "5": {"maxiter": 100, "gtol": 1e-10, "xrtol": 1e-05, "eps": 1e-10, "duration": 0.0013272762298583984, "fun": "0.9646639227867126", "jac": "[0. 0. 0. 0. 0. 0.]", "hess_inv": "[[1 0 0 0 0 0]\n [0 1 0 0 0 0]\n [0 0 1 0 0 0]\n [0 0 0 1 0 0]\n [0 0 0 0 1 0]\n [0 0 0 0 0 1]]", "nfev": "7", "njev": "1", "status": "0", "success": "True", "message": "Optimization terminated successfully.", "x": "[4.80346554 0.8403143  1.68146072 5.8143098  4.08607524 4.45702821]", "nit": "0"}, "6": {"maxiter": 100, "gtol": 1e-10, "xrtol": 1e-10, "eps": 1e-05, "duration": 0.09973311424255371, "fun": "0.3632805347442627", "jac": "[ 0.          0.         -0.00298023  0.          0.          0.        ]", "hess_inv": "[[ 4.36198944e+00  4.45824194e-01 -2.12720185e+00 -8.93471623e-01\n   4.60843332e-01  3.16432958e+00]\n [ 4.45824194e-01  6.45407412e+00 -5.95783523e+00 -1.91550751e-02\n   1.13932903e+01  1.07003032e+01]\n [-2.12720185e+00 -5.95783523e+00  8.43649393e+00 -6.92096857e-01\n  -1.22210704e+01 -1.30517166e+01]\n [-8.93471623e-01 -1.91550751e-02 -6.92096857e-01  3.61706167e+00\n   8.08215499e-01  1.07096157e-01]\n [ 4.60843332e-01  1.13932903e+01 -1.22210704e+01  8.08215499e-01\n   2.69739763e+01  2.50589095e+01]\n [ 3.16432958e+00  1.07003032e+01 -1.30517166e+01  1.07096157e-01\n   2.50589095e+01  2.83506629e+01]]", "nfev": "551", "njev": "77", "status": "2", "success": "False", "message": "Desired error not necessarily achieved due to precision loss.", "x": "[ 4.97214659  4.98306978 -4.6814241   3.92447497  5.75802765  9.44068164]", "nit": "29"}, "7": {"maxiter": 100, "gtol": 1e-10, "xrtol": 1e-10, "eps": 1e-10, "duration": 0.0013580322265625, "fun": "0.9646639227867126", "jac": "[0. 0. 0. 0. 0. 0.]", "hess_inv": "[[1 0 0 0 0 0]\n [0 1 0 0 0 0]\n [0 0 1 0 0 0]\n [0 0 0 1 0 0]\n [0 0 0 0 1 0]\n [0 0 0 0 0 1]]", "nfev": "7", "njev": "1", "status": "0", "success": "True", "message": "Optimization terminated successfully.", "x": "[4.80346554 0.8403143  1.68146072 5.8143098  4.08607524 4.45702821]", "nit": "0"}, "8": {"maxiter": 500, "gtol": 1e-05, "xrtol": 1e-05, "eps": 1e-05, "duration": 0.10335588455200195, "fun": "0.3632805347442627", "jac": "[ 0.          0.         -0.00298023  0.          0.          0.        ]", "hess_inv": "[[ 4.36198944e+00  4.45824194e-01 -2.12720185e+00 -8.93471623e-01\n   4.60843332e-01  3.16432958e+00]\n [ 4.45824194e-01  6.45407412e+00 -5.95783523e+00 -1.91550751e-02\n   1.13932903e+01  1.07003032e+01]\n [-2.12720185e+00 -5.95783523e+00  8.43649393e+00 -6.92096857e-01\n  -1.22210704e+01 -1.30517166e+01]\n [-8.93471623e-01 -1.91550751e-02 -6.92096857e-01  3.61706167e+00\n   8.08215499e-01  1.07096157e-01]\n [ 4.60843332e-01  1.13932903e+01 -1.22210704e+01  8.08215499e-01\n   2.69739763e+01  2.50589095e+01]\n [ 3.16432958e+00  1.07003032e+01 -1.30517166e+01  1.07096157e-01\n   2.50589095e+01  2.83506629e+01]]", "nfev": "551", "njev": "77", "status": "2", "success": "False", "message": "Desired error not necessarily achieved due to precision loss.", "x": "[ 4.97214659  4.98306978 -4.6814241   3.92447497  5.75802765  9.44068164]", "nit": "29"}, "9": {"maxiter": 500, "gtol": 1e-05, "xrtol": 1e-05, "eps": 1e-10, "duration": 0.0013496875762939453, "fun": "0.9646639227867126", "jac": "[0. 0. 0. 0. 0. 0.]", "hess_inv": "[[1 0 0 0 0 0]\n [0 1 0 0 0 0]\n [0 0 1 0 0 0]\n [0 0 0 1 0 0]\n [0 0 0 0 1 0]\n [0 0 0 0 0 1]]", "nfev": "7", "njev": "1", "status": "0", "success": "True", "message": "Optimization terminated successfully.", "x": "[4.80346554 0.8403143  1.68146072 5.8143098  4.08607524 4.45702821]", "nit": "0"}, "10": {"maxiter": 500, "gtol": 1e-05, "xrtol": 1e-10, "eps": 1e-05, "duration": 0.10147380828857422, "fun": "0.3632805347442627", "jac": "[ 0.          0.         -0.00298023  0.          0.          0.        ]", "hess_inv": "[[ 4.36198944e+00  4.45824194e-01 -2.12720185e+00 -8.93471623e-01\n   4.60843332e-01  3.16432958e+00]\n [ 4.45824194e-01  6.45407412e+00 -5.95783523e+00 -1.91550751e-02\n   1.13932903e+01  1.07003032e+01]\n [-2.12720185e+00 -5.95783523e+00  8.43649393e+00 -6.92096857e-01\n  -1.22210704e+01 -1.30517166e+01]\n [-8.93471623e-01 -1.91550751e-02 -6.92096857e-01  3.61706167e+00\n   8.08215499e-01  1.07096157e-01]\n [ 4.60843332e-01  1.13932903e+01 -1.22210704e+01  8.08215499e-01\n   2.69739763e+01  2.50589095e+01]\n [ 3.16432958e+00  1.07003032e+01 -1.30517166e+01  1.07096157e-01\n   2.50589095e+01  2.83506629e+01]]", "nfev": "551", "njev": "77", "status": "2", "success": "False", "message": "Desired error not necessarily achieved due to precision loss.", "x": "[ 4.97214659  4.98306978 -4.6814241   3.92447497  5.75802765  9.44068164]", "nit": "29"}, "11": {"maxiter": 500, "gtol": 1e-05, "xrtol": 1e-10, "eps": 1e-10, "duration": 0.0013239383697509766, "fun": "0.9646639227867126", "jac": "[0. 0. 0. 0. 0. 0.]", "hess_inv": "[[1 0 0 0 0 0]\n [0 1 0 0 0 0]\n [0 0 1 0 0 0]\n [0 0 0 1 0 0]\n [0 0 0 0 1 0]\n [0 0 0 0 0 1]]", "nfev": "7", "njev": "1", "status": "0", "success": "True", "message": "Optimization terminated successfully.", "x": "[4.80346554 0.8403143  1.68146072 5.8143098  4.08607524 4.45702821]", "nit": "0"}, "12": {"maxiter": 500, "gtol": 1e-10, "xrtol": 1e-05, "eps": 1e-05, "duration": 0.10025787353515625, "fun": "0.3632805347442627", "jac": "[ 0.          0.         -0.00298023  0.          0.          0.        ]", "hess_inv": "[[ 4.36198944e+00  4.45824194e-01 -2.12720185e+00 -8.93471623e-01\n   4.60843332e-01  3.16432958e+00]\n [ 4.45824194e-01  6.45407412e+00 -5.95783523e+00 -1.91550751e-02\n   1.13932903e+01  1.07003032e+01]\n [-2.12720185e+00 -5.95783523e+00  8.43649393e+00 -6.92096857e-01\n  -1.22210704e+01 -1.30517166e+01]\n [-8.93471623e-01 -1.91550751e-02 -6.92096857e-01  3.61706167e+00\n   8.08215499e-01  1.07096157e-01]\n [ 4.60843332e-01  1.13932903e+01 -1.22210704e+01  8.08215499e-01\n   2.69739763e+01  2.50589095e+01]\n [ 3.16432958e+00  1.07003032e+01 -1.30517166e+01  1.07096157e-01\n   2.50589095e+01  2.83506629e+01]]", "nfev": "551", "njev": "77", "status": "2", "success": "False", "message": "Desired error not necessarily achieved due to precision loss.", "x": "[ 4.97214659  4.98306978 -4.6814241   3.92447497  5.75802765  9.44068164]", "nit": "29"}, "13": {"maxiter": 500, "gtol": 1e-10, "xrtol": 1e-05, "eps": 1e-10, "duration": 0.0013339519500732422, "fun": "0.9646639227867126", "jac": "[0. 0. 0. 0. 0. 0.]", "hess_inv": "[[1 0 0 0 0 0]\n [0 1 0 0 0 0]\n [0 0 1 0 0 0]\n [0 0 0 1 0 0]\n [0 0 0 0 1 0]\n [0 0 0 0 0 1]]", "nfev": "7", "njev": "1", "status": "0", "success": "True", "message": "Optimization terminated successfully.", "x": "[4.80346554 0.8403143  1.68146072 5.8143098  4.08607524 4.45702821]", "nit": "0"}, "14": {"maxiter": 500, "gtol": 1e-10, "xrtol": 1e-10, "eps": 1e-05, "duration": 0.10002779960632324, "fun": "0.3632805347442627", "jac": "[ 0.          0.         -0.00298023  0.          0.          0.        ]", "hess_inv": "[[ 4.36198944e+00  4.45824194e-01 -2.12720185e+00 -8.93471623e-01\n   4.60843332e-01  3.16432958e+00]\n [ 4.45824194e-01  6.45407412e+00 -5.95783523e+00 -1.91550751e-02\n   1.13932903e+01  1.07003032e+01]\n [-2.12720185e+00 -5.95783523e+00  8.43649393e+00 -6.92096857e-01\n  -1.22210704e+01 -1.30517166e+01]\n [-8.93471623e-01 -1.91550751e-02 -6.92096857e-01  3.61706167e+00\n   8.08215499e-01  1.07096157e-01]\n [ 4.60843332e-01  1.13932903e+01 -1.22210704e+01  8.08215499e-01\n   2.69739763e+01  2.50589095e+01]\n [ 3.16432958e+00  1.07003032e+01 -1.30517166e+01  1.07096157e-01\n   2.50589095e+01  2.83506629e+01]]", "nfev": "551", "njev": "77", "status": "2", "success": "False", "message": "Desired error not necessarily achieved due to precision loss.", "x": "[ 4.97214659  4.98306978 -4.6814241   3.92447497  5.75802765  9.44068164]", "nit": "29"}, "15": {"maxiter": 500, "gtol": 1e-10, "xrtol": 1e-10, "eps": 1e-10, "duration": 0.0013089179992675781, "fun": "0.9646639227867126", "jac": "[0. 0. 0. 0. 0. 0.]", "hess_inv": "[[1 0 0 0 0 0]\n [0 1 0 0 0 0]\n [0 0 1 0 0 0]\n [0 0 0 1 0 0]\n [0 0 0 0 1 0]\n [0 0 0 0 0 1]]", "nfev": "7", "njev": "1", "status": "0", "success": "True", "message": "Optimization terminated successfully.", "x": "[4.80346554 0.8403143  1.68146072 5.8143098  4.08607524 4.45702821]", "nit": "0"}, "16": {"maxiter": 1000, "gtol": 1e-05, "xrtol": 1e-05, "eps": 1e-05, "duration": 0.09966492652893066, "fun": "0.3632805347442627", "jac": "[ 0.          0.         -0.00298023  0.          0.          0.        ]", "hess_inv": "[[ 4.36198944e+00  4.45824194e-01 -2.12720185e+00 -8.93471623e-01\n   4.60843332e-01  3.16432958e+00]\n [ 4.45824194e-01  6.45407412e+00 -5.95783523e+00 -1.91550751e-02\n   1.13932903e+01  1.07003032e+01]\n [-2.12720185e+00 -5.95783523e+00  8.43649393e+00 -6.92096857e-01\n  -1.22210704e+01 -1.30517166e+01]\n [-8.93471623e-01 -1.91550751e-02 -6.92096857e-01  3.61706167e+00\n   8.08215499e-01  1.07096157e-01]\n [ 4.60843332e-01  1.13932903e+01 -1.22210704e+01  8.08215499e-01\n   2.69739763e+01  2.50589095e+01]\n [ 3.16432958e+00  1.07003032e+01 -1.30517166e+01  1.07096157e-01\n   2.50589095e+01  2.83506629e+01]]", "nfev": "551", "njev": "77", "status": "2", "success": "False", "message": "Desired error not necessarily achieved due to precision loss.", "x": "[ 4.97214659  4.98306978 -4.6814241   3.92447497  5.75802765  9.44068164]", "nit": "29"}, "17": {"maxiter": 1000, "gtol": 1e-05, "xrtol": 1e-05, "eps": 1e-10, "duration": 0.0012979507446289062, "fun": "0.9646639227867126", "jac": "[0. 0. 0. 0. 0. 0.]", "hess_inv": "[[1 0 0 0 0 0]\n [0 1 0 0 0 0]\n [0 0 1 0 0 0]\n [0 0 0 1 0 0]\n [0 0 0 0 1 0]\n [0 0 0 0 0 1]]", "nfev": "7", "njev": "1", "status": "0", "success": "True", "message": "Optimization terminated successfully.", "x": "[4.80346554 0.8403143  1.68146072 5.8143098  4.08607524 4.45702821]", "nit": "0"}, "18": {"maxiter": 1000, "gtol": 1e-05, "xrtol": 1e-10, "eps": 1e-05, "duration": 0.09906005859375, "fun": "0.3632805347442627", "jac": "[ 0.          0.         -0.00298023  0.          0.          0.        ]", "hess_inv": "[[ 4.36198944e+00  4.45824194e-01 -2.12720185e+00 -8.93471623e-01\n   4.60843332e-01  3.16432958e+00]\n [ 4.45824194e-01  6.45407412e+00 -5.95783523e+00 -1.91550751e-02\n   1.13932903e+01  1.07003032e+01]\n [-2.12720185e+00 -5.95783523e+00  8.43649393e+00 -6.92096857e-01\n  -1.22210704e+01 -1.30517166e+01]\n [-8.93471623e-01 -1.91550751e-02 -6.92096857e-01  3.61706167e+00\n   8.08215499e-01  1.07096157e-01]\n [ 4.60843332e-01  1.13932903e+01 -1.22210704e+01  8.08215499e-01\n   2.69739763e+01  2.50589095e+01]\n [ 3.16432958e+00  1.07003032e+01 -1.30517166e+01  1.07096157e-01\n   2.50589095e+01  2.83506629e+01]]", "nfev": "551", "njev": "77", "status": "2", "success": "False", "message": "Desired error not necessarily achieved due to precision loss.", "x": "[ 4.97214659  4.98306978 -4.6814241   3.92447497  5.75802765  9.44068164]", "nit": "29"}, "19": {"maxiter": 1000, "gtol": 1e-05, "xrtol": 1e-10, "eps": 1e-10, "duration": 0.00131988525390625, "fun": "0.9646639227867126", "jac": "[0. 0. 0. 0. 0. 0.]", "hess_inv": "[[1 0 0 0 0 0]\n [0 1 0 0 0 0]\n [0 0 1 0 0 0]\n [0 0 0 1 0 0]\n [0 0 0 0 1 0]\n [0 0 0 0 0 1]]", "nfev": "7", "njev": "1", "status": "0", "success": "True", "message": "Optimization terminated successfully.", "x": "[4.80346554 0.8403143  1.68146072 5.8143098  4.08607524 4.45702821]", "nit": "0"}, "20": {"maxiter": 1000, "gtol": 1e-10, "xrtol": 1e-05, "eps": 1e-05, "duration": 0.09946417808532715, "fun": "0.3632805347442627", "jac": "[ 0.          0.         -0.00298023  0.          0.          0.        ]", "hess_inv": "[[ 4.36198944e+00  4.45824194e-01 -2.12720185e+00 -8.93471623e-01\n   4.60843332e-01  3.16432958e+00]\n [ 4.45824194e-01  6.45407412e+00 -5.95783523e+00 -1.91550751e-02\n   1.13932903e+01  1.07003032e+01]\n [-2.12720185e+00 -5.95783523e+00  8.43649393e+00 -6.92096857e-01\n  -1.22210704e+01 -1.30517166e+01]\n [-8.93471623e-01 -1.91550751e-02 -6.92096857e-01  3.61706167e+00\n   8.08215499e-01  1.07096157e-01]\n [ 4.60843332e-01  1.13932903e+01 -1.22210704e+01  8.08215499e-01\n   2.69739763e+01  2.50589095e+01]\n [ 3.16432958e+00  1.07003032e+01 -1.30517166e+01  1.07096157e-01\n   2.50589095e+01  2.83506629e+01]]", "nfev": "551", "njev": "77", "status": "2", "success": "False", "message": "Desired error not necessarily achieved due to precision loss.", "x": "[ 4.97214659  4.98306978 -4.6814241   3.92447497  5.75802765  9.44068164]", "nit": "29"}, "21": {"maxiter": 1000, "gtol": 1e-10, "xrtol": 1e-05, "eps": 1e-10, "duration": 0.0013120174407958984, "fun": "0.9646639227867126", "jac": "[0. 0. 0. 0. 0. 0.]", "hess_inv": "[[1 0 0 0 0 0]\n [0 1 0 0 0 0]\n [0 0 1 0 0 0]\n [0 0 0 1 0 0]\n [0 0 0 0 1 0]\n [0 0 0 0 0 1]]", "nfev": "7", "njev": "1", "status": "0", "success": "True", "message": "Optimization terminated successfully.", "x": "[4.80346554 0.8403143  1.68146072 5.8143098  4.08607524 4.45702821]", "nit": "0"}, "22": {"maxiter": 1000, "gtol": 1e-10, "xrtol": 1e-10, "eps": 1e-05, "duration": 0.09912109375, "fun": "0.3632805347442627", "jac": "[ 0.          0.         -0.00298023  0.          0.          0.        ]", "hess_inv": "[[ 4.36198944e+00  4.45824194e-01 -2.12720185e+00 -8.93471623e-01\n   4.60843332e-01  3.16432958e+00]\n [ 4.45824194e-01  6.45407412e+00 -5.95783523e+00 -1.91550751e-02\n   1.13932903e+01  1.07003032e+01]\n [-2.12720185e+00 -5.95783523e+00  8.43649393e+00 -6.92096857e-01\n  -1.22210704e+01 -1.30517166e+01]\n [-8.93471623e-01 -1.91550751e-02 -6.92096857e-01  3.61706167e+00\n   8.08215499e-01  1.07096157e-01]\n [ 4.60843332e-01  1.13932903e+01 -1.22210704e+01  8.08215499e-01\n   2.69739763e+01  2.50589095e+01]\n [ 3.16432958e+00  1.07003032e+01 -1.30517166e+01  1.07096157e-01\n   2.50589095e+01  2.83506629e+01]]", "nfev": "551", "njev": "77", "status": "2", "success": "False", "message": "Desired error not necessarily achieved due to precision loss.", "x": "[ 4.97214659  4.98306978 -4.6814241   3.92447497  5.75802765  9.44068164]", "nit": "29"}, "23": {"maxiter": 1000, "gtol": 1e-10, "xrtol": 1e-10, "eps": 1e-10, "duration": 0.0013051033020019531, "fun": "0.9646639227867126", "jac": "[0. 0. 0. 0. 0. 0.]", "hess_inv": "[[1 0 0 0 0 0]\n [0 1 0 0 0 0]\n [0 0 1 0 0 0]\n [0 0 0 1 0 0]\n [0 0 0 0 1 0]\n [0 0 0 0 0 1]]", "nfev": "7", "njev": "1", "status": "0", "success": "True", "message": "Optimization terminated successfully.", "x": "[4.80346554 0.8403143  1.68146072 5.8143098  4.08607524 4.45702821]", "nit": "0"}}, "cobyla": {"0": {"maxiter": 100, "tol": 1e-05, "catol": 1e-05, "duration": 0.017963171005249023, "x": "[5.32642112 4.52354819 2.19632654 3.79596025 4.68177767 2.32915871]", "status": "2", "success": "False", "message": "Maximum number of function evaluations has been exceeded.", "nfev": "100", "fun": "0.3724934160709381", "maxcv": "0.0"}, "1": {"maxiter": 100, "tol": 1e-05, "catol": 1e-10, "duration": 0.018034934997558594, "x": "[5.32642112 4.52354819 2.19632654 3.79596025 4.68177767 2.32915871]", "status": "2", "success": "False", "message": "Maximum number of function evaluations has been exceeded.", "nfev": "100", "fun": "0.3724934160709381", "maxcv": "0.0"}, "2": {"maxiter": 100, "tol": 1e-10, "catol": 1e-05, "duration": 0.017623186111450195, "x": "[5.32642112 4.52354819 2.19632654 3.79596025 4.68177767 2.32915871]", "status": "2", "success": "False", "message": "Maximum number of function evaluations has been exceeded.", "nfev": "100", "fun": "0.3724934160709381", "maxcv": "0.0"}, "3": {"maxiter": 100, "tol": 1e-10, "catol": 1e-10, "duration": 0.017616748809814453, "x": "[5.32642112 4.52354819 2.19632654 3.79596025 4.68177767 2.32915871]", "status": "2", "success": "False", "message": "Maximum number of function evaluations has been exceeded.", "nfev": "100", "fun": "0.3724934160709381", "maxcv": "0.0"}, "4": {"maxiter": 500, "tol": 1e-05, "catol": 1e-05, "duration": 0.08812308311462402, "x": "[5.0392302  4.92025072 1.69554111 3.87089711 5.59327787 3.03237415]", "status": "2", "success": "False", "message": "Maximum number of function evaluations has been exceeded.", "nfev": "500", "fun": "0.36363324522972107", "maxcv": "0.0"}, "5": {"maxiter": 500, "tol": 1e-05, "catol": 1e-10, "duration": 0.0880739688873291, "x": "[5.0392302  4.92025072 1.69554111 3.87089711 5.59327787 3.03237415]", "status": "2", "success": "False", "message": "Maximum number of function evaluations has been exceeded.", "nfev": "500", "fun": "0.36363324522972107", "maxcv": "0.0"}, "6": {"maxiter": 500, "tol": 1e-10, "catol": 1e-05, "duration": 0.08747696876525879, "x": "[5.0392302  4.92025072 1.69554111 3.87089711 5.59327787 3.03237415]", "status": "2", "success": "False", "message": "Maximum number of function evaluations has been exceeded.", "nfev": "500", "fun": "0.36363324522972107", "maxcv": "0.0"}, "7": {"maxiter": 500, "tol": 1e-10, "catol": 1e-10, "duration": 0.08766579627990723, "x": "[5.0392302  4.92025072 1.69554111 3.87089711 5.59327787 3.03237415]", "status": "2", "success": "False", "message": "Maximum number of function evaluations has been exceeded.", "nfev": "500", "fun": "0.36363324522972107", "maxcv": "0.0"}, "8": {"maxiter": 1000, "tol": 1e-05, "catol": 1e-05, "duration": 0.16413378715515137, "x": "[4.96237705 4.99529936 1.60108516 3.92548533 5.78881518 3.17924598]", "status": "1", "success": "True", "message": "Optimization terminated successfully.", "nfev": "935", "fun": "0.36324843764305115", "maxcv": "0.0"}, "9": {"maxiter": 1000, "tol": 1e-05, "catol": 1e-10, "duration": 0.16478800773620605, "x": "[4.96237705 4.99529936 1.60108516 3.92548533 5.78881518 3.17924598]", "status": "1", "success": "True", "message": "Optimization terminated successfully.", "nfev": "935", "fun": "0.36324843764305115", "maxcv": "0.0"}, "10": {"maxiter": 1000, "tol": 1e-10, "catol": 1e-05, "duration": 0.17023086547851562, "x": "[4.96237705 4.99529936 1.60108516 3.92548533 5.78881518 3.17924598]", "status": "1", "success": "True", "message": "Optimization terminated successfully.", "nfev": "969", "fun": "0.36324843764305115", "maxcv": "0.0"}, "11": {"maxiter": 1000, "tol": 1e-10, "catol": 1e-10, "duration": 0.17034506797790527, "x": "[4.96237705 4.99529936 1.60108516 3.92548533 5.78881518 3.17924598]", "status": "1", "success": "True", "message": "Optimization terminated successfully.", "nfev": "969", "fun": "0.36324843764305115", "maxcv": "0.0"}}, "powell": {"0": {"maxiter": 100, "ftol": 1e-05, "xtol": 1e-05, "duration": 0.20517802238464355, "fun": "0.36324456334114075", "direc": "[[ 1.          0.          0.          0.          0.          0.        ]\n [-0.0889752  -0.13806872  0.11646921 -0.09912872 -0.33691686 -0.27062371]\n [-0.20738199 -0.10285249  0.1038437  -0.23062552 -0.14310711 -0.05853727]\n [-0.25329736  0.13018268  0.21005502 -0.14756022 -0.13855346  0.15583902]\n [ 0.10891379  0.28807643  0.06859135 -0.0354988   0.22236516  0.05724735]\n [-0.00253596 -0.0023105   0.00448255 -0.00217779 -0.00364927 -0.00401666]]", "nit": "13", "nfev": "1154", "status": "0", "success": "True", "message": "Optimization terminated successfully.", "x": "[7.61306661 1.862715   4.73200191 3.93269231 5.81108601 3.19544006]"}, "1": {"maxiter": 100, "ftol": 1e-05, "xtol": 1e-10, "duration": 0.49613308906555176, "fun": "0.36324450373649597", "direc": "[[ 1.          0.          0.          0.          0.          0.        ]\n [-0.09218321 -0.14126666  0.12166945 -0.09941123 -0.34152039 -0.27619056]\n [-0.20861667 -0.10238318  0.10388618 -0.23137357 -0.14272949 -0.05728217]\n [-0.24905836  0.13070831  0.20945725 -0.14648426 -0.14125586  0.15221711]\n [ 0.10982706  0.28855525  0.06790032 -0.03618385  0.22402411  0.05737862]\n [-0.00150881 -0.00136964  0.00274062 -0.00138642 -0.00191574 -0.00226419]]", "nit": "13", "nfev": "2827", "status": "0", "success": "True", "message": "Optimization terminated successfully.", "x": "[7.61292472 1.86220796 4.73241393 3.93275642 5.80990873 3.19467332]"}, "2": {"maxiter": 100, "ftol": 1e-10, "xtol": 1e-05, "duration": 0.2653319835662842, "fun": "0.3632444739341736", "direc": "[[ 1.          0.          0.          0.          0.          0.        ]\n [-0.0889752  -0.13806872  0.11646921 -0.09912872 -0.33691686 -0.27062371]\n [-0.20738199 -0.10285249  0.1038437  -0.23062552 -0.14310711 -0.05853727]\n [-0.25329736  0.13018268  0.21005502 -0.14756022 -0.13855346  0.15583902]\n [ 0.10891379  0.28807643  0.06859135 -0.0354988   0.22236516  0.05724735]\n [-0.00253596 -0.0023105   0.00448255 -0.00217779 -0.00364927 -0.00401666]]", "nit": "15", "nfev": "1520", "status": "0", "success": "True", "message": "Optimization terminated successfully.", "x": "[7.61352298 1.86236113 4.73222933 3.932721   5.8108505  3.19523296]"}, "3": {"maxiter": 100, "ftol": 1e-10, "xtol": 1e-10, "duration": 0.5854141712188721, "fun": "0.3632444739341736", "direc": "[[ 1.          0.          0.          0.          0.          0.        ]\n [-0.09218321 -0.14126666  0.12166945 -0.09941123 -0.34152039 -0.27619056]\n [-0.20861667 -0.10238318  0.10388618 -0.23137357 -0.14272949 -0.05728217]\n [-0.24905836  0.13070831  0.20945725 -0.14648426 -0.14125586  0.15221711]\n [ 0.10982706  0.28855525  0.06790032 -0.03618385  0.22402411  0.05737862]\n [-0.00150881 -0.00136964  0.00274062 -0.00138642 -0.00191574 -0.00226419]]", "nit": "15", "nfev": "3330", "status": "0", "success": "True", "message": "Optimization terminated successfully.", "x": "[7.61344744 1.86230353 4.73231839 3.9328334