{"conf_id": 9, "data_type": "random\n", "num_data_points": 1, "s_rank": 0, "unitary": "[[-0.24866696+0.58742286j,-0.44704345-0.43151574j,-0.35669027-0.20570733j,-0.10517633+0.1626036j],[0.10596805-0.19687975j,-0.30269685-0.15056416j,0.18246286+0.30440582j,-0.83484447-0.11310748j],[0.26054512-0.52548482j,0.0285017-0.50723956j,-0.43110112+0.17165838j,0.15243271+0.39915801j],[0.42978035+0.11991271j,-0.17224126-0.46030424j,0.6827807-0.15164662j,0.26483638+0.0061855j]]", "databatch_0": {"databatch": "[[[-0.01684218+0.19036057j,0.16408459-0.07939943j,0.00284523+0.29804641j,0.06977956-0.04637457j],[0.19903604-0.21127442j,-0.15106571+0.2010125j,-0.45965283-0.22243007j,-0.10197209-0.07153996j],[0.22682735-0.02956467j,-0.17335275-0.04066468j,0.04113395-0.26045639j,-0.04429156-0.08381345j],[-0.07572462+0.15868649j,0.12183055+0.12259305j,-0.41490561+0.05505051j,0.10543393-0.03184348j]]]", "nelder_mead": {"0": {"maxiter": 100, "fatol": 1e-05, "xatol": 1e-05, "duration": 0.028699159622192383, "fun": "0.239952951669693", "nit": "100", "nfev": "160", "status": "2", "success": "False", "message": "Maximum number of iterations has been exceeded.", "x": "[6.73628663 4.46838738 0.97041641 4.37849943 7.15437073 2.96893397]", "final_simplex": "(array([[6.73628663, 4.46838738, 0.97041641, 4.37849943, 7.15437073,\n        2.96893397],\n       [6.72020435, 4.33452125, 0.99950538, 4.373605  , 7.03416511,\n        2.98425658],\n       [6.64045813, 4.55547494, 0.95481325, 4.52254823, 7.01282895,\n        3.05473   ],\n       [6.68939231, 4.31411741, 0.97593908, 4.40534193, 7.12720866,\n        3.01431726],\n       [6.66489395, 4.44210835, 0.95158624, 4.46908348, 7.09659294,\n        2.88021254],\n       [6.62122149, 4.46662758, 0.94942059, 4.41836998, 7.11424036,\n        2.91006555],\n       [6.67402641, 4.39630364, 0.97593682, 4.39600533, 7.00835172,\n        2.92624647]]), array([0.23995295, 0.24647382, 0.24670778, 0.24675526, 0.24800882,\n       0.24869697, 0.24914561]))"}, "1": {"maxiter": 100, "fatol": 1e-05, "xatol": 1e-10, "duration": 0.02851724624633789, "fun": "0.239952951669693", "nit": "100", "nfev": "160", "status": "2", "success": "False", "message": "Maximum number of iterations has been exceeded.", "x": "[6.73628663 4.46838738 0.97041641 4.37849943 7.15437073 2.96893397]", "final_simplex": "(array([[6.73628663, 4.46838738, 0.97041641, 4.37849943, 7.15437073,\n        2.96893397],\n       [6.72020435, 4.33452125, 0.99950538, 4.373605  , 7.03416511,\n        2.98425658],\n       [6.64045813, 4.55547494, 0.95481325, 4.52254823, 7.01282895,\n        3.05473   ],\n       [6.68939231, 4.31411741, 0.97593908, 4.40534193, 7.12720866,\n        3.01431726],\n       [6.66489395, 4.44210835, 0.95158624, 4.46908348, 7.09659294,\n        2.88021254],\n       [6.62122149, 4.46662758, 0.94942059, 4.41836998, 7.11424036,\n        2.91006555],\n       [6.67402641, 4.39630364, 0.97593682, 4.39600533, 7.00835172,\n        2.92624647]]), array([0.23995295, 0.24647382, 0.24670778, 0.24675526, 0.24800882,\n       0.24869697, 0.24914561]))"}, "2": {"maxiter": 100, "fatol": 1e-10, "xatol": 1e-05, "duration": 0.028527021408081055, "fun": "0.239952951669693", "nit": "100", "nfev": "160", "status": "2", "success": "False", "message": "Maximum number of iterations has been exceeded.", "x": "[6.73628663 4.46838738 0.97041641 4.37849943 7.15437073 2.96893397]", "final_simplex": "(array([[6.73628663, 4.46838738, 0.97041641, 4.37849943, 7.15437073,\n        2.96893397],\n       [6.72020435, 4.33452125, 0.99950538, 4.373605  , 7.03416511,\n        2.98425658],\n       [6.64045813, 4.55547494, 0.95481325, 4.52254823, 7.01282895,\n        3.05473   ],\n       [6.68939231, 4.31411741, 0.97593908, 4.40534193, 7.12720866,\n        3.01431726],\n       [6.66489395, 4.44210835, 0.95158624, 4.46908348, 7.09659294,\n        2.88021254],\n       [6.62122149, 4.46662758, 0.94942059, 4.41836998, 7.11424036,\n        2.91006555],\n       [6.67402641, 4.39630364, 0.97593682, 4.39600533, 7.00835172,\n        2.92624647]]), array([0.23995295, 0.24647382, 0.24670778, 0.24675526, 0.24800882,\n       0.24869697, 0.24914561]))"}, "3": {"maxiter": 100, "fatol": 1e-10, "xatol": 1e-10, "duration": 0.0285031795501709, "fun": "0.239952951669693", "nit": "100", "nfev": "160", "status": "2", "success": "False", "message": "Maximum number of iterations has been exceeded.", "x": "[6.73628663 4.46838738 0.97041641 4.37849943 7.15437073 2.96893397]", "final_simplex": "(array([[6.73628663, 4.46838738, 0.97041641, 4.37849943, 7.15437073,\n        2.96893397],\n       [6.72020435, 4.33452125, 0.99950538, 4.373605  , 7.03416511,\n        2.98425658],\n       [6.64045813, 4.55547494, 0.95481325, 4.52254823, 7.01282895,\n        3.05473   ],\n       [6.68939231, 4.31411741, 0.97593908, 4.40534193, 7.12720866,\n        3.01431726],\n       [6.66489395, 4.44210835, 0.95158624, 4.46908348, 7.09659294,\n        2.88021254],\n       [6.62122149, 4.46662758, 0.94942059, 4.41836998, 7.11424036,\n        2.91006555],\n       [6.67402641, 4.39630364, 0.97593682, 4.39600533, 7.00835172,\n        2.92624647]]), array([0.23995295, 0.24647382, 0.24670778, 0.24675526, 0.24800882,\n       0.24869697, 0.24914561]))"}, "4": {"maxiter": 500, "fatol": 1e-05, "xatol": 1e-05, "duration": 0.10343790054321289, "fun": "0.19879445433616638", "nit": "351", "nfev": "582", "status": "0", "success": "True", "message": "Optimization terminated successfully.", "x": "[7.275246   4.92021069 0.4918019  4.42591762 7.65321097 3.1406441 ]", "final_simplex": "(array([[7.275246  , 4.92021069, 0.4918019 , 4.42591762, 7.65321097,\n        3.1406441 ],\n       [7.27524619, 4.92021267, 0.49179984, 4.4259097 , 7.6532089 ,\n        3.14064196],\n       [7.27524857, 4.92020866, 0.49179841, 4.42591767, 7.65321603,\n        3.14064003],\n       [7.27523834, 4.92020886, 0.49179971, 4.42591596, 7.65320951,\n        3.14063985],\n       [7.27524651, 4.92020452, 0.49180099, 4.42591621, 7.65320855,\n        3.14064443],\n       [7.27524336, 4.92021398, 0.49179941, 4.42591507, 7.65321076,\n        3.14063491],\n       [7.27524623, 4.92021091, 0.49180044, 4.425912  , 7.65321263,\n        3.14063886]]), array([0.19879445, 0.19879445, 0.19879445, 0.19879445, 0.19879445,\n       0.19879445, 0.19879445]))"}, "5": {"maxiter": 500, "fatol": 1e-05, "xatol": 1e-10, "duration": 0.12814116477966309, "fun": "0.19879445433616638", "nit": "368", "nfev": "718", "status": "0", "success": "True", "message": "Optimization terminated successfully.", "x": "[7.275246   4.92021069 0.4918019  4.42591762 7.65321097 3.1406441 ]", "final_simplex": "(array([[7.275246  , 4.92021069, 0.4918019 , 4.42591762, 7.65321097,\n        3.1406441 ],\n       [7.275246  , 4.92021069, 0.4918019 , 4.42591762, 7.65321097,\n        3.1406441 ],\n       [7.275246  , 4.92021069, 0.4918019 , 4.42591762, 7.65321097,\n        3.1406441 ],\n       [7.275246  , 4.92021069, 0.4918019 , 4.42591762, 7.65321097,\n        3.1406441 ],\n       [7.275246  , 4.92021069, 0.4918019 , 4.42591762, 7.65321097,\n        3.1406441 ],\n       [7.275246  , 4.92021069, 0.4918019 , 4.42591762, 7.65321097,\n        3.1406441 ],\n       [7.275246  , 4.92021069, 0.4918019 , 4.42591762, 7.65321097,\n        3.1406441 ]]), array([0.19879445, 0.19879445, 0.19879445, 0.19879445, 0.19879445,\n       0.19879445, 0.19879445]))"}, "6": {"maxiter": 500, "fatol": 1e-10, "xatol": 1e-05, "duration": 0.10647416114807129, "fun": "0.19879445433616638", "nit": "351", "nfev": "582", "status": "0", "success": "True", "message": "Optimization terminated successfully.", "x": "[7.275246   4.92021069 0.4918019  4.42591762 7.65321097 3.1406441 ]", "final_simplex": "(array([[7.275246  , 4.92021069, 0.4918019 , 4.42591762, 7.65321097,\n        3.1406441 ],\n       [7.27524619, 4.92021267, 0.49179984, 4.4259097 , 7.6532089 ,\n        3.14064196],\n       [7.27524857, 4.92020866, 0.49179841, 4.42591767, 7.65321603,\n        3.14064003],\n       [7.27523834, 4.92020886, 0.49179971, 4.42591596, 7.65320951,\n        3.14063985],\n       [7.27524651, 4.92020452, 0.49180099, 4.42591621, 7.65320855,\n        3.14064443],\n       [7.27524336, 4.92021398, 0.49179941, 4.42591507, 7.65321076,\n        3.14063491],\n       [7.27524623, 4.92021091, 0.49180044, 4.425912  , 7.65321263,\n        3.14063886]]), array([0.19879445, 0.19879445, 0.19879445, 0.19879445, 0.19879445,\n       0.19879445, 0.19879445]))"}, "7": {"maxiter": 500, "fatol": 1e-10, "xatol": 1e-10, "duration": 0.1299750804901123, "fun": "0.19879445433616638", "nit": "368", "nfev": "718", "status": "0", "success": "True", "message": "Optimization terminated successfully.", "x": "[7.275246   4.92021069 0.4918019  4.42591762 7.65321097 3.1406441 ]", "final_simplex": "(array([[7.275246  , 4.92021069, 0.4918019 , 4.42591762, 7.65321097,\n        3.1406441 ],\n       [7.275246  , 4.92021069, 0.4918019 , 4.42591762, 7.65321097,\n        3.1406441 ],\n       [7.275246  , 4.92021069, 0.4918019 , 4.42591762, 7.65321097,\n        3.1406441 ],\n       [7.275246  , 4.92021069, 0.4918019 , 4.42591762, 7.65321097,\n        3.1406441 ],\n       [7.275246  , 4.92021069, 0.4918019 , 4.42591762, 7.65321097,\n        3.1406441 ],\n       [7.275246  , 4.92021069, 0.4918019 , 4.42591762, 7.65321097,\n        3.1406441 ],\n       [7.275246  , 4.92021069, 0.4918019 , 4.42591762, 7.65321097,\n        3.1406441 ]]), array([0.19879445, 0.19879445, 0.19879445, 0.19879445, 0.19879445,\n       0.19879445, 0.19879445]))"}, "8": {"maxiter": 1000, "fatol": 1e-05, "xatol": 1e-05, "duration": 0.10604977607727051, "fun": "0.19879445433616638", "nit": "351", "nfev": "582", "status": "0", "success": "True", "message": "Optimization terminated successfully.", "x": "[7.275246   4.92021069 0.4918019  4.42591762 7.65321097 3.1406441 ]", "final_simplex": "(array([[7.275246  , 4.92021069, 0.4918019 , 4.42591762, 7.65321097,\n        3.1406441 ],\n       [7.27524619, 4.92021267, 0.49179984, 4.4259097 , 7.6532089 ,\n        3.14064196],\n       [7.27524857, 4.92020866, 0.49179841, 4.42591767, 7.65321603,\n        3.14064003],\n       [7.27523834, 4.92020886, 0.49179971, 4.42591596, 7.65320951,\n        3.14063985],\n       [7.27524651, 4.92020452, 0.49180099, 4.42591621, 7.65320855,\n        3.14064443],\n       [7.27524336, 4.92021398, 0.49179941, 4.42591507, 7.65321076,\n        3.14063491],\n       [7.27524623, 4.92021091, 0.49180044, 4.425912  , 7.65321263,\n        3.14063886]]), array([0.19879445, 0.19879445, 0.19879445, 0.19879445, 0.19879445,\n       0.19879445, 0.19879445]))"}, "9": {"maxiter": 1000, "fatol": 1e-05, "xatol": 1e-10, "duration": 0.13430404663085938, "fun": "0.19879445433616638", "nit": "368", "nfev": "718", "status": "0", "success": "True", "message": "Optimization terminated successfully.", "x": "[7.275246   4.92021069 0.4918019  4.42591762 7.65321097 3.1406441 ]", "final_simplex": "(array([[7.275246  , 4.92021069, 0.4918019 , 4.42591762, 7.65321097,\n        3.1406441 ],\n       [7.275246  , 4.92021069, 0.4918019 , 4.42591762, 7.65321097,\n        3.1406441 ],\n       [7.275246  , 4.92021069, 0.4918019 , 4.42591762, 7.65321097,\n        3.1406441 ],\n       [7.275246  , 4.92021069, 0.4918019 , 4.42591762, 7.65321097,\n        3.1406441 ],\n       [7.275246  , 4.92021069, 0.4918019 , 4.42591762, 7.65321097,\n        3.1406441 ],\n       [7.275246  , 4.92021069, 0.4918019 , 4.42591762, 7.65321097,\n        3.1406441 ],\n       [7.275246  , 4.92021069, 0.4918019 , 4.42591762, 7.65321097,\n        3.1406441 ]]), array([0.19879445, 0.19879445, 0.19879445, 0.19879445, 0.19879445,\n       0.19879445, 0.19879445]))"}, "10": {"maxiter": 1000, "fatol": 1e-10, "xatol": 1e-05, "duration": 0.10775518417358398, "fun": "0.19879445433616638", "nit": "351", "nfev": "582", "status": "0", "success": "True", "message": "Optimization terminated successfully.", "x": "[7.275246   4.92021069 0.4918019  4.42591762 7.65321097 3.1406441 ]", "final_simplex": "(array([[7.275246  , 4.92021069, 0.4918019 , 4.42591762, 7.65321097,\n        3.1406441 ],\n       [7.27524619, 4.92021267, 0.49179984, 4.4259097 , 7.6532089 ,\n        3.14064196],\n       [7.27524857, 4.92020866, 0.49179841, 4.42591767, 7.65321603,\n        3.14064003],\n       [7.27523834, 4.92020886, 0.49179971, 4.42591596, 7.65320951,\n        3.14063985],\n       [7.27524651, 4.92020452, 0.49180099, 4.42591621, 7.65320855,\n        3.14064443],\n       [7.27524336, 4.92021398, 0.49179941, 4.42591507, 7.65321076,\n        3.14063491],\n       [7.27524623, 4.92021091, 0.49180044, 4.425912  , 7.65321263,\n        3.14063886]]), array([0.19879445, 0.19879445, 0.19879445, 0.19879445, 0.19879445,\n       0.19879445, 0.19879445]))"}, "11": {"maxiter": 1000, "fatol": 1e-10, "xatol": 1e-10, "duration": 0.13176703453063965, "fun": "0.19879445433616638", "nit": "368", "nfev": "718", "status": "0", "success": "True", "message": "Optimization terminated successfully.", "x": "[7.275246   4.92021069 0.4918019  4.42591762 7.65321097 3.1406441 ]", "final_simplex": "(array([[7.275246  , 4.92021069, 0.4918019 , 4.42591762, 7.65321097,\n        3.1406441 ],\n       [7.275246  , 4.92021069, 0.4918019 , 4.42591762, 7.65321097,\n        3.1406441 ],\n       [7.275246  , 4.92021069, 0.4918019 , 4.42591762, 7.65321097,\n        3.1406441 ],\n       [7.275246  , 4.92021069, 0.4918019 , 4.42591762, 7.65321097,\n        3.1406441 ],\n       [7.275246  , 4.92021069, 0.4918019 , 4.42591762, 7.65321097,\n        3.1406441 ],\n       [7.275246  , 4.92021069, 0.4918019 , 4.42591762, 7.65321097,\n        3.1406441 ],\n       [7.275246  , 4.92021069, 0.4918019 , 4.42591762, 7.65321097,\n        3.1406441 ]]), array([0.19879445, 0.19879445, 0.19879445, 0.19879445, 0.19879445,\n       0.19879445, 0.19879445]))"}}, "bfgs": {"0": {"maxiter": 100, "gtol": 1e-05, "xrtol": 1e-05, "eps": 1e-05, "duration": 0.09968376159667969, "fun": "0.198806032538414", "jac": "[ 0.          0.         -0.00149012  0.          0.00149012  0.        ]", "hess_inv": "[[ 6.65391672  2.02868843 -5.19817843 -0.13686562 -0.34068356  4.10459792]\n [ 2.02868843  3.41840812 -2.27158875 -0.09840148 -0.35466463  1.09406237]\n [-5.19817843 -2.27158875  5.69451384 -0.22588239  0.70576604 -4.48371345]\n [-0.13686562 -0.09840148 -0.22588239  1.63525535 -1.1733988   0.62072374]\n [-0.34068356 -0.35466463  0.70576604 -1.1733988   1.38536432 -0.96243015]\n [ 4.10459792  1.09406237 -4.48371345  0.62072374 -0.96243015  5.19656788]]", "nfev": "530", "njev": "74", "status": "2", "success": "False", "message": "Desired error not necessarily achieved due to precision loss.", "x": "[7.27114237 4.92686109 0.48241567 8.14077203 4.51135814 6.27118904]", "nit": "20"}, "1": {"maxiter": 100, "gtol": 1e-05, "xrtol": 1e-05, "eps": 1e-10, "duration": 0.001360177993774414, "fun": "0.9618820548057556", "jac": "[0. 0. 0. 0. 0. 0.]", "hess_inv": "[[1 0 0 0 0 0]\n [0 1 0 0 0 0]\n [0 0 1 0 0 0]\n [0 0 0 1 0 0]\n [0 0 0 0 1 0]\n [0 0 0 0 0 1]]", "nfev": "7", "njev": "1", "status": "0", "success": "True", "message": "Optimization terminated successfully.", "x": "[5.65854901 4.32963459 0.79545744 5.7378103  5.46580494 5.47337229]", "nit": "0"}, "2": {"maxiter": 100, "gtol": 1e-05, "xrtol": 1e-10, "eps": 1e-05, "duration": 0.09965729713439941, "fun": "0.198806032538414", "jac": "[ 0.          0.         -0.00149012  0.          0.00149012  0.        ]", "hess_inv": "[[ 6.65391672  2.02868843 -5.19817843 -0.13686562 -0.34068356  4.10459792]\n [ 2.02868843  3.41840812 -2.27158875 -0.09840148 -0.35466463  1.09406237]\n [-5.19817843 -2.27158875  5.69451384 -0.22588239  0.70576604 -4.48371345]\n [-0.13686562 -0.09840148 -0.22588239  1.63525535 -1.1733988   0.62072374]\n [-0.34068356 -0.35466463  0.70576604 -1.1733988   1.38536432 -0.96243015]\n [ 4.10459792  1.09406237 -4.48371345  0.62072374 -0.96243015  5.19656788]]", "nfev": "530", "njev": "74", "status": "2", "success": "False", "message": "Desired error not necessarily achieved due to precision loss.", "x": "[7.27114237 4.92686109 0.48241567 8.14077203 4.51135814 6.27118904]", "nit": "20"}, "3": {"maxiter": 100, "gtol": 1e-05, "xrtol": 1e-10, "eps": 1e-10, "duration": 0.0013659000396728516, "fun": "0.9618820548057556", "jac": "[0. 0. 0. 0. 0. 0.]", "hess_inv": "[[1 0 0 0 0 0]\n [0 1 0 0 0 0]\n [0 0 1 0 0 0]\n [0 0 0 1 0 0]\n [0 0 0 0 1 0]\n [0 0 0 0 0 1]]", "nfev": "7", "njev": "1", "status": "0", "success": "True", "message": "Optimization terminated successfully.", "x": "[5.65854901 4.32963459 0.79545744 5.7378103  5.46580494 5.47337229]", "nit": "0"}, "4": {"maxiter": 100, "gtol": 1e-10, "xrtol": 1e-05, "eps": 1e-05, "duration": 0.09744882583618164, "fun": "0.198806032538414", "jac": "[ 0.          0.         -0.00149012  0.          0.00149012  0.        ]", "hess_inv": "[[ 6.65391672  2.02868843 -5.19817843 -0.13686562 -0.34068356  4.10459792]\n [ 2.02868843  3.41840812 -2.27158875 -0.09840148 -0.35466463  1.09406237]\n [-5.19817843 -2.27158875  5.69451384 -0.22588239  0.70576604 -4.48371345]\n [-0.13686562 -0.09840148 -0.22588239  1.63525535 -1.1733988   0.62072374]\n [-0.34068356 -0.35466463  0.70576604 -1.1733988   1.38536432 -0.96243015]\n [ 4.10459792  1.09406237 -4.48371345  0.62072374 -0.96243015  5.19656788]]", "nfev": "530", "njev": "74", "status": "2", "success": "False", "message": "Desired error not necessarily achieved due to precision loss.", "x": "[7.27114237 4.92686109 0.48241567 8.14077203 4.51135814 6.27118904]", "nit": "20"}, "5": {"maxiter": 100, "gtol": 1e-10, "xrtol": 1e-05, "eps": 1e-10, "duration": 0.0013649463653564453, "fun": "0.9618820548057556", "jac": "[0. 0. 0. 0. 0. 0.]", "hess_inv": "[[1 0 0 0 0 0]\n [0 1 0 0 0 0]\n [0 0 1 0 0 0]\n [0 0 0 1 0 0]\n [0 0 0 0 1 0]\n [0 0 0 0 0 1]]", "nfev": "7", "njev": "1", "status": "0", "success": "True", "message": "Optimization terminated successfully.", "x": "[5.65854901 4.32963459 0.79545744 5.7378103  5.46580494 5.47337229]", "nit": "0"}, "6": {"maxiter": 100, "gtol": 1e-10, "xrtol": 1e-10, "eps": 1e-05, "duration": 0.09780192375183105, "fun": "0.198806032538414", "jac": "[ 0.          0.         -0.00149012  0.          0.00149012  0.        ]", "hess_inv": "[[ 6.65391672  2.02868843 -5.19817843 -0.13686562 -0.34068356  4.10459792]\n [ 2.02868843  3.41840812 -2.27158875 -0.09840148 -0.35466463  1.09406237]\n [-5.19817843 -2.27158875  5.69451384 -0.22588239  0.70576604 -4.48371345]\n [-0.13686562 -0.09840148 -0.22588239  1.63525535 -1.1733988   0.62072374]\n [-0.34068356 -0.35466463  0.70576604 -1.1733988   1.38536432 -0.96243015]\n [ 4.10459792  1.09406237 -4.48371345  0.62072374 -0.96243015  5.19656788]]", "nfev": "530", "njev": "74", "status": "2", "success": "False", "message": "Desired error not necessarily achieved due to precision loss.", "x": "[7.27114237 4.92686109 0.48241567 8.14077203 4.51135814 6.27118904]", "nit": "20"}, "7": {"maxiter": 100, "gtol": 1e-10, "xrtol": 1e-10, "eps": 1e-10, "duration": 0.0013730525970458984, "fun": "0.9618820548057556", "jac": "[0. 0. 0. 0. 0. 0.]", "hess_inv": "[[1 0 0 0 0 0]\n [0 1 0 0 0 0]\n [0 0 1 0 0 0]\n [0 0 0 1 0 0]\n [0 0 0 0 1 0]\n [0 0 0 0 0 1]]", "nfev": "7", "njev": "1", "status": "0", "success": "True", "message": "Optimization terminated successfully.", "x": "[5.65854901 4.32963459 0.79545744 5.7378103  5.46580494 5.47337229]", "nit": "0"}, "8": {"maxiter": 500, "gtol": 1e-05, "xrtol": 1e-05, "eps": 1e-05, "duration": 0.10043907165527344, "fun": "0.198806032538414", "jac": "[ 0.          0.         -0.00149012  0.          0.00149012  0.        ]", "hess_inv": "[[ 6.65391672  2.02868843 -5.19817843 -0.13686562 -0.34068356  4.10459792]\n [ 2.02868843  3.41840812 -2.27158875 -0.09840148 -0.35466463  1.09406237]\n [-5.19817843 -2.27158875  5.69451384 -0.22588239  0.70576604 -4.48371345]\n [-0.13686562 -0.09840148 -0.22588239  1.63525535 -1.1733988   0.62072374]\n [-0.34068356 -0.35466463  0.70576604 -1.1733988   1.38536432 -0.96243015]\n [ 4.10459792  1.09406237 -4.48371345  0.62072374 -0.96243015  5.19656788]]", "nfev": "530", "njev": "74", "status": "2", "success": "False", "message": "Desired error not necessarily achieved due to precision loss.", "x": "[7.27114237 4.92686109 0.48241567 8.14077203 4.51135814 6.27118904]", "nit": "20"}, "9": {"maxiter": 500, "gtol": 1e-05, "xrtol": 1e-05, "eps": 1e-10, "duration": 0.0013589859008789062, "fun": "0.9618820548057556", "jac": "[0. 0. 0. 0. 0. 0.]", "hess_inv": "[[1 0 0 0 0 0]\n [0 1 0 0 0 0]\n [0 0 1 0 0 0]\n [0 0 0 1 0 0]\n [0 0 0 0 1 0]\n [0 0 0 0 0 1]]", "nfev": "7", "njev": "1", "status": "0", "success": "True", "message": "Optimization terminated successfully.", "x": "[5.65854901 4.32963459 0.79545744 5.7378103  5.46580494 5.47337229]", "nit": "0"}, "10": {"maxiter": 500, "gtol": 1e-05, "xrtol": 1e-10, "eps": 1e-05, "duration": 0.10105490684509277, "fun": "0.198806032538414", "jac": "[ 0.          0.         -0.00149012  0.          0.00149012  0.        ]", "hess_inv": "[[ 6.65391672  2.02868843 -5.19817843 -0.13686562 -0.34068356  4.10459792]\n [ 2.02868843  3.41840812 -2.27158875 -0.09840148 -0.35466463  1.09406237]\n [-5.19817843 -2.27158875  5.69451384 -0.22588239  0.70576604 -4.48371345]\n [-0.13686562 -0.09840148 -0.22588239  1.63525535 -1.1733988   0.62072374]\n [-0.34068356 -0.35466463  0.70576604 -1.1733988   1.38536432 -0.96243015]\n [ 4.10459792  1.09406237 -4.48371345  0.62072374 -0.96243015  5.19656788]]", "nfev": "530", "njev": "74", "status": "2", "success": "False", "message": "Desired error not necessarily achieved due to precision loss.", "x": "[7.27114237 4.92686109 0.48241567 8.14077203 4.51135814 6.27118904]", "nit": "20"}, "11": {"maxiter": 500, "gtol": 1e-05, "xrtol": 1e-10, "eps": 1e-10, "duration": 0.0013549327850341797, "fun": "0.9618820548057556", "jac": "[0. 0. 0. 0. 0. 0.]", "hess_inv": "[[1 0 0 0 0 0]\n [0 1 0 0 0 0]\n [0 0 1 0 0 0]\n [0 0 0 1 0 0]\n [0 0 0 0 1 0]\n [0 0 0 0 0 1]]", "nfev": "7", "njev": "1", "status": "0", "success": "True", "message": "Optimization terminated successfully.", "x": "[5.65854901 4.32963459 0.79545744 5.7378103  5.46580494 5.47337229]", "nit": "0"}, "12": {"maxiter": 500, "gtol": 1e-10, "xrtol": 1e-05, "eps": 1e-05, "duration": 0.10067605972290039, "fun": "0.198806032538414", "jac": "[ 0.          0.         -0.00149012  0.          0.00149012  0.        ]", "hess_inv": "[[ 6.65391672  2.02868843 -5.19817843 -0.13686562 -0.34068356  4.10459792]\n [ 2.02868843  3.41840812 -2.27158875 -0.09840148 -0.35466463  1.09406237]\n [-5.19817843 -2.27158875  5.69451384 -0.22588239  0.70576604 -4.48371345]\n [-0.13686562 -0.09840148 -0.22588239  1.63525535 -1.1733988   0.62072374]\n [-0.34068356 -0.35466463  0.70576604 -1.1733988   1.38536432 -0.96243015]\n [ 4.10459792  1.09406237 -4.48371345  0.62072374 -0.96243015  5.19656788]]", "nfev": "530", "njev": "74", "status": "2", "success": "False", "message": "Desired error not necessarily achieved due to precision loss.", "x": "[7.27114237 4.92686109 0.48241567 8.14077203 4.51135814 6.27118904]", "nit": "20"}, "13": {"maxiter": 500, "gtol": 1e-10, "xrtol": 1e-05, "eps": 1e-10, "duration": 0.0013630390167236328, "fun": "0.9618820548057556", "jac": "[0. 0. 0. 0. 0. 0.]", "hess_inv": "[[1 0 0 0 0 0]\n [0 1 0 0 0 0]\n [0 0 1 0 0 0]\n [0 0 0 1 0 0]\n [0 0 0 0 1 0]\n [0 0 0 0 0 1]]", "nfev": "7", "njev": "1", "status": "0", "success": "True", "message": "Optimization terminated successfully.", "x": "[5.65854901 4.32963459 0.79545744 5.7378103  5.46580494 5.47337229]", "nit": "0"}, "14": {"maxiter": 500, "gtol": 1e-10, "xrtol": 1e-10, "eps": 1e-05, "duration": 0.10059905052185059, "fun": "0.198806032538414", "jac": "[ 0.          0.         -0.00149012  0.          0.00149012  0.        ]", "hess_inv": "[[ 6.65391672  2.02868843 -5.19817843 -0.13686562 -0.34068356  4.10459792]\n [ 2.02868843  3.41840812 -2.27158875 -0.09840148 -0.35466463  1.09406237]\n [-5.19817843 -2.27158875  5.69451384 -0.22588239  0.70576604 -4.48371345]\n [-0.13686562 -0.09840148 -0.22588239  1.63525535 -1.1733988   0.62072374]\n [-0.34068356 -0.35466463  0.70576604 -1.1733988   1.38536432 -0.96243015]\n [ 4.10459792  1.09406237 -4.48371345  0.62072374 -0.96243015  5.19656788]]", "nfev": "530", "njev": "74", "status": "2", "success": "False", "message": "Desired error not necessarily achieved due to precision loss.", "x": "[7.27114237 4.92686109 0.48241567 8.14077203 4.51135814 6.27118904]", "nit": "20"}, "15": {"maxiter": 500, "gtol": 1e-10, "xrtol": 1e-10, "eps": 1e-10, "duration": 0.0014128684997558594, "fun": "0.9618820548057556", "jac": "[0. 0. 0. 0. 0. 0.]", "hess_inv": "[[1 0 0 0 0 0]\n [0 1 0 0 0 0]\n [0 0 1 0 0 0]\n [0 0 0 1 0 0]\n [0 0 0 0 1 0]\n [0 0 0 0 0 1]]", "nfev": "7", "njev": "1", "status": "0", "success": "True", "message": "Optimization terminated successfully.", "x": "[5.65854901 4.32963459 0.79545744 5.7378103  5.46580494 5.47337229]", "nit": "0"}, "16": {"maxiter": 1000, "gtol": 1e-05, "xrtol": 1e-05, "eps": 1e-05, "duration": 0.10100460052490234, "fun": "0.198806032538414", "jac": "[ 0.          0.         -0.00149012  0.          0.00149012  0.        ]", "hess_inv": "[[ 6.65391672  2.02868843 -5.19817843 -0.13686562 -0.34068356  4.10459792]\n [ 2.02868843  3.41840812 -2.27158875 -0.09840148 -0.35466463  1.09406237]\n [-5.19817843 -2.27158875  5.69451384 -0.22588239  0.70576604 -4.48371345]\n [-0.13686562 -0.09840148 -0.22588239  1.63525535 -1.1733988   0.62072374]\n [-0.34068356 -0.35466463  0.70576604 -1.1733988   1.38536432 -0.96243015]\n [ 4.10459792  1.09406237 -4.48371345  0.62072374 -0.96243015  5.19656788]]", "nfev": "530", "njev": "74", "status": "2", "success": "False", "message": "Desired error not necessarily achieved due to precision loss.", "x": "[7.27114237 4.92686109 0.48241567 8.14077203 4.51135814 6.27118904]", "nit": "20"}, "17": {"maxiter": 1000, "gtol": 1e-05, "xrtol": 1e-05, "eps": 1e-10, "duration": 0.0013699531555175781, "fun": "0.9618820548057556", "jac": "[0. 0. 0. 0. 0. 0.]", "hess_inv": "[[1 0 0 0 0 0]\n [0 1 0 0 0 0]\n [0 0 1 0 0 0]\n [0 0 0 1 0 0]\n [0 0 0 0 1 0]\n [0 0 0 0 0 1]]", "nfev": "7", "njev": "1", "status": "0", "success": "True", "message": "Optimization terminated successfully.", "x": "[5.65854901 4.32963459 0.79545744 5.7378103  5.46580494 5.47337229]", "nit": "0"}, "18": {"maxiter": 1000, "gtol": 1e-05, "xrtol": 1e-10, "eps": 1e-05, "duration": 0.10106921195983887, "fun": "0.198806032538414", "jac": "[ 0.          0.         -0.00149012  0.          0.00149012  0.        ]", "hess_inv": "[[ 6.65391672  2.02868843 -5.19817843 -0.13686562 -0.34068356  4.10459792]\n [ 2.02868843  3.41840812 -2.27158875 -0.09840148 -0.35466463  1.09406237]\n [-5.19817843 -2.27158875  5.69451384 -0.22588239  0.70576604 -4.48371345]\n [-0.13686562 -0.09840148 -0.22588239  1.63525535 -1.1733988   0.62072374]\n [-0.34068356 -0.35466463  0.70576604 -1.1733988   1.38536432 -0.96243015]\n [ 4.10459792  1.09406237 -4.48371345  0.62072374 -0.96243015  5.19656788]]", "nfev": "530", "njev": "74", "status": "2", "success": "False", "message": "Desired error not necessarily achieved due to precision loss.", "x": "[7.27114237 4.92686109 0.48241567 8.14077203 4.51135814 6.27118904]", "nit": "20"}, "19": {"maxiter": 1000, "gtol": 1e-05, "xrtol": 1e-10, "eps": 1e-10, "duration": 0.0013680458068847656, "fun": "0.9618820548057556", "jac": "[0. 0. 0. 0. 0. 0.]", "hess_inv": "[[1 0 0 0 0 0]\n [0 1 0 0 0 0]\n [0 0 1 0 0 0]\n [0 0 0 1 0 0]\n [0 0 0 0 1 0]\n [0 0 0 0 0 1]]", "nfev": "7", "njev": "1", "status": "0", "success": "True", "message": "Optimization terminated successfully.", "x": "[5.65854901 4.32963459 0.79545744 5.7378103  5.46580494 5.47337229]", "nit": "0"}, "20": {"maxiter": 1000, "gtol": 1e-10, "xrtol": 1e-05, "eps": 1e-05, "duration": 0.10074496269226074, "fun": "0.198806032538414", "jac": "[ 0.          0.         -0.00149012  0.          0.00149012  0.        ]", "hess_inv": "[[ 6.65391672  2.02868843 -5.19817843 -0.13686562 -0.34068356  4.10459792]\n [ 2.02868843  3.41840812 -2.27158875 -0.09840148 -0.35466463  1.09406237]\n [-5.19817843 -2.27158875  5.69451384 -0.22588239  0.70576604 -4.48371345]\n [-0.13686562 -0.09840148 -0.22588239  1.63525535 -1.1733988   0.62072374]\n [-0.34068356 -0.35466463  0.70576604 -1.1733988   1.38536432 -0.96243015]\n [ 4.10459792  1.09406237 -4.48371345  0.62072374 -0.96243015  5.19656788]]", "nfev": "530", "njev": "74", "status": "2", "success": "False", "message": "Desired error not necessarily achieved due to precision loss.", "x": "[7.27114237 4.92686109 0.48241567 8.14077203 4.51135814 6.27118904]", "nit": "20"}, "21": {"maxiter": 1000, "gtol": 1e-10, "xrtol": 1e-05, "eps": 1e-10, "duration": 0.0013251304626464844, "fun": "0.9618820548057556", "jac": "[0. 0. 0. 0. 0. 0.]", "hess_inv": "[[1 0 0 0 0 0]\n [0 1 0 0 0 0]\n [0 0 1 0 0 0]\n [0 0 0 1 0 0]\n [0 0 0 0 1 0]\n [0 0 0 0 0 1]]", "nfev": "7", "njev": "1", "status": "0", "success": "True", "message": "Optimization terminated successfully.", "x": "[5.65854901 4.32963459 0.79545744 5.7378103  5.46580494 5.47337229]", "nit": "0"}, "22": {"maxiter": 1000, "gtol": 1e-10, "xrtol": 1e-10, "eps": 1e-05, "duration": 0.09749412536621094, "fun": "0.198806032538414", "jac": "[ 0.          0.         -0.00149012  0.          0.00149012  0.        ]", "hess_inv": "[[ 6.65391672  2.02868843 -5.19817843 -0.13686562 -0.34068356  4.10459792]\n [ 2.02868843  3.41840812 -2.27158875 -0.09840148 -0.35466463  1.09406237]\n [-5.19817843 -2.27158875  5.69451384 -0.22588239  0.70576604 -4.48371345]\n [-0.13686562 -0.09840148 -0.22588239  1.63525535 -1.1733988   0.62072374]\n [-0.34068356 -0.35466463  0.70576604 -1.1733988   1.38536432 -0.96243015]\n [ 4.10459792  1.09406237 -4.48371345  0.62072374 -0.96243015  5.19656788]]", "nfev": "530", "njev": "74", "status": "2", "success": "False", "message": "Desired error not necessarily achieved due to precision loss.", "x": "[7.27114237 4.92686109 0.48241567 8.14077203 4.51135814 6.27118904]", "nit": "20"}, "23": {"maxiter": 1000, "gtol": 1e-10, "xrtol": 1e-10, "eps": 1e-10, "duration": 0.0013513565063476562, "fun": "0.9618820548057556", "jac": "[0. 0. 0. 0. 0. 0.]", "hess_inv": "[[1 0 0 0 0 0]\n [0 1 0 0 0 0]\n [0 0 1 0 0 0]\n [0 0 0 1 0 0]\n [0 0 0 0 1 0]\n [0 0 0 0 0 1]]", "nfev": "7", "njev": "1", "status": "0", "success": "True", "message": "Optimization terminated successfully.", "x": "[5.65854901 4.32963459 0.79545744 5.7378103  5.46580494 5.47337229]", "nit": "0"}}, "cobyla": {"0": {"maxiter": 100, "tol": 1e-05, "catol": 1e-05, "duration": 0.017960071563720703, "x": "[7.27635907 4.91223417 0.49967137 8.13490951 4.50773421 6.28969855]", "status": "2", "success": "False", "message": "Maximum number of function evaluations has been exceeded.", "nfev": "100", "fun": "0.1988046020269394", "maxcv": "0.0"}, "1": {"maxiter": 100, "tol": 1e-05, "catol": 1e-10, "duration": 0.017832040786743164, "x": "[7.27635907 4.91223417 0.49967137 8.13490951 4.50773421 6.28969855]", "status": "2", "success": "False", "message": "Maximum number of function evaluations has been exceeded.", "nfev": "100", "fun": "0.1988046020269394", "maxcv": "0.0"}, "2": {"maxiter": 100, "tol": 1e-10, "catol": 1e-05, "duration": 0.01777505874633789, "x": "[7.27635907 4.91223417 0.49967137 8.13490951 4.50773421 6.28969855]", "status": "2", "success": "False", "message": "Maximum number of function evaluations has been exceeded.", "nfev": "100", "fun": "0.1988046020269394", "maxcv": "0.0"}, "3": {"maxiter": 100, "tol": 1e-10, "catol": 1e-10, "duration": 0.017779111862182617, "x": "[7.27635907 4.91223417 0.49967137 8.13490951 4.50773421 6.28969855]", "status": "2", "success": "False", "message": "Maximum number of function evaluations has been exceeded.", "nfev": "100", "fun": "0.1988046020269394", "maxcv": "0.0"}, "4": {"maxiter": 500, "tol": 1e-05, "catol": 1e-05, "duration": 0.030434131622314453, "x": "[7.27507299 4.91923189 0.49264749 8.14038017 4.51080518 6.28300343]", "status": "1", "success": "True", "message": "Optimization terminated successfully.", "nfev": "171", "fun": "0.19879452884197235", "maxcv": "0.0"}, "5": {"maxiter": 500, "tol": 1e-05, "catol": 1e-10, "duration": 0.030352115631103516, "x": "[7.27507299 4.91923189 0.49264749 8.14038017 4.51080518 6.28300343]", "status": "1", "success": "True", "message": "Optimization terminated successfully.", "nfev": "171", "fun": "0.19879452884197235", "maxcv": "0.0"}, "6": {"maxiter": 500, "tol": 1e-10, "catol": 1e-05, "duration": 0.036724090576171875, "x": "[7.27507299 4.91923189 0.49264749 8.14038017 4.51080518 6.28300343]", "status": "1", "success": "True", "message": "Optimization terminated successfully.", "nfev": "206", "fun": "0.19879452884197235", "maxcv": "0.0"}, "7": {"maxiter": 500, "tol": 1e-10, "catol": 1e-10, "duration": 0.03709912300109863, "x": "[7.27507299 4.91923189 0.49264749 8.14038017 4.51080518 6.28300343]", "status": "1", "success": "True", "message": "Optimization terminated successfully.", "nfev": "206", "fun": "0.19879452884197235", "maxcv": "0.0"}, "8": {"maxiter": 1000, "tol": 1e-05, "catol": 1e-05, "duration": 0.030437946319580078, "x": "[7.27507299 4.91923189 0.49264749 8.14038017 4.51080518 6.28300343]", "status": "1", "success": "True", "message": "Optimization terminated successfully.", "nfev": "171", "fun": "0.19879452884197235", "maxcv": "0.0"}, "9": {"maxiter": 1000, "tol": 1e-05, "catol": 1e-10, "duration": 0.030605792999267578, "x": "[7.27507299 4.91923189 0.49264749 8.14038017 4.51080518 6.28300343]", "status": "1", "success": "True", "message": "Optimization terminated successfully.", "nfev": "171", "fun": "0.19879452884197235", "maxcv": "0.0"}, "10": {"maxiter": 1000, "tol": 1e-10, "catol": 1e-05, "duration": 0.03706073760986328, "x": "[7.27507299 4.91923189 0.49264749 8.14038017 4.51080518 6.28300343]", "status": "1", "success": "True", "message": "Optimization terminated successfully.", "nfev": "206", "fun": "0.19879452884197235", "maxcv": "0.0"}, "11": {"maxiter": 1000, "tol": 1e-10, "catol": 1e-10, "duration": 0.037061214447021484, "x": "[7.27507299 4.91923189 0.49264749 8.14038017 4.51080518 6.28300343]", "status": "1", "success": "True", "message": "Optimization terminated successfully.", "nfev": "206", "fun": "0.19879452884197235", "maxcv": "0.0"}}, "powell": {"0": {"maxiter": 100, "ftol": 1e-05, "xtol": 1e-05, "duration": 0.14544010162353516, "fun": "0.19879482686519623", "direc": "[[ 0.00000000e+00  0.00000000e+00  0.00000000e+00  0.00000000e+00\n   0.00000000e+00  1.00000000e+00]\n [-2.80296853e-03 -1.16703542e-02  6.90967485e-03  5.45115484e-03\n  -1.50337657e-03  3.50225469e-03]\n [ 0.00000000e+00  0.00000000e+00  1.00000000e+00  0.00000000e+00\n   0.00000000e+00  0.00000000e+00]\n [ 0.00000000e+00  0.00000000e+00  0.00000000e+00  1.00000000e+00\n   0.00000000e+00  0.00000000e+00]\n [ 0.00000000e+00  0.00000000e+00  0.00000000e+00  0.00000000e+00\n   1.00000000e+00  0.00000000e+00]\n [ 4.30868926e-03 -2.23000316e-03  2.72233454e-05 -3.30630661e-04\n   2.77863004e-03  2.26965379e-03]]", "nit": "10", "nfev": "818", "status": "0", "success": "True", "message": "Optimization terminated successfully.", "x": "[7.27484102 4.92094307 0.49001104 8.1408917  4.51147683 6.28032253]"}, "1": {"maxiter": 100, "ftol": 1e-05, "xtol": 1e-10, "duration": 0.3431370258331299, "fun": "0.1987951695919037", "direc": "[[ 0.00000000e+00  0.00000000e+00  0.00000000e+00  0.00000000e+00\n   0.00000000e+00  1.00000000e+00]\n [-1.03091969e-01 -2.90435931e-02  1.23744797e-02 -4.98517860e-02\n  -1.07648276e-01  1.12936859e-02]\n [ 0.00000000e+00  0.00000000e+00  1.00000000e+00  0.00000000e+00\n   0.00000000e+00  0.00000000e+00]\n [-2.51257512e-03 -1.14442043e-02  6.84319304e-03  5.57316579e-03\n  -1.15984344e-03  3.49859530e-03]\n [ 0.00000000e+00  0.00000000e+00  0.00000000e+00  0.00000000e+00\n   1.00000000e+00  0.00000000e+00]\n [ 3.72970764e-03 -2.57414482e-03  3.03659778e-04 -7.38490009e-04\n   1.92811889e-03  2.17032031e-03]]", "nit": "10", "nfev": "1964", "status": "0", "success": "True", "message": "Optimization terminated successfully.", "x": "[7.27564495 4.9213963  0.48938408 8.14215872 4.5121032  6.28025233]"}, "2": {"maxiter": 100, "ftol": 1e-10, "xtol": 1e-05, "duration": 0.1968989372253418, "fun": "0.19879445433616638", "direc": "[[ 0.00000000e+00  0.00000000e+00  0.00000000e+00  0.00000000e+00\n   0.00000000e+00  1.00000000e+00]\n [-2.80296853e-03 -1.16703542e-02  6.90967485e-03  5.45115484e-03\n  -1.50337657e-03  3.50225469e-03]\n [ 4.30868926e-03 -2.23000316e-03  2.72233454e-05 -3.30630661e-04\n   2.77863004e-03  2.26965379e-03]\n [ 0.00000000e+00  0.00000000e+00  0.00000000e+00  1.00000000e+00\n   0.00000000e+00  0.00000000e+00]\n [ 0.00000000e+00  0.00000000e+00  0.00000000e+00  0.00000000e+00\n   1.00000000e+00  0.00000000e+00]\n [ 1.11152663e-04 -3.19436199e-04  6.31853807e-04 -1.08989776e-04\n  -1.24393719e-04  5.56324102e-04]]", "nit": "12", "nfev": "1111", "status": "0", "success": "True", "message": "Optimization terminated successfully.", "x": "[7.27522238 4.91997237 0.49203384 8.14048366 4.51107951 6.28211993]"}, "3": {"maxiter": 100, "ftol": 1e-10, "xtol": 1e-10, "duration": 0.5211489200592041, "fun": "0.19879445433616638", "direc": "[[ 0.00000000e+00  0.00000000e+00  0.00000000e+00  0.00000000e+00\n   0.00000000e+00  1.00000000e+00]\n [-1.03091969e-01 -2.90435931e-02  1.23744797e-02 -4.98517860e-02\n  -1.07648276e-01  1.12936859e-02]\n [ 3.72970764e-03 -2.57414482e-03  3.03659778e-04 -7.38490009e-04\n   1.92811889e-03  2.17032031e-03]\n [-2.51257512e-03 -1.14442043e-02  6.84319304e-03  5.57316579e-03\n  -1.15984344e-03  3.49859530e-03]\n [ 0.00000000e+00  0.00000000e+00  0.00000000e+00  0.00000000e+00\n   1.00000000e+00  0.00000000e+00]\n [-8.58838584e-05 -6.54877237e-04  1.08799749e-03 -5.86388667e-04\n  -4.84026117e-04  1.14277294e-03]]", "nit": "14", "nfev": "2995", "status": "0", "success": "True", "message": "Optimization terminated successfully.", "x": "[7.2754208  4.92018512 0.49176045 8.14067905 4.51145928 6.2819802 ]"}, "4": {"maxiter": 500, "ftol": 1e-05, "xtol": 1e-05, "duration": 0.14387297630310059, "fun": "0.19879482686519623", "direc": "[[ 0.00000000e+00  0.00000000e+00  0.00000000e+00  0.00000000e+00\n   0.00000000e+00  1.00000000e+00]\n [-2.80296853e-03 -1.16703542e-02  6.90967485e-03  5.45115484e-03\n  -1.50337657e-03  3.50225469e-03]\n [ 0.00000000e+00  0.00000000e+00  1.00000000e+00  0.00000000e+00\n   0.00000000e+00  0.00000000e+00]\n [ 0.00000000e+00  0.00000000e+00  0.00000000e+00  1.00000000e+00\n   0.00000000e+00  0.00000000e+00]\n [ 0.00000000e+00  0.00000000e+00  0.00000000e+00  0.00000000e+00\n   1.00000000e+00  0.00000000e+00]\n [ 4.30868926e-03 -2.23000316e-03  2.72233454e-05 -3.30630661e-04\n   2.77863004e-03  2.26965379e-03]]", "nit": "10", "nfev": "818", "status": "0", "success": "True", "message": "Optimization terminated successfully.", "x": "[7.27484102 4.92094307 0.49001104 8.1408917  4.51147683 6.28032253]"}, "5": {"maxiter": 500, "ftol": 1e-05, "xtol": 1e-10, "duration": 0.3443171977996826, "fun": "0.1987951695919037", "direc": "[[ 0.00000000e+00  0.00000000e+00  0.00000000e+00  0.00000000e+00\n   0.00000000e+00  1.00000000e+00]\n [-1.03091969e-01 -2.90435931e-02  1.23744797e-02 -4.98517860e-02\n  -1.07648276e-01  1.12936859e-02]\n [ 0.00000000e+00  0.00000000e+00  1.00000000e+00  0.00000000e+00\n   0.00000000e+00  0.00000000e+00]\n [-2.51257512e-03 -1.14442043e-02  6.84319304e-03  5.57316579e-03\n  -1.15984344e-03  3.49859530e-03]\n [ 0.00000000e+00  0.00000000e+00  0.00000000e+00  0.00000000e+00\n   1.00000000e+00  0.00000000e+00]\n [ 3.72970764e-03 -2.57414482e-03  3.03659778e-04 -7.38490009e-04\n   1.92811889e-03  2.17032031e-03]]", "nit": "10", "nfev": "1964", "status": "0", "success": "True", "message": "Optimization terminated successfully.", "x": "[7.27564495 4.9213963  0.48938408 8.14215872 4.5121032  6.28025233]"}, "6": {"maxiter": 500, "ftol": 1e-10, "xtol": 1e-05, "duration": 0.1966719627380371, "fun": "0.19879445433616638", "direc