{"conf_id": 24, "data_type": "random\n", "num_data_points": 2, "s_rank": 0, "unitary": "[[-0.24866696+0.58742286j,-0.44704345-0.43151574j,-0.35669027-0.20570733j,-0.10517633+0.1626036j],[0.10596805-0.19687975j,-0.30269685-0.15056416j,0.18246286+0.30440582j,-0.83484447-0.11310748j],[0.26054512-0.52548482j,0.0285017-0.50723956j,-0.43110112+0.17165838j,0.15243271+0.39915801j],[0.42978035+0.11991271j,-0.17224126-0.46030424j,0.6827807-0.15164662j,0.26483638+0.0061855j]]", "databatch_0": {"databatch": "[[[-2.11608906e-02+0.06886547j,-1.68582858e-01+0.07931811j,-1.05482762e-02+0.0694683j,-9.75480324e-03-0.00307405j],[7.89007546e-02+0.01824341j,1.02359225e-01+0.18270892j,7.87316590e-02+0.00629595j,-2.67007778e-03+0.0111824j],[-1.51717940e-01+0.11217139j,-4.78580077e-01-0.09515133j,-1.30296225e-01+0.12995159j,-1.57699155e-02-0.02165227j],[-1.07578887e-01+0.23782604j,-6.42219748e-01+0.20791113j,-6.97115484e-02+0.24485069j,-3.36530255e-02-0.0155139j]],[[2.67852281e-01+0.04602222j,-3.03954031e-01+0.03995236j,1.87159331e-01-0.01707492j,-2.17117372e-04-0.07527212j],[-2.04078487e-01-0.32623619j,3.28913870e-01+0.28325329j,-1.94582030e-01-0.18151208j,-7.92741413e-02+0.07123562j],[-1.63407216e-01-0.28323512j,2.70722866e-01+0.25052123j,-1.59733810e-01-0.16004577j,-6.94817882e-02+0.05808877j],[1.35932262e-01+0.07969041j,-1.73084362e-01-0.04041661j,1.05039075e-01+0.02896985j,1.52594388e-02-0.04088629j]]]", "nelder_mead": {"0": {"maxiter": 100, "fatol": 1e-05, "xatol": 1e-05, "duration": 0.028592824935913086, "fun": "0.385630339384079", "nit": "100", "nfev": "160", "status": "2", "success": "False", "message": "Maximum number of iterations has been exceeded.", "x": "[4.67572061 2.9873424  2.58364713 0.64216289 1.34673376 6.03683997]", "final_simplex": "(array([[4.67572061, 2.9873424 , 2.58364713, 0.64216289, 1.34673376,\n        6.03683997],\n       [4.70505969, 3.01560645, 2.4722694 , 0.63306239, 1.2073108 ,\n        6.02793407],\n       [4.66403785, 2.98775124, 2.53644661, 0.65523108, 1.16917921,\n        6.16078625],\n       [4.6406376 , 3.05098142, 2.56455534, 0.65212762, 1.20369447,\n        6.07206309],\n       [4.50928724, 3.00757231, 2.56025042, 0.67806367, 1.25908797,\n        6.24645811],\n       [4.67058935, 2.87479725, 2.51114251, 0.63711602, 1.25891742,\n        6.00092612],\n       [4.64903772, 3.00062663, 2.41464448, 0.61281778, 1.27915539,\n        6.08545894]]), array([0.38563034, 0.38646775, 0.38685903, 0.38700664, 0.38761076,\n       0.38838968, 0.38865605]))"}, "1": {"maxiter": 100, "fatol": 1e-05, "xatol": 1e-10, "duration": 0.028398990631103516, "fun": "0.385630339384079", "nit": "100", "nfev": "160", "status": "2", "success": "False", "message": "Maximum number of iterations has been exceeded.", "x": "[4.67572061 2.9873424  2.58364713 0.64216289 1.34673376 6.03683997]", "final_simplex": "(array([[4.67572061, 2.9873424 , 2.58364713, 0.64216289, 1.34673376,\n        6.03683997],\n       [4.70505969, 3.01560645, 2.4722694 , 0.63306239, 1.2073108 ,\n        6.02793407],\n       [4.66403785, 2.98775124, 2.53644661, 0.65523108, 1.16917921,\n        6.16078625],\n       [4.6406376 , 3.05098142, 2.56455534, 0.65212762, 1.20369447,\n        6.07206309],\n       [4.50928724, 3.00757231, 2.56025042, 0.67806367, 1.25908797,\n        6.24645811],\n       [4.67058935, 2.87479725, 2.51114251, 0.63711602, 1.25891742,\n        6.00092612],\n       [4.64903772, 3.00062663, 2.41464448, 0.61281778, 1.27915539,\n        6.08545894]]), array([0.38563034, 0.38646775, 0.38685903, 0.38700664, 0.38761076,\n       0.38838968, 0.38865605]))"}, "2": {"maxiter": 100, "fatol": 1e-10, "xatol": 1e-05, "duration": 0.0283358097076416, "fun": "0.385630339384079", "nit": "100", "nfev": "160", "status": "2", "success": "False", "message": "Maximum number of iterations has been exceeded.", "x": "[4.67572061 2.9873424  2.58364713 0.64216289 1.34673376 6.03683997]", "final_simplex": "(array([[4.67572061, 2.9873424 , 2.58364713, 0.64216289, 1.34673376,\n        6.03683997],\n       [4.70505969, 3.01560645, 2.4722694 , 0.63306239, 1.2073108 ,\n        6.02793407],\n       [4.66403785, 2.98775124, 2.53644661, 0.65523108, 1.16917921,\n        6.16078625],\n       [4.6406376 , 3.05098142, 2.56455534, 0.65212762, 1.20369447,\n        6.07206309],\n       [4.50928724, 3.00757231, 2.56025042, 0.67806367, 1.25908797,\n        6.24645811],\n       [4.67058935, 2.87479725, 2.51114251, 0.63711602, 1.25891742,\n        6.00092612],\n       [4.64903772, 3.00062663, 2.41464448, 0.61281778, 1.27915539,\n        6.08545894]]), array([0.38563034, 0.38646775, 0.38685903, 0.38700664, 0.38761076,\n       0.38838968, 0.38865605]))"}, "3": {"maxiter": 100, "fatol": 1e-10, "xatol": 1e-10, "duration": 0.028283119201660156, "fun": "0.385630339384079", "nit": "100", "nfev": "160", "status": "2", "success": "False", "message": "Maximum number of iterations has been exceeded.", "x": "[4.67572061 2.9873424  2.58364713 0.64216289 1.34673376 6.03683997]", "final_simplex": "(array([[4.67572061, 2.9873424 , 2.58364713, 0.64216289, 1.34673376,\n        6.03683997],\n       [4.70505969, 3.01560645, 2.4722694 , 0.63306239, 1.2073108 ,\n        6.02793407],\n       [4.66403785, 2.98775124, 2.53644661, 0.65523108, 1.16917921,\n        6.16078625],\n       [4.6406376 , 3.05098142, 2.56455534, 0.65212762, 1.20369447,\n        6.07206309],\n       [4.50928724, 3.00757231, 2.56025042, 0.67806367, 1.25908797,\n        6.24645811],\n       [4.67058935, 2.87479725, 2.51114251, 0.63711602, 1.25891742,\n        6.00092612],\n       [4.64903772, 3.00062663, 2.41464448, 0.61281778, 1.27915539,\n        6.08545894]]), array([0.38563034, 0.38646775, 0.38685903, 0.38700664, 0.38761076,\n       0.38838968, 0.38865605]))"}, "4": {"maxiter": 500, "fatol": 1e-05, "xatol": 1e-05, "duration": 0.08987617492675781, "fun": "0.25898298621177673", "nit": "293", "nfev": "511", "status": "0", "success": "True", "message": "Optimization terminated successfully.", "x": "[5.12213946 2.58203253 2.8248812  1.75544353 1.43344794 5.80853762]", "final_simplex": "(array([[5.12213946, 2.58203253, 2.8248812 , 1.75544353, 1.43344794,\n        5.80853762],\n       [5.12213886, 2.58202819, 2.82488012, 1.75544426, 1.43344638,\n        5.80853419],\n       [5.12213782, 2.58202767, 2.82487938, 1.75544134, 1.43344592,\n        5.80853465],\n       [5.12213835, 2.58202939, 2.82487838, 1.75544211, 1.43344778,\n        5.80853683],\n       [5.12213693, 2.58202813, 2.82487984, 1.7554442 , 1.43344555,\n        5.80853695],\n       [5.12213882, 2.58202675, 2.82488057, 1.75544395, 1.43344751,\n        5.80853638],\n       [5.12213672, 2.58202874, 2.82488   , 1.75544375, 1.43344813,\n        5.80853869]]), array([0.25898299, 0.25898299, 0.25898299, 0.25898299, 0.25898299,\n       0.25898299, 0.25898299]))"}, "5": {"maxiter": 500, "fatol": 1e-05, "xatol": 1e-10, "duration": 0.11174702644348145, "fun": "0.25898298621177673", "nit": "309", "nfev": "639", "status": "0", "success": "True", "message": "Optimization terminated successfully.", "x": "[5.12213946 2.58203253 2.8248812  1.75544353 1.43344794 5.80853762]", "final_simplex": "(array([[5.12213946, 2.58203253, 2.8248812 , 1.75544353, 1.43344794,\n        5.80853762],\n       [5.12213946, 2.58203253, 2.8248812 , 1.75544353, 1.43344794,\n        5.80853762],\n       [5.12213946, 2.58203253, 2.8248812 , 1.75544353, 1.43344794,\n        5.80853762],\n       [5.12213946, 2.58203253, 2.8248812 , 1.75544353, 1.43344794,\n        5.80853762],\n       [5.12213946, 2.58203253, 2.8248812 , 1.75544353, 1.43344794,\n        5.80853762],\n       [5.12213946, 2.58203253, 2.8248812 , 1.75544353, 1.43344794,\n        5.80853762],\n       [5.12213946, 2.58203253, 2.8248812 , 1.75544353, 1.43344794,\n        5.80853762]]), array([0.25898299, 0.25898299, 0.25898299, 0.25898299, 0.25898299,\n       0.25898299, 0.25898299]))"}, "6": {"maxiter": 500, "fatol": 1e-10, "xatol": 1e-05, "duration": 0.09001684188842773, "fun": "0.25898298621177673", "nit": "293", "nfev": "511", "status": "0", "success": "True", "message": "Optimization terminated successfully.", "x": "[5.12213946 2.58203253 2.8248812  1.75544353 1.43344794 5.80853762]", "final_simplex": "(array([[5.12213946, 2.58203253, 2.8248812 , 1.75544353, 1.43344794,\n        5.80853762],\n       [5.12213886, 2.58202819, 2.82488012, 1.75544426, 1.43344638,\n        5.80853419],\n       [5.12213782, 2.58202767, 2.82487938, 1.75544134, 1.43344592,\n        5.80853465],\n       [5.12213835, 2.58202939, 2.82487838, 1.75544211, 1.43344778,\n        5.80853683],\n       [5.12213693, 2.58202813, 2.82487984, 1.7554442 , 1.43344555,\n        5.80853695],\n       [5.12213882, 2.58202675, 2.82488057, 1.75544395, 1.43344751,\n        5.80853638],\n       [5.12213672, 2.58202874, 2.82488   , 1.75544375, 1.43344813,\n        5.80853869]]), array([0.25898299, 0.25898299, 0.25898299, 0.25898299, 0.25898299,\n       0.25898299, 0.25898299]))"}, "7": {"maxiter": 500, "fatol": 1e-10, "xatol": 1e-10, "duration": 0.11220312118530273, "fun": "0.25898298621177673", "nit": "309", "nfev": "639", "status": "0", "success": "True", "message": "Optimization terminated successfully.", "x": "[5.12213946 2.58203253 2.8248812  1.75544353 1.43344794 5.80853762]", "final_simplex": "(array([[5.12213946, 2.58203253, 2.8248812 , 1.75544353, 1.43344794,\n        5.80853762],\n       [5.12213946, 2.58203253, 2.8248812 , 1.75544353, 1.43344794,\n        5.80853762],\n       [5.12213946, 2.58203253, 2.8248812 , 1.75544353, 1.43344794,\n        5.80853762],\n       [5.12213946, 2.58203253, 2.8248812 , 1.75544353, 1.43344794,\n        5.80853762],\n       [5.12213946, 2.58203253, 2.8248812 , 1.75544353, 1.43344794,\n        5.80853762],\n       [5.12213946, 2.58203253, 2.8248812 , 1.75544353, 1.43344794,\n        5.80853762],\n       [5.12213946, 2.58203253, 2.8248812 , 1.75544353, 1.43344794,\n        5.80853762]]), array([0.25898299, 0.25898299, 0.25898299, 0.25898299, 0.25898299,\n       0.25898299, 0.25898299]))"}, "8": {"maxiter": 1000, "fatol": 1e-05, "xatol": 1e-05, "duration": 0.0898749828338623, "fun": "0.25898298621177673", "nit": "293", "nfev": "511", "status": "0", "success": "True", "message": "Optimization terminated successfully.", "x": "[5.12213946 2.58203253 2.8248812  1.75544353 1.43344794 5.80853762]", "final_simplex": "(array([[5.12213946, 2.58203253, 2.8248812 , 1.75544353, 1.43344794,\n        5.80853762],\n       [5.12213886, 2.58202819, 2.82488012, 1.75544426, 1.43344638,\n        5.80853419],\n       [5.12213782, 2.58202767, 2.82487938, 1.75544134, 1.43344592,\n        5.80853465],\n       [5.12213835, 2.58202939, 2.82487838, 1.75544211, 1.43344778,\n        5.80853683],\n       [5.12213693, 2.58202813, 2.82487984, 1.7554442 , 1.43344555,\n        5.80853695],\n       [5.12213882, 2.58202675, 2.82488057, 1.75544395, 1.43344751,\n        5.80853638],\n       [5.12213672, 2.58202874, 2.82488   , 1.75544375, 1.43344813,\n        5.80853869]]), array([0.25898299, 0.25898299, 0.25898299, 0.25898299, 0.25898299,\n       0.25898299, 0.25898299]))"}, "9": {"maxiter": 1000, "fatol": 1e-05, "xatol": 1e-10, "duration": 0.11045503616333008, "fun": "0.25898298621177673", "nit": "309", "nfev": "639", "status": "0", "success": "True", "message": "Optimization terminated successfully.", "x": "[5.12213946 2.58203253 2.8248812  1.75544353 1.43344794 5.80853762]", "final_simplex": "(array([[5.12213946, 2.58203253, 2.8248812 , 1.75544353, 1.43344794,\n        5.80853762],\n       [5.12213946, 2.58203253, 2.8248812 , 1.75544353, 1.43344794,\n        5.80853762],\n       [5.12213946, 2.58203253, 2.8248812 , 1.75544353, 1.43344794,\n        5.80853762],\n       [5.12213946, 2.58203253, 2.8248812 , 1.75544353, 1.43344794,\n        5.80853762],\n       [5.12213946, 2.58203253, 2.8248812 , 1.75544353, 1.43344794,\n        5.80853762],\n       [5.12213946, 2.58203253, 2.8248812 , 1.75544353, 1.43344794,\n        5.80853762],\n       [5.12213946, 2.58203253, 2.8248812 , 1.75544353, 1.43344794,\n        5.80853762]]), array([0.25898299, 0.25898299, 0.25898299, 0.25898299, 0.25898299,\n       0.25898299, 0.25898299]))"}, "10": {"maxiter": 1000, "fatol": 1e-10, "xatol": 1e-05, "duration": 0.08864593505859375, "fun": "0.25898298621177673", "nit": "293", "nfev": "511", "status": "0", "success": "True", "message": "Optimization terminated successfully.", "x": "[5.12213946 2.58203253 2.8248812  1.75544353 1.43344794 5.80853762]", "final_simplex": "(array([[5.12213946, 2.58203253, 2.8248812 , 1.75544353, 1.43344794,\n        5.80853762],\n       [5.12213886, 2.58202819, 2.82488012, 1.75544426, 1.43344638,\n        5.80853419],\n       [5.12213782, 2.58202767, 2.82487938, 1.75544134, 1.43344592,\n        5.80853465],\n       [5.12213835, 2.58202939, 2.82487838, 1.75544211, 1.43344778,\n        5.80853683],\n       [5.12213693, 2.58202813, 2.82487984, 1.7554442 , 1.43344555,\n        5.80853695],\n       [5.12213882, 2.58202675, 2.82488057, 1.75544395, 1.43344751,\n        5.80853638],\n       [5.12213672, 2.58202874, 2.82488   , 1.75544375, 1.43344813,\n        5.80853869]]), array([0.25898299, 0.25898299, 0.25898299, 0.25898299, 0.25898299,\n       0.25898299, 0.25898299]))"}, "11": {"maxiter": 1000, "fatol": 1e-10, "xatol": 1e-10, "duration": 0.11021208763122559, "fun": "0.25898298621177673", "nit": "309", "nfev": "639", "status": "0", "success": "True", "message": "Optimization terminated successfully.", "x": "[5.12213946 2.58203253 2.8248812  1.75544353 1.43344794 5.80853762]", "final_simplex": "(array([[5.12213946, 2.58203253, 2.8248812 , 1.75544353, 1.43344794,\n        5.80853762],\n       [5.12213946, 2.58203253, 2.8248812 , 1.75544353, 1.43344794,\n        5.80853762],\n       [5.12213946, 2.58203253, 2.8248812 , 1.75544353, 1.43344794,\n        5.80853762],\n       [5.12213946, 2.58203253, 2.8248812 , 1.75544353, 1.43344794,\n        5.80853762],\n       [5.12213946, 2.58203253, 2.8248812 , 1.75544353, 1.43344794,\n        5.80853762],\n       [5.12213946, 2.58203253, 2.8248812 , 1.75544353, 1.43344794,\n        5.80853762],\n       [5.12213946, 2.58203253, 2.8248812 , 1.75544353, 1.43344794,\n        5.80853762]]), array([0.25898299, 0.25898299, 0.25898299, 0.25898299, 0.25898299,\n       0.25898299, 0.25898299]))"}}, "bfgs": {"0": {"maxiter": 100, "gtol": 1e-05, "xrtol": 1e-05, "eps": 1e-05, "duration": 0.0472559928894043, "fun": "0.2590022683143616", "jac": "[0. 0. 0. 0. 0. 0.]", "hess_inv": "[[ 3.02744128  0.5691748  -0.28606065  1.33164137 -0.24307852 -1.07384244]\n [ 0.5691748   3.52907609 -2.42007889  2.31353806 -0.77233765 -0.05093491]\n [-0.28606065 -2.42007889  2.08521041 -1.75994467  0.26484166 -0.19979293]\n [ 1.33164137  2.31353806 -1.75994467  3.2195135  -0.46466898 -1.55703577]\n [-0.24307852 -0.77233765  0.26484166 -0.46466898  0.49429381  0.21361555]\n [-1.07384244 -0.05093491 -0.19979293 -1.55703577  0.21361555  1.7616179 ]]", "nfev": "266", "njev": "38", "status": "0", "success": "True", "message": "Optimization terminated successfully.", "x": "[ 5.12180712  2.59782771  2.8117515  -1.74869724  4.5862934   2.66994163]", "nit": "28"}, "1": {"maxiter": 100, "gtol": 1e-05, "xrtol": 1e-05, "eps": 1e-10, "duration": 0.0012669563293457031, "fun": "0.7491299510002136", "jac": "[0. 0. 0. 0. 0. 0.]", "hess_inv": "[[1 0 0 0 0 0]\n [0 1 0 0 0 0]\n [0 0 1 0 0 0]\n [0 0 0 1 0 0]\n [0 0 0 0 1 0]\n [0 0 0 0 0 1]]", "nfev": "7", "njev": "1", "status": "0", "success": "True", "message": "Optimization terminated successfully.", "x": "[3.77167883 1.8844525  1.76789018 0.30680082 3.36402196 4.28581762]", "nit": "0"}, "2": {"maxiter": 100, "gtol": 1e-05, "xrtol": 1e-10, "eps": 1e-05, "duration": 0.04706692695617676, "fun": "0.2590022683143616", "jac": "[0. 0. 0. 0. 0. 0.]", "hess_inv": "[[ 3.02744128  0.5691748  -0.28606065  1.33164137 -0.24307852 -1.07384244]\n [ 0.5691748   3.52907609 -2.42007889  2.31353806 -0.77233765 -0.05093491]\n [-0.28606065 -2.42007889  2.08521041 -1.75994467  0.26484166 -0.19979293]\n [ 1.33164137  2.31353806 -1.75994467  3.2195135  -0.46466898 -1.55703577]\n [-0.24307852 -0.77233765  0.26484166 -0.46466898  0.49429381  0.21361555]\n [-1.07384244 -0.05093491 -0.19979293 -1.55703577  0.21361555  1.7616179 ]]", "nfev": "266", "njev": "38", "status": "0", "success": "True", "message": "Optimization terminated successfully.", "x": "[ 5.12180712  2.59782771  2.8117515  -1.74869724  4.5862934   2.66994163]", "nit": "28"}, "3": {"maxiter": 100, "gtol": 1e-05, "xrtol": 1e-10, "eps": 1e-10, "duration": 0.0012619495391845703, "fun": "0.7491299510002136", "jac": "[0. 0. 0. 0. 0. 0.]", "hess_inv": "[[1 0 0 0 0 0]\n [0 1 0 0 0 0]\n [0 0 1 0 0 0]\n [0 0 0 1 0 0]\n [0 0 0 0 1 0]\n [0 0 0 0 0 1]]", "nfev": "7", "njev": "1", "status": "0", "success": "True", "message": "Optimization terminated successfully.", "x": "[3.77167883 1.8844525  1.76789018 0.30680082 3.36402196 4.28581762]", "nit": "0"}, "4": {"maxiter": 100, "gtol": 1e-10, "xrtol": 1e-05, "eps": 1e-05, "duration": 0.04857921600341797, "fun": "0.2590022683143616", "jac": "[0. 0. 0. 0. 0. 0.]", "hess_inv": "[[ 3.02744128  0.5691748  -0.28606065  1.33164137 -0.24307852 -1.07384244]\n [ 0.5691748   3.52907609 -2.42007889  2.31353806 -0.77233765 -0.05093491]\n [-0.28606065 -2.42007889  2.08521041 -1.75994467  0.26484166 -0.19979293]\n [ 1.33164137  2.31353806 -1.75994467  3.2195135  -0.46466898 -1.55703577]\n [-0.24307852 -0.77233765  0.26484166 -0.46466898  0.49429381  0.21361555]\n [-1.07384244 -0.05093491 -0.19979293 -1.55703577  0.21361555  1.7616179 ]]", "nfev": "266", "njev": "38", "status": "0", "success": "True", "message": "Optimization terminated successfully.", "x": "[ 5.12180712  2.59782771  2.8117515  -1.74869724  4.5862934   2.66994163]", "nit": "28"}, "5": {"maxiter": 100, "gtol": 1e-10, "xrtol": 1e-05, "eps": 1e-10, "duration": 0.0013451576232910156, "fun": "0.7491299510002136", "jac": "[0. 0. 0. 0. 0. 0.]", "hess_inv": "[[1 0 0 0 0 0]\n [0 1 0 0 0 0]\n [0 0 1 0 0 0]\n [0 0 0 1 0 0]\n [0 0 0 0 1 0]\n [0 0 0 0 0 1]]", "nfev": "7", "njev": "1", "status": "0", "success": "True", "message": "Optimization terminated successfully.", "x": "[3.77167883 1.8844525  1.76789018 0.30680082 3.36402196 4.28581762]", "nit": "0"}, "6": {"maxiter": 100, "gtol": 1e-10, "xrtol": 1e-10, "eps": 1e-05, "duration": 0.0501558780670166, "fun": "0.2590022683143616", "jac": "[0. 0. 0. 0. 0. 0.]", "hess_inv": "[[ 3.02744128  0.5691748  -0.28606065  1.33164137 -0.24307852 -1.07384244]\n [ 0.5691748   3.52907609 -2.42007889  2.31353806 -0.77233765 -0.05093491]\n [-0.28606065 -2.42007889  2.08521041 -1.75994467  0.26484166 -0.19979293]\n [ 1.33164137  2.31353806 -1.75994467  3.2195135  -0.46466898 -1.55703577]\n [-0.24307852 -0.77233765  0.26484166 -0.46466898  0.49429381  0.21361555]\n [-1.07384244 -0.05093491 -0.19979293 -1.55703577  0.21361555  1.7616179 ]]", "nfev": "266", "njev": "38", "status": "0", "success": "True", "message": "Optimization terminated successfully.", "x": "[ 5.12180712  2.59782771  2.8117515  -1.74869724  4.5862934   2.66994163]", "nit": "28"}, "7": {"maxiter": 100, "gtol": 1e-10, "xrtol": 1e-10, "eps": 1e-10, "duration": 0.0013310909271240234, "fun": "0.7491299510002136", "jac": "[0. 0. 0. 0. 0. 0.]", "hess_inv": "[[1 0 0 0 0 0]\n [0 1 0 0 0 0]\n [0 0 1 0 0 0]\n [0 0 0 1 0 0]\n [0 0 0 0 1 0]\n [0 0 0 0 0 1]]", "nfev": "7", "njev": "1", "status": "0", "success": "True", "message": "Optimization terminated successfully.", "x": "[3.77167883 1.8844525  1.76789018 0.30680082 3.36402196 4.28581762]", "nit": "0"}, "8": {"maxiter": 500, "gtol": 1e-05, "xrtol": 1e-05, "eps": 1e-05, "duration": 0.05009889602661133, "fun": "0.2590022683143616", "jac": "[0. 0. 0. 0. 0. 0.]", "hess_inv": "[[ 3.02744128  0.5691748  -0.28606065  1.33164137 -0.24307852 -1.07384244]\n [ 0.5691748   3.52907609 -2.42007889  2.31353806 -0.77233765 -0.05093491]\n [-0.28606065 -2.42007889  2.08521041 -1.75994467  0.26484166 -0.19979293]\n [ 1.33164137  2.31353806 -1.75994467  3.2195135  -0.46466898 -1.55703577]\n [-0.24307852 -0.77233765  0.26484166 -0.46466898  0.49429381  0.21361555]\n [-1.07384244 -0.05093491 -0.19979293 -1.55703577  0.21361555  1.7616179 ]]", "nfev": "266", "njev": "38", "status": "0", "success": "True", "message": "Optimization terminated successfully.", "x": "[ 5.12180712  2.59782771  2.8117515  -1.74869724  4.5862934   2.66994163]", "nit": "28"}, "9": {"maxiter": 500, "gtol": 1e-05, "xrtol": 1e-05, "eps": 1e-10, "duration": 0.00133514404296875, "fun": "0.7491299510002136", "jac": "[0. 0. 0. 0. 0. 0.]", "hess_inv": "[[1 0 0 0 0 0]\n [0 1 0 0 0 0]\n [0 0 1 0 0 0]\n [0 0 0 1 0 0]\n [0 0 0 0 1 0]\n [0 0 0 0 0 1]]", "nfev": "7", "njev": "1", "status": "0", "success": "True", "message": "Optimization terminated successfully.", "x": "[3.77167883 1.8844525  1.76789018 0.30680082 3.36402196 4.28581762]", "nit": "0"}, "10": {"maxiter": 500, "gtol": 1e-05, "xrtol": 1e-10, "eps": 1e-05, "duration": 0.05035996437072754, "fun": "0.2590022683143616", "jac": "[0. 0. 0. 0. 0. 0.]", "hess_inv": "[[ 3.02744128  0.5691748  -0.28606065  1.33164137 -0.24307852 -1.07384244]\n [ 0.5691748   3.52907609 -2.42007889  2.31353806 -0.77233765 -0.05093491]\n [-0.28606065 -2.42007889  2.08521041 -1.75994467  0.26484166 -0.19979293]\n [ 1.33164137  2.31353806 -1.75994467  3.2195135  -0.46466898 -1.55703577]\n [-0.24307852 -0.77233765  0.26484166 -0.46466898  0.49429381  0.21361555]\n [-1.07384244 -0.05093491 -0.19979293 -1.55703577  0.21361555  1.7616179 ]]", "nfev": "266", "njev": "38", "status": "0", "success": "True", "message": "Optimization terminated successfully.", "x": "[ 5.12180712  2.59782771  2.8117515  -1.74869724  4.5862934   2.66994163]", "nit": "28"}, "11": {"maxiter": 500, "gtol": 1e-05, "xrtol": 1e-10, "eps": 1e-10, "duration": 0.0013399124145507812, "fun": "0.7491299510002136", "jac": "[0. 0. 0. 0. 0. 0.]", "hess_inv": "[[1 0 0 0 0 0]\n [0 1 0 0 0 0]\n [0 0 1 0 0 0]\n [0 0 0 1 0 0]\n [0 0 0 0 1 0]\n [0 0 0 0 0 1]]", "nfev": "7", "njev": "1", "status": "0", "success": "True", "message": "Optimization terminated successfully.", "x": "[3.77167883 1.8844525  1.76789018 0.30680082 3.36402196 4.28581762]", "nit": "0"}, "12": {"maxiter": 500, "gtol": 1e-10, "xrtol": 1e-05, "eps": 1e-05, "duration": 0.0494990348815918, "fun": "0.2590022683143616", "jac": "[0. 0. 0. 0. 0. 0.]", "hess_inv": "[[ 3.02744128  0.5691748  -0.28606065  1.33164137 -0.24307852 -1.07384244]\n [ 0.5691748   3.52907609 -2.42007889  2.31353806 -0.77233765 -0.05093491]\n [-0.28606065 -2.42007889  2.08521041 -1.75994467  0.26484166 -0.19979293]\n [ 1.33164137  2.31353806 -1.75994467  3.2195135  -0.46466898 -1.55703577]\n [-0.24307852 -0.77233765  0.26484166 -0.46466898  0.49429381  0.21361555]\n [-1.07384244 -0.05093491 -0.19979293 -1.55703577  0.21361555  1.7616179 ]]", "nfev": "266", "njev": "38", "status": "0", "success": "True", "message": "Optimization terminated successfully.", "x": "[ 5.12180712  2.59782771  2.8117515  -1.74869724  4.5862934   2.66994163]", "nit": "28"}, "13": {"maxiter": 500, "gtol": 1e-10, "xrtol": 1e-05, "eps": 1e-10, "duration": 0.0013277530670166016, "fun": "0.7491299510002136", "jac": "[0. 0. 0. 0. 0. 0.]", "hess_inv": "[[1 0 0 0 0 0]\n [0 1 0 0 0 0]\n [0 0 1 0 0 0]\n [0 0 0 1 0 0]\n [0 0 0 0 1 0]\n [0 0 0 0 0 1]]", "nfev": "7", "njev": "1", "status": "0", "success": "True", "message": "Optimization terminated successfully.", "x": "[3.77167883 1.8844525  1.76789018 0.30680082 3.36402196 4.28581762]", "nit": "0"}, "14": {"maxiter": 500, "gtol": 1e-10, "xrtol": 1e-10, "eps": 1e-05, "duration": 0.049494028091430664, "fun": "0.2590022683143616", "jac": "[0. 0. 0. 0. 0. 0.]", "hess_inv": "[[ 3.02744128  0.5691748  -0.28606065  1.33164137 -0.24307852 -1.07384244]\n [ 0.5691748   3.52907609 -2.42007889  2.31353806 -0.77233765 -0.05093491]\n [-0.28606065 -2.42007889  2.08521041 -1.75994467  0.26484166 -0.19979293]\n [ 1.33164137  2.31353806 -1.75994467  3.2195135  -0.46466898 -1.55703577]\n [-0.24307852 -0.77233765  0.26484166 -0.46466898  0.49429381  0.21361555]\n [-1.07384244 -0.05093491 -0.19979293 -1.55703577  0.21361555  1.7616179 ]]", "nfev": "266", "njev": "38", "status": "0", "success": "True", "message": "Optimization terminated successfully.", "x": "[ 5.12180712  2.59782771  2.8117515  -1.74869724  4.5862934   2.66994163]", "nit": "28"}, "15": {"maxiter": 500, "gtol": 1e-10, "xrtol": 1e-10, "eps": 1e-10, "duration": 0.0013241767883300781, "fun": "0.7491299510002136", "jac": "[0. 0. 0. 0. 0. 0.]", "hess_inv": "[[1 0 0 0 0 0]\n [0 1 0 0 0 0]\n [0 0 1 0 0 0]\n [0 0 0 1 0 0]\n [0 0 0 0 1 0]\n [0 0 0 0 0 1]]", "nfev": "7", "njev": "1", "status": "0", "success": "True", "message": "Optimization terminated successfully.", "x": "[3.77167883 1.8844525  1.76789018 0.30680082 3.36402196 4.28581762]", "nit": "0"}, "16": {"maxiter": 1000, "gtol": 1e-05, "xrtol": 1e-05, "eps": 1e-05, "duration": 0.04912519454956055, "fun": "0.2590022683143616", "jac": "[0. 0. 0. 0. 0. 0.]", "hess_inv": "[[ 3.02744128  0.5691748  -0.28606065  1.33164137 -0.24307852 -1.07384244]\n [ 0.5691748   3.52907609 -2.42007889  2.31353806 -0.77233765 -0.05093491]\n [-0.28606065 -2.42007889  2.08521041 -1.75994467  0.26484166 -0.19979293]\n [ 1.33164137  2.31353806 -1.75994467  3.2195135  -0.46466898 -1.55703577]\n [-0.24307852 -0.77233765  0.26484166 -0.46466898  0.49429381  0.21361555]\n [-1.07384244 -0.05093491 -0.19979293 -1.55703577  0.21361555  1.7616179 ]]", "nfev": "266", "njev": "38", "status": "0", "success": "True", "message": "Optimization terminated successfully.", "x": "[ 5.12180712  2.59782771  2.8117515  -1.74869724  4.5862934   2.66994163]", "nit": "28"}, "17": {"maxiter": 1000, "gtol": 1e-05, "xrtol": 1e-05, "eps": 1e-10, "duration": 0.0013089179992675781, "fun": "0.7491299510002136", "jac": "[0. 0. 0. 0. 0. 0.]", "hess_inv": "[[1 0 0 0 0 0]\n [0 1 0 0 0 0]\n [0 0 1 0 0 0]\n [0 0 0 1 0 0]\n [0 0 0 0 1 0]\n [0 0 0 0 0 1]]", "nfev": "7", "njev": "1", "status": "0", "success": "True", "message": "Optimization terminated successfully.", "x": "[3.77167883 1.8844525  1.76789018 0.30680082 3.36402196 4.28581762]", "nit": "0"}, "18": {"maxiter": 1000, "gtol": 1e-05, "xrtol": 1e-10, "eps": 1e-05, "duration": 0.04973196983337402, "fun": "0.2590022683143616", "jac": "[0. 0. 0. 0. 0. 0.]", "hess_inv": "[[ 3.02744128  0.5691748  -0.28606065  1.33164137 -0.24307852 -1.07384244]\n [ 0.5691748   3.52907609 -2.42007889  2.31353806 -0.77233765 -0.05093491]\n [-0.28606065 -2.42007889  2.08521041 -1.75994467  0.26484166 -0.19979293]\n [ 1.33164137  2.31353806 -1.75994467  3.2195135  -0.46466898 -1.55703577]\n [-0.24307852 -0.77233765  0.26484166 -0.46466898  0.49429381  0.21361555]\n [-1.07384244 -0.05093491 -0.19979293 -1.55703577  0.21361555  1.7616179 ]]", "nfev": "266", "njev": "38", "status": "0", "success": "True", "message": "Optimization terminated successfully.", "x": "[ 5.12180712  2.59782771  2.8117515  -1.74869724  4.5862934   2.66994163]", "nit": "28"}, "19": {"maxiter": 1000, "gtol": 1e-05, "xrtol": 1e-10, "eps": 1e-10, "duration": 0.0013370513916015625, "fun": "0.7491299510002136", "jac": "[0. 0. 0. 0. 0. 0.]", "hess_inv": "[[1 0 0 0 0 0]\n [0 1 0 0 0 0]\n [0 0 1 0 0 0]\n [0 0 0 1 0 0]\n [0 0 0 0 1 0]\n [0 0 0 0 0 1]]", "nfev": "7", "njev": "1", "status": "0", "success": "True", "message": "Optimization terminated successfully.", "x": "[3.77167883 1.8844525  1.76789018 0.30680082 3.36402196 4.28581762]", "nit": "0"}, "20": {"maxiter": 1000, "gtol": 1e-10, "xrtol": 1e-05, "eps": 1e-05, "duration": 0.05008888244628906, "fun": "0.2590022683143616", "jac": "[0. 0. 0. 0. 0. 0.]", "hess_inv": "[[ 3.02744128  0.5691748  -0.28606065  1.33164137 -0.24307852 -1.07384244]\n [ 0.5691748   3.52907609 -2.42007889  2.31353806 -0.77233765 -0.05093491]\n [-0.28606065 -2.42007889  2.08521041 -1.75994467  0.26484166 -0.19979293]\n [ 1.33164137  2.31353806 -1.75994467  3.2195135  -0.46466898 -1.55703577]\n [-0.24307852 -0.77233765  0.26484166 -0.46466898  0.49429381  0.21361555]\n [-1.07384244 -0.05093491 -0.19979293 -1.55703577  0.21361555  1.7616179 ]]", "nfev": "266", "njev": "38", "status": "0", "success": "True", "message": "Optimization terminated successfully.", "x": "[ 5.12180712  2.59782771  2.8117515  -1.74869724  4.5862934   2.66994163]", "nit": "28"}, "21": {"maxiter": 1000, "gtol": 1e-10, "xrtol": 1e-05, "eps": 1e-10, "duration": 0.001322031021118164, "fun": "0.7491299510002136", "jac": "[0. 0. 0. 0. 0. 0.]", "hess_inv": "[[1 0 0 0 0 0]\n [0 1 0 0 0 0]\n [0 0 1 0 0 0]\n [0 0 0 1 0 0]\n [0 0 0 0 1 0]\n [0 0 0 0 0 1]]", "nfev": "7", "njev": "1", "status": "0", "success": "True", "message": "Optimization terminated successfully.", "x": "[3.77167883 1.8844525  1.76789018 0.30680082 3.36402196 4.28581762]", "nit": "0"}, "22": {"maxiter": 1000, "gtol": 1e-10, "xrtol": 1e-10, "eps": 1e-05, "duration": 0.04982185363769531, "fun": "0.2590022683143616", "jac": "[0. 0. 0. 0. 0. 0.]", "hess_inv": "[[ 3.02744128  0.5691748  -0.28606065  1.33164137 -0.24307852 -1.07384244]\n [ 0.5691748   3.52907609 -2.42007889  2.31353806 -0.77233765 -0.05093491]\n [-0.28606065 -2.42007889  2.08521041 -1.75994467  0.26484166 -0.19979293]\n [ 1.33164137  2.31353806 -1.75994467  3.2195135  -0.46466898 -1.55703577]\n [-0.24307852 -0.77233765  0.26484166 -0.46466898  0.49429381  0.21361555]\n [-1.07384244 -0.05093491 -0.19979293 -1.55703577  0.21361555  1.7616179 ]]", "nfev": "266", "njev": "38", "status": "0", "success": "True", "message": "Optimization terminated successfully.", "x": "[ 5.12180712  2.59782771  2.8117515  -1.74869724  4.5862934   2.66994163]", "nit": "28"}, "23": {"maxiter": 1000, "gtol": 1e-10, "xrtol": 1e-10, "eps": 1e-10, "duration": 0.0013229846954345703, "fun": "0.7491299510002136", "jac": "[0. 0. 0. 0. 0. 0.]", "hess_inv": "[[1 0 0 0 0 0]\n [0 1 0 0 0 0]\n [0 0 1 0 0 0]\n [0 0 0 1 0 0]\n [0 0 0 0 1 0]\n [0 0 0 0 0 1]]", "nfev": "7", "njev": "1", "status": "0", "success": "True", "message": "Optimization terminated successfully.", "x": "[3.77167883 1.8844525  1.76789018 0.30680082 3.36402196 4.28581762]", "nit": "0"}}, "cobyla": {"0": {"maxiter": 100, "tol": 1e-05, "catol": 1e-05, "duration": 0.017989158630371094, "x": "[5.13736446 2.63362078 2.78571705 1.7360584  1.45953537 5.80148108]", "status": "2", "success": "False", "message": "Maximum number of function evaluations has been exceeded.", "nfev": "100", "fun": "0.25918030738830566", "maxcv": "0.0"}, "1": {"maxiter": 100, "tol": 1e-05, "catol": 1e-10, "duration": 0.017981290817260742, "x": "[5.13736446 2.63362078 2.78571705 1.7360584  1.45953537 5.80148108]", "status": "2", "success": "False", "message": "Maximum number of function evaluations has been exceeded.", "nfev": "100", "fun": "0.25918030738830566", "maxcv": "0.0"}, "2": {"maxiter": 100, "tol": 1e-10, "catol": 1e-05, "duration": 0.017924785614013672, "x": "[5.13736446 2.63362078 2.78571705 1.7360584  1.45953537 5.80148108]", "status": "2", "success": "False", "message": "Maximum number of function evaluations has been exceeded.", "nfev": "100", "fun": "0.25918030738830566", "maxcv": "0.0"}, "3": {"maxiter": 100, "tol": 1e-10, "catol": 1e-10, "duration": 0.01790618896484375, "x": "[5.13736446 2.63362078 2.78571705 1.7360584  1.45953537 5.80148108]", "status": "2", "success": "False", "message": "Maximum number of function evaluations has been exceeded.", "nfev": "100", "fun": "0.25918030738830566", "maxcv": "0.0"}, "4": {"maxiter": 500, "tol": 1e-05, "catol": 1e-05, "duration": 0.03520798683166504, "x": "[5.1220245  2.5823468  2.82392567 1.75491253 1.43400649 5.80859392]", "status": "1", "success": "True", "message": "Optimization terminated successfully.", "nfev": "198", "fun": "0.2589830458164215", "maxcv": "0.0"}, "5": {"maxiter": 500, "tol": 1e-05, "catol": 1e-10, "duration": 0.03531312942504883, "x": "[5.1220245  2.5823468  2.82392567 1.75491253 1.43400649 5.80859392]", "status": "1", "success": "True", "message": "Optimization terminated successfully.", "nfev": "198", "fun": "0.2589830458164215", "maxcv": "0.0"}, "6": {"maxiter": 500, "tol": 1e-10, "catol": 1e-05, "duration": 0.041834115982055664, "x": "[5.1220245  2.5823468  2.82392567 1.75491253 1.43400649 5.80859392]", "status": "1", "success": "True", "message": "Optimization terminated successfully.", "nfev": "233", "fun": "0.2589830458164215", "maxcv": "0.0"}, "7": {"maxiter": 500, "tol": 1e-10, "catol": 1e-10, "duration": 0.04194998741149902, "x": "[5.1220245  2.5823468  2.82392567 1.75491253 1.43400649 5.80859392]", "status": "1", "success": "True", "message": "Optimization terminated successfully.", "nfev": "233", "fun": "0.2589830458164215", "maxcv": "0.0"}, "8": {"maxiter": 1000, "tol": 1e-05, "catol": 1e-05, "duration": 0.035572052001953125, "x": "[5.1220245  2.5823468  2.82392567 1.75491253 1.43400649 5.80859392]", "status": "1", "success": "True", "message": "Optimization terminated successfully.", "nfev": "198", "fun": "0.2589830458164215", "maxcv": "0.0"}, "9": {"maxiter": 1000, "tol": 1e-05, "catol": 1e-10, "duration": 0.035726070404052734, "x": "[5.1220245  2.5823468  2.82392567 1.75491253 1.43400649 5.80859392]", "status": "1", "success": "True", "message": "Optimization terminated successfully.", "nfev": "198", "fun": "0.2589830458164215", "maxcv": "0.0"}, "10": {"maxiter": 1000, "tol": 1e-10, "catol": 1e-05, "duration": 0.04198312759399414, "x": "[5.1220245  2.5823468  2.82392567 1.75491253 1.43400649 5.80859392]", "status": "1", "success": "True", "message": "Optimization terminated successfully.", "nfev": "233", "fun": "0.2589830458164215", "maxcv": "0.0"}, "11": {"maxiter": 1000, "tol": 1e-10, "catol": 1e-10, "duration": 0.0419611930847168, "x": "[5.1220245  2.5823468  2.82392567 1.75491253 1.43400649 5.80859392]", "status": "1", "success": "True", "message": "Optimization terminated successfully.", "nfev": "233", "fun": "0.2589830458164215", "maxcv": "0.0"}}, "powell": {"0": {"maxiter": 100, "ftol": 1e-05, "xtol": 1e-05, "duration": 0.11976504325866699, "fun": "0.2589831054210663", "direc": "[[ 7.89937076e-02 -1.42204709e-01  2.83170568e-01  2.07781760e-01\n  -1.56629357e-01  4.97725706e-02]\n [ 0.00000000e+00  1.00000000e+00  0.00000000e+00  0.00000000e+00\n   0.00000000e+00  0.00000000e+00]\n [ 0.00000000e+00  0.00000000e+00  0.00000000e+00  0.00000000e+00\n   0.00000000e+00  1.00000000e+00]\n [ 0.00000000e+00  0.00000000e+00  0.00000000e+00  1.00000000e+00\n   0.00000000e+00  0.00000000e+00]\n [ 0.00000000e+00  0.00000000e+00  0.00000000e+00  0.00000000e+00\n   1.00000000e+00  0.00000000e+00]\n [-1.78977519e-02 -1.76978834e-02  8.25855415e-03 -8.33842488e-04\n  -5.05432162e-03  5.11102850e-03]]", "nit": "8", "nfev": "661", "status": "0", "success": "True", "message": "Optimization terminated successfully.", "x": "[5.12273991 2.58097582 2.82482996 1.75522647 1.43352465 5.8077543 ]"}, "1": {"maxiter": 100, "ftol": 1e-05, "xtol": 1e-10, "duration": 0.2882370948791504, "fun": "0.25898319482803345", "direc": "[[ 7.94189313e-02 -1.42354504e-01  2.83663789e-01  2.07571203e-01\n  -1.57125781e-01  4.96375071e-02]\n [ 0.00000000e+00  1.00000000e+00  0.00000000e+00  0.00000000e+00\n   0.00000000e+00  0.00000000e+00]\n [ 0.00000000e+00  0.00000000e+00  0.00000000e+00  0.00000000e+00\n   0.00000000e+00  1.00000000e+00]\n [ 0.00000000e+00  0.00000000e+00  0.00000000e+00  1.00000000e+00\n   0.00000000e+00  0.00000000e+00]\n [ 0.00000000e+00  0.00000000e+00  0.00000000e+00  0.00000000e+00\n   1.00000000e+00  0.00000000e+00]\n [-1.78122930e-02 -1.81997957e-02  8.55371364e-03 -4.40811393e-04\n  -5.20908107e-03  5.31549449e-03]]", "nit": "8", "nfev": "1587", "status": "0", "success": "True", "message": "Optimization terminated successfully.", "x": "[5.12309937 2.58052441 2.82553098 1.75564356 1.4332776  5.80772295]"}, "2": {"maxiter": 100, "ftol": 1e-10, "xtol": 1e-05, "duration": 0.15533685684204102, "fun": "0.2589830160140991", "direc": "[[ 7.89937076e-02 -1.42204709e-01  2.83170568e-01  2.07781760e-01\n  -1.56629357e-01  4.97725706e-02]\n [-1.78977519e-02 -1.76978834e-02  8.25855415e-03 -8.33842488e-04\n  -5.05432162e-03  5.11102850e-03]\n [ 0.00000000e+00  0.00000000e+00  0.00000000e+00  0.00000000e+00\n   0.00000000e+00  1.00000000e+00]\n [ 0.00000000e+00  0.00000000e+00  0.00000000e+00  1.00000000e+00\n   0.00000000e+00  0.00000000e+00]\n [ 0.00000000e+00  0.00000000e+00  0.00000000e+00  0.00000000e+00\n   1.00000000e+00  0.00000000e+00]\n [-4.12056234e-04  5.98467906e-04  2.61953703e-04  2.05654330e-04\n  -2.44978009e-04  3.71062779e-04]]", "nit": "9", "nfev": "856", "status": "0", "success": "True", "message": "Optimization terminated successfully.", "x": "[5.12215437 2.5817864  2.82519935 1.7555098  1.43304461 5.80827154]"}, "3": {"maxiter": 100, "ftol": 1e-10, "xtol": 1e-10, "duration": 0.4033780097961426, "fun": "0.2589830160140991", "direc": "[[ 7.94189313e-02 -1.42354504e-01  2.83663789e-01  2.07571203e-01\n  -1.57125781e-01  4.96375071e-02]\n [ 0.00000000e+00  1.00000000e+00  0.00000000e+00  0.00000000e+00\n   0.00000000e+00  0.00000000e+00]\n [ 0.00000000e+00  0.00000000e+00  0.00000000e+00  0.00000000e+00\n   0.00000000e+00  1.00000000e+00]\n [ 0.00000000e+00  0.00000000e+00  0.00000000e+00  1.00000000e+00\n   0.00000000e+00  0.00000000e+00]\n [ 0.00000000e+00  0.00000000e+00  0.00000000e+00  0.00000000e+00\n   1.00000000e+00  0.00000000e+00]\n [-1.78122930e-02 -1.81997957e-02  8.55371364e-03 -4.40811393e-04\n  -5.20908107e-03  5.31549449e-03]]", "nit": "11", "nfev": "2339", "status": "0", "success": "True", "message": "Optimization terminated successfully.", "x": "[5.12251429 2.581428   2.82480546 1.75543825 1.43309804 5.80766817]"}, "4": {"maxiter": 500, "ftol": 1e-05, "xtol": 1e-05, "duration": 0.11318087577819824, "fun": "0.2589831054210663", "direc": "[[ 7.89937076e-02 -1.42204709e-01  2.83170568e-01  2.07781760e-01\n  -1.56629357e-01  4.97725706e-02]\n [ 0.00000000e+00  1.00000000e+00  0.00000000e+00  0.00000000e+00\n   0.00000000e+00  0.00000000e+00]\n [ 0.00000000e+00  0.00000000e+00  0.00000000e+00  0.00000000e+00\n   0.00000000e+00  1.00000000e+00]\n [ 0.00000000e+00  0.00000000e+00  0.00000000e+00  1.00000000e+00\n   0.00000000e+00  0.00000000e+00]\n [ 0.00000000e+00  0.00000000e+00  0.00000000e+00  0.00000000e+00\n   1.00000000e+00  0.00000000e+00]\n [-1.78977519e-02 -1.76978834e-02  8.25855415e-03 -8.33842488e-04\n  -5.05432162e-03  5.11102850e-03]]", "nit": "8", "nfev": "661", "status": "0", "success": "True", "message": "Optimization terminated successfully.", "x": "[5.12273991 2.58097582 2.82482996 1.75522647 1.43352465 5.8077543 ]"}, "5": {"maxiter": 500, "ftol": 1e-05, "xtol": 1e-10, "duration": 0.2706146240234375, "fun": "0.25898319482803345", "direc": "[[ 7.94189313e-02 -1.42354504e-01  2.83663789e-01  2.07571203e-01\n  -1.57125781e-01  4.96375071e-02]\n [ 0.00000000e+00  1.00000000e+00  0.00000000e+00  0.00000000e+00\n   0.00000000e+00  0.00000000e+00]\n [ 0.00000000e+00  0.00000000e+00  0.00000000e+00  0.00000000e+00\n   0.00000000e+00  1.00000000e+00]\n [ 0.00000000e+00  0.00000000e+00  0.00000000e+00  1.00000000e+00\n   0.00000000e+00  0.00000000e+00]\n [ 0.00000000e+00  0.00000000e+00  0.00000000e+00  0.00000000e+00\n   1.00000000e+00  0.00000000e+00]\n [-1.78122930e-02 -1.81997957e-02  8.55371364e-03 -4.40811393e-04\n  -5.20908107e-03  5.31549449e-03]]", "nit": "8", "nfev": "1587", "status": "0", "success": "True", "message": "Optimization terminated successfully.", "x": "[5.12309937 2.58052441 2.82553098 1.75564356 1.4332776  5.80772295]"}, "6": {"maxiter": 500, "ftol": 1e-10, "xtol": 1e-05, "duration": 0.14641308784484863, "fun": "0.2589830160140991", "direc": "[[ 7.89937076e-02 -1.42204709e-01  2.83170568e-01  2.07781760e-01\n  -1.56629357e-01  4.97725706e-02]\n [-1.78977519e-02 -1.76978834e-02  8.25855415e-03 -8.33842488e-04\n  -5.05432162e-03  5.11102850e-03]\n [ 0.00000000e+00  0.00000000e+00  0.00000000e+00  0.00000000e+00\n   0.00000000e+00  1.00000000e+00]\n [ 0.00000000e+00  0.00000000e+00  0.00000000e+00 