{"conf_id": 30, "data_type": "random\n", "num_data_points": 2, "s_rank": 0, "unitary": "[[-0.45070455-0.02711853j,0.78437395-0.06613086j,0.06358678+0.19963393j,-0.07343613+0.35668523j],[-0.01890143-0.03813363j,0.32408202+0.25557629j,0.05872864-0.68979805j,0.55466693-0.20227297j],[-0.11215405+0.64023111j,-0.13344055+0.29565494j,-0.49012687-0.19046288j,-0.04241254+0.44046348j],[0.55771659+0.24656916j,0.31851997-0.05798805j,0.28761525-0.34294258j,-0.56718418+0.03616933j]]", "databatch_0": {"databatch": "[[[-0.10593666-0.17723121j,-0.29669621-0.10607942j,-0.21888379-0.04192092j,0.14931144-0.31538708j],[0.11996781-0.1402852j,0.00827368+0.32391837j,0.02672356-0.09787446j,0.06603538-0.02800184j],[0.242482-0.04415524j,0.17817783-0.05748749j,-0.29531801-0.00947368j,0.14908492-0.24848011j],[0.23789056-0.33558078j,-0.01522738+0.07792244j,0.25072452-0.01969918j,0.02792497+0.1598162j]],[[0.12106418+0.01478304j,0.15773165-0.42859052j,-0.00877621-0.21682976j,0.08973294+0.12590858j],[-0.03130416-0.04452231j,-0.12836399-0.05366584j,0.05716207-0.00535587j,0.00240225+0.0571994j],[-0.17821317+0.06211227j,0.1157934+0.0144499j,0.04029442-0.28422183j,0.32505084-0.05510499j],[-0.27528895+0.10569198j,-0.05586289+0.3874206j,-0.01331875-0.23626866j,0.33906898-0.15872028j]]]", "nelder_mead": {"0": {"maxiter": 100, "fatol": 1e-05, "xatol": 1e-05, "duration": 0.028583049774169922, "fun": "0.4638083875179291", "nit": "100", "nfev": "160", "status": "2", "success": "False", "message": "Maximum number of iterations has been exceeded.", "x": "[7.37110899 0.27221202 7.49504919 8.26593326 3.70870085 4.14681552]", "final_simplex": "(array([[7.37110899, 0.27221202, 7.49504919, 8.26593326, 3.70870085,\n        4.14681552],\n       [7.40530751, 0.26740121, 7.49475092, 8.28237714, 3.7267987 ,\n        4.11517498],\n       [7.46031346, 0.26115082, 7.49967505, 8.2623832 , 3.70671206,\n        4.16943248],\n       [7.45589334, 0.2658103 , 7.51590152, 8.21841041, 3.70619419,\n        4.15620986],\n       [7.38074682, 0.25689847, 7.48360212, 8.3474343 , 3.71821699,\n        4.1745654 ],\n       [7.40546811, 0.26527463, 7.44392716, 8.21206271, 3.78267387,\n        4.21178236],\n       [7.44992494, 0.26075582, 7.50498024, 8.27214777, 3.77159795,\n        4.09736486]]), array([0.46380839, 0.46429265, 0.46464071, 0.46474448, 0.46534783,\n       0.46546921, 0.46559492]))"}, "1": {"maxiter": 100, "fatol": 1e-05, "xatol": 1e-10, "duration": 0.028043031692504883, "fun": "0.4638083875179291", "nit": "100", "nfev": "160", "status": "2", "success": "False", "message": "Maximum number of iterations has been exceeded.", "x": "[7.37110899 0.27221202 7.49504919 8.26593326 3.70870085 4.14681552]", "final_simplex": "(array([[7.37110899, 0.27221202, 7.49504919, 8.26593326, 3.70870085,\n        4.14681552],\n       [7.40530751, 0.26740121, 7.49475092, 8.28237714, 3.7267987 ,\n        4.11517498],\n       [7.46031346, 0.26115082, 7.49967505, 8.2623832 , 3.70671206,\n        4.16943248],\n       [7.45589334, 0.2658103 , 7.51590152, 8.21841041, 3.70619419,\n        4.15620986],\n       [7.38074682, 0.25689847, 7.48360212, 8.3474343 , 3.71821699,\n        4.1745654 ],\n       [7.40546811, 0.26527463, 7.44392716, 8.21206271, 3.78267387,\n        4.21178236],\n       [7.44992494, 0.26075582, 7.50498024, 8.27214777, 3.77159795,\n        4.09736486]]), array([0.46380839, 0.46429265, 0.46464071, 0.46474448, 0.46534783,\n       0.46546921, 0.46559492]))"}, "2": {"maxiter": 100, "fatol": 1e-10, "xatol": 1e-05, "duration": 0.028033018112182617, "fun": "0.4638083875179291", "nit": "100", "nfev": "160", "status": "2", "success": "False", "message": "Maximum number of iterations has been exceeded.", "x": "[7.37110899 0.27221202 7.49504919 8.26593326 3.70870085 4.14681552]", "final_simplex": "(array([[7.37110899, 0.27221202, 7.49504919, 8.26593326, 3.70870085,\n        4.14681552],\n       [7.40530751, 0.26740121, 7.49475092, 8.28237714, 3.7267987 ,\n        4.11517498],\n       [7.46031346, 0.26115082, 7.49967505, 8.2623832 , 3.70671206,\n        4.16943248],\n       [7.45589334, 0.2658103 , 7.51590152, 8.21841041, 3.70619419,\n        4.15620986],\n       [7.38074682, 0.25689847, 7.48360212, 8.3474343 , 3.71821699,\n        4.1745654 ],\n       [7.40546811, 0.26527463, 7.44392716, 8.21206271, 3.78267387,\n        4.21178236],\n       [7.44992494, 0.26075582, 7.50498024, 8.27214777, 3.77159795,\n        4.09736486]]), array([0.46380839, 0.46429265, 0.46464071, 0.46474448, 0.46534783,\n       0.46546921, 0.46559492]))"}, "3": {"maxiter": 100, "fatol": 1e-10, "xatol": 1e-10, "duration": 0.02801990509033203, "fun": "0.4638083875179291", "nit": "100", "nfev": "160", "status": "2", "success": "False", "message": "Maximum number of iterations has been exceeded.", "x": "[7.37110899 0.27221202 7.49504919 8.26593326 3.70870085 4.14681552]", "final_simplex": "(array([[7.37110899, 0.27221202, 7.49504919, 8.26593326, 3.70870085,\n        4.14681552],\n       [7.40530751, 0.26740121, 7.49475092, 8.28237714, 3.7267987 ,\n        4.11517498],\n       [7.46031346, 0.26115082, 7.49967505, 8.2623832 , 3.70671206,\n        4.16943248],\n       [7.45589334, 0.2658103 , 7.51590152, 8.21841041, 3.70619419,\n        4.15620986],\n       [7.38074682, 0.25689847, 7.48360212, 8.3474343 , 3.71821699,\n        4.1745654 ],\n       [7.40546811, 0.26527463, 7.44392716, 8.21206271, 3.78267387,\n        4.21178236],\n       [7.44992494, 0.26075582, 7.50498024, 8.27214777, 3.77159795,\n        4.09736486]]), array([0.46380839, 0.46429265, 0.46464071, 0.46474448, 0.46534783,\n       0.46546921, 0.46559492]))"}, "4": {"maxiter": 500, "fatol": 1e-05, "xatol": 1e-05, "duration": 0.10065197944641113, "fun": "0.38564425706863403", "nit": "346", "nfev": "577", "status": "0", "success": "True", "message": "Optimization terminated successfully.", "x": "[7.64292628 1.05747118 7.1567964  8.35113866 4.06200969 4.36969107]", "final_simplex": "(array([[7.64292628, 1.05747118, 7.1567964 , 8.35113866, 4.06200969,\n        4.36969107],\n       [7.64292309, 1.05747282, 7.15678833, 8.35113748, 4.06200983,\n        4.36969959],\n       [7.64292599, 1.05747028, 7.15679868, 8.35114221, 4.06201023,\n        4.36969246],\n       [7.64292479, 1.05747203, 7.15678929, 8.3511395 , 4.06201269,\n        4.36969761],\n       [7.64292634, 1.05746829, 7.15679422, 8.35113593, 4.06201372,\n        4.36969794],\n       [7.64292664, 1.05747302, 7.15679575, 8.35113825, 4.06201471,\n        4.36969569],\n       [7.64292393, 1.05747018, 7.15679303, 8.35113938, 4.06201042,\n        4.36969615]]), array([0.38564426, 0.38564426, 0.38564426, 0.38564426, 0.38564426,\n       0.38564426, 0.38564426]))"}, "5": {"maxiter": 500, "fatol": 1e-05, "xatol": 1e-10, "duration": 0.1237187385559082, "fun": "0.38564425706863403", "nit": "363", "nfev": "713", "status": "0", "success": "True", "message": "Optimization terminated successfully.", "x": "[7.64292628 1.05747118 7.1567964  8.35113866 4.06200969 4.36969107]", "final_simplex": "(array([[7.64292628, 1.05747118, 7.1567964 , 8.35113866, 4.06200969,\n        4.36969107],\n       [7.64292628, 1.05747118, 7.1567964 , 8.35113866, 4.06200969,\n        4.36969107],\n       [7.64292628, 1.05747118, 7.1567964 , 8.35113866, 4.06200969,\n        4.36969107],\n       [7.64292628, 1.05747118, 7.1567964 , 8.35113866, 4.06200969,\n        4.36969107],\n       [7.64292628, 1.05747118, 7.1567964 , 8.35113866, 4.06200969,\n        4.36969107],\n       [7.64292628, 1.05747118, 7.1567964 , 8.35113866, 4.06200969,\n        4.36969107],\n       [7.64292628, 1.05747118, 7.1567964 , 8.35113866, 4.06200969,\n        4.36969107]]), array([0.38564426, 0.38564426, 0.38564426, 0.38564426, 0.38564426,\n       0.38564426, 0.38564426]))"}, "6": {"maxiter": 500, "fatol": 1e-10, "xatol": 1e-05, "duration": 0.10505986213684082, "fun": "0.38564425706863403", "nit": "346", "nfev": "577", "status": "0", "success": "True", "message": "Optimization terminated successfully.", "x": "[7.64292628 1.05747118 7.1567964  8.35113866 4.06200969 4.36969107]", "final_simplex": "(array([[7.64292628, 1.05747118, 7.1567964 , 8.35113866, 4.06200969,\n        4.36969107],\n       [7.64292309, 1.05747282, 7.15678833, 8.35113748, 4.06200983,\n        4.36969959],\n       [7.64292599, 1.05747028, 7.15679868, 8.35114221, 4.06201023,\n        4.36969246],\n       [7.64292479, 1.05747203, 7.15678929, 8.3511395 , 4.06201269,\n        4.36969761],\n       [7.64292634, 1.05746829, 7.15679422, 8.35113593, 4.06201372,\n        4.36969794],\n       [7.64292664, 1.05747302, 7.15679575, 8.35113825, 4.06201471,\n        4.36969569],\n       [7.64292393, 1.05747018, 7.15679303, 8.35113938, 4.06201042,\n        4.36969615]]), array([0.38564426, 0.38564426, 0.38564426, 0.38564426, 0.38564426,\n       0.38564426, 0.38564426]))"}, "7": {"maxiter": 500, "fatol": 1e-10, "xatol": 1e-10, "duration": 0.12828421592712402, "fun": "0.38564425706863403", "nit": "363", "nfev": "713", "status": "0", "success": "True", "message": "Optimization terminated successfully.", "x": "[7.64292628 1.05747118 7.1567964  8.35113866 4.06200969 4.36969107]", "final_simplex": "(array([[7.64292628, 1.05747118, 7.1567964 , 8.35113866, 4.06200969,\n        4.36969107],\n       [7.64292628, 1.05747118, 7.1567964 , 8.35113866, 4.06200969,\n        4.36969107],\n       [7.64292628, 1.05747118, 7.1567964 , 8.35113866, 4.06200969,\n        4.36969107],\n       [7.64292628, 1.05747118, 7.1567964 , 8.35113866, 4.06200969,\n        4.36969107],\n       [7.64292628, 1.05747118, 7.1567964 , 8.35113866, 4.06200969,\n        4.36969107],\n       [7.64292628, 1.05747118, 7.1567964 , 8.35113866, 4.06200969,\n        4.36969107],\n       [7.64292628, 1.05747118, 7.1567964 , 8.35113866, 4.06200969,\n        4.36969107]]), array([0.38564426, 0.38564426, 0.38564426, 0.38564426, 0.38564426,\n       0.38564426, 0.38564426]))"}, "8": {"maxiter": 1000, "fatol": 1e-05, "xatol": 1e-05, "duration": 0.10373306274414062, "fun": "0.38564425706863403", "nit": "346", "nfev": "577", "status": "0", "success": "True", "message": "Optimization terminated successfully.", "x": "[7.64292628 1.05747118 7.1567964  8.35113866 4.06200969 4.36969107]", "final_simplex": "(array([[7.64292628, 1.05747118, 7.1567964 , 8.35113866, 4.06200969,\n        4.36969107],\n       [7.64292309, 1.05747282, 7.15678833, 8.35113748, 4.06200983,\n        4.36969959],\n       [7.64292599, 1.05747028, 7.15679868, 8.35114221, 4.06201023,\n        4.36969246],\n       [7.64292479, 1.05747203, 7.15678929, 8.3511395 , 4.06201269,\n        4.36969761],\n       [7.64292634, 1.05746829, 7.15679422, 8.35113593, 4.06201372,\n        4.36969794],\n       [7.64292664, 1.05747302, 7.15679575, 8.35113825, 4.06201471,\n        4.36969569],\n       [7.64292393, 1.05747018, 7.15679303, 8.35113938, 4.06201042,\n        4.36969615]]), array([0.38564426, 0.38564426, 0.38564426, 0.38564426, 0.38564426,\n       0.38564426, 0.38564426]))"}, "9": {"maxiter": 1000, "fatol": 1e-05, "xatol": 1e-10, "duration": 0.1282508373260498, "fun": "0.38564425706863403", "nit": "363", "nfev": "713", "status": "0", "success": "True", "message": "Optimization terminated successfully.", "x": "[7.64292628 1.05747118 7.1567964  8.35113866 4.06200969 4.36969107]", "final_simplex": "(array([[7.64292628, 1.05747118, 7.1567964 , 8.35113866, 4.06200969,\n        4.36969107],\n       [7.64292628, 1.05747118, 7.1567964 , 8.35113866, 4.06200969,\n        4.36969107],\n       [7.64292628, 1.05747118, 7.1567964 , 8.35113866, 4.06200969,\n        4.36969107],\n       [7.64292628, 1.05747118, 7.1567964 , 8.35113866, 4.06200969,\n        4.36969107],\n       [7.64292628, 1.05747118, 7.1567964 , 8.35113866, 4.06200969,\n        4.36969107],\n       [7.64292628, 1.05747118, 7.1567964 , 8.35113866, 4.06200969,\n        4.36969107],\n       [7.64292628, 1.05747118, 7.1567964 , 8.35113866, 4.06200969,\n        4.36969107]]), array([0.38564426, 0.38564426, 0.38564426, 0.38564426, 0.38564426,\n       0.38564426, 0.38564426]))"}, "10": {"maxiter": 1000, "fatol": 1e-10, "xatol": 1e-05, "duration": 0.10401010513305664, "fun": "0.38564425706863403", "nit": "346", "nfev": "577", "status": "0", "success": "True", "message": "Optimization terminated successfully.", "x": "[7.64292628 1.05747118 7.1567964  8.35113866 4.06200969 4.36969107]", "final_simplex": "(array([[7.64292628, 1.05747118, 7.1567964 , 8.35113866, 4.06200969,\n        4.36969107],\n       [7.64292309, 1.05747282, 7.15678833, 8.35113748, 4.06200983,\n        4.36969959],\n       [7.64292599, 1.05747028, 7.15679868, 8.35114221, 4.06201023,\n        4.36969246],\n       [7.64292479, 1.05747203, 7.15678929, 8.3511395 , 4.06201269,\n        4.36969761],\n       [7.64292634, 1.05746829, 7.15679422, 8.35113593, 4.06201372,\n        4.36969794],\n       [7.64292664, 1.05747302, 7.15679575, 8.35113825, 4.06201471,\n        4.36969569],\n       [7.64292393, 1.05747018, 7.15679303, 8.35113938, 4.06201042,\n        4.36969615]]), array([0.38564426, 0.38564426, 0.38564426, 0.38564426, 0.38564426,\n       0.38564426, 0.38564426]))"}, "11": {"maxiter": 1000, "fatol": 1e-10, "xatol": 1e-10, "duration": 0.12743091583251953, "fun": "0.38564425706863403", "nit": "363", "nfev": "713", "status": "0", "success": "True", "message": "Optimization terminated successfully.", "x": "[7.64292628 1.05747118 7.1567964  8.35113866 4.06200969 4.36969107]", "final_simplex": "(array([[7.64292628, 1.05747118, 7.1567964 , 8.35113866, 4.06200969,\n        4.36969107],\n       [7.64292628, 1.05747118, 7.1567964 , 8.35113866, 4.06200969,\n        4.36969107],\n       [7.64292628, 1.05747118, 7.1567964 , 8.35113866, 4.06200969,\n        4.36969107],\n       [7.64292628, 1.05747118, 7.1567964 , 8.35113866, 4.06200969,\n        4.36969107],\n       [7.64292628, 1.05747118, 7.1567964 , 8.35113866, 4.06200969,\n        4.36969107],\n       [7.64292628, 1.05747118, 7.1567964 , 8.35113866, 4.06200969,\n        4.36969107],\n       [7.64292628, 1.05747118, 7.1567964 , 8.35113866, 4.06200969,\n        4.36969107]]), array([0.38564426, 0.38564426, 0.38564426, 0.38564426, 0.38564426,\n       0.38564426, 0.38564426]))"}}, "bfgs": {"0": {"maxiter": 100, "gtol": 1e-05, "xrtol": 1e-05, "eps": 1e-05, "duration": 0.0439150333404541, "fun": "0.38564664125442505", "jac": "[0. 0. 0. 0. 0. 0.]", "hess_inv": "[[ 4.7299148  -1.14706564 -2.54978213  0.23760569 -0.06288274 -0.6997869 ]\n [-1.14706564  1.97655911  0.04566931 -1.16607793  0.29455008  0.03733116]\n [-2.54978213  0.04566931  3.27890186 -0.21649885  0.33822448 -0.6049181 ]\n [ 0.23760569 -1.16607793 -0.21649885  2.0941361  -0.94507796  0.24856088]\n [-0.06288274  0.29455008  0.33822448 -0.94507796  1.09596985 -0.57026703]\n [-0.6997869   0.03733116 -0.6049181   0.24856088 -0.57026703  1.3756436 ]]", "nfev": "238", "njev": "34", "status": "0", "success": "True", "message": "Optimization terminated successfully.", "x": "[7.63999305 1.05899921 7.15953979 8.35452346 4.05984334 4.36679745]", "nit": "31"}, "1": {"maxiter": 100, "gtol": 1e-05, "xrtol": 1e-05, "eps": 1e-10, "duration": 0.0013010501861572266, "fun": "0.9530929327011108", "jac": "[0. 0. 0. 0. 0. 0.]", "hess_inv": "[[1 0 0 0 0 0]\n [0 1 0 0 0 0]\n [0 0 1 0 0 0]\n [0 0 0 1 0 0]\n [0 0 0 0 1 0]\n [0 0 0 0 0 1]]", "nfev": "7", "njev": "1", "status": "0", "success": "True", "message": "Optimization terminated successfully.", "x": "[5.80594364 0.54857362 4.6287012  5.97036009 5.41663273 5.13364511]", "nit": "0"}, "2": {"maxiter": 100, "gtol": 1e-05, "xrtol": 1e-10, "eps": 1e-05, "duration": 0.04375100135803223, "fun": "0.38564664125442505", "jac": "[0. 0. 0. 0. 0. 0.]", "hess_inv": "[[ 4.7299148  -1.14706564 -2.54978213  0.23760569 -0.06288274 -0.6997869 ]\n [-1.14706564  1.97655911  0.04566931 -1.16607793  0.29455008  0.03733116]\n [-2.54978213  0.04566931  3.27890186 -0.21649885  0.33822448 -0.6049181 ]\n [ 0.23760569 -1.16607793 -0.21649885  2.0941361  -0.94507796  0.24856088]\n [-0.06288274  0.29455008  0.33822448 -0.94507796  1.09596985 -0.57026703]\n [-0.6997869   0.03733116 -0.6049181   0.24856088 -0.57026703  1.3756436 ]]", "nfev": "238", "njev": "34", "status": "0", "success": "True", "message": "Optimization terminated successfully.", "x": "[7.63999305 1.05899921 7.15953979 8.35452346 4.05984334 4.36679745]", "nit": "31"}, "3": {"maxiter": 100, "gtol": 1e-05, "xrtol": 1e-10, "eps": 1e-10, "duration": 0.0013020038604736328, "fun": "0.9530929327011108", "jac": "[0. 0. 0. 0. 0. 0.]", "hess_inv": "[[1 0 0 0 0 0]\n [0 1 0 0 0 0]\n [0 0 1 0 0 0]\n [0 0 0 1 0 0]\n [0 0 0 0 1 0]\n [0 0 0 0 0 1]]", "nfev": "7", "njev": "1", "status": "0", "success": "True", "message": "Optimization terminated successfully.", "x": "[5.80594364 0.54857362 4.6287012  5.97036009 5.41663273 5.13364511]", "nit": "0"}, "4": {"maxiter": 100, "gtol": 1e-10, "xrtol": 1e-05, "eps": 1e-05, "duration": 0.04463911056518555, "fun": "0.38564664125442505", "jac": "[0. 0. 0. 0. 0. 0.]", "hess_inv": "[[ 4.7299148  -1.14706564 -2.54978213  0.23760569 -0.06288274 -0.6997869 ]\n [-1.14706564  1.97655911  0.04566931 -1.16607793  0.29455008  0.03733116]\n [-2.54978213  0.04566931  3.27890186 -0.21649885  0.33822448 -0.6049181 ]\n [ 0.23760569 -1.16607793 -0.21649885  2.0941361  -0.94507796  0.24856088]\n [-0.06288274  0.29455008  0.33822448 -0.94507796  1.09596985 -0.57026703]\n [-0.6997869   0.03733116 -0.6049181   0.24856088 -0.57026703  1.3756436 ]]", "nfev": "238", "njev": "34", "status": "0", "success": "True", "message": "Optimization terminated successfully.", "x": "[7.63999305 1.05899921 7.15953979 8.35452346 4.05984334 4.36679745]", "nit": "31"}, "5": {"maxiter": 100, "gtol": 1e-10, "xrtol": 1e-05, "eps": 1e-10, "duration": 0.0012958049774169922, "fun": "0.9530929327011108", "jac": "[0. 0. 0. 0. 0. 0.]", "hess_inv": "[[1 0 0 0 0 0]\n [0 1 0 0 0 0]\n [0 0 1 0 0 0]\n [0 0 0 1 0 0]\n [0 0 0 0 1 0]\n [0 0 0 0 0 1]]", "nfev": "7", "njev": "1", "status": "0", "success": "True", "message": "Optimization terminated successfully.", "x": "[5.80594364 0.54857362 4.6287012  5.97036009 5.41663273 5.13364511]", "nit": "0"}, "6": {"maxiter": 100, "gtol": 1e-10, "xrtol": 1e-10, "eps": 1e-05, "duration": 0.04403400421142578, "fun": "0.38564664125442505", "jac": "[0. 0. 0. 0. 0. 0.]", "hess_inv": "[[ 4.7299148  -1.14706564 -2.54978213  0.23760569 -0.06288274 -0.6997869 ]\n [-1.14706564  1.97655911  0.04566931 -1.16607793  0.29455008  0.03733116]\n [-2.54978213  0.04566931  3.27890186 -0.21649885  0.33822448 -0.6049181 ]\n [ 0.23760569 -1.16607793 -0.21649885  2.0941361  -0.94507796  0.24856088]\n [-0.06288274  0.29455008  0.33822448 -0.94507796  1.09596985 -0.57026703]\n [-0.6997869   0.03733116 -0.6049181   0.24856088 -0.57026703  1.3756436 ]]", "nfev": "238", "njev": "34", "status": "0", "success": "True", "message": "Optimization terminated successfully.", "x": "[7.63999305 1.05899921 7.15953979 8.35452346 4.05984334 4.36679745]", "nit": "31"}, "7": {"maxiter": 100, "gtol": 1e-10, "xrtol": 1e-10, "eps": 1e-10, "duration": 0.0013539791107177734, "fun": "0.9530929327011108", "jac": "[0. 0. 0. 0. 0. 0.]", "hess_inv": "[[1 0 0 0 0 0]\n [0 1 0 0 0 0]\n [0 0 1 0 0 0]\n [0 0 0 1 0 0]\n [0 0 0 0 1 0]\n [0 0 0 0 0 1]]", "nfev": "7", "njev": "1", "status": "0", "success": "True", "message": "Optimization terminated successfully.", "x": "[5.80594364 0.54857362 4.6287012  5.97036009 5.41663273 5.13364511]", "nit": "0"}, "8": {"maxiter": 500, "gtol": 1e-05, "xrtol": 1e-05, "eps": 1e-05, "duration": 0.04478096961975098, "fun": "0.38564664125442505", "jac": "[0. 0. 0. 0. 0. 0.]", "hess_inv": "[[ 4.7299148  -1.14706564 -2.54978213  0.23760569 -0.06288274 -0.6997869 ]\n [-1.14706564  1.97655911  0.04566931 -1.16607793  0.29455008  0.03733116]\n [-2.54978213  0.04566931  3.27890186 -0.21649885  0.33822448 -0.6049181 ]\n [ 0.23760569 -1.16607793 -0.21649885  2.0941361  -0.94507796  0.24856088]\n [-0.06288274  0.29455008  0.33822448 -0.94507796  1.09596985 -0.57026703]\n [-0.6997869   0.03733116 -0.6049181   0.24856088 -0.57026703  1.3756436 ]]", "nfev": "238", "njev": "34", "status": "0", "success": "True", "message": "Optimization terminated successfully.", "x": "[7.63999305 1.05899921 7.15953979 8.35452346 4.05984334 4.36679745]", "nit": "31"}, "9": {"maxiter": 500, "gtol": 1e-05, "xrtol": 1e-05, "eps": 1e-10, "duration": 0.001522064208984375, "fun": "0.9530929327011108", "jac": "[0. 0. 0. 0. 0. 0.]", "hess_inv": "[[1 0 0 0 0 0]\n [0 1 0 0 0 0]\n [0 0 1 0 0 0]\n [0 0 0 1 0 0]\n [0 0 0 0 1 0]\n [0 0 0 0 0 1]]", "nfev": "7", "njev": "1", "status": "0", "success": "True", "message": "Optimization terminated successfully.", "x": "[5.80594364 0.54857362 4.6287012  5.97036009 5.41663273 5.13364511]", "nit": "0"}, "10": {"maxiter": 500, "gtol": 1e-05, "xrtol": 1e-10, "eps": 1e-05, "duration": 0.04376816749572754, "fun": "0.38564664125442505", "jac": "[0. 0. 0. 0. 0. 0.]", "hess_inv": "[[ 4.7299148  -1.14706564 -2.54978213  0.23760569 -0.06288274 -0.6997869 ]\n [-1.14706564  1.97655911  0.04566931 -1.16607793  0.29455008  0.03733116]\n [-2.54978213  0.04566931  3.27890186 -0.21649885  0.33822448 -0.6049181 ]\n [ 0.23760569 -1.16607793 -0.21649885  2.0941361  -0.94507796  0.24856088]\n [-0.06288274  0.29455008  0.33822448 -0.94507796  1.09596985 -0.57026703]\n [-0.6997869   0.03733116 -0.6049181   0.24856088 -0.57026703  1.3756436 ]]", "nfev": "238", "njev": "34", "status": "0", "success": "True", "message": "Optimization terminated successfully.", "x": "[7.63999305 1.05899921 7.15953979 8.35452346 4.05984334 4.36679745]", "nit": "31"}, "11": {"maxiter": 500, "gtol": 1e-05, "xrtol": 1e-10, "eps": 1e-10, "duration": 0.0012979507446289062, "fun": "0.9530929327011108", "jac": "[0. 0. 0. 0. 0. 0.]", "hess_inv": "[[1 0 0 0 0 0]\n [0 1 0 0 0 0]\n [0 0 1 0 0 0]\n [0 0 0 1 0 0]\n [0 0 0 0 1 0]\n [0 0 0 0 0 1]]", "nfev": "7", "njev": "1", "status": "0", "success": "True", "message": "Optimization terminated successfully.", "x": "[5.80594364 0.54857362 4.6287012  5.97036009 5.41663273 5.13364511]", "nit": "0"}, "12": {"maxiter": 500, "gtol": 1e-10, "xrtol": 1e-05, "eps": 1e-05, "duration": 0.043554067611694336, "fun": "0.38564664125442505", "jac": "[0. 0. 0. 0. 0. 0.]", "hess_inv": "[[ 4.7299148  -1.14706564 -2.54978213  0.23760569 -0.06288274 -0.6997869 ]\n [-1.14706564  1.97655911  0.04566931 -1.16607793  0.29455008  0.03733116]\n [-2.54978213  0.04566931  3.27890186 -0.21649885  0.33822448 -0.6049181 ]\n [ 0.23760569 -1.16607793 -0.21649885  2.0941361  -0.94507796  0.24856088]\n [-0.06288274  0.29455008  0.33822448 -0.94507796  1.09596985 -0.57026703]\n [-0.6997869   0.03733116 -0.6049181   0.24856088 -0.57026703  1.3756436 ]]", "nfev": "238", "njev": "34", "status": "0", "success": "True", "message": "Optimization terminated successfully.", "x": "[7.63999305 1.05899921 7.15953979 8.35452346 4.05984334 4.36679745]", "nit": "31"}, "13": {"maxiter": 500, "gtol": 1e-10, "xrtol": 1e-05, "eps": 1e-10, "duration": 0.0013010501861572266, "fun": "0.9530929327011108", "jac": "[0. 0. 0. 0. 0. 0.]", "hess_inv": "[[1 0 0 0 0 0]\n [0 1 0 0 0 0]\n [0 0 1 0 0 0]\n [0 0 0 1 0 0]\n [0 0 0 0 1 0]\n [0 0 0 0 0 1]]", "nfev": "7", "njev": "1", "status": "0", "success": "True", "message": "Optimization terminated successfully.", "x": "[5.80594364 0.54857362 4.6287012  5.97036009 5.41663273 5.13364511]", "nit": "0"}, "14": {"maxiter": 500, "gtol": 1e-10, "xrtol": 1e-10, "eps": 1e-05, "duration": 0.0437159538269043, "fun": "0.38564664125442505", "jac": "[0. 0. 0. 0. 0. 0.]", "hess_inv": "[[ 4.7299148  -1.14706564 -2.54978213  0.23760569 -0.06288274 -0.6997869 ]\n [-1.14706564  1.97655911  0.04566931 -1.16607793  0.29455008  0.03733116]\n [-2.54978213  0.04566931  3.27890186 -0.21649885  0.33822448 -0.6049181 ]\n [ 0.23760569 -1.16607793 -0.21649885  2.0941361  -0.94507796  0.24856088]\n [-0.06288274  0.29455008  0.33822448 -0.94507796  1.09596985 -0.57026703]\n [-0.6997869   0.03733116 -0.6049181   0.24856088 -0.57026703  1.3756436 ]]", "nfev": "238", "njev": "34", "status": "0", "success": "True", "message": "Optimization terminated successfully.", "x": "[7.63999305 1.05899921 7.15953979 8.35452346 4.05984334 4.36679745]", "nit": "31"}, "15": {"maxiter": 500, "gtol": 1e-10, "xrtol": 1e-10, "eps": 1e-10, "duration": 0.0013120174407958984, "fun": "0.9530929327011108", "jac": "[0. 0. 0. 0. 0. 0.]", "hess_inv": "[[1 0 0 0 0 0]\n [0 1 0 0 0 0]\n [0 0 1 0 0 0]\n [0 0 0 1 0 0]\n [0 0 0 0 1 0]\n [0 0 0 0 0 1]]", "nfev": "7", "njev": "1", "status": "0", "success": "True", "message": "Optimization terminated successfully.", "x": "[5.80594364 0.54857362 4.6287012  5.97036009 5.41663273 5.13364511]", "nit": "0"}, "16": {"maxiter": 1000, "gtol": 1e-05, "xrtol": 1e-05, "eps": 1e-05, "duration": 0.04342913627624512, "fun": "0.38564664125442505", "jac": "[0. 0. 0. 0. 0. 0.]", "hess_inv": "[[ 4.7299148  -1.14706564 -2.54978213  0.23760569 -0.06288274 -0.6997869 ]\n [-1.14706564  1.97655911  0.04566931 -1.16607793  0.29455008  0.03733116]\n [-2.54978213  0.04566931  3.27890186 -0.21649885  0.33822448 -0.6049181 ]\n [ 0.23760569 -1.16607793 -0.21649885  2.0941361  -0.94507796  0.24856088]\n [-0.06288274  0.29455008  0.33822448 -0.94507796  1.09596985 -0.57026703]\n [-0.6997869   0.03733116 -0.6049181   0.24856088 -0.57026703  1.3756436 ]]", "nfev": "238", "njev": "34", "status": "0", "success": "True", "message": "Optimization terminated successfully.", "x": "[7.63999305 1.05899921 7.15953979 8.35452346 4.05984334 4.36679745]", "nit": "31"}, "17": {"maxiter": 1000, "gtol": 1e-05, "xrtol": 1e-05, "eps": 1e-10, "duration": 0.0012888908386230469, "fun": "0.9530929327011108", "jac": "[0. 0. 0. 0. 0. 0.]", "hess_inv": "[[1 0 0 0 0 0]\n [0 1 0 0 0 0]\n [0 0 1 0 0 0]\n [0 0 0 1 0 0]\n [0 0 0 0 1 0]\n [0 0 0 0 0 1]]", "nfev": "7", "njev": "1", "status": "0", "success": "True", "message": "Optimization terminated successfully.", "x": "[5.80594364 0.54857362 4.6287012  5.97036009 5.41663273 5.13364511]", "nit": "0"}, "18": {"maxiter": 1000, "gtol": 1e-05, "xrtol": 1e-10, "eps": 1e-05, "duration": 0.04359912872314453, "fun": "0.38564664125442505", "jac": "[0. 0. 0. 0. 0. 0.]", "hess_inv": "[[ 4.7299148  -1.14706564 -2.54978213  0.23760569 -0.06288274 -0.6997869 ]\n [-1.14706564  1.97655911  0.04566931 -1.16607793  0.29455008  0.03733116]\n [-2.54978213  0.04566931  3.27890186 -0.21649885  0.33822448 -0.6049181 ]\n [ 0.23760569 -1.16607793 -0.21649885  2.0941361  -0.94507796  0.24856088]\n [-0.06288274  0.29455008  0.33822448 -0.94507796  1.09596985 -0.57026703]\n [-0.6997869   0.03733116 -0.6049181   0.24856088 -0.57026703  1.3756436 ]]", "nfev": "238", "njev": "34", "status": "0", "success": "True", "message": "Optimization terminated successfully.", "x": "[7.63999305 1.05899921 7.15953979 8.35452346 4.05984334 4.36679745]", "nit": "31"}, "19": {"maxiter": 1000, "gtol": 1e-05, "xrtol": 1e-10, "eps": 1e-10, "duration": 0.0012969970703125, "fun": "0.9530929327011108", "jac": "[0. 0. 0. 0. 0. 0.]", "hess_inv": "[[1 0 0 0 0 0]\n [0 1 0 0 0 0]\n [0 0 1 0 0 0]\n [0 0 0 1 0 0]\n [0 0 0 0 1 0]\n [0 0 0 0 0 1]]", "nfev": "7", "njev": "1", "status": "0", "success": "True", "message": "Optimization terminated successfully.", "x": "[5.80594364 0.54857362 4.6287012  5.97036009 5.41663273 5.13364511]", "nit": "0"}, "20": {"maxiter": 1000, "gtol": 1e-10, "xrtol": 1e-05, "eps": 1e-05, "duration": 0.04325389862060547, "fun": "0.38564664125442505", "jac": "[0. 0. 0. 0. 0. 0.]", "hess_inv": "[[ 4.7299148  -1.14706564 -2.54978213  0.23760569 -0.06288274 -0.6997869 ]\n [-1.14706564  1.97655911  0.04566931 -1.16607793  0.29455008  0.03733116]\n [-2.54978213  0.04566931  3.27890186 -0.21649885  0.33822448 -0.6049181 ]\n [ 0.23760569 -1.16607793 -0.21649885  2.0941361  -0.94507796  0.24856088]\n [-0.06288274  0.29455008  0.33822448 -0.94507796  1.09596985 -0.57026703]\n [-0.6997869   0.03733116 -0.6049181   0.24856088 -0.57026703  1.3756436 ]]", "nfev": "238", "njev": "34", "status": "0", "success": "True", "message": "Optimization terminated successfully.", "x": "[7.63999305 1.05899921 7.15953979 8.35452346 4.05984334 4.36679745]", "nit": "31"}, "21": {"maxiter": 1000, "gtol": 1e-10, "xrtol": 1e-05, "eps": 1e-10, "duration": 0.0013210773468017578, "fun": "0.9530929327011108", "jac": "[0. 0. 0. 0. 0. 0.]", "hess_inv": "[[1 0 0 0 0 0]\n [0 1 0 0 0 0]\n [0 0 1 0 0 0]\n [0 0 0 1 0 0]\n [0 0 0 0 1 0]\n [0 0 0 0 0 1]]", "nfev": "7", "njev": "1", "status": "0", "success": "True", "message": "Optimization terminated successfully.", "x": "[5.80594364 0.54857362 4.6287012  5.97036009 5.41663273 5.13364511]", "nit": "0"}, "22": {"maxiter": 1000, "gtol": 1e-10, "xrtol": 1e-10, "eps": 1e-05, "duration": 0.04375195503234863, "fun": "0.38564664125442505", "jac": "[0. 0. 0. 0. 0. 0.]", "hess_inv": "[[ 4.7299148  -1.14706564 -2.54978213  0.23760569 -0.06288274 -0.6997869 ]\n [-1.14706564  1.97655911  0.04566931 -1.16607793  0.29455008  0.03733116]\n [-2.54978213  0.04566931  3.27890186 -0.21649885  0.33822448 -0.6049181 ]\n [ 0.23760569 -1.16607793 -0.21649885  2.0941361  -0.94507796  0.24856088]\n [-0.06288274  0.29455008  0.33822448 -0.94507796  1.09596985 -0.57026703]\n [-0.6997869   0.03733116 -0.6049181   0.24856088 -0.57026703  1.3756436 ]]", "nfev": "238", "njev": "34", "status": "0", "success": "True", "message": "Optimization terminated successfully.", "x": "[7.63999305 1.05899921 7.15953979 8.35452346 4.05984334 4.36679745]", "nit": "31"}, "23": {"maxiter": 1000, "gtol": 1e-10, "xrtol": 1e-10, "eps": 1e-10, "duration": 0.0013079643249511719, "fun": "0.9530929327011108", "jac": "[0. 0. 0. 0. 0. 0.]", "hess_inv": "[[1 0 0 0 0 0]\n [0 1 0 0 0 0]\n [0 0 1 0 0 0]\n [0 0 0 1 0 0]\n [0 0 0 0 1 0]\n [0 0 0 0 0 1]]", "nfev": "7", "njev": "1", "status": "0", "success": "True", "message": "Optimization terminated successfully.", "x": "[5.80594364 0.54857362 4.6287012  5.97036009 5.41663273 5.13364511]", "nit": "0"}}, "cobyla": {"0": {"maxiter": 100, "tol": 1e-05, "catol": 1e-05, "duration": 0.017607927322387695, "x": "[7.6419702  1.05732468 7.15706738 8.3513008  4.06164825 4.36990812]", "status": "2", "success": "False", "message": "Maximum number of function evaluations has been exceeded.", "nfev": "100", "fun": "0.38564425706863403", "maxcv": "0.0"}, "1": {"maxiter": 100, "tol": 1e-05, "catol": 1e-10, "duration": 0.017499208450317383, "x": "[7.6419702  1.05732468 7.15706738 8.3513008  4.06164825 4.36990812]", "status": "2", "success": "False", "message": "Maximum number of function evaluations has been exceeded.", "nfev": "100", "fun": "0.38564425706863403", "maxcv": "0.0"}, "2": {"maxiter": 100, "tol": 1e-10, "catol": 1e-05, "duration": 0.01753067970275879, "x": "[7.6419702  1.05732468 7.15706738 8.3513008  4.06164825 4.36990812]", "status": "2", "success": "False", "message": "Maximum number of function evaluations has been exceeded.", "nfev": "100", "fun": "0.38564425706863403", "maxcv": "0.0"}, "3": {"maxiter": 100, "tol": 1e-10, "catol": 1e-10, "duration": 0.017479896545410156, "x": "[7.6419702  1.05732468 7.15706738 8.3513008  4.06164825 4.36990812]", "status": "2", "success": "False", "message": "Maximum number of function evaluations has been exceeded.", "nfev": "100", "fun": "0.38564425706863403", "maxcv": "0.0"}, "4": {"maxiter": 500, "tol": 1e-05, "catol": 1e-05, "duration": 0.02075481414794922, "x": "[7.64197083 1.0573746  7.15679688 8.35127697 4.06203658 4.3698014 ]", "status": "1", "success": "True", "message": "Optimization terminated successfully.", "nfev": "119", "fun": "0.38564422726631165", "maxcv": "0.0"}, "5": {"maxiter": 500, "tol": 1e-05, "catol": 1e-10, "duration": 0.020827054977416992, "x": "[7.64197083 1.0573746  7.15679688 8.35127697 4.06203658 4.3698014 ]", "status": "1", "success": "True", "message": "Optimization terminated successfully.", "nfev": "119", "fun": "0.38564422726631165", "maxcv": "0.0"}, "6": {"maxiter": 500, "tol": 1e-10, "catol": 1e-05, "duration": 0.028051137924194336, "x": "[7.64197083 1.0573746  7.15679688 8.35127697 4.06203658 4.3698014 ]", "status": "1", "success": "True", "message": "Optimization terminated successfully.", "nfev": "152", "fun": "0.38564422726631165", "maxcv": "0.0"}, "7": {"maxiter": 500, "tol": 1e-10, "catol": 1e-10, "duration": 0.029048919677734375, "x": "[7.64197083 1.0573746  7.15679688 8.35127697 4.06203658 4.3698014 ]", "status": "1", "success": "True", "message": "Optimization terminated successfully.", "nfev": "152", "fun": "0.38564422726631165", "maxcv": "0.0"}, "8": {"maxiter": 1000, "tol": 1e-05, "catol": 1e-05, "duration": 0.02153325080871582, "x": "[7.64197083 1.0573746  7.15679688 8.35127697 4.06203658 4.3698014 ]", "status": "1", "success": "True", "message": "Optimization terminated successfully.", "nfev": "119", "fun": "0.38564422726631165", "maxcv": "0.0"}, "9": {"maxiter": 1000, "tol": 1e-05, "catol": 1e-10, "duration": 0.0220029354095459, "x": "[7.64197083 1.0573746  7.15679688 8.35127697 4.06203658 4.3698014 ]", "status": "1", "success": "True", "message": "Optimization terminated successfully.", "nfev": "119", "fun": "0.38564422726631165", "maxcv": "0.0"}, "10": {"maxiter": 1000, "tol": 1e-10, "catol": 1e-05, "duration": 0.028483867645263672, "x": "[7.64197083 1.0573746  7.15679688 8.35127697 4.06203658 4.3698014 ]", "status": "1", "success": "True", "message": "Optimization terminated successfully.", "nfev": "152", "fun": "0.38564422726631165", "maxcv": "0.0"}, "11": {"maxiter": 1000, "tol": 1e-10, "catol": 1e-10, "duration": 0.028046846389770508, "x": "[7.64197083 1.0573746  7.15679688 8.35127697 4.06203658 4.3698014 ]", "status": "1", "success": "True", "message": "Optimization terminated successfully.", "nfev": "152", "fun": "0.38564422726631165", "maxcv": "0.0"}}, "powell": {"0": {"maxiter": 100, "ftol": 1e-05, "xtol": 1e-05, "duration": 0.14525890350341797, "fun": "0.3856443464756012", "direc": "[[ 1.          0.          0.          0.          0.          0.        ]\n [ 0.0181873  -0.01527536  0.00520222 -0.00373839 -0.0151309  -0.03866167]\n [ 0.34974571 -0.72601254  0.99217507  0.46995941  0.38408529 -0.07346789]\n [ 0.          0.          0.          1.          0.          0.        ]\n [ 0.          0.          0.          0.          1.          0.        ]\n [-0.00479532  0.00665053  0.02446421  0.00709227 -0.00340302 -0.02135877]]", "nit": "9", "nfev": "783", "status": "0", "success": "True", "message": "Optimization terminated successfully.", "x": "[7.64286328 1.05751173 7.15746739 8.35072555 4.06267643 4.37036623]"}, "1": {"maxiter": 100, "ftol": 1e-05, "xtol": 1e-10, "duration": 0.33799314498901367, "fun": "0.38564425706863403", "direc": "[[ 1.          0.          0.          0.          0.          0.        ]\n [ 0.01743259 -0.01531864  0.00470551 -0.00351622 -0.01477262 -0.03753111]\n [ 0.34964435 -0.72261851  0.99345592  0.46718374  0.38631593 -0.07371264]\n [ 0.          0.          0.          1.          0.          0.        ]\n [ 0.          0.          0.          0.          1.          0.        ]\n [-0.004651    0.00636165  0.02414758  0.00807354 -0.00421577 -0.02272838]]", "nit": "9", "nfev": "1852", "status": "0", "success": "True", "message": "Optimization terminated successfully.", "x": "[7.64252564 1.05761053 7.1572982  8.35088576 4.06230483 4.37001891]"}, "2": {"maxiter": 100, "ftol": 1e-10, "xtol": 1e-05, "duration": 0.20638489723205566, "fun": "0.38564422726631165", "direc": "[[ 1.          0.          0.          0.          0.          0.        ]\n [ 0.0181873  -0.01527536  0.00520222 -0.00373839 -0.0151309  -0.03866167]\n [ 0.34974571 -0.72601254  0.99217507  0.46995941  0.38408529 -0.07346789]\n [ 0.          0.          0.          1.          0.          0.        ]\n [ 0.          0.          0.          0.          1.          0.        ]\n [-0.00479532  0.00665053  0.02446421  0.00709227 -0.00340302 -0.02135877]]", "nit": "11", "nfev": "1125", "status": "0", "success": "True", "message": "Optimization terminated successfully.", "x": "[7.64224461 1.05783428 7.15683081 8.35088485 4.06220693 4.36993524]"}, "3": {"maxiter": 100, "ftol": 1e-10, "xtol": 1e-10, "duration": 0.40093493461608887, "fun": "0.38564422726631165", "direc": "[[ 1.          0.          0.          0.          0.          0.        ]\n [ 0.01743259 -0.01531864  0.00470551 -0.00351622 -0.01477262 -0.03753111]\n [ 0.34964435 -0.72261851  0.99345592  0.46718374  0.38631593 -0.07371264]\n [ 0.          0.          0.          1.          0.          0.        ]\n [ 0.          0.          0.          0.          1.          0.        ]\n [-0.004651    0.00636165  0.02414758  0.00807354 -0.00421577 -0.02272838]]", "nit": "11", "nfev": "2338", "status": "0", "success": "True", "message": "Optimization terminated successfully.", "x": "[7.64225042 1.05773246 7.15696911 8.35069653 4.06208306 4.36981903]"}, "4": {"maxiter": 500, "ftol": 1e-05, "xtol": 1e-05, "duration": 0.13447117805480957, "fun": "0.3856443464756012", "direc": "[[ 1.          0.          0.          0.          0.          0.        ]\n [ 0.0181873  -0.01527536  0.00520222 -0.00373839 -0.0151309  -0.03866167]\n [ 0.34974571 -0.72601254  0.99217507  0.46995941  0.38408529 -0.07346789]\n [ 0.          0.          0.          1.          0.          0.        ]\n [ 0.          0.          0.          0.          1.          0.        ]\n [-0.00479532  0.00665053  0.02446421  0.00709227 -0.00340302 -0.02135877]]", "nit": "9", "nfev": "783", "status": "0", "success": "True", "message": "Optimization terminated successfully.", "x": "[7.64286328 1.05751173 7.15746739 8.35072555 4.06267643 4.37036623]"}, "5": {"maxiter": 500, "ftol": 1e-05, "xtol": 1e-10, "duration": 0.31639599800109863, "fun": "0.38564425706863403", "direc": "[[ 1.          0.          0.          0.          0.          0.        ]\n [ 0.01743259 -0.01531864  0.00470551 -0.00351622 -0.01477262 -0.03753111]\n [ 0.34964435 -0.72261851  0.99345592  0.46718374  0.38631593 -0.07371264]\n [ 0.          0.          0.          1.          0.          0.        ]\n [ 0.          0.          0.          0.          1.          0.        ]\n [-0.004651    0.00636165  0.02414758  0.00807354 -0.00421577 -0.02272838]]", "nit": "9", "nfev": "1852", "status": "0", "success": "True", "message": "Optimization terminated successfully.", "x": "[7.64252564 1.05761053 7.1572982  8.35088576 4.06230483 4.37001891]"}, "6": {"maxiter": 500, "ftol": 1e-10, "xtol": 1e-05, "duration": 0.19398999214172363, "fun": "0.38564422726631165", "direc": "[[ 1.          0.          0.          0.          0.          0.        ]\n [ 0.0181873  -0.01527536  0.00520222 -0.00373839 -0.0151309  -0.03866167]\n [ 0.34974571 -0.72601254  0.99217507  0.46995941  0.38408529 -0.07346789]\n [ 0.          0.          0.          1.          0.          0.        ]\n [ 0.          0.          0.          0.          1.          0.        ]\n [-0.00479532  0.00665053  0.02446421  0.00709227 -0.00340302 -0.02135877]]", "nit": "11", "nfev": "1125", "status": "0", "success": "True", "message": "Optimization terminated successfully.", "x": "[7.64224461 1.05783428 7.15683081 8.35088485 4.06220693 4.36993524]"}, "7": {"maxiter": 500, "ftol": 1e-10, "xtol": 1e-10, "duration": 0.4054851531982422, "fun": "0.38564422726631165", "direc": "[[ 1.          0.          0.          0.          0.          0.        ]\n [ 0.01743259 -0.01531864  0.00470551 -0.00351622 -0.01477262 -0.03753111]\n [ 0.34964435 -0.72261851  0.99345592  0.46718374  0.38631593 -0.07371264]\n [ 0.          0.          0.          1.          0.          0.        ]\n [ 0.          0.          0.          0.          1.          0.        ]\n [-0.004651    0.00636165  0.02414758  0.00807354 -0.00421577 -0.02272838]]", "nit": "11", "nfev": "2338", "status": "0", "success": "True", "message": "Optimization terminated successfully.", "x": "[7.64225042 1.05773246 7.15696911 8.35069653 4.06208306 4.36981903]"}, "8": {"maxiter": 1000, "ftol": 1e-05, "xtol": 1e-05, "duration": 0.13640689849853516