{"conf_id": 20, "data_type": "random\n", "num_data_points": 2, "s_rank": 0, "unitary": "[[-0.45070455-0.02711853j,0.78437395-0.06613086j,0.06358678+0.19963393j,-0.07343613+0.35668523j],[-0.01890143-0.03813363j,0.32408202+0.25557629j,0.05872864-0.68979805j,0.55466693-0.20227297j],[-0.11215405+0.64023111j,-0.13344055+0.29565494j,-0.49012687-0.19046288j,-0.04241254+0.44046348j],[0.55771659+0.24656916j,0.31851997-0.05798805j,0.28761525-0.34294258j,-0.56718418+0.03616933j]]", "databatch_0": {"databatch": "[[[-0.16811901+0.02966382j,-0.23212775+0.03896928j,0.33948159-0.26018506j,0.27352776+0.11940141j],[0.13654387+0.06964903j,0.18745551+0.09759219j,-0.38402731+0.00291695j,-0.13149012-0.23349513j],[0.00749575+0.14486588j,0.00867267+0.19981412j,-0.18403637-0.31339845j,0.12919548-0.21822286j],[-0.01663666+0.08818888j,-0.02394878+0.1213961j,-0.06490405-0.21527852j,0.10952331-0.11234176j]],[[0.17418489+0.23751354j,-0.0107776+0.07026464j,0.20393147-0.09873665j,-0.02147044+0.20487301j],[-0.02250134+0.4189999j,-0.07531725+0.0676982j,0.31387277+0.07532193j,-0.20863593+0.20637742j],[-0.27289121+0.14321977j,-0.07102251-0.02209927j,0.070387+0.22638885j,-0.20863373-0.05413616j],[-0.08635279-0.31971584j,0.03979591-0.06931625j,-0.2539028+0.02084804j,0.10559531-0.20614435j]]]", "nelder_mead": {"0": {"maxiter": 100, "fatol": 1e-05, "xatol": 1e-05, "duration": 0.027186870574951172, "fun": "0.35858646035194397", "nit": "100", "nfev": "153", "status": "2", "success": "False", "message": "Maximum number of iterations has been exceeded.", "x": "[3.77277406 0.54328035 4.33004382 1.64972648 3.13558678 3.97028796]", "final_simplex": "(array([[3.77277406, 0.54328035, 4.33004382, 1.64972648, 3.13558678,\n        3.97028796],\n       [3.74146353, 0.59414826, 4.39800348, 1.61422652, 3.14022616,\n        3.91968188],\n       [3.77508706, 0.6037294 , 4.34247607, 1.61504275, 3.12407409,\n        3.9338883 ],\n       [3.78705875, 0.62670975, 4.40488935, 1.58006957, 3.08795501,\n        3.95770346],\n       [3.83561773, 0.48627701, 4.25791652, 1.71898447, 3.16546383,\n        4.01733198],\n       [3.7625746 , 0.62936323, 4.404243  , 1.61010103, 3.06117302,\n        3.88642759],\n       [3.74094442, 0.58836716, 4.34938479, 1.63667185, 3.13745615,\n        3.99500975]]), array([0.35858646, 0.35863763, 0.35909727, 0.35927716, 0.35929415,\n       0.35932383, 0.35936767]))"}, "1": {"maxiter": 100, "fatol": 1e-05, "xatol": 1e-10, "duration": 0.02694869041442871, "fun": "0.35858646035194397", "nit": "100", "nfev": "153", "status": "2", "success": "False", "message": "Maximum number of iterations has been exceeded.", "x": "[3.77277406 0.54328035 4.33004382 1.64972648 3.13558678 3.97028796]", "final_simplex": "(array([[3.77277406, 0.54328035, 4.33004382, 1.64972648, 3.13558678,\n        3.97028796],\n       [3.74146353, 0.59414826, 4.39800348, 1.61422652, 3.14022616,\n        3.91968188],\n       [3.77508706, 0.6037294 , 4.34247607, 1.61504275, 3.12407409,\n        3.9338883 ],\n       [3.78705875, 0.62670975, 4.40488935, 1.58006957, 3.08795501,\n        3.95770346],\n       [3.83561773, 0.48627701, 4.25791652, 1.71898447, 3.16546383,\n        4.01733198],\n       [3.7625746 , 0.62936323, 4.404243  , 1.61010103, 3.06117302,\n        3.88642759],\n       [3.74094442, 0.58836716, 4.34938479, 1.63667185, 3.13745615,\n        3.99500975]]), array([0.35858646, 0.35863763, 0.35909727, 0.35927716, 0.35929415,\n       0.35932383, 0.35936767]))"}, "2": {"maxiter": 100, "fatol": 1e-10, "xatol": 1e-05, "duration": 0.026890039443969727, "fun": "0.35858646035194397", "nit": "100", "nfev": "153", "status": "2", "success": "False", "message": "Maximum number of iterations has been exceeded.", "x": "[3.77277406 0.54328035 4.33004382 1.64972648 3.13558678 3.97028796]", "final_simplex": "(array([[3.77277406, 0.54328035, 4.33004382, 1.64972648, 3.13558678,\n        3.97028796],\n       [3.74146353, 0.59414826, 4.39800348, 1.61422652, 3.14022616,\n        3.91968188],\n       [3.77508706, 0.6037294 , 4.34247607, 1.61504275, 3.12407409,\n        3.9338883 ],\n       [3.78705875, 0.62670975, 4.40488935, 1.58006957, 3.08795501,\n        3.95770346],\n       [3.83561773, 0.48627701, 4.25791652, 1.71898447, 3.16546383,\n        4.01733198],\n       [3.7625746 , 0.62936323, 4.404243  , 1.61010103, 3.06117302,\n        3.88642759],\n       [3.74094442, 0.58836716, 4.34938479, 1.63667185, 3.13745615,\n        3.99500975]]), array([0.35858646, 0.35863763, 0.35909727, 0.35927716, 0.35929415,\n       0.35932383, 0.35936767]))"}, "3": {"maxiter": 100, "fatol": 1e-10, "xatol": 1e-10, "duration": 0.02689814567565918, "fun": "0.35858646035194397", "nit": "100", "nfev": "153", "status": "2", "success": "False", "message": "Maximum number of iterations has been exceeded.", "x": "[3.77277406 0.54328035 4.33004382 1.64972648 3.13558678 3.97028796]", "final_simplex": "(array([[3.77277406, 0.54328035, 4.33004382, 1.64972648, 3.13558678,\n        3.97028796],\n       [3.74146353, 0.59414826, 4.39800348, 1.61422652, 3.14022616,\n        3.91968188],\n       [3.77508706, 0.6037294 , 4.34247607, 1.61504275, 3.12407409,\n        3.9338883 ],\n       [3.78705875, 0.62670975, 4.40488935, 1.58006957, 3.08795501,\n        3.95770346],\n       [3.83561773, 0.48627701, 4.25791652, 1.71898447, 3.16546383,\n        4.01733198],\n       [3.7625746 , 0.62936323, 4.404243  , 1.61010103, 3.06117302,\n        3.88642759],\n       [3.74094442, 0.58836716, 4.34938479, 1.63667185, 3.13745615,\n        3.99500975]]), array([0.35858646, 0.35863763, 0.35909727, 0.35927716, 0.35929415,\n       0.35932383, 0.35936767]))"}, "4": {"maxiter": 500, "fatol": 1e-05, "xatol": 1e-05, "duration": 0.1365499496459961, "fun": "0.17132574319839478", "nit": "500", "nfev": "779", "status": "2", "success": "False", "message": "Maximum number of iterations has been exceeded.", "x": "[4.76224809 4.10290725 4.36781936 2.15006655 3.18492544 5.40782702]", "final_simplex": "(array([[4.76224809, 4.10290725, 4.36781936, 2.15006655, 3.18492544,\n        5.40782702],\n       [4.76463632, 4.10725156, 4.3687355 , 2.15499236, 3.18672991,\n        5.41898811],\n       [4.76184486, 4.10079219, 4.36619649, 2.15131554, 3.18556737,\n        5.41511723],\n       [4.76424572, 4.10431489, 4.37117647, 2.14795946, 3.1834101 ,\n        5.4137146 ],\n       [4.7631755 , 4.09656945, 4.36976782, 2.15190231, 3.18512385,\n        5.41026768],\n       [4.75642082, 4.10512383, 4.36715356, 2.15351323, 3.19124848,\n        5.41381408],\n       [4.76737823, 4.09806784, 4.36463758, 2.15003833, 3.17949473,\n        5.40792373]]), array([0.17132574, 0.1713268 , 0.17132764, 0.17132793, 0.17133076,\n       0.17133655, 0.17133658]))"}, "5": {"maxiter": 500, "fatol": 1e-05, "xatol": 1e-10, "duration": 0.13623785972595215, "fun": "0.17132574319839478", "nit": "500", "nfev": "779", "status": "2", "success": "False", "message": "Maximum number of iterations has been exceeded.", "x": "[4.76224809 4.10290725 4.36781936 2.15006655 3.18492544 5.40782702]", "final_simplex": "(array([[4.76224809, 4.10290725, 4.36781936, 2.15006655, 3.18492544,\n        5.40782702],\n       [4.76463632, 4.10725156, 4.3687355 , 2.15499236, 3.18672991,\n        5.41898811],\n       [4.76184486, 4.10079219, 4.36619649, 2.15131554, 3.18556737,\n        5.41511723],\n       [4.76424572, 4.10431489, 4.37117647, 2.14795946, 3.1834101 ,\n        5.4137146 ],\n       [4.7631755 , 4.09656945, 4.36976782, 2.15190231, 3.18512385,\n        5.41026768],\n       [4.75642082, 4.10512383, 4.36715356, 2.15351323, 3.19124848,\n        5.41381408],\n       [4.76737823, 4.09806784, 4.36463758, 2.15003833, 3.17949473,\n        5.40792373]]), array([0.17132574, 0.1713268 , 0.17132764, 0.17132793, 0.17133076,\n       0.17133655, 0.17133658]))"}, "6": {"maxiter": 500, "fatol": 1e-10, "xatol": 1e-05, "duration": 0.1363201141357422, "fun": "0.17132574319839478", "nit": "500", "nfev": "779", "status": "2", "success": "False", "message": "Maximum number of iterations has been exceeded.", "x": "[4.76224809 4.10290725 4.36781936 2.15006655 3.18492544 5.40782702]", "final_simplex": "(array([[4.76224809, 4.10290725, 4.36781936, 2.15006655, 3.18492544,\n        5.40782702],\n       [4.76463632, 4.10725156, 4.3687355 , 2.15499236, 3.18672991,\n        5.41898811],\n       [4.76184486, 4.10079219, 4.36619649, 2.15131554, 3.18556737,\n        5.41511723],\n       [4.76424572, 4.10431489, 4.37117647, 2.14795946, 3.1834101 ,\n        5.4137146 ],\n       [4.7631755 , 4.09656945, 4.36976782, 2.15190231, 3.18512385,\n        5.41026768],\n       [4.75642082, 4.10512383, 4.36715356, 2.15351323, 3.19124848,\n        5.41381408],\n       [4.76737823, 4.09806784, 4.36463758, 2.15003833, 3.17949473,\n        5.40792373]]), array([0.17132574, 0.1713268 , 0.17132764, 0.17132793, 0.17133076,\n       0.17133655, 0.17133658]))"}, "7": {"maxiter": 500, "fatol": 1e-10, "xatol": 1e-10, "duration": 0.13615012168884277, "fun": "0.17132574319839478", "nit": "500", "nfev": "779", "status": "2", "success": "False", "message": "Maximum number of iterations has been exceeded.", "x": "[4.76224809 4.10290725 4.36781936 2.15006655 3.18492544 5.40782702]", "final_simplex": "(array([[4.76224809, 4.10290725, 4.36781936, 2.15006655, 3.18492544,\n        5.40782702],\n       [4.76463632, 4.10725156, 4.3687355 , 2.15499236, 3.18672991,\n        5.41898811],\n       [4.76184486, 4.10079219, 4.36619649, 2.15131554, 3.18556737,\n        5.41511723],\n       [4.76424572, 4.10431489, 4.37117647, 2.14795946, 3.1834101 ,\n        5.4137146 ],\n       [4.7631755 , 4.09656945, 4.36976782, 2.15190231, 3.18512385,\n        5.41026768],\n       [4.75642082, 4.10512383, 4.36715356, 2.15351323, 3.19124848,\n        5.41381408],\n       [4.76737823, 4.09806784, 4.36463758, 2.15003833, 3.17949473,\n        5.40792373]]), array([0.17132574, 0.1713268 , 0.17132764, 0.17132793, 0.17133076,\n       0.17133655, 0.17133658]))"}, "8": {"maxiter": 1000, "fatol": 1e-05, "xatol": 1e-05, "duration": 0.21391582489013672, "fun": "0.16795118153095245", "nit": "764", "nfev": "1224", "status": "0", "success": "True", "message": "Optimization terminated successfully.", "x": "[4.87593257 4.20307598 4.27507546 2.02016223 3.43231565 5.57958374]", "final_simplex": "(array([[4.87593257, 4.20307598, 4.27507546, 2.02016223, 3.43231565,\n        5.57958374],\n       [4.87593445, 4.2030778 , 4.2750747 , 2.02016072, 3.43231713,\n        5.57958266],\n       [4.87593391, 4.20307849, 4.27507274, 2.02015895, 3.43231594,\n        5.57958423],\n       [4.87593481, 4.20307708, 4.27507044, 2.02015838, 3.43231619,\n        5.57958064],\n       [4.87593901, 4.20307682, 4.27507274, 2.02015659, 3.43232069,\n        5.57958376],\n       [4.87593328, 4.2030703 , 4.27507452, 2.02015761, 3.43232233,\n        5.57958614],\n       [4.8759297 , 4.20307637, 4.27507316, 2.0201617 , 3.43232201,\n        5.57958643]]), array([0.16795118, 0.16795118, 0.16795118, 0.16795118, 0.16795118,\n       0.16795118, 0.16795118]))"}, "9": {"maxiter": 1000, "fatol": 1e-05, "xatol": 1e-10, "duration": 0.2418830394744873, "fun": "0.16795118153095245", "nit": "781", "nfev": "1360", "status": "0", "success": "True", "message": "Optimization terminated successfully.", "x": "[4.87593257 4.20307598 4.27507546 2.02016223 3.43231565 5.57958374]", "final_simplex": "(array([[4.87593257, 4.20307598, 4.27507546, 2.02016223, 3.43231565,\n        5.57958374],\n       [4.87593257, 4.20307598, 4.27507546, 2.02016223, 3.43231565,\n        5.57958374],\n       [4.87593257, 4.20307598, 4.27507546, 2.02016223, 3.43231565,\n        5.57958374],\n       [4.87593257, 4.20307598, 4.27507546, 2.02016223, 3.43231565,\n        5.57958374],\n       [4.87593257, 4.20307598, 4.27507546, 2.02016223, 3.43231565,\n        5.57958374],\n       [4.87593257, 4.20307598, 4.27507546, 2.02016223, 3.43231565,\n        5.57958374],\n       [4.87593257, 4.20307598, 4.27507546, 2.02016223, 3.43231565,\n        5.57958374]]), array([0.16795118, 0.16795118, 0.16795118, 0.16795118, 0.16795118,\n       0.16795118, 0.16795118]))"}, "10": {"maxiter": 1000, "fatol": 1e-10, "xatol": 1e-05, "duration": 0.22011303901672363, "fun": "0.16795118153095245", "nit": "764", "nfev": "1224", "status": "0", "success": "True", "message": "Optimization terminated successfully.", "x": "[4.87593257 4.20307598 4.27507546 2.02016223 3.43231565 5.57958374]", "final_simplex": "(array([[4.87593257, 4.20307598, 4.27507546, 2.02016223, 3.43231565,\n        5.57958374],\n       [4.87593445, 4.2030778 , 4.2750747 , 2.02016072, 3.43231713,\n        5.57958266],\n       [4.87593391, 4.20307849, 4.27507274, 2.02015895, 3.43231594,\n        5.57958423],\n       [4.87593481, 4.20307708, 4.27507044, 2.02015838, 3.43231619,\n        5.57958064],\n       [4.87593901, 4.20307682, 4.27507274, 2.02015659, 3.43232069,\n        5.57958376],\n       [4.87593328, 4.2030703 , 4.27507452, 2.02015761, 3.43232233,\n        5.57958614],\n       [4.8759297 , 4.20307637, 4.27507316, 2.0201617 , 3.43232201,\n        5.57958643]]), array([0.16795118, 0.16795118, 0.16795118, 0.16795118, 0.16795118,\n       0.16795118, 0.16795118]))"}, "11": {"maxiter": 1000, "fatol": 1e-10, "xatol": 1e-10, "duration": 0.2438359260559082, "fun": "0.16795118153095245", "nit": "781", "nfev": "1360", "status": "0", "success": "True", "message": "Optimization terminated successfully.", "x": "[4.87593257 4.20307598 4.27507546 2.02016223 3.43231565 5.57958374]", "final_simplex": "(array([[4.87593257, 4.20307598, 4.27507546, 2.02016223, 3.43231565,\n        5.57958374],\n       [4.87593257, 4.20307598, 4.27507546, 2.02016223, 3.43231565,\n        5.57958374],\n       [4.87593257, 4.20307598, 4.27507546, 2.02016223, 3.43231565,\n        5.57958374],\n       [4.87593257, 4.20307598, 4.27507546, 2.02016223, 3.43231565,\n        5.57958374],\n       [4.87593257, 4.20307598, 4.27507546, 2.02016223, 3.43231565,\n        5.57958374],\n       [4.87593257, 4.20307598, 4.27507546, 2.02016223, 3.43231565,\n        5.57958374],\n       [4.87593257, 4.20307598, 4.27507546, 2.02016223, 3.43231565,\n        5.57958374]]), array([0.16795118, 0.16795118, 0.16795118, 0.16795118, 0.16795118,\n       0.16795118, 0.16795118]))"}}, "bfgs": {"0": {"maxiter": 100, "gtol": 1e-05, "xrtol": 1e-05, "eps": 1e-05, "duration": 0.037817955017089844, "fun": "0.3581095039844513", "jac": "[0. 0. 0. 0. 0. 0.]", "hess_inv": "[[  2.07748857   7.80708639  -4.11435869   0.30990734  -7.33100155\n    1.2876151 ]\n [  7.80708639  51.21065768 -26.28365245   2.61453701 -47.31148335\n   12.14786707]\n [ -4.11435869 -26.28365245  14.47971228  -1.77074602  24.31912729\n   -6.72906178]\n [  0.30990734   2.61453701  -1.77074602   1.77604112  -2.53640091\n   -0.37071912]\n [ -7.33100155 -47.31148335  24.31912729  -2.53640091  44.10138477\n  -11.41290797]\n [  1.2876151   12.14786707  -6.72906178  -0.37071912 -11.41290797\n    5.13784754]]", "nfev": "203", "njev": "29", "status": "0", "success": "True", "message": "Optimization terminated successfully.", "x": "[3.80199539 0.56557692 4.38629812 1.66281684 3.18425187 3.96700935]", "nit": "24"}, "1": {"maxiter": 100, "gtol": 1e-05, "xrtol": 1e-05, "eps": 1e-10, "duration": 0.0013208389282226562, "fun": "0.5577738881111145", "jac": "[0. 0. 0. 0. 0. 0.]", "hess_inv": "[[1 0 0 0 0 0]\n [0 1 0 0 0 0]\n [0 0 1 0 0 0]\n [0 0 0 1 0 0]\n [0 0 0 0 1 0]\n [0 0 0 0 0 1]]", "nfev": "7", "njev": "1", "status": "0", "success": "True", "message": "Optimization terminated successfully.", "x": "[4.95314882 0.99280029 4.18158544 1.51376147 2.6820577  2.7110306 ]", "nit": "0"}, "2": {"maxiter": 100, "gtol": 1e-05, "xrtol": 1e-10, "eps": 1e-05, "duration": 0.03779101371765137, "fun": "0.3581095039844513", "jac": "[0. 0. 0. 0. 0. 0.]", "hess_inv": "[[  2.07748857   7.80708639  -4.11435869   0.30990734  -7.33100155\n    1.2876151 ]\n [  7.80708639  51.21065768 -26.28365245   2.61453701 -47.31148335\n   12.14786707]\n [ -4.11435869 -26.28365245  14.47971228  -1.77074602  24.31912729\n   -6.72906178]\n [  0.30990734   2.61453701  -1.77074602   1.77604112  -2.53640091\n   -0.37071912]\n [ -7.33100155 -47.31148335  24.31912729  -2.53640091  44.10138477\n  -11.41290797]\n [  1.2876151   12.14786707  -6.72906178  -0.37071912 -11.41290797\n    5.13784754]]", "nfev": "203", "njev": "29", "status": "0", "success": "True", "message": "Optimization terminated successfully.", "x": "[3.80199539 0.56557692 4.38629812 1.66281684 3.18425187 3.96700935]", "nit": "24"}, "3": {"maxiter": 100, "gtol": 1e-05, "xrtol": 1e-10, "eps": 1e-10, "duration": 0.001322031021118164, "fun": "0.5577738881111145", "jac": "[0. 0. 0. 0. 0. 0.]", "hess_inv": "[[1 0 0 0 0 0]\n [0 1 0 0 0 0]\n [0 0 1 0 0 0]\n [0 0 0 1 0 0]\n [0 0 0 0 1 0]\n [0 0 0 0 0 1]]", "nfev": "7", "njev": "1", "status": "0", "success": "True", "message": "Optimization terminated successfully.", "x": "[4.95314882 0.99280029 4.18158544 1.51376147 2.6820577  2.7110306 ]", "nit": "0"}, "4": {"maxiter": 100, "gtol": 1e-10, "xrtol": 1e-05, "eps": 1e-05, "duration": 0.03799104690551758, "fun": "0.3581095039844513", "jac": "[0. 0. 0. 0. 0. 0.]", "hess_inv": "[[  2.07748857   7.80708639  -4.11435869   0.30990734  -7.33100155\n    1.2876151 ]\n [  7.80708639  51.21065768 -26.28365245   2.61453701 -47.31148335\n   12.14786707]\n [ -4.11435869 -26.28365245  14.47971228  -1.77074602  24.31912729\n   -6.72906178]\n [  0.30990734   2.61453701  -1.77074602   1.77604112  -2.53640091\n   -0.37071912]\n [ -7.33100155 -47.31148335  24.31912729  -2.53640091  44.10138477\n  -11.41290797]\n [  1.2876151   12.14786707  -6.72906178  -0.37071912 -11.41290797\n    5.13784754]]", "nfev": "203", "njev": "29", "status": "0", "success": "True", "message": "Optimization terminated successfully.", "x": "[3.80199539 0.56557692 4.38629812 1.66281684 3.18425187 3.96700935]", "nit": "24"}, "5": {"maxiter": 100, "gtol": 1e-10, "xrtol": 1e-05, "eps": 1e-10, "duration": 0.0013310909271240234, "fun": "0.5577738881111145", "jac": "[0. 0. 0. 0. 0. 0.]", "hess_inv": "[[1 0 0 0 0 0]\n [0 1 0 0 0 0]\n [0 0 1 0 0 0]\n [0 0 0 1 0 0]\n [0 0 0 0 1 0]\n [0 0 0 0 0 1]]", "nfev": "7", "njev": "1", "status": "0", "success": "True", "message": "Optimization terminated successfully.", "x": "[4.95314882 0.99280029 4.18158544 1.51376147 2.6820577  2.7110306 ]", "nit": "0"}, "6": {"maxiter": 100, "gtol": 1e-10, "xrtol": 1e-10, "eps": 1e-05, "duration": 0.03829693794250488, "fun": "0.3581095039844513", "jac": "[0. 0. 0. 0. 0. 0.]", "hess_inv": "[[  2.07748857   7.80708639  -4.11435869   0.30990734  -7.33100155\n    1.2876151 ]\n [  7.80708639  51.21065768 -26.28365245   2.61453701 -47.31148335\n   12.14786707]\n [ -4.11435869 -26.28365245  14.47971228  -1.77074602  24.31912729\n   -6.72906178]\n [  0.30990734   2.61453701  -1.77074602   1.77604112  -2.53640091\n   -0.37071912]\n [ -7.33100155 -47.31148335  24.31912729  -2.53640091  44.10138477\n  -11.41290797]\n [  1.2876151   12.14786707  -6.72906178  -0.37071912 -11.41290797\n    5.13784754]]", "nfev": "203", "njev": "29", "status": "0", "success": "True", "message": "Optimization terminated successfully.", "x": "[3.80199539 0.56557692 4.38629812 1.66281684 3.18425187 3.96700935]", "nit": "24"}, "7": {"maxiter": 100, "gtol": 1e-10, "xrtol": 1e-10, "eps": 1e-10, "duration": 0.0013391971588134766, "fun": "0.5577738881111145", "jac": "[0. 0. 0. 0. 0. 0.]", "hess_inv": "[[1 0 0 0 0 0]\n [0 1 0 0 0 0]\n [0 0 1 0 0 0]\n [0 0 0 1 0 0]\n [0 0 0 0 1 0]\n [0 0 0 0 0 1]]", "nfev": "7", "njev": "1", "status": "0", "success": "True", "message": "Optimization terminated successfully.", "x": "[4.95314882 0.99280029 4.18158544 1.51376147 2.6820577  2.7110306 ]", "nit": "0"}, "8": {"maxiter": 500, "gtol": 1e-05, "xrtol": 1e-05, "eps": 1e-05, "duration": 0.03844308853149414, "fun": "0.3581095039844513", "jac": "[0. 0. 0. 0. 0. 0.]", "hess_inv": "[[  2.07748857   7.80708639  -4.11435869   0.30990734  -7.33100155\n    1.2876151 ]\n [  7.80708639  51.21065768 -26.28365245   2.61453701 -47.31148335\n   12.14786707]\n [ -4.11435869 -26.28365245  14.47971228  -1.77074602  24.31912729\n   -6.72906178]\n [  0.30990734   2.61453701  -1.77074602   1.77604112  -2.53640091\n   -0.37071912]\n [ -7.33100155 -47.31148335  24.31912729  -2.53640091  44.10138477\n  -11.41290797]\n [  1.2876151   12.14786707  -6.72906178  -0.37071912 -11.41290797\n    5.13784754]]", "nfev": "203", "njev": "29", "status": "0", "success": "True", "message": "Optimization terminated successfully.", "x": "[3.80199539 0.56557692 4.38629812 1.66281684 3.18425187 3.96700935]", "nit": "24"}, "9": {"maxiter": 500, "gtol": 1e-05, "xrtol": 1e-05, "eps": 1e-10, "duration": 0.0013418197631835938, "fun": "0.5577738881111145", "jac": "[0. 0. 0. 0. 0. 0.]", "hess_inv": "[[1 0 0 0 0 0]\n [0 1 0 0 0 0]\n [0 0 1 0 0 0]\n [0 0 0 1 0 0]\n [0 0 0 0 1 0]\n [0 0 0 0 0 1]]", "nfev": "7", "njev": "1", "status": "0", "success": "True", "message": "Optimization terminated successfully.", "x": "[4.95314882 0.99280029 4.18158544 1.51376147 2.6820577  2.7110306 ]", "nit": "0"}, "10": {"maxiter": 500, "gtol": 1e-05, "xrtol": 1e-10, "eps": 1e-05, "duration": 0.0383610725402832, "fun": "0.3581095039844513", "jac": "[0. 0. 0. 0. 0. 0.]", "hess_inv": "[[  2.07748857   7.80708639  -4.11435869   0.30990734  -7.33100155\n    1.2876151 ]\n [  7.80708639  51.21065768 -26.28365245   2.61453701 -47.31148335\n   12.14786707]\n [ -4.11435869 -26.28365245  14.47971228  -1.77074602  24.31912729\n   -6.72906178]\n [  0.30990734   2.61453701  -1.77074602   1.77604112  -2.53640091\n   -0.37071912]\n [ -7.33100155 -47.31148335  24.31912729  -2.53640091  44.10138477\n  -11.41290797]\n [  1.2876151   12.14786707  -6.72906178  -0.37071912 -11.41290797\n    5.13784754]]", "nfev": "203", "njev": "29", "status": "0", "success": "True", "message": "Optimization terminated successfully.", "x": "[3.80199539 0.56557692 4.38629812 1.66281684 3.18425187 3.96700935]", "nit": "24"}, "11": {"maxiter": 500, "gtol": 1e-05, "xrtol": 1e-10, "eps": 1e-10, "duration": 0.0013470649719238281, "fun": "0.5577738881111145", "jac": "[0. 0. 0. 0. 0. 0.]", "hess_inv": "[[1 0 0 0 0 0]\n [0 1 0 0 0 0]\n [0 0 1 0 0 0]\n [0 0 0 1 0 0]\n [0 0 0 0 1 0]\n [0 0 0 0 0 1]]", "nfev": "7", "njev": "1", "status": "0", "success": "True", "message": "Optimization terminated successfully.", "x": "[4.95314882 0.99280029 4.18158544 1.51376147 2.6820577  2.7110306 ]", "nit": "0"}, "12": {"maxiter": 500, "gtol": 1e-10, "xrtol": 1e-05, "eps": 1e-05, "duration": 0.038481950759887695, "fun": "0.3581095039844513", "jac": "[0. 0. 0. 0. 0. 0.]", "hess_inv": "[[  2.07748857   7.80708639  -4.11435869   0.30990734  -7.33100155\n    1.2876151 ]\n [  7.80708639  51.21065768 -26.28365245   2.61453701 -47.31148335\n   12.14786707]\n [ -4.11435869 -26.28365245  14.47971228  -1.77074602  24.31912729\n   -6.72906178]\n [  0.30990734   2.61453701  -1.77074602   1.77604112  -2.53640091\n   -0.37071912]\n [ -7.33100155 -47.31148335  24.31912729  -2.53640091  44.10138477\n  -11.41290797]\n [  1.2876151   12.14786707  -6.72906178  -0.37071912 -11.41290797\n    5.13784754]]", "nfev": "203", "njev": "29", "status": "0", "success": "True", "message": "Optimization terminated successfully.", "x": "[3.80199539 0.56557692 4.38629812 1.66281684 3.18425187 3.96700935]", "nit": "24"}, "13": {"maxiter": 500, "gtol": 1e-10, "xrtol": 1e-05, "eps": 1e-10, "duration": 0.0013470649719238281, "fun": "0.5577738881111145", "jac": "[0. 0. 0. 0. 0. 0.]", "hess_inv": "[[1 0 0 0 0 0]\n [0 1 0 0 0 0]\n [0 0 1 0 0 0]\n [0 0 0 1 0 0]\n [0 0 0 0 1 0]\n [0 0 0 0 0 1]]", "nfev": "7", "njev": "1", "status": "0", "success": "True", "message": "Optimization terminated successfully.", "x": "[4.95314882 0.99280029 4.18158544 1.51376147 2.6820577  2.7110306 ]", "nit": "0"}, "14": {"maxiter": 500, "gtol": 1e-10, "xrtol": 1e-10, "eps": 1e-05, "duration": 0.03853201866149902, "fun": "0.3581095039844513", "jac": "[0. 0. 0. 0. 0. 0.]", "hess_inv": "[[  2.07748857   7.80708639  -4.11435869   0.30990734  -7.33100155\n    1.2876151 ]\n [  7.80708639  51.21065768 -26.28365245   2.61453701 -47.31148335\n   12.14786707]\n [ -4.11435869 -26.28365245  14.47971228  -1.77074602  24.31912729\n   -6.72906178]\n [  0.30990734   2.61453701  -1.77074602   1.77604112  -2.53640091\n   -0.37071912]\n [ -7.33100155 -47.31148335  24.31912729  -2.53640091  44.10138477\n  -11.41290797]\n [  1.2876151   12.14786707  -6.72906178  -0.37071912 -11.41290797\n    5.13784754]]", "nfev": "203", "njev": "29", "status": "0", "success": "True", "message": "Optimization terminated successfully.", "x": "[3.80199539 0.56557692 4.38629812 1.66281684 3.18425187 3.96700935]", "nit": "24"}, "15": {"maxiter": 500, "gtol": 1e-10, "xrtol": 1e-10, "eps": 1e-10, "duration": 0.0013320446014404297, "fun": "0.5577738881111145", "jac": "[0. 0. 0. 0. 0. 0.]", "hess_inv": "[[1 0 0 0 0 0]\n [0 1 0 0 0 0]\n [0 0 1 0 0 0]\n [0 0 0 1 0 0]\n [0 0 0 0 1 0]\n [0 0 0 0 0 1]]", "nfev": "7", "njev": "1", "status": "0", "success": "True", "message": "Optimization terminated successfully.", "x": "[4.95314882 0.99280029 4.18158544 1.51376147 2.6820577  2.7110306 ]", "nit": "0"}, "16": {"maxiter": 1000, "gtol": 1e-05, "xrtol": 1e-05, "eps": 1e-05, "duration": 0.038741111755371094, "fun": "0.3581095039844513", "jac": "[0. 0. 0. 0. 0. 0.]", "hess_inv": "[[  2.07748857   7.80708639  -4.11435869   0.30990734  -7.33100155\n    1.2876151 ]\n [  7.80708639  51.21065768 -26.28365245   2.61453701 -47.31148335\n   12.14786707]\n [ -4.11435869 -26.28365245  14.47971228  -1.77074602  24.31912729\n   -6.72906178]\n [  0.30990734   2.61453701  -1.77074602   1.77604112  -2.53640091\n   -0.37071912]\n [ -7.33100155 -47.31148335  24.31912729  -2.53640091  44.10138477\n  -11.41290797]\n [  1.2876151   12.14786707  -6.72906178  -0.37071912 -11.41290797\n    5.13784754]]", "nfev": "203", "njev": "29", "status": "0", "success": "True", "message": "Optimization terminated successfully.", "x": "[3.80199539 0.56557692 4.38629812 1.66281684 3.18425187 3.96700935]", "nit": "24"}, "17": {"maxiter": 1000, "gtol": 1e-05, "xrtol": 1e-05, "eps": 1e-10, "duration": 0.0013546943664550781, "fun": "0.5577738881111145", "jac": "[0. 0. 0. 0. 0. 0.]", "hess_inv": "[[1 0 0 0 0 0]\n [0 1 0 0 0 0]\n [0 0 1 0 0 0]\n [0 0 0 1 0 0]\n [0 0 0 0 1 0]\n [0 0 0 0 0 1]]", "nfev": "7", "njev": "1", "status": "0", "success": "True", "message": "Optimization terminated successfully.", "x": "[4.95314882 0.99280029 4.18158544 1.51376147 2.6820577  2.7110306 ]", "nit": "0"}, "18": {"maxiter": 1000, "gtol": 1e-05, "xrtol": 1e-10, "eps": 1e-05, "duration": 0.03795504570007324, "fun": "0.3581095039844513", "jac": "[0. 0. 0. 0. 0. 0.]", "hess_inv": "[[  2.07748857   7.80708639  -4.11435869   0.30990734  -7.33100155\n    1.2876151 ]\n [  7.80708639  51.21065768 -26.28365245   2.61453701 -47.31148335\n   12.14786707]\n [ -4.11435869 -26.28365245  14.47971228  -1.77074602  24.31912729\n   -6.72906178]\n [  0.30990734   2.61453701  -1.77074602   1.77604112  -2.53640091\n   -0.37071912]\n [ -7.33100155 -47.31148335  24.31912729  -2.53640091  44.10138477\n  -11.41290797]\n [  1.2876151   12.14786707  -6.72906178  -0.37071912 -11.41290797\n    5.13784754]]", "nfev": "203", "njev": "29", "status": "0", "success": "True", "message": "Optimization terminated successfully.", "x": "[3.80199539 0.56557692 4.38629812 1.66281684 3.18425187 3.96700935]", "nit": "24"}, "19": {"maxiter": 1000, "gtol": 1e-05, "xrtol": 1e-10, "eps": 1e-10, "duration": 0.0012793540954589844, "fun": "0.5577738881111145", "jac": "[0. 0. 0. 0. 0. 0.]", "hess_inv": "[[1 0 0 0 0 0]\n [0 1 0 0 0 0]\n [0 0 1 0 0 0]\n [0 0 0 1 0 0]\n [0 0 0 0 1 0]\n [0 0 0 0 0 1]]", "nfev": "7", "njev": "1", "status": "0", "success": "True", "message": "Optimization terminated successfully.", "x": "[4.95314882 0.99280029 4.18158544 1.51376147 2.6820577  2.7110306 ]", "nit": "0"}, "20": {"maxiter": 1000, "gtol": 1e-10, "xrtol": 1e-05, "eps": 1e-05, "duration": 0.03626394271850586, "fun": "0.3581095039844513", "jac": "[0. 0. 0. 0. 0. 0.]", "hess_inv": "[[  2.07748857   7.80708639  -4.11435869   0.30990734  -7.33100155\n    1.2876151 ]\n [  7.80708639  51.21065768 -26.28365245   2.61453701 -47.31148335\n   12.14786707]\n [ -4.11435869 -26.28365245  14.47971228  -1.77074602  24.31912729\n   -6.72906178]\n [  0.30990734   2.61453701  -1.77074602   1.77604112  -2.53640091\n   -0.37071912]\n [ -7.33100155 -47.31148335  24.31912729  -2.53640091  44.10138477\n  -11.41290797]\n [  1.2876151   12.14786707  -6.72906178  -0.37071912 -11.41290797\n    5.13784754]]", "nfev": "203", "njev": "29", "status": "0", "success": "True", "message": "Optimization terminated successfully.", "x": "[3.80199539 0.56557692 4.38629812 1.66281684 3.18425187 3.96700935]", "nit": "24"}, "21": {"maxiter": 1000, "gtol": 1e-10, "xrtol": 1e-05, "eps": 1e-10, "duration": 0.0012688636779785156, "fun": "0.5577738881111145", "jac": "[0. 0. 0. 0. 0. 0.]", "hess_inv": "[[1 0 0 0 0 0]\n [0 1 0 0 0 0]\n [0 0 1 0 0 0]\n [0 0 0 1 0 0]\n [0 0 0 0 1 0]\n [0 0 0 0 0 1]]", "nfev": "7", "njev": "1", "status": "0", "success": "True", "message": "Optimization terminated successfully.", "x": "[4.95314882 0.99280029 4.18158544 1.51376147 2.6820577  2.7110306 ]", "nit": "0"}, "22": {"maxiter": 1000, "gtol": 1e-10, "xrtol": 1e-10, "eps": 1e-05, "duration": 0.03841400146484375, "fun": "0.3581095039844513", "jac": "[0. 0. 0. 0. 0. 0.]", "hess_inv": "[[  2.07748857   7.80708639  -4.11435869   0.30990734  -7.33100155\n    1.2876151 ]\n [  7.80708639  51.21065768 -26.28365245   2.61453701 -47.31148335\n   12.14786707]\n [ -4.11435869 -26.28365245  14.47971228  -1.77074602  24.31912729\n   -6.72906178]\n [  0.30990734   2.61453701  -1.77074602   1.77604112  -2.53640091\n   -0.37071912]\n [ -7.33100155 -47.31148335  24.31912729  -2.53640091  44.10138477\n  -11.41290797]\n [  1.2876151   12.14786707  -6.72906178  -0.37071912 -11.41290797\n    5.13784754]]", "nfev": "203", "njev": "29", "status": "0", "success": "True", "message": "Optimization terminated successfully.", "x": "[3.80199539 0.56557692 4.38629812 1.66281684 3.18425187 3.96700935]", "nit": "24"}, "23": {"maxiter": 1000, "gtol": 1e-10, "xrtol": 1e-10, "eps": 1e-10, "duration": 0.0013880729675292969, "fun": "0.5577738881111145", "jac": "[0. 0. 0. 0. 0. 0.]", "hess_inv": "[[1 0 0 0 0 0]\n [0 1 0 0 0 0]\n [0 0 1 0 0 0]\n [0 0 0 1 0 0]\n [0 0 0 0 1 0]\n [0 0 0 0 0 1]]", "nfev": "7", "njev": "1", "status": "0", "success": "True", "message": "Optimization terminated successfully.", "x": "[4.95314882 0.99280029 4.18158544 1.51376147 2.6820577  2.7110306 ]", "nit": "0"}}, "cobyla": {"0": {"maxiter": 100, "tol": 1e-05, "catol": 1e-05, "duration": 0.01849508285522461, "x": "[4.18742046 1.12631767 4.5724155  1.96517114 3.47367976 4.25819497]", "status": "2", "success": "False", "message": "Maximum number of function evaluations has been exceeded.", "nfev": "100", "fun": "0.34880679845809937", "maxcv": "0.0"}, "1": {"maxiter": 100, "tol": 1e-05, "catol": 1e-10, "duration": 0.018375158309936523, "x": "[4.18742046 1.12631767 4.5724155  1.96517114 3.47367976 4.25819497]", "status": "2", "success": "False", "message": "Maximum number of function evaluations has been exceeded.", "nfev": "100", "fun": "0.34880679845809937", "maxcv": "0.0"}, "2": {"maxiter": 100, "tol": 1e-10, "catol": 1e-05, "duration": 0.018355846405029297, "x": "[4.18742046 1.12631767 4.5724155  1.96517114 3.47367976 4.25819497]", "status": "2", "success": "False", "message": "Maximum number of function evaluations has been exceeded.", "nfev": "100", "fun": "0.34880679845809937", "maxcv": "0.0"}, "3": {"maxiter": 100, "tol": 1e-10, "catol": 1e-10, "duration": 0.01836872100830078, "x": "[4.18742046 1.12631767 4.5724155  1.96517114 3.47367976 4.25819497]", "status": "2", "success": "False", "message": "Maximum number of function evaluations has been exceeded.", "nfev": "100", "fun": "0.34880679845809937", "maxcv": "0.0"}, "4": {"maxiter": 500, "tol": 1e-05, "catol": 1e-05, "duration": 0.07098793983459473, "x": "[4.87542582 4.20200339 4.27552198 2.02076154 3.43116402 5.57844637]", "status": "1", "success": "True", "message": "Optimization terminated successfully.", "nfev": "387", "fun": "0.1679512858390808", "maxcv": "0.0"}, "5": {"maxiter": 500, "tol": 1e-05, "catol": 1e-10, "duration": 0.07094717025756836, "x": "[4.87542582 4.20200339 4.27552198 2.02076154 3.43116402 5.57844637]", "status": "1", "success": "True", "message": "Optimization terminated successfully.", "nfev": "387", "fun": "0.1679512858390808", "maxcv": "0.0"}, "6": {"maxiter": 500, "tol": 1e-10, "catol": 1e-05, "duration": 0.07678484916687012, "x": "[4.87542582 4.20200339 4.27552198 2.02076154 3.43116402 5.57844637]", "status": "1", "success": "True", "message": "Optimization terminated successfully.", "nfev": "420", "fun": "0.1679512858390808", "maxcv": "0.0"}, "7": {"maxiter": 500, "tol": 1e-10, "catol": 1e-10, "duration": 0.07687520980834961, "x": "[4.87542582 4.20200339 4.27552198 2.02076154 3.43116402 5.57844637]", "status": "1", "success": "True", "message": "Optimization terminated successfully.", "nfev": "420", "fun": "0.1679512858390808", "maxcv": "0.0"}, "8": {"maxiter": 1000, "tol": 1e-05, "catol": 1e-05, "duration": 0.07069683074951172, "x": "[4.87542582 4.20200339 4.27552198 2.02076154 3.43116402 5.57844637]", "status": "1", "success": "True", "message": "Optimization terminated successfully.", "nfev": "387", "fun": "0.1679512858390808", "maxcv": "0.0"}, "9": {"maxiter": 1000, "tol": 1e-05, "catol": 1e-10, "duration": 0.07063722610473633, "x": "[4.87542582 4.20200339 4.27552198 2.02076154 3.43116402 5.57844637]", "status": "1", "success": "True", "message": "Optimization terminated successfully.", "nfev": "387", "fun": "0.1679512858390808", "maxcv": "0.0"}, "10": {"maxiter": 1000, "tol": 1e-10, "catol": 1e-05, "duration": 0.07669281959533691, "x": "[4.87542582 4.20200339 4.27552198 2.02076154 3.43116402 5.57844637]", "status": "1", "success": "True", "message": "Optimization terminated successfully.", "nfev": "420", "fun": "0.1679512858390808", "maxcv": "0.0"}, "11": {"maxiter": 1000, "tol": 1e-10, "catol": 1e-10, "duration": 0.07661986351013184, "x": "[4.87542582 4.20200339 4.27552198 2.02076154 3.43116402 5.57844637]", "status": "1", "success": "True", "message": "Optimization terminated successfully.", "nfev": "420", "fun": "0.1679512858390808", "maxcv": "0.0"}}, "powell": {"0": {"maxiter": 100, "ftol": 1e-05, "xtol": 1e-05, "duration": 0.3083629608154297, "fun": "0.16795477271080017", "direc": "[[-4.17871392e-02 -4.44173855e-03  3.56012428e-03 -3.69384022e-02\n   9.93982178e-03 -4.77581154e-03]\n [ 1.04303834e-01 -2.21874323e-01  3.23039303e-01 -2.78194643e-01\n  -3.08077781e-01 -6.74110137e-02]\n [ 0.00000000e+00  0.00000000e+00  0.00000000e+00  0.00000000e+00\n   0.00000000e+00  1.00000000e+00]\n [-5.69886376e-02  3.70919426e-01  3.52516743e-01 -2.43186524e-01\n  -7.78133698e-01 -3.26613538e-02]\n [ 1.21644020e-02  2.91840462e-02 -2.15120833e-02  2.62132450e-03\n   2.95890583e-02  2.19142120e-02]\n [-1.57836937e-03  1.06566106e-03 -1.91641838e-03  1.22618339e-04\n  -8.08828703e-04 -2.52044100e-03]]", "nit": "19", "nfev": "1696", "status": "0", "success": "True", "message": "Optimization terminated successfully.", "x": "[ 4.87690821 -2.07523517  4.27651365 -2.01685882  0.29403619  2.4412226 ]"}, "1": {"maxiter": 100, "ftol": 1e-05, "xtol": 1e-10, "duration": 0.6989560127258301, "fun": "0.16795463860034943", "direc": "[[-4.21383006e-02 -5.41318007e-03  3.75068311e-03 -3.77311900e-02\n   9.00974557e-03 -6.32744126e-03]\n [ 1.02578911e-01 -2.21740602e-01  3.31151163e-01 -2.84398636e-01\n  -3.18307457e-01 -6.77008816e-02]\n [ 0.00000000e+00  0.00000000e+00  0.00000000e+00  0.00000000e+00\n   0.00000000e+00  1.00000000e+00]\n [-5.38448590e-02  3.55790956e-01  3.30780023e-01 -2.27020642e-01\n  -7.30574089e-01 -2.78370163e-02]\n [ 1.15288244e-02  2.82480870e-02 -2.19016056e-02  2.39973756e-03\n   2.86705329e-02  2.05256942e-02]\n [-1.60069581e-03  8.69388773e-04 -1.72229555e-03  2.58667150e-05\n  -7.81068912e-04 -2.34492068e-03]]", "nit": "19", "nfev": "3985", "status": "0", "success": "True", "message": "Optimization terminated successfully.", "x": "[ 4.87676145 -2.07519701  4.27627289 -2.01692821  0.29427108  2.44137201]"}, "2": {"maxiter": 100, "ftol": 1e-10, "xtol": 1e-05, "duration": 0.39621806144714355, "fun": "0.16795119643211365", "direc": "[[-4.17871392e-02 -4.44173855e-03  3.56012428e-03 -3.69384022e-02\n   9.93982178e-03 -4.77581154e-03]\n [ 1.04303834e-01 -2.21874323e-01  3.23039303e-01 -2.78194643e-01\n  -3.08077781e-01 -6.74110137e-02]\n [-2.60106322e-04 -4.25061246e-03 -6.68404581e-04 -2.98582248e-03\n  -4.58107745e-03 -3.54755062e-03]\n [-5.69886376e-02  3.70919426e-01  3.52516743e-01 -2.43186524e-01\n  -7.78133698e-01 -3.26613538e-02]\n [ 1.21644020e-02  2.91840462e-02 -2.15120833e-02  2.62132450e-03\n   2.95890583e-02  2.19142120e-02]\n [ 5.19479232e-06 -6.08689568e-05 -4.98426551e-05  6.38056004e-05\n   1.59568393e-04  1.96174008e-04]]", "nit": "22", "nfev": "2213", "status": "0", "success": "True", "message": "Optimization terminated successfully.", "x": "[ 4.87596958 -2.08005927  4.27485964 -2.01981941  0.29057151  2.43757468]"}, "3": {"maxiter": 100, "ftol": 1e-10, "xtol": 1e-10, "duration": 0.8352549076080322, "fun": "0.16795118153095245", "direc": "[[-4.21383006e-02 -5.41318007e-03  3.75068311e-03 -3.77311900e-02\n   9.00974557e-03 -6.32744126e-03]\n [-1.60069581e-03  8.69388773e-04 -1.72229555e-03  2.58667150e-05\n  -7.81068912e-04 -2.34492068e-03]\n [ 0.00000000e+00  0.00000000e+00  0.00000000e+00  0.00000000e+00\n   0.00000000e+00  1.00000000e+00]\n [-5.38448590e-02  3.55790956e-01  3.30780023e-01 -2.27020642e-01\n  -7.30574089e-01 -2.78370163e-02]\n [ 1.15288244e-02  2.82480870e-02 -2.19016056e-02  2.39973756e-03\n   2.86705329e-02  2.05256942e-02]\n [-9.33847826e-05 -4.00465906e-03 -8.99742924e-04 -2.15275873e-03\n  -4.51309309e-03 -3.28421176e-03]]", "nit": "22", "nfev": "4749", "status": "0", "success": "True", "message": "Optimization terminated successfully.", "x": "[ 4.87619495 -2.08010874  4.27502368 -2.01971803  0.29073247  2.43787803]"}, "4": {"maxiter": 500, "ftol": 1e-05, "xtol": 1e-05, "duration": 0.2989039421081543, "fun": "0.16795477271080017", "direc": "[[-4.17871392e-02 -4.44173855e-03  3.56012428e-03 -3.69384022e-02\n   9.93982178e-03 -4.77581154e-03]\n [ 1.04303834e-01 -2.21874323e-01  3.23039303e-01 -2.78194643e-01\n  -3.08077781e-01 -6.74110137e-02]\n [ 0.00000000e+00  0.00000000e+00  0.00000000e+00  0.00000000e+00\n   0.00000000e+00  1.00000000e+00]\n [-5.69886376e-02  3.70919426e-01  3.52516743e-01 -2.43186524e-01\n  -7.78133698e-01 -3.26613538e-02]\n [ 1.21644020e-02  2.91840462e-02 -2.15120833e-02  2.62132450e-03\n   2.95890583e-02  2.19142120e-02]\n [-1.57836937e-03  1.06566106e-03 -1.91641838e-03  1.22618339e-04\n  -8.08828703e-04 -2.52044100e-03]]", "nit": "19", "nfev": "1696", "status": "0", "success": "True", "message": "Optimization terminated successfully.", "x": "[ 4.87690821 -2.07523517  4.27651365 -2.01685882  0.29403619  2.4412226 ]"}, "5": {"maxiter": 500, "ftol": 1e-05, "xtol": 1e-10, "duration": 0.6985177993774414, "fun": "0.16795463860034943", "direc": "[[-4.21383006e-02 -5.41318007e-03  3.75068311e-03 -3.77311900e-02\n   9.00974557e-03 -6.32744126e-03]\n [ 1.02578911e-01 -2.21740602e-01  3.31151163e-01 -2.84398636e-01\n  -3.18307457e-01 -6.77008816e-02]\n [ 0.00000000e+00  0.00000000e+00  0.00000000e+00  0.00000000e+00\n   0.00000000e+00  1.00000000e+00]\n [-5.38448590e-02  3.55790956e-01  3.30780023e-01 -2.27020642e-01\n  -7.30574089e-01 -2.78370163e-02]\n [ 1.15288244e-02  2.82480870e-02 -2.19016056e-02  2.39973756e-03\n   2.86705329e-02  2.05256942e-02]\n [-1.60069581e-03  8.69388773e-04 -1.72229555e-03  2.58667150e-05\n  -7.81068912e-04 -2.34492068e-03]]", "nit": "19", "nfev": "3985", "status": "0", "success": "True", "message": "Optimization terminated successfully.", "x": "[ 4.87676145 -