{"conf_id": 37, "data_type": "random\n", "num_data_points": 2, "s_rank": 0, "unitary": "[[0.18663085-0.53122324j,-0.11886349-0.70040876j,0.28555095-0.02789305j,-0.12262021-0.2844587j],[-0.16702216+0.27758472j,0.27526351-0.29738586j,-0.01109314+0.22495461j,-0.77239203+0.28900673j],[0.61935415+0.12301792j,-0.31269928-0.03315917j,-0.61902762-0.19039079j,-0.27120731-0.0968989j],[0.42341754+0.0023929j,-0.05847358+0.47832119j,0.64900495-0.16218422j,-0.37182676-0.05229966j]]", "databatch_0": {"databatch": "[[[-0.11625068-0.04562152j,-0.15759089+0.13853607j,-0.08646727+0.1584825j,0.08285588+0.23688648j],[0.31604901-0.05357206j,-0.38500621-0.00328982j,0.11621977+0.22713141j,-0.25586179-0.14155792j],[0.26648462-0.0060358j,-0.32908333+0.21707182j,-0.0941737+0.11394051j,-0.06941958-0.12260039j],[0.26141731+0.09849317j,-0.08200238+0.01122307j,-0.2828739-0.04827133j,-0.07210909-0.05100265j]],[[0.00695806-0.02646941j,-0.06319632+0.24709675j,-0.34889435+0.25514636j,-0.03133019+0.05353824j],[-0.03577024+0.04294614j,0.19156996+0.19364959j,-0.04933316-0.02282183j,-0.08937906-0.15006364j],[0.431655+0.30025331j,0.05830761+0.01882148j,-0.04969941-0.00324171j,0.15945828+0.10789353j],[0.19410805+0.21492162j,-0.1429317+0.29477727j,0.15674484-0.07687857j,-0.2832368-0.10518943j]]]", "nelder_mead": {"0": {"maxiter": 100, "fatol": 1e-05, "xatol": 1e-05, "duration": 0.02741098403930664, "fun": "0.24488092958927155", "nit": "100", "nfev": "155", "status": "2", "success": "False", "message": "Maximum number of iterations has been exceeded.", "x": "[ 5.13520941  4.03173407 -0.05591736  2.55507088  0.28778006  2.25003913]", "final_simplex": "(array([[ 5.13520941e+00,  4.03173407e+00, -5.59173617e-02,\n         2.55507088e+00,  2.87780056e-01,  2.25003913e+00],\n       [ 5.05497754e+00,  4.00520562e+00,  5.30453008e-02,\n         2.54093734e+00,  3.36087479e-01,  2.33172297e+00],\n       [ 5.13187452e+00,  4.01726085e+00, -4.22061158e-03,\n         2.50849238e+00,  3.88721795e-01,  2.34313127e+00],\n       [ 5.07425013e+00,  4.09198323e+00, -5.27904799e-02,\n         2.52714375e+00,  3.36011515e-01,  2.30123884e+00],\n       [ 5.18395609e+00,  3.98603503e+00,  2.78582735e-02,\n         2.51312033e+00,  3.54104291e-01,  2.31020919e+00],\n       [ 5.17925988e+00,  4.00054689e+00,  1.67396706e-02,\n         2.54999141e+00,  2.54212962e-01,  2.27983717e+00],\n       [ 5.06873572e+00,  3.96829244e+00, -9.27343556e-03,\n         2.50086365e+00,  4.34973541e-01,  2.43156485e+00]]), array([0.24488093, 0.24489658, 0.24585208, 0.2467301 , 0.24700464,\n       0.24710366, 0.24715637]))"}, "1": {"maxiter": 100, "fatol": 1e-05, "xatol": 1e-10, "duration": 0.027232885360717773, "fun": "0.24488092958927155", "nit": "100", "nfev": "155", "status": "2", "success": "False", "message": "Maximum number of iterations has been exceeded.", "x": "[ 5.13520941  4.03173407 -0.05591736  2.55507088  0.28778006  2.25003913]", "final_simplex": "(array([[ 5.13520941e+00,  4.03173407e+00, -5.59173617e-02,\n         2.55507088e+00,  2.87780056e-01,  2.25003913e+00],\n       [ 5.05497754e+00,  4.00520562e+00,  5.30453008e-02,\n         2.54093734e+00,  3.36087479e-01,  2.33172297e+00],\n       [ 5.13187452e+00,  4.01726085e+00, -4.22061158e-03,\n         2.50849238e+00,  3.88721795e-01,  2.34313127e+00],\n       [ 5.07425013e+00,  4.09198323e+00, -5.27904799e-02,\n         2.52714375e+00,  3.36011515e-01,  2.30123884e+00],\n       [ 5.18395609e+00,  3.98603503e+00,  2.78582735e-02,\n         2.51312033e+00,  3.54104291e-01,  2.31020919e+00],\n       [ 5.17925988e+00,  4.00054689e+00,  1.67396706e-02,\n         2.54999141e+00,  2.54212962e-01,  2.27983717e+00],\n       [ 5.06873572e+00,  3.96829244e+00, -9.27343556e-03,\n         2.50086365e+00,  4.34973541e-01,  2.43156485e+00]]), array([0.24488093, 0.24489658, 0.24585208, 0.2467301 , 0.24700464,\n       0.24710366, 0.24715637]))"}, "2": {"maxiter": 100, "fatol": 1e-10, "xatol": 1e-05, "duration": 0.02717304229736328, "fun": "0.24488092958927155", "nit": "100", "nfev": "155", "status": "2", "success": "False", "message": "Maximum number of iterations has been exceeded.", "x": "[ 5.13520941  4.03173407 -0.05591736  2.55507088  0.28778006  2.25003913]", "final_simplex": "(array([[ 5.13520941e+00,  4.03173407e+00, -5.59173617e-02,\n         2.55507088e+00,  2.87780056e-01,  2.25003913e+00],\n       [ 5.05497754e+00,  4.00520562e+00,  5.30453008e-02,\n         2.54093734e+00,  3.36087479e-01,  2.33172297e+00],\n       [ 5.13187452e+00,  4.01726085e+00, -4.22061158e-03,\n         2.50849238e+00,  3.88721795e-01,  2.34313127e+00],\n       [ 5.07425013e+00,  4.09198323e+00, -5.27904799e-02,\n         2.52714375e+00,  3.36011515e-01,  2.30123884e+00],\n       [ 5.18395609e+00,  3.98603503e+00,  2.78582735e-02,\n         2.51312033e+00,  3.54104291e-01,  2.31020919e+00],\n       [ 5.17925988e+00,  4.00054689e+00,  1.67396706e-02,\n         2.54999141e+00,  2.54212962e-01,  2.27983717e+00],\n       [ 5.06873572e+00,  3.96829244e+00, -9.27343556e-03,\n         2.50086365e+00,  4.34973541e-01,  2.43156485e+00]]), array([0.24488093, 0.24489658, 0.24585208, 0.2467301 , 0.24700464,\n       0.24710366, 0.24715637]))"}, "3": {"maxiter": 100, "fatol": 1e-10, "xatol": 1e-10, "duration": 0.027148723602294922, "fun": "0.24488092958927155", "nit": "100", "nfev": "155", "status": "2", "success": "False", "message": "Maximum number of iterations has been exceeded.", "x": "[ 5.13520941  4.03173407 -0.05591736  2.55507088  0.28778006  2.25003913]", "final_simplex": "(array([[ 5.13520941e+00,  4.03173407e+00, -5.59173617e-02,\n         2.55507088e+00,  2.87780056e-01,  2.25003913e+00],\n       [ 5.05497754e+00,  4.00520562e+00,  5.30453008e-02,\n         2.54093734e+00,  3.36087479e-01,  2.33172297e+00],\n       [ 5.13187452e+00,  4.01726085e+00, -4.22061158e-03,\n         2.50849238e+00,  3.88721795e-01,  2.34313127e+00],\n       [ 5.07425013e+00,  4.09198323e+00, -5.27904799e-02,\n         2.52714375e+00,  3.36011515e-01,  2.30123884e+00],\n       [ 5.18395609e+00,  3.98603503e+00,  2.78582735e-02,\n         2.51312033e+00,  3.54104291e-01,  2.31020919e+00],\n       [ 5.17925988e+00,  4.00054689e+00,  1.67396706e-02,\n         2.54999141e+00,  2.54212962e-01,  2.27983717e+00],\n       [ 5.06873572e+00,  3.96829244e+00, -9.27343556e-03,\n         2.50086365e+00,  4.34973541e-01,  2.43156485e+00]]), array([0.24488093, 0.24489658, 0.24585208, 0.2467301 , 0.24700464,\n       0.24710366, 0.24715637]))"}, "4": {"maxiter": 500, "fatol": 1e-05, "xatol": 1e-05, "duration": 0.09263014793395996, "fun": "0.23569832742214203", "nit": "311", "nfev": "531", "status": "0", "success": "True", "message": "Optimization terminated successfully.", "x": "[5.0870585  3.90713669 0.11542781 2.70940836 0.66607504 2.55473636]", "final_simplex": "(array([[5.0870585 , 3.90713669, 0.11542781, 2.70940836, 0.66607504,\n        2.55473636],\n       [5.08705434, 3.9071373 , 0.11542543, 2.70940665, 0.66608059,\n        2.55474295],\n       [5.08705557, 3.90713738, 0.11542366, 2.70940597, 0.66607214,\n        2.55473485],\n       [5.08705709, 3.90713644, 0.11542798, 2.70940676, 0.66607427,\n        2.55473875],\n       [5.08705807, 3.90713862, 0.11542549, 2.70940605, 0.66606986,\n        2.55473493],\n       [5.08705599, 3.90713833, 0.11542604, 2.70940621, 0.66607003,\n        2.55473271],\n       [5.08705892, 3.90713744, 0.1154262 , 2.70940543, 0.66607385,\n        2.55473746]]), array([0.23569833, 0.23569833, 0.23569833, 0.23569833, 0.23569833,\n       0.23569833, 0.23569833]))"}, "5": {"maxiter": 500, "fatol": 1e-05, "xatol": 1e-10, "duration": 0.1156618595123291, "fun": "0.23569832742214203", "nit": "328", "nfev": "667", "status": "0", "success": "True", "message": "Optimization terminated successfully.", "x": "[5.0870585  3.90713669 0.11542781 2.70940836 0.66607504 2.55473636]", "final_simplex": "(array([[5.0870585 , 3.90713669, 0.11542781, 2.70940836, 0.66607504,\n        2.55473636],\n       [5.0870585 , 3.90713669, 0.11542781, 2.70940836, 0.66607504,\n        2.55473636],\n       [5.0870585 , 3.90713669, 0.11542781, 2.70940836, 0.66607504,\n        2.55473636],\n       [5.0870585 , 3.90713669, 0.11542781, 2.70940836, 0.66607504,\n        2.55473636],\n       [5.0870585 , 3.90713669, 0.11542781, 2.70940836, 0.66607504,\n        2.55473636],\n       [5.0870585 , 3.90713669, 0.11542781, 2.70940836, 0.66607504,\n        2.55473636],\n       [5.0870585 , 3.90713669, 0.11542781, 2.70940836, 0.66607504,\n        2.55473636]]), array([0.23569833, 0.23569833, 0.23569833, 0.23569833, 0.23569833,\n       0.23569833, 0.23569833]))"}, "6": {"maxiter": 500, "fatol": 1e-10, "xatol": 1e-05, "duration": 0.09793305397033691, "fun": "0.23569832742214203", "nit": "311", "nfev": "531", "status": "0", "success": "True", "message": "Optimization terminated successfully.", "x": "[5.0870585  3.90713669 0.11542781 2.70940836 0.66607504 2.55473636]", "final_simplex": "(array([[5.0870585 , 3.90713669, 0.11542781, 2.70940836, 0.66607504,\n        2.55473636],\n       [5.08705434, 3.9071373 , 0.11542543, 2.70940665, 0.66608059,\n        2.55474295],\n       [5.08705557, 3.90713738, 0.11542366, 2.70940597, 0.66607214,\n        2.55473485],\n       [5.08705709, 3.90713644, 0.11542798, 2.70940676, 0.66607427,\n        2.55473875],\n       [5.08705807, 3.90713862, 0.11542549, 2.70940605, 0.66606986,\n        2.55473493],\n       [5.08705599, 3.90713833, 0.11542604, 2.70940621, 0.66607003,\n        2.55473271],\n       [5.08705892, 3.90713744, 0.1154262 , 2.70940543, 0.66607385,\n        2.55473746]]), array([0.23569833, 0.23569833, 0.23569833, 0.23569833, 0.23569833,\n       0.23569833, 0.23569833]))"}, "7": {"maxiter": 500, "fatol": 1e-10, "xatol": 1e-10, "duration": 0.12353110313415527, "fun": "0.23569832742214203", "nit": "328", "nfev": "667", "status": "0", "success": "True", "message": "Optimization terminated successfully.", "x": "[5.0870585  3.90713669 0.11542781 2.70940836 0.66607504 2.55473636]", "final_simplex": "(array([[5.0870585 , 3.90713669, 0.11542781, 2.70940836, 0.66607504,\n        2.55473636],\n       [5.0870585 , 3.90713669, 0.11542781, 2.70940836, 0.66607504,\n        2.55473636],\n       [5.0870585 , 3.90713669, 0.11542781, 2.70940836, 0.66607504,\n        2.55473636],\n       [5.0870585 , 3.90713669, 0.11542781, 2.70940836, 0.66607504,\n        2.55473636],\n       [5.0870585 , 3.90713669, 0.11542781, 2.70940836, 0.66607504,\n        2.55473636],\n       [5.0870585 , 3.90713669, 0.11542781, 2.70940836, 0.66607504,\n        2.55473636],\n       [5.0870585 , 3.90713669, 0.11542781, 2.70940836, 0.66607504,\n        2.55473636]]), array([0.23569833, 0.23569833, 0.23569833, 0.23569833, 0.23569833,\n       0.23569833, 0.23569833]))"}, "8": {"maxiter": 1000, "fatol": 1e-05, "xatol": 1e-05, "duration": 0.09840106964111328, "fun": "0.23569832742214203", "nit": "311", "nfev": "531", "status": "0", "success": "True", "message": "Optimization terminated successfully.", "x": "[5.0870585  3.90713669 0.11542781 2.70940836 0.66607504 2.55473636]", "final_simplex": "(array([[5.0870585 , 3.90713669, 0.11542781, 2.70940836, 0.66607504,\n        2.55473636],\n       [5.08705434, 3.9071373 , 0.11542543, 2.70940665, 0.66608059,\n        2.55474295],\n       [5.08705557, 3.90713738, 0.11542366, 2.70940597, 0.66607214,\n        2.55473485],\n       [5.08705709, 3.90713644, 0.11542798, 2.70940676, 0.66607427,\n        2.55473875],\n       [5.08705807, 3.90713862, 0.11542549, 2.70940605, 0.66606986,\n        2.55473493],\n       [5.08705599, 3.90713833, 0.11542604, 2.70940621, 0.66607003,\n        2.55473271],\n       [5.08705892, 3.90713744, 0.1154262 , 2.70940543, 0.66607385,\n        2.55473746]]), array([0.23569833, 0.23569833, 0.23569833, 0.23569833, 0.23569833,\n       0.23569833, 0.23569833]))"}, "9": {"maxiter": 1000, "fatol": 1e-05, "xatol": 1e-10, "duration": 0.12312602996826172, "fun": "0.23569832742214203", "nit": "328", "nfev": "667", "status": "0", "success": "True", "message": "Optimization terminated successfully.", "x": "[5.0870585  3.90713669 0.11542781 2.70940836 0.66607504 2.55473636]", "final_simplex": "(array([[5.0870585 , 3.90713669, 0.11542781, 2.70940836, 0.66607504,\n        2.55473636],\n       [5.0870585 , 3.90713669, 0.11542781, 2.70940836, 0.66607504,\n        2.55473636],\n       [5.0870585 , 3.90713669, 0.11542781, 2.70940836, 0.66607504,\n        2.55473636],\n       [5.0870585 , 3.90713669, 0.11542781, 2.70940836, 0.66607504,\n        2.55473636],\n       [5.0870585 , 3.90713669, 0.11542781, 2.70940836, 0.66607504,\n        2.55473636],\n       [5.0870585 , 3.90713669, 0.11542781, 2.70940836, 0.66607504,\n        2.55473636],\n       [5.0870585 , 3.90713669, 0.11542781, 2.70940836, 0.66607504,\n        2.55473636]]), array([0.23569833, 0.23569833, 0.23569833, 0.23569833, 0.23569833,\n       0.23569833, 0.23569833]))"}, "10": {"maxiter": 1000, "fatol": 1e-10, "xatol": 1e-05, "duration": 0.09853219985961914, "fun": "0.23569832742214203", "nit": "311", "nfev": "531", "status": "0", "success": "True", "message": "Optimization terminated successfully.", "x": "[5.0870585  3.90713669 0.11542781 2.70940836 0.66607504 2.55473636]", "final_simplex": "(array([[5.0870585 , 3.90713669, 0.11542781, 2.70940836, 0.66607504,\n        2.55473636],\n       [5.08705434, 3.9071373 , 0.11542543, 2.70940665, 0.66608059,\n        2.55474295],\n       [5.08705557, 3.90713738, 0.11542366, 2.70940597, 0.66607214,\n        2.55473485],\n       [5.08705709, 3.90713644, 0.11542798, 2.70940676, 0.66607427,\n        2.55473875],\n       [5.08705807, 3.90713862, 0.11542549, 2.70940605, 0.66606986,\n        2.55473493],\n       [5.08705599, 3.90713833, 0.11542604, 2.70940621, 0.66607003,\n        2.55473271],\n       [5.08705892, 3.90713744, 0.1154262 , 2.70940543, 0.66607385,\n        2.55473746]]), array([0.23569833, 0.23569833, 0.23569833, 0.23569833, 0.23569833,\n       0.23569833, 0.23569833]))"}, "11": {"maxiter": 1000, "fatol": 1e-10, "xatol": 1e-10, "duration": 0.12313008308410645, "fun": "0.23569832742214203", "nit": "328", "nfev": "667", "status": "0", "success": "True", "message": "Optimization terminated successfully.", "x": "[5.0870585  3.90713669 0.11542781 2.70940836 0.66607504 2.55473636]", "final_simplex": "(array([[5.0870585 , 3.90713669, 0.11542781, 2.70940836, 0.66607504,\n        2.55473636],\n       [5.0870585 , 3.90713669, 0.11542781, 2.70940836, 0.66607504,\n        2.55473636],\n       [5.0870585 , 3.90713669, 0.11542781, 2.70940836, 0.66607504,\n        2.55473636],\n       [5.0870585 , 3.90713669, 0.11542781, 2.70940836, 0.66607504,\n        2.55473636],\n       [5.0870585 , 3.90713669, 0.11542781, 2.70940836, 0.66607504,\n        2.55473636],\n       [5.0870585 , 3.90713669, 0.11542781, 2.70940836, 0.66607504,\n        2.55473636],\n       [5.0870585 , 3.90713669, 0.11542781, 2.70940836, 0.66607504,\n        2.55473636]]), array([0.23569833, 0.23569833, 0.23569833, 0.23569833, 0.23569833,\n       0.23569833, 0.23569833]))"}}, "bfgs": {"0": {"maxiter": 100, "gtol": 1e-05, "xrtol": 1e-05, "eps": 1e-05, "duration": 0.04258012771606445, "fun": "0.2356998324394226", "jac": "[0. 0. 0. 0. 0. 0.]", "hess_inv": "[[ 1.76572858 -0.29975247 -0.1940584   0.41026619 -0.80563515 -0.76094744]\n [-0.29975247  2.10240301 -1.07608839  0.23903419 -1.3362868  -1.45244595]\n [-0.1940584  -1.07608839  3.06391217 -0.92541473  2.72141022  2.9160063 ]\n [ 0.41026619  0.23903419 -0.92541473  2.03721505 -0.29789742 -0.51203673]\n [-0.80563515 -1.3362868   2.72141022 -0.29789742 11.48406982 10.39055502]\n [-0.76094744 -1.45244595  2.9160063  -0.51203673 10.39055502 11.2573584 ]]", "nfev": "224", "njev": "32", "status": "0", "success": "True", "message": "Optimization terminated successfully.", "x": "[5.0881199  3.90854994 0.11526515 2.71020914 0.66110614 2.55221457]", "nit": "24"}, "1": {"maxiter": 100, "gtol": 1e-05, "xrtol": 1e-05, "eps": 1e-10, "duration": 0.0013451576232910156, "fun": "0.9515772461891174", "jac": "[0. 0. 0. 0. 0. 0.]", "hess_inv": "[[1 0 0 0 0 0]\n [0 1 0 0 0 0]\n [0 0 1 0 0 0]\n [0 0 0 1 0 0]\n [0 0 0 0 1 0]\n [0 0 0 0 0 1]]", "nfev": "7", "njev": "1", "status": "0", "success": "True", "message": "Optimization terminated successfully.", "x": "[6.07259669 3.30303748 2.49726238 1.03692384 3.24303754 4.53013578]", "nit": "0"}, "2": {"maxiter": 100, "gtol": 1e-05, "xrtol": 1e-10, "eps": 1e-05, "duration": 0.04238390922546387, "fun": "0.2356998324394226", "jac": "[0. 0. 0. 0. 0. 0.]", "hess_inv": "[[ 1.76572858 -0.29975247 -0.1940584   0.41026619 -0.80563515 -0.76094744]\n [-0.29975247  2.10240301 -1.07608839  0.23903419 -1.3362868  -1.45244595]\n [-0.1940584  -1.07608839  3.06391217 -0.92541473  2.72141022  2.9160063 ]\n [ 0.41026619  0.23903419 -0.92541473  2.03721505 -0.29789742 -0.51203673]\n [-0.80563515 -1.3362868   2.72141022 -0.29789742 11.48406982 10.39055502]\n [-0.76094744 -1.45244595  2.9160063  -0.51203673 10.39055502 11.2573584 ]]", "nfev": "224", "njev": "32", "status": "0", "success": "True", "message": "Optimization terminated successfully.", "x": "[5.0881199  3.90854994 0.11526515 2.71020914 0.66110614 2.55221457]", "nit": "24"}, "3": {"maxiter": 100, "gtol": 1e-05, "xrtol": 1e-10, "eps": 1e-10, "duration": 0.0013387203216552734, "fun": "0.9515772461891174", "jac": "[0. 0. 0. 0. 0. 0.]", "hess_inv": "[[1 0 0 0 0 0]\n [0 1 0 0 0 0]\n [0 0 1 0 0 0]\n [0 0 0 1 0 0]\n [0 0 0 0 1 0]\n [0 0 0 0 0 1]]", "nfev": "7", "njev": "1", "status": "0", "success": "True", "message": "Optimization terminated successfully.", "x": "[6.07259669 3.30303748 2.49726238 1.03692384 3.24303754 4.53013578]", "nit": "0"}, "4": {"maxiter": 100, "gtol": 1e-10, "xrtol": 1e-05, "eps": 1e-05, "duration": 0.042549848556518555, "fun": "0.2356998324394226", "jac": "[0. 0. 0. 0. 0. 0.]", "hess_inv": "[[ 1.76572858 -0.29975247 -0.1940584   0.41026619 -0.80563515 -0.76094744]\n [-0.29975247  2.10240301 -1.07608839  0.23903419 -1.3362868  -1.45244595]\n [-0.1940584  -1.07608839  3.06391217 -0.92541473  2.72141022  2.9160063 ]\n [ 0.41026619  0.23903419 -0.92541473  2.03721505 -0.29789742 -0.51203673]\n [-0.80563515 -1.3362868   2.72141022 -0.29789742 11.48406982 10.39055502]\n [-0.76094744 -1.45244595  2.9160063  -0.51203673 10.39055502 11.2573584 ]]", "nfev": "224", "njev": "32", "status": "0", "success": "True", "message": "Optimization terminated successfully.", "x": "[5.0881199  3.90854994 0.11526515 2.71020914 0.66110614 2.55221457]", "nit": "24"}, "5": {"maxiter": 100, "gtol": 1e-10, "xrtol": 1e-05, "eps": 1e-10, "duration": 0.0013427734375, "fun": "0.9515772461891174", "jac": "[0. 0. 0. 0. 0. 0.]", "hess_inv": "[[1 0 0 0 0 0]\n [0 1 0 0 0 0]\n [0 0 1 0 0 0]\n [0 0 0 1 0 0]\n [0 0 0 0 1 0]\n [0 0 0 0 0 1]]", "nfev": "7", "njev": "1", "status": "0", "success": "True", "message": "Optimization terminated successfully.", "x": "[6.07259669 3.30303748 2.49726238 1.03692384 3.24303754 4.53013578]", "nit": "0"}, "6": {"maxiter": 100, "gtol": 1e-10, "xrtol": 1e-10, "eps": 1e-05, "duration": 0.042677879333496094, "fun": "0.2356998324394226", "jac": "[0. 0. 0. 0. 0. 0.]", "hess_inv": "[[ 1.76572858 -0.29975247 -0.1940584   0.41026619 -0.80563515 -0.76094744]\n [-0.29975247  2.10240301 -1.07608839  0.23903419 -1.3362868  -1.45244595]\n [-0.1940584  -1.07608839  3.06391217 -0.92541473  2.72141022  2.9160063 ]\n [ 0.41026619  0.23903419 -0.92541473  2.03721505 -0.29789742 -0.51203673]\n [-0.80563515 -1.3362868   2.72141022 -0.29789742 11.48406982 10.39055502]\n [-0.76094744 -1.45244595  2.9160063  -0.51203673 10.39055502 11.2573584 ]]", "nfev": "224", "njev": "32", "status": "0", "success": "True", "message": "Optimization terminated successfully.", "x": "[5.0881199  3.90854994 0.11526515 2.71020914 0.66110614 2.55221457]", "nit": "24"}, "7": {"maxiter": 100, "gtol": 1e-10, "xrtol": 1e-10, "eps": 1e-10, "duration": 0.0013470649719238281, "fun": "0.9515772461891174", "jac": "[0. 0. 0. 0. 0. 0.]", "hess_inv": "[[1 0 0 0 0 0]\n [0 1 0 0 0 0]\n [0 0 1 0 0 0]\n [0 0 0 1 0 0]\n [0 0 0 0 1 0]\n [0 0 0 0 0 1]]", "nfev": "7", "njev": "1", "status": "0", "success": "True", "message": "Optimization terminated successfully.", "x": "[6.07259669 3.30303748 2.49726238 1.03692384 3.24303754 4.53013578]", "nit": "0"}, "8": {"maxiter": 500, "gtol": 1e-05, "xrtol": 1e-05, "eps": 1e-05, "duration": 0.042833805084228516, "fun": "0.2356998324394226", "jac": "[0. 0. 0. 0. 0. 0.]", "hess_inv": "[[ 1.76572858 -0.29975247 -0.1940584   0.41026619 -0.80563515 -0.76094744]\n [-0.29975247  2.10240301 -1.07608839  0.23903419 -1.3362868  -1.45244595]\n [-0.1940584  -1.07608839  3.06391217 -0.92541473  2.72141022  2.9160063 ]\n [ 0.41026619  0.23903419 -0.92541473  2.03721505 -0.29789742 -0.51203673]\n [-0.80563515 -1.3362868   2.72141022 -0.29789742 11.48406982 10.39055502]\n [-0.76094744 -1.45244595  2.9160063  -0.51203673 10.39055502 11.2573584 ]]", "nfev": "224", "njev": "32", "status": "0", "success": "True", "message": "Optimization terminated successfully.", "x": "[5.0881199  3.90854994 0.11526515 2.71020914 0.66110614 2.55221457]", "nit": "24"}, "9": {"maxiter": 500, "gtol": 1e-05, "xrtol": 1e-05, "eps": 1e-10, "duration": 0.0013499259948730469, "fun": "0.9515772461891174", "jac": "[0. 0. 0. 0. 0. 0.]", "hess_inv": "[[1 0 0 0 0 0]\n [0 1 0 0 0 0]\n [0 0 1 0 0 0]\n [0 0 0 1 0 0]\n [0 0 0 0 1 0]\n [0 0 0 0 0 1]]", "nfev": "7", "njev": "1", "status": "0", "success": "True", "message": "Optimization terminated successfully.", "x": "[6.07259669 3.30303748 2.49726238 1.03692384 3.24303754 4.53013578]", "nit": "0"}, "10": {"maxiter": 500, "gtol": 1e-05, "xrtol": 1e-10, "eps": 1e-05, "duration": 0.04288220405578613, "fun": "0.2356998324394226", "jac": "[0. 0. 0. 0. 0. 0.]", "hess_inv": "[[ 1.76572858 -0.29975247 -0.1940584   0.41026619 -0.80563515 -0.76094744]\n [-0.29975247  2.10240301 -1.07608839  0.23903419 -1.3362868  -1.45244595]\n [-0.1940584  -1.07608839  3.06391217 -0.92541473  2.72141022  2.9160063 ]\n [ 0.41026619  0.23903419 -0.92541473  2.03721505 -0.29789742 -0.51203673]\n [-0.80563515 -1.3362868   2.72141022 -0.29789742 11.48406982 10.39055502]\n [-0.76094744 -1.45244595  2.9160063  -0.51203673 10.39055502 11.2573584 ]]", "nfev": "224", "njev": "32", "status": "0", "success": "True", "message": "Optimization terminated successfully.", "x": "[5.0881199  3.90854994 0.11526515 2.71020914 0.66110614 2.55221457]", "nit": "24"}, "11": {"maxiter": 500, "gtol": 1e-05, "xrtol": 1e-10, "eps": 1e-10, "duration": 0.0013608932495117188, "fun": "0.9515772461891174", "jac": "[0. 0. 0. 0. 0. 0.]", "hess_inv": "[[1 0 0 0 0 0]\n [0 1 0 0 0 0]\n [0 0 1 0 0 0]\n [0 0 0 1 0 0]\n [0 0 0 0 1 0]\n [0 0 0 0 0 1]]", "nfev": "7", "njev": "1", "status": "0", "success": "True", "message": "Optimization terminated successfully.", "x": "[6.07259669 3.30303748 2.49726238 1.03692384 3.24303754 4.53013578]", "nit": "0"}, "12": {"maxiter": 500, "gtol": 1e-10, "xrtol": 1e-05, "eps": 1e-05, "duration": 0.04280686378479004, "fun": "0.2356998324394226", "jac": "[0. 0. 0. 0. 0. 0.]", "hess_inv": "[[ 1.76572858 -0.29975247 -0.1940584   0.41026619 -0.80563515 -0.76094744]\n [-0.29975247  2.10240301 -1.07608839  0.23903419 -1.3362868  -1.45244595]\n [-0.1940584  -1.07608839  3.06391217 -0.92541473  2.72141022  2.9160063 ]\n [ 0.41026619  0.23903419 -0.92541473  2.03721505 -0.29789742 -0.51203673]\n [-0.80563515 -1.3362868   2.72141022 -0.29789742 11.48406982 10.39055502]\n [-0.76094744 -1.45244595  2.9160063  -0.51203673 10.39055502 11.2573584 ]]", "nfev": "224", "njev": "32", "status": "0", "success": "True", "message": "Optimization terminated successfully.", "x": "[5.0881199  3.90854994 0.11526515 2.71020914 0.66110614 2.55221457]", "nit": "24"}, "13": {"maxiter": 500, "gtol": 1e-10, "xrtol": 1e-05, "eps": 1e-10, "duration": 0.0013608932495117188, "fun": "0.9515772461891174", "jac": "[0. 0. 0. 0. 0. 0.]", "hess_inv": "[[1 0 0 0 0 0]\n [0 1 0 0 0 0]\n [0 0 1 0 0 0]\n [0 0 0 1 0 0]\n [0 0 0 0 1 0]\n [0 0 0 0 0 1]]", "nfev": "7", "njev": "1", "status": "0", "success": "True", "message": "Optimization terminated successfully.", "x": "[6.07259669 3.30303748 2.49726238 1.03692384 3.24303754 4.53013578]", "nit": "0"}, "14": {"maxiter": 500, "gtol": 1e-10, "xrtol": 1e-10, "eps": 1e-05, "duration": 0.04309201240539551, "fun": "0.2356998324394226", "jac": "[0. 0. 0. 0. 0. 0.]", "hess_inv": "[[ 1.76572858 -0.29975247 -0.1940584   0.41026619 -0.80563515 -0.76094744]\n [-0.29975247  2.10240301 -1.07608839  0.23903419 -1.3362868  -1.45244595]\n [-0.1940584  -1.07608839  3.06391217 -0.92541473  2.72141022  2.9160063 ]\n [ 0.41026619  0.23903419 -0.92541473  2.03721505 -0.29789742 -0.51203673]\n [-0.80563515 -1.3362868   2.72141022 -0.29789742 11.48406982 10.39055502]\n [-0.76094744 -1.45244595  2.9160063  -0.51203673 10.39055502 11.2573584 ]]", "nfev": "224", "njev": "32", "status": "0", "success": "True", "message": "Optimization terminated successfully.", "x": "[5.0881199  3.90854994 0.11526515 2.71020914 0.66110614 2.55221457]", "nit": "24"}, "15": {"maxiter": 500, "gtol": 1e-10, "xrtol": 1e-10, "eps": 1e-10, "duration": 0.0013608932495117188, "fun": "0.9515772461891174", "jac": "[0. 0. 0. 0. 0. 0.]", "hess_inv": "[[1 0 0 0 0 0]\n [0 1 0 0 0 0]\n [0 0 1 0 0 0]\n [0 0 0 1 0 0]\n [0 0 0 0 1 0]\n [0 0 0 0 0 1]]", "nfev": "7", "njev": "1", "status": "0", "success": "True", "message": "Optimization terminated successfully.", "x": "[6.07259669 3.30303748 2.49726238 1.03692384 3.24303754 4.53013578]", "nit": "0"}, "16": {"maxiter": 1000, "gtol": 1e-05, "xrtol": 1e-05, "eps": 1e-05, "duration": 0.04289698600769043, "fun": "0.2356998324394226", "jac": "[0. 0. 0. 0. 0. 0.]", "hess_inv": "[[ 1.76572858 -0.29975247 -0.1940584   0.41026619 -0.80563515 -0.76094744]\n [-0.29975247  2.10240301 -1.07608839  0.23903419 -1.3362868  -1.45244595]\n [-0.1940584  -1.07608839  3.06391217 -0.92541473  2.72141022  2.9160063 ]\n [ 0.41026619  0.23903419 -0.92541473  2.03721505 -0.29789742 -0.51203673]\n [-0.80563515 -1.3362868   2.72141022 -0.29789742 11.48406982 10.39055502]\n [-0.76094744 -1.45244595  2.9160063  -0.51203673 10.39055502 11.2573584 ]]", "nfev": "224", "njev": "32", "status": "0", "success": "True", "message": "Optimization terminated successfully.", "x": "[5.0881199  3.90854994 0.11526515 2.71020914 0.66110614 2.55221457]", "nit": "24"}, "17": {"maxiter": 1000, "gtol": 1e-05, "xrtol": 1e-05, "eps": 1e-10, "duration": 0.0013561248779296875, "fun": "0.9515772461891174", "jac": "[0. 0. 0. 0. 0. 0.]", "hess_inv": "[[1 0 0 0 0 0]\n [0 1 0 0 0 0]\n [0 0 1 0 0 0]\n [0 0 0 1 0 0]\n [0 0 0 0 1 0]\n [0 0 0 0 0 1]]", "nfev": "7", "njev": "1", "status": "0", "success": "True", "message": "Optimization terminated successfully.", "x": "[6.07259669 3.30303748 2.49726238 1.03692384 3.24303754 4.53013578]", "nit": "0"}, "18": {"maxiter": 1000, "gtol": 1e-05, "xrtol": 1e-10, "eps": 1e-05, "duration": 0.0428471565246582, "fun": "0.2356998324394226", "jac": "[0. 0. 0. 0. 0. 0.]", "hess_inv": "[[ 1.76572858 -0.29975247 -0.1940584   0.41026619 -0.80563515 -0.76094744]\n [-0.29975247  2.10240301 -1.07608839  0.23903419 -1.3362868  -1.45244595]\n [-0.1940584  -1.07608839  3.06391217 -0.92541473  2.72141022  2.9160063 ]\n [ 0.41026619  0.23903419 -0.92541473  2.03721505 -0.29789742 -0.51203673]\n [-0.80563515 -1.3362868   2.72141022 -0.29789742 11.48406982 10.39055502]\n [-0.76094744 -1.45244595  2.9160063  -0.51203673 10.39055502 11.2573584 ]]", "nfev": "224", "njev": "32", "status": "0", "success": "True", "message": "Optimization terminated successfully.", "x": "[5.0881199  3.90854994 0.11526515 2.71020914 0.66110614 2.55221457]", "nit": "24"}, "19": {"maxiter": 1000, "gtol": 1e-05, "xrtol": 1e-10, "eps": 1e-10, "duration": 0.0013539791107177734, "fun": "0.9515772461891174", "jac": "[0. 0. 0. 0. 0. 0.]", "hess_inv": "[[1 0 0 0 0 0]\n [0 1 0 0 0 0]\n [0 0 1 0 0 0]\n [0 0 0 1 0 0]\n [0 0 0 0 1 0]\n [0 0 0 0 0 1]]", "nfev": "7", "njev": "1", "status": "0", "success": "True", "message": "Optimization terminated successfully.", "x": "[6.07259669 3.30303748 2.49726238 1.03692384 3.24303754 4.53013578]", "nit": "0"}, "20": {"maxiter": 1000, "gtol": 1e-10, "xrtol": 1e-05, "eps": 1e-05, "duration": 0.04227495193481445, "fun": "0.2356998324394226", "jac": "[0. 0. 0. 0. 0. 0.]", "hess_inv": "[[ 1.76572858 -0.29975247 -0.1940584   0.41026619 -0.80563515 -0.76094744]\n [-0.29975247  2.10240301 -1.07608839  0.23903419 -1.3362868  -1.45244595]\n [-0.1940584  -1.07608839  3.06391217 -0.92541473  2.72141022  2.9160063 ]\n [ 0.41026619  0.23903419 -0.92541473  2.03721505 -0.29789742 -0.51203673]\n [-0.80563515 -1.3362868   2.72141022 -0.29789742 11.48406982 10.39055502]\n [-0.76094744 -1.45244595  2.9160063  -0.51203673 10.39055502 11.2573584 ]]", "nfev": "224", "njev": "32", "status": "0", "success": "True", "message": "Optimization terminated successfully.", "x": "[5.0881199  3.90854994 0.11526515 2.71020914 0.66110614 2.55221457]", "nit": "24"}, "21": {"maxiter": 1000, "gtol": 1e-10, "xrtol": 1e-05, "eps": 1e-10, "duration": 0.0012772083282470703, "fun": "0.9515772461891174", "jac": "[0. 0. 0. 0. 0. 0.]", "hess_inv": "[[1 0 0 0 0 0]\n [0 1 0 0 0 0]\n [0 0 1 0 0 0]\n [0 0 0 1 0 0]\n [0 0 0 0 1 0]\n [0 0 0 0 0 1]]", "nfev": "7", "njev": "1", "status": "0", "success": "True", "message": "Optimization terminated successfully.", "x": "[6.07259669 3.30303748 2.49726238 1.03692384 3.24303754 4.53013578]", "nit": "0"}, "22": {"maxiter": 1000, "gtol": 1e-10, "xrtol": 1e-10, "eps": 1e-05, "duration": 0.03986477851867676, "fun": "0.2356998324394226", "jac": "[0. 0. 0. 0. 0. 0.]", "hess_inv": "[[ 1.76572858 -0.29975247 -0.1940584   0.41026619 -0.80563515 -0.76094744]\n [-0.29975247  2.10240301 -1.07608839  0.23903419 -1.3362868  -1.45244595]\n [-0.1940584  -1.07608839  3.06391217 -0.92541473  2.72141022  2.9160063 ]\n [ 0.41026619  0.23903419 -0.92541473  2.03721505 -0.29789742 -0.51203673]\n [-0.80563515 -1.3362868   2.72141022 -0.29789742 11.48406982 10.39055502]\n [-0.76094744 -1.45244595  2.9160063  -0.51203673 10.39055502 11.2573584 ]]", "nfev": "224", "njev": "32", "status": "0", "success": "True", "message": "Optimization terminated successfully.", "x": "[5.0881199  3.90854994 0.11526515 2.71020914 0.66110614 2.55221457]", "nit": "24"}, "23": {"maxiter": 1000, "gtol": 1e-10, "xrtol": 1e-10, "eps": 1e-10, "duration": 0.0012629032135009766, "fun": "0.9515772461891174", "jac": "[0. 0. 0. 0. 0. 0.]", "hess_inv": "[[1 0 0 0 0 0]\n [0 1 0 0 0 0]\n [0 0 1 0 0 0]\n [0 0 0 1 0 0]\n [0 0 0 0 1 0]\n [0 0 0 0 0 1]]", "nfev": "7", "njev": "1", "status": "0", "success": "True", "message": "Optimization terminated successfully.", "x": "[6.07259669 3.30303748 2.49726238 1.03692384 3.24303754 4.53013578]", "nit": "0"}}, "cobyla": {"0": {"maxiter": 100, "tol": 1e-05, "catol": 1e-05, "duration": 0.017081022262573242, "x": "[7.45877147 0.80253435 3.19165024 3.55802012 3.53300867 5.43783916]", "status": "2", "success": "False", "message": "Maximum number of function evaluations has been exceeded.", "nfev": "100", "fun": "0.23746833205223083", "maxcv": "0.0"}, "1": {"maxiter": 100, "tol": 1e-05, "catol": 1e-10, "duration": 0.0170440673828125, "x": "[7.45877147 0.80253435 3.19165024 3.55802012 3.53300867 5.43783916]", "status": "2", "success": "False", "message": "Maximum number of function evaluations has been exceeded.", "nfev": "100", "fun": "0.23746833205223083", "maxcv": "0.0"}, "2": {"maxiter": 100, "tol": 1e-10, "catol": 1e-05, "duration": 0.016998767852783203, "x": "[7.45877147 0.80253435 3.19165024 3.55802012 3.53300867 5.43783916]", "status": "2", "success": "False", "message": "Maximum number of function evaluations has been exceeded.", "nfev": "100", "fun": "0.23746833205223083", "maxcv": "0.0"}, "3": {"maxiter": 100, "tol": 1e-10, "catol": 1e-10, "duration": 0.01698780059814453, "x": "[7.45877147 0.80253435 3.19165024 3.55802012 3.53300867 5.43783916]", "status": "2", "success": "False", "message": "Maximum number of function evaluations has been exceeded.", "nfev": "100", "fun": "0.23746833205223083", "maxcv": "0.0"}, "4": {"maxiter": 500, "tol": 1e-05, "catol": 1e-05, "duration": 0.06966805458068848, "x": "[7.47922128 0.76603997 3.25607714 3.57392236 3.80435169 5.69317586]", "status": "1", "success": "True", "message": "Optimization terminated successfully.", "nfev": "410", "fun": "0.23569858074188232", "maxcv": "0.0"}, "5": {"maxiter": 500, "tol": 1e-05, "catol": 1e-10, "duration": 0.06963396072387695, "x": "[7.47922128 0.76603997 3.25607714 3.57392236 3.80435169 5.69317586]", "status": "1", "success": "True", "message": "Optimization terminated successfully.", "nfev": "410", "fun": "0.23569858074188232", "maxcv": "0.0"}, "6": {"maxiter": 500, "tol": 1e-10, "catol": 1e-05, "duration": 0.07528877258300781, "x": "[7.47922128 0.76603997 3.25607714 3.57392236 3.80435169 5.69317586]", "status": "1", "success": "True", "message": "Optimization terminated successfully.", "nfev": "443", "fun": "0.23569858074188232", "maxcv": "0.0"}, "7": {"maxiter": 500, "tol": 1e-10, "catol": 1e-10, "duration": 0.07533788681030273, "x": "[7.47922128 0.76603997 3.25607714 3.57392236 3.80435169 5.69317586]", "status": "1", "success": "True", "message": "Optimization terminated successfully.", "nfev": "443", "fun": "0.23569858074188232", "maxcv": "0.0"}, "8": {"maxiter": 1000, "tol": 1e-05, "catol": 1e-05, "duration": 0.0696249008178711, "x": "[7.47922128 0.76603997 3.25607714 3.57392236 3.80435169 5.69317586]", "status": "1", "success": "True", "message": "Optimization terminated successfully.", "nfev": "410", "fun": "0.23569858074188232", "maxcv": "0.0"}, "9": {"maxiter": 1000, "tol": 1e-05, "catol": 1e-10, "duration": 0.06929492950439453, "x": "[7.47922128 0.76603997 3.25607714 3.57392236 3.80435169 5.69317586]", "status": "1", "success": "True", "message": "Optimization terminated successfully.", "nfev": "410", "fun": "0.23569858074188232", "maxcv": "0.0"}, "10": {"maxiter": 1000, "tol": 1e-10, "catol": 1e-05, "duration": 0.07482218742370605, "x": "[7.47922128 0.76603997 3.25607714 3.57392236 3.80435169 5.69317586]", "status": "1", "success": "True", "message": "Optimization terminated successfully.", "nfev": "443", "fun": "0.23569858074188232", "maxcv": "0.0"}, "11": {"maxiter": 1000, "tol": 1e-10, "catol": 1e-10, "duration": 0.07486510276794434, "x": "[7.47922128 0.76603997 3.25607714 3.57392236 3.80435169 5.69317586]", "status": "1", "success": "True", "message": "Optimization terminated successfully.", "nfev": "443", "fun": "0.23569858074188232", "maxcv": "0.0"}}, "powell": {"0": {"maxiter": 100, "ftol": 1e-05, "xtol": 1e-05, "duration": 0.16466307640075684, "fun": "0.23569852113723755", "direc": "[[ 0.0910735   0.0182809   0.02023316 -0.0051511  -0.16138953 -0.11818142]\n [-0.06885681 -0.00616688 -0.0136079  -0.08442935 -0.34587424 -0.35802216]\n [ 0.          0.          0.          0.          0.          1.        ]\n [ 0.          0.          0.          1.          0.          0.        ]\n [ 0.13983123 -0.23877836 -0.5518642   0.28614294 -0.10816437 -0.11260956]\n [ 0.00992748  0.03394436 -0.03359478  0.006692   -0.06581384 -0.05882798]]", "nit": "12", "nfev": "966", "status": "0", "success": "True", "message": "Optimization terminated successfully.", "x": "[5.08700561 3.90676083 0.11511438 2.70920206 0.66393817 2.55258025]"}, "1": {"maxiter": 100, "ftol": 1e-05, "xtol": 1e-10, "duration": 0.42461371421813965, "fun": "0.23569846153259277", "direc": "[[ 0.09080305  0.01838016  0.02060446 -0.00463265 -0.16327464 -0.11905333]\n [-0.06959483 -0.00578457 -0.01409357 -0.08356151 -0.34348269 -0.35498869]\n [ 0.          0.          0.          0.          0.          1.        ]\n [ 0.          0.          0.          1.          0.          0.        ]\n [ 0.13890148 -0.23931732 -0.56275864  0.29337024 -0.11063929 -0.11578166]\n [ 0.01044928  0.03377342 -0.0337198   0.00624593 -0.06437488 -0.05794746]]", "nit": "12", "nfev": "2414", "status": "0", "success": "True", "message": "Optimization terminated successfully.", "x": "[5.08704342 3.90685795 0.11507854 2.70908777 0.66443747 2.5529977 ]"}, "2": {"maxiter": 100, "ftol": 1e-10, "xtol": 1e-05, "duration": 0.24631190299987793, "fun": "0.23569832742214203", "direc": "[[ 9.10734957e-02  1.82808984e-02  2.02331561e-02 -5.15110388e-03\n  -1.61389532e-01 -1.18181423e-01]\n [ 9.92748233e-03  3.39443580e-02 -3.35947792e-02  6.69199600e-03\n  -6.58138354e-02 -5.88279837e-02]\n [ 0.00000000e+00  0.00000000e+00  0.00000000e+00  0.00000000e+00\n   0.00000000e+00  1.00000000e+00]\n [ 0.00000000e+00  0.00000000e+00  0.00000000e+00  1.00000000e+00\n   0.00000000e+00  0.00000000e+00]\n [ 1.39831233e-01 -2.38778364e-01 -5.51864197e-01  2.86142940e-01\n  -1.08164372e-01 -1.12609564e-01]\n [ 1.21278275e-04  4.36071690e-04 -3.52605731e-05 -1.10513693e-04\n   1.76687561e-03  1.75801260e-03]]", "nit": "14", "nfev": "1367", "status": "0", "success": "True", "message": "Optimization terminated successfully.", "x": "[5.08704468 3.90718882 0.11527033 2.70923955 0.66590332 2.55451098]"}, "3": {"maxiter": 100, "ftol": 1e-10, "xtol": 1e-10, "duration": 0.523888111114502, "fun": "0.23569832742214203", "direc": "[[ 9.08030506e-02  1.83801587e-02  2.06044594e-02 -4.63265436e-03\n  -1.63274636e-01 -1.19053327e-01]\n [ 1.04492832e-02  3.37734158e-02 -3.37197953e-02  6.24592939e-03\n  -6.43748754e-02 -5.79474622e-02]\n [ 0.00000000e+00  0.00000000e+00  0.00000000e+00  0.00000000e+00\n   0.00000000e+00  1.00000000e+00]\n [ 0.00000000e+00  0.00000000e+00  0.00000000e+00  1.00000000e+00\n   0.00000000e+00  0.00000000e+00]\n [ 1.38901483e-01 -2.39317323e-01 -5.62758644e-01  2.93370238e-01\n  -1.10639294e-01 -1.15781660e-01]\n [ 7.74442648e-05  3.33054613e-04  6.93739710e-05 -4.07206329e-05\n   1.72637097e-03  1.72351324e-03]]", "nit": "14", "nfev": "2936", "status": "0", "success": "True", "message": "Optimization terminated successfully.", "x": "[5.0870817  3.90720244 0.11527636 2.70926572 0.66609868 2.55465434]"}, "4": {"maxiter": 500, "ftol": 1e-05, "xtol": 1e-05, "duration": 0.16897892951965332, "fun": "0.23569852113723755", "direc": "[[ 0.0910735   0.0182809   0.02023316 -0.0051511  -0.16138953 -0.11818142]\n [-0.06885681 -0.00616688 -0.0136079  -0.08442935 -0.34587424 -0.35802216]\n [ 0.          0.          0.          0.          0.          1.        ]\n [ 0.          0.          0.          1.          0.          0.        ]\n [ 0.13983123 -0.23877836 -0.5518642   0.28614294 -0.10816437 -0.11260956]\n [ 0.00992748  0.03394436 -0.03359478  0.006692   -0.06581384 -0.05882798]]", "nit": "12", "nfev": "966", "status": "0", "success": "True", "message": "Optimization terminated successfully.", "x": "[5.08700561 3.90676083 0.11511438 2.70920206 0.66393817 2.55258025]"}, "5": {"maxiter": 500, "ftol": 1e-05, "xtol": 1e-10, "duration": 0.4203462600708008, "fun": "0.23569846153259277", "direc": "[[ 0.09080305  0.01838016  0.02060446 -0.00463265 -0.16327464 -0.11905333]\n [-0.06959483 -0.00578457 -0.01409357 -0.08356151 -0.34348269 -0.35498869]\n [ 0.          0.          0.          0.          0.          1.        ]\n [ 0.          0.          0.          1.          0.          0.        ]\n [ 0.13890148 -0.23931732 -0.56275864  0.29337024 -0.11063929 -0.11578166]\n [ 0.01044928  0.03377342 -0.0337198   0.00624593 -0.06437488 -0.05794746]]", "nit": "12", "nfev": "2414", "status": "0", "success": "True", "message": "Optimization terminated successfully.", "x": "[5.08704342 3.90685795 0.11507854 2.70908777 0.66443747 2.5529977 ]"}, "6": {"maxiter": 500, "ftol": 1e-10, "xtol": 1e-05, "duration": 0.23920106887817383, "fun": "0.23569832742214203", "direc": "[[ 9.10734957e-02  1.82808984e-02  2.02331561e-02 -5.15110388e-03\n  -1.61389532e-01 -1.18181423e-01]\n [ 9.92748233e-03  3.39443580e-02 -3.35947792e-02  6.69199600e-03\n  -6.58138354e-02 -5.88279837e-02]\n [ 0.00000000e+00  0.00000000e+00  0.00000000e+00  0.00000000e+00\n   0.00000000e+00  1.00000000e+00]\n [ 0.00000000e+