{"conf_id": 25, "data_type": "random\n", "num_data_points": 2, "s_rank": 0, "unitary": "[[-0.45070455-0.02711853j,0.78437395-0.06613086j,0.06358678+0.19963393j,-0.07343613+0.35668523j],[-0.01890143-0.03813363j,0.32408202+0.25557629j,0.05872864-0.68979805j,0.55466693-0.20227297j],[-0.11215405+0.64023111j,-0.13344055+0.29565494j,-0.49012687-0.19046288j,-0.04241254+0.44046348j],[0.55771659+0.24656916j,0.31851997-0.05798805j,0.28761525-0.34294258j,-0.56718418+0.03616933j]]", "databatch_0": {"databatch": "[[[-0.07081529+0.08905415j,-0.26158577-0.06300119j,0.14021768-0.23580599j,-0.01968963-0.38264093j],[0.05777813-0.02804895j,0.2305822+0.17523233j,-0.18200426+0.11428009j,-0.15679354+0.30805486j],[0.0190126-0.20095842j,0.18952939+0.03661155j,-0.00560675+0.34620617j,0.20900895+0.3057719j],[-0.07587311-0.1159117j,-0.12812261+0.06446401j,0.14423206+0.0675524j,0.11922492-0.156528j]],[[-0.04879438+0.02707365j,-0.01850442-0.1497691j,0.01410911-0.04488274j,-0.01184736-0.06142321j],[0.08085157+0.24173026j,-0.47607215+0.06084011j,-0.16256959+0.15253179j,-0.25185219+0.09725848j],[-0.12379929+0.15566073j,-0.26355349-0.29383038j,-0.17364631-0.06583059j,-0.17476867-0.13239425j],[-0.05585261-0.18933562j,0.41689448+0.00387472j,0.12224887-0.04902478j,0.200559-0.04263843j]]]", "nelder_mead": {"0": {"maxiter": 100, "fatol": 1e-05, "xatol": 1e-05, "duration": 0.027189970016479492, "fun": "0.3614131212234497", "nit": "100", "nfev": "150", "status": "2", "success": "False", "message": "Maximum number of iterations has been exceeded.", "x": "[0.514159   4.86124495 2.73338002 6.23357377 4.42216644 3.6625515 ]", "final_simplex": "(array([[0.514159  , 4.86124495, 2.73338002, 6.23357377, 4.42216644,\n        3.6625515 ],\n       [0.65472628, 4.5959259 , 2.78796869, 5.85446849, 4.20420568,\n        3.77036964],\n       [0.78347007, 4.6043048 , 2.74135201, 6.10749094, 4.02101013,\n        3.84697956],\n       [0.66885791, 4.50873105, 2.83539514, 5.68622872, 4.50788631,\n        3.61888255],\n       [0.75357359, 4.69145136, 2.95056219, 5.78527604, 4.18738217,\n        3.75760887],\n       [0.8187361 , 4.49714013, 2.95867304, 5.83985531, 4.37274673,\n        3.7379328 ],\n       [0.7961915 , 4.62154402, 2.79824793, 5.82202476, 4.40921461,\n        3.79527494]]), array([0.36141312, 0.37323329, 0.38049141, 0.38680983, 0.38991973,\n       0.39534625, 0.39787954]))"}, "1": {"maxiter": 100, "fatol": 1e-05, "xatol": 1e-10, "duration": 0.02699589729309082, "fun": "0.3614131212234497", "nit": "100", "nfev": "150", "status": "2", "success": "False", "message": "Maximum number of iterations has been exceeded.", "x": "[0.514159   4.86124495 2.73338002 6.23357377 4.42216644 3.6625515 ]", "final_simplex": "(array([[0.514159  , 4.86124495, 2.73338002, 6.23357377, 4.42216644,\n        3.6625515 ],\n       [0.65472628, 4.5959259 , 2.78796869, 5.85446849, 4.20420568,\n        3.77036964],\n       [0.78347007, 4.6043048 , 2.74135201, 6.10749094, 4.02101013,\n        3.84697956],\n       [0.66885791, 4.50873105, 2.83539514, 5.68622872, 4.50788631,\n        3.61888255],\n       [0.75357359, 4.69145136, 2.95056219, 5.78527604, 4.18738217,\n        3.75760887],\n       [0.8187361 , 4.49714013, 2.95867304, 5.83985531, 4.37274673,\n        3.7379328 ],\n       [0.7961915 , 4.62154402, 2.79824793, 5.82202476, 4.40921461,\n        3.79527494]]), array([0.36141312, 0.37323329, 0.38049141, 0.38680983, 0.38991973,\n       0.39534625, 0.39787954]))"}, "2": {"maxiter": 100, "fatol": 1e-10, "xatol": 1e-05, "duration": 0.02692890167236328, "fun": "0.3614131212234497", "nit": "100", "nfev": "150", "status": "2", "success": "False", "message": "Maximum number of iterations has been exceeded.", "x": "[0.514159   4.86124495 2.73338002 6.23357377 4.42216644 3.6625515 ]", "final_simplex": "(array([[0.514159  , 4.86124495, 2.73338002, 6.23357377, 4.42216644,\n        3.6625515 ],\n       [0.65472628, 4.5959259 , 2.78796869, 5.85446849, 4.20420568,\n        3.77036964],\n       [0.78347007, 4.6043048 , 2.74135201, 6.10749094, 4.02101013,\n        3.84697956],\n       [0.66885791, 4.50873105, 2.83539514, 5.68622872, 4.50788631,\n        3.61888255],\n       [0.75357359, 4.69145136, 2.95056219, 5.78527604, 4.18738217,\n        3.75760887],\n       [0.8187361 , 4.49714013, 2.95867304, 5.83985531, 4.37274673,\n        3.7379328 ],\n       [0.7961915 , 4.62154402, 2.79824793, 5.82202476, 4.40921461,\n        3.79527494]]), array([0.36141312, 0.37323329, 0.38049141, 0.38680983, 0.38991973,\n       0.39534625, 0.39787954]))"}, "3": {"maxiter": 100, "fatol": 1e-10, "xatol": 1e-10, "duration": 0.02684330940246582, "fun": "0.3614131212234497", "nit": "100", "nfev": "150", "status": "2", "success": "False", "message": "Maximum number of iterations has been exceeded.", "x": "[0.514159   4.86124495 2.73338002 6.23357377 4.42216644 3.6625515 ]", "final_simplex": "(array([[0.514159  , 4.86124495, 2.73338002, 6.23357377, 4.42216644,\n        3.6625515 ],\n       [0.65472628, 4.5959259 , 2.78796869, 5.85446849, 4.20420568,\n        3.77036964],\n       [0.78347007, 4.6043048 , 2.74135201, 6.10749094, 4.02101013,\n        3.84697956],\n       [0.66885791, 4.50873105, 2.83539514, 5.68622872, 4.50788631,\n        3.61888255],\n       [0.75357359, 4.69145136, 2.95056219, 5.78527604, 4.18738217,\n        3.75760887],\n       [0.8187361 , 4.49714013, 2.95867304, 5.83985531, 4.37274673,\n        3.7379328 ],\n       [0.7961915 , 4.62154402, 2.79824793, 5.82202476, 4.40921461,\n        3.79527494]]), array([0.36141312, 0.37323329, 0.38049141, 0.38680983, 0.38991973,\n       0.39534625, 0.39787954]))"}, "4": {"maxiter": 500, "fatol": 1e-05, "xatol": 1e-05, "duration": 0.11195111274719238, "fun": "0.20031508803367615", "nit": "386", "nfev": "631", "status": "0", "success": "True", "message": "Optimization terminated successfully.", "x": "[1.18784309 6.23346984 0.85473537 7.41464706 3.21520828 4.163621  ]", "final_simplex": "(array([[1.18784309, 6.23346984, 0.85473537, 7.41464706, 3.21520828,\n        4.163621  ],\n       [1.18784375, 6.23346364, 0.8547342 , 7.41464851, 3.21520661,\n        4.16361433],\n       [1.1878368 , 6.23346262, 0.85473956, 7.41464207, 3.21520373,\n        4.1636192 ],\n       [1.18783612, 6.23346876, 0.8547362 , 7.41464692, 3.21521116,\n        4.16362331],\n       [1.18783844, 6.23346564, 0.8547362 , 7.41464922, 3.21520569,\n        4.16361982],\n       [1.18783959, 6.23346553, 0.85473552, 7.41464203, 3.21520554,\n        4.16361984],\n       [1.18783829, 6.23346752, 0.85473702, 7.41464371, 3.21520533,\n        4.16361906]]), array([0.20031509, 0.20031509, 0.20031509, 0.20031509, 0.20031509,\n       0.20031509, 0.20031509]))"}, "5": {"maxiter": 500, "fatol": 1e-05, "xatol": 1e-10, "duration": 0.13535070419311523, "fun": "0.20031508803367615", "nit": "403", "nfev": "767", "status": "0", "success": "True", "message": "Optimization terminated successfully.", "x": "[1.18784309 6.23346984 0.85473537 7.41464706 3.21520828 4.163621  ]", "final_simplex": "(array([[1.18784309, 6.23346984, 0.85473537, 7.41464706, 3.21520828,\n        4.163621  ],\n       [1.18784309, 6.23346984, 0.85473537, 7.41464706, 3.21520828,\n        4.163621  ],\n       [1.18784309, 6.23346984, 0.85473537, 7.41464706, 3.21520828,\n        4.163621  ],\n       [1.18784309, 6.23346984, 0.85473537, 7.41464706, 3.21520828,\n        4.163621  ],\n       [1.18784309, 6.23346984, 0.85473537, 7.41464706, 3.21520828,\n        4.163621  ],\n       [1.18784309, 6.23346984, 0.85473537, 7.41464706, 3.21520828,\n        4.163621  ],\n       [1.18784309, 6.23346984, 0.85473537, 7.41464706, 3.21520828,\n        4.163621  ]]), array([0.20031509, 0.20031509, 0.20031509, 0.20031509, 0.20031509,\n       0.20031509, 0.20031509]))"}, "6": {"maxiter": 500, "fatol": 1e-10, "xatol": 1e-05, "duration": 0.11157798767089844, "fun": "0.20031508803367615", "nit": "386", "nfev": "631", "status": "0", "success": "True", "message": "Optimization terminated successfully.", "x": "[1.18784309 6.23346984 0.85473537 7.41464706 3.21520828 4.163621  ]", "final_simplex": "(array([[1.18784309, 6.23346984, 0.85473537, 7.41464706, 3.21520828,\n        4.163621  ],\n       [1.18784375, 6.23346364, 0.8547342 , 7.41464851, 3.21520661,\n        4.16361433],\n       [1.1878368 , 6.23346262, 0.85473956, 7.41464207, 3.21520373,\n        4.1636192 ],\n       [1.18783612, 6.23346876, 0.8547362 , 7.41464692, 3.21521116,\n        4.16362331],\n       [1.18783844, 6.23346564, 0.8547362 , 7.41464922, 3.21520569,\n        4.16361982],\n       [1.18783959, 6.23346553, 0.85473552, 7.41464203, 3.21520554,\n        4.16361984],\n       [1.18783829, 6.23346752, 0.85473702, 7.41464371, 3.21520533,\n        4.16361906]]), array([0.20031509, 0.20031509, 0.20031509, 0.20031509, 0.20031509,\n       0.20031509, 0.20031509]))"}, "7": {"maxiter": 500, "fatol": 1e-10, "xatol": 1e-10, "duration": 0.13299918174743652, "fun": "0.20031508803367615", "nit": "403", "nfev": "767", "status": "0", "success": "True", "message": "Optimization terminated successfully.", "x": "[1.18784309 6.23346984 0.85473537 7.41464706 3.21520828 4.163621  ]", "final_simplex": "(array([[1.18784309, 6.23346984, 0.85473537, 7.41464706, 3.21520828,\n        4.163621  ],\n       [1.18784309, 6.23346984, 0.85473537, 7.41464706, 3.21520828,\n        4.163621  ],\n       [1.18784309, 6.23346984, 0.85473537, 7.41464706, 3.21520828,\n        4.163621  ],\n       [1.18784309, 6.23346984, 0.85473537, 7.41464706, 3.21520828,\n        4.163621  ],\n       [1.18784309, 6.23346984, 0.85473537, 7.41464706, 3.21520828,\n        4.163621  ],\n       [1.18784309, 6.23346984, 0.85473537, 7.41464706, 3.21520828,\n        4.163621  ],\n       [1.18784309, 6.23346984, 0.85473537, 7.41464706, 3.21520828,\n        4.163621  ]]), array([0.20031509, 0.20031509, 0.20031509, 0.20031509, 0.20031509,\n       0.20031509, 0.20031509]))"}, "8": {"maxiter": 1000, "fatol": 1e-05, "xatol": 1e-05, "duration": 0.10955595970153809, "fun": "0.20031508803367615", "nit": "386", "nfev": "631", "status": "0", "success": "True", "message": "Optimization terminated successfully.", "x": "[1.18784309 6.23346984 0.85473537 7.41464706 3.21520828 4.163621  ]", "final_simplex": "(array([[1.18784309, 6.23346984, 0.85473537, 7.41464706, 3.21520828,\n        4.163621  ],\n       [1.18784375, 6.23346364, 0.8547342 , 7.41464851, 3.21520661,\n        4.16361433],\n       [1.1878368 , 6.23346262, 0.85473956, 7.41464207, 3.21520373,\n        4.1636192 ],\n       [1.18783612, 6.23346876, 0.8547362 , 7.41464692, 3.21521116,\n        4.16362331],\n       [1.18783844, 6.23346564, 0.8547362 , 7.41464922, 3.21520569,\n        4.16361982],\n       [1.18783959, 6.23346553, 0.85473552, 7.41464203, 3.21520554,\n        4.16361984],\n       [1.18783829, 6.23346752, 0.85473702, 7.41464371, 3.21520533,\n        4.16361906]]), array([0.20031509, 0.20031509, 0.20031509, 0.20031509, 0.20031509,\n       0.20031509, 0.20031509]))"}, "9": {"maxiter": 1000, "fatol": 1e-05, "xatol": 1e-10, "duration": 0.13467788696289062, "fun": "0.20031508803367615", "nit": "403", "nfev": "767", "status": "0", "success": "True", "message": "Optimization terminated successfully.", "x": "[1.18784309 6.23346984 0.85473537 7.41464706 3.21520828 4.163621  ]", "final_simplex": "(array([[1.18784309, 6.23346984, 0.85473537, 7.41464706, 3.21520828,\n        4.163621  ],\n       [1.18784309, 6.23346984, 0.85473537, 7.41464706, 3.21520828,\n        4.163621  ],\n       [1.18784309, 6.23346984, 0.85473537, 7.41464706, 3.21520828,\n        4.163621  ],\n       [1.18784309, 6.23346984, 0.85473537, 7.41464706, 3.21520828,\n        4.163621  ],\n       [1.18784309, 6.23346984, 0.85473537, 7.41464706, 3.21520828,\n        4.163621  ],\n       [1.18784309, 6.23346984, 0.85473537, 7.41464706, 3.21520828,\n        4.163621  ],\n       [1.18784309, 6.23346984, 0.85473537, 7.41464706, 3.21520828,\n        4.163621  ]]), array([0.20031509, 0.20031509, 0.20031509, 0.20031509, 0.20031509,\n       0.20031509, 0.20031509]))"}, "10": {"maxiter": 1000, "fatol": 1e-10, "xatol": 1e-05, "duration": 0.11161398887634277, "fun": "0.20031508803367615", "nit": "386", "nfev": "631", "status": "0", "success": "True", "message": "Optimization terminated successfully.", "x": "[1.18784309 6.23346984 0.85473537 7.41464706 3.21520828 4.163621  ]", "final_simplex": "(array([[1.18784309, 6.23346984, 0.85473537, 7.41464706, 3.21520828,\n        4.163621  ],\n       [1.18784375, 6.23346364, 0.8547342 , 7.41464851, 3.21520661,\n        4.16361433],\n       [1.1878368 , 6.23346262, 0.85473956, 7.41464207, 3.21520373,\n        4.1636192 ],\n       [1.18783612, 6.23346876, 0.8547362 , 7.41464692, 3.21521116,\n        4.16362331],\n       [1.18783844, 6.23346564, 0.8547362 , 7.41464922, 3.21520569,\n        4.16361982],\n       [1.18783959, 6.23346553, 0.85473552, 7.41464203, 3.21520554,\n        4.16361984],\n       [1.18783829, 6.23346752, 0.85473702, 7.41464371, 3.21520533,\n        4.16361906]]), array([0.20031509, 0.20031509, 0.20031509, 0.20031509, 0.20031509,\n       0.20031509, 0.20031509]))"}, "11": {"maxiter": 1000, "fatol": 1e-10, "xatol": 1e-10, "duration": 0.14079713821411133, "fun": "0.20031508803367615", "nit": "403", "nfev": "767", "status": "0", "success": "True", "message": "Optimization terminated successfully.", "x": "[1.18784309 6.23346984 0.85473537 7.41464706 3.21520828 4.163621  ]", "final_simplex": "(array([[1.18784309, 6.23346984, 0.85473537, 7.41464706, 3.21520828,\n        4.163621  ],\n       [1.18784309, 6.23346984, 0.85473537, 7.41464706, 3.21520828,\n        4.163621  ],\n       [1.18784309, 6.23346984, 0.85473537, 7.41464706, 3.21520828,\n        4.163621  ],\n       [1.18784309, 6.23346984, 0.85473537, 7.41464706, 3.21520828,\n        4.163621  ],\n       [1.18784309, 6.23346984, 0.85473537, 7.41464706, 3.21520828,\n        4.163621  ],\n       [1.18784309, 6.23346984, 0.85473537, 7.41464706, 3.21520828,\n        4.163621  ],\n       [1.18784309, 6.23346984, 0.85473537, 7.41464706, 3.21520828,\n        4.163621  ]]), array([0.20031509, 0.20031509, 0.20031509, 0.20031509, 0.20031509,\n       0.20031509, 0.20031509]))"}}, "bfgs": {"0": {"maxiter": 100, "gtol": 1e-05, "xrtol": 1e-05, "eps": 1e-05, "duration": 0.04816484451293945, "fun": "0.20031777024269104", "jac": "[0. 0. 0. 0. 0. 0.]", "hess_inv": "[[ 3.30489442  1.58827444 -0.65737943 -0.95857011  1.0284642   0.28440276]\n [ 1.58827444  7.33275179 -4.12667979 -4.28828334  2.014385   -1.00254694]\n [-0.65737943 -4.12667979  3.85990929  3.00065424 -1.69128592  0.30808256]\n [-0.95857011 -4.28828334  3.00065424  6.66452391 -3.11262195  0.71225779]\n [ 1.0284642   2.014385   -1.69128592 -3.11262195  5.35584431 -2.00864063]\n [ 0.28440276 -1.00254694  0.30808256  0.71225779 -2.00864063  2.88929853]]", "nfev": "266", "njev": "38", "status": "0", "success": "True", "message": "Optimization terminated successfully.", "x": "[-1.18379317  3.09376582  3.99778276  5.15297595  6.35747925  1.0273587 ]", "nit": "36"}, "1": {"maxiter": 100, "gtol": 1e-05, "xrtol": 1e-05, "eps": 1e-10, "duration": 0.001287221908569336, "fun": "0.8719708919525146", "jac": "[0. 0. 0. 0. 0. 0.]", "hess_inv": "[[1 0 0 0 0 0]\n [0 1 0 0 0 0]\n [0 0 1 0 0 0]\n [0 0 0 1 0 0]\n [0 0 0 0 1 0]\n [0 0 0 0 0 1]]", "nfev": "7", "njev": "1", "status": "0", "success": "True", "message": "Optimization terminated successfully.", "x": "[1.20409711 4.28697473 2.38891678 3.79339336 5.92115723 4.38899076]", "nit": "0"}, "2": {"maxiter": 100, "gtol": 1e-05, "xrtol": 1e-10, "eps": 1e-05, "duration": 0.047865867614746094, "fun": "0.20031777024269104", "jac": "[0. 0. 0. 0. 0. 0.]", "hess_inv": "[[ 3.30489442  1.58827444 -0.65737943 -0.95857011  1.0284642   0.28440276]\n [ 1.58827444  7.33275179 -4.12667979 -4.28828334  2.014385   -1.00254694]\n [-0.65737943 -4.12667979  3.85990929  3.00065424 -1.69128592  0.30808256]\n [-0.95857011 -4.28828334  3.00065424  6.66452391 -3.11262195  0.71225779]\n [ 1.0284642   2.014385   -1.69128592 -3.11262195  5.35584431 -2.00864063]\n [ 0.28440276 -1.00254694  0.30808256  0.71225779 -2.00864063  2.88929853]]", "nfev": "266", "njev": "38", "status": "0", "success": "True", "message": "Optimization terminated successfully.", "x": "[-1.18379317  3.09376582  3.99778276  5.15297595  6.35747925  1.0273587 ]", "nit": "36"}, "3": {"maxiter": 100, "gtol": 1e-05, "xrtol": 1e-10, "eps": 1e-10, "duration": 0.0012841224670410156, "fun": "0.8719708919525146", "jac": "[0. 0. 0. 0. 0. 0.]", "hess_inv": "[[1 0 0 0 0 0]\n [0 1 0 0 0 0]\n [0 0 1 0 0 0]\n [0 0 0 1 0 0]\n [0 0 0 0 1 0]\n [0 0 0 0 0 1]]", "nfev": "7", "njev": "1", "status": "0", "success": "True", "message": "Optimization terminated successfully.", "x": "[1.20409711 4.28697473 2.38891678 3.79339336 5.92115723 4.38899076]", "nit": "0"}, "4": {"maxiter": 100, "gtol": 1e-10, "xrtol": 1e-05, "eps": 1e-05, "duration": 0.047774314880371094, "fun": "0.20031777024269104", "jac": "[0. 0. 0. 0. 0. 0.]", "hess_inv": "[[ 3.30489442  1.58827444 -0.65737943 -0.95857011  1.0284642   0.28440276]\n [ 1.58827444  7.33275179 -4.12667979 -4.28828334  2.014385   -1.00254694]\n [-0.65737943 -4.12667979  3.85990929  3.00065424 -1.69128592  0.30808256]\n [-0.95857011 -4.28828334  3.00065424  6.66452391 -3.11262195  0.71225779]\n [ 1.0284642   2.014385   -1.69128592 -3.11262195  5.35584431 -2.00864063]\n [ 0.28440276 -1.00254694  0.30808256  0.71225779 -2.00864063  2.88929853]]", "nfev": "266", "njev": "38", "status": "0", "success": "True", "message": "Optimization terminated successfully.", "x": "[-1.18379317  3.09376582  3.99778276  5.15297595  6.35747925  1.0273587 ]", "nit": "36"}, "5": {"maxiter": 100, "gtol": 1e-10, "xrtol": 1e-05, "eps": 1e-10, "duration": 0.0012748241424560547, "fun": "0.8719708919525146", "jac": "[0. 0. 0. 0. 0. 0.]", "hess_inv": "[[1 0 0 0 0 0]\n [0 1 0 0 0 0]\n [0 0 1 0 0 0]\n [0 0 0 1 0 0]\n [0 0 0 0 1 0]\n [0 0 0 0 0 1]]", "nfev": "7", "njev": "1", "status": "0", "success": "True", "message": "Optimization terminated successfully.", "x": "[1.20409711 4.28697473 2.38891678 3.79339336 5.92115723 4.38899076]", "nit": "0"}, "6": {"maxiter": 100, "gtol": 1e-10, "xrtol": 1e-10, "eps": 1e-05, "duration": 0.047796010971069336, "fun": "0.20031777024269104", "jac": "[0. 0. 0. 0. 0. 0.]", "hess_inv": "[[ 3.30489442  1.58827444 -0.65737943 -0.95857011  1.0284642   0.28440276]\n [ 1.58827444  7.33275179 -4.12667979 -4.28828334  2.014385   -1.00254694]\n [-0.65737943 -4.12667979  3.85990929  3.00065424 -1.69128592  0.30808256]\n [-0.95857011 -4.28828334  3.00065424  6.66452391 -3.11262195  0.71225779]\n [ 1.0284642   2.014385   -1.69128592 -3.11262195  5.35584431 -2.00864063]\n [ 0.28440276 -1.00254694  0.30808256  0.71225779 -2.00864063  2.88929853]]", "nfev": "266", "njev": "38", "status": "0", "success": "True", "message": "Optimization terminated successfully.", "x": "[-1.18379317  3.09376582  3.99778276  5.15297595  6.35747925  1.0273587 ]", "nit": "36"}, "7": {"maxiter": 100, "gtol": 1e-10, "xrtol": 1e-10, "eps": 1e-10, "duration": 0.001271963119506836, "fun": "0.8719708919525146", "jac": "[0. 0. 0. 0. 0. 0.]", "hess_inv": "[[1 0 0 0 0 0]\n [0 1 0 0 0 0]\n [0 0 1 0 0 0]\n [0 0 0 1 0 0]\n [0 0 0 0 1 0]\n [0 0 0 0 0 1]]", "nfev": "7", "njev": "1", "status": "0", "success": "True", "message": "Optimization terminated successfully.", "x": "[1.20409711 4.28697473 2.38891678 3.79339336 5.92115723 4.38899076]", "nit": "0"}, "8": {"maxiter": 500, "gtol": 1e-05, "xrtol": 1e-05, "eps": 1e-05, "duration": 0.047856807708740234, "fun": "0.20031777024269104", "jac": "[0. 0. 0. 0. 0. 0.]", "hess_inv": "[[ 3.30489442  1.58827444 -0.65737943 -0.95857011  1.0284642   0.28440276]\n [ 1.58827444  7.33275179 -4.12667979 -4.28828334  2.014385   -1.00254694]\n [-0.65737943 -4.12667979  3.85990929  3.00065424 -1.69128592  0.30808256]\n [-0.95857011 -4.28828334  3.00065424  6.66452391 -3.11262195  0.71225779]\n [ 1.0284642   2.014385   -1.69128592 -3.11262195  5.35584431 -2.00864063]\n [ 0.28440276 -1.00254694  0.30808256  0.71225779 -2.00864063  2.88929853]]", "nfev": "266", "njev": "38", "status": "0", "success": "True", "message": "Optimization terminated successfully.", "x": "[-1.18379317  3.09376582  3.99778276  5.15297595  6.35747925  1.0273587 ]", "nit": "36"}, "9": {"maxiter": 500, "gtol": 1e-05, "xrtol": 1e-05, "eps": 1e-10, "duration": 0.0012700557708740234, "fun": "0.8719708919525146", "jac": "[0. 0. 0. 0. 0. 0.]", "hess_inv": "[[1 0 0 0 0 0]\n [0 1 0 0 0 0]\n [0 0 1 0 0 0]\n [0 0 0 1 0 0]\n [0 0 0 0 1 0]\n [0 0 0 0 0 1]]", "nfev": "7", "njev": "1", "status": "0", "success": "True", "message": "Optimization terminated successfully.", "x": "[1.20409711 4.28697473 2.38891678 3.79339336 5.92115723 4.38899076]", "nit": "0"}, "10": {"maxiter": 500, "gtol": 1e-05, "xrtol": 1e-10, "eps": 1e-05, "duration": 0.0478668212890625, "fun": "0.20031777024269104", "jac": "[0. 0. 0. 0. 0. 0.]", "hess_inv": "[[ 3.30489442  1.58827444 -0.65737943 -0.95857011  1.0284642   0.28440276]\n [ 1.58827444  7.33275179 -4.12667979 -4.28828334  2.014385   -1.00254694]\n [-0.65737943 -4.12667979  3.85990929  3.00065424 -1.69128592  0.30808256]\n [-0.95857011 -4.28828334  3.00065424  6.66452391 -3.11262195  0.71225779]\n [ 1.0284642   2.014385   -1.69128592 -3.11262195  5.35584431 -2.00864063]\n [ 0.28440276 -1.00254694  0.30808256  0.71225779 -2.00864063  2.88929853]]", "nfev": "266", "njev": "38", "status": "0", "success": "True", "message": "Optimization terminated successfully.", "x": "[-1.18379317  3.09376582  3.99778276  5.15297595  6.35747925  1.0273587 ]", "nit": "36"}, "11": {"maxiter": 500, "gtol": 1e-05, "xrtol": 1e-10, "eps": 1e-10, "duration": 0.0012671947479248047, "fun": "0.8719708919525146", "jac": "[0. 0. 0. 0. 0. 0.]", "hess_inv": "[[1 0 0 0 0 0]\n [0 1 0 0 0 0]\n [0 0 1 0 0 0]\n [0 0 0 1 0 0]\n [0 0 0 0 1 0]\n [0 0 0 0 0 1]]", "nfev": "7", "njev": "1", "status": "0", "success": "True", "message": "Optimization terminated successfully.", "x": "[1.20409711 4.28697473 2.38891678 3.79339336 5.92115723 4.38899076]", "nit": "0"}, "12": {"maxiter": 500, "gtol": 1e-10, "xrtol": 1e-05, "eps": 1e-05, "duration": 0.04803013801574707, "fun": "0.20031777024269104", "jac": "[0. 0. 0. 0. 0. 0.]", "hess_inv": "[[ 3.30489442  1.58827444 -0.65737943 -0.95857011  1.0284642   0.28440276]\n [ 1.58827444  7.33275179 -4.12667979 -4.28828334  2.014385   -1.00254694]\n [-0.65737943 -4.12667979  3.85990929  3.00065424 -1.69128592  0.30808256]\n [-0.95857011 -4.28828334  3.00065424  6.66452391 -3.11262195  0.71225779]\n [ 1.0284642   2.014385   -1.69128592 -3.11262195  5.35584431 -2.00864063]\n [ 0.28440276 -1.00254694  0.30808256  0.71225779 -2.00864063  2.88929853]]", "nfev": "266", "njev": "38", "status": "0", "success": "True", "message": "Optimization terminated successfully.", "x": "[-1.18379317  3.09376582  3.99778276  5.15297595  6.35747925  1.0273587 ]", "nit": "36"}, "13": {"maxiter": 500, "gtol": 1e-10, "xrtol": 1e-05, "eps": 1e-10, "duration": 0.0013079643249511719, "fun": "0.8719708919525146", "jac": "[0. 0. 0. 0. 0. 0.]", "hess_inv": "[[1 0 0 0 0 0]\n [0 1 0 0 0 0]\n [0 0 1 0 0 0]\n [0 0 0 1 0 0]\n [0 0 0 0 1 0]\n [0 0 0 0 0 1]]", "nfev": "7", "njev": "1", "status": "0", "success": "True", "message": "Optimization terminated successfully.", "x": "[1.20409711 4.28697473 2.38891678 3.79339336 5.92115723 4.38899076]", "nit": "0"}, "14": {"maxiter": 500, "gtol": 1e-10, "xrtol": 1e-10, "eps": 1e-05, "duration": 0.04780292510986328, "fun": "0.20031777024269104", "jac": "[0. 0. 0. 0. 0. 0.]", "hess_inv": "[[ 3.30489442  1.58827444 -0.65737943 -0.95857011  1.0284642   0.28440276]\n [ 1.58827444  7.33275179 -4.12667979 -4.28828334  2.014385   -1.00254694]\n [-0.65737943 -4.12667979  3.85990929  3.00065424 -1.69128592  0.30808256]\n [-0.95857011 -4.28828334  3.00065424  6.66452391 -3.11262195  0.71225779]\n [ 1.0284642   2.014385   -1.69128592 -3.11262195  5.35584431 -2.00864063]\n [ 0.28440276 -1.00254694  0.30808256  0.71225779 -2.00864063  2.88929853]]", "nfev": "266", "njev": "38", "status": "0", "success": "True", "message": "Optimization terminated successfully.", "x": "[-1.18379317  3.09376582  3.99778276  5.15297595  6.35747925  1.0273587 ]", "nit": "36"}, "15": {"maxiter": 500, "gtol": 1e-10, "xrtol": 1e-10, "eps": 1e-10, "duration": 0.0012631416320800781, "fun": "0.8719708919525146", "jac": "[0. 0. 0. 0. 0. 0.]", "hess_inv": "[[1 0 0 0 0 0]\n [0 1 0 0 0 0]\n [0 0 1 0 0 0]\n [0 0 0 1 0 0]\n [0 0 0 0 1 0]\n [0 0 0 0 0 1]]", "nfev": "7", "njev": "1", "status": "0", "success": "True", "message": "Optimization terminated successfully.", "x": "[1.20409711 4.28697473 2.38891678 3.79339336 5.92115723 4.38899076]", "nit": "0"}, "16": {"maxiter": 1000, "gtol": 1e-05, "xrtol": 1e-05, "eps": 1e-05, "duration": 0.04750633239746094, "fun": "0.20031777024269104", "jac": "[0. 0. 0. 0. 0. 0.]", "hess_inv": "[[ 3.30489442  1.58827444 -0.65737943 -0.95857011  1.0284642   0.28440276]\n [ 1.58827444  7.33275179 -4.12667979 -4.28828334  2.014385   -1.00254694]\n [-0.65737943 -4.12667979  3.85990929  3.00065424 -1.69128592  0.30808256]\n [-0.95857011 -4.28828334  3.00065424  6.66452391 -3.11262195  0.71225779]\n [ 1.0284642   2.014385   -1.69128592 -3.11262195  5.35584431 -2.00864063]\n [ 0.28440276 -1.00254694  0.30808256  0.71225779 -2.00864063  2.88929853]]", "nfev": "266", "njev": "38", "status": "0", "success": "True", "message": "Optimization terminated successfully.", "x": "[-1.18379317  3.09376582  3.99778276  5.15297595  6.35747925  1.0273587 ]", "nit": "36"}, "17": {"maxiter": 1000, "gtol": 1e-05, "xrtol": 1e-05, "eps": 1e-10, "duration": 0.0012590885162353516, "fun": "0.8719708919525146", "jac": "[0. 0. 0. 0. 0. 0.]", "hess_inv": "[[1 0 0 0 0 0]\n [0 1 0 0 0 0]\n [0 0 1 0 0 0]\n [0 0 0 1 0 0]\n [0 0 0 0 1 0]\n [0 0 0 0 0 1]]", "nfev": "7", "njev": "1", "status": "0", "success": "True", "message": "Optimization terminated successfully.", "x": "[1.20409711 4.28697473 2.38891678 3.79339336 5.92115723 4.38899076]", "nit": "0"}, "18": {"maxiter": 1000, "gtol": 1e-05, "xrtol": 1e-10, "eps": 1e-05, "duration": 0.04741191864013672, "fun": "0.20031777024269104", "jac": "[0. 0. 0. 0. 0. 0.]", "hess_inv": "[[ 3.30489442  1.58827444 -0.65737943 -0.95857011  1.0284642   0.28440276]\n [ 1.58827444  7.33275179 -4.12667979 -4.28828334  2.014385   -1.00254694]\n [-0.65737943 -4.12667979  3.85990929  3.00065424 -1.69128592  0.30808256]\n [-0.95857011 -4.28828334  3.00065424  6.66452391 -3.11262195  0.71225779]\n [ 1.0284642   2.014385   -1.69128592 -3.11262195  5.35584431 -2.00864063]\n [ 0.28440276 -1.00254694  0.30808256  0.71225779 -2.00864063  2.88929853]]", "nfev": "266", "njev": "38", "status": "0", "success": "True", "message": "Optimization terminated successfully.", "x": "[-1.18379317  3.09376582  3.99778276  5.15297595  6.35747925  1.0273587 ]", "nit": "36"}, "19": {"maxiter": 1000, "gtol": 1e-05, "xrtol": 1e-10, "eps": 1e-10, "duration": 0.0012679100036621094, "fun": "0.8719708919525146", "jac": "[0. 0. 0. 0. 0. 0.]", "hess_inv": "[[1 0 0 0 0 0]\n [0 1 0 0 0 0]\n [0 0 1 0 0 0]\n [0 0 0 1 0 0]\n [0 0 0 0 1 0]\n [0 0 0 0 0 1]]", "nfev": "7", "njev": "1", "status": "0", "success": "True", "message": "Optimization terminated successfully.", "x": "[1.20409711 4.28697473 2.38891678 3.79339336 5.92115723 4.38899076]", "nit": "0"}, "20": {"maxiter": 1000, "gtol": 1e-10, "xrtol": 1e-05, "eps": 1e-05, "duration": 0.04749321937561035, "fun": "0.20031777024269104", "jac": "[0. 0. 0. 0. 0. 0.]", "hess_inv": "[[ 3.30489442  1.58827444 -0.65737943 -0.95857011  1.0284642   0.28440276]\n [ 1.58827444  7.33275179 -4.12667979 -4.28828334  2.014385   -1.00254694]\n [-0.65737943 -4.12667979  3.85990929  3.00065424 -1.69128592  0.30808256]\n [-0.95857011 -4.28828334  3.00065424  6.66452391 -3.11262195  0.71225779]\n [ 1.0284642   2.014385   -1.69128592 -3.11262195  5.35584431 -2.00864063]\n [ 0.28440276 -1.00254694  0.30808256  0.71225779 -2.00864063  2.88929853]]", "nfev": "266", "njev": "38", "status": "0", "success": "True", "message": "Optimization terminated successfully.", "x": "[-1.18379317  3.09376582  3.99778276  5.15297595  6.35747925  1.0273587 ]", "nit": "36"}, "21": {"maxiter": 1000, "gtol": 1e-10, "xrtol": 1e-05, "eps": 1e-10, "duration": 0.0012822151184082031, "fun": "0.8719708919525146", "jac": "[0. 0. 0. 0. 0. 0.]", "hess_inv": "[[1 0 0 0 0 0]\n [0 1 0 0 0 0]\n [0 0 1 0 0 0]\n [0 0 0 1 0 0]\n [0 0 0 0 1 0]\n [0 0 0 0 0 1]]", "nfev": "7", "njev": "1", "status": "0", "success": "True", "message": "Optimization terminated successfully.", "x": "[1.20409711 4.28697473 2.38891678 3.79339336 5.92115723 4.38899076]", "nit": "0"}, "22": {"maxiter": 1000, "gtol": 1e-10, "xrtol": 1e-10, "eps": 1e-05, "duration": 0.04929804801940918, "fun": "0.20031777024269104", "jac": "[0. 0. 0. 0. 0. 0.]", "hess_inv": "[[ 3.30489442  1.58827444 -0.65737943 -0.95857011  1.0284642   0.28440276]\n [ 1.58827444  7.33275179 -4.12667979 -4.28828334  2.014385   -1.00254694]\n [-0.65737943 -4.12667979  3.85990929  3.00065424 -1.69128592  0.30808256]\n [-0.95857011 -4.28828334  3.00065424  6.66452391 -3.11262195  0.71225779]\n [ 1.0284642   2.014385   -1.69128592 -3.11262195  5.35584431 -2.00864063]\n [ 0.28440276 -1.00254694  0.30808256  0.71225779 -2.00864063  2.88929853]]", "nfev": "266", "njev": "38", "status": "0", "success": "True", "message": "Optimization terminated successfully.", "x": "[-1.18379317  3.09376582  3.99778276  5.15297595  6.35747925  1.0273587 ]", "nit": "36"}, "23": {"maxiter": 1000, "gtol": 1e-10, "xrtol": 1e-10, "eps": 1e-10, "duration": 0.0013141632080078125, "fun": "0.8719708919525146", "jac": "[0. 0. 0. 0. 0. 0.]", "hess_inv": "[[1 0 0 0 0 0]\n [0 1 0 0 0 0]\n [0 0 1 0 0 0]\n [0 0 0 1 0 0]\n [0 0 0 0 1 0]\n [0 0 0 0 0 1]]", "nfev": "7", "njev": "1", "status": "0", "success": "True", "message": "Optimization terminated successfully.", "x": "[1.20409711 4.28697473 2.38891678 3.79339336 5.92115723 4.38899076]", "nit": "0"}}, "cobyla": {"0": {"maxiter": 100, "tol": 1e-05, "catol": 1e-05, "duration": 0.018206119537353516, "x": "[-1.09848294  3.25432317  3.92457718  7.45671423  3.27069714  4.26895697]", "status": "2", "success": "False", "message": "Maximum number of function evaluations has been exceeded.", "nfev": "100", "fun": "0.20237423479557037", "maxcv": "0.0"}, "1": {"maxiter": 100, "tol": 1e-05, "catol": 1e-10, "duration": 0.017742156982421875, "x": "[-1.09848294  3.25432317  3.92457718  7.45671423  3.27069714  4.26895697]", "status": "2", "success": "False", "message": "Maximum number of function evaluations has been exceeded.", "nfev": "100", "fun": "0.20237423479557037", "maxcv": "0.0"}, "2": {"maxiter": 100, "tol": 1e-10, "catol": 1e-05, "duration": 0.01741480827331543, "x": "[-1.09848294  3.25432317  3.92457718  7.45671423  3.27069714  4.26895697]", "status": "2", "success": "False", "message": "Maximum number of function evaluations has been exceeded.", "nfev": "100", "fun": "0.20237423479557037", "maxcv": "0.0"}, "3": {"maxiter": 100, "tol": 1e-10, "catol": 1e-10, "duration": 0.017488956451416016, "x": "[-1.09848294  3.25432317  3.92457718  7.45671423  3.27069714  4.26895697]", "status": "2", "success": "False", "message": "Maximum number of function evaluations has been exceeded.", "nfev": "100", "fun": "0.20237423479557037", "maxcv": "0.0"}, "4": {"maxiter": 500, "tol": 1e-05, "catol": 1e-05, "duration": 0.03843402862548828, "x": "[-1.18674213  3.09257584  3.99638493  7.41456748  3.21549036  4.16427028]", "status": "1", "success": "True", "message": "Optimization terminated successfully.", "nfev": "218", "fun": "0.20031514763832092", "maxcv": "0.0"}, "5": {"maxiter": 500, "tol": 1e-05, "catol": 1e-10, "duration": 0.03816699981689453, "x": "[-1.18674213  3.09257584  3.99638493  7.41456748  3.21549036  4.16427028]", "status": "1", "success": "True", "message": "Optimization terminated successfully.", "nfev": "218", "fun": "0.20031514763832092", "maxcv": "0.0"}, "6": {"maxiter": 500, "tol": 1e-10, "catol": 1e-05, "duration": 0.044296979904174805, "x": "[-1.18673633  3.09257281  3.99638212  7.41457215  3.21549559  4.16427067]", "status": "1", "success": "True", "message": "Optimization terminated successfully.", "nfev": "253", "fun": "0.20031514763832092", "maxcv": "0.0"}, "7": {"maxiter": 500, "tol": 1e-10, "catol": 1e-10, "duration": 0.04407095909118652, "x": "[-1.18673633  3.09257281  3.99638212  7.41457215  3.21549559  4.16427067]", "status": "1", "success": "True", "message": "Optimization terminated successfully.", "nfev": "253", "fun": "0.20031514763832092", "maxcv": "0.0"}, "8": {"maxiter": 1000, "tol": 1e-05, "catol": 1e-05, "duration": 0.03806114196777344, "x": "[-1.18674213  3.09257584  3.99638493  7.41456748  3.21549036  4.16427028]", "status": "1", "success": "True", "message": "Optimization terminated successfully.", "nfev": "218", "fun": "0.20031514763832092", "maxcv": "0.0"}, "9": {"maxiter": 1000, "tol": 1e-05, "catol": 1e-10, "duration": 0.03804898262023926, "x": "[-1.18674213  3.09257584  3.99638493  7.41456748  3.21549036  4.16427028]", "status": "1", "success": "True", "message": "Optimization terminated successfully.", "nfev": "218", "fun": "0.20031514763832092", "maxcv": "0.0"}, "10": {"maxiter": 1000, "tol": 1e-10, "catol": 1e-05, "duration": 0.044216156005859375, "x": "[-1.18673633  3.09257281  3.99638212  7.41457215  3.21549559  4.16427067]", "status": "1", "success": "True", "message": "Optimization terminated successfully.", "nfev": "253", "fun": "0.20031514763832092", "maxcv": "0.0"}, "11": {"maxiter": 1000, "tol": 1e-10, "catol": 1e-10, "duration": 0.04452395439147949, "x": "[-1.18673633  3.09257281  3.99638212  7.41457215  3.21549559  4.16427067]", "status": "1", "success": "True", "message": "Optimization terminated successfully.", "nfev": "253", "fun": "0.20031514763832092", "maxcv": "0.0"}}, "powell": {"0": {"maxiter": 100, "ftol": 1e-05, "xtol": 1e-05, "duration": 0.15448284149169922, "fun": "0.14016810059547424", "direc": "[[-0.0030882  -0.20321385 -0.18213376  0.01638636  0.28523459 -0.16570481]\n [ 0.          1.          0.          0.          0.          0.        ]\n [ 0.30309332 -0.01496873  0.03483274 -0.06338467  0.29079502 -0.04411914]\n [ 0.          0.          0.          1.          0.          0.        ]\n [ 0.          0.          0.          0.          0.          1.        ]\n [-0.01181245 -0.00190619  0.00803958 -0.00474254 -0.00417895  0.00226393]]", "nit": "10", "nfev": "883", "status": "0", "success": "True", "message": "Optimization terminated successfully.", "x": "[ 1.7094593   2.29118265 -0.56470271  5.05839097  7.82904748  2.09973146]"}, "1": {"maxiter": 100, "ftol": 1e-05, "xtol": 1e-10, "duration": 0.36397790908813477, "fun": "0.14016811549663544", "direc": "[[-0.00544033 -0.19639988 -0.17815014  0.0165809   0.28606483 -0.16184836]\n [ 0.          1.          0.          0.          0.          0.        ]\n [ 0.30312242 -0.01478844  0.03548877 -0.06430656  0.29070478 -0.04362859]\n [ 0.          0.          0.          1.          0.          0.        ]\n [ 0.          0.          0.          0.          0.          1.        ]\n [-0.01051116 -0.00250367  0.00594285 -0.00415092 -0.00430985  0.00109088]]", "nit": "10", "nfev": "2006", "status": "0", "success": "True", "message": "Optimization terminated successfully.", "x": "[ 1.70950351  2.29107152 -0.56473322  5.05822502  7.82903001  2.09967609]"}, "2": {"maxiter": 100, "ftol": 1e-10, "xtol": 1e-05, "duration": 0.23232674598693848, "fun": "0.14016805589199066", "direc": "[[-0.0030882  -0.20321385 -0.18213376  0.01638636  0.28523459 -0.16570481]\n [ 0.          1.          0.          0.          0.          0.        ]\n [ 0.30309332 -0.01496873  0.03483274 -0.06338467  0.29079502 -0.04411914]\n [ 0.          0.          0.          1.          0.          0.        ]\n [ 0.          0.          0.          0.          0.          1.        ]\n [-0.01181245 -0.00190619  0.00803958 -0.00474254 -0.00417895  0.00226393]]", "nit": "12", "nfev": "1261", "status": "0", "success": "True", "message": "Optimization terminated successfully.", "x": "[ 1.70974977  2.29149264 -0.56430229  5.05829845  7.82874427  2.10002466]"}, "3": {"maxiter": 100, "ftol": 1e-10, "xtol": 1e-10, "duration": 0.45641231536865234, "fun": "0.14016807079315186", "direc": "[[-0.00544033 -0.19639988 -0.17815014  0.0165809   0.28606483 -0.16184836]\n [ 0.          1.          0.          0.          0.          0.        ]\n [ 0.30312242 -0.01478844  0.03548877 -0.06430656  0.29070478 -0.04362859]\n [ 0.          0.          0.          1.          0.          0.        ]\n [ 0.          0.          0.          0.          0.          1.        ]\n [-0.01051116 -0.00250367  0.00594285 -0.00415092 -0.00430985  0.00109088]]", "nit": "12", "nfev": "2494", "status": "0", "success": "True", "message": "Optimization terminated successfully.", "x": "[ 1.70972174  2.29143713 -0.56436806  5.05814921  7.82868202  2.09995582]"}, "4": {"maxiter": 500, "ftol": 1e-05, "xtol": 1e-05, "duration": 0.15579891204833984, "fun": "0.14016810059547424", "direc": "[[-0.0030882  -0.20321385 -0.18213376  0.01638636  0.28523459 -0.16570481]\n [ 0.          1.          0.          0.          0.          0.        ]\n [ 0.30309332 -0.01496873  0.03483274 -0.06338467  0.29079502 -0.04411914]\n [ 0.          0.          0.          1.          0.          0.        ]\n [ 0.          0.          0.          0.          0.          1.        ]\n [-0.01181245 -0.00190619  0.00803958 -0.00474254 -0.00417895  0.00226393]]", "nit": "10", "nfev": "883", "status": "0", "success": "True", "message": "Optimization terminated successfully.", "x": "[ 1.7094593   2.29118265 -0.56470271  5.05839097  7.82904748  2.09973146]"}, "5": {"maxiter": 500, "ftol": 1e-05, "xtol": 1e-10, "duration": 0.3518252372741699, "fun": "0.14016811549663544", "direc": "[[-0.00544033 -0.19639988 -0.17815014  0.0165809   0.28606483 -0.16184836]\n [ 0.          1.          0.          0.          0.          0.        ]\n [ 0.30312242 -0.01478844  0.03548877 -0.06430656  0.29070478 -0.04362859]\n [ 0.          0.          0.          1.          0.          0.        ]\n [ 0.          0.          0.          0.          0.          1.        ]\n [-0.01051116 -0.00250367  0.00594285 -0.00415092 -0.00430985  0.00109088]]", "nit": "10", "nfev": "2006", "status": "0", "success": "True", "message": "Optimization terminated successfully.", "x": "[ 1.70950351  2.29107152 -0.56473322  5.05822502  7.82903001  2.09967609]"}, "6": {"maxiter": 500, "ftol": 1e-10, "xtol": 1e-05, "duration": 0.22156381607055664, "fun": "0.14016805589199066", "direc": "[[-0.0030882  -0.20321385 -0.18213376  0.01638636  0.28523459 -0.16570481]\n [ 0.          1.          0.          0.          0.          0.        ]\n [ 0.30309332 -0.01496873  0.03483274 -0.06338467  0.29079502 -0.04411914]\n [ 0.          0.          0.          1.          0.          0.        ]\n [ 0.          0.          0.          0.          0.          1.        ]\n [-0.01181245 -0.00190619  0.00803958 -0.00474254 -0.00417895  0.00226393]]", "nit": "12", "nfev": "1261", "status": "0", "success": "True", "message": "Optimization terminated successfully.", "x": "[ 1.70974977  2.29149264 -0.56430229  5.05829845  7.82874427  2.10002466]"}, "7": {"maxiter": 500, "ftol": 1e-10, "xtol": 1e-10, "duration": 0.4373738765716553, "fun": "0.14016807079315186", "direc": "[[-0.00544033 -0.19639988 -0.17815014  0.0165809   0.28606483 -0.16184836]\n [ 0.          1.          0.          0.          0.          0.        ]\n [ 0.30312242 -0.01478844  0.03548877 -0.06430656  0.29070478 -0.04362859]\n [ 0.          0.          0.          1.          0.          0.        ]\n [ 0.          0.          0.          0.          0.          1.        ]\n [-0.01051116 -0.00250367  0.00594285 -0.00415092 -0.00430985  0.00109088]]", "nit": "12", "nfev": "2494", "status": "0", "success": "True", "message": "O