{"conf_id": 21, "data_type": "random\n", "num_data_points": 2, "s_rank": 0, "unitary": "[[-0.56303964-0.00798273j,-0.21670212-0.15784972j,-0.06047197-0.73952673j,-0.01438004+0.24552571j],[-0.06976756+0.23474685j,-0.01275565-0.5435098j,-0.02703657-0.08917885j,-0.08210486-0.79311774j],[-0.38559961+0.10714929j,0.5933431-0.2687392j,-0.24060861+0.29149289j,-0.45147719+0.26241743j],[-0.50180421+0.45931857j,-0.11617175+0.44134496j,0.49642745+0.22684508j,-0.08544628-0.15407063j]]", "databatch_0": {"databatch": "[[[0.04644028-0.0075379j,0.22763736+0.02772346j,-0.3707297-0.01731561j,-0.24462243+0.10169797j],[0.01740592-0.02658942j,0.1175632-0.100861j,-0.17758532+0.17694709j,-0.06077688+0.16831045j],[0.02492437-0.00933241j,0.12934574-0.00987117j,-0.20756477+0.03151613j,-0.12441203+0.08354534j],[-0.00537016+0.06681791j,-0.11580157+0.30552078j,0.1500828-0.5070401j,-0.05748376-0.37305113j]],[[-0.00992931-0.36644835j,-0.09492799+0.39570282j,0.08671627-0.0798808j,0.27302784-0.06345052j],[-0.14794628-0.23541555j,0.09077989+0.29499442j,0.0257786-0.08562889j,0.15376138-0.14682545j],[-0.04038463-0.32899402j,-0.05148863+0.36432486j,0.07119968-0.07934364j,0.24031173-0.08054297j],[-0.00840766-0.14420137j,-0.03253068+0.15700986j,0.03317232-0.0325247j,0.10675152-0.02834016j]]]", "nelder_mead": {"0": {"maxiter": 100, "fatol": 1e-05, "xatol": 1e-05, "duration": 0.027913808822631836, "fun": "0.19401802122592926", "nit": "100", "nfev": "152", "status": "2", "success": "False", "message": "Maximum number of iterations has been exceeded.", "x": "[5.77808802 0.05121595 0.48335051 6.71213018 5.33320872 5.31050091]", "final_simplex": "(array([[ 5.77808802,  0.05121595,  0.48335051,  6.71213018,  5.33320872,\n         5.31050091],\n       [ 5.87640668,  0.03793559,  0.47997619,  6.59472444,  5.35284859,\n         5.36388692],\n       [ 5.84207676,  0.03150246,  0.49892345,  6.60670886,  5.2290074 ,\n         5.48403815],\n       [ 5.63669017, -0.02600093,  0.52725215,  6.66922817,  5.298883  ,\n         5.33448325],\n       [ 5.79953131,  0.10407774,  0.50934172,  6.62669389,  5.187725  ,\n         5.42184692],\n       [ 5.81290401, -0.04812014,  0.50883919,  6.64401886,  5.24668272,\n         5.45100068],\n       [ 5.68802454,  0.13524587,  0.51851899,  6.73485104,  5.0611373 ,\n         5.60386622]]), array([0.19401802, 0.19449055, 0.19653916, 0.19659413, 0.19777066,\n       0.19917978, 0.20118654]))"}, "1": {"maxiter": 100, "fatol": 1e-05, "xatol": 1e-10, "duration": 0.028827905654907227, "fun": "0.19401802122592926", "nit": "100", "nfev": "152", "status": "2", "success": "False", "message": "Maximum number of iterations has been exceeded.", "x": "[5.77808802 0.05121595 0.48335051 6.71213018 5.33320872 5.31050091]", "final_simplex": "(array([[ 5.77808802,  0.05121595,  0.48335051,  6.71213018,  5.33320872,\n         5.31050091],\n       [ 5.87640668,  0.03793559,  0.47997619,  6.59472444,  5.35284859,\n         5.36388692],\n       [ 5.84207676,  0.03150246,  0.49892345,  6.60670886,  5.2290074 ,\n         5.48403815],\n       [ 5.63669017, -0.02600093,  0.52725215,  6.66922817,  5.298883  ,\n         5.33448325],\n       [ 5.79953131,  0.10407774,  0.50934172,  6.62669389,  5.187725  ,\n         5.42184692],\n       [ 5.81290401, -0.04812014,  0.50883919,  6.64401886,  5.24668272,\n         5.45100068],\n       [ 5.68802454,  0.13524587,  0.51851899,  6.73485104,  5.0611373 ,\n         5.60386622]]), array([0.19401802, 0.19449055, 0.19653916, 0.19659413, 0.19777066,\n       0.19917978, 0.20118654]))"}, "2": {"maxiter": 100, "fatol": 1e-10, "xatol": 1e-05, "duration": 0.029007911682128906, "fun": "0.19401802122592926", "nit": "100", "nfev": "152", "status": "2", "success": "False", "message": "Maximum number of iterations has been exceeded.", "x": "[5.77808802 0.05121595 0.48335051 6.71213018 5.33320872 5.31050091]", "final_simplex": "(array([[ 5.77808802,  0.05121595,  0.48335051,  6.71213018,  5.33320872,\n         5.31050091],\n       [ 5.87640668,  0.03793559,  0.47997619,  6.59472444,  5.35284859,\n         5.36388692],\n       [ 5.84207676,  0.03150246,  0.49892345,  6.60670886,  5.2290074 ,\n         5.48403815],\n       [ 5.63669017, -0.02600093,  0.52725215,  6.66922817,  5.298883  ,\n         5.33448325],\n       [ 5.79953131,  0.10407774,  0.50934172,  6.62669389,  5.187725  ,\n         5.42184692],\n       [ 5.81290401, -0.04812014,  0.50883919,  6.64401886,  5.24668272,\n         5.45100068],\n       [ 5.68802454,  0.13524587,  0.51851899,  6.73485104,  5.0611373 ,\n         5.60386622]]), array([0.19401802, 0.19449055, 0.19653916, 0.19659413, 0.19777066,\n       0.19917978, 0.20118654]))"}, "3": {"maxiter": 100, "fatol": 1e-10, "xatol": 1e-10, "duration": 0.028352975845336914, "fun": "0.19401802122592926", "nit": "100", "nfev": "152", "status": "2", "success": "False", "message": "Maximum number of iterations has been exceeded.", "x": "[5.77808802 0.05121595 0.48335051 6.71213018 5.33320872 5.31050091]", "final_simplex": "(array([[ 5.77808802,  0.05121595,  0.48335051,  6.71213018,  5.33320872,\n         5.31050091],\n       [ 5.87640668,  0.03793559,  0.47997619,  6.59472444,  5.35284859,\n         5.36388692],\n       [ 5.84207676,  0.03150246,  0.49892345,  6.60670886,  5.2290074 ,\n         5.48403815],\n       [ 5.63669017, -0.02600093,  0.52725215,  6.66922817,  5.298883  ,\n         5.33448325],\n       [ 5.79953131,  0.10407774,  0.50934172,  6.62669389,  5.187725  ,\n         5.42184692],\n       [ 5.81290401, -0.04812014,  0.50883919,  6.64401886,  5.24668272,\n         5.45100068],\n       [ 5.68802454,  0.13524587,  0.51851899,  6.73485104,  5.0611373 ,\n         5.60386622]]), array([0.19401802, 0.19449055, 0.19653916, 0.19659413, 0.19777066,\n       0.19917978, 0.20118654]))"}, "4": {"maxiter": 500, "fatol": 1e-05, "xatol": 1e-05, "duration": 0.07199406623840332, "fun": "0.17464680969715118", "nit": "225", "nfev": "398", "status": "0", "success": "True", "message": "Optimization terminated successfully.", "x": "[6.02097286 0.35756897 0.26990828 6.9752076  6.02622512 4.70778335]", "final_simplex": "(array([[6.02097286, 0.35756897, 0.26990828, 6.9752076 , 6.02622512,\n        4.70778335],\n       [6.02097224, 0.35757515, 0.26990713, 6.97521391, 6.02622112,\n        4.70778824],\n       [6.0209682 , 0.3575713 , 0.26990905, 6.9752055 , 6.02622368,\n        4.70778487],\n       [6.02096702, 0.35756828, 0.26990907, 6.97520864, 6.02622342,\n        4.70778818],\n       [6.02097205, 0.35757279, 0.26990726, 6.97520907, 6.02622647,\n        4.70778488],\n       [6.02096956, 0.35756939, 0.26990791, 6.97520917, 6.02622817,\n        4.70778274],\n       [6.02096683, 0.35756863, 0.26990949, 6.97520406, 6.02622495,\n        4.70778703]]), array([0.17464681, 0.17464681, 0.17464681, 0.17464681, 0.17464681,\n       0.17464681, 0.17464681]))"}, "5": {"maxiter": 500, "fatol": 1e-05, "xatol": 1e-10, "duration": 0.09619402885437012, "fun": "0.17464680969715118", "nit": "241", "nfev": "526", "status": "0", "success": "True", "message": "Optimization terminated successfully.", "x": "[6.02097286 0.35756897 0.26990828 6.9752076  6.02622512 4.70778335]", "final_simplex": "(array([[6.02097286, 0.35756897, 0.26990828, 6.9752076 , 6.02622512,\n        4.70778335],\n       [6.02097286, 0.35756897, 0.26990828, 6.9752076 , 6.02622512,\n        4.70778335],\n       [6.02097285, 0.35756897, 0.26990828, 6.9752076 , 6.02622512,\n        4.70778335],\n       [6.02097285, 0.35756897, 0.26990828, 6.9752076 , 6.02622512,\n        4.70778335],\n       [6.02097286, 0.35756897, 0.26990828, 6.9752076 , 6.02622512,\n        4.70778335],\n       [6.02097285, 0.35756897, 0.26990828, 6.9752076 , 6.02622512,\n        4.70778335],\n       [6.02097285, 0.35756897, 0.26990828, 6.9752076 , 6.02622512,\n        4.70778335]]), array([0.17464681, 0.17464681, 0.17464681, 0.17464681, 0.17464681,\n       0.17464681, 0.17464681]))"}, "6": {"maxiter": 500, "fatol": 1e-10, "xatol": 1e-05, "duration": 0.07318401336669922, "fun": "0.17464680969715118", "nit": "225", "nfev": "398", "status": "0", "success": "True", "message": "Optimization terminated successfully.", "x": "[6.02097286 0.35756897 0.26990828 6.9752076  6.02622512 4.70778335]", "final_simplex": "(array([[6.02097286, 0.35756897, 0.26990828, 6.9752076 , 6.02622512,\n        4.70778335],\n       [6.02097224, 0.35757515, 0.26990713, 6.97521391, 6.02622112,\n        4.70778824],\n       [6.0209682 , 0.3575713 , 0.26990905, 6.9752055 , 6.02622368,\n        4.70778487],\n       [6.02096702, 0.35756828, 0.26990907, 6.97520864, 6.02622342,\n        4.70778818],\n       [6.02097205, 0.35757279, 0.26990726, 6.97520907, 6.02622647,\n        4.70778488],\n       [6.02096956, 0.35756939, 0.26990791, 6.97520917, 6.02622817,\n        4.70778274],\n       [6.02096683, 0.35756863, 0.26990949, 6.97520406, 6.02622495,\n        4.70778703]]), array([0.17464681, 0.17464681, 0.17464681, 0.17464681, 0.17464681,\n       0.17464681, 0.17464681]))"}, "7": {"maxiter": 500, "fatol": 1e-10, "xatol": 1e-10, "duration": 0.09595108032226562, "fun": "0.17464680969715118", "nit": "241", "nfev": "526", "status": "0", "success": "True", "message": "Optimization terminated successfully.", "x": "[6.02097286 0.35756897 0.26990828 6.9752076  6.02622512 4.70778335]", "final_simplex": "(array([[6.02097286, 0.35756897, 0.26990828, 6.9752076 , 6.02622512,\n        4.70778335],\n       [6.02097286, 0.35756897, 0.26990828, 6.9752076 , 6.02622512,\n        4.70778335],\n       [6.02097285, 0.35756897, 0.26990828, 6.9752076 , 6.02622512,\n        4.70778335],\n       [6.02097285, 0.35756897, 0.26990828, 6.9752076 , 6.02622512,\n        4.70778335],\n       [6.02097286, 0.35756897, 0.26990828, 6.9752076 , 6.02622512,\n        4.70778335],\n       [6.02097285, 0.35756897, 0.26990828, 6.9752076 , 6.02622512,\n        4.70778335],\n       [6.02097285, 0.35756897, 0.26990828, 6.9752076 , 6.02622512,\n        4.70778335]]), array([0.17464681, 0.17464681, 0.17464681, 0.17464681, 0.17464681,\n       0.17464681, 0.17464681]))"}, "8": {"maxiter": 1000, "fatol": 1e-05, "xatol": 1e-05, "duration": 0.07364392280578613, "fun": "0.17464680969715118", "nit": "225", "nfev": "398", "status": "0", "success": "True", "message": "Optimization terminated successfully.", "x": "[6.02097286 0.35756897 0.26990828 6.9752076  6.02622512 4.70778335]", "final_simplex": "(array([[6.02097286, 0.35756897, 0.26990828, 6.9752076 , 6.02622512,\n        4.70778335],\n       [6.02097224, 0.35757515, 0.26990713, 6.97521391, 6.02622112,\n        4.70778824],\n       [6.0209682 , 0.3575713 , 0.26990905, 6.9752055 , 6.02622368,\n        4.70778487],\n       [6.02096702, 0.35756828, 0.26990907, 6.97520864, 6.02622342,\n        4.70778818],\n       [6.02097205, 0.35757279, 0.26990726, 6.97520907, 6.02622647,\n        4.70778488],\n       [6.02096956, 0.35756939, 0.26990791, 6.97520917, 6.02622817,\n        4.70778274],\n       [6.02096683, 0.35756863, 0.26990949, 6.97520406, 6.02622495,\n        4.70778703]]), array([0.17464681, 0.17464681, 0.17464681, 0.17464681, 0.17464681,\n       0.17464681, 0.17464681]))"}, "9": {"maxiter": 1000, "fatol": 1e-05, "xatol": 1e-10, "duration": 0.09606122970581055, "fun": "0.17464680969715118", "nit": "241", "nfev": "526", "status": "0", "success": "True", "message": "Optimization terminated successfully.", "x": "[6.02097286 0.35756897 0.26990828 6.9752076  6.02622512 4.70778335]", "final_simplex": "(array([[6.02097286, 0.35756897, 0.26990828, 6.9752076 , 6.02622512,\n        4.70778335],\n       [6.02097286, 0.35756897, 0.26990828, 6.9752076 , 6.02622512,\n        4.70778335],\n       [6.02097285, 0.35756897, 0.26990828, 6.9752076 , 6.02622512,\n        4.70778335],\n       [6.02097285, 0.35756897, 0.26990828, 6.9752076 , 6.02622512,\n        4.70778335],\n       [6.02097286, 0.35756897, 0.26990828, 6.9752076 , 6.02622512,\n        4.70778335],\n       [6.02097285, 0.35756897, 0.26990828, 6.9752076 , 6.02622512,\n        4.70778335],\n       [6.02097285, 0.35756897, 0.26990828, 6.9752076 , 6.02622512,\n        4.70778335]]), array([0.17464681, 0.17464681, 0.17464681, 0.17464681, 0.17464681,\n       0.17464681, 0.17464681]))"}, "10": {"maxiter": 1000, "fatol": 1e-10, "xatol": 1e-05, "duration": 0.07309484481811523, "fun": "0.17464680969715118", "nit": "225", "nfev": "398", "status": "0", "success": "True", "message": "Optimization terminated successfully.", "x": "[6.02097286 0.35756897 0.26990828 6.9752076  6.02622512 4.70778335]", "final_simplex": "(array([[6.02097286, 0.35756897, 0.26990828, 6.9752076 , 6.02622512,\n        4.70778335],\n       [6.02097224, 0.35757515, 0.26990713, 6.97521391, 6.02622112,\n        4.70778824],\n       [6.0209682 , 0.3575713 , 0.26990905, 6.9752055 , 6.02622368,\n        4.70778487],\n       [6.02096702, 0.35756828, 0.26990907, 6.97520864, 6.02622342,\n        4.70778818],\n       [6.02097205, 0.35757279, 0.26990726, 6.97520907, 6.02622647,\n        4.70778488],\n       [6.02096956, 0.35756939, 0.26990791, 6.97520917, 6.02622817,\n        4.70778274],\n       [6.02096683, 0.35756863, 0.26990949, 6.97520406, 6.02622495,\n        4.70778703]]), array([0.17464681, 0.17464681, 0.17464681, 0.17464681, 0.17464681,\n       0.17464681, 0.17464681]))"}, "11": {"maxiter": 1000, "fatol": 1e-10, "xatol": 1e-10, "duration": 0.09550905227661133, "fun": "0.17464680969715118", "nit": "241", "nfev": "526", "status": "0", "success": "True", "message": "Optimization terminated successfully.", "x": "[6.02097286 0.35756897 0.26990828 6.9752076  6.02622512 4.70778335]", "final_simplex": "(array([[6.02097286, 0.35756897, 0.26990828, 6.9752076 , 6.02622512,\n        4.70778335],\n       [6.02097286, 0.35756897, 0.26990828, 6.9752076 , 6.02622512,\n        4.70778335],\n       [6.02097285, 0.35756897, 0.26990828, 6.9752076 , 6.02622512,\n        4.70778335],\n       [6.02097285, 0.35756897, 0.26990828, 6.9752076 , 6.02622512,\n        4.70778335],\n       [6.02097286, 0.35756897, 0.26990828, 6.9752076 , 6.02622512,\n        4.70778335],\n       [6.02097285, 0.35756897, 0.26990828, 6.9752076 , 6.02622512,\n        4.70778335],\n       [6.02097285, 0.35756897, 0.26990828, 6.9752076 , 6.02622512,\n        4.70778335]]), array([0.17464681, 0.17464681, 0.17464681, 0.17464681, 0.17464681,\n       0.17464681, 0.17464681]))"}}, "bfgs": {"0": {"maxiter": 100, "gtol": 1e-05, "xrtol": 1e-05, "eps": 1e-05, "duration": 0.05653095245361328, "fun": "0.1746450811624527", "jac": "[0. 0. 0. 0. 0. 0.]", "hess_inv": "[[  5.85524894   4.95754513  -3.88529146  -7.26806171  -0.48907126\n   -0.9161218 ]\n [  4.95754513  24.69292601 -20.21386857  -8.3337409    0.51756678\n   -3.7916375 ]\n [ -3.88529146 -20.21386857  19.1205535    5.08249718  -2.11803508\n    3.53677475]\n [ -7.26806171  -8.3337409    5.08249718  14.29052135   3.1020674\n   -0.12118122]\n [ -0.48907126   0.51756678  -2.11803508   3.1020674    5.48415442\n   -3.10728617]\n [ -0.9161218   -3.7916375    3.53677475  -0.12118122  -3.10728617\n    3.80738098]]", "nfev": "301", "njev": "43", "status": "0", "success": "True", "message": "Optimization terminated successfully.", "x": "[6.01851702 6.63335742 0.27599305 5.59232481 2.88659164 7.84833858]", "nit": "36"}, "1": {"maxiter": 100, "gtol": 1e-05, "xrtol": 1e-05, "eps": 1e-10, "duration": 0.0013339519500732422, "fun": "0.9037356972694397", "jac": "[0. 0. 0. 0. 0. 0.]", "hess_inv": "[[1 0 0 0 0 0]\n [0 1 0 0 0 0]\n [0 0 1 0 0 0]\n [0 0 0 1 0 0]\n [0 0 0 0 1 0]\n [0 0 0 0 0 1]]", "nfev": "7", "njev": "1", "status": "0", "success": "True", "message": "Optimization terminated successfully.", "x": "[4.78225874 5.09737866 0.60844089 3.97483253 3.78480761 6.20515058]", "nit": "0"}, "2": {"maxiter": 100, "gtol": 1e-05, "xrtol": 1e-10, "eps": 1e-05, "duration": 0.05627083778381348, "fun": "0.1746450811624527", "jac": "[0. 0. 0. 0. 0. 0.]", "hess_inv": "[[  5.85524894   4.95754513  -3.88529146  -7.26806171  -0.48907126\n   -0.9161218 ]\n [  4.95754513  24.69292601 -20.21386857  -8.3337409    0.51756678\n   -3.7916375 ]\n [ -3.88529146 -20.21386857  19.1205535    5.08249718  -2.11803508\n    3.53677475]\n [ -7.26806171  -8.3337409    5.08249718  14.29052135   3.1020674\n   -0.12118122]\n [ -0.48907126   0.51756678  -2.11803508   3.1020674    5.48415442\n   -3.10728617]\n [ -0.9161218   -3.7916375    3.53677475  -0.12118122  -3.10728617\n    3.80738098]]", "nfev": "301", "njev": "43", "status": "0", "success": "True", "message": "Optimization terminated successfully.", "x": "[6.01851702 6.63335742 0.27599305 5.59232481 2.88659164 7.84833858]", "nit": "36"}, "3": {"maxiter": 100, "gtol": 1e-05, "xrtol": 1e-10, "eps": 1e-10, "duration": 0.0013267993927001953, "fun": "0.9037356972694397", "jac": "[0. 0. 0. 0. 0. 0.]", "hess_inv": "[[1 0 0 0 0 0]\n [0 1 0 0 0 0]\n [0 0 1 0 0 0]\n [0 0 0 1 0 0]\n [0 0 0 0 1 0]\n [0 0 0 0 0 1]]", "nfev": "7", "njev": "1", "status": "0", "success": "True", "message": "Optimization terminated successfully.", "x": "[4.78225874 5.09737866 0.60844089 3.97483253 3.78480761 6.20515058]", "nit": "0"}, "4": {"maxiter": 100, "gtol": 1e-10, "xrtol": 1e-05, "eps": 1e-05, "duration": 0.0561678409576416, "fun": "0.1746450811624527", "jac": "[0. 0. 0. 0. 0. 0.]", "hess_inv": "[[  5.85524894   4.95754513  -3.88529146  -7.26806171  -0.48907126\n   -0.9161218 ]\n [  4.95754513  24.69292601 -20.21386857  -8.3337409    0.51756678\n   -3.7916375 ]\n [ -3.88529146 -20.21386857  19.1205535    5.08249718  -2.11803508\n    3.53677475]\n [ -7.26806171  -8.3337409    5.08249718  14.29052135   3.1020674\n   -0.12118122]\n [ -0.48907126   0.51756678  -2.11803508   3.1020674    5.48415442\n   -3.10728617]\n [ -0.9161218   -3.7916375    3.53677475  -0.12118122  -3.10728617\n    3.80738098]]", "nfev": "301", "njev": "43", "status": "0", "success": "True", "message": "Optimization terminated successfully.", "x": "[6.01851702 6.63335742 0.27599305 5.59232481 2.88659164 7.84833858]", "nit": "36"}, "5": {"maxiter": 100, "gtol": 1e-10, "xrtol": 1e-05, "eps": 1e-10, "duration": 0.0013229846954345703, "fun": "0.9037356972694397", "jac": "[0. 0. 0. 0. 0. 0.]", "hess_inv": "[[1 0 0 0 0 0]\n [0 1 0 0 0 0]\n [0 0 1 0 0 0]\n [0 0 0 1 0 0]\n [0 0 0 0 1 0]\n [0 0 0 0 0 1]]", "nfev": "7", "njev": "1", "status": "0", "success": "True", "message": "Optimization terminated successfully.", "x": "[4.78225874 5.09737866 0.60844089 3.97483253 3.78480761 6.20515058]", "nit": "0"}, "6": {"maxiter": 100, "gtol": 1e-10, "xrtol": 1e-10, "eps": 1e-05, "duration": 0.055979013442993164, "fun": "0.1746450811624527", "jac": "[0. 0. 0. 0. 0. 0.]", "hess_inv": "[[  5.85524894   4.95754513  -3.88529146  -7.26806171  -0.48907126\n   -0.9161218 ]\n [  4.95754513  24.69292601 -20.21386857  -8.3337409    0.51756678\n   -3.7916375 ]\n [ -3.88529146 -20.21386857  19.1205535    5.08249718  -2.11803508\n    3.53677475]\n [ -7.26806171  -8.3337409    5.08249718  14.29052135   3.1020674\n   -0.12118122]\n [ -0.48907126   0.51756678  -2.11803508   3.1020674    5.48415442\n   -3.10728617]\n [ -0.9161218   -3.7916375    3.53677475  -0.12118122  -3.10728617\n    3.80738098]]", "nfev": "301", "njev": "43", "status": "0", "success": "True", "message": "Optimization terminated successfully.", "x": "[6.01851702 6.63335742 0.27599305 5.59232481 2.88659164 7.84833858]", "nit": "36"}, "7": {"maxiter": 100, "gtol": 1e-10, "xrtol": 1e-10, "eps": 1e-10, "duration": 0.001316070556640625, "fun": "0.9037356972694397", "jac": "[0. 0. 0. 0. 0. 0.]", "hess_inv": "[[1 0 0 0 0 0]\n [0 1 0 0 0 0]\n [0 0 1 0 0 0]\n [0 0 0 1 0 0]\n [0 0 0 0 1 0]\n [0 0 0 0 0 1]]", "nfev": "7", "njev": "1", "status": "0", "success": "True", "message": "Optimization terminated successfully.", "x": "[4.78225874 5.09737866 0.60844089 3.97483253 3.78480761 6.20515058]", "nit": "0"}, "8": {"maxiter": 500, "gtol": 1e-05, "xrtol": 1e-05, "eps": 1e-05, "duration": 0.056205034255981445, "fun": "0.1746450811624527", "jac": "[0. 0. 0. 0. 0. 0.]", "hess_inv": "[[  5.85524894   4.95754513  -3.88529146  -7.26806171  -0.48907126\n   -0.9161218 ]\n [  4.95754513  24.69292601 -20.21386857  -8.3337409    0.51756678\n   -3.7916375 ]\n [ -3.88529146 -20.21386857  19.1205535    5.08249718  -2.11803508\n    3.53677475]\n [ -7.26806171  -8.3337409    5.08249718  14.29052135   3.1020674\n   -0.12118122]\n [ -0.48907126   0.51756678  -2.11803508   3.1020674    5.48415442\n   -3.10728617]\n [ -0.9161218   -3.7916375    3.53677475  -0.12118122  -3.10728617\n    3.80738098]]", "nfev": "301", "njev": "43", "status": "0", "success": "True", "message": "Optimization terminated successfully.", "x": "[6.01851702 6.63335742 0.27599305 5.59232481 2.88659164 7.84833858]", "nit": "36"}, "9": {"maxiter": 500, "gtol": 1e-05, "xrtol": 1e-05, "eps": 1e-10, "duration": 0.0013151168823242188, "fun": "0.9037356972694397", "jac": "[0. 0. 0. 0. 0. 0.]", "hess_inv": "[[1 0 0 0 0 0]\n [0 1 0 0 0 0]\n [0 0 1 0 0 0]\n [0 0 0 1 0 0]\n [0 0 0 0 1 0]\n [0 0 0 0 0 1]]", "nfev": "7", "njev": "1", "status": "0", "success": "True", "message": "Optimization terminated successfully.", "x": "[4.78225874 5.09737866 0.60844089 3.97483253 3.78480761 6.20515058]", "nit": "0"}, "10": {"maxiter": 500, "gtol": 1e-05, "xrtol": 1e-10, "eps": 1e-05, "duration": 0.05585837364196777, "fun": "0.1746450811624527", "jac": "[0. 0. 0. 0. 0. 0.]", "hess_inv": "[[  5.85524894   4.95754513  -3.88529146  -7.26806171  -0.48907126\n   -0.9161218 ]\n [  4.95754513  24.69292601 -20.21386857  -8.3337409    0.51756678\n   -3.7916375 ]\n [ -3.88529146 -20.21386857  19.1205535    5.08249718  -2.11803508\n    3.53677475]\n [ -7.26806171  -8.3337409    5.08249718  14.29052135   3.1020674\n   -0.12118122]\n [ -0.48907126   0.51756678  -2.11803508   3.1020674    5.48415442\n   -3.10728617]\n [ -0.9161218   -3.7916375    3.53677475  -0.12118122  -3.10728617\n    3.80738098]]", "nfev": "301", "njev": "43", "status": "0", "success": "True", "message": "Optimization terminated successfully.", "x": "[6.01851702 6.63335742 0.27599305 5.59232481 2.88659164 7.84833858]", "nit": "36"}, "11": {"maxiter": 500, "gtol": 1e-05, "xrtol": 1e-10, "eps": 1e-10, "duration": 0.0013132095336914062, "fun": "0.9037356972694397", "jac": "[0. 0. 0. 0. 0. 0.]", "hess_inv": "[[1 0 0 0 0 0]\n [0 1 0 0 0 0]\n [0 0 1 0 0 0]\n [0 0 0 1 0 0]\n [0 0 0 0 1 0]\n [0 0 0 0 0 1]]", "nfev": "7", "njev": "1", "status": "0", "success": "True", "message": "Optimization terminated successfully.", "x": "[4.78225874 5.09737866 0.60844089 3.97483253 3.78480761 6.20515058]", "nit": "0"}, "12": {"maxiter": 500, "gtol": 1e-10, "xrtol": 1e-05, "eps": 1e-05, "duration": 0.056481122970581055, "fun": "0.1746450811624527", "jac": "[0. 0. 0. 0. 0. 0.]", "hess_inv": "[[  5.85524894   4.95754513  -3.88529146  -7.26806171  -0.48907126\n   -0.9161218 ]\n [  4.95754513  24.69292601 -20.21386857  -8.3337409    0.51756678\n   -3.7916375 ]\n [ -3.88529146 -20.21386857  19.1205535    5.08249718  -2.11803508\n    3.53677475]\n [ -7.26806171  -8.3337409    5.08249718  14.29052135   3.1020674\n   -0.12118122]\n [ -0.48907126   0.51756678  -2.11803508   3.1020674    5.48415442\n   -3.10728617]\n [ -0.9161218   -3.7916375    3.53677475  -0.12118122  -3.10728617\n    3.80738098]]", "nfev": "301", "njev": "43", "status": "0", "success": "True", "message": "Optimization terminated successfully.", "x": "[6.01851702 6.63335742 0.27599305 5.59232481 2.88659164 7.84833858]", "nit": "36"}, "13": {"maxiter": 500, "gtol": 1e-10, "xrtol": 1e-05, "eps": 1e-10, "duration": 0.0013341903686523438, "fun": "0.9037356972694397", "jac": "[0. 0. 0. 0. 0. 0.]", "hess_inv": "[[1 0 0 0 0 0]\n [0 1 0 0 0 0]\n [0 0 1 0 0 0]\n [0 0 0 1 0 0]\n [0 0 0 0 1 0]\n [0 0 0 0 0 1]]", "nfev": "7", "njev": "1", "status": "0", "success": "True", "message": "Optimization terminated successfully.", "x": "[4.78225874 5.09737866 0.60844089 3.97483253 3.78480761 6.20515058]", "nit": "0"}, "14": {"maxiter": 500, "gtol": 1e-10, "xrtol": 1e-10, "eps": 1e-05, "duration": 0.05617189407348633, "fun": "0.1746450811624527", "jac": "[0. 0. 0. 0. 0. 0.]", "hess_inv": "[[  5.85524894   4.95754513  -3.88529146  -7.26806171  -0.48907126\n   -0.9161218 ]\n [  4.95754513  24.69292601 -20.21386857  -8.3337409    0.51756678\n   -3.7916375 ]\n [ -3.88529146 -20.21386857  19.1205535    5.08249718  -2.11803508\n    3.53677475]\n [ -7.26806171  -8.3337409    5.08249718  14.29052135   3.1020674\n   -0.12118122]\n [ -0.48907126   0.51756678  -2.11803508   3.1020674    5.48415442\n   -3.10728617]\n [ -0.9161218   -3.7916375    3.53677475  -0.12118122  -3.10728617\n    3.80738098]]", "nfev": "301", "njev": "43", "status": "0", "success": "True", "message": "Optimization terminated successfully.", "x": "[6.01851702 6.63335742 0.27599305 5.59232481 2.88659164 7.84833858]", "nit": "36"}, "15": {"maxiter": 500, "gtol": 1e-10, "xrtol": 1e-10, "eps": 1e-10, "duration": 0.0013308525085449219, "fun": "0.9037356972694397", "jac": "[0. 0. 0. 0. 0. 0.]", "hess_inv": "[[1 0 0 0 0 0]\n [0 1 0 0 0 0]\n [0 0 1 0 0 0]\n [0 0 0 1 0 0]\n [0 0 0 0 1 0]\n [0 0 0 0 0 1]]", "nfev": "7", "njev": "1", "status": "0", "success": "True", "message": "Optimization terminated successfully.", "x": "[4.78225874 5.09737866 0.60844089 3.97483253 3.78480761 6.20515058]", "nit": "0"}, "16": {"maxiter": 1000, "gtol": 1e-05, "xrtol": 1e-05, "eps": 1e-05, "duration": 0.056240081787109375, "fun": "0.1746450811624527", "jac": "[0. 0. 0. 0. 0. 0.]", "hess_inv": "[[  5.85524894   4.95754513  -3.88529146  -7.26806171  -0.48907126\n   -0.9161218 ]\n [  4.95754513  24.69292601 -20.21386857  -8.3337409    0.51756678\n   -3.7916375 ]\n [ -3.88529146 -20.21386857  19.1205535    5.08249718  -2.11803508\n    3.53677475]\n [ -7.26806171  -8.3337409    5.08249718  14.29052135   3.1020674\n   -0.12118122]\n [ -0.48907126   0.51756678  -2.11803508   3.1020674    5.48415442\n   -3.10728617]\n [ -0.9161218   -3.7916375    3.53677475  -0.12118122  -3.10728617\n    3.80738098]]", "nfev": "301", "njev": "43", "status": "0", "success": "True", "message": "Optimization terminated successfully.", "x": "[6.01851702 6.63335742 0.27599305 5.59232481 2.88659164 7.84833858]", "nit": "36"}, "17": {"maxiter": 1000, "gtol": 1e-05, "xrtol": 1e-05, "eps": 1e-10, "duration": 0.001332998275756836, "fun": "0.9037356972694397", "jac": "[0. 0. 0. 0. 0. 0.]", "hess_inv": "[[1 0 0 0 0 0]\n [0 1 0 0 0 0]\n [0 0 1 0 0 0]\n [0 0 0 1 0 0]\n [0 0 0 0 1 0]\n [0 0 0 0 0 1]]", "nfev": "7", "njev": "1", "status": "0", "success": "True", "message": "Optimization terminated successfully.", "x": "[4.78225874 5.09737866 0.60844089 3.97483253 3.78480761 6.20515058]", "nit": "0"}, "18": {"maxiter": 1000, "gtol": 1e-05, "xrtol": 1e-10, "eps": 1e-05, "duration": 0.05639505386352539, "fun": "0.1746450811624527", "jac": "[0. 0. 0. 0. 0. 0.]", "hess_inv": "[[  5.85524894   4.95754513  -3.88529146  -7.26806171  -0.48907126\n   -0.9161218 ]\n [  4.95754513  24.69292601 -20.21386857  -8.3337409    0.51756678\n   -3.7916375 ]\n [ -3.88529146 -20.21386857  19.1205535    5.08249718  -2.11803508\n    3.53677475]\n [ -7.26806171  -8.3337409    5.08249718  14.29052135   3.1020674\n   -0.12118122]\n [ -0.48907126   0.51756678  -2.11803508   3.1020674    5.48415442\n   -3.10728617]\n [ -0.9161218   -3.7916375    3.53677475  -0.12118122  -3.10728617\n    3.80738098]]", "nfev": "301", "njev": "43", "status": "0", "success": "True", "message": "Optimization terminated successfully.", "x": "[6.01851702 6.63335742 0.27599305 5.59232481 2.88659164 7.84833858]", "nit": "36"}, "19": {"maxiter": 1000, "gtol": 1e-05, "xrtol": 1e-10, "eps": 1e-10, "duration": 0.0013341903686523438, "fun": "0.9037356972694397", "jac": "[0. 0. 0. 0. 0. 0.]", "hess_inv": "[[1 0 0 0 0 0]\n [0 1 0 0 0 0]\n [0 0 1 0 0 0]\n [0 0 0 1 0 0]\n [0 0 0 0 1 0]\n [0 0 0 0 0 1]]", "nfev": "7", "njev": "1", "status": "0", "success": "True", "message": "Optimization terminated successfully.", "x": "[4.78225874 5.09737866 0.60844089 3.97483253 3.78480761 6.20515058]", "nit": "0"}, "20": {"maxiter": 1000, "gtol": 1e-10, "xrtol": 1e-05, "eps": 1e-05, "duration": 0.056648969650268555, "fun": "0.1746450811624527", "jac": "[0. 0. 0. 0. 0. 0.]", "hess_inv": "[[  5.85524894   4.95754513  -3.88529146  -7.26806171  -0.48907126\n   -0.9161218 ]\n [  4.95754513  24.69292601 -20.21386857  -8.3337409    0.51756678\n   -3.7916375 ]\n [ -3.88529146 -20.21386857  19.1205535    5.08249718  -2.11803508\n    3.53677475]\n [ -7.26806171  -8.3337409    5.08249718  14.29052135   3.1020674\n   -0.12118122]\n [ -0.48907126   0.51756678  -2.11803508   3.1020674    5.48415442\n   -3.10728617]\n [ -0.9161218   -3.7916375    3.53677475  -0.12118122  -3.10728617\n    3.80738098]]", "nfev": "301", "njev": "43", "status": "0", "success": "True", "message": "Optimization terminated successfully.", "x": "[6.01851702 6.63335742 0.27599305 5.59232481 2.88659164 7.84833858]", "nit": "36"}, "21": {"maxiter": 1000, "gtol": 1e-10, "xrtol": 1e-05, "eps": 1e-10, "duration": 0.0013380050659179688, "fun": "0.9037356972694397", "jac": "[0. 0. 0. 0. 0. 0.]", "hess_inv": "[[1 0 0 0 0 0]\n [0 1 0 0 0 0]\n [0 0 1 0 0 0]\n [0 0 0 1 0 0]\n [0 0 0 0 1 0]\n [0 0 0 0 0 1]]", "nfev": "7", "njev": "1", "status": "0", "success": "True", "message": "Optimization terminated successfully.", "x": "[4.78225874 5.09737866 0.60844089 3.97483253 3.78480761 6.20515058]", "nit": "0"}, "22": {"maxiter": 1000, "gtol": 1e-10, "xrtol": 1e-10, "eps": 1e-05, "duration": 0.0567169189453125, "fun": "0.1746450811624527", "jac": "[0. 0. 0. 0. 0. 0.]", "hess_inv": "[[  5.85524894   4.95754513  -3.88529146  -7.26806171  -0.48907126\n   -0.9161218 ]\n [  4.95754513  24.69292601 -20.21386857  -8.3337409    0.51756678\n   -3.7916375 ]\n [ -3.88529146 -20.21386857  19.1205535    5.08249718  -2.11803508\n    3.53677475]\n [ -7.26806171  -8.3337409    5.08249718  14.29052135   3.1020674\n   -0.12118122]\n [ -0.48907126   0.51756678  -2.11803508   3.1020674    5.48415442\n   -3.10728617]\n [ -0.9161218   -3.7916375    3.53677475  -0.12118122  -3.10728617\n    3.80738098]]", "nfev": "301", "njev": "43", "status": "0", "success": "True", "message": "Optimization terminated successfully.", "x": "[6.01851702 6.63335742 0.27599305 5.59232481 2.88659164 7.84833858]", "nit": "36"}, "23": {"maxiter": 1000, "gtol": 1e-10, "xrtol": 1e-10, "eps": 1e-10, "duration": 0.0013387203216552734, "fun": "0.9037356972694397", "jac": "[0. 0. 0. 0. 0. 0.]", "hess_inv": "[[1 0 0 0 0 0]\n [0 1 0 0 0 0]\n [0 0 1 0 0 0]\n [0 0 0 1 0 0]\n [0 0 0 0 1 0]\n [0 0 0 0 0 1]]", "nfev": "7", "njev": "1", "status": "0", "success": "True", "message": "Optimization terminated successfully.", "x": "[4.78225874 5.09737866 0.60844089 3.97483253 3.78480761 6.20515058]", "nit": "0"}}, "cobyla": {"0": {"maxiter": 100, "tol": 1e-05, "catol": 1e-05, "duration": 0.0181732177734375, "x": "[5.66825719 6.12487638 0.67019158 6.47245825 5.12367607 5.73889766]", "status": "2", "success": "False", "message": "Maximum number of function evaluations has been exceeded.", "nfev": "100", "fun": "0.19287681579589844", "maxcv": "0.0"}, "1": {"maxiter": 100, "tol": 1e-05, "catol": 1e-10, "duration": 0.018017053604125977, "x": "[5.66825719 6.12487638 0.67019158 6.47245825 5.12367607 5.73889766]", "status": "2", "success": "False", "message": "Maximum number of function evaluations has been exceeded.", "nfev": "100", "fun": "0.19287681579589844", "maxcv": "0.0"}, "2": {"maxiter": 100, "tol": 1e-10, "catol": 1e-05, "duration": 0.01803874969482422, "x": "[5.66825719 6.12487638 0.67019158 6.47245825 5.12367607 5.73889766]", "status": "2", "success": "False", "message": "Maximum number of function evaluations has been exceeded.", "nfev": "100", "fun": "0.19287681579589844", "maxcv": "0.0"}, "3": {"maxiter": 100, "tol": 1e-10, "catol": 1e-10, "duration": 0.01807379722595215, "x": "[5.66825719 6.12487638 0.67019158 6.47245825 5.12367607 5.73889766]", "status": "2", "success": "False", "message": "Maximum number of function evaluations has been exceeded.", "nfev": "100", "fun": "0.19287681579589844", "maxcv": "0.0"}, "4": {"maxiter": 500, "tol": 1e-05, "catol": 1e-05, "duration": 0.09022116661071777, "x": "[6.00674064 6.3649047  0.53329347 6.97361095 6.00675396 4.75386709]", "status": "2", "success": "False", "message": "Maximum number of function evaluations has been exceeded.", "nfev": "500", "fun": "0.1748294085264206", "maxcv": "0.0"}, "5": {"maxiter": 500, "tol": 1e-05, "catol": 1e-10, "duration": 0.08819198608398438, "x": "[6.00674064 6.3649047  0.53329347 6.97361095 6.00675396 4.75386709]", "status": "2", "success": "False", "message": "Maximum number of function evaluations has been exceeded.", "nfev": "500", "fun": "0.1748294085264206", "maxcv": "0.0"}, "6": {"maxiter": 500, "tol": 1e-10, "catol": 1e-05, "duration": 0.0880727767944336, "x": "[6.00674064 6.3649047  0.53329347 6.97361095 6.00675396 4.75386709]", "status": "2", "success": "False", "message": "Maximum number of function evaluations has been exceeded.", "nfev": "500", "fun": "0.1748294085264206", "maxcv": "0.0"}, "7": {"maxiter": 500, "tol": 1e-10, "catol": 1e-10, "duration": 0.08821916580200195, "x": "[6.00674064 6.3649047  0.53329347 6.97361095 6.00675396 4.75386709]", "status": "2", "success": "False", "message": "Maximum number of function evaluations has been exceeded.", "nfev": "500", "fun": "0.1748294085264206", "maxcv": "0.0"}, "8": {"maxiter": 1000, "tol": 1e-05, "catol": 1e-05, "duration": 0.17770767211914062, "x": "[6.01494459 6.51735101 0.38791676 6.97265216 6.01741417 4.72811761]", "status": "2", "success": "False", "message": "Maximum number of function evaluations has been exceeded.", "nfev": "1000", "fun": "0.17464451491832733", "maxcv": "0.0"}, "9": {"maxiter": 1000, "tol": 1e-05, "catol": 1e-10, "duration": 0.1731112003326416, "x": "[6.01494459 6.51735101 0.38791676 6.97265216 6.01741417 4.72811761]", "status": "2", "success": "False", "message": "Maximum number of function evaluations has been exceeded.", "nfev": "1000", "fun": "0.17464451491832733", "maxcv": "0.0"}, "10": {"maxiter": 1000, "tol": 1e-10, "catol": 1e-05, "duration": 0.17178010940551758, "x": "[6.01494459 6.51735101 0.38791676 6.97265216 6.01741417 4.72811761]", "status": "2", "success": "False", "message": "Maximum number of function evaluations has been exceeded.", "nfev": "1000", "fun": "0.17464451491832733", "maxcv": "0.0"}, "11": {"maxiter": 1000, "tol": 1e-10, "catol": 1e-10, "duration": 0.1715850830078125, "x": "[6.01494459 6.51735101 0.38791676 6.97265216 6.01741417 4.72811761]", "status": "2", "success": "False", "message": "Maximum number of function evaluations has been exceeded.", "nfev": "1000", "fun": "0.17464451491832733", "maxcv": "0.0"}}, "powell": {"0": {"maxiter": 100, "ftol": 1e-05, "xtol": 1e-05, "duration": 0.2033238410949707, "fun": "0.17463047802448273", "direc": "[[-0.15559882 -0.08701858 -0.00468492  0.14036129  0.01785045  0.02372992]\n [-0.02154943  0.0383482  -0.05242316  0.0235652  -0.04845161  0.07161616]\n [-0.08300109  0.22403939 -0.20385288  0.05490593 -0.05778646  0.0393734 ]\n [ 0.          0.          0.          1.          0.          0.        ]\n [ 0.          0.          0.          0.          1.          0.        ]\n [ 0.04930347  0.24015993 -0.2366373  -0.0037174   0.0526773  -0.08615859]]", "nit": "14", "nfev": "1176", "status": "0", "success": "True", "message": "Optimization terminated successfully.", "x": "[6.01825084 6.57676246 0.32993462 5.59249692 2.88066505 7.86020539]"}, "1": {"maxiter": 100, "ftol": 1e-05, "xtol": 1e-10, "duration": 0.513681173324585, "fun": "0.17463049292564392", "direc": "[[-0.15557417 -0.08769845 -0.0046388   0.14073675  0.01817156  0.02394141]\n [-0.02180352  0.03915044 -0.05284491  0.02329749 -0.04924095  0.07213361]\n [-0.08472401  0.22690992 -0.20755354  0.06069379 -0.0571746   0.03765416]\n [ 0.          0.          0.          1.          0.          0.        ]\n [ 0.          0.          0.          0.          1.          0.        ]\n [ 0.0502351   0.23454818 -0.22884443 -0.00631307  0.05124265 -0.08412287]]", "nit": "14", "nfev": "2935", "status": "0", "success": "True", "message": "Optimization terminated successfully.", "x": "[6.01819789 6.57674251 0.32986364 5.59278754 2.880804   7.86007378]"}, "2": {"maxiter": 100, "ftol": 1e-10, "xtol": 1e-05, "duration": 0.30412983894348145, "fun": "0.17462991178035736", "direc": "[[ 4.93034727e-02  2.40159930e-01 -2.36637303e-01 -3.71739685e-03\n   5.26772955e-02 -8.61585922e-02]\n [-2.15494339e-02  3.83481954e-02 -5.24231596e-02  2.35651994e-02\n  -4.84516065e-02  7.16161550e-02]\n [-8.30010891e-02  2.24039392e-01 -2.03852884e-01  5.49059274e-02\n  -5.77864561e-02  3.93734001e-02]\n [ 0.00000000e+00  0.00000000e+00  0.00000000e+00  1.00000000e+00\n   0.00000000e+00  0.00000000e+00]\n [ 0.00000000e+00  0.00000000e+00  0.00000000e+00  0.00000000e+00\n   1.00000000e+00  0.00000000e+00]\n [ 6.04579415e-04  2.99258429e-03 -1.15187974e-03 -1.27557982e-03\n  -5.54613929e-04 -1.23114581e-04]]", "nit": "17", "nfev": "1706", "status": "0", "success": "True", "message": "Optimization terminated successfully.", "x": "[6.01854353 6.57625875 0.33219194 5.59206108 2.88009701 7.86003716]"}, "3": {"maxiter": 100, "ftol": 1e-10, "xtol": 1e-10, "duration": 0.6603801250457764, "fun": "0.17462991178035736", "direc": "[[ 5.02350962e-02  2.34548182e-01 -2.28844426e-01 -6.31307016e-03\n   5.12426453e-02 -8.41228656e-02]\n [-2.18035222e-02  3.91504405e-02 -5.28449059e-02  2.32974856e-02\n  -4.92409499e-02  7.21336113e-02]\n [-8.47240095e-02  2.26909922e-01 -2.07553538e-01  6.06937912e-02\n  -5.71745975e-02  3.76541558e-02]\n [ 0.00000000e+00  0.00000000e+00  0.00000000e+00  1.00000000e+00\n   0.00000000e+00  0.00000000e+00]\n [ 0.00000000e+00  0.00000000e+00  0.00000000e+00  0.00000000e+00\n   1.00000000e+00  0.00000000e+00]\n [ 4.39171562e-04  3.78395323e-03 -2.09810471e-03 -1.16472041e-03\n  -5.50984296e-04  4.64437153e-05]]", "nit": "17", "nfev": "3707", "status": "0", "success": "True", "message": "Optimization terminated successfully.", "x": "[6.01845484 6.57690922 0.33151782 5.59189866 2.88027678 7.85971372]"}, "4": {"maxiter": 500, "ftol": 1e-05, "xtol": 1e-05, "duration": 0.21225976943969727, "fun": "0.17463047802448273", "direc": "[[-0.15559882 -0.08701858 -0.00468492  0.14036129  0.01785045  0.02372992]\n [-0.02154943  0.0383482  -0.05242316  0.0235652  -0.04845161  0.07161616]\n [-0.08300109  0.22403939 -0.20385288  0.05490593 -0.05778646  0.0393734 ]\n [ 0.          0.          0.          1.          0.          0.        ]\n [ 0.          0.          0.          0.          1.          0.        ]\n [ 0.04930347  0.24015993 -0.2366373  -0.0037174   0.0526773  -0.08615859]]", "nit": "14", "nfev": "1176", "status": "0", "success": "True", "message": "Optimization terminated successfully.", "x": "[6.01825084 6.57676246 0.32993462 5.59249692 2.88066505 7.86020539]"}, "5": {"maxiter": 500, "ftol": 1e-05, "xtol": 1e-10, "duration": 0.5273783206939697, "fun": "0.17463049292564392", "direc": "[[-0.15557417 -0.08769845 -0.0046388   0.14073675  0.01817156  0.02394141]\n [-0.02180352  0.03915044 -0.05284491  0.02329749 -0.04924095  0.07213361]\n [-0.08472401  0.22690992 -0.20755354  0.06069379 -0.0571746   0.03765416]\n [ 0.          0.          0.          1.          0.          0.        ]\n [ 0.          0.          0.          0.          1.          0.        ]\n [ 0.0502351   0.23454818 -0.22884443 -0.00631307  0.05124265 -0.08412287]]", "nit": "14", "nfev": "2935", "status": "0", "success": "True", "message": "Optimization terminated successfully.", "x": "[6.01819789 6.57674251 0.32986364 5.59278754 2.880804   7.86007378]"}, "6": {"maxiter": 500, "ftol": 1e-10, "xtol": 1e-05, "duration": 0.29940295219421387, "fun": "0.17462991178035736", "direc": "[[ 4.93034727e-02  2.40159930e-01 -2.36637303e-01 -3.71739685e-03\n   5.26772955e-02 -8.61585922e-02]\n [-2.15494339e-02  3.83481954e-02 -5.24231596e-02  2.35651994e-02\n  -4.84516065e-02  7.16161550e-02]\n [-8.30