{"conf_id": 5, "data_type": "random\n", "num_data_points": 1, "s_rank": 0, "unitary": "[[-0.45070455-0.02711853j,0.78437395-0.06613086j,0.06358678+0.19963393j,-0.07343613+0.35668523j],[-0.01890143-0.03813363j,0.32408202+0.25557629j,0.05872864-0.68979805j,0.55466693-0.20227297j],[-0.11215405+0.64023111j,-0.13344055+0.29565494j,-0.49012687-0.19046288j,-0.04241254+0.44046348j],[0.55771659+0.24656916j,0.31851997-0.05798805j,0.28761525-0.34294258j,-0.56718418+0.03616933j]]", "databatch_0": {"databatch": "[[[0.30715846-0.13564256j,-0.19442098+0.15900901j,0.2508133-0.1603977j,0.15910509+0.02685728j],[-0.06440566-0.15722039j,0.10575446+0.09736528j,-0.08634204-0.15603251j,0.00311335-0.11974827j],[0.17063565+0.34231051j,-0.12728654-0.20757374j,0.18830668+0.2127866j,-0.03303436+0.0882935j],[0.39384787+0.00708326j,-0.26544674+0.00859981j,0.27825673-0.05387837j,0.05650115+0.09689966j]]]", "nelder_mead": {"0": {"maxiter": 100, "fatol": 1e-05, "xatol": 1e-05, "duration": 0.027615070343017578, "fun": "0.04072076827287674", "nit": "100", "nfev": "149", "status": "2", "success": "False", "message": "Maximum number of iterations has been exceeded.", "x": "[2.33984939 6.51923221 4.92225461 1.6621402  0.73766294 3.86887601]", "final_simplex": "(array([[2.33984939, 6.51923221, 4.92225461, 1.6621402 , 0.73766294,\n        3.86887601],\n       [2.3323181 , 6.44196257, 4.83251607, 1.53497588, 0.79930485,\n        3.80303688],\n       [2.31742966, 6.44103406, 4.88358505, 1.58892883, 0.76903985,\n        3.9523475 ],\n       [2.3721609 , 6.35136767, 4.88705648, 1.69962788, 0.7821239 ,\n        3.70603738],\n       [2.23524006, 6.43353167, 4.92912806, 1.68149232, 0.78130083,\n        3.94125128],\n       [2.33316167, 6.20479901, 4.79044107, 1.5996544 , 0.82431587,\n        3.86497484],\n       [2.49358397, 6.59986097, 5.01254533, 1.38982869, 0.67579736,\n        3.74456473]]), array([0.04072077, 0.04179628, 0.04319974, 0.04399519, 0.04431714,\n       0.04549301, 0.04585138]))"}, "1": {"maxiter": 100, "fatol": 1e-05, "xatol": 1e-10, "duration": 0.02745199203491211, "fun": "0.04072076827287674", "nit": "100", "nfev": "149", "status": "2", "success": "False", "message": "Maximum number of iterations has been exceeded.", "x": "[2.33984939 6.51923221 4.92225461 1.6621402  0.73766294 3.86887601]", "final_simplex": "(array([[2.33984939, 6.51923221, 4.92225461, 1.6621402 , 0.73766294,\n        3.86887601],\n       [2.3323181 , 6.44196257, 4.83251607, 1.53497588, 0.79930485,\n        3.80303688],\n       [2.31742966, 6.44103406, 4.88358505, 1.58892883, 0.76903985,\n        3.9523475 ],\n       [2.3721609 , 6.35136767, 4.88705648, 1.69962788, 0.7821239 ,\n        3.70603738],\n       [2.23524006, 6.43353167, 4.92912806, 1.68149232, 0.78130083,\n        3.94125128],\n       [2.33316167, 6.20479901, 4.79044107, 1.5996544 , 0.82431587,\n        3.86497484],\n       [2.49358397, 6.59986097, 5.01254533, 1.38982869, 0.67579736,\n        3.74456473]]), array([0.04072077, 0.04179628, 0.04319974, 0.04399519, 0.04431714,\n       0.04549301, 0.04585138]))"}, "2": {"maxiter": 100, "fatol": 1e-10, "xatol": 1e-05, "duration": 0.027379989624023438, "fun": "0.04072076827287674", "nit": "100", "nfev": "149", "status": "2", "success": "False", "message": "Maximum number of iterations has been exceeded.", "x": "[2.33984939 6.51923221 4.92225461 1.6621402  0.73766294 3.86887601]", "final_simplex": "(array([[2.33984939, 6.51923221, 4.92225461, 1.6621402 , 0.73766294,\n        3.86887601],\n       [2.3323181 , 6.44196257, 4.83251607, 1.53497588, 0.79930485,\n        3.80303688],\n       [2.31742966, 6.44103406, 4.88358505, 1.58892883, 0.76903985,\n        3.9523475 ],\n       [2.3721609 , 6.35136767, 4.88705648, 1.69962788, 0.7821239 ,\n        3.70603738],\n       [2.23524006, 6.43353167, 4.92912806, 1.68149232, 0.78130083,\n        3.94125128],\n       [2.33316167, 6.20479901, 4.79044107, 1.5996544 , 0.82431587,\n        3.86497484],\n       [2.49358397, 6.59986097, 5.01254533, 1.38982869, 0.67579736,\n        3.74456473]]), array([0.04072077, 0.04179628, 0.04319974, 0.04399519, 0.04431714,\n       0.04549301, 0.04585138]))"}, "3": {"maxiter": 100, "fatol": 1e-10, "xatol": 1e-10, "duration": 0.027392148971557617, "fun": "0.04072076827287674", "nit": "100", "nfev": "149", "status": "2", "success": "False", "message": "Maximum number of iterations has been exceeded.", "x": "[2.33984939 6.51923221 4.92225461 1.6621402  0.73766294 3.86887601]", "final_simplex": "(array([[2.33984939, 6.51923221, 4.92225461, 1.6621402 , 0.73766294,\n        3.86887601],\n       [2.3323181 , 6.44196257, 4.83251607, 1.53497588, 0.79930485,\n        3.80303688],\n       [2.31742966, 6.44103406, 4.88358505, 1.58892883, 0.76903985,\n        3.9523475 ],\n       [2.3721609 , 6.35136767, 4.88705648, 1.69962788, 0.7821239 ,\n        3.70603738],\n       [2.23524006, 6.43353167, 4.92912806, 1.68149232, 0.78130083,\n        3.94125128],\n       [2.33316167, 6.20479901, 4.79044107, 1.5996544 , 0.82431587,\n        3.86497484],\n       [2.49358397, 6.59986097, 5.01254533, 1.38982869, 0.67579736,\n        3.74456473]]), array([0.04072077, 0.04179628, 0.04319974, 0.04399519, 0.04431714,\n       0.04549301, 0.04585138]))"}, "4": {"maxiter": 500, "fatol": 1e-05, "xatol": 1e-05, "duration": 0.13604402542114258, "fun": "0.008439837954938412", "nit": "500", "nfev": "753", "status": "2", "success": "False", "message": "Maximum number of iterations has been exceeded.", "x": "[0.99955672 7.51426721 5.70306366 1.98839731 2.35896547 4.57057946]", "final_simplex": "(array([[0.99955672, 7.51426721, 5.70306366, 1.98839731, 2.35896547,\n        4.57057946],\n       [1.00210277, 7.51483528, 5.70231251, 1.9860925 , 2.36314285,\n        4.57067833],\n       [1.00462446, 7.51537098, 5.70232396, 1.98569353, 2.35265143,\n        4.56681994],\n       [0.98964048, 7.5216034 , 5.70196953, 1.98604725, 2.36766756,\n        4.57380552],\n       [1.00659703, 7.51421873, 5.70468967, 1.98778365, 2.35483992,\n        4.56725024],\n       [0.99388519, 7.51976245, 5.70704953, 1.98283346, 2.36726716,\n        4.57163708],\n       [1.00991382, 7.51174097, 5.6982532 , 1.99255646, 2.33714456,\n        4.55631887]]), array([0.00843984, 0.00843986, 0.00844016, 0.0084405 , 0.00844224,\n       0.0084441 , 0.00844558]))"}, "5": {"maxiter": 500, "fatol": 1e-05, "xatol": 1e-10, "duration": 0.13552117347717285, "fun": "0.008439837954938412", "nit": "500", "nfev": "753", "status": "2", "success": "False", "message": "Maximum number of iterations has been exceeded.", "x": "[0.99955672 7.51426721 5.70306366 1.98839731 2.35896547 4.57057946]", "final_simplex": "(array([[0.99955672, 7.51426721, 5.70306366, 1.98839731, 2.35896547,\n        4.57057946],\n       [1.00210277, 7.51483528, 5.70231251, 1.9860925 , 2.36314285,\n        4.57067833],\n       [1.00462446, 7.51537098, 5.70232396, 1.98569353, 2.35265143,\n        4.56681994],\n       [0.98964048, 7.5216034 , 5.70196953, 1.98604725, 2.36766756,\n        4.57380552],\n       [1.00659703, 7.51421873, 5.70468967, 1.98778365, 2.35483992,\n        4.56725024],\n       [0.99388519, 7.51976245, 5.70704953, 1.98283346, 2.36726716,\n        4.57163708],\n       [1.00991382, 7.51174097, 5.6982532 , 1.99255646, 2.33714456,\n        4.55631887]]), array([0.00843984, 0.00843986, 0.00844016, 0.0084405 , 0.00844224,\n       0.0084441 , 0.00844558]))"}, "6": {"maxiter": 500, "fatol": 1e-10, "xatol": 1e-05, "duration": 0.14040493965148926, "fun": "0.008439837954938412", "nit": "500", "nfev": "753", "status": "2", "success": "False", "message": "Maximum number of iterations has been exceeded.", "x": "[0.99955672 7.51426721 5.70306366 1.98839731 2.35896547 4.57057946]", "final_simplex": "(array([[0.99955672, 7.51426721, 5.70306366, 1.98839731, 2.35896547,\n        4.57057946],\n       [1.00210277, 7.51483528, 5.70231251, 1.9860925 , 2.36314285,\n        4.57067833],\n       [1.00462446, 7.51537098, 5.70232396, 1.98569353, 2.35265143,\n        4.56681994],\n       [0.98964048, 7.5216034 , 5.70196953, 1.98604725, 2.36766756,\n        4.57380552],\n       [1.00659703, 7.51421873, 5.70468967, 1.98778365, 2.35483992,\n        4.56725024],\n       [0.99388519, 7.51976245, 5.70704953, 1.98283346, 2.36726716,\n        4.57163708],\n       [1.00991382, 7.51174097, 5.6982532 , 1.99255646, 2.33714456,\n        4.55631887]]), array([0.00843984, 0.00843986, 0.00844016, 0.0084405 , 0.00844224,\n       0.0084441 , 0.00844558]))"}, "7": {"maxiter": 500, "fatol": 1e-10, "xatol": 1e-10, "duration": 0.13863921165466309, "fun": "0.008439837954938412", "nit": "500", "nfev": "753", "status": "2", "success": "False", "message": "Maximum number of iterations has been exceeded.", "x": "[0.99955672 7.51426721 5.70306366 1.98839731 2.35896547 4.57057946]", "final_simplex": "(array([[0.99955672, 7.51426721, 5.70306366, 1.98839731, 2.35896547,\n        4.57057946],\n       [1.00210277, 7.51483528, 5.70231251, 1.9860925 , 2.36314285,\n        4.57067833],\n       [1.00462446, 7.51537098, 5.70232396, 1.98569353, 2.35265143,\n        4.56681994],\n       [0.98964048, 7.5216034 , 5.70196953, 1.98604725, 2.36766756,\n        4.57380552],\n       [1.00659703, 7.51421873, 5.70468967, 1.98778365, 2.35483992,\n        4.56725024],\n       [0.99388519, 7.51976245, 5.70704953, 1.98283346, 2.36726716,\n        4.57163708],\n       [1.00991382, 7.51174097, 5.6982532 , 1.99255646, 2.33714456,\n        4.55631887]]), array([0.00843984, 0.00843986, 0.00844016, 0.0084405 , 0.00844224,\n       0.0084441 , 0.00844558]))"}, "8": {"maxiter": 1000, "fatol": 1e-05, "xatol": 1e-05, "duration": 0.1635279655456543, "fun": "0.008437782526016235", "nit": "577", "nfev": "909", "status": "0", "success": "True", "message": "Optimization terminated successfully.", "x": "[1.0018506  7.51423502 5.70279238 1.98749381 2.35601373 4.56656492]", "final_simplex": "(array([[1.0018506 , 7.51423502, 5.70279238, 1.98749381, 2.35601373,\n        4.56656492],\n       [1.00184284, 7.51423764, 5.70279159, 1.98749479, 2.35602206,\n        4.56657217],\n       [1.00184586, 7.51424061, 5.70278823, 1.98749198, 2.35601948,\n        4.56657139],\n       [1.00184442, 7.51424179, 5.70278887, 1.98749248, 2.35602342,\n        4.56657265],\n       [1.0018472 , 7.51424155, 5.70278744, 1.98749282, 2.3560147 ,\n        4.56656746],\n       [1.00184408, 7.51424375, 5.70279057, 1.98749257, 2.35601712,\n        4.56656987],\n       [1.00184261, 7.51424196, 5.70278891, 1.98749278, 2.35602145,\n        4.56657193]]), array([0.00843778, 0.00843778, 0.00843778, 0.00843778, 0.00843778,\n       0.00843778, 0.00843778]))"}, "9": {"maxiter": 1000, "fatol": 1e-05, "xatol": 1e-10, "duration": 0.18758511543273926, "fun": "0.008437782526016235", "nit": "594", "nfev": "1045", "status": "0", "success": "True", "message": "Optimization terminated successfully.", "x": "[1.0018506  7.51423502 5.70279238 1.98749381 2.35601373 4.56656492]", "final_simplex": "(array([[1.0018506 , 7.51423502, 5.70279238, 1.98749381, 2.35601373,\n        4.56656492],\n       [1.0018506 , 7.51423502, 5.70279238, 1.98749381, 2.35601373,\n        4.56656492],\n       [1.0018506 , 7.51423502, 5.70279238, 1.98749381, 2.35601373,\n        4.56656492],\n       [1.0018506 , 7.51423502, 5.70279238, 1.98749381, 2.35601373,\n        4.56656492],\n       [1.0018506 , 7.51423502, 5.70279238, 1.98749381, 2.35601373,\n        4.56656492],\n       [1.0018506 , 7.51423502, 5.70279238, 1.98749381, 2.35601373,\n        4.56656492],\n       [1.0018506 , 7.51423502, 5.70279238, 1.98749381, 2.35601373,\n        4.56656492]]), array([0.00843778, 0.00843778, 0.00843778, 0.00843778, 0.00843778,\n       0.00843778, 0.00843778]))"}, "10": {"maxiter": 1000, "fatol": 1e-10, "xatol": 1e-05, "duration": 0.16614007949829102, "fun": "0.008437782526016235", "nit": "577", "nfev": "909", "status": "0", "success": "True", "message": "Optimization terminated successfully.", "x": "[1.0018506  7.51423502 5.70279238 1.98749381 2.35601373 4.56656492]", "final_simplex": "(array([[1.0018506 , 7.51423502, 5.70279238, 1.98749381, 2.35601373,\n        4.56656492],\n       [1.00184284, 7.51423764, 5.70279159, 1.98749479, 2.35602206,\n        4.56657217],\n       [1.00184586, 7.51424061, 5.70278823, 1.98749198, 2.35601948,\n        4.56657139],\n       [1.00184442, 7.51424179, 5.70278887, 1.98749248, 2.35602342,\n        4.56657265],\n       [1.0018472 , 7.51424155, 5.70278744, 1.98749282, 2.3560147 ,\n        4.56656746],\n       [1.00184408, 7.51424375, 5.70279057, 1.98749257, 2.35601712,\n        4.56656987],\n       [1.00184261, 7.51424196, 5.70278891, 1.98749278, 2.35602145,\n        4.56657193]]), array([0.00843778, 0.00843778, 0.00843778, 0.00843778, 0.00843778,\n       0.00843778, 0.00843778]))"}, "11": {"maxiter": 1000, "fatol": 1e-10, "xatol": 1e-10, "duration": 0.18546485900878906, "fun": "0.008437782526016235", "nit": "594", "nfev": "1045", "status": "0", "success": "True", "message": "Optimization terminated successfully.", "x": "[1.0018506  7.51423502 5.70279238 1.98749381 2.35601373 4.56656492]", "final_simplex": "(array([[1.0018506 , 7.51423502, 5.70279238, 1.98749381, 2.35601373,\n        4.56656492],\n       [1.0018506 , 7.51423502, 5.70279238, 1.98749381, 2.35601373,\n        4.56656492],\n       [1.0018506 , 7.51423502, 5.70279238, 1.98749381, 2.35601373,\n        4.56656492],\n       [1.0018506 , 7.51423502, 5.70279238, 1.98749381, 2.35601373,\n        4.56656492],\n       [1.0018506 , 7.51423502, 5.70279238, 1.98749381, 2.35601373,\n        4.56656492],\n       [1.0018506 , 7.51423502, 5.70279238, 1.98749381, 2.35601373,\n        4.56656492],\n       [1.0018506 , 7.51423502, 5.70279238, 1.98749381, 2.35601373,\n        4.56656492]]), array([0.00843778, 0.00843778, 0.00843778, 0.00843778, 0.00843778,\n       0.00843778, 0.00843778]))"}}, "bfgs": {"0": {"maxiter": 100, "gtol": 1e-05, "xrtol": 1e-05, "eps": 1e-05, "duration": 0.070465087890625, "fun": "0.00843781791627407", "jac": "[0. 0. 0. 0. 0. 0.]", "hess_inv": "[[ 33.71513369 -14.90648409  -4.08515246   6.35777602 -43.45111783\n  -24.92069245]\n [-14.90648409  11.15745536  -4.43834099  -4.27919559  12.26784676\n    8.40089551]\n [ -4.08515246  -4.43834099  17.1195664   -0.39402342  21.8718715\n    8.04993348]\n [  6.35777602  -4.27919559  -0.39402342   4.04146887 -10.00936329\n   -6.06826136]\n [-43.45111783  12.26784676  21.8718715  -10.00936329  81.09080272\n   40.42129064]\n [-24.92069245   8.40089551   8.04993348  -6.06826136  40.42129064\n   22.51891277]]", "nfev": "392", "njev": "56", "status": "0", "success": "True", "message": "Optimization terminated successfully.", "x": "[1.00270207 7.51358254 5.70292124 1.98775823 2.35436874 4.56541702]", "nit": "48"}, "1": {"maxiter": 100, "gtol": 1e-05, "xrtol": 1e-05, "eps": 1e-10, "duration": 0.001277923583984375, "fun": "0.5196128487586975", "jac": "[0. 0. 0. 0. 0. 0.]", "hess_inv": "[[1 0 0 0 0 0]\n [0 1 0 0 0 0]\n [0 0 1 0 0 0]\n [0 0 0 1 0 0]\n [0 0 0 0 1 0]\n [0 0 0 0 0 1]]", "nfev": "7", "njev": "1", "status": "0", "success": "True", "message": "Optimization terminated successfully.", "x": "[1.52533563 5.48472597 3.11706543 2.97073444 1.46218186 3.71111487]", "nit": "0"}, "2": {"maxiter": 100, "gtol": 1e-05, "xrtol": 1e-10, "eps": 1e-05, "duration": 0.07017087936401367, "fun": "0.00843781791627407", "jac": "[0. 0. 0. 0. 0. 0.]", "hess_inv": "[[ 33.71513369 -14.90648409  -4.08515246   6.35777602 -43.45111783\n  -24.92069245]\n [-14.90648409  11.15745536  -4.43834099  -4.27919559  12.26784676\n    8.40089551]\n [ -4.08515246  -4.43834099  17.1195664   -0.39402342  21.8718715\n    8.04993348]\n [  6.35777602  -4.27919559  -0.39402342   4.04146887 -10.00936329\n   -6.06826136]\n [-43.45111783  12.26784676  21.8718715  -10.00936329  81.09080272\n   40.42129064]\n [-24.92069245   8.40089551   8.04993348  -6.06826136  40.42129064\n   22.51891277]]", "nfev": "392", "njev": "56", "status": "0", "success": "True", "message": "Optimization terminated successfully.", "x": "[1.00270207 7.51358254 5.70292124 1.98775823 2.35436874 4.56541702]", "nit": "48"}, "3": {"maxiter": 100, "gtol": 1e-05, "xrtol": 1e-10, "eps": 1e-10, "duration": 0.001277923583984375, "fun": "0.5196128487586975", "jac": "[0. 0. 0. 0. 0. 0.]", "hess_inv": "[[1 0 0 0 0 0]\n [0 1 0 0 0 0]\n [0 0 1 0 0 0]\n [0 0 0 1 0 0]\n [0 0 0 0 1 0]\n [0 0 0 0 0 1]]", "nfev": "7", "njev": "1", "status": "0", "success": "True", "message": "Optimization terminated successfully.", "x": "[1.52533563 5.48472597 3.11706543 2.97073444 1.46218186 3.71111487]", "nit": "0"}, "4": {"maxiter": 100, "gtol": 1e-10, "xrtol": 1e-05, "eps": 1e-05, "duration": 0.07146120071411133, "fun": "0.00843781791627407", "jac": "[0. 0. 0. 0. 0. 0.]", "hess_inv": "[[ 33.71513369 -14.90648409  -4.08515246   6.35777602 -43.45111783\n  -24.92069245]\n [-14.90648409  11.15745536  -4.43834099  -4.27919559  12.26784676\n    8.40089551]\n [ -4.08515246  -4.43834099  17.1195664   -0.39402342  21.8718715\n    8.04993348]\n [  6.35777602  -4.27919559  -0.39402342   4.04146887 -10.00936329\n   -6.06826136]\n [-43.45111783  12.26784676  21.8718715  -10.00936329  81.09080272\n   40.42129064]\n [-24.92069245   8.40089551   8.04993348  -6.06826136  40.42129064\n   22.51891277]]", "nfev": "392", "njev": "56", "status": "0", "success": "True", "message": "Optimization terminated successfully.", "x": "[1.00270207 7.51358254 5.70292124 1.98775823 2.35436874 4.56541702]", "nit": "48"}, "5": {"maxiter": 100, "gtol": 1e-10, "xrtol": 1e-05, "eps": 1e-10, "duration": 0.001363992691040039, "fun": "0.5196128487586975", "jac": "[0. 0. 0. 0. 0. 0.]", "hess_inv": "[[1 0 0 0 0 0]\n [0 1 0 0 0 0]\n [0 0 1 0 0 0]\n [0 0 0 1 0 0]\n [0 0 0 0 1 0]\n [0 0 0 0 0 1]]", "nfev": "7", "njev": "1", "status": "0", "success": "True", "message": "Optimization terminated successfully.", "x": "[1.52533563 5.48472597 3.11706543 2.97073444 1.46218186 3.71111487]", "nit": "0"}, "6": {"maxiter": 100, "gtol": 1e-10, "xrtol": 1e-10, "eps": 1e-05, "duration": 0.0734868049621582, "fun": "0.00843781791627407", "jac": "[0. 0. 0. 0. 0. 0.]", "hess_inv": "[[ 33.71513369 -14.90648409  -4.08515246   6.35777602 -43.45111783\n  -24.92069245]\n [-14.90648409  11.15745536  -4.43834099  -4.27919559  12.26784676\n    8.40089551]\n [ -4.08515246  -4.43834099  17.1195664   -0.39402342  21.8718715\n    8.04993348]\n [  6.35777602  -4.27919559  -0.39402342   4.04146887 -10.00936329\n   -6.06826136]\n [-43.45111783  12.26784676  21.8718715  -10.00936329  81.09080272\n   40.42129064]\n [-24.92069245   8.40089551   8.04993348  -6.06826136  40.42129064\n   22.51891277]]", "nfev": "392", "njev": "56", "status": "0", "success": "True", "message": "Optimization terminated successfully.", "x": "[1.00270207 7.51358254 5.70292124 1.98775823 2.35436874 4.56541702]", "nit": "48"}, "7": {"maxiter": 100, "gtol": 1e-10, "xrtol": 1e-10, "eps": 1e-10, "duration": 0.0013267993927001953, "fun": "0.5196128487586975", "jac": "[0. 0. 0. 0. 0. 0.]", "hess_inv": "[[1 0 0 0 0 0]\n [0 1 0 0 0 0]\n [0 0 1 0 0 0]\n [0 0 0 1 0 0]\n [0 0 0 0 1 0]\n [0 0 0 0 0 1]]", "nfev": "7", "njev": "1", "status": "0", "success": "True", "message": "Optimization terminated successfully.", "x": "[1.52533563 5.48472597 3.11706543 2.97073444 1.46218186 3.71111487]", "nit": "0"}, "8": {"maxiter": 500, "gtol": 1e-05, "xrtol": 1e-05, "eps": 1e-05, "duration": 0.07289314270019531, "fun": "0.00843781791627407", "jac": "[0. 0. 0. 0. 0. 0.]", "hess_inv": "[[ 33.71513369 -14.90648409  -4.08515246   6.35777602 -43.45111783\n  -24.92069245]\n [-14.90648409  11.15745536  -4.43834099  -4.27919559  12.26784676\n    8.40089551]\n [ -4.08515246  -4.43834099  17.1195664   -0.39402342  21.8718715\n    8.04993348]\n [  6.35777602  -4.27919559  -0.39402342   4.04146887 -10.00936329\n   -6.06826136]\n [-43.45111783  12.26784676  21.8718715  -10.00936329  81.09080272\n   40.42129064]\n [-24.92069245   8.40089551   8.04993348  -6.06826136  40.42129064\n   22.51891277]]", "nfev": "392", "njev": "56", "status": "0", "success": "True", "message": "Optimization terminated successfully.", "x": "[1.00270207 7.51358254 5.70292124 1.98775823 2.35436874 4.56541702]", "nit": "48"}, "9": {"maxiter": 500, "gtol": 1e-05, "xrtol": 1e-05, "eps": 1e-10, "duration": 0.001322031021118164, "fun": "0.5196128487586975", "jac": "[0. 0. 0. 0. 0. 0.]", "hess_inv": "[[1 0 0 0 0 0]\n [0 1 0 0 0 0]\n [0 0 1 0 0 0]\n [0 0 0 1 0 0]\n [0 0 0 0 1 0]\n [0 0 0 0 0 1]]", "nfev": "7", "njev": "1", "status": "0", "success": "True", "message": "Optimization terminated successfully.", "x": "[1.52533563 5.48472597 3.11706543 2.97073444 1.46218186 3.71111487]", "nit": "0"}, "10": {"maxiter": 500, "gtol": 1e-05, "xrtol": 1e-10, "eps": 1e-05, "duration": 0.07260012626647949, "fun": "0.00843781791627407", "jac": "[0. 0. 0. 0. 0. 0.]", "hess_inv": "[[ 33.71513369 -14.90648409  -4.08515246   6.35777602 -43.45111783\n  -24.92069245]\n [-14.90648409  11.15745536  -4.43834099  -4.27919559  12.26784676\n    8.40089551]\n [ -4.08515246  -4.43834099  17.1195664   -0.39402342  21.8718715\n    8.04993348]\n [  6.35777602  -4.27919559  -0.39402342   4.04146887 -10.00936329\n   -6.06826136]\n [-43.45111783  12.26784676  21.8718715  -10.00936329  81.09080272\n   40.42129064]\n [-24.92069245   8.40089551   8.04993348  -6.06826136  40.42129064\n   22.51891277]]", "nfev": "392", "njev": "56", "status": "0", "success": "True", "message": "Optimization terminated successfully.", "x": "[1.00270207 7.51358254 5.70292124 1.98775823 2.35436874 4.56541702]", "nit": "48"}, "11": {"maxiter": 500, "gtol": 1e-05, "xrtol": 1e-10, "eps": 1e-10, "duration": 0.0013141632080078125, "fun": "0.5196128487586975", "jac": "[0. 0. 0. 0. 0. 0.]", "hess_inv": "[[1 0 0 0 0 0]\n [0 1 0 0 0 0]\n [0 0 1 0 0 0]\n [0 0 0 1 0 0]\n [0 0 0 0 1 0]\n [0 0 0 0 0 1]]", "nfev": "7", "njev": "1", "status": "0", "success": "True", "message": "Optimization terminated successfully.", "x": "[1.52533563 5.48472597 3.11706543 2.97073444 1.46218186 3.71111487]", "nit": "0"}, "12": {"maxiter": 500, "gtol": 1e-10, "xrtol": 1e-05, "eps": 1e-05, "duration": 0.07232880592346191, "fun": "0.00843781791627407", "jac": "[0. 0. 0. 0. 0. 0.]", "hess_inv": "[[ 33.71513369 -14.90648409  -4.08515246   6.35777602 -43.45111783\n  -24.92069245]\n [-14.90648409  11.15745536  -4.43834099  -4.27919559  12.26784676\n    8.40089551]\n [ -4.08515246  -4.43834099  17.1195664   -0.39402342  21.8718715\n    8.04993348]\n [  6.35777602  -4.27919559  -0.39402342   4.04146887 -10.00936329\n   -6.06826136]\n [-43.45111783  12.26784676  21.8718715  -10.00936329  81.09080272\n   40.42129064]\n [-24.92069245   8.40089551   8.04993348  -6.06826136  40.42129064\n   22.51891277]]", "nfev": "392", "njev": "56", "status": "0", "success": "True", "message": "Optimization terminated successfully.", "x": "[1.00270207 7.51358254 5.70292124 1.98775823 2.35436874 4.56541702]", "nit": "48"}, "13": {"maxiter": 500, "gtol": 1e-10, "xrtol": 1e-05, "eps": 1e-10, "duration": 0.0013110637664794922, "fun": "0.5196128487586975", "jac": "[0. 0. 0. 0. 0. 0.]", "hess_inv": "[[1 0 0 0 0 0]\n [0 1 0 0 0 0]\n [0 0 1 0 0 0]\n [0 0 0 1 0 0]\n [0 0 0 0 1 0]\n [0 0 0 0 0 1]]", "nfev": "7", "njev": "1", "status": "0", "success": "True", "message": "Optimization terminated successfully.", "x": "[1.52533563 5.48472597 3.11706543 2.97073444 1.46218186 3.71111487]", "nit": "0"}, "14": {"maxiter": 500, "gtol": 1e-10, "xrtol": 1e-10, "eps": 1e-05, "duration": 0.0720682144165039, "fun": "0.00843781791627407", "jac": "[0. 0. 0. 0. 0. 0.]", "hess_inv": "[[ 33.71513369 -14.90648409  -4.08515246   6.35777602 -43.45111783\n  -24.92069245]\n [-14.90648409  11.15745536  -4.43834099  -4.27919559  12.26784676\n    8.40089551]\n [ -4.08515246  -4.43834099  17.1195664   -0.39402342  21.8718715\n    8.04993348]\n [  6.35777602  -4.27919559  -0.39402342   4.04146887 -10.00936329\n   -6.06826136]\n [-43.45111783  12.26784676  21.8718715  -10.00936329  81.09080272\n   40.42129064]\n [-24.92069245   8.40089551   8.04993348  -6.06826136  40.42129064\n   22.51891277]]", "nfev": "392", "njev": "56", "status": "0", "success": "True", "message": "Optimization terminated successfully.", "x": "[1.00270207 7.51358254 5.70292124 1.98775823 2.35436874 4.56541702]", "nit": "48"}, "15": {"maxiter": 500, "gtol": 1e-10, "xrtol": 1e-10, "eps": 1e-10, "duration": 0.0013070106506347656, "fun": "0.5196128487586975", "jac": "[0. 0. 0. 0. 0. 0.]", "hess_inv": "[[1 0 0 0 0 0]\n [0 1 0 0 0 0]\n [0 0 1 0 0 0]\n [0 0 0 1 0 0]\n [0 0 0 0 1 0]\n [0 0 0 0 0 1]]", "nfev": "7", "njev": "1", "status": "0", "success": "True", "message": "Optimization terminated successfully.", "x": "[1.52533563 5.48472597 3.11706543 2.97073444 1.46218186 3.71111487]", "nit": "0"}, "16": {"maxiter": 1000, "gtol": 1e-05, "xrtol": 1e-05, "eps": 1e-05, "duration": 0.07245802879333496, "fun": "0.00843781791627407", "jac": "[0. 0. 0. 0. 0. 0.]", "hess_inv": "[[ 33.71513369 -14.90648409  -4.08515246   6.35777602 -43.45111783\n  -24.92069245]\n [-14.90648409  11.15745536  -4.43834099  -4.27919559  12.26784676\n    8.40089551]\n [ -4.08515246  -4.43834099  17.1195664   -0.39402342  21.8718715\n    8.04993348]\n [  6.35777602  -4.27919559  -0.39402342   4.04146887 -10.00936329\n   -6.06826136]\n [-43.45111783  12.26784676  21.8718715  -10.00936329  81.09080272\n   40.42129064]\n [-24.92069245   8.40089551   8.04993348  -6.06826136  40.42129064\n   22.51891277]]", "nfev": "392", "njev": "56", "status": "0", "success": "True", "message": "Optimization terminated successfully.", "x": "[1.00270207 7.51358254 5.70292124 1.98775823 2.35436874 4.56541702]", "nit": "48"}, "17": {"maxiter": 1000, "gtol": 1e-05, "xrtol": 1e-05, "eps": 1e-10, "duration": 0.0013110637664794922, "fun": "0.5196128487586975", "jac": "[0. 0. 0. 0. 0. 0.]", "hess_inv": "[[1 0 0 0 0 0]\n [0 1 0 0 0 0]\n [0 0 1 0 0 0]\n [0 0 0 1 0 0]\n [0 0 0 0 1 0]\n [0 0 0 0 0 1]]", "nfev": "7", "njev": "1", "status": "0", "success": "True", "message": "Optimization terminated successfully.", "x": "[1.52533563 5.48472597 3.11706543 2.97073444 1.46218186 3.71111487]", "nit": "0"}, "18": {"maxiter": 1000, "gtol": 1e-05, "xrtol": 1e-10, "eps": 1e-05, "duration": 0.07272124290466309, "fun": "0.00843781791627407", "jac": "[0. 0. 0. 0. 0. 0.]", "hess_inv": "[[ 33.71513369 -14.90648409  -4.08515246   6.35777602 -43.45111783\n  -24.92069245]\n [-14.90648409  11.15745536  -4.43834099  -4.27919559  12.26784676\n    8.40089551]\n [ -4.08515246  -4.43834099  17.1195664   -0.39402342  21.8718715\n    8.04993348]\n [  6.35777602  -4.27919559  -0.39402342   4.04146887 -10.00936329\n   -6.06826136]\n [-43.45111783  12.26784676  21.8718715  -10.00936329  81.09080272\n   40.42129064]\n [-24.92069245   8.40089551   8.04993348  -6.06826136  40.42129064\n   22.51891277]]", "nfev": "392", "njev": "56", "status": "0", "success": "True", "message": "Optimization terminated successfully.", "x": "[1.00270207 7.51358254 5.70292124 1.98775823 2.35436874 4.56541702]", "nit": "48"}, "19": {"maxiter": 1000, "gtol": 1e-05, "xrtol": 1e-10, "eps": 1e-10, "duration": 0.0013129711151123047, "fun": "0.5196128487586975", "jac": "[0. 0. 0. 0. 0. 0.]", "hess_inv": "[[1 0 0 0 0 0]\n [0 1 0 0 0 0]\n [0 0 1 0 0 0]\n [0 0 0 1 0 0]\n [0 0 0 0 1 0]\n [0 0 0 0 0 1]]", "nfev": "7", "njev": "1", "status": "0", "success": "True", "message": "Optimization terminated successfully.", "x": "[1.52533563 5.48472597 3.11706543 2.97073444 1.46218186 3.71111487]", "nit": "0"}, "20": {"maxiter": 1000, "gtol": 1e-10, "xrtol": 1e-05, "eps": 1e-05, "duration": 0.07321691513061523, "fun": "0.00843781791627407", "jac": "[0. 0. 0. 0. 0. 0.]", "hess_inv": "[[ 33.71513369 -14.90648409  -4.08515246   6.35777602 -43.45111783\n  -24.92069245]\n [-14.90648409  11.15745536  -4.43834099  -4.27919559  12.26784676\n    8.40089551]\n [ -4.08515246  -4.43834099  17.1195664   -0.39402342  21.8718715\n    8.04993348]\n [  6.35777602  -4.27919559  -0.39402342   4.04146887 -10.00936329\n   -6.06826136]\n [-43.45111783  12.26784676  21.8718715  -10.00936329  81.09080272\n   40.42129064]\n [-24.92069245   8.40089551   8.04993348  -6.06826136  40.42129064\n   22.51891277]]", "nfev": "392", "njev": "56", "status": "0", "success": "True", "message": "Optimization terminated successfully.", "x": "[1.00270207 7.51358254 5.70292124 1.98775823 2.35436874 4.56541702]", "nit": "48"}, "21": {"maxiter": 1000, "gtol": 1e-10, "xrtol": 1e-05, "eps": 1e-10, "duration": 0.0013141632080078125, "fun": "0.5196128487586975", "jac": "[0. 0. 0. 0. 0. 0.]", "hess_inv": "[[1 0 0 0 0 0]\n [0 1 0 0 0 0]\n [0 0 1 0 0 0]\n [0 0 0 1 0 0]\n [0 0 0 0 1 0]\n [0 0 0 0 0 1]]", "nfev": "7", "njev": "1", "status": "0", "success": "True", "message": "Optimization terminated successfully.", "x": "[1.52533563 5.48472597 3.11706543 2.97073444 1.46218186 3.71111487]", "nit": "0"}, "22": {"maxiter": 1000, "gtol": 1e-10, "xrtol": 1e-10, "eps": 1e-05, "duration": 0.0769801139831543, "fun": "0.00843781791627407", "jac": "[0. 0. 0. 0. 0. 0.]", "hess_inv": "[[ 33.71513369 -14.90648409  -4.08515246   6.35777602 -43.45111783\n  -24.92069245]\n [-14.90648409  11.15745536  -4.43834099  -4.27919559  12.26784676\n    8.40089551]\n [ -4.08515246  -4.43834099  17.1195664   -0.39402342  21.8718715\n    8.04993348]\n [  6.35777602  -4.27919559  -0.39402342   4.04146887 -10.00936329\n   -6.06826136]\n [-43.45111783  12.26784676  21.8718715  -10.00936329  81.09080272\n   40.42129064]\n [-24.92069245   8.40089551   8.04993348  -6.06826136  40.42129064\n   22.51891277]]", "nfev": "392", "njev": "56", "status": "0", "success": "True", "message": "Optimization terminated successfully.", "x": "[1.00270207 7.51358254 5.70292124 1.98775823 2.35436874 4.56541702]", "nit": "48"}, "23": {"maxiter": 1000, "gtol": 1e-10, "xrtol": 1e-10, "eps": 1e-10, "duration": 0.001332998275756836, "fun": "0.5196128487586975", "jac": "[0. 0. 0. 0. 0. 0.]", "hess_inv": "[[1 0 0 0 0 0]\n [0 1 0 0 0 0]\n [0 0 1 0 0 0]\n [0 0 0 1 0 0]\n [0 0 0 0 1 0]\n [0 0 0 0 0 1]]", "nfev": "7", "njev": "1", "status": "0", "success": "True", "message": "Optimization terminated successfully.", "x": "[1.52533563 5.48472597 3.11706543 2.97073444 1.46218186 3.71111487]", "nit": "0"}}, "cobyla": {"0": {"maxiter": 100, "tol": 1e-05, "catol": 1e-05, "duration": 0.017676115036010742, "x": "[2.38451786 5.61042538 4.22655415 1.11136652 0.15291506 3.7735066 ]", "status": "2", "success": "False", "message": "Maximum number of function evaluations has been exceeded.", "nfev": "100", "fun": "0.04623032361268997", "maxcv": "0.0"}, "1": {"maxiter": 100, "tol": 1e-05, "catol": 1e-10, "duration": 0.018863916397094727, "x": "[2.38451786 5.61042538 4.22655415 1.11136652 0.15291506 3.7735066 ]", "status": "2", "success": "False", "message": "Maximum number of function evaluations has been exceeded.", "nfev": "100", "fun": "0.04623032361268997", "maxcv": "0.0"}, "2": {"maxiter": 100, "tol": 1e-10, "catol": 1e-05, "duration": 0.018049001693725586, "x": "[2.38451786 5.61042538 4.22655415 1.11136652 0.15291506 3.7735066 ]", "status": "2", "success": "False", "message": "Maximum number of function evaluations has been exceeded.", "nfev": "100", "fun": "0.04623032361268997", "maxcv": "0.0"}, "3": {"maxiter": 100, "tol": 1e-10, "catol": 1e-10, "duration": 0.018167734146118164, "x": "[2.38451786 5.61042538 4.22655415 1.11136652 0.15291506 3.7735066 ]", "status": "2", "success": "False", "message": "Maximum number of function evaluations has been exceeded.", "nfev": "100", "fun": "0.04623032361268997", "maxcv": "0.0"}, "4": {"maxiter": 500, "tol": 1e-05, "catol": 1e-05, "duration": 0.08951091766357422, "x": "[2.06380293 6.86073501 5.35573141 1.69270714 0.97195564 3.81376721]", "status": "2", "success": "False", "message": "Maximum number of function evaluations has been exceeded.", "nfev": "500", "fun": "0.024830933660268784", "maxcv": "0.0"}, "5": {"maxiter": 500, "tol": 1e-05, "catol": 1e-10, "duration": 0.0895078182220459, "x": "[2.06380293 6.86073501 5.35573141 1.69270714 0.97195564 3.81376721]", "status": "2", "success": "False", "message": "Maximum number of function evaluations has been exceeded.", "nfev": "500", "fun": "0.024830933660268784", "maxcv": "0.0"}, "6": {"maxiter": 500, "tol": 1e-10, "catol": 1e-05, "duration": 0.0885930061340332, "x": "[2.06380293 6.86073501 5.35573141 1.69270714 0.97195564 3.81376721]", "status": "2", "success": "False", "message": "Maximum number of function evaluations has been exceeded.", "nfev": "500", "fun": "0.024830933660268784", "maxcv": "0.0"}, "7": {"maxiter": 500, "tol": 1e-10, "catol": 1e-10, "duration": 0.09564971923828125, "x": "[2.06380293 6.86073501 5.35573141 1.69270714 0.97195564 3.81376721]", "status": "2", "success": "False", "message": "Maximum number of function evaluations has been exceeded.", "nfev": "500", "fun": "0.024830933660268784", "maxcv": "0.0"}, "8": {"maxiter": 1000, "tol": 1e-05, "catol": 1e-05, "duration": 0.18951010704040527, "x": "[1.14094953 7.44564173 5.69596166 2.01118945 2.15704847 4.44755088]", "status": "2", "success": "False", "message": "Maximum number of function evaluations has been exceeded.", "nfev": "1000", "fun": "0.00875016674399376", "maxcv": "0.0"}, "9": {"maxiter": 1000, "tol": 1e-05, "catol": 1e-10, "duration": 0.17711567878723145, "x": "[1.14094953 7.44564173 5.69596166 2.01118945 2.15704847 4.44755088]", "status": "2", "success": "False", "message": "Maximum number of function evaluations has been exceeded.", "nfev": "1000", "fun": "0.00875016674399376", "maxcv": "0.0"}, "10": {"maxiter": 1000, "tol": 1e-10, "catol": 1e-05, "duration": 0.1783599853515625, "x": "[1.14094953 7.44564173 5.69596166 2.01118945 2.15704847 4.44755088]", "status": "2", "success": "False", "message": "Maximum number of function evaluations has been exceeded.", "nfev": "1000", "fun": "0.00875016674399376", "maxcv": "0.0"}, "11": {"maxiter": 1000, "tol": 1e-10, "catol": 1e-10, "duration": 0.2571568489074707, "x": "[1.14094953 7.44564173 5.69596166 2.01118945 2.15704847 4.44755088]", "status": "2", "success": "False", "message": "Maximum number of function evaluations has been exceeded.", "nfev": "1000", "fun": "0.00875016674399376", "maxcv": "0.0"}}, "powell": {"0": {"maxiter": 100, "ftol": 1e-05, "xtol": 1e-05, "duration": 0.5868930816650391, "fun": "0.008437782526016235", "direc": "[[ 1.11370226e-02  1.28132491e-02 -1.76493070e-02  1.69676862e-03\n   1.65942919e-02  1.53506827e-02]\n [ 3.10066661e-03 -4.38997905e-04  9.52082414e-04  2.56020061e-05\n  -3.46660564e-03 -2.23019428e-03]\n [-1.24304556e-01  7.76972322e-02  1.56463757e-02 -4.67309798e-02\n   1.83076422e-01  1.01564420e-01]\n [-3.12649438e-01  1.09643130e-01  7.58125411e-02  5.60050820e-02\n   3.45863807e-01  2.11323461e-01]\n [ 0.00000000e+00  0.00000000e+00  0.00000000e+00  0.00000000e+00\n   0.00000000e+00  1.00000000e+00]\n [ 1.09070216e-03 -2.49638451e-03  2.09629477e-03 -5.16428583e-04\n   3.73727082e-03  1.20979515e-03]]", "nit": "25", "nfev": "2145", "status": "0", "success": "True", "message": "Optimization terminated successfully.", "x": "[1.00156053 7.51427679 5.70276901 1.98751641 2.35621181 4.56665446]"}, "1": {"maxiter": 100, "ftol": 1e-05, "xtol": 1e-10, "duration": 0.9596359729766846, "fun": "0.008437780663371086", "direc": "[[ 1.03492363e-02  1.41699147e-02 -1.77347464e-02  1.35054747e-03\n   1.80203913e-02  1.62746186e-02]\n [ 3.09155935e-03 -4.20272494e-04  1.07847801e-03 -8.25920234e-05\n  -3.34791066e-03 -2.19202591e-03]\n [-1.23943417e-01  7.68170442e-02  1.57892417e-02 -4.63035604e-02\n   1.79223572e-01  9.99278749e-02]\n [-3.14301622e-01  1.09876647e-01  7.67016291e-02  5.71954346e-02\n   3.47861805e-01  2.11823164e-01]\n [ 0.00000000e+00  0.00000000e+00  0.00000000e+00  0.00000000e+00\n   0.00000000e+00  1.00000000e+00]\n [ 1.30266175e-03 -2.27138092e-03  2.09589786e-03 -1.10151705e-03\n   3.91746758e-03  1.32856437e-03]]", "nit": "26", "nfev": "5382", "status": "0", "success": "True", "message": "Optimization terminated successfully.", "x": "[1.00131123 7.51449107 5.70282081 1.98731865 2.35650284 4.56682654]"}, "2": {"maxiter": 100, "ftol": 1e-10, "xtol": 1e-05, "duration": 0.43808913230895996, "fun": "0.008437779732048512", "direc": "[[ 1.11370226e-02  1.28132491e-02 -1.76493070e-02  1.69676862e-03\n   1.65942919e-02  1.53506827e-02]\n [ 3.10066661e-03 -4.38997905e-04  9.52082414e-04  2.56020061e-05\n  -3.46660564e-03 -2.23019428e-03]\n [-1.24304556e-01  7.76972322e-02  1.56463757e-02 -4.67309798e-02\n   1.83076422e-01  1.01564420e-01]\n [-3.12649438e-01  1.09643130e-01  7.58125411e-02  5.60050820e-02\n   3.45863807e-01  2.11323461e-01]\n [ 0.00000000e+00  0.00000000e+00  0.00000000e+00  0.00000000e+00\n   0.00000000e+00  1.00000000e+00]\n [ 1.09070216e-03 -2.49638451e-03  2.09629477e-03 -5.16428583e-04\n   3.73727082e-03  1.20979515e-03]]", "nit": "27", "nfev": "2447", "status": "0", "success": "True", "message": "Optimization terminated successfully.", "x": "[1.00157468 7.51432514 5.70282748 1.98741805 2.35617976 4.566608  ]"}, "3": {"maxiter": 100, "ftol": 1e-10, "xtol": 1e-10, "duration": 1.0078189373016357, "fun": "0.008437780663371086", "direc": "[[ 1.03492363e-02  1.41699147e-02 -1.77347464e-02  1.35054747e-03\n   1.80203913e-02  1.62746186e-02]\n [ 3.09155935e-03 -4.20272494e-04  1.07847801e-03 -8.25920234e-05\n  -3.34791066e-03 -2.19202591e-03]\n [-1.23943417e-01  7.68170442e-02  1.57892417e-02 -4.63035604e-02\n   1.79223572e-01  9.99278749e-02]\n [-3.14301622e-01  1.09876647e-01  7.67016291e-02  5.71954346e-02\n   3.47861805e-01  2.11823164e-01]\n [ 0.00000000e+00  0.00000000e+00  0.00000000e+00  0.00000000e+00\n   0.00000000e+00  1.00000000e+00]\n [ 1.30266175e-03 -2.27138092e-03  2.09589786e-03 -1.10151705e-03\n   3.91746758e-03  1.32856437e-03]]", "nit": "27", "nfev": "5631", "status": "0", "success": "True", "message": "Optimization terminated successfully.", "x": "[1.00150286 7.5143723  5.7027964  1.98739025 2.35622573 4.56667115]"}, "4": {"maxiter": 500, "ftol": 1e-05, "xtol": 1e-05, "duration": 0.39110398292541504, "fun": "0.008437782526016235", "direc": "[[ 1.11370226e-02  1.28132491e-02 -1.76493070e-02  1.69676862e-03\n   1.65942919e-02  1.53506827e-02]\n [ 3.10066661e-03 -4.38997905e-04  9.52082414e-04  2.56020061e-05\n  -3.46660564e-03 -2.23019428e-03]\n [-1.24304556e-01  7.76972322e-02  1.56463757e-02 -4.67309798e-02\n   1.83076422e-01  1.01564420e-01]\n [-3.12649438e-01  1.09643130e-01  7.58125411e-02  5.60050820e-02\n   3.45863807e-01  2.11323461e-01]\n [ 0.00000000e+00  0.00000000e+00  0.00000000e+00  0.00000000e+00\n   0.00000000e+00  1.00000000e+00]\n [ 1.09070216e-03 -2.49638451e-03  2.09629477e-03 -5.16428583e-04\n   3.73727082e-03  1.20979515e-03]]", "nit": "25", "nfev": "2145", "status": "0", "success": "True", "message": "Optimization terminated successfully.", "x": "[1.00156053 7.51427679 5.70276901 1.98751641 2.35621181 4.56665446]"}, "5": {"maxiter": 500, "ftol": 1e-05, "xtol": 1e-10, "duration": 0.9793720245361328, "fun": "0.008437780663371086", "direc": "[[ 1.03492363e-02  1.41699147e-02 -1.77347464e-02  1.35054747e-03\n   1.80203913e-02  1.62746186e-02]\n [ 3.09155935e-03 -4.20272494e-04  1.07847801e-03 -8.25920234e-05\n  -3.34791066e-03 -2.19202591e-03]\n [-1.23943417e-01  7.68170442e-02  1.57892417e-02 -4.63035604e-02\n   1.79223572e-01  9.99278749e-02]\n [-3.14301622e-01  1.09876647e-01  7.67016291e-02  5.71954346e-02\n   3.47861805e-01  2.11823164e-01]\n [ 0.00000000e+00  0.00000000e+00  0.00000000e+00  0.00000000e+00\n   0.00000000e+00  1.00000000e+00]\n [ 1.30266175e-03 -2.27138092e-03  2.09589786e-03 -1.10151705e-03\n   3.91746758e-03  1.32856437e-03]]", "nit": "26", "nfev": "5382", "status": "0", "success": "True", "message": "Optimization terminated successfully.", "x": "[1.00131123 7.51449107 5.70282081 1.98731865 2.35650284 4.56682654]"}, "6": {"maxiter": 500, "ftol": 1e-10, "xtol": 1e-05, "duration": 0.45052194595336914, "fun": "0.008437779732048512", "direc": "[[ 1.11370226e-02  1.28132491e-02 -1.76493070e-