{"conf_id": 36, "data_type": "random\n", "num_data_points": 2, "s_rank": 0, "unitary": "[[-0.56303964-0.00798273j,-0.21670212-0.15784972j,-0.06047197-0.73952673j,-0.01438004+0.24552571j],[-0.06976756+0.23474685j,-0.01275565-0.5435098j,-0.02703657-0.08917885j,-0.08210486-0.79311774j],[-0.38559961+0.10714929j,0.5933431-0.2687392j,-0.24060861+0.29149289j,-0.45147719+0.26241743j],[-0.50180421+0.45931857j,-0.11617175+0.44134496j,0.49642745+0.22684508j,-0.08544628-0.15407063j]]", "databatch_0": {"databatch": "[[[-0.03957374-0.10483578j,0.16311276+0.10232907j,0.08633843+0.12421999j,0.26492004+0.0030381j],[-0.05515661-0.07939031j,-0.02245021-0.03944854j,-0.13327368+0.07779486j,-0.36016791-0.26027934j],[-0.03666395+0.11220381j,-0.04869573-0.43376955j,0.20418704-0.1746494j,-0.27646266+0.08694927j],[0.01336266+0.04214943j,-0.24413044+0.21901708j,-0.06902163+0.07072487j,-0.05423777+0.37646427j]],[[-0.13015722+0.1357997j,-0.17941474-0.52248591j,0.03981831-0.16236173j,0.06824973+0.13696132j],[-0.02828396+0.13418394j,-0.00880183-0.02691645j,-0.02963738-0.08013246j,-0.21661553+0.45478332j],[0.10450171-0.04743167j,-0.09027632+0.115882j,-0.13298531+0.06353985j,-0.05773852-0.02404671j],[0.22354927+0.20104512j,0.14962691+0.26106849j,0.05236291-0.10264078j,-0.26125273-0.06756112j]]]", "nelder_mead": {"0": {"maxiter": 100, "fatol": 1e-05, "xatol": 1e-05, "duration": 0.030541658401489258, "fun": "0.6108198761940002", "nit": "100", "nfev": "167", "status": "2", "success": "False", "message": "Maximum number of iterations has been exceeded.", "x": "[5.02195522 6.64651467 0.92149066 0.23614455 0.88455669 3.84429638]", "final_simplex": "(array([[5.02195522, 6.64651467, 0.92149066, 0.23614455, 0.88455669,\n        3.84429638],\n       [5.03502822, 6.63695867, 0.90594563, 0.22716544, 0.8471817 ,\n        3.90376636],\n       [5.04854512, 6.66788728, 0.91632266, 0.232928  , 0.8700836 ,\n        3.84638003],\n       [5.04215269, 6.64158339, 0.91757411, 0.24422079, 0.9013772 ,\n        3.83570471],\n       [5.06134574, 6.6440437 , 0.89549231, 0.21441383, 0.81636475,\n        3.94186046],\n       [5.064609  , 6.61823389, 0.90556678, 0.22523902, 0.8376175 ,\n        3.88119348],\n       [5.08458963, 6.64852859, 0.89981324, 0.2122656 , 0.80126049,\n        3.91903363]]), array([0.61081988, 0.61085945, 0.61096549, 0.6110186 , 0.6110208 ,\n       0.61102724, 0.61108071]))"}, "1": {"maxiter": 100, "fatol": 1e-05, "xatol": 1e-10, "duration": 0.03033614158630371, "fun": "0.6108198761940002", "nit": "100", "nfev": "167", "status": "2", "success": "False", "message": "Maximum number of iterations has been exceeded.", "x": "[5.02195522 6.64651467 0.92149066 0.23614455 0.88455669 3.84429638]", "final_simplex": "(array([[5.02195522, 6.64651467, 0.92149066, 0.23614455, 0.88455669,\n        3.84429638],\n       [5.03502822, 6.63695867, 0.90594563, 0.22716544, 0.8471817 ,\n        3.90376636],\n       [5.04854512, 6.66788728, 0.91632266, 0.232928  , 0.8700836 ,\n        3.84638003],\n       [5.04215269, 6.64158339, 0.91757411, 0.24422079, 0.9013772 ,\n        3.83570471],\n       [5.06134574, 6.6440437 , 0.89549231, 0.21441383, 0.81636475,\n        3.94186046],\n       [5.064609  , 6.61823389, 0.90556678, 0.22523902, 0.8376175 ,\n        3.88119348],\n       [5.08458963, 6.64852859, 0.89981324, 0.2122656 , 0.80126049,\n        3.91903363]]), array([0.61081988, 0.61085945, 0.61096549, 0.6110186 , 0.6110208 ,\n       0.61102724, 0.61108071]))"}, "2": {"maxiter": 100, "fatol": 1e-10, "xatol": 1e-05, "duration": 0.030205249786376953, "fun": "0.6108198761940002", "nit": "100", "nfev": "167", "status": "2", "success": "False", "message": "Maximum number of iterations has been exceeded.", "x": "[5.02195522 6.64651467 0.92149066 0.23614455 0.88455669 3.84429638]", "final_simplex": "(array([[5.02195522, 6.64651467, 0.92149066, 0.23614455, 0.88455669,\n        3.84429638],\n       [5.03502822, 6.63695867, 0.90594563, 0.22716544, 0.8471817 ,\n        3.90376636],\n       [5.04854512, 6.66788728, 0.91632266, 0.232928  , 0.8700836 ,\n        3.84638003],\n       [5.04215269, 6.64158339, 0.91757411, 0.24422079, 0.9013772 ,\n        3.83570471],\n       [5.06134574, 6.6440437 , 0.89549231, 0.21441383, 0.81636475,\n        3.94186046],\n       [5.064609  , 6.61823389, 0.90556678, 0.22523902, 0.8376175 ,\n        3.88119348],\n       [5.08458963, 6.64852859, 0.89981324, 0.2122656 , 0.80126049,\n        3.91903363]]), array([0.61081988, 0.61085945, 0.61096549, 0.6110186 , 0.6110208 ,\n       0.61102724, 0.61108071]))"}, "3": {"maxiter": 100, "fatol": 1e-10, "xatol": 1e-10, "duration": 0.030272960662841797, "fun": "0.6108198761940002", "nit": "100", "nfev": "167", "status": "2", "success": "False", "message": "Maximum number of iterations has been exceeded.", "x": "[5.02195522 6.64651467 0.92149066 0.23614455 0.88455669 3.84429638]", "final_simplex": "(array([[5.02195522, 6.64651467, 0.92149066, 0.23614455, 0.88455669,\n        3.84429638],\n       [5.03502822, 6.63695867, 0.90594563, 0.22716544, 0.8471817 ,\n        3.90376636],\n       [5.04854512, 6.66788728, 0.91632266, 0.232928  , 0.8700836 ,\n        3.84638003],\n       [5.04215269, 6.64158339, 0.91757411, 0.24422079, 0.9013772 ,\n        3.83570471],\n       [5.06134574, 6.6440437 , 0.89549231, 0.21441383, 0.81636475,\n        3.94186046],\n       [5.064609  , 6.61823389, 0.90556678, 0.22523902, 0.8376175 ,\n        3.88119348],\n       [5.08458963, 6.64852859, 0.89981324, 0.2122656 , 0.80126049,\n        3.91903363]]), array([0.61081988, 0.61085945, 0.61096549, 0.6110186 , 0.6110208 ,\n       0.61102724, 0.61108071]))"}, "4": {"maxiter": 500, "fatol": 1e-05, "xatol": 1e-05, "duration": 0.14125299453735352, "fun": "0.41695037484169006", "nit": "500", "nfev": "778", "status": "2", "success": "False", "message": "Maximum number of iterations has been exceeded.", "x": "[1.40838886 6.30802026 0.37284026 1.60959093 0.18439609 5.0288957 ]", "final_simplex": "(array([[1.40838886, 6.30802026, 0.37284026, 1.60959093, 0.18439609,\n        5.0288957 ],\n       [1.40891648, 6.29744409, 0.36568937, 1.6184131 , 0.18370262,\n        5.03933209],\n       [1.40692906, 6.29797404, 0.36709721, 1.61616701, 0.18182481,\n        5.03846755],\n       [1.40416601, 6.29946562, 0.36731444, 1.61972447, 0.18729481,\n        5.03427772],\n       [1.40333625, 6.29710811, 0.37001451, 1.61167836, 0.17981304,\n        5.03629894],\n       [1.4142674 , 6.30024107, 0.36814397, 1.61351258, 0.18247729,\n        5.03615321],\n       [1.40800845, 6.30206259, 0.36624005, 1.61781434, 0.17963682,\n        5.03848748]]), array([0.41695037, 0.41695529, 0.41695631, 0.41696927, 0.4169693 ,\n       0.41696936, 0.41697085]))"}, "5": {"maxiter": 500, "fatol": 1e-05, "xatol": 1e-10, "duration": 0.14088797569274902, "fun": "0.41695037484169006", "nit": "500", "nfev": "778", "status": "2", "success": "False", "message": "Maximum number of iterations has been exceeded.", "x": "[1.40838886 6.30802026 0.37284026 1.60959093 0.18439609 5.0288957 ]", "final_simplex": "(array([[1.40838886, 6.30802026, 0.37284026, 1.60959093, 0.18439609,\n        5.0288957 ],\n       [1.40891648, 6.29744409, 0.36568937, 1.6184131 , 0.18370262,\n        5.03933209],\n       [1.40692906, 6.29797404, 0.36709721, 1.61616701, 0.18182481,\n        5.03846755],\n       [1.40416601, 6.29946562, 0.36731444, 1.61972447, 0.18729481,\n        5.03427772],\n       [1.40333625, 6.29710811, 0.37001451, 1.61167836, 0.17981304,\n        5.03629894],\n       [1.4142674 , 6.30024107, 0.36814397, 1.61351258, 0.18247729,\n        5.03615321],\n       [1.40800845, 6.30206259, 0.36624005, 1.61781434, 0.17963682,\n        5.03848748]]), array([0.41695037, 0.41695529, 0.41695631, 0.41696927, 0.4169693 ,\n       0.41696936, 0.41697085]))"}, "6": {"maxiter": 500, "fatol": 1e-10, "xatol": 1e-05, "duration": 0.1407790184020996, "fun": "0.41695037484169006", "nit": "500", "nfev": "778", "status": "2", "success": "False", "message": "Maximum number of iterations has been exceeded.", "x": "[1.40838886 6.30802026 0.37284026 1.60959093 0.18439609 5.0288957 ]", "final_simplex": "(array([[1.40838886, 6.30802026, 0.37284026, 1.60959093, 0.18439609,\n        5.0288957 ],\n       [1.40891648, 6.29744409, 0.36568937, 1.6184131 , 0.18370262,\n        5.03933209],\n       [1.40692906, 6.29797404, 0.36709721, 1.61616701, 0.18182481,\n        5.03846755],\n       [1.40416601, 6.29946562, 0.36731444, 1.61972447, 0.18729481,\n        5.03427772],\n       [1.40333625, 6.29710811, 0.37001451, 1.61167836, 0.17981304,\n        5.03629894],\n       [1.4142674 , 6.30024107, 0.36814397, 1.61351258, 0.18247729,\n        5.03615321],\n       [1.40800845, 6.30206259, 0.36624005, 1.61781434, 0.17963682,\n        5.03848748]]), array([0.41695037, 0.41695529, 0.41695631, 0.41696927, 0.4169693 ,\n       0.41696936, 0.41697085]))"}, "7": {"maxiter": 500, "fatol": 1e-10, "xatol": 1e-10, "duration": 0.1408078670501709, "fun": "0.41695037484169006", "nit": "500", "nfev": "778", "status": "2", "success": "False", "message": "Maximum number of iterations has been exceeded.", "x": "[1.40838886 6.30802026 0.37284026 1.60959093 0.18439609 5.0288957 ]", "final_simplex": "(array([[1.40838886, 6.30802026, 0.37284026, 1.60959093, 0.18439609,\n        5.0288957 ],\n       [1.40891648, 6.29744409, 0.36568937, 1.6184131 , 0.18370262,\n        5.03933209],\n       [1.40692906, 6.29797404, 0.36709721, 1.61616701, 0.18182481,\n        5.03846755],\n       [1.40416601, 6.29946562, 0.36731444, 1.61972447, 0.18729481,\n        5.03427772],\n       [1.40333625, 6.29710811, 0.37001451, 1.61167836, 0.17981304,\n        5.03629894],\n       [1.4142674 , 6.30024107, 0.36814397, 1.61351258, 0.18247729,\n        5.03615321],\n       [1.40800845, 6.30206259, 0.36624005, 1.61781434, 0.17963682,\n        5.03848748]]), array([0.41695037, 0.41695529, 0.41695631, 0.41696927, 0.4169693 ,\n       0.41696936, 0.41697085]))"}, "8": {"maxiter": 1000, "fatol": 1e-05, "xatol": 1e-05, "duration": 0.17799806594848633, "fun": "0.41615888476371765", "nit": "609", "nfev": "989", "status": "0", "success": "True", "message": "Optimization terminated successfully.", "x": "[1.39411412 6.30984104 0.37281268 1.58214193 0.23214668 5.07956784]", "final_simplex": "(array([[1.39411412, 6.30984104, 0.37281268, 1.58214193, 0.23214668,\n        5.07956784],\n       [1.39411578, 6.30983873, 0.3728103 , 1.58214255, 0.23214221,\n        5.0795737 ],\n       [1.39411372, 6.30983573, 0.37281034, 1.58214322, 0.23214684,\n        5.07957375],\n       [1.39411459, 6.30984116, 0.37281178, 1.58214285, 0.23214782,\n        5.07956946],\n       [1.3941129 , 6.30983792, 0.3728116 , 1.58214141, 0.23214831,\n        5.0795727 ],\n       [1.39411715, 6.30984042, 0.37281062, 1.58214283, 0.2321432 ,\n        5.07957189],\n       [1.39411185, 6.30983927, 0.37281029, 1.58214322, 0.23214485,\n        5.07957458]]), array([0.41615888, 0.41615888, 0.41615888, 0.41615888, 0.41615888,\n       0.41615888, 0.41615888]))"}, "9": {"maxiter": 1000, "fatol": 1e-05, "xatol": 1e-10, "duration": 0.19517803192138672, "fun": "0.41615888476371765", "nit": "626", "nfev": "1125", "status": "0", "success": "True", "message": "Optimization terminated successfully.", "x": "[1.39411412 6.30984104 0.37281268 1.58214193 0.23214668 5.07956784]", "final_simplex": "(array([[1.39411412, 6.30984104, 0.37281268, 1.58214193, 0.23214668,\n        5.07956784],\n       [1.39411412, 6.30984104, 0.37281268, 1.58214193, 0.23214668,\n        5.07956784],\n       [1.39411412, 6.30984104, 0.37281268, 1.58214193, 0.23214668,\n        5.07956784],\n       [1.39411412, 6.30984104, 0.37281268, 1.58214193, 0.23214668,\n        5.07956784],\n       [1.39411412, 6.30984104, 0.37281268, 1.58214193, 0.23214668,\n        5.07956784],\n       [1.39411412, 6.30984104, 0.37281268, 1.58214193, 0.23214668,\n        5.07956784],\n       [1.39411412, 6.30984104, 0.37281268, 1.58214193, 0.23214668,\n        5.07956784]]), array([0.41615888, 0.41615888, 0.41615888, 0.41615888, 0.41615888,\n       0.41615888, 0.41615888]))"}, "10": {"maxiter": 1000, "fatol": 1e-10, "xatol": 1e-05, "duration": 0.17195582389831543, "fun": "0.41615888476371765", "nit": "609", "nfev": "989", "status": "0", "success": "True", "message": "Optimization terminated successfully.", "x": "[1.39411412 6.30984104 0.37281268 1.58214193 0.23214668 5.07956784]", "final_simplex": "(array([[1.39411412, 6.30984104, 0.37281268, 1.58214193, 0.23214668,\n        5.07956784],\n       [1.39411578, 6.30983873, 0.3728103 , 1.58214255, 0.23214221,\n        5.0795737 ],\n       [1.39411372, 6.30983573, 0.37281034, 1.58214322, 0.23214684,\n        5.07957375],\n       [1.39411459, 6.30984116, 0.37281178, 1.58214285, 0.23214782,\n        5.07956946],\n       [1.3941129 , 6.30983792, 0.3728116 , 1.58214141, 0.23214831,\n        5.0795727 ],\n       [1.39411715, 6.30984042, 0.37281062, 1.58214283, 0.2321432 ,\n        5.07957189],\n       [1.39411185, 6.30983927, 0.37281029, 1.58214322, 0.23214485,\n        5.07957458]]), array([0.41615888, 0.41615888, 0.41615888, 0.41615888, 0.41615888,\n       0.41615888, 0.41615888]))"}, "11": {"maxiter": 1000, "fatol": 1e-10, "xatol": 1e-10, "duration": 0.1943528652191162, "fun": "0.41615888476371765", "nit": "626", "nfev": "1125", "status": "0", "success": "True", "message": "Optimization terminated successfully.", "x": "[1.39411412 6.30984104 0.37281268 1.58214193 0.23214668 5.07956784]", "final_simplex": "(array([[1.39411412, 6.30984104, 0.37281268, 1.58214193, 0.23214668,\n        5.07956784],\n       [1.39411412, 6.30984104, 0.37281268, 1.58214193, 0.23214668,\n        5.07956784],\n       [1.39411412, 6.30984104, 0.37281268, 1.58214193, 0.23214668,\n        5.07956784],\n       [1.39411412, 6.30984104, 0.37281268, 1.58214193, 0.23214668,\n        5.07956784],\n       [1.39411412, 6.30984104, 0.37281268, 1.58214193, 0.23214668,\n        5.07956784],\n       [1.39411412, 6.30984104, 0.37281268, 1.58214193, 0.23214668,\n        5.07956784],\n       [1.39411412, 6.30984104, 0.37281268, 1.58214193, 0.23214668,\n        5.07956784]]), array([0.41615888, 0.41615888, 0.41615888, 0.41615888, 0.41615888,\n       0.41615888, 0.41615888]))"}}, "bfgs": {"0": {"maxiter": 100, "gtol": 1e-05, "xrtol": 1e-05, "eps": 1e-05, "duration": 0.041005849838256836, "fun": "0.41608384251594543", "jac": "[0. 0. 0. 0. 0. 0.]", "hess_inv": "[[ 3.07652063  0.38546648  0.41565028 -0.78390695 -0.77399976 -0.51853825]\n [ 0.38546648  2.84367075 -0.45167615 -0.826154    0.500108   -2.02000545]\n [ 0.41565028 -0.45167615  1.68011293  0.04448247  0.12319877  0.3652277 ]\n [-0.78390695 -0.826154    0.04448247  3.92232734 -3.27654528  1.35127126]\n [-0.77399976  0.500108    0.12319877 -3.27654528  6.74423159 -1.59436626]\n [-0.51853825 -2.02000545  0.3652277   1.35127126 -1.59436626  3.2749801 ]]", "nfev": "231", "njev": "33", "status": "0", "success": "True", "message": "Optimization terminated successfully.", "x": "[ 1.39319529  6.30939247  0.35193304 -1.57861347  3.37557365  1.93847836]", "nit": "24"}, "1": {"maxiter": 100, "gtol": 1e-05, "xrtol": 1e-05, "eps": 1e-10, "duration": 0.0012810230255126953, "fun": "0.8361770510673523", "jac": "[0. 0. 0. 0. 0. 0.]", "hess_inv": "[[1 0 0 0 0 0]\n [0 1 0 0 0 0]\n [0 0 1 0 0 0]\n [0 0 0 1 0 0]\n [0 0 0 0 1 0]\n [0 0 0 0 0 1]]", "nfev": "7", "njev": "1", "status": "0", "success": "True", "message": "Optimization terminated successfully.", "x": "[3.5409083  5.15612638 1.15430725 0.99664328 4.24803218 2.16932628]", "nit": "0"}, "2": {"maxiter": 100, "gtol": 1e-05, "xrtol": 1e-10, "eps": 1e-05, "duration": 0.040785789489746094, "fun": "0.41608384251594543", "jac": "[0. 0. 0. 0. 0. 0.]", "hess_inv": "[[ 3.07652063  0.38546648  0.41565028 -0.78390695 -0.77399976 -0.51853825]\n [ 0.38546648  2.84367075 -0.45167615 -0.826154    0.500108   -2.02000545]\n [ 0.41565028 -0.45167615  1.68011293  0.04448247  0.12319877  0.3652277 ]\n [-0.78390695 -0.826154    0.04448247  3.92232734 -3.27654528  1.35127126]\n [-0.77399976  0.500108    0.12319877 -3.27654528  6.74423159 -1.59436626]\n [-0.51853825 -2.02000545  0.3652277   1.35127126 -1.59436626  3.2749801 ]]", "nfev": "231", "njev": "33", "status": "0", "success": "True", "message": "Optimization terminated successfully.", "x": "[ 1.39319529  6.30939247  0.35193304 -1.57861347  3.37557365  1.93847836]", "nit": "24"}, "3": {"maxiter": 100, "gtol": 1e-05, "xrtol": 1e-10, "eps": 1e-10, "duration": 0.0012612342834472656, "fun": "0.8361770510673523", "jac": "[0. 0. 0. 0. 0. 0.]", "hess_inv": "[[1 0 0 0 0 0]\n [0 1 0 0 0 0]\n [0 0 1 0 0 0]\n [0 0 0 1 0 0]\n [0 0 0 0 1 0]\n [0 0 0 0 0 1]]", "nfev": "7", "njev": "1", "status": "0", "success": "True", "message": "Optimization terminated successfully.", "x": "[3.5409083  5.15612638 1.15430725 0.99664328 4.24803218 2.16932628]", "nit": "0"}, "4": {"maxiter": 100, "gtol": 1e-10, "xrtol": 1e-05, "eps": 1e-05, "duration": 0.04078793525695801, "fun": "0.41608384251594543", "jac": "[0. 0. 0. 0. 0. 0.]", "hess_inv": "[[ 3.07652063  0.38546648  0.41565028 -0.78390695 -0.77399976 -0.51853825]\n [ 0.38546648  2.84367075 -0.45167615 -0.826154    0.500108   -2.02000545]\n [ 0.41565028 -0.45167615  1.68011293  0.04448247  0.12319877  0.3652277 ]\n [-0.78390695 -0.826154    0.04448247  3.92232734 -3.27654528  1.35127126]\n [-0.77399976  0.500108    0.12319877 -3.27654528  6.74423159 -1.59436626]\n [-0.51853825 -2.02000545  0.3652277   1.35127126 -1.59436626  3.2749801 ]]", "nfev": "231", "njev": "33", "status": "0", "success": "True", "message": "Optimization terminated successfully.", "x": "[ 1.39319529  6.30939247  0.35193304 -1.57861347  3.37557365  1.93847836]", "nit": "24"}, "5": {"maxiter": 100, "gtol": 1e-10, "xrtol": 1e-05, "eps": 1e-10, "duration": 0.0012629032135009766, "fun": "0.8361770510673523", "jac": "[0. 0. 0. 0. 0. 0.]", "hess_inv": "[[1 0 0 0 0 0]\n [0 1 0 0 0 0]\n [0 0 1 0 0 0]\n [0 0 0 1 0 0]\n [0 0 0 0 1 0]\n [0 0 0 0 0 1]]", "nfev": "7", "njev": "1", "status": "0", "success": "True", "message": "Optimization terminated successfully.", "x": "[3.5409083  5.15612638 1.15430725 0.99664328 4.24803218 2.16932628]", "nit": "0"}, "6": {"maxiter": 100, "gtol": 1e-10, "xrtol": 1e-10, "eps": 1e-05, "duration": 0.040657997131347656, "fun": "0.41608384251594543", "jac": "[0. 0. 0. 0. 0. 0.]", "hess_inv": "[[ 3.07652063  0.38546648  0.41565028 -0.78390695 -0.77399976 -0.51853825]\n [ 0.38546648  2.84367075 -0.45167615 -0.826154    0.500108   -2.02000545]\n [ 0.41565028 -0.45167615  1.68011293  0.04448247  0.12319877  0.3652277 ]\n [-0.78390695 -0.826154    0.04448247  3.92232734 -3.27654528  1.35127126]\n [-0.77399976  0.500108    0.12319877 -3.27654528  6.74423159 -1.59436626]\n [-0.51853825 -2.02000545  0.3652277   1.35127126 -1.59436626  3.2749801 ]]", "nfev": "231", "njev": "33", "status": "0", "success": "True", "message": "Optimization terminated successfully.", "x": "[ 1.39319529  6.30939247  0.35193304 -1.57861347  3.37557365  1.93847836]", "nit": "24"}, "7": {"maxiter": 100, "gtol": 1e-10, "xrtol": 1e-10, "eps": 1e-10, "duration": 0.0012488365173339844, "fun": "0.8361770510673523", "jac": "[0. 0. 0. 0. 0. 0.]", "hess_inv": "[[1 0 0 0 0 0]\n [0 1 0 0 0 0]\n [0 0 1 0 0 0]\n [0 0 0 1 0 0]\n [0 0 0 0 1 0]\n [0 0 0 0 0 1]]", "nfev": "7", "njev": "1", "status": "0", "success": "True", "message": "Optimization terminated successfully.", "x": "[3.5409083  5.15612638 1.15430725 0.99664328 4.24803218 2.16932628]", "nit": "0"}, "8": {"maxiter": 500, "gtol": 1e-05, "xrtol": 1e-05, "eps": 1e-05, "duration": 0.040574073791503906, "fun": "0.41608384251594543", "jac": "[0. 0. 0. 0. 0. 0.]", "hess_inv": "[[ 3.07652063  0.38546648  0.41565028 -0.78390695 -0.77399976 -0.51853825]\n [ 0.38546648  2.84367075 -0.45167615 -0.826154    0.500108   -2.02000545]\n [ 0.41565028 -0.45167615  1.68011293  0.04448247  0.12319877  0.3652277 ]\n [-0.78390695 -0.826154    0.04448247  3.92232734 -3.27654528  1.35127126]\n [-0.77399976  0.500108    0.12319877 -3.27654528  6.74423159 -1.59436626]\n [-0.51853825 -2.02000545  0.3652277   1.35127126 -1.59436626  3.2749801 ]]", "nfev": "231", "njev": "33", "status": "0", "success": "True", "message": "Optimization terminated successfully.", "x": "[ 1.39319529  6.30939247  0.35193304 -1.57861347  3.37557365  1.93847836]", "nit": "24"}, "9": {"maxiter": 500, "gtol": 1e-05, "xrtol": 1e-05, "eps": 1e-10, "duration": 0.0012519359588623047, "fun": "0.8361770510673523", "jac": "[0. 0. 0. 0. 0. 0.]", "hess_inv": "[[1 0 0 0 0 0]\n [0 1 0 0 0 0]\n [0 0 1 0 0 0]\n [0 0 0 1 0 0]\n [0 0 0 0 1 0]\n [0 0 0 0 0 1]]", "nfev": "7", "njev": "1", "status": "0", "success": "True", "message": "Optimization terminated successfully.", "x": "[3.5409083  5.15612638 1.15430725 0.99664328 4.24803218 2.16932628]", "nit": "0"}, "10": {"maxiter": 500, "gtol": 1e-05, "xrtol": 1e-10, "eps": 1e-05, "duration": 0.040557861328125, "fun": "0.41608384251594543", "jac": "[0. 0. 0. 0. 0. 0.]", "hess_inv": "[[ 3.07652063  0.38546648  0.41565028 -0.78390695 -0.77399976 -0.51853825]\n [ 0.38546648  2.84367075 -0.45167615 -0.826154    0.500108   -2.02000545]\n [ 0.41565028 -0.45167615  1.68011293  0.04448247  0.12319877  0.3652277 ]\n [-0.78390695 -0.826154    0.04448247  3.92232734 -3.27654528  1.35127126]\n [-0.77399976  0.500108    0.12319877 -3.27654528  6.74423159 -1.59436626]\n [-0.51853825 -2.02000545  0.3652277   1.35127126 -1.59436626  3.2749801 ]]", "nfev": "231", "njev": "33", "status": "0", "success": "True", "message": "Optimization terminated successfully.", "x": "[ 1.39319529  6.30939247  0.35193304 -1.57861347  3.37557365  1.93847836]", "nit": "24"}, "11": {"maxiter": 500, "gtol": 1e-05, "xrtol": 1e-10, "eps": 1e-10, "duration": 0.0012488365173339844, "fun": "0.8361770510673523", "jac": "[0. 0. 0. 0. 0. 0.]", "hess_inv": "[[1 0 0 0 0 0]\n [0 1 0 0 0 0]\n [0 0 1 0 0 0]\n [0 0 0 1 0 0]\n [0 0 0 0 1 0]\n [0 0 0 0 0 1]]", "nfev": "7", "njev": "1", "status": "0", "success": "True", "message": "Optimization terminated successfully.", "x": "[3.5409083  5.15612638 1.15430725 0.99664328 4.24803218 2.16932628]", "nit": "0"}, "12": {"maxiter": 500, "gtol": 1e-10, "xrtol": 1e-05, "eps": 1e-05, "duration": 0.04081916809082031, "fun": "0.41608384251594543", "jac": "[0. 0. 0. 0. 0. 0.]", "hess_inv": "[[ 3.07652063  0.38546648  0.41565028 -0.78390695 -0.77399976 -0.51853825]\n [ 0.38546648  2.84367075 -0.45167615 -0.826154    0.500108   -2.02000545]\n [ 0.41565028 -0.45167615  1.68011293  0.04448247  0.12319877  0.3652277 ]\n [-0.78390695 -0.826154    0.04448247  3.92232734 -3.27654528  1.35127126]\n [-0.77399976  0.500108    0.12319877 -3.27654528  6.74423159 -1.59436626]\n [-0.51853825 -2.02000545  0.3652277   1.35127126 -1.59436626  3.2749801 ]]", "nfev": "231", "njev": "33", "status": "0", "success": "True", "message": "Optimization terminated successfully.", "x": "[ 1.39319529  6.30939247  0.35193304 -1.57861347  3.37557365  1.93847836]", "nit": "24"}, "13": {"maxiter": 500, "gtol": 1e-10, "xrtol": 1e-05, "eps": 1e-10, "duration": 0.0012450218200683594, "fun": "0.8361770510673523", "jac": "[0. 0. 0. 0. 0. 0.]", "hess_inv": "[[1 0 0 0 0 0]\n [0 1 0 0 0 0]\n [0 0 1 0 0 0]\n [0 0 0 1 0 0]\n [0 0 0 0 1 0]\n [0 0 0 0 0 1]]", "nfev": "7", "njev": "1", "status": "0", "success": "True", "message": "Optimization terminated successfully.", "x": "[3.5409083  5.15612638 1.15430725 0.99664328 4.24803218 2.16932628]", "nit": "0"}, "14": {"maxiter": 500, "gtol": 1e-10, "xrtol": 1e-10, "eps": 1e-05, "duration": 0.040563106536865234, "fun": "0.41608384251594543", "jac": "[0. 0. 0. 0. 0. 0.]", "hess_inv": "[[ 3.07652063  0.38546648  0.41565028 -0.78390695 -0.77399976 -0.51853825]\n [ 0.38546648  2.84367075 -0.45167615 -0.826154    0.500108   -2.02000545]\n [ 0.41565028 -0.45167615  1.68011293  0.04448247  0.12319877  0.3652277 ]\n [-0.78390695 -0.826154    0.04448247  3.92232734 -3.27654528  1.35127126]\n [-0.77399976  0.500108    0.12319877 -3.27654528  6.74423159 -1.59436626]\n [-0.51853825 -2.02000545  0.3652277   1.35127126 -1.59436626  3.2749801 ]]", "nfev": "231", "njev": "33", "status": "0", "success": "True", "message": "Optimization terminated successfully.", "x": "[ 1.39319529  6.30939247  0.35193304 -1.57861347  3.37557365  1.93847836]", "nit": "24"}, "15": {"maxiter": 500, "gtol": 1e-10, "xrtol": 1e-10, "eps": 1e-10, "duration": 0.0012478828430175781, "fun": "0.8361770510673523", "jac": "[0. 0. 0. 0. 0. 0.]", "hess_inv": "[[1 0 0 0 0 0]\n [0 1 0 0 0 0]\n [0 0 1 0 0 0]\n [0 0 0 1 0 0]\n [0 0 0 0 1 0]\n [0 0 0 0 0 1]]", "nfev": "7", "njev": "1", "status": "0", "success": "True", "message": "Optimization terminated successfully.", "x": "[3.5409083  5.15612638 1.15430725 0.99664328 4.24803218 2.16932628]", "nit": "0"}, "16": {"maxiter": 1000, "gtol": 1e-05, "xrtol": 1e-05, "eps": 1e-05, "duration": 0.04052400588989258, "fun": "0.41608384251594543", "jac": "[0. 0. 0. 0. 0. 0.]", "hess_inv": "[[ 3.07652063  0.38546648  0.41565028 -0.78390695 -0.77399976 -0.51853825]\n [ 0.38546648  2.84367075 -0.45167615 -0.826154    0.500108   -2.02000545]\n [ 0.41565028 -0.45167615  1.68011293  0.04448247  0.12319877  0.3652277 ]\n [-0.78390695 -0.826154    0.04448247  3.92232734 -3.27654528  1.35127126]\n [-0.77399976  0.500108    0.12319877 -3.27654528  6.74423159 -1.59436626]\n [-0.51853825 -2.02000545  0.3652277   1.35127126 -1.59436626  3.2749801 ]]", "nfev": "231", "njev": "33", "status": "0", "success": "True", "message": "Optimization terminated successfully.", "x": "[ 1.39319529  6.30939247  0.35193304 -1.57861347  3.37557365  1.93847836]", "nit": "24"}, "17": {"maxiter": 1000, "gtol": 1e-05, "xrtol": 1e-05, "eps": 1e-10, "duration": 0.0012447834014892578, "fun": "0.8361770510673523", "jac": "[0. 0. 0. 0. 0. 0.]", "hess_inv": "[[1 0 0 0 0 0]\n [0 1 0 0 0 0]\n [0 0 1 0 0 0]\n [0 0 0 1 0 0]\n [0 0 0 0 1 0]\n [0 0 0 0 0 1]]", "nfev": "7", "njev": "1", "status": "0", "success": "True", "message": "Optimization terminated successfully.", "x": "[3.5409083  5.15612638 1.15430725 0.99664328 4.24803218 2.16932628]", "nit": "0"}, "18": {"maxiter": 1000, "gtol": 1e-05, "xrtol": 1e-10, "eps": 1e-05, "duration": 0.04251289367675781, "fun": "0.41608384251594543", "jac": "[0. 0. 0. 0. 0. 0.]", "hess_inv": "[[ 3.07652063  0.38546648  0.41565028 -0.78390695 -0.77399976 -0.51853825]\n [ 0.38546648  2.84367075 -0.45167615 -0.826154    0.500108   -2.02000545]\n [ 0.41565028 -0.45167615  1.68011293  0.04448247  0.12319877  0.3652277 ]\n [-0.78390695 -0.826154    0.04448247  3.92232734 -3.27654528  1.35127126]\n [-0.77399976  0.500108    0.12319877 -3.27654528  6.74423159 -1.59436626]\n [-0.51853825 -2.02000545  0.3652277   1.35127126 -1.59436626  3.2749801 ]]", "nfev": "231", "njev": "33", "status": "0", "success": "True", "message": "Optimization terminated successfully.", "x": "[ 1.39319529  6.30939247  0.35193304 -1.57861347  3.37557365  1.93847836]", "nit": "24"}, "19": {"maxiter": 1000, "gtol": 1e-05, "xrtol": 1e-10, "eps": 1e-10, "duration": 0.0013170242309570312, "fun": "0.8361770510673523", "jac": "[0. 0. 0. 0. 0. 0.]", "hess_inv": "[[1 0 0 0 0 0]\n [0 1 0 0 0 0]\n [0 0 1 0 0 0]\n [0 0 0 1 0 0]\n [0 0 0 0 1 0]\n [0 0 0 0 0 1]]", "nfev": "7", "njev": "1", "status": "0", "success": "True", "message": "Optimization terminated successfully.", "x": "[3.5409083  5.15612638 1.15430725 0.99664328 4.24803218 2.16932628]", "nit": "0"}, "20": {"maxiter": 1000, "gtol": 1e-10, "xrtol": 1e-05, "eps": 1e-05, "duration": 0.04275107383728027, "fun": "0.41608384251594543", "jac": "[0. 0. 0. 0. 0. 0.]", "hess_inv": "[[ 3.07652063  0.38546648  0.41565028 -0.78390695 -0.77399976 -0.51853825]\n [ 0.38546648  2.84367075 -0.45167615 -0.826154    0.500108   -2.02000545]\n [ 0.41565028 -0.45167615  1.68011293  0.04448247  0.12319877  0.3652277 ]\n [-0.78390695 -0.826154    0.04448247  3.92232734 -3.27654528  1.35127126]\n [-0.77399976  0.500108    0.12319877 -3.27654528  6.74423159 -1.59436626]\n [-0.51853825 -2.02000545  0.3652277   1.35127126 -1.59436626  3.2749801 ]]", "nfev": "231", "njev": "33", "status": "0", "success": "True", "message": "Optimization terminated successfully.", "x": "[ 1.39319529  6.30939247  0.35193304 -1.57861347  3.37557365  1.93847836]", "nit": "24"}, "21": {"maxiter": 1000, "gtol": 1e-10, "xrtol": 1e-05, "eps": 1e-10, "duration": 0.0013229846954345703, "fun": "0.8361770510673523", "jac": "[0. 0. 0. 0. 0. 0.]", "hess_inv": "[[1 0 0 0 0 0]\n [0 1 0 0 0 0]\n [0 0 1 0 0 0]\n [0 0 0 1 0 0]\n [0 0 0 0 1 0]\n [0 0 0 0 0 1]]", "nfev": "7", "njev": "1", "status": "0", "success": "True", "message": "Optimization terminated successfully.", "x": "[3.5409083  5.15612638 1.15430725 0.99664328 4.24803218 2.16932628]", "nit": "0"}, "22": {"maxiter": 1000, "gtol": 1e-10, "xrtol": 1e-10, "eps": 1e-05, "duration": 0.042748212814331055, "fun": "0.41608384251594543", "jac": "[0. 0. 0. 0. 0. 0.]", "hess_inv": "[[ 3.07652063  0.38546648  0.41565028 -0.78390695 -0.77399976 -0.51853825]\n [ 0.38546648  2.84367075 -0.45167615 -0.826154    0.500108   -2.02000545]\n [ 0.41565028 -0.45167615  1.68011293  0.04448247  0.12319877  0.3652277 ]\n [-0.78390695 -0.826154    0.04448247  3.92232734 -3.27654528  1.35127126]\n [-0.77399976  0.500108    0.12319877 -3.27654528  6.74423159 -1.59436626]\n [-0.51853825 -2.02000545  0.3652277   1.35127126 -1.59436626  3.2749801 ]]", "nfev": "231", "njev": "33", "status": "0", "success": "True", "message": "Optimization terminated successfully.", "x": "[ 1.39319529  6.30939247  0.35193304 -1.57861347  3.37557365  1.93847836]", "nit": "24"}, "23": {"maxiter": 1000, "gtol": 1e-10, "xrtol": 1e-10, "eps": 1e-10, "duration": 0.0013079643249511719, "fun": "0.8361770510673523", "jac": "[0. 0. 0. 0. 0. 0.]", "hess_inv": "[[1 0 0 0 0 0]\n [0 1 0 0 0 0]\n [0 0 1 0 0 0]\n [0 0 0 1 0 0]\n [0 0 0 0 1 0]\n [0 0 0 0 0 1]]", "nfev": "7", "njev": "1", "status": "0", "success": "True", "message": "Optimization terminated successfully.", "x": "[3.5409083  5.15612638 1.15430725 0.99664328 4.24803218 2.16932628]", "nit": "0"}}, "cobyla": {"0": {"maxiter": 100, "tol": 1e-05, "catol": 1e-05, "duration": 0.017812013626098633, "x": "[4.39385412 6.67509163 0.84266081 0.05751709 3.58514976 1.05942222]", "status": "2", "success": "False", "message": "Maximum number of function evaluations has been exceeded.", "nfev": "100", "fun": "0.6026418805122375", "maxcv": "0.0"}, "1": {"maxiter": 100, "tol": 1e-05, "catol": 1e-10, "duration": 0.017763853073120117, "x": "[4.39385412 6.67509163 0.84266081 0.05751709 3.58514976 1.05942222]", "status": "2", "success": "False", "message": "Maximum number of function evaluations has been exceeded.", "nfev": "100", "fun": "0.6026418805122375", "maxcv": "0.0"}, "2": {"maxiter": 100, "tol": 1e-10, "catol": 1e-05, "duration": 0.017749786376953125, "x": "[4.39385412 6.67509163 0.84266081 0.05751709 3.58514976 1.05942222]", "status": "2", "success": "False", "message": "Maximum number of function evaluations has been exceeded.", "nfev": "100", "fun": "0.6026418805122375", "maxcv": "0.0"}, "3": {"maxiter": 100, "tol": 1e-10, "catol": 1e-10, "duration": 0.01776885986328125, "x": "[4.39385412 6.67509163 0.84266081 0.05751709 3.58514976 1.05942222]", "status": "2", "success": "False", "message": "Maximum number of function evaluations has been exceeded.", "nfev": "100", "fun": "0.6026418805122375", "maxcv": "0.0"}, "4": {"maxiter": 500, "tol": 1e-05, "catol": 1e-05, "duration": 0.08873128890991211, "x": "[4.17976893 6.6263365  0.83579052 0.34557744 4.42310832 0.23219687]", "status": "2", "success": "False", "message": "Maximum number of function evaluations has been exceeded.", "nfev": "500", "fun": "0.5984513759613037", "maxcv": "0.0"}, "5": {"maxiter": 500, "tol": 1e-05, "catol": 1e-10, "duration": 0.08857297897338867, "x": "[4.17976893 6.6263365  0.83579052 0.34557744 4.42310832 0.23219687]", "status": "2", "success": "False", "message": "Maximum number of function evaluations has been exceeded.", "nfev": "500", "fun": "0.5984513759613037", "maxcv": "0.0"}, "6": {"maxiter": 500, "tol": 1e-10, "catol": 1e-05, "duration": 0.08857893943786621, "x": "[4.17976893 6.6263365  0.83579052 0.34557744 4.42310832 0.23219687]", "status": "2", "success": "False", "message": "Maximum number of function evaluations has been exceeded.", "nfev": "500", "fun": "0.5984513759613037", "maxcv": "0.0"}, "7": {"maxiter": 500, "tol": 1e-10, "catol": 1e-10, "duration": 0.0883641242980957, "x": "[4.17976893 6.6263365  0.83579052 0.34557744 4.42310832 0.23219687]", "status": "2", "success": "False", "message": "Maximum number of function evaluations has been exceeded.", "nfev": "500", "fun": "0.5984513759613037", "maxcv": "0.0"}, "8": {"maxiter": 1000, "tol": 1e-05, "catol": 1e-05, "duration": 0.16857290267944336, "x": "[ 3.27838915  6.59703807  0.93319729  0.61173391  5.30464579 -0.46505771]", "status": "2", "success": "False", "message": "Maximum number of function evaluations has been exceeded.", "nfev": "1000", "fun": "0.5876815319061279", "maxcv": "0.0"}, "9": {"maxiter": 1000, "tol": 1e-05, "catol": 1e-10, "duration": 0.16820216178894043, "x": "[ 3.27838915  6.59703807  0.93319729  0.61173391  5.30464579 -0.46505771]", "status": "2", "success": "False", "message": "Maximum number of function evaluations has been exceeded.", "nfev": "1000", "fun": "0.5876815319061279", "maxcv": "0.0"}, "10": {"maxiter": 1000, "tol": 1e-10, "catol": 1e-05, "duration": 0.1700439453125, "x": "[ 3.27838915  6.59703807  0.93319729  0.61173391  5.30464579 -0.46505771]", "status": "2", "success": "False", "message": "Maximum number of function evaluations has been exceeded.", "nfev": "1000", "fun": "0.5876815319061279", "maxcv": "0.0"}, "11": {"maxiter": 1000, "tol": 1e-10, "catol": 1e-10, "duration": 0.17526507377624512, "x": "[ 3.27838915  6.59703807  0.93319729  0.61173391  5.30464579 -0.46505771]", "status": "2", "success": "False", "message": "Maximum number of function evaluations has been exceeded.", "nfev": "1000", "fun": "0.5876815319061279", "maxcv": "0.0"}}, "powell": {"0": {"maxiter": 100, "ftol": 1e-05, "xtol": 1e-05, "duration": 0.0770411491394043, "fun": "0.41607174277305603", "direc": "[[ 1.          0.          0.          0.          0.          0.        ]\n [ 0.          0.          0.          0.          0.          1.        ]\n [ 0.          0.          1.          0.          0.          0.        ]\n [ 0.          0.          0.          1.          0.          0.        ]\n [ 0.          0.          0.          0.          1.          0.        ]\n [-0.00702553  0.01973394 -0.00594439 -0.00662121  0.0033602  -0.0075168 ]]", "nit": "6", "nfev": "436", "status": "0", "success": "True", "message": "Optimization terminated successfully.", "x": "[ 7.67050235  6.31797387  0.34914869 -1.58194304  3.37410786  1.93094784]"}, "1": {"maxiter": 100, "ftol": 1e-05, "xtol": 1e-10, "duration": 0.21189093589782715, "fun": "0.41607174277305603", "direc": "[[ 1.          0.          0.          0.          0.          0.        ]\n [ 0.          0.          0.          0.          0.          1.        ]\n [ 0.          0.          1.          0.          0.          0.        ]\n [ 0.          0.          0.          1.          0.          0.        ]\n [ 0.          0.          0.          0.          1.          0.        ]\n [-0.00727424  0.01971506 -0.00631115 -0.00676203  0.0033636  -0.00744658]]", "nit": "6", "nfev": "1197", "status": "0", "success": "True", "message": "Optimization terminated successfully.", "x": "[ 7.67049863  6.31793233  0.3491318  -1.5818822   3.37409841  1.93101592]"}, "2": {"maxiter": 100, "ftol": 1e-10, "xtol": 1e-05, "duration": 0.14386987686157227, "fun": "0.41607171297073364", "direc": "[[ 1.          0.          0.          0.          0.          0.        ]\n [ 0.          0.          0.          0.          0.          1.        ]\n [ 0.          0.          1.          0.          0.          0.        ]\n [ 0.          0.          0.          1.          0.          0.        ]\n [ 0.          0.          0.          0.          1.          0.        ]\n [-0.00702553  0.01973394 -0.00594439 -0.00662121  0.0033602  -0.0075168 ]]", "nit": "8", "nfev": "811", "status": "0", "success": "True", "message": "Optimization terminated successfully.", "x": "[ 7.67031203  6.31791269  0.34898713 -1.5820137   3.37409744  1.93097115]"}, "3": {"maxiter": 100, "ftol": 1e-10, "xtol": 1e-10, "duration": 0.2953529357910156, "fun": "0.41607171297073364", "direc": "[[ 1.          0.          0.          0.          0.          0.        ]\n [ 0.          0.          0.          0.          0.          1.        ]\n [ 0.          0.          1.          0.          0.          0.        ]\n [ 0.          0.          0.          1.          0.          0.        ]\n [ 0.          0.          0.          0.          1.          0.        ]\n [-0.00727424  0.01971506 -0.00631115 -0.00676203  0.0033636  -0.00744658]]", "nit": "8", "nfev": "1667", "status": "0", "success": "True", "message": "Optimization terminated successfully.", "x": "[ 7.67030943  6.31790204  0.34893585 -1.58198049  3.37409325  1.93102737]"}, "4": {"maxiter": 500, "ftol": 1e-05, "xtol": 1e-05, "duration": 0.0773622989654541, "fun": "0.41607174277305603", "direc": "[[ 1.          0.          0.          0.          0.          0.        ]\n [ 0.          0.          0.          0.          0.          1.        ]\n [ 0.          0.          1.          0.          0.          0.        ]\n [ 0.          0.          0.          1.          0.          0.        ]\n [ 0.          0.          0.          0.          1.          0.        ]\n [-0.00702553  0.01973394 -0.00594439 -0.00662121  0.0033602  -0.0075168 ]]", "nit": "6", "nfev": "436", "status": "0", "success": "True", "message": "Optimization terminated successfully.", "x": "[ 7.67050235  6.31797387  0.34914869 -1.58194304  3.37410786  1.93094784]"}, "5": {"maxiter": 500, "ftol": 1e-05, "xtol": 1e-10, "duration": 0.20739102363586426, "fun": "0.41607174277305603", "direc": "[[ 1.          0.          0.          0.          0.          0.        ]\n [ 0.          0.          0.          0.          0.          1.        ]\n [ 0.          0.          1.          0.          0.          0.        ]\n [ 0.          0.          0.          1.          0.          0.        ]\n [ 0.          0.          0.          0.          1.          0.        ]\n [-0.00727424  0.01971506 -0.00631115 -0.00676203  0.0033636  -0.00744658]]", "nit": "6", "nfev": "1197", "status": "0", "success": "True", "message": "Optimization terminated successfully.", "x": "[ 7.67049863  6.31793233  0.3491318  -1.5818822   3.37409841  1.93101592]"}, "6": {"maxiter": 500, "ftol": 1e-10, "xtol": 1e-05, "duration": 0.14054512977600098, "fun": "0.41607171297073364", "direc": "[[ 1.          0.          0.          0.          0.          0.        ]\n [ 0.          0.          0.          0.          0.          1.        ]\n [ 0.          0.          1.          0.          0.          0.        ]\n [ 0.          0.          0.          1.          0.          0.        ]\n [ 0.          0.          0.          0.          1.          0.        ]\n [-0.00702553  0.01973394 -0.00594439 -0.00662121  0.0033602  -0.0075168 ]]", "nit": "8", "nfev": "811", "status": "0", "success": "True", "message": "Optimization terminated successfully.", "x": "[ 7.67031203  6.31791269  0.34898713 -1.5820137   3.37409744  1.93097115]"}, "7": {"maxiter": 500, "ftol": 1e-10, "xtol": 1e-10, "duration": 0.28772902488708496, "fun": "0.41607171297073364", "direc": "[[ 1.          0.          0.          0.          0.          0.        ]\n [ 0.          0.          0.          0.          0.          1.        ]\n [ 0.          0.          1.          0.          0.          0.        ]\n [ 0.          0.          0.          1.          0.          0.        ]\n [ 0.          0.          0.          0.          1.          0.        ]\n 