{"conf_id": 19, "data_type": "random\n", "num_data_points": 1, "s_rank": 0, "unitary": "[[-0.24866696+0.58742286j,-0.44704345-0.43151574j,-0.35669027-0.20570733j,-0.10517633+0.1626036j],[0.10596805-0.19687975j,-0.30269685-0.15056416j,0.18246286+0.30440582j,-0.83484447-0.11310748j],[0.26054512-0.52548482j,0.0285017-0.50723956j,-0.43110112+0.17165838j,0.15243271+0.39915801j],[0.42978035+0.11991271j,-0.17224126-0.46030424j,0.6827807-0.15164662j,0.26483638+0.0061855j]]", "databatch_0": {"databatch": "[[[0.22216259+0.04203669j,0.09758282-0.05551347j,0.08465542+0.06648623j,0.30916689-0.06009093j],[-0.0016906-0.11870853j,0.16634554-0.01821884j,-0.22210716+0.27450676j,0.21457499-0.43138158j],[0.02908669-0.12188739j,0.18774116+0.33324925j,0.06548645+0.11737064j,0.11751064-0.3158571j],[0.10809041+0.27733816j,-0.061138+0.0672716j,-0.04776472-0.12218121j,0.06517665-0.12087562j]]]", "nelder_mead": {"0": {"maxiter": 100, "fatol": 1e-05, "xatol": 1e-05, "duration": 0.027597904205322266, "fun": "0.3562925159931183", "nit": "100", "nfev": "155", "status": "2", "success": "False", "message": "Maximum number of iterations has been exceeded.", "x": "[5.11723008 3.41577726 1.18619366 4.68935389 6.3796734  2.03853691]", "final_simplex": "(array([[5.11723008, 3.41577726, 1.18619366, 4.68935389, 6.3796734 ,\n        2.03853691],\n       [5.08383573, 3.41389018, 1.25757084, 4.65751736, 6.3780984 ,\n        2.05592498],\n       [5.07939968, 3.42150279, 1.20989001, 4.66611173, 6.36104909,\n        2.07188932],\n       [5.07657806, 3.42066615, 1.23628852, 4.71156505, 6.36279183,\n        2.05692065],\n       [5.09695944, 3.36112632, 1.21058193, 4.68538858, 6.38969367,\n        2.05834054],\n       [5.11865973, 3.39048292, 1.24303935, 4.66225886, 6.35786551,\n        2.07619837],\n       [5.1145299 , 3.41042898, 1.22405154, 4.69246496, 6.3949569 ,\n        2.04391068]]), array([0.35629252, 0.35632145, 0.35642481, 0.35643891, 0.35644981,\n       0.35666853, 0.35669789]))"}, "1": {"maxiter": 100, "fatol": 1e-05, "xatol": 1e-10, "duration": 0.02786111831665039, "fun": "0.3562925159931183", "nit": "100", "nfev": "155", "status": "2", "success": "False", "message": "Maximum number of iterations has been exceeded.", "x": "[5.11723008 3.41577726 1.18619366 4.68935389 6.3796734  2.03853691]", "final_simplex": "(array([[5.11723008, 3.41577726, 1.18619366, 4.68935389, 6.3796734 ,\n        2.03853691],\n       [5.08383573, 3.41389018, 1.25757084, 4.65751736, 6.3780984 ,\n        2.05592498],\n       [5.07939968, 3.42150279, 1.20989001, 4.66611173, 6.36104909,\n        2.07188932],\n       [5.07657806, 3.42066615, 1.23628852, 4.71156505, 6.36279183,\n        2.05692065],\n       [5.09695944, 3.36112632, 1.21058193, 4.68538858, 6.38969367,\n        2.05834054],\n       [5.11865973, 3.39048292, 1.24303935, 4.66225886, 6.35786551,\n        2.07619837],\n       [5.1145299 , 3.41042898, 1.22405154, 4.69246496, 6.3949569 ,\n        2.04391068]]), array([0.35629252, 0.35632145, 0.35642481, 0.35643891, 0.35644981,\n       0.35666853, 0.35669789]))"}, "2": {"maxiter": 100, "fatol": 1e-10, "xatol": 1e-05, "duration": 0.0279848575592041, "fun": "0.3562925159931183", "nit": "100", "nfev": "155", "status": "2", "success": "False", "message": "Maximum number of iterations has been exceeded.", "x": "[5.11723008 3.41577726 1.18619366 4.68935389 6.3796734  2.03853691]", "final_simplex": "(array([[5.11723008, 3.41577726, 1.18619366, 4.68935389, 6.3796734 ,\n        2.03853691],\n       [5.08383573, 3.41389018, 1.25757084, 4.65751736, 6.3780984 ,\n        2.05592498],\n       [5.07939968, 3.42150279, 1.20989001, 4.66611173, 6.36104909,\n        2.07188932],\n       [5.07657806, 3.42066615, 1.23628852, 4.71156505, 6.36279183,\n        2.05692065],\n       [5.09695944, 3.36112632, 1.21058193, 4.68538858, 6.38969367,\n        2.05834054],\n       [5.11865973, 3.39048292, 1.24303935, 4.66225886, 6.35786551,\n        2.07619837],\n       [5.1145299 , 3.41042898, 1.22405154, 4.69246496, 6.3949569 ,\n        2.04391068]]), array([0.35629252, 0.35632145, 0.35642481, 0.35643891, 0.35644981,\n       0.35666853, 0.35669789]))"}, "3": {"maxiter": 100, "fatol": 1e-10, "xatol": 1e-10, "duration": 0.02802300453186035, "fun": "0.3562925159931183", "nit": "100", "nfev": "155", "status": "2", "success": "False", "message": "Maximum number of iterations has been exceeded.", "x": "[5.11723008 3.41577726 1.18619366 4.68935389 6.3796734  2.03853691]", "final_simplex": "(array([[5.11723008, 3.41577726, 1.18619366, 4.68935389, 6.3796734 ,\n        2.03853691],\n       [5.08383573, 3.41389018, 1.25757084, 4.65751736, 6.3780984 ,\n        2.05592498],\n       [5.07939968, 3.42150279, 1.20989001, 4.66611173, 6.36104909,\n        2.07188932],\n       [5.07657806, 3.42066615, 1.23628852, 4.71156505, 6.36279183,\n        2.05692065],\n       [5.09695944, 3.36112632, 1.21058193, 4.68538858, 6.38969367,\n        2.05834054],\n       [5.11865973, 3.39048292, 1.24303935, 4.66225886, 6.35786551,\n        2.07619837],\n       [5.1145299 , 3.41042898, 1.22405154, 4.69246496, 6.3949569 ,\n        2.04391068]]), array([0.35629252, 0.35632145, 0.35642481, 0.35643891, 0.35644981,\n       0.35666853, 0.35669789]))"}, "4": {"maxiter": 500, "fatol": 1e-05, "xatol": 1e-05, "duration": 0.06949305534362793, "fun": "0.35355421900749207", "nit": "222", "nfev": "387", "status": "0", "success": "True", "message": "Optimization terminated successfully.", "x": "[5.05779038 3.46868183 1.15106908 4.66506092 6.29137808 1.92011559]", "final_simplex": "(array([[5.05779038, 3.46868183, 1.15106908, 4.66506092, 6.29137808,\n        1.92011559],\n       [5.05778378, 3.46867537, 1.15107693, 4.66506184, 6.29137938,\n        1.92012006],\n       [5.05778935, 3.4686796 , 1.15107769, 4.66505573, 6.29137565,\n        1.92011689],\n       [5.05779038, 3.46868088, 1.15107647, 4.66505675, 6.29137744,\n        1.92011945],\n       [5.05779186, 3.46867658, 1.15107457, 4.66505573, 6.29138026,\n        1.92011778],\n       [5.05779007, 3.46867695, 1.15107729, 4.66505661, 6.29137596,\n        1.92011803],\n       [5.05778923, 3.46867859, 1.15107519, 4.66506083, 6.29137863,\n        1.92011643]]), array([0.35355422, 0.35355422, 0.35355422, 0.35355422, 0.35355422,\n       0.35355422, 0.35355422]))"}, "5": {"maxiter": 500, "fatol": 1e-05, "xatol": 1e-10, "duration": 0.09272003173828125, "fun": "0.35355421900749207", "nit": "239", "nfev": "523", "status": "0", "success": "True", "message": "Optimization terminated successfully.", "x": "[5.05779038 3.46868183 1.15106908 4.66506092 6.29137808 1.92011559]", "final_simplex": "(array([[5.05779038, 3.46868183, 1.15106908, 4.66506092, 6.29137808,\n        1.92011559],\n       [5.05779038, 3.46868183, 1.15106908, 4.66506092, 6.29137808,\n        1.92011559],\n       [5.05779038, 3.46868183, 1.15106908, 4.66506092, 6.29137808,\n        1.92011559],\n       [5.05779038, 3.46868183, 1.15106908, 4.66506092, 6.29137808,\n        1.92011559],\n       [5.05779038, 3.46868183, 1.15106908, 4.66506092, 6.29137808,\n        1.92011559],\n       [5.05779038, 3.46868183, 1.15106908, 4.66506092, 6.29137808,\n        1.92011559],\n       [5.05779038, 3.46868183, 1.15106908, 4.66506092, 6.29137808,\n        1.92011559]]), array([0.35355422, 0.35355422, 0.35355422, 0.35355422, 0.35355422,\n       0.35355422, 0.35355422]))"}, "6": {"maxiter": 500, "fatol": 1e-10, "xatol": 1e-05, "duration": 0.06942892074584961, "fun": "0.35355421900749207", "nit": "222", "nfev": "387", "status": "0", "success": "True", "message": "Optimization terminated successfully.", "x": "[5.05779038 3.46868183 1.15106908 4.66506092 6.29137808 1.92011559]", "final_simplex": "(array([[5.05779038, 3.46868183, 1.15106908, 4.66506092, 6.29137808,\n        1.92011559],\n       [5.05778378, 3.46867537, 1.15107693, 4.66506184, 6.29137938,\n        1.92012006],\n       [5.05778935, 3.4686796 , 1.15107769, 4.66505573, 6.29137565,\n        1.92011689],\n       [5.05779038, 3.46868088, 1.15107647, 4.66505675, 6.29137744,\n        1.92011945],\n       [5.05779186, 3.46867658, 1.15107457, 4.66505573, 6.29138026,\n        1.92011778],\n       [5.05779007, 3.46867695, 1.15107729, 4.66505661, 6.29137596,\n        1.92011803],\n       [5.05778923, 3.46867859, 1.15107519, 4.66506083, 6.29137863,\n        1.92011643]]), array([0.35355422, 0.35355422, 0.35355422, 0.35355422, 0.35355422,\n       0.35355422, 0.35355422]))"}, "7": {"maxiter": 500, "fatol": 1e-10, "xatol": 1e-10, "duration": 0.09265923500061035, "fun": "0.35355421900749207", "nit": "239", "nfev": "523", "status": "0", "success": "True", "message": "Optimization terminated successfully.", "x": "[5.05779038 3.46868183 1.15106908 4.66506092 6.29137808 1.92011559]", "final_simplex": "(array([[5.05779038, 3.46868183, 1.15106908, 4.66506092, 6.29137808,\n        1.92011559],\n       [5.05779038, 3.46868183, 1.15106908, 4.66506092, 6.29137808,\n        1.92011559],\n       [5.05779038, 3.46868183, 1.15106908, 4.66506092, 6.29137808,\n        1.92011559],\n       [5.05779038, 3.46868183, 1.15106908, 4.66506092, 6.29137808,\n        1.92011559],\n       [5.05779038, 3.46868183, 1.15106908, 4.66506092, 6.29137808,\n        1.92011559],\n       [5.05779038, 3.46868183, 1.15106908, 4.66506092, 6.29137808,\n        1.92011559],\n       [5.05779038, 3.46868183, 1.15106908, 4.66506092, 6.29137808,\n        1.92011559]]), array([0.35355422, 0.35355422, 0.35355422, 0.35355422, 0.35355422,\n       0.35355422, 0.35355422]))"}, "8": {"maxiter": 1000, "fatol": 1e-05, "xatol": 1e-05, "duration": 0.06908702850341797, "fun": "0.35355421900749207", "nit": "222", "nfev": "387", "status": "0", "success": "True", "message": "Optimization terminated successfully.", "x": "[5.05779038 3.46868183 1.15106908 4.66506092 6.29137808 1.92011559]", "final_simplex": "(array([[5.05779038, 3.46868183, 1.15106908, 4.66506092, 6.29137808,\n        1.92011559],\n       [5.05778378, 3.46867537, 1.15107693, 4.66506184, 6.29137938,\n        1.92012006],\n       [5.05778935, 3.4686796 , 1.15107769, 4.66505573, 6.29137565,\n        1.92011689],\n       [5.05779038, 3.46868088, 1.15107647, 4.66505675, 6.29137744,\n        1.92011945],\n       [5.05779186, 3.46867658, 1.15107457, 4.66505573, 6.29138026,\n        1.92011778],\n       [5.05779007, 3.46867695, 1.15107729, 4.66505661, 6.29137596,\n        1.92011803],\n       [5.05778923, 3.46867859, 1.15107519, 4.66506083, 6.29137863,\n        1.92011643]]), array([0.35355422, 0.35355422, 0.35355422, 0.35355422, 0.35355422,\n       0.35355422, 0.35355422]))"}, "9": {"maxiter": 1000, "fatol": 1e-05, "xatol": 1e-10, "duration": 0.09159207344055176, "fun": "0.35355421900749207", "nit": "239", "nfev": "523", "status": "0", "success": "True", "message": "Optimization terminated successfully.", "x": "[5.05779038 3.46868183 1.15106908 4.66506092 6.29137808 1.92011559]", "final_simplex": "(array([[5.05779038, 3.46868183, 1.15106908, 4.66506092, 6.29137808,\n        1.92011559],\n       [5.05779038, 3.46868183, 1.15106908, 4.66506092, 6.29137808,\n        1.92011559],\n       [5.05779038, 3.46868183, 1.15106908, 4.66506092, 6.29137808,\n        1.92011559],\n       [5.05779038, 3.46868183, 1.15106908, 4.66506092, 6.29137808,\n        1.92011559],\n       [5.05779038, 3.46868183, 1.15106908, 4.66506092, 6.29137808,\n        1.92011559],\n       [5.05779038, 3.46868183, 1.15106908, 4.66506092, 6.29137808,\n        1.92011559],\n       [5.05779038, 3.46868183, 1.15106908, 4.66506092, 6.29137808,\n        1.92011559]]), array([0.35355422, 0.35355422, 0.35355422, 0.35355422, 0.35355422,\n       0.35355422, 0.35355422]))"}, "10": {"maxiter": 1000, "fatol": 1e-10, "xatol": 1e-05, "duration": 0.06809401512145996, "fun": "0.35355421900749207", "nit": "222", "nfev": "387", "status": "0", "success": "True", "message": "Optimization terminated successfully.", "x": "[5.05779038 3.46868183 1.15106908 4.66506092 6.29137808 1.92011559]", "final_simplex": "(array([[5.05779038, 3.46868183, 1.15106908, 4.66506092, 6.29137808,\n        1.92011559],\n       [5.05778378, 3.46867537, 1.15107693, 4.66506184, 6.29137938,\n        1.92012006],\n       [5.05778935, 3.4686796 , 1.15107769, 4.66505573, 6.29137565,\n        1.92011689],\n       [5.05779038, 3.46868088, 1.15107647, 4.66505675, 6.29137744,\n        1.92011945],\n       [5.05779186, 3.46867658, 1.15107457, 4.66505573, 6.29138026,\n        1.92011778],\n       [5.05779007, 3.46867695, 1.15107729, 4.66505661, 6.29137596,\n        1.92011803],\n       [5.05778923, 3.46867859, 1.15107519, 4.66506083, 6.29137863,\n        1.92011643]]), array([0.35355422, 0.35355422, 0.35355422, 0.35355422, 0.35355422,\n       0.35355422, 0.35355422]))"}, "11": {"maxiter": 1000, "fatol": 1e-10, "xatol": 1e-10, "duration": 0.09123110771179199, "fun": "0.35355421900749207", "nit": "239", "nfev": "523", "status": "0", "success": "True", "message": "Optimization terminated successfully.", "x": "[5.05779038 3.46868183 1.15106908 4.66506092 6.29137808 1.92011559]", "final_simplex": "(array([[5.05779038, 3.46868183, 1.15106908, 4.66506092, 6.29137808,\n        1.92011559],\n       [5.05779038, 3.46868183, 1.15106908, 4.66506092, 6.29137808,\n        1.92011559],\n       [5.05779038, 3.46868183, 1.15106908, 4.66506092, 6.29137808,\n        1.92011559],\n       [5.05779038, 3.46868183, 1.15106908, 4.66506092, 6.29137808,\n        1.92011559],\n       [5.05779038, 3.46868183, 1.15106908, 4.66506092, 6.29137808,\n        1.92011559],\n       [5.05779038, 3.46868183, 1.15106908, 4.66506092, 6.29137808,\n        1.92011559],\n       [5.05779038, 3.46868183, 1.15106908, 4.66506092, 6.29137808,\n        1.92011559]]), array([0.35355422, 0.35355422, 0.35355422, 0.35355422, 0.35355422,\n       0.35355422, 0.35355422]))"}}, "bfgs": {"0": {"maxiter": 100, "gtol": 1e-05, "xrtol": 1e-05, "eps": 1e-05, "duration": 0.08330488204956055, "fun": "0.3535597324371338", "jac": "[0.         0.00298023 0.00298023 0.         0.         0.        ]", "hess_inv": "[[ 1.03623126 -0.63331746  1.28595171  0.07582745  0.23778904  1.60929472]\n [-0.63331746  2.27538396 -1.90921615 -0.24908079 -1.07383379 -2.19038006]\n [ 1.28595171 -1.90921615  4.62168808  0.82727596  0.44853631  5.53645861]\n [ 0.07582745 -0.24908079  0.82727596  1.42287773  0.07506057  0.98224714]\n [ 0.23778904 -1.07383379  0.44853631  0.07506057  2.10142457  0.56718518]\n [ 1.60929472 -2.19038006  5.53645861  0.98224714  0.56718518  7.44308427]]", "nfev": "467", "njev": "65", "status": "2", "success": "False", "message": "Desired error not necessarily achieved due to precision loss.", "x": "[5.05567987 3.4722852  1.15451889 4.66009819 6.28710221 1.92010122]", "nit": "21"}, "1": {"maxiter": 100, "gtol": 1e-05, "xrtol": 1e-05, "eps": 1e-10, "duration": 0.0012907981872558594, "fun": "0.8792926669120789", "jac": "[0. 0. 0. 0. 0. 0.]", "hess_inv": "[[1 0 0 0 0 0]\n [0 1 0 0 0 0]\n [0 0 1 0 0 0]\n [0 0 0 1 0 0]\n [0 0 0 0 1 0]\n [0 0 0 0 0 1]]", "nfev": "7", "njev": "1", "status": "0", "success": "True", "message": "Optimization terminated successfully.", "x": "[2.6949582  2.67764843 2.25364375 5.54806205 5.82283343 2.74116476]", "nit": "0"}, "2": {"maxiter": 100, "gtol": 1e-05, "xrtol": 1e-10, "eps": 1e-05, "duration": 0.0830087661743164, "fun": "0.3535597324371338", "jac": "[0.         0.00298023 0.00298023 0.         0.         0.        ]", "hess_inv": "[[ 1.03623126 -0.63331746  1.28595171  0.07582745  0.23778904  1.60929472]\n [-0.63331746  2.27538396 -1.90921615 -0.24908079 -1.07383379 -2.19038006]\n [ 1.28595171 -1.90921615  4.62168808  0.82727596  0.44853631  5.53645861]\n [ 0.07582745 -0.24908079  0.82727596  1.42287773  0.07506057  0.98224714]\n [ 0.23778904 -1.07383379  0.44853631  0.07506057  2.10142457  0.56718518]\n [ 1.60929472 -2.19038006  5.53645861  0.98224714  0.56718518  7.44308427]]", "nfev": "467", "njev": "65", "status": "2", "success": "False", "message": "Desired error not necessarily achieved due to precision loss.", "x": "[5.05567987 3.4722852  1.15451889 4.66009819 6.28710221 1.92010122]", "nit": "21"}, "3": {"maxiter": 100, "gtol": 1e-05, "xrtol": 1e-10, "eps": 1e-10, "duration": 0.0012788772583007812, "fun": "0.8792926669120789", "jac": "[0. 0. 0. 0. 0. 0.]", "hess_inv": "[[1 0 0 0 0 0]\n [0 1 0 0 0 0]\n [0 0 1 0 0 0]\n [0 0 0 1 0 0]\n [0 0 0 0 1 0]\n [0 0 0 0 0 1]]", "nfev": "7", "njev": "1", "status": "0", "success": "True", "message": "Optimization terminated successfully.", "x": "[2.6949582  2.67764843 2.25364375 5.54806205 5.82283343 2.74116476]", "nit": "0"}, "4": {"maxiter": 100, "gtol": 1e-10, "xrtol": 1e-05, "eps": 1e-05, "duration": 0.08276891708374023, "fun": "0.3535597324371338", "jac": "[0.         0.00298023 0.00298023 0.         0.         0.        ]", "hess_inv": "[[ 1.03623126 -0.63331746  1.28595171  0.07582745  0.23778904  1.60929472]\n [-0.63331746  2.27538396 -1.90921615 -0.24908079 -1.07383379 -2.19038006]\n [ 1.28595171 -1.90921615  4.62168808  0.82727596  0.44853631  5.53645861]\n [ 0.07582745 -0.24908079  0.82727596  1.42287773  0.07506057  0.98224714]\n [ 0.23778904 -1.07383379  0.44853631  0.07506057  2.10142457  0.56718518]\n [ 1.60929472 -2.19038006  5.53645861  0.98224714  0.56718518  7.44308427]]", "nfev": "467", "njev": "65", "status": "2", "success": "False", "message": "Desired error not necessarily achieved due to precision loss.", "x": "[5.05567987 3.4722852  1.15451889 4.66009819 6.28710221 1.92010122]", "nit": "21"}, "5": {"maxiter": 100, "gtol": 1e-10, "xrtol": 1e-05, "eps": 1e-10, "duration": 0.0012848377227783203, "fun": "0.8792926669120789", "jac": "[0. 0. 0. 0. 0. 0.]", "hess_inv": "[[1 0 0 0 0 0]\n [0 1 0 0 0 0]\n [0 0 1 0 0 0]\n [0 0 0 1 0 0]\n [0 0 0 0 1 0]\n [0 0 0 0 0 1]]", "nfev": "7", "njev": "1", "status": "0", "success": "True", "message": "Optimization terminated successfully.", "x": "[2.6949582  2.67764843 2.25364375 5.54806205 5.82283343 2.74116476]", "nit": "0"}, "6": {"maxiter": 100, "gtol": 1e-10, "xrtol": 1e-10, "eps": 1e-05, "duration": 0.0825490951538086, "fun": "0.3535597324371338", "jac": "[0.         0.00298023 0.00298023 0.         0.         0.        ]", "hess_inv": "[[ 1.03623126 -0.63331746  1.28595171  0.07582745  0.23778904  1.60929472]\n [-0.63331746  2.27538396 -1.90921615 -0.24908079 -1.07383379 -2.19038006]\n [ 1.28595171 -1.90921615  4.62168808  0.82727596  0.44853631  5.53645861]\n [ 0.07582745 -0.24908079  0.82727596  1.42287773  0.07506057  0.98224714]\n [ 0.23778904 -1.07383379  0.44853631  0.07506057  2.10142457  0.56718518]\n [ 1.60929472 -2.19038006  5.53645861  0.98224714  0.56718518  7.44308427]]", "nfev": "467", "njev": "65", "status": "2", "success": "False", "message": "Desired error not necessarily achieved due to precision loss.", "x": "[5.05567987 3.4722852  1.15451889 4.66009819 6.28710221 1.92010122]", "nit": "21"}, "7": {"maxiter": 100, "gtol": 1e-10, "xrtol": 1e-10, "eps": 1e-10, "duration": 0.00127410888671875, "fun": "0.8792926669120789", "jac": "[0. 0. 0. 0. 0. 0.]", "hess_inv": "[[1 0 0 0 0 0]\n [0 1 0 0 0 0]\n [0 0 1 0 0 0]\n [0 0 0 1 0 0]\n [0 0 0 0 1 0]\n [0 0 0 0 0 1]]", "nfev": "7", "njev": "1", "status": "0", "success": "True", "message": "Optimization terminated successfully.", "x": "[2.6949582  2.67764843 2.25364375 5.54806205 5.82283343 2.74116476]", "nit": "0"}, "8": {"maxiter": 500, "gtol": 1e-05, "xrtol": 1e-05, "eps": 1e-05, "duration": 0.08263111114501953, "fun": "0.3535597324371338", "jac": "[0.         0.00298023 0.00298023 0.         0.         0.        ]", "hess_inv": "[[ 1.03623126 -0.63331746  1.28595171  0.07582745  0.23778904  1.60929472]\n [-0.63331746  2.27538396 -1.90921615 -0.24908079 -1.07383379 -2.19038006]\n [ 1.28595171 -1.90921615  4.62168808  0.82727596  0.44853631  5.53645861]\n [ 0.07582745 -0.24908079  0.82727596  1.42287773  0.07506057  0.98224714]\n [ 0.23778904 -1.07383379  0.44853631  0.07506057  2.10142457  0.56718518]\n [ 1.60929472 -2.19038006  5.53645861  0.98224714  0.56718518  7.44308427]]", "nfev": "467", "njev": "65", "status": "2", "success": "False", "message": "Desired error not necessarily achieved due to precision loss.", "x": "[5.05567987 3.4722852  1.15451889 4.66009819 6.28710221 1.92010122]", "nit": "21"}, "9": {"maxiter": 500, "gtol": 1e-05, "xrtol": 1e-05, "eps": 1e-10, "duration": 0.0012941360473632812, "fun": "0.8792926669120789", "jac": "[0. 0. 0. 0. 0. 0.]", "hess_inv": "[[1 0 0 0 0 0]\n [0 1 0 0 0 0]\n [0 0 1 0 0 0]\n [0 0 0 1 0 0]\n [0 0 0 0 1 0]\n [0 0 0 0 0 1]]", "nfev": "7", "njev": "1", "status": "0", "success": "True", "message": "Optimization terminated successfully.", "x": "[2.6949582  2.67764843 2.25364375 5.54806205 5.82283343 2.74116476]", "nit": "0"}, "10": {"maxiter": 500, "gtol": 1e-05, "xrtol": 1e-10, "eps": 1e-05, "duration": 0.08247780799865723, "fun": "0.3535597324371338", "jac": "[0.         0.00298023 0.00298023 0.         0.         0.        ]", "hess_inv": "[[ 1.03623126 -0.63331746  1.28595171  0.07582745  0.23778904  1.60929472]\n [-0.63331746  2.27538396 -1.90921615 -0.24908079 -1.07383379 -2.19038006]\n [ 1.28595171 -1.90921615  4.62168808  0.82727596  0.44853631  5.53645861]\n [ 0.07582745 -0.24908079  0.82727596  1.42287773  0.07506057  0.98224714]\n [ 0.23778904 -1.07383379  0.44853631  0.07506057  2.10142457  0.56718518]\n [ 1.60929472 -2.19038006  5.53645861  0.98224714  0.56718518  7.44308427]]", "nfev": "467", "njev": "65", "status": "2", "success": "False", "message": "Desired error not necessarily achieved due to precision loss.", "x": "[5.05567987 3.4722852  1.15451889 4.66009819 6.28710221 1.92010122]", "nit": "21"}, "11": {"maxiter": 500, "gtol": 1e-05, "xrtol": 1e-10, "eps": 1e-10, "duration": 0.0012710094451904297, "fun": "0.8792926669120789", "jac": "[0. 0. 0. 0. 0. 0.]", "hess_inv": "[[1 0 0 0 0 0]\n [0 1 0 0 0 0]\n [0 0 1 0 0 0]\n [0 0 0 1 0 0]\n [0 0 0 0 1 0]\n [0 0 0 0 0 1]]", "nfev": "7", "njev": "1", "status": "0", "success": "True", "message": "Optimization terminated successfully.", "x": "[2.6949582  2.67764843 2.25364375 5.54806205 5.82283343 2.74116476]", "nit": "0"}, "12": {"maxiter": 500, "gtol": 1e-10, "xrtol": 1e-05, "eps": 1e-05, "duration": 0.08275890350341797, "fun": "0.3535597324371338", "jac": "[0.         0.00298023 0.00298023 0.         0.         0.        ]", "hess_inv": "[[ 1.03623126 -0.63331746  1.28595171  0.07582745  0.23778904  1.60929472]\n [-0.63331746  2.27538396 -1.90921615 -0.24908079 -1.07383379 -2.19038006]\n [ 1.28595171 -1.90921615  4.62168808  0.82727596  0.44853631  5.53645861]\n [ 0.07582745 -0.24908079  0.82727596  1.42287773  0.07506057  0.98224714]\n [ 0.23778904 -1.07383379  0.44853631  0.07506057  2.10142457  0.56718518]\n [ 1.60929472 -2.19038006  5.53645861  0.98224714  0.56718518  7.44308427]]", "nfev": "467", "njev": "65", "status": "2", "success": "False", "message": "Desired error not necessarily achieved due to precision loss.", "x": "[5.05567987 3.4722852  1.15451889 4.66009819 6.28710221 1.92010122]", "nit": "21"}, "13": {"maxiter": 500, "gtol": 1e-10, "xrtol": 1e-05, "eps": 1e-10, "duration": 0.0012710094451904297, "fun": "0.8792926669120789", "jac": "[0. 0. 0. 0. 0. 0.]", "hess_inv": "[[1 0 0 0 0 0]\n [0 1 0 0 0 0]\n [0 0 1 0 0 0]\n [0 0 0 1 0 0]\n [0 0 0 0 1 0]\n [0 0 0 0 0 1]]", "nfev": "7", "njev": "1", "status": "0", "success": "True", "message": "Optimization terminated successfully.", "x": "[2.6949582  2.67764843 2.25364375 5.54806205 5.82283343 2.74116476]", "nit": "0"}, "14": {"maxiter": 500, "gtol": 1e-10, "xrtol": 1e-10, "eps": 1e-05, "duration": 0.08240103721618652, "fun": "0.3535597324371338", "jac": "[0.         0.00298023 0.00298023 0.         0.         0.        ]", "hess_inv": "[[ 1.03623126 -0.63331746  1.28595171  0.07582745  0.23778904  1.60929472]\n [-0.63331746  2.27538396 -1.90921615 -0.24908079 -1.07383379 -2.19038006]\n [ 1.28595171 -1.90921615  4.62168808  0.82727596  0.44853631  5.53645861]\n [ 0.07582745 -0.24908079  0.82727596  1.42287773  0.07506057  0.98224714]\n [ 0.23778904 -1.07383379  0.44853631  0.07506057  2.10142457  0.56718518]\n [ 1.60929472 -2.19038006  5.53645861  0.98224714  0.56718518  7.44308427]]", "nfev": "467", "njev": "65", "status": "2", "success": "False", "message": "Desired error not necessarily achieved due to precision loss.", "x": "[5.05567987 3.4722852  1.15451889 4.66009819 6.28710221 1.92010122]", "nit": "21"}, "15": {"maxiter": 500, "gtol": 1e-10, "xrtol": 1e-10, "eps": 1e-10, "duration": 0.0012679100036621094, "fun": "0.8792926669120789", "jac": "[0. 0. 0. 0. 0. 0.]", "hess_inv": "[[1 0 0 0 0 0]\n [0 1 0 0 0 0]\n [0 0 1 0 0 0]\n [0 0 0 1 0 0]\n [0 0 0 0 1 0]\n [0 0 0 0 0 1]]", "nfev": "7", "njev": "1", "status": "0", "success": "True", "message": "Optimization terminated successfully.", "x": "[2.6949582  2.67764843 2.25364375 5.54806205 5.82283343 2.74116476]", "nit": "0"}, "16": {"maxiter": 1000, "gtol": 1e-05, "xrtol": 1e-05, "eps": 1e-05, "duration": 0.08417582511901855, "fun": "0.3535597324371338", "jac": "[0.         0.00298023 0.00298023 0.         0.         0.        ]", "hess_inv": "[[ 1.03623126 -0.63331746  1.28595171  0.07582745  0.23778904  1.60929472]\n [-0.63331746  2.27538396 -1.90921615 -0.24908079 -1.07383379 -2.19038006]\n [ 1.28595171 -1.90921615  4.62168808  0.82727596  0.44853631  5.53645861]\n [ 0.07582745 -0.24908079  0.82727596  1.42287773  0.07506057  0.98224714]\n [ 0.23778904 -1.07383379  0.44853631  0.07506057  2.10142457  0.56718518]\n [ 1.60929472 -2.19038006  5.53645861  0.98224714  0.56718518  7.44308427]]", "nfev": "467", "njev": "65", "status": "2", "success": "False", "message": "Desired error not necessarily achieved due to precision loss.", "x": "[5.05567987 3.4722852  1.15451889 4.66009819 6.28710221 1.92010122]", "nit": "21"}, "17": {"maxiter": 1000, "gtol": 1e-05, "xrtol": 1e-05, "eps": 1e-10, "duration": 0.0013010501861572266, "fun": "0.8792926669120789", "jac": "[0. 0. 0. 0. 0. 0.]", "hess_inv": "[[1 0 0 0 0 0]\n [0 1 0 0 0 0]\n [0 0 1 0 0 0]\n [0 0 0 1 0 0]\n [0 0 0 0 1 0]\n [0 0 0 0 0 1]]", "nfev": "7", "njev": "1", "status": "0", "success": "True", "message": "Optimization terminated successfully.", "x": "[2.6949582  2.67764843 2.25364375 5.54806205 5.82283343 2.74116476]", "nit": "0"}, "18": {"maxiter": 1000, "gtol": 1e-05, "xrtol": 1e-10, "eps": 1e-05, "duration": 0.08374381065368652, "fun": "0.3535597324371338", "jac": "[0.         0.00298023 0.00298023 0.         0.         0.        ]", "hess_inv": "[[ 1.03623126 -0.63331746  1.28595171  0.07582745  0.23778904  1.60929472]\n [-0.63331746  2.27538396 -1.90921615 -0.24908079 -1.07383379 -2.19038006]\n [ 1.28595171 -1.90921615  4.62168808  0.82727596  0.44853631  5.53645861]\n [ 0.07582745 -0.24908079  0.82727596  1.42287773  0.07506057  0.98224714]\n [ 0.23778904 -1.07383379  0.44853631  0.07506057  2.10142457  0.56718518]\n [ 1.60929472 -2.19038006  5.53645861  0.98224714  0.56718518  7.44308427]]", "nfev": "467", "njev": "65", "status": "2", "success": "False", "message": "Desired error not necessarily achieved due to precision loss.", "x": "[5.05567987 3.4722852  1.15451889 4.66009819 6.28710221 1.92010122]", "nit": "21"}, "19": {"maxiter": 1000, "gtol": 1e-05, "xrtol": 1e-10, "eps": 1e-10, "duration": 0.0012900829315185547, "fun": "0.8792926669120789", "jac": "[0. 0. 0. 0. 0. 0.]", "hess_inv": "[[1 0 0 0 0 0]\n [0 1 0 0 0 0]\n [0 0 1 0 0 0]\n [0 0 0 1 0 0]\n [0 0 0 0 1 0]\n [0 0 0 0 0 1]]", "nfev": "7", "njev": "1", "status": "0", "success": "True", "message": "Optimization terminated successfully.", "x": "[2.6949582  2.67764843 2.25364375 5.54806205 5.82283343 2.74116476]", "nit": "0"}, "20": {"maxiter": 1000, "gtol": 1e-10, "xrtol": 1e-05, "eps": 1e-05, "duration": 0.08375787734985352, "fun": "0.3535597324371338", "jac": "[0.         0.00298023 0.00298023 0.         0.         0.        ]", "hess_inv": "[[ 1.03623126 -0.63331746  1.28595171  0.07582745  0.23778904  1.60929472]\n [-0.63331746  2.27538396 -1.90921615 -0.24908079 -1.07383379 -2.19038006]\n [ 1.28595171 -1.90921615  4.62168808  0.82727596  0.44853631  5.53645861]\n [ 0.07582745 -0.24908079  0.82727596  1.42287773  0.07506057  0.98224714]\n [ 0.23778904 -1.07383379  0.44853631  0.07506057  2.10142457  0.56718518]\n [ 1.60929472 -2.19038006  5.53645861  0.98224714  0.56718518  7.44308427]]", "nfev": "467", "njev": "65", "status": "2", "success": "False", "message": "Desired error not necessarily achieved due to precision loss.", "x": "[5.05567987 3.4722852  1.15451889 4.66009819 6.28710221 1.92010122]", "nit": "21"}, "21": {"maxiter": 1000, "gtol": 1e-10, "xrtol": 1e-05, "eps": 1e-10, "duration": 0.0012831687927246094, "fun": "0.8792926669120789", "jac": "[0. 0. 0. 0. 0. 0.]", "hess_inv": "[[1 0 0 0 0 0]\n [0 1 0 0 0 0]\n [0 0 1 0 0 0]\n [0 0 0 1 0 0]\n [0 0 0 0 1 0]\n [0 0 0 0 0 1]]", "nfev": "7", "njev": "1", "status": "0", "success": "True", "message": "Optimization terminated successfully.", "x": "[2.6949582  2.67764843 2.25364375 5.54806205 5.82283343 2.74116476]", "nit": "0"}, "22": {"maxiter": 1000, "gtol": 1e-10, "xrtol": 1e-10, "eps": 1e-05, "duration": 0.08304619789123535, "fun": "0.3535597324371338", "jac": "[0.         0.00298023 0.00298023 0.         0.         0.        ]", "hess_inv": "[[ 1.03623126 -0.63331746  1.28595171  0.07582745  0.23778904  1.60929472]\n [-0.63331746  2.27538396 -1.90921615 -0.24908079 -1.07383379 -2.19038006]\n [ 1.28595171 -1.90921615  4.62168808  0.82727596  0.44853631  5.53645861]\n [ 0.07582745 -0.24908079  0.82727596  1.42287773  0.07506057  0.98224714]\n [ 0.23778904 -1.07383379  0.44853631  0.07506057  2.10142457  0.56718518]\n [ 1.60929472 -2.19038006  5.53645861  0.98224714  0.56718518  7.44308427]]", "nfev": "467", "njev": "65", "status": "2", "success": "False", "message": "Desired error not necessarily achieved due to precision loss.", "x": "[5.05567987 3.4722852  1.15451889 4.66009819 6.28710221 1.92010122]", "nit": "21"}, "23": {"maxiter": 1000, "gtol": 1e-10, "xrtol": 1e-10, "eps": 1e-10, "duration": 0.001277923583984375, "fun": "0.8792926669120789", "jac": "[0. 0. 0. 0. 0. 0.]", "hess_inv": "[[1 0 0 0 0 0]\n [0 1 0 0 0 0]\n [0 0 1 0 0 0]\n [0 0 0 1 0 0]\n [0 0 0 0 1 0]\n [0 0 0 0 0 1]]", "nfev": "7", "njev": "1", "status": "0", "success": "True", "message": "Optimization terminated successfully.", "x": "[2.6949582  2.67764843 2.25364375 5.54806205 5.82283343 2.74116476]", "nit": "0"}}, "cobyla": {"0": {"maxiter": 100, "tol": 1e-05, "catol": 1e-05, "duration": 0.017222166061401367, "x": "[5.05937322 3.46639475 1.15266218 4.6639802  6.29187072 1.92459404]", "status": "2", "success": "False", "message": "Maximum number of function evaluations has been exceeded.", "nfev": "100", "fun": "0.3535570502281189", "maxcv": "0.0"}, "1": {"maxiter": 100, "tol": 1e-05, "catol": 1e-10, "duration": 0.017148971557617188, "x": "[5.05937322 3.46639475 1.15266218 4.6639802  6.29187072 1.92459404]", "status": "2", "success": "False", "message": "Maximum number of function evaluations has been exceeded.", "nfev": "100", "fun": "0.3535570502281189", "maxcv": "0.0"}, "2": {"maxiter": 100, "tol": 1e-10, "catol": 1e-05, "duration": 0.017122983932495117, "x": "[5.05937322 3.46639475 1.15266218 4.6639802  6.29187072 1.92459404]", "status": "2", "success": "False", "message": "Maximum number of function evaluations has been exceeded.", "nfev": "100", "fun": "0.3535570502281189", "maxcv": "0.0"}, "3": {"maxiter": 100, "tol": 1e-10, "catol": 1e-10, "duration": 0.017149925231933594, "x": "[5.05937322 3.46639475 1.15266218 4.6639802  6.29187072 1.92459404]", "status": "2", "success": "False", "message": "Maximum number of function evaluations has been exceeded.", "nfev": "100", "fun": "0.3535570502281189", "maxcv": "0.0"}, "4": {"maxiter": 500, "tol": 1e-05, "catol": 1e-05, "duration": 0.024443864822387695, "x": "[5.05760866 3.46781527 1.15241017 4.66489035 6.29158354 1.92123486]", "status": "1", "success": "True", "message": "Optimization terminated successfully.", "nfev": "143", "fun": "0.3535543382167816", "maxcv": "0.0"}, "5": {"maxiter": 500, "tol": 1e-05, "catol": 1e-10, "duration": 0.024447917938232422, "x": "[5.05760866 3.46781527 1.15241017 4.66489035 6.29158354 1.92123486]", "status": "1", "success": "True", "message": "Optimization terminated successfully.", "nfev": "143", "fun": "0.3535543382167816", "maxcv": "0.0"}, "6": {"maxiter": 500, "tol": 1e-10, "catol": 1e-05, "duration": 0.029736995697021484, "x": "[5.05760866 3.46781527 1.15241017 4.66489035 6.29158354 1.92123486]", "status": "1", "success": "True", "message": "Optimization terminated successfully.", "nfev": "176", "fun": "0.3535543382167816", "maxcv": "0.0"}, "7": {"maxiter": 500, "tol": 1e-10, "catol": 1e-10, "duration": 0.029992103576660156, "x": "[5.05760866 3.46781527 1.15241017 4.66489035 6.29158354 1.92123486]", "status": "1", "success": "True", "message": "Optimization terminated successfully.", "nfev": "176", "fun": "0.3535543382167816", "maxcv": "0.0"}, "8": {"maxiter": 1000, "tol": 1e-05, "catol": 1e-05, "duration": 0.024418115615844727, "x": "[5.05760866 3.46781527 1.15241017 4.66489035 6.29158354 1.92123486]", "status": "1", "success": "True", "message": "Optimization terminated successfully.", "nfev": "143", "fun": "0.3535543382167816", "maxcv": "0.0"}, "9": {"maxiter": 1000, "tol": 1e-05, "catol": 1e-10, "duration": 0.024239063262939453, "x": "[5.05760866 3.46781527 1.15241017 4.66489035 6.29158354 1.92123486]", "status": "1", "success": "True", "message": "Optimization terminated successfully.", "nfev": "143", "fun": "0.3535543382167816", "maxcv": "0.0"}, "10": {"maxiter": 1000, "tol": 1e-10, "catol": 1e-05, "duration": 0.03045177459716797, "x": "[5.05760866 3.46781527 1.15241017 4.66489035 6.29158354 1.92123486]", "status": "1", "success": "True", "message": "Optimization terminated successfully.", "nfev": "176", "fun": "0.3535543382167816", "maxcv": "0.0"}, "11": {"maxiter": 1000, "tol": 1e-10, "catol": 1e-10, "duration": 0.03045201301574707, "x": "[5.05760866 3.46781527 1.15241017 4.66489035 6.29158354 1.92123486]", "status": "1", "success": "True", "message": "Optimization terminated successfully.", "nfev": "176", "fun": "0.3535543382167816", "maxcv": "0.0"}}, "powell": {"0": {"maxiter": 100, "ftol": 1e-05, "xtol": 1e-05, "duration": 0.09832763671875, "fun": "0.35355424880981445", "direc": "[[ 1.07176128e-01  3.87290721e-02  6.13760191e-03 -7.28435332e-02\n   3.07188408e-02 -2.85233611e-02]\n [ 0.00000000e+00  1.00000000e+00  0.00000000e+00  0.00000000e+00\n   0.00000000e+00  0.00000000e+00]\n [ 0.00000000e+00  0.00000000e+00  1.00000000e+00  0.00000000e+00\n   0.00000000e+00  0.00000000e+00]\n [ 0.00000000e+00  0.00000000e+00  0.00000000e+00  1.00000000e+00\n   0.00000000e+00  0.00000000e+00]\n [ 0.00000000e+00  0.00000000e+00  0.00000000e+00  0.00000000e+00\n   1.00000000e+00  0.00000000e+00]\n [-9.14291275e-04  6.48907071e-03 -6.31729554e-03 -4.32151463e-04\n  -2.43957693e-03 -7.80606539e-03]]", "nit": "6", "nfev": "562", "status": "0", "success": "True", "message": "Optimization terminated successfully.", "x": "[5.05802449 3.46877827 1.15143509 4.66463058 6.29129941 1.92038231]"}, "1": {"maxiter": 100, "ftol": 1e-05, "xtol": 1e-10, "duration": 0.21558594703674316, "fun": "0.35355424880981445", "direc": "[[ 1.06856696e-01  3.86132791e-02  6.27228420e-03 -7.21181595e-02\n   3.05608771e-02 -2.85850526e-02]\n [ 0.00000000e+00  1.00000000e+00  0.00000000e+00  0.00000000e+00\n   0.00000000e+00  0.00000000e+00]\n [ 0.00000000e+00  0.00000000e+00  1.00000000e+00  0.00000000e+00\n   0.00000000e+00  0.00000000e+00]\n [ 0.00000000e+00  0.00000000e+00  0.00000000e+00  1.00000000e+00\n   0.00000000e+00  0.00000000e+00]\n [ 0.00000000e+00  0.00000000e+00  0.00000000e+00  0.00000000e+00\n   1.00000000e+00  0.00000000e+00]\n [-1.01459122e-03  6.65765657e-03 -6.13377123e-03 -5.30539819e-04\n  -2.36509958e-03 -7.78869721e-03]]", "nit": "6", "nfev": "1235", "status": "0", "success": "True", "message": "Optimization terminated successfully.", "x": "[5.05796947 3.4688374  1.15126564 4.66471894 6.29121572 1.92030999]"}, "2": {"maxiter": 100, "ftol": 1e-10, "xtol": 1e-05, "duration": 0.17078518867492676, "fun": "0.35355421900749207", "direc": "[[ 1.07176128e-01  3.87290721e-02  6.13760191e-03 -7.28435332e-02\n   3.07188408e-02 -2.85233611e-02]\n [ 0.00000000e+00  1.00000000e+00  0.00000000e+00  0.00000000e+00\n   0.00000000e+00  0.00000000e+00]\n [ 0.00000000e+00  0.00000000e+00  1.00000000e+00  0.00000000e+00\n   0.00000000e+00  0.00000000e+00]\n [ 0.00000000e+00  0.00000000e+00  0.00000000e+00  1.00000000e+00\n   0.00000000e+00  0.00000000e+00]\n [ 0.00000000e+00  0.00000000e+00  0.00000000e+00  0.00000000e+00\n   1.00000000e+00  0.00000000e+00]\n [-9.14291275e-04  6.48907071e-03 -6.31729554e-03 -4.32151463e-04\n  -2.43957693e-03 -7.80606539e-03]]", "nit": "8", "nfev": "956", "status": "0", "success": "True", "message": "Optimization terminated successfully.", "x": "[5.05754696 3.46839798 1.15155601 4.66495514 6.29116254 1.9205094 ]"}, "3": {"maxiter": 100, "ftol": 1e-10, "xtol": 1e-10, "duration": 0.31013917922973633, "fun": "0.35355421900749207", "direc": "[[ 1.06856696e-01  3.86132791e-02  6.27228420e-03 -7.21181595e-02\n   3.05608771e-02 -2.85850526e-02]\n [ 0.00000000e+00  1.00000000e+00  0.00000000e+00  0.00000000e+00\n   0.00000000e+00  0.00000000e+00]\n [ 0.00000000e+00  0.00000000e+00  1.00000000e+00  0.00000000e+00\n   0.00000000e+00  0.00000000e+00]\n [ 0.00000000e+00  0.00000000e+00  0.00000000e+00  1.00000000e+00\n   0.00000000e+00  0.00000000e+00]\n [ 0.00000000e+00  0.00000000e+00  0.00000000e+00  0.00000000e+00\n   1.00000000e+00  0.00000000e+00]\n [-1.01459122e-03  6.65765657e-03 -6.13377123e-03 -5.30539819e-04\n  -2.36509958e-03 -7.78869721e-03]]", "nit": "8", "nfev": "1724", "status": "0", "success": "True", "message": "Optimization terminated successfully.", "x": "[5.05755589 3.46841998 1.15150015 4.66495599 6.29109743 1.92042063]"}, "4": {"maxiter": 500, "ftol": 1e-05, "xtol": 1e-05, "duration": 0.10133767127990723, "fun": "0.35355424880981445", "direc": "[[ 1.07176128e-01  3.87290721e-02  6.13760191e-03 -7.28435332e-02\n   3.07188408e-02 -2.85233611e-02]\n [ 0.00000000e+00  1.00000000e+00  0.00000000e+00  0.00000000e+00\n   0.00000000e+00  0.00000000e+00]\n [ 0.00000000e+00  0.00000000e+00  1.00000000e+00  0.00000000e+00\n   0.00000000e+00  0.00000000e+00]\n [ 0.00000000e+00  0.00000000e+00  0.00000000e+00  1.00000000e+00\n   0.00000000e+00  0.00000000e+00]\n [ 0.00000000e+00  0.00000000e+00  0.00000000e+00  0.00000000e+00\n   1.00000000e+00  0.00000000e+00]\n [-9.14291275e-04  6.48907071e-03 -6.31729554e-03 -4.32151463e-04\n  -2.43957693e-03 -7.80606539e-03]]", "nit": "6", "nfev": "562", "status": "0", "success": "True", "message": "Optimization terminated successfully.", "x": "[5.05802449 3.46877827 1.15143509 4.66463058 6.29129941 1.92038231]"}, "5": {"maxiter": 500, "ftol": 1e-05, "xtol": 1e-10, "duration": 0.2215409278869629, "fun": "0.35355424880981445", "direc": "[[ 1.06856696e-01  3.86132791e-02  6.27228420e-03 -7.21181595e-02\n   3.05608771e-02 -2.85850526e-02]\n [ 0.00000000e+00  1.00000000e+00  0.00000000e+00  0.00000000e+00\n   0.00000000e+00  0.00000000e+00]\n [ 0.00000000e+00  0.00000000e+00  1.00000000e+00  0.00000000e+00\n   0.00000000e+00  0.00000000e+00]\n [ 0.00000000e+00  0.00000000e+00  0.00000000e+00  1.00000000e+00\n   0.00000000e+00  0.00000000e+00]\n [ 0.00000000e+00  0.00000000e+00  0.00000000e+00  0.00000000e+00\n   1.00000000e+00  0.00000000e+00]\n [-1.01459122e-03  6.65765657e-03 -6.13377123e-03 -5.30539819e-04\n  -2.36509958e-03 -7.78869721e-03]]", "nit": "6", "nfev": "1235", "status": "0", "success": "True", "message": "Optimization terminated successfully.", "x": "[5.05796947 3.4688374  1.15126564 4.66471894 6.29121572 1.92030999]"}, "6": {"maxiter": 500, "ftol": 1e-10, "xtol": 1e-05, "duration": 0.1720569133758545, "fun": "0.35355421900749207", "direc": "[[ 1.07176128e-01  3.87290721e-02  6.13760191e-03 -7.28435332e-02\n   3.071