{"conf_id": 27, "data_type": "random\n", "num_data_points": 2, "s_rank": 0, "unitary": "[[0.18663085-0.53122324j,-0.11886349-0.70040876j,0.28555095-0.02789305j,-0.12262021-0.2844587j],[-0.16702216+0.27758472j,0.27526351-0.29738586j,-0.01109314+0.22495461j,-0.77239203+0.28900673j],[0.61935415+0.12301792j,-0.31269928-0.03315917j,-0.61902762-0.19039079j,-0.27120731-0.0968989j],[0.42341754+0.0023929j,-0.05847358+0.47832119j,0.64900495-0.16218422j,-0.37182676-0.05229966j]]", "databatch_0": {"databatch": "[[[-0.14751101+0.31518062j,0.23352057+0.11458496j,0.083699-0.13210461j,0.16055915+0.03946511j],[0.42759485-0.02785533j,0.28976089-0.12238087j,-0.09966946-0.01394769j,0.08984132-0.09018693j],[-0.16072544-0.00140371j,0.20327963-0.24497691j,0.06278103-0.09676845j,0.12708552-0.0967354j],[-0.30736468+0.34880207j,-0.18938718+0.13536419j,0.04869902-0.09499858j,-0.02364888+0.04788871j]],[[-0.15060703-0.01071047j,0.03406803+0.04751744j,0.20783286+0.11118879j,-0.14118752+0.0623772j],[-0.10496045-0.21119312j,-0.32704398+0.09795241j,0.07305603+0.15659758j,-0.29405372+0.04659827j],[0.17430483+0.10710562j,0.06862031+0.03497627j,-0.28026809-0.23317308j,0.30931205+0.00524916j],[0.28114093-0.04532269j,-0.10535431-0.31342937j,-0.2517134-0.07371698j,0.07306498-0.25051927j]]]", "nelder_mead": {"0": {"maxiter": 100, "fatol": 1e-05, "xatol": 1e-05, "duration": 0.0293729305267334, "fun": "0.21206295490264893", "nit": "100", "nfev": "158", "status": "2", "success": "False", "message": "Maximum number of iterations has been exceeded.", "x": "[0.29214238 0.51963124 3.43518913 3.64643623 3.7206479  0.1723558 ]", "final_simplex": "(array([[0.29214238, 0.51963124, 3.43518913, 3.64643623, 3.7206479 ,\n        0.1723558 ],\n       [0.29254477, 0.4729118 , 3.46454494, 3.63026577, 3.72409608,\n        0.17129892],\n       [0.29270358, 0.48863798, 3.44501026, 3.64697856, 3.7148951 ,\n        0.17074534],\n       [0.29252097, 0.50620824, 3.43273149, 3.63975235, 3.73482864,\n        0.17128666],\n       [0.29154336, 0.49543335, 3.44383436, 3.6551305 , 3.71148113,\n        0.16827408],\n       [0.29383184, 0.54270635, 3.4093933 , 3.64080028, 3.71897691,\n        0.17294534],\n       [0.29227473, 0.5068255 , 3.44262475, 3.63295779, 3.73120655,\n        0.17441831]]), array([0.21206295, 0.21207015, 0.21208049, 0.21208677, 0.21208896,\n       0.21211272, 0.21213186]))"}, "1": {"maxiter": 100, "fatol": 1e-05, "xatol": 1e-10, "duration": 0.028853893280029297, "fun": "0.21206295490264893", "nit": "100", "nfev": "158", "status": "2", "success": "False", "message": "Maximum number of iterations has been exceeded.", "x": "[0.29214238 0.51963124 3.43518913 3.64643623 3.7206479  0.1723558 ]", "final_simplex": "(array([[0.29214238, 0.51963124, 3.43518913, 3.64643623, 3.7206479 ,\n        0.1723558 ],\n       [0.29254477, 0.4729118 , 3.46454494, 3.63026577, 3.72409608,\n        0.17129892],\n       [0.29270358, 0.48863798, 3.44501026, 3.64697856, 3.7148951 ,\n        0.17074534],\n       [0.29252097, 0.50620824, 3.43273149, 3.63975235, 3.73482864,\n        0.17128666],\n       [0.29154336, 0.49543335, 3.44383436, 3.6551305 , 3.71148113,\n        0.16827408],\n       [0.29383184, 0.54270635, 3.4093933 , 3.64080028, 3.71897691,\n        0.17294534],\n       [0.29227473, 0.5068255 , 3.44262475, 3.63295779, 3.73120655,\n        0.17441831]]), array([0.21206295, 0.21207015, 0.21208049, 0.21208677, 0.21208896,\n       0.21211272, 0.21213186]))"}, "2": {"maxiter": 100, "fatol": 1e-10, "xatol": 1e-05, "duration": 0.02878117561340332, "fun": "0.21206295490264893", "nit": "100", "nfev": "158", "status": "2", "success": "False", "message": "Maximum number of iterations has been exceeded.", "x": "[0.29214238 0.51963124 3.43518913 3.64643623 3.7206479  0.1723558 ]", "final_simplex": "(array([[0.29214238, 0.51963124, 3.43518913, 3.64643623, 3.7206479 ,\n        0.1723558 ],\n       [0.29254477, 0.4729118 , 3.46454494, 3.63026577, 3.72409608,\n        0.17129892],\n       [0.29270358, 0.48863798, 3.44501026, 3.64697856, 3.7148951 ,\n        0.17074534],\n       [0.29252097, 0.50620824, 3.43273149, 3.63975235, 3.73482864,\n        0.17128666],\n       [0.29154336, 0.49543335, 3.44383436, 3.6551305 , 3.71148113,\n        0.16827408],\n       [0.29383184, 0.54270635, 3.4093933 , 3.64080028, 3.71897691,\n        0.17294534],\n       [0.29227473, 0.5068255 , 3.44262475, 3.63295779, 3.73120655,\n        0.17441831]]), array([0.21206295, 0.21207015, 0.21208049, 0.21208677, 0.21208896,\n       0.21211272, 0.21213186]))"}, "3": {"maxiter": 100, "fatol": 1e-10, "xatol": 1e-10, "duration": 0.02883005142211914, "fun": "0.21206295490264893", "nit": "100", "nfev": "158", "status": "2", "success": "False", "message": "Maximum number of iterations has been exceeded.", "x": "[0.29214238 0.51963124 3.43518913 3.64643623 3.7206479  0.1723558 ]", "final_simplex": "(array([[0.29214238, 0.51963124, 3.43518913, 3.64643623, 3.7206479 ,\n        0.1723558 ],\n       [0.29254477, 0.4729118 , 3.46454494, 3.63026577, 3.72409608,\n        0.17129892],\n       [0.29270358, 0.48863798, 3.44501026, 3.64697856, 3.7148951 ,\n        0.17074534],\n       [0.29252097, 0.50620824, 3.43273149, 3.63975235, 3.73482864,\n        0.17128666],\n       [0.29154336, 0.49543335, 3.44383436, 3.6551305 , 3.71148113,\n        0.16827408],\n       [0.29383184, 0.54270635, 3.4093933 , 3.64080028, 3.71897691,\n        0.17294534],\n       [0.29227473, 0.5068255 , 3.44262475, 3.63295779, 3.73120655,\n        0.17441831]]), array([0.21206295, 0.21207015, 0.21208049, 0.21208677, 0.21208896,\n       0.21211272, 0.21213186]))"}, "4": {"maxiter": 500, "fatol": 1e-05, "xatol": 1e-05, "duration": 0.136246919631958, "fun": "0.16061866283416748", "nit": "500", "nfev": "764", "status": "2", "success": "False", "message": "Maximum number of iterations has been exceeded.", "x": "[ 1.04714056  0.96007734  3.1145524   2.83428389  0.17390131 -3.90776472]", "final_simplex": "(array([[ 1.04714056,  0.96007734,  3.1145524 ,  2.83428389,  0.17390131,\n        -3.90776472],\n       [ 1.04743737,  0.95923415,  3.11470005,  2.84021939,  0.18540008,\n        -3.8977539 ],\n       [ 1.04471953,  0.95768722,  3.11124254,  2.83514422,  0.19178421,\n        -3.89234243],\n       [ 1.04241116,  0.95224252,  3.11233757,  2.83485802,  0.17377341,\n        -3.90556591],\n       [ 1.04661833,  0.96271167,  3.11095429,  2.83776021,  0.18502594,\n        -3.90047693],\n       [ 1.04677996,  0.95744988,  3.11242058,  2.83443633,  0.17733893,\n        -3.90021022],\n       [ 1.05504222,  0.95771972,  3.11208054,  2.83502111,  0.17086219,\n        -3.91845413]]), array([0.16061866, 0.16062285, 0.16062389, 0.16062924, 0.16063231,\n       0.16063286, 0.16063403]))"}, "5": {"maxiter": 500, "fatol": 1e-05, "xatol": 1e-10, "duration": 0.13493895530700684, "fun": "0.16061866283416748", "nit": "500", "nfev": "764", "status": "2", "success": "False", "message": "Maximum number of iterations has been exceeded.", "x": "[ 1.04714056  0.96007734  3.1145524   2.83428389  0.17390131 -3.90776472]", "final_simplex": "(array([[ 1.04714056,  0.96007734,  3.1145524 ,  2.83428389,  0.17390131,\n        -3.90776472],\n       [ 1.04743737,  0.95923415,  3.11470005,  2.84021939,  0.18540008,\n        -3.8977539 ],\n       [ 1.04471953,  0.95768722,  3.11124254,  2.83514422,  0.19178421,\n        -3.89234243],\n       [ 1.04241116,  0.95224252,  3.11233757,  2.83485802,  0.17377341,\n        -3.90556591],\n       [ 1.04661833,  0.96271167,  3.11095429,  2.83776021,  0.18502594,\n        -3.90047693],\n       [ 1.04677996,  0.95744988,  3.11242058,  2.83443633,  0.17733893,\n        -3.90021022],\n       [ 1.05504222,  0.95771972,  3.11208054,  2.83502111,  0.17086219,\n        -3.91845413]]), array([0.16061866, 0.16062285, 0.16062389, 0.16062924, 0.16063231,\n       0.16063286, 0.16063403]))"}, "6": {"maxiter": 500, "fatol": 1e-10, "xatol": 1e-05, "duration": 0.1374373435974121, "fun": "0.16061866283416748", "nit": "500", "nfev": "764", "status": "2", "success": "False", "message": "Maximum number of iterations has been exceeded.", "x": "[ 1.04714056  0.96007734  3.1145524   2.83428389  0.17390131 -3.90776472]", "final_simplex": "(array([[ 1.04714056,  0.96007734,  3.1145524 ,  2.83428389,  0.17390131,\n        -3.90776472],\n       [ 1.04743737,  0.95923415,  3.11470005,  2.84021939,  0.18540008,\n        -3.8977539 ],\n       [ 1.04471953,  0.95768722,  3.11124254,  2.83514422,  0.19178421,\n        -3.89234243],\n       [ 1.04241116,  0.95224252,  3.11233757,  2.83485802,  0.17377341,\n        -3.90556591],\n       [ 1.04661833,  0.96271167,  3.11095429,  2.83776021,  0.18502594,\n        -3.90047693],\n       [ 1.04677996,  0.95744988,  3.11242058,  2.83443633,  0.17733893,\n        -3.90021022],\n       [ 1.05504222,  0.95771972,  3.11208054,  2.83502111,  0.17086219,\n        -3.91845413]]), array([0.16061866, 0.16062285, 0.16062389, 0.16062924, 0.16063231,\n       0.16063286, 0.16063403]))"}, "7": {"maxiter": 500, "fatol": 1e-10, "xatol": 1e-10, "duration": 0.14113593101501465, "fun": "0.16061866283416748", "nit": "500", "nfev": "764", "status": "2", "success": "False", "message": "Maximum number of iterations has been exceeded.", "x": "[ 1.04714056  0.96007734  3.1145524   2.83428389  0.17390131 -3.90776472]", "final_simplex": "(array([[ 1.04714056,  0.96007734,  3.1145524 ,  2.83428389,  0.17390131,\n        -3.90776472],\n       [ 1.04743737,  0.95923415,  3.11470005,  2.84021939,  0.18540008,\n        -3.8977539 ],\n       [ 1.04471953,  0.95768722,  3.11124254,  2.83514422,  0.19178421,\n        -3.89234243],\n       [ 1.04241116,  0.95224252,  3.11233757,  2.83485802,  0.17377341,\n        -3.90556591],\n       [ 1.04661833,  0.96271167,  3.11095429,  2.83776021,  0.18502594,\n        -3.90047693],\n       [ 1.04677996,  0.95744988,  3.11242058,  2.83443633,  0.17733893,\n        -3.90021022],\n       [ 1.05504222,  0.95771972,  3.11208054,  2.83502111,  0.17086219,\n        -3.91845413]]), array([0.16061866, 0.16062285, 0.16062389, 0.16062924, 0.16063231,\n       0.16063286, 0.16063403]))"}, "8": {"maxiter": 1000, "fatol": 1e-05, "xatol": 1e-05, "duration": 0.17578792572021484, "fun": "0.16057303547859192", "nit": "598", "nfev": "958", "status": "0", "success": "True", "message": "Optimization terminated successfully.", "x": "[ 1.03385671  0.94170837  3.13182895  2.83019196  0.19639576 -3.87788206]", "final_simplex": "(array([[ 1.03385671,  0.94170837,  3.13182895,  2.83019196,  0.19639576,\n        -3.87788206],\n       [ 1.03385657,  0.94170877,  3.13182714,  2.83019227,  0.19639424,\n        -3.87788407],\n       [ 1.0338575 ,  0.9417105 ,  3.13182545,  2.83019276,  0.19639409,\n        -3.87788621],\n       [ 1.0338571 ,  0.94170831,  3.1318265 ,  2.83019138,  0.19639541,\n        -3.87788354],\n       [ 1.03385723,  0.94170939,  3.13182672,  2.83019292,  0.19639315,\n        -3.87788716],\n       [ 1.03385758,  0.9417092 ,  3.13182651,  2.83019291,  0.19639584,\n        -3.87788444],\n       [ 1.03385867,  0.94170993,  3.13182621,  2.83019309,  0.19639217,\n        -3.87788837]]), array([0.16057304, 0.16057304, 0.16057304, 0.16057304, 0.16057304,\n       0.16057304, 0.16057304]))"}, "9": {"maxiter": 1000, "fatol": 1e-05, "xatol": 1e-10, "duration": 0.2053980827331543, "fun": "0.16057303547859192", "nit": "614", "nfev": "1086", "status": "0", "success": "True", "message": "Optimization terminated successfully.", "x": "[ 1.03385671  0.94170837  3.13182895  2.83019196  0.19639576 -3.87788206]", "final_simplex": "(array([[ 1.03385671,  0.94170837,  3.13182895,  2.83019196,  0.19639576,\n        -3.87788206],\n       [ 1.03385671,  0.94170837,  3.13182895,  2.83019196,  0.19639576,\n        -3.87788206],\n       [ 1.03385671,  0.94170837,  3.13182895,  2.83019196,  0.19639576,\n        -3.87788206],\n       [ 1.03385671,  0.94170837,  3.13182895,  2.83019196,  0.19639576,\n        -3.87788206],\n       [ 1.03385671,  0.94170837,  3.13182895,  2.83019196,  0.19639576,\n        -3.87788206],\n       [ 1.03385671,  0.94170837,  3.13182895,  2.83019196,  0.19639576,\n        -3.87788206],\n       [ 1.03385671,  0.94170837,  3.13182895,  2.83019196,  0.19639576,\n        -3.87788206]]), array([0.16057304, 0.16057304, 0.16057304, 0.16057304, 0.16057304,\n       0.16057304, 0.16057304]))"}, "10": {"maxiter": 1000, "fatol": 1e-10, "xatol": 1e-05, "duration": 0.18065094947814941, "fun": "0.16057303547859192", "nit": "598", "nfev": "958", "status": "0", "success": "True", "message": "Optimization terminated successfully.", "x": "[ 1.03385671  0.94170837  3.13182895  2.83019196  0.19639576 -3.87788206]", "final_simplex": "(array([[ 1.03385671,  0.94170837,  3.13182895,  2.83019196,  0.19639576,\n        -3.87788206],\n       [ 1.03385657,  0.94170877,  3.13182714,  2.83019227,  0.19639424,\n        -3.87788407],\n       [ 1.0338575 ,  0.9417105 ,  3.13182545,  2.83019276,  0.19639409,\n        -3.87788621],\n       [ 1.0338571 ,  0.94170831,  3.1318265 ,  2.83019138,  0.19639541,\n        -3.87788354],\n       [ 1.03385723,  0.94170939,  3.13182672,  2.83019292,  0.19639315,\n        -3.87788716],\n       [ 1.03385758,  0.9417092 ,  3.13182651,  2.83019291,  0.19639584,\n        -3.87788444],\n       [ 1.03385867,  0.94170993,  3.13182621,  2.83019309,  0.19639217,\n        -3.87788837]]), array([0.16057304, 0.16057304, 0.16057304, 0.16057304, 0.16057304,\n       0.16057304, 0.16057304]))"}, "11": {"maxiter": 1000, "fatol": 1e-10, "xatol": 1e-10, "duration": 0.1955709457397461, "fun": "0.16057303547859192", "nit": "614", "nfev": "1086", "status": "0", "success": "True", "message": "Optimization terminated successfully.", "x": "[ 1.03385671  0.94170837  3.13182895  2.83019196  0.19639576 -3.87788206]", "final_simplex": "(array([[ 1.03385671,  0.94170837,  3.13182895,  2.83019196,  0.19639576,\n        -3.87788206],\n       [ 1.03385671,  0.94170837,  3.13182895,  2.83019196,  0.19639576,\n        -3.87788206],\n       [ 1.03385671,  0.94170837,  3.13182895,  2.83019196,  0.19639576,\n        -3.87788206],\n       [ 1.03385671,  0.94170837,  3.13182895,  2.83019196,  0.19639576,\n        -3.87788206],\n       [ 1.03385671,  0.94170837,  3.13182895,  2.83019196,  0.19639576,\n        -3.87788206],\n       [ 1.03385671,  0.94170837,  3.13182895,  2.83019196,  0.19639576,\n        -3.87788206],\n       [ 1.03385671,  0.94170837,  3.13182895,  2.83019196,  0.19639576,\n        -3.87788206]]), array([0.16057304, 0.16057304, 0.16057304, 0.16057304, 0.16057304,\n       0.16057304, 0.16057304]))"}}, "bfgs": {"0": {"maxiter": 100, "gtol": 1e-05, "xrtol": 1e-05, "eps": 1e-05, "duration": 0.03964972496032715, "fun": "0.16057486832141876", "jac": "[0. 0. 0. 0. 0. 0.]", "hess_inv": "[[ 4.71163653  1.36523492 -1.38202999 -0.80999215 -2.1114102  -3.24408402]\n [ 1.36523492  3.52668722 -2.65123004 -0.86619115 -0.11704554 -1.61531092]\n [-1.38202999 -2.65123004  3.7472686  -0.44745765  1.12298907  1.8413628 ]\n [-0.80999215 -0.86619115 -0.44745765  1.7142706  -0.81036749  0.24323968]\n [-2.1114102  -0.11704554  1.12298907 -0.81036749  3.82204959  2.93371333]\n [-3.24408402 -1.61531092  1.8413628   0.24323968  2.93371333  4.67503043]]", "nfev": "210", "njev": "30", "status": "0", "success": "True", "message": "Optimization terminated successfully.", "x": "[ 1.03268605  7.22372865  3.13095925  3.4517819   3.34513968 -0.72878012]", "nit": "24"}, "1": {"maxiter": 100, "gtol": 1e-05, "xrtol": 1e-05, "eps": 1e-10, "duration": 0.0013360977172851562, "fun": "0.7998196482658386", "jac": "[0. 0. 0. 0. 0. 0.]", "hess_inv": "[[1 0 0 0 0 0]\n [0 1 0 0 0 0]\n [0 0 1 0 0 0]\n [0 0 0 1 0 0]\n [0 0 0 0 1 0]\n [0 0 0 0 0 1]]", "nfev": "7", "njev": "1", "status": "0", "success": "True", "message": "Optimization terminated successfully.", "x": "[0.16085563 5.02579222 3.69834743 1.74843702 3.16859246 0.73408454]", "nit": "0"}, "2": {"maxiter": 100, "gtol": 1e-05, "xrtol": 1e-10, "eps": 1e-05, "duration": 0.039363861083984375, "fun": "0.16057486832141876", "jac": "[0. 0. 0. 0. 0. 0.]", "hess_inv": "[[ 4.71163653  1.36523492 -1.38202999 -0.80999215 -2.1114102  -3.24408402]\n [ 1.36523492  3.52668722 -2.65123004 -0.86619115 -0.11704554 -1.61531092]\n [-1.38202999 -2.65123004  3.7472686  -0.44745765  1.12298907  1.8413628 ]\n [-0.80999215 -0.86619115 -0.44745765  1.7142706  -0.81036749  0.24323968]\n [-2.1114102  -0.11704554  1.12298907 -0.81036749  3.82204959  2.93371333]\n [-3.24408402 -1.61531092  1.8413628   0.24323968  2.93371333  4.67503043]]", "nfev": "210", "njev": "30", "status": "0", "success": "True", "message": "Optimization terminated successfully.", "x": "[ 1.03268605  7.22372865  3.13095925  3.4517819   3.34513968 -0.72878012]", "nit": "24"}, "3": {"maxiter": 100, "gtol": 1e-05, "xrtol": 1e-10, "eps": 1e-10, "duration": 0.001344919204711914, "fun": "0.7998196482658386", "jac": "[0. 0. 0. 0. 0. 0.]", "hess_inv": "[[1 0 0 0 0 0]\n [0 1 0 0 0 0]\n [0 0 1 0 0 0]\n [0 0 0 1 0 0]\n [0 0 0 0 1 0]\n [0 0 0 0 0 1]]", "nfev": "7", "njev": "1", "status": "0", "success": "True", "message": "Optimization terminated successfully.", "x": "[0.16085563 5.02579222 3.69834743 1.74843702 3.16859246 0.73408454]", "nit": "0"}, "4": {"maxiter": 100, "gtol": 1e-10, "xrtol": 1e-05, "eps": 1e-05, "duration": 0.039572954177856445, "fun": "0.16057486832141876", "jac": "[0. 0. 0. 0. 0. 0.]", "hess_inv": "[[ 4.71163653  1.36523492 -1.38202999 -0.80999215 -2.1114102  -3.24408402]\n [ 1.36523492  3.52668722 -2.65123004 -0.86619115 -0.11704554 -1.61531092]\n [-1.38202999 -2.65123004  3.7472686  -0.44745765  1.12298907  1.8413628 ]\n [-0.80999215 -0.86619115 -0.44745765  1.7142706  -0.81036749  0.24323968]\n [-2.1114102  -0.11704554  1.12298907 -0.81036749  3.82204959  2.93371333]\n [-3.24408402 -1.61531092  1.8413628   0.24323968  2.93371333  4.67503043]]", "nfev": "210", "njev": "30", "status": "0", "success": "True", "message": "Optimization terminated successfully.", "x": "[ 1.03268605  7.22372865  3.13095925  3.4517819   3.34513968 -0.72878012]", "nit": "24"}, "5": {"maxiter": 100, "gtol": 1e-10, "xrtol": 1e-05, "eps": 1e-10, "duration": 0.0013322830200195312, "fun": "0.7998196482658386", "jac": "[0. 0. 0. 0. 0. 0.]", "hess_inv": "[[1 0 0 0 0 0]\n [0 1 0 0 0 0]\n [0 0 1 0 0 0]\n [0 0 0 1 0 0]\n [0 0 0 0 1 0]\n [0 0 0 0 0 1]]", "nfev": "7", "njev": "1", "status": "0", "success": "True", "message": "Optimization terminated successfully.", "x": "[0.16085563 5.02579222 3.69834743 1.74843702 3.16859246 0.73408454]", "nit": "0"}, "6": {"maxiter": 100, "gtol": 1e-10, "xrtol": 1e-10, "eps": 1e-05, "duration": 0.03976106643676758, "fun": "0.16057486832141876", "jac": "[0. 0. 0. 0. 0. 0.]", "hess_inv": "[[ 4.71163653  1.36523492 -1.38202999 -0.80999215 -2.1114102  -3.24408402]\n [ 1.36523492  3.52668722 -2.65123004 -0.86619115 -0.11704554 -1.61531092]\n [-1.38202999 -2.65123004  3.7472686  -0.44745765  1.12298907  1.8413628 ]\n [-0.80999215 -0.86619115 -0.44745765  1.7142706  -0.81036749  0.24323968]\n [-2.1114102  -0.11704554  1.12298907 -0.81036749  3.82204959  2.93371333]\n [-3.24408402 -1.61531092  1.8413628   0.24323968  2.93371333  4.67503043]]", "nfev": "210", "njev": "30", "status": "0", "success": "True", "message": "Optimization terminated successfully.", "x": "[ 1.03268605  7.22372865  3.13095925  3.4517819   3.34513968 -0.72878012]", "nit": "24"}, "7": {"maxiter": 100, "gtol": 1e-10, "xrtol": 1e-10, "eps": 1e-10, "duration": 0.0012977123260498047, "fun": "0.7998196482658386", "jac": "[0. 0. 0. 0. 0. 0.]", "hess_inv": "[[1 0 0 0 0 0]\n [0 1 0 0 0 0]\n [0 0 1 0 0 0]\n [0 0 0 1 0 0]\n [0 0 0 0 1 0]\n [0 0 0 0 0 1]]", "nfev": "7", "njev": "1", "status": "0", "success": "True", "message": "Optimization terminated successfully.", "x": "[0.16085563 5.02579222 3.69834743 1.74843702 3.16859246 0.73408454]", "nit": "0"}, "8": {"maxiter": 500, "gtol": 1e-05, "xrtol": 1e-05, "eps": 1e-05, "duration": 0.037808895111083984, "fun": "0.16057486832141876", "jac": "[0. 0. 0. 0. 0. 0.]", "hess_inv": "[[ 4.71163653  1.36523492 -1.38202999 -0.80999215 -2.1114102  -3.24408402]\n [ 1.36523492  3.52668722 -2.65123004 -0.86619115 -0.11704554 -1.61531092]\n [-1.38202999 -2.65123004  3.7472686  -0.44745765  1.12298907  1.8413628 ]\n [-0.80999215 -0.86619115 -0.44745765  1.7142706  -0.81036749  0.24323968]\n [-2.1114102  -0.11704554  1.12298907 -0.81036749  3.82204959  2.93371333]\n [-3.24408402 -1.61531092  1.8413628   0.24323968  2.93371333  4.67503043]]", "nfev": "210", "njev": "30", "status": "0", "success": "True", "message": "Optimization terminated successfully.", "x": "[ 1.03268605  7.22372865  3.13095925  3.4517819   3.34513968 -0.72878012]", "nit": "24"}, "9": {"maxiter": 500, "gtol": 1e-05, "xrtol": 1e-05, "eps": 1e-10, "duration": 0.0012819766998291016, "fun": "0.7998196482658386", "jac": "[0. 0. 0. 0. 0. 0.]", "hess_inv": "[[1 0 0 0 0 0]\n [0 1 0 0 0 0]\n [0 0 1 0 0 0]\n [0 0 0 1 0 0]\n [0 0 0 0 1 0]\n [0 0 0 0 0 1]]", "nfev": "7", "njev": "1", "status": "0", "success": "True", "message": "Optimization terminated successfully.", "x": "[0.16085563 5.02579222 3.69834743 1.74843702 3.16859246 0.73408454]", "nit": "0"}, "10": {"maxiter": 500, "gtol": 1e-05, "xrtol": 1e-10, "eps": 1e-05, "duration": 0.03757476806640625, "fun": "0.16057486832141876", "jac": "[0. 0. 0. 0. 0. 0.]", "hess_inv": "[[ 4.71163653  1.36523492 -1.38202999 -0.80999215 -2.1114102  -3.24408402]\n [ 1.36523492  3.52668722 -2.65123004 -0.86619115 -0.11704554 -1.61531092]\n [-1.38202999 -2.65123004  3.7472686  -0.44745765  1.12298907  1.8413628 ]\n [-0.80999215 -0.86619115 -0.44745765  1.7142706  -0.81036749  0.24323968]\n [-2.1114102  -0.11704554  1.12298907 -0.81036749  3.82204959  2.93371333]\n [-3.24408402 -1.61531092  1.8413628   0.24323968  2.93371333  4.67503043]]", "nfev": "210", "njev": "30", "status": "0", "success": "True", "message": "Optimization terminated successfully.", "x": "[ 1.03268605  7.22372865  3.13095925  3.4517819   3.34513968 -0.72878012]", "nit": "24"}, "11": {"maxiter": 500, "gtol": 1e-05, "xrtol": 1e-10, "eps": 1e-10, "duration": 0.0012710094451904297, "fun": "0.7998196482658386", "jac": "[0. 0. 0. 0. 0. 0.]", "hess_inv": "[[1 0 0 0 0 0]\n [0 1 0 0 0 0]\n [0 0 1 0 0 0]\n [0 0 0 1 0 0]\n [0 0 0 0 1 0]\n [0 0 0 0 0 1]]", "nfev": "7", "njev": "1", "status": "0", "success": "True", "message": "Optimization terminated successfully.", "x": "[0.16085563 5.02579222 3.69834743 1.74843702 3.16859246 0.73408454]", "nit": "0"}, "12": {"maxiter": 500, "gtol": 1e-10, "xrtol": 1e-05, "eps": 1e-05, "duration": 0.03771495819091797, "fun": "0.16057486832141876", "jac": "[0. 0. 0. 0. 0. 0.]", "hess_inv": "[[ 4.71163653  1.36523492 -1.38202999 -0.80999215 -2.1114102  -3.24408402]\n [ 1.36523492  3.52668722 -2.65123004 -0.86619115 -0.11704554 -1.61531092]\n [-1.38202999 -2.65123004  3.7472686  -0.44745765  1.12298907  1.8413628 ]\n [-0.80999215 -0.86619115 -0.44745765  1.7142706  -0.81036749  0.24323968]\n [-2.1114102  -0.11704554  1.12298907 -0.81036749  3.82204959  2.93371333]\n [-3.24408402 -1.61531092  1.8413628   0.24323968  2.93371333  4.67503043]]", "nfev": "210", "njev": "30", "status": "0", "success": "True", "message": "Optimization terminated successfully.", "x": "[ 1.03268605  7.22372865  3.13095925  3.4517819   3.34513968 -0.72878012]", "nit": "24"}, "13": {"maxiter": 500, "gtol": 1e-10, "xrtol": 1e-05, "eps": 1e-10, "duration": 0.0012819766998291016, "fun": "0.7998196482658386", "jac": "[0. 0. 0. 0. 0. 0.]", "hess_inv": "[[1 0 0 0 0 0]\n [0 1 0 0 0 0]\n [0 0 1 0 0 0]\n [0 0 0 1 0 0]\n [0 0 0 0 1 0]\n [0 0 0 0 0 1]]", "nfev": "7", "njev": "1", "status": "0", "success": "True", "message": "Optimization terminated successfully.", "x": "[0.16085563 5.02579222 3.69834743 1.74843702 3.16859246 0.73408454]", "nit": "0"}, "14": {"maxiter": 500, "gtol": 1e-10, "xrtol": 1e-10, "eps": 1e-05, "duration": 0.03775906562805176, "fun": "0.16057486832141876", "jac": "[0. 0. 0. 0. 0. 0.]", "hess_inv": "[[ 4.71163653  1.36523492 -1.38202999 -0.80999215 -2.1114102  -3.24408402]\n [ 1.36523492  3.52668722 -2.65123004 -0.86619115 -0.11704554 -1.61531092]\n [-1.38202999 -2.65123004  3.7472686  -0.44745765  1.12298907  1.8413628 ]\n [-0.80999215 -0.86619115 -0.44745765  1.7142706  -0.81036749  0.24323968]\n [-2.1114102  -0.11704554  1.12298907 -0.81036749  3.82204959  2.93371333]\n [-3.24408402 -1.61531092  1.8413628   0.24323968  2.93371333  4.67503043]]", "nfev": "210", "njev": "30", "status": "0", "success": "True", "message": "Optimization terminated successfully.", "x": "[ 1.03268605  7.22372865  3.13095925  3.4517819   3.34513968 -0.72878012]", "nit": "24"}, "15": {"maxiter": 500, "gtol": 1e-10, "xrtol": 1e-10, "eps": 1e-10, "duration": 0.0012829303741455078, "fun": "0.7998196482658386", "jac": "[0. 0. 0. 0. 0. 0.]", "hess_inv": "[[1 0 0 0 0 0]\n [0 1 0 0 0 0]\n [0 0 1 0 0 0]\n [0 0 0 1 0 0]\n [0 0 0 0 1 0]\n [0 0 0 0 0 1]]", "nfev": "7", "njev": "1", "status": "0", "success": "True", "message": "Optimization terminated successfully.", "x": "[0.16085563 5.02579222 3.69834743 1.74843702 3.16859246 0.73408454]", "nit": "0"}, "16": {"maxiter": 1000, "gtol": 1e-05, "xrtol": 1e-05, "eps": 1e-05, "duration": 0.03879213333129883, "fun": "0.16057486832141876", "jac": "[0. 0. 0. 0. 0. 0.]", "hess_inv": "[[ 4.71163653  1.36523492 -1.38202999 -0.80999215 -2.1114102  -3.24408402]\n [ 1.36523492  3.52668722 -2.65123004 -0.86619115 -0.11704554 -1.61531092]\n [-1.38202999 -2.65123004  3.7472686  -0.44745765  1.12298907  1.8413628 ]\n [-0.80999215 -0.86619115 -0.44745765  1.7142706  -0.81036749  0.24323968]\n [-2.1114102  -0.11704554  1.12298907 -0.81036749  3.82204959  2.93371333]\n [-3.24408402 -1.61531092  1.8413628   0.24323968  2.93371333  4.67503043]]", "nfev": "210", "njev": "30", "status": "0", "success": "True", "message": "Optimization terminated successfully.", "x": "[ 1.03268605  7.22372865  3.13095925  3.4517819   3.34513968 -0.72878012]", "nit": "24"}, "17": {"maxiter": 1000, "gtol": 1e-05, "xrtol": 1e-05, "eps": 1e-10, "duration": 0.001293182373046875, "fun": "0.7998196482658386", "jac": "[0. 0. 0. 0. 0. 0.]", "hess_inv": "[[1 0 0 0 0 0]\n [0 1 0 0 0 0]\n [0 0 1 0 0 0]\n [0 0 0 1 0 0]\n [0 0 0 0 1 0]\n [0 0 0 0 0 1]]", "nfev": "7", "njev": "1", "status": "0", "success": "True", "message": "Optimization terminated successfully.", "x": "[0.16085563 5.02579222 3.69834743 1.74843702 3.16859246 0.73408454]", "nit": "0"}, "18": {"maxiter": 1000, "gtol": 1e-05, "xrtol": 1e-10, "eps": 1e-05, "duration": 0.039916038513183594, "fun": "0.16057486832141876", "jac": "[0. 0. 0. 0. 0. 0.]", "hess_inv": "[[ 4.71163653  1.36523492 -1.38202999 -0.80999215 -2.1114102  -3.24408402]\n [ 1.36523492  3.52668722 -2.65123004 -0.86619115 -0.11704554 -1.61531092]\n [-1.38202999 -2.65123004  3.7472686  -0.44745765  1.12298907  1.8413628 ]\n [-0.80999215 -0.86619115 -0.44745765  1.7142706  -0.81036749  0.24323968]\n [-2.1114102  -0.11704554  1.12298907 -0.81036749  3.82204959  2.93371333]\n [-3.24408402 -1.61531092  1.8413628   0.24323968  2.93371333  4.67503043]]", "nfev": "210", "njev": "30", "status": "0", "success": "True", "message": "Optimization terminated successfully.", "x": "[ 1.03268605  7.22372865  3.13095925  3.4517819   3.34513968 -0.72878012]", "nit": "24"}, "19": {"maxiter": 1000, "gtol": 1e-05, "xrtol": 1e-10, "eps": 1e-10, "duration": 0.0013420581817626953, "fun": "0.7998196482658386", "jac": "[0. 0. 0. 0. 0. 0.]", "hess_inv": "[[1 0 0 0 0 0]\n [0 1 0 0 0 0]\n [0 0 1 0 0 0]\n [0 0 0 1 0 0]\n [0 0 0 0 1 0]\n [0 0 0 0 0 1]]", "nfev": "7", "njev": "1", "status": "0", "success": "True", "message": "Optimization terminated successfully.", "x": "[0.16085563 5.02579222 3.69834743 1.74843702 3.16859246 0.73408454]", "nit": "0"}, "20": {"maxiter": 1000, "gtol": 1e-10, "xrtol": 1e-05, "eps": 1e-05, "duration": 0.039808034896850586, "fun": "0.16057486832141876", "jac": "[0. 0. 0. 0. 0. 0.]", "hess_inv": "[[ 4.71163653  1.36523492 -1.38202999 -0.80999215 -2.1114102  -3.24408402]\n [ 1.36523492  3.52668722 -2.65123004 -0.86619115 -0.11704554 -1.61531092]\n [-1.38202999 -2.65123004  3.7472686  -0.44745765  1.12298907  1.8413628 ]\n [-0.80999215 -0.86619115 -0.44745765  1.7142706  -0.81036749  0.24323968]\n [-2.1114102  -0.11704554  1.12298907 -0.81036749  3.82204959  2.93371333]\n [-3.24408402 -1.61531092  1.8413628   0.24323968  2.93371333  4.67503043]]", "nfev": "210", "njev": "30", "status": "0", "success": "True", "message": "Optimization terminated successfully.", "x": "[ 1.03268605  7.22372865  3.13095925  3.4517819   3.34513968 -0.72878012]", "nit": "24"}, "21": {"maxiter": 1000, "gtol": 1e-10, "xrtol": 1e-05, "eps": 1e-10, "duration": 0.0013010501861572266, "fun": "0.7998196482658386", "jac": "[0. 0. 0. 0. 0. 0.]", "hess_inv": "[[1 0 0 0 0 0]\n [0 1 0 0 0 0]\n [0 0 1 0 0 0]\n [0 0 0 1 0 0]\n [0 0 0 0 1 0]\n [0 0 0 0 0 1]]", "nfev": "7", "njev": "1", "status": "0", "success": "True", "message": "Optimization terminated successfully.", "x": "[0.16085563 5.02579222 3.69834743 1.74843702 3.16859246 0.73408454]", "nit": "0"}, "22": {"maxiter": 1000, "gtol": 1e-10, "xrtol": 1e-10, "eps": 1e-05, "duration": 0.03749680519104004, "fun": "0.16057486832141876", "jac": "[0. 0. 0. 0. 0. 0.]", "hess_inv": "[[ 4.71163653  1.36523492 -1.38202999 -0.80999215 -2.1114102  -3.24408402]\n [ 1.36523492  3.52668722 -2.65123004 -0.86619115 -0.11704554 -1.61531092]\n [-1.38202999 -2.65123004  3.7472686  -0.44745765  1.12298907  1.8413628 ]\n [-0.80999215 -0.86619115 -0.44745765  1.7142706  -0.81036749  0.24323968]\n [-2.1114102  -0.11704554  1.12298907 -0.81036749  3.82204959  2.93371333]\n [-3.24408402 -1.61531092  1.8413628   0.24323968  2.93371333  4.67503043]]", "nfev": "210", "njev": "30", "status": "0", "success": "True", "message": "Optimization terminated successfully.", "x": "[ 1.03268605  7.22372865  3.13095925  3.4517819   3.34513968 -0.72878012]", "nit": "24"}, "23": {"maxiter": 1000, "gtol": 1e-10, "xrtol": 1e-10, "eps": 1e-10, "duration": 0.0012638568878173828, "fun": "0.7998196482658386", "jac": "[0. 0. 0. 0. 0. 0.]", "hess_inv": "[[1 0 0 0 0 0]\n [0 1 0 0 0 0]\n [0 0 1 0 0 0]\n [0 0 0 1 0 0]\n [0 0 0 0 1 0]\n [0 0 0 0 0 1]]", "nfev": "7", "njev": "1", "status": "0", "success": "True", "message": "Optimization terminated successfully.", "x": "[0.16085563 5.02579222 3.69834743 1.74843702 3.16859246 0.73408454]", "nit": "0"}}, "cobyla": {"0": {"maxiter": 100, "tol": 1e-05, "catol": 1e-05, "duration": 0.01711416244506836, "x": "[ 0.92201248  7.13067661  3.19787002  3.45266828  3.71890398 -0.25640479]", "status": "2", "success": "False", "message": "Maximum number of function evaluations has been exceeded.", "nfev": "100", "fun": "0.1639743447303772", "maxcv": "0.0"}, "1": {"maxiter": 100, "tol": 1e-05, "catol": 1e-10, "duration": 0.017058134078979492, "x": "[ 0.92201248  7.13067661  3.19787002  3.45266828  3.71890398 -0.25640479]", "status": "2", "success": "False", "message": "Maximum number of function evaluations has been exceeded.", "nfev": "100", "fun": "0.1639743447303772", "maxcv": "0.0"}, "2": {"maxiter": 100, "tol": 1e-10, "catol": 1e-05, "duration": 0.017050743103027344, "x": "[ 0.92201248  7.13067661  3.19787002  3.45266828  3.71890398 -0.25640479]", "status": "2", "success": "False", "message": "Maximum number of function evaluations has been exceeded.", "nfev": "100", "fun": "0.1639743447303772", "maxcv": "0.0"}, "3": {"maxiter": 100, "tol": 1e-10, "catol": 1e-10, "duration": 0.017319202423095703, "x": "[ 0.92201248  7.13067661  3.19787002  3.45266828  3.71890398 -0.25640479]", "status": "2", "success": "False", "message": "Maximum number of function evaluations has been exceeded.", "nfev": "100", "fun": "0.1639743447303772", "maxcv": "0.0"}, "4": {"maxiter": 500, "tol": 1e-05, "catol": 1e-05, "duration": 0.0852658748626709, "x": "[ 1.03212231  7.22412298  3.13230438  3.4535492   3.34757886 -0.72550839]", "status": "2", "success": "False", "message": "Maximum number of function evaluations has been exceeded.", "nfev": "500", "fun": "0.16057464480400085", "maxcv": "0.0"}, "5": {"maxiter": 500, "tol": 1e-05, "catol": 1e-10, "duration": 0.08783292770385742, "x": "[ 1.03212231  7.22412298  3.13230438  3.4535492   3.34757886 -0.72550839]", "status": "2", "success": "False", "message": "Maximum number of function evaluations has been exceeded.", "nfev": "500", "fun": "0.16057464480400085", "maxcv": "0.0"}, "6": {"maxiter": 500, "tol": 1e-10, "catol": 1e-05, "duration": 0.08678603172302246, "x": "[ 1.03212231  7.22412298  3.13230438  3.4535492   3.34757886 -0.72550839]", "status": "2", "success": "False", "message": "Maximum number of function evaluations has been exceeded.", "nfev": "500", "fun": "0.16057464480400085", "maxcv": "0.0"}, "7": {"maxiter": 500, "tol": 1e-10, "catol": 1e-10, "duration": 0.08791494369506836, "x": "[ 1.03212231  7.22412298  3.13230438  3.4535492   3.34757886 -0.72550839]", "status": "2", "success": "False", "message": "Maximum number of function evaluations has been exceeded.", "nfev": "500", "fun": "0.16057464480400085", "maxcv": "0.0"}, "8": {"maxiter": 1000, "tol": 1e-05, "catol": 1e-05, "duration": 0.0965571403503418, "x": "[ 1.0324234   7.22421278  3.13230934  3.45341391  3.34543351 -0.72817877]", "status": "1", "success": "True", "message": "Optimization terminated successfully.", "nfev": "561", "fun": "0.16057397425174713", "maxcv": "0.0"}, "9": {"maxiter": 1000, "tol": 1e-05, "catol": 1e-10, "duration": 0.0958089828491211, "x": "[ 1.0324234   7.22421278  3.13230934  3.45341391  3.34543351 -0.72817877]", "status": "1", "success": "True", "message": "Optimization terminated successfully.", "nfev": "561", "fun": "0.16057397425174713", "maxcv": "0.0"}, "10": {"maxiter": 1000, "tol": 1e-10, "catol": 1e-05, "duration": 0.10152888298034668, "x": "[ 1.0324234   7.22421278  3.13230934  3.45341391  3.34543351 -0.72817877]", "status": "1", "success": "True", "message": "Optimization terminated successfully.", "nfev": "594", "fun": "0.16057397425174713", "maxcv": "0.0"}, "11": {"maxiter": 1000, "tol": 1e-10, "catol": 1e-10, "duration": 0.10100698471069336, "x": "[ 1.0324234   7.22421278  3.13230934  3.45341391  3.34543351 -0.72817877]", "status": "1", "success": "True", "message": "Optimization terminated successfully.", "nfev": "594", "fun": "0.16057397425174713", "maxcv": "0.0"}}, "powell": {"0": {"maxiter": 100, "ftol": 1e-05, "xtol": 1e-05, "duration": 0.17859482765197754, "fun": "0.16057328879833221", "direc": "[[ 1.00000000e+00  0.00000000e+00  0.00000000e+00  0.00000000e+00\n   0.00000000e+00  0.00000000e+00]\n [ 1.05104280e-02 -1.97983271e-03  4.12704561e-03 -7.28747192e-04\n  -3.50050479e-02 -3.78060798e-02]\n [ 0.00000000e+00  0.00000000e+00  1.00000000e+00  0.00000000e+00\n   0.00000000e+00  0.00000000e+00]\n [ 0.00000000e+00  0.00000000e+00  0.00000000e+00  1.00000000e+00\n   0.00000000e+00  0.00000000e+00]\n [ 1.05277332e-01  6.26631256e-02 -2.90343992e-02 -8.45134804e-02\n   4.53294508e-02 -6.84802218e-02]\n [ 6.32265875e-04  1.96998497e-03 -3.66876613e-04 -4.63648127e-04\n  -6.17872252e-04  4.82766901e-04]]", "nit": "12", "nfev": "1041", "status": "0", "success": "True", "message": "Optimization terminated successfully.", "x": "[ 1.03375526  0.94097019  3.13234856  3.45284614  3.34044262 -0.73345041]"}, "1": {"maxiter": 100, "ftol": 1e-05, "xtol": 1e-10, "duration": 0.437999963760376, "fun": "0.1605730503797531", "direc": "[[ 1.00000000e+00  0.00000000e+00  0.00000000e+00  0.00000000e+00\n   0.00000000e+00  0.00000000e+00]\n [ 2.64897351e-03 -3.03376421e-03  5.92957140e-03  3.11253084e-04\n  -3.08869897e-02 -3.24710288e-02]\n [ 0.00000000e+00  0.00000000e+00  1.00000000e+00  0.00000000e+00\n   0.00000000e+00  0.00000000e+00]\n [ 0.00000000e+00  0.00000000e+00  0.00000000e+00  1.00000000e+00\n   0.00000000e+00  0.00000000e+00]\n [ 0.00000000e+00  0.00000000e+00  0.00000000e+00  0.00000000e+00\n   1.00000000e+00  0.00000000e+00]\n [ 6.33089168e-03  5.11047976e-03 -2.92857341e-03 -2.19598716e-03\n  -3.22421440e-03 -7.79050870e-03]]", "nit": "12", "nfev": "2538", "status": "0", "success": "True", "message": "Optimization terminated successfully.", "x": "[ 1.03397961  0.94150921  3.13180066  3.45295403  3.33799857 -0.73639164]"}, "2": {"maxiter": 100, "ftol": 1e-10, "xtol": 1e-05, "duration": 0.26976609230041504, "fun": "0.16057302057743073", "direc": "[[ 6.32265875e-04  1.96998497e-03 -3.66876613e-04 -4.63648127e-04\n  -6.17872252e-04  4.82766901e-04]\n [ 1.05104280e-02 -1.97983271e-03  4.12704561e-03 -7.28747192e-04\n  -3.50050479e-02 -3.78060798e-02]\n [ 0.00000000e+00  0.00000000e+00  1.00000000e+00  0.00000000e+00\n   0.00000000e+00  0.00000000e+00]\n [ 0.00000000e+00  0.00000000e+00  0.00000000e+00  1.00000000e+00\n   0.00000000e+00  0.00000000e+00]\n [ 1.05277332e-01  6.26631256e-02 -2.90343992e-02 -8.45134804e-02\n   4.53294508e-02 -6.84802218e-02]\n [ 1.93850335e-04  5.79876843e-04 -6.46791198e-04  1.20226083e-04\n  -1.67705595e-03 -2.08137842e-03]]", "nit": "15", "nfev": "1541", "status": "0", "success": "True", "message": "Optimization terminated successfully.", "x": "[ 1.03399282  0.94194404  3.13153589  3.45304137  3.3379994  -0.73651378]"}, "3": {"maxiter": 100, "ftol": 1e-10, "xtol": 1e-10, "duration": 0.5717310905456543, "fun": "0.16057302057743073", "direc": "[[ 1.00000000e+00  0.00000000e+00  0.00000000e+00  0.00000000e+00\n   0.00000000e+00  0.00000000e+00]\n [ 2.64897351e-03 -3.03376421e-03  5.92957140e-03  3.11253084e-04\n  -3.08869897e-02 -3.24710288e-02]\n [ 0.00000000e+00  0.00000000e+00  1.00000000e+00  0.00000000e+00\n   0.00000000e+00  0.00000000e+00]\n [ 0.00000000e+00  0.00000000e+00  0.00000000e+00  1.00000000e+00\n   0.00000000e+00  0.00000000e+00]\n [ 0.00000000e+00  0.00000000e+00  0.00000000e+00  0.00000000e+00\n   1.00000000e+00  0.00000000e+00]\n [ 1.08830900e-04  1.89384162e-04 -1.31309422e-04 -7.59844596e-05\n   5.88211383e-05 -8.70505993e-05]]", "nit": "15", "nfev": "3280", "status": "0", "success": "True", "message": "Optimization terminated successfully.", "x": "[ 1.03411156  0.94200667  3.13145368  3.45298644  3.33811893 -0.73660196]"}, "4": {"maxiter": 500, "ftol": 1e-05, "xtol": 1e-05, "duration": 0.18198704719543457, "fun": "0.16057328879833221", "direc": "[[ 1.00000000e+00  0.00000000e+00  0.00000000e+00  0.00000000e+00\n   0.00000000e+00  0.00000000e+00]\n [ 1.05104280e-02 -1.97983271e-03  4.12704561e-03 -7.28747192e-04\n  -3.50050479e-02 -3.78060798e-02]\n [ 0.00000000e+00  0.00000000e+00  1.00000000e+00  0.00000000e+00\n   0.00000000e+00  0.00000000e+00]\n [ 0.00000000e+00  0.00000000e+00  0.00000000e+00  1.00000000e+00\n   0.00000000e+00  0.00000000e+00]\n [ 1.05277332e-01  6.26631256e-02 -2.90343992e-02 -8.45134804e-02\n   4.53294508e-02 -6.84802218e-02]\n [ 6.32265875e-04  1.96998497e-03 -3.66876613e-04 -4.63648127e-04\n  -6.17872252e-04  4.82766901e-04]]", "nit": "12", "nfev": "1041", "status": "0", "success": "True", "message": "Optimization terminated successfully.", "x": "[ 1.03375526  0.94097019  3.13234856  3.45284614  3.34044262 -0.73345041]"}, "5": {"maxiter": 500, "ftol": 1e-05, "xtol": 1e-10, "duration": 0.44156527519226074, "fun": "0.1605730503797531", "direc": "[[ 1.00000000e+00  0.00000000e+00  0.00000000e+00  0.00000000e+00\n   0.00000000e+00  0.00000000e+00]\n [ 2.64897351e-03 -3.03376421e-03  5.92957140e-03  3.11253084e-04\n  -3.08869897e-02 -3.24710288e-02]\n [ 0.00000000e+00  0.00000000e+00  1.00000000e+00  0.00000000e+00\n   0.00000000e+00  0.00000000e+00]\n [ 0.00000000e+00  0.00000000e+00  0.00000000e+00  1.00000000e+00\n   0.00000000e+00  0.00000000e+00]\n [ 0.00000000e+00  0.00000000e+00  0.00000000e+00  0.00000000e+00\n   1.00000000e+00  0.00000000e+00]\n [ 6.33089168e-03  5.11047976e-03 -2.92857341e-03 -2.19598716e-03\n  -3.22421440e-03 -7.79050870e-03]]", "nit": "12", "nfev": "2538", "status": "0", "success": "True", "message": "Optimization terminated successfully.", "x": "[ 1.03397961  0.94150921  3.13180066  3.45