{"conf_id": 10, "data_type": "random\n", "num_data_points": 1, "s_rank": 0, "unitary": "[[-0.45070455-0.02711853j,0.78437395-0.06613086j,0.06358678+0.19963393j,-0.07343613+0.35668523j],[-0.01890143-0.03813363j,0.32408202+0.25557629j,0.05872864-0.68979805j,0.55466693-0.20227297j],[-0.11215405+0.64023111j,-0.13344055+0.29565494j,-0.49012687-0.19046288j,-0.04241254+0.44046348j],[0.55771659+0.24656916j,0.31851997-0.05798805j,0.28761525-0.34294258j,-0.56718418+0.03616933j]]", "databatch_0": {"databatch": "[[[0.34345258-0.02198274j,-0.01600601-0.11595602j,0.1757699-0.05421445j,-0.14499003-0.0579512j],[0.28326136-0.14195782j,-0.05575209-0.00444653j,0.02486993-0.17667767j,-0.2827828-0.17414898j],[0.21305464-0.10143806j,-0.0428902+0.03100895j,-0.01920475-0.15888767j,-0.26010708-0.20458496j],[-0.21874148-0.1560435j,-0.20343763+0.14959304j,-0.09907912-0.28949029j,0.25781317-0.27264741j]]]", "nelder_mead": {"0": {"maxiter": 100, "fatol": 1e-05, "xatol": 1e-05, "duration": 0.02718806266784668, "fun": "0.5266158580780029", "nit": "100", "nfev": "153", "status": "2", "success": "False", "message": "Maximum number of iterations has been exceeded.", "x": "[7.21637868 2.53434413 0.01956073 1.33677786 0.89148237 0.18284959]", "final_simplex": "(array([[ 7.21637868,  2.53434413,  0.01956073,  1.33677786,  0.89148237,\n         0.18284959],\n       [ 7.07287419,  2.52235566, -0.10221789,  1.2200775 ,  0.77962774,\n         0.19566092],\n       [ 7.01418468,  2.58913528, -0.04939707,  1.28390271,  0.89303244,\n         0.18392747],\n       [ 7.10540146,  2.54680787,  0.08440362,  1.23339516,  0.93661908,\n         0.24008296],\n       [ 7.03911047,  2.5323657 ,  0.02047205,  1.29685503,  0.91682106,\n         0.17676146],\n       [ 6.99184017,  2.6546874 , -0.01586001,  1.46433493,  0.9619572 ,\n         0.13829153],\n       [ 7.05559238,  2.42426115,  0.08457333,  1.42223032,  0.95010277,\n         0.27388923]]), array([0.52661586, 0.53045326, 0.53110135, 0.53144735, 0.53175873,\n       0.5319193 , 0.53306383]))"}, "1": {"maxiter": 100, "fatol": 1e-05, "xatol": 1e-10, "duration": 0.02707695960998535, "fun": "0.5266158580780029", "nit": "100", "nfev": "153", "status": "2", "success": "False", "message": "Maximum number of iterations has been exceeded.", "x": "[7.21637868 2.53434413 0.01956073 1.33677786 0.89148237 0.18284959]", "final_simplex": "(array([[ 7.21637868,  2.53434413,  0.01956073,  1.33677786,  0.89148237,\n         0.18284959],\n       [ 7.07287419,  2.52235566, -0.10221789,  1.2200775 ,  0.77962774,\n         0.19566092],\n       [ 7.01418468,  2.58913528, -0.04939707,  1.28390271,  0.89303244,\n         0.18392747],\n       [ 7.10540146,  2.54680787,  0.08440362,  1.23339516,  0.93661908,\n         0.24008296],\n       [ 7.03911047,  2.5323657 ,  0.02047205,  1.29685503,  0.91682106,\n         0.17676146],\n       [ 6.99184017,  2.6546874 , -0.01586001,  1.46433493,  0.9619572 ,\n         0.13829153],\n       [ 7.05559238,  2.42426115,  0.08457333,  1.42223032,  0.95010277,\n         0.27388923]]), array([0.52661586, 0.53045326, 0.53110135, 0.53144735, 0.53175873,\n       0.5319193 , 0.53306383]))"}, "2": {"maxiter": 100, "fatol": 1e-10, "xatol": 1e-05, "duration": 0.02703118324279785, "fun": "0.5266158580780029", "nit": "100", "nfev": "153", "status": "2", "success": "False", "message": "Maximum number of iterations has been exceeded.", "x": "[7.21637868 2.53434413 0.01956073 1.33677786 0.89148237 0.18284959]", "final_simplex": "(array([[ 7.21637868,  2.53434413,  0.01956073,  1.33677786,  0.89148237,\n         0.18284959],\n       [ 7.07287419,  2.52235566, -0.10221789,  1.2200775 ,  0.77962774,\n         0.19566092],\n       [ 7.01418468,  2.58913528, -0.04939707,  1.28390271,  0.89303244,\n         0.18392747],\n       [ 7.10540146,  2.54680787,  0.08440362,  1.23339516,  0.93661908,\n         0.24008296],\n       [ 7.03911047,  2.5323657 ,  0.02047205,  1.29685503,  0.91682106,\n         0.17676146],\n       [ 6.99184017,  2.6546874 , -0.01586001,  1.46433493,  0.9619572 ,\n         0.13829153],\n       [ 7.05559238,  2.42426115,  0.08457333,  1.42223032,  0.95010277,\n         0.27388923]]), array([0.52661586, 0.53045326, 0.53110135, 0.53144735, 0.53175873,\n       0.5319193 , 0.53306383]))"}, "3": {"maxiter": 100, "fatol": 1e-10, "xatol": 1e-10, "duration": 0.02804088592529297, "fun": "0.5266158580780029", "nit": "100", "nfev": "153", "status": "2", "success": "False", "message": "Maximum number of iterations has been exceeded.", "x": "[7.21637868 2.53434413 0.01956073 1.33677786 0.89148237 0.18284959]", "final_simplex": "(array([[ 7.21637868,  2.53434413,  0.01956073,  1.33677786,  0.89148237,\n         0.18284959],\n       [ 7.07287419,  2.52235566, -0.10221789,  1.2200775 ,  0.77962774,\n         0.19566092],\n       [ 7.01418468,  2.58913528, -0.04939707,  1.28390271,  0.89303244,\n         0.18392747],\n       [ 7.10540146,  2.54680787,  0.08440362,  1.23339516,  0.93661908,\n         0.24008296],\n       [ 7.03911047,  2.5323657 ,  0.02047205,  1.29685503,  0.91682106,\n         0.17676146],\n       [ 6.99184017,  2.6546874 , -0.01586001,  1.46433493,  0.9619572 ,\n         0.13829153],\n       [ 7.05559238,  2.42426115,  0.08457333,  1.42223032,  0.95010277,\n         0.27388923]]), array([0.52661586, 0.53045326, 0.53110135, 0.53144735, 0.53175873,\n       0.5319193 , 0.53306383]))"}, "4": {"maxiter": 500, "fatol": 1e-05, "xatol": 1e-05, "duration": 0.13586211204528809, "fun": "0.3313182294368744", "nit": "500", "nfev": "746", "status": "2", "success": "False", "message": "Maximum number of iterations has been exceeded.", "x": "[ 8.34285764  1.70426682 -0.35214157 -0.67063488  1.8263758   1.5179838 ]", "final_simplex": "(array([[ 8.34285764,  1.70426682, -0.35214157, -0.67063488,  1.8263758 ,\n         1.5179838 ],\n       [ 8.37510204,  1.69980988, -0.3969372 , -0.70185027,  1.76536312,\n         1.54231572],\n       [ 8.35894248,  1.71870414, -0.40879693, -0.72530768,  1.72709378,\n         1.6708022 ],\n       [ 8.37031279,  1.61746957, -0.4488864 , -0.75692708,  1.68144351,\n         1.6521555 ],\n       [ 8.39173361,  1.70717335, -0.40289759, -0.66661708,  1.78791082,\n         1.55972697],\n       [ 8.32024273,  1.67217201, -0.42823402, -0.73210596,  1.67152422,\n         1.65179821],\n       [ 8.42678656,  1.64488542, -0.42117662, -0.69952355,  1.84360714,\n         1.48982274]]), array([0.33131823, 0.33189332, 0.33235648, 0.33307171, 0.33314589,\n       0.33330727, 0.3344048 ]))"}, "5": {"maxiter": 500, "fatol": 1e-05, "xatol": 1e-10, "duration": 0.1382908821105957, "fun": "0.3313182294368744", "nit": "500", "nfev": "746", "status": "2", "success": "False", "message": "Maximum number of iterations has been exceeded.", "x": "[ 8.34285764  1.70426682 -0.35214157 -0.67063488  1.8263758   1.5179838 ]", "final_simplex": "(array([[ 8.34285764,  1.70426682, -0.35214157, -0.67063488,  1.8263758 ,\n         1.5179838 ],\n       [ 8.37510204,  1.69980988, -0.3969372 , -0.70185027,  1.76536312,\n         1.54231572],\n       [ 8.35894248,  1.71870414, -0.40879693, -0.72530768,  1.72709378,\n         1.6708022 ],\n       [ 8.37031279,  1.61746957, -0.4488864 , -0.75692708,  1.68144351,\n         1.6521555 ],\n       [ 8.39173361,  1.70717335, -0.40289759, -0.66661708,  1.78791082,\n         1.55972697],\n       [ 8.32024273,  1.67217201, -0.42823402, -0.73210596,  1.67152422,\n         1.65179821],\n       [ 8.42678656,  1.64488542, -0.42117662, -0.69952355,  1.84360714,\n         1.48982274]]), array([0.33131823, 0.33189332, 0.33235648, 0.33307171, 0.33314589,\n       0.33330727, 0.3344048 ]))"}, "6": {"maxiter": 500, "fatol": 1e-10, "xatol": 1e-05, "duration": 0.13702011108398438, "fun": "0.3313182294368744", "nit": "500", "nfev": "746", "status": "2", "success": "False", "message": "Maximum number of iterations has been exceeded.", "x": "[ 8.34285764  1.70426682 -0.35214157 -0.67063488  1.8263758   1.5179838 ]", "final_simplex": "(array([[ 8.34285764,  1.70426682, -0.35214157, -0.67063488,  1.8263758 ,\n         1.5179838 ],\n       [ 8.37510204,  1.69980988, -0.3969372 , -0.70185027,  1.76536312,\n         1.54231572],\n       [ 8.35894248,  1.71870414, -0.40879693, -0.72530768,  1.72709378,\n         1.6708022 ],\n       [ 8.37031279,  1.61746957, -0.4488864 , -0.75692708,  1.68144351,\n         1.6521555 ],\n       [ 8.39173361,  1.70717335, -0.40289759, -0.66661708,  1.78791082,\n         1.55972697],\n       [ 8.32024273,  1.67217201, -0.42823402, -0.73210596,  1.67152422,\n         1.65179821],\n       [ 8.42678656,  1.64488542, -0.42117662, -0.69952355,  1.84360714,\n         1.48982274]]), array([0.33131823, 0.33189332, 0.33235648, 0.33307171, 0.33314589,\n       0.33330727, 0.3344048 ]))"}, "7": {"maxiter": 500, "fatol": 1e-10, "xatol": 1e-10, "duration": 0.13454294204711914, "fun": "0.3313182294368744", "nit": "500", "nfev": "746", "status": "2", "success": "False", "message": "Maximum number of iterations has been exceeded.", "x": "[ 8.34285764  1.70426682 -0.35214157 -0.67063488  1.8263758   1.5179838 ]", "final_simplex": "(array([[ 8.34285764,  1.70426682, -0.35214157, -0.67063488,  1.8263758 ,\n         1.5179838 ],\n       [ 8.37510204,  1.69980988, -0.3969372 , -0.70185027,  1.76536312,\n         1.54231572],\n       [ 8.35894248,  1.71870414, -0.40879693, -0.72530768,  1.72709378,\n         1.6708022 ],\n       [ 8.37031279,  1.61746957, -0.4488864 , -0.75692708,  1.68144351,\n         1.6521555 ],\n       [ 8.39173361,  1.70717335, -0.40289759, -0.66661708,  1.78791082,\n         1.55972697],\n       [ 8.32024273,  1.67217201, -0.42823402, -0.73210596,  1.67152422,\n         1.65179821],\n       [ 8.42678656,  1.64488542, -0.42117662, -0.69952355,  1.84360714,\n         1.48982274]]), array([0.33131823, 0.33189332, 0.33235648, 0.33307171, 0.33314589,\n       0.33330727, 0.3344048 ]))"}, "8": {"maxiter": 1000, "fatol": 1e-05, "xatol": 1e-05, "duration": 0.19597530364990234, "fun": "0.28406161069869995", "nit": "691", "nfev": "1077", "status": "0", "success": "True", "message": "Optimization terminated successfully.", "x": "[ 8.27461956  1.79939563  0.22979734 -1.10364291  1.62628275  1.99787277]", "final_simplex": "(array([[ 8.27461956,  1.79939563,  0.22979734, -1.10364291,  1.62628275,\n         1.99787277],\n       [ 8.27462487,  1.79939695,  0.22979774, -1.10364492,  1.62628328,\n         1.99787871],\n       [ 8.27462062,  1.79938985,  0.22979227, -1.10364838,  1.62627733,\n         1.99787121],\n       [ 8.27461998,  1.79939678,  0.22979168, -1.10364855,  1.62628105,\n         1.99787332],\n       [ 8.27462868,  1.79939779,  0.22979974, -1.10364814,  1.6262884 ,\n         1.99787043],\n       [ 8.27462293,  1.79939706,  0.22979204, -1.10364143,  1.6262768 ,\n         1.99787161],\n       [ 8.27461318,  1.79939501,  0.22980204, -1.1036522 ,  1.62627651,\n         1.99787927]]), array([0.28406161, 0.28406161, 0.28406161, 0.28406161, 0.28406161,\n       0.28406161, 0.28406161]))"}, "9": {"maxiter": 1000, "fatol": 1e-05, "xatol": 1e-10, "duration": 0.21989798545837402, "fun": "0.28406161069869995", "nit": "708", "nfev": "1213", "status": "0", "success": "True", "message": "Optimization terminated successfully.", "x": "[ 8.27461956  1.79939563  0.22979734 -1.10364291  1.62628275  1.99787277]", "final_simplex": "(array([[ 8.27461956,  1.79939563,  0.22979734, -1.10364291,  1.62628275,\n         1.99787277],\n       [ 8.27461956,  1.79939563,  0.22979734, -1.10364291,  1.62628275,\n         1.99787277],\n       [ 8.27461956,  1.79939563,  0.22979734, -1.10364291,  1.62628275,\n         1.99787277],\n       [ 8.27461956,  1.79939563,  0.22979734, -1.10364291,  1.62628275,\n         1.99787277],\n       [ 8.27461956,  1.79939563,  0.22979734, -1.10364291,  1.62628275,\n         1.99787277],\n       [ 8.27461956,  1.79939563,  0.22979734, -1.10364291,  1.62628275,\n         1.99787277],\n       [ 8.27461956,  1.79939563,  0.22979734, -1.10364291,  1.62628275,\n         1.99787277]]), array([0.28406161, 0.28406161, 0.28406161, 0.28406161, 0.28406161,\n       0.28406161, 0.28406161]))"}, "10": {"maxiter": 1000, "fatol": 1e-10, "xatol": 1e-05, "duration": 0.20196914672851562, "fun": "0.28406161069869995", "nit": "691", "nfev": "1077", "status": "0", "success": "True", "message": "Optimization terminated successfully.", "x": "[ 8.27461956  1.79939563  0.22979734 -1.10364291  1.62628275  1.99787277]", "final_simplex": "(array([[ 8.27461956,  1.79939563,  0.22979734, -1.10364291,  1.62628275,\n         1.99787277],\n       [ 8.27462487,  1.79939695,  0.22979774, -1.10364492,  1.62628328,\n         1.99787871],\n       [ 8.27462062,  1.79938985,  0.22979227, -1.10364838,  1.62627733,\n         1.99787121],\n       [ 8.27461998,  1.79939678,  0.22979168, -1.10364855,  1.62628105,\n         1.99787332],\n       [ 8.27462868,  1.79939779,  0.22979974, -1.10364814,  1.6262884 ,\n         1.99787043],\n       [ 8.27462293,  1.79939706,  0.22979204, -1.10364143,  1.6262768 ,\n         1.99787161],\n       [ 8.27461318,  1.79939501,  0.22980204, -1.1036522 ,  1.62627651,\n         1.99787927]]), array([0.28406161, 0.28406161, 0.28406161, 0.28406161, 0.28406161,\n       0.28406161, 0.28406161]))"}, "11": {"maxiter": 1000, "fatol": 1e-10, "xatol": 1e-10, "duration": 0.22408103942871094, "fun": "0.28406161069869995", "nit": "708", "nfev": "1213", "status": "0", "success": "True", "message": "Optimization terminated successfully.", "x": "[ 8.27461956  1.79939563  0.22979734 -1.10364291  1.62628275  1.99787277]", "final_simplex": "(array([[ 8.27461956,  1.79939563,  0.22979734, -1.10364291,  1.62628275,\n         1.99787277],\n       [ 8.27461956,  1.79939563,  0.22979734, -1.10364291,  1.62628275,\n         1.99787277],\n       [ 8.27461956,  1.79939563,  0.22979734, -1.10364291,  1.62628275,\n         1.99787277],\n       [ 8.27461956,  1.79939563,  0.22979734, -1.10364291,  1.62628275,\n         1.99787277],\n       [ 8.27461956,  1.79939563,  0.22979734, -1.10364291,  1.62628275,\n         1.99787277],\n       [ 8.27461956,  1.79939563,  0.22979734, -1.10364291,  1.62628275,\n         1.99787277],\n       [ 8.27461956,  1.79939563,  0.22979734, -1.10364291,  1.62628275,\n         1.99787277]]), array([0.28406161, 0.28406161, 0.28406161, 0.28406161, 0.28406161,\n       0.28406161, 0.28406161]))"}}, "bfgs": {"0": {"maxiter": 100, "gtol": 1e-05, "xrtol": 1e-05, "eps": 1e-05, "duration": 0.043929100036621094, "fun": "0.2840751111507416", "jac": "[0. 0. 0. 0. 0. 0.]", "hess_inv": "[[ 3.0026585   0.23119751 -0.47058968 -2.19348273 -0.236288   -0.35496607]\n [ 0.23119751  1.08335943  0.20542218 -0.44538617 -1.06239802  0.63063372]\n [-0.47058968  0.20542218  1.21273106 -0.44013164 -0.21410041  0.85371376]\n [-2.19348273 -0.44538617 -0.44013164  2.93220596  0.41916413  0.01629331]\n [-0.236288   -1.06239802 -0.21410041  0.41916413  1.08065535 -0.65461034]\n [-0.35496607  0.63063372  0.85371376  0.01629331 -0.65461034  3.3269026 ]]", "nfev": "245", "njev": "35", "status": "0", "success": "True", "message": "Optimization terminated successfully.", "x": "[ 8.2778837   1.80763809  0.23687211  1.10679389 -1.50693305 -1.14308582]", "nit": "25"}, "1": {"maxiter": 100, "gtol": 1e-05, "xrtol": 1e-05, "eps": 1e-10, "duration": 0.0012860298156738281, "fun": "0.8681613802909851", "jac": "[0. 0. 0. 0. 0. 0.]", "hess_inv": "[[1 0 0 0 0 0]\n [0 1 0 0 0 0]\n [0 0 1 0 0 0]\n [0 0 0 1 0 0]\n [0 0 0 0 1 0]\n [0 0 0 0 0 1]]", "nfev": "7", "njev": "1", "status": "0", "success": "True", "message": "Optimization terminated successfully.", "x": "[5.3917502  1.87298774 0.95912338 1.75415262 1.16393737 1.6442007 ]", "nit": "0"}, "2": {"maxiter": 100, "gtol": 1e-05, "xrtol": 1e-10, "eps": 1e-05, "duration": 0.04382491111755371, "fun": "0.2840751111507416", "jac": "[0. 0. 0. 0. 0. 0.]", "hess_inv": "[[ 3.0026585   0.23119751 -0.47058968 -2.19348273 -0.236288   -0.35496607]\n [ 0.23119751  1.08335943  0.20542218 -0.44538617 -1.06239802  0.63063372]\n [-0.47058968  0.20542218  1.21273106 -0.44013164 -0.21410041  0.85371376]\n [-2.19348273 -0.44538617 -0.44013164  2.93220596  0.41916413  0.01629331]\n [-0.236288   -1.06239802 -0.21410041  0.41916413  1.08065535 -0.65461034]\n [-0.35496607  0.63063372  0.85371376  0.01629331 -0.65461034  3.3269026 ]]", "nfev": "245", "njev": "35", "status": "0", "success": "True", "message": "Optimization terminated successfully.", "x": "[ 8.2778837   1.80763809  0.23687211  1.10679389 -1.50693305 -1.14308582]", "nit": "25"}, "3": {"maxiter": 100, "gtol": 1e-05, "xrtol": 1e-10, "eps": 1e-10, "duration": 0.001276254653930664, "fun": "0.8681613802909851", "jac": "[0. 0. 0. 0. 0. 0.]", "hess_inv": "[[1 0 0 0 0 0]\n [0 1 0 0 0 0]\n [0 0 1 0 0 0]\n [0 0 0 1 0 0]\n [0 0 0 0 1 0]\n [0 0 0 0 0 1]]", "nfev": "7", "njev": "1", "status": "0", "success": "True", "message": "Optimization terminated successfully.", "x": "[5.3917502  1.87298774 0.95912338 1.75415262 1.16393737 1.6442007 ]", "nit": "0"}, "4": {"maxiter": 100, "gtol": 1e-10, "xrtol": 1e-05, "eps": 1e-05, "duration": 0.04401421546936035, "fun": "0.2840751111507416", "jac": "[0. 0. 0. 0. 0. 0.]", "hess_inv": "[[ 3.0026585   0.23119751 -0.47058968 -2.19348273 -0.236288   -0.35496607]\n [ 0.23119751  1.08335943  0.20542218 -0.44538617 -1.06239802  0.63063372]\n [-0.47058968  0.20542218  1.21273106 -0.44013164 -0.21410041  0.85371376]\n [-2.19348273 -0.44538617 -0.44013164  2.93220596  0.41916413  0.01629331]\n [-0.236288   -1.06239802 -0.21410041  0.41916413  1.08065535 -0.65461034]\n [-0.35496607  0.63063372  0.85371376  0.01629331 -0.65461034  3.3269026 ]]", "nfev": "245", "njev": "35", "status": "0", "success": "True", "message": "Optimization terminated successfully.", "x": "[ 8.2778837   1.80763809  0.23687211  1.10679389 -1.50693305 -1.14308582]", "nit": "25"}, "5": {"maxiter": 100, "gtol": 1e-10, "xrtol": 1e-05, "eps": 1e-10, "duration": 0.0012748241424560547, "fun": "0.8681613802909851", "jac": "[0. 0. 0. 0. 0. 0.]", "hess_inv": "[[1 0 0 0 0 0]\n [0 1 0 0 0 0]\n [0 0 1 0 0 0]\n [0 0 0 1 0 0]\n [0 0 0 0 1 0]\n [0 0 0 0 0 1]]", "nfev": "7", "njev": "1", "status": "0", "success": "True", "message": "Optimization terminated successfully.", "x": "[5.3917502  1.87298774 0.95912338 1.75415262 1.16393737 1.6442007 ]", "nit": "0"}, "6": {"maxiter": 100, "gtol": 1e-10, "xrtol": 1e-10, "eps": 1e-05, "duration": 0.04382205009460449, "fun": "0.2840751111507416", "jac": "[0. 0. 0. 0. 0. 0.]", "hess_inv": "[[ 3.0026585   0.23119751 -0.47058968 -2.19348273 -0.236288   -0.35496607]\n [ 0.23119751  1.08335943  0.20542218 -0.44538617 -1.06239802  0.63063372]\n [-0.47058968  0.20542218  1.21273106 -0.44013164 -0.21410041  0.85371376]\n [-2.19348273 -0.44538617 -0.44013164  2.93220596  0.41916413  0.01629331]\n [-0.236288   -1.06239802 -0.21410041  0.41916413  1.08065535 -0.65461034]\n [-0.35496607  0.63063372  0.85371376  0.01629331 -0.65461034  3.3269026 ]]", "nfev": "245", "njev": "35", "status": "0", "success": "True", "message": "Optimization terminated successfully.", "x": "[ 8.2778837   1.80763809  0.23687211  1.10679389 -1.50693305 -1.14308582]", "nit": "25"}, "7": {"maxiter": 100, "gtol": 1e-10, "xrtol": 1e-10, "eps": 1e-10, "duration": 0.0012760162353515625, "fun": "0.8681613802909851", "jac": "[0. 0. 0. 0. 0. 0.]", "hess_inv": "[[1 0 0 0 0 0]\n [0 1 0 0 0 0]\n [0 0 1 0 0 0]\n [0 0 0 1 0 0]\n [0 0 0 0 1 0]\n [0 0 0 0 0 1]]", "nfev": "7", "njev": "1", "status": "0", "success": "True", "message": "Optimization terminated successfully.", "x": "[5.3917502  1.87298774 0.95912338 1.75415262 1.16393737 1.6442007 ]", "nit": "0"}, "8": {"maxiter": 500, "gtol": 1e-05, "xrtol": 1e-05, "eps": 1e-05, "duration": 0.04385089874267578, "fun": "0.2840751111507416", "jac": "[0. 0. 0. 0. 0. 0.]", "hess_inv": "[[ 3.0026585   0.23119751 -0.47058968 -2.19348273 -0.236288   -0.35496607]\n [ 0.23119751  1.08335943  0.20542218 -0.44538617 -1.06239802  0.63063372]\n [-0.47058968  0.20542218  1.21273106 -0.44013164 -0.21410041  0.85371376]\n [-2.19348273 -0.44538617 -0.44013164  2.93220596  0.41916413  0.01629331]\n [-0.236288   -1.06239802 -0.21410041  0.41916413  1.08065535 -0.65461034]\n [-0.35496607  0.63063372  0.85371376  0.01629331 -0.65461034  3.3269026 ]]", "nfev": "245", "njev": "35", "status": "0", "success": "True", "message": "Optimization terminated successfully.", "x": "[ 8.2778837   1.80763809  0.23687211  1.10679389 -1.50693305 -1.14308582]", "nit": "25"}, "9": {"maxiter": 500, "gtol": 1e-05, "xrtol": 1e-05, "eps": 1e-10, "duration": 0.0012748241424560547, "fun": "0.8681613802909851", "jac": "[0. 0. 0. 0. 0. 0.]", "hess_inv": "[[1 0 0 0 0 0]\n [0 1 0 0 0 0]\n [0 0 1 0 0 0]\n [0 0 0 1 0 0]\n [0 0 0 0 1 0]\n [0 0 0 0 0 1]]", "nfev": "7", "njev": "1", "status": "0", "success": "True", "message": "Optimization terminated successfully.", "x": "[5.3917502  1.87298774 0.95912338 1.75415262 1.16393737 1.6442007 ]", "nit": "0"}, "10": {"maxiter": 500, "gtol": 1e-05, "xrtol": 1e-10, "eps": 1e-05, "duration": 0.0447847843170166, "fun": "0.2840751111507416", "jac": "[0. 0. 0. 0. 0. 0.]", "hess_inv": "[[ 3.0026585   0.23119751 -0.47058968 -2.19348273 -0.236288   -0.35496607]\n [ 0.23119751  1.08335943  0.20542218 -0.44538617 -1.06239802  0.63063372]\n [-0.47058968  0.20542218  1.21273106 -0.44013164 -0.21410041  0.85371376]\n [-2.19348273 -0.44538617 -0.44013164  2.93220596  0.41916413  0.01629331]\n [-0.236288   -1.06239802 -0.21410041  0.41916413  1.08065535 -0.65461034]\n [-0.35496607  0.63063372  0.85371376  0.01629331 -0.65461034  3.3269026 ]]", "nfev": "245", "njev": "35", "status": "0", "success": "True", "message": "Optimization terminated successfully.", "x": "[ 8.2778837   1.80763809  0.23687211  1.10679389 -1.50693305 -1.14308582]", "nit": "25"}, "11": {"maxiter": 500, "gtol": 1e-05, "xrtol": 1e-10, "eps": 1e-10, "duration": 0.0013318061828613281, "fun": "0.8681613802909851", "jac": "[0. 0. 0. 0. 0. 0.]", "hess_inv": "[[1 0 0 0 0 0]\n [0 1 0 0 0 0]\n [0 0 1 0 0 0]\n [0 0 0 1 0 0]\n [0 0 0 0 1 0]\n [0 0 0 0 0 1]]", "nfev": "7", "njev": "1", "status": "0", "success": "True", "message": "Optimization terminated successfully.", "x": "[5.3917502  1.87298774 0.95912338 1.75415262 1.16393737 1.6442007 ]", "nit": "0"}, "12": {"maxiter": 500, "gtol": 1e-10, "xrtol": 1e-05, "eps": 1e-05, "duration": 0.0456240177154541, "fun": "0.2840751111507416", "jac": "[0. 0. 0. 0. 0. 0.]", "hess_inv": "[[ 3.0026585   0.23119751 -0.47058968 -2.19348273 -0.236288   -0.35496607]\n [ 0.23119751  1.08335943  0.20542218 -0.44538617 -1.06239802  0.63063372]\n [-0.47058968  0.20542218  1.21273106 -0.44013164 -0.21410041  0.85371376]\n [-2.19348273 -0.44538617 -0.44013164  2.93220596  0.41916413  0.01629331]\n [-0.236288   -1.06239802 -0.21410041  0.41916413  1.08065535 -0.65461034]\n [-0.35496607  0.63063372  0.85371376  0.01629331 -0.65461034  3.3269026 ]]", "nfev": "245", "njev": "35", "status": "0", "success": "True", "message": "Optimization terminated successfully.", "x": "[ 8.2778837   1.80763809  0.23687211  1.10679389 -1.50693305 -1.14308582]", "nit": "25"}, "13": {"maxiter": 500, "gtol": 1e-10, "xrtol": 1e-05, "eps": 1e-10, "duration": 0.0013339519500732422, "fun": "0.8681613802909851", "jac": "[0. 0. 0. 0. 0. 0.]", "hess_inv": "[[1 0 0 0 0 0]\n [0 1 0 0 0 0]\n [0 0 1 0 0 0]\n [0 0 0 1 0 0]\n [0 0 0 0 1 0]\n [0 0 0 0 0 1]]", "nfev": "7", "njev": "1", "status": "0", "success": "True", "message": "Optimization terminated successfully.", "x": "[5.3917502  1.87298774 0.95912338 1.75415262 1.16393737 1.6442007 ]", "nit": "0"}, "14": {"maxiter": 500, "gtol": 1e-10, "xrtol": 1e-10, "eps": 1e-05, "duration": 0.04458785057067871, "fun": "0.2840751111507416", "jac": "[0. 0. 0. 0. 0. 0.]", "hess_inv": "[[ 3.0026585   0.23119751 -0.47058968 -2.19348273 -0.236288   -0.35496607]\n [ 0.23119751  1.08335943  0.20542218 -0.44538617 -1.06239802  0.63063372]\n [-0.47058968  0.20542218  1.21273106 -0.44013164 -0.21410041  0.85371376]\n [-2.19348273 -0.44538617 -0.44013164  2.93220596  0.41916413  0.01629331]\n [-0.236288   -1.06239802 -0.21410041  0.41916413  1.08065535 -0.65461034]\n [-0.35496607  0.63063372  0.85371376  0.01629331 -0.65461034  3.3269026 ]]", "nfev": "245", "njev": "35", "status": "0", "success": "True", "message": "Optimization terminated successfully.", "x": "[ 8.2778837   1.80763809  0.23687211  1.10679389 -1.50693305 -1.14308582]", "nit": "25"}, "15": {"maxiter": 500, "gtol": 1e-10, "xrtol": 1e-10, "eps": 1e-10, "duration": 0.00128173828125, "fun": "0.8681613802909851", "jac": "[0. 0. 0. 0. 0. 0.]", "hess_inv": "[[1 0 0 0 0 0]\n [0 1 0 0 0 0]\n [0 0 1 0 0 0]\n [0 0 0 1 0 0]\n [0 0 0 0 1 0]\n [0 0 0 0 0 1]]", "nfev": "7", "njev": "1", "status": "0", "success": "True", "message": "Optimization terminated successfully.", "x": "[5.3917502  1.87298774 0.95912338 1.75415262 1.16393737 1.6442007 ]", "nit": "0"}, "16": {"maxiter": 1000, "gtol": 1e-05, "xrtol": 1e-05, "eps": 1e-05, "duration": 0.04414796829223633, "fun": "0.2840751111507416", "jac": "[0. 0. 0. 0. 0. 0.]", "hess_inv": "[[ 3.0026585   0.23119751 -0.47058968 -2.19348273 -0.236288   -0.35496607]\n [ 0.23119751  1.08335943  0.20542218 -0.44538617 -1.06239802  0.63063372]\n [-0.47058968  0.20542218  1.21273106 -0.44013164 -0.21410041  0.85371376]\n [-2.19348273 -0.44538617 -0.44013164  2.93220596  0.41916413  0.01629331]\n [-0.236288   -1.06239802 -0.21410041  0.41916413  1.08065535 -0.65461034]\n [-0.35496607  0.63063372  0.85371376  0.01629331 -0.65461034  3.3269026 ]]", "nfev": "245", "njev": "35", "status": "0", "success": "True", "message": "Optimization terminated successfully.", "x": "[ 8.2778837   1.80763809  0.23687211  1.10679389 -1.50693305 -1.14308582]", "nit": "25"}, "17": {"maxiter": 1000, "gtol": 1e-05, "xrtol": 1e-05, "eps": 1e-10, "duration": 0.0012717247009277344, "fun": "0.8681613802909851", "jac": "[0. 0. 0. 0. 0. 0.]", "hess_inv": "[[1 0 0 0 0 0]\n [0 1 0 0 0 0]\n [0 0 1 0 0 0]\n [0 0 0 1 0 0]\n [0 0 0 0 1 0]\n [0 0 0 0 0 1]]", "nfev": "7", "njev": "1", "status": "0", "success": "True", "message": "Optimization terminated successfully.", "x": "[5.3917502  1.87298774 0.95912338 1.75415262 1.16393737 1.6442007 ]", "nit": "0"}, "18": {"maxiter": 1000, "gtol": 1e-05, "xrtol": 1e-10, "eps": 1e-05, "duration": 0.044653892517089844, "fun": "0.2840751111507416", "jac": "[0. 0. 0. 0. 0. 0.]", "hess_inv": "[[ 3.0026585   0.23119751 -0.47058968 -2.19348273 -0.236288   -0.35496607]\n [ 0.23119751  1.08335943  0.20542218 -0.44538617 -1.06239802  0.63063372]\n [-0.47058968  0.20542218  1.21273106 -0.44013164 -0.21410041  0.85371376]\n [-2.19348273 -0.44538617 -0.44013164  2.93220596  0.41916413  0.01629331]\n [-0.236288   -1.06239802 -0.21410041  0.41916413  1.08065535 -0.65461034]\n [-0.35496607  0.63063372  0.85371376  0.01629331 -0.65461034  3.3269026 ]]", "nfev": "245", "njev": "35", "status": "0", "success": "True", "message": "Optimization terminated successfully.", "x": "[ 8.2778837   1.80763809  0.23687211  1.10679389 -1.50693305 -1.14308582]", "nit": "25"}, "19": {"maxiter": 1000, "gtol": 1e-05, "xrtol": 1e-10, "eps": 1e-10, "duration": 0.0013189315795898438, "fun": "0.8681613802909851", "jac": "[0. 0. 0. 0. 0. 0.]", "hess_inv": "[[1 0 0 0 0 0]\n [0 1 0 0 0 0]\n [0 0 1 0 0 0]\n [0 0 0 1 0 0]\n [0 0 0 0 1 0]\n [0 0 0 0 0 1]]", "nfev": "7", "njev": "1", "status": "0", "success": "True", "message": "Optimization terminated successfully.", "x": "[5.3917502  1.87298774 0.95912338 1.75415262 1.16393737 1.6442007 ]", "nit": "0"}, "20": {"maxiter": 1000, "gtol": 1e-10, "xrtol": 1e-05, "eps": 1e-05, "duration": 0.04513883590698242, "fun": "0.2840751111507416", "jac": "[0. 0. 0. 0. 0. 0.]", "hess_inv": "[[ 3.0026585   0.23119751 -0.47058968 -2.19348273 -0.236288   -0.35496607]\n [ 0.23119751  1.08335943  0.20542218 -0.44538617 -1.06239802  0.63063372]\n [-0.47058968  0.20542218  1.21273106 -0.44013164 -0.21410041  0.85371376]\n [-2.19348273 -0.44538617 -0.44013164  2.93220596  0.41916413  0.01629331]\n [-0.236288   -1.06239802 -0.21410041  0.41916413  1.08065535 -0.65461034]\n [-0.35496607  0.63063372  0.85371376  0.01629331 -0.65461034  3.3269026 ]]", "nfev": "245", "njev": "35", "status": "0", "success": "True", "message": "Optimization terminated successfully.", "x": "[ 8.2778837   1.80763809  0.23687211  1.10679389 -1.50693305 -1.14308582]", "nit": "25"}, "21": {"maxiter": 1000, "gtol": 1e-10, "xrtol": 1e-05, "eps": 1e-10, "duration": 0.0013358592987060547, "fun": "0.8681613802909851", "jac": "[0. 0. 0. 0. 0. 0.]", "hess_inv": "[[1 0 0 0 0 0]\n [0 1 0 0 0 0]\n [0 0 1 0 0 0]\n [0 0 0 1 0 0]\n [0 0 0 0 1 0]\n [0 0 0 0 0 1]]", "nfev": "7", "njev": "1", "status": "0", "success": "True", "message": "Optimization terminated successfully.", "x": "[5.3917502  1.87298774 0.95912338 1.75415262 1.16393737 1.6442007 ]", "nit": "0"}, "22": {"maxiter": 1000, "gtol": 1e-10, "xrtol": 1e-10, "eps": 1e-05, "duration": 0.045172929763793945, "fun": "0.2840751111507416", "jac": "[0. 0. 0. 0. 0. 0.]", "hess_inv": "[[ 3.0026585   0.23119751 -0.47058968 -2.19348273 -0.236288   -0.35496607]\n [ 0.23119751  1.08335943  0.20542218 -0.44538617 -1.06239802  0.63063372]\n [-0.47058968  0.20542218  1.21273106 -0.44013164 -0.21410041  0.85371376]\n [-2.19348273 -0.44538617 -0.44013164  2.93220596  0.41916413  0.01629331]\n [-0.236288   -1.06239802 -0.21410041  0.41916413  1.08065535 -0.65461034]\n [-0.35496607  0.63063372  0.85371376  0.01629331 -0.65461034  3.3269026 ]]", "nfev": "245", "njev": "35", "status": "0", "success": "True", "message": "Optimization terminated successfully.", "x": "[ 8.2778837   1.80763809  0.23687211  1.10679389 -1.50693305 -1.14308582]", "nit": "25"}, "23": {"maxiter": 1000, "gtol": 1e-10, "xrtol": 1e-10, "eps": 1e-10, "duration": 0.0013098716735839844, "fun": "0.8681613802909851", "jac": "[0. 0. 0. 0. 0. 0.]", "hess_inv": "[[1 0 0 0 0 0]\n [0 1 0 0 0 0]\n [0 0 1 0 0 0]\n [0 0 0 1 0 0]\n [0 0 0 0 1 0]\n [0 0 0 0 0 1]]", "nfev": "7", "njev": "1", "status": "0", "success": "True", "message": "Optimization terminated successfully.", "x": "[5.3917502  1.87298774 0.95912338 1.75415262 1.16393737 1.6442007 ]", "nit": "0"}}, "cobyla": {"0": {"maxiter": 100, "tol": 1e-05, "catol": 1e-05, "duration": 0.017739057540893555, "x": "[8.27078379 1.79801993 0.22958902 5.17813583 1.6191748  1.99947934]", "status": "2", "success": "False", "message": "Maximum number of function evaluations has been exceeded.", "nfev": "100", "fun": "0.28406646847724915", "maxcv": "0.0"}, "1": {"maxiter": 100, "tol": 1e-05, "catol": 1e-10, "duration": 0.017693042755126953, "x": "[8.27078379 1.79801993 0.22958902 5.17813583 1.6191748  1.99947934]", "status": "2", "success": "False", "message": "Maximum number of function evaluations has been exceeded.", "nfev": "100", "fun": "0.28406646847724915", "maxcv": "0.0"}, "2": {"maxiter": 100, "tol": 1e-10, "catol": 1e-05, "duration": 0.017704010009765625, "x": "[8.27078379 1.79801993 0.22958902 5.17813583 1.6191748  1.99947934]", "status": "2", "success": "False", "message": "Maximum number of function evaluations has been exceeded.", "nfev": "100", "fun": "0.28406646847724915", "maxcv": "0.0"}, "3": {"maxiter": 100, "tol": 1e-10, "catol": 1e-10, "duration": 0.017773151397705078, "x": "[8.27078379 1.79801993 0.22958902 5.17813583 1.6191748  1.99947934]", "status": "2", "success": "False", "message": "Maximum number of function evaluations has been exceeded.", "nfev": "100", "fun": "0.28406646847724915", "maxcv": "0.0"}, "4": {"maxiter": 500, "tol": 1e-05, "catol": 1e-05, "duration": 0.026202917098999023, "x": "[8.27388376 1.79900878 0.22973791 5.17895858 1.6255897  1.99815864]", "status": "1", "success": "True", "message": "Optimization terminated successfully.", "nfev": "147", "fun": "0.2840617001056671", "maxcv": "0.0"}, "5": {"maxiter": 500, "tol": 1e-05, "catol": 1e-10, "duration": 0.025719165802001953, "x": "[8.27388376 1.79900878 0.22973791 5.17895858 1.6255897  1.99815864]", "status": "1", "success": "True", "message": "Optimization terminated successfully.", "nfev": "147", "fun": "0.2840617001056671", "maxcv": "0.0"}, "6": {"maxiter": 500, "tol": 1e-10, "catol": 1e-05, "duration": 0.03078913688659668, "x": "[8.27388376 1.79900878 0.22973791 5.17895858 1.6255897  1.99815864]", "status": "1", "success": "True", "message": "Optimization terminated successfully.", "nfev": "180", "fun": "0.2840617001056671", "maxcv": "0.0"}, "7": {"maxiter": 500, "tol": 1e-10, "catol": 1e-10, "duration": 0.030745744705200195, "x": "[8.27388376 1.79900878 0.22973791 5.17895858 1.6255897  1.99815864]", "status": "1", "success": "True", "message": "Optimization terminated successfully.", "nfev": "180", "fun": "0.2840617001056671", "maxcv": "0.0"}, "8": {"maxiter": 1000, "tol": 1e-05, "catol": 1e-05, "duration": 0.025104284286499023, "x": "[8.27388376 1.79900878 0.22973791 5.17895858 1.6255897  1.99815864]", "status": "1", "success": "True", "message": "Optimization terminated successfully.", "nfev": "147", "fun": "0.2840617001056671", "maxcv": "0.0"}, "9": {"maxiter": 1000, "tol": 1e-05, "catol": 1e-10, "duration": 0.026185989379882812, "x": "[8.27388376 1.79900878 0.22973791 5.17895858 1.6255897  1.99815864]", "status": "1", "success": "True", "message": "Optimization terminated successfully.", "nfev": "147", "fun": "0.2840617001056671", "maxcv": "0.0"}, "10": {"maxiter": 1000, "tol": 1e-10, "catol": 1e-05, "duration": 0.03190279006958008, "x": "[8.27388376 1.79900878 0.22973791 5.17895858 1.6255897  1.99815864]", "status": "1", "success": "True", "message": "Optimization terminated successfully.", "nfev": "180", "fun": "0.2840617001056671", "maxcv": "0.0"}, "11": {"maxiter": 1000, "tol": 1e-10, "catol": 1e-10, "duration": 0.032219886779785156, "x": "[8.27388376 1.79900878 0.22973791 5.17895858 1.6255897  1.99815864]", "status": "1", "success": "True", "message": "Optimization terminated successfully.", "nfev": "180", "fun": "0.2840617001056671", "maxcv": "0.0"}}, "powell": {"0": {"maxiter": 100, "ftol": 1e-05, "xtol": 1e-05, "duration": 0.1233968734741211, "fun": "0.284065306186676", "direc": "[[ 0.00000000e+00  0.00000000e+00  0.00000000e+00  0.00000000e+00\n   0.00000000e+00  1.00000000e+00]\n [ 5.18656176e-03  1.12121625e-02  1.26600925e-02  6.46582854e-03\n   6.37131924e-03 -1.91764297e-03]\n [ 2.82958065e-01  2.45286864e-01 -1.13108167e-01  1.86456687e-01\n   1.59719736e-01  3.54502673e-02]\n [ 0.00000000e+00  0.00000000e+00  0.00000000e+00  1.00000000e+00\n   0.00000000e+00  0.00000000e+00]\n [ 0.00000000e+00  0.00000000e+00  0.00000000e+00  0.00000000e+00\n   1.00000000e+00  0.00000000e+00]\n [-4.02200893e-04  6.62348676e-03  5.24688474e-03  1.99223286e-03\n   1.98626390e-03  9.13654424e-04]]", "nit": "8", "nfev": "691", "status": "0", "success": "True", "message": "Optimization terminated successfully.", "x": "[8.2780514  1.79834767 0.23275122 5.17901623 1.6282194  1.99683242]"}, "1": {"maxiter": 100, "ftol": 1e-05, "xtol": 1e-10, "duration": 0.29073119163513184, "fun": "0.2840651273727417", "direc": "[[ 0.00000000e+00  0.00000000e+00  0.00000000e+00  0.00000000e+00\n   0.00000000e+00  1.00000000e+00]\n [ 5.09475420e-03  1.12081756e-02  1.24839818e-02  6.65762857e-03\n   6.27714557e-03 -1.94795503e-03]\n [ 2.83364804e-01  2.44981852e-01 -1.12698888e-01  1.85734243e-01\n   1.59618938e-01  3.52378770e-02]\n [ 0.00000000e+00  0.00000000e+00  0.00000000e+00  1.00000000e+00\n   0.00000000e+00  0.00000000e+00]\n [ 0.00000000e+00  0.00000000e+00  0.00000000e+00  0.00000000e+00\n   1.00000000e+00  0.00000000e+00]\n [-5.64193638e-04  6.83987852e-03  5.39369836e-03  1.86338101e-03\n   2.05663667e-03  9.47416878e-04]]", "nit": "8", "nfev": "1662", "status": "0", "success": "True", "message": "Optimization terminated successfully.", "x": "[8.27779697 1.79855235 0.23299106 5.17877659 1.6281186  1.99704846]"}, "2": {"maxiter": 100, "ftol": 1e-10, "xtol": 1e-05, "duration": 0.23316192626953125, "fun": "0.28406161069869995", "direc": "[[-3.22042324e-03  1.65836478e-04 -6.31142419e-04 -9.75158060e-04\n  -1.94431224e-03  3.11706609e-03]\n [-4.02200893e-04  6.62348676e-03  5.24688474e-03  1.99223286e-03\n   1.98626390e-03  9.13654424e-04]\n [ 2.82958065e-01  2.45286864e-01 -1.13108167e-01  1.86456687e-01\n   1.59719736e-01  3.54502673e-02]\n [ 0.00000000e+00  0.00000000e+00  0.00000000e+00  1.00000000e+00\n   0.00000000e+00  0.00000000e+00]\n [ 0.00000000e+00  0.00000000e+00  0.00000000e+00  0.00000000e+00\n   1.00000000e+00  0.00000000e+00]\n [-7.04689750e-05  3.09082533e-04 -7.49665940e-04  5.72046615e-04\n  -1.96156472e-04 -6.47547533e-04]]", "nit": "12", "nfev": "1322", "status": "0", "success": "True", "message": "Optimization terminated successfully.", "x": "[8.27457802 1.79949075 0.22987786 5.1795332  1.62626656 1.99785394]"}, "3": {"maxiter": 100, "ftol": 1e-10, "xtol": 1e-10, "duration": 0.4779052734375, "fun": "0.28406164050102234", "direc": "[[-3.15125965e-03  1.04948553e-04 -1.18001344e-03 -9.16031172e-04\n  -2.28132525e-03  3.08454450e-03]\n [-5.64193638e-04  6.83987852e-03  5.39369836e-03  1.86338101e-03\n   2.05663667e-03  9.47416878e-04]\n [ 2.83364804e-01  2.44981852e-01 -1.12698888e-01  1.85734243e-01\n   1.59618938e-01  3.52378770e-02]\n [ 0.00000000e+00  0.00000000e+00  0.00000000e+00  1.00000000e+00\n   0.00000000e+00  0.00000000e+00]\n [ 0.00000000e+00  0.00000000e+00  0.00000000e+00  0.00000000e+00\n   1.00000000e+00  0.00000000e+00]\n [-8.41275602e-06  5.61570713e-05 -3.00918197e-04  3.64481693e-05\n   1.50396271e-04 -4.35934749e-04]]", "nit": "12", "nfev": "2708", "status": "0", "success": "True", "message": "Optimization terminated successfully.", "x": "[8.27462516 1.7992619  0.23008109 5.17940713 1.62620173 1.99796738]"}, "4": {"maxiter": 500, "ftol": 1e-05, "xtol": 1e-05, "duration": 0.12380194664001465, "fun": "0.284065306186676", "direc": "[[ 0.00000000e+00  0.00000000e+00  0.00000000e+00  0.00000000e+00\n   0.00000000e+00  1.00000000e+00]\n [ 5.18656176e-03  1.12121625e-02  1.26600925e-02  6.46582854e-03\n   6.37131924e-03 -1.91764297e-03]\n [ 2.82958065e-01  2.45286864e-01 -1.13108167e-01  1.86456687e-01\n   1.59719736e-01  3.54502673e-02]\n [ 0.00000000e+00  0.00000000e+00  0.00000000e+00  1.00000000e+00\n   0.00000000e+00  0.00000000e+00]\n [ 0.00000000e+00  0.00000000e+00  0.00000000e+00  0.00000000e+00\n   1.00000000e+00  0.00000000e+00]\n [-4.02200893e-04  6.62348676e-03  5.24688474e-03  1.99223286e-03\n   1.98626390e-03  9.13654424e-04]]", "nit": "8", "nfev": "691", "status": "0", "success": "True", "message": "Optimization terminated successfully.", "x": "[8.2780514  1.79834767 0.23275122 5.17901623 1.6282194  1.99683242]"}, "5": {"maxiter": 500, "ftol": 1e-05, "xtol": 1e-10, "duration": 0.290956974029541, "fun": "0.2840651273727417", "direc": "[[ 0.00000000e+00  0.00000000e+00  0.00000000e+00  0.00000000e+00\n   0.00000000e+00  1.00000000e+00]\n [ 5.09475420e-03  1.12081756e-02  1.24839818e-02  6.65762857e-03\n   6.27714557e-03 -1.94795503e-03]\n [ 2.83364804e-01  2.44981852e-01 -1.12698888e-01  1.85734243e-01\n   1.59618938e-01  3.52378770e-02]\n [ 0.00000000e+00  0.00000000e+00  0.00000000e+00  1.00000000e+00\n   0.00000000e+00  0.00000000e+00]\n [ 0.00000000e+00  0.00000000e+00  0.00000000e+00  0.00000000e+00\n   1.00000000e+00  0.00000000e+00]\n [-5.64193638e-04  6.83987852e-03  5.39369836e-03  1.86338101e-03\n   2.05663667e-03  9.47416878e-04]]", "nit": "8", "nfev": "1662", "status": "0", "success": "True", "message": "Optimization terminated successfully.", "x": "[8.27779697 1.79855235 0.23299106 5.17877659 1.6281186  1.99704846]"}, "6": {"maxiter": 500, "ftol": 1e-10, "xtol": 1e-05, "duration": 0.2425830364227295, "fun": "0.28406161069869995", "direc": "[[-3.22042324e-03  1.65836478e-04 -6.31142419e-04 -9.75158060e-04\n  -1.94431224e-03  3.11706609e-03]\n [-4.02200893e-04  6.62348676e-03  5.24688474e-03  1.99223286e-03\n   1.98626390e-03  9.13654424e-04]\n [ 2.82958065e-01  2.45286864e-01 -1.13108167e-01  1.86456687e-01\n   