rmsprop hyperparameter info
===============================
maxiter = 100: mean=0.7302830119729923,    min=0.021293003073206695,  max=0.9999967250346358,  std=0.1984945003264272
maxiter = 500: mean=0.5763560322728805,    min=3.9307261254117876e-05,  max=0.9981179080043384,  std=0.2699537099996578
maxiter = 1000: mean=0.5196615076910681,    min=3.032945812719845e-05,  max=0.9947761401586465,  std=0.2656771774854818
===============================
learning_rate = 0.01: mean=0.3820744535495447,    min=3.032945812719845e-05,  max=0.9719679122955557,  std=0.22356276167731892
learning_rate = 0.001: mean=0.6419695434488014,    min=0.0022820206484163164,  max=0.9999141574460673,  std=0.21460370502439963
learning_rate = 0.0001: mean=0.8022565549385948,    min=0.0928718007946927,  max=0.9999967250346358,  std=0.14370333884962214
===============================
eps = 1e-05: mean=0.6087708791765863,    min=3.032945812719845e-05,  max=0.9999967250346358,  std=0.2624386708683823
eps = 1e-10: mean=0.6087628221147077,    min=5.5326727341431514e-05,  max=0.9999967237964283,  std=0.2624306277781066
===============================
