sgd hyperparameter info
===============================
maxiter = 100: median=0.8402652068272747,    min=0.09001040758442624,  max=0.9999977483859559,  std=0.1486338785596749
maxiter = 500: median=0.8029162675195769,    min=0.004761289889645304,  max=0.9999976537004497,  std=0.19912768624439536
maxiter = 1000: median=0.7682730707503205,    min=0.0008903097052391784,  max=0.9999975297211545,  std=0.229495568024872
===============================
learning_rate = 0.01: median=0.6890498438144786,    min=0.0008903097052391784,  max=0.9999945025925945,  std=0.24137377512141117
learning_rate = 0.001: median=0.8327747134174082,    min=0.08934968670130317,  max=0.9999975510718586,  std=0.1540920721360258
learning_rate = 0.0001: median=0.8509271751638277,    min=0.10726789223016531,  max=0.9999977483859559,  std=0.13789767587531865
===============================
eps = 1e-05: median=0.8082920872382436,    min=0.0008903097052391784,  max=0.9999977483859559,  std=0.19966822533248957
eps = 1e-10: median=0.8082920872382436,    min=0.0008903097052391784,  max=0.9999977483859559,  std=0.19966822533248957
===============================
