sgd hyperparameter info
===============================
maxiter = 100: mean=0.8060344477517062,    min=0.09001040758442624,  max=0.9999977483859559,  std=0.1486338785596749
maxiter = 500: mean=0.7482528163498027,    min=0.004761289889645304,  max=0.9999976537004497,  std=0.19912768624439536
maxiter = 1000: mean=0.7044721679391697,    min=0.0008903097052391784,  max=0.9999975297211545,  std=0.22949556802487206
===============================
learning_rate = 0.01: mean=0.6423240525875462,    min=0.0008903097052391784,  max=0.9999945025925945,  std=0.24137377512141114
learning_rate = 0.001: mean=0.7974095206682686,    min=0.08934968670130317,  max=0.9999975510718586,  std=0.1540920721360258
learning_rate = 0.0001: mean=0.8190258587848632,    min=0.10726789223016531,  max=0.9999977483859559,  std=0.13789767587531862
===============================
eps = 1e-05: mean=0.7529198106802261,    min=0.0008903097052391784,  max=0.9999977483859559,  std=0.19966822533248957
eps = 1e-10: mean=0.7529198106802261,    min=0.0008903097052391784,  max=0.9999977483859559,  std=0.19966822533248957
===============================
