{"date": "2024/09/25/, 15:58:59", "conf_id": 263, "data_type": "var_s_rank\n", "num_data_points": 2, "s_rank": 0, "unitary": "[[-0.53618537-0.34368723j,-0.12107031-0.46226139j,-0.07699282-0.46603512j,0.36022595-0.11472301j],[0.26026499-0.63450712j,-0.56616638+0.37832564j,-0.14988651+0.08458591j,0.10363514-0.16008501j],[-0.32580188-0.11070003j,-0.36476308-0.23593218j,0.02559343+0.41761608j,-0.25598305+0.6725303j],[0.07406738-0.0126433j,0.28513701+0.19483972j,-0.74939717-0.10299659j,0.29798249+0.46269921j]]", "databatch_0": {"databatch": "[[[0.0862629-0.32636905j,-0.0768405-0.26219354j,-0.06980495+0.04640091j,0.01231761+0.23071747j],[-0.04385535+0.14937915j,0.03214069+0.12183621j,0.0327619-0.02051709j,-0.00278916-0.10651737j],[-0.06133411+0.35942295j,0.10794405+0.27465764j,0.07062199-0.0566481j,-0.03549593-0.24701687j],[-0.43016139+0.03811009j,-0.28203972+0.20643992j,0.08617405+0.06380945j,0.27222286-0.11512721j]],[[0.03198799+0.26739885j,-0.12352531-0.01021599j,-0.05804803+0.03858236j,0.1121448-0.03710128j],[-0.53899657+0.1141418j,-0.00180228-0.25356669j,-0.08924474-0.11121434j,0.09613243+0.22171351j],[0.08888536+0.32850086j,-0.15632091+0.0098102j,-0.0655279+0.05885534j,0.13344001-0.06689391j],[-0.03431979+0.43203548j,-0.19165448-0.05528698j,-0.10382017+0.04246747j,0.18870251-0.02297717j]]]", "initial param values": "[5.69886897,4.31634545,4.22903872,6.21269584,2.32186868,5.79020927]", "nelder_mead": {"type": "gradient-free", "0": {"maxiter": 100, "fatol": 1e-05, "xatol": 1e-05, "duration": 0.03759002685546875, "fun": "0.14285039328145466", "nit": "100", "nfev": "155", "status": "2", "success": "False", "message": "Maximum number of iterations has been exceeded.", "x": "[2.61910868 5.87968075 4.01600286 7.46053317 1.23949924 7.05448646]", "final_simplex": "(array([[2.61910868, 5.87968075, 4.01600286, 7.46053317, 1.23949924,\n        7.05448646],\n       [2.73269873, 5.87161754, 3.99806038, 7.39933874, 1.15096476,\n        7.28831542],\n       [2.79136269, 5.78027078, 3.91089869, 7.33427411, 1.2401007 ,\n        7.10634407],\n       [2.5983973 , 5.82846174, 3.98960445, 7.31580715, 1.18723776,\n        7.26091402],\n       [2.57907098, 5.90930035, 3.99537905, 7.38869801, 1.12432938,\n        7.24919558],\n       [2.7195078 , 5.78716736, 3.87659705, 7.33220462, 1.15302474,\n        7.10702492],\n       [2.73520687, 5.7834114 , 3.81885412, 7.3994369 , 1.24335274,\n        7.25943229]]), array([0.14285039, 0.14817358, 0.15120816, 0.15148302, 0.15215496,\n       0.15495063, 0.15569488]))", "callback": [0.8887084203954001, 0.592525624075197, 0.40758337084377727, 0.3492372186960351, 0.3042517164694407, 0.28295992997252983, 0.2552790659838732, 0.22495946214064588, 0.16908106519450405, 0.15619136357943275]}, "1": {"maxiter": 100, "fatol": 1e-05, "xatol": 1e-10, "duration": 0.035392045974731445, "fun": "0.14285039328145466", "nit": "100", "nfev": "155", "status": "2", "success": "False", "message": "Maximum number of iterations has been exceeded.", "x": "[2.61910868 5.87968075 4.01600286 7.46053317 1.23949924 7.05448646]", "final_simplex": "(array([[2.61910868, 5.87968075, 4.01600286, 7.46053317, 1.23949924,\n        7.05448646],\n       [2.73269873, 5.87161754, 3.99806038, 7.39933874, 1.15096476,\n        7.28831542],\n       [2.79136269, 5.78027078, 3.91089869, 7.33427411, 1.2401007 ,\n        7.10634407],\n       [2.5983973 , 5.82846174, 3.98960445, 7.31580715, 1.18723776,\n        7.26091402],\n       [2.57907098, 5.90930035, 3.99537905, 7.38869801, 1.12432938,\n        7.24919558],\n       [2.7195078 , 5.78716736, 3.87659705, 7.33220462, 1.15302474,\n        7.10702492],\n       [2.73520687, 5.7834114 , 3.81885412, 7.3994369 , 1.24335274,\n        7.25943229]]), array([0.14285039, 0.14817358, 0.15120816, 0.15148302, 0.15215496,\n       0.15495063, 0.15569488]))", "callback": [0.8887084203954001, 0.592525624075197, 0.40758337084377727, 0.3492372186960351, 0.3042517164694407, 0.28295992997252983, 0.2552790659838732, 0.22495946214064588, 0.16908106519450405, 0.15619136357943275]}, "2": {"maxiter": 100, "fatol": 1e-10, "xatol": 1e-05, "duration": 0.034986019134521484, "fun": "0.14285039328145466", "nit": "100", "nfev": "155", "status": "2", "success": "False", "message": "Maximum number of iterations has been exceeded.", "x": "[2.61910868 5.87968075 4.01600286 7.46053317 1.23949924 7.05448646]", "final_simplex": "(array([[2.61910868, 5.87968075, 4.01600286, 7.46053317, 1.23949924,\n        7.05448646],\n       [2.73269873, 5.87161754, 3.99806038, 7.39933874, 1.15096476,\n        7.28831542],\n       [2.79136269, 5.78027078, 3.91089869, 7.33427411, 1.2401007 ,\n        7.10634407],\n       [2.5983973 , 5.82846174, 3.98960445, 7.31580715, 1.18723776,\n        7.26091402],\n       [2.57907098, 5.90930035, 3.99537905, 7.38869801, 1.12432938,\n        7.24919558],\n       [2.7195078 , 5.78716736, 3.87659705, 7.33220462, 1.15302474,\n        7.10702492],\n       [2.73520687, 5.7834114 , 3.81885412, 7.3994369 , 1.24335274,\n        7.25943229]]), array([0.14285039, 0.14817358, 0.15120816, 0.15148302, 0.15215496,\n       0.15495063, 0.15569488]))", "callback": [0.8887084203954001, 0.592525624075197, 0.40758337084377727, 0.3492372186960351, 0.3042517164694407, 0.28295992997252983, 0.2552790659838732, 0.22495946214064588, 0.16908106519450405, 0.15619136357943275]}, "3": {"maxiter": 100, "fatol": 1e-10, "xatol": 1e-10, "duration": 0.03435516357421875, "fun": "0.14285039328145466", "nit": "100", "nfev": "155", "status": "2", "success": "False", "message": "Maximum number of iterations has been exceeded.", "x": "[2.61910868 5.87968075 4.01600286 7.46053317 1.23949924 7.05448646]", "final_simplex": "(array([[2.61910868, 5.87968075, 4.01600286, 7.46053317, 1.23949924,\n        7.05448646],\n       [2.73269873, 5.87161754, 3.99806038, 7.39933874, 1.15096476,\n        7.28831542],\n       [2.79136269, 5.78027078, 3.91089869, 7.33427411, 1.2401007 ,\n        7.10634407],\n       [2.5983973 , 5.82846174, 3.98960445, 7.31580715, 1.18723776,\n        7.26091402],\n       [2.57907098, 5.90930035, 3.99537905, 7.38869801, 1.12432938,\n        7.24919558],\n       [2.7195078 , 5.78716736, 3.87659705, 7.33220462, 1.15302474,\n        7.10702492],\n       [2.73520687, 5.7834114 , 3.81885412, 7.3994369 , 1.24335274,\n        7.25943229]]), array([0.14285039, 0.14817358, 0.15120816, 0.15148302, 0.15215496,\n       0.15495063, 0.15569488]))", "callback": [0.8887084203954001, 0.592525624075197, 0.40758337084377727, 0.3492372186960351, 0.3042517164694407, 0.28295992997252983, 0.2552790659838732, 0.22495946214064588, 0.16908106519450405, 0.15619136357943275]}, "4": {"maxiter": 500, "fatol": 1e-05, "xatol": 1e-05, "duration": 0.15116500854492188, "fun": "0.0935644737541147", "nit": "428", "nfev": "669", "status": "0", "success": "True", "message": "Optimization terminated successfully.", "x": "[2.58699931 5.09274618 3.94403503 8.14412481 0.94840948 6.9086464 ]", "final_simplex": "(array([[2.58699931, 5.09274618, 3.94403503, 8.14412481, 0.94840948,\n        6.9086464 ],\n       [2.58699867, 5.09273909, 3.94403016, 8.14413113, 0.94840635,\n        6.90864058],\n       [2.5870008 , 5.09274866, 3.944039  , 8.14412954, 0.94840709,\n        6.90864253],\n       [2.5869977 , 5.09274254, 3.94403224, 8.14412863, 0.94840994,\n        6.90864581],\n       [2.58699703, 5.0927465 , 3.94403662, 8.14412752, 0.94840585,\n        6.90864263],\n       [2.58700315, 5.09275174, 3.94403373, 8.14412249, 0.94841058,\n        6.90864579],\n       [2.58699868, 5.09274559, 3.94403769, 8.14413064, 0.94840675,\n        6.90863786]]), array([0.09356447, 0.09356447, 0.09356447, 0.09356447, 0.09356447,\n       0.09356447, 0.09356447]))", "callback": [0.8887084203954001, 0.592525624075197, 0.40758337084377727, 0.3492372186960351, 0.3042517164694407, 0.28295992997252983, 0.2552790659838732, 0.22495946214064588, 0.16908106519450405, 0.15619136357943275, 0.1414033843871868, 0.1303561867427686, 0.12066801523757209, 0.11988005447091266, 0.1189584687264732, 0.1186852479149394, 0.11851282202849234, 0.11834930982865755, 0.11812415467912518, 0.11778792328060583, 0.1166525642852213, 0.11352287226435598, 0.10747968798410157, 0.10216037795119615, 0.09834489754584419, 0.09523953478823266, 0.09395684480476629, 0.09361314258009956, 0.09358416461725183, 0.09357015418124792, 0.09356657531323276, 0.09356598778380198, 0.09356514715023789, 0.09356496898960442, 0.09356487225103649, 0.09356457887182035, 0.09356452277527949, 0.09356448666687356, 0.09356447984643268, 0.09356447498056952, 0.09356447401032209, 0.0935644737810084, 0.0935644737568272]}, "5": {"maxiter": 500, "fatol": 1e-05, "xatol": 1e-10, "duration": 0.18096423149108887, "fun": "0.09356447375185595", "nit": "500", "nfev": "790", "status": "2", "success": "False", "message": "Maximum number of iterations has been exceeded.", "x": "[2.58700026 5.09274336 3.94403197 8.14412734 0.94840798 6.90864411]", "final_simplex": "(array([[2.58700026, 5.09274336, 3.94403197, 8.14412734, 0.94840798,\n        6.90864411],\n       [2.58700023, 5.09274333, 3.94403199, 8.14412736, 0.94840798,\n        6.90864411],\n       [2.58700022, 5.0927434 , 3.94403205, 8.14412735, 0.948408  ,\n        6.90864411],\n       [2.58700025, 5.09274342, 3.94403204, 8.1441273 , 0.94840798,\n        6.90864413],\n       [2.58700022, 5.09274339, 3.94403202, 8.14412733, 0.94840799,\n        6.90864412],\n       [2.58700023, 5.09274339, 3.94403203, 8.14412735, 0.94840796,\n        6.90864411],\n       [2.58700022, 5.09274334, 3.94403198, 8.14412735, 0.94840795,\n        6.90864408]]), array([0.09356447, 0.09356447, 0.09356447, 0.09356447, 0.09356447,\n       0.09356447, 0.09356447]))", "callback": [0.8887084203954001, 0.592525624075197, 0.40758337084377727, 0.3492372186960351, 0.3042517164694407, 0.28295992997252983, 0.2552790659838732, 0.22495946214064588, 0.16908106519450405, 0.15619136357943275, 0.1414033843871868, 0.1303561867427686, 0.12066801523757209, 0.11988005447091266, 0.1189584687264732, 0.1186852479149394, 0.11851282202849234, 0.11834930982865755, 0.11812415467912518, 0.11778792328060583, 0.1166525642852213, 0.11352287226435598, 0.10747968798410157, 0.10216037795119615, 0.09834489754584419, 0.09523953478823266, 0.09395684480476629, 0.09361314258009956, 0.09358416461725183, 0.09357015418124792, 0.09356657531323276, 0.09356598778380198, 0.09356514715023789, 0.09356496898960442, 0.09356487225103649, 0.09356457887182035, 0.09356452277527949, 0.09356448666687356, 0.09356447984643268, 0.09356447498056952, 0.09356447401032209, 0.0935644737810084, 0.0935644737568272, 0.0935644737528547, 0.09356447375209853, 0.09356447375191179, 0.09356447375187904, 0.09356447375186339, 0.0935644737518585, 0.09356447375185617]}, "6": {"maxiter": 500, "fatol": 1e-10, "xatol": 1e-05, "duration": 0.15901398658752441, "fun": "0.0935644737541147", "nit": "428", "nfev": "669", "status": "0", "success": "True", "message": "Optimization terminated successfully.", "x": "[2.58699931 5.09274618 3.94403503 8.14412481 0.94840948 6.9086464 ]", "final_simplex": "(array([[2.58699931, 5.09274618, 3.94403503, 8.14412481, 0.94840948,\n        6.9086464 ],\n       [2.58699867, 5.09273909, 3.94403016, 8.14413113, 0.94840635,\n        6.90864058],\n       [2.5870008 , 5.09274866, 3.944039  , 8.14412954, 0.94840709,\n        6.90864253],\n       [2.5869977 , 5.09274254, 3.94403224, 8.14412863, 0.94840994,\n        6.90864581],\n       [2.58699703, 5.0927465 , 3.94403662, 8.14412752, 0.94840585,\n        6.90864263],\n       [2.58700315, 5.09275174, 3.94403373, 8.14412249, 0.94841058,\n        6.90864579],\n       [2.58699868, 5.09274559, 3.94403769, 8.14413064, 0.94840675,\n        6.90863786]]), array([0.09356447, 0.09356447, 0.09356447, 0.09356447, 0.09356447,\n       0.09356447, 0.09356447]))", "callback": [0.8887084203954001, 0.592525624075197, 0.40758337084377727, 0.3492372186960351, 0.3042517164694407, 0.28295992997252983, 0.2552790659838732, 0.22495946214064588, 0.16908106519450405, 0.15619136357943275, 0.1414033843871868, 0.1303561867427686, 0.12066801523757209, 0.11988005447091266, 0.1189584687264732, 0.1186852479149394, 0.11851282202849234, 0.11834930982865755, 0.11812415467912518, 0.11778792328060583, 0.1166525642852213, 0.11352287226435598, 0.10747968798410157, 0.10216037795119615, 0.09834489754584419, 0.09523953478823266, 0.09395684480476629, 0.09361314258009956, 0.09358416461725183, 0.09357015418124792, 0.09356657531323276, 0.09356598778380198, 0.09356514715023789, 0.09356496898960442, 0.09356487225103649, 0.09356457887182035, 0.09356452277527949, 0.09356448666687356, 0.09356447984643268, 0.09356447498056952, 0.09356447401032209, 0.0935644737810084, 0.0935644737568272]}, "7": {"maxiter": 500, "fatol": 1e-10, "xatol": 1e-10, "duration": 0.18264508247375488, "fun": "0.09356447375185595", "nit": "500", "nfev": "790", "status": "2", "success": "False", "message": "Maximum number of iterations has been exceeded.", "x": "[2.58700026 5.09274336 3.94403197 8.14412734 0.94840798 6.90864411]", "final_simplex": "(array([[2.58700026, 5.09274336, 3.94403197, 8.14412734, 0.94840798,\n        6.90864411],\n       [2.58700023, 5.09274333, 3.94403199, 8.14412736, 0.94840798,\n        6.90864411],\n       [2.58700022, 5.0927434 , 3.94403205, 8.14412735, 0.948408  ,\n        6.90864411],\n       [2.58700025, 5.09274342, 3.94403204, 8.1441273 , 0.94840798,\n        6.90864413],\n       [2.58700022, 5.09274339, 3.94403202, 8.14412733, 0.94840799,\n        6.90864412],\n       [2.58700023, 5.09274339, 3.94403203, 8.14412735, 0.94840796,\n        6.90864411],\n       [2.58700022, 5.09274334, 3.94403198, 8.14412735, 0.94840795,\n        6.90864408]]), array([0.09356447, 0.09356447, 0.09356447, 0.09356447, 0.09356447,\n       0.09356447, 0.09356447]))", "callback": [0.8887084203954001, 0.592525624075197, 0.40758337084377727, 0.3492372186960351, 0.3042517164694407, 0.28295992997252983, 0.2552790659838732, 0.22495946214064588, 0.16908106519450405, 0.15619136357943275, 0.1414033843871868, 0.1303561867427686, 0.12066801523757209, 0.11988005447091266, 0.1189584687264732, 0.1186852479149394, 0.11851282202849234, 0.11834930982865755, 0.11812415467912518, 0.11778792328060583, 0.1166525642852213, 0.11352287226435598, 0.10747968798410157, 0.10216037795119615, 0.09834489754584419, 0.09523953478823266, 0.09395684480476629, 0.09361314258009956, 0.09358416461725183, 0.09357015418124792, 0.09356657531323276, 0.09356598778380198, 0.09356514715023789, 0.09356496898960442, 0.09356487225103649, 0.09356457887182035, 0.09356452277527949, 0.09356448666687356, 0.09356447984643268, 0.09356447498056952, 0.09356447401032209, 0.0935644737810084, 0.0935644737568272, 0.0935644737528547, 0.09356447375209853, 0.09356447375191179, 0.09356447375187904, 0.09356447375186339, 0.0935644737518585, 0.09356447375185617]}, "8": {"maxiter": 1000, "fatol": 1e-05, "xatol": 1e-05, "duration": 0.1467268466949463, "fun": "0.0935644737541147", "nit": "428", "nfev": "669", "status": "0", "success": "True", "message": "Optimization terminated successfully.", "x": "[2.58699931 5.09274618 3.94403503 8.14412481 0.94840948 6.9086464 ]", "final_simplex": "(array([[2.58699931, 5.09274618, 3.94403503, 8.14412481, 0.94840948,\n        6.9086464 ],\n       [2.58699867, 5.09273909, 3.94403016, 8.14413113, 0.94840635,\n        6.90864058],\n       [2.5870008 , 5.09274866, 3.944039  , 8.14412954, 0.94840709,\n        6.90864253],\n       [2.5869977 , 5.09274254, 3.94403224, 8.14412863, 0.94840994,\n        6.90864581],\n       [2.58699703, 5.0927465 , 3.94403662, 8.14412752, 0.94840585,\n        6.90864263],\n       [2.58700315, 5.09275174, 3.94403373, 8.14412249, 0.94841058,\n        6.90864579],\n       [2.58699868, 5.09274559, 3.94403769, 8.14413064, 0.94840675,\n        6.90863786]]), array([0.09356447, 0.09356447, 0.09356447, 0.09356447, 0.09356447,\n       0.09356447, 0.09356447]))", "callback": [0.8887084203954001, 0.592525624075197, 0.40758337084377727, 0.3492372186960351, 0.3042517164694407, 0.28295992997252983, 0.2552790659838732, 0.22495946214064588, 0.16908106519450405, 0.15619136357943275, 0.1414033843871868, 0.1303561867427686, 0.12066801523757209, 0.11988005447091266, 0.1189584687264732, 0.1186852479149394, 0.11851282202849234, 0.11834930982865755, 0.11812415467912518, 0.11778792328060583, 0.1166525642852213, 0.11352287226435598, 0.10747968798410157, 0.10216037795119615, 0.09834489754584419, 0.09523953478823266, 0.09395684480476629, 0.09361314258009956, 0.09358416461725183, 0.09357015418124792, 0.09356657531323276, 0.09356598778380198, 0.09356514715023789, 0.09356496898960442, 0.09356487225103649, 0.09356457887182035, 0.09356452277527949, 0.09356448666687356, 0.09356447984643268, 0.09356447498056952, 0.09356447401032209, 0.0935644737810084, 0.0935644737568272]}, "9": {"maxiter": 1000, "fatol": 1e-05, "xatol": 1e-10, "duration": 0.27147698402404785, "fun": "0.0935644737518555", "nit": "539", "nfev": "904", "status": "0", "success": "True", "message": "Optimization terminated successfully.", "x": "[2.58700024 5.09274336 3.94403199 8.14412734 0.94840799 6.90864412]", "final_simplex": "(array([[2.58700024, 5.09274336, 3.94403199, 8.14412734, 0.94840799,\n        6.90864412],\n       [2.58700024, 5.09274336, 3.94403199, 8.14412734, 0.94840799,\n        6.90864412],\n       [2.58700024, 5.09274336, 3.94403199, 8.14412734, 0.94840799,\n        6.90864412],\n       [2.58700024, 5.09274336, 3.94403199, 8.14412734, 0.94840799,\n        6.90864412],\n       [2.58700024, 5.09274336, 3.94403199, 8.14412734, 0.94840799,\n        6.90864412],\n       [2.58700024, 5.09274336, 3.94403199, 8.14412734, 0.94840799,\n        6.90864412],\n       [2.58700024, 5.09274336, 3.94403199, 8.14412734, 0.94840799,\n        6.90864412]]), array([0.09356447, 0.09356447, 0.09356447, 0.09356447, 0.09356447,\n       0.09356447, 0.09356447]))", "callback": [0.8887084203954001, 0.592525624075197, 0.40758337084377727, 0.3492372186960351, 0.3042517164694407, 0.28295992997252983, 0.2552790659838732, 0.22495946214064588, 0.16908106519450405, 0.15619136357943275, 0.1414033843871868, 0.1303561867427686, 0.12066801523757209, 0.11988005447091266, 0.1189584687264732, 0.1186852479149394, 0.11851282202849234, 0.11834930982865755, 0.11812415467912518, 0.11778792328060583, 0.1166525642852213, 0.11352287226435598, 0.10747968798410157, 0.10216037795119615, 0.09834489754584419, 0.09523953478823266, 0.09395684480476629, 0.09361314258009956, 0.09358416461725183, 0.09357015418124792, 0.09356657531323276, 0.09356598778380198, 0.09356514715023789, 0.09356496898960442, 0.09356487225103649, 0.09356457887182035, 0.09356452277527949, 0.09356448666687356, 0.09356447984643268, 0.09356447498056952, 0.09356447401032209, 0.0935644737810084, 0.0935644737568272, 0.0935644737528547, 0.09356447375209853, 0.09356447375191179, 0.09356447375187904, 0.09356447375186339, 0.0935644737518585, 0.09356447375185617, 0.09356447375185595, 0.09356447375185561, 0.0935644737518555, 0.0935644737518555]}, "10": {"maxiter": 1000, "fatol": 1e-10, "xatol": 1e-05, "duration": 0.15796494483947754, "fun": "0.0935644737541147", "nit": "428", "nfev": "669", "status": "0", "success": "True", "message": "Optimization terminated successfully.", "x": "[2.58699931 5.09274618 3.94403503 8.14412481 0.94840948 6.9086464 ]", "final_simplex": "(array([[2.58699931, 5.09274618, 3.94403503, 8.14412481, 0.94840948,\n        6.9086464 ],\n       [2.58699867, 5.09273909, 3.94403016, 8.14413113, 0.94840635,\n        6.90864058],\n       [2.5870008 , 5.09274866, 3.944039  , 8.14412954, 0.94840709,\n        6.90864253],\n       [2.5869977 , 5.09274254, 3.94403224, 8.14412863, 0.94840994,\n        6.90864581],\n       [2.58699703, 5.0927465 , 3.94403662, 8.14412752, 0.94840585,\n        6.90864263],\n       [2.58700315, 5.09275174, 3.94403373, 8.14412249, 0.94841058,\n        6.90864579],\n       [2.58699868, 5.09274559, 3.94403769, 8.14413064, 0.94840675,\n        6.90863786]]), array([0.09356447, 0.09356447, 0.09356447, 0.09356447, 0.09356447,\n       0.09356447, 0.09356447]))", "callback": [0.8887084203954001, 0.592525624075197, 0.40758337084377727, 0.3492372186960351, 0.3042517164694407, 0.28295992997252983, 0.2552790659838732, 0.22495946214064588, 0.16908106519450405, 0.15619136357943275, 0.1414033843871868, 0.1303561867427686, 0.12066801523757209, 0.11988005447091266, 0.1189584687264732, 0.1186852479149394, 0.11851282202849234, 0.11834930982865755, 0.11812415467912518, 0.11778792328060583, 0.1166525642852213, 0.11352287226435598, 0.10747968798410157, 0.10216037795119615, 0.09834489754584419, 0.09523953478823266, 0.09395684480476629, 0.09361314258009956, 0.09358416461725183, 0.09357015418124792, 0.09356657531323276, 0.09356598778380198, 0.09356514715023789, 0.09356496898960442, 0.09356487225103649, 0.09356457887182035, 0.09356452277527949, 0.09356448666687356, 0.09356447984643268, 0.09356447498056952, 0.09356447401032209, 0.0935644737810084, 0.0935644737568272]}, "11": {"maxiter": 1000, "fatol": 1e-10, "xatol": 1e-10, "duration": 0.21948003768920898, "fun": "0.0935644737518555", "nit": "539", "nfev": "904", "status": "0", "success": "True", "message": "Optimization terminated successfully.", "x": "[2.58700024 5.09274336 3.94403199 8.14412734 0.94840799 6.90864412]", "final_simplex": "(array([[2.58700024, 5.09274336, 3.94403199, 8.14412734, 0.94840799,\n        6.90864412],\n       [2.58700024, 5.09274336, 3.94403199, 8.14412734, 0.94840799,\n        6.90864412],\n       [2.58700024, 5.09274336, 3.94403199, 8.14412734, 0.94840799,\n        6.90864412],\n       [2.58700024, 5.09274336, 3.94403199, 8.14412734, 0.94840799,\n        6.90864412],\n       [2.58700024, 5.09274336, 3.94403199, 8.14412734, 0.94840799,\n        6.90864412],\n       [2.58700024, 5.09274336, 3.94403199, 8.14412734, 0.94840799,\n        6.90864412],\n       [2.58700024, 5.09274336, 3.94403199, 8.14412734, 0.94840799,\n        6.90864412]]), array([0.09356447, 0.09356447, 0.09356447, 0.09356447, 0.09356447,\n       0.09356447, 0.09356447]))", "callback": [0.8887084203954001, 0.592525624075197, 0.40758337084377727, 0.3492372186960351, 0.3042517164694407, 0.28295992997252983, 0.2552790659838732, 0.22495946214064588, 0.16908106519450405, 0.15619136357943275, 0.1414033843871868, 0.1303561867427686, 0.12066801523757209, 0.11988005447091266, 0.1189584687264732, 0.1186852479149394, 0.11851282202849234, 0.11834930982865755, 0.11812415467912518, 0.11778792328060583, 0.1166525642852213, 0.11352287226435598, 0.10747968798410157, 0.10216037795119615, 0.09834489754584419, 0.09523953478823266, 0.09395684480476629, 0.09361314258009956, 0.09358416461725183, 0.09357015418124792, 0.09356657531323276, 0.09356598778380198, 0.09356514715023789, 0.09356496898960442, 0.09356487225103649, 0.09356457887182035, 0.09356452277527949, 0.09356448666687356, 0.09356447984643268, 0.09356447498056952, 0.09356447401032209, 0.0935644737810084, 0.0935644737568272, 0.0935644737528547, 0.09356447375209853, 0.09356447375191179, 0.09356447375187904, 0.09356447375186339, 0.0935644737518585, 0.09356447375185617, 0.09356447375185595, 0.09356447375185561, 0.0935644737518555, 0.0935644737518555]}}, "bfgs": {"type": "gradient", "0": {"maxiter": 100, "gtol": 1e-05, "xrtol": 1e-05, "eps": 1e-05, "duration": 0.06424880027770996, "fun": "0.2581864448391603", "jac": "[ 2.04380957e-06  7.35306260e-06 -3.90038002e-06 -7.16021686e-06\n -1.58660862e-06  7.09624581e-06]", "hess_inv": "[[ 3.18823756  1.72252865 -0.35277741  0.86733278  1.35371632  0.36912005]\n [ 1.72252865 18.1431392  -8.5399051   8.37037677  7.15768233  1.14799694]\n [-0.35277741 -8.5399051   9.61680304 -2.55919601  0.97330566  0.1649551 ]\n [ 0.86733278  8.37037677 -2.55919601  8.07974272  3.45568783  0.64504628]\n [ 1.35371632  7.15768233  0.97330566  3.45568783 11.34831071  3.2866913 ]\n [ 0.36912005  1.14799694  0.1649551   0.64504628  3.2866913   4.16929334]]", "nfev": "273", "njev": "39", "status": "0", "success": "True", "message": "Optimization terminated successfully.", "x": "[7.09451283 5.42365516 0.81517836 8.421629   4.54463725 8.88093937]", "nit": "26", "callback": [0.8602961050979095, 0.6327029847158214, 0.5462535568008076, 0.5201559604287775, 0.5016135448725655, 0.48685326152773, 0.4781705453950169, 0.47023369387368286, 0.41762163529868424, 0.41483867582669953, 0.4130271501680798, 0.3959376758358709, 0.37949852066231604, 0.3716670103730333, 0.2857699881954683, 0.2791841879665651, 0.2720019257987175, 0.26502728902779005, 0.26226499079213006, 0.26052357596846076, 0.25941542262137973, 0.25867992581083177, 0.2584372791345676, 0.258196993876903, 0.2581867455826168, 0.2581864448391603]}, "1": {"maxiter": 100, "gtol": 1e-05, "xrtol": 1e-05, "eps": 1e-10, "duration": 0.06702899932861328, "fun": "0.25818644432644533", "jac": "[ 0.00000000e+00 -2.22044587e-06 -2.22044587e-06  3.33066880e-06\n  1.11022293e-06  3.33066880e-06]", "hess_inv": "[[ 3.1199797   2.42771884 -0.63193303  1.31798228  1.58388707  0.52792372]\n [ 2.42771884 17.79412088 -8.54002662  7.86379021  7.66654278  1.86581245]\n [-0.63193303 -8.54002662  9.98487365 -2.50935696  0.7276342  -0.09293392]\n [ 1.31798228  7.86379021 -2.50935696  8.21624281  3.75546698  1.61361456]\n [ 1.58388707  7.66654278  0.7276342   3.75546698 11.27192515  3.69483441]\n [ 0.52792372  1.86581245 -0.09293392  1.61361456  3.69483441  4.686804  ]]", "nfev": "280", "njev": "40", "status": "0", "success": "True", "message": "Optimization terminated successfully.", "x": "[7.09451437 5.42357673 0.81526478 8.42164739 4.54464424 8.88093403]", "nit": "29", "callback": [0.860297108318598, 0.6326252203352238, 0.5462217009968919, 0.52011980884237, 0.5016050705742128, 0.486817212355119, 0.4781632684070226, 0.47019928599655025, 0.4176391067951982, 0.41486745286740534, 0.41318747959728463, 0.397131610239145, 0.37851806511745867, 0.3706963252263341, 0.31432163698119664, 0.3025384258881729, 0.28506167211647493, 0.2744219213577376, 0.26599514808617797, 0.2620810855115093, 0.2590396816938958, 0.25868509525403904, 0.25850646589091586, 0.25832064032379864, 0.25821669840937145, 0.2581887208356439, 0.2581864772935766, 0.2581864450333301, 0.25818644432644533]}, "2": {"maxiter": 100, "gtol": 1e-05, "xrtol": 1e-10, "eps": 1e-05, "duration": 0.06224703788757324, "fun": "0.2581864448391603", "jac": "[ 2.04380957e-06  7.35306260e-06 -3.90038002e-06 -7.16021686e-06\n -1.58660862e-06  7.09624581e-06]", "hess_inv": "[[ 3.18823756  1.72252865 -0.35277741  0.86733278  1.35371632  0.36912005]\n [ 1.72252865 18.1431392  -8.5399051   8.37037677  7.15768233  1.14799694]\n [-0.35277741 -8.5399051   9.61680304 -2.55919601  0.97330566  0.1649551 ]\n [ 0.86733278  8.37037677 -2.55919601  8.07974272  3.45568783  0.64504628]\n [ 1.35371632  7.15768233  0.97330566  3.45568783 11.34831071  3.2866913 ]\n [ 0.36912005  1.14799694  0.1649551   0.64504628  3.2866913   4.16929334]]", "nfev": "273", "njev": "39", "status": "0", "success": "True", "message": "Optimization terminated successfully.", "x": "[7.09451283 5.42365516 0.81517836 8.421629   4.54463725 8.88093937]", "nit": "26", "callback": [0.8602961050979095, 0.6327029847158214, 0.5462535568008076, 0.5201559604287775, 0.5016135448725655, 0.48685326152773, 0.4781705453950169, 0.47023369387368286, 0.41762163529868424, 0.41483867582669953, 0.4130271501680798, 0.3959376758358709, 0.37949852066231604, 0.3716670103730333, 0.2857699881954683, 0.2791841879665651, 0.2720019257987175, 0.26502728902779005, 0.26226499079213006, 0.26052357596846076, 0.25941542262137973, 0.25867992581083177, 0.2584372791345676, 0.258196993876903, 0.2581867455826168, 0.2581864448391603]}, "3": {"maxiter": 100, "gtol": 1e-05, "xrtol": 1e-10, "eps": 1e-10, "duration": 0.0643758773803711, "fun": "0.25818644432644533", "jac": "[ 0.00000000e+00 -2.22044587e-06 -2.22044587e-06  3.33066880e-06\n  1.11022293e-06  3.33066880e-06]", "hess_inv": "[[ 3.1199797   2.42771884 -0.63193303  1.31798228  1.58388707  0.52792372]\n [ 2.42771884 17.79412088 -8.54002662  7.86379021  7.66654278  1.86581245]\n [-0.63193303 -8.54002662  9.98487365 -2.50935696  0.7276342  -0.09293392]\n [ 1.31798228  7.86379021 -2.50935696  8.21624281  3.75546698  1.61361456]\n [ 1.58388707  7.66654278  0.7276342   3.75546698 11.27192515  3.69483441]\n [ 0.52792372  1.86581245 -0.09293392  1.61361456  3.69483441  4.686804  ]]", "nfev": "280", "njev": "40", "status": "0", "success": "True", "message": "Optimization terminated successfully.", "x": "[7.09451437 5.42357673 0.81526478 8.42164739 4.54464424 8.88093403]", "nit": "29", "callback": [0.860297108318598, 0.6326252203352238, 0.5462217009968919, 0.52011980884237, 0.5016050705742128, 0.486817212355119, 0.4781632684070226, 0.47019928599655025, 0.4176391067951982, 0.41486745286740534, 0.41318747959728463, 0.397131610239145, 0.37851806511745867, 0.3706963252263341, 0.31432163698119664, 0.3025384258881729, 0.28506167211647493, 0.2744219213577376, 0.26599514808617797, 0.2620810855115093, 0.2590396816938958, 0.25868509525403904, 0.25850646589091586, 0.25832064032379864, 0.25821669840937145, 0.2581887208356439, 0.2581864772935766, 0.2581864450333301, 0.25818644432644533]}, "4": {"maxiter": 100, "gtol": 1e-10, "xrtol": 1e-05, "eps": 1e-05, "duration": 0.06585001945495605, "fun": "0.2581864443958848", "jac": "[-4.89308594e-07 -9.41247080e-08 -4.62929695e-07  1.21425092e-07\n  3.23863159e-07  2.93010061e-07]", "hess_inv": "[[ 3.20629481  1.87465792 -0.47476264  0.88306022  1.40211886  0.41352103]\n [ 1.87465792 18.81827046 -8.98564595  8.55879819  7.30765836  1.24422818]\n [-0.47476264 -8.98564595  9.88247957 -2.71909758  0.89368819  0.13159096]\n [ 0.88306022  8.55879819 -2.71909758  8.08828528  3.52161432  0.70933443]\n [ 1.40211886  7.30765836  0.89368819  3.52161432 11.36847271  3.28761234]\n [ 0.41352103  1.24422818  0.13159096  0.70933443  3.28761234  4.15119854]]", "nfev": "280", "njev": "40", "status": "0", "success": "True", "message": "Optimization terminated successfully.", "x": "[7.09449625 5.42354196 0.81526497 8.42161212 4.54460406 8.88091073]", "nit": "27", "callback": [0.8602961050979095, 0.6327029847158214, 0.5462535568008076, 0.5201559604287775, 0.5016135448725655, 0.48685326152773, 0.4781705453950169, 0.47023369387368286, 0.41762163529868424, 0.41483867582669953, 0.4130271501680798, 0.3959376758358709, 0.37949852066231604, 0.3716670103730333, 0.2857699881954683, 0.2791841879665651, 0.2720019257987175, 0.26502728902779005, 0.26226499079213006, 0.26052357596846076, 0.25941542262137973, 0.25867992581083177, 0.2584372791345676, 0.258196993876903, 0.2581867455826168, 0.2581864448391603, 0.2581864443958848]}, "5": {"maxiter": 100, "gtol": 1e-10, "xrtol": 1e-05, "eps": 1e-10, "duration": 0.06278204917907715, "fun": "0.25818644432644533", "jac": "[ 0.00000000e+00 -2.22044587e-06 -2.22044587e-06  3.33066880e-06\n  1.11022293e-06  3.33066880e-06]", "hess_inv": "[[ 3.1199797   2.42771884 -0.63193303  1.31798228  1.58388707  0.52792372]\n [ 2.42771884 17.79412088 -8.54002662  7.86379021  7.66654278  1.86581245]\n [-0.63193303 -8.54002662  9.98487365 -2.50935696  0.7276342  -0.09293392]\n [ 1.31798228  7.86379021 -2.50935696  8.21624281  3.75546698  1.61361456]\n [ 1.58388707  7.66654278  0.7276342   3.75546698 11.27192515  3.69483441]\n [ 0.52792372  1.86581245 -0.09293392  1.61361456  3.69483441  4.686804  ]]", "nfev": "280", "njev": "40", "status": "0", "success": "True", "message": "Optimization terminated successfully.", "x": "[7.09451437 5.42357673 0.81526478 8.42164739 4.54464424 8.88093403]", "nit": "29", "callback": [0.860297108318598, 0.6326252203352238, 0.5462217009968919, 0.52011980884237, 0.5016050705742128, 0.486817212355119, 0.4781632684070226, 0.47019928599655025, 0.4176391067951982, 0.41486745286740534, 0.41318747959728463, 0.397131610239145, 0.37851806511745867, 0.3706963252263341, 0.31432163698119664, 0.3025384258881729, 0.28506167211647493, 0.2744219213577376, 0.26599514808617797, 0.2620810855115093, 0.2590396816938958, 0.25868509525403904, 0.25850646589091586, 0.25832064032379864, 0.25821669840937145, 0.2581887208356439, 0.2581864772935766, 0.2581864450333301, 0.25818644432644533]}, "6": {"maxiter": 100, "gtol": 1e-10, "xrtol": 1e-10, "eps": 1e-05, "duration": 0.13291001319885254, "fun": "0.2581864443958848", "jac": "[-4.89308594e-07 -9.41247080e-08 -4.62929695e-07  1.21425092e-07\n  3.23863159e-07  2.93010061e-07]", "hess_inv": "[[ 3.17527408  1.81585559 -0.4226674   0.89614161  1.40920487  0.40783347]\n [ 1.81585559 19.46187969 -9.42946282  8.80394758  7.66249277  1.46984801]\n [-0.4226674  -9.42946282 10.18486116 -2.89940312  0.63646931 -0.02872644]\n [ 0.89614161  8.80394758 -2.89940312  8.14707417  3.6182573   0.78072159]\n [ 1.40920487  7.66249277  0.63646931  3.6182573  11.52121714  3.39579891]\n [ 0.40783347  1.46984801 -0.02872644  0.78072159  3.39579891  4.22416899]]", "nfev": "579", "njev": "81", "status": "2", "success": "False", "message": "Desired error not necessarily achieved due to precision loss.", "x": "[7.09449625 5.42354196 0.81526497 8.42161212 4.54460406 8.88091073]", "nit": "27", "callback": [0.8602961050979095, 0.6327029847158214, 0.5462535568008076, 0.5201559604287775, 0.5016135448725655, 0.48685326152773, 0.4781705453950169, 0.47023369387368286, 0.41762163529868424, 0.41483867582669953, 0.4130271501680798, 0.3959376758358709, 0.37949852066231604, 0.3716670103730333, 0.2857699881954683, 0.2791841879665651, 0.2720019257987175, 0.26502728902779005, 0.26226499079213006, 0.26052357596846076, 0.25941542262137973, 0.25867992581083177, 0.2584372791345676, 0.258196993876903, 0.2581867455826168, 0.2581864448391603, 0.2581864443958848]}, "7": {"maxiter": 100, "gtol": 1e-10, "xrtol": 1e-10, "eps": 1e-10, "duration": 0.09076189994812012, "fun": "0.2581864443080968", "jac": "[ 1.11022293e-06  2.22044587e-06  2.22044587e-06 -1.11022293e-06\n  0.00000000e+00  0.00000000e+00]", "hess_inv": "[[  3.54905792  11.24505422  -5.93971633   3.6404202    5.72008589\n    1.90810256]\n [ 11.24505422 127.76891867 -68.07847824  36.94313663  57.42343973\n   14.05070732]\n [ -5.93971633 -68.07847824  41.18775754 -18.09584019 -25.9584215\n   -5.83451308]\n [  3.6404202   36.94313663 -18.09584019  15.14468358  16.49636763\n    3.98031143]\n [  5.72008589  57.42343973 -25.9584215   16.49636763  33.91385511\n    8.925688  ]\n [  1.90810256  14.05070732  -5.83451308   3.98031143   8.925688\n    4.84441084]]", "nfev": "406", "njev": "58", "status": "0", "success": "True", "message": "Optimization terminated successfully.", "x": "[7.09451461 5.42358481 0.81526334 8.42163603 4.54463847 8.88091808]", "nit": "32", "callback": [0.860297108318598, 0.6326252203352238, 0.5462217009968919, 0.52011980884237, 0.5016050705742128, 0.486817212355119, 0.4781632684070226, 0.47019928599655025, 0.4176391067951982, 0.41486745286740534, 0.41318747959728463, 0.397131610239145, 0.37851806511745867, 0.3706963252263341, 0.31432163698119664, 0.3025384258881729, 0.28506167211647493, 0.2744219213577376, 0.26599514808617797, 0.2620810855115093, 0.2590396816938958, 0.25868509525403904, 0.25850646589091586, 0.25832064032379864, 0.25821669840937145, 0.2581887208356439, 0.2581864772935766, 0.2581864450333301, 0.25818644432644533, 0.2581864443144557, 0.2581864443080969, 0.2581864443080968]}, "8": {"maxiter": 500, "gtol": 1e-05, "xrtol": 1e-05, "eps": 1e-05, "duration": 0.060578107833862305, "fun": "0.2581864448391603", "jac": "[ 2.04380957e-06  7.35306260e-06 -3.90038002e-06 -7.16021686e-06\n -1.58660862e-06  7.09624581e-06]", "hess_inv": "[[ 3.18823756  1.72252865 -0.35277741  0.86733278  1.35371632  0.36912005]\n [ 1.72252865 18.1431392  -8.5399051   8.37037677  7.15768233  1.14799694]\n [-0.35277741 -8.5399051   9.61680304 -2.55919601  0.97330566  0.1649551 ]\n [ 0.86733278  8.37037677 -2.55919601  8.07974272  3.45568783  0.64504628]\n [ 1.35371632  7.15768233  0.97330566  3.45568783 11.34831071  3.2866913 ]\n [ 0.36912005  1.14799694  0.1649551   0.64504628  3.2866913   4.16929334]]", "nfev": "273", "njev": "39", "status": "0", "success": "True", "message": "Optimization terminated successfully.", "x": "[7.09451283 5.42365516 0.81517836 8.421629   4.54463725 8.88093937]", "nit": "26", "callback": [0.8602961050979095, 0.6327029847158214, 0.5462535568008076, 0.5201559604287775, 0.5016135448725655, 0.48685326152773, 0.4781705453950169, 0.47023369387368286, 0.41762163529868424, 0.41483867582669953, 0.4130271501680798, 0.3959376758358709, 0.37949852066231604, 0.3716670103730333, 0.2857699881954683, 0.2791841879665651, 0.2720019257987175, 0.26502728902779005, 0.26226499079213006, 0.26052357596846076, 0.25941542262137973, 0.25867992581083177, 0.2584372791345676, 0.258196993876903, 0.2581867455826168, 0.2581864448391603]}, "9": {"maxiter": 500, "gtol": 1e-05, "xrtol": 1e-05, "eps": 1e-10, "duration": 0.06250524520874023, "fun": "0.25818644432644533", "jac": "[ 0.00000000e+00 -2.22044587e-06 -2.22044587e-06  3.33066880e-06\n  1.11022293e-06  3.33066880e-06]", "hess_inv": "[[ 3.1199797   2.42771884 -0.63193303  1.31798228  1.58388707  0.52792372]\n [ 2.42771884 17.79412088 -8.54002662  7.86379021  7.66654278  1.86581245]\n [-0.63193303 -8.54002662  9.98487365 -2.50935696  0.7276342  -0.09293392]\n [ 1.31798228  7.86379021 -2.50935696  8.21624281  3.75546698  1.61361456]\n [ 1.58388707  7.66654278  0.7276342   3.75546698 11.27192515  3.69483441]\n [ 0.52792372  1.86581245 -0.09293392  1.61361456  3.69483441  4.686804  ]]", "nfev": "280", "njev": "40", "status": "0", "success": "True", "message": "Optimization terminated successfully.", "x": "[7.09451437 5.42357673 0.81526478 8.42164739 4.54464424 8.88093403]", "nit": "29", "callback": [0.860297108318598, 0.6326252203352238, 0.5462217009968919, 0.52011980884237, 0.5016050705742128, 0.486817212355119, 0.4781632684070226, 0.47019928599655025, 0.4176391067951982, 0.41486745286740534, 0.41318747959728463, 0.397131610239145, 0.37851806511745867, 0.3706963252263341, 0.31432163698119664, 0.3025384258881729, 0.28506167211647493, 0.2744219213577376, 0.26599514808617797, 0.2620810855115093, 0.2590396816938958, 0.25868509525403904, 0.25850646589091586, 0.25832064032379864, 0.25821669840937145, 0.2581887208356439, 0.2581864772935766, 0.2581864450333301, 0.25818644432644533]}, "10": {"maxiter": 500, "gtol": 1e-05, "xrtol": 1e-10, "eps": 1e-05, "duration": 0.06158590316772461, "fun": "0.2581864448391603", "jac": "[ 2.04380957e-06  7.35306260e-06 -3.90038002e-06 -7.16021686e-06\n -1.58660862e-06  7.09624581e-06]", "hess_inv": "[[ 3.18823756  1.72252865 -0.35277741  0.86733278  1.35371632  0.36912005]\n [ 1.72252865 18.1431392  -8.5399051   8.37037677  7.15768233  1.14799694]\n [-0.35277741 -8.5399051   9.61680304 -2.55919601  0.97330566  0.1649551 ]\n [ 0.86733278  8.37037677 -2.55919601  8.07974272  3.45568783  0.64504628]\n [ 1.35371632  7.15768233  0.97330566  3.45568783 11.34831071  3.2866913 ]\n [ 0.36912005  1.14799694  0.1649551   0.64504628  3.2866913   4.16929334]]", "nfev": "273", "njev": "39", "status": "0", "success": "True", "message": "Optimization terminated successfully.", "x": "[7.09451283 5.42365516 0.81517836 8.421629   4.54463725 8.88093937]", "nit": "26", "callback": [0.8602961050979095, 0.6327029847158214, 0.5462535568008076, 0.5201559604287775, 0.5016135448725655, 0.48685326152773, 0.4781705453950169, 0.47023369387368286, 0.41762163529868424, 0.41483867582669953, 0.4130271501680798, 0.3959376758358709, 0.37949852066231604, 0.3716670103730333, 0.2857699881954683, 0.2791841879665651, 0.2720019257987175, 0.26502728902779005, 0.26226499079213006, 0.26052357596846076, 0.25941542262137973, 0.25867992581083177, 0.2584372791345676, 0.258196993876903, 0.2581867455826168, 0.2581864448391603]}, "11": {"maxiter": 500, "gtol": 1e-05, "xrtol": 1e-10, "eps": 1e-10, "duration": 0.06287574768066406, "fun": "0.25818644432644533", "jac": "[ 0.00000000e+00 -2.22044587e-06 -2.22044587e-06  3.33066880e-06\n  1.11022293e-06  3.33066880e-06]", "hess_inv": "[[ 3.1199797   2.42771884 -0.6319