{"date": "2024/09/25/, 05:33:03", "conf_id": 148, "data_type": "orthogonal\n", "num_data_points": 4, "s_rank": 0, "unitary": "[[-0.53618537-0.34368723j,-0.12107031-0.46226139j,-0.07699282-0.46603512j,0.36022595-0.11472301j],[0.26026499-0.63450712j,-0.56616638+0.37832564j,-0.14988651+0.08458591j,0.10363514-0.16008501j],[-0.32580188-0.11070003j,-0.36476308-0.23593218j,0.02559343+0.41761608j,-0.25598305+0.6725303j],[0.07406738-0.0126433j,0.28513701+0.19483972j,-0.74939717-0.10299659j,0.29798249+0.46269921j]]", "databatch_0": {"databatch": "[[[-0.04761491+0.23478057j,0.0703937-0.34249607j,-0.17963215+0.04898882j,-0.05008921-0.35090927j],[0.01355303-0.02730979j,0.08852545-0.04684762j,0.05473383+0.23321785j,0.21174307+0.07156655j],[0.12387214+0.13900436j,-0.18732611-0.23407566j,-0.00240807+0.15119801j,-0.21478078-0.17411288j],[0.02749817+0.16693185j,0.09342041-0.33028128j,-0.09687494+0.34627333j,0.12279424-0.16452473j]],[[0.00775718+0.02751458j,0.00959944-0.05958179j,-0.00643017+0.06221694j,0.02032567-0.03239982j],[-0.02572993-0.10407879j,-0.00472394-0.07361796j,0.42774338+0.08236115j,0.29572195-0.16338513j],[-0.11130876-0.10806162j,0.01442731+0.00359627j,0.38986845-0.19427981j,0.22041372-0.24121019j],[0.00101226+0.12098993j,-0.00245706+0.06158071j,-0.4284462-0.16754184j,-0.3315172+0.09253462j]],[[-0.05654093+0.22072784j,0.0559542-0.29614717j,-0.18649783-0.02453166j,-0.08995693-0.33823182j],[0.03774215-0.05039497j,0.08767009-0.0483164j,0.0999456+0.32281769j,0.26704963+0.11605688j],[0.10815319+0.13071859j,-0.16485987-0.20227985j,-0.03029899+0.11955438j,-0.21139085-0.14922834j],[0.0476521+0.1339553j,0.09038448-0.29224893j,-0.07557218+0.39602418j,0.15154847-0.08971466j]],[[0.00858184+0.1427962j,0.03256904-0.2566648j,-0.06507064+0.1627778j,0.02061566-0.19768126j],[-0.00781908-0.02058027j,-0.01118114-0.17344335j,0.32695537+0.13276j,0.22573243-0.22471122j],[-0.17875289-0.15503541j,0.14790993+0.1397727j,0.27021832-0.26528407j,0.30059453-0.09529186j],[-0.01164495+0.06254107j,0.0109661+0.11485547j,-0.34145063-0.17569206j,-0.25402744+0.12695686j]]]", "initial param values": "[1.20327201,3.02837009,5.70671848,3.46527015,2.32853712,3.44274033]", "nelder_mead": {"type": "gradient-free", "0": {"maxiter": 100, "fatol": 1e-05, "xatol": 1e-05, "duration": 0.03942990303039551, "fun": "0.4362917313046816", "nit": "100", "nfev": "157", "status": "2", "success": "False", "message": "Maximum number of iterations has been exceeded.", "x": "[1.52181292 2.93390245 4.06759616 4.86155597 2.10170795 1.73615084]", "final_simplex": "(array([[1.52181292, 2.93390245, 4.06759616, 4.86155597, 2.10170795,\n        1.73615084],\n       [1.55417645, 2.81759626, 3.99442022, 4.84338134, 2.11844243,\n        1.80764158],\n       [1.58677561, 2.79656631, 4.1100768 , 4.85242454, 1.99892178,\n        1.84146257],\n       [1.53656878, 2.81832873, 4.02003758, 4.83229415, 2.11199237,\n        1.82403355],\n       [1.54932989, 2.96037309, 4.02285373, 4.8292273 , 2.0519988 ,\n        1.67512738],\n       [1.49221893, 2.95863731, 4.02301266, 4.89217224, 2.10742212,\n        1.74501275],\n       [1.56099099, 2.88785657, 3.98586713, 4.84100694, 2.04874654,\n        1.88196688]]), array([0.43629173, 0.43643602, 0.43681024, 0.43714237, 0.43717017,\n       0.43738606, 0.43752316]))", "callback": [0.7844290327696877, 0.7419157283841149, 0.6535594577208291, 0.5875666758457221, 0.542639375448305, 0.4954877254075487, 0.4606801173817706, 0.4491693399028247, 0.441668786242026, 0.437170173466104]}, "1": {"maxiter": 100, "fatol": 1e-05, "xatol": 1e-10, "duration": 0.038568973541259766, "fun": "0.4362917313046816", "nit": "100", "nfev": "157", "status": "2", "success": "False", "message": "Maximum number of iterations has been exceeded.", "x": "[1.52181292 2.93390245 4.06759616 4.86155597 2.10170795 1.73615084]", "final_simplex": "(array([[1.52181292, 2.93390245, 4.06759616, 4.86155597, 2.10170795,\n        1.73615084],\n       [1.55417645, 2.81759626, 3.99442022, 4.84338134, 2.11844243,\n        1.80764158],\n       [1.58677561, 2.79656631, 4.1100768 , 4.85242454, 1.99892178,\n        1.84146257],\n       [1.53656878, 2.81832873, 4.02003758, 4.83229415, 2.11199237,\n        1.82403355],\n       [1.54932989, 2.96037309, 4.02285373, 4.8292273 , 2.0519988 ,\n        1.67512738],\n       [1.49221893, 2.95863731, 4.02301266, 4.89217224, 2.10742212,\n        1.74501275],\n       [1.56099099, 2.88785657, 3.98586713, 4.84100694, 2.04874654,\n        1.88196688]]), array([0.43629173, 0.43643602, 0.43681024, 0.43714237, 0.43717017,\n       0.43738606, 0.43752316]))", "callback": [0.7844290327696877, 0.7419157283841149, 0.6535594577208291, 0.5875666758457221, 0.542639375448305, 0.4954877254075487, 0.4606801173817706, 0.4491693399028247, 0.441668786242026, 0.437170173466104]}, "2": {"maxiter": 100, "fatol": 1e-10, "xatol": 1e-05, "duration": 0.03802609443664551, "fun": "0.4362917313046816", "nit": "100", "nfev": "157", "status": "2", "success": "False", "message": "Maximum number of iterations has been exceeded.", "x": "[1.52181292 2.93390245 4.06759616 4.86155597 2.10170795 1.73615084]", "final_simplex": "(array([[1.52181292, 2.93390245, 4.06759616, 4.86155597, 2.10170795,\n        1.73615084],\n       [1.55417645, 2.81759626, 3.99442022, 4.84338134, 2.11844243,\n        1.80764158],\n       [1.58677561, 2.79656631, 4.1100768 , 4.85242454, 1.99892178,\n        1.84146257],\n       [1.53656878, 2.81832873, 4.02003758, 4.83229415, 2.11199237,\n        1.82403355],\n       [1.54932989, 2.96037309, 4.02285373, 4.8292273 , 2.0519988 ,\n        1.67512738],\n       [1.49221893, 2.95863731, 4.02301266, 4.89217224, 2.10742212,\n        1.74501275],\n       [1.56099099, 2.88785657, 3.98586713, 4.84100694, 2.04874654,\n        1.88196688]]), array([0.43629173, 0.43643602, 0.43681024, 0.43714237, 0.43717017,\n       0.43738606, 0.43752316]))", "callback": [0.7844290327696877, 0.7419157283841149, 0.6535594577208291, 0.5875666758457221, 0.542639375448305, 0.4954877254075487, 0.4606801173817706, 0.4491693399028247, 0.441668786242026, 0.437170173466104]}, "3": {"maxiter": 100, "fatol": 1e-10, "xatol": 1e-10, "duration": 0.0364689826965332, "fun": "0.4362917313046816", "nit": "100", "nfev": "157", "status": "2", "success": "False", "message": "Maximum number of iterations has been exceeded.", "x": "[1.52181292 2.93390245 4.06759616 4.86155597 2.10170795 1.73615084]", "final_simplex": "(array([[1.52181292, 2.93390245, 4.06759616, 4.86155597, 2.10170795,\n        1.73615084],\n       [1.55417645, 2.81759626, 3.99442022, 4.84338134, 2.11844243,\n        1.80764158],\n       [1.58677561, 2.79656631, 4.1100768 , 4.85242454, 1.99892178,\n        1.84146257],\n       [1.53656878, 2.81832873, 4.02003758, 4.83229415, 2.11199237,\n        1.82403355],\n       [1.54932989, 2.96037309, 4.02285373, 4.8292273 , 2.0519988 ,\n        1.67512738],\n       [1.49221893, 2.95863731, 4.02301266, 4.89217224, 2.10742212,\n        1.74501275],\n       [1.56099099, 2.88785657, 3.98586713, 4.84100694, 2.04874654,\n        1.88196688]]), array([0.43629173, 0.43643602, 0.43681024, 0.43714237, 0.43717017,\n       0.43738606, 0.43752316]))", "callback": [0.7844290327696877, 0.7419157283841149, 0.6535594577208291, 0.5875666758457221, 0.542639375448305, 0.4954877254075487, 0.4606801173817706, 0.4491693399028247, 0.441668786242026, 0.437170173466104]}, "4": {"maxiter": 500, "fatol": 1e-05, "xatol": 1e-05, "duration": 0.1254279613494873, "fun": "0.4308526524335793", "nit": "342", "nfev": "538", "status": "0", "success": "True", "message": "Optimization terminated successfully.", "x": "[1.82588581 2.77892646 3.93770199 4.84678237 2.19421211 1.86033655]", "final_simplex": "(array([[1.82588581, 2.77892646, 3.93770199, 4.84678237, 2.19421211,\n        1.86033655],\n       [1.82588293, 2.77891974, 3.93770167, 4.84678296, 2.19421471,\n        1.86034452],\n       [1.82588714, 2.77891754, 3.93769755, 4.8467812 , 2.194222  ,\n        1.86034213],\n       [1.82587958, 2.77892506, 3.93770226, 4.84678678, 2.19421795,\n        1.86033982],\n       [1.82588176, 2.77892404, 3.93769911, 4.84678391, 2.19421666,\n        1.86034455],\n       [1.82588182, 2.77892704, 3.93770138, 4.84677849, 2.1942221 ,\n        1.86034333],\n       [1.82588585, 2.77892551, 3.93770329, 4.8467844 , 2.1942168 ,\n        1.86034263]]), array([0.43085265, 0.43085265, 0.43085265, 0.43085265, 0.43085265,\n       0.43085265, 0.43085265]))", "callback": [0.7844290327696877, 0.7419157283841149, 0.6535594577208291, 0.5875666758457221, 0.542639375448305, 0.4954877254075487, 0.4606801173817706, 0.4491693399028247, 0.441668786242026, 0.437170173466104, 0.4362917313046816, 0.43555855816799316, 0.43454511073418045, 0.43216442166375124, 0.4310347115973632, 0.4309487305888139, 0.4308810989858176, 0.43087047026258296, 0.43086316069527664, 0.430859214938341, 0.4308551744552207, 0.4308544108445649, 0.430853650758527, 0.43085331290537565, 0.430852815187707, 0.43085267588604226, 0.43085267588604226, 0.4308526652094392, 0.43085265661948224, 0.43085265421981855, 0.430852653170533, 0.43085265261418015, 0.4308526525045546, 0.43085265244520077, 0.4308526524335793]}, "5": {"maxiter": 500, "fatol": 1e-05, "xatol": 1e-10, "duration": 0.176177978515625, "fun": "0.4308526524255345", "nit": "440", "nfev": "767", "status": "0", "success": "True", "message": "Optimization terminated successfully.", "x": "[1.82587899 2.7789266  3.93769788 4.84678067 2.19421777 1.86033508]", "final_simplex": "(array([[1.82587899, 2.7789266 , 3.93769788, 4.84678067, 2.19421777,\n        1.86033508],\n       [1.82587899, 2.7789266 , 3.93769788, 4.84678067, 2.19421777,\n        1.86033508],\n       [1.82587899, 2.7789266 , 3.93769788, 4.84678067, 2.19421777,\n        1.86033508],\n       [1.82587899, 2.7789266 , 3.93769788, 4.84678067, 2.19421777,\n        1.86033508],\n       [1.82587899, 2.7789266 , 3.93769788, 4.84678067, 2.19421777,\n        1.86033508],\n       [1.82587899, 2.7789266 , 3.93769788, 4.84678067, 2.19421777,\n        1.86033508],\n       [1.82587899, 2.7789266 , 3.93769788, 4.84678067, 2.19421777,\n        1.86033508]]), array([0.43085265, 0.43085265, 0.43085265, 0.43085265, 0.43085265,\n       0.43085265, 0.43085265]))", "callback": [0.7844290327696877, 0.7419157283841149, 0.6535594577208291, 0.5875666758457221, 0.542639375448305, 0.4954877254075487, 0.4606801173817706, 0.4491693399028247, 0.441668786242026, 0.437170173466104, 0.4362917313046816, 0.43555855816799316, 0.43454511073418045, 0.43216442166375124, 0.4310347115973632, 0.4309487305888139, 0.4308810989858176, 0.43087047026258296, 0.43086316069527664, 0.430859214938341, 0.4308551744552207, 0.4308544108445649, 0.430853650758527, 0.43085331290537565, 0.430852815187707, 0.43085267588604226, 0.43085267588604226, 0.4308526652094392, 0.43085265661948224, 0.43085265421981855, 0.430852653170533, 0.43085265261418015, 0.4308526525045546, 0.43085265244520077, 0.4308526524335793, 0.43085265242854454, 0.4308526524259517, 0.4308526524255948, 0.4308526524255446, 0.4308526524255364, 0.43085265242553483, 0.4308526524255346, 0.4308526524255345, 0.4308526524255345]}, "6": {"maxiter": 500, "fatol": 1e-10, "xatol": 1e-05, "duration": 0.13151192665100098, "fun": "0.4308526524335793", "nit": "342", "nfev": "538", "status": "0", "success": "True", "message": "Optimization terminated successfully.", "x": "[1.82588581 2.77892646 3.93770199 4.84678237 2.19421211 1.86033655]", "final_simplex": "(array([[1.82588581, 2.77892646, 3.93770199, 4.84678237, 2.19421211,\n        1.86033655],\n       [1.82588293, 2.77891974, 3.93770167, 4.84678296, 2.19421471,\n        1.86034452],\n       [1.82588714, 2.77891754, 3.93769755, 4.8467812 , 2.194222  ,\n        1.86034213],\n       [1.82587958, 2.77892506, 3.93770226, 4.84678678, 2.19421795,\n        1.86033982],\n       [1.82588176, 2.77892404, 3.93769911, 4.84678391, 2.19421666,\n        1.86034455],\n       [1.82588182, 2.77892704, 3.93770138, 4.84677849, 2.1942221 ,\n        1.86034333],\n       [1.82588585, 2.77892551, 3.93770329, 4.8467844 , 2.1942168 ,\n        1.86034263]]), array([0.43085265, 0.43085265, 0.43085265, 0.43085265, 0.43085265,\n       0.43085265, 0.43085265]))", "callback": [0.7844290327696877, 0.7419157283841149, 0.6535594577208291, 0.5875666758457221, 0.542639375448305, 0.4954877254075487, 0.4606801173817706, 0.4491693399028247, 0.441668786242026, 0.437170173466104, 0.4362917313046816, 0.43555855816799316, 0.43454511073418045, 0.43216442166375124, 0.4310347115973632, 0.4309487305888139, 0.4308810989858176, 0.43087047026258296, 0.43086316069527664, 0.430859214938341, 0.4308551744552207, 0.4308544108445649, 0.430853650758527, 0.43085331290537565, 0.430852815187707, 0.43085267588604226, 0.43085267588604226, 0.4308526652094392, 0.43085265661948224, 0.43085265421981855, 0.430852653170533, 0.43085265261418015, 0.4308526525045546, 0.43085265244520077, 0.4308526524335793]}, "7": {"maxiter": 500, "fatol": 1e-10, "xatol": 1e-10, "duration": 0.22341036796569824, "fun": "0.4308526524255345", "nit": "440", "nfev": "767", "status": "0", "success": "True", "message": "Optimization terminated successfully.", "x": "[1.82587899 2.7789266  3.93769788 4.84678067 2.19421777 1.86033508]", "final_simplex": "(array([[1.82587899, 2.7789266 , 3.93769788, 4.84678067, 2.19421777,\n        1.86033508],\n       [1.82587899, 2.7789266 , 3.93769788, 4.84678067, 2.19421777,\n        1.86033508],\n       [1.82587899, 2.7789266 , 3.93769788, 4.84678067, 2.19421777,\n        1.86033508],\n       [1.82587899, 2.7789266 , 3.93769788, 4.84678067, 2.19421777,\n        1.86033508],\n       [1.82587899, 2.7789266 , 3.93769788, 4.84678067, 2.19421777,\n        1.86033508],\n       [1.82587899, 2.7789266 , 3.93769788, 4.84678067, 2.19421777,\n        1.86033508],\n       [1.82587899, 2.7789266 , 3.93769788, 4.84678067, 2.19421777,\n        1.86033508]]), array([0.43085265, 0.43085265, 0.43085265, 0.43085265, 0.43085265,\n       0.43085265, 0.43085265]))", "callback": [0.7844290327696877, 0.7419157283841149, 0.6535594577208291, 0.5875666758457221, 0.542639375448305, 0.4954877254075487, 0.4606801173817706, 0.4491693399028247, 0.441668786242026, 0.437170173466104, 0.4362917313046816, 0.43555855816799316, 0.43454511073418045, 0.43216442166375124, 0.4310347115973632, 0.4309487305888139, 0.4308810989858176, 0.43087047026258296, 0.43086316069527664, 0.430859214938341, 0.4308551744552207, 0.4308544108445649, 0.430853650758527, 0.43085331290537565, 0.430852815187707, 0.43085267588604226, 0.43085267588604226, 0.4308526652094392, 0.43085265661948224, 0.43085265421981855, 0.430852653170533, 0.43085265261418015, 0.4308526525045546, 0.43085265244520077, 0.4308526524335793, 0.43085265242854454, 0.4308526524259517, 0.4308526524255948, 0.4308526524255446, 0.4308526524255364, 0.43085265242553483, 0.4308526524255346, 0.4308526524255345, 0.4308526524255345]}, "8": {"maxiter": 1000, "fatol": 1e-05, "xatol": 1e-05, "duration": 0.12520503997802734, "fun": "0.4308526524335793", "nit": "342", "nfev": "538", "status": "0", "success": "True", "message": "Optimization terminated successfully.", "x": "[1.82588581 2.77892646 3.93770199 4.84678237 2.19421211 1.86033655]", "final_simplex": "(array([[1.82588581, 2.77892646, 3.93770199, 4.84678237, 2.19421211,\n        1.86033655],\n       [1.82588293, 2.77891974, 3.93770167, 4.84678296, 2.19421471,\n        1.86034452],\n       [1.82588714, 2.77891754, 3.93769755, 4.8467812 , 2.194222  ,\n        1.86034213],\n       [1.82587958, 2.77892506, 3.93770226, 4.84678678, 2.19421795,\n        1.86033982],\n       [1.82588176, 2.77892404, 3.93769911, 4.84678391, 2.19421666,\n        1.86034455],\n       [1.82588182, 2.77892704, 3.93770138, 4.84677849, 2.1942221 ,\n        1.86034333],\n       [1.82588585, 2.77892551, 3.93770329, 4.8467844 , 2.1942168 ,\n        1.86034263]]), array([0.43085265, 0.43085265, 0.43085265, 0.43085265, 0.43085265,\n       0.43085265, 0.43085265]))", "callback": [0.7844290327696877, 0.7419157283841149, 0.6535594577208291, 0.5875666758457221, 0.542639375448305, 0.4954877254075487, 0.4606801173817706, 0.4491693399028247, 0.441668786242026, 0.437170173466104, 0.4362917313046816, 0.43555855816799316, 0.43454511073418045, 0.43216442166375124, 0.4310347115973632, 0.4309487305888139, 0.4308810989858176, 0.43087047026258296, 0.43086316069527664, 0.430859214938341, 0.4308551744552207, 0.4308544108445649, 0.430853650758527, 0.43085331290537565, 0.430852815187707, 0.43085267588604226, 0.43085267588604226, 0.4308526652094392, 0.43085265661948224, 0.43085265421981855, 0.430852653170533, 0.43085265261418015, 0.4308526525045546, 0.43085265244520077, 0.4308526524335793]}, "9": {"maxiter": 1000, "fatol": 1e-05, "xatol": 1e-10, "duration": 0.18219995498657227, "fun": "0.4308526524255345", "nit": "440", "nfev": "767", "status": "0", "success": "True", "message": "Optimization terminated successfully.", "x": "[1.82587899 2.7789266  3.93769788 4.84678067 2.19421777 1.86033508]", "final_simplex": "(array([[1.82587899, 2.7789266 , 3.93769788, 4.84678067, 2.19421777,\n        1.86033508],\n       [1.82587899, 2.7789266 , 3.93769788, 4.84678067, 2.19421777,\n        1.86033508],\n       [1.82587899, 2.7789266 , 3.93769788, 4.84678067, 2.19421777,\n        1.86033508],\n       [1.82587899, 2.7789266 , 3.93769788, 4.84678067, 2.19421777,\n        1.86033508],\n       [1.82587899, 2.7789266 , 3.93769788, 4.84678067, 2.19421777,\n        1.86033508],\n       [1.82587899, 2.7789266 , 3.93769788, 4.84678067, 2.19421777,\n        1.86033508],\n       [1.82587899, 2.7789266 , 3.93769788, 4.84678067, 2.19421777,\n        1.86033508]]), array([0.43085265, 0.43085265, 0.43085265, 0.43085265, 0.43085265,\n       0.43085265, 0.43085265]))", "callback": [0.7844290327696877, 0.7419157283841149, 0.6535594577208291, 0.5875666758457221, 0.542639375448305, 0.4954877254075487, 0.4606801173817706, 0.4491693399028247, 0.441668786242026, 0.437170173466104, 0.4362917313046816, 0.43555855816799316, 0.43454511073418045, 0.43216442166375124, 0.4310347115973632, 0.4309487305888139, 0.4308810989858176, 0.43087047026258296, 0.43086316069527664, 0.430859214938341, 0.4308551744552207, 0.4308544108445649, 0.430853650758527, 0.43085331290537565, 0.430852815187707, 0.43085267588604226, 0.43085267588604226, 0.4308526652094392, 0.43085265661948224, 0.43085265421981855, 0.430852653170533, 0.43085265261418015, 0.4308526525045546, 0.43085265244520077, 0.4308526524335793, 0.43085265242854454, 0.4308526524259517, 0.4308526524255948, 0.4308526524255446, 0.4308526524255364, 0.43085265242553483, 0.4308526524255346, 0.4308526524255345, 0.4308526524255345]}, "10": {"maxiter": 1000, "fatol": 1e-10, "xatol": 1e-05, "duration": 0.12428689002990723, "fun": "0.4308526524335793", "nit": "342", "nfev": "538", "status": "0", "success": "True", "message": "Optimization terminated successfully.", "x": "[1.82588581 2.77892646 3.93770199 4.84678237 2.19421211 1.86033655]", "final_simplex": "(array([[1.82588581, 2.77892646, 3.93770199, 4.84678237, 2.19421211,\n        1.86033655],\n       [1.82588293, 2.77891974, 3.93770167, 4.84678296, 2.19421471,\n        1.86034452],\n       [1.82588714, 2.77891754, 3.93769755, 4.8467812 , 2.194222  ,\n        1.86034213],\n       [1.82587958, 2.77892506, 3.93770226, 4.84678678, 2.19421795,\n        1.86033982],\n       [1.82588176, 2.77892404, 3.93769911, 4.84678391, 2.19421666,\n        1.86034455],\n       [1.82588182, 2.77892704, 3.93770138, 4.84677849, 2.1942221 ,\n        1.86034333],\n       [1.82588585, 2.77892551, 3.93770329, 4.8467844 , 2.1942168 ,\n        1.86034263]]), array([0.43085265, 0.43085265, 0.43085265, 0.43085265, 0.43085265,\n       0.43085265, 0.43085265]))", "callback": [0.7844290327696877, 0.7419157283841149, 0.6535594577208291, 0.5875666758457221, 0.542639375448305, 0.4954877254075487, 0.4606801173817706, 0.4491693399028247, 0.441668786242026, 0.437170173466104, 0.4362917313046816, 0.43555855816799316, 0.43454511073418045, 0.43216442166375124, 0.4310347115973632, 0.4309487305888139, 0.4308810989858176, 0.43087047026258296, 0.43086316069527664, 0.430859214938341, 0.4308551744552207, 0.4308544108445649, 0.430853650758527, 0.43085331290537565, 0.430852815187707, 0.43085267588604226, 0.43085267588604226, 0.4308526652094392, 0.43085265661948224, 0.43085265421981855, 0.430852653170533, 0.43085265261418015, 0.4308526525045546, 0.43085265244520077, 0.4308526524335793]}, "11": {"maxiter": 1000, "fatol": 1e-10, "xatol": 1e-10, "duration": 0.16695523262023926, "fun": "0.4308526524255345", "nit": "440", "nfev": "767", "status": "0", "success": "True", "message": "Optimization terminated successfully.", "x": "[1.82587899 2.7789266  3.93769788 4.84678067 2.19421777 1.86033508]", "final_simplex": "(array([[1.82587899, 2.7789266 , 3.93769788, 4.84678067, 2.19421777,\n        1.86033508],\n       [1.82587899, 2.7789266 , 3.93769788, 4.84678067, 2.19421777,\n        1.86033508],\n       [1.82587899, 2.7789266 , 3.93769788, 4.84678067, 2.19421777,\n        1.86033508],\n       [1.82587899, 2.7789266 , 3.93769788, 4.84678067, 2.19421777,\n        1.86033508],\n       [1.82587899, 2.7789266 , 3.93769788, 4.84678067, 2.19421777,\n        1.86033508],\n       [1.82587899, 2.7789266 , 3.93769788, 4.84678067, 2.19421777,\n        1.86033508],\n       [1.82587899, 2.7789266 , 3.93769788, 4.84678067, 2.19421777,\n        1.86033508]]), array([0.43085265, 0.43085265, 0.43085265, 0.43085265, 0.43085265,\n       0.43085265, 0.43085265]))", "callback": [0.7844290327696877, 0.7419157283841149, 0.6535594577208291, 0.5875666758457221, 0.542639375448305, 0.4954877254075487, 0.4606801173817706, 0.4491693399028247, 0.441668786242026, 0.437170173466104, 0.4362917313046816, 0.43555855816799316, 0.43454511073418045, 0.43216442166375124, 0.4310347115973632, 0.4309487305888139, 0.4308810989858176, 0.43087047026258296, 0.43086316069527664, 0.430859214938341, 0.4308551744552207, 0.4308544108445649, 0.430853650758527, 0.43085331290537565, 0.430852815187707, 0.43085267588604226, 0.43085267588604226, 0.4308526652094392, 0.43085265661948224, 0.43085265421981855, 0.430852653170533, 0.43085265261418015, 0.4308526525045546, 0.43085265244520077, 0.4308526524335793, 0.43085265242854454, 0.4308526524259517, 0.4308526524255948, 0.4308526524255446, 0.4308526524255364, 0.43085265242553483, 0.4308526524255346, 0.4308526524255345, 0.4308526524255345]}}, "bfgs": {"type": "gradient", "0": {"maxiter": 100, "gtol": 1e-05, "xrtol": 1e-05, "eps": 1e-05, "duration": 0.042931318283081055, "fun": "0.4308526524425974", "jac": "[ 7.89268650e-07 -2.48612242e-07  1.56019642e-07 -1.48769885e-09\n  1.15074617e-07 -1.20008448e-06]", "hess_inv": "[[ 8.29646863 -5.28651804 -3.05335497 -0.60453752  0.39698372  4.18803709]\n [-5.28651804 11.12664702  4.39449279 -0.48024879 -0.85676114 -6.46604282]\n [-3.05335497  4.39449279  6.97136407  0.23569218 -2.87070572 -2.20858598]\n [-0.60453752 -0.48024879  0.23569218  4.08684438 -0.8630109   0.01637552]\n [ 0.39698372 -0.85676114 -2.87070572 -0.8630109   6.65939492 -0.43796236]\n [ 4.18803709 -6.46604282 -2.20858598  0.01637552 -0.43796236  7.53596127]]", "nfev": "182", "njev": "26", "status": "0", "success": "True", "message": "Optimization terminated successfully.", "x": "[1.82587889 2.7789256  3.93769294 4.84677631 2.19421827 1.86032605]", "nit": "24", "callback": [0.7357951030727847, 0.6350031055517873, 0.5838811397514957, 0.5186445601466196, 0.4758938525295724, 0.4541188168582786, 0.4469884664189361, 0.443768615199444, 0.4401434749578408, 0.43884935379911527, 0.43685519782428983, 0.4349888352980138, 0.4335104602670281, 0.43143760436672296, 0.43089969686894947, 0.4308710510749112, 0.43085743443315805, 0.43085382239181613, 0.430852754481147, 0.4308527035781792, 0.43085267473283373, 0.4308526565086068, 0.43085265272968076, 0.4308526524425974]}, "1": {"maxiter": 100, "gtol": 1e-05, "xrtol": 1e-05, "eps": 1e-10, "duration": 0.04307723045349121, "fun": "0.43085265250883575", "jac": "[3.33066880e-06 1.11022293e-06 3.33066880e-06 2.22044587e-06\n 1.11022293e-06 4.44089173e-06]", "hess_inv": "[[ 9.20514818 -5.9724759  -2.97945248 -0.37160242  0.40675612  5.34990024]\n [-5.9724759  11.33472266  4.3444602  -0.47566664 -0.9804567  -7.0787016 ]\n [-2.97945248  4.3444602   6.88674409  0.10279026 -2.90120209 -2.18483473]\n [-0.37160242 -0.47566664  0.10279026  3.77708006 -0.86500877  0.02627408]\n [ 0.40675612 -0.9804567  -2.90120209 -0.86500877  6.56881686 -0.43752325]\n [ 5.34990024 -7.0787016  -2.18483473  0.02627408 -0.43752325  8.65241821]]", "nfev": "182", "njev": "26", "status": "0", "success": "True", "message": "Optimization terminated successfully.", "x": "[1.82590475 2.77889832 3.93769431 4.84678643 2.19421495 1.86036719]", "nit": "24", "callback": [0.7357948308256479, 0.6349989270577309, 0.5838756195556253, 0.5186434345537437, 0.47589304714868197, 0.45412143105566316, 0.4469888236063303, 0.44376984117365215, 0.440143063143969, 0.4388493645526287, 0.43685571011396684, 0.4349884659115919, 0.4335103936243917, 0.4314374153165822, 0.4308996305500523, 0.4308710441370037, 0.4308574394660871, 0.4308538146566284, 0.430852755903114, 0.43085270334717995, 0.43085267500377133, 0.43085265687468643, 0.4308526527692178, 0.43085265250883575]}, "2": {"maxiter": 100, "gtol": 1e-05, "xrtol": 1e-10, "eps": 1e-05, "duration": 0.043836116790771484, "fun": "0.4308526524425974", "jac": "[ 7.89268650e-07 -2.48612242e-07  1.56019642e-07 -1.48769885e-09\n  1.15074617e-07 -1.20008448e-06]", "hess_inv": "[[ 8.29646863 -5.28651804 -3.05335497 -0.60453752  0.39698372  4.18803709]\n [-5.28651804 11.12664702  4.39449279 -0.48024879 -0.85676114 -6.46604282]\n [-3.05335497  4.39449279  6.97136407  0.23569218 -2.87070572 -2.20858598]\n [-0.60453752 -0.48024879  0.23569218  4.08684438 -0.8630109   0.01637552]\n [ 0.39698372 -0.85676114 -2.87070572 -0.8630109   6.65939492 -0.43796236]\n [ 4.18803709 -6.46604282 -2.20858598  0.01637552 -0.43796236  7.53596127]]", "nfev": "182", "njev": "26", "status": "0", "success": "True", "message": "Optimization terminated successfully.", "x": "[1.82587889 2.7789256  3.93769294 4.84677631 2.19421827 1.86032605]", "nit": "24", "callback": [0.7357951030727847, 0.6350031055517873, 0.5838811397514957, 0.5186445601466196, 0.4758938525295724, 0.4541188168582786, 0.4469884664189361, 0.443768615199444, 0.4401434749578408, 0.43884935379911527, 0.43685519782428983, 0.4349888352980138, 0.4335104602670281, 0.43143760436672296, 0.43089969686894947, 0.4308710510749112, 0.43085743443315805, 0.43085382239181613, 0.430852754481147, 0.4308527035781792, 0.43085267473283373, 0.4308526565086068, 0.43085265272968076, 0.4308526524425974]}, "3": {"maxiter": 100, "gtol": 1e-05, "xrtol": 1e-10, "eps": 1e-10, "duration": 0.04379701614379883, "fun": "0.43085265250883575", "jac": "[3.33066880e-06 1.11022293e-06 3.33066880e-06 2.22044587e-06\n 1.11022293e-06 4.44089173e-06]", "hess_inv": "[[ 9.20514818 -5.9724759  -2.97945248 -0.37160242  0.40675612  5.34990024]\n [-5.9724759  11.33472266  4.3444602  -0.47566664 -0.9804567  -7.0787016 ]\n [-2.97945248  4.3444602   6.88674409  0.10279026 -2.90120209 -2.18483473]\n [-0.37160242 -0.47566664  0.10279026  3.77708006 -0.86500877  0.02627408]\n [ 0.40675612 -0.9804567  -2.90120209 -0.86500877  6.56881686 -0.43752325]\n [ 5.34990024 -7.0787016  -2.18483473  0.02627408 -0.43752325  8.65241821]]", "nfev": "182", "njev": "26", "status": "0", "success": "True", "message": "Optimization terminated successfully.", "x": "[1.82590475 2.77889832 3.93769431 4.84678643 2.19421495 1.86036719]", "nit": "24", "callback": [0.7357948308256479, 0.6349989270577309, 0.5838756195556253, 0.5186434345537437, 0.47589304714868197, 0.45412143105566316, 0.4469888236063303, 0.44376984117365215, 0.440143063143969, 0.4388493645526287, 0.43685571011396684, 0.4349884659115919, 0.4335103936243917, 0.4314374153165822, 0.4308996305500523, 0.4308710441370037, 0.4308574394660871, 0.4308538146566284, 0.430852755903114, 0.43085270334717995, 0.43085267500377133, 0.43085265687468643, 0.4308526527692178, 0.43085265250883575]}, "4": {"maxiter": 100, "gtol": 1e-10, "xrtol": 1e-05, "eps": 1e-05, "duration": 0.043376922607421875, "fun": "0.4308526524425974", "jac": "[ 7.89268650e-07 -2.48612242e-07  1.56019642e-07 -1.48769885e-09\n  1.15074617e-07 -1.20008448e-06]", "hess_inv": "[[ 8.29646863 -5.28651804 -3.05335497 -0.60453752  0.39698372  4.18803709]\n [-5.28651804 11.12664702  4.39449279 -0.48024879 -0.85676114 -6.46604282]\n [-3.05335497  4.39449279  6.97136407  0.23569218 -2.87070572 -2.20858598]\n [-0.60453752 -0.48024879  0.23569218  4.08684438 -0.8630109   0.01637552]\n [ 0.39698372 -0.85676114 -2.87070572 -0.8630109   6.65939492 -0.43796236]\n [ 4.18803709 -6.46604282 -2.20858598  0.01637552 -0.43796236  7.53596127]]", "nfev": "182", "njev": "26", "status": "0", "success": "True", "message": "Optimization terminated successfully.", "x": "[1.82587889 2.7789256  3.93769294 4.84677631 2.19421827 1.86032605]", "nit": "24", "callback": [0.7357951030727847, 0.6350031055517873, 0.5838811397514957, 0.5186445601466196, 0.4758938525295724, 0.4541188168582786, 0.4469884664189361, 0.443768615199444, 0.4401434749578408, 0.43884935379911527, 0.43685519782428983, 0.4349888352980138, 0.4335104602670281, 0.43143760436672296, 0.43089969686894947, 0.4308710510749112, 0.43085743443315805, 0.43085382239181613, 0.430852754481147, 0.4308527035781792, 0.43085267473283373, 0.4308526565086068, 0.43085265272968076, 0.4308526524425974]}, "5": {"maxiter": 100, "gtol": 1e-10, "xrtol": 1e-05, "eps": 1e-10, "duration": 0.04533195495605469, "fun": "0.43085265243401616", "jac": "[-1.11022293e-06  0.00000000e+00 -1.11022293e-06 -1.11022293e-06\n  0.00000000e+00  2.22044587e-06]", "hess_inv": "[[ 7.79296577 -4.97867921 -3.16459157 -0.55833082  0.58861305  3.46405078]\n [-4.97867921 10.635364    4.47470438 -0.34448529 -1.10821426 -5.74975247]\n [-3.16459157  4.47470438  6.86274858  0.07972653 -2.87874918 -2.44350757]\n [-0.55833082 -0.34448529  0.07972653  3.75964784 -0.84807811 -0.28167657]\n [ 0.58861305 -1.10821426 -2.87874918 -0.84807811  6.55237375 -0.13722903]\n [ 3.46405078 -5.74975247 -2.44350757 -0.28167657 -0.13722903  6.60698621]]", "nfev": "189", "njev": "27", "status": "0", "success": "True", "message": "Optimization terminated successfully.", "x": "[1.82588006 2.77891572 3.9376909  4.84678225 2.19421903 1.86034161]", "nit": "25", "callback": [0.7357948308256479, 0.6349989270577309, 0.5838756195556253, 0.5186434345537437, 0.47589304714868197, 0.45412143105566316, 0.4469888236063303, 0.44376984117365215, 0.440143063143969, 0.4388493645526287, 0.43685571011396684, 0.4349884659115919, 0.4335103936243917, 0.4314374153165822, 0.4308996305500523, 0.4308710441370037, 0.4308574394660871, 0.4308538146566284, 0.430852755903114, 0.43085270334717995, 0.43085267500377133, 0.43085265687468643, 0.4308526527692178, 0.43085265250883575, 0.43085265243401616]}, "6": {"maxiter": 100, "gtol": 1e-10, "xrtol": 1e-10, "eps": 1e-05, "duration": 0.0946660041809082, "fun": "0.4308526524364271", "jac": "[ 8.05910894e-08  1.61870517e-08  1.86073379e-08 -1.80633286e-08\n  1.77524662e-08 -2.73558953e-08]", "hess_inv": "[[ 8.23112142 -5.13383993 -3.03104691 -0.54397002  0.46326475  3.70643077]\n [-5.13383993 11.17689044  4.384881   -0.51843905 -0.79123269 -6.6275031 ]\n [-3.03104691  4.384881    6.96818698  0.22580794 -2.8703109  -2.17858441]\n [-0.54397002 -0.51843905  0.22580794  4.05693818 -0.8684912   0.13608714]\n [ 0.46326475 -0.79123269 -2.8703109  -0.8684912   6.71151615 -0.64627036]\n [ 3.70643077 -6.6275031  -2.17858441  0.13608714 -0.64627036  8.05464173]]", "nfev": "403", "njev": "56", "status": "2", "success": "False", "message": "Desired error not necessarily achieved due to precision loss.", "x": "[1.82587642 2.77892391 3.93769301 4.8467767  2.19421673 1.86033147]", "nit": "25", "callback": [0.7357951030727847, 0.6350031055517873, 0.5838811397514957, 0.5186445601466196, 0.4758938525295724, 0.4541188168582786, 0.4469884664189361, 0.443768615199444, 0.4401434749578408, 0.43884935379911527, 0.43685519782428983, 0.4349888352980138, 0.4335104602670281, 0.43143760436672296, 0.43089969686894947, 0.4308710510749112, 0.43085743443315805, 0.43085382239181613, 0.430852754481147, 0.4308527035781792, 0.43085267473283373, 0.4308526565086068, 0.43085265272968076, 0.4308526524425974, 0.4308526524364271]}, "7": {"maxiter": 100, "gtol": 1e-10, "xrtol": 1e-10, "eps": 1e-10, "duration": 0.0916450023651123, "fun": "0.4308526524282884", "jac": "[-1.11022293e-06  0.00000000e+00 -2.22044587e-06  0.00000000e+00\n  1.11022293e-06 -1.11022293e-06]", "hess_inv": "[[ 0.04052076  0.09598429 -0.05251411 -0.01818306  0.00353978  0.00198025]\n [ 0.09598429  0.7939334  -0.39262487  0.07029371 -0.04927293 -0.16108324]\n [-0.05251411 -0.39262487  0.23649997 -0.03968681 -0.00330155  0.08593198]\n [-0.01818306  0.07029371 -0.03968681  0.05065648 -0.00292592 -0.04557641]\n [ 0.00353978 -0.04927293 -0.00330155 -0.00292592  0.02610028  0.00774489]\n [ 0.00198025 -0.16108324  0.08593198 -0.04557641  0.00774489  0.05830224]]", "nfev": "392", "njev": "56", "status": "0", "success": "True", "message": "Optimization terminated successfully.", "x": "[1.82587956 2.77892308 3.937693   4.84678252 2.19421826 1.86033589]", "nit": "40", "callback": [0.7357948308256479, 0.6349989270577309, 0.5838756195556253, 0.5186434345537437, 0.47589304714868197, 0.45412143105566316, 0.4469888236063303, 0.44376984117365215, 0.440143063143969, 0.4388493645526287, 0.43685571011396684, 0.4349884659115919, 0.4335103936243917, 0.4314374153165822, 0.4308996305500523, 0.4308710441370037, 0.4308574394660871, 0.4308538146566284, 0.430852755903114, 0.43085270334717995, 0.43085267500377133, 0.43085265687468643, 0.4308526527692178, 0.43085265250883575, 0.43085265243401616, 0.4308526524308848, 0.43085265243082693, 0.43085265243080595, 0.43085265243079596, 0.4308526524307654, 0.4308526524299757, 0.43085265242916926, 0.43085265242884074, 0.43085265242863746, 0.4308526524285662, 0.43085265242846427, 0.4308526524283872, 0.4308526524283406, 0.4308526524282885, 0.4308526524282884]}, "8": {"maxiter": 500, "gtol": 1e-05, "xrtol": 1e-05, "eps": 1e-05, "duration": 0.04332709312438965, "fun": "0.4308526524425974", "jac": "[ 7.89268650e-07 -2.48612242e-07  1.56019642e-07 -1.48769885e-09\n  1.15074617e-07 -1.20008448e-06]", "hess_inv": "[[ 8.29646863 -5.28651804 -3.05335497 -0.60453752  0.39698372  4.18803709]\n [-5.28651804 11.12664702  4.39449279 -0.48024879 -0.85676114 -6.46604282]\n [-3.05335497  4.39449279  6.97136407  0.23569218 -2.87070572 -2.20858598]\n [-0.60453752 -0.48024879  0.23569218  4.08684438 -0.8630109   0.01637552]\n [ 0.39698372 -0.85676114 -2.87070572 -0.8630109   6.65939492 -0.43796236]\n [ 4.18803709 -6.46604282 -2.20858598  0.01637552 -0.43796236  7.53596127]]", "nfev": "182", "njev": "26", "status": "0", "success": "True", "message": "Optimization terminated successfully.", "x": "[1.82587889 2.7789256  3.93769294 4.84677631 2.19421827 1.86032605]", "nit": "24", "callback": [0.7357951030727847, 0.6350031055517873, 0.5838811397514957, 0.5186445601466196, 0.4758938525295724, 0.4541188168582786, 0.4469884664189361, 0.443768615199444, 0.4401434749578408, 0.43884935379911527, 0.43685519782428983, 0.4349888352980138, 0.4335104602670281, 0.43143760436672296, 0.43089969686894947, 0.4308710510749112, 0.43085743443315805, 0.43085382239181613, 0.430852754481147, 0.4308527035781792, 0.43085267473283373, 0.4308526565086068, 0.43085265272968076, 0.4308526524425974]}, "9": {"maxiter": 500, "gtol": 1e-05, "xrtol": 1e-05, "eps": 1e-10, "duration": 0.043665170669555664, "fun": "0.43085265250883575", "jac": "[3.33066880e-06 1.11022293e-06 3.33066880e-06 2.22044587e-06\n 1.11022293e-06 4.44089173e-06]", "hess_inv": "[[ 9.20514818 -5.9724759  -2.97945248 -0.37160242  0.40675612  5.34990024]\n [-5.9724759  11.33472266  4.3444602  -0.47566664 -0.9804567  -7.0787016 ]\n [-2.97945248  4.3444602   6.88674409  0.10279026 -2.90120209 -2.18483473]\n [-0.37160242 -0.47566664  0.10279026  3.77708006 -0.86500877  0.02627408]\n [ 0.40675612 -0.9804567  -2.90120209 -0.86500877  6.56881686 -0.43752325]\n [ 5.34990024 -7.0787016  -2.18483473  0.02627408 -0.43752325  8.65241821]]", "nfev": "182", "njev": "26", "status": "0", "success": "True", "message": "Optimization terminated successfully.", "x": "[1.82590475 2.77889832 3.93769431 4.84678643 2.19421495 1.86036719]", "nit": "24", "callback": [0.7357948308256479, 0.6349989270577309, 0.5838756195556253, 0.5186434345537437, 0.47589304714868197, 0.45412143105566316, 0.4469888236063303, 0.44376984117365215, 0.440143063143969, 0.4388493645526287, 0.43685571011396684, 0.4349884659115919, 0.4335103936243917, 0.4314374153165822, 0.4308996305500523, 0.4308710441370037, 0.4308574394660871, 0.4308538146566284, 0.430852755903114, 0.43085270334717995, 0.43085267500377133, 0.43085265687468643, 0.4308526527692178, 0.43085265250883575]}, "10": {"maxiter": 500, "gtol": 1e-05, "xrtol": 1e-10, "eps": 1e-05, "duration": 0.04185223579406738, "fun": "0.4308526524425974", "jac": "[ 7.89268650e-07 -2.48612242e-07  1.56019642e-07 -1.48769885e-09\n  1.15074617e-07 -1.20008448e-06]", "hess_inv": "[[ 8.29646863 -5.28651804 -3.05335497 -0.60453752  0.39698372  4.18803709]\n [-5.28651804 11.12664702  4.39449279 -0.48024879 -0.85676114 -6.46604282]\n [-3.05335497  4.39449279  6.97136407  0.23569218 -2.87070572 -2.20858598]\n [-0.60453752 -0.48024879  0.23569218  4.08684438 -0.8630109   0.01637552]\n [ 0.39698372 -0.85676114 -2.87070572 -0.8630109   6.65939492 -0.43796236]\n [ 4.18803709 -6.46604282 -2.20858598  0.01637552 -0.43796236  7.53596127]]", "nfev": "182", "njev": "26", "status": "0", "success": "True", "message": "Optimization terminated successfully.", "x": "[1.82587889 2.7789256  3.93769294 4.84677631 2.19421827 1.86032605]", "nit": "24", "callback": [0.7357951030727847, 0.6350031055517873, 0.5838811397514957, 0.5186445601466196, 0.4758938525295724, 0.4541188168582786, 0.4469884664189361, 0.443768615199444, 0.4401434749578408, 0.43884935379911527, 0.43685519782428983, 0.4349888352980138, 0.4335104602670281, 0.43143760436672296, 0.43089969686894947, 0.4308710510749112, 0.43085743443315805, 0.43085382239181613, 0.430852754481147, 0.4308527035781792, 0.43085267473283373, 0.4308526565086068, 0.43085265272968076, 0.4308526524425974]}, "11": {"maxiter": 500, "gtol": 1e-05, "xrtol": 1e-10, "eps": 1e-10, "duration": 0.04218482971191406, "fun": "0.43085265250883575", "jac": "[3.33066880e-06 1.11022293e-06 3.33066880e-06 2.22044587e-06\n 1.11022293e-06 4.44089173e-06]", "hess_inv": "[[ 9.20514818 -5.9724759  -2.97945248 -0.37160242  0.40675612  5.34990024]\n [-5.9724759  11.33472266  4.3444602  -0.47566664 -0.9804567  -7.0787016 ]\n [-2.97945248  4.3444602   6.88674409  0.10279026 -2.90120209 -2.18483473]\n [-0.37160242 -0.47566664  0.10279026  3.77708006 -0.86500877  0.02627408]\n [ 0.40675612 -0.9804567  -2.90120209 -0.86500877  6.56881686 -0.43752325]\n [ 5.34990024 -7.0787016  -2.18483473  0.02627408 -0.43752325  8.65241821]]", "nfev": "182", "njev": "26", "status": "0", "success": "True", "message": "Optimization terminated successfully.", "x": "[1.82590475 2.77889832 3.93769431 4.84678643 2.19421495 1.86036719]", "nit": "24", "callback": [0.7357948308256479, 0.6349989270577309, 0.5838756195556253, 0.5186434345537437, 0.47589304714868197, 0.45412143105566316, 0.4469888236063303, 0.44376984117365215, 0.440143063143969, 0.4388493645526287, 0.43685571011396684, 0.4349884659115919, 0.4335103936243917, 0.4314374153165822, 0.4308996305500523, 0.4308710441370037, 0.4308574394660871, 0.4308538146566284, 0.430852755903114, 0.43085270334717995, 0.43085267500377133, 0.43085265687468643, 0.4308526527692178, 0.43085265250883575]}, "12": {"maxiter": 500, "gtol": 1e-10, "xrtol": 1e-05, "eps": 1e-05, "duration": 0.04266715049743652, "fun": "0.4308526524425974", "jac": "[ 7.89268650e-07 -2.48612242e-07  1.56019642e-07 -1.48769885e-09\n  1.15074617e