{"date": "2024/09/25/, 12:19:43", "conf_id": 226, "data_type": "non_lin_ind\n", "num_data_points": 4, "s_rank": 0, "unitary": "[[-0.56303964-0.00798273j,-0.21670212-0.15784972j,-0.06047197-0.73952673j,-0.01438004+0.24552571j],[-0.06976756+0.23474685j,-0.01275565-0.5435098j,-0.02703657-0.08917885j,-0.08210486-0.79311774j],[-0.38559961+0.10714929j,0.5933431-0.2687392j,-0.24060861+0.29149289j,-0.45147719+0.26241743j],[-0.50180421+0.45931857j,-0.11617175+0.44134496j,0.49642745+0.22684508j,-0.08544628-0.15407063j]]", "databatch_0": {"databatch": "[[[0.04070487+0.26634117j,-0.41720567-0.18225028j,0.07974304-0.49082959j,0.05914209-0.19687596j],[-0.15484534+0.12600998j,0.01547457-0.21997621j,0.24453928-0.23296635j,0.08353286-0.15949065j],[0.08186387-0.066584j,-0.13168943+0.06559604j,0.01713666+0.13171629j,0.09193615+0.13542372j],[0.07593811+0.06156765j,-0.22391617-0.16006914j,0.04767876+0.04606983j,0.0482153+0.16240039j]],[[-0.08821484+0.27953637j,0.24067968+0.19319475j,0.21654624-0.21255748j,0.05135899-0.13913741j],[-0.14666816+0.22146927j,0.17004397+0.22611395j,0.26566545-0.17301361j,0.08190548-0.10557836j],[-0.09350899-0.20631687j,-0.24784024+0.02209552j,-0.01694182+0.30551811j,0.03715728+0.10456412j],[-0.02436512-0.21893664j,-0.23969004-0.05780448j,-0.13619937+0.27847079j,0.00353792+0.10579386j]],[[-0.39892357-0.05920256j,0.02631683+0.48126348j,-0.16555115+0.01200429j,0.03235547+0.47270927j],[-0.16856928-0.23454921j,-0.18616827+0.26459072j,-0.08728138-0.08046537j,-0.18578822+0.25948326j],[0.1035156+0.05147565j,-0.03499963-0.1144472j,0.04523282+0.01420902j,-0.02546907-0.1123914j],[-0.01289699+0.02220559j,-0.05126409-0.02136791j,-0.00607812+0.01208076j,-0.04046002-0.01332955j]],[[0.08805899-0.15179517j,-0.47970272-0.04258434j,0.2644954+0.26182289j,0.24965606-0.08842636j],[0.17906093-0.11572208j,-0.12135444-0.07155293j,0.003778+0.12555238j,0.23110892-0.03335977j],[-0.05272354+0.18482355j,-0.13524158-0.13547082j,0.04093847+0.09393162j,-0.07390245+0.19824021j],[-0.12725661+0.12434629j,-0.13054424-0.33640133j,-0.02490664+0.23287339j,-0.13477826+0.17115738j]]]", "initial param values": "[0.17307347,0.23401968,1.98991901,4.76516312,3.15911958,1.22474121]", "nelder_mead": {"type": "gradient-free", "0": {"maxiter": 100, "fatol": 1e-05, "xatol": 1e-05, "duration": 0.04568815231323242, "fun": "0.09466420501631434", "nit": "100", "nfev": "168", "status": "2", "success": "False", "message": "Maximum number of iterations has been exceeded.", "x": "[0.17055755 0.22658259 0.30549599 5.14310977 2.74554489 2.13349977]", "final_simplex": "(array([[0.17055755, 0.22658259, 0.30549599, 5.14310977, 2.74554489,\n        2.13349977],\n       [0.16821582, 0.22353162, 0.30413144, 5.15349862, 2.73335205,\n        2.1508826 ],\n       [0.16708077, 0.22227563, 0.30540981, 5.15665186, 2.73861026,\n        2.15269804],\n       [0.1686162 , 0.22474869, 0.30857204, 5.1498043 , 2.72662146,\n        2.14807315],\n       [0.17215251, 0.22697191, 0.30767104, 5.15328138, 2.74442864,\n        2.12564726],\n       [0.17121634, 0.22717285, 0.29995969, 5.1513658 , 2.73467678,\n        2.13665013],\n       [0.17137246, 0.2246678 , 0.31574992, 5.15908054, 2.75499282,\n        2.12914986]]), array([0.09466421, 0.09466828, 0.09467405, 0.09467686, 0.09467943,\n       0.09468557, 0.09469199]))", "callback": [0.356377186845275, 0.2178473822018312, 0.1371523718231894, 0.10720438204342175, 0.09892948734255413, 0.09811487114465656, 0.0973672541297691, 0.09580562936178105, 0.09493871975250967, 0.09470629619681503]}, "1": {"maxiter": 100, "fatol": 1e-05, "xatol": 1e-10, "duration": 0.04227805137634277, "fun": "0.09466420501631434", "nit": "100", "nfev": "168", "status": "2", "success": "False", "message": "Maximum number of iterations has been exceeded.", "x": "[0.17055755 0.22658259 0.30549599 5.14310977 2.74554489 2.13349977]", "final_simplex": "(array([[0.17055755, 0.22658259, 0.30549599, 5.14310977, 2.74554489,\n        2.13349977],\n       [0.16821582, 0.22353162, 0.30413144, 5.15349862, 2.73335205,\n        2.1508826 ],\n       [0.16708077, 0.22227563, 0.30540981, 5.15665186, 2.73861026,\n        2.15269804],\n       [0.1686162 , 0.22474869, 0.30857204, 5.1498043 , 2.72662146,\n        2.14807315],\n       [0.17215251, 0.22697191, 0.30767104, 5.15328138, 2.74442864,\n        2.12564726],\n       [0.17121634, 0.22717285, 0.29995969, 5.1513658 , 2.73467678,\n        2.13665013],\n       [0.17137246, 0.2246678 , 0.31574992, 5.15908054, 2.75499282,\n        2.12914986]]), array([0.09466421, 0.09466828, 0.09467405, 0.09467686, 0.09467943,\n       0.09468557, 0.09469199]))", "callback": [0.356377186845275, 0.2178473822018312, 0.1371523718231894, 0.10720438204342175, 0.09892948734255413, 0.09811487114465656, 0.0973672541297691, 0.09580562936178105, 0.09493871975250967, 0.09470629619681503]}, "2": {"maxiter": 100, "fatol": 1e-10, "xatol": 1e-05, "duration": 0.04084300994873047, "fun": "0.09466420501631434", "nit": "100", "nfev": "168", "status": "2", "success": "False", "message": "Maximum number of iterations has been exceeded.", "x": "[0.17055755 0.22658259 0.30549599 5.14310977 2.74554489 2.13349977]", "final_simplex": "(array([[0.17055755, 0.22658259, 0.30549599, 5.14310977, 2.74554489,\n        2.13349977],\n       [0.16821582, 0.22353162, 0.30413144, 5.15349862, 2.73335205,\n        2.1508826 ],\n       [0.16708077, 0.22227563, 0.30540981, 5.15665186, 2.73861026,\n        2.15269804],\n       [0.1686162 , 0.22474869, 0.30857204, 5.1498043 , 2.72662146,\n        2.14807315],\n       [0.17215251, 0.22697191, 0.30767104, 5.15328138, 2.74442864,\n        2.12564726],\n       [0.17121634, 0.22717285, 0.29995969, 5.1513658 , 2.73467678,\n        2.13665013],\n       [0.17137246, 0.2246678 , 0.31574992, 5.15908054, 2.75499282,\n        2.12914986]]), array([0.09466421, 0.09466828, 0.09467405, 0.09467686, 0.09467943,\n       0.09468557, 0.09469199]))", "callback": [0.356377186845275, 0.2178473822018312, 0.1371523718231894, 0.10720438204342175, 0.09892948734255413, 0.09811487114465656, 0.0973672541297691, 0.09580562936178105, 0.09493871975250967, 0.09470629619681503]}, "3": {"maxiter": 100, "fatol": 1e-10, "xatol": 1e-10, "duration": 0.039288997650146484, "fun": "0.09466420501631434", "nit": "100", "nfev": "168", "status": "2", "success": "False", "message": "Maximum number of iterations has been exceeded.", "x": "[0.17055755 0.22658259 0.30549599 5.14310977 2.74554489 2.13349977]", "final_simplex": "(array([[0.17055755, 0.22658259, 0.30549599, 5.14310977, 2.74554489,\n        2.13349977],\n       [0.16821582, 0.22353162, 0.30413144, 5.15349862, 2.73335205,\n        2.1508826 ],\n       [0.16708077, 0.22227563, 0.30540981, 5.15665186, 2.73861026,\n        2.15269804],\n       [0.1686162 , 0.22474869, 0.30857204, 5.1498043 , 2.72662146,\n        2.14807315],\n       [0.17215251, 0.22697191, 0.30767104, 5.15328138, 2.74442864,\n        2.12564726],\n       [0.17121634, 0.22717285, 0.29995969, 5.1513658 , 2.73467678,\n        2.13665013],\n       [0.17137246, 0.2246678 , 0.31574992, 5.15908054, 2.75499282,\n        2.12914986]]), array([0.09466421, 0.09466828, 0.09467405, 0.09467686, 0.09467943,\n       0.09468557, 0.09469199]))", "callback": [0.356377186845275, 0.2178473822018312, 0.1371523718231894, 0.10720438204342175, 0.09892948734255413, 0.09811487114465656, 0.0973672541297691, 0.09580562936178105, 0.09493871975250967, 0.09470629619681503]}, "4": {"maxiter": 500, "fatol": 1e-05, "xatol": 1e-05, "duration": 0.18916106224060059, "fun": "0.08845796332544165", "nit": "499", "nfev": "783", "status": "0", "success": "True", "message": "Optimization terminated successfully.", "x": "[ 0.23364892 -0.84819283  1.32729645  5.10724529  2.8658339   2.08604567]", "final_simplex": "(array([[ 0.23364892, -0.84819283,  1.32729645,  5.10724529,  2.8658339 ,\n         2.08604567],\n       [ 0.23364879, -0.84818687,  1.32728929,  5.10724471,  2.86583375,\n         2.08604731],\n       [ 0.23365008, -0.84818853,  1.3272901 ,  5.10724564,  2.86583191,\n         2.08604737],\n       [ 0.23364729, -0.84819057,  1.32729327,  5.10724791,  2.86582958,\n         2.08604814],\n       [ 0.23364901, -0.84818989,  1.32729165,  5.1072458 ,  2.86583587,\n         2.08604688],\n       [ 0.23365099, -0.84819403,  1.3272966 ,  5.10724572,  2.86583263,\n         2.08604826],\n       [ 0.2336489 , -0.8482    ,  1.32730136,  5.10724583,  2.86583306,\n         2.08604743]]), array([0.08845796, 0.08845796, 0.08845796, 0.08845796, 0.08845796,\n       0.08845796, 0.08845796]))", "callback": [0.356377186845275, 0.2178473822018312, 0.1371523718231894, 0.10720438204342175, 0.09892948734255413, 0.09811487114465656, 0.0973672541297691, 0.09580562936178105, 0.09493871975250967, 0.09470629619681503, 0.09465251251805062, 0.0946365638261698, 0.0946097000916356, 0.09453220635773274, 0.09420974504481394, 0.09413831047827848, 0.09412450191090416, 0.09412402813215903, 0.09412274750467431, 0.09411987744545236, 0.09411183987825322, 0.09409660447991142, 0.09408500508661888, 0.09406190035802664, 0.09399696270086089, 0.09394872911833496, 0.09380953034826978, 0.09361182761494835, 0.09345508120110846, 0.09271065393363243, 0.09210054443128712, 0.09105071490345384, 0.08988695046265416, 0.08878570051543988, 0.08864934840764604, 0.08847481143196023, 0.08847481037622051, 0.0884652434697798, 0.08846054290556526, 0.08845922236218895, 0.08845813001324454, 0.0884580516558664, 0.08845799077494532, 0.08845796970203224, 0.08845796520954008, 0.08845796371725001, 0.08845796354951785, 0.08845796335883482, 0.08845796333078992, 0.08845796332622347]}, "5": {"maxiter": 500, "fatol": 1e-05, "xatol": 1e-10, "duration": 0.18873095512390137, "fun": "0.08845796332544165", "nit": "500", "nfev": "784", "status": "2", "success": "False", "message": "Maximum number of iterations has been exceeded.", "x": "[ 0.23364892 -0.84819283  1.32729645  5.10724529  2.8658339   2.08604567]", "final_simplex": "(array([[ 0.23364892, -0.84819283,  1.32729645,  5.10724529,  2.8658339 ,\n         2.08604567],\n       [ 0.23364879, -0.84818687,  1.32728929,  5.10724471,  2.86583375,\n         2.08604731],\n       [ 0.23364946, -0.84818091,  1.32728443,  5.10724586,  2.86583282,\n         2.08604711],\n       [ 0.23365008, -0.84818853,  1.3272901 ,  5.10724564,  2.86583191,\n         2.08604737],\n       [ 0.23364729, -0.84819057,  1.32729327,  5.10724791,  2.86582958,\n         2.08604814],\n       [ 0.23364901, -0.84818989,  1.32729165,  5.1072458 ,  2.86583587,\n         2.08604688],\n       [ 0.23365099, -0.84819403,  1.3272966 ,  5.10724572,  2.86583263,\n         2.08604826]]), array([0.08845796, 0.08845796, 0.08845796, 0.08845796, 0.08845796,\n       0.08845796, 0.08845796]))", "callback": [0.356377186845275, 0.2178473822018312, 0.1371523718231894, 0.10720438204342175, 0.09892948734255413, 0.09811487114465656, 0.0973672541297691, 0.09580562936178105, 0.09493871975250967, 0.09470629619681503, 0.09465251251805062, 0.0946365638261698, 0.0946097000916356, 0.09453220635773274, 0.09420974504481394, 0.09413831047827848, 0.09412450191090416, 0.09412402813215903, 0.09412274750467431, 0.09411987744545236, 0.09411183987825322, 0.09409660447991142, 0.09408500508661888, 0.09406190035802664, 0.09399696270086089, 0.09394872911833496, 0.09380953034826978, 0.09361182761494835, 0.09345508120110846, 0.09271065393363243, 0.09210054443128712, 0.09105071490345384, 0.08988695046265416, 0.08878570051543988, 0.08864934840764604, 0.08847481143196023, 0.08847481037622051, 0.0884652434697798, 0.08846054290556526, 0.08845922236218895, 0.08845813001324454, 0.0884580516558664, 0.08845799077494532, 0.08845796970203224, 0.08845796520954008, 0.08845796371725001, 0.08845796354951785, 0.08845796335883482, 0.08845796333078992, 0.08845796332622347]}, "6": {"maxiter": 500, "fatol": 1e-10, "xatol": 1e-05, "duration": 0.22017693519592285, "fun": "0.08845796332544165", "nit": "499", "nfev": "783", "status": "0", "success": "True", "message": "Optimization terminated successfully.", "x": "[ 0.23364892 -0.84819283  1.32729645  5.10724529  2.8658339   2.08604567]", "final_simplex": "(array([[ 0.23364892, -0.84819283,  1.32729645,  5.10724529,  2.8658339 ,\n         2.08604567],\n       [ 0.23364879, -0.84818687,  1.32728929,  5.10724471,  2.86583375,\n         2.08604731],\n       [ 0.23365008, -0.84818853,  1.3272901 ,  5.10724564,  2.86583191,\n         2.08604737],\n       [ 0.23364729, -0.84819057,  1.32729327,  5.10724791,  2.86582958,\n         2.08604814],\n       [ 0.23364901, -0.84818989,  1.32729165,  5.1072458 ,  2.86583587,\n         2.08604688],\n       [ 0.23365099, -0.84819403,  1.3272966 ,  5.10724572,  2.86583263,\n         2.08604826],\n       [ 0.2336489 , -0.8482    ,  1.32730136,  5.10724583,  2.86583306,\n         2.08604743]]), array([0.08845796, 0.08845796, 0.08845796, 0.08845796, 0.08845796,\n       0.08845796, 0.08845796]))", "callback": [0.356377186845275, 0.2178473822018312, 0.1371523718231894, 0.10720438204342175, 0.09892948734255413, 0.09811487114465656, 0.0973672541297691, 0.09580562936178105, 0.09493871975250967, 0.09470629619681503, 0.09465251251805062, 0.0946365638261698, 0.0946097000916356, 0.09453220635773274, 0.09420974504481394, 0.09413831047827848, 0.09412450191090416, 0.09412402813215903, 0.09412274750467431, 0.09411987744545236, 0.09411183987825322, 0.09409660447991142, 0.09408500508661888, 0.09406190035802664, 0.09399696270086089, 0.09394872911833496, 0.09380953034826978, 0.09361182761494835, 0.09345508120110846, 0.09271065393363243, 0.09210054443128712, 0.09105071490345384, 0.08988695046265416, 0.08878570051543988, 0.08864934840764604, 0.08847481143196023, 0.08847481037622051, 0.0884652434697798, 0.08846054290556526, 0.08845922236218895, 0.08845813001324454, 0.0884580516558664, 0.08845799077494532, 0.08845796970203224, 0.08845796520954008, 0.08845796371725001, 0.08845796354951785, 0.08845796335883482, 0.08845796333078992, 0.08845796332622347]}, "7": {"maxiter": 500, "fatol": 1e-10, "xatol": 1e-10, "duration": 0.19804692268371582, "fun": "0.08845796332544165", "nit": "500", "nfev": "784", "status": "2", "success": "False", "message": "Maximum number of iterations has been exceeded.", "x": "[ 0.23364892 -0.84819283  1.32729645  5.10724529  2.8658339   2.08604567]", "final_simplex": "(array([[ 0.23364892, -0.84819283,  1.32729645,  5.10724529,  2.8658339 ,\n         2.08604567],\n       [ 0.23364879, -0.84818687,  1.32728929,  5.10724471,  2.86583375,\n         2.08604731],\n       [ 0.23364946, -0.84818091,  1.32728443,  5.10724586,  2.86583282,\n         2.08604711],\n       [ 0.23365008, -0.84818853,  1.3272901 ,  5.10724564,  2.86583191,\n         2.08604737],\n       [ 0.23364729, -0.84819057,  1.32729327,  5.10724791,  2.86582958,\n         2.08604814],\n       [ 0.23364901, -0.84818989,  1.32729165,  5.1072458 ,  2.86583587,\n         2.08604688],\n       [ 0.23365099, -0.84819403,  1.3272966 ,  5.10724572,  2.86583263,\n         2.08604826]]), array([0.08845796, 0.08845796, 0.08845796, 0.08845796, 0.08845796,\n       0.08845796, 0.08845796]))", "callback": [0.356377186845275, 0.2178473822018312, 0.1371523718231894, 0.10720438204342175, 0.09892948734255413, 0.09811487114465656, 0.0973672541297691, 0.09580562936178105, 0.09493871975250967, 0.09470629619681503, 0.09465251251805062, 0.0946365638261698, 0.0946097000916356, 0.09453220635773274, 0.09420974504481394, 0.09413831047827848, 0.09412450191090416, 0.09412402813215903, 0.09412274750467431, 0.09411987744545236, 0.09411183987825322, 0.09409660447991142, 0.09408500508661888, 0.09406190035802664, 0.09399696270086089, 0.09394872911833496, 0.09380953034826978, 0.09361182761494835, 0.09345508120110846, 0.09271065393363243, 0.09210054443128712, 0.09105071490345384, 0.08988695046265416, 0.08878570051543988, 0.08864934840764604, 0.08847481143196023, 0.08847481037622051, 0.0884652434697798, 0.08846054290556526, 0.08845922236218895, 0.08845813001324454, 0.0884580516558664, 0.08845799077494532, 0.08845796970203224, 0.08845796520954008, 0.08845796371725001, 0.08845796354951785, 0.08845796335883482, 0.08845796333078992, 0.08845796332622347]}, "8": {"maxiter": 1000, "fatol": 1e-05, "xatol": 1e-05, "duration": 0.20700788497924805, "fun": "0.08845796332544165", "nit": "499", "nfev": "783", "status": "0", "success": "True", "message": "Optimization terminated successfully.", "x": "[ 0.23364892 -0.84819283  1.32729645  5.10724529  2.8658339   2.08604567]", "final_simplex": "(array([[ 0.23364892, -0.84819283,  1.32729645,  5.10724529,  2.8658339 ,\n         2.08604567],\n       [ 0.23364879, -0.84818687,  1.32728929,  5.10724471,  2.86583375,\n         2.08604731],\n       [ 0.23365008, -0.84818853,  1.3272901 ,  5.10724564,  2.86583191,\n         2.08604737],\n       [ 0.23364729, -0.84819057,  1.32729327,  5.10724791,  2.86582958,\n         2.08604814],\n       [ 0.23364901, -0.84818989,  1.32729165,  5.1072458 ,  2.86583587,\n         2.08604688],\n       [ 0.23365099, -0.84819403,  1.3272966 ,  5.10724572,  2.86583263,\n         2.08604826],\n       [ 0.2336489 , -0.8482    ,  1.32730136,  5.10724583,  2.86583306,\n         2.08604743]]), array([0.08845796, 0.08845796, 0.08845796, 0.08845796, 0.08845796,\n       0.08845796, 0.08845796]))", "callback": [0.356377186845275, 0.2178473822018312, 0.1371523718231894, 0.10720438204342175, 0.09892948734255413, 0.09811487114465656, 0.0973672541297691, 0.09580562936178105, 0.09493871975250967, 0.09470629619681503, 0.09465251251805062, 0.0946365638261698, 0.0946097000916356, 0.09453220635773274, 0.09420974504481394, 0.09413831047827848, 0.09412450191090416, 0.09412402813215903, 0.09412274750467431, 0.09411987744545236, 0.09411183987825322, 0.09409660447991142, 0.09408500508661888, 0.09406190035802664, 0.09399696270086089, 0.09394872911833496, 0.09380953034826978, 0.09361182761494835, 0.09345508120110846, 0.09271065393363243, 0.09210054443128712, 0.09105071490345384, 0.08988695046265416, 0.08878570051543988, 0.08864934840764604, 0.08847481143196023, 0.08847481037622051, 0.0884652434697798, 0.08846054290556526, 0.08845922236218895, 0.08845813001324454, 0.0884580516558664, 0.08845799077494532, 0.08845796970203224, 0.08845796520954008, 0.08845796371725001, 0.08845796354951785, 0.08845796335883482, 0.08845796333078992, 0.08845796332622347]}, "9": {"maxiter": 1000, "fatol": 1e-05, "xatol": 1e-10, "duration": 0.25212597846984863, "fun": "0.08845796332498179", "nit": "578", "nfev": "974", "status": "0", "success": "True", "message": "Optimization terminated successfully.", "x": "[ 0.23364869 -0.84818843  1.32729149  5.1072464   2.86583296  2.08604683]", "final_simplex": "(array([[ 0.23364869, -0.84818843,  1.32729149,  5.1072464 ,  2.86583296,\n         2.08604683],\n       [ 0.23364869, -0.84818843,  1.32729149,  5.1072464 ,  2.86583296,\n         2.08604683],\n       [ 0.23364869, -0.84818843,  1.32729149,  5.1072464 ,  2.86583296,\n         2.08604683],\n       [ 0.23364869, -0.84818843,  1.32729149,  5.1072464 ,  2.86583296,\n         2.08604683],\n       [ 0.23364869, -0.84818843,  1.32729149,  5.1072464 ,  2.86583296,\n         2.08604683],\n       [ 0.23364869, -0.84818843,  1.32729149,  5.1072464 ,  2.86583296,\n         2.08604683],\n       [ 0.23364869, -0.84818843,  1.32729149,  5.1072464 ,  2.86583296,\n         2.08604683]]), array([0.08845796, 0.08845796, 0.08845796, 0.08845796, 0.08845796,\n       0.08845796, 0.08845796]))", "callback": [0.356377186845275, 0.2178473822018312, 0.1371523718231894, 0.10720438204342175, 0.09892948734255413, 0.09811487114465656, 0.0973672541297691, 0.09580562936178105, 0.09493871975250967, 0.09470629619681503, 0.09465251251805062, 0.0946365638261698, 0.0946097000916356, 0.09453220635773274, 0.09420974504481394, 0.09413831047827848, 0.09412450191090416, 0.09412402813215903, 0.09412274750467431, 0.09411987744545236, 0.09411183987825322, 0.09409660447991142, 0.09408500508661888, 0.09406190035802664, 0.09399696270086089, 0.09394872911833496, 0.09380953034826978, 0.09361182761494835, 0.09345508120110846, 0.09271065393363243, 0.09210054443128712, 0.09105071490345384, 0.08988695046265416, 0.08878570051543988, 0.08864934840764604, 0.08847481143196023, 0.08847481037622051, 0.0884652434697798, 0.08846054290556526, 0.08845922236218895, 0.08845813001324454, 0.0884580516558664, 0.08845799077494532, 0.08845796970203224, 0.08845796520954008, 0.08845796371725001, 0.08845796354951785, 0.08845796335883482, 0.08845796333078992, 0.08845796332622347, 0.088457963325283, 0.08845796332504019, 0.08845796332499112, 0.08845796332498312, 0.08845796332498201, 0.0884579633249819, 0.08845796332498179, 0.08845796332498179]}, "10": {"maxiter": 1000, "fatol": 1e-10, "xatol": 1e-05, "duration": 0.1859877109527588, "fun": "0.08845796332544165", "nit": "499", "nfev": "783", "status": "0", "success": "True", "message": "Optimization terminated successfully.", "x": "[ 0.23364892 -0.84819283  1.32729645  5.10724529  2.8658339   2.08604567]", "final_simplex": "(array([[ 0.23364892, -0.84819283,  1.32729645,  5.10724529,  2.8658339 ,\n         2.08604567],\n       [ 0.23364879, -0.84818687,  1.32728929,  5.10724471,  2.86583375,\n         2.08604731],\n       [ 0.23365008, -0.84818853,  1.3272901 ,  5.10724564,  2.86583191,\n         2.08604737],\n       [ 0.23364729, -0.84819057,  1.32729327,  5.10724791,  2.86582958,\n         2.08604814],\n       [ 0.23364901, -0.84818989,  1.32729165,  5.1072458 ,  2.86583587,\n         2.08604688],\n       [ 0.23365099, -0.84819403,  1.3272966 ,  5.10724572,  2.86583263,\n         2.08604826],\n       [ 0.2336489 , -0.8482    ,  1.32730136,  5.10724583,  2.86583306,\n         2.08604743]]), array([0.08845796, 0.08845796, 0.08845796, 0.08845796, 0.08845796,\n       0.08845796, 0.08845796]))", "callback": [0.356377186845275, 0.2178473822018312, 0.1371523718231894, 0.10720438204342175, 0.09892948734255413, 0.09811487114465656, 0.0973672541297691, 0.09580562936178105, 0.09493871975250967, 0.09470629619681503, 0.09465251251805062, 0.0946365638261698, 0.0946097000916356, 0.09453220635773274, 0.09420974504481394, 0.09413831047827848, 0.09412450191090416, 0.09412402813215903, 0.09412274750467431, 0.09411987744545236, 0.09411183987825322, 0.09409660447991142, 0.09408500508661888, 0.09406190035802664, 0.09399696270086089, 0.09394872911833496, 0.09380953034826978, 0.09361182761494835, 0.09345508120110846, 0.09271065393363243, 0.09210054443128712, 0.09105071490345384, 0.08988695046265416, 0.08878570051543988, 0.08864934840764604, 0.08847481143196023, 0.08847481037622051, 0.0884652434697798, 0.08846054290556526, 0.08845922236218895, 0.08845813001324454, 0.0884580516558664, 0.08845799077494532, 0.08845796970203224, 0.08845796520954008, 0.08845796371725001, 0.08845796354951785, 0.08845796335883482, 0.08845796333078992, 0.08845796332622347]}, "11": {"maxiter": 1000, "fatol": 1e-10, "xatol": 1e-10, "duration": 0.2611689567565918, "fun": "0.08845796332498179", "nit": "578", "nfev": "974", "status": "0", "success": "True", "message": "Optimization terminated successfully.", "x": "[ 0.23364869 -0.84818843  1.32729149  5.1072464   2.86583296  2.08604683]", "final_simplex": "(array([[ 0.23364869, -0.84818843,  1.32729149,  5.1072464 ,  2.86583296,\n         2.08604683],\n       [ 0.23364869, -0.84818843,  1.32729149,  5.1072464 ,  2.86583296,\n         2.08604683],\n       [ 0.23364869, -0.84818843,  1.32729149,  5.1072464 ,  2.86583296,\n         2.08604683],\n       [ 0.23364869, -0.84818843,  1.32729149,  5.1072464 ,  2.86583296,\n         2.08604683],\n       [ 0.23364869, -0.84818843,  1.32729149,  5.1072464 ,  2.86583296,\n         2.08604683],\n       [ 0.23364869, -0.84818843,  1.32729149,  5.1072464 ,  2.86583296,\n         2.08604683],\n       [ 0.23364869, -0.84818843,  1.32729149,  5.1072464 ,  2.86583296,\n         2.08604683]]), array([0.08845796, 0.08845796, 0.08845796, 0.08845796, 0.08845796,\n       0.08845796, 0.08845796]))", "callback": [0.356377186845275, 0.2178473822018312, 0.1371523718231894, 0.10720438204342175, 0.09892948734255413, 0.09811487114465656, 0.0973672541297691, 0.09580562936178105, 0.09493871975250967, 0.09470629619681503, 0.09465251251805062, 0.0946365638261698, 0.0946097000916356, 0.09453220635773274, 0.09420974504481394, 0.09413831047827848, 0.09412450191090416, 0.09412402813215903, 0.09412274750467431, 0.09411987744545236, 0.09411183987825322, 0.09409660447991142, 0.09408500508661888, 0.09406190035802664, 0.09399696270086089, 0.09394872911833496, 0.09380953034826978, 0.09361182761494835, 0.09345508120110846, 0.09271065393363243, 0.09210054443128712, 0.09105071490345384, 0.08988695046265416, 0.08878570051543988, 0.08864934840764604, 0.08847481143196023, 0.08847481037622051, 0.0884652434697798, 0.08846054290556526, 0.08845922236218895, 0.08845813001324454, 0.0884580516558664, 0.08845799077494532, 0.08845796970203224, 0.08845796520954008, 0.08845796371725001, 0.08845796354951785, 0.08845796335883482, 0.08845796333078992, 0.08845796332622347, 0.088457963325283, 0.08845796332504019, 0.08845796332499112, 0.08845796332498312, 0.08845796332498201, 0.0884579633249819, 0.08845796332498179, 0.08845796332498179]}}, "bfgs": {"type": "gradient", "0": {"maxiter": 100, "gtol": 1e-05, "xrtol": 1e-05, "eps": 1e-05, "duration": 0.052468061447143555, "fun": "0.08845796367751324", "jac": "[ 5.64350788e-06  1.17139631e-06 -2.25132135e-06  1.82885929e-06\n  1.82883708e-06 -1.07230891e-06]", "hess_inv": "[[  2.79031844  -2.8608111    2.1938756   -1.07031557   1.46205769\n   -0.33986882]\n [ -2.8608111   46.33525523 -43.38894663  -0.48341185  -4.20835943\n    1.3945789 ]\n [  2.1938756  -43.38894663  44.15726469  -0.15134063   5.97550517\n   -3.15800884]\n [ -1.07031557  -0.48341185  -0.15134063   4.79722288  -4.4327369\n    2.71512664]\n [  1.46205769  -4.20835943   5.97550517  -4.4327369   11.30812337\n   -6.58858422]\n [ -0.33986882   1.3945789   -3.15800884   2.71512664  -6.58858422\n    6.36109405]]", "nfev": "168", "njev": "24", "status": "0", "success": "True", "message": "Optimization terminated successfully.", "x": "[ 0.23365529 -0.84800884  1.32711182  5.10722947  2.86584595  2.08603166]", "nit": "23", "callback": [0.2592888308288326, 0.151080556639681, 0.12191832767289901, 0.1106385693012144, 0.09983355952504813, 0.0974544644915929, 0.09375499448358993, 0.09092488563432966, 0.08971128689272434, 0.08864354341058756, 0.08863507726041908, 0.08863091862178085, 0.08862320104180599, 0.08860887385546701, 0.08858306685638007, 0.08854063529311917, 0.0884935297817615, 0.08847677306750756, 0.08845945088440987, 0.0884582029172668, 0.0884580182467204, 0.08845797258471533, 0.08845796367751324]}, "1": {"maxiter": 100, "gtol": 1e-05, "xrtol": 1e-05, "eps": 1e-10, "duration": 0.04871702194213867, "fun": "0.08845796350291324", "jac": "[7.77156053e-06 1.11022293e-06 1.11022293e-06 6.66133760e-06\n 6.66133760e-06 4.44089173e-06]", "hess_inv": "[[  2.72330108  -2.51468443   1.84510732  -1.00918594   1.41838531\n   -0.31567827]\n [ -2.51468443  46.70360201 -43.88059232  -1.25156742  -4.5710299\n    1.3503655 ]\n [  1.84510732 -43.88059232  44.76962698   0.6481571    6.33035197\n   -3.09729304]\n [ -1.00918594  -1.25156742   0.6481571    4.83588465  -4.28040635\n    2.68339182]\n [  1.41838531  -4.5710299    6.33035197  -4.28040635  11.26814206\n   -6.51564064]\n [ -0.31567827   1.3503655   -3.09729304   2.68339182  -6.51564064\n    6.32113485]]", "nfev": "168", "njev": "24", "status": "0", "success": "True", "message": "Optimization terminated successfully.", "x": "[ 0.23366334 -0.84818406  1.32728732  5.10726418  2.86584671  2.08605252]", "nit": "23", "callback": [0.2592885419828338, 0.15107952396058533, 0.12191756749415628, 0.11063822873509366, 0.09983344563131125, 0.09745453505640722, 0.09375498885151923, 0.090924640852863, 0.08971130068638433, 0.08864353906440925, 0.08863506706564062, 0.08863092233743874, 0.08862321513980986, 0.08860889771359681, 0.08858312807648538, 0.0885406880514843, 0.0884934650550403, 0.08847693213128982, 0.08845934644384479, 0.0884581951527913, 0.0884580164287766, 0.08845797155346646, 0.08845796350291324]}, "2": {"maxiter": 100, "gtol": 1e-05, "xrtol": 1e-10, "eps": 1e-05, "duration": 0.048863887786865234, "fun": "0.08845796367751324", "jac": "[ 5.64350788e-06  1.17139631e-06 -2.25132135e-06  1.82885929e-06\n  1.82883708e-06 -1.07230891e-06]", "hess_inv": "[[  2.79031844  -2.8608111    2.1938756   -1.07031557   1.46205769\n   -0.33986882]\n [ -2.8608111   46.33525523 -43.38894663  -0.48341185  -4.20835943\n    1.3945789 ]\n [  2.1938756  -43.38894663  44.15726469  -0.15134063   5.97550517\n   -3.15800884]\n [ -1.07031557  -0.48341185  -0.15134063   4.79722288  -4.4327369\n    2.71512664]\n [  1.46205769  -4.20835943   5.97550517  -4.4327369   11.30812337\n   -6.58858422]\n [ -0.33986882   1.3945789   -3.15800884   2.71512664  -6.58858422\n    6.36109405]]", "nfev": "168", "njev": "24", "status": "0", "success": "True", "message": "Optimization terminated successfully.", "x": "[ 0.23365529 -0.84800884  1.32711182  5.10722947  2.86584595  2.08603166]", "nit": "23", "callback": [0.2592888308288326, 0.151080556639681, 0.12191832767289901, 0.1106385693012144, 0.09983355952504813, 0.0974544644915929, 0.09375499448358993, 0.09092488563432966, 0.08971128689272434, 0.08864354341058756, 0.08863507726041908, 0.08863091862178085, 0.08862320104180599, 0.08860887385546701, 0.08858306685638007, 0.08854063529311917, 0.0884935297817615, 0.08847677306750756, 0.08845945088440987, 0.0884582029172668, 0.0884580182467204, 0.08845797258471533, 0.08845796367751324]}, "3": {"maxiter": 100, "gtol": 1e-05, "xrtol": 1e-10, "eps": 1e-10, "duration": 0.04853487014770508, "fun": "0.08845796350291324", "jac": "[7.77156053e-06 1.11022293e-06 1.11022293e-06 6.66133760e-06\n 6.66133760e-06 4.44089173e-06]", "hess_inv": "[[  2.72330108  -2.51468443   1.84510732  -1.00918594   1.41838531\n   -0.31567827]\n [ -2.51468443  46.70360201 -43.88059232  -1.25156742  -4.5710299\n    1.3503655 ]\n [  1.84510732 -43.88059232  44.76962698   0.6481571    6.33035197\n   -3.09729304]\n [ -1.00918594  -1.25156742   0.6481571    4.83588465  -4.28040635\n    2.68339182]\n [  1.41838531  -4.5710299    6.33035197  -4.28040635  11.26814206\n   -6.51564064]\n [ -0.31567827   1.3503655   -3.09729304   2.68339182  -6.51564064\n    6.32113485]]", "nfev": "168", "njev": "24", "status": "0", "success": "True", "message": "Optimization terminated successfully.", "x": "[ 0.23366334 -0.84818406  1.32728732  5.10726418  2.86584671  2.08605252]", "nit": "23", "callback": [0.2592885419828338, 0.15107952396058533, 0.12191756749415628, 0.11063822873509366, 0.09983344563131125, 0.09745453505640722, 0.09375498885151923, 0.090924640852863, 0.08971130068638433, 0.08864353906440925, 0.08863506706564062, 0.08863092233743874, 0.08862321513980986, 0.08860889771359681, 0.08858312807648538, 0.0885406880514843, 0.0884934650550403, 0.08847693213128982, 0.08845934644384479, 0.0884581951527913, 0.0884580164287766, 0.08845797155346646, 0.08845796350291324]}, "4": {"maxiter": 100, "gtol": 1e-10, "xrtol": 1e-05, "eps": 1e-05, "duration": 0.05672097206115723, "fun": "0.08845796334248124", "jac": "[-2.47357690e-08  7.10542736e-10 -5.51780843e-09  7.64388552e-08\n  7.37188088e-08  4.85944618e-08]", "hess_inv": "[[  2.82580724  -2.03892032   1.39069635  -1.07713889   1.54765904\n   -0.37604658]\n [ -2.03892032  57.75196645 -54.68316048  -1.31430256  -3.4082869\n    0.81958487]\n [  1.39069635 -54.68316048  55.32607258   0.64862399   5.17229522\n   -2.5911464 ]\n [ -1.07713889  -1.31430256   0.64862399   4.73891487  -4.55360432\n    2.74498886]\n [  1.54765904  -3.4082869    5.17229522  -4.55360432  11.33106759\n   -6.63499445]\n [ -0.37604658   0.81958487  -2.5911464    2.74498886  -6.63499445\n    6.38837894]]", "nfev": "182", "njev": "26", "status": "0", "success": "True", "message": "Optimization terminated successfully.", "x": "[ 0.23364359 -0.84817858  1.32727916  5.10724115  2.86583334  2.08604095]", "nit": "25", "callback": [0.2592888308288326, 0.151080556639681, 0.12191832767289901, 0.1106385693012144, 0.09983355952504813, 0.0974544644915929, 0.09375499448358993, 0.09092488563432966, 0.08971128689272434, 0.08864354341058756, 0.08863507726041908, 0.08863091862178085, 0.08862320104180599, 0.08860887385546701, 0.08858306685638007, 0.08854063529311917, 0.0884935297817615, 0.08847677306750756, 0.08845945088440987, 0.0884582029172668, 0.0884580182467204, 0.08845797258471533, 0.08845796367751324, 0.08845796334310407, 0.08845796334248124]}, "5": {"maxiter": 100, "gtol": 1e-10, "xrtol": 1e-05, "eps": 1e-10, "duration": 0.05309891700744629, "fun": "0.08845796336111877", "jac": "[-1.11022293e-06  1.11022293e-06  1.11022293e-06  5.55111466e-06\n  2.22044587e-06  2.22044587e-06]", "hess_inv": "[[  2.891948    -1.82453195   1.12120199  -1.18522652   1.44515058\n   -0.35966431]\n [ -1.82453195  45.00344916 -42.21341349  -0.99619003  -3.5729527\n    1.29550918]\n [  1.12120199 -42.21341349  43.1397336    0.40533414   5.30626737\n   -3.03654194]\n [ -1.18522652  -0.99619003   0.40533414   4.80919574  -4.49997712\n    2.7023158 ]\n [  1.44515058  -3.5729527    5.30626737  -4.49997712  11.0978908\n   -6.54719884]\n [ -0.35966431   1.29550918  -3.03654194   2.7023158   -6.54719884\n    6.32914557]]", "nfev": "175", "njev": "25", "status": "0", "success": "True", "message": "Optimization terminated successfully.", "x": "[ 0.23364151 -0.8481483   1.32725302  5.10725999  2.86581868  2.08605475]", "nit": "24", "callback": [0.2592885419828338, 0.15107952396058533, 0.12191756749415628, 0.11063822873509366, 0.09983344563131125, 0.09745453505640722, 0.09375498885151923, 0.090924640852863, 0.08971130068638433, 0.08864353906440925, 0.08863506706564062, 0.08863092233743874, 0.08862321513980986, 0.08860889771359681, 0.08858312807648538, 0.0885406880514843, 0.0884934650550403, 0.08847693213128982, 0.08845934644384479, 0.0884581951527913, 0.0884580164287766, 0.08845797155346646, 0.08845796350291324, 0.08845796336111877]}, "6": {"maxiter": 100, "gtol": 1e-10, "xrtol": 1e-10, "eps": 1e-05, "duration": 0.11021208763122559, "fun": "0.08845796334248124", "jac": "[-2.47357690e-08  7.10542736e-10 -5.51780843e-09  7.64388552e-08\n  7.37188088e-08  4.85944618e-08]", "hess_inv": "[[  2.82334577  -2.16268436   1.51058475  -1.08285748   1.5315961\n   -0.37180113]\n [ -2.16268436  57.07736317 -54.02115421  -1.05247063  -3.35614047\n    0.93821051]\n [  1.51058475 -54.02115421  54.67654901   0.39583565   5.12310329\n   -2.70620308]\n [ -1.08285748  -1.05247063   0.39583565   4.78002462  -4.50578951\n    2.74546175]\n [  1.5315961   -3.35614047   5.12310329  -4.50578951  11.35948439\n   -6.62198632]\n [ -0.37180113   0.93821051  -2.70620308   2.74546175  -6.62198632\n    6.38267764]]", "nfev": "411", "njev": "57", "status": "2", "success": "False", "message": "Desired error not necessarily achieved due to precision loss.", "x": "[ 0.23364359 -0.84817858  1.32727916  5.10724115  2.86583334  2.08604095]", "nit": "25", "callback": [0.2592888308288326, 0.151080556639681, 0.12191832767289901, 0.1106385693012144, 0.09983355952504813, 0.0974544644915929, 0.09375499448358993, 0.09092488563432966, 0.08971128689272434, 0.08864354341058756, 0.08863507726041908, 0.08863091862178085, 0.08862320104180599, 0.08860887385546701, 0.08858306685638007, 0.08854063529311917, 0.0884935297817615, 0.08847677306750756, 0.08845945088440987, 0.0884582029172668, 0.0884580182467204, 0.08845797258471533, 0.08845796367751324, 0.08845796334310407, 0.08845796334248124]}, "7": {"maxiter": 100, "gtol": 1e-10, "xrtol": 1e-10, "eps": 1e-10, "duration": 0.0921928882598877, "fun": "0.08845796333396916", "jac": "[2.22044587e-06 1.11022293e-06 1.11022293e-06 0.00000000e+00\n 0.00000000e+00 2.22044587e-06]", "hess_inv": "[[ 0.44773432 -1.50875729  1.14159152 -0.02391146  0.26281443 -0.22680539]\n [-1.50875729  8.01118033 -5.65114253 -1.81265487 -0.75321832  0.93134783]\n [ 1.14159152 -5.65114253  4.46571882  0.92436538  1.18606707 -1.33226292]\n [-0.02391146 -1.81265487  0.92436538  2.11770186 -1.1335709   0.55305236]\n [ 0.26281443 -0.75321832  1.18606707 -1.1335709   1.78380196 -1.44507719]\n [-0.22680539  0.93134783 -1.33226292  0.55305236 -1.44507719  1.56124624]]", "nfev": "336", "njev": "48", "status": "0", "success": "True", "message": "Optimization terminated successfully.", "x": "[ 0.23364643 -0.84817242  1.32727852  5.1072398   2.86583469  2.08604384]", "nit": "32", "callback": [0.2592885419828338, 0.15107952396058533, 0.12191756749415628, 0.11063822873509366, 0.09983344563131125, 0.09745453505640722, 0.09375498885151923, 0.090924640852863, 0.08971130068638433, 0.08864353906440925, 0.08863506706564062, 0.08863092233743874, 0.08862321513980986, 0.08860889771359681, 0.08858312807648538, 0.0885406880514843, 0.0884934650550403, 0.08847693213128982, 0.08845934644384479, 0.0884581951527913, 0.0884580164287766, 0.08845797155346646, 0.08845796350291324, 0.08845796336111877, 0.08845796335254741, 0.08845796334837974, 0.08845796334592759, 0.08845796334409439, 0.08845796333695954, 0.08845796333396982, 0.08845796333396916, 0.08845796333396916]}, "8": {"maxiter": 500, "gtol": 1e-05, "xrtol": 1e-05, "eps": 1e-05, "duration": 0.04332304000854492, "fun": "0.08845796367751324", "jac": "[ 5.64350788e-06  1.17139631e-06 -2.25132135e-06  1.82885929e-06\n  1.82883708e-06 -1.07230891e-06]", "hess_inv": "[[  2.79031844  -2.8608111    2.1938756   -1.07031557   1.46205769\n   -0.33986882]\n [ -2.8608111   46.33525523 -43.38894663  -0.48341185  -4.20835943\n    1.3945789 ]\n [  2.1938756  -43.38894663  44.15726469  -0.15134063   5.97550517\n   -3.15800884]\n [ -1.07031557  -0.48341185  -0.15134063   4.79722288  -4.4327369\n    2.71512664]\n [  1.46205769  -4.20835943   5.97550517  -4.4327369   11.30812337\n   -6.58858422]\n [ -0.33986882   1.3945789   -3.15800884   2.71512664  -6.58858422\n    6.36109405]]", "nfev": "168", "njev": "24", "status": "0", "success": "True", "message": "Optimization terminated successfully.", "x": "[ 0.23365529 -0.84800884  1.32711182  5.10722947  2.86584595  2.08603166]", "nit": "23", "callback": [0.2592888308288326, 0.151080556639681, 0.12191832767289901, 0.1106385693012144, 0.09983355952504813, 0.0974544644915929, 0.09375499448358993, 0.09092488563432966, 0.08971128689272434, 0.08864354341058756, 0.08863507726041908, 0.08863091862178085, 0.08862320104180599, 0.08860887385546701, 0.08858306685638007, 0.08854063529311917, 0.0884935297817615, 0.08847677306750756, 0.08845945088440987, 0.0884582029172668, 0.0884580182467204, 0.08845797258471533, 0.08845796367751324]}, "9": {"maxiter": 500, "gtol": 1e-05, "xrtol": 1e-05, "eps": 1e-10, "duration": 0.04089808464050293, "fun": "0.08845796350291324", "jac": "[7.77156053e-06 1.11022293e-06 1.11022293e-06 6.66133760e-06\n 6.66133760e-06 4.44089173e-06]", "hess_inv": "[[  2.72330108  -2.51468443   1.84510732  -1.00918594   1.41838531\n   -0.31567827]\n [ -2.51468443  46.70360201 -43.88059232  -1.25156742  -4.5710299\n    1.3503655 ]\n [  1.84510732 -43.88059232  44.76962698   0.6481571    6.33035197\n   -3.09729304]\n [ -1.00918594  -1.25156742   0.6481571    4.83588465  -4.28040635\n    2.68339182]\n [  1.41838531  -4.5710299    6.33035197  -4.28040635  11.26814206\n   -6.51564064]\n [ -0.31567827   1.3503655   -3.09729304   2.68339182  -6.51564064\n    6.32113485]]", "nfev": "168", "njev": "24", "status": "0", "success": "True", "message": "Optimization terminated successfully.", "x": "[ 0.23366334 -0.84818406  1.32728732  5.10726418  2.86584671  2.08605252]", "nit": "23", "callback": [0.2592885419828338, 0.15107952396058533, 0.12191756749415628, 0.11063822873509366, 0.09983344563131125, 0.09745453505640722, 0.09375498885151923, 0.090924640852863, 0.08971130068638433, 0.08864353906440925, 0.08863506706564062, 0.08863092233743874, 0.08862321513980986, 0.08860889771359681, 0.08858312807648538, 0.0885406880514843, 0.0884934650550403, 0.08847693213128982, 0.08845934644384479, 0.088458195152