{"date": "2024/09/24/, 22:04:20", "conf_id": 61, "data_type": "random\n", "num_data_points": 4, "s_rank": 0, "unitary": "[[-0.56303964-0.00798273j,-0.21670212-0.15784972j,-0.06047197-0.73952673j,-0.01438004+0.24552571j],[-0.06976756+0.23474685j,-0.01275565-0.5435098j,-0.02703657-0.08917885j,-0.08210486-0.79311774j],[-0.38559961+0.10714929j,0.5933431-0.2687392j,-0.24060861+0.29149289j,-0.45147719+0.26241743j],[-0.50180421+0.45931857j,-0.11617175+0.44134496j,0.49642745+0.22684508j,-0.08544628-0.15407063j]]", "databatch_0": {"databatch": "[[[-0.04789535+1.60300253e-01j,0.03530183+1.63451454e-02j,0.04994823+1.99002955e-01j,0.32380714-2.99962910e-01j],[0.12712366+1.56986734e-01j,0.04035028-2.40443660e-02j,0.23238169+8.58465228e-02j,-0.07827628-5.27164963e-01j],[-0.03075757-1.78190477e-01j,-0.04203061+1.16231952e-03j,-0.14407585-1.68581032e-01j,-0.16910323+4.46096077e-01j],[0.02191793-5.55233574e-02j,-0.01205062-6.88777419e-03j,-0.01168331-7.22674954e-02j,-0.12426334+9.67521985e-02j]],[[-0.09288559-1.37377037e-02j,0.03888626+2.06577064e-02j,0.29362391-5.45801175e-02j,0.02740845+2.37946509e-03j],[0.06600226+1.80587408e-01j,-0.00080402-9.01622950e-02j,-0.38502801-4.75132553e-01j,-0.02248894-5.16519829e-02j],[-0.08514805-6.17514878e-02j,0.02792684+4.06585888e-02j,0.31992272+9.78549933e-02j,0.02599237+1.65584785e-02j],[0.14371982+1.00214368e-01j,-0.0477677-6.68528328e-02j,-0.53584612-1.53089348e-01j,-0.04380122-2.67745385e-02j]],[[-0.00402564-5.76582541e-02j,-0.05704598+6.42398712e-02j,-0.22686822-1.11813018e-01j,-0.01387101+2.71911987e-01j],[0.01524062-9.20413807e-02j,-0.11359756+7.95377346e-02j,-0.31441894-2.60409824e-01j,-0.12346411+4.21773600e-01j],[-0.04046826-5.44281190e-02j,-0.01571523+9.95823249e-02j,-0.29494636+3.30887662e-02j,0.15837848+2.77472309e-01j],[0.07617653+1.38481693e-04j,-0.07907663-8.10429523e-02j,0.16835679-2.87709098e-01j,-0.35614823-4.38449970e-02j]],[[0.42863998+2.59132584e-01j,0.08263542+8.27656428e-02j,0.03912783-2.27659472e-02j,-0.05307551+3.51230240e-01j],[-0.13178192-4.85955008e-01j,-0.00263127-1.17539807e-01j,-0.04425254-1.06078566e-02j,0.28239864-2.18533455e-01j],[-0.07478867+2.76865479e-01j,-0.0324722+5.85656188e-02j,0.01871739+1.79299558e-02j,-0.20167177+2.63552324e-02j],[0.08171959-2.13053183e-01j,0.03046626-4.37125938e-02j,-0.01335601-1.57142493e-02j,0.1617664-4.45279943e-03j]]]", "initial param values": "[0.17616834,4.53737507,5.98071672,0.51457275,5.55109515,6.07292334]", "nelder_mead": {"type": "gradient-free", "0": {"maxiter": 100, "fatol": 1e-05, "xatol": 1e-05, "duration": 0.03828907012939453, "fun": "0.5554663818702441", "nit": "100", "nfev": "156", "status": "2", "success": "False", "message": "Maximum number of iterations has been exceeded.", "x": "[0.28051017 3.04818748 5.15739069 0.48481119 2.67600498 7.87359419]", "final_simplex": "(array([[0.28051017, 3.04818748, 5.15739069, 0.48481119, 2.67600498,\n        7.87359419],\n       [0.28245288, 3.03186543, 5.17262371, 0.47782341, 2.60658153,\n        7.93687159],\n       [0.28087323, 3.01799889, 5.24025706, 0.47354394, 2.69425873,\n        7.92078171],\n       [0.27888489, 3.1333531 , 5.10721763, 0.47466711, 2.71060354,\n        7.91301495],\n       [0.28339114, 2.99040973, 5.20296784, 0.4730608 , 2.61477877,\n        7.99634535],\n       [0.28272671, 2.96999502, 5.25740611, 0.47317325, 2.65583882,\n        7.92226732],\n       [0.28482374, 3.03372143, 5.12801583, 0.47427178, 2.63309402,\n        7.90494529]]), array([0.55546638, 0.55583472, 0.5562882 , 0.55629496, 0.55651196,\n       0.55654791, 0.55662237]))", "callback": [0.64527826180412, 0.6343827311669028, 0.6289105011471262, 0.6213774207174508, 0.6138621191262081, 0.5820342989468872, 0.5673742192077275, 0.5593580857341087, 0.5572980766931113, 0.5566223697265739]}, "1": {"maxiter": 100, "fatol": 1e-05, "xatol": 1e-10, "duration": 0.0372622013092041, "fun": "0.5554663818702441", "nit": "100", "nfev": "156", "status": "2", "success": "False", "message": "Maximum number of iterations has been exceeded.", "x": "[0.28051017 3.04818748 5.15739069 0.48481119 2.67600498 7.87359419]", "final_simplex": "(array([[0.28051017, 3.04818748, 5.15739069, 0.48481119, 2.67600498,\n        7.87359419],\n       [0.28245288, 3.03186543, 5.17262371, 0.47782341, 2.60658153,\n        7.93687159],\n       [0.28087323, 3.01799889, 5.24025706, 0.47354394, 2.69425873,\n        7.92078171],\n       [0.27888489, 3.1333531 , 5.10721763, 0.47466711, 2.71060354,\n        7.91301495],\n       [0.28339114, 2.99040973, 5.20296784, 0.4730608 , 2.61477877,\n        7.99634535],\n       [0.28272671, 2.96999502, 5.25740611, 0.47317325, 2.65583882,\n        7.92226732],\n       [0.28482374, 3.03372143, 5.12801583, 0.47427178, 2.63309402,\n        7.90494529]]), array([0.55546638, 0.55583472, 0.5562882 , 0.55629496, 0.55651196,\n       0.55654791, 0.55662237]))", "callback": [0.64527826180412, 0.6343827311669028, 0.6289105011471262, 0.6213774207174508, 0.6138621191262081, 0.5820342989468872, 0.5673742192077275, 0.5593580857341087, 0.5572980766931113, 0.5566223697265739]}, "2": {"maxiter": 100, "fatol": 1e-10, "xatol": 1e-05, "duration": 0.035460710525512695, "fun": "0.5554663818702441", "nit": "100", "nfev": "156", "status": "2", "success": "False", "message": "Maximum number of iterations has been exceeded.", "x": "[0.28051017 3.04818748 5.15739069 0.48481119 2.67600498 7.87359419]", "final_simplex": "(array([[0.28051017, 3.04818748, 5.15739069, 0.48481119, 2.67600498,\n        7.87359419],\n       [0.28245288, 3.03186543, 5.17262371, 0.47782341, 2.60658153,\n        7.93687159],\n       [0.28087323, 3.01799889, 5.24025706, 0.47354394, 2.69425873,\n        7.92078171],\n       [0.27888489, 3.1333531 , 5.10721763, 0.47466711, 2.71060354,\n        7.91301495],\n       [0.28339114, 2.99040973, 5.20296784, 0.4730608 , 2.61477877,\n        7.99634535],\n       [0.28272671, 2.96999502, 5.25740611, 0.47317325, 2.65583882,\n        7.92226732],\n       [0.28482374, 3.03372143, 5.12801583, 0.47427178, 2.63309402,\n        7.90494529]]), array([0.55546638, 0.55583472, 0.5562882 , 0.55629496, 0.55651196,\n       0.55654791, 0.55662237]))", "callback": [0.64527826180412, 0.6343827311669028, 0.6289105011471262, 0.6213774207174508, 0.6138621191262081, 0.5820342989468872, 0.5673742192077275, 0.5593580857341087, 0.5572980766931113, 0.5566223697265739]}, "3": {"maxiter": 100, "fatol": 1e-10, "xatol": 1e-10, "duration": 0.03503823280334473, "fun": "0.5554663818702441", "nit": "100", "nfev": "156", "status": "2", "success": "False", "message": "Maximum number of iterations has been exceeded.", "x": "[0.28051017 3.04818748 5.15739069 0.48481119 2.67600498 7.87359419]", "final_simplex": "(array([[0.28051017, 3.04818748, 5.15739069, 0.48481119, 2.67600498,\n        7.87359419],\n       [0.28245288, 3.03186543, 5.17262371, 0.47782341, 2.60658153,\n        7.93687159],\n       [0.28087323, 3.01799889, 5.24025706, 0.47354394, 2.69425873,\n        7.92078171],\n       [0.27888489, 3.1333531 , 5.10721763, 0.47466711, 2.71060354,\n        7.91301495],\n       [0.28339114, 2.99040973, 5.20296784, 0.4730608 , 2.61477877,\n        7.99634535],\n       [0.28272671, 2.96999502, 5.25740611, 0.47317325, 2.65583882,\n        7.92226732],\n       [0.28482374, 3.03372143, 5.12801583, 0.47427178, 2.63309402,\n        7.90494529]]), array([0.55546638, 0.55583472, 0.5562882 , 0.55629496, 0.55651196,\n       0.55654791, 0.55662237]))", "callback": [0.64527826180412, 0.6343827311669028, 0.6289105011471262, 0.6213774207174508, 0.6138621191262081, 0.5820342989468872, 0.5673742192077275, 0.5593580857341087, 0.5572980766931113, 0.5566223697265739]}, "4": {"maxiter": 500, "fatol": 1e-05, "xatol": 1e-05, "duration": 0.17987394332885742, "fun": "0.27240706002313453", "nit": "500", "nfev": "764", "status": "2", "success": "False", "message": "Maximum number of iterations has been exceeded.", "x": "[-2.28187391  3.77603359  3.45372524  2.68940906 -0.4240686   3.39471512]", "final_simplex": "(array([[-2.28187391,  3.77603359,  3.45372524,  2.68940906, -0.4240686 ,\n         3.39471512],\n       [-2.27178574,  3.79273491,  3.45587209,  2.85746158, -0.28266868,\n         3.55633397],\n       [-2.2277519 ,  3.8109997 ,  3.59094005,  2.85465223, -0.3849296 ,\n         3.43054086],\n       [-2.26491512,  3.70397147,  3.46704403,  2.71998337, -0.30567975,\n         3.50934427],\n       [-2.23588164,  3.71571899,  3.41954492,  2.72173974, -0.24439448,\n         3.59412852],\n       [-2.26714904,  3.79594257,  3.41327861,  2.76462534, -0.26706621,\n         3.42369488],\n       [-2.4128566 ,  3.65415407,  3.32951928,  2.76421827, -0.30621208,\n         3.4244194 ]]), array([0.27240706, 0.273079  , 0.27378809, 0.2751353 , 0.27626542,\n       0.27631709, 0.27865302]))", "callback": [0.64527826180412, 0.6343827311669028, 0.6289105011471262, 0.6213774207174508, 0.6138621191262081, 0.5820342989468872, 0.5673742192077275, 0.5593580857341087, 0.5572980766931113, 0.5566223697265739, 0.5551900844441757, 0.548957427170595, 0.5471562122228152, 0.5404909183415767, 0.5131546500863987, 0.4764763763664104, 0.4132873972848454, 0.40365002881851675, 0.39694273769035016, 0.3967016978452589, 0.3957726848453149, 0.39481738807312705, 0.3948013433894112, 0.3947421348054524, 0.39472080907555274, 0.3946786901434197, 0.3945264934608247, 0.39417009506112255, 0.3940310342344735, 0.3936695094077931, 0.3935320680994586, 0.3935277423305329, 0.3934951871177471, 0.39348082993832223, 0.39333042559593, 0.39288266530448146, 0.39051805008635343, 0.38096451639904483, 0.3713303971335098, 0.3617593379895909, 0.34964280205136644, 0.3401493957324181, 0.3261740763573855, 0.32123878523847005, 0.31193171513728346, 0.2954830173590457, 0.28682143400374893, 0.2853639564413175, 0.28369677335000054, 0.2792758478464714]}, "5": {"maxiter": 500, "fatol": 1e-05, "xatol": 1e-10, "duration": 0.17362475395202637, "fun": "0.27240706002313453", "nit": "500", "nfev": "764", "status": "2", "success": "False", "message": "Maximum number of iterations has been exceeded.", "x": "[-2.28187391  3.77603359  3.45372524  2.68940906 -0.4240686   3.39471512]", "final_simplex": "(array([[-2.28187391,  3.77603359,  3.45372524,  2.68940906, -0.4240686 ,\n         3.39471512],\n       [-2.27178574,  3.79273491,  3.45587209,  2.85746158, -0.28266868,\n         3.55633397],\n       [-2.2277519 ,  3.8109997 ,  3.59094005,  2.85465223, -0.3849296 ,\n         3.43054086],\n       [-2.26491512,  3.70397147,  3.46704403,  2.71998337, -0.30567975,\n         3.50934427],\n       [-2.23588164,  3.71571899,  3.41954492,  2.72173974, -0.24439448,\n         3.59412852],\n       [-2.26714904,  3.79594257,  3.41327861,  2.76462534, -0.26706621,\n         3.42369488],\n       [-2.4128566 ,  3.65415407,  3.32951928,  2.76421827, -0.30621208,\n         3.4244194 ]]), array([0.27240706, 0.273079  , 0.27378809, 0.2751353 , 0.27626542,\n       0.27631709, 0.27865302]))", "callback": [0.64527826180412, 0.6343827311669028, 0.6289105011471262, 0.6213774207174508, 0.6138621191262081, 0.5820342989468872, 0.5673742192077275, 0.5593580857341087, 0.5572980766931113, 0.5566223697265739, 0.5551900844441757, 0.548957427170595, 0.5471562122228152, 0.5404909183415767, 0.5131546500863987, 0.4764763763664104, 0.4132873972848454, 0.40365002881851675, 0.39694273769035016, 0.3967016978452589, 0.3957726848453149, 0.39481738807312705, 0.3948013433894112, 0.3947421348054524, 0.39472080907555274, 0.3946786901434197, 0.3945264934608247, 0.39417009506112255, 0.3940310342344735, 0.3936695094077931, 0.3935320680994586, 0.3935277423305329, 0.3934951871177471, 0.39348082993832223, 0.39333042559593, 0.39288266530448146, 0.39051805008635343, 0.38096451639904483, 0.3713303971335098, 0.3617593379895909, 0.34964280205136644, 0.3401493957324181, 0.3261740763573855, 0.32123878523847005, 0.31193171513728346, 0.2954830173590457, 0.28682143400374893, 0.2853639564413175, 0.28369677335000054, 0.2792758478464714]}, "6": {"maxiter": 500, "fatol": 1e-10, "xatol": 1e-05, "duration": 0.22276926040649414, "fun": "0.27240706002313453", "nit": "500", "nfev": "764", "status": "2", "success": "False", "message": "Maximum number of iterations has been exceeded.", "x": "[-2.28187391  3.77603359  3.45372524  2.68940906 -0.4240686   3.39471512]", "final_simplex": "(array([[-2.28187391,  3.77603359,  3.45372524,  2.68940906, -0.4240686 ,\n         3.39471512],\n       [-2.27178574,  3.79273491,  3.45587209,  2.85746158, -0.28266868,\n         3.55633397],\n       [-2.2277519 ,  3.8109997 ,  3.59094005,  2.85465223, -0.3849296 ,\n         3.43054086],\n       [-2.26491512,  3.70397147,  3.46704403,  2.71998337, -0.30567975,\n         3.50934427],\n       [-2.23588164,  3.71571899,  3.41954492,  2.72173974, -0.24439448,\n         3.59412852],\n       [-2.26714904,  3.79594257,  3.41327861,  2.76462534, -0.26706621,\n         3.42369488],\n       [-2.4128566 ,  3.65415407,  3.32951928,  2.76421827, -0.30621208,\n         3.4244194 ]]), array([0.27240706, 0.273079  , 0.27378809, 0.2751353 , 0.27626542,\n       0.27631709, 0.27865302]))", "callback": [0.64527826180412, 0.6343827311669028, 0.6289105011471262, 0.6213774207174508, 0.6138621191262081, 0.5820342989468872, 0.5673742192077275, 0.5593580857341087, 0.5572980766931113, 0.5566223697265739, 0.5551900844441757, 0.548957427170595, 0.5471562122228152, 0.5404909183415767, 0.5131546500863987, 0.4764763763664104, 0.4132873972848454, 0.40365002881851675, 0.39694273769035016, 0.3967016978452589, 0.3957726848453149, 0.39481738807312705, 0.3948013433894112, 0.3947421348054524, 0.39472080907555274, 0.3946786901434197, 0.3945264934608247, 0.39417009506112255, 0.3940310342344735, 0.3936695094077931, 0.3935320680994586, 0.3935277423305329, 0.3934951871177471, 0.39348082993832223, 0.39333042559593, 0.39288266530448146, 0.39051805008635343, 0.38096451639904483, 0.3713303971335098, 0.3617593379895909, 0.34964280205136644, 0.3401493957324181, 0.3261740763573855, 0.32123878523847005, 0.31193171513728346, 0.2954830173590457, 0.28682143400374893, 0.2853639564413175, 0.28369677335000054, 0.2792758478464714]}, "7": {"maxiter": 500, "fatol": 1e-10, "xatol": 1e-10, "duration": 0.17644596099853516, "fun": "0.27240706002313453", "nit": "500", "nfev": "764", "status": "2", "success": "False", "message": "Maximum number of iterations has been exceeded.", "x": "[-2.28187391  3.77603359  3.45372524  2.68940906 -0.4240686   3.39471512]", "final_simplex": "(array([[-2.28187391,  3.77603359,  3.45372524,  2.68940906, -0.4240686 ,\n         3.39471512],\n       [-2.27178574,  3.79273491,  3.45587209,  2.85746158, -0.28266868,\n         3.55633397],\n       [-2.2277519 ,  3.8109997 ,  3.59094005,  2.85465223, -0.3849296 ,\n         3.43054086],\n       [-2.26491512,  3.70397147,  3.46704403,  2.71998337, -0.30567975,\n         3.50934427],\n       [-2.23588164,  3.71571899,  3.41954492,  2.72173974, -0.24439448,\n         3.59412852],\n       [-2.26714904,  3.79594257,  3.41327861,  2.76462534, -0.26706621,\n         3.42369488],\n       [-2.4128566 ,  3.65415407,  3.32951928,  2.76421827, -0.30621208,\n         3.4244194 ]]), array([0.27240706, 0.273079  , 0.27378809, 0.2751353 , 0.27626542,\n       0.27631709, 0.27865302]))", "callback": [0.64527826180412, 0.6343827311669028, 0.6289105011471262, 0.6213774207174508, 0.6138621191262081, 0.5820342989468872, 0.5673742192077275, 0.5593580857341087, 0.5572980766931113, 0.5566223697265739, 0.5551900844441757, 0.548957427170595, 0.5471562122228152, 0.5404909183415767, 0.5131546500863987, 0.4764763763664104, 0.4132873972848454, 0.40365002881851675, 0.39694273769035016, 0.3967016978452589, 0.3957726848453149, 0.39481738807312705, 0.3948013433894112, 0.3947421348054524, 0.39472080907555274, 0.3946786901434197, 0.3945264934608247, 0.39417009506112255, 0.3940310342344735, 0.3936695094077931, 0.3935320680994586, 0.3935277423305329, 0.3934951871177471, 0.39348082993832223, 0.39333042559593, 0.39288266530448146, 0.39051805008635343, 0.38096451639904483, 0.3713303971335098, 0.3617593379895909, 0.34964280205136644, 0.3401493957324181, 0.3261740763573855, 0.32123878523847005, 0.31193171513728346, 0.2954830173590457, 0.28682143400374893, 0.2853639564413175, 0.28369677335000054, 0.2792758478464714]}, "8": {"maxiter": 1000, "fatol": 1e-05, "xatol": 1e-05, "duration": 0.3125169277191162, "fun": "0.25843443803239285", "nit": "757", "nfev": "1178", "status": "0", "success": "True", "message": "Optimization terminated successfully.", "x": "[-2.42814375  4.25422829  4.02765436  2.56439247 -0.51169417  3.23311644]", "final_simplex": "(array([[-2.42814375,  4.25422829,  4.02765436,  2.56439247, -0.51169417,\n         3.23311644],\n       [-2.42814456,  4.25422952,  4.02765466,  2.5643954 , -0.51170044,\n         3.2331088 ],\n       [-2.42814378,  4.25423112,  4.02765729,  2.56439268, -0.51169721,\n         3.23310974],\n       [-2.42814406,  4.25422854,  4.02764969,  2.56439557, -0.51169637,\n         3.2331106 ],\n       [-2.42814258,  4.25423369,  4.02765665,  2.56439234, -0.51169738,\n         3.233113  ],\n       [-2.42814299,  4.25423209,  4.02765562,  2.56439922, -0.51169937,\n         3.23310843],\n       [-2.42814001,  4.25422557,  4.0276461 ,  2.56439606, -0.51169872,\n         3.23311063]]), array([0.25843444, 0.25843444, 0.25843444, 0.25843444, 0.25843444,\n       0.25843444, 0.25843444]))", "callback": [0.64527826180412, 0.6343827311669028, 0.6289105011471262, 0.6213774207174508, 0.6138621191262081, 0.5820342989468872, 0.5673742192077275, 0.5593580857341087, 0.5572980766931113, 0.5566223697265739, 0.5551900844441757, 0.548957427170595, 0.5471562122228152, 0.5404909183415767, 0.5131546500863987, 0.4764763763664104, 0.4132873972848454, 0.40365002881851675, 0.39694273769035016, 0.3967016978452589, 0.3957726848453149, 0.39481738807312705, 0.3948013433894112, 0.3947421348054524, 0.39472080907555274, 0.3946786901434197, 0.3945264934608247, 0.39417009506112255, 0.3940310342344735, 0.3936695094077931, 0.3935320680994586, 0.3935277423305329, 0.3934951871177471, 0.39348082993832223, 0.39333042559593, 0.39288266530448146, 0.39051805008635343, 0.38096451639904483, 0.3713303971335098, 0.3617593379895909, 0.34964280205136644, 0.3401493957324181, 0.3261740763573855, 0.32123878523847005, 0.31193171513728346, 0.2954830173590457, 0.28682143400374893, 0.2853639564413175, 0.28369677335000054, 0.2792758478464714, 0.27240706002313453, 0.26649550073289585, 0.2661755457429251, 0.2658482142235179, 0.26572869907079233, 0.26569400349530237, 0.2655991288033739, 0.2654437899981922, 0.26512732256539295, 0.2644453420844012, 0.26230008314199993, 0.26056747110449074, 0.2595356468069443, 0.25906113691922006, 0.2585813000643119, 0.2584755137943746, 0.2584401950655456, 0.25843558170487935, 0.25843464470733235, 0.2584345015616951, 0.25843444971885854, 0.2584344395818514, 0.25843443814636036, 0.258434438076767, 0.25843443803960164, 0.2584344380342758]}, "9": {"maxiter": 1000, "fatol": 1e-05, "xatol": 1e-10, "duration": 0.34154605865478516, "fun": "0.25843443803157695", "nit": "843", "nfev": "1378", "status": "0", "success": "True", "message": "Optimization terminated successfully.", "x": "[-2.4281437   4.25422792  4.02765342  2.56439358 -0.51169732  3.23311244]", "final_simplex": "(array([[-2.4281437 ,  4.25422792,  4.02765342,  2.56439358, -0.51169732,\n         3.23311244],\n       [-2.4281437 ,  4.25422792,  4.02765342,  2.56439358, -0.51169732,\n         3.23311244],\n       [-2.4281437 ,  4.25422792,  4.02765342,  2.56439358, -0.51169732,\n         3.23311244],\n       [-2.4281437 ,  4.25422792,  4.02765342,  2.56439358, -0.51169732,\n         3.23311244],\n       [-2.4281437 ,  4.25422792,  4.02765342,  2.56439358, -0.51169732,\n         3.23311244],\n       [-2.4281437 ,  4.25422792,  4.02765342,  2.56439358, -0.51169732,\n         3.23311244],\n       [-2.4281437 ,  4.25422792,  4.02765342,  2.56439358, -0.51169732,\n         3.23311244]]), array([0.25843444, 0.25843444, 0.25843444, 0.25843444, 0.25843444,\n       0.25843444, 0.25843444]))", "callback": [0.64527826180412, 0.6343827311669028, 0.6289105011471262, 0.6213774207174508, 0.6138621191262081, 0.5820342989468872, 0.5673742192077275, 0.5593580857341087, 0.5572980766931113, 0.5566223697265739, 0.5551900844441757, 0.548957427170595, 0.5471562122228152, 0.5404909183415767, 0.5131546500863987, 0.4764763763664104, 0.4132873972848454, 0.40365002881851675, 0.39694273769035016, 0.3967016978452589, 0.3957726848453149, 0.39481738807312705, 0.3948013433894112, 0.3947421348054524, 0.39472080907555274, 0.3946786901434197, 0.3945264934608247, 0.39417009506112255, 0.3940310342344735, 0.3936695094077931, 0.3935320680994586, 0.3935277423305329, 0.3934951871177471, 0.39348082993832223, 0.39333042559593, 0.39288266530448146, 0.39051805008635343, 0.38096451639904483, 0.3713303971335098, 0.3617593379895909, 0.34964280205136644, 0.3401493957324181, 0.3261740763573855, 0.32123878523847005, 0.31193171513728346, 0.2954830173590457, 0.28682143400374893, 0.2853639564413175, 0.28369677335000054, 0.2792758478464714, 0.27240706002313453, 0.26649550073289585, 0.2661755457429251, 0.2658482142235179, 0.26572869907079233, 0.26569400349530237, 0.2655991288033739, 0.2654437899981922, 0.26512732256539295, 0.2644453420844012, 0.26230008314199993, 0.26056747110449074, 0.2595356468069443, 0.25906113691922006, 0.2585813000643119, 0.2584755137943746, 0.2584401950655456, 0.25843558170487935, 0.25843464470733235, 0.2584345015616951, 0.25843444971885854, 0.2584344395818514, 0.25843443814636036, 0.258434438076767, 0.25843443803960164, 0.2584344380342758, 0.2584344380322472, 0.2584344380316228, 0.2584344380315865, 0.25843443803157884, 0.25843443803157773, 0.2584344380315773, 0.2584344380315773, 0.2584344380315772, 0.2584344380315772]}, "10": {"maxiter": 1000, "fatol": 1e-10, "xatol": 1e-05, "duration": 0.270479679107666, "fun": "0.25843443803239285", "nit": "757", "nfev": "1178", "status": "0", "success": "True", "message": "Optimization terminated successfully.", "x": "[-2.42814375  4.25422829  4.02765436  2.56439247 -0.51169417  3.23311644]", "final_simplex": "(array([[-2.42814375,  4.25422829,  4.02765436,  2.56439247, -0.51169417,\n         3.23311644],\n       [-2.42814456,  4.25422952,  4.02765466,  2.5643954 , -0.51170044,\n         3.2331088 ],\n       [-2.42814378,  4.25423112,  4.02765729,  2.56439268, -0.51169721,\n         3.23310974],\n       [-2.42814406,  4.25422854,  4.02764969,  2.56439557, -0.51169637,\n         3.2331106 ],\n       [-2.42814258,  4.25423369,  4.02765665,  2.56439234, -0.51169738,\n         3.233113  ],\n       [-2.42814299,  4.25423209,  4.02765562,  2.56439922, -0.51169937,\n         3.23310843],\n       [-2.42814001,  4.25422557,  4.0276461 ,  2.56439606, -0.51169872,\n         3.23311063]]), array([0.25843444, 0.25843444, 0.25843444, 0.25843444, 0.25843444,\n       0.25843444, 0.25843444]))", "callback": [0.64527826180412, 0.6343827311669028, 0.6289105011471262, 0.6213774207174508, 0.6138621191262081, 0.5820342989468872, 0.5673742192077275, 0.5593580857341087, 0.5572980766931113, 0.5566223697265739, 0.5551900844441757, 0.548957427170595, 0.5471562122228152, 0.5404909183415767, 0.5131546500863987, 0.4764763763664104, 0.4132873972848454, 0.40365002881851675, 0.39694273769035016, 0.3967016978452589, 0.3957726848453149, 0.39481738807312705, 0.3948013433894112, 0.3947421348054524, 0.39472080907555274, 0.3946786901434197, 0.3945264934608247, 0.39417009506112255, 0.3940310342344735, 0.3936695094077931, 0.3935320680994586, 0.3935277423305329, 0.3934951871177471, 0.39348082993832223, 0.39333042559593, 0.39288266530448146, 0.39051805008635343, 0.38096451639904483, 0.3713303971335098, 0.3617593379895909, 0.34964280205136644, 0.3401493957324181, 0.3261740763573855, 0.32123878523847005, 0.31193171513728346, 0.2954830173590457, 0.28682143400374893, 0.2853639564413175, 0.28369677335000054, 0.2792758478464714, 0.27240706002313453, 0.26649550073289585, 0.2661755457429251, 0.2658482142235179, 0.26572869907079233, 0.26569400349530237, 0.2655991288033739, 0.2654437899981922, 0.26512732256539295, 0.2644453420844012, 0.26230008314199993, 0.26056747110449074, 0.2595356468069443, 0.25906113691922006, 0.2585813000643119, 0.2584755137943746, 0.2584401950655456, 0.25843558170487935, 0.25843464470733235, 0.2584345015616951, 0.25843444971885854, 0.2584344395818514, 0.25843443814636036, 0.258434438076767, 0.25843443803960164, 0.2584344380342758]}, "11": {"maxiter": 1000, "fatol": 1e-10, "xatol": 1e-10, "duration": 0.30434584617614746, "fun": "0.25843443803157695", "nit": "843", "nfev": "1378", "status": "0", "success": "True", "message": "Optimization terminated successfully.", "x": "[-2.4281437   4.25422792  4.02765342  2.56439358 -0.51169732  3.23311244]", "final_simplex": "(array([[-2.4281437 ,  4.25422792,  4.02765342,  2.56439358, -0.51169732,\n         3.23311244],\n       [-2.4281437 ,  4.25422792,  4.02765342,  2.56439358, -0.51169732,\n         3.23311244],\n       [-2.4281437 ,  4.25422792,  4.02765342,  2.56439358, -0.51169732,\n         3.23311244],\n       [-2.4281437 ,  4.25422792,  4.02765342,  2.56439358, -0.51169732,\n         3.23311244],\n       [-2.4281437 ,  4.25422792,  4.02765342,  2.56439358, -0.51169732,\n         3.23311244],\n       [-2.4281437 ,  4.25422792,  4.02765342,  2.56439358, -0.51169732,\n         3.23311244],\n       [-2.4281437 ,  4.25422792,  4.02765342,  2.56439358, -0.51169732,\n         3.23311244]]), array([0.25843444, 0.25843444, 0.25843444, 0.25843444, 0.25843444,\n       0.25843444, 0.25843444]))", "callback": [0.64527826180412, 0.6343827311669028, 0.6289105011471262, 0.6213774207174508, 0.6138621191262081, 0.5820342989468872, 0.5673742192077275, 0.5593580857341087, 0.5572980766931113, 0.5566223697265739, 0.5551900844441757, 0.548957427170595, 0.5471562122228152, 0.5404909183415767, 0.5131546500863987, 0.4764763763664104, 0.4132873972848454, 0.40365002881851675, 0.39694273769035016, 0.3967016978452589, 0.3957726848453149, 0.39481738807312705, 0.3948013433894112, 0.3947421348054524, 0.39472080907555274, 0.3946786901434197, 0.3945264934608247, 0.39417009506112255, 0.3940310342344735, 0.3936695094077931, 0.3935320680994586, 0.3935277423305329, 0.3934951871177471, 0.39348082993832223, 0.39333042559593, 0.39288266530448146, 0.39051805008635343, 0.38096451639904483, 0.3713303971335098, 0.3617593379895909, 0.34964280205136644, 0.3401493957324181, 0.3261740763573855, 0.32123878523847005, 0.31193171513728346, 0.2954830173590457, 0.28682143400374893, 0.2853639564413175, 0.28369677335000054, 0.2792758478464714, 0.27240706002313453, 0.26649550073289585, 0.2661755457429251, 0.2658482142235179, 0.26572869907079233, 0.26569400349530237, 0.2655991288033739, 0.2654437899981922, 0.26512732256539295, 0.2644453420844012, 0.26230008314199993, 0.26056747110449074, 0.2595356468069443, 0.25906113691922006, 0.2585813000643119, 0.2584755137943746, 0.2584401950655456, 0.25843558170487935, 0.25843464470733235, 0.2584345015616951, 0.25843444971885854, 0.2584344395818514, 0.25843443814636036, 0.258434438076767, 0.25843443803960164, 0.2584344380342758, 0.2584344380322472, 0.2584344380316228, 0.2584344380315865, 0.25843443803157884, 0.25843443803157773, 0.2584344380315773, 0.2584344380315773, 0.2584344380315772, 0.2584344380315772]}}, "bfgs": {"type": "gradient", "0": {"maxiter": 100, "gtol": 1e-05, "xrtol": 1e-05, "eps": 1e-05, "duration": 0.06348896026611328, "fun": "0.25843443862571636", "jac": "[-1.89427363e-06  3.63798991e-06 -5.27401456e-06 -4.22931690e-06\n -9.93655158e-06  2.82699419e-06]", "hess_inv": "[[ 4.54839864 -1.19347442 -1.86971112  1.0028318  -0.97708724 -0.04561709]\n [-1.19347442 12.33590421 10.64346889 -1.29851123 -0.67819322 -3.51081748]\n [-1.86971112 10.64346889 14.82834979 -4.82027685 -2.22427527 -3.61289815]\n [ 1.0028318  -1.29851123 -4.82027685  7.98745795 -1.43712134 -0.83852007]\n [-0.97708724 -0.67819322 -2.22427527 -1.43712134 11.57382473  8.71469759]\n [-0.04561709 -3.51081748 -3.61289815 -0.83852007  8.71469759 11.51841511]]", "nfev": "280", "njev": "40", "status": "0", "success": "True", "message": "Optimization terminated successfully.", "x": "[3.85505062 4.25418986 4.02762131 2.56438972 5.77138459 3.23304215]", "nit": "33", "callback": [0.6182609180315195, 0.561456651478504, 0.526339668361662, 0.5114450757351479, 0.49460116317287817, 0.49318903511033096, 0.4912895530309076, 0.4889908179326652, 0.487299720414341, 0.4852526291480487, 0.4610374881497932, 0.4601126559371127, 0.4256635558446269, 0.38645589529655, 0.35485027298008953, 0.3294746295674674, 0.30413484135576085, 0.30065963319301536, 0.2959406041982121, 0.2897045560485243, 0.2822009540486966, 0.2780574956637353, 0.2713596091446604, 0.2620284548571393, 0.25887309233694356, 0.25846917787045154, 0.2584520828787573, 0.2584483705378332, 0.2584424563047365, 0.25843647658618674, 0.2584349611475514, 0.25843445426038825, 0.25843443862571636]}, "1": {"maxiter": 100, "gtol": 1e-05, "xrtol": 1e-05, "eps": 1e-10, "duration": 0.06546902656555176, "fun": "0.2584344380452741", "jac": "[-2.22044587e-06  1.11022293e-06  0.00000000e+00  1.11022293e-06\n  0.00000000e+00  0.00000000e+00]", "hess_inv": "[[ 4.5213386  -1.21215883 -1.78295336  1.0274672  -1.94126635 -0.51939963]\n [-1.21215883 12.28539397 10.53541805 -1.31409066 -0.05002592 -3.19261074]\n [-1.78295336 10.53541805 14.68141258 -4.89202874 -1.8451255  -3.42516994]\n [ 1.0274672  -1.31409066 -4.89202874  7.98663059 -0.97970318 -0.63699996]\n [-1.94126635 -0.05002592 -1.8451255  -0.97970318 13.01452046  9.67018532]\n [-0.51939963 -3.19261074 -3.42516994 -0.63699996  9.67018532 12.11778957]]", "nfev": "287", "njev": "41", "status": "0", "success": "True", "message": "Optimization terminated successfully.", "x": "[3.85503732 4.25423439 4.02765405 2.56440193 5.77148663 3.23310314]", "nit": "34", "callback": [0.6182610431446035, 0.5614570009524716, 0.5263399754517805, 0.5114452462446818, 0.49460136822100853, 0.49318927043195904, 0.49128992752968326, 0.488991806322131, 0.48730026049884, 0.4852542248800298, 0.461014310270736, 0.4600880268765677, 0.425579058586961, 0.3862655761682833, 0.35484530239365586, 0.329439049316939, 0.3041382759037511, 0.3006529700761358, 0.29593423749922754, 0.289710978799259, 0.2822279262167724, 0.27808216441115396, 0.2713873315391766, 0.2620621426117795, 0.25887730791638974, 0.2584688685514117, 0.2584519229614646, 0.25844831864558715, 0.2584424661717719, 0.2584362446804942, 0.2584349314218779, 0.25843444975355057, 0.25843443849460046, 0.2584344380452741]}, "2": {"maxiter": 100, "gtol": 1e-05, "xrtol": 1e-10, "eps": 1e-05, "duration": 0.06580495834350586, "fun": "0.25843443862571636", "jac": "[-1.89427363e-06  3.63798991e-06 -5.27401456e-06 -4.22931690e-06\n -9.93655158e-06  2.82699419e-06]", "hess_inv": "[[ 4.54839864 -1.19347442 -1.86971112  1.0028318  -0.97708724 -0.04561709]\n [-1.19347442 12.33590421 10.64346889 -1.29851123 -0.67819322 -3.51081748]\n [-1.86971112 10.64346889 14.82834979 -4.82027685 -2.22427527 -3.61289815]\n [ 1.0028318  -1.29851123 -4.82027685  7.98745795 -1.43712134 -0.83852007]\n [-0.97708724 -0.67819322 -2.22427527 -1.43712134 11.57382473  8.71469759]\n [-0.04561709 -3.51081748 -3.61289815 -0.83852007  8.71469759 11.51841511]]", "nfev": "280", "njev": "40", "status": "0", "success": "True", "message": "Optimization terminated successfully.", "x": "[3.85505062 4.25418986 4.02762131 2.56438972 5.77138459 3.23304215]", "nit": "33", "callback": [0.6182609180315195, 0.561456651478504, 0.526339668361662, 0.5114450757351479, 0.49460116317287817, 0.49318903511033096, 0.4912895530309076, 0.4889908179326652, 0.487299720414341, 0.4852526291480487, 0.4610374881497932, 0.4601126559371127, 0.4256635558446269, 0.38645589529655, 0.35485027298008953, 0.3294746295674674, 0.30413484135576085, 0.30065963319301536, 0.2959406041982121, 0.2897045560485243, 0.2822009540486966, 0.2780574956637353, 0.2713596091446604, 0.2620284548571393, 0.25887309233694356, 0.25846917787045154, 0.2584520828787573, 0.2584483705378332, 0.2584424563047365, 0.25843647658618674, 0.2584349611475514, 0.25843445426038825, 0.25843443862571636]}, "3": {"maxiter": 100, "gtol": 1e-05, "xrtol": 1e-10, "eps": 1e-10, "duration": 0.07043075561523438, "fun": "0.2584344380452741", "jac": "[-2.22044587e-06  1.11022293e-06  0.00000000e+00  1.11022293e-06\n  0.00000000e+00  0.00000000e+00]", "hess_inv": "[[ 4.5213386  -1.21215883 -1.78295336  1.0274672  -1.94126635 -0.51939963]\n [-1.21215883 12.28539397 10.53541805 -1.31409066 -0.05002592 -3.19261074]\n [-1.78295336 10.53541805 14.68141258 -4.89202874 -1.8451255  -3.42516994]\n [ 1.0274672  -1.31409066 -4.89202874  7.98663059 -0.97970318 -0.63699996]\n [-1.94126635 -0.05002592 -1.8451255  -0.97970318 13.01452046  9.67018532]\n [-0.51939963 -3.19261074 -3.42516994 -0.63699996  9.67018532 12.11778957]]", "nfev": "287", "njev": "41", "status": "0", "success": "True", "message": "Optimization terminated successfully.", "x": "[3.85503732 4.25423439 4.02765405 2.56440193 5.77148663 3.23310314]", "nit": "34", "callback": [0.6182610431446035, 0.5614570009524716, 0.5263399754517805, 0.5114452462446818, 0.49460136822100853, 0.49318927043195904, 0.49128992752968326, 0.488991806322131, 0.48730026049884, 0.4852542248800298, 0.461014310270736, 0.4600880268765677, 0.425579058586961, 0.3862655761682833, 0.35484530239365586, 0.329439049316939, 0.3041382759037511, 0.3006529700761358, 0.29593423749922754, 0.289710978799259, 0.2822279262167724, 0.27808216441115396, 0.2713873315391766, 0.2620621426117795, 0.25887730791638974, 0.2584688685514117, 0.2584519229614646, 0.25844831864558715, 0.2584424661717719, 0.2584362446804942, 0.2584349314218779, 0.25843444975355057, 0.25843443849460046, 0.2584344380452741]}, "4": {"maxiter": 100, "gtol": 1e-10, "xrtol": 1e-05, "eps": 1e-05, "duration": 0.07014203071594238, "fun": "0.2584344381075776", "jac": "[ 4.03765910e-07 -5.64193137e-07 -1.19759758e-07 -2.39874787e-07\n  1.45982115e-06 -1.37259093e-06]", "hess_inv": "[[ 4.43156215 -1.24596601 -1.90778078  1.01912875 -1.67253564 -0.46730337]\n [-1.24596601 12.35551142 10.65104678 -1.27569779 -0.50513458 -3.40730375]\n [-1.90778078 10.65104678 14.83004986 -4.80611383 -2.17343049 -3.58288018]\n [ 1.01912875 -1.27569779 -4.80611383  7.99074136 -1.16597395 -0.67461897]\n [-1.67253564 -0.50513458 -2.17343049 -1.16597395 12.89189465  9.49794173]\n [-0.46730337 -3.40730375 -3.58288018 -0.67461897  9.49794173 11.98369995]]", "nfev": "287", "njev": "41", "status": "0", "success": "True", "message": "Optimization terminated successfully.", "x": "[3.85504249 4.25419794 4.02762537 2.56439506 5.77146811 3.23309241]", "nit": "34", "callback": [0.6182609180315195, 0.561456651478504, 0.526339668361662, 0.5114450757351479, 0.49460116317287817, 0.49318903511033096, 0.4912895530309076, 0.4889908179326652, 0.487299720414341, 0.4852526291480487, 0.4610374881497932, 0.4601126559371127, 0.4256635558446269, 0.38645589529655, 0.35485027298008953, 0.3294746295674674, 0.30413484135576085, 0.30065963319301536, 0.2959406041982121, 0.2897045560485243, 0.2822009540486966, 0.2780574956637353, 0.2713596091446604, 0.2620284548571393, 0.25887309233694356, 0.25846917787045154, 0.2584520828787573, 0.2584483705378332, 0.2584424563047365, 0.25843647658618674, 0.2584349611475514, 0.25843445426038825, 0.25843443862571636, 0.2584344381075776]}, "5": {"maxiter": 100, "gtol": 1e-10, "xrtol": 1e-05, "eps": 1e-10, "duration": 0.06911301612854004, "fun": "0.25843443804323885", "jac": "[ 2.22044587e-06  1.11022293e-06  2.22044587e-06  1.11022293e-06\n  2.22044587e-06 -1.11022293e-06]", "hess_inv": "[[ 4.46141845 -1.11610275 -1.77743865  1.0148767  -0.8915286  -0.02843914]\n [-1.11610275 12.13282482 10.51810504 -1.30055192 -1.57188904 -3.90020286]\n [-1.77743865 10.51810504 14.73162627 -4.85109128 -2.90519676 -3.9459905 ]\n [ 1.0148767  -1.30055192 -4.85109128  8.01518196 -1.51473476 -0.90686108]\n [-0.8915286  -1.57188904 -2.90519676 -1.51473476 12.92531702 10.10385989]\n [-0.02843914 -3.90020286 -3.9459905  -0.90686108 10.10385989 12.55530873]]", "nfev": "294", "njev": "42", "status": "0", "success": "True", "message": "Optimization terminated successfully.", "x": "[3.85504734 4.25421989 4.02764381 2.56439672 5.77148808 3.23310841]", "nit": "35", "callback": [0.6182610431446035, 0.5614570009524716, 0.5263399754517805, 0.5114452462446818, 0.49460136822100853, 0.49318927043195904, 0.49128992752968326, 0.488991806322131, 0.48730026049884, 0.4852542248800298, 0.461014310270736, 0.4600880268765677, 0.425579058586961, 0.3862655761682833, 0.35484530239365586, 0.329439049316939, 0.3041382759037511, 0.3006529700761358, 0.29593423749922754, 0.289710978799259, 0.2822279262167724, 0.27808216441115396, 0.2713873315391766, 0.2620621426117795, 0.25887730791638974, 0.2584688685514117, 0.2584519229614646, 0.25844831864558715, 0.2584424661717719, 0.2584362446804942, 0.2584349314218779, 0.25843444975355057, 0.25843443849460046, 0.2584344380452741, 0.25843443804323885]}, "6": {"maxiter": 100, "gtol": 1e-10, "xrtol": 1e-10, "eps": 1e-05, "duration": 0.11311578750610352, "fun": "0.25843443809374556", "jac": "[-7.51843032e-08  6.03517236e-08 -3.87578858e-08  3.43947093e-08\n -5.38680212e-08  6.71684930e-08]", "hess_inv": "[[ 4.42480114 -1.2203286  -1.88540958  1.03716269 -1.8280754  -0.52659332]\n [-1.2203286  12.39280774 10.76801796 -1.34765088 -0.03367808 -3.15114165]\n [-1.88540958 10.76801796 15.06490373 -4.88034409 -1.70016681 -3.27074971]\n [ 1.03716269 -1.34765088 -4.88034409  7.95656512 -0.95256538 -0.62090154]\n [-1.8280754  -0.03367808 -1.70016681 -0.95256538 12.4445005   9.63887903]\n [-0.52659332 -3.15114165 -3.27074971 -0.62090154  9.63887903 12.24699571]]", "nfev": "502", "njev": "70", "status": "2", "success": "False", "message": "Desired error not necessarily achieved due to precision loss.", "x": "[3.85504175 4.25420228 4.02763075 2.56439606 5.77146361 3.23309331]", "nit": "35", "callback": [0.6182609180315195, 0.561456651478504, 0.526339668361662, 0.5114450757351479, 0.49460116317287817, 0.49318903511033096, 0.4912895530309076, 0.4889908179326652, 0.487299720414341, 0.4852526291480487, 0.4610374881497932, 0.4601126559371127, 0.4256635558446269, 0.38645589529655, 0.35485027298008953, 0.3294746295674674, 0.30413484135576085, 0.30065963319301536, 0.2959406041982121, 0.2897045560485243, 0.2822009540486966, 0.2780574956637353, 0.2713596091446604, 0.2620284548571393, 0.25887309233694356, 0.25846917787045154, 0.2584520828787573, 0.2584483705378332, 0.2584424563047365, 0.25843647658618674, 0.2584349611475514, 0.25843445426038825, 0.25843443862571636, 0.2584344381075776, 0.25843443809374556]}, "7": {"maxiter": 100, "gtol": 1e-10, "xrtol": 1e-10, "eps": 1e-10, "duration": 0.11416077613830566, "fun": "0.25843443804323885", "jac": "[ 2.22044587e-06  1.11022293e-06  2.22044587e-06  1.11022293e-06\n  2.22044587e-06 -1.11022293e-06]", "hess_inv": "[[ 30.40562287 -59.31878449 -47.66586337 -11.72273153   0.20339281\n   17.67348741]\n [-59.31878449 126.2796571   98.04731725  27.85668121  -6.1389177\n  -40.39386044]\n [-47.66586337  98.04731725  81.42624878  18.22460036  -6.82299453\n  -32.23505394]\n [-11.72273153  27.85668121  18.22460036  14.24823807  -1.97750984\n   -9.71186848]\n [  0.20339281  -6.1389177   -6.82299453  -1.97750984  12.70026923\n   11.26455402]\n [ 17.67348741 -40.39386044 -32.23505394  -9.71186848  11.26455402\n   24.00276414]]", "nfev": "516", "njev": "72", "status": "2", "success": "False", "message": "Desired error not necessarily achieved due to precision loss.", "x": "[3.85504734 4.25421989 4.02764381 2.56439672 5.77148808 3.23310841]", "nit": "35", "callback": [0.6182610431446035, 0.5614570009524716, 0.5263399754517805, 0.5114452462446818, 0.49460136822100853, 0.49318927043195904, 0.49128992752968326, 0.488991806322131, 0.48730026049884, 0.4852542248800298, 0.461014310270736, 0.4600880268765677, 0.425579058586961, 0.3862655761682833, 0.35484530239365586, 0.329439049316939, 0.3041382759