{"date": "2024/09/25/, 13:55:29", "conf_id": 243, "data_type": "var_s_rank\n", "num_data_points": 1, "s_rank": 0, "unitary": "[[-0.53618537-0.34368723j,-0.12107031-0.46226139j,-0.07699282-0.46603512j,0.36022595-0.11472301j],[0.26026499-0.63450712j,-0.56616638+0.37832564j,-0.14988651+0.08458591j,0.10363514-0.16008501j],[-0.32580188-0.11070003j,-0.36476308-0.23593218j,0.02559343+0.41761608j,-0.25598305+0.6725303j],[0.07406738-0.0126433j,0.28513701+0.19483972j,-0.74939717-0.10299659j,0.29798249+0.46269921j]]", "databatch_0": {"databatch": "[[[-0.20798723-0.43083643j,-0.16204622-0.13234226j,-0.14539453+0.08314866j,0.38530567+0.19667987j],[-0.01286015-0.00759282j,-0.00650035-0.00063342j,-0.00233806+0.00467658j,0.01341393-0.00155931j],[0.43971159-0.00348379j,0.17364623-0.08262638j,-0.01194303-0.1534828j,-0.31484736+0.24284002j],[-0.20841873-0.05710102j,-0.09316217+0.0158762j,-0.01485817+0.07418246j,0.18134626-0.07278073j]]]", "initial param values": "[3.262525,0.30294154,2.1368635,2.15850819,2.17582319,0.80553281]", "nelder_mead": {"type": "gradient-free", "0": {"maxiter": 100, "fatol": 1e-05, "xatol": 1e-05, "duration": 0.03775906562805176, "fun": "0.2307137098284494", "nit": "100", "nfev": "154", "status": "2", "success": "False", "message": "Maximum number of iterations has been exceeded.", "x": "[ 3.38461999  0.06911539  3.94360799  3.92271345  1.01635166 -0.02705998]", "final_simplex": "(array([[ 3.38461999,  0.06911539,  3.94360799,  3.92271345,  1.01635166,\n        -0.02705998],\n       [ 3.41536362,  0.07353884,  3.90254335,  3.75529565,  1.0811006 ,\n         0.03399517],\n       [ 3.86178159,  0.07903662,  3.85118671,  3.55490503,  1.05372823,\n         0.12481494],\n       [ 3.76795727,  0.08355467,  3.82841417,  3.65199808,  0.98418667,\n         0.15688227],\n       [ 3.88025453,  0.09751624,  3.77403983,  3.43069786,  1.10740312,\n         0.29866192],\n       [ 3.53495143,  0.06562566,  3.97934237,  3.67170072,  1.14393115,\n         0.07953667],\n       [ 3.74796244,  0.08583074,  3.90168708,  3.5072311 ,  1.08334148,\n         0.20699622]]), array([0.23071371, 0.23564013, 0.23814157, 0.23961607, 0.2418321 ,\n       0.24517542, 0.24620203]))", "callback": [0.9093388087791228, 0.7513001157808586, 0.5492594088370428, 0.34205254350943326, 0.3233863942616454, 0.3173866095463147, 0.30681327056605456, 0.260676928735483, 0.24981751254957052, 0.24620203132839702]}, "1": {"maxiter": 100, "fatol": 1e-05, "xatol": 1e-10, "duration": 0.03690385818481445, "fun": "0.2307137098284494", "nit": "100", "nfev": "154", "status": "2", "success": "False", "message": "Maximum number of iterations has been exceeded.", "x": "[ 3.38461999  0.06911539  3.94360799  3.92271345  1.01635166 -0.02705998]", "final_simplex": "(array([[ 3.38461999,  0.06911539,  3.94360799,  3.92271345,  1.01635166,\n        -0.02705998],\n       [ 3.41536362,  0.07353884,  3.90254335,  3.75529565,  1.0811006 ,\n         0.03399517],\n       [ 3.86178159,  0.07903662,  3.85118671,  3.55490503,  1.05372823,\n         0.12481494],\n       [ 3.76795727,  0.08355467,  3.82841417,  3.65199808,  0.98418667,\n         0.15688227],\n       [ 3.88025453,  0.09751624,  3.77403983,  3.43069786,  1.10740312,\n         0.29866192],\n       [ 3.53495143,  0.06562566,  3.97934237,  3.67170072,  1.14393115,\n         0.07953667],\n       [ 3.74796244,  0.08583074,  3.90168708,  3.5072311 ,  1.08334148,\n         0.20699622]]), array([0.23071371, 0.23564013, 0.23814157, 0.23961607, 0.2418321 ,\n       0.24517542, 0.24620203]))", "callback": [0.9093388087791228, 0.7513001157808586, 0.5492594088370428, 0.34205254350943326, 0.3233863942616454, 0.3173866095463147, 0.30681327056605456, 0.260676928735483, 0.24981751254957052, 0.24620203132839702]}, "2": {"maxiter": 100, "fatol": 1e-10, "xatol": 1e-05, "duration": 0.03606986999511719, "fun": "0.2307137098284494", "nit": "100", "nfev": "154", "status": "2", "success": "False", "message": "Maximum number of iterations has been exceeded.", "x": "[ 3.38461999  0.06911539  3.94360799  3.92271345  1.01635166 -0.02705998]", "final_simplex": "(array([[ 3.38461999,  0.06911539,  3.94360799,  3.92271345,  1.01635166,\n        -0.02705998],\n       [ 3.41536362,  0.07353884,  3.90254335,  3.75529565,  1.0811006 ,\n         0.03399517],\n       [ 3.86178159,  0.07903662,  3.85118671,  3.55490503,  1.05372823,\n         0.12481494],\n       [ 3.76795727,  0.08355467,  3.82841417,  3.65199808,  0.98418667,\n         0.15688227],\n       [ 3.88025453,  0.09751624,  3.77403983,  3.43069786,  1.10740312,\n         0.29866192],\n       [ 3.53495143,  0.06562566,  3.97934237,  3.67170072,  1.14393115,\n         0.07953667],\n       [ 3.74796244,  0.08583074,  3.90168708,  3.5072311 ,  1.08334148,\n         0.20699622]]), array([0.23071371, 0.23564013, 0.23814157, 0.23961607, 0.2418321 ,\n       0.24517542, 0.24620203]))", "callback": [0.9093388087791228, 0.7513001157808586, 0.5492594088370428, 0.34205254350943326, 0.3233863942616454, 0.3173866095463147, 0.30681327056605456, 0.260676928735483, 0.24981751254957052, 0.24620203132839702]}, "3": {"maxiter": 100, "fatol": 1e-10, "xatol": 1e-10, "duration": 0.037138938903808594, "fun": "0.2307137098284494", "nit": "100", "nfev": "154", "status": "2", "success": "False", "message": "Maximum number of iterations has been exceeded.", "x": "[ 3.38461999  0.06911539  3.94360799  3.92271345  1.01635166 -0.02705998]", "final_simplex": "(array([[ 3.38461999,  0.06911539,  3.94360799,  3.92271345,  1.01635166,\n        -0.02705998],\n       [ 3.41536362,  0.07353884,  3.90254335,  3.75529565,  1.0811006 ,\n         0.03399517],\n       [ 3.86178159,  0.07903662,  3.85118671,  3.55490503,  1.05372823,\n         0.12481494],\n       [ 3.76795727,  0.08355467,  3.82841417,  3.65199808,  0.98418667,\n         0.15688227],\n       [ 3.88025453,  0.09751624,  3.77403983,  3.43069786,  1.10740312,\n         0.29866192],\n       [ 3.53495143,  0.06562566,  3.97934237,  3.67170072,  1.14393115,\n         0.07953667],\n       [ 3.74796244,  0.08583074,  3.90168708,  3.5072311 ,  1.08334148,\n         0.20699622]]), array([0.23071371, 0.23564013, 0.23814157, 0.23961607, 0.2418321 ,\n       0.24517542, 0.24620203]))", "callback": [0.9093388087791228, 0.7513001157808586, 0.5492594088370428, 0.34205254350943326, 0.3233863942616454, 0.3173866095463147, 0.30681327056605456, 0.260676928735483, 0.24981751254957052, 0.24620203132839702]}, "4": {"maxiter": 500, "fatol": 1e-05, "xatol": 1e-05, "duration": 0.11162495613098145, "fun": "0.19882372437722973", "nit": "302", "nfev": "481", "status": "0", "success": "True", "message": "Optimization terminated successfully.", "x": "[ 2.57740407  0.03066868  3.34110424  4.61512165  1.70271967 -0.21975735]", "final_simplex": "(array([[ 2.57740407,  0.03066868,  3.34110424,  4.61512165,  1.70271967,\n        -0.21975735],\n       [ 2.57739849,  0.03066826,  3.34110599,  4.61512543,  1.7027197 ,\n        -0.21976156],\n       [ 2.57740855,  0.03066877,  3.34110585,  4.61511866,  1.70271791,\n        -0.2197551 ],\n       [ 2.57740567,  0.03066883,  3.34110982,  4.61512025,  1.70271473,\n        -0.21975848],\n       [ 2.57739739,  0.03066826,  3.34110663,  4.61512627,  1.70272146,\n        -0.21976298],\n       [ 2.57740109,  0.03066844,  3.3411053 ,  4.61512233,  1.7027202 ,\n        -0.21976193],\n       [ 2.57739842,  0.0306686 ,  3.34110658,  4.61512313,  1.70272   ,\n        -0.21975844]]), array([0.19882372, 0.19882372, 0.19882372, 0.19882372, 0.19882372,\n       0.19882372, 0.19882372]))", "callback": [0.9093388087791228, 0.7513001157808586, 0.5492594088370428, 0.34205254350943326, 0.3233863942616454, 0.3173866095463147, 0.30681327056605456, 0.260676928735483, 0.24981751254957052, 0.24620203132839702, 0.22203008183123552, 0.21585154458314704, 0.2117501703650847, 0.2097073134365347, 0.204084710409407, 0.19901167760934857, 0.19901167760934857, 0.19887201421919576, 0.19884211202527546, 0.19883386360634547, 0.19883113864105795, 0.19882765059067098, 0.1988247969685174, 0.1988238397496589, 0.19882375869105762, 0.1988237291781344, 0.1988237248875041, 0.1988237244687635, 0.19882372439323204, 0.19882372437853257, 0.19882372437722973]}, "5": {"maxiter": 500, "fatol": 1e-05, "xatol": 1e-10, "duration": 0.1629190444946289, "fun": "0.1988237243768275", "nit": "395", "nfev": "691", "status": "0", "success": "True", "message": "Optimization terminated successfully.", "x": "[ 2.57740157  0.03066852  3.34110591  4.6151226   1.70271966 -0.21975916]", "final_simplex": "(array([[ 2.57740157,  0.03066852,  3.34110591,  4.6151226 ,  1.70271966,\n        -0.21975916],\n       [ 2.57740157,  0.03066852,  3.34110591,  4.6151226 ,  1.70271966,\n        -0.21975916],\n       [ 2.57740157,  0.03066852,  3.34110591,  4.6151226 ,  1.70271966,\n        -0.21975916],\n       [ 2.57740157,  0.03066852,  3.34110591,  4.6151226 ,  1.70271966,\n        -0.21975916],\n       [ 2.57740157,  0.03066852,  3.34110591,  4.6151226 ,  1.70271966,\n        -0.21975916],\n       [ 2.57740157,  0.03066852,  3.34110591,  4.6151226 ,  1.70271966,\n        -0.21975916],\n       [ 2.57740157,  0.03066852,  3.34110591,  4.6151226 ,  1.70271966,\n        -0.21975916]]), array([0.19882372, 0.19882372, 0.19882372, 0.19882372, 0.19882372,\n       0.19882372, 0.19882372]))", "callback": [0.9093388087791228, 0.7513001157808586, 0.5492594088370428, 0.34205254350943326, 0.3233863942616454, 0.3173866095463147, 0.30681327056605456, 0.260676928735483, 0.24981751254957052, 0.24620203132839702, 0.22203008183123552, 0.21585154458314704, 0.2117501703650847, 0.2097073134365347, 0.204084710409407, 0.19901167760934857, 0.19901167760934857, 0.19887201421919576, 0.19884211202527546, 0.19883386360634547, 0.19883113864105795, 0.19882765059067098, 0.1988247969685174, 0.1988238397496589, 0.19882375869105762, 0.1988237291781344, 0.1988237248875041, 0.1988237244687635, 0.19882372439323204, 0.19882372437853257, 0.19882372437722973, 0.19882372437684714, 0.19882372437684714, 0.1988237243768335, 0.19882372437682916, 0.19882372437682794, 0.19882372437682772, 0.1988237243768275, 0.1988237243768275, 0.1988237243768275]}, "6": {"maxiter": 500, "fatol": 1e-10, "xatol": 1e-05, "duration": 0.11347293853759766, "fun": "0.19882372437722973", "nit": "302", "nfev": "481", "status": "0", "success": "True", "message": "Optimization terminated successfully.", "x": "[ 2.57740407  0.03066868  3.34110424  4.61512165  1.70271967 -0.21975735]", "final_simplex": "(array([[ 2.57740407,  0.03066868,  3.34110424,  4.61512165,  1.70271967,\n        -0.21975735],\n       [ 2.57739849,  0.03066826,  3.34110599,  4.61512543,  1.7027197 ,\n        -0.21976156],\n       [ 2.57740855,  0.03066877,  3.34110585,  4.61511866,  1.70271791,\n        -0.2197551 ],\n       [ 2.57740567,  0.03066883,  3.34110982,  4.61512025,  1.70271473,\n        -0.21975848],\n       [ 2.57739739,  0.03066826,  3.34110663,  4.61512627,  1.70272146,\n        -0.21976298],\n       [ 2.57740109,  0.03066844,  3.3411053 ,  4.61512233,  1.7027202 ,\n        -0.21976193],\n       [ 2.57739842,  0.0306686 ,  3.34110658,  4.61512313,  1.70272   ,\n        -0.21975844]]), array([0.19882372, 0.19882372, 0.19882372, 0.19882372, 0.19882372,\n       0.19882372, 0.19882372]))", "callback": [0.9093388087791228, 0.7513001157808586, 0.5492594088370428, 0.34205254350943326, 0.3233863942616454, 0.3173866095463147, 0.30681327056605456, 0.260676928735483, 0.24981751254957052, 0.24620203132839702, 0.22203008183123552, 0.21585154458314704, 0.2117501703650847, 0.2097073134365347, 0.204084710409407, 0.19901167760934857, 0.19901167760934857, 0.19887201421919576, 0.19884211202527546, 0.19883386360634547, 0.19883113864105795, 0.19882765059067098, 0.1988247969685174, 0.1988238397496589, 0.19882375869105762, 0.1988237291781344, 0.1988237248875041, 0.1988237244687635, 0.19882372439323204, 0.19882372437853257, 0.19882372437722973]}, "7": {"maxiter": 500, "fatol": 1e-10, "xatol": 1e-10, "duration": 0.18192696571350098, "fun": "0.1988237243768275", "nit": "395", "nfev": "691", "status": "0", "success": "True", "message": "Optimization terminated successfully.", "x": "[ 2.57740157  0.03066852  3.34110591  4.6151226   1.70271966 -0.21975916]", "final_simplex": "(array([[ 2.57740157,  0.03066852,  3.34110591,  4.6151226 ,  1.70271966,\n        -0.21975916],\n       [ 2.57740157,  0.03066852,  3.34110591,  4.6151226 ,  1.70271966,\n        -0.21975916],\n       [ 2.57740157,  0.03066852,  3.34110591,  4.6151226 ,  1.70271966,\n        -0.21975916],\n       [ 2.57740157,  0.03066852,  3.34110591,  4.6151226 ,  1.70271966,\n        -0.21975916],\n       [ 2.57740157,  0.03066852,  3.34110591,  4.6151226 ,  1.70271966,\n        -0.21975916],\n       [ 2.57740157,  0.03066852,  3.34110591,  4.6151226 ,  1.70271966,\n        -0.21975916],\n       [ 2.57740157,  0.03066852,  3.34110591,  4.6151226 ,  1.70271966,\n        -0.21975916]]), array([0.19882372, 0.19882372, 0.19882372, 0.19882372, 0.19882372,\n       0.19882372, 0.19882372]))", "callback": [0.9093388087791228, 0.7513001157808586, 0.5492594088370428, 0.34205254350943326, 0.3233863942616454, 0.3173866095463147, 0.30681327056605456, 0.260676928735483, 0.24981751254957052, 0.24620203132839702, 0.22203008183123552, 0.21585154458314704, 0.2117501703650847, 0.2097073134365347, 0.204084710409407, 0.19901167760934857, 0.19901167760934857, 0.19887201421919576, 0.19884211202527546, 0.19883386360634547, 0.19883113864105795, 0.19882765059067098, 0.1988247969685174, 0.1988238397496589, 0.19882375869105762, 0.1988237291781344, 0.1988237248875041, 0.1988237244687635, 0.19882372439323204, 0.19882372437853257, 0.19882372437722973, 0.19882372437684714, 0.19882372437684714, 0.1988237243768335, 0.19882372437682916, 0.19882372437682794, 0.19882372437682772, 0.1988237243768275, 0.1988237243768275, 0.1988237243768275]}, "8": {"maxiter": 1000, "fatol": 1e-05, "xatol": 1e-05, "duration": 0.11531305313110352, "fun": "0.19882372437722973", "nit": "302", "nfev": "481", "status": "0", "success": "True", "message": "Optimization terminated successfully.", "x": "[ 2.57740407  0.03066868  3.34110424  4.61512165  1.70271967 -0.21975735]", "final_simplex": "(array([[ 2.57740407,  0.03066868,  3.34110424,  4.61512165,  1.70271967,\n        -0.21975735],\n       [ 2.57739849,  0.03066826,  3.34110599,  4.61512543,  1.7027197 ,\n        -0.21976156],\n       [ 2.57740855,  0.03066877,  3.34110585,  4.61511866,  1.70271791,\n        -0.2197551 ],\n       [ 2.57740567,  0.03066883,  3.34110982,  4.61512025,  1.70271473,\n        -0.21975848],\n       [ 2.57739739,  0.03066826,  3.34110663,  4.61512627,  1.70272146,\n        -0.21976298],\n       [ 2.57740109,  0.03066844,  3.3411053 ,  4.61512233,  1.7027202 ,\n        -0.21976193],\n       [ 2.57739842,  0.0306686 ,  3.34110658,  4.61512313,  1.70272   ,\n        -0.21975844]]), array([0.19882372, 0.19882372, 0.19882372, 0.19882372, 0.19882372,\n       0.19882372, 0.19882372]))", "callback": [0.9093388087791228, 0.7513001157808586, 0.5492594088370428, 0.34205254350943326, 0.3233863942616454, 0.3173866095463147, 0.30681327056605456, 0.260676928735483, 0.24981751254957052, 0.24620203132839702, 0.22203008183123552, 0.21585154458314704, 0.2117501703650847, 0.2097073134365347, 0.204084710409407, 0.19901167760934857, 0.19901167760934857, 0.19887201421919576, 0.19884211202527546, 0.19883386360634547, 0.19883113864105795, 0.19882765059067098, 0.1988247969685174, 0.1988238397496589, 0.19882375869105762, 0.1988237291781344, 0.1988237248875041, 0.1988237244687635, 0.19882372439323204, 0.19882372437853257, 0.19882372437722973]}, "9": {"maxiter": 1000, "fatol": 1e-05, "xatol": 1e-10, "duration": 0.1669330596923828, "fun": "0.1988237243768275", "nit": "395", "nfev": "691", "status": "0", "success": "True", "message": "Optimization terminated successfully.", "x": "[ 2.57740157  0.03066852  3.34110591  4.6151226   1.70271966 -0.21975916]", "final_simplex": "(array([[ 2.57740157,  0.03066852,  3.34110591,  4.6151226 ,  1.70271966,\n        -0.21975916],\n       [ 2.57740157,  0.03066852,  3.34110591,  4.6151226 ,  1.70271966,\n        -0.21975916],\n       [ 2.57740157,  0.03066852,  3.34110591,  4.6151226 ,  1.70271966,\n        -0.21975916],\n       [ 2.57740157,  0.03066852,  3.34110591,  4.6151226 ,  1.70271966,\n        -0.21975916],\n       [ 2.57740157,  0.03066852,  3.34110591,  4.6151226 ,  1.70271966,\n        -0.21975916],\n       [ 2.57740157,  0.03066852,  3.34110591,  4.6151226 ,  1.70271966,\n        -0.21975916],\n       [ 2.57740157,  0.03066852,  3.34110591,  4.6151226 ,  1.70271966,\n        -0.21975916]]), array([0.19882372, 0.19882372, 0.19882372, 0.19882372, 0.19882372,\n       0.19882372, 0.19882372]))", "callback": [0.9093388087791228, 0.7513001157808586, 0.5492594088370428, 0.34205254350943326, 0.3233863942616454, 0.3173866095463147, 0.30681327056605456, 0.260676928735483, 0.24981751254957052, 0.24620203132839702, 0.22203008183123552, 0.21585154458314704, 0.2117501703650847, 0.2097073134365347, 0.204084710409407, 0.19901167760934857, 0.19901167760934857, 0.19887201421919576, 0.19884211202527546, 0.19883386360634547, 0.19883113864105795, 0.19882765059067098, 0.1988247969685174, 0.1988238397496589, 0.19882375869105762, 0.1988237291781344, 0.1988237248875041, 0.1988237244687635, 0.19882372439323204, 0.19882372437853257, 0.19882372437722973, 0.19882372437684714, 0.19882372437684714, 0.1988237243768335, 0.19882372437682916, 0.19882372437682794, 0.19882372437682772, 0.1988237243768275, 0.1988237243768275, 0.1988237243768275]}, "10": {"maxiter": 1000, "fatol": 1e-10, "xatol": 1e-05, "duration": 0.1339421272277832, "fun": "0.19882372437722973", "nit": "302", "nfev": "481", "status": "0", "success": "True", "message": "Optimization terminated successfully.", "x": "[ 2.57740407  0.03066868  3.34110424  4.61512165  1.70271967 -0.21975735]", "final_simplex": "(array([[ 2.57740407,  0.03066868,  3.34110424,  4.61512165,  1.70271967,\n        -0.21975735],\n       [ 2.57739849,  0.03066826,  3.34110599,  4.61512543,  1.7027197 ,\n        -0.21976156],\n       [ 2.57740855,  0.03066877,  3.34110585,  4.61511866,  1.70271791,\n        -0.2197551 ],\n       [ 2.57740567,  0.03066883,  3.34110982,  4.61512025,  1.70271473,\n        -0.21975848],\n       [ 2.57739739,  0.03066826,  3.34110663,  4.61512627,  1.70272146,\n        -0.21976298],\n       [ 2.57740109,  0.03066844,  3.3411053 ,  4.61512233,  1.7027202 ,\n        -0.21976193],\n       [ 2.57739842,  0.0306686 ,  3.34110658,  4.61512313,  1.70272   ,\n        -0.21975844]]), array([0.19882372, 0.19882372, 0.19882372, 0.19882372, 0.19882372,\n       0.19882372, 0.19882372]))", "callback": [0.9093388087791228, 0.7513001157808586, 0.5492594088370428, 0.34205254350943326, 0.3233863942616454, 0.3173866095463147, 0.30681327056605456, 0.260676928735483, 0.24981751254957052, 0.24620203132839702, 0.22203008183123552, 0.21585154458314704, 0.2117501703650847, 0.2097073134365347, 0.204084710409407, 0.19901167760934857, 0.19901167760934857, 0.19887201421919576, 0.19884211202527546, 0.19883386360634547, 0.19883113864105795, 0.19882765059067098, 0.1988247969685174, 0.1988238397496589, 0.19882375869105762, 0.1988237291781344, 0.1988237248875041, 0.1988237244687635, 0.19882372439323204, 0.19882372437853257, 0.19882372437722973]}, "11": {"maxiter": 1000, "fatol": 1e-10, "xatol": 1e-10, "duration": 0.18880796432495117, "fun": "0.1988237243768275", "nit": "395", "nfev": "691", "status": "0", "success": "True", "message": "Optimization terminated successfully.", "x": "[ 2.57740157  0.03066852  3.34110591  4.6151226   1.70271966 -0.21975916]", "final_simplex": "(array([[ 2.57740157,  0.03066852,  3.34110591,  4.6151226 ,  1.70271966,\n        -0.21975916],\n       [ 2.57740157,  0.03066852,  3.34110591,  4.6151226 ,  1.70271966,\n        -0.21975916],\n       [ 2.57740157,  0.03066852,  3.34110591,  4.6151226 ,  1.70271966,\n        -0.21975916],\n       [ 2.57740157,  0.03066852,  3.34110591,  4.6151226 ,  1.70271966,\n        -0.21975916],\n       [ 2.57740157,  0.03066852,  3.34110591,  4.6151226 ,  1.70271966,\n        -0.21975916],\n       [ 2.57740157,  0.03066852,  3.34110591,  4.6151226 ,  1.70271966,\n        -0.21975916],\n       [ 2.57740157,  0.03066852,  3.34110591,  4.6151226 ,  1.70271966,\n        -0.21975916]]), array([0.19882372, 0.19882372, 0.19882372, 0.19882372, 0.19882372,\n       0.19882372, 0.19882372]))", "callback": [0.9093388087791228, 0.7513001157808586, 0.5492594088370428, 0.34205254350943326, 0.3233863942616454, 0.3173866095463147, 0.30681327056605456, 0.260676928735483, 0.24981751254957052, 0.24620203132839702, 0.22203008183123552, 0.21585154458314704, 0.2117501703650847, 0.2097073134365347, 0.204084710409407, 0.19901167760934857, 0.19901167760934857, 0.19887201421919576, 0.19884211202527546, 0.19883386360634547, 0.19883113864105795, 0.19882765059067098, 0.1988247969685174, 0.1988238397496589, 0.19882375869105762, 0.1988237291781344, 0.1988237248875041, 0.1988237244687635, 0.19882372439323204, 0.19882372437853257, 0.19882372437722973, 0.19882372437684714, 0.19882372437684714, 0.1988237243768335, 0.19882372437682916, 0.19882372437682794, 0.19882372437682772, 0.1988237243768275, 0.1988237243768275, 0.1988237243768275]}}, "bfgs": {"type": "gradient", "0": {"maxiter": 100, "gtol": 1e-05, "xrtol": 1e-05, "eps": 1e-05, "duration": 0.04711794853210449, "fun": "0.1988237258672133", "jac": "[-1.30373490e-07 -2.42221798e-06 -8.11235523e-06  3.53846952e-06\n  5.39129852e-06  4.07213152e-06]", "hess_inv": "[[ 5.29552014 -6.0686419   3.98852104  0.06394472 -7.1081883  -2.70355567]\n [-6.0686419  13.68410683 -5.52398584 -2.0952027  12.98644436  3.17679164]\n [ 3.98852104 -5.52398584 14.08697425 -9.27922448 -7.29329051 -5.04184076]\n [ 0.06394472 -2.0952027  -9.27922448 10.83348622 -0.37629297  3.20474605]\n [-7.1081883  12.98644436 -7.29329051 -0.37629297 16.37316734  5.39958202]\n [-2.70355567  3.17679164 -5.04184076  3.20474605  5.39958202  4.42176863]]", "nfev": "182", "njev": "26", "status": "0", "success": "True", "message": "Optimization terminated successfully.", "x": "[ 1.00895795 -0.69430704  3.04678423  2.04612378 -0.86971401  1.51085327]", "nit": "20", "callback": [0.7237665653182157, 0.33307230988784187, 0.24037565546455786, 0.23085275125326365, 0.21611521023861602, 0.20267073425342075, 0.20105683675296193, 0.20069558130414877, 0.20016247980854085, 0.19942064979256913, 0.19904033576511715, 0.19894094182846833, 0.1989258498851625, 0.19891450905470143, 0.19889550187234206, 0.198865450086263, 0.1988348950579536, 0.19882602852973597, 0.19882381638790503, 0.1988237258672133]}, "1": {"maxiter": 100, "gtol": 1e-05, "xrtol": 1e-05, "eps": 1e-10, "duration": 0.047878265380859375, "fun": "0.19882372622312428", "jac": "[ 0.00000000e+00  0.00000000e+00 -4.44089173e-06  3.33066880e-06\n  8.88178346e-06  4.44089173e-06]", "hess_inv": "[[ 5.29128256 -6.07599724  3.98478414  0.07544428 -7.11350383 -2.7076405 ]\n [-6.07599724 13.72102449 -5.51718713 -2.13627154 13.01748188  3.18527346]\n [ 3.98478414 -5.51718713 14.11625027 -9.30043087 -7.30314962 -5.07855197]\n [ 0.07544428 -2.13627154 -9.30043087 10.87532613 -0.39546772  3.23296412]\n [-7.11350383 13.01748188 -7.30314962 -0.39546772 16.4025866   5.4156139 ]\n [-2.7076405   3.18527346 -5.07855197  3.23296412  5.4156139   4.44389065]]", "nfev": "182", "njev": "26", "status": "0", "success": "True", "message": "Optimization terminated successfully.", "x": "[ 1.00907759 -0.69418936  3.04674043  2.04604588 -0.86966884  1.51100058]", "nit": "20", "callback": [0.7237620893403958, 0.33311358742524266, 0.24038716110925062, 0.23085297388869197, 0.2161029524358833, 0.20266904584513212, 0.20105742314748942, 0.20069636171116512, 0.20016112394041496, 0.19941786849787868, 0.1990397377450005, 0.19894068308496515, 0.19892573656962353, 0.1989142920864797, 0.1988951445117738, 0.1988649214546836, 0.19883461491285825, 0.19882590961935875, 0.19882381379531378, 0.19882372622312428]}, "2": {"maxiter": 100, "gtol": 1e-05, "xrtol": 1e-10, "eps": 1e-05, "duration": 0.0447239875793457, "fun": "0.1988237258672133", "jac": "[-1.30373490e-07 -2.42221798e-06 -8.11235523e-06  3.53846952e-06\n  5.39129852e-06  4.07213152e-06]", "hess_inv": "[[ 5.29552014 -6.0686419   3.98852104  0.06394472 -7.1081883  -2.70355567]\n [-6.0686419  13.68410683 -5.52398584 -2.0952027  12.98644436  3.17679164]\n [ 3.98852104 -5.52398584 14.08697425 -9.27922448 -7.29329051 -5.04184076]\n [ 0.06394472 -2.0952027  -9.27922448 10.83348622 -0.37629297  3.20474605]\n [-7.1081883  12.98644436 -7.29329051 -0.37629297 16.37316734  5.39958202]\n [-2.70355567  3.17679164 -5.04184076  3.20474605  5.39958202  4.42176863]]", "nfev": "182", "njev": "26", "status": "0", "success": "True", "message": "Optimization terminated successfully.", "x": "[ 1.00895795 -0.69430704  3.04678423  2.04612378 -0.86971401  1.51085327]", "nit": "20", "callback": [0.7237665653182157, 0.33307230988784187, 0.24037565546455786, 0.23085275125326365, 0.21611521023861602, 0.20267073425342075, 0.20105683675296193, 0.20069558130414877, 0.20016247980854085, 0.19942064979256913, 0.19904033576511715, 0.19894094182846833, 0.1989258498851625, 0.19891450905470143, 0.19889550187234206, 0.198865450086263, 0.1988348950579536, 0.19882602852973597, 0.19882381638790503, 0.1988237258672133]}, "3": {"maxiter": 100, "gtol": 1e-05, "xrtol": 1e-10, "eps": 1e-10, "duration": 0.044719696044921875, "fun": "0.19882372622312428", "jac": "[ 0.00000000e+00  0.00000000e+00 -4.44089173e-06  3.33066880e-06\n  8.88178346e-06  4.44089173e-06]", "hess_inv": "[[ 5.29128256 -6.07599724  3.98478414  0.07544428 -7.11350383 -2.7076405 ]\n [-6.07599724 13.72102449 -5.51718713 -2.13627154 13.01748188  3.18527346]\n [ 3.98478414 -5.51718713 14.11625027 -9.30043087 -7.30314962 -5.07855197]\n [ 0.07544428 -2.13627154 -9.30043087 10.87532613 -0.39546772  3.23296412]\n [-7.11350383 13.01748188 -7.30314962 -0.39546772 16.4025866   5.4156139 ]\n [-2.7076405   3.18527346 -5.07855197  3.23296412  5.4156139   4.44389065]]", "nfev": "182", "njev": "26", "status": "0", "success": "True", "message": "Optimization terminated successfully.", "x": "[ 1.00907759 -0.69418936  3.04674043  2.04604588 -0.86966884  1.51100058]", "nit": "20", "callback": [0.7237620893403958, 0.33311358742524266, 0.24038716110925062, 0.23085297388869197, 0.2161029524358833, 0.20266904584513212, 0.20105742314748942, 0.20069636171116512, 0.20016112394041496, 0.19941786849787868, 0.1990397377450005, 0.19894068308496515, 0.19892573656962353, 0.1989142920864797, 0.1988951445117738, 0.1988649214546836, 0.19883461491285825, 0.19882590961935875, 0.19882381379531378, 0.19882372622312428]}, "4": {"maxiter": 100, "gtol": 1e-10, "xrtol": 1e-05, "eps": 1e-05, "duration": 0.10609006881713867, "fun": "0.19882372440740803", "jac": "[ 8.48932036e-07  7.69739827e-07 -1.26096911e-06 -7.72937270e-07\n -4.29656311e-09 -3.16302540e-08]", "hess_inv": "[[  5.64847132  -6.49778149   5.0137014   -0.61247706  -7.81848807\n   -3.22006012]\n [ -6.49778149  13.97301568  -6.878768    -1.04891546  13.76360156\n    3.93269004]\n [  5.0137014   -6.878768    17.01426351 -11.1393795   -9.39667043\n   -6.4828463 ]\n [ -0.61247706  -1.04891546 -11.1393795   11.9116736    1.06829272\n    4.07330128]\n [ -7.81848807  13.76360156  -9.39667043   1.06829272  17.77049604\n    6.48641243]\n [ -3.22006012   3.93269004  -6.4828463    4.07330128   6.48641243\n    5.10646179]]", "nfev": "438", "njev": "61", "status": "2", "success": "False", "message": "Desired error not necessarily achieved due to precision loss.", "x": "[ 1.00903513 -0.69440181  3.04700909  2.04596967 -0.86986923  1.51074474]", "nit": "21", "callback": [0.7237665653182157, 0.33307230988784187, 0.24037565546455786, 0.23085275125326365, 0.21611521023861602, 0.20267073425342075, 0.20105683675296193, 0.20069558130414877, 0.20016247980854085, 0.19942064979256913, 0.19904033576511715, 0.19894094182846833, 0.1989258498851625, 0.19891450905470143, 0.19889550187234206, 0.198865450086263, 0.1988348950579536, 0.19882602852973597, 0.19882381638790503, 0.1988237258672133, 0.19882372440740803]}, "5": {"maxiter": 100, "gtol": 1e-10, "xrtol": 1e-05, "eps": 1e-10, "duration": 0.04839801788330078, "fun": "0.19882372439310148", "jac": "[ 0.00000000e+00 -2.22044587e-06  0.00000000e+00  1.11022293e-06\n -3.33066880e-06 -1.11022293e-06]", "hess_inv": "[[  5.51777778  -6.03509463   5.04390042  -0.77174748  -7.32361416\n   -3.05070225]\n [ -6.03509463  12.40038102  -7.60211018   0.10070631  11.80346827\n    3.46260403]\n [  5.04390042  -7.60211018  14.91584546  -8.90647646 -10.5218842\n   -6.12056731]\n [ -0.77174748   0.10070631  -8.90647646   9.51667264   2.70541601\n    3.95326245]\n [ -7.32361416  11.80346827 -10.5218842    2.70541601  15.38302396\n    5.99776107]\n [ -3.05070225   3.46260403  -6.12056731   3.95326245   5.99776107\n    4.89436174]]", "nfev": "203", "njev": "29", "status": "0", "success": "True", "message": "Optimization terminated successfully.", "x": "[ 1.00918476 -0.69434309  3.04698007  2.04591468 -0.86988674  1.51088134]", "nit": "23", "callback": [0.7237620893403958, 0.33311358742524266, 0.24038716110925062, 0.23085297388869197, 0.2161029524358833, 0.20266904584513212, 0.20105742314748942, 0.20069636171116512, 0.20016112394041496, 0.19941786849787868, 0.1990397377450005, 0.19894068308496515, 0.19892573656962353, 0.1989142920864797, 0.1988951445117738, 0.1988649214546836, 0.19883461491285825, 0.19882590961935875, 0.19882381379531378, 0.19882372622312428, 0.19882372446171725, 0.19882372441044427, 0.19882372439310148]}, "6": {"maxiter": 100, "gtol": 1e-10, "xrtol": 1e-10, "eps": 1e-05, "duration": 0.10813403129577637, "fun": "0.19882372440740803", "jac": "[ 8.48932036e-07  7.69739827e-07 -1.26096911e-06 -7.72937270e-07\n -4.29656311e-09 -3.16302540e-08]", "hess_inv": "[[  5.64847132  -6.49778149   5.0137014   -0.61247706  -7.81848807\n   -3.22006012]\n [ -6.49778149  13.97301568  -6.878768    -1.04891546  13.76360156\n    3.93269004]\n [  5.0137014   -6.878768    17.01426351 -11.1393795   -9.39667043\n   -6.4828463 ]\n [ -0.61247706  -1.04891546 -11.1393795   11.9116736    1.06829272\n    4.07330128]\n [ -7.81848807  13.76360156  -9.39667043   1.06829272  17.77049604\n    6.48641243]\n [ -3.22006012   3.93269004  -6.4828463    4.07330128   6.48641243\n    5.10646179]]", "nfev": "438", "njev": "61", "status": "2", "success": "False", "message": "Desired error not necessarily achieved due to precision loss.", "x": "[ 1.00903513 -0.69440181  3.04700909  2.04596967 -0.86986923  1.51074474]", "nit": "21", "callback": [0.7237665653182157, 0.33307230988784187, 0.24037565546455786, 0.23085275125326365, 0.21611521023861602, 0.20267073425342075, 0.20105683675296193, 0.20069558130414877, 0.20016247980854085, 0.19942064979256913, 0.19904033576511715, 0.19894094182846833, 0.1989258498851625, 0.19891450905470143, 0.19889550187234206, 0.198865450086263, 0.1988348950579536, 0.19882602852973597, 0.19882381638790503, 0.1988237258672133, 0.19882372440740803]}, "7": {"maxiter": 100, "gtol": 1e-10, "xrtol": 1e-10, "eps": 1e-10, "duration": 0.07514095306396484, "fun": "0.198823724391763", "jac": "[-1.11022293e-06  0.00000000e+00 -2.22044587e-06  2.22044587e-06\n  1.11022293e-06 -2.22044587e-06]", "hess_inv": "[[ 2.44466132 -0.16159197  1.10610164 -0.76333709 -0.60132089 -0.92908188]\n [-0.16159197  1.72523613  0.23939409 -0.6362112  -0.46320374 -0.77025415]\n [ 1.10610164  0.23939409  1.26044349 -0.6368736  -0.87925767 -0.89248362]\n [-0.76333709 -0.6362112  -0.6368736   1.88781006  1.23432367  1.59018905]\n [-0.60132089 -0.46320374 -0.87925767  1.23432367  1.23554829  0.95823518]\n [-0.92908188 -0.77025415 -0.89248362  1.59018905  0.95823518  2.70032472]]", "nfev": "308", "njev": "44", "status": "0", "success": "True", "message": "Optimization terminated successfully.", "x": "[ 1.00918306 -0.69434115  3.04697638  2.04591672 -0.86988447  1.51088283]", "nit": "26", "callback": [0.7237620893403958, 0.33311358742524266, 0.24038716110925062, 0.23085297388869197, 0.2161029524358833, 0.20266904584513212, 0.20105742314748942, 0.20069636171116512, 0.20016112394041496, 0.19941786849787868, 0.1990397377450005, 0.19894068308496515, 0.19892573656962353, 0.1989142920864797, 0.1988951445117738, 0.1988649214546836, 0.19883461491285825, 0.19882590961935875, 0.19882381379531378, 0.19882372622312428, 0.19882372446171725, 0.19882372441044427, 0.19882372439310148, 0.19882372439229645, 0.198823724391763, 0.198823724391763]}, "8": {"maxiter": 500, "gtol": 1e-05, "xrtol": 1e-05, "eps": 1e-05, "duration": 0.044300079345703125, "fun": "0.1988237258672133", "jac": "[-1.30373490e-07 -2.42221798e-06 -8.11235523e-06  3.53846952e-06\n  5.39129852e-06  4.07213152e-06]", "hess_inv": "[[ 5.29552014 -6.0686419   3.98852104  0.06394472 -7.1081883  -2.70355567]\n [-6.0686419  13.68410683 -5.52398584 -2.0952027  12.98644436  3.17679164]\n [ 3.98852104 -5.52398584 14.08697425 -9.27922448 -7.29329051 -5.04184076]\n [ 0.06394472 -2.0952027  -9.27922448 10.83348622 -0.37629297  3.20474605]\n [-7.1081883  12.98644436 -7.29329051 -0.37629297 16.37316734  5.39958202]\n [-2.70355567  3.17679164 -5.04184076  3.20474605  5.39958202  4.42176863]]", "nfev": "182", "njev": "26", "status": "0", "success": "True", "message": "Optimization terminated successfully.", "x": "[ 1.00895795 -0.69430704  3.04678423  2.04612378 -0.86971401  1.51085327]", "nit": "20", "callback": [0.7237665653182157, 0.33307230988784187, 0.24037565546455786, 0.23085275125326365, 0.21611521023861602, 0.20267073425342075, 0.20105683675296193, 0.20069558130414877, 0.20016247980854085, 0.19942064979256913, 0.19904033576511715, 0.19894094182846833, 0.1989258498851625, 0.19891450905470143, 0.19889550187234206, 0.198865450086263, 0.1988348950579536, 0.19882602852973597, 0.19882381638790503, 0.1988237258672133]}, "9": {"maxiter": 500, "gtol": 1e-05, "xrtol": 1e-05, "eps": 1e-10, "duration": 0.04307389259338379, "fun": "0.19882372622312428", "jac": "[ 0.00000000e+00  0.00000000e+00 -4.44089173e-06  3.33066880e-06\n  8.88178346e-06  4.44089173e-06]", "hess_inv": "[[ 5.29128256 -6.07599724  3.98478414  0.07544428 -7.11350383 -2.7076405 ]\n [-6.07599724 13.72102449 -5.51718713 -2.13627154 13.01748188  3.18527346]\n [ 3.98478414 -5.51718713 14.11625027 -9.30043087 -7.30314962 -5.07855197]\n [ 0.07544428 -2.13627154 -9.30043087 10.87532613 -0.39546772  3.23296412]\n [-7.11350383 13.01748188 -7.30314962 -0.39546772 16.4025866   5.4156139 ]\n [-2.7076405   3.18527346 -5.07855197  3.23296412  5.4156139   4.44389065]]", "nfev": "182", "njev": "26", "status": "0", "success": "True", "message": "Optimization terminated successfully.", "x": "[ 1.00907759 -0.69418936  3.04674043  2.04604588 -0.86966884  1.51100058]", "nit": "20", "callback": [0.7237620893403958, 0.33311358742524266, 0.24038716110925062, 0.23085297388869197, 0.2161029524358833, 0.20266904584513212, 0.20105742314748942, 0.20069636171116512, 0.20016112394041496, 0.19941786849787868, 0.1990397377450005, 0.19894068308496515, 0.19892573656962353, 0.1989142920864797, 0.1988951445117738, 0.1988649214546836, 0.19883461491285825, 0.19882590961935875, 0.19882381379531378, 0.19882372622312428]}, "10": {"maxiter": 500, "gtol": 1e-05, "xrtol": 1e-10, "eps": 1e-05, "duration": 0.04293417930603027, "fun": "0.1988237258672133", "jac": "[-1.30373490e-07 -2.42221798e-06 -8.11235523e-06  3.53846952e-06\n  5.39129852e-06  4.07213152e-06]", "hess_inv": "[[ 5.29552014 -6.0686419   3.98852104  0.06394472 -7.1081883  -2.70355567]\n [-6.0686419  13.68410683 -5.52398584 -2.0952027  12.98644436  3.17679164]\n [ 3.98852104 -5.52398584 14.08697425 -9.27922448 -7.29329051 -5.04184076]\n [ 0.06394472 -2.0952027  -9.27922448 10.83348622 -0.37629297  3.20474605]\n [-7.1081883  12.98644436 -7.29329051 -0.37629297 16.37316734  5.39958202]\n [-2.70355567  3.17679164 -5.04184076  3.20474605  5.39958202  4.42176863]]", "nfev": "182", "njev": "26", "status": "0", "success": "True", "message": "Optimization terminated successfully.", "x": "[ 1.00895795 -0.69430704  3.04678423  2.04612378 -0.86971401  1.51085327]", "nit": "20", "callback": [0.7237665653182157, 0.33307230988784187, 0.24037565546455786, 0.23085275125326365, 0.21611521023861602, 0.20267073425342075, 0.20105683675296193, 0.20069558130414877, 0.20016247980854085, 0.19942064979256913, 0.19904033576511715, 0.19894094182846833, 0.1989258498851625, 0.19891450905470143, 0.19889550187234206, 0.198865450086263, 0.1988348950579536, 0.19882602852973597, 0.19882381638790503, 0.1988237258672133]}, "11": {"maxiter": 500, "gtol": 1e-05, "xrtol": 1e-10, "eps": 1e-10, "duration": 0.04248499870300293, "fun": "0.19882372622312428", "jac": "[ 0.00000000e+00  0.00000000e+00 -4.44089173e-06  3.33066880e-06\n  8.88178346e-06  4.44089173e-06]", "hess_inv": "[[ 5.29128256 -6.07599724  3.98478414  0.07544428 -7.11350383 -2.7076405 ]\n [-6.07599724 13.72102449 -5.51718713 -2.13627154 13.01748188  3.18527346]\n [ 3.98478414 -5.51718713 14.11625027 -9.30043087 -7.30314962 -5.07855197]\n [ 0.07544428 -2.13627154 -9.30043087 10.87532613 -0.39546772  3.23296412]\n [-7.11350383 13.01748188 -7.30314962 -0.39546772 16.4025866   5.4156139 ]\n [-2.7076405   3.18527346 -5.07855197  3.23296412  5.4156139   4.44389065]]", "nfev": "182", "njev": "26", "status": "0", "success": "True", "message": "Optimization terminated successfully.", "x": "[ 1.00907759 -0.69418936  3.04674043  2.04604588 -0.86966884  1.51100058]", "nit": "20", "callback": [0.7237620893403958, 0.33311358742524266, 0.24038716110925062, 0.23085297388869197, 0.2161029524358833, 0.20266904584513212, 0.20105742314748942, 0.20069636171116512, 0.20016112394041496, 0.19941786849787868, 0.1990397377450005, 0.19894068308496515, 0.19892573656962353, 0.1989142920864797, 0.1988951445117738, 0.1988649214546836, 0.19883461491285825, 0.19882590961935875, 0.19882381379531378, 0.19882372622312428]}, "12": {"maxiter": 500, "gtol": 1e-10, "xrtol": 1e-05, "eps": 1e-05, "duration": 0.10133695602416992, "fun": "0.19882372440740803", "jac": "[ 8.48932036e-07  7.69739827e-07 -1.26096911e-06 -7.72937270e-07\n -4.29656311e-09 -3.16302540e-08]", "hess_inv": "[[  5.64847132  -6.49778149   5.0137014   -0.61247706  -7.81848807\n   -3.22006012]\n [ -6.49778149  13.97301568  -6.878768    -1.04891546  13.76360156\n    3.93269004]\n [  5.0137014   -6.878768    17.01426351 -11.1393795   -9.39667043\n   -6.4828463 ]\n [ -0.61247706  -1.04891546 -11.1393795   11.9116736    1.06829272\n    4.07330128]\n [ -7.81848807  13.76360156  -9.39667043   1.06829272  17.77049604\n    6.48641243]\n [ -3.22006012   3.93269004  -6.4828463    4.07330128   6.48641243\n    5.10646179]]", "nfev": "438", "njev": "61", "status": "2", "success": "False", "message": "Desired error not necessarily achieved due to precision loss.", "x": "[ 1.00903513 -0.69440181  3.04700909  2.04596967 -0.86986923  1.51074474]", "nit": "21", "callback": [0.7237665653182157, 0.33307230988784187, 0.24037565546455786, 0.23085275125326365, 0.21611521023861602, 0.20267073425342075, 0.20105683675296193, 0.20069558130414877, 0.20016247980854085, 0.19942064979256913, 0.19904033576511715, 0.19894094182846833, 0.1989258498851625, 0.19891450905470143, 0.19889550187234206, 0.198865450086263, 0.1988348950579536, 0.19882602852973597, 0.19882381638790503, 0.1988237258672133, 0.19882372440740803]}, "13": {"maxiter": 500, "gtol": 1e-10, "xrtol": 1e-05, "eps": 1e-10, "duration": 0.04714703559875488, "fun": "0.19882372439310148", "jac": "[ 0.00000000e+00 -2.22044587e-06  0.00000000e+00  1.11022293e-06\n -3.33066880e-06 -1.11022293e-06]", "hess_inv": "[[  5.51777778  -6.03509463   5.04390042  -0.77174748  -7.32361416\n   -3.05070225]\n [ -6.03509463  12.40038102  -7.60211018   0.10070631  11.80346827\n    3.46260403]\n [  5.04390042  -7.60211018  14.91584546  -8.90647646 -10.5218842\n   -6.12056731]\n [ -0.77174748   0.10070631  -8.90647646   9.51667264   2.705416