{"date": "2024/09/25/, 15:09:49", "conf_id": 255, "data_type": "var_s_rank\n", "num_data_points": 1, "s_rank": 0, "unitary": "[[-0.45070455-0.02711853j,0.78437395-0.06613086j,0.06358678+0.19963393j,-0.07343613+0.35668523j],[-0.01890143-0.03813363j,0.32408202+0.25557629j,0.05872864-0.68979805j,0.55466693-0.20227297j],[-0.11215405+0.64023111j,-0.13344055+0.29565494j,-0.49012687-0.19046288j,-0.04241254+0.44046348j],[0.55771659+0.24656916j,0.31851997-0.05798805j,0.28761525-0.34294258j,-0.56718418+0.03616933j]]", "databatch_0": {"databatch": "[[[0.01670015+0.24143873j,0.21261897+0.0900099j,0.05276797+0.00954297j,0.18833229-0.10765453j],[0.06290169-0.15718894j,0.04663209+0.1948122j,-0.07370269-0.47404616j,-0.29809953+0.02287434j],[0.27564694+0.04998241j,-0.16176133+0.21669835j,0.06186705+0.07389731j,-0.11657886+0.25886537j],[-0.02283142+0.16856222j,-0.10918277+0.3198748j,-0.043037-0.09147346j,0.10723184-0.20848952j]]]", "initial param values": "[3.28133018,0.37486864,0.64300577,4.54174768,3.04011229,0.09588538]", "nelder_mead": {"type": "gradient-free", "0": {"maxiter": 100, "fatol": 1e-05, "xatol": 1e-05, "duration": 0.04684329032897949, "fun": "0.5610419459292478", "nit": "100", "nfev": "157", "status": "2", "success": "False", "message": "Maximum number of iterations has been exceeded.", "x": "[1.68809636 0.31210937 0.74790035 2.45545545 4.87884652 0.11866937]", "final_simplex": "(array([[1.68809636, 0.31210937, 0.74790035, 2.45545545, 4.87884652,\n        0.11866937],\n       [1.67224858, 0.33555058, 0.77527663, 2.43425653, 4.78479558,\n        0.11800606],\n       [1.717629  , 0.31010298, 0.74704248, 2.49850291, 4.86658035,\n        0.11764978],\n       [1.72190932, 0.33208875, 0.77572242, 2.4605554 , 4.76598399,\n        0.11705005],\n       [1.72386441, 0.32028602, 0.75861364, 2.48734793, 4.85840045,\n        0.11727869],\n       [1.73352903, 0.33931682, 0.77753723, 2.39532843, 4.76425556,\n        0.1165517 ],\n       [1.64790509, 0.33224803, 0.78430587, 2.45855022, 4.82957261,\n        0.11748191]]), array([0.56104195, 0.56105188, 0.56134415, 0.56205694, 0.56220335,\n       0.56222716, 0.56282474]))", "callback": [0.8943502857426464, 0.8517438666011908, 0.7124365291980831, 0.5885873355190352, 0.5781976695487996, 0.5743344026489072, 0.5692763594050596, 0.5649671487970117, 0.5641737414971318, 0.5629866715162399]}, "1": {"maxiter": 100, "fatol": 1e-05, "xatol": 1e-10, "duration": 0.04860711097717285, "fun": "0.5610419459292478", "nit": "100", "nfev": "157", "status": "2", "success": "False", "message": "Maximum number of iterations has been exceeded.", "x": "[1.68809636 0.31210937 0.74790035 2.45545545 4.87884652 0.11866937]", "final_simplex": "(array([[1.68809636, 0.31210937, 0.74790035, 2.45545545, 4.87884652,\n        0.11866937],\n       [1.67224858, 0.33555058, 0.77527663, 2.43425653, 4.78479558,\n        0.11800606],\n       [1.717629  , 0.31010298, 0.74704248, 2.49850291, 4.86658035,\n        0.11764978],\n       [1.72190932, 0.33208875, 0.77572242, 2.4605554 , 4.76598399,\n        0.11705005],\n       [1.72386441, 0.32028602, 0.75861364, 2.48734793, 4.85840045,\n        0.11727869],\n       [1.73352903, 0.33931682, 0.77753723, 2.39532843, 4.76425556,\n        0.1165517 ],\n       [1.64790509, 0.33224803, 0.78430587, 2.45855022, 4.82957261,\n        0.11748191]]), array([0.56104195, 0.56105188, 0.56134415, 0.56205694, 0.56220335,\n       0.56222716, 0.56282474]))", "callback": [0.8943502857426464, 0.8517438666011908, 0.7124365291980831, 0.5885873355190352, 0.5781976695487996, 0.5743344026489072, 0.5692763594050596, 0.5649671487970117, 0.5641737414971318, 0.5629866715162399]}, "2": {"maxiter": 100, "fatol": 1e-10, "xatol": 1e-05, "duration": 0.04730582237243652, "fun": "0.5610419459292478", "nit": "100", "nfev": "157", "status": "2", "success": "False", "message": "Maximum number of iterations has been exceeded.", "x": "[1.68809636 0.31210937 0.74790035 2.45545545 4.87884652 0.11866937]", "final_simplex": "(array([[1.68809636, 0.31210937, 0.74790035, 2.45545545, 4.87884652,\n        0.11866937],\n       [1.67224858, 0.33555058, 0.77527663, 2.43425653, 4.78479558,\n        0.11800606],\n       [1.717629  , 0.31010298, 0.74704248, 2.49850291, 4.86658035,\n        0.11764978],\n       [1.72190932, 0.33208875, 0.77572242, 2.4605554 , 4.76598399,\n        0.11705005],\n       [1.72386441, 0.32028602, 0.75861364, 2.48734793, 4.85840045,\n        0.11727869],\n       [1.73352903, 0.33931682, 0.77753723, 2.39532843, 4.76425556,\n        0.1165517 ],\n       [1.64790509, 0.33224803, 0.78430587, 2.45855022, 4.82957261,\n        0.11748191]]), array([0.56104195, 0.56105188, 0.56134415, 0.56205694, 0.56220335,\n       0.56222716, 0.56282474]))", "callback": [0.8943502857426464, 0.8517438666011908, 0.7124365291980831, 0.5885873355190352, 0.5781976695487996, 0.5743344026489072, 0.5692763594050596, 0.5649671487970117, 0.5641737414971318, 0.5629866715162399]}, "3": {"maxiter": 100, "fatol": 1e-10, "xatol": 1e-10, "duration": 0.04673624038696289, "fun": "0.5610419459292478", "nit": "100", "nfev": "157", "status": "2", "success": "False", "message": "Maximum number of iterations has been exceeded.", "x": "[1.68809636 0.31210937 0.74790035 2.45545545 4.87884652 0.11866937]", "final_simplex": "(array([[1.68809636, 0.31210937, 0.74790035, 2.45545545, 4.87884652,\n        0.11866937],\n       [1.67224858, 0.33555058, 0.77527663, 2.43425653, 4.78479558,\n        0.11800606],\n       [1.717629  , 0.31010298, 0.74704248, 2.49850291, 4.86658035,\n        0.11764978],\n       [1.72190932, 0.33208875, 0.77572242, 2.4605554 , 4.76598399,\n        0.11705005],\n       [1.72386441, 0.32028602, 0.75861364, 2.48734793, 4.85840045,\n        0.11727869],\n       [1.73352903, 0.33931682, 0.77753723, 2.39532843, 4.76425556,\n        0.1165517 ],\n       [1.64790509, 0.33224803, 0.78430587, 2.45855022, 4.82957261,\n        0.11748191]]), array([0.56104195, 0.56105188, 0.56134415, 0.56205694, 0.56220335,\n       0.56222716, 0.56282474]))", "callback": [0.8943502857426464, 0.8517438666011908, 0.7124365291980831, 0.5885873355190352, 0.5781976695487996, 0.5743344026489072, 0.5692763594050596, 0.5649671487970117, 0.5641737414971318, 0.5629866715162399]}, "4": {"maxiter": 500, "fatol": 1e-05, "xatol": 1e-05, "duration": 0.2188112735748291, "fun": "0.3359588664304469", "nit": "500", "nfev": "759", "status": "2", "success": "False", "message": "Maximum number of iterations has been exceeded.", "x": "[ 1.17726255  1.09286033 -0.05078822  1.72341066  4.20041649 -1.22242078]", "final_simplex": "(array([[ 1.17726255,  1.09286033, -0.05078822,  1.72341066,  4.20041649,\n        -1.22242078],\n       [ 1.17855627,  1.09244839, -0.04773642,  1.72384291,  4.19966614,\n        -1.22269892],\n       [ 1.17548169,  1.09325459, -0.04977339,  1.72043955,  4.19832788,\n        -1.22296377],\n       [ 1.17705069,  1.09390663, -0.05076397,  1.72157008,  4.19813581,\n        -1.22201872],\n       [ 1.17733738,  1.09315122, -0.04866367,  1.72221451,  4.19874691,\n        -1.22045919],\n       [ 1.17833649,  1.09304873, -0.05054834,  1.72142739,  4.19908059,\n        -1.22155645],\n       [ 1.17638648,  1.09238597, -0.05075217,  1.7234631 ,  4.19822245,\n        -1.22214213]]), array([0.33595887, 0.33595902, 0.33595924, 0.33595934, 0.33595936,\n       0.33595971, 0.33595992]))", "callback": [0.8943502857426464, 0.8517438666011908, 0.7124365291980831, 0.5885873355190352, 0.5781976695487996, 0.5743344026489072, 0.5692763594050596, 0.5649671487970117, 0.5641737414971318, 0.5629866715162399, 0.5609479592768641, 0.5514701186020428, 0.5461931371079398, 0.5435326719784431, 0.5429439091479978, 0.5427960633642086, 0.5418845563552676, 0.5381448514664962, 0.5199355538074079, 0.5142340060874692, 0.5137733417744543, 0.5128238079798992, 0.5124047015289598, 0.5122416094710045, 0.5122033996110498, 0.512162520987342, 0.5120387256716069, 0.5114629856073429, 0.5089409043293804, 0.503031967568442, 0.5001566172250802, 0.49205035396498586, 0.48354156903498224, 0.4695329146793571, 0.463976446999679, 0.44393490576297323, 0.42807259674355846, 0.40942519866070126, 0.3956090593009579, 0.37584681349158855, 0.36973783495132606, 0.3581962373585553, 0.3449124749075624, 0.33839468331256195, 0.33679565151232793, 0.33619945432326703, 0.3360283040431762, 0.3359779105423588, 0.33596268526543427, 0.33595901992987176]}, "5": {"maxiter": 500, "fatol": 1e-05, "xatol": 1e-10, "duration": 0.24584603309631348, "fun": "0.3359588664304469", "nit": "500", "nfev": "759", "status": "2", "success": "False", "message": "Maximum number of iterations has been exceeded.", "x": "[ 1.17726255  1.09286033 -0.05078822  1.72341066  4.20041649 -1.22242078]", "final_simplex": "(array([[ 1.17726255,  1.09286033, -0.05078822,  1.72341066,  4.20041649,\n        -1.22242078],\n       [ 1.17855627,  1.09244839, -0.04773642,  1.72384291,  4.19966614,\n        -1.22269892],\n       [ 1.17548169,  1.09325459, -0.04977339,  1.72043955,  4.19832788,\n        -1.22296377],\n       [ 1.17705069,  1.09390663, -0.05076397,  1.72157008,  4.19813581,\n        -1.22201872],\n       [ 1.17733738,  1.09315122, -0.04866367,  1.72221451,  4.19874691,\n        -1.22045919],\n       [ 1.17833649,  1.09304873, -0.05054834,  1.72142739,  4.19908059,\n        -1.22155645],\n       [ 1.17638648,  1.09238597, -0.05075217,  1.7234631 ,  4.19822245,\n        -1.22214213]]), array([0.33595887, 0.33595902, 0.33595924, 0.33595934, 0.33595936,\n       0.33595971, 0.33595992]))", "callback": [0.8943502857426464, 0.8517438666011908, 0.7124365291980831, 0.5885873355190352, 0.5781976695487996, 0.5743344026489072, 0.5692763594050596, 0.5649671487970117, 0.5641737414971318, 0.5629866715162399, 0.5609479592768641, 0.5514701186020428, 0.5461931371079398, 0.5435326719784431, 0.5429439091479978, 0.5427960633642086, 0.5418845563552676, 0.5381448514664962, 0.5199355538074079, 0.5142340060874692, 0.5137733417744543, 0.5128238079798992, 0.5124047015289598, 0.5122416094710045, 0.5122033996110498, 0.512162520987342, 0.5120387256716069, 0.5114629856073429, 0.5089409043293804, 0.503031967568442, 0.5001566172250802, 0.49205035396498586, 0.48354156903498224, 0.4695329146793571, 0.463976446999679, 0.44393490576297323, 0.42807259674355846, 0.40942519866070126, 0.3956090593009579, 0.37584681349158855, 0.36973783495132606, 0.3581962373585553, 0.3449124749075624, 0.33839468331256195, 0.33679565151232793, 0.33619945432326703, 0.3360283040431762, 0.3359779105423588, 0.33596268526543427, 0.33595901992987176]}, "6": {"maxiter": 500, "fatol": 1e-10, "xatol": 1e-05, "duration": 0.23313689231872559, "fun": "0.3359588664304469", "nit": "500", "nfev": "759", "status": "2", "success": "False", "message": "Maximum number of iterations has been exceeded.", "x": "[ 1.17726255  1.09286033 -0.05078822  1.72341066  4.20041649 -1.22242078]", "final_simplex": "(array([[ 1.17726255,  1.09286033, -0.05078822,  1.72341066,  4.20041649,\n        -1.22242078],\n       [ 1.17855627,  1.09244839, -0.04773642,  1.72384291,  4.19966614,\n        -1.22269892],\n       [ 1.17548169,  1.09325459, -0.04977339,  1.72043955,  4.19832788,\n        -1.22296377],\n       [ 1.17705069,  1.09390663, -0.05076397,  1.72157008,  4.19813581,\n        -1.22201872],\n       [ 1.17733738,  1.09315122, -0.04866367,  1.72221451,  4.19874691,\n        -1.22045919],\n       [ 1.17833649,  1.09304873, -0.05054834,  1.72142739,  4.19908059,\n        -1.22155645],\n       [ 1.17638648,  1.09238597, -0.05075217,  1.7234631 ,  4.19822245,\n        -1.22214213]]), array([0.33595887, 0.33595902, 0.33595924, 0.33595934, 0.33595936,\n       0.33595971, 0.33595992]))", "callback": [0.8943502857426464, 0.8517438666011908, 0.7124365291980831, 0.5885873355190352, 0.5781976695487996, 0.5743344026489072, 0.5692763594050596, 0.5649671487970117, 0.5641737414971318, 0.5629866715162399, 0.5609479592768641, 0.5514701186020428, 0.5461931371079398, 0.5435326719784431, 0.5429439091479978, 0.5427960633642086, 0.5418845563552676, 0.5381448514664962, 0.5199355538074079, 0.5142340060874692, 0.5137733417744543, 0.5128238079798992, 0.5124047015289598, 0.5122416094710045, 0.5122033996110498, 0.512162520987342, 0.5120387256716069, 0.5114629856073429, 0.5089409043293804, 0.503031967568442, 0.5001566172250802, 0.49205035396498586, 0.48354156903498224, 0.4695329146793571, 0.463976446999679, 0.44393490576297323, 0.42807259674355846, 0.40942519866070126, 0.3956090593009579, 0.37584681349158855, 0.36973783495132606, 0.3581962373585553, 0.3449124749075624, 0.33839468331256195, 0.33679565151232793, 0.33619945432326703, 0.3360283040431762, 0.3359779105423588, 0.33596268526543427, 0.33595901992987176]}, "7": {"maxiter": 500, "fatol": 1e-10, "xatol": 1e-10, "duration": 0.2653038501739502, "fun": "0.3359588664304469", "nit": "500", "nfev": "759", "status": "2", "success": "False", "message": "Maximum number of iterations has been exceeded.", "x": "[ 1.17726255  1.09286033 -0.05078822  1.72341066  4.20041649 -1.22242078]", "final_simplex": "(array([[ 1.17726255,  1.09286033, -0.05078822,  1.72341066,  4.20041649,\n        -1.22242078],\n       [ 1.17855627,  1.09244839, -0.04773642,  1.72384291,  4.19966614,\n        -1.22269892],\n       [ 1.17548169,  1.09325459, -0.04977339,  1.72043955,  4.19832788,\n        -1.22296377],\n       [ 1.17705069,  1.09390663, -0.05076397,  1.72157008,  4.19813581,\n        -1.22201872],\n       [ 1.17733738,  1.09315122, -0.04866367,  1.72221451,  4.19874691,\n        -1.22045919],\n       [ 1.17833649,  1.09304873, -0.05054834,  1.72142739,  4.19908059,\n        -1.22155645],\n       [ 1.17638648,  1.09238597, -0.05075217,  1.7234631 ,  4.19822245,\n        -1.22214213]]), array([0.33595887, 0.33595902, 0.33595924, 0.33595934, 0.33595936,\n       0.33595971, 0.33595992]))", "callback": [0.8943502857426464, 0.8517438666011908, 0.7124365291980831, 0.5885873355190352, 0.5781976695487996, 0.5743344026489072, 0.5692763594050596, 0.5649671487970117, 0.5641737414971318, 0.5629866715162399, 0.5609479592768641, 0.5514701186020428, 0.5461931371079398, 0.5435326719784431, 0.5429439091479978, 0.5427960633642086, 0.5418845563552676, 0.5381448514664962, 0.5199355538074079, 0.5142340060874692, 0.5137733417744543, 0.5128238079798992, 0.5124047015289598, 0.5122416094710045, 0.5122033996110498, 0.512162520987342, 0.5120387256716069, 0.5114629856073429, 0.5089409043293804, 0.503031967568442, 0.5001566172250802, 0.49205035396498586, 0.48354156903498224, 0.4695329146793571, 0.463976446999679, 0.44393490576297323, 0.42807259674355846, 0.40942519866070126, 0.3956090593009579, 0.37584681349158855, 0.36973783495132606, 0.3581962373585553, 0.3449124749075624, 0.33839468331256195, 0.33679565151232793, 0.33619945432326703, 0.3360283040431762, 0.3359779105423588, 0.33596268526543427, 0.33595901992987176]}, "8": {"maxiter": 1000, "fatol": 1e-05, "xatol": 1e-05, "duration": 0.28951597213745117, "fun": "0.3359580334737281", "nit": "634", "nfev": "979", "status": "0", "success": "True", "message": "Optimization terminated successfully.", "x": "[ 1.17695644  1.09403795 -0.0494769   1.7220229   4.19932553 -1.22345131]", "final_simplex": "(array([[ 1.17695644,  1.09403795, -0.0494769 ,  1.7220229 ,  4.19932553,\n        -1.22345131],\n       [ 1.17695302,  1.09404374, -0.0494754 ,  1.72201849,  4.19932102,\n        -1.22346074],\n       [ 1.1769521 ,  1.09404279, -0.04947293,  1.72201918,  4.19932053,\n        -1.22344721],\n       [ 1.17695083,  1.09404557, -0.04947577,  1.72201309,  4.1993304 ,\n        -1.22345414],\n       [ 1.1769633 ,  1.09404734, -0.04947756,  1.72201639,  4.19932469,\n        -1.22345012],\n       [ 1.17696155,  1.09404386, -0.04946824,  1.7220208 ,  4.19932059,\n        -1.2234498 ],\n       [ 1.17695449,  1.09403444, -0.04947381,  1.72201815,  4.19932093,\n        -1.22345312]]), array([0.33595803, 0.33595803, 0.33595803, 0.33595803, 0.33595803,\n       0.33595803, 0.33595803]))", "callback": [0.8943502857426464, 0.8517438666011908, 0.7124365291980831, 0.5885873355190352, 0.5781976695487996, 0.5743344026489072, 0.5692763594050596, 0.5649671487970117, 0.5641737414971318, 0.5629866715162399, 0.5609479592768641, 0.5514701186020428, 0.5461931371079398, 0.5435326719784431, 0.5429439091479978, 0.5427960633642086, 0.5418845563552676, 0.5381448514664962, 0.5199355538074079, 0.5142340060874692, 0.5137733417744543, 0.5128238079798992, 0.5124047015289598, 0.5122416094710045, 0.5122033996110498, 0.512162520987342, 0.5120387256716069, 0.5114629856073429, 0.5089409043293804, 0.503031967568442, 0.5001566172250802, 0.49205035396498586, 0.48354156903498224, 0.4695329146793571, 0.463976446999679, 0.44393490576297323, 0.42807259674355846, 0.40942519866070126, 0.3956090593009579, 0.37584681349158855, 0.36973783495132606, 0.3581962373585553, 0.3449124749075624, 0.33839468331256195, 0.33679565151232793, 0.33619945432326703, 0.3360283040431762, 0.3359779105423588, 0.33596268526543427, 0.33595901992987176, 0.3359584317144406, 0.3359581612820285, 0.3359580836423379, 0.3359580680788421, 0.3359580608085516, 0.33595805385748057, 0.33595804713331634, 0.3359580402770195, 0.335958036575541, 0.33595803445199146, 0.33595803403090696, 0.3359580336305523, 0.33595803350879005, 0.33595803348570275]}, "9": {"maxiter": 1000, "fatol": 1e-05, "xatol": 1e-10, "duration": 0.3510301113128662, "fun": "0.335958033459271", "nit": "742", "nfev": "1216", "status": "0", "success": "True", "message": "Optimization terminated successfully.", "x": "[ 1.1769543   1.09404539 -0.04948342  1.72202528  4.19933    -1.22345523]", "final_simplex": "(array([[ 1.1769543 ,  1.09404539, -0.04948342,  1.72202528,  4.19933   ,\n        -1.22345523],\n       [ 1.1769543 ,  1.09404539, -0.04948342,  1.72202528,  4.19933   ,\n        -1.22345523],\n       [ 1.1769543 ,  1.09404539, -0.04948342,  1.72202528,  4.19933   ,\n        -1.22345523],\n       [ 1.1769543 ,  1.09404539, -0.04948342,  1.72202528,  4.19933   ,\n        -1.22345523],\n       [ 1.1769543 ,  1.09404539, -0.04948342,  1.72202528,  4.19933   ,\n        -1.22345523],\n       [ 1.1769543 ,  1.09404539, -0.04948342,  1.72202528,  4.19933   ,\n        -1.22345523],\n       [ 1.1769543 ,  1.09404539, -0.04948342,  1.72202528,  4.19933   ,\n        -1.22345523]]), array([0.33595803, 0.33595803, 0.33595803, 0.33595803, 0.33595803,\n       0.33595803, 0.33595803]))", "callback": [0.8943502857426464, 0.8517438666011908, 0.7124365291980831, 0.5885873355190352, 0.5781976695487996, 0.5743344026489072, 0.5692763594050596, 0.5649671487970117, 0.5641737414971318, 0.5629866715162399, 0.5609479592768641, 0.5514701186020428, 0.5461931371079398, 0.5435326719784431, 0.5429439091479978, 0.5427960633642086, 0.5418845563552676, 0.5381448514664962, 0.5199355538074079, 0.5142340060874692, 0.5137733417744543, 0.5128238079798992, 0.5124047015289598, 0.5122416094710045, 0.5122033996110498, 0.512162520987342, 0.5120387256716069, 0.5114629856073429, 0.5089409043293804, 0.503031967568442, 0.5001566172250802, 0.49205035396498586, 0.48354156903498224, 0.4695329146793571, 0.463976446999679, 0.44393490576297323, 0.42807259674355846, 0.40942519866070126, 0.3956090593009579, 0.37584681349158855, 0.36973783495132606, 0.3581962373585553, 0.3449124749075624, 0.33839468331256195, 0.33679565151232793, 0.33619945432326703, 0.3360283040431762, 0.3359779105423588, 0.33596268526543427, 0.33595901992987176, 0.3359584317144406, 0.3359581612820285, 0.3359580836423379, 0.3359580680788421, 0.3359580608085516, 0.33595805385748057, 0.33595804713331634, 0.3359580402770195, 0.335958036575541, 0.33595803445199146, 0.33595803403090696, 0.3359580336305523, 0.33595803350879005, 0.33595803348570275, 0.33595803346595365, 0.33595803346063835, 0.33595803345962416, 0.3359580334593255, 0.3359580334592863, 0.33595803345927355, 0.33595803345927155, 0.3359580334592712, 0.3359580334592711, 0.335958033459271, 0.335958033459271]}, "10": {"maxiter": 1000, "fatol": 1e-10, "xatol": 1e-05, "duration": 0.2849900722503662, "fun": "0.3359580334737281", "nit": "634", "nfev": "979", "status": "0", "success": "True", "message": "Optimization terminated successfully.", "x": "[ 1.17695644  1.09403795 -0.0494769   1.7220229   4.19932553 -1.22345131]", "final_simplex": "(array([[ 1.17695644,  1.09403795, -0.0494769 ,  1.7220229 ,  4.19932553,\n        -1.22345131],\n       [ 1.17695302,  1.09404374, -0.0494754 ,  1.72201849,  4.19932102,\n        -1.22346074],\n       [ 1.1769521 ,  1.09404279, -0.04947293,  1.72201918,  4.19932053,\n        -1.22344721],\n       [ 1.17695083,  1.09404557, -0.04947577,  1.72201309,  4.1993304 ,\n        -1.22345414],\n       [ 1.1769633 ,  1.09404734, -0.04947756,  1.72201639,  4.19932469,\n        -1.22345012],\n       [ 1.17696155,  1.09404386, -0.04946824,  1.7220208 ,  4.19932059,\n        -1.2234498 ],\n       [ 1.17695449,  1.09403444, -0.04947381,  1.72201815,  4.19932093,\n        -1.22345312]]), array([0.33595803, 0.33595803, 0.33595803, 0.33595803, 0.33595803,\n       0.33595803, 0.33595803]))", "callback": [0.8943502857426464, 0.8517438666011908, 0.7124365291980831, 0.5885873355190352, 0.5781976695487996, 0.5743344026489072, 0.5692763594050596, 0.5649671487970117, 0.5641737414971318, 0.5629866715162399, 0.5609479592768641, 0.5514701186020428, 0.5461931371079398, 0.5435326719784431, 0.5429439091479978, 0.5427960633642086, 0.5418845563552676, 0.5381448514664962, 0.5199355538074079, 0.5142340060874692, 0.5137733417744543, 0.5128238079798992, 0.5124047015289598, 0.5122416094710045, 0.5122033996110498, 0.512162520987342, 0.5120387256716069, 0.5114629856073429, 0.5089409043293804, 0.503031967568442, 0.5001566172250802, 0.49205035396498586, 0.48354156903498224, 0.4695329146793571, 0.463976446999679, 0.44393490576297323, 0.42807259674355846, 0.40942519866070126, 0.3956090593009579, 0.37584681349158855, 0.36973783495132606, 0.3581962373585553, 0.3449124749075624, 0.33839468331256195, 0.33679565151232793, 0.33619945432326703, 0.3360283040431762, 0.3359779105423588, 0.33596268526543427, 0.33595901992987176, 0.3359584317144406, 0.3359581612820285, 0.3359580836423379, 0.3359580680788421, 0.3359580608085516, 0.33595805385748057, 0.33595804713331634, 0.3359580402770195, 0.335958036575541, 0.33595803445199146, 0.33595803403090696, 0.3359580336305523, 0.33595803350879005, 0.33595803348570275]}, "11": {"maxiter": 1000, "fatol": 1e-10, "xatol": 1e-10, "duration": 0.34235692024230957, "fun": "0.335958033459271", "nit": "742", "nfev": "1216", "status": "0", "success": "True", "message": "Optimization terminated successfully.", "x": "[ 1.1769543   1.09404539 -0.04948342  1.72202528  4.19933    -1.22345523]", "final_simplex": "(array([[ 1.1769543 ,  1.09404539, -0.04948342,  1.72202528,  4.19933   ,\n        -1.22345523],\n       [ 1.1769543 ,  1.09404539, -0.04948342,  1.72202528,  4.19933   ,\n        -1.22345523],\n       [ 1.1769543 ,  1.09404539, -0.04948342,  1.72202528,  4.19933   ,\n        -1.22345523],\n       [ 1.1769543 ,  1.09404539, -0.04948342,  1.72202528,  4.19933   ,\n        -1.22345523],\n       [ 1.1769543 ,  1.09404539, -0.04948342,  1.72202528,  4.19933   ,\n        -1.22345523],\n       [ 1.1769543 ,  1.09404539, -0.04948342,  1.72202528,  4.19933   ,\n        -1.22345523],\n       [ 1.1769543 ,  1.09404539, -0.04948342,  1.72202528,  4.19933   ,\n        -1.22345523]]), array([0.33595803, 0.33595803, 0.33595803, 0.33595803, 0.33595803,\n       0.33595803, 0.33595803]))", "callback": [0.8943502857426464, 0.8517438666011908, 0.7124365291980831, 0.5885873355190352, 0.5781976695487996, 0.5743344026489072, 0.5692763594050596, 0.5649671487970117, 0.5641737414971318, 0.5629866715162399, 0.5609479592768641, 0.5514701186020428, 0.5461931371079398, 0.5435326719784431, 0.5429439091479978, 0.5427960633642086, 0.5418845563552676, 0.5381448514664962, 0.5199355538074079, 0.5142340060874692, 0.5137733417744543, 0.5128238079798992, 0.5124047015289598, 0.5122416094710045, 0.5122033996110498, 0.512162520987342, 0.5120387256716069, 0.5114629856073429, 0.5089409043293804, 0.503031967568442, 0.5001566172250802, 0.49205035396498586, 0.48354156903498224, 0.4695329146793571, 0.463976446999679, 0.44393490576297323, 0.42807259674355846, 0.40942519866070126, 0.3956090593009579, 0.37584681349158855, 0.36973783495132606, 0.3581962373585553, 0.3449124749075624, 0.33839468331256195, 0.33679565151232793, 0.33619945432326703, 0.3360283040431762, 0.3359779105423588, 0.33596268526543427, 0.33595901992987176, 0.3359584317144406, 0.3359581612820285, 0.3359580836423379, 0.3359580680788421, 0.3359580608085516, 0.33595805385748057, 0.33595804713331634, 0.3359580402770195, 0.335958036575541, 0.33595803445199146, 0.33595803403090696, 0.3359580336305523, 0.33595803350879005, 0.33595803348570275, 0.33595803346595365, 0.33595803346063835, 0.33595803345962416, 0.3359580334593255, 0.3359580334592863, 0.33595803345927355, 0.33595803345927155, 0.3359580334592712, 0.3359580334592711, 0.335958033459271, 0.335958033459271]}}, "bfgs": {"type": "gradient", "0": {"maxiter": 100, "gtol": 1e-05, "xrtol": 1e-05, "eps": 1e-05, "duration": 0.095916748046875, "fun": "0.335958033479532", "jac": "[ 4.47331061e-07  8.21787083e-08 -3.20743432e-07  1.48903112e-07\n -1.15757404e-06  5.99631456e-07]", "hess_inv": "[[ 3.20872349e+00  5.46602861e-01 -7.52407809e-02 -1.05212795e+00\n  -2.57771765e-01 -5.01758249e-01]\n [ 5.46602861e-01  4.50166416e+00 -1.63333495e+00 -1.86863467e+00\n  -6.80900450e-02 -9.27431734e-01]\n [-7.52407809e-02 -1.63333495e+00  4.42177177e+00  1.13094201e-01\n  -1.39852980e+00  1.15984997e+00]\n [-1.05212795e+00 -1.86863467e+00  1.13094201e-01  4.05266159e+00\n   3.31731972e-01  3.26227955e-01]\n [-2.57771765e-01 -6.80900450e-02 -1.39852980e+00  3.31731972e-01\n   3.86140571e+00 -2.32704025e-03]\n [-5.01758249e-01 -9.27431734e-01  1.15984997e+00  3.26227955e-01\n  -2.32704025e-03  3.64647354e+00]]", "nfev": "315", "njev": "45", "status": "0", "success": "True", "message": "Optimization terminated successfully.", "x": "[ 5.10622909 -2.04754772  3.09210565  1.72202175 -2.08386304 -1.22345971]", "nit": "31", "callback": [0.8340241265220161, 0.8269802756776393, 0.8139400244776392, 0.8092601192610736, 0.8085869055089422, 0.8074395700067831, 0.8053793411041172, 0.7780245470604601, 0.7764003436859881, 0.762415326318014, 0.7399818895307644, 0.7173136522816403, 0.7041128057576707, 0.6906726007100954, 0.6787295317307996, 0.6565801509459128, 0.4759621666975503, 0.46337154280916115, 0.4408882391987169, 0.403958619126797, 0.3791604097090935, 0.3695873482055704, 0.3578156997208015, 0.3441338252426087, 0.3391962203110622, 0.3364331936987295, 0.33601133540590133, 0.3359608485855392, 0.3359581182543253, 0.3359580371193236, 0.335958033479532]}, "1": {"maxiter": 100, "gtol": 1e-05, "xrtol": 1e-05, "eps": 1e-10, "duration": 0.08632493019104004, "fun": "0.33595803349060294", "jac": "[ 0.00000000e+00  0.00000000e+00 -1.11022293e-06  0.00000000e+00\n -2.22044587e-06  1.11022293e-06]", "hess_inv": "[[ 3.53014154  0.66775773 -0.03923076 -1.12994738 -0.59328417 -0.40409577]\n [ 0.66775773  4.83171905 -1.65111478 -2.02287411 -0.51212121 -0.7921473 ]\n [-0.03923076 -1.65111478  4.54707625 -0.0263797  -1.36531347  1.2339997 ]\n [-1.12994738 -2.02287411 -0.0263797   4.27645022  0.52406728  0.24307174]\n [-0.59328417 -0.51212121 -1.36531347  0.52406728  4.9147294  -0.10256983]\n [-0.40409577 -0.7921473   1.2339997   0.24307174 -0.10256983  3.61109951]]", "nfev": "294", "njev": "42", "status": "0", "success": "True", "message": "Optimization terminated successfully.", "x": "[ 5.10623675 -2.0475406   3.0921023   1.7220169  -2.08386414 -1.22346148]", "nit": "30", "callback": [0.83402396154504, 0.8269800759920386, 0.8139398611395283, 0.8092592456806984, 0.8085868382995977, 0.807439005588132, 0.8053780307100632, 0.7780134517822975, 0.7763923151142738, 0.7624045298286802, 0.7399449246018901, 0.7171625692881505, 0.7040081840428173, 0.690534478926365, 0.679210136936973, 0.6582974842092076, 0.5115128502144899, 0.45216686845432585, 0.4188996585038325, 0.386186895591615, 0.37223029071912617, 0.36118011823843765, 0.35052526521950256, 0.3404657439605866, 0.3369930295473318, 0.33603513197399537, 0.3359597974202857, 0.3359581205215644, 0.33595803404065494, 0.33595803349060294]}, "2": {"maxiter": 100, "gtol": 1e-05, "xrtol": 1e-10, "eps": 1e-05, "duration": 0.09213399887084961, "fun": "0.335958033479532", "jac": "[ 4.47331061e-07  8.21787083e-08 -3.20743432e-07  1.48903112e-07\n -1.15757404e-06  5.99631456e-07]", "hess_inv": "[[ 3.20872349e+00  5.46602861e-01 -7.52407809e-02 -1.05212795e+00\n  -2.57771765e-01 -5.01758249e-01]\n [ 5.46602861e-01  4.50166416e+00 -1.63333495e+00 -1.86863467e+00\n  -6.80900450e-02 -9.27431734e-01]\n [-7.52407809e-02 -1.63333495e+00  4.42177177e+00  1.13094201e-01\n  -1.39852980e+00  1.15984997e+00]\n [-1.05212795e+00 -1.86863467e+00  1.13094201e-01  4.05266159e+00\n   3.31731972e-01  3.26227955e-01]\n [-2.57771765e-01 -6.80900450e-02 -1.39852980e+00  3.31731972e-01\n   3.86140571e+00 -2.32704025e-03]\n [-5.01758249e-01 -9.27431734e-01  1.15984997e+00  3.26227955e-01\n  -2.32704025e-03  3.64647354e+00]]", "nfev": "315", "njev": "45", "status": "0", "success": "True", "message": "Optimization terminated successfully.", "x": "[ 5.10622909 -2.04754772  3.09210565  1.72202175 -2.08386304 -1.22345971]", "nit": "31", "callback": [0.8340241265220161, 0.8269802756776393, 0.8139400244776392, 0.8092601192610736, 0.8085869055089422, 0.8074395700067831, 0.8053793411041172, 0.7780245470604601, 0.7764003436859881, 0.762415326318014, 0.7399818895307644, 0.7173136522816403, 0.7041128057576707, 0.6906726007100954, 0.6787295317307996, 0.6565801509459128, 0.4759621666975503, 0.46337154280916115, 0.4408882391987169, 0.403958619126797, 0.3791604097090935, 0.3695873482055704, 0.3578156997208015, 0.3441338252426087, 0.3391962203110622, 0.3364331936987295, 0.33601133540590133, 0.3359608485855392, 0.3359581182543253, 0.3359580371193236, 0.335958033479532]}, "3": {"maxiter": 100, "gtol": 1e-05, "xrtol": 1e-10, "eps": 1e-10, "duration": 0.08614611625671387, "fun": "0.33595803349060294", "jac": "[ 0.00000000e+00  0.00000000e+00 -1.11022293e-06  0.00000000e+00\n -2.22044587e-06  1.11022293e-06]", "hess_inv": "[[ 3.53014154  0.66775773 -0.03923076 -1.12994738 -0.59328417 -0.40409577]\n [ 0.66775773  4.83171905 -1.65111478 -2.02287411 -0.51212121 -0.7921473 ]\n [-0.03923076 -1.65111478  4.54707625 -0.0263797  -1.36531347  1.2339997 ]\n [-1.12994738 -2.02287411 -0.0263797   4.27645022  0.52406728  0.24307174]\n [-0.59328417 -0.51212121 -1.36531347  0.52406728  4.9147294  -0.10256983]\n [-0.40409577 -0.7921473   1.2339997   0.24307174 -0.10256983  3.61109951]]", "nfev": "294", "njev": "42", "status": "0", "success": "True", "message": "Optimization terminated successfully.", "x": "[ 5.10623675 -2.0475406   3.0921023   1.7220169  -2.08386414 -1.22346148]", "nit": "30", "callback": [0.83402396154504, 0.8269800759920386, 0.8139398611395283, 0.8092592456806984, 0.8085868382995977, 0.807439005588132, 0.8053780307100632, 0.7780134517822975, 0.7763923151142738, 0.7624045298286802, 0.7399449246018901, 0.7171625692881505, 0.7040081840428173, 0.690534478926365, 0.679210136936973, 0.6582974842092076, 0.5115128502144899, 0.45216686845432585, 0.4188996585038325, 0.386186895591615, 0.37223029071912617, 0.36118011823843765, 0.35052526521950256, 0.3404657439605866, 0.3369930295473318, 0.33603513197399537, 0.3359597974202857, 0.3359581205215644, 0.33595803404065494, 0.33595803349060294]}, "4": {"maxiter": 100, "gtol": 1e-10, "xrtol": 1e-05, "eps": 1e-05, "duration": 0.09730887413024902, "fun": "0.33595803347635356", "jac": "[ 1.28341782e-08  1.83408844e-08  1.91735516e-08  1.54987134e-08\n  2.60458322e-08 -1.38666856e-08]", "hess_inv": "[[ 3.23271059  0.55249595 -0.05840975 -1.06469843 -0.31433834 -0.49085356]\n [ 0.55249595  4.50298925 -1.62873331 -1.87280143 -0.07982403 -0.92699043]\n [-0.05840975 -1.62873331  4.43180705  0.10837515 -1.44644692  1.17601119]\n [-1.06469843 -1.87280143  0.10837515  4.04977041  0.38038763  0.30084589]\n [-0.31433834 -0.07982403 -1.44644692  0.38038763  3.95666887  0.01140497]\n [-0.49085356 -0.92699043  1.17601119  0.30084589  0.01140497  3.61062304]]", "nfev": "322", "njev": "46", "status": "0", "success": "True", "message": "Optimization terminated successfully.", "x": "[ 5.10622767 -2.04754812  3.09210484  1.72202208 -2.08385884 -1.22346123]", "nit": "32", "callback": [0.8340241265220161, 0.8269802756776393, 0.8139400244776392, 0.8092601192610736, 0.8085869055089422, 0.8074395700067831, 0.8053793411041172, 0.7780245470604601, 0.7764003436859881, 0.762415326318014, 0.7399818895307644, 0.7173136522816403, 0.7041128057576707, 0.6906726007100954, 0.6787295317307996, 0.6565801509459128, 0.4759621666975503, 0.46337154280916115, 0.4408882391987169, 0.403958619126797, 0.3791604097090935, 0.3695873482055704, 0.3578156997208015, 0.3441338252426087, 0.3391962203110622, 0.3364331936987295, 0.33601133540590133, 0.3359608485855392, 0.3359581182543253, 0.3359580371193236, 0.335958033479532, 0.33595803347635356]}, "5": {"maxiter": 100, "gtol": 1e-10, "xrtol": 1e-05, "eps": 1e-10, "duration": 0.09148907661437988, "fun": "0.33595803348081066", "jac": "[ 0.00000000e+00 -1.11022293e-06 -1.11022293e-06 -3.33066880e-06\n  0.00000000e+00 -2.22044587e-06]", "hess_inv": "[[ 3.58191646  0.60721106 -0.07193939 -1.12158221 -0.22175721 -0.54097684]\n [ 0.60721106  4.79452634 -1.61045943 -1.99804713 -0.39739939 -0.81261884]\n [-0.07193939 -1.61045943  4.56768625 -0.03243514 -1.61225539  1.32449471]\n [-1.12158221 -1.99804713 -0.03243514  4.26671066  0.40809674  0.27881396]\n [-0.22175721 -0.39739939 -1.61225539  0.40809674  4.78795038 -0.16669509]\n [-0.54097684 -0.81261884  1.32449471  0.27881396 -0.16669509  3.67116099]]", "nfev": "301", "njev": "43", "status": "0", "success": "True", "message": "Optimization terminated successfully.", "x": "[ 5.10623678 -2.04754237  3.09210232  1.72201746 -2.08385511 -1.22346445]", "nit": "31", "callback": [0.83402396154504, 0.8269800759920386, 0.8139398611395283, 0.8092592456806984, 0.8085868382995977, 0.807439005588132, 0.8053780307100632, 0.7780134517822975, 0.7763923151142738, 0.7624045298286802, 0.7399449246018901, 0.7171625692881505, 0.7040081840428173, 0.690534478926365, 0.679210136936973, 0.6582974842092076, 0.5115128502144899, 0.45216686845432585, 0.4188996585038325, 0.386186895591615, 0.37223029071912617, 0.36118011823843765, 0.35052526521950256, 0.3404657439605866, 0.3369930295473318, 0.33603513197399537, 0.3359597974202857, 0.3359581205215644, 0.33595803404065494, 0.33595803349060294, 0.33595803348081066]}, "6": {"maxiter": 100, "gtol": 1e-10, "xrtol": 1e-10, "eps": 1e-05, "duration": 0.16847705841064453, "fun": "0.33595803347635356", "jac": "[ 1.28341782e-08  1.83408844e-08  1.91735516e-08  1.54987134e-08\n  2.60458322e-08 -1.38666856e-08]", "hess_inv": "[[ 3.25272468  0.56518229 -0.05073987 -1.06239642 -0.33424799 -0.48783967]\n [ 0.56518229  4.50851795 -1.62252644 -1.87376387 -0.10634613 -0.91854505]\n [-0.05073987 -1.62252644  4.43402625  0.11055367 -1.4466348   1.17366788]\n [-1.06239642 -1.87376387  0.11055367  4.04770145  0.3647002   0.30749035]\n [-0.33424799 -0.10634613 -1.4466348   0.3647002   3.89956293  0.04456113]\n [-0.48783967 -0.91854505  1.17366788  0.30749035  0.04456113  3.59408164]]", "nfev": "565", "njev": "79", "status": "2", "success": "False", "message": "Desired error not necessarily achieved due to precision loss.", "x": "[ 5.10622767 -2.04754812  3.09210484  1.72202208 -2.08385884 -1.22346123]", "nit": "32", "callback": [0.8340241265220161, 0.8269802756776393, 0.8139400244776392, 0.8092601192610736, 0.8085869055089422, 0.8074395700067831, 0.8053793411041172, 0.7780245470604601, 0.7764003436859881, 0.762415326318014, 0.7399818895307644, 0.7173136522816403, 0.7041128057576707, 0.6906726007100954, 0.6787295317307996, 0.6565801509459128, 0.4759621666975503, 0.46337154280916115, 0.4408882391987169, 0.403958619126797, 0.3791604097090935, 0.3695873482055704, 0.3578156997208015, 0.3441338252426087, 0.3391962203110622, 0.3364331936987295, 0.33601133540590133, 0.3359608485855392, 0.3359581182543253, 0.3359580371193236, 0.335958033479532, 0.33595803347635356]}, "7": {"maxiter": 100, "gtol": 1e-10, "xrtol": 1e-10, "eps": 1e-10, "duration": 0.1665782928466797, "fun": "0.33595803346099307", "jac": "[2.22044587e-06 2.22044587e-06 1.11022293e-06 1.11022293e-06\n 1.11022293e-06 2.22044587e-06]", "hess_inv": "[[ 7.75803988e-01 -3.99030603e-01 -2.25972852e+00  3.34903636e-02\n   1.91720385e+00  6.28560425e-02]\n [-3.99030603e-01  2.56182477e-01  1.27478554e+00 -1.04223929e-03\n  -1.09518782e+00 -8.10203871e-02]\n [-2.25972852e+00  1.27478554e+00  7.58376618e+00  3.73128691e-01\n  -6.84649780e+00 -5.74397194e-01]\n [ 3.34903636e-02 -1.04223929e-03  3.73128691e-01  3.22266602e-01\n  -5.75667392e-01 -2.04305930e-01]\n [ 1.91720385e+00 -1.09518782e+00 -6.84649780e+00 -5.75667392e-01\n   6.38092057e+00  6.61811277e-01]\n [ 6.28560425e-02 -8.10203871e-02 -5.74397194e-01 -2.04305930e-01\n   6.61811277e-01  1.75997624e-01]]", "nfev": "567", "njev": "81", "status": "0", "success": "True", "message": "Optimization terminated successfully.", "x": "[ 5.10623089 -2.04754544  3.09210887  1.72202287 -2.08385644 -1.22345344]", "nit": "43", "callback": [0.83402396154504, 0.8269800759920386, 0.8139398611395283, 0.8092592456806984, 0.8085868382995977, 0.807439005588132, 0.8053780307100632, 0.7780134517822975, 0.7763923151142738, 0.7624045298286802, 0.7399449246018901, 0.7171625692881505, 0.7040081840428173, 0.690534478926365, 0.679210136936973, 0.6582974842092076, 0.5115128502144899, 0.45216686845432585, 0.4188996585038325, 0.386186895591615, 0.37223029071912617, 0.36118011823843765, 0.35052526521950256, 0.3404657439605866, 0.3369930295473318, 0.33603513197399537, 0.3359597974202857, 0.3359581205215644, 0.33595803404065494, 0.33595803349060294, 0.33595803348081066, 0.3359580334768225, 0.3359580334742227, 0.33595803347283615, 0.3359580334708424, 0.33595803346780806, 0.3359580334631087, 0.3359580334611646, 0.33595803346114395, 0.3359580334611285, 0.33595803346105235, 0.3359580334609932, 0.33595803346099307]}, "8": {"maxiter": 500, "gtol": 1e-05, "xrtol": 1e-05, "eps": 1e-05, "duration": 0.09247684478759766, "fun": "0.335958033479532", "jac": "[ 4.47331061e-07  8.21787083e-08 -3.20743432e-07  1.48903112e-07\n -1.15757404e-06  5.99631456e-07]", "hess_inv": "[[ 3.20872349e+00  5.46602861e-01 -7.52407809e-02 -1.05212795e+00\n  -2.57771765e-01 -5.01758249e-01]\n [ 5.46602861e-01  4.50166416e+00 -1.63333495e+00 -1.86863467e+00\n  -6.80900450e-02 -9.27431734e-01]\n [-7.52407809e-02 -1.63333495e+00  4.42177177e+00  1.13094201e-01\n  -1.39852980e+00  1.15984997e+00]\n [-1.05212795e+00 -1.86863467e+00  1.13094201e-01  4.05266159e+00\n   3.31731972e-01  3.26227955e-01]\n [-2.57771765e-01 -6.80900450e-02 -1.39852980e+00  3.31731972e-01\n   3.86140571e+00 -2.32704025e-03]\n [-5.01758249e-01 -9.27431734e-01  1.15984997e+00  3.26227955e-01\n  -2.32704025e-03  3.64647354e+00]]", "nfev": "315", "njev": "45", "status": "0", "success": "True", "message": "Optimization terminated successfully.", "x": "[ 5.10622909 -2.04754772  3.09210565  1.72202175 -2.08386304 -1.22345971]", "nit": "31", "callback": [0.8340241265220161, 0.8269802756776393, 0.8139400244776392, 0.8092601192610736, 0.8085869055089422, 0.8074395700067831, 0.8053793411041172, 0.7780245470604601, 0.7764003436859881, 0.762415326318014, 0.7399818895307644, 0.7173136522816403, 0.7041128057576707, 0.6906726007100954, 0.6787295317307996, 0.6565801509459128, 0.4759621666975503, 0.46337154280916115, 0.4408882391987169, 0.403958619126797, 0.3791604097090935, 0.3695873482055704, 0.3578156997208015, 0.3441338252426087, 0.3391962203110622, 0.3364331936987295, 0.33601133540590133, 0.3359608485855392, 0.3359581182543253, 0.3359580371193236, 0.335958033479532]}, "9": {"maxiter": 500, "gtol": 1e-05, "xrtol": 1e-05, "eps": 1e-10, "duration": 0