{"date": "2024/09/25/, 02:28:45", "conf_id": 112, "data_type": "orthogonal\n", "num_data_points": 2, "s_rank": 0, "unitary": "[[0.18663085-0.53122324j,-0.11886349-0.70040876j,0.28555095-0.02789305j,-0.12262021-0.2844587j],[-0.16702216+0.27758472j,0.27526351-0.29738586j,-0.01109314+0.22495461j,-0.77239203+0.28900673j],[0.61935415+0.12301792j,-0.31269928-0.03315917j,-0.61902762-0.19039079j,-0.27120731-0.0968989j],[0.42341754+0.0023929j,-0.05847358+0.47832119j,0.64900495-0.16218422j,-0.37182676-0.05229966j]]", "databatch_0": {"databatch": "[[[0.21718175+0.07407076j,0.34957266+0.21365702j,0.17255282+0.11790129j,-0.12874359-0.41798153j],[-0.1349199+0.07641111j,-0.07599049-0.09605792j,0.05744836-0.03089748j,-0.03313727+0.24287433j],[-0.03381134+0.03951683j,0.04247306+0.21784619j,-0.03767417+0.18578867j,0.0227872-0.24363855j],[-0.08008198-0.09690683j,0.15404335-0.25403786j,0.10041596-0.20105726j,-0.35914903+0.09902699j]],[[0.07724532+0.32998954j,-0.01906317-0.02449342j,-0.03566955-0.19357093j,0.08705216+0.1707537j],[-0.11092002-0.12366297j,-0.18000489+0.0577685j,-0.141095+0.13604443j,0.1240841-0.00266946j],[0.12232853+0.26726951j,0.09180289+0.15808677j,0.10826729-0.05856204j,0.13723345-0.10313418j],[-0.24565208+0.41448967j,0.08450685+0.10491129j,0.23132489+0.33004283j,-0.22149124+0.25556891j]]]", "initial param values": "[4.65863041,0.38416562,1.71486842,4.70914105,1.91004825,4.45566113]", "nelder_mead": {"type": "gradient-free", "0": {"maxiter": 100, "fatol": 1e-05, "xatol": 1e-05, "duration": 0.037483930587768555, "fun": "0.305444368588329", "nit": "100", "nfev": "151", "status": "2", "success": "False", "message": "Maximum number of iterations has been exceeded.", "x": "[0.90811485 0.34753957 3.99271189 3.27964988 2.5604049  4.33672225]", "final_simplex": "(array([[0.90811485, 0.34753957, 3.99271189, 3.27964988, 2.5604049 ,\n        4.33672225],\n       [0.88648726, 0.32964196, 4.19011372, 3.323908  , 2.58695956,\n        4.20691107],\n       [0.74149116, 0.31850549, 4.38119434, 3.15341161, 2.76298093,\n        4.19282815],\n       [0.99479872, 0.3360616 , 4.01065849, 3.29773056, 2.58055321,\n        4.37760549],\n       [0.94311773, 0.33827507, 4.00004966, 3.2880964 , 2.6533188 ,\n        4.32585994],\n       [0.96297541, 0.33335172, 4.11033476, 3.20707979, 2.6472669 ,\n        4.23674023],\n       [0.80556133, 0.33914701, 4.03921929, 3.18862332, 2.61530166,\n        4.42328382]]), array([0.30544437, 0.30578351, 0.30653846, 0.30659955, 0.30779012,\n       0.30964895, 0.30981945]))", "callback": [0.898776782781244, 0.7989978260944686, 0.6355540503091357, 0.49135096346176677, 0.45508711149552183, 0.3808884698016497, 0.35468176213219815, 0.3405731450863456, 0.3278458867988824, 0.3098194489040962]}, "1": {"maxiter": 100, "fatol": 1e-05, "xatol": 1e-10, "duration": 0.03646492958068848, "fun": "0.305444368588329", "nit": "100", "nfev": "151", "status": "2", "success": "False", "message": "Maximum number of iterations has been exceeded.", "x": "[0.90811485 0.34753957 3.99271189 3.27964988 2.5604049  4.33672225]", "final_simplex": "(array([[0.90811485, 0.34753957, 3.99271189, 3.27964988, 2.5604049 ,\n        4.33672225],\n       [0.88648726, 0.32964196, 4.19011372, 3.323908  , 2.58695956,\n        4.20691107],\n       [0.74149116, 0.31850549, 4.38119434, 3.15341161, 2.76298093,\n        4.19282815],\n       [0.99479872, 0.3360616 , 4.01065849, 3.29773056, 2.58055321,\n        4.37760549],\n       [0.94311773, 0.33827507, 4.00004966, 3.2880964 , 2.6533188 ,\n        4.32585994],\n       [0.96297541, 0.33335172, 4.11033476, 3.20707979, 2.6472669 ,\n        4.23674023],\n       [0.80556133, 0.33914701, 4.03921929, 3.18862332, 2.61530166,\n        4.42328382]]), array([0.30544437, 0.30578351, 0.30653846, 0.30659955, 0.30779012,\n       0.30964895, 0.30981945]))", "callback": [0.898776782781244, 0.7989978260944686, 0.6355540503091357, 0.49135096346176677, 0.45508711149552183, 0.3808884698016497, 0.35468176213219815, 0.3405731450863456, 0.3278458867988824, 0.3098194489040962]}, "2": {"maxiter": 100, "fatol": 1e-10, "xatol": 1e-05, "duration": 0.0363771915435791, "fun": "0.305444368588329", "nit": "100", "nfev": "151", "status": "2", "success": "False", "message": "Maximum number of iterations has been exceeded.", "x": "[0.90811485 0.34753957 3.99271189 3.27964988 2.5604049  4.33672225]", "final_simplex": "(array([[0.90811485, 0.34753957, 3.99271189, 3.27964988, 2.5604049 ,\n        4.33672225],\n       [0.88648726, 0.32964196, 4.19011372, 3.323908  , 2.58695956,\n        4.20691107],\n       [0.74149116, 0.31850549, 4.38119434, 3.15341161, 2.76298093,\n        4.19282815],\n       [0.99479872, 0.3360616 , 4.01065849, 3.29773056, 2.58055321,\n        4.37760549],\n       [0.94311773, 0.33827507, 4.00004966, 3.2880964 , 2.6533188 ,\n        4.32585994],\n       [0.96297541, 0.33335172, 4.11033476, 3.20707979, 2.6472669 ,\n        4.23674023],\n       [0.80556133, 0.33914701, 4.03921929, 3.18862332, 2.61530166,\n        4.42328382]]), array([0.30544437, 0.30578351, 0.30653846, 0.30659955, 0.30779012,\n       0.30964895, 0.30981945]))", "callback": [0.898776782781244, 0.7989978260944686, 0.6355540503091357, 0.49135096346176677, 0.45508711149552183, 0.3808884698016497, 0.35468176213219815, 0.3405731450863456, 0.3278458867988824, 0.3098194489040962]}, "3": {"maxiter": 100, "fatol": 1e-10, "xatol": 1e-10, "duration": 0.035614013671875, "fun": "0.305444368588329", "nit": "100", "nfev": "151", "status": "2", "success": "False", "message": "Maximum number of iterations has been exceeded.", "x": "[0.90811485 0.34753957 3.99271189 3.27964988 2.5604049  4.33672225]", "final_simplex": "(array([[0.90811485, 0.34753957, 3.99271189, 3.27964988, 2.5604049 ,\n        4.33672225],\n       [0.88648726, 0.32964196, 4.19011372, 3.323908  , 2.58695956,\n        4.20691107],\n       [0.74149116, 0.31850549, 4.38119434, 3.15341161, 2.76298093,\n        4.19282815],\n       [0.99479872, 0.3360616 , 4.01065849, 3.29773056, 2.58055321,\n        4.37760549],\n       [0.94311773, 0.33827507, 4.00004966, 3.2880964 , 2.6533188 ,\n        4.32585994],\n       [0.96297541, 0.33335172, 4.11033476, 3.20707979, 2.6472669 ,\n        4.23674023],\n       [0.80556133, 0.33914701, 4.03921929, 3.18862332, 2.61530166,\n        4.42328382]]), array([0.30544437, 0.30578351, 0.30653846, 0.30659955, 0.30779012,\n       0.30964895, 0.30981945]))", "callback": [0.898776782781244, 0.7989978260944686, 0.6355540503091357, 0.49135096346176677, 0.45508711149552183, 0.3808884698016497, 0.35468176213219815, 0.3405731450863456, 0.3278458867988824, 0.3098194489040962]}, "4": {"maxiter": 500, "fatol": 1e-05, "xatol": 1e-05, "duration": 0.1654810905456543, "fun": "0.22155509233806758", "nit": "469", "nfev": "721", "status": "0", "success": "True", "message": "Optimization terminated successfully.", "x": "[1.04063421 1.03800529 3.67772168 3.58683233 3.62583751 5.25361166]", "final_simplex": "(array([[1.04063421, 1.03800529, 3.67772168, 3.58683233, 3.62583751,\n        5.25361166],\n       [1.04063473, 1.03800547, 3.67771929, 3.58683264, 3.62583032,\n        5.2536076 ],\n       [1.04063244, 1.03800399, 3.67772561, 3.58682823, 3.62583412,\n        5.25360696],\n       [1.04063407, 1.03800522, 3.67772114, 3.58683107, 3.62583916,\n        5.25361583],\n       [1.04063306, 1.03800229, 3.67771684, 3.58683098, 3.62582998,\n        5.25360711],\n       [1.04063255, 1.03800339, 3.67772209, 3.58683466, 3.62583577,\n        5.25361352],\n       [1.04063119, 1.03800573, 3.67771621, 3.58683224, 3.62583654,\n        5.25361365]]), array([0.22155509, 0.22155509, 0.22155509, 0.22155509, 0.22155509,\n       0.22155509, 0.22155509]))", "callback": [0.898776782781244, 0.7989978260944686, 0.6355540503091357, 0.49135096346176677, 0.45508711149552183, 0.3808884698016497, 0.35468176213219815, 0.3405731450863456, 0.3278458867988824, 0.3098194489040962, 0.3051014404623823, 0.3040979715832496, 0.30360823355324484, 0.30319940481927987, 0.3027098982019393, 0.3009066344350857, 0.29895645483160316, 0.2912087186318917, 0.2696913833061063, 0.2529811908180861, 0.2522994247398961, 0.24806382293166096, 0.24502253247445704, 0.2435123530946508, 0.2427986296569834, 0.24176367243061692, 0.24054395517496174, 0.23910190661098996, 0.2367177175051689, 0.234979566594697, 0.23065789002155346, 0.223302197019285, 0.22223232213812605, 0.22174442994458932, 0.22158166676077773, 0.22156166612622208, 0.22155678930494305, 0.2215553095183237, 0.2215553095183237, 0.22155520672364193, 0.2215551343297144, 0.22155510646908605, 0.22155509359179926, 0.22155509283257913, 0.221555092454071, 0.22155509236529503, 0.22155509234104476]}, "5": {"maxiter": 500, "fatol": 1e-05, "xatol": 1e-10, "duration": 0.1775810718536377, "fun": "0.2215550923362486", "nit": "500", "nfev": "773", "status": "2", "success": "False", "message": "Maximum number of iterations has been exceeded.", "x": "[1.04063245 1.0380045  3.67772182 3.58683179 3.62583411 5.2536074 ]", "final_simplex": "(array([[1.04063245, 1.0380045 , 3.67772182, 3.58683179, 3.62583411,\n        5.2536074 ],\n       [1.04063254, 1.03800438, 3.6777215 , 3.58683167, 3.62583312,\n        5.25360683],\n       [1.04063262, 1.03800419, 3.67772176, 3.58683179, 3.62583259,\n        5.25360627],\n       [1.04063246, 1.03800402, 3.67772209, 3.5868314 , 3.62583346,\n        5.25360674],\n       [1.04063233, 1.03800399, 3.67772153, 3.58683198, 3.62583396,\n        5.25360756],\n       [1.04063225, 1.03800413, 3.67772142, 3.58683171, 3.62583258,\n        5.2536061 ],\n       [1.04063267, 1.03800425, 3.67772148, 3.58683182, 3.62583287,\n        5.25360634]]), array([0.22155509, 0.22155509, 0.22155509, 0.22155509, 0.22155509,\n       0.22155509, 0.22155509]))", "callback": [0.898776782781244, 0.7989978260944686, 0.6355540503091357, 0.49135096346176677, 0.45508711149552183, 0.3808884698016497, 0.35468176213219815, 0.3405731450863456, 0.3278458867988824, 0.3098194489040962, 0.3051014404623823, 0.3040979715832496, 0.30360823355324484, 0.30319940481927987, 0.3027098982019393, 0.3009066344350857, 0.29895645483160316, 0.2912087186318917, 0.2696913833061063, 0.2529811908180861, 0.2522994247398961, 0.24806382293166096, 0.24502253247445704, 0.2435123530946508, 0.2427986296569834, 0.24176367243061692, 0.24054395517496174, 0.23910190661098996, 0.2367177175051689, 0.234979566594697, 0.23065789002155346, 0.223302197019285, 0.22223232213812605, 0.22174442994458932, 0.22158166676077773, 0.22156166612622208, 0.22155678930494305, 0.2215553095183237, 0.2215553095183237, 0.22155520672364193, 0.2215551343297144, 0.22155510646908605, 0.22155509359179926, 0.22155509283257913, 0.221555092454071, 0.22155509236529503, 0.22155509234104476, 0.22155509233767434, 0.22155509233645443, 0.22155509233628312]}, "6": {"maxiter": 500, "fatol": 1e-10, "xatol": 1e-05, "duration": 0.2191932201385498, "fun": "0.22155509233806758", "nit": "469", "nfev": "721", "status": "0", "success": "True", "message": "Optimization terminated successfully.", "x": "[1.04063421 1.03800529 3.67772168 3.58683233 3.62583751 5.25361166]", "final_simplex": "(array([[1.04063421, 1.03800529, 3.67772168, 3.58683233, 3.62583751,\n        5.25361166],\n       [1.04063473, 1.03800547, 3.67771929, 3.58683264, 3.62583032,\n        5.2536076 ],\n       [1.04063244, 1.03800399, 3.67772561, 3.58682823, 3.62583412,\n        5.25360696],\n       [1.04063407, 1.03800522, 3.67772114, 3.58683107, 3.62583916,\n        5.25361583],\n       [1.04063306, 1.03800229, 3.67771684, 3.58683098, 3.62582998,\n        5.25360711],\n       [1.04063255, 1.03800339, 3.67772209, 3.58683466, 3.62583577,\n        5.25361352],\n       [1.04063119, 1.03800573, 3.67771621, 3.58683224, 3.62583654,\n        5.25361365]]), array([0.22155509, 0.22155509, 0.22155509, 0.22155509, 0.22155509,\n       0.22155509, 0.22155509]))", "callback": [0.898776782781244, 0.7989978260944686, 0.6355540503091357, 0.49135096346176677, 0.45508711149552183, 0.3808884698016497, 0.35468176213219815, 0.3405731450863456, 0.3278458867988824, 0.3098194489040962, 0.3051014404623823, 0.3040979715832496, 0.30360823355324484, 0.30319940481927987, 0.3027098982019393, 0.3009066344350857, 0.29895645483160316, 0.2912087186318917, 0.2696913833061063, 0.2529811908180861, 0.2522994247398961, 0.24806382293166096, 0.24502253247445704, 0.2435123530946508, 0.2427986296569834, 0.24176367243061692, 0.24054395517496174, 0.23910190661098996, 0.2367177175051689, 0.234979566594697, 0.23065789002155346, 0.223302197019285, 0.22223232213812605, 0.22174442994458932, 0.22158166676077773, 0.22156166612622208, 0.22155678930494305, 0.2215553095183237, 0.2215553095183237, 0.22155520672364193, 0.2215551343297144, 0.22155510646908605, 0.22155509359179926, 0.22155509283257913, 0.221555092454071, 0.22155509236529503, 0.22155509234104476]}, "7": {"maxiter": 500, "fatol": 1e-10, "xatol": 1e-10, "duration": 0.18320012092590332, "fun": "0.2215550923362486", "nit": "500", "nfev": "773", "status": "2", "success": "False", "message": "Maximum number of iterations has been exceeded.", "x": "[1.04063245 1.0380045  3.67772182 3.58683179 3.62583411 5.2536074 ]", "final_simplex": "(array([[1.04063245, 1.0380045 , 3.67772182, 3.58683179, 3.62583411,\n        5.2536074 ],\n       [1.04063254, 1.03800438, 3.6777215 , 3.58683167, 3.62583312,\n        5.25360683],\n       [1.04063262, 1.03800419, 3.67772176, 3.58683179, 3.62583259,\n        5.25360627],\n       [1.04063246, 1.03800402, 3.67772209, 3.5868314 , 3.62583346,\n        5.25360674],\n       [1.04063233, 1.03800399, 3.67772153, 3.58683198, 3.62583396,\n        5.25360756],\n       [1.04063225, 1.03800413, 3.67772142, 3.58683171, 3.62583258,\n        5.2536061 ],\n       [1.04063267, 1.03800425, 3.67772148, 3.58683182, 3.62583287,\n        5.25360634]]), array([0.22155509, 0.22155509, 0.22155509, 0.22155509, 0.22155509,\n       0.22155509, 0.22155509]))", "callback": [0.898776782781244, 0.7989978260944686, 0.6355540503091357, 0.49135096346176677, 0.45508711149552183, 0.3808884698016497, 0.35468176213219815, 0.3405731450863456, 0.3278458867988824, 0.3098194489040962, 0.3051014404623823, 0.3040979715832496, 0.30360823355324484, 0.30319940481927987, 0.3027098982019393, 0.3009066344350857, 0.29895645483160316, 0.2912087186318917, 0.2696913833061063, 0.2529811908180861, 0.2522994247398961, 0.24806382293166096, 0.24502253247445704, 0.2435123530946508, 0.2427986296569834, 0.24176367243061692, 0.24054395517496174, 0.23910190661098996, 0.2367177175051689, 0.234979566594697, 0.23065789002155346, 0.223302197019285, 0.22223232213812605, 0.22174442994458932, 0.22158166676077773, 0.22156166612622208, 0.22155678930494305, 0.2215553095183237, 0.2215553095183237, 0.22155520672364193, 0.2215551343297144, 0.22155510646908605, 0.22155509359179926, 0.22155509283257913, 0.221555092454071, 0.22155509236529503, 0.22155509234104476, 0.22155509233767434, 0.22155509233645443, 0.22155509233628312]}, "8": {"maxiter": 1000, "fatol": 1e-05, "xatol": 1e-05, "duration": 0.17183589935302734, "fun": "0.22155509233806758", "nit": "469", "nfev": "721", "status": "0", "success": "True", "message": "Optimization terminated successfully.", "x": "[1.04063421 1.03800529 3.67772168 3.58683233 3.62583751 5.25361166]", "final_simplex": "(array([[1.04063421, 1.03800529, 3.67772168, 3.58683233, 3.62583751,\n        5.25361166],\n       [1.04063473, 1.03800547, 3.67771929, 3.58683264, 3.62583032,\n        5.2536076 ],\n       [1.04063244, 1.03800399, 3.67772561, 3.58682823, 3.62583412,\n        5.25360696],\n       [1.04063407, 1.03800522, 3.67772114, 3.58683107, 3.62583916,\n        5.25361583],\n       [1.04063306, 1.03800229, 3.67771684, 3.58683098, 3.62582998,\n        5.25360711],\n       [1.04063255, 1.03800339, 3.67772209, 3.58683466, 3.62583577,\n        5.25361352],\n       [1.04063119, 1.03800573, 3.67771621, 3.58683224, 3.62583654,\n        5.25361365]]), array([0.22155509, 0.22155509, 0.22155509, 0.22155509, 0.22155509,\n       0.22155509, 0.22155509]))", "callback": [0.898776782781244, 0.7989978260944686, 0.6355540503091357, 0.49135096346176677, 0.45508711149552183, 0.3808884698016497, 0.35468176213219815, 0.3405731450863456, 0.3278458867988824, 0.3098194489040962, 0.3051014404623823, 0.3040979715832496, 0.30360823355324484, 0.30319940481927987, 0.3027098982019393, 0.3009066344350857, 0.29895645483160316, 0.2912087186318917, 0.2696913833061063, 0.2529811908180861, 0.2522994247398961, 0.24806382293166096, 0.24502253247445704, 0.2435123530946508, 0.2427986296569834, 0.24176367243061692, 0.24054395517496174, 0.23910190661098996, 0.2367177175051689, 0.234979566594697, 0.23065789002155346, 0.223302197019285, 0.22223232213812605, 0.22174442994458932, 0.22158166676077773, 0.22156166612622208, 0.22155678930494305, 0.2215553095183237, 0.2215553095183237, 0.22155520672364193, 0.2215551343297144, 0.22155510646908605, 0.22155509359179926, 0.22155509283257913, 0.221555092454071, 0.22155509236529503, 0.22155509234104476]}, "9": {"maxiter": 1000, "fatol": 1e-05, "xatol": 1e-10, "duration": 0.22580289840698242, "fun": "0.22155509233620174", "nit": "579", "nfev": "961", "status": "0", "success": "True", "message": "Optimization terminated successfully.", "x": "[1.04063208 1.03800429 3.67772206 3.58683164 3.62583356 5.25360683]", "final_simplex": "(array([[1.04063208, 1.03800429, 3.67772206, 3.58683164, 3.62583356,\n        5.25360683],\n       [1.04063208, 1.03800429, 3.67772206, 3.58683164, 3.62583356,\n        5.25360683],\n       [1.04063208, 1.03800429, 3.67772206, 3.58683164, 3.62583356,\n        5.25360683],\n       [1.04063208, 1.03800429, 3.67772206, 3.58683164, 3.62583356,\n        5.25360683],\n       [1.04063208, 1.03800429, 3.67772206, 3.58683164, 3.62583356,\n        5.25360683],\n       [1.04063208, 1.03800429, 3.67772206, 3.58683164, 3.62583356,\n        5.25360683],\n       [1.04063208, 1.03800429, 3.67772206, 3.58683164, 3.62583356,\n        5.25360683]]), array([0.22155509, 0.22155509, 0.22155509, 0.22155509, 0.22155509,\n       0.22155509, 0.22155509]))", "callback": [0.898776782781244, 0.7989978260944686, 0.6355540503091357, 0.49135096346176677, 0.45508711149552183, 0.3808884698016497, 0.35468176213219815, 0.3405731450863456, 0.3278458867988824, 0.3098194489040962, 0.3051014404623823, 0.3040979715832496, 0.30360823355324484, 0.30319940481927987, 0.3027098982019393, 0.3009066344350857, 0.29895645483160316, 0.2912087186318917, 0.2696913833061063, 0.2529811908180861, 0.2522994247398961, 0.24806382293166096, 0.24502253247445704, 0.2435123530946508, 0.2427986296569834, 0.24176367243061692, 0.24054395517496174, 0.23910190661098996, 0.2367177175051689, 0.234979566594697, 0.23065789002155346, 0.223302197019285, 0.22223232213812605, 0.22174442994458932, 0.22158166676077773, 0.22156166612622208, 0.22155678930494305, 0.2215553095183237, 0.2215553095183237, 0.22155520672364193, 0.2215551343297144, 0.22155510646908605, 0.22155509359179926, 0.22155509283257913, 0.221555092454071, 0.22155509236529503, 0.22155509234104476, 0.22155509233767434, 0.22155509233645443, 0.22155509233628312, 0.22155509233621684, 0.22155509233621684, 0.22155509233620718, 0.22155509233620296, 0.2215550923362023, 0.22155509233620196, 0.22155509233620196, 0.22155509233620185]}, "10": {"maxiter": 1000, "fatol": 1e-10, "xatol": 1e-05, "duration": 0.16907906532287598, "fun": "0.22155509233806758", "nit": "469", "nfev": "721", "status": "0", "success": "True", "message": "Optimization terminated successfully.", "x": "[1.04063421 1.03800529 3.67772168 3.58683233 3.62583751 5.25361166]", "final_simplex": "(array([[1.04063421, 1.03800529, 3.67772168, 3.58683233, 3.62583751,\n        5.25361166],\n       [1.04063473, 1.03800547, 3.67771929, 3.58683264, 3.62583032,\n        5.2536076 ],\n       [1.04063244, 1.03800399, 3.67772561, 3.58682823, 3.62583412,\n        5.25360696],\n       [1.04063407, 1.03800522, 3.67772114, 3.58683107, 3.62583916,\n        5.25361583],\n       [1.04063306, 1.03800229, 3.67771684, 3.58683098, 3.62582998,\n        5.25360711],\n       [1.04063255, 1.03800339, 3.67772209, 3.58683466, 3.62583577,\n        5.25361352],\n       [1.04063119, 1.03800573, 3.67771621, 3.58683224, 3.62583654,\n        5.25361365]]), array([0.22155509, 0.22155509, 0.22155509, 0.22155509, 0.22155509,\n       0.22155509, 0.22155509]))", "callback": [0.898776782781244, 0.7989978260944686, 0.6355540503091357, 0.49135096346176677, 0.45508711149552183, 0.3808884698016497, 0.35468176213219815, 0.3405731450863456, 0.3278458867988824, 0.3098194489040962, 0.3051014404623823, 0.3040979715832496, 0.30360823355324484, 0.30319940481927987, 0.3027098982019393, 0.3009066344350857, 0.29895645483160316, 0.2912087186318917, 0.2696913833061063, 0.2529811908180861, 0.2522994247398961, 0.24806382293166096, 0.24502253247445704, 0.2435123530946508, 0.2427986296569834, 0.24176367243061692, 0.24054395517496174, 0.23910190661098996, 0.2367177175051689, 0.234979566594697, 0.23065789002155346, 0.223302197019285, 0.22223232213812605, 0.22174442994458932, 0.22158166676077773, 0.22156166612622208, 0.22155678930494305, 0.2215553095183237, 0.2215553095183237, 0.22155520672364193, 0.2215551343297144, 0.22155510646908605, 0.22155509359179926, 0.22155509283257913, 0.221555092454071, 0.22155509236529503, 0.22155509234104476]}, "11": {"maxiter": 1000, "fatol": 1e-10, "xatol": 1e-10, "duration": 0.22396612167358398, "fun": "0.22155509233620174", "nit": "579", "nfev": "961", "status": "0", "success": "True", "message": "Optimization terminated successfully.", "x": "[1.04063208 1.03800429 3.67772206 3.58683164 3.62583356 5.25360683]", "final_simplex": "(array([[1.04063208, 1.03800429, 3.67772206, 3.58683164, 3.62583356,\n        5.25360683],\n       [1.04063208, 1.03800429, 3.67772206, 3.58683164, 3.62583356,\n        5.25360683],\n       [1.04063208, 1.03800429, 3.67772206, 3.58683164, 3.62583356,\n        5.25360683],\n       [1.04063208, 1.03800429, 3.67772206, 3.58683164, 3.62583356,\n        5.25360683],\n       [1.04063208, 1.03800429, 3.67772206, 3.58683164, 3.62583356,\n        5.25360683],\n       [1.04063208, 1.03800429, 3.67772206, 3.58683164, 3.62583356,\n        5.25360683],\n       [1.04063208, 1.03800429, 3.67772206, 3.58683164, 3.62583356,\n        5.25360683]]), array([0.22155509, 0.22155509, 0.22155509, 0.22155509, 0.22155509,\n       0.22155509, 0.22155509]))", "callback": [0.898776782781244, 0.7989978260944686, 0.6355540503091357, 0.49135096346176677, 0.45508711149552183, 0.3808884698016497, 0.35468176213219815, 0.3405731450863456, 0.3278458867988824, 0.3098194489040962, 0.3051014404623823, 0.3040979715832496, 0.30360823355324484, 0.30319940481927987, 0.3027098982019393, 0.3009066344350857, 0.29895645483160316, 0.2912087186318917, 0.2696913833061063, 0.2529811908180861, 0.2522994247398961, 0.24806382293166096, 0.24502253247445704, 0.2435123530946508, 0.2427986296569834, 0.24176367243061692, 0.24054395517496174, 0.23910190661098996, 0.2367177175051689, 0.234979566594697, 0.23065789002155346, 0.223302197019285, 0.22223232213812605, 0.22174442994458932, 0.22158166676077773, 0.22156166612622208, 0.22155678930494305, 0.2215553095183237, 0.2215553095183237, 0.22155520672364193, 0.2215551343297144, 0.22155510646908605, 0.22155509359179926, 0.22155509283257913, 0.221555092454071, 0.22155509236529503, 0.22155509234104476, 0.22155509233767434, 0.22155509233645443, 0.22155509233628312, 0.22155509233621684, 0.22155509233621684, 0.22155509233620718, 0.22155509233620296, 0.2215550923362023, 0.22155509233620196, 0.22155509233620196, 0.22155509233620185]}}, "bfgs": {"type": "gradient", "0": {"maxiter": 100, "gtol": 1e-05, "xrtol": 1e-05, "eps": 1e-05, "duration": 0.07776379585266113, "fun": "0.3776755069417096", "jac": "[-5.91204863e-07  5.95634653e-07  2.58548738e-07  7.61390950e-08\n  1.19793064e-06  2.38165043e-06]", "hess_inv": "[[ 4.45545913e+00  5.36854247e+00  7.23263908e+00 -2.17863809e-01\n  -2.09065223e+00 -5.44892405e-01]\n [ 5.36854247e+00  1.16909952e+02  1.26171047e+02 -1.79362737e+00\n  -4.95552651e+00 -1.38500925e+01]\n [ 7.23263908e+00  1.26171047e+02  1.43114348e+02 -3.01440090e+00\n  -8.36218058e+00 -1.68118358e+01]\n [-2.17863809e-01 -1.79362737e+00 -3.01440090e+00  4.09264508e+00\n   1.14085260e+00 -7.70315696e-02]\n [-2.09065223e+00 -4.95552651e+00 -8.36218058e+00  1.14085260e+00\n   1.68212996e+01 -1.19600604e+01]\n [-5.44892405e-01 -1.38500925e+01 -1.68118358e+01 -7.70315696e-02\n  -1.19600604e+01  1.72544565e+01]]", "nfev": "322", "njev": "46", "status": "0", "success": "True", "message": "Optimization terminated successfully.", "x": "[3.34130982 0.69420274 6.38428044 5.7730373  0.64846997 3.45403881]", "nit": "40", "callback": [0.632755703130801, 0.6263219745991879, 0.5761574188748391, 0.5688721976573685, 0.5590537819769495, 0.5538706769062625, 0.5466151428734516, 0.5362037175501599, 0.5207552532238305, 0.5069772459096689, 0.48358001359976255, 0.44381195522150907, 0.4193799755758256, 0.4115647302990668, 0.41040284177719955, 0.4091458897591822, 0.4081698118054998, 0.40629305248075276, 0.4027651890373056, 0.39804233567473724, 0.39496539995491386, 0.38961917168725513, 0.382342144381282, 0.38105559019927115, 0.38101497584344834, 0.3809813560586952, 0.38094786904049405, 0.3808869076214697, 0.3807719357830186, 0.38055338201806665, 0.38014535189247, 0.37945737654562095, 0.378958777619281, 0.3785389539127426, 0.3781392897154887, 0.3777464346811321, 0.3776923049876657, 0.377676431415805, 0.3776755118970745, 0.3776755069417096]}, "1": {"maxiter": 100, "gtol": 1e-05, "xrtol": 1e-05, "eps": 1e-10, "duration": 0.07512712478637695, "fun": "0.3776755073506296", "jac": "[-5.55111466e-06 -3.33066880e-06  1.11022293e-06 -1.11022293e-06\n  5.55111466e-06  5.55111466e-06]", "hess_inv": "[[ 4.59930560e+00  5.82419622e+00  7.77573986e+00 -1.96831762e-01\n  -2.32906302e+00 -4.43608530e-01]\n [ 5.82419622e+00  1.13273059e+02  1.22348562e+02 -1.39914961e+00\n  -5.95843203e+00 -1.22986808e+01]\n [ 7.77573986e+00  1.22348562e+02  1.39121640e+02 -2.57847277e+00\n  -9.53530396e+00 -1.50865723e+01]\n [-1.96831762e-01 -1.39914961e+00 -2.57847277e+00  4.05498393e+00\n   1.10089861e+00 -1.08727907e-01]\n [-2.32906302e+00 -5.95843203e+00 -9.53530396e+00  1.10089861e+00\n   1.71850679e+01 -1.20552410e+01]\n [-4.43608530e-01 -1.22986808e+01 -1.50865723e+01 -1.08727907e-01\n  -1.20552410e+01  1.70162599e+01]]", "nfev": "322", "njev": "46", "status": "0", "success": "True", "message": "Optimization terminated successfully.", "x": "[3.34128195 0.69412128 6.38417379 5.77304547 0.64852361 3.45403239]", "nit": "40", "callback": [0.6327555196763583, 0.6263219073855149, 0.5761574865129668, 0.5688771533098579, 0.5590599087024514, 0.5538705115181891, 0.5466304480048307, 0.5362154900296042, 0.5207645558115706, 0.5069780762288367, 0.48357947725558015, 0.44381733798664913, 0.4194002021878973, 0.41156862506577097, 0.4104048879914912, 0.4091453264661835, 0.40817004242103283, 0.4062949537667244, 0.4027700311284955, 0.398047732315992, 0.3949713224516507, 0.38962673344151655, 0.38234846043626136, 0.3810556346843883, 0.38101509680314427, 0.3809816180540314, 0.38094803591569026, 0.38088685976244296, 0.38077167072658036, 0.3805530979132127, 0.3801453641215845, 0.3794577131778365, 0.37895493504800737, 0.3785364851886428, 0.3781324183595465, 0.3777456436383164, 0.37769202056596407, 0.37767645406691863, 0.37767551315001946, 0.3776755073506296]}, "2": {"maxiter": 100, "gtol": 1e-05, "xrtol": 1e-10, "eps": 1e-05, "duration": 0.07323193550109863, "fun": "0.3776755069417096", "jac": "[-5.91204863e-07  5.95634653e-07  2.58548738e-07  7.61390950e-08\n  1.19793064e-06  2.38165043e-06]", "hess_inv": "[[ 4.45545913e+00  5.36854247e+00  7.23263908e+00 -2.17863809e-01\n  -2.09065223e+00 -5.44892405e-01]\n [ 5.36854247e+00  1.16909952e+02  1.26171047e+02 -1.79362737e+00\n  -4.95552651e+00 -1.38500925e+01]\n [ 7.23263908e+00  1.26171047e+02  1.43114348e+02 -3.01440090e+00\n  -8.36218058e+00 -1.68118358e+01]\n [-2.17863809e-01 -1.79362737e+00 -3.01440090e+00  4.09264508e+00\n   1.14085260e+00 -7.70315696e-02]\n [-2.09065223e+00 -4.95552651e+00 -8.36218058e+00  1.14085260e+00\n   1.68212996e+01 -1.19600604e+01]\n [-5.44892405e-01 -1.38500925e+01 -1.68118358e+01 -7.70315696e-02\n  -1.19600604e+01  1.72544565e+01]]", "nfev": "322", "njev": "46", "status": "0", "success": "True", "message": "Optimization terminated successfully.", "x": "[3.34130982 0.69420274 6.38428044 5.7730373  0.64846997 3.45403881]", "nit": "40", "callback": [0.632755703130801, 0.6263219745991879, 0.5761574188748391, 0.5688721976573685, 0.5590537819769495, 0.5538706769062625, 0.5466151428734516, 0.5362037175501599, 0.5207552532238305, 0.5069772459096689, 0.48358001359976255, 0.44381195522150907, 0.4193799755758256, 0.4115647302990668, 0.41040284177719955, 0.4091458897591822, 0.4081698118054998, 0.40629305248075276, 0.4027651890373056, 0.39804233567473724, 0.39496539995491386, 0.38961917168725513, 0.382342144381282, 0.38105559019927115, 0.38101497584344834, 0.3809813560586952, 0.38094786904049405, 0.3808869076214697, 0.3807719357830186, 0.38055338201806665, 0.38014535189247, 0.37945737654562095, 0.378958777619281, 0.3785389539127426, 0.3781392897154887, 0.3777464346811321, 0.3776923049876657, 0.377676431415805, 0.3776755118970745, 0.3776755069417096]}, "3": {"maxiter": 100, "gtol": 1e-05, "xrtol": 1e-10, "eps": 1e-10, "duration": 0.07347989082336426, "fun": "0.3776755073506296", "jac": "[-5.55111466e-06 -3.33066880e-06  1.11022293e-06 -1.11022293e-06\n  5.55111466e-06  5.55111466e-06]", "hess_inv": "[[ 4.59930560e+00  5.82419622e+00  7.77573986e+00 -1.96831762e-01\n  -2.32906302e+00 -4.43608530e-01]\n [ 5.82419622e+00  1.13273059e+02  1.22348562e+02 -1.39914961e+00\n  -5.95843203e+00 -1.22986808e+01]\n [ 7.77573986e+00  1.22348562e+02  1.39121640e+02 -2.57847277e+00\n  -9.53530396e+00 -1.50865723e+01]\n [-1.96831762e-01 -1.39914961e+00 -2.57847277e+00  4.05498393e+00\n   1.10089861e+00 -1.08727907e-01]\n [-2.32906302e+00 -5.95843203e+00 -9.53530396e+00  1.10089861e+00\n   1.71850679e+01 -1.20552410e+01]\n [-4.43608530e-01 -1.22986808e+01 -1.50865723e+01 -1.08727907e-01\n  -1.20552410e+01  1.70162599e+01]]", "nfev": "322", "njev": "46", "status": "0", "success": "True", "message": "Optimization terminated successfully.", "x": "[3.34128195 0.69412128 6.38417379 5.77304547 0.64852361 3.45403239]", "nit": "40", "callback": [0.6327555196763583, 0.6263219073855149, 0.5761574865129668, 0.5688771533098579, 0.5590599087024514, 0.5538705115181891, 0.5466304480048307, 0.5362154900296042, 0.5207645558115706, 0.5069780762288367, 0.48357947725558015, 0.44381733798664913, 0.4194002021878973, 0.41156862506577097, 0.4104048879914912, 0.4091453264661835, 0.40817004242103283, 0.4062949537667244, 0.4027700311284955, 0.398047732315992, 0.3949713224516507, 0.38962673344151655, 0.38234846043626136, 0.3810556346843883, 0.38101509680314427, 0.3809816180540314, 0.38094803591569026, 0.38088685976244296, 0.38077167072658036, 0.3805530979132127, 0.3801453641215845, 0.3794577131778365, 0.37895493504800737, 0.3785364851886428, 0.3781324183595465, 0.3777456436383164, 0.37769202056596407, 0.37767645406691863, 0.37767551315001946, 0.3776755073506296]}, "4": {"maxiter": 100, "gtol": 1e-10, "xrtol": 1e-05, "eps": 1e-05, "duration": 0.13381195068359375, "fun": "0.3776755069417096", "jac": "[-5.91204863e-07  5.95634653e-07  2.58548738e-07  7.61390950e-08\n  1.19793064e-06  2.38165043e-06]", "hess_inv": "[[ 4.44258440e+00  5.57198753e+00  7.44340624e+00 -2.49611471e-01\n  -2.08393031e+00 -5.77702490e-01]\n [ 5.57198753e+00  1.16495257e+02  1.25404168e+02 -1.05760548e+00\n  -6.00512087e+00 -1.20087306e+01]\n [ 7.44340624e+00  1.25404168e+02  1.42011092e+02 -2.28011519e+00\n  -9.33592618e+00 -1.50635383e+01]\n [-2.49611471e-01 -1.05760548e+00 -2.28011519e+00  4.03397209e+00\n   1.07847472e+00 -4.72208268e-02]\n [-2.08393031e+00 -6.00512087e+00 -9.33592618e+00  1.07847472e+00\n   1.71356182e+01 -1.23886224e+01]\n [-5.77702490e-01 -1.20087306e+01 -1.50635383e+01 -4.72208268e-02\n  -1.23886224e+01  1.77958396e+01]]", "nfev": "600", "njev": "84", "status": "2", "success": "False", "message": "Desired error not necessarily achieved due to precision loss.", "x": "[3.34130982 0.69420274 6.38428044 5.7730373  0.64846997 3.45403881]", "nit": "40", "callback": [0.632755703130801, 0.6263219745991879, 0.5761574188748391, 0.5688721976573685, 0.5590537819769495, 0.5538706769062625, 0.5466151428734516, 0.5362037175501599, 0.5207552532238305, 0.5069772459096689, 0.48358001359976255, 0.44381195522150907, 0.4193799755758256, 0.4115647302990668, 0.41040284177719955, 0.4091458897591822, 0.4081698118054998, 0.40629305248075276, 0.4027651890373056, 0.39804233567473724, 0.39496539995491386, 0.38961917168725513, 0.382342144381282, 0.38105559019927115, 0.38101497584344834, 0.3809813560586952, 0.38094786904049405, 0.3808869076214697, 0.3807719357830186, 0.38055338201806665, 0.38014535189247, 0.37945737654562095, 0.378958777619281, 0.3785389539127426, 0.3781392897154887, 0.3777464346811321, 0.3776923049876657, 0.377676431415805, 0.3776755118970745, 0.3776755069417096]}, "5": {"maxiter": 100, "gtol": 1e-10, "xrtol": 1e-05, "eps": 1e-10, "duration": 0.07774019241333008, "fun": "0.377675506678649", "jac": "[-1.11022293e-06 -2.22044587e-06 -1.11022293e-06 -1.11022293e-06\n  1.11022293e-06 -2.22044587e-06]", "hess_inv": "[[ 4.60427982e+00  1.92800017e+00  3.87618305e+00 -4.07270962e-01\n  -3.08804969e+00  4.50620320e-01]\n [ 1.92800017e+00  5.62396494e+01  6.06149430e+01 -2.20697072e+00\n  -8.52374570e+00 -3.41535225e-02]\n [ 3.87618305e+00  6.06149430e+01  7.27221704e+01 -3.69396371e+00\n  -1.28878276e+01 -1.96011236e+00]\n [-4.07270962e-01 -2.20697072e+00 -3.69396371e+00  4.20332574e+00\n   1.26911940e+00  2.90151580e-01]\n [-3.08804969e+00 -8.52374570e+00 -1.28878276e+01  1.26911940e+00\n   1.85636932e+01 -1.20960090e+01]\n [ 4.50620320e-01 -3.41535225e-02 -1.96011236e+00  2.90151580e-01\n  -1.20960090e+01  1.53256436e+01]]", "nfev": "343", "njev": "49", "status": "0", "success": "True", "message": "Optimization terminated successfully.", "x": "[3.34132112 0.69437631 6.38447442 5.7730377  0.64848632 3.45398595]", "nit": "42", "callback": [0.6327555196763583, 0.6263219073855149, 0.5761574865129668, 0.5688771533098579, 0.5590599087024514, 0.5538705115181891, 0.5466304480048307, 0.5362154900296042, 0.5207645558115706, 0.5069780762288367, 0.48357947725558015, 0.44381733798664913, 0.4194002021878973, 0.41156862506577097, 0.4104048879914912, 0.4091453264661835, 0.40817004242103283, 0.4062949537667244, 0.4027700311284955, 0.398047732315992, 0.3949713224516507, 0.38962673344151655, 0.38234846043626136, 0.3810556346843883, 0.38101509680314427, 0.3809816180540314, 0.38094803591569026, 0.38088685976244296, 0.38077167072658036, 0.3805530979132127, 0.3801453641215845, 0.3794577131778365, 0.37895493504800737, 0.3785364851886428, 0.3781324183595465, 0.3777456436383164, 0.37769202056596407, 0.37767645406691863, 0.37767551315001946, 0.3776755073506296, 0.3776755066800215, 0.377675506678649]}, "6": {"maxiter": 100, "gtol": 1e-10, "xrtol": 1e-10, "eps": 1e-05, "duration": 0.13346195220947266, "fun": "0.3776755069417096", "jac": "[-5.91204863e-07  5.95634653e-07  2.58548738e-07  7.61390950e-08\n  1.19793064e-06  2.38165043e-06]", "hess_inv": "[[ 4.44258440e+00  5.57198753e+00  7.44340624e+00 -2.49611471e-01\n  -2.08393031e+00 -5.77702490e-01]\n [ 5.57198753e+00  1.16495257e+02  1.25404168e+02 -1.05760548e+00\n  -6.00512087e+00 -1.20087306e+01]\n [ 7.44340624e+00  1.25404168e+02  1.42011092e+02 -2.28011519e+00\n  -9.33592618e+00 -1.50635383e+01]\n [-2.49611471e-01 -1.05760548e+00 -2.28011519e+00  4.03397209e+00\n   1.07847472e+00 -4.72208268e-02]\n [-2.08393031e+00 -6.00512087e+00 -9.33592618e+00  1.07847472e+00\n   1.71356182e+01 -1.23886224e+01]\n [-5.77702490e-01 -1.20087306e+01 -1.50635383e+01 -4.72208268e-02\n  -1.23886224e+01  1.77958396e+01]]", "nfev": "600", "njev": "84", "status": "2", "success": "False", "message": "Desired error not necessarily achieved due to precision loss.", "x": "[3.34130982 0.69420274 6.38428044 5.7730373  0.64846997 3.45403881]", "nit": "40", "callback": [0.632755703130801, 0.6263219745991879, 0.5761574188748391, 0.5688721976573685, 0.5590537819769495, 0.5538706769062625, 0.5466151428734516, 0.5362037175501599, 0.5207552532238305, 0.5069772459096689, 0.48358001359976255, 0.44381195522150907, 0.4193799755758256, 0.4115647302990668, 0.41040284177719955, 0.4091458897591822, 0.4081698118054998, 0.40629305248075276, 0.4027651890373056, 0.39804233567473724, 0.39496539995491386, 0.38961917168725513, 0.382342144381282, 0.38105559019927115, 0.38101497584344834, 0.3809813560586952, 0.38094786904049405, 0.3808869076214697, 0.3807719357830186, 0.38055338201806665, 0.38014535189247, 0.37945737654562095, 0.378958777619281, 0.3785389539127426, 0.3781392897154887, 0.3777464346811321, 0.3776923049876657, 0.377676431415805, 0.3776755118970745, 0.3776755069417096]}, "7": {"maxiter": 100, "gtol": 1e-10, "xrtol": 1e-10, "eps": 1e-10, "duration": 0.16387581825256348, "fun": "0.3776755066695814", "jac": "[ 0.00000000e+00 -1.11022293e-06  1.11022293e-06 -1.11022293e-06\n  0.00000000e+00  1.11022293e-06]", "hess_inv": "[[ 0.95580258 -0.9695885   0.00388364  0.1391727  -1.15847823  0.08871622]\n [-0.9695885   1.0278966  -0.00217938 -0.15034537  1.21050228 -0.12652207]\n [ 0.00388364 -0.00217938  0.02315114 -0.01928249 -0.03676224  0.03532636]\n [ 0.1391727  -0.15034537 -0.01928249  0.06016017 -0.1474022  -0.02286926]\n [-1.15847823  1.21050228 -0.03676224 -0.1474022   1.49346499 -0.19984187]\n [ 0.08871622 -0.12652207  0.03532636 -0.02286926 -0.19984187  0.12482216]]", "nfev": "728", "njev": "104", "status": "0", "success": "True", "message": "Optimization terminated successfully.", "x": "[3.3413236  0.69437376 6.38447538 5.77303626 0.64848099 3.45399558]", "nit": "55", "callback": [0.6327555196763583, 0.6263219073855149, 0.5761574865129668, 0.5688771533098579, 0.5590599087024514, 0.5538705115181891, 0.5466304480048307, 0.5362154900296042, 0.5207645558115706, 0.5069780762288367, 0.48357947725558015, 0.44381733798664913, 0.4194002021878973, 0.41156862506577097, 0.4104048879914912, 0.4091453264661835, 0.40817004242103283, 0.4062949537667244, 0.4027700311284955, 0.398047732315992, 0.3949713224516507, 0.38962673344151655, 0.38234846043626136, 0.3810556346843883, 0.38101509680314427, 0.3809816180540314, 0.38094803591569026, 0.38088685976244296, 0.38077167072658036, 0.3805530979132127, 0.3801453641215845, 0.3794577131778365, 0.37895493504800737, 0.3785364851886428, 0.3781324183595465, 0.3777456436383164, 0.37769202056596407, 0.37767645406691863, 0.37767551315001946, 0.3776755073506296, 0.3776755066800215, 0.377675506678649, 0.37767550667772887, 0.3776755066770291, 0.3776755066735765, 0.3776755066700448, 0.37767550667000727, 0.3776755066699956, 0.37767550666994265, 0.3776755066698685, 0.3776755066697627, 0.377675506669632, 0.3776755066695895, 0.3776755066695815, 0.3776755066695814]}, "8": {"maxiter": 500, "gtol": 1e-05, "xrtol": 1e-05, "eps": 1e-05, "duration": 0.07914185523986816, "fun": "0.3776755069417096", "jac": "[-5.91204863e-07  5.95634653e-07  2.58548738e-07  7.61390950e-08\n  1.19793064e-06  2.38165043e-06]", "hess_inv": "[[ 4.45545913e+00  5.36854247e+00  7.23263908e+00 -2.17863809e-01\n  -2.09065223e+00 -5.44892405e-01]\n [ 5.36854247e+00  1.16909952e+02  1.26171047e+02 -1.79362737e+00\n  -4.95552651e+00 -1.38500925e+01]\n [ 7.23263908e+00  1.26171047e+02  1.43114348e+02 -3.01440090e+00\n  -8.36218058e+00 -1.68118358e+01]\n [-2.17863809e-01 -1.79362737e+00 -3.01440090e+00  4.09264508e+00\n   1.14085260e+00 -7.70315696e-02]\n [-2.09065223e+00 -4.95552651e+00 -8.36218058e+00  1.14085260e+00\n   1.68212996e+01 -1.19600604e+01]\n [-5.44892405e-01 -1.38500925e+01 -1.68118358e+01 -7.70315696e-02\n  -1.19600604e+01  1.72544565e+01]]", "nfev": "322", "njev": "46", "status": "0", "success": "True", "message": "Optimization terminated s