{"date": "2024/09/25/, 08:59:48", "conf_id": 188, "data_type": "non_lin_ind\n", "num_data_points": 2, "s_rank": 0, "unitary": "[[-0.53618537-0.34368723j,-0.12107031-0.46226139j,-0.07699282-0.46603512j,0.36022595-0.11472301j],[0.26026499-0.63450712j,-0.56616638+0.37832564j,-0.14988651+0.08458591j,0.10363514-0.16008501j],[-0.32580188-0.11070003j,-0.36476308-0.23593218j,0.02559343+0.41761608j,-0.25598305+0.6725303j],[0.07406738-0.0126433j,0.28513701+0.19483972j,-0.74939717-0.10299659j,0.29798249+0.46269921j]]", "databatch_0": {"databatch": "[[[-0.08974673+2.49901891e-03j,-0.32171975-3.53957189e-01j,0.02207759+1.20062000e-01j,-0.04967743+1.91185549e-01j],[0.14407764+1.09748726e-01j,0.25017043+3.59967851e-01j,0.06546672-9.96023487e-02j,0.12360124-7.57328247e-02j],[0.1462915+6.58001668e-02j,0.39578356-1.49850515e-01j,0.00594455-1.90553531e-02j,-0.03422292+2.48895081e-02j],[-0.16566024+1.06181016e-01j,-0.02913719+4.44155147e-01j,-0.00227987+2.97128206e-02j,-0.04406628-4.85102401e-02j]],[[0.11683575-3.97468912e-01j,0.00660373-1.40489807e-01j,-0.12650375-1.19502203e-01j,-0.32982224-3.64625916e-01j],[-0.20365179+1.34637214e-01j,-0.08827685+7.57539915e-02j,-0.05598127+1.54713229e-01j,-0.12505503+3.19894526e-01j],[0.16224602-8.85306640e-02j,0.00105878-1.17594961e-02j,-0.09319049+1.92198115e-02j,-0.18869566-1.40743826e-01j],[0.07887217+2.25299861e-01j,0.03752232-3.76192263e-06j,0.04689202-1.44162863e-01j,0.30932519-2.06329450e-01j]]]", "initial param values": "[2.67416353,5.6355311,2.76928659,1.69965861,5.45196362,6.12751325]", "nelder_mead": {"type": "gradient-free", "0": {"maxiter": 100, "fatol": 1e-05, "xatol": 1e-05, "duration": 0.03707385063171387, "fun": "0.15073020964623507", "nit": "100", "nfev": "151", "status": "2", "success": "False", "message": "Maximum number of iterations has been exceeded.", "x": "[4.0058238  5.940306   1.38212953 1.55807442 4.45450397 5.64670678]", "final_simplex": "(array([[4.0058238 , 5.940306  , 1.38212953, 1.55807442, 4.45450397,\n        5.64670678],\n       [4.05385115, 6.08452611, 1.58538053, 1.53868969, 4.44272026,\n        5.71984429],\n       [4.0825201 , 6.10787904, 1.52309876, 1.51908711, 4.33484303,\n        5.76391702],\n       [4.00281748, 6.10481903, 1.52699273, 1.57290432, 4.44167707,\n        5.79284903],\n       [3.94896629, 6.1771147 , 1.589305  , 1.54997424, 4.37767568,\n        5.72270334],\n       [4.08873798, 6.09376092, 1.57163701, 1.55556425, 4.33412286,\n        5.76296229],\n       [4.00539739, 6.17682495, 1.57320295, 1.57177829, 4.41235238,\n        5.71513064]]), array([0.15073021, 0.15345795, 0.15547327, 0.1555959 , 0.15645356,\n       0.15770938, 0.15828123]))", "callback": [0.7742681228736037, 0.39297751564544736, 0.3528748757409438, 0.2796509834026387, 0.19354740228475353, 0.17500328047210822, 0.17242198807818654, 0.167829932709452, 0.1654299793288514, 0.15967425811978975]}, "1": {"maxiter": 100, "fatol": 1e-05, "xatol": 1e-10, "duration": 0.034399986267089844, "fun": "0.15073020964623507", "nit": "100", "nfev": "151", "status": "2", "success": "False", "message": "Maximum number of iterations has been exceeded.", "x": "[4.0058238  5.940306   1.38212953 1.55807442 4.45450397 5.64670678]", "final_simplex": "(array([[4.0058238 , 5.940306  , 1.38212953, 1.55807442, 4.45450397,\n        5.64670678],\n       [4.05385115, 6.08452611, 1.58538053, 1.53868969, 4.44272026,\n        5.71984429],\n       [4.0825201 , 6.10787904, 1.52309876, 1.51908711, 4.33484303,\n        5.76391702],\n       [4.00281748, 6.10481903, 1.52699273, 1.57290432, 4.44167707,\n        5.79284903],\n       [3.94896629, 6.1771147 , 1.589305  , 1.54997424, 4.37767568,\n        5.72270334],\n       [4.08873798, 6.09376092, 1.57163701, 1.55556425, 4.33412286,\n        5.76296229],\n       [4.00539739, 6.17682495, 1.57320295, 1.57177829, 4.41235238,\n        5.71513064]]), array([0.15073021, 0.15345795, 0.15547327, 0.1555959 , 0.15645356,\n       0.15770938, 0.15828123]))", "callback": [0.7742681228736037, 0.39297751564544736, 0.3528748757409438, 0.2796509834026387, 0.19354740228475353, 0.17500328047210822, 0.17242198807818654, 0.167829932709452, 0.1654299793288514, 0.15967425811978975]}, "2": {"maxiter": 100, "fatol": 1e-10, "xatol": 1e-05, "duration": 0.03505516052246094, "fun": "0.15073020964623507", "nit": "100", "nfev": "151", "status": "2", "success": "False", "message": "Maximum number of iterations has been exceeded.", "x": "[4.0058238  5.940306   1.38212953 1.55807442 4.45450397 5.64670678]", "final_simplex": "(array([[4.0058238 , 5.940306  , 1.38212953, 1.55807442, 4.45450397,\n        5.64670678],\n       [4.05385115, 6.08452611, 1.58538053, 1.53868969, 4.44272026,\n        5.71984429],\n       [4.0825201 , 6.10787904, 1.52309876, 1.51908711, 4.33484303,\n        5.76391702],\n       [4.00281748, 6.10481903, 1.52699273, 1.57290432, 4.44167707,\n        5.79284903],\n       [3.94896629, 6.1771147 , 1.589305  , 1.54997424, 4.37767568,\n        5.72270334],\n       [4.08873798, 6.09376092, 1.57163701, 1.55556425, 4.33412286,\n        5.76296229],\n       [4.00539739, 6.17682495, 1.57320295, 1.57177829, 4.41235238,\n        5.71513064]]), array([0.15073021, 0.15345795, 0.15547327, 0.1555959 , 0.15645356,\n       0.15770938, 0.15828123]))", "callback": [0.7742681228736037, 0.39297751564544736, 0.3528748757409438, 0.2796509834026387, 0.19354740228475353, 0.17500328047210822, 0.17242198807818654, 0.167829932709452, 0.1654299793288514, 0.15967425811978975]}, "3": {"maxiter": 100, "fatol": 1e-10, "xatol": 1e-10, "duration": 0.03410792350769043, "fun": "0.15073020964623507", "nit": "100", "nfev": "151", "status": "2", "success": "False", "message": "Maximum number of iterations has been exceeded.", "x": "[4.0058238  5.940306   1.38212953 1.55807442 4.45450397 5.64670678]", "final_simplex": "(array([[4.0058238 , 5.940306  , 1.38212953, 1.55807442, 4.45450397,\n        5.64670678],\n       [4.05385115, 6.08452611, 1.58538053, 1.53868969, 4.44272026,\n        5.71984429],\n       [4.0825201 , 6.10787904, 1.52309876, 1.51908711, 4.33484303,\n        5.76391702],\n       [4.00281748, 6.10481903, 1.52699273, 1.57290432, 4.44167707,\n        5.79284903],\n       [3.94896629, 6.1771147 , 1.589305  , 1.54997424, 4.37767568,\n        5.72270334],\n       [4.08873798, 6.09376092, 1.57163701, 1.55556425, 4.33412286,\n        5.76296229],\n       [4.00539739, 6.17682495, 1.57320295, 1.57177829, 4.41235238,\n        5.71513064]]), array([0.15073021, 0.15345795, 0.15547327, 0.1555959 , 0.15645356,\n       0.15770938, 0.15828123]))", "callback": [0.7742681228736037, 0.39297751564544736, 0.3528748757409438, 0.2796509834026387, 0.19354740228475353, 0.17500328047210822, 0.17242198807818654, 0.167829932709452, 0.1654299793288514, 0.15967425811978975]}, "4": {"maxiter": 500, "fatol": 1e-05, "xatol": 1e-05, "duration": 0.14306211471557617, "fun": "0.07346743214207108", "nit": "409", "nfev": "631", "status": "0", "success": "True", "message": "Optimization terminated successfully.", "x": "[ 4.43192622  5.99490836 -0.01030426  0.73461734  6.06692085  4.98730288]", "final_simplex": "(array([[ 4.43192622,  5.99490836, -0.01030426,  0.73461734,  6.06692085,\n         4.98730288],\n       [ 4.4319243 ,  5.99490903, -0.01029868,  0.73461556,  6.06691221,\n         4.98730708],\n       [ 4.43192888,  5.994908  , -0.01030508,  0.73461566,  6.06692131,\n         4.98729908],\n       [ 4.43192567,  5.99491042, -0.01030485,  0.73461756,  6.06692196,\n         4.98729892],\n       [ 4.43192632,  5.99490634, -0.01030321,  0.73462009,  6.06691721,\n         4.98730603],\n       [ 4.43193123,  5.99491023, -0.01030586,  0.73461649,  6.06692768,\n         4.98729524],\n       [ 4.43192905,  5.99490641, -0.01030059,  0.73461759,  6.06692039,\n         4.9872981 ]]), array([0.07346743, 0.07346743, 0.07346743, 0.07346743, 0.07346743,\n       0.07346743, 0.07346743]))", "callback": [0.7742681228736037, 0.39297751564544736, 0.3528748757409438, 0.2796509834026387, 0.19354740228475353, 0.17500328047210822, 0.17242198807818654, 0.167829932709452, 0.1654299793288514, 0.15967425811978975, 0.14862369891385874, 0.14301817647017712, 0.13400149111829607, 0.12252973856904581, 0.11618726300542814, 0.11017708171115115, 0.10282668234480907, 0.09212704849974274, 0.08416070737960168, 0.07687649677323449, 0.07471707795796745, 0.07401866130427093, 0.07376884304548637, 0.07362245607174378, 0.07352364701848024, 0.07348548585759651, 0.07347154234819475, 0.07347013260942525, 0.07346887930278434, 0.07346815146107366, 0.07346763841027759, 0.07346747217698224, 0.07346745362712503, 0.07346743542717082, 0.07346743311262183, 0.07346743229535091, 0.07346743219030072, 0.07346743217475027, 0.07346743216829454, 0.07346743214704454, 0.07346743214297868]}, "5": {"maxiter": 500, "fatol": 1e-05, "xatol": 1e-10, "duration": 0.18023204803466797, "fun": "0.07346743214069251", "nit": "500", "nfev": "789", "status": "2", "success": "False", "message": "Maximum number of iterations has been exceeded.", "x": "[ 4.43192724  5.99490832 -0.01030221  0.73461771  6.06691833  4.98730213]", "final_simplex": "(array([[ 4.43192724,  5.99490832, -0.01030221,  0.73461771,  6.06691833,\n         4.98730213],\n       [ 4.43192724,  5.99490832, -0.01030221,  0.73461771,  6.06691833,\n         4.98730214],\n       [ 4.43192724,  5.99490833, -0.01030221,  0.73461771,  6.06691833,\n         4.98730213],\n       [ 4.43192724,  5.99490832, -0.01030221,  0.73461771,  6.06691834,\n         4.98730213],\n       [ 4.43192724,  5.99490832, -0.01030222,  0.73461771,  6.06691835,\n         4.98730212],\n       [ 4.43192724,  5.99490832, -0.01030222,  0.73461771,  6.06691834,\n         4.98730213],\n       [ 4.43192724,  5.99490832, -0.01030222,  0.73461771,  6.06691835,\n         4.98730212]]), array([0.07346743, 0.07346743, 0.07346743, 0.07346743, 0.07346743,\n       0.07346743, 0.07346743]))", "callback": [0.7742681228736037, 0.39297751564544736, 0.3528748757409438, 0.2796509834026387, 0.19354740228475353, 0.17500328047210822, 0.17242198807818654, 0.167829932709452, 0.1654299793288514, 0.15967425811978975, 0.14862369891385874, 0.14301817647017712, 0.13400149111829607, 0.12252973856904581, 0.11618726300542814, 0.11017708171115115, 0.10282668234480907, 0.09212704849974274, 0.08416070737960168, 0.07687649677323449, 0.07471707795796745, 0.07401866130427093, 0.07376884304548637, 0.07362245607174378, 0.07352364701848024, 0.07348548585759651, 0.07347154234819475, 0.07347013260942525, 0.07346887930278434, 0.07346815146107366, 0.07346763841027759, 0.07346747217698224, 0.07346745362712503, 0.07346743542717082, 0.07346743311262183, 0.07346743229535091, 0.07346743219030072, 0.07346743217475027, 0.07346743216829454, 0.07346743214704454, 0.07346743214297868, 0.0734674321413944, 0.07346743214085727, 0.07346743214074802, 0.07346743214071072, 0.07346743214070395, 0.07346743214069607, 0.07346743214069362, 0.07346743214069296, 0.07346743214069262]}, "6": {"maxiter": 500, "fatol": 1e-10, "xatol": 1e-05, "duration": 0.15984392166137695, "fun": "0.07346743214207108", "nit": "409", "nfev": "631", "status": "0", "success": "True", "message": "Optimization terminated successfully.", "x": "[ 4.43192622  5.99490836 -0.01030426  0.73461734  6.06692085  4.98730288]", "final_simplex": "(array([[ 4.43192622,  5.99490836, -0.01030426,  0.73461734,  6.06692085,\n         4.98730288],\n       [ 4.4319243 ,  5.99490903, -0.01029868,  0.73461556,  6.06691221,\n         4.98730708],\n       [ 4.43192888,  5.994908  , -0.01030508,  0.73461566,  6.06692131,\n         4.98729908],\n       [ 4.43192567,  5.99491042, -0.01030485,  0.73461756,  6.06692196,\n         4.98729892],\n       [ 4.43192632,  5.99490634, -0.01030321,  0.73462009,  6.06691721,\n         4.98730603],\n       [ 4.43193123,  5.99491023, -0.01030586,  0.73461649,  6.06692768,\n         4.98729524],\n       [ 4.43192905,  5.99490641, -0.01030059,  0.73461759,  6.06692039,\n         4.9872981 ]]), array([0.07346743, 0.07346743, 0.07346743, 0.07346743, 0.07346743,\n       0.07346743, 0.07346743]))", "callback": [0.7742681228736037, 0.39297751564544736, 0.3528748757409438, 0.2796509834026387, 0.19354740228475353, 0.17500328047210822, 0.17242198807818654, 0.167829932709452, 0.1654299793288514, 0.15967425811978975, 0.14862369891385874, 0.14301817647017712, 0.13400149111829607, 0.12252973856904581, 0.11618726300542814, 0.11017708171115115, 0.10282668234480907, 0.09212704849974274, 0.08416070737960168, 0.07687649677323449, 0.07471707795796745, 0.07401866130427093, 0.07376884304548637, 0.07362245607174378, 0.07352364701848024, 0.07348548585759651, 0.07347154234819475, 0.07347013260942525, 0.07346887930278434, 0.07346815146107366, 0.07346763841027759, 0.07346747217698224, 0.07346745362712503, 0.07346743542717082, 0.07346743311262183, 0.07346743229535091, 0.07346743219030072, 0.07346743217475027, 0.07346743216829454, 0.07346743214704454, 0.07346743214297868]}, "7": {"maxiter": 500, "fatol": 1e-10, "xatol": 1e-10, "duration": 0.19784307479858398, "fun": "0.07346743214069251", "nit": "500", "nfev": "789", "status": "2", "success": "False", "message": "Maximum number of iterations has been exceeded.", "x": "[ 4.43192724  5.99490832 -0.01030221  0.73461771  6.06691833  4.98730213]", "final_simplex": "(array([[ 4.43192724,  5.99490832, -0.01030221,  0.73461771,  6.06691833,\n         4.98730213],\n       [ 4.43192724,  5.99490832, -0.01030221,  0.73461771,  6.06691833,\n         4.98730214],\n       [ 4.43192724,  5.99490833, -0.01030221,  0.73461771,  6.06691833,\n         4.98730213],\n       [ 4.43192724,  5.99490832, -0.01030221,  0.73461771,  6.06691834,\n         4.98730213],\n       [ 4.43192724,  5.99490832, -0.01030222,  0.73461771,  6.06691835,\n         4.98730212],\n       [ 4.43192724,  5.99490832, -0.01030222,  0.73461771,  6.06691834,\n         4.98730213],\n       [ 4.43192724,  5.99490832, -0.01030222,  0.73461771,  6.06691835,\n         4.98730212]]), array([0.07346743, 0.07346743, 0.07346743, 0.07346743, 0.07346743,\n       0.07346743, 0.07346743]))", "callback": [0.7742681228736037, 0.39297751564544736, 0.3528748757409438, 0.2796509834026387, 0.19354740228475353, 0.17500328047210822, 0.17242198807818654, 0.167829932709452, 0.1654299793288514, 0.15967425811978975, 0.14862369891385874, 0.14301817647017712, 0.13400149111829607, 0.12252973856904581, 0.11618726300542814, 0.11017708171115115, 0.10282668234480907, 0.09212704849974274, 0.08416070737960168, 0.07687649677323449, 0.07471707795796745, 0.07401866130427093, 0.07376884304548637, 0.07362245607174378, 0.07352364701848024, 0.07348548585759651, 0.07347154234819475, 0.07347013260942525, 0.07346887930278434, 0.07346815146107366, 0.07346763841027759, 0.07346747217698224, 0.07346745362712503, 0.07346743542717082, 0.07346743311262183, 0.07346743229535091, 0.07346743219030072, 0.07346743217475027, 0.07346743216829454, 0.07346743214704454, 0.07346743214297868, 0.0734674321413944, 0.07346743214085727, 0.07346743214074802, 0.07346743214071072, 0.07346743214070395, 0.07346743214069607, 0.07346743214069362, 0.07346743214069296, 0.07346743214069262]}, "8": {"maxiter": 1000, "fatol": 1e-05, "xatol": 1e-05, "duration": 0.14804887771606445, "fun": "0.07346743214207108", "nit": "409", "nfev": "631", "status": "0", "success": "True", "message": "Optimization terminated successfully.", "x": "[ 4.43192622  5.99490836 -0.01030426  0.73461734  6.06692085  4.98730288]", "final_simplex": "(array([[ 4.43192622,  5.99490836, -0.01030426,  0.73461734,  6.06692085,\n         4.98730288],\n       [ 4.4319243 ,  5.99490903, -0.01029868,  0.73461556,  6.06691221,\n         4.98730708],\n       [ 4.43192888,  5.994908  , -0.01030508,  0.73461566,  6.06692131,\n         4.98729908],\n       [ 4.43192567,  5.99491042, -0.01030485,  0.73461756,  6.06692196,\n         4.98729892],\n       [ 4.43192632,  5.99490634, -0.01030321,  0.73462009,  6.06691721,\n         4.98730603],\n       [ 4.43193123,  5.99491023, -0.01030586,  0.73461649,  6.06692768,\n         4.98729524],\n       [ 4.43192905,  5.99490641, -0.01030059,  0.73461759,  6.06692039,\n         4.9872981 ]]), array([0.07346743, 0.07346743, 0.07346743, 0.07346743, 0.07346743,\n       0.07346743, 0.07346743]))", "callback": [0.7742681228736037, 0.39297751564544736, 0.3528748757409438, 0.2796509834026387, 0.19354740228475353, 0.17500328047210822, 0.17242198807818654, 0.167829932709452, 0.1654299793288514, 0.15967425811978975, 0.14862369891385874, 0.14301817647017712, 0.13400149111829607, 0.12252973856904581, 0.11618726300542814, 0.11017708171115115, 0.10282668234480907, 0.09212704849974274, 0.08416070737960168, 0.07687649677323449, 0.07471707795796745, 0.07401866130427093, 0.07376884304548637, 0.07362245607174378, 0.07352364701848024, 0.07348548585759651, 0.07347154234819475, 0.07347013260942525, 0.07346887930278434, 0.07346815146107366, 0.07346763841027759, 0.07346747217698224, 0.07346745362712503, 0.07346743542717082, 0.07346743311262183, 0.07346743229535091, 0.07346743219030072, 0.07346743217475027, 0.07346743216829454, 0.07346743214704454, 0.07346743214297868]}, "9": {"maxiter": 1000, "fatol": 1e-05, "xatol": 1e-10, "duration": 0.21227788925170898, "fun": "0.07346743214069251", "nit": "529", "nfev": "880", "status": "0", "success": "True", "message": "Optimization terminated successfully.", "x": "[ 4.43192724  5.99490832 -0.01030221  0.73461771  6.06691833  4.98730213]", "final_simplex": "(array([[ 4.43192724,  5.99490832, -0.01030221,  0.73461771,  6.06691833,\n         4.98730213],\n       [ 4.43192724,  5.99490832, -0.01030221,  0.73461771,  6.06691833,\n         4.98730213],\n       [ 4.43192724,  5.99490832, -0.01030221,  0.73461771,  6.06691833,\n         4.98730213],\n       [ 4.43192724,  5.99490832, -0.01030221,  0.73461771,  6.06691833,\n         4.98730213],\n       [ 4.43192724,  5.99490832, -0.01030221,  0.73461771,  6.06691833,\n         4.98730213],\n       [ 4.43192724,  5.99490832, -0.01030221,  0.73461771,  6.06691833,\n         4.98730213],\n       [ 4.43192724,  5.99490832, -0.01030221,  0.73461771,  6.06691833,\n         4.98730213]]), array([0.07346743, 0.07346743, 0.07346743, 0.07346743, 0.07346743,\n       0.07346743, 0.07346743]))", "callback": [0.7742681228736037, 0.39297751564544736, 0.3528748757409438, 0.2796509834026387, 0.19354740228475353, 0.17500328047210822, 0.17242198807818654, 0.167829932709452, 0.1654299793288514, 0.15967425811978975, 0.14862369891385874, 0.14301817647017712, 0.13400149111829607, 0.12252973856904581, 0.11618726300542814, 0.11017708171115115, 0.10282668234480907, 0.09212704849974274, 0.08416070737960168, 0.07687649677323449, 0.07471707795796745, 0.07401866130427093, 0.07376884304548637, 0.07362245607174378, 0.07352364701848024, 0.07348548585759651, 0.07347154234819475, 0.07347013260942525, 0.07346887930278434, 0.07346815146107366, 0.07346763841027759, 0.07346747217698224, 0.07346745362712503, 0.07346743542717082, 0.07346743311262183, 0.07346743229535091, 0.07346743219030072, 0.07346743217475027, 0.07346743216829454, 0.07346743214704454, 0.07346743214297868, 0.0734674321413944, 0.07346743214085727, 0.07346743214074802, 0.07346743214071072, 0.07346743214070395, 0.07346743214069607, 0.07346743214069362, 0.07346743214069296, 0.07346743214069262, 0.07346743214069251, 0.07346743214069251, 0.07346743214069251]}, "10": {"maxiter": 1000, "fatol": 1e-10, "xatol": 1e-05, "duration": 0.14917492866516113, "fun": "0.07346743214207108", "nit": "409", "nfev": "631", "status": "0", "success": "True", "message": "Optimization terminated successfully.", "x": "[ 4.43192622  5.99490836 -0.01030426  0.73461734  6.06692085  4.98730288]", "final_simplex": "(array([[ 4.43192622,  5.99490836, -0.01030426,  0.73461734,  6.06692085,\n         4.98730288],\n       [ 4.4319243 ,  5.99490903, -0.01029868,  0.73461556,  6.06691221,\n         4.98730708],\n       [ 4.43192888,  5.994908  , -0.01030508,  0.73461566,  6.06692131,\n         4.98729908],\n       [ 4.43192567,  5.99491042, -0.01030485,  0.73461756,  6.06692196,\n         4.98729892],\n       [ 4.43192632,  5.99490634, -0.01030321,  0.73462009,  6.06691721,\n         4.98730603],\n       [ 4.43193123,  5.99491023, -0.01030586,  0.73461649,  6.06692768,\n         4.98729524],\n       [ 4.43192905,  5.99490641, -0.01030059,  0.73461759,  6.06692039,\n         4.9872981 ]]), array([0.07346743, 0.07346743, 0.07346743, 0.07346743, 0.07346743,\n       0.07346743, 0.07346743]))", "callback": [0.7742681228736037, 0.39297751564544736, 0.3528748757409438, 0.2796509834026387, 0.19354740228475353, 0.17500328047210822, 0.17242198807818654, 0.167829932709452, 0.1654299793288514, 0.15967425811978975, 0.14862369891385874, 0.14301817647017712, 0.13400149111829607, 0.12252973856904581, 0.11618726300542814, 0.11017708171115115, 0.10282668234480907, 0.09212704849974274, 0.08416070737960168, 0.07687649677323449, 0.07471707795796745, 0.07401866130427093, 0.07376884304548637, 0.07362245607174378, 0.07352364701848024, 0.07348548585759651, 0.07347154234819475, 0.07347013260942525, 0.07346887930278434, 0.07346815146107366, 0.07346763841027759, 0.07346747217698224, 0.07346745362712503, 0.07346743542717082, 0.07346743311262183, 0.07346743229535091, 0.07346743219030072, 0.07346743217475027, 0.07346743216829454, 0.07346743214704454, 0.07346743214297868]}, "11": {"maxiter": 1000, "fatol": 1e-10, "xatol": 1e-10, "duration": 0.20538973808288574, "fun": "0.07346743214069251", "nit": "529", "nfev": "880", "status": "0", "success": "True", "message": "Optimization terminated successfully.", "x": "[ 4.43192724  5.99490832 -0.01030221  0.73461771  6.06691833  4.98730213]", "final_simplex": "(array([[ 4.43192724,  5.99490832, -0.01030221,  0.73461771,  6.06691833,\n         4.98730213],\n       [ 4.43192724,  5.99490832, -0.01030221,  0.73461771,  6.06691833,\n         4.98730213],\n       [ 4.43192724,  5.99490832, -0.01030221,  0.73461771,  6.06691833,\n         4.98730213],\n       [ 4.43192724,  5.99490832, -0.01030221,  0.73461771,  6.06691833,\n         4.98730213],\n       [ 4.43192724,  5.99490832, -0.01030221,  0.73461771,  6.06691833,\n         4.98730213],\n       [ 4.43192724,  5.99490832, -0.01030221,  0.73461771,  6.06691833,\n         4.98730213],\n       [ 4.43192724,  5.99490832, -0.01030221,  0.73461771,  6.06691833,\n         4.98730213]]), array([0.07346743, 0.07346743, 0.07346743, 0.07346743, 0.07346743,\n       0.07346743, 0.07346743]))", "callback": [0.7742681228736037, 0.39297751564544736, 0.3528748757409438, 0.2796509834026387, 0.19354740228475353, 0.17500328047210822, 0.17242198807818654, 0.167829932709452, 0.1654299793288514, 0.15967425811978975, 0.14862369891385874, 0.14301817647017712, 0.13400149111829607, 0.12252973856904581, 0.11618726300542814, 0.11017708171115115, 0.10282668234480907, 0.09212704849974274, 0.08416070737960168, 0.07687649677323449, 0.07471707795796745, 0.07401866130427093, 0.07376884304548637, 0.07362245607174378, 0.07352364701848024, 0.07348548585759651, 0.07347154234819475, 0.07347013260942525, 0.07346887930278434, 0.07346815146107366, 0.07346763841027759, 0.07346747217698224, 0.07346745362712503, 0.07346743542717082, 0.07346743311262183, 0.07346743229535091, 0.07346743219030072, 0.07346743217475027, 0.07346743216829454, 0.07346743214704454, 0.07346743214297868, 0.0734674321413944, 0.07346743214085727, 0.07346743214074802, 0.07346743214071072, 0.07346743214070395, 0.07346743214069607, 0.07346743214069362, 0.07346743214069296, 0.07346743214069262, 0.07346743214069251, 0.07346743214069251, 0.07346743214069251]}}, "bfgs": {"type": "gradient", "0": {"maxiter": 100, "gtol": 1e-05, "xrtol": 1e-05, "eps": 1e-05, "duration": 0.052171945571899414, "fun": "0.07346743228398733", "jac": "[ 3.73090447e-06 -4.38838965e-06  2.46012100e-06 -5.60920199e-06\n  7.30959737e-07  1.05224718e-06]", "hess_inv": "[[  3.41181195   0.56541551  -2.25106807   0.55075215   4.35750857\n   -3.60485391]\n [  0.56541551   2.86757804  -0.67357071  -1.07405874   2.93047152\n   -1.93507003]\n [ -2.25106807  -0.67357071   9.87752034   0.40191989 -13.73064163\n    8.48216704]\n [  0.55075215  -1.07405874   0.40191989   2.60975882  -0.99679627\n    0.62358751]\n [  4.35750857   2.93047152 -13.73064163  -0.99679627  25.80700957\n  -16.84715474]\n [ -3.60485391  -1.93507003   8.48216704   0.62358751 -16.84715474\n   13.58448528]]", "nfev": "217", "njev": "31", "status": "0", "success": "True", "message": "Optimization terminated successfully.", "x": "[ 4.43192361  5.99489025 -0.01027564  0.734601    6.06686826  4.98733077]", "nit": "29", "callback": [0.48473331250787566, 0.46069204153432763, 0.4189529997258141, 0.35619788685456377, 0.2968934048363109, 0.2489831042599412, 0.19507618839396612, 0.18168070677798376, 0.1779405270047073, 0.17223191910474012, 0.16524934162539273, 0.15695200230060324, 0.1468034533253305, 0.1366476774036115, 0.11920882153717283, 0.09752519873129584, 0.08828990830112593, 0.0862394186031259, 0.08299839813578314, 0.07970808024092546, 0.07857504205096832, 0.07667447756758439, 0.07411166133214298, 0.07357290379803094, 0.07348377346510304, 0.07346829160825974, 0.07346745685212264, 0.07346743269493372, 0.07346743228398733]}, "1": {"maxiter": 100, "gtol": 1e-05, "xrtol": 1e-05, "eps": 1e-10, "duration": 0.05192995071411133, "fun": "0.07346743223438845", "jac": "[-2.22044587e-06 -7.77156053e-06 -3.33066909e-06 -7.77156053e-06\n -2.22044587e-06 -5.55111466e-06]", "hess_inv": "[[  3.43207292   0.5683616   -2.16255266   0.58173135   4.25155774\n   -3.55627081]\n [  0.5683616    2.82142977  -0.69959973  -1.02792065   2.98411276\n   -2.03312362]\n [ -2.16255266  -0.69959973  10.12906062   0.55034797 -14.00243968\n    8.54223285]\n [  0.58173135  -1.02792065   0.55034797   2.61605298  -1.19439578\n    0.77920419]\n [  4.25155774   2.98411276 -14.00243968  -1.19439578  26.08739557\n  -16.86439375]\n [ -3.55627081  -2.03312362   8.54223285   0.77920419 -16.86439375\n   13.45441711]]", "nfev": "217", "njev": "31", "status": "0", "success": "True", "message": "Optimization terminated successfully.", "x": "[ 4.4319326   5.99489587 -0.01029276  0.73460436  6.06690327  4.98730785]", "nit": "29", "callback": [0.48473400098532027, 0.4606910179169028, 0.41894977295181457, 0.35619372147145856, 0.2968929532224498, 0.2489811396191468, 0.19508083809634824, 0.18168144752717486, 0.177941096214575, 0.17223196416327458, 0.16524867343119254, 0.15694612111470185, 0.1468028394793599, 0.13663837295226333, 0.11919872594409098, 0.09753424544511025, 0.08829048699147124, 0.08623939883293263, 0.08299636929122711, 0.07970688861766884, 0.07857364394094868, 0.07667314133039327, 0.07411068684458344, 0.07357277211368263, 0.07348373695216137, 0.07346830287605544, 0.07346745804572596, 0.0734674327861069, 0.07346743223438845]}, "2": {"maxiter": 100, "gtol": 1e-05, "xrtol": 1e-10, "eps": 1e-05, "duration": 0.05208110809326172, "fun": "0.07346743228398733", "jac": "[ 3.73090447e-06 -4.38838965e-06  2.46012100e-06 -5.60920199e-06\n  7.30959737e-07  1.05224718e-06]", "hess_inv": "[[  3.41181195   0.56541551  -2.25106807   0.55075215   4.35750857\n   -3.60485391]\n [  0.56541551   2.86757804  -0.67357071  -1.07405874   2.93047152\n   -1.93507003]\n [ -2.25106807  -0.67357071   9.87752034   0.40191989 -13.73064163\n    8.48216704]\n [  0.55075215  -1.07405874   0.40191989   2.60975882  -0.99679627\n    0.62358751]\n [  4.35750857   2.93047152 -13.73064163  -0.99679627  25.80700957\n  -16.84715474]\n [ -3.60485391  -1.93507003   8.48216704   0.62358751 -16.84715474\n   13.58448528]]", "nfev": "217", "njev": "31", "status": "0", "success": "True", "message": "Optimization terminated successfully.", "x": "[ 4.43192361  5.99489025 -0.01027564  0.734601    6.06686826  4.98733077]", "nit": "29", "callback": [0.48473331250787566, 0.46069204153432763, 0.4189529997258141, 0.35619788685456377, 0.2968934048363109, 0.2489831042599412, 0.19507618839396612, 0.18168070677798376, 0.1779405270047073, 0.17223191910474012, 0.16524934162539273, 0.15695200230060324, 0.1468034533253305, 0.1366476774036115, 0.11920882153717283, 0.09752519873129584, 0.08828990830112593, 0.0862394186031259, 0.08299839813578314, 0.07970808024092546, 0.07857504205096832, 0.07667447756758439, 0.07411166133214298, 0.07357290379803094, 0.07348377346510304, 0.07346829160825974, 0.07346745685212264, 0.07346743269493372, 0.07346743228398733]}, "3": {"maxiter": 100, "gtol": 1e-05, "xrtol": 1e-10, "eps": 1e-10, "duration": 0.0518798828125, "fun": "0.07346743223438845", "jac": "[-2.22044587e-06 -7.77156053e-06 -3.33066909e-06 -7.77156053e-06\n -2.22044587e-06 -5.55111466e-06]", "hess_inv": "[[  3.43207292   0.5683616   -2.16255266   0.58173135   4.25155774\n   -3.55627081]\n [  0.5683616    2.82142977  -0.69959973  -1.02792065   2.98411276\n   -2.03312362]\n [ -2.16255266  -0.69959973  10.12906062   0.55034797 -14.00243968\n    8.54223285]\n [  0.58173135  -1.02792065   0.55034797   2.61605298  -1.19439578\n    0.77920419]\n [  4.25155774   2.98411276 -14.00243968  -1.19439578  26.08739557\n  -16.86439375]\n [ -3.55627081  -2.03312362   8.54223285   0.77920419 -16.86439375\n   13.45441711]]", "nfev": "217", "njev": "31", "status": "0", "success": "True", "message": "Optimization terminated successfully.", "x": "[ 4.4319326   5.99489587 -0.01029276  0.73460436  6.06690327  4.98730785]", "nit": "29", "callback": [0.48473400098532027, 0.4606910179169028, 0.41894977295181457, 0.35619372147145856, 0.2968929532224498, 0.2489811396191468, 0.19508083809634824, 0.18168144752717486, 0.177941096214575, 0.17223196416327458, 0.16524867343119254, 0.15694612111470185, 0.1468028394793599, 0.13663837295226333, 0.11919872594409098, 0.09753424544511025, 0.08829048699147124, 0.08623939883293263, 0.08299636929122711, 0.07970688861766884, 0.07857364394094868, 0.07667314133039327, 0.07411068684458344, 0.07357277211368263, 0.07348373695216137, 0.07346830287605544, 0.07346745804572596, 0.0734674327861069, 0.07346743223438845]}, "4": {"maxiter": 100, "gtol": 1e-10, "xrtol": 1e-05, "eps": 1e-05, "duration": 0.051284074783325195, "fun": "0.07346743228398733", "jac": "[ 3.73090447e-06 -4.38838965e-06  2.46012100e-06 -5.60920199e-06\n  7.30959737e-07  1.05224718e-06]", "hess_inv": "[[  3.41181195   0.56541551  -2.25106807   0.55075215   4.35750857\n   -3.60485391]\n [  0.56541551   2.86757804  -0.67357071  -1.07405874   2.93047152\n   -1.93507003]\n [ -2.25106807  -0.67357071   9.87752034   0.40191989 -13.73064163\n    8.48216704]\n [  0.55075215  -1.07405874   0.40191989   2.60975882  -0.99679627\n    0.62358751]\n [  4.35750857   2.93047152 -13.73064163  -0.99679627  25.80700957\n  -16.84715474]\n [ -3.60485391  -1.93507003   8.48216704   0.62358751 -16.84715474\n   13.58448528]]", "nfev": "217", "njev": "31", "status": "0", "success": "True", "message": "Optimization terminated successfully.", "x": "[ 4.43192361  5.99489025 -0.01027564  0.734601    6.06686826  4.98733077]", "nit": "29", "callback": [0.48473331250787566, 0.46069204153432763, 0.4189529997258141, 0.35619788685456377, 0.2968934048363109, 0.2489831042599412, 0.19507618839396612, 0.18168070677798376, 0.1779405270047073, 0.17223191910474012, 0.16524934162539273, 0.15695200230060324, 0.1468034533253305, 0.1366476774036115, 0.11920882153717283, 0.09752519873129584, 0.08828990830112593, 0.0862394186031259, 0.08299839813578314, 0.07970808024092546, 0.07857504205096832, 0.07667447756758439, 0.07411166133214298, 0.07357290379803094, 0.07348377346510304, 0.07346829160825974, 0.07346745685212264, 0.07346743269493372, 0.07346743228398733]}, "5": {"maxiter": 100, "gtol": 1e-10, "xrtol": 1e-05, "eps": 1e-10, "duration": 0.053955078125, "fun": "0.07346743219897889", "jac": "[4.44089173e-06 1.11022293e-06 3.33066909e-06 0.00000000e+00\n 0.00000000e+00 5.55111466e-06]", "hess_inv": "[[  3.48278025   0.50138039  -2.1170753    0.44223924   4.30482202\n   -3.6741285 ]\n [  0.50138039   2.85076509  -1.14151955  -0.96718624   3.40634823\n   -2.26697382]\n [ -2.1170753   -1.14151955   7.70449977  -0.37228646 -10.7742962\n    5.92156142]\n [  0.44223924  -0.96718624  -0.37228646   2.74178794  -0.31208463\n    0.28983984]\n [  4.30482202   3.40634823 -10.7742962   -0.31208463  22.04056874\n  -13.74380777]\n [ -3.6741285   -2.26697382   5.92156142   0.28983984 -13.74380777\n   11.16276017]]", "nfev": "224", "njev": "32", "status": "0", "success": "True", "message": "Optimization terminated successfully.", "x": "[ 4.43192978  5.9949028  -0.01027462  0.73461881  6.06687364  4.9873355 ]", "nit": "30", "callback": [0.48473400098532027, 0.4606910179169028, 0.41894977295181457, 0.35619372147145856, 0.2968929532224498, 0.2489811396191468, 0.19508083809634824, 0.18168144752717486, 0.177941096214575, 0.17223196416327458, 0.16524867343119254, 0.15694612111470185, 0.1468028394793599, 0.13663837295226333, 0.11919872594409098, 0.09753424544511025, 0.08829048699147124, 0.08623939883293263, 0.08299636929122711, 0.07970688861766884, 0.07857364394094868, 0.07667314133039327, 0.07411068684458344, 0.07357277211368263, 0.07348373695216137, 0.07346830287605544, 0.07346745804572596, 0.0734674327861069, 0.07346743223438845, 0.07346743219897889]}, "6": {"maxiter": 100, "gtol": 1e-10, "xrtol": 1e-10, "eps": 1e-05, "duration": 0.06011319160461426, "fun": "0.07346743216628415", "jac": "[-1.11022302e-11 -2.22044605e-11  2.22044605e-11  1.11022302e-11\n  3.33066907e-11  1.11022302e-11]", "hess_inv": "[[  3.41098956   0.52039752  -2.13993219   0.49424944   4.16407585\n   -3.47232591]\n [  0.52039752   3.1715719   -1.50052281  -0.74448587   4.15468311\n   -2.72609482]\n [ -2.13993219  -1.50052281  12.05611267  -0.53062795 -17.02355275\n   10.56645581]\n [  0.49424944  -0.74448587  -0.53062795   2.9508374    0.3328614\n   -0.23934915]\n [  4.16407585   4.15468311 -17.02355275   0.3328614   30.69898953\n  -19.98803586]\n [ -3.47232591  -2.72609482  10.56645581  -0.23934915 -19.98803586\n   15.60016074]]", "nfev": "252", "njev": "36", "status": "0", "success": "True", "message": "Optimization terminated successfully.", "x": "[ 4.43192169  5.99490171 -0.01030591  0.73461394  6.06691398  4.98730222]", "nit": "34", "callback": [0.48473331250787566, 0.46069204153432763, 0.4189529997258141, 0.35619788685456377, 0.2968934048363109, 0.2489831042599412, 0.19507618839396612, 0.18168070677798376, 0.1779405270047073, 0.17223191910474012, 0.16524934162539273, 0.15695200230060324, 0.1468034533253305, 0.1366476774036115, 0.11920882153717283, 0.09752519873129584, 0.08828990830112593, 0.0862394186031259, 0.08299839813578314, 0.07970808024092546, 0.07857504205096832, 0.07667447756758439, 0.07411166133214298, 0.07357290379803094, 0.07348377346510304, 0.07346829160825974, 0.07346745685212264, 0.07346743269493372, 0.07346743228398733, 0.07346743217557139, 0.07346743216726515, 0.07346743216629581, 0.0734674321662846, 0.07346743216628415]}, "7": {"maxiter": 100, "gtol": 1e-10, "xrtol": 1e-10, "eps": 1e-10, "duration": 0.07321596145629883, "fun": "0.07346743215552354", "jac": "[ 1.11022293e-06  0.00000000e+00 -1.11022303e-06  2.22044587e-06\n -1.11022293e-06  2.22044587e-06]", "hess_inv": "[[ 2.45145318  1.48762512 -0.01420684 -0.22569772  1.29596423 -0.97651183]\n [ 1.48762512  2.65379727  0.25217579 -0.24667938  1.67407597 -0.82313911]\n [-0.01420684  0.25217579  2.78961926 -0.27782073 -1.11713964  0.0116987 ]\n [-0.22569772 -0.24667938 -0.27782073  2.55510961 -0.17035936  0.05650307]\n [ 1.29596423  1.67407597 -1.11713964 -0.17035936  4.02692957 -1.19608552]\n [-0.97651183 -0.82313911  0.0116987   0.05650307 -1.19608552  1.60161389]]", "nfev": "315", "njev": "45", "status": "0", "success": "True", "message": "Optimization terminated successfully.", "x": "[ 4.43192381  5.99490616 -0.01028468  0.73461699  6.06688954  4.9873195 ]", "nit": "34", "callback": [0.48473400098532027, 0.4606910179169028, 0.41894977295181457, 0.35619372147145856, 0.2968929532224498, 0.2489811396191468, 0.19508083809634824, 0.18168144752717486, 0.177941096214575, 0.17223196416327458, 0.16524867343119254, 0.15694612111470185, 0.1468028394793599, 0.13663837295226333, 0.11919872594409098, 0.09753424544511025, 0.08829048699147124, 0.08623939883293263, 0.08299636929122711, 0.07970688861766884, 0.07857364394094868, 0.07667314133039327, 0.07411068684458344, 0.07357277211368263, 0.07348373695216137, 0.07346830287605544, 0.07346745804572596, 0.0734674327861069, 0.07346743223438845, 0.07346743219897889, 0.07346743218193175, 0.07346743216323248, 0.07346743215552354, 0.07346743215552354]}, "8": {"maxiter": 500, "gtol": 1e-05, "xrtol": 1e-05, "eps": 1e-05, "duration": 0.05005478858947754, "fun": "0.07346743228398733", "jac": "[ 3.73090447e-06 -4.38838965e-06  2.46012100e-06 -5.60920199e-06\n  7.30959737e-07  1.05224718e-06]", "hess_inv": "[[  3.41181195   0.56541551  -2.25106807   0.55075215   4.35750857\n   -3.60485391]\n [  0.56541551   2.86757804  -0.67357071  -1.07405874   2.93047152\n   -1.93507003]\n [ -2.25106807  -0.67357071   9.87752034   0.40191989 -13.73064163\n    8.48216704]\n [  0.55075215  -1.07405874   0.40191989   2.60975882  -0.99679627\n    0.62358751]\n [  4.35750857   2.93047152 -13.73064163  -0.99679627  25.80700957\n  -16.84715474]\n [ -3.60485391  -1.93507003   8.48216704   0.62358751 -16.84715474\n   13.58448528]]", "nfev": "217", "njev": "31", "status": "0", "success": "True", "message": "Optimization terminated successfully.", "x": "[ 4.43192361  5.99489025 -0.01027564  0.734601    6.06686826  4.98733077]", "nit": "29", "callback": [0.48473331250787566, 0.46069204153432763, 0.4189529997258141, 0.35619788685456377, 0.2968934048363109, 0.2489831042599412, 0.19507618839396612, 0.18168070677798376, 0.1779405270047073, 0.17223191910474012, 0.16524934162539273, 0.15695200230060324, 0.1468034533253305, 0.1366476774036115, 0.11920882153717283, 0.09752519873129584, 0.08828990830112593, 0.0862394186031259, 0.08299839813578314, 0.07970808024092546, 0.07857504205096832, 0.07667447756758439, 0.07411166133214298, 0.07357290379803094, 0.07348377346510304, 0.07346829160825974, 0.07346745685212264, 0.07346743269493372, 0.07346743228398733]}, "9": {"maxiter": 500, "gtol": 1e-05, "xrtol": 1e-05, "eps": 1e-10, "duration": 0.05024409294128418, "fun": "0.07346743223438845", "jac": "[-2.22044587e-06 -7.77156053e-06 -3.33066909e-06 -7.77156053e-06\n -2.22044587e-06 -5.55111466e-06]", "hess_inv": "[[  3.43207292   0.5683616   -2.16255266   0.58173135   4.25155774\n   -3.55627081]\n [  0.5683616    2.82142977  -0.69959973  -1.02792065   2.98411276\n   -2.03312362]\n [ -2.16255266  -0.69959973  10.12906062   0.55034797 -14.00243968\n    8.54223285]\n [  0.58173135  -1.02792065   0.55034797   2.61605298  -1.19439578\n    0.77920419]\n [  4.25155774   2.98411276 -14.00243968  -1.19439578  26.08739557\n  -16.86439375]\n [ -3.55627081  -2.03312362   8.54223285   0.77920419 -16.86439375\n   13.45441711]]", "nfev": "217", "njev": "31", "status": "0", "success": "True", "message": "Optimization terminated successfully.", "x": "[ 4.4319326   5.99489587 -0.01029276  0.73460436  6.06690327  4.98730785]", "nit": "29", "callback": [0.48473400098532027, 0.4606910179169028, 0.41894977295181457, 0.35619372147145856, 0.2968929532224498, 0.2489811396191468, 0.19508083809634824, 0.18168144752717486, 0.177941096214575, 0.17223196416327458, 0.16524867343119254, 0.15694612111470185, 0.1468028394793599, 0.13663837295226333, 0.11919872594409098, 0.09753424544511025, 0.08829048699147124, 0.08623939883293263, 0.08299636929122711, 0.07970688861766884, 0.07857364394094868, 0.07667314133039327, 0.07411068684458344, 0.07357277211368263, 0.07348373695216137, 0.07346830287605544, 0.07346745804572596, 0.0734674327861069, 0.07346743223438845]}, "10": {"maxiter": 500, "gtol": 1e-05, "xrtol": 1e-10, "eps": 1e-05, "duration": 0.05042886734008789, "fun": "0.07346743228398733", "jac": "[ 3.73090447e-06 -4.38838965e-06  2.46012100e-06 -5.60920199e-06\n  7.30959737e-07  1.05224718e-06]", "hess_inv": "[[  3.41181195   0.56541551  -2.25106807   0.55075215   4.35750857