{"date": "2024/09/25/, 13:16:28", "conf_id": 236, "data_type": "non_lin_ind\n", "num_data_points": 4, "s_rank": 0, "unitary": "[[-0.56303964-0.00798273j,-0.21670212-0.15784972j,-0.06047197-0.73952673j,-0.01438004+0.24552571j],[-0.06976756+0.23474685j,-0.01275565-0.5435098j,-0.02703657-0.08917885j,-0.08210486-0.79311774j],[-0.38559961+0.10714929j,0.5933431-0.2687392j,-0.24060861+0.29149289j,-0.45147719+0.26241743j],[-0.50180421+0.45931857j,-0.11617175+0.44134496j,0.49642745+0.22684508j,-0.08544628-0.15407063j]]", "databatch_0": {"databatch": "[[[0.04166384-0.04426795j,-0.10199713+0.2761506j,-0.21488748-0.18774503j,-0.22561177-0.1835943j],[-0.05135477-0.06986003j,0.126463-0.16752625j,-0.09185465+0.01608726j,-0.14914807+0.41094669j],[-0.14709856-0.28917975j,-0.16200904+0.18626817j,-0.03108345+0.16024826j,-0.03699564+0.14022706j],[0.29776812+0.17504001j,0.23330497+0.17991734j,0.26781929+0.00730777j,-0.01462114-0.01520294j]],[[0.00090175+0.0249466j,-0.02784012+0.17753673j,0.24558617-0.1367375j,-0.08678322-0.2286336j],[0.32926779-0.06465567j,-0.18536446+0.02079937j,-0.17777089-0.30136039j,0.24662378+0.06676029j],[0.06193408+0.21374761j,0.02099488-0.01226101j,0.24159927-0.15120184j,-0.15307389+0.01324433j],[-0.14455894+0.13814817j,-0.12407068+0.09590496j,0.40270686+0.26883843j,0.17713345-0.08846588j]],[[-0.52845798-0.06312485j,0.21534869-0.2398862j,-0.0978587-0.20773568j,-0.2112955-0.24427384j],[-0.16293014+0.01492024j,0.16395844-0.22444977j,-0.17084311-0.09923351j,-0.25342632-0.06881585j],[-0.2143641+0.06459541j,-0.05825597-0.04862375j,-0.03686369+0.03174982j,0.20480488+0.14055582j],[-0.06643854-0.20973881j,0.1631638+0.00478272j,0.02724773-0.08822897j,-0.10102127-0.17327606j]],[[-0.30140439+0.10826076j,-0.01804693+0.10379715j,0.26787327-0.17655952j,0.24531252-0.03625997j],[0.12064694+0.14646381j,0.21001386+0.23461114j,-0.25463238+0.05312799j,-0.05310368-0.14511874j],[-0.04130257+0.30217279j,0.08543392-0.32925327j,0.1195537-0.16186571j,0.08807252-0.0717663j],[0.00338961-0.102195j,0.25546171-0.10497697j,0.02378044-0.19920543j,-0.32261083-0.04509897j]]]", "initial param values": "[4.06847419,1.23439741,1.99487947,1.68458105,6.14216573,0.03325672]", "nelder_mead": {"type": "gradient-free", "0": {"maxiter": 100, "fatol": 1e-05, "xatol": 1e-05, "duration": 0.03754901885986328, "fun": "0.5527852593903285", "nit": "100", "nfev": "148", "status": "2", "success": "False", "message": "Maximum number of iterations has been exceeded.", "x": "[4.70883431e+00 3.37636526e+00 2.42717415e+00 1.71564267e+00\n 8.63570218e-01 3.73874581e-03]", "final_simplex": "(array([[ 4.70883431e+00,  3.37636526e+00,  2.42717415e+00,\n         1.71564267e+00,  8.63570218e-01,  3.73874581e-03],\n       [ 5.24584946e+00,  3.46250135e+00,  2.35909376e+00,\n         1.43716925e+00,  6.00049282e-01,  2.42788082e-03],\n       [ 5.07035252e+00,  3.31793752e+00,  2.29196727e+00,\n         1.51075526e+00,  7.78642131e-01,  5.34044611e-03],\n       [ 5.27262391e+00,  3.67408433e+00,  2.55549695e+00,\n         1.50158087e+00,  6.20489817e-01, -3.72809681e-03],\n       [ 5.35441303e+00,  3.59414733e+00,  2.35558583e+00,\n         1.39130312e+00,  5.11612756e-01, -1.26636916e-03],\n       [ 5.33883036e+00,  3.58236855e+00,  2.47549573e+00,\n         1.40330541e+00,  5.57521135e-01, -2.09145298e-03],\n       [ 5.27669797e+00,  3.45124459e+00,  2.40380552e+00,\n         1.42078888e+00,  8.74131619e-01,  4.15820015e-04]]), array([0.55278526, 0.56175435, 0.56212043, 0.56327951, 0.565576  ,\n       0.56635561, 0.56834823]))", "callback": [0.9401040941540131, 0.8983089458070103, 0.7749725770362562, 0.7323800907813592, 0.7180339927326094, 0.7050040753999103, 0.7013910246386311, 0.6937235075186988, 0.6401039894413192, 0.5683482328688143]}, "1": {"maxiter": 100, "fatol": 1e-05, "xatol": 1e-10, "duration": 0.036711931228637695, "fun": "0.5527852593903285", "nit": "100", "nfev": "148", "status": "2", "success": "False", "message": "Maximum number of iterations has been exceeded.", "x": "[4.70883431e+00 3.37636526e+00 2.42717415e+00 1.71564267e+00\n 8.63570218e-01 3.73874581e-03]", "final_simplex": "(array([[ 4.70883431e+00,  3.37636526e+00,  2.42717415e+00,\n         1.71564267e+00,  8.63570218e-01,  3.73874581e-03],\n       [ 5.24584946e+00,  3.46250135e+00,  2.35909376e+00,\n         1.43716925e+00,  6.00049282e-01,  2.42788082e-03],\n       [ 5.07035252e+00,  3.31793752e+00,  2.29196727e+00,\n         1.51075526e+00,  7.78642131e-01,  5.34044611e-03],\n       [ 5.27262391e+00,  3.67408433e+00,  2.55549695e+00,\n         1.50158087e+00,  6.20489817e-01, -3.72809681e-03],\n       [ 5.35441303e+00,  3.59414733e+00,  2.35558583e+00,\n         1.39130312e+00,  5.11612756e-01, -1.26636916e-03],\n       [ 5.33883036e+00,  3.58236855e+00,  2.47549573e+00,\n         1.40330541e+00,  5.57521135e-01, -2.09145298e-03],\n       [ 5.27669797e+00,  3.45124459e+00,  2.40380552e+00,\n         1.42078888e+00,  8.74131619e-01,  4.15820015e-04]]), array([0.55278526, 0.56175435, 0.56212043, 0.56327951, 0.565576  ,\n       0.56635561, 0.56834823]))", "callback": [0.9401040941540131, 0.8983089458070103, 0.7749725770362562, 0.7323800907813592, 0.7180339927326094, 0.7050040753999103, 0.7013910246386311, 0.6937235075186988, 0.6401039894413192, 0.5683482328688143]}, "2": {"maxiter": 100, "fatol": 1e-10, "xatol": 1e-05, "duration": 0.03509211540222168, "fun": "0.5527852593903285", "nit": "100", "nfev": "148", "status": "2", "success": "False", "message": "Maximum number of iterations has been exceeded.", "x": "[4.70883431e+00 3.37636526e+00 2.42717415e+00 1.71564267e+00\n 8.63570218e-01 3.73874581e-03]", "final_simplex": "(array([[ 4.70883431e+00,  3.37636526e+00,  2.42717415e+00,\n         1.71564267e+00,  8.63570218e-01,  3.73874581e-03],\n       [ 5.24584946e+00,  3.46250135e+00,  2.35909376e+00,\n         1.43716925e+00,  6.00049282e-01,  2.42788082e-03],\n       [ 5.07035252e+00,  3.31793752e+00,  2.29196727e+00,\n         1.51075526e+00,  7.78642131e-01,  5.34044611e-03],\n       [ 5.27262391e+00,  3.67408433e+00,  2.55549695e+00,\n         1.50158087e+00,  6.20489817e-01, -3.72809681e-03],\n       [ 5.35441303e+00,  3.59414733e+00,  2.35558583e+00,\n         1.39130312e+00,  5.11612756e-01, -1.26636916e-03],\n       [ 5.33883036e+00,  3.58236855e+00,  2.47549573e+00,\n         1.40330541e+00,  5.57521135e-01, -2.09145298e-03],\n       [ 5.27669797e+00,  3.45124459e+00,  2.40380552e+00,\n         1.42078888e+00,  8.74131619e-01,  4.15820015e-04]]), array([0.55278526, 0.56175435, 0.56212043, 0.56327951, 0.565576  ,\n       0.56635561, 0.56834823]))", "callback": [0.9401040941540131, 0.8983089458070103, 0.7749725770362562, 0.7323800907813592, 0.7180339927326094, 0.7050040753999103, 0.7013910246386311, 0.6937235075186988, 0.6401039894413192, 0.5683482328688143]}, "3": {"maxiter": 100, "fatol": 1e-10, "xatol": 1e-10, "duration": 0.03476715087890625, "fun": "0.5527852593903285", "nit": "100", "nfev": "148", "status": "2", "success": "False", "message": "Maximum number of iterations has been exceeded.", "x": "[4.70883431e+00 3.37636526e+00 2.42717415e+00 1.71564267e+00\n 8.63570218e-01 3.73874581e-03]", "final_simplex": "(array([[ 4.70883431e+00,  3.37636526e+00,  2.42717415e+00,\n         1.71564267e+00,  8.63570218e-01,  3.73874581e-03],\n       [ 5.24584946e+00,  3.46250135e+00,  2.35909376e+00,\n         1.43716925e+00,  6.00049282e-01,  2.42788082e-03],\n       [ 5.07035252e+00,  3.31793752e+00,  2.29196727e+00,\n         1.51075526e+00,  7.78642131e-01,  5.34044611e-03],\n       [ 5.27262391e+00,  3.67408433e+00,  2.55549695e+00,\n         1.50158087e+00,  6.20489817e-01, -3.72809681e-03],\n       [ 5.35441303e+00,  3.59414733e+00,  2.35558583e+00,\n         1.39130312e+00,  5.11612756e-01, -1.26636916e-03],\n       [ 5.33883036e+00,  3.58236855e+00,  2.47549573e+00,\n         1.40330541e+00,  5.57521135e-01, -2.09145298e-03],\n       [ 5.27669797e+00,  3.45124459e+00,  2.40380552e+00,\n         1.42078888e+00,  8.74131619e-01,  4.15820015e-04]]), array([0.55278526, 0.56175435, 0.56212043, 0.56327951, 0.565576  ,\n       0.56635561, 0.56834823]))", "callback": [0.9401040941540131, 0.8983089458070103, 0.7749725770362562, 0.7323800907813592, 0.7180339927326094, 0.7050040753999103, 0.7013910246386311, 0.6937235075186988, 0.6401039894413192, 0.5683482328688143]}, "4": {"maxiter": 500, "fatol": 1e-05, "xatol": 1e-05, "duration": 0.1757352352142334, "fun": "0.4521962894465863", "nit": "500", "nfev": "749", "status": "2", "success": "False", "message": "Maximum number of iterations has been exceeded.", "x": "[ 5.16127803  3.36978569  3.12048472  2.18968182  0.27158246 -1.07474534]", "final_simplex": "(array([[ 5.16127803,  3.36978569,  3.12048472,  2.18968182,  0.27158246,\n        -1.07474534],\n       [ 5.16277791,  3.37395009,  3.10467452,  2.18689382,  0.27795788,\n        -1.07189345],\n       [ 5.16540265,  3.36856791,  3.105753  ,  2.17971695,  0.27855763,\n        -1.0667753 ],\n       [ 5.16994373,  3.37341792,  3.10230412,  2.18816202,  0.28260419,\n        -1.06068157],\n       [ 5.16011223,  3.37847117,  3.1041076 ,  2.18943122,  0.28654903,\n        -1.0610255 ],\n       [ 5.16367925,  3.37916923,  3.10369203,  2.18561145,  0.27306713,\n        -1.06839231],\n       [ 5.16979461,  3.37170416,  3.12015166,  2.18821598,  0.28453846,\n        -1.06956838]]), array([0.45219629, 0.45219923, 0.45220006, 0.45220269, 0.45220332,\n       0.45220362, 0.45221422]))", "callback": [0.9401040941540131, 0.8983089458070103, 0.7749725770362562, 0.7323800907813592, 0.7180339927326094, 0.7050040753999103, 0.7013910246386311, 0.6937235075186988, 0.6401039894413192, 0.5683482328688143, 0.5527852593903285, 0.5464281528378218, 0.5456251808161766, 0.5449859066582114, 0.5441097604262037, 0.5425515036408008, 0.5358123626823286, 0.5259474353979594, 0.5239147847200417, 0.5206392264756186, 0.5180840281880001, 0.5178802225508348, 0.5177013273331955, 0.5176831774343644, 0.5176775882405804, 0.5176750486883812, 0.5176696317119917, 0.5176555632635165, 0.517602845442286, 0.5175502082301253, 0.5173787919685648, 0.5170227985105798, 0.5166207791550196, 0.5156804941664599, 0.5149525113517848, 0.5127545278128175, 0.5082027317163791, 0.49693053636499185, 0.49152037000727355, 0.4751413215447883, 0.45739556417880767, 0.45679159726066454, 0.45584714801706905, 0.45520116042911773, 0.4546301530722783, 0.45397432511531255, 0.4530987771261219, 0.4525631598581936, 0.4522999996537769, 0.45221422083664076]}, "5": {"maxiter": 500, "fatol": 1e-05, "xatol": 1e-10, "duration": 0.1810319423675537, "fun": "0.4521962894465863", "nit": "500", "nfev": "749", "status": "2", "success": "False", "message": "Maximum number of iterations has been exceeded.", "x": "[ 5.16127803  3.36978569  3.12048472  2.18968182  0.27158246 -1.07474534]", "final_simplex": "(array([[ 5.16127803,  3.36978569,  3.12048472,  2.18968182,  0.27158246,\n        -1.07474534],\n       [ 5.16277791,  3.37395009,  3.10467452,  2.18689382,  0.27795788,\n        -1.07189345],\n       [ 5.16540265,  3.36856791,  3.105753  ,  2.17971695,  0.27855763,\n        -1.0667753 ],\n       [ 5.16994373,  3.37341792,  3.10230412,  2.18816202,  0.28260419,\n        -1.06068157],\n       [ 5.16011223,  3.37847117,  3.1041076 ,  2.18943122,  0.28654903,\n        -1.0610255 ],\n       [ 5.16367925,  3.37916923,  3.10369203,  2.18561145,  0.27306713,\n        -1.06839231],\n       [ 5.16979461,  3.37170416,  3.12015166,  2.18821598,  0.28453846,\n        -1.06956838]]), array([0.45219629, 0.45219923, 0.45220006, 0.45220269, 0.45220332,\n       0.45220362, 0.45221422]))", "callback": [0.9401040941540131, 0.8983089458070103, 0.7749725770362562, 0.7323800907813592, 0.7180339927326094, 0.7050040753999103, 0.7013910246386311, 0.6937235075186988, 0.6401039894413192, 0.5683482328688143, 0.5527852593903285, 0.5464281528378218, 0.5456251808161766, 0.5449859066582114, 0.5441097604262037, 0.5425515036408008, 0.5358123626823286, 0.5259474353979594, 0.5239147847200417, 0.5206392264756186, 0.5180840281880001, 0.5178802225508348, 0.5177013273331955, 0.5176831774343644, 0.5176775882405804, 0.5176750486883812, 0.5176696317119917, 0.5176555632635165, 0.517602845442286, 0.5175502082301253, 0.5173787919685648, 0.5170227985105798, 0.5166207791550196, 0.5156804941664599, 0.5149525113517848, 0.5127545278128175, 0.5082027317163791, 0.49693053636499185, 0.49152037000727355, 0.4751413215447883, 0.45739556417880767, 0.45679159726066454, 0.45584714801706905, 0.45520116042911773, 0.4546301530722783, 0.45397432511531255, 0.4530987771261219, 0.4525631598581936, 0.4522999996537769, 0.45221422083664076]}, "6": {"maxiter": 500, "fatol": 1e-10, "xatol": 1e-05, "duration": 0.19817399978637695, "fun": "0.4521962894465863", "nit": "500", "nfev": "749", "status": "2", "success": "False", "message": "Maximum number of iterations has been exceeded.", "x": "[ 5.16127803  3.36978569  3.12048472  2.18968182  0.27158246 -1.07474534]", "final_simplex": "(array([[ 5.16127803,  3.36978569,  3.12048472,  2.18968182,  0.27158246,\n        -1.07474534],\n       [ 5.16277791,  3.37395009,  3.10467452,  2.18689382,  0.27795788,\n        -1.07189345],\n       [ 5.16540265,  3.36856791,  3.105753  ,  2.17971695,  0.27855763,\n        -1.0667753 ],\n       [ 5.16994373,  3.37341792,  3.10230412,  2.18816202,  0.28260419,\n        -1.06068157],\n       [ 5.16011223,  3.37847117,  3.1041076 ,  2.18943122,  0.28654903,\n        -1.0610255 ],\n       [ 5.16367925,  3.37916923,  3.10369203,  2.18561145,  0.27306713,\n        -1.06839231],\n       [ 5.16979461,  3.37170416,  3.12015166,  2.18821598,  0.28453846,\n        -1.06956838]]), array([0.45219629, 0.45219923, 0.45220006, 0.45220269, 0.45220332,\n       0.45220362, 0.45221422]))", "callback": [0.9401040941540131, 0.8983089458070103, 0.7749725770362562, 0.7323800907813592, 0.7180339927326094, 0.7050040753999103, 0.7013910246386311, 0.6937235075186988, 0.6401039894413192, 0.5683482328688143, 0.5527852593903285, 0.5464281528378218, 0.5456251808161766, 0.5449859066582114, 0.5441097604262037, 0.5425515036408008, 0.5358123626823286, 0.5259474353979594, 0.5239147847200417, 0.5206392264756186, 0.5180840281880001, 0.5178802225508348, 0.5177013273331955, 0.5176831774343644, 0.5176775882405804, 0.5176750486883812, 0.5176696317119917, 0.5176555632635165, 0.517602845442286, 0.5175502082301253, 0.5173787919685648, 0.5170227985105798, 0.5166207791550196, 0.5156804941664599, 0.5149525113517848, 0.5127545278128175, 0.5082027317163791, 0.49693053636499185, 0.49152037000727355, 0.4751413215447883, 0.45739556417880767, 0.45679159726066454, 0.45584714801706905, 0.45520116042911773, 0.4546301530722783, 0.45397432511531255, 0.4530987771261219, 0.4525631598581936, 0.4522999996537769, 0.45221422083664076]}, "7": {"maxiter": 500, "fatol": 1e-10, "xatol": 1e-10, "duration": 0.1832118034362793, "fun": "0.4521962894465863", "nit": "500", "nfev": "749", "status": "2", "success": "False", "message": "Maximum number of iterations has been exceeded.", "x": "[ 5.16127803  3.36978569  3.12048472  2.18968182  0.27158246 -1.07474534]", "final_simplex": "(array([[ 5.16127803,  3.36978569,  3.12048472,  2.18968182,  0.27158246,\n        -1.07474534],\n       [ 5.16277791,  3.37395009,  3.10467452,  2.18689382,  0.27795788,\n        -1.07189345],\n       [ 5.16540265,  3.36856791,  3.105753  ,  2.17971695,  0.27855763,\n        -1.0667753 ],\n       [ 5.16994373,  3.37341792,  3.10230412,  2.18816202,  0.28260419,\n        -1.06068157],\n       [ 5.16011223,  3.37847117,  3.1041076 ,  2.18943122,  0.28654903,\n        -1.0610255 ],\n       [ 5.16367925,  3.37916923,  3.10369203,  2.18561145,  0.27306713,\n        -1.06839231],\n       [ 5.16979461,  3.37170416,  3.12015166,  2.18821598,  0.28453846,\n        -1.06956838]]), array([0.45219629, 0.45219923, 0.45220006, 0.45220269, 0.45220332,\n       0.45220362, 0.45221422]))", "callback": [0.9401040941540131, 0.8983089458070103, 0.7749725770362562, 0.7323800907813592, 0.7180339927326094, 0.7050040753999103, 0.7013910246386311, 0.6937235075186988, 0.6401039894413192, 0.5683482328688143, 0.5527852593903285, 0.5464281528378218, 0.5456251808161766, 0.5449859066582114, 0.5441097604262037, 0.5425515036408008, 0.5358123626823286, 0.5259474353979594, 0.5239147847200417, 0.5206392264756186, 0.5180840281880001, 0.5178802225508348, 0.5177013273331955, 0.5176831774343644, 0.5176775882405804, 0.5176750486883812, 0.5176696317119917, 0.5176555632635165, 0.517602845442286, 0.5175502082301253, 0.5173787919685648, 0.5170227985105798, 0.5166207791550196, 0.5156804941664599, 0.5149525113517848, 0.5127545278128175, 0.5082027317163791, 0.49693053636499185, 0.49152037000727355, 0.4751413215447883, 0.45739556417880767, 0.45679159726066454, 0.45584714801706905, 0.45520116042911773, 0.4546301530722783, 0.45397432511531255, 0.4530987771261219, 0.4525631598581936, 0.4522999996537769, 0.45221422083664076]}, "8": {"maxiter": 1000, "fatol": 1e-05, "xatol": 1e-05, "duration": 0.2399587631225586, "fun": "0.45218809813813476", "nit": "619", "nfev": "952", "status": "0", "success": "True", "message": "Optimization terminated successfully.", "x": "[ 5.16266103  3.36887371  3.11278239  2.19061228  0.27729482 -1.06829241]", "final_simplex": "(array([[ 5.16266103,  3.36887371,  3.11278239,  2.19061228,  0.27729482,\n        -1.06829241],\n       [ 5.16266755,  3.36886868,  3.11278017,  2.19060567,  0.27729896,\n        -1.06829126],\n       [ 5.16266084,  3.36886905,  3.11278145,  2.19060889,  0.27729963,\n        -1.06828728],\n       [ 5.16266406,  3.36886663,  3.11278368,  2.19061203,  0.2772934 ,\n        -1.06829248],\n       [ 5.16265889,  3.368869  ,  3.11278445,  2.19061306,  0.2772984 ,\n        -1.06828994],\n       [ 5.16265842,  3.3688761 ,  3.11277437,  2.19061608,  0.27730029,\n        -1.06828555],\n       [ 5.16266219,  3.36887414,  3.11278224,  2.19061044,  0.27729949,\n        -1.06828644]]), array([0.4521881, 0.4521881, 0.4521881, 0.4521881, 0.4521881, 0.4521881,\n       0.4521881]))", "callback": [0.9401040941540131, 0.8983089458070103, 0.7749725770362562, 0.7323800907813592, 0.7180339927326094, 0.7050040753999103, 0.7013910246386311, 0.6937235075186988, 0.6401039894413192, 0.5683482328688143, 0.5527852593903285, 0.5464281528378218, 0.5456251808161766, 0.5449859066582114, 0.5441097604262037, 0.5425515036408008, 0.5358123626823286, 0.5259474353979594, 0.5239147847200417, 0.5206392264756186, 0.5180840281880001, 0.5178802225508348, 0.5177013273331955, 0.5176831774343644, 0.5176775882405804, 0.5176750486883812, 0.5176696317119917, 0.5176555632635165, 0.517602845442286, 0.5175502082301253, 0.5173787919685648, 0.5170227985105798, 0.5166207791550196, 0.5156804941664599, 0.5149525113517848, 0.5127545278128175, 0.5082027317163791, 0.49693053636499185, 0.49152037000727355, 0.4751413215447883, 0.45739556417880767, 0.45679159726066454, 0.45584714801706905, 0.45520116042911773, 0.4546301530722783, 0.45397432511531255, 0.4530987771261219, 0.4525631598581936, 0.4522999996537769, 0.45221422083664076, 0.452195850611526, 0.4521902132145086, 0.45218845907419436, 0.4521883267804203, 0.45218819812392996, 0.4521881476868448, 0.45218811354677113, 0.4521881017791707, 0.45218809888048983, 0.45218809823629924, 0.45218809815831085, 0.45218809814265737]}, "9": {"maxiter": 1000, "fatol": 1e-05, "xatol": 1e-10, "duration": 0.2918260097503662, "fun": "0.45218809813367333", "nit": "738", "nfev": "1203", "status": "0", "success": "True", "message": "Optimization terminated successfully.", "x": "[ 5.16266338  3.36887194  3.11277641  2.19060936  0.27729639 -1.06829143]", "final_simplex": "(array([[ 5.16266338,  3.36887194,  3.11277641,  2.19060936,  0.27729639,\n        -1.06829143],\n       [ 5.16266338,  3.36887194,  3.11277641,  2.19060936,  0.27729639,\n        -1.06829143],\n       [ 5.16266338,  3.36887194,  3.11277641,  2.19060936,  0.27729639,\n        -1.06829143],\n       [ 5.16266338,  3.36887194,  3.11277641,  2.19060936,  0.27729639,\n        -1.06829143],\n       [ 5.16266338,  3.36887194,  3.11277641,  2.19060936,  0.27729639,\n        -1.06829143],\n       [ 5.16266338,  3.36887194,  3.11277641,  2.19060936,  0.27729639,\n        -1.06829143],\n       [ 5.16266338,  3.36887194,  3.11277641,  2.19060936,  0.27729639,\n        -1.06829143]]), array([0.4521881, 0.4521881, 0.4521881, 0.4521881, 0.4521881, 0.4521881,\n       0.4521881]))", "callback": [0.9401040941540131, 0.8983089458070103, 0.7749725770362562, 0.7323800907813592, 0.7180339927326094, 0.7050040753999103, 0.7013910246386311, 0.6937235075186988, 0.6401039894413192, 0.5683482328688143, 0.5527852593903285, 0.5464281528378218, 0.5456251808161766, 0.5449859066582114, 0.5441097604262037, 0.5425515036408008, 0.5358123626823286, 0.5259474353979594, 0.5239147847200417, 0.5206392264756186, 0.5180840281880001, 0.5178802225508348, 0.5177013273331955, 0.5176831774343644, 0.5176775882405804, 0.5176750486883812, 0.5176696317119917, 0.5176555632635165, 0.517602845442286, 0.5175502082301253, 0.5173787919685648, 0.5170227985105798, 0.5166207791550196, 0.5156804941664599, 0.5149525113517848, 0.5127545278128175, 0.5082027317163791, 0.49693053636499185, 0.49152037000727355, 0.4751413215447883, 0.45739556417880767, 0.45679159726066454, 0.45584714801706905, 0.45520116042911773, 0.4546301530722783, 0.45397432511531255, 0.4530987771261219, 0.4525631598581936, 0.4522999996537769, 0.45221422083664076, 0.452195850611526, 0.4521902132145086, 0.45218845907419436, 0.4521883267804203, 0.45218819812392996, 0.4521881476868448, 0.45218811354677113, 0.4521881017791707, 0.45218809888048983, 0.45218809823629924, 0.45218809815831085, 0.45218809814265737, 0.45218809813480276, 0.4521880981340394, 0.4521880981338078, 0.4521880981337415, 0.45218809813370275, 0.45218809813369254, 0.4521880981336821, 0.45218809813367544, 0.4521880981336748, 0.45218809813367367, 0.45218809813367333, 0.45218809813367333]}, "10": {"maxiter": 1000, "fatol": 1e-10, "xatol": 1e-05, "duration": 0.22924208641052246, "fun": "0.45218809813813476", "nit": "619", "nfev": "952", "status": "0", "success": "True", "message": "Optimization terminated successfully.", "x": "[ 5.16266103  3.36887371  3.11278239  2.19061228  0.27729482 -1.06829241]", "final_simplex": "(array([[ 5.16266103,  3.36887371,  3.11278239,  2.19061228,  0.27729482,\n        -1.06829241],\n       [ 5.16266755,  3.36886868,  3.11278017,  2.19060567,  0.27729896,\n        -1.06829126],\n       [ 5.16266084,  3.36886905,  3.11278145,  2.19060889,  0.27729963,\n        -1.06828728],\n       [ 5.16266406,  3.36886663,  3.11278368,  2.19061203,  0.2772934 ,\n        -1.06829248],\n       [ 5.16265889,  3.368869  ,  3.11278445,  2.19061306,  0.2772984 ,\n        -1.06828994],\n       [ 5.16265842,  3.3688761 ,  3.11277437,  2.19061608,  0.27730029,\n        -1.06828555],\n       [ 5.16266219,  3.36887414,  3.11278224,  2.19061044,  0.27729949,\n        -1.06828644]]), array([0.4521881, 0.4521881, 0.4521881, 0.4521881, 0.4521881, 0.4521881,\n       0.4521881]))", "callback": [0.9401040941540131, 0.8983089458070103, 0.7749725770362562, 0.7323800907813592, 0.7180339927326094, 0.7050040753999103, 0.7013910246386311, 0.6937235075186988, 0.6401039894413192, 0.5683482328688143, 0.5527852593903285, 0.5464281528378218, 0.5456251808161766, 0.5449859066582114, 0.5441097604262037, 0.5425515036408008, 0.5358123626823286, 0.5259474353979594, 0.5239147847200417, 0.5206392264756186, 0.5180840281880001, 0.5178802225508348, 0.5177013273331955, 0.5176831774343644, 0.5176775882405804, 0.5176750486883812, 0.5176696317119917, 0.5176555632635165, 0.517602845442286, 0.5175502082301253, 0.5173787919685648, 0.5170227985105798, 0.5166207791550196, 0.5156804941664599, 0.5149525113517848, 0.5127545278128175, 0.5082027317163791, 0.49693053636499185, 0.49152037000727355, 0.4751413215447883, 0.45739556417880767, 0.45679159726066454, 0.45584714801706905, 0.45520116042911773, 0.4546301530722783, 0.45397432511531255, 0.4530987771261219, 0.4525631598581936, 0.4522999996537769, 0.45221422083664076, 0.452195850611526, 0.4521902132145086, 0.45218845907419436, 0.4521883267804203, 0.45218819812392996, 0.4521881476868448, 0.45218811354677113, 0.4521881017791707, 0.45218809888048983, 0.45218809823629924, 0.45218809815831085, 0.45218809814265737]}, "11": {"maxiter": 1000, "fatol": 1e-10, "xatol": 1e-10, "duration": 0.2883429527282715, "fun": "0.45218809813367333", "nit": "738", "nfev": "1203", "status": "0", "success": "True", "message": "Optimization terminated successfully.", "x": "[ 5.16266338  3.36887194  3.11277641  2.19060936  0.27729639 -1.06829143]", "final_simplex": "(array([[ 5.16266338,  3.36887194,  3.11277641,  2.19060936,  0.27729639,\n        -1.06829143],\n       [ 5.16266338,  3.36887194,  3.11277641,  2.19060936,  0.27729639,\n        -1.06829143],\n       [ 5.16266338,  3.36887194,  3.11277641,  2.19060936,  0.27729639,\n        -1.06829143],\n       [ 5.16266338,  3.36887194,  3.11277641,  2.19060936,  0.27729639,\n        -1.06829143],\n       [ 5.16266338,  3.36887194,  3.11277641,  2.19060936,  0.27729639,\n        -1.06829143],\n       [ 5.16266338,  3.36887194,  3.11277641,  2.19060936,  0.27729639,\n        -1.06829143],\n       [ 5.16266338,  3.36887194,  3.11277641,  2.19060936,  0.27729639,\n        -1.06829143]]), array([0.4521881, 0.4521881, 0.4521881, 0.4521881, 0.4521881, 0.4521881,\n       0.4521881]))", "callback": [0.9401040941540131, 0.8983089458070103, 0.7749725770362562, 0.7323800907813592, 0.7180339927326094, 0.7050040753999103, 0.7013910246386311, 0.6937235075186988, 0.6401039894413192, 0.5683482328688143, 0.5527852593903285, 0.5464281528378218, 0.5456251808161766, 0.5449859066582114, 0.5441097604262037, 0.5425515036408008, 0.5358123626823286, 0.5259474353979594, 0.5239147847200417, 0.5206392264756186, 0.5180840281880001, 0.5178802225508348, 0.5177013273331955, 0.5176831774343644, 0.5176775882405804, 0.5176750486883812, 0.5176696317119917, 0.5176555632635165, 0.517602845442286, 0.5175502082301253, 0.5173787919685648, 0.5170227985105798, 0.5166207791550196, 0.5156804941664599, 0.5149525113517848, 0.5127545278128175, 0.5082027317163791, 0.49693053636499185, 0.49152037000727355, 0.4751413215447883, 0.45739556417880767, 0.45679159726066454, 0.45584714801706905, 0.45520116042911773, 0.4546301530722783, 0.45397432511531255, 0.4530987771261219, 0.4525631598581936, 0.4522999996537769, 0.45221422083664076, 0.452195850611526, 0.4521902132145086, 0.45218845907419436, 0.4521883267804203, 0.45218819812392996, 0.4521881476868448, 0.45218811354677113, 0.4521881017791707, 0.45218809888048983, 0.45218809823629924, 0.45218809815831085, 0.45218809814265737, 0.45218809813480276, 0.4521880981340394, 0.4521880981338078, 0.4521880981337415, 0.45218809813370275, 0.45218809813369254, 0.4521880981336821, 0.45218809813367544, 0.4521880981336748, 0.45218809813367367, 0.45218809813367333, 0.45218809813367333]}}, "bfgs": {"type": "gradient", "0": {"maxiter": 100, "gtol": 1e-05, "xrtol": 1e-05, "eps": 1e-05, "duration": 0.04853391647338867, "fun": "0.45218809817970307", "jac": "[-1.04645181e-06  4.74861261e-06  2.69841927e-06 -1.91913152e-07\n  8.68549677e-07  8.66440253e-07]", "hess_inv": "[[ 5.03375446 -0.34206327 -0.51627223 -1.72286881 -0.32710034 -0.82343082]\n [-0.34206327  4.26958307 -1.85383755 -0.09448984 -0.36356731  0.09705553]\n [-0.51627223 -1.85383755  5.9352495   1.871926   -1.87911017 -2.48223028]\n [-1.72286881 -0.09448984  1.871926    5.73279796 -0.7171039  -0.75802988]\n [-0.32710034 -0.36356731 -1.87911017 -0.7171039   7.52029306  5.04826221]\n [-0.82343082  0.09705553 -2.48223028 -0.75802988  5.04826221  7.23585131]]", "nfev": "203", "njev": "29", "status": "0", "success": "True", "message": "Optimization terminated successfully.", "x": "[ 5.16265172  3.36888816  3.11278     2.19061006  6.56047507 -1.06829621]", "nit": "21", "callback": [0.8078598607185485, 0.7909332293709885, 0.552160658800656, 0.5151629487909317, 0.4694353138834013, 0.46249142247774633, 0.45551837864604106, 0.4526920249854264, 0.45242827565871746, 0.4523798167469313, 0.4523099386909769, 0.45225415111768985, 0.45221354572399963, 0.4521948809858951, 0.45218966239864233, 0.45218878619473024, 0.4521885120284078, 0.4521882706918673, 0.45218813426236215, 0.4521881007020314, 0.45218809817970307]}, "1": {"maxiter": 100, "gtol": 1e-05, "xrtol": 1e-05, "eps": 1e-10, "duration": 0.04797005653381348, "fun": "0.4521880981915305", "jac": "[-2.22044587e-06  2.22044587e-06  2.22044587e-06  0.00000000e+00\n  0.00000000e+00  3.33066880e-06]", "hess_inv": "[[ 5.12865199 -0.28253286 -0.5566824  -1.76754288 -0.30661179 -0.88054219]\n [-0.28253286  4.40657054 -1.89003434 -0.12708558 -0.29975568  0.07110805]\n [-0.5566824  -1.89003434  5.91056668  1.89598354 -1.81931102 -2.35719574]\n [-1.76754288 -0.12708558  1.89598354  5.7502369  -0.73654615 -0.74200835]\n [-0.30661179 -0.29975568 -1.81931102 -0.73654615  7.42562997  4.87140225]\n [-0.88054219  0.07110805 -2.35719574 -0.74200835  4.87140225  7.04725854]]", "nfev": "203", "njev": "29", "status": "0", "success": "True", "message": "Optimization terminated successfully.", "x": "[ 5.16264547  3.36888129  3.11278624  2.19061605  6.56047806 -1.06828438]", "nit": "21", "callback": [0.8078594570905698, 0.7909312321010435, 0.5520798062820989, 0.5151229175429264, 0.46943628548795935, 0.46249041854207096, 0.4555204518948639, 0.45269213343105685, 0.4524282392903012, 0.45237974130612946, 0.45230987019604707, 0.45225416063538004, 0.4522134847094996, 0.45219488986576384, 0.45218965812165446, 0.45218878400653806, 0.4521885104812673, 0.4521882707021765, 0.452188132687794, 0.4521881011932236, 0.4521880981915305]}, "2": {"maxiter": 100, "gtol": 1e-05, "xrtol": 1e-10, "eps": 1e-05, "duration": 0.04818987846374512, "fun": "0.45218809817970307", "jac": "[-1.04645181e-06  4.74861261e-06  2.69841927e-06 -1.91913152e-07\n  8.68549677e-07  8.66440253e-07]", "hess_inv": "[[ 5.03375446 -0.34206327 -0.51627223 -1.72286881 -0.32710034 -0.82343082]\n [-0.34206327  4.26958307 -1.85383755 -0.09448984 -0.36356731  0.09705553]\n [-0.51627223 -1.85383755  5.9352495   1.871926   -1.87911017 -2.48223028]\n [-1.72286881 -0.09448984  1.871926    5.73279796 -0.7171039  -0.75802988]\n [-0.32710034 -0.36356731 -1.87911017 -0.7171039   7.52029306  5.04826221]\n [-0.82343082  0.09705553 -2.48223028 -0.75802988  5.04826221  7.23585131]]", "nfev": "203", "njev": "29", "status": "0", "success": "True", "message": "Optimization terminated successfully.", "x": "[ 5.16265172  3.36888816  3.11278     2.19061006  6.56047507 -1.06829621]", "nit": "21", "callback": [0.8078598607185485, 0.7909332293709885, 0.552160658800656, 0.5151629487909317, 0.4694353138834013, 0.46249142247774633, 0.45551837864604106, 0.4526920249854264, 0.45242827565871746, 0.4523798167469313, 0.4523099386909769, 0.45225415111768985, 0.45221354572399963, 0.4521948809858951, 0.45218966239864233, 0.45218878619473024, 0.4521885120284078, 0.4521882706918673, 0.45218813426236215, 0.4521881007020314, 0.45218809817970307]}, "3": {"maxiter": 100, "gtol": 1e-05, "xrtol": 1e-10, "eps": 1e-10, "duration": 0.04814887046813965, "fun": "0.4521880981915305", "jac": "[-2.22044587e-06  2.22044587e-06  2.22044587e-06  0.00000000e+00\n  0.00000000e+00  3.33066880e-06]", "hess_inv": "[[ 5.12865199 -0.28253286 -0.5566824  -1.76754288 -0.30661179 -0.88054219]\n [-0.28253286  4.40657054 -1.89003434 -0.12708558 -0.29975568  0.07110805]\n [-0.5566824  -1.89003434  5.91056668  1.89598354 -1.81931102 -2.35719574]\n [-1.76754288 -0.12708558  1.89598354  5.7502369  -0.73654615 -0.74200835]\n [-0.30661179 -0.29975568 -1.81931102 -0.73654615  7.42562997  4.87140225]\n [-0.88054219  0.07110805 -2.35719574 -0.74200835  4.87140225  7.04725854]]", "nfev": "203", "njev": "29", "status": "0", "success": "True", "message": "Optimization terminated successfully.", "x": "[ 5.16264547  3.36888129  3.11278624  2.19061605  6.56047806 -1.06828438]", "nit": "21", "callback": [0.8078594570905698, 0.7909312321010435, 0.5520798062820989, 0.5151229175429264, 0.46943628548795935, 0.46249041854207096, 0.4555204518948639, 0.45269213343105685, 0.4524282392903012, 0.45237974130612946, 0.45230987019604707, 0.45225416063538004, 0.4522134847094996, 0.45219488986576384, 0.45218965812165446, 0.45218878400653806, 0.4521885104812673, 0.4521882707021765, 0.452188132687794, 0.4521881011932236, 0.4521880981915305]}, "4": {"maxiter": 100, "gtol": 1e-10, "xrtol": 1e-05, "eps": 1e-05, "duration": 0.04978299140930176, "fun": "0.4521880981502715", "jac": "[-6.79456491e-08  2.23909780e-07  1.48336898e-07  2.77444734e-08\n -1.09556808e-07  3.95572464e-07]", "hess_inv": "[[ 5.01634433e+00 -5.62157725e-01 -5.69008348e-01 -1.69714969e+00\n  -2.96618225e-01 -6.60102142e-01]\n [-5.62157725e-01  4.79909924e+00 -1.72910166e+00 -6.28014167e-03\n  -2.63722847e-01  1.38478759e-01]\n [-5.69008348e-01 -1.72910166e+00  5.96462574e+00  1.89321471e+00\n  -1.85500231e+00 -2.47099775e+00]\n [-1.69714969e+00 -6.28014167e-03  1.89321471e+00  5.71175341e+00\n  -7.41709438e-01 -8.54562630e-01]\n [-2.96618225e-01 -2.63722847e-01 -1.85500231e+00 -7.41709438e-01\n   7.49153600e+00  4.93672430e+00]\n [-6.60102142e-01  1.38478759e-01 -2.47099775e+00 -8.54562630e-01\n   4.93672430e+00  6.93974263e+00]]", "nfev": "210", "njev": "30", "status": "0", "success": "True", "message": "Optimization terminated successfully.", "x": "[ 5.16266168  3.36886956  3.11277564  2.19060569  6.5604701  -1.06830136]", "nit": "22", "callback": [0.8078598607185485, 0.7909332293709885, 0.552160658800656, 0.5151629487909317, 0.4694353138834013, 0.46249142247774633, 0.45551837864604106, 0.4526920249854264, 0.45242827565871746, 0.4523798167469313, 0.4523099386909769, 0.45225415111768985, 0.45221354572399963, 0.4521948809858951, 0.45218966239864233, 0.45218878619473024, 0.4521885120284078, 0.4521882706918673, 0.45218813426236215, 0.4521881007020314, 0.45218809817970307, 0.4521880981502715]}, "5": {"maxiter": 100, "gtol": 1e-10, "xrtol": 1e-05, "eps": 1e-10, "duration": 0.049484968185424805, "fun": "0.45218809815108374", "jac": "[-2.22044587e-06 -1.11022293e-06  2.22044587e-06 -1.11022293e-06\n -1.11022293e-06  0.00000000e+00]", "hess_inv": "[[ 4.98704406 -0.56757214 -0.56668659 -1.68194546 -0.26682556 -0.6089789 ]\n [-0.56757214  4.71818807 -1.83177704 -0.05464097 -0.04605166  0.37533404]\n [-0.56668659 -1.83177704  5.91680133  1.89318935 -1.80112718 -2.35947358]\n [-1.68194546 -0.05464097  1.89318935  5.70975747 -0.78017659 -0.8788218 ]\n [-0.26682556 -0.04605166 -1.80112718 -0.78017659  7.44849813  4.74756987]\n [-0.6089789   0.37533404 -2.35947358 -0.8788218   4.74756987  6.59284228]]", "nfev": "210", "njev": "30", "status": "0", "success": "True", "message": "Optimization terminated successfully.", "x": "[ 5.16266109  3.36887237  3.11278377  2.19061116  6.56046576 -1.06830328]", "nit": "22", "callback": [0.8078594570905698, 0.7909312321010435, 0.5520798062820989, 0.5151229175429264, 0.46943628548795935, 0.46249041854207096, 0.4555204518948639, 0.45269213343105685, 0.4524282392903012, 0.45237974130612946, 0.45230987019604707, 0.45225416063538004, 0.4522134847094996, 0.45219488986576384, 0.45218965812165446, 0.45218878400653806, 0.4521885104812673, 0.4521882707021765, 0.452188132687794, 0.4521881011932236, 0.4521880981915305, 0.45218809815108374]}, "6": {"maxiter": 100, "gtol": 1e-10, "xrtol": 1e-10, "eps": 1e-05, "duration": 0.09746575355529785, "fun": "0.4521880981502715", "jac": "[-6.79456491e-08  2.23909780e-07  1.48336898e-07  2.77444734e-08\n -1.09556808e-07  3.95572464e-07]", "hess_inv": "[[ 5.11468599 -0.69179722 -0.5631313  -1.73437795 -0.38012358 -0.84168966]\n [-0.69179722  4.94025639 -1.76378246  0.03951435 -0.13475944  0.44977524]\n [-0.5631313  -1.76378246  5.94058616  1.88801782 -1.84289323 -2.41672115]\n [-1.73437795  0.03951435  1.88801782  5.72548441 -0.70801401 -0.77788474]\n [-0.38012358 -0.13475944 -1.84289323 -0.70801401  7.55045552  5.04525743]\n [-0.84168966  0.44977524 -2.41672115 -0.77788474  5.04525743  7.10113648]]", "nfev": "411", "njev": "57", "status": "2", "success": "False", "message": "Desired error not necessarily achieved due to precision loss.", "x": "[ 5.16266168  3.36886956  3.11277564  2.19060569  6.5604701  -1.06830136]", "nit": "22", "callback": [0.8078598607185485, 0.7909332293709885, 0.552160658800656, 0.5151629487909317, 0.4694353138834013, 0.46249142247774633, 0.45551837864604106, 0.4526920249854264, 0.45242827565871746, 0.4523798167469313, 0.4523099386909769, 0.45225415111768985, 0.45221354572399963, 0.4521948809858951, 0.45218966239864233, 0.45218878619473024, 0.4521885120284078, 0.4521882706918673, 0.45218813426236215, 0.4521881007020314, 0.45218809817970307, 0.4521880981502715]}, "7": {"maxiter": 100, "gtol": 1e-10, "xrtol": 1e-10, "eps": 1e-10, "duration": 0.08101177215576172, "fun": "0.45218809813990013", "jac": "[-1.11022293e-06 -1.11022293e-06 -1.11022293e-06  0.00000000e+00\n -1.11022293e-06 -1.11022293e-06]", "hess_inv": "[[ 0.82070434 -0.12951327  1.14157853  1.5831032  -0.24225183 -0.8234846 ]\n [-0.12951327  0.8945293  -0.39101703 -0.34020096  0.39285932 -0.10607122]\n [ 1.14157853 -0.39101703  2.95625032  2.19555502 -0.51113764 -2.25690562]\n [ 1.5831032  -0.34020096  2.19555502  4.70297149 -0.06418717 -1.93787923]\n [-0.24225183  0.39285932 -0.51113764 -0.06418717  0.51930656  0.01739446]\n [-0.8234846  -0.10607122 -2.25690562 -1.93787923  0.01739446  2.19239304]]", "nfev": "343", "njev": "49", "status": "0", "success": "True", "message": "Optimization terminated successfully.", "x": "[ 5.1626633   3.36886979  3.11277743  2.19061053  6.56047546 -1.06830031]", "nit": "30", "callback": [0.8078594570905698, 0.7909312321010435, 0.5520798062820989, 0.5151229175429264, 0.46943628548795935, 0.46249041854207096, 0.4555204518948639, 0.45269213343105685, 0.4524282392903012, 0.45237974130612946, 0.45230987019604707, 0.45225416063538004, 0.4522134847094996, 0.45219488986576384, 0.45218965812165446, 0.45218878400653806, 0.4521885104812673, 0.4521882707021765, 0.452188132687794, 0.4521881011932236, 0.4521880981915305, 0.45218809815108374, 0.4521880981496098, 0.45218809814867367, 0.4521880981479133, 0.45218809814405136, 0.4521880981408678, 0.45218809813993377, 0.45218809813990013, 0.45218809813990013]}, "8": {"maxiter": 500, "gtol": 1e-05, "xrtol": 1e-05, "eps": 1e-05, "duration": 0.04825997352600098, "fun": "0.45218809817970307", "jac": "[-1.04645181e-06  4.74861261e-06  2.69841927e-06 -1.91913152e-07\n  8.68549677e-07  8.66440253e-07]", "hess_inv": "[[ 5.03375446 -0.34206327 -0.51627223 -1.72286881 -0.32710034 -0.82343082]\n [-0.34206327  4.26958307 -1.85383755 -0.09448984 -0.36356731  0.09705553]\n [-0.51627223 -1.85383755  5.9352495   1.871926   -1.87911017 -2.48223028]\n [-1.72286881 -0.09448984  1.871926    5.73279796 -0.7171039  -0.75802988]\n [-0.32710034 -0.36356731 -1.87911017 -0.7171039   7.52029306  5.04826221]\n [-0.82343082  0.09705553 -2.48223028 -0.75802988  5.04826221  7.23585131]]", "nfev": "203", "njev": "29", "status": "0", "success": "True", "message": "Optimization terminated successfully.", "x": "[ 5.16265172  3.36888816  3.11278     2.19061006  6.56047507 -1.06829621]", "nit": "21", "callback": [0.8078598607185485, 0.7909332293709885, 0.552160658800656, 0.5151629487909317, 0.4694353138834013, 0.46249142247774633, 0.45551837864604106, 0.4526920249854264, 0.45242827565871746, 0.4523798167469313, 0.4523099386909769, 0.45225415111768985, 0.45221354572399963, 0.4521948809858951, 0.45218966239864233, 0.45218878619473024, 0.4521885120284078, 0.4521882706918673, 0.45218813426236215, 0.4521881007020314, 0.45218809817970307]}, "9": {"maxiter": 500, "gtol": 1e-05, "xrtol": 1e-05, "eps": 1e-10, "duration": 0.04749703407287598, "fun": "0.4521880981915305", "jac": "[-2.22044587e-06  2.22044587e-06  2.22044587e-06  0.00000000e+00\n  0.00000000e+00  3.33066880e-06]", "hess_inv": "[[ 5.12865199 -0.28253286 -0.5566824  -1.76754288 -0.30661179 -0.88054219]\n [-