{"date": "2024/09/24/, 20:15:47", "conf_id": 40, "data_type": "random\n", "num_data_points": 3, "s_rank": 0, "unitary": "[[-0.45070455-0.02711853j,0.78437395-0.06613086j,0.06358678+0.19963393j,-0.07343613+0.35668523j],[-0.01890143-0.03813363j,0.32408202+0.25557629j,0.05872864-0.68979805j,0.55466693-0.20227297j],[-0.11215405+0.64023111j,-0.13344055+0.29565494j,-0.49012687-0.19046288j,-0.04241254+0.44046348j],[0.55771659+0.24656916j,0.31851997-0.05798805j,0.28761525-0.34294258j,-0.56718418+0.03616933j]]", "databatch_0": {"databatch": "[[[-0.05069705-0.12376986j,-0.21328123+0.01552107j,0.09942761-0.02025487j,-0.10055396+0.01452137j],[0.01499592-0.23723363j,-0.3530503-0.14070338j,0.17468898+0.04477737j,-0.17204032-0.0548185j],[0.06317853-0.20072097j,-0.27361627-0.19577405j,0.14065131+0.07551692j,-0.13624625-0.0835857j],[-0.27937892+0.1250607j,0.05118082+0.48670913j,-0.05363916-0.22593736j,0.04060741+0.22893522j]],[[0.08817041+0.02581505j,0.08285677+0.2512018j,0.02881005-0.02570832j,-0.07440157+0.18937153j],[-0.07793381-0.13318546j,0.18840952-0.40235985j,-0.06482992-0.00181404j,0.30920869-0.14553041j],[0.09107712-0.16564822j,0.54150484-0.05472715j,-0.0388328-0.0693124j,0.34734635+0.23369673j],[-0.03749768+0.01387259j,-0.09415263-0.06622961j,-0.0033888+0.01645852j,-0.02317439-0.08545823j]],[[-0.04225846-0.09628398j,0.11063075+0.0281238j,0.14788531-0.11290028j,0.06134919+0.03492252j],[0.29506998-0.01042495j,-0.18811146+0.25952086j,0.14125063+0.5029764j,-0.15474749+0.12387293j],[0.18547996-0.15994926j,0.01305034+0.26556499j,0.35253397+0.25205633j,-0.03579568+0.16048574j],[0.11837609+0.03709429j,-0.11079639+0.07655186j,-0.01430268+0.21903572j,-0.07862435+0.02746362j]]]", "initial param values": "[3.70232838,4.50725243,1.60436652,4.20453323,3.68097203,3.08066242]", "nelder_mead": {"type": "gradient-free", "0": {"maxiter": 100, "fatol": 1e-05, "xatol": 1e-05, "duration": 0.03885293006896973, "fun": "0.4010723884132834", "nit": "100", "nfev": "159", "status": "2", "success": "False", "message": "Maximum number of iterations has been exceeded.", "x": "[4.89913671 3.17596001 0.90005074 3.85079444 4.92998449 3.04776758]", "final_simplex": "(array([[4.89913671, 3.17596001, 0.90005074, 3.85079444, 4.92998449,\n        3.04776758],\n       [4.90953314, 3.15366902, 0.87207889, 3.83605768, 4.98264558,\n        3.06077224],\n       [4.90341849, 3.17323323, 0.86591909, 3.86201769, 4.95783396,\n        3.03662627],\n       [4.90481588, 3.14200352, 0.86272074, 3.8611789 , 4.97790856,\n        3.0535712 ],\n       [4.93000925, 3.17235132, 0.86793367, 3.82760327, 4.98382857,\n        3.0698538 ],\n       [4.89537566, 3.19718285, 0.85764902, 3.84090691, 4.98452329,\n        3.07835375],\n       [4.89474204, 3.1527519 , 0.90280607, 3.84674051, 4.96909278,\n        3.07273118]]), array([0.40107239, 0.40110257, 0.40117742, 0.40128109, 0.4012825 ,\n       0.40129393, 0.40131375]))", "callback": [0.6668469777676587, 0.4949664983138474, 0.47383810822934225, 0.42937972023593696, 0.4195502739290319, 0.4042045313081577, 0.4032439156996469, 0.4017601489559528, 0.40146070467122963, 0.40131830118512013]}, "1": {"maxiter": 100, "fatol": 1e-05, "xatol": 1e-10, "duration": 0.03719592094421387, "fun": "0.4010723884132834", "nit": "100", "nfev": "159", "status": "2", "success": "False", "message": "Maximum number of iterations has been exceeded.", "x": "[4.89913671 3.17596001 0.90005074 3.85079444 4.92998449 3.04776758]", "final_simplex": "(array([[4.89913671, 3.17596001, 0.90005074, 3.85079444, 4.92998449,\n        3.04776758],\n       [4.90953314, 3.15366902, 0.87207889, 3.83605768, 4.98264558,\n        3.06077224],\n       [4.90341849, 3.17323323, 0.86591909, 3.86201769, 4.95783396,\n        3.03662627],\n       [4.90481588, 3.14200352, 0.86272074, 3.8611789 , 4.97790856,\n        3.0535712 ],\n       [4.93000925, 3.17235132, 0.86793367, 3.82760327, 4.98382857,\n        3.0698538 ],\n       [4.89537566, 3.19718285, 0.85764902, 3.84090691, 4.98452329,\n        3.07835375],\n       [4.89474204, 3.1527519 , 0.90280607, 3.84674051, 4.96909278,\n        3.07273118]]), array([0.40107239, 0.40110257, 0.40117742, 0.40128109, 0.4012825 ,\n       0.40129393, 0.40131375]))", "callback": [0.6668469777676587, 0.4949664983138474, 0.47383810822934225, 0.42937972023593696, 0.4195502739290319, 0.4042045313081577, 0.4032439156996469, 0.4017601489559528, 0.40146070467122963, 0.40131830118512013]}, "2": {"maxiter": 100, "fatol": 1e-10, "xatol": 1e-05, "duration": 0.036792755126953125, "fun": "0.4010723884132834", "nit": "100", "nfev": "159", "status": "2", "success": "False", "message": "Maximum number of iterations has been exceeded.", "x": "[4.89913671 3.17596001 0.90005074 3.85079444 4.92998449 3.04776758]", "final_simplex": "(array([[4.89913671, 3.17596001, 0.90005074, 3.85079444, 4.92998449,\n        3.04776758],\n       [4.90953314, 3.15366902, 0.87207889, 3.83605768, 4.98264558,\n        3.06077224],\n       [4.90341849, 3.17323323, 0.86591909, 3.86201769, 4.95783396,\n        3.03662627],\n       [4.90481588, 3.14200352, 0.86272074, 3.8611789 , 4.97790856,\n        3.0535712 ],\n       [4.93000925, 3.17235132, 0.86793367, 3.82760327, 4.98382857,\n        3.0698538 ],\n       [4.89537566, 3.19718285, 0.85764902, 3.84090691, 4.98452329,\n        3.07835375],\n       [4.89474204, 3.1527519 , 0.90280607, 3.84674051, 4.96909278,\n        3.07273118]]), array([0.40107239, 0.40110257, 0.40117742, 0.40128109, 0.4012825 ,\n       0.40129393, 0.40131375]))", "callback": [0.6668469777676587, 0.4949664983138474, 0.47383810822934225, 0.42937972023593696, 0.4195502739290319, 0.4042045313081577, 0.4032439156996469, 0.4017601489559528, 0.40146070467122963, 0.40131830118512013]}, "3": {"maxiter": 100, "fatol": 1e-10, "xatol": 1e-10, "duration": 0.03634786605834961, "fun": "0.4010723884132834", "nit": "100", "nfev": "159", "status": "2", "success": "False", "message": "Maximum number of iterations has been exceeded.", "x": "[4.89913671 3.17596001 0.90005074 3.85079444 4.92998449 3.04776758]", "final_simplex": "(array([[4.89913671, 3.17596001, 0.90005074, 3.85079444, 4.92998449,\n        3.04776758],\n       [4.90953314, 3.15366902, 0.87207889, 3.83605768, 4.98264558,\n        3.06077224],\n       [4.90341849, 3.17323323, 0.86591909, 3.86201769, 4.95783396,\n        3.03662627],\n       [4.90481588, 3.14200352, 0.86272074, 3.8611789 , 4.97790856,\n        3.0535712 ],\n       [4.93000925, 3.17235132, 0.86793367, 3.82760327, 4.98382857,\n        3.0698538 ],\n       [4.89537566, 3.19718285, 0.85764902, 3.84090691, 4.98452329,\n        3.07835375],\n       [4.89474204, 3.1527519 , 0.90280607, 3.84674051, 4.96909278,\n        3.07273118]]), array([0.40107239, 0.40110257, 0.40117742, 0.40128109, 0.4012825 ,\n       0.40129393, 0.40131375]))", "callback": [0.6668469777676587, 0.4949664983138474, 0.47383810822934225, 0.42937972023593696, 0.4195502739290319, 0.4042045313081577, 0.4032439156996469, 0.4017601489559528, 0.40146070467122963, 0.40131830118512013]}, "4": {"maxiter": 500, "fatol": 1e-05, "xatol": 1e-05, "duration": 0.09751510620117188, "fun": "0.3994676374803102", "nit": "261", "nfev": "424", "status": "0", "success": "True", "message": "Optimization terminated successfully.", "x": "[4.84384019 3.14998732 0.87732257 3.75784862 4.84118018 2.93191563]", "final_simplex": "(array([[4.84384019, 3.14998732, 0.87732257, 3.75784862, 4.84118018,\n        2.93191563],\n       [4.8438442 , 3.14999316, 0.87731708, 3.75784788, 4.84118661,\n        2.93191909],\n       [4.84384479, 3.14998945, 0.87732011, 3.75785137, 4.84118007,\n        2.93191403],\n       [4.84384447, 3.14998913, 0.87731646, 3.75784739, 4.84118707,\n        2.93191886],\n       [4.84384496, 3.1499939 , 0.87732305, 3.75784651, 4.84117841,\n        2.93191404],\n       [4.84384094, 3.14999285, 0.87731562, 3.75784491, 4.84117944,\n        2.93191121],\n       [4.84384288, 3.14998663, 0.87732325, 3.75785428, 4.84118669,\n        2.93191813]]), array([0.39946764, 0.39946764, 0.39946764, 0.39946764, 0.39946764,\n       0.39946764, 0.39946764]))", "callback": [0.6668469777676587, 0.4949664983138474, 0.47383810822934225, 0.42937972023593696, 0.4195502739290319, 0.4042045313081577, 0.4032439156996469, 0.4017601489559528, 0.40146070467122963, 0.40131830118512013, 0.4010723884132834, 0.40053827869266134, 0.39972952870803236, 0.3995483837480499, 0.39948187802043034, 0.3994700459544439, 0.39946814125623564, 0.39946782194386865, 0.39946773199576724, 0.39946766146087453, 0.39946764613609154, 0.39946763868172763, 0.3994676383296253, 0.39946763765961724, 0.3994676375068088, 0.3994676374865722, 0.3994676374803102]}, "5": {"maxiter": 500, "fatol": 1e-05, "xatol": 1e-10, "duration": 0.1470198631286621, "fun": "0.3994676374787661", "nit": "361", "nfev": "643", "status": "0", "success": "True", "message": "Optimization terminated successfully.", "x": "[4.84384381 3.1499905  0.87732084 3.75784696 4.8411829  2.93191714]", "final_simplex": "(array([[4.84384381, 3.1499905 , 0.87732084, 3.75784696, 4.8411829 ,\n        2.93191714],\n       [4.84384381, 3.1499905 , 0.87732084, 3.75784696, 4.8411829 ,\n        2.93191714],\n       [4.84384381, 3.1499905 , 0.87732084, 3.75784696, 4.8411829 ,\n        2.93191714],\n       [4.84384381, 3.1499905 , 0.87732084, 3.75784696, 4.8411829 ,\n        2.93191714],\n       [4.84384381, 3.1499905 , 0.87732084, 3.75784696, 4.8411829 ,\n        2.93191714],\n       [4.84384381, 3.1499905 , 0.87732084, 3.75784696, 4.8411829 ,\n        2.93191714],\n       [4.84384381, 3.1499905 , 0.87732084, 3.75784696, 4.8411829 ,\n        2.93191714]]), array([0.39946764, 0.39946764, 0.39946764, 0.39946764, 0.39946764,\n       0.39946764, 0.39946764]))", "callback": [0.6668469777676587, 0.4949664983138474, 0.47383810822934225, 0.42937972023593696, 0.4195502739290319, 0.4042045313081577, 0.4032439156996469, 0.4017601489559528, 0.40146070467122963, 0.40131830118512013, 0.4010723884132834, 0.40053827869266134, 0.39972952870803236, 0.3995483837480499, 0.39948187802043034, 0.3994700459544439, 0.39946814125623564, 0.39946782194386865, 0.39946773199576724, 0.39946766146087453, 0.39946764613609154, 0.39946763868172763, 0.3994676383296253, 0.39946763765961724, 0.3994676375068088, 0.3994676374865722, 0.39946763748022796, 0.3994676374791244, 0.39946763747885095, 0.39946763747879765, 0.39946763747877445, 0.3994676374787687, 0.399467637478767, 0.39946763747876635, 0.39946763747876635, 0.39946763747876624, 0.3994676374787661]}, "6": {"maxiter": 500, "fatol": 1e-10, "xatol": 1e-05, "duration": 0.09515595436096191, "fun": "0.3994676374803102", "nit": "261", "nfev": "424", "status": "0", "success": "True", "message": "Optimization terminated successfully.", "x": "[4.84384019 3.14998732 0.87732257 3.75784862 4.84118018 2.93191563]", "final_simplex": "(array([[4.84384019, 3.14998732, 0.87732257, 3.75784862, 4.84118018,\n        2.93191563],\n       [4.8438442 , 3.14999316, 0.87731708, 3.75784788, 4.84118661,\n        2.93191909],\n       [4.84384479, 3.14998945, 0.87732011, 3.75785137, 4.84118007,\n        2.93191403],\n       [4.84384447, 3.14998913, 0.87731646, 3.75784739, 4.84118707,\n        2.93191886],\n       [4.84384496, 3.1499939 , 0.87732305, 3.75784651, 4.84117841,\n        2.93191404],\n       [4.84384094, 3.14999285, 0.87731562, 3.75784491, 4.84117944,\n        2.93191121],\n       [4.84384288, 3.14998663, 0.87732325, 3.75785428, 4.84118669,\n        2.93191813]]), array([0.39946764, 0.39946764, 0.39946764, 0.39946764, 0.39946764,\n       0.39946764, 0.39946764]))", "callback": [0.6668469777676587, 0.4949664983138474, 0.47383810822934225, 0.42937972023593696, 0.4195502739290319, 0.4042045313081577, 0.4032439156996469, 0.4017601489559528, 0.40146070467122963, 0.40131830118512013, 0.4010723884132834, 0.40053827869266134, 0.39972952870803236, 0.3995483837480499, 0.39948187802043034, 0.3994700459544439, 0.39946814125623564, 0.39946782194386865, 0.39946773199576724, 0.39946766146087453, 0.39946764613609154, 0.39946763868172763, 0.3994676383296253, 0.39946763765961724, 0.3994676375068088, 0.3994676374865722, 0.3994676374803102]}, "7": {"maxiter": 500, "fatol": 1e-10, "xatol": 1e-10, "duration": 0.18897008895874023, "fun": "0.3994676374787661", "nit": "361", "nfev": "643", "status": "0", "success": "True", "message": "Optimization terminated successfully.", "x": "[4.84384381 3.1499905  0.87732084 3.75784696 4.8411829  2.93191714]", "final_simplex": "(array([[4.84384381, 3.1499905 , 0.87732084, 3.75784696, 4.8411829 ,\n        2.93191714],\n       [4.84384381, 3.1499905 , 0.87732084, 3.75784696, 4.8411829 ,\n        2.93191714],\n       [4.84384381, 3.1499905 , 0.87732084, 3.75784696, 4.8411829 ,\n        2.93191714],\n       [4.84384381, 3.1499905 , 0.87732084, 3.75784696, 4.8411829 ,\n        2.93191714],\n       [4.84384381, 3.1499905 , 0.87732084, 3.75784696, 4.8411829 ,\n        2.93191714],\n       [4.84384381, 3.1499905 , 0.87732084, 3.75784696, 4.8411829 ,\n        2.93191714],\n       [4.84384381, 3.1499905 , 0.87732084, 3.75784696, 4.8411829 ,\n        2.93191714]]), array([0.39946764, 0.39946764, 0.39946764, 0.39946764, 0.39946764,\n       0.39946764, 0.39946764]))", "callback": [0.6668469777676587, 0.4949664983138474, 0.47383810822934225, 0.42937972023593696, 0.4195502739290319, 0.4042045313081577, 0.4032439156996469, 0.4017601489559528, 0.40146070467122963, 0.40131830118512013, 0.4010723884132834, 0.40053827869266134, 0.39972952870803236, 0.3995483837480499, 0.39948187802043034, 0.3994700459544439, 0.39946814125623564, 0.39946782194386865, 0.39946773199576724, 0.39946766146087453, 0.39946764613609154, 0.39946763868172763, 0.3994676383296253, 0.39946763765961724, 0.3994676375068088, 0.3994676374865722, 0.39946763748022796, 0.3994676374791244, 0.39946763747885095, 0.39946763747879765, 0.39946763747877445, 0.3994676374787687, 0.399467637478767, 0.39946763747876635, 0.39946763747876635, 0.39946763747876624, 0.3994676374787661]}, "8": {"maxiter": 1000, "fatol": 1e-05, "xatol": 1e-05, "duration": 0.10059118270874023, "fun": "0.3994676374803102", "nit": "261", "nfev": "424", "status": "0", "success": "True", "message": "Optimization terminated successfully.", "x": "[4.84384019 3.14998732 0.87732257 3.75784862 4.84118018 2.93191563]", "final_simplex": "(array([[4.84384019, 3.14998732, 0.87732257, 3.75784862, 4.84118018,\n        2.93191563],\n       [4.8438442 , 3.14999316, 0.87731708, 3.75784788, 4.84118661,\n        2.93191909],\n       [4.84384479, 3.14998945, 0.87732011, 3.75785137, 4.84118007,\n        2.93191403],\n       [4.84384447, 3.14998913, 0.87731646, 3.75784739, 4.84118707,\n        2.93191886],\n       [4.84384496, 3.1499939 , 0.87732305, 3.75784651, 4.84117841,\n        2.93191404],\n       [4.84384094, 3.14999285, 0.87731562, 3.75784491, 4.84117944,\n        2.93191121],\n       [4.84384288, 3.14998663, 0.87732325, 3.75785428, 4.84118669,\n        2.93191813]]), array([0.39946764, 0.39946764, 0.39946764, 0.39946764, 0.39946764,\n       0.39946764, 0.39946764]))", "callback": [0.6668469777676587, 0.4949664983138474, 0.47383810822934225, 0.42937972023593696, 0.4195502739290319, 0.4042045313081577, 0.4032439156996469, 0.4017601489559528, 0.40146070467122963, 0.40131830118512013, 0.4010723884132834, 0.40053827869266134, 0.39972952870803236, 0.3995483837480499, 0.39948187802043034, 0.3994700459544439, 0.39946814125623564, 0.39946782194386865, 0.39946773199576724, 0.39946766146087453, 0.39946764613609154, 0.39946763868172763, 0.3994676383296253, 0.39946763765961724, 0.3994676375068088, 0.3994676374865722, 0.3994676374803102]}, "9": {"maxiter": 1000, "fatol": 1e-05, "xatol": 1e-10, "duration": 0.14810395240783691, "fun": "0.3994676374787661", "nit": "361", "nfev": "643", "status": "0", "success": "True", "message": "Optimization terminated successfully.", "x": "[4.84384381 3.1499905  0.87732084 3.75784696 4.8411829  2.93191714]", "final_simplex": "(array([[4.84384381, 3.1499905 , 0.87732084, 3.75784696, 4.8411829 ,\n        2.93191714],\n       [4.84384381, 3.1499905 , 0.87732084, 3.75784696, 4.8411829 ,\n        2.93191714],\n       [4.84384381, 3.1499905 , 0.87732084, 3.75784696, 4.8411829 ,\n        2.93191714],\n       [4.84384381, 3.1499905 , 0.87732084, 3.75784696, 4.8411829 ,\n        2.93191714],\n       [4.84384381, 3.1499905 , 0.87732084, 3.75784696, 4.8411829 ,\n        2.93191714],\n       [4.84384381, 3.1499905 , 0.87732084, 3.75784696, 4.8411829 ,\n        2.93191714],\n       [4.84384381, 3.1499905 , 0.87732084, 3.75784696, 4.8411829 ,\n        2.93191714]]), array([0.39946764, 0.39946764, 0.39946764, 0.39946764, 0.39946764,\n       0.39946764, 0.39946764]))", "callback": [0.6668469777676587, 0.4949664983138474, 0.47383810822934225, 0.42937972023593696, 0.4195502739290319, 0.4042045313081577, 0.4032439156996469, 0.4017601489559528, 0.40146070467122963, 0.40131830118512013, 0.4010723884132834, 0.40053827869266134, 0.39972952870803236, 0.3995483837480499, 0.39948187802043034, 0.3994700459544439, 0.39946814125623564, 0.39946782194386865, 0.39946773199576724, 0.39946766146087453, 0.39946764613609154, 0.39946763868172763, 0.3994676383296253, 0.39946763765961724, 0.3994676375068088, 0.3994676374865722, 0.39946763748022796, 0.3994676374791244, 0.39946763747885095, 0.39946763747879765, 0.39946763747877445, 0.3994676374787687, 0.399467637478767, 0.39946763747876635, 0.39946763747876635, 0.39946763747876624, 0.3994676374787661]}, "10": {"maxiter": 1000, "fatol": 1e-10, "xatol": 1e-05, "duration": 0.10081195831298828, "fun": "0.3994676374803102", "nit": "261", "nfev": "424", "status": "0", "success": "True", "message": "Optimization terminated successfully.", "x": "[4.84384019 3.14998732 0.87732257 3.75784862 4.84118018 2.93191563]", "final_simplex": "(array([[4.84384019, 3.14998732, 0.87732257, 3.75784862, 4.84118018,\n        2.93191563],\n       [4.8438442 , 3.14999316, 0.87731708, 3.75784788, 4.84118661,\n        2.93191909],\n       [4.84384479, 3.14998945, 0.87732011, 3.75785137, 4.84118007,\n        2.93191403],\n       [4.84384447, 3.14998913, 0.87731646, 3.75784739, 4.84118707,\n        2.93191886],\n       [4.84384496, 3.1499939 , 0.87732305, 3.75784651, 4.84117841,\n        2.93191404],\n       [4.84384094, 3.14999285, 0.87731562, 3.75784491, 4.84117944,\n        2.93191121],\n       [4.84384288, 3.14998663, 0.87732325, 3.75785428, 4.84118669,\n        2.93191813]]), array([0.39946764, 0.39946764, 0.39946764, 0.39946764, 0.39946764,\n       0.39946764, 0.39946764]))", "callback": [0.6668469777676587, 0.4949664983138474, 0.47383810822934225, 0.42937972023593696, 0.4195502739290319, 0.4042045313081577, 0.4032439156996469, 0.4017601489559528, 0.40146070467122963, 0.40131830118512013, 0.4010723884132834, 0.40053827869266134, 0.39972952870803236, 0.3995483837480499, 0.39948187802043034, 0.3994700459544439, 0.39946814125623564, 0.39946782194386865, 0.39946773199576724, 0.39946766146087453, 0.39946764613609154, 0.39946763868172763, 0.3994676383296253, 0.39946763765961724, 0.3994676375068088, 0.3994676374865722, 0.3994676374803102]}, "11": {"maxiter": 1000, "fatol": 1e-10, "xatol": 1e-10, "duration": 0.16590285301208496, "fun": "0.3994676374787661", "nit": "361", "nfev": "643", "status": "0", "success": "True", "message": "Optimization terminated successfully.", "x": "[4.84384381 3.1499905  0.87732084 3.75784696 4.8411829  2.93191714]", "final_simplex": "(array([[4.84384381, 3.1499905 , 0.87732084, 3.75784696, 4.8411829 ,\n        2.93191714],\n       [4.84384381, 3.1499905 , 0.87732084, 3.75784696, 4.8411829 ,\n        2.93191714],\n       [4.84384381, 3.1499905 , 0.87732084, 3.75784696, 4.8411829 ,\n        2.93191714],\n       [4.84384381, 3.1499905 , 0.87732084, 3.75784696, 4.8411829 ,\n        2.93191714],\n       [4.84384381, 3.1499905 , 0.87732084, 3.75784696, 4.8411829 ,\n        2.93191714],\n       [4.84384381, 3.1499905 , 0.87732084, 3.75784696, 4.8411829 ,\n        2.93191714],\n       [4.84384381, 3.1499905 , 0.87732084, 3.75784696, 4.8411829 ,\n        2.93191714]]), array([0.39946764, 0.39946764, 0.39946764, 0.39946764, 0.39946764,\n       0.39946764, 0.39946764]))", "callback": [0.6668469777676587, 0.4949664983138474, 0.47383810822934225, 0.42937972023593696, 0.4195502739290319, 0.4042045313081577, 0.4032439156996469, 0.4017601489559528, 0.40146070467122963, 0.40131830118512013, 0.4010723884132834, 0.40053827869266134, 0.39972952870803236, 0.3995483837480499, 0.39948187802043034, 0.3994700459544439, 0.39946814125623564, 0.39946782194386865, 0.39946773199576724, 0.39946766146087453, 0.39946764613609154, 0.39946763868172763, 0.3994676383296253, 0.39946763765961724, 0.3994676375068088, 0.3994676374865722, 0.39946763748022796, 0.3994676374791244, 0.39946763747885095, 0.39946763747879765, 0.39946763747877445, 0.3994676374787687, 0.399467637478767, 0.39946763747876635, 0.39946763747876635, 0.39946763747876624, 0.3994676374787661]}}, "bfgs": {"type": "gradient", "0": {"maxiter": 100, "gtol": 1e-05, "xrtol": 1e-05, "eps": 1e-05, "duration": 0.048135995864868164, "fun": "0.3994676376007287", "jac": "[-1.98158157e-06 -6.83042511e-07 -1.76676451e-06  1.05642162e-06\n  1.12360121e-06 -8.41648973e-07]", "hess_inv": "[[ 5.22471861  2.15326535 -1.44941647 -0.55288853  2.32521788  1.80717467]\n [ 2.15326535  8.84246177 -1.08921452 -3.15113606  1.13961224  2.20422685]\n [-1.44941647 -1.08921452  5.97458873  0.20713187 -3.27301034 -0.10013853]\n [-0.55288853 -3.15113606  0.20713187  7.60261815  0.36470024  0.02776784]\n [ 2.32521788  1.13961224 -3.27301034  0.36470024 12.83980425  9.39838882]\n [ 1.80717467  2.20422685 -0.10013853  0.02776784  9.39838882 11.54465707]]", "nfev": "189", "njev": "27", "status": "0", "success": "True", "message": "Optimization terminated successfully.", "x": "[4.8438223  3.1499659  0.87730834 3.75785746 4.84115862 2.93187717]", "nit": "24", "callback": [0.5581614368126548, 0.540141542377369, 0.46819490800787966, 0.455844710548834, 0.44212800609415703, 0.42181879413514645, 0.41198919416147783, 0.40681442813481195, 0.40456449645911363, 0.4039387666877102, 0.4030122912683566, 0.4020899391465568, 0.40120622238387693, 0.4005692380021344, 0.40009844032056907, 0.39970337367113695, 0.39952053071789384, 0.3994919485733718, 0.39948359834635216, 0.39947487318497643, 0.39946959833563256, 0.39946780354105316, 0.39946764236859067, 0.3994676376007287]}, "1": {"maxiter": 100, "gtol": 1e-05, "xrtol": 1e-05, "eps": 1e-10, "duration": 0.04803276062011719, "fun": "0.3994676375968669", "jac": "[-1.11022293e-06 -1.11022293e-06 -3.33066880e-06  3.33066880e-06\n  1.11022293e-06  0.00000000e+00]", "hess_inv": "[[ 5.23203233  2.18646455 -1.41435028 -0.55766669  2.32996373  1.82658424]\n [ 2.18646455  8.93486951 -1.06617514 -3.16585968  1.1635326   2.23563059]\n [-1.41435028 -1.06617514  5.84984241  0.18461987 -3.25074249 -0.13448645]\n [-0.55766669 -3.16585968  0.18461987  7.59824809  0.37004409  0.02141073]\n [ 2.32996373  1.1635326  -3.25074249  0.37004409 12.84831706  9.41345517]\n [ 1.82658424  2.23563059 -0.13448645  0.02141073  9.41345517 11.54372872]]", "nfev": "189", "njev": "27", "status": "0", "success": "True", "message": "Optimization terminated successfully.", "x": "[4.84383193 3.14996962 0.87729182 3.75785625 4.84119929 2.93190935]", "nit": "24", "callback": [0.55816061727585, 0.5401409995071409, 0.4681963606766312, 0.4558442726337374, 0.4421270668797598, 0.42181705269557623, 0.41199158343603426, 0.40681642486444525, 0.4045645829842194, 0.40393845787192484, 0.40301169017604377, 0.40208985309162204, 0.40120545012916364, 0.40056898063840163, 0.40009804648400216, 0.3997035905325529, 0.3995205021785978, 0.39949194569717383, 0.39948359664135624, 0.3994748921614759, 0.399469613430654, 0.3994678018525948, 0.3994676420877612, 0.3994676375968669]}, "2": {"maxiter": 100, "gtol": 1e-05, "xrtol": 1e-10, "eps": 1e-05, "duration": 0.04610419273376465, "fun": "0.3994676376007287", "jac": "[-1.98158157e-06 -6.83042511e-07 -1.76676451e-06  1.05642162e-06\n  1.12360121e-06 -8.41648973e-07]", "hess_inv": "[[ 5.22471861  2.15326535 -1.44941647 -0.55288853  2.32521788  1.80717467]\n [ 2.15326535  8.84246177 -1.08921452 -3.15113606  1.13961224  2.20422685]\n [-1.44941647 -1.08921452  5.97458873  0.20713187 -3.27301034 -0.10013853]\n [-0.55288853 -3.15113606  0.20713187  7.60261815  0.36470024  0.02776784]\n [ 2.32521788  1.13961224 -3.27301034  0.36470024 12.83980425  9.39838882]\n [ 1.80717467  2.20422685 -0.10013853  0.02776784  9.39838882 11.54465707]]", "nfev": "189", "njev": "27", "status": "0", "success": "True", "message": "Optimization terminated successfully.", "x": "[4.8438223  3.1499659  0.87730834 3.75785746 4.84115862 2.93187717]", "nit": "24", "callback": [0.5581614368126548, 0.540141542377369, 0.46819490800787966, 0.455844710548834, 0.44212800609415703, 0.42181879413514645, 0.41198919416147783, 0.40681442813481195, 0.40456449645911363, 0.4039387666877102, 0.4030122912683566, 0.4020899391465568, 0.40120622238387693, 0.4005692380021344, 0.40009844032056907, 0.39970337367113695, 0.39952053071789384, 0.3994919485733718, 0.39948359834635216, 0.39947487318497643, 0.39946959833563256, 0.39946780354105316, 0.39946764236859067, 0.3994676376007287]}, "3": {"maxiter": 100, "gtol": 1e-05, "xrtol": 1e-10, "eps": 1e-10, "duration": 0.04526114463806152, "fun": "0.3994676375968669", "jac": "[-1.11022293e-06 -1.11022293e-06 -3.33066880e-06  3.33066880e-06\n  1.11022293e-06  0.00000000e+00]", "hess_inv": "[[ 5.23203233  2.18646455 -1.41435028 -0.55766669  2.32996373  1.82658424]\n [ 2.18646455  8.93486951 -1.06617514 -3.16585968  1.1635326   2.23563059]\n [-1.41435028 -1.06617514  5.84984241  0.18461987 -3.25074249 -0.13448645]\n [-0.55766669 -3.16585968  0.18461987  7.59824809  0.37004409  0.02141073]\n [ 2.32996373  1.1635326  -3.25074249  0.37004409 12.84831706  9.41345517]\n [ 1.82658424  2.23563059 -0.13448645  0.02141073  9.41345517 11.54372872]]", "nfev": "189", "njev": "27", "status": "0", "success": "True", "message": "Optimization terminated successfully.", "x": "[4.84383193 3.14996962 0.87729182 3.75785625 4.84119929 2.93190935]", "nit": "24", "callback": [0.55816061727585, 0.5401409995071409, 0.4681963606766312, 0.4558442726337374, 0.4421270668797598, 0.42181705269557623, 0.41199158343603426, 0.40681642486444525, 0.4045645829842194, 0.40393845787192484, 0.40301169017604377, 0.40208985309162204, 0.40120545012916364, 0.40056898063840163, 0.40009804648400216, 0.3997035905325529, 0.3995205021785978, 0.39949194569717383, 0.39948359664135624, 0.3994748921614759, 0.399469613430654, 0.3994678018525948, 0.3994676420877612, 0.3994676375968669]}, "4": {"maxiter": 100, "gtol": 1e-10, "xrtol": 1e-05, "eps": 1e-05, "duration": 0.04857277870178223, "fun": "0.39946763754110837", "jac": "[-1.24245059e-07 -8.45878922e-08 -7.73825448e-09  5.21804822e-10\n  2.86770607e-08  1.82409643e-08]", "hess_inv": "[[ 5.19511592e+00  2.09781766e+00 -1.22889455e+00 -6.05281087e-01\n   2.19976311e+00  1.84592891e+00]\n [ 2.09781766e+00  8.74411549e+00 -7.77346725e-01 -3.21337705e+00\n   9.64107601e-01  2.25605462e+00]\n [-1.22889455e+00 -7.77346725e-01  6.18969072e+00 -6.16255877e-02\n  -3.43057525e+00 -7.62996376e-03]\n [-6.05281087e-01 -3.21337705e+00 -6.16255877e-02  7.74368013e+00\n   5.30080621e-01 -3.88697773e-02]\n [ 2.19976311e+00  9.64107601e-01 -3.43057525e+00  5.30080621e-01\n   1.29501311e+01  9.33853957e+00]\n [ 1.84592891e+00  2.25605462e+00 -7.62996376e-03 -3.88697773e-02\n   9.33853957e+00  1.15721394e+01]]", "nfev": "196", "njev": "28", "status": "0", "success": "True", "message": "Optimization terminated successfully.", "x": "[4.84383157 3.14997886 0.87732023 3.75784515 4.84115033 2.93188164]", "nit": "25", "callback": [0.5581614368126548, 0.540141542377369, 0.46819490800787966, 0.455844710548834, 0.44212800609415703, 0.42181879413514645, 0.41198919416147783, 0.40681442813481195, 0.40456449645911363, 0.4039387666877102, 0.4030122912683566, 0.4020899391465568, 0.40120622238387693, 0.4005692380021344, 0.40009844032056907, 0.39970337367113695, 0.39952053071789384, 0.3994919485733718, 0.39948359834635216, 0.39947487318497643, 0.39946959833563256, 0.39946780354105316, 0.39946764236859067, 0.3994676376007287, 0.39946763754110837]}, "5": {"maxiter": 100, "gtol": 1e-10, "xrtol": 1e-05, "eps": 1e-10, "duration": 0.04699420928955078, "fun": "0.3994676375393542", "jac": "[-3.33066880e-06 -2.22044587e-06 -2.22044587e-06 -3.33066880e-06\n -2.22044587e-06 -2.22044587e-06]", "hess_inv": "[[ 5.21599636  2.11908277 -1.34129119 -0.53498076  2.29841417  1.85495281]\n [ 2.11908277  8.68528118 -0.58633541 -3.20514924  0.88215949  2.34677205]\n [-1.34129119 -0.58633541  6.40768574 -0.61239557 -3.8737875  -0.3052694 ]\n [-0.53498076 -3.20514924 -0.61239557  8.1063646   1.01183455  0.01362642]\n [ 2.29841417  0.88215949 -3.8737875   1.01183455 13.44635411  9.50502669]\n [ 1.85495281  2.34677205 -0.3052694   0.01362642  9.50502669 11.49548014]]", "nfev": "196", "njev": "28", "status": "0", "success": "True", "message": "Optimization terminated successfully.", "x": "[4.84383484 3.14998935 0.87731736 3.75782194 4.84117162 2.9319024 ]", "nit": "25", "callback": [0.55816061727585, 0.5401409995071409, 0.4681963606766312, 0.4558442726337374, 0.4421270668797598, 0.42181705269557623, 0.41199158343603426, 0.40681642486444525, 0.4045645829842194, 0.40393845787192484, 0.40301169017604377, 0.40208985309162204, 0.40120545012916364, 0.40056898063840163, 0.40009804648400216, 0.3997035905325529, 0.3995205021785978, 0.39949194569717383, 0.39948359664135624, 0.3994748921614759, 0.399469613430654, 0.3994678018525948, 0.3994676420877612, 0.3994676375968669, 0.3994676375393542]}, "6": {"maxiter": 100, "gtol": 1e-10, "xrtol": 1e-10, "eps": 1e-05, "duration": 0.09470582008361816, "fun": "0.39946763754022807", "jac": "[-4.89608354e-09 -2.72004641e-09  1.25455202e-09 -4.86277685e-09\n  9.32587341e-10  3.15303339e-09]", "hess_inv": "[[ 5.45106467  2.36348211 -1.22192833 -0.62683046  2.02764762  1.73704077]\n [ 2.36348211  9.00253549 -0.76902398 -3.20340206  0.7639918   2.11747019]\n [-1.22192833 -0.76902398  6.10966181 -0.02834988 -3.39201398 -0.03266289]\n [-0.62683046 -3.20340206 -0.02834988  7.66905091  0.56587247  0.02861491]\n [ 2.02764762  0.7639918  -3.39201398  0.56587247 13.01738234  9.39247281]\n [ 1.73704077  2.11747019 -0.03266289  0.02861491  9.39247281 11.57375788]]", "nfev": "418", "njev": "58", "status": "2", "success": "False", "message": "Desired error not necessarily achieved due to precision loss.", "x": "[4.84383233 3.14997984 0.87732017 3.75784475 4.8411501  2.93188159]", "nit": "26", "callback": [0.5581614368126548, 0.540141542377369, 0.46819490800787966, 0.455844710548834, 0.44212800609415703, 0.42181879413514645, 0.41198919416147783, 0.40681442813481195, 0.40456449645911363, 0.4039387666877102, 0.4030122912683566, 0.4020899391465568, 0.40120622238387693, 0.4005692380021344, 0.40009844032056907, 0.39970337367113695, 0.39952053071789384, 0.3994919485733718, 0.39948359834635216, 0.39947487318497643, 0.39946959833563256, 0.39946780354105316, 0.39946764236859067, 0.3994676376007287, 0.39946763754110837, 0.39946763754022807]}, "7": {"maxiter": 100, "gtol": 1e-10, "xrtol": 1e-10, "eps": 1e-10, "duration": 0.11263275146484375, "fun": "0.3994676374933833", "jac": "[0.00000000e+00 1.11022293e-06 0.00000000e+00 0.00000000e+00\n 0.00000000e+00 0.00000000e+00]", "hess_inv": "[[  7.03506284  -8.31889829  -7.76257543  10.950295    -0.12924503\n   -6.06926158]\n [ -8.31889829  10.16770048   9.21669501 -13.88661211   0.84713151\n    7.64180355]\n [ -7.76257543   9.21669501   9.90806867 -12.62856876   0.11727825\n    5.61699166]\n [ 10.950295   -13.88661211 -12.62856876  21.83409063  -3.70881769\n  -11.68805559]\n [ -0.12924503   0.84713151   0.11727825  -3.70881769   3.33191068\n    2.50735922]\n [ -6.06926158   7.64180355   5.61699166 -11.68805559   2.50735922\n    8.05268669]]", "nfev": "495", "njev": "69", "status": "2", "success": "False", "message": "Desired error not necessarily achieved due to precision loss.", "x": "[4.84384187 3.14999305 0.87731823 3.75784067 4.84116808 2.93190258]", "nit": "32", "callback": [0.55816061727585, 0.5401409995071409, 0.4681963606766312, 0.4558442726337374, 0.4421270668797598, 0.42181705269557623, 0.41199158343603426, 0.40681642486444525, 0.4045645829842194, 0.40393845787192484, 0.40301169017604377, 0.40208985309162204, 0.40120545012916364, 0.40056898063840163, 0.40009804648400216, 0.3997035905325529, 0.3995205021785978, 0.39949194569717383, 0.39948359664135624, 0.3994748921614759, 0.399469613430654, 0.3994678018525948, 0.3994676420877612, 0.3994676375968669, 0.3994676375393542, 0.3994676375342745, 0.39946763752596715, 0.39946763751248104, 0.39946763749750014, 0.3994676374966267, 0.3994676374949164, 0.3994676374933833]}, "8": {"maxiter": 500, "gtol": 1e-05, "xrtol": 1e-05, "eps": 1e-05, "duration": 0.045221805572509766, "fun": "0.3994676376007287", "jac": "[-1.98158157e-06 -6.83042511e-07 -1.76676451e-06  1.05642162e-06\n  1.12360121e-06 -8.41648973e-07]", "hess_inv": "[[ 5.22471861  2.15326535 -1.44941647 -0.55288853  2.32521788  1.80717467]\n [ 2.15326535  8.84246177 -1.08921452 -3.15113606  1.13961224  2.20422685]\n [-1.44941647 -1.08921452  5.97458873  0.20713187 -3.27301034 -0.10013853]\n [-0.55288853 -3.15113606  0.20713187  7.60261815  0.36470024  0.02776784]\n [ 2.32521788  1.13961224 -3.27301034  0.36470024 12.83980425  9.39838882]\n [ 1.80717467  2.20422685 -0.10013853  0.02776784  9.39838882 11.54465707]]", "nfev": "189", "njev": "27", "status": "0", "success": "True", "message": "Optimization terminated successfully.", "x": "[4.8438223  3.1499659  0.87730834 3.75785746 4.84115862 2.93187717]", "nit": "24", "callback": [0.5581614368126548, 0.540141542377369, 0.46819490800787966, 0.455844710548834, 0.44212800609415703, 0.42181879413514645, 0.41198919416147783, 0.40681442813481195, 0.40456449645911363, 0.4039387666877102, 0.4030122912683566, 0.4020899391465568, 0.40120622238387693, 0.4005692380021344, 0.40009844032056907, 0.39970337367113695, 0.39952053071789384, 0.3994919485733718, 0.39948359834635216, 0.39947487318497643, 0.39946959833563256, 0.39946780354105316, 0.39946764236859067, 0.3994676376007287]}, "9": {"maxiter": 500, "gtol": 1e-05, "xrtol": 1e-05, "eps": 1e-10, "duration": 0.04465985298156738, "fun": "0.3994676375968669", "jac": "[-1.11022293e-06 -1.11022293e-06 -3.33066880e-06  3.33066880e-06\n  1.11022293e-06  0.00000000e+00]", "hess_inv": "[[ 5.23203233  2.18646455 -1.41435028 -0.55766669  2.32996373  1.82658424]\n [ 2.18646455  8.93486951 -1.06617514 -3.16585968  1.1635326   2.23563059]\n [-1.41435028 -1.06617514  5.84984241  0.18461987 -3.25074249 -0.13448645]\n [-0.55766669 -3.16585968  0.18461987  7.59824809  0.37004409  0.02141073]\n [ 2.32996373  1.1635326  -3.25074249  0.37004409 12.84831706  9.41345517]\n [ 1.82658424  2.23563059 -0.13448645  0.02141073  9.41345517 11.54372872]]", "nfev": "189", "njev": "27", "status": "0", "success": "True", "message": "Optimization terminated successfully.", "x": "[4.84383193 3.14996962 0.87729182 3.75785625 4.84119929 2.93190935]", "nit": "24", "callback": [0.55816061727585, 0.5401409995071409, 0.4681963606766312, 0.4558442726337374, 0.4421270668797598, 0.42181705269557623, 0.41199158343603426, 0.40681642486444525, 0.4045645829842194, 0.40393845787192484, 0.40301169017604377, 0.40208985309162204, 0.40120545012916364, 0.40056898063840163, 0.40009804648400216, 0.3997035905325529, 0.3995205021785978, 0.39949194569717383, 0.39948359664135624, 0.3994748921614759, 0.399469613430654, 0.3994678018525948, 0.3994676420877612, 0.3994676375968669]}, "10": {"maxiter": 500, "gtol": 1e-05, "xrtol": 1e-10, "eps": 1e-05, "duration": 0.04313921928405762, "fun": "0.3994676376007287", "jac": "[-1.98158157e-06 -6.83042511e-07 -1.76676451e-06  1.05642162e-06\n  1.12360121e-06 -8.41648973e-07]", "hess_inv": "[[ 5.22471861  2.15326535 -1.44941647 -0.55288853  2.32521788  1.80717467]\n [ 2.15326535  8.84246177 -1.08921452 -3.15113606  1.13961224  2.20422685]\n [-1.44941647 -1.08921452  5.97458873  0.20713187 -3.27301034 -0.10013853]\n [-0.55288853 -3.15113606  0.20713187  7.60261815  0.36470024  0.02776784]\n [ 2.32521788  1.13961224 -3.27301034  0.36470024 12.83980425  9.39838882]\n [ 1.80717467  2.20422685 -0.10013853  0.02776784  9.39838882 11.54465707]]", "nfev": "189", "njev": "27", "status": "0", "success": "True", "message": "Optimization terminated successfully.", "x": "[4.8438223  3.1499659  0.87730834 3.75785746 4.84115862 2.93187717]", "nit": "24", "callback": [0.5581614368126548, 0.540141542377369, 0.46819490800787966, 0.455844710548834, 0.44212800609415703, 0.42181879413514645, 0.41198919416147783, 0.40681442813481195, 0.40456449645911363, 0.4039387666877102, 0.4030122912683566, 0.4020899391465568, 0.40120622238387693, 0.4005692380021344, 0.40009844032056907, 0.39970337367113695, 0.39952053071789384, 0.3994919485733718, 0.39948359834635216, 0.39947487318497643, 0.39946959833563256, 0.39946780354105316, 0.39946764236859067, 0.3994676376007287]}, "11": {"maxiter": 500, "gtol": 1e-05, "xrtol": 1e-10, "eps": 1e-10, "duration": 0.04387378692626953, "fun": "0.3994676375968669", "jac": "[-1.11022293e-06 -1.11022293e-06 -3.33066880e-06  3.33066880e-06\n  1.11022293e-06  0.00000000e+00]", "hess_inv": "[[ 5.23203233  2.18646455 -1.41435028 -0.55766669  2.32996373  1.82658424]\n [ 2.18646455  8.93486951 -1.06617514 -3.16585968  1.1635326   2.23563059]\n [-1.41435028 -1.06617514  5.84984241  0.18461987 -3.25074249 -0.13448645]\n [-0.55766669 -3.16585968  0.18461987  7.59824809  0.37004409  0.02141073]\n [ 2.32996373  1.1635326  -3.25074249  0.37004409 12.84831706  9.41345517]\n [ 1.82658424  2.23563059 -0.13448645  0.02141073  9.41345517 11.54372872]]", "nfev": "189", "njev": "27", "status": "0", "success": "True", "message": "Optimization terminated successfully.", "x": "[4.84383193 3.14996962 0.87729182 3.75785625 4.84119929 2.93190935]", "nit": "24", "callback": [0.55816061727585, 0.5401409995071409, 0.4681963606766312, 0.4558442726337374, 0.4421270668797598, 0.42181705269557623, 0.41199158343603426, 0.40681642486444525, 0.4045645829842194, 0.40393845787192484, 0.40301169017604377, 0.40208985309162204, 0.40120545012916364, 0.40056898063840163, 0.40009804648400216, 0.3997035905325529, 0.3995205021785978, 0.39949194569717383, 0.39948359664135624, 0.3994748921614759, 0.399469613430654, 0.3994678018525948, 0.3994676420877612, 0.3994676375968669]}, "12": {"maxiter": 500, "gtol": 1e-10, "xrtol": 1e-05, "eps": 1e-05, "duration": 0.04473996162414551, "fun": "0.39946763754110837", "jac": "[-1.24245059e-07 -8.45878922e-08 -7.73825448e-09  5.21804822e-10\n  2.86770607e-08  1.82409643e-08]", "hess_inv": "[[ 5.19511592e+00  2.09781766e+00 -1.22889455e+00 -6.05281087e-01\n   2.19976311e+00  1.84592891e+00]\n [ 2.09781766e+00  8.74411549e+00 -7.77346725e-01 -3.21337705e+00\n   9.64107601e-01  2.25605462e+00]\n [-1.22889455e+00 -7.77346725e-01  6.18969072e+00 -6.16255877e-02\n  -3.43057525e+00 -7.62996376e-03]\n [-6.05281087e-01 -3.21337705e+00 -6.16255877e-02  7.74368013e+00\n   5.30080621e-01 -3.88697773e-02]\n [ 2.19976311e+00  9.64107601e-01 -3.43057525e+00  5.30080621e-01\n   1.29501311e+01  9.33853957e+00]\n [ 1.84592891e+00  2.25605462e+00 -7.62996376e-03 -3.88697773e-02\n   9.33853957e+00  1.15721394e+01]]", "nfev": "196", "njev": "28", "status": "0", "success": "True", "message": "Optimization terminated successfully.", "x": "[4.84383157 3.14997886 0.87732023 3.75784515 4.84115033 2.93188164]", "nit": "25", "callback": [0.5581614368126548, 0.540141542377369, 0.46819490800787966, 0.455844710548834, 0.44212800609415703, 0.42181879413514645, 0.41198919416147783, 0.40681442813481195, 0.40456449645911363, 0.4039387666877102, 0.4030122912683566, 0.4020899391465568, 0.40120622238387693, 0.4005692380021344, 0.40009844032056907, 0.39970337367113695, 0.39952053071789384, 0.3994919485733718, 0.39948359834635216, 0.399474873