{"date": "2024/09/24/, 20:52:36", "conf_id": 47, "data_type": "random\n", "num_data_points": 3, "s_rank": 0, "unitary": "[[0.18663085-0.53122324j,-0.11886349-0.70040876j,0.28555095-0.02789305j,-0.12262021-0.2844587j],[-0.16702216+0.27758472j,0.27526351-0.29738586j,-0.01109314+0.22495461j,-0.77239203+0.28900673j],[0.61935415+0.12301792j,-0.31269928-0.03315917j,-0.61902762-0.19039079j,-0.27120731-0.0968989j],[0.42341754+0.0023929j,-0.05847358+0.47832119j,0.64900495-0.16218422j,-0.37182676-0.05229966j]]", "databatch_0": {"databatch": "[[[-0.00722435+0.01073647j,-0.22516252+0.07962622j,-0.03747959+0.22259358j,0.04093531+0.28090716j],[0.10236629-0.03896801j,-0.11673603-0.11427215j,0.12465414+0.03200451j,0.40915005-0.23227035j],[-0.07591374-0.03710579j,-0.03528059+0.44859505j,0.19371028+0.04820878j,-0.04571162-0.06834922j],[0.02369728-0.09718351j,-0.13036775-0.13050546j,-0.03044869-0.14395267j,-0.11122944-0.44762917j]],[[-0.04025729-0.03618218j,0.25722206+0.03240144j,0.38528458-0.0960251j,0.31610183-0.26229635j],[0.00456309-0.05562391j,0.02633071-0.11031473j,-0.03988319-0.05853023j,-0.12143439-0.02835811j],[-0.09993239-0.021924j,-0.08302704-0.23199151j,-0.09848246-0.19773206j,-0.20200853-0.05481712j],[0.0425819+0.06176479j,-0.26805762+0.14858397j,-0.28201544+0.27155231j,-0.09486771+0.37590518j]],[[0.1228115+0.08921461j,-0.0510161+0.08059335j,-0.03507917+0.00505932j,0.04104418-0.09025136j],[0.10249737-0.0219738j,0.01824771+0.06380416j,-0.01344505+0.02008925j,-0.02716857-0.06316186j],[0.12555498+0.06858551j,-0.03843001+0.08135622j,-0.03214539+0.00922474j,0.02748706-0.08884882j],[-0.4732003-0.50455251j,0.29726274-0.31706934j,0.16132657+0.00751342j,-0.26109209+0.36891221j]]]", "initial param values": "[2.26668786,1.39367077,4.6687844,2.54349957,5.40855545,1.55062607]", "nelder_mead": {"type": "gradient-free", "0": {"maxiter": 100, "fatol": 1e-05, "xatol": 1e-05, "duration": 0.037648916244506836, "fun": "0.3423389048525176", "nit": "100", "nfev": "155", "status": "2", "success": "False", "message": "Maximum number of iterations has been exceeded.", "x": "[1.12760928 0.34562675 3.08189426 2.40681953 6.41012324 2.62873482]", "final_simplex": "(array([[1.12760928, 0.34562675, 3.08189426, 2.40681953, 6.41012324,\n        2.62873482],\n       [1.05604381, 0.5057005 , 3.0879085 , 2.5435591 , 6.54104487,\n        2.55318562],\n       [1.09050998, 0.65144181, 2.98812558, 2.56198634, 6.42806662,\n        2.50653673],\n       [1.00399939, 0.45934604, 3.07360692, 2.57638382, 6.50054378,\n        2.53816799],\n       [1.17882433, 0.55847788, 3.19187095, 2.5408611 , 6.48321694,\n        2.47121131],\n       [1.07279831, 0.36853888, 3.32014707, 2.4304637 , 6.63456817,\n        2.58165703],\n       [0.94690416, 0.53478189, 3.07186975, 2.59840389, 6.4892636 ,\n        2.54500701]]), array([0.3423389 , 0.34923923, 0.35044322, 0.3517915 , 0.35260699,\n       0.35324886, 0.35559091]))", "callback": [0.7521893490395879, 0.6405078967209239, 0.5172972617910161, 0.4503089371878529, 0.4102811189140009, 0.3983980643695455, 0.3929557681632164, 0.38462599156220423, 0.37010607772662396, 0.3517915041325945]}, "1": {"maxiter": 100, "fatol": 1e-05, "xatol": 1e-10, "duration": 0.03572988510131836, "fun": "0.3423389048525176", "nit": "100", "nfev": "155", "status": "2", "success": "False", "message": "Maximum number of iterations has been exceeded.", "x": "[1.12760928 0.34562675 3.08189426 2.40681953 6.41012324 2.62873482]", "final_simplex": "(array([[1.12760928, 0.34562675, 3.08189426, 2.40681953, 6.41012324,\n        2.62873482],\n       [1.05604381, 0.5057005 , 3.0879085 , 2.5435591 , 6.54104487,\n        2.55318562],\n       [1.09050998, 0.65144181, 2.98812558, 2.56198634, 6.42806662,\n        2.50653673],\n       [1.00399939, 0.45934604, 3.07360692, 2.57638382, 6.50054378,\n        2.53816799],\n       [1.17882433, 0.55847788, 3.19187095, 2.5408611 , 6.48321694,\n        2.47121131],\n       [1.07279831, 0.36853888, 3.32014707, 2.4304637 , 6.63456817,\n        2.58165703],\n       [0.94690416, 0.53478189, 3.07186975, 2.59840389, 6.4892636 ,\n        2.54500701]]), array([0.3423389 , 0.34923923, 0.35044322, 0.3517915 , 0.35260699,\n       0.35324886, 0.35559091]))", "callback": [0.7521893490395879, 0.6405078967209239, 0.5172972617910161, 0.4503089371878529, 0.4102811189140009, 0.3983980643695455, 0.3929557681632164, 0.38462599156220423, 0.37010607772662396, 0.3517915041325945]}, "2": {"maxiter": 100, "fatol": 1e-10, "xatol": 1e-05, "duration": 0.03523111343383789, "fun": "0.3423389048525176", "nit": "100", "nfev": "155", "status": "2", "success": "False", "message": "Maximum number of iterations has been exceeded.", "x": "[1.12760928 0.34562675 3.08189426 2.40681953 6.41012324 2.62873482]", "final_simplex": "(array([[1.12760928, 0.34562675, 3.08189426, 2.40681953, 6.41012324,\n        2.62873482],\n       [1.05604381, 0.5057005 , 3.0879085 , 2.5435591 , 6.54104487,\n        2.55318562],\n       [1.09050998, 0.65144181, 2.98812558, 2.56198634, 6.42806662,\n        2.50653673],\n       [1.00399939, 0.45934604, 3.07360692, 2.57638382, 6.50054378,\n        2.53816799],\n       [1.17882433, 0.55847788, 3.19187095, 2.5408611 , 6.48321694,\n        2.47121131],\n       [1.07279831, 0.36853888, 3.32014707, 2.4304637 , 6.63456817,\n        2.58165703],\n       [0.94690416, 0.53478189, 3.07186975, 2.59840389, 6.4892636 ,\n        2.54500701]]), array([0.3423389 , 0.34923923, 0.35044322, 0.3517915 , 0.35260699,\n       0.35324886, 0.35559091]))", "callback": [0.7521893490395879, 0.6405078967209239, 0.5172972617910161, 0.4503089371878529, 0.4102811189140009, 0.3983980643695455, 0.3929557681632164, 0.38462599156220423, 0.37010607772662396, 0.3517915041325945]}, "3": {"maxiter": 100, "fatol": 1e-10, "xatol": 1e-10, "duration": 0.035490989685058594, "fun": "0.3423389048525176", "nit": "100", "nfev": "155", "status": "2", "success": "False", "message": "Maximum number of iterations has been exceeded.", "x": "[1.12760928 0.34562675 3.08189426 2.40681953 6.41012324 2.62873482]", "final_simplex": "(array([[1.12760928, 0.34562675, 3.08189426, 2.40681953, 6.41012324,\n        2.62873482],\n       [1.05604381, 0.5057005 , 3.0879085 , 2.5435591 , 6.54104487,\n        2.55318562],\n       [1.09050998, 0.65144181, 2.98812558, 2.56198634, 6.42806662,\n        2.50653673],\n       [1.00399939, 0.45934604, 3.07360692, 2.57638382, 6.50054378,\n        2.53816799],\n       [1.17882433, 0.55847788, 3.19187095, 2.5408611 , 6.48321694,\n        2.47121131],\n       [1.07279831, 0.36853888, 3.32014707, 2.4304637 , 6.63456817,\n        2.58165703],\n       [0.94690416, 0.53478189, 3.07186975, 2.59840389, 6.4892636 ,\n        2.54500701]]), array([0.3423389 , 0.34923923, 0.35044322, 0.3517915 , 0.35260699,\n       0.35324886, 0.35559091]))", "callback": [0.7521893490395879, 0.6405078967209239, 0.5172972617910161, 0.4503089371878529, 0.4102811189140009, 0.3983980643695455, 0.3929557681632164, 0.38462599156220423, 0.37010607772662396, 0.3517915041325945]}, "4": {"maxiter": 500, "fatol": 1e-05, "xatol": 1e-05, "duration": 0.15022921562194824, "fun": "0.27647535260498524", "nit": "416", "nfev": "650", "status": "0", "success": "True", "message": "Optimization terminated successfully.", "x": "[ 2.14071871 -0.30533132  3.33588902  1.16430969  6.68765285  2.35585472]", "final_simplex": "(array([[ 2.14071871, -0.30533132,  3.33588902,  1.16430969,  6.68765285,\n         2.35585472],\n       [ 2.14071038, -0.3053235 ,  3.33589322,  1.16431342,  6.68765023,\n         2.35585243],\n       [ 2.14071847, -0.30533071,  3.33588813,  1.16430903,  6.68764685,\n         2.35585698],\n       [ 2.14071092, -0.30533318,  3.33588811,  1.16431386,  6.6876461 ,\n         2.35585547],\n       [ 2.14071461, -0.30532347,  3.33589176,  1.16431633,  6.68765429,\n         2.35584787],\n       [ 2.14071547, -0.30533953,  3.33588187,  1.16430431,  6.68764882,\n         2.35585355],\n       [ 2.14071635, -0.30532723,  3.33588318,  1.16431719,  6.68765054,\n         2.35585881]]), array([0.27647535, 0.27647535, 0.27647535, 0.27647535, 0.27647535,\n       0.27647535, 0.27647535]))", "callback": [0.7521893490395879, 0.6405078967209239, 0.5172972617910161, 0.4503089371878529, 0.4102811189140009, 0.3983980643695455, 0.3929557681632164, 0.38462599156220423, 0.37010607772662396, 0.3517915041325945, 0.33660578166705357, 0.32679303205060206, 0.3187085133597122, 0.3160255966217317, 0.31176552912491207, 0.3039846510764258, 0.29495413914174395, 0.28795841688462875, 0.28423268880948427, 0.2809994425957001, 0.27867035275040364, 0.2776756646604729, 0.2771421353386123, 0.2767819334281102, 0.2765703030015393, 0.27652434571980367, 0.27648953960618095, 0.2764785098764535, 0.2764768410263424, 0.2764761726591306, 0.2764755232717079, 0.27647542370289635, 0.2764753787215075, 0.2764753618150074, 0.2764753575316852, 0.2764753552055442, 0.27647535309884275, 0.2764753530056333, 0.2764753528084638, 0.27647535265358536, 0.2764753526208018, 0.2764753526072309]}, "5": {"maxiter": 500, "fatol": 1e-05, "xatol": 1e-10, "duration": 0.18553400039672852, "fun": "0.2764753526017042", "nit": "500", "nfev": "808", "status": "2", "success": "False", "message": "Maximum number of iterations has been exceeded.", "x": "[ 2.14071297 -0.30532892  3.335887    1.16431202  6.68765177  2.35585403]", "final_simplex": "(array([[ 2.14071297, -0.30532892,  3.335887  ,  1.16431202,  6.68765177,\n         2.35585403],\n       [ 2.14071297, -0.30532892,  3.33588701,  1.16431202,  6.68765177,\n         2.35585403],\n       [ 2.14071297, -0.30532892,  3.335887  ,  1.16431202,  6.68765177,\n         2.35585403],\n       [ 2.14071297, -0.30532892,  3.335887  ,  1.16431202,  6.68765177,\n         2.35585403],\n       [ 2.14071296, -0.30532893,  3.335887  ,  1.16431202,  6.68765177,\n         2.35585403],\n       [ 2.14071297, -0.30532892,  3.335887  ,  1.16431202,  6.68765177,\n         2.35585403],\n       [ 2.14071297, -0.30532892,  3.335887  ,  1.16431202,  6.68765177,\n         2.35585403]]), array([0.27647535, 0.27647535, 0.27647535, 0.27647535, 0.27647535,\n       0.27647535, 0.27647535]))", "callback": [0.7521893490395879, 0.6405078967209239, 0.5172972617910161, 0.4503089371878529, 0.4102811189140009, 0.3983980643695455, 0.3929557681632164, 0.38462599156220423, 0.37010607772662396, 0.3517915041325945, 0.33660578166705357, 0.32679303205060206, 0.3187085133597122, 0.3160255966217317, 0.31176552912491207, 0.3039846510764258, 0.29495413914174395, 0.28795841688462875, 0.28423268880948427, 0.2809994425957001, 0.27867035275040364, 0.2776756646604729, 0.2771421353386123, 0.2767819334281102, 0.2765703030015393, 0.27652434571980367, 0.27648953960618095, 0.2764785098764535, 0.2764768410263424, 0.2764761726591306, 0.2764755232717079, 0.27647542370289635, 0.2764753787215075, 0.2764753618150074, 0.2764753575316852, 0.2764753552055442, 0.27647535309884275, 0.2764753530056333, 0.2764753528084638, 0.27647535265358536, 0.2764753526208018, 0.2764753526072309, 0.2764753526035211, 0.276475352602089, 0.2764753526018402, 0.2764753526017317, 0.27647535260171263, 0.27647535260170597, 0.27647535260170464, 0.2764753526017042]}, "6": {"maxiter": 500, "fatol": 1e-10, "xatol": 1e-05, "duration": 0.15592217445373535, "fun": "0.27647535260498524", "nit": "416", "nfev": "650", "status": "0", "success": "True", "message": "Optimization terminated successfully.", "x": "[ 2.14071871 -0.30533132  3.33588902  1.16430969  6.68765285  2.35585472]", "final_simplex": "(array([[ 2.14071871, -0.30533132,  3.33588902,  1.16430969,  6.68765285,\n         2.35585472],\n       [ 2.14071038, -0.3053235 ,  3.33589322,  1.16431342,  6.68765023,\n         2.35585243],\n       [ 2.14071847, -0.30533071,  3.33588813,  1.16430903,  6.68764685,\n         2.35585698],\n       [ 2.14071092, -0.30533318,  3.33588811,  1.16431386,  6.6876461 ,\n         2.35585547],\n       [ 2.14071461, -0.30532347,  3.33589176,  1.16431633,  6.68765429,\n         2.35584787],\n       [ 2.14071547, -0.30533953,  3.33588187,  1.16430431,  6.68764882,\n         2.35585355],\n       [ 2.14071635, -0.30532723,  3.33588318,  1.16431719,  6.68765054,\n         2.35585881]]), array([0.27647535, 0.27647535, 0.27647535, 0.27647535, 0.27647535,\n       0.27647535, 0.27647535]))", "callback": [0.7521893490395879, 0.6405078967209239, 0.5172972617910161, 0.4503089371878529, 0.4102811189140009, 0.3983980643695455, 0.3929557681632164, 0.38462599156220423, 0.37010607772662396, 0.3517915041325945, 0.33660578166705357, 0.32679303205060206, 0.3187085133597122, 0.3160255966217317, 0.31176552912491207, 0.3039846510764258, 0.29495413914174395, 0.28795841688462875, 0.28423268880948427, 0.2809994425957001, 0.27867035275040364, 0.2776756646604729, 0.2771421353386123, 0.2767819334281102, 0.2765703030015393, 0.27652434571980367, 0.27648953960618095, 0.2764785098764535, 0.2764768410263424, 0.2764761726591306, 0.2764755232717079, 0.27647542370289635, 0.2764753787215075, 0.2764753618150074, 0.2764753575316852, 0.2764753552055442, 0.27647535309884275, 0.2764753530056333, 0.2764753528084638, 0.27647535265358536, 0.2764753526208018, 0.2764753526072309]}, "7": {"maxiter": 500, "fatol": 1e-10, "xatol": 1e-10, "duration": 0.18793392181396484, "fun": "0.2764753526017042", "nit": "500", "nfev": "808", "status": "2", "success": "False", "message": "Maximum number of iterations has been exceeded.", "x": "[ 2.14071297 -0.30532892  3.335887    1.16431202  6.68765177  2.35585403]", "final_simplex": "(array([[ 2.14071297, -0.30532892,  3.335887  ,  1.16431202,  6.68765177,\n         2.35585403],\n       [ 2.14071297, -0.30532892,  3.33588701,  1.16431202,  6.68765177,\n         2.35585403],\n       [ 2.14071297, -0.30532892,  3.335887  ,  1.16431202,  6.68765177,\n         2.35585403],\n       [ 2.14071297, -0.30532892,  3.335887  ,  1.16431202,  6.68765177,\n         2.35585403],\n       [ 2.14071296, -0.30532893,  3.335887  ,  1.16431202,  6.68765177,\n         2.35585403],\n       [ 2.14071297, -0.30532892,  3.335887  ,  1.16431202,  6.68765177,\n         2.35585403],\n       [ 2.14071297, -0.30532892,  3.335887  ,  1.16431202,  6.68765177,\n         2.35585403]]), array([0.27647535, 0.27647535, 0.27647535, 0.27647535, 0.27647535,\n       0.27647535, 0.27647535]))", "callback": [0.7521893490395879, 0.6405078967209239, 0.5172972617910161, 0.4503089371878529, 0.4102811189140009, 0.3983980643695455, 0.3929557681632164, 0.38462599156220423, 0.37010607772662396, 0.3517915041325945, 0.33660578166705357, 0.32679303205060206, 0.3187085133597122, 0.3160255966217317, 0.31176552912491207, 0.3039846510764258, 0.29495413914174395, 0.28795841688462875, 0.28423268880948427, 0.2809994425957001, 0.27867035275040364, 0.2776756646604729, 0.2771421353386123, 0.2767819334281102, 0.2765703030015393, 0.27652434571980367, 0.27648953960618095, 0.2764785098764535, 0.2764768410263424, 0.2764761726591306, 0.2764755232717079, 0.27647542370289635, 0.2764753787215075, 0.2764753618150074, 0.2764753575316852, 0.2764753552055442, 0.27647535309884275, 0.2764753530056333, 0.2764753528084638, 0.27647535265358536, 0.2764753526208018, 0.2764753526072309, 0.2764753526035211, 0.276475352602089, 0.2764753526018402, 0.2764753526017317, 0.27647535260171263, 0.27647535260170597, 0.27647535260170464, 0.2764753526017042]}, "8": {"maxiter": 1000, "fatol": 1e-05, "xatol": 1e-05, "duration": 0.15058112144470215, "fun": "0.27647535260498524", "nit": "416", "nfev": "650", "status": "0", "success": "True", "message": "Optimization terminated successfully.", "x": "[ 2.14071871 -0.30533132  3.33588902  1.16430969  6.68765285  2.35585472]", "final_simplex": "(array([[ 2.14071871, -0.30533132,  3.33588902,  1.16430969,  6.68765285,\n         2.35585472],\n       [ 2.14071038, -0.3053235 ,  3.33589322,  1.16431342,  6.68765023,\n         2.35585243],\n       [ 2.14071847, -0.30533071,  3.33588813,  1.16430903,  6.68764685,\n         2.35585698],\n       [ 2.14071092, -0.30533318,  3.33588811,  1.16431386,  6.6876461 ,\n         2.35585547],\n       [ 2.14071461, -0.30532347,  3.33589176,  1.16431633,  6.68765429,\n         2.35584787],\n       [ 2.14071547, -0.30533953,  3.33588187,  1.16430431,  6.68764882,\n         2.35585355],\n       [ 2.14071635, -0.30532723,  3.33588318,  1.16431719,  6.68765054,\n         2.35585881]]), array([0.27647535, 0.27647535, 0.27647535, 0.27647535, 0.27647535,\n       0.27647535, 0.27647535]))", "callback": [0.7521893490395879, 0.6405078967209239, 0.5172972617910161, 0.4503089371878529, 0.4102811189140009, 0.3983980643695455, 0.3929557681632164, 0.38462599156220423, 0.37010607772662396, 0.3517915041325945, 0.33660578166705357, 0.32679303205060206, 0.3187085133597122, 0.3160255966217317, 0.31176552912491207, 0.3039846510764258, 0.29495413914174395, 0.28795841688462875, 0.28423268880948427, 0.2809994425957001, 0.27867035275040364, 0.2776756646604729, 0.2771421353386123, 0.2767819334281102, 0.2765703030015393, 0.27652434571980367, 0.27648953960618095, 0.2764785098764535, 0.2764768410263424, 0.2764761726591306, 0.2764755232717079, 0.27647542370289635, 0.2764753787215075, 0.2764753618150074, 0.2764753575316852, 0.2764753552055442, 0.27647535309884275, 0.2764753530056333, 0.2764753528084638, 0.27647535265358536, 0.2764753526208018, 0.2764753526072309]}, "9": {"maxiter": 1000, "fatol": 1e-05, "xatol": 1e-10, "duration": 0.22339987754821777, "fun": "0.2764753526017042", "nit": "515", "nfev": "876", "status": "0", "success": "True", "message": "Optimization terminated successfully.", "x": "[ 2.14071297 -0.30532892  3.335887    1.16431202  6.68765177  2.35585403]", "final_simplex": "(array([[ 2.14071297, -0.30532892,  3.335887  ,  1.16431202,  6.68765177,\n         2.35585403],\n       [ 2.14071297, -0.30532892,  3.335887  ,  1.16431202,  6.68765177,\n         2.35585403],\n       [ 2.14071297, -0.30532892,  3.335887  ,  1.16431202,  6.68765177,\n         2.35585403],\n       [ 2.14071297, -0.30532892,  3.335887  ,  1.16431202,  6.68765177,\n         2.35585403],\n       [ 2.14071297, -0.30532892,  3.335887  ,  1.16431202,  6.68765177,\n         2.35585403],\n       [ 2.14071297, -0.30532892,  3.335887  ,  1.16431202,  6.68765177,\n         2.35585403],\n       [ 2.14071297, -0.30532892,  3.335887  ,  1.16431202,  6.68765177,\n         2.35585403]]), array([0.27647535, 0.27647535, 0.27647535, 0.27647535, 0.27647535,\n       0.27647535, 0.27647535]))", "callback": [0.7521893490395879, 0.6405078967209239, 0.5172972617910161, 0.4503089371878529, 0.4102811189140009, 0.3983980643695455, 0.3929557681632164, 0.38462599156220423, 0.37010607772662396, 0.3517915041325945, 0.33660578166705357, 0.32679303205060206, 0.3187085133597122, 0.3160255966217317, 0.31176552912491207, 0.3039846510764258, 0.29495413914174395, 0.28795841688462875, 0.28423268880948427, 0.2809994425957001, 0.27867035275040364, 0.2776756646604729, 0.2771421353386123, 0.2767819334281102, 0.2765703030015393, 0.27652434571980367, 0.27648953960618095, 0.2764785098764535, 0.2764768410263424, 0.2764761726591306, 0.2764755232717079, 0.27647542370289635, 0.2764753787215075, 0.2764753618150074, 0.2764753575316852, 0.2764753552055442, 0.27647535309884275, 0.2764753530056333, 0.2764753528084638, 0.27647535265358536, 0.2764753526208018, 0.2764753526072309, 0.2764753526035211, 0.276475352602089, 0.2764753526018402, 0.2764753526017317, 0.27647535260171263, 0.27647535260170597, 0.27647535260170464, 0.2764753526017042, 0.2764753526017042, 0.2764753526017042]}, "10": {"maxiter": 1000, "fatol": 1e-10, "xatol": 1e-05, "duration": 0.1585850715637207, "fun": "0.27647535260498524", "nit": "416", "nfev": "650", "status": "0", "success": "True", "message": "Optimization terminated successfully.", "x": "[ 2.14071871 -0.30533132  3.33588902  1.16430969  6.68765285  2.35585472]", "final_simplex": "(array([[ 2.14071871, -0.30533132,  3.33588902,  1.16430969,  6.68765285,\n         2.35585472],\n       [ 2.14071038, -0.3053235 ,  3.33589322,  1.16431342,  6.68765023,\n         2.35585243],\n       [ 2.14071847, -0.30533071,  3.33588813,  1.16430903,  6.68764685,\n         2.35585698],\n       [ 2.14071092, -0.30533318,  3.33588811,  1.16431386,  6.6876461 ,\n         2.35585547],\n       [ 2.14071461, -0.30532347,  3.33589176,  1.16431633,  6.68765429,\n         2.35584787],\n       [ 2.14071547, -0.30533953,  3.33588187,  1.16430431,  6.68764882,\n         2.35585355],\n       [ 2.14071635, -0.30532723,  3.33588318,  1.16431719,  6.68765054,\n         2.35585881]]), array([0.27647535, 0.27647535, 0.27647535, 0.27647535, 0.27647535,\n       0.27647535, 0.27647535]))", "callback": [0.7521893490395879, 0.6405078967209239, 0.5172972617910161, 0.4503089371878529, 0.4102811189140009, 0.3983980643695455, 0.3929557681632164, 0.38462599156220423, 0.37010607772662396, 0.3517915041325945, 0.33660578166705357, 0.32679303205060206, 0.3187085133597122, 0.3160255966217317, 0.31176552912491207, 0.3039846510764258, 0.29495413914174395, 0.28795841688462875, 0.28423268880948427, 0.2809994425957001, 0.27867035275040364, 0.2776756646604729, 0.2771421353386123, 0.2767819334281102, 0.2765703030015393, 0.27652434571980367, 0.27648953960618095, 0.2764785098764535, 0.2764768410263424, 0.2764761726591306, 0.2764755232717079, 0.27647542370289635, 0.2764753787215075, 0.2764753618150074, 0.2764753575316852, 0.2764753552055442, 0.27647535309884275, 0.2764753530056333, 0.2764753528084638, 0.27647535265358536, 0.2764753526208018, 0.2764753526072309]}, "11": {"maxiter": 1000, "fatol": 1e-10, "xatol": 1e-10, "duration": 0.20419096946716309, "fun": "0.2764753526017042", "nit": "515", "nfev": "876", "status": "0", "success": "True", "message": "Optimization terminated successfully.", "x": "[ 2.14071297 -0.30532892  3.335887    1.16431202  6.68765177  2.35585403]", "final_simplex": "(array([[ 2.14071297, -0.30532892,  3.335887  ,  1.16431202,  6.68765177,\n         2.35585403],\n       [ 2.14071297, -0.30532892,  3.335887  ,  1.16431202,  6.68765177,\n         2.35585403],\n       [ 2.14071297, -0.30532892,  3.335887  ,  1.16431202,  6.68765177,\n         2.35585403],\n       [ 2.14071297, -0.30532892,  3.335887  ,  1.16431202,  6.68765177,\n         2.35585403],\n       [ 2.14071297, -0.30532892,  3.335887  ,  1.16431202,  6.68765177,\n         2.35585403],\n       [ 2.14071297, -0.30532892,  3.335887  ,  1.16431202,  6.68765177,\n         2.35585403],\n       [ 2.14071297, -0.30532892,  3.335887  ,  1.16431202,  6.68765177,\n         2.35585403]]), array([0.27647535, 0.27647535, 0.27647535, 0.27647535, 0.27647535,\n       0.27647535, 0.27647535]))", "callback": [0.7521893490395879, 0.6405078967209239, 0.5172972617910161, 0.4503089371878529, 0.4102811189140009, 0.3983980643695455, 0.3929557681632164, 0.38462599156220423, 0.37010607772662396, 0.3517915041325945, 0.33660578166705357, 0.32679303205060206, 0.3187085133597122, 0.3160255966217317, 0.31176552912491207, 0.3039846510764258, 0.29495413914174395, 0.28795841688462875, 0.28423268880948427, 0.2809994425957001, 0.27867035275040364, 0.2776756646604729, 0.2771421353386123, 0.2767819334281102, 0.2765703030015393, 0.27652434571980367, 0.27648953960618095, 0.2764785098764535, 0.2764768410263424, 0.2764761726591306, 0.2764755232717079, 0.27647542370289635, 0.2764753787215075, 0.2764753618150074, 0.2764753575316852, 0.2764753552055442, 0.27647535309884275, 0.2764753530056333, 0.2764753528084638, 0.27647535265358536, 0.2764753526208018, 0.2764753526072309, 0.2764753526035211, 0.276475352602089, 0.2764753526018402, 0.2764753526017317, 0.27647535260171263, 0.27647535260170597, 0.27647535260170464, 0.2764753526017042, 0.2764753526017042, 0.2764753526017042]}}, "bfgs": {"type": "gradient", "0": {"maxiter": 100, "gtol": 1e-05, "xrtol": 1e-05, "eps": 1e-05, "duration": 0.03955197334289551, "fun": "0.27647535269172663", "jac": "[-1.01940678e-06 -2.19135821e-07 -1.27240440e-06 -7.73703324e-07\n  1.41322509e-06 -1.08824061e-06]", "hess_inv": "[[12.84484329 -4.51896742 -0.3779985  -9.41397667  4.20845791 -1.0360071 ]\n [-4.51896742  7.15805375  2.53338705  5.81238973  0.05163058 -0.13324502]\n [-0.3779985   2.53338705  4.40775716  0.52606963  1.12367306 -1.40397332]\n [-9.41397667  5.81238973  0.52606963 10.78379807 -2.99706366  1.28661252]\n [ 4.20845791  0.05163058  1.12367306 -2.99706366  5.99787517 -2.46713875]\n [-1.0360071  -0.13324502 -1.40397332  1.28661252 -2.46713875  4.06184417]]", "nfev": "168", "njev": "24", "status": "0", "success": "True", "message": "Optimization terminated successfully.", "x": "[ 2.14072284 -0.30536135  3.33586932  1.16428358  6.68765523  2.35584674]", "nit": "21", "callback": [0.5887338019062303, 0.4771186613563917, 0.4270799294379143, 0.34444186615218275, 0.2966214169131177, 0.28647511825029925, 0.282569416308459, 0.27850412562003524, 0.27765010162360726, 0.2770363633457391, 0.2768164376814187, 0.27664342293011257, 0.2765895574301386, 0.2765667535043822, 0.2765463510972904, 0.27651698576020944, 0.276490001479615, 0.2764773726025881, 0.2764754395906377, 0.2764753544193347, 0.27647535269172663]}, "1": {"maxiter": 100, "gtol": 1e-05, "xrtol": 1e-05, "eps": 1e-10, "duration": 0.03799796104431152, "fun": "0.2764753527310507", "jac": "[-4.44089173e-06 -1.11022293e-06 -4.44089173e-06 -2.22044587e-06\n -1.11022293e-06 -4.44089173e-06]", "hess_inv": "[[12.83099407 -4.40944726 -0.31242831 -9.31673475  4.24130388 -1.02799449]\n [-4.40944726  7.14438337  2.69572804  5.67613647  0.16226858 -0.19591704]\n [-0.31242831  2.69572804  4.61237841  0.58440197  1.25132441 -1.43176769]\n [-9.31673475  5.67613647  0.58440197 10.5642197  -2.9456205   1.22551498]\n [ 4.24130388  0.16226858  1.25132441 -2.9456205   6.07596484 -2.48127506]\n [-1.02799449 -0.19591704 -1.43176769  1.22551498 -2.48127506  4.05299639]]", "nfev": "168", "njev": "24", "status": "0", "success": "True", "message": "Optimization terminated successfully.", "x": "[ 2.14070281 -0.30535599  3.33586161  1.16429871  6.687642    2.35584897]", "nit": "21", "callback": [0.5887282135869691, 0.47711497198206576, 0.42707335072344577, 0.34443226876198674, 0.2966176711352898, 0.28647494227680104, 0.28256921788696177, 0.2785043294358799, 0.2776500452024503, 0.27703655067855804, 0.2768164289766766, 0.27664348045552645, 0.27658953994522584, 0.2765667577084462, 0.27654635455100396, 0.2765170650638632, 0.2764900044644234, 0.27647737919003657, 0.2764754412096754, 0.2764753541831394, 0.2764753527310507]}, "2": {"maxiter": 100, "gtol": 1e-05, "xrtol": 1e-10, "eps": 1e-05, "duration": 0.03940081596374512, "fun": "0.27647535269172663", "jac": "[-1.01940678e-06 -2.19135821e-07 -1.27240440e-06 -7.73703324e-07\n  1.41322509e-06 -1.08824061e-06]", "hess_inv": "[[12.84484329 -4.51896742 -0.3779985  -9.41397667  4.20845791 -1.0360071 ]\n [-4.51896742  7.15805375  2.53338705  5.81238973  0.05163058 -0.13324502]\n [-0.3779985   2.53338705  4.40775716  0.52606963  1.12367306 -1.40397332]\n [-9.41397667  5.81238973  0.52606963 10.78379807 -2.99706366  1.28661252]\n [ 4.20845791  0.05163058  1.12367306 -2.99706366  5.99787517 -2.46713875]\n [-1.0360071  -0.13324502 -1.40397332  1.28661252 -2.46713875  4.06184417]]", "nfev": "168", "njev": "24", "status": "0", "success": "True", "message": "Optimization terminated successfully.", "x": "[ 2.14072284 -0.30536135  3.33586932  1.16428358  6.68765523  2.35584674]", "nit": "21", "callback": [0.5887338019062303, 0.4771186613563917, 0.4270799294379143, 0.34444186615218275, 0.2966214169131177, 0.28647511825029925, 0.282569416308459, 0.27850412562003524, 0.27765010162360726, 0.2770363633457391, 0.2768164376814187, 0.27664342293011257, 0.2765895574301386, 0.2765667535043822, 0.2765463510972904, 0.27651698576020944, 0.276490001479615, 0.2764773726025881, 0.2764754395906377, 0.2764753544193347, 0.27647535269172663]}, "3": {"maxiter": 100, "gtol": 1e-05, "xrtol": 1e-10, "eps": 1e-10, "duration": 0.040049076080322266, "fun": "0.2764753527310507", "jac": "[-4.44089173e-06 -1.11022293e-06 -4.44089173e-06 -2.22044587e-06\n -1.11022293e-06 -4.44089173e-06]", "hess_inv": "[[12.83099407 -4.40944726 -0.31242831 -9.31673475  4.24130388 -1.02799449]\n [-4.40944726  7.14438337  2.69572804  5.67613647  0.16226858 -0.19591704]\n [-0.31242831  2.69572804  4.61237841  0.58440197  1.25132441 -1.43176769]\n [-9.31673475  5.67613647  0.58440197 10.5642197  -2.9456205   1.22551498]\n [ 4.24130388  0.16226858  1.25132441 -2.9456205   6.07596484 -2.48127506]\n [-1.02799449 -0.19591704 -1.43176769  1.22551498 -2.48127506  4.05299639]]", "nfev": "168", "njev": "24", "status": "0", "success": "True", "message": "Optimization terminated successfully.", "x": "[ 2.14070281 -0.30535599  3.33586161  1.16429871  6.687642    2.35584897]", "nit": "21", "callback": [0.5887282135869691, 0.47711497198206576, 0.42707335072344577, 0.34443226876198674, 0.2966176711352898, 0.28647494227680104, 0.28256921788696177, 0.2785043294358799, 0.2776500452024503, 0.27703655067855804, 0.2768164289766766, 0.27664348045552645, 0.27658953994522584, 0.2765667577084462, 0.27654635455100396, 0.2765170650638632, 0.2764900044644234, 0.27647737919003657, 0.2764754412096754, 0.2764753541831394, 0.2764753527310507]}, "4": {"maxiter": 100, "gtol": 1e-10, "xrtol": 1e-05, "eps": 1e-05, "duration": 0.04101204872131348, "fun": "0.2764753526567144", "jac": "[-2.49378296e-07 -1.60693681e-07 -1.13242749e-07 -6.40154596e-08\n  1.77879933e-07  3.50608431e-08]", "hess_inv": "[[ 1.28451947e+01 -4.64100405e+00 -5.23325711e-01 -9.51756264e+00\n   4.36651502e+00 -1.16800295e+00]\n [-4.64100405e+00  7.23449001e+00  2.52387613e+00  5.99072906e+00\n  -1.35349034e-01  3.19489266e-03]\n [-5.23325711e-01  2.52387613e+00  4.27647020e+00  6.53379342e-01\n   1.03100847e+00 -1.35010568e+00]\n [-9.51756264e+00  5.99072906e+00  6.53379342e-01  1.10311756e+01\n  -3.30248621e+00  1.52499864e+00]\n [ 4.36651502e+00 -1.35349034e-01  1.03100847e+00 -3.30248621e+00\n   6.35381225e+00 -2.73890107e+00]\n [-1.16800295e+00  3.19489266e-03 -1.35010568e+00  1.52499864e+00\n  -2.73890107e+00  4.26750397e+00]]", "nfev": "175", "njev": "25", "status": "0", "success": "True", "message": "Optimization terminated successfully.", "x": "[ 2.14071944 -0.30535646  3.33587236  1.16429088  6.68764645  2.35585353]", "nit": "22", "callback": [0.5887338019062303, 0.4771186613563917, 0.4270799294379143, 0.34444186615218275, 0.2966214169131177, 0.28647511825029925, 0.282569416308459, 0.27850412562003524, 0.27765010162360726, 0.2770363633457391, 0.2768164376814187, 0.27664342293011257, 0.2765895574301386, 0.2765667535043822, 0.2765463510972904, 0.27651698576020944, 0.276490001479615, 0.2764773726025881, 0.2764754395906377, 0.2764753544193347, 0.27647535269172663, 0.2764753526567144]}, "5": {"maxiter": 100, "gtol": 1e-10, "xrtol": 1e-05, "eps": 1e-10, "duration": 0.04041695594787598, "fun": "0.27647535262582157", "jac": "[0.00000000e+00 2.22044587e-06 2.22044587e-06 0.00000000e+00\n 0.00000000e+00 2.22044587e-06]", "hess_inv": "[[ 1.17474762e+01 -4.74469328e+00 -1.02431457e+00 -8.85026601e+00\n   3.47482572e+00 -9.42046006e-01]\n [-4.74469328e+00  7.09133286e+00  2.45113588e+00  5.92745752e+00\n  -2.06981126e-01 -8.55953049e-03]\n [-1.02431457e+00  2.45113588e+00  4.15634110e+00  8.39508466e-01\n   8.11160680e-01 -1.45248516e+00]\n [-8.85026601e+00  5.92745752e+00  8.39508466e-01  1.05892941e+01\n  -2.89453954e+00  1.52793621e+00]\n [ 3.47482572e+00 -2.06981126e-01  8.11160680e-01 -2.89453954e+00\n   5.87809669e+00 -2.83953852e+00]\n [-9.42046006e-01 -8.55953049e-03 -1.45248516e+00  1.52793621e+00\n  -2.83953852e+00  4.55618509e+00]]", "nfev": "175", "njev": "25", "status": "0", "success": "True", "message": "Optimization terminated successfully.", "x": "[ 2.14072519 -0.30534541  3.33587455  1.1642968   6.68764829  2.3558588 ]", "nit": "22", "callback": [0.5887282135869691, 0.47711497198206576, 0.42707335072344577, 0.34443226876198674, 0.2966176711352898, 0.28647494227680104, 0.28256921788696177, 0.2785043294358799, 0.2776500452024503, 0.27703655067855804, 0.2768164289766766, 0.27664348045552645, 0.27658953994522584, 0.2765667577084462, 0.27654635455100396, 0.2765170650638632, 0.2764900044644234, 0.27647737919003657, 0.2764754412096754, 0.2764753541831394, 0.2764753527310507, 0.27647535262582157]}, "6": {"maxiter": 100, "gtol": 1e-10, "xrtol": 1e-10, "eps": 1e-05, "duration": 0.04762434959411621, "fun": "0.2764753526521765", "jac": "[ 6.66133815e-11  4.44089210e-11 -1.11022302e-11 -1.11022302e-11\n  2.22044605e-11 -1.11022302e-11]", "hess_inv": "[[13.05098079 -4.12480438 -0.182014   -9.16389338  4.01126084 -0.95640426]\n [-4.12480438  8.29140183  3.05328022  6.54265351  0.25185091 -0.67653457]\n [-0.182014    3.05328022  4.54892279  0.8944487   1.15178938 -1.61448402]\n [-9.16389338  6.54265351  0.8944487  11.22704318 -2.74363194  0.8231214 ]\n [ 4.01126084  0.25185091  1.15178938 -2.74363194  6.3223331  -2.87527108]\n [-0.95640426 -0.67653457 -1.61448402  0.8231214  -2.87527108  4.65055526]]", "nfev": "203", "njev": "29", "status": "0", "success": "True", "message": "Optimization terminated successfully.", "x": "[ 2.14072086 -0.3053554   3.33587326  1.16429087  6.68764642  2.35585341]", "nit": "26", "callback": [0.5887338019062303, 0.4771186613563917, 0.4270799294379143, 0.34444186615218275, 0.2966214169131177, 0.28647511825029925, 0.282569416308459, 0.27850412562003524, 0.27765010162360726, 0.2770363633457391, 0.2768164376814187, 0.27664342293011257, 0.2765895574301386, 0.2765667535043822, 0.2765463510972904, 0.27651698576020944, 0.276490001479615, 0.2764773726025881, 0.2764754395906377, 0.2764753544193347, 0.27647535269172663, 0.2764753526567144, 0.2764753526529625, 0.2764753526522433, 0.2764753526521847, 0.2764753526521765]}, "7": {"maxiter": 100, "gtol": 1e-10, "xrtol": 1e-10, "eps": 1e-10, "duration": 0.059928178787231445, "fun": "0.27647535262582146", "jac": "[4.44089173e-06 1.11022293e-06 0.00000000e+00 1.11022293e-06\n 3.33066880e-06 3.33066880e-06]", "hess_inv": "[[ 15.02353226  -5.3795642   -0.68237023 -10.45707599   4.4559546\n   -0.54149248]\n [ -5.3795642    5.75824549   1.34929528   5.3539752   -0.35723417\n   -0.77869475]\n [ -0.68237023   1.34929528   3.45554388   0.04248732   0.94193077\n   -1.90318244]\n [-10.45707599   5.3539752    0.04248732  10.83966301  -3.35151932\n    0.91064477]\n [  4.4559546   -0.35723417   0.94193077  -3.35151932   6.17083755\n   -2.7006119 ]\n [ -0.54149248  -0.77869475  -1.90318244   0.91064477  -2.7006119\n    4.2758102 ]]", "nfev": "259", "njev": "37", "status": "0", "success": "True", "message": "Optimization terminated successfully.", "x": "[ 2.14072519 -0.30534541  3.33587455  1.1642968   6.68764829  2.3558588 ]", "nit": "23", "callback": [0.5887282135869691, 0.47711497198206576, 0.42707335072344577, 0.34443226876198674, 0.2966176711352898, 0.28647494227680104, 0.28256921788696177, 0.2785043294358799, 0.2776500452024503, 0.27703655067855804, 0.2768164289766766, 0.27664348045552645, 0.27658953994522584, 0.2765667577084462, 0.27654635455100396, 0.2765170650638632, 0.2764900044644234, 0.27647737919003657, 0.2764754412096754, 0.2764753541831394, 0.2764753527310507, 0.27647535262582157, 0.27647535262582146]}, "8": {"maxiter": 500, "gtol": 1e-05, "xrtol": 1e-05, "eps": 1e-05, "duration": 0.03978705406188965, "fun": "0.27647535269172663", "jac": "[-1.01940678e-06 -2.19135821e-07 -1.27240440e-06 -7.73703324e-07\n  1.41322509e-06 -1.08824061e-06]", "hess_inv": "[[12.84484329 -4.51896742 -0.3779985  -9.41397667  4.20845791 -1.0360071 ]\n [-4.51896742  7.15805375  2.53338705  5.81238973  0.05163058 -0.13324502]\n [-0.3779985   2.53338705  4.40775716  0.52606963  1.12367306 -1.40397332]\n [-9.41397667  5.81238973  0.52606963 10.78379807 -2.99706366  1.28661252]\n [ 4.20845791  0.05163058  1.12367306 -2.99706366  5.99787517 -2.46713875]\n [-1.0360071  -0.13324502 -1.40397332  1.28661252 -2.46713875  4.06184417]]", "nfev": "168", "njev": "24", "status": "0", "success": "True", "message": "Optimization terminated successfully.", "x": "[ 2.14072284 -0.30536135  3.33586932  1.16428358  6.68765523  2.35584674]", "nit": "21", "callback": [0.5887338019062303, 0.4771186613563917, 0.4270799294379143, 0.34444186615218275, 0.2966214169131177, 0.28647511825029925, 0.282569416308459, 0.27850412562003524, 0.27765010162360726, 0.2770363633457391, 0.2768164376814187, 0.27664342293011257, 0.2765895574301386, 0.2765667535043822, 0.2765463510972904, 0.27651698576020944, 0.276490001479615, 0.2764773726025881, 0.2764754395906377, 0.2764753544193347, 0.27647535269172663]}, "9": {"maxiter": 500, "gtol": 1e-05, "xrtol": 1e-05, "eps": 1e-10, "duration": 0.038880109786987305, "fun": "0.2764753527310507", "jac": "[-4.44089173e-06 -1.11022293e-06 -4.44089173e-06 -2.22044587e-06\n -1.11022293e-06 -4.44089173e-06]", "hess_inv": "[[12.83099407 -4.40944726 -0.31242831 -9.31673475  4.24130388 -1.02799449]\n [-4.40944726  7.14438337  2.69572804  5.67613647  0.16226858 -0.19591704]\n [-0.31242831  2.69572804  4.61237841  0.58440197  1.25132441 -1.43176769]\n [-9.31673475  5.67613647  0.58440197 10.5642197  -2.9456205   1.22551498]\n [ 4.24130388  0.16226858  1.25132441 -2.9456205   6.07596484 -2.48127506]\n [-1.02799449 -0.19591704 -1.43176769  1.22551498 -2.48127506  4.05299639]]", "nfev": "168", "njev": "24", "status": "0", "success": "True", "message": "Optimization terminated successfully.", "x": "[ 2.14070281 -0.30535599  3.33586161  1.16429871  6.687642    2.35584897]", "nit": "21", "callback": [0.5887282135869691, 0.47711497198206576, 0.42707335072344577, 0.34443226876198674, 0.2966176711352898, 0.28647494227680104, 0.28256921788696177, 0.2785043294358799, 0.2776500452024503, 0.27703655067855804, 0.2768164289766766, 0.27664348045552645, 0.27658953994522584, 0.2765667577084462, 0.27654635455100396, 0.2765170650638632, 0.2764900044644234, 0.27647737919003657, 0.2764754412096754, 0.2764753541831394, 0.2764753527310507]}, "10": {"maxiter": 500, "gtol": 1e-05, "xrtol": 1e-10, "eps": 1e-05, "duration": 0.03914284706115723, "fun": "0.27647535269172663", "jac": "[-1.01940678e-06 -2.19135821e-07 -1.27240440e-06 -7.73703324e-07\n  1.41322509e-06 -1.08824061e-06]", "hess_inv": "[[12.84484329 -4.51896742 -0.3779985  -9.41397667  4.20845791 -1.0360071 ]\n [-4.51896742  7.15805375  2.53338705  5.81238973  0.05163058 -0.13324502]\n [-0.3779985   2.53338705  4.40775716  0.52606963  1.12367306 -1.40397332]\n [-9.41397667  5.81238973  0.52606963 10.78379807 -2.99706366  1.28661252]\n [ 4.20845791  0.05163058  1.12367306 -2.99706366  5.99787517 -2.46713875]\n [-1.0360071  -0.13324502 -1.40397332  1.28661252 -2.46713875  4.06184417]]", "nfev": "168", "njev": "24", "status": "0", "success": "True", "message": "Optimization terminated successfully.", "x": "[ 2.14072284 -0.30536135  3.33586932  1.16428358  6.68765523  2.35584674]", "nit": "21", "callback": [0.5887338019062303, 0.4771186613563917, 0.4270799294379143, 0.34444186615218275, 0.2966214169131177, 0.28647511825029925, 0.282569416308459, 0.27850412562003524, 0.27765010162360726, 0.2770363633457391, 0.2768164376814187, 0.27664342293011257, 0.2765895574301386, 0.2765667535043822, 0.2765463510972904, 0.27651698576020944, 0.276490001479615, 0.2764773726025881, 0.2764754395906377, 0.2764753544193347, 0.27647535269172663]}, "11": {"maxiter": 500, "gtol": 1e-05, "xrtol": 1e-10, "eps": 1e-10, "duration": 0.03957986831665039, "fun": "0.2764753527310507", "jac": "[-4.44089173e-06 -1.11022293e-06 -4.44089173e-06 -2.22044587e-06\n -1.11022293e-06 -4.44089173e-06]", "hess_inv": "[[12.83099407 -4.40944726 -0.31242831 -9.31673475  4.24130388 -1.02799449]\n [-4.40944726  7.14438337  2.69572804  5.67613647  0.16226858 -0.19591704]\n [-0.31242831  2.69572804  4.61237841  0.58440197  1.25132441 -1.43176769]\n [-9.31673475  5.67613647  0.58440197 10.5642197  -2.9456205   1.22551498]\n [ 4.24130388  0.16226858  1.25132441 -2.9456205   6.07596484 -2.48127506]\n [-1.02799449 -0.19591704 -1.43176769  1.22551498 -2.48127506  4.05299639]]", "nfev": "168", "njev": "24", "status": "0", "success": "True", "message":