{"date": "2024/09/25/, 02:18:35", "conf_id": 110, "data_type": "orthogonal\n", "num_data_points": 2, "s_rank": 0, "unitary": "[[-0.45070455-0.02711853j,0.78437395-0.06613086j,0.06358678+0.19963393j,-0.07343613+0.35668523j],[-0.01890143-0.03813363j,0.32408202+0.25557629j,0.05872864-0.68979805j,0.55466693-0.20227297j],[-0.11215405+0.64023111j,-0.13344055+0.29565494j,-0.49012687-0.19046288j,-0.04241254+0.44046348j],[0.55771659+0.24656916j,0.31851997-0.05798805j,0.28761525-0.34294258j,-0.56718418+0.03616933j]]", "databatch_0": {"databatch": "[[[-0.11499521-0.33932984j,-0.05201578+0.05241612j,-0.0102792+0.21007771j,-0.06924896+0.1284759j],[0.18391443-0.14631356j,-0.298685-0.12349639j,0.20099876+0.46167409j,-0.14679139+0.06266982j],[0.14893572-0.07288229j,0.05443175+0.02384631j,0.03615765+0.30777495j,0.22850621-0.05294229j],[-0.0098649-0.00063376j,0.24729769+0.11480798j,-0.06070416-0.17127801j,0.23659425-0.12812063j]],[[0.15446816+0.12968989j,0.0785763+0.09258614j,0.0058218+0.05503069j,0.27314003-0.01557675j],[0.23815208+0.36300368j,-0.11720968-0.28583445j,-0.04755917+0.20263114j,-0.082578-0.11311842j],[-0.14219522+0.01783783j,-0.09245542+0.12031158j,0.32588181-0.07843373j,0.04091049+0.08634292j],[0.18626888-0.0867495j,0.04436008-0.18842735j,-0.45772629+0.21388845j,-0.13382121-0.04353725j]]]", "initial param values": "[5.24356589,3.35133506,1.5063153,1.90924596,4.29539437,3.50852905]", "nelder_mead": {"type": "gradient-free", "0": {"maxiter": 100, "fatol": 1e-05, "xatol": 1e-05, "duration": 0.0386660099029541, "fun": "0.6079976502907958", "nit": "100", "nfev": "155", "status": "2", "success": "False", "message": "Maximum number of iterations has been exceeded.", "x": "[4.54494557 4.10584041 1.81532232 1.28672125 4.08132457 3.12840431]", "final_simplex": "(array([[4.54494557, 4.10584041, 1.81532232, 1.28672125, 4.08132457,\n        3.12840431],\n       [4.64493795, 4.06442507, 1.81364403, 1.33306019, 4.06762343,\n        3.09520593],\n       [4.60284542, 4.07900479, 1.79842339, 1.32565898, 4.11522636,\n        3.11612168],\n       [4.55705969, 4.04312272, 1.80970303, 1.27174132, 4.0835922 ,\n        3.18295675],\n       [4.60354573, 4.04937331, 1.79359955, 1.3571625 , 4.08189539,\n        3.12124716],\n       [4.57105084, 4.01861811, 1.80918085, 1.37536156, 4.09336697,\n        3.0945819 ],\n       [4.56155263, 4.07289998, 1.79241561, 1.35523186, 4.11501279,\n        3.08426495]]), array([0.60799765, 0.60802682, 0.6080578 , 0.60828071, 0.60860266,\n       0.60860792, 0.6088729 ]))", "callback": [0.7089804143316004, 0.6424879046721654, 0.6259590923303902, 0.6237118312923264, 0.6185381571904651, 0.6133330760299147, 0.6105919374640426, 0.6098115297406954, 0.6094255417469736, 0.6088729041744113]}, "1": {"maxiter": 100, "fatol": 1e-05, "xatol": 1e-10, "duration": 0.03631401062011719, "fun": "0.6079976502907958", "nit": "100", "nfev": "155", "status": "2", "success": "False", "message": "Maximum number of iterations has been exceeded.", "x": "[4.54494557 4.10584041 1.81532232 1.28672125 4.08132457 3.12840431]", "final_simplex": "(array([[4.54494557, 4.10584041, 1.81532232, 1.28672125, 4.08132457,\n        3.12840431],\n       [4.64493795, 4.06442507, 1.81364403, 1.33306019, 4.06762343,\n        3.09520593],\n       [4.60284542, 4.07900479, 1.79842339, 1.32565898, 4.11522636,\n        3.11612168],\n       [4.55705969, 4.04312272, 1.80970303, 1.27174132, 4.0835922 ,\n        3.18295675],\n       [4.60354573, 4.04937331, 1.79359955, 1.3571625 , 4.08189539,\n        3.12124716],\n       [4.57105084, 4.01861811, 1.80918085, 1.37536156, 4.09336697,\n        3.0945819 ],\n       [4.56155263, 4.07289998, 1.79241561, 1.35523186, 4.11501279,\n        3.08426495]]), array([0.60799765, 0.60802682, 0.6080578 , 0.60828071, 0.60860266,\n       0.60860792, 0.6088729 ]))", "callback": [0.7089804143316004, 0.6424879046721654, 0.6259590923303902, 0.6237118312923264, 0.6185381571904651, 0.6133330760299147, 0.6105919374640426, 0.6098115297406954, 0.6094255417469736, 0.6088729041744113]}, "2": {"maxiter": 100, "fatol": 1e-10, "xatol": 1e-05, "duration": 0.03623175621032715, "fun": "0.6079976502907958", "nit": "100", "nfev": "155", "status": "2", "success": "False", "message": "Maximum number of iterations has been exceeded.", "x": "[4.54494557 4.10584041 1.81532232 1.28672125 4.08132457 3.12840431]", "final_simplex": "(array([[4.54494557, 4.10584041, 1.81532232, 1.28672125, 4.08132457,\n        3.12840431],\n       [4.64493795, 4.06442507, 1.81364403, 1.33306019, 4.06762343,\n        3.09520593],\n       [4.60284542, 4.07900479, 1.79842339, 1.32565898, 4.11522636,\n        3.11612168],\n       [4.55705969, 4.04312272, 1.80970303, 1.27174132, 4.0835922 ,\n        3.18295675],\n       [4.60354573, 4.04937331, 1.79359955, 1.3571625 , 4.08189539,\n        3.12124716],\n       [4.57105084, 4.01861811, 1.80918085, 1.37536156, 4.09336697,\n        3.0945819 ],\n       [4.56155263, 4.07289998, 1.79241561, 1.35523186, 4.11501279,\n        3.08426495]]), array([0.60799765, 0.60802682, 0.6080578 , 0.60828071, 0.60860266,\n       0.60860792, 0.6088729 ]))", "callback": [0.7089804143316004, 0.6424879046721654, 0.6259590923303902, 0.6237118312923264, 0.6185381571904651, 0.6133330760299147, 0.6105919374640426, 0.6098115297406954, 0.6094255417469736, 0.6088729041744113]}, "3": {"maxiter": 100, "fatol": 1e-10, "xatol": 1e-10, "duration": 0.03552103042602539, "fun": "0.6079976502907958", "nit": "100", "nfev": "155", "status": "2", "success": "False", "message": "Maximum number of iterations has been exceeded.", "x": "[4.54494557 4.10584041 1.81532232 1.28672125 4.08132457 3.12840431]", "final_simplex": "(array([[4.54494557, 4.10584041, 1.81532232, 1.28672125, 4.08132457,\n        3.12840431],\n       [4.64493795, 4.06442507, 1.81364403, 1.33306019, 4.06762343,\n        3.09520593],\n       [4.60284542, 4.07900479, 1.79842339, 1.32565898, 4.11522636,\n        3.11612168],\n       [4.55705969, 4.04312272, 1.80970303, 1.27174132, 4.0835922 ,\n        3.18295675],\n       [4.60354573, 4.04937331, 1.79359955, 1.3571625 , 4.08189539,\n        3.12124716],\n       [4.57105084, 4.01861811, 1.80918085, 1.37536156, 4.09336697,\n        3.0945819 ],\n       [4.56155263, 4.07289998, 1.79241561, 1.35523186, 4.11501279,\n        3.08426495]]), array([0.60799765, 0.60802682, 0.6080578 , 0.60828071, 0.60860266,\n       0.60860792, 0.6088729 ]))", "callback": [0.7089804143316004, 0.6424879046721654, 0.6259590923303902, 0.6237118312923264, 0.6185381571904651, 0.6133330760299147, 0.6105919374640426, 0.6098115297406954, 0.6094255417469736, 0.6088729041744113]}, "4": {"maxiter": 500, "fatol": 1e-05, "xatol": 1e-05, "duration": 0.13973593711853027, "fun": "0.3815636589116618", "nit": "398", "nfev": "618", "status": "0", "success": "True", "message": "Optimization terminated successfully.", "x": "[4.91666796 4.3121463  3.2247982  1.69553698 3.79035048 5.10315298]", "final_simplex": "(array([[4.91666796, 4.3121463 , 3.2247982 , 1.69553698, 3.79035048,\n        5.10315298],\n       [4.91666122, 4.31214787, 3.22480296, 1.69553622, 3.79034807,\n        5.10315073],\n       [4.91666363, 4.3121418 , 3.22480205, 1.69554465, 3.79034543,\n        5.10314407],\n       [4.91666457, 4.31214858, 3.22480066, 1.69553999, 3.79035602,\n        5.10315294],\n       [4.91666457, 4.31214557, 3.22480346, 1.69554108, 3.79034279,\n        5.10315757],\n       [4.91666072, 4.31213675, 3.2248    , 1.69553541, 3.7903476 ,\n        5.10314784],\n       [4.91667248, 4.31214281, 3.22480625, 1.69553723, 3.79034328,\n        5.10314995]]), array([0.38156366, 0.38156366, 0.38156366, 0.38156366, 0.38156366,\n       0.38156366, 0.38156366]))", "callback": [0.7089804143316004, 0.6424879046721654, 0.6259590923303902, 0.6237118312923264, 0.6185381571904651, 0.6133330760299147, 0.6105919374640426, 0.6098115297406954, 0.6094255417469736, 0.6088729041744113, 0.6069259715411741, 0.6044271810741594, 0.6010632560187177, 0.5869888878306426, 0.56272812146861, 0.47240602711839674, 0.40733812236153966, 0.3986540945132653, 0.39533075082862545, 0.39224932907843835, 0.3901324667423507, 0.3877005064678918, 0.386295473531552, 0.3842229766873737, 0.3823743155461288, 0.3819349639732118, 0.38174971493008303, 0.38163556329569415, 0.3815907347657699, 0.3815715059203868, 0.3815668244599508, 0.3815643866852998, 0.3815637740126161, 0.38156371684608503, 0.3815636692257751, 0.381563662246152, 0.3815636591560482, 0.38156365909365, 0.3815636589836682, 0.38156365892008304]}, "5": {"maxiter": 500, "fatol": 1e-05, "xatol": 1e-10, "duration": 0.1923539638519287, "fun": "0.3815636589078347", "nit": "500", "nfev": "843", "status": "2", "success": "False", "message": "Maximum number of iterations has been exceeded.", "x": "[4.91666517 4.31214419 3.22480201 1.69553949 3.79034884 5.10315153]", "final_simplex": "(array([[4.91666517, 4.31214419, 3.22480201, 1.69553949, 3.79034884,\n        5.10315153],\n       [4.91666517, 4.31214419, 3.22480201, 1.69553949, 3.79034884,\n        5.10315153],\n       [4.91666517, 4.31214419, 3.22480201, 1.69553949, 3.79034884,\n        5.10315153],\n       [4.91666517, 4.31214419, 3.22480201, 1.69553949, 3.79034884,\n        5.10315153],\n       [4.91666517, 4.31214419, 3.22480201, 1.69553949, 3.79034884,\n        5.10315153],\n       [4.91666517, 4.31214419, 3.22480201, 1.69553949, 3.79034884,\n        5.10315153],\n       [4.91666517, 4.31214419, 3.22480201, 1.69553949, 3.79034884,\n        5.10315153]]), array([0.38156366, 0.38156366, 0.38156366, 0.38156366, 0.38156366,\n       0.38156366, 0.38156366]))", "callback": [0.7089804143316004, 0.6424879046721654, 0.6259590923303902, 0.6237118312923264, 0.6185381571904651, 0.6133330760299147, 0.6105919374640426, 0.6098115297406954, 0.6094255417469736, 0.6088729041744113, 0.6069259715411741, 0.6044271810741594, 0.6010632560187177, 0.5869888878306426, 0.56272812146861, 0.47240602711839674, 0.40733812236153966, 0.3986540945132653, 0.39533075082862545, 0.39224932907843835, 0.3901324667423507, 0.3877005064678918, 0.386295473531552, 0.3842229766873737, 0.3823743155461288, 0.3819349639732118, 0.38174971493008303, 0.38163556329569415, 0.3815907347657699, 0.3815715059203868, 0.3815668244599508, 0.3815643866852998, 0.3815637740126161, 0.38156371684608503, 0.3815636692257751, 0.381563662246152, 0.3815636591560482, 0.38156365909365, 0.3815636589836682, 0.38156365892008304, 0.3815636589094089, 0.3815636589081639, 0.381563658907933, 0.38156365890789123, 0.38156365890784927, 0.38156365890783805, 0.3815636589078357, 0.38156365890783495, 0.3815636589078347, 0.3815636589078347]}, "6": {"maxiter": 500, "fatol": 1e-10, "xatol": 1e-05, "duration": 0.1577768325805664, "fun": "0.3815636589116618", "nit": "398", "nfev": "618", "status": "0", "success": "True", "message": "Optimization terminated successfully.", "x": "[4.91666796 4.3121463  3.2247982  1.69553698 3.79035048 5.10315298]", "final_simplex": "(array([[4.91666796, 4.3121463 , 3.2247982 , 1.69553698, 3.79035048,\n        5.10315298],\n       [4.91666122, 4.31214787, 3.22480296, 1.69553622, 3.79034807,\n        5.10315073],\n       [4.91666363, 4.3121418 , 3.22480205, 1.69554465, 3.79034543,\n        5.10314407],\n       [4.91666457, 4.31214858, 3.22480066, 1.69553999, 3.79035602,\n        5.10315294],\n       [4.91666457, 4.31214557, 3.22480346, 1.69554108, 3.79034279,\n        5.10315757],\n       [4.91666072, 4.31213675, 3.2248    , 1.69553541, 3.7903476 ,\n        5.10314784],\n       [4.91667248, 4.31214281, 3.22480625, 1.69553723, 3.79034328,\n        5.10314995]]), array([0.38156366, 0.38156366, 0.38156366, 0.38156366, 0.38156366,\n       0.38156366, 0.38156366]))", "callback": [0.7089804143316004, 0.6424879046721654, 0.6259590923303902, 0.6237118312923264, 0.6185381571904651, 0.6133330760299147, 0.6105919374640426, 0.6098115297406954, 0.6094255417469736, 0.6088729041744113, 0.6069259715411741, 0.6044271810741594, 0.6010632560187177, 0.5869888878306426, 0.56272812146861, 0.47240602711839674, 0.40733812236153966, 0.3986540945132653, 0.39533075082862545, 0.39224932907843835, 0.3901324667423507, 0.3877005064678918, 0.386295473531552, 0.3842229766873737, 0.3823743155461288, 0.3819349639732118, 0.38174971493008303, 0.38163556329569415, 0.3815907347657699, 0.3815715059203868, 0.3815668244599508, 0.3815643866852998, 0.3815637740126161, 0.38156371684608503, 0.3815636692257751, 0.381563662246152, 0.3815636591560482, 0.38156365909365, 0.3815636589836682, 0.38156365892008304]}, "7": {"maxiter": 500, "fatol": 1e-10, "xatol": 1e-10, "duration": 0.2073347568511963, "fun": "0.3815636589078347", "nit": "500", "nfev": "843", "status": "2", "success": "False", "message": "Maximum number of iterations has been exceeded.", "x": "[4.91666517 4.31214419 3.22480201 1.69553949 3.79034884 5.10315153]", "final_simplex": "(array([[4.91666517, 4.31214419, 3.22480201, 1.69553949, 3.79034884,\n        5.10315153],\n       [4.91666517, 4.31214419, 3.22480201, 1.69553949, 3.79034884,\n        5.10315153],\n       [4.91666517, 4.31214419, 3.22480201, 1.69553949, 3.79034884,\n        5.10315153],\n       [4.91666517, 4.31214419, 3.22480201, 1.69553949, 3.79034884,\n        5.10315153],\n       [4.91666517, 4.31214419, 3.22480201, 1.69553949, 3.79034884,\n        5.10315153],\n       [4.91666517, 4.31214419, 3.22480201, 1.69553949, 3.79034884,\n        5.10315153],\n       [4.91666517, 4.31214419, 3.22480201, 1.69553949, 3.79034884,\n        5.10315153]]), array([0.38156366, 0.38156366, 0.38156366, 0.38156366, 0.38156366,\n       0.38156366, 0.38156366]))", "callback": [0.7089804143316004, 0.6424879046721654, 0.6259590923303902, 0.6237118312923264, 0.6185381571904651, 0.6133330760299147, 0.6105919374640426, 0.6098115297406954, 0.6094255417469736, 0.6088729041744113, 0.6069259715411741, 0.6044271810741594, 0.6010632560187177, 0.5869888878306426, 0.56272812146861, 0.47240602711839674, 0.40733812236153966, 0.3986540945132653, 0.39533075082862545, 0.39224932907843835, 0.3901324667423507, 0.3877005064678918, 0.386295473531552, 0.3842229766873737, 0.3823743155461288, 0.3819349639732118, 0.38174971493008303, 0.38163556329569415, 0.3815907347657699, 0.3815715059203868, 0.3815668244599508, 0.3815643866852998, 0.3815637740126161, 0.38156371684608503, 0.3815636692257751, 0.381563662246152, 0.3815636591560482, 0.38156365909365, 0.3815636589836682, 0.38156365892008304, 0.3815636589094089, 0.3815636589081639, 0.381563658907933, 0.38156365890789123, 0.38156365890784927, 0.38156365890783805, 0.3815636589078357, 0.38156365890783495, 0.3815636589078347, 0.3815636589078347]}, "8": {"maxiter": 1000, "fatol": 1e-05, "xatol": 1e-05, "duration": 0.14560627937316895, "fun": "0.3815636589116618", "nit": "398", "nfev": "618", "status": "0", "success": "True", "message": "Optimization terminated successfully.", "x": "[4.91666796 4.3121463  3.2247982  1.69553698 3.79035048 5.10315298]", "final_simplex": "(array([[4.91666796, 4.3121463 , 3.2247982 , 1.69553698, 3.79035048,\n        5.10315298],\n       [4.91666122, 4.31214787, 3.22480296, 1.69553622, 3.79034807,\n        5.10315073],\n       [4.91666363, 4.3121418 , 3.22480205, 1.69554465, 3.79034543,\n        5.10314407],\n       [4.91666457, 4.31214858, 3.22480066, 1.69553999, 3.79035602,\n        5.10315294],\n       [4.91666457, 4.31214557, 3.22480346, 1.69554108, 3.79034279,\n        5.10315757],\n       [4.91666072, 4.31213675, 3.2248    , 1.69553541, 3.7903476 ,\n        5.10314784],\n       [4.91667248, 4.31214281, 3.22480625, 1.69553723, 3.79034328,\n        5.10314995]]), array([0.38156366, 0.38156366, 0.38156366, 0.38156366, 0.38156366,\n       0.38156366, 0.38156366]))", "callback": [0.7089804143316004, 0.6424879046721654, 0.6259590923303902, 0.6237118312923264, 0.6185381571904651, 0.6133330760299147, 0.6105919374640426, 0.6098115297406954, 0.6094255417469736, 0.6088729041744113, 0.6069259715411741, 0.6044271810741594, 0.6010632560187177, 0.5869888878306426, 0.56272812146861, 0.47240602711839674, 0.40733812236153966, 0.3986540945132653, 0.39533075082862545, 0.39224932907843835, 0.3901324667423507, 0.3877005064678918, 0.386295473531552, 0.3842229766873737, 0.3823743155461288, 0.3819349639732118, 0.38174971493008303, 0.38163556329569415, 0.3815907347657699, 0.3815715059203868, 0.3815668244599508, 0.3815643866852998, 0.3815637740126161, 0.38156371684608503, 0.3815636692257751, 0.381563662246152, 0.3815636591560482, 0.38156365909365, 0.3815636589836682, 0.38156365892008304]}, "9": {"maxiter": 1000, "fatol": 1e-05, "xatol": 1e-10, "duration": 0.20192790031433105, "fun": "0.3815636589078347", "nit": "502", "nfev": "852", "status": "0", "success": "True", "message": "Optimization terminated successfully.", "x": "[4.91666517 4.31214419 3.22480201 1.69553949 3.79034884 5.10315153]", "final_simplex": "(array([[4.91666517, 4.31214419, 3.22480201, 1.69553949, 3.79034884,\n        5.10315153],\n       [4.91666517, 4.31214419, 3.22480201, 1.69553949, 3.79034884,\n        5.10315153],\n       [4.91666517, 4.31214419, 3.22480201, 1.69553949, 3.79034884,\n        5.10315153],\n       [4.91666517, 4.31214419, 3.22480201, 1.69553949, 3.79034884,\n        5.10315153],\n       [4.91666517, 4.31214419, 3.22480201, 1.69553949, 3.79034884,\n        5.10315153],\n       [4.91666517, 4.31214419, 3.22480201, 1.69553949, 3.79034884,\n        5.10315153],\n       [4.91666517, 4.31214419, 3.22480201, 1.69553949, 3.79034884,\n        5.10315153]]), array([0.38156366, 0.38156366, 0.38156366, 0.38156366, 0.38156366,\n       0.38156366, 0.38156366]))", "callback": [0.7089804143316004, 0.6424879046721654, 0.6259590923303902, 0.6237118312923264, 0.6185381571904651, 0.6133330760299147, 0.6105919374640426, 0.6098115297406954, 0.6094255417469736, 0.6088729041744113, 0.6069259715411741, 0.6044271810741594, 0.6010632560187177, 0.5869888878306426, 0.56272812146861, 0.47240602711839674, 0.40733812236153966, 0.3986540945132653, 0.39533075082862545, 0.39224932907843835, 0.3901324667423507, 0.3877005064678918, 0.386295473531552, 0.3842229766873737, 0.3823743155461288, 0.3819349639732118, 0.38174971493008303, 0.38163556329569415, 0.3815907347657699, 0.3815715059203868, 0.3815668244599508, 0.3815643866852998, 0.3815637740126161, 0.38156371684608503, 0.3815636692257751, 0.381563662246152, 0.3815636591560482, 0.38156365909365, 0.3815636589836682, 0.38156365892008304, 0.3815636589094089, 0.3815636589081639, 0.381563658907933, 0.38156365890789123, 0.38156365890784927, 0.38156365890783805, 0.3815636589078357, 0.38156365890783495, 0.3815636589078347, 0.3815636589078347, 0.3815636589078347]}, "10": {"maxiter": 1000, "fatol": 1e-10, "xatol": 1e-05, "duration": 0.14527511596679688, "fun": "0.3815636589116618", "nit": "398", "nfev": "618", "status": "0", "success": "True", "message": "Optimization terminated successfully.", "x": "[4.91666796 4.3121463  3.2247982  1.69553698 3.79035048 5.10315298]", "final_simplex": "(array([[4.91666796, 4.3121463 , 3.2247982 , 1.69553698, 3.79035048,\n        5.10315298],\n       [4.91666122, 4.31214787, 3.22480296, 1.69553622, 3.79034807,\n        5.10315073],\n       [4.91666363, 4.3121418 , 3.22480205, 1.69554465, 3.79034543,\n        5.10314407],\n       [4.91666457, 4.31214858, 3.22480066, 1.69553999, 3.79035602,\n        5.10315294],\n       [4.91666457, 4.31214557, 3.22480346, 1.69554108, 3.79034279,\n        5.10315757],\n       [4.91666072, 4.31213675, 3.2248    , 1.69553541, 3.7903476 ,\n        5.10314784],\n       [4.91667248, 4.31214281, 3.22480625, 1.69553723, 3.79034328,\n        5.10314995]]), array([0.38156366, 0.38156366, 0.38156366, 0.38156366, 0.38156366,\n       0.38156366, 0.38156366]))", "callback": [0.7089804143316004, 0.6424879046721654, 0.6259590923303902, 0.6237118312923264, 0.6185381571904651, 0.6133330760299147, 0.6105919374640426, 0.6098115297406954, 0.6094255417469736, 0.6088729041744113, 0.6069259715411741, 0.6044271810741594, 0.6010632560187177, 0.5869888878306426, 0.56272812146861, 0.47240602711839674, 0.40733812236153966, 0.3986540945132653, 0.39533075082862545, 0.39224932907843835, 0.3901324667423507, 0.3877005064678918, 0.386295473531552, 0.3842229766873737, 0.3823743155461288, 0.3819349639732118, 0.38174971493008303, 0.38163556329569415, 0.3815907347657699, 0.3815715059203868, 0.3815668244599508, 0.3815643866852998, 0.3815637740126161, 0.38156371684608503, 0.3815636692257751, 0.381563662246152, 0.3815636591560482, 0.38156365909365, 0.3815636589836682, 0.38156365892008304]}, "11": {"maxiter": 1000, "fatol": 1e-10, "xatol": 1e-10, "duration": 0.19711732864379883, "fun": "0.3815636589078347", "nit": "502", "nfev": "852", "status": "0", "success": "True", "message": "Optimization terminated successfully.", "x": "[4.91666517 4.31214419 3.22480201 1.69553949 3.79034884 5.10315153]", "final_simplex": "(array([[4.91666517, 4.31214419, 3.22480201, 1.69553949, 3.79034884,\n        5.10315153],\n       [4.91666517, 4.31214419, 3.22480201, 1.69553949, 3.79034884,\n        5.10315153],\n       [4.91666517, 4.31214419, 3.22480201, 1.69553949, 3.79034884,\n        5.10315153],\n       [4.91666517, 4.31214419, 3.22480201, 1.69553949, 3.79034884,\n        5.10315153],\n       [4.91666517, 4.31214419, 3.22480201, 1.69553949, 3.79034884,\n        5.10315153],\n       [4.91666517, 4.31214419, 3.22480201, 1.69553949, 3.79034884,\n        5.10315153],\n       [4.91666517, 4.31214419, 3.22480201, 1.69553949, 3.79034884,\n        5.10315153]]), array([0.38156366, 0.38156366, 0.38156366, 0.38156366, 0.38156366,\n       0.38156366, 0.38156366]))", "callback": [0.7089804143316004, 0.6424879046721654, 0.6259590923303902, 0.6237118312923264, 0.6185381571904651, 0.6133330760299147, 0.6105919374640426, 0.6098115297406954, 0.6094255417469736, 0.6088729041744113, 0.6069259715411741, 0.6044271810741594, 0.6010632560187177, 0.5869888878306426, 0.56272812146861, 0.47240602711839674, 0.40733812236153966, 0.3986540945132653, 0.39533075082862545, 0.39224932907843835, 0.3901324667423507, 0.3877005064678918, 0.386295473531552, 0.3842229766873737, 0.3823743155461288, 0.3819349639732118, 0.38174971493008303, 0.38163556329569415, 0.3815907347657699, 0.3815715059203868, 0.3815668244599508, 0.3815643866852998, 0.3815637740126161, 0.38156371684608503, 0.3815636692257751, 0.381563662246152, 0.3815636591560482, 0.38156365909365, 0.3815636589836682, 0.38156365892008304, 0.3815636589094089, 0.3815636589081639, 0.381563658907933, 0.38156365890789123, 0.38156365890784927, 0.38156365890783805, 0.3815636589078357, 0.38156365890783495, 0.3815636589078347, 0.3815636589078347, 0.3815636589078347]}}, "bfgs": {"type": "gradient", "0": {"maxiter": 100, "gtol": 1e-05, "xrtol": 1e-05, "eps": 1e-05, "duration": 0.03969717025756836, "fun": "0.3815636590071909", "jac": "[-2.71104250e-06 -7.43338724e-07 -2.79524182e-06 -8.94173624e-07\n -1.68061121e-06  3.87226917e-06]", "hess_inv": "[[ 3.39001957 -0.12791566 -0.04011335  0.23251458 -0.26431822  1.01322682]\n [-0.12791566  4.45394063 -0.64920983 -1.10997156  0.65253204  1.08922341]\n [-0.04011335 -0.64920983  3.6030186   0.93262428 -0.22003058  0.66773981]\n [ 0.23251458 -1.10997156  0.93262428  3.70214484 -0.36533907 -0.22370057]\n [-0.26431822  0.65253204 -0.22003058 -0.36533907  3.76184988  1.23775074]\n [ 1.01322682  1.08922341  0.66773981 -0.22370057  1.23775074  5.03387822]]", "nfev": "168", "njev": "24", "status": "0", "success": "True", "message": "Optimization terminated successfully.", "x": "[4.91665233 4.31214323 3.22478556 1.6955258  3.79034186 5.10315785]", "nit": "23", "callback": [0.7006882892937117, 0.6341477924416691, 0.6085756400299385, 0.5987870389632657, 0.5836753417240674, 0.5672719238308068, 0.5443492480741833, 0.5097409473131095, 0.4785405655536821, 0.4405105708035435, 0.388170862148036, 0.38301360432000986, 0.38232473766298947, 0.3818785767466162, 0.38170603409313253, 0.3816303141690185, 0.3815771111611217, 0.3815656430276625, 0.3815637612470505, 0.3815636922317379, 0.38156367067820174, 0.3815636603248773, 0.3815636590071909]}, "1": {"maxiter": 100, "gtol": 1e-05, "xrtol": 1e-05, "eps": 1e-10, "duration": 0.03977704048156738, "fun": "0.38156365907887946", "jac": "[-4.44089173e-06 -1.11022293e-06 -3.33066880e-06 -4.44089173e-06\n -1.11022293e-06  1.11022293e-06]", "hess_inv": "[[ 3.50947145 -0.05957544 -0.04066985  0.31275762 -0.30506513  1.09946304]\n [-0.05957544  4.48214903 -0.61312874 -1.04342794  0.65181416  1.13560683]\n [-0.04066985 -0.61312874  3.5001927   0.80743272 -0.30224422  0.60652558]\n [ 0.31275762 -1.04342794  0.80743272  3.55281213 -0.51616771 -0.28088229]\n [-0.30506513  0.65181416 -0.30224422 -0.51616771  3.70591904  1.12836715]\n [ 1.09946304  1.13560683  0.60652558 -0.28088229  1.12836715  5.03723239]]", "nfev": "168", "njev": "24", "status": "0", "success": "True", "message": "Optimization terminated successfully.", "x": "[4.91664802 4.31214158 3.22478015 1.6955153  3.79034198 5.10315003]", "nit": "23", "callback": [0.7006882866959387, 0.6341479868977907, 0.6085759670559786, 0.5987870781837419, 0.583674686538, 0.5672711948950389, 0.5443479843970134, 0.5097377792461675, 0.4785350917035627, 0.4405090962033673, 0.38817316191666307, 0.38301415717379417, 0.38232515243612863, 0.38187971844593627, 0.3817057559660677, 0.3816303232467497, 0.38157701002068645, 0.38156563004939925, 0.381563760132686, 0.3815636917796472, 0.3815636705154286, 0.38156366009608844, 0.38156365907887946]}, "2": {"maxiter": 100, "gtol": 1e-05, "xrtol": 1e-10, "eps": 1e-05, "duration": 0.03988909721374512, "fun": "0.3815636590071909", "jac": "[-2.71104250e-06 -7.43338724e-07 -2.79524182e-06 -8.94173624e-07\n -1.68061121e-06  3.87226917e-06]", "hess_inv": "[[ 3.39001957 -0.12791566 -0.04011335  0.23251458 -0.26431822  1.01322682]\n [-0.12791566  4.45394063 -0.64920983 -1.10997156  0.65253204  1.08922341]\n [-0.04011335 -0.64920983  3.6030186   0.93262428 -0.22003058  0.66773981]\n [ 0.23251458 -1.10997156  0.93262428  3.70214484 -0.36533907 -0.22370057]\n [-0.26431822  0.65253204 -0.22003058 -0.36533907  3.76184988  1.23775074]\n [ 1.01322682  1.08922341  0.66773981 -0.22370057  1.23775074  5.03387822]]", "nfev": "168", "njev": "24", "status": "0", "success": "True", "message": "Optimization terminated successfully.", "x": "[4.91665233 4.31214323 3.22478556 1.6955258  3.79034186 5.10315785]", "nit": "23", "callback": [0.7006882892937117, 0.6341477924416691, 0.6085756400299385, 0.5987870389632657, 0.5836753417240674, 0.5672719238308068, 0.5443492480741833, 0.5097409473131095, 0.4785405655536821, 0.4405105708035435, 0.388170862148036, 0.38301360432000986, 0.38232473766298947, 0.3818785767466162, 0.38170603409313253, 0.3816303141690185, 0.3815771111611217, 0.3815656430276625, 0.3815637612470505, 0.3815636922317379, 0.38156367067820174, 0.3815636603248773, 0.3815636590071909]}, "3": {"maxiter": 100, "gtol": 1e-05, "xrtol": 1e-10, "eps": 1e-10, "duration": 0.04069113731384277, "fun": "0.38156365907887946", "jac": "[-4.44089173e-06 -1.11022293e-06 -3.33066880e-06 -4.44089173e-06\n -1.11022293e-06  1.11022293e-06]", "hess_inv": "[[ 3.50947145 -0.05957544 -0.04066985  0.31275762 -0.30506513  1.09946304]\n [-0.05957544  4.48214903 -0.61312874 -1.04342794  0.65181416  1.13560683]\n [-0.04066985 -0.61312874  3.5001927   0.80743272 -0.30224422  0.60652558]\n [ 0.31275762 -1.04342794  0.80743272  3.55281213 -0.51616771 -0.28088229]\n [-0.30506513  0.65181416 -0.30224422 -0.51616771  3.70591904  1.12836715]\n [ 1.09946304  1.13560683  0.60652558 -0.28088229  1.12836715  5.03723239]]", "nfev": "168", "njev": "24", "status": "0", "success": "True", "message": "Optimization terminated successfully.", "x": "[4.91664802 4.31214158 3.22478015 1.6955153  3.79034198 5.10315003]", "nit": "23", "callback": [0.7006882866959387, 0.6341479868977907, 0.6085759670559786, 0.5987870781837419, 0.583674686538, 0.5672711948950389, 0.5443479843970134, 0.5097377792461675, 0.4785350917035627, 0.4405090962033673, 0.38817316191666307, 0.38301415717379417, 0.38232515243612863, 0.38187971844593627, 0.3817057559660677, 0.3816303232467497, 0.38157701002068645, 0.38156563004939925, 0.381563760132686, 0.3815636917796472, 0.3815636705154286, 0.38156366009608844, 0.38156365907887946]}, "4": {"maxiter": 100, "gtol": 1e-10, "xrtol": 1e-05, "eps": 1e-05, "duration": 0.039717674255371094, "fun": "0.3815636590071909", "jac": "[-2.71104250e-06 -7.43338724e-07 -2.79524182e-06 -8.94173624e-07\n -1.68061121e-06  3.87226917e-06]", "hess_inv": "[[ 3.39001957 -0.12791566 -0.04011335  0.23251458 -0.26431822  1.01322682]\n [-0.12791566  4.45394063 -0.64920983 -1.10997156  0.65253204  1.08922341]\n [-0.04011335 -0.64920983  3.6030186   0.93262428 -0.22003058  0.66773981]\n [ 0.23251458 -1.10997156  0.93262428  3.70214484 -0.36533907 -0.22370057]\n [-0.26431822  0.65253204 -0.22003058 -0.36533907  3.76184988  1.23775074]\n [ 1.01322682  1.08922341  0.66773981 -0.22370057  1.23775074  5.03387822]]", "nfev": "168", "njev": "24", "status": "0", "success": "True", "message": "Optimization terminated successfully.", "x": "[4.91665233 4.31214323 3.22478556 1.6955258  3.79034186 5.10315785]", "nit": "23", "callback": [0.7006882892937117, 0.6341477924416691, 0.6085756400299385, 0.5987870389632657, 0.5836753417240674, 0.5672719238308068, 0.5443492480741833, 0.5097409473131095, 0.4785405655536821, 0.4405105708035435, 0.388170862148036, 0.38301360432000986, 0.38232473766298947, 0.3818785767466162, 0.38170603409313253, 0.3816303141690185, 0.3815771111611217, 0.3815656430276625, 0.3815637612470505, 0.3815636922317379, 0.38156367067820174, 0.3815636603248773, 0.3815636590071909]}, "5": {"maxiter": 100, "gtol": 1e-10, "xrtol": 1e-05, "eps": 1e-10, "duration": 0.03995919227600098, "fun": "0.38156365907887946", "jac": "[-4.44089173e-06 -1.11022293e-06 -3.33066880e-06 -4.44089173e-06\n -1.11022293e-06  1.11022293e-06]", "hess_inv": "[[ 3.50947145 -0.05957544 -0.04066985  0.31275762 -0.30506513  1.09946304]\n [-0.05957544  4.48214903 -0.61312874 -1.04342794  0.65181416  1.13560683]\n [-0.04066985 -0.61312874  3.5001927   0.80743272 -0.30224422  0.60652558]\n [ 0.31275762 -1.04342794  0.80743272  3.55281213 -0.51616771 -0.28088229]\n [-0.30506513  0.65181416 -0.30224422 -0.51616771  3.70591904  1.12836715]\n [ 1.09946304  1.13560683  0.60652558 -0.28088229  1.12836715  5.03723239]]", "nfev": "168", "njev": "24", "status": "0", "success": "True", "message": "Optimization terminated successfully.", "x": "[4.91664802 4.31214158 3.22478015 1.6955153  3.79034198 5.10315003]", "nit": "23", "callback": [0.7006882866959387, 0.6341479868977907, 0.6085759670559786, 0.5987870781837419, 0.583674686538, 0.5672711948950389, 0.5443479843970134, 0.5097377792461675, 0.4785350917035627, 0.4405090962033673, 0.38817316191666307, 0.38301415717379417, 0.38232515243612863, 0.38187971844593627, 0.3817057559660677, 0.3816303232467497, 0.38157701002068645, 0.38156563004939925, 0.381563760132686, 0.3815636917796472, 0.3815636705154286, 0.38156366009608844, 0.38156365907887946]}, "6": {"maxiter": 100, "gtol": 1e-10, "xrtol": 1e-10, "eps": 1e-05, "duration": 0.08146405220031738, "fun": "0.3815636589347601", "jac": "[-2.27817765e-08 -7.44959650e-09  4.71844785e-09  6.28386232e-09\n  1.93844940e-08  2.18713936e-09]", "hess_inv": "[[ 3.47859289 -0.20465751  0.13172705  0.37060547 -0.23995935  0.74308763]\n [-0.20465751  4.4780371  -0.72135856 -1.16808853  0.67128133  1.22409335]\n [ 0.13172705 -0.72135856  3.79781019  1.0894981  -0.24464964  0.32267521]\n [ 0.37060547 -1.16808853  1.0894981   3.82850667 -0.38491683 -0.50146348]\n [-0.23995935  0.67128133 -0.24464964 -0.38491683  3.73130644  1.25627098]\n [ 0.74308763  1.22409335  0.32267521 -0.50146348  1.25627098  5.6265444 ]]", "nfev": "347", "njev": "48", "status": "2", "success": "False", "message": "Desired error not necessarily achieved due to precision loss.", "x": "[4.9166588  4.31213916 3.22479559 1.69553394 3.79034241 5.10314129]", "nit": "25", "callback": [0.7006882892937117, 0.6341477924416691, 0.6085756400299385, 0.5987870389632657, 0.5836753417240674, 0.5672719238308068, 0.5443492480741833, 0.5097409473131095, 0.4785405655536821, 0.4405105708035435, 0.388170862148036, 0.38301360432000986, 0.38232473766298947, 0.3818785767466162, 0.38170603409313253, 0.3816303141690185, 0.3815771111611217, 0.3815656430276625, 0.3815637612470505, 0.3815636922317379, 0.38156367067820174, 0.3815636603248773, 0.3815636590071909, 0.38156365893596034, 0.3815636589347601]}, "7": {"maxiter": 100, "gtol": 1e-10, "xrtol": 1e-10, "eps": 1e-10, "duration": 0.06368589401245117, "fun": "0.3815636589092031", "jac": "[0.00000000e+00 0.00000000e+00 1.11022293e-06 1.11022293e-06\n 0.00000000e+00 0.00000000e+00]", "hess_inv": "[[ 3.6681513  -4.14498588 -2.30047842 -0.72864089 -1.54893732 -3.04798557]\n [-4.14498588  7.62343758  4.93859497 -0.67208814  2.77662428  5.48123063]\n [-2.30047842  4.93859497  3.94971471 -0.40474194  1.6033534   3.22138488]\n [-0.72864089 -0.67208814 -0.40474194  1.62791867 -0.43984967 -0.03956331]\n [-1.54893732  2.77662428  1.6033534  -0.43984967  2.851601    1.95840226]\n [-3.04798557  5.48123063  3.22138488 -0.03956331  1.95840226  4.64812458]]", "nfev": "273", "njev": "39", "status": "0", "success": "True", "message": "Optimization terminated successfully.", "x": "[4.9166632  4.31214442 3.22480207 1.69553741 3.79034764 5.10315057]", "nit": "30", "callback": [0.7006882866959387, 0.6341479868977907, 0.6085759670559786, 0.5987870781837419, 0.583674686538, 0.5672711948950389, 0.5443479843970134, 0.5097377792461675, 0.4785350917035627, 0.4405090962033673, 0.38817316191666307, 0.38301415717379417, 0.38232515243612863, 0.38187971844593627, 0.3817057559660677, 0.3816303232467497, 0.38157701002068645, 0.38156563004939925, 0.381563760132686, 0.3815636917796472, 0.3815636705154286, 0.38156366009608844, 0.38156365907887946, 0.3815636589252972, 0.38156365891948885, 0.3815636589129332, 0.3815636589100455, 0.3815636589092032, 0.3815636589092031, 0.3815636589092031]}, "8": {"maxiter": 500, "gtol": 1e-05, "xrtol": 1e-05, "eps": 1e-05, "duration": 0.0380551815032959, "fun": "0.3815636590071909", "jac": "[-2.71104250e-06 -7.43338724e-07 -2.79524182e-06 -8.94173624e-07\n -1.68061121e-06  3.87226917e-06]", "hess_inv": "[[ 3.39001957 -0.12791566 -0.04011335  0.23251458 -0.26431822  1.01322682]\n [-0.12791566  4.45394063 -0.64920983 -1.10997156  0.65253204  1.08922341]\n [-0.04011335 -0.64920983  3.6030186   0.93262428 -0.22003058  0.66773981]\n [ 0.23251458 -1.10997156  0.93262428  3.70214484 -0.36533907 -0.22370057]\n [-0.26431822  0.65253204 -0.22003058 -0.36533907  3.76184988  1.23775074]\n [ 1.01322682  1.08922341  0.66773981 -0.22370057  1.23775074  5.03387822]]", "nfev": "168", "njev": "24", "status": "0", "success": "True", "message": "Optimization terminated successfully.", "x": "[4.91665233 4.31214323 3.22478556 1.6955258  3.79034186 5.10315785]", "nit": "23", "callback": [0.7006882892937117, 0.6341477924416691, 0.6085756400299385, 0.5987870389632657, 0.5836753417240674, 0.5672719238308068, 0.5443492480741833, 0.5097409473131095, 0.4785405655536821, 0.4405105708035435, 0.388170862148036, 0.38301360432000986, 0.38232473766298947, 0.3818785767466162, 0.38170603409313253, 0.3816303141690185, 0.3815771111611217, 0.3815656430276625, 0.3815637612470505, 0.3815636922317379, 0.38156367067820174, 0.3815636603248773, 0.3815636590071909]}, "9": {"maxiter": 500, "gtol": 1e-05, "xrtol": 1e-05, "eps": 1e-10, "duration": 0.03814411163330078, "fun": "0.38156365907887946", "jac": "[-4.44089173e-06 -1.11022293e-06 -3.33066880e-06 -4.44089173e-06\n -1.11022293e-06  1.11022293e-06]", "hess_inv": "[[ 3.50947145 -0.05957544 -0.04066985  0.31275762 -0.30506513  1.09946304]\n [-0.05957544  4.48214903 -0.61312874 -1.04342794  0.65181416  1.13560683]\n [-0.04066985 -0.61312874  3.5001927   0.80743272 -0.30224422  0.60652558]\n [ 0.31275762 -1.04342794  0.80743272  3.55281213 -0.51616771 -0.28088229]\n [-0.30506513  0.65181416 -0.30224422 -0.51616771  3.70591904  1.12836715]\n [ 1.09946304  1.13560683  0.60652558 -0.28088229  1.12836715  5.03723239]]", "nfev": "168", "njev": "24", "status": "0", "success": "True", "message": "Optimization terminated successfully.", "x": "[4.91664802 4.31214158 3.22478015 1.6955153  3.79034198 5.10315003]", "nit": "23", "callback": [0.7006882866959387, 0.6341479868977907, 0.6085759670559786, 0.5987870781837419, 0.583674686538, 0.5672711948950389, 0.5443479843970134, 0.5097377792461675, 0.4785350917035627, 0.4405090962033673, 0.38817316191666307, 0.38301415717379417, 0.38232515243612863, 0.38187971844593627, 0.3817057559660677, 0.3816303232467497, 0.38157701002068645, 0.38156563004939925, 0.381563760132686, 0.3815636917796472, 0.3815636705154286, 0.38156366009608844, 0.38156365907887946]}, "10": {"maxiter": 500, "gtol": 1e-05, "xrtol": 1e-10, "eps": 1e-05, "duration": 0.038207292556762695, "fun": "0.3815636590071909", "jac": "[-2.71104250e-06 -7.43338724e-07 -2.79524182e-06 -8.94173624e-07\n -1.68061121e-06  3.87226917e-06]", "hess_inv": "[[ 3.39001957 -0.12791566 -0.04011335  0.23251458 -0.26431822  1.01322682]\n [-0.12791566  4.45394063 -0.64920983 -1.10997156  0.65253204  1.08922341]\n [-0.04011335 -0.64920983  3.6030186   0.93262428 -0.22003058  0.66773981]\n [ 0.23251458 -1.10997156  0.93262428  3.70214484 -0.36533907 -0.22370057]\n [-0.26431822  0.65253204 -0.22003058 -0.36533907  3.76184988  1.23775074]\n [ 1.01322682  1.08922341  0.66773981 -0.22370057  1.23775074  5.03387822]]", "nfev": "168", "njev": "24", "status": "0", "success": "True", "message": "Optimization terminated successfully.", "x": "[4.91665233 4.31214323 3.22478556 1.6955258  3.79034186 5.10315785]", "nit": "23", "callback": [0.7006882892937117, 0.6341477924416691, 0.6085756400299385, 0.5987870389632657, 0.5836753417240674, 0.5672719238308068, 0.5443492480741833, 0.5097409473131095, 0.4785405655536821, 0.4405105708035435, 0.388170862148036, 0.38301360432000986, 0.38232473766298947, 0.3818785767466162, 0.38170603409313253, 0.3816303141690185, 0.3815771111611217, 0.3815656430276625, 0.3815637612470505, 0.3815636922317379, 0.38156367067820174, 0.3815636603248773, 0.3815636590071909]}, "11": {"maxiter": 500, "gtol": 1e-05, "xrtol": 1e-10, "eps": 1e-10, "duration": 0.037747859954833984, "fun": "0.38156365907887946", "jac": "[-4.44089173e-06 -1.11022293e-06 -3.33066880e-06 -4.44089173e-06\n -1.11022293e-06  1.11022293e-06]", "hess_inv": "[[ 3.50947145 -0.05957544 -0.04066985  0.31275762 -0.30506513  1.09946304]\n [-0.05957544  4.48214903 -0.61312874 -1.04342794  0.65181416  1.13560683]\n [-0.04066985 -0.61312874  3.5001927   0.80743272 -0.30224422  0.60652558]\n [ 0.31275762 -1.04342794  0.80743272  3.55281213 -0.51616771 -0.28088229]\n [-0.30506513  0.65181416 -0.30224422 -0.51616771  3.70591904  1.12836715]\n [ 1.09946304  1.13560683  0.60652558 -0.28088229  1.12836715  5.03723239]]", "nfev": "168", "njev": "24", "status": "0", "success": "True", "message": "Optimization terminated successfully.", "x": "[4.91664802 4.31214158 3.22478015 1.6955153  3.79034198 5.10315003]", "nit": "23", "callback": [0.7006882866959387, 0.6341479868977907, 0.6085759670559786, 0.5987870781837419, 0.583674686538, 0.5672711948950389, 0.5443479843970134, 0.5097377792461675, 0.4785350917035627, 0.4405090962033673, 0.38817316191666307, 0.38301415717379417, 0.38232515243612863, 0.38187971844593627, 0.3817057559660677, 0.3816303232467497, 0.38157701002068645, 0.38156563004939925, 0.381563760132686, 0.3815636917796472, 0.3815636705154286, 0.38156366009608844, 0.38156365907887946]}, "12": {"maxiter": 500, "gtol": 1e-10, "xrtol": 1e-05, "eps": 1e-05, "duration": 0.03783917427062988, "fun": "0.3815636590071909", "jac": "[-2.71104250e-06 -7.43338724e-07 -2.79524182e-06 -8.94173624e-07\n -1.68061121e-06  3.87226917e-06]", "hess_inv": "[[ 3.39001957 -0.12791566 -0.04011335  0.23251458 -0.26431822  1.01322682]\n [-0.12791566  4.45394063 -0.64920983 -1.10997156  0.65253204  1.08922341]\n [-0.04011335 -0.64920983  3.6030186   0.93262428 -0.22003058  0.66773981]\n [ 0.232514