{"date": "2024/09/25/, 20:38:54", "conf_id": 312, "data_type": "var_s_rank\n", "num_data_points": 4, "s_rank": 0, "unitary": "[[0.18663085-0.53122324j,-0.11886349-0.70040876j,0.28555095-0.02789305j,-0.12262021-0.2844587j],[-0.16702216+0.27758472j,0.27526351-0.29738586j,-0.01109314+0.22495461j,-0.77239203+0.28900673j],[0.61935415+0.12301792j,-0.31269928-0.03315917j,-0.61902762-0.19039079j,-0.27120731-0.0968989j],[0.42341754+0.0023929j,-0.05847358+0.47832119j,0.64900495-0.16218422j,-0.37182676-0.05229966j]]", "databatch_0": {"databatch": "[[[-0.02379322+0.10279154j,0.19316923+0.30915704j,0.04777959-0.08287987j,0.07711336+0.35383992j],[0.27096235+0.09237762j,-0.21552676-0.16134961j,-0.2426704-0.02978566j,-0.1224561-0.01767445j],[-0.17843268-0.27973328j,-0.16991346+0.03882268j,-0.08368735-0.31440515j,-0.26833226+0.03988959j],[0.01233383-0.00612871j,0.36172397-0.15636208j,0.00853363+0.04085703j,-0.05178757-0.07955615j]],[[0.58385124+0.21082932j,-0.40249807-0.153809j,-0.18751418-0.28497094j,-0.1027239+0.0285063j],[-0.1638382+0.14839631j,0.07259175-0.14741472j,0.12754531-0.12025852j,0.08216589-0.03209175j],[-0.07808763+0.00817081j,0.0863737-0.01520436j,0.0883508+0.04943367j,-0.0086757+0.02583254j],[-0.30193758-0.01661671j,0.20488471+0.02564802j,0.10935941+0.11337192j,0.0394898-0.0399704j]],[[0.05742766-0.01189152j,0.04207764-0.24076402j,-0.08531229-0.1601005j,-0.09881182-0.26783129j],[-0.33272957-0.14354756j,0.05070998+0.49984409j,-0.18598591-0.05189699j,0.26470322-0.18590963j],[-0.04983481-0.17319972j,-0.05406017-0.04259039j,0.14506582+0.14273044j,-0.20016138-0.12366372j],[0.16866612-0.12254613j,-0.16769306+0.0888779j,-0.14118167+0.16677784j,0.17960823+0.05732888j]],[[0.13166495-0.06922162j,-0.26442634-0.28064106j,-0.27417066-0.01728684j,0.30887757+0.27905943j],[-0.10966735-0.03612193j,0.14635512+0.06114205j,-0.07195626-0.04582288j,-0.13338946-0.16194642j],[0.07737581+0.20313425j,-0.28480477+0.09030678j,-0.04071475+0.22844262j,-0.01610448+0.1079631j],[-0.15199733+0.28474843j,-0.18581996+0.03579977j,-0.10655614+0.23996194j,-0.27557644-0.05920146j]]]", "initial param values": "[2.91397052,2.4877519,5.81611965,1.57115854,2.44728699,3.1498017]", "nelder_mead": {"type": "gradient-free", "0": {"maxiter": 100, "fatol": 1e-05, "xatol": 1e-05, "duration": 0.059326887130737305, "fun": "0.2960497151599084", "nit": "100", "nfev": "163", "status": "2", "success": "False", "message": "Maximum number of iterations has been exceeded.", "x": "[1.84166774 1.07146447 3.10206123 3.5187197  2.7706121  4.50630122]", "final_simplex": "(array([[1.84166774, 1.07146447, 3.10206123, 3.5187197 , 2.7706121 ,\n        4.50630122],\n       [1.78129844, 1.03757912, 3.15767283, 3.50496091, 2.7837574 ,\n        4.5129995 ],\n       [1.80574642, 0.99099549, 3.08848013, 3.50821746, 2.79804175,\n        4.58989146],\n       [1.80268594, 0.97315271, 3.13100316, 3.50429708, 2.85413908,\n        4.54791878],\n       [1.81870126, 1.02183315, 3.16011449, 3.44623552, 2.80259368,\n        4.58569379],\n       [1.86011054, 0.97965976, 3.08518544, 3.47119362, 2.82854666,\n        4.55725115],\n       [1.80551029, 0.99286183, 3.13505387, 3.52714939, 2.78447612,\n        4.55628747]]), array([0.29604972, 0.29614205, 0.29616353, 0.29672463, 0.29688489,\n       0.29711998, 0.29713142]))", "callback": [0.7767000995295722, 0.7005697869897975, 0.629803389754286, 0.5356924851897688, 0.47685346880416735, 0.31755768011697505, 0.3075218584973344, 0.30040228639367894, 0.2985852055520478, 0.29713142362907285]}, "1": {"maxiter": 100, "fatol": 1e-05, "xatol": 1e-10, "duration": 0.05060315132141113, "fun": "0.2960497151599084", "nit": "100", "nfev": "163", "status": "2", "success": "False", "message": "Maximum number of iterations has been exceeded.", "x": "[1.84166774 1.07146447 3.10206123 3.5187197  2.7706121  4.50630122]", "final_simplex": "(array([[1.84166774, 1.07146447, 3.10206123, 3.5187197 , 2.7706121 ,\n        4.50630122],\n       [1.78129844, 1.03757912, 3.15767283, 3.50496091, 2.7837574 ,\n        4.5129995 ],\n       [1.80574642, 0.99099549, 3.08848013, 3.50821746, 2.79804175,\n        4.58989146],\n       [1.80268594, 0.97315271, 3.13100316, 3.50429708, 2.85413908,\n        4.54791878],\n       [1.81870126, 1.02183315, 3.16011449, 3.44623552, 2.80259368,\n        4.58569379],\n       [1.86011054, 0.97965976, 3.08518544, 3.47119362, 2.82854666,\n        4.55725115],\n       [1.80551029, 0.99286183, 3.13505387, 3.52714939, 2.78447612,\n        4.55628747]]), array([0.29604972, 0.29614205, 0.29616353, 0.29672463, 0.29688489,\n       0.29711998, 0.29713142]))", "callback": [0.7767000995295722, 0.7005697869897975, 0.629803389754286, 0.5356924851897688, 0.47685346880416735, 0.31755768011697505, 0.3075218584973344, 0.30040228639367894, 0.2985852055520478, 0.29713142362907285]}, "2": {"maxiter": 100, "fatol": 1e-10, "xatol": 1e-05, "duration": 0.04766273498535156, "fun": "0.2960497151599084", "nit": "100", "nfev": "163", "status": "2", "success": "False", "message": "Maximum number of iterations has been exceeded.", "x": "[1.84166774 1.07146447 3.10206123 3.5187197  2.7706121  4.50630122]", "final_simplex": "(array([[1.84166774, 1.07146447, 3.10206123, 3.5187197 , 2.7706121 ,\n        4.50630122],\n       [1.78129844, 1.03757912, 3.15767283, 3.50496091, 2.7837574 ,\n        4.5129995 ],\n       [1.80574642, 0.99099549, 3.08848013, 3.50821746, 2.79804175,\n        4.58989146],\n       [1.80268594, 0.97315271, 3.13100316, 3.50429708, 2.85413908,\n        4.54791878],\n       [1.81870126, 1.02183315, 3.16011449, 3.44623552, 2.80259368,\n        4.58569379],\n       [1.86011054, 0.97965976, 3.08518544, 3.47119362, 2.82854666,\n        4.55725115],\n       [1.80551029, 0.99286183, 3.13505387, 3.52714939, 2.78447612,\n        4.55628747]]), array([0.29604972, 0.29614205, 0.29616353, 0.29672463, 0.29688489,\n       0.29711998, 0.29713142]))", "callback": [0.7767000995295722, 0.7005697869897975, 0.629803389754286, 0.5356924851897688, 0.47685346880416735, 0.31755768011697505, 0.3075218584973344, 0.30040228639367894, 0.2985852055520478, 0.29713142362907285]}, "3": {"maxiter": 100, "fatol": 1e-10, "xatol": 1e-10, "duration": 0.05512809753417969, "fun": "0.2960497151599084", "nit": "100", "nfev": "163", "status": "2", "success": "False", "message": "Maximum number of iterations has been exceeded.", "x": "[1.84166774 1.07146447 3.10206123 3.5187197  2.7706121  4.50630122]", "final_simplex": "(array([[1.84166774, 1.07146447, 3.10206123, 3.5187197 , 2.7706121 ,\n        4.50630122],\n       [1.78129844, 1.03757912, 3.15767283, 3.50496091, 2.7837574 ,\n        4.5129995 ],\n       [1.80574642, 0.99099549, 3.08848013, 3.50821746, 2.79804175,\n        4.58989146],\n       [1.80268594, 0.97315271, 3.13100316, 3.50429708, 2.85413908,\n        4.54791878],\n       [1.81870126, 1.02183315, 3.16011449, 3.44623552, 2.80259368,\n        4.58569379],\n       [1.86011054, 0.97965976, 3.08518544, 3.47119362, 2.82854666,\n        4.55725115],\n       [1.80551029, 0.99286183, 3.13505387, 3.52714939, 2.78447612,\n        4.55628747]]), array([0.29604972, 0.29614205, 0.29616353, 0.29672463, 0.29688489,\n       0.29711998, 0.29713142]))", "callback": [0.7767000995295722, 0.7005697869897975, 0.629803389754286, 0.5356924851897688, 0.47685346880416735, 0.31755768011697505, 0.3075218584973344, 0.30040228639367894, 0.2985852055520478, 0.29713142362907285]}, "4": {"maxiter": 500, "fatol": 1e-05, "xatol": 1e-05, "duration": 0.1735401153564453, "fun": "0.29162695694756713", "nit": "362", "nfev": "572", "status": "0", "success": "True", "message": "Optimization terminated successfully.", "x": "[1.74446938 1.05239223 3.08589402 3.54104359 3.19016158 4.94452936]", "final_simplex": "(array([[1.74446938, 1.05239223, 3.08589402, 3.54104359, 3.19016158,\n        4.94452936],\n       [1.7444701 , 1.05239243, 3.08589348, 3.54104267, 3.19016703,\n        4.94453775],\n       [1.74446781, 1.05239023, 3.08589402, 3.54104417, 3.19017018,\n        4.94453911],\n       [1.74446971, 1.05239215, 3.08589196, 3.54104344, 3.19016888,\n        4.94453815],\n       [1.74447006, 1.05239239, 3.08589511, 3.54104143, 3.19016577,\n        4.94453428],\n       [1.74447089, 1.05239231, 3.08589397, 3.54104377, 3.19016985,\n        4.94453899],\n       [1.74447057, 1.05238996, 3.08589073, 3.54104409, 3.19016536,\n        4.94453416]]), array([0.29162696, 0.29162696, 0.29162696, 0.29162696, 0.29162696,\n       0.29162696, 0.29162696]))", "callback": [0.7767000995295722, 0.7005697869897975, 0.629803389754286, 0.5356924851897688, 0.47685346880416735, 0.31755768011697505, 0.3075218584973344, 0.30040228639367894, 0.2985852055520478, 0.29713142362907285, 0.29559552385361676, 0.2946754170713852, 0.2942084620444737, 0.293488638331316, 0.29314569224348075, 0.292791241481136, 0.2924674408607504, 0.2922202073132255, 0.2920403654296668, 0.29174982126741233, 0.2916683043559922, 0.2916345899707653, 0.29163123867988283, 0.29162834693630757, 0.2916270303453735, 0.2916270303453735, 0.2916269706218, 0.2916269586881268, 0.2916269573890967, 0.29162695712736086, 0.2916269570447636, 0.29162695698209906, 0.29162695697841823, 0.291626956965484, 0.29162695695533214, 0.29162695695099017, 0.29162695694756713]}, "5": {"maxiter": 500, "fatol": 1e-05, "xatol": 1e-10, "duration": 0.29413604736328125, "fun": "0.2916269569461565", "nit": "500", "nfev": "836", "status": "2", "success": "False", "message": "Maximum number of iterations has been exceeded.", "x": "[1.74446734 1.0523931  3.08589361 3.54104452 3.19016349 4.94453324]", "final_simplex": "(array([[1.74446734, 1.0523931 , 3.08589361, 3.54104452, 3.19016349,\n        4.94453324],\n       [1.74446734, 1.05239309, 3.08589361, 3.54104452, 3.19016349,\n        4.94453324],\n       [1.74446734, 1.05239309, 3.08589361, 3.54104452, 3.19016349,\n        4.94453324],\n       [1.74446734, 1.05239309, 3.08589361, 3.54104452, 3.19016349,\n        4.94453324],\n       [1.74446734, 1.05239309, 3.08589361, 3.54104452, 3.19016349,\n        4.94453324],\n       [1.74446734, 1.05239309, 3.08589361, 3.54104452, 3.19016349,\n        4.94453324],\n       [1.74446734, 1.05239309, 3.08589361, 3.54104452, 3.19016349,\n        4.94453324]]), array([0.29162696, 0.29162696, 0.29162696, 0.29162696, 0.29162696,\n       0.29162696, 0.29162696]))", "callback": [0.7767000995295722, 0.7005697869897975, 0.629803389754286, 0.5356924851897688, 0.47685346880416735, 0.31755768011697505, 0.3075218584973344, 0.30040228639367894, 0.2985852055520478, 0.29713142362907285, 0.29559552385361676, 0.2946754170713852, 0.2942084620444737, 0.293488638331316, 0.29314569224348075, 0.292791241481136, 0.2924674408607504, 0.2922202073132255, 0.2920403654296668, 0.29174982126741233, 0.2916683043559922, 0.2916345899707653, 0.29163123867988283, 0.29162834693630757, 0.2916270303453735, 0.2916270303453735, 0.2916269706218, 0.2916269586881268, 0.2916269573890967, 0.29162695712736086, 0.2916269570447636, 0.29162695698209906, 0.29162695697841823, 0.291626956965484, 0.29162695695533214, 0.29162695695099017, 0.29162695694756713, 0.29162695694679386, 0.2916269569462555, 0.2916269569462353, 0.2916269569462002, 0.2916269569461818, 0.29162695694617313, 0.2916269569461656, 0.29162695694616037, 0.29162695694615837, 0.2916269569461578, 0.29162695694615703, 0.2916269569461567, 0.2916269569461565]}, "6": {"maxiter": 500, "fatol": 1e-10, "xatol": 1e-05, "duration": 0.1921710968017578, "fun": "0.29162695694756713", "nit": "362", "nfev": "572", "status": "0", "success": "True", "message": "Optimization terminated successfully.", "x": "[1.74446938 1.05239223 3.08589402 3.54104359 3.19016158 4.94452936]", "final_simplex": "(array([[1.74446938, 1.05239223, 3.08589402, 3.54104359, 3.19016158,\n        4.94452936],\n       [1.7444701 , 1.05239243, 3.08589348, 3.54104267, 3.19016703,\n        4.94453775],\n       [1.74446781, 1.05239023, 3.08589402, 3.54104417, 3.19017018,\n        4.94453911],\n       [1.74446971, 1.05239215, 3.08589196, 3.54104344, 3.19016888,\n        4.94453815],\n       [1.74447006, 1.05239239, 3.08589511, 3.54104143, 3.19016577,\n        4.94453428],\n       [1.74447089, 1.05239231, 3.08589397, 3.54104377, 3.19016985,\n        4.94453899],\n       [1.74447057, 1.05238996, 3.08589073, 3.54104409, 3.19016536,\n        4.94453416]]), array([0.29162696, 0.29162696, 0.29162696, 0.29162696, 0.29162696,\n       0.29162696, 0.29162696]))", "callback": [0.7767000995295722, 0.7005697869897975, 0.629803389754286, 0.5356924851897688, 0.47685346880416735, 0.31755768011697505, 0.3075218584973344, 0.30040228639367894, 0.2985852055520478, 0.29713142362907285, 0.29559552385361676, 0.2946754170713852, 0.2942084620444737, 0.293488638331316, 0.29314569224348075, 0.292791241481136, 0.2924674408607504, 0.2922202073132255, 0.2920403654296668, 0.29174982126741233, 0.2916683043559922, 0.2916345899707653, 0.29163123867988283, 0.29162834693630757, 0.2916270303453735, 0.2916270303453735, 0.2916269706218, 0.2916269586881268, 0.2916269573890967, 0.29162695712736086, 0.2916269570447636, 0.29162695698209906, 0.29162695697841823, 0.291626956965484, 0.29162695695533214, 0.29162695695099017, 0.29162695694756713]}, "7": {"maxiter": 500, "fatol": 1e-10, "xatol": 1e-10, "duration": 0.3014109134674072, "fun": "0.2916269569461565", "nit": "500", "nfev": "836", "status": "2", "success": "False", "message": "Maximum number of iterations has been exceeded.", "x": "[1.74446734 1.0523931  3.08589361 3.54104452 3.19016349 4.94453324]", "final_simplex": "(array([[1.74446734, 1.0523931 , 3.08589361, 3.54104452, 3.19016349,\n        4.94453324],\n       [1.74446734, 1.05239309, 3.08589361, 3.54104452, 3.19016349,\n        4.94453324],\n       [1.74446734, 1.05239309, 3.08589361, 3.54104452, 3.19016349,\n        4.94453324],\n       [1.74446734, 1.05239309, 3.08589361, 3.54104452, 3.19016349,\n        4.94453324],\n       [1.74446734, 1.05239309, 3.08589361, 3.54104452, 3.19016349,\n        4.94453324],\n       [1.74446734, 1.05239309, 3.08589361, 3.54104452, 3.19016349,\n        4.94453324],\n       [1.74446734, 1.05239309, 3.08589361, 3.54104452, 3.19016349,\n        4.94453324]]), array([0.29162696, 0.29162696, 0.29162696, 0.29162696, 0.29162696,\n       0.29162696, 0.29162696]))", "callback": [0.7767000995295722, 0.7005697869897975, 0.629803389754286, 0.5356924851897688, 0.47685346880416735, 0.31755768011697505, 0.3075218584973344, 0.30040228639367894, 0.2985852055520478, 0.29713142362907285, 0.29559552385361676, 0.2946754170713852, 0.2942084620444737, 0.293488638331316, 0.29314569224348075, 0.292791241481136, 0.2924674408607504, 0.2922202073132255, 0.2920403654296668, 0.29174982126741233, 0.2916683043559922, 0.2916345899707653, 0.29163123867988283, 0.29162834693630757, 0.2916270303453735, 0.2916270303453735, 0.2916269706218, 0.2916269586881268, 0.2916269573890967, 0.29162695712736086, 0.2916269570447636, 0.29162695698209906, 0.29162695697841823, 0.291626956965484, 0.29162695695533214, 0.29162695695099017, 0.29162695694756713, 0.29162695694679386, 0.2916269569462555, 0.2916269569462353, 0.2916269569462002, 0.2916269569461818, 0.29162695694617313, 0.2916269569461656, 0.29162695694616037, 0.29162695694615837, 0.2916269569461578, 0.29162695694615703, 0.2916269569461567, 0.2916269569461565]}, "8": {"maxiter": 1000, "fatol": 1e-05, "xatol": 1e-05, "duration": 0.17287111282348633, "fun": "0.29162695694756713", "nit": "362", "nfev": "572", "status": "0", "success": "True", "message": "Optimization terminated successfully.", "x": "[1.74446938 1.05239223 3.08589402 3.54104359 3.19016158 4.94452936]", "final_simplex": "(array([[1.74446938, 1.05239223, 3.08589402, 3.54104359, 3.19016158,\n        4.94452936],\n       [1.7444701 , 1.05239243, 3.08589348, 3.54104267, 3.19016703,\n        4.94453775],\n       [1.74446781, 1.05239023, 3.08589402, 3.54104417, 3.19017018,\n        4.94453911],\n       [1.74446971, 1.05239215, 3.08589196, 3.54104344, 3.19016888,\n        4.94453815],\n       [1.74447006, 1.05239239, 3.08589511, 3.54104143, 3.19016577,\n        4.94453428],\n       [1.74447089, 1.05239231, 3.08589397, 3.54104377, 3.19016985,\n        4.94453899],\n       [1.74447057, 1.05238996, 3.08589073, 3.54104409, 3.19016536,\n        4.94453416]]), array([0.29162696, 0.29162696, 0.29162696, 0.29162696, 0.29162696,\n       0.29162696, 0.29162696]))", "callback": [0.7767000995295722, 0.7005697869897975, 0.629803389754286, 0.5356924851897688, 0.47685346880416735, 0.31755768011697505, 0.3075218584973344, 0.30040228639367894, 0.2985852055520478, 0.29713142362907285, 0.29559552385361676, 0.2946754170713852, 0.2942084620444737, 0.293488638331316, 0.29314569224348075, 0.292791241481136, 0.2924674408607504, 0.2922202073132255, 0.2920403654296668, 0.29174982126741233, 0.2916683043559922, 0.2916345899707653, 0.29163123867988283, 0.29162834693630757, 0.2916270303453735, 0.2916270303453735, 0.2916269706218, 0.2916269586881268, 0.2916269573890967, 0.29162695712736086, 0.2916269570447636, 0.29162695698209906, 0.29162695697841823, 0.291626956965484, 0.29162695695533214, 0.29162695695099017, 0.29162695694756713]}, "9": {"maxiter": 1000, "fatol": 1e-05, "xatol": 1e-10, "duration": 0.24912714958190918, "fun": "0.2916269569461565", "nit": "510", "nfev": "863", "status": "0", "success": "True", "message": "Optimization terminated successfully.", "x": "[1.74446734 1.0523931  3.08589361 3.54104452 3.19016349 4.94453324]", "final_simplex": "(array([[1.74446734, 1.0523931 , 3.08589361, 3.54104452, 3.19016349,\n        4.94453324],\n       [1.74446734, 1.0523931 , 3.08589361, 3.54104452, 3.19016349,\n        4.94453324],\n       [1.74446734, 1.0523931 , 3.08589361, 3.54104452, 3.19016349,\n        4.94453324],\n       [1.74446734, 1.0523931 , 3.08589361, 3.54104452, 3.19016349,\n        4.94453324],\n       [1.74446734, 1.0523931 , 3.08589361, 3.54104452, 3.19016349,\n        4.94453324],\n       [1.74446734, 1.0523931 , 3.08589361, 3.54104452, 3.19016349,\n        4.94453324],\n       [1.74446734, 1.0523931 , 3.08589361, 3.54104452, 3.19016349,\n        4.94453324]]), array([0.29162696, 0.29162696, 0.29162696, 0.29162696, 0.29162696,\n       0.29162696, 0.29162696]))", "callback": [0.7767000995295722, 0.7005697869897975, 0.629803389754286, 0.5356924851897688, 0.47685346880416735, 0.31755768011697505, 0.3075218584973344, 0.30040228639367894, 0.2985852055520478, 0.29713142362907285, 0.29559552385361676, 0.2946754170713852, 0.2942084620444737, 0.293488638331316, 0.29314569224348075, 0.292791241481136, 0.2924674408607504, 0.2922202073132255, 0.2920403654296668, 0.29174982126741233, 0.2916683043559922, 0.2916345899707653, 0.29163123867988283, 0.29162834693630757, 0.2916270303453735, 0.2916270303453735, 0.2916269706218, 0.2916269586881268, 0.2916269573890967, 0.29162695712736086, 0.2916269570447636, 0.29162695698209906, 0.29162695697841823, 0.291626956965484, 0.29162695695533214, 0.29162695695099017, 0.29162695694756713, 0.29162695694679386, 0.2916269569462555, 0.2916269569462353, 0.2916269569462002, 0.2916269569461818, 0.29162695694617313, 0.2916269569461656, 0.29162695694616037, 0.29162695694615837, 0.2916269569461578, 0.29162695694615703, 0.2916269569461567, 0.2916269569461565, 0.2916269569461565]}, "10": {"maxiter": 1000, "fatol": 1e-10, "xatol": 1e-05, "duration": 0.16385507583618164, "fun": "0.29162695694756713", "nit": "362", "nfev": "572", "status": "0", "success": "True", "message": "Optimization terminated successfully.", "x": "[1.74446938 1.05239223 3.08589402 3.54104359 3.19016158 4.94452936]", "final_simplex": "(array([[1.74446938, 1.05239223, 3.08589402, 3.54104359, 3.19016158,\n        4.94452936],\n       [1.7444701 , 1.05239243, 3.08589348, 3.54104267, 3.19016703,\n        4.94453775],\n       [1.74446781, 1.05239023, 3.08589402, 3.54104417, 3.19017018,\n        4.94453911],\n       [1.74446971, 1.05239215, 3.08589196, 3.54104344, 3.19016888,\n        4.94453815],\n       [1.74447006, 1.05239239, 3.08589511, 3.54104143, 3.19016577,\n        4.94453428],\n       [1.74447089, 1.05239231, 3.08589397, 3.54104377, 3.19016985,\n        4.94453899],\n       [1.74447057, 1.05238996, 3.08589073, 3.54104409, 3.19016536,\n        4.94453416]]), array([0.29162696, 0.29162696, 0.29162696, 0.29162696, 0.29162696,\n       0.29162696, 0.29162696]))", "callback": [0.7767000995295722, 0.7005697869897975, 0.629803389754286, 0.5356924851897688, 0.47685346880416735, 0.31755768011697505, 0.3075218584973344, 0.30040228639367894, 0.2985852055520478, 0.29713142362907285, 0.29559552385361676, 0.2946754170713852, 0.2942084620444737, 0.293488638331316, 0.29314569224348075, 0.292791241481136, 0.2924674408607504, 0.2922202073132255, 0.2920403654296668, 0.29174982126741233, 0.2916683043559922, 0.2916345899707653, 0.29163123867988283, 0.29162834693630757, 0.2916270303453735, 0.2916270303453735, 0.2916269706218, 0.2916269586881268, 0.2916269573890967, 0.29162695712736086, 0.2916269570447636, 0.29162695698209906, 0.29162695697841823, 0.291626956965484, 0.29162695695533214, 0.29162695695099017, 0.29162695694756713]}, "11": {"maxiter": 1000, "fatol": 1e-10, "xatol": 1e-10, "duration": 0.2559370994567871, "fun": "0.2916269569461565", "nit": "510", "nfev": "863", "status": "0", "success": "True", "message": "Optimization terminated successfully.", "x": "[1.74446734 1.0523931  3.08589361 3.54104452 3.19016349 4.94453324]", "final_simplex": "(array([[1.74446734, 1.0523931 , 3.08589361, 3.54104452, 3.19016349,\n        4.94453324],\n       [1.74446734, 1.0523931 , 3.08589361, 3.54104452, 3.19016349,\n        4.94453324],\n       [1.74446734, 1.0523931 , 3.08589361, 3.54104452, 3.19016349,\n        4.94453324],\n       [1.74446734, 1.0523931 , 3.08589361, 3.54104452, 3.19016349,\n        4.94453324],\n       [1.74446734, 1.0523931 , 3.08589361, 3.54104452, 3.19016349,\n        4.94453324],\n       [1.74446734, 1.0523931 , 3.08589361, 3.54104452, 3.19016349,\n        4.94453324],\n       [1.74446734, 1.0523931 , 3.08589361, 3.54104452, 3.19016349,\n        4.94453324]]), array([0.29162696, 0.29162696, 0.29162696, 0.29162696, 0.29162696,\n       0.29162696, 0.29162696]))", "callback": [0.7767000995295722, 0.7005697869897975, 0.629803389754286, 0.5356924851897688, 0.47685346880416735, 0.31755768011697505, 0.3075218584973344, 0.30040228639367894, 0.2985852055520478, 0.29713142362907285, 0.29559552385361676, 0.2946754170713852, 0.2942084620444737, 0.293488638331316, 0.29314569224348075, 0.292791241481136, 0.2924674408607504, 0.2922202073132255, 0.2920403654296668, 0.29174982126741233, 0.2916683043559922, 0.2916345899707653, 0.29163123867988283, 0.29162834693630757, 0.2916270303453735, 0.2916270303453735, 0.2916269706218, 0.2916269586881268, 0.2916269573890967, 0.29162695712736086, 0.2916269570447636, 0.29162695698209906, 0.29162695697841823, 0.291626956965484, 0.29162695695533214, 0.29162695695099017, 0.29162695694756713, 0.29162695694679386, 0.2916269569462555, 0.2916269569462353, 0.2916269569462002, 0.2916269569461818, 0.29162695694617313, 0.2916269569461656, 0.29162695694616037, 0.29162695694615837, 0.2916269569461578, 0.29162695694615703, 0.2916269569461567, 0.2916269569461565, 0.2916269569461565]}}, "bfgs": {"type": "gradient", "0": {"maxiter": 100, "gtol": 1e-05, "xrtol": 1e-05, "eps": 1e-05, "duration": 0.05635690689086914, "fun": "0.2916269581255704", "jac": "[ 1.66517911e-06 -3.06905612e-06 -1.20845556e-06  5.10322895e-06\n -4.55021576e-06 -1.05115916e-06]", "hess_inv": "[[ 3.47716743 -0.10336422  0.51274811  0.52547563  0.99884178  1.2659886 ]\n [-0.10336422  3.06009975  0.57846838 -0.37571777 -0.95315632 -0.59688061]\n [ 0.51274811  0.57846838  5.06162432 -1.17556222  1.77382944  2.24439043]\n [ 0.52547563 -0.37571777 -1.17556222  3.74934508  1.37439128  1.45516872]\n [ 0.99884178 -0.95315632  1.77382944  1.37439128 24.89218954 25.10074775]\n [ 1.2659886  -0.59688061  2.24439043  1.45516872 25.10074775 29.18433579]]", "nfev": "189", "njev": "27", "status": "0", "success": "True", "message": "Optimization terminated successfully.", "x": "[4.53871125 4.19397394 6.22743502 3.54105987 3.18991917 4.94427225]", "nit": "23", "callback": [0.6643927694725937, 0.5016406328207886, 0.489187567746862, 0.4669805707869986, 0.43005295323581305, 0.40553078848804036, 0.3838336381050449, 0.3470992141722328, 0.30247391416518754, 0.2989515579317895, 0.29765584781799315, 0.29688886535023495, 0.2965881032871892, 0.29609351267513784, 0.295284684192221, 0.2940727235252689, 0.29280542142922916, 0.2918991201891057, 0.291664646940321, 0.291633497211632, 0.2916274217991749, 0.2916269917853469, 0.2916269581255704]}, "1": {"maxiter": 100, "gtol": 1e-05, "xrtol": 1e-05, "eps": 1e-10, "duration": 0.05268597602844238, "fun": "0.291626957365821", "jac": "[ 1.11022293e-06 -4.44089173e-06 -2.22044587e-06  7.77156053e-06\n -6.66133760e-06  1.11022293e-06]", "hess_inv": "[[ 3.459092   -0.10058892  0.51649864  0.52983907  0.95342182  1.21576575]\n [-0.10058892  3.05949085  0.57446292 -0.37470053 -0.95386574 -0.59790885]\n [ 0.51649864  0.57446292  5.05823534 -1.17175949  1.79368344  2.26898255]\n [ 0.52983907 -0.37470053 -1.17175949  3.80204158  1.48176352  1.58975487]\n [ 0.95342182 -0.95386574  1.79368344  1.48176352 24.94729004 25.20015448]\n [ 1.21576575 -0.59790885  2.26898255  1.58975487 25.20015448 29.33994088]]", "nfev": "189", "njev": "27", "status": "0", "success": "True", "message": "Optimization terminated successfully.", "x": "[4.53871936 4.19397454 6.22745275 3.54107957 3.1900534  4.94442432]", "nit": "23", "callback": [0.6643937147731716, 0.5016416460903415, 0.48918839194339603, 0.46698141685033456, 0.4300544222957061, 0.4055338527019213, 0.38383219977658345, 0.3470964628351564, 0.3024734119017277, 0.2989517641271735, 0.2976547645435562, 0.29688784427228954, 0.2965876763685035, 0.29609384898147195, 0.2952862693782161, 0.2940764791410042, 0.29281097884186613, 0.29190201326626075, 0.29166487172905153, 0.2916335486368671, 0.29162741997867436, 0.2916269897310284, 0.291626957365821]}, "2": {"maxiter": 100, "gtol": 1e-05, "xrtol": 1e-10, "eps": 1e-05, "duration": 0.05364203453063965, "fun": "0.2916269581255704", "jac": "[ 1.66517911e-06 -3.06905612e-06 -1.20845556e-06  5.10322895e-06\n -4.55021576e-06 -1.05115916e-06]", "hess_inv": "[[ 3.47716743 -0.10336422  0.51274811  0.52547563  0.99884178  1.2659886 ]\n [-0.10336422  3.06009975  0.57846838 -0.37571777 -0.95315632 -0.59688061]\n [ 0.51274811  0.57846838  5.06162432 -1.17556222  1.77382944  2.24439043]\n [ 0.52547563 -0.37571777 -1.17556222  3.74934508  1.37439128  1.45516872]\n [ 0.99884178 -0.95315632  1.77382944  1.37439128 24.89218954 25.10074775]\n [ 1.2659886  -0.59688061  2.24439043  1.45516872 25.10074775 29.18433579]]", "nfev": "189", "njev": "27", "status": "0", "success": "True", "message": "Optimization terminated successfully.", "x": "[4.53871125 4.19397394 6.22743502 3.54105987 3.18991917 4.94427225]", "nit": "23", "callback": [0.6643927694725937, 0.5016406328207886, 0.489187567746862, 0.4669805707869986, 0.43005295323581305, 0.40553078848804036, 0.3838336381050449, 0.3470992141722328, 0.30247391416518754, 0.2989515579317895, 0.29765584781799315, 0.29688886535023495, 0.2965881032871892, 0.29609351267513784, 0.295284684192221, 0.2940727235252689, 0.29280542142922916, 0.2918991201891057, 0.291664646940321, 0.291633497211632, 0.2916274217991749, 0.2916269917853469, 0.2916269581255704]}, "3": {"maxiter": 100, "gtol": 1e-05, "xrtol": 1e-10, "eps": 1e-10, "duration": 0.05426907539367676, "fun": "0.291626957365821", "jac": "[ 1.11022293e-06 -4.44089173e-06 -2.22044587e-06  7.77156053e-06\n -6.66133760e-06  1.11022293e-06]", "hess_inv": "[[ 3.459092   -0.10058892  0.51649864  0.52983907  0.95342182  1.21576575]\n [-0.10058892  3.05949085  0.57446292 -0.37470053 -0.95386574 -0.59790885]\n [ 0.51649864  0.57446292  5.05823534 -1.17175949  1.79368344  2.26898255]\n [ 0.52983907 -0.37470053 -1.17175949  3.80204158  1.48176352  1.58975487]\n [ 0.95342182 -0.95386574  1.79368344  1.48176352 24.94729004 25.20015448]\n [ 1.21576575 -0.59790885  2.26898255  1.58975487 25.20015448 29.33994088]]", "nfev": "189", "njev": "27", "status": "0", "success": "True", "message": "Optimization terminated successfully.", "x": "[4.53871936 4.19397454 6.22745275 3.54107957 3.1900534  4.94442432]", "nit": "23", "callback": [0.6643937147731716, 0.5016416460903415, 0.48918839194339603, 0.46698141685033456, 0.4300544222957061, 0.4055338527019213, 0.38383219977658345, 0.3470964628351564, 0.3024734119017277, 0.2989517641271735, 0.2976547645435562, 0.29688784427228954, 0.2965876763685035, 0.29609384898147195, 0.2952862693782161, 0.2940764791410042, 0.29281097884186613, 0.29190201326626075, 0.29166487172905153, 0.2916335486368671, 0.29162741997867436, 0.2916269897310284, 0.291626957365821]}, "4": {"maxiter": 100, "gtol": 1e-10, "xrtol": 1e-05, "eps": 1e-05, "duration": 0.05587601661682129, "fun": "0.2916269571063901", "jac": "[-9.12603326e-08  6.84563517e-08  1.14996901e-07  1.74638082e-08\n  5.28688204e-08 -7.65387753e-08]", "hess_inv": "[[ 3.43310509 -0.08779191  0.51223638  0.59358476  0.90660086  1.17307095]\n [-0.08779191  3.06136677  0.64452107 -0.4439162  -0.762763   -0.39668241]\n [ 0.51223638  0.64452107  5.45144719 -1.45276658  3.21559519  3.76002382]\n [ 0.59358476 -0.4439162  -1.45276658  3.84045134  0.54421443  0.57526067]\n [ 0.90660086 -0.762763    3.21559519  0.54421443 28.34265844 28.76567738]\n [ 1.17307095 -0.39668241  3.76002382  0.57526067 28.76567738 33.07576358]]", "nfev": "203", "njev": "29", "status": "0", "success": "True", "message": "Optimization terminated successfully.", "x": "[4.53870821 4.19398263 6.22746874 3.54103925 3.19007563 4.94443634]", "nit": "25", "callback": [0.6643927694725937, 0.5016406328207886, 0.489187567746862, 0.4669805707869986, 0.43005295323581305, 0.40553078848804036, 0.3838336381050449, 0.3470992141722328, 0.30247391416518754, 0.2989515579317895, 0.29765584781799315, 0.29688886535023495, 0.2965881032871892, 0.29609351267513784, 0.295284684192221, 0.2940727235252689, 0.29280542142922916, 0.2918991201891057, 0.291664646940321, 0.291633497211632, 0.2916274217991749, 0.2916269917853469, 0.2916269581255704, 0.291626957138297, 0.2916269571063901]}, "5": {"maxiter": 100, "gtol": 1e-10, "xrtol": 1e-05, "eps": 1e-10, "duration": 0.05783987045288086, "fun": "0.2916269569825055", "jac": "[-1.11022293e-06  0.00000000e+00  0.00000000e+00  0.00000000e+00\n  1.11022293e-06  1.11022293e-06]", "hess_inv": "[[ 3.43134626 -0.08630558  0.49258522  0.6631806   0.81799984  1.08140938]\n [-0.08630558  2.95774869  0.4860809  -0.46811139 -1.36171058 -0.96068355]\n [ 0.49258522  0.4860809   5.28117999 -1.72433863  2.45753924  3.04391242]\n [ 0.6631806  -0.46811139 -1.72433863  4.32571853 -0.34907508 -0.3465526 ]\n [ 0.81799984 -1.36171058  2.45753924 -0.34907508 26.61170255 27.32658756]\n [ 1.08140938 -0.96068355  3.04391242 -0.3465526  27.32658756 31.91707905]]", "nfev": "203", "njev": "29", "status": "0", "success": "True", "message": "Optimization terminated successfully.", "x": "[4.53871535 4.19398448 6.22749248 3.54103736 3.19020154 4.9445749 ]", "nit": "25", "callback": [0.6643937147731716, 0.5016416460903415, 0.48918839194339603, 0.46698141685033456, 0.4300544222957061, 0.4055338527019213, 0.38383219977658345, 0.3470964628351564, 0.3024734119017277, 0.2989517641271735, 0.2976547645435562, 0.29688784427228954, 0.2965876763685035, 0.29609384898147195, 0.2952862693782161, 0.2940764791410042, 0.29281097884186613, 0.29190201326626075, 0.29166487172905153, 0.2916335486368671, 0.29162741997867436, 0.2916269897310284, 0.291626957365821, 0.29162695698518004, 0.2916269569825055]}, "6": {"maxiter": 100, "gtol": 1e-10, "xrtol": 1e-10, "eps": 1e-05, "duration": 0.12134194374084473, "fun": "0.2916269571047716", "jac": "[ 2.88657986e-09  4.50750548e-09 -1.28785871e-08 -2.56461519e-09\n  4.26325641e-09  1.70974346e-09]", "hess_inv": "[[ 3.51351766 -0.16043553  0.62498977  0.48134956  0.90775755  1.22834101]\n [-0.16043553  3.12688817  0.54109669 -0.34133674 -0.76389754 -0.4465912 ]\n [ 0.62498977  0.54109669  4.96606434 -1.17957453  3.6066173   4.25910966]\n [ 0.48134956 -0.34133674 -1.17957453  3.7088045   0.2835046   0.21743966]\n [ 0.90775755 -0.76389754  3.6066173   0.2835046  28.09629643 28.50095587]\n [ 1.22834101 -0.4465912   4.25910966  0.21743966 28.50095587 32.82747729]]", "nfev": "432", "njev": "60", "status": "2", "success": "False", "message": "Desired error not necessarily achieved due to precision loss.", "x": "[4.53870852 4.19398236 6.22746831 3.54103939 3.19007616 4.94443712]", "nit": "26", "callback": [0.6643927694725937, 0.5016406328207886, 0.489187567746862, 0.4669805707869986, 0.43005295323581305, 0.40553078848804036, 0.3838336381050449, 0.3470992141722328, 0.30247391416518754, 0.2989515579317895, 0.29765584781799315, 0.29688886535023495, 0.2965881032871892, 0.29609351267513784, 0.295284684192221, 0.2940727235252689, 0.29280542142922916, 0.2918991201891057, 0.291664646940321, 0.291633497211632, 0.2916274217991749, 0.2916269917853469, 0.2916269581255704, 0.291626957138297, 0.2916269571063901, 0.2916269571047716]}, "7": {"maxiter": 100, "gtol": 1e-10, "xrtol": 1e-10, "eps": 1e-10, "duration": 0.08705687522888184, "fun": "0.29162695695478336", "jac": "[0. 0. 0. 0. 0. 0.]", "hess_inv": "[[ 0.10957784 -0.01717877  0.03845164  0.33356833 -0.09863109 -0.0360986 ]\n [-0.01717877  0.32530328 -0.94213986 -0.36699844  0.15058847  0.78140193]\n [ 0.03845164 -0.94213986  2.82649037  0.98188298 -0.46753734 -2.39419352]\n [ 0.33356833 -0.36699844  0.98188298  1.52962237 -0.47729195 -0.71800779]\n [-0.09863109  0.15058847 -0.46753734 -0.47729195  0.20447222  0.3770947 ]\n [-0.0360986   0.78140193 -2.39419352 -0.71800779  0.3770947   2.09344003]]", "nfev": "315", "njev": "45", "status": "0", "success": "True", "message": "Optimization terminated successfully.", "x": "[4.5387191  4.19398805 6.22749072 3.5410447  3.19018213 4.94455522]", "nit": "33", "callback": [0.6643937147731716, 0.5016416460903415, 0.48918839194339603, 0.46698141685033456, 0.4300544222957061, 0.4055338527019213, 0.38383219977658345, 0.3470964628351564, 0.3024734119017277, 0.2989517641271735, 0.2976547645435562, 0.29688784427228954, 0.2965876763685035, 0.29609384898147195, 0.2952862693782161, 0.2940764791410042, 0.29281097884186613, 0.29190201326626075, 0.29166487172905153, 0.2916335486368671, 0.29162741997867436, 0.2916269897310284, 0.291626957365821, 0.29162695698518004, 0.2916269569825055, 0.2916269569816232, 0.29162695697990004, 0.29162695696555163, 0.2916269569548051, 0.2916269569548007, 0.2916269569547998, 0.2916269569547991, 0.29162695695478336]}, "8": {"maxiter": 500, "gtol": 1e-05, "xrtol": 1e-05, "eps": 1e-05, "duration": 0.05340409278869629, "fun": "0.2916269581255704", "jac": "[ 1.66517911e-06 -3.06905612e-06 -1.20845556e-06  5.10322895e-06\n -4.55021576e-06 -1.05115916e-06]", "hess_inv": "[[ 3.47716743 -0.10336422  0.51274811  0.52547563  0.99884178  1.2659886 ]\n [-0.10336422  3.06009975  0.57846838 -0.37571777 -0.95315632 -0.59688061]\n [ 0.51274811  0.57846838  5.06162432 -1.17556222  1.77382944  2.24439043]\n [ 0.52547563 -0.37571777 -1.17556222  3.74934508  1.37439128  1.45516872]\n [ 0.99884178 -0.95315632  1.77382944  1.37439128 24.89218954 25.10074775]\n [ 1.2659886  -0.59688061  2.24439043  1.45516872 25.10074775 29.18433579]]", "nfev": "189", "njev": "27", "status": "0", "success": "True", "message": "Optimization terminated successfully.", "x": "[4.53871125 4.19397394 6.22743502 3.54105987 3.18991917 4.94427225]", "nit": "23", "callback": [0.6643927694725937, 0.5016406328207886, 0.489187567746862, 0.4669805707869986, 0.43005295323581305, 0.40553078848804036, 0.3838336381050449, 0.3470992141722328, 0.30247391416518754, 0.2989515579317895, 0.29765584781799315, 0.29688886535023495, 0.2965881032871892, 0.29609351267513784, 0.295284684192221, 0.2940727235252689, 0.29280542142922916, 0.2918991201891057, 0.291664646940321, 0.291633497211632, 0.2916274217991749, 0.2916269917853469, 0.2916269581255704]}, "9": {"maxiter": 500, "gtol": 1e-05, "xrtol": 1e-05, "eps": 1e-10, "duration": 0.053444862365722656, "fun": "0.291626957365821", "jac": "[ 1.11022293e-06 -4.44089173e-06 -2.22044587e-06  7.77156053e-06\n -6.66133760e-06  1.11022293e-06]", "hess_inv": "[[ 3.459092   -0.10058892  0.51649864  0.52983907  0.95342182  1.21576575]\n [-0.10058892  3.05949085  0.57446292 -0.37470053 -0.95386574 -0.59790885]\n [ 0.51649864  0.57446292  5.05823534 -1.17175949  1.79368344  2.26898255]\n [ 0.52983907 -0.37470053 -1.17175949  3.80204158  1.48176352  1.58975487]\n [ 0.95342182 -0.95386574  1.79368344  1.48176352 24.94729004 25.20015448]\n [ 1.21576575 -0.59790885  2.26898255  1.58975487 25.20015448 29.33994088]]", "nfev": "189", "njev": "27", "status": "0", "success": "True", "message": "Optimization terminated successfully.", "x": "[4.53871936 4.19397454 6.22745275 3.54107957 3.1900534  4.94442432]", "nit": "23", "callback": [0.6643937147731716, 0.5016416460903415, 0.48918839194339603, 0.46698141685033456, 0.4300544222957061, 0.4055338527019213, 0.38383219977658345, 0.3470964628351564, 0.3024734119017277, 0.2989517641271735, 0.2976547645435562, 0.29688784427228954, 0.2965876763685035, 0.29609384898147195, 0.2952862693782161, 0.2940764791410042, 0.29281097884186613, 0.29190201326626075, 0.29166487172905153, 0.2916335486368671, 0.29162741997867436, 0.2916269897310284, 0.291626957365821]}, "10": {"maxiter": 500, "gtol": 1e-05, "xrtol": 1e-10, "eps": 1e-05, "duration": 0.0539240837097168, "fun": "0.2916269581255704", "jac": "[ 1.66517911e-06 -3.06905612e-06 -1.20845556e-06  5.10322895e-06\n -4.55021576e-06 -1.05115916e-06]", "hess_inv": "[[ 3.47716743 -0.10336422  0.51274811  0.52547563  0.99884178  1.2659886 ]\n [-0.10336422  3.06009975  0.57846838 -0.37571777 -0.95315632 -0.59688061]\n [ 0.51274811  0.57846838  5.06162432 -1.17556222  1.77382944  2.24439043]\n [ 0.52547563 -0.37571777 -1.17556222  3.74934508  1.37439128  1.45516872]\n [ 0.99884178 -0.95315632  1.77382944  1.37439128 24.89218954 25.10074775]\n [ 1.2659886  -0.59688061  2.24439043  1.45516872 25.10074775 29.18433579]]", "nfev": "189", "njev": "27", "status": "0", "success": "True", "message": "Optimization terminated successfully.", "x": "[4.53871125 4.19397394 6.22743502 3.54105987 3.18991917 4.94427225]", "nit": "23", "callback": [0.6643927694725937, 0.5016406328207886, 0.489187567746862, 0.4669805707869986, 0.43005295323581305, 0.40553078848804036, 0.3838336381050449, 0.3470992141722328, 0.30247391416518754, 0.2989515579317895, 0.29765584781799315, 0.29688886535023495, 0.2965881032871892, 0.29609351267513784, 0.295284684192221, 0.2940727235252689, 0.29280542142922916, 0.2918991201891057, 0.291664646940321, 0.291633497211632, 0.2916274217991749, 0.2916269917853469, 0.2916269581255704]}, "11": {"maxiter": 500, "gtol": 1e-05, "xrtol": 1e-10, "eps": 1e-10, "duration": 0.05471992492675781, "fun": "0.291626957365821", "jac": "[ 1.11022293e-06 -4.44089173e-06 -2.22044587e-06  7.77156053e-06\n -6.66133760e-06  1.11022293e-06]", "hess_inv": "[[ 3.459092   -0.10058892  0.51649864  0.52983907  0.95342182  1.21576575]\n [-0.10058892  3.05949085  0.57446292 -0.37470053 -0.95386574 -0.59790885]\n [ 0.51649864  0.57446292  5.05823534 -1.17175949  1.79368344  2.26898255]\n [ 0.52983907 -0.37470053 -1.17175949  3.80204158  1.48176352  1.58975487]\n [ 0.95342182 -0.95386574  1.79368344  1.48176352 24.94729004 25.20015448]\n [ 1.21576575 -0.59790885  2.26898255  1.58975487 25.20015448 29.33994088]]", "nfev": "189", "njev": "27", "status": "0", "success": "True", "message": "Optimization terminated successfully.", "x": "[4.53871936 4.19397454 6.22745275 3.54107957 3.1900534  4.94442432]", "nit": "23", "callback": [0.6643937147731716, 0.5016416460903415, 0.48918839194339603, 0.46698141685033456, 0.4300544222957061, 0.4055338527019213, 0.38383219977658345, 0.3470964628351564, 0.3024734119017277, 0.2989517641271735, 0.2976547645435562, 0.29688784427228954, 0.29658