{"date": "2024/09/24/, 19:00:19", "conf_id": 26, "data_type": "random\n", "num_data_points": 2, "s_rank": 0, "unitary": "[[-0.56303964-0.00798273j,-0.21670212-0.15784972j,-0.06047197-0.73952673j,-0.01438004+0.24552571j],[-0.06976756+0.23474685j,-0.01275565-0.5435098j,-0.02703657-0.08917885j,-0.08210486-0.79311774j],[-0.38559961+0.10714929j,0.5933431-0.2687392j,-0.24060861+0.29149289j,-0.45147719+0.26241743j],[-0.50180421+0.45931857j,-0.11617175+0.44134496j,0.49642745+0.22684508j,-0.08544628-0.15407063j]]", "databatch_0": {"databatch": "[[[0.41543961-0.43329767j,-0.40885265-0.03596676j,-0.00596343-0.29208193j,-0.15940066+0.14020761j],[-0.04341866-0.16617018j,-0.00430082+0.03396012j,-0.09828287-0.10272469j,0.02328223+0.05022809j],[-0.01621452-0.24491646j,-0.08305186-0.04890511j,-0.1932916-0.14638031j,0.00872982+0.05829682j],[0.01607164-0.14571025j,-0.30165174-0.06077591j,-0.17707576+0.06800861j,-0.04698725+0.02612596j]],[[0.1509735-0.09799215j,-0.01876463+0.00384723j,0.01137404-0.07689396j,0.05555485+0.02677262j],[0.01566205-0.15947486j,-0.16193991-0.30731423j,-0.16128053-0.17271592j,-0.0887471+0.26836438j],[0.34531388-0.22139527j,0.03979718+0.3185308j,0.10732218-0.04850686j,0.29656706-0.17308561j],[0.42158312+0.05334469j,0.08648709-0.09576949j,0.1835207-0.17211982j,-0.06458905+0.08671343j]]]", "initial param values": "[0.05024777,0.86608373,4.23475181,2.84490239,2.69562739,5.39469779]", "nelder_mead": {"type": "gradient-free", "0": {"maxiter": 100, "fatol": 1e-05, "xatol": 1e-05, "duration": 0.06089282035827637, "fun": "0.46950134639849317", "nit": "100", "nfev": "155", "status": "2", "success": "False", "message": "Maximum number of iterations has been exceeded.", "x": "[0.03172071 1.17580272 6.22872206 3.65355544 0.75948619 5.454201  ]", "final_simplex": "(array([[0.03172071, 1.17580272, 6.22872206, 3.65355544, 0.75948619,\n        5.454201  ],\n       [0.03178653, 1.17308808, 6.22569109, 3.63413743, 0.78976423,\n        5.45626689],\n       [0.03243   , 1.168423  , 6.23773815, 3.62086699, 0.73940514,\n        5.43337348],\n       [0.0318485 , 1.16985861, 6.23014556, 3.66304916, 0.75209102,\n        5.43639151],\n       [0.03207211, 1.16984841, 6.23655163, 3.64718462, 0.74330394,\n        5.41214407],\n       [0.03175617, 1.16730413, 6.20708031, 3.65295091, 0.76353307,\n        5.43608817],\n       [0.03252399, 1.16872042, 6.22493867, 3.6315093 , 0.7371369 ,\n        5.41083548]]), array([0.46950135, 0.4695117 , 0.46955347, 0.46956553, 0.46963396,\n       0.46964218, 0.46965088]))", "callback": [0.9064341944111527, 0.7248597505318888, 0.5051044000426568, 0.49718034808648526, 0.4858795971129839, 0.476400414752302, 0.473366642411425, 0.47066906069713144, 0.46985161850493173, 0.46950134639849317]}, "1": {"maxiter": 100, "fatol": 1e-05, "xatol": 1e-10, "duration": 0.04819512367248535, "fun": "0.46950134639849317", "nit": "100", "nfev": "155", "status": "2", "success": "False", "message": "Maximum number of iterations has been exceeded.", "x": "[0.03172071 1.17580272 6.22872206 3.65355544 0.75948619 5.454201  ]", "final_simplex": "(array([[0.03172071, 1.17580272, 6.22872206, 3.65355544, 0.75948619,\n        5.454201  ],\n       [0.03178653, 1.17308808, 6.22569109, 3.63413743, 0.78976423,\n        5.45626689],\n       [0.03243   , 1.168423  , 6.23773815, 3.62086699, 0.73940514,\n        5.43337348],\n       [0.0318485 , 1.16985861, 6.23014556, 3.66304916, 0.75209102,\n        5.43639151],\n       [0.03207211, 1.16984841, 6.23655163, 3.64718462, 0.74330394,\n        5.41214407],\n       [0.03175617, 1.16730413, 6.20708031, 3.65295091, 0.76353307,\n        5.43608817],\n       [0.03252399, 1.16872042, 6.22493867, 3.6315093 , 0.7371369 ,\n        5.41083548]]), array([0.46950135, 0.4695117 , 0.46955347, 0.46956553, 0.46963396,\n       0.46964218, 0.46965088]))", "callback": [0.9064341944111527, 0.7248597505318888, 0.5051044000426568, 0.49718034808648526, 0.4858795971129839, 0.476400414752302, 0.473366642411425, 0.47066906069713144, 0.46985161850493173, 0.46950134639849317]}, "2": {"maxiter": 100, "fatol": 1e-10, "xatol": 1e-05, "duration": 0.04287385940551758, "fun": "0.46950134639849317", "nit": "100", "nfev": "155", "status": "2", "success": "False", "message": "Maximum number of iterations has been exceeded.", "x": "[0.03172071 1.17580272 6.22872206 3.65355544 0.75948619 5.454201  ]", "final_simplex": "(array([[0.03172071, 1.17580272, 6.22872206, 3.65355544, 0.75948619,\n        5.454201  ],\n       [0.03178653, 1.17308808, 6.22569109, 3.63413743, 0.78976423,\n        5.45626689],\n       [0.03243   , 1.168423  , 6.23773815, 3.62086699, 0.73940514,\n        5.43337348],\n       [0.0318485 , 1.16985861, 6.23014556, 3.66304916, 0.75209102,\n        5.43639151],\n       [0.03207211, 1.16984841, 6.23655163, 3.64718462, 0.74330394,\n        5.41214407],\n       [0.03175617, 1.16730413, 6.20708031, 3.65295091, 0.76353307,\n        5.43608817],\n       [0.03252399, 1.16872042, 6.22493867, 3.6315093 , 0.7371369 ,\n        5.41083548]]), array([0.46950135, 0.4695117 , 0.46955347, 0.46956553, 0.46963396,\n       0.46964218, 0.46965088]))", "callback": [0.9064341944111527, 0.7248597505318888, 0.5051044000426568, 0.49718034808648526, 0.4858795971129839, 0.476400414752302, 0.473366642411425, 0.47066906069713144, 0.46985161850493173, 0.46950134639849317]}, "3": {"maxiter": 100, "fatol": 1e-10, "xatol": 1e-10, "duration": 0.04244589805603027, "fun": "0.46950134639849317", "nit": "100", "nfev": "155", "status": "2", "success": "False", "message": "Maximum number of iterations has been exceeded.", "x": "[0.03172071 1.17580272 6.22872206 3.65355544 0.75948619 5.454201  ]", "final_simplex": "(array([[0.03172071, 1.17580272, 6.22872206, 3.65355544, 0.75948619,\n        5.454201  ],\n       [0.03178653, 1.17308808, 6.22569109, 3.63413743, 0.78976423,\n        5.45626689],\n       [0.03243   , 1.168423  , 6.23773815, 3.62086699, 0.73940514,\n        5.43337348],\n       [0.0318485 , 1.16985861, 6.23014556, 3.66304916, 0.75209102,\n        5.43639151],\n       [0.03207211, 1.16984841, 6.23655163, 3.64718462, 0.74330394,\n        5.41214407],\n       [0.03175617, 1.16730413, 6.20708031, 3.65295091, 0.76353307,\n        5.43608817],\n       [0.03252399, 1.16872042, 6.22493867, 3.6315093 , 0.7371369 ,\n        5.41083548]]), array([0.46950135, 0.4695117 , 0.46955347, 0.46956553, 0.46963396,\n       0.46964218, 0.46965088]))", "callback": [0.9064341944111527, 0.7248597505318888, 0.5051044000426568, 0.49718034808648526, 0.4858795971129839, 0.476400414752302, 0.473366642411425, 0.47066906069713144, 0.46985161850493173, 0.46950134639849317]}, "4": {"maxiter": 500, "fatol": 1e-05, "xatol": 1e-05, "duration": 0.22353410720825195, "fun": "0.42545414698299755", "nit": "500", "nfev": "767", "status": "2", "success": "False", "message": "Maximum number of iterations has been exceeded.", "x": "[1.02668889 2.35313489 4.55627522 4.99390821 0.90617267 4.89079896]", "final_simplex": "(array([[1.02668889, 2.35313489, 4.55627522, 4.99390821, 0.90617267,\n        4.89079896],\n       [1.06743118, 2.28046587, 4.64832487, 5.00992038, 0.97228006,\n        4.90895337],\n       [1.0283738 , 2.33502247, 4.6327205 , 4.92802752, 0.95063252,\n        4.9144278 ],\n       [0.96552128, 2.33401566, 4.65632801, 4.86102927, 0.86905194,\n        4.82295206],\n       [0.9881883 , 2.44843448, 4.53198856, 4.88856302, 0.87871283,\n        4.85335869],\n       [0.96807395, 2.39260278, 4.63764862, 4.84877183, 0.91864156,\n        4.90383947],\n       [1.08029589, 2.33313637, 4.65908185, 4.95595216, 0.94741517,\n        4.82771656]]), array([0.42545415, 0.42705455, 0.4278361 , 0.42803122, 0.4284312 ,\n       0.42887817, 0.42932528]))", "callback": [0.9064341944111527, 0.7248597505318888, 0.5051044000426568, 0.49718034808648526, 0.4858795971129839, 0.476400414752302, 0.473366642411425, 0.47066906069713144, 0.46985161850493173, 0.46950134639849317, 0.46948818007908566, 0.4692624128576335, 0.46922054259350165, 0.4692183902308439, 0.4692140401753193, 0.4692008038485542, 0.4691225999443065, 0.46870110334142245, 0.46778339800164903, 0.46735795747919284, 0.46660441031714894, 0.46628318188420637, 0.46622718216284276, 0.46620948795362716, 0.46620770576430304, 0.4661846139719956, 0.4661487116599531, 0.46609670692211236, 0.46609269988075597, 0.4660910212964544, 0.4660887392133909, 0.4660871764840546, 0.46608255870127835, 0.4660807104169964, 0.4660800703438691, 0.46607996371679283, 0.46607960940193927, 0.4660769684270528, 0.46607354751451513, 0.46604771003642065, 0.4659599866326899, 0.4658797276049622, 0.465773570700861, 0.46540656216409526, 0.46475399722638355, 0.46210513248392293, 0.4477514718076583, 0.43352095556316195, 0.43088326376104713, 0.4280312156070779]}, "5": {"maxiter": 500, "fatol": 1e-05, "xatol": 1e-10, "duration": 0.19675016403198242, "fun": "0.42545414698299755", "nit": "500", "nfev": "767", "status": "2", "success": "False", "message": "Maximum number of iterations has been exceeded.", "x": "[1.02668889 2.35313489 4.55627522 4.99390821 0.90617267 4.89079896]", "final_simplex": "(array([[1.02668889, 2.35313489, 4.55627522, 4.99390821, 0.90617267,\n        4.89079896],\n       [1.06743118, 2.28046587, 4.64832487, 5.00992038, 0.97228006,\n        4.90895337],\n       [1.0283738 , 2.33502247, 4.6327205 , 4.92802752, 0.95063252,\n        4.9144278 ],\n       [0.96552128, 2.33401566, 4.65632801, 4.86102927, 0.86905194,\n        4.82295206],\n       [0.9881883 , 2.44843448, 4.53198856, 4.88856302, 0.87871283,\n        4.85335869],\n       [0.96807395, 2.39260278, 4.63764862, 4.84877183, 0.91864156,\n        4.90383947],\n       [1.08029589, 2.33313637, 4.65908185, 4.95595216, 0.94741517,\n        4.82771656]]), array([0.42545415, 0.42705455, 0.4278361 , 0.42803122, 0.4284312 ,\n       0.42887817, 0.42932528]))", "callback": [0.9064341944111527, 0.7248597505318888, 0.5051044000426568, 0.49718034808648526, 0.4858795971129839, 0.476400414752302, 0.473366642411425, 0.47066906069713144, 0.46985161850493173, 0.46950134639849317, 0.46948818007908566, 0.4692624128576335, 0.46922054259350165, 0.4692183902308439, 0.4692140401753193, 0.4692008038485542, 0.4691225999443065, 0.46870110334142245, 0.46778339800164903, 0.46735795747919284, 0.46660441031714894, 0.46628318188420637, 0.46622718216284276, 0.46620948795362716, 0.46620770576430304, 0.4661846139719956, 0.4661487116599531, 0.46609670692211236, 0.46609269988075597, 0.4660910212964544, 0.4660887392133909, 0.4660871764840546, 0.46608255870127835, 0.4660807104169964, 0.4660800703438691, 0.46607996371679283, 0.46607960940193927, 0.4660769684270528, 0.46607354751451513, 0.46604771003642065, 0.4659599866326899, 0.4658797276049622, 0.465773570700861, 0.46540656216409526, 0.46475399722638355, 0.46210513248392293, 0.4477514718076583, 0.43352095556316195, 0.43088326376104713, 0.4280312156070779]}, "6": {"maxiter": 500, "fatol": 1e-10, "xatol": 1e-05, "duration": 0.18056702613830566, "fun": "0.42545414698299755", "nit": "500", "nfev": "767", "status": "2", "success": "False", "message": "Maximum number of iterations has been exceeded.", "x": "[1.02668889 2.35313489 4.55627522 4.99390821 0.90617267 4.89079896]", "final_simplex": "(array([[1.02668889, 2.35313489, 4.55627522, 4.99390821, 0.90617267,\n        4.89079896],\n       [1.06743118, 2.28046587, 4.64832487, 5.00992038, 0.97228006,\n        4.90895337],\n       [1.0283738 , 2.33502247, 4.6327205 , 4.92802752, 0.95063252,\n        4.9144278 ],\n       [0.96552128, 2.33401566, 4.65632801, 4.86102927, 0.86905194,\n        4.82295206],\n       [0.9881883 , 2.44843448, 4.53198856, 4.88856302, 0.87871283,\n        4.85335869],\n       [0.96807395, 2.39260278, 4.63764862, 4.84877183, 0.91864156,\n        4.90383947],\n       [1.08029589, 2.33313637, 4.65908185, 4.95595216, 0.94741517,\n        4.82771656]]), array([0.42545415, 0.42705455, 0.4278361 , 0.42803122, 0.4284312 ,\n       0.42887817, 0.42932528]))", "callback": [0.9064341944111527, 0.7248597505318888, 0.5051044000426568, 0.49718034808648526, 0.4858795971129839, 0.476400414752302, 0.473366642411425, 0.47066906069713144, 0.46985161850493173, 0.46950134639849317, 0.46948818007908566, 0.4692624128576335, 0.46922054259350165, 0.4692183902308439, 0.4692140401753193, 0.4692008038485542, 0.4691225999443065, 0.46870110334142245, 0.46778339800164903, 0.46735795747919284, 0.46660441031714894, 0.46628318188420637, 0.46622718216284276, 0.46620948795362716, 0.46620770576430304, 0.4661846139719956, 0.4661487116599531, 0.46609670692211236, 0.46609269988075597, 0.4660910212964544, 0.4660887392133909, 0.4660871764840546, 0.46608255870127835, 0.4660807104169964, 0.4660800703438691, 0.46607996371679283, 0.46607960940193927, 0.4660769684270528, 0.46607354751451513, 0.46604771003642065, 0.4659599866326899, 0.4658797276049622, 0.465773570700861, 0.46540656216409526, 0.46475399722638355, 0.46210513248392293, 0.4477514718076583, 0.43352095556316195, 0.43088326376104713, 0.4280312156070779]}, "7": {"maxiter": 500, "fatol": 1e-10, "xatol": 1e-10, "duration": 0.17911505699157715, "fun": "0.42545414698299755", "nit": "500", "nfev": "767", "status": "2", "success": "False", "message": "Maximum number of iterations has been exceeded.", "x": "[1.02668889 2.35313489 4.55627522 4.99390821 0.90617267 4.89079896]", "final_simplex": "(array([[1.02668889, 2.35313489, 4.55627522, 4.99390821, 0.90617267,\n        4.89079896],\n       [1.06743118, 2.28046587, 4.64832487, 5.00992038, 0.97228006,\n        4.90895337],\n       [1.0283738 , 2.33502247, 4.6327205 , 4.92802752, 0.95063252,\n        4.9144278 ],\n       [0.96552128, 2.33401566, 4.65632801, 4.86102927, 0.86905194,\n        4.82295206],\n       [0.9881883 , 2.44843448, 4.53198856, 4.88856302, 0.87871283,\n        4.85335869],\n       [0.96807395, 2.39260278, 4.63764862, 4.84877183, 0.91864156,\n        4.90383947],\n       [1.08029589, 2.33313637, 4.65908185, 4.95595216, 0.94741517,\n        4.82771656]]), array([0.42545415, 0.42705455, 0.4278361 , 0.42803122, 0.4284312 ,\n       0.42887817, 0.42932528]))", "callback": [0.9064341944111527, 0.7248597505318888, 0.5051044000426568, 0.49718034808648526, 0.4858795971129839, 0.476400414752302, 0.473366642411425, 0.47066906069713144, 0.46985161850493173, 0.46950134639849317, 0.46948818007908566, 0.4692624128576335, 0.46922054259350165, 0.4692183902308439, 0.4692140401753193, 0.4692008038485542, 0.4691225999443065, 0.46870110334142245, 0.46778339800164903, 0.46735795747919284, 0.46660441031714894, 0.46628318188420637, 0.46622718216284276, 0.46620948795362716, 0.46620770576430304, 0.4661846139719956, 0.4661487116599531, 0.46609670692211236, 0.46609269988075597, 0.4660910212964544, 0.4660887392133909, 0.4660871764840546, 0.46608255870127835, 0.4660807104169964, 0.4660800703438691, 0.46607996371679283, 0.46607960940193927, 0.4660769684270528, 0.46607354751451513, 0.46604771003642065, 0.4659599866326899, 0.4658797276049622, 0.465773570700861, 0.46540656216409526, 0.46475399722638355, 0.46210513248392293, 0.4477514718076583, 0.43352095556316195, 0.43088326376104713, 0.4280312156070779]}, "8": {"maxiter": 1000, "fatol": 1e-05, "xatol": 1e-05, "duration": 0.3066864013671875, "fun": "0.41571719638064153", "nit": "780", "nfev": "1198", "status": "0", "success": "True", "message": "Optimization terminated successfully.", "x": "[1.01556126 2.54976276 4.55850693 4.89130692 0.56646604 5.03385467]", "final_simplex": "(array([[1.01556126, 2.54976276, 4.55850693, 4.89130692, 0.56646604,\n        5.03385467],\n       [1.0155587 , 2.54976074, 4.55850884, 4.89130515, 0.5664611 ,\n        5.03385755],\n       [1.01555854, 2.54975579, 4.55850634, 4.89130747, 0.56646689,\n        5.03385329],\n       [1.01556272, 2.54975527, 4.55851032, 4.89131037, 0.56646211,\n        5.03385351],\n       [1.01556816, 2.54975336, 4.55850686, 4.89131411, 0.56646985,\n        5.03385664],\n       [1.01556698, 2.54975335, 4.55851321, 4.89130326, 0.5664728 ,\n        5.03385888],\n       [1.01557039, 2.54976081, 4.55850198, 4.89130363, 0.56646277,\n        5.03385381]]), array([0.4157172, 0.4157172, 0.4157172, 0.4157172, 0.4157172, 0.4157172,\n       0.4157172]))", "callback": [0.9064341944111527, 0.7248597505318888, 0.5051044000426568, 0.49718034808648526, 0.4858795971129839, 0.476400414752302, 0.473366642411425, 0.47066906069713144, 0.46985161850493173, 0.46950134639849317, 0.46948818007908566, 0.4692624128576335, 0.46922054259350165, 0.4692183902308439, 0.4692140401753193, 0.4692008038485542, 0.4691225999443065, 0.46870110334142245, 0.46778339800164903, 0.46735795747919284, 0.46660441031714894, 0.46628318188420637, 0.46622718216284276, 0.46620948795362716, 0.46620770576430304, 0.4661846139719956, 0.4661487116599531, 0.46609670692211236, 0.46609269988075597, 0.4660910212964544, 0.4660887392133909, 0.4660871764840546, 0.46608255870127835, 0.4660807104169964, 0.4660800703438691, 0.46607996371679283, 0.46607960940193927, 0.4660769684270528, 0.46607354751451513, 0.46604771003642065, 0.4659599866326899, 0.4658797276049622, 0.465773570700861, 0.46540656216409526, 0.46475399722638355, 0.46210513248392293, 0.4477514718076583, 0.43352095556316195, 0.43088326376104713, 0.4280312156070779, 0.42505775105694965, 0.4232458888860118, 0.42314081071228127, 0.4229783003824552, 0.4226103520944151, 0.4220988797752149, 0.421526059740829, 0.42134705849265885, 0.42112599464780587, 0.42057433482513407, 0.41899441732727116, 0.41813789835281, 0.4173674068622133, 0.4166150643783366, 0.41596540858879716, 0.415775243507871, 0.415775243507871, 0.41574232188707083, 0.4157228429212526, 0.4157222515199628, 0.4157183002024807, 0.41571755218402173, 0.4157172330858677, 0.4157172012300009, 0.41571720120131794, 0.41571719717889644, 0.4157171964981713, 0.4157171963886763]}, "9": {"maxiter": 1000, "fatol": 1e-05, "xatol": 1e-10, "duration": 0.32288694381713867, "fun": "0.4157171963771348", "nit": "873", "nfev": "1409", "status": "0", "success": "True", "message": "Optimization terminated successfully.", "x": "[1.01556199 2.54976436 4.5585054  4.89130211 0.5664616  5.03385678]", "final_simplex": "(array([[1.01556199, 2.54976436, 4.5585054 , 4.89130211, 0.5664616 ,\n        5.03385678],\n       [1.01556199, 2.54976436, 4.5585054 , 4.89130211, 0.5664616 ,\n        5.03385678],\n       [1.01556199, 2.54976436, 4.5585054 , 4.89130211, 0.5664616 ,\n        5.03385678],\n       [1.01556199, 2.54976436, 4.5585054 , 4.89130211, 0.5664616 ,\n        5.03385678],\n       [1.01556199, 2.54976436, 4.5585054 , 4.89130211, 0.5664616 ,\n        5.03385678],\n       [1.01556199, 2.54976436, 4.5585054 , 4.89130211, 0.5664616 ,\n        5.03385678],\n       [1.01556199, 2.54976436, 4.5585054 , 4.89130211, 0.5664616 ,\n        5.03385678]]), array([0.4157172, 0.4157172, 0.4157172, 0.4157172, 0.4157172, 0.4157172,\n       0.4157172]))", "callback": [0.9064341944111527, 0.7248597505318888, 0.5051044000426568, 0.49718034808648526, 0.4858795971129839, 0.476400414752302, 0.473366642411425, 0.47066906069713144, 0.46985161850493173, 0.46950134639849317, 0.46948818007908566, 0.4692624128576335, 0.46922054259350165, 0.4692183902308439, 0.4692140401753193, 0.4692008038485542, 0.4691225999443065, 0.46870110334142245, 0.46778339800164903, 0.46735795747919284, 0.46660441031714894, 0.46628318188420637, 0.46622718216284276, 0.46620948795362716, 0.46620770576430304, 0.4661846139719956, 0.4661487116599531, 0.46609670692211236, 0.46609269988075597, 0.4660910212964544, 0.4660887392133909, 0.4660871764840546, 0.46608255870127835, 0.4660807104169964, 0.4660800703438691, 0.46607996371679283, 0.46607960940193927, 0.4660769684270528, 0.46607354751451513, 0.46604771003642065, 0.4659599866326899, 0.4658797276049622, 0.465773570700861, 0.46540656216409526, 0.46475399722638355, 0.46210513248392293, 0.4477514718076583, 0.43352095556316195, 0.43088326376104713, 0.4280312156070779, 0.42505775105694965, 0.4232458888860118, 0.42314081071228127, 0.4229783003824552, 0.4226103520944151, 0.4220988797752149, 0.421526059740829, 0.42134705849265885, 0.42112599464780587, 0.42057433482513407, 0.41899441732727116, 0.41813789835281, 0.4173674068622133, 0.4166150643783366, 0.41596540858879716, 0.415775243507871, 0.415775243507871, 0.41574232188707083, 0.4157228429212526, 0.4157222515199628, 0.4157183002024807, 0.41571755218402173, 0.4157172330858677, 0.4157172012300009, 0.41571720120131794, 0.41571719717889644, 0.4157171964981713, 0.4157171963886763, 0.41571719638064153, 0.41571719637796956, 0.4157171963772105, 0.41571719637715365, 0.4157171963771389, 0.415717196377136, 0.41571719637713533, 0.415717196377135, 0.4157171963771349, 0.4157171963771348]}, "10": {"maxiter": 1000, "fatol": 1e-10, "xatol": 1e-05, "duration": 0.27089715003967285, "fun": "0.41571719638064153", "nit": "780", "nfev": "1198", "status": "0", "success": "True", "message": "Optimization terminated successfully.", "x": "[1.01556126 2.54976276 4.55850693 4.89130692 0.56646604 5.03385467]", "final_simplex": "(array([[1.01556126, 2.54976276, 4.55850693, 4.89130692, 0.56646604,\n        5.03385467],\n       [1.0155587 , 2.54976074, 4.55850884, 4.89130515, 0.5664611 ,\n        5.03385755],\n       [1.01555854, 2.54975579, 4.55850634, 4.89130747, 0.56646689,\n        5.03385329],\n       [1.01556272, 2.54975527, 4.55851032, 4.89131037, 0.56646211,\n        5.03385351],\n       [1.01556816, 2.54975336, 4.55850686, 4.89131411, 0.56646985,\n        5.03385664],\n       [1.01556698, 2.54975335, 4.55851321, 4.89130326, 0.5664728 ,\n        5.03385888],\n       [1.01557039, 2.54976081, 4.55850198, 4.89130363, 0.56646277,\n        5.03385381]]), array([0.4157172, 0.4157172, 0.4157172, 0.4157172, 0.4157172, 0.4157172,\n       0.4157172]))", "callback": [0.9064341944111527, 0.7248597505318888, 0.5051044000426568, 0.49718034808648526, 0.4858795971129839, 0.476400414752302, 0.473366642411425, 0.47066906069713144, 0.46985161850493173, 0.46950134639849317, 0.46948818007908566, 0.4692624128576335, 0.46922054259350165, 0.4692183902308439, 0.4692140401753193, 0.4692008038485542, 0.4691225999443065, 0.46870110334142245, 0.46778339800164903, 0.46735795747919284, 0.46660441031714894, 0.46628318188420637, 0.46622718216284276, 0.46620948795362716, 0.46620770576430304, 0.4661846139719956, 0.4661487116599531, 0.46609670692211236, 0.46609269988075597, 0.4660910212964544, 0.4660887392133909, 0.4660871764840546, 0.46608255870127835, 0.4660807104169964, 0.4660800703438691, 0.46607996371679283, 0.46607960940193927, 0.4660769684270528, 0.46607354751451513, 0.46604771003642065, 0.4659599866326899, 0.4658797276049622, 0.465773570700861, 0.46540656216409526, 0.46475399722638355, 0.46210513248392293, 0.4477514718076583, 0.43352095556316195, 0.43088326376104713, 0.4280312156070779, 0.42505775105694965, 0.4232458888860118, 0.42314081071228127, 0.4229783003824552, 0.4226103520944151, 0.4220988797752149, 0.421526059740829, 0.42134705849265885, 0.42112599464780587, 0.42057433482513407, 0.41899441732727116, 0.41813789835281, 0.4173674068622133, 0.4166150643783366, 0.41596540858879716, 0.415775243507871, 0.415775243507871, 0.41574232188707083, 0.4157228429212526, 0.4157222515199628, 0.4157183002024807, 0.41571755218402173, 0.4157172330858677, 0.4157172012300009, 0.41571720120131794, 0.41571719717889644, 0.4157171964981713, 0.4157171963886763]}, "11": {"maxiter": 1000, "fatol": 1e-10, "xatol": 1e-10, "duration": 0.31653618812561035, "fun": "0.4157171963771348", "nit": "873", "nfev": "1409", "status": "0", "success": "True", "message": "Optimization terminated successfully.", "x": "[1.01556199 2.54976436 4.5585054  4.89130211 0.5664616  5.03385678]", "final_simplex": "(array([[1.01556199, 2.54976436, 4.5585054 , 4.89130211, 0.5664616 ,\n        5.03385678],\n       [1.01556199, 2.54976436, 4.5585054 , 4.89130211, 0.5664616 ,\n        5.03385678],\n       [1.01556199, 2.54976436, 4.5585054 , 4.89130211, 0.5664616 ,\n        5.03385678],\n       [1.01556199, 2.54976436, 4.5585054 , 4.89130211, 0.5664616 ,\n        5.03385678],\n       [1.01556199, 2.54976436, 4.5585054 , 4.89130211, 0.5664616 ,\n        5.03385678],\n       [1.01556199, 2.54976436, 4.5585054 , 4.89130211, 0.5664616 ,\n        5.03385678],\n       [1.01556199, 2.54976436, 4.5585054 , 4.89130211, 0.5664616 ,\n        5.03385678]]), array([0.4157172, 0.4157172, 0.4157172, 0.4157172, 0.4157172, 0.4157172,\n       0.4157172]))", "callback": [0.9064341944111527, 0.7248597505318888, 0.5051044000426568, 0.49718034808648526, 0.4858795971129839, 0.476400414752302, 0.473366642411425, 0.47066906069713144, 0.46985161850493173, 0.46950134639849317, 0.46948818007908566, 0.4692624128576335, 0.46922054259350165, 0.4692183902308439, 0.4692140401753193, 0.4692008038485542, 0.4691225999443065, 0.46870110334142245, 0.46778339800164903, 0.46735795747919284, 0.46660441031714894, 0.46628318188420637, 0.46622718216284276, 0.46620948795362716, 0.46620770576430304, 0.4661846139719956, 0.4661487116599531, 0.46609670692211236, 0.46609269988075597, 0.4660910212964544, 0.4660887392133909, 0.4660871764840546, 0.46608255870127835, 0.4660807104169964, 0.4660800703438691, 0.46607996371679283, 0.46607960940193927, 0.4660769684270528, 0.46607354751451513, 0.46604771003642065, 0.4659599866326899, 0.4658797276049622, 0.465773570700861, 0.46540656216409526, 0.46475399722638355, 0.46210513248392293, 0.4477514718076583, 0.43352095556316195, 0.43088326376104713, 0.4280312156070779, 0.42505775105694965, 0.4232458888860118, 0.42314081071228127, 0.4229783003824552, 0.4226103520944151, 0.4220988797752149, 0.421526059740829, 0.42134705849265885, 0.42112599464780587, 0.42057433482513407, 0.41899441732727116, 0.41813789835281, 0.4173674068622133, 0.4166150643783366, 0.41596540858879716, 0.415775243507871, 0.415775243507871, 0.41574232188707083, 0.4157228429212526, 0.4157222515199628, 0.4157183002024807, 0.41571755218402173, 0.4157172330858677, 0.4157172012300009, 0.41571720120131794, 0.41571719717889644, 0.4157171964981713, 0.4157171963886763, 0.41571719638064153, 0.41571719637796956, 0.4157171963772105, 0.41571719637715365, 0.4157171963771389, 0.415717196377136, 0.41571719637713533, 0.415717196377135, 0.4157171963771349, 0.4157171963771348]}}, "bfgs": {"type": "gradient", "0": {"maxiter": 100, "gtol": 1e-05, "xrtol": 1e-05, "eps": 1e-05, "duration": 0.07575392723083496, "fun": "0.4157171964340317", "jac": "[-3.34705597e-06  9.45343803e-07 -1.35891298e-08  8.48043857e-07\n  2.69556599e-06  3.22972760e-06]", "hess_inv": "[[ 5.76282055 -2.75288576  0.38246699  1.92354037  1.22893607  0.84304825]\n [-2.75288576 16.34571358 -6.13393962 -5.50415666 -8.09178476 -1.58102147]\n [ 0.38246699 -6.13393962  6.32381629 -0.308884    3.18838025  1.06027411]\n [ 1.92354037 -5.50415666 -0.308884   11.01872444  2.62035524 -1.56788848]\n [ 1.22893607 -8.09178476  3.18838025  2.62035524  7.69838896  0.3591497 ]\n [ 0.84304825 -1.58102147  1.06027411 -1.56788848  0.3591497   5.39401311]]", "nfev": "329", "njev": "47", "status": "0", "success": "True", "message": "Optimization terminated successfully.", "x": "[1.01553991 2.54976419 4.55850222 4.8912985  0.56646578 5.03386166]", "nit": "38", "callback": [0.5937143587840186, 0.559290356463931, 0.5021765470596435, 0.4743134210465655, 0.4719998957008942, 0.4718839478762954, 0.47167846331567576, 0.4713758084960784, 0.47123385092301184, 0.4711837298238146, 0.47111427360670133, 0.4710472373192457, 0.47092701289677896, 0.4706983389853723, 0.4693311184701532, 0.4689495117742445, 0.4683629128275675, 0.46734719842550665, 0.46568659492363773, 0.46374501206947993, 0.4630121039729813, 0.4581476656069885, 0.4547778551605208, 0.4508388692290344, 0.44422476319481463, 0.43279674779341226, 0.4186130507791723, 0.4174261962857123, 0.41693412900598825, 0.41673678634685796, 0.41643051281091537, 0.4160265429847143, 0.4158261412943337, 0.4157359508244256, 0.4157193385035296, 0.4157172990957585, 0.41571719943503993, 0.4157171964340317]}, "1": {"maxiter": 100, "gtol": 1e-05, "xrtol": 1e-05, "eps": 1e-10, "duration": 0.07600831985473633, "fun": "0.41571719658192596", "jac": "[-2.22044587e-06 -1.11022293e-06 -8.88178346e-06  0.00000000e+00\n  2.22044587e-06  1.11022293e-06]", "hess_inv": "[[ 5.99732627 -2.60810914  0.05865917  1.64489243  1.12947334  1.28811202]\n [-2.60810914 18.75433074 -6.80309181 -6.51469128 -9.40373807 -2.04413781]\n [ 0.05865917 -6.80309181  5.66618772  0.53895717  3.44167192  0.97555567]\n [ 1.64489243 -6.51469128  0.53895717 11.35609025  3.06525646 -1.34050659]\n [ 1.12947334 -9.40373807  3.44167192  3.06525646  8.29950045  0.29844654]\n [ 1.28811202 -2.04413781  0.97555567 -1.34050659  0.29844654  4.87239956]]", "nfev": "329", "njev": "47", "status": "0", "success": "True", "message": "Optimization terminated successfully.", "x": "[1.01554312 2.54978634 4.55846273 4.89129805 0.56645245 5.03385417]", "nit": "38", "callback": [0.5937144170196094, 0.5592921409222995, 0.5021798302774185, 0.4743135137882951, 0.47199990664134805, 0.4718839402597388, 0.4716785034753266, 0.47137587874123543, 0.47123392233492867, 0.47118389485241186, 0.4711145002678421, 0.4710473838618563, 0.47092696342380713, 0.47069784062976305, 0.46933432163118294, 0.46894946961485484, 0.4683653765841962, 0.467352226550093, 0.46569494406228285, 0.46377170163531123, 0.46310890397630866, 0.46183814496628073, 0.4559892381843764, 0.4529483724071761, 0.44981264953453737, 0.4449525860863255, 0.4363638564919171, 0.42297439784770585, 0.4161809184222999, 0.41608623649558285, 0.41601463602282773, 0.415959778790675, 0.4158723599161618, 0.41574647336536585, 0.41571764263278876, 0.41571733155065727, 0.41571719930147366, 0.41571719658192596]}, "2": {"maxiter": 100, "gtol": 1e-05, "xrtol": 1e-10, "eps": 1e-05, "duration": 0.07552909851074219, "fun": "0.4157171964340317", "jac": "[-3.34705597e-06  9.45343803e-07 -1.35891298e-08  8.48043857e-07\n  2.69556599e-06  3.22972760e-06]", "hess_inv": "[[ 5.76282055 -2.75288576  0.38246699  1.92354037  1.22893607  0.84304825]\n [-2.75288576 16.34571358 -6.13393962 -5.50415666 -8.09178476 -1.58102147]\n [ 0.38246699 -6.13393962  6.32381629 -0.308884    3.18838025  1.06027411]\n [ 1.92354037 -5.50415666 -0.308884   11.01872444  2.62035524 -1.56788848]\n [ 1.22893607 -8.09178476  3.18838025  2.62035524  7.69838896  0.3591497 ]\n [ 0.84304825 -1.58102147  1.06027411 -1.56788848  0.3591497   5.39401311]]", "nfev": "329", "njev": "47", "status": "0", "success": "True", "message": "Optimization terminated successfully.", "x": "[1.01553991 2.54976419 4.55850222 4.8912985  0.56646578 5.03386166]", "nit": "38", "callback": [0.5937143587840186, 0.559290356463931, 0.5021765470596435, 0.4743134210465655, 0.4719998957008942, 0.4718839478762954, 0.47167846331567576, 0.4713758084960784, 0.47123385092301184, 0.4711837298238146, 0.47111427360670133, 0.4710472373192457, 0.47092701289677896, 0.4706983389853723, 0.4693311184701532, 0.4689495117742445, 0.4683629128275675, 0.46734719842550665, 0.46568659492363773, 0.46374501206947993, 0.4630121039729813, 0.4581476656069885, 0.4547778551605208, 0.4508388692290344, 0.44422476319481463, 0.43279674779341226, 0.4186130507791723, 0.4174261962857123, 0.41693412900598825, 0.41673678634685796, 0.41643051281091537, 0.4160265429847143, 0.4158261412943337, 0.4157359508244256, 0.4157193385035296, 0.4157172990957585, 0.41571719943503993, 0.4157171964340317]}, "3": {"maxiter": 100, "gtol": 1e-05, "xrtol": 1e-10, "eps": 1e-10, "duration": 0.07524800300598145, "fun": "0.41571719658192596", "jac": "[-2.22044587e-06 -1.11022293e-06 -8.88178346e-06  0.00000000e+00\n  2.22044587e-06  1.11022293e-06]", "hess_inv": "[[ 5.99732627 -2.60810914  0.05865917  1.64489243  1.12947334  1.28811202]\n [-2.60810914 18.75433074 -6.80309181 -6.51469128 -9.40373807 -2.04413781]\n [ 0.05865917 -6.80309181  5.66618772  0.53895717  3.44167192  0.97555567]\n [ 1.64489243 -6.51469128  0.53895717 11.35609025  3.06525646 -1.34050659]\n [ 1.12947334 -9.40373807  3.44167192  3.06525646  8.29950045  0.29844654]\n [ 1.28811202 -2.04413781  0.97555567 -1.34050659  0.29844654  4.87239956]]", "nfev": "329", "njev": "47", "status": "0", "success": "True", "message": "Optimization terminated successfully.", "x": "[1.01554312 2.54978634 4.55846273 4.89129805 0.56645245 5.03385417]", "nit": "38", "callback": [0.5937144170196094, 0.5592921409222995, 0.5021798302774185, 0.4743135137882951, 0.47199990664134805, 0.4718839402597388, 0.4716785034753266, 0.47137587874123543, 0.47123392233492867, 0.47118389485241186, 0.4711145002678421, 0.4710473838618563, 0.47092696342380713, 0.47069784062976305, 0.46933432163118294, 0.46894946961485484, 0.4683653765841962, 0.467352226550093, 0.46569494406228285, 0.46377170163531123, 0.46310890397630866, 0.46183814496628073, 0.4559892381843764, 0.4529483724071761, 0.44981264953453737, 0.4449525860863255, 0.4363638564919171, 0.42297439784770585, 0.4161809184222999, 0.41608623649558285, 0.41601463602282773, 0.415959778790675, 0.4158723599161618, 0.41574647336536585, 0.41571764263278876, 0.41571733155065727, 0.41571719930147366, 0.41571719658192596]}, "4": {"maxiter": 100, "gtol": 1e-10, "xrtol": 1e-05, "eps": 1e-05, "duration": 0.08032011985778809, "fun": "0.4157171963897037", "jac": "[ 8.70636896e-08 -1.07380771e-07  1.67643677e-08  5.52669022e-08\n  1.34958711e-07  1.39555034e-08]", "hess_inv": "[[ 6.22816347 -2.41364956  0.37723313  1.84362727  1.06849319  0.95219284]\n [-2.41364956 16.57378394 -6.16185646 -5.54752972 -8.24910466 -1.58882135]\n [ 0.37723313 -6.16185646  6.29367431 -0.28933464  3.13961481  0.94956943]\n [ 1.84362727 -5.54752972 -0.28933464 11.02093021  2.67913754 -1.51902417]\n [ 1.06849319 -8.24910466  3.13961481  2.67913754  7.66902992  0.13820382]\n [ 0.95219284 -1.58882135  0.94956943 -1.51902417  0.13820382  5.02276169]]", "nfev": "336", "njev": "48", "status": "0", "success": "True", "message": "Optimization terminated successfully.", "x": "[1.01555553 2.54977244 4.55849811 4.89129825 0.5664538  5.03385105]", "nit": "39", "callback": [0.5937143587840186, 0.559290356463931, 0.5021765470596435, 0.4743134210465655, 0.4719998957008942, 0.4718839478762954, 0.47167846331567576, 0.4713758084960784, 0.47123385092301184, 0.4711837298238146, 0.47111427360670133, 0.4710472373192457, 0.47092701289677896, 0.4706983389853723, 0.4693311184701532, 0.4689495117742445, 0.4683629128275675, 0.46734719842550665, 0.46568659492363773, 0.46374501206947993, 0.4630121039729813, 0.4581476656069885, 0.4547778551605208, 0.4508388692290344, 0.44422476319481463, 0.43279674779341226, 0.4186130507791723, 0.4174261962857123, 0.41693412900598825, 0.41673678634685796, 0.41643051281091537, 0.4160265429847143, 0.4158261412943337, 0.4157359508244256, 0.4157193385035296, 0.4157172990957585, 0.41571719943503993, 0.4157171964340317, 0.4157171963897037]}, "5": {"maxiter": 100, "gtol": 1e-10, "xrtol": 1e-05, "eps": 1e-10, "duration": 0.09558391571044922, "fun": "0.4157171964041505", "jac": "[-2.22044587e-06 -2.22044587e-06  0.00000000e+00 -1.11022293e-06\n -1.11022293e-06  1.11022293e-06]", "hess_inv": "[[ 5.9594521  -2.8880298   0.50239936  1.49044219  1.18754704  1.26380553]\n [-2.8880298  19.40607652 -7.7964555  -6.45510254 -9.51179531 -2.17556207]\n [ 0.50239936 -7.7964555   7.1783823   0.46206917  3.60510693  1.18459963]\n [ 1.49044219 -6.45510254  0.46206917 11.25651394  3.06488337 -1.41833946]\n [ 1.18754704 -9.51179531  3.60510693  3.06488337  8.31655547  0.3261938 ]\n [ 1.26380553 -2.17556207  1.18459963 -1.41833946  0.3261938   4.85765506]]", "nfev": "336", "njev": "48", "status": "0", "success": "True", "message": "Optimization terminated successfully.", "x": "[1.01555356 2.54975576 4.55850962 4.89129307 0.56645771 5.03385896]", "nit": "39", "callback": [0.5937144170196094, 0.5592921409222995, 0.5021798302774185, 0.4743135137882951, 0.47199990664134805, 0.4718839402597388, 0.4716785034753266, 0.47137587874123543, 0.47123392233492867, 0.47118389485241186, 0.4711145002678421, 0.4710473838618563, 0.47092696342380713, 0.47069784062976305, 0.46933432163118294, 0.46894946961485484, 0.4683653765841962, 0.467352226550093, 0.46569494406228285, 0.46377170163531123, 0.46310890397630866, 0.46183814496628073, 0.4559892381843764, 0.4529483724071761, 0.44981264953453737, 0.4449525860863255, 0.4363638564919171, 0.42297439784770585, 0.4161809184222999, 0.41608623649558285, 0.41601463602282773, 0.415959778790675, 0.4158723599161618, 0.41574647336536585, 0.41571764263278876, 0.41571733155065727, 0.41571719930147366, 0.41571719658192596, 0.4157171964041505]}, "6": {"maxiter": 100, "gtol": 1e-10, "xrtol": 1e-10, "eps": 1e-05, "duration": 0.1560671329498291, "fun": "0.4157171963897037", "jac": "[ 8.70636896e-08 -1.07380771e-07  1.67643677e-08  5.52669022e-08\n  1.34958711e-07  1.39555034e-08]", "hess_inv": "[[ 5.91484909 -1.99610457  0.24610511  1.6043143   0.87712177  1.0229014 ]\n [-1.99610457 17.10188014 -6.38456302 -5.68321652 -8.79713912 -1.94740789]\n [ 0.24610511 -6.38456302  6.38445208 -0.22288849  3.35382567  1.07604142]\n [ 1.6043143  -5.68321652 -0.22288849 11.0287014   2.86959084 -1.35420566]\n [ 0.87712177 -8.79713912  3.35382567  2.86959084  8.14678657  0.37713848]\n [ 1.0229014  -1.94740789  1.07604142 -1.35420566  0.37713848  5.07124014]]", "nfev": "543", "njev": "76", "status": "2", "success": "False", "message": "Desired error not necessarily achieved due to precision loss.", "x": "[1.01555553 2.54977244 4.55849811 4.89129825 0.5664538  5.03385105]", "nit": "39", "callback": [0.5937143587840186, 0.559290356463931, 0.5021765470596435, 0.4743134210465655, 0.4719998957008942, 0.4718839478762954, 0.47167846331567576, 0.4713758084960784, 0.47123385092301184, 0.4711837298238146, 0.47111427360670133, 0.4710472373192457, 0.47092701289677896, 0.4706983389853723, 0.4693311184701532, 0.4689495117742445, 0.4683629128275675, 0.46734719842550665, 0.46568659492363773, 0.46374501206947993, 0.4630121039729813, 0.4581476656069885, 0.4547778551605208, 0.4508388692290344, 0.44422476319481463, 0.43279674779341226, 0.4186130507791723, 0.4174261962857123, 0.41693412900598825, 0.41673678634685796, 0.41643051281091537, 0.4160265429847143, 0.4158261412943337, 0.4157359508244256, 0.4157193385035296, 0.4157172990957585, 0.41571719943503993, 0.4157171964340317, 0.4157171963897037]}, "7": {"maxiter": 100, "gtol": 1e-10, "xrtol": 1e-10, "eps": 1e-10, "duration": 0.16829895973205566, "fun": "0.415717196382149", "jac": "[ 2.22044587e-06 -3.33066880e-06 -1.11022293e-06  0.00000000e+00\n -1.11022293e-06 -1.11022293e-06]", "hess_inv": "[[  2.64219918   5.58948486  -0.96948281 -11.00268284  -8.22253482\n    7.089995  ]\n [  5.58948486  15.3413182   -2.98969275 -33.60324835 -26.33477395\n   23.83207064]\n [ -0.96948281  -2.98969275   1.63770954   4.10832839   4.19116096\n   -3.56488909]\n [-11.00268284 -33.60324835   4.10832839  98.8820043   65.26174925\n  -66.24583087]\n [ -8.22253482 -26.33477395   4.19116096  65.26174925  51.22518871\n  -47.87045177]\n [  7.089995    23.83207064  -3.56488909 -66.24583087 -47.87045177\n   47.31377023]]", "nfev": "663", "njev": "93", "status": "2", "success": "False", "message": "Desired error not necessarily achieved due to precision loss.", "x": "[1.01556209 2.54977105 4.55850208 4.8913011  0.56645462 5.03385255]", "nit": "44", "callback": [0.5937144170196094, 0.5592921409222995, 0.5021798302774185, 0.4743135137882951, 0.47199990664134805, 0.4718839402597388, 0.4716785034753266, 0.47137587874123543, 0.47123392233492867, 0.47118389485241186, 0.4711145002678421, 0.4710473838618563, 0.47092696342380713, 0.47069784062976305, 0.46933432163118294, 0.46894946961485484, 0.4683653765841962, 0.467352226550093, 0.46569494406228285, 0.46377170163531123, 0.46310890397630866, 0.46183814496628073, 0.4559892381843764, 0.4529483724071761, 0.44981264953453737, 0.4449525860863255, 0.4363638564919171, 0.42297439784770585, 0.4161809184222999, 0.41608623649558285, 0.41601463602282773, 0.415959778790675, 0.4158723599161618, 0.41574647336536585, 0.41571764263278876, 0.41571733155065727, 0.41571719930147366, 0.41571719658192596,