{"date": "2024/09/25/, 16:36:08", "conf_id": 270, "data_type": "var_s_rank\n", "num_data_points": 2, "s_rank": 0, "unitary": "[[-0.45070455-0.02711853j,0.78437395-0.06613086j,0.06358678+0.19963393j,-0.07343613+0.35668523j],[-0.01890143-0.03813363j,0.32408202+0.25557629j,0.05872864-0.68979805j,0.55466693-0.20227297j],[-0.11215405+0.64023111j,-0.13344055+0.29565494j,-0.49012687-0.19046288j,-0.04241254+0.44046348j],[0.55771659+0.24656916j,0.31851997-0.05798805j,0.28761525-0.34294258j,-0.56718418+0.03616933j]]", "databatch_0": {"databatch": "[[[0.10539487-0.11975096j,-0.07223971+0.25971005j,-0.02873803+0.18277228j,0.04580644+0.13134577j],[-0.20088957+0.12566402j,0.09128802+0.20078937j,-0.04756078-0.01967121j,0.38819574+0.3407457j],[-0.0967099-0.24709034j,0.14268616+0.0824567j,0.21168337+0.00576208j,-0.14284283+0.01236906j],[-0.17672653+0.20060005j,-0.29077786-0.26417897j,0.24934606+0.02634048j,0.04323257+0.14330198j]],[[-0.13555465-0.02734299j,0.09753345-0.02494198j,0.02360912+0.05670471j,0.01144217+0.11627778j],[-0.13040691-0.09372654j,0.21325069+0.11603315j,0.13416932+0.13431993j,-0.13826348-0.43643429j],[-0.02704384+0.23379452j,-0.08761076-0.12753137j,0.08878623-0.09818261j,0.27968623-0.14533932j],[-0.29044887+0.09384484j,0.19332391-0.04132117j,0.24007143+0.16479097j,0.31887515-0.32867993j]]]", "initial param values": "[2.60312735,5.14838719,6.24206727,6.22220423,5.27290588,0.90585116]", "nelder_mead": {"type": "gradient-free", "0": {"maxiter": 100, "fatol": 1e-05, "xatol": 1e-05, "duration": 0.037774085998535156, "fun": "0.575923700334675", "nit": "100", "nfev": "158", "status": "2", "success": "False", "message": "Maximum number of iterations has been exceeded.", "x": "[1.82462062 7.52617251 5.38770637 2.70249741 5.85859804 1.23557995]", "final_simplex": "(array([[1.82462062, 7.52617251, 5.38770637, 2.70249741, 5.85859804,\n        1.23557995],\n       [1.82416549, 7.45419306, 5.40603542, 2.70304707, 5.84607273,\n        1.2413897 ],\n       [1.90217084, 7.44883137, 5.35466523, 2.78090513, 5.96728008,\n        1.19501005],\n       [1.84492143, 7.55442811, 5.40829018, 2.75397661, 5.86168905,\n        1.2266932 ],\n       [1.89299375, 7.44839983, 5.45502813, 2.77046358, 5.93148208,\n        1.19644488],\n       [1.85770433, 7.49937677, 5.45213475, 2.71792912, 5.88814252,\n        1.22344186],\n       [1.81613645, 7.49324801, 5.41644172, 2.76514686, 5.7058782 ,\n        1.24989955]]), array([0.5759237 , 0.57593786, 0.57630251, 0.57670213, 0.57682425,\n       0.57690711, 0.57698118]))", "callback": [0.9939595049164947, 0.8945293096186809, 0.7702434170331867, 0.619106304496891, 0.5961897021672344, 0.5934653934740728, 0.5915931120304316, 0.5893381272453906, 0.5850649773924133, 0.5768242511695927]}, "1": {"maxiter": 100, "fatol": 1e-05, "xatol": 1e-10, "duration": 0.036437034606933594, "fun": "0.575923700334675", "nit": "100", "nfev": "158", "status": "2", "success": "False", "message": "Maximum number of iterations has been exceeded.", "x": "[1.82462062 7.52617251 5.38770637 2.70249741 5.85859804 1.23557995]", "final_simplex": "(array([[1.82462062, 7.52617251, 5.38770637, 2.70249741, 5.85859804,\n        1.23557995],\n       [1.82416549, 7.45419306, 5.40603542, 2.70304707, 5.84607273,\n        1.2413897 ],\n       [1.90217084, 7.44883137, 5.35466523, 2.78090513, 5.96728008,\n        1.19501005],\n       [1.84492143, 7.55442811, 5.40829018, 2.75397661, 5.86168905,\n        1.2266932 ],\n       [1.89299375, 7.44839983, 5.45502813, 2.77046358, 5.93148208,\n        1.19644488],\n       [1.85770433, 7.49937677, 5.45213475, 2.71792912, 5.88814252,\n        1.22344186],\n       [1.81613645, 7.49324801, 5.41644172, 2.76514686, 5.7058782 ,\n        1.24989955]]), array([0.5759237 , 0.57593786, 0.57630251, 0.57670213, 0.57682425,\n       0.57690711, 0.57698118]))", "callback": [0.9939595049164947, 0.8945293096186809, 0.7702434170331867, 0.619106304496891, 0.5961897021672344, 0.5934653934740728, 0.5915931120304316, 0.5893381272453906, 0.5850649773924133, 0.5768242511695927]}, "2": {"maxiter": 100, "fatol": 1e-10, "xatol": 1e-05, "duration": 0.03653287887573242, "fun": "0.575923700334675", "nit": "100", "nfev": "158", "status": "2", "success": "False", "message": "Maximum number of iterations has been exceeded.", "x": "[1.82462062 7.52617251 5.38770637 2.70249741 5.85859804 1.23557995]", "final_simplex": "(array([[1.82462062, 7.52617251, 5.38770637, 2.70249741, 5.85859804,\n        1.23557995],\n       [1.82416549, 7.45419306, 5.40603542, 2.70304707, 5.84607273,\n        1.2413897 ],\n       [1.90217084, 7.44883137, 5.35466523, 2.78090513, 5.96728008,\n        1.19501005],\n       [1.84492143, 7.55442811, 5.40829018, 2.75397661, 5.86168905,\n        1.2266932 ],\n       [1.89299375, 7.44839983, 5.45502813, 2.77046358, 5.93148208,\n        1.19644488],\n       [1.85770433, 7.49937677, 5.45213475, 2.71792912, 5.88814252,\n        1.22344186],\n       [1.81613645, 7.49324801, 5.41644172, 2.76514686, 5.7058782 ,\n        1.24989955]]), array([0.5759237 , 0.57593786, 0.57630251, 0.57670213, 0.57682425,\n       0.57690711, 0.57698118]))", "callback": [0.9939595049164947, 0.8945293096186809, 0.7702434170331867, 0.619106304496891, 0.5961897021672344, 0.5934653934740728, 0.5915931120304316, 0.5893381272453906, 0.5850649773924133, 0.5768242511695927]}, "3": {"maxiter": 100, "fatol": 1e-10, "xatol": 1e-10, "duration": 0.03619098663330078, "fun": "0.575923700334675", "nit": "100", "nfev": "158", "status": "2", "success": "False", "message": "Maximum number of iterations has been exceeded.", "x": "[1.82462062 7.52617251 5.38770637 2.70249741 5.85859804 1.23557995]", "final_simplex": "(array([[1.82462062, 7.52617251, 5.38770637, 2.70249741, 5.85859804,\n        1.23557995],\n       [1.82416549, 7.45419306, 5.40603542, 2.70304707, 5.84607273,\n        1.2413897 ],\n       [1.90217084, 7.44883137, 5.35466523, 2.78090513, 5.96728008,\n        1.19501005],\n       [1.84492143, 7.55442811, 5.40829018, 2.75397661, 5.86168905,\n        1.2266932 ],\n       [1.89299375, 7.44839983, 5.45502813, 2.77046358, 5.93148208,\n        1.19644488],\n       [1.85770433, 7.49937677, 5.45213475, 2.71792912, 5.88814252,\n        1.22344186],\n       [1.81613645, 7.49324801, 5.41644172, 2.76514686, 5.7058782 ,\n        1.24989955]]), array([0.5759237 , 0.57593786, 0.57630251, 0.57670213, 0.57682425,\n       0.57690711, 0.57698118]))", "callback": [0.9939595049164947, 0.8945293096186809, 0.7702434170331867, 0.619106304496891, 0.5961897021672344, 0.5934653934740728, 0.5915931120304316, 0.5893381272453906, 0.5850649773924133, 0.5768242511695927]}, "4": {"maxiter": 500, "fatol": 1e-05, "xatol": 1e-05, "duration": 0.17690610885620117, "fun": "0.3559181747978576", "nit": "500", "nfev": "783", "status": "2", "success": "False", "message": "Maximum number of iterations has been exceeded.", "x": "[ 1.44311985  7.61654739  5.8763001   1.80082412  4.50914963 -1.00873442]", "final_simplex": "(array([[ 1.44311985,  7.61654739,  5.8763001 ,  1.80082412,  4.50914963,\n        -1.00873442],\n       [ 1.44311665,  7.61654789,  5.87629679,  1.80082109,  4.50914735,\n        -1.00874457],\n       [ 1.44311989,  7.6165492 ,  5.87629961,  1.80082242,  4.50914255,\n        -1.00873734],\n       [ 1.4431245 ,  7.61655056,  5.87630146,  1.80081741,  4.50915019,\n        -1.00873315],\n       [ 1.44311734,  7.61654433,  5.87630143,  1.80082219,  4.50914205,\n        -1.00874489],\n       [ 1.44311539,  7.61654081,  5.87629592,  1.80082046,  4.50913919,\n        -1.00874399],\n       [ 1.44312235,  7.61654496,  5.87629829,  1.80082117,  4.50914528,\n        -1.00874422]]), array([0.35591817, 0.35591817, 0.35591817, 0.35591817, 0.35591817,\n       0.35591817, 0.35591817]))", "callback": [0.9939595049164947, 0.8945293096186809, 0.7702434170331867, 0.619106304496891, 0.5961897021672344, 0.5934653934740728, 0.5915931120304316, 0.5893381272453906, 0.5850649773924133, 0.5768242511695927, 0.5750164030803789, 0.5732299341533316, 0.5718497336284449, 0.5689691400529101, 0.5627384384949601, 0.5571785535505818, 0.5457229967911561, 0.5405503229749002, 0.5377854669364407, 0.534933854775389, 0.5338801638428404, 0.5278842190338584, 0.5093283322017235, 0.47412522363076104, 0.4309781105918218, 0.4053582430453895, 0.38910939904958364, 0.3727770443743246, 0.35977384666959755, 0.35683786426145325, 0.35617906018755585, 0.35603514053966767, 0.3559784846276044, 0.35595543704253296, 0.3559406304726871, 0.35593403433216386, 0.3559250319020958, 0.3559229933900412, 0.3559197236590119, 0.35591905528176637, 0.35591854962246794, 0.35591828767593703, 0.3559182150818484, 0.3559181891972045, 0.35591818091112515, 0.35591817708396545, 0.3559181753386965, 0.35591817497859657, 0.355918174864827, 0.35591817481315513]}, "5": {"maxiter": 500, "fatol": 1e-05, "xatol": 1e-10, "duration": 0.17213225364685059, "fun": "0.3559181747978576", "nit": "500", "nfev": "783", "status": "2", "success": "False", "message": "Maximum number of iterations has been exceeded.", "x": "[ 1.44311985  7.61654739  5.8763001   1.80082412  4.50914963 -1.00873442]", "final_simplex": "(array([[ 1.44311985,  7.61654739,  5.8763001 ,  1.80082412,  4.50914963,\n        -1.00873442],\n       [ 1.44311665,  7.61654789,  5.87629679,  1.80082109,  4.50914735,\n        -1.00874457],\n       [ 1.44311989,  7.6165492 ,  5.87629961,  1.80082242,  4.50914255,\n        -1.00873734],\n       [ 1.4431245 ,  7.61655056,  5.87630146,  1.80081741,  4.50915019,\n        -1.00873315],\n       [ 1.44311734,  7.61654433,  5.87630143,  1.80082219,  4.50914205,\n        -1.00874489],\n       [ 1.44311539,  7.61654081,  5.87629592,  1.80082046,  4.50913919,\n        -1.00874399],\n       [ 1.44312235,  7.61654496,  5.87629829,  1.80082117,  4.50914528,\n        -1.00874422]]), array([0.35591817, 0.35591817, 0.35591817, 0.35591817, 0.35591817,\n       0.35591817, 0.35591817]))", "callback": [0.9939595049164947, 0.8945293096186809, 0.7702434170331867, 0.619106304496891, 0.5961897021672344, 0.5934653934740728, 0.5915931120304316, 0.5893381272453906, 0.5850649773924133, 0.5768242511695927, 0.5750164030803789, 0.5732299341533316, 0.5718497336284449, 0.5689691400529101, 0.5627384384949601, 0.5571785535505818, 0.5457229967911561, 0.5405503229749002, 0.5377854669364407, 0.534933854775389, 0.5338801638428404, 0.5278842190338584, 0.5093283322017235, 0.47412522363076104, 0.4309781105918218, 0.4053582430453895, 0.38910939904958364, 0.3727770443743246, 0.35977384666959755, 0.35683786426145325, 0.35617906018755585, 0.35603514053966767, 0.3559784846276044, 0.35595543704253296, 0.3559406304726871, 0.35593403433216386, 0.3559250319020958, 0.3559229933900412, 0.3559197236590119, 0.35591905528176637, 0.35591854962246794, 0.35591828767593703, 0.3559182150818484, 0.3559181891972045, 0.35591818091112515, 0.35591817708396545, 0.3559181753386965, 0.35591817497859657, 0.355918174864827, 0.35591817481315513]}, "6": {"maxiter": 500, "fatol": 1e-10, "xatol": 1e-05, "duration": 0.22221589088439941, "fun": "0.3559181747978576", "nit": "500", "nfev": "783", "status": "2", "success": "False", "message": "Maximum number of iterations has been exceeded.", "x": "[ 1.44311985  7.61654739  5.8763001   1.80082412  4.50914963 -1.00873442]", "final_simplex": "(array([[ 1.44311985,  7.61654739,  5.8763001 ,  1.80082412,  4.50914963,\n        -1.00873442],\n       [ 1.44311665,  7.61654789,  5.87629679,  1.80082109,  4.50914735,\n        -1.00874457],\n       [ 1.44311989,  7.6165492 ,  5.87629961,  1.80082242,  4.50914255,\n        -1.00873734],\n       [ 1.4431245 ,  7.61655056,  5.87630146,  1.80081741,  4.50915019,\n        -1.00873315],\n       [ 1.44311734,  7.61654433,  5.87630143,  1.80082219,  4.50914205,\n        -1.00874489],\n       [ 1.44311539,  7.61654081,  5.87629592,  1.80082046,  4.50913919,\n        -1.00874399],\n       [ 1.44312235,  7.61654496,  5.87629829,  1.80082117,  4.50914528,\n        -1.00874422]]), array([0.35591817, 0.35591817, 0.35591817, 0.35591817, 0.35591817,\n       0.35591817, 0.35591817]))", "callback": [0.9939595049164947, 0.8945293096186809, 0.7702434170331867, 0.619106304496891, 0.5961897021672344, 0.5934653934740728, 0.5915931120304316, 0.5893381272453906, 0.5850649773924133, 0.5768242511695927, 0.5750164030803789, 0.5732299341533316, 0.5718497336284449, 0.5689691400529101, 0.5627384384949601, 0.5571785535505818, 0.5457229967911561, 0.5405503229749002, 0.5377854669364407, 0.534933854775389, 0.5338801638428404, 0.5278842190338584, 0.5093283322017235, 0.47412522363076104, 0.4309781105918218, 0.4053582430453895, 0.38910939904958364, 0.3727770443743246, 0.35977384666959755, 0.35683786426145325, 0.35617906018755585, 0.35603514053966767, 0.3559784846276044, 0.35595543704253296, 0.3559406304726871, 0.35593403433216386, 0.3559250319020958, 0.3559229933900412, 0.3559197236590119, 0.35591905528176637, 0.35591854962246794, 0.35591828767593703, 0.3559182150818484, 0.3559181891972045, 0.35591818091112515, 0.35591817708396545, 0.3559181753386965, 0.35591817497859657, 0.355918174864827, 0.35591817481315513]}, "7": {"maxiter": 500, "fatol": 1e-10, "xatol": 1e-10, "duration": 0.1761021614074707, "fun": "0.3559181747978576", "nit": "500", "nfev": "783", "status": "2", "success": "False", "message": "Maximum number of iterations has been exceeded.", "x": "[ 1.44311985  7.61654739  5.8763001   1.80082412  4.50914963 -1.00873442]", "final_simplex": "(array([[ 1.44311985,  7.61654739,  5.8763001 ,  1.80082412,  4.50914963,\n        -1.00873442],\n       [ 1.44311665,  7.61654789,  5.87629679,  1.80082109,  4.50914735,\n        -1.00874457],\n       [ 1.44311989,  7.6165492 ,  5.87629961,  1.80082242,  4.50914255,\n        -1.00873734],\n       [ 1.4431245 ,  7.61655056,  5.87630146,  1.80081741,  4.50915019,\n        -1.00873315],\n       [ 1.44311734,  7.61654433,  5.87630143,  1.80082219,  4.50914205,\n        -1.00874489],\n       [ 1.44311539,  7.61654081,  5.87629592,  1.80082046,  4.50913919,\n        -1.00874399],\n       [ 1.44312235,  7.61654496,  5.87629829,  1.80082117,  4.50914528,\n        -1.00874422]]), array([0.35591817, 0.35591817, 0.35591817, 0.35591817, 0.35591817,\n       0.35591817, 0.35591817]))", "callback": [0.9939595049164947, 0.8945293096186809, 0.7702434170331867, 0.619106304496891, 0.5961897021672344, 0.5934653934740728, 0.5915931120304316, 0.5893381272453906, 0.5850649773924133, 0.5768242511695927, 0.5750164030803789, 0.5732299341533316, 0.5718497336284449, 0.5689691400529101, 0.5627384384949601, 0.5571785535505818, 0.5457229967911561, 0.5405503229749002, 0.5377854669364407, 0.534933854775389, 0.5338801638428404, 0.5278842190338584, 0.5093283322017235, 0.47412522363076104, 0.4309781105918218, 0.4053582430453895, 0.38910939904958364, 0.3727770443743246, 0.35977384666959755, 0.35683786426145325, 0.35617906018755585, 0.35603514053966767, 0.3559784846276044, 0.35595543704253296, 0.3559406304726871, 0.35593403433216386, 0.3559250319020958, 0.3559229933900412, 0.3559197236590119, 0.35591905528176637, 0.35591854962246794, 0.35591828767593703, 0.3559182150818484, 0.3559181891972045, 0.35591818091112515, 0.35591817708396545, 0.3559181753386965, 0.35591817497859657, 0.355918174864827, 0.35591817481315513]}, "8": {"maxiter": 1000, "fatol": 1e-05, "xatol": 1e-05, "duration": 0.17687106132507324, "fun": "0.3559181747978576", "nit": "506", "nfev": "791", "status": "0", "success": "True", "message": "Optimization terminated successfully.", "x": "[ 1.44311985  7.61654739  5.8763001   1.80082412  4.50914963 -1.00873442]", "final_simplex": "(array([[ 1.44311985,  7.61654739,  5.8763001 ,  1.80082412,  4.50914963,\n        -1.00873442],\n       [ 1.44311507,  7.61654636,  5.87629687,  1.80082147,  4.50915059,\n        -1.00873764],\n       [ 1.44311552,  7.61654843,  5.87630015,  1.80082139,  4.50914503,\n        -1.00873523],\n       [ 1.44311515,  7.61654695,  5.87629722,  1.80082386,  4.50914432,\n        -1.00873919],\n       [ 1.44311717,  7.61654439,  5.87629792,  1.80082095,  4.50914266,\n        -1.00874113],\n       [ 1.44311778,  7.61654715,  5.87629972,  1.80082293,  4.50914687,\n        -1.0087281 ],\n       [ 1.44312053,  7.61655162,  5.87629725,  1.80082027,  4.50915042,\n        -1.00873039]]), array([0.35591817, 0.35591817, 0.35591817, 0.35591817, 0.35591817,\n       0.35591817, 0.35591817]))", "callback": [0.9939595049164947, 0.8945293096186809, 0.7702434170331867, 0.619106304496891, 0.5961897021672344, 0.5934653934740728, 0.5915931120304316, 0.5893381272453906, 0.5850649773924133, 0.5768242511695927, 0.5750164030803789, 0.5732299341533316, 0.5718497336284449, 0.5689691400529101, 0.5627384384949601, 0.5571785535505818, 0.5457229967911561, 0.5405503229749002, 0.5377854669364407, 0.534933854775389, 0.5338801638428404, 0.5278842190338584, 0.5093283322017235, 0.47412522363076104, 0.4309781105918218, 0.4053582430453895, 0.38910939904958364, 0.3727770443743246, 0.35977384666959755, 0.35683786426145325, 0.35617906018755585, 0.35603514053966767, 0.3559784846276044, 0.35595543704253296, 0.3559406304726871, 0.35593403433216386, 0.3559250319020958, 0.3559229933900412, 0.3559197236590119, 0.35591905528176637, 0.35591854962246794, 0.35591828767593703, 0.3559182150818484, 0.3559181891972045, 0.35591818091112515, 0.35591817708396545, 0.3559181753386965, 0.35591817497859657, 0.355918174864827, 0.35591817481315513, 0.3559181747978576]}, "9": {"maxiter": 1000, "fatol": 1e-05, "xatol": 1e-10, "duration": 0.24414277076721191, "fun": "0.3559181747962218", "nit": "599", "nfev": "1002", "status": "0", "success": "True", "message": "Optimization terminated successfully.", "x": "[ 1.44311668  7.61654477  5.87629917  1.80082248  4.50914773 -1.00873652]", "final_simplex": "(array([[ 1.44311668,  7.61654477,  5.87629917,  1.80082248,  4.50914773,\n        -1.00873652],\n       [ 1.44311668,  7.61654477,  5.87629917,  1.80082248,  4.50914773,\n        -1.00873652],\n       [ 1.44311668,  7.61654477,  5.87629917,  1.80082248,  4.50914773,\n        -1.00873652],\n       [ 1.44311668,  7.61654477,  5.87629917,  1.80082248,  4.50914773,\n        -1.00873652],\n       [ 1.44311668,  7.61654477,  5.87629917,  1.80082248,  4.50914773,\n        -1.00873652],\n       [ 1.44311668,  7.61654477,  5.87629917,  1.80082248,  4.50914773,\n        -1.00873652],\n       [ 1.44311668,  7.61654477,  5.87629917,  1.80082248,  4.50914773,\n        -1.00873652]]), array([0.35591817, 0.35591817, 0.35591817, 0.35591817, 0.35591817,\n       0.35591817, 0.35591817]))", "callback": [0.9939595049164947, 0.8945293096186809, 0.7702434170331867, 0.619106304496891, 0.5961897021672344, 0.5934653934740728, 0.5915931120304316, 0.5893381272453906, 0.5850649773924133, 0.5768242511695927, 0.5750164030803789, 0.5732299341533316, 0.5718497336284449, 0.5689691400529101, 0.5627384384949601, 0.5571785535505818, 0.5457229967911561, 0.5405503229749002, 0.5377854669364407, 0.534933854775389, 0.5338801638428404, 0.5278842190338584, 0.5093283322017235, 0.47412522363076104, 0.4309781105918218, 0.4053582430453895, 0.38910939904958364, 0.3727770443743246, 0.35977384666959755, 0.35683786426145325, 0.35617906018755585, 0.35603514053966767, 0.3559784846276044, 0.35595543704253296, 0.3559406304726871, 0.35593403433216386, 0.3559250319020958, 0.3559229933900412, 0.3559197236590119, 0.35591905528176637, 0.35591854962246794, 0.35591828767593703, 0.3559182150818484, 0.3559181891972045, 0.35591818091112515, 0.35591817708396545, 0.3559181753386965, 0.35591817497859657, 0.355918174864827, 0.35591817481315513, 0.3559181747978576, 0.35591817479729837, 0.355918174796361, 0.3559181747962431, 0.3559181747962271, 0.3559181747962227, 0.3559181747962221, 0.3559181747962219, 0.3559181747962218, 0.3559181747962218]}, "10": {"maxiter": 1000, "fatol": 1e-10, "xatol": 1e-05, "duration": 0.17834901809692383, "fun": "0.3559181747978576", "nit": "506", "nfev": "791", "status": "0", "success": "True", "message": "Optimization terminated successfully.", "x": "[ 1.44311985  7.61654739  5.8763001   1.80082412  4.50914963 -1.00873442]", "final_simplex": "(array([[ 1.44311985,  7.61654739,  5.8763001 ,  1.80082412,  4.50914963,\n        -1.00873442],\n       [ 1.44311507,  7.61654636,  5.87629687,  1.80082147,  4.50915059,\n        -1.00873764],\n       [ 1.44311552,  7.61654843,  5.87630015,  1.80082139,  4.50914503,\n        -1.00873523],\n       [ 1.44311515,  7.61654695,  5.87629722,  1.80082386,  4.50914432,\n        -1.00873919],\n       [ 1.44311717,  7.61654439,  5.87629792,  1.80082095,  4.50914266,\n        -1.00874113],\n       [ 1.44311778,  7.61654715,  5.87629972,  1.80082293,  4.50914687,\n        -1.0087281 ],\n       [ 1.44312053,  7.61655162,  5.87629725,  1.80082027,  4.50915042,\n        -1.00873039]]), array([0.35591817, 0.35591817, 0.35591817, 0.35591817, 0.35591817,\n       0.35591817, 0.35591817]))", "callback": [0.9939595049164947, 0.8945293096186809, 0.7702434170331867, 0.619106304496891, 0.5961897021672344, 0.5934653934740728, 0.5915931120304316, 0.5893381272453906, 0.5850649773924133, 0.5768242511695927, 0.5750164030803789, 0.5732299341533316, 0.5718497336284449, 0.5689691400529101, 0.5627384384949601, 0.5571785535505818, 0.5457229967911561, 0.5405503229749002, 0.5377854669364407, 0.534933854775389, 0.5338801638428404, 0.5278842190338584, 0.5093283322017235, 0.47412522363076104, 0.4309781105918218, 0.4053582430453895, 0.38910939904958364, 0.3727770443743246, 0.35977384666959755, 0.35683786426145325, 0.35617906018755585, 0.35603514053966767, 0.3559784846276044, 0.35595543704253296, 0.3559406304726871, 0.35593403433216386, 0.3559250319020958, 0.3559229933900412, 0.3559197236590119, 0.35591905528176637, 0.35591854962246794, 0.35591828767593703, 0.3559182150818484, 0.3559181891972045, 0.35591818091112515, 0.35591817708396545, 0.3559181753386965, 0.35591817497859657, 0.355918174864827, 0.35591817481315513, 0.3559181747978576]}, "11": {"maxiter": 1000, "fatol": 1e-10, "xatol": 1e-10, "duration": 0.2206430435180664, "fun": "0.3559181747962218", "nit": "599", "nfev": "1002", "status": "0", "success": "True", "message": "Optimization terminated successfully.", "x": "[ 1.44311668  7.61654477  5.87629917  1.80082248  4.50914773 -1.00873652]", "final_simplex": "(array([[ 1.44311668,  7.61654477,  5.87629917,  1.80082248,  4.50914773,\n        -1.00873652],\n       [ 1.44311668,  7.61654477,  5.87629917,  1.80082248,  4.50914773,\n        -1.00873652],\n       [ 1.44311668,  7.61654477,  5.87629917,  1.80082248,  4.50914773,\n        -1.00873652],\n       [ 1.44311668,  7.61654477,  5.87629917,  1.80082248,  4.50914773,\n        -1.00873652],\n       [ 1.44311668,  7.61654477,  5.87629917,  1.80082248,  4.50914773,\n        -1.00873652],\n       [ 1.44311668,  7.61654477,  5.87629917,  1.80082248,  4.50914773,\n        -1.00873652],\n       [ 1.44311668,  7.61654477,  5.87629917,  1.80082248,  4.50914773,\n        -1.00873652]]), array([0.35591817, 0.35591817, 0.35591817, 0.35591817, 0.35591817,\n       0.35591817, 0.35591817]))", "callback": [0.9939595049164947, 0.8945293096186809, 0.7702434170331867, 0.619106304496891, 0.5961897021672344, 0.5934653934740728, 0.5915931120304316, 0.5893381272453906, 0.5850649773924133, 0.5768242511695927, 0.5750164030803789, 0.5732299341533316, 0.5718497336284449, 0.5689691400529101, 0.5627384384949601, 0.5571785535505818, 0.5457229967911561, 0.5405503229749002, 0.5377854669364407, 0.534933854775389, 0.5338801638428404, 0.5278842190338584, 0.5093283322017235, 0.47412522363076104, 0.4309781105918218, 0.4053582430453895, 0.38910939904958364, 0.3727770443743246, 0.35977384666959755, 0.35683786426145325, 0.35617906018755585, 0.35603514053966767, 0.3559784846276044, 0.35595543704253296, 0.3559406304726871, 0.35593403433216386, 0.3559250319020958, 0.3559229933900412, 0.3559197236590119, 0.35591905528176637, 0.35591854962246794, 0.35591828767593703, 0.3559182150818484, 0.3559181891972045, 0.35591818091112515, 0.35591817708396545, 0.3559181753386965, 0.35591817497859657, 0.355918174864827, 0.35591817481315513, 0.3559181747978576, 0.35591817479729837, 0.355918174796361, 0.3559181747962431, 0.3559181747962271, 0.3559181747962227, 0.3559181747962221, 0.3559181747962219, 0.3559181747962218, 0.3559181747962218]}}, "bfgs": {"type": "gradient", "0": {"maxiter": 100, "gtol": 1e-05, "xrtol": 1e-05, "eps": 1e-05, "duration": 0.05984997749328613, "fun": "0.3559181748546403", "jac": "[ 5.54556401e-08 -9.31588140e-08 -6.73650025e-07  8.34154967e-07\n -1.76902937e-07  2.34767761e-07]", "hess_inv": "[[ 6.76175661  2.65631454  0.90504753 -0.4113725   1.77919379  5.49189836]\n [ 2.65631454  5.87217344  0.30511745  0.25238205  1.67527359  2.99353415]\n [ 0.90504753  0.30511745  3.75071199  0.47328558 -0.14631767  1.5313079 ]\n [-0.4113725   0.25238205  0.47328558  3.79570096 -0.3327079  -0.44670574]\n [ 1.77919379  1.67527359 -0.14631767 -0.3327079   4.2561374   1.95473663]\n [ 5.49189836  2.99353415  1.5313079  -0.44670574  1.95473663 10.01267047]]", "nfev": "259", "njev": "37", "status": "0", "success": "True", "message": "Optimization terminated successfully.", "x": "[1.44309491 7.61652775 5.87628817 4.48235965 7.65072783 2.13283082]", "nit": "23", "callback": [0.789186748434105, 0.7874724183354853, 0.6455784945411502, 0.6182274036126474, 0.5959140115823587, 0.44359295426860545, 0.4356717721022376, 0.4221542988002325, 0.40484289626502923, 0.39760032466525097, 0.3863750023976722, 0.3756507482433591, 0.37067941594939957, 0.36456298900653106, 0.35912194850469437, 0.3570797389342427, 0.3563708550261684, 0.3560913880366636, 0.35595497254818276, 0.35591950439989095, 0.35591819714424866, 0.3559181750173831, 0.3559181748546403]}, "1": {"maxiter": 100, "gtol": 1e-05, "xrtol": 1e-05, "eps": 1e-10, "duration": 0.056791067123413086, "fun": "0.3559181749623236", "jac": "[-1.11022293e-06 -5.55111466e-06  6.66133760e-06  1.11022293e-06\n  6.66133760e-06  0.00000000e+00]", "hess_inv": "[[ 6.68612588e+00  2.64436878e+00  1.06508879e+00 -2.92698775e-01\n   1.68328131e+00  5.47268727e+00]\n [ 2.64436878e+00  5.79446917e+00  3.41252086e-01  2.07417248e-01\n   1.70194282e+00  2.98596003e+00]\n [ 1.06508879e+00  3.41252086e-01  4.23712316e+00  5.24192601e-01\n   4.89323689e-03  1.90104160e+00]\n [-2.92698775e-01  2.07417248e-01  5.24192601e-01  3.66045565e+00\n  -1.68628921e-01 -3.06836766e-01]\n [ 1.68328131e+00  1.70194282e+00  4.89323689e-03 -1.68628921e-01\n   4.16327894e+00  1.91945067e+00]\n [ 5.47268727e+00  2.98596003e+00  1.90104160e+00 -3.06836766e-01\n   1.91945067e+00  1.01345393e+01]]", "nfev": "252", "njev": "36", "status": "0", "success": "True", "message": "Optimization terminated successfully.", "x": "[1.44311464 7.61652574 5.87631804 4.48235873 7.65075679 2.1328638 ]", "nit": "22", "callback": [0.7891879045418674, 0.7874721626613562, 0.6455761351382909, 0.6182386220125466, 0.5959200085830111, 0.44354301631327053, 0.43563206689477774, 0.4221328630628579, 0.40484140357873344, 0.39759511134029246, 0.38636676745031107, 0.3756437661156322, 0.3706721706282672, 0.36455603339804155, 0.3591164558295855, 0.35707870973699474, 0.3563705386002415, 0.3560912810714736, 0.3559547754570601, 0.35591948914694904, 0.3559181956805796, 0.3559181749623236]}, "2": {"maxiter": 100, "gtol": 1e-05, "xrtol": 1e-10, "eps": 1e-05, "duration": 0.058106184005737305, "fun": "0.3559181748546403", "jac": "[ 5.54556401e-08 -9.31588140e-08 -6.73650025e-07  8.34154967e-07\n -1.76902937e-07  2.34767761e-07]", "hess_inv": "[[ 6.76175661  2.65631454  0.90504753 -0.4113725   1.77919379  5.49189836]\n [ 2.65631454  5.87217344  0.30511745  0.25238205  1.67527359  2.99353415]\n [ 0.90504753  0.30511745  3.75071199  0.47328558 -0.14631767  1.5313079 ]\n [-0.4113725   0.25238205  0.47328558  3.79570096 -0.3327079  -0.44670574]\n [ 1.77919379  1.67527359 -0.14631767 -0.3327079   4.2561374   1.95473663]\n [ 5.49189836  2.99353415  1.5313079  -0.44670574  1.95473663 10.01267047]]", "nfev": "259", "njev": "37", "status": "0", "success": "True", "message": "Optimization terminated successfully.", "x": "[1.44309491 7.61652775 5.87628817 4.48235965 7.65072783 2.13283082]", "nit": "23", "callback": [0.789186748434105, 0.7874724183354853, 0.6455784945411502, 0.6182274036126474, 0.5959140115823587, 0.44359295426860545, 0.4356717721022376, 0.4221542988002325, 0.40484289626502923, 0.39760032466525097, 0.3863750023976722, 0.3756507482433591, 0.37067941594939957, 0.36456298900653106, 0.35912194850469437, 0.3570797389342427, 0.3563708550261684, 0.3560913880366636, 0.35595497254818276, 0.35591950439989095, 0.35591819714424866, 0.3559181750173831, 0.3559181748546403]}, "3": {"maxiter": 100, "gtol": 1e-05, "xrtol": 1e-10, "eps": 1e-10, "duration": 0.056372880935668945, "fun": "0.3559181749623236", "jac": "[-1.11022293e-06 -5.55111466e-06  6.66133760e-06  1.11022293e-06\n  6.66133760e-06  0.00000000e+00]", "hess_inv": "[[ 6.68612588e+00  2.64436878e+00  1.06508879e+00 -2.92698775e-01\n   1.68328131e+00  5.47268727e+00]\n [ 2.64436878e+00  5.79446917e+00  3.41252086e-01  2.07417248e-01\n   1.70194282e+00  2.98596003e+00]\n [ 1.06508879e+00  3.41252086e-01  4.23712316e+00  5.24192601e-01\n   4.89323689e-03  1.90104160e+00]\n [-2.92698775e-01  2.07417248e-01  5.24192601e-01  3.66045565e+00\n  -1.68628921e-01 -3.06836766e-01]\n [ 1.68328131e+00  1.70194282e+00  4.89323689e-03 -1.68628921e-01\n   4.16327894e+00  1.91945067e+00]\n [ 5.47268727e+00  2.98596003e+00  1.90104160e+00 -3.06836766e-01\n   1.91945067e+00  1.01345393e+01]]", "nfev": "252", "njev": "36", "status": "0", "success": "True", "message": "Optimization terminated successfully.", "x": "[1.44311464 7.61652574 5.87631804 4.48235873 7.65075679 2.1328638 ]", "nit": "22", "callback": [0.7891879045418674, 0.7874721626613562, 0.6455761351382909, 0.6182386220125466, 0.5959200085830111, 0.44354301631327053, 0.43563206689477774, 0.4221328630628579, 0.40484140357873344, 0.39759511134029246, 0.38636676745031107, 0.3756437661156322, 0.3706721706282672, 0.36455603339804155, 0.3591164558295855, 0.35707870973699474, 0.3563705386002415, 0.3560912810714736, 0.3559547754570601, 0.35591948914694904, 0.3559181956805796, 0.3559181749623236]}, "4": {"maxiter": 100, "gtol": 1e-10, "xrtol": 1e-05, "eps": 1e-05, "duration": 0.05870199203491211, "fun": "0.3559181748546403", "jac": "[ 5.54556401e-08 -9.31588140e-08 -6.73650025e-07  8.34154967e-07\n -1.76902937e-07  2.34767761e-07]", "hess_inv": "[[ 6.76175661  2.65631454  0.90504753 -0.4113725   1.77919379  5.49189836]\n [ 2.65631454  5.87217344  0.30511745  0.25238205  1.67527359  2.99353415]\n [ 0.90504753  0.30511745  3.75071199  0.47328558 -0.14631767  1.5313079 ]\n [-0.4113725   0.25238205  0.47328558  3.79570096 -0.3327079  -0.44670574]\n [ 1.77919379  1.67527359 -0.14631767 -0.3327079   4.2561374   1.95473663]\n [ 5.49189836  2.99353415  1.5313079  -0.44670574  1.95473663 10.01267047]]", "nfev": "259", "njev": "37", "status": "0", "success": "True", "message": "Optimization terminated successfully.", "x": "[1.44309491 7.61652775 5.87628817 4.48235965 7.65072783 2.13283082]", "nit": "23", "callback": [0.789186748434105, 0.7874724183354853, 0.6455784945411502, 0.6182274036126474, 0.5959140115823587, 0.44359295426860545, 0.4356717721022376, 0.4221542988002325, 0.40484289626502923, 0.39760032466525097, 0.3863750023976722, 0.3756507482433591, 0.37067941594939957, 0.36456298900653106, 0.35912194850469437, 0.3570797389342427, 0.3563708550261684, 0.3560913880366636, 0.35595497254818276, 0.35591950439989095, 0.35591819714424866, 0.3559181750173831, 0.3559181748546403]}, "5": {"maxiter": 100, "gtol": 1e-10, "xrtol": 1e-05, "eps": 1e-10, "duration": 0.05749034881591797, "fun": "0.35591817480792454", "jac": "[-1.11022293e-06 -1.11022293e-06 -3.33066880e-06 -2.22044587e-06\n -2.22044587e-06 -2.22044587e-06]", "hess_inv": "[[ 6.67813696  2.5941918   1.11998247 -0.28353481  1.72237775  5.47788751]\n [ 2.5941918   5.84641983  0.48364517  0.3350675   1.63726953  3.00080606]\n [ 1.11998247  0.48364517  3.97151077  0.42258253 -0.09271669  1.87513137]\n [-0.28353481  0.3350675   0.42258253  3.66332701 -0.27270994 -0.31620356]\n [ 1.72237775  1.63726953 -0.09271669 -0.27270994  4.23411702  1.90905728]\n [ 5.47788751  3.00080606  1.87513137 -0.31620356  1.90905728 10.13201893]]", "nfev": "259", "njev": "37", "status": "0", "success": "True", "message": "Optimization terminated successfully.", "x": "[1.44311784 7.61654657 5.87629566 4.48235521 7.65074051 2.13286168]", "nit": "23", "callback": [0.7891879045418674, 0.7874721626613562, 0.6455761351382909, 0.6182386220125466, 0.5959200085830111, 0.44354301631327053, 0.43563206689477774, 0.4221328630628579, 0.40484140357873344, 0.39759511134029246, 0.38636676745031107, 0.3756437661156322, 0.3706721706282672, 0.36455603339804155, 0.3591164558295855, 0.35707870973699474, 0.3563705386002415, 0.3560912810714736, 0.3559547754570601, 0.35591948914694904, 0.3559181956805796, 0.3559181749623236, 0.35591817480792454]}, "6": {"maxiter": 100, "gtol": 1e-10, "xrtol": 1e-10, "eps": 1e-05, "duration": 0.10090017318725586, "fun": "0.3559181748543603", "jac": "[ 2.64122058e-08 -3.83915122e-08 -3.49531515e-07  4.24216218e-07\n -9.03943587e-08  1.16850973e-07]", "hess_inv": "[[ 6.79867307  2.67104068  0.93103612 -0.38235417  1.81497281  5.56033805]\n [ 2.67104068  5.87048886  0.22811463  0.39174184  1.65474254  3.03810375]\n [ 0.93103612  0.22811463  3.70948843  0.629126   -0.19103514  1.60536445]\n [-0.38235417  0.39174184  0.629126    3.55204193 -0.18538248 -0.4396336 ]\n [ 1.81497281  1.65474254 -0.19103514 -0.18538248  4.2467967   2.03983208]\n [ 5.56033805  3.03810375  1.60536445 -0.4396336   2.03983208 10.13184691]]", "nfev": "465", "njev": "65", "status": "2", "success": "False", "message": "Desired error not necessarily achieved due to precision loss.", "x": "[1.44309482 7.61652769 5.8762889  4.48235846 7.65072801 2.13283051]", "nit": "25", "callback": [0.789186748434105, 0.7874724183354853, 0.6455784945411502, 0.6182274036126474, 0.5959140115823587, 0.44359295426860545, 0.4356717721022376, 0.4221542988002325, 0.40484289626502923, 0.39760032466525097, 0.3863750023976722, 0.3756507482433591, 0.37067941594939957, 0.36456298900653106, 0.35912194850469437, 0.3570797389342427, 0.3563708550261684, 0.3560913880366636, 0.35595497254818276, 0.35591950439989095, 0.35591819714424866, 0.3559181750173831, 0.3559181748546403, 0.35591817485440924, 0.3559181748543603]}, "7": {"maxiter": 100, "gtol": 1e-10, "xrtol": 1e-10, "eps": 1e-10, "duration": 0.07271194458007812, "fun": "0.35591817480792454", "jac": "[-1.11022293e-06  0.00000000e+00 -2.22044587e-06 -1.11022293e-06\n  1.11022293e-06  3.33066880e-06]", "hess_inv": "[[ 7.08817408  4.13199482 -0.24010716 -0.462921    0.74594878  5.61582351]\n [ 4.13199482  8.47001685 -0.43255807  0.41624716  1.05676392  4.65225098]\n [-0.24010716 -0.43255807  2.91270398  0.01402457 -0.95567823 -0.09203863]\n [-0.462921    0.41624716  0.01402457  3.56099203 -0.58454635 -0.64853896]\n [ 0.74594878  1.05676392 -0.95567823 -0.58454635  3.53886376  0.46892766]\n [ 5.61582351  4.65225098 -0.09203863 -0.64853896  0.46892766  9.76927889]]", "nfev": "329", "njev": "47", "status": "0", "success": "True", "message": "Optimization terminated successfully.", "x": "[1.44311784 7.61654657 5.87629566 4.48235521 7.65074051 2.13286168]", "nit": "24", "callback": [0.7891879045418674, 0.7874721626613562, 0.6455761351382909, 0.6182386220125466, 0.5959200085830111, 0.44354301631327053, 0.43563206689477774, 0.4221328630628579, 0.40484140357873344, 0.39759511134029246, 0.38636676745031107, 0.3756437661156322, 0.3706721706282672, 0.36455603339804155, 0.3591164558295855, 0.35707870973699474, 0.3563705386002415, 0.3560912810714736, 0.3559547754570601, 0.35591948914694904, 0.3559181956805796, 0.3559181749623236, 0.35591817480792454, 0.35591817480792454]}, "8": {"maxiter": 500, "gtol": 1e-05, "xrtol": 1e-05, "eps": 1e-05, "duration": 0.05737805366516113, "fun": "0.3559181748546403", "jac": "[ 5.54556401e-08 -9.31588140e-08 -6.73650025e-07  8.34154967e-07\n -1.76902937e-07  2.34767761e-07]", "hess_inv": "[[ 6.76175661  2.65631454  0.90504753 -0.4113725   1.77919379  5.49189836]\n [ 2.65631454  5.87217344  0.30511745  0.25238205  1.67527359  2.99353415]\n [ 0.90504753  0.30511745  3.75071199  0.47328558 -0.14631767  1.5313079 ]\n [-0.4113725   0.25238205  0.47328558  3.79570096 -0.3327079  -0.44670574]\n [ 1.77919379  1.67527359 -0.14631767 -0.3327079   4.2561374   1.95473663]\n [ 5.49189836  2.99353415  1.5313079  -0.44670574  1.95473663 10.01267047]]", "nfev": "259", "njev": "37", "status": "0", "success": "True", "message": "Optimization terminated successfully.", "x": "[1.44309491 7.61652775 5.87628817 4.48235965 7.65072783 2.13283082]", "nit": "23", "callback": [0.789186748434105, 0.7874724183354853, 0.6455784945411502, 0.6182274036126474, 0.5959140115823587, 0.44359295426860545, 0.4356717721022376, 0.4221542988002325, 0.40484289626502923, 0.39760032466525097, 0.3863750023976722, 0.3756507482433591, 0.37067941594939957, 0.36456298900653106, 0.35912194850469437, 0.3570797389342427, 0.3563708550261684, 0.3560913880366636, 0.35595497254818276, 0.35591950439989095, 0.35591819714424866, 0.3559181750173831, 0.3559181748546403]}, "9": {"maxiter": 500, "gtol": 1e-05, "xrtol": 1e-05, "eps": 1e-10, "duration": 0.05528593063354492, "fun": "0.3559181749623236", "jac": "[-1.11022293e-06 -5.55111466e-06  6.66133760e-06  1.11022293e-06\n  6.66133760e-06  0.00000000e+00]", "hess_inv": "[[ 6.68612588e+00  2.64436878e+00  1.06508879e+00 -2.92698775e-01\n   1.68328131e+00  5.47268727e+00]\n [ 2.64436878e+00  5.79446917e+00  3.41252086e-01  2.07417248e-01\n   1.70194282e+00  2.98596003e+00]\n [ 1.06508879e+00  3.41252086e-01  4.23712316e+00  5.24192601e-01\n   4.89323689e-03  1.90104160e+00]\n [-2.92698775e-01  2.07417248e-01  5.24192601e-01  3.66045565e+00\n  -1.68628921e-01 -3.06836766e-01]\n [ 1.68328131e+00  1.70194282e+00  4.89323689e-03 -1.68628921e-01\n   4.16327894e+00  1.91945067e+00]\n [ 5.47268727e+00  2.98596003e+00  1.90104160e+00 -3.06836766e-01\n   1.91945067e+00  1.01345393e+01]]", "nfev": "252", "njev": "36", "status": "0", "success": "True", "message": "Optimization terminated successfully.", "x": "[1.44311464 7.61652574 5.87631804 4.48235873 7.65075679 2.1328638 ]", "nit": "22", "callback": [0.7891879045418674, 0.7874721626613562, 0.6455761351382909, 0.6182386220125466, 0.5959200085830111, 0.44354301631327053, 0.43563206689477774, 0.4221328630628579, 0.40484140357873344, 0.39759511134029246, 0.38636676745031107, 0.3756437661156322, 0.3706721706282672, 0.36455603339804155, 0.3591164558295855, 0.35707870973699474, 0.3563705386002415, 0.3560912810714736, 0.3559547754570601, 0.35591948914694904, 0.3559181956805796, 0.3559181749623236]}, "10": {"maxiter": 500, "gtol": 1e-05, "xrtol": 1e-10, "eps": 1e-05, "duration": 0.05745291709899902, "fun": "0.3559181748546403", "jac": "[ 5.54556401e-08 -9.31588140e-08 -6.73650025e-07  8.34154967e-07\n -1.76902937e-07  2.34767761e-07]", "hess_inv": "[[ 6.76175661  2.65631454  0.90504753 -0.4113725   1.77919379  5.49189836]\n [ 2.65631454  5.87217344  0.30511745  0.25238205  1.67527359  2.99353415]\n [ 0.90504753  0.30511745  3.75071199  0.47328558 -0.14631767  1.5313079 ]\n [-0.4113725   0.25238205  0.47328558  3.79570096 -0.3327079  -0.44670574]\n [ 1.77919379  1.67527359 -0.14631767 -0.3327079   4.2561374   1.95473663]\n [ 5.49189836  2.99353415  1.5313079  -0.44670574  1.95473663 10.01267047]]", "nfev": "259", "njev": "37", "status": "0", "success": "True", "message": "Optimization terminated successfully.", "x": "[1.44309491 7.61652775 5.87628817 4.48235965 7.65072783 2.13283082]", "nit": "23", "callback": [0.789186748434105, 0.7874724183354853, 0.6455784945411502, 0.6182274036126474, 0.5959140115823587, 0.44359295426860545, 0.4356717721022376, 0.4221542988002325, 0.40484289626502923, 0.39760032466525097, 0.3863750023976722, 0.3756507482433591, 0.37067941594939957, 0.36456298900653106, 0.35912194850469437, 0.35