{"date": "2024/09/24/, 20:26:11", "conf_id": 42, "data_type": "random\n", "num_data_points": 3, "s_rank": 0, "unitary": "[[0.18663085-0.53122324j,-0.11886349-0.70040876j,0.28555095-0.02789305j,-0.12262021-0.2844587j],[-0.16702216+0.27758472j,0.27526351-0.29738586j,-0.01109314+0.22495461j,-0.77239203+0.28900673j],[0.61935415+0.12301792j,-0.31269928-0.03315917j,-0.61902762-0.19039079j,-0.27120731-0.0968989j],[0.42341754+0.0023929j,-0.05847358+0.47832119j,0.64900495-0.16218422j,-0.37182676-0.05229966j]]", "databatch_0": {"databatch": "[[[0.01348158-0.02561856j,0.0129279-0.04694145j,0.12705761+0.0232959j,0.01540923-0.05458571j],[-0.0163345-0.00094504j,-0.02717624+0.00432679j,-0.01772955-0.07082308j,-0.03168975+0.0048379j],[0.15566094+0.07497191j,0.28272175+0.06714372j,-0.11197767+0.76276748j,0.32884187+0.08032081j],[0.0653691+0.03210676j,0.11895182+0.02921966j,-0.04967622+0.32114994j,0.13834909+0.03492367j]],[[0.30588508-0.33739827j,-0.34057949-0.42079389j,-0.08565972+0.21995606j,0.00452921+0.23031994j],[-0.23345371+0.12979582j,0.10991983+0.29787941j,0.08900858-0.10604143j,0.04086485-0.12878511j],[-0.10342459+0.17738437j,0.18951592+0.15381366j,0.01724842-0.10501974j,-0.02350136-0.10117085j],[-0.0201071+0.13822528j,0.15870153+0.04880875j,-0.01584359-0.07064292j,-0.04057188-0.05784491j]],[[0.42135716+0.14973686j,0.43870467-0.53354566j,-0.08509612-0.1372985j,0.1250103-0.36235521j],[-0.00751103+0.1233314j,0.17523169+0.07564817j,0.0299414-0.03310042j,0.10577383+0.0054612j],[0.03330545-0.01428203j,-0.00326683-0.0558823j,-0.01261818-0.00348407j,-0.01250576-0.02843486j],[0.10128378+0.09174187j,0.18644488-0.09898872j,-0.0078786-0.04873127j,0.07783487-0.08754278j]]]", "initial param values": "[5.8695904,0.03297277,5.99569525,3.27113569,4.71534235,4.27731071]", "nelder_mead": {"type": "gradient-free", "0": {"maxiter": 100, "fatol": 1e-05, "xatol": 1e-05, "duration": 0.03757977485656738, "fun": "0.26933637297691415", "nit": "100", "nfev": "156", "status": "2", "success": "False", "message": "Maximum number of iterations has been exceeded.", "x": "[7.63087235 0.03827384 3.35714174 3.71961784 3.94859516 5.61033258]", "final_simplex": "(array([[7.63087235, 0.03827384, 3.35714174, 3.71961784, 3.94859516,\n        5.61033258],\n       [7.64538199, 0.03819533, 3.34530175, 3.72249677, 4.01526607,\n        5.72211035],\n       [7.61740858, 0.03847503, 3.37584051, 3.71133162, 3.96753891,\n        5.68297441],\n       [7.65662031, 0.03877209, 3.36403965, 3.66584271, 3.99230326,\n        5.69093992],\n       [7.59614592, 0.03827631, 3.32802438, 3.70652399, 3.9138046 ,\n        5.62243672],\n       [7.56095091, 0.03799242, 3.39432062, 3.72513906, 4.02228574,\n        5.65379504],\n       [7.60902547, 0.03831155, 3.39555894, 3.69476923, 3.90874052,\n        5.60928193]]), array([0.26933637, 0.26949961, 0.26949999, 0.26962437, 0.26965933,\n       0.26966038, 0.2698419 ]))", "callback": [0.7957576374962376, 0.3777318904619218, 0.34616627468273997, 0.30899396648232125, 0.2984711398385985, 0.28187463859163275, 0.2785732141318613, 0.27477293509369305, 0.2723847627206576, 0.26994058764541273]}, "1": {"maxiter": 100, "fatol": 1e-05, "xatol": 1e-10, "duration": 0.0361180305480957, "fun": "0.26933637297691415", "nit": "100", "nfev": "156", "status": "2", "success": "False", "message": "Maximum number of iterations has been exceeded.", "x": "[7.63087235 0.03827384 3.35714174 3.71961784 3.94859516 5.61033258]", "final_simplex": "(array([[7.63087235, 0.03827384, 3.35714174, 3.71961784, 3.94859516,\n        5.61033258],\n       [7.64538199, 0.03819533, 3.34530175, 3.72249677, 4.01526607,\n        5.72211035],\n       [7.61740858, 0.03847503, 3.37584051, 3.71133162, 3.96753891,\n        5.68297441],\n       [7.65662031, 0.03877209, 3.36403965, 3.66584271, 3.99230326,\n        5.69093992],\n       [7.59614592, 0.03827631, 3.32802438, 3.70652399, 3.9138046 ,\n        5.62243672],\n       [7.56095091, 0.03799242, 3.39432062, 3.72513906, 4.02228574,\n        5.65379504],\n       [7.60902547, 0.03831155, 3.39555894, 3.69476923, 3.90874052,\n        5.60928193]]), array([0.26933637, 0.26949961, 0.26949999, 0.26962437, 0.26965933,\n       0.26966038, 0.2698419 ]))", "callback": [0.7957576374962376, 0.3777318904619218, 0.34616627468273997, 0.30899396648232125, 0.2984711398385985, 0.28187463859163275, 0.2785732141318613, 0.27477293509369305, 0.2723847627206576, 0.26994058764541273]}, "2": {"maxiter": 100, "fatol": 1e-10, "xatol": 1e-05, "duration": 0.03535199165344238, "fun": "0.26933637297691415", "nit": "100", "nfev": "156", "status": "2", "success": "False", "message": "Maximum number of iterations has been exceeded.", "x": "[7.63087235 0.03827384 3.35714174 3.71961784 3.94859516 5.61033258]", "final_simplex": "(array([[7.63087235, 0.03827384, 3.35714174, 3.71961784, 3.94859516,\n        5.61033258],\n       [7.64538199, 0.03819533, 3.34530175, 3.72249677, 4.01526607,\n        5.72211035],\n       [7.61740858, 0.03847503, 3.37584051, 3.71133162, 3.96753891,\n        5.68297441],\n       [7.65662031, 0.03877209, 3.36403965, 3.66584271, 3.99230326,\n        5.69093992],\n       [7.59614592, 0.03827631, 3.32802438, 3.70652399, 3.9138046 ,\n        5.62243672],\n       [7.56095091, 0.03799242, 3.39432062, 3.72513906, 4.02228574,\n        5.65379504],\n       [7.60902547, 0.03831155, 3.39555894, 3.69476923, 3.90874052,\n        5.60928193]]), array([0.26933637, 0.26949961, 0.26949999, 0.26962437, 0.26965933,\n       0.26966038, 0.2698419 ]))", "callback": [0.7957576374962376, 0.3777318904619218, 0.34616627468273997, 0.30899396648232125, 0.2984711398385985, 0.28187463859163275, 0.2785732141318613, 0.27477293509369305, 0.2723847627206576, 0.26994058764541273]}, "3": {"maxiter": 100, "fatol": 1e-10, "xatol": 1e-10, "duration": 0.03651785850524902, "fun": "0.26933637297691415", "nit": "100", "nfev": "156", "status": "2", "success": "False", "message": "Maximum number of iterations has been exceeded.", "x": "[7.63087235 0.03827384 3.35714174 3.71961784 3.94859516 5.61033258]", "final_simplex": "(array([[7.63087235, 0.03827384, 3.35714174, 3.71961784, 3.94859516,\n        5.61033258],\n       [7.64538199, 0.03819533, 3.34530175, 3.72249677, 4.01526607,\n        5.72211035],\n       [7.61740858, 0.03847503, 3.37584051, 3.71133162, 3.96753891,\n        5.68297441],\n       [7.65662031, 0.03877209, 3.36403965, 3.66584271, 3.99230326,\n        5.69093992],\n       [7.59614592, 0.03827631, 3.32802438, 3.70652399, 3.9138046 ,\n        5.62243672],\n       [7.56095091, 0.03799242, 3.39432062, 3.72513906, 4.02228574,\n        5.65379504],\n       [7.60902547, 0.03831155, 3.39555894, 3.69476923, 3.90874052,\n        5.60928193]]), array([0.26933637, 0.26949961, 0.26949999, 0.26962437, 0.26965933,\n       0.26966038, 0.2698419 ]))", "callback": [0.7957576374962376, 0.3777318904619218, 0.34616627468273997, 0.30899396648232125, 0.2984711398385985, 0.28187463859163275, 0.2785732141318613, 0.27477293509369305, 0.2723847627206576, 0.26994058764541273]}, "4": {"maxiter": 500, "fatol": 1e-05, "xatol": 1e-05, "duration": 0.15407800674438477, "fun": "0.22693905158021221", "nit": "428", "nfev": "675", "status": "0", "success": "True", "message": "Optimization terminated successfully.", "x": "[7.69158028 0.6543406  3.11556827 3.61881437 3.54970277 5.37259432]", "final_simplex": "(array([[7.69158028, 0.6543406 , 3.11556827, 3.61881437, 3.54970277,\n        5.37259432],\n       [7.69158272, 0.65434202, 3.11557417, 3.61881454, 3.54970092,\n        5.37259721],\n       [7.69158129, 0.65434521, 3.11556751, 3.61881361, 3.54969421,\n        5.37259237],\n       [7.69158163, 0.65434385, 3.1155721 , 3.61880971, 3.54970229,\n        5.37259466],\n       [7.69158472, 0.65434201, 3.11557138, 3.61880919, 3.5497037 ,\n        5.37260134],\n       [7.69158602, 0.65434257, 3.11557317, 3.61881328, 3.54969528,\n        5.37259405],\n       [7.69158529, 0.65434993, 3.11556631, 3.61881465, 3.54969471,\n        5.37259102]]), array([0.22693905, 0.22693905, 0.22693905, 0.22693905, 0.22693905,\n       0.22693905, 0.22693905]))", "callback": [0.7957576374962376, 0.3777318904619218, 0.34616627468273997, 0.30899396648232125, 0.2984711398385985, 0.28187463859163275, 0.2785732141318613, 0.27477293509369305, 0.2723847627206576, 0.26994058764541273, 0.2692580209150718, 0.2692032675011843, 0.2691699848510757, 0.26915741558704764, 0.2691436701789477, 0.26908817211350844, 0.26883824946218793, 0.2682946716647172, 0.26789502204284343, 0.2649451131482796, 0.2609299174363017, 0.25568946520180447, 0.24932139813520005, 0.24589593093150086, 0.2439699393601683, 0.24297336039153838, 0.23886558361418186, 0.23537851921008324, 0.22871343942024758, 0.22779363110105721, 0.22724815214391025, 0.2270281567142517, 0.22696067942043763, 0.22694108016649428, 0.2269409601645881, 0.22693935569390555, 0.22693911877680917, 0.2269390644454572, 0.22693905626188204, 0.22693905202762288, 0.2269390516629115, 0.22693905161509065, 0.22693905158798966]}, "5": {"maxiter": 500, "fatol": 1e-05, "xatol": 1e-10, "duration": 0.17927789688110352, "fun": "0.22693905157903183", "nit": "500", "nfev": "791", "status": "2", "success": "False", "message": "Maximum number of iterations has been exceeded.", "x": "[7.69158195 0.65434207 3.1155695  3.61881421 3.54970005 5.37259424]", "final_simplex": "(array([[7.69158195, 0.65434207, 3.1155695 , 3.61881421, 3.54970005,\n        5.37259424],\n       [7.69158188, 0.65434214, 3.11556955, 3.61881422, 3.54969995,\n        5.37259407],\n       [7.69158201, 0.65434216, 3.11556957, 3.61881421, 3.54969999,\n        5.37259416],\n       [7.69158203, 0.65434217, 3.11556954, 3.6188141 , 3.54970002,\n        5.37259431],\n       [7.69158201, 0.65434213, 3.11556957, 3.61881419, 3.54969996,\n        5.3725942 ],\n       [7.69158192, 0.65434217, 3.11556941, 3.61881425, 3.54969991,\n        5.37259407],\n       [7.69158198, 0.65434206, 3.11556953, 3.6188142 , 3.54970001,\n        5.37259414]]), array([0.22693905, 0.22693905, 0.22693905, 0.22693905, 0.22693905,\n       0.22693905, 0.22693905]))", "callback": [0.7957576374962376, 0.3777318904619218, 0.34616627468273997, 0.30899396648232125, 0.2984711398385985, 0.28187463859163275, 0.2785732141318613, 0.27477293509369305, 0.2723847627206576, 0.26994058764541273, 0.2692580209150718, 0.2692032675011843, 0.2691699848510757, 0.26915741558704764, 0.2691436701789477, 0.26908817211350844, 0.26883824946218793, 0.2682946716647172, 0.26789502204284343, 0.2649451131482796, 0.2609299174363017, 0.25568946520180447, 0.24932139813520005, 0.24589593093150086, 0.2439699393601683, 0.24297336039153838, 0.23886558361418186, 0.23537851921008324, 0.22871343942024758, 0.22779363110105721, 0.22724815214391025, 0.2270281567142517, 0.22696067942043763, 0.22694108016649428, 0.2269409601645881, 0.22693935569390555, 0.22693911877680917, 0.2269390644454572, 0.22693905626188204, 0.22693905202762288, 0.2269390516629115, 0.22693905161509065, 0.22693905158798966, 0.22693905158021221, 0.22693905157940153, 0.22693905157913596, 0.22693905157907002, 0.22693905157904626, 0.22693905157903982, 0.22693905157903593]}, "6": {"maxiter": 500, "fatol": 1e-10, "xatol": 1e-05, "duration": 0.16433215141296387, "fun": "0.22693905158021221", "nit": "428", "nfev": "675", "status": "0", "success": "True", "message": "Optimization terminated successfully.", "x": "[7.69158028 0.6543406  3.11556827 3.61881437 3.54970277 5.37259432]", "final_simplex": "(array([[7.69158028, 0.6543406 , 3.11556827, 3.61881437, 3.54970277,\n        5.37259432],\n       [7.69158272, 0.65434202, 3.11557417, 3.61881454, 3.54970092,\n        5.37259721],\n       [7.69158129, 0.65434521, 3.11556751, 3.61881361, 3.54969421,\n        5.37259237],\n       [7.69158163, 0.65434385, 3.1155721 , 3.61880971, 3.54970229,\n        5.37259466],\n       [7.69158472, 0.65434201, 3.11557138, 3.61880919, 3.5497037 ,\n        5.37260134],\n       [7.69158602, 0.65434257, 3.11557317, 3.61881328, 3.54969528,\n        5.37259405],\n       [7.69158529, 0.65434993, 3.11556631, 3.61881465, 3.54969471,\n        5.37259102]]), array([0.22693905, 0.22693905, 0.22693905, 0.22693905, 0.22693905,\n       0.22693905, 0.22693905]))", "callback": [0.7957576374962376, 0.3777318904619218, 0.34616627468273997, 0.30899396648232125, 0.2984711398385985, 0.28187463859163275, 0.2785732141318613, 0.27477293509369305, 0.2723847627206576, 0.26994058764541273, 0.2692580209150718, 0.2692032675011843, 0.2691699848510757, 0.26915741558704764, 0.2691436701789477, 0.26908817211350844, 0.26883824946218793, 0.2682946716647172, 0.26789502204284343, 0.2649451131482796, 0.2609299174363017, 0.25568946520180447, 0.24932139813520005, 0.24589593093150086, 0.2439699393601683, 0.24297336039153838, 0.23886558361418186, 0.23537851921008324, 0.22871343942024758, 0.22779363110105721, 0.22724815214391025, 0.2270281567142517, 0.22696067942043763, 0.22694108016649428, 0.2269409601645881, 0.22693935569390555, 0.22693911877680917, 0.2269390644454572, 0.22693905626188204, 0.22693905202762288, 0.2269390516629115, 0.22693905161509065, 0.22693905158798966]}, "7": {"maxiter": 500, "fatol": 1e-10, "xatol": 1e-10, "duration": 0.20359396934509277, "fun": "0.22693905157903183", "nit": "500", "nfev": "791", "status": "2", "success": "False", "message": "Maximum number of iterations has been exceeded.", "x": "[7.69158195 0.65434207 3.1155695  3.61881421 3.54970005 5.37259424]", "final_simplex": "(array([[7.69158195, 0.65434207, 3.1155695 , 3.61881421, 3.54970005,\n        5.37259424],\n       [7.69158188, 0.65434214, 3.11556955, 3.61881422, 3.54969995,\n        5.37259407],\n       [7.69158201, 0.65434216, 3.11556957, 3.61881421, 3.54969999,\n        5.37259416],\n       [7.69158203, 0.65434217, 3.11556954, 3.6188141 , 3.54970002,\n        5.37259431],\n       [7.69158201, 0.65434213, 3.11556957, 3.61881419, 3.54969996,\n        5.3725942 ],\n       [7.69158192, 0.65434217, 3.11556941, 3.61881425, 3.54969991,\n        5.37259407],\n       [7.69158198, 0.65434206, 3.11556953, 3.6188142 , 3.54970001,\n        5.37259414]]), array([0.22693905, 0.22693905, 0.22693905, 0.22693905, 0.22693905,\n       0.22693905, 0.22693905]))", "callback": [0.7957576374962376, 0.3777318904619218, 0.34616627468273997, 0.30899396648232125, 0.2984711398385985, 0.28187463859163275, 0.2785732141318613, 0.27477293509369305, 0.2723847627206576, 0.26994058764541273, 0.2692580209150718, 0.2692032675011843, 0.2691699848510757, 0.26915741558704764, 0.2691436701789477, 0.26908817211350844, 0.26883824946218793, 0.2682946716647172, 0.26789502204284343, 0.2649451131482796, 0.2609299174363017, 0.25568946520180447, 0.24932139813520005, 0.24589593093150086, 0.2439699393601683, 0.24297336039153838, 0.23886558361418186, 0.23537851921008324, 0.22871343942024758, 0.22779363110105721, 0.22724815214391025, 0.2270281567142517, 0.22696067942043763, 0.22694108016649428, 0.2269409601645881, 0.22693935569390555, 0.22693911877680917, 0.2269390644454572, 0.22693905626188204, 0.22693905202762288, 0.2269390516629115, 0.22693905161509065, 0.22693905158798966, 0.22693905158021221, 0.22693905157940153, 0.22693905157913596, 0.22693905157907002, 0.22693905157904626, 0.22693905157903982, 0.22693905157903593]}, "8": {"maxiter": 1000, "fatol": 1e-05, "xatol": 1e-05, "duration": 0.15853500366210938, "fun": "0.22693905158021221", "nit": "428", "nfev": "675", "status": "0", "success": "True", "message": "Optimization terminated successfully.", "x": "[7.69158028 0.6543406  3.11556827 3.61881437 3.54970277 5.37259432]", "final_simplex": "(array([[7.69158028, 0.6543406 , 3.11556827, 3.61881437, 3.54970277,\n        5.37259432],\n       [7.69158272, 0.65434202, 3.11557417, 3.61881454, 3.54970092,\n        5.37259721],\n       [7.69158129, 0.65434521, 3.11556751, 3.61881361, 3.54969421,\n        5.37259237],\n       [7.69158163, 0.65434385, 3.1155721 , 3.61880971, 3.54970229,\n        5.37259466],\n       [7.69158472, 0.65434201, 3.11557138, 3.61880919, 3.5497037 ,\n        5.37260134],\n       [7.69158602, 0.65434257, 3.11557317, 3.61881328, 3.54969528,\n        5.37259405],\n       [7.69158529, 0.65434993, 3.11556631, 3.61881465, 3.54969471,\n        5.37259102]]), array([0.22693905, 0.22693905, 0.22693905, 0.22693905, 0.22693905,\n       0.22693905, 0.22693905]))", "callback": [0.7957576374962376, 0.3777318904619218, 0.34616627468273997, 0.30899396648232125, 0.2984711398385985, 0.28187463859163275, 0.2785732141318613, 0.27477293509369305, 0.2723847627206576, 0.26994058764541273, 0.2692580209150718, 0.2692032675011843, 0.2691699848510757, 0.26915741558704764, 0.2691436701789477, 0.26908817211350844, 0.26883824946218793, 0.2682946716647172, 0.26789502204284343, 0.2649451131482796, 0.2609299174363017, 0.25568946520180447, 0.24932139813520005, 0.24589593093150086, 0.2439699393601683, 0.24297336039153838, 0.23886558361418186, 0.23537851921008324, 0.22871343942024758, 0.22779363110105721, 0.22724815214391025, 0.2270281567142517, 0.22696067942043763, 0.22694108016649428, 0.2269409601645881, 0.22693935569390555, 0.22693911877680917, 0.2269390644454572, 0.22693905626188204, 0.22693905202762288, 0.2269390516629115, 0.22693905161509065, 0.22693905158798966]}, "9": {"maxiter": 1000, "fatol": 1e-05, "xatol": 1e-10, "duration": 0.24838900566101074, "fun": "0.2269390515790226", "nit": "560", "nfev": "942", "status": "0", "success": "True", "message": "Optimization terminated successfully.", "x": "[7.69158184 0.65434208 3.11556956 3.61881421 3.54970054 5.37259463]", "final_simplex": "(array([[7.69158184, 0.65434208, 3.11556956, 3.61881421, 3.54970054,\n        5.37259463],\n       [7.69158184, 0.65434208, 3.11556956, 3.61881421, 3.54970054,\n        5.37259463],\n       [7.69158184, 0.65434208, 3.11556956, 3.61881421, 3.54970054,\n        5.37259463],\n       [7.69158184, 0.65434208, 3.11556956, 3.61881421, 3.54970054,\n        5.37259463],\n       [7.69158184, 0.65434208, 3.11556956, 3.61881421, 3.54970054,\n        5.37259463],\n       [7.69158184, 0.65434208, 3.11556956, 3.61881421, 3.54970054,\n        5.37259463],\n       [7.69158184, 0.65434208, 3.11556956, 3.61881421, 3.54970054,\n        5.37259463]]), array([0.22693905, 0.22693905, 0.22693905, 0.22693905, 0.22693905,\n       0.22693905, 0.22693905]))", "callback": [0.7957576374962376, 0.3777318904619218, 0.34616627468273997, 0.30899396648232125, 0.2984711398385985, 0.28187463859163275, 0.2785732141318613, 0.27477293509369305, 0.2723847627206576, 0.26994058764541273, 0.2692580209150718, 0.2692032675011843, 0.2691699848510757, 0.26915741558704764, 0.2691436701789477, 0.26908817211350844, 0.26883824946218793, 0.2682946716647172, 0.26789502204284343, 0.2649451131482796, 0.2609299174363017, 0.25568946520180447, 0.24932139813520005, 0.24589593093150086, 0.2439699393601683, 0.24297336039153838, 0.23886558361418186, 0.23537851921008324, 0.22871343942024758, 0.22779363110105721, 0.22724815214391025, 0.2270281567142517, 0.22696067942043763, 0.22694108016649428, 0.2269409601645881, 0.22693935569390555, 0.22693911877680917, 0.2269390644454572, 0.22693905626188204, 0.22693905202762288, 0.2269390516629115, 0.22693905161509065, 0.22693905158798966, 0.22693905158021221, 0.22693905157940153, 0.22693905157913596, 0.22693905157907002, 0.22693905157904626, 0.22693905157903982, 0.22693905157903593, 0.22693905157903183, 0.22693905157902572, 0.22693905157902294, 0.22693905157902294, 0.2269390515790226, 0.2269390515790226]}, "10": {"maxiter": 1000, "fatol": 1e-10, "xatol": 1e-05, "duration": 0.16076016426086426, "fun": "0.22693905158021221", "nit": "428", "nfev": "675", "status": "0", "success": "True", "message": "Optimization terminated successfully.", "x": "[7.69158028 0.6543406  3.11556827 3.61881437 3.54970277 5.37259432]", "final_simplex": "(array([[7.69158028, 0.6543406 , 3.11556827, 3.61881437, 3.54970277,\n        5.37259432],\n       [7.69158272, 0.65434202, 3.11557417, 3.61881454, 3.54970092,\n        5.37259721],\n       [7.69158129, 0.65434521, 3.11556751, 3.61881361, 3.54969421,\n        5.37259237],\n       [7.69158163, 0.65434385, 3.1155721 , 3.61880971, 3.54970229,\n        5.37259466],\n       [7.69158472, 0.65434201, 3.11557138, 3.61880919, 3.5497037 ,\n        5.37260134],\n       [7.69158602, 0.65434257, 3.11557317, 3.61881328, 3.54969528,\n        5.37259405],\n       [7.69158529, 0.65434993, 3.11556631, 3.61881465, 3.54969471,\n        5.37259102]]), array([0.22693905, 0.22693905, 0.22693905, 0.22693905, 0.22693905,\n       0.22693905, 0.22693905]))", "callback": [0.7957576374962376, 0.3777318904619218, 0.34616627468273997, 0.30899396648232125, 0.2984711398385985, 0.28187463859163275, 0.2785732141318613, 0.27477293509369305, 0.2723847627206576, 0.26994058764541273, 0.2692580209150718, 0.2692032675011843, 0.2691699848510757, 0.26915741558704764, 0.2691436701789477, 0.26908817211350844, 0.26883824946218793, 0.2682946716647172, 0.26789502204284343, 0.2649451131482796, 0.2609299174363017, 0.25568946520180447, 0.24932139813520005, 0.24589593093150086, 0.2439699393601683, 0.24297336039153838, 0.23886558361418186, 0.23537851921008324, 0.22871343942024758, 0.22779363110105721, 0.22724815214391025, 0.2270281567142517, 0.22696067942043763, 0.22694108016649428, 0.2269409601645881, 0.22693935569390555, 0.22693911877680917, 0.2269390644454572, 0.22693905626188204, 0.22693905202762288, 0.2269390516629115, 0.22693905161509065, 0.22693905158798966]}, "11": {"maxiter": 1000, "fatol": 1e-10, "xatol": 1e-10, "duration": 0.21551084518432617, "fun": "0.2269390515790226", "nit": "560", "nfev": "942", "status": "0", "success": "True", "message": "Optimization terminated successfully.", "x": "[7.69158184 0.65434208 3.11556956 3.61881421 3.54970054 5.37259463]", "final_simplex": "(array([[7.69158184, 0.65434208, 3.11556956, 3.61881421, 3.54970054,\n        5.37259463],\n       [7.69158184, 0.65434208, 3.11556956, 3.61881421, 3.54970054,\n        5.37259463],\n       [7.69158184, 0.65434208, 3.11556956, 3.61881421, 3.54970054,\n        5.37259463],\n       [7.69158184, 0.65434208, 3.11556956, 3.61881421, 3.54970054,\n        5.37259463],\n       [7.69158184, 0.65434208, 3.11556956, 3.61881421, 3.54970054,\n        5.37259463],\n       [7.69158184, 0.65434208, 3.11556956, 3.61881421, 3.54970054,\n        5.37259463],\n       [7.69158184, 0.65434208, 3.11556956, 3.61881421, 3.54970054,\n        5.37259463]]), array([0.22693905, 0.22693905, 0.22693905, 0.22693905, 0.22693905,\n       0.22693905, 0.22693905]))", "callback": [0.7957576374962376, 0.3777318904619218, 0.34616627468273997, 0.30899396648232125, 0.2984711398385985, 0.28187463859163275, 0.2785732141318613, 0.27477293509369305, 0.2723847627206576, 0.26994058764541273, 0.2692580209150718, 0.2692032675011843, 0.2691699848510757, 0.26915741558704764, 0.2691436701789477, 0.26908817211350844, 0.26883824946218793, 0.2682946716647172, 0.26789502204284343, 0.2649451131482796, 0.2609299174363017, 0.25568946520180447, 0.24932139813520005, 0.24589593093150086, 0.2439699393601683, 0.24297336039153838, 0.23886558361418186, 0.23537851921008324, 0.22871343942024758, 0.22779363110105721, 0.22724815214391025, 0.2270281567142517, 0.22696067942043763, 0.22694108016649428, 0.2269409601645881, 0.22693935569390555, 0.22693911877680917, 0.2269390644454572, 0.22693905626188204, 0.22693905202762288, 0.2269390516629115, 0.22693905161509065, 0.22693905158798966, 0.22693905158021221, 0.22693905157940153, 0.22693905157913596, 0.22693905157907002, 0.22693905157904626, 0.22693905157903982, 0.22693905157903593, 0.22693905157903183, 0.22693905157902572, 0.22693905157902294, 0.22693905157902294, 0.2269390515790226, 0.2269390515790226]}}, "bfgs": {"type": "gradient", "0": {"maxiter": 100, "gtol": 1e-05, "xrtol": 1e-05, "eps": 1e-05, "duration": 0.047258853912353516, "fun": "0.22693905165658457", "jac": "[-4.97850650e-06  2.20745644e-07 -2.42883491e-07  1.51505475e-06\n  1.70577996e-06  3.51485507e-07]", "hess_inv": "[[ 3.69544771 -0.11681156 -0.9020136   1.62870192  1.78148313 -0.08731888]\n [-0.11681156  4.01167783 -1.64562569 -0.12564491 -2.68336686 -2.36703152]\n [-0.9020136  -1.64562569  6.80748751 -1.33743604  1.03775792  0.33925087]\n [ 1.62870192 -0.12564491 -1.33743604  4.12863409  0.09209416 -0.97052858]\n [ 1.78148313 -2.68336686  1.03775792  0.09209416 19.2416258  15.41139231]\n [-0.08731888 -2.36703152  0.33925087 -0.97052858 15.41139231 18.01745037]]", "nfev": "203", "njev": "29", "status": "0", "success": "True", "message": "Optimization terminated successfully.", "x": "[ 4.87476579 -2.48725169  6.25716079  3.61880653  3.54969283  5.37259581]", "nit": "25", "callback": [0.6637640644510228, 0.4612394672561503, 0.447023270777934, 0.42119994754588364, 0.3842645003819981, 0.3699380164639824, 0.35544271895178314, 0.3294226459714936, 0.29246290348069026, 0.2624731527594625, 0.2364026276576574, 0.2320540460929461, 0.22968571668910132, 0.22831278679129474, 0.2278122908744714, 0.22747878423296974, 0.2273809105619543, 0.22733460782245007, 0.22726006394368292, 0.22714270582897045, 0.22700406797400152, 0.22695054769174894, 0.22693964142975942, 0.2269390647447992, 0.22693905165658457]}, "1": {"maxiter": 100, "gtol": 1e-05, "xrtol": 1e-05, "eps": 1e-10, "duration": 0.0493319034576416, "fun": "0.2269390518767258", "jac": "[-5.55111466e-06 -3.33066880e-06 -3.33066880e-06  0.00000000e+00\n  1.11022293e-06  3.33066880e-06]", "hess_inv": "[[ 3.67474039 -0.1177934  -0.89110615  1.63055797  1.70142501 -0.1620808 ]\n [-0.1177934   4.01077209 -1.64037859 -0.12909548 -2.68984084 -2.36733083]\n [-0.89110615 -1.64037859  6.80666293 -1.34953162  1.0666276   0.37616789]\n [ 1.63055797 -0.12909548 -1.34953162  4.15013544  0.10443798 -0.97827909]\n [ 1.70142501 -2.68984084  1.0666276   0.10443798 18.94099988 15.12379362]\n [-0.1620808  -2.36733083  0.37616789 -0.97827909 15.12379362 17.75866366]]", "nfev": "203", "njev": "29", "status": "0", "success": "True", "message": "Optimization terminated successfully.", "x": "[ 4.87478175 -2.48725765  6.25714641  3.61881437  3.54979024  5.37269156]", "nit": "25", "callback": [0.6637615116033522, 0.4612360132323584, 0.4470205890330248, 0.42119844926583416, 0.3842641483670005, 0.36993730664820956, 0.3554431312360965, 0.32942437743614006, 0.29246596600939456, 0.2624787838918151, 0.23640413519877657, 0.2320531289306289, 0.22968578987575494, 0.22831267432046065, 0.22781219897117422, 0.22747871841222922, 0.22738075142973846, 0.2273344842184155, 0.22725998478152543, 0.22714271921707951, 0.22700407654425925, 0.22695056437473082, 0.22693966055734816, 0.2269390658236894, 0.2269390518767258]}, "2": {"maxiter": 100, "gtol": 1e-05, "xrtol": 1e-10, "eps": 1e-05, "duration": 0.04848003387451172, "fun": "0.22693905165658457", "jac": "[-4.97850650e-06  2.20745644e-07 -2.42883491e-07  1.51505475e-06\n  1.70577996e-06  3.51485507e-07]", "hess_inv": "[[ 3.69544771 -0.11681156 -0.9020136   1.62870192  1.78148313 -0.08731888]\n [-0.11681156  4.01167783 -1.64562569 -0.12564491 -2.68336686 -2.36703152]\n [-0.9020136  -1.64562569  6.80748751 -1.33743604  1.03775792  0.33925087]\n [ 1.62870192 -0.12564491 -1.33743604  4.12863409  0.09209416 -0.97052858]\n [ 1.78148313 -2.68336686  1.03775792  0.09209416 19.2416258  15.41139231]\n [-0.08731888 -2.36703152  0.33925087 -0.97052858 15.41139231 18.01745037]]", "nfev": "203", "njev": "29", "status": "0", "success": "True", "message": "Optimization terminated successfully.", "x": "[ 4.87476579 -2.48725169  6.25716079  3.61880653  3.54969283  5.37259581]", "nit": "25", "callback": [0.6637640644510228, 0.4612394672561503, 0.447023270777934, 0.42119994754588364, 0.3842645003819981, 0.3699380164639824, 0.35544271895178314, 0.3294226459714936, 0.29246290348069026, 0.2624731527594625, 0.2364026276576574, 0.2320540460929461, 0.22968571668910132, 0.22831278679129474, 0.2278122908744714, 0.22747878423296974, 0.2273809105619543, 0.22733460782245007, 0.22726006394368292, 0.22714270582897045, 0.22700406797400152, 0.22695054769174894, 0.22693964142975942, 0.2269390647447992, 0.22693905165658457]}, "3": {"maxiter": 100, "gtol": 1e-05, "xrtol": 1e-10, "eps": 1e-10, "duration": 0.04746508598327637, "fun": "0.2269390518767258", "jac": "[-5.55111466e-06 -3.33066880e-06 -3.33066880e-06  0.00000000e+00\n  1.11022293e-06  3.33066880e-06]", "hess_inv": "[[ 3.67474039 -0.1177934  -0.89110615  1.63055797  1.70142501 -0.1620808 ]\n [-0.1177934   4.01077209 -1.64037859 -0.12909548 -2.68984084 -2.36733083]\n [-0.89110615 -1.64037859  6.80666293 -1.34953162  1.0666276   0.37616789]\n [ 1.63055797 -0.12909548 -1.34953162  4.15013544  0.10443798 -0.97827909]\n [ 1.70142501 -2.68984084  1.0666276   0.10443798 18.94099988 15.12379362]\n [-0.1620808  -2.36733083  0.37616789 -0.97827909 15.12379362 17.75866366]]", "nfev": "203", "njev": "29", "status": "0", "success": "True", "message": "Optimization terminated successfully.", "x": "[ 4.87478175 -2.48725765  6.25714641  3.61881437  3.54979024  5.37269156]", "nit": "25", "callback": [0.6637615116033522, 0.4612360132323584, 0.4470205890330248, 0.42119844926583416, 0.3842641483670005, 0.36993730664820956, 0.3554431312360965, 0.32942437743614006, 0.29246596600939456, 0.2624787838918151, 0.23640413519877657, 0.2320531289306289, 0.22968578987575494, 0.22831267432046065, 0.22781219897117422, 0.22747871841222922, 0.22738075142973846, 0.2273344842184155, 0.22725998478152543, 0.22714271921707951, 0.22700407654425925, 0.22695056437473082, 0.22693966055734816, 0.2269390658236894, 0.2269390518767258]}, "4": {"maxiter": 100, "gtol": 1e-10, "xrtol": 1e-05, "eps": 1e-05, "duration": 0.050173044204711914, "fun": "0.22693905163225148", "jac": "[-2.73592260e-07  4.16333634e-08 -5.48450174e-08  2.09654516e-07\n  9.58122470e-08 -6.29496455e-08]", "hess_inv": "[[ 3.70953766 -0.10552716 -0.91118926  1.6692547   1.48779684 -0.41658627]\n [-0.10552716  4.01670875 -1.64928361 -0.11480401 -2.77183656 -2.46550222]\n [-0.91118926 -1.64928361  6.81006313 -1.34391346  1.0938418   0.40146866]\n [ 1.6692547  -0.11480401 -1.34391346  4.12850096  0.03927526 -1.02587235]\n [ 1.48779684 -2.77183656  1.0938418   0.03927526 19.98889009 16.22291535]\n [-0.41658627 -2.46550222  0.40146866 -1.02587235 16.22291535 18.89770558]]", "nfev": "210", "njev": "30", "status": "0", "success": "True", "message": "Optimization terminated successfully.", "x": "[ 4.87477914 -2.48724774  6.2571583   3.61880858  3.54966125  5.37256162]", "nit": "26", "callback": [0.6637640644510228, 0.4612394672561503, 0.447023270777934, 0.42119994754588364, 0.3842645003819981, 0.3699380164639824, 0.35544271895178314, 0.3294226459714936, 0.29246290348069026, 0.2624731527594625, 0.2364026276576574, 0.2320540460929461, 0.22968571668910132, 0.22831278679129474, 0.2278122908744714, 0.22747878423296974, 0.2273809105619543, 0.22733460782245007, 0.22726006394368292, 0.22714270582897045, 0.22700406797400152, 0.22695054769174894, 0.22693964142975942, 0.2269390647447992, 0.22693905165658457, 0.22693905163225148]}, "5": {"maxiter": 100, "gtol": 1e-10, "xrtol": 1e-05, "eps": 1e-10, "duration": 0.05382394790649414, "fun": "0.226939051587436", "jac": "[ 0.00000000e+00 -1.11022293e-06  0.00000000e+00 -4.44089173e-06\n -2.22044587e-06  0.00000000e+00]", "hess_inv": "[[ 3.45607342 -0.47707511 -0.764535    1.47400671  1.77136043  0.14790632]\n [-0.47707511  3.47212266 -1.56980465 -0.3518313  -2.16762883 -1.46306788]\n [-0.764535   -1.56980465  7.01492787 -1.28532177 -0.16511034 -1.00234893]\n [ 1.47400671 -0.3518313  -1.28532177  4.01019324  0.5107067  -0.37667705]\n [ 1.77136043 -2.16762883 -0.16511034  0.5107067  21.9894954  17.94543025]\n [ 0.14790632 -1.46306788 -1.00234893 -0.37667705 17.94543025 20.0730905 ]]", "nfev": "231", "njev": "33", "status": "0", "success": "True", "message": "Optimization terminated successfully.", "x": "[ 4.87478908 -2.48725579  6.2571699   3.61881234  3.5497083   5.3726043 ]", "nit": "27", "callback": [0.6637615116033522, 0.4612360132323584, 0.4470205890330248, 0.42119844926583416, 0.3842641483670005, 0.36993730664820956, 0.3554431312360965, 0.32942437743614006, 0.29246596600939456, 0.2624787838918151, 0.23640413519877657, 0.2320531289306289, 0.22968578987575494, 0.22831267432046065, 0.22781219897117422, 0.22747871841222922, 0.22738075142973846, 0.2273344842184155, 0.22725998478152543, 0.22714271921707951, 0.22700407654425925, 0.22695056437473082, 0.22693966055734816, 0.2269390658236894, 0.2269390518767258, 0.2269390516384413, 0.226939051587436]}, "6": {"maxiter": 100, "gtol": 1e-10, "xrtol": 1e-10, "eps": 1e-05, "duration": 0.08652234077453613, "fun": "0.22693905163225148", "jac": "[-2.73592260e-07  4.16333634e-08 -5.48450174e-08  2.09654516e-07\n  9.58122470e-08 -6.29496455e-08]", "hess_inv": "[[ 3.76591511 -0.11958074 -0.87010568  1.61164633  1.43478679 -0.45167064]\n [-0.11958074  4.0034283  -1.63137321 -0.13659504 -2.71479174 -2.39710981]\n [-0.87010568 -1.63137321  6.79278252 -1.32525652  0.98169412  0.27585531]\n [ 1.61164633 -0.13659504 -1.32525652  4.10949818  0.1878524  -0.86154509]\n [ 1.43478679 -2.71479174  0.98169412  0.1878524  19.9242699  16.10013654]\n [-0.45167064 -2.39710981  0.27585531 -0.86154509 16.10013654 18.70756359]]", "nfev": "383", "njev": "53", "status": "2", "success": "False", "message": "Desired error not necessarily achieved due to precision loss.", "x": "[ 4.87477914 -2.48724774  6.2571583   3.61880858  3.54966125  5.37256162]", "nit": "26", "callback": [0.6637640644510228, 0.4612394672561503, 0.447023270777934, 0.42119994754588364, 0.3842645003819981, 0.3699380164639824, 0.35544271895178314, 0.3294226459714936, 0.29246290348069026, 0.2624731527594625, 0.2364026276576574, 0.2320540460929461, 0.22968571668910132, 0.22831278679129474, 0.2278122908744714, 0.22747878423296974, 0.2273809105619543, 0.22733460782245007, 0.22726006394368292, 0.22714270582897045, 0.22700406797400152, 0.22695054769174894, 0.22693964142975942, 0.2269390647447992, 0.22693905165658457, 0.22693905163225148]}, "7": {"maxiter": 100, "gtol": 1e-10, "xrtol": 1e-10, "eps": 1e-10, "duration": 0.0715482234954834, "fun": "0.226939051587436", "jac": "[-1.11022293e-06  0.00000000e+00  0.00000000e+00 -2.22044587e-06\n -1.11022293e-06  0.00000000e+00]", "hess_inv": "[[ 3.42151921e+00  7.05153196e-01 -9.56084942e-01  9.21403518e-01\n  -1.30735926e+00 -2.92551278e+00]\n [ 7.05153196e-01  7.67638274e+00 -3.33806509e+00 -2.09910216e-02\n  -7.54948239e+00 -8.42867123e+00]\n [-9.56084942e-01 -3.33806509e+00  7.50402550e+00 -8.86699841e-01\n   3.40226439e+00  2.85577334e+00]\n [ 9.21403518e-01 -2.09910216e-02 -8.86699841e-01  2.90039414e+00\n  -2.66665225e+00 -2.88586208e+00]\n [-1.30735926e+00 -7.54948239e+00  3.40226439e+00 -2.66665225e+00\n   2.22020097e+01  2.21074598e+01]\n [-2.92551278e+00 -8.42867123e+00  2.85577334e+00 -2.88586208e+00\n   2.21074598e+01  2.82278669e+01]]", "nfev": "308", "njev": "44", "status": "0", "success": "True", "message": "Optimization terminated successfully.", "x": "[ 4.87478908 -2.48725579  6.2571699   3.61881234  3.5497083   5.3726043 ]", "nit": "28", "callback": [0.6637615116033522, 0.4612360132323584, 0.4470205890330248, 0.42119844926583416, 0.3842641483670005, 0.36993730664820956, 0.3554431312360965, 0.32942437743614006, 0.29246596600939456, 0.2624787838918151, 0.23640413519877657, 0.2320531289306289, 0.22968578987575494, 0.22831267432046065, 0.22781219897117422, 0.22747871841222922, 0.22738075142973846, 0.2273344842184155, 0.22725998478152543, 0.22714271921707951, 0.22700407654425925, 0.22695056437473082, 0.22693966055734816, 0.2269390658236894, 0.2269390518767258, 0.2269390516384413, 0.226939051587436, 0.226939051587436]}, "8": {"maxiter": 500, "gtol": 1e-05, "xrtol": 1e-05, "eps": 1e-05, "duration": 0.04711174964904785, "fun": "0.22693905165658457", "jac": "[-4.97850650e-06  2.20745644e-07 -2.42883491e-07  1.51505475e-06\n  1.70577996e-06  3.51485507e-07]", "hess_inv": "[[ 3.69544771 -0.11681156 -0.9020136   1.62870192  1.78148313 -0.08731888]\n [-0.11681156  4.01167783 -1.64562569 -0.12564491 -2.68336686 -2.36703152]\n [-0.9020136  -1.64562569  6.80748751 -1.33743604  1.03775792  0.33925087]\n [ 1.62870192 -0.12564491 -1.33743604  4.12863409  0.09209416 -0.97052858]\n [ 1.78148313 -2.68336686  1.03775792  0.09209416 19.2416258  15.41139231]\n [-0.08731888 -2.36703152  0.33925087 -0.97052858 15.41139231 18.01745037]]", "nfev": "203", "njev": "29", "status": "0", "success": "True", "message": "Optimization terminated successfully.", "x": "[ 4.87476579 -2.48725169  6.25716079  3.61880653  3.54969283  5.37259581]", "nit": "25", "callback": [0.6637640644510228, 0.4612394672561503, 0.447023270777934, 0.42119994754588364, 0.3842645003819981, 0.3699380164639824, 0.35544271895178314, 0.3294226459714936, 0.29246290348069026, 0.2624731527594625, 0.2364026276576574, 0.2320540460929461, 0.22968571668910132, 0.22831278679129474, 0.2278122908744714, 0.22747878423296974, 0.2273809105619543, 0.22733460782245007, 0.22726006394368292, 0.22714270582897045, 0.22700406797400152, 0.22695054769174894, 0.22693964142975942, 0.2269390647447992, 0.22693905165658457]}, "9": {"maxiter": 500, "gtol": 1e-05, "xrtol": 1e-05, "eps": 1e-10, "duration": 0.04771900177001953, "fun": "0.2269390518767258", "jac": "[-5.55111466e-06 -3.33066880e-06 -3.33066880e-06  0.00000000e+00\n  1.11022293e-06  3.33066880e-06]", "hess_inv": "[[ 3.67474039 -0.1177934  -0.89110615  1.63055797  1.70142501 -0.1620808 ]\n [-0.1177934   4.01077209 -1.64037859 -0.12909548 -2.68984084 -2.36733083]\n [-0.89110615 -1.64037859  6.80666293 -1.34953162  1.0666276   0.37616789]\n [ 1.63055797 -0.12909548 -1.34953162  4.15013544  0.10443798 -0.97827909]\n [ 1.70142501 -2.68984084  1.0666276   0.10443798 18.94099988 15.12379362]\n [-0.1620808  -2.36733083  0.37616789 -0.97827909 15.12379362 17.75866366]]", "nfev": "203", "njev": "29", "status": "0", "success": "True", "message": "Optimization terminated successfully.", "x": "[ 4.87478175 -2.48725765  6.25714641  3.61881437  3.54979024  5.37269156]", "nit": "25", "callback": [0.6637615116033522, 0.4612360132323584, 0.4470205890330248, 0.42119844926583416, 0.3842641483670005, 0.36993730664820956, 0.3554431312360965, 0.32942437743614006, 0.29246596600939456, 0.2624787838918151, 0.23640413519877657, 0.2320531289306289, 0.22968578987575494, 0.22831267432046065, 0.22781219897117422, 0.22747871841222922, 0.22738075142973846, 0.2273344842184155, 0.22725998478152543, 0.22714271921707951, 0.22700407654425925, 0.22695056437473082, 0.22693966055734816, 0.2269390658236894, 0.2269390518767258]}, "10": {"maxiter": 500, "gtol": 1e-05, "xrtol": 1e-10, "eps": 1e-05, "duration": 0.04616713523864746, "fun": "0.22693905165658457", "jac": "[-4.97850650e-06  2.20745644e-07 -2.42883491e-07  1.51505475e-06\n  1.70577996e-06  3.51485507e-07]", "hess_inv": "[[ 3.69544771 -0.11681156 -0.9020136   1.62870192  1.78148313 -0.08731888]\n [-0.11681156  4.01167783 -1.64562569 -0.12564491 -2.68336686 -2.36703152]\n [-0.9020136  -1.64562569  6.80748751 -1.33743604  1.03775792  0.33925087]\n [ 1.62870192 -0.12564491 -1.33743604  4.12863409  0.09209416 -0.97052858]\n [ 1.78148313 -2.68336686  1.03775792  0.09209416 19.2416258  15.41139231]\n [-0.08731888 -2.36703152  0.33925087 -0.97052858 15.41139231 18.01745037]]", "nfev": "203", "njev": "29", "status": "0", "success": "True", "message": "Optimization terminated successfully.", "x": "[ 4.87476579 -2.48725169  6.25716079  3.61880653  3.54969283  5.37259581]", "nit": "25", "callback": [0.6637640644510228, 0.4612394672561503, 0.447023270777934, 0.42119994754588364, 0.3842645003819981, 0.3699380164639824, 0.35544271895178314, 0.3294226459714936, 0.29246290348069026, 0.2624731527594625, 0.2364026276576574, 0.2320540460929461, 0.22968571668910132, 0.22831278679129474, 0.2278122908744714, 0.22747878423296974, 0.2273809105619543, 0.22733460782245007, 0.22726006394368292, 0.22714270582897045, 0.22700406797400152, 0.22695054769174894, 0.22693964142975942, 0.2269390647447992, 0.22693905165658457]}, "11": {"maxiter": 500, "gtol": 1e-05, "xrtol": 1e-10, "eps": 1e-10, "duration": 