{"date": "2024/09/25/, 02:13:29", "conf_id": 109, "data_type": "orthogonal\n", "num_data_points": 2, "s_rank": 0, "unitary": "[[-0.24866696+0.58742286j,-0.44704345-0.43151574j,-0.35669027-0.20570733j,-0.10517633+0.1626036j],[0.10596805-0.19687975j,-0.30269685-0.15056416j,0.18246286+0.30440582j,-0.83484447-0.11310748j],[0.26054512-0.52548482j,0.0285017-0.50723956j,-0.43110112+0.17165838j,0.15243271+0.39915801j],[0.42978035+0.11991271j,-0.17224126-0.46030424j,0.6827807-0.15164662j,0.26483638+0.0061855j]]", "databatch_0": {"databatch": "[[[-0.15566334+0.05465817j,0.22904381-0.05747845j,0.16264616+0.18166328j,-0.27083247+0.1360213j],[0.08236914+0.05801379j,-0.09954701-0.17994813j,0.13533322-0.21401473j,0.32067365+0.22722385j],[0.11856442+0.38559619j,-0.1558693-0.27634912j,0.11347355-0.15379221j,-0.21373734+0.19799347j],[0.12618298+0.05159492j,-0.12820255-0.08136501j,0.03111397-0.14502165j,0.16212529+0.14122566j]],[[-0.06048177-0.20157065j,0.25902375+0.16266627j,0.08581011+0.28909811j,-0.172452+0.22651439j],[0.17385989-0.22720148j,-0.0441678+0.26788119j,-0.15736327+0.11221584j,0.00385747+0.05410165j],[0.10386835-0.06717331j,-0.02511018+0.09194974j,-0.03947094+0.04730038j,-0.02960609+0.10064022j],[-0.0215805+0.32508221j,-0.07202254-0.07488254j,-0.09397962+0.0447206j,-0.52460561-0.22834914j]]]", "initial param values": "[0.02052549,5.34298667,4.94161213,2.84773798,2.72086315,4.17775847]", "nelder_mead": {"type": "gradient-free", "0": {"maxiter": 100, "fatol": 1e-05, "xatol": 1e-05, "duration": 0.03683781623840332, "fun": "0.4377647312593128", "nit": "100", "nfev": "152", "status": "2", "success": "False", "message": "Maximum number of iterations has been exceeded.", "x": "[0.02645294 6.26529304 4.71762449 2.11641446 2.1409517  4.39507235]", "final_simplex": "(array([[0.02645294, 6.26529304, 4.71762449, 2.11641446, 2.1409517 ,\n        4.39507235],\n       [0.02654865, 6.29472688, 4.65468028, 2.14702827, 2.18298104,\n        4.38974814],\n       [0.02584925, 6.17172254, 4.77714579, 2.13071399, 2.16600063,\n        4.42783459],\n       [0.02598045, 6.19885675, 4.76272453, 2.14483045, 2.15756539,\n        4.38782621],\n       [0.02561816, 6.22399332, 4.75767976, 2.12149249, 2.16398991,\n        4.40108729],\n       [0.02665602, 6.21425878, 4.70773268, 2.14458504, 2.12880635,\n        4.37977348],\n       [0.0260384 , 6.21287339, 4.7448883 , 2.114125  , 2.17607909,\n        4.38888488]]), array([0.43776473, 0.43787075, 0.43791278, 0.4379363 , 0.43798704,\n       0.43799127, 0.43801373]))", "callback": [0.5399809500638284, 0.46110381180456184, 0.4471328741485845, 0.44341594372944215, 0.4418483045671925, 0.44004051097988794, 0.43906289927464326, 0.4386458131798068, 0.4382952195736516, 0.4380137265240742]}, "1": {"maxiter": 100, "fatol": 1e-05, "xatol": 1e-10, "duration": 0.03504204750061035, "fun": "0.4377647312593128", "nit": "100", "nfev": "152", "status": "2", "success": "False", "message": "Maximum number of iterations has been exceeded.", "x": "[0.02645294 6.26529304 4.71762449 2.11641446 2.1409517  4.39507235]", "final_simplex": "(array([[0.02645294, 6.26529304, 4.71762449, 2.11641446, 2.1409517 ,\n        4.39507235],\n       [0.02654865, 6.29472688, 4.65468028, 2.14702827, 2.18298104,\n        4.38974814],\n       [0.02584925, 6.17172254, 4.77714579, 2.13071399, 2.16600063,\n        4.42783459],\n       [0.02598045, 6.19885675, 4.76272453, 2.14483045, 2.15756539,\n        4.38782621],\n       [0.02561816, 6.22399332, 4.75767976, 2.12149249, 2.16398991,\n        4.40108729],\n       [0.02665602, 6.21425878, 4.70773268, 2.14458504, 2.12880635,\n        4.37977348],\n       [0.0260384 , 6.21287339, 4.7448883 , 2.114125  , 2.17607909,\n        4.38888488]]), array([0.43776473, 0.43787075, 0.43791278, 0.4379363 , 0.43798704,\n       0.43799127, 0.43801373]))", "callback": [0.5399809500638284, 0.46110381180456184, 0.4471328741485845, 0.44341594372944215, 0.4418483045671925, 0.44004051097988794, 0.43906289927464326, 0.4386458131798068, 0.4382952195736516, 0.4380137265240742]}, "2": {"maxiter": 100, "fatol": 1e-10, "xatol": 1e-05, "duration": 0.03605198860168457, "fun": "0.4377647312593128", "nit": "100", "nfev": "152", "status": "2", "success": "False", "message": "Maximum number of iterations has been exceeded.", "x": "[0.02645294 6.26529304 4.71762449 2.11641446 2.1409517  4.39507235]", "final_simplex": "(array([[0.02645294, 6.26529304, 4.71762449, 2.11641446, 2.1409517 ,\n        4.39507235],\n       [0.02654865, 6.29472688, 4.65468028, 2.14702827, 2.18298104,\n        4.38974814],\n       [0.02584925, 6.17172254, 4.77714579, 2.13071399, 2.16600063,\n        4.42783459],\n       [0.02598045, 6.19885675, 4.76272453, 2.14483045, 2.15756539,\n        4.38782621],\n       [0.02561816, 6.22399332, 4.75767976, 2.12149249, 2.16398991,\n        4.40108729],\n       [0.02665602, 6.21425878, 4.70773268, 2.14458504, 2.12880635,\n        4.37977348],\n       [0.0260384 , 6.21287339, 4.7448883 , 2.114125  , 2.17607909,\n        4.38888488]]), array([0.43776473, 0.43787075, 0.43791278, 0.4379363 , 0.43798704,\n       0.43799127, 0.43801373]))", "callback": [0.5399809500638284, 0.46110381180456184, 0.4471328741485845, 0.44341594372944215, 0.4418483045671925, 0.44004051097988794, 0.43906289927464326, 0.4386458131798068, 0.4382952195736516, 0.4380137265240742]}, "3": {"maxiter": 100, "fatol": 1e-10, "xatol": 1e-10, "duration": 0.03629589080810547, "fun": "0.4377647312593128", "nit": "100", "nfev": "152", "status": "2", "success": "False", "message": "Maximum number of iterations has been exceeded.", "x": "[0.02645294 6.26529304 4.71762449 2.11641446 2.1409517  4.39507235]", "final_simplex": "(array([[0.02645294, 6.26529304, 4.71762449, 2.11641446, 2.1409517 ,\n        4.39507235],\n       [0.02654865, 6.29472688, 4.65468028, 2.14702827, 2.18298104,\n        4.38974814],\n       [0.02584925, 6.17172254, 4.77714579, 2.13071399, 2.16600063,\n        4.42783459],\n       [0.02598045, 6.19885675, 4.76272453, 2.14483045, 2.15756539,\n        4.38782621],\n       [0.02561816, 6.22399332, 4.75767976, 2.12149249, 2.16398991,\n        4.40108729],\n       [0.02665602, 6.21425878, 4.70773268, 2.14458504, 2.12880635,\n        4.37977348],\n       [0.0260384 , 6.21287339, 4.7448883 , 2.114125  , 2.17607909,\n        4.38888488]]), array([0.43776473, 0.43787075, 0.43791278, 0.4379363 , 0.43798704,\n       0.43799127, 0.43801373]))", "callback": [0.5399809500638284, 0.46110381180456184, 0.4471328741485845, 0.44341594372944215, 0.4418483045671925, 0.44004051097988794, 0.43906289927464326, 0.4386458131798068, 0.4382952195736516, 0.4380137265240742]}, "4": {"maxiter": 500, "fatol": 1e-05, "xatol": 1e-05, "duration": 0.1636507511138916, "fun": "0.1632680860165292", "nit": "457", "nfev": "701", "status": "0", "success": "True", "message": "Optimization terminated successfully.", "x": "[1.43260524 5.93948879 4.69405731 2.05327871 1.89539271 4.3779993 ]", "final_simplex": "(array([[1.43260524, 5.93948879, 4.69405731, 2.05327871, 1.89539271,\n        4.3779993 ],\n       [1.43260457, 5.93948973, 4.69405677, 2.05328274, 1.89540017,\n        4.37800386],\n       [1.4326104 , 5.93948039, 4.69405365, 2.05328201, 1.89539282,\n        4.37799898],\n       [1.43260471, 5.93948318, 4.69406048, 2.05328354, 1.89539393,\n        4.37799428],\n       [1.43260692, 5.93948139, 4.69405899, 2.05328385, 1.89539895,\n        4.37800859],\n       [1.43260524, 5.93948523, 4.69405418, 2.05328623, 1.89538938,\n        4.37799591],\n       [1.43260984, 5.93948992, 4.69405822, 2.05328283, 1.8953953 ,\n        4.37800278]]), array([0.16326809, 0.16326809, 0.16326809, 0.16326809, 0.16326809,\n       0.16326809, 0.16326809]))", "callback": [0.5399809500638284, 0.46110381180456184, 0.4471328741485845, 0.44341594372944215, 0.4418483045671925, 0.44004051097988794, 0.43906289927464326, 0.4386458131798068, 0.4382952195736516, 0.4380137265240742, 0.4377647312593128, 0.4372965554123218, 0.43721720030914213, 0.4368752067082188, 0.43556218604127084, 0.43193886400663706, 0.42036618911447055, 0.40402959139749317, 0.3898459261936431, 0.34945438864277767, 0.2161096695628839, 0.1978137340539532, 0.18569580866884738, 0.17621198398408633, 0.17621198398408633, 0.17317165439929938, 0.1697606119419255, 0.16875927193116036, 0.16840963822667865, 0.1680125740454268, 0.1666507711049212, 0.16493580207495573, 0.16403377788705353, 0.16360459436992714, 0.16336749789150695, 0.16331821907644184, 0.16327946188606557, 0.16327009569237017, 0.16326837694586782, 0.1632681091515129, 0.16326809477569282, 0.1632680883622204, 0.16326808694102668, 0.16326808632940715, 0.1632680860939265, 0.16326808602221932]}, "5": {"maxiter": 500, "fatol": 1e-05, "xatol": 1e-10, "duration": 0.17505311965942383, "fun": "0.16326808601095477", "nit": "500", "nfev": "777", "status": "2", "success": "False", "message": "Maximum number of iterations has been exceeded.", "x": "[1.43260613 5.93948447 4.69405655 2.05328191 1.89539659 4.37800045]", "final_simplex": "(array([[1.43260613, 5.93948447, 4.69405655, 2.05328191, 1.89539659,\n        4.37800045],\n       [1.43260619, 5.93948444, 4.69405666, 2.05328192, 1.89539667,\n        4.37800053],\n       [1.43260597, 5.93948451, 4.69405673, 2.05328186, 1.8953966 ,\n        4.37800056],\n       [1.43260605, 5.93948427, 4.69405671, 2.05328191, 1.89539661,\n        4.37800048],\n       [1.43260609, 5.93948461, 4.69405659, 2.05328186, 1.89539647,\n        4.37800027],\n       [1.43260602, 5.93948457, 4.69405663, 2.05328179, 1.89539666,\n        4.37800042],\n       [1.43260619, 5.93948433, 4.69405667, 2.05328178, 1.89539642,\n        4.37800037]]), array([0.16326809, 0.16326809, 0.16326809, 0.16326809, 0.16326809,\n       0.16326809, 0.16326809]))", "callback": [0.5399809500638284, 0.46110381180456184, 0.4471328741485845, 0.44341594372944215, 0.4418483045671925, 0.44004051097988794, 0.43906289927464326, 0.4386458131798068, 0.4382952195736516, 0.4380137265240742, 0.4377647312593128, 0.4372965554123218, 0.43721720030914213, 0.4368752067082188, 0.43556218604127084, 0.43193886400663706, 0.42036618911447055, 0.40402959139749317, 0.3898459261936431, 0.34945438864277767, 0.2161096695628839, 0.1978137340539532, 0.18569580866884738, 0.17621198398408633, 0.17621198398408633, 0.17317165439929938, 0.1697606119419255, 0.16875927193116036, 0.16840963822667865, 0.1680125740454268, 0.1666507711049212, 0.16493580207495573, 0.16403377788705353, 0.16360459436992714, 0.16336749789150695, 0.16331821907644184, 0.16327946188606557, 0.16327009569237017, 0.16326837694586782, 0.1632681091515129, 0.16326809477569282, 0.1632680883622204, 0.16326808694102668, 0.16326808632940715, 0.1632680860939265, 0.16326808602221932, 0.16326808601307574, 0.16326808601112397, 0.16326808601104936, 0.1632680860109632]}, "6": {"maxiter": 500, "fatol": 1e-10, "xatol": 1e-05, "duration": 0.17326998710632324, "fun": "0.1632680860165292", "nit": "457", "nfev": "701", "status": "0", "success": "True", "message": "Optimization terminated successfully.", "x": "[1.43260524 5.93948879 4.69405731 2.05327871 1.89539271 4.3779993 ]", "final_simplex": "(array([[1.43260524, 5.93948879, 4.69405731, 2.05327871, 1.89539271,\n        4.3779993 ],\n       [1.43260457, 5.93948973, 4.69405677, 2.05328274, 1.89540017,\n        4.37800386],\n       [1.4326104 , 5.93948039, 4.69405365, 2.05328201, 1.89539282,\n        4.37799898],\n       [1.43260471, 5.93948318, 4.69406048, 2.05328354, 1.89539393,\n        4.37799428],\n       [1.43260692, 5.93948139, 4.69405899, 2.05328385, 1.89539895,\n        4.37800859],\n       [1.43260524, 5.93948523, 4.69405418, 2.05328623, 1.89538938,\n        4.37799591],\n       [1.43260984, 5.93948992, 4.69405822, 2.05328283, 1.8953953 ,\n        4.37800278]]), array([0.16326809, 0.16326809, 0.16326809, 0.16326809, 0.16326809,\n       0.16326809, 0.16326809]))", "callback": [0.5399809500638284, 0.46110381180456184, 0.4471328741485845, 0.44341594372944215, 0.4418483045671925, 0.44004051097988794, 0.43906289927464326, 0.4386458131798068, 0.4382952195736516, 0.4380137265240742, 0.4377647312593128, 0.4372965554123218, 0.43721720030914213, 0.4368752067082188, 0.43556218604127084, 0.43193886400663706, 0.42036618911447055, 0.40402959139749317, 0.3898459261936431, 0.34945438864277767, 0.2161096695628839, 0.1978137340539532, 0.18569580866884738, 0.17621198398408633, 0.17621198398408633, 0.17317165439929938, 0.1697606119419255, 0.16875927193116036, 0.16840963822667865, 0.1680125740454268, 0.1666507711049212, 0.16493580207495573, 0.16403377788705353, 0.16360459436992714, 0.16336749789150695, 0.16331821907644184, 0.16327946188606557, 0.16327009569237017, 0.16326837694586782, 0.1632681091515129, 0.16326809477569282, 0.1632680883622204, 0.16326808694102668, 0.16326808632940715, 0.1632680860939265, 0.16326808602221932]}, "7": {"maxiter": 500, "fatol": 1e-10, "xatol": 1e-10, "duration": 0.1831669807434082, "fun": "0.16326808601095477", "nit": "500", "nfev": "777", "status": "2", "success": "False", "message": "Maximum number of iterations has been exceeded.", "x": "[1.43260613 5.93948447 4.69405655 2.05328191 1.89539659 4.37800045]", "final_simplex": "(array([[1.43260613, 5.93948447, 4.69405655, 2.05328191, 1.89539659,\n        4.37800045],\n       [1.43260619, 5.93948444, 4.69405666, 2.05328192, 1.89539667,\n        4.37800053],\n       [1.43260597, 5.93948451, 4.69405673, 2.05328186, 1.8953966 ,\n        4.37800056],\n       [1.43260605, 5.93948427, 4.69405671, 2.05328191, 1.89539661,\n        4.37800048],\n       [1.43260609, 5.93948461, 4.69405659, 2.05328186, 1.89539647,\n        4.37800027],\n       [1.43260602, 5.93948457, 4.69405663, 2.05328179, 1.89539666,\n        4.37800042],\n       [1.43260619, 5.93948433, 4.69405667, 2.05328178, 1.89539642,\n        4.37800037]]), array([0.16326809, 0.16326809, 0.16326809, 0.16326809, 0.16326809,\n       0.16326809, 0.16326809]))", "callback": [0.5399809500638284, 0.46110381180456184, 0.4471328741485845, 0.44341594372944215, 0.4418483045671925, 0.44004051097988794, 0.43906289927464326, 0.4386458131798068, 0.4382952195736516, 0.4380137265240742, 0.4377647312593128, 0.4372965554123218, 0.43721720030914213, 0.4368752067082188, 0.43556218604127084, 0.43193886400663706, 0.42036618911447055, 0.40402959139749317, 0.3898459261936431, 0.34945438864277767, 0.2161096695628839, 0.1978137340539532, 0.18569580866884738, 0.17621198398408633, 0.17621198398408633, 0.17317165439929938, 0.1697606119419255, 0.16875927193116036, 0.16840963822667865, 0.1680125740454268, 0.1666507711049212, 0.16493580207495573, 0.16403377788705353, 0.16360459436992714, 0.16336749789150695, 0.16331821907644184, 0.16327946188606557, 0.16327009569237017, 0.16326837694586782, 0.1632681091515129, 0.16326809477569282, 0.1632680883622204, 0.16326808694102668, 0.16326808632940715, 0.1632680860939265, 0.16326808602221932, 0.16326808601307574, 0.16326808601112397, 0.16326808601104936, 0.1632680860109632]}, "8": {"maxiter": 1000, "fatol": 1e-05, "xatol": 1e-05, "duration": 0.16487884521484375, "fun": "0.1632680860165292", "nit": "457", "nfev": "701", "status": "0", "success": "True", "message": "Optimization terminated successfully.", "x": "[1.43260524 5.93948879 4.69405731 2.05327871 1.89539271 4.3779993 ]", "final_simplex": "(array([[1.43260524, 5.93948879, 4.69405731, 2.05327871, 1.89539271,\n        4.3779993 ],\n       [1.43260457, 5.93948973, 4.69405677, 2.05328274, 1.89540017,\n        4.37800386],\n       [1.4326104 , 5.93948039, 4.69405365, 2.05328201, 1.89539282,\n        4.37799898],\n       [1.43260471, 5.93948318, 4.69406048, 2.05328354, 1.89539393,\n        4.37799428],\n       [1.43260692, 5.93948139, 4.69405899, 2.05328385, 1.89539895,\n        4.37800859],\n       [1.43260524, 5.93948523, 4.69405418, 2.05328623, 1.89538938,\n        4.37799591],\n       [1.43260984, 5.93948992, 4.69405822, 2.05328283, 1.8953953 ,\n        4.37800278]]), array([0.16326809, 0.16326809, 0.16326809, 0.16326809, 0.16326809,\n       0.16326809, 0.16326809]))", "callback": [0.5399809500638284, 0.46110381180456184, 0.4471328741485845, 0.44341594372944215, 0.4418483045671925, 0.44004051097988794, 0.43906289927464326, 0.4386458131798068, 0.4382952195736516, 0.4380137265240742, 0.4377647312593128, 0.4372965554123218, 0.43721720030914213, 0.4368752067082188, 0.43556218604127084, 0.43193886400663706, 0.42036618911447055, 0.40402959139749317, 0.3898459261936431, 0.34945438864277767, 0.2161096695628839, 0.1978137340539532, 0.18569580866884738, 0.17621198398408633, 0.17621198398408633, 0.17317165439929938, 0.1697606119419255, 0.16875927193116036, 0.16840963822667865, 0.1680125740454268, 0.1666507711049212, 0.16493580207495573, 0.16403377788705353, 0.16360459436992714, 0.16336749789150695, 0.16331821907644184, 0.16327946188606557, 0.16327009569237017, 0.16326837694586782, 0.1632681091515129, 0.16326809477569282, 0.1632680883622204, 0.16326808694102668, 0.16326808632940715, 0.1632680860939265, 0.16326808602221932]}, "9": {"maxiter": 1000, "fatol": 1e-05, "xatol": 1e-10, "duration": 0.21427297592163086, "fun": "0.16326808601095", "nit": "554", "nfev": "914", "status": "0", "success": "True", "message": "Optimization terminated successfully.", "x": "[1.43260606 5.93948445 4.69405664 2.05328196 1.89539654 4.37800048]", "final_simplex": "(array([[1.43260606, 5.93948445, 4.69405664, 2.05328196, 1.89539654,\n        4.37800048],\n       [1.43260606, 5.93948445, 4.69405664, 2.05328196, 1.89539654,\n        4.37800048],\n       [1.43260606, 5.93948445, 4.69405664, 2.05328196, 1.89539654,\n        4.37800048],\n       [1.43260606, 5.93948445, 4.69405664, 2.05328196, 1.89539654,\n        4.37800048],\n       [1.43260606, 5.93948445, 4.69405664, 2.05328196, 1.89539654,\n        4.37800048],\n       [1.43260606, 5.93948445, 4.69405664, 2.05328196, 1.89539654,\n        4.37800048],\n       [1.43260606, 5.93948445, 4.69405664, 2.05328196, 1.89539654,\n        4.37800048]]), array([0.16326809, 0.16326809, 0.16326809, 0.16326809, 0.16326809,\n       0.16326809, 0.16326809]))", "callback": [0.5399809500638284, 0.46110381180456184, 0.4471328741485845, 0.44341594372944215, 0.4418483045671925, 0.44004051097988794, 0.43906289927464326, 0.4386458131798068, 0.4382952195736516, 0.4380137265240742, 0.4377647312593128, 0.4372965554123218, 0.43721720030914213, 0.4368752067082188, 0.43556218604127084, 0.43193886400663706, 0.42036618911447055, 0.40402959139749317, 0.3898459261936431, 0.34945438864277767, 0.2161096695628839, 0.1978137340539532, 0.18569580866884738, 0.17621198398408633, 0.17621198398408633, 0.17317165439929938, 0.1697606119419255, 0.16875927193116036, 0.16840963822667865, 0.1680125740454268, 0.1666507711049212, 0.16493580207495573, 0.16403377788705353, 0.16360459436992714, 0.16336749789150695, 0.16331821907644184, 0.16327946188606557, 0.16327009569237017, 0.16326837694586782, 0.1632681091515129, 0.16326809477569282, 0.1632680883622204, 0.16326808694102668, 0.16326808632940715, 0.1632680860939265, 0.16326808602221932, 0.16326808601307574, 0.16326808601112397, 0.16326808601104936, 0.1632680860109632, 0.163268086010952, 0.16326808601095122, 0.16326808601095, 0.16326808601095, 0.16326808601095, 0.16326808601095]}, "10": {"maxiter": 1000, "fatol": 1e-10, "xatol": 1e-05, "duration": 0.16139793395996094, "fun": "0.1632680860165292", "nit": "457", "nfev": "701", "status": "0", "success": "True", "message": "Optimization terminated successfully.", "x": "[1.43260524 5.93948879 4.69405731 2.05327871 1.89539271 4.3779993 ]", "final_simplex": "(array([[1.43260524, 5.93948879, 4.69405731, 2.05327871, 1.89539271,\n        4.3779993 ],\n       [1.43260457, 5.93948973, 4.69405677, 2.05328274, 1.89540017,\n        4.37800386],\n       [1.4326104 , 5.93948039, 4.69405365, 2.05328201, 1.89539282,\n        4.37799898],\n       [1.43260471, 5.93948318, 4.69406048, 2.05328354, 1.89539393,\n        4.37799428],\n       [1.43260692, 5.93948139, 4.69405899, 2.05328385, 1.89539895,\n        4.37800859],\n       [1.43260524, 5.93948523, 4.69405418, 2.05328623, 1.89538938,\n        4.37799591],\n       [1.43260984, 5.93948992, 4.69405822, 2.05328283, 1.8953953 ,\n        4.37800278]]), array([0.16326809, 0.16326809, 0.16326809, 0.16326809, 0.16326809,\n       0.16326809, 0.16326809]))", "callback": [0.5399809500638284, 0.46110381180456184, 0.4471328741485845, 0.44341594372944215, 0.4418483045671925, 0.44004051097988794, 0.43906289927464326, 0.4386458131798068, 0.4382952195736516, 0.4380137265240742, 0.4377647312593128, 0.4372965554123218, 0.43721720030914213, 0.4368752067082188, 0.43556218604127084, 0.43193886400663706, 0.42036618911447055, 0.40402959139749317, 0.3898459261936431, 0.34945438864277767, 0.2161096695628839, 0.1978137340539532, 0.18569580866884738, 0.17621198398408633, 0.17621198398408633, 0.17317165439929938, 0.1697606119419255, 0.16875927193116036, 0.16840963822667865, 0.1680125740454268, 0.1666507711049212, 0.16493580207495573, 0.16403377788705353, 0.16360459436992714, 0.16336749789150695, 0.16331821907644184, 0.16327946188606557, 0.16327009569237017, 0.16326837694586782, 0.1632681091515129, 0.16326809477569282, 0.1632680883622204, 0.16326808694102668, 0.16326808632940715, 0.1632680860939265, 0.16326808602221932]}, "11": {"maxiter": 1000, "fatol": 1e-10, "xatol": 1e-10, "duration": 0.2096860408782959, "fun": "0.16326808601095", "nit": "554", "nfev": "914", "status": "0", "success": "True", "message": "Optimization terminated successfully.", "x": "[1.43260606 5.93948445 4.69405664 2.05328196 1.89539654 4.37800048]", "final_simplex": "(array([[1.43260606, 5.93948445, 4.69405664, 2.05328196, 1.89539654,\n        4.37800048],\n       [1.43260606, 5.93948445, 4.69405664, 2.05328196, 1.89539654,\n        4.37800048],\n       [1.43260606, 5.93948445, 4.69405664, 2.05328196, 1.89539654,\n        4.37800048],\n       [1.43260606, 5.93948445, 4.69405664, 2.05328196, 1.89539654,\n        4.37800048],\n       [1.43260606, 5.93948445, 4.69405664, 2.05328196, 1.89539654,\n        4.37800048],\n       [1.43260606, 5.93948445, 4.69405664, 2.05328196, 1.89539654,\n        4.37800048],\n       [1.43260606, 5.93948445, 4.69405664, 2.05328196, 1.89539654,\n        4.37800048]]), array([0.16326809, 0.16326809, 0.16326809, 0.16326809, 0.16326809,\n       0.16326809, 0.16326809]))", "callback": [0.5399809500638284, 0.46110381180456184, 0.4471328741485845, 0.44341594372944215, 0.4418483045671925, 0.44004051097988794, 0.43906289927464326, 0.4386458131798068, 0.4382952195736516, 0.4380137265240742, 0.4377647312593128, 0.4372965554123218, 0.43721720030914213, 0.4368752067082188, 0.43556218604127084, 0.43193886400663706, 0.42036618911447055, 0.40402959139749317, 0.3898459261936431, 0.34945438864277767, 0.2161096695628839, 0.1978137340539532, 0.18569580866884738, 0.17621198398408633, 0.17621198398408633, 0.17317165439929938, 0.1697606119419255, 0.16875927193116036, 0.16840963822667865, 0.1680125740454268, 0.1666507711049212, 0.16493580207495573, 0.16403377788705353, 0.16360459436992714, 0.16336749789150695, 0.16331821907644184, 0.16327946188606557, 0.16327009569237017, 0.16326837694586782, 0.1632681091515129, 0.16326809477569282, 0.1632680883622204, 0.16326808694102668, 0.16326808632940715, 0.1632680860939265, 0.16326808602221932, 0.16326808601307574, 0.16326808601112397, 0.16326808601104936, 0.1632680860109632, 0.163268086010952, 0.16326808601095122, 0.16326808601095, 0.16326808601095, 0.16326808601095, 0.16326808601095]}}, "bfgs": {"type": "gradient", "0": {"maxiter": 100, "gtol": 1e-05, "xrtol": 1e-05, "eps": 1e-05, "duration": 0.031147003173828125, "fun": "0.16326808605778032", "jac": "[ 2.52114996e-06  2.63314925e-06  2.22755148e-06  4.67851313e-06\n -3.56015217e-07 -7.90001398e-07]", "hess_inv": "[[ 2.94870659 -0.4569487  -0.46761701 -0.69923655 -0.6487871  -0.32848217]\n [-0.4569487   2.97869043 -0.45080861 -0.92977344 -0.17710225 -0.54822524]\n [-0.46761701 -0.45080861  2.39414707 -0.09275344  0.17035001 -0.06954836]\n [-0.69923655 -0.92977344 -0.09275344  2.26718097  0.96159378  0.93604448]\n [-0.6487871  -0.17710225  0.17035001  0.96159378  4.84962282  2.64030902]\n [-0.32848217 -0.54822524 -0.06954836  0.93604448  2.64030902  3.99175367]]", "nfev": "126", "njev": "18", "status": "0", "success": "True", "message": "Optimization terminated successfully.", "x": "[1.43260874 5.93948819 4.69405754 2.0532852  1.89538012 4.37798369]", "nit": "17", "callback": [0.46716150785271726, 0.2879553745493111, 0.2394540937473153, 0.19101359102787163, 0.1705017665030304, 0.16678981505306067, 0.1654280027538959, 0.16405552963884773, 0.16364420474975305, 0.16331042121548311, 0.16327154758705908, 0.1632684947286378, 0.16326828553671224, 0.16326811748033787, 0.1632680893709193, 0.16326808620624556, 0.16326808605778032]}, "1": {"maxiter": 100, "gtol": 1e-05, "xrtol": 1e-05, "eps": 1e-10, "duration": 0.029855966567993164, "fun": "0.1632680861411443", "jac": "[1.11022293e-06 3.33066880e-06 5.55111466e-06 3.33066880e-06\n 1.11022293e-06 4.44089173e-06]", "hess_inv": "[[ 2.87548811 -0.4672931  -0.43558868 -0.59789247 -0.37658959 -0.12441097]\n [-0.4672931   2.9663197  -0.46536228 -0.94443905 -0.22168469 -0.5713027 ]\n [-0.43558868 -0.46536228  2.49041009 -0.11518531  0.07148692  0.04668658]\n [-0.59789247 -0.94443905 -0.11518531  2.16631268  0.65469207  0.73170285]\n [-0.37658959 -0.22168469  0.07148692  0.65469207  3.96202643  2.02033333]\n [-0.12441097 -0.5713027   0.04668658  0.73170285  2.02033333  3.83327579]]", "nfev": "126", "njev": "18", "status": "0", "success": "True", "message": "Optimization terminated successfully.", "x": "[1.43260639 5.93948957 4.6940686  2.05329788 1.89541647 4.37801926]", "nit": "17", "callback": [0.4671615141356714, 0.28795589088856355, 0.239455098754356, 0.19101406140664623, 0.17050234032657863, 0.16679006267991503, 0.16542836014782847, 0.16405551843484, 0.16364431835121251, 0.16331029241248562, 0.16327154250953524, 0.1632684956216759, 0.16326828661748172, 0.16326811849885026, 0.16326808962121908, 0.1632680862522744, 0.1632680861411443]}, "2": {"maxiter": 100, "gtol": 1e-05, "xrtol": 1e-10, "eps": 1e-05, "duration": 0.03025984764099121, "fun": "0.16326808605778032", "jac": "[ 2.52114996e-06  2.63314925e-06  2.22755148e-06  4.67851313e-06\n -3.56015217e-07 -7.90001398e-07]", "hess_inv": "[[ 2.94870659 -0.4569487  -0.46761701 -0.69923655 -0.6487871  -0.32848217]\n [-0.4569487   2.97869043 -0.45080861 -0.92977344 -0.17710225 -0.54822524]\n [-0.46761701 -0.45080861  2.39414707 -0.09275344  0.17035001 -0.06954836]\n [-0.69923655 -0.92977344 -0.09275344  2.26718097  0.96159378  0.93604448]\n [-0.6487871  -0.17710225  0.17035001  0.96159378  4.84962282  2.64030902]\n [-0.32848217 -0.54822524 -0.06954836  0.93604448  2.64030902  3.99175367]]", "nfev": "126", "njev": "18", "status": "0", "success": "True", "message": "Optimization terminated successfully.", "x": "[1.43260874 5.93948819 4.69405754 2.0532852  1.89538012 4.37798369]", "nit": "17", "callback": [0.46716150785271726, 0.2879553745493111, 0.2394540937473153, 0.19101359102787163, 0.1705017665030304, 0.16678981505306067, 0.1654280027538959, 0.16405552963884773, 0.16364420474975305, 0.16331042121548311, 0.16327154758705908, 0.1632684947286378, 0.16326828553671224, 0.16326811748033787, 0.1632680893709193, 0.16326808620624556, 0.16326808605778032]}, "3": {"maxiter": 100, "gtol": 1e-05, "xrtol": 1e-10, "eps": 1e-10, "duration": 0.030131101608276367, "fun": "0.1632680861411443", "jac": "[1.11022293e-06 3.33066880e-06 5.55111466e-06 3.33066880e-06\n 1.11022293e-06 4.44089173e-06]", "hess_inv": "[[ 2.87548811 -0.4672931  -0.43558868 -0.59789247 -0.37658959 -0.12441097]\n [-0.4672931   2.9663197  -0.46536228 -0.94443905 -0.22168469 -0.5713027 ]\n [-0.43558868 -0.46536228  2.49041009 -0.11518531  0.07148692  0.04668658]\n [-0.59789247 -0.94443905 -0.11518531  2.16631268  0.65469207  0.73170285]\n [-0.37658959 -0.22168469  0.07148692  0.65469207  3.96202643  2.02033333]\n [-0.12441097 -0.5713027   0.04668658  0.73170285  2.02033333  3.83327579]]", "nfev": "126", "njev": "18", "status": "0", "success": "True", "message": "Optimization terminated successfully.", "x": "[1.43260639 5.93948957 4.6940686  2.05329788 1.89541647 4.37801926]", "nit": "17", "callback": [0.4671615141356714, 0.28795589088856355, 0.239455098754356, 0.19101406140664623, 0.17050234032657863, 0.16679006267991503, 0.16542836014782847, 0.16405551843484, 0.16364431835121251, 0.16331029241248562, 0.16327154250953524, 0.1632684956216759, 0.16326828661748172, 0.16326811849885026, 0.16326808962121908, 0.1632680862522744, 0.1632680861411443]}, "4": {"maxiter": 100, "gtol": 1e-10, "xrtol": 1e-05, "eps": 1e-05, "duration": 0.030256032943725586, "fun": "0.16326808605778032", "jac": "[ 2.52114996e-06  2.63314925e-06  2.22755148e-06  4.67851313e-06\n -3.56015217e-07 -7.90001398e-07]", "hess_inv": "[[ 2.94870659 -0.4569487  -0.46761701 -0.69923655 -0.6487871  -0.32848217]\n [-0.4569487   2.97869043 -0.45080861 -0.92977344 -0.17710225 -0.54822524]\n [-0.46761701 -0.45080861  2.39414707 -0.09275344  0.17035001 -0.06954836]\n [-0.69923655 -0.92977344 -0.09275344  2.26718097  0.96159378  0.93604448]\n [-0.6487871  -0.17710225  0.17035001  0.96159378  4.84962282  2.64030902]\n [-0.32848217 -0.54822524 -0.06954836  0.93604448  2.64030902  3.99175367]]", "nfev": "126", "njev": "18", "status": "0", "success": "True", "message": "Optimization terminated successfully.", "x": "[1.43260874 5.93948819 4.69405754 2.0532852  1.89538012 4.37798369]", "nit": "17", "callback": [0.46716150785271726, 0.2879553745493111, 0.2394540937473153, 0.19101359102787163, 0.1705017665030304, 0.16678981505306067, 0.1654280027538959, 0.16405552963884773, 0.16364420474975305, 0.16331042121548311, 0.16327154758705908, 0.1632684947286378, 0.16326828553671224, 0.16326811748033787, 0.1632680893709193, 0.16326808620624556, 0.16326808605778032]}, "5": {"maxiter": 100, "gtol": 1e-10, "xrtol": 1e-05, "eps": 1e-10, "duration": 0.030932903289794922, "fun": "0.1632680861411443", "jac": "[1.11022293e-06 3.33066880e-06 5.55111466e-06 3.33066880e-06\n 1.11022293e-06 4.44089173e-06]", "hess_inv": "[[ 2.87548811 -0.4672931  -0.43558868 -0.59789247 -0.37658959 -0.12441097]\n [-0.4672931   2.9663197  -0.46536228 -0.94443905 -0.22168469 -0.5713027 ]\n [-0.43558868 -0.46536228  2.49041009 -0.11518531  0.07148692  0.04668658]\n [-0.59789247 -0.94443905 -0.11518531  2.16631268  0.65469207  0.73170285]\n [-0.37658959 -0.22168469  0.07148692  0.65469207  3.96202643  2.02033333]\n [-0.12441097 -0.5713027   0.04668658  0.73170285  2.02033333  3.83327579]]", "nfev": "126", "njev": "18", "status": "0", "success": "True", "message": "Optimization terminated successfully.", "x": "[1.43260639 5.93948957 4.6940686  2.05329788 1.89541647 4.37801926]", "nit": "17", "callback": [0.4671615141356714, 0.28795589088856355, 0.239455098754356, 0.19101406140664623, 0.17050234032657863, 0.16679006267991503, 0.16542836014782847, 0.16405551843484, 0.16364431835121251, 0.16331029241248562, 0.16327154250953524, 0.1632684956216759, 0.16326828661748172, 0.16326811849885026, 0.16326808962121908, 0.1632680862522744, 0.1632680861411443]}, "6": {"maxiter": 100, "gtol": 1e-10, "xrtol": 1e-10, "eps": 1e-05, "duration": 0.0760188102722168, "fun": "0.16326808604573106", "jac": "[ 6.13309403e-07  1.13538068e-06  9.44033740e-07  6.49436060e-07\n -6.25455243e-07  3.73279185e-07]", "hess_inv": "[[ 3.0540354  -0.34686422 -0.34857336 -0.40575415 -0.62218729 -0.43494661]\n [-0.34686422  3.03321042 -0.35031835 -0.51827426 -0.05432461 -0.67071886]\n [-0.34857336 -0.35031835  2.51912168  0.28444669  0.24194567 -0.19492856]\n [-0.40575415 -0.51827426  0.28444669  2.75318472  0.72465306  0.68150808]\n [-0.62218729 -0.05432461  0.24194567  0.72465306  4.56428992  2.6531537 ]\n [-0.43494661 -0.67071886 -0.19492856  0.68150808  2.6531537   4.09386352]]", "nfev": "333", "njev": "46", "status": "2", "success": "False", "message": "Desired error not necessarily achieved due to precision loss.", "x": "[1.43260518 5.93948608 4.69405406 2.05327589 1.89538002 4.37798707]", "nit": "18", "callback": [0.46716150785271726, 0.2879553745493111, 0.2394540937473153, 0.19101359102787163, 0.1705017665030304, 0.16678981505306067, 0.1654280027538959, 0.16405552963884773, 0.16364420474975305, 0.16331042121548311, 0.16327154758705908, 0.1632684947286378, 0.16326828553671224, 0.16326811748033787, 0.1632680893709193, 0.16326808620624556, 0.16326808605778032, 0.16326808604573106]}, "7": {"maxiter": 100, "gtol": 1e-10, "xrtol": 1e-10, "eps": 1e-10, "duration": 0.07296109199523926, "fun": "0.16326808602540643", "jac": "[0.00000000e+00 1.11022293e-06 3.33066880e-06 2.22044587e-06\n 0.00000000e+00 2.22044587e-06]", "hess_inv": "[[ 5.68509156 -0.08189992  0.94536632  0.4883214   3.61996824  4.61354537]\n [-0.08189992  3.00976112 -0.23616417 -0.58063756  0.48448767  0.19159076]\n [ 0.94536632 -0.23616417  1.74374101 -0.43769666  0.25927561 -0.01353487]\n [ 0.4883214  -0.58063756 -0.43769666  0.62158825  0.44246414  0.69387647]\n [ 3.61996824  0.48448767  0.25927561  0.44246414  7.14741678  5.64655669]\n [ 4.61354537  0.19159076 -0.01353487  0.69387647  5.64655669  7.9701187 ]]", "nfev": "320", "njev": "44", "status": "2", "success": "False", "message": "Desired error not necessarily achieved due to precision loss.", "x": "[1.4326031  5.93948789 4.69405951 2.05327558 1.89539055 4.37799758]", "nit": "20", "callback": [0.4671615141356714, 0.28795589088856355, 0.239455098754356, 0.19101406140664623, 0.17050234032657863, 0.16679006267991503, 0.16542836014782847, 0.16405551843484, 0.16364431835121251, 0.16331029241248562, 0.16327154250953524, 0.1632684956216759, 0.16326828661748172, 0.16326811849885026, 0.16326808962121908, 0.1632680862522744, 0.1632680861411443, 0.16326808605243848, 0.1632680860270581, 0.16326808602540643]}, "8": {"maxiter": 500, "gtol": 1e-05, "xrtol": 1e-05, "eps": 1e-05, "duration": 0.029063940048217773, "fun": "0.16326808605778032", "jac": "[ 2.52114996e-06  2.63314925e-06  2.22755148e-06  4.67851313e-06\n -3.56015217e-07 -7.90001398e-07]", "hess_inv": "[[ 2.94870659 -0.4569487  -0.46761701 -0.69923655 -0.6487871  -0.32848217]\n [-0.4569487   2.97869043 -0.45080861 -0.92977344 -0.17710225 -0.54822524]\n [-0.46761701 -0.45080861  2.39414707 -0.09275344  0.17035001 -0.06954836]\n [-0.69923655 -0.92977344 -0.09275344  2.26718097  0.96159378  0.93604448]\n [-0.6487871  -0.17710225  0.17035001  0.96159378  4.84962282  2.64030902]\n [-0.32848217 -0.54822524 -0.06954836  0.93604448  2.64030902  3.99175367]]", "nfev": "126", "njev": "18", "status": "0", "success": "True", "message": "Optimization terminated successfully.", "x": "[1.43260874 5.93948819 4.69405754 2.0532852  1.89538012 4.37798369]", "nit": "17", "callback": [0.46716150785271726, 0.2879553745493111, 0.2394540937473153, 0.19101359102787163, 0.1705017665030304, 0.16678981505306067, 0.1654280027538959, 0.16405552963884773, 0.16364420474975305, 0.16331042121548311, 0.16327154758705908, 0.1632684947286378, 0.16326828553671224, 0.16326811748033787, 0.1632680893709193, 0.16326808620624556, 0.16326808605778032]}, "9": {"maxiter": 500, "gtol": 1e-05, "xrtol": 1e-05, "eps": 1e-10, "duration": 0.02846693992614746, "fun": "0.1632680861411443", "jac": "[1.11022293e-06 3.33066880e-06 5.55111466e-06 3.33066880e-06\n 1.11022293e-06 4.44089173e-06]", "hess_inv": "[[ 2.87548811 -0.4672931  -0.43558868 -0.59789247 -0.37658959 -0.12441097]\n [-0.4672931   2.9663197  -0.46536228 -0.94443905 -0.22168469 -0.5713027 ]\n [-0.43558868 -0.46536228  2.49041009 -0.11518531  0.07148692  0.04668658]\n [-0.59789247 -0.94443905 -0.11518531  2.16631268  0.65469207  0.73170285]\n [-0.37658959 -0.22168469  0.07148692  0.65469207  3.96202643  2.02033333]\n [-0.12441097 -0.5713027   0.04668658  0.73170285  2.02033333  3.83327579]]", "nfev": "126", "njev": "18", "status": "0", "success": "True", "message": "Optimization terminated successfully.", "x": "[1.43260639 5.93948957 4.6940686  2.05329788 1.89541647 4.37801926]", "nit": "17", "callback": [0.4671615141356714, 0.28795589088856355, 0.239455098754356, 0.19101406140664623, 0.17050234032657863, 0.16679006267991503, 0.16542836014782847, 0.16405551843484, 0.16364431835121251, 0.16331029241248562, 0.16327154250953524, 0.1632684956216759, 0.16326828661748172, 0.16326811849885026, 0.16326808962121908, 0.1632680862522744, 0.1632680861411443]}, "10": {"maxiter": 500, "gtol": 1e-05, "xrtol": 1e-10, "eps": 1e-05, "duration": 0.0283358097076416, "fun": "0.16326808605778032", "jac": "[ 2.52114996e-06  2.63314925e-06  2.22755148e-06  4.67851313e-06\n -3.56015217e-07 -7.90001398e-07]", "hess_inv": "[[ 2.94870659 -0.4569487  -0.46761701 -0.69923655 -0.6487871  -0.32848217]\n [-0.4569487   2.97869043 -0.45080861 -0.92977344 -0.17710225 -0.54822524]\n [-0.46761701 -0.45080861  2.39414707 -0.09275344  0.17035001 -0.06954836]\n [-0.69923655 -0.92977344 -0.09275344  2.26718097  0.96159378  0.93604448]\n [-0.6487871  -0.17710225  0.17035001  0.96159378  4.84962282  2.64030902]\n [-0.32848217 -0.54822524 -0.06954836  0.93604448  2.64030902  3.99175367]]", "nfev": "126", "njev": "18", "status": "0", "success": "True", "message": "Optimization terminated successfully.", "x": "[1.43260874 5.93948819 4.69405754 2.0532852  1.89538012 4.37798369]", "nit": "17", "callback": [0.46716150785271726, 0.2879553745493111, 0.2394540937473153, 0.19101359102787163, 0.1705017665030304, 0.16678981505306067, 0.1654280027538959, 0.16405552963884773, 0.16364420474975305, 0.16331042121548311, 0.16327154758705908, 0.1632684947286378, 0.16326828553671224, 0.16326811748033787, 0.1632680893709193, 0.16326808620624556, 0.16326808605778032]}, "11": {"maxiter": 500, "gtol": 1e-05, "xrtol": 1e-10, "eps": 1e-10, "duration": 0.02840590476989746, "fun": "0.1632680861411443", "jac": "[1.11022293e-06 3.33066880e-06 5.55111466e-06 3.33066880e-06\n 1.11022293e-06 4.44089173e-06]", "hess_inv": "[[ 2.87548811 -0.4672931  -0.43558868 -0.59789247 -0.37658959 -0.12441097]\n [-0.4672931   2.9663197  -0.46536228 -0.94443905 -0.22168469 -0.5713027 ]\n [-0.43558868 -0.46536228  2.49041009 -0.11518531  0.07148692  0.04668658]\n [-0.59789247 -0.94443905 -0.11518531  2.16631268  0.65469207  0.73170285]\n [-0.37658959 -0.22168469  0.07148692  0.65469207  3.96202643  2.02033333]\n [-0.12441097 -0.5713027   0.04668658  0.73170285  2.02033333  3.83327579]]", "nfev": "126", "njev": "18", "status": "0", "success": "True", "message": "Optimization terminated successfully.", "x": "[1.43260639 5.93948957 4.6940686  2.05329788 1.89541647 4.37801926]", "nit": "17", "callback": [0.4671615141356714, 0.28795589088856355, 0.239455098754356, 0.19101406140664623, 0.17050234032657863, 0.16679006267991503, 0.16542836014782847, 0.16405551843484, 0.16364431835121251, 0.16331029241248562, 0.16327154250953524, 0.1632684956216759, 0.16326828661748172, 0.16326811849885026, 0.16326808962121908, 0.1632680862522744, 0.1632680861411443]}, "12": {"maxiter": 500, "gtol": 1e-10, "xrtol": 1e-05, "eps": 1e-05, "duration": 0.02850198745727539, "fun": "0.16326808605778032", "jac": "[ 2.52114996e-06  2.63314925e-06  2.22755148e-06  4.67851313e-06\n -3.56015217e-07 -7.90001398e-07]", "hess_inv": "[[ 2.94870659 -0.4569487  -0.46761701 -0.69923655 -0.6487871  -0.32848217]\n [-0.4569487   2.97869043 -0.45080861 -0.92977344 -0.17710225 -0.54822524]\n [-0.46761701 -0.45080861  2.39414707 -0.09275344  0.17035001 -0.06954836]\n [-0.69923655 -0.92977344 -0.09275344  2.26718097  0.96159378  0.93604448]\n [-0.6487871  -0.17710225  0.17035001  0.96159378  4.84962282  2.64030902]\n [-0.32848217 -0.54822524 -0.06954836  0.93604448  2.64030902  3.99175367]]", "nfev": "126", "njev": "18", "status": "0", "success": "True", "message": "Optimization terminated successfully.", "x": "[1.43260874 5.93948819 4.69405754 2.0532852  1.89538012 4.37798369]", "nit": "17", "callback": [0.46716150785271726, 0.2879553745493111, 0.2394540937473153, 0.19101359102787163, 0.1705017665030304, 0.16678981505306067, 0.16542800275