{"date": "2024/09/25/, 07:04:47", "conf_id": 166, "data_type": "non_lin_ind\n", "num_data_points": 1, "s_rank": 0, "unitary": "[[-0.56303964-0.00798273j,-0.21670212-0.15784972j,-0.06047197-0.73952673j,-0.01438004+0.24552571j],[-0.06976756+0.23474685j,-0.01275565-0.5435098j,-0.02703657-0.08917885j,-0.08210486-0.79311774j],[-0.38559961+0.10714929j,0.5933431-0.2687392j,-0.24060861+0.29149289j,-0.45147719+0.26241743j],[-0.50180421+0.45931857j,-0.11617175+0.44134496j,0.49642745+0.22684508j,-0.08544628-0.15407063j]]", "databatch_0": {"databatch": "[[[-0.2158955-0.12023307j,0.27209407+0.21770735j,-0.06512343-0.13446717j,-0.13387831+0.2112999j],[-0.05260339+0.03058852j,0.14876711+0.01431852j,-0.01133016-0.06946075j,-0.05090748+0.02355095j],[-0.15217318-0.12385186j,0.19612536+0.28678589j,0.03230772-0.14005521j,-0.16375709+0.06906372j],[-0.30233265-0.09719203j,-0.15008608+0.25260824j,0.02407937+0.30391964j,0.43261377+0.14045173j]]]", "initial param values": "[0.95935153,5.29509234,2.0510354,5.34916574,0.31573344,3.58466954]", "nelder_mead": {"type": "gradient-free", "0": {"maxiter": 100, "fatol": 1e-05, "xatol": 1e-05, "duration": 0.038001298904418945, "fun": "0.29783481006343726", "nit": "100", "nfev": "159", "status": "2", "success": "False", "message": "Maximum number of iterations has been exceeded.", "x": "[0.60866516 5.58442855 1.40822881 3.07937177 0.41030824 5.32055076]", "final_simplex": "(array([[0.60866516, 5.58442855, 1.40822881, 3.07937177, 0.41030824,\n        5.32055076],\n       [0.65697002, 5.46863507, 1.52446764, 3.09511166, 0.39785805,\n        5.26053197],\n       [0.57115445, 5.55490269, 1.40187625, 3.05471676, 0.41960798,\n        5.30821354],\n       [0.65569838, 5.4849728 , 1.50286656, 3.07034488, 0.39534682,\n        5.35814526],\n       [0.61405551, 5.5810841 , 1.39381165, 2.99126611, 0.41461338,\n        5.27286428],\n       [0.6471264 , 5.46253077, 1.41838061, 3.08048313, 0.40597629,\n        5.32537786],\n       [0.62638827, 5.45813573, 1.44454948, 3.06950364, 0.40233837,\n        5.41379541]]), array([0.29783481, 0.29831414, 0.2985077 , 0.29895245, 0.29906816,\n       0.29909604, 0.29915319]))", "callback": [0.5743007985638959, 0.45389077651814624, 0.38872906387037254, 0.33044933792223463, 0.32147914115448395, 0.32002851262162635, 0.3185543316749424, 0.3142625446055819, 0.3058289051722548, 0.2993994108010565]}, "1": {"maxiter": 100, "fatol": 1e-05, "xatol": 1e-10, "duration": 0.03700613975524902, "fun": "0.29783481006343726", "nit": "100", "nfev": "159", "status": "2", "success": "False", "message": "Maximum number of iterations has been exceeded.", "x": "[0.60866516 5.58442855 1.40822881 3.07937177 0.41030824 5.32055076]", "final_simplex": "(array([[0.60866516, 5.58442855, 1.40822881, 3.07937177, 0.41030824,\n        5.32055076],\n       [0.65697002, 5.46863507, 1.52446764, 3.09511166, 0.39785805,\n        5.26053197],\n       [0.57115445, 5.55490269, 1.40187625, 3.05471676, 0.41960798,\n        5.30821354],\n       [0.65569838, 5.4849728 , 1.50286656, 3.07034488, 0.39534682,\n        5.35814526],\n       [0.61405551, 5.5810841 , 1.39381165, 2.99126611, 0.41461338,\n        5.27286428],\n       [0.6471264 , 5.46253077, 1.41838061, 3.08048313, 0.40597629,\n        5.32537786],\n       [0.62638827, 5.45813573, 1.44454948, 3.06950364, 0.40233837,\n        5.41379541]]), array([0.29783481, 0.29831414, 0.2985077 , 0.29895245, 0.29906816,\n       0.29909604, 0.29915319]))", "callback": [0.5743007985638959, 0.45389077651814624, 0.38872906387037254, 0.33044933792223463, 0.32147914115448395, 0.32002851262162635, 0.3185543316749424, 0.3142625446055819, 0.3058289051722548, 0.2993994108010565]}, "2": {"maxiter": 100, "fatol": 1e-10, "xatol": 1e-05, "duration": 0.03700709342956543, "fun": "0.29783481006343726", "nit": "100", "nfev": "159", "status": "2", "success": "False", "message": "Maximum number of iterations has been exceeded.", "x": "[0.60866516 5.58442855 1.40822881 3.07937177 0.41030824 5.32055076]", "final_simplex": "(array([[0.60866516, 5.58442855, 1.40822881, 3.07937177, 0.41030824,\n        5.32055076],\n       [0.65697002, 5.46863507, 1.52446764, 3.09511166, 0.39785805,\n        5.26053197],\n       [0.57115445, 5.55490269, 1.40187625, 3.05471676, 0.41960798,\n        5.30821354],\n       [0.65569838, 5.4849728 , 1.50286656, 3.07034488, 0.39534682,\n        5.35814526],\n       [0.61405551, 5.5810841 , 1.39381165, 2.99126611, 0.41461338,\n        5.27286428],\n       [0.6471264 , 5.46253077, 1.41838061, 3.08048313, 0.40597629,\n        5.32537786],\n       [0.62638827, 5.45813573, 1.44454948, 3.06950364, 0.40233837,\n        5.41379541]]), array([0.29783481, 0.29831414, 0.2985077 , 0.29895245, 0.29906816,\n       0.29909604, 0.29915319]))", "callback": [0.5743007985638959, 0.45389077651814624, 0.38872906387037254, 0.33044933792223463, 0.32147914115448395, 0.32002851262162635, 0.3185543316749424, 0.3142625446055819, 0.3058289051722548, 0.2993994108010565]}, "3": {"maxiter": 100, "fatol": 1e-10, "xatol": 1e-10, "duration": 0.03664112091064453, "fun": "0.29783481006343726", "nit": "100", "nfev": "159", "status": "2", "success": "False", "message": "Maximum number of iterations has been exceeded.", "x": "[0.60866516 5.58442855 1.40822881 3.07937177 0.41030824 5.32055076]", "final_simplex": "(array([[0.60866516, 5.58442855, 1.40822881, 3.07937177, 0.41030824,\n        5.32055076],\n       [0.65697002, 5.46863507, 1.52446764, 3.09511166, 0.39785805,\n        5.26053197],\n       [0.57115445, 5.55490269, 1.40187625, 3.05471676, 0.41960798,\n        5.30821354],\n       [0.65569838, 5.4849728 , 1.50286656, 3.07034488, 0.39534682,\n        5.35814526],\n       [0.61405551, 5.5810841 , 1.39381165, 2.99126611, 0.41461338,\n        5.27286428],\n       [0.6471264 , 5.46253077, 1.41838061, 3.08048313, 0.40597629,\n        5.32537786],\n       [0.62638827, 5.45813573, 1.44454948, 3.06950364, 0.40233837,\n        5.41379541]]), array([0.29783481, 0.29831414, 0.2985077 , 0.29895245, 0.29906816,\n       0.29909604, 0.29915319]))", "callback": [0.5743007985638959, 0.45389077651814624, 0.38872906387037254, 0.33044933792223463, 0.32147914115448395, 0.32002851262162635, 0.3185543316749424, 0.3142625446055819, 0.3058289051722548, 0.2993994108010565]}, "4": {"maxiter": 500, "fatol": 1e-05, "xatol": 1e-05, "duration": 0.17789578437805176, "fun": "0.2802622382617589", "nit": "500", "nfev": "771", "status": "2", "success": "False", "message": "Maximum number of iterations has been exceeded.", "x": "[0.46385233 5.51432873 1.54239547 2.72607189 2.00132213 6.9657548 ]", "final_simplex": "(array([[0.46385233, 5.51432873, 1.54239547, 2.72607189, 2.00132213,\n        6.9657548 ],\n       [0.4639858 , 5.51434827, 1.54203878, 2.72660909, 2.00129898,\n        6.9660495 ],\n       [0.46387987, 5.51376072, 1.54255518, 2.72580467, 2.00208385,\n        6.96689173],\n       [0.46472716, 5.5142689 , 1.54186713, 2.72647096, 2.0024583 ,\n        6.96676875],\n       [0.46438368, 5.51515595, 1.54100052, 2.72619365, 2.00105154,\n        6.96584859],\n       [0.46406165, 5.51476008, 1.54135777, 2.72627697, 2.00159538,\n        6.96625444],\n       [0.46423188, 5.51467668, 1.54143873, 2.72613706, 1.99980899,\n        6.96439509]]), array([0.28026224, 0.28026226, 0.28026226, 0.28026229, 0.2802623 ,\n       0.2802623 , 0.2802623 ]))", "callback": [0.5743007985638959, 0.45389077651814624, 0.38872906387037254, 0.33044933792223463, 0.32147914115448395, 0.32002851262162635, 0.3185543316749424, 0.3142625446055819, 0.3058289051722548, 0.2993994108010565, 0.29783481006343726, 0.297674503779329, 0.29762989333240186, 0.2976218453167079, 0.2976210389634344, 0.29762085577224384, 0.29762081460778145, 0.2976207864484991, 0.29762075908427865, 0.2976207333352592, 0.2976206267367709, 0.2976204066816579, 0.29762023862710374, 0.2976194734372526, 0.29761651127620004, 0.29760956424229434, 0.297600444772011, 0.2975824685145422, 0.29755099896281867, 0.297479084702461, 0.29727877723530793, 0.2966727749552258, 0.296198320931804, 0.2944928402199527, 0.29254947363214845, 0.2899783397183151, 0.28487782129164596, 0.2833663950962183, 0.2827187236288383, 0.28208216259836516, 0.28149753314953574, 0.2811781288794828, 0.28056180969758016, 0.2803282602342566, 0.2802993802848709, 0.2802736875934033, 0.2802656313263694, 0.2802628754501848, 0.2802623606376107, 0.2802623031567536]}, "5": {"maxiter": 500, "fatol": 1e-05, "xatol": 1e-10, "duration": 0.17278480529785156, "fun": "0.2802622382617589", "nit": "500", "nfev": "771", "status": "2", "success": "False", "message": "Maximum number of iterations has been exceeded.", "x": "[0.46385233 5.51432873 1.54239547 2.72607189 2.00132213 6.9657548 ]", "final_simplex": "(array([[0.46385233, 5.51432873, 1.54239547, 2.72607189, 2.00132213,\n        6.9657548 ],\n       [0.4639858 , 5.51434827, 1.54203878, 2.72660909, 2.00129898,\n        6.9660495 ],\n       [0.46387987, 5.51376072, 1.54255518, 2.72580467, 2.00208385,\n        6.96689173],\n       [0.46472716, 5.5142689 , 1.54186713, 2.72647096, 2.0024583 ,\n        6.96676875],\n       [0.46438368, 5.51515595, 1.54100052, 2.72619365, 2.00105154,\n        6.96584859],\n       [0.46406165, 5.51476008, 1.54135777, 2.72627697, 2.00159538,\n        6.96625444],\n       [0.46423188, 5.51467668, 1.54143873, 2.72613706, 1.99980899,\n        6.96439509]]), array([0.28026224, 0.28026226, 0.28026226, 0.28026229, 0.2802623 ,\n       0.2802623 , 0.2802623 ]))", "callback": [0.5743007985638959, 0.45389077651814624, 0.38872906387037254, 0.33044933792223463, 0.32147914115448395, 0.32002851262162635, 0.3185543316749424, 0.3142625446055819, 0.3058289051722548, 0.2993994108010565, 0.29783481006343726, 0.297674503779329, 0.29762989333240186, 0.2976218453167079, 0.2976210389634344, 0.29762085577224384, 0.29762081460778145, 0.2976207864484991, 0.29762075908427865, 0.2976207333352592, 0.2976206267367709, 0.2976204066816579, 0.29762023862710374, 0.2976194734372526, 0.29761651127620004, 0.29760956424229434, 0.297600444772011, 0.2975824685145422, 0.29755099896281867, 0.297479084702461, 0.29727877723530793, 0.2966727749552258, 0.296198320931804, 0.2944928402199527, 0.29254947363214845, 0.2899783397183151, 0.28487782129164596, 0.2833663950962183, 0.2827187236288383, 0.28208216259836516, 0.28149753314953574, 0.2811781288794828, 0.28056180969758016, 0.2803282602342566, 0.2802993802848709, 0.2802736875934033, 0.2802656313263694, 0.2802628754501848, 0.2802623606376107, 0.2802623031567536]}, "6": {"maxiter": 500, "fatol": 1e-10, "xatol": 1e-05, "duration": 0.1906278133392334, "fun": "0.2802622382617589", "nit": "500", "nfev": "771", "status": "2", "success": "False", "message": "Maximum number of iterations has been exceeded.", "x": "[0.46385233 5.51432873 1.54239547 2.72607189 2.00132213 6.9657548 ]", "final_simplex": "(array([[0.46385233, 5.51432873, 1.54239547, 2.72607189, 2.00132213,\n        6.9657548 ],\n       [0.4639858 , 5.51434827, 1.54203878, 2.72660909, 2.00129898,\n        6.9660495 ],\n       [0.46387987, 5.51376072, 1.54255518, 2.72580467, 2.00208385,\n        6.96689173],\n       [0.46472716, 5.5142689 , 1.54186713, 2.72647096, 2.0024583 ,\n        6.96676875],\n       [0.46438368, 5.51515595, 1.54100052, 2.72619365, 2.00105154,\n        6.96584859],\n       [0.46406165, 5.51476008, 1.54135777, 2.72627697, 2.00159538,\n        6.96625444],\n       [0.46423188, 5.51467668, 1.54143873, 2.72613706, 1.99980899,\n        6.96439509]]), array([0.28026224, 0.28026226, 0.28026226, 0.28026229, 0.2802623 ,\n       0.2802623 , 0.2802623 ]))", "callback": [0.5743007985638959, 0.45389077651814624, 0.38872906387037254, 0.33044933792223463, 0.32147914115448395, 0.32002851262162635, 0.3185543316749424, 0.3142625446055819, 0.3058289051722548, 0.2993994108010565, 0.29783481006343726, 0.297674503779329, 0.29762989333240186, 0.2976218453167079, 0.2976210389634344, 0.29762085577224384, 0.29762081460778145, 0.2976207864484991, 0.29762075908427865, 0.2976207333352592, 0.2976206267367709, 0.2976204066816579, 0.29762023862710374, 0.2976194734372526, 0.29761651127620004, 0.29760956424229434, 0.297600444772011, 0.2975824685145422, 0.29755099896281867, 0.297479084702461, 0.29727877723530793, 0.2966727749552258, 0.296198320931804, 0.2944928402199527, 0.29254947363214845, 0.2899783397183151, 0.28487782129164596, 0.2833663950962183, 0.2827187236288383, 0.28208216259836516, 0.28149753314953574, 0.2811781288794828, 0.28056180969758016, 0.2803282602342566, 0.2802993802848709, 0.2802736875934033, 0.2802656313263694, 0.2802628754501848, 0.2802623606376107, 0.2802623031567536]}, "7": {"maxiter": 500, "fatol": 1e-10, "xatol": 1e-10, "duration": 0.17777299880981445, "fun": "0.2802622382617589", "nit": "500", "nfev": "771", "status": "2", "success": "False", "message": "Maximum number of iterations has been exceeded.", "x": "[0.46385233 5.51432873 1.54239547 2.72607189 2.00132213 6.9657548 ]", "final_simplex": "(array([[0.46385233, 5.51432873, 1.54239547, 2.72607189, 2.00132213,\n        6.9657548 ],\n       [0.4639858 , 5.51434827, 1.54203878, 2.72660909, 2.00129898,\n        6.9660495 ],\n       [0.46387987, 5.51376072, 1.54255518, 2.72580467, 2.00208385,\n        6.96689173],\n       [0.46472716, 5.5142689 , 1.54186713, 2.72647096, 2.0024583 ,\n        6.96676875],\n       [0.46438368, 5.51515595, 1.54100052, 2.72619365, 2.00105154,\n        6.96584859],\n       [0.46406165, 5.51476008, 1.54135777, 2.72627697, 2.00159538,\n        6.96625444],\n       [0.46423188, 5.51467668, 1.54143873, 2.72613706, 1.99980899,\n        6.96439509]]), array([0.28026224, 0.28026226, 0.28026226, 0.28026229, 0.2802623 ,\n       0.2802623 , 0.2802623 ]))", "callback": [0.5743007985638959, 0.45389077651814624, 0.38872906387037254, 0.33044933792223463, 0.32147914115448395, 0.32002851262162635, 0.3185543316749424, 0.3142625446055819, 0.3058289051722548, 0.2993994108010565, 0.29783481006343726, 0.297674503779329, 0.29762989333240186, 0.2976218453167079, 0.2976210389634344, 0.29762085577224384, 0.29762081460778145, 0.2976207864484991, 0.29762075908427865, 0.2976207333352592, 0.2976206267367709, 0.2976204066816579, 0.29762023862710374, 0.2976194734372526, 0.29761651127620004, 0.29760956424229434, 0.297600444772011, 0.2975824685145422, 0.29755099896281867, 0.297479084702461, 0.29727877723530793, 0.2966727749552258, 0.296198320931804, 0.2944928402199527, 0.29254947363214845, 0.2899783397183151, 0.28487782129164596, 0.2833663950962183, 0.2827187236288383, 0.28208216259836516, 0.28149753314953574, 0.2811781288794828, 0.28056180969758016, 0.2803282602342566, 0.2802993802848709, 0.2802736875934033, 0.2802656313263694, 0.2802628754501848, 0.2802623606376107, 0.2802623031567536]}, "8": {"maxiter": 1000, "fatol": 1e-05, "xatol": 1e-05, "duration": 0.21096396446228027, "fun": "0.2802621811570556", "nit": "582", "nfev": "902", "status": "0", "success": "True", "message": "Optimization terminated successfully.", "x": "[0.46446278 5.51382731 1.54299071 2.72622857 2.00176025 6.96609231]", "final_simplex": "(array([[0.46446278, 5.51382731, 1.54299071, 2.72622857, 2.00176025,\n        6.96609231],\n       [0.46446106, 5.51382375, 1.54299621, 2.72622716, 2.00176157,\n        6.96609305],\n       [0.46446158, 5.51382216, 1.54299297, 2.72622611, 2.00175824,\n        6.96609349],\n       [0.4644644 , 5.51382278, 1.54299691, 2.72622775, 2.00176626,\n        6.96609858],\n       [0.46446494, 5.5138221 , 1.54299813, 2.72622964, 2.00175975,\n        6.9660886 ],\n       [0.46446448, 5.5138205 , 1.54299793, 2.72622482, 2.00176919,\n        6.96609886],\n       [0.46446055, 5.5138201 , 1.54299598, 2.72622883, 2.00176944,\n        6.96610099]]), array([0.28026218, 0.28026218, 0.28026218, 0.28026218, 0.28026218,\n       0.28026218, 0.28026218]))", "callback": [0.5743007985638959, 0.45389077651814624, 0.38872906387037254, 0.33044933792223463, 0.32147914115448395, 0.32002851262162635, 0.3185543316749424, 0.3142625446055819, 0.3058289051722548, 0.2993994108010565, 0.29783481006343726, 0.297674503779329, 0.29762989333240186, 0.2976218453167079, 0.2976210389634344, 0.29762085577224384, 0.29762081460778145, 0.2976207864484991, 0.29762075908427865, 0.2976207333352592, 0.2976206267367709, 0.2976204066816579, 0.29762023862710374, 0.2976194734372526, 0.29761651127620004, 0.29760956424229434, 0.297600444772011, 0.2975824685145422, 0.29755099896281867, 0.297479084702461, 0.29727877723530793, 0.2966727749552258, 0.296198320931804, 0.2944928402199527, 0.29254947363214845, 0.2899783397183151, 0.28487782129164596, 0.2833663950962183, 0.2827187236288383, 0.28208216259836516, 0.28149753314953574, 0.2811781288794828, 0.28056180969758016, 0.2803282602342566, 0.2802993802848709, 0.2802736875934033, 0.2802656313263694, 0.2802628754501848, 0.2802623606376107, 0.2802623031567536, 0.2802621920379056, 0.2802621920379056, 0.28026218339435205, 0.28026218154780536, 0.2802621813873194, 0.2802621812280591, 0.28026218117235346, 0.2802621811579935, 0.2802621811570556]}, "9": {"maxiter": 1000, "fatol": 1e-05, "xatol": 1e-10, "duration": 0.2566351890563965, "fun": "0.28026218115632506", "nit": "679", "nfev": "1125", "status": "0", "success": "True", "message": "Optimization terminated successfully.", "x": "[0.46446203 5.51382233 1.54299504 2.72622786 2.0017619  6.96609436]", "final_simplex": "(array([[0.46446203, 5.51382233, 1.54299504, 2.72622786, 2.0017619 ,\n        6.96609436],\n       [0.46446203, 5.51382233, 1.54299504, 2.72622786, 2.0017619 ,\n        6.96609436],\n       [0.46446203, 5.51382233, 1.54299504, 2.72622786, 2.0017619 ,\n        6.96609436],\n       [0.46446203, 5.51382233, 1.54299504, 2.72622786, 2.0017619 ,\n        6.96609436],\n       [0.46446203, 5.51382233, 1.54299504, 2.72622786, 2.0017619 ,\n        6.96609436],\n       [0.46446203, 5.51382233, 1.54299504, 2.72622786, 2.0017619 ,\n        6.96609436],\n       [0.46446203, 5.51382233, 1.54299504, 2.72622786, 2.0017619 ,\n        6.96609436]]), array([0.28026218, 0.28026218, 0.28026218, 0.28026218, 0.28026218,\n       0.28026218, 0.28026218]))", "callback": [0.5743007985638959, 0.45389077651814624, 0.38872906387037254, 0.33044933792223463, 0.32147914115448395, 0.32002851262162635, 0.3185543316749424, 0.3142625446055819, 0.3058289051722548, 0.2993994108010565, 0.29783481006343726, 0.297674503779329, 0.29762989333240186, 0.2976218453167079, 0.2976210389634344, 0.29762085577224384, 0.29762081460778145, 0.2976207864484991, 0.29762075908427865, 0.2976207333352592, 0.2976206267367709, 0.2976204066816579, 0.29762023862710374, 0.2976194734372526, 0.29761651127620004, 0.29760956424229434, 0.297600444772011, 0.2975824685145422, 0.29755099896281867, 0.297479084702461, 0.29727877723530793, 0.2966727749552258, 0.296198320931804, 0.2944928402199527, 0.29254947363214845, 0.2899783397183151, 0.28487782129164596, 0.2833663950962183, 0.2827187236288383, 0.28208216259836516, 0.28149753314953574, 0.2811781288794828, 0.28056180969758016, 0.2803282602342566, 0.2802993802848709, 0.2802736875934033, 0.2802656313263694, 0.2802628754501848, 0.2802623606376107, 0.2802623031567536, 0.2802621920379056, 0.2802621920379056, 0.28026218339435205, 0.28026218154780536, 0.2802621813873194, 0.2802621812280591, 0.28026218117235346, 0.2802621811579935, 0.2802621811570556, 0.2802621811565381, 0.28026218115636337, 0.28026218115633894, 0.2802621811563277, 0.28026218115632573, 0.2802621811563253, 0.28026218115632506, 0.28026218115632506, 0.28026218115632506]}, "10": {"maxiter": 1000, "fatol": 1e-10, "xatol": 1e-05, "duration": 0.2044670581817627, "fun": "0.2802621811570556", "nit": "582", "nfev": "902", "status": "0", "success": "True", "message": "Optimization terminated successfully.", "x": "[0.46446278 5.51382731 1.54299071 2.72622857 2.00176025 6.96609231]", "final_simplex": "(array([[0.46446278, 5.51382731, 1.54299071, 2.72622857, 2.00176025,\n        6.96609231],\n       [0.46446106, 5.51382375, 1.54299621, 2.72622716, 2.00176157,\n        6.96609305],\n       [0.46446158, 5.51382216, 1.54299297, 2.72622611, 2.00175824,\n        6.96609349],\n       [0.4644644 , 5.51382278, 1.54299691, 2.72622775, 2.00176626,\n        6.96609858],\n       [0.46446494, 5.5138221 , 1.54299813, 2.72622964, 2.00175975,\n        6.9660886 ],\n       [0.46446448, 5.5138205 , 1.54299793, 2.72622482, 2.00176919,\n        6.96609886],\n       [0.46446055, 5.5138201 , 1.54299598, 2.72622883, 2.00176944,\n        6.96610099]]), array([0.28026218, 0.28026218, 0.28026218, 0.28026218, 0.28026218,\n       0.28026218, 0.28026218]))", "callback": [0.5743007985638959, 0.45389077651814624, 0.38872906387037254, 0.33044933792223463, 0.32147914115448395, 0.32002851262162635, 0.3185543316749424, 0.3142625446055819, 0.3058289051722548, 0.2993994108010565, 0.29783481006343726, 0.297674503779329, 0.29762989333240186, 0.2976218453167079, 0.2976210389634344, 0.29762085577224384, 0.29762081460778145, 0.2976207864484991, 0.29762075908427865, 0.2976207333352592, 0.2976206267367709, 0.2976204066816579, 0.29762023862710374, 0.2976194734372526, 0.29761651127620004, 0.29760956424229434, 0.297600444772011, 0.2975824685145422, 0.29755099896281867, 0.297479084702461, 0.29727877723530793, 0.2966727749552258, 0.296198320931804, 0.2944928402199527, 0.29254947363214845, 0.2899783397183151, 0.28487782129164596, 0.2833663950962183, 0.2827187236288383, 0.28208216259836516, 0.28149753314953574, 0.2811781288794828, 0.28056180969758016, 0.2803282602342566, 0.2802993802848709, 0.2802736875934033, 0.2802656313263694, 0.2802628754501848, 0.2802623606376107, 0.2802623031567536, 0.2802621920379056, 0.2802621920379056, 0.28026218339435205, 0.28026218154780536, 0.2802621813873194, 0.2802621812280591, 0.28026218117235346, 0.2802621811579935, 0.2802621811570556]}, "11": {"maxiter": 1000, "fatol": 1e-10, "xatol": 1e-10, "duration": 0.2531890869140625, "fun": "0.28026218115632506", "nit": "679", "nfev": "1125", "status": "0", "success": "True", "message": "Optimization terminated successfully.", "x": "[0.46446203 5.51382233 1.54299504 2.72622786 2.0017619  6.96609436]", "final_simplex": "(array([[0.46446203, 5.51382233, 1.54299504, 2.72622786, 2.0017619 ,\n        6.96609436],\n       [0.46446203, 5.51382233, 1.54299504, 2.72622786, 2.0017619 ,\n        6.96609436],\n       [0.46446203, 5.51382233, 1.54299504, 2.72622786, 2.0017619 ,\n        6.96609436],\n       [0.46446203, 5.51382233, 1.54299504, 2.72622786, 2.0017619 ,\n        6.96609436],\n       [0.46446203, 5.51382233, 1.54299504, 2.72622786, 2.0017619 ,\n        6.96609436],\n       [0.46446203, 5.51382233, 1.54299504, 2.72622786, 2.0017619 ,\n        6.96609436],\n       [0.46446203, 5.51382233, 1.54299504, 2.72622786, 2.0017619 ,\n        6.96609436]]), array([0.28026218, 0.28026218, 0.28026218, 0.28026218, 0.28026218,\n       0.28026218, 0.28026218]))", "callback": [0.5743007985638959, 0.45389077651814624, 0.38872906387037254, 0.33044933792223463, 0.32147914115448395, 0.32002851262162635, 0.3185543316749424, 0.3142625446055819, 0.3058289051722548, 0.2993994108010565, 0.29783481006343726, 0.297674503779329, 0.29762989333240186, 0.2976218453167079, 0.2976210389634344, 0.29762085577224384, 0.29762081460778145, 0.2976207864484991, 0.29762075908427865, 0.2976207333352592, 0.2976206267367709, 0.2976204066816579, 0.29762023862710374, 0.2976194734372526, 0.29761651127620004, 0.29760956424229434, 0.297600444772011, 0.2975824685145422, 0.29755099896281867, 0.297479084702461, 0.29727877723530793, 0.2966727749552258, 0.296198320931804, 0.2944928402199527, 0.29254947363214845, 0.2899783397183151, 0.28487782129164596, 0.2833663950962183, 0.2827187236288383, 0.28208216259836516, 0.28149753314953574, 0.2811781288794828, 0.28056180969758016, 0.2803282602342566, 0.2802993802848709, 0.2802736875934033, 0.2802656313263694, 0.2802628754501848, 0.2802623606376107, 0.2802623031567536, 0.2802621920379056, 0.2802621920379056, 0.28026218339435205, 0.28026218154780536, 0.2802621813873194, 0.2802621812280591, 0.28026218117235346, 0.2802621811579935, 0.2802621811570556, 0.2802621811565381, 0.28026218115636337, 0.28026218115633894, 0.2802621811563277, 0.28026218115632573, 0.2802621811563253, 0.28026218115632506, 0.28026218115632506, 0.28026218115632506]}}, "bfgs": {"type": "gradient", "0": {"maxiter": 100, "gtol": 1e-05, "xrtol": 1e-05, "eps": 1e-05, "duration": 0.048689842224121094, "fun": "0.280262181350717", "jac": "[ 3.07023296e-06 -1.28222988e-06 -4.36262138e-07  3.97093469e-07\n -1.62292402e-07  1.39854794e-07]", "hess_inv": "[[  4.1520301    2.08048631  -1.24463243  -1.54695406   1.28729937\n   -1.33990194]\n [  2.08048631  18.48719633 -17.72218818  -1.15309436  -9.11808633\n  -10.70921566]\n [ -1.24463243 -17.72218818  21.92988361   2.38467384  12.71939026\n   11.63081377]\n [ -1.54695406  -1.15309436   2.38467384   4.97776728   3.07383598\n    3.22169437]\n [  1.28729937  -9.11808633  12.71939026   3.07383598  29.54401287\n   25.75226694]\n [ -1.33990194 -10.70921566  11.63081377   3.22169437  25.75226694\n   27.96639331]]", "nfev": "210", "njev": "30", "status": "0", "success": "True", "message": "Optimization terminated successfully.", "x": "[ 0.46446463  5.51384245  1.54295561  3.55693775 -1.13993069  3.82440894]", "nit": "27", "callback": [0.46378932228585035, 0.43168826485855727, 0.3832599398044797, 0.31227820644114257, 0.2903061266500877, 0.28823498700017514, 0.2873329110052364, 0.2870043112447064, 0.2863843378355022, 0.2852544716360502, 0.2834970674742593, 0.2825382019946786, 0.28216055696712106, 0.28173080380150317, 0.28156193782032146, 0.281301417544634, 0.28110649834487067, 0.28102449811883257, 0.28088636814405055, 0.28066541554472735, 0.2804000701621676, 0.28029350889847904, 0.2802645293340046, 0.28026235165366264, 0.28026219206151604, 0.2802621824640661, 0.280262181350717]}, "1": {"maxiter": 100, "gtol": 1e-05, "xrtol": 1e-05, "eps": 1e-10, "duration": 0.04761695861816406, "fun": "0.28026218241051204", "jac": "[ 5.55111466e-06  2.22044587e-06  2.22044587e-06 -8.88178346e-06\n  9.99200639e-06 -2.22044587e-06]", "hess_inv": "[[ 4.45861605e+00  2.53181127e+00 -1.62167301e+00 -1.71384748e+00\n   2.86863905e+00 -9.78745444e-03]\n [ 2.53181127e+00  1.81522724e+01 -1.71995616e+01 -1.42372757e+00\n  -7.95593861e+00 -9.97833442e+00]\n [-1.62167301e+00 -1.71995616e+01  2.12117464e+01  2.58028068e+00\n   1.17739222e+01  1.10627963e+01]\n [-1.71384748e+00 -1.42372757e+00  2.58028068e+00  4.98819318e+00\n   1.77451053e+00  2.06400045e+00]\n [ 2.86863905e+00 -7.95593861e+00  1.17739222e+01  1.77451053e+00\n   3.38975195e+01  2.87957502e+01]\n [-9.78745444e-03 -9.97833442e+00  1.10627963e+01  2.06400045e+00\n   2.87957502e+01  2.99041956e+01]]", "nfev": "203", "njev": "29", "status": "0", "success": "True", "message": "Optimization terminated successfully.", "x": "[ 0.46453798  5.51380801  1.54303316  3.55692274 -1.13961987  3.82464692]", "nit": "26", "callback": [0.4637902707447914, 0.43168915295359045, 0.383261659059003, 0.31227854511457886, 0.2903057876426519, 0.2882345534354791, 0.2873326963678271, 0.2870040574854926, 0.2863842090443568, 0.285254953083966, 0.2834989050652841, 0.28253916920648414, 0.2821612153222882, 0.28173120877293767, 0.28156257963055364, 0.28130234351242844, 0.28110715968466193, 0.2810251615234879, 0.28088679501237546, 0.28066522333726973, 0.280399330226333, 0.280293616845122, 0.28026447293318524, 0.2802623463763211, 0.28026219656252704, 0.28026218241051204]}, "2": {"maxiter": 100, "gtol": 1e-05, "xrtol": 1e-10, "eps": 1e-05, "duration": 0.04877209663391113, "fun": "0.280262181350717", "jac": "[ 3.07023296e-06 -1.28222988e-06 -4.36262138e-07  3.97093469e-07\n -1.62292402e-07  1.39854794e-07]", "hess_inv": "[[  4.1520301    2.08048631  -1.24463243  -1.54695406   1.28729937\n   -1.33990194]\n [  2.08048631  18.48719633 -17.72218818  -1.15309436  -9.11808633\n  -10.70921566]\n [ -1.24463243 -17.72218818  21.92988361   2.38467384  12.71939026\n   11.63081377]\n [ -1.54695406  -1.15309436   2.38467384   4.97776728   3.07383598\n    3.22169437]\n [  1.28729937  -9.11808633  12.71939026   3.07383598  29.54401287\n   25.75226694]\n [ -1.33990194 -10.70921566  11.63081377   3.22169437  25.75226694\n   27.96639331]]", "nfev": "210", "njev": "30", "status": "0", "success": "True", "message": "Optimization terminated successfully.", "x": "[ 0.46446463  5.51384245  1.54295561  3.55693775 -1.13993069  3.82440894]", "nit": "27", "callback": [0.46378932228585035, 0.43168826485855727, 0.3832599398044797, 0.31227820644114257, 0.2903061266500877, 0.28823498700017514, 0.2873329110052364, 0.2870043112447064, 0.2863843378355022, 0.2852544716360502, 0.2834970674742593, 0.2825382019946786, 0.28216055696712106, 0.28173080380150317, 0.28156193782032146, 0.281301417544634, 0.28110649834487067, 0.28102449811883257, 0.28088636814405055, 0.28066541554472735, 0.2804000701621676, 0.28029350889847904, 0.2802645293340046, 0.28026235165366264, 0.28026219206151604, 0.2802621824640661, 0.280262181350717]}, "3": {"maxiter": 100, "gtol": 1e-05, "xrtol": 1e-10, "eps": 1e-10, "duration": 0.04584908485412598, "fun": "0.28026218241051204", "jac": "[ 5.55111466e-06  2.22044587e-06  2.22044587e-06 -8.88178346e-06\n  9.99200639e-06 -2.22044587e-06]", "hess_inv": "[[ 4.45861605e+00  2.53181127e+00 -1.62167301e+00 -1.71384748e+00\n   2.86863905e+00 -9.78745444e-03]\n [ 2.53181127e+00  1.81522724e+01 -1.71995616e+01 -1.42372757e+00\n  -7.95593861e+00 -9.97833442e+00]\n [-1.62167301e+00 -1.71995616e+01  2.12117464e+01  2.58028068e+00\n   1.17739222e+01  1.10627963e+01]\n [-1.71384748e+00 -1.42372757e+00  2.58028068e+00  4.98819318e+00\n   1.77451053e+00  2.06400045e+00]\n [ 2.86863905e+00 -7.95593861e+00  1.17739222e+01  1.77451053e+00\n   3.38975195e+01  2.87957502e+01]\n [-9.78745444e-03 -9.97833442e+00  1.10627963e+01  2.06400045e+00\n   2.87957502e+01  2.99041956e+01]]", "nfev": "203", "njev": "29", "status": "0", "success": "True", "message": "Optimization terminated successfully.", "x": "[ 0.46453798  5.51380801  1.54303316  3.55692274 -1.13961987  3.82464692]", "nit": "26", "callback": [0.4637902707447914, 0.43168915295359045, 0.383261659059003, 0.31227854511457886, 0.2903057876426519, 0.2882345534354791, 0.2873326963678271, 0.2870040574854926, 0.2863842090443568, 0.285254953083966, 0.2834989050652841, 0.28253916920648414, 0.2821612153222882, 0.28173120877293767, 0.28156257963055364, 0.28130234351242844, 0.28110715968466193, 0.2810251615234879, 0.28088679501237546, 0.28066522333726973, 0.280399330226333, 0.280293616845122, 0.28026447293318524, 0.2802623463763211, 0.28026219656252704, 0.28026218241051204]}, "4": {"maxiter": 100, "gtol": 1e-10, "xrtol": 1e-05, "eps": 1e-05, "duration": 0.09258294105529785, "fun": "0.280262181350717", "jac": "[ 3.07023296e-06 -1.28222988e-06 -4.36262138e-07  3.97093469e-07\n -1.62292402e-07  1.39854794e-07]", "hess_inv": "[[  4.52575667   1.95350375  -1.09386481  -1.74819183   1.94187954\n   -0.92821018]\n [  1.95350375  18.21720453 -17.49845953  -0.95601936  -9.64987244\n  -11.08106359]\n [ -1.09386481 -17.49845953  21.74927628   2.19048415  13.25511268\n   12.0005788 ]\n [ -1.74819183  -0.95601936   2.19048415   5.03323063   2.84852318\n    3.09535189]\n [  1.94187954  -9.64987244  13.25511268   2.84852318  30.38484508\n   26.24416278]\n [ -0.92821018 -11.08106359  12.0005788    3.09535189  26.24416278\n   28.24807136]]", "nfev": "417", "njev": "58", "status": "2", "success": "False", "message": "Desired error not necessarily achieved due to precision loss.", "x": "[ 0.46446463  5.51384245  1.54295561  3.55693775 -1.13993069  3.82440894]", "nit": "27", "callback": [0.46378932228585035, 0.43168826485855727, 0.3832599398044797, 0.31227820644114257, 0.2903061266500877, 0.28823498700017514, 0.2873329110052364, 0.2870043112447064, 0.2863843378355022, 0.2852544716360502, 0.2834970674742593, 0.2825382019946786, 0.28216055696712106, 0.28173080380150317, 0.28156193782032146, 0.281301417544634, 0.28110649834487067, 0.28102449811883257, 0.28088636814405055, 0.28066541554472735, 0.2804000701621676, 0.28029350889847904, 0.2802645293340046, 0.28026235165366264, 0.28026219206151604, 0.2802621824640661, 0.280262181350717]}, "5": {"maxiter": 100, "gtol": 1e-10, "xrtol": 1e-05, "eps": 1e-10, "duration": 0.05153703689575195, "fun": "0.2802621811991869", "jac": "[ 4.44089173e-06  1.11022293e-06 -2.22044587e-06  4.44089173e-06\n  1.11022293e-06  1.11022293e-06]", "hess_inv": "[[  4.96312391   2.76423727  -2.06081368  -1.7764438    3.84634256\n    0.87580971]\n [  2.76423727  18.1803631  -16.75783641  -1.78396451  -6.20206469\n   -8.81888317]\n [ -2.06081368 -16.75783641  19.79951343   3.19613252   8.42192498\n    8.8797181 ]\n [ -1.7764438   -1.78396451   3.19613252   4.93128908   2.08903109\n    2.18703637]\n [  3.84634256  -6.20206469   8.42192498   2.08903109  33.38915744\n   29.19620968]\n [  0.87580971  -8.81888317   8.8797181    2.18703637  29.19620968\n   30.74058941]]", "nfev": "224", "njev": "32", "status": "0", "success": "True", "message": "Optimization terminated successfully.", "x": "[ 0.46447031  5.51383674  1.54297352  3.5569534  -1.13986992  3.82446276]", "nit": "28", "callback": [0.4637902707447914, 0.43168915295359045, 0.383261659059003, 0.31227854511457886, 0.2903057876426519, 0.2882345534354791, 0.2873326963678271, 0.2870040574854926, 0.2863842090443568, 0.285254953083966, 0.2834989050652841, 0.28253916920648414, 0.2821612153222882, 0.28173120877293767, 0.28156257963055364, 0.28130234351242844, 0.28110715968466193, 0.2810251615234879, 0.28088679501237546, 0.28066522333726973, 0.280399330226333, 0.280293616845122, 0.28026447293318524, 0.2802623463763211, 0.28026219656252704, 0.28026218241051204, 0.2802621812745404, 0.2802621811991869]}, "6": {"maxiter": 100, "gtol": 1e-10, "xrtol": 1e-10, "eps": 1e-05, "duration": 0.09252190589904785, "fun": "0.280262181350717", "jac": "[ 3.07023296e-06 -1.28222988e-06 -4.36262138e-07  3.97093469e-07\n -1.62292402e-07  1.39854794e-07]", "hess_inv": "[[  4.52575667   1.95350375  -1.09386481  -1.74819183   1.94187954\n   -0.92821018]\n [  1.95350375  18.21720453 -17.49845953  -0.95601936  -9.64987244\n  -11.08106359]\n [ -1.09386481 -17.49845953  21.74927628   2.19048415  13.25511268\n   12.0005788 ]\n [ -1.74819183  -0.95601936   2.19048415   5.03323063   2.84852318\n    3.09535189]\n [  1.94187954  -9.64987244  13.25511268   2.84852318  30.38484508\n   26.24416278]\n [ -0.92821018 -11.08106359  12.0005788    3.09535189  26.24416278\n   28.24807136]]", "nfev": "417", "njev": "58", "status": "2", "success": "False", "message": "Desired error not necessarily achieved due to precision loss.", "x": "[ 0.46446463  5.51384245  1.54295561  3.55693775 -1.13993069  3.82440894]", "nit": "27", "callback": [0.46378932228585035, 0.43168826485855727, 0.3832599398044797, 0.31227820644114257, 0.2903061266500877, 0.28823498700017514, 0.2873329110052364, 0.2870043112447064, 0.2863843378355022, 0.2852544716360502, 0.2834970674742593, 0.2825382019946786, 0.28216055696712106, 0.28173080380150317, 0.28156193782032146, 0.281301417544634, 0.28110649834487067, 0.28102449811883257, 0.28088636814405055, 0.28066541554472735, 0.2804000701621676, 0.28029350889847904, 0.2802645293340046, 0.28026235165366264, 0.28026219206151604, 0.2802621824640661, 0.280262181350717]}, "7": {"maxiter": 100, "gtol": 1e-10, "xrtol": 1e-10, "eps": 1e-10, "duration": 0.0868370532989502, "fun": "0.2802621811991869", "jac": "[ 4.44089173e-06  3.33066880e-06  1.11022293e-06  2.22044587e-06\n -1.11022293e-06  0.00000000e+00]", "hess_inv": "[[ 22.34105588  30.26390637 -32.64143265  -1.44990077  42.82972719\n   32.87602741]\n [ 30.26390637  61.60077875 -65.54117253  -1.65446742  55.08181189\n   41.78405528]\n [-32.64143265 -65.54117253  72.02622121   1.04999577 -61.82341003\n  -47.57731745]\n [ -1.44990077  -1.65446742   1.04999577   3.38144746   1.19304237\n    2.64476006]\n [ 42.82972719  55.08181189 -61.82341003   1.19304237 119.13496567\n  100.83104651]\n [ 32.87602741  41.78405528 -47.57731745   2.64476006 100.83104651\n   89.65345011]]", "nfev": "385", "njev": "55", "status": "0", "success": "True", "message": "Optimization terminated successfully.", "x": "[ 0.46447031  5.51383674  1.54297352  3.5569534  -1.13986992  3.82446276]", "nit": "29", "callback": [0.4637902707447914, 0.43168915295359045, 0.383261659059003, 0.31227854511457886, 0.2903057876426519, 0.2882345534354791, 0.2873326963678271, 0.2870040574854926, 0.2863842090443568, 0.285254953083966, 0.2834989050652841, 0.28253916920648414, 0.2821612153222882, 0.28173120877293767, 0.28156257963055364, 0.28130234351242844, 0.28110715968466193, 0.2810251615234879, 0.28088679501237546, 0.28066522333726973, 0.280399330226333, 0.280293616845122, 0.28026447293318524, 0.2802623463763211, 0.28026219656252704, 0.28026218241051204, 0.2802621812745404, 0.2802621811991869, 0.2802621811991869]}, "8": {"maxiter": 500, "gtol": 1e-05, "xrtol": 1e-05, "eps": 1e-05, "duration": 0.04612612724304199, "fun": "0.280262181350717", "jac": "[ 3.07023296e-06 -1.28222988e-06 -4.36262138e-07  3.97093469e-07\n -1.62292402e-07  1.39854794e-07]", "hess_inv": "[[  4.1520301    2.08048631  -1.24463243  -1.54695406   1.28729937\n   -1.33990194]\n [  2.08048631  18.48719633 -17.72218818  -1.15309436  -9.11808633\n  -10.70921566]\n [ -1.24463243 -17.72218818  21.92988361   2.38467384  12.71939026\n   11.63081377]\n [ -1.54695406  -1.15309436   2.38467384   4.97776728   3.07383598\n    3.22169437]\n [  1.28729937  -9.11808633  12.71939026   3.07383598  29.54401287\n   25.75226694]\n [ -1.33990194 -10.70921566  11.63081377   3.22169437  25.75226694\n   27.96639331]]", "nfev": "210", "njev": "30", "status": "0", "success": "True", "message": "Optimization terminated successfully.", "x": "[ 0.46446463  5.51384245  1.54295561  3.55693775 -1.13993069  3.82440894]", "nit": "27", "callback": [0.46378932228585035, 0.43168826485855727, 0.3832599398044797, 0.31227820644114257, 0.2903061266500877, 0.28823498700017514, 0.2873329110052364, 0.2870043112447064, 0.2863843378355022, 0.2852544716360502, 0.2834970674742593, 0.2825382019946786, 0.28216055696712106, 0.28173080380150317, 0.28156193782032146, 0.281301417544634, 0.28110649834487067, 0.28102449811883257, 0.28088636814405055, 0.28066541554472735, 0.2804000701621676, 0.28029350889847904, 0.2802645293340046, 0.28026235165366264, 0.28026219206151604, 0.2802621824640661, 0.280262181350717]}, "9": {"maxiter": 500, "gtol": 1e-05, "xrtol": 1e-05, "eps": 1e-10, "duration": 0.04530811309814453, "fun": "0.28026218241051204", "jac": "[ 5.55111466e-06  2.22044587e-06  2.22044587e-06 -8.88178346e-06\n  9.99200639e-06 -2.22044587e-06]", "hess_inv": "[[ 4.45861605e+00  2.53181127e+00 -1.62167301e+00 -1.71384748e+00\n   2.86863905e+00 -9.78745444e-03]\n [ 2.53181127e+00  1.81522724e+01 -1.71995616e+01 -1.42372757e+00\n  -7.95593861e+00 -9.97833442e+00]\n [-1.62167301e+00 -1.71995616e+01  2.12117464e+01  2.58028068e+00\n   1.17739222e+01  1.10627963e+01]\n [-1.71384748e+00 -1.42372757e+00  2.58028068e+00  4.98819318e+00\n   1.77451053e+00  2.06400045e+00]\n [ 2.86863905e+00 -7.95593861e+00  1.17739222e+01  1.77451053e+00\n   3.38975195e+01  2.87957502e+01]\n [-9.78745444e-03 -9.97833442e+00  1.10627963e+01  2.06400045e+00\n   2.87957502e+01  2.99041956e+01]]", "nfev": "203", "njev": "29", "status": "0", "success": "True", "message": "Optimization terminated successfully.", "x": "[ 0.46453798  5.51380801  1.54303316  3.55692274 -1.13961987  3.82464692]", "nit": "26", "callback": [0.4637902707447914, 0.43168915295359045, 0.383261659059003, 0.31227854511457886, 0.2903057876426519, 0.2882345534354791, 0.2873326963678271, 0.2870040574854926, 0.2863842090443568, 0.285254953083966, 0.2834989050652841, 0.28253916920648414, 0.2821612153222882, 0.28173120877293767, 0.28156257963055364, 0.28130234351242844, 0.28110715968466193, 0.2810251615234879, 0.28088679501237546, 0.28066522333726973, 0.280399330226333, 0.280293616845122, 0.28026447293318524, 0.2802623463763211, 0.28026219656252704, 0.28026218241051204]}, 