{"date": "2024/09/25/, 15:24:55", "conf_id": 257, "data_type": "var_s_rank\n", "num_data_points": 1, "s_rank": 0, "unitary": "[[0.18663085-0.53122324j,-0.11886349-0.70040876j,0.28555095-0.02789305j,-0.12262021-0.2844587j],[-0.16702216+0.27758472j,0.27526351-0.29738586j,-0.01109314+0.22495461j,-0.77239203+0.28900673j],[0.61935415+0.12301792j,-0.31269928-0.03315917j,-0.61902762-0.19039079j,-0.27120731-0.0968989j],[0.42341754+0.0023929j,-0.05847358+0.47832119j,0.64900495-0.16218422j,-0.37182676-0.05229966j]]", "databatch_0": {"databatch": "[[[-0.18180337+0.08956297j,-0.28491263+0.05985633j,0.44671799-0.11419704j,0.01454728-0.04367651j],[0.24690679-0.17911654j,-0.26715272-0.05065514j,-0.00583741-0.14630014j,-0.02615801+0.26763954j],[0.01889487+0.0662924j,-0.25148664+0.13291268j,-0.2689748+0.05189171j,-0.04352605-0.30028587j],[-0.08276571-0.07371572j,-0.1675028+0.0891195j,-0.01937306+0.04026463j,-0.25763309-0.17114705j]]]", "initial param values": "[1.14888068,5.86809638,4.66068673,2.16926449,4.16050551,2.2064468]", "nelder_mead": {"type": "gradient-free", "0": {"maxiter": 100, "fatol": 1e-05, "xatol": 1e-05, "duration": 0.0472569465637207, "fun": "0.28113538189460563", "nit": "100", "nfev": "153", "status": "2", "success": "False", "message": "Maximum number of iterations has been exceeded.", "x": "[1.44839205 7.06586346 3.0456566  2.6479515  6.09079107 1.93234661]", "final_simplex": "(array([[1.44839205, 7.06586346, 3.0456566 , 2.6479515 , 6.09079107,\n        1.93234661],\n       [1.45343739, 7.05072557, 3.07842029, 2.63248804, 6.07467538,\n        1.90974153],\n       [1.43190649, 7.0814232 , 3.03670891, 2.62165127, 6.0265456 ,\n        1.87237206],\n       [1.4418496 , 7.02804097, 3.04182758, 2.63503385, 6.05751426,\n        1.89348767],\n       [1.44107962, 7.04240449, 3.05776558, 2.6262498 , 6.04305132,\n        1.91793184],\n       [1.47095092, 7.05853062, 3.04106194, 2.61642505, 6.08904806,\n        1.92056416],\n       [1.45380307, 7.05862578, 3.01344316, 2.58937507, 6.03947609,\n        1.90343484]]), array([0.28113538, 0.28131161, 0.28170711, 0.28171795, 0.28177974,\n       0.28180517, 0.28199696]))", "callback": [0.9398534380857938, 0.6733410526245156, 0.3262560475203783, 0.3012578667616209, 0.2967908452972382, 0.2925317587722618, 0.2888802410746373, 0.2865221755897126, 0.28306874710221963, 0.28199695731617924]}, "1": {"maxiter": 100, "fatol": 1e-05, "xatol": 1e-10, "duration": 0.0487978458404541, "fun": "0.28113538189460563", "nit": "100", "nfev": "153", "status": "2", "success": "False", "message": "Maximum number of iterations has been exceeded.", "x": "[1.44839205 7.06586346 3.0456566  2.6479515  6.09079107 1.93234661]", "final_simplex": "(array([[1.44839205, 7.06586346, 3.0456566 , 2.6479515 , 6.09079107,\n        1.93234661],\n       [1.45343739, 7.05072557, 3.07842029, 2.63248804, 6.07467538,\n        1.90974153],\n       [1.43190649, 7.0814232 , 3.03670891, 2.62165127, 6.0265456 ,\n        1.87237206],\n       [1.4418496 , 7.02804097, 3.04182758, 2.63503385, 6.05751426,\n        1.89348767],\n       [1.44107962, 7.04240449, 3.05776558, 2.6262498 , 6.04305132,\n        1.91793184],\n       [1.47095092, 7.05853062, 3.04106194, 2.61642505, 6.08904806,\n        1.92056416],\n       [1.45380307, 7.05862578, 3.01344316, 2.58937507, 6.03947609,\n        1.90343484]]), array([0.28113538, 0.28131161, 0.28170711, 0.28171795, 0.28177974,\n       0.28180517, 0.28199696]))", "callback": [0.9398534380857938, 0.6733410526245156, 0.3262560475203783, 0.3012578667616209, 0.2967908452972382, 0.2925317587722618, 0.2888802410746373, 0.2865221755897126, 0.28306874710221963, 0.28199695731617924]}, "2": {"maxiter": 100, "fatol": 1e-10, "xatol": 1e-05, "duration": 0.04572701454162598, "fun": "0.28113538189460563", "nit": "100", "nfev": "153", "status": "2", "success": "False", "message": "Maximum number of iterations has been exceeded.", "x": "[1.44839205 7.06586346 3.0456566  2.6479515  6.09079107 1.93234661]", "final_simplex": "(array([[1.44839205, 7.06586346, 3.0456566 , 2.6479515 , 6.09079107,\n        1.93234661],\n       [1.45343739, 7.05072557, 3.07842029, 2.63248804, 6.07467538,\n        1.90974153],\n       [1.43190649, 7.0814232 , 3.03670891, 2.62165127, 6.0265456 ,\n        1.87237206],\n       [1.4418496 , 7.02804097, 3.04182758, 2.63503385, 6.05751426,\n        1.89348767],\n       [1.44107962, 7.04240449, 3.05776558, 2.6262498 , 6.04305132,\n        1.91793184],\n       [1.47095092, 7.05853062, 3.04106194, 2.61642505, 6.08904806,\n        1.92056416],\n       [1.45380307, 7.05862578, 3.01344316, 2.58937507, 6.03947609,\n        1.90343484]]), array([0.28113538, 0.28131161, 0.28170711, 0.28171795, 0.28177974,\n       0.28180517, 0.28199696]))", "callback": [0.9398534380857938, 0.6733410526245156, 0.3262560475203783, 0.3012578667616209, 0.2967908452972382, 0.2925317587722618, 0.2888802410746373, 0.2865221755897126, 0.28306874710221963, 0.28199695731617924]}, "3": {"maxiter": 100, "fatol": 1e-10, "xatol": 1e-10, "duration": 0.04815793037414551, "fun": "0.28113538189460563", "nit": "100", "nfev": "153", "status": "2", "success": "False", "message": "Maximum number of iterations has been exceeded.", "x": "[1.44839205 7.06586346 3.0456566  2.6479515  6.09079107 1.93234661]", "final_simplex": "(array([[1.44839205, 7.06586346, 3.0456566 , 2.6479515 , 6.09079107,\n        1.93234661],\n       [1.45343739, 7.05072557, 3.07842029, 2.63248804, 6.07467538,\n        1.90974153],\n       [1.43190649, 7.0814232 , 3.03670891, 2.62165127, 6.0265456 ,\n        1.87237206],\n       [1.4418496 , 7.02804097, 3.04182758, 2.63503385, 6.05751426,\n        1.89348767],\n       [1.44107962, 7.04240449, 3.05776558, 2.6262498 , 6.04305132,\n        1.91793184],\n       [1.47095092, 7.05853062, 3.04106194, 2.61642505, 6.08904806,\n        1.92056416],\n       [1.45380307, 7.05862578, 3.01344316, 2.58937507, 6.03947609,\n        1.90343484]]), array([0.28113538, 0.28131161, 0.28170711, 0.28171795, 0.28177974,\n       0.28180517, 0.28199696]))", "callback": [0.9398534380857938, 0.6733410526245156, 0.3262560475203783, 0.3012578667616209, 0.2967908452972382, 0.2925317587722618, 0.2888802410746373, 0.2865221755897126, 0.28306874710221963, 0.28199695731617924]}, "4": {"maxiter": 500, "fatol": 1e-05, "xatol": 1e-05, "duration": 0.19054603576660156, "fun": "0.22825043432904968", "nit": "401", "nfev": "618", "status": "0", "success": "True", "message": "Optimization terminated successfully.", "x": "[0.9821148  6.994045   3.07713532 2.29176323 6.71048834 2.48096679]", "final_simplex": "(array([[0.9821148 , 6.994045  , 3.07713532, 2.29176323, 6.71048834,\n        2.48096679],\n       [0.982115  , 6.99404617, 3.07713138, 2.29176011, 6.7104838 ,\n        2.48096293],\n       [0.98211527, 6.99405274, 3.07712644, 2.29175806, 6.71048871,\n        2.4809694 ],\n       [0.98211054, 6.99404724, 3.07712607, 2.29175919, 6.71048977,\n        2.48096934],\n       [0.98211393, 6.99404594, 3.07712973, 2.29176317, 6.71049066,\n        2.48097109],\n       [0.98211639, 6.9940476 , 3.07712879, 2.29176112, 6.71048566,\n        2.48096331],\n       [0.98211836, 6.99404406, 3.07713274, 2.2917633 , 6.71049525,\n        2.48097074]]), array([0.22825043, 0.22825043, 0.22825043, 0.22825043, 0.22825043,\n       0.22825043, 0.22825043]))", "callback": [0.9398534380857938, 0.6733410526245156, 0.3262560475203783, 0.3012578667616209, 0.2967908452972382, 0.2925317587722618, 0.2888802410746373, 0.2865221755897126, 0.28306874710221963, 0.28199695731617924, 0.28113538189460563, 0.28075173080863935, 0.2784599978679665, 0.26842560029965423, 0.2463198205397661, 0.24367753867528008, 0.23804612451216878, 0.23311088313681627, 0.22962631532551747, 0.22877338707701034, 0.22857754808838826, 0.22849586546403633, 0.22842703858939784, 0.2283789968925607, 0.22830754795753927, 0.22828671837849102, 0.22827209046847952, 0.2282528131690954, 0.2282523637516476, 0.22825071968996358, 0.22825050320060059, 0.22825045923731535, 0.22825044100773428, 0.22825044011924434, 0.22825043580368443, 0.22825043496841868, 0.2282504346258294, 0.22825043435527392, 0.22825043435527392, 0.22825043434088055, 0.22825043432904968]}, "5": {"maxiter": 500, "fatol": 1e-05, "xatol": 1e-10, "duration": 0.2272961139678955, "fun": "0.2282504343191032", "nit": "500", "nfev": "784", "status": "2", "success": "False", "message": "Maximum number of iterations has been exceeded.", "x": "[0.98211176 6.99404492 3.07713361 2.29175624 6.71049217 2.48097181]", "final_simplex": "(array([[0.98211176, 6.99404492, 3.07713361, 2.29175624, 6.71049217,\n        2.48097181],\n       [0.98211173, 6.99404493, 3.07713362, 2.29175623, 6.71049218,\n        2.48097187],\n       [0.98211172, 6.99404492, 3.07713365, 2.29175625, 6.71049219,\n        2.48097187],\n       [0.98211172, 6.99404491, 3.07713362, 2.29175624, 6.71049221,\n        2.48097185],\n       [0.98211173, 6.99404494, 3.07713363, 2.29175628, 6.71049219,\n        2.48097185],\n       [0.98211174, 6.99404485, 3.07713369, 2.29175627, 6.71049223,\n        2.48097186],\n       [0.98211173, 6.99404495, 3.07713365, 2.29175625, 6.7104922 ,\n        2.48097186]]), array([0.22825043, 0.22825043, 0.22825043, 0.22825043, 0.22825043,\n       0.22825043, 0.22825043]))", "callback": [0.9398534380857938, 0.6733410526245156, 0.3262560475203783, 0.3012578667616209, 0.2967908452972382, 0.2925317587722618, 0.2888802410746373, 0.2865221755897126, 0.28306874710221963, 0.28199695731617924, 0.28113538189460563, 0.28075173080863935, 0.2784599978679665, 0.26842560029965423, 0.2463198205397661, 0.24367753867528008, 0.23804612451216878, 0.23311088313681627, 0.22962631532551747, 0.22877338707701034, 0.22857754808838826, 0.22849586546403633, 0.22842703858939784, 0.2283789968925607, 0.22830754795753927, 0.22828671837849102, 0.22827209046847952, 0.2282528131690954, 0.2282523637516476, 0.22825071968996358, 0.22825050320060059, 0.22825045923731535, 0.22825044100773428, 0.22825044011924434, 0.22825043580368443, 0.22825043496841868, 0.2282504346258294, 0.22825043435527392, 0.22825043435527392, 0.22825043434088055, 0.22825043432774672, 0.22825043432223835, 0.22825043432091585, 0.2282504343206304, 0.22825043431946324, 0.2282504343192846, 0.22825043431915026, 0.22825043431910852, 0.2282504343191054, 0.2282504343191042]}, "6": {"maxiter": 500, "fatol": 1e-10, "xatol": 1e-05, "duration": 0.17257475852966309, "fun": "0.22825043432904968", "nit": "401", "nfev": "618", "status": "0", "success": "True", "message": "Optimization terminated successfully.", "x": "[0.9821148  6.994045   3.07713532 2.29176323 6.71048834 2.48096679]", "final_simplex": "(array([[0.9821148 , 6.994045  , 3.07713532, 2.29176323, 6.71048834,\n        2.48096679],\n       [0.982115  , 6.99404617, 3.07713138, 2.29176011, 6.7104838 ,\n        2.48096293],\n       [0.98211527, 6.99405274, 3.07712644, 2.29175806, 6.71048871,\n        2.4809694 ],\n       [0.98211054, 6.99404724, 3.07712607, 2.29175919, 6.71048977,\n        2.48096934],\n       [0.98211393, 6.99404594, 3.07712973, 2.29176317, 6.71049066,\n        2.48097109],\n       [0.98211639, 6.9940476 , 3.07712879, 2.29176112, 6.71048566,\n        2.48096331],\n       [0.98211836, 6.99404406, 3.07713274, 2.2917633 , 6.71049525,\n        2.48097074]]), array([0.22825043, 0.22825043, 0.22825043, 0.22825043, 0.22825043,\n       0.22825043, 0.22825043]))", "callback": [0.9398534380857938, 0.6733410526245156, 0.3262560475203783, 0.3012578667616209, 0.2967908452972382, 0.2925317587722618, 0.2888802410746373, 0.2865221755897126, 0.28306874710221963, 0.28199695731617924, 0.28113538189460563, 0.28075173080863935, 0.2784599978679665, 0.26842560029965423, 0.2463198205397661, 0.24367753867528008, 0.23804612451216878, 0.23311088313681627, 0.22962631532551747, 0.22877338707701034, 0.22857754808838826, 0.22849586546403633, 0.22842703858939784, 0.2283789968925607, 0.22830754795753927, 0.22828671837849102, 0.22827209046847952, 0.2282528131690954, 0.2282523637516476, 0.22825071968996358, 0.22825050320060059, 0.22825045923731535, 0.22825044100773428, 0.22825044011924434, 0.22825043580368443, 0.22825043496841868, 0.2282504346258294, 0.22825043435527392, 0.22825043435527392, 0.22825043434088055, 0.22825043432904968]}, "7": {"maxiter": 500, "fatol": 1e-10, "xatol": 1e-10, "duration": 0.18452787399291992, "fun": "0.2282504343191032", "nit": "500", "nfev": "784", "status": "2", "success": "False", "message": "Maximum number of iterations has been exceeded.", "x": "[0.98211176 6.99404492 3.07713361 2.29175624 6.71049217 2.48097181]", "final_simplex": "(array([[0.98211176, 6.99404492, 3.07713361, 2.29175624, 6.71049217,\n        2.48097181],\n       [0.98211173, 6.99404493, 3.07713362, 2.29175623, 6.71049218,\n        2.48097187],\n       [0.98211172, 6.99404492, 3.07713365, 2.29175625, 6.71049219,\n        2.48097187],\n       [0.98211172, 6.99404491, 3.07713362, 2.29175624, 6.71049221,\n        2.48097185],\n       [0.98211173, 6.99404494, 3.07713363, 2.29175628, 6.71049219,\n        2.48097185],\n       [0.98211174, 6.99404485, 3.07713369, 2.29175627, 6.71049223,\n        2.48097186],\n       [0.98211173, 6.99404495, 3.07713365, 2.29175625, 6.7104922 ,\n        2.48097186]]), array([0.22825043, 0.22825043, 0.22825043, 0.22825043, 0.22825043,\n       0.22825043, 0.22825043]))", "callback": [0.9398534380857938, 0.6733410526245156, 0.3262560475203783, 0.3012578667616209, 0.2967908452972382, 0.2925317587722618, 0.2888802410746373, 0.2865221755897126, 0.28306874710221963, 0.28199695731617924, 0.28113538189460563, 0.28075173080863935, 0.2784599978679665, 0.26842560029965423, 0.2463198205397661, 0.24367753867528008, 0.23804612451216878, 0.23311088313681627, 0.22962631532551747, 0.22877338707701034, 0.22857754808838826, 0.22849586546403633, 0.22842703858939784, 0.2283789968925607, 0.22830754795753927, 0.22828671837849102, 0.22827209046847952, 0.2282528131690954, 0.2282523637516476, 0.22825071968996358, 0.22825050320060059, 0.22825045923731535, 0.22825044100773428, 0.22825044011924434, 0.22825043580368443, 0.22825043496841868, 0.2282504346258294, 0.22825043435527392, 0.22825043435527392, 0.22825043434088055, 0.22825043432774672, 0.22825043432223835, 0.22825043432091585, 0.2282504343206304, 0.22825043431946324, 0.2282504343192846, 0.22825043431915026, 0.22825043431910852, 0.2282504343191054, 0.2282504343191042]}, "8": {"maxiter": 1000, "fatol": 1e-05, "xatol": 1e-05, "duration": 0.15003323554992676, "fun": "0.22825043432904968", "nit": "401", "nfev": "618", "status": "0", "success": "True", "message": "Optimization terminated successfully.", "x": "[0.9821148  6.994045   3.07713532 2.29176323 6.71048834 2.48096679]", "final_simplex": "(array([[0.9821148 , 6.994045  , 3.07713532, 2.29176323, 6.71048834,\n        2.48096679],\n       [0.982115  , 6.99404617, 3.07713138, 2.29176011, 6.7104838 ,\n        2.48096293],\n       [0.98211527, 6.99405274, 3.07712644, 2.29175806, 6.71048871,\n        2.4809694 ],\n       [0.98211054, 6.99404724, 3.07712607, 2.29175919, 6.71048977,\n        2.48096934],\n       [0.98211393, 6.99404594, 3.07712973, 2.29176317, 6.71049066,\n        2.48097109],\n       [0.98211639, 6.9940476 , 3.07712879, 2.29176112, 6.71048566,\n        2.48096331],\n       [0.98211836, 6.99404406, 3.07713274, 2.2917633 , 6.71049525,\n        2.48097074]]), array([0.22825043, 0.22825043, 0.22825043, 0.22825043, 0.22825043,\n       0.22825043, 0.22825043]))", "callback": [0.9398534380857938, 0.6733410526245156, 0.3262560475203783, 0.3012578667616209, 0.2967908452972382, 0.2925317587722618, 0.2888802410746373, 0.2865221755897126, 0.28306874710221963, 0.28199695731617924, 0.28113538189460563, 0.28075173080863935, 0.2784599978679665, 0.26842560029965423, 0.2463198205397661, 0.24367753867528008, 0.23804612451216878, 0.23311088313681627, 0.22962631532551747, 0.22877338707701034, 0.22857754808838826, 0.22849586546403633, 0.22842703858939784, 0.2283789968925607, 0.22830754795753927, 0.22828671837849102, 0.22827209046847952, 0.2282528131690954, 0.2282523637516476, 0.22825071968996358, 0.22825050320060059, 0.22825045923731535, 0.22825044100773428, 0.22825044011924434, 0.22825043580368443, 0.22825043496841868, 0.2282504346258294, 0.22825043435527392, 0.22825043435527392, 0.22825043434088055, 0.22825043432904968]}, "9": {"maxiter": 1000, "fatol": 1e-05, "xatol": 1e-10, "duration": 0.21348309516906738, "fun": "0.22825043431910264", "nit": "547", "nfev": "911", "status": "0", "success": "True", "message": "Optimization terminated successfully.", "x": "[0.98211175 6.99404492 3.07713364 2.29175627 6.71049216 2.48097183]", "final_simplex": "(array([[0.98211175, 6.99404492, 3.07713364, 2.29175627, 6.71049216,\n        2.48097183],\n       [0.98211175, 6.99404492, 3.07713364, 2.29175627, 6.71049216,\n        2.48097183],\n       [0.98211175, 6.99404492, 3.07713364, 2.29175627, 6.71049216,\n        2.48097183],\n       [0.98211175, 6.99404492, 3.07713364, 2.29175627, 6.71049216,\n        2.48097183],\n       [0.98211175, 6.99404492, 3.07713364, 2.29175627, 6.71049216,\n        2.48097183],\n       [0.98211175, 6.99404492, 3.07713364, 2.29175627, 6.71049216,\n        2.48097183],\n       [0.98211175, 6.99404492, 3.07713364, 2.29175627, 6.71049216,\n        2.48097183]]), array([0.22825043, 0.22825043, 0.22825043, 0.22825043, 0.22825043,\n       0.22825043, 0.22825043]))", "callback": [0.9398534380857938, 0.6733410526245156, 0.3262560475203783, 0.3012578667616209, 0.2967908452972382, 0.2925317587722618, 0.2888802410746373, 0.2865221755897126, 0.28306874710221963, 0.28199695731617924, 0.28113538189460563, 0.28075173080863935, 0.2784599978679665, 0.26842560029965423, 0.2463198205397661, 0.24367753867528008, 0.23804612451216878, 0.23311088313681627, 0.22962631532551747, 0.22877338707701034, 0.22857754808838826, 0.22849586546403633, 0.22842703858939784, 0.2283789968925607, 0.22830754795753927, 0.22828671837849102, 0.22827209046847952, 0.2282528131690954, 0.2282523637516476, 0.22825071968996358, 0.22825050320060059, 0.22825045923731535, 0.22825044100773428, 0.22825044011924434, 0.22825043580368443, 0.22825043496841868, 0.2282504346258294, 0.22825043435527392, 0.22825043435527392, 0.22825043434088055, 0.22825043432774672, 0.22825043432223835, 0.22825043432091585, 0.2282504343206304, 0.22825043431946324, 0.2282504343192846, 0.22825043431915026, 0.22825043431910852, 0.2282504343191054, 0.2282504343191042, 0.2282504343191032, 0.22825043431910286, 0.22825043431910275, 0.22825043431910264, 0.22825043431910264]}, "10": {"maxiter": 1000, "fatol": 1e-10, "xatol": 1e-05, "duration": 0.1432497501373291, "fun": "0.22825043432904968", "nit": "401", "nfev": "618", "status": "0", "success": "True", "message": "Optimization terminated successfully.", "x": "[0.9821148  6.994045   3.07713532 2.29176323 6.71048834 2.48096679]", "final_simplex": "(array([[0.9821148 , 6.994045  , 3.07713532, 2.29176323, 6.71048834,\n        2.48096679],\n       [0.982115  , 6.99404617, 3.07713138, 2.29176011, 6.7104838 ,\n        2.48096293],\n       [0.98211527, 6.99405274, 3.07712644, 2.29175806, 6.71048871,\n        2.4809694 ],\n       [0.98211054, 6.99404724, 3.07712607, 2.29175919, 6.71048977,\n        2.48096934],\n       [0.98211393, 6.99404594, 3.07712973, 2.29176317, 6.71049066,\n        2.48097109],\n       [0.98211639, 6.9940476 , 3.07712879, 2.29176112, 6.71048566,\n        2.48096331],\n       [0.98211836, 6.99404406, 3.07713274, 2.2917633 , 6.71049525,\n        2.48097074]]), array([0.22825043, 0.22825043, 0.22825043, 0.22825043, 0.22825043,\n       0.22825043, 0.22825043]))", "callback": [0.9398534380857938, 0.6733410526245156, 0.3262560475203783, 0.3012578667616209, 0.2967908452972382, 0.2925317587722618, 0.2888802410746373, 0.2865221755897126, 0.28306874710221963, 0.28199695731617924, 0.28113538189460563, 0.28075173080863935, 0.2784599978679665, 0.26842560029965423, 0.2463198205397661, 0.24367753867528008, 0.23804612451216878, 0.23311088313681627, 0.22962631532551747, 0.22877338707701034, 0.22857754808838826, 0.22849586546403633, 0.22842703858939784, 0.2283789968925607, 0.22830754795753927, 0.22828671837849102, 0.22827209046847952, 0.2282528131690954, 0.2282523637516476, 0.22825071968996358, 0.22825050320060059, 0.22825045923731535, 0.22825044100773428, 0.22825044011924434, 0.22825043580368443, 0.22825043496841868, 0.2282504346258294, 0.22825043435527392, 0.22825043435527392, 0.22825043434088055, 0.22825043432904968]}, "11": {"maxiter": 1000, "fatol": 1e-10, "xatol": 1e-10, "duration": 0.20765185356140137, "fun": "0.22825043431910264", "nit": "547", "nfev": "911", "status": "0", "success": "True", "message": "Optimization terminated successfully.", "x": "[0.98211175 6.99404492 3.07713364 2.29175627 6.71049216 2.48097183]", "final_simplex": "(array([[0.98211175, 6.99404492, 3.07713364, 2.29175627, 6.71049216,\n        2.48097183],\n       [0.98211175, 6.99404492, 3.07713364, 2.29175627, 6.71049216,\n        2.48097183],\n       [0.98211175, 6.99404492, 3.07713364, 2.29175627, 6.71049216,\n        2.48097183],\n       [0.98211175, 6.99404492, 3.07713364, 2.29175627, 6.71049216,\n        2.48097183],\n       [0.98211175, 6.99404492, 3.07713364, 2.29175627, 6.71049216,\n        2.48097183],\n       [0.98211175, 6.99404492, 3.07713364, 2.29175627, 6.71049216,\n        2.48097183],\n       [0.98211175, 6.99404492, 3.07713364, 2.29175627, 6.71049216,\n        2.48097183]]), array([0.22825043, 0.22825043, 0.22825043, 0.22825043, 0.22825043,\n       0.22825043, 0.22825043]))", "callback": [0.9398534380857938, 0.6733410526245156, 0.3262560475203783, 0.3012578667616209, 0.2967908452972382, 0.2925317587722618, 0.2888802410746373, 0.2865221755897126, 0.28306874710221963, 0.28199695731617924, 0.28113538189460563, 0.28075173080863935, 0.2784599978679665, 0.26842560029965423, 0.2463198205397661, 0.24367753867528008, 0.23804612451216878, 0.23311088313681627, 0.22962631532551747, 0.22877338707701034, 0.22857754808838826, 0.22849586546403633, 0.22842703858939784, 0.2283789968925607, 0.22830754795753927, 0.22828671837849102, 0.22827209046847952, 0.2282528131690954, 0.2282523637516476, 0.22825071968996358, 0.22825050320060059, 0.22825045923731535, 0.22825044100773428, 0.22825044011924434, 0.22825043580368443, 0.22825043496841868, 0.2282504346258294, 0.22825043435527392, 0.22825043435527392, 0.22825043434088055, 0.22825043432774672, 0.22825043432223835, 0.22825043432091585, 0.2282504343206304, 0.22825043431946324, 0.2282504343192846, 0.22825043431915026, 0.22825043431910852, 0.2282504343191054, 0.2282504343191042, 0.2282504343191032, 0.22825043431910286, 0.22825043431910275, 0.22825043431910264, 0.22825043431910264]}}, "bfgs": {"type": "gradient", "0": {"maxiter": 100, "gtol": 1e-05, "xrtol": 1e-05, "eps": 1e-05, "duration": 0.0445711612701416, "fun": "0.22825043434932346", "jac": "[ 1.11408660e-06  1.73718817e-06  3.69366759e-06  3.33069128e-06\n  1.91736627e-06 -1.23788757e-06]", "hess_inv": "[[ 3.07253365  0.34328654 -0.13875139  0.89444779 -0.97201125 -0.96657941]\n [ 0.34328654  3.91618251 -2.3010788  -0.12796289 -1.201118   -0.662566  ]\n [-0.13875139 -2.3010788   4.1348246   0.43493764  0.97101512  1.24921692]\n [ 0.89444779 -0.12796289  0.43493764  3.12154512 -0.11306513 -0.03807885]\n [-0.97201125 -1.201118    0.97101512 -0.11306513  5.4172221   3.61563227]\n [-0.96657941 -0.662566    1.24921692 -0.03807885  3.61563227  5.16676481]]", "nfev": "189", "njev": "27", "status": "0", "success": "True", "message": "Optimization terminated successfully.", "x": "[0.98211428 6.99404203 3.07713874 2.29176196 6.71048321 2.480958  ]", "nit": "20", "callback": [0.5949899639582832, 0.578295426821286, 0.4592241382921881, 0.41297145460655815, 0.36495496263591853, 0.2927349017734664, 0.2608163685952446, 0.24110298840660005, 0.23503738675536234, 0.23191403761228424, 0.230308051647081, 0.22960525468434234, 0.22864332104015728, 0.2283030892971305, 0.22825637474010785, 0.228252523255009, 0.22825138161963232, 0.2282505367852452, 0.22825043965871705, 0.22825043434932346]}, "1": {"maxiter": 100, "gtol": 1e-05, "xrtol": 1e-05, "eps": 1e-10, "duration": 0.045091867446899414, "fun": "0.22825043440315018", "jac": "[ 1.11022293e-06  2.22044587e-06  2.22044587e-06  6.66133760e-06\n  4.44089173e-06 -6.66133760e-06]", "hess_inv": "[[ 3.05492431  0.33418259 -0.13605319  0.88070717 -0.94278644 -0.96733698]\n [ 0.33418259  3.92062637 -2.32740136 -0.1414452  -1.20956793 -0.68769076]\n [-0.13605319 -2.32740136  4.21435774  0.45018978  1.0272944   1.32019207]\n [ 0.88070717 -0.1414452   0.45018978  3.11918814 -0.07258468 -0.03159867]\n [-0.94278644 -1.20956793  1.0272944  -0.07258468  5.4214059   3.64579918]\n [-0.96733698 -0.68769076  1.32019207 -0.03159867  3.64579918  5.18935497]]", "nfev": "189", "njev": "27", "status": "0", "success": "True", "message": "Optimization terminated successfully.", "x": "[0.98212154 6.994045   3.07714355 2.29177502 6.71049521 2.48096472]", "nit": "20", "callback": [0.5949875245130761, 0.5782929260015393, 0.45922381308558735, 0.412971505701087, 0.3649524488206771, 0.29273444911902313, 0.26081322774694715, 0.24110336280465205, 0.2350387529925616, 0.2319149935384539, 0.2303089513312545, 0.22960584477516155, 0.22864342258974835, 0.22830308023268087, 0.2282563568543603, 0.2282525205807675, 0.22825137616609426, 0.22825054305224024, 0.22825044094730873, 0.22825043440315018]}, "2": {"maxiter": 100, "gtol": 1e-05, "xrtol": 1e-10, "eps": 1e-05, "duration": 0.04403519630432129, "fun": "0.22825043434932346", "jac": "[ 1.11408660e-06  1.73718817e-06  3.69366759e-06  3.33069128e-06\n  1.91736627e-06 -1.23788757e-06]", "hess_inv": "[[ 3.07253365  0.34328654 -0.13875139  0.89444779 -0.97201125 -0.96657941]\n [ 0.34328654  3.91618251 -2.3010788  -0.12796289 -1.201118   -0.662566  ]\n [-0.13875139 -2.3010788   4.1348246   0.43493764  0.97101512  1.24921692]\n [ 0.89444779 -0.12796289  0.43493764  3.12154512 -0.11306513 -0.03807885]\n [-0.97201125 -1.201118    0.97101512 -0.11306513  5.4172221   3.61563227]\n [-0.96657941 -0.662566    1.24921692 -0.03807885  3.61563227  5.16676481]]", "nfev": "189", "njev": "27", "status": "0", "success": "True", "message": "Optimization terminated successfully.", "x": "[0.98211428 6.99404203 3.07713874 2.29176196 6.71048321 2.480958  ]", "nit": "20", "callback": [0.5949899639582832, 0.578295426821286, 0.4592241382921881, 0.41297145460655815, 0.36495496263591853, 0.2927349017734664, 0.2608163685952446, 0.24110298840660005, 0.23503738675536234, 0.23191403761228424, 0.230308051647081, 0.22960525468434234, 0.22864332104015728, 0.2283030892971305, 0.22825637474010785, 0.228252523255009, 0.22825138161963232, 0.2282505367852452, 0.22825043965871705, 0.22825043434932346]}, "3": {"maxiter": 100, "gtol": 1e-05, "xrtol": 1e-10, "eps": 1e-10, "duration": 0.043888092041015625, "fun": "0.22825043440315018", "jac": "[ 1.11022293e-06  2.22044587e-06  2.22044587e-06  6.66133760e-06\n  4.44089173e-06 -6.66133760e-06]", "hess_inv": "[[ 3.05492431  0.33418259 -0.13605319  0.88070717 -0.94278644 -0.96733698]\n [ 0.33418259  3.92062637 -2.32740136 -0.1414452  -1.20956793 -0.68769076]\n [-0.13605319 -2.32740136  4.21435774  0.45018978  1.0272944   1.32019207]\n [ 0.88070717 -0.1414452   0.45018978  3.11918814 -0.07258468 -0.03159867]\n [-0.94278644 -1.20956793  1.0272944  -0.07258468  5.4214059   3.64579918]\n [-0.96733698 -0.68769076  1.32019207 -0.03159867  3.64579918  5.18935497]]", "nfev": "189", "njev": "27", "status": "0", "success": "True", "message": "Optimization terminated successfully.", "x": "[0.98212154 6.994045   3.07714355 2.29177502 6.71049521 2.48096472]", "nit": "20", "callback": [0.5949875245130761, 0.5782929260015393, 0.45922381308558735, 0.412971505701087, 0.3649524488206771, 0.29273444911902313, 0.26081322774694715, 0.24110336280465205, 0.2350387529925616, 0.2319149935384539, 0.2303089513312545, 0.22960584477516155, 0.22864342258974835, 0.22830308023268087, 0.2282563568543603, 0.2282525205807675, 0.22825137616609426, 0.22825054305224024, 0.22825044094730873, 0.22825043440315018]}, "4": {"maxiter": 100, "gtol": 1e-10, "xrtol": 1e-05, "eps": 1e-05, "duration": 0.04769587516784668, "fun": "0.22825043434416958", "jac": "[ 8.68216610e-07  1.32952538e-06  2.79732904e-06  2.59140487e-06\n  1.44502188e-06 -9.30255872e-07]", "hess_inv": "[[ 3.03653665  0.29682812 -0.04411018  0.86568569 -0.89648243 -0.93342897]\n [ 0.29682812  3.93120413 -2.3758288  -0.22068463 -1.23051437 -0.67675318]\n [-0.04411018 -2.3758288   4.40303112  0.65656032  1.10560305  1.31166279]\n [ 0.86568569 -0.22068463  0.65656032  3.13979316  0.0413646   0.03065478]\n [-0.89648243 -1.23051437  1.10560305  0.0413646   5.47343124  3.64247704]\n [-0.93342897 -0.67675318  1.31166279  0.03065478  3.64247704  5.17952347]]", "nfev": "203", "njev": "29", "status": "0", "success": "True", "message": "Optimization terminated successfully.", "x": "[0.98211279 6.99404298 3.07713512 2.29175865 6.71048148 2.48095719]", "nit": "21", "callback": [0.5949899639582832, 0.578295426821286, 0.4592241382921881, 0.41297145460655815, 0.36495496263591853, 0.2927349017734664, 0.2608163685952446, 0.24110298840660005, 0.23503738675536234, 0.23191403761228424, 0.230308051647081, 0.22960525468434234, 0.22864332104015728, 0.2283030892971305, 0.22825637474010785, 0.228252523255009, 0.22825138161963232, 0.2282505367852452, 0.22825043965871705, 0.22825043434932346, 0.22825043434416958]}, "5": {"maxiter": 100, "gtol": 1e-10, "xrtol": 1e-05, "eps": 1e-10, "duration": 0.04583024978637695, "fun": "0.22825043433716918", "jac": "[ 0.00000000e+00 -1.11022293e-06  0.00000000e+00 -4.44089173e-06\n  0.00000000e+00  2.22044587e-06]", "hess_inv": "[[ 3.00561579  0.24877614  0.06091325  0.84623341 -0.80902282 -0.86403867]\n [ 0.24877614  3.88510911 -2.29294889 -0.28590583 -1.16160136 -0.54994587]\n [ 0.06091325 -2.29294889  4.26438775  0.81912742  0.99423602  1.01990506]\n [ 0.84623341 -0.28590583  0.81912742  3.15897881  0.15944495  0.07166474]\n [-0.80902282 -1.16160136  0.99423602  0.15944495  5.35880068  3.43286909]\n [-0.86403867 -0.54994587  1.01990506  0.07166474  3.43286909  4.98803398]]", "nfev": "196", "njev": "28", "status": "0", "success": "True", "message": "Optimization terminated successfully.", "x": "[0.98210971 6.99404459 3.07713603 2.29175163 6.71049449 2.48098214]", "nit": "21", "callback": [0.5949875245130761, 0.5782929260015393, 0.45922381308558735, 0.412971505701087, 0.3649524488206771, 0.29273444911902313, 0.26081322774694715, 0.24110336280465205, 0.2350387529925616, 0.2319149935384539, 0.2303089513312545, 0.22960584477516155, 0.22864342258974835, 0.22830308023268087, 0.2282563568543603, 0.2282525205807675, 0.22825137616609426, 0.22825054305224024, 0.22825044094730873, 0.22825043440315018, 0.22825043433716918]}, "6": {"maxiter": 100, "gtol": 1e-10, "xrtol": 1e-10, "eps": 1e-05, "duration": 0.10717511177062988, "fun": "0.22825043434391", "jac": "[ 7.34212691e-07  1.12465592e-06  2.36484166e-06  2.19256835e-06\n  1.22140076e-06 -7.86282150e-07]", "hess_inv": "[[ 3.09434362  0.29495453  0.01656384  0.97736848 -0.8811342  -0.92517824]\n [ 0.29495453  3.91042958 -2.32995408 -0.21395387 -1.19996181 -0.66315405]\n [ 0.01656384 -2.32995408  4.35685025  0.75000597  1.05040925  1.28847946]\n [ 0.97736848 -0.21395387  0.75000597  3.35041443  0.05558675  0.03970395]\n [-0.8811342  -1.19996181  1.05040925  0.05558675  5.43122951  3.62400096]\n [-0.92517824 -0.66315405  1.28847946  0.03970395  3.62400096  5.17147155]]", "nfev": "354", "njev": "49", "status": "2", "success": "False", "message": "Desired error not necessarily achieved due to precision loss.", "x": "[0.98211199 6.9940434  3.07713336 2.2917569  6.71048067 2.48095682]", "nit": "22", "callback": [0.5949899639582832, 0.578295426821286, 0.4592241382921881, 0.41297145460655815, 0.36495496263591853, 0.2927349017734664, 0.2608163685952446, 0.24110298840660005, 0.23503738675536234, 0.23191403761228424, 0.230308051647081, 0.22960525468434234, 0.22864332104015728, 0.2283030892971305, 0.22825637474010785, 0.228252523255009, 0.22825138161963232, 0.2282505367852452, 0.22825043965871705, 0.22825043434932346, 0.22825043434416958, 0.22825043434391]}, "7": {"maxiter": 100, "gtol": 1e-10, "xrtol": 1e-10, "eps": 1e-10, "duration": 0.07186388969421387, "fun": "0.22825043432736059", "jac": "[ 0.00000000e+00  0.00000000e+00  1.11022293e-06  2.22044587e-06\n -2.22044587e-06  2.22044587e-06]", "hess_inv": "[[ 7.21030921 -0.66918857 -0.89352415  9.4327639  14.0482566   4.43032996]\n [-0.66918857  1.67513807 -1.50624476 -3.57950303 -5.26582326 -2.21534144]\n [-0.89352415 -1.50624476  4.39991483 -0.76238589 -1.72516741  0.17429841]\n [ 9.4327639  -3.57950303 -0.76238589 19.8393047  29.67517637 10.3715504 ]\n [14.0482566  -5.26582326 -1.72516741 29.67517637 52.25716068 18.4355656 ]\n [ 4.43032996 -2.21534144  0.17429841 10.3715504  18.4355656   9.24375857]]", "nfev": "273", "njev": "39", "status": "0", "success": "True", "message": "Optimization terminated successfully.", "x": "[0.98211411 6.99404681 3.07713495 2.29176125 6.71049098 2.4809756 ]", "nit": "24", "callback": [0.5949875245130761, 0.5782929260015393, 0.45922381308558735, 0.412971505701087, 0.3649524488206771, 0.29273444911902313, 0.26081322774694715, 0.24110336280465205, 0.2350387529925616, 0.2319149935384539, 0.2303089513312545, 0.22960584477516155, 0.22864342258974835, 0.22830308023268087, 0.2282563568543603, 0.2282525205807675, 0.22825137616609426, 0.22825054305224024, 0.22825044094730873, 0.22825043440315018, 0.22825043433716918, 0.22825043432835734, 0.22825043432736059, 0.22825043432736059]}, "8": {"maxiter": 500, "gtol": 1e-05, "xrtol": 1e-05, "eps": 1e-05, "duration": 0.044287919998168945, "fun": "0.22825043434932346", "jac": "[ 1.11408660e-06  1.73718817e-06  3.69366759e-06  3.33069128e-06\n  1.91736627e-06 -1.23788757e-06]", "hess_inv": "[[ 3.07253365  0.34328654 -0.13875139  0.89444779 -0.97201125 -0.96657941]\n [ 0.34328654  3.91618251 -2.3010788  -0.12796289 -1.201118   -0.662566  ]\n [-0.13875139 -2.3010788   4.1348246   0.43493764  0.97101512  1.24921692]\n [ 0.89444779 -0.12796289  0.43493764  3.12154512 -0.11306513 -0.03807885]\n [-0.97201125 -1.201118    0.97101512 -0.11306513  5.4172221   3.61563227]\n [-0.96657941 -0.662566    1.24921692 -0.03807885  3.61563227  5.16676481]]", "nfev": "189", "njev": "27", "status": "0", "success": "True", "message": "Optimization terminated successfully.", "x": "[0.98211428 6.99404203 3.07713874 2.29176196 6.71048321 2.480958  ]", "nit": "20", "callback": [0.5949899639582832, 0.578295426821286, 0.4592241382921881, 0.41297145460655815, 0.36495496263591853, 0.2927349017734664, 0.2608163685952446, 0.24110298840660005, 0.23503738675536234, 0.23191403761228424, 0.230308051647081, 0.22960525468434234, 0.22864332104015728, 0.2283030892971305, 0.22825637474010785, 0.228252523255009, 0.22825138161963232, 0.2282505367852452, 0.22825043965871705, 0.22825043434932346]}, "9": {"maxiter": 500, "gtol": 1e-05, "xrtol": 1e-05, "eps": 1e-10, "duration": 0.04418516159057617, "fun": "0.22825043440315018", "jac": "[ 1.11022293e-06  2.22044587e-06  2.22044587e-06  6.66133760e-06\n  4.44089173e-06 -6.66133760e-06]", "hess_inv": "[[ 3.05492431  0.33418259 -0.13605319  0.88070717 -0.94278644 -0.96733698]\n [ 0.33418259  3.92062637 -2.32740136 -0.1414452  -1.20956793 -0.68769076]\n [-0.13605319 -2.32740136  4.21435774  0.45018978  1.0272944   1.32019207]\n [ 0.88070717 -0.1414452   0.45018978  3.11918814 -0.07258468 -0.03159867]\n [-0.94278644 -1.20956793  1.0272944  -0.07258468  5.4214059   3.64579918]\n [-0.96733698 -0.68769076  1.32019207 -0.03159867  3.64579918  5.18935497]]", "nfev": "189", "njev": "27", "status": "0", "success": "True", "message": "Optimization terminated successfully.", "x": "[0.98212154 6.994045   3.07714355 2.29177502 6.71049521 2.48096472]", "nit": "20", "callback": [0.5949875245130761, 0.5782929260015393, 0.45922381308558735, 0.412971505701087, 0.3649524488206771, 0.29273444911902313, 0.26081322774694715, 0.24110336280465205, 0.2350387529925616, 0.2319149935384539, 0.2303089513312545, 0.22960584477516155, 0.22864342258974835, 0.22830308023268087, 0.2282563568543603, 0.2282525205807675, 0.22825137616609426, 0.22825054305224024, 0.22825044094730873, 0.22825043440315018]}, "10": {"maxiter": 500, "gtol": 1e-05, "xrtol": 1e-10, "eps": 1e-05, "duration": 0.04431295394897461, "fun": "0.22825043434932346", "jac": "[ 1.11408660e-06  1.73718817e-06  3.69366759e-06  3.33069128e-06\n  1.91736627e-06 -1.23788757e-06]", "hess_inv": "[[ 3.07253365  0.34328654 -0.13875139  0.89444779 -0.97201125 -0.96657941]\n [ 0.34328654  3.91618251 -2.3010788  -0.12796289 -1.201118   -0.662566  ]\n [-0.13875139 -2.3010788   4.1348246   0.43493764  0.97101512  1.24921692]\n [ 0.89444779 -0.12796289  0.43493764  3.12154512 -0.11306513 -0.03807885]\n [-0.97201125 -1.201118    0.97101512 -0.11306513  5.4172221   3.61563227]\n [-0.96657941 -0.662566    1.24921692 -0.03807885  3.61563227  5.16676481]]", "nfev": "189", "njev": "27", "status": "0", "success": "True", "message": "Optimization terminated successfully.", "x": "[0.98211428 6.99404203 3.07713874 2.29176196 6.71048321 2.480958  ]", "nit": "20", "callback": [0.5949899639582832, 0.578295426821286, 0.4592241382921881, 0.41297145460655815, 0.36495496263591853, 0.2927349017734664, 0.2608163685952446, 0.24110298840660005, 0.23503738675536234, 0.23191403761228424, 0.230308051647081, 0.22960525468434234, 0.22864332104015728, 0.2283030892971305, 0.22825637474010785, 0.228252523255009, 0.22825138161963232, 0.2282505367852452, 0.22825043965871705, 0.22825043434932346]}, "11": {"maxiter": 500, "gtol": 1e-05, "xrtol": 1e-10, "eps": 1e-10, "duration": 0.04398989677429199, "fun": "0.22825043440315018", "jac": "[ 1.11022293e-06  2.22044587e-06  2.22044587e-06  6.66133760e-06\n  4.44089173e-06 -6.66133760e-06]", "hess_inv": "[[ 3.05492431  0.33418259 -0.13605319  0.88070717 -0.94278644 -0.96733698]\n [ 0.33418259  3.92062637 -2.32740136 -0.1414452  -1.20956793 -0.68769076]\n [-0.13605319 -2.32740136  4.21435774  0.45018978  1.0272944   1.32019207]\n [ 0.88070717 -0.1414452   0.45018978  3.11918814 -0.07258468 -0.03159867]\n [-0.94278644 -1.20956793  1.0272944  -0.07258468  5.4214059   3.64579918]\n [-0.96733698 -0.68769076  1.32019207 -0.03159867  3.64579918  5.18935497]]", "nfev": "189", "njev": "27", "status": "0", "success": "True", "message": "Optimization terminated successfully.", "x": "[0.98212154 6.994045   3.07714355 2.29177502 6.71049521 2.48096472]", "nit": "20", "callback": [0.5949875245130761, 0.5782929260015393, 0.45922381308558735, 0.412971505701087, 0.3649524488206771, 0.29273444911902313, 0.26081322774694715, 0.24110336280465205, 0.2350387529925616, 0.2319149935384539, 0.2303089513312545, 0.22960584477516155, 0.22864342258974835, 0.22830308023268087, 0.2282563568543603, 0.2282525205807675, 0.22825137616609426, 0.22825054305224024, 0.22825044094730873, 0.22825043440315018]}, "12": {"maxiter": 500, "gtol": 1e-10, "xrtol": 1e-05, "eps": 1e-05, "duration": 0.04677224159240723, "fun": "0.22825043434416958", "jac": "[ 8.68216610e-07  1.32952538e-06  2.79732904e-06  2.59140487e-06\n  1.44502188e-06 -9.30255872e-07]", "hess_inv": "[[ 3.03653665  0.29682812 -0.04411018  0.86568569 -0.89648243 -0.93342897]\n [ 0.29682812  3.93120413 -2.3758288  -0.22068463 -1.23051437 -0.67675318]\n [-0.04411018 -2.3758288   4.40303112  0.65656032  1.10560305  1.31166279]\n [ 0.86568569 -0.22068463  0.65656032  3.13979316  0.0413646   0.03065478]\n [-0.89648243 -1.23051437  1.10560305  0.0413646   5.47343124  3.64247704]\n [-0.93342897 -0.67675318  1.31166279  0.03065478  3.64247704  5.17952347]]", "nfev": "203", "njev": "29", "status": "0", "success": "True", "message": "Optimization terminated successfully.", "x": "[0.98211279 6.99404298 3.07713512 2.29175865 6.71048148 2.48095719]", "nit": "21", "callback": [0.5949899639582832, 0.578295426821286, 0.4592241382921881, 0.41297145460655815, 0.36495496263591853, 0.2927349017734664,