{"date": "2024/09/25/, 05:02:17", "conf_id": 142, "data_type": "orthogonal\n", "num_data_points": 4, "s_rank": 0, "unitary": "[[0.18663085-0.53122324j,-0.11886349-0.70040876j,0.28555095-0.02789305j,-0.12262021-0.2844587j],[-0.16702216+0.27758472j,0.27526351-0.29738586j,-0.01109314+0.22495461j,-0.77239203+0.28900673j],[0.61935415+0.12301792j,-0.31269928-0.03315917j,-0.61902762-0.19039079j,-0.27120731-0.0968989j],[0.42341754+0.0023929j,-0.05847358+0.47832119j,0.64900495-0.16218422j,-0.37182676-0.05229966j]]", "databatch_0": {"databatch": "[[[0.03664745-5.08262045e-04j,0.14884094+1.08809586e-02j,0.03093249+2.70033564e-02j,-0.01936194+4.51961434e-02j],[0.06574544-1.17790478e-01j,0.3082982-4.54601206e-01j,0.14296521-4.89949811e-02j,0.10852351+1.44819095e-01j],[-0.096882+1.77386748e-02j,-0.39926936+3.77417388e-02j,-0.09404389-5.77185216e-02j,0.03109018-1.28422187e-01j],[-0.06919032-1.20136937e-01j,-0.23824388-5.11774791e-01j,0.03222859-1.51937565e-01j,0.18498396-1.92927772e-02j]],[[-0.0642299-1.66148774e-01j,-0.20187187-6.96671262e-01j,0.07079939-1.86584141e-01j,0.23867585+1.18788175e-02j],[0.11309259+3.00245682e-02j,0.4481596+1.61736300e-01j,0.0718121+1.09669658e-01j,-0.09847394+1.22244913e-01j],[0.01492088+2.65492792e-02j,0.05115059+1.12967501e-01j,-0.00743039+3.33003364e-02j,-0.04067838+3.81050668e-03j],[-0.03725184+2.69038848e-02j,-0.16061477+9.59801902e-02j,-0.05119093-5.45028350e-03j,-0.01266172-6.03312432e-02j]],[[-0.03136558-5.51922277e-02j,-0.10774321-2.34966199e-01j,0.01515732-6.94865518e-02j,0.08475396-8.34703669e-03j],[-0.0671122-1.63538427e-02j,-0.26646691-9.00417702e-02j,-0.04371056-6.38608164e-02j,0.05664322-7.33415532e-02j],[0.12537552+1.49886678e-02j,0.50329586+1.05080687e-01j,0.093305+1.06327174e-01j,-0.0867426+1.45499673e-01j],[0.03609708-1.49710260e-01j,0.19930185-5.94555593e-01j,0.14213696-9.77946761e-02j,0.16381586+1.25885728e-01j]],[[0.03966829+9.89119595e-02j,0.12598293+4.15248800e-01j,-0.04095555+1.12148420e-01j,-0.14286917-5.31793054e-03j],[0.1054218+2.62220975e-02j,0.41838574+1.43602385e-01j,0.06826292+1.00758783e-01j,-0.08963013+1.14916384e-01j],[0.11595552+9.18894766e-02j,0.43792441+4.13704171e-01j,0.02789894+1.63387579e-01j,-0.17586332+9.20172946e-02j],[-0.05836404-2.66380189e-03j,-0.23581462-3.14181484e-02j,-0.0466631-4.59005998e-02j,0.03509264-7.00844581e-02j]]]", "initial param values": "[3.76612523,3.99447051,3.20941539,5.18816384,4.41922918,4.34763788]", "nelder_mead": {"type": "gradient-free", "0": {"maxiter": 100, "fatol": 1e-05, "xatol": 1e-05, "duration": 0.03810906410217285, "fun": "0.1533931182700916", "nit": "100", "nfev": "150", "status": "2", "success": "False", "message": "Maximum number of iterations has been exceeded.", "x": "[4.56052623 4.22493427 1.14845377 4.95286102 3.56625403 6.08947216]", "final_simplex": "(array([[4.56052623, 4.22493427, 1.14845377, 4.95286102, 3.56625403,\n        6.08947216],\n       [4.52113229, 4.27328768, 1.07621714, 4.96675643, 3.65413726,\n        6.14745881],\n       [4.57711429, 4.16808112, 1.12098407, 4.99192333, 3.58324366,\n        6.18506031],\n       [4.51567348, 4.24245492, 1.12220348, 5.01933759, 3.66122587,\n        6.03208534],\n       [4.49260861, 4.23374119, 1.17731909, 4.94822773, 3.60619276,\n        6.15744918],\n       [4.57915816, 4.23490469, 1.15110175, 4.99654522, 3.70133154,\n        6.06982949],\n       [4.54610665, 4.25537334, 1.17069297, 5.04601581, 3.58531098,\n        6.15291826]]), array([0.15339312, 0.1539812 , 0.1543277 , 0.15465739, 0.15483488,\n       0.15552742, 0.1568609 ]))", "callback": [0.6466570167905912, 0.4104491852269161, 0.30270423663517887, 0.23970478432936038, 0.2054923810789102, 0.18440953857098408, 0.17171189992454217, 0.16767126624639528, 0.16418791084763829, 0.15686089616080112]}, "1": {"maxiter": 100, "fatol": 1e-05, "xatol": 1e-10, "duration": 0.036492109298706055, "fun": "0.1533931182700916", "nit": "100", "nfev": "150", "status": "2", "success": "False", "message": "Maximum number of iterations has been exceeded.", "x": "[4.56052623 4.22493427 1.14845377 4.95286102 3.56625403 6.08947216]", "final_simplex": "(array([[4.56052623, 4.22493427, 1.14845377, 4.95286102, 3.56625403,\n        6.08947216],\n       [4.52113229, 4.27328768, 1.07621714, 4.96675643, 3.65413726,\n        6.14745881],\n       [4.57711429, 4.16808112, 1.12098407, 4.99192333, 3.58324366,\n        6.18506031],\n       [4.51567348, 4.24245492, 1.12220348, 5.01933759, 3.66122587,\n        6.03208534],\n       [4.49260861, 4.23374119, 1.17731909, 4.94822773, 3.60619276,\n        6.15744918],\n       [4.57915816, 4.23490469, 1.15110175, 4.99654522, 3.70133154,\n        6.06982949],\n       [4.54610665, 4.25537334, 1.17069297, 5.04601581, 3.58531098,\n        6.15291826]]), array([0.15339312, 0.1539812 , 0.1543277 , 0.15465739, 0.15483488,\n       0.15552742, 0.1568609 ]))", "callback": [0.6466570167905912, 0.4104491852269161, 0.30270423663517887, 0.23970478432936038, 0.2054923810789102, 0.18440953857098408, 0.17171189992454217, 0.16767126624639528, 0.16418791084763829, 0.15686089616080112]}, "2": {"maxiter": 100, "fatol": 1e-10, "xatol": 1e-05, "duration": 0.03670024871826172, "fun": "0.1533931182700916", "nit": "100", "nfev": "150", "status": "2", "success": "False", "message": "Maximum number of iterations has been exceeded.", "x": "[4.56052623 4.22493427 1.14845377 4.95286102 3.56625403 6.08947216]", "final_simplex": "(array([[4.56052623, 4.22493427, 1.14845377, 4.95286102, 3.56625403,\n        6.08947216],\n       [4.52113229, 4.27328768, 1.07621714, 4.96675643, 3.65413726,\n        6.14745881],\n       [4.57711429, 4.16808112, 1.12098407, 4.99192333, 3.58324366,\n        6.18506031],\n       [4.51567348, 4.24245492, 1.12220348, 5.01933759, 3.66122587,\n        6.03208534],\n       [4.49260861, 4.23374119, 1.17731909, 4.94822773, 3.60619276,\n        6.15744918],\n       [4.57915816, 4.23490469, 1.15110175, 4.99654522, 3.70133154,\n        6.06982949],\n       [4.54610665, 4.25537334, 1.17069297, 5.04601581, 3.58531098,\n        6.15291826]]), array([0.15339312, 0.1539812 , 0.1543277 , 0.15465739, 0.15483488,\n       0.15552742, 0.1568609 ]))", "callback": [0.6466570167905912, 0.4104491852269161, 0.30270423663517887, 0.23970478432936038, 0.2054923810789102, 0.18440953857098408, 0.17171189992454217, 0.16767126624639528, 0.16418791084763829, 0.15686089616080112]}, "3": {"maxiter": 100, "fatol": 1e-10, "xatol": 1e-10, "duration": 0.0351560115814209, "fun": "0.1533931182700916", "nit": "100", "nfev": "150", "status": "2", "success": "False", "message": "Maximum number of iterations has been exceeded.", "x": "[4.56052623 4.22493427 1.14845377 4.95286102 3.56625403 6.08947216]", "final_simplex": "(array([[4.56052623, 4.22493427, 1.14845377, 4.95286102, 3.56625403,\n        6.08947216],\n       [4.52113229, 4.27328768, 1.07621714, 4.96675643, 3.65413726,\n        6.14745881],\n       [4.57711429, 4.16808112, 1.12098407, 4.99192333, 3.58324366,\n        6.18506031],\n       [4.51567348, 4.24245492, 1.12220348, 5.01933759, 3.66122587,\n        6.03208534],\n       [4.49260861, 4.23374119, 1.17731909, 4.94822773, 3.60619276,\n        6.15744918],\n       [4.57915816, 4.23490469, 1.15110175, 4.99654522, 3.70133154,\n        6.06982949],\n       [4.54610665, 4.25537334, 1.17069297, 5.04601581, 3.58531098,\n        6.15291826]]), array([0.15339312, 0.1539812 , 0.1543277 , 0.15465739, 0.15483488,\n       0.15552742, 0.1568609 ]))", "callback": [0.6466570167905912, 0.4104491852269161, 0.30270423663517887, 0.23970478432936038, 0.2054923810789102, 0.18440953857098408, 0.17171189992454217, 0.16767126624639528, 0.16418791084763829, 0.15686089616080112]}, "4": {"maxiter": 500, "fatol": 1e-05, "xatol": 1e-05, "duration": 0.0980989933013916, "fun": "0.14631613799728194", "nit": "269", "nfev": "426", "status": "0", "success": "True", "message": "Optimization terminated successfully.", "x": "[4.57347635 4.12369628 0.93678187 4.73953517 3.65287675 6.06656592]", "final_simplex": "(array([[4.57347635, 4.12369628, 0.93678187, 4.73953517, 3.65287675,\n        6.06656592],\n       [4.57347487, 4.12370292, 0.93677599, 4.73952524, 3.65287387,\n        6.06656124],\n       [4.57347381, 4.12370425, 0.93678421, 4.7395415 , 3.65287369,\n        6.06656637],\n       [4.57347765, 4.12369347, 0.93677996, 4.73952957, 3.65287172,\n        6.06656357],\n       [4.57347623, 4.12370051, 0.93678531, 4.73953716, 3.65287417,\n        6.0665608 ],\n       [4.57348054, 4.12370007, 0.93677878, 4.7395358 , 3.65287467,\n        6.0665626 ],\n       [4.57347746, 4.12370304, 0.93678428, 4.73952786, 3.65287123,\n        6.0665687 ]]), array([0.14631614, 0.14631614, 0.14631614, 0.14631614, 0.14631614,\n       0.14631614, 0.14631614]))", "callback": [0.6466570167905912, 0.4104491852269161, 0.30270423663517887, 0.23970478432936038, 0.2054923810789102, 0.18440953857098408, 0.17171189992454217, 0.16767126624639528, 0.16418791084763829, 0.15686089616080112, 0.14979358423195677, 0.14689863226167899, 0.14651311841345016, 0.1463785692749473, 0.1463364008153677, 0.1463214198985714, 0.14631776119520867, 0.14631637311403745, 0.1463162687508318, 0.14631616103613576, 0.14631614483800282, 0.14631613971350943, 0.14631613837616686, 0.14631613811083177, 0.14631613808509814, 0.14631613800177912, 0.14631613800177912]}, "5": {"maxiter": 500, "fatol": 1e-05, "xatol": 1e-10, "duration": 0.15765881538391113, "fun": "0.14631613798743848", "nit": "397", "nfev": "686", "status": "0", "success": "True", "message": "Optimization terminated successfully.", "x": "[4.57347147 4.1236991  0.93677954 4.73953365 3.65287304 6.06656485]", "final_simplex": "(array([[4.57347147, 4.1236991 , 0.93677954, 4.73953365, 3.65287304,\n        6.06656485],\n       [4.57347147, 4.1236991 , 0.93677954, 4.73953365, 3.65287304,\n        6.06656485],\n       [4.57347147, 4.1236991 , 0.93677954, 4.73953365, 3.65287304,\n        6.06656485],\n       [4.57347147, 4.1236991 , 0.93677954, 4.73953365, 3.65287304,\n        6.06656485],\n       [4.57347147, 4.1236991 , 0.93677954, 4.73953365, 3.65287304,\n        6.06656485],\n       [4.57347147, 4.1236991 , 0.93677954, 4.73953365, 3.65287304,\n        6.06656485],\n       [4.57347147, 4.1236991 , 0.93677954, 4.73953365, 3.65287304,\n        6.06656485]]), array([0.14631614, 0.14631614, 0.14631614, 0.14631614, 0.14631614,\n       0.14631614, 0.14631614]))", "callback": [0.6466570167905912, 0.4104491852269161, 0.30270423663517887, 0.23970478432936038, 0.2054923810789102, 0.18440953857098408, 0.17171189992454217, 0.16767126624639528, 0.16418791084763829, 0.15686089616080112, 0.14979358423195677, 0.14689863226167899, 0.14651311841345016, 0.1463785692749473, 0.1463364008153677, 0.1463214198985714, 0.14631776119520867, 0.14631637311403745, 0.1463162687508318, 0.14631616103613576, 0.14631614483800282, 0.14631613971350943, 0.14631613837616686, 0.14631613811083177, 0.14631613808509814, 0.14631613800177912, 0.14631613800177912, 0.1463161379905269, 0.1463161379885538, 0.14631613798766963, 0.14631613798751886, 0.14631613798747356, 0.1463161379874527, 0.14631613798744336, 0.1463161379874396, 0.14631613798743937, 0.14631613798743892, 0.1463161379874386, 0.1463161379874386, 0.14631613798743848]}, "6": {"maxiter": 500, "fatol": 1e-10, "xatol": 1e-05, "duration": 0.0986471176147461, "fun": "0.14631613799728194", "nit": "269", "nfev": "426", "status": "0", "success": "True", "message": "Optimization terminated successfully.", "x": "[4.57347635 4.12369628 0.93678187 4.73953517 3.65287675 6.06656592]", "final_simplex": "(array([[4.57347635, 4.12369628, 0.93678187, 4.73953517, 3.65287675,\n        6.06656592],\n       [4.57347487, 4.12370292, 0.93677599, 4.73952524, 3.65287387,\n        6.06656124],\n       [4.57347381, 4.12370425, 0.93678421, 4.7395415 , 3.65287369,\n        6.06656637],\n       [4.57347765, 4.12369347, 0.93677996, 4.73952957, 3.65287172,\n        6.06656357],\n       [4.57347623, 4.12370051, 0.93678531, 4.73953716, 3.65287417,\n        6.0665608 ],\n       [4.57348054, 4.12370007, 0.93677878, 4.7395358 , 3.65287467,\n        6.0665626 ],\n       [4.57347746, 4.12370304, 0.93678428, 4.73952786, 3.65287123,\n        6.0665687 ]]), array([0.14631614, 0.14631614, 0.14631614, 0.14631614, 0.14631614,\n       0.14631614, 0.14631614]))", "callback": [0.6466570167905912, 0.4104491852269161, 0.30270423663517887, 0.23970478432936038, 0.2054923810789102, 0.18440953857098408, 0.17171189992454217, 0.16767126624639528, 0.16418791084763829, 0.15686089616080112, 0.14979358423195677, 0.14689863226167899, 0.14651311841345016, 0.1463785692749473, 0.1463364008153677, 0.1463214198985714, 0.14631776119520867, 0.14631637311403745, 0.1463162687508318, 0.14631616103613576, 0.14631614483800282, 0.14631613971350943, 0.14631613837616686, 0.14631613811083177, 0.14631613808509814, 0.14631613800177912, 0.14631613800177912]}, "7": {"maxiter": 500, "fatol": 1e-10, "xatol": 1e-10, "duration": 0.16852974891662598, "fun": "0.14631613798743848", "nit": "397", "nfev": "686", "status": "0", "success": "True", "message": "Optimization terminated successfully.", "x": "[4.57347147 4.1236991  0.93677954 4.73953365 3.65287304 6.06656485]", "final_simplex": "(array([[4.57347147, 4.1236991 , 0.93677954, 4.73953365, 3.65287304,\n        6.06656485],\n       [4.57347147, 4.1236991 , 0.93677954, 4.73953365, 3.65287304,\n        6.06656485],\n       [4.57347147, 4.1236991 , 0.93677954, 4.73953365, 3.65287304,\n        6.06656485],\n       [4.57347147, 4.1236991 , 0.93677954, 4.73953365, 3.65287304,\n        6.06656485],\n       [4.57347147, 4.1236991 , 0.93677954, 4.73953365, 3.65287304,\n        6.06656485],\n       [4.57347147, 4.1236991 , 0.93677954, 4.73953365, 3.65287304,\n        6.06656485],\n       [4.57347147, 4.1236991 , 0.93677954, 4.73953365, 3.65287304,\n        6.06656485]]), array([0.14631614, 0.14631614, 0.14631614, 0.14631614, 0.14631614,\n       0.14631614, 0.14631614]))", "callback": [0.6466570167905912, 0.4104491852269161, 0.30270423663517887, 0.23970478432936038, 0.2054923810789102, 0.18440953857098408, 0.17171189992454217, 0.16767126624639528, 0.16418791084763829, 0.15686089616080112, 0.14979358423195677, 0.14689863226167899, 0.14651311841345016, 0.1463785692749473, 0.1463364008153677, 0.1463214198985714, 0.14631776119520867, 0.14631637311403745, 0.1463162687508318, 0.14631616103613576, 0.14631614483800282, 0.14631613971350943, 0.14631613837616686, 0.14631613811083177, 0.14631613808509814, 0.14631613800177912, 0.14631613800177912, 0.1463161379905269, 0.1463161379885538, 0.14631613798766963, 0.14631613798751886, 0.14631613798747356, 0.1463161379874527, 0.14631613798744336, 0.1463161379874396, 0.14631613798743937, 0.14631613798743892, 0.1463161379874386, 0.1463161379874386, 0.14631613798743848]}, "8": {"maxiter": 1000, "fatol": 1e-05, "xatol": 1e-05, "duration": 0.1008458137512207, "fun": "0.14631613799728194", "nit": "269", "nfev": "426", "status": "0", "success": "True", "message": "Optimization terminated successfully.", "x": "[4.57347635 4.12369628 0.93678187 4.73953517 3.65287675 6.06656592]", "final_simplex": "(array([[4.57347635, 4.12369628, 0.93678187, 4.73953517, 3.65287675,\n        6.06656592],\n       [4.57347487, 4.12370292, 0.93677599, 4.73952524, 3.65287387,\n        6.06656124],\n       [4.57347381, 4.12370425, 0.93678421, 4.7395415 , 3.65287369,\n        6.06656637],\n       [4.57347765, 4.12369347, 0.93677996, 4.73952957, 3.65287172,\n        6.06656357],\n       [4.57347623, 4.12370051, 0.93678531, 4.73953716, 3.65287417,\n        6.0665608 ],\n       [4.57348054, 4.12370007, 0.93677878, 4.7395358 , 3.65287467,\n        6.0665626 ],\n       [4.57347746, 4.12370304, 0.93678428, 4.73952786, 3.65287123,\n        6.0665687 ]]), array([0.14631614, 0.14631614, 0.14631614, 0.14631614, 0.14631614,\n       0.14631614, 0.14631614]))", "callback": [0.6466570167905912, 0.4104491852269161, 0.30270423663517887, 0.23970478432936038, 0.2054923810789102, 0.18440953857098408, 0.17171189992454217, 0.16767126624639528, 0.16418791084763829, 0.15686089616080112, 0.14979358423195677, 0.14689863226167899, 0.14651311841345016, 0.1463785692749473, 0.1463364008153677, 0.1463214198985714, 0.14631776119520867, 0.14631637311403745, 0.1463162687508318, 0.14631616103613576, 0.14631614483800282, 0.14631613971350943, 0.14631613837616686, 0.14631613811083177, 0.14631613808509814, 0.14631613800177912, 0.14631613800177912]}, "9": {"maxiter": 1000, "fatol": 1e-05, "xatol": 1e-10, "duration": 0.1578381061553955, "fun": "0.14631613798743848", "nit": "397", "nfev": "686", "status": "0", "success": "True", "message": "Optimization terminated successfully.", "x": "[4.57347147 4.1236991  0.93677954 4.73953365 3.65287304 6.06656485]", "final_simplex": "(array([[4.57347147, 4.1236991 , 0.93677954, 4.73953365, 3.65287304,\n        6.06656485],\n       [4.57347147, 4.1236991 , 0.93677954, 4.73953365, 3.65287304,\n        6.06656485],\n       [4.57347147, 4.1236991 , 0.93677954, 4.73953365, 3.65287304,\n        6.06656485],\n       [4.57347147, 4.1236991 , 0.93677954, 4.73953365, 3.65287304,\n        6.06656485],\n       [4.57347147, 4.1236991 , 0.93677954, 4.73953365, 3.65287304,\n        6.06656485],\n       [4.57347147, 4.1236991 , 0.93677954, 4.73953365, 3.65287304,\n        6.06656485],\n       [4.57347147, 4.1236991 , 0.93677954, 4.73953365, 3.65287304,\n        6.06656485]]), array([0.14631614, 0.14631614, 0.14631614, 0.14631614, 0.14631614,\n       0.14631614, 0.14631614]))", "callback": [0.6466570167905912, 0.4104491852269161, 0.30270423663517887, 0.23970478432936038, 0.2054923810789102, 0.18440953857098408, 0.17171189992454217, 0.16767126624639528, 0.16418791084763829, 0.15686089616080112, 0.14979358423195677, 0.14689863226167899, 0.14651311841345016, 0.1463785692749473, 0.1463364008153677, 0.1463214198985714, 0.14631776119520867, 0.14631637311403745, 0.1463162687508318, 0.14631616103613576, 0.14631614483800282, 0.14631613971350943, 0.14631613837616686, 0.14631613811083177, 0.14631613808509814, 0.14631613800177912, 0.14631613800177912, 0.1463161379905269, 0.1463161379885538, 0.14631613798766963, 0.14631613798751886, 0.14631613798747356, 0.1463161379874527, 0.14631613798744336, 0.1463161379874396, 0.14631613798743937, 0.14631613798743892, 0.1463161379874386, 0.1463161379874386, 0.14631613798743848]}, "10": {"maxiter": 1000, "fatol": 1e-10, "xatol": 1e-05, "duration": 0.10226583480834961, "fun": "0.14631613799728194", "nit": "269", "nfev": "426", "status": "0", "success": "True", "message": "Optimization terminated successfully.", "x": "[4.57347635 4.12369628 0.93678187 4.73953517 3.65287675 6.06656592]", "final_simplex": "(array([[4.57347635, 4.12369628, 0.93678187, 4.73953517, 3.65287675,\n        6.06656592],\n       [4.57347487, 4.12370292, 0.93677599, 4.73952524, 3.65287387,\n        6.06656124],\n       [4.57347381, 4.12370425, 0.93678421, 4.7395415 , 3.65287369,\n        6.06656637],\n       [4.57347765, 4.12369347, 0.93677996, 4.73952957, 3.65287172,\n        6.06656357],\n       [4.57347623, 4.12370051, 0.93678531, 4.73953716, 3.65287417,\n        6.0665608 ],\n       [4.57348054, 4.12370007, 0.93677878, 4.7395358 , 3.65287467,\n        6.0665626 ],\n       [4.57347746, 4.12370304, 0.93678428, 4.73952786, 3.65287123,\n        6.0665687 ]]), array([0.14631614, 0.14631614, 0.14631614, 0.14631614, 0.14631614,\n       0.14631614, 0.14631614]))", "callback": [0.6466570167905912, 0.4104491852269161, 0.30270423663517887, 0.23970478432936038, 0.2054923810789102, 0.18440953857098408, 0.17171189992454217, 0.16767126624639528, 0.16418791084763829, 0.15686089616080112, 0.14979358423195677, 0.14689863226167899, 0.14651311841345016, 0.1463785692749473, 0.1463364008153677, 0.1463214198985714, 0.14631776119520867, 0.14631637311403745, 0.1463162687508318, 0.14631616103613576, 0.14631614483800282, 0.14631613971350943, 0.14631613837616686, 0.14631613811083177, 0.14631613808509814, 0.14631613800177912, 0.14631613800177912]}, "11": {"maxiter": 1000, "fatol": 1e-10, "xatol": 1e-10, "duration": 0.1601269245147705, "fun": "0.14631613798743848", "nit": "397", "nfev": "686", "status": "0", "success": "True", "message": "Optimization terminated successfully.", "x": "[4.57347147 4.1236991  0.93677954 4.73953365 3.65287304 6.06656485]", "final_simplex": "(array([[4.57347147, 4.1236991 , 0.93677954, 4.73953365, 3.65287304,\n        6.06656485],\n       [4.57347147, 4.1236991 , 0.93677954, 4.73953365, 3.65287304,\n        6.06656485],\n       [4.57347147, 4.1236991 , 0.93677954, 4.73953365, 3.65287304,\n        6.06656485],\n       [4.57347147, 4.1236991 , 0.93677954, 4.73953365, 3.65287304,\n        6.06656485],\n       [4.57347147, 4.1236991 , 0.93677954, 4.73953365, 3.65287304,\n        6.06656485],\n       [4.57347147, 4.1236991 , 0.93677954, 4.73953365, 3.65287304,\n        6.06656485],\n       [4.57347147, 4.1236991 , 0.93677954, 4.73953365, 3.65287304,\n        6.06656485]]), array([0.14631614, 0.14631614, 0.14631614, 0.14631614, 0.14631614,\n       0.14631614, 0.14631614]))", "callback": [0.6466570167905912, 0.4104491852269161, 0.30270423663517887, 0.23970478432936038, 0.2054923810789102, 0.18440953857098408, 0.17171189992454217, 0.16767126624639528, 0.16418791084763829, 0.15686089616080112, 0.14979358423195677, 0.14689863226167899, 0.14651311841345016, 0.1463785692749473, 0.1463364008153677, 0.1463214198985714, 0.14631776119520867, 0.14631637311403745, 0.1463162687508318, 0.14631616103613576, 0.14631614483800282, 0.14631613971350943, 0.14631613837616686, 0.14631613811083177, 0.14631613808509814, 0.14631613800177912, 0.14631613800177912, 0.1463161379905269, 0.1463161379885538, 0.14631613798766963, 0.14631613798751886, 0.14631613798747356, 0.1463161379874527, 0.14631613798744336, 0.1463161379874396, 0.14631613798743937, 0.14631613798743892, 0.1463161379874386, 0.1463161379874386, 0.14631613798743848]}}, "bfgs": {"type": "gradient", "0": {"maxiter": 100, "gtol": 1e-05, "xrtol": 1e-05, "eps": 1e-05, "duration": 0.058107852935791016, "fun": "0.14631613804110855", "jac": "[ 5.44597700e-07 -4.84179363e-07 -1.04113385e-06 -4.06885636e-07\n -1.24439348e-06 -1.83086879e-07]", "hess_inv": "[[ 2.82396403 -0.03164601 -0.41426518 -0.53664356  0.30202563 -0.04089427]\n [-0.03164601  3.63346731  0.21362848 -0.07792755 -0.29530697  0.2442041 ]\n [-0.41426518  0.21362848  3.92261596  2.36165266 -0.74445229  0.46792692]\n [-0.53664356 -0.07792755  2.36165266  5.92175131 -0.67566115  0.2559382 ]\n [ 0.30202563 -0.29530697 -0.74445229 -0.67566115  2.64867913 -0.47624954]\n [-0.04089427  0.2442041   0.46792692  0.2559382  -0.47624954  2.78421103]]", "nfev": "238", "njev": "34", "status": "0", "success": "True", "message": "Optimization terminated successfully.", "x": "[4.5734705  4.12369139 0.93676478 4.73951901 3.65286759 6.06655859]", "nit": "28", "callback": [0.5340708898457827, 0.49236808135908094, 0.41569423426322083, 0.31264983341978736, 0.29832787995465904, 0.2936326916601555, 0.2883700614661162, 0.2866990776331305, 0.28417039355735363, 0.28223969183573194, 0.26790861952397815, 0.2650685696426125, 0.2605716374586704, 0.25275047651902305, 0.2384627615584063, 0.21293726874703833, 0.17403877480091767, 0.1546669014952461, 0.15022927680515008, 0.14714097728666387, 0.1468096177708762, 0.14639977871820598, 0.14633964917061104, 0.14632120176517294, 0.14631657950320787, 0.14631615691453415, 0.1463161385397781, 0.14631613804110855]}, "1": {"maxiter": 100, "gtol": 1e-05, "xrtol": 1e-05, "eps": 1e-10, "duration": 0.05867910385131836, "fun": "0.14631613803017696", "jac": "[-2.22044587e-06  4.44089173e-06 -6.66133760e-06 -1.11022293e-06\n -1.11022293e-06 -2.22044587e-06]", "hess_inv": "[[ 2.83751259 -0.06823895 -0.41803935 -0.58190637  0.28464476 -0.06748553]\n [-0.06823895  3.68338342  0.16914789  0.06159152 -0.27473311  0.34261922]\n [-0.41803935  0.16914789  3.95000536  2.43541797 -0.75892689  0.48273743]\n [-0.58190637  0.06159152  2.43541797  6.01253636 -0.59603331  0.28948756]\n [ 0.28464476 -0.27473311 -0.75892689 -0.59603331  2.67454173 -0.42272152]\n [-0.06748553  0.34261922  0.48273743  0.28948756 -0.42272152  2.81808176]]", "nfev": "238", "njev": "34", "status": "0", "success": "True", "message": "Optimization terminated successfully.", "x": "[4.57346788 4.1237131  0.93677092 4.73952538 3.65287001 6.06656624]", "nit": "28", "callback": [0.5340710601773635, 0.4923675888056708, 0.4156943759002708, 0.3126516192349915, 0.2983287107574384, 0.2936334492808612, 0.288370901756273, 0.28670007011900855, 0.28417085086509797, 0.282239763663487, 0.2679125732516807, 0.265071915432624, 0.260575691747819, 0.2527542023132173, 0.2384641305057701, 0.21293265887736657, 0.17402597927354468, 0.15466227441946567, 0.15022847628666103, 0.1471555139348124, 0.14680676120201253, 0.14639160175908195, 0.14633968633980454, 0.1463201474958753, 0.14631653673121559, 0.14631615144720533, 0.14631613842575852, 0.14631613803017696]}, "2": {"maxiter": 100, "gtol": 1e-05, "xrtol": 1e-10, "eps": 1e-05, "duration": 0.05593299865722656, "fun": "0.14631613804110855", "jac": "[ 5.44597700e-07 -4.84179363e-07 -1.04113385e-06 -4.06885636e-07\n -1.24439348e-06 -1.83086879e-07]", "hess_inv": "[[ 2.82396403 -0.03164601 -0.41426518 -0.53664356  0.30202563 -0.04089427]\n [-0.03164601  3.63346731  0.21362848 -0.07792755 -0.29530697  0.2442041 ]\n [-0.41426518  0.21362848  3.92261596  2.36165266 -0.74445229  0.46792692]\n [-0.53664356 -0.07792755  2.36165266  5.92175131 -0.67566115  0.2559382 ]\n [ 0.30202563 -0.29530697 -0.74445229 -0.67566115  2.64867913 -0.47624954]\n [-0.04089427  0.2442041   0.46792692  0.2559382  -0.47624954  2.78421103]]", "nfev": "238", "njev": "34", "status": "0", "success": "True", "message": "Optimization terminated successfully.", "x": "[4.5734705  4.12369139 0.93676478 4.73951901 3.65286759 6.06655859]", "nit": "28", "callback": [0.5340708898457827, 0.49236808135908094, 0.41569423426322083, 0.31264983341978736, 0.29832787995465904, 0.2936326916601555, 0.2883700614661162, 0.2866990776331305, 0.28417039355735363, 0.28223969183573194, 0.26790861952397815, 0.2650685696426125, 0.2605716374586704, 0.25275047651902305, 0.2384627615584063, 0.21293726874703833, 0.17403877480091767, 0.1546669014952461, 0.15022927680515008, 0.14714097728666387, 0.1468096177708762, 0.14639977871820598, 0.14633964917061104, 0.14632120176517294, 0.14631657950320787, 0.14631615691453415, 0.1463161385397781, 0.14631613804110855]}, "3": {"maxiter": 100, "gtol": 1e-05, "xrtol": 1e-10, "eps": 1e-10, "duration": 0.056353092193603516, "fun": "0.14631613803017696", "jac": "[-2.22044587e-06  4.44089173e-06 -6.66133760e-06 -1.11022293e-06\n -1.11022293e-06 -2.22044587e-06]", "hess_inv": "[[ 2.83751259 -0.06823895 -0.41803935 -0.58190637  0.28464476 -0.06748553]\n [-0.06823895  3.68338342  0.16914789  0.06159152 -0.27473311  0.34261922]\n [-0.41803935  0.16914789  3.95000536  2.43541797 -0.75892689  0.48273743]\n [-0.58190637  0.06159152  2.43541797  6.01253636 -0.59603331  0.28948756]\n [ 0.28464476 -0.27473311 -0.75892689 -0.59603331  2.67454173 -0.42272152]\n [-0.06748553  0.34261922  0.48273743  0.28948756 -0.42272152  2.81808176]]", "nfev": "238", "njev": "34", "status": "0", "success": "True", "message": "Optimization terminated successfully.", "x": "[4.57346788 4.1237131  0.93677092 4.73952538 3.65287001 6.06656624]", "nit": "28", "callback": [0.5340710601773635, 0.4923675888056708, 0.4156943759002708, 0.3126516192349915, 0.2983287107574384, 0.2936334492808612, 0.288370901756273, 0.28670007011900855, 0.28417085086509797, 0.282239763663487, 0.2679125732516807, 0.265071915432624, 0.260575691747819, 0.2527542023132173, 0.2384641305057701, 0.21293265887736657, 0.17402597927354468, 0.15466227441946567, 0.15022847628666103, 0.1471555139348124, 0.14680676120201253, 0.14639160175908195, 0.14633968633980454, 0.1463201474958753, 0.14631653673121559, 0.14631615144720533, 0.14631613842575852, 0.14631613803017696]}, "4": {"maxiter": 100, "gtol": 1e-10, "xrtol": 1e-05, "eps": 1e-05, "duration": 0.05624985694885254, "fun": "0.14631613804110855", "jac": "[ 5.44597700e-07 -4.84179363e-07 -1.04113385e-06 -4.06885636e-07\n -1.24439348e-06 -1.83086879e-07]", "hess_inv": "[[ 2.82396403 -0.03164601 -0.41426518 -0.53664356  0.30202563 -0.04089427]\n [-0.03164601  3.63346731  0.21362848 -0.07792755 -0.29530697  0.2442041 ]\n [-0.41426518  0.21362848  3.92261596  2.36165266 -0.74445229  0.46792692]\n [-0.53664356 -0.07792755  2.36165266  5.92175131 -0.67566115  0.2559382 ]\n [ 0.30202563 -0.29530697 -0.74445229 -0.67566115  2.64867913 -0.47624954]\n [-0.04089427  0.2442041   0.46792692  0.2559382  -0.47624954  2.78421103]]", "nfev": "238", "njev": "34", "status": "0", "success": "True", "message": "Optimization terminated successfully.", "x": "[4.5734705  4.12369139 0.93676478 4.73951901 3.65286759 6.06655859]", "nit": "28", "callback": [0.5340708898457827, 0.49236808135908094, 0.41569423426322083, 0.31264983341978736, 0.29832787995465904, 0.2936326916601555, 0.2883700614661162, 0.2866990776331305, 0.28417039355735363, 0.28223969183573194, 0.26790861952397815, 0.2650685696426125, 0.2605716374586704, 0.25275047651902305, 0.2384627615584063, 0.21293726874703833, 0.17403877480091767, 0.1546669014952461, 0.15022927680515008, 0.14714097728666387, 0.1468096177708762, 0.14639977871820598, 0.14633964917061104, 0.14632120176517294, 0.14631657950320787, 0.14631615691453415, 0.1463161385397781, 0.14631613804110855]}, "5": {"maxiter": 100, "gtol": 1e-10, "xrtol": 1e-05, "eps": 1e-10, "duration": 0.056015729904174805, "fun": "0.14631613803017696", "jac": "[-2.22044587e-06  4.44089173e-06 -6.66133760e-06 -1.11022293e-06\n -1.11022293e-06 -2.22044587e-06]", "hess_inv": "[[ 2.83751259 -0.06823895 -0.41803935 -0.58190637  0.28464476 -0.06748553]\n [-0.06823895  3.68338342  0.16914789  0.06159152 -0.27473311  0.34261922]\n [-0.41803935  0.16914789  3.95000536  2.43541797 -0.75892689  0.48273743]\n [-0.58190637  0.06159152  2.43541797  6.01253636 -0.59603331  0.28948756]\n [ 0.28464476 -0.27473311 -0.75892689 -0.59603331  2.67454173 -0.42272152]\n [-0.06748553  0.34261922  0.48273743  0.28948756 -0.42272152  2.81808176]]", "nfev": "238", "njev": "34", "status": "0", "success": "True", "message": "Optimization terminated successfully.", "x": "[4.57346788 4.1237131  0.93677092 4.73952538 3.65287001 6.06656624]", "nit": "28", "callback": [0.5340710601773635, 0.4923675888056708, 0.4156943759002708, 0.3126516192349915, 0.2983287107574384, 0.2936334492808612, 0.288370901756273, 0.28670007011900855, 0.28417085086509797, 0.282239763663487, 0.2679125732516807, 0.265071915432624, 0.260575691747819, 0.2527542023132173, 0.2384641305057701, 0.21293265887736657, 0.17402597927354468, 0.15466227441946567, 0.15022847628666103, 0.1471555139348124, 0.14680676120201253, 0.14639160175908195, 0.14633968633980454, 0.1463201474958753, 0.14631653673121559, 0.14631615144720533, 0.14631613842575852, 0.14631613803017696]}, "6": {"maxiter": 100, "gtol": 1e-10, "xrtol": 1e-10, "eps": 1e-05, "duration": 0.0940561294555664, "fun": "0.14631613801527732", "jac": "[ 9.54791801e-10 -7.74935671e-09 -3.56381591e-09  2.97539771e-09\n  5.72875081e-09  7.50510765e-09]", "hess_inv": "[[ 2.90408504 -0.16538786 -0.60915233 -0.70458069  0.26189547 -0.04266489]\n [-0.16538786  3.88296246  0.52886384  0.18455953 -0.25000683  0.23398294]\n [-0.60915233  0.52886384  4.33790736  2.77889012 -0.650599    0.50668733]\n [-0.70458069  0.18455953  2.77889012  6.27556862 -0.57950116  0.26096184]\n [ 0.26189547 -0.25000683 -0.650599   -0.57950116  2.68345098 -0.46081836]\n [-0.04266489  0.23398294  0.50668733  0.26096184 -0.46081836  2.77261969]]", "nfev": "404", "njev": "56", "status": "2", "success": "False", "message": "Desired error not necessarily achieved due to precision loss.", "x": "[4.57346823 4.1236936  0.93677037 4.73952438 3.65286978 6.06655937]", "nit": "30", "callback": [0.5340708898457827, 0.49236808135908094, 0.41569423426322083, 0.31264983341978736, 0.29832787995465904, 0.2936326916601555, 0.2883700614661162, 0.2866990776331305, 0.28417039355735363, 0.28223969183573194, 0.26790861952397815, 0.2650685696426125, 0.2605716374586704, 0.25275047651902305, 0.2384627615584063, 0.21293726874703833, 0.17403877480091767, 0.1546669014952461, 0.15022927680515008, 0.14714097728666387, 0.1468096177708762, 0.14639977871820598, 0.14633964917061104, 0.14632120176517294, 0.14631657950320787, 0.14631615691453415, 0.1463161385397781, 0.14631613804110855, 0.14631613801650367, 0.14631613801527732]}, "7": {"maxiter": 100, "gtol": 1e-10, "xrtol": 1e-10, "eps": 1e-10, "duration": 0.09241604804992676, "fun": "0.14631613798903564", "jac": "[0. 0. 0. 0. 0. 0.]", "hess_inv": "[[ 1.50953311 -1.15952818  0.81937626 -1.53918787  1.63225372 -0.09144294]\n [-1.15952818  1.47811507 -0.74194831  1.98094009 -2.39100671 -0.12083266]\n [ 0.81937626 -0.74194831  0.83017995 -1.32990125  1.58390666 -0.11825437]\n [-1.53918787  1.98094009 -1.32990125  3.22807787 -4.17960143 -0.14668539]\n [ 1.63225372 -2.39100671  1.58390666 -4.17960143  5.81178413  0.22983234]\n [-0.09144294 -0.12083266 -0.11825437 -0.14668539  0.22983234  0.17486016]]", "nfev": "392", "njev": "56", "status": "0", "success": "True", "message": "Optimization terminated successfully.", "x": "[4.57347228 4.12369605 0.93677947 4.73953439 3.65287291 6.06656336]", "nit": "39", "callback": [0.5340710601773635, 0.4923675888056708, 0.4156943759002708, 0.3126516192349915, 0.2983287107574384, 0.2936334492808612, 0.288370901756273, 0.28670007011900855, 0.28417085086509797, 0.282239763663487, 0.2679125732516807, 0.265071915432624, 0.260575691747819, 0.2527542023132173, 0.2384641305057701, 0.21293265887736657, 0.17402597927354468, 0.15466227441946567, 0.15022847628666103, 0.1471555139348124, 0.14680676120201253, 0.14639160175908195, 0.14633968633980454, 0.1463201474958753, 0.14631653673121559, 0.14631615144720533, 0.14631613842575852, 0.14631613803017696, 0.14631613801291943, 0.14631613799770937, 0.14631613799350662, 0.14631613799331955, 0.14631613799325238, 0.14631613798991006, 0.14631613798980758, 0.14631613798973797, 0.1463161379895943, 0.14631613798904086, 0.14631613798903564]}, "8": {"maxiter": 500, "gtol": 1e-05, "xrtol": 1e-05, "eps": 1e-05, "duration": 0.05581212043762207, "fun": "0.14631613804110855", "jac": "[ 5.44597700e-07 -4.84179363e-07 -1.04113385e-06 -4.06885636e-07\n -1.24439348e-06 -1.83086879e-07]", "hess_inv": "[[ 2.82396403 -0.03164601 -0.41426518 -0.53664356  0.30202563 -0.04089427]\n [-0.03164601  3.63346731  0.21362848 -0.07792755 -0.29530697  0.2442041 ]\n [-0.41426518  0.21362848  3.92261596  2.36165266 -0.74445229  0.46792692]\n [-0.53664356 -0.07792755  2.36165266  5.92175131 -0.67566115  0.2559382 ]\n [ 0.30202563 -0.29530697 -0.74445229 -0.67566115  2.64867913 -0.47624954]\n [-0.04089427  0.2442041   0.46792692  0.2559382  -0.47624954  2.78421103]]", "nfev": "238", "njev": "34", "status": "0", "success": "True", "message": "Optimization terminated successfully.", "x": "[4.5734705  4.12369139 0.93676478 4.73951901 3.65286759 6.06655859]", "nit": "28", "callback": [0.5340708898457827, 0.49236808135908094, 0.41569423426322083, 0.31264983341978736, 0.29832787995465904, 0.2936326916601555, 0.2883700614661162, 0.2866990776331305, 0.28417039355735363, 0.28223969183573194, 0.26790861952397815, 0.2650685696426125, 0.2605716374586704, 0.25275047651902305, 0.2384627615584063, 0.21293726874703833, 0.17403877480091767, 0.1546669014952461, 0.15022927680515008, 0.14714097728666387, 0.1468096177708762, 0.14639977871820598, 0.14633964917061104, 0.14632120176517294, 0.14631657950320787, 0.14631615691453415, 0.1463161385397781, 0.14631613804110855]}, "9": {"maxiter": 500, "gtol": 1e-05, "xrtol": 1e-05, "eps": 1e-10, "duration": 0.055516958236694336, "fun": "0.14631613803017696", "jac": "[-2.22044587e-06  4.44089173e-06 -6.66133760e-06 -1.11022293e-06\n -1.11022293e-06 -2.22044587e-06]", "hess_inv": "[[ 2.83751259 -0.06823895 -0.41803935 -0.58190637  0.28464476 -0.06748553]\n [-0.06823895  3.68338342  0.16914789  0.06159152 -0.27473311  0.34261922]\n [-0.41803935  0.16914789  3.95000536  2.43541797 -0.75892689  0.48273743]\n [-0.58190637  0.06159152  2.43541797  6.01253636 -0.59603331  0.28948756]\n [ 0.28464476 -0.27473311 -0.75892689 -0.59603331  2.67454173 -0.42272152]\n [-0.06748553  0.34261922  0.48273743  0.28948756 -0.42272152  2.81808176]]", "nfev": "238", "njev": "34", "status": "0", "success": "True", "message": "Optimization terminated successfully.", "x": "[4.57346788 4.1237131  0.93677092 4.73952538 3.65287001 6.06656624]", "nit": "28", "callback": [0.5340710601773635, 0.4923675888056708, 0.4156943759002708, 0.3126516192349915, 0.2983287107574384, 0.2936334492808612, 0.288370901756273, 0.28670007011900855, 0.28417085086509797, 0.282239763663487, 0.2679125732516807, 0.265071915432624, 0.260575691747819, 0.2527542023132173, 0.2384641305057701, 0.21293265887736657, 0.17402597927354468, 0.15466227441946567, 0.15022847628666103, 0.1471555139348124, 0.14680676120201253, 0.14639160175908195, 0.14633968633980454, 0.1463201474958753, 0.14631653673121559, 0.14631615144720533, 0.14631613842575852, 0.14631613803017696]}, "10": {"maxiter": 500, "gtol": 1e-05, "xrtol": 1e-10, "eps": 1e-05, "duration": 0.05581378936767578, "fun": "0.14631613804110855", "jac": "[ 5.44597700e-07 -4.84179363e-07 -1.04113385e-06 -4.06885636e-07\n -1.24439348e-06 -1.83086879e-07]", "hess_inv": "[[ 2.82396403 -0.03164601 -0.41426518 -0.53664356  0.30202563 -0.04089427]\n [-0.03164601  3.63346731  0.21362848 -0.07792755 -0.29530697  0.2442041 ]\n [-0.41426518  0.21362848  3.92261596  2.36165266 -0.74445229  0.46792692]\n [-0.53664356 -0.07792755  2.36165266  5.92175131 -0.67566115  0.2559382 ]\n [ 0.30202563 -0.29530697 -0.74445229 -0.67566115  2.64867913 -0.47624954]\n [-0.04089427  0.2442041   0.46792692  0.2559382  -0.47624954  2.78421103]]", "nfev": "238", "njev": "34", "status": "0", "success": "True", "message": "Optimization terminated successfully.", "x": "[4.5734705  4.12369139 0.93676478 4.73951901 3.65286759 6.06655859]", "nit": "28", "callback": [0.5340708898457827, 0.49236808135908094, 0.41569423426322083, 0.31264983341978736, 0.29832787995465904, 0.2936326916601555, 0.2883700614661162, 0.2866990776331305, 0.28417039355735363, 0.28223969183573194, 0.26790861952397815, 0.2650685696426125, 0.2605716374586704, 0.25275047651902305, 0.2384627615584063, 0.21293726874703833, 0.17403877480091767, 0.1546669014952461, 0.15022927680515008, 0.14714097728666387, 0.1468096177708762, 0.14639977871820598, 0.14633964917061104, 0.14632120176517294, 0.14631657950320787, 0.14631615691453415, 0.1463161385397781, 0.14631613804110855]}, "11": {"maxiter": 500, "gtol": 1e-05, "xrtol": 1e-10, "eps": 1e-10, "duration": 0.05685019493103027, "fun": "0.14631613803017696", "jac": "[-2.22044587e-06  4.44089173e-06 -6.66133760e-06 -1.11022293e-06\n -1.11022293e-06 -2.22044587e-06]", "hess_inv": "[[ 2.83751259 -0.06823895 -0.41803935 -0.58190637  0.28464476 -0.06748553]\n [-0.06823895  3.68338342  0.16914789  0.06159152 -0.27473311  0.34261922]\n [-0.41803935  0.16914789  3.95000536  2.43541797 -0.75892689  0.48273743]\n [-0.58190637  0.06159152  2.43541797  6.01253636 -0.59603331  0.28948756]\n [ 0.28464476 -0.27473311 -0.75892689 -0.59603331  2.67454173 -0.42272152]\n [-0.06748553  0.34261922  0.48273743  0.28948756 -0.42272152  2.81808176]]", "nfev": "238", "njev": "34", "status": "0", "success": "True", "message": "Optimization terminated successfully.", "x": "[4.57346788 4.1237131  0.93677092 4.73952538 3.65287001 6.06656624]", "nit": "28", "callback": [0.5340710601773635, 0.4923675888056708, 0.4156943759002708, 0.3126516192349915, 0.2983287107574384, 0.2936334492808612, 0.288370901756273, 0.28670007011900855, 0.28417085086509797, 0.282239763663487, 0.2679125732516807, 0.265071915432624, 0.260575691747819, 0.2527542023132173, 0.2384641305057701, 0.21293265887736657, 0.17402597927354468, 0.15466227441946567, 0.15022847628666103, 0.1471555139348