{"date": "2024/09/25/, 08:02:59", "conf_id": 177, "data_type": "non_lin_ind\n", "num_data_points": 1, "s_rank": 0, "unitary": "[[0.18663085-0.53122324j,-0.11886349-0.70040876j,0.28555095-0.02789305j,-0.12262021-0.2844587j],[-0.16702216+0.27758472j,0.27526351-0.29738586j,-0.01109314+0.22495461j,-0.77239203+0.28900673j],[0.61935415+0.12301792j,-0.31269928-0.03315917j,-0.61902762-0.19039079j,-0.27120731-0.0968989j],[0.42341754+0.0023929j,-0.05847358+0.47832119j,0.64900495-0.16218422j,-0.37182676-0.05229966j]]", "databatch_0": {"databatch": "[[[-0.13760271-0.33786641j,0.15879235+0.11718798j,0.04571351-0.09717997j,-0.21361228-0.15385636j],[0.08757604+0.15532424j,0.14061986+0.09676926j,-0.29755239-0.05273232j,-0.18110226-0.0764145j],[0.12756218-0.18011933j,-0.04386325+0.32141465j,0.02617535-0.18458811j,0.13931871+0.34365318j],[-0.06363634-0.20946319j,-0.21278283-0.15063092j,-0.29395017-0.14692983j,0.05251677-0.05817274j]]]", "initial param values": "[4.82517234,1.69367748,6.26233048,2.25056352,2.34584328,5.85940561]", "nelder_mead": {"type": "gradient-free", "0": {"maxiter": 100, "fatol": 1e-05, "xatol": 1e-05, "duration": 0.038374900817871094, "fun": "0.31135140800627337", "nit": "100", "nfev": "157", "status": "2", "success": "False", "message": "Maximum number of iterations has been exceeded.", "x": "[7.63109779 0.69690904 9.50623683 2.70481257 0.95380638 2.93277144]", "final_simplex": "(array([[7.63109779, 0.69690904, 9.50623683, 2.70481257, 0.95380638,\n        2.93277144],\n       [7.69131322, 0.65163268, 9.45858947, 2.65156438, 0.95655621,\n        2.86683949],\n       [7.66055214, 0.84717481, 9.42173737, 2.75411288, 1.02504924,\n        2.89378594],\n       [7.79968323, 0.78060511, 9.48007656, 2.72987865, 0.95744481,\n        2.78062779],\n       [7.57417432, 0.72562987, 9.36548231, 2.60163653, 0.99110856,\n        2.95184451],\n       [7.69667354, 0.69912889, 9.35900797, 2.66558319, 0.99575925,\n        2.96648847],\n       [7.71412803, 0.77061034, 9.42135014, 2.61109967, 0.99109897,\n        2.95932884]]), array([0.31135141, 0.31377459, 0.31878678, 0.31985369, 0.32022827,\n       0.32071028, 0.32187121]))", "callback": [0.8317360168210401, 0.6857325682768765, 0.6356985240300492, 0.6167507247950896, 0.5404563606397932, 0.41323081698949327, 0.3763702696148231, 0.3501729921604655, 0.3340597295909711, 0.3198536860496174]}, "1": {"maxiter": 100, "fatol": 1e-05, "xatol": 1e-10, "duration": 0.037055015563964844, "fun": "0.31135140800627337", "nit": "100", "nfev": "157", "status": "2", "success": "False", "message": "Maximum number of iterations has been exceeded.", "x": "[7.63109779 0.69690904 9.50623683 2.70481257 0.95380638 2.93277144]", "final_simplex": "(array([[7.63109779, 0.69690904, 9.50623683, 2.70481257, 0.95380638,\n        2.93277144],\n       [7.69131322, 0.65163268, 9.45858947, 2.65156438, 0.95655621,\n        2.86683949],\n       [7.66055214, 0.84717481, 9.42173737, 2.75411288, 1.02504924,\n        2.89378594],\n       [7.79968323, 0.78060511, 9.48007656, 2.72987865, 0.95744481,\n        2.78062779],\n       [7.57417432, 0.72562987, 9.36548231, 2.60163653, 0.99110856,\n        2.95184451],\n       [7.69667354, 0.69912889, 9.35900797, 2.66558319, 0.99575925,\n        2.96648847],\n       [7.71412803, 0.77061034, 9.42135014, 2.61109967, 0.99109897,\n        2.95932884]]), array([0.31135141, 0.31377459, 0.31878678, 0.31985369, 0.32022827,\n       0.32071028, 0.32187121]))", "callback": [0.8317360168210401, 0.6857325682768765, 0.6356985240300492, 0.6167507247950896, 0.5404563606397932, 0.41323081698949327, 0.3763702696148231, 0.3501729921604655, 0.3340597295909711, 0.3198536860496174]}, "2": {"maxiter": 100, "fatol": 1e-10, "xatol": 1e-05, "duration": 0.034234046936035156, "fun": "0.31135140800627337", "nit": "100", "nfev": "157", "status": "2", "success": "False", "message": "Maximum number of iterations has been exceeded.", "x": "[7.63109779 0.69690904 9.50623683 2.70481257 0.95380638 2.93277144]", "final_simplex": "(array([[7.63109779, 0.69690904, 9.50623683, 2.70481257, 0.95380638,\n        2.93277144],\n       [7.69131322, 0.65163268, 9.45858947, 2.65156438, 0.95655621,\n        2.86683949],\n       [7.66055214, 0.84717481, 9.42173737, 2.75411288, 1.02504924,\n        2.89378594],\n       [7.79968323, 0.78060511, 9.48007656, 2.72987865, 0.95744481,\n        2.78062779],\n       [7.57417432, 0.72562987, 9.36548231, 2.60163653, 0.99110856,\n        2.95184451],\n       [7.69667354, 0.69912889, 9.35900797, 2.66558319, 0.99575925,\n        2.96648847],\n       [7.71412803, 0.77061034, 9.42135014, 2.61109967, 0.99109897,\n        2.95932884]]), array([0.31135141, 0.31377459, 0.31878678, 0.31985369, 0.32022827,\n       0.32071028, 0.32187121]))", "callback": [0.8317360168210401, 0.6857325682768765, 0.6356985240300492, 0.6167507247950896, 0.5404563606397932, 0.41323081698949327, 0.3763702696148231, 0.3501729921604655, 0.3340597295909711, 0.3198536860496174]}, "3": {"maxiter": 100, "fatol": 1e-10, "xatol": 1e-10, "duration": 0.03294205665588379, "fun": "0.31135140800627337", "nit": "100", "nfev": "157", "status": "2", "success": "False", "message": "Maximum number of iterations has been exceeded.", "x": "[7.63109779 0.69690904 9.50623683 2.70481257 0.95380638 2.93277144]", "final_simplex": "(array([[7.63109779, 0.69690904, 9.50623683, 2.70481257, 0.95380638,\n        2.93277144],\n       [7.69131322, 0.65163268, 9.45858947, 2.65156438, 0.95655621,\n        2.86683949],\n       [7.66055214, 0.84717481, 9.42173737, 2.75411288, 1.02504924,\n        2.89378594],\n       [7.79968323, 0.78060511, 9.48007656, 2.72987865, 0.95744481,\n        2.78062779],\n       [7.57417432, 0.72562987, 9.36548231, 2.60163653, 0.99110856,\n        2.95184451],\n       [7.69667354, 0.69912889, 9.35900797, 2.66558319, 0.99575925,\n        2.96648847],\n       [7.71412803, 0.77061034, 9.42135014, 2.61109967, 0.99109897,\n        2.95932884]]), array([0.31135141, 0.31377459, 0.31878678, 0.31985369, 0.32022827,\n       0.32071028, 0.32187121]))", "callback": [0.8317360168210401, 0.6857325682768765, 0.6356985240300492, 0.6167507247950896, 0.5404563606397932, 0.41323081698949327, 0.3763702696148231, 0.3501729921604655, 0.3340597295909711, 0.3198536860496174]}, "4": {"maxiter": 500, "fatol": 1e-05, "xatol": 1e-05, "duration": 0.11562585830688477, "fun": "0.30886000851047546", "nit": "336", "nfev": "536", "status": "0", "success": "True", "message": "Optimization terminated successfully.", "x": "[7.6102818  0.63247485 9.57084884 2.7381882  0.92649239 2.84435274]", "final_simplex": "(array([[7.6102818 , 0.63247485, 9.57084884, 2.7381882 , 0.92649239,\n        2.84435274],\n       [7.61028651, 0.63247083, 9.57084827, 2.73819042, 0.92649628,\n        2.84435652],\n       [7.61028215, 0.6324667 , 9.57084694, 2.73818779, 0.92648673,\n        2.84435218],\n       [7.61028449, 0.63247545, 9.57085064, 2.7381898 , 0.92649106,\n        2.84435196],\n       [7.61028334, 0.63246719, 9.57084891, 2.73818151, 0.92648495,\n        2.84434652],\n       [7.61028292, 0.63246776, 9.57085564, 2.7381909 , 0.92649172,\n        2.84435213],\n       [7.61028484, 0.6324672 , 9.57085092, 2.73818143, 0.92649596,\n        2.8443562 ]]), array([0.30886001, 0.30886001, 0.30886001, 0.30886001, 0.30886001,\n       0.30886001, 0.30886001]))", "callback": [0.8317360168210401, 0.6857325682768765, 0.6356985240300492, 0.6167507247950896, 0.5404563606397932, 0.41323081698949327, 0.3763702696148231, 0.3501729921604655, 0.3340597295909711, 0.3198536860496174, 0.31135140800627337, 0.3094950147869526, 0.308973242226006, 0.3088770241045332, 0.30886526213614185, 0.30886365069402266, 0.3088609038870175, 0.30886042398055014, 0.30886032603933267, 0.30886030529808495, 0.3088603014404633, 0.30886028507539653, 0.30886022510144495, 0.30886013672743506, 0.30886004792644106, 0.3088600302588166, 0.30886001615477676, 0.30886001178329514, 0.3088600101030742, 0.30886000930065216, 0.3088600089693414, 0.3088600086821166, 0.3088600085475268, 0.3088600085130836]}, "5": {"maxiter": 500, "fatol": 1e-05, "xatol": 1e-10, "duration": 0.1879270076751709, "fun": "0.30886000850557527", "nit": "492", "nfev": "833", "status": "0", "success": "True", "message": "Optimization terminated successfully.", "x": "[7.61028269 0.63246991 9.57084926 2.73818761 0.92648717 2.84434834]", "final_simplex": "(array([[7.61028269, 0.63246991, 9.57084926, 2.73818761, 0.92648717,\n        2.84434834],\n       [7.61028269, 0.63246991, 9.57084926, 2.73818761, 0.92648717,\n        2.84434834],\n       [7.61028269, 0.63246991, 9.57084926, 2.73818761, 0.92648717,\n        2.84434834],\n       [7.61028269, 0.63246991, 9.57084926, 2.73818761, 0.92648717,\n        2.84434834],\n       [7.61028269, 0.63246991, 9.57084926, 2.73818761, 0.92648717,\n        2.84434834],\n       [7.61028269, 0.63246991, 9.57084926, 2.73818761, 0.92648717,\n        2.84434834],\n       [7.61028269, 0.63246991, 9.57084926, 2.73818761, 0.92648717,\n        2.84434834]]), array([0.30886001, 0.30886001, 0.30886001, 0.30886001, 0.30886001,\n       0.30886001, 0.30886001]))", "callback": [0.8317360168210401, 0.6857325682768765, 0.6356985240300492, 0.6167507247950896, 0.5404563606397932, 0.41323081698949327, 0.3763702696148231, 0.3501729921604655, 0.3340597295909711, 0.3198536860496174, 0.31135140800627337, 0.3094950147869526, 0.308973242226006, 0.3088770241045332, 0.30886526213614185, 0.30886365069402266, 0.3088609038870175, 0.30886042398055014, 0.30886032603933267, 0.30886030529808495, 0.3088603014404633, 0.30886028507539653, 0.30886022510144495, 0.30886013672743506, 0.30886004792644106, 0.3088600302588166, 0.30886001615477676, 0.30886001178329514, 0.3088600101030742, 0.30886000930065216, 0.3088600089693414, 0.3088600086821166, 0.3088600085475268, 0.3088600085130836, 0.30886000850703943, 0.30886000850606077, 0.30886000850577844, 0.30886000850570006, 0.3088600085056371, 0.308860008505604, 0.308860008505599, 0.3088600085055895, 0.30886000850558126, 0.30886000850557727, 0.30886000850557593, 0.3088600085055755, 0.30886000850557527, 0.30886000850557527, 0.30886000850557527, 0.30886000850557527]}, "6": {"maxiter": 500, "fatol": 1e-10, "xatol": 1e-05, "duration": 0.1295487880706787, "fun": "0.30886000851047546", "nit": "336", "nfev": "536", "status": "0", "success": "True", "message": "Optimization terminated successfully.", "x": "[7.6102818  0.63247485 9.57084884 2.7381882  0.92649239 2.84435274]", "final_simplex": "(array([[7.6102818 , 0.63247485, 9.57084884, 2.7381882 , 0.92649239,\n        2.84435274],\n       [7.61028651, 0.63247083, 9.57084827, 2.73819042, 0.92649628,\n        2.84435652],\n       [7.61028215, 0.6324667 , 9.57084694, 2.73818779, 0.92648673,\n        2.84435218],\n       [7.61028449, 0.63247545, 9.57085064, 2.7381898 , 0.92649106,\n        2.84435196],\n       [7.61028334, 0.63246719, 9.57084891, 2.73818151, 0.92648495,\n        2.84434652],\n       [7.61028292, 0.63246776, 9.57085564, 2.7381909 , 0.92649172,\n        2.84435213],\n       [7.61028484, 0.6324672 , 9.57085092, 2.73818143, 0.92649596,\n        2.8443562 ]]), array([0.30886001, 0.30886001, 0.30886001, 0.30886001, 0.30886001,\n       0.30886001, 0.30886001]))", "callback": [0.8317360168210401, 0.6857325682768765, 0.6356985240300492, 0.6167507247950896, 0.5404563606397932, 0.41323081698949327, 0.3763702696148231, 0.3501729921604655, 0.3340597295909711, 0.3198536860496174, 0.31135140800627337, 0.3094950147869526, 0.308973242226006, 0.3088770241045332, 0.30886526213614185, 0.30886365069402266, 0.3088609038870175, 0.30886042398055014, 0.30886032603933267, 0.30886030529808495, 0.3088603014404633, 0.30886028507539653, 0.30886022510144495, 0.30886013672743506, 0.30886004792644106, 0.3088600302588166, 0.30886001615477676, 0.30886001178329514, 0.3088600101030742, 0.30886000930065216, 0.3088600089693414, 0.3088600086821166, 0.3088600085475268, 0.3088600085130836]}, "7": {"maxiter": 500, "fatol": 1e-10, "xatol": 1e-10, "duration": 0.21168303489685059, "fun": "0.30886000850557527", "nit": "492", "nfev": "833", "status": "0", "success": "True", "message": "Optimization terminated successfully.", "x": "[7.61028269 0.63246991 9.57084926 2.73818761 0.92648717 2.84434834]", "final_simplex": "(array([[7.61028269, 0.63246991, 9.57084926, 2.73818761, 0.92648717,\n        2.84434834],\n       [7.61028269, 0.63246991, 9.57084926, 2.73818761, 0.92648717,\n        2.84434834],\n       [7.61028269, 0.63246991, 9.57084926, 2.73818761, 0.92648717,\n        2.84434834],\n       [7.61028269, 0.63246991, 9.57084926, 2.73818761, 0.92648717,\n        2.84434834],\n       [7.61028269, 0.63246991, 9.57084926, 2.73818761, 0.92648717,\n        2.84434834],\n       [7.61028269, 0.63246991, 9.57084926, 2.73818761, 0.92648717,\n        2.84434834],\n       [7.61028269, 0.63246991, 9.57084926, 2.73818761, 0.92648717,\n        2.84434834]]), array([0.30886001, 0.30886001, 0.30886001, 0.30886001, 0.30886001,\n       0.30886001, 0.30886001]))", "callback": [0.8317360168210401, 0.6857325682768765, 0.6356985240300492, 0.6167507247950896, 0.5404563606397932, 0.41323081698949327, 0.3763702696148231, 0.3501729921604655, 0.3340597295909711, 0.3198536860496174, 0.31135140800627337, 0.3094950147869526, 0.308973242226006, 0.3088770241045332, 0.30886526213614185, 0.30886365069402266, 0.3088609038870175, 0.30886042398055014, 0.30886032603933267, 0.30886030529808495, 0.3088603014404633, 0.30886028507539653, 0.30886022510144495, 0.30886013672743506, 0.30886004792644106, 0.3088600302588166, 0.30886001615477676, 0.30886001178329514, 0.3088600101030742, 0.30886000930065216, 0.3088600089693414, 0.3088600086821166, 0.3088600085475268, 0.3088600085130836, 0.30886000850703943, 0.30886000850606077, 0.30886000850577844, 0.30886000850570006, 0.3088600085056371, 0.308860008505604, 0.308860008505599, 0.3088600085055895, 0.30886000850558126, 0.30886000850557727, 0.30886000850557593, 0.3088600085055755, 0.30886000850557527, 0.30886000850557527, 0.30886000850557527, 0.30886000850557527]}, "8": {"maxiter": 1000, "fatol": 1e-05, "xatol": 1e-05, "duration": 0.1237790584564209, "fun": "0.30886000851047546", "nit": "336", "nfev": "536", "status": "0", "success": "True", "message": "Optimization terminated successfully.", "x": "[7.6102818  0.63247485 9.57084884 2.7381882  0.92649239 2.84435274]", "final_simplex": "(array([[7.6102818 , 0.63247485, 9.57084884, 2.7381882 , 0.92649239,\n        2.84435274],\n       [7.61028651, 0.63247083, 9.57084827, 2.73819042, 0.92649628,\n        2.84435652],\n       [7.61028215, 0.6324667 , 9.57084694, 2.73818779, 0.92648673,\n        2.84435218],\n       [7.61028449, 0.63247545, 9.57085064, 2.7381898 , 0.92649106,\n        2.84435196],\n       [7.61028334, 0.63246719, 9.57084891, 2.73818151, 0.92648495,\n        2.84434652],\n       [7.61028292, 0.63246776, 9.57085564, 2.7381909 , 0.92649172,\n        2.84435213],\n       [7.61028484, 0.6324672 , 9.57085092, 2.73818143, 0.92649596,\n        2.8443562 ]]), array([0.30886001, 0.30886001, 0.30886001, 0.30886001, 0.30886001,\n       0.30886001, 0.30886001]))", "callback": [0.8317360168210401, 0.6857325682768765, 0.6356985240300492, 0.6167507247950896, 0.5404563606397932, 0.41323081698949327, 0.3763702696148231, 0.3501729921604655, 0.3340597295909711, 0.3198536860496174, 0.31135140800627337, 0.3094950147869526, 0.308973242226006, 0.3088770241045332, 0.30886526213614185, 0.30886365069402266, 0.3088609038870175, 0.30886042398055014, 0.30886032603933267, 0.30886030529808495, 0.3088603014404633, 0.30886028507539653, 0.30886022510144495, 0.30886013672743506, 0.30886004792644106, 0.3088600302588166, 0.30886001615477676, 0.30886001178329514, 0.3088600101030742, 0.30886000930065216, 0.3088600089693414, 0.3088600086821166, 0.3088600085475268, 0.3088600085130836]}, "9": {"maxiter": 1000, "fatol": 1e-05, "xatol": 1e-10, "duration": 0.2020108699798584, "fun": "0.30886000850557527", "nit": "492", "nfev": "833", "status": "0", "success": "True", "message": "Optimization terminated successfully.", "x": "[7.61028269 0.63246991 9.57084926 2.73818761 0.92648717 2.84434834]", "final_simplex": "(array([[7.61028269, 0.63246991, 9.57084926, 2.73818761, 0.92648717,\n        2.84434834],\n       [7.61028269, 0.63246991, 9.57084926, 2.73818761, 0.92648717,\n        2.84434834],\n       [7.61028269, 0.63246991, 9.57084926, 2.73818761, 0.92648717,\n        2.84434834],\n       [7.61028269, 0.63246991, 9.57084926, 2.73818761, 0.92648717,\n        2.84434834],\n       [7.61028269, 0.63246991, 9.57084926, 2.73818761, 0.92648717,\n        2.84434834],\n       [7.61028269, 0.63246991, 9.57084926, 2.73818761, 0.92648717,\n        2.84434834],\n       [7.61028269, 0.63246991, 9.57084926, 2.73818761, 0.92648717,\n        2.84434834]]), array([0.30886001, 0.30886001, 0.30886001, 0.30886001, 0.30886001,\n       0.30886001, 0.30886001]))", "callback": [0.8317360168210401, 0.6857325682768765, 0.6356985240300492, 0.6167507247950896, 0.5404563606397932, 0.41323081698949327, 0.3763702696148231, 0.3501729921604655, 0.3340597295909711, 0.3198536860496174, 0.31135140800627337, 0.3094950147869526, 0.308973242226006, 0.3088770241045332, 0.30886526213614185, 0.30886365069402266, 0.3088609038870175, 0.30886042398055014, 0.30886032603933267, 0.30886030529808495, 0.3088603014404633, 0.30886028507539653, 0.30886022510144495, 0.30886013672743506, 0.30886004792644106, 0.3088600302588166, 0.30886001615477676, 0.30886001178329514, 0.3088600101030742, 0.30886000930065216, 0.3088600089693414, 0.3088600086821166, 0.3088600085475268, 0.3088600085130836, 0.30886000850703943, 0.30886000850606077, 0.30886000850577844, 0.30886000850570006, 0.3088600085056371, 0.308860008505604, 0.308860008505599, 0.3088600085055895, 0.30886000850558126, 0.30886000850557727, 0.30886000850557593, 0.3088600085055755, 0.30886000850557527, 0.30886000850557527, 0.30886000850557527, 0.30886000850557527]}, "10": {"maxiter": 1000, "fatol": 1e-10, "xatol": 1e-05, "duration": 0.12974309921264648, "fun": "0.30886000851047546", "nit": "336", "nfev": "536", "status": "0", "success": "True", "message": "Optimization terminated successfully.", "x": "[7.6102818  0.63247485 9.57084884 2.7381882  0.92649239 2.84435274]", "final_simplex": "(array([[7.6102818 , 0.63247485, 9.57084884, 2.7381882 , 0.92649239,\n        2.84435274],\n       [7.61028651, 0.63247083, 9.57084827, 2.73819042, 0.92649628,\n        2.84435652],\n       [7.61028215, 0.6324667 , 9.57084694, 2.73818779, 0.92648673,\n        2.84435218],\n       [7.61028449, 0.63247545, 9.57085064, 2.7381898 , 0.92649106,\n        2.84435196],\n       [7.61028334, 0.63246719, 9.57084891, 2.73818151, 0.92648495,\n        2.84434652],\n       [7.61028292, 0.63246776, 9.57085564, 2.7381909 , 0.92649172,\n        2.84435213],\n       [7.61028484, 0.6324672 , 9.57085092, 2.73818143, 0.92649596,\n        2.8443562 ]]), array([0.30886001, 0.30886001, 0.30886001, 0.30886001, 0.30886001,\n       0.30886001, 0.30886001]))", "callback": [0.8317360168210401, 0.6857325682768765, 0.6356985240300492, 0.6167507247950896, 0.5404563606397932, 0.41323081698949327, 0.3763702696148231, 0.3501729921604655, 0.3340597295909711, 0.3198536860496174, 0.31135140800627337, 0.3094950147869526, 0.308973242226006, 0.3088770241045332, 0.30886526213614185, 0.30886365069402266, 0.3088609038870175, 0.30886042398055014, 0.30886032603933267, 0.30886030529808495, 0.3088603014404633, 0.30886028507539653, 0.30886022510144495, 0.30886013672743506, 0.30886004792644106, 0.3088600302588166, 0.30886001615477676, 0.30886001178329514, 0.3088600101030742, 0.30886000930065216, 0.3088600089693414, 0.3088600086821166, 0.3088600085475268, 0.3088600085130836]}, "11": {"maxiter": 1000, "fatol": 1e-10, "xatol": 1e-10, "duration": 0.1943659782409668, "fun": "0.30886000850557527", "nit": "492", "nfev": "833", "status": "0", "success": "True", "message": "Optimization terminated successfully.", "x": "[7.61028269 0.63246991 9.57084926 2.73818761 0.92648717 2.84434834]", "final_simplex": "(array([[7.61028269, 0.63246991, 9.57084926, 2.73818761, 0.92648717,\n        2.84434834],\n       [7.61028269, 0.63246991, 9.57084926, 2.73818761, 0.92648717,\n        2.84434834],\n       [7.61028269, 0.63246991, 9.57084926, 2.73818761, 0.92648717,\n        2.84434834],\n       [7.61028269, 0.63246991, 9.57084926, 2.73818761, 0.92648717,\n        2.84434834],\n       [7.61028269, 0.63246991, 9.57084926, 2.73818761, 0.92648717,\n        2.84434834],\n       [7.61028269, 0.63246991, 9.57084926, 2.73818761, 0.92648717,\n        2.84434834],\n       [7.61028269, 0.63246991, 9.57084926, 2.73818761, 0.92648717,\n        2.84434834]]), array([0.30886001, 0.30886001, 0.30886001, 0.30886001, 0.30886001,\n       0.30886001, 0.30886001]))", "callback": [0.8317360168210401, 0.6857325682768765, 0.6356985240300492, 0.6167507247950896, 0.5404563606397932, 0.41323081698949327, 0.3763702696148231, 0.3501729921604655, 0.3340597295909711, 0.3198536860496174, 0.31135140800627337, 0.3094950147869526, 0.308973242226006, 0.3088770241045332, 0.30886526213614185, 0.30886365069402266, 0.3088609038870175, 0.30886042398055014, 0.30886032603933267, 0.30886030529808495, 0.3088603014404633, 0.30886028507539653, 0.30886022510144495, 0.30886013672743506, 0.30886004792644106, 0.3088600302588166, 0.30886001615477676, 0.30886001178329514, 0.3088600101030742, 0.30886000930065216, 0.3088600089693414, 0.3088600086821166, 0.3088600085475268, 0.3088600085130836, 0.30886000850703943, 0.30886000850606077, 0.30886000850577844, 0.30886000850570006, 0.3088600085056371, 0.308860008505604, 0.308860008505599, 0.3088600085055895, 0.30886000850558126, 0.30886000850557727, 0.30886000850557593, 0.3088600085055755, 0.30886000850557527, 0.30886000850557527, 0.30886000850557527, 0.30886000850557527]}}, "bfgs": {"type": "gradient", "0": {"maxiter": 100, "gtol": 1e-05, "xrtol": 1e-05, "eps": 1e-05, "duration": 0.04412198066711426, "fun": "0.30886000883041287", "jac": "[ 4.24429381e-06 -4.95574692e-06 -1.04086739e-06  3.43958195e-07\n  3.82665011e-06 -5.33261213e-06]", "hess_inv": "[[ 3.22461076e+00 -7.12484010e-02 -2.93296958e-02  2.26097329e-01\n   1.24204301e-01  4.26642932e-01]\n [-7.12484010e-02  2.92732588e+00 -8.81331444e-01 -6.45282562e-02\n   1.36193592e-01 -2.00689035e-01]\n [-2.93296958e-02 -8.81331444e-01  3.14329344e+00 -9.52450077e-03\n   5.21568047e-01  8.56566344e-01]\n [ 2.26097329e-01 -6.45282562e-02 -9.52450077e-03  3.13676008e+00\n   7.11606297e-01  7.34372680e-01]\n [ 1.24204301e-01  1.36193592e-01  5.21568047e-01  7.11606297e-01\n   1.91513345e+01  1.76381430e+01]\n [ 4.26642932e-01 -2.00689035e-01  8.56566344e-01  7.34372680e-01\n   1.76381430e+01  1.90329031e+01]]", "nfev": "182", "njev": "26", "status": "0", "success": "True", "message": "Optimization terminated successfully.", "x": "[4.95609271 3.77404683 6.42924628 3.54499595 4.06799685 5.98584421]", "nit": "21", "callback": [0.6231965542150117, 0.5983156803050563, 0.5514703333278477, 0.46575433572535596, 0.3495257827136803, 0.3312621315927904, 0.3248535202579983, 0.32029557006670484, 0.31974901763114105, 0.3187998278639316, 0.31729182825666813, 0.31526501575972277, 0.313133380706196, 0.31072670111615874, 0.3093558037000299, 0.30886828089399887, 0.3088619846225811, 0.3088607927006476, 0.30886013542724533, 0.30886001598436286, 0.30886000883041287]}, "1": {"maxiter": 100, "gtol": 1e-05, "xrtol": 1e-05, "eps": 1e-10, "duration": 0.04392123222351074, "fun": "0.308860008593815", "jac": "[ 3.33066880e-06 -3.33066880e-06 -1.11022293e-06 -2.22044587e-06\n  6.66133760e-06 -5.55111466e-06]", "hess_inv": "[[ 3.16570446e+00 -6.84811373e-02 -4.26532760e-02  2.27222515e-01\n   3.01056327e-01  5.73857511e-01]\n [-6.84811373e-02  2.92331367e+00 -8.82680889e-01 -7.83235795e-02\n   1.74112649e-01 -1.49157775e-01]\n [-4.26532760e-02 -8.82680889e-01  3.16009208e+00 -8.00564104e-03\n   4.71729569e-01  7.93812798e-01]\n [ 2.27222515e-01 -7.83235795e-02 -8.00564104e-03  3.12870300e+00\n   6.88919550e-01  7.29006964e-01]\n [ 3.01056327e-01  1.74112649e-01  4.71729569e-01  6.88919550e-01\n   1.91818485e+01  1.78266874e+01]\n [ 5.73857511e-01 -1.49157775e-01  7.93812798e-01  7.29006964e-01\n   1.78266874e+01  1.93694112e+01]]", "nfev": "182", "njev": "26", "status": "0", "success": "True", "message": "Optimization terminated successfully.", "x": "[4.95609072 3.77405272 6.42924761 3.54499899 4.06807651 5.98592037]", "nit": "21", "callback": [0.6231886493555872, 0.598314481351244, 0.5514847468733117, 0.46579848971463833, 0.34956988821406965, 0.33126966626850596, 0.3248598013932783, 0.3202954775954281, 0.3197488920731749, 0.31879963211825935, 0.31729159791528283, 0.3152638569285279, 0.3131373405956668, 0.3107225345124095, 0.30935718243052734, 0.3088682090292011, 0.30886199734295505, 0.3088607916426298, 0.308860133576059, 0.3088600154964688, 0.308860008593815]}, "2": {"maxiter": 100, "gtol": 1e-05, "xrtol": 1e-10, "eps": 1e-05, "duration": 0.043443918228149414, "fun": "0.30886000883041287", "jac": "[ 4.24429381e-06 -4.95574692e-06 -1.04086739e-06  3.43958195e-07\n  3.82665011e-06 -5.33261213e-06]", "hess_inv": "[[ 3.22461076e+00 -7.12484010e-02 -2.93296958e-02  2.26097329e-01\n   1.24204301e-01  4.26642932e-01]\n [-7.12484010e-02  2.92732588e+00 -8.81331444e-01 -6.45282562e-02\n   1.36193592e-01 -2.00689035e-01]\n [-2.93296958e-02 -8.81331444e-01  3.14329344e+00 -9.52450077e-03\n   5.21568047e-01  8.56566344e-01]\n [ 2.26097329e-01 -6.45282562e-02 -9.52450077e-03  3.13676008e+00\n   7.11606297e-01  7.34372680e-01]\n [ 1.24204301e-01  1.36193592e-01  5.21568047e-01  7.11606297e-01\n   1.91513345e+01  1.76381430e+01]\n [ 4.26642932e-01 -2.00689035e-01  8.56566344e-01  7.34372680e-01\n   1.76381430e+01  1.90329031e+01]]", "nfev": "182", "njev": "26", "status": "0", "success": "True", "message": "Optimization terminated successfully.", "x": "[4.95609271 3.77404683 6.42924628 3.54499595 4.06799685 5.98584421]", "nit": "21", "callback": [0.6231965542150117, 0.5983156803050563, 0.5514703333278477, 0.46575433572535596, 0.3495257827136803, 0.3312621315927904, 0.3248535202579983, 0.32029557006670484, 0.31974901763114105, 0.3187998278639316, 0.31729182825666813, 0.31526501575972277, 0.313133380706196, 0.31072670111615874, 0.3093558037000299, 0.30886828089399887, 0.3088619846225811, 0.3088607927006476, 0.30886013542724533, 0.30886001598436286, 0.30886000883041287]}, "3": {"maxiter": 100, "gtol": 1e-05, "xrtol": 1e-10, "eps": 1e-10, "duration": 0.04286599159240723, "fun": "0.308860008593815", "jac": "[ 3.33066880e-06 -3.33066880e-06 -1.11022293e-06 -2.22044587e-06\n  6.66133760e-06 -5.55111466e-06]", "hess_inv": "[[ 3.16570446e+00 -6.84811373e-02 -4.26532760e-02  2.27222515e-01\n   3.01056327e-01  5.73857511e-01]\n [-6.84811373e-02  2.92331367e+00 -8.82680889e-01 -7.83235795e-02\n   1.74112649e-01 -1.49157775e-01]\n [-4.26532760e-02 -8.82680889e-01  3.16009208e+00 -8.00564104e-03\n   4.71729569e-01  7.93812798e-01]\n [ 2.27222515e-01 -7.83235795e-02 -8.00564104e-03  3.12870300e+00\n   6.88919550e-01  7.29006964e-01]\n [ 3.01056327e-01  1.74112649e-01  4.71729569e-01  6.88919550e-01\n   1.91818485e+01  1.78266874e+01]\n [ 5.73857511e-01 -1.49157775e-01  7.93812798e-01  7.29006964e-01\n   1.78266874e+01  1.93694112e+01]]", "nfev": "182", "njev": "26", "status": "0", "success": "True", "message": "Optimization terminated successfully.", "x": "[4.95609072 3.77405272 6.42924761 3.54499899 4.06807651 5.98592037]", "nit": "21", "callback": [0.6231886493555872, 0.598314481351244, 0.5514847468733117, 0.46579848971463833, 0.34956988821406965, 0.33126966626850596, 0.3248598013932783, 0.3202954775954281, 0.3197488920731749, 0.31879963211825935, 0.31729159791528283, 0.3152638569285279, 0.3131373405956668, 0.3107225345124095, 0.30935718243052734, 0.3088682090292011, 0.30886199734295505, 0.3088607916426298, 0.308860133576059, 0.3088600154964688, 0.308860008593815]}, "4": {"maxiter": 100, "gtol": 1e-10, "xrtol": 1e-05, "eps": 1e-05, "duration": 0.04728126525878906, "fun": "0.30886000862083185", "jac": "[ 8.11017920e-08  2.00739425e-07 -4.15545376e-07  6.23001650e-07\n -2.70561351e-08  2.17903473e-07]", "hess_inv": "[[ 3.01925968e+00 -6.18439323e-02 -1.83467163e-02  3.10708961e-01\n   3.11811574e-01  5.12690111e-01]\n [-6.18439323e-02  3.04136028e+00 -8.72650651e-01 -1.29375498e-01\n   2.24343620e-01  5.49160750e-02]\n [-1.83467163e-02 -8.72650651e-01  3.14344286e+00 -1.89417990e-02\n   5.19295884e-01  8.72788121e-01]\n [ 3.10708961e-01 -1.29375498e-01 -1.89417990e-02  3.13437540e+00\n   5.82774086e-01  5.60665691e-01]\n [ 3.11811574e-01  2.24343620e-01  5.19295884e-01  5.82774086e-01\n   1.90617006e+01  1.77788899e+01]\n [ 5.12690111e-01  5.49160750e-02  8.72788121e-01  5.60665691e-01\n   1.77788899e+01  1.95853587e+01]]", "nfev": "189", "njev": "27", "status": "0", "success": "True", "message": "Optimization terminated successfully.", "x": "[4.956081   3.77406073 6.42924798 3.54499365 4.06801885 5.98587943]", "nit": "22", "callback": [0.6231965542150117, 0.5983156803050563, 0.5514703333278477, 0.46575433572535596, 0.3495257827136803, 0.3312621315927904, 0.3248535202579983, 0.32029557006670484, 0.31974901763114105, 0.3187998278639316, 0.31729182825666813, 0.31526501575972277, 0.313133380706196, 0.31072670111615874, 0.3093558037000299, 0.30886828089399887, 0.3088619846225811, 0.3088607927006476, 0.30886013542724533, 0.30886001598436286, 0.30886000883041287, 0.30886000862083185]}, "5": {"maxiter": 100, "gtol": 1e-10, "xrtol": 1e-05, "eps": 1e-10, "duration": 0.046617746353149414, "fun": "0.30886000854929485", "jac": "[-2.22044587e-06 -1.11022293e-06 -1.11022293e-06  1.11022293e-06\n -2.22044587e-06 -1.11022293e-06]", "hess_inv": "[[ 3.03315486 -0.08254881 -0.02267648  0.32381714  0.07673195  0.32678888]\n [-0.08254881  2.98608354 -0.8757754  -0.07861645  0.05358003 -0.12679774]\n [-0.02267648 -0.8757754   3.15743768 -0.02334879  0.49833531  0.8346666 ]\n [ 0.32381714 -0.07861645 -0.02334879  3.06004054  0.86826553  0.901085  ]\n [ 0.07673195  0.05358003  0.49833531  0.86826553 18.94779067 17.33543076]\n [ 0.32678888 -0.12679774  0.8346666   0.901085   17.33543076 18.94560948]]", "nfev": "189", "njev": "27", "status": "0", "success": "True", "message": "Optimization terminated successfully.", "x": "[4.95608234 3.77406073 6.42924954 3.54500364 4.06804893 5.98591148]", "nit": "22", "callback": [0.6231886493555872, 0.598314481351244, 0.5514847468733117, 0.46579848971463833, 0.34956988821406965, 0.33126966626850596, 0.3248598013932783, 0.3202954775954281, 0.3197488920731749, 0.31879963211825935, 0.31729159791528283, 0.3152638569285279, 0.3131373405956668, 0.3107225345124095, 0.30935718243052734, 0.3088682090292011, 0.30886199734295505, 0.3088607916426298, 0.308860133576059, 0.3088600154964688, 0.308860008593815, 0.30886000854929485]}, "6": {"maxiter": 100, "gtol": 1e-10, "xrtol": 1e-10, "eps": 1e-05, "duration": 0.08667373657226562, "fun": "0.30886000862083185", "jac": "[ 8.11017920e-08  2.00739425e-07 -4.15545376e-07  6.23001650e-07\n -2.70561351e-08  2.17903473e-07]", "hess_inv": "[[ 3.09801651 -0.0779943  -0.09248861  0.4252855   0.39559339  0.550793  ]\n [-0.0779943   2.96860479 -0.79581347 -0.25028069 -0.0205968  -0.22320936]\n [-0.09248861 -0.79581347  3.16330229 -0.04787903  0.62496443  1.05593665]\n [ 0.4252855  -0.25028069 -0.04787903  3.17632365  0.41299953  0.26994579]\n [ 0.39559339 -0.0205968   0.62496443  0.41299953 18.46887436 17.01006109]\n [ 0.550793   -0.22320936  1.05593665  0.26994579 17.01006109 18.64321741]]", "nfev": "355", "njev": "49", "status": "2", "success": "False", "message": "Desired error not necessarily achieved due to precision loss.", "x": "[4.956081   3.77406073 6.42924798 3.54499365 4.06801885 5.98587943]", "nit": "22", "callback": [0.6231965542150117, 0.5983156803050563, 0.5514703333278477, 0.46575433572535596, 0.3495257827136803, 0.3312621315927904, 0.3248535202579983, 0.32029557006670484, 0.31974901763114105, 0.3187998278639316, 0.31729182825666813, 0.31526501575972277, 0.313133380706196, 0.31072670111615874, 0.3093558037000299, 0.30886828089399887, 0.3088619846225811, 0.3088607927006476, 0.30886013542724533, 0.30886001598436286, 0.30886000883041287, 0.30886000862083185]}, "7": {"maxiter": 100, "gtol": 1e-10, "xrtol": 1e-10, "eps": 1e-10, "duration": 0.11050128936767578, "fun": "0.3088600085089507", "jac": "[ 3.33066880e-06  3.33066880e-06  2.22044587e-06  4.44089173e-06\n -1.11022293e-06  3.33066880e-06]", "hess_inv": "[[ 0.86951174  0.75750496  2.38039342 -1.99174712 -2.33763162 -1.57367036]\n [ 0.75750496  1.10855455  2.87634199 -2.39039514 -2.72286762 -1.77728407]\n [ 2.38039342  2.87634199  8.18653813 -6.93397817 -7.79888601 -5.02556754]\n [-1.99174712 -2.39039514 -6.93397817  5.95345096  6.58265856  4.17517029]\n [-2.33763162 -2.72286762 -7.79888601  6.58265856  7.46922702  4.84052866]\n [-1.57367036 -1.77728407 -5.02556754  4.17517029  4.84052866  3.23501272]]", "nfev": "448", "njev": "64", "status": "0", "success": "True", "message": "Optimization terminated successfully.", "x": "[4.95608807 3.77406147 6.42925923 3.54500012 4.06808322 5.98594709]", "nit": "36", "callback": [0.6231886493555872, 0.598314481351244, 0.5514847468733117, 0.46579848971463833, 0.34956988821406965, 0.33126966626850596, 0.3248598013932783, 0.3202954775954281, 0.3197488920731749, 0.31879963211825935, 0.31729159791528283, 0.3152638569285279, 0.3131373405956668, 0.3107225345124095, 0.30935718243052734, 0.3088682090292011, 0.30886199734295505, 0.3088607916426298, 0.308860133576059, 0.3088600154964688, 0.308860008593815, 0.30886000854929485, 0.3088600085414265, 0.3088600085340961, 0.3088600085252464, 0.30886000851425466, 0.30886000851253315, 0.3088600085103135, 0.308860008510089, 0.3088600085099441, 0.308860008509807, 0.3088600085096673, 0.3088600085095262, 0.3088600085089612, 0.3088600085089508, 0.3088600085089507]}, "8": {"maxiter": 500, "gtol": 1e-05, "xrtol": 1e-05, "eps": 1e-05, "duration": 0.04479789733886719, "fun": "0.30886000883041287", "jac": "[ 4.24429381e-06 -4.95574692e-06 -1.04086739e-06  3.43958195e-07\n  3.82665011e-06 -5.33261213e-06]", "hess_inv": "[[ 3.22461076e+00 -7.12484010e-02 -2.93296958e-02  2.26097329e-01\n   1.24204301e-01  4.26642932e-01]\n [-7.12484010e-02  2.92732588e+00 -8.81331444e-01 -6.45282562e-02\n   1.36193592e-01 -2.00689035e-01]\n [-2.93296958e-02 -8.81331444e-01  3.14329344e+00 -9.52450077e-03\n   5.21568047e-01  8.56566344e-01]\n [ 2.26097329e-01 -6.45282562e-02 -9.52450077e-03  3.13676008e+00\n   7.11606297e-01  7.34372680e-01]\n [ 1.24204301e-01  1.36193592e-01  5.21568047e-01  7.11606297e-01\n   1.91513345e+01  1.76381430e+01]\n [ 4.26642932e-01 -2.00689035e-01  8.56566344e-01  7.34372680e-01\n   1.76381430e+01  1.90329031e+01]]", "nfev": "182", "njev": "26", "status": "0", "success": "True", "message": "Optimization terminated successfully.", "x": "[4.95609271 3.77404683 6.42924628 3.54499595 4.06799685 5.98584421]", "nit": "21", "callback": [0.6231965542150117, 0.5983156803050563, 0.5514703333278477, 0.46575433572535596, 0.3495257827136803, 0.3312621315927904, 0.3248535202579983, 0.32029557006670484, 0.31974901763114105, 0.3187998278639316, 0.31729182825666813, 0.31526501575972277, 0.313133380706196, 0.31072670111615874, 0.3093558037000299, 0.30886828089399887, 0.3088619846225811, 0.3088607927006476, 0.30886013542724533, 0.30886001598436286, 0.30886000883041287]}, "9": {"maxiter": 500, "gtol": 1e-05, "xrtol": 1e-05, "eps": 1e-10, "duration": 0.042176008224487305, "fun": "0.308860008593815", "jac": "[ 3.33066880e-06 -3.33066880e-06 -1.11022293e-06 -2.22044587e-06\n  6.66133760e-06 -5.55111466e-06]", "hess_inv": "[[ 3.16570446e+00 -6.84811373e-02 -4.26532760e-02  2.27222515e-01\n   3.01056327e-01  5.73857511e-01]\n [-6.84811373e-02  2.92331367e+00 -8.82680889e-01 -7.83235795e-02\n   1.74112649e-01 -1.49157775e-01]\n [-4.26532760e-02 -8.82680889e-01  3.16009208e+00 -8.00564104e-03\n   4.71729569e-01  7.93812798e-01]\n [ 2.27222515e-01 -7.83235795e-02 -8.00564104e-03  3.12870300e+00\n   6.88919550e-01  7.29006964e-01]\n [ 3.01056327e-01  1.74112649e-01  4.71729569e-01  6.88919550e-01\n   1.91818485e+01  1.78266874e+01]\n [ 5.73857511e-01 -1.49157775e-01  7.93812798e-01  7.29006964e-01\n   1.78266874e+01  1.93694112e+01]]", "nfev": "182", "njev": "26", "status": "0", "success": "True", "message": "Optimization terminated successfully.", "x": "[4.95609072 3.77405272 6.42924761 3.54499899 4.06807651 5.98592037]", "nit": "21", "callback": [0.6231886493555872, 0.598314481351244, 0.5514847468733117, 0.46579848971463833, 0.34956988821406965, 0.33126966626850596, 0.3248598013932783, 0.3202954775954281, 0.3197488920731749, 0.31879963211825935, 0.31729159791528283, 0.3152638569285279, 0.3131373405956668, 0.3107225345124095, 0.30935718243052734, 0.3088682090292011, 0.30886199734295505, 0.3088607916426298, 0.308860133576059, 0.3088600154964688, 0.308860008593815]}, "10": {"maxiter": 500, "gtol": 1e-05, "xrtol": 1e-10, "eps": 1e-05, "duration": 0.04196882247924805, "fun": "0.30886000883041287", "jac": "[ 4.24429381e-06 -4.95574692e-06 -1.04086739e-06  3.43958195e-07\n  3.82665011e-06 -5.33261213e-06]", "hess_inv": "[[ 3.22461076e+00 -7.12484010e-02 -2.93296958e-02  2.26097329e-01\n   1.24204301e-01  4.26642932e-01]\n [-7.12484010e-02  2.92732588e+00 -8.81331444e-01 -6.45282562e-02\n   1.36193592e-01 -2.00689035e-01]\n [-2.93296958e-02 -8.81331444e-01  3.14329344e+00 -9.52450077e-03\n   5.21568047e-01  8.56566344e-01]\n [ 2.26097329e-01 -6.45282562e-02 -9.52450077e-03  3.13676008e+00\n   7.11606297e-01  7.34372680e-01]\n [ 1.24204301e-01  1.36193592e-01  5.21568047e-01  7.11606297e-01\n   1.91513345e+01  1.76381430e+01]\n [ 4.26642932e-01 -2.00689035e-01  8.56566344e-01  7.34372680e-01\n   1.76381430e+01  1.90329031e+01]]", "nfev": "182", "njev": "26", "status": "0", "success": "True", "message": "Optimization terminated successfully.", "x": "[4.95609271 3.77404683 6.42924628 3.54499595 4.06799685 5.98584421]", "nit": "21", "callback": [0.6231965542150117, 0.5983156803050563, 0.5514703333278477, 0.46575433572535596, 0.3495257827136803, 0.3312621315927904, 0.3248535202579983, 0.32029557006670484, 0.31974901763114105, 0.3187998278639316, 0.31729182825666813, 0.31526501575972277, 0.313133380706196, 0.31072670111615874, 0.3093558037000299, 0.30886828089399887, 0.3088619846225811, 0.3088607927006476, 0.30886013542724533, 0.30886001598436286, 0.30886000883041287]}, "11": {"maxiter": 500, "gtol": 1e-05, "xrtol": 1e-10, "eps": 1e-10, "duration": 0.04131317138671875, "fun": "0.308860008593815", "jac": "[ 3.33066880e-06 -3.33066880e-06 -1.11022293e-06 -2.22044587e-06\n  6.66133760e-06 -5.55111466e-06]", "hess_inv": "[[ 3.16570446e+00 -6.84811373e-02 -4.26532760e-02  2.27222515e-01\n   3.01056327e-01  5.73857511e-01]\n [-6.84811373e-02  2.92331367e+00 -8.82680889e-01 -7.83235795e-02\n   1.74112649e-01 -1.49157775e-01]\n [-4.26532760e-02 -8.82680889e-01  3.16009208e+00 -8.00564104e-03\n   4.71729569e-01  7.93812798e-01]\n [ 2.27222515e-01 -7.83235795e-02 -8.00564104e-03  3.12870300e+00\n   6.88919550e-01  7.29006964e-01]\n [ 3.01056327e-01  1.74112649e-01  4.71729569e-01  6.88919550e-01\n   1.91818485e+01  1.78266874e+01]\n [ 5.73857511e-01 -1.49157775e-01  7.93812798e-01  7.29006964e-01\n   1.78266874e+01  1.93694112e+01]]", "nfev": "182", "njev": "26", "status": "0", "success": "True", "message": "Optimization terminated successfully.", "x": "[4.95609072 3.77405272 6.42924761 3.54499899 4.06807651 5.98592037]", "nit": "21", "callback": [0.6231886493555872, 0.598314481351244, 0.5514847468733117, 0.46579848971463833, 0.34956988821406965, 0.33126966626850596, 0.3248598013932783, 0.3202954775954281, 0.3197488920731749, 0.31879963211825935, 0.31729159791528283, 0.3152638569285279, 0.3131373405956668, 0.3107225345124095, 0.30935718243052734, 0.3088682090292011, 0.30886199734295505, 0.3088607916426298, 0.308860133576059, 0.3088600154964688, 0.308860008593815]}, "12": {"maxiter": 500, "gtol": 1e-10, "xrtol": 1e-05, "eps": 1e-05, "dur