{"date": "2024/09/25/, 10:12:10", "conf_id": 202, "data_type": "non_lin_ind\n", "num_data_points": 3, "s_rank": 0, "unitary": "[[0.18663085-0.53122324j,-0.11886349-0.70040876j,0.28555095-0.02789305j,-0.12262021-0.2844587j],[-0.16702216+0.27758472j,0.27526351-0.29738586j,-0.01109314+0.22495461j,-0.77239203+0.28900673j],[0.61935415+0.12301792j,-0.31269928-0.03315917j,-0.61902762-0.19039079j,-0.27120731-0.0968989j],[0.42341754+0.0023929j,-0.05847358+0.47832119j,0.64900495-0.16218422j,-0.37182676-0.05229966j]]", "databatch_0": {"databatch": "[[[0.00633247-0.09817051j,0.262684+0.01286276j,-0.27563982-0.03772958j,-0.40480238-0.26637134j],[0.00561885+0.06564328j,-0.17523988+0.0177378j,0.18630495-0.00256549j,0.29469197+0.13593529j],[0.03348337+0.05507128j,-0.14582591+0.09178534j,0.1621222-0.08330573j,0.3173489-0.00911005j],[0.07318842+0.03489901j,-0.09025901+0.1970866j,0.11325502-0.19938882j,0.32776834-0.22823893j]],[[-0.20264129+0.1667186j,-0.36118933+0.16514298j,-0.35124868-0.15994219j,0.05080221-0.11374908j],[0.11752899-0.13065854j,0.22267993-0.1454623j,0.24858992+0.07080872j,-0.02227273+0.08040453j],[0.0461305-0.16561632j,0.13182178-0.22433647j,0.2486194-0.04611509j,0.01546741+0.08014004j],[-0.06555017-0.20611298j,-0.01580804-0.32696275j,0.22992686-0.21983705j,0.07149671+0.07369946j]],[[-0.02887333-0.08960302j,-0.23983229-0.3326981j,0.06267373-0.12751211j,-0.00504449-0.44020754j],[0.02807644+0.05645084j,0.1920752+0.19634717j,-0.02875863+0.09070524j,0.04734013+0.2910094j],[0.049161+0.03724607j,0.25372129+0.08846887j,0.01426619+0.09198731j,0.16809178+0.23438249j],[0.07740953+0.00533429j,0.32802391-0.08168759j,0.07839491+0.08699766j,0.33842204+0.13090045j]]]", "initial param values": "[5.61728303,2.74360321,3.87074741,1.19790422,5.30454022,4.19219762]", "nelder_mead": {"type": "gradient-free", "0": {"maxiter": 100, "fatol": 1e-05, "xatol": 1e-05, "duration": 0.03701186180114746, "fun": "0.09683996682314377", "nit": "100", "nfev": "145", "status": "2", "success": "False", "message": "Maximum number of iterations has been exceeded.", "x": "[4.28245067 3.27111656 5.94442996 1.60948683 7.62771806 3.01398613]", "final_simplex": "(array([[4.28245067, 3.27111656, 5.94442996, 1.60948683, 7.62771806,\n        3.01398613],\n       [4.28032923, 3.19769462, 5.97365554, 1.60010141, 7.65718218,\n        3.10037401],\n       [4.26816289, 3.19647093, 6.13247733, 1.60035782, 7.77236397,\n        3.03218852],\n       [4.28731491, 3.28769001, 6.00658811, 1.59785171, 7.65344093,\n        3.01234087],\n       [4.39411098, 3.29349296, 5.87208535, 1.57363115, 7.516068  ,\n        3.04844723],\n       [4.3211532 , 3.30016213, 5.92788812, 1.5730725 , 7.63923111,\n        3.0648261 ],\n       [4.25335597, 3.20072346, 5.85137942, 1.56463564, 7.53878366,\n        3.15157027]]), array([0.09683997, 0.09739305, 0.09772898, 0.09779102, 0.09874244,\n       0.09906442, 0.09964232]))", "callback": [0.27878510666972156, 0.25838641662555517, 0.23283851735363104, 0.21689601263125724, 0.20420409234005665, 0.18695535462077595, 0.13153966394220884, 0.12574746794697333, 0.10191424965755502, 0.09779102115027916]}, "1": {"maxiter": 100, "fatol": 1e-05, "xatol": 1e-10, "duration": 0.035266876220703125, "fun": "0.09683996682314377", "nit": "100", "nfev": "145", "status": "2", "success": "False", "message": "Maximum number of iterations has been exceeded.", "x": "[4.28245067 3.27111656 5.94442996 1.60948683 7.62771806 3.01398613]", "final_simplex": "(array([[4.28245067, 3.27111656, 5.94442996, 1.60948683, 7.62771806,\n        3.01398613],\n       [4.28032923, 3.19769462, 5.97365554, 1.60010141, 7.65718218,\n        3.10037401],\n       [4.26816289, 3.19647093, 6.13247733, 1.60035782, 7.77236397,\n        3.03218852],\n       [4.28731491, 3.28769001, 6.00658811, 1.59785171, 7.65344093,\n        3.01234087],\n       [4.39411098, 3.29349296, 5.87208535, 1.57363115, 7.516068  ,\n        3.04844723],\n       [4.3211532 , 3.30016213, 5.92788812, 1.5730725 , 7.63923111,\n        3.0648261 ],\n       [4.25335597, 3.20072346, 5.85137942, 1.56463564, 7.53878366,\n        3.15157027]]), array([0.09683997, 0.09739305, 0.09772898, 0.09779102, 0.09874244,\n       0.09906442, 0.09964232]))", "callback": [0.27878510666972156, 0.25838641662555517, 0.23283851735363104, 0.21689601263125724, 0.20420409234005665, 0.18695535462077595, 0.13153966394220884, 0.12574746794697333, 0.10191424965755502, 0.09779102115027916]}, "2": {"maxiter": 100, "fatol": 1e-10, "xatol": 1e-05, "duration": 0.035466909408569336, "fun": "0.09683996682314377", "nit": "100", "nfev": "145", "status": "2", "success": "False", "message": "Maximum number of iterations has been exceeded.", "x": "[4.28245067 3.27111656 5.94442996 1.60948683 7.62771806 3.01398613]", "final_simplex": "(array([[4.28245067, 3.27111656, 5.94442996, 1.60948683, 7.62771806,\n        3.01398613],\n       [4.28032923, 3.19769462, 5.97365554, 1.60010141, 7.65718218,\n        3.10037401],\n       [4.26816289, 3.19647093, 6.13247733, 1.60035782, 7.77236397,\n        3.03218852],\n       [4.28731491, 3.28769001, 6.00658811, 1.59785171, 7.65344093,\n        3.01234087],\n       [4.39411098, 3.29349296, 5.87208535, 1.57363115, 7.516068  ,\n        3.04844723],\n       [4.3211532 , 3.30016213, 5.92788812, 1.5730725 , 7.63923111,\n        3.0648261 ],\n       [4.25335597, 3.20072346, 5.85137942, 1.56463564, 7.53878366,\n        3.15157027]]), array([0.09683997, 0.09739305, 0.09772898, 0.09779102, 0.09874244,\n       0.09906442, 0.09964232]))", "callback": [0.27878510666972156, 0.25838641662555517, 0.23283851735363104, 0.21689601263125724, 0.20420409234005665, 0.18695535462077595, 0.13153966394220884, 0.12574746794697333, 0.10191424965755502, 0.09779102115027916]}, "3": {"maxiter": 100, "fatol": 1e-10, "xatol": 1e-10, "duration": 0.03462719917297363, "fun": "0.09683996682314377", "nit": "100", "nfev": "145", "status": "2", "success": "False", "message": "Maximum number of iterations has been exceeded.", "x": "[4.28245067 3.27111656 5.94442996 1.60948683 7.62771806 3.01398613]", "final_simplex": "(array([[4.28245067, 3.27111656, 5.94442996, 1.60948683, 7.62771806,\n        3.01398613],\n       [4.28032923, 3.19769462, 5.97365554, 1.60010141, 7.65718218,\n        3.10037401],\n       [4.26816289, 3.19647093, 6.13247733, 1.60035782, 7.77236397,\n        3.03218852],\n       [4.28731491, 3.28769001, 6.00658811, 1.59785171, 7.65344093,\n        3.01234087],\n       [4.39411098, 3.29349296, 5.87208535, 1.57363115, 7.516068  ,\n        3.04844723],\n       [4.3211532 , 3.30016213, 5.92788812, 1.5730725 , 7.63923111,\n        3.0648261 ],\n       [4.25335597, 3.20072346, 5.85137942, 1.56463564, 7.53878366,\n        3.15157027]]), array([0.09683997, 0.09739305, 0.09772898, 0.09779102, 0.09874244,\n       0.09906442, 0.09964232]))", "callback": [0.27878510666972156, 0.25838641662555517, 0.23283851735363104, 0.21689601263125724, 0.20420409234005665, 0.18695535462077595, 0.13153966394220884, 0.12574746794697333, 0.10191424965755502, 0.09779102115027916]}, "4": {"maxiter": 500, "fatol": 1e-05, "xatol": 1e-05, "duration": 0.10340094566345215, "fun": "0.09339481743474698", "nit": "281", "nfev": "446", "status": "0", "success": "True", "message": "Optimization terminated successfully.", "x": "[4.43030451 3.18816178 6.11573218 1.73434639 7.73515945 2.86726431]", "final_simplex": "(array([[4.43030451, 3.18816178, 6.11573218, 1.73434639, 7.73515945,\n        2.86726431],\n       [4.43030337, 3.18815995, 6.11573458, 1.7343477 , 7.73516613,\n        2.86726479],\n       [4.43030979, 3.18816384, 6.11572911, 1.73434769, 7.73515458,\n        2.86726118],\n       [4.4303033 , 3.18816101, 6.11573365, 1.73434799, 7.73516242,\n        2.86726351],\n       [4.43030477, 3.18815897, 6.1157381 , 1.7343494 , 7.73516562,\n        2.86726174],\n       [4.43031128, 3.18816394, 6.11573208, 1.73434833, 7.73515797,\n        2.86726062],\n       [4.43030831, 3.18816388, 6.11572539, 1.73434658, 7.7351533 ,\n        2.86726531]]), array([0.09339482, 0.09339482, 0.09339482, 0.09339482, 0.09339482,\n       0.09339482, 0.09339482]))", "callback": [0.27878510666972156, 0.25838641662555517, 0.23283851735363104, 0.21689601263125724, 0.20420409234005665, 0.18695535462077595, 0.13153966394220884, 0.12574746794697333, 0.10191424965755502, 0.09779102115027916, 0.09683996682314377, 0.09615473069635183, 0.09498190341539325, 0.09402747461866878, 0.09382047414980665, 0.09351319357288757, 0.09343382075606466, 0.09340227066049067, 0.0933962602970313, 0.093395252424057, 0.0933949027986114, 0.09339487171043526, 0.09339483445838015, 0.0933948219143611, 0.09339481811274997, 0.09339481763705149, 0.09339481746046385, 0.09339481743748523, 0.09339481743474698]}, "5": {"maxiter": 500, "fatol": 1e-05, "xatol": 1e-10, "duration": 0.15591907501220703, "fun": "0.09339481743395561", "nit": "381", "nfev": "671", "status": "0", "success": "True", "message": "Optimization terminated successfully.", "x": "[4.43030588 3.18816167 6.11573335 1.73434751 7.73516153 2.86726336]", "final_simplex": "(array([[4.43030588, 3.18816167, 6.11573335, 1.73434751, 7.73516153,\n        2.86726336],\n       [4.43030588, 3.18816167, 6.11573335, 1.73434751, 7.73516153,\n        2.86726336],\n       [4.43030588, 3.18816167, 6.11573335, 1.73434751, 7.73516153,\n        2.86726336],\n       [4.43030588, 3.18816167, 6.11573335, 1.73434751, 7.73516153,\n        2.86726336],\n       [4.43030588, 3.18816167, 6.11573335, 1.73434751, 7.73516153,\n        2.86726336],\n       [4.43030588, 3.18816167, 6.11573335, 1.73434751, 7.73516153,\n        2.86726336],\n       [4.43030588, 3.18816167, 6.11573335, 1.73434751, 7.73516153,\n        2.86726336]]), array([0.09339482, 0.09339482, 0.09339482, 0.09339482, 0.09339482,\n       0.09339482, 0.09339482]))", "callback": [0.27878510666972156, 0.25838641662555517, 0.23283851735363104, 0.21689601263125724, 0.20420409234005665, 0.18695535462077595, 0.13153966394220884, 0.12574746794697333, 0.10191424965755502, 0.09779102115027916, 0.09683996682314377, 0.09615473069635183, 0.09498190341539325, 0.09402747461866878, 0.09382047414980665, 0.09351319357288757, 0.09343382075606466, 0.09340227066049067, 0.0933962602970313, 0.093395252424057, 0.0933949027986114, 0.09339487171043526, 0.09339483445838015, 0.0933948219143611, 0.09339481811274997, 0.09339481763705149, 0.09339481746046385, 0.09339481743748523, 0.093394817434591, 0.0933948174340653, 0.09339481743397426, 0.09339481743396749, 0.09339481743395772, 0.09339481743395661, 0.09339481743395617, 0.09339481743395572, 0.09339481743395561, 0.09339481743395561, 0.09339481743395561]}, "6": {"maxiter": 500, "fatol": 1e-10, "xatol": 1e-05, "duration": 0.10360217094421387, "fun": "0.09339481743474698", "nit": "281", "nfev": "446", "status": "0", "success": "True", "message": "Optimization terminated successfully.", "x": "[4.43030451 3.18816178 6.11573218 1.73434639 7.73515945 2.86726431]", "final_simplex": "(array([[4.43030451, 3.18816178, 6.11573218, 1.73434639, 7.73515945,\n        2.86726431],\n       [4.43030337, 3.18815995, 6.11573458, 1.7343477 , 7.73516613,\n        2.86726479],\n       [4.43030979, 3.18816384, 6.11572911, 1.73434769, 7.73515458,\n        2.86726118],\n       [4.4303033 , 3.18816101, 6.11573365, 1.73434799, 7.73516242,\n        2.86726351],\n       [4.43030477, 3.18815897, 6.1157381 , 1.7343494 , 7.73516562,\n        2.86726174],\n       [4.43031128, 3.18816394, 6.11573208, 1.73434833, 7.73515797,\n        2.86726062],\n       [4.43030831, 3.18816388, 6.11572539, 1.73434658, 7.7351533 ,\n        2.86726531]]), array([0.09339482, 0.09339482, 0.09339482, 0.09339482, 0.09339482,\n       0.09339482, 0.09339482]))", "callback": [0.27878510666972156, 0.25838641662555517, 0.23283851735363104, 0.21689601263125724, 0.20420409234005665, 0.18695535462077595, 0.13153966394220884, 0.12574746794697333, 0.10191424965755502, 0.09779102115027916, 0.09683996682314377, 0.09615473069635183, 0.09498190341539325, 0.09402747461866878, 0.09382047414980665, 0.09351319357288757, 0.09343382075606466, 0.09340227066049067, 0.0933962602970313, 0.093395252424057, 0.0933949027986114, 0.09339487171043526, 0.09339483445838015, 0.0933948219143611, 0.09339481811274997, 0.09339481763705149, 0.09339481746046385, 0.09339481743748523, 0.09339481743474698]}, "7": {"maxiter": 500, "fatol": 1e-10, "xatol": 1e-10, "duration": 0.20829319953918457, "fun": "0.09339481743395561", "nit": "381", "nfev": "671", "status": "0", "success": "True", "message": "Optimization terminated successfully.", "x": "[4.43030588 3.18816167 6.11573335 1.73434751 7.73516153 2.86726336]", "final_simplex": "(array([[4.43030588, 3.18816167, 6.11573335, 1.73434751, 7.73516153,\n        2.86726336],\n       [4.43030588, 3.18816167, 6.11573335, 1.73434751, 7.73516153,\n        2.86726336],\n       [4.43030588, 3.18816167, 6.11573335, 1.73434751, 7.73516153,\n        2.86726336],\n       [4.43030588, 3.18816167, 6.11573335, 1.73434751, 7.73516153,\n        2.86726336],\n       [4.43030588, 3.18816167, 6.11573335, 1.73434751, 7.73516153,\n        2.86726336],\n       [4.43030588, 3.18816167, 6.11573335, 1.73434751, 7.73516153,\n        2.86726336],\n       [4.43030588, 3.18816167, 6.11573335, 1.73434751, 7.73516153,\n        2.86726336]]), array([0.09339482, 0.09339482, 0.09339482, 0.09339482, 0.09339482,\n       0.09339482, 0.09339482]))", "callback": [0.27878510666972156, 0.25838641662555517, 0.23283851735363104, 0.21689601263125724, 0.20420409234005665, 0.18695535462077595, 0.13153966394220884, 0.12574746794697333, 0.10191424965755502, 0.09779102115027916, 0.09683996682314377, 0.09615473069635183, 0.09498190341539325, 0.09402747461866878, 0.09382047414980665, 0.09351319357288757, 0.09343382075606466, 0.09340227066049067, 0.0933962602970313, 0.093395252424057, 0.0933949027986114, 0.09339487171043526, 0.09339483445838015, 0.0933948219143611, 0.09339481811274997, 0.09339481763705149, 0.09339481746046385, 0.09339481743748523, 0.093394817434591, 0.0933948174340653, 0.09339481743397426, 0.09339481743396749, 0.09339481743395772, 0.09339481743395661, 0.09339481743395617, 0.09339481743395572, 0.09339481743395561, 0.09339481743395561, 0.09339481743395561]}, "8": {"maxiter": 1000, "fatol": 1e-05, "xatol": 1e-05, "duration": 0.10669994354248047, "fun": "0.09339481743474698", "nit": "281", "nfev": "446", "status": "0", "success": "True", "message": "Optimization terminated successfully.", "x": "[4.43030451 3.18816178 6.11573218 1.73434639 7.73515945 2.86726431]", "final_simplex": "(array([[4.43030451, 3.18816178, 6.11573218, 1.73434639, 7.73515945,\n        2.86726431],\n       [4.43030337, 3.18815995, 6.11573458, 1.7343477 , 7.73516613,\n        2.86726479],\n       [4.43030979, 3.18816384, 6.11572911, 1.73434769, 7.73515458,\n        2.86726118],\n       [4.4303033 , 3.18816101, 6.11573365, 1.73434799, 7.73516242,\n        2.86726351],\n       [4.43030477, 3.18815897, 6.1157381 , 1.7343494 , 7.73516562,\n        2.86726174],\n       [4.43031128, 3.18816394, 6.11573208, 1.73434833, 7.73515797,\n        2.86726062],\n       [4.43030831, 3.18816388, 6.11572539, 1.73434658, 7.7351533 ,\n        2.86726531]]), array([0.09339482, 0.09339482, 0.09339482, 0.09339482, 0.09339482,\n       0.09339482, 0.09339482]))", "callback": [0.27878510666972156, 0.25838641662555517, 0.23283851735363104, 0.21689601263125724, 0.20420409234005665, 0.18695535462077595, 0.13153966394220884, 0.12574746794697333, 0.10191424965755502, 0.09779102115027916, 0.09683996682314377, 0.09615473069635183, 0.09498190341539325, 0.09402747461866878, 0.09382047414980665, 0.09351319357288757, 0.09343382075606466, 0.09340227066049067, 0.0933962602970313, 0.093395252424057, 0.0933949027986114, 0.09339487171043526, 0.09339483445838015, 0.0933948219143611, 0.09339481811274997, 0.09339481763705149, 0.09339481746046385, 0.09339481743748523, 0.09339481743474698]}, "9": {"maxiter": 1000, "fatol": 1e-05, "xatol": 1e-10, "duration": 0.15923190116882324, "fun": "0.09339481743395561", "nit": "381", "nfev": "671", "status": "0", "success": "True", "message": "Optimization terminated successfully.", "x": "[4.43030588 3.18816167 6.11573335 1.73434751 7.73516153 2.86726336]", "final_simplex": "(array([[4.43030588, 3.18816167, 6.11573335, 1.73434751, 7.73516153,\n        2.86726336],\n       [4.43030588, 3.18816167, 6.11573335, 1.73434751, 7.73516153,\n        2.86726336],\n       [4.43030588, 3.18816167, 6.11573335, 1.73434751, 7.73516153,\n        2.86726336],\n       [4.43030588, 3.18816167, 6.11573335, 1.73434751, 7.73516153,\n        2.86726336],\n       [4.43030588, 3.18816167, 6.11573335, 1.73434751, 7.73516153,\n        2.86726336],\n       [4.43030588, 3.18816167, 6.11573335, 1.73434751, 7.73516153,\n        2.86726336],\n       [4.43030588, 3.18816167, 6.11573335, 1.73434751, 7.73516153,\n        2.86726336]]), array([0.09339482, 0.09339482, 0.09339482, 0.09339482, 0.09339482,\n       0.09339482, 0.09339482]))", "callback": [0.27878510666972156, 0.25838641662555517, 0.23283851735363104, 0.21689601263125724, 0.20420409234005665, 0.18695535462077595, 0.13153966394220884, 0.12574746794697333, 0.10191424965755502, 0.09779102115027916, 0.09683996682314377, 0.09615473069635183, 0.09498190341539325, 0.09402747461866878, 0.09382047414980665, 0.09351319357288757, 0.09343382075606466, 0.09340227066049067, 0.0933962602970313, 0.093395252424057, 0.0933949027986114, 0.09339487171043526, 0.09339483445838015, 0.0933948219143611, 0.09339481811274997, 0.09339481763705149, 0.09339481746046385, 0.09339481743748523, 0.093394817434591, 0.0933948174340653, 0.09339481743397426, 0.09339481743396749, 0.09339481743395772, 0.09339481743395661, 0.09339481743395617, 0.09339481743395572, 0.09339481743395561, 0.09339481743395561, 0.09339481743395561]}, "10": {"maxiter": 1000, "fatol": 1e-10, "xatol": 1e-05, "duration": 0.11238813400268555, "fun": "0.09339481743474698", "nit": "281", "nfev": "446", "status": "0", "success": "True", "message": "Optimization terminated successfully.", "x": "[4.43030451 3.18816178 6.11573218 1.73434639 7.73515945 2.86726431]", "final_simplex": "(array([[4.43030451, 3.18816178, 6.11573218, 1.73434639, 7.73515945,\n        2.86726431],\n       [4.43030337, 3.18815995, 6.11573458, 1.7343477 , 7.73516613,\n        2.86726479],\n       [4.43030979, 3.18816384, 6.11572911, 1.73434769, 7.73515458,\n        2.86726118],\n       [4.4303033 , 3.18816101, 6.11573365, 1.73434799, 7.73516242,\n        2.86726351],\n       [4.43030477, 3.18815897, 6.1157381 , 1.7343494 , 7.73516562,\n        2.86726174],\n       [4.43031128, 3.18816394, 6.11573208, 1.73434833, 7.73515797,\n        2.86726062],\n       [4.43030831, 3.18816388, 6.11572539, 1.73434658, 7.7351533 ,\n        2.86726531]]), array([0.09339482, 0.09339482, 0.09339482, 0.09339482, 0.09339482,\n       0.09339482, 0.09339482]))", "callback": [0.27878510666972156, 0.25838641662555517, 0.23283851735363104, 0.21689601263125724, 0.20420409234005665, 0.18695535462077595, 0.13153966394220884, 0.12574746794697333, 0.10191424965755502, 0.09779102115027916, 0.09683996682314377, 0.09615473069635183, 0.09498190341539325, 0.09402747461866878, 0.09382047414980665, 0.09351319357288757, 0.09343382075606466, 0.09340227066049067, 0.0933962602970313, 0.093395252424057, 0.0933949027986114, 0.09339487171043526, 0.09339483445838015, 0.0933948219143611, 0.09339481811274997, 0.09339481763705149, 0.09339481746046385, 0.09339481743748523, 0.09339481743474698]}, "11": {"maxiter": 1000, "fatol": 1e-10, "xatol": 1e-10, "duration": 0.15908312797546387, "fun": "0.09339481743395561", "nit": "381", "nfev": "671", "status": "0", "success": "True", "message": "Optimization terminated successfully.", "x": "[4.43030588 3.18816167 6.11573335 1.73434751 7.73516153 2.86726336]", "final_simplex": "(array([[4.43030588, 3.18816167, 6.11573335, 1.73434751, 7.73516153,\n        2.86726336],\n       [4.43030588, 3.18816167, 6.11573335, 1.73434751, 7.73516153,\n        2.86726336],\n       [4.43030588, 3.18816167, 6.11573335, 1.73434751, 7.73516153,\n        2.86726336],\n       [4.43030588, 3.18816167, 6.11573335, 1.73434751, 7.73516153,\n        2.86726336],\n       [4.43030588, 3.18816167, 6.11573335, 1.73434751, 7.73516153,\n        2.86726336],\n       [4.43030588, 3.18816167, 6.11573335, 1.73434751, 7.73516153,\n        2.86726336],\n       [4.43030588, 3.18816167, 6.11573335, 1.73434751, 7.73516153,\n        2.86726336]]), array([0.09339482, 0.09339482, 0.09339482, 0.09339482, 0.09339482,\n       0.09339482, 0.09339482]))", "callback": [0.27878510666972156, 0.25838641662555517, 0.23283851735363104, 0.21689601263125724, 0.20420409234005665, 0.18695535462077595, 0.13153966394220884, 0.12574746794697333, 0.10191424965755502, 0.09779102115027916, 0.09683996682314377, 0.09615473069635183, 0.09498190341539325, 0.09402747461866878, 0.09382047414980665, 0.09351319357288757, 0.09343382075606466, 0.09340227066049067, 0.0933962602970313, 0.093395252424057, 0.0933949027986114, 0.09339487171043526, 0.09339483445838015, 0.0933948219143611, 0.09339481811274997, 0.09339481763705149, 0.09339481746046385, 0.09339481743748523, 0.093394817434591, 0.0933948174340653, 0.09339481743397426, 0.09339481743396749, 0.09339481743395772, 0.09339481743395661, 0.09339481743395617, 0.09339481743395572, 0.09339481743395561, 0.09339481743395561, 0.09339481743395561]}}, "bfgs": {"type": "gradient", "0": {"maxiter": 100, "gtol": 1e-05, "xrtol": 1e-05, "eps": 1e-05, "duration": 0.052292823791503906, "fun": "0.09339481749633405", "jac": "[-8.56537064e-07  1.36790579e-06  1.25957023e-06  3.70259379e-07\n -9.81081882e-07 -5.59541302e-07]", "hess_inv": "[[ 12.41190645   2.40280276  -4.82394754  -4.60752681 -11.63341664\n   -3.89034898]\n [  2.40280276   7.78241663  -8.43838778  -8.78380235  -9.45142512\n    6.61113102]\n [ -4.82394754  -8.43838778  11.57639104  10.87110226  12.88546833\n   -6.6871373 ]\n [ -4.60752681  -8.78380235  10.87110226  12.79248681  12.8271069\n   -6.9630987 ]\n [-11.63341664  -9.45142512  12.88546833  12.8271069   21.17037227\n   -4.43599161]\n [ -3.89034898   6.61113102  -6.6871373   -6.9630987   -4.43599161\n   11.07641333]]", "nfev": "210", "njev": "30", "status": "0", "success": "True", "message": "Optimization terminated successfully.", "x": "[4.06514531 2.00058813 6.29109611 1.52160042 8.86767697 2.24847696]", "nit": "27", "callback": [0.284265678747165, 0.2543656261028495, 0.25203141356576975, 0.24844313897316594, 0.24169291112238056, 0.21368513996616734, 0.2056451419322637, 0.19103977425211383, 0.1659484609178029, 0.14479235959613312, 0.13905005989798325, 0.13001863220744292, 0.1157553474010965, 0.1004415692780315, 0.09502369647544784, 0.09419591543899397, 0.09375232191040561, 0.09370475875791306, 0.0936597668300827, 0.09361830578392416, 0.09354942446106096, 0.09345275067191106, 0.09340724297013159, 0.09339582363260213, 0.09339483913810664, 0.09339481785637693, 0.09339481749633405]}, "1": {"maxiter": 100, "gtol": 1e-05, "xrtol": 1e-05, "eps": 1e-10, "duration": 0.05375313758850098, "fun": "0.0933948175757019", "jac": "[-9.99200639e-06  0.00000000e+00  3.33066880e-06 -1.11022293e-06\n -5.55111466e-06 -5.55111466e-06]", "hess_inv": "[[ 15.40305461   3.73208431  -7.03249157  -6.69786417 -15.62490435\n   -4.10849064]\n [  3.73208431   7.08035811  -7.89170326  -8.08114934  -9.84420909\n    5.10125127]\n [ -7.03249157  -7.89170326  11.39972325  10.48762714  14.19838926\n   -4.85555278]\n [ -6.69786417  -8.08114934  10.48762714  12.19367665  13.87565508\n   -5.02918175]\n [-15.62490435  -9.84420909  14.19838926  13.87565508  25.01506751\n   -2.63852271]\n [ -4.10849064   5.10125127  -4.85555278  -5.02918175  -2.63852271\n    9.54709797]]", "nfev": "217", "njev": "31", "status": "0", "success": "True", "message": "Optimization terminated successfully.", "x": "[4.0650814  2.00049223 6.29109757 1.52161568 8.86777789 2.24844091]", "nit": "27", "callback": [0.2842656180101235, 0.25436567571648794, 0.2520314732313863, 0.24844322835102817, 0.24169339617957775, 0.21368448004977825, 0.2056504373928485, 0.19105486652498893, 0.1659756049801745, 0.14477176809897319, 0.13904594532888215, 0.13001318076259472, 0.11574660563886197, 0.10045083000627109, 0.09501534821260071, 0.09420202585801507, 0.09375383599378928, 0.09370617281242932, 0.09366106321583034, 0.09361932863069022, 0.09354999008828457, 0.0934529102687991, 0.09340737311375857, 0.09339580508396883, 0.09339484107059814, 0.0933948177879661, 0.0933948175757019]}, "2": {"maxiter": 100, "gtol": 1e-05, "xrtol": 1e-10, "eps": 1e-05, "duration": 0.05074191093444824, "fun": "0.09339481749633405", "jac": "[-8.56537064e-07  1.36790579e-06  1.25957023e-06  3.70259379e-07\n -9.81081882e-07 -5.59541302e-07]", "hess_inv": "[[ 12.41190645   2.40280276  -4.82394754  -4.60752681 -11.63341664\n   -3.89034898]\n [  2.40280276   7.78241663  -8.43838778  -8.78380235  -9.45142512\n    6.61113102]\n [ -4.82394754  -8.43838778  11.57639104  10.87110226  12.88546833\n   -6.6871373 ]\n [ -4.60752681  -8.78380235  10.87110226  12.79248681  12.8271069\n   -6.9630987 ]\n [-11.63341664  -9.45142512  12.88546833  12.8271069   21.17037227\n   -4.43599161]\n [ -3.89034898   6.61113102  -6.6871373   -6.9630987   -4.43599161\n   11.07641333]]", "nfev": "210", "njev": "30", "status": "0", "success": "True", "message": "Optimization terminated successfully.", "x": "[4.06514531 2.00058813 6.29109611 1.52160042 8.86767697 2.24847696]", "nit": "27", "callback": [0.284265678747165, 0.2543656261028495, 0.25203141356576975, 0.24844313897316594, 0.24169291112238056, 0.21368513996616734, 0.2056451419322637, 0.19103977425211383, 0.1659484609178029, 0.14479235959613312, 0.13905005989798325, 0.13001863220744292, 0.1157553474010965, 0.1004415692780315, 0.09502369647544784, 0.09419591543899397, 0.09375232191040561, 0.09370475875791306, 0.0936597668300827, 0.09361830578392416, 0.09354942446106096, 0.09345275067191106, 0.09340724297013159, 0.09339582363260213, 0.09339483913810664, 0.09339481785637693, 0.09339481749633405]}, "3": {"maxiter": 100, "gtol": 1e-05, "xrtol": 1e-10, "eps": 1e-10, "duration": 0.053414106369018555, "fun": "0.0933948175757019", "jac": "[-9.99200639e-06  0.00000000e+00  3.33066880e-06 -1.11022293e-06\n -5.55111466e-06 -5.55111466e-06]", "hess_inv": "[[ 15.40305461   3.73208431  -7.03249157  -6.69786417 -15.62490435\n   -4.10849064]\n [  3.73208431   7.08035811  -7.89170326  -8.08114934  -9.84420909\n    5.10125127]\n [ -7.03249157  -7.89170326  11.39972325  10.48762714  14.19838926\n   -4.85555278]\n [ -6.69786417  -8.08114934  10.48762714  12.19367665  13.87565508\n   -5.02918175]\n [-15.62490435  -9.84420909  14.19838926  13.87565508  25.01506751\n   -2.63852271]\n [ -4.10849064   5.10125127  -4.85555278  -5.02918175  -2.63852271\n    9.54709797]]", "nfev": "217", "njev": "31", "status": "0", "success": "True", "message": "Optimization terminated successfully.", "x": "[4.0650814  2.00049223 6.29109757 1.52161568 8.86777789 2.24844091]", "nit": "27", "callback": [0.2842656180101235, 0.25436567571648794, 0.2520314732313863, 0.24844322835102817, 0.24169339617957775, 0.21368448004977825, 0.2056504373928485, 0.19105486652498893, 0.1659756049801745, 0.14477176809897319, 0.13904594532888215, 0.13001318076259472, 0.11574660563886197, 0.10045083000627109, 0.09501534821260071, 0.09420202585801507, 0.09375383599378928, 0.09370617281242932, 0.09366106321583034, 0.09361932863069022, 0.09354999008828457, 0.0934529102687991, 0.09340737311375857, 0.09339580508396883, 0.09339484107059814, 0.0933948177879661, 0.0933948175757019]}, "4": {"maxiter": 100, "gtol": 1e-10, "xrtol": 1e-05, "eps": 1e-05, "duration": 0.05040717124938965, "fun": "0.09339481749633405", "jac": "[-8.56537064e-07  1.36790579e-06  1.25957023e-06  3.70259379e-07\n -9.81081882e-07 -5.59541302e-07]", "hess_inv": "[[ 12.41190645   2.40280276  -4.82394754  -4.60752681 -11.63341664\n   -3.89034898]\n [  2.40280276   7.78241663  -8.43838778  -8.78380235  -9.45142512\n    6.61113102]\n [ -4.82394754  -8.43838778  11.57639104  10.87110226  12.88546833\n   -6.6871373 ]\n [ -4.60752681  -8.78380235  10.87110226  12.79248681  12.8271069\n   -6.9630987 ]\n [-11.63341664  -9.45142512  12.88546833  12.8271069   21.17037227\n   -4.43599161]\n [ -3.89034898   6.61113102  -6.6871373   -6.9630987   -4.43599161\n   11.07641333]]", "nfev": "210", "njev": "30", "status": "0", "success": "True", "message": "Optimization terminated successfully.", "x": "[4.06514531 2.00058813 6.29109611 1.52160042 8.86767697 2.24847696]", "nit": "27", "callback": [0.284265678747165, 0.2543656261028495, 0.25203141356576975, 0.24844313897316594, 0.24169291112238056, 0.21368513996616734, 0.2056451419322637, 0.19103977425211383, 0.1659484609178029, 0.14479235959613312, 0.13905005989798325, 0.13001863220744292, 0.1157553474010965, 0.1004415692780315, 0.09502369647544784, 0.09419591543899397, 0.09375232191040561, 0.09370475875791306, 0.0936597668300827, 0.09361830578392416, 0.09354942446106096, 0.09345275067191106, 0.09340724297013159, 0.09339582363260213, 0.09339483913810664, 0.09339481785637693, 0.09339481749633405]}, "5": {"maxiter": 100, "gtol": 1e-10, "xrtol": 1e-05, "eps": 1e-10, "duration": 0.053382158279418945, "fun": "0.09339481754295187", "jac": "[-2.22044587e-06  0.00000000e+00  0.00000000e+00  0.00000000e+00\n  1.11022293e-06  0.00000000e+00]", "hess_inv": "[[ 9.31207526  0.67157206 -2.01596561 -1.82433322 -6.82799916 -3.710503  ]\n [ 0.67157206  5.54418099 -5.37501765 -5.63957175 -5.44261363  5.29183403]\n [-2.01596561 -5.37501765  7.27770374  6.49128575  6.99829856 -5.16053695]\n [-1.82433322 -5.63957175  6.49128575  8.32617833  6.91922801 -5.3060191 ]\n [-6.82799916 -5.44261363  6.99829856  6.91922801 12.52165549 -3.10623052]\n [-3.710503    5.29183403 -5.16053695 -5.3060191  -3.10623052  9.57530534]]", "nfev": "224", "njev": "32", "status": "0", "success": "True", "message": "Optimization terminated successfully.", "x": "[4.06512064 2.00050974 6.2910706  1.52159403 8.86774631 2.24845104]", "nit": "28", "callback": [0.2842656180101235, 0.25436567571648794, 0.2520314732313863, 0.24844322835102817, 0.24169339617957775, 0.21368448004977825, 0.2056504373928485, 0.19105486652498893, 0.1659756049801745, 0.14477176809897319, 0.13904594532888215, 0.13001318076259472, 0.11574660563886197, 0.10045083000627109, 0.09501534821260071, 0.09420202585801507, 0.09375383599378928, 0.09370617281242932, 0.09366106321583034, 0.09361932863069022, 0.09354999008828457, 0.0934529102687991, 0.09340737311375857, 0.09339580508396883, 0.09339484107059814, 0.0933948177879661, 0.0933948175757019, 0.09339481754295187]}, "6": {"maxiter": 100, "gtol": 1e-10, "xrtol": 1e-10, "eps": 1e-05, "duration": 0.10380816459655762, "fun": "0.09339481749542389", "jac": "[ 1.34869893e-07  1.49917856e-06  1.00514042e-06  4.34052794e-07\n -1.97442063e-07 -2.49578136e-08]", "hess_inv": "[[ 11.687559     1.32520176  -5.06779373  -4.64391612 -10.68461475\n   -4.19907399]\n [  1.32520176   8.25820281  -7.01384596  -7.82405716  -9.75931205\n    6.58763981]\n [ -5.06779373  -7.01384596  12.45364754  11.25664364  11.88169336\n   -6.07963906]\n [ -4.64391612  -7.82405716  11.25664364  12.89612141  12.16349916\n   -6.48962322]\n [-10.68461475  -9.75931205  11.88169336  12.16349916  21.30798657\n   -4.48248262]\n [ -4.19907399   6.58763981  -6.07963906  -6.48962322  -4.48248262\n   10.83972323]]", "nfev": "432", "njev": "60", "status": "2", "success": "False", "message": "Desired error not necessarily achieved due to precision loss.", "x": "[4.06514744 2.00058768 6.29109377 1.52159881 8.86767715 2.24847707]", "nit": "28", "callback": [0.284265678747165, 0.2543656261028495, 0.25203141356576975, 0.24844313897316594, 0.24169291112238056, 0.21368513996616734, 0.2056451419322637, 0.19103977425211383, 0.1659484609178029, 0.14479235959613312, 0.13905005989798325, 0.13001863220744292, 0.1157553474010965, 0.1004415692780315, 0.09502369647544784, 0.09419591543899397, 0.09375232191040561, 0.09370475875791306, 0.0936597668300827, 0.09361830578392416, 0.09354942446106096, 0.09345275067191106, 0.09340724297013159, 0.09339582363260213, 0.09339483913810664, 0.09339481785637693, 0.09339481749633405, 0.09339481749542389]}, "7": {"maxiter": 100, "gtol": 1e-10, "xrtol": 1e-10, "eps": 1e-10, "duration": 0.11451983451843262, "fun": "0.09339481754295187", "jac": "[-2.22044587e-06  0.00000000e+00  0.00000000e+00  0.00000000e+00\n  1.11022293e-06  0.00000000e+00]", "hess_inv": "[[ 18.6589903    3.92360785  -7.141044    -6.28269527 -15.49673491\n   -3.48664585]\n [  3.92360785   6.58500714  -7.03003946  -7.12188696  -8.57134247\n    5.15406005]\n [ -7.141044    -7.03003946   9.90676134   8.83853985  11.91075446\n   -4.97843651]\n [ -6.28269527  -7.12188696   8.83853985  10.40044097  11.13969243\n   -5.24894848]\n [-15.49673491  -8.57134247  11.91075446  11.13969243  20.42141832\n   -3.58186599]\n [ -3.48664585   5.15406005  -4.97843651  -5.24894848  -3.58186599\n    9.06755893]]", "nfev": "474", "njev": "66", "status": "2", "success": "False", "message": "Desired error not necessarily achieved due to precision loss.", "x": "[4.06512064 2.00050974 6.2910706  1.52159403 8.86774631 2.24845104]", "nit": "28", "callback": [0.2842656180101235, 0.25436567571648794, 0.2520314732313863, 0.24844322835102817, 0.24169339617957775, 0.21368448004977825, 0.2056504373928485, 0.19105486652498893, 0.1659756049801745, 0.14477176809897319, 0.13904594532888215, 0.13001318076259472, 0.11574660563886197, 0.10045083000627109, 0.09501534821260071, 0.09420202585801507, 0.09375383599378928, 0.09370617281242932, 0.09366106321583034, 0.09361932863069022, 0.09354999008828457, 0.0934529102687991, 0.09340737311375857, 0.09339580508396883, 0.09339484107059814, 0.0933948177879661, 0.0933948175757019, 0.09339481754295187]}, "8": {"maxiter": 500, "gtol": 1e-05, "xrtol": 1e-05, "eps": 1e-05, "duration": 0.05094790458679199, "fun": "0.09339481749633405", "jac": "[-8.56537064e-07  1.36790579e-06  1.25957023e-06  3.70259379e-07\n -9.81081882e-07 -5.59541302e-07]", "hess_inv": "[[ 12.41190645   2.40280276  -4.82394754  -4.60752681 -11.63341664\n   -3.89034898]\n [  2.40280276   7.78241663  -8.43838778  -8.78380235  -9.45142512\n    6.61113102]\n [ -4.82394754  -8.43838778  11.57639104  10.87110226  12.88546833\n   -6.6871373 ]\n [ -4.60752681  -8.78380235  10.87110226  12.79248681  12.8271069\n   -6.9630987 ]\n [-11.63341664  -9.45142512  12.88546833  12.8271069   21.17037227\n   -4.43599161]\n [ -3.89034898   6.61113102  -6.6871373   -6.9630987   -4.43599161\n   11.07641333]]", "nfev": "210", "njev": "30", "status": "0", "success": "True", "message": "Optimization terminated successfully.", "x": "[4.06514531 2.00058813 6.29109611 1.52160042 8.86767697 2.24847696]", "nit": "27", "callback": [0.284265678747165, 0.2543656261028495, 0.25203141356576975, 0.24844313897316594, 0.24169291112238056, 0.21368513996616734, 0.2056451419322637, 0.19103977425211383, 0.1659484609178029, 0.14479235959613312, 0.13905005989798325, 0.13001863220744292, 0.1157553474010965, 0.1004415692780315, 0.09502369647544784, 0.09419591543899397, 0.09375232191040561, 0.09370475875791306, 0.0936597668300827, 0.09361830578392416, 0.09354942446106096, 0.09345275067191106, 0.09340724297013159, 0.09339582363260213, 0.09339483913810664, 0.09339481785637693, 0.09339481749633405]}, "9": {"maxiter": 500, "gtol": 1e-05, "xrtol": 1e-05, "eps": 1e-10, "duration": 0.0517880916595459, "fun": "0.0933948175757019", "jac": "[-9.99200639e-06  0.00000000e+00  3.33066880e-06 -1.11022293e-06\n -5.55111466e-06 -5.55111466e-06]", "hess_inv": "[[ 15.40305461   3.73208431  -7.03249157  -6.69786417 -15.62490435\n   -4.10849064]\n [  3.73208431   7.08035811  -7.89170326  -8.08114934  -9.84420909\n    5.10125127]\n [ -7.03249157  -7.89170326  11.39972325  10.48762714  14.19838926\n   -4.85555278]\n [ -6.69786417  -8.08114934  10.48762714  12.19367665  13.87565508\n   -5.02918175]\n [-15.62490435  -9.84420909  14.19838926  13.87565508  25.01506751\n   -2.63852271]\n [ -4.10849064   5.10125127  -4.85555278  -5.02918175  -2.63852271\n    9.54709797]]", "nfev": "217", "njev": "31", "status": "0", "success": "True", "message": "Optimization terminated successfully.", "x": "[4.0650814  2.00049223 6.29109757 1.52161568 8.86777789 2.24844091]", "nit": "27", "callback": [0.2842656180101235, 0.25436567571648794, 0.2520314732313863, 0.24844322835102817, 0.24169339617957775, 0.21368448004977825, 0.2056504373928485, 0.19105486652498893, 0.1659756049801745, 0.14477176809897319, 0.13904594532888215, 0.13001318076259472, 0.11574660563886197, 0.10045083000627109, 0.09501534821260071, 0.09420202585801507, 0.09375383599378928, 0.09370617281242932, 0.09366106321583034, 0.09361932863069022, 0.09354999008828457, 0.0934529102687991, 0.09340737311375857, 0.09339580508396883, 0.09339484107059814, 0.0933948177879661, 0.0933948175757019]}, "10": {"maxiter": 500, "gtol": 1e-05, "xrtol": 1e-10, "eps": 1e-05, "duration": 0.05046796798706055, "fun": "0.09339481749633405", "jac": "[-8.56537064e-07  1.36790579e-06  1.25957023e-06  3.70259379e-07\n -9.81081882e-07 -5.59541302e-07]", "hess_inv": "[[ 12.41190645   2.40280276  -4.82394754  -4.60752681 -11.63341664\n   -3.89034898]\n [  2.40280276   7.78241663  -8.43838778  -8.78380235  -9.45142512\n    6.61113102]\n [ -4.82394754  -8.43838778  11.57639104  10.87110226  12.88546833\n   -6.6871373 ]\n [ -4.60752681  -8.78380235  10.87110226  12.79248681  12.8271069\n   -6.9630987 ]\n [-11.63341664  -9.45142512  12.88546833  12.8271069   21.17037227\n   -4.43599161]\n [ -3.89034898   6.61113102  -6.6871373   -6.9630987   -4.43599161\n   11.07641333]]", "nfev": "210", "njev": "30", "status": "0", "success": "True", "message": "Optimization terminated successfully.", "x": "[4.06514531 2.00058813 6.29109611 1.52160042 8.86767697 2.24847696]", "nit": "27", "callback": [0.284265678747165, 0.2543656261028495, 0.25203141356576975, 0.24844313897316594, 0.24169291112238056, 0.21368513996616734, 0.2056451419322637, 0.19103977425211383, 0.1659484609178029, 0.14479235959613312, 0.13905005989798325, 0.13001863220744292, 0.1157553474010965, 0.1004415692780315, 0.09502369647544784, 0.09419591543899397, 0.09375232191040561, 0.09370475875791306, 0.0936597668300827, 0.09361830578392416, 0.09354942446106096, 0.09345275067191106, 0.09340724297013159, 0.09339582363260213, 0.09339483913810664, 0.09339481785637693, 0.09339481749633405]}, "11": {"maxiter": 500, "gtol": 1e-05, "xrtol": 1e-10, "eps": 1e-10, "duration": 0.05135083198547363, "fun": "0.0933948175757019", "jac": "[-9.99200639e-06  0.00000000e+00  3.33066880e-06 -1.11022293e-06\n -5.55111466e-06 -5.55111466e-06]", "hess_inv": "[[ 15.40305461   3.73208431  -7.03249157  -6.69786417 -15.62490435\n   -4.10849064]\n [  3.73208431   7.08035811  -7.89170326  -8.08114934  -9.84420909\n    5.10125127]\n [ -7.03249157  -7.89170326  11.39972325  10.48762714  14.19838926\n   -4.85555278]\n [ -6.69786417  -8.08114934  10.48762714  12.19367665  13.87565508\n   -5.02918175]\n [-15.62490435  -9.84420909  14.19838926  13.87565508  25.01506751\n   -2.63852271]\n [ -4.10849064   5.10125127  -4.85555278  -5.02918175  -2.63852271\n    9.54709797]]", "nfev": "217", "njev": "31", "status": "0", "success": "True", "message": "Optimization terminated successfully.", "x": "[4.0650814  2.00049223 6.29109757 1.52161568 8.86777789 2.24844091]", "nit": "27", "callback": [0.2842656180101235, 0.25436567571648794, 0.2520314732313863, 0.24844322835102817, 0.24169339617957775, 0.21368448004977825, 0.2056504373928485, 0.19105486652498893, 0.1659756049801745, 0.14477176809897319, 0.13904594532888215, 0.13001318076259472, 0.11574660563886197, 0.10045083000627109, 0.09501534821260071, 0.09420202585801507, 0.09375383599378928, 0.09370617281242932, 0.09366106321583034, 0.09361932863069022, 0.09354999008828457, 0.0934529102687991, 0.09340737311375857, 0.09339580508396883, 0.09339484107059814, 0.0933948177879661, 0.0933948175757019]}, "12": {"maxiter": 500, "gtol