{"date": "2024/09/25/, 12:37:37", "conf_id": 229, "data_type": "non_lin_ind\n", "num_data_points": 4, "s_rank": 0, "unitary": "[[-0.24866696+0.58742286j,-0.44704345-0.43151574j,-0.35669027-0.20570733j,-0.10517633+0.1626036j],[0.10596805-0.19687975j,-0.30269685-0.15056416j,0.18246286+0.30440582j,-0.83484447-0.11310748j],[0.26054512-0.52548482j,0.0285017-0.50723956j,-0.43110112+0.17165838j,0.15243271+0.39915801j],[0.42978035+0.11991271j,-0.17224126-0.46030424j,0.6827807-0.15164662j,0.26483638+0.0061855j]]", "databatch_0": {"databatch": "[[[-0.21839941+0.0732103j,0.00232984+0.0981461j,-0.06017276+0.19656377j,-0.22437458+0.13398562j],[0.28148959-0.1498825j,0.13086609-0.28015907j,0.0619182-0.32180503j,0.2404238+0.09973219j],[-0.13863864-0.06258031j,-0.02446146+0.01116478j,-0.11559585+0.05928023j,-0.15240806+0.02741279j],[0.00467123-0.24247765j,0.2234229+0.03261509j,-0.10233058-0.1336024j,-0.50113441-0.01786687j]],[[0.07855988+0.11753169j,-0.00491126+0.11169521j,-0.13825578-0.08888807j,-0.32041997+0.12328294j],[-0.1970574-0.14105344j,-0.07222974-0.18959657j,0.24393451+0.04305757j,0.39277887-0.30161253j],[-0.02606947+0.09676085j,-0.06470372+0.04899596j,-0.02391041-0.11600324j,-0.21765138-0.09392641j],[-0.20197572-0.0408072j,-0.11155277-0.14284438j,0.22618383-0.10365046j,0.05126306-0.43525356j]],[[0.15462229-0.15122854j,-0.01996399-0.10367659j,0.00585622+0.14836796j,0.16591874+0.09798414j],[0.01986055+0.20410596j,0.09168849+0.0465153j,-0.10643547-0.07708002j,-0.15322649+0.06879189j],[0.1759663-0.02414136j,0.03809998-0.07844084j,-0.06702436+0.10151536j,0.06507015+0.14537802j],[0.31644979+0.41825556j,0.25879295-0.01256549j,-0.36120923-0.01703727j,-0.27627378+0.39518992j]],[[0.02577649+0.01789798j,-0.18564049-0.03340478j,0.06380088-0.04181636j,0.03580063+0.24638711j],[-0.00824732-0.06665313j,0.11233937+0.31769782j,-0.13789324-0.05796189j,0.34888573-0.30019493j],[0.00681304+0.00935511j,-0.08050113-0.03205457j,0.02981649-0.01109785j,-0.00864308+0.10945511j],[0.06061903+0.01527587j,-0.42517334-0.07890988j,0.12701983-0.11208378j,0.11059914+0.53926721j]]]", "initial param values": "[3.45694425,0.65709264,2.06136103,5.17777755,5.99036694,2.96203533]", "nelder_mead": {"type": "gradient-free", "0": {"maxiter": 100, "fatol": 1e-05, "xatol": 1e-05, "duration": 0.03997993469238281, "fun": "0.43728247812175514", "nit": "100", "nfev": "156", "status": "2", "success": "False", "message": "Maximum number of iterations has been exceeded.", "x": "[2.96980359 1.08758726 1.41801656 4.48170265 5.29514852 2.54119198]", "final_simplex": "(array([[2.96980359, 1.08758726, 1.41801656, 4.48170265, 5.29514852,\n        2.54119198],\n       [3.03319132, 1.09040148, 1.50189471, 4.5144567 , 5.30788214,\n        2.46411159],\n       [3.01232196, 1.08996281, 1.45773709, 4.5225357 , 5.34297593,\n        2.48511675],\n       [2.96635499, 1.0896901 , 1.45185722, 4.52050446, 5.37134687,\n        2.4926751 ],\n       [2.97597587, 1.07598408, 1.45774838, 4.47749485, 5.30641671,\n        2.57504978],\n       [3.01934636, 1.0823303 , 1.45475684, 4.51990606, 5.29751824,\n        2.56598605],\n       [3.01005256, 1.10046397, 1.45473009, 4.4820117 , 5.35534072,\n        2.47925802]]), array([0.43728248, 0.43732784, 0.43738931, 0.43743582, 0.43759416,\n       0.43781256, 0.4379004 ]))", "callback": [0.6101644812763085, 0.5448398649521103, 0.5382649604556634, 0.5278926966655815, 0.5095692318049798, 0.4700013047939581, 0.4506571150816845, 0.4437766216448116, 0.44013421813253817, 0.4380172663058969]}, "1": {"maxiter": 100, "fatol": 1e-05, "xatol": 1e-10, "duration": 0.039749860763549805, "fun": "0.43728247812175514", "nit": "100", "nfev": "156", "status": "2", "success": "False", "message": "Maximum number of iterations has been exceeded.", "x": "[2.96980359 1.08758726 1.41801656 4.48170265 5.29514852 2.54119198]", "final_simplex": "(array([[2.96980359, 1.08758726, 1.41801656, 4.48170265, 5.29514852,\n        2.54119198],\n       [3.03319132, 1.09040148, 1.50189471, 4.5144567 , 5.30788214,\n        2.46411159],\n       [3.01232196, 1.08996281, 1.45773709, 4.5225357 , 5.34297593,\n        2.48511675],\n       [2.96635499, 1.0896901 , 1.45185722, 4.52050446, 5.37134687,\n        2.4926751 ],\n       [2.97597587, 1.07598408, 1.45774838, 4.47749485, 5.30641671,\n        2.57504978],\n       [3.01934636, 1.0823303 , 1.45475684, 4.51990606, 5.29751824,\n        2.56598605],\n       [3.01005256, 1.10046397, 1.45473009, 4.4820117 , 5.35534072,\n        2.47925802]]), array([0.43728248, 0.43732784, 0.43738931, 0.43743582, 0.43759416,\n       0.43781256, 0.4379004 ]))", "callback": [0.6101644812763085, 0.5448398649521103, 0.5382649604556634, 0.5278926966655815, 0.5095692318049798, 0.4700013047939581, 0.4506571150816845, 0.4437766216448116, 0.44013421813253817, 0.4380172663058969]}, "2": {"maxiter": 100, "fatol": 1e-10, "xatol": 1e-05, "duration": 0.037483930587768555, "fun": "0.43728247812175514", "nit": "100", "nfev": "156", "status": "2", "success": "False", "message": "Maximum number of iterations has been exceeded.", "x": "[2.96980359 1.08758726 1.41801656 4.48170265 5.29514852 2.54119198]", "final_simplex": "(array([[2.96980359, 1.08758726, 1.41801656, 4.48170265, 5.29514852,\n        2.54119198],\n       [3.03319132, 1.09040148, 1.50189471, 4.5144567 , 5.30788214,\n        2.46411159],\n       [3.01232196, 1.08996281, 1.45773709, 4.5225357 , 5.34297593,\n        2.48511675],\n       [2.96635499, 1.0896901 , 1.45185722, 4.52050446, 5.37134687,\n        2.4926751 ],\n       [2.97597587, 1.07598408, 1.45774838, 4.47749485, 5.30641671,\n        2.57504978],\n       [3.01934636, 1.0823303 , 1.45475684, 4.51990606, 5.29751824,\n        2.56598605],\n       [3.01005256, 1.10046397, 1.45473009, 4.4820117 , 5.35534072,\n        2.47925802]]), array([0.43728248, 0.43732784, 0.43738931, 0.43743582, 0.43759416,\n       0.43781256, 0.4379004 ]))", "callback": [0.6101644812763085, 0.5448398649521103, 0.5382649604556634, 0.5278926966655815, 0.5095692318049798, 0.4700013047939581, 0.4506571150816845, 0.4437766216448116, 0.44013421813253817, 0.4380172663058969]}, "3": {"maxiter": 100, "fatol": 1e-10, "xatol": 1e-10, "duration": 0.0361480712890625, "fun": "0.43728247812175514", "nit": "100", "nfev": "156", "status": "2", "success": "False", "message": "Maximum number of iterations has been exceeded.", "x": "[2.96980359 1.08758726 1.41801656 4.48170265 5.29514852 2.54119198]", "final_simplex": "(array([[2.96980359, 1.08758726, 1.41801656, 4.48170265, 5.29514852,\n        2.54119198],\n       [3.03319132, 1.09040148, 1.50189471, 4.5144567 , 5.30788214,\n        2.46411159],\n       [3.01232196, 1.08996281, 1.45773709, 4.5225357 , 5.34297593,\n        2.48511675],\n       [2.96635499, 1.0896901 , 1.45185722, 4.52050446, 5.37134687,\n        2.4926751 ],\n       [2.97597587, 1.07598408, 1.45774838, 4.47749485, 5.30641671,\n        2.57504978],\n       [3.01934636, 1.0823303 , 1.45475684, 4.51990606, 5.29751824,\n        2.56598605],\n       [3.01005256, 1.10046397, 1.45473009, 4.4820117 , 5.35534072,\n        2.47925802]]), array([0.43728248, 0.43732784, 0.43738931, 0.43743582, 0.43759416,\n       0.43781256, 0.4379004 ]))", "callback": [0.6101644812763085, 0.5448398649521103, 0.5382649604556634, 0.5278926966655815, 0.5095692318049798, 0.4700013047939581, 0.4506571150816845, 0.4437766216448116, 0.44013421813253817, 0.4380172663058969]}, "4": {"maxiter": 500, "fatol": 1e-05, "xatol": 1e-05, "duration": 0.17972993850708008, "fun": "0.1889172088607124", "nit": "500", "nfev": "769", "status": "2", "success": "False", "message": "Maximum number of iterations has been exceeded.", "x": "[ 0.68540767 -1.09720064  0.19703114  4.04995148  5.04255636  4.7202057 ]", "final_simplex": "(array([[ 0.68540767, -1.09720064,  0.19703114,  4.04995148,  5.04255636,\n         4.7202057 ],\n       [ 0.68373028, -1.09840742,  0.20071118,  4.0486378 ,  5.04443946,\n         4.72290463],\n       [ 0.68510252, -1.09905253,  0.19916699,  4.04841423,  5.04221223,\n         4.72170423],\n       [ 0.68412757, -1.09903692,  0.1981209 ,  4.04998329,  5.04243258,\n         4.723254  ],\n       [ 0.68459013, -1.09883616,  0.19928259,  4.04782154,  5.04656382,\n         4.72495817],\n       [ 0.68339764, -1.10046576,  0.19971808,  4.04732262,  5.04276736,\n         4.72293622],\n       [ 0.68333809, -1.09492751,  0.1972665 ,  4.04743432,  5.04699524,\n         4.72463109]]), array([0.18891721, 0.18891736, 0.18891788, 0.18891798, 0.18891831,\n       0.18891847, 0.18891862]))", "callback": [0.6101644812763085, 0.5448398649521103, 0.5382649604556634, 0.5278926966655815, 0.5095692318049798, 0.4700013047939581, 0.4506571150816845, 0.4437766216448116, 0.44013421813253817, 0.4380172663058969, 0.4367375351845656, 0.43589885147032637, 0.43538227935878226, 0.4352985817529026, 0.43521216654036343, 0.4349651990173883, 0.4338791720979829, 0.43118299401726967, 0.4076533006150631, 0.3553083845049334, 0.33798298913076164, 0.32583102172251455, 0.3120097319319921, 0.25812362729701965, 0.2228556714204084, 0.20832239459619273, 0.20760346982618627, 0.2071217607720215, 0.20691542490549908, 0.2068571756898543, 0.20679878042359068, 0.2067078543089389, 0.20665443117730165, 0.2066063501703952, 0.2063410684160295, 0.20491349561914718, 0.20246527134017323, 0.2007256856526941, 0.19824019643481594, 0.19445751231293262, 0.19122507356427598, 0.1897455900251227, 0.1897455900251227, 0.18935842677193104, 0.18910028290996106, 0.18905668751935278, 0.1889739053236137, 0.18893079305336047, 0.18892355768416502, 0.1889188025527555]}, "5": {"maxiter": 500, "fatol": 1e-05, "xatol": 1e-10, "duration": 0.18402504920959473, "fun": "0.1889172088607124", "nit": "500", "nfev": "769", "status": "2", "success": "False", "message": "Maximum number of iterations has been exceeded.", "x": "[ 0.68540767 -1.09720064  0.19703114  4.04995148  5.04255636  4.7202057 ]", "final_simplex": "(array([[ 0.68540767, -1.09720064,  0.19703114,  4.04995148,  5.04255636,\n         4.7202057 ],\n       [ 0.68373028, -1.09840742,  0.20071118,  4.0486378 ,  5.04443946,\n         4.72290463],\n       [ 0.68510252, -1.09905253,  0.19916699,  4.04841423,  5.04221223,\n         4.72170423],\n       [ 0.68412757, -1.09903692,  0.1981209 ,  4.04998329,  5.04243258,\n         4.723254  ],\n       [ 0.68459013, -1.09883616,  0.19928259,  4.04782154,  5.04656382,\n         4.72495817],\n       [ 0.68339764, -1.10046576,  0.19971808,  4.04732262,  5.04276736,\n         4.72293622],\n       [ 0.68333809, -1.09492751,  0.1972665 ,  4.04743432,  5.04699524,\n         4.72463109]]), array([0.18891721, 0.18891736, 0.18891788, 0.18891798, 0.18891831,\n       0.18891847, 0.18891862]))", "callback": [0.6101644812763085, 0.5448398649521103, 0.5382649604556634, 0.5278926966655815, 0.5095692318049798, 0.4700013047939581, 0.4506571150816845, 0.4437766216448116, 0.44013421813253817, 0.4380172663058969, 0.4367375351845656, 0.43589885147032637, 0.43538227935878226, 0.4352985817529026, 0.43521216654036343, 0.4349651990173883, 0.4338791720979829, 0.43118299401726967, 0.4076533006150631, 0.3553083845049334, 0.33798298913076164, 0.32583102172251455, 0.3120097319319921, 0.25812362729701965, 0.2228556714204084, 0.20832239459619273, 0.20760346982618627, 0.2071217607720215, 0.20691542490549908, 0.2068571756898543, 0.20679878042359068, 0.2067078543089389, 0.20665443117730165, 0.2066063501703952, 0.2063410684160295, 0.20491349561914718, 0.20246527134017323, 0.2007256856526941, 0.19824019643481594, 0.19445751231293262, 0.19122507356427598, 0.1897455900251227, 0.1897455900251227, 0.18935842677193104, 0.18910028290996106, 0.18905668751935278, 0.1889739053236137, 0.18893079305336047, 0.18892355768416502, 0.1889188025527555]}, "6": {"maxiter": 500, "fatol": 1e-10, "xatol": 1e-05, "duration": 0.20575523376464844, "fun": "0.1889172088607124", "nit": "500", "nfev": "769", "status": "2", "success": "False", "message": "Maximum number of iterations has been exceeded.", "x": "[ 0.68540767 -1.09720064  0.19703114  4.04995148  5.04255636  4.7202057 ]", "final_simplex": "(array([[ 0.68540767, -1.09720064,  0.19703114,  4.04995148,  5.04255636,\n         4.7202057 ],\n       [ 0.68373028, -1.09840742,  0.20071118,  4.0486378 ,  5.04443946,\n         4.72290463],\n       [ 0.68510252, -1.09905253,  0.19916699,  4.04841423,  5.04221223,\n         4.72170423],\n       [ 0.68412757, -1.09903692,  0.1981209 ,  4.04998329,  5.04243258,\n         4.723254  ],\n       [ 0.68459013, -1.09883616,  0.19928259,  4.04782154,  5.04656382,\n         4.72495817],\n       [ 0.68339764, -1.10046576,  0.19971808,  4.04732262,  5.04276736,\n         4.72293622],\n       [ 0.68333809, -1.09492751,  0.1972665 ,  4.04743432,  5.04699524,\n         4.72463109]]), array([0.18891721, 0.18891736, 0.18891788, 0.18891798, 0.18891831,\n       0.18891847, 0.18891862]))", "callback": [0.6101644812763085, 0.5448398649521103, 0.5382649604556634, 0.5278926966655815, 0.5095692318049798, 0.4700013047939581, 0.4506571150816845, 0.4437766216448116, 0.44013421813253817, 0.4380172663058969, 0.4367375351845656, 0.43589885147032637, 0.43538227935878226, 0.4352985817529026, 0.43521216654036343, 0.4349651990173883, 0.4338791720979829, 0.43118299401726967, 0.4076533006150631, 0.3553083845049334, 0.33798298913076164, 0.32583102172251455, 0.3120097319319921, 0.25812362729701965, 0.2228556714204084, 0.20832239459619273, 0.20760346982618627, 0.2071217607720215, 0.20691542490549908, 0.2068571756898543, 0.20679878042359068, 0.2067078543089389, 0.20665443117730165, 0.2066063501703952, 0.2063410684160295, 0.20491349561914718, 0.20246527134017323, 0.2007256856526941, 0.19824019643481594, 0.19445751231293262, 0.19122507356427598, 0.1897455900251227, 0.1897455900251227, 0.18935842677193104, 0.18910028290996106, 0.18905668751935278, 0.1889739053236137, 0.18893079305336047, 0.18892355768416502, 0.1889188025527555]}, "7": {"maxiter": 500, "fatol": 1e-10, "xatol": 1e-10, "duration": 0.18593788146972656, "fun": "0.1889172088607124", "nit": "500", "nfev": "769", "status": "2", "success": "False", "message": "Maximum number of iterations has been exceeded.", "x": "[ 0.68540767 -1.09720064  0.19703114  4.04995148  5.04255636  4.7202057 ]", "final_simplex": "(array([[ 0.68540767, -1.09720064,  0.19703114,  4.04995148,  5.04255636,\n         4.7202057 ],\n       [ 0.68373028, -1.09840742,  0.20071118,  4.0486378 ,  5.04443946,\n         4.72290463],\n       [ 0.68510252, -1.09905253,  0.19916699,  4.04841423,  5.04221223,\n         4.72170423],\n       [ 0.68412757, -1.09903692,  0.1981209 ,  4.04998329,  5.04243258,\n         4.723254  ],\n       [ 0.68459013, -1.09883616,  0.19928259,  4.04782154,  5.04656382,\n         4.72495817],\n       [ 0.68339764, -1.10046576,  0.19971808,  4.04732262,  5.04276736,\n         4.72293622],\n       [ 0.68333809, -1.09492751,  0.1972665 ,  4.04743432,  5.04699524,\n         4.72463109]]), array([0.18891721, 0.18891736, 0.18891788, 0.18891798, 0.18891831,\n       0.18891847, 0.18891862]))", "callback": [0.6101644812763085, 0.5448398649521103, 0.5382649604556634, 0.5278926966655815, 0.5095692318049798, 0.4700013047939581, 0.4506571150816845, 0.4437766216448116, 0.44013421813253817, 0.4380172663058969, 0.4367375351845656, 0.43589885147032637, 0.43538227935878226, 0.4352985817529026, 0.43521216654036343, 0.4349651990173883, 0.4338791720979829, 0.43118299401726967, 0.4076533006150631, 0.3553083845049334, 0.33798298913076164, 0.32583102172251455, 0.3120097319319921, 0.25812362729701965, 0.2228556714204084, 0.20832239459619273, 0.20760346982618627, 0.2071217607720215, 0.20691542490549908, 0.2068571756898543, 0.20679878042359068, 0.2067078543089389, 0.20665443117730165, 0.2066063501703952, 0.2063410684160295, 0.20491349561914718, 0.20246527134017323, 0.2007256856526941, 0.19824019643481594, 0.19445751231293262, 0.19122507356427598, 0.1897455900251227, 0.1897455900251227, 0.18935842677193104, 0.18910028290996106, 0.18905668751935278, 0.1889739053236137, 0.18893079305336047, 0.18892355768416502, 0.1889188025527555]}, "8": {"maxiter": 1000, "fatol": 1e-05, "xatol": 1e-05, "duration": 0.2510190010070801, "fun": "0.18891652014985594", "nit": "636", "nfev": "990", "status": "0", "success": "True", "message": "Optimization terminated successfully.", "x": "[ 0.68595915 -1.09750717  0.19862458  4.0497684   5.04425918  4.71954438]", "final_simplex": "(array([[ 0.68595915, -1.09750717,  0.19862458,  4.0497684 ,  5.04425918,\n         4.71954438],\n       [ 0.6859537 , -1.0975086 ,  0.19862605,  4.04977156,  5.04426211,\n         4.71954713],\n       [ 0.68596308, -1.09750641,  0.19862679,  4.04977028,  5.0442608 ,\n         4.71953799],\n       [ 0.68595566, -1.09751372,  0.19862797,  4.04977138,  5.04425466,\n         4.71954189],\n       [ 0.68595478, -1.09750142,  0.19861984,  4.04976699,  5.04426209,\n         4.71954296],\n       [ 0.68596036, -1.09750647,  0.19862957,  4.04976737,  5.0442596 ,\n         4.71953874],\n       [ 0.68595543, -1.09751644,  0.19863304,  4.04976986,  5.04426358,\n         4.71954608]]), array([0.18891652, 0.18891652, 0.18891652, 0.18891652, 0.18891652,\n       0.18891652, 0.18891652]))", "callback": [0.6101644812763085, 0.5448398649521103, 0.5382649604556634, 0.5278926966655815, 0.5095692318049798, 0.4700013047939581, 0.4506571150816845, 0.4437766216448116, 0.44013421813253817, 0.4380172663058969, 0.4367375351845656, 0.43589885147032637, 0.43538227935878226, 0.4352985817529026, 0.43521216654036343, 0.4349651990173883, 0.4338791720979829, 0.43118299401726967, 0.4076533006150631, 0.3553083845049334, 0.33798298913076164, 0.32583102172251455, 0.3120097319319921, 0.25812362729701965, 0.2228556714204084, 0.20832239459619273, 0.20760346982618627, 0.2071217607720215, 0.20691542490549908, 0.2068571756898543, 0.20679878042359068, 0.2067078543089389, 0.20665443117730165, 0.2066063501703952, 0.2063410684160295, 0.20491349561914718, 0.20246527134017323, 0.2007256856526941, 0.19824019643481594, 0.19445751231293262, 0.19122507356427598, 0.1897455900251227, 0.1897455900251227, 0.18935842677193104, 0.18910028290996106, 0.18905668751935278, 0.1889739053236137, 0.18893079305336047, 0.18892355768416502, 0.1889188025527555, 0.1889172088607124, 0.18891666555477138, 0.1889165816658167, 0.18891655158436838, 0.18891653394530705, 0.18891652975482298, 0.18891652736178632, 0.188916524197407, 0.18891652368314138, 0.1889165220719735, 0.18891652058588015, 0.18891652024662353, 0.18891652017517713, 0.18891652015584204]}, "9": {"maxiter": 1000, "fatol": 1e-05, "xatol": 1e-10, "duration": 0.3037877082824707, "fun": "0.188916520142709", "nit": "746", "nfev": "1225", "status": "0", "success": "True", "message": "Optimization terminated successfully.", "x": "[ 0.68596197 -1.09750414  0.1986169   4.04977581  5.04425944  4.71954012]", "final_simplex": "(array([[ 0.68596197, -1.09750414,  0.1986169 ,  4.04977581,  5.04425944,\n         4.71954012],\n       [ 0.68596197, -1.09750414,  0.1986169 ,  4.04977581,  5.04425944,\n         4.71954012],\n       [ 0.68596197, -1.09750414,  0.1986169 ,  4.04977581,  5.04425944,\n         4.71954012],\n       [ 0.68596197, -1.09750414,  0.1986169 ,  4.04977581,  5.04425944,\n         4.71954012],\n       [ 0.68596197, -1.09750414,  0.1986169 ,  4.04977581,  5.04425944,\n         4.71954012],\n       [ 0.68596197, -1.09750414,  0.1986169 ,  4.04977581,  5.04425944,\n         4.71954012],\n       [ 0.68596197, -1.09750414,  0.1986169 ,  4.04977581,  5.04425944,\n         4.71954012]]), array([0.18891652, 0.18891652, 0.18891652, 0.18891652, 0.18891652,\n       0.18891652, 0.18891652]))", "callback": [0.6101644812763085, 0.5448398649521103, 0.5382649604556634, 0.5278926966655815, 0.5095692318049798, 0.4700013047939581, 0.4506571150816845, 0.4437766216448116, 0.44013421813253817, 0.4380172663058969, 0.4367375351845656, 0.43589885147032637, 0.43538227935878226, 0.4352985817529026, 0.43521216654036343, 0.4349651990173883, 0.4338791720979829, 0.43118299401726967, 0.4076533006150631, 0.3553083845049334, 0.33798298913076164, 0.32583102172251455, 0.3120097319319921, 0.25812362729701965, 0.2228556714204084, 0.20832239459619273, 0.20760346982618627, 0.2071217607720215, 0.20691542490549908, 0.2068571756898543, 0.20679878042359068, 0.2067078543089389, 0.20665443117730165, 0.2066063501703952, 0.2063410684160295, 0.20491349561914718, 0.20246527134017323, 0.2007256856526941, 0.19824019643481594, 0.19445751231293262, 0.19122507356427598, 0.1897455900251227, 0.1897455900251227, 0.18935842677193104, 0.18910028290996106, 0.18905668751935278, 0.1889739053236137, 0.18893079305336047, 0.18892355768416502, 0.1889188025527555, 0.1889172088607124, 0.18891666555477138, 0.1889165816658167, 0.18891655158436838, 0.18891653394530705, 0.18891652975482298, 0.18891652736178632, 0.188916524197407, 0.18891652368314138, 0.1889165220719735, 0.18891652058588015, 0.18891652024662353, 0.18891652017517713, 0.18891652015584204, 0.18891652014692528, 0.18891652014487836, 0.18891652014381266, 0.1889165201431937, 0.18891652014279958, 0.18891652014274507, 0.18891652014271432, 0.18891652014270988, 0.1889165201427092, 0.188916520142709, 0.188916520142709]}, "10": {"maxiter": 1000, "fatol": 1e-10, "xatol": 1e-05, "duration": 0.24967074394226074, "fun": "0.18891652014985594", "nit": "636", "nfev": "990", "status": "0", "success": "True", "message": "Optimization terminated successfully.", "x": "[ 0.68595915 -1.09750717  0.19862458  4.0497684   5.04425918  4.71954438]", "final_simplex": "(array([[ 0.68595915, -1.09750717,  0.19862458,  4.0497684 ,  5.04425918,\n         4.71954438],\n       [ 0.6859537 , -1.0975086 ,  0.19862605,  4.04977156,  5.04426211,\n         4.71954713],\n       [ 0.68596308, -1.09750641,  0.19862679,  4.04977028,  5.0442608 ,\n         4.71953799],\n       [ 0.68595566, -1.09751372,  0.19862797,  4.04977138,  5.04425466,\n         4.71954189],\n       [ 0.68595478, -1.09750142,  0.19861984,  4.04976699,  5.04426209,\n         4.71954296],\n       [ 0.68596036, -1.09750647,  0.19862957,  4.04976737,  5.0442596 ,\n         4.71953874],\n       [ 0.68595543, -1.09751644,  0.19863304,  4.04976986,  5.04426358,\n         4.71954608]]), array([0.18891652, 0.18891652, 0.18891652, 0.18891652, 0.18891652,\n       0.18891652, 0.18891652]))", "callback": [0.6101644812763085, 0.5448398649521103, 0.5382649604556634, 0.5278926966655815, 0.5095692318049798, 0.4700013047939581, 0.4506571150816845, 0.4437766216448116, 0.44013421813253817, 0.4380172663058969, 0.4367375351845656, 0.43589885147032637, 0.43538227935878226, 0.4352985817529026, 0.43521216654036343, 0.4349651990173883, 0.4338791720979829, 0.43118299401726967, 0.4076533006150631, 0.3553083845049334, 0.33798298913076164, 0.32583102172251455, 0.3120097319319921, 0.25812362729701965, 0.2228556714204084, 0.20832239459619273, 0.20760346982618627, 0.2071217607720215, 0.20691542490549908, 0.2068571756898543, 0.20679878042359068, 0.2067078543089389, 0.20665443117730165, 0.2066063501703952, 0.2063410684160295, 0.20491349561914718, 0.20246527134017323, 0.2007256856526941, 0.19824019643481594, 0.19445751231293262, 0.19122507356427598, 0.1897455900251227, 0.1897455900251227, 0.18935842677193104, 0.18910028290996106, 0.18905668751935278, 0.1889739053236137, 0.18893079305336047, 0.18892355768416502, 0.1889188025527555, 0.1889172088607124, 0.18891666555477138, 0.1889165816658167, 0.18891655158436838, 0.18891653394530705, 0.18891652975482298, 0.18891652736178632, 0.188916524197407, 0.18891652368314138, 0.1889165220719735, 0.18891652058588015, 0.18891652024662353, 0.18891652017517713, 0.18891652015584204]}, "11": {"maxiter": 1000, "fatol": 1e-10, "xatol": 1e-10, "duration": 0.29625892639160156, "fun": "0.188916520142709", "nit": "746", "nfev": "1225", "status": "0", "success": "True", "message": "Optimization terminated successfully.", "x": "[ 0.68596197 -1.09750414  0.1986169   4.04977581  5.04425944  4.71954012]", "final_simplex": "(array([[ 0.68596197, -1.09750414,  0.1986169 ,  4.04977581,  5.04425944,\n         4.71954012],\n       [ 0.68596197, -1.09750414,  0.1986169 ,  4.04977581,  5.04425944,\n         4.71954012],\n       [ 0.68596197, -1.09750414,  0.1986169 ,  4.04977581,  5.04425944,\n         4.71954012],\n       [ 0.68596197, -1.09750414,  0.1986169 ,  4.04977581,  5.04425944,\n         4.71954012],\n       [ 0.68596197, -1.09750414,  0.1986169 ,  4.04977581,  5.04425944,\n         4.71954012],\n       [ 0.68596197, -1.09750414,  0.1986169 ,  4.04977581,  5.04425944,\n         4.71954012],\n       [ 0.68596197, -1.09750414,  0.1986169 ,  4.04977581,  5.04425944,\n         4.71954012]]), array([0.18891652, 0.18891652, 0.18891652, 0.18891652, 0.18891652,\n       0.18891652, 0.18891652]))", "callback": [0.6101644812763085, 0.5448398649521103, 0.5382649604556634, 0.5278926966655815, 0.5095692318049798, 0.4700013047939581, 0.4506571150816845, 0.4437766216448116, 0.44013421813253817, 0.4380172663058969, 0.4367375351845656, 0.43589885147032637, 0.43538227935878226, 0.4352985817529026, 0.43521216654036343, 0.4349651990173883, 0.4338791720979829, 0.43118299401726967, 0.4076533006150631, 0.3553083845049334, 0.33798298913076164, 0.32583102172251455, 0.3120097319319921, 0.25812362729701965, 0.2228556714204084, 0.20832239459619273, 0.20760346982618627, 0.2071217607720215, 0.20691542490549908, 0.2068571756898543, 0.20679878042359068, 0.2067078543089389, 0.20665443117730165, 0.2066063501703952, 0.2063410684160295, 0.20491349561914718, 0.20246527134017323, 0.2007256856526941, 0.19824019643481594, 0.19445751231293262, 0.19122507356427598, 0.1897455900251227, 0.1897455900251227, 0.18935842677193104, 0.18910028290996106, 0.18905668751935278, 0.1889739053236137, 0.18893079305336047, 0.18892355768416502, 0.1889188025527555, 0.1889172088607124, 0.18891666555477138, 0.1889165816658167, 0.18891655158436838, 0.18891653394530705, 0.18891652975482298, 0.18891652736178632, 0.188916524197407, 0.18891652368314138, 0.1889165220719735, 0.18891652058588015, 0.18891652024662353, 0.18891652017517713, 0.18891652015584204, 0.18891652014692528, 0.18891652014487836, 0.18891652014381266, 0.1889165201431937, 0.18891652014279958, 0.18891652014274507, 0.18891652014271432, 0.18891652014270988, 0.1889165201427092, 0.188916520142709, 0.188916520142709]}}, "bfgs": {"type": "gradient", "0": {"maxiter": 100, "gtol": 1e-05, "xrtol": 1e-05, "eps": 1e-05, "duration": 0.06070208549499512, "fun": "0.18891652051406183", "jac": "[ 2.06983319e-06  6.70753453e-06  2.23339125e-06  6.46449561e-07\n -5.99265082e-06  9.44097023e-06]", "hess_inv": "[[ 8.99387689 -5.16782441  4.19979086 -2.41613777  2.88342509  9.936846  ]\n [-5.16782441 12.33607351 -9.05816954  2.00214275  1.12401201 -6.20426835]\n [ 4.19979086 -9.05816954 11.59814846 -4.27219698  0.51607243  4.06791332]\n [-2.41613777  2.00214275 -4.27219698  4.88556769 -1.34180724 -2.54987751]\n [ 2.88342509  1.12401201  0.51607243 -1.34180724  6.36482238  6.18997899]\n [ 9.936846   -6.20426835  4.06791332 -2.54987751  6.18997899 18.11317957]]", "nfev": "238", "njev": "34", "status": "0", "success": "True", "message": "Optimization terminated successfully.", "x": "[5.59727424 2.04408403 3.34020293 4.04976514 5.04426582 4.7196329 ]", "nit": "32", "callback": [0.5618919012481846, 0.5214228988789564, 0.4687212408761081, 0.4592064427818322, 0.4493314147429639, 0.4403632605169544, 0.43870585900912984, 0.4361586720929045, 0.4319971195769108, 0.4245568202388479, 0.4145469421929231, 0.4040746804947011, 0.3866302741746961, 0.359602501462282, 0.3265496624473936, 0.2801505074000522, 0.24789859532006164, 0.20462314359214373, 0.19881182347361337, 0.19189312899568778, 0.1909976429534408, 0.1901814441837859, 0.1894536680045742, 0.18927333487531173, 0.1892171144655055, 0.18917961049789267, 0.189113614451504, 0.1890095118029671, 0.18893282214350737, 0.18891993165725396, 0.1889165363035602, 0.18891652051406183]}, "1": {"maxiter": 100, "gtol": 1e-05, "xrtol": 1e-05, "eps": 1e-10, "duration": 0.05676007270812988, "fun": "0.18891652081173327", "jac": "[ 1.11022293e-06  8.88178346e-06  4.44089173e-06 -1.11022293e-06\n -4.44089173e-06  8.88178346e-06]", "hess_inv": "[[ 9.0284722  -5.21901041  4.21307088 -2.41541343  2.85462385  9.98214782]\n [-5.21901041 12.4001856  -9.10056916  2.0204666   1.12213434 -6.27155593]\n [ 4.21307088 -9.10056916 11.63929672 -4.28013111  0.51304913  4.08499064]\n [-2.41541343  2.0204666  -4.28013111  4.87653145 -1.31923928 -2.53989272]\n [ 2.85462385  1.12213434  0.51304913 -1.31923928  6.32421606  6.15081242]\n [ 9.98214782 -6.27155593  4.08499064 -2.53989272  6.15081242 18.18457433]]", "nfev": "238", "njev": "34", "status": "0", "success": "True", "message": "Optimization terminated successfully.", "x": "[5.5973023  2.04408048 3.34022386 4.04975389 5.04429644 4.71967854]", "nit": "32", "callback": [0.5618923599363044, 0.5214211899208686, 0.46871962525120725, 0.4592065405571609, 0.4493294077577471, 0.44036299443609417, 0.438705180659381, 0.4361571663663495, 0.43199235586469364, 0.424546305573682, 0.4145371756306031, 0.40406186888803886, 0.386604559650888, 0.35956552444743295, 0.3265521078457465, 0.2801684927016068, 0.24785644868074874, 0.2046018674383604, 0.19877854992952715, 0.19187103347026802, 0.19099635888649003, 0.1901513160361099, 0.18945579217157427, 0.1892751604427818, 0.18921835301809287, 0.1891809824313606, 0.18911503983868072, 0.18901054166915543, 0.18893235348045612, 0.18891990479895593, 0.18891653463608604, 0.18891652081173327]}, "2": {"maxiter": 100, "gtol": 1e-05, "xrtol": 1e-10, "eps": 1e-05, "duration": 0.05628490447998047, "fun": "0.18891652051406183", "jac": "[ 2.06983319e-06  6.70753453e-06  2.23339125e-06  6.46449561e-07\n -5.99265082e-06  9.44097023e-06]", "hess_inv": "[[ 8.99387689 -5.16782441  4.19979086 -2.41613777  2.88342509  9.936846  ]\n [-5.16782441 12.33607351 -9.05816954  2.00214275  1.12401201 -6.20426835]\n [ 4.19979086 -9.05816954 11.59814846 -4.27219698  0.51607243  4.06791332]\n [-2.41613777  2.00214275 -4.27219698  4.88556769 -1.34180724 -2.54987751]\n [ 2.88342509  1.12401201  0.51607243 -1.34180724  6.36482238  6.18997899]\n [ 9.936846   -6.20426835  4.06791332 -2.54987751  6.18997899 18.11317957]]", "nfev": "238", "njev": "34", "status": "0", "success": "True", "message": "Optimization terminated successfully.", "x": "[5.59727424 2.04408403 3.34020293 4.04976514 5.04426582 4.7196329 ]", "nit": "32", "callback": [0.5618919012481846, 0.5214228988789564, 0.4687212408761081, 0.4592064427818322, 0.4493314147429639, 0.4403632605169544, 0.43870585900912984, 0.4361586720929045, 0.4319971195769108, 0.4245568202388479, 0.4145469421929231, 0.4040746804947011, 0.3866302741746961, 0.359602501462282, 0.3265496624473936, 0.2801505074000522, 0.24789859532006164, 0.20462314359214373, 0.19881182347361337, 0.19189312899568778, 0.1909976429534408, 0.1901814441837859, 0.1894536680045742, 0.18927333487531173, 0.1892171144655055, 0.18917961049789267, 0.189113614451504, 0.1890095118029671, 0.18893282214350737, 0.18891993165725396, 0.1889165363035602, 0.18891652051406183]}, "3": {"maxiter": 100, "gtol": 1e-05, "xrtol": 1e-10, "eps": 1e-10, "duration": 0.05700874328613281, "fun": "0.18891652081173327", "jac": "[ 1.11022293e-06  8.88178346e-06  4.44089173e-06 -1.11022293e-06\n -4.44089173e-06  8.88178346e-06]", "hess_inv": "[[ 9.0284722  -5.21901041  4.21307088 -2.41541343  2.85462385  9.98214782]\n [-5.21901041 12.4001856  -9.10056916  2.0204666   1.12213434 -6.27155593]\n [ 4.21307088 -9.10056916 11.63929672 -4.28013111  0.51304913  4.08499064]\n [-2.41541343  2.0204666  -4.28013111  4.87653145 -1.31923928 -2.53989272]\n [ 2.85462385  1.12213434  0.51304913 -1.31923928  6.32421606  6.15081242]\n [ 9.98214782 -6.27155593  4.08499064 -2.53989272  6.15081242 18.18457433]]", "nfev": "238", "njev": "34", "status": "0", "success": "True", "message": "Optimization terminated successfully.", "x": "[5.5973023  2.04408048 3.34022386 4.04975389 5.04429644 4.71967854]", "nit": "32", "callback": [0.5618923599363044, 0.5214211899208686, 0.46871962525120725, 0.4592065405571609, 0.4493294077577471, 0.44036299443609417, 0.438705180659381, 0.4361571663663495, 0.43199235586469364, 0.424546305573682, 0.4145371756306031, 0.40406186888803886, 0.386604559650888, 0.35956552444743295, 0.3265521078457465, 0.2801684927016068, 0.24785644868074874, 0.2046018674383604, 0.19877854992952715, 0.19187103347026802, 0.19099635888649003, 0.1901513160361099, 0.18945579217157427, 0.1892751604427818, 0.18921835301809287, 0.1891809824313606, 0.18911503983868072, 0.18901054166915543, 0.18893235348045612, 0.18891990479895593, 0.18891653463608604, 0.18891652081173327]}, "4": {"maxiter": 100, "gtol": 1e-10, "xrtol": 1e-05, "eps": 1e-05, "duration": 0.060498952865600586, "fun": "0.18891652019398086", "jac": "[ 1.64535052e-08 -2.26929586e-08  7.17648163e-08 -2.22932783e-08\n -9.97757432e-08  2.02504680e-08]", "hess_inv": "[[ 8.73451205 -4.40608133  3.48461867 -2.24355406  2.07964971  9.43804276]\n [-4.40608133 11.65594153 -8.53253583  1.8143446   1.49604472 -4.89244099]\n [ 3.48461867 -8.53253583 11.20438954 -4.10700199  0.20497227  2.83483048]\n [-2.24355406  1.8143446  -4.10700199  4.826128   -1.1263786  -2.23891195]\n [ 2.07964971  1.49604472  0.20497227 -1.1263786   5.63644455  4.7476681 ]\n [ 9.43804276 -4.89244099  2.83483048 -2.23891195  4.7476681  17.15804453]]", "nfev": "252", "njev": "36", "status": "0", "success": "True", "message": "Optimization terminated successfully.", "x": "[5.59720274 2.04408801 3.34020505 4.04977806 5.04424071 4.71950776]", "nit": "34", "callback": [0.5618919012481846, 0.5214228988789564, 0.4687212408761081, 0.4592064427818322, 0.4493314147429639, 0.4403632605169544, 0.43870585900912984, 0.4361586720929045, 0.4319971195769108, 0.4245568202388479, 0.4145469421929231, 0.4040746804947011, 0.3866302741746961, 0.359602501462282, 0.3265496624473936, 0.2801505074000522, 0.24789859532006164, 0.20462314359214373, 0.19881182347361337, 0.19189312899568778, 0.1909976429534408, 0.1901814441837859, 0.1894536680045742, 0.18927333487531173, 0.1892171144655055, 0.18917961049789267, 0.189113614451504, 0.1890095118029671, 0.18893282214350737, 0.18891993165725396, 0.1889165363035602, 0.18891652051406183, 0.18891652022518557, 0.18891652019398086]}, "5": {"maxiter": 100, "gtol": 1e-10, "xrtol": 1e-05, "eps": 1e-10, "duration": 0.06105208396911621, "fun": "0.18891652016150595", "jac": "[ 0.00000000e+00 -3.33066880e-06 -1.11022293e-06  0.00000000e+00\n -2.22044587e-06 -1.11022293e-06]", "hess_inv": "[[14.55052497 -6.28089383  4.33685654 -2.82166351  4.86976027 19.54613592]\n [-6.28089383 10.57570052 -8.47481715  2.90524173 -0.10589248 -8.39303167]\n [ 4.33685654 -8.47481715 11.11218824 -4.23884943  0.52685824  4.33222368]\n [-2.82166351  2.90524173 -4.23884943  4.28969903 -0.84515044 -3.07604856]\n [ 4.86976027 -0.10589248  0.52685824 -0.84515044  6.43085712  9.47024898]\n [19.54613592 -8.39303167  4.33222368 -3.07604856  9.47024898 34.69945835]]", "nfev": "259", "njev": "37", "status": "0", "success": "True", "message": "Optimization terminated successfully.", "x": "[5.59722314 2.04407345 3.3402181  4.04977922 5.04424795 4.71953634]", "nit": "34", "callback": [0.5618923599363044, 0.5214211899208686, 0.46871962525120725, 0.4592065405571609, 0.4493294077577471, 0.44036299443609417, 0.438705180659381, 0.4361571663663495, 0.43199235586469364, 0.424546305573682, 0.4145371756306031, 0.40406186888803886, 0.386604559650888, 0.35956552444743295, 0.3265521078457465, 0.2801684927016068, 0.24785644868074874, 0.2046018674383604, 0.19877854992952715, 0.19187103347026802, 0.19099635888649003, 0.1901513160361099, 0.18945579217157427, 0.1892751604427818, 0.18921835301809287, 0.1891809824313606, 0.18911503983868072, 0.18901054166915543, 0.18893235348045612, 0.18891990479895593, 0.18891653463608604, 0.18891652081173327, 0.18891652019051364, 0.18891652016150595]}, "6": {"maxiter": 100, "gtol": 1e-10, "xrtol": 1e-10, "eps": 1e-05, "duration": 0.12382793426513672, "fun": "0.18891652019355054", "jac": "[ 1.08801856e-09  4.44089210e-11  2.99760217e-10 -1.44328993e-09\n  1.55431223e-10 -5.21804822e-10]", "hess_inv": "[[ 8.798227   -4.64710404  3.67798344 -2.27750126  1.83985306  9.45906205]\n [-4.64710404 12.34725794 -9.14061555  1.9812942   1.98941731 -5.02588413]\n [ 3.67798344 -9.14061555 11.72213079 -4.2315951  -0.29170243  2.92867975]\n [-2.27750126  1.9812942  -4.2315951   4.83747907 -0.92628808 -2.24068276]\n [ 1.83985306  1.98941731 -0.29170243 -0.92628808  5.75163516  4.56467057]\n [ 9.45906205 -5.02588413  2.92867975 -2.24068276  4.56467057 17.15112311]]", "nfev": "530", "njev": "74", "status": "2", "success": "False", "message": "Desired error not necessarily achieved due to precision loss.", "x": "[5.59720218 2.04408936 3.34020377 4.04977849 5.04424121 4.71950734]", "nit": "35", "callback": [0.5618919012481846, 0.5214228988789564, 0.4687212408761081, 0.4592064427818322, 0.4493314147429639, 0.4403632605169544, 0.43870585900912984, 0.4361586720929045, 0.4319971195769108, 0.4245568202388479, 0.4145469421929231, 0.4040746804947011, 0.3866302741746961, 0.359602501462282, 0.3265496624473936, 0.2801505074000522, 0.24789859532006164, 0.20462314359214373, 0.19881182347361337, 0.19189312899568778, 0.1909976429534408, 0.1901814441837859, 0.1894536680045742, 0.18927333487531173, 0.1892171144655055, 0.18917961049789267, 0.189113614451504, 0.1890095118029671, 0.18893282214350737, 0.18891993165725396, 0.1889165363035602, 0.18891652051406183, 0.18891652022518557, 0.18891652019398086, 0.18891652019355054]}, "7": {"maxiter": 100, "gtol": 1e-10, "xrtol": 1e-10, "eps": 1e-10, "duration": 0.11036801338195801, "fun": "0.18891652014530225", "jac": "[ 1.11022293e-06  0.00000000e+00  1.11022293e-06  2.22044587e-06\n  0.00000000e+00 -1.11022293e-06]", "hess_inv": "[[ 5.30268609 -3.64889213  1.96726971 -0.60918012 -0.28319536  3.5040693 ]\n [-3.64889213  9.96921779 -8.69921089  2.55411699  0.99357225 -3.57996821]\n [ 1.96726971 -8.69921089  9.0648216  -2.29310228 -2.10064667  1.45737935]\n [-0.60918012  2.55411699 -2.29310228  0.97948518  0.41044414  0.11822511]\n [-0.28319536  0.99357225 -2.10064667  0.41044414  2.27662625  1.34234242]\n [ 3.5040693  -3.57996821  1.45737935  0.11822511  1.34234242  6.05954273]]", "nfev": "476", "njev": "68", "status": "0", "success": "True", "message": "Optimization terminated successfully.", "x": "[5.59722044 2.04408752 3.34021003 4.04977922 5.04425642 4.7195365 ]", "nit": "38", "callback": [0.5618923599363044, 0.5214211899208686, 0.46871962525120725, 0.4592065405571609, 0.4493294077577471, 0.44036299443609417, 0.438705180659381, 0.4361571663663495, 0.43199235586469364, 0.424546305573682, 0.4145371756306031, 0.40406186888803886, 0.386604559650888, 0.35956552444743295, 0.3265521078457465, 0.2801684927016068, 0.24785644868074874, 0.2046018674383604, 0.19877854992952715, 0.19187103347026802, 0.19099635888649003, 0.1901513160361099, 0.18945579217157427, 0.1892751604427818, 0.18921835301809287, 0.1891809824313606, 0.18911503983868072, 0.18901054166915543, 0.18893235348045612, 0.18891990479895593, 0.18891653463608604, 0.18891652081173327, 0.18891652019051364, 0.18891652016150595, 0.18891652014531157, 0.18891652014530536, 0.18891652014530225, 0.18891652014530225]}, "8": {"maxiter": 500, "gtol": 1e-05, "xrtol": 1e-05, "eps": 1e-05, "duration": 0.05670499801635742, "fun": "0.18891652051406183", "jac": "[ 2.06983319e-06  6.70753453e-06  2.23339125e-06  6.46449561e-07\n -5.99265082e-06  9.44097023e-06]", "hess_inv": "[[ 8.99387689 -5.16782441  4.19979086 -2.41613777  2.88342509  9.936846  ]\n [-5.16782441 12.33607351 -9.05816954  2.00214275  1.12401201 -6.20426835]\n [ 4.19979086 -9.05816954 11.59814846 -4.27219698  0.51607243  4.06791332]\n [-2.41613777  2.00214275 -4.27219698  4.88556769 -1.34180724 -2.54987751]\n [ 2.88342509  1.12401201  0.51607243 -1.34180724  6.36482238  6.18997899]\n [ 9.936846   -6.20426835  4.06791332 -2.54987751  6.18997899 18.11317957]]", "nfev": "238", "njev": "34", "status"