{"date": "2024/09/24/, 22:41:14", "conf_id": 68, "data_type": "random\n", "num_data_points": 4, "s_rank": 0, "unitary": "[[-0.53618537-0.34368723j,-0.12107031-0.46226139j,-0.07699282-0.46603512j,0.36022595-0.11472301j],[0.26026499-0.63450712j,-0.56616638+0.37832564j,-0.14988651+0.08458591j,0.10363514-0.16008501j],[-0.32580188-0.11070003j,-0.36476308-0.23593218j,0.02559343+0.41761608j,-0.25598305+0.6725303j],[0.07406738-0.0126433j,0.28513701+0.19483972j,-0.74939717-0.10299659j,0.29798249+0.46269921j]]", "databatch_0": {"databatch": "[[[0.00168472+1.57746341e-02j,-0.03547071-4.73731558e-05j,-0.0286085-1.30967773e-02j,-0.02468425-4.40980933e-02j],[0.03369475-2.09687405e-02j,0.1691507+1.78338272e-02j,-0.1985626-9.48923856e-02j,0.01820881-3.39177807e-01j],[-0.00124887-1.18898080e-01j,0.30361565-4.97279131e-02j,0.04861827+1.08273208e-01j,0.03737961+1.07324449e-01j],[0.23278762+9.84405711e-02j,-0.13103394+7.36928543e-01j,-0.10120206-1.22525922e-01j,0.07188355+1.01509816e-01j]],[[-0.05415085-6.80257821e-03j,0.05859324+8.35077879e-02j,0.00081428+1.72187892e-02j,-0.0841458+8.73633898e-03j],[-0.33212912-2.42636588e-01j,-0.12372923+3.80807933e-01j,-0.29308831-4.00695963e-02j,0.11813486-1.20423370e-01j],[0.20255813+2.43764683e-02j,-0.230375-1.16869362e-01j,0.05086909+4.98090438e-02j,0.074107-2.45936645e-01j],[0.22247003-4.22482580e-02j,-0.06620522+1.17102965e-01j,0.24497295+6.23625637e-02j,-0.43704686-1.73221331e-01j]],[[0.0331455-2.57427880e-01j,-0.15078104-1.11519844e-01j,0.11458335-1.79171242e-01j,-0.0245216+1.71533251e-01j],[-0.1739638-2.35130931e-01j,0.14651569+2.71259615e-01j,-0.23229852+8.11856982e-02j,-0.15867825-1.22953888e-01j],[-0.15278853+3.71232536e-01j,0.17833242+1.50779963e-02j,-0.06358967+2.07172275e-01j,0.06907811-5.74559086e-02j],[-0.13477645-1.03572044e-02j,0.00553451-3.09865131e-01j,0.23874288-2.77799428e-02j,-0.03371119+3.45405928e-01j]],[[0.30584575-9.77010557e-02j,-0.12782642+9.41844177e-02j,0.00546942+6.37972924e-02j,0.0183576+5.41994786e-02j],[0.34736807-2.61250058e-01j,0.24167661-6.28381571e-02j,0.03225873-3.46261958e-01j,0.37476112-5.74644642e-02j],[0.15413738-3.34935010e-01j,-0.03224984+2.34691256e-01j,0.09506489+8.39289484e-02j,0.04001519+6.54519306e-02j],[0.1068624-3.29567862e-01j,-0.01659591+7.64456302e-02j,-0.0282973+9.61081638e-05j,0.06232499-5.91955394e-02j]]]", "initial param values": "[0.26898604,1.85165337,0.46701055,2.02628077,0.30925216,5.32558701]", "nelder_mead": {"type": "gradient-free", "0": {"maxiter": 100, "fatol": 1e-05, "xatol": 1e-05, "duration": 0.03701186180114746, "fun": "0.6116735881022362", "nit": "100", "nfev": "155", "status": "2", "success": "False", "message": "Maximum number of iterations has been exceeded.", "x": "[ 3.46786856e-01 -5.57229573e-01  1.27303697e+00  2.43748977e+00\n  3.06826760e-03  6.81712689e+00]", "final_simplex": "(array([[ 3.46786856e-01, -5.57229573e-01,  1.27303697e+00,\n         2.43748977e+00,  3.06826760e-03,  6.81712689e+00],\n       [ 3.39024572e-01, -4.84430645e-01,  1.29719654e+00,\n         2.56368316e+00, -2.21395180e-02,  6.99368804e+00],\n       [ 3.25315311e-01, -3.96676606e-01,  1.31904242e+00,\n         2.57032930e+00, -2.35579871e-02,  7.07791803e+00],\n       [ 3.32610217e-01, -9.77896440e-04,  9.86833455e-01,\n         2.53993736e+00,  8.18177541e-02,  6.89495701e+00],\n       [ 3.40092386e-01, -1.75156524e-01,  1.01358088e+00,\n         2.67744076e+00,  6.31393814e-02,  6.94464458e+00],\n       [ 3.41351792e-01, -3.48659707e-02,  9.19378496e-01,\n         2.56632668e+00,  1.08498055e-01,  6.99161939e+00],\n       [ 3.48976816e-01, -1.90163988e-02,  8.71638813e-01,\n         2.57511703e+00,  1.27500540e-01,  7.00278632e+00]]), array([0.61167359, 0.61793876, 0.62108724, 0.62512749, 0.6285338 ,\n       0.62944554, 0.63201445]))", "callback": [0.8408190403759687, 0.7395038642609502, 0.7163048277623977, 0.6625214358874759, 0.6468529915028649, 0.6456036256174005, 0.6445079195445604, 0.64292483435908, 0.6399216141986463, 0.6360141342858869]}, "1": {"maxiter": 100, "fatol": 1e-05, "xatol": 1e-10, "duration": 0.035147666931152344, "fun": "0.6116735881022362", "nit": "100", "nfev": "155", "status": "2", "success": "False", "message": "Maximum number of iterations has been exceeded.", "x": "[ 3.46786856e-01 -5.57229573e-01  1.27303697e+00  2.43748977e+00\n  3.06826760e-03  6.81712689e+00]", "final_simplex": "(array([[ 3.46786856e-01, -5.57229573e-01,  1.27303697e+00,\n         2.43748977e+00,  3.06826760e-03,  6.81712689e+00],\n       [ 3.39024572e-01, -4.84430645e-01,  1.29719654e+00,\n         2.56368316e+00, -2.21395180e-02,  6.99368804e+00],\n       [ 3.25315311e-01, -3.96676606e-01,  1.31904242e+00,\n         2.57032930e+00, -2.35579871e-02,  7.07791803e+00],\n       [ 3.32610217e-01, -9.77896440e-04,  9.86833455e-01,\n         2.53993736e+00,  8.18177541e-02,  6.89495701e+00],\n       [ 3.40092386e-01, -1.75156524e-01,  1.01358088e+00,\n         2.67744076e+00,  6.31393814e-02,  6.94464458e+00],\n       [ 3.41351792e-01, -3.48659707e-02,  9.19378496e-01,\n         2.56632668e+00,  1.08498055e-01,  6.99161939e+00],\n       [ 3.48976816e-01, -1.90163988e-02,  8.71638813e-01,\n         2.57511703e+00,  1.27500540e-01,  7.00278632e+00]]), array([0.61167359, 0.61793876, 0.62108724, 0.62512749, 0.6285338 ,\n       0.62944554, 0.63201445]))", "callback": [0.8408190403759687, 0.7395038642609502, 0.7163048277623977, 0.6625214358874759, 0.6468529915028649, 0.6456036256174005, 0.6445079195445604, 0.64292483435908, 0.6399216141986463, 0.6360141342858869]}, "2": {"maxiter": 100, "fatol": 1e-10, "xatol": 1e-05, "duration": 0.03482389450073242, "fun": "0.6116735881022362", "nit": "100", "nfev": "155", "status": "2", "success": "False", "message": "Maximum number of iterations has been exceeded.", "x": "[ 3.46786856e-01 -5.57229573e-01  1.27303697e+00  2.43748977e+00\n  3.06826760e-03  6.81712689e+00]", "final_simplex": "(array([[ 3.46786856e-01, -5.57229573e-01,  1.27303697e+00,\n         2.43748977e+00,  3.06826760e-03,  6.81712689e+00],\n       [ 3.39024572e-01, -4.84430645e-01,  1.29719654e+00,\n         2.56368316e+00, -2.21395180e-02,  6.99368804e+00],\n       [ 3.25315311e-01, -3.96676606e-01,  1.31904242e+00,\n         2.57032930e+00, -2.35579871e-02,  7.07791803e+00],\n       [ 3.32610217e-01, -9.77896440e-04,  9.86833455e-01,\n         2.53993736e+00,  8.18177541e-02,  6.89495701e+00],\n       [ 3.40092386e-01, -1.75156524e-01,  1.01358088e+00,\n         2.67744076e+00,  6.31393814e-02,  6.94464458e+00],\n       [ 3.41351792e-01, -3.48659707e-02,  9.19378496e-01,\n         2.56632668e+00,  1.08498055e-01,  6.99161939e+00],\n       [ 3.48976816e-01, -1.90163988e-02,  8.71638813e-01,\n         2.57511703e+00,  1.27500540e-01,  7.00278632e+00]]), array([0.61167359, 0.61793876, 0.62108724, 0.62512749, 0.6285338 ,\n       0.62944554, 0.63201445]))", "callback": [0.8408190403759687, 0.7395038642609502, 0.7163048277623977, 0.6625214358874759, 0.6468529915028649, 0.6456036256174005, 0.6445079195445604, 0.64292483435908, 0.6399216141986463, 0.6360141342858869]}, "3": {"maxiter": 100, "fatol": 1e-10, "xatol": 1e-10, "duration": 0.035555124282836914, "fun": "0.6116735881022362", "nit": "100", "nfev": "155", "status": "2", "success": "False", "message": "Maximum number of iterations has been exceeded.", "x": "[ 3.46786856e-01 -5.57229573e-01  1.27303697e+00  2.43748977e+00\n  3.06826760e-03  6.81712689e+00]", "final_simplex": "(array([[ 3.46786856e-01, -5.57229573e-01,  1.27303697e+00,\n         2.43748977e+00,  3.06826760e-03,  6.81712689e+00],\n       [ 3.39024572e-01, -4.84430645e-01,  1.29719654e+00,\n         2.56368316e+00, -2.21395180e-02,  6.99368804e+00],\n       [ 3.25315311e-01, -3.96676606e-01,  1.31904242e+00,\n         2.57032930e+00, -2.35579871e-02,  7.07791803e+00],\n       [ 3.32610217e-01, -9.77896440e-04,  9.86833455e-01,\n         2.53993736e+00,  8.18177541e-02,  6.89495701e+00],\n       [ 3.40092386e-01, -1.75156524e-01,  1.01358088e+00,\n         2.67744076e+00,  6.31393814e-02,  6.94464458e+00],\n       [ 3.41351792e-01, -3.48659707e-02,  9.19378496e-01,\n         2.56632668e+00,  1.08498055e-01,  6.99161939e+00],\n       [ 3.48976816e-01, -1.90163988e-02,  8.71638813e-01,\n         2.57511703e+00,  1.27500540e-01,  7.00278632e+00]]), array([0.61167359, 0.61793876, 0.62108724, 0.62512749, 0.6285338 ,\n       0.62944554, 0.63201445]))", "callback": [0.8408190403759687, 0.7395038642609502, 0.7163048277623977, 0.6625214358874759, 0.6468529915028649, 0.6456036256174005, 0.6445079195445604, 0.64292483435908, 0.6399216141986463, 0.6360141342858869]}, "4": {"maxiter": 500, "fatol": 1e-05, "xatol": 1e-05, "duration": 0.1755390167236328, "fun": "0.371885603991679", "nit": "500", "nfev": "777", "status": "2", "success": "False", "message": "Maximum number of iterations has been exceeded.", "x": "[ 1.51892688 -2.97940179  4.06371834  1.5784326  -1.36835695  5.22799392]", "final_simplex": "(array([[ 1.51892688, -2.97940179,  4.06371834,  1.5784326 , -1.36835695,\n         5.22799392],\n       [ 1.51894192, -2.9794142 ,  4.06371369,  1.57842645, -1.36835973,\n         5.22797546],\n       [ 1.51892462, -2.97942475,  4.06371938,  1.57842589, -1.36836577,\n         5.22799091],\n       [ 1.51893244, -2.9794055 ,  4.06371891,  1.57842997, -1.36834054,\n         5.22800362],\n       [ 1.51892763, -2.97940388,  4.06373517,  1.57841422, -1.36834254,\n         5.22798338],\n       [ 1.51894459, -2.97940307,  4.0637456 ,  1.57842274, -1.36836438,\n         5.22798178],\n       [ 1.51893383, -2.97940543,  4.06371081,  1.57840962, -1.36835453,\n         5.22799257]]), array([0.3718856, 0.3718856, 0.3718856, 0.3718856, 0.3718856, 0.3718856,\n       0.3718856]))", "callback": [0.8408190403759687, 0.7395038642609502, 0.7163048277623977, 0.6625214358874759, 0.6468529915028649, 0.6456036256174005, 0.6445079195445604, 0.64292483435908, 0.6399216141986463, 0.6360141342858869, 0.5969685989485232, 0.5078909033292189, 0.4966366151909499, 0.49528668524519437, 0.49521329562286476, 0.4949789737566893, 0.494883204632652, 0.4944675345807509, 0.4933325877438013, 0.48968571367912783, 0.4872477752755968, 0.4827027706848689, 0.46835345045141563, 0.429091751565402, 0.3879096000924366, 0.3798044458154928, 0.37528396947589515, 0.3734758906865395, 0.3722515495462625, 0.37207087399933025, 0.37201159635663683, 0.3719964509826059, 0.3719904021281003, 0.3719872059551309, 0.37198408508472236, 0.3719683666445872, 0.37192713350587703, 0.3718958654536648, 0.37189121723365826, 0.3718875561670364, 0.37188637204821595, 0.3718859515763153, 0.3718857823235533, 0.3718856674614085, 0.37188562053789465, 0.3718856095898647, 0.3718856061808018, 0.3718856043601739, 0.37188560411775784, 0.37188560403588633]}, "5": {"maxiter": 500, "fatol": 1e-05, "xatol": 1e-10, "duration": 0.18280696868896484, "fun": "0.371885603991679", "nit": "500", "nfev": "777", "status": "2", "success": "False", "message": "Maximum number of iterations has been exceeded.", "x": "[ 1.51892688 -2.97940179  4.06371834  1.5784326  -1.36835695  5.22799392]", "final_simplex": "(array([[ 1.51892688, -2.97940179,  4.06371834,  1.5784326 , -1.36835695,\n         5.22799392],\n       [ 1.51894192, -2.9794142 ,  4.06371369,  1.57842645, -1.36835973,\n         5.22797546],\n       [ 1.51892462, -2.97942475,  4.06371938,  1.57842589, -1.36836577,\n         5.22799091],\n       [ 1.51893244, -2.9794055 ,  4.06371891,  1.57842997, -1.36834054,\n         5.22800362],\n       [ 1.51892763, -2.97940388,  4.06373517,  1.57841422, -1.36834254,\n         5.22798338],\n       [ 1.51894459, -2.97940307,  4.0637456 ,  1.57842274, -1.36836438,\n         5.22798178],\n       [ 1.51893383, -2.97940543,  4.06371081,  1.57840962, -1.36835453,\n         5.22799257]]), array([0.3718856, 0.3718856, 0.3718856, 0.3718856, 0.3718856, 0.3718856,\n       0.3718856]))", "callback": [0.8408190403759687, 0.7395038642609502, 0.7163048277623977, 0.6625214358874759, 0.6468529915028649, 0.6456036256174005, 0.6445079195445604, 0.64292483435908, 0.6399216141986463, 0.6360141342858869, 0.5969685989485232, 0.5078909033292189, 0.4966366151909499, 0.49528668524519437, 0.49521329562286476, 0.4949789737566893, 0.494883204632652, 0.4944675345807509, 0.4933325877438013, 0.48968571367912783, 0.4872477752755968, 0.4827027706848689, 0.46835345045141563, 0.429091751565402, 0.3879096000924366, 0.3798044458154928, 0.37528396947589515, 0.3734758906865395, 0.3722515495462625, 0.37207087399933025, 0.37201159635663683, 0.3719964509826059, 0.3719904021281003, 0.3719872059551309, 0.37198408508472236, 0.3719683666445872, 0.37192713350587703, 0.3718958654536648, 0.37189121723365826, 0.3718875561670364, 0.37188637204821595, 0.3718859515763153, 0.3718857823235533, 0.3718856674614085, 0.37188562053789465, 0.3718856095898647, 0.3718856061808018, 0.3718856043601739, 0.37188560411775784, 0.37188560403588633]}, "6": {"maxiter": 500, "fatol": 1e-10, "xatol": 1e-05, "duration": 0.19310402870178223, "fun": "0.371885603991679", "nit": "500", "nfev": "777", "status": "2", "success": "False", "message": "Maximum number of iterations has been exceeded.", "x": "[ 1.51892688 -2.97940179  4.06371834  1.5784326  -1.36835695  5.22799392]", "final_simplex": "(array([[ 1.51892688, -2.97940179,  4.06371834,  1.5784326 , -1.36835695,\n         5.22799392],\n       [ 1.51894192, -2.9794142 ,  4.06371369,  1.57842645, -1.36835973,\n         5.22797546],\n       [ 1.51892462, -2.97942475,  4.06371938,  1.57842589, -1.36836577,\n         5.22799091],\n       [ 1.51893244, -2.9794055 ,  4.06371891,  1.57842997, -1.36834054,\n         5.22800362],\n       [ 1.51892763, -2.97940388,  4.06373517,  1.57841422, -1.36834254,\n         5.22798338],\n       [ 1.51894459, -2.97940307,  4.0637456 ,  1.57842274, -1.36836438,\n         5.22798178],\n       [ 1.51893383, -2.97940543,  4.06371081,  1.57840962, -1.36835453,\n         5.22799257]]), array([0.3718856, 0.3718856, 0.3718856, 0.3718856, 0.3718856, 0.3718856,\n       0.3718856]))", "callback": [0.8408190403759687, 0.7395038642609502, 0.7163048277623977, 0.6625214358874759, 0.6468529915028649, 0.6456036256174005, 0.6445079195445604, 0.64292483435908, 0.6399216141986463, 0.6360141342858869, 0.5969685989485232, 0.5078909033292189, 0.4966366151909499, 0.49528668524519437, 0.49521329562286476, 0.4949789737566893, 0.494883204632652, 0.4944675345807509, 0.4933325877438013, 0.48968571367912783, 0.4872477752755968, 0.4827027706848689, 0.46835345045141563, 0.429091751565402, 0.3879096000924366, 0.3798044458154928, 0.37528396947589515, 0.3734758906865395, 0.3722515495462625, 0.37207087399933025, 0.37201159635663683, 0.3719964509826059, 0.3719904021281003, 0.3719872059551309, 0.37198408508472236, 0.3719683666445872, 0.37192713350587703, 0.3718958654536648, 0.37189121723365826, 0.3718875561670364, 0.37188637204821595, 0.3718859515763153, 0.3718857823235533, 0.3718856674614085, 0.37188562053789465, 0.3718856095898647, 0.3718856061808018, 0.3718856043601739, 0.37188560411775784, 0.37188560403588633]}, "7": {"maxiter": 500, "fatol": 1e-10, "xatol": 1e-10, "duration": 0.18339204788208008, "fun": "0.371885603991679", "nit": "500", "nfev": "777", "status": "2", "success": "False", "message": "Maximum number of iterations has been exceeded.", "x": "[ 1.51892688 -2.97940179  4.06371834  1.5784326  -1.36835695  5.22799392]", "final_simplex": "(array([[ 1.51892688, -2.97940179,  4.06371834,  1.5784326 , -1.36835695,\n         5.22799392],\n       [ 1.51894192, -2.9794142 ,  4.06371369,  1.57842645, -1.36835973,\n         5.22797546],\n       [ 1.51892462, -2.97942475,  4.06371938,  1.57842589, -1.36836577,\n         5.22799091],\n       [ 1.51893244, -2.9794055 ,  4.06371891,  1.57842997, -1.36834054,\n         5.22800362],\n       [ 1.51892763, -2.97940388,  4.06373517,  1.57841422, -1.36834254,\n         5.22798338],\n       [ 1.51894459, -2.97940307,  4.0637456 ,  1.57842274, -1.36836438,\n         5.22798178],\n       [ 1.51893383, -2.97940543,  4.06371081,  1.57840962, -1.36835453,\n         5.22799257]]), array([0.3718856, 0.3718856, 0.3718856, 0.3718856, 0.3718856, 0.3718856,\n       0.3718856]))", "callback": [0.8408190403759687, 0.7395038642609502, 0.7163048277623977, 0.6625214358874759, 0.6468529915028649, 0.6456036256174005, 0.6445079195445604, 0.64292483435908, 0.6399216141986463, 0.6360141342858869, 0.5969685989485232, 0.5078909033292189, 0.4966366151909499, 0.49528668524519437, 0.49521329562286476, 0.4949789737566893, 0.494883204632652, 0.4944675345807509, 0.4933325877438013, 0.48968571367912783, 0.4872477752755968, 0.4827027706848689, 0.46835345045141563, 0.429091751565402, 0.3879096000924366, 0.3798044458154928, 0.37528396947589515, 0.3734758906865395, 0.3722515495462625, 0.37207087399933025, 0.37201159635663683, 0.3719964509826059, 0.3719904021281003, 0.3719872059551309, 0.37198408508472236, 0.3719683666445872, 0.37192713350587703, 0.3718958654536648, 0.37189121723365826, 0.3718875561670364, 0.37188637204821595, 0.3718859515763153, 0.3718857823235533, 0.3718856674614085, 0.37188562053789465, 0.3718856095898647, 0.3718856061808018, 0.3718856043601739, 0.37188560411775784, 0.37188560403588633]}, "8": {"maxiter": 1000, "fatol": 1e-05, "xatol": 1e-05, "duration": 0.18602514266967773, "fun": "0.3718856039693018", "nit": "510", "nfev": "795", "status": "0", "success": "True", "message": "Optimization terminated successfully.", "x": "[ 1.51893172 -2.9794085   4.06372644  1.57842328 -1.36835393  5.22798623]", "final_simplex": "(array([[ 1.51893172, -2.9794085 ,  4.06372644,  1.57842328, -1.36835393,\n         5.22798623],\n       [ 1.51893011, -2.97940549,  4.06372067,  1.57842788, -1.36835594,\n         5.22799116],\n       [ 1.5189368 , -2.97941094,  4.06371835,  1.5784254 , -1.3683573 ,\n         5.22798285],\n       [ 1.51892921, -2.97941606,  4.06372061,  1.57842523, -1.36836028,\n         5.22798942],\n       [ 1.518933  , -2.97941096,  4.06372948,  1.57842434, -1.36836336,\n         5.22797877],\n       [ 1.51893787, -2.97940631,  4.06373309,  1.57842358, -1.36835888,\n         5.22798569],\n       [ 1.51893214, -2.9794107 ,  4.06372891,  1.57843232, -1.3683555 ,\n         5.2279867 ]]), array([0.3718856, 0.3718856, 0.3718856, 0.3718856, 0.3718856, 0.3718856,\n       0.3718856]))", "callback": [0.8408190403759687, 0.7395038642609502, 0.7163048277623977, 0.6625214358874759, 0.6468529915028649, 0.6456036256174005, 0.6445079195445604, 0.64292483435908, 0.6399216141986463, 0.6360141342858869, 0.5969685989485232, 0.5078909033292189, 0.4966366151909499, 0.49528668524519437, 0.49521329562286476, 0.4949789737566893, 0.494883204632652, 0.4944675345807509, 0.4933325877438013, 0.48968571367912783, 0.4872477752755968, 0.4827027706848689, 0.46835345045141563, 0.429091751565402, 0.3879096000924366, 0.3798044458154928, 0.37528396947589515, 0.3734758906865395, 0.3722515495462625, 0.37207087399933025, 0.37201159635663683, 0.3719964509826059, 0.3719904021281003, 0.3719872059551309, 0.37198408508472236, 0.3719683666445872, 0.37192713350587703, 0.3718958654536648, 0.37189121723365826, 0.3718875561670364, 0.37188637204821595, 0.3718859515763153, 0.3718857823235533, 0.3718856674614085, 0.37188562053789465, 0.3718856095898647, 0.3718856061808018, 0.3718856043601739, 0.37188560411775784, 0.37188560403588633, 0.37188560397872095]}, "9": {"maxiter": 1000, "fatol": 1e-05, "xatol": 1e-10, "duration": 0.2571399211883545, "fun": "0.37188560396643766", "nit": "604", "nfev": "1011", "status": "0", "success": "True", "message": "Optimization terminated successfully.", "x": "[ 1.51893312 -2.97940925  4.06372425  1.57842488 -1.36835748  5.22798608]", "final_simplex": "(array([[ 1.51893312, -2.97940925,  4.06372425,  1.57842488, -1.36835748,\n         5.22798608],\n       [ 1.51893312, -2.97940925,  4.06372425,  1.57842488, -1.36835748,\n         5.22798608],\n       [ 1.51893312, -2.97940925,  4.06372425,  1.57842488, -1.36835748,\n         5.22798608],\n       [ 1.51893312, -2.97940925,  4.06372425,  1.57842488, -1.36835748,\n         5.22798608],\n       [ 1.51893312, -2.97940925,  4.06372425,  1.57842488, -1.36835748,\n         5.22798608],\n       [ 1.51893312, -2.97940925,  4.06372425,  1.57842488, -1.36835748,\n         5.22798608],\n       [ 1.51893312, -2.97940925,  4.06372425,  1.57842488, -1.36835748,\n         5.22798608]]), array([0.3718856, 0.3718856, 0.3718856, 0.3718856, 0.3718856, 0.3718856,\n       0.3718856]))", "callback": [0.8408190403759687, 0.7395038642609502, 0.7163048277623977, 0.6625214358874759, 0.6468529915028649, 0.6456036256174005, 0.6445079195445604, 0.64292483435908, 0.6399216141986463, 0.6360141342858869, 0.5969685989485232, 0.5078909033292189, 0.4966366151909499, 0.49528668524519437, 0.49521329562286476, 0.4949789737566893, 0.494883204632652, 0.4944675345807509, 0.4933325877438013, 0.48968571367912783, 0.4872477752755968, 0.4827027706848689, 0.46835345045141563, 0.429091751565402, 0.3879096000924366, 0.3798044458154928, 0.37528396947589515, 0.3734758906865395, 0.3722515495462625, 0.37207087399933025, 0.37201159635663683, 0.3719964509826059, 0.3719904021281003, 0.3719872059551309, 0.37198408508472236, 0.3719683666445872, 0.37192713350587703, 0.3718958654536648, 0.37189121723365826, 0.3718875561670364, 0.37188637204821595, 0.3718859515763153, 0.3718857823235533, 0.3718856674614085, 0.37188562053789465, 0.3718856095898647, 0.3718856061808018, 0.3718856043601739, 0.37188560411775784, 0.37188560403588633, 0.37188560397872095, 0.371885603968493, 0.3718856039670153, 0.3718856039665156, 0.37188560396645165, 0.37188560396644166, 0.37188560396643944, 0.371885603966438, 0.37188560396643777, 0.37188560396643766, 0.37188560396643766]}, "10": {"maxiter": 1000, "fatol": 1e-10, "xatol": 1e-05, "duration": 0.18952488899230957, "fun": "0.3718856039693018", "nit": "510", "nfev": "795", "status": "0", "success": "True", "message": "Optimization terminated successfully.", "x": "[ 1.51893172 -2.9794085   4.06372644  1.57842328 -1.36835393  5.22798623]", "final_simplex": "(array([[ 1.51893172, -2.9794085 ,  4.06372644,  1.57842328, -1.36835393,\n         5.22798623],\n       [ 1.51893011, -2.97940549,  4.06372067,  1.57842788, -1.36835594,\n         5.22799116],\n       [ 1.5189368 , -2.97941094,  4.06371835,  1.5784254 , -1.3683573 ,\n         5.22798285],\n       [ 1.51892921, -2.97941606,  4.06372061,  1.57842523, -1.36836028,\n         5.22798942],\n       [ 1.518933  , -2.97941096,  4.06372948,  1.57842434, -1.36836336,\n         5.22797877],\n       [ 1.51893787, -2.97940631,  4.06373309,  1.57842358, -1.36835888,\n         5.22798569],\n       [ 1.51893214, -2.9794107 ,  4.06372891,  1.57843232, -1.3683555 ,\n         5.2279867 ]]), array([0.3718856, 0.3718856, 0.3718856, 0.3718856, 0.3718856, 0.3718856,\n       0.3718856]))", "callback": [0.8408190403759687, 0.7395038642609502, 0.7163048277623977, 0.6625214358874759, 0.6468529915028649, 0.6456036256174005, 0.6445079195445604, 0.64292483435908, 0.6399216141986463, 0.6360141342858869, 0.5969685989485232, 0.5078909033292189, 0.4966366151909499, 0.49528668524519437, 0.49521329562286476, 0.4949789737566893, 0.494883204632652, 0.4944675345807509, 0.4933325877438013, 0.48968571367912783, 0.4872477752755968, 0.4827027706848689, 0.46835345045141563, 0.429091751565402, 0.3879096000924366, 0.3798044458154928, 0.37528396947589515, 0.3734758906865395, 0.3722515495462625, 0.37207087399933025, 0.37201159635663683, 0.3719964509826059, 0.3719904021281003, 0.3719872059551309, 0.37198408508472236, 0.3719683666445872, 0.37192713350587703, 0.3718958654536648, 0.37189121723365826, 0.3718875561670364, 0.37188637204821595, 0.3718859515763153, 0.3718857823235533, 0.3718856674614085, 0.37188562053789465, 0.3718856095898647, 0.3718856061808018, 0.3718856043601739, 0.37188560411775784, 0.37188560403588633, 0.37188560397872095]}, "11": {"maxiter": 1000, "fatol": 1e-10, "xatol": 1e-10, "duration": 0.22949910163879395, "fun": "0.37188560396643766", "nit": "604", "nfev": "1011", "status": "0", "success": "True", "message": "Optimization terminated successfully.", "x": "[ 1.51893312 -2.97940925  4.06372425  1.57842488 -1.36835748  5.22798608]", "final_simplex": "(array([[ 1.51893312, -2.97940925,  4.06372425,  1.57842488, -1.36835748,\n         5.22798608],\n       [ 1.51893312, -2.97940925,  4.06372425,  1.57842488, -1.36835748,\n         5.22798608],\n       [ 1.51893312, -2.97940925,  4.06372425,  1.57842488, -1.36835748,\n         5.22798608],\n       [ 1.51893312, -2.97940925,  4.06372425,  1.57842488, -1.36835748,\n         5.22798608],\n       [ 1.51893312, -2.97940925,  4.06372425,  1.57842488, -1.36835748,\n         5.22798608],\n       [ 1.51893312, -2.97940925,  4.06372425,  1.57842488, -1.36835748,\n         5.22798608],\n       [ 1.51893312, -2.97940925,  4.06372425,  1.57842488, -1.36835748,\n         5.22798608]]), array([0.3718856, 0.3718856, 0.3718856, 0.3718856, 0.3718856, 0.3718856,\n       0.3718856]))", "callback": [0.8408190403759687, 0.7395038642609502, 0.7163048277623977, 0.6625214358874759, 0.6468529915028649, 0.6456036256174005, 0.6445079195445604, 0.64292483435908, 0.6399216141986463, 0.6360141342858869, 0.5969685989485232, 0.5078909033292189, 0.4966366151909499, 0.49528668524519437, 0.49521329562286476, 0.4949789737566893, 0.494883204632652, 0.4944675345807509, 0.4933325877438013, 0.48968571367912783, 0.4872477752755968, 0.4827027706848689, 0.46835345045141563, 0.429091751565402, 0.3879096000924366, 0.3798044458154928, 0.37528396947589515, 0.3734758906865395, 0.3722515495462625, 0.37207087399933025, 0.37201159635663683, 0.3719964509826059, 0.3719904021281003, 0.3719872059551309, 0.37198408508472236, 0.3719683666445872, 0.37192713350587703, 0.3718958654536648, 0.37189121723365826, 0.3718875561670364, 0.37188637204821595, 0.3718859515763153, 0.3718857823235533, 0.3718856674614085, 0.37188562053789465, 0.3718856095898647, 0.3718856061808018, 0.3718856043601739, 0.37188560411775784, 0.37188560403588633, 0.37188560397872095, 0.371885603968493, 0.3718856039670153, 0.3718856039665156, 0.37188560396645165, 0.37188560396644166, 0.37188560396643944, 0.371885603966438, 0.37188560396643777, 0.37188560396643766, 0.37188560396643766]}}, "bfgs": {"type": "gradient", "0": {"maxiter": 100, "gtol": 1e-05, "xrtol": 1e-05, "eps": 1e-05, "duration": 0.04022407531738281, "fun": "0.3718856040934114", "jac": "[ 6.04044592e-06  4.24312807e-06  5.16119369e-06 -3.18086668e-06\n  1.19436683e-06 -7.61990471e-07]", "hess_inv": "[[ 4.44008236 -0.81681562 -0.86615577  1.33966271  0.80154474  2.09920431]\n [-0.81681562  3.54015819 -0.39327053 -0.15880887 -0.05182922 -1.20353345]\n [-0.86615577 -0.39327053  3.48911489 -0.19153621 -0.83935196  0.4422912 ]\n [ 1.33966271 -0.15880887 -0.19153621  3.9294748  -0.06775678  0.82964318]\n [ 0.80154474 -0.05182922 -0.83935196 -0.06775678  4.4297693   1.23170319]\n [ 2.09920431 -1.20353345  0.4422912   0.82964318  1.23170319  7.06953129]]", "nfev": "175", "njev": "25", "status": "0", "success": "True", "message": "Optimization terminated successfully.", "x": "[-1.51891995  0.16219687  0.92214632  1.57840652 -1.36835692  5.2279783 ]", "nit": "21", "callback": [0.5212249648455998, 0.5107669874785388, 0.4936104547605158, 0.4762585863860359, 0.4668189023695817, 0.44964653646746466, 0.429102308052981, 0.4148633306783571, 0.39777251264439484, 0.39222637769754254, 0.38330315128001546, 0.3746643147909442, 0.3730649538434275, 0.3722141272188487, 0.3720673177516507, 0.3718976281233535, 0.37188610000600886, 0.3718856166852593, 0.371885608463169, 0.3718856053786148, 0.3718856040934114]}, "1": {"maxiter": 100, "gtol": 1e-05, "xrtol": 1e-05, "eps": 1e-10, "duration": 0.03988194465637207, "fun": "0.3718856041451519", "jac": "[ 4.44089173e-06  3.33066880e-06  2.22044587e-06 -7.77156053e-06\n  0.00000000e+00 -3.33066880e-06]", "hess_inv": "[[ 4.36599631 -0.64907301 -0.65179704  1.26604101  0.8148944   1.80880144]\n [-0.64907301  3.47197581 -0.47132218 -0.09239851 -0.06102168 -0.9957442 ]\n [-0.65179704 -0.47132218  3.47830765 -0.00733684 -1.01984783  0.70040155]\n [ 1.26604101 -0.09239851 -0.00733684  4.01768857 -0.31551665  0.69132224]\n [ 0.8148944  -0.06102168 -1.01984783 -0.31551665  4.46176221  1.11625473]\n [ 1.80880144 -0.9957442   0.70040155  0.69132224  1.11625473  6.46705278]]", "nfev": "175", "njev": "25", "status": "0", "success": "True", "message": "Optimization terminated successfully.", "x": "[-1.51891846  0.16220081  0.92214078  1.57839895 -1.36834935  5.22797668]", "nit": "21", "callback": [0.5212248580913592, 0.5107667892434707, 0.493610430046554, 0.4762594546760649, 0.46681991907772447, 0.4496482540132628, 0.4291071297902369, 0.41486785133662574, 0.3977739763163235, 0.392226535381325, 0.38330081321137155, 0.37467041814092017, 0.373072251618203, 0.37221464475929245, 0.3720674978914146, 0.37189813762121793, 0.3718861295859106, 0.37188561730363856, 0.3718856087231721, 0.3718856057335286, 0.3718856041451519]}, "2": {"maxiter": 100, "gtol": 1e-05, "xrtol": 1e-10, "eps": 1e-05, "duration": 0.041028738021850586, "fun": "0.3718856040934114", "jac": "[ 6.04044592e-06  4.24312807e-06  5.16119369e-06 -3.18086668e-06\n  1.19436683e-06 -7.61990471e-07]", "hess_inv": "[[ 4.44008236 -0.81681562 -0.86615577  1.33966271  0.80154474  2.09920431]\n [-0.81681562  3.54015819 -0.39327053 -0.15880887 -0.05182922 -1.20353345]\n [-0.86615577 -0.39327053  3.48911489 -0.19153621 -0.83935196  0.4422912 ]\n [ 1.33966271 -0.15880887 -0.19153621  3.9294748  -0.06775678  0.82964318]\n [ 0.80154474 -0.05182922 -0.83935196 -0.06775678  4.4297693   1.23170319]\n [ 2.09920431 -1.20353345  0.4422912   0.82964318  1.23170319  7.06953129]]", "nfev": "175", "njev": "25", "status": "0", "success": "True", "message": "Optimization terminated successfully.", "x": "[-1.51891995  0.16219687  0.92214632  1.57840652 -1.36835692  5.2279783 ]", "nit": "21", "callback": [0.5212249648455998, 0.5107669874785388, 0.4936104547605158, 0.4762585863860359, 0.4668189023695817, 0.44964653646746466, 0.429102308052981, 0.4148633306783571, 0.39777251264439484, 0.39222637769754254, 0.38330315128001546, 0.3746643147909442, 0.3730649538434275, 0.3722141272188487, 0.3720673177516507, 0.3718976281233535, 0.37188610000600886, 0.3718856166852593, 0.371885608463169, 0.3718856053786148, 0.3718856040934114]}, "3": {"maxiter": 100, "gtol": 1e-05, "xrtol": 1e-10, "eps": 1e-10, "duration": 0.041143178939819336, "fun": "0.3718856041451519", "jac": "[ 4.44089173e-06  3.33066880e-06  2.22044587e-06 -7.77156053e-06\n  0.00000000e+00 -3.33066880e-06]", "hess_inv": "[[ 4.36599631 -0.64907301 -0.65179704  1.26604101  0.8148944   1.80880144]\n [-0.64907301  3.47197581 -0.47132218 -0.09239851 -0.06102168 -0.9957442 ]\n [-0.65179704 -0.47132218  3.47830765 -0.00733684 -1.01984783  0.70040155]\n [ 1.26604101 -0.09239851 -0.00733684  4.01768857 -0.31551665  0.69132224]\n [ 0.8148944  -0.06102168 -1.01984783 -0.31551665  4.46176221  1.11625473]\n [ 1.80880144 -0.9957442   0.70040155  0.69132224  1.11625473  6.46705278]]", "nfev": "175", "njev": "25", "status": "0", "success": "True", "message": "Optimization terminated successfully.", "x": "[-1.51891846  0.16220081  0.92214078  1.57839895 -1.36834935  5.22797668]", "nit": "21", "callback": [0.5212248580913592, 0.5107667892434707, 0.493610430046554, 0.4762594546760649, 0.46681991907772447, 0.4496482540132628, 0.4291071297902369, 0.41486785133662574, 0.3977739763163235, 0.392226535381325, 0.38330081321137155, 0.37467041814092017, 0.373072251618203, 0.37221464475929245, 0.3720674978914146, 0.37189813762121793, 0.3718861295859106, 0.37188561730363856, 0.3718856087231721, 0.3718856057335286, 0.3718856041451519]}, "4": {"maxiter": 100, "gtol": 1e-10, "xrtol": 1e-05, "eps": 1e-05, "duration": 0.04183316230773926, "fun": "0.3718856039877163", "jac": "[ 6.39044373e-07  6.29407637e-07  8.74911255e-07 -7.57338636e-07\n  1.27300392e-06 -4.27280433e-07]", "hess_inv": "[[ 5.01444664 -0.48155738 -0.45243392  1.16038771  0.78210893  2.26362626]\n [-0.48155738  3.70924456 -0.15827167 -0.21228289 -0.17593862 -1.09273543]\n [-0.45243392 -0.15827167  3.78553989 -0.30818439 -0.8808676   0.56434372]\n [ 1.16038771 -0.21228289 -0.30818439  3.8870172   0.15519053  0.74981068]\n [ 0.78210893 -0.17593862 -0.8808676   0.15519053  3.95247501  1.28897245]\n [ 2.26362626 -1.09273543  0.56434372  0.74981068  1.28897245  7.10833974]]", "nfev": "182", "njev": "26", "status": "0", "success": "True", "message": "Optimization terminated successfully.", "x": "[-1.51894138  0.16218356  0.92213069  1.57841475 -1.36835959  5.22797261]", "nit": "22", "callback": [0.5212249648455998, 0.5107669874785388, 0.4936104547605158, 0.4762585863860359, 0.4668189023695817, 0.44964653646746466, 0.429102308052981, 0.4148633306783571, 0.39777251264439484, 0.39222637769754254, 0.38330315128001546, 0.3746643147909442, 0.3730649538434275, 0.3722141272188487, 0.3720673177516507, 0.3718976281233535, 0.37188610000600886, 0.3718856166852593, 0.371885608463169, 0.3718856053786148, 0.3718856040934114, 0.3718856039877163]}, "5": {"maxiter": 100, "gtol": 1e-10, "xrtol": 1e-05, "eps": 1e-10, "duration": 0.04088020324707031, "fun": "0.371885603999483", "jac": "[2.22044587e-06 1.11022293e-06 3.33066880e-06 2.22044587e-06\n 4.44089173e-06 1.11022293e-06]", "hess_inv": "[[ 4.38578294 -0.41553317 -0.61182106  0.7332015   0.78838235  1.42184648]\n [-0.41553317  3.7024296  -0.22948218 -0.29835061 -0.32863342 -1.11710459]\n [-0.61182106 -0.22948218  3.5381323  -0.52999171 -1.06928625  0.32341087]\n [ 0.7332015  -0.29835061 -0.52999171  3.7173303   0.28932365  0.40527561]\n [ 0.78838235 -0.32863342 -1.06928625  0.28932365  4.49647297  1.5549917 ]\n [ 1.42184648 -1.11710459  0.32341087  0.40527561  1.5549917   6.20968084]]", "nfev": "182", "njev": "26", "status": "0", "success": "True", "message": "Optimization terminated successfully.", "x": "[-1.51892476  0.16218479  0.92213336  1.5784281  -1.36834196  5.2279972 ]", "nit": "22", "callback": [0.5212248580913592, 0.5107667892434707, 0.493610430046554, 0.4762594546760649, 0.46681991907772447, 0.4496482540132628, 0.4291071297902369, 0.41486785133662574, 0.3977739763163235, 0.392226535381325, 0.38330081321137155, 0.37467041814092017, 0.373072251618203, 0.37221464475929245, 0.3720674978914146, 0.37189813762121793, 0.3718861295859106, 0.37188561730363856, 0.3718856087231721, 0.3718856057335286, 0.3718856041451519, 0.371885603999483]}, "6": {"maxiter": 100, "gtol": 1e-10, "xrtol": 1e-10, "eps": 1e-05, "duration": 0.09303998947143555, "fun": "0.3718856039872246", "jac": "[ 4.14857038e-07  4.17565982e-07  5.85520521e-07 -5.12323517e-07\n  8.79141204e-07 -2.98350233e-07]", "hess_inv": "[[ 4.933515   -0.41835581 -0.44973141  1.0158245   1.05496409  2.12215651]\n [-0.41835581  3.8776129  -0.04044464 -0.4343365   0.1444987  -1.21531751]\n [-0.44973141 -0.04044464  3.85098989 -0.48858174 -0.5928113   0.44165702]\n [ 1.0158245  -0.4343365  -0.48858174  4.14311417 -0.17378309  0.85696361]\n [ 1.05496409  0.1444987  -0.5928113  -0.17378309  4.31971202  1.1888121 ]\n [ 2.12215651 -1.21531751  0.44165702  0.85696361  1.1888121   7.10872859]]", "nfev": "417", "njev": "58", "status": "2", "success": "False", "message": "Desired error not necessarily achieved due to precision loss.", "x": "[-1.51894217  0.16218253  0.92212985  1.57841594 -1.36836128  5.22797291]", "nit": "24", "callback": [0.5212249648455998, 0.5107669874785388, 0.4936104547605158, 0.4762585863860359, 0.4668189023695817, 0.44964653646746466, 0.429102308052981, 0.4148633306783571, 0.39777251264439484, 0.39222637769754254, 0.38330315128001546, 0.3746643147909442, 0.3730649538434275, 0.3722141272188487, 0.3720673177516507, 0.3718976281233535, 0.37188610000600886, 0.3718856166852593, 0.371885608463169, 0.3718856053786148, 0.3718856040934114, 0.3718856039877163, 0.3718856039873133, 0.3718856039872246]}, "7": {"maxiter": 100, "gtol": 1e-10, "xrtol": 1e-10, "eps": 1e-10, "duration": 0.05381608009338379, "fun": "0.371885603971023", "jac": "[ 1.11022293e-06  1.11022293e-06  0.00000000e+00  0.00000000e+00\n  0.00000000e+00 -1.11022293e-06]", "hess_inv": "[[ 4.60203227 -0.54349545 -1.08449009  0.70697555  0.64254537  0.43940398]\n [-0.54349545  1.33066996 -0.80704543 -0.35639898  0.16722873 -0.14440823]\n [-1.08449009 -0.80704543  2.13247618  0.92453828 -0.97885657  0.48479547]\n [ 0.70697555 -0.35639898  0.92453828  0.93425383 -0.48079155  0.37456045]\n [ 0.64254537  0.16722873 -0.97885657 -0.48079155  4.04410858 -0.18079997]\n [ 0.43940398 -0.14440823  0.48479547  0.37456045 -0.18079997  0.53583464]]", "nfev": "238", "njev": "34", "status": "0", "success": "True", "message": "Optimization terminated successfully.", "x": "[-1.51893449  0.16218858  0.92213104  1.57842554 -1.36835839  5.22798696]", "nit": "27", "callback": [0.5212248580913592, 0.5107667892434707, 0.493610430046554, 0.4762594546760649, 0.46681991907772447, 0.4496482540132628, 0.4291071297902369, 0.41486785133662574, 0.3977739763163235, 0.392226535381325, 0.38330081321137155, 0.37467041814092017, 0.373072251618203, 0.37221464475929245, 0.3720674978914146, 0.37189813762121793, 0.3718861295859106, 0.37188561730363856, 0.3718856087231721, 0.3718856057335286, 0.3718856041451519, 0.371885603999483, 0.3718856039780658, 0.3718856039717051, 0.37188560397102455, 0.37188560397102377, 0.371885603971023]}, "8": {"maxiter": 500, "gtol": 1e-05, "xrtol": 1e-05, "eps": 1e-05, "duration": 0.03955268859863281, "fun": "0.3718856040934114", "jac": "[ 6.04044592e-06  4.24312807e-06  5.16119369e-06 -3.18086668e-06\n  1.19436683e-06 -7.61990471e-07]", "hess_inv": "[[ 4.44008236 -0.81681562 -0.86615577  1.33966271  0.80154474  2.09920431]\n [-0.81681562  3.54015819 -0.39327053 -0.15880887 -0.05182922 -1.20353345]\n [-0.86615577 -0.39327053  3.48911489 -0.19153621 -0.83935196  0.4422912 ]\n [ 1.33966271 -0.15880887 -0.19153621  3.9294748  -0.06775678  0.82964318]\n [ 0.80154474 -0.05182922 -0.83935196 -0.06775678  4.4297693   1.23170319]\n [ 2.09920431 -1.20353345  0.4422912   0.82964318  1.23170319  7.06953129]]", "nfev": "175", "njev": "25", "status": "0", "success": "True", "message": "Optimization terminated successfully.", "x": "[-1.51891995  0.16219687  0.92214632  1.57840652 -1.36835692  5.2279783 ]", "nit": "21", "callback": [0.5212249648455998, 0.5107669874785388, 0.4936104547605158, 0.4762585863860359, 0.4668189023695817, 0.44964653646746466, 0.429102308052981, 0.4148633306783571, 0.39777251264439484, 0.39222637769754254, 0.38330315128001546, 0.3746643147909442, 0.3730649538434275, 0.3722141272188487, 0.3720673177516507, 0.3718976281233535, 0.37188610000600886, 0.3718856166852593, 0.371885608463169, 0.3718856053786148, 0.3718856040934114]}, "9": {"maxiter": 500, "gtol": 1e-05, "xrtol": 1e-05, "eps": 1e-10, "duration": 0.03979206085205078, "fun": "0.3718856041451519", "jac": "[ 4.44089173e-06  3.33066880e-06  2.22044587e-06 -7.77156053e-06\n  0.00000000e+00 -3.33066880e-06]", "hess_inv": "[[ 4.36599631 -0.64907301 -0.65179704  1.26604101  0.8148944   1.80880144]\n [-0.64907301  3.47197581 -0.47132218 -0.09239851 -0.06102168 -0.9957442 ]\n [-0.65179704 -0.47132218  3.47830765 -0.00733684 -1.01984783  0.70040155]\n [ 1.26604101 -0.09239851 -0.00733684  4.01768857 -0.31551665  0.69132224]\n [ 0.8148944  -0.06102168 -1.01984783 -0.31551665  4.46176221  1.11625473]\n [ 1.80880144 -0.9957442   0.70040155  0.69132224  1.11625473  6.46705278]]", "nfev": "175", "njev": "25", "status": "0", "success": "True", "message": "Optimization terminated successfully.", "x": "[-1.51891846  0.16220081  0.92214078  1.57839895 -1.36834935  5.22797668]", "nit": "21", "callback": [0.5212248580913592, 0.5107667892434707, 0.493610430046554, 0.4762594546760649, 0.46681991907772447, 0.4496482540132628, 0.4291071297902369, 0.41486785133662574, 0.3977739763163235, 0.392226535381325, 0.38330081321137155, 0.37467041814092017, 0.373072251618203, 0.37221464475929245, 0.3720674978914146, 0.37189813762121793, 0.3718861295859106, 0.37188561730363856, 0.371885608