{"date": "2024/09/25/, 01:37:11", "conf_id": 102, "data_type": "orthogonal\n", "num_data_points": 2, "s_rank": 0, "unitary": "[[0.18663085-0.53122324j,-0.11886349-0.70040876j,0.28555095-0.02789305j,-0.12262021-0.2844587j],[-0.16702216+0.27758472j,0.27526351-0.29738586j,-0.01109314+0.22495461j,-0.77239203+0.28900673j],[0.61935415+0.12301792j,-0.31269928-0.03315917j,-0.61902762-0.19039079j,-0.27120731-0.0968989j],[0.42341754+0.0023929j,-0.05847358+0.47832119j,0.64900495-0.16218422j,-0.37182676-0.05229966j]]", "databatch_0": {"databatch": "[[[0.29776703+0.07469447j,-0.12203546+0.29687216j,0.05995832+0.25622019j,-0.15553885+0.39311477j],[0.25706918-0.07590959j,0.03990978+0.27739574j,0.15874606+0.16609444j,0.05740486+0.3646366j],[-0.17865623+0.0612838j,-0.03656077-0.19406437j,-0.11682322-0.11208364j,-0.05153925-0.25494669j],[0.02940499-0.09507272j,0.09395201+0.04471304j,0.08398824-0.01491j,0.12451656+0.05724723j]],[[-0.06764824+0.10190061j,-0.09526943-0.0853092j,-0.10420201-0.01155178j,-0.12696041-0.11068984j],[0.01968307-0.1047397j,0.10541541+0.03610663j,0.08753865-0.0261126j,0.13946373+0.04571234j],[-0.16141554-0.0542185j,0.08035767-0.1588674j,-0.022042-0.14428177j,0.10305823-0.21063322j],[-0.36079073+0.16182123j,-0.11321429-0.39762686j,-0.26492341-0.21141033j,-0.15604694-0.52170252j]]]", "initial param values": "[2.54775595,1.9093241,3.36942209,2.90181437,5.44138293,3.20096117]", "nelder_mead": {"type": "gradient-free", "0": {"maxiter": 100, "fatol": 1e-05, "xatol": 1e-05, "duration": 0.03700518608093262, "fun": "0.05646359838032455", "nit": "100", "nfev": "148", "status": "2", "success": "False", "message": "Maximum number of iterations has been exceeded.", "x": "[ 0.60663231  0.37912695  1.41057365  1.83868435 10.72911176  5.01136578]", "final_simplex": "(array([[ 0.60663231,  0.37912695,  1.41057365,  1.83868435, 10.72911176,\n         5.01136578],\n       [ 0.61276424,  0.44371162,  1.46669683,  1.88712126, 10.6349197 ,\n         4.95213168],\n       [ 0.63723173,  0.45167754,  1.45532976,  1.90503051, 10.60611578,\n         4.8992863 ],\n       [ 0.61682268,  0.41013128,  1.40747815,  1.86967918, 10.72250688,\n         4.96100761],\n       [ 0.55592053,  0.41588938,  1.48395399,  1.88023615, 10.76988724,\n         4.95310229],\n       [ 0.60739608,  0.44771208,  1.44373677,  1.86589666, 10.65261504,\n         4.97955689],\n       [ 0.6351134 ,  0.43725036,  1.47262555,  1.85560256, 10.68539458,\n         4.93186625]]), array([0.0564636 , 0.05661483, 0.05669745, 0.05692618, 0.0574954 ,\n       0.05767889, 0.05798261]))", "callback": [0.5137913490576116, 0.442595489295712, 0.41415575214358036, 0.3471380653367031, 0.2729543696648302, 0.23880280899155448, 0.14067711856650167, 0.06669002383368106, 0.06606381373025738, 0.05839389143214779]}, "1": {"maxiter": 100, "fatol": 1e-05, "xatol": 1e-10, "duration": 0.03612112998962402, "fun": "0.05646359838032455", "nit": "100", "nfev": "148", "status": "2", "success": "False", "message": "Maximum number of iterations has been exceeded.", "x": "[ 0.60663231  0.37912695  1.41057365  1.83868435 10.72911176  5.01136578]", "final_simplex": "(array([[ 0.60663231,  0.37912695,  1.41057365,  1.83868435, 10.72911176,\n         5.01136578],\n       [ 0.61276424,  0.44371162,  1.46669683,  1.88712126, 10.6349197 ,\n         4.95213168],\n       [ 0.63723173,  0.45167754,  1.45532976,  1.90503051, 10.60611578,\n         4.8992863 ],\n       [ 0.61682268,  0.41013128,  1.40747815,  1.86967918, 10.72250688,\n         4.96100761],\n       [ 0.55592053,  0.41588938,  1.48395399,  1.88023615, 10.76988724,\n         4.95310229],\n       [ 0.60739608,  0.44771208,  1.44373677,  1.86589666, 10.65261504,\n         4.97955689],\n       [ 0.6351134 ,  0.43725036,  1.47262555,  1.85560256, 10.68539458,\n         4.93186625]]), array([0.0564636 , 0.05661483, 0.05669745, 0.05692618, 0.0574954 ,\n       0.05767889, 0.05798261]))", "callback": [0.5137913490576116, 0.442595489295712, 0.41415575214358036, 0.3471380653367031, 0.2729543696648302, 0.23880280899155448, 0.14067711856650167, 0.06669002383368106, 0.06606381373025738, 0.05839389143214779]}, "2": {"maxiter": 100, "fatol": 1e-10, "xatol": 1e-05, "duration": 0.03600311279296875, "fun": "0.05646359838032455", "nit": "100", "nfev": "148", "status": "2", "success": "False", "message": "Maximum number of iterations has been exceeded.", "x": "[ 0.60663231  0.37912695  1.41057365  1.83868435 10.72911176  5.01136578]", "final_simplex": "(array([[ 0.60663231,  0.37912695,  1.41057365,  1.83868435, 10.72911176,\n         5.01136578],\n       [ 0.61276424,  0.44371162,  1.46669683,  1.88712126, 10.6349197 ,\n         4.95213168],\n       [ 0.63723173,  0.45167754,  1.45532976,  1.90503051, 10.60611578,\n         4.8992863 ],\n       [ 0.61682268,  0.41013128,  1.40747815,  1.86967918, 10.72250688,\n         4.96100761],\n       [ 0.55592053,  0.41588938,  1.48395399,  1.88023615, 10.76988724,\n         4.95310229],\n       [ 0.60739608,  0.44771208,  1.44373677,  1.86589666, 10.65261504,\n         4.97955689],\n       [ 0.6351134 ,  0.43725036,  1.47262555,  1.85560256, 10.68539458,\n         4.93186625]]), array([0.0564636 , 0.05661483, 0.05669745, 0.05692618, 0.0574954 ,\n       0.05767889, 0.05798261]))", "callback": [0.5137913490576116, 0.442595489295712, 0.41415575214358036, 0.3471380653367031, 0.2729543696648302, 0.23880280899155448, 0.14067711856650167, 0.06669002383368106, 0.06606381373025738, 0.05839389143214779]}, "3": {"maxiter": 100, "fatol": 1e-10, "xatol": 1e-10, "duration": 0.03407001495361328, "fun": "0.05646359838032455", "nit": "100", "nfev": "148", "status": "2", "success": "False", "message": "Maximum number of iterations has been exceeded.", "x": "[ 0.60663231  0.37912695  1.41057365  1.83868435 10.72911176  5.01136578]", "final_simplex": "(array([[ 0.60663231,  0.37912695,  1.41057365,  1.83868435, 10.72911176,\n         5.01136578],\n       [ 0.61276424,  0.44371162,  1.46669683,  1.88712126, 10.6349197 ,\n         4.95213168],\n       [ 0.63723173,  0.45167754,  1.45532976,  1.90503051, 10.60611578,\n         4.8992863 ],\n       [ 0.61682268,  0.41013128,  1.40747815,  1.86967918, 10.72250688,\n         4.96100761],\n       [ 0.55592053,  0.41588938,  1.48395399,  1.88023615, 10.76988724,\n         4.95310229],\n       [ 0.60739608,  0.44771208,  1.44373677,  1.86589666, 10.65261504,\n         4.97955689],\n       [ 0.6351134 ,  0.43725036,  1.47262555,  1.85560256, 10.68539458,\n         4.93186625]]), array([0.0564636 , 0.05661483, 0.05669745, 0.05692618, 0.0574954 ,\n       0.05767889, 0.05798261]))", "callback": [0.5137913490576116, 0.442595489295712, 0.41415575214358036, 0.3471380653367031, 0.2729543696648302, 0.23880280899155448, 0.14067711856650167, 0.06669002383368106, 0.06606381373025738, 0.05839389143214779]}, "4": {"maxiter": 500, "fatol": 1e-05, "xatol": 1e-05, "duration": 0.14682507514953613, "fun": "0.031064943885203644", "nit": "401", "nfev": "630", "status": "0", "success": "True", "message": "Optimization terminated successfully.", "x": "[ 0.49374924 -0.17766865  1.82862629  1.75231182 10.74802447  4.93067795]", "final_simplex": "(array([[ 0.49374924, -0.17766865,  1.82862629,  1.75231182, 10.74802447,\n         4.93067795],\n       [ 0.49374941, -0.17767748,  1.82863363,  1.75231084, 10.74802444,\n         4.93067663],\n       [ 0.49375066, -0.17767721,  1.82863526,  1.75231025, 10.74802473,\n         4.93068003],\n       [ 0.49375049, -0.17767644,  1.82863124,  1.75230747, 10.74802579,\n         4.93067692],\n       [ 0.49375086, -0.17767746,  1.82863282,  1.75231101, 10.74802772,\n         4.93067887],\n       [ 0.49375231, -0.17767414,  1.82863408,  1.75231097, 10.74802335,\n         4.93067552],\n       [ 0.49375127, -0.17767197,  1.82862661,  1.75231188, 10.74802023,\n         4.93067716]]), array([0.03106494, 0.03106494, 0.03106494, 0.03106494, 0.03106494,\n       0.03106494, 0.03106494]))", "callback": [0.5137913490576116, 0.442595489295712, 0.41415575214358036, 0.3471380653367031, 0.2729543696648302, 0.23880280899155448, 0.14067711856650167, 0.06669002383368106, 0.06606381373025738, 0.05839389143214779, 0.054080225197481124, 0.0480665623504567, 0.041833045099042065, 0.03591632110880627, 0.034361898487674125, 0.032496617673906214, 0.03200216627972097, 0.03169721143208659, 0.03167827140945745, 0.03165155691831978, 0.0316484025899586, 0.03163490529549473, 0.03161748113864904, 0.0315489965654796, 0.031437447301532195, 0.03125343179055329, 0.03111373259953587, 0.03108127704479635, 0.0310730754909897, 0.03106714018518253, 0.031066014866622638, 0.031065181429508204, 0.03106503467079047, 0.0310649631404607, 0.03106495263051423, 0.03106494522442793, 0.03106494430154494, 0.031064943994174143, 0.031064943904676068, 0.03106494388906178, 0.031064943885203644]}, "5": {"maxiter": 500, "fatol": 1e-05, "xatol": 1e-10, "duration": 0.19472098350524902, "fun": "0.03106494388338854", "nit": "498", "nfev": "841", "status": "0", "success": "True", "message": "Optimization terminated successfully.", "x": "[ 0.49374828 -0.17767026  1.82862886  1.7523107  10.74802298  4.93067625]", "final_simplex": "(array([[ 0.49374828, -0.17767026,  1.82862886,  1.7523107 , 10.74802298,\n         4.93067625],\n       [ 0.49374828, -0.17767026,  1.82862886,  1.7523107 , 10.74802298,\n         4.93067625],\n       [ 0.49374828, -0.17767026,  1.82862886,  1.7523107 , 10.74802298,\n         4.93067625],\n       [ 0.49374828, -0.17767026,  1.82862886,  1.7523107 , 10.74802298,\n         4.93067625],\n       [ 0.49374828, -0.17767026,  1.82862886,  1.7523107 , 10.74802298,\n         4.93067625],\n       [ 0.49374828, -0.17767026,  1.82862886,  1.7523107 , 10.74802298,\n         4.93067625],\n       [ 0.49374828, -0.17767026,  1.82862886,  1.7523107 , 10.74802298,\n         4.93067625]]), array([0.03106494, 0.03106494, 0.03106494, 0.03106494, 0.03106494,\n       0.03106494, 0.03106494]))", "callback": [0.5137913490576116, 0.442595489295712, 0.41415575214358036, 0.3471380653367031, 0.2729543696648302, 0.23880280899155448, 0.14067711856650167, 0.06669002383368106, 0.06606381373025738, 0.05839389143214779, 0.054080225197481124, 0.0480665623504567, 0.041833045099042065, 0.03591632110880627, 0.034361898487674125, 0.032496617673906214, 0.03200216627972097, 0.03169721143208659, 0.03167827140945745, 0.03165155691831978, 0.0316484025899586, 0.03163490529549473, 0.03161748113864904, 0.0315489965654796, 0.031437447301532195, 0.03125343179055329, 0.03111373259953587, 0.03108127704479635, 0.0310730754909897, 0.03106714018518253, 0.031066014866622638, 0.031065181429508204, 0.03106503467079047, 0.0310649631404607, 0.03106495263051423, 0.03106494522442793, 0.03106494430154494, 0.031064943994174143, 0.031064943904676068, 0.03106494388906178, 0.031064943885203644, 0.031064943883988727, 0.03106494388357972, 0.03106494388341985, 0.031064943883397866, 0.031064943883390095, 0.03106494388338954, 0.03106494388338865, 0.03106494388338854, 0.03106494388338854]}, "6": {"maxiter": 500, "fatol": 1e-10, "xatol": 1e-05, "duration": 0.15945005416870117, "fun": "0.031064943885203644", "nit": "401", "nfev": "630", "status": "0", "success": "True", "message": "Optimization terminated successfully.", "x": "[ 0.49374924 -0.17766865  1.82862629  1.75231182 10.74802447  4.93067795]", "final_simplex": "(array([[ 0.49374924, -0.17766865,  1.82862629,  1.75231182, 10.74802447,\n         4.93067795],\n       [ 0.49374941, -0.17767748,  1.82863363,  1.75231084, 10.74802444,\n         4.93067663],\n       [ 0.49375066, -0.17767721,  1.82863526,  1.75231025, 10.74802473,\n         4.93068003],\n       [ 0.49375049, -0.17767644,  1.82863124,  1.75230747, 10.74802579,\n         4.93067692],\n       [ 0.49375086, -0.17767746,  1.82863282,  1.75231101, 10.74802772,\n         4.93067887],\n       [ 0.49375231, -0.17767414,  1.82863408,  1.75231097, 10.74802335,\n         4.93067552],\n       [ 0.49375127, -0.17767197,  1.82862661,  1.75231188, 10.74802023,\n         4.93067716]]), array([0.03106494, 0.03106494, 0.03106494, 0.03106494, 0.03106494,\n       0.03106494, 0.03106494]))", "callback": [0.5137913490576116, 0.442595489295712, 0.41415575214358036, 0.3471380653367031, 0.2729543696648302, 0.23880280899155448, 0.14067711856650167, 0.06669002383368106, 0.06606381373025738, 0.05839389143214779, 0.054080225197481124, 0.0480665623504567, 0.041833045099042065, 0.03591632110880627, 0.034361898487674125, 0.032496617673906214, 0.03200216627972097, 0.03169721143208659, 0.03167827140945745, 0.03165155691831978, 0.0316484025899586, 0.03163490529549473, 0.03161748113864904, 0.0315489965654796, 0.031437447301532195, 0.03125343179055329, 0.03111373259953587, 0.03108127704479635, 0.0310730754909897, 0.03106714018518253, 0.031066014866622638, 0.031065181429508204, 0.03106503467079047, 0.0310649631404607, 0.03106495263051423, 0.03106494522442793, 0.03106494430154494, 0.031064943994174143, 0.031064943904676068, 0.03106494388906178, 0.031064943885203644]}, "7": {"maxiter": 500, "fatol": 1e-10, "xatol": 1e-10, "duration": 0.200347900390625, "fun": "0.03106494388338854", "nit": "498", "nfev": "841", "status": "0", "success": "True", "message": "Optimization terminated successfully.", "x": "[ 0.49374828 -0.17767026  1.82862886  1.7523107  10.74802298  4.93067625]", "final_simplex": "(array([[ 0.49374828, -0.17767026,  1.82862886,  1.7523107 , 10.74802298,\n         4.93067625],\n       [ 0.49374828, -0.17767026,  1.82862886,  1.7523107 , 10.74802298,\n         4.93067625],\n       [ 0.49374828, -0.17767026,  1.82862886,  1.7523107 , 10.74802298,\n         4.93067625],\n       [ 0.49374828, -0.17767026,  1.82862886,  1.7523107 , 10.74802298,\n         4.93067625],\n       [ 0.49374828, -0.17767026,  1.82862886,  1.7523107 , 10.74802298,\n         4.93067625],\n       [ 0.49374828, -0.17767026,  1.82862886,  1.7523107 , 10.74802298,\n         4.93067625],\n       [ 0.49374828, -0.17767026,  1.82862886,  1.7523107 , 10.74802298,\n         4.93067625]]), array([0.03106494, 0.03106494, 0.03106494, 0.03106494, 0.03106494,\n       0.03106494, 0.03106494]))", "callback": [0.5137913490576116, 0.442595489295712, 0.41415575214358036, 0.3471380653367031, 0.2729543696648302, 0.23880280899155448, 0.14067711856650167, 0.06669002383368106, 0.06606381373025738, 0.05839389143214779, 0.054080225197481124, 0.0480665623504567, 0.041833045099042065, 0.03591632110880627, 0.034361898487674125, 0.032496617673906214, 0.03200216627972097, 0.03169721143208659, 0.03167827140945745, 0.03165155691831978, 0.0316484025899586, 0.03163490529549473, 0.03161748113864904, 0.0315489965654796, 0.031437447301532195, 0.03125343179055329, 0.03111373259953587, 0.03108127704479635, 0.0310730754909897, 0.03106714018518253, 0.031066014866622638, 0.031065181429508204, 0.03106503467079047, 0.0310649631404607, 0.03106495263051423, 0.03106494522442793, 0.03106494430154494, 0.031064943994174143, 0.031064943904676068, 0.03106494388906178, 0.031064943885203644, 0.031064943883988727, 0.03106494388357972, 0.03106494388341985, 0.031064943883397866, 0.031064943883390095, 0.03106494388338954, 0.03106494388338865, 0.03106494388338854, 0.03106494388338854]}, "8": {"maxiter": 1000, "fatol": 1e-05, "xatol": 1e-05, "duration": 0.14912891387939453, "fun": "0.031064943885203644", "nit": "401", "nfev": "630", "status": "0", "success": "True", "message": "Optimization terminated successfully.", "x": "[ 0.49374924 -0.17766865  1.82862629  1.75231182 10.74802447  4.93067795]", "final_simplex": "(array([[ 0.49374924, -0.17766865,  1.82862629,  1.75231182, 10.74802447,\n         4.93067795],\n       [ 0.49374941, -0.17767748,  1.82863363,  1.75231084, 10.74802444,\n         4.93067663],\n       [ 0.49375066, -0.17767721,  1.82863526,  1.75231025, 10.74802473,\n         4.93068003],\n       [ 0.49375049, -0.17767644,  1.82863124,  1.75230747, 10.74802579,\n         4.93067692],\n       [ 0.49375086, -0.17767746,  1.82863282,  1.75231101, 10.74802772,\n         4.93067887],\n       [ 0.49375231, -0.17767414,  1.82863408,  1.75231097, 10.74802335,\n         4.93067552],\n       [ 0.49375127, -0.17767197,  1.82862661,  1.75231188, 10.74802023,\n         4.93067716]]), array([0.03106494, 0.03106494, 0.03106494, 0.03106494, 0.03106494,\n       0.03106494, 0.03106494]))", "callback": [0.5137913490576116, 0.442595489295712, 0.41415575214358036, 0.3471380653367031, 0.2729543696648302, 0.23880280899155448, 0.14067711856650167, 0.06669002383368106, 0.06606381373025738, 0.05839389143214779, 0.054080225197481124, 0.0480665623504567, 0.041833045099042065, 0.03591632110880627, 0.034361898487674125, 0.032496617673906214, 0.03200216627972097, 0.03169721143208659, 0.03167827140945745, 0.03165155691831978, 0.0316484025899586, 0.03163490529549473, 0.03161748113864904, 0.0315489965654796, 0.031437447301532195, 0.03125343179055329, 0.03111373259953587, 0.03108127704479635, 0.0310730754909897, 0.03106714018518253, 0.031066014866622638, 0.031065181429508204, 0.03106503467079047, 0.0310649631404607, 0.03106495263051423, 0.03106494522442793, 0.03106494430154494, 0.031064943994174143, 0.031064943904676068, 0.03106494388906178, 0.031064943885203644]}, "9": {"maxiter": 1000, "fatol": 1e-05, "xatol": 1e-10, "duration": 0.20490193367004395, "fun": "0.03106494388338854", "nit": "498", "nfev": "841", "status": "0", "success": "True", "message": "Optimization terminated successfully.", "x": "[ 0.49374828 -0.17767026  1.82862886  1.7523107  10.74802298  4.93067625]", "final_simplex": "(array([[ 0.49374828, -0.17767026,  1.82862886,  1.7523107 , 10.74802298,\n         4.93067625],\n       [ 0.49374828, -0.17767026,  1.82862886,  1.7523107 , 10.74802298,\n         4.93067625],\n       [ 0.49374828, -0.17767026,  1.82862886,  1.7523107 , 10.74802298,\n         4.93067625],\n       [ 0.49374828, -0.17767026,  1.82862886,  1.7523107 , 10.74802298,\n         4.93067625],\n       [ 0.49374828, -0.17767026,  1.82862886,  1.7523107 , 10.74802298,\n         4.93067625],\n       [ 0.49374828, -0.17767026,  1.82862886,  1.7523107 , 10.74802298,\n         4.93067625],\n       [ 0.49374828, -0.17767026,  1.82862886,  1.7523107 , 10.74802298,\n         4.93067625]]), array([0.03106494, 0.03106494, 0.03106494, 0.03106494, 0.03106494,\n       0.03106494, 0.03106494]))", "callback": [0.5137913490576116, 0.442595489295712, 0.41415575214358036, 0.3471380653367031, 0.2729543696648302, 0.23880280899155448, 0.14067711856650167, 0.06669002383368106, 0.06606381373025738, 0.05839389143214779, 0.054080225197481124, 0.0480665623504567, 0.041833045099042065, 0.03591632110880627, 0.034361898487674125, 0.032496617673906214, 0.03200216627972097, 0.03169721143208659, 0.03167827140945745, 0.03165155691831978, 0.0316484025899586, 0.03163490529549473, 0.03161748113864904, 0.0315489965654796, 0.031437447301532195, 0.03125343179055329, 0.03111373259953587, 0.03108127704479635, 0.0310730754909897, 0.03106714018518253, 0.031066014866622638, 0.031065181429508204, 0.03106503467079047, 0.0310649631404607, 0.03106495263051423, 0.03106494522442793, 0.03106494430154494, 0.031064943994174143, 0.031064943904676068, 0.03106494388906178, 0.031064943885203644, 0.031064943883988727, 0.03106494388357972, 0.03106494388341985, 0.031064943883397866, 0.031064943883390095, 0.03106494388338954, 0.03106494388338865, 0.03106494388338854, 0.03106494388338854]}, "10": {"maxiter": 1000, "fatol": 1e-10, "xatol": 1e-05, "duration": 0.15042614936828613, "fun": "0.031064943885203644", "nit": "401", "nfev": "630", "status": "0", "success": "True", "message": "Optimization terminated successfully.", "x": "[ 0.49374924 -0.17766865  1.82862629  1.75231182 10.74802447  4.93067795]", "final_simplex": "(array([[ 0.49374924, -0.17766865,  1.82862629,  1.75231182, 10.74802447,\n         4.93067795],\n       [ 0.49374941, -0.17767748,  1.82863363,  1.75231084, 10.74802444,\n         4.93067663],\n       [ 0.49375066, -0.17767721,  1.82863526,  1.75231025, 10.74802473,\n         4.93068003],\n       [ 0.49375049, -0.17767644,  1.82863124,  1.75230747, 10.74802579,\n         4.93067692],\n       [ 0.49375086, -0.17767746,  1.82863282,  1.75231101, 10.74802772,\n         4.93067887],\n       [ 0.49375231, -0.17767414,  1.82863408,  1.75231097, 10.74802335,\n         4.93067552],\n       [ 0.49375127, -0.17767197,  1.82862661,  1.75231188, 10.74802023,\n         4.93067716]]), array([0.03106494, 0.03106494, 0.03106494, 0.03106494, 0.03106494,\n       0.03106494, 0.03106494]))", "callback": [0.5137913490576116, 0.442595489295712, 0.41415575214358036, 0.3471380653367031, 0.2729543696648302, 0.23880280899155448, 0.14067711856650167, 0.06669002383368106, 0.06606381373025738, 0.05839389143214779, 0.054080225197481124, 0.0480665623504567, 0.041833045099042065, 0.03591632110880627, 0.034361898487674125, 0.032496617673906214, 0.03200216627972097, 0.03169721143208659, 0.03167827140945745, 0.03165155691831978, 0.0316484025899586, 0.03163490529549473, 0.03161748113864904, 0.0315489965654796, 0.031437447301532195, 0.03125343179055329, 0.03111373259953587, 0.03108127704479635, 0.0310730754909897, 0.03106714018518253, 0.031066014866622638, 0.031065181429508204, 0.03106503467079047, 0.0310649631404607, 0.03106495263051423, 0.03106494522442793, 0.03106494430154494, 0.031064943994174143, 0.031064943904676068, 0.03106494388906178, 0.031064943885203644]}, "11": {"maxiter": 1000, "fatol": 1e-10, "xatol": 1e-10, "duration": 0.1968247890472412, "fun": "0.03106494388338854", "nit": "498", "nfev": "841", "status": "0", "success": "True", "message": "Optimization terminated successfully.", "x": "[ 0.49374828 -0.17767026  1.82862886  1.7523107  10.74802298  4.93067625]", "final_simplex": "(array([[ 0.49374828, -0.17767026,  1.82862886,  1.7523107 , 10.74802298,\n         4.93067625],\n       [ 0.49374828, -0.17767026,  1.82862886,  1.7523107 , 10.74802298,\n         4.93067625],\n       [ 0.49374828, -0.17767026,  1.82862886,  1.7523107 , 10.74802298,\n         4.93067625],\n       [ 0.49374828, -0.17767026,  1.82862886,  1.7523107 , 10.74802298,\n         4.93067625],\n       [ 0.49374828, -0.17767026,  1.82862886,  1.7523107 , 10.74802298,\n         4.93067625],\n       [ 0.49374828, -0.17767026,  1.82862886,  1.7523107 , 10.74802298,\n         4.93067625],\n       [ 0.49374828, -0.17767026,  1.82862886,  1.7523107 , 10.74802298,\n         4.93067625]]), array([0.03106494, 0.03106494, 0.03106494, 0.03106494, 0.03106494,\n       0.03106494, 0.03106494]))", "callback": [0.5137913490576116, 0.442595489295712, 0.41415575214358036, 0.3471380653367031, 0.2729543696648302, 0.23880280899155448, 0.14067711856650167, 0.06669002383368106, 0.06606381373025738, 0.05839389143214779, 0.054080225197481124, 0.0480665623504567, 0.041833045099042065, 0.03591632110880627, 0.034361898487674125, 0.032496617673906214, 0.03200216627972097, 0.03169721143208659, 0.03167827140945745, 0.03165155691831978, 0.0316484025899586, 0.03163490529549473, 0.03161748113864904, 0.0315489965654796, 0.031437447301532195, 0.03125343179055329, 0.03111373259953587, 0.03108127704479635, 0.0310730754909897, 0.03106714018518253, 0.031066014866622638, 0.031065181429508204, 0.03106503467079047, 0.0310649631404607, 0.03106495263051423, 0.03106494522442793, 0.03106494430154494, 0.031064943994174143, 0.031064943904676068, 0.03106494388906178, 0.031064943885203644, 0.031064943883988727, 0.03106494388357972, 0.03106494388341985, 0.031064943883397866, 0.031064943883390095, 0.03106494388338954, 0.03106494388338865, 0.03106494388338854, 0.03106494388338854]}}, "bfgs": {"type": "gradient", "0": {"maxiter": 100, "gtol": 1e-05, "xrtol": 1e-05, "eps": 1e-05, "duration": 0.05007290840148926, "fun": "0.031064943962716862", "jac": "[ 1.73024928e-06 -2.49866794e-07  1.27899913e-06 -3.38220563e-06\n -1.38022926e-06 -1.82920346e-06]", "hess_inv": "[[  2.77116708  -0.53302344   0.19073323  -0.44124696   0.31859365\n    1.24440098]\n [ -0.53302344  13.38413122 -10.26323451  -1.09997389  -3.31165314\n   -2.82187323]\n [  0.19073323 -10.26323451  12.09939025   0.48918694   2.2633262\n    2.30631056]\n [ -0.44124696  -1.09997389   0.48918694   2.74643049   0.37760799\n   -0.19390546]\n [  0.31859365  -3.31165314   2.2633262    0.37760799   3.11668674\n    0.76274224]\n [  1.24440098  -2.82187323   2.30631056  -0.19390546   0.76274224\n    3.7746745 ]]", "nfev": "210", "njev": "30", "status": "0", "success": "True", "message": "Optimization terminated successfully.", "x": "[ 0.49374665 -0.17766797  1.82863246  4.53085792  7.6064192   1.78907299]", "nit": "28", "callback": [0.5196507142779643, 0.47224825102671664, 0.4458149121567493, 0.40650461591365383, 0.3325793324294024, 0.30385565404221293, 0.2857990863279234, 0.25733603974818076, 0.23275040683826387, 0.20792873720755223, 0.18906959924422928, 0.1588527934305639, 0.11035479603791576, 0.060530107220595486, 0.04218324979044907, 0.034052303364434655, 0.03172470349894363, 0.031216773484243676, 0.0311918870392609, 0.03117674649661828, 0.03115211671487761, 0.03111843056982977, 0.031096329345759566, 0.031073482089261084, 0.03106612181087509, 0.031064997875904554, 0.031064945495266283, 0.031064943962716862]}, "1": {"maxiter": 100, "gtol": 1e-05, "xrtol": 1e-05, "eps": 1e-10, "duration": 0.05112504959106445, "fun": "0.031064943979066673", "jac": "[ 2.22044587e-06  0.00000000e+00  4.44089173e-06  2.22044587e-06\n  0.00000000e+00 -2.22044587e-06]", "hess_inv": "[[  2.77343014  -0.5486613    0.20711715  -0.44289864   0.3140585\n    1.24994548]\n [ -0.5486613   13.96410746 -10.89210258  -1.21013871  -3.482437\n   -2.89268155]\n [  0.20711715 -10.89210258  12.7714195    0.62170352   2.45357214\n    2.37860596]\n [ -0.44289864  -1.21013871   0.62170352   2.76362263   0.40798921\n   -0.17561384]\n [  0.3140585   -3.482437     2.45357214   0.40798921   3.13571599\n    0.79703285]\n [  1.24994548  -2.89268155   2.37860596  -0.17561384   0.79703285\n    3.77837575]]", "nfev": "210", "njev": "30", "status": "0", "success": "True", "message": "Optimization terminated successfully.", "x": "[ 0.49374978 -0.17769921  1.82867217  4.53087374  7.60643052  1.78908142]", "nit": "28", "callback": [0.5196508796148147, 0.4722485178018513, 0.44581573973892397, 0.4065091627945553, 0.3325869496444136, 0.30385437239167545, 0.2858010521492934, 0.2573425639168798, 0.2327634698116594, 0.20794245276365697, 0.18909344735575684, 0.15889490860682076, 0.11042027768255402, 0.060546591011518824, 0.042186789021526616, 0.03405465268630414, 0.031727523556410064, 0.031217808293797833, 0.03119239778917482, 0.03117722003478529, 0.031152572483324592, 0.031118875909025956, 0.031096660356053407, 0.031073538996587824, 0.031066135546256257, 0.031064999341952504, 0.031064945512865427, 0.031064943979066673]}, "2": {"maxiter": 100, "gtol": 1e-05, "xrtol": 1e-10, "eps": 1e-05, "duration": 0.05059671401977539, "fun": "0.031064943962716862", "jac": "[ 1.73024928e-06 -2.49866794e-07  1.27899913e-06 -3.38220563e-06\n -1.38022926e-06 -1.82920346e-06]", "hess_inv": "[[  2.77116708  -0.53302344   0.19073323  -0.44124696   0.31859365\n    1.24440098]\n [ -0.53302344  13.38413122 -10.26323451  -1.09997389  -3.31165314\n   -2.82187323]\n [  0.19073323 -10.26323451  12.09939025   0.48918694   2.2633262\n    2.30631056]\n [ -0.44124696  -1.09997389   0.48918694   2.74643049   0.37760799\n   -0.19390546]\n [  0.31859365  -3.31165314   2.2633262    0.37760799   3.11668674\n    0.76274224]\n [  1.24440098  -2.82187323   2.30631056  -0.19390546   0.76274224\n    3.7746745 ]]", "nfev": "210", "njev": "30", "status": "0", "success": "True", "message": "Optimization terminated successfully.", "x": "[ 0.49374665 -0.17766797  1.82863246  4.53085792  7.6064192   1.78907299]", "nit": "28", "callback": [0.5196507142779643, 0.47224825102671664, 0.4458149121567493, 0.40650461591365383, 0.3325793324294024, 0.30385565404221293, 0.2857990863279234, 0.25733603974818076, 0.23275040683826387, 0.20792873720755223, 0.18906959924422928, 0.1588527934305639, 0.11035479603791576, 0.060530107220595486, 0.04218324979044907, 0.034052303364434655, 0.03172470349894363, 0.031216773484243676, 0.0311918870392609, 0.03117674649661828, 0.03115211671487761, 0.03111843056982977, 0.031096329345759566, 0.031073482089261084, 0.03106612181087509, 0.031064997875904554, 0.031064945495266283, 0.031064943962716862]}, "3": {"maxiter": 100, "gtol": 1e-05, "xrtol": 1e-10, "eps": 1e-10, "duration": 0.05060577392578125, "fun": "0.031064943979066673", "jac": "[ 2.22044587e-06  0.00000000e+00  4.44089173e-06  2.22044587e-06\n  0.00000000e+00 -2.22044587e-06]", "hess_inv": "[[  2.77343014  -0.5486613    0.20711715  -0.44289864   0.3140585\n    1.24994548]\n [ -0.5486613   13.96410746 -10.89210258  -1.21013871  -3.482437\n   -2.89268155]\n [  0.20711715 -10.89210258  12.7714195    0.62170352   2.45357214\n    2.37860596]\n [ -0.44289864  -1.21013871   0.62170352   2.76362263   0.40798921\n   -0.17561384]\n [  0.3140585   -3.482437     2.45357214   0.40798921   3.13571599\n    0.79703285]\n [  1.24994548  -2.89268155   2.37860596  -0.17561384   0.79703285\n    3.77837575]]", "nfev": "210", "njev": "30", "status": "0", "success": "True", "message": "Optimization terminated successfully.", "x": "[ 0.49374978 -0.17769921  1.82867217  4.53087374  7.60643052  1.78908142]", "nit": "28", "callback": [0.5196508796148147, 0.4722485178018513, 0.44581573973892397, 0.4065091627945553, 0.3325869496444136, 0.30385437239167545, 0.2858010521492934, 0.2573425639168798, 0.2327634698116594, 0.20794245276365697, 0.18909344735575684, 0.15889490860682076, 0.11042027768255402, 0.060546591011518824, 0.042186789021526616, 0.03405465268630414, 0.031727523556410064, 0.031217808293797833, 0.03119239778917482, 0.03117722003478529, 0.031152572483324592, 0.031118875909025956, 0.031096660356053407, 0.031073538996587824, 0.031066135546256257, 0.031064999341952504, 0.031064945512865427, 0.031064943979066673]}, "4": {"maxiter": 100, "gtol": 1e-10, "xrtol": 1e-05, "eps": 1e-05, "duration": 0.05149984359741211, "fun": "0.03106494390969272", "jac": "[ 1.63702385e-07 -1.83153492e-07  2.48856491e-07 -4.25692814e-07\n -1.76059167e-07 -5.83422199e-08]", "hess_inv": "[[ 2.80403186 -0.39684388  0.12328177 -0.56934978  0.22406229  1.185219  ]\n [-0.39684388 12.5518175  -9.34046432 -1.21308132 -3.10784358 -2.68071534]\n [ 0.12328177 -9.34046432 11.20285095  0.39252176  1.94469108  2.09515238]\n [-0.56934978 -1.21308132  0.39252176  3.12082931  0.56796887 -0.07878488]\n [ 0.22406229 -3.10784358  1.94469108  0.56796887  3.13466496  0.76821492]\n [ 1.185219   -2.68071534  2.09515238 -0.07878488  0.76821492  3.77434871]]", "nfev": "217", "njev": "31", "status": "0", "success": "True", "message": "Optimization terminated successfully.", "x": "[ 0.49374209 -0.17766549  1.82862343  4.5308693   7.6064232   1.78907529]", "nit": "29", "callback": [0.5196507142779643, 0.47224825102671664, 0.4458149121567493, 0.40650461591365383, 0.3325793324294024, 0.30385565404221293, 0.2857990863279234, 0.25733603974818076, 0.23275040683826387, 0.20792873720755223, 0.18906959924422928, 0.1588527934305639, 0.11035479603791576, 0.060530107220595486, 0.04218324979044907, 0.034052303364434655, 0.03172470349894363, 0.031216773484243676, 0.0311918870392609, 0.03117674649661828, 0.03115211671487761, 0.03111843056982977, 0.031096329345759566, 0.031073482089261084, 0.03106612181087509, 0.031064997875904554, 0.031064945495266283, 0.031064943962716862, 0.03106494390969272]}, "5": {"maxiter": 100, "gtol": 1e-10, "xrtol": 1e-05, "eps": 1e-10, "duration": 0.052162885665893555, "fun": "0.031064943900024122", "jac": "[-1.11022293e-06  2.22044587e-06  1.11022293e-06 -2.22044587e-06\n -1.11022293e-06 -2.22044587e-06]", "hess_inv": "[[ 2.79099802 -0.44543397  0.1494713  -0.5085229   0.25324534  1.20549322]\n [-0.44543397 11.79879015 -8.50940285 -0.71770768 -2.89741173 -2.60432812]\n [ 0.1494713  -8.50940285 10.28868447 -0.02501478  1.72791325  1.98491933]\n [-0.5085229  -0.71770768 -0.02501478  2.73062929  0.3366483  -0.18364263]\n [ 0.25324534 -2.89741173  1.72791325  0.3366483   3.02585236  0.76407746]\n [ 1.20549322 -2.60432812  1.98491933 -0.18364263  0.76407746  3.78190003]]", "nfev": "217", "njev": "31", "status": "0", "success": "True", "message": "Optimization terminated successfully.", "x": "[ 0.49374672 -0.17766462  1.82863061  4.53086851  7.60642323  1.78907873]", "nit": "29", "callback": [0.5196508796148147, 0.4722485178018513, 0.44581573973892397, 0.4065091627945553, 0.3325869496444136, 0.30385437239167545, 0.2858010521492934, 0.2573425639168798, 0.2327634698116594, 0.20794245276365697, 0.18909344735575684, 0.15889490860682076, 0.11042027768255402, 0.060546591011518824, 0.042186789021526616, 0.03405465268630414, 0.031727523556410064, 0.031217808293797833, 0.03119239778917482, 0.03117722003478529, 0.031152572483324592, 0.031118875909025956, 0.031096660356053407, 0.031073538996587824, 0.031066135546256257, 0.031064999341952504, 0.031064945512865427, 0.031064943979066673, 0.031064943900024122]}, "6": {"maxiter": 100, "gtol": 1e-10, "xrtol": 1e-10, "eps": 1e-05, "duration": 0.12367987632751465, "fun": "0.031064943909478115", "jac": "[ 1.11310960e-07 -1.36979317e-07  1.77735604e-07 -3.01048075e-07\n -1.26787469e-07 -3.08419956e-08]", "hess_inv": "[[  2.86635335  -0.78410992   0.53055137  -0.67032044   0.25944859\n    1.30265337]\n [ -0.78410992  13.93918141 -11.04933008  -0.4192325   -3.05727299\n   -2.9906529 ]\n [  0.53055137 -11.04933008  13.20136     -0.40182442   1.95746959\n    2.52431964]\n [ -0.67032044  -0.4192325   -0.40182442   3.25654376   0.46564493\n   -0.33686677]\n [  0.25944859  -3.05727299   1.95746959   0.46564493   3.08200037\n    0.72435043]\n [  1.30265337  -2.9906529    2.52431964  -0.33686677   0.72435043\n    3.82193937]]", "nfev": "537", "njev": "75", "status": "2", "success": "False", "message": "Desired error not necessarily achieved due to precision loss.", "x": "[ 0.49374183 -0.17766431  1.82862207  4.53086976  7.60642314  1.789075  ]", "nit": "30", "callback": [0.5196507142779643, 0.47224825102671664, 0.4458149121567493, 0.40650461591365383, 0.3325793324294024, 0.30385565404221293, 0.2857990863279234, 0.25733603974818076, 0.23275040683826387, 0.20792873720755223, 0.18906959924422928, 0.1588527934305639, 0.11035479603791576, 0.060530107220595486, 0.04218324979044907, 0.034052303364434655, 0.03172470349894363, 0.031216773484243676, 0.0311918870392609, 0.03117674649661828, 0.03115211671487761, 0.03111843056982977, 0.031096329345759566, 0.031073482089261084, 0.03106612181087509, 0.031064997875904554, 0.031064945495266283, 0.031064943962716862, 0.03106494390969272, 0.031064943909478115]}, "7": {"maxiter": 100, "gtol": 1e-10, "xrtol": 1e-10, "eps": 1e-10, "duration": 0.0643610954284668, "fun": "0.03106494389092429", "jac": "[ 0.00000000e+00  0.00000000e+00 -2.22044587e-06  2.22044587e-06\n -1.11022293e-06  1.11022293e-06]", "hess_inv": "[[ 4.62366917 -4.5968004   0.41376622  0.53306836  2.39817469  4.26026195]\n [-4.5968004  19.09382071 -9.59812524 -2.02118389 -6.70970282 -7.49359102]\n [ 0.41376622 -9.59812524  9.65811253  0.49148547  2.39732626  3.23624638]\n [ 0.53306836 -2.02118389  0.49148547  2.76749403  1.00623374  0.46191478]\n [ 2.39817469 -6.70970282  2.39732626  1.00623374  4.99233844  3.26033811]\n [ 4.26026195 -7.49359102  3.23624638  0.46191478  3.26033811  6.71159675]]", "nfev": "287", "njev": "41", "status": "0", "success": "True", "message": "Optimization terminated successfully.", "x": "[ 0.49375029 -0.1776764   1.82862977  4.5308725   7.60642934  1.78908854]", "nit": "31", "callback": [0.5196508796148147, 0.4722485178018513, 0.44581573973892397, 0.4065091627945553, 0.3325869496444136, 0.30385437239167545, 0.2858010521492934, 0.2573425639168798, 0.2327634698116594, 0.20794245276365697, 0.18909344735575684, 0.15889490860682076, 0.11042027768255402, 0.060546591011518824, 0.042186789021526616, 0.03405465268630414, 0.031727523556410064, 0.031217808293797833, 0.03119239778917482, 0.03117722003478529, 0.031152572483324592, 0.031118875909025956, 0.031096660356053407, 0.031073538996587824, 0.031066135546256257, 0.031064999341952504, 0.031064945512865427, 0.031064943979066673, 0.031064943900024122, 0.031064943890924623, 0.03106494389092429]}, "8": {"maxiter": 500, "gtol": 1e-05, "xrtol": 1e-05, "eps": 1e-05, "duration": 0.04778099060058594, "fun": "0.031064943962716862", "jac": "[ 1.73024928e-06 -2.49866794e-07  1.27899913e-06 -3.38220563e-06\n -1.38022926e-06 -1.82920346e-06]", "hess_inv": "[[  2.77116708  -0.53302344   0.19073323  -0.44124696   0.31859365\n    1.24440098]\n [ -0.53302344  13.38413122 -10.26323451  -1.09997389  -3.31165314\n   -2.82187323]\n [  0.19073323 -10.26323451  12.09939025   0.48918694   2.2633262\n    2.30631056]\n [ -0.44124696  -1.09997389   0.48918694   2.74643049   0.37760799\n   -0.19390546]\n [  0.31859365  -3.31165314   2.2633262    0.37760799   3.11668674\n    0.76274224]\n [  1.24440098  -2.82187323   2.30631056  -0.19390546   0.76274224\n    3.7746745 ]]", "nfev": "210", "njev": "30", "status": "0", "success": "True", "message": "Optimization terminated successfully.", "x": "[ 0.49374665 -0.17766797  1.82863246  4.53085792  7.6064192   1.78907299]", "nit": "28", "callback": [0.5196507142779643, 0.47224825102671664, 0.4458149121567493, 0.40650461591365383, 0.3325793324294024, 0.30385565404221293, 0.2857990863279234, 0.25733603974818076, 0.23275040683826387, 0.20792873720755223, 0.18906959924422928, 0.1588527934305639, 0.11035479603791576, 0.060530107220595486, 0.04218324979044907, 0.034052303364434655, 0.03172470349894363, 0.031216773484243676, 0.0311918870392609, 0.03117674649661828, 0.03115211671487761, 0.03111843056982977, 0.031096329345759566, 0.031073482089261084, 0.03106612181087509, 0.031064997875904554, 0.031064945495266283, 0.031064943962716862]}, "9": {"maxiter": 500, "gtol": 1e-05, "xrtol": 1e-05, "eps": 1e-10, "duration": 0.047696828842163086, "fun": "0.031064943979066673", "jac": "[ 2.22044587e-06  0.00000000e+00  4.44089173e-06  2.22044587e-06\n  0.00000000e+00 -2.22044587e-06]", "hess_inv": "[[  2.77343014  -0.5486613    0.20711715  -0.44289864   0.3140585\n    1.24994548]\n [ -0.5486613   13.96410746 -10.89210258  -1.21013871  -3.482437\n   -2.89268155]\n [  0.20711715 -10.89210258  12.7714195    0.62170352   2.45357214\n    2.37860596]\n [ -0.44289864  -1.21013871   0.62170352   2.76362263   0.40798921\n   -0.17561384]\n [  0.3140585   -3.482437     2.45357214   0.40798921   3.13571599\n    0.79703285]\n [  1.24994548  -2.89268155   2.37860596  -0.17561384   0.79703285\n    3.77837575]]", "nfev": "210", "njev": "30", "status": "0", "success": "True", "message": "Optimization terminated successfully.", "x": "[ 0.49374978 -0.17769921  1.82867217  4.53087374  7.60643052  1.78908142]", "nit": "28", "callback": [0.5196508796148147, 0.4722485178018513, 0.44581573973892397, 0.4065091627945553, 0.3325869496444136, 0.30385437239167545, 0.2858010521492934, 0.2573425639168798, 0.2327634698116594, 0.20794245276365697, 0.18909344735575684, 0.15889490860682076, 0.11042027768255402, 0.060546591011518824, 0.042186789021526616, 0.03405465268630414, 0.031727523556410064, 0.031217808293797833, 0.03119239778917482, 0.03117722003478529, 0.031152572483324592, 0.031118875909025956, 0.031096660356053407, 0.031073538996587824, 0.031066135546256257, 0.031064999341952504, 0.031064945512865427, 0.031064943979066673]}, "10": {"maxiter": 500, "gtol": 1e-05, "xrtol": 1e-10, "eps": 1e-05, "duration": 0.047544002532958984, "fun": "0.031064943962716862", "jac": "[ 1.73024928e-06 -2.49866794e-07  1.27899913e-06 -3.38220563e-06\n -1.38022926e-06 -1.82920346e-06]", "hess_inv": "[[  2.77116708  -0.53302344   0.19073323  -0.44124696   0.31859365\n    1.24440098]\n [ -0.53302344  13.38413122 -10.26323451  -1.09997389  -3.31165314\n   -2.82187323]\n [  0.19073323 -10.26323451  12.09939025   0.48918694   2.2633262\n    2.30631056]\n [ -0.44124696  -1.09997389   0.48918694   2.74643049   0.37760799\n   -0.19390546]\n [  0.31