{"date": "2024/09/25/, 09:31:15", "conf_id": 194, "data_type": "non_lin_ind\n", "num_data_points": 2, "s_rank": 0, "unitary": "[[-0.24866696+0.58742286j,-0.44704345-0.43151574j,-0.35669027-0.20570733j,-0.10517633+0.1626036j],[0.10596805-0.19687975j,-0.30269685-0.15056416j,0.18246286+0.30440582j,-0.83484447-0.11310748j],[0.26054512-0.52548482j,0.0285017-0.50723956j,-0.43110112+0.17165838j,0.15243271+0.39915801j],[0.42978035+0.11991271j,-0.17224126-0.46030424j,0.6827807-0.15164662j,0.26483638+0.0061855j]]", "databatch_0": {"databatch": "[[[-0.11949773-0.31250486j,0.14468803+0.20437826j,0.0495448-0.16623003j,0.30212626-0.02099238j],[-0.00207534-0.12796894j,0.00599639+0.17092967j,-0.06107527+0.18994016j,-0.12381369+0.04429287j],[0.15211021-0.04436808j,0.00286069-0.07545444j,0.04854038-0.25414679j,0.27424273-0.03095184j],[-0.0248603+0.35752387j,0.07668937+0.44582239j,-0.21625339-0.17538477j,0.10574539+0.07145864j]],[[0.12383421-0.27952339j,-0.00153249-0.1670405j,0.14567223-0.21841251j,-0.1523522-0.03142128j],[-0.09169339+0.05015338j,0.07094234-0.01054511j,0.00865014+0.10393569j,0.00847779-0.04218231j],[0.15739061-0.19218557j,-0.05374151-0.09708992j,0.10582936-0.13957061j,0.03323504-0.02340036j],[0.14868414-0.39461618j,0.37794483-0.11471085j,-0.18253994+0.0902499j,-0.02057394+0.52405692j]]]", "initial param values": "[4.82568984,6.13070677,1.0410939,3.40196214,3.02465996,3.43661611]", "nelder_mead": {"type": "gradient-free", "0": {"maxiter": 100, "fatol": 1e-05, "xatol": 1e-05, "duration": 0.039608001708984375, "fun": "0.3465037726035758", "nit": "100", "nfev": "156", "status": "2", "success": "False", "message": "Maximum number of iterations has been exceeded.", "x": "[5.31645191 7.93726539 1.02823109 3.48323072 4.07406311 1.49518117]", "final_simplex": "(array([[5.31645191, 7.93726539, 1.02823109, 3.48323072, 4.07406311,\n        1.49518117],\n       [5.29007485, 7.92354938, 1.04017789, 3.53044079, 4.03944884,\n        1.46622932],\n       [5.31494698, 7.93450417, 1.02759719, 3.50689878, 4.01113802,\n        1.46410674],\n       [5.33673592, 7.93957724, 1.03636685, 3.48085563, 3.99304339,\n        1.44323749],\n       [5.33418055, 7.97414845, 1.02234403, 3.47815847, 3.98597047,\n        1.37331618],\n       [5.36445745, 7.92612617, 1.0297199 , 3.51285975, 4.04702126,\n        1.47384782],\n       [5.3152746 , 7.90622455, 1.02922283, 3.49531123, 4.00453525,\n        1.4473306 ]]), array([0.34650377, 0.34654768, 0.34680905, 0.34686721, 0.34711215,\n       0.34712106, 0.34719653]))", "callback": [0.7322810133270627, 0.547734566557118, 0.41459770766320536, 0.38842992188783076, 0.3520945775985831, 0.3520945775985831, 0.34872979643934454, 0.3482391597763296, 0.3478859460250564, 0.3472276829059018]}, "1": {"maxiter": 100, "fatol": 1e-05, "xatol": 1e-10, "duration": 0.03914499282836914, "fun": "0.3465037726035758", "nit": "100", "nfev": "156", "status": "2", "success": "False", "message": "Maximum number of iterations has been exceeded.", "x": "[5.31645191 7.93726539 1.02823109 3.48323072 4.07406311 1.49518117]", "final_simplex": "(array([[5.31645191, 7.93726539, 1.02823109, 3.48323072, 4.07406311,\n        1.49518117],\n       [5.29007485, 7.92354938, 1.04017789, 3.53044079, 4.03944884,\n        1.46622932],\n       [5.31494698, 7.93450417, 1.02759719, 3.50689878, 4.01113802,\n        1.46410674],\n       [5.33673592, 7.93957724, 1.03636685, 3.48085563, 3.99304339,\n        1.44323749],\n       [5.33418055, 7.97414845, 1.02234403, 3.47815847, 3.98597047,\n        1.37331618],\n       [5.36445745, 7.92612617, 1.0297199 , 3.51285975, 4.04702126,\n        1.47384782],\n       [5.3152746 , 7.90622455, 1.02922283, 3.49531123, 4.00453525,\n        1.4473306 ]]), array([0.34650377, 0.34654768, 0.34680905, 0.34686721, 0.34711215,\n       0.34712106, 0.34719653]))", "callback": [0.7322810133270627, 0.547734566557118, 0.41459770766320536, 0.38842992188783076, 0.3520945775985831, 0.3520945775985831, 0.34872979643934454, 0.3482391597763296, 0.3478859460250564, 0.3472276829059018]}, "2": {"maxiter": 100, "fatol": 1e-10, "xatol": 1e-05, "duration": 0.03685402870178223, "fun": "0.3465037726035758", "nit": "100", "nfev": "156", "status": "2", "success": "False", "message": "Maximum number of iterations has been exceeded.", "x": "[5.31645191 7.93726539 1.02823109 3.48323072 4.07406311 1.49518117]", "final_simplex": "(array([[5.31645191, 7.93726539, 1.02823109, 3.48323072, 4.07406311,\n        1.49518117],\n       [5.29007485, 7.92354938, 1.04017789, 3.53044079, 4.03944884,\n        1.46622932],\n       [5.31494698, 7.93450417, 1.02759719, 3.50689878, 4.01113802,\n        1.46410674],\n       [5.33673592, 7.93957724, 1.03636685, 3.48085563, 3.99304339,\n        1.44323749],\n       [5.33418055, 7.97414845, 1.02234403, 3.47815847, 3.98597047,\n        1.37331618],\n       [5.36445745, 7.92612617, 1.0297199 , 3.51285975, 4.04702126,\n        1.47384782],\n       [5.3152746 , 7.90622455, 1.02922283, 3.49531123, 4.00453525,\n        1.4473306 ]]), array([0.34650377, 0.34654768, 0.34680905, 0.34686721, 0.34711215,\n       0.34712106, 0.34719653]))", "callback": [0.7322810133270627, 0.547734566557118, 0.41459770766320536, 0.38842992188783076, 0.3520945775985831, 0.3520945775985831, 0.34872979643934454, 0.3482391597763296, 0.3478859460250564, 0.3472276829059018]}, "3": {"maxiter": 100, "fatol": 1e-10, "xatol": 1e-10, "duration": 0.035980939865112305, "fun": "0.3465037726035758", "nit": "100", "nfev": "156", "status": "2", "success": "False", "message": "Maximum number of iterations has been exceeded.", "x": "[5.31645191 7.93726539 1.02823109 3.48323072 4.07406311 1.49518117]", "final_simplex": "(array([[5.31645191, 7.93726539, 1.02823109, 3.48323072, 4.07406311,\n        1.49518117],\n       [5.29007485, 7.92354938, 1.04017789, 3.53044079, 4.03944884,\n        1.46622932],\n       [5.31494698, 7.93450417, 1.02759719, 3.50689878, 4.01113802,\n        1.46410674],\n       [5.33673592, 7.93957724, 1.03636685, 3.48085563, 3.99304339,\n        1.44323749],\n       [5.33418055, 7.97414845, 1.02234403, 3.47815847, 3.98597047,\n        1.37331618],\n       [5.36445745, 7.92612617, 1.0297199 , 3.51285975, 4.04702126,\n        1.47384782],\n       [5.3152746 , 7.90622455, 1.02922283, 3.49531123, 4.00453525,\n        1.4473306 ]]), array([0.34650377, 0.34654768, 0.34680905, 0.34686721, 0.34711215,\n       0.34712106, 0.34719653]))", "callback": [0.7322810133270627, 0.547734566557118, 0.41459770766320536, 0.38842992188783076, 0.3520945775985831, 0.3520945775985831, 0.34872979643934454, 0.3482391597763296, 0.3478859460250564, 0.3472276829059018]}, "4": {"maxiter": 500, "fatol": 1e-05, "xatol": 1e-05, "duration": 0.12834787368774414, "fun": "0.3412960855771111", "nit": "345", "nfev": "545", "status": "0", "success": "True", "message": "Optimization terminated successfully.", "x": "[5.35207288 7.98880532 1.29855234 3.53905273 4.35867577 1.56364539]", "final_simplex": "(array([[5.35207288, 7.98880532, 1.29855234, 3.53905273, 4.35867577,\n        1.56364539],\n       [5.3520706 , 7.98880298, 1.29855314, 3.5390524 , 4.35866915,\n        1.56364065],\n       [5.35207203, 7.98880167, 1.29855335, 3.53905316, 4.35866789,\n        1.56363908],\n       [5.3520717 , 7.988805  , 1.29855482, 3.53905324, 4.35867521,\n        1.56364397],\n       [5.35207135, 7.98880492, 1.29855248, 3.53905449, 4.35867128,\n        1.56364254],\n       [5.35207338, 7.98880595, 1.29855497, 3.53905304, 4.35866888,\n        1.56363784],\n       [5.35207229, 7.98880387, 1.29855358, 3.53905403, 4.35866746,\n        1.56363593]]), array([0.34129609, 0.34129609, 0.34129609, 0.34129609, 0.34129609,\n       0.34129609, 0.34129609]))", "callback": [0.7322810133270627, 0.547734566557118, 0.41459770766320536, 0.38842992188783076, 0.3520945775985831, 0.3520945775985831, 0.34872979643934454, 0.3482391597763296, 0.3478859460250564, 0.3472276829059018, 0.3461061896479083, 0.3448471398081491, 0.3440857953706714, 0.3440857953706714, 0.34346540106745493, 0.342392684337645, 0.34137127864428474, 0.3413237047818798, 0.341302821585854, 0.34129738525697895, 0.34129738525697895, 0.3412969237182819, 0.34129662704607033, 0.34129647457360457, 0.3412961882194848, 0.3412961077633354, 0.3412960983956457, 0.34129608998180994, 0.3412960869618368, 0.34129608615149276, 0.34129608567189873, 0.34129608564271363, 0.3412960855888346, 0.34129608557959024, 0.3412960855774302]}, "5": {"maxiter": 500, "fatol": 1e-05, "xatol": 1e-10, "duration": 0.17290806770324707, "fun": "0.3412960855762618", "nit": "436", "nfev": "752", "status": "0", "success": "True", "message": "Optimization terminated successfully.", "x": "[5.35207264 7.9888037  1.29855275 3.53905217 4.35867122 1.56364318]", "final_simplex": "(array([[5.35207264, 7.9888037 , 1.29855275, 3.53905217, 4.35867122,\n        1.56364318],\n       [5.35207264, 7.9888037 , 1.29855275, 3.53905217, 4.35867122,\n        1.56364318],\n       [5.35207264, 7.9888037 , 1.29855275, 3.53905217, 4.35867122,\n        1.56364318],\n       [5.35207264, 7.9888037 , 1.29855275, 3.53905217, 4.35867122,\n        1.56364318],\n       [5.35207264, 7.9888037 , 1.29855275, 3.53905217, 4.35867122,\n        1.56364318],\n       [5.35207264, 7.9888037 , 1.29855275, 3.53905217, 4.35867122,\n        1.56364318],\n       [5.35207264, 7.9888037 , 1.29855275, 3.53905217, 4.35867122,\n        1.56364318]]), array([0.34129609, 0.34129609, 0.34129609, 0.34129609, 0.34129609,\n       0.34129609, 0.34129609]))", "callback": [0.7322810133270627, 0.547734566557118, 0.41459770766320536, 0.38842992188783076, 0.3520945775985831, 0.3520945775985831, 0.34872979643934454, 0.3482391597763296, 0.3478859460250564, 0.3472276829059018, 0.3461061896479083, 0.3448471398081491, 0.3440857953706714, 0.3440857953706714, 0.34346540106745493, 0.342392684337645, 0.34137127864428474, 0.3413237047818798, 0.341302821585854, 0.34129738525697895, 0.34129738525697895, 0.3412969237182819, 0.34129662704607033, 0.34129647457360457, 0.3412961882194848, 0.3412961077633354, 0.3412960983956457, 0.34129608998180994, 0.3412960869618368, 0.34129608615149276, 0.34129608567189873, 0.34129608564271363, 0.3412960855888346, 0.34129608557959024, 0.3412960855774302, 0.34129608557649627, 0.3412960855763111, 0.34129608557627367, 0.3412960855762641, 0.3412960855762627, 0.3412960855762621, 0.3412960855762619, 0.3412960855762619, 0.3412960855762618]}, "6": {"maxiter": 500, "fatol": 1e-10, "xatol": 1e-05, "duration": 0.1368560791015625, "fun": "0.3412960855771111", "nit": "345", "nfev": "545", "status": "0", "success": "True", "message": "Optimization terminated successfully.", "x": "[5.35207288 7.98880532 1.29855234 3.53905273 4.35867577 1.56364539]", "final_simplex": "(array([[5.35207288, 7.98880532, 1.29855234, 3.53905273, 4.35867577,\n        1.56364539],\n       [5.3520706 , 7.98880298, 1.29855314, 3.5390524 , 4.35866915,\n        1.56364065],\n       [5.35207203, 7.98880167, 1.29855335, 3.53905316, 4.35866789,\n        1.56363908],\n       [5.3520717 , 7.988805  , 1.29855482, 3.53905324, 4.35867521,\n        1.56364397],\n       [5.35207135, 7.98880492, 1.29855248, 3.53905449, 4.35867128,\n        1.56364254],\n       [5.35207338, 7.98880595, 1.29855497, 3.53905304, 4.35866888,\n        1.56363784],\n       [5.35207229, 7.98880387, 1.29855358, 3.53905403, 4.35866746,\n        1.56363593]]), array([0.34129609, 0.34129609, 0.34129609, 0.34129609, 0.34129609,\n       0.34129609, 0.34129609]))", "callback": [0.7322810133270627, 0.547734566557118, 0.41459770766320536, 0.38842992188783076, 0.3520945775985831, 0.3520945775985831, 0.34872979643934454, 0.3482391597763296, 0.3478859460250564, 0.3472276829059018, 0.3461061896479083, 0.3448471398081491, 0.3440857953706714, 0.3440857953706714, 0.34346540106745493, 0.342392684337645, 0.34137127864428474, 0.3413237047818798, 0.341302821585854, 0.34129738525697895, 0.34129738525697895, 0.3412969237182819, 0.34129662704607033, 0.34129647457360457, 0.3412961882194848, 0.3412961077633354, 0.3412960983956457, 0.34129608998180994, 0.3412960869618368, 0.34129608615149276, 0.34129608567189873, 0.34129608564271363, 0.3412960855888346, 0.34129608557959024, 0.3412960855774302]}, "7": {"maxiter": 500, "fatol": 1e-10, "xatol": 1e-10, "duration": 0.1852881908416748, "fun": "0.3412960855762618", "nit": "436", "nfev": "752", "status": "0", "success": "True", "message": "Optimization terminated successfully.", "x": "[5.35207264 7.9888037  1.29855275 3.53905217 4.35867122 1.56364318]", "final_simplex": "(array([[5.35207264, 7.9888037 , 1.29855275, 3.53905217, 4.35867122,\n        1.56364318],\n       [5.35207264, 7.9888037 , 1.29855275, 3.53905217, 4.35867122,\n        1.56364318],\n       [5.35207264, 7.9888037 , 1.29855275, 3.53905217, 4.35867122,\n        1.56364318],\n       [5.35207264, 7.9888037 , 1.29855275, 3.53905217, 4.35867122,\n        1.56364318],\n       [5.35207264, 7.9888037 , 1.29855275, 3.53905217, 4.35867122,\n        1.56364318],\n       [5.35207264, 7.9888037 , 1.29855275, 3.53905217, 4.35867122,\n        1.56364318],\n       [5.35207264, 7.9888037 , 1.29855275, 3.53905217, 4.35867122,\n        1.56364318]]), array([0.34129609, 0.34129609, 0.34129609, 0.34129609, 0.34129609,\n       0.34129609, 0.34129609]))", "callback": [0.7322810133270627, 0.547734566557118, 0.41459770766320536, 0.38842992188783076, 0.3520945775985831, 0.3520945775985831, 0.34872979643934454, 0.3482391597763296, 0.3478859460250564, 0.3472276829059018, 0.3461061896479083, 0.3448471398081491, 0.3440857953706714, 0.3440857953706714, 0.34346540106745493, 0.342392684337645, 0.34137127864428474, 0.3413237047818798, 0.341302821585854, 0.34129738525697895, 0.34129738525697895, 0.3412969237182819, 0.34129662704607033, 0.34129647457360457, 0.3412961882194848, 0.3412961077633354, 0.3412960983956457, 0.34129608998180994, 0.3412960869618368, 0.34129608615149276, 0.34129608567189873, 0.34129608564271363, 0.3412960855888346, 0.34129608557959024, 0.3412960855774302, 0.34129608557649627, 0.3412960855763111, 0.34129608557627367, 0.3412960855762641, 0.3412960855762627, 0.3412960855762621, 0.3412960855762619, 0.3412960855762619, 0.3412960855762618]}, "8": {"maxiter": 1000, "fatol": 1e-05, "xatol": 1e-05, "duration": 0.1272261142730713, "fun": "0.3412960855771111", "nit": "345", "nfev": "545", "status": "0", "success": "True", "message": "Optimization terminated successfully.", "x": "[5.35207288 7.98880532 1.29855234 3.53905273 4.35867577 1.56364539]", "final_simplex": "(array([[5.35207288, 7.98880532, 1.29855234, 3.53905273, 4.35867577,\n        1.56364539],\n       [5.3520706 , 7.98880298, 1.29855314, 3.5390524 , 4.35866915,\n        1.56364065],\n       [5.35207203, 7.98880167, 1.29855335, 3.53905316, 4.35866789,\n        1.56363908],\n       [5.3520717 , 7.988805  , 1.29855482, 3.53905324, 4.35867521,\n        1.56364397],\n       [5.35207135, 7.98880492, 1.29855248, 3.53905449, 4.35867128,\n        1.56364254],\n       [5.35207338, 7.98880595, 1.29855497, 3.53905304, 4.35866888,\n        1.56363784],\n       [5.35207229, 7.98880387, 1.29855358, 3.53905403, 4.35866746,\n        1.56363593]]), array([0.34129609, 0.34129609, 0.34129609, 0.34129609, 0.34129609,\n       0.34129609, 0.34129609]))", "callback": [0.7322810133270627, 0.547734566557118, 0.41459770766320536, 0.38842992188783076, 0.3520945775985831, 0.3520945775985831, 0.34872979643934454, 0.3482391597763296, 0.3478859460250564, 0.3472276829059018, 0.3461061896479083, 0.3448471398081491, 0.3440857953706714, 0.3440857953706714, 0.34346540106745493, 0.342392684337645, 0.34137127864428474, 0.3413237047818798, 0.341302821585854, 0.34129738525697895, 0.34129738525697895, 0.3412969237182819, 0.34129662704607033, 0.34129647457360457, 0.3412961882194848, 0.3412961077633354, 0.3412960983956457, 0.34129608998180994, 0.3412960869618368, 0.34129608615149276, 0.34129608567189873, 0.34129608564271363, 0.3412960855888346, 0.34129608557959024, 0.3412960855774302]}, "9": {"maxiter": 1000, "fatol": 1e-05, "xatol": 1e-10, "duration": 0.17838597297668457, "fun": "0.3412960855762618", "nit": "436", "nfev": "752", "status": "0", "success": "True", "message": "Optimization terminated successfully.", "x": "[5.35207264 7.9888037  1.29855275 3.53905217 4.35867122 1.56364318]", "final_simplex": "(array([[5.35207264, 7.9888037 , 1.29855275, 3.53905217, 4.35867122,\n        1.56364318],\n       [5.35207264, 7.9888037 , 1.29855275, 3.53905217, 4.35867122,\n        1.56364318],\n       [5.35207264, 7.9888037 , 1.29855275, 3.53905217, 4.35867122,\n        1.56364318],\n       [5.35207264, 7.9888037 , 1.29855275, 3.53905217, 4.35867122,\n        1.56364318],\n       [5.35207264, 7.9888037 , 1.29855275, 3.53905217, 4.35867122,\n        1.56364318],\n       [5.35207264, 7.9888037 , 1.29855275, 3.53905217, 4.35867122,\n        1.56364318],\n       [5.35207264, 7.9888037 , 1.29855275, 3.53905217, 4.35867122,\n        1.56364318]]), array([0.34129609, 0.34129609, 0.34129609, 0.34129609, 0.34129609,\n       0.34129609, 0.34129609]))", "callback": [0.7322810133270627, 0.547734566557118, 0.41459770766320536, 0.38842992188783076, 0.3520945775985831, 0.3520945775985831, 0.34872979643934454, 0.3482391597763296, 0.3478859460250564, 0.3472276829059018, 0.3461061896479083, 0.3448471398081491, 0.3440857953706714, 0.3440857953706714, 0.34346540106745493, 0.342392684337645, 0.34137127864428474, 0.3413237047818798, 0.341302821585854, 0.34129738525697895, 0.34129738525697895, 0.3412969237182819, 0.34129662704607033, 0.34129647457360457, 0.3412961882194848, 0.3412961077633354, 0.3412960983956457, 0.34129608998180994, 0.3412960869618368, 0.34129608615149276, 0.34129608567189873, 0.34129608564271363, 0.3412960855888346, 0.34129608557959024, 0.3412960855774302, 0.34129608557649627, 0.3412960855763111, 0.34129608557627367, 0.3412960855762641, 0.3412960855762627, 0.3412960855762621, 0.3412960855762619, 0.3412960855762619, 0.3412960855762618]}, "10": {"maxiter": 1000, "fatol": 1e-10, "xatol": 1e-05, "duration": 0.1261751651763916, "fun": "0.3412960855771111", "nit": "345", "nfev": "545", "status": "0", "success": "True", "message": "Optimization terminated successfully.", "x": "[5.35207288 7.98880532 1.29855234 3.53905273 4.35867577 1.56364539]", "final_simplex": "(array([[5.35207288, 7.98880532, 1.29855234, 3.53905273, 4.35867577,\n        1.56364539],\n       [5.3520706 , 7.98880298, 1.29855314, 3.5390524 , 4.35866915,\n        1.56364065],\n       [5.35207203, 7.98880167, 1.29855335, 3.53905316, 4.35866789,\n        1.56363908],\n       [5.3520717 , 7.988805  , 1.29855482, 3.53905324, 4.35867521,\n        1.56364397],\n       [5.35207135, 7.98880492, 1.29855248, 3.53905449, 4.35867128,\n        1.56364254],\n       [5.35207338, 7.98880595, 1.29855497, 3.53905304, 4.35866888,\n        1.56363784],\n       [5.35207229, 7.98880387, 1.29855358, 3.53905403, 4.35866746,\n        1.56363593]]), array([0.34129609, 0.34129609, 0.34129609, 0.34129609, 0.34129609,\n       0.34129609, 0.34129609]))", "callback": [0.7322810133270627, 0.547734566557118, 0.41459770766320536, 0.38842992188783076, 0.3520945775985831, 0.3520945775985831, 0.34872979643934454, 0.3482391597763296, 0.3478859460250564, 0.3472276829059018, 0.3461061896479083, 0.3448471398081491, 0.3440857953706714, 0.3440857953706714, 0.34346540106745493, 0.342392684337645, 0.34137127864428474, 0.3413237047818798, 0.341302821585854, 0.34129738525697895, 0.34129738525697895, 0.3412969237182819, 0.34129662704607033, 0.34129647457360457, 0.3412961882194848, 0.3412961077633354, 0.3412960983956457, 0.34129608998180994, 0.3412960869618368, 0.34129608615149276, 0.34129608567189873, 0.34129608564271363, 0.3412960855888346, 0.34129608557959024, 0.3412960855774302]}, "11": {"maxiter": 1000, "fatol": 1e-10, "xatol": 1e-10, "duration": 0.1745908260345459, "fun": "0.3412960855762618", "nit": "436", "nfev": "752", "status": "0", "success": "True", "message": "Optimization terminated successfully.", "x": "[5.35207264 7.9888037  1.29855275 3.53905217 4.35867122 1.56364318]", "final_simplex": "(array([[5.35207264, 7.9888037 , 1.29855275, 3.53905217, 4.35867122,\n        1.56364318],\n       [5.35207264, 7.9888037 , 1.29855275, 3.53905217, 4.35867122,\n        1.56364318],\n       [5.35207264, 7.9888037 , 1.29855275, 3.53905217, 4.35867122,\n        1.56364318],\n       [5.35207264, 7.9888037 , 1.29855275, 3.53905217, 4.35867122,\n        1.56364318],\n       [5.35207264, 7.9888037 , 1.29855275, 3.53905217, 4.35867122,\n        1.56364318],\n       [5.35207264, 7.9888037 , 1.29855275, 3.53905217, 4.35867122,\n        1.56364318],\n       [5.35207264, 7.9888037 , 1.29855275, 3.53905217, 4.35867122,\n        1.56364318]]), array([0.34129609, 0.34129609, 0.34129609, 0.34129609, 0.34129609,\n       0.34129609, 0.34129609]))", "callback": [0.7322810133270627, 0.547734566557118, 0.41459770766320536, 0.38842992188783076, 0.3520945775985831, 0.3520945775985831, 0.34872979643934454, 0.3482391597763296, 0.3478859460250564, 0.3472276829059018, 0.3461061896479083, 0.3448471398081491, 0.3440857953706714, 0.3440857953706714, 0.34346540106745493, 0.342392684337645, 0.34137127864428474, 0.3413237047818798, 0.341302821585854, 0.34129738525697895, 0.34129738525697895, 0.3412969237182819, 0.34129662704607033, 0.34129647457360457, 0.3412961882194848, 0.3412961077633354, 0.3412960983956457, 0.34129608998180994, 0.3412960869618368, 0.34129608615149276, 0.34129608567189873, 0.34129608564271363, 0.3412960855888346, 0.34129608557959024, 0.3412960855774302, 0.34129608557649627, 0.3412960855763111, 0.34129608557627367, 0.3412960855762641, 0.3412960855762627, 0.3412960855762621, 0.3412960855762619, 0.3412960855762619, 0.3412960855762618]}}, "bfgs": {"type": "gradient", "0": {"maxiter": 100, "gtol": 1e-05, "xrtol": 1e-05, "eps": 1e-05, "duration": 0.04530596733093262, "fun": "0.3412960857751719", "jac": "[ 5.86031224e-07  6.45464793e-06  6.28841423e-06  8.87268037e-07\n -6.81581458e-06  6.70817846e-06]", "hess_inv": "[[ 3.16533891e+00  3.96564466e-01  1.50010195e+00  4.99885942e-02\n   3.54354077e-01 -2.07220608e+00]\n [ 3.96564466e-01  6.02021862e+00 -7.52480957e-01 -7.51530513e-03\n   4.65650687e+00  1.69393230e+00]\n [ 1.50010195e+00 -7.52480957e-01  8.55111960e+00  1.09414914e+00\n   1.36934873e+00 -3.88883866e+00]\n [ 4.99885942e-02 -7.51530513e-03  1.09414914e+00  3.12654888e+00\n   8.34019687e-01  2.39531257e-01]\n [ 3.54354077e-01  4.65650687e+00  1.36934873e+00  8.34019687e-01\n   3.11407724e+01  2.76811083e+01]\n [-2.07220608e+00  1.69393230e+00 -3.88883866e+00  2.39531257e-01\n   2.76811083e+01  3.39161870e+01]]", "nfev": "189", "njev": "27", "status": "0", "success": "True", "message": "Optimization terminated successfully.", "x": "[5.35206619 7.98879894 1.29855231 3.5390492  4.35857973 1.56357578]", "nit": "25", "callback": [0.669700144347137, 0.6191203773927239, 0.572406076330774, 0.5039515122508645, 0.46594696573622096, 0.4310498339121671, 0.4069616704529858, 0.38814706404654875, 0.3720592790847226, 0.36493701585455773, 0.3534535361810064, 0.34361824859871104, 0.34233209429996747, 0.34186766556768533, 0.34181316978598775, 0.341740409087247, 0.3417024275635362, 0.34164634530717464, 0.3415562622634004, 0.34142237635088923, 0.3413245946945691, 0.34129980089524536, 0.34129619508529385, 0.34129608804315914, 0.3412960857751719]}, "1": {"maxiter": 100, "gtol": 1e-05, "xrtol": 1e-05, "eps": 1e-10, "duration": 0.04395174980163574, "fun": "0.34129608572815406", "jac": "[-1.11022293e-06  5.55111466e-06  7.77156053e-06  3.33066880e-06\n -6.66133760e-06  7.77156053e-06]", "hess_inv": "[[ 3.16062935e+00  3.91017106e-01  1.50898776e+00  5.39185072e-02\n   3.26746991e-01 -2.08618566e+00]\n [ 3.91017106e-01  5.98305222e+00 -7.29640349e-01 -3.09214073e-02\n   4.37803192e+00  1.40906346e+00]\n [ 1.50898776e+00 -7.29640349e-01  8.54309359e+00  1.09310468e+00\n   1.49795349e+00 -3.78055310e+00]\n [ 5.39185072e-02 -3.09214073e-02  1.09310468e+00  3.12793031e+00\n   7.80369911e-01  1.89944415e-01]\n [ 3.26746991e-01  4.37803192e+00  1.49795349e+00  7.80369911e-01\n   2.96717961e+01  2.63087804e+01]\n [-2.08618566e+00  1.40906346e+00 -3.78055310e+00  1.89944415e-01\n   2.63087804e+01  3.26366838e+01]]", "nfev": "189", "njev": "27", "status": "0", "success": "True", "message": "Optimization terminated successfully.", "x": "[5.35207072 7.98881228 1.29857979 3.53906386 4.35869485 1.56366647]", "nit": "25", "callback": [0.6696994930044307, 0.619120028943444, 0.572405238002615, 0.5039505741201764, 0.46594602673431207, 0.4310492637379014, 0.4069608928246282, 0.38814594661731205, 0.3720577937744345, 0.36493586695138724, 0.353452945449928, 0.3436184572526966, 0.3423322549191784, 0.3418678804069988, 0.34181337017701163, 0.3417406146807951, 0.34170269309195567, 0.34164646040341284, 0.3415560561515093, 0.34142187029401194, 0.3413246258364103, 0.3412997658511916, 0.3412961805828042, 0.3412960868090932, 0.34129608572815406]}, "2": {"maxiter": 100, "gtol": 1e-05, "xrtol": 1e-10, "eps": 1e-05, "duration": 0.044782161712646484, "fun": "0.3412960857751719", "jac": "[ 5.86031224e-07  6.45464793e-06  6.28841423e-06  8.87268037e-07\n -6.81581458e-06  6.70817846e-06]", "hess_inv": "[[ 3.16533891e+00  3.96564466e-01  1.50010195e+00  4.99885942e-02\n   3.54354077e-01 -2.07220608e+00]\n [ 3.96564466e-01  6.02021862e+00 -7.52480957e-01 -7.51530513e-03\n   4.65650687e+00  1.69393230e+00]\n [ 1.50010195e+00 -7.52480957e-01  8.55111960e+00  1.09414914e+00\n   1.36934873e+00 -3.88883866e+00]\n [ 4.99885942e-02 -7.51530513e-03  1.09414914e+00  3.12654888e+00\n   8.34019687e-01  2.39531257e-01]\n [ 3.54354077e-01  4.65650687e+00  1.36934873e+00  8.34019687e-01\n   3.11407724e+01  2.76811083e+01]\n [-2.07220608e+00  1.69393230e+00 -3.88883866e+00  2.39531257e-01\n   2.76811083e+01  3.39161870e+01]]", "nfev": "189", "njev": "27", "status": "0", "success": "True", "message": "Optimization terminated successfully.", "x": "[5.35206619 7.98879894 1.29855231 3.5390492  4.35857973 1.56357578]", "nit": "25", "callback": [0.669700144347137, 0.6191203773927239, 0.572406076330774, 0.5039515122508645, 0.46594696573622096, 0.4310498339121671, 0.4069616704529858, 0.38814706404654875, 0.3720592790847226, 0.36493701585455773, 0.3534535361810064, 0.34361824859871104, 0.34233209429996747, 0.34186766556768533, 0.34181316978598775, 0.341740409087247, 0.3417024275635362, 0.34164634530717464, 0.3415562622634004, 0.34142237635088923, 0.3413245946945691, 0.34129980089524536, 0.34129619508529385, 0.34129608804315914, 0.3412960857751719]}, "3": {"maxiter": 100, "gtol": 1e-05, "xrtol": 1e-10, "eps": 1e-10, "duration": 0.04441404342651367, "fun": "0.34129608572815406", "jac": "[-1.11022293e-06  5.55111466e-06  7.77156053e-06  3.33066880e-06\n -6.66133760e-06  7.77156053e-06]", "hess_inv": "[[ 3.16062935e+00  3.91017106e-01  1.50898776e+00  5.39185072e-02\n   3.26746991e-01 -2.08618566e+00]\n [ 3.91017106e-01  5.98305222e+00 -7.29640349e-01 -3.09214073e-02\n   4.37803192e+00  1.40906346e+00]\n [ 1.50898776e+00 -7.29640349e-01  8.54309359e+00  1.09310468e+00\n   1.49795349e+00 -3.78055310e+00]\n [ 5.39185072e-02 -3.09214073e-02  1.09310468e+00  3.12793031e+00\n   7.80369911e-01  1.89944415e-01]\n [ 3.26746991e-01  4.37803192e+00  1.49795349e+00  7.80369911e-01\n   2.96717961e+01  2.63087804e+01]\n [-2.08618566e+00  1.40906346e+00 -3.78055310e+00  1.89944415e-01\n   2.63087804e+01  3.26366838e+01]]", "nfev": "189", "njev": "27", "status": "0", "success": "True", "message": "Optimization terminated successfully.", "x": "[5.35207072 7.98881228 1.29857979 3.53906386 4.35869485 1.56366647]", "nit": "25", "callback": [0.6696994930044307, 0.619120028943444, 0.572405238002615, 0.5039505741201764, 0.46594602673431207, 0.4310492637379014, 0.4069608928246282, 0.38814594661731205, 0.3720577937744345, 0.36493586695138724, 0.353452945449928, 0.3436184572526966, 0.3423322549191784, 0.3418678804069988, 0.34181337017701163, 0.3417406146807951, 0.34170269309195567, 0.34164646040341284, 0.3415560561515093, 0.34142187029401194, 0.3413246258364103, 0.3412997658511916, 0.3412961805828042, 0.3412960868090932, 0.34129608572815406]}, "4": {"maxiter": 100, "gtol": 1e-10, "xrtol": 1e-05, "eps": 1e-05, "duration": 0.047331809997558594, "fun": "0.3412960857433113", "jac": "[ 3.58035823e-07  9.33919608e-08 -8.79074591e-08 -8.28226376e-08\n -8.41438030e-08  1.14652732e-07]", "hess_inv": "[[ 3.16038621  0.42781946  1.54057565  0.05574286  0.41296892 -1.99987341]\n [ 0.42781946  5.83380732 -0.97123137 -0.06636629  4.41507908  1.3284846 ]\n [ 1.54057565 -0.97123137  8.34451513  0.9708159   1.32533572 -4.17175798]\n [ 0.05574286 -0.06636629  0.9708159   3.16676759  0.49854703 -0.03393806]\n [ 0.41296892  4.41507908  1.32533572  0.49854703 31.97118496 27.90487777]\n [-1.99987341  1.3284846  -4.17175798 -0.03393806 27.90487777 33.62483413]]", "nfev": "196", "njev": "28", "status": "0", "success": "True", "message": "Optimization terminated successfully.", "x": "[5.35206807 7.98878838 1.29854135 3.53904431 4.35857293 1.56355928]", "nit": "26", "callback": [0.669700144347137, 0.6191203773927239, 0.572406076330774, 0.5039515122508645, 0.46594696573622096, 0.4310498339121671, 0.4069616704529858, 0.38814706404654875, 0.3720592790847226, 0.36493701585455773, 0.3534535361810064, 0.34361824859871104, 0.34233209429996747, 0.34186766556768533, 0.34181316978598775, 0.341740409087247, 0.3417024275635362, 0.34164634530717464, 0.3415562622634004, 0.34142237635088923, 0.3413245946945691, 0.34129980089524536, 0.34129619508529385, 0.34129608804315914, 0.3412960857751719, 0.3412960857433113]}, "5": {"maxiter": 100, "gtol": 1e-10, "xrtol": 1e-05, "eps": 1e-10, "duration": 0.047417640686035156, "fun": "0.3412960855902354", "jac": "[ 3.33066880e-06  2.22044587e-06  4.44089173e-06  0.00000000e+00\n  1.11022293e-06 -2.22044587e-06]", "hess_inv": "[[ 3.13150714  0.44246048  1.67645898  0.06750841  0.51079058 -1.8731368 ]\n [ 0.44246048  5.92760594 -0.8842395  -0.13468438  4.08423632  1.01467278]\n [ 1.67645898 -0.8842395   8.14307119  0.6969928   0.56441121 -5.07766746]\n [ 0.06750841 -0.13468438  0.6969928   3.30114736  0.62399471  0.13115555]\n [ 0.51079058  4.08423632  0.56441121  0.62399471 28.5363697  24.94642545]\n [-1.8731368   1.01467278 -5.07766746  0.13115555 24.94642545 31.08728011]]", "nfev": "196", "njev": "28", "status": "0", "success": "True", "message": "Optimization terminated successfully.", "x": "[5.35207644 7.98880651 1.29856418 3.53905141 4.3586625  1.56362237]", "nit": "26", "callback": [0.6696994930044307, 0.619120028943444, 0.572405238002615, 0.5039505741201764, 0.46594602673431207, 0.4310492637379014, 0.4069608928246282, 0.38814594661731205, 0.3720577937744345, 0.36493586695138724, 0.353452945449928, 0.3436184572526966, 0.3423322549191784, 0.3418678804069988, 0.34181337017701163, 0.3417406146807951, 0.34170269309195567, 0.34164646040341284, 0.3415560561515093, 0.34142187029401194, 0.3413246258364103, 0.3412997658511916, 0.3412961805828042, 0.3412960868090932, 0.34129608572815406, 0.3412960855902354]}, "6": {"maxiter": 100, "gtol": 1e-10, "xrtol": 1e-10, "eps": 1e-05, "duration": 0.10968780517578125, "fun": "0.3412960857433113", "jac": "[ 3.58035823e-07  9.33919608e-08 -8.79074591e-08 -8.28226376e-08\n -8.41438030e-08  1.14652732e-07]", "hess_inv": "[[ 3.14629341e+00  4.62108367e-01  1.59024156e+00  7.75528538e-02\n   4.30033516e-01 -1.94989649e+00]\n [ 4.62108367e-01  5.89332937e+00 -9.88734758e-01 -7.20372748e-02\n   4.48154499e+00  1.44189523e+00]\n [ 1.59024156e+00 -9.88734758e-01  8.24418477e+00  9.28214293e-01\n   1.34325881e+00 -4.17800023e+00]\n [ 7.75528538e-02 -7.20372748e-02  9.28214293e-01  3.14872795e+00\n   5.07940089e-01 -3.33660192e-02]\n [ 4.30033516e-01  4.48154499e+00  1.34325881e+00  5.07940089e-01\n   3.20320950e+01  2.80218895e+01]\n [-1.94989649e+00  1.44189523e+00 -4.17800023e+00 -3.33660192e-02\n   2.80218895e+01  3.38339549e+01]]", "nfev": "467", "njev": "65", "status": "2", "success": "False", "message": "Desired error not necessarily achieved due to precision loss.", "x": "[5.35206807 7.98878838 1.29854135 3.53904431 4.35857293 1.56355928]", "nit": "26", "callback": [0.669700144347137, 0.6191203773927239, 0.572406076330774, 0.5039515122508645, 0.46594696573622096, 0.4310498339121671, 0.4069616704529858, 0.38814706404654875, 0.3720592790847226, 0.36493701585455773, 0.3534535361810064, 0.34361824859871104, 0.34233209429996747, 0.34186766556768533, 0.34181316978598775, 0.341740409087247, 0.3417024275635362, 0.34164634530717464, 0.3415562622634004, 0.34142237635088923, 0.3413245946945691, 0.34129980089524536, 0.34129619508529385, 0.34129608804315914, 0.3412960857751719, 0.3412960857433113]}, "7": {"maxiter": 100, "gtol": 1e-10, "xrtol": 1e-10, "eps": 1e-10, "duration": 0.08419990539550781, "fun": "0.34129608557805124", "jac": "[ 0.00000000e+00  1.11022293e-06 -1.11022293e-06  0.00000000e+00\n  1.11022293e-06 -1.11022293e-06]", "hess_inv": "[[  7.08214952   6.07174583  11.25936794 -13.22258637  -2.86735414\n  -21.58887841]\n [  6.07174583   8.7365199   12.07401155 -13.63205449  -4.0484554\n  -24.88456822]\n [ 11.25936794  12.07401155  21.76219259 -24.08875993  -5.56479567\n  -39.84922248]\n [-13.22258637 -13.63205449 -24.08875993  27.66575631   6.34443979\n   45.4649702 ]\n [ -2.86735414  -4.0484554   -5.56479567   6.34443979   2.1654152\n   11.81126356]\n [-21.58887841 -24.88456822 -39.84922248  45.4649702   11.81126356\n   78.57709565]]", "nfev": "364", "njev": "52", "status": "0", "success": "True", "message": "Optimization terminated successfully.", "x": "[5.35207066 7.98880197 1.29855249 3.53905311 4.35866612 1.56363778]", "nit": "34", "callback": [0.6696994930044307, 0.619120028943444, 0.572405238002615, 0.5039505741201764, 0.46594602673431207, 0.4310492637379014, 0.4069608928246282, 0.38814594661731205, 0.3720577937744345, 0.36493586695138724, 0.353452945449928, 0.3436184572526966, 0.3423322549191784, 0.3418678804069988, 0.34181337017701163, 0.3417406146807951, 0.34170269309195567, 0.34164646040341284, 0.3415560561515093, 0.34142187029401194, 0.3413246258364103, 0.3412997658511916, 0.3412961805828042, 0.3412960868090932, 0.34129608572815406, 0.3412960855902354, 0.34129608558712055, 0.341296085584878, 0.34129608558313895, 0.3412960855814817, 0.34129608558015456, 0.3412960855780822, 0.34129608557805124, 0.34129608557805124]}, "8": {"maxiter": 500, "gtol": 1e-05, "xrtol": 1e-05, "eps": 1e-05, "duration": 0.04486393928527832, "fun": "0.3412960857751719", "jac": "[ 5.86031224e-07  6.45464793e-06  6.28841423e-06  8.87268037e-07\n -6.81581458e-06  6.70817846e-06]", "hess_inv": "[[ 3.16533891e+00  3.96564466e-01  1.50010195e+00  4.99885942e-02\n   3.54354077e-01 -2.07220608e+00]\n [ 3.96564466e-01  6.02021862e+00 -7.52480957e-01 -7.51530513e-03\n   4.65650687e+00  1.69393230e+00]\n [ 1.50010195e+00 -7.52480957e-01  8.55111960e+00  1.09414914e+00\n   1.36934873e+00 -3.88883866e+00]\n [ 4.99885942e-02 -7.51530513e-03  1.09414914e+00  3.12654888e+00\n   8.34019687e-01  2.39531257e-01]\n [ 3.54354077e-01  4.65650687e+00  1.36934873e+00  8.34019687e-01\n   3.11407724e+01  2.76811083e+01]\n [-2.07220608e+00  1.69393230e+00 -3.88883866e+00  2.39531257e-01\n   2.76811083e+01  3.39161870e+01]]", "nfev": "189", "njev": "27", "status": "0", "success": "True", "message": "Optimization terminated successfully.", "x": "[5.35206619 7.98879894 1.29855231 3.5390492  4.35857973 1.56357578]", "nit": "25", "callback": [0.669700144347137, 0.6191203773927239, 0.572406076330774, 0.5039515122508645, 0.46594696573622096, 0.4310498339121671, 0.4069616704529858, 0.38814706404654875, 0.3720592790847226, 0.36493701585455773, 0.3534535361810064, 0.34361824859871104, 0.34233209429996747, 0.34186766556768533, 0.34181316978598775, 0.341740409087247, 0.3417024275635362, 0.34164634530717464, 0.3415562622634004, 0.34142237635088923, 0.3413245946945691, 0.34129980089524536, 0.34129619508529385, 0.34129608804315914, 0.3412960857751719]}, "9": {"maxiter": 500, "gtol": 1e-05, "xrtol": 1e-05, "eps": 1e-10, "duration": 0.044715166091918945, "fun": "0.34129608572815406", "jac": "[-1.11022293e-06  5.55111466e-06  7.77156053e-06  3.33066880e-06\n -6.66133760e-06  7.77156053e-06]", "hess_inv": "[[ 3.16062935e+00  3.91017106e-01  1.50898776e+00  5.39185072e-02\n   3.26746991e-01 -2.08618566e+00]\n [ 3.91017106e-01  5.98305222e+00 -7.29640349e-01 -3.09214073e-02\n   4.37803192e+00  1.40906346e+00]\n [ 1.50898776e+00 -7.29640349e-01  8.54309359e+00  1.09310468e+00\n   1.49795349e+00 -3.78055310e+00]\n [ 5.39185072e-02 -3.09214073e-02  1.09310468e+00  3.12793031e+00\n   7.80369911e-01  1.89944415e-01]\n [ 3.26746991e-01  4.37803192e+00  1.49795349e+00  7.80369911e-01\n   2.96717961e+01  2.63087804e+01]\n [-2.08618566e+00  1.40906346e+00 -3.78055310e+00  1.89944415e-01\n   2.63087804e+01  3.26366838e+01]]", "nfev": "189", "njev": "27", "status": "0", "success": "True", "message": "Optimization terminated successfully.", "x": "[5.35207072 7.98881228 1.29857979 3.53906386 4.35869485 1.56366647]", "nit": "25", "callback": [0.6696994930044307, 0.619120028943444, 0.572405238002615, 0.5039505741201764, 0.46594602673431207, 0.4310492637379014, 0.4069608928246282, 0.38814594661731205, 0.3720577937744345, 0.36493586695138724, 0.353452945449928, 0.3436184572526966, 0.3423322549191784, 0.3418678804069988, 0.34181337017701163, 0.3417406146807951, 0.34170269309195567, 0.34164646040341284, 0.3415560561515093, 0.34142187029401194, 0.3413246258364103, 0.3412997658511916, 0.3412961805828042, 0.3412960868090932, 0.34129608572815406]}, "10": {"maxiter": 500, "gtol": 1e-05, "xrtol": 1e-10, "eps": 1e-05, "duration": 0.043647050857543945, "fun": "0.3412960857751719", "jac": "[ 5.86031224e-07  6.45464793e-06  6.28841423e-06  8.87268037e-07\n -6.81581458e-06  6.70817846e-06]", "hess_inv": "[[ 3.16533891e+00  3.96564466e-01  1.50010195e+00  4.99885942e-02\n   3.54354077e-01 -2.07220608e+00]\n [ 3.96564466e-01  6.02021862e+00 -7.52480957e-01 -7.51530513e-03\n   4.65650687e+00  1.69393230e+00]\n [ 1.50010195e+00 -7.52480957e-01  8.55111960e+00  1.09414914e+00\n   1.36934873e+00 -3.88883866e+00]\n [ 4.99885942e-02 -7.51530513e-03  1.09414914e+00  3.12654888e+00\n   8.34019687e-01  2.39531257e-01]\n [ 3.54354077e-01  4.65650687e+00  1.36934873e+00  8.34019687e-01\n   3.11407724e+01  2.76811083e+01]\n [-2.07220608e+00  1.69393230e+00 -3.88883866e+00  2.39531257e-01\n   2.76811083e+01  3.39161870e+01]]", "nfev": "189", "njev": "27", "status": "0", "success": "True", "message": "Optimization terminated successfully.", "x": "[5.35206619 7.98879894 1.29855231 3.5390492  4.35857973 1.56357578]", "nit": "25", "callback": [0.669700144347137, 0.6191203773927239, 0.572406076330774, 0.5039515122508645, 0.46594696573622096, 0.4310498339121671, 0.4069616704529858, 0.38814706404654875, 0.3720592790847226, 0.36493701585455773, 0.3534535361810064, 0.34361824859871104, 0.34233209429996747, 0.34186766556768533, 0.34181316978598775, 0.341740409087247, 0.3417024275635362, 0.34164634530717464, 0.3415562622634004, 0.34142237635088923, 0.3413245946945691, 0.34129980089524536, 0.34129619508529385, 0.34129608804315914, 0.3412960857751719]}, "11": {"maxiter": 500, "gtol": 1e-05, "xrtol": 1e-10, "eps": 1e-10, "duration": 0.04395794868469238, "fun": "0.34129608572815406", "jac": "[-1.11022293e-06  5.55111466e-06  7.77156053e-06  3.33066880e-06\n -6.66133760e-06  7.77156053e-06]", "hess_inv": "[[ 3.16062935e+00  3.91017106e-01  1.50898776e+00  5.39185072e-02\n   3.26746991e-01 -2.08618566e+00]\n [ 3.91017106e-01  5.98305222e+00 -7.29640349e-01 -3.09214073e-02\n   4.37803192e+00  1.40906346e+00]\n [ 1.50898776e+00 -7.29640349e-01  8.54309359e+00  1.09310468e+00\n   1.49795349e+00 -3.78055310e+00]\n [ 5.39185072e-02 -3.09214073e-02  1.09310468e+00  3.12793031e+00\n   7.80369911e-01  1.89944415e-01]\n [ 3.26746991e-01  4.37803192e+00  1.49795349e+00  7.80369911e-01\n   2.96717961e+01  2.63087804e+01]\n [-2.08618566e+00  1.40906346e+00 -3.78055310e+00  1.89944415e-01\n   2.630878