{"date": "2024/09/25/, 19:07:11", "conf_id": 298, "data_type": "var_s_rank\n", "num_data_points": 3, "s_rank": 0, "unitary": "[[-0.53618537-0.34368723j,-0.12107031-0.46226139j,-0.07699282-0.46603512j,0.36022595-0.11472301j],[0.26026499-0.63450712j,-0.56616638+0.37832564j,-0.14988651+0.08458591j,0.10363514-0.16008501j],[-0.32580188-0.11070003j,-0.36476308-0.23593218j,0.02559343+0.41761608j,-0.25598305+0.6725303j],[0.07406738-0.0126433j,0.28513701+0.19483972j,-0.74939717-0.10299659j,0.29798249+0.46269921j]]", "databatch_0": {"databatch": "[[[-0.20072247+0.09619098j,-0.2289043-0.28860917j,-0.0619873+0.17920202j,-0.01064724+0.01606657j],[0.14106929-0.17516239j,-0.02303927-0.15885728j,0.05045182+0.00395237j,0.35190722+0.11026957j],[-0.20930459+0.30231818j,-0.03832204-0.19426236j,0.12948232-0.30391964j,0.16373572-0.05970971j],[0.02992466-0.0975904j,0.01702103+0.11742673j,-0.4066395-0.10096574j,0.2185139-0.04260677j]],[[-0.20639509-0.20979747j,0.19963016-0.20259047j,0.11565688-0.14963256j,-0.12793291+0.03373298j],[0.24720589-0.03689359j,0.20906814-0.23383588j,0.18345214+0.0816751j,0.13459858-0.08363212j],[0.00551933+0.29785738j,0.03796705-0.35790486j,-0.17168519-0.06712563j,0.19716597+0.17799602j],[-0.14622548-0.1169028j,0.20630851-0.2021291j,-0.00444815+0.28318305j,0.08461219+0.15574949j]],[[-0.0564755-0.28023857j,0.25191327-0.1532747j,-0.0643666-0.29233158j,0.07776488+0.00146255j],[-0.25116701+0.25022272j,0.00363317+0.13963795j,0.11961341-0.36274403j,-0.17051556-0.00186531j],[-0.03455851+0.05421205j,0.11157349+0.25655267j,-0.0711979-0.15635147j,0.32090116-0.12058328j],[0.13337138+0.05559829j,-0.27071375-0.10850744j,0.09216358-0.21754587j,0.00260563-0.15586939j]]]", "initial param values": "[3.41481412,4.17220425,0.25345417,5.73438729,0.03112493,3.26318114]", "nelder_mead": {"type": "gradient-free", "0": {"maxiter": 100, "fatol": 1e-05, "xatol": 1e-05, "duration": 0.03609490394592285, "fun": "0.6146842827388208", "nit": "100", "nfev": "156", "status": "2", "success": "False", "message": "Maximum number of iterations has been exceeded.", "x": "[4.50201249e+00 5.27097920e+00 9.31939402e-01 6.82847049e+00\n 3.12292897e-03 4.28139210e+00]", "final_simplex": "(array([[4.50201249e+00, 5.27097920e+00, 9.31939402e-01, 6.82847049e+00,\n        3.12292897e-03, 4.28139210e+00],\n       [4.52615684e+00, 5.34610129e+00, 9.19794889e-01, 6.85088468e+00,\n        2.57213204e-03, 4.28246706e+00],\n       [4.49151852e+00, 5.30433225e+00, 9.37952979e-01, 6.88108318e+00,\n        3.05439894e-03, 4.29164515e+00],\n       [4.58370486e+00, 5.32655936e+00, 9.41115359e-01, 6.89467722e+00,\n        1.63550618e-03, 4.29032108e+00],\n       [4.60330885e+00, 5.36156022e+00, 9.50944176e-01, 6.86405113e+00,\n        1.83316667e-03, 4.33782362e+00],\n       [4.58257096e+00, 5.32702405e+00, 9.21699771e-01, 6.85081313e+00,\n        2.54885649e-03, 4.25508185e+00],\n       [4.52626587e+00, 5.29980477e+00, 9.06770722e-01, 6.83217539e+00,\n        3.91718176e-03, 4.29310085e+00]]), array([0.61468428, 0.61493644, 0.61498911, 0.61514171, 0.61517004,\n       0.61526305, 0.61527772]))", "callback": [0.6649232380506545, 0.6599924274316673, 0.6583535367788129, 0.6565240490361843, 0.653401707069861, 0.6457996401808861, 0.6261222340365105, 0.6188719308044217, 0.6159461953340817, 0.6152777195121588]}, "1": {"maxiter": 100, "fatol": 1e-05, "xatol": 1e-10, "duration": 0.03452014923095703, "fun": "0.6146842827388208", "nit": "100", "nfev": "156", "status": "2", "success": "False", "message": "Maximum number of iterations has been exceeded.", "x": "[4.50201249e+00 5.27097920e+00 9.31939402e-01 6.82847049e+00\n 3.12292897e-03 4.28139210e+00]", "final_simplex": "(array([[4.50201249e+00, 5.27097920e+00, 9.31939402e-01, 6.82847049e+00,\n        3.12292897e-03, 4.28139210e+00],\n       [4.52615684e+00, 5.34610129e+00, 9.19794889e-01, 6.85088468e+00,\n        2.57213204e-03, 4.28246706e+00],\n       [4.49151852e+00, 5.30433225e+00, 9.37952979e-01, 6.88108318e+00,\n        3.05439894e-03, 4.29164515e+00],\n       [4.58370486e+00, 5.32655936e+00, 9.41115359e-01, 6.89467722e+00,\n        1.63550618e-03, 4.29032108e+00],\n       [4.60330885e+00, 5.36156022e+00, 9.50944176e-01, 6.86405113e+00,\n        1.83316667e-03, 4.33782362e+00],\n       [4.58257096e+00, 5.32702405e+00, 9.21699771e-01, 6.85081313e+00,\n        2.54885649e-03, 4.25508185e+00],\n       [4.52626587e+00, 5.29980477e+00, 9.06770722e-01, 6.83217539e+00,\n        3.91718176e-03, 4.29310085e+00]]), array([0.61468428, 0.61493644, 0.61498911, 0.61514171, 0.61517004,\n       0.61526305, 0.61527772]))", "callback": [0.6649232380506545, 0.6599924274316673, 0.6583535367788129, 0.6565240490361843, 0.653401707069861, 0.6457996401808861, 0.6261222340365105, 0.6188719308044217, 0.6159461953340817, 0.6152777195121588]}, "2": {"maxiter": 100, "fatol": 1e-10, "xatol": 1e-05, "duration": 0.03428292274475098, "fun": "0.6146842827388208", "nit": "100", "nfev": "156", "status": "2", "success": "False", "message": "Maximum number of iterations has been exceeded.", "x": "[4.50201249e+00 5.27097920e+00 9.31939402e-01 6.82847049e+00\n 3.12292897e-03 4.28139210e+00]", "final_simplex": "(array([[4.50201249e+00, 5.27097920e+00, 9.31939402e-01, 6.82847049e+00,\n        3.12292897e-03, 4.28139210e+00],\n       [4.52615684e+00, 5.34610129e+00, 9.19794889e-01, 6.85088468e+00,\n        2.57213204e-03, 4.28246706e+00],\n       [4.49151852e+00, 5.30433225e+00, 9.37952979e-01, 6.88108318e+00,\n        3.05439894e-03, 4.29164515e+00],\n       [4.58370486e+00, 5.32655936e+00, 9.41115359e-01, 6.89467722e+00,\n        1.63550618e-03, 4.29032108e+00],\n       [4.60330885e+00, 5.36156022e+00, 9.50944176e-01, 6.86405113e+00,\n        1.83316667e-03, 4.33782362e+00],\n       [4.58257096e+00, 5.32702405e+00, 9.21699771e-01, 6.85081313e+00,\n        2.54885649e-03, 4.25508185e+00],\n       [4.52626587e+00, 5.29980477e+00, 9.06770722e-01, 6.83217539e+00,\n        3.91718176e-03, 4.29310085e+00]]), array([0.61468428, 0.61493644, 0.61498911, 0.61514171, 0.61517004,\n       0.61526305, 0.61527772]))", "callback": [0.6649232380506545, 0.6599924274316673, 0.6583535367788129, 0.6565240490361843, 0.653401707069861, 0.6457996401808861, 0.6261222340365105, 0.6188719308044217, 0.6159461953340817, 0.6152777195121588]}, "3": {"maxiter": 100, "fatol": 1e-10, "xatol": 1e-10, "duration": 0.033735036849975586, "fun": "0.6146842827388208", "nit": "100", "nfev": "156", "status": "2", "success": "False", "message": "Maximum number of iterations has been exceeded.", "x": "[4.50201249e+00 5.27097920e+00 9.31939402e-01 6.82847049e+00\n 3.12292897e-03 4.28139210e+00]", "final_simplex": "(array([[4.50201249e+00, 5.27097920e+00, 9.31939402e-01, 6.82847049e+00,\n        3.12292897e-03, 4.28139210e+00],\n       [4.52615684e+00, 5.34610129e+00, 9.19794889e-01, 6.85088468e+00,\n        2.57213204e-03, 4.28246706e+00],\n       [4.49151852e+00, 5.30433225e+00, 9.37952979e-01, 6.88108318e+00,\n        3.05439894e-03, 4.29164515e+00],\n       [4.58370486e+00, 5.32655936e+00, 9.41115359e-01, 6.89467722e+00,\n        1.63550618e-03, 4.29032108e+00],\n       [4.60330885e+00, 5.36156022e+00, 9.50944176e-01, 6.86405113e+00,\n        1.83316667e-03, 4.33782362e+00],\n       [4.58257096e+00, 5.32702405e+00, 9.21699771e-01, 6.85081313e+00,\n        2.54885649e-03, 4.25508185e+00],\n       [4.52626587e+00, 5.29980477e+00, 9.06770722e-01, 6.83217539e+00,\n        3.91718176e-03, 4.29310085e+00]]), array([0.61468428, 0.61493644, 0.61498911, 0.61514171, 0.61517004,\n       0.61526305, 0.61527772]))", "callback": [0.6649232380506545, 0.6599924274316673, 0.6583535367788129, 0.6565240490361843, 0.653401707069861, 0.6457996401808861, 0.6261222340365105, 0.6188719308044217, 0.6159461953340817, 0.6152777195121588]}, "4": {"maxiter": 500, "fatol": 1e-05, "xatol": 1e-05, "duration": 0.1745147705078125, "fun": "0.44911753989906467", "nit": "500", "nfev": "770", "status": "2", "success": "False", "message": "Maximum number of iterations has been exceeded.", "x": "[ 4.26894384  5.62503305  1.12845681  7.46539752 -1.53217339  5.31503162]", "final_simplex": "(array([[ 4.26894384,  5.62503305,  1.12845681,  7.46539752, -1.53217339,\n         5.31503162],\n       [ 4.26893726,  5.62517225,  1.12838254,  7.46537163, -1.5321411 ,\n         5.31508404],\n       [ 4.26898859,  5.62526076,  1.12851934,  7.46520853, -1.53235132,\n         5.31505208],\n       [ 4.26906574,  5.62520785,  1.12847047,  7.46525972, -1.53224254,\n         5.31514811],\n       [ 4.26898326,  5.62508661,  1.12847613,  7.46518208, -1.53237532,\n         5.3152188 ],\n       [ 4.26897291,  5.62502848,  1.12845149,  7.46520055, -1.53208027,\n         5.31496765],\n       [ 4.26904271,  5.625109  ,  1.12832778,  7.46522098, -1.53237925,\n         5.31505468]]), array([0.44911754, 0.44911755, 0.44911755, 0.44911756, 0.44911756,\n       0.44911756, 0.44911756]))", "callback": [0.6649232380506545, 0.6599924274316673, 0.6583535367788129, 0.6565240490361843, 0.653401707069861, 0.6457996401808861, 0.6261222340365105, 0.6188719308044217, 0.6159461953340817, 0.6152777195121588, 0.6146594585926046, 0.6139973616028642, 0.6125801178229489, 0.6113007866083071, 0.6108455314088503, 0.6108073950182571, 0.6107455515968339, 0.6107376983820012, 0.6107192334254903, 0.6106955519814481, 0.6106000428702649, 0.6103281885355485, 0.6098583183242505, 0.6090153549255612, 0.6066259542326409, 0.5986476645284937, 0.5915714276021873, 0.5878883445505205, 0.5812706486194699, 0.5696085023078248, 0.5671706421259819, 0.5649690406753589, 0.557129794364243, 0.5366963788326529, 0.478115719744192, 0.45677926510813494, 0.45254591613241424, 0.44995130890752233, 0.4493143349570583, 0.44919693206710487, 0.4491697702575955, 0.44914311045755706, 0.44912183720885757, 0.4491201993172762, 0.44911838194634124, 0.4491177271463219, 0.4491176236075486, 0.44911758380547306, 0.4491175725827484, 0.4491175634583313]}, "5": {"maxiter": 500, "fatol": 1e-05, "xatol": 1e-10, "duration": 0.17477202415466309, "fun": "0.44911753989906467", "nit": "500", "nfev": "770", "status": "2", "success": "False", "message": "Maximum number of iterations has been exceeded.", "x": "[ 4.26894384  5.62503305  1.12845681  7.46539752 -1.53217339  5.31503162]", "final_simplex": "(array([[ 4.26894384,  5.62503305,  1.12845681,  7.46539752, -1.53217339,\n         5.31503162],\n       [ 4.26893726,  5.62517225,  1.12838254,  7.46537163, -1.5321411 ,\n         5.31508404],\n       [ 4.26898859,  5.62526076,  1.12851934,  7.46520853, -1.53235132,\n         5.31505208],\n       [ 4.26906574,  5.62520785,  1.12847047,  7.46525972, -1.53224254,\n         5.31514811],\n       [ 4.26898326,  5.62508661,  1.12847613,  7.46518208, -1.53237532,\n         5.3152188 ],\n       [ 4.26897291,  5.62502848,  1.12845149,  7.46520055, -1.53208027,\n         5.31496765],\n       [ 4.26904271,  5.625109  ,  1.12832778,  7.46522098, -1.53237925,\n         5.31505468]]), array([0.44911754, 0.44911755, 0.44911755, 0.44911756, 0.44911756,\n       0.44911756, 0.44911756]))", "callback": [0.6649232380506545, 0.6599924274316673, 0.6583535367788129, 0.6565240490361843, 0.653401707069861, 0.6457996401808861, 0.6261222340365105, 0.6188719308044217, 0.6159461953340817, 0.6152777195121588, 0.6146594585926046, 0.6139973616028642, 0.6125801178229489, 0.6113007866083071, 0.6108455314088503, 0.6108073950182571, 0.6107455515968339, 0.6107376983820012, 0.6107192334254903, 0.6106955519814481, 0.6106000428702649, 0.6103281885355485, 0.6098583183242505, 0.6090153549255612, 0.6066259542326409, 0.5986476645284937, 0.5915714276021873, 0.5878883445505205, 0.5812706486194699, 0.5696085023078248, 0.5671706421259819, 0.5649690406753589, 0.557129794364243, 0.5366963788326529, 0.478115719744192, 0.45677926510813494, 0.45254591613241424, 0.44995130890752233, 0.4493143349570583, 0.44919693206710487, 0.4491697702575955, 0.44914311045755706, 0.44912183720885757, 0.4491201993172762, 0.44911838194634124, 0.4491177271463219, 0.4491176236075486, 0.44911758380547306, 0.4491175725827484, 0.4491175634583313]}, "6": {"maxiter": 500, "fatol": 1e-10, "xatol": 1e-05, "duration": 0.17563891410827637, "fun": "0.44911753989906467", "nit": "500", "nfev": "770", "status": "2", "success": "False", "message": "Maximum number of iterations has been exceeded.", "x": "[ 4.26894384  5.62503305  1.12845681  7.46539752 -1.53217339  5.31503162]", "final_simplex": "(array([[ 4.26894384,  5.62503305,  1.12845681,  7.46539752, -1.53217339,\n         5.31503162],\n       [ 4.26893726,  5.62517225,  1.12838254,  7.46537163, -1.5321411 ,\n         5.31508404],\n       [ 4.26898859,  5.62526076,  1.12851934,  7.46520853, -1.53235132,\n         5.31505208],\n       [ 4.26906574,  5.62520785,  1.12847047,  7.46525972, -1.53224254,\n         5.31514811],\n       [ 4.26898326,  5.62508661,  1.12847613,  7.46518208, -1.53237532,\n         5.3152188 ],\n       [ 4.26897291,  5.62502848,  1.12845149,  7.46520055, -1.53208027,\n         5.31496765],\n       [ 4.26904271,  5.625109  ,  1.12832778,  7.46522098, -1.53237925,\n         5.31505468]]), array([0.44911754, 0.44911755, 0.44911755, 0.44911756, 0.44911756,\n       0.44911756, 0.44911756]))", "callback": [0.6649232380506545, 0.6599924274316673, 0.6583535367788129, 0.6565240490361843, 0.653401707069861, 0.6457996401808861, 0.6261222340365105, 0.6188719308044217, 0.6159461953340817, 0.6152777195121588, 0.6146594585926046, 0.6139973616028642, 0.6125801178229489, 0.6113007866083071, 0.6108455314088503, 0.6108073950182571, 0.6107455515968339, 0.6107376983820012, 0.6107192334254903, 0.6106955519814481, 0.6106000428702649, 0.6103281885355485, 0.6098583183242505, 0.6090153549255612, 0.6066259542326409, 0.5986476645284937, 0.5915714276021873, 0.5878883445505205, 0.5812706486194699, 0.5696085023078248, 0.5671706421259819, 0.5649690406753589, 0.557129794364243, 0.5366963788326529, 0.478115719744192, 0.45677926510813494, 0.45254591613241424, 0.44995130890752233, 0.4493143349570583, 0.44919693206710487, 0.4491697702575955, 0.44914311045755706, 0.44912183720885757, 0.4491201993172762, 0.44911838194634124, 0.4491177271463219, 0.4491176236075486, 0.44911758380547306, 0.4491175725827484, 0.4491175634583313]}, "7": {"maxiter": 500, "fatol": 1e-10, "xatol": 1e-10, "duration": 0.17212414741516113, "fun": "0.44911753989906467", "nit": "500", "nfev": "770", "status": "2", "success": "False", "message": "Maximum number of iterations has been exceeded.", "x": "[ 4.26894384  5.62503305  1.12845681  7.46539752 -1.53217339  5.31503162]", "final_simplex": "(array([[ 4.26894384,  5.62503305,  1.12845681,  7.46539752, -1.53217339,\n         5.31503162],\n       [ 4.26893726,  5.62517225,  1.12838254,  7.46537163, -1.5321411 ,\n         5.31508404],\n       [ 4.26898859,  5.62526076,  1.12851934,  7.46520853, -1.53235132,\n         5.31505208],\n       [ 4.26906574,  5.62520785,  1.12847047,  7.46525972, -1.53224254,\n         5.31514811],\n       [ 4.26898326,  5.62508661,  1.12847613,  7.46518208, -1.53237532,\n         5.3152188 ],\n       [ 4.26897291,  5.62502848,  1.12845149,  7.46520055, -1.53208027,\n         5.31496765],\n       [ 4.26904271,  5.625109  ,  1.12832778,  7.46522098, -1.53237925,\n         5.31505468]]), array([0.44911754, 0.44911755, 0.44911755, 0.44911756, 0.44911756,\n       0.44911756, 0.44911756]))", "callback": [0.6649232380506545, 0.6599924274316673, 0.6583535367788129, 0.6565240490361843, 0.653401707069861, 0.6457996401808861, 0.6261222340365105, 0.6188719308044217, 0.6159461953340817, 0.6152777195121588, 0.6146594585926046, 0.6139973616028642, 0.6125801178229489, 0.6113007866083071, 0.6108455314088503, 0.6108073950182571, 0.6107455515968339, 0.6107376983820012, 0.6107192334254903, 0.6106955519814481, 0.6106000428702649, 0.6103281885355485, 0.6098583183242505, 0.6090153549255612, 0.6066259542326409, 0.5986476645284937, 0.5915714276021873, 0.5878883445505205, 0.5812706486194699, 0.5696085023078248, 0.5671706421259819, 0.5649690406753589, 0.557129794364243, 0.5366963788326529, 0.478115719744192, 0.45677926510813494, 0.45254591613241424, 0.44995130890752233, 0.4493143349570583, 0.44919693206710487, 0.4491697702575955, 0.44914311045755706, 0.44912183720885757, 0.4491201993172762, 0.44911838194634124, 0.4491177271463219, 0.4491176236075486, 0.44911758380547306, 0.4491175725827484, 0.4491175634583313]}, "8": {"maxiter": 1000, "fatol": 1e-05, "xatol": 1e-05, "duration": 0.21968579292297363, "fun": "0.44911752714088726", "nit": "573", "nfev": "890", "status": "0", "success": "True", "message": "Optimization terminated successfully.", "x": "[ 4.26875765  5.62519485  1.12851797  7.46555612 -1.53240912  5.31502163]", "final_simplex": "(array([[ 4.26875765,  5.62519485,  1.12851797,  7.46555612, -1.53240912,\n         5.31502163],\n       [ 4.26875383,  5.62519384,  1.12851103,  7.46555873, -1.53241293,\n         5.31502498],\n       [ 4.26875969,  5.62519251,  1.12850909,  7.46555824, -1.53240883,\n         5.31502098],\n       [ 4.26875544,  5.62519451,  1.12851395,  7.46555641, -1.53241498,\n         5.31501798],\n       [ 4.26875728,  5.62518758,  1.12851022,  7.4655538 , -1.53241131,\n         5.31502464],\n       [ 4.26875809,  5.62519288,  1.12850939,  7.46555806, -1.53240313,\n         5.31501527],\n       [ 4.26875385,  5.62519897,  1.12851806,  7.46555279, -1.53241186,\n         5.31502121]]), array([0.44911753, 0.44911753, 0.44911753, 0.44911753, 0.44911753,\n       0.44911753, 0.44911753]))", "callback": [0.6649232380506545, 0.6599924274316673, 0.6583535367788129, 0.6565240490361843, 0.653401707069861, 0.6457996401808861, 0.6261222340365105, 0.6188719308044217, 0.6159461953340817, 0.6152777195121588, 0.6146594585926046, 0.6139973616028642, 0.6125801178229489, 0.6113007866083071, 0.6108455314088503, 0.6108073950182571, 0.6107455515968339, 0.6107376983820012, 0.6107192334254903, 0.6106955519814481, 0.6106000428702649, 0.6103281885355485, 0.6098583183242505, 0.6090153549255612, 0.6066259542326409, 0.5986476645284937, 0.5915714276021873, 0.5878883445505205, 0.5812706486194699, 0.5696085023078248, 0.5671706421259819, 0.5649690406753589, 0.557129794364243, 0.5366963788326529, 0.478115719744192, 0.45677926510813494, 0.45254591613241424, 0.44995130890752233, 0.4493143349570583, 0.44919693206710487, 0.4491697702575955, 0.44914311045755706, 0.44912183720885757, 0.4491201993172762, 0.44911838194634124, 0.4491177271463219, 0.4491176236075486, 0.44911758380547306, 0.4491175725827484, 0.4491175634583313, 0.44911753989906467, 0.4491175302630742, 0.4491175287747391, 0.4491175277641978, 0.4491175274108169, 0.4491175272246696, 0.4491175271583143, 0.4491175271432556]}, "9": {"maxiter": 1000, "fatol": 1e-05, "xatol": 1e-10, "duration": 0.264998197555542, "fun": "0.44911752713818875", "nit": "689", "nfev": "1128", "status": "0", "success": "True", "message": "Optimization terminated successfully.", "x": "[ 4.26875664  5.62519404  1.12851529  7.46555943 -1.53241086  5.31502232]", "final_simplex": "(array([[ 4.26875664,  5.62519404,  1.12851529,  7.46555943, -1.53241086,\n         5.31502232],\n       [ 4.26875664,  5.62519404,  1.12851529,  7.46555943, -1.53241086,\n         5.31502232],\n       [ 4.26875664,  5.62519404,  1.12851529,  7.46555943, -1.53241086,\n         5.31502232],\n       [ 4.26875664,  5.62519404,  1.12851529,  7.46555943, -1.53241086,\n         5.31502232],\n       [ 4.26875664,  5.62519404,  1.12851529,  7.46555943, -1.53241086,\n         5.31502232],\n       [ 4.26875664,  5.62519404,  1.12851529,  7.46555943, -1.53241086,\n         5.31502232],\n       [ 4.26875664,  5.62519404,  1.12851529,  7.46555943, -1.53241086,\n         5.31502232]]), array([0.44911753, 0.44911753, 0.44911753, 0.44911753, 0.44911753,\n       0.44911753, 0.44911753]))", "callback": [0.6649232380506545, 0.6599924274316673, 0.6583535367788129, 0.6565240490361843, 0.653401707069861, 0.6457996401808861, 0.6261222340365105, 0.6188719308044217, 0.6159461953340817, 0.6152777195121588, 0.6146594585926046, 0.6139973616028642, 0.6125801178229489, 0.6113007866083071, 0.6108455314088503, 0.6108073950182571, 0.6107455515968339, 0.6107376983820012, 0.6107192334254903, 0.6106955519814481, 0.6106000428702649, 0.6103281885355485, 0.6098583183242505, 0.6090153549255612, 0.6066259542326409, 0.5986476645284937, 0.5915714276021873, 0.5878883445505205, 0.5812706486194699, 0.5696085023078248, 0.5671706421259819, 0.5649690406753589, 0.557129794364243, 0.5366963788326529, 0.478115719744192, 0.45677926510813494, 0.45254591613241424, 0.44995130890752233, 0.4493143349570583, 0.44919693206710487, 0.4491697702575955, 0.44914311045755706, 0.44912183720885757, 0.4491201993172762, 0.44911838194634124, 0.4491177271463219, 0.4491176236075486, 0.44911758380547306, 0.4491175725827484, 0.4491175634583313, 0.44911753989906467, 0.4491175302630742, 0.4491175287747391, 0.4491175277641978, 0.4491175274108169, 0.4491175272246696, 0.4491175271583143, 0.4491175271432556, 0.4491175271398694, 0.44911752713843034, 0.4491175271382608, 0.4491175271382172, 0.4491175271382002, 0.4491175271381931, 0.449117527138191, 0.44911752713818975, 0.4491175271381892, 0.449117527138189, 0.44911752713818875]}, "10": {"maxiter": 1000, "fatol": 1e-10, "xatol": 1e-05, "duration": 0.204941987991333, "fun": "0.44911752714088726", "nit": "573", "nfev": "890", "status": "0", "success": "True", "message": "Optimization terminated successfully.", "x": "[ 4.26875765  5.62519485  1.12851797  7.46555612 -1.53240912  5.31502163]", "final_simplex": "(array([[ 4.26875765,  5.62519485,  1.12851797,  7.46555612, -1.53240912,\n         5.31502163],\n       [ 4.26875383,  5.62519384,  1.12851103,  7.46555873, -1.53241293,\n         5.31502498],\n       [ 4.26875969,  5.62519251,  1.12850909,  7.46555824, -1.53240883,\n         5.31502098],\n       [ 4.26875544,  5.62519451,  1.12851395,  7.46555641, -1.53241498,\n         5.31501798],\n       [ 4.26875728,  5.62518758,  1.12851022,  7.4655538 , -1.53241131,\n         5.31502464],\n       [ 4.26875809,  5.62519288,  1.12850939,  7.46555806, -1.53240313,\n         5.31501527],\n       [ 4.26875385,  5.62519897,  1.12851806,  7.46555279, -1.53241186,\n         5.31502121]]), array([0.44911753, 0.44911753, 0.44911753, 0.44911753, 0.44911753,\n       0.44911753, 0.44911753]))", "callback": [0.6649232380506545, 0.6599924274316673, 0.6583535367788129, 0.6565240490361843, 0.653401707069861, 0.6457996401808861, 0.6261222340365105, 0.6188719308044217, 0.6159461953340817, 0.6152777195121588, 0.6146594585926046, 0.6139973616028642, 0.6125801178229489, 0.6113007866083071, 0.6108455314088503, 0.6108073950182571, 0.6107455515968339, 0.6107376983820012, 0.6107192334254903, 0.6106955519814481, 0.6106000428702649, 0.6103281885355485, 0.6098583183242505, 0.6090153549255612, 0.6066259542326409, 0.5986476645284937, 0.5915714276021873, 0.5878883445505205, 0.5812706486194699, 0.5696085023078248, 0.5671706421259819, 0.5649690406753589, 0.557129794364243, 0.5366963788326529, 0.478115719744192, 0.45677926510813494, 0.45254591613241424, 0.44995130890752233, 0.4493143349570583, 0.44919693206710487, 0.4491697702575955, 0.44914311045755706, 0.44912183720885757, 0.4491201993172762, 0.44911838194634124, 0.4491177271463219, 0.4491176236075486, 0.44911758380547306, 0.4491175725827484, 0.4491175634583313, 0.44911753989906467, 0.4491175302630742, 0.4491175287747391, 0.4491175277641978, 0.4491175274108169, 0.4491175272246696, 0.4491175271583143, 0.4491175271432556]}, "11": {"maxiter": 1000, "fatol": 1e-10, "xatol": 1e-10, "duration": 0.25862598419189453, "fun": "0.44911752713818875", "nit": "689", "nfev": "1128", "status": "0", "success": "True", "message": "Optimization terminated successfully.", "x": "[ 4.26875664  5.62519404  1.12851529  7.46555943 -1.53241086  5.31502232]", "final_simplex": "(array([[ 4.26875664,  5.62519404,  1.12851529,  7.46555943, -1.53241086,\n         5.31502232],\n       [ 4.26875664,  5.62519404,  1.12851529,  7.46555943, -1.53241086,\n         5.31502232],\n       [ 4.26875664,  5.62519404,  1.12851529,  7.46555943, -1.53241086,\n         5.31502232],\n       [ 4.26875664,  5.62519404,  1.12851529,  7.46555943, -1.53241086,\n         5.31502232],\n       [ 4.26875664,  5.62519404,  1.12851529,  7.46555943, -1.53241086,\n         5.31502232],\n       [ 4.26875664,  5.62519404,  1.12851529,  7.46555943, -1.53241086,\n         5.31502232],\n       [ 4.26875664,  5.62519404,  1.12851529,  7.46555943, -1.53241086,\n         5.31502232]]), array([0.44911753, 0.44911753, 0.44911753, 0.44911753, 0.44911753,\n       0.44911753, 0.44911753]))", "callback": [0.6649232380506545, 0.6599924274316673, 0.6583535367788129, 0.6565240490361843, 0.653401707069861, 0.6457996401808861, 0.6261222340365105, 0.6188719308044217, 0.6159461953340817, 0.6152777195121588, 0.6146594585926046, 0.6139973616028642, 0.6125801178229489, 0.6113007866083071, 0.6108455314088503, 0.6108073950182571, 0.6107455515968339, 0.6107376983820012, 0.6107192334254903, 0.6106955519814481, 0.6106000428702649, 0.6103281885355485, 0.6098583183242505, 0.6090153549255612, 0.6066259542326409, 0.5986476645284937, 0.5915714276021873, 0.5878883445505205, 0.5812706486194699, 0.5696085023078248, 0.5671706421259819, 0.5649690406753589, 0.557129794364243, 0.5366963788326529, 0.478115719744192, 0.45677926510813494, 0.45254591613241424, 0.44995130890752233, 0.4493143349570583, 0.44919693206710487, 0.4491697702575955, 0.44914311045755706, 0.44912183720885757, 0.4491201993172762, 0.44911838194634124, 0.4491177271463219, 0.4491176236075486, 0.44911758380547306, 0.4491175725827484, 0.4491175634583313, 0.44911753989906467, 0.4491175302630742, 0.4491175287747391, 0.4491175277641978, 0.4491175274108169, 0.4491175272246696, 0.4491175271583143, 0.4491175271432556, 0.4491175271398694, 0.44911752713843034, 0.4491175271382608, 0.4491175271382172, 0.4491175271382002, 0.4491175271381931, 0.449117527138191, 0.44911752713818975, 0.4491175271381892, 0.449117527138189, 0.44911752713818875]}}, "bfgs": {"type": "gradient", "0": {"maxiter": 100, "gtol": 1e-05, "xrtol": 1e-05, "eps": 1e-05, "duration": 0.03773093223571777, "fun": "0.44911752722603127", "jac": "[-1.47575285e-06  1.03246300e-06 -8.57702798e-07 -3.57326391e-06\n  6.30240304e-07  3.30702132e-06]", "hess_inv": "[[ 2.49142513  0.72328716 -0.48131024 -0.95429613  0.91344835 -1.1560337 ]\n [ 0.72328716  5.00982008  2.31035524 -0.21044867 -0.397999   -0.05488245]\n [-0.48131024  2.31035524  4.61429739 -0.06387502 -1.14225603  0.50122483]\n [-0.95429613 -0.21044867 -0.06387502  2.76355349 -0.24922834 -0.32026756]\n [ 0.91344835 -0.397999   -1.14225603 -0.24922834  5.41322323 -2.21626422]\n [-1.1560337  -0.05488245  0.50122483 -0.32026756 -2.21626422  3.66349021]]", "nfev": "161", "njev": "23", "status": "0", "success": "True", "message": "Optimization terminated successfully.", "x": "[4.26874422 5.62519136 1.1285057  5.10079178 1.60917419 2.17343865]", "nit": "20", "callback": [0.6640817415986084, 0.651603281679052, 0.6444738149475497, 0.6371123394291147, 0.5933123313100261, 0.5608256555649309, 0.5071041732732833, 0.4710055651806312, 0.4687342834613978, 0.46449308482397467, 0.4572424751418177, 0.4506058161419425, 0.45013640170153524, 0.44943147228286373, 0.4491300535281376, 0.4491192608664921, 0.4491178599404121, 0.4491176116667711, 0.4491175295381922, 0.44911752722603127]}, "1": {"maxiter": 100, "gtol": 1e-05, "xrtol": 1e-05, "eps": 1e-10, "duration": 0.0370333194732666, "fun": "0.4491175273205611", "jac": "[ 2.22044587e-06  2.22044587e-06  0.00000000e+00 -1.11022293e-06\n  4.44089173e-06  6.66133760e-06]", "hess_inv": "[[ 2.55512688  0.63019855 -0.59650178 -0.83904302  0.82243336 -1.09108721]\n [ 0.63019855  4.79585189  2.27357207 -0.16620316 -0.33906172  0.10336778]\n [-0.59650178  2.27357207  4.5333419  -0.11609717 -1.15420696  0.61376064]\n [-0.83904302 -0.16620316 -0.11609717  2.75726663 -0.28283457 -0.40073189]\n [ 0.82243336 -0.33906172 -1.15420696 -0.28283457  5.35054788 -2.18779328]\n [-1.09108721  0.10336778  0.61376064 -0.40073189 -2.18779328  3.51626588]]", "nfev": "161", "njev": "23", "status": "0", "success": "True", "message": "Optimization terminated successfully.", "x": "[4.26877711 5.62520283 1.12852279 5.10080872 1.60918915 2.17345756]", "nit": "20", "callback": [0.6640816088352459, 0.6516032068690327, 0.6444737188481551, 0.637112405020323, 0.5932919131630607, 0.5608013838299108, 0.5070815943273952, 0.4714124009135562, 0.4691061944573621, 0.46480809726172556, 0.4574516330752111, 0.4506531614434144, 0.4501610801168249, 0.4494369888965558, 0.4491361974635285, 0.4491195938160818, 0.44911788566210553, 0.44911762875592853, 0.4491175307591152, 0.4491175273205611]}, "2": {"maxiter": 100, "gtol": 1e-05, "xrtol": 1e-10, "eps": 1e-05, "duration": 0.037444114685058594, "fun": "0.44911752722603127", "jac": "[-1.47575285e-06  1.03246300e-06 -8.57702798e-07 -3.57326391e-06\n  6.30240304e-07  3.30702132e-06]", "hess_inv": "[[ 2.49142513  0.72328716 -0.48131024 -0.95429613  0.91344835 -1.1560337 ]\n [ 0.72328716  5.00982008  2.31035524 -0.21044867 -0.397999   -0.05488245]\n [-0.48131024  2.31035524  4.61429739 -0.06387502 -1.14225603  0.50122483]\n [-0.95429613 -0.21044867 -0.06387502  2.76355349 -0.24922834 -0.32026756]\n [ 0.91344835 -0.397999   -1.14225603 -0.24922834  5.41322323 -2.21626422]\n [-1.1560337  -0.05488245  0.50122483 -0.32026756 -2.21626422  3.66349021]]", "nfev": "161", "njev": "23", "status": "0", "success": "True", "message": "Optimization terminated successfully.", "x": "[4.26874422 5.62519136 1.1285057  5.10079178 1.60917419 2.17343865]", "nit": "20", "callback": [0.6640817415986084, 0.651603281679052, 0.6444738149475497, 0.6371123394291147, 0.5933123313100261, 0.5608256555649309, 0.5071041732732833, 0.4710055651806312, 0.4687342834613978, 0.46449308482397467, 0.4572424751418177, 0.4506058161419425, 0.45013640170153524, 0.44943147228286373, 0.4491300535281376, 0.4491192608664921, 0.4491178599404121, 0.4491176116667711, 0.4491175295381922, 0.44911752722603127]}, "3": {"maxiter": 100, "gtol": 1e-05, "xrtol": 1e-10, "eps": 1e-10, "duration": 0.038403987884521484, "fun": "0.4491175273205611", "jac": "[ 2.22044587e-06  2.22044587e-06  0.00000000e+00 -1.11022293e-06\n  4.44089173e-06  6.66133760e-06]", "hess_inv": "[[ 2.55512688  0.63019855 -0.59650178 -0.83904302  0.82243336 -1.09108721]\n [ 0.63019855  4.79585189  2.27357207 -0.16620316 -0.33906172  0.10336778]\n [-0.59650178  2.27357207  4.5333419  -0.11609717 -1.15420696  0.61376064]\n [-0.83904302 -0.16620316 -0.11609717  2.75726663 -0.28283457 -0.40073189]\n [ 0.82243336 -0.33906172 -1.15420696 -0.28283457  5.35054788 -2.18779328]\n [-1.09108721  0.10336778  0.61376064 -0.40073189 -2.18779328  3.51626588]]", "nfev": "161", "njev": "23", "status": "0", "success": "True", "message": "Optimization terminated successfully.", "x": "[4.26877711 5.62520283 1.12852279 5.10080872 1.60918915 2.17345756]", "nit": "20", "callback": [0.6640816088352459, 0.6516032068690327, 0.6444737188481551, 0.637112405020323, 0.5932919131630607, 0.5608013838299108, 0.5070815943273952, 0.4714124009135562, 0.4691061944573621, 0.46480809726172556, 0.4574516330752111, 0.4506531614434144, 0.4501610801168249, 0.4494369888965558, 0.4491361974635285, 0.4491195938160818, 0.44911788566210553, 0.44911762875592853, 0.4491175307591152, 0.4491175273205611]}, "4": {"maxiter": 100, "gtol": 1e-10, "xrtol": 1e-05, "eps": 1e-05, "duration": 0.03908991813659668, "fun": "0.44911752717507325", "jac": "[-9.16600129e-07  1.84896543e-07 -1.73228099e-07 -6.09601258e-07\n -2.79776202e-09 -3.70103947e-07]", "hess_inv": "[[ 2.44723239  0.67036014 -0.46390002 -0.93714971  0.97265396 -1.17249256]\n [ 0.67036014  5.00085983  2.32475614 -0.30117606 -0.39907568  0.06976518]\n [-0.46390002  2.32475614  4.60820288 -0.0574441  -1.15704981  0.49060067]\n [-0.93714971 -0.30117606 -0.0574441   2.98434873 -0.12504739 -0.60898748]\n [ 0.97265396 -0.39907568 -1.15704981 -0.12504739  5.42910793 -2.38513903]\n [-1.17249256  0.06976518  0.49060067 -0.60898748 -2.38513903  4.04025   ]]", "nfev": "168", "njev": "24", "status": "0", "success": "True", "message": "Optimization terminated successfully.", "x": "[4.26874666 5.62518812 1.12850547 5.10080342 1.60917907 2.17342324]", "nit": "21", "callback": [0.6640817415986084, 0.651603281679052, 0.6444738149475497, 0.6371123394291147, 0.5933123313100261, 0.5608256555649309, 0.5071041732732833, 0.4710055651806312, 0.4687342834613978, 0.46449308482397467, 0.4572424751418177, 0.4506058161419425, 0.45013640170153524, 0.44943147228286373, 0.4491300535281376, 0.4491192608664921, 0.4491178599404121, 0.4491176116667711, 0.4491175295381922, 0.44911752722603127, 0.44911752717507325]}, "5": {"maxiter": 100, "gtol": 1e-10, "xrtol": 1e-05, "eps": 1e-10, "duration": 0.03912496566772461, "fun": "0.44911752719635334", "jac": "[4.44089173e-06 0.00000000e+00 1.11022293e-06 1.11022293e-06\n 1.11022293e-06 2.22044587e-06]", "hess_inv": "[[ 2.58480376  0.66453007 -0.6358821  -0.89918086  0.80705716 -0.98850057]\n [ 0.66453007  4.75383188  2.11661603 -0.23157517 -0.52253178  0.26345592]\n [-0.6358821   2.11661603  4.43377136 -0.03057445 -1.35961315  0.53407125]\n [-0.89918086 -0.23157517 -0.03057445  2.87891558 -0.24316623 -0.61074254]\n [ 0.80705716 -0.52253178 -1.35961315 -0.24316623  5.02267105 -2.15700323]\n [-0.98850057  0.26345592  0.53407125 -0.61074254 -2.15700323  3.84990512]]", "nfev": "168", "njev": "24", "status": "0", "success": "True", "message": "Optimization terminated successfully.", "x": "[4.2687719  5.62519111 1.12852195 5.10081958 1.60918031 2.17344243]", "nit": "21", "callback": [0.6640816088352459, 0.6516032068690327, 0.6444737188481551, 0.637112405020323, 0.5932919131630607, 0.5608013838299108, 0.5070815943273952, 0.4714124009135562, 0.4691061944573621, 0.46480809726172556, 0.4574516330752111, 0.4506531614434144, 0.4501610801168249, 0.4494369888965558, 0.4491361974635285, 0.4491195938160818, 0.44911788566210553, 0.44911762875592853, 0.4491175307591152, 0.4491175273205611, 0.44911752719635334]}, "6": {"maxiter": 100, "gtol": 1e-10, "xrtol": 1e-10, "eps": 1e-05, "duration": 0.09481692314147949, "fun": "0.449117527161193", "jac": "[ 3.75255382e-09  3.44169138e-10 -2.55351296e-10  3.13082893e-09\n -1.86517468e-09 -1.38777878e-09]", "hess_inv": "[[ 3.81894863  0.10776886 -0.10506901  0.03521933  1.19019317 -0.25679733]\n [ 0.10776886  5.27072163  2.16186552 -0.65006685 -0.50089338 -0.44762719]\n [-0.10506901  2.16186552  4.7044619   0.18757297 -1.0947783   0.763929  ]\n [ 0.03521933 -0.65006685  0.18757297  3.63893074 -0.01883089  0.05021994]\n [ 1.19019317 -0.50089338 -1.0947783  -0.01883089  5.45342277 -2.13489025]\n [-0.25679733 -0.44762719  0.763929    0.05021994 -2.13489025  4.79252281]]", "nfev": "410", "njev": "57", "status": "2", "success": "False", "message": "Desired error not necessarily achieved due to precision loss.", "x": "[4.26875036 5.62518698 1.12850624 5.10080606 1.60917928 2.17342514]", "nit": "25", "callback": [0.6640817415986084, 0.651603281679052, 0.6444738149475497, 0.6371123394291147, 0.5933123313100261, 0.5608256555649309, 0.5071041732732833, 0.4710055651806312, 0.4687342834613978, 0.46449308482397467, 0.4572424751418177, 0.4506058161419425, 0.45013640170153524, 0.44943147228286373, 0.4491300535281376, 0.4491192608664921, 0.4491178599404121, 0.4491176116667711, 0.4491175295381922, 0.44911752722603127, 0.44911752717507325, 0.4491175271712303, 0.44911752716291475, 0.449117527161351, 0.449117527161193]}, "7": {"maxiter": 100, "gtol": 1e-10, "xrtol": 1e-10, "eps": 1e-10, "duration": 0.12863683700561523, "fun": "0.44911752714056474", "jac": "[1.11022293e-06 1.11022293e-06 3.33066880e-06 2.22044587e-06\n 1.11022293e-06 2.22044587e-06]", "hess_inv": "[[ 0.01688768  0.00675745 -0.00711859 -0.02957848  0.02919518  0.01687742]\n [ 0.00675745  0.00527666 -0.00034489 -0.01204036  0.01053823  0.00425856]\n [-0.00711859 -0.00034489  0.01131004  0.01794619 -0.01906697 -0.01532229]\n [-0.02957848 -0.01204036  0.01794619  0.05964364 -0.05850648 -0.0366499 ]\n [ 0.02919518  0.01053823 -0.01906697 -0.05850648  0.05978029  0.03520475]\n [ 0.01687742  0.00425856 -0.01532229 -0.0366499   0.03520475  0.02972385]]", "nfev": "545", "njev": "77", "status": "0", "success": "True", "message": "Optimization terminated successfully.", "x": "[4.26875625 5.62519318 1.12851734 5.10081267 1.60918435 2.17343083]", "nit": "40", "callback": [0.6640816088352459, 0.6516032068690327, 0.6444737188481551, 0.637112405020323, 0.5932919131630607, 0.5608013838299108, 0.5070815943273952, 0.4714124009135562, 0.4691061944573621, 0.46480809726172556, 0.4574516330752111, 0.4506531614434144, 0.4501610801168249, 0.4494369888965558, 0.4491361974635285, 0.4491195938160818, 0.44911788566210553, 0.44911762875592853, 0.4491175307591152, 0.4491175273205611, 0.44911752719635334, 0.449117527195381, 0.4491175271937623, 0.44911752718110476, 0.4491175271653818, 0.44911752715760145, 0.44911752715689945, 0.44911752715689357, 0.4491175271568817, 0.4491175271568498, 0.4491175271465693, 0.44911752714649644, 0.4491175271442247, 0.44911752714065967, 0.4491175271405985, 0.4491175271405682, 0.4491175271405665, 0.4491175271405655, 0.44911752714056485, 0.44911752714056474]}, "8": {"maxiter": 500, "gtol": 1e-05, "xrtol": 1e-05, "eps": 1e-05, "duration": 0.03640103340148926, "fun": "0.44911752722603127", "jac": "[-1.47575285e-06  1.03246300e-06 -8.57702798e-07 -3.57326391e-06\n  6.30240304e-07  3.30702132e-06]", "hess_inv": "[[ 2.49142513  0.72328716 -0.48131024 -0.95429613  0.91344835 -1.1560337 ]\n [ 0.72328716  5.00982008  2.31035524 -0.21044867 -0.397999   -0.05488245]\n [-0.48131024  2.31035524  4.61429739 -0.06387502 -1.14225603  0.50122483]\n [-0.95429613 -0.21044867 -0.06387502  2.76355349 -0.24922834 -0.32026756]\n [ 0.91344835 -0.397999   -1.14225603 -0.24922834  5.41322323 -2.21626422]\n [-1.1560337  -0.05488245  0.50122483 -0.32026756 -2.21626422  3.66349021]]", "nfev": "161", "njev": "23", "status": "0", "success": "True", "message": "Optimization terminated successfully.", "x": "[4.26874422 5.62519136 1.1285057  5.10079178 1.60917419 2.17343865]", "nit": "20", "callback": [0.6640817415986084, 0.651603281679052, 0.6444738149475497, 0.6371123394291147, 0.5933123313100261, 0.5608256555649309, 0.5071041732732833, 0.4710055651806312, 0.4687342834613978, 0.46449308482397467, 0.4572424751418177, 0.4506058161419425, 0.45013640170153524, 0.44943147228286373, 0.4491300535281376, 0.4491192608664921, 0.4491178599404121, 0.4491176116667711, 0.4491175295381922, 0.44911752722603127]}, "9": {"maxiter": 500, "gtol": 1e-05, "xrtol": 1e-05, "eps": 1e-10, "duration": 0.03616476058959961, "fun": "0.4491175273205611", "jac": "[ 2.22044587e-06  2.22044587e-06  0.00000000e+00 -1.11022293e-06\n  4.44089173e-06  6.66133760e-06]", "hess_inv": "[[ 2.55512688  0.63019855 -0.59650178 -0.83904302  0.82243336 -1.09108721]\n [ 0.63019855  4.79585189  2.27357207 -0.16620316 -0.33906172  0.10336778]\n [-0.59650178  2.27357207  4.5333419  -0.11609717 -1.15420696  0.61376064]\n [-0.83904302 -0.16620316 -0.11609717  2.75726663 -0.28283457 -0.40073189]\n [ 0.82243336 -0.33906172 -1.15420696 -0.28283457  5.35054788 -2.18779328]\n [-1.09108721  0.10336778  0.61376064 -0.40073189 -2.18779328  3.51626588]]", "nfev": "161", "njev": "23", "status": "0", "success": "True", "message": "Optimization terminated successfully.", "x": "[4.26877711 5.62520283 1.12852279 5.10080872 1.60918915 2.17345756]", "nit": "20", "callback": [0.6640816088352459, 0.6516032068690327, 0.6444737188481551, 0.637112405020323, 0.5932919131630607, 0.5608013838299108, 0.5070815943273952, 0.4714124009135562, 0.4691061944573621, 0.46480809726172556, 0.4574516330752111, 0.4506531614434144, 0.4501610801168249, 0.4494369888965558, 0.4491361974635285, 0.4491195938160818, 0.44911788566210553, 0.44911762875592853, 0.4491175307591152, 0.4491175273205611]}, "10": {"maxiter": 500, "gtol": 1e-05, "xrtol": 1e-10, "eps": 1e-05, "duration": 0.0376698970794