{"date": "2024/09/25/, 15:31:00", "conf_id": 258, "data_type": "var_s_rank\n", "num_data_points": 1, "s_rank": 0, "unitary": "[[-0.53618537-0.34368723j,-0.12107031-0.46226139j,-0.07699282-0.46603512j,0.36022595-0.11472301j],[0.26026499-0.63450712j,-0.56616638+0.37832564j,-0.14988651+0.08458591j,0.10363514-0.16008501j],[-0.32580188-0.11070003j,-0.36476308-0.23593218j,0.02559343+0.41761608j,-0.25598305+0.6725303j],[0.07406738-0.0126433j,0.28513701+0.19483972j,-0.74939717-0.10299659j,0.29798249+0.46269921j]]", "databatch_0": {"databatch": "[[[0.19873937+0.10451274j,0.09628745+0.02524513j,-0.00950221-0.02871088j,0.1939796+0.14138371j],[0.24859727+0.0924185j,0.10899902-0.18995421j,-0.12498052-0.04705897j,0.19573688+0.13729358j],[-0.06412014-0.64904836j,-0.27786309-0.01432264j,0.06977438-0.01839983j,0.1768875-0.12250627j],[0.1414166-0.23230074j,0.01640451+0.12338637j,-0.11591914+0.11692166j,-0.1067981+0.07466776j]]]", "initial param values": "[1.10866868,0.68197149,4.18716861,2.95432366,4.96628218,2.0442213]", "nelder_mead": {"type": "gradient-free", "0": {"maxiter": 100, "fatol": 1e-05, "xatol": 1e-05, "duration": 0.05654478073120117, "fun": "0.3913155403714672", "nit": "100", "nfev": "150", "status": "2", "success": "False", "message": "Maximum number of iterations has been exceeded.", "x": "[1.86116986 1.11248015 5.25204342 2.43150684 4.02281243 3.11777364]", "final_simplex": "(array([[1.86116986, 1.11248015, 5.25204342, 2.43150684, 4.02281243,\n        3.11777364],\n       [1.8226001 , 1.06566419, 5.33404981, 2.55931704, 3.78144071,\n        2.99294175],\n       [1.73149575, 0.99912919, 5.14700485, 2.76263954, 3.65538542,\n        2.82759984],\n       [1.85354915, 1.07769271, 5.01301038, 2.60949769, 3.46443075,\n        2.48995839],\n       [1.81254804, 1.04016763, 5.0479668 , 2.53204408, 3.54989268,\n        2.40922488],\n       [1.73259706, 0.9441199 , 5.40835415, 2.61273872, 3.49984571,\n        2.92840287],\n       [1.66665058, 0.95649597, 5.11918788, 2.55351144, 3.38723917,\n        2.55958522]]), array([0.39131554, 0.39383514, 0.39892551, 0.40198802, 0.4048473 ,\n       0.40577146, 0.40699344]))", "callback": [0.6406037000176075, 0.5148567176964236, 0.46728790062567693, 0.4559434729031361, 0.44569629040906367, 0.44229624433133885, 0.4380887350890468, 0.4319373259571988, 0.4242006742047252, 0.4048473020251534]}, "1": {"maxiter": 100, "fatol": 1e-05, "xatol": 1e-10, "duration": 0.041251182556152344, "fun": "0.3913155403714672", "nit": "100", "nfev": "150", "status": "2", "success": "False", "message": "Maximum number of iterations has been exceeded.", "x": "[1.86116986 1.11248015 5.25204342 2.43150684 4.02281243 3.11777364]", "final_simplex": "(array([[1.86116986, 1.11248015, 5.25204342, 2.43150684, 4.02281243,\n        3.11777364],\n       [1.8226001 , 1.06566419, 5.33404981, 2.55931704, 3.78144071,\n        2.99294175],\n       [1.73149575, 0.99912919, 5.14700485, 2.76263954, 3.65538542,\n        2.82759984],\n       [1.85354915, 1.07769271, 5.01301038, 2.60949769, 3.46443075,\n        2.48995839],\n       [1.81254804, 1.04016763, 5.0479668 , 2.53204408, 3.54989268,\n        2.40922488],\n       [1.73259706, 0.9441199 , 5.40835415, 2.61273872, 3.49984571,\n        2.92840287],\n       [1.66665058, 0.95649597, 5.11918788, 2.55351144, 3.38723917,\n        2.55958522]]), array([0.39131554, 0.39383514, 0.39892551, 0.40198802, 0.4048473 ,\n       0.40577146, 0.40699344]))", "callback": [0.6406037000176075, 0.5148567176964236, 0.46728790062567693, 0.4559434729031361, 0.44569629040906367, 0.44229624433133885, 0.4380887350890468, 0.4319373259571988, 0.4242006742047252, 0.4048473020251534]}, "2": {"maxiter": 100, "fatol": 1e-10, "xatol": 1e-05, "duration": 0.03954505920410156, "fun": "0.3913155403714672", "nit": "100", "nfev": "150", "status": "2", "success": "False", "message": "Maximum number of iterations has been exceeded.", "x": "[1.86116986 1.11248015 5.25204342 2.43150684 4.02281243 3.11777364]", "final_simplex": "(array([[1.86116986, 1.11248015, 5.25204342, 2.43150684, 4.02281243,\n        3.11777364],\n       [1.8226001 , 1.06566419, 5.33404981, 2.55931704, 3.78144071,\n        2.99294175],\n       [1.73149575, 0.99912919, 5.14700485, 2.76263954, 3.65538542,\n        2.82759984],\n       [1.85354915, 1.07769271, 5.01301038, 2.60949769, 3.46443075,\n        2.48995839],\n       [1.81254804, 1.04016763, 5.0479668 , 2.53204408, 3.54989268,\n        2.40922488],\n       [1.73259706, 0.9441199 , 5.40835415, 2.61273872, 3.49984571,\n        2.92840287],\n       [1.66665058, 0.95649597, 5.11918788, 2.55351144, 3.38723917,\n        2.55958522]]), array([0.39131554, 0.39383514, 0.39892551, 0.40198802, 0.4048473 ,\n       0.40577146, 0.40699344]))", "callback": [0.6406037000176075, 0.5148567176964236, 0.46728790062567693, 0.4559434729031361, 0.44569629040906367, 0.44229624433133885, 0.4380887350890468, 0.4319373259571988, 0.4242006742047252, 0.4048473020251534]}, "3": {"maxiter": 100, "fatol": 1e-10, "xatol": 1e-10, "duration": 0.0387570858001709, "fun": "0.3913155403714672", "nit": "100", "nfev": "150", "status": "2", "success": "False", "message": "Maximum number of iterations has been exceeded.", "x": "[1.86116986 1.11248015 5.25204342 2.43150684 4.02281243 3.11777364]", "final_simplex": "(array([[1.86116986, 1.11248015, 5.25204342, 2.43150684, 4.02281243,\n        3.11777364],\n       [1.8226001 , 1.06566419, 5.33404981, 2.55931704, 3.78144071,\n        2.99294175],\n       [1.73149575, 0.99912919, 5.14700485, 2.76263954, 3.65538542,\n        2.82759984],\n       [1.85354915, 1.07769271, 5.01301038, 2.60949769, 3.46443075,\n        2.48995839],\n       [1.81254804, 1.04016763, 5.0479668 , 2.53204408, 3.54989268,\n        2.40922488],\n       [1.73259706, 0.9441199 , 5.40835415, 2.61273872, 3.49984571,\n        2.92840287],\n       [1.66665058, 0.95649597, 5.11918788, 2.55351144, 3.38723917,\n        2.55958522]]), array([0.39131554, 0.39383514, 0.39892551, 0.40198802, 0.4048473 ,\n       0.40577146, 0.40699344]))", "callback": [0.6406037000176075, 0.5148567176964236, 0.46728790062567693, 0.4559434729031361, 0.44569629040906367, 0.44229624433133885, 0.4380887350890468, 0.4319373259571988, 0.4242006742047252, 0.4048473020251534]}, "4": {"maxiter": 500, "fatol": 1e-05, "xatol": 1e-05, "duration": 0.20436477661132812, "fun": "0.25846259698984664", "nit": "500", "nfev": "761", "status": "2", "success": "False", "message": "Maximum number of iterations has been exceeded.", "x": "[2.07436142 2.85123492 4.38245385 1.28748279 4.39359712 5.22382241]", "final_simplex": "(array([[2.07436142, 2.85123492, 4.38245385, 1.28748279, 4.39359712,\n        5.22382241],\n       [2.07425645, 2.85102344, 4.38247674, 1.28738166, 4.39347497,\n        5.22397213],\n       [2.07439358, 2.85113563, 4.38255304, 1.28746991, 4.393483  ,\n        5.22403238],\n       [2.07430726, 2.85109143, 4.38236456, 1.2873713 , 4.39341396,\n        5.22398772],\n       [2.07417347, 2.85113315, 4.38252521, 1.28738511, 4.39359081,\n        5.22400532],\n       [2.0742042 , 2.85118518, 4.38257753, 1.28752537, 4.39354227,\n        5.22386268],\n       [2.07438313, 2.85127619, 4.3825401 , 1.28731951, 4.39342058,\n        5.22387402]]), array([0.2584626, 0.2584626, 0.2584626, 0.2584626, 0.2584626, 0.2584626,\n       0.2584626]))", "callback": [0.6406037000176075, 0.5148567176964236, 0.46728790062567693, 0.4559434729031361, 0.44569629040906367, 0.44229624433133885, 0.4380887350890468, 0.4319373259571988, 0.4242006742047252, 0.4048473020251534, 0.3913155403714672, 0.38468914390738407, 0.37219947194218095, 0.37195119464448934, 0.36968376942479997, 0.3679586652465058, 0.3679586652465058, 0.36570075097178745, 0.3579841550315247, 0.33352705554812245, 0.3109049661857691, 0.27946008586390136, 0.27445247551315355, 0.27195900376115845, 0.27116518076341, 0.2702648728491628, 0.2695051159059998, 0.26910538326633127, 0.26760854915456767, 0.2655119868088205, 0.2655119868088205, 0.2647592096750855, 0.26160701052160784, 0.26007240109657104, 0.25905336621088226, 0.25880538520520113, 0.25868995508854553, 0.25867621723665, 0.2586182814833562, 0.258533824679941, 0.2584937307248957, 0.2584776093776435, 0.25846691525353904, 0.2584645360655201, 0.25846372729854494, 0.2584628950589489, 0.25846267848269466, 0.2584626325060614, 0.25846261016810035, 0.258462599585227]}, "5": {"maxiter": 500, "fatol": 1e-05, "xatol": 1e-10, "duration": 0.17943501472473145, "fun": "0.25846259698984664", "nit": "500", "nfev": "761", "status": "2", "success": "False", "message": "Maximum number of iterations has been exceeded.", "x": "[2.07436142 2.85123492 4.38245385 1.28748279 4.39359712 5.22382241]", "final_simplex": "(array([[2.07436142, 2.85123492, 4.38245385, 1.28748279, 4.39359712,\n        5.22382241],\n       [2.07425645, 2.85102344, 4.38247674, 1.28738166, 4.39347497,\n        5.22397213],\n       [2.07439358, 2.85113563, 4.38255304, 1.28746991, 4.393483  ,\n        5.22403238],\n       [2.07430726, 2.85109143, 4.38236456, 1.2873713 , 4.39341396,\n        5.22398772],\n       [2.07417347, 2.85113315, 4.38252521, 1.28738511, 4.39359081,\n        5.22400532],\n       [2.0742042 , 2.85118518, 4.38257753, 1.28752537, 4.39354227,\n        5.22386268],\n       [2.07438313, 2.85127619, 4.3825401 , 1.28731951, 4.39342058,\n        5.22387402]]), array([0.2584626, 0.2584626, 0.2584626, 0.2584626, 0.2584626, 0.2584626,\n       0.2584626]))", "callback": [0.6406037000176075, 0.5148567176964236, 0.46728790062567693, 0.4559434729031361, 0.44569629040906367, 0.44229624433133885, 0.4380887350890468, 0.4319373259571988, 0.4242006742047252, 0.4048473020251534, 0.3913155403714672, 0.38468914390738407, 0.37219947194218095, 0.37195119464448934, 0.36968376942479997, 0.3679586652465058, 0.3679586652465058, 0.36570075097178745, 0.3579841550315247, 0.33352705554812245, 0.3109049661857691, 0.27946008586390136, 0.27445247551315355, 0.27195900376115845, 0.27116518076341, 0.2702648728491628, 0.2695051159059998, 0.26910538326633127, 0.26760854915456767, 0.2655119868088205, 0.2655119868088205, 0.2647592096750855, 0.26160701052160784, 0.26007240109657104, 0.25905336621088226, 0.25880538520520113, 0.25868995508854553, 0.25867621723665, 0.2586182814833562, 0.258533824679941, 0.2584937307248957, 0.2584776093776435, 0.25846691525353904, 0.2584645360655201, 0.25846372729854494, 0.2584628950589489, 0.25846267848269466, 0.2584626325060614, 0.25846261016810035, 0.258462599585227]}, "6": {"maxiter": 500, "fatol": 1e-10, "xatol": 1e-05, "duration": 0.19301700592041016, "fun": "0.25846259698984664", "nit": "500", "nfev": "761", "status": "2", "success": "False", "message": "Maximum number of iterations has been exceeded.", "x": "[2.07436142 2.85123492 4.38245385 1.28748279 4.39359712 5.22382241]", "final_simplex": "(array([[2.07436142, 2.85123492, 4.38245385, 1.28748279, 4.39359712,\n        5.22382241],\n       [2.07425645, 2.85102344, 4.38247674, 1.28738166, 4.39347497,\n        5.22397213],\n       [2.07439358, 2.85113563, 4.38255304, 1.28746991, 4.393483  ,\n        5.22403238],\n       [2.07430726, 2.85109143, 4.38236456, 1.2873713 , 4.39341396,\n        5.22398772],\n       [2.07417347, 2.85113315, 4.38252521, 1.28738511, 4.39359081,\n        5.22400532],\n       [2.0742042 , 2.85118518, 4.38257753, 1.28752537, 4.39354227,\n        5.22386268],\n       [2.07438313, 2.85127619, 4.3825401 , 1.28731951, 4.39342058,\n        5.22387402]]), array([0.2584626, 0.2584626, 0.2584626, 0.2584626, 0.2584626, 0.2584626,\n       0.2584626]))", "callback": [0.6406037000176075, 0.5148567176964236, 0.46728790062567693, 0.4559434729031361, 0.44569629040906367, 0.44229624433133885, 0.4380887350890468, 0.4319373259571988, 0.4242006742047252, 0.4048473020251534, 0.3913155403714672, 0.38468914390738407, 0.37219947194218095, 0.37195119464448934, 0.36968376942479997, 0.3679586652465058, 0.3679586652465058, 0.36570075097178745, 0.3579841550315247, 0.33352705554812245, 0.3109049661857691, 0.27946008586390136, 0.27445247551315355, 0.27195900376115845, 0.27116518076341, 0.2702648728491628, 0.2695051159059998, 0.26910538326633127, 0.26760854915456767, 0.2655119868088205, 0.2655119868088205, 0.2647592096750855, 0.26160701052160784, 0.26007240109657104, 0.25905336621088226, 0.25880538520520113, 0.25868995508854553, 0.25867621723665, 0.2586182814833562, 0.258533824679941, 0.2584937307248957, 0.2584776093776435, 0.25846691525353904, 0.2584645360655201, 0.25846372729854494, 0.2584628950589489, 0.25846267848269466, 0.2584626325060614, 0.25846261016810035, 0.258462599585227]}, "7": {"maxiter": 500, "fatol": 1e-10, "xatol": 1e-10, "duration": 0.1757040023803711, "fun": "0.25846259698984664", "nit": "500", "nfev": "761", "status": "2", "success": "False", "message": "Maximum number of iterations has been exceeded.", "x": "[2.07436142 2.85123492 4.38245385 1.28748279 4.39359712 5.22382241]", "final_simplex": "(array([[2.07436142, 2.85123492, 4.38245385, 1.28748279, 4.39359712,\n        5.22382241],\n       [2.07425645, 2.85102344, 4.38247674, 1.28738166, 4.39347497,\n        5.22397213],\n       [2.07439358, 2.85113563, 4.38255304, 1.28746991, 4.393483  ,\n        5.22403238],\n       [2.07430726, 2.85109143, 4.38236456, 1.2873713 , 4.39341396,\n        5.22398772],\n       [2.07417347, 2.85113315, 4.38252521, 1.28738511, 4.39359081,\n        5.22400532],\n       [2.0742042 , 2.85118518, 4.38257753, 1.28752537, 4.39354227,\n        5.22386268],\n       [2.07438313, 2.85127619, 4.3825401 , 1.28731951, 4.39342058,\n        5.22387402]]), array([0.2584626, 0.2584626, 0.2584626, 0.2584626, 0.2584626, 0.2584626,\n       0.2584626]))", "callback": [0.6406037000176075, 0.5148567176964236, 0.46728790062567693, 0.4559434729031361, 0.44569629040906367, 0.44229624433133885, 0.4380887350890468, 0.4319373259571988, 0.4242006742047252, 0.4048473020251534, 0.3913155403714672, 0.38468914390738407, 0.37219947194218095, 0.37195119464448934, 0.36968376942479997, 0.3679586652465058, 0.3679586652465058, 0.36570075097178745, 0.3579841550315247, 0.33352705554812245, 0.3109049661857691, 0.27946008586390136, 0.27445247551315355, 0.27195900376115845, 0.27116518076341, 0.2702648728491628, 0.2695051159059998, 0.26910538326633127, 0.26760854915456767, 0.2655119868088205, 0.2655119868088205, 0.2647592096750855, 0.26160701052160784, 0.26007240109657104, 0.25905336621088226, 0.25880538520520113, 0.25868995508854553, 0.25867621723665, 0.2586182814833562, 0.258533824679941, 0.2584937307248957, 0.2584776093776435, 0.25846691525353904, 0.2584645360655201, 0.25846372729854494, 0.2584628950589489, 0.25846267848269466, 0.2584626325060614, 0.25846261016810035, 0.258462599585227]}, "8": {"maxiter": 1000, "fatol": 1e-05, "xatol": 1e-05, "duration": 0.2001018524169922, "fun": "0.25846259619305445", "nit": "540", "nfev": "831", "status": "0", "success": "True", "message": "Optimization terminated successfully.", "x": "[2.07434771 2.85115972 4.38247988 1.28744985 4.39355842 5.22388583]", "final_simplex": "(array([[2.07434771, 2.85115972, 4.38247988, 1.28744985, 4.39355842,\n        5.22388583],\n       [2.07435046, 2.85115781, 4.38247683, 1.28745272, 4.39356073,\n        5.22388106],\n       [2.07434735, 2.85116095, 4.38248409, 1.28744666, 4.39355457,\n        5.22388579],\n       [2.0743516 , 2.85116428, 4.38247988, 1.28745744, 4.39356169,\n        5.22387968],\n       [2.0743498 , 2.85115735, 4.3824883 , 1.28745724, 4.39355988,\n        5.22388638],\n       [2.07435454, 2.851159  , 4.38248382, 1.2874513 , 4.39355453,\n        5.22389176],\n       [2.07435255, 2.85115159, 4.38247695, 1.28745251, 4.39355238,\n        5.22389496]]), array([0.2584626, 0.2584626, 0.2584626, 0.2584626, 0.2584626, 0.2584626,\n       0.2584626]))", "callback": [0.6406037000176075, 0.5148567176964236, 0.46728790062567693, 0.4559434729031361, 0.44569629040906367, 0.44229624433133885, 0.4380887350890468, 0.4319373259571988, 0.4242006742047252, 0.4048473020251534, 0.3913155403714672, 0.38468914390738407, 0.37219947194218095, 0.37195119464448934, 0.36968376942479997, 0.3679586652465058, 0.3679586652465058, 0.36570075097178745, 0.3579841550315247, 0.33352705554812245, 0.3109049661857691, 0.27946008586390136, 0.27445247551315355, 0.27195900376115845, 0.27116518076341, 0.2702648728491628, 0.2695051159059998, 0.26910538326633127, 0.26760854915456767, 0.2655119868088205, 0.2655119868088205, 0.2647592096750855, 0.26160701052160784, 0.26007240109657104, 0.25905336621088226, 0.25880538520520113, 0.25868995508854553, 0.25867621723665, 0.2586182814833562, 0.258533824679941, 0.2584937307248957, 0.2584776093776435, 0.25846691525353904, 0.2584645360655201, 0.25846372729854494, 0.2584628950589489, 0.25846267848269466, 0.2584626325060614, 0.25846261016810035, 0.258462599585227, 0.25846259698984664, 0.2584625966478644, 0.25846259623313483, 0.2584625962039051]}, "9": {"maxiter": 1000, "fatol": 1e-05, "xatol": 1e-10, "duration": 0.25803327560424805, "fun": "0.25846259618589384", "nit": "672", "nfev": "1090", "status": "0", "success": "True", "message": "Optimization terminated successfully.", "x": "[2.0743487  2.85115503 4.38248133 1.28745369 4.39355577 5.22388392]", "final_simplex": "(array([[2.0743487 , 2.85115503, 4.38248133, 1.28745369, 4.39355577,\n        5.22388392],\n       [2.0743487 , 2.85115503, 4.38248133, 1.28745369, 4.39355577,\n        5.22388392],\n       [2.0743487 , 2.85115503, 4.38248133, 1.28745369, 4.39355577,\n        5.22388392],\n       [2.0743487 , 2.85115503, 4.38248133, 1.28745369, 4.39355577,\n        5.22388392],\n       [2.0743487 , 2.85115503, 4.38248133, 1.28745369, 4.39355577,\n        5.22388392],\n       [2.0743487 , 2.85115503, 4.38248133, 1.28745369, 4.39355577,\n        5.22388392],\n       [2.0743487 , 2.85115503, 4.38248133, 1.28745369, 4.39355577,\n        5.22388392]]), array([0.2584626, 0.2584626, 0.2584626, 0.2584626, 0.2584626, 0.2584626,\n       0.2584626]))", "callback": [0.6406037000176075, 0.5148567176964236, 0.46728790062567693, 0.4559434729031361, 0.44569629040906367, 0.44229624433133885, 0.4380887350890468, 0.4319373259571988, 0.4242006742047252, 0.4048473020251534, 0.3913155403714672, 0.38468914390738407, 0.37219947194218095, 0.37195119464448934, 0.36968376942479997, 0.3679586652465058, 0.3679586652465058, 0.36570075097178745, 0.3579841550315247, 0.33352705554812245, 0.3109049661857691, 0.27946008586390136, 0.27445247551315355, 0.27195900376115845, 0.27116518076341, 0.2702648728491628, 0.2695051159059998, 0.26910538326633127, 0.26760854915456767, 0.2655119868088205, 0.2655119868088205, 0.2647592096750855, 0.26160701052160784, 0.26007240109657104, 0.25905336621088226, 0.25880538520520113, 0.25868995508854553, 0.25867621723665, 0.2586182814833562, 0.258533824679941, 0.2584937307248957, 0.2584776093776435, 0.25846691525353904, 0.2584645360655201, 0.25846372729854494, 0.2584628950589489, 0.25846267848269466, 0.2584626325060614, 0.25846261016810035, 0.258462599585227, 0.25846259698984664, 0.2584625966478644, 0.25846259623313483, 0.2584625962039051, 0.25846259619235334, 0.25846259618706724, 0.2584625961869822, 0.2584625961865803, 0.2584625961861784, 0.25846259618593315, 0.25846259618593315, 0.2584625961859013, 0.2584625961858983, 0.25846259618589495, 0.25846259618589407, 0.25846259618589407, 0.25846259618589396, 0.25846259618589384]}, "10": {"maxiter": 1000, "fatol": 1e-10, "xatol": 1e-05, "duration": 0.19077014923095703, "fun": "0.25846259619305445", "nit": "540", "nfev": "831", "status": "0", "success": "True", "message": "Optimization terminated successfully.", "x": "[2.07434771 2.85115972 4.38247988 1.28744985 4.39355842 5.22388583]", "final_simplex": "(array([[2.07434771, 2.85115972, 4.38247988, 1.28744985, 4.39355842,\n        5.22388583],\n       [2.07435046, 2.85115781, 4.38247683, 1.28745272, 4.39356073,\n        5.22388106],\n       [2.07434735, 2.85116095, 4.38248409, 1.28744666, 4.39355457,\n        5.22388579],\n       [2.0743516 , 2.85116428, 4.38247988, 1.28745744, 4.39356169,\n        5.22387968],\n       [2.0743498 , 2.85115735, 4.3824883 , 1.28745724, 4.39355988,\n        5.22388638],\n       [2.07435454, 2.851159  , 4.38248382, 1.2874513 , 4.39355453,\n        5.22389176],\n       [2.07435255, 2.85115159, 4.38247695, 1.28745251, 4.39355238,\n        5.22389496]]), array([0.2584626, 0.2584626, 0.2584626, 0.2584626, 0.2584626, 0.2584626,\n       0.2584626]))", "callback": [0.6406037000176075, 0.5148567176964236, 0.46728790062567693, 0.4559434729031361, 0.44569629040906367, 0.44229624433133885, 0.4380887350890468, 0.4319373259571988, 0.4242006742047252, 0.4048473020251534, 0.3913155403714672, 0.38468914390738407, 0.37219947194218095, 0.37195119464448934, 0.36968376942479997, 0.3679586652465058, 0.3679586652465058, 0.36570075097178745, 0.3579841550315247, 0.33352705554812245, 0.3109049661857691, 0.27946008586390136, 0.27445247551315355, 0.27195900376115845, 0.27116518076341, 0.2702648728491628, 0.2695051159059998, 0.26910538326633127, 0.26760854915456767, 0.2655119868088205, 0.2655119868088205, 0.2647592096750855, 0.26160701052160784, 0.26007240109657104, 0.25905336621088226, 0.25880538520520113, 0.25868995508854553, 0.25867621723665, 0.2586182814833562, 0.258533824679941, 0.2584937307248957, 0.2584776093776435, 0.25846691525353904, 0.2584645360655201, 0.25846372729854494, 0.2584628950589489, 0.25846267848269466, 0.2584626325060614, 0.25846261016810035, 0.258462599585227, 0.25846259698984664, 0.2584625966478644, 0.25846259623313483, 0.2584625962039051]}, "11": {"maxiter": 1000, "fatol": 1e-10, "xatol": 1e-10, "duration": 0.24913406372070312, "fun": "0.25846259618589384", "nit": "672", "nfev": "1090", "status": "0", "success": "True", "message": "Optimization terminated successfully.", "x": "[2.0743487  2.85115503 4.38248133 1.28745369 4.39355577 5.22388392]", "final_simplex": "(array([[2.0743487 , 2.85115503, 4.38248133, 1.28745369, 4.39355577,\n        5.22388392],\n       [2.0743487 , 2.85115503, 4.38248133, 1.28745369, 4.39355577,\n        5.22388392],\n       [2.0743487 , 2.85115503, 4.38248133, 1.28745369, 4.39355577,\n        5.22388392],\n       [2.0743487 , 2.85115503, 4.38248133, 1.28745369, 4.39355577,\n        5.22388392],\n       [2.0743487 , 2.85115503, 4.38248133, 1.28745369, 4.39355577,\n        5.22388392],\n       [2.0743487 , 2.85115503, 4.38248133, 1.28745369, 4.39355577,\n        5.22388392],\n       [2.0743487 , 2.85115503, 4.38248133, 1.28745369, 4.39355577,\n        5.22388392]]), array([0.2584626, 0.2584626, 0.2584626, 0.2584626, 0.2584626, 0.2584626,\n       0.2584626]))", "callback": [0.6406037000176075, 0.5148567176964236, 0.46728790062567693, 0.4559434729031361, 0.44569629040906367, 0.44229624433133885, 0.4380887350890468, 0.4319373259571988, 0.4242006742047252, 0.4048473020251534, 0.3913155403714672, 0.38468914390738407, 0.37219947194218095, 0.37195119464448934, 0.36968376942479997, 0.3679586652465058, 0.3679586652465058, 0.36570075097178745, 0.3579841550315247, 0.33352705554812245, 0.3109049661857691, 0.27946008586390136, 0.27445247551315355, 0.27195900376115845, 0.27116518076341, 0.2702648728491628, 0.2695051159059998, 0.26910538326633127, 0.26760854915456767, 0.2655119868088205, 0.2655119868088205, 0.2647592096750855, 0.26160701052160784, 0.26007240109657104, 0.25905336621088226, 0.25880538520520113, 0.25868995508854553, 0.25867621723665, 0.2586182814833562, 0.258533824679941, 0.2584937307248957, 0.2584776093776435, 0.25846691525353904, 0.2584645360655201, 0.25846372729854494, 0.2584628950589489, 0.25846267848269466, 0.2584626325060614, 0.25846261016810035, 0.258462599585227, 0.25846259698984664, 0.2584625966478644, 0.25846259623313483, 0.2584625962039051, 0.25846259619235334, 0.25846259618706724, 0.2584625961869822, 0.2584625961865803, 0.2584625961861784, 0.25846259618593315, 0.25846259618593315, 0.2584625961859013, 0.2584625961858983, 0.25846259618589495, 0.25846259618589407, 0.25846259618589407, 0.25846259618589396, 0.25846259618589384]}}, "bfgs": {"type": "gradient", "0": {"maxiter": 100, "gtol": 1e-05, "xrtol": 1e-05, "eps": 1e-05, "duration": 0.058730125427246094, "fun": "0.2584625966279709", "jac": "[-6.12400131e-06  6.67499389e-07 -1.80667703e-06 -6.04013506e-06\n  6.55049348e-06 -4.31752412e-06]", "hess_inv": "[[ 3.91357004  2.87779896 -0.76379562  0.50329826  0.63026762 -1.93638814]\n [ 2.87779896  8.47104633  0.8346071   0.31594905  0.56155158 -2.46559683]\n [-0.76379562  0.8346071   4.25084937  1.0366316   1.06659173 -0.18301512]\n [ 0.50329826  0.31594905  1.0366316   5.45489142  2.96667073 -3.4169434 ]\n [ 0.63026762  0.56155158  1.06659173  2.96667073  4.0876456  -2.58926127]\n [-1.93638814 -2.46559683 -0.18301512 -3.4169434  -2.58926127  6.20433535]]", "nfev": "252", "njev": "36", "status": "0", "success": "True", "message": "Optimization terminated successfully.", "x": "[2.07430676 2.85114295 4.38247036 1.28743119 4.39359069 5.22385147]", "nit": "29", "callback": [0.5222860264780573, 0.4769290602166143, 0.41721022963755583, 0.39285452168474033, 0.3856049970924572, 0.37633677737155324, 0.37268144731212316, 0.3708572643883643, 0.37016065773408624, 0.3694755335227623, 0.36872391699986795, 0.36746872638354877, 0.3654472879969679, 0.3621381517663186, 0.3522864981370144, 0.35107085426626206, 0.33979887166957656, 0.3204235887104434, 0.2917636092322925, 0.27413268207674646, 0.2654900254939915, 0.25976240983432597, 0.25937133095765197, 0.2590385363310497, 0.25877697322619087, 0.25847140764232945, 0.25846261456706365, 0.2584625973559487, 0.2584625966279709]}, "1": {"maxiter": 100, "gtol": 1e-05, "xrtol": 1e-05, "eps": 1e-10, "duration": 0.06479287147521973, "fun": "0.258462596427527", "jac": "[-1.11022293e-06  3.33066880e-06 -1.11022293e-06  0.00000000e+00\n  3.33066880e-06 -3.33066880e-06]", "hess_inv": "[[ 4.82731416  3.77523579 -1.00763866  1.27547672  0.30959495 -2.62313861]\n [ 3.77523579  9.13420414  0.66238095  1.11639046  0.26438006 -3.05089018]\n [-1.00763866  0.66238095  4.00391239  0.94176018  0.97062681 -0.59120535]\n [ 1.27547672  1.11639046  0.94176018  6.43656641  2.63418692 -4.05527558]\n [ 0.30959495  0.26438006  0.97062681  2.63418692  4.0369874  -2.5360021 ]\n [-2.62313861 -3.05089018 -0.59120535 -4.05527558 -2.5360021   6.01303013]]", "nfev": "266", "njev": "38", "status": "0", "success": "True", "message": "Optimization terminated successfully.", "x": "[2.07433858 2.85117787 4.38248604 1.28747449 4.39359801 5.22383222]", "nit": "31", "callback": [0.5222849656167028, 0.47692791817714, 0.41720899425506797, 0.3928538390802495, 0.385604832298563, 0.3763360358661, 0.37268060223123733, 0.37085691405400056, 0.37015987815206586, 0.36947524859305714, 0.36872430806401124, 0.3674700467166413, 0.3654495332542381, 0.36214461028880596, 0.3523061747410351, 0.3510859233517828, 0.3397736480026329, 0.3203380032595282, 0.29165878472627094, 0.2741085817670136, 0.2654805553793096, 0.2598050421888287, 0.25957069979878944, 0.2592015821076096, 0.2588113313395958, 0.2586016041624911, 0.25847379688829053, 0.25846308474105284, 0.25846259973869, 0.25846259680344663, 0.258462596427527]}, "2": {"maxiter": 100, "gtol": 1e-05, "xrtol": 1e-10, "eps": 1e-05, "duration": 0.05920004844665527, "fun": "0.2584625966279709", "jac": "[-6.12400131e-06  6.67499389e-07 -1.80667703e-06 -6.04013506e-06\n  6.55049348e-06 -4.31752412e-06]", "hess_inv": "[[ 3.91357004  2.87779896 -0.76379562  0.50329826  0.63026762 -1.93638814]\n [ 2.87779896  8.47104633  0.8346071   0.31594905  0.56155158 -2.46559683]\n [-0.76379562  0.8346071   4.25084937  1.0366316   1.06659173 -0.18301512]\n [ 0.50329826  0.31594905  1.0366316   5.45489142  2.96667073 -3.4169434 ]\n [ 0.63026762  0.56155158  1.06659173  2.96667073  4.0876456  -2.58926127]\n [-1.93638814 -2.46559683 -0.18301512 -3.4169434  -2.58926127  6.20433535]]", "nfev": "252", "njev": "36", "status": "0", "success": "True", "message": "Optimization terminated successfully.", "x": "[2.07430676 2.85114295 4.38247036 1.28743119 4.39359069 5.22385147]", "nit": "29", "callback": [0.5222860264780573, 0.4769290602166143, 0.41721022963755583, 0.39285452168474033, 0.3856049970924572, 0.37633677737155324, 0.37268144731212316, 0.3708572643883643, 0.37016065773408624, 0.3694755335227623, 0.36872391699986795, 0.36746872638354877, 0.3654472879969679, 0.3621381517663186, 0.3522864981370144, 0.35107085426626206, 0.33979887166957656, 0.3204235887104434, 0.2917636092322925, 0.27413268207674646, 0.2654900254939915, 0.25976240983432597, 0.25937133095765197, 0.2590385363310497, 0.25877697322619087, 0.25847140764232945, 0.25846261456706365, 0.2584625973559487, 0.2584625966279709]}, "3": {"maxiter": 100, "gtol": 1e-05, "xrtol": 1e-10, "eps": 1e-10, "duration": 0.06102132797241211, "fun": "0.258462596427527", "jac": "[-1.11022293e-06  3.33066880e-06 -1.11022293e-06  0.00000000e+00\n  3.33066880e-06 -3.33066880e-06]", "hess_inv": "[[ 4.82731416  3.77523579 -1.00763866  1.27547672  0.30959495 -2.62313861]\n [ 3.77523579  9.13420414  0.66238095  1.11639046  0.26438006 -3.05089018]\n [-1.00763866  0.66238095  4.00391239  0.94176018  0.97062681 -0.59120535]\n [ 1.27547672  1.11639046  0.94176018  6.43656641  2.63418692 -4.05527558]\n [ 0.30959495  0.26438006  0.97062681  2.63418692  4.0369874  -2.5360021 ]\n [-2.62313861 -3.05089018 -0.59120535 -4.05527558 -2.5360021   6.01303013]]", "nfev": "266", "njev": "38", "status": "0", "success": "True", "message": "Optimization terminated successfully.", "x": "[2.07433858 2.85117787 4.38248604 1.28747449 4.39359801 5.22383222]", "nit": "31", "callback": [0.5222849656167028, 0.47692791817714, 0.41720899425506797, 0.3928538390802495, 0.385604832298563, 0.3763360358661, 0.37268060223123733, 0.37085691405400056, 0.37015987815206586, 0.36947524859305714, 0.36872430806401124, 0.3674700467166413, 0.3654495332542381, 0.36214461028880596, 0.3523061747410351, 0.3510859233517828, 0.3397736480026329, 0.3203380032595282, 0.29165878472627094, 0.2741085817670136, 0.2654805553793096, 0.2598050421888287, 0.25957069979878944, 0.2592015821076096, 0.2588113313395958, 0.2586016041624911, 0.25847379688829053, 0.25846308474105284, 0.25846259973869, 0.25846259680344663, 0.258462596427527]}, "4": {"maxiter": 100, "gtol": 1e-10, "xrtol": 1e-05, "eps": 1e-05, "duration": 0.056661128997802734, "fun": "0.2584625966279709", "jac": "[-6.12400131e-06  6.67499389e-07 -1.80667703e-06 -6.04013506e-06\n  6.55049348e-06 -4.31752412e-06]", "hess_inv": "[[ 3.91357004  2.87779896 -0.76379562  0.50329826  0.63026762 -1.93638814]\n [ 2.87779896  8.47104633  0.8346071   0.31594905  0.56155158 -2.46559683]\n [-0.76379562  0.8346071   4.25084937  1.0366316   1.06659173 -0.18301512]\n [ 0.50329826  0.31594905  1.0366316   5.45489142  2.96667073 -3.4169434 ]\n [ 0.63026762  0.56155158  1.06659173  2.96667073  4.0876456  -2.58926127]\n [-1.93638814 -2.46559683 -0.18301512 -3.4169434  -2.58926127  6.20433535]]", "nfev": "252", "njev": "36", "status": "0", "success": "True", "message": "Optimization terminated successfully.", "x": "[2.07430676 2.85114295 4.38247036 1.28743119 4.39359069 5.22385147]", "nit": "29", "callback": [0.5222860264780573, 0.4769290602166143, 0.41721022963755583, 0.39285452168474033, 0.3856049970924572, 0.37633677737155324, 0.37268144731212316, 0.3708572643883643, 0.37016065773408624, 0.3694755335227623, 0.36872391699986795, 0.36746872638354877, 0.3654472879969679, 0.3621381517663186, 0.3522864981370144, 0.35107085426626206, 0.33979887166957656, 0.3204235887104434, 0.2917636092322925, 0.27413268207674646, 0.2654900254939915, 0.25976240983432597, 0.25937133095765197, 0.2590385363310497, 0.25877697322619087, 0.25847140764232945, 0.25846261456706365, 0.2584625973559487, 0.2584625966279709]}, "5": {"maxiter": 100, "gtol": 1e-10, "xrtol": 1e-05, "eps": 1e-10, "duration": 0.06008791923522949, "fun": "0.258462596427527", "jac": "[-1.11022293e-06  3.33066880e-06 -1.11022293e-06  0.00000000e+00\n  3.33066880e-06 -3.33066880e-06]", "hess_inv": "[[ 4.82731416  3.77523579 -1.00763866  1.27547672  0.30959495 -2.62313861]\n [ 3.77523579  9.13420414  0.66238095  1.11639046  0.26438006 -3.05089018]\n [-1.00763866  0.66238095  4.00391239  0.94176018  0.97062681 -0.59120535]\n [ 1.27547672  1.11639046  0.94176018  6.43656641  2.63418692 -4.05527558]\n [ 0.30959495  0.26438006  0.97062681  2.63418692  4.0369874  -2.5360021 ]\n [-2.62313861 -3.05089018 -0.59120535 -4.05527558 -2.5360021   6.01303013]]", "nfev": "266", "njev": "38", "status": "0", "success": "True", "message": "Optimization terminated successfully.", "x": "[2.07433858 2.85117787 4.38248604 1.28747449 4.39359801 5.22383222]", "nit": "31", "callback": [0.5222849656167028, 0.47692791817714, 0.41720899425506797, 0.3928538390802495, 0.385604832298563, 0.3763360358661, 0.37268060223123733, 0.37085691405400056, 0.37015987815206586, 0.36947524859305714, 0.36872430806401124, 0.3674700467166413, 0.3654495332542381, 0.36214461028880596, 0.3523061747410351, 0.3510859233517828, 0.3397736480026329, 0.3203380032595282, 0.29165878472627094, 0.2741085817670136, 0.2654805553793096, 0.2598050421888287, 0.25957069979878944, 0.2592015821076096, 0.2588113313395958, 0.2586016041624911, 0.25847379688829053, 0.25846308474105284, 0.25846259973869, 0.25846259680344663, 0.258462596427527]}, "6": {"maxiter": 100, "gtol": 1e-10, "xrtol": 1e-10, "eps": 1e-05, "duration": 0.1120150089263916, "fun": "0.25846259621446976", "jac": "[ 6.81676937e-09 -8.77076189e-10  1.37667655e-09  5.77315973e-10\n -3.18634008e-09  3.48610030e-09]", "hess_inv": "[[ 4.90988393  2.92647518 -0.69003853  0.82822119 -0.65024194 -0.84413764]\n [ 2.92647518  8.48476221  0.8222673   0.26616462  0.50912195 -2.40708651]\n [-0.69003853  0.8222673   4.25836707  1.07159106  0.98314044 -0.11496259]\n [ 0.82822119  0.26616462  1.07159106  5.61309245  2.59454483 -3.11371643]\n [-0.65024194  0.50912195  0.98314044  2.59454483  5.7088911  -3.98075105]\n [-0.84413764 -2.40708651 -0.11496259 -3.11371643 -3.98075105  7.40219712]]", "nfev": "481", "njev": "67", "status": "2", "success": "False", "message": "Desired error not necessarily achieved due to precision loss.", "x": "[2.0743404  2.8511445  4.38247308 1.28744266 4.39354757 5.22388817]", "nit": "33", "callback": [0.5222860264780573, 0.4769290602166143, 0.41721022963755583, 0.39285452168474033, 0.3856049970924572, 0.37633677737155324, 0.37268144731212316, 0.3708572643883643, 0.37016065773408624, 0.3694755335227623, 0.36872391699986795, 0.36746872638354877, 0.3654472879969679, 0.3621381517663186, 0.3522864981370144, 0.35107085426626206, 0.33979887166957656, 0.3204235887104434, 0.2917636092322925, 0.27413268207674646, 0.2654900254939915, 0.25976240983432597, 0.25937133095765197, 0.2590385363310497, 0.25877697322619087, 0.25847140764232945, 0.25846261456706365, 0.2584625973559487, 0.2584625966279709, 0.25846259631061785, 0.2584625962229501, 0.2584625962147744, 0.25846259621446976]}, "7": {"maxiter": 100, "gtol": 1e-10, "xrtol": 1e-10, "eps": 1e-10, "duration": 0.09523725509643555, "fun": "0.2584625961879138", "jac": "[-2.22044587e-06  0.00000000e+00  0.00000000e+00  0.00000000e+00\n  3.33066880e-06 -1.11022293e-06]", "hess_inv": "[[ 1.4061018  -0.4547788   0.38172591  0.64490719  1.08513901 -0.3925397 ]\n [-0.4547788   3.24183708  0.99520662 -1.04933269 -0.69514013  0.83906964]\n [ 0.38172591  0.99520662  2.10350575  0.57208176 -0.20384249 -0.50073868]\n [ 0.64490719 -1.04933269  0.57208176  2.93798559  0.9257888  -1.76749365]\n [ 1.08513901 -0.69514013 -0.20384249  0.9257888   1.18635614 -0.28274854]\n [-0.3925397   0.83906964 -0.50073868 -1.76749365 -0.28274854  1.54037301]]", "nfev": "420", "njev": "60", "status": "2", "success": "False", "message": "Desired error not necessarily achieved due to precision loss.", "x": "[2.07434698 2.85115589 4.3824818  1.28745554 4.39355929 5.22388312]", "nit": "38", "callback": [0.5222849656167028, 0.47692791817714, 0.41720899425506797, 0.3928538390802495, 0.385604832298563, 0.3763360358661, 0.37268060223123733, 0.37085691405400056, 0.37015987815206586, 0.36947524859305714, 0.36872430806401124, 0.3674700467166413, 0.3654495332542381, 0.36214461028880596, 0.3523061747410351, 0.3510859233517828, 0.3397736480026329, 0.3203380032595282, 0.29165878472627094, 0.2741085817670136, 0.2654805553793096, 0.2598050421888287, 0.25957069979878944, 0.2592015821076096, 0.2588113313395958, 0.2586016041624911, 0.25847379688829053, 0.25846308474105284, 0.25846259973869, 0.25846259680344663, 0.258462596427527, 0.25846259626308665, 0.258462596222671, 0.25846259620259904, 0.25846259619879053, 0.25846259619424117, 0.2584625961879138, 0.2584625961879138]}, "8": {"maxiter": 500, "gtol": 1e-05, "xrtol": 1e-05, "eps": 1e-05, "duration": 0.05838799476623535, "fun": "0.2584625966279709", "jac": "[-6.12400131e-06  6.67499389e-07 -1.80667703e-06 -6.04013506e-06\n  6.55049348e-06 -4.31752412e-06]", "hess_inv": "[[ 3.91357004  2.87779896 -0.76379562  0.50329826  0.63026762 -1.93638814]\n [ 2.87779896  8.47104633  0.8346071   0.31594905  0.56155158 -2.46559683]\n [-0.76379562  0.8346071   4.25084937  1.0366316   1.06659173 -0.18301512]\n [ 0.50329826  0.31594905  1.0366316   5.45489142  2.96667073 -3.4169434 ]\n [ 0.63026762  0.56155158  1.06659173  2.96667073  4.0876456  -2.58926127]\n [-1.93638814 -2.46559683 -0.18301512 -3.4169434  -2.58926127  6.20433535]]", "nfev": "252", "njev": "36", "status": "0", "success": "True", "message": "Optimization terminated successfully.", "x": "[2.07430676 2.85114295 4.38247036 1.28743119 4.39359069 5.22385147]", "nit": "29", "callback": [0.5222860264780573, 0.4769290602166143, 0.41721022963755583, 0.39285452168474033, 0.3856049970924572, 0.37633677737155324, 0.37268144731212316, 0.3708572643883643, 0.37016065773408624, 0.3694755335227623, 0.36872391699986795, 0.36746872638354877, 0.3654472879969679, 0.3621381517663186, 0.3522864981370144, 0.35107085426626206, 0.33979887166957656, 0.3204235887104434, 0.2917636092322925, 0.27413268207674646, 0.2654900254939915, 0.25976240983432597, 0.25937133095765197, 0.2590385363310497, 0.25877697322619087, 0.25847140764232945, 0.25846261456706365, 0.2584625973559487, 0.2584625966279709]}, "9": {"maxiter": 500, "gtol": 1e-05, "xrtol": 1e-05, "eps": 1e-10, "duration": 0.061598777770996094, "fun": "0.258462596427527", "jac": "[-1.11022293e-06  3.33066880e-06 -1.11022293e-06  0.00000000e+00\n  3.33066880e-06 -3.33066880e-06]", "hess_inv": "[[ 4.82731416  3.77523579 -1.00763866  1.27547672  0.30959495 -2.62313861]\n [ 3.77523579  9.13420414  0.66238095  1.11639046  0.26438006 -3.05089018]\n [-1.00763866  0.66238095  4.00391239  0.94176018  0.97062681 -0.59120535]\n [ 1.27547672  1.11639046  0.94176018  6.43656641  2.63418692 -4.05527558]\n [ 0.30959495  0.26438006  0.97062681  2.63418692  4.0369874  -2.5360021 ]\n [-2.62313861 -3.05089018 -0.59120535 -4.05527558 -2.5360021   6.01303013]]", "nfev": "266", "njev": "38", "status": "0", "success": "True", "message": "Optimization terminated successfully.", "x": "[2.07433858 2.85117787 4.38248604 1.28747449 4.39359801 5.22383222]", "nit": "31", "callback": [0.5222849656167028, 0.47692791817714, 0.41720899425506797, 0.3928538390802495, 0.385604832298563, 0.3763360358661, 0.37268060223123733, 0.37085691405400056, 0.37015987815206586, 0.36947524859305714, 0.36872430806401124, 0.3674700467166413, 0.3654495332542381, 0.36214461028880596, 0.3523061747410351, 0.3510859233517828, 0.3397736480026329, 0.3203380032595282, 0.29165878472627094, 0.2741085817670136, 0.2654805553793096, 0.2598050421888287, 0.25957069979878944, 0.2592015821076096, 0.2588113313395958, 0.2586016041624911, 0.25847379688829053, 0.25846308474105284, 0.25846259973869, 0.25846259680344663, 0.258462596427527]}, "10": {"maxiter": 500, "gtol": 1e-05, "xrtol": 1e-10, "eps": 1e-05, "duration": 0.05746889114379883, "fun": "0.2584625966279709", "jac": "[-6.12400131e-06  6.67499389e-07 -1.80667703e-06 -6.04013506e-06\n  6.55049348e-06 -4.31752412e-06]", "hess_inv": "[[ 3.91357004  2.87779896 -0.76379562  0.50329826  0.63026762 -1.93638814]\n [ 2.87779896  8.47104633  0.8346071   0.3