{"date": "2024/09/25/, 13:32:53", "conf_id": 239, "data_type": "non_lin_ind\n", "num_data_points": 4, "s_rank": 0, "unitary": "[[-0.24866696+0.58742286j,-0.44704345-0.43151574j,-0.35669027-0.20570733j,-0.10517633+0.1626036j],[0.10596805-0.19687975j,-0.30269685-0.15056416j,0.18246286+0.30440582j,-0.83484447-0.11310748j],[0.26054512-0.52548482j,0.0285017-0.50723956j,-0.43110112+0.17165838j,0.15243271+0.39915801j],[0.42978035+0.11991271j,-0.17224126-0.46030424j,0.6827807-0.15164662j,0.26483638+0.0061855j]]", "databatch_0": {"databatch": "[[[-0.29832186+9.30499080e-02j,0.1403868-1.02212077e-02j,-0.28017242+1.07715377e-02j,0.19379976-1.99804414e-01j],[-0.06386593-2.37488389e-01j,-0.22016467+1.08245403e-01j,0.27984597-1.47390908e-01j,-0.11739287-2.82473555e-01j],[0.30483201+1.47221123e-01j,0.15244666+2.32240167e-01j,-0.19712972-9.48707682e-02j,0.09964913-1.14197177e-01j],[-0.03982188+3.98070559e-02j,0.18857788-1.52848616e-01j,0.25997737-2.81393010e-02j,-0.04327163+1.31186486e-01j]],[[-0.16738095-1.15378461e-01j,-0.06853381+5.17196232e-02j,0.01266896+9.59946011e-02j,-0.22738706-1.32312945e-01j],[-0.29654375-1.64373272e-01j,0.13598737+1.15910926e-01j,-0.04490918+3.98383861e-01j,-0.18571237-8.56936367e-02j],[-0.01968358-3.27993173e-01j,0.26955425-2.42409915e-02j,-0.22679561+4.27514347e-01j,0.09418575+2.87570436e-02j],[0.02714328-2.10350943e-01j,0.11572574-1.35011199e-01j,0.02546013-8.33305585e-02j,-0.11437075+2.95717226e-02j]],[[0.07886596+7.99681118e-02j,-0.06294787-6.40707755e-02j,-0.34945783+3.01138339e-01j,-0.08922846-4.13703752e-02j],[0.22579793+1.68804424e-01j,0.00259849-2.27065256e-01j,-0.27351881+1.04296106e-01j,0.25969535+2.37407330e-01j],[-0.07160726+4.68672001e-02j,0.06134362+1.10650034e-01j,-0.03851916-2.40846050e-01j,0.02853351-1.13484441e-01j],[0.12247671+1.43479141e-01j,0.00741243+2.67174683e-02j,0.24524202-1.14925277e-01j,0.33755243+3.10060623e-01j]],[[-0.09042316+8.88332012e-02j,0.01913692+2.66168625e-01j,0.10206343+7.04613844e-02j,0.16044345-3.86404570e-01j],[-0.17705465-2.06781329e-02j,-0.11119877-1.13843891e-01j,-0.27322734-1.82246580e-01j,0.09884888+1.40604185e-05j],[-0.24523255+1.23585678e-01j,-0.09820209-1.02807194e-01j,-0.09050721+4.43688847e-01j,0.01471639-1.41196544e-01j],[-0.0277969+1.33877604e-01j,0.2226447-9.08727497e-02j,0.09518042-9.13185525e-02j,-0.13867176+3.36995484e-01j]]]", "initial param values": "[1.36294459,0.48278784,2.01300526,5.42748532,1.76334001,3.58856829]", "nelder_mead": {"type": "gradient-free", "0": {"maxiter": 100, "fatol": 1e-05, "xatol": 1e-05, "duration": 0.03973889350891113, "fun": "0.495732558535938", "nit": "100", "nfev": "154", "status": "2", "success": "False", "message": "Maximum number of iterations has been exceeded.", "x": "[1.05010283 0.16362269 3.69207954 8.13302069 3.28641895 5.30840117]", "final_simplex": "(array([[1.05010283, 0.16362269, 3.69207954, 8.13302069, 3.28641895,\n        5.30840117],\n       [1.21234253, 0.16916804, 3.50288445, 8.23305975, 3.14924772,\n        5.16211295],\n       [1.12723909, 0.18334524, 3.53309911, 8.17316577, 3.16779925,\n        5.18427764],\n       [1.1299835 , 0.16328174, 3.61949879, 8.20771196, 3.36576298,\n        5.33671111],\n       [1.08167747, 0.19316988, 3.5553486 , 8.0975666 , 3.29748584,\n        4.99017825],\n       [1.39503099, 0.16277782, 3.50180028, 8.10635279, 3.36903321,\n        5.27323975],\n       [0.95992963, 0.20362257, 3.50886181, 8.06344677, 3.13300992,\n        5.02942527]]), array([0.49573256, 0.50000894, 0.50153507, 0.50476596, 0.50492737,\n       0.51070688, 0.51293056]))", "callback": [0.8778002073931013, 0.8215774576180713, 0.8070249927893782, 0.7636448399506881, 0.7173216526123097, 0.6382698232766384, 0.5910727776752066, 0.5580546637144874, 0.5457140030200657, 0.5129305596287057]}, "1": {"maxiter": 100, "fatol": 1e-05, "xatol": 1e-10, "duration": 0.039546966552734375, "fun": "0.495732558535938", "nit": "100", "nfev": "154", "status": "2", "success": "False", "message": "Maximum number of iterations has been exceeded.", "x": "[1.05010283 0.16362269 3.69207954 8.13302069 3.28641895 5.30840117]", "final_simplex": "(array([[1.05010283, 0.16362269, 3.69207954, 8.13302069, 3.28641895,\n        5.30840117],\n       [1.21234253, 0.16916804, 3.50288445, 8.23305975, 3.14924772,\n        5.16211295],\n       [1.12723909, 0.18334524, 3.53309911, 8.17316577, 3.16779925,\n        5.18427764],\n       [1.1299835 , 0.16328174, 3.61949879, 8.20771196, 3.36576298,\n        5.33671111],\n       [1.08167747, 0.19316988, 3.5553486 , 8.0975666 , 3.29748584,\n        4.99017825],\n       [1.39503099, 0.16277782, 3.50180028, 8.10635279, 3.36903321,\n        5.27323975],\n       [0.95992963, 0.20362257, 3.50886181, 8.06344677, 3.13300992,\n        5.02942527]]), array([0.49573256, 0.50000894, 0.50153507, 0.50476596, 0.50492737,\n       0.51070688, 0.51293056]))", "callback": [0.8778002073931013, 0.8215774576180713, 0.8070249927893782, 0.7636448399506881, 0.7173216526123097, 0.6382698232766384, 0.5910727776752066, 0.5580546637144874, 0.5457140030200657, 0.5129305596287057]}, "2": {"maxiter": 100, "fatol": 1e-10, "xatol": 1e-05, "duration": 0.03914785385131836, "fun": "0.495732558535938", "nit": "100", "nfev": "154", "status": "2", "success": "False", "message": "Maximum number of iterations has been exceeded.", "x": "[1.05010283 0.16362269 3.69207954 8.13302069 3.28641895 5.30840117]", "final_simplex": "(array([[1.05010283, 0.16362269, 3.69207954, 8.13302069, 3.28641895,\n        5.30840117],\n       [1.21234253, 0.16916804, 3.50288445, 8.23305975, 3.14924772,\n        5.16211295],\n       [1.12723909, 0.18334524, 3.53309911, 8.17316577, 3.16779925,\n        5.18427764],\n       [1.1299835 , 0.16328174, 3.61949879, 8.20771196, 3.36576298,\n        5.33671111],\n       [1.08167747, 0.19316988, 3.5553486 , 8.0975666 , 3.29748584,\n        4.99017825],\n       [1.39503099, 0.16277782, 3.50180028, 8.10635279, 3.36903321,\n        5.27323975],\n       [0.95992963, 0.20362257, 3.50886181, 8.06344677, 3.13300992,\n        5.02942527]]), array([0.49573256, 0.50000894, 0.50153507, 0.50476596, 0.50492737,\n       0.51070688, 0.51293056]))", "callback": [0.8778002073931013, 0.8215774576180713, 0.8070249927893782, 0.7636448399506881, 0.7173216526123097, 0.6382698232766384, 0.5910727776752066, 0.5580546637144874, 0.5457140030200657, 0.5129305596287057]}, "3": {"maxiter": 100, "fatol": 1e-10, "xatol": 1e-10, "duration": 0.03810310363769531, "fun": "0.495732558535938", "nit": "100", "nfev": "154", "status": "2", "success": "False", "message": "Maximum number of iterations has been exceeded.", "x": "[1.05010283 0.16362269 3.69207954 8.13302069 3.28641895 5.30840117]", "final_simplex": "(array([[1.05010283, 0.16362269, 3.69207954, 8.13302069, 3.28641895,\n        5.30840117],\n       [1.21234253, 0.16916804, 3.50288445, 8.23305975, 3.14924772,\n        5.16211295],\n       [1.12723909, 0.18334524, 3.53309911, 8.17316577, 3.16779925,\n        5.18427764],\n       [1.1299835 , 0.16328174, 3.61949879, 8.20771196, 3.36576298,\n        5.33671111],\n       [1.08167747, 0.19316988, 3.5553486 , 8.0975666 , 3.29748584,\n        4.99017825],\n       [1.39503099, 0.16277782, 3.50180028, 8.10635279, 3.36903321,\n        5.27323975],\n       [0.95992963, 0.20362257, 3.50886181, 8.06344677, 3.13300992,\n        5.02942527]]), array([0.49573256, 0.50000894, 0.50153507, 0.50476596, 0.50492737,\n       0.51070688, 0.51293056]))", "callback": [0.8778002073931013, 0.8215774576180713, 0.8070249927893782, 0.7636448399506881, 0.7173216526123097, 0.6382698232766384, 0.5910727776752066, 0.5580546637144874, 0.5457140030200657, 0.5129305596287057]}, "4": {"maxiter": 500, "fatol": 1e-05, "xatol": 1e-05, "duration": 0.1692512035369873, "fun": "0.4058876411436769", "nit": "430", "nfev": "667", "status": "0", "success": "True", "message": "Optimization terminated successfully.", "x": "[1.54832985 0.24094284 4.31087099 8.47917338 3.02735537 5.25409   ]", "final_simplex": "(array([[1.54832985, 0.24094284, 4.31087099, 8.47917338, 3.02735537,\n        5.25409   ],\n       [1.54833158, 0.2409364 , 4.31086928, 8.47916606, 3.02736359,\n        5.25409516],\n       [1.54832906, 0.24094172, 4.31087338, 8.47917112, 3.02735965,\n        5.25409619],\n       [1.5483283 , 0.24094079, 4.31086584, 8.47916642, 3.02735751,\n        5.25409005],\n       [1.54833121, 0.2409355 , 4.31086947, 8.47916947, 3.02735984,\n        5.25409552],\n       [1.54832691, 0.24093755, 4.31087499, 8.47916747, 3.02736137,\n        5.25409284],\n       [1.54833457, 0.24094222, 4.3108709 , 8.47916496, 3.02735452,\n        5.25409418]]), array([0.40588764, 0.40588764, 0.40588764, 0.40588764, 0.40588764,\n       0.40588764, 0.40588764]))", "callback": [0.8778002073931013, 0.8215774576180713, 0.8070249927893782, 0.7636448399506881, 0.7173216526123097, 0.6382698232766384, 0.5910727776752066, 0.5580546637144874, 0.5457140030200657, 0.5129305596287057, 0.493213566804644, 0.4440647964208567, 0.42164491065121423, 0.41775292417444443, 0.41222354467190236, 0.41222354467190236, 0.41148010784822664, 0.41135099529858976, 0.4112068903541153, 0.4111358283258314, 0.41105790845084833, 0.410974532917149, 0.41062833368726226, 0.4100680844165516, 0.4088080303559162, 0.40700268492555114, 0.4060226012661823, 0.40597054951196054, 0.405917824647557, 0.4059022633329914, 0.40589334550260436, 0.4058895926571182, 0.4058891809687125, 0.4058884356736857, 0.405888017762567, 0.4058877637092553, 0.40588769208133324, 0.4058876557964709, 0.40588764383651266, 0.40588764242271247, 0.40588764135036737, 0.40588764120141163, 0.4058876411529514]}, "5": {"maxiter": 500, "fatol": 1e-05, "xatol": 1e-10, "duration": 0.18371272087097168, "fun": "0.4058876411284209", "nit": "500", "nfev": "776", "status": "2", "success": "False", "message": "Maximum number of iterations has been exceeded.", "x": "[1.54833698 0.24094594 4.31086988 8.47917328 3.02736395 5.25409196]", "final_simplex": "(array([[1.54833698, 0.24094594, 4.31086988, 8.47917328, 3.02736395,\n        5.25409196],\n       [1.54833697, 0.24094592, 4.31086973, 8.47917313, 3.02736382,\n        5.25409173],\n       [1.54833696, 0.24094596, 4.31086988, 8.47917326, 3.02736364,\n        5.25409165],\n       [1.54833675, 0.2409461 , 4.31086965, 8.47917322, 3.02736361,\n        5.25409167],\n       [1.54833683, 0.24094606, 4.31086972, 8.47917325, 3.02736378,\n        5.25409154],\n       [1.54833702, 0.24094622, 4.31086962, 8.47917327, 3.02736374,\n        5.25409148],\n       [1.54833694, 0.24094587, 4.31086978, 8.47917338, 3.02736365,\n        5.25409177]]), array([0.40588764, 0.40588764, 0.40588764, 0.40588764, 0.40588764,\n       0.40588764, 0.40588764]))", "callback": [0.8778002073931013, 0.8215774576180713, 0.8070249927893782, 0.7636448399506881, 0.7173216526123097, 0.6382698232766384, 0.5910727776752066, 0.5580546637144874, 0.5457140030200657, 0.5129305596287057, 0.493213566804644, 0.4440647964208567, 0.42164491065121423, 0.41775292417444443, 0.41222354467190236, 0.41222354467190236, 0.41148010784822664, 0.41135099529858976, 0.4112068903541153, 0.4111358283258314, 0.41105790845084833, 0.410974532917149, 0.41062833368726226, 0.4100680844165516, 0.4088080303559162, 0.40700268492555114, 0.4060226012661823, 0.40597054951196054, 0.405917824647557, 0.4059022633329914, 0.40589334550260436, 0.4058895926571182, 0.4058891809687125, 0.4058884356736857, 0.405888017762567, 0.4058877637092553, 0.40588769208133324, 0.4058876557964709, 0.40588764383651266, 0.40588764242271247, 0.40588764135036737, 0.40588764120141163, 0.4058876411529514, 0.4058876411436769, 0.40588764113188924, 0.40588764113027365, 0.4058876411287795, 0.40588764112853304, 0.40588764112844944, 0.4058876411284289]}, "6": {"maxiter": 500, "fatol": 1e-10, "xatol": 1e-05, "duration": 0.17781472206115723, "fun": "0.4058876411436769", "nit": "430", "nfev": "667", "status": "0", "success": "True", "message": "Optimization terminated successfully.", "x": "[1.54832985 0.24094284 4.31087099 8.47917338 3.02735537 5.25409   ]", "final_simplex": "(array([[1.54832985, 0.24094284, 4.31087099, 8.47917338, 3.02735537,\n        5.25409   ],\n       [1.54833158, 0.2409364 , 4.31086928, 8.47916606, 3.02736359,\n        5.25409516],\n       [1.54832906, 0.24094172, 4.31087338, 8.47917112, 3.02735965,\n        5.25409619],\n       [1.5483283 , 0.24094079, 4.31086584, 8.47916642, 3.02735751,\n        5.25409005],\n       [1.54833121, 0.2409355 , 4.31086947, 8.47916947, 3.02735984,\n        5.25409552],\n       [1.54832691, 0.24093755, 4.31087499, 8.47916747, 3.02736137,\n        5.25409284],\n       [1.54833457, 0.24094222, 4.3108709 , 8.47916496, 3.02735452,\n        5.25409418]]), array([0.40588764, 0.40588764, 0.40588764, 0.40588764, 0.40588764,\n       0.40588764, 0.40588764]))", "callback": [0.8778002073931013, 0.8215774576180713, 0.8070249927893782, 0.7636448399506881, 0.7173216526123097, 0.6382698232766384, 0.5910727776752066, 0.5580546637144874, 0.5457140030200657, 0.5129305596287057, 0.493213566804644, 0.4440647964208567, 0.42164491065121423, 0.41775292417444443, 0.41222354467190236, 0.41222354467190236, 0.41148010784822664, 0.41135099529858976, 0.4112068903541153, 0.4111358283258314, 0.41105790845084833, 0.410974532917149, 0.41062833368726226, 0.4100680844165516, 0.4088080303559162, 0.40700268492555114, 0.4060226012661823, 0.40597054951196054, 0.405917824647557, 0.4059022633329914, 0.40589334550260436, 0.4058895926571182, 0.4058891809687125, 0.4058884356736857, 0.405888017762567, 0.4058877637092553, 0.40588769208133324, 0.4058876557964709, 0.40588764383651266, 0.40588764242271247, 0.40588764135036737, 0.40588764120141163, 0.4058876411529514]}, "7": {"maxiter": 500, "fatol": 1e-10, "xatol": 1e-10, "duration": 0.19166803359985352, "fun": "0.4058876411284209", "nit": "500", "nfev": "776", "status": "2", "success": "False", "message": "Maximum number of iterations has been exceeded.", "x": "[1.54833698 0.24094594 4.31086988 8.47917328 3.02736395 5.25409196]", "final_simplex": "(array([[1.54833698, 0.24094594, 4.31086988, 8.47917328, 3.02736395,\n        5.25409196],\n       [1.54833697, 0.24094592, 4.31086973, 8.47917313, 3.02736382,\n        5.25409173],\n       [1.54833696, 0.24094596, 4.31086988, 8.47917326, 3.02736364,\n        5.25409165],\n       [1.54833675, 0.2409461 , 4.31086965, 8.47917322, 3.02736361,\n        5.25409167],\n       [1.54833683, 0.24094606, 4.31086972, 8.47917325, 3.02736378,\n        5.25409154],\n       [1.54833702, 0.24094622, 4.31086962, 8.47917327, 3.02736374,\n        5.25409148],\n       [1.54833694, 0.24094587, 4.31086978, 8.47917338, 3.02736365,\n        5.25409177]]), array([0.40588764, 0.40588764, 0.40588764, 0.40588764, 0.40588764,\n       0.40588764, 0.40588764]))", "callback": [0.8778002073931013, 0.8215774576180713, 0.8070249927893782, 0.7636448399506881, 0.7173216526123097, 0.6382698232766384, 0.5910727776752066, 0.5580546637144874, 0.5457140030200657, 0.5129305596287057, 0.493213566804644, 0.4440647964208567, 0.42164491065121423, 0.41775292417444443, 0.41222354467190236, 0.41222354467190236, 0.41148010784822664, 0.41135099529858976, 0.4112068903541153, 0.4111358283258314, 0.41105790845084833, 0.410974532917149, 0.41062833368726226, 0.4100680844165516, 0.4088080303559162, 0.40700268492555114, 0.4060226012661823, 0.40597054951196054, 0.405917824647557, 0.4059022633329914, 0.40589334550260436, 0.4058895926571182, 0.4058891809687125, 0.4058884356736857, 0.405888017762567, 0.4058877637092553, 0.40588769208133324, 0.4058876557964709, 0.40588764383651266, 0.40588764242271247, 0.40588764135036737, 0.40588764120141163, 0.4058876411529514, 0.4058876411436769, 0.40588764113188924, 0.40588764113027365, 0.4058876411287795, 0.40588764112853304, 0.40588764112844944, 0.4058876411284289]}, "8": {"maxiter": 1000, "fatol": 1e-05, "xatol": 1e-05, "duration": 0.17093300819396973, "fun": "0.4058876411436769", "nit": "430", "nfev": "667", "status": "0", "success": "True", "message": "Optimization terminated successfully.", "x": "[1.54832985 0.24094284 4.31087099 8.47917338 3.02735537 5.25409   ]", "final_simplex": "(array([[1.54832985, 0.24094284, 4.31087099, 8.47917338, 3.02735537,\n        5.25409   ],\n       [1.54833158, 0.2409364 , 4.31086928, 8.47916606, 3.02736359,\n        5.25409516],\n       [1.54832906, 0.24094172, 4.31087338, 8.47917112, 3.02735965,\n        5.25409619],\n       [1.5483283 , 0.24094079, 4.31086584, 8.47916642, 3.02735751,\n        5.25409005],\n       [1.54833121, 0.2409355 , 4.31086947, 8.47916947, 3.02735984,\n        5.25409552],\n       [1.54832691, 0.24093755, 4.31087499, 8.47916747, 3.02736137,\n        5.25409284],\n       [1.54833457, 0.24094222, 4.3108709 , 8.47916496, 3.02735452,\n        5.25409418]]), array([0.40588764, 0.40588764, 0.40588764, 0.40588764, 0.40588764,\n       0.40588764, 0.40588764]))", "callback": [0.8778002073931013, 0.8215774576180713, 0.8070249927893782, 0.7636448399506881, 0.7173216526123097, 0.6382698232766384, 0.5910727776752066, 0.5580546637144874, 0.5457140030200657, 0.5129305596287057, 0.493213566804644, 0.4440647964208567, 0.42164491065121423, 0.41775292417444443, 0.41222354467190236, 0.41222354467190236, 0.41148010784822664, 0.41135099529858976, 0.4112068903541153, 0.4111358283258314, 0.41105790845084833, 0.410974532917149, 0.41062833368726226, 0.4100680844165516, 0.4088080303559162, 0.40700268492555114, 0.4060226012661823, 0.40597054951196054, 0.405917824647557, 0.4059022633329914, 0.40589334550260436, 0.4058895926571182, 0.4058891809687125, 0.4058884356736857, 0.405888017762567, 0.4058877637092553, 0.40588769208133324, 0.4058876557964709, 0.40588764383651266, 0.40588764242271247, 0.40588764135036737, 0.40588764120141163, 0.4058876411529514]}, "9": {"maxiter": 1000, "fatol": 1e-05, "xatol": 1e-10, "duration": 0.23136615753173828, "fun": "0.40588764112841536", "nit": "561", "nfev": "929", "status": "0", "success": "True", "message": "Optimization terminated successfully.", "x": "[1.54833699 0.24094609 4.31086978 8.4791733  3.02736383 5.25409184]", "final_simplex": "(array([[1.54833699, 0.24094609, 4.31086978, 8.4791733 , 3.02736383,\n        5.25409184],\n       [1.54833699, 0.24094609, 4.31086978, 8.4791733 , 3.02736383,\n        5.25409184],\n       [1.54833699, 0.24094609, 4.31086978, 8.4791733 , 3.02736383,\n        5.25409184],\n       [1.54833699, 0.24094609, 4.31086978, 8.4791733 , 3.02736383,\n        5.25409184],\n       [1.54833699, 0.24094609, 4.31086978, 8.4791733 , 3.02736383,\n        5.25409184],\n       [1.54833699, 0.24094609, 4.31086978, 8.4791733 , 3.02736383,\n        5.25409184],\n       [1.54833699, 0.24094609, 4.31086978, 8.4791733 , 3.02736383,\n        5.25409184]]), array([0.40588764, 0.40588764, 0.40588764, 0.40588764, 0.40588764,\n       0.40588764, 0.40588764]))", "callback": [0.8778002073931013, 0.8215774576180713, 0.8070249927893782, 0.7636448399506881, 0.7173216526123097, 0.6382698232766384, 0.5910727776752066, 0.5580546637144874, 0.5457140030200657, 0.5129305596287057, 0.493213566804644, 0.4440647964208567, 0.42164491065121423, 0.41775292417444443, 0.41222354467190236, 0.41222354467190236, 0.41148010784822664, 0.41135099529858976, 0.4112068903541153, 0.4111358283258314, 0.41105790845084833, 0.410974532917149, 0.41062833368726226, 0.4100680844165516, 0.4088080303559162, 0.40700268492555114, 0.4060226012661823, 0.40597054951196054, 0.405917824647557, 0.4059022633329914, 0.40589334550260436, 0.4058895926571182, 0.4058891809687125, 0.4058884356736857, 0.405888017762567, 0.4058877637092553, 0.40588769208133324, 0.4058876557964709, 0.40588764383651266, 0.40588764242271247, 0.40588764135036737, 0.40588764120141163, 0.4058876411529514, 0.4058876411436769, 0.40588764113188924, 0.40588764113027365, 0.4058876411287795, 0.40588764112853304, 0.40588764112844944, 0.4058876411284289, 0.40588764112842, 0.4058876411284167, 0.4058876411284156, 0.40588764112841536, 0.40588764112841536, 0.40588764112841536, 0.40588764112841536]}, "10": {"maxiter": 1000, "fatol": 1e-10, "xatol": 1e-05, "duration": 0.17018485069274902, "fun": "0.4058876411436769", "nit": "430", "nfev": "667", "status": "0", "success": "True", "message": "Optimization terminated successfully.", "x": "[1.54832985 0.24094284 4.31087099 8.47917338 3.02735537 5.25409   ]", "final_simplex": "(array([[1.54832985, 0.24094284, 4.31087099, 8.47917338, 3.02735537,\n        5.25409   ],\n       [1.54833158, 0.2409364 , 4.31086928, 8.47916606, 3.02736359,\n        5.25409516],\n       [1.54832906, 0.24094172, 4.31087338, 8.47917112, 3.02735965,\n        5.25409619],\n       [1.5483283 , 0.24094079, 4.31086584, 8.47916642, 3.02735751,\n        5.25409005],\n       [1.54833121, 0.2409355 , 4.31086947, 8.47916947, 3.02735984,\n        5.25409552],\n       [1.54832691, 0.24093755, 4.31087499, 8.47916747, 3.02736137,\n        5.25409284],\n       [1.54833457, 0.24094222, 4.3108709 , 8.47916496, 3.02735452,\n        5.25409418]]), array([0.40588764, 0.40588764, 0.40588764, 0.40588764, 0.40588764,\n       0.40588764, 0.40588764]))", "callback": [0.8778002073931013, 0.8215774576180713, 0.8070249927893782, 0.7636448399506881, 0.7173216526123097, 0.6382698232766384, 0.5910727776752066, 0.5580546637144874, 0.5457140030200657, 0.5129305596287057, 0.493213566804644, 0.4440647964208567, 0.42164491065121423, 0.41775292417444443, 0.41222354467190236, 0.41222354467190236, 0.41148010784822664, 0.41135099529858976, 0.4112068903541153, 0.4111358283258314, 0.41105790845084833, 0.410974532917149, 0.41062833368726226, 0.4100680844165516, 0.4088080303559162, 0.40700268492555114, 0.4060226012661823, 0.40597054951196054, 0.405917824647557, 0.4059022633329914, 0.40589334550260436, 0.4058895926571182, 0.4058891809687125, 0.4058884356736857, 0.405888017762567, 0.4058877637092553, 0.40588769208133324, 0.4058876557964709, 0.40588764383651266, 0.40588764242271247, 0.40588764135036737, 0.40588764120141163, 0.4058876411529514]}, "11": {"maxiter": 1000, "fatol": 1e-10, "xatol": 1e-10, "duration": 0.23081207275390625, "fun": "0.40588764112841536", "nit": "561", "nfev": "929", "status": "0", "success": "True", "message": "Optimization terminated successfully.", "x": "[1.54833699 0.24094609 4.31086978 8.4791733  3.02736383 5.25409184]", "final_simplex": "(array([[1.54833699, 0.24094609, 4.31086978, 8.4791733 , 3.02736383,\n        5.25409184],\n       [1.54833699, 0.24094609, 4.31086978, 8.4791733 , 3.02736383,\n        5.25409184],\n       [1.54833699, 0.24094609, 4.31086978, 8.4791733 , 3.02736383,\n        5.25409184],\n       [1.54833699, 0.24094609, 4.31086978, 8.4791733 , 3.02736383,\n        5.25409184],\n       [1.54833699, 0.24094609, 4.31086978, 8.4791733 , 3.02736383,\n        5.25409184],\n       [1.54833699, 0.24094609, 4.31086978, 8.4791733 , 3.02736383,\n        5.25409184],\n       [1.54833699, 0.24094609, 4.31086978, 8.4791733 , 3.02736383,\n        5.25409184]]), array([0.40588764, 0.40588764, 0.40588764, 0.40588764, 0.40588764,\n       0.40588764, 0.40588764]))", "callback": [0.8778002073931013, 0.8215774576180713, 0.8070249927893782, 0.7636448399506881, 0.7173216526123097, 0.6382698232766384, 0.5910727776752066, 0.5580546637144874, 0.5457140030200657, 0.5129305596287057, 0.493213566804644, 0.4440647964208567, 0.42164491065121423, 0.41775292417444443, 0.41222354467190236, 0.41222354467190236, 0.41148010784822664, 0.41135099529858976, 0.4112068903541153, 0.4111358283258314, 0.41105790845084833, 0.410974532917149, 0.41062833368726226, 0.4100680844165516, 0.4088080303559162, 0.40700268492555114, 0.4060226012661823, 0.40597054951196054, 0.405917824647557, 0.4059022633329914, 0.40589334550260436, 0.4058895926571182, 0.4058891809687125, 0.4058884356736857, 0.405888017762567, 0.4058877637092553, 0.40588769208133324, 0.4058876557964709, 0.40588764383651266, 0.40588764242271247, 0.40588764135036737, 0.40588764120141163, 0.4058876411529514, 0.4058876411436769, 0.40588764113188924, 0.40588764113027365, 0.4058876411287795, 0.40588764112853304, 0.40588764112844944, 0.4058876411284289, 0.40588764112842, 0.4058876411284167, 0.4058876411284156, 0.40588764112841536, 0.40588764112841536, 0.40588764112841536, 0.40588764112841536]}}, "bfgs": {"type": "gradient", "0": {"maxiter": 100, "gtol": 1e-05, "xrtol": 1e-05, "eps": 1e-05, "duration": 0.06857585906982422, "fun": "0.40588764122411247", "jac": "[-1.36398670e-06  6.57159882e-06 -7.00883795e-07 -8.13515921e-07\n  4.52846649e-06  2.17412754e-06]", "hess_inv": "[[ 4.11168927  0.29260699  0.27757743  0.84882579  0.72620188  0.8106816 ]\n [ 0.29260699  3.88906368 -0.28081719  0.63953509 -1.03615438 -0.73078306]\n [ 0.27757743 -0.28081719  4.20205076  0.74684505  0.81677152  2.01359368]\n [ 0.84882579  0.63953509  0.74684505  4.54643247  0.31464134  0.39864258]\n [ 0.72620188 -1.03615438  0.81677152  0.31464134  5.58284149  3.52008867]\n [ 0.8106816  -0.73078306  2.01359368  0.39864258  3.52008867  6.24386545]]", "nfev": "252", "njev": "36", "status": "0", "success": "True", "message": "Optimization terminated successfully.", "x": "[1.54832792 0.24096276 4.31086124 8.47916492 3.02737624 5.25409828]", "nit": "30", "callback": [0.8469606783273271, 0.8304220392494008, 0.8226694928184296, 0.8212136763880871, 0.8202272835516872, 0.8185544897286138, 0.8160648192366996, 0.8145474205089824, 0.8136818776564683, 0.8121692527146938, 0.8094004963258706, 0.8043713913387701, 0.7990705847784654, 0.7717077021518688, 0.6482842431518407, 0.6315946567069038, 0.6048816436874901, 0.5659675633214037, 0.510212178781984, 0.46394305195938834, 0.4214129936685078, 0.4101563068565397, 0.4072771798532032, 0.4060846130611161, 0.4059147902611987, 0.40590522936259166, 0.4058962979487002, 0.4058882354618585, 0.40588766899010276, 0.40588764122411247]}, "1": {"maxiter": 100, "gtol": 1e-05, "xrtol": 1e-05, "eps": 1e-10, "duration": 0.06316089630126953, "fun": "0.4058876414543774", "jac": "[1.11022293e-06 7.77156053e-06 1.11022293e-06 1.11022293e-06\n 4.44089173e-06 2.22044587e-06]", "hess_inv": "[[ 4.15714645  0.29330687  0.29478211  0.88749741  0.76376508  0.85508791]\n [ 0.29330687  3.87641891 -0.29528731  0.63325074 -1.02906964 -0.72281932]\n [ 0.29478211 -0.29528731  4.18621347  0.75097093  0.83583617  2.03095881]\n [ 0.88749741  0.63325074  0.75097093  4.57491149  0.34572783  0.4345914 ]\n [ 0.76376508 -1.02906964  0.83583617  0.34572783  5.63222699  3.57742692]\n [ 0.85508791 -0.72281932  2.03095881  0.4345914   3.57742692  6.30734407]]", "nfev": "252", "njev": "36", "status": "0", "success": "True", "message": "Optimization terminated successfully.", "x": "[1.54835229 0.24097416 4.31088879 8.47919036 3.02740273 5.2541349 ]", "nit": "30", "callback": [0.8469610511266676, 0.8304222936408793, 0.8226695463795239, 0.8212136349034189, 0.8202273739264965, 0.8185547513301934, 0.8160652268604806, 0.8145477767306902, 0.8136824846526045, 0.8121701593538818, 0.8094016738593576, 0.8043734812328007, 0.7990739081523572, 0.771714057046526, 0.6483290256486007, 0.6316417025356377, 0.6049236534481923, 0.5659979179164591, 0.5102525269844862, 0.46396603952196913, 0.4214185980970888, 0.4101594682126912, 0.40727837561131675, 0.4060852500604534, 0.40591453816853984, 0.405905046807687, 0.4058962514025706, 0.4058882066402887, 0.40588766865009174, 0.4058876414543774]}, "2": {"maxiter": 100, "gtol": 1e-05, "xrtol": 1e-10, "eps": 1e-05, "duration": 0.06441211700439453, "fun": "0.40588764122411247", "jac": "[-1.36398670e-06  6.57159882e-06 -7.00883795e-07 -8.13515921e-07\n  4.52846649e-06  2.17412754e-06]", "hess_inv": "[[ 4.11168927  0.29260699  0.27757743  0.84882579  0.72620188  0.8106816 ]\n [ 0.29260699  3.88906368 -0.28081719  0.63953509 -1.03615438 -0.73078306]\n [ 0.27757743 -0.28081719  4.20205076  0.74684505  0.81677152  2.01359368]\n [ 0.84882579  0.63953509  0.74684505  4.54643247  0.31464134  0.39864258]\n [ 0.72620188 -1.03615438  0.81677152  0.31464134  5.58284149  3.52008867]\n [ 0.8106816  -0.73078306  2.01359368  0.39864258  3.52008867  6.24386545]]", "nfev": "252", "njev": "36", "status": "0", "success": "True", "message": "Optimization terminated successfully.", "x": "[1.54832792 0.24096276 4.31086124 8.47916492 3.02737624 5.25409828]", "nit": "30", "callback": [0.8469606783273271, 0.8304220392494008, 0.8226694928184296, 0.8212136763880871, 0.8202272835516872, 0.8185544897286138, 0.8160648192366996, 0.8145474205089824, 0.8136818776564683, 0.8121692527146938, 0.8094004963258706, 0.8043713913387701, 0.7990705847784654, 0.7717077021518688, 0.6482842431518407, 0.6315946567069038, 0.6048816436874901, 0.5659675633214037, 0.510212178781984, 0.46394305195938834, 0.4214129936685078, 0.4101563068565397, 0.4072771798532032, 0.4060846130611161, 0.4059147902611987, 0.40590522936259166, 0.4058962979487002, 0.4058882354618585, 0.40588766899010276, 0.40588764122411247]}, "3": {"maxiter": 100, "gtol": 1e-05, "xrtol": 1e-10, "eps": 1e-10, "duration": 0.06507205963134766, "fun": "0.4058876414543774", "jac": "[1.11022293e-06 7.77156053e-06 1.11022293e-06 1.11022293e-06\n 4.44089173e-06 2.22044587e-06]", "hess_inv": "[[ 4.15714645  0.29330687  0.29478211  0.88749741  0.76376508  0.85508791]\n [ 0.29330687  3.87641891 -0.29528731  0.63325074 -1.02906964 -0.72281932]\n [ 0.29478211 -0.29528731  4.18621347  0.75097093  0.83583617  2.03095881]\n [ 0.88749741  0.63325074  0.75097093  4.57491149  0.34572783  0.4345914 ]\n [ 0.76376508 -1.02906964  0.83583617  0.34572783  5.63222699  3.57742692]\n [ 0.85508791 -0.72281932  2.03095881  0.4345914   3.57742692  6.30734407]]", "nfev": "252", "njev": "36", "status": "0", "success": "True", "message": "Optimization terminated successfully.", "x": "[1.54835229 0.24097416 4.31088879 8.47919036 3.02740273 5.2541349 ]", "nit": "30", "callback": [0.8469610511266676, 0.8304222936408793, 0.8226695463795239, 0.8212136349034189, 0.8202273739264965, 0.8185547513301934, 0.8160652268604806, 0.8145477767306902, 0.8136824846526045, 0.8121701593538818, 0.8094016738593576, 0.8043734812328007, 0.7990739081523572, 0.771714057046526, 0.6483290256486007, 0.6316417025356377, 0.6049236534481923, 0.5659979179164591, 0.5102525269844862, 0.46396603952196913, 0.4214185980970888, 0.4101594682126912, 0.40727837561131675, 0.4060852500604534, 0.40591453816853984, 0.405905046807687, 0.4058962514025706, 0.4058882066402887, 0.40588766865009174, 0.4058876414543774]}, "4": {"maxiter": 100, "gtol": 1e-10, "xrtol": 1e-05, "eps": 1e-05, "duration": 0.062084197998046875, "fun": "0.40588764116784737", "jac": "[ 1.58173474e-07  2.12441176e-07 -1.73749903e-07  9.91318139e-08\n  2.12152518e-07  1.88160598e-07]", "hess_inv": "[[ 4.0551973   0.26339869  0.28481476  0.81487411  0.61537326  0.70149456]\n [ 0.26339869  4.02979159 -0.25697344  0.62900924 -0.8945652  -0.60895401]\n [ 0.28481476 -0.25697344  4.20371667  0.75210133  0.85662678  2.05058011]\n [ 0.81487411  0.62900924  0.75210133  4.52634451  0.25700386  0.34106217]\n [ 0.61537326 -0.8945652   0.85662678  0.25700386  5.61926555  3.53342932]\n [ 0.70149456 -0.60895401  2.05058011  0.34106217  3.53342932  6.23680056]]", "nfev": "259", "njev": "37", "status": "0", "success": "True", "message": "Optimization terminated successfully.", "x": "[1.54832827 0.24094235 4.31085854 8.4791642  3.02735064 5.25407539]", "nit": "31", "callback": [0.8469606783273271, 0.8304220392494008, 0.8226694928184296, 0.8212136763880871, 0.8202272835516872, 0.8185544897286138, 0.8160648192366996, 0.8145474205089824, 0.8136818776564683, 0.8121692527146938, 0.8094004963258706, 0.8043713913387701, 0.7990705847784654, 0.7717077021518688, 0.6482842431518407, 0.6315946567069038, 0.6048816436874901, 0.5659675633214037, 0.510212178781984, 0.46394305195938834, 0.4214129936685078, 0.4101563068565397, 0.4072771798532032, 0.4060846130611161, 0.4059147902611987, 0.40590522936259166, 0.4058962979487002, 0.4058882354618585, 0.40588766899010276, 0.40588764122411247, 0.40588764116784737]}, "5": {"maxiter": 100, "gtol": 1e-10, "xrtol": 1e-05, "eps": 1e-10, "duration": 0.06354093551635742, "fun": "0.4058876411471797", "jac": "[ 0.00000000e+00 -1.11022293e-06 -1.11022293e-06  1.11022293e-06\n  1.11022293e-06  0.00000000e+00]", "hess_inv": "[[ 3.97860408  0.26976113  0.25675362  0.75010068  0.6236459   0.68989212]\n [ 0.26976113  4.10418149 -0.21086572  0.65482768 -0.88074591 -0.58842534]\n [ 0.25675362 -0.21086572  4.21276083  0.73708439  0.87060975  2.05627604]\n [ 0.75010068  0.65482768  0.73708439  4.47600388  0.26658034  0.33431976]\n [ 0.6236459  -0.88074591  0.87060975  0.26658034  5.64277707  3.56062208]\n [ 0.68989212 -0.58842534  2.05627604  0.33431976  3.56062208  6.26015102]]", "nfev": "259", "njev": "37", "status": "0", "success": "True", "message": "Optimization terminated successfully.", "x": "[1.54834036 0.24094669 4.31087622 8.47917672 3.02737465 5.25410634]", "nit": "31", "callback": [0.8469610511266676, 0.8304222936408793, 0.8226695463795239, 0.8212136349034189, 0.8202273739264965, 0.8185547513301934, 0.8160652268604806, 0.8145477767306902, 0.8136824846526045, 0.8121701593538818, 0.8094016738593576, 0.8043734812328007, 0.7990739081523572, 0.771714057046526, 0.6483290256486007, 0.6316417025356377, 0.6049236534481923, 0.5659979179164591, 0.5102525269844862, 0.46396603952196913, 0.4214185980970888, 0.4101594682126912, 0.40727837561131675, 0.4060852500604534, 0.40591453816853984, 0.405905046807687, 0.4058962514025706, 0.4058882066402887, 0.40588766865009174, 0.4058876414543774, 0.4058876411471797]}, "6": {"maxiter": 100, "gtol": 1e-10, "xrtol": 1e-10, "eps": 1e-05, "duration": 0.1282670497894287, "fun": "0.40588764116784737", "jac": "[ 1.58173474e-07  2.12441176e-07 -1.73749903e-07  9.91318139e-08\n  2.12152518e-07  1.88160598e-07]", "hess_inv": "[[ 4.05273018  0.33484679  0.29450598  0.81655404  0.70402438  0.78060565]\n [ 0.33484679  4.06548577 -0.26593263  0.6787202  -0.79502631 -0.51168643]\n [ 0.29450598 -0.26593263  4.20072     0.75819919  0.85264233  2.04811395]\n [ 0.81655404  0.6787202   0.75819919  4.52979718  0.32126597  0.39880327]\n [ 0.70402438 -0.79502631  0.85264233  0.32126597  5.81277469  3.71680852]\n [ 0.78060565 -0.51168643  2.04811395  0.39880327  3.71680852  6.41002295]]", "nfev": "523", "njev": "73", "status": "2", "success": "False", "message": "Desired error not necessarily achieved due to precision loss.", "x": "[1.54832827 0.24094235 4.31085854 8.4791642  3.02735064 5.25407539]", "nit": "31", "callback": [0.8469606783273271, 0.8304220392494008, 0.8226694928184296, 0.8212136763880871, 0.8202272835516872, 0.8185544897286138, 0.8160648192366996, 0.8145474205089824, 0.8136818776564683, 0.8121692527146938, 0.8094004963258706, 0.8043713913387701, 0.7990705847784654, 0.7717077021518688, 0.6482842431518407, 0.6315946567069038, 0.6048816436874901, 0.5659675633214037, 0.510212178781984, 0.46394305195938834, 0.4214129936685078, 0.4101563068565397, 0.4072771798532032, 0.4060846130611161, 0.4059147902611987, 0.40590522936259166, 0.4058962979487002, 0.4058882354618585, 0.40588766899010276, 0.40588764122411247, 0.40588764116784737]}, "7": {"maxiter": 100, "gtol": 1e-10, "xrtol": 1e-10, "eps": 1e-10, "duration": 0.1027371883392334, "fun": "0.40588764113119846", "jac": "[0.00000000e+00 0.00000000e+00 0.00000000e+00 1.11022293e-06\n 0.00000000e+00 1.11022293e-06]", "hess_inv": "[[ 0.42092427 -0.32077335  0.97028863 -0.96983401  0.02936935  0.52120593]\n [-0.32077335  0.2949796  -0.81673437  0.79799207 -0.00958493 -0.54135771]\n [ 0.97028863 -0.81673437  2.41129883 -2.37369649  0.04806941  1.41799864]\n [-0.96983401  0.79799207 -2.37369649  2.35773686 -0.05173554 -1.38307597]\n [ 0.02936935 -0.00958493  0.04806941 -0.05173554  0.01092297 -0.00480835]\n [ 0.52120593 -0.54135771  1.41799864 -1.38307597 -0.00480835  1.08768591]]", "nfev": "427", "njev": "61", "status": "0", "success": "True", "message": "Optimization terminated successfully.", "x": "[1.54833781 0.24094836 4.31087169 8.47917712 3.02736234 5.25409333]", "nit": "43", "callback": [0.8469610511266676, 0.8304222936408793, 0.8226695463795239, 0.8212136349034189, 0.8202273739264965, 0.8185547513301934, 0.8160652268604806, 0.8145477767306902, 0.8136824846526045, 0.8121701593538818, 0.8094016738593576, 0.8043734812328007, 0.7990739081523572, 0.771714057046526, 0.6483290256486007, 0.6316417025356377, 0.6049236534481923, 0.5659979179164591, 0.5102525269844862, 0.46396603952196913, 0.4214185980970888, 0.4101594682126912, 0.40727837561131675, 0.4060852500604534, 0.40591453816853984, 0.405905046807687, 0.4058962514025706, 0.4058882066402887, 0.40588766865009174, 0.4058876414543774, 0.4058876411471797, 0.40588764114591924, 0.4058876411457145, 0.4058876411453377, 0.40588764114461207, 0.40588764113888764, 0.4058876411388159, 0.40588764113879106, 0.40588764113877684, 0.40588764113874, 0.4058876411386496, 0.40588764113119846, 0.40588764113119846]}, "8": {"maxiter": 500, "gtol": 1e-05, "xrtol": 1e-05, "eps": 1e-05, "duration": 0.06221890449523926, "fun": "0.40588764122411247", "jac": "[-1.36398670e-06  6.57159882e-06 -7.00883795e-07 -8.13515921e-07\n  4.52846649e-06  2.17412754e-06]", "hess_inv": "[[ 4.11168927  0.29260699  0.27757743  0.84882579  0.72620188  0.8106816 ]\n [ 0.29260699  3.88906368 -0.28081719  0.63953509 -1.03615438 -0.73078306]\n [ 0.27757743 -0.28081719  4.20205076  0.74684505  0.81677152  2.01359368]\n [ 0.84882579  0.63953509  0.74684505  4.54643247  0.31464134  0.39864258]\n [ 0.72620188 -1.03615438  0.81677152  0.31464134  5.58284149  3.52008867]\n [ 0.8106816  -0.73078306  2.01359368  0.39864258  3.52008867  6.24386545]]", "nfev": "252", "njev": "36", "status": "0", "success": "True", "message": "Optimization terminated successfully.", "x": "[1.54832792 0.24096276 4.31086124 8.47916492 3.02737624 5.25409828]", "nit": "30", "callback": [0.8469606783273271, 0.8304220392494008, 0.8226694928184296, 0.8212136763880871, 0.8202272835516872, 0.8185544897286138, 0.8160648192366996, 0.8145474205089824, 0.8136818776564683, 0.8121692527146938, 0.8094004963258706, 0.8043713913387701, 0.7990705847784654, 0.7717077021518688, 0.6482842431518407, 0.6315946567069038, 0.6048816436874901, 0.5659675633214037, 0.510212178781984, 0.46394305195938834, 0.4214129936685078, 0.4101563068565397, 0.4072771798532032, 0.4060846130611161, 0.4059147902611987, 0.40590522936259166, 0.4058962979487002, 0.4058882354618585, 0.40588766899010276, 0.40588764122411247]}, "9": {"maxiter": 500, "gtol": 1e-05, "xrtol": 1e-05, "eps": 1e-10, "duration": 0.06415224075317383, "fun": "0.4058876414543774", "jac": "[1.11022293e-06 7.77156053e-06 1.11022293e-06 1.11022293e-06\n 4.44089173e-06 2.22044587e-06]", "hess_inv": "[[ 4.15714645  0.29330687  0.29478211  0.88749741  0.76376508  0.85508791]\n [ 0.29330687  3.87641891 -0.29528731  0.63325074 -1.02906964 -0.72281932]\n [ 0.29478211 -0.29528731  4.18621347  0.75097093  0.83583617  2.03095881]\n [ 0.88749741  0.63325074  0.75097093  4.57491149  0.34572783  0.4345914 ]\n [ 0.76376508 -1.02906964  0.83583617  0.34572783  5.63222699  3.57742692]\n [ 0.85508791 -0.72281932  2.03095881  0.4345914   3.57742692  6.30734407]]", "nfev": "252", "njev": "36", "status": "0", "success": "True", "message": "Optimization terminated successfully.", "x": "[1.54835229 0.24097416 4.31088879 8.47919036 3.02740273 5.2541349 ]", "nit": "30", "callback": [0.8469610511266676, 0.8304222936408793, 0.8226695463795239, 0.8212136349034189, 0.8202273739264965, 0.8185547513301934, 0.8160652268604806, 0.8145477767306902, 0.8136824846526045, 0.8121701593538818, 0.8094016738593576, 0.8043734812328007, 0.7990739081523572, 0.771714057046526, 0.6483290256486007, 0.6316417025356377, 0.6049236534481923, 0.5659979179164591, 0.5102525269844862, 0.46396603952196913, 0.4214185980970888, 0.4101594682126912, 0.40727837561131675, 0.4060852500604534, 0.40591453816853984, 0.405905046807687, 0.4058962514025706, 0.4058882066402887, 0.40588766865009174, 0.4058876414543774]}, "10": {"maxiter": 500, "gtol": 1e-05, "xrtol": 1e-10, "eps": 1e-05, "duration": 0.06032896041870117, "fun": "0.40588764122411247", "jac": "[-1.36398670e-0