{"date": "2024/09/25/, 08:54:24", "conf_id": 187, "data_type": "non_lin_ind\n", "num_data_points": 2, "s_rank": 0, "unitary": "[[0.18663085-0.53122324j,-0.11886349-0.70040876j,0.28555095-0.02789305j,-0.12262021-0.2844587j],[-0.16702216+0.27758472j,0.27526351-0.29738586j,-0.01109314+0.22495461j,-0.77239203+0.28900673j],[0.61935415+0.12301792j,-0.31269928-0.03315917j,-0.61902762-0.19039079j,-0.27120731-0.0968989j],[0.42341754+0.0023929j,-0.05847358+0.47832119j,0.64900495-0.16218422j,-0.37182676-0.05229966j]]", "databatch_0": {"databatch": "[[[-0.07955565+0.21815362j,0.072258-0.00485826j,-0.36037627-0.17734487j,-0.31393136-0.20133023j],[0.45769012+0.10765345j,0.03362229+0.08855207j,0.208678+0.2494643j,0.11681598+0.23586725j],[0.12283781+0.3491412j,-0.04378356+0.08288845j,-0.02102782+0.20620767j,-0.05561891+0.1457414j],[0.01231205-0.0282969j,0.0268038+0.02213532j,0.04334503-0.09843872j,0.04199685-0.08221267j]],[[-0.05140221-0.00072184j,-0.09029326+0.01310435j,0.05280811+0.00289793j,0.02596349-0.08412041j],[-0.27063767+0.03693181j,-0.3731905-0.11286867j,0.30966668+0.08021289j,0.25362191-0.37546799j],[-0.16416823-0.17603786j,-0.11656632-0.33157182j,0.1037336+0.26362174j,0.40398805-0.01399143j],[-0.03717729+0.02678876j,-0.07738303+0.01395446j,0.05632448-0.01609543j,0.00800711-0.08563091j]]]", "initial param values": "[4.80227841,0.71738158,0.06781615,3.17372986,2.95995841,1.35342448]", "nelder_mead": {"type": "gradient-free", "0": {"maxiter": 100, "fatol": 1e-05, "xatol": 1e-05, "duration": 0.03812408447265625, "fun": "0.5018191159083871", "nit": "100", "nfev": "162", "status": "2", "success": "False", "message": "Maximum number of iterations has been exceeded.", "x": "[4.69810967 0.51319266 0.04731049 5.53477484 1.14422451 1.98675474]", "final_simplex": "(array([[4.69810967, 0.51319266, 0.04731049, 5.53477484, 1.14422451,\n        1.98675474],\n       [4.68695927, 0.50862824, 0.04612241, 5.61944864, 1.11472346,\n        1.99295568],\n       [4.71839224, 0.5151053 , 0.04658565, 5.58709092, 1.0952315 ,\n        1.97884477],\n       [4.78021814, 0.51321506, 0.04729123, 5.53119036, 1.17844071,\n        1.95165618],\n       [4.71950308, 0.52159974, 0.04720224, 5.50403714, 1.18681   ,\n        1.93380214],\n       [4.78013327, 0.49670055, 0.04563234, 5.6119053 , 1.2291832 ,\n        1.91882565],\n       [4.69239693, 0.51256966, 0.04604196, 5.59800838, 1.18502702,\n        1.91028212]]), array([0.50181912, 0.50237638, 0.50276794, 0.50328058, 0.50362474,\n       0.50408808, 0.50453788]))", "callback": [0.8892063444642938, 0.6698507048580757, 0.6698507048580757, 0.6015989422988549, 0.5686220140267009, 0.5075135283876604, 0.5075135283876604, 0.5062353942763895, 0.5057125568047198, 0.504579069413084]}, "1": {"maxiter": 100, "fatol": 1e-05, "xatol": 1e-10, "duration": 0.03734183311462402, "fun": "0.5018191159083871", "nit": "100", "nfev": "162", "status": "2", "success": "False", "message": "Maximum number of iterations has been exceeded.", "x": "[4.69810967 0.51319266 0.04731049 5.53477484 1.14422451 1.98675474]", "final_simplex": "(array([[4.69810967, 0.51319266, 0.04731049, 5.53477484, 1.14422451,\n        1.98675474],\n       [4.68695927, 0.50862824, 0.04612241, 5.61944864, 1.11472346,\n        1.99295568],\n       [4.71839224, 0.5151053 , 0.04658565, 5.58709092, 1.0952315 ,\n        1.97884477],\n       [4.78021814, 0.51321506, 0.04729123, 5.53119036, 1.17844071,\n        1.95165618],\n       [4.71950308, 0.52159974, 0.04720224, 5.50403714, 1.18681   ,\n        1.93380214],\n       [4.78013327, 0.49670055, 0.04563234, 5.6119053 , 1.2291832 ,\n        1.91882565],\n       [4.69239693, 0.51256966, 0.04604196, 5.59800838, 1.18502702,\n        1.91028212]]), array([0.50181912, 0.50237638, 0.50276794, 0.50328058, 0.50362474,\n       0.50408808, 0.50453788]))", "callback": [0.8892063444642938, 0.6698507048580757, 0.6698507048580757, 0.6015989422988549, 0.5686220140267009, 0.5075135283876604, 0.5075135283876604, 0.5062353942763895, 0.5057125568047198, 0.504579069413084]}, "2": {"maxiter": 100, "fatol": 1e-10, "xatol": 1e-05, "duration": 0.038008928298950195, "fun": "0.5018191159083871", "nit": "100", "nfev": "162", "status": "2", "success": "False", "message": "Maximum number of iterations has been exceeded.", "x": "[4.69810967 0.51319266 0.04731049 5.53477484 1.14422451 1.98675474]", "final_simplex": "(array([[4.69810967, 0.51319266, 0.04731049, 5.53477484, 1.14422451,\n        1.98675474],\n       [4.68695927, 0.50862824, 0.04612241, 5.61944864, 1.11472346,\n        1.99295568],\n       [4.71839224, 0.5151053 , 0.04658565, 5.58709092, 1.0952315 ,\n        1.97884477],\n       [4.78021814, 0.51321506, 0.04729123, 5.53119036, 1.17844071,\n        1.95165618],\n       [4.71950308, 0.52159974, 0.04720224, 5.50403714, 1.18681   ,\n        1.93380214],\n       [4.78013327, 0.49670055, 0.04563234, 5.6119053 , 1.2291832 ,\n        1.91882565],\n       [4.69239693, 0.51256966, 0.04604196, 5.59800838, 1.18502702,\n        1.91028212]]), array([0.50181912, 0.50237638, 0.50276794, 0.50328058, 0.50362474,\n       0.50408808, 0.50453788]))", "callback": [0.8892063444642938, 0.6698507048580757, 0.6698507048580757, 0.6015989422988549, 0.5686220140267009, 0.5075135283876604, 0.5075135283876604, 0.5062353942763895, 0.5057125568047198, 0.504579069413084]}, "3": {"maxiter": 100, "fatol": 1e-10, "xatol": 1e-10, "duration": 0.035798072814941406, "fun": "0.5018191159083871", "nit": "100", "nfev": "162", "status": "2", "success": "False", "message": "Maximum number of iterations has been exceeded.", "x": "[4.69810967 0.51319266 0.04731049 5.53477484 1.14422451 1.98675474]", "final_simplex": "(array([[4.69810967, 0.51319266, 0.04731049, 5.53477484, 1.14422451,\n        1.98675474],\n       [4.68695927, 0.50862824, 0.04612241, 5.61944864, 1.11472346,\n        1.99295568],\n       [4.71839224, 0.5151053 , 0.04658565, 5.58709092, 1.0952315 ,\n        1.97884477],\n       [4.78021814, 0.51321506, 0.04729123, 5.53119036, 1.17844071,\n        1.95165618],\n       [4.71950308, 0.52159974, 0.04720224, 5.50403714, 1.18681   ,\n        1.93380214],\n       [4.78013327, 0.49670055, 0.04563234, 5.6119053 , 1.2291832 ,\n        1.91882565],\n       [4.69239693, 0.51256966, 0.04604196, 5.59800838, 1.18502702,\n        1.91028212]]), array([0.50181912, 0.50237638, 0.50276794, 0.50328058, 0.50362474,\n       0.50408808, 0.50453788]))", "callback": [0.8892063444642938, 0.6698507048580757, 0.6698507048580757, 0.6015989422988549, 0.5686220140267009, 0.5075135283876604, 0.5075135283876604, 0.5062353942763895, 0.5057125568047198, 0.504579069413084]}, "4": {"maxiter": 500, "fatol": 1e-05, "xatol": 1e-05, "duration": 0.18183517456054688, "fun": "0.15861226503338988", "nit": "500", "nfev": "791", "status": "2", "success": "False", "message": "Maximum number of iterations has been exceeded.", "x": "[ 5.22370671 -2.37386987 -0.05430986  8.21853676  0.45890106  2.34869473]", "final_simplex": "(array([[ 5.22370671, -2.37386987, -0.05430986,  8.21853676,  0.45890106,\n         2.34869473],\n       [ 5.22357905, -2.37375897, -0.05430599,  8.21848231,  0.45911786,\n         2.34875565],\n       [ 5.22344   , -2.37400078, -0.05431525,  8.2186462 ,  0.45906506,\n         2.34876702],\n       [ 5.22340791, -2.37395563, -0.0543137 ,  8.21877058,  0.45935874,\n         2.34886414],\n       [ 5.22352189, -2.37410949, -0.05432027,  8.21881236,  0.45925773,\n         2.34866485],\n       [ 5.22333406, -2.37410739, -0.05432074,  8.21894278,  0.45929081,\n         2.34879378],\n       [ 5.22381488, -2.37399594, -0.05431249,  8.21867237,  0.45891957,\n         2.34883412]]), array([0.15861227, 0.15861227, 0.15861227, 0.15861227, 0.15861227,\n       0.15861228, 0.15861228]))", "callback": [0.8892063444642938, 0.6698507048580757, 0.6698507048580757, 0.6015989422988549, 0.5686220140267009, 0.5075135283876604, 0.5075135283876604, 0.5062353942763895, 0.5057125568047198, 0.504579069413084, 0.5006897104183832, 0.4972942306354333, 0.4970766364315715, 0.4969762750510426, 0.49693993597462427, 0.4967346450760033, 0.49576200168251094, 0.4888392775244226, 0.4718721447006895, 0.455630708657223, 0.4460498124226081, 0.4389966692290451, 0.42372428837800036, 0.36726794116456085, 0.32363197885374495, 0.31025213321010736, 0.2968261960130171, 0.28610002402641743, 0.2604441481110966, 0.25224371880273055, 0.2480922580669188, 0.2472391700236758, 0.24686105021488403, 0.24630955646034647, 0.24432115973679047, 0.2406620459641814, 0.22556337814225869, 0.2140711302669871, 0.20334526133396502, 0.1985161590237885, 0.1912404888596766, 0.17167007742682416, 0.161361957384756, 0.1596369673388014, 0.1588105563166735, 0.15862913588209615, 0.15861510383413258, 0.15861302406308342, 0.15861238626718321, 0.15861227735525718]}, "5": {"maxiter": 500, "fatol": 1e-05, "xatol": 1e-10, "duration": 0.18665313720703125, "fun": "0.15861226503338988", "nit": "500", "nfev": "791", "status": "2", "success": "False", "message": "Maximum number of iterations has been exceeded.", "x": "[ 5.22370671 -2.37386987 -0.05430986  8.21853676  0.45890106  2.34869473]", "final_simplex": "(array([[ 5.22370671, -2.37386987, -0.05430986,  8.21853676,  0.45890106,\n         2.34869473],\n       [ 5.22357905, -2.37375897, -0.05430599,  8.21848231,  0.45911786,\n         2.34875565],\n       [ 5.22344   , -2.37400078, -0.05431525,  8.2186462 ,  0.45906506,\n         2.34876702],\n       [ 5.22340791, -2.37395563, -0.0543137 ,  8.21877058,  0.45935874,\n         2.34886414],\n       [ 5.22352189, -2.37410949, -0.05432027,  8.21881236,  0.45925773,\n         2.34866485],\n       [ 5.22333406, -2.37410739, -0.05432074,  8.21894278,  0.45929081,\n         2.34879378],\n       [ 5.22381488, -2.37399594, -0.05431249,  8.21867237,  0.45891957,\n         2.34883412]]), array([0.15861227, 0.15861227, 0.15861227, 0.15861227, 0.15861227,\n       0.15861228, 0.15861228]))", "callback": [0.8892063444642938, 0.6698507048580757, 0.6698507048580757, 0.6015989422988549, 0.5686220140267009, 0.5075135283876604, 0.5075135283876604, 0.5062353942763895, 0.5057125568047198, 0.504579069413084, 0.5006897104183832, 0.4972942306354333, 0.4970766364315715, 0.4969762750510426, 0.49693993597462427, 0.4967346450760033, 0.49576200168251094, 0.4888392775244226, 0.4718721447006895, 0.455630708657223, 0.4460498124226081, 0.4389966692290451, 0.42372428837800036, 0.36726794116456085, 0.32363197885374495, 0.31025213321010736, 0.2968261960130171, 0.28610002402641743, 0.2604441481110966, 0.25224371880273055, 0.2480922580669188, 0.2472391700236758, 0.24686105021488403, 0.24630955646034647, 0.24432115973679047, 0.2406620459641814, 0.22556337814225869, 0.2140711302669871, 0.20334526133396502, 0.1985161590237885, 0.1912404888596766, 0.17167007742682416, 0.161361957384756, 0.1596369673388014, 0.1588105563166735, 0.15862913588209615, 0.15861510383413258, 0.15861302406308342, 0.15861238626718321, 0.15861227735525718]}, "6": {"maxiter": 500, "fatol": 1e-10, "xatol": 1e-05, "duration": 0.19354510307312012, "fun": "0.15861226503338988", "nit": "500", "nfev": "791", "status": "2", "success": "False", "message": "Maximum number of iterations has been exceeded.", "x": "[ 5.22370671 -2.37386987 -0.05430986  8.21853676  0.45890106  2.34869473]", "final_simplex": "(array([[ 5.22370671, -2.37386987, -0.05430986,  8.21853676,  0.45890106,\n         2.34869473],\n       [ 5.22357905, -2.37375897, -0.05430599,  8.21848231,  0.45911786,\n         2.34875565],\n       [ 5.22344   , -2.37400078, -0.05431525,  8.2186462 ,  0.45906506,\n         2.34876702],\n       [ 5.22340791, -2.37395563, -0.0543137 ,  8.21877058,  0.45935874,\n         2.34886414],\n       [ 5.22352189, -2.37410949, -0.05432027,  8.21881236,  0.45925773,\n         2.34866485],\n       [ 5.22333406, -2.37410739, -0.05432074,  8.21894278,  0.45929081,\n         2.34879378],\n       [ 5.22381488, -2.37399594, -0.05431249,  8.21867237,  0.45891957,\n         2.34883412]]), array([0.15861227, 0.15861227, 0.15861227, 0.15861227, 0.15861227,\n       0.15861228, 0.15861228]))", "callback": [0.8892063444642938, 0.6698507048580757, 0.6698507048580757, 0.6015989422988549, 0.5686220140267009, 0.5075135283876604, 0.5075135283876604, 0.5062353942763895, 0.5057125568047198, 0.504579069413084, 0.5006897104183832, 0.4972942306354333, 0.4970766364315715, 0.4969762750510426, 0.49693993597462427, 0.4967346450760033, 0.49576200168251094, 0.4888392775244226, 0.4718721447006895, 0.455630708657223, 0.4460498124226081, 0.4389966692290451, 0.42372428837800036, 0.36726794116456085, 0.32363197885374495, 0.31025213321010736, 0.2968261960130171, 0.28610002402641743, 0.2604441481110966, 0.25224371880273055, 0.2480922580669188, 0.2472391700236758, 0.24686105021488403, 0.24630955646034647, 0.24432115973679047, 0.2406620459641814, 0.22556337814225869, 0.2140711302669871, 0.20334526133396502, 0.1985161590237885, 0.1912404888596766, 0.17167007742682416, 0.161361957384756, 0.1596369673388014, 0.1588105563166735, 0.15862913588209615, 0.15861510383413258, 0.15861302406308342, 0.15861238626718321, 0.15861227735525718]}, "7": {"maxiter": 500, "fatol": 1e-10, "xatol": 1e-10, "duration": 0.18476080894470215, "fun": "0.15861226503338988", "nit": "500", "nfev": "791", "status": "2", "success": "False", "message": "Maximum number of iterations has been exceeded.", "x": "[ 5.22370671 -2.37386987 -0.05430986  8.21853676  0.45890106  2.34869473]", "final_simplex": "(array([[ 5.22370671, -2.37386987, -0.05430986,  8.21853676,  0.45890106,\n         2.34869473],\n       [ 5.22357905, -2.37375897, -0.05430599,  8.21848231,  0.45911786,\n         2.34875565],\n       [ 5.22344   , -2.37400078, -0.05431525,  8.2186462 ,  0.45906506,\n         2.34876702],\n       [ 5.22340791, -2.37395563, -0.0543137 ,  8.21877058,  0.45935874,\n         2.34886414],\n       [ 5.22352189, -2.37410949, -0.05432027,  8.21881236,  0.45925773,\n         2.34866485],\n       [ 5.22333406, -2.37410739, -0.05432074,  8.21894278,  0.45929081,\n         2.34879378],\n       [ 5.22381488, -2.37399594, -0.05431249,  8.21867237,  0.45891957,\n         2.34883412]]), array([0.15861227, 0.15861227, 0.15861227, 0.15861227, 0.15861227,\n       0.15861228, 0.15861228]))", "callback": [0.8892063444642938, 0.6698507048580757, 0.6698507048580757, 0.6015989422988549, 0.5686220140267009, 0.5075135283876604, 0.5075135283876604, 0.5062353942763895, 0.5057125568047198, 0.504579069413084, 0.5006897104183832, 0.4972942306354333, 0.4970766364315715, 0.4969762750510426, 0.49693993597462427, 0.4967346450760033, 0.49576200168251094, 0.4888392775244226, 0.4718721447006895, 0.455630708657223, 0.4460498124226081, 0.4389966692290451, 0.42372428837800036, 0.36726794116456085, 0.32363197885374495, 0.31025213321010736, 0.2968261960130171, 0.28610002402641743, 0.2604441481110966, 0.25224371880273055, 0.2480922580669188, 0.2472391700236758, 0.24686105021488403, 0.24630955646034647, 0.24432115973679047, 0.2406620459641814, 0.22556337814225869, 0.2140711302669871, 0.20334526133396502, 0.1985161590237885, 0.1912404888596766, 0.17167007742682416, 0.161361957384756, 0.1596369673388014, 0.1588105563166735, 0.15862913588209615, 0.15861510383413258, 0.15861302406308342, 0.15861238626718321, 0.15861227735525718]}, "8": {"maxiter": 1000, "fatol": 1e-05, "xatol": 1e-05, "duration": 0.33868908882141113, "fun": "0.15448075663105687", "nit": "910", "nfev": "1422", "status": "0", "success": "True", "message": "Optimization terminated successfully.", "x": "[ 5.30997476 -2.19741913 -0.30978297  8.11051744  0.39123186  2.22896   ]", "final_simplex": "(array([[ 5.30997476, -2.19741913, -0.30978297,  8.11051744,  0.39123186,\n         2.22896   ],\n       [ 5.30997837, -2.19741358, -0.30979093,  8.11051365,  0.39122792,\n         2.22895569],\n       [ 5.30997797, -2.19741496, -0.30978502,  8.11051495,  0.3912281 ,\n         2.22896   ],\n       [ 5.30997363, -2.19741292, -0.30979005,  8.1105152 ,  0.39122789,\n         2.22895463],\n       [ 5.30997527, -2.19741365, -0.30978499,  8.11051403,  0.39123026,\n         2.22895712],\n       [ 5.30997508, -2.19741498, -0.30978601,  8.11051733,  0.39123136,\n         2.22896124],\n       [ 5.30997934, -2.19741511, -0.30978501,  8.11051815,  0.39122635,\n         2.22895662]]), array([0.15448076, 0.15448076, 0.15448076, 0.15448076, 0.15448076,\n       0.15448076, 0.15448076]))", "callback": [0.8892063444642938, 0.6698507048580757, 0.6698507048580757, 0.6015989422988549, 0.5686220140267009, 0.5075135283876604, 0.5075135283876604, 0.5062353942763895, 0.5057125568047198, 0.504579069413084, 0.5006897104183832, 0.4972942306354333, 0.4970766364315715, 0.4969762750510426, 0.49693993597462427, 0.4967346450760033, 0.49576200168251094, 0.4888392775244226, 0.4718721447006895, 0.455630708657223, 0.4460498124226081, 0.4389966692290451, 0.42372428837800036, 0.36726794116456085, 0.32363197885374495, 0.31025213321010736, 0.2968261960130171, 0.28610002402641743, 0.2604441481110966, 0.25224371880273055, 0.2480922580669188, 0.2472391700236758, 0.24686105021488403, 0.24630955646034647, 0.24432115973679047, 0.2406620459641814, 0.22556337814225869, 0.2140711302669871, 0.20334526133396502, 0.1985161590237885, 0.1912404888596766, 0.17167007742682416, 0.161361957384756, 0.1596369673388014, 0.1588105563166735, 0.15862913588209615, 0.15861510383413258, 0.15861302406308342, 0.15861238626718321, 0.15861227735525718, 0.15861226503338988, 0.15861226179930865, 0.15861226179930865, 0.1586122598358043, 0.15861225789227318, 0.15861225661793488, 0.15861224499674598, 0.15861221915088175, 0.1586121017864317, 0.15861190692055893, 0.15861145132006482, 0.15861095877142328, 0.15860960030592897, 0.15860810032366524, 0.15860297703736692, 0.15860085116623723, 0.158591101834877, 0.15857763261158242, 0.1585635307581934, 0.15854278544976363, 0.15851416836041, 0.15843205042974617, 0.15823386350307178, 0.15801557367678098, 0.15770742072947297, 0.1575759154718971, 0.1569160936981462, 0.15601470393616323, 0.15491891378344969, 0.15465499232068813, 0.15451619487488255, 0.1544922996372443, 0.1544830327444764, 0.15448110675004334, 0.15448081918224776, 0.1544807763348065, 0.1544807595336437, 0.15448075711488674, 0.15448075672926875, 0.15448075665483818, 0.1544807566360391]}, "9": {"maxiter": 1000, "fatol": 1e-05, "xatol": 1e-10, "duration": 0.3830578327178955, "fun": "0.15448075662936156", "nit": "998", "nfev": "1632", "status": "0", "success": "True", "message": "Optimization terminated successfully.", "x": "[ 5.30997604 -2.19741581 -0.30978651  8.11051673  0.39122841  2.22895715]", "final_simplex": "(array([[ 5.30997604, -2.19741581, -0.30978651,  8.11051673,  0.39122841,\n         2.22895715],\n       [ 5.30997604, -2.19741581, -0.30978651,  8.11051673,  0.39122841,\n         2.22895715],\n       [ 5.30997604, -2.19741581, -0.30978651,  8.11051673,  0.39122841,\n         2.22895716],\n       [ 5.30997604, -2.19741581, -0.30978651,  8.11051673,  0.39122841,\n         2.22895715],\n       [ 5.30997604, -2.19741581, -0.30978651,  8.11051673,  0.39122841,\n         2.22895715],\n       [ 5.30997604, -2.19741581, -0.30978651,  8.11051673,  0.39122841,\n         2.22895715],\n       [ 5.30997604, -2.19741581, -0.30978651,  8.11051673,  0.39122841,\n         2.22895715]]), array([0.15448076, 0.15448076, 0.15448076, 0.15448076, 0.15448076,\n       0.15448076, 0.15448076]))", "callback": [0.8892063444642938, 0.6698507048580757, 0.6698507048580757, 0.6015989422988549, 0.5686220140267009, 0.5075135283876604, 0.5075135283876604, 0.5062353942763895, 0.5057125568047198, 0.504579069413084, 0.5006897104183832, 0.4972942306354333, 0.4970766364315715, 0.4969762750510426, 0.49693993597462427, 0.4967346450760033, 0.49576200168251094, 0.4888392775244226, 0.4718721447006895, 0.455630708657223, 0.4460498124226081, 0.4389966692290451, 0.42372428837800036, 0.36726794116456085, 0.32363197885374495, 0.31025213321010736, 0.2968261960130171, 0.28610002402641743, 0.2604441481110966, 0.25224371880273055, 0.2480922580669188, 0.2472391700236758, 0.24686105021488403, 0.24630955646034647, 0.24432115973679047, 0.2406620459641814, 0.22556337814225869, 0.2140711302669871, 0.20334526133396502, 0.1985161590237885, 0.1912404888596766, 0.17167007742682416, 0.161361957384756, 0.1596369673388014, 0.1588105563166735, 0.15862913588209615, 0.15861510383413258, 0.15861302406308342, 0.15861238626718321, 0.15861227735525718, 0.15861226503338988, 0.15861226179930865, 0.15861226179930865, 0.1586122598358043, 0.15861225789227318, 0.15861225661793488, 0.15861224499674598, 0.15861221915088175, 0.1586121017864317, 0.15861190692055893, 0.15861145132006482, 0.15861095877142328, 0.15860960030592897, 0.15860810032366524, 0.15860297703736692, 0.15860085116623723, 0.158591101834877, 0.15857763261158242, 0.1585635307581934, 0.15854278544976363, 0.15851416836041, 0.15843205042974617, 0.15823386350307178, 0.15801557367678098, 0.15770742072947297, 0.1575759154718971, 0.1569160936981462, 0.15601470393616323, 0.15491891378344969, 0.15465499232068813, 0.15451619487488255, 0.1544922996372443, 0.1544830327444764, 0.15448110675004334, 0.15448081918224776, 0.1544807763348065, 0.1544807595336437, 0.15448075711488674, 0.15448075672926875, 0.15448075665483818, 0.1544807566360391, 0.15448075663007255, 0.1544807566296953, 0.15448075662939553, 0.15448075662936933, 0.1544807566293629, 0.154480756629362, 0.15448075662936156, 0.15448075662936156, 0.15448075662936156]}, "10": {"maxiter": 1000, "fatol": 1e-10, "xatol": 1e-05, "duration": 0.33092570304870605, "fun": "0.15448075663105687", "nit": "910", "nfev": "1422", "status": "0", "success": "True", "message": "Optimization terminated successfully.", "x": "[ 5.30997476 -2.19741913 -0.30978297  8.11051744  0.39123186  2.22896   ]", "final_simplex": "(array([[ 5.30997476, -2.19741913, -0.30978297,  8.11051744,  0.39123186,\n         2.22896   ],\n       [ 5.30997837, -2.19741358, -0.30979093,  8.11051365,  0.39122792,\n         2.22895569],\n       [ 5.30997797, -2.19741496, -0.30978502,  8.11051495,  0.3912281 ,\n         2.22896   ],\n       [ 5.30997363, -2.19741292, -0.30979005,  8.1105152 ,  0.39122789,\n         2.22895463],\n       [ 5.30997527, -2.19741365, -0.30978499,  8.11051403,  0.39123026,\n         2.22895712],\n       [ 5.30997508, -2.19741498, -0.30978601,  8.11051733,  0.39123136,\n         2.22896124],\n       [ 5.30997934, -2.19741511, -0.30978501,  8.11051815,  0.39122635,\n         2.22895662]]), array([0.15448076, 0.15448076, 0.15448076, 0.15448076, 0.15448076,\n       0.15448076, 0.15448076]))", "callback": [0.8892063444642938, 0.6698507048580757, 0.6698507048580757, 0.6015989422988549, 0.5686220140267009, 0.5075135283876604, 0.5075135283876604, 0.5062353942763895, 0.5057125568047198, 0.504579069413084, 0.5006897104183832, 0.4972942306354333, 0.4970766364315715, 0.4969762750510426, 0.49693993597462427, 0.4967346450760033, 0.49576200168251094, 0.4888392775244226, 0.4718721447006895, 0.455630708657223, 0.4460498124226081, 0.4389966692290451, 0.42372428837800036, 0.36726794116456085, 0.32363197885374495, 0.31025213321010736, 0.2968261960130171, 0.28610002402641743, 0.2604441481110966, 0.25224371880273055, 0.2480922580669188, 0.2472391700236758, 0.24686105021488403, 0.24630955646034647, 0.24432115973679047, 0.2406620459641814, 0.22556337814225869, 0.2140711302669871, 0.20334526133396502, 0.1985161590237885, 0.1912404888596766, 0.17167007742682416, 0.161361957384756, 0.1596369673388014, 0.1588105563166735, 0.15862913588209615, 0.15861510383413258, 0.15861302406308342, 0.15861238626718321, 0.15861227735525718, 0.15861226503338988, 0.15861226179930865, 0.15861226179930865, 0.1586122598358043, 0.15861225789227318, 0.15861225661793488, 0.15861224499674598, 0.15861221915088175, 0.1586121017864317, 0.15861190692055893, 0.15861145132006482, 0.15861095877142328, 0.15860960030592897, 0.15860810032366524, 0.15860297703736692, 0.15860085116623723, 0.158591101834877, 0.15857763261158242, 0.1585635307581934, 0.15854278544976363, 0.15851416836041, 0.15843205042974617, 0.15823386350307178, 0.15801557367678098, 0.15770742072947297, 0.1575759154718971, 0.1569160936981462, 0.15601470393616323, 0.15491891378344969, 0.15465499232068813, 0.15451619487488255, 0.1544922996372443, 0.1544830327444764, 0.15448110675004334, 0.15448081918224776, 0.1544807763348065, 0.1544807595336437, 0.15448075711488674, 0.15448075672926875, 0.15448075665483818, 0.1544807566360391]}, "11": {"maxiter": 1000, "fatol": 1e-10, "xatol": 1e-10, "duration": 0.36372923851013184, "fun": "0.15448075662936156", "nit": "998", "nfev": "1632", "status": "0", "success": "True", "message": "Optimization terminated successfully.", "x": "[ 5.30997604 -2.19741581 -0.30978651  8.11051673  0.39122841  2.22895715]", "final_simplex": "(array([[ 5.30997604, -2.19741581, -0.30978651,  8.11051673,  0.39122841,\n         2.22895715],\n       [ 5.30997604, -2.19741581, -0.30978651,  8.11051673,  0.39122841,\n         2.22895715],\n       [ 5.30997604, -2.19741581, -0.30978651,  8.11051673,  0.39122841,\n         2.22895716],\n       [ 5.30997604, -2.19741581, -0.30978651,  8.11051673,  0.39122841,\n         2.22895715],\n       [ 5.30997604, -2.19741581, -0.30978651,  8.11051673,  0.39122841,\n         2.22895715],\n       [ 5.30997604, -2.19741581, -0.30978651,  8.11051673,  0.39122841,\n         2.22895715],\n       [ 5.30997604, -2.19741581, -0.30978651,  8.11051673,  0.39122841,\n         2.22895715]]), array([0.15448076, 0.15448076, 0.15448076, 0.15448076, 0.15448076,\n       0.15448076, 0.15448076]))", "callback": [0.8892063444642938, 0.6698507048580757, 0.6698507048580757, 0.6015989422988549, 0.5686220140267009, 0.5075135283876604, 0.5075135283876604, 0.5062353942763895, 0.5057125568047198, 0.504579069413084, 0.5006897104183832, 0.4972942306354333, 0.4970766364315715, 0.4969762750510426, 0.49693993597462427, 0.4967346450760033, 0.49576200168251094, 0.4888392775244226, 0.4718721447006895, 0.455630708657223, 0.4460498124226081, 0.4389966692290451, 0.42372428837800036, 0.36726794116456085, 0.32363197885374495, 0.31025213321010736, 0.2968261960130171, 0.28610002402641743, 0.2604441481110966, 0.25224371880273055, 0.2480922580669188, 0.2472391700236758, 0.24686105021488403, 0.24630955646034647, 0.24432115973679047, 0.2406620459641814, 0.22556337814225869, 0.2140711302669871, 0.20334526133396502, 0.1985161590237885, 0.1912404888596766, 0.17167007742682416, 0.161361957384756, 0.1596369673388014, 0.1588105563166735, 0.15862913588209615, 0.15861510383413258, 0.15861302406308342, 0.15861238626718321, 0.15861227735525718, 0.15861226503338988, 0.15861226179930865, 0.15861226179930865, 0.1586122598358043, 0.15861225789227318, 0.15861225661793488, 0.15861224499674598, 0.15861221915088175, 0.1586121017864317, 0.15861190692055893, 0.15861145132006482, 0.15861095877142328, 0.15860960030592897, 0.15860810032366524, 0.15860297703736692, 0.15860085116623723, 0.158591101834877, 0.15857763261158242, 0.1585635307581934, 0.15854278544976363, 0.15851416836041, 0.15843205042974617, 0.15823386350307178, 0.15801557367678098, 0.15770742072947297, 0.1575759154718971, 0.1569160936981462, 0.15601470393616323, 0.15491891378344969, 0.15465499232068813, 0.15451619487488255, 0.1544922996372443, 0.1544830327444764, 0.15448110675004334, 0.15448081918224776, 0.1544807763348065, 0.1544807595336437, 0.15448075711488674, 0.15448075672926875, 0.15448075665483818, 0.1544807566360391, 0.15448075663007255, 0.1544807566296953, 0.15448075662939553, 0.15448075662936933, 0.1544807566293629, 0.154480756629362, 0.15448075662936156, 0.15448075662936156, 0.15448075662936156]}}, "bfgs": {"type": "gradient", "0": {"maxiter": 100, "gtol": 1e-05, "xrtol": 1e-05, "eps": 1e-05, "duration": 0.055168867111206055, "fun": "0.15448075668809425", "jac": "[-5.38624700e-07  4.09469125e-06  1.33573153e-06 -2.69827494e-06\n  1.02678976e-06 -4.22240021e-07]", "hess_inv": "[[ 6.14960191  3.20783654 -3.04819156  2.55462773 -4.24705327 -1.98392497]\n [ 3.20783654  9.37610072 -6.49165034  5.94725663 -3.49392897 -2.09699229]\n [-3.04819156 -6.49165034  8.71866458 -3.84137167  2.3870324   3.76308617]\n [ 2.55462773  5.94725663 -3.84137167  6.33235001 -2.13703594 -1.08182293]\n [-4.24705327 -3.49392897  2.3870324  -2.13703594  7.10877359  2.34216107]\n [-1.98392497 -2.09699229  3.76308617 -1.08182293  2.34216107  4.59384103]]", "nfev": "245", "njev": "35", "status": "0", "success": "True", "message": "Optimization terminated successfully.", "x": "[ 5.30996469  4.08576605 -0.30979048  4.45583688  3.53282454  5.37054102]", "nit": "26", "callback": [0.5789426132316956, 0.5548075515224988, 0.5180049820791467, 0.47388091822429057, 0.43544754367976846, 0.3782334028541863, 0.32051239384767427, 0.2986770663460807, 0.29358144384834495, 0.28499433546475705, 0.275848672385116, 0.20389952155714863, 0.19895303721563795, 0.1901204759137165, 0.17601508896076035, 0.16510233972785504, 0.1628089104997782, 0.15929346679066603, 0.1570607074212862, 0.15596011348270766, 0.1546159097737645, 0.15449076598460465, 0.15448194358708078, 0.15448084846076338, 0.1544807701100006, 0.15448075668809425]}, "1": {"maxiter": 100, "gtol": 1e-05, "xrtol": 1e-05, "eps": 1e-10, "duration": 0.05470895767211914, "fun": "0.15448075666288985", "jac": "[-1.11022293e-06  1.11022293e-06 -1.11022293e-06 -4.44089173e-06\n  1.11022293e-06 -2.22044587e-06]", "hess_inv": "[[ 6.14257633  3.18508017 -3.06663047  2.51565892 -4.20081275 -2.00093315]\n [ 3.18508017  9.3764495  -6.47723288  5.90283967 -3.49142922 -2.08878391]\n [-3.06663047 -6.47723288  8.62816747 -3.83591283  2.38372826  3.72070795]\n [ 2.51565892  5.90283967 -3.83591283  6.27939741 -2.10271767 -1.07486537]\n [-4.20081275 -3.49142922  2.38372826 -2.10271767  7.09535437  2.32487743]\n [-2.00093315 -2.08878391  3.72070795 -1.07486537  2.32487743  4.58381715]]", "nfev": "245", "njev": "35", "status": "0", "success": "True", "message": "Optimization terminated successfully.", "x": "[ 5.30996723  4.08577097 -0.30979192  4.45584558  3.53283572  5.37054913]", "nit": "26", "callback": [0.5789435126507908, 0.5548077697021975, 0.5180048854539141, 0.47388120560853786, 0.43544671300563575, 0.3782327240093091, 0.32051091403966336, 0.29867428979981536, 0.2935787066430493, 0.2849913366270812, 0.275842512386719, 0.2038382291444002, 0.19882507335637334, 0.18989717755219582, 0.17572421941598848, 0.16510572137300383, 0.16280099795779868, 0.15927495263857583, 0.1570555456556071, 0.15595172638766341, 0.1546137041937875, 0.15449125951673803, 0.15448190229665704, 0.15448084136599827, 0.15448076926964227, 0.15448075666288985]}, "2": {"maxiter": 100, "gtol": 1e-05, "xrtol": 1e-10, "eps": 1e-05, "duration": 0.054837942123413086, "fun": "0.15448075668809425", "jac": "[-5.38624700e-07  4.09469125e-06  1.33573153e-06 -2.69827494e-06\n  1.02678976e-06 -4.22240021e-07]", "hess_inv": "[[ 6.14960191  3.20783654 -3.04819156  2.55462773 -4.24705327 -1.98392497]\n [ 3.20783654  9.37610072 -6.49165034  5.94725663 -3.49392897 -2.09699229]\n [-3.04819156 -6.49165034  8.71866458 -3.84137167  2.3870324   3.76308617]\n [ 2.55462773  5.94725663 -3.84137167  6.33235001 -2.13703594 -1.08182293]\n [-4.24705327 -3.49392897  2.3870324  -2.13703594  7.10877359  2.34216107]\n [-1.98392497 -2.09699229  3.76308617 -1.08182293  2.34216107  4.59384103]]", "nfev": "245", "njev": "35", "status": "0", "success": "True", "message": "Optimization terminated successfully.", "x": "[ 5.30996469  4.08576605 -0.30979048  4.45583688  3.53282454  5.37054102]", "nit": "26", "callback": [0.5789426132316956, 0.5548075515224988, 0.5180049820791467, 0.47388091822429057, 0.43544754367976846, 0.3782334028541863, 0.32051239384767427, 0.2986770663460807, 0.29358144384834495, 0.28499433546475705, 0.275848672385116, 0.20389952155714863, 0.19895303721563795, 0.1901204759137165, 0.17601508896076035, 0.16510233972785504, 0.1628089104997782, 0.15929346679066603, 0.1570607074212862, 0.15596011348270766, 0.1546159097737645, 0.15449076598460465, 0.15448194358708078, 0.15448084846076338, 0.1544807701100006, 0.15448075668809425]}, "3": {"maxiter": 100, "gtol": 1e-05, "xrtol": 1e-10, "eps": 1e-10, "duration": 0.055071115493774414, "fun": "0.15448075666288985", "jac": "[-1.11022293e-06  1.11022293e-06 -1.11022293e-06 -4.44089173e-06\n  1.11022293e-06 -2.22044587e-06]", "hess_inv": "[[ 6.14257633  3.18508017 -3.06663047  2.51565892 -4.20081275 -2.00093315]\n [ 3.18508017  9.3764495  -6.47723288  5.90283967 -3.49142922 -2.08878391]\n [-3.06663047 -6.47723288  8.62816747 -3.83591283  2.38372826  3.72070795]\n [ 2.51565892  5.90283967 -3.83591283  6.27939741 -2.10271767 -1.07486537]\n [-4.20081275 -3.49142922  2.38372826 -2.10271767  7.09535437  2.32487743]\n [-2.00093315 -2.08878391  3.72070795 -1.07486537  2.32487743  4.58381715]]", "nfev": "245", "njev": "35", "status": "0", "success": "True", "message": "Optimization terminated successfully.", "x": "[ 5.30996723  4.08577097 -0.30979192  4.45584558  3.53283572  5.37054913]", "nit": "26", "callback": [0.5789435126507908, 0.5548077697021975, 0.5180048854539141, 0.47388120560853786, 0.43544671300563575, 0.3782327240093091, 0.32051091403966336, 0.29867428979981536, 0.2935787066430493, 0.2849913366270812, 0.275842512386719, 0.2038382291444002, 0.19882507335637334, 0.18989717755219582, 0.17572421941598848, 0.16510572137300383, 0.16280099795779868, 0.15927495263857583, 0.1570555456556071, 0.15595172638766341, 0.1546137041937875, 0.15449125951673803, 0.15448190229665704, 0.15448084136599827, 0.15448076926964227, 0.15448075666288985]}, "4": {"maxiter": 100, "gtol": 1e-10, "xrtol": 1e-05, "eps": 1e-05, "duration": 0.057826995849609375, "fun": "0.15448075667181238", "jac": "[ 9.00834962e-08  8.09763368e-07  4.13680201e-07 -4.94304597e-07\n  4.47797355e-07 -1.26942901e-07]", "hess_inv": "[[ 6.22039867  3.11109731 -3.02062347  2.5742526  -4.28504242 -1.996359  ]\n [ 3.11109731  9.35863914 -6.51628223  5.90404478 -3.48075795 -2.08383368]\n [-3.02062347 -6.51628223  8.72826358 -3.83230132  2.37561461  3.75857822]\n [ 2.5742526   5.90404478 -3.83230132  6.3359937  -2.15181078 -1.08568945]\n [-4.28504242 -3.48075795  2.37561461 -2.15181078  7.11913034  2.34784122]\n [-1.996359   -2.08383368  3.75857822 -1.08568945  2.34784122  4.59592671]]", "nfev": "252", "njev": "36", "status": "0", "success": "True", "message": "Optimization terminated successfully.", "x": "[ 5.30996984  4.08575674 -0.30978828  4.45583806  3.53282119  5.37054006]", "nit": "27", "callback": [0.5789426132316956, 0.5548075515224988, 0.5180049820791467, 0.47388091822429057, 0.43544754367976846, 0.3782334028541863, 0.32051239384767427, 0.2986770663460807, 0.29358144384834495, 0.28499433546475705, 0.275848672385116, 0.20389952155714863, 0.19895303721563795, 0.1901204759137165, 0.17601508896076035, 0.16510233972785504, 0.1628089104997782, 0.15929346679066603, 0.1570607074212862, 0.15596011348270766, 0.1546159097737645, 0.15449076598460465, 0.15448194358708078, 0.15448084846076338, 0.1544807701100006, 0.15448075668809425, 0.15448075667181238]}, "5": {"maxiter": 100, "gtol": 1e-10, "xrtol": 1e-05, "eps": 1e-10, "duration": 0.06161308288574219, "fun": "0.15448075665717886", "jac": "[1.11022293e-06 1.11022293e-06 2.22044587e-06 4.44089173e-06\n 4.44089173e-06 2.22044587e-06]", "hess_inv": "[[ 6.31652464  3.31709222 -3.03499097  2.75669141 -4.32299388 -1.93132368]\n [ 3.31709222  9.39976597 -6.45039479  5.9719037  -3.52236836 -2.10491352]\n [-3.03499097 -6.45039479  8.63381846 -3.78788493  2.35923292  3.7359047 ]\n [ 2.75669141  5.9719037  -3.78788493  6.444737   -2.18050115 -1.08055027]\n [-4.32299388 -3.52236836  2.35923292 -2.18050115  7.13151208  2.33141015]\n [-1.93132368 -2.10491352  3.7359047  -1.08055027  2.33141015  4.54981348]]", "nfev": "252", "njev": "36", "status": "0", "success": "True", "message": "Optimization terminated successfully.", "x": "[ 5.30997995  4.08578282 -0.30978968  4.45586645  3.53282503  5.37055619]", "nit": "27", "callback": [0.5789435126507908, 0.5548077697021975, 0.5180048854539141, 0.47388120560853786, 0.43544671300563575, 0.3782327240093091, 0.32051091403966336, 0.29867428979981536, 0.2935787066430493, 0.2849913366270812, 0.275842512386719, 0.2038382291444002, 0.19882507335637334, 0.18989717755219582, 0.17572421941598848, 0.16510572137300383, 0.16280099795779868, 0.15927495263857583, 0.1570555456556071, 0.15595172638766341, 0.1546137041937875, 0.15449125951673803, 0.15448190229665704, 0.15448084136599827, 0.15448076926964227, 0.15448075666288985, 0.15448075665717886]}, "6": {"maxiter": 100, "gtol": 1e-10, "xrtol": 1e-10, "eps": 1e-05, "duration": 0.12836408615112305, "fun": "0.15448075667181238", "jac": "[ 9.00834962e-08  8.09763368e-07  4.13680201e-07 -4.94304597e-07\n  4.47797355e-07 -1.26942901e-07]", "hess_inv": "[[ 6.40861427  2.92107147 -3.0853011   2.65683216 -4.55186484 -2.10081253]\n [ 2.92107147  9.43014278 -6.33485082  5.78905507 -3.09601966 -1.92298982]\n [-3.0853011  -6.33485082  8.63842773 -3.83017081  2.35599767  3.74102772]\n [ 2.65683216  5.78905507 -3.83017081  6.36391996 -2.23857672 -1.11696858]\n [-4.55186484 -3.09601966  2.35599767 -2.23857672  7.38683207  2.44283443]\n [-2.10081253 -1.92298982  3.74102772 -1.11696858  2.44283443  4.6284062 ]]", "nfev": "529", "njev": "74", "status": "2", "success": "False", "message": "Desired error not necessarily achieved due to precision loss.", "x": "[ 5.30996984  4.08575674 -0.30978828  4.45583806  3.53282119  5.37054006]", "nit": "27", "callback": [0.5789426132316956, 0.5548075515224988, 0.5180049820791467, 0.47388091822429057, 0.43544754367976846, 0.3782334028541863, 0.32051239384767427, 0.2986770663460807, 0.29358144384834495, 0.28499433546475705, 0.275848672385116, 0.20389952155714863, 0.19895303721563795, 0.1901204759137165, 0.17601508896076035, 0.16510233972785504, 0.1628089104997782, 0.15929346679066603, 0.1570607074212862, 0.15596011348270766, 0.1546159097737645, 0.15449076598460465, 0.15448194358708078, 0.15448084846076338, 0.1544807701100006, 0.15448075668809425, 0.15448075667181238]}, "7": {"maxiter": 100, "gtol": 1e-10, "xrtol": 1e-10, "eps": 1e-10, "duration": 0.07378482818603516, "fun": "0.15448075664584127", "jac": "[1.11022293e-06 3.33066880e-06 0.00000000e+00 1.11022293e-06\n 6.66133760e-06 2.22044587e-06]", "hess_inv": "[[ 373.91520075  627.92426851 -370.66759594  633.76496652 -369.03292306\n  -108.81267365]\n [ 627.92426851 1067.81057254 -628.22457389 1074.87247192 -625.26802608\n  -183.37852626]\n [-370.66759594 -628.22457389  370.83854118 -633.18093779  368.33644608\n   107.7490629 ]\n [ 633.76496652 1074.87247192 -633.18093779 1083.09282585 -630.08927879\n  -184.56582198]\n [-369.03292306 -625.26802608  368.33644608 -630.08927879  367.2467392\n   107.57926209]\n [-108.81267365 -183.37852626  107.7490629  -184.56582198  107.57926209\n    32.62816229]]", "nfev": "329", "njev": "47", "status": "0", "success": "True", "message": "Optimization terminated successfully.", "x": "[ 5.30997008  4.08576481 -0.30978093  4.45584684  3.53283413  5.37055759]", "nit": "31", "callback": [0.5789435126507908, 0.5548077697021975, 0.5180048854539141, 0.47388120560853786, 0.43544671300563575, 0.3782327240093091, 0.32051091403966336, 0.29867428979981536, 0.2935787066430493, 0.2849913366270812, 0.275842512386719, 0.2038382291444002, 0.19882507335637334, 0.18989717755219582, 0.17572421941598848, 0.16510572137300383, 0.16280099795779868, 0.15927495263857583, 0.1570555456556071, 0.15595172638766341, 0.1546137041937875, 0.15449125951673803, 0.15448190229665704, 0.15448084136599827, 0.15448076926964227, 0.15448075666288985, 0.15448075665717886, 0.15448075665417205, 0.15448075665119854, 0.15448075664584138, 0.15448075664584127]}, "8": {"maxiter": 500, "gtol": 1e-05, "xrtol": 1e-05, "eps": 1e-05, "duration": 0.05467987060546875, "fun": "0.15448075668809425", "jac": "[-5.38624700e-07  4.09469125e-06  1.33573153e-06 -2.69827494e-06\n  1.02678976e-06 -4.22240021e-07]", "hess_inv": "[[ 6.14960191  3.20783654 -3.04819156  2.55462773 -4.24705327 -1.98392497]\n [ 3.20