{"date": "2024/09/24/, 20:31:29", "conf_id": 43, "data_type": "random\n", "num_data_points": 3, "s_rank": 0, "unitary": "[[-0.53618537-0.34368723j,-0.12107031-0.46226139j,-0.07699282-0.46603512j,0.36022595-0.11472301j],[0.26026499-0.63450712j,-0.56616638+0.37832564j,-0.14988651+0.08458591j,0.10363514-0.16008501j],[-0.32580188-0.11070003j,-0.36476308-0.23593218j,0.02559343+0.41761608j,-0.25598305+0.6725303j],[0.07406738-0.0126433j,0.28513701+0.19483972j,-0.74939717-0.10299659j,0.29798249+0.46269921j]]", "databatch_0": {"databatch": "[[[-0.01835223+0.06186362j,-0.00678254-0.14936289j,0.0093154+0.07924362j,-0.16909747-0.04809807j],[0.10006276+0.04346587j,-0.25205185-0.01920021j,0.13489523+0.00059226j,-0.11534244+0.27393366j],[0.04717007-0.08055304j,-0.04211885+0.21215285j,0.01431539-0.11453326j,0.22089727+0.12603251j],[-0.05060174+0.19476202j,-0.03706209-0.46478459j,0.0374807+0.24597929j,-0.5321406-0.13187614j]],[[-0.066961+0.08234183j,-0.08759332+0.23517078j,0.14445864-0.1933912j,0.16494064+0.26693357j],[0.12408223+0.06050089j,0.32376881+0.04149692j,-0.28764119-0.12586978j,0.28941528-0.28777623j],[0.0869076+0.0593051j,0.23959662+0.06698567j,-0.20305004-0.12663314j,0.24998626-0.18512344j],[-0.04811974+0.07114737j,-0.05387349+0.19582072j,0.10269015-0.16618767j,0.15197041+0.20344984j]],[[0.2567344-0.11199391j,0.14157437+0.12620559j,0.29462617+0.23292894j,0.18626951-0.15712853j],[-0.09722328-0.09267242j,0.02947512-0.08603883j,0.04820502-0.17353017j,-0.10407803-0.05313507j],[-0.23425353+0.20208727j,-0.19062471-0.08687007j,-0.38698964-0.14943347j,-0.14515519+0.2266705j],[-0.23857904+0.00593801j,-0.07120048-0.14506571j,-0.15771537-0.27844195j,-0.1974629+0.06418697j]]]", "initial param values": "[1.05965125,0.27076057,2.59757496,3.07348807,4.90791761,0.01426788]", "nelder_mead": {"type": "gradient-free", "0": {"maxiter": 100, "fatol": 1e-05, "xatol": 1e-05, "duration": 0.03983712196350098, "fun": "0.5798548058964226", "nit": "100", "nfev": "166", "status": "2", "success": "False", "message": "Maximum number of iterations has been exceeded.", "x": "[1.33477004 0.15730382 1.86133284 2.74407875 7.6204589  0.01224231]", "final_simplex": "(array([[1.33477004, 0.15730382, 1.86133284, 2.74407875, 7.6204589 ,\n        0.01224231],\n       [1.30049057, 0.15669053, 1.88608787, 2.72343295, 7.65693045,\n        0.01207455],\n       [1.32834139, 0.16009987, 1.91083622, 2.72293201, 7.64813626,\n        0.01188087],\n       [1.34190039, 0.15535159, 1.88521642, 2.70709601, 7.68001261,\n        0.01190633],\n       [1.3170379 , 0.16896819, 1.91745429, 2.78517398, 7.6489789 ,\n        0.01186054],\n       [1.31874681, 0.16032704, 1.92357142, 2.72859211, 7.67925015,\n        0.01185608],\n       [1.35468665, 0.16617531, 1.92471774, 2.77428588, 7.63595104,\n        0.01144197]]), array([0.57985481, 0.57993784, 0.58013648, 0.58014262, 0.5802172 ,\n       0.58023992, 0.58030446]))", "callback": [0.8584754559850705, 0.7147597572305158, 0.6512327183095048, 0.6140854227886612, 0.6040377235884147, 0.5973460276046627, 0.5824463132028892, 0.5822776864898807, 0.5808481879719811, 0.5803044560614392]}, "1": {"maxiter": 100, "fatol": 1e-05, "xatol": 1e-10, "duration": 0.03805708885192871, "fun": "0.5798548058964226", "nit": "100", "nfev": "166", "status": "2", "success": "False", "message": "Maximum number of iterations has been exceeded.", "x": "[1.33477004 0.15730382 1.86133284 2.74407875 7.6204589  0.01224231]", "final_simplex": "(array([[1.33477004, 0.15730382, 1.86133284, 2.74407875, 7.6204589 ,\n        0.01224231],\n       [1.30049057, 0.15669053, 1.88608787, 2.72343295, 7.65693045,\n        0.01207455],\n       [1.32834139, 0.16009987, 1.91083622, 2.72293201, 7.64813626,\n        0.01188087],\n       [1.34190039, 0.15535159, 1.88521642, 2.70709601, 7.68001261,\n        0.01190633],\n       [1.3170379 , 0.16896819, 1.91745429, 2.78517398, 7.6489789 ,\n        0.01186054],\n       [1.31874681, 0.16032704, 1.92357142, 2.72859211, 7.67925015,\n        0.01185608],\n       [1.35468665, 0.16617531, 1.92471774, 2.77428588, 7.63595104,\n        0.01144197]]), array([0.57985481, 0.57993784, 0.58013648, 0.58014262, 0.5802172 ,\n       0.58023992, 0.58030446]))", "callback": [0.8584754559850705, 0.7147597572305158, 0.6512327183095048, 0.6140854227886612, 0.6040377235884147, 0.5973460276046627, 0.5824463132028892, 0.5822776864898807, 0.5808481879719811, 0.5803044560614392]}, "2": {"maxiter": 100, "fatol": 1e-10, "xatol": 1e-05, "duration": 0.03859305381774902, "fun": "0.5798548058964226", "nit": "100", "nfev": "166", "status": "2", "success": "False", "message": "Maximum number of iterations has been exceeded.", "x": "[1.33477004 0.15730382 1.86133284 2.74407875 7.6204589  0.01224231]", "final_simplex": "(array([[1.33477004, 0.15730382, 1.86133284, 2.74407875, 7.6204589 ,\n        0.01224231],\n       [1.30049057, 0.15669053, 1.88608787, 2.72343295, 7.65693045,\n        0.01207455],\n       [1.32834139, 0.16009987, 1.91083622, 2.72293201, 7.64813626,\n        0.01188087],\n       [1.34190039, 0.15535159, 1.88521642, 2.70709601, 7.68001261,\n        0.01190633],\n       [1.3170379 , 0.16896819, 1.91745429, 2.78517398, 7.6489789 ,\n        0.01186054],\n       [1.31874681, 0.16032704, 1.92357142, 2.72859211, 7.67925015,\n        0.01185608],\n       [1.35468665, 0.16617531, 1.92471774, 2.77428588, 7.63595104,\n        0.01144197]]), array([0.57985481, 0.57993784, 0.58013648, 0.58014262, 0.5802172 ,\n       0.58023992, 0.58030446]))", "callback": [0.8584754559850705, 0.7147597572305158, 0.6512327183095048, 0.6140854227886612, 0.6040377235884147, 0.5973460276046627, 0.5824463132028892, 0.5822776864898807, 0.5808481879719811, 0.5803044560614392]}, "3": {"maxiter": 100, "fatol": 1e-10, "xatol": 1e-10, "duration": 0.037986040115356445, "fun": "0.5798548058964226", "nit": "100", "nfev": "166", "status": "2", "success": "False", "message": "Maximum number of iterations has been exceeded.", "x": "[1.33477004 0.15730382 1.86133284 2.74407875 7.6204589  0.01224231]", "final_simplex": "(array([[1.33477004, 0.15730382, 1.86133284, 2.74407875, 7.6204589 ,\n        0.01224231],\n       [1.30049057, 0.15669053, 1.88608787, 2.72343295, 7.65693045,\n        0.01207455],\n       [1.32834139, 0.16009987, 1.91083622, 2.72293201, 7.64813626,\n        0.01188087],\n       [1.34190039, 0.15535159, 1.88521642, 2.70709601, 7.68001261,\n        0.01190633],\n       [1.3170379 , 0.16896819, 1.91745429, 2.78517398, 7.6489789 ,\n        0.01186054],\n       [1.31874681, 0.16032704, 1.92357142, 2.72859211, 7.67925015,\n        0.01185608],\n       [1.35468665, 0.16617531, 1.92471774, 2.77428588, 7.63595104,\n        0.01144197]]), array([0.57985481, 0.57993784, 0.58013648, 0.58014262, 0.5802172 ,\n       0.58023992, 0.58030446]))", "callback": [0.8584754559850705, 0.7147597572305158, 0.6512327183095048, 0.6140854227886612, 0.6040377235884147, 0.5973460276046627, 0.5824463132028892, 0.5822776864898807, 0.5808481879719811, 0.5803044560614392]}, "4": {"maxiter": 500, "fatol": 1e-05, "xatol": 1e-05, "duration": 0.1794729232788086, "fun": "0.3361456530507422", "nit": "500", "nfev": "781", "status": "2", "success": "False", "message": "Maximum number of iterations has been exceeded.", "x": "[ 2.42972574e+00 -8.85073414e-01  4.95495221e+00  5.14999226e+00\n  8.82786788e+00 -7.06275821e-03]", "final_simplex": "(array([[ 2.42972574e+00, -8.85073414e-01,  4.95495221e+00,\n         5.14999226e+00,  8.82786788e+00, -7.06275821e-03],\n       [ 2.42926586e+00, -8.82660604e-01,  4.95910064e+00,\n         5.15013959e+00,  8.82669635e+00, -6.80327855e-03],\n       [ 2.42781929e+00, -8.82079286e-01,  4.95555903e+00,\n         5.14859052e+00,  8.82748239e+00, -6.91265287e-03],\n       [ 2.42950209e+00, -8.82581812e-01,  4.95569927e+00,\n         5.14943449e+00,  8.82735294e+00, -6.92782124e-03],\n       [ 2.42764743e+00, -8.85072557e-01,  4.95330981e+00,\n         5.14645099e+00,  8.82775496e+00, -6.94768940e-03],\n       [ 2.43074489e+00, -8.85279872e-01,  4.95435796e+00,\n         5.14861067e+00,  8.82603670e+00, -6.94883241e-03],\n       [ 2.42666001e+00, -8.81861182e-01,  4.96017781e+00,\n         5.15146180e+00,  8.82575884e+00, -6.88235177e-03]]), array([0.33614565, 0.33614569, 0.33614581, 0.3361459 , 0.33614656,\n       0.33614663, 0.33614668]))", "callback": [0.8584754559850705, 0.7147597572305158, 0.6512327183095048, 0.6140854227886612, 0.6040377235884147, 0.5973460276046627, 0.5824463132028892, 0.5822776864898807, 0.5808481879719811, 0.5803044560614392, 0.579844245042598, 0.5796347191971776, 0.5796218233842068, 0.5795676442481168, 0.5795438033299309, 0.5794952552304415, 0.5791011493302434, 0.5783275433001014, 0.5754917623653457, 0.4609032688868765, 0.4609032688868765, 0.4525159062936158, 0.43580048085371137, 0.433015639724613, 0.43083598662904643, 0.42670110815315065, 0.42385770146104174, 0.42325142679983563, 0.42226271037044183, 0.42047319608769496, 0.4104930199519151, 0.3878648529349603, 0.3613394929517658, 0.34853773400377064, 0.3396835868364837, 0.3371161688506933, 0.3370236340737063, 0.33690024148054565, 0.3368770806968161, 0.3368721971331846, 0.33686952368877254, 0.33686678850804697, 0.33685378587743153, 0.33681445686369627, 0.3366485961257927, 0.3365830110753686, 0.3363534743721083, 0.3361825098615442, 0.3361567459255338, 0.33614681468646734]}, "5": {"maxiter": 500, "fatol": 1e-05, "xatol": 1e-10, "duration": 0.18203091621398926, "fun": "0.3361456530507422", "nit": "500", "nfev": "781", "status": "2", "success": "False", "message": "Maximum number of iterations has been exceeded.", "x": "[ 2.42972574e+00 -8.85073414e-01  4.95495221e+00  5.14999226e+00\n  8.82786788e+00 -7.06275821e-03]", "final_simplex": "(array([[ 2.42972574e+00, -8.85073414e-01,  4.95495221e+00,\n         5.14999226e+00,  8.82786788e+00, -7.06275821e-03],\n       [ 2.42926586e+00, -8.82660604e-01,  4.95910064e+00,\n         5.15013959e+00,  8.82669635e+00, -6.80327855e-03],\n       [ 2.42781929e+00, -8.82079286e-01,  4.95555903e+00,\n         5.14859052e+00,  8.82748239e+00, -6.91265287e-03],\n       [ 2.42950209e+00, -8.82581812e-01,  4.95569927e+00,\n         5.14943449e+00,  8.82735294e+00, -6.92782124e-03],\n       [ 2.42764743e+00, -8.85072557e-01,  4.95330981e+00,\n         5.14645099e+00,  8.82775496e+00, -6.94768940e-03],\n       [ 2.43074489e+00, -8.85279872e-01,  4.95435796e+00,\n         5.14861067e+00,  8.82603670e+00, -6.94883241e-03],\n       [ 2.42666001e+00, -8.81861182e-01,  4.96017781e+00,\n         5.15146180e+00,  8.82575884e+00, -6.88235177e-03]]), array([0.33614565, 0.33614569, 0.33614581, 0.3361459 , 0.33614656,\n       0.33614663, 0.33614668]))", "callback": [0.8584754559850705, 0.7147597572305158, 0.6512327183095048, 0.6140854227886612, 0.6040377235884147, 0.5973460276046627, 0.5824463132028892, 0.5822776864898807, 0.5808481879719811, 0.5803044560614392, 0.579844245042598, 0.5796347191971776, 0.5796218233842068, 0.5795676442481168, 0.5795438033299309, 0.5794952552304415, 0.5791011493302434, 0.5783275433001014, 0.5754917623653457, 0.4609032688868765, 0.4609032688868765, 0.4525159062936158, 0.43580048085371137, 0.433015639724613, 0.43083598662904643, 0.42670110815315065, 0.42385770146104174, 0.42325142679983563, 0.42226271037044183, 0.42047319608769496, 0.4104930199519151, 0.3878648529349603, 0.3613394929517658, 0.34853773400377064, 0.3396835868364837, 0.3371161688506933, 0.3370236340737063, 0.33690024148054565, 0.3368770806968161, 0.3368721971331846, 0.33686952368877254, 0.33686678850804697, 0.33685378587743153, 0.33681445686369627, 0.3366485961257927, 0.3365830110753686, 0.3363534743721083, 0.3361825098615442, 0.3361567459255338, 0.33614681468646734]}, "6": {"maxiter": 500, "fatol": 1e-10, "xatol": 1e-05, "duration": 0.18718409538269043, "fun": "0.3361456530507422", "nit": "500", "nfev": "781", "status": "2", "success": "False", "message": "Maximum number of iterations has been exceeded.", "x": "[ 2.42972574e+00 -8.85073414e-01  4.95495221e+00  5.14999226e+00\n  8.82786788e+00 -7.06275821e-03]", "final_simplex": "(array([[ 2.42972574e+00, -8.85073414e-01,  4.95495221e+00,\n         5.14999226e+00,  8.82786788e+00, -7.06275821e-03],\n       [ 2.42926586e+00, -8.82660604e-01,  4.95910064e+00,\n         5.15013959e+00,  8.82669635e+00, -6.80327855e-03],\n       [ 2.42781929e+00, -8.82079286e-01,  4.95555903e+00,\n         5.14859052e+00,  8.82748239e+00, -6.91265287e-03],\n       [ 2.42950209e+00, -8.82581812e-01,  4.95569927e+00,\n         5.14943449e+00,  8.82735294e+00, -6.92782124e-03],\n       [ 2.42764743e+00, -8.85072557e-01,  4.95330981e+00,\n         5.14645099e+00,  8.82775496e+00, -6.94768940e-03],\n       [ 2.43074489e+00, -8.85279872e-01,  4.95435796e+00,\n         5.14861067e+00,  8.82603670e+00, -6.94883241e-03],\n       [ 2.42666001e+00, -8.81861182e-01,  4.96017781e+00,\n         5.15146180e+00,  8.82575884e+00, -6.88235177e-03]]), array([0.33614565, 0.33614569, 0.33614581, 0.3361459 , 0.33614656,\n       0.33614663, 0.33614668]))", "callback": [0.8584754559850705, 0.7147597572305158, 0.6512327183095048, 0.6140854227886612, 0.6040377235884147, 0.5973460276046627, 0.5824463132028892, 0.5822776864898807, 0.5808481879719811, 0.5803044560614392, 0.579844245042598, 0.5796347191971776, 0.5796218233842068, 0.5795676442481168, 0.5795438033299309, 0.5794952552304415, 0.5791011493302434, 0.5783275433001014, 0.5754917623653457, 0.4609032688868765, 0.4609032688868765, 0.4525159062936158, 0.43580048085371137, 0.433015639724613, 0.43083598662904643, 0.42670110815315065, 0.42385770146104174, 0.42325142679983563, 0.42226271037044183, 0.42047319608769496, 0.4104930199519151, 0.3878648529349603, 0.3613394929517658, 0.34853773400377064, 0.3396835868364837, 0.3371161688506933, 0.3370236340737063, 0.33690024148054565, 0.3368770806968161, 0.3368721971331846, 0.33686952368877254, 0.33686678850804697, 0.33685378587743153, 0.33681445686369627, 0.3366485961257927, 0.3365830110753686, 0.3363534743721083, 0.3361825098615442, 0.3361567459255338, 0.33614681468646734]}, "7": {"maxiter": 500, "fatol": 1e-10, "xatol": 1e-10, "duration": 0.17892718315124512, "fun": "0.3361456530507422", "nit": "500", "nfev": "781", "status": "2", "success": "False", "message": "Maximum number of iterations has been exceeded.", "x": "[ 2.42972574e+00 -8.85073414e-01  4.95495221e+00  5.14999226e+00\n  8.82786788e+00 -7.06275821e-03]", "final_simplex": "(array([[ 2.42972574e+00, -8.85073414e-01,  4.95495221e+00,\n         5.14999226e+00,  8.82786788e+00, -7.06275821e-03],\n       [ 2.42926586e+00, -8.82660604e-01,  4.95910064e+00,\n         5.15013959e+00,  8.82669635e+00, -6.80327855e-03],\n       [ 2.42781929e+00, -8.82079286e-01,  4.95555903e+00,\n         5.14859052e+00,  8.82748239e+00, -6.91265287e-03],\n       [ 2.42950209e+00, -8.82581812e-01,  4.95569927e+00,\n         5.14943449e+00,  8.82735294e+00, -6.92782124e-03],\n       [ 2.42764743e+00, -8.85072557e-01,  4.95330981e+00,\n         5.14645099e+00,  8.82775496e+00, -6.94768940e-03],\n       [ 2.43074489e+00, -8.85279872e-01,  4.95435796e+00,\n         5.14861067e+00,  8.82603670e+00, -6.94883241e-03],\n       [ 2.42666001e+00, -8.81861182e-01,  4.96017781e+00,\n         5.15146180e+00,  8.82575884e+00, -6.88235177e-03]]), array([0.33614565, 0.33614569, 0.33614581, 0.3361459 , 0.33614656,\n       0.33614663, 0.33614668]))", "callback": [0.8584754559850705, 0.7147597572305158, 0.6512327183095048, 0.6140854227886612, 0.6040377235884147, 0.5973460276046627, 0.5824463132028892, 0.5822776864898807, 0.5808481879719811, 0.5803044560614392, 0.579844245042598, 0.5796347191971776, 0.5796218233842068, 0.5795676442481168, 0.5795438033299309, 0.5794952552304415, 0.5791011493302434, 0.5783275433001014, 0.5754917623653457, 0.4609032688868765, 0.4609032688868765, 0.4525159062936158, 0.43580048085371137, 0.433015639724613, 0.43083598662904643, 0.42670110815315065, 0.42385770146104174, 0.42325142679983563, 0.42226271037044183, 0.42047319608769496, 0.4104930199519151, 0.3878648529349603, 0.3613394929517658, 0.34853773400377064, 0.3396835868364837, 0.3371161688506933, 0.3370236340737063, 0.33690024148054565, 0.3368770806968161, 0.3368721971331846, 0.33686952368877254, 0.33686678850804697, 0.33685378587743153, 0.33681445686369627, 0.3366485961257927, 0.3365830110753686, 0.3363534743721083, 0.3361825098615442, 0.3361567459255338, 0.33614681468646734]}, "8": {"maxiter": 1000, "fatol": 1e-05, "xatol": 1e-05, "duration": 0.3811168670654297, "fun": "0.2734087681644565", "nit": "1000", "nfev": "1557", "status": "2", "success": "False", "message": "Maximum number of iterations has been exceeded.", "x": "[ 2.32375715 -0.19422402  5.59977117  5.17443461  9.28175656 -0.88695763]", "final_simplex": "(array([[ 2.32375715, -0.19422402,  5.59977117,  5.17443461,  9.28175656,\n        -0.88695763],\n       [ 2.32375983, -0.19422885,  5.59976358,  5.17443273,  9.2817472 ,\n        -0.88695008],\n       [ 2.32376   , -0.19422292,  5.59976933,  5.17443469,  9.28175103,\n        -0.88695196],\n       [ 2.32376129, -0.19423024,  5.5997674 ,  5.17443515,  9.28175394,\n        -0.88694897],\n       [ 2.3237589 , -0.19423394,  5.5997607 ,  5.17443177,  9.28175343,\n        -0.88694699],\n       [ 2.32376152, -0.19422637,  5.59976292,  5.17442937,  9.28175429,\n        -0.88695447],\n       [ 2.32376093, -0.19422098,  5.59977668,  5.17442971,  9.28176069,\n        -0.88695904]]), array([0.27340877, 0.27340877, 0.27340877, 0.27340877, 0.27340877,\n       0.27340877, 0.27340877]))", "callback": [0.8584754559850705, 0.7147597572305158, 0.6512327183095048, 0.6140854227886612, 0.6040377235884147, 0.5973460276046627, 0.5824463132028892, 0.5822776864898807, 0.5808481879719811, 0.5803044560614392, 0.579844245042598, 0.5796347191971776, 0.5796218233842068, 0.5795676442481168, 0.5795438033299309, 0.5794952552304415, 0.5791011493302434, 0.5783275433001014, 0.5754917623653457, 0.4609032688868765, 0.4609032688868765, 0.4525159062936158, 0.43580048085371137, 0.433015639724613, 0.43083598662904643, 0.42670110815315065, 0.42385770146104174, 0.42325142679983563, 0.42226271037044183, 0.42047319608769496, 0.4104930199519151, 0.3878648529349603, 0.3613394929517658, 0.34853773400377064, 0.3396835868364837, 0.3371161688506933, 0.3370236340737063, 0.33690024148054565, 0.3368770806968161, 0.3368721971331846, 0.33686952368877254, 0.33686678850804697, 0.33685378587743153, 0.33681445686369627, 0.3366485961257927, 0.3365830110753686, 0.3363534743721083, 0.3361825098615442, 0.3361567459255338, 0.33614681468646734, 0.3361456530507422, 0.33614522880896314, 0.33614510860128355, 0.33614496589300946, 0.336144841039805, 0.33614449689928316, 0.3361438981941408, 0.33614089654689094, 0.33613018717551035, 0.3361067886007988, 0.3360498758746716, 0.33597408725565947, 0.33588579521452633, 0.3356046101359066, 0.3353766382927166, 0.3353163887696927, 0.3352373792786877, 0.3350606687470221, 0.3346322740800529, 0.33303521914056, 0.33103327690877016, 0.33076254849350395, 0.3300380539675861, 0.3272555630074826, 0.32396171302458343, 0.31922574602646525, 0.305995530067643, 0.2955823545004105, 0.2908375389948189, 0.2848356655103145, 0.27844959138177516, 0.27600114331660297, 0.2750209382610319, 0.27438494372458255, 0.27394204453884285, 0.27363893587968857, 0.2735543176520041, 0.273446206344543, 0.27341791545250993, 0.27341072173368663, 0.27340922341402185, 0.2734088737835063, 0.27340880886429597, 0.2734087856385271, 0.2734087801216565, 0.2734087712180472, 0.2734087688845571, 0.273408768480052, 0.27340876819928894, 0.2734087681720929]}, "9": {"maxiter": 1000, "fatol": 1e-05, "xatol": 1e-10, "duration": 0.37624120712280273, "fun": "0.2734087681644565", "nit": "1000", "nfev": "1557", "status": "2", "success": "False", "message": "Maximum number of iterations has been exceeded.", "x": "[ 2.32375715 -0.19422402  5.59977117  5.17443461  9.28175656 -0.88695763]", "final_simplex": "(array([[ 2.32375715, -0.19422402,  5.59977117,  5.17443461,  9.28175656,\n        -0.88695763],\n       [ 2.32375983, -0.19422885,  5.59976358,  5.17443273,  9.2817472 ,\n        -0.88695008],\n       [ 2.32376   , -0.19422292,  5.59976933,  5.17443469,  9.28175103,\n        -0.88695196],\n       [ 2.32376129, -0.19423024,  5.5997674 ,  5.17443515,  9.28175394,\n        -0.88694897],\n       [ 2.3237589 , -0.19423394,  5.5997607 ,  5.17443177,  9.28175343,\n        -0.88694699],\n       [ 2.32376152, -0.19422637,  5.59976292,  5.17442937,  9.28175429,\n        -0.88695447],\n       [ 2.32376093, -0.19422098,  5.59977668,  5.17442971,  9.28176069,\n        -0.88695904]]), array([0.27340877, 0.27340877, 0.27340877, 0.27340877, 0.27340877,\n       0.27340877, 0.27340877]))", "callback": [0.8584754559850705, 0.7147597572305158, 0.6512327183095048, 0.6140854227886612, 0.6040377235884147, 0.5973460276046627, 0.5824463132028892, 0.5822776864898807, 0.5808481879719811, 0.5803044560614392, 0.579844245042598, 0.5796347191971776, 0.5796218233842068, 0.5795676442481168, 0.5795438033299309, 0.5794952552304415, 0.5791011493302434, 0.5783275433001014, 0.5754917623653457, 0.4609032688868765, 0.4609032688868765, 0.4525159062936158, 0.43580048085371137, 0.433015639724613, 0.43083598662904643, 0.42670110815315065, 0.42385770146104174, 0.42325142679983563, 0.42226271037044183, 0.42047319608769496, 0.4104930199519151, 0.3878648529349603, 0.3613394929517658, 0.34853773400377064, 0.3396835868364837, 0.3371161688506933, 0.3370236340737063, 0.33690024148054565, 0.3368770806968161, 0.3368721971331846, 0.33686952368877254, 0.33686678850804697, 0.33685378587743153, 0.33681445686369627, 0.3366485961257927, 0.3365830110753686, 0.3363534743721083, 0.3361825098615442, 0.3361567459255338, 0.33614681468646734, 0.3361456530507422, 0.33614522880896314, 0.33614510860128355, 0.33614496589300946, 0.336144841039805, 0.33614449689928316, 0.3361438981941408, 0.33614089654689094, 0.33613018717551035, 0.3361067886007988, 0.3360498758746716, 0.33597408725565947, 0.33588579521452633, 0.3356046101359066, 0.3353766382927166, 0.3353163887696927, 0.3352373792786877, 0.3350606687470221, 0.3346322740800529, 0.33303521914056, 0.33103327690877016, 0.33076254849350395, 0.3300380539675861, 0.3272555630074826, 0.32396171302458343, 0.31922574602646525, 0.305995530067643, 0.2955823545004105, 0.2908375389948189, 0.2848356655103145, 0.27844959138177516, 0.27600114331660297, 0.2750209382610319, 0.27438494372458255, 0.27394204453884285, 0.27363893587968857, 0.2735543176520041, 0.273446206344543, 0.27341791545250993, 0.27341072173368663, 0.27340922341402185, 0.2734088737835063, 0.27340880886429597, 0.2734087856385271, 0.2734087801216565, 0.2734087712180472, 0.2734087688845571, 0.273408768480052, 0.27340876819928894, 0.2734087681720929]}, "10": {"maxiter": 1000, "fatol": 1e-10, "xatol": 1e-05, "duration": 0.3519628047943115, "fun": "0.2734087681644565", "nit": "1000", "nfev": "1557", "status": "2", "success": "False", "message": "Maximum number of iterations has been exceeded.", "x": "[ 2.32375715 -0.19422402  5.59977117  5.17443461  9.28175656 -0.88695763]", "final_simplex": "(array([[ 2.32375715, -0.19422402,  5.59977117,  5.17443461,  9.28175656,\n        -0.88695763],\n       [ 2.32375983, -0.19422885,  5.59976358,  5.17443273,  9.2817472 ,\n        -0.88695008],\n       [ 2.32376   , -0.19422292,  5.59976933,  5.17443469,  9.28175103,\n        -0.88695196],\n       [ 2.32376129, -0.19423024,  5.5997674 ,  5.17443515,  9.28175394,\n        -0.88694897],\n       [ 2.3237589 , -0.19423394,  5.5997607 ,  5.17443177,  9.28175343,\n        -0.88694699],\n       [ 2.32376152, -0.19422637,  5.59976292,  5.17442937,  9.28175429,\n        -0.88695447],\n       [ 2.32376093, -0.19422098,  5.59977668,  5.17442971,  9.28176069,\n        -0.88695904]]), array([0.27340877, 0.27340877, 0.27340877, 0.27340877, 0.27340877,\n       0.27340877, 0.27340877]))", "callback": [0.8584754559850705, 0.7147597572305158, 0.6512327183095048, 0.6140854227886612, 0.6040377235884147, 0.5973460276046627, 0.5824463132028892, 0.5822776864898807, 0.5808481879719811, 0.5803044560614392, 0.579844245042598, 0.5796347191971776, 0.5796218233842068, 0.5795676442481168, 0.5795438033299309, 0.5794952552304415, 0.5791011493302434, 0.5783275433001014, 0.5754917623653457, 0.4609032688868765, 0.4609032688868765, 0.4525159062936158, 0.43580048085371137, 0.433015639724613, 0.43083598662904643, 0.42670110815315065, 0.42385770146104174, 0.42325142679983563, 0.42226271037044183, 0.42047319608769496, 0.4104930199519151, 0.3878648529349603, 0.3613394929517658, 0.34853773400377064, 0.3396835868364837, 0.3371161688506933, 0.3370236340737063, 0.33690024148054565, 0.3368770806968161, 0.3368721971331846, 0.33686952368877254, 0.33686678850804697, 0.33685378587743153, 0.33681445686369627, 0.3366485961257927, 0.3365830110753686, 0.3363534743721083, 0.3361825098615442, 0.3361567459255338, 0.33614681468646734, 0.3361456530507422, 0.33614522880896314, 0.33614510860128355, 0.33614496589300946, 0.336144841039805, 0.33614449689928316, 0.3361438981941408, 0.33614089654689094, 0.33613018717551035, 0.3361067886007988, 0.3360498758746716, 0.33597408725565947, 0.33588579521452633, 0.3356046101359066, 0.3353766382927166, 0.3353163887696927, 0.3352373792786877, 0.3350606687470221, 0.3346322740800529, 0.33303521914056, 0.33103327690877016, 0.33076254849350395, 0.3300380539675861, 0.3272555630074826, 0.32396171302458343, 0.31922574602646525, 0.305995530067643, 0.2955823545004105, 0.2908375389948189, 0.2848356655103145, 0.27844959138177516, 0.27600114331660297, 0.2750209382610319, 0.27438494372458255, 0.27394204453884285, 0.27363893587968857, 0.2735543176520041, 0.273446206344543, 0.27341791545250993, 0.27341072173368663, 0.27340922341402185, 0.2734088737835063, 0.27340880886429597, 0.2734087856385271, 0.2734087801216565, 0.2734087712180472, 0.2734087688845571, 0.273408768480052, 0.27340876819928894, 0.2734087681720929]}, "11": {"maxiter": 1000, "fatol": 1e-10, "xatol": 1e-10, "duration": 0.34498095512390137, "fun": "0.2734087681644565", "nit": "1000", "nfev": "1557", "status": "2", "success": "False", "message": "Maximum number of iterations has been exceeded.", "x": "[ 2.32375715 -0.19422402  5.59977117  5.17443461  9.28175656 -0.88695763]", "final_simplex": "(array([[ 2.32375715, -0.19422402,  5.59977117,  5.17443461,  9.28175656,\n        -0.88695763],\n       [ 2.32375983, -0.19422885,  5.59976358,  5.17443273,  9.2817472 ,\n        -0.88695008],\n       [ 2.32376   , -0.19422292,  5.59976933,  5.17443469,  9.28175103,\n        -0.88695196],\n       [ 2.32376129, -0.19423024,  5.5997674 ,  5.17443515,  9.28175394,\n        -0.88694897],\n       [ 2.3237589 , -0.19423394,  5.5997607 ,  5.17443177,  9.28175343,\n        -0.88694699],\n       [ 2.32376152, -0.19422637,  5.59976292,  5.17442937,  9.28175429,\n        -0.88695447],\n       [ 2.32376093, -0.19422098,  5.59977668,  5.17442971,  9.28176069,\n        -0.88695904]]), array([0.27340877, 0.27340877, 0.27340877, 0.27340877, 0.27340877,\n       0.27340877, 0.27340877]))", "callback": [0.8584754559850705, 0.7147597572305158, 0.6512327183095048, 0.6140854227886612, 0.6040377235884147, 0.5973460276046627, 0.5824463132028892, 0.5822776864898807, 0.5808481879719811, 0.5803044560614392, 0.579844245042598, 0.5796347191971776, 0.5796218233842068, 0.5795676442481168, 0.5795438033299309, 0.5794952552304415, 0.5791011493302434, 0.5783275433001014, 0.5754917623653457, 0.4609032688868765, 0.4609032688868765, 0.4525159062936158, 0.43580048085371137, 0.433015639724613, 0.43083598662904643, 0.42670110815315065, 0.42385770146104174, 0.42325142679983563, 0.42226271037044183, 0.42047319608769496, 0.4104930199519151, 0.3878648529349603, 0.3613394929517658, 0.34853773400377064, 0.3396835868364837, 0.3371161688506933, 0.3370236340737063, 0.33690024148054565, 0.3368770806968161, 0.3368721971331846, 0.33686952368877254, 0.33686678850804697, 0.33685378587743153, 0.33681445686369627, 0.3366485961257927, 0.3365830110753686, 0.3363534743721083, 0.3361825098615442, 0.3361567459255338, 0.33614681468646734, 0.3361456530507422, 0.33614522880896314, 0.33614510860128355, 0.33614496589300946, 0.336144841039805, 0.33614449689928316, 0.3361438981941408, 0.33614089654689094, 0.33613018717551035, 0.3361067886007988, 0.3360498758746716, 0.33597408725565947, 0.33588579521452633, 0.3356046101359066, 0.3353766382927166, 0.3353163887696927, 0.3352373792786877, 0.3350606687470221, 0.3346322740800529, 0.33303521914056, 0.33103327690877016, 0.33076254849350395, 0.3300380539675861, 0.3272555630074826, 0.32396171302458343, 0.31922574602646525, 0.305995530067643, 0.2955823545004105, 0.2908375389948189, 0.2848356655103145, 0.27844959138177516, 0.27600114331660297, 0.2750209382610319, 0.27438494372458255, 0.27394204453884285, 0.27363893587968857, 0.2735543176520041, 0.273446206344543, 0.27341791545250993, 0.27341072173368663, 0.27340922341402185, 0.2734088737835063, 0.27340880886429597, 0.2734087856385271, 0.2734087801216565, 0.2734087712180472, 0.2734087688845571, 0.273408768480052, 0.27340876819928894, 0.2734087681720929]}}, "bfgs": {"type": "gradient", "0": {"maxiter": 100, "gtol": 1e-05, "xrtol": 1e-05, "eps": 1e-05, "duration": 0.049488067626953125, "fun": "0.1919453933029308", "jac": "[ 2.95612423e-06 -7.30482341e-07 -4.23321378e-06  5.16735543e-06\n  1.04981579e-06  1.31001876e-06]", "hess_inv": "[[ 8.07612088e+00 -2.89331409e-01 -5.67940536e+00 -5.18090756e+00\n   5.12318555e+00  2.09937665e+00]\n [-2.89331409e-01  3.65762451e+00 -1.65634993e+00 -3.40876718e-03\n   1.54395212e+00 -1.05112322e+00]\n [-5.67940536e+00 -1.65634993e+00  1.27896013e+01  8.62857771e+00\n  -9.69138230e+00  1.47892879e+00]\n [-5.18090756e+00 -3.40876718e-03  8.62857771e+00  9.04416488e+00\n  -6.51595532e+00  1.51340268e-01]\n [ 5.12318555e+00  1.54395212e+00 -9.69138230e+00 -6.51595532e+00\n   1.14531413e+01 -3.01520589e+00]\n [ 2.09937665e+00 -1.05112322e+00  1.47892879e+00  1.51340268e-01\n  -3.01520589e+00  5.92828447e+00]]", "nfev": "217", "njev": "31", "status": "0", "success": "True", "message": "Optimization terminated successfully.", "x": "[-1.24137079 -0.44090064  0.7844588   0.99071953  5.2352256  -0.55859621]", "nit": "28", "callback": [0.6548318599111083, 0.6176949758588719, 0.5709485543657589, 0.5067969435802466, 0.4926054321240283, 0.48106070960402936, 0.46084876418337595, 0.4317025767114636, 0.4172119782757834, 0.4056001295879862, 0.3842569039703806, 0.35239780413041843, 0.3129039508786038, 0.2757030672657784, 0.25124062280256076, 0.22412658584184475, 0.20785154251688398, 0.20353652412290524, 0.20164809124195127, 0.1992092793728233, 0.1966049598897922, 0.19406815524512, 0.19227584729557157, 0.19197954742474066, 0.19195087734982896, 0.1919457252629243, 0.19194540477741084, 0.1919453933029308]}, "1": {"maxiter": 100, "gtol": 1e-05, "xrtol": 1e-05, "eps": 1e-10, "duration": 0.04961204528808594, "fun": "0.19194539330152705", "jac": "[2.22044587e-06 2.22044587e-06 0.00000000e+00 4.44089173e-06\n 4.44089173e-06 4.44089173e-06]", "hess_inv": "[[ 8.12298435e+00 -2.98305227e-01 -5.77024344e+00 -5.27825625e+00\n   5.16704517e+00  2.10558460e+00]\n [-2.98305227e-01  3.65931494e+00 -1.63835098e+00  8.61670427e-03\n   1.52590299e+00 -1.04369073e+00]\n [-5.77024344e+00 -1.63835098e+00  1.29392791e+01  8.77251404e+00\n  -9.79838642e+00  1.48732919e+00]\n [-5.27825625e+00  8.61670427e-03  8.77251404e+00  9.16556824e+00\n  -6.62797146e+00  1.66540726e-01]\n [ 5.16704517e+00  1.52590299e+00 -9.79838642e+00 -6.62797146e+00\n   1.15182374e+01 -3.02090322e+00]\n [ 2.10558460e+00 -1.04369073e+00  1.48732919e+00  1.66540726e-01\n  -3.02090322e+00  5.93562453e+00]]", "nfev": "217", "njev": "31", "status": "0", "success": "True", "message": "Optimization terminated successfully.", "x": "[-1.24137191 -0.44089569  0.78448906  0.99074701  5.23521322 -0.55858177]", "nit": "28", "callback": [0.6548308727119965, 0.6176944314117869, 0.5709477598290613, 0.5067963664275477, 0.4926051783698945, 0.4810591439447327, 0.46084543158902036, 0.43169569936898633, 0.41720437957411827, 0.40559063717160737, 0.38424035568539183, 0.35236562624231205, 0.312870396893547, 0.27569491610629615, 0.2512258538804423, 0.22412844372544038, 0.2078509825407977, 0.20354123418380998, 0.20165084148769663, 0.19921358550829626, 0.19660701903437738, 0.19406969646434724, 0.19227564789604523, 0.1919796614675281, 0.191950933914125, 0.1919457241960113, 0.19194540529593895, 0.19194539330152705]}, "2": {"maxiter": 100, "gtol": 1e-05, "xrtol": 1e-10, "eps": 1e-05, "duration": 0.049224853515625, "fun": "0.1919453933029308", "jac": "[ 2.95612423e-06 -7.30482341e-07 -4.23321378e-06  5.16735543e-06\n  1.04981579e-06  1.31001876e-06]", "hess_inv": "[[ 8.07612088e+00 -2.89331409e-01 -5.67940536e+00 -5.18090756e+00\n   5.12318555e+00  2.09937665e+00]\n [-2.89331409e-01  3.65762451e+00 -1.65634993e+00 -3.40876718e-03\n   1.54395212e+00 -1.05112322e+00]\n [-5.67940536e+00 -1.65634993e+00  1.27896013e+01  8.62857771e+00\n  -9.69138230e+00  1.47892879e+00]\n [-5.18090756e+00 -3.40876718e-03  8.62857771e+00  9.04416488e+00\n  -6.51595532e+00  1.51340268e-01]\n [ 5.12318555e+00  1.54395212e+00 -9.69138230e+00 -6.51595532e+00\n   1.14531413e+01 -3.01520589e+00]\n [ 2.09937665e+00 -1.05112322e+00  1.47892879e+00  1.51340268e-01\n  -3.01520589e+00  5.92828447e+00]]", "nfev": "217", "njev": "31", "status": "0", "success": "True", "message": "Optimization terminated successfully.", "x": "[-1.24137079 -0.44090064  0.7844588   0.99071953  5.2352256  -0.55859621]", "nit": "28", "callback": [0.6548318599111083, 0.6176949758588719, 0.5709485543657589, 0.5067969435802466, 0.4926054321240283, 0.48106070960402936, 0.46084876418337595, 0.4317025767114636, 0.4172119782757834, 0.4056001295879862, 0.3842569039703806, 0.35239780413041843, 0.3129039508786038, 0.2757030672657784, 0.25124062280256076, 0.22412658584184475, 0.20785154251688398, 0.20353652412290524, 0.20164809124195127, 0.1992092793728233, 0.1966049598897922, 0.19406815524512, 0.19227584729557157, 0.19197954742474066, 0.19195087734982896, 0.1919457252629243, 0.19194540477741084, 0.1919453933029308]}, "3": {"maxiter": 100, "gtol": 1e-05, "xrtol": 1e-10, "eps": 1e-10, "duration": 0.04926013946533203, "fun": "0.19194539330152705", "jac": "[2.22044587e-06 2.22044587e-06 0.00000000e+00 4.44089173e-06\n 4.44089173e-06 4.44089173e-06]", "hess_inv": "[[ 8.12298435e+00 -2.98305227e-01 -5.77024344e+00 -5.27825625e+00\n   5.16704517e+00  2.10558460e+00]\n [-2.98305227e-01  3.65931494e+00 -1.63835098e+00  8.61670427e-03\n   1.52590299e+00 -1.04369073e+00]\n [-5.77024344e+00 -1.63835098e+00  1.29392791e+01  8.77251404e+00\n  -9.79838642e+00  1.48732919e+00]\n [-5.27825625e+00  8.61670427e-03  8.77251404e+00  9.16556824e+00\n  -6.62797146e+00  1.66540726e-01]\n [ 5.16704517e+00  1.52590299e+00 -9.79838642e+00 -6.62797146e+00\n   1.15182374e+01 -3.02090322e+00]\n [ 2.10558460e+00 -1.04369073e+00  1.48732919e+00  1.66540726e-01\n  -3.02090322e+00  5.93562453e+00]]", "nfev": "217", "njev": "31", "status": "0", "success": "True", "message": "Optimization terminated successfully.", "x": "[-1.24137191 -0.44089569  0.78448906  0.99074701  5.23521322 -0.55858177]", "nit": "28", "callback": [0.6548308727119965, 0.6176944314117869, 0.5709477598290613, 0.5067963664275477, 0.4926051783698945, 0.4810591439447327, 0.46084543158902036, 0.43169569936898633, 0.41720437957411827, 0.40559063717160737, 0.38424035568539183, 0.35236562624231205, 0.312870396893547, 0.27569491610629615, 0.2512258538804423, 0.22412844372544038, 0.2078509825407977, 0.20354123418380998, 0.20165084148769663, 0.19921358550829626, 0.19660701903437738, 0.19406969646434724, 0.19227564789604523, 0.1919796614675281, 0.191950933914125, 0.1919457241960113, 0.19194540529593895, 0.19194539330152705]}, "4": {"maxiter": 100, "gtol": 1e-10, "xrtol": 1e-05, "eps": 1e-05, "duration": 0.052529096603393555, "fun": "0.191945393232403", "jac": "[-2.62456723e-08 -5.26023669e-08 -1.80078175e-08  1.53876911e-08\n  1.99174011e-08  1.17017507e-08]", "hess_inv": "[[  7.70239798   0.28641483  -5.93655283  -5.14482992   5.08598422\n    1.92766344]\n [  0.28641483   3.82462935  -2.43170897  -0.25604899   2.18985144\n   -0.9530428 ]\n [ -5.93655283  -2.43170897  13.7507695    8.82344242 -10.21197308\n    1.49280946]\n [ -5.14482992  -0.25604899   8.82344242   9.06289347  -6.57485572\n    0.18321374]\n [  5.08598422   2.18985144 -10.21197308  -6.57485572  11.62357777\n   -3.07382442]\n [  1.92766344  -0.9530428    1.49280946   0.18321374  -3.07382442\n    5.8585621 ]]", "nfev": "231", "njev": "33", "status": "0", "success": "True", "message": "Optimization terminated successfully.", "x": "[-1.24139976 -0.44090871  0.78449595  0.99073174  5.23519473 -0.55860168]", "nit": "30", "callback": [0.6548318599111083, 0.6176949758588719, 0.5709485543657589, 0.5067969435802466, 0.4926054321240283, 0.48106070960402936, 0.46084876418337595, 0.4317025767114636, 0.4172119782757834, 0.4056001295879862, 0.3842569039703806, 0.35239780413041843, 0.3129039508786038, 0.2757030672657784, 0.25124062280256076, 0.22412658584184475, 0.20785154251688398, 0.20353652412290524, 0.20164809124195127, 0.1992092793728233, 0.1966049598897922, 0.19406815524512, 0.19227584729557157, 0.19197954742474066, 0.19195087734982896, 0.1919457252629243, 0.19194540477741084, 0.1919453933029308, 0.19194539324020587, 0.191945393232403]}, "5": {"maxiter": 100, "gtol": 1e-10, "xrtol": 1e-05, "eps": 1e-10, "duration": 0.05028390884399414, "fun": "0.19194539321477555", "jac": "[ 2.22044587e-06 -2.22044587e-06 -2.22044587e-06  0.00000000e+00\n -1.11022293e-06 -1.11022293e-06]", "hess_inv": "[[ 8.54196806e+00 -6.09922046e-02 -5.97054088e+00 -5.30420029e+00\n   5.35856127e+00  2.35329141e+00]\n [-6.09922046e-02  3.76031926e+00 -1.76372437e+00  6.30082763e-03\n   1.70596190e+00 -8.99971801e-01]\n [-5.97054088e+00 -1.76372437e+00  1.30307763e+01  8.78933495e+00\n  -9.86439229e+00  1.37013134e+00]\n [-5.30420029e+00  6.30082763e-03  8.78933495e+00  9.16258821e+00\n  -6.66635312e+00  1.49936184e-01]\n [ 5.35856127e+00  1.70596190e+00 -9.86439229e+00 -6.66635312e+00\n   1.14524046e+01 -2.91499932e+00]\n [ 2.35329141e+00 -8.99971801e-01  1.37013134e+00  1.49936184e-01\n  -2.91499932e+00  6.08172139e+00]]", "nfev": "224", "njev": "32", "status": "0", "success": "True", "message": "Optimization terminated successfully.", "x": "[-1.24140143 -0.44090751  0.78450492  0.99074702  5.23518922 -0.55859973]", "nit": "29", "callback": [0.6548308727119965, 0.6176944314117869, 0.5709477598290613, 0.5067963664275477, 0.4926051783698945, 0.4810591439447327, 0.46084543158902036, 0.43169569936898633, 0.41720437957411827, 0.40559063717160737, 0.38424035568539183, 0.35236562624231205, 0.312870396893547, 0.27569491610629615, 0.2512258538804423, 0.22412844372544038, 0.2078509825407977, 0.20354123418380998, 0.20165084148769663, 0.19921358550829626, 0.19660701903437738, 0.19406969646434724, 0.19227564789604523, 0.1919796614675281, 0.191950933914125, 0.1919457241960113, 0.19194540529593895, 0.19194539330152705, 0.19194539321477555]}, "6": {"maxiter": 100, "gtol": 1e-10, "xrtol": 1e-10, "eps": 1e-05, "duration": 0.09990978240966797, "fun": "0.19194539323203363", "jac": "[-5.55111512e-11 -1.22124533e-10 -7.77156117e-11  3.10862447e-10\n  4.10782519e-10  2.77555756e-10]", "hess_inv": "[[  7.78320179   0.30084626  -5.87033541  -5.14112541   5.03398776\n    1.96910637]\n [  0.30084626   3.65908755  -2.35754423  -0.25004544   2.15292292\n   -0.92266507]\n [ -5.87033541  -2.35754423  13.78286703   8.82459932 -10.24548007\n    1.51833486]\n [ -5.14112541  -0.25004544   8.82459932   9.06290452  -6.57648437\n    0.1843926 ]\n [  5.03398776   2.15292292 -10.24548007  -6.57648437  11.6538777\n   -3.09681526]\n [  1.96910637  -0.92266507   1.51833486   0.1843926   -3.09681526\n    5.87668473]]", "nfev": "446", "njev": "62", "status": "2", "success": "False", "message": "Desired error not necessarily achieved due to precision loss.", "x": "[-1.24139969 -0.44090858  0.7