{"date": "2024/09/25/, 16:56:59", "conf_id": 274, "data_type": "var_s_rank\n", "num_data_points": 2, "s_rank": 0, "unitary": "[[-0.24866696+0.58742286j,-0.44704345-0.43151574j,-0.35669027-0.20570733j,-0.10517633+0.1626036j],[0.10596805-0.19687975j,-0.30269685-0.15056416j,0.18246286+0.30440582j,-0.83484447-0.11310748j],[0.26054512-0.52548482j,0.0285017-0.50723956j,-0.43110112+0.17165838j,0.15243271+0.39915801j],[0.42978035+0.11991271j,-0.17224126-0.46030424j,0.6827807-0.15164662j,0.26483638+0.0061855j]]", "databatch_0": {"databatch": "[[[0.18059341+0.19754867j,0.1023087-0.11126206j,-0.15033219-0.24311326j,0.18313923+0.06846412j],[-0.07469935-0.14791222j,-0.18798746-0.06847798j,0.1751045-0.02903566j,0.12825028+0.0673622j],[0.19289337-0.00179743j,-0.12492812-0.243649j,-0.11513358-0.28121778j,0.35940164+0.08268911j],[0.03955455+0.2963988j,0.26463756+0.17973911j,-0.29975244-0.08296251j,-0.14485446-0.12491525j]],[[-0.07126501-0.15224508j,-0.01664199+0.34741155j,0.3449928+0.15180987j,0.09218212-0.10916087j],[0.09806993+0.05135615j,0.1232662-0.44144362j,0.17373312-0.12888121j,0.08167757-0.20195807j],[0.07815476+0.22184416j,-0.08762565-0.11865046j,0.05018015-0.17753746j,-0.00290203-0.00555743j],[0.27217826+0.24104963j,-0.15453963+0.27025224j,-0.00553301-0.02232765j,0.13266815+0.11543948j]]]", "initial param values": "[2.13495616,5.88715001,2.94860967,4.87641959,3.16304621,5.34830035]", "nelder_mead": {"type": "gradient-free", "0": {"maxiter": 100, "fatol": 1e-05, "xatol": 1e-05, "duration": 0.03720974922180176, "fun": "0.6099846482928073", "nit": "100", "nfev": "158", "status": "2", "success": "False", "message": "Maximum number of iterations has been exceeded.", "x": "[ 2.49473734 12.53751389  3.747415    4.21318076 -0.75872093  3.1458467 ]", "final_simplex": "(array([[ 2.49473734, 12.53751389,  3.747415  ,  4.21318076, -0.75872093,\n         3.1458467 ],\n       [ 2.47365066, 12.44544884,  3.72450063,  4.23490719, -0.74312689,\n         3.32382255],\n       [ 2.51847625, 12.43264505,  3.74338133,  4.31242494, -0.82248051,\n         3.21985651],\n       [ 2.48960565, 12.41758552,  3.73481249,  4.24239724, -0.86152688,\n         3.30915586],\n       [ 2.50213377, 12.32409273,  3.72692484,  4.26866268, -0.82554701,\n         3.31981512],\n       [ 2.49583622, 12.52652801,  3.71560532,  4.21102331, -0.83622095,\n         3.25652041],\n       [ 2.52487727, 12.40511348,  3.74803305,  4.21043805, -0.86589183,\n         3.21097946]]), array([0.60998465, 0.61033175, 0.61095995, 0.61179135, 0.61254132,\n       0.61268205, 0.61310066]))", "callback": [0.9302051198334236, 0.8951161458219075, 0.8539596193642071, 0.7553337306840717, 0.6989524894785508, 0.6675739957428862, 0.6269974552875426, 0.6205382127380372, 0.6167379977407392, 0.6134195824194635]}, "1": {"maxiter": 100, "fatol": 1e-05, "xatol": 1e-10, "duration": 0.036808013916015625, "fun": "0.6099846482928073", "nit": "100", "nfev": "158", "status": "2", "success": "False", "message": "Maximum number of iterations has been exceeded.", "x": "[ 2.49473734 12.53751389  3.747415    4.21318076 -0.75872093  3.1458467 ]", "final_simplex": "(array([[ 2.49473734, 12.53751389,  3.747415  ,  4.21318076, -0.75872093,\n         3.1458467 ],\n       [ 2.47365066, 12.44544884,  3.72450063,  4.23490719, -0.74312689,\n         3.32382255],\n       [ 2.51847625, 12.43264505,  3.74338133,  4.31242494, -0.82248051,\n         3.21985651],\n       [ 2.48960565, 12.41758552,  3.73481249,  4.24239724, -0.86152688,\n         3.30915586],\n       [ 2.50213377, 12.32409273,  3.72692484,  4.26866268, -0.82554701,\n         3.31981512],\n       [ 2.49583622, 12.52652801,  3.71560532,  4.21102331, -0.83622095,\n         3.25652041],\n       [ 2.52487727, 12.40511348,  3.74803305,  4.21043805, -0.86589183,\n         3.21097946]]), array([0.60998465, 0.61033175, 0.61095995, 0.61179135, 0.61254132,\n       0.61268205, 0.61310066]))", "callback": [0.9302051198334236, 0.8951161458219075, 0.8539596193642071, 0.7553337306840717, 0.6989524894785508, 0.6675739957428862, 0.6269974552875426, 0.6205382127380372, 0.6167379977407392, 0.6134195824194635]}, "2": {"maxiter": 100, "fatol": 1e-10, "xatol": 1e-05, "duration": 0.03773903846740723, "fun": "0.6099846482928073", "nit": "100", "nfev": "158", "status": "2", "success": "False", "message": "Maximum number of iterations has been exceeded.", "x": "[ 2.49473734 12.53751389  3.747415    4.21318076 -0.75872093  3.1458467 ]", "final_simplex": "(array([[ 2.49473734, 12.53751389,  3.747415  ,  4.21318076, -0.75872093,\n         3.1458467 ],\n       [ 2.47365066, 12.44544884,  3.72450063,  4.23490719, -0.74312689,\n         3.32382255],\n       [ 2.51847625, 12.43264505,  3.74338133,  4.31242494, -0.82248051,\n         3.21985651],\n       [ 2.48960565, 12.41758552,  3.73481249,  4.24239724, -0.86152688,\n         3.30915586],\n       [ 2.50213377, 12.32409273,  3.72692484,  4.26866268, -0.82554701,\n         3.31981512],\n       [ 2.49583622, 12.52652801,  3.71560532,  4.21102331, -0.83622095,\n         3.25652041],\n       [ 2.52487727, 12.40511348,  3.74803305,  4.21043805, -0.86589183,\n         3.21097946]]), array([0.60998465, 0.61033175, 0.61095995, 0.61179135, 0.61254132,\n       0.61268205, 0.61310066]))", "callback": [0.9302051198334236, 0.8951161458219075, 0.8539596193642071, 0.7553337306840717, 0.6989524894785508, 0.6675739957428862, 0.6269974552875426, 0.6205382127380372, 0.6167379977407392, 0.6134195824194635]}, "3": {"maxiter": 100, "fatol": 1e-10, "xatol": 1e-10, "duration": 0.03701925277709961, "fun": "0.6099846482928073", "nit": "100", "nfev": "158", "status": "2", "success": "False", "message": "Maximum number of iterations has been exceeded.", "x": "[ 2.49473734 12.53751389  3.747415    4.21318076 -0.75872093  3.1458467 ]", "final_simplex": "(array([[ 2.49473734, 12.53751389,  3.747415  ,  4.21318076, -0.75872093,\n         3.1458467 ],\n       [ 2.47365066, 12.44544884,  3.72450063,  4.23490719, -0.74312689,\n         3.32382255],\n       [ 2.51847625, 12.43264505,  3.74338133,  4.31242494, -0.82248051,\n         3.21985651],\n       [ 2.48960565, 12.41758552,  3.73481249,  4.24239724, -0.86152688,\n         3.30915586],\n       [ 2.50213377, 12.32409273,  3.72692484,  4.26866268, -0.82554701,\n         3.31981512],\n       [ 2.49583622, 12.52652801,  3.71560532,  4.21102331, -0.83622095,\n         3.25652041],\n       [ 2.52487727, 12.40511348,  3.74803305,  4.21043805, -0.86589183,\n         3.21097946]]), array([0.60998465, 0.61033175, 0.61095995, 0.61179135, 0.61254132,\n       0.61268205, 0.61310066]))", "callback": [0.9302051198334236, 0.8951161458219075, 0.8539596193642071, 0.7553337306840717, 0.6989524894785508, 0.6675739957428862, 0.6269974552875426, 0.6205382127380372, 0.6167379977407392, 0.6134195824194635]}, "4": {"maxiter": 500, "fatol": 1e-05, "xatol": 1e-05, "duration": 0.14151501655578613, "fun": "0.44647925951460943", "nit": "381", "nfev": "606", "status": "0", "success": "True", "message": "Optimization terminated successfully.", "x": "[ 0.90125522 12.7457732   4.5493399   4.67909407 -0.22955417  2.22147266]", "final_simplex": "(array([[ 0.90125522, 12.7457732 ,  4.5493399 ,  4.67909407, -0.22955417,\n         2.22147266],\n       [ 0.90126072, 12.74577273,  4.54933634,  4.67909105, -0.22955816,\n         2.22147088],\n       [ 0.90125443, 12.74576711,  4.54933749,  4.6790915 , -0.22955345,\n         2.22147732],\n       [ 0.90125413, 12.74576688,  4.54934107,  4.6790942 , -0.22956266,\n         2.22146946],\n       [ 0.9012574 , 12.74577728,  4.54933075,  4.67909505, -0.22955864,\n         2.22147229],\n       [ 0.90126162, 12.745771  ,  4.5493413 ,  4.67909636, -0.2295613 ,\n         2.22147631],\n       [ 0.90125199, 12.74576826,  4.54933445,  4.67909905, -0.22954743,\n         2.22146318]]), array([0.44647926, 0.44647926, 0.44647926, 0.44647926, 0.44647926,\n       0.44647926, 0.44647926]))", "callback": [0.9302051198334236, 0.8951161458219075, 0.8539596193642071, 0.7553337306840717, 0.6989524894785508, 0.6675739957428862, 0.6269974552875426, 0.6205382127380372, 0.6167379977407392, 0.6134195824194635, 0.6094166339541962, 0.6020207753259463, 0.5910998803977479, 0.5579479972263175, 0.5180411414456038, 0.5052050734636667, 0.5018881819459602, 0.4977466166366653, 0.49577333911998966, 0.4947052518308429, 0.4873548143357158, 0.4704186838912956, 0.45642028097680887, 0.4515704570093544, 0.4488462253062695, 0.4471366396098324, 0.44668577675626153, 0.44652869373346427, 0.4464900476757412, 0.4464808766587549, 0.44647961640563283, 0.44647935237912884, 0.44647928639079915, 0.4464792661961118, 0.44647926186796605, 0.4464792598214449, 0.4464792596294016, 0.4464792595254634, 0.44647925951460943]}, "5": {"maxiter": 500, "fatol": 1e-05, "xatol": 1e-10, "duration": 0.19013476371765137, "fun": "0.4464792595094398", "nit": "490", "nfev": "841", "status": "0", "success": "True", "message": "Optimization terminated successfully.", "x": "[ 0.90125477 12.74576754  4.54933946  4.67909431 -0.22955483  2.22147008]", "final_simplex": "(array([[ 0.90125477, 12.74576754,  4.54933946,  4.67909431, -0.22955483,\n         2.22147008],\n       [ 0.90125477, 12.74576754,  4.54933946,  4.67909431, -0.22955483,\n         2.22147008],\n       [ 0.90125477, 12.74576754,  4.54933946,  4.67909431, -0.22955483,\n         2.22147008],\n       [ 0.90125477, 12.74576754,  4.54933946,  4.67909431, -0.22955483,\n         2.22147008],\n       [ 0.90125477, 12.74576754,  4.54933946,  4.67909431, -0.22955483,\n         2.22147008],\n       [ 0.90125477, 12.74576754,  4.54933946,  4.67909431, -0.22955483,\n         2.22147008],\n       [ 0.90125477, 12.74576754,  4.54933946,  4.67909431, -0.22955483,\n         2.22147008]]), array([0.44647926, 0.44647926, 0.44647926, 0.44647926, 0.44647926,\n       0.44647926, 0.44647926]))", "callback": [0.9302051198334236, 0.8951161458219075, 0.8539596193642071, 0.7553337306840717, 0.6989524894785508, 0.6675739957428862, 0.6269974552875426, 0.6205382127380372, 0.6167379977407392, 0.6134195824194635, 0.6094166339541962, 0.6020207753259463, 0.5910998803977479, 0.5579479972263175, 0.5180411414456038, 0.5052050734636667, 0.5018881819459602, 0.4977466166366653, 0.49577333911998966, 0.4947052518308429, 0.4873548143357158, 0.4704186838912956, 0.45642028097680887, 0.4515704570093544, 0.4488462253062695, 0.4471366396098324, 0.44668577675626153, 0.44652869373346427, 0.4464900476757412, 0.4464808766587549, 0.44647961640563283, 0.44647935237912884, 0.44647928639079915, 0.4464792661961118, 0.44647926186796605, 0.4464792598214449, 0.4464792596294016, 0.4464792595254634, 0.44647925951192513, 0.4464792595099907, 0.446479259509619, 0.4464792595094811, 0.446479259509449, 0.4464792595094449, 0.4464792595094418, 0.44647925950944023, 0.4464792595094401, 0.4464792595094399, 0.4464792595094399]}, "6": {"maxiter": 500, "fatol": 1e-10, "xatol": 1e-05, "duration": 0.14449620246887207, "fun": "0.44647925951460943", "nit": "381", "nfev": "606", "status": "0", "success": "True", "message": "Optimization terminated successfully.", "x": "[ 0.90125522 12.7457732   4.5493399   4.67909407 -0.22955417  2.22147266]", "final_simplex": "(array([[ 0.90125522, 12.7457732 ,  4.5493399 ,  4.67909407, -0.22955417,\n         2.22147266],\n       [ 0.90126072, 12.74577273,  4.54933634,  4.67909105, -0.22955816,\n         2.22147088],\n       [ 0.90125443, 12.74576711,  4.54933749,  4.6790915 , -0.22955345,\n         2.22147732],\n       [ 0.90125413, 12.74576688,  4.54934107,  4.6790942 , -0.22956266,\n         2.22146946],\n       [ 0.9012574 , 12.74577728,  4.54933075,  4.67909505, -0.22955864,\n         2.22147229],\n       [ 0.90126162, 12.745771  ,  4.5493413 ,  4.67909636, -0.2295613 ,\n         2.22147631],\n       [ 0.90125199, 12.74576826,  4.54933445,  4.67909905, -0.22954743,\n         2.22146318]]), array([0.44647926, 0.44647926, 0.44647926, 0.44647926, 0.44647926,\n       0.44647926, 0.44647926]))", "callback": [0.9302051198334236, 0.8951161458219075, 0.8539596193642071, 0.7553337306840717, 0.6989524894785508, 0.6675739957428862, 0.6269974552875426, 0.6205382127380372, 0.6167379977407392, 0.6134195824194635, 0.6094166339541962, 0.6020207753259463, 0.5910998803977479, 0.5579479972263175, 0.5180411414456038, 0.5052050734636667, 0.5018881819459602, 0.4977466166366653, 0.49577333911998966, 0.4947052518308429, 0.4873548143357158, 0.4704186838912956, 0.45642028097680887, 0.4515704570093544, 0.4488462253062695, 0.4471366396098324, 0.44668577675626153, 0.44652869373346427, 0.4464900476757412, 0.4464808766587549, 0.44647961640563283, 0.44647935237912884, 0.44647928639079915, 0.4464792661961118, 0.44647926186796605, 0.4464792598214449, 0.4464792596294016, 0.4464792595254634, 0.44647925951460943]}, "7": {"maxiter": 500, "fatol": 1e-10, "xatol": 1e-10, "duration": 0.19712066650390625, "fun": "0.4464792595094398", "nit": "490", "nfev": "841", "status": "0", "success": "True", "message": "Optimization terminated successfully.", "x": "[ 0.90125477 12.74576754  4.54933946  4.67909431 -0.22955483  2.22147008]", "final_simplex": "(array([[ 0.90125477, 12.74576754,  4.54933946,  4.67909431, -0.22955483,\n         2.22147008],\n       [ 0.90125477, 12.74576754,  4.54933946,  4.67909431, -0.22955483,\n         2.22147008],\n       [ 0.90125477, 12.74576754,  4.54933946,  4.67909431, -0.22955483,\n         2.22147008],\n       [ 0.90125477, 12.74576754,  4.54933946,  4.67909431, -0.22955483,\n         2.22147008],\n       [ 0.90125477, 12.74576754,  4.54933946,  4.67909431, -0.22955483,\n         2.22147008],\n       [ 0.90125477, 12.74576754,  4.54933946,  4.67909431, -0.22955483,\n         2.22147008],\n       [ 0.90125477, 12.74576754,  4.54933946,  4.67909431, -0.22955483,\n         2.22147008]]), array([0.44647926, 0.44647926, 0.44647926, 0.44647926, 0.44647926,\n       0.44647926, 0.44647926]))", "callback": [0.9302051198334236, 0.8951161458219075, 0.8539596193642071, 0.7553337306840717, 0.6989524894785508, 0.6675739957428862, 0.6269974552875426, 0.6205382127380372, 0.6167379977407392, 0.6134195824194635, 0.6094166339541962, 0.6020207753259463, 0.5910998803977479, 0.5579479972263175, 0.5180411414456038, 0.5052050734636667, 0.5018881819459602, 0.4977466166366653, 0.49577333911998966, 0.4947052518308429, 0.4873548143357158, 0.4704186838912956, 0.45642028097680887, 0.4515704570093544, 0.4488462253062695, 0.4471366396098324, 0.44668577675626153, 0.44652869373346427, 0.4464900476757412, 0.4464808766587549, 0.44647961640563283, 0.44647935237912884, 0.44647928639079915, 0.4464792661961118, 0.44647926186796605, 0.4464792598214449, 0.4464792596294016, 0.4464792595254634, 0.44647925951192513, 0.4464792595099907, 0.446479259509619, 0.4464792595094811, 0.446479259509449, 0.4464792595094449, 0.4464792595094418, 0.44647925950944023, 0.4464792595094401, 0.4464792595094399, 0.4464792595094399]}, "8": {"maxiter": 1000, "fatol": 1e-05, "xatol": 1e-05, "duration": 0.1333458423614502, "fun": "0.44647925951460943", "nit": "381", "nfev": "606", "status": "0", "success": "True", "message": "Optimization terminated successfully.", "x": "[ 0.90125522 12.7457732   4.5493399   4.67909407 -0.22955417  2.22147266]", "final_simplex": "(array([[ 0.90125522, 12.7457732 ,  4.5493399 ,  4.67909407, -0.22955417,\n         2.22147266],\n       [ 0.90126072, 12.74577273,  4.54933634,  4.67909105, -0.22955816,\n         2.22147088],\n       [ 0.90125443, 12.74576711,  4.54933749,  4.6790915 , -0.22955345,\n         2.22147732],\n       [ 0.90125413, 12.74576688,  4.54934107,  4.6790942 , -0.22956266,\n         2.22146946],\n       [ 0.9012574 , 12.74577728,  4.54933075,  4.67909505, -0.22955864,\n         2.22147229],\n       [ 0.90126162, 12.745771  ,  4.5493413 ,  4.67909636, -0.2295613 ,\n         2.22147631],\n       [ 0.90125199, 12.74576826,  4.54933445,  4.67909905, -0.22954743,\n         2.22146318]]), array([0.44647926, 0.44647926, 0.44647926, 0.44647926, 0.44647926,\n       0.44647926, 0.44647926]))", "callback": [0.9302051198334236, 0.8951161458219075, 0.8539596193642071, 0.7553337306840717, 0.6989524894785508, 0.6675739957428862, 0.6269974552875426, 0.6205382127380372, 0.6167379977407392, 0.6134195824194635, 0.6094166339541962, 0.6020207753259463, 0.5910998803977479, 0.5579479972263175, 0.5180411414456038, 0.5052050734636667, 0.5018881819459602, 0.4977466166366653, 0.49577333911998966, 0.4947052518308429, 0.4873548143357158, 0.4704186838912956, 0.45642028097680887, 0.4515704570093544, 0.4488462253062695, 0.4471366396098324, 0.44668577675626153, 0.44652869373346427, 0.4464900476757412, 0.4464808766587549, 0.44647961640563283, 0.44647935237912884, 0.44647928639079915, 0.4464792661961118, 0.44647926186796605, 0.4464792598214449, 0.4464792596294016, 0.4464792595254634, 0.44647925951460943]}, "9": {"maxiter": 1000, "fatol": 1e-05, "xatol": 1e-10, "duration": 0.20771098136901855, "fun": "0.4464792595094398", "nit": "490", "nfev": "841", "status": "0", "success": "True", "message": "Optimization terminated successfully.", "x": "[ 0.90125477 12.74576754  4.54933946  4.67909431 -0.22955483  2.22147008]", "final_simplex": "(array([[ 0.90125477, 12.74576754,  4.54933946,  4.67909431, -0.22955483,\n         2.22147008],\n       [ 0.90125477, 12.74576754,  4.54933946,  4.67909431, -0.22955483,\n         2.22147008],\n       [ 0.90125477, 12.74576754,  4.54933946,  4.67909431, -0.22955483,\n         2.22147008],\n       [ 0.90125477, 12.74576754,  4.54933946,  4.67909431, -0.22955483,\n         2.22147008],\n       [ 0.90125477, 12.74576754,  4.54933946,  4.67909431, -0.22955483,\n         2.22147008],\n       [ 0.90125477, 12.74576754,  4.54933946,  4.67909431, -0.22955483,\n         2.22147008],\n       [ 0.90125477, 12.74576754,  4.54933946,  4.67909431, -0.22955483,\n         2.22147008]]), array([0.44647926, 0.44647926, 0.44647926, 0.44647926, 0.44647926,\n       0.44647926, 0.44647926]))", "callback": [0.9302051198334236, 0.8951161458219075, 0.8539596193642071, 0.7553337306840717, 0.6989524894785508, 0.6675739957428862, 0.6269974552875426, 0.6205382127380372, 0.6167379977407392, 0.6134195824194635, 0.6094166339541962, 0.6020207753259463, 0.5910998803977479, 0.5579479972263175, 0.5180411414456038, 0.5052050734636667, 0.5018881819459602, 0.4977466166366653, 0.49577333911998966, 0.4947052518308429, 0.4873548143357158, 0.4704186838912956, 0.45642028097680887, 0.4515704570093544, 0.4488462253062695, 0.4471366396098324, 0.44668577675626153, 0.44652869373346427, 0.4464900476757412, 0.4464808766587549, 0.44647961640563283, 0.44647935237912884, 0.44647928639079915, 0.4464792661961118, 0.44647926186796605, 0.4464792598214449, 0.4464792596294016, 0.4464792595254634, 0.44647925951192513, 0.4464792595099907, 0.446479259509619, 0.4464792595094811, 0.446479259509449, 0.4464792595094449, 0.4464792595094418, 0.44647925950944023, 0.4464792595094401, 0.4464792595094399, 0.4464792595094399]}, "10": {"maxiter": 1000, "fatol": 1e-10, "xatol": 1e-05, "duration": 0.14127588272094727, "fun": "0.44647925951460943", "nit": "381", "nfev": "606", "status": "0", "success": "True", "message": "Optimization terminated successfully.", "x": "[ 0.90125522 12.7457732   4.5493399   4.67909407 -0.22955417  2.22147266]", "final_simplex": "(array([[ 0.90125522, 12.7457732 ,  4.5493399 ,  4.67909407, -0.22955417,\n         2.22147266],\n       [ 0.90126072, 12.74577273,  4.54933634,  4.67909105, -0.22955816,\n         2.22147088],\n       [ 0.90125443, 12.74576711,  4.54933749,  4.6790915 , -0.22955345,\n         2.22147732],\n       [ 0.90125413, 12.74576688,  4.54934107,  4.6790942 , -0.22956266,\n         2.22146946],\n       [ 0.9012574 , 12.74577728,  4.54933075,  4.67909505, -0.22955864,\n         2.22147229],\n       [ 0.90126162, 12.745771  ,  4.5493413 ,  4.67909636, -0.2295613 ,\n         2.22147631],\n       [ 0.90125199, 12.74576826,  4.54933445,  4.67909905, -0.22954743,\n         2.22146318]]), array([0.44647926, 0.44647926, 0.44647926, 0.44647926, 0.44647926,\n       0.44647926, 0.44647926]))", "callback": [0.9302051198334236, 0.8951161458219075, 0.8539596193642071, 0.7553337306840717, 0.6989524894785508, 0.6675739957428862, 0.6269974552875426, 0.6205382127380372, 0.6167379977407392, 0.6134195824194635, 0.6094166339541962, 0.6020207753259463, 0.5910998803977479, 0.5579479972263175, 0.5180411414456038, 0.5052050734636667, 0.5018881819459602, 0.4977466166366653, 0.49577333911998966, 0.4947052518308429, 0.4873548143357158, 0.4704186838912956, 0.45642028097680887, 0.4515704570093544, 0.4488462253062695, 0.4471366396098324, 0.44668577675626153, 0.44652869373346427, 0.4464900476757412, 0.4464808766587549, 0.44647961640563283, 0.44647935237912884, 0.44647928639079915, 0.4464792661961118, 0.44647926186796605, 0.4464792598214449, 0.4464792596294016, 0.4464792595254634, 0.44647925951460943]}, "11": {"maxiter": 1000, "fatol": 1e-10, "xatol": 1e-10, "duration": 0.1994459629058838, "fun": "0.4464792595094398", "nit": "490", "nfev": "841", "status": "0", "success": "True", "message": "Optimization terminated successfully.", "x": "[ 0.90125477 12.74576754  4.54933946  4.67909431 -0.22955483  2.22147008]", "final_simplex": "(array([[ 0.90125477, 12.74576754,  4.54933946,  4.67909431, -0.22955483,\n         2.22147008],\n       [ 0.90125477, 12.74576754,  4.54933946,  4.67909431, -0.22955483,\n         2.22147008],\n       [ 0.90125477, 12.74576754,  4.54933946,  4.67909431, -0.22955483,\n         2.22147008],\n       [ 0.90125477, 12.74576754,  4.54933946,  4.67909431, -0.22955483,\n         2.22147008],\n       [ 0.90125477, 12.74576754,  4.54933946,  4.67909431, -0.22955483,\n         2.22147008],\n       [ 0.90125477, 12.74576754,  4.54933946,  4.67909431, -0.22955483,\n         2.22147008],\n       [ 0.90125477, 12.74576754,  4.54933946,  4.67909431, -0.22955483,\n         2.22147008]]), array([0.44647926, 0.44647926, 0.44647926, 0.44647926, 0.44647926,\n       0.44647926, 0.44647926]))", "callback": [0.9302051198334236, 0.8951161458219075, 0.8539596193642071, 0.7553337306840717, 0.6989524894785508, 0.6675739957428862, 0.6269974552875426, 0.6205382127380372, 0.6167379977407392, 0.6134195824194635, 0.6094166339541962, 0.6020207753259463, 0.5910998803977479, 0.5579479972263175, 0.5180411414456038, 0.5052050734636667, 0.5018881819459602, 0.4977466166366653, 0.49577333911998966, 0.4947052518308429, 0.4873548143357158, 0.4704186838912956, 0.45642028097680887, 0.4515704570093544, 0.4488462253062695, 0.4471366396098324, 0.44668577675626153, 0.44652869373346427, 0.4464900476757412, 0.4464808766587549, 0.44647961640563283, 0.44647935237912884, 0.44647928639079915, 0.4464792661961118, 0.44647926186796605, 0.4464792598214449, 0.4464792596294016, 0.4464792595254634, 0.44647925951192513, 0.4464792595099907, 0.446479259509619, 0.4464792595094811, 0.446479259509449, 0.4464792595094449, 0.4464792595094418, 0.44647925950944023, 0.4464792595094401, 0.4464792595094399, 0.4464792595094399]}}, "bfgs": {"type": "gradient", "0": {"maxiter": 100, "gtol": 1e-05, "xrtol": 1e-05, "eps": 1e-05, "duration": 0.05536603927612305, "fun": "0.44647925972328195", "jac": "[ 7.38688000e-06  1.69577685e-06  7.20500326e-06 -9.66837721e-07\n  5.25409716e-06 -2.95803382e-06]", "hess_inv": "[[ 5.82826208 -0.14759087 -1.48555958  0.16896977 -2.12268176  4.11191482]\n [-0.14759087  8.548373   -4.38808252 -1.9127114   0.75310933 -2.0297152 ]\n [-1.48555958 -4.38808252  5.45186139  1.52079811 -0.46107793  0.3228261 ]\n [ 0.16896977 -1.9127114   1.52079811  4.68152195 -0.57445246 -0.26934524]\n [-2.12268176  0.75310933 -0.46107793 -0.57445246  3.9448816  -1.46473942]\n [ 4.11191482 -2.0297152   0.3228261  -0.26934524 -1.46473942  7.40283726]]", "nfev": "231", "njev": "33", "status": "0", "success": "True", "message": "Optimization terminated successfully.", "x": "[ 0.90126916  6.46256564  4.54937849  4.67909565 -0.22953498  2.22146045]", "nit": "25", "callback": [0.9038033086178152, 0.8966493562305943, 0.8651384803057853, 0.8049200549030879, 0.7774397740958849, 0.7730659546266931, 0.5724696539483942, 0.5684457678913503, 0.5611005343884957, 0.5474977829118921, 0.5235063741938975, 0.4920763899140237, 0.48105243347653415, 0.4649655622221418, 0.45145272104144163, 0.4489290367236116, 0.44826757467149214, 0.44750972881694817, 0.4468649164213765, 0.4465742562891404, 0.44648411852499137, 0.44647934941509326, 0.4464792618961393, 0.4464792602021933, 0.44647925972328195]}, "1": {"maxiter": 100, "gtol": 1e-05, "xrtol": 1e-05, "eps": 1e-10, "duration": 0.05594921112060547, "fun": "0.446479259561106", "jac": "[-4.44089173e-06 -1.11022293e-06 -1.11022293e-06  2.22044587e-06\n -1.11022293e-06  3.33066880e-06]", "hess_inv": "[[ 6.28649745 -0.96160131  0.06169166  0.60715691 -1.36154457  4.05899385]\n [-0.96160131  7.84123508 -4.92996592 -1.9053209   0.03091918 -1.67339731]\n [ 0.06169166 -4.92996592  7.75036514  2.0379829   0.81055641  0.22556984]\n [ 0.60715691 -1.9053209   2.0379829   5.02029533 -0.25939389 -0.19414284]\n [-1.36154457  0.03091918  0.81055641 -0.25939389  4.25591938 -1.34763971]\n [ 4.05899385 -1.67339731  0.22556984 -0.19414284 -1.34763971  7.19391629]]", "nfev": "238", "njev": "34", "status": "0", "success": "True", "message": "Optimization terminated successfully.", "x": "[ 0.90124011  6.46257626  4.54933374  4.67908884 -0.22955557  2.22147607]", "nit": "26", "callback": [0.9038034223598004, 0.8966478383646195, 0.865103749714453, 0.8048716499312795, 0.7774638324624189, 0.773072349366556, 0.5724147909461658, 0.5685450785270258, 0.561451631952586, 0.5482680923984011, 0.5248440173456458, 0.4930108488039081, 0.48138434777966266, 0.46800635372003996, 0.4514371423426391, 0.44876200842613745, 0.4481463692782671, 0.4474106314782791, 0.44684419172050216, 0.44654446985665885, 0.44648401535244786, 0.4464795927939229, 0.446479406245917, 0.4464792860127508, 0.4464792623297448, 0.446479259561106]}, "2": {"maxiter": 100, "gtol": 1e-05, "xrtol": 1e-10, "eps": 1e-05, "duration": 0.05362701416015625, "fun": "0.44647925972328195", "jac": "[ 7.38688000e-06  1.69577685e-06  7.20500326e-06 -9.66837721e-07\n  5.25409716e-06 -2.95803382e-06]", "hess_inv": "[[ 5.82826208 -0.14759087 -1.48555958  0.16896977 -2.12268176  4.11191482]\n [-0.14759087  8.548373   -4.38808252 -1.9127114   0.75310933 -2.0297152 ]\n [-1.48555958 -4.38808252  5.45186139  1.52079811 -0.46107793  0.3228261 ]\n [ 0.16896977 -1.9127114   1.52079811  4.68152195 -0.57445246 -0.26934524]\n [-2.12268176  0.75310933 -0.46107793 -0.57445246  3.9448816  -1.46473942]\n [ 4.11191482 -2.0297152   0.3228261  -0.26934524 -1.46473942  7.40283726]]", "nfev": "231", "njev": "33", "status": "0", "success": "True", "message": "Optimization terminated successfully.", "x": "[ 0.90126916  6.46256564  4.54937849  4.67909565 -0.22953498  2.22146045]", "nit": "25", "callback": [0.9038033086178152, 0.8966493562305943, 0.8651384803057853, 0.8049200549030879, 0.7774397740958849, 0.7730659546266931, 0.5724696539483942, 0.5684457678913503, 0.5611005343884957, 0.5474977829118921, 0.5235063741938975, 0.4920763899140237, 0.48105243347653415, 0.4649655622221418, 0.45145272104144163, 0.4489290367236116, 0.44826757467149214, 0.44750972881694817, 0.4468649164213765, 0.4465742562891404, 0.44648411852499137, 0.44647934941509326, 0.4464792618961393, 0.4464792602021933, 0.44647925972328195]}, "3": {"maxiter": 100, "gtol": 1e-05, "xrtol": 1e-10, "eps": 1e-10, "duration": 0.05870795249938965, "fun": "0.446479259561106", "jac": "[-4.44089173e-06 -1.11022293e-06 -1.11022293e-06  2.22044587e-06\n -1.11022293e-06  3.33066880e-06]", "hess_inv": "[[ 6.28649745 -0.96160131  0.06169166  0.60715691 -1.36154457  4.05899385]\n [-0.96160131  7.84123508 -4.92996592 -1.9053209   0.03091918 -1.67339731]\n [ 0.06169166 -4.92996592  7.75036514  2.0379829   0.81055641  0.22556984]\n [ 0.60715691 -1.9053209   2.0379829   5.02029533 -0.25939389 -0.19414284]\n [-1.36154457  0.03091918  0.81055641 -0.25939389  4.25591938 -1.34763971]\n [ 4.05899385 -1.67339731  0.22556984 -0.19414284 -1.34763971  7.19391629]]", "nfev": "238", "njev": "34", "status": "0", "success": "True", "message": "Optimization terminated successfully.", "x": "[ 0.90124011  6.46257626  4.54933374  4.67908884 -0.22955557  2.22147607]", "nit": "26", "callback": [0.9038034223598004, 0.8966478383646195, 0.865103749714453, 0.8048716499312795, 0.7774638324624189, 0.773072349366556, 0.5724147909461658, 0.5685450785270258, 0.561451631952586, 0.5482680923984011, 0.5248440173456458, 0.4930108488039081, 0.48138434777966266, 0.46800635372003996, 0.4514371423426391, 0.44876200842613745, 0.4481463692782671, 0.4474106314782791, 0.44684419172050216, 0.44654446985665885, 0.44648401535244786, 0.4464795927939229, 0.446479406245917, 0.4464792860127508, 0.4464792623297448, 0.446479259561106]}, "4": {"maxiter": 100, "gtol": 1e-10, "xrtol": 1e-05, "eps": 1e-05, "duration": 0.05390810966491699, "fun": "0.44647925972328195", "jac": "[ 7.38688000e-06  1.69577685e-06  7.20500326e-06 -9.66837721e-07\n  5.25409716e-06 -2.95803382e-06]", "hess_inv": "[[ 5.82826208 -0.14759087 -1.48555958  0.16896977 -2.12268176  4.11191482]\n [-0.14759087  8.548373   -4.38808252 -1.9127114   0.75310933 -2.0297152 ]\n [-1.48555958 -4.38808252  5.45186139  1.52079811 -0.46107793  0.3228261 ]\n [ 0.16896977 -1.9127114   1.52079811  4.68152195 -0.57445246 -0.26934524]\n [-2.12268176  0.75310933 -0.46107793 -0.57445246  3.9448816  -1.46473942]\n [ 4.11191482 -2.0297152   0.3228261  -0.26934524 -1.46473942  7.40283726]]", "nfev": "231", "njev": "33", "status": "0", "success": "True", "message": "Optimization terminated successfully.", "x": "[ 0.90126916  6.46256564  4.54937849  4.67909565 -0.22953498  2.22146045]", "nit": "25", "callback": [0.9038033086178152, 0.8966493562305943, 0.8651384803057853, 0.8049200549030879, 0.7774397740958849, 0.7730659546266931, 0.5724696539483942, 0.5684457678913503, 0.5611005343884957, 0.5474977829118921, 0.5235063741938975, 0.4920763899140237, 0.48105243347653415, 0.4649655622221418, 0.45145272104144163, 0.4489290367236116, 0.44826757467149214, 0.44750972881694817, 0.4468649164213765, 0.4465742562891404, 0.44648411852499137, 0.44647934941509326, 0.4464792618961393, 0.4464792602021933, 0.44647925972328195]}, "5": {"maxiter": 100, "gtol": 1e-10, "xrtol": 1e-05, "eps": 1e-10, "duration": 0.05794930458068848, "fun": "0.44647925953630074", "jac": "[ 1.11022293e-06 -2.22044587e-06  0.00000000e+00 -2.22044587e-06\n  0.00000000e+00  0.00000000e+00]", "hess_inv": "[[ 6.18492336 -0.68710105 -0.23871763  0.50081709 -1.43556564  4.10552121]\n [-0.68710105  8.47120855 -5.30078054 -2.31626161  0.12045306 -1.93820617]\n [-0.23871763 -5.30078054  7.88149043  2.3255162   0.68690537  0.48307197]\n [ 0.50081709 -2.31626161  2.3255162   5.26444871 -0.28063477 -0.07463818]\n [-1.43556564  0.12045306  0.68690537 -0.28063477  4.21087904 -1.30253057]\n [ 4.10552121 -1.93820617  0.48307197 -0.07463818 -1.30253057  7.1867025 ]]", "nfev": "245", "njev": "35", "status": "0", "success": "True", "message": "Optimization terminated successfully.", "x": "[ 0.90125017  6.46258846  4.54932954  4.67907933 -0.22955141  2.22146747]", "nit": "27", "callback": [0.9038034223598004, 0.8966478383646195, 0.865103749714453, 0.8048716499312795, 0.7774638324624189, 0.773072349366556, 0.5724147909461658, 0.5685450785270258, 0.561451631952586, 0.5482680923984011, 0.5248440173456458, 0.4930108488039081, 0.48138434777966266, 0.46800635372003996, 0.4514371423426391, 0.44876200842613745, 0.4481463692782671, 0.4474106314782791, 0.44684419172050216, 0.44654446985665885, 0.44648401535244786, 0.4464795927939229, 0.446479406245917, 0.4464792860127508, 0.4464792623297448, 0.446479259561106, 0.44647925953630074]}, "6": {"maxiter": 100, "gtol": 1e-10, "xrtol": 1e-10, "eps": 1e-05, "duration": 0.11725091934204102, "fun": "0.44647925952113554", "jac": "[ 3.57647245e-07 -2.76045853e-07  1.09807718e-06  7.22977234e-08\n  4.89575047e-07  4.67659245e-07]", "hess_inv": "[[ 6.40293068 -0.64549269 -0.32566609  0.38218452 -1.55289501  4.16879903]\n [-0.64549269  8.65031686 -5.28264438 -2.08917607  0.08499206 -1.8500087 ]\n [-0.32566609 -5.28264438  7.77281326  1.96459445  0.76808341  0.36396125]\n [ 0.38218452 -2.08917607  1.96459445  4.77570048 -0.33916188 -0.25113135]\n [-1.55289501  0.08499206  0.76808341 -0.33916188  4.44236368 -1.28343611]\n [ 4.16879903 -1.8500087   0.36396125 -0.25113135 -1.28343611  7.24982798]]", "nfev": "509", "njev": "71", "status": "2", "success": "False", "message": "Desired error not necessarily achieved due to precision loss.", "x": "[ 0.90124826  6.46257428  4.54934302  4.67909156 -0.22955636  2.22146562]", "nit": "28", "callback": [0.9038033086178152, 0.8966493562305943, 0.8651384803057853, 0.8049200549030879, 0.7774397740958849, 0.7730659546266931, 0.5724696539483942, 0.5684457678913503, 0.5611005343884957, 0.5474977829118921, 0.5235063741938975, 0.4920763899140237, 0.48105243347653415, 0.4649655622221418, 0.45145272104144163, 0.4489290367236116, 0.44826757467149214, 0.44750972881694817, 0.4468649164213765, 0.4465742562891404, 0.44648411852499137, 0.44647934941509326, 0.4464792618961393, 0.4464792602021933, 0.44647925972328195, 0.4464792595238585, 0.44647925952163137, 0.44647925952113554]}, "7": {"maxiter": 100, "gtol": 1e-10, "xrtol": 1e-10, "eps": 1e-10, "duration": 0.09749794006347656, "fun": "0.44647925951786793", "jac": "[0. 0. 0. 0. 0. 0.]", "hess_inv": "[[ 1.16481477  0.31166492 -1.11730345 -0.67836314  0.06993897 -0.18270811]\n [ 0.31166492  0.64670649 -0.40662761  0.0182719  -0.17272328 -0.2387352 ]\n [-1.11730345 -0.40662761  1.44688462  0.47281061 -0.15552339  0.1509759 ]\n [-0.67836314  0.0182719   0.47281061  0.74452537 -0.25219029  0.07560234]\n [ 0.06993897 -0.17272328 -0.15552339 -0.25219029  0.74155029 -0.32675626]\n [-0.18270811 -0.2387352   0.1509759   0.07560234 -0.32675626  0.44824514]]", "nfev": "434", "njev": "62", "status": "0", "success": "True", "message": "Optimization terminated successfully.", "x": "[ 0.9012508   6.46259231  4.5493315   4.67909016 -0.22955518  2.22146357]", "nit": "36", "callback": [0.9038034223598004, 0.8966478383646195, 0.865103749714453, 0.8048716499312795, 0.7774638324624189, 0.773072349366556, 0.5724147909461658, 0.5685450785270258, 0.561451631952586, 0.5482680923984011, 0.5248440173456458, 0.4930108488039081, 0.48138434777966266, 0.46800635372003996, 0.4514371423426391, 0.44876200842613745, 0.4481463692782671, 0.4474106314782791, 0.44684419172050216, 0.44654446985665885, 0.44648401535244786, 0.4464795927939229, 0.446479406245917, 0.4464792860127508, 0.4464792623297448, 0.446479259561106, 0.44647925953630074, 0.44647925953620105, 0.4464792595222551, 0.4464792595200544, 0.4464792595200153, 0.44647925951976175, 0.4464792595194256, 0.4464792595189677, 0.4464792595185938, 0.44647925951786793]}, "8": {"maxiter": 500, "gtol": 1e-05, "xrtol": 1e-05, "eps": 1e-05, "duration": 0.0529170036315918, "fun": "0.44647925972328195", "jac": "[ 7.38688000e-06  1.69577685e-06  7.20500326e-06 -9.66837721e-07\n  5.25409716e-06 -2.95803382e-06]", "hess_inv": "[[ 5.82826208 -0.14759087 -1.48555958  0.16896977 -2.12268176  4.11191482]\n [-0.14759087  8.548373   -4.38808252 -1.9127114   0.75310933 -2.0297152 ]\n [-1.48555958 -4.38808252  5.45186139  1.52079811 -0.46107793  0.3228261 ]\n [ 0.16896977 -1.9127114   1.52079811  4.68152195 -0.57445246 -0.26934524]\n [-2.12268176  0.75310933 -0.46107793 -0.57445246  3.9448816  -1.46473942]\n [ 4.11191482 -2.0297152   0.3228261  -0.26934524 -1.46473942  7.40283726]]", "nfev": "231", "njev": "33", "status": "0", "success": "True", "message": "Optimization terminated successfully.", "x": "[ 0.90126916  6.46256564  4.54937849  4.67909565 -0.22953498  2.22146045]", "nit": "25", "callback": [0.9038033086178152, 0.8966493562305943, 0.8651384803057853, 0.8049200549030879, 0.7774397740958849, 0.7730659546266931, 0.5724696539483942, 0.5684457678913503, 0.5611005343884957, 0.5474977829118921, 0.5235063741938975, 0.4920763899140237, 0.48105243347653415, 0.4649655622221418, 0.45145272104144163, 0.4489290367236116, 0.44826757467149214, 0.44750972881694817, 0.4468649164213765, 0.4465742562891404, 0.44648411852499137, 0.44647934941509326, 0.4464792618961393, 0.4464792602021933, 0.44647925972328195]}, "9": {"maxiter": 500, "gtol": 1e-05, "xrtol": 1e-05, "eps": 1e-10, "duration": 0.05366921424865723, "fun": "0.446479259561106", "jac": "[-4.44089173e-06 -1.11022293e-06 -1.11022293e-06  2.22044587e-06\n -1.11022293e-06  3.33066880e-06]", "hess_inv": "[[ 6.28649745 -0.96160131  0.06169166  0.60715691 -1.36154457  4.05899385]\n [-0.96160131  7.84123508 -4.92996592 -1.9053209   0.03091918 -1.67339731]\n [ 0.06169166 -4.92996592  7.75036514  2.0379829   0.81055641  0.22556984]\n [ 0.60715691 -1.9053209   2.0379829   5.02029533 -0.25939389 -0.19414284]\n [-1.36154457  0.03091918  0.81055641 -0.25939389  4.25591938 -1.34763971]\n [ 4.05899385 -1.67339731  0.22556984 -0.19414284 -1.34763971  7.19391629]]", "nfev": "238", "njev": "34", "status": "0", "success": "True", "message": "Optimization terminated successfully.", "x": "[ 0.90124011  6.46257626  4.54933374  4.67908884 -0.22955557  2.22147607]", "nit": "26", "callback": [0.9038034223598004, 0.8966478383646195, 0.865103749714453, 0.8048716499312795, 0.7774638324624189, 0.773072349366556, 0.5724147909461658, 0.5685450785270258, 0.561451631952586, 0.5482680923984011, 0.5248440173456458, 0.4930108488039081, 0.48138434777966266, 0.46800635372003996, 0.4514371423426391, 0.44876200842613745, 0.4481463692782671, 0.4474106314782791, 0.44684419172050216, 0.44654446985665885, 0.44648401535244786, 0.4464795927939229, 0.446479406245917, 0.4464792860127508, 0.4464792623297448, 0.446479259561106]}, "10": {"maxiter": 500, "gtol": 1e-05, "xrtol": 1e-10, "eps": 1e-05, "duration": 0.05221104621887207, "fun": "0.44647925972328195", "jac": "[ 7.38688000e-06  1.69577685e-06  7.20500326e-06 -9.66837721e-07\n  5.25409716e-06 -2.95803382e-06]", "hess_inv": "[[ 5.82826208 -0.14759087 -1.48555958  0.16896977 -2.12268176  4.11191482]\n [-0.14759087  8.548373   -4.38808252 -1.9127114   0.75310933 -2.0297152 ]\n [-1.48555958 -4.38808252  5.45186139  1.52079811 -0.46107793  0.3228261 ]\n [ 0.16896977 -1.9127114   1.52079811  4.68152195 -0.57445246 -0.26934524]\n [-2.12268176  0.75310933 -0.46107793 -0.57445246  3.9448816  -1.46473942]\n [ 4.11191482 -2.0297152   0.3228261  -0.26934524 -1.46473942  7.40283726]]", "nfev": "231", "njev": "33", "status": "0", "success": "True", "message": "Optimization terminated successfully.", "x": "[ 0.90126916  6.46256564  4.54937849  4.67909565 -0.22953498  2.22146045]", "nit": "25", "callback": [0.9038033086178152, 0.8966493562305943, 0.8651384803057853, 0.8049200549030879, 0.7774397740958849, 0.7730659546266931, 0.5724696539483942, 0.5684457678913503, 0.5611005343884957, 0.5474977829118921, 0.5235063741938975, 0.4920763899140237, 0.48105243347653415, 0.4649655622221418, 0.45145272104144163, 0.4489290367236116, 0.44826757467149214, 0.44750972881694817, 0.4468649164213765, 0.4465742562891404, 0.44648411852499137, 0.44647934941509326, 0.4464792618961393, 0.4464792602021933, 0.44647925972328195]}, "11": {"maxiter": 500, "gtol": 1e-05, "xrtol": 1e-10, "eps": 1e-10, "duration": 0.054016828536987305, "fun": "0.446479259561106", "jac": "[-4.44089173e-06 -1.11022293e-06 -1.11022293e-06  2.22044587e-06\n -1.11022293e-06  3.33066880e-06]", "hess_inv": "[[ 6.28649745 -0.96160131  0.06169166  0.60715691 -1.36154457  4.05899385]\n [-0.96160131  7.84123508 -4.92996592 -1.9053209   0.03091918 -1.67339731]\n [ 0.06169166 -4.92996592  7.75036514  2.0379829   0.81055641  0.22556984]\n [ 0.60715691 -1.9053209   2.0379829   5.02029533 -0.25939389 -0.19414284]\n [-1.36154457  0.03091918  0.81055641 -0.25939389  4.25591938 -1.34763971]\n [ 4.05899385 -1.67339731  0.22556984 -0.19414284 -1.34763971  7.19391629]]", "nfev": "238", "njev": "34", "status": "0", "success": "True", "message": "Optimization terminated successfully.", "x": "[ 0.901