{"date": "2024/09/24/, 20:57:48", "conf_id": 48, "data_type": "random\n", "num_data_points": 3, "s_rank": 0, "unitary": "[[-0.53618537-0.34368723j,-0.12107031-0.46226139j,-0.07699282-0.46603512j,0.36022595-0.11472301j],[0.26026499-0.63450712j,-0.56616638+0.37832564j,-0.14988651+0.08458591j,0.10363514-0.16008501j],[-0.32580188-0.11070003j,-0.36476308-0.23593218j,0.02559343+0.41761608j,-0.25598305+0.6725303j],[0.07406738-0.0126433j,0.28513701+0.19483972j,-0.74939717-0.10299659j,0.29798249+0.46269921j]]", "databatch_0": {"databatch": "[[[-0.14726962-0.02649251j,0.14880447+0.06625632j,0.01307649-0.22978681j,0.10031509+0.11670039j],[-0.01901234-0.33281611j,-0.20118239+0.20849152j,0.22349208+0.40861076j,-0.30694383-0.15153622j],[0.29642259-0.10635372j,-0.08557016+0.04908709j,0.02461866-0.27278645j,0.17604443+0.18709942j],[-0.02248351-0.18281401j,0.04390392+0.09216571j,-0.07618993-0.15560553j,0.14283734+0.02381392j]],[[0.21457195+0.13540665j,-0.19646757+0.01842366j,0.05118561-0.12513947j,-0.08224514-0.36368962j],[0.09155073+0.01864338j,-0.08735461+0.40473082j,-0.11046793-0.10159119j,0.0200534-0.40978381j],[-0.169355+0.07790323j,0.02912744+0.08777026j,-0.00517747+0.0438036j,0.33294244-0.0708472j],[0.04631606+0.01120369j,-0.18036564-0.31655373j,0.12110825-0.0302564j,0.01196953+0.23770283j]],[[-0.19644219-0.1478406j,-0.25703001+0.37842028j,0.00601746-0.21416497j,-0.25502825+0.22336426j],[-0.19494258-0.09610079j,-0.11793849+0.37609855j,-0.05635351-0.17480042j,-0.14129993+0.22689773j],[-0.01915256-0.06287622j,-0.03427443+0.0074318j,0.00083508+0.00238038j,-0.02283703-0.05110937j],[0.03200164+0.25945558j,0.32827933-0.12612451j,-0.06698733+0.12515197j,0.19855268+0.03737568j]]]", "initial param values": "[4.90673065,1.59385429,1.39329677,5.33211311,1.04044552,5.83754973]", "nelder_mead": {"type": "gradient-free", "0": {"maxiter": 100, "fatol": 1e-05, "xatol": 1e-05, "duration": 0.03809189796447754, "fun": "0.6121175075872494", "nit": "100", "nfev": "157", "status": "2", "success": "False", "message": "Maximum number of iterations has been exceeded.", "x": "[ 5.6941301   2.30032901 -0.90600885  5.90311262  2.0381995   5.85139436]", "final_simplex": "(array([[ 5.6941301 ,  2.30032901, -0.90600885,  5.90311262,  2.0381995 ,\n         5.85139436],\n       [ 5.68697394,  2.30813143, -0.92785958,  5.88858359,  2.05026203,\n         5.8400808 ],\n       [ 5.68393235,  2.29385373, -0.88942084,  5.89847335,  2.02762214,\n         5.86852009],\n       [ 5.68171742,  2.30766073, -0.92362847,  5.90036189,  2.04326848,\n         5.85432431],\n       [ 5.68372815,  2.31396997, -0.95048223,  5.90034255,  2.0539746 ,\n         5.84149298],\n       [ 5.6893229 ,  2.29754627, -0.89084924,  5.8831633 ,  2.02933335,\n         5.85267384],\n       [ 5.66383791,  2.29316672, -0.89292034,  5.89547357,  2.04162183,\n         5.82778738]]), array([0.61211751, 0.61212148, 0.61212608, 0.61212802, 0.61213841,\n       0.61214146, 0.61214376]))", "callback": [0.6709759441418242, 0.6443037640782736, 0.6432783676377369, 0.641660176452072, 0.6381149023475654, 0.6309838977908517, 0.6142372951890376, 0.6124112421042138, 0.6122490807172527, 0.6121443465338672]}, "1": {"maxiter": 100, "fatol": 1e-05, "xatol": 1e-10, "duration": 0.03608512878417969, "fun": "0.6121175075872494", "nit": "100", "nfev": "157", "status": "2", "success": "False", "message": "Maximum number of iterations has been exceeded.", "x": "[ 5.6941301   2.30032901 -0.90600885  5.90311262  2.0381995   5.85139436]", "final_simplex": "(array([[ 5.6941301 ,  2.30032901, -0.90600885,  5.90311262,  2.0381995 ,\n         5.85139436],\n       [ 5.68697394,  2.30813143, -0.92785958,  5.88858359,  2.05026203,\n         5.8400808 ],\n       [ 5.68393235,  2.29385373, -0.88942084,  5.89847335,  2.02762214,\n         5.86852009],\n       [ 5.68171742,  2.30766073, -0.92362847,  5.90036189,  2.04326848,\n         5.85432431],\n       [ 5.68372815,  2.31396997, -0.95048223,  5.90034255,  2.0539746 ,\n         5.84149298],\n       [ 5.6893229 ,  2.29754627, -0.89084924,  5.8831633 ,  2.02933335,\n         5.85267384],\n       [ 5.66383791,  2.29316672, -0.89292034,  5.89547357,  2.04162183,\n         5.82778738]]), array([0.61211751, 0.61212148, 0.61212608, 0.61212802, 0.61213841,\n       0.61214146, 0.61214376]))", "callback": [0.6709759441418242, 0.6443037640782736, 0.6432783676377369, 0.641660176452072, 0.6381149023475654, 0.6309838977908517, 0.6142372951890376, 0.6124112421042138, 0.6122490807172527, 0.6121443465338672]}, "2": {"maxiter": 100, "fatol": 1e-10, "xatol": 1e-05, "duration": 0.03613901138305664, "fun": "0.6121175075872494", "nit": "100", "nfev": "157", "status": "2", "success": "False", "message": "Maximum number of iterations has been exceeded.", "x": "[ 5.6941301   2.30032901 -0.90600885  5.90311262  2.0381995   5.85139436]", "final_simplex": "(array([[ 5.6941301 ,  2.30032901, -0.90600885,  5.90311262,  2.0381995 ,\n         5.85139436],\n       [ 5.68697394,  2.30813143, -0.92785958,  5.88858359,  2.05026203,\n         5.8400808 ],\n       [ 5.68393235,  2.29385373, -0.88942084,  5.89847335,  2.02762214,\n         5.86852009],\n       [ 5.68171742,  2.30766073, -0.92362847,  5.90036189,  2.04326848,\n         5.85432431],\n       [ 5.68372815,  2.31396997, -0.95048223,  5.90034255,  2.0539746 ,\n         5.84149298],\n       [ 5.6893229 ,  2.29754627, -0.89084924,  5.8831633 ,  2.02933335,\n         5.85267384],\n       [ 5.66383791,  2.29316672, -0.89292034,  5.89547357,  2.04162183,\n         5.82778738]]), array([0.61211751, 0.61212148, 0.61212608, 0.61212802, 0.61213841,\n       0.61214146, 0.61214376]))", "callback": [0.6709759441418242, 0.6443037640782736, 0.6432783676377369, 0.641660176452072, 0.6381149023475654, 0.6309838977908517, 0.6142372951890376, 0.6124112421042138, 0.6122490807172527, 0.6121443465338672]}, "3": {"maxiter": 100, "fatol": 1e-10, "xatol": 1e-10, "duration": 0.036012887954711914, "fun": "0.6121175075872494", "nit": "100", "nfev": "157", "status": "2", "success": "False", "message": "Maximum number of iterations has been exceeded.", "x": "[ 5.6941301   2.30032901 -0.90600885  5.90311262  2.0381995   5.85139436]", "final_simplex": "(array([[ 5.6941301 ,  2.30032901, -0.90600885,  5.90311262,  2.0381995 ,\n         5.85139436],\n       [ 5.68697394,  2.30813143, -0.92785958,  5.88858359,  2.05026203,\n         5.8400808 ],\n       [ 5.68393235,  2.29385373, -0.88942084,  5.89847335,  2.02762214,\n         5.86852009],\n       [ 5.68171742,  2.30766073, -0.92362847,  5.90036189,  2.04326848,\n         5.85432431],\n       [ 5.68372815,  2.31396997, -0.95048223,  5.90034255,  2.0539746 ,\n         5.84149298],\n       [ 5.6893229 ,  2.29754627, -0.89084924,  5.8831633 ,  2.02933335,\n         5.85267384],\n       [ 5.66383791,  2.29316672, -0.89292034,  5.89547357,  2.04162183,\n         5.82778738]]), array([0.61211751, 0.61212148, 0.61212608, 0.61212802, 0.61213841,\n       0.61214146, 0.61214376]))", "callback": [0.6709759441418242, 0.6443037640782736, 0.6432783676377369, 0.641660176452072, 0.6381149023475654, 0.6309838977908517, 0.6142372951890376, 0.6124112421042138, 0.6122490807172527, 0.6121443465338672]}, "4": {"maxiter": 500, "fatol": 1e-05, "xatol": 1e-05, "duration": 0.17552804946899414, "fun": "0.48987309859067885", "nit": "500", "nfev": "772", "status": "2", "success": "False", "message": "Maximum number of iterations has been exceeded.", "x": "[4.34579105 2.19508383 1.02709233 3.78228554 1.68268229 4.5683454 ]", "final_simplex": "(array([[4.34579105, 2.19508383, 1.02709233, 3.78228554, 1.68268229,\n        4.5683454 ],\n       [4.35964465, 2.18944161, 1.02097735, 3.79010227, 1.69254117,\n        4.57094009],\n       [4.35021934, 2.19127155, 1.02357823, 3.78146325, 1.68796742,\n        4.57030056],\n       [4.35803811, 2.18910965, 1.02973801, 3.79475078, 1.69216101,\n        4.57899647],\n       [4.36654107, 2.18829277, 1.02357811, 3.78366732, 1.6938098 ,\n        4.57051066],\n       [4.35481559, 2.19707189, 1.0286762 , 3.78410501, 1.68875241,\n        4.57127385],\n       [4.35229567, 2.19273293, 1.04429059, 3.78405493, 1.69029684,\n        4.57637491]]), array([0.4898731 , 0.48988498, 0.48990122, 0.48992231, 0.48992597,\n       0.48993907, 0.48994862]))", "callback": [0.6709759441418242, 0.6443037640782736, 0.6432783676377369, 0.641660176452072, 0.6381149023475654, 0.6309838977908517, 0.6142372951890376, 0.6124112421042138, 0.6122490807172527, 0.6121443465338672, 0.6121175075872494, 0.6121016064918694, 0.6120826967575945, 0.612055150990749, 0.6119779141389652, 0.6118578181746528, 0.6117921514184763, 0.6116250753953805, 0.610784781217991, 0.609355070846821, 0.608042887096822, 0.6046787729616099, 0.5960723972055013, 0.5704837561811713, 0.5704837561811713, 0.5297837623961794, 0.517064580373028, 0.5153231985019195, 0.5140003278782506, 0.5115343442330629, 0.5090591894451948, 0.5080626626374953, 0.5070519582890678, 0.5058510782366414, 0.504716863035499, 0.5030712234688324, 0.5007475316243226, 0.49640856215609486, 0.49246765605944454, 0.49077630932380245, 0.49018188803771434, 0.49010321365767895, 0.490080302329964, 0.4900756933222419, 0.49007551421360873, 0.4900732616482787, 0.49006996079346543, 0.49005971821954397, 0.4900349259258232, 0.4899486197625853]}, "5": {"maxiter": 500, "fatol": 1e-05, "xatol": 1e-10, "duration": 0.1761469841003418, "fun": "0.48987309859067885", "nit": "500", "nfev": "772", "status": "2", "success": "False", "message": "Maximum number of iterations has been exceeded.", "x": "[4.34579105 2.19508383 1.02709233 3.78228554 1.68268229 4.5683454 ]", "final_simplex": "(array([[4.34579105, 2.19508383, 1.02709233, 3.78228554, 1.68268229,\n        4.5683454 ],\n       [4.35964465, 2.18944161, 1.02097735, 3.79010227, 1.69254117,\n        4.57094009],\n       [4.35021934, 2.19127155, 1.02357823, 3.78146325, 1.68796742,\n        4.57030056],\n       [4.35803811, 2.18910965, 1.02973801, 3.79475078, 1.69216101,\n        4.57899647],\n       [4.36654107, 2.18829277, 1.02357811, 3.78366732, 1.6938098 ,\n        4.57051066],\n       [4.35481559, 2.19707189, 1.0286762 , 3.78410501, 1.68875241,\n        4.57127385],\n       [4.35229567, 2.19273293, 1.04429059, 3.78405493, 1.69029684,\n        4.57637491]]), array([0.4898731 , 0.48988498, 0.48990122, 0.48992231, 0.48992597,\n       0.48993907, 0.48994862]))", "callback": [0.6709759441418242, 0.6443037640782736, 0.6432783676377369, 0.641660176452072, 0.6381149023475654, 0.6309838977908517, 0.6142372951890376, 0.6124112421042138, 0.6122490807172527, 0.6121443465338672, 0.6121175075872494, 0.6121016064918694, 0.6120826967575945, 0.612055150990749, 0.6119779141389652, 0.6118578181746528, 0.6117921514184763, 0.6116250753953805, 0.610784781217991, 0.609355070846821, 0.608042887096822, 0.6046787729616099, 0.5960723972055013, 0.5704837561811713, 0.5704837561811713, 0.5297837623961794, 0.517064580373028, 0.5153231985019195, 0.5140003278782506, 0.5115343442330629, 0.5090591894451948, 0.5080626626374953, 0.5070519582890678, 0.5058510782366414, 0.504716863035499, 0.5030712234688324, 0.5007475316243226, 0.49640856215609486, 0.49246765605944454, 0.49077630932380245, 0.49018188803771434, 0.49010321365767895, 0.490080302329964, 0.4900756933222419, 0.49007551421360873, 0.4900732616482787, 0.49006996079346543, 0.49005971821954397, 0.4900349259258232, 0.4899486197625853]}, "6": {"maxiter": 500, "fatol": 1e-10, "xatol": 1e-05, "duration": 0.23267197608947754, "fun": "0.48987309859067885", "nit": "500", "nfev": "772", "status": "2", "success": "False", "message": "Maximum number of iterations has been exceeded.", "x": "[4.34579105 2.19508383 1.02709233 3.78228554 1.68268229 4.5683454 ]", "final_simplex": "(array([[4.34579105, 2.19508383, 1.02709233, 3.78228554, 1.68268229,\n        4.5683454 ],\n       [4.35964465, 2.18944161, 1.02097735, 3.79010227, 1.69254117,\n        4.57094009],\n       [4.35021934, 2.19127155, 1.02357823, 3.78146325, 1.68796742,\n        4.57030056],\n       [4.35803811, 2.18910965, 1.02973801, 3.79475078, 1.69216101,\n        4.57899647],\n       [4.36654107, 2.18829277, 1.02357811, 3.78366732, 1.6938098 ,\n        4.57051066],\n       [4.35481559, 2.19707189, 1.0286762 , 3.78410501, 1.68875241,\n        4.57127385],\n       [4.35229567, 2.19273293, 1.04429059, 3.78405493, 1.69029684,\n        4.57637491]]), array([0.4898731 , 0.48988498, 0.48990122, 0.48992231, 0.48992597,\n       0.48993907, 0.48994862]))", "callback": [0.6709759441418242, 0.6443037640782736, 0.6432783676377369, 0.641660176452072, 0.6381149023475654, 0.6309838977908517, 0.6142372951890376, 0.6124112421042138, 0.6122490807172527, 0.6121443465338672, 0.6121175075872494, 0.6121016064918694, 0.6120826967575945, 0.612055150990749, 0.6119779141389652, 0.6118578181746528, 0.6117921514184763, 0.6116250753953805, 0.610784781217991, 0.609355070846821, 0.608042887096822, 0.6046787729616099, 0.5960723972055013, 0.5704837561811713, 0.5704837561811713, 0.5297837623961794, 0.517064580373028, 0.5153231985019195, 0.5140003278782506, 0.5115343442330629, 0.5090591894451948, 0.5080626626374953, 0.5070519582890678, 0.5058510782366414, 0.504716863035499, 0.5030712234688324, 0.5007475316243226, 0.49640856215609486, 0.49246765605944454, 0.49077630932380245, 0.49018188803771434, 0.49010321365767895, 0.490080302329964, 0.4900756933222419, 0.49007551421360873, 0.4900732616482787, 0.49006996079346543, 0.49005971821954397, 0.4900349259258232, 0.4899486197625853]}, "7": {"maxiter": 500, "fatol": 1e-10, "xatol": 1e-10, "duration": 0.18622994422912598, "fun": "0.48987309859067885", "nit": "500", "nfev": "772", "status": "2", "success": "False", "message": "Maximum number of iterations has been exceeded.", "x": "[4.34579105 2.19508383 1.02709233 3.78228554 1.68268229 4.5683454 ]", "final_simplex": "(array([[4.34579105, 2.19508383, 1.02709233, 3.78228554, 1.68268229,\n        4.5683454 ],\n       [4.35964465, 2.18944161, 1.02097735, 3.79010227, 1.69254117,\n        4.57094009],\n       [4.35021934, 2.19127155, 1.02357823, 3.78146325, 1.68796742,\n        4.57030056],\n       [4.35803811, 2.18910965, 1.02973801, 3.79475078, 1.69216101,\n        4.57899647],\n       [4.36654107, 2.18829277, 1.02357811, 3.78366732, 1.6938098 ,\n        4.57051066],\n       [4.35481559, 2.19707189, 1.0286762 , 3.78410501, 1.68875241,\n        4.57127385],\n       [4.35229567, 2.19273293, 1.04429059, 3.78405493, 1.69029684,\n        4.57637491]]), array([0.4898731 , 0.48988498, 0.48990122, 0.48992231, 0.48992597,\n       0.48993907, 0.48994862]))", "callback": [0.6709759441418242, 0.6443037640782736, 0.6432783676377369, 0.641660176452072, 0.6381149023475654, 0.6309838977908517, 0.6142372951890376, 0.6124112421042138, 0.6122490807172527, 0.6121443465338672, 0.6121175075872494, 0.6121016064918694, 0.6120826967575945, 0.612055150990749, 0.6119779141389652, 0.6118578181746528, 0.6117921514184763, 0.6116250753953805, 0.610784781217991, 0.609355070846821, 0.608042887096822, 0.6046787729616099, 0.5960723972055013, 0.5704837561811713, 0.5704837561811713, 0.5297837623961794, 0.517064580373028, 0.5153231985019195, 0.5140003278782506, 0.5115343442330629, 0.5090591894451948, 0.5080626626374953, 0.5070519582890678, 0.5058510782366414, 0.504716863035499, 0.5030712234688324, 0.5007475316243226, 0.49640856215609486, 0.49246765605944454, 0.49077630932380245, 0.49018188803771434, 0.49010321365767895, 0.490080302329964, 0.4900756933222419, 0.49007551421360873, 0.4900732616482787, 0.49006996079346543, 0.49005971821954397, 0.4900349259258232, 0.4899486197625853]}, "8": {"maxiter": 1000, "fatol": 1e-05, "xatol": 1e-05, "duration": 0.29271602630615234, "fun": "0.4874411629922981", "nit": "739", "nfev": "1145", "status": "0", "success": "True", "message": "Optimization terminated successfully.", "x": "[4.36107834 2.02999525 1.02770677 3.82358829 1.4631011  4.2587238 ]", "final_simplex": "(array([[4.36107834, 2.02999525, 1.02770677, 3.82358829, 1.4631011 ,\n        4.2587238 ],\n       [4.3610858 , 2.02999213, 1.02770553, 3.82358875, 1.46310564,\n        4.25872618],\n       [4.36108115, 2.02999375, 1.02770525, 3.82358959, 1.46309521,\n        4.25871652],\n       [4.36107749, 2.02999071, 1.02770533, 3.82359366, 1.46309479,\n        4.25871857],\n       [4.36107819, 2.02998903, 1.02770523, 3.82358747, 1.46309123,\n        4.25871417],\n       [4.36108017, 2.02999002, 1.02771004, 3.82359289, 1.46309538,\n        4.25871452],\n       [4.36108039, 2.02998939, 1.02770089, 3.82358956, 1.46309815,\n        4.25871754]]), array([0.48744116, 0.48744116, 0.48744116, 0.48744116, 0.48744116,\n       0.48744116, 0.48744116]))", "callback": [0.6709759441418242, 0.6443037640782736, 0.6432783676377369, 0.641660176452072, 0.6381149023475654, 0.6309838977908517, 0.6142372951890376, 0.6124112421042138, 0.6122490807172527, 0.6121443465338672, 0.6121175075872494, 0.6121016064918694, 0.6120826967575945, 0.612055150990749, 0.6119779141389652, 0.6118578181746528, 0.6117921514184763, 0.6116250753953805, 0.610784781217991, 0.609355070846821, 0.608042887096822, 0.6046787729616099, 0.5960723972055013, 0.5704837561811713, 0.5704837561811713, 0.5297837623961794, 0.517064580373028, 0.5153231985019195, 0.5140003278782506, 0.5115343442330629, 0.5090591894451948, 0.5080626626374953, 0.5070519582890678, 0.5058510782366414, 0.504716863035499, 0.5030712234688324, 0.5007475316243226, 0.49640856215609486, 0.49246765605944454, 0.49077630932380245, 0.49018188803771434, 0.49010321365767895, 0.490080302329964, 0.4900756933222419, 0.49007551421360873, 0.4900732616482787, 0.49006996079346543, 0.49005971821954397, 0.4900349259258232, 0.4899486197625853, 0.48982666811059106, 0.489629892574203, 0.4893785001731412, 0.48870695778201845, 0.4876947364762768, 0.48750554745834196, 0.48750554745834196, 0.4874900215979213, 0.48747611686075076, 0.48746793520122034, 0.48745301999433666, 0.487448996125737, 0.4874450256648458, 0.48744248253442335, 0.4874420295959826, 0.4874414848828419, 0.4874412650426061, 0.48744118625894595, 0.4874411645499449, 0.4874411645499449, 0.4874411634275314, 0.4874411630608547, 0.4874411630080736, 0.48744116299660334]}, "9": {"maxiter": 1000, "fatol": 1e-05, "xatol": 1e-10, "duration": 0.3281729221343994, "fun": "0.48744116299139095", "nit": "832", "nfev": "1362", "status": "0", "success": "True", "message": "Optimization terminated successfully.", "x": "[4.36107944 2.02999291 1.0277076  3.82358896 1.46309992 4.25872371]", "final_simplex": "(array([[4.36107944, 2.02999291, 1.0277076 , 3.82358896, 1.46309992,\n        4.25872371],\n       [4.36107944, 2.02999291, 1.0277076 , 3.82358896, 1.46309992,\n        4.25872371],\n       [4.36107944, 2.02999291, 1.0277076 , 3.82358896, 1.46309992,\n        4.25872371],\n       [4.36107944, 2.02999291, 1.0277076 , 3.82358896, 1.46309992,\n        4.25872371],\n       [4.36107944, 2.02999291, 1.0277076 , 3.82358896, 1.46309992,\n        4.25872371],\n       [4.36107944, 2.02999291, 1.0277076 , 3.82358896, 1.46309992,\n        4.25872371],\n       [4.36107944, 2.02999291, 1.0277076 , 3.82358896, 1.46309992,\n        4.25872371]]), array([0.48744116, 0.48744116, 0.48744116, 0.48744116, 0.48744116,\n       0.48744116, 0.48744116]))", "callback": [0.6709759441418242, 0.6443037640782736, 0.6432783676377369, 0.641660176452072, 0.6381149023475654, 0.6309838977908517, 0.6142372951890376, 0.6124112421042138, 0.6122490807172527, 0.6121443465338672, 0.6121175075872494, 0.6121016064918694, 0.6120826967575945, 0.612055150990749, 0.6119779141389652, 0.6118578181746528, 0.6117921514184763, 0.6116250753953805, 0.610784781217991, 0.609355070846821, 0.608042887096822, 0.6046787729616099, 0.5960723972055013, 0.5704837561811713, 0.5704837561811713, 0.5297837623961794, 0.517064580373028, 0.5153231985019195, 0.5140003278782506, 0.5115343442330629, 0.5090591894451948, 0.5080626626374953, 0.5070519582890678, 0.5058510782366414, 0.504716863035499, 0.5030712234688324, 0.5007475316243226, 0.49640856215609486, 0.49246765605944454, 0.49077630932380245, 0.49018188803771434, 0.49010321365767895, 0.490080302329964, 0.4900756933222419, 0.49007551421360873, 0.4900732616482787, 0.49006996079346543, 0.49005971821954397, 0.4900349259258232, 0.4899486197625853, 0.48982666811059106, 0.489629892574203, 0.4893785001731412, 0.48870695778201845, 0.4876947364762768, 0.48750554745834196, 0.48750554745834196, 0.4874900215979213, 0.48747611686075076, 0.48746793520122034, 0.48745301999433666, 0.487448996125737, 0.4874450256648458, 0.48744248253442335, 0.4874420295959826, 0.4874414848828419, 0.4874412650426061, 0.48744118625894595, 0.4874411645499449, 0.4874411645499449, 0.4874411634275314, 0.4874411630608547, 0.4874411630080736, 0.48744116299660334, 0.4874411629922981, 0.48744116299157814, 0.48744116299143314, 0.4874411629914045, 0.4874411629913957, 0.48744116299139206, 0.4874411629913914, 0.48744116299139106, 0.48744116299139095, 0.48744116299139095]}, "10": {"maxiter": 1000, "fatol": 1e-10, "xatol": 1e-05, "duration": 0.25977611541748047, "fun": "0.4874411629922981", "nit": "739", "nfev": "1145", "status": "0", "success": "True", "message": "Optimization terminated successfully.", "x": "[4.36107834 2.02999525 1.02770677 3.82358829 1.4631011  4.2587238 ]", "final_simplex": "(array([[4.36107834, 2.02999525, 1.02770677, 3.82358829, 1.4631011 ,\n        4.2587238 ],\n       [4.3610858 , 2.02999213, 1.02770553, 3.82358875, 1.46310564,\n        4.25872618],\n       [4.36108115, 2.02999375, 1.02770525, 3.82358959, 1.46309521,\n        4.25871652],\n       [4.36107749, 2.02999071, 1.02770533, 3.82359366, 1.46309479,\n        4.25871857],\n       [4.36107819, 2.02998903, 1.02770523, 3.82358747, 1.46309123,\n        4.25871417],\n       [4.36108017, 2.02999002, 1.02771004, 3.82359289, 1.46309538,\n        4.25871452],\n       [4.36108039, 2.02998939, 1.02770089, 3.82358956, 1.46309815,\n        4.25871754]]), array([0.48744116, 0.48744116, 0.48744116, 0.48744116, 0.48744116,\n       0.48744116, 0.48744116]))", "callback": [0.6709759441418242, 0.6443037640782736, 0.6432783676377369, 0.641660176452072, 0.6381149023475654, 0.6309838977908517, 0.6142372951890376, 0.6124112421042138, 0.6122490807172527, 0.6121443465338672, 0.6121175075872494, 0.6121016064918694, 0.6120826967575945, 0.612055150990749, 0.6119779141389652, 0.6118578181746528, 0.6117921514184763, 0.6116250753953805, 0.610784781217991, 0.609355070846821, 0.608042887096822, 0.6046787729616099, 0.5960723972055013, 0.5704837561811713, 0.5704837561811713, 0.5297837623961794, 0.517064580373028, 0.5153231985019195, 0.5140003278782506, 0.5115343442330629, 0.5090591894451948, 0.5080626626374953, 0.5070519582890678, 0.5058510782366414, 0.504716863035499, 0.5030712234688324, 0.5007475316243226, 0.49640856215609486, 0.49246765605944454, 0.49077630932380245, 0.49018188803771434, 0.49010321365767895, 0.490080302329964, 0.4900756933222419, 0.49007551421360873, 0.4900732616482787, 0.49006996079346543, 0.49005971821954397, 0.4900349259258232, 0.4899486197625853, 0.48982666811059106, 0.489629892574203, 0.4893785001731412, 0.48870695778201845, 0.4876947364762768, 0.48750554745834196, 0.48750554745834196, 0.4874900215979213, 0.48747611686075076, 0.48746793520122034, 0.48745301999433666, 0.487448996125737, 0.4874450256648458, 0.48744248253442335, 0.4874420295959826, 0.4874414848828419, 0.4874412650426061, 0.48744118625894595, 0.4874411645499449, 0.4874411645499449, 0.4874411634275314, 0.4874411630608547, 0.4874411630080736, 0.48744116299660334]}, "11": {"maxiter": 1000, "fatol": 1e-10, "xatol": 1e-10, "duration": 0.3067939281463623, "fun": "0.48744116299139095", "nit": "832", "nfev": "1362", "status": "0", "success": "True", "message": "Optimization terminated successfully.", "x": "[4.36107944 2.02999291 1.0277076  3.82358896 1.46309992 4.25872371]", "final_simplex": "(array([[4.36107944, 2.02999291, 1.0277076 , 3.82358896, 1.46309992,\n        4.25872371],\n       [4.36107944, 2.02999291, 1.0277076 , 3.82358896, 1.46309992,\n        4.25872371],\n       [4.36107944, 2.02999291, 1.0277076 , 3.82358896, 1.46309992,\n        4.25872371],\n       [4.36107944, 2.02999291, 1.0277076 , 3.82358896, 1.46309992,\n        4.25872371],\n       [4.36107944, 2.02999291, 1.0277076 , 3.82358896, 1.46309992,\n        4.25872371],\n       [4.36107944, 2.02999291, 1.0277076 , 3.82358896, 1.46309992,\n        4.25872371],\n       [4.36107944, 2.02999291, 1.0277076 , 3.82358896, 1.46309992,\n        4.25872371]]), array([0.48744116, 0.48744116, 0.48744116, 0.48744116, 0.48744116,\n       0.48744116, 0.48744116]))", "callback": [0.6709759441418242, 0.6443037640782736, 0.6432783676377369, 0.641660176452072, 0.6381149023475654, 0.6309838977908517, 0.6142372951890376, 0.6124112421042138, 0.6122490807172527, 0.6121443465338672, 0.6121175075872494, 0.6121016064918694, 0.6120826967575945, 0.612055150990749, 0.6119779141389652, 0.6118578181746528, 0.6117921514184763, 0.6116250753953805, 0.610784781217991, 0.609355070846821, 0.608042887096822, 0.6046787729616099, 0.5960723972055013, 0.5704837561811713, 0.5704837561811713, 0.5297837623961794, 0.517064580373028, 0.5153231985019195, 0.5140003278782506, 0.5115343442330629, 0.5090591894451948, 0.5080626626374953, 0.5070519582890678, 0.5058510782366414, 0.504716863035499, 0.5030712234688324, 0.5007475316243226, 0.49640856215609486, 0.49246765605944454, 0.49077630932380245, 0.49018188803771434, 0.49010321365767895, 0.490080302329964, 0.4900756933222419, 0.49007551421360873, 0.4900732616482787, 0.49006996079346543, 0.49005971821954397, 0.4900349259258232, 0.4899486197625853, 0.48982666811059106, 0.489629892574203, 0.4893785001731412, 0.48870695778201845, 0.4876947364762768, 0.48750554745834196, 0.48750554745834196, 0.4874900215979213, 0.48747611686075076, 0.48746793520122034, 0.48745301999433666, 0.487448996125737, 0.4874450256648458, 0.48744248253442335, 0.4874420295959826, 0.4874414848828419, 0.4874412650426061, 0.48744118625894595, 0.4874411645499449, 0.4874411645499449, 0.4874411634275314, 0.4874411630608547, 0.4874411630080736, 0.48744116299660334, 0.4874411629922981, 0.48744116299157814, 0.48744116299143314, 0.4874411629914045, 0.4874411629913957, 0.48744116299139206, 0.4874411629913914, 0.48744116299139106, 0.48744116299139095, 0.48744116299139095]}}, "bfgs": {"type": "gradient", "0": {"maxiter": 100, "gtol": 1e-05, "xrtol": 1e-05, "eps": 1e-05, "duration": 0.05893087387084961, "fun": "0.48744116311140706", "jac": "[-2.26236807e-06  2.06720197e-06  1.12990728e-06  1.46302970e-06\n  3.67283981e-07 -1.77946546e-07]", "hess_inv": "[[10.30663449 -5.74228542 -0.54086888 -1.78348668  3.5285323  -5.01050114]\n [-5.74228542 14.75619317  0.17945766 -1.30939788  2.14068112 11.00086707]\n [-0.54086888  0.17945766  7.38157587 -0.08632173 -0.747995   -0.35033209]\n [-1.78348668 -1.30939788 -0.08632173  6.43790134  1.15543418  2.06921186]\n [ 3.5285323   2.14068112 -0.747995    1.15543418 17.40683474 14.60403575]\n [-5.01050114 11.00086707 -0.35033209  2.06921186 14.60403575 26.81251887]]", "nfev": "259", "njev": "37", "status": "0", "success": "True", "message": "Optimization terminated successfully.", "x": "[4.36103327 2.03002151 1.0277152  3.82359655 1.46305924 4.25871733]", "nit": "32", "callback": [0.6723066533980493, 0.6621270421771623, 0.6554392379687624, 0.6467713853667749, 0.6325000252404185, 0.6250844801793398, 0.6213097127790062, 0.6147869364264418, 0.6041541779890485, 0.5947342508558879, 0.5899257318880609, 0.5808542717396297, 0.5287118533314528, 0.5146881795075342, 0.49615737011522254, 0.49113759733711826, 0.4894506863103554, 0.4889339660810387, 0.4881340088488302, 0.48773714069247676, 0.48768366865648993, 0.4875994410273764, 0.48750798076479296, 0.4874711831744547, 0.48745855018427864, 0.48745640870526097, 0.48745321709201384, 0.48744841529739735, 0.4874435932311537, 0.48744147341667243, 0.4874411724574613, 0.48744116311140706]}, "1": {"maxiter": 100, "gtol": 1e-05, "xrtol": 1e-05, "eps": 1e-10, "duration": 0.05818486213684082, "fun": "0.4874411631532115", "jac": "[-4.44089173e-06  2.22044587e-06  2.22044587e-06  2.22044587e-06\n  2.22044587e-06  0.00000000e+00]", "hess_inv": "[[10.3311028  -5.79781225 -0.53201547 -1.80510738  3.49316203 -5.09484772]\n [-5.79781225 14.78613493  0.11411697 -1.31713635  2.1093985  11.02895834]\n [-0.53201547  0.11411697  7.40946653 -0.1068847  -0.78605641 -0.4672653 ]\n [-1.80510738 -1.31713635 -0.1068847   6.43177428  1.10941215  2.03719749]\n [ 3.49316203  2.1093985  -0.78605641  1.10941215 17.2893789  14.50903252]\n [-5.09484772 11.02895834 -0.4672653   2.03719749 14.50903252 26.80473344]]", "nfev": "259", "njev": "37", "status": "0", "success": "True", "message": "Optimization terminated successfully.", "x": "[4.36102236 2.03003285 1.02772575 3.82359899 1.46307626 4.25874209]", "nit": "32", "callback": [0.6723065612006304, 0.6621269855867182, 0.6554395911758975, 0.6467716254179046, 0.6325007309825919, 0.6250838092556974, 0.6213104975682711, 0.614789326999365, 0.6041576239642386, 0.5947372024602273, 0.5899308914954318, 0.5808616209809234, 0.5286724997540275, 0.5146860846514325, 0.496171678952515, 0.4911228912296627, 0.48944684719155707, 0.48893025478107954, 0.4881312748102937, 0.4877368129151144, 0.4876832959043359, 0.4875991528443835, 0.4875082576402936, 0.4874712024154628, 0.4874585306168231, 0.48745638377138945, 0.4874531884091253, 0.48744845202796805, 0.48744355481527346, 0.48744147526519666, 0.4874411731418048, 0.4874411631532115]}, "2": {"maxiter": 100, "gtol": 1e-05, "xrtol": 1e-10, "eps": 1e-05, "duration": 0.05797624588012695, "fun": "0.48744116311140706", "jac": "[-2.26236807e-06  2.06720197e-06  1.12990728e-06  1.46302970e-06\n  3.67283981e-07 -1.77946546e-07]", "hess_inv": "[[10.30663449 -5.74228542 -0.54086888 -1.78348668  3.5285323  -5.01050114]\n [-5.74228542 14.75619317  0.17945766 -1.30939788  2.14068112 11.00086707]\n [-0.54086888  0.17945766  7.38157587 -0.08632173 -0.747995   -0.35033209]\n [-1.78348668 -1.30939788 -0.08632173  6.43790134  1.15543418  2.06921186]\n [ 3.5285323   2.14068112 -0.747995    1.15543418 17.40683474 14.60403575]\n [-5.01050114 11.00086707 -0.35033209  2.06921186 14.60403575 26.81251887]]", "nfev": "259", "njev": "37", "status": "0", "success": "True", "message": "Optimization terminated successfully.", "x": "[4.36103327 2.03002151 1.0277152  3.82359655 1.46305924 4.25871733]", "nit": "32", "callback": [0.6723066533980493, 0.6621270421771623, 0.6554392379687624, 0.6467713853667749, 0.6325000252404185, 0.6250844801793398, 0.6213097127790062, 0.6147869364264418, 0.6041541779890485, 0.5947342508558879, 0.5899257318880609, 0.5808542717396297, 0.5287118533314528, 0.5146881795075342, 0.49615737011522254, 0.49113759733711826, 0.4894506863103554, 0.4889339660810387, 0.4881340088488302, 0.48773714069247676, 0.48768366865648993, 0.4875994410273764, 0.48750798076479296, 0.4874711831744547, 0.48745855018427864, 0.48745640870526097, 0.48745321709201384, 0.48744841529739735, 0.4874435932311537, 0.48744147341667243, 0.4874411724574613, 0.48744116311140706]}, "3": {"maxiter": 100, "gtol": 1e-05, "xrtol": 1e-10, "eps": 1e-10, "duration": 0.05857706069946289, "fun": "0.4874411631532115", "jac": "[-4.44089173e-06  2.22044587e-06  2.22044587e-06  2.22044587e-06\n  2.22044587e-06  0.00000000e+00]", "hess_inv": "[[10.3311028  -5.79781225 -0.53201547 -1.80510738  3.49316203 -5.09484772]\n [-5.79781225 14.78613493  0.11411697 -1.31713635  2.1093985  11.02895834]\n [-0.53201547  0.11411697  7.40946653 -0.1068847  -0.78605641 -0.4672653 ]\n [-1.80510738 -1.31713635 -0.1068847   6.43177428  1.10941215  2.03719749]\n [ 3.49316203  2.1093985  -0.78605641  1.10941215 17.2893789  14.50903252]\n [-5.09484772 11.02895834 -0.4672653   2.03719749 14.50903252 26.80473344]]", "nfev": "259", "njev": "37", "status": "0", "success": "True", "message": "Optimization terminated successfully.", "x": "[4.36102236 2.03003285 1.02772575 3.82359899 1.46307626 4.25874209]", "nit": "32", "callback": [0.6723065612006304, 0.6621269855867182, 0.6554395911758975, 0.6467716254179046, 0.6325007309825919, 0.6250838092556974, 0.6213104975682711, 0.614789326999365, 0.6041576239642386, 0.5947372024602273, 0.5899308914954318, 0.5808616209809234, 0.5286724997540275, 0.5146860846514325, 0.496171678952515, 0.4911228912296627, 0.48944684719155707, 0.48893025478107954, 0.4881312748102937, 0.4877368129151144, 0.4876832959043359, 0.4875991528443835, 0.4875082576402936, 0.4874712024154628, 0.4874585306168231, 0.48745638377138945, 0.4874531884091253, 0.48744845202796805, 0.48744355481527346, 0.48744147526519666, 0.4874411731418048, 0.4874411631532115]}, "4": {"maxiter": 100, "gtol": 1e-10, "xrtol": 1e-05, "eps": 1e-05, "duration": 0.060211896896362305, "fun": "0.4874411630480663", "jac": "[ 2.91433544e-08  1.10034204e-07  2.07234230e-07  1.53432822e-07\n -1.77080572e-08 -5.22915045e-09]", "hess_inv": "[[11.37394017 -6.88117091 -0.67522811 -2.04476273  3.53904254 -6.05519087]\n [-6.88117091 15.93398558  0.22658174 -1.06573566  2.10197138 12.08031612]\n [-0.67522811  0.22658174  7.15129334 -0.14367465 -0.81993472 -0.30949332]\n [-2.04476273 -1.06573566 -0.14367465  6.46891625  1.12708127  2.2918494 ]\n [ 3.53904254  2.10197138 -0.81993472  1.12708127 17.38676519 14.56784554]\n [-6.05519087 12.08031612 -0.30949332  2.2918494  14.56784554 27.80181224]]", "nfev": "266", "njev": "38", "status": "0", "success": "True", "message": "Optimization terminated successfully.", "x": "[4.3610746  2.02997569 1.02770558 3.82358482 1.46305839 4.25867525]", "nit": "33", "callback": [0.6723066533980493, 0.6621270421771623, 0.6554392379687624, 0.6467713853667749, 0.6325000252404185, 0.6250844801793398, 0.6213097127790062, 0.6147869364264418, 0.6041541779890485, 0.5947342508558879, 0.5899257318880609, 0.5808542717396297, 0.5287118533314528, 0.5146881795075342, 0.49615737011522254, 0.49113759733711826, 0.4894506863103554, 0.4889339660810387, 0.4881340088488302, 0.48773714069247676, 0.48768366865648993, 0.4875994410273764, 0.48750798076479296, 0.4874711831744547, 0.48745855018427864, 0.48745640870526097, 0.48745321709201384, 0.48744841529739735, 0.4874435932311537, 0.48744147341667243, 0.4874411724574613, 0.48744116311140706, 0.4874411630480663]}, "5": {"maxiter": 100, "gtol": 1e-10, "xrtol": 1e-05, "eps": 1e-10, "duration": 0.06289911270141602, "fun": "0.48744116308267993", "jac": "[ 0.00000000e+00 -1.11022293e-06  0.00000000e+00 -2.22044587e-06\n -2.22044587e-06 -1.11022293e-06]", "hess_inv": "[[10.84653313 -5.13923379 -0.6327526  -1.77000385  5.71723484 -2.22220846]\n [-5.13923379 12.7860549  -0.16345215 -1.82481542 -0.86785456  6.19721848]\n [-0.6327526  -0.16345215  7.02204608 -0.29443908 -1.70527976 -1.54137689]\n [-1.77000385 -1.82481542 -0.29443908  6.26905817  0.06110048  0.55404789]\n [ 5.71723484 -0.86785456 -1.70527976  0.06110048 14.88905145  9.46319572]\n [-2.22220846  6.19721848 -1.54137689  0.55404789  9.46319572 17.3642058 ]]", "nfev": "273", "njev": "39", "status": "0", "success": "True", "message": "Optimization terminated successfully.", "x": "[4.36108854 2.02996559 1.02771019 3.823576   1.46305331 4.25865755]", "nit": "34", "callback": [0.6723065612006304, 0.6621269855867182, 0.6554395911758975, 0.6467716254179046, 0.6325007309825919, 0.6250838092556974, 0.6213104975682711, 0.614789326999365, 0.6041576239642386, 0.5947372024602273, 0.5899308914954318, 0.5808616209809234, 0.5286724997540275, 0.5146860846514325, 0.496171678952515, 0.4911228912296627, 0.48944684719155707, 0.48893025478107954, 0.4881312748102937, 0.4877368129151144, 0.4876832959043359, 0.4875991528443835, 0.4875082576402936, 0.4874712024154628, 0.4874585306168231, 0.48745638377138945, 0.4874531884091253, 0.48744845202796805, 0.48744355481527346, 0.48744147526519666, 0.4874411731418048, 0.4874411631532115, 0.4874411631235618, 0.48744116308267993]}, "6": {"maxiter": 100, "gtol": 1e-10, "xrtol": 1e-10, "eps": 1e-05, "duration": 0.10970592498779297, "fun": "0.4874411630480663", "jac": "[ 2.91433544e-08  1.10034204e-07  2.07234230e-07  1.53432822e-07\n -1.77080572e-08 -5.22915045e-09]", "hess_inv": "[[ 1.14590745e+01 -7.04246372e+00 -9.55182768e-01 -2.17048389e+00\n   3.55069349e+00 -6.16443797e+00]\n [-7.04246372e+00  1.61869837e+01  5.52530678e-01 -9.07363730e-01\n   2.09043779e+00  1.22695467e+01]\n [-9.55182768e-01  5.52530678e-01  7.27699457e+00 -4.05843674e-02\n  -8.17267387e-01 -1.92429587e-02]\n [-2.17048389e+00 -9.07363730e-01 -4.05843674e-02  6.53342034e+00\n   1.12587459e+00  2.42624250e+00]\n [ 3.55069349e+00  2.09043779e+00 -8.17267387e-01  1.12587459e+00\n   1.73862470e+01  1.45564517e+01]\n [-6.16443797e+00  1.22695467e+01 -1.92429587e-02  2.42624250e+00\n   1.45564517e+01  2.79360128e+01]]", "nfev": "494", "njev": "69", "status": "2", "success": "False", "message": "Desired error not necessarily achieved due to precision loss.", "x": "[4.3610746  2.02997569 1.02770558 3.82358482 1.46305839 4.25867525]", "nit": "33", "callback": [0.6723066533980493, 0.6621270421771623, 0.6554392379687624, 0.6467713853667749, 0.6325000252404185, 0.6250844801793398, 0.6213097127790062, 0.6147869364264418, 0.6041541779890485, 0.5947342508558879, 0.5899257318880609, 0.5808542717396297, 0.5287118533314528, 0.5146881795075342, 0.49615737011522254, 0.49113759733711826, 0.4894506863103554, 0.4889339660810387, 0.4881340088488302, 0.48773714069247676, 0.48768366865648993, 0.4875994410273764, 0.48750798076479296, 0.4874711831744547, 0.48745855018427864, 0.48745640870526097, 0.48745321709201384, 0.48744841529739735, 0.4874435932311537, 0.48744147341667243, 0.4874411724574613, 0.48744116311140706, 0.4874411630480663]}, "7": {"maxiter": 100, "gtol": 1e-10, "xrtol": 1e-10, "eps": 1e-10, "duration": 0.08634781837463379, "fun": "0.4874411629950566", "jac": "[1.11022293e-06 0.00000000e+00 0.00000000e+00 3.33066880e-06\n 0.00000000e+00 1.11022293e-06]", "hess_inv": "[[  6.97117905  -7.9689036    2.45654766  -5.96156643 -11.92364471\n  -18.03260916]\n [ -7.9689036   26.77978692  -2.6378649   13.98813746  50.81658766\n   64.7405341 ]\n [  2.45654766  -2.6378649    5.84289032  -1.09753436  -3.09285418\n   -6.29938956]\n [ -5.96156643  13.98813746  -1.09753436  13.52150019  32.43983904\n   43.54296504]\n [-11.92364471  50.81658766  -3.09285418  32.43983904 137.51087034\n  167.66652001]\n [-18.03260916  64.7405341   -6.29938956  43.54296504 167.66652001\n  211.74301263]]", "nfev": "385", "njev": "55", "status": "0", "success": "True", "message": "Optimization terminated successfully.", "x": "[4.36107611 2.0299897  1.02770572 3.82359388 1.46309551 4.25871818]", "nit": "37", "callback": [0.6723065612006304, 0.6621269855867182, 0.6554395911758975, 0.6467716254179046, 0.6325007309825919, 0.6250838092556974, 0.6213104975682711, 0.614789326999365, 0.6041576239642386, 0.5947372024602273, 0.5899308914954318, 0.5808616209809234, 0.5286724997540275, 0.5146860846514325, 0.496171678952515, 0.4911228912296627, 0.48944684719155707, 0.48893025478107954, 0.4881312748102937, 0.4877368129151144, 0.4876832959043359, 0.4875991528443835, 0.4875082576402936, 0.4874712024154628, 0.4874585306168231, 0.48745638377138945, 0.4874531884091253, 0.48744845202796805, 0.48744355481527346, 0.48744147526519666, 0.4874411731418048, 0.4874411631532115, 0.4874411631235618, 0.48744116308267993, 0.4874411630443043, 0.4874411629950566, 0.4874411629950566]}, "8": {"maxiter": 500, "gtol": 1e-05, "xrtol": 1e-05, "eps": 1e-05, "duration": 0.058361053466796875, "fun": "0.48744116311140706", "jac": "[-2.26236807e-06  2.06720197e-06  1.12990728e-06  1.46302970e-06\n  3.67283981e-07 -1.77946546e-07]", "hess_inv": "[[10.30663449 -5.74228542 -0.54086888 -1.78348668  3.5285323  -5.01050114]\n [-5.74228542 14.75619317  0.17945766 -1.30939788  2.14068112 11.00086707]\n [-0.54086888  0.17945766  7.38157587 -0.08632173 -0.747995   -0.35033209]\n [-1.78348668 -1.30939788 -0.08632173  6.43790134  1.15543418  2.06921186]\n [ 3.5285323   2.14068112 -0.747995    1.15543418 17.40683474 14.60403575]\n [-5.01050114 11.00086707 -0.3503320