{"date": "2024/09/25/, 02:38:57", "conf_id": 114, "data_type": "orthogonal\n", "num_data_points": 2, "s_rank": 0, "unitary": "[[-0.24866696+0.58742286j,-0.44704345-0.43151574j,-0.35669027-0.20570733j,-0.10517633+0.1626036j],[0.10596805-0.19687975j,-0.30269685-0.15056416j,0.18246286+0.30440582j,-0.83484447-0.11310748j],[0.26054512-0.52548482j,0.0285017-0.50723956j,-0.43110112+0.17165838j,0.15243271+0.39915801j],[0.42978035+0.11991271j,-0.17224126-0.46030424j,0.6827807-0.15164662j,0.26483638+0.0061855j]]", "databatch_0": {"databatch": "[[[0.30491711+0.20594382j,0.22119633-0.01321136j,-0.15654878+0.09167024j,-0.24243889+0.01111461j],[-0.03790331+0.00703974j,0.23899252-0.10031895j,-0.09252293+0.27271875j,-0.04074074-0.0056308j],[0.42640197-0.19225604j,-0.03638227-0.01297568j,-0.07487036+0.15623803j,-0.11677433+0.2062104j],[-0.19758184-0.3353949j,0.12915563-0.11832305j,0.18056396+0.10769079j,0.1527394+0.11923267j]],[[-0.02702369-0.25862063j,-0.01923625+0.0714005j,-0.36763062-0.14878702j,0.1381653+0.07957749j],[0.04822614-0.1714146j,-0.03300649-0.06410245j,-0.02759015+0.11896148j,0.04301969+0.09109014j],[0.12076959+0.01548396j,-0.56510963-0.00421703j,-0.16924907-0.13490022j,0.09578452-0.0034566j],[0.16580256+0.06573795j,-0.34564977-0.05409476j,0.32008468+0.18053944j,-0.05022905+0.0152063j]]]", "initial param values": "[1.52024395,1.4402419,0.26427599,2.41937966,0.49951712,1.22009633]", "nelder_mead": {"type": "gradient-free", "0": {"maxiter": 100, "fatol": 1e-05, "xatol": 1e-05, "duration": 0.03692984580993652, "fun": "0.34827222289295134", "nit": "100", "nfev": "157", "status": "2", "success": "False", "message": "Maximum number of iterations has been exceeded.", "x": "[ 2.86995825  1.24357167 -0.11649513  4.27588233  1.21370629  2.73546346]", "final_simplex": "(array([[ 2.86995825,  1.24357167, -0.11649513,  4.27588233,  1.21370629,\n         2.73546346],\n       [ 2.69636261,  1.33949994, -0.14475609,  4.29722068,  1.34965309,\n         2.91026807],\n       [ 2.64314669,  1.29364108, -0.08228615,  4.24478909,  1.13547439,\n         2.61601851],\n       [ 2.40875117,  1.15921518, -0.08714454,  4.13628531,  1.29537296,\n         2.79687616],\n       [ 2.48633774,  1.14247824, -0.06659684,  4.18875884,  1.10065144,\n         2.74903081],\n       [ 2.5876268 ,  1.29204367, -0.05702319,  4.03955951,  0.99891802,\n         2.67420199],\n       [ 2.54386794,  1.42218015, -0.09329129,  4.26485944,  1.15561978,\n         2.79753945]]), array([0.34827222, 0.3499264 , 0.35307196, 0.36065167, 0.36113298,\n       0.36221034, 0.36288944]))", "callback": [0.7031170244371714, 0.5949161844851765, 0.5100041849138208, 0.4572873149769269, 0.44750481411537124, 0.4446173085265972, 0.4348162569953534, 0.4126686745445518, 0.41240695933557503, 0.3741655477548229]}, "1": {"maxiter": 100, "fatol": 1e-05, "xatol": 1e-10, "duration": 0.03596615791320801, "fun": "0.34827222289295134", "nit": "100", "nfev": "157", "status": "2", "success": "False", "message": "Maximum number of iterations has been exceeded.", "x": "[ 2.86995825  1.24357167 -0.11649513  4.27588233  1.21370629  2.73546346]", "final_simplex": "(array([[ 2.86995825,  1.24357167, -0.11649513,  4.27588233,  1.21370629,\n         2.73546346],\n       [ 2.69636261,  1.33949994, -0.14475609,  4.29722068,  1.34965309,\n         2.91026807],\n       [ 2.64314669,  1.29364108, -0.08228615,  4.24478909,  1.13547439,\n         2.61601851],\n       [ 2.40875117,  1.15921518, -0.08714454,  4.13628531,  1.29537296,\n         2.79687616],\n       [ 2.48633774,  1.14247824, -0.06659684,  4.18875884,  1.10065144,\n         2.74903081],\n       [ 2.5876268 ,  1.29204367, -0.05702319,  4.03955951,  0.99891802,\n         2.67420199],\n       [ 2.54386794,  1.42218015, -0.09329129,  4.26485944,  1.15561978,\n         2.79753945]]), array([0.34827222, 0.3499264 , 0.35307196, 0.36065167, 0.36113298,\n       0.36221034, 0.36288944]))", "callback": [0.7031170244371714, 0.5949161844851765, 0.5100041849138208, 0.4572873149769269, 0.44750481411537124, 0.4446173085265972, 0.4348162569953534, 0.4126686745445518, 0.41240695933557503, 0.3741655477548229]}, "2": {"maxiter": 100, "fatol": 1e-10, "xatol": 1e-05, "duration": 0.03605198860168457, "fun": "0.34827222289295134", "nit": "100", "nfev": "157", "status": "2", "success": "False", "message": "Maximum number of iterations has been exceeded.", "x": "[ 2.86995825  1.24357167 -0.11649513  4.27588233  1.21370629  2.73546346]", "final_simplex": "(array([[ 2.86995825,  1.24357167, -0.11649513,  4.27588233,  1.21370629,\n         2.73546346],\n       [ 2.69636261,  1.33949994, -0.14475609,  4.29722068,  1.34965309,\n         2.91026807],\n       [ 2.64314669,  1.29364108, -0.08228615,  4.24478909,  1.13547439,\n         2.61601851],\n       [ 2.40875117,  1.15921518, -0.08714454,  4.13628531,  1.29537296,\n         2.79687616],\n       [ 2.48633774,  1.14247824, -0.06659684,  4.18875884,  1.10065144,\n         2.74903081],\n       [ 2.5876268 ,  1.29204367, -0.05702319,  4.03955951,  0.99891802,\n         2.67420199],\n       [ 2.54386794,  1.42218015, -0.09329129,  4.26485944,  1.15561978,\n         2.79753945]]), array([0.34827222, 0.3499264 , 0.35307196, 0.36065167, 0.36113298,\n       0.36221034, 0.36288944]))", "callback": [0.7031170244371714, 0.5949161844851765, 0.5100041849138208, 0.4572873149769269, 0.44750481411537124, 0.4446173085265972, 0.4348162569953534, 0.4126686745445518, 0.41240695933557503, 0.3741655477548229]}, "3": {"maxiter": 100, "fatol": 1e-10, "xatol": 1e-10, "duration": 0.03735494613647461, "fun": "0.34827222289295134", "nit": "100", "nfev": "157", "status": "2", "success": "False", "message": "Maximum number of iterations has been exceeded.", "x": "[ 2.86995825  1.24357167 -0.11649513  4.27588233  1.21370629  2.73546346]", "final_simplex": "(array([[ 2.86995825,  1.24357167, -0.11649513,  4.27588233,  1.21370629,\n         2.73546346],\n       [ 2.69636261,  1.33949994, -0.14475609,  4.29722068,  1.34965309,\n         2.91026807],\n       [ 2.64314669,  1.29364108, -0.08228615,  4.24478909,  1.13547439,\n         2.61601851],\n       [ 2.40875117,  1.15921518, -0.08714454,  4.13628531,  1.29537296,\n         2.79687616],\n       [ 2.48633774,  1.14247824, -0.06659684,  4.18875884,  1.10065144,\n         2.74903081],\n       [ 2.5876268 ,  1.29204367, -0.05702319,  4.03955951,  0.99891802,\n         2.67420199],\n       [ 2.54386794,  1.42218015, -0.09329129,  4.26485944,  1.15561978,\n         2.79753945]]), array([0.34827222, 0.3499264 , 0.35307196, 0.36065167, 0.36113298,\n       0.36221034, 0.36288944]))", "callback": [0.7031170244371714, 0.5949161844851765, 0.5100041849138208, 0.4572873149769269, 0.44750481411537124, 0.4446173085265972, 0.4348162569953534, 0.4126686745445518, 0.41240695933557503, 0.3741655477548229]}, "4": {"maxiter": 500, "fatol": 1e-05, "xatol": 1e-05, "duration": 0.17625021934509277, "fun": "0.29276639107494584", "nit": "500", "nfev": "765", "status": "2", "success": "False", "message": "Maximum number of iterations has been exceeded.", "x": "[ 2.24721997  0.34349048 -1.18184942  4.14300105  0.81844795  2.59400148]", "final_simplex": "(array([[ 2.24721997,  0.34349048, -1.18184942,  4.14300105,  0.81844795,\n         2.59400148],\n       [ 2.2472388 ,  0.3434755 , -1.18184237,  4.14301478,  0.81846179,\n         2.59399445],\n       [ 2.24724706,  0.34348244, -1.18183791,  4.14300151,  0.81847742,\n         2.59402259],\n       [ 2.24724066,  0.3434989 , -1.18182259,  4.14301509,  0.81845752,\n         2.59400681],\n       [ 2.24724795,  0.34349846, -1.18185233,  4.14297797,  0.8184671 ,\n         2.59400641],\n       [ 2.24727617,  0.34346639, -1.18185227,  4.14299875,  0.81847119,\n         2.59402611],\n       [ 2.24725682,  0.34348674, -1.18186106,  4.14301604,  0.81848327,\n         2.59403086]]), array([0.29276639, 0.29276639, 0.29276639, 0.29276639, 0.29276639,\n       0.29276639, 0.29276639]))", "callback": [0.7031170244371714, 0.5949161844851765, 0.5100041849138208, 0.4572873149769269, 0.44750481411537124, 0.4446173085265972, 0.4348162569953534, 0.4126686745445518, 0.41240695933557503, 0.3741655477548229, 0.34827222289295134, 0.3464031477065377, 0.3454760998818447, 0.34534262321371245, 0.34528998898334673, 0.3452696498251162, 0.34523165076538576, 0.3451786134677419, 0.34514816594141584, 0.34510860359467954, 0.34503426141053417, 0.34484146125412596, 0.34374025401066866, 0.3419225854365002, 0.33736064904880414, 0.33305302745067267, 0.3262905734611572, 0.32460189325164157, 0.31611983286592604, 0.305373570726315, 0.29815700526062505, 0.29584177514083854, 0.29534553391759655, 0.29463782879158895, 0.2938650781011015, 0.2929453252939618, 0.29286124812860037, 0.29279049214605024, 0.292774369327511, 0.29276945000707133, 0.29276703399814163, 0.2927666678605232, 0.29276660842296987, 0.2927664724550989, 0.29276640672455745, 0.2927663972253973, 0.29276639346832, 0.2927663922277278, 0.2927663914602785, 0.29276639112937786]}, "5": {"maxiter": 500, "fatol": 1e-05, "xatol": 1e-10, "duration": 0.1741199493408203, "fun": "0.29276639107494584", "nit": "500", "nfev": "765", "status": "2", "success": "False", "message": "Maximum number of iterations has been exceeded.", "x": "[ 2.24721997  0.34349048 -1.18184942  4.14300105  0.81844795  2.59400148]", "final_simplex": "(array([[ 2.24721997,  0.34349048, -1.18184942,  4.14300105,  0.81844795,\n         2.59400148],\n       [ 2.2472388 ,  0.3434755 , -1.18184237,  4.14301478,  0.81846179,\n         2.59399445],\n       [ 2.24724706,  0.34348244, -1.18183791,  4.14300151,  0.81847742,\n         2.59402259],\n       [ 2.24724066,  0.3434989 , -1.18182259,  4.14301509,  0.81845752,\n         2.59400681],\n       [ 2.24724795,  0.34349846, -1.18185233,  4.14297797,  0.8184671 ,\n         2.59400641],\n       [ 2.24727617,  0.34346639, -1.18185227,  4.14299875,  0.81847119,\n         2.59402611],\n       [ 2.24725682,  0.34348674, -1.18186106,  4.14301604,  0.81848327,\n         2.59403086]]), array([0.29276639, 0.29276639, 0.29276639, 0.29276639, 0.29276639,\n       0.29276639, 0.29276639]))", "callback": [0.7031170244371714, 0.5949161844851765, 0.5100041849138208, 0.4572873149769269, 0.44750481411537124, 0.4446173085265972, 0.4348162569953534, 0.4126686745445518, 0.41240695933557503, 0.3741655477548229, 0.34827222289295134, 0.3464031477065377, 0.3454760998818447, 0.34534262321371245, 0.34528998898334673, 0.3452696498251162, 0.34523165076538576, 0.3451786134677419, 0.34514816594141584, 0.34510860359467954, 0.34503426141053417, 0.34484146125412596, 0.34374025401066866, 0.3419225854365002, 0.33736064904880414, 0.33305302745067267, 0.3262905734611572, 0.32460189325164157, 0.31611983286592604, 0.305373570726315, 0.29815700526062505, 0.29584177514083854, 0.29534553391759655, 0.29463782879158895, 0.2938650781011015, 0.2929453252939618, 0.29286124812860037, 0.29279049214605024, 0.292774369327511, 0.29276945000707133, 0.29276703399814163, 0.2927666678605232, 0.29276660842296987, 0.2927664724550989, 0.29276640672455745, 0.2927663972253973, 0.29276639346832, 0.2927663922277278, 0.2927663914602785, 0.29276639112937786]}, "6": {"maxiter": 500, "fatol": 1e-10, "xatol": 1e-05, "duration": 0.22487711906433105, "fun": "0.29276639107494584", "nit": "500", "nfev": "765", "status": "2", "success": "False", "message": "Maximum number of iterations has been exceeded.", "x": "[ 2.24721997  0.34349048 -1.18184942  4.14300105  0.81844795  2.59400148]", "final_simplex": "(array([[ 2.24721997,  0.34349048, -1.18184942,  4.14300105,  0.81844795,\n         2.59400148],\n       [ 2.2472388 ,  0.3434755 , -1.18184237,  4.14301478,  0.81846179,\n         2.59399445],\n       [ 2.24724706,  0.34348244, -1.18183791,  4.14300151,  0.81847742,\n         2.59402259],\n       [ 2.24724066,  0.3434989 , -1.18182259,  4.14301509,  0.81845752,\n         2.59400681],\n       [ 2.24724795,  0.34349846, -1.18185233,  4.14297797,  0.8184671 ,\n         2.59400641],\n       [ 2.24727617,  0.34346639, -1.18185227,  4.14299875,  0.81847119,\n         2.59402611],\n       [ 2.24725682,  0.34348674, -1.18186106,  4.14301604,  0.81848327,\n         2.59403086]]), array([0.29276639, 0.29276639, 0.29276639, 0.29276639, 0.29276639,\n       0.29276639, 0.29276639]))", "callback": [0.7031170244371714, 0.5949161844851765, 0.5100041849138208, 0.4572873149769269, 0.44750481411537124, 0.4446173085265972, 0.4348162569953534, 0.4126686745445518, 0.41240695933557503, 0.3741655477548229, 0.34827222289295134, 0.3464031477065377, 0.3454760998818447, 0.34534262321371245, 0.34528998898334673, 0.3452696498251162, 0.34523165076538576, 0.3451786134677419, 0.34514816594141584, 0.34510860359467954, 0.34503426141053417, 0.34484146125412596, 0.34374025401066866, 0.3419225854365002, 0.33736064904880414, 0.33305302745067267, 0.3262905734611572, 0.32460189325164157, 0.31611983286592604, 0.305373570726315, 0.29815700526062505, 0.29584177514083854, 0.29534553391759655, 0.29463782879158895, 0.2938650781011015, 0.2929453252939618, 0.29286124812860037, 0.29279049214605024, 0.292774369327511, 0.29276945000707133, 0.29276703399814163, 0.2927666678605232, 0.29276660842296987, 0.2927664724550989, 0.29276640672455745, 0.2927663972253973, 0.29276639346832, 0.2927663922277278, 0.2927663914602785, 0.29276639112937786]}, "7": {"maxiter": 500, "fatol": 1e-10, "xatol": 1e-10, "duration": 0.18050885200500488, "fun": "0.29276639107494584", "nit": "500", "nfev": "765", "status": "2", "success": "False", "message": "Maximum number of iterations has been exceeded.", "x": "[ 2.24721997  0.34349048 -1.18184942  4.14300105  0.81844795  2.59400148]", "final_simplex": "(array([[ 2.24721997,  0.34349048, -1.18184942,  4.14300105,  0.81844795,\n         2.59400148],\n       [ 2.2472388 ,  0.3434755 , -1.18184237,  4.14301478,  0.81846179,\n         2.59399445],\n       [ 2.24724706,  0.34348244, -1.18183791,  4.14300151,  0.81847742,\n         2.59402259],\n       [ 2.24724066,  0.3434989 , -1.18182259,  4.14301509,  0.81845752,\n         2.59400681],\n       [ 2.24724795,  0.34349846, -1.18185233,  4.14297797,  0.8184671 ,\n         2.59400641],\n       [ 2.24727617,  0.34346639, -1.18185227,  4.14299875,  0.81847119,\n         2.59402611],\n       [ 2.24725682,  0.34348674, -1.18186106,  4.14301604,  0.81848327,\n         2.59403086]]), array([0.29276639, 0.29276639, 0.29276639, 0.29276639, 0.29276639,\n       0.29276639, 0.29276639]))", "callback": [0.7031170244371714, 0.5949161844851765, 0.5100041849138208, 0.4572873149769269, 0.44750481411537124, 0.4446173085265972, 0.4348162569953534, 0.4126686745445518, 0.41240695933557503, 0.3741655477548229, 0.34827222289295134, 0.3464031477065377, 0.3454760998818447, 0.34534262321371245, 0.34528998898334673, 0.3452696498251162, 0.34523165076538576, 0.3451786134677419, 0.34514816594141584, 0.34510860359467954, 0.34503426141053417, 0.34484146125412596, 0.34374025401066866, 0.3419225854365002, 0.33736064904880414, 0.33305302745067267, 0.3262905734611572, 0.32460189325164157, 0.31611983286592604, 0.305373570726315, 0.29815700526062505, 0.29584177514083854, 0.29534553391759655, 0.29463782879158895, 0.2938650781011015, 0.2929453252939618, 0.29286124812860037, 0.29279049214605024, 0.292774369327511, 0.29276945000707133, 0.29276703399814163, 0.2927666678605232, 0.29276660842296987, 0.2927664724550989, 0.29276640672455745, 0.2927663972253973, 0.29276639346832, 0.2927663922277278, 0.2927663914602785, 0.29276639112937786]}, "8": {"maxiter": 1000, "fatol": 1e-05, "xatol": 1e-05, "duration": 0.19005703926086426, "fun": "0.2927663910142384", "nit": "520", "nfev": "799", "status": "0", "success": "True", "message": "Optimization terminated successfully.", "x": "[ 2.24724377  0.34347504 -1.18185705  4.14300159  0.81845471  2.59400063]", "final_simplex": "(array([[ 2.24724377,  0.34347504, -1.18185705,  4.14300159,  0.81845471,\n         2.59400063],\n       [ 2.24723643,  0.34347887, -1.18185912,  4.14299792,  0.81844866,\n         2.59400075],\n       [ 2.24723584,  0.34347739, -1.1818538 ,  4.1430049 ,  0.81844983,\n         2.59399639],\n       [ 2.2472378 ,  0.34347591, -1.18185283,  4.14300054,  0.81845562,\n         2.59400127],\n       [ 2.24724013,  0.34348119, -1.18185569,  4.14300148,  0.81845687,\n         2.59400122],\n       [ 2.24724587,  0.34347279, -1.18185887,  4.14300211,  0.81846075,\n         2.59400968],\n       [ 2.24724813,  0.34348007, -1.18184833,  4.1429987 ,  0.81846171,\n         2.59400815]]), array([0.29276639, 0.29276639, 0.29276639, 0.29276639, 0.29276639,\n       0.29276639, 0.29276639]))", "callback": [0.7031170244371714, 0.5949161844851765, 0.5100041849138208, 0.4572873149769269, 0.44750481411537124, 0.4446173085265972, 0.4348162569953534, 0.4126686745445518, 0.41240695933557503, 0.3741655477548229, 0.34827222289295134, 0.3464031477065377, 0.3454760998818447, 0.34534262321371245, 0.34528998898334673, 0.3452696498251162, 0.34523165076538576, 0.3451786134677419, 0.34514816594141584, 0.34510860359467954, 0.34503426141053417, 0.34484146125412596, 0.34374025401066866, 0.3419225854365002, 0.33736064904880414, 0.33305302745067267, 0.3262905734611572, 0.32460189325164157, 0.31611983286592604, 0.305373570726315, 0.29815700526062505, 0.29584177514083854, 0.29534553391759655, 0.29463782879158895, 0.2938650781011015, 0.2929453252939618, 0.29286124812860037, 0.29279049214605024, 0.292774369327511, 0.29276945000707133, 0.29276703399814163, 0.2927666678605232, 0.29276660842296987, 0.2927664724550989, 0.29276640672455745, 0.2927663972253973, 0.29276639346832, 0.2927663922277278, 0.2927663914602785, 0.29276639112937786, 0.29276639104923863, 0.29276639102099755]}, "9": {"maxiter": 1000, "fatol": 1e-05, "xatol": 1e-10, "duration": 0.24233388900756836, "fun": "0.2927663910075686", "nit": "637", "nfev": "1047", "status": "0", "success": "True", "message": "Optimization terminated successfully.", "x": "[ 2.2472408   0.34347619 -1.18185529  4.14300163  0.81844981  2.59400247]", "final_simplex": "(array([[ 2.2472408 ,  0.34347619, -1.18185529,  4.14300163,  0.81844981,\n         2.59400247],\n       [ 2.2472408 ,  0.34347619, -1.18185529,  4.14300163,  0.81844981,\n         2.59400247],\n       [ 2.2472408 ,  0.34347619, -1.18185529,  4.14300163,  0.81844981,\n         2.59400247],\n       [ 2.2472408 ,  0.34347619, -1.18185529,  4.14300163,  0.81844981,\n         2.59400247],\n       [ 2.2472408 ,  0.34347619, -1.18185529,  4.14300163,  0.81844981,\n         2.59400247],\n       [ 2.2472408 ,  0.34347619, -1.18185529,  4.14300163,  0.81844981,\n         2.59400247],\n       [ 2.2472408 ,  0.34347619, -1.18185529,  4.14300163,  0.81844981,\n         2.59400247]]), array([0.29276639, 0.29276639, 0.29276639, 0.29276639, 0.29276639,\n       0.29276639, 0.29276639]))", "callback": [0.7031170244371714, 0.5949161844851765, 0.5100041849138208, 0.4572873149769269, 0.44750481411537124, 0.4446173085265972, 0.4348162569953534, 0.4126686745445518, 0.41240695933557503, 0.3741655477548229, 0.34827222289295134, 0.3464031477065377, 0.3454760998818447, 0.34534262321371245, 0.34528998898334673, 0.3452696498251162, 0.34523165076538576, 0.3451786134677419, 0.34514816594141584, 0.34510860359467954, 0.34503426141053417, 0.34484146125412596, 0.34374025401066866, 0.3419225854365002, 0.33736064904880414, 0.33305302745067267, 0.3262905734611572, 0.32460189325164157, 0.31611983286592604, 0.305373570726315, 0.29815700526062505, 0.29584177514083854, 0.29534553391759655, 0.29463782879158895, 0.2938650781011015, 0.2929453252939618, 0.29286124812860037, 0.29279049214605024, 0.292774369327511, 0.29276945000707133, 0.29276703399814163, 0.2927666678605232, 0.29276660842296987, 0.2927664724550989, 0.29276640672455745, 0.2927663972253973, 0.29276639346832, 0.2927663922277278, 0.2927663914602785, 0.29276639112937786, 0.29276639104923863, 0.29276639102099755, 0.29276639101365143, 0.2927663910086937, 0.2927663910078664, 0.29276639100757706, 0.29276639100757706, 0.29276639100757684, 0.29276639100756996, 0.2927663910075693, 0.29276639100756885, 0.2927663910075686, 0.2927663910075686, 0.2927663910075686]}, "10": {"maxiter": 1000, "fatol": 1e-10, "xatol": 1e-05, "duration": 0.18326711654663086, "fun": "0.2927663910142384", "nit": "520", "nfev": "799", "status": "0", "success": "True", "message": "Optimization terminated successfully.", "x": "[ 2.24724377  0.34347504 -1.18185705  4.14300159  0.81845471  2.59400063]", "final_simplex": "(array([[ 2.24724377,  0.34347504, -1.18185705,  4.14300159,  0.81845471,\n         2.59400063],\n       [ 2.24723643,  0.34347887, -1.18185912,  4.14299792,  0.81844866,\n         2.59400075],\n       [ 2.24723584,  0.34347739, -1.1818538 ,  4.1430049 ,  0.81844983,\n         2.59399639],\n       [ 2.2472378 ,  0.34347591, -1.18185283,  4.14300054,  0.81845562,\n         2.59400127],\n       [ 2.24724013,  0.34348119, -1.18185569,  4.14300148,  0.81845687,\n         2.59400122],\n       [ 2.24724587,  0.34347279, -1.18185887,  4.14300211,  0.81846075,\n         2.59400968],\n       [ 2.24724813,  0.34348007, -1.18184833,  4.1429987 ,  0.81846171,\n         2.59400815]]), array([0.29276639, 0.29276639, 0.29276639, 0.29276639, 0.29276639,\n       0.29276639, 0.29276639]))", "callback": [0.7031170244371714, 0.5949161844851765, 0.5100041849138208, 0.4572873149769269, 0.44750481411537124, 0.4446173085265972, 0.4348162569953534, 0.4126686745445518, 0.41240695933557503, 0.3741655477548229, 0.34827222289295134, 0.3464031477065377, 0.3454760998818447, 0.34534262321371245, 0.34528998898334673, 0.3452696498251162, 0.34523165076538576, 0.3451786134677419, 0.34514816594141584, 0.34510860359467954, 0.34503426141053417, 0.34484146125412596, 0.34374025401066866, 0.3419225854365002, 0.33736064904880414, 0.33305302745067267, 0.3262905734611572, 0.32460189325164157, 0.31611983286592604, 0.305373570726315, 0.29815700526062505, 0.29584177514083854, 0.29534553391759655, 0.29463782879158895, 0.2938650781011015, 0.2929453252939618, 0.29286124812860037, 0.29279049214605024, 0.292774369327511, 0.29276945000707133, 0.29276703399814163, 0.2927666678605232, 0.29276660842296987, 0.2927664724550989, 0.29276640672455745, 0.2927663972253973, 0.29276639346832, 0.2927663922277278, 0.2927663914602785, 0.29276639112937786, 0.29276639104923863, 0.29276639102099755]}, "11": {"maxiter": 1000, "fatol": 1e-10, "xatol": 1e-10, "duration": 0.23847508430480957, "fun": "0.2927663910075686", "nit": "637", "nfev": "1047", "status": "0", "success": "True", "message": "Optimization terminated successfully.", "x": "[ 2.2472408   0.34347619 -1.18185529  4.14300163  0.81844981  2.59400247]", "final_simplex": "(array([[ 2.2472408 ,  0.34347619, -1.18185529,  4.14300163,  0.81844981,\n         2.59400247],\n       [ 2.2472408 ,  0.34347619, -1.18185529,  4.14300163,  0.81844981,\n         2.59400247],\n       [ 2.2472408 ,  0.34347619, -1.18185529,  4.14300163,  0.81844981,\n         2.59400247],\n       [ 2.2472408 ,  0.34347619, -1.18185529,  4.14300163,  0.81844981,\n         2.59400247],\n       [ 2.2472408 ,  0.34347619, -1.18185529,  4.14300163,  0.81844981,\n         2.59400247],\n       [ 2.2472408 ,  0.34347619, -1.18185529,  4.14300163,  0.81844981,\n         2.59400247],\n       [ 2.2472408 ,  0.34347619, -1.18185529,  4.14300163,  0.81844981,\n         2.59400247]]), array([0.29276639, 0.29276639, 0.29276639, 0.29276639, 0.29276639,\n       0.29276639, 0.29276639]))", "callback": [0.7031170244371714, 0.5949161844851765, 0.5100041849138208, 0.4572873149769269, 0.44750481411537124, 0.4446173085265972, 0.4348162569953534, 0.4126686745445518, 0.41240695933557503, 0.3741655477548229, 0.34827222289295134, 0.3464031477065377, 0.3454760998818447, 0.34534262321371245, 0.34528998898334673, 0.3452696498251162, 0.34523165076538576, 0.3451786134677419, 0.34514816594141584, 0.34510860359467954, 0.34503426141053417, 0.34484146125412596, 0.34374025401066866, 0.3419225854365002, 0.33736064904880414, 0.33305302745067267, 0.3262905734611572, 0.32460189325164157, 0.31611983286592604, 0.305373570726315, 0.29815700526062505, 0.29584177514083854, 0.29534553391759655, 0.29463782879158895, 0.2938650781011015, 0.2929453252939618, 0.29286124812860037, 0.29279049214605024, 0.292774369327511, 0.29276945000707133, 0.29276703399814163, 0.2927666678605232, 0.29276660842296987, 0.2927664724550989, 0.29276640672455745, 0.2927663972253973, 0.29276639346832, 0.2927663922277278, 0.2927663914602785, 0.29276639112937786, 0.29276639104923863, 0.29276639102099755, 0.29276639101365143, 0.2927663910086937, 0.2927663910078664, 0.29276639100757706, 0.29276639100757706, 0.29276639100757684, 0.29276639100756996, 0.2927663910075693, 0.29276639100756885, 0.2927663910075686, 0.2927663910075686, 0.2927663910075686]}}, "bfgs": {"type": "gradient", "0": {"maxiter": 100, "gtol": 1e-05, "xrtol": 1e-05, "eps": 1e-05, "duration": 0.039772987365722656, "fun": "0.29276639139760907", "jac": "[ 3.78554965e-06 -7.03299641e-06 -1.22203359e-06 -9.01811958e-07\n  3.44513307e-07 -3.34032801e-07]", "hess_inv": "[[ 5.05590431  0.55576645  1.23865204  0.4102936   2.94404764  1.9326382 ]\n [ 0.55576645  5.13007019  3.3942661  -1.3749017   1.41172216  0.09925095]\n [ 1.23865204  3.3942661   5.71483984  0.05782087  2.21294332  0.37302731]\n [ 0.4102936  -1.3749017   0.05782087  4.06553386  0.51847975  0.56390605]\n [ 2.94404764  1.41172216  2.21294332  0.51847975  6.61887932  3.364802  ]\n [ 1.9326382   0.09925095  0.37302731  0.56390605  3.364802    4.99261725]]", "nfev": "168", "njev": "24", "status": "0", "success": "True", "message": "Optimization terminated successfully.", "x": "[ 2.24724239  0.34341026 -1.18191189  4.14300625  0.81842286  2.59399295]", "nit": "20", "callback": [0.5075986461630632, 0.4840495472963725, 0.4450999600797175, 0.4097822612307992, 0.37894154859632745, 0.35839057298423715, 0.34315020687295117, 0.3284453542573126, 0.32229256162477804, 0.3125985938667447, 0.30371609773553143, 0.29902748048958194, 0.29418479533054087, 0.29338422274819864, 0.29291865553788754, 0.2927946849906805, 0.2927686936230761, 0.292766450333213, 0.29276639586050646, 0.29276639139760907]}, "1": {"maxiter": 100, "gtol": 1e-05, "xrtol": 1e-05, "eps": 1e-10, "duration": 0.039927005767822266, "fun": "0.29276639131967275", "jac": "[ 4.44089173e-06 -6.66133760e-06  2.22044587e-06 -2.22044587e-06\n  3.33066880e-06  1.11022293e-06]", "hess_inv": "[[ 5.13782599  0.6428023   1.36761792  0.40985085  3.07800146  2.02075793]\n [ 0.6428023   5.13552077  3.48947816 -1.37407269  1.53906413  0.20710162]\n [ 1.36761792  3.48947816  5.88914285  0.05728422  2.41009449  0.48933765]\n [ 0.40985085 -1.37407269  0.05728422  4.0666734   0.517476    0.56843876]\n [ 3.07800146  1.53906413  2.41009449  0.517476    6.83275761  3.49384198]\n [ 2.02075793  0.20710162  0.48933765  0.56843876  3.49384198  5.04146771]]", "nfev": "168", "njev": "24", "status": "0", "success": "True", "message": "Optimization terminated successfully.", "x": "[ 2.24728933  0.34345745 -1.18184902  4.14301633  0.81849621  2.59403587]", "nit": "20", "callback": [0.5075997826650558, 0.4840506268984218, 0.4451004798771173, 0.4097830160037542, 0.3789440566570329, 0.35838825045748945, 0.3431455266916983, 0.3284394986541571, 0.3222882535183217, 0.3125954640118749, 0.30371013665951496, 0.29902489345506567, 0.29418388308336507, 0.2933842873453335, 0.29291886751580143, 0.2927944483387994, 0.2927686864177781, 0.2927664458605812, 0.2927663951694177, 0.29276639131967275]}, "2": {"maxiter": 100, "gtol": 1e-05, "xrtol": 1e-10, "eps": 1e-05, "duration": 0.038520097732543945, "fun": "0.29276639139760907", "jac": "[ 3.78554965e-06 -7.03299641e-06 -1.22203359e-06 -9.01811958e-07\n  3.44513307e-07 -3.34032801e-07]", "hess_inv": "[[ 5.05590431  0.55576645  1.23865204  0.4102936   2.94404764  1.9326382 ]\n [ 0.55576645  5.13007019  3.3942661  -1.3749017   1.41172216  0.09925095]\n [ 1.23865204  3.3942661   5.71483984  0.05782087  2.21294332  0.37302731]\n [ 0.4102936  -1.3749017   0.05782087  4.06553386  0.51847975  0.56390605]\n [ 2.94404764  1.41172216  2.21294332  0.51847975  6.61887932  3.364802  ]\n [ 1.9326382   0.09925095  0.37302731  0.56390605  3.364802    4.99261725]]", "nfev": "168", "njev": "24", "status": "0", "success": "True", "message": "Optimization terminated successfully.", "x": "[ 2.24724239  0.34341026 -1.18191189  4.14300625  0.81842286  2.59399295]", "nit": "20", "callback": [0.5075986461630632, 0.4840495472963725, 0.4450999600797175, 0.4097822612307992, 0.37894154859632745, 0.35839057298423715, 0.34315020687295117, 0.3284453542573126, 0.32229256162477804, 0.3125985938667447, 0.30371609773553143, 0.29902748048958194, 0.29418479533054087, 0.29338422274819864, 0.29291865553788754, 0.2927946849906805, 0.2927686936230761, 0.292766450333213, 0.29276639586050646, 0.29276639139760907]}, "3": {"maxiter": 100, "gtol": 1e-05, "xrtol": 1e-10, "eps": 1e-10, "duration": 0.03871297836303711, "fun": "0.29276639131967275", "jac": "[ 4.44089173e-06 -6.66133760e-06  2.22044587e-06 -2.22044587e-06\n  3.33066880e-06  1.11022293e-06]", "hess_inv": "[[ 5.13782599  0.6428023   1.36761792  0.40985085  3.07800146  2.02075793]\n [ 0.6428023   5.13552077  3.48947816 -1.37407269  1.53906413  0.20710162]\n [ 1.36761792  3.48947816  5.88914285  0.05728422  2.41009449  0.48933765]\n [ 0.40985085 -1.37407269  0.05728422  4.0666734   0.517476    0.56843876]\n [ 3.07800146  1.53906413  2.41009449  0.517476    6.83275761  3.49384198]\n [ 2.02075793  0.20710162  0.48933765  0.56843876  3.49384198  5.04146771]]", "nfev": "168", "njev": "24", "status": "0", "success": "True", "message": "Optimization terminated successfully.", "x": "[ 2.24728933  0.34345745 -1.18184902  4.14301633  0.81849621  2.59403587]", "nit": "20", "callback": [0.5075997826650558, 0.4840506268984218, 0.4451004798771173, 0.4097830160037542, 0.3789440566570329, 0.35838825045748945, 0.3431455266916983, 0.3284394986541571, 0.3222882535183217, 0.3125954640118749, 0.30371013665951496, 0.29902489345506567, 0.29418388308336507, 0.2933842873453335, 0.29291886751580143, 0.2927944483387994, 0.2927686864177781, 0.2927664458605812, 0.2927663951694177, 0.29276639131967275]}, "4": {"maxiter": 100, "gtol": 1e-10, "xrtol": 1e-05, "eps": 1e-05, "duration": 0.08832311630249023, "fun": "0.29276639108661595", "jac": "[ 1.16495702e-07  1.94022576e-07 -4.36839453e-07  1.64590563e-07\n  2.32824870e-07  6.65245636e-08]", "hess_inv": "[[ 5.30720465 -0.0163679   0.81794619  0.54106025  2.95809161  2.04002097]\n [-0.0163679   6.39013856  4.34376494 -1.67512299  1.34230934 -0.16792633]\n [ 0.81794619  4.34376494  6.39504844 -0.15252147  2.22447475  0.21778427]\n [ 0.54106025 -1.67512299 -0.15252147  4.12977409  0.50648679  0.6067576 ]\n [ 2.95809161  1.34230934  2.22447475  0.50648679  6.50680299  3.29618769]\n [ 2.04002097 -0.16792633  0.21778427  0.6067576   3.29618769  4.98903265]]", "nfev": "396", "njev": "55", "status": "2", "success": "False", "message": "Desired error not necessarily achieved due to precision loss.", "x": "[ 2.2472245   0.34345791 -1.1818788   4.14299663  0.81842459  2.5939867 ]", "nit": "21", "callback": [0.5075986461630632, 0.4840495472963725, 0.4450999600797175, 0.4097822612307992, 0.37894154859632745, 0.35839057298423715, 0.34315020687295117, 0.3284453542573126, 0.32229256162477804, 0.3125985938667447, 0.30371609773553143, 0.29902748048958194, 0.29418479533054087, 0.29338422274819864, 0.29291865553788754, 0.2927946849906805, 0.2927686936230761, 0.292766450333213, 0.29276639586050646, 0.29276639139760907, 0.29276639108661595]}, "5": {"maxiter": 100, "gtol": 1e-10, "xrtol": 1e-05, "eps": 1e-10, "duration": 0.04210209846496582, "fun": "0.2927663910179281", "jac": "[ 0.00000000e+00  1.11022293e-06 -2.22044587e-06  0.00000000e+00\n -2.22044587e-06 -2.22044587e-06]", "hess_inv": "[[10.33322415 -0.9314315   2.47502311  2.33377116  7.8214556   5.22894938]\n [-0.9314315   4.53003345  2.45173202 -2.32375495 -0.296669   -0.8036482 ]\n [ 2.47502311  2.45173202  5.66834037  0.24261222  3.15006087  1.13871604]\n [ 2.33377116 -2.32375495  0.24261222  4.52635429  2.26280649  1.83518575]\n [ 7.8214556  -0.296669    3.15006087  2.26280649 10.89777154  6.32033405]\n [ 5.22894938 -0.8036482   1.13871604  1.83518575  6.32033405  6.95558997]]", "nfev": "189", "njev": "27", "status": "0", "success": "True", "message": "Optimization terminated successfully.", "x": "[ 2.24724104  0.34348272 -1.18185283  4.14300616  0.81845209  2.5940035 ]", "nit": "22", "callback": [0.5075997826650558, 0.4840506268984218, 0.4451004798771173, 0.4097830160037542, 0.3789440566570329, 0.35838825045748945, 0.3431455266916983, 0.3284394986541571, 0.3222882535183217, 0.3125954640118749, 0.30371013665951496, 0.29902489345506567, 0.29418388308336507, 0.2933842873453335, 0.29291886751580143, 0.2927944483387994, 0.2927686864177781, 0.2927664458605812, 0.2927663951694177, 0.29276639131967275, 0.2927663910348035, 0.2927663910179281]}, "6": {"maxiter": 100, "gtol": 1e-10, "xrtol": 1e-10, "eps": 1e-05, "duration": 0.08803081512451172, "fun": "0.29276639108661595", "jac": "[ 1.16495702e-07  1.94022576e-07 -4.36839453e-07  1.64590563e-07\n  2.32824870e-07  6.65245636e-08]", "hess_inv": "[[ 5.30720465 -0.0163679   0.81794619  0.54106025  2.95809161  2.04002097]\n [-0.0163679   6.39013856  4.34376494 -1.67512299  1.34230934 -0.16792633]\n [ 0.81794619  4.34376494  6.39504844 -0.15252147  2.22447475  0.21778427]\n [ 0.54106025 -1.67512299 -0.15252147  4.12977409  0.50648679  0.6067576 ]\n [ 2.95809161  1.34230934  2.22447475  0.50648679  6.50680299  3.29618769]\n [ 2.04002097 -0.16792633  0.21778427  0.6067576   3.29618769  4.98903265]]", "nfev": "396", "njev": "55", "status": "2", "success": "False", "message": "Desired error not necessarily achieved due to precision loss.", "x": "[ 2.2472245   0.34345791 -1.1818788   4.14299663  0.81842459  2.5939867 ]", "nit": "21", "callback": [0.5075986461630632, 0.4840495472963725, 0.4450999600797175, 0.4097822612307992, 0.37894154859632745, 0.35839057298423715, 0.34315020687295117, 0.3284453542573126, 0.32229256162477804, 0.3125985938667447, 0.30371609773553143, 0.29902748048958194, 0.29418479533054087, 0.29338422274819864, 0.29291865553788754, 0.2927946849906805, 0.2927686936230761, 0.292766450333213, 0.29276639586050646, 0.29276639139760907, 0.29276639108661595]}, "7": {"maxiter": 100, "gtol": 1e-10, "xrtol": 1e-10, "eps": 1e-10, "duration": 0.05473494529724121, "fun": "0.2927663910165432", "jac": "[0.00000000e+00 2.22044587e-06 0.00000000e+00 2.22044587e-06\n 0.00000000e+00 0.00000000e+00]", "hess_inv": "[[ 2.38632677  1.25517592  0.65822717  0.80093403 -0.82441881 -1.23612347]\n [ 1.25517592  3.16206131  0.91299173 -2.36291221  0.15493274 -0.34224906]\n [ 0.65822717  0.91299173  2.68124334 -1.59430228 -0.12488503 -0.91234501]\n [ 0.80093403 -2.36291221 -1.59430228  3.9607633  -0.91649698 -0.43731178]\n [-0.82441881  0.15493274 -0.12488503 -0.91649698  1.78473906 -0.08417802]\n [-1.23612347 -0.34224906 -0.91234501 -0.43731178 -0.08417802  2.37271101]]", "nfev": "245", "njev": "35", "status": "2", "success": "False", "message": "Desired error not necessarily achieved due to precision loss.", "x": "[ 2.2472414   0.34348248 -1.18185199  4.14300586  0.81845361  2.59400509]", "nit": "24", "callback": [0.5075997826650558, 0.4840506268984218, 0.4451004798771173, 0.4097830160037542, 0.3789440566570329, 0.35838825045748945, 0.3431455266916983, 0.3284394986541571, 0.3222882535183217, 0.3125954640118749, 0.30371013665951496, 0.29902489345506567, 0.29418388308336507, 0.2933842873453335, 0.29291886751580143, 0.2927944483387994, 0.2927686864177781, 0.2927664458605812, 0.2927663951694177, 0.29276639131967275, 0.2927663910348035, 0.2927663910179281, 0.2927663910165432, 0.2927663910165432]}, "8": {"maxiter": 500, "gtol": 1e-05, "xrtol": 1e-05, "eps": 1e-05, "duration": 0.03784775733947754, "fun": "0.29276639139760907", "jac": "[ 3.78554965e-06 -7.03299641e-06 -1.22203359e-06 -9.01811958e-07\n  3.44513307e-07 -3.34032801e-07]", "hess_inv": "[[ 5.05590431  0.55576645  1.23865204  0.4102936   2.94404764  1.9326382 ]\n [ 0.55576645  5.13007019  3.3942661  -1.3749017   1.41172216  0.09925095]\n [ 1.23865204  3.3942661   5.71483984  0.05782087  2.21294332  0.37302731]\n [ 0.4102936  -1.3749017   0.05782087  4.06553386  0.51847975  0.56390605]\n [ 2.94404764  1.41172216  2.21294332  0.51847975  6.61887932  3.364802  ]\n [ 1.9326382   0.09925095  0.37302731  0.56390605  3.364802    4.99261725]]", "nfev": "168", "njev": "24", "status": "0", "success": "True", "message": "Optimization terminated successfully.", "x": "[ 2.24724239  0.34341026 -1.18191189  4.14300625  0.81842286  2.59399295]", "nit": "20", "callback": [0.5075986461630632, 0.4840495472963725, 0.4450999600797175, 0.4097822612307992, 0.37894154859632745, 0.35839057298423715, 0.34315020687295117, 0.3284453542573126, 0.32229256162477804, 0.3125985938667447, 0.30371609773553143, 0.29902748048958194, 0.29418479533054087, 0.29338422274819864, 0.29291865553788754, 0.2927946849906805, 0.2927686936230761, 0.292766450333213, 0.29276639586050646, 0.29276639139760907]}, "9": {"maxiter": 500, "gtol": 1e-05, "xrtol": 1e-05, "eps": 1e-10, "duration": 0.03731203079223633, "fun": "0.29276639131967275", "jac": "[ 4.44089173e-06 -6.66133760e-06  2.22044587e-06 -2.22044587e-06\n  3.33066880e-06  1.11022293e-06]", "hess_inv": "[[ 5.13782599  0.6428023   1.36761792  0.40985085  3.07800146  2.02075793]\n [ 0.6428023   5.13552077  3.48947816 -1.37407269  1.53906413  0.20710162]\n [ 1.36761792  3.48947816  5.88914285  0.05728422  2.41009449  0.48933765]\n [ 0.40985085 -1.37407269  0.05728422  4.0666734   0.517476    0.56843876]\n [ 3.07800146  1.53906413  2.41009449  0.517476    6.83275761  3.49384198]\n [ 2.02075793  0.20710162  0.48933765  0.56843876  3.49384198  5.04146771]]", "nfev": "168", "njev": "24", "status": "0", "success": "True", "message": "Optimization terminated successfully.", "x": "[ 2.24728933  0.34345745 -1.18184902  4.14301633  0.81849621  2.59403587]", "nit": "20", "callback": [0.5075997826650558, 0.4840506268984218, 0.4451004798771173, 0.4097830160037542, 0.3789440566570329, 0.35838825045748945, 0.3431455266916983, 0.3284394986541571, 0.3222882535183217, 0.3125954640118749, 0.30371013665951496, 0.29902489345506567, 0.29418388308336507, 0.2933842873453335, 0.29291886751580143, 0.2927944483387994, 0.2927686864177781, 0.2927664458605812, 0.2927663951694177, 0.29276639131967275]}, "10": {"maxiter": 500, "gtol": 1e-05, "xrtol": 1e-10, "eps": 1e-05, "duration": 0.0375978946685791, "fun": "0.29276639139760907", "jac": "[ 3.78554965e-06 -7.03299641e-06 -1.22203359e-06 -9.01811958e-07\n  3.44513307e-07 -3.34032801e-07]", "hess_inv": "[[ 5.05590431  0.55576645  1.23865204  0.4102936   2.94404764  1.9326382 ]\n [ 0.55576645  5.13007019  3.3942661  -1.3749017   1.41172216  0.09925095]\n [ 1.23865204  3.3942661   5.71483984  0.05782087  2.21294332  0.37302731]\n [ 0.4102936  -1.3749017   0.05782087  4.06553386  0.51847975  0.56390605]\n [ 2.94404764  1.41172216  2.21294332  0.51847975  6.61887932  3.364802  ]\n [ 1.9326382   0.09925095  0.37302731  0.56390605  3.364802    4.99261725]]", "nfev": "168", "njev": "24", "status": "0", "success": "True", "message": "Optimization terminated successfully.", "x": "[ 2.24724239  0.34341026 -1.18191189  4.14300625  0.81842286  2.59399295]", "nit": "20", "callback": [0.5075986461630632, 0.4840495472963725, 0.4450999600797175, 0.4097822612307992, 0.37894154859632745, 0.35839057298423715, 0.34315020687295117, 0.3284453542573126, 0.32229256162477804, 0.3125985938667447, 0.30371609773553143, 0.29902748048958194, 0.29418479533054087, 0.29338422274819864, 0.29291865553788754, 0.2927946849906805, 0.2927686936230761, 0.292766450333213, 0.29276639586050646, 0.29276639139760907]}, "11": {"maxiter": 500, "gtol": 1e-05, "xrtol": 1e-10, "eps": 1e-10, "duration": 0.03768801689147949, "fun": "0.29276639131967275", "jac": "[ 4.44089173e-06 -6.66133760e-06  2.22044587e-06 -2.22044587e-