{"date": "2024/09/25/, 04:36:55", "conf_id": 137, "data_type": "orthogonal\n", "num_data_points": 3, "s_rank": 0, "unitary": "[[0.18663085-0.53122324j,-0.11886349-0.70040876j,0.28555095-0.02789305j,-0.12262021-0.2844587j],[-0.16702216+0.27758472j,0.27526351-0.29738586j,-0.01109314+0.22495461j,-0.77239203+0.28900673j],[0.61935415+0.12301792j,-0.31269928-0.03315917j,-0.61902762-0.19039079j,-0.27120731-0.0968989j],[0.42341754+0.0023929j,-0.05847358+0.47832119j,0.64900495-0.16218422j,-0.37182676-0.05229966j]]", "databatch_0": {"databatch": "[[[-0.01567502-0.16764265j,-0.16262455+0.26185529j,0.22873515+0.13205614j,0.43169217-0.00248895j],[-0.02915007+0.16920949j,0.22990888+0.11647373j,-0.28819049+0.15346037j,0.04017911-0.0533504j],[-0.34292126+0.12456622j,-0.10126758+0.09544992j,0.10944112+0.04169936j,-0.04601592+0.14930417j],[-0.12955002+0.05230276j,-0.42267954-0.07643247j,-0.07931958+0.06686739j,-0.04522555-0.07818101j]],[[-0.05727281-0.12466786j,-0.1681477+0.24908292j,0.21485924+0.11563915j,0.42373061+0.01156362j],[-0.05524544+0.16323251j,0.23351079+0.07664557j,-0.24582893+0.11872545j,0.06484507-0.04933913j],[-0.37826183+0.09336818j,-0.04756376+0.06357112j,0.10245709+0.04147693j,0.02873261+0.1994954j],[-0.05770766+0.11626091j,-0.46145036-0.10225367j,-0.06046523+0.07434168j,-0.00570799-0.14134588j]],[[0.00145842-0.12476779j,-0.02127649+0.0516999j,0.11617937+0.12122948j,0.35782678-0.02928424j],[-0.10171566+0.13886571j,0.15172698+0.06877361j,-0.31069598+0.2246635j,0.1175741-0.01266896j],[-0.4501171+0.13324594j,0.06839673-0.02536684j,0.1086862+0.04853371j,-0.02240581+0.22908625j],[-0.0385299+0.21424374j,-0.39050668-0.09109471j,-0.09805851+0.03350038j,-0.0087402-0.30662355j]]]", "initial param values": "[2.8553511,5.55005975,1.69863715,3.63156961,3.97770049,5.92914214]", "nelder_mead": {"type": "gradient-free", "0": {"maxiter": 100, "fatol": 1e-05, "xatol": 1e-05, "duration": 0.04125809669494629, "fun": "0.31203625108467115", "nit": "100", "nfev": "161", "status": "2", "success": "False", "message": "Maximum number of iterations has been exceeded.", "x": "[1.39673549 7.01889806 3.26275944 3.62900826 3.74302683 5.71842391]", "final_simplex": "(array([[1.39673549, 7.01889806, 3.26275944, 3.62900826, 3.74302683,\n        5.71842391],\n       [1.40327059, 7.0165109 , 3.24178791, 3.61617197, 3.75144749,\n        5.73769216],\n       [1.38938522, 7.01886107, 3.25251704, 3.5971326 , 3.77087389,\n        5.75256487],\n       [1.3769243 , 7.02938122, 3.27184747, 3.61683004, 3.75985769,\n        5.72429591],\n       [1.40479201, 7.02128393, 3.24808485, 3.61349325, 3.75662691,\n        5.72021752],\n       [1.40039164, 7.01059076, 3.2786993 , 3.60963176, 3.73201279,\n        5.7232732 ],\n       [1.3718623 , 7.04046625, 3.25628372, 3.61290371, 3.76165455,\n        5.75206005]]), array([0.31203625, 0.31207201, 0.31207622, 0.3120861 , 0.31210686,\n       0.31214652, 0.31220423]))", "callback": [0.6934996545020826, 0.6748975968859365, 0.5538802367349234, 0.4990788321351981, 0.4460973054595897, 0.38465474148578915, 0.3329019950499301, 0.31873842987888945, 0.312984287454798, 0.3122042276106708]}, "1": {"maxiter": 100, "fatol": 1e-05, "xatol": 1e-10, "duration": 0.03902792930603027, "fun": "0.31203625108467115", "nit": "100", "nfev": "161", "status": "2", "success": "False", "message": "Maximum number of iterations has been exceeded.", "x": "[1.39673549 7.01889806 3.26275944 3.62900826 3.74302683 5.71842391]", "final_simplex": "(array([[1.39673549, 7.01889806, 3.26275944, 3.62900826, 3.74302683,\n        5.71842391],\n       [1.40327059, 7.0165109 , 3.24178791, 3.61617197, 3.75144749,\n        5.73769216],\n       [1.38938522, 7.01886107, 3.25251704, 3.5971326 , 3.77087389,\n        5.75256487],\n       [1.3769243 , 7.02938122, 3.27184747, 3.61683004, 3.75985769,\n        5.72429591],\n       [1.40479201, 7.02128393, 3.24808485, 3.61349325, 3.75662691,\n        5.72021752],\n       [1.40039164, 7.01059076, 3.2786993 , 3.60963176, 3.73201279,\n        5.7232732 ],\n       [1.3718623 , 7.04046625, 3.25628372, 3.61290371, 3.76165455,\n        5.75206005]]), array([0.31203625, 0.31207201, 0.31207622, 0.3120861 , 0.31210686,\n       0.31214652, 0.31220423]))", "callback": [0.6934996545020826, 0.6748975968859365, 0.5538802367349234, 0.4990788321351981, 0.4460973054595897, 0.38465474148578915, 0.3329019950499301, 0.31873842987888945, 0.312984287454798, 0.3122042276106708]}, "2": {"maxiter": 100, "fatol": 1e-10, "xatol": 1e-05, "duration": 0.03857684135437012, "fun": "0.31203625108467115", "nit": "100", "nfev": "161", "status": "2", "success": "False", "message": "Maximum number of iterations has been exceeded.", "x": "[1.39673549 7.01889806 3.26275944 3.62900826 3.74302683 5.71842391]", "final_simplex": "(array([[1.39673549, 7.01889806, 3.26275944, 3.62900826, 3.74302683,\n        5.71842391],\n       [1.40327059, 7.0165109 , 3.24178791, 3.61617197, 3.75144749,\n        5.73769216],\n       [1.38938522, 7.01886107, 3.25251704, 3.5971326 , 3.77087389,\n        5.75256487],\n       [1.3769243 , 7.02938122, 3.27184747, 3.61683004, 3.75985769,\n        5.72429591],\n       [1.40479201, 7.02128393, 3.24808485, 3.61349325, 3.75662691,\n        5.72021752],\n       [1.40039164, 7.01059076, 3.2786993 , 3.60963176, 3.73201279,\n        5.7232732 ],\n       [1.3718623 , 7.04046625, 3.25628372, 3.61290371, 3.76165455,\n        5.75206005]]), array([0.31203625, 0.31207201, 0.31207622, 0.3120861 , 0.31210686,\n       0.31214652, 0.31220423]))", "callback": [0.6934996545020826, 0.6748975968859365, 0.5538802367349234, 0.4990788321351981, 0.4460973054595897, 0.38465474148578915, 0.3329019950499301, 0.31873842987888945, 0.312984287454798, 0.3122042276106708]}, "3": {"maxiter": 100, "fatol": 1e-10, "xatol": 1e-10, "duration": 0.03633999824523926, "fun": "0.31203625108467115", "nit": "100", "nfev": "161", "status": "2", "success": "False", "message": "Maximum number of iterations has been exceeded.", "x": "[1.39673549 7.01889806 3.26275944 3.62900826 3.74302683 5.71842391]", "final_simplex": "(array([[1.39673549, 7.01889806, 3.26275944, 3.62900826, 3.74302683,\n        5.71842391],\n       [1.40327059, 7.0165109 , 3.24178791, 3.61617197, 3.75144749,\n        5.73769216],\n       [1.38938522, 7.01886107, 3.25251704, 3.5971326 , 3.77087389,\n        5.75256487],\n       [1.3769243 , 7.02938122, 3.27184747, 3.61683004, 3.75985769,\n        5.72429591],\n       [1.40479201, 7.02128393, 3.24808485, 3.61349325, 3.75662691,\n        5.72021752],\n       [1.40039164, 7.01059076, 3.2786993 , 3.60963176, 3.73201279,\n        5.7232732 ],\n       [1.3718623 , 7.04046625, 3.25628372, 3.61290371, 3.76165455,\n        5.75206005]]), array([0.31203625, 0.31207201, 0.31207622, 0.3120861 , 0.31210686,\n       0.31214652, 0.31220423]))", "callback": [0.6934996545020826, 0.6748975968859365, 0.5538802367349234, 0.4990788321351981, 0.4460973054595897, 0.38465474148578915, 0.3329019950499301, 0.31873842987888945, 0.312984287454798, 0.3122042276106708]}, "4": {"maxiter": 500, "fatol": 1e-05, "xatol": 1e-05, "duration": 0.13830804824829102, "fun": "0.3118443584087697", "nit": "373", "nfev": "585", "status": "0", "success": "True", "message": "Optimization terminated successfully.", "x": "[1.37187944 7.00528618 3.25094039 3.62053136 3.72171448 5.70423963]", "final_simplex": "(array([[1.37187944, 7.00528618, 3.25094039, 3.62053136, 3.72171448,\n        5.70423963],\n       [1.37187558, 7.00528689, 3.25093896, 3.62053119, 3.72171789,\n        5.70423962],\n       [1.37187754, 7.00528778, 3.25093654, 3.62053337, 3.72171683,\n        5.70424022],\n       [1.37188147, 7.00529051, 3.25093923, 3.6205332 , 3.72171967,\n        5.70424032],\n       [1.37187911, 7.00528761, 3.25094068, 3.62053495, 3.72171691,\n        5.70424299],\n       [1.37187823, 7.0052895 , 3.25093831, 3.62053536, 3.72170542,\n        5.70422965],\n       [1.37188021, 7.00528168, 3.2509395 , 3.62053174, 3.72171376,\n        5.70423513]]), array([0.31184436, 0.31184436, 0.31184436, 0.31184436, 0.31184436,\n       0.31184436, 0.31184436]))", "callback": [0.6934996545020826, 0.6748975968859365, 0.5538802367349234, 0.4990788321351981, 0.4460973054595897, 0.38465474148578915, 0.3329019950499301, 0.31873842987888945, 0.312984287454798, 0.3122042276106708, 0.3120291243025828, 0.3119749427646564, 0.31195847164459034, 0.3119462098600989, 0.31193333143681945, 0.31192923886712476, 0.3119267163697277, 0.3119258523747851, 0.31192460417239654, 0.3119187826193962, 0.3119062682055551, 0.3118722539402895, 0.3118482645662407, 0.31184696976796367, 0.3118447553491871, 0.3118447553491871, 0.3118444672892182, 0.31184441816269537, 0.3118443890255961, 0.3118443731197118, 0.3118443646121086, 0.3118443601593981, 0.31184435888918804, 0.3118443586324561, 0.3118443585116215, 0.3118443584530506, 0.311844358420282, 0.31184435841297875]}, "5": {"maxiter": 500, "fatol": 1e-05, "xatol": 1e-10, "duration": 0.18638992309570312, "fun": "0.31184435840457914", "nit": "500", "nfev": "812", "status": "2", "success": "False", "message": "Maximum number of iterations has been exceeded.", "x": "[1.37188056 7.00528837 3.25093863 3.62052718 3.72171243 5.7042364 ]", "final_simplex": "(array([[1.37188056, 7.00528837, 3.25093863, 3.62052718, 3.72171243,\n        5.7042364 ],\n       [1.37188056, 7.00528837, 3.25093863, 3.62052718, 3.72171243,\n        5.7042364 ],\n       [1.37188056, 7.00528837, 3.25093863, 3.62052718, 3.72171243,\n        5.70423639],\n       [1.37188056, 7.00528837, 3.25093863, 3.62052718, 3.72171243,\n        5.7042364 ],\n       [1.37188056, 7.00528837, 3.25093863, 3.62052718, 3.72171243,\n        5.70423639],\n       [1.37188056, 7.00528837, 3.25093863, 3.62052718, 3.72171243,\n        5.70423639],\n       [1.37188056, 7.00528837, 3.25093863, 3.62052718, 3.72171243,\n        5.70423639]]), array([0.31184436, 0.31184436, 0.31184436, 0.31184436, 0.31184436,\n       0.31184436, 0.31184436]))", "callback": [0.6934996545020826, 0.6748975968859365, 0.5538802367349234, 0.4990788321351981, 0.4460973054595897, 0.38465474148578915, 0.3329019950499301, 0.31873842987888945, 0.312984287454798, 0.3122042276106708, 0.3120291243025828, 0.3119749427646564, 0.31195847164459034, 0.3119462098600989, 0.31193333143681945, 0.31192923886712476, 0.3119267163697277, 0.3119258523747851, 0.31192460417239654, 0.3119187826193962, 0.3119062682055551, 0.3118722539402895, 0.3118482645662407, 0.31184696976796367, 0.3118447553491871, 0.3118447553491871, 0.3118444672892182, 0.31184441816269537, 0.3118443890255961, 0.3118443731197118, 0.3118443646121086, 0.3118443601593981, 0.31184435888918804, 0.3118443586324561, 0.3118443585116215, 0.3118443584530506, 0.311844358420282, 0.31184435841297875, 0.3118443584087697, 0.31184435840638436, 0.3118443584052226, 0.3118443584049254, 0.3118443584047421, 0.3118443584046853, 0.3118443584046231, 0.3118443584045981, 0.3118443584045828, 0.3118443584045796, 0.31184435840457925, 0.31184435840457914]}, "6": {"maxiter": 500, "fatol": 1e-10, "xatol": 1e-05, "duration": 0.18431901931762695, "fun": "0.3118443584087697", "nit": "373", "nfev": "585", "status": "0", "success": "True", "message": "Optimization terminated successfully.", "x": "[1.37187944 7.00528618 3.25094039 3.62053136 3.72171448 5.70423963]", "final_simplex": "(array([[1.37187944, 7.00528618, 3.25094039, 3.62053136, 3.72171448,\n        5.70423963],\n       [1.37187558, 7.00528689, 3.25093896, 3.62053119, 3.72171789,\n        5.70423962],\n       [1.37187754, 7.00528778, 3.25093654, 3.62053337, 3.72171683,\n        5.70424022],\n       [1.37188147, 7.00529051, 3.25093923, 3.6205332 , 3.72171967,\n        5.70424032],\n       [1.37187911, 7.00528761, 3.25094068, 3.62053495, 3.72171691,\n        5.70424299],\n       [1.37187823, 7.0052895 , 3.25093831, 3.62053536, 3.72170542,\n        5.70422965],\n       [1.37188021, 7.00528168, 3.2509395 , 3.62053174, 3.72171376,\n        5.70423513]]), array([0.31184436, 0.31184436, 0.31184436, 0.31184436, 0.31184436,\n       0.31184436, 0.31184436]))", "callback": [0.6934996545020826, 0.6748975968859365, 0.5538802367349234, 0.4990788321351981, 0.4460973054595897, 0.38465474148578915, 0.3329019950499301, 0.31873842987888945, 0.312984287454798, 0.3122042276106708, 0.3120291243025828, 0.3119749427646564, 0.31195847164459034, 0.3119462098600989, 0.31193333143681945, 0.31192923886712476, 0.3119267163697277, 0.3119258523747851, 0.31192460417239654, 0.3119187826193962, 0.3119062682055551, 0.3118722539402895, 0.3118482645662407, 0.31184696976796367, 0.3118447553491871, 0.3118447553491871, 0.3118444672892182, 0.31184441816269537, 0.3118443890255961, 0.3118443731197118, 0.3118443646121086, 0.3118443601593981, 0.31184435888918804, 0.3118443586324561, 0.3118443585116215, 0.3118443584530506, 0.311844358420282, 0.31184435841297875]}, "7": {"maxiter": 500, "fatol": 1e-10, "xatol": 1e-10, "duration": 0.1978161334991455, "fun": "0.31184435840457914", "nit": "500", "nfev": "812", "status": "2", "success": "False", "message": "Maximum number of iterations has been exceeded.", "x": "[1.37188056 7.00528837 3.25093863 3.62052718 3.72171243 5.7042364 ]", "final_simplex": "(array([[1.37188056, 7.00528837, 3.25093863, 3.62052718, 3.72171243,\n        5.7042364 ],\n       [1.37188056, 7.00528837, 3.25093863, 3.62052718, 3.72171243,\n        5.7042364 ],\n       [1.37188056, 7.00528837, 3.25093863, 3.62052718, 3.72171243,\n        5.70423639],\n       [1.37188056, 7.00528837, 3.25093863, 3.62052718, 3.72171243,\n        5.7042364 ],\n       [1.37188056, 7.00528837, 3.25093863, 3.62052718, 3.72171243,\n        5.70423639],\n       [1.37188056, 7.00528837, 3.25093863, 3.62052718, 3.72171243,\n        5.70423639],\n       [1.37188056, 7.00528837, 3.25093863, 3.62052718, 3.72171243,\n        5.70423639]]), array([0.31184436, 0.31184436, 0.31184436, 0.31184436, 0.31184436,\n       0.31184436, 0.31184436]))", "callback": [0.6934996545020826, 0.6748975968859365, 0.5538802367349234, 0.4990788321351981, 0.4460973054595897, 0.38465474148578915, 0.3329019950499301, 0.31873842987888945, 0.312984287454798, 0.3122042276106708, 0.3120291243025828, 0.3119749427646564, 0.31195847164459034, 0.3119462098600989, 0.31193333143681945, 0.31192923886712476, 0.3119267163697277, 0.3119258523747851, 0.31192460417239654, 0.3119187826193962, 0.3119062682055551, 0.3118722539402895, 0.3118482645662407, 0.31184696976796367, 0.3118447553491871, 0.3118447553491871, 0.3118444672892182, 0.31184441816269537, 0.3118443890255961, 0.3118443731197118, 0.3118443646121086, 0.3118443601593981, 0.31184435888918804, 0.3118443586324561, 0.3118443585116215, 0.3118443584530506, 0.311844358420282, 0.31184435841297875, 0.3118443584087697, 0.31184435840638436, 0.3118443584052226, 0.3118443584049254, 0.3118443584047421, 0.3118443584046853, 0.3118443584046231, 0.3118443584045981, 0.3118443584045828, 0.3118443584045796, 0.31184435840457925, 0.31184435840457914]}, "8": {"maxiter": 1000, "fatol": 1e-05, "xatol": 1e-05, "duration": 0.14103913307189941, "fun": "0.3118443584087697", "nit": "373", "nfev": "585", "status": "0", "success": "True", "message": "Optimization terminated successfully.", "x": "[1.37187944 7.00528618 3.25094039 3.62053136 3.72171448 5.70423963]", "final_simplex": "(array([[1.37187944, 7.00528618, 3.25094039, 3.62053136, 3.72171448,\n        5.70423963],\n       [1.37187558, 7.00528689, 3.25093896, 3.62053119, 3.72171789,\n        5.70423962],\n       [1.37187754, 7.00528778, 3.25093654, 3.62053337, 3.72171683,\n        5.70424022],\n       [1.37188147, 7.00529051, 3.25093923, 3.6205332 , 3.72171967,\n        5.70424032],\n       [1.37187911, 7.00528761, 3.25094068, 3.62053495, 3.72171691,\n        5.70424299],\n       [1.37187823, 7.0052895 , 3.25093831, 3.62053536, 3.72170542,\n        5.70422965],\n       [1.37188021, 7.00528168, 3.2509395 , 3.62053174, 3.72171376,\n        5.70423513]]), array([0.31184436, 0.31184436, 0.31184436, 0.31184436, 0.31184436,\n       0.31184436, 0.31184436]))", "callback": [0.6934996545020826, 0.6748975968859365, 0.5538802367349234, 0.4990788321351981, 0.4460973054595897, 0.38465474148578915, 0.3329019950499301, 0.31873842987888945, 0.312984287454798, 0.3122042276106708, 0.3120291243025828, 0.3119749427646564, 0.31195847164459034, 0.3119462098600989, 0.31193333143681945, 0.31192923886712476, 0.3119267163697277, 0.3119258523747851, 0.31192460417239654, 0.3119187826193962, 0.3119062682055551, 0.3118722539402895, 0.3118482645662407, 0.31184696976796367, 0.3118447553491871, 0.3118447553491871, 0.3118444672892182, 0.31184441816269537, 0.3118443890255961, 0.3118443731197118, 0.3118443646121086, 0.3118443601593981, 0.31184435888918804, 0.3118443586324561, 0.3118443585116215, 0.3118443584530506, 0.311844358420282, 0.31184435841297875]}, "9": {"maxiter": 1000, "fatol": 1e-05, "xatol": 1e-10, "duration": 0.2029728889465332, "fun": "0.31184435840457914", "nit": "510", "nfev": "860", "status": "0", "success": "True", "message": "Optimization terminated successfully.", "x": "[1.37188056 7.00528837 3.25093863 3.62052718 3.72171243 5.7042364 ]", "final_simplex": "(array([[1.37188056, 7.00528837, 3.25093863, 3.62052718, 3.72171243,\n        5.7042364 ],\n       [1.37188056, 7.00528837, 3.25093863, 3.62052718, 3.72171243,\n        5.7042364 ],\n       [1.37188056, 7.00528837, 3.25093863, 3.62052718, 3.72171243,\n        5.7042364 ],\n       [1.37188056, 7.00528837, 3.25093863, 3.62052718, 3.72171243,\n        5.7042364 ],\n       [1.37188056, 7.00528837, 3.25093863, 3.62052718, 3.72171243,\n        5.7042364 ],\n       [1.37188056, 7.00528837, 3.25093863, 3.62052718, 3.72171243,\n        5.7042364 ],\n       [1.37188056, 7.00528837, 3.25093863, 3.62052718, 3.72171243,\n        5.7042364 ]]), array([0.31184436, 0.31184436, 0.31184436, 0.31184436, 0.31184436,\n       0.31184436, 0.31184436]))", "callback": [0.6934996545020826, 0.6748975968859365, 0.5538802367349234, 0.4990788321351981, 0.4460973054595897, 0.38465474148578915, 0.3329019950499301, 0.31873842987888945, 0.312984287454798, 0.3122042276106708, 0.3120291243025828, 0.3119749427646564, 0.31195847164459034, 0.3119462098600989, 0.31193333143681945, 0.31192923886712476, 0.3119267163697277, 0.3119258523747851, 0.31192460417239654, 0.3119187826193962, 0.3119062682055551, 0.3118722539402895, 0.3118482645662407, 0.31184696976796367, 0.3118447553491871, 0.3118447553491871, 0.3118444672892182, 0.31184441816269537, 0.3118443890255961, 0.3118443731197118, 0.3118443646121086, 0.3118443601593981, 0.31184435888918804, 0.3118443586324561, 0.3118443585116215, 0.3118443584530506, 0.311844358420282, 0.31184435841297875, 0.3118443584087697, 0.31184435840638436, 0.3118443584052226, 0.3118443584049254, 0.3118443584047421, 0.3118443584046853, 0.3118443584046231, 0.3118443584045981, 0.3118443584045828, 0.3118443584045796, 0.31184435840457925, 0.31184435840457914, 0.31184435840457914]}, "10": {"maxiter": 1000, "fatol": 1e-10, "xatol": 1e-05, "duration": 0.13831400871276855, "fun": "0.3118443584087697", "nit": "373", "nfev": "585", "status": "0", "success": "True", "message": "Optimization terminated successfully.", "x": "[1.37187944 7.00528618 3.25094039 3.62053136 3.72171448 5.70423963]", "final_simplex": "(array([[1.37187944, 7.00528618, 3.25094039, 3.62053136, 3.72171448,\n        5.70423963],\n       [1.37187558, 7.00528689, 3.25093896, 3.62053119, 3.72171789,\n        5.70423962],\n       [1.37187754, 7.00528778, 3.25093654, 3.62053337, 3.72171683,\n        5.70424022],\n       [1.37188147, 7.00529051, 3.25093923, 3.6205332 , 3.72171967,\n        5.70424032],\n       [1.37187911, 7.00528761, 3.25094068, 3.62053495, 3.72171691,\n        5.70424299],\n       [1.37187823, 7.0052895 , 3.25093831, 3.62053536, 3.72170542,\n        5.70422965],\n       [1.37188021, 7.00528168, 3.2509395 , 3.62053174, 3.72171376,\n        5.70423513]]), array([0.31184436, 0.31184436, 0.31184436, 0.31184436, 0.31184436,\n       0.31184436, 0.31184436]))", "callback": [0.6934996545020826, 0.6748975968859365, 0.5538802367349234, 0.4990788321351981, 0.4460973054595897, 0.38465474148578915, 0.3329019950499301, 0.31873842987888945, 0.312984287454798, 0.3122042276106708, 0.3120291243025828, 0.3119749427646564, 0.31195847164459034, 0.3119462098600989, 0.31193333143681945, 0.31192923886712476, 0.3119267163697277, 0.3119258523747851, 0.31192460417239654, 0.3119187826193962, 0.3119062682055551, 0.3118722539402895, 0.3118482645662407, 0.31184696976796367, 0.3118447553491871, 0.3118447553491871, 0.3118444672892182, 0.31184441816269537, 0.3118443890255961, 0.3118443731197118, 0.3118443646121086, 0.3118443601593981, 0.31184435888918804, 0.3118443586324561, 0.3118443585116215, 0.3118443584530506, 0.311844358420282, 0.31184435841297875]}, "11": {"maxiter": 1000, "fatol": 1e-10, "xatol": 1e-10, "duration": 0.1990489959716797, "fun": "0.31184435840457914", "nit": "510", "nfev": "860", "status": "0", "success": "True", "message": "Optimization terminated successfully.", "x": "[1.37188056 7.00528837 3.25093863 3.62052718 3.72171243 5.7042364 ]", "final_simplex": "(array([[1.37188056, 7.00528837, 3.25093863, 3.62052718, 3.72171243,\n        5.7042364 ],\n       [1.37188056, 7.00528837, 3.25093863, 3.62052718, 3.72171243,\n        5.7042364 ],\n       [1.37188056, 7.00528837, 3.25093863, 3.62052718, 3.72171243,\n        5.7042364 ],\n       [1.37188056, 7.00528837, 3.25093863, 3.62052718, 3.72171243,\n        5.7042364 ],\n       [1.37188056, 7.00528837, 3.25093863, 3.62052718, 3.72171243,\n        5.7042364 ],\n       [1.37188056, 7.00528837, 3.25093863, 3.62052718, 3.72171243,\n        5.7042364 ],\n       [1.37188056, 7.00528837, 3.25093863, 3.62052718, 3.72171243,\n        5.7042364 ]]), array([0.31184436, 0.31184436, 0.31184436, 0.31184436, 0.31184436,\n       0.31184436, 0.31184436]))", "callback": [0.6934996545020826, 0.6748975968859365, 0.5538802367349234, 0.4990788321351981, 0.4460973054595897, 0.38465474148578915, 0.3329019950499301, 0.31873842987888945, 0.312984287454798, 0.3122042276106708, 0.3120291243025828, 0.3119749427646564, 0.31195847164459034, 0.3119462098600989, 0.31193333143681945, 0.31192923886712476, 0.3119267163697277, 0.3119258523747851, 0.31192460417239654, 0.3119187826193962, 0.3119062682055551, 0.3118722539402895, 0.3118482645662407, 0.31184696976796367, 0.3118447553491871, 0.3118447553491871, 0.3118444672892182, 0.31184441816269537, 0.3118443890255961, 0.3118443731197118, 0.3118443646121086, 0.3118443601593981, 0.31184435888918804, 0.3118443586324561, 0.3118443585116215, 0.3118443584530506, 0.311844358420282, 0.31184435841297875, 0.3118443584087697, 0.31184435840638436, 0.3118443584052226, 0.3118443584049254, 0.3118443584047421, 0.3118443584046853, 0.3118443584046231, 0.3118443584045981, 0.3118443584045828, 0.3118443584045796, 0.31184435840457925, 0.31184435840457914, 0.31184435840457914]}}, "bfgs": {"type": "gradient", "0": {"maxiter": 100, "gtol": 1e-05, "xrtol": 1e-05, "eps": 1e-05, "duration": 0.04023313522338867, "fun": "0.3118443584966255", "jac": "[-2.61342059e-06  8.85069795e-07 -3.11932702e-06 -3.95250499e-07\n  1.53902446e-06  5.04984943e-07]", "hess_inv": "[[ 3.09808637  0.07905676  0.07905339 -0.71502868  1.32969917  1.138191  ]\n [ 0.07905676  3.23457336 -0.53453987 -0.19487481 -0.65490954 -1.29147395]\n [ 0.07905339 -0.53453987  3.1606778  -0.09949973  1.92757277  1.65959302]\n [-0.71502868 -0.19487481 -0.09949973  3.00494142 -0.39752643 -0.41531907]\n [ 1.32969917 -0.65490954  1.92757277 -0.39752643 14.31207912 12.65619478]\n [ 1.138191   -1.29147395  1.65959302 -0.41531907 12.65619478 14.2094421 ]]", "nfev": "168", "njev": "24", "status": "0", "success": "True", "message": "Optimization terminated successfully.", "x": "[1.37186707 7.00529067 3.25092142 3.62052334 3.72168373 5.70420795]", "nit": "22", "callback": [0.7037070827427496, 0.6895267970005964, 0.6639963444225194, 0.6268752370948767, 0.6042168244365629, 0.49775075192605656, 0.3527405296924353, 0.33284148541254555, 0.3221532015430407, 0.3167306878158693, 0.3161197321780299, 0.3156050609287746, 0.31478534372694833, 0.3136222432885042, 0.31267920076718303, 0.31198891094576775, 0.31185369199595925, 0.3118465606019333, 0.31184508476463313, 0.3118444376315854, 0.31184436164701934, 0.3118443584966255]}, "1": {"maxiter": 100, "gtol": 1e-05, "xrtol": 1e-05, "eps": 1e-10, "duration": 0.040657997131347656, "fun": "0.3118443584451832", "jac": "[ 0.00000000e+00  2.22044587e-06 -2.22044587e-06  3.33066880e-06\n  2.22044587e-06  3.33066880e-06]", "hess_inv": "[[ 3.10863714  0.0823306   0.09661297 -0.72329925  1.38400156  1.17588653]\n [ 0.0823306   3.20905598 -0.53807758 -0.1866692  -0.656671   -1.30218012]\n [ 0.09661297 -0.53807758  3.19678849 -0.10984488  2.04766287  1.74789016]\n [-0.72329925 -0.1866692  -0.10984488  3.00653854 -0.40341099 -0.41299902]\n [ 1.38400156 -0.656671    2.04766287 -0.40341099 14.79425394 13.02478268]\n [ 1.17588653 -1.30218012  1.74789016 -0.41299902 13.02478268 14.4873966 ]]", "nfev": "168", "njev": "24", "status": "0", "success": "True", "message": "Optimization terminated successfully.", "x": "[1.37187692 7.00529078 3.25092859 3.62053455 3.72172353 5.7042518 ]", "nit": "22", "callback": [0.703707053621021, 0.6895269349733717, 0.6639970195700682, 0.6268765223042698, 0.6042208816084482, 0.49750656264223336, 0.35253647512505415, 0.33274505042477465, 0.32205662503601784, 0.3167290723924806, 0.3161188569333858, 0.31560681797367496, 0.31478817698895967, 0.3136237335487634, 0.31268176091739885, 0.31199502951882385, 0.311853845054222, 0.3118465136523053, 0.31184508437640857, 0.31184444314090654, 0.3118443633345134, 0.3118443584451832]}, "2": {"maxiter": 100, "gtol": 1e-05, "xrtol": 1e-10, "eps": 1e-05, "duration": 0.040717124938964844, "fun": "0.3118443584966255", "jac": "[-2.61342059e-06  8.85069795e-07 -3.11932702e-06 -3.95250499e-07\n  1.53902446e-06  5.04984943e-07]", "hess_inv": "[[ 3.09808637  0.07905676  0.07905339 -0.71502868  1.32969917  1.138191  ]\n [ 0.07905676  3.23457336 -0.53453987 -0.19487481 -0.65490954 -1.29147395]\n [ 0.07905339 -0.53453987  3.1606778  -0.09949973  1.92757277  1.65959302]\n [-0.71502868 -0.19487481 -0.09949973  3.00494142 -0.39752643 -0.41531907]\n [ 1.32969917 -0.65490954  1.92757277 -0.39752643 14.31207912 12.65619478]\n [ 1.138191   -1.29147395  1.65959302 -0.41531907 12.65619478 14.2094421 ]]", "nfev": "168", "njev": "24", "status": "0", "success": "True", "message": "Optimization terminated successfully.", "x": "[1.37186707 7.00529067 3.25092142 3.62052334 3.72168373 5.70420795]", "nit": "22", "callback": [0.7037070827427496, 0.6895267970005964, 0.6639963444225194, 0.6268752370948767, 0.6042168244365629, 0.49775075192605656, 0.3527405296924353, 0.33284148541254555, 0.3221532015430407, 0.3167306878158693, 0.3161197321780299, 0.3156050609287746, 0.31478534372694833, 0.3136222432885042, 0.31267920076718303, 0.31198891094576775, 0.31185369199595925, 0.3118465606019333, 0.31184508476463313, 0.3118444376315854, 0.31184436164701934, 0.3118443584966255]}, "3": {"maxiter": 100, "gtol": 1e-05, "xrtol": 1e-10, "eps": 1e-10, "duration": 0.03996419906616211, "fun": "0.3118443584451832", "jac": "[ 0.00000000e+00  2.22044587e-06 -2.22044587e-06  3.33066880e-06\n  2.22044587e-06  3.33066880e-06]", "hess_inv": "[[ 3.10863714  0.0823306   0.09661297 -0.72329925  1.38400156  1.17588653]\n [ 0.0823306   3.20905598 -0.53807758 -0.1866692  -0.656671   -1.30218012]\n [ 0.09661297 -0.53807758  3.19678849 -0.10984488  2.04766287  1.74789016]\n [-0.72329925 -0.1866692  -0.10984488  3.00653854 -0.40341099 -0.41299902]\n [ 1.38400156 -0.656671    2.04766287 -0.40341099 14.79425394 13.02478268]\n [ 1.17588653 -1.30218012  1.74789016 -0.41299902 13.02478268 14.4873966 ]]", "nfev": "168", "njev": "24", "status": "0", "success": "True", "message": "Optimization terminated successfully.", "x": "[1.37187692 7.00529078 3.25092859 3.62053455 3.72172353 5.7042518 ]", "nit": "22", "callback": [0.703707053621021, 0.6895269349733717, 0.6639970195700682, 0.6268765223042698, 0.6042208816084482, 0.49750656264223336, 0.35253647512505415, 0.33274505042477465, 0.32205662503601784, 0.3167290723924806, 0.3161188569333858, 0.31560681797367496, 0.31478817698895967, 0.3136237335487634, 0.31268176091739885, 0.31199502951882385, 0.311853845054222, 0.3118465136523053, 0.31184508437640857, 0.31184444314090654, 0.3118443633345134, 0.3118443584451832]}, "4": {"maxiter": 100, "gtol": 1e-10, "xrtol": 1e-05, "eps": 1e-05, "duration": 0.04407691955566406, "fun": "0.3118443584913998", "jac": "[-1.95508054e-06  6.95843383e-07 -2.33857378e-06 -3.01758618e-07\n  1.10353948e-06  4.13902246e-07]", "hess_inv": "[[ 3.11143198  0.0968846   0.08123187 -0.72417749  1.10528305  0.96502724]\n [ 0.0968846   3.20126608 -0.49810256 -0.18587083 -0.54106825 -1.22231714]\n [ 0.08123187 -0.49810256  3.14135524 -0.11345107  1.64816771  1.45496575]\n [-0.72417749 -0.18587083 -0.11345107  3.0033263  -0.39737769 -0.40826127]\n [ 1.10528305 -0.54106825  1.64816771 -0.39737769 15.09068291 13.39228175]\n [ 0.96502724 -1.22231714  1.45496575 -0.40826127 13.39228175 14.87570991]]", "nfev": "182", "njev": "26", "status": "0", "success": "True", "message": "Optimization terminated successfully.", "x": "[1.37186862 7.00528994 3.25092332 3.62052332 3.72167798 5.7042026 ]", "nit": "23", "callback": [0.7037070827427496, 0.6895267970005964, 0.6639963444225194, 0.6268752370948767, 0.6042168244365629, 0.49775075192605656, 0.3527405296924353, 0.33284148541254555, 0.3221532015430407, 0.3167306878158693, 0.3161197321780299, 0.3156050609287746, 0.31478534372694833, 0.3136222432885042, 0.31267920076718303, 0.31198891094576775, 0.31185369199595925, 0.3118465606019333, 0.31184508476463313, 0.3118444376315854, 0.31184436164701934, 0.3118443584966255, 0.3118443584913998]}, "5": {"maxiter": 100, "gtol": 1e-10, "xrtol": 1e-05, "eps": 1e-10, "duration": 0.04291796684265137, "fun": "0.3118443584320204", "jac": "[ 0.00000000e+00  0.00000000e+00 -2.22044587e-06  2.22044587e-06\n -1.11022293e-06  0.00000000e+00]", "hess_inv": "[[ 3.10848966  0.06523053  0.11236061 -0.7154577   1.58041846  1.32403421]\n [ 0.06523053  3.17875177 -0.52303305 -0.20414634 -0.64572265 -1.35734317]\n [ 0.11236061 -0.52303305  3.19486418 -0.08764476  2.18754929  1.91222243]\n [-0.7154577  -0.20414634 -0.08764476  3.02944414 -0.04264579 -0.11078952]\n [ 1.58041846 -0.64572265  2.18754929 -0.04264579 18.59915751 16.6340592 ]\n [ 1.32403421 -1.35734317  1.91222243 -0.11078952 16.6340592  17.76946889]]", "nfev": "182", "njev": "26", "status": "0", "success": "True", "message": "Optimization terminated successfully.", "x": "[1.37187548 7.00529035 3.25092788 3.62053206 3.72169954 5.70422828]", "nit": "23", "callback": [0.703707053621021, 0.6895269349733717, 0.6639970195700682, 0.6268765223042698, 0.6042208816084482, 0.49750656264223336, 0.35253647512505415, 0.33274505042477465, 0.32205662503601784, 0.3167290723924806, 0.3161188569333858, 0.31560681797367496, 0.31478817698895967, 0.3136237335487634, 0.31268176091739885, 0.31199502951882385, 0.311853845054222, 0.3118465136523053, 0.31184508437640857, 0.31184444314090654, 0.3118443633345134, 0.3118443584451832, 0.3118443584320204]}, "6": {"maxiter": 100, "gtol": 1e-10, "xrtol": 1e-10, "eps": 1e-05, "duration": 0.09240007400512695, "fun": "0.3118443584905143", "jac": "[-1.53150825e-06  5.45941070e-07 -1.83217885e-06 -2.35356179e-07\n  8.62465654e-07  3.25706129e-07]", "hess_inv": "[[ 3.14562092  0.05580229  0.13584713 -0.72053065  1.06886937  0.90312335]\n [ 0.05580229  3.23258453 -0.55450533 -0.1871742  -0.43204634 -1.10738232]\n [ 0.13584713 -0.55450533  3.22388581 -0.10919878  1.5566383   1.33535056]\n [-0.72053065 -0.1871742  -0.10919878  3.00317753 -0.41234932 -0.42174913]\n [ 1.06886937 -0.43204634  1.5566383  -0.41234932 14.89326037 13.31144649]\n [ 0.90312335 -1.10738232  1.33535056 -0.42174913 13.31144649 14.89659997]]", "nfev": "396", "njev": "55", "status": "2", "success": "False", "message": "Desired error not necessarily achieved due to precision loss.", "x": "[1.37186963 7.00528938 3.25092459 3.62052332 3.7216745  5.70419927]", "nit": "24", "callback": [0.7037070827427496, 0.6895267970005964, 0.6639963444225194, 0.6268752370948767, 0.6042168244365629, 0.49775075192605656, 0.3527405296924353, 0.33284148541254555, 0.3221532015430407, 0.3167306878158693, 0.3161197321780299, 0.3156050609287746, 0.31478534372694833, 0.3136222432885042, 0.31267920076718303, 0.31198891094576775, 0.31185369199595925, 0.3118465606019333, 0.31184508476463313, 0.3118444376315854, 0.31184436164701934, 0.3118443584966255, 0.3118443584913998, 0.3118443584905143]}, "7": {"maxiter": 100, "gtol": 1e-10, "xrtol": 1e-10, "eps": 1e-10, "duration": 0.05878877639770508, "fun": "0.3118443584112184", "jac": "[-2.22044587e-06 -2.22044587e-06 -1.11022293e-06 -1.11022293e-06\n  0.00000000e+00 -1.11022293e-06]", "hess_inv": "[[ 3.27036001  0.56637485  4.0185415  -1.91600227 -1.1446918  -3.57736916]\n [ 0.56637485  3.06071433  0.06859588 -0.34543676 -0.03849122 -1.02715774]\n [ 4.0185415   0.06859588 15.64258937 -2.49927909 -0.32870679 -7.61543271]\n [-1.91600227 -0.34543676 -2.49927909  2.83506917  0.17091487  1.66418234]\n [-1.1446918  -0.03849122 -0.32870679  0.17091487  2.07023265  0.91671999]\n [-3.57736916 -1.02715774 -7.61543271  1.66418234  0.91671999  6.7197465 ]]", "nfev": "252", "njev": "36", "status": "0", "success": "True", "message": "Optimization terminated successfully.", "x": "[1.37187707 7.00529    3.2509383  3.62052528 3.72170158 5.70422622]", "nit": "26", "callback": [0.703707053621021, 0.6895269349733717, 0.6639970195700682, 0.6268765223042698, 0.6042208816084482, 0.49750656264223336, 0.35253647512505415, 0.33274505042477465, 0.32205662503601784, 0.3167290723924806, 0.3161188569333858, 0.31560681797367496, 0.31478817698895967, 0.3136237335487634, 0.31268176091739885, 0.31199502951882385, 0.311853845054222, 0.3118465136523053, 0.31184508437640857, 0.31184444314090654, 0.3118443633345134, 0.3118443584451832, 0.3118443584320204, 0.31184435841362657, 0.3118443584112184, 0.3118443584112184]}, "8": {"maxiter": 500, "gtol": 1e-05, "xrtol": 1e-05, "eps": 1e-05, "duration": 0.03883194923400879, "fun": "0.3118443584966255", "jac": "[-2.61342059e-06  8.85069795e-07 -3.11932702e-06 -3.95250499e-07\n  1.53902446e-06  5.04984943e-07]", "hess_inv": "[[ 3.09808637  0.07905676  0.07905339 -0.71502868  1.32969917  1.138191  ]\n [ 0.07905676  3.23457336 -0.53453987 -0.19487481 -0.65490954 -1.29147395]\n [ 0.07905339 -0.53453987  3.1606778  -0.09949973  1.92757277  1.65959302]\n [-0.71502868 -0.19487481 -0.09949973  3.00494142 -0.39752643 -0.41531907]\n [ 1.32969917 -0.65490954  1.92757277 -0.39752643 14.31207912 12.65619478]\n [ 1.138191   -1.29147395  1.65959302 -0.41531907 12.65619478 14.2094421 ]]", "nfev": "168", "njev": "24", "status": "0", "success": "True", "message": "Optimization terminated successfully.", "x": "[1.37186707 7.00529067 3.25092142 3.62052334 3.72168373 5.70420795]", "nit": "22", "callback": [0.7037070827427496, 0.6895267970005964, 0.6639963444225194, 0.6268752370948767, 0.6042168244365629, 0.49775075192605656, 0.3527405296924353, 0.33284148541254555, 0.3221532015430407, 0.3167306878158693, 0.3161197321780299, 0.3156050609287746, 0.31478534372694833, 0.3136222432885042, 0.31267920076718303, 0.31198891094576775, 0.31185369199595925, 0.3118465606019333, 0.31184508476463313, 0.3118444376315854, 0.31184436164701934, 0.3118443584966255]}, "9": {"maxiter": 500, "gtol": 1e-05, "xrtol": 1e-05, "eps": 1e-10, "duration": 0.03788900375366211, "fun": "0.3118443584451832", "jac": "[ 0.00000000e+00  2.22044587e-06 -2.22044587e-06  3.33066880e-06\n  2.22044587e-06  3.33066880e-06]", "hess_inv": "[[ 3.10863714  0.0823306   0.09661297 -0.72329925  1.38400156  1.17588653]\n [ 0.0823306   3.20905598 -0.53807758 -0.1866692  -0.656671   -1.30218012]\n [ 0.09661297 -0.53807758  3.19678849 -0.10984488  2.04766287  1.74789016]\n [-0.72329925 -0.1866692  -0.10984488  3.00653854 -0.40341099 -0.41299902]\n [ 1.38400156 -0.656671    2.04766287 -0.40341099 14.79425394 13.02478268]\n [ 1.17588653 -1.30218012  1.74789016 -0.41299902 13.02478268 14.4873966 ]]", "nfev": "168", "njev": "24", "status": "0", "success": "True", "message": "Optimization terminated successfully.", "x": "[1.37187692 7.00529078 3.25092859 3.62053455 3.72172353 5.7042518 ]", "nit": "22", "callback": [0.703707053621021, 0.6895269349733717, 0.6639970195700682, 0.6268765223042698, 0.6042208816084482, 0.49750656264223336, 0.35253647512505415, 0.33274505042477465, 0.32205662503601784, 0.3167290723924806, 0.3161188569333858, 0.31560681797367496, 0.31478817698895967, 0.3136237335487634, 0.31268176091739885, 0.31199502951882385, 0.311853845054222, 0.3118465136523053, 0.31184508437640857, 0.31184444314090654, 0.3118443633345134, 0.3118443584451832]}, "10": {"maxiter": 500, "gtol": 1e-05, "xrtol": 1e-10, "eps": 1e-05, "duration": 0.0376739501953125, "fun": "0.3118443584966255", "jac": "[-2.61342059e-06  8.85069795e-07 -3.11932702e-06 -3.95250499e-07\n  1.53902446e-06  5.04984943e-07]", "hess_inv": "[[ 3.09808637  0.07905676  0.07905339 -0.71502868  1.32969917  1.138191  ]\n [ 0.07905676  3.23457336 -0.53453987 -0.19487481 -0.65490954 -1.29147395]\n [ 0.07905339 -0.53453987  3.1606778  -0.09949973  1.92757277  1.65959302]\n [-0.71502868 -0.19487481 -0.09949973  3.00494142 -0.39752643 -0.41531907]\n [ 1.32969917 -0.65490954  1.92757277 -0.39752643 14.31207912 12.65619478]\n [ 1.138191   -1.29147395  1.65959302 -0.41531907 12.65619478 14.2094421 ]]", "nfev": "168", "njev": "24", "status": "0", "success": "True", "message": "Optimization terminated successfully.", "x": "[1.37186707 7.00529067 3.25092142 3.62052334 3.72168373 5.70420795]", "nit": "22", "callback": [0.7037070827427496, 0.6895267970005964, 0.6639963444225194, 0.6268752370948767, 0.6042168244365629, 0.49775075192605656, 0.3527405296924353, 0.33284148541254555, 0.3221532015430407, 0.3167306878158693, 0.3161197321780299, 0.3156050609287746, 0.31478534372694833, 0.3136222432885042, 0.31267920076718303, 0.31198891094576775, 0.31185369199595925, 0.3118465606019333, 0.31184508476463313, 0.3118444376315854, 0.31184436164701934, 0.3118443584966255]}, "11": {"maxiter": 500, "gtol": 1e-05, "xrtol": 1e-10, "eps": 1e-10, "duration": 0.03762507438659668, "fun": "0.3118443584451832", "jac": "[ 0.00000000e+00  2.22044587e-06 -2.22044587e-06  3.33066880e-06\n  2.22044587e-06  3.33066880e-06]", "hess_inv": "[[ 3.10863714  0.0823306   0.09661297 -0.72329925  1.38400156  1.17588653]\n [ 0.0823306   3.20905598 -0.53807758 -0.1866692  -0.656671   -1.30218012]\n [ 0.09661297 -0.53807758  3.19678849 -0.10984488  2.04766287  1.74789016]\n [-0.72329925 -0.1866692  -0.10984488  3.00653854 -0.40341099 -0.41299902]\n [ 1.38400156 -0.656671    2.04766287 -0.40341099 14.79425394 13.02478268]\n [ 1.17588653 -1.30218012  1.74789016 -0.41299902 13.02478268 14.4873966 ]]", "nfev": "168", "njev": "24", "status": "0", "success": "True", "message": "Optimization terminated successfully.", "x": "[1.37187692 7.00529078 3.25092859 3.62053455 3.72172353 5.7042518 ]", "nit": "22", "callback": [0.703707053621021, 0.6895269349733717, 0.6639970195700682, 0.6268765223042698, 0.6042208816084482, 0.49750656264223336, 0.35253647512505415, 0.33274505042477465, 0.32205662503601784, 0.3167290723924806, 0.3161188569333858, 0.31560681797367496, 0.31478817698895967, 0.3136237335487634, 0.31268176091739885, 0.31199502951882385, 0.311853845054222, 0.3118465136523053, 0.31184508437640857, 0.31184444314090654, 0.3118443633345134, 0.3118443584451832]}, "12": {"maxiter": 500, "gtol": 1e-10, "xrtol": 1e-05, "eps": 1e-05, "duration": 0.04102611541748047, "fun": "0.3118443584913998", "jac": "[-1.95508054e-06  6.95843383e-07 -2.33857378e-06 -3.01758618e-07\n  1.10353948e-06  4.13902246e-07]", "hess_inv": "[[ 3.11143198  0.0968846   0.08123187 -0.72417749  1.10528305  0.96502724]\n [ 0.0968846   3.20126608 -0.49810256 -0.18587083 -0.54106825 -1.2223