{"date": "2024/09/25/, 17:07:21", "conf_id": 276, "data_type": "var_s_rank\n", "num_data_points": 2, "s_rank": 0, "unitary": "[[-0.56303964-0.00798273j,-0.21670212-0.15784972j,-0.06047197-0.73952673j,-0.01438004+0.24552571j],[-0.06976756+0.23474685j,-0.01275565-0.5435098j,-0.02703657-0.08917885j,-0.08210486-0.79311774j],[-0.38559961+0.10714929j,0.5933431-0.2687392j,-0.24060861+0.29149289j,-0.45147719+0.26241743j],[-0.50180421+0.45931857j,-0.11617175+0.44134496j,0.49642745+0.22684508j,-0.08544628-0.15407063j]]", "databatch_0": {"databatch": "[[[0.13125257-0.18455726j,0.09464945+0.05744995j,-0.19404952+0.08249933j,-0.00693059-0.00540661j],[0.00843359+0.18988673j,-0.25675962-0.12700585j,0.3079311-0.01818446j,0.00833671+0.11801487j],[0.05494907+0.17781957j,-0.16567219-0.10625419j,0.02296017-0.22297151j,0.13051296-0.02871414j],[0.3338596-0.06039523j,0.22132967+0.35171127j,-0.29419839-0.24953791j,0.09081386-0.27970684j]],[[-0.22645513+0.21797435j,-0.31068018+0.06040155j,-0.03650599+0.02999168j,-0.2379176+0.00255217j],[-0.00498685-0.24896976j,0.04003942+0.10815363j,0.07127418-0.26511328j,-0.31526849+0.05578633j],[0.03831045+0.07557724j,-0.01917266+0.05350896j,-0.2183874-0.38481562j,0.12607087-0.19721909j],[-0.23741308-0.08111711j,0.14308468+0.28581822j,0.05913182+0.08821442j,0.10512979-0.2014747j]]]", "initial param values": "[2.01381049,1.93096155,1.83274741,3.07257502,4.88953809,2.43554381]", "nelder_mead": {"type": "gradient-free", "0": {"maxiter": 100, "fatol": 1e-05, "xatol": 1e-05, "duration": 0.04087114334106445, "fun": "0.4852965443087922", "nit": "100", "nfev": "155", "status": "2", "success": "False", "message": "Maximum number of iterations has been exceeded.", "x": "[1.72717593 0.18488613 1.01340555 1.89112646 6.82759303 4.73536267]", "final_simplex": "(array([[ 1.72717593,  0.18488613,  1.01340555,  1.89112646,  6.82759303,\n         4.73536267],\n       [ 1.64792054, -0.07585634,  0.88679975,  1.93121856,  6.92567734,\n         4.74955767],\n       [ 1.71765261,  0.06235524,  0.95008546,  1.86031902,  6.99392507,\n         4.64244141],\n       [ 1.77797416,  0.1637843 ,  1.17743166,  1.77415456,  7.09160723,\n         4.55246876],\n       [ 1.79771348,  0.22797491,  0.99657117,  1.98006049,  6.91631409,\n         4.43328972],\n       [ 1.90054597, -0.06142941,  0.90662317,  1.84738563,  6.90652266,\n         4.78696269],\n       [ 1.98943274,  0.20719906,  1.15748125,  1.7856422 ,  6.87883669,\n         4.39837225]]), array([0.48529654, 0.48889002, 0.49164187, 0.49891999, 0.49943889,\n       0.50238893, 0.50530485]))", "callback": [0.7793726303250372, 0.6612851622808549, 0.6421849649154914, 0.5902812801120072, 0.5573981707394706, 0.5529201467598881, 0.5473242879912406, 0.5325935618327251, 0.5215509037269732, 0.5056106510310155]}, "1": {"maxiter": 100, "fatol": 1e-05, "xatol": 1e-10, "duration": 0.04057598114013672, "fun": "0.4852965443087922", "nit": "100", "nfev": "155", "status": "2", "success": "False", "message": "Maximum number of iterations has been exceeded.", "x": "[1.72717593 0.18488613 1.01340555 1.89112646 6.82759303 4.73536267]", "final_simplex": "(array([[ 1.72717593,  0.18488613,  1.01340555,  1.89112646,  6.82759303,\n         4.73536267],\n       [ 1.64792054, -0.07585634,  0.88679975,  1.93121856,  6.92567734,\n         4.74955767],\n       [ 1.71765261,  0.06235524,  0.95008546,  1.86031902,  6.99392507,\n         4.64244141],\n       [ 1.77797416,  0.1637843 ,  1.17743166,  1.77415456,  7.09160723,\n         4.55246876],\n       [ 1.79771348,  0.22797491,  0.99657117,  1.98006049,  6.91631409,\n         4.43328972],\n       [ 1.90054597, -0.06142941,  0.90662317,  1.84738563,  6.90652266,\n         4.78696269],\n       [ 1.98943274,  0.20719906,  1.15748125,  1.7856422 ,  6.87883669,\n         4.39837225]]), array([0.48529654, 0.48889002, 0.49164187, 0.49891999, 0.49943889,\n       0.50238893, 0.50530485]))", "callback": [0.7793726303250372, 0.6612851622808549, 0.6421849649154914, 0.5902812801120072, 0.5573981707394706, 0.5529201467598881, 0.5473242879912406, 0.5325935618327251, 0.5215509037269732, 0.5056106510310155]}, "2": {"maxiter": 100, "fatol": 1e-10, "xatol": 1e-05, "duration": 0.0397489070892334, "fun": "0.4852965443087922", "nit": "100", "nfev": "155", "status": "2", "success": "False", "message": "Maximum number of iterations has been exceeded.", "x": "[1.72717593 0.18488613 1.01340555 1.89112646 6.82759303 4.73536267]", "final_simplex": "(array([[ 1.72717593,  0.18488613,  1.01340555,  1.89112646,  6.82759303,\n         4.73536267],\n       [ 1.64792054, -0.07585634,  0.88679975,  1.93121856,  6.92567734,\n         4.74955767],\n       [ 1.71765261,  0.06235524,  0.95008546,  1.86031902,  6.99392507,\n         4.64244141],\n       [ 1.77797416,  0.1637843 ,  1.17743166,  1.77415456,  7.09160723,\n         4.55246876],\n       [ 1.79771348,  0.22797491,  0.99657117,  1.98006049,  6.91631409,\n         4.43328972],\n       [ 1.90054597, -0.06142941,  0.90662317,  1.84738563,  6.90652266,\n         4.78696269],\n       [ 1.98943274,  0.20719906,  1.15748125,  1.7856422 ,  6.87883669,\n         4.39837225]]), array([0.48529654, 0.48889002, 0.49164187, 0.49891999, 0.49943889,\n       0.50238893, 0.50530485]))", "callback": [0.7793726303250372, 0.6612851622808549, 0.6421849649154914, 0.5902812801120072, 0.5573981707394706, 0.5529201467598881, 0.5473242879912406, 0.5325935618327251, 0.5215509037269732, 0.5056106510310155]}, "3": {"maxiter": 100, "fatol": 1e-10, "xatol": 1e-10, "duration": 0.039490699768066406, "fun": "0.4852965443087922", "nit": "100", "nfev": "155", "status": "2", "success": "False", "message": "Maximum number of iterations has been exceeded.", "x": "[1.72717593 0.18488613 1.01340555 1.89112646 6.82759303 4.73536267]", "final_simplex": "(array([[ 1.72717593,  0.18488613,  1.01340555,  1.89112646,  6.82759303,\n         4.73536267],\n       [ 1.64792054, -0.07585634,  0.88679975,  1.93121856,  6.92567734,\n         4.74955767],\n       [ 1.71765261,  0.06235524,  0.95008546,  1.86031902,  6.99392507,\n         4.64244141],\n       [ 1.77797416,  0.1637843 ,  1.17743166,  1.77415456,  7.09160723,\n         4.55246876],\n       [ 1.79771348,  0.22797491,  0.99657117,  1.98006049,  6.91631409,\n         4.43328972],\n       [ 1.90054597, -0.06142941,  0.90662317,  1.84738563,  6.90652266,\n         4.78696269],\n       [ 1.98943274,  0.20719906,  1.15748125,  1.7856422 ,  6.87883669,\n         4.39837225]]), array([0.48529654, 0.48889002, 0.49164187, 0.49891999, 0.49943889,\n       0.50238893, 0.50530485]))", "callback": [0.7793726303250372, 0.6612851622808549, 0.6421849649154914, 0.5902812801120072, 0.5573981707394706, 0.5529201467598881, 0.5473242879912406, 0.5325935618327251, 0.5215509037269732, 0.5056106510310155]}, "4": {"maxiter": 500, "fatol": 1e-05, "xatol": 1e-05, "duration": 0.12153387069702148, "fun": "0.45657221600831244", "nit": "322", "nfev": "512", "status": "0", "success": "True", "message": "Optimization terminated successfully.", "x": "[1.14902057 0.06402206 0.90954043 1.55888361 6.61680555 4.93405272]", "final_simplex": "(array([[1.14902057, 0.06402206, 0.90954043, 1.55888361, 6.61680555,\n        4.93405272],\n       [1.14901871, 0.06402533, 0.90954302, 1.55888269, 6.61680191,\n        4.93404718],\n       [1.14902117, 0.06402301, 0.90953984, 1.55889006, 6.61680366,\n        4.93405064],\n       [1.14901654, 0.06402393, 0.90954101, 1.55888492, 6.61680253,\n        4.93405156],\n       [1.14902378, 0.0640199 , 0.90954054, 1.55888999, 6.61680288,\n        4.93405192],\n       [1.14901912, 0.06402107, 0.90954066, 1.55888746, 6.61680405,\n        4.93404841],\n       [1.14901986, 0.06402627, 0.9095346 , 1.55888737, 6.61680118,\n        4.93405324]]), array([0.45657222, 0.45657222, 0.45657222, 0.45657222, 0.45657222,\n       0.45657222, 0.45657222]))", "callback": [0.7793726303250372, 0.6612851622808549, 0.6421849649154914, 0.5902812801120072, 0.5573981707394706, 0.5529201467598881, 0.5473242879912406, 0.5325935618327251, 0.5215509037269732, 0.5056106510310155, 0.4852965443087922, 0.4773148236674569, 0.471991348966889, 0.467032524374006, 0.4624918208579253, 0.4595483239666671, 0.458413847676409, 0.45756472128147396, 0.4567604485219803, 0.4566088403287556, 0.4565858460789052, 0.45657901832288483, 0.4565739107633362, 0.4565726088481713, 0.4565722911127921, 0.45657223394737523, 0.4565722197342439, 0.45657221714668406, 0.45657221633042155, 0.4565722160812138, 0.45657221603905884, 0.4565722160161375, 0.45657221600831244]}, "5": {"maxiter": 500, "fatol": 1e-05, "xatol": 1e-10, "duration": 0.1752009391784668, "fun": "0.4565722160040556", "nit": "455", "nfev": "775", "status": "0", "success": "True", "message": "Optimization terminated successfully.", "x": "[1.14902573 0.06402719 0.90954261 1.55888491 6.61680586 4.93404523]", "final_simplex": "(array([[1.14902573, 0.06402719, 0.90954261, 1.55888491, 6.61680586,\n        4.93404523],\n       [1.14902573, 0.06402719, 0.90954261, 1.55888491, 6.61680586,\n        4.93404523],\n       [1.14902573, 0.06402719, 0.90954261, 1.55888491, 6.61680586,\n        4.93404523],\n       [1.14902573, 0.06402719, 0.90954261, 1.55888491, 6.61680586,\n        4.93404523],\n       [1.14902573, 0.06402719, 0.90954261, 1.55888491, 6.61680586,\n        4.93404523],\n       [1.14902573, 0.06402719, 0.90954261, 1.55888491, 6.61680586,\n        4.93404523],\n       [1.14902573, 0.06402719, 0.90954261, 1.55888491, 6.61680586,\n        4.93404523]]), array([0.45657222, 0.45657222, 0.45657222, 0.45657222, 0.45657222,\n       0.45657222, 0.45657222]))", "callback": [0.7793726303250372, 0.6612851622808549, 0.6421849649154914, 0.5902812801120072, 0.5573981707394706, 0.5529201467598881, 0.5473242879912406, 0.5325935618327251, 0.5215509037269732, 0.5056106510310155, 0.4852965443087922, 0.4773148236674569, 0.471991348966889, 0.467032524374006, 0.4624918208579253, 0.4595483239666671, 0.458413847676409, 0.45756472128147396, 0.4567604485219803, 0.4566088403287556, 0.4565858460789052, 0.45657901832288483, 0.4565739107633362, 0.4565726088481713, 0.4565722911127921, 0.45657223394737523, 0.4565722197342439, 0.45657221714668406, 0.45657221633042155, 0.4565722160812138, 0.45657221603905884, 0.4565722160161375, 0.45657221600831244, 0.45657221600649034, 0.4565722160058088, 0.4565722160050819, 0.4565722160046317, 0.45657221600423836, 0.4565722160040946, 0.45657221600406395, 0.4565722160040573, 0.4565722160040562, 0.45657221600405573, 0.4565722160040556, 0.4565722160040556, 0.4565722160040556]}, "6": {"maxiter": 500, "fatol": 1e-10, "xatol": 1e-05, "duration": 0.12143588066101074, "fun": "0.45657221600831244", "nit": "322", "nfev": "512", "status": "0", "success": "True", "message": "Optimization terminated successfully.", "x": "[1.14902057 0.06402206 0.90954043 1.55888361 6.61680555 4.93405272]", "final_simplex": "(array([[1.14902057, 0.06402206, 0.90954043, 1.55888361, 6.61680555,\n        4.93405272],\n       [1.14901871, 0.06402533, 0.90954302, 1.55888269, 6.61680191,\n        4.93404718],\n       [1.14902117, 0.06402301, 0.90953984, 1.55889006, 6.61680366,\n        4.93405064],\n       [1.14901654, 0.06402393, 0.90954101, 1.55888492, 6.61680253,\n        4.93405156],\n       [1.14902378, 0.0640199 , 0.90954054, 1.55888999, 6.61680288,\n        4.93405192],\n       [1.14901912, 0.06402107, 0.90954066, 1.55888746, 6.61680405,\n        4.93404841],\n       [1.14901986, 0.06402627, 0.9095346 , 1.55888737, 6.61680118,\n        4.93405324]]), array([0.45657222, 0.45657222, 0.45657222, 0.45657222, 0.45657222,\n       0.45657222, 0.45657222]))", "callback": [0.7793726303250372, 0.6612851622808549, 0.6421849649154914, 0.5902812801120072, 0.5573981707394706, 0.5529201467598881, 0.5473242879912406, 0.5325935618327251, 0.5215509037269732, 0.5056106510310155, 0.4852965443087922, 0.4773148236674569, 0.471991348966889, 0.467032524374006, 0.4624918208579253, 0.4595483239666671, 0.458413847676409, 0.45756472128147396, 0.4567604485219803, 0.4566088403287556, 0.4565858460789052, 0.45657901832288483, 0.4565739107633362, 0.4565726088481713, 0.4565722911127921, 0.45657223394737523, 0.4565722197342439, 0.45657221714668406, 0.45657221633042155, 0.4565722160812138, 0.45657221603905884, 0.4565722160161375, 0.45657221600831244]}, "7": {"maxiter": 500, "fatol": 1e-10, "xatol": 1e-10, "duration": 0.18491697311401367, "fun": "0.4565722160040556", "nit": "455", "nfev": "775", "status": "0", "success": "True", "message": "Optimization terminated successfully.", "x": "[1.14902573 0.06402719 0.90954261 1.55888491 6.61680586 4.93404523]", "final_simplex": "(array([[1.14902573, 0.06402719, 0.90954261, 1.55888491, 6.61680586,\n        4.93404523],\n       [1.14902573, 0.06402719, 0.90954261, 1.55888491, 6.61680586,\n        4.93404523],\n       [1.14902573, 0.06402719, 0.90954261, 1.55888491, 6.61680586,\n        4.93404523],\n       [1.14902573, 0.06402719, 0.90954261, 1.55888491, 6.61680586,\n        4.93404523],\n       [1.14902573, 0.06402719, 0.90954261, 1.55888491, 6.61680586,\n        4.93404523],\n       [1.14902573, 0.06402719, 0.90954261, 1.55888491, 6.61680586,\n        4.93404523],\n       [1.14902573, 0.06402719, 0.90954261, 1.55888491, 6.61680586,\n        4.93404523]]), array([0.45657222, 0.45657222, 0.45657222, 0.45657222, 0.45657222,\n       0.45657222, 0.45657222]))", "callback": [0.7793726303250372, 0.6612851622808549, 0.6421849649154914, 0.5902812801120072, 0.5573981707394706, 0.5529201467598881, 0.5473242879912406, 0.5325935618327251, 0.5215509037269732, 0.5056106510310155, 0.4852965443087922, 0.4773148236674569, 0.471991348966889, 0.467032524374006, 0.4624918208579253, 0.4595483239666671, 0.458413847676409, 0.45756472128147396, 0.4567604485219803, 0.4566088403287556, 0.4565858460789052, 0.45657901832288483, 0.4565739107633362, 0.4565726088481713, 0.4565722911127921, 0.45657223394737523, 0.4565722197342439, 0.45657221714668406, 0.45657221633042155, 0.4565722160812138, 0.45657221603905884, 0.4565722160161375, 0.45657221600831244, 0.45657221600649034, 0.4565722160058088, 0.4565722160050819, 0.4565722160046317, 0.45657221600423836, 0.4565722160040946, 0.45657221600406395, 0.4565722160040573, 0.4565722160040562, 0.45657221600405573, 0.4565722160040556, 0.4565722160040556, 0.4565722160040556]}, "8": {"maxiter": 1000, "fatol": 1e-05, "xatol": 1e-05, "duration": 0.11548304557800293, "fun": "0.45657221600831244", "nit": "322", "nfev": "512", "status": "0", "success": "True", "message": "Optimization terminated successfully.", "x": "[1.14902057 0.06402206 0.90954043 1.55888361 6.61680555 4.93405272]", "final_simplex": "(array([[1.14902057, 0.06402206, 0.90954043, 1.55888361, 6.61680555,\n        4.93405272],\n       [1.14901871, 0.06402533, 0.90954302, 1.55888269, 6.61680191,\n        4.93404718],\n       [1.14902117, 0.06402301, 0.90953984, 1.55889006, 6.61680366,\n        4.93405064],\n       [1.14901654, 0.06402393, 0.90954101, 1.55888492, 6.61680253,\n        4.93405156],\n       [1.14902378, 0.0640199 , 0.90954054, 1.55888999, 6.61680288,\n        4.93405192],\n       [1.14901912, 0.06402107, 0.90954066, 1.55888746, 6.61680405,\n        4.93404841],\n       [1.14901986, 0.06402627, 0.9095346 , 1.55888737, 6.61680118,\n        4.93405324]]), array([0.45657222, 0.45657222, 0.45657222, 0.45657222, 0.45657222,\n       0.45657222, 0.45657222]))", "callback": [0.7793726303250372, 0.6612851622808549, 0.6421849649154914, 0.5902812801120072, 0.5573981707394706, 0.5529201467598881, 0.5473242879912406, 0.5325935618327251, 0.5215509037269732, 0.5056106510310155, 0.4852965443087922, 0.4773148236674569, 0.471991348966889, 0.467032524374006, 0.4624918208579253, 0.4595483239666671, 0.458413847676409, 0.45756472128147396, 0.4567604485219803, 0.4566088403287556, 0.4565858460789052, 0.45657901832288483, 0.4565739107633362, 0.4565726088481713, 0.4565722911127921, 0.45657223394737523, 0.4565722197342439, 0.45657221714668406, 0.45657221633042155, 0.4565722160812138, 0.45657221603905884, 0.4565722160161375, 0.45657221600831244]}, "9": {"maxiter": 1000, "fatol": 1e-05, "xatol": 1e-10, "duration": 0.17575311660766602, "fun": "0.4565722160040556", "nit": "455", "nfev": "775", "status": "0", "success": "True", "message": "Optimization terminated successfully.", "x": "[1.14902573 0.06402719 0.90954261 1.55888491 6.61680586 4.93404523]", "final_simplex": "(array([[1.14902573, 0.06402719, 0.90954261, 1.55888491, 6.61680586,\n        4.93404523],\n       [1.14902573, 0.06402719, 0.90954261, 1.55888491, 6.61680586,\n        4.93404523],\n       [1.14902573, 0.06402719, 0.90954261, 1.55888491, 6.61680586,\n        4.93404523],\n       [1.14902573, 0.06402719, 0.90954261, 1.55888491, 6.61680586,\n        4.93404523],\n       [1.14902573, 0.06402719, 0.90954261, 1.55888491, 6.61680586,\n        4.93404523],\n       [1.14902573, 0.06402719, 0.90954261, 1.55888491, 6.61680586,\n        4.93404523],\n       [1.14902573, 0.06402719, 0.90954261, 1.55888491, 6.61680586,\n        4.93404523]]), array([0.45657222, 0.45657222, 0.45657222, 0.45657222, 0.45657222,\n       0.45657222, 0.45657222]))", "callback": [0.7793726303250372, 0.6612851622808549, 0.6421849649154914, 0.5902812801120072, 0.5573981707394706, 0.5529201467598881, 0.5473242879912406, 0.5325935618327251, 0.5215509037269732, 0.5056106510310155, 0.4852965443087922, 0.4773148236674569, 0.471991348966889, 0.467032524374006, 0.4624918208579253, 0.4595483239666671, 0.458413847676409, 0.45756472128147396, 0.4567604485219803, 0.4566088403287556, 0.4565858460789052, 0.45657901832288483, 0.4565739107633362, 0.4565726088481713, 0.4565722911127921, 0.45657223394737523, 0.4565722197342439, 0.45657221714668406, 0.45657221633042155, 0.4565722160812138, 0.45657221603905884, 0.4565722160161375, 0.45657221600831244, 0.45657221600649034, 0.4565722160058088, 0.4565722160050819, 0.4565722160046317, 0.45657221600423836, 0.4565722160040946, 0.45657221600406395, 0.4565722160040573, 0.4565722160040562, 0.45657221600405573, 0.4565722160040556, 0.4565722160040556, 0.4565722160040556]}, "10": {"maxiter": 1000, "fatol": 1e-10, "xatol": 1e-05, "duration": 0.1352977752685547, "fun": "0.45657221600831244", "nit": "322", "nfev": "512", "status": "0", "success": "True", "message": "Optimization terminated successfully.", "x": "[1.14902057 0.06402206 0.90954043 1.55888361 6.61680555 4.93405272]", "final_simplex": "(array([[1.14902057, 0.06402206, 0.90954043, 1.55888361, 6.61680555,\n        4.93405272],\n       [1.14901871, 0.06402533, 0.90954302, 1.55888269, 6.61680191,\n        4.93404718],\n       [1.14902117, 0.06402301, 0.90953984, 1.55889006, 6.61680366,\n        4.93405064],\n       [1.14901654, 0.06402393, 0.90954101, 1.55888492, 6.61680253,\n        4.93405156],\n       [1.14902378, 0.0640199 , 0.90954054, 1.55888999, 6.61680288,\n        4.93405192],\n       [1.14901912, 0.06402107, 0.90954066, 1.55888746, 6.61680405,\n        4.93404841],\n       [1.14901986, 0.06402627, 0.9095346 , 1.55888737, 6.61680118,\n        4.93405324]]), array([0.45657222, 0.45657222, 0.45657222, 0.45657222, 0.45657222,\n       0.45657222, 0.45657222]))", "callback": [0.7793726303250372, 0.6612851622808549, 0.6421849649154914, 0.5902812801120072, 0.5573981707394706, 0.5529201467598881, 0.5473242879912406, 0.5325935618327251, 0.5215509037269732, 0.5056106510310155, 0.4852965443087922, 0.4773148236674569, 0.471991348966889, 0.467032524374006, 0.4624918208579253, 0.4595483239666671, 0.458413847676409, 0.45756472128147396, 0.4567604485219803, 0.4566088403287556, 0.4565858460789052, 0.45657901832288483, 0.4565739107633362, 0.4565726088481713, 0.4565722911127921, 0.45657223394737523, 0.4565722197342439, 0.45657221714668406, 0.45657221633042155, 0.4565722160812138, 0.45657221603905884, 0.4565722160161375, 0.45657221600831244]}, "11": {"maxiter": 1000, "fatol": 1e-10, "xatol": 1e-10, "duration": 0.18016529083251953, "fun": "0.4565722160040556", "nit": "455", "nfev": "775", "status": "0", "success": "True", "message": "Optimization terminated successfully.", "x": "[1.14902573 0.06402719 0.90954261 1.55888491 6.61680586 4.93404523]", "final_simplex": "(array([[1.14902573, 0.06402719, 0.90954261, 1.55888491, 6.61680586,\n        4.93404523],\n       [1.14902573, 0.06402719, 0.90954261, 1.55888491, 6.61680586,\n        4.93404523],\n       [1.14902573, 0.06402719, 0.90954261, 1.55888491, 6.61680586,\n        4.93404523],\n       [1.14902573, 0.06402719, 0.90954261, 1.55888491, 6.61680586,\n        4.93404523],\n       [1.14902573, 0.06402719, 0.90954261, 1.55888491, 6.61680586,\n        4.93404523],\n       [1.14902573, 0.06402719, 0.90954261, 1.55888491, 6.61680586,\n        4.93404523],\n       [1.14902573, 0.06402719, 0.90954261, 1.55888491, 6.61680586,\n        4.93404523]]), array([0.45657222, 0.45657222, 0.45657222, 0.45657222, 0.45657222,\n       0.45657222, 0.45657222]))", "callback": [0.7793726303250372, 0.6612851622808549, 0.6421849649154914, 0.5902812801120072, 0.5573981707394706, 0.5529201467598881, 0.5473242879912406, 0.5325935618327251, 0.5215509037269732, 0.5056106510310155, 0.4852965443087922, 0.4773148236674569, 0.471991348966889, 0.467032524374006, 0.4624918208579253, 0.4595483239666671, 0.458413847676409, 0.45756472128147396, 0.4567604485219803, 0.4566088403287556, 0.4565858460789052, 0.45657901832288483, 0.4565739107633362, 0.4565726088481713, 0.4565722911127921, 0.45657223394737523, 0.4565722197342439, 0.45657221714668406, 0.45657221633042155, 0.4565722160812138, 0.45657221603905884, 0.4565722160161375, 0.45657221600831244, 0.45657221600649034, 0.4565722160058088, 0.4565722160050819, 0.4565722160046317, 0.45657221600423836, 0.4565722160040946, 0.45657221600406395, 0.4565722160040573, 0.4565722160040562, 0.45657221600405573, 0.4565722160040556, 0.4565722160040556, 0.4565722160040556]}}, "bfgs": {"type": "gradient", "0": {"maxiter": 100, "gtol": 1e-05, "xrtol": 1e-05, "eps": 1e-05, "duration": 0.06369590759277344, "fun": "0.45657221603977083", "jac": "[ 1.03698161e-06 -1.21033183e-06 -1.36665124e-06 -2.01997308e-06\n  1.04971587e-07 -2.58049138e-07]", "hess_inv": "[[ 7.53446605  1.70651878 -0.04496466  2.32615109  1.3798799  -3.46250687]\n [ 1.70651878  6.35370258 -0.54763185 -0.77831734 -0.17965022 -4.03059514]\n [-0.04496466 -0.54763185  7.0090354  -3.94972091  1.7577092  -1.82307371]\n [ 2.32615109 -0.77831734 -3.94972091  6.80326995 -0.34753744  0.50919178]\n [ 1.3798799  -0.17965022  1.7577092  -0.34753744  4.38612983 -1.31767872]\n [-3.46250687 -4.03059514 -1.82307371  0.50919178 -1.31767872  9.079913  ]]", "nfev": "259", "njev": "37", "status": "0", "success": "True", "message": "Optimization terminated successfully.", "x": "[1.14901672 0.06402068 0.90953755 1.55887297 6.61679886 4.93404914]", "nit": "33", "callback": [0.6620130521022163, 0.6567714670317919, 0.6489255272713843, 0.6426113894069649, 0.6348228079685578, 0.6208837501943298, 0.596081470302587, 0.588443373656996, 0.5800242891218265, 0.5696909687180323, 0.5580731939054095, 0.5525117802573667, 0.5445084861353777, 0.5369522222948786, 0.5234906405686495, 0.5051275082597366, 0.48883922095011034, 0.4824445287452337, 0.48072215817294095, 0.4775405295414884, 0.4715315999362565, 0.46171809224901006, 0.4589279533759888, 0.4570393671736802, 0.45680791709587365, 0.45669188619992285, 0.45661473959655585, 0.4565867027929076, 0.45657652853895003, 0.4565728742870917, 0.4565722600427664, 0.45657221704599993, 0.45657221603977083]}, "1": {"maxiter": 100, "gtol": 1e-05, "xrtol": 1e-05, "eps": 1e-10, "duration": 0.062127113342285156, "fun": "0.4565722160816943", "jac": "[ 0.00000000e+00 -3.33066926e-06 -4.44089173e-06 -1.11022293e-06\n  0.00000000e+00  0.00000000e+00]", "hess_inv": "[[ 7.18791454  1.48491009 -0.30456857  2.43493935  1.23424475 -3.12162898]\n [ 1.48491009  6.21644312 -0.77487391 -0.68679379 -0.29647333 -3.79018217]\n [-0.30456857 -0.77487391  7.09000191 -4.02523026  1.75412805 -1.64728756]\n [ 2.43493935 -0.68679379 -4.02523026  6.8626725  -0.36371004  0.45061404]\n [ 1.23424475 -0.29647333  1.75412805 -0.36371004  4.35676536 -1.20430932]\n [-3.12162898 -3.79018217 -1.64728756  0.45061404 -1.20430932  8.77514362]]", "nfev": "259", "njev": "37", "status": "0", "success": "True", "message": "Optimization terminated successfully.", "x": "[1.14901785 0.06400812 0.90951805 1.55889667 6.61679922 4.93407127]", "nit": "33", "callback": [0.6620127279851323, 0.6567713608839185, 0.6489255019928954, 0.6426107286189764, 0.6348233926907723, 0.6208861030771027, 0.5960866906427504, 0.5884430287579813, 0.5800262005355323, 0.5696950671174223, 0.5580782233172836, 0.5525165162227601, 0.5445139229475502, 0.5369621143037185, 0.5235085754837744, 0.505144572429356, 0.4888702238667956, 0.4824466994757035, 0.4807299687138915, 0.4775548089453917, 0.4715537910721026, 0.46173471267493227, 0.45897928249888087, 0.4570396209628562, 0.4568071442972773, 0.45669223764682887, 0.45661470945127824, 0.4565866348433726, 0.45657652566255, 0.45657287789512446, 0.45657225984642724, 0.45657221692625805, 0.4565722160816943]}, "2": {"maxiter": 100, "gtol": 1e-05, "xrtol": 1e-10, "eps": 1e-05, "duration": 0.06181192398071289, "fun": "0.45657221603977083", "jac": "[ 1.03698161e-06 -1.21033183e-06 -1.36665124e-06 -2.01997308e-06\n  1.04971587e-07 -2.58049138e-07]", "hess_inv": "[[ 7.53446605  1.70651878 -0.04496466  2.32615109  1.3798799  -3.46250687]\n [ 1.70651878  6.35370258 -0.54763185 -0.77831734 -0.17965022 -4.03059514]\n [-0.04496466 -0.54763185  7.0090354  -3.94972091  1.7577092  -1.82307371]\n [ 2.32615109 -0.77831734 -3.94972091  6.80326995 -0.34753744  0.50919178]\n [ 1.3798799  -0.17965022  1.7577092  -0.34753744  4.38612983 -1.31767872]\n [-3.46250687 -4.03059514 -1.82307371  0.50919178 -1.31767872  9.079913  ]]", "nfev": "259", "njev": "37", "status": "0", "success": "True", "message": "Optimization terminated successfully.", "x": "[1.14901672 0.06402068 0.90953755 1.55887297 6.61679886 4.93404914]", "nit": "33", "callback": [0.6620130521022163, 0.6567714670317919, 0.6489255272713843, 0.6426113894069649, 0.6348228079685578, 0.6208837501943298, 0.596081470302587, 0.588443373656996, 0.5800242891218265, 0.5696909687180323, 0.5580731939054095, 0.5525117802573667, 0.5445084861353777, 0.5369522222948786, 0.5234906405686495, 0.5051275082597366, 0.48883922095011034, 0.4824445287452337, 0.48072215817294095, 0.4775405295414884, 0.4715315999362565, 0.46171809224901006, 0.4589279533759888, 0.4570393671736802, 0.45680791709587365, 0.45669188619992285, 0.45661473959655585, 0.4565867027929076, 0.45657652853895003, 0.4565728742870917, 0.4565722600427664, 0.45657221704599993, 0.45657221603977083]}, "3": {"maxiter": 100, "gtol": 1e-05, "xrtol": 1e-10, "eps": 1e-10, "duration": 0.06157517433166504, "fun": "0.4565722160816943", "jac": "[ 0.00000000e+00 -3.33066926e-06 -4.44089173e-06 -1.11022293e-06\n  0.00000000e+00  0.00000000e+00]", "hess_inv": "[[ 7.18791454  1.48491009 -0.30456857  2.43493935  1.23424475 -3.12162898]\n [ 1.48491009  6.21644312 -0.77487391 -0.68679379 -0.29647333 -3.79018217]\n [-0.30456857 -0.77487391  7.09000191 -4.02523026  1.75412805 -1.64728756]\n [ 2.43493935 -0.68679379 -4.02523026  6.8626725  -0.36371004  0.45061404]\n [ 1.23424475 -0.29647333  1.75412805 -0.36371004  4.35676536 -1.20430932]\n [-3.12162898 -3.79018217 -1.64728756  0.45061404 -1.20430932  8.77514362]]", "nfev": "259", "njev": "37", "status": "0", "success": "True", "message": "Optimization terminated successfully.", "x": "[1.14901785 0.06400812 0.90951805 1.55889667 6.61679922 4.93407127]", "nit": "33", "callback": [0.6620127279851323, 0.6567713608839185, 0.6489255019928954, 0.6426107286189764, 0.6348233926907723, 0.6208861030771027, 0.5960866906427504, 0.5884430287579813, 0.5800262005355323, 0.5696950671174223, 0.5580782233172836, 0.5525165162227601, 0.5445139229475502, 0.5369621143037185, 0.5235085754837744, 0.505144572429356, 0.4888702238667956, 0.4824466994757035, 0.4807299687138915, 0.4775548089453917, 0.4715537910721026, 0.46173471267493227, 0.45897928249888087, 0.4570396209628562, 0.4568071442972773, 0.45669223764682887, 0.45661470945127824, 0.4565866348433726, 0.45657652566255, 0.45657287789512446, 0.45657225984642724, 0.45657221692625805, 0.4565722160816943]}, "4": {"maxiter": 100, "gtol": 1e-10, "xrtol": 1e-05, "eps": 1e-05, "duration": 0.06330323219299316, "fun": "0.456572216022306", "jac": "[ 9.18931597e-08  3.13526982e-08 -1.84252613e-07 -1.83075777e-07\n  5.03375119e-08  5.41344747e-08]", "hess_inv": "[[ 7.39409454  1.54085157  0.03301466  2.31557997  1.38129201 -3.37642333]\n [ 1.54085157  6.36236424 -0.49010117 -0.57840588 -0.20873367 -3.99235801]\n [ 0.03301466 -0.49010117  6.9715459  -3.97973568  1.7621206  -1.86018909]\n [ 2.31557997 -0.57840588 -3.97973568  7.02339565 -0.37941676  0.44976951]\n [ 1.38129201 -0.20873367  1.7621206  -0.37941676  4.39074659 -1.3090028 ]\n [-3.37642333 -3.99235801 -1.86018909  0.44976951 -1.3090028   9.04678253]]", "nfev": "266", "njev": "38", "status": "0", "success": "True", "message": "Optimization terminated successfully.", "x": "[1.14901462 0.06402394 0.90953774 1.55887877 6.61679802 4.93404864]", "nit": "34", "callback": [0.6620130521022163, 0.6567714670317919, 0.6489255272713843, 0.6426113894069649, 0.6348228079685578, 0.6208837501943298, 0.596081470302587, 0.588443373656996, 0.5800242891218265, 0.5696909687180323, 0.5580731939054095, 0.5525117802573667, 0.5445084861353777, 0.5369522222948786, 0.5234906405686495, 0.5051275082597366, 0.48883922095011034, 0.4824445287452337, 0.48072215817294095, 0.4775405295414884, 0.4715315999362565, 0.46171809224901006, 0.4589279533759888, 0.4570393671736802, 0.45680791709587365, 0.45669188619992285, 0.45661473959655585, 0.4565867027929076, 0.45657652853895003, 0.4565728742870917, 0.4565722600427664, 0.45657221704599993, 0.45657221603977083, 0.456572216022306]}, "5": {"maxiter": 100, "gtol": 1e-10, "xrtol": 1e-05, "eps": 1e-10, "duration": 0.0633399486541748, "fun": "0.45657221601096376", "jac": "[1.11022293e-06 1.11022309e-06 0.00000000e+00 2.22044587e-06\n 0.00000000e+00 0.00000000e+00]", "hess_inv": "[[ 7.13032019  1.57755976 -0.61665175  2.67685904  1.1146334  -3.00410534]\n [ 1.57755976  7.45025711 -0.77562533 -0.35395682 -0.45082946 -4.3214793 ]\n [-0.61665175 -0.77562533  5.58174096 -2.97686418  1.23207761 -0.88603477]\n [ 2.67685904 -0.35395682 -2.97686418  6.22347679 -0.04234593 -0.22172093]\n [ 1.1146334  -0.45082946  1.23207761 -0.04234593  4.19531507 -0.87441567]\n [-3.00410534 -4.3214793  -0.88603477 -0.22172093 -0.87441567  8.6200329 ]]", "nfev": "266", "njev": "38", "status": "0", "success": "True", "message": "Optimization terminated successfully.", "x": "[1.14902333 0.06402909 0.90953695 1.55888918 6.61680314 4.93405269]", "nit": "34", "callback": [0.6620127279851323, 0.6567713608839185, 0.6489255019928954, 0.6426107286189764, 0.6348233926907723, 0.6208861030771027, 0.5960866906427504, 0.5884430287579813, 0.5800262005355323, 0.5696950671174223, 0.5580782233172836, 0.5525165162227601, 0.5445139229475502, 0.5369621143037185, 0.5235085754837744, 0.505144572429356, 0.4888702238667956, 0.4824466994757035, 0.4807299687138915, 0.4775548089453917, 0.4715537910721026, 0.46173471267493227, 0.45897928249888087, 0.4570396209628562, 0.4568071442972773, 0.45669223764682887, 0.45661470945127824, 0.4565866348433726, 0.45657652566255, 0.45657287789512446, 0.45657225984642724, 0.45657221692625805, 0.4565722160816943, 0.45657221601096376]}, "6": {"maxiter": 100, "gtol": 1e-10, "xrtol": 1e-10, "eps": 1e-05, "duration": 0.10490298271179199, "fun": "0.4565722160217405", "jac": "[ 6.21724894e-10  1.40776280e-08 -1.18904886e-08 -4.34097203e-09\n  9.34807787e-09  1.42663659e-08]", "hess_inv": "[[ 7.37991674  1.54981982  0.02772909  2.29910611  1.37312968 -3.38435083]\n [ 1.54981982  6.24431971 -0.56025966 -0.62753531 -0.15818368 -3.79924044]\n [ 0.02772909 -0.56025966  7.56082779 -3.90648855  1.6682704  -2.54214559]\n [ 2.29910611 -0.62753531 -3.90648855  7.05780314 -0.37766614  0.42268261]\n [ 1.37312968 -0.15818368  1.6682704  -0.37766614  4.39184915 -1.23374338]\n [-3.38435083 -3.79924044 -2.54214559  0.42268261 -1.23374338  9.74874041]]", "nfev": "453", "njev": "63", "status": "2", "success": "False", "message": "Desired error not necessarily achieved due to precision loss.", "x": "[1.14901441 0.06402362 0.90953839 1.55887919 6.61679799 4.93404835]", "nit": "36", "callback": [0.6620130521022163, 0.6567714670317919, 0.6489255272713843, 0.6426113894069649, 0.6348228079685578, 0.6208837501943298, 0.596081470302587, 0.588443373656996, 0.5800242891218265, 0.5696909687180323, 0.5580731939054095, 0.5525117802573667, 0.5445084861353777, 0.5369522222948786, 0.5234906405686495, 0.5051275082597366, 0.48883922095011034, 0.4824445287452337, 0.48072215817294095, 0.4775405295414884, 0.4715315999362565, 0.46171809224901006, 0.4589279533759888, 0.4570393671736802, 0.45680791709587365, 0.45669188619992285, 0.45661473959655585, 0.4565867027929076, 0.45657652853895003, 0.4565728742870917, 0.4565722600427664, 0.45657221704599993, 0.45657221603977083, 0.456572216022306, 0.4565722160217407, 0.4565722160217405]}, "7": {"maxiter": 100, "gtol": 1e-10, "xrtol": 1e-10, "eps": 1e-10, "duration": 0.09431219100952148, "fun": "0.45657221600628206", "jac": "[ 0.00000000e+00 -1.11022309e-06  1.11022293e-06  3.33066880e-06\n  2.22044587e-06  1.11022293e-06]", "hess_inv": "[[ 1.25156091 -4.9430483  -0.04494038 -0.96082987  1.06514099 -2.42059767]\n [-4.9430483  21.06714692  0.68089107  4.02007614 -4.69127603 10.54181188]\n [-0.04494038  0.68089107  0.28790406  0.10744482 -0.25689059  0.30557067]\n [-0.96082987  4.02007614  0.10744482  1.23348966 -1.19369102  2.01239629]\n [ 1.06514099 -4.69127603 -0.25689059 -1.19369102  1.30092516 -2.30709149]\n [-2.42059767 10.54181188  0.30557067  2.01239629 -2.30709149  5.44664361]]", "nfev": "399", "njev": "57", "status": "0", "success": "True", "message": "Optimization terminated successfully.", "x": "[1.14902123 0.06402433 0.90954139 1.55888339 6.61680463 4.93405085]", "nit": "42", "callback": [0.6620127279851323, 0.6567713608839185, 0.6489255019928954, 0.6426107286189764, 0.6348233926907723, 0.6208861030771027, 0.5960866906427504, 0.5884430287579813, 0.5800262005355323, 0.5696950671174223, 0.5580782233172836, 0.5525165162227601, 0.5445139229475502, 0.5369621143037185, 0.5235085754837744, 0.505144572429356, 0.4888702238667956, 0.4824466994757035, 0.4807299687138915, 0.4775548089453917, 0.4715537910721026, 0.46173471267493227, 0.45897928249888087, 0.4570396209628562, 0.4568071442972773, 0.45669223764682887, 0.45661470945127824, 0.4565866348433726, 0.45657652566255, 0.45657287789512446, 0.45657225984642724, 0.45657221692625805, 0.4565722160816943, 0.45657221601096376, 0.4565722160107196, 0.4565722160106658, 0.4565722160104322, 0.4565722160090203, 0.4565722160063017, 0.45657221600629505, 0.45657221600628217, 0.45657221600628206]}, "8": {"maxiter": 500, "gtol": 1e-05, "xrtol": 1e-05, "eps": 1e-05, "duration": 0.05888104438781738, "fun": "0.45657221603977083", "jac": "[ 1.03698161e-06 -1.21033183e-06 -1.36665124e-06 -2.01997308e-06\n  1.04971587e-07 -2.58049138e-07]", "hess_inv": "[[ 7.53446605  1.70651878 -0.04496466  2.32615109  1.3798799  -3.46250687]\n [ 1.70651878  6.35370258 -0.54763185 -0.77831734 -0.17965022 -4.03059514]\n [-0.04496466 -0.54763185  7.0090354  -3.94972091  1.7577092  -1.82307371]\n [ 2.32615109 -0.77831734 -3.94972091  6.80326995 -0.34753744  0.50919178]\n [ 1.3798799  -0.17965022  1.7577092  -0.34753744  4.38612983 -1.31767872]\n [-3.46250687 -4.03059514 -1.82307371  0.50919178 -1.31767872  9.079913  ]]", "nfev": "259", "njev": "37", "status": "0", "success": "True", "message": "Optimization terminated successfully.", "x": "[1.14901672 0.06402068 0.90953755 1.55887297 6.61679886 4.93404914]", "nit": "33", "callback": [0.6620130521022163, 0.6567714670317919, 0.6489255272713843, 0.6426113894069649, 0.6348228079685578, 0.6208837501943298, 0.596081470302587, 0.588443373656996, 0.5800242891218265, 0.5696909687180323, 0.5580731939054095, 0.5525117802573667, 0.5445084861353777, 0.5369522222948786, 0.5234906405686495, 0.5051275082597366, 0.48883922095011034, 0.4824445287452337, 0.48072215817294095, 0.4775405295414884, 0.4715315999362565, 0.46171809224901006, 0.4589279533759888, 0.4570393671736802, 0.45680791709587365, 0.45669188619992285, 0.45661473959655585, 0.4565867027929076, 0.45657652853895003, 0.4565728742870917, 0.4565722600427664, 0.45657221704599993, 0.45657221603977083]}, "9": {"maxiter": 500, "gtol": 1e-05, "xrtol": 1e-05, "eps": 1e-10, "duration": 0.05813908576965332, "fun": "0.4565722160816943", "jac": "[ 0.00000000e+00 -3.33066926e-06 -4.44089173e-06 -1.11022293e-06\n  0.00000000e+00  0.00000000e+00]", "hess_inv": "[[ 7.18791454  1.48491009 -0.30456857  2.43493935  1.23424475 -3.12162898]\n [ 1.48491009  6.21644312 -0.77487391 -0.68679379 -0.29647333 -3.79018217]\n [-0.30456857 -0.77487391  7.09000191 -4.02523026  1.75412805 -1.64728756]\n [ 2.43493935 -0.68679379 -4.02523026  6.8626725  -0.36371004  0.45061404]\n [ 1.23424475 -0.29647333  1.75412805 -0.36371004  4.35676536 -1.20430932]\n [-3.12162898 -3.79018217 -1.64728756  0.45061404 -1.20430932  8.77514362]]", "nfev": "259", "njev": "37", "status": "0", "success": "True", "message": "Optimization terminated successfully.", "x": "[1.14901785 0.06400812 0.90951805 1.55889667 6.61679922 4.93407127]", "nit": "33", "callback": [0.6620127279851323, 0.6567713608839185, 0.6489255019928954, 0.6426107286189764, 0.6348233926907723, 0.6208861030771027, 0.5960866906427504, 0.5884430287579813, 0.5800262005355323, 0.5696950671174223, 0.5580782233172836, 0.5525165162227601, 0.5445139229475502, 0.5369621143037185, 0.5235085754837744, 0.505144572429356, 0.4888702238667956, 0.4824466994757035, 0.4807299687138915, 0.4775548089453917, 0.4715537910721026, 0.46173471267493227, 0.45897928249888087, 0.4570396209628562, 0.4568071442972773, 0.45669223764682887, 0.45661470945127824, 0.4565866348433726, 0.45657652566255, 0.45657287789512446, 0.45657225984642724, 0.45657221692625805, 0.4565722160816943]}, "10": {"maxiter": 500, "gtol": 1e-05, "xrtol": 1e-10, "eps": 1e-05, "duration": 0.05765104293823242, "fun": "0.45657221603977083", "jac": "[ 1.03698161e-06 -1.21033183e-06 -1.36665124e-06 -2.01997308e-06\n  1.04971587e-07 -2.58049138e-07]", "hess_inv": "[[ 7.53446605  1.70651878 -0.04496466  2.32615109  1.3798799  -3.46250687]\n [ 1.70651878  6.35370258 -0.54763185 -0.77831734 -0.17965022 -4.03059514]\n [-0.04496466 -0.54763185  7.0090354  -3.94972091  1.7577092  -1.82307371]\n [ 2.32615109 -0.77831734 -3.94972091  6.80326995 -0.34753744  0.50919178]\n [ 1.3798799  -0.17965022  1.7577092  -0.34753744  4.38612983 -1.31767872]\n [-3.46250687 -4.03059514 -1.82307371  0.50919178 -1.31767872  9.079913  ]]", "nfev": "259", "njev": "37", "status": "0", "success": "True", "message": "Optimization terminated successfully.", "x": "[1.14901672 0.06402068 0.90953755 1.55887297 6.61679886 4.93404914]", "nit": "33", "callback": [0.6620130521022163, 0.6567714670317919, 0.6489255272713843, 0.6426113894069649, 0.6348228079685578, 0.6208837501943298, 0.596081470302587, 0.588443373656996, 0.5800242891218265, 0.5696909687180323, 0.5580731939054095, 0.5525117802573667, 0.5445084861353777, 0.5369522222948786, 0.5234906405686495, 0.5051275082597366, 0.48883922095011034, 0.4824445287452337, 0.48072215817294095, 0.4775405295414884, 0.4715315999362565, 0.46171809224901006, 0.4589279533759888, 0.4570393671736802, 0.45680791709587365, 0.45669188619992285, 0.45661473959655585, 0.4565867027929076, 0.45657652853895003, 0.4565728742870917, 0.4565722600427664, 0.45657221704599993, 0.45657221603977083]}, "11": {"maxiter": 500, "gtol": 1e-05, "xrtol": 1e-10, "eps": 1e-10, "duration": 0.05896615982055664, "fun": "0.4565722160816943", "jac": "[ 0.00000000e+00 -3.33066926e-06 -4.44089173e-06 -1.11022293e-06\n  0.00000000e+00  0.00000000e+00]", "hess_inv": "[[ 7.18791454  1.48491009 -0.30456857  2.434