{"date": "2024/09/24/, 22:15:06", "conf_id": 63, "data_type": "random\n", "num_data_points": 4, "s_rank": 0, "unitary": "[[-0.53618537-0.34368723j,-0.12107031-0.46226139j,-0.07699282-0.46603512j,0.36022595-0.11472301j],[0.26026499-0.63450712j,-0.56616638+0.37832564j,-0.14988651+0.08458591j,0.10363514-0.16008501j],[-0.32580188-0.11070003j,-0.36476308-0.23593218j,0.02559343+0.41761608j,-0.25598305+0.6725303j],[0.07406738-0.0126433j,0.28513701+0.19483972j,-0.74939717-0.10299659j,0.29798249+0.46269921j]]", "databatch_0": {"databatch": "[[[-0.09285846+0.05749572j,0.10680975-0.07935786j,-0.46162775-0.17026263j,-0.0912946-0.41554024j],[-0.01442219-0.05677017j,0.02335235+0.06743331j,0.16157078-0.20862524j,0.22725964+0.02036051j],[0.04282089+0.00624384j,-0.05262655-0.00317182j,0.09657025+0.16934919j,-0.07827976+0.1492926j],[-0.04288818+0.08530167j,0.04328431-0.10796971j,-0.421789+0.08426049j,-0.25805088-0.26783778j]],[[0.11323112+0.05392199j,-0.00269359+0.17389576j,-0.021919-0.14516863j,-0.00095579-0.02051217j],[-0.15978981-0.05979432j,-0.01675409-0.2359978j,0.04674084+0.19417578j,0.00370226+0.02768809j],[-0.20210866+0.22890667j,-0.40524243-0.12285441j,0.3544952+0.04598865j,0.0486546+0.01151051j],[0.30506741+0.01792507j,0.15334588+0.39505863j,-0.18257465-0.3076392j,-0.02096328-0.04543226j]],[[0.29911361-0.0473401j,0.14124422-0.29519042j,0.0772148-0.0825331j,-0.15713529-0.48347289j],[-0.01873971+0.0042531j,-0.00770363+0.01928304j,-0.00454238+0.00554977j,0.0119788+0.02995152j],[-0.09361579-0.12865122j,-0.1718721+0.00443577j,-0.05706721-0.01641164j,-0.18868461+0.18903852j],[-0.09657705+0.26153897j,0.17352657+0.24627517j,0.03154129+0.09915514j,0.45901608+0.09135409j]],[[0.00174996-0.00700362j,0.00960092-0.00607667j,-0.00868976-0.00755342j,-0.00581322-0.01002961j],[-0.09103137+0.08042652j,-0.1910526-0.00727134j,0.04848+0.1875741j,-0.01501093+0.19448509j],[0.06952819-0.02243353j,0.10356491+0.04997117j,0.01840242-0.11505998j,0.05506326-0.10359504j],[-0.03780594-0.30774333j,0.29121984-0.39160415j,-0.46479845-0.16885729j,-0.38765103-0.31246641j]]]", "initial param values": "[0.28795353,1.80404385,3.64130164,4.73142863,2.41968124,4.91389461]", "nelder_mead": {"type": "gradient-free", "0": {"maxiter": 100, "fatol": 1e-05, "xatol": 1e-05, "duration": 0.03840494155883789, "fun": "0.39525141225533955", "nit": "100", "nfev": "158", "status": "2", "success": "False", "message": "Maximum number of iterations has been exceeded.", "x": "[0.50770684 0.46650185 3.55609707 5.15227069 2.42511741 3.99678182]", "final_simplex": "(array([[0.50770684, 0.46650185, 3.55609707, 5.15227069, 2.42511741,\n        3.99678182],\n       [0.47798998, 0.78545113, 3.42921769, 5.12662876, 2.32275732,\n        3.99003619],\n       [0.49377071, 0.61061422, 3.43391614, 5.20170573, 2.40492874,\n        3.95906205],\n       [0.50451585, 0.52073921, 3.61921518, 5.19720728, 2.35984985,\n        3.88404098],\n       [0.47487259, 0.93600259, 3.29806009, 5.14674529, 2.27093998,\n        3.86101153],\n       [0.48716187, 0.5878397 , 3.48534889, 5.05557237, 2.44852955,\n        3.98069032],\n       [0.48795421, 0.63489017, 3.57813424, 5.17022834, 2.40915786,\n        3.84992991]]), array([0.39525141, 0.39557963, 0.39614499, 0.39617626, 0.39622262,\n       0.39655764, 0.39658725]))", "callback": [0.5570726306858627, 0.4645216832318646, 0.42440379315299637, 0.41863730164066204, 0.41591564386727, 0.41420131662977366, 0.4102554476742354, 0.4048822274210846, 0.4004286372904162, 0.3962226231732494]}, "1": {"maxiter": 100, "fatol": 1e-05, "xatol": 1e-10, "duration": 0.037766218185424805, "fun": "0.39525141225533955", "nit": "100", "nfev": "158", "status": "2", "success": "False", "message": "Maximum number of iterations has been exceeded.", "x": "[0.50770684 0.46650185 3.55609707 5.15227069 2.42511741 3.99678182]", "final_simplex": "(array([[0.50770684, 0.46650185, 3.55609707, 5.15227069, 2.42511741,\n        3.99678182],\n       [0.47798998, 0.78545113, 3.42921769, 5.12662876, 2.32275732,\n        3.99003619],\n       [0.49377071, 0.61061422, 3.43391614, 5.20170573, 2.40492874,\n        3.95906205],\n       [0.50451585, 0.52073921, 3.61921518, 5.19720728, 2.35984985,\n        3.88404098],\n       [0.47487259, 0.93600259, 3.29806009, 5.14674529, 2.27093998,\n        3.86101153],\n       [0.48716187, 0.5878397 , 3.48534889, 5.05557237, 2.44852955,\n        3.98069032],\n       [0.48795421, 0.63489017, 3.57813424, 5.17022834, 2.40915786,\n        3.84992991]]), array([0.39525141, 0.39557963, 0.39614499, 0.39617626, 0.39622262,\n       0.39655764, 0.39658725]))", "callback": [0.5570726306858627, 0.4645216832318646, 0.42440379315299637, 0.41863730164066204, 0.41591564386727, 0.41420131662977366, 0.4102554476742354, 0.4048822274210846, 0.4004286372904162, 0.3962226231732494]}, "2": {"maxiter": 100, "fatol": 1e-10, "xatol": 1e-05, "duration": 0.03652000427246094, "fun": "0.39525141225533955", "nit": "100", "nfev": "158", "status": "2", "success": "False", "message": "Maximum number of iterations has been exceeded.", "x": "[0.50770684 0.46650185 3.55609707 5.15227069 2.42511741 3.99678182]", "final_simplex": "(array([[0.50770684, 0.46650185, 3.55609707, 5.15227069, 2.42511741,\n        3.99678182],\n       [0.47798998, 0.78545113, 3.42921769, 5.12662876, 2.32275732,\n        3.99003619],\n       [0.49377071, 0.61061422, 3.43391614, 5.20170573, 2.40492874,\n        3.95906205],\n       [0.50451585, 0.52073921, 3.61921518, 5.19720728, 2.35984985,\n        3.88404098],\n       [0.47487259, 0.93600259, 3.29806009, 5.14674529, 2.27093998,\n        3.86101153],\n       [0.48716187, 0.5878397 , 3.48534889, 5.05557237, 2.44852955,\n        3.98069032],\n       [0.48795421, 0.63489017, 3.57813424, 5.17022834, 2.40915786,\n        3.84992991]]), array([0.39525141, 0.39557963, 0.39614499, 0.39617626, 0.39622262,\n       0.39655764, 0.39658725]))", "callback": [0.5570726306858627, 0.4645216832318646, 0.42440379315299637, 0.41863730164066204, 0.41591564386727, 0.41420131662977366, 0.4102554476742354, 0.4048822274210846, 0.4004286372904162, 0.3962226231732494]}, "3": {"maxiter": 100, "fatol": 1e-10, "xatol": 1e-10, "duration": 0.03715205192565918, "fun": "0.39525141225533955", "nit": "100", "nfev": "158", "status": "2", "success": "False", "message": "Maximum number of iterations has been exceeded.", "x": "[0.50770684 0.46650185 3.55609707 5.15227069 2.42511741 3.99678182]", "final_simplex": "(array([[0.50770684, 0.46650185, 3.55609707, 5.15227069, 2.42511741,\n        3.99678182],\n       [0.47798998, 0.78545113, 3.42921769, 5.12662876, 2.32275732,\n        3.99003619],\n       [0.49377071, 0.61061422, 3.43391614, 5.20170573, 2.40492874,\n        3.95906205],\n       [0.50451585, 0.52073921, 3.61921518, 5.19720728, 2.35984985,\n        3.88404098],\n       [0.47487259, 0.93600259, 3.29806009, 5.14674529, 2.27093998,\n        3.86101153],\n       [0.48716187, 0.5878397 , 3.48534889, 5.05557237, 2.44852955,\n        3.98069032],\n       [0.48795421, 0.63489017, 3.57813424, 5.17022834, 2.40915786,\n        3.84992991]]), array([0.39525141, 0.39557963, 0.39614499, 0.39617626, 0.39622262,\n       0.39655764, 0.39658725]))", "callback": [0.5570726306858627, 0.4645216832318646, 0.42440379315299637, 0.41863730164066204, 0.41591564386727, 0.41420131662977366, 0.4102554476742354, 0.4048822274210846, 0.4004286372904162, 0.3962226231732494]}, "4": {"maxiter": 500, "fatol": 1e-05, "xatol": 1e-05, "duration": 0.1429760456085205, "fun": "0.37486518266663627", "nit": "387", "nfev": "620", "status": "0", "success": "True", "message": "Optimization terminated successfully.", "x": "[1.14574223 0.01401612 3.56175148 5.18440131 3.02662189 3.86739796]", "final_simplex": "(array([[1.14574223, 0.01401612, 3.56175148, 5.18440131, 3.02662189,\n        3.86739796],\n       [1.14573677, 0.01402049, 3.56174923, 5.1843967 , 3.02661524,\n        3.86740408],\n       [1.14573709, 0.01402245, 3.56174603, 5.18439433, 3.02661953,\n        3.86739954],\n       [1.14573587, 0.01402034, 3.56174474, 5.18439496, 3.02662226,\n        3.86740103],\n       [1.14573725, 0.01401624, 3.56174777, 5.18439445, 3.02662138,\n        3.86740326],\n       [1.14574118, 0.01401799, 3.56175057, 5.1843997 , 3.02661921,\n        3.86740313],\n       [1.14574454, 0.01401093, 3.56174507, 5.18440027, 3.0266205 ,\n        3.86740598]]), array([0.37486518, 0.37486518, 0.37486518, 0.37486518, 0.37486518,\n       0.37486518, 0.37486518]))", "callback": [0.5570726306858627, 0.4645216832318646, 0.42440379315299637, 0.41863730164066204, 0.41591564386727, 0.41420131662977366, 0.4102554476742354, 0.4048822274210846, 0.4004286372904162, 0.3962226231732494, 0.39525141225533955, 0.3949648548942566, 0.3947581754010481, 0.39452436008044955, 0.39403930582228797, 0.3938200626353202, 0.393254173672157, 0.39135479874293033, 0.3900201489018045, 0.3873044819463187, 0.3819537692564423, 0.3763066175598202, 0.3751999265544843, 0.37497056923291017, 0.37487948024402407, 0.3748698968950066, 0.37486643797704067, 0.37486585057431276, 0.3748655211078631, 0.3748654134592261, 0.37486528799862495, 0.3748652004169679, 0.3748651955176955, 0.37486518640078814, 0.3748651835766095, 0.37486518280202663, 0.3748651827263918, 0.37486518267961444, 0.37486518266967117]}, "5": {"maxiter": 500, "fatol": 1e-05, "xatol": 1e-10, "duration": 0.1913909912109375, "fun": "0.37486518266019997", "nit": "500", "nfev": "831", "status": "2", "success": "False", "message": "Maximum number of iterations has been exceeded.", "x": "[1.14573361 0.01401729 3.56174976 5.18439982 3.02661405 3.86739895]", "final_simplex": "(array([[1.14573361, 0.01401729, 3.56174976, 5.18439982, 3.02661405,\n        3.86739895],\n       [1.14573361, 0.01401729, 3.56174976, 5.18439982, 3.02661405,\n        3.86739895],\n       [1.14573361, 0.01401729, 3.56174976, 5.18439982, 3.02661405,\n        3.86739895],\n       [1.14573361, 0.01401729, 3.56174976, 5.18439982, 3.02661405,\n        3.86739895],\n       [1.14573361, 0.01401728, 3.56174976, 5.18439982, 3.02661406,\n        3.86739895],\n       [1.1457336 , 0.01401729, 3.56174976, 5.18439982, 3.02661405,\n        3.86739895],\n       [1.1457336 , 0.01401729, 3.56174976, 5.18439982, 3.02661405,\n        3.86739895]]), array([0.37486518, 0.37486518, 0.37486518, 0.37486518, 0.37486518,\n       0.37486518, 0.37486518]))", "callback": [0.5570726306858627, 0.4645216832318646, 0.42440379315299637, 0.41863730164066204, 0.41591564386727, 0.41420131662977366, 0.4102554476742354, 0.4048822274210846, 0.4004286372904162, 0.3962226231732494, 0.39525141225533955, 0.3949648548942566, 0.3947581754010481, 0.39452436008044955, 0.39403930582228797, 0.3938200626353202, 0.393254173672157, 0.39135479874293033, 0.3900201489018045, 0.3873044819463187, 0.3819537692564423, 0.3763066175598202, 0.3751999265544843, 0.37497056923291017, 0.37487948024402407, 0.3748698968950066, 0.37486643797704067, 0.37486585057431276, 0.3748655211078631, 0.3748654134592261, 0.37486528799862495, 0.3748652004169679, 0.3748651955176955, 0.37486518640078814, 0.3748651835766095, 0.37486518280202663, 0.3748651827263918, 0.37486518267961444, 0.37486518266967117, 0.37486518266545477, 0.37486518266259206, 0.3748651826613729, 0.37486518266066615, 0.3748651826604481, 0.3748651826602456, 0.3748651826602134, 0.3748651826602032, 0.37486518266020075, 0.3748651826602001, 0.37486518266019997]}, "6": {"maxiter": 500, "fatol": 1e-10, "xatol": 1e-05, "duration": 0.14981889724731445, "fun": "0.37486518266663627", "nit": "387", "nfev": "620", "status": "0", "success": "True", "message": "Optimization terminated successfully.", "x": "[1.14574223 0.01401612 3.56175148 5.18440131 3.02662189 3.86739796]", "final_simplex": "(array([[1.14574223, 0.01401612, 3.56175148, 5.18440131, 3.02662189,\n        3.86739796],\n       [1.14573677, 0.01402049, 3.56174923, 5.1843967 , 3.02661524,\n        3.86740408],\n       [1.14573709, 0.01402245, 3.56174603, 5.18439433, 3.02661953,\n        3.86739954],\n       [1.14573587, 0.01402034, 3.56174474, 5.18439496, 3.02662226,\n        3.86740103],\n       [1.14573725, 0.01401624, 3.56174777, 5.18439445, 3.02662138,\n        3.86740326],\n       [1.14574118, 0.01401799, 3.56175057, 5.1843997 , 3.02661921,\n        3.86740313],\n       [1.14574454, 0.01401093, 3.56174507, 5.18440027, 3.0266205 ,\n        3.86740598]]), array([0.37486518, 0.37486518, 0.37486518, 0.37486518, 0.37486518,\n       0.37486518, 0.37486518]))", "callback": [0.5570726306858627, 0.4645216832318646, 0.42440379315299637, 0.41863730164066204, 0.41591564386727, 0.41420131662977366, 0.4102554476742354, 0.4048822274210846, 0.4004286372904162, 0.3962226231732494, 0.39525141225533955, 0.3949648548942566, 0.3947581754010481, 0.39452436008044955, 0.39403930582228797, 0.3938200626353202, 0.393254173672157, 0.39135479874293033, 0.3900201489018045, 0.3873044819463187, 0.3819537692564423, 0.3763066175598202, 0.3751999265544843, 0.37497056923291017, 0.37487948024402407, 0.3748698968950066, 0.37486643797704067, 0.37486585057431276, 0.3748655211078631, 0.3748654134592261, 0.37486528799862495, 0.3748652004169679, 0.3748651955176955, 0.37486518640078814, 0.3748651835766095, 0.37486518280202663, 0.3748651827263918, 0.37486518267961444, 0.37486518266967117]}, "7": {"maxiter": 500, "fatol": 1e-10, "xatol": 1e-10, "duration": 0.19685673713684082, "fun": "0.37486518266019997", "nit": "500", "nfev": "831", "status": "2", "success": "False", "message": "Maximum number of iterations has been exceeded.", "x": "[1.14573361 0.01401729 3.56174976 5.18439982 3.02661405 3.86739895]", "final_simplex": "(array([[1.14573361, 0.01401729, 3.56174976, 5.18439982, 3.02661405,\n        3.86739895],\n       [1.14573361, 0.01401729, 3.56174976, 5.18439982, 3.02661405,\n        3.86739895],\n       [1.14573361, 0.01401729, 3.56174976, 5.18439982, 3.02661405,\n        3.86739895],\n       [1.14573361, 0.01401729, 3.56174976, 5.18439982, 3.02661405,\n        3.86739895],\n       [1.14573361, 0.01401728, 3.56174976, 5.18439982, 3.02661406,\n        3.86739895],\n       [1.1457336 , 0.01401729, 3.56174976, 5.18439982, 3.02661405,\n        3.86739895],\n       [1.1457336 , 0.01401729, 3.56174976, 5.18439982, 3.02661405,\n        3.86739895]]), array([0.37486518, 0.37486518, 0.37486518, 0.37486518, 0.37486518,\n       0.37486518, 0.37486518]))", "callback": [0.5570726306858627, 0.4645216832318646, 0.42440379315299637, 0.41863730164066204, 0.41591564386727, 0.41420131662977366, 0.4102554476742354, 0.4048822274210846, 0.4004286372904162, 0.3962226231732494, 0.39525141225533955, 0.3949648548942566, 0.3947581754010481, 0.39452436008044955, 0.39403930582228797, 0.3938200626353202, 0.393254173672157, 0.39135479874293033, 0.3900201489018045, 0.3873044819463187, 0.3819537692564423, 0.3763066175598202, 0.3751999265544843, 0.37497056923291017, 0.37487948024402407, 0.3748698968950066, 0.37486643797704067, 0.37486585057431276, 0.3748655211078631, 0.3748654134592261, 0.37486528799862495, 0.3748652004169679, 0.3748651955176955, 0.37486518640078814, 0.3748651835766095, 0.37486518280202663, 0.3748651827263918, 0.37486518267961444, 0.37486518266967117, 0.37486518266545477, 0.37486518266259206, 0.3748651826613729, 0.37486518266066615, 0.3748651826604481, 0.3748651826602456, 0.3748651826602134, 0.3748651826602032, 0.37486518266020075, 0.3748651826602001, 0.37486518266019997]}, "8": {"maxiter": 1000, "fatol": 1e-05, "xatol": 1e-05, "duration": 0.14426708221435547, "fun": "0.37486518266663627", "nit": "387", "nfev": "620", "status": "0", "success": "True", "message": "Optimization terminated successfully.", "x": "[1.14574223 0.01401612 3.56175148 5.18440131 3.02662189 3.86739796]", "final_simplex": "(array([[1.14574223, 0.01401612, 3.56175148, 5.18440131, 3.02662189,\n        3.86739796],\n       [1.14573677, 0.01402049, 3.56174923, 5.1843967 , 3.02661524,\n        3.86740408],\n       [1.14573709, 0.01402245, 3.56174603, 5.18439433, 3.02661953,\n        3.86739954],\n       [1.14573587, 0.01402034, 3.56174474, 5.18439496, 3.02662226,\n        3.86740103],\n       [1.14573725, 0.01401624, 3.56174777, 5.18439445, 3.02662138,\n        3.86740326],\n       [1.14574118, 0.01401799, 3.56175057, 5.1843997 , 3.02661921,\n        3.86740313],\n       [1.14574454, 0.01401093, 3.56174507, 5.18440027, 3.0266205 ,\n        3.86740598]]), array([0.37486518, 0.37486518, 0.37486518, 0.37486518, 0.37486518,\n       0.37486518, 0.37486518]))", "callback": [0.5570726306858627, 0.4645216832318646, 0.42440379315299637, 0.41863730164066204, 0.41591564386727, 0.41420131662977366, 0.4102554476742354, 0.4048822274210846, 0.4004286372904162, 0.3962226231732494, 0.39525141225533955, 0.3949648548942566, 0.3947581754010481, 0.39452436008044955, 0.39403930582228797, 0.3938200626353202, 0.393254173672157, 0.39135479874293033, 0.3900201489018045, 0.3873044819463187, 0.3819537692564423, 0.3763066175598202, 0.3751999265544843, 0.37497056923291017, 0.37487948024402407, 0.3748698968950066, 0.37486643797704067, 0.37486585057431276, 0.3748655211078631, 0.3748654134592261, 0.37486528799862495, 0.3748652004169679, 0.3748651955176955, 0.37486518640078814, 0.3748651835766095, 0.37486518280202663, 0.3748651827263918, 0.37486518267961444, 0.37486518266967117]}, "9": {"maxiter": 1000, "fatol": 1e-05, "xatol": 1e-10, "duration": 0.22713303565979004, "fun": "0.37486518266019997", "nit": "516", "nfev": "886", "status": "0", "success": "True", "message": "Optimization terminated successfully.", "x": "[1.14573361 0.01401729 3.56174976 5.18439982 3.02661405 3.86739895]", "final_simplex": "(array([[1.14573361, 0.01401729, 3.56174976, 5.18439982, 3.02661405,\n        3.86739895],\n       [1.14573361, 0.01401729, 3.56174976, 5.18439982, 3.02661405,\n        3.86739895],\n       [1.14573361, 0.01401729, 3.56174976, 5.18439982, 3.02661405,\n        3.86739895],\n       [1.14573361, 0.01401729, 3.56174976, 5.18439982, 3.02661405,\n        3.86739895],\n       [1.14573361, 0.01401729, 3.56174976, 5.18439982, 3.02661405,\n        3.86739895],\n       [1.14573361, 0.01401729, 3.56174976, 5.18439982, 3.02661405,\n        3.86739895],\n       [1.14573361, 0.01401729, 3.56174976, 5.18439982, 3.02661405,\n        3.86739895]]), array([0.37486518, 0.37486518, 0.37486518, 0.37486518, 0.37486518,\n       0.37486518, 0.37486518]))", "callback": [0.5570726306858627, 0.4645216832318646, 0.42440379315299637, 0.41863730164066204, 0.41591564386727, 0.41420131662977366, 0.4102554476742354, 0.4048822274210846, 0.4004286372904162, 0.3962226231732494, 0.39525141225533955, 0.3949648548942566, 0.3947581754010481, 0.39452436008044955, 0.39403930582228797, 0.3938200626353202, 0.393254173672157, 0.39135479874293033, 0.3900201489018045, 0.3873044819463187, 0.3819537692564423, 0.3763066175598202, 0.3751999265544843, 0.37497056923291017, 0.37487948024402407, 0.3748698968950066, 0.37486643797704067, 0.37486585057431276, 0.3748655211078631, 0.3748654134592261, 0.37486528799862495, 0.3748652004169679, 0.3748651955176955, 0.37486518640078814, 0.3748651835766095, 0.37486518280202663, 0.3748651827263918, 0.37486518267961444, 0.37486518266967117, 0.37486518266545477, 0.37486518266259206, 0.3748651826613729, 0.37486518266066615, 0.3748651826604481, 0.3748651826602456, 0.3748651826602134, 0.3748651826602032, 0.37486518266020075, 0.3748651826602001, 0.37486518266019997, 0.37486518266019997, 0.37486518266019997]}, "10": {"maxiter": 1000, "fatol": 1e-10, "xatol": 1e-05, "duration": 0.15311717987060547, "fun": "0.37486518266663627", "nit": "387", "nfev": "620", "status": "0", "success": "True", "message": "Optimization terminated successfully.", "x": "[1.14574223 0.01401612 3.56175148 5.18440131 3.02662189 3.86739796]", "final_simplex": "(array([[1.14574223, 0.01401612, 3.56175148, 5.18440131, 3.02662189,\n        3.86739796],\n       [1.14573677, 0.01402049, 3.56174923, 5.1843967 , 3.02661524,\n        3.86740408],\n       [1.14573709, 0.01402245, 3.56174603, 5.18439433, 3.02661953,\n        3.86739954],\n       [1.14573587, 0.01402034, 3.56174474, 5.18439496, 3.02662226,\n        3.86740103],\n       [1.14573725, 0.01401624, 3.56174777, 5.18439445, 3.02662138,\n        3.86740326],\n       [1.14574118, 0.01401799, 3.56175057, 5.1843997 , 3.02661921,\n        3.86740313],\n       [1.14574454, 0.01401093, 3.56174507, 5.18440027, 3.0266205 ,\n        3.86740598]]), array([0.37486518, 0.37486518, 0.37486518, 0.37486518, 0.37486518,\n       0.37486518, 0.37486518]))", "callback": [0.5570726306858627, 0.4645216832318646, 0.42440379315299637, 0.41863730164066204, 0.41591564386727, 0.41420131662977366, 0.4102554476742354, 0.4048822274210846, 0.4004286372904162, 0.3962226231732494, 0.39525141225533955, 0.3949648548942566, 0.3947581754010481, 0.39452436008044955, 0.39403930582228797, 0.3938200626353202, 0.393254173672157, 0.39135479874293033, 0.3900201489018045, 0.3873044819463187, 0.3819537692564423, 0.3763066175598202, 0.3751999265544843, 0.37497056923291017, 0.37487948024402407, 0.3748698968950066, 0.37486643797704067, 0.37486585057431276, 0.3748655211078631, 0.3748654134592261, 0.37486528799862495, 0.3748652004169679, 0.3748651955176955, 0.37486518640078814, 0.3748651835766095, 0.37486518280202663, 0.3748651827263918, 0.37486518267961444, 0.37486518266967117]}, "11": {"maxiter": 1000, "fatol": 1e-10, "xatol": 1e-10, "duration": 0.2093639373779297, "fun": "0.37486518266019997", "nit": "516", "nfev": "886", "status": "0", "success": "True", "message": "Optimization terminated successfully.", "x": "[1.14573361 0.01401729 3.56174976 5.18439982 3.02661405 3.86739895]", "final_simplex": "(array([[1.14573361, 0.01401729, 3.56174976, 5.18439982, 3.02661405,\n        3.86739895],\n       [1.14573361, 0.01401729, 3.56174976, 5.18439982, 3.02661405,\n        3.86739895],\n       [1.14573361, 0.01401729, 3.56174976, 5.18439982, 3.02661405,\n        3.86739895],\n       [1.14573361, 0.01401729, 3.56174976, 5.18439982, 3.02661405,\n        3.86739895],\n       [1.14573361, 0.01401729, 3.56174976, 5.18439982, 3.02661405,\n        3.86739895],\n       [1.14573361, 0.01401729, 3.56174976, 5.18439982, 3.02661405,\n        3.86739895],\n       [1.14573361, 0.01401729, 3.56174976, 5.18439982, 3.02661405,\n        3.86739895]]), array([0.37486518, 0.37486518, 0.37486518, 0.37486518, 0.37486518,\n       0.37486518, 0.37486518]))", "callback": [0.5570726306858627, 0.4645216832318646, 0.42440379315299637, 0.41863730164066204, 0.41591564386727, 0.41420131662977366, 0.4102554476742354, 0.4048822274210846, 0.4004286372904162, 0.3962226231732494, 0.39525141225533955, 0.3949648548942566, 0.3947581754010481, 0.39452436008044955, 0.39403930582228797, 0.3938200626353202, 0.393254173672157, 0.39135479874293033, 0.3900201489018045, 0.3873044819463187, 0.3819537692564423, 0.3763066175598202, 0.3751999265544843, 0.37497056923291017, 0.37487948024402407, 0.3748698968950066, 0.37486643797704067, 0.37486585057431276, 0.3748655211078631, 0.3748654134592261, 0.37486528799862495, 0.3748652004169679, 0.3748651955176955, 0.37486518640078814, 0.3748651835766095, 0.37486518280202663, 0.3748651827263918, 0.37486518267961444, 0.37486518266967117, 0.37486518266545477, 0.37486518266259206, 0.3748651826613729, 0.37486518266066615, 0.3748651826604481, 0.3748651826602456, 0.3748651826602134, 0.3748651826602032, 0.37486518266020075, 0.3748651826602001, 0.37486518266019997, 0.37486518266019997, 0.37486518266019997]}}, "bfgs": {"type": "gradient", "0": {"maxiter": 100, "gtol": 1e-05, "xrtol": 1e-05, "eps": 1e-05, "duration": 0.06785106658935547, "fun": "0.374865182689055", "jac": "[ 1.15520926e-06 -1.72598602e-06  9.94093696e-08  3.82405219e-07\n -1.16865406e-06 -1.66546776e-06]", "hess_inv": "[[ 9.26419849 -6.3083881   0.71161445  1.52811525  6.61998413 -0.34757637]\n [-6.3083881  15.36372411 -2.15170007 -1.69913072 -8.91598558 -1.30918865]\n [ 0.71161445 -2.15170007  9.72863925  6.08507449 -1.83353498 -1.04483047]\n [ 1.52811525 -1.69913072  6.08507449  8.54745131 -0.92245258 -0.32514912]\n [ 6.61998413 -8.91598558 -1.83353498 -0.92245258 15.10079277 -2.24599587]\n [-0.34757637 -1.30918865 -1.04483047 -0.32514912 -2.24599587  6.21806486]]", "nfev": "294", "njev": "42", "status": "0", "success": "True", "message": "Optimization terminated successfully.", "x": "[1.14573662 0.01400388 3.56174777 5.18439527 3.02661541 3.8673911 ]", "nit": "37", "callback": [0.4215418238660782, 0.41610177118140745, 0.4063392805748073, 0.3915668921191555, 0.38530751924029716, 0.3845228065576929, 0.3835498143576357, 0.38339156598280555, 0.383360503954828, 0.38335005717765114, 0.3833431358524373, 0.38334039476561954, 0.38333749038960496, 0.38333292375578176, 0.38332606851454676, 0.3833184588684655, 0.3833095345535702, 0.38329502616722433, 0.38326920266629416, 0.38314213703577926, 0.3830758646749238, 0.38296008004599147, 0.3827515953378119, 0.3823858779544874, 0.38176416544871117, 0.3807100716282251, 0.3789432472358667, 0.3763800195722248, 0.3752116338601612, 0.37501555557378663, 0.3749680836972762, 0.3748980558058589, 0.3748704829043057, 0.3748668693750632, 0.37486523431546315, 0.3748651845811328, 0.374865182689055]}, "1": {"maxiter": 100, "gtol": 1e-05, "xrtol": 1e-05, "eps": 1e-10, "duration": 0.07874202728271484, "fun": "0.37486518273733316", "jac": "[3.33066880e-06 0.00000000e+00 0.00000000e+00 1.11022293e-06\n 1.11022293e-06 4.44089173e-06]", "hess_inv": "[[ 9.08105123 -5.62135798  0.27490299  1.18880204  6.25996217  0.05722574]\n [-5.62135798 14.2358413  -1.91161642 -1.42105916 -8.31769152 -1.51398161]\n [ 0.27490299 -1.91161642  9.29398128  5.8322108  -1.82324646 -1.04848286]\n [ 1.18880204 -1.42105916  5.8322108   8.436446   -0.98916877 -0.19634358]\n [ 6.25996217 -8.31769152 -1.82324646 -0.98916877 14.65677755 -2.06912115]\n [ 0.05722574 -1.51398161 -1.04848286 -0.19634358 -2.06912115  6.67126394]]", "nfev": "294", "njev": "42", "status": "0", "success": "True", "message": "Optimization terminated successfully.", "x": "[1.14575991 0.01399974 3.56174867 5.1844113  3.02663007 3.86741728]", "nit": "36", "callback": [0.4215414529698458, 0.41610124150993333, 0.4063387282051736, 0.391566820342665, 0.3853077775532323, 0.3845230012872447, 0.3835500531301258, 0.3833915822912982, 0.3833604759923257, 0.38335003070417417, 0.3833431184157655, 0.38334038781746005, 0.3833374936306848, 0.3833329513347219, 0.38332612089443596, 0.38331850349909724, 0.38330957063984195, 0.3832950919308915, 0.3832693722861802, 0.3831406813942577, 0.3830750172314895, 0.3829593287907389, 0.3827509588337571, 0.3823872784742657, 0.38177000591543786, 0.3807201271122518, 0.3789551454708604, 0.376389733963709, 0.3752138412420738, 0.3750012942044092, 0.3749048399846624, 0.3748786679969155, 0.3748676497149698, 0.37486530807278573, 0.37486518576962446, 0.37486518273733316]}, "2": {"maxiter": 100, "gtol": 1e-05, "xrtol": 1e-10, "eps": 1e-05, "duration": 0.0754692554473877, "fun": "0.374865182689055", "jac": "[ 1.15520926e-06 -1.72598602e-06  9.94093696e-08  3.82405219e-07\n -1.16865406e-06 -1.66546776e-06]", "hess_inv": "[[ 9.26419849 -6.3083881   0.71161445  1.52811525  6.61998413 -0.34757637]\n [-6.3083881  15.36372411 -2.15170007 -1.69913072 -8.91598558 -1.30918865]\n [ 0.71161445 -2.15170007  9.72863925  6.08507449 -1.83353498 -1.04483047]\n [ 1.52811525 -1.69913072  6.08507449  8.54745131 -0.92245258 -0.32514912]\n [ 6.61998413 -8.91598558 -1.83353498 -0.92245258 15.10079277 -2.24599587]\n [-0.34757637 -1.30918865 -1.04483047 -0.32514912 -2.24599587  6.21806486]]", "nfev": "294", "njev": "42", "status": "0", "success": "True", "message": "Optimization terminated successfully.", "x": "[1.14573662 0.01400388 3.56174777 5.18439527 3.02661541 3.8673911 ]", "nit": "37", "callback": [0.4215418238660782, 0.41610177118140745, 0.4063392805748073, 0.3915668921191555, 0.38530751924029716, 0.3845228065576929, 0.3835498143576357, 0.38339156598280555, 0.383360503954828, 0.38335005717765114, 0.3833431358524373, 0.38334039476561954, 0.38333749038960496, 0.38333292375578176, 0.38332606851454676, 0.3833184588684655, 0.3833095345535702, 0.38329502616722433, 0.38326920266629416, 0.38314213703577926, 0.3830758646749238, 0.38296008004599147, 0.3827515953378119, 0.3823858779544874, 0.38176416544871117, 0.3807100716282251, 0.3789432472358667, 0.3763800195722248, 0.3752116338601612, 0.37501555557378663, 0.3749680836972762, 0.3748980558058589, 0.3748704829043057, 0.3748668693750632, 0.37486523431546315, 0.3748651845811328, 0.374865182689055]}, "3": {"maxiter": 100, "gtol": 1e-05, "xrtol": 1e-10, "eps": 1e-10, "duration": 0.06790304183959961, "fun": "0.37486518273733316", "jac": "[3.33066880e-06 0.00000000e+00 0.00000000e+00 1.11022293e-06\n 1.11022293e-06 4.44089173e-06]", "hess_inv": "[[ 9.08105123 -5.62135798  0.27490299  1.18880204  6.25996217  0.05722574]\n [-5.62135798 14.2358413  -1.91161642 -1.42105916 -8.31769152 -1.51398161]\n [ 0.27490299 -1.91161642  9.29398128  5.8322108  -1.82324646 -1.04848286]\n [ 1.18880204 -1.42105916  5.8322108   8.436446   -0.98916877 -0.19634358]\n [ 6.25996217 -8.31769152 -1.82324646 -0.98916877 14.65677755 -2.06912115]\n [ 0.05722574 -1.51398161 -1.04848286 -0.19634358 -2.06912115  6.67126394]]", "nfev": "294", "njev": "42", "status": "0", "success": "True", "message": "Optimization terminated successfully.", "x": "[1.14575991 0.01399974 3.56174867 5.1844113  3.02663007 3.86741728]", "nit": "36", "callback": [0.4215414529698458, 0.41610124150993333, 0.4063387282051736, 0.391566820342665, 0.3853077775532323, 0.3845230012872447, 0.3835500531301258, 0.3833915822912982, 0.3833604759923257, 0.38335003070417417, 0.3833431184157655, 0.38334038781746005, 0.3833374936306848, 0.3833329513347219, 0.38332612089443596, 0.38331850349909724, 0.38330957063984195, 0.3832950919308915, 0.3832693722861802, 0.3831406813942577, 0.3830750172314895, 0.3829593287907389, 0.3827509588337571, 0.3823872784742657, 0.38177000591543786, 0.3807201271122518, 0.3789551454708604, 0.376389733963709, 0.3752138412420738, 0.3750012942044092, 0.3749048399846624, 0.3748786679969155, 0.3748676497149698, 0.37486530807278573, 0.37486518576962446, 0.37486518273733316]}, "4": {"maxiter": 100, "gtol": 1e-10, "xrtol": 1e-05, "eps": 1e-05, "duration": 0.07003283500671387, "fun": "0.3748651826799747", "jac": "[ 8.34887715e-09 -1.59872116e-08 -1.53654867e-08  1.38333789e-08\n -2.77999845e-08 -2.34590125e-08]", "hess_inv": "[[ 8.7989954  -5.60351837  0.37914451  1.31232181  6.19134139 -0.07863498]\n [-5.60351837 14.30333018 -1.63900593 -1.34147504 -8.31753609 -1.69148667]\n [ 0.37914451 -1.63900593  9.50152529  5.9668769  -2.19977387 -0.82304366]\n [ 1.31232181 -1.34147504  5.9668769   8.57101442 -1.32689791 -0.09885418]\n [ 6.19134139 -8.31753609 -2.19977387 -1.32689791 15.04770094 -2.16702046]\n [-0.07863498 -1.69148667 -0.82304366 -0.09885418 -2.16702046  6.14596235]]", "nfev": "301", "njev": "43", "status": "0", "success": "True", "message": "Optimization terminated successfully.", "x": "[1.14572335 0.01402318 3.56173734 5.18438586 3.0266086  3.86739609]", "nit": "38", "callback": [0.4215418238660782, 0.41610177118140745, 0.4063392805748073, 0.3915668921191555, 0.38530751924029716, 0.3845228065576929, 0.3835498143576357, 0.38339156598280555, 0.383360503954828, 0.38335005717765114, 0.3833431358524373, 0.38334039476561954, 0.38333749038960496, 0.38333292375578176, 0.38332606851454676, 0.3833184588684655, 0.3833095345535702, 0.38329502616722433, 0.38326920266629416, 0.38314213703577926, 0.3830758646749238, 0.38296008004599147, 0.3827515953378119, 0.3823858779544874, 0.38176416544871117, 0.3807100716282251, 0.3789432472358667, 0.3763800195722248, 0.3752116338601612, 0.37501555557378663, 0.3749680836972762, 0.3748980558058589, 0.3748704829043057, 0.3748668693750632, 0.37486523431546315, 0.3748651845811328, 0.374865182689055, 0.3748651826799747]}, "5": {"maxiter": 100, "gtol": 1e-10, "xrtol": 1e-05, "eps": 1e-10, "duration": 0.0681300163269043, "fun": "0.37486518267259616", "jac": "[-1.11022293e-06 -1.11022303e-06 -1.11022293e-06  0.00000000e+00\n  0.00000000e+00 -2.22044587e-06]", "hess_inv": "[[ 8.92605992 -5.732398    0.81666069  1.58409073  5.69557384 -0.62603724]\n [-5.732398   14.62320874 -2.51681266 -1.9416589  -7.88828452 -0.95631857]\n [ 0.81666069 -2.51681266  9.51352357  6.16051315 -1.62420287 -0.88795679]\n [ 1.58409073 -1.9416589   6.16051315  8.81202705 -0.98504624 -0.25644542]\n [ 5.69557384 -7.88828452 -1.62420287 -0.98504624 14.09038099 -2.68729688]\n [-0.62603724 -0.95631857 -0.88795679 -0.25644542 -2.68729688  6.0076862 ]]", "nfev": "301", "njev": "43", "status": "0", "success": "True", "message": "Optimization terminated successfully.", "x": "[1.14572488 0.01403399 3.56174486 5.18439847 3.02660849 3.86739595]", "nit": "37", "callback": [0.4215414529698458, 0.41610124150993333, 0.4063387282051736, 0.391566820342665, 0.3853077775532323, 0.3845230012872447, 0.3835500531301258, 0.3833915822912982, 0.3833604759923257, 0.38335003070417417, 0.3833431184157655, 0.38334038781746005, 0.3833374936306848, 0.3833329513347219, 0.38332612089443596, 0.38331850349909724, 0.38330957063984195, 0.3832950919308915, 0.3832693722861802, 0.3831406813942577, 0.3830750172314895, 0.3829593287907389, 0.3827509588337571, 0.3823872784742657, 0.38177000591543786, 0.3807201271122518, 0.3789551454708604, 0.376389733963709, 0.3752138412420738, 0.3750012942044092, 0.3749048399846624, 0.3748786679969155, 0.3748676497149698, 0.37486530807278573, 0.37486518576962446, 0.37486518273733316, 0.37486518267259616]}, "6": {"maxiter": 100, "gtol": 1e-10, "xrtol": 1e-10, "eps": 1e-05, "duration": 0.07154488563537598, "fun": "0.3748651826799416", "jac": "[-7.77156117e-11 -3.33066907e-11 -3.33066907e-11  1.11022302e-11\n  0.00000000e+00 -4.44089210e-11]", "hess_inv": "[[ 8.77657662 -5.57699594  0.35402474  1.27954096  6.21578078 -0.06186596]\n [-5.57699594 14.26111941 -1.63299366 -1.35589585 -8.24396424 -1.68589633]\n [ 0.35402474 -1.63299366  9.49462959  5.97712716 -2.21965649 -0.82333887]\n [ 1.27954096 -1.35589585  5.97712716  8.62692963 -1.3945995  -0.11643836]\n [ 6.21578078 -8.24396424 -2.21965649 -1.3945995  15.05977607 -2.14837727]\n [-0.06186596 -1.68589633 -0.82333887 -0.11643836 -2.14837727  6.150099  ]]", "nfev": "315", "njev": "45", "status": "0", "success": "True", "message": "Optimization terminated successfully.", "x": "[1.14572334 0.01402318 3.56173729 5.18438575 3.02660877 3.86739614]", "nit": "40", "callback": [0.4215418238660782, 0.41610177118140745, 0.4063392805748073, 0.3915668921191555, 0.38530751924029716, 0.3845228065576929, 0.3835498143576357, 0.38339156598280555, 0.383360503954828, 0.38335005717765114, 0.3833431358524373, 0.38334039476561954, 0.38333749038960496, 0.38333292375578176, 0.38332606851454676, 0.3833184588684655, 0.3833095345535702, 0.38329502616722433, 0.38326920266629416, 0.38314213703577926, 0.3830758646749238, 0.38296008004599147, 0.3827515953378119, 0.3823858779544874, 0.38176416544871117, 0.3807100716282251, 0.3789432472358667, 0.3763800195722248, 0.3752116338601612, 0.37501555557378663, 0.3749680836972762, 0.3748980558058589, 0.3748704829043057, 0.3748668693750632, 0.37486523431546315, 0.3748651845811328, 0.374865182689055, 0.3748651826799747, 0.3748651826799445, 0.3748651826799416]}, "7": {"maxiter": 100, "gtol": 1e-10, "xrtol": 1e-10, "eps": 1e-10, "duration": 0.08616805076599121, "fun": "0.37486518267259616", "jac": "[-2.22044587e-06  2.22044606e-06  0.00000000e+00  1.11022293e-06\n  2.22044587e-06  0.00000000e+00]", "hess_inv": "[[  9.45762989  -7.17390145   0.13575771   1.22759273   7.42552283\n   -1.31529923]\n [ -7.17390145  16.93393639  -1.95137052  -1.93058451 -10.14775101\n   -0.84350629]\n [  0.13575771  -1.95137052   9.35900002   5.85121046  -1.89111926\n   -1.41271436]\n [  1.22759273  -1.93058451   5.85121046   8.4796952   -0.69122031\n   -0.84433337]\n [  7.42552283 -10.14775101  -1.89111926  -0.69122031  16.02048562\n   -2.25826946]\n [ -1.31529923  -0.84350629  -1.41271436  -0.84433337  -2.25826946\n    4.97148521]]", "nfev": "385", "njev": "55", "status": "0", "success": "True", "message": "Optimization terminated successfully.", "x": "[1.14572488 0.01403399 3.56174486 5.18439847 3.02660849 3.86739595]", "nit": "38", "callback": [0.4215414529698458, 0.41610124150993333, 0.4063387282051736, 0.391566820342665, 0.3853077775532323, 0.3845230012872447, 0.3835500531301258, 0.3833915822912982, 0.3833604759923257, 0.38335003070417417, 0.3833431184157655, 0.38334038781746005, 0.3833374936306848, 0.3833329513347219, 0.38332612089443596, 0.38331850349909724, 0.38330957063984195, 0.3832950919308915, 0.3832693722861802, 0.3831406813942577, 0.3830750172314895, 0.3829593287907389, 0.3827509588337571, 0.3823872784742657, 0.38177000591543786, 0.3807201271122518, 0.3789551454708604, 0.376389733963709, 0.3752138412420738, 0.3750012942044092, 0.3749048399846624, 0.3748786679969155, 0.3748676497149698, 0.37486530807278573, 0.37486518576962446, 0.37486518273733316, 0.37486518267259616, 0.37486518267259616]}, "8": {"maxiter": 500, "gtol": 1e-05, "xrtol": 1e-05, "eps": 1e-05, "duration": 0.06629204750061035, "fun": "0.374865182689055", "jac": "[ 1.15520926e-06 -1.72598602e-06  9.94093696e-08  3.82405219e-07\n -1.16865406e-06 -1.66546776e-06]", "hess_inv": "[[ 9.26419849 -6.3083881   0.71161445  1.52811525  6.61998413 -0.34757637]\n [-6.3083881  15.36372411 -2.15170007 -1.69913072 -8.91598558 -1.30918865]\n [ 0.71161445 -2.15170007  9.72863925  6.08507449 -1.83353498 -1.04483047]\n [ 1.52811525 -1.69913072  6.08507449  8.54745131 -0.92245258 -0.32514912]\n [ 6.61998413 -8.91598558 -1.83353498 -0.92245258 15.10079277 -2.24599587]\n [-0.34757637 -1.30918865 -1.04483047 -0.32514912 -2.24599587  6.21806486]]", "nfev": "294", "njev": "42", "status": "0", "success": "True", "message": "Optimization terminated successfully.", "x": "[1.14573662 0.01400388 3.56174777 5.18439527 3.02661541 3.8673911 ]", "nit": "37", "callback": [0.4215418238660782, 0.41610177118140745, 0.4063392805748073, 0.3915668921191555, 0.38530751924029716, 0.3845228065576929, 0.3835498143576357, 0.38339156598280555, 0.383360503954828, 0.38335005717765114, 0.3833431358524373, 0.38334039476561954, 0.38333749038960496, 0.38333292375578176, 0.38332606851454676, 0.3833184588684655, 0.3833095345535702, 0.38329502616722433, 0.38326920266629416, 0.38314213703577926, 0.3830758646749238, 0.38296008004599147, 0.3827515953378119, 0.3823858779544874, 0.38176416544871117, 0.3807100716282251, 0.3789432472358667, 0.3763800195722248, 0.3752116338601612, 0.37501555557378663, 0.3749680836972762, 0.3748980558058589, 0.3748704829043057, 0.3748668693750632, 0.37486523431546315, 0.3748651845811328, 0.374865182689055]}, "9": {"maxiter": 500, "gtol": 1e-05, "xrtol": 1e-05, "eps": 1e-10, "duration": 0.06911921501159668, "fun": "0.37486518273733316", "jac": "[3.33066880e-06 0.00000000e+00 0.00000000e+00 1.11022293e-06\n 1.11022293e-06 4.44089173e-06]", "hess_inv": "[[ 9.08105123 -5.62135798  0.27490299  1.18880204  6.25996217  0.05722574]\n [-5.62135798 14.2358413  -1.91161642 -1.42105916 -8.31769152 -1.51398161]\n [ 0.27490299 -1.91161642  9.29398128  5.8322108  -1.82324646 -1.04848286]\n [ 1.18880204 -1.42105916  5.8322108   8.436446   -0.98916877 -0.19634358]\n [ 6.25996217 -8.31769152 -1.82324646 -0.98916877 14.65677755 -2.06912115]\n [ 0.05722574 -1.51398161 -1.04848286 -0.19634358 -2.06912115  6.67126394]]", "nfev": "294", "njev": "42", "status": "0", "success": "True", "message": "Optimization terminated successfully.", "x": "[1.14575991 0.01399974 3.56174867 5.1844113  3.02663007 3.86741728]", "nit": "36", "callback": [0.4215414529698458, 0.41610124150993333, 0.4063387282051736, 0.391566820342665, 0.3853077775532323, 0.3845230012872447, 0.3835500531301258, 0.3833915822912982, 0.3833604759923257, 0.38335003070417417, 0.3833431184157655, 0.38334038781746005, 0.3833374936306848, 0.3833329513347219, 0.38332612089443596, 0.38331850349909724, 0.38330957063984195, 0.3832950919308915, 0.3832693722861802, 0.3831406813942577, 0.3830750172314895,