{"date": "2024/09/25/, 04:16:32", "conf_id": 133, "data_type": "orthogonal\n", "num_data_points": 3, "s_rank": 0, "unitary": "[[-0.53618537-0.34368723j,-0.12107031-0.46226139j,-0.07699282-0.46603512j,0.36022595-0.11472301j],[0.26026499-0.63450712j,-0.56616638+0.37832564j,-0.14988651+0.08458591j,0.10363514-0.16008501j],[-0.32580188-0.11070003j,-0.36476308-0.23593218j,0.02559343+0.41761608j,-0.25598305+0.6725303j],[0.07406738-0.0126433j,0.28513701+0.19483972j,-0.74939717-0.10299659j,0.29798249+0.46269921j]]", "databatch_0": {"databatch": "[[[-0.0702544+0.03302794j,0.12154856+0.30728337j,-0.24709477-0.0491903j,-0.25234193-0.05768504j],[0.04453704-0.06592459j,0.05656414-0.04602085j,-0.06485543-0.37719558j,-0.26190871-0.06614321j],[-0.04279574-0.21376372j,-0.07248809-0.11524496j,-0.2795512-0.28975725j,-0.07413686+0.2431711j],[-0.21615646-0.05049845j,-0.14340159+0.20456996j,-0.33005617-0.03620221j,0.08464346-0.03603165j]],[[0.0728241+0.13785259j,0.15303603+0.2013171j,0.32746501+0.43842873j,0.1362607-0.03283646j],[0.0322257+0.00737417j,0.12032266+0.01015248j,0.24437163+0.13933163j,0.14646962+0.01800364j],[0.22683806+0.01960484j,-0.24670943-0.08786313j,0.02288225-0.10025098j,-0.27945162-0.01259742j],[-0.26117196+0.15621244j,0.16727714-0.14072725j,-0.28932584+0.13014212j,0.14473787-0.06942038j]],[[-0.00910281+0.2073351j,0.10670729+0.09914155j,0.07061807+0.35520581j,0.0397662-0.10002002j],[0.00462454-0.19911651j,-0.05525558-0.12022821j,-0.19094204-0.56107056j,-0.23575965+0.02830133j],[0.04780727+0.08757184j,-0.09461644-0.05776119j,0.24512883-0.01782367j,0.07852463-0.24897421j],[0.18926506-0.01581662j,-0.0289993-0.25700986j,0.25465204-0.08161302j,-0.04228005+0.03294659j]]]", "initial param values": "[3.47279888,0.87252025,1.00787877,2.96790704,5.44766952,3.85262825]", "nelder_mead": {"type": "gradient-free", "0": {"maxiter": 100, "fatol": 1e-05, "xatol": 1e-05, "duration": 0.03782296180725098, "fun": "0.5853488805035072", "nit": "100", "nfev": "158", "status": "2", "success": "False", "message": "Maximum number of iterations has been exceeded.", "x": "[ 2.55950663  1.55459849 -0.18889744  4.17751373  6.91635951  5.7073122 ]", "final_simplex": "(array([[ 2.55950663,  1.55459849, -0.18889744,  4.17751373,  6.91635951,\n         5.7073122 ],\n       [ 2.58409066,  1.56674716, -0.22905345,  4.29222533,  6.86681335,\n         5.62191124],\n       [ 2.56688345,  1.57741141, -0.24018141,  4.27703225,  6.89842792,\n         5.70793632],\n       [ 2.56920655,  1.57808546, -0.23593937,  4.25953719,  6.93777994,\n         5.72580059],\n       [ 2.56037312,  1.54837192, -0.17615284,  4.17870688,  6.9095686 ,\n         5.6684153 ],\n       [ 2.56296673,  1.54444194, -0.16734998,  4.16263646,  6.90613101,\n         5.66754329],\n       [ 2.59320704,  1.57741143, -0.26288968,  4.27522677,  6.92422622,\n         5.77798933]]), array([0.58534888, 0.58537231, 0.58538895, 0.58565671, 0.58572386,\n       0.58586611, 0.58587575]))", "callback": [0.7098320400542437, 0.6941989107684526, 0.6850849436384474, 0.6778465745296902, 0.6770338690115711, 0.6766308009732116, 0.6760422448374352, 0.6691334557304933, 0.6048380736737176, 0.585388946367355]}, "1": {"maxiter": 100, "fatol": 1e-05, "xatol": 1e-10, "duration": 0.037146806716918945, "fun": "0.5853488805035072", "nit": "100", "nfev": "158", "status": "2", "success": "False", "message": "Maximum number of iterations has been exceeded.", "x": "[ 2.55950663  1.55459849 -0.18889744  4.17751373  6.91635951  5.7073122 ]", "final_simplex": "(array([[ 2.55950663,  1.55459849, -0.18889744,  4.17751373,  6.91635951,\n         5.7073122 ],\n       [ 2.58409066,  1.56674716, -0.22905345,  4.29222533,  6.86681335,\n         5.62191124],\n       [ 2.56688345,  1.57741141, -0.24018141,  4.27703225,  6.89842792,\n         5.70793632],\n       [ 2.56920655,  1.57808546, -0.23593937,  4.25953719,  6.93777994,\n         5.72580059],\n       [ 2.56037312,  1.54837192, -0.17615284,  4.17870688,  6.9095686 ,\n         5.6684153 ],\n       [ 2.56296673,  1.54444194, -0.16734998,  4.16263646,  6.90613101,\n         5.66754329],\n       [ 2.59320704,  1.57741143, -0.26288968,  4.27522677,  6.92422622,\n         5.77798933]]), array([0.58534888, 0.58537231, 0.58538895, 0.58565671, 0.58572386,\n       0.58586611, 0.58587575]))", "callback": [0.7098320400542437, 0.6941989107684526, 0.6850849436384474, 0.6778465745296902, 0.6770338690115711, 0.6766308009732116, 0.6760422448374352, 0.6691334557304933, 0.6048380736737176, 0.585388946367355]}, "2": {"maxiter": 100, "fatol": 1e-10, "xatol": 1e-05, "duration": 0.03576302528381348, "fun": "0.5853488805035072", "nit": "100", "nfev": "158", "status": "2", "success": "False", "message": "Maximum number of iterations has been exceeded.", "x": "[ 2.55950663  1.55459849 -0.18889744  4.17751373  6.91635951  5.7073122 ]", "final_simplex": "(array([[ 2.55950663,  1.55459849, -0.18889744,  4.17751373,  6.91635951,\n         5.7073122 ],\n       [ 2.58409066,  1.56674716, -0.22905345,  4.29222533,  6.86681335,\n         5.62191124],\n       [ 2.56688345,  1.57741141, -0.24018141,  4.27703225,  6.89842792,\n         5.70793632],\n       [ 2.56920655,  1.57808546, -0.23593937,  4.25953719,  6.93777994,\n         5.72580059],\n       [ 2.56037312,  1.54837192, -0.17615284,  4.17870688,  6.9095686 ,\n         5.6684153 ],\n       [ 2.56296673,  1.54444194, -0.16734998,  4.16263646,  6.90613101,\n         5.66754329],\n       [ 2.59320704,  1.57741143, -0.26288968,  4.27522677,  6.92422622,\n         5.77798933]]), array([0.58534888, 0.58537231, 0.58538895, 0.58565671, 0.58572386,\n       0.58586611, 0.58587575]))", "callback": [0.7098320400542437, 0.6941989107684526, 0.6850849436384474, 0.6778465745296902, 0.6770338690115711, 0.6766308009732116, 0.6760422448374352, 0.6691334557304933, 0.6048380736737176, 0.585388946367355]}, "3": {"maxiter": 100, "fatol": 1e-10, "xatol": 1e-10, "duration": 0.03644275665283203, "fun": "0.5853488805035072", "nit": "100", "nfev": "158", "status": "2", "success": "False", "message": "Maximum number of iterations has been exceeded.", "x": "[ 2.55950663  1.55459849 -0.18889744  4.17751373  6.91635951  5.7073122 ]", "final_simplex": "(array([[ 2.55950663,  1.55459849, -0.18889744,  4.17751373,  6.91635951,\n         5.7073122 ],\n       [ 2.58409066,  1.56674716, -0.22905345,  4.29222533,  6.86681335,\n         5.62191124],\n       [ 2.56688345,  1.57741141, -0.24018141,  4.27703225,  6.89842792,\n         5.70793632],\n       [ 2.56920655,  1.57808546, -0.23593937,  4.25953719,  6.93777994,\n         5.72580059],\n       [ 2.56037312,  1.54837192, -0.17615284,  4.17870688,  6.9095686 ,\n         5.6684153 ],\n       [ 2.56296673,  1.54444194, -0.16734998,  4.16263646,  6.90613101,\n         5.66754329],\n       [ 2.59320704,  1.57741143, -0.26288968,  4.27522677,  6.92422622,\n         5.77798933]]), array([0.58534888, 0.58537231, 0.58538895, 0.58565671, 0.58572386,\n       0.58586611, 0.58587575]))", "callback": [0.7098320400542437, 0.6941989107684526, 0.6850849436384474, 0.6778465745296902, 0.6770338690115711, 0.6766308009732116, 0.6760422448374352, 0.6691334557304933, 0.6048380736737176, 0.585388946367355]}, "4": {"maxiter": 500, "fatol": 1e-05, "xatol": 1e-05, "duration": 0.17635297775268555, "fun": "0.40484554704175313", "nit": "500", "nfev": "762", "status": "2", "success": "False", "message": "Maximum number of iterations has been exceeded.", "x": "[ 1.8096604   2.49190451 -1.82182864  4.78855793  8.00073478  8.47624912]", "final_simplex": "(array([[ 1.8096604 ,  2.49190451, -1.82182864,  4.78855793,  8.00073478,\n         8.47624912],\n       [ 1.80953323,  2.49187684, -1.82167006,  4.78842905,  8.00079597,\n         8.47641758],\n       [ 1.80960008,  2.4918866 , -1.82175277,  4.78841664,  8.0007379 ,\n         8.47611571],\n       [ 1.80966484,  2.4918418 , -1.8216788 ,  4.7884252 ,  8.00082752,\n         8.47633551],\n       [ 1.809579  ,  2.49188365, -1.82172058,  4.78860098,  8.00064438,\n         8.47625397],\n       [ 1.80952857,  2.4919052 , -1.82171267,  4.78845794,  8.00080526,\n         8.47611993],\n       [ 1.80963755,  2.49187208, -1.82176817,  4.78844733,  8.00071423,\n         8.47618702]]), array([0.40484555, 0.40484555, 0.40484555, 0.40484555, 0.40484555,\n       0.40484556, 0.40484556]))", "callback": [0.7098320400542437, 0.6941989107684526, 0.6850849436384474, 0.6778465745296902, 0.6770338690115711, 0.6766308009732116, 0.6760422448374352, 0.6691334557304933, 0.6048380736737176, 0.585388946367355, 0.585317101342762, 0.5849513651706311, 0.5846979570847506, 0.5846217166311258, 0.5845208918942189, 0.5841545529262879, 0.5832633589998373, 0.5815326393274565, 0.5815107502205781, 0.5811982205042849, 0.5810123517784462, 0.5800995105853841, 0.5790364418038123, 0.5774918495103982, 0.5762901170635086, 0.5714205655364484, 0.5629394925618996, 0.5415851128428282, 0.4806448371473009, 0.46343282178975387, 0.43904569392359605, 0.4123186605323953, 0.4076128231198354, 0.4059637757672955, 0.4054383196959557, 0.40536154990271533, 0.40535373963431753, 0.4053167820179403, 0.40522985080894147, 0.40503686451965903, 0.40488163270055433, 0.40485205297907756, 0.40485205297907756, 0.4048459719101044, 0.4048459719101044, 0.40484568817269195, 0.4048455989575904, 0.40484557301138446, 0.4048455600803732, 0.40484555756654694]}, "5": {"maxiter": 500, "fatol": 1e-05, "xatol": 1e-10, "duration": 0.17202305793762207, "fun": "0.40484554704175313", "nit": "500", "nfev": "762", "status": "2", "success": "False", "message": "Maximum number of iterations has been exceeded.", "x": "[ 1.8096604   2.49190451 -1.82182864  4.78855793  8.00073478  8.47624912]", "final_simplex": "(array([[ 1.8096604 ,  2.49190451, -1.82182864,  4.78855793,  8.00073478,\n         8.47624912],\n       [ 1.80953323,  2.49187684, -1.82167006,  4.78842905,  8.00079597,\n         8.47641758],\n       [ 1.80960008,  2.4918866 , -1.82175277,  4.78841664,  8.0007379 ,\n         8.47611571],\n       [ 1.80966484,  2.4918418 , -1.8216788 ,  4.7884252 ,  8.00082752,\n         8.47633551],\n       [ 1.809579  ,  2.49188365, -1.82172058,  4.78860098,  8.00064438,\n         8.47625397],\n       [ 1.80952857,  2.4919052 , -1.82171267,  4.78845794,  8.00080526,\n         8.47611993],\n       [ 1.80963755,  2.49187208, -1.82176817,  4.78844733,  8.00071423,\n         8.47618702]]), array([0.40484555, 0.40484555, 0.40484555, 0.40484555, 0.40484555,\n       0.40484556, 0.40484556]))", "callback": [0.7098320400542437, 0.6941989107684526, 0.6850849436384474, 0.6778465745296902, 0.6770338690115711, 0.6766308009732116, 0.6760422448374352, 0.6691334557304933, 0.6048380736737176, 0.585388946367355, 0.585317101342762, 0.5849513651706311, 0.5846979570847506, 0.5846217166311258, 0.5845208918942189, 0.5841545529262879, 0.5832633589998373, 0.5815326393274565, 0.5815107502205781, 0.5811982205042849, 0.5810123517784462, 0.5800995105853841, 0.5790364418038123, 0.5774918495103982, 0.5762901170635086, 0.5714205655364484, 0.5629394925618996, 0.5415851128428282, 0.4806448371473009, 0.46343282178975387, 0.43904569392359605, 0.4123186605323953, 0.4076128231198354, 0.4059637757672955, 0.4054383196959557, 0.40536154990271533, 0.40535373963431753, 0.4053167820179403, 0.40522985080894147, 0.40503686451965903, 0.40488163270055433, 0.40485205297907756, 0.40485205297907756, 0.4048459719101044, 0.4048459719101044, 0.40484568817269195, 0.4048455989575904, 0.40484557301138446, 0.4048455600803732, 0.40484555756654694]}, "6": {"maxiter": 500, "fatol": 1e-10, "xatol": 1e-05, "duration": 0.19095516204833984, "fun": "0.40484554704175313", "nit": "500", "nfev": "762", "status": "2", "success": "False", "message": "Maximum number of iterations has been exceeded.", "x": "[ 1.8096604   2.49190451 -1.82182864  4.78855793  8.00073478  8.47624912]", "final_simplex": "(array([[ 1.8096604 ,  2.49190451, -1.82182864,  4.78855793,  8.00073478,\n         8.47624912],\n       [ 1.80953323,  2.49187684, -1.82167006,  4.78842905,  8.00079597,\n         8.47641758],\n       [ 1.80960008,  2.4918866 , -1.82175277,  4.78841664,  8.0007379 ,\n         8.47611571],\n       [ 1.80966484,  2.4918418 , -1.8216788 ,  4.7884252 ,  8.00082752,\n         8.47633551],\n       [ 1.809579  ,  2.49188365, -1.82172058,  4.78860098,  8.00064438,\n         8.47625397],\n       [ 1.80952857,  2.4919052 , -1.82171267,  4.78845794,  8.00080526,\n         8.47611993],\n       [ 1.80963755,  2.49187208, -1.82176817,  4.78844733,  8.00071423,\n         8.47618702]]), array([0.40484555, 0.40484555, 0.40484555, 0.40484555, 0.40484555,\n       0.40484556, 0.40484556]))", "callback": [0.7098320400542437, 0.6941989107684526, 0.6850849436384474, 0.6778465745296902, 0.6770338690115711, 0.6766308009732116, 0.6760422448374352, 0.6691334557304933, 0.6048380736737176, 0.585388946367355, 0.585317101342762, 0.5849513651706311, 0.5846979570847506, 0.5846217166311258, 0.5845208918942189, 0.5841545529262879, 0.5832633589998373, 0.5815326393274565, 0.5815107502205781, 0.5811982205042849, 0.5810123517784462, 0.5800995105853841, 0.5790364418038123, 0.5774918495103982, 0.5762901170635086, 0.5714205655364484, 0.5629394925618996, 0.5415851128428282, 0.4806448371473009, 0.46343282178975387, 0.43904569392359605, 0.4123186605323953, 0.4076128231198354, 0.4059637757672955, 0.4054383196959557, 0.40536154990271533, 0.40535373963431753, 0.4053167820179403, 0.40522985080894147, 0.40503686451965903, 0.40488163270055433, 0.40485205297907756, 0.40485205297907756, 0.4048459719101044, 0.4048459719101044, 0.40484568817269195, 0.4048455989575904, 0.40484557301138446, 0.4048455600803732, 0.40484555756654694]}, "7": {"maxiter": 500, "fatol": 1e-10, "xatol": 1e-10, "duration": 0.17905807495117188, "fun": "0.40484554704175313", "nit": "500", "nfev": "762", "status": "2", "success": "False", "message": "Maximum number of iterations has been exceeded.", "x": "[ 1.8096604   2.49190451 -1.82182864  4.78855793  8.00073478  8.47624912]", "final_simplex": "(array([[ 1.8096604 ,  2.49190451, -1.82182864,  4.78855793,  8.00073478,\n         8.47624912],\n       [ 1.80953323,  2.49187684, -1.82167006,  4.78842905,  8.00079597,\n         8.47641758],\n       [ 1.80960008,  2.4918866 , -1.82175277,  4.78841664,  8.0007379 ,\n         8.47611571],\n       [ 1.80966484,  2.4918418 , -1.8216788 ,  4.7884252 ,  8.00082752,\n         8.47633551],\n       [ 1.809579  ,  2.49188365, -1.82172058,  4.78860098,  8.00064438,\n         8.47625397],\n       [ 1.80952857,  2.4919052 , -1.82171267,  4.78845794,  8.00080526,\n         8.47611993],\n       [ 1.80963755,  2.49187208, -1.82176817,  4.78844733,  8.00071423,\n         8.47618702]]), array([0.40484555, 0.40484555, 0.40484555, 0.40484555, 0.40484555,\n       0.40484556, 0.40484556]))", "callback": [0.7098320400542437, 0.6941989107684526, 0.6850849436384474, 0.6778465745296902, 0.6770338690115711, 0.6766308009732116, 0.6760422448374352, 0.6691334557304933, 0.6048380736737176, 0.585388946367355, 0.585317101342762, 0.5849513651706311, 0.5846979570847506, 0.5846217166311258, 0.5845208918942189, 0.5841545529262879, 0.5832633589998373, 0.5815326393274565, 0.5815107502205781, 0.5811982205042849, 0.5810123517784462, 0.5800995105853841, 0.5790364418038123, 0.5774918495103982, 0.5762901170635086, 0.5714205655364484, 0.5629394925618996, 0.5415851128428282, 0.4806448371473009, 0.46343282178975387, 0.43904569392359605, 0.4123186605323953, 0.4076128231198354, 0.4059637757672955, 0.4054383196959557, 0.40536154990271533, 0.40535373963431753, 0.4053167820179403, 0.40522985080894147, 0.40503686451965903, 0.40488163270055433, 0.40485205297907756, 0.40485205297907756, 0.4048459719101044, 0.4048459719101044, 0.40484568817269195, 0.4048455989575904, 0.40484557301138446, 0.4048455600803732, 0.40484555756654694]}, "8": {"maxiter": 1000, "fatol": 1e-05, "xatol": 1e-05, "duration": 0.2672300338745117, "fun": "0.4048368452522141", "nit": "734", "nfev": "1124", "status": "0", "success": "True", "message": "Optimization terminated successfully.", "x": "[ 1.81185829  2.4997748  -1.81722261  4.78861345  7.9974125   8.47570677]", "final_simplex": "(array([[ 1.81185829,  2.4997748 , -1.81722261,  4.78861345,  7.9974125 ,\n         8.47570677],\n       [ 1.81185805,  2.49977275, -1.81722182,  4.78862119,  7.99741183,\n         8.47571364],\n       [ 1.81185676,  2.49977222, -1.81722533,  4.78861095,  7.99741193,\n         8.47571332],\n       [ 1.81185324,  2.49977164, -1.81722188,  4.78861893,  7.99741794,\n         8.4757091 ],\n       [ 1.81185229,  2.49977187, -1.81722517,  4.78862251,  7.99741271,\n         8.47570753],\n       [ 1.81185723,  2.49976784, -1.81722387,  4.7886186 ,  7.99741519,\n         8.47570936],\n       [ 1.81185277,  2.49977428, -1.81721779,  4.78861813,  7.99740767,\n         8.47570539]]), array([0.40483685, 0.40483685, 0.40483685, 0.40483685, 0.40483685,\n       0.40483685, 0.40483685]))", "callback": [0.7098320400542437, 0.6941989107684526, 0.6850849436384474, 0.6778465745296902, 0.6770338690115711, 0.6766308009732116, 0.6760422448374352, 0.6691334557304933, 0.6048380736737176, 0.585388946367355, 0.585317101342762, 0.5849513651706311, 0.5846979570847506, 0.5846217166311258, 0.5845208918942189, 0.5841545529262879, 0.5832633589998373, 0.5815326393274565, 0.5815107502205781, 0.5811982205042849, 0.5810123517784462, 0.5800995105853841, 0.5790364418038123, 0.5774918495103982, 0.5762901170635086, 0.5714205655364484, 0.5629394925618996, 0.5415851128428282, 0.4806448371473009, 0.46343282178975387, 0.43904569392359605, 0.4123186605323953, 0.4076128231198354, 0.4059637757672955, 0.4054383196959557, 0.40536154990271533, 0.40535373963431753, 0.4053167820179403, 0.40522985080894147, 0.40503686451965903, 0.40488163270055433, 0.40485205297907756, 0.40485205297907756, 0.4048459719101044, 0.4048459719101044, 0.40484568817269195, 0.4048455989575904, 0.40484557301138446, 0.4048455600803732, 0.40484555756654694, 0.40484553661974276, 0.4048455025059371, 0.4048454633844025, 0.40484545016471885, 0.40484543336241574, 0.4048453896146972, 0.4048451779335501, 0.40484465390876234, 0.40484277916492883, 0.40483817268323274, 0.40483769192513785, 0.4048370880630241, 0.40483691868871574, 0.4048369102849897, 0.4048368937592256, 0.40483688307330756, 0.40483687500203813, 0.40483685853915174, 0.40483685165704986, 0.40483684672532605, 0.4048368460534103, 0.4048368453894887, 0.40483684527959574, 0.4048368452572534]}, "9": {"maxiter": 1000, "fatol": 1e-05, "xatol": 1e-10, "duration": 0.3164241313934326, "fun": "0.40483684524850616", "nit": "841", "nfev": "1361", "status": "0", "success": "True", "message": "Optimization terminated successfully.", "x": "[ 1.81185644  2.49977655 -1.81722499  4.78861761  7.99741213  8.47571007]", "final_simplex": "(array([[ 1.81185644,  2.49977655, -1.81722499,  4.78861761,  7.99741213,\n         8.47571007],\n       [ 1.81185644,  2.49977655, -1.81722499,  4.78861761,  7.99741213,\n         8.47571007],\n       [ 1.81185644,  2.49977655, -1.81722499,  4.78861761,  7.99741213,\n         8.47571007],\n       [ 1.81185644,  2.49977655, -1.81722499,  4.78861761,  7.99741213,\n         8.47571007],\n       [ 1.81185644,  2.49977655, -1.81722499,  4.78861761,  7.99741213,\n         8.47571007],\n       [ 1.81185644,  2.49977655, -1.81722499,  4.78861761,  7.99741213,\n         8.47571007],\n       [ 1.81185644,  2.49977655, -1.81722499,  4.78861761,  7.99741213,\n         8.47571007]]), array([0.40483685, 0.40483685, 0.40483685, 0.40483685, 0.40483685,\n       0.40483685, 0.40483685]))", "callback": [0.7098320400542437, 0.6941989107684526, 0.6850849436384474, 0.6778465745296902, 0.6770338690115711, 0.6766308009732116, 0.6760422448374352, 0.6691334557304933, 0.6048380736737176, 0.585388946367355, 0.585317101342762, 0.5849513651706311, 0.5846979570847506, 0.5846217166311258, 0.5845208918942189, 0.5841545529262879, 0.5832633589998373, 0.5815326393274565, 0.5815107502205781, 0.5811982205042849, 0.5810123517784462, 0.5800995105853841, 0.5790364418038123, 0.5774918495103982, 0.5762901170635086, 0.5714205655364484, 0.5629394925618996, 0.5415851128428282, 0.4806448371473009, 0.46343282178975387, 0.43904569392359605, 0.4123186605323953, 0.4076128231198354, 0.4059637757672955, 0.4054383196959557, 0.40536154990271533, 0.40535373963431753, 0.4053167820179403, 0.40522985080894147, 0.40503686451965903, 0.40488163270055433, 0.40485205297907756, 0.40485205297907756, 0.4048459719101044, 0.4048459719101044, 0.40484568817269195, 0.4048455989575904, 0.40484557301138446, 0.4048455600803732, 0.40484555756654694, 0.40484553661974276, 0.4048455025059371, 0.4048454633844025, 0.40484545016471885, 0.40484543336241574, 0.4048453896146972, 0.4048451779335501, 0.40484465390876234, 0.40484277916492883, 0.40483817268323274, 0.40483769192513785, 0.4048370880630241, 0.40483691868871574, 0.4048369102849897, 0.4048368937592256, 0.40483688307330756, 0.40483687500203813, 0.40483685853915174, 0.40483685165704986, 0.40483684672532605, 0.4048368460534103, 0.4048368453894887, 0.40483684527959574, 0.4048368452572534, 0.40483684525050323, 0.4048368452489659, 0.4048368452486437, 0.4048368452485197, 0.40483684524851316, 0.40483684524850827, 0.4048368452485067, 0.40483684524850627, 0.40483684524850616, 0.40483684524850616, 0.40483684524850616]}, "10": {"maxiter": 1000, "fatol": 1e-10, "xatol": 1e-05, "duration": 0.25826406478881836, "fun": "0.4048368452522141", "nit": "734", "nfev": "1124", "status": "0", "success": "True", "message": "Optimization terminated successfully.", "x": "[ 1.81185829  2.4997748  -1.81722261  4.78861345  7.9974125   8.47570677]", "final_simplex": "(array([[ 1.81185829,  2.4997748 , -1.81722261,  4.78861345,  7.9974125 ,\n         8.47570677],\n       [ 1.81185805,  2.49977275, -1.81722182,  4.78862119,  7.99741183,\n         8.47571364],\n       [ 1.81185676,  2.49977222, -1.81722533,  4.78861095,  7.99741193,\n         8.47571332],\n       [ 1.81185324,  2.49977164, -1.81722188,  4.78861893,  7.99741794,\n         8.4757091 ],\n       [ 1.81185229,  2.49977187, -1.81722517,  4.78862251,  7.99741271,\n         8.47570753],\n       [ 1.81185723,  2.49976784, -1.81722387,  4.7886186 ,  7.99741519,\n         8.47570936],\n       [ 1.81185277,  2.49977428, -1.81721779,  4.78861813,  7.99740767,\n         8.47570539]]), array([0.40483685, 0.40483685, 0.40483685, 0.40483685, 0.40483685,\n       0.40483685, 0.40483685]))", "callback": [0.7098320400542437, 0.6941989107684526, 0.6850849436384474, 0.6778465745296902, 0.6770338690115711, 0.6766308009732116, 0.6760422448374352, 0.6691334557304933, 0.6048380736737176, 0.585388946367355, 0.585317101342762, 0.5849513651706311, 0.5846979570847506, 0.5846217166311258, 0.5845208918942189, 0.5841545529262879, 0.5832633589998373, 0.5815326393274565, 0.5815107502205781, 0.5811982205042849, 0.5810123517784462, 0.5800995105853841, 0.5790364418038123, 0.5774918495103982, 0.5762901170635086, 0.5714205655364484, 0.5629394925618996, 0.5415851128428282, 0.4806448371473009, 0.46343282178975387, 0.43904569392359605, 0.4123186605323953, 0.4076128231198354, 0.4059637757672955, 0.4054383196959557, 0.40536154990271533, 0.40535373963431753, 0.4053167820179403, 0.40522985080894147, 0.40503686451965903, 0.40488163270055433, 0.40485205297907756, 0.40485205297907756, 0.4048459719101044, 0.4048459719101044, 0.40484568817269195, 0.4048455989575904, 0.40484557301138446, 0.4048455600803732, 0.40484555756654694, 0.40484553661974276, 0.4048455025059371, 0.4048454633844025, 0.40484545016471885, 0.40484543336241574, 0.4048453896146972, 0.4048451779335501, 0.40484465390876234, 0.40484277916492883, 0.40483817268323274, 0.40483769192513785, 0.4048370880630241, 0.40483691868871574, 0.4048369102849897, 0.4048368937592256, 0.40483688307330756, 0.40483687500203813, 0.40483685853915174, 0.40483685165704986, 0.40483684672532605, 0.4048368460534103, 0.4048368453894887, 0.40483684527959574, 0.4048368452572534]}, "11": {"maxiter": 1000, "fatol": 1e-10, "xatol": 1e-10, "duration": 0.3078591823577881, "fun": "0.40483684524850616", "nit": "841", "nfev": "1361", "status": "0", "success": "True", "message": "Optimization terminated successfully.", "x": "[ 1.81185644  2.49977655 -1.81722499  4.78861761  7.99741213  8.47571007]", "final_simplex": "(array([[ 1.81185644,  2.49977655, -1.81722499,  4.78861761,  7.99741213,\n         8.47571007],\n       [ 1.81185644,  2.49977655, -1.81722499,  4.78861761,  7.99741213,\n         8.47571007],\n       [ 1.81185644,  2.49977655, -1.81722499,  4.78861761,  7.99741213,\n         8.47571007],\n       [ 1.81185644,  2.49977655, -1.81722499,  4.78861761,  7.99741213,\n         8.47571007],\n       [ 1.81185644,  2.49977655, -1.81722499,  4.78861761,  7.99741213,\n         8.47571007],\n       [ 1.81185644,  2.49977655, -1.81722499,  4.78861761,  7.99741213,\n         8.47571007],\n       [ 1.81185644,  2.49977655, -1.81722499,  4.78861761,  7.99741213,\n         8.47571007]]), array([0.40483685, 0.40483685, 0.40483685, 0.40483685, 0.40483685,\n       0.40483685, 0.40483685]))", "callback": [0.7098320400542437, 0.6941989107684526, 0.6850849436384474, 0.6778465745296902, 0.6770338690115711, 0.6766308009732116, 0.6760422448374352, 0.6691334557304933, 0.6048380736737176, 0.585388946367355, 0.585317101342762, 0.5849513651706311, 0.5846979570847506, 0.5846217166311258, 0.5845208918942189, 0.5841545529262879, 0.5832633589998373, 0.5815326393274565, 0.5815107502205781, 0.5811982205042849, 0.5810123517784462, 0.5800995105853841, 0.5790364418038123, 0.5774918495103982, 0.5762901170635086, 0.5714205655364484, 0.5629394925618996, 0.5415851128428282, 0.4806448371473009, 0.46343282178975387, 0.43904569392359605, 0.4123186605323953, 0.4076128231198354, 0.4059637757672955, 0.4054383196959557, 0.40536154990271533, 0.40535373963431753, 0.4053167820179403, 0.40522985080894147, 0.40503686451965903, 0.40488163270055433, 0.40485205297907756, 0.40485205297907756, 0.4048459719101044, 0.4048459719101044, 0.40484568817269195, 0.4048455989575904, 0.40484557301138446, 0.4048455600803732, 0.40484555756654694, 0.40484553661974276, 0.4048455025059371, 0.4048454633844025, 0.40484545016471885, 0.40484543336241574, 0.4048453896146972, 0.4048451779335501, 0.40484465390876234, 0.40484277916492883, 0.40483817268323274, 0.40483769192513785, 0.4048370880630241, 0.40483691868871574, 0.4048369102849897, 0.4048368937592256, 0.40483688307330756, 0.40483687500203813, 0.40483685853915174, 0.40483685165704986, 0.40483684672532605, 0.4048368460534103, 0.4048368453894887, 0.40483684527959574, 0.4048368452572534, 0.40483684525050323, 0.4048368452489659, 0.4048368452486437, 0.4048368452485197, 0.40483684524851316, 0.40483684524850827, 0.4048368452485067, 0.40483684524850627, 0.40483684524850616, 0.40483684524850616, 0.40483684524850616]}}, "bfgs": {"type": "gradient", "0": {"maxiter": 100, "gtol": 1e-05, "xrtol": 1e-05, "eps": 1e-05, "duration": 0.04301095008850098, "fun": "0.4048368452705554", "jac": "[ 5.07316411e-07  6.14486240e-07 -9.39304190e-07  1.65609748e-06\n  2.38973286e-06  1.10520482e-06]", "hess_inv": "[[ 3.27889701e+00  2.13266707e-01 -1.93430501e-03 -5.02586243e-01\n  -2.37694166e-01  3.17784294e-01]\n [ 2.13266707e-01  3.98955954e+00  7.60107860e-01 -5.64986459e-01\n  -9.16692327e-01 -9.60658940e-02]\n [-1.93430501e-03  7.60107860e-01  5.04651510e+00  4.33974187e-01\n  -9.18313799e-01 -7.75695192e-01]\n [-5.02586243e-01 -5.64986459e-01  4.33974187e-01  5.09175660e+00\n   1.86639821e-01 -1.67996084e+00]\n [-2.37694166e-01 -9.16692327e-01 -9.18313799e-01  1.86639821e-01\n   4.17685120e+00 -6.71590761e-01]\n [ 3.17784294e-01 -9.60658940e-02 -7.75695192e-01 -1.67996084e+00\n  -6.71590761e-01  5.04555934e+00]]", "nfev": "189", "njev": "27", "status": "0", "success": "True", "message": "Optimization terminated successfully.", "x": "[ 1.81185254  2.49977031 -1.81723699  1.49457104  4.85582815  5.33411721]", "nit": "23", "callback": [0.7021957969973756, 0.6840556892278906, 0.6353236580329316, 0.6283091099971945, 0.6157061029150361, 0.5935861597085315, 0.5568557173924595, 0.5127742478440269, 0.4950348833987075, 0.46752446313770124, 0.44419424034631616, 0.4276629487085949, 0.4158200053175555, 0.40844574086336605, 0.40517453886802823, 0.4050216130849742, 0.40494148169014554, 0.4048467424144153, 0.40483989717382285, 0.40483789937364467, 0.40483692906329605, 0.4048368485972166, 0.4048368452705554]}, "1": {"maxiter": 100, "gtol": 1e-05, "xrtol": 1e-05, "eps": 1e-10, "duration": 0.04258298873901367, "fun": "0.4048368453154939", "jac": "[ 1.11022293e-06  0.00000000e+00 -1.11022293e-06  4.44089173e-06\n  3.33066880e-06  3.33066880e-06]", "hess_inv": "[[ 3.28865803  0.21117995 -0.01568273 -0.51318017 -0.2211094   0.29270916]\n [ 0.21117995  3.98813185  0.73629592 -0.57061005 -0.91026632 -0.09847541]\n [-0.01568273  0.73629592  5.00121212  0.42498561 -0.91153274 -0.79884834]\n [-0.51318017 -0.57061005  0.42498561  5.09511787  0.16913522 -1.66822956]\n [-0.2211094  -0.91026632 -0.91153274  0.16913522  4.18277925 -0.69322996]\n [ 0.29270916 -0.09847541 -0.79884834 -1.66822956 -0.69322996  5.07127089]]", "nfev": "189", "njev": "27", "status": "0", "success": "True", "message": "Optimization terminated successfully.", "x": "[ 1.81185764  2.49977502 -1.81723655  1.49458151  4.85583401  5.33412506]", "nit": "23", "callback": [0.702195791358538, 0.6840563125496819, 0.6353311190899054, 0.6283129652872552, 0.6157073686379608, 0.5935841526162118, 0.5568502546329894, 0.5127687824695484, 0.49502710147344997, 0.46750945801474364, 0.44417587386483026, 0.427655259224904, 0.4158197155753959, 0.40844322449604864, 0.40517404174177785, 0.40502168584337517, 0.40494125529843994, 0.40484658236004745, 0.40483990645623, 0.40483787571369667, 0.4048369296752421, 0.40483684878856285, 0.4048368453154939]}, "2": {"maxiter": 100, "gtol": 1e-05, "xrtol": 1e-10, "eps": 1e-05, "duration": 0.04247403144836426, "fun": "0.4048368452705554", "jac": "[ 5.07316411e-07  6.14486240e-07 -9.39304190e-07  1.65609748e-06\n  2.38973286e-06  1.10520482e-06]", "hess_inv": "[[ 3.27889701e+00  2.13266707e-01 -1.93430501e-03 -5.02586243e-01\n  -2.37694166e-01  3.17784294e-01]\n [ 2.13266707e-01  3.98955954e+00  7.60107860e-01 -5.64986459e-01\n  -9.16692327e-01 -9.60658940e-02]\n [-1.93430501e-03  7.60107860e-01  5.04651510e+00  4.33974187e-01\n  -9.18313799e-01 -7.75695192e-01]\n [-5.02586243e-01 -5.64986459e-01  4.33974187e-01  5.09175660e+00\n   1.86639821e-01 -1.67996084e+00]\n [-2.37694166e-01 -9.16692327e-01 -9.18313799e-01  1.86639821e-01\n   4.17685120e+00 -6.71590761e-01]\n [ 3.17784294e-01 -9.60658940e-02 -7.75695192e-01 -1.67996084e+00\n  -6.71590761e-01  5.04555934e+00]]", "nfev": "189", "njev": "27", "status": "0", "success": "True", "message": "Optimization terminated successfully.", "x": "[ 1.81185254  2.49977031 -1.81723699  1.49457104  4.85582815  5.33411721]", "nit": "23", "callback": [0.7021957969973756, 0.6840556892278906, 0.6353236580329316, 0.6283091099971945, 0.6157061029150361, 0.5935861597085315, 0.5568557173924595, 0.5127742478440269, 0.4950348833987075, 0.46752446313770124, 0.44419424034631616, 0.4276629487085949, 0.4158200053175555, 0.40844574086336605, 0.40517453886802823, 0.4050216130849742, 0.40494148169014554, 0.4048467424144153, 0.40483989717382285, 0.40483789937364467, 0.40483692906329605, 0.4048368485972166, 0.4048368452705554]}, "3": {"maxiter": 100, "gtol": 1e-05, "xrtol": 1e-10, "eps": 1e-10, "duration": 0.04247093200683594, "fun": "0.4048368453154939", "jac": "[ 1.11022293e-06  0.00000000e+00 -1.11022293e-06  4.44089173e-06\n  3.33066880e-06  3.33066880e-06]", "hess_inv": "[[ 3.28865803  0.21117995 -0.01568273 -0.51318017 -0.2211094   0.29270916]\n [ 0.21117995  3.98813185  0.73629592 -0.57061005 -0.91026632 -0.09847541]\n [-0.01568273  0.73629592  5.00121212  0.42498561 -0.91153274 -0.79884834]\n [-0.51318017 -0.57061005  0.42498561  5.09511787  0.16913522 -1.66822956]\n [-0.2211094  -0.91026632 -0.91153274  0.16913522  4.18277925 -0.69322996]\n [ 0.29270916 -0.09847541 -0.79884834 -1.66822956 -0.69322996  5.07127089]]", "nfev": "189", "njev": "27", "status": "0", "success": "True", "message": "Optimization terminated successfully.", "x": "[ 1.81185764  2.49977502 -1.81723655  1.49458151  4.85583401  5.33412506]", "nit": "23", "callback": [0.702195791358538, 0.6840563125496819, 0.6353311190899054, 0.6283129652872552, 0.6157073686379608, 0.5935841526162118, 0.5568502546329894, 0.5127687824695484, 0.49502710147344997, 0.46750945801474364, 0.44417587386483026, 0.427655259224904, 0.4158197155753959, 0.40844322449604864, 0.40517404174177785, 0.40502168584337517, 0.40494125529843994, 0.40484658236004745, 0.40483990645623, 0.40483787571369667, 0.4048369296752421, 0.40483684878856285, 0.4048368453154939]}, "4": {"maxiter": 100, "gtol": 1e-10, "xrtol": 1e-05, "eps": 1e-05, "duration": 0.05445408821105957, "fun": "0.40483684526110675", "jac": "[9.02611319e-09 7.83151322e-08 7.18314297e-09 1.39466216e-07\n 8.13682455e-08 1.23290267e-07]", "hess_inv": "[[ 3.28021648  0.2107339  -0.01947308 -0.47915722 -0.20857256  0.32910113]\n [ 0.2107339   3.99440351  0.79252081 -0.60722361 -0.97004217 -0.1161342 ]\n [-0.01947308  0.79252081  5.19186713  0.3141178  -1.12681933 -0.81025011]\n [-0.47915722 -0.60722361  0.3141178   5.08968794  0.31398256 -1.73189544]\n [-0.20857256 -0.97004217 -1.12681933  0.31398256  4.45624486 -0.6575645 ]\n [ 0.32910113 -0.1161342  -0.81025011 -1.73189544 -0.6575645   4.98966491]]", "nfev": "196", "njev": "28", "status": "0", "success": "True", "message": "Optimization terminated successfully.", "x": "[ 1.81185166  2.49977195 -1.81722952  1.49456469  4.85581735  5.33411528]", "nit": "24", "callback": [0.7021957969973756, 0.6840556892278906, 0.6353236580329316, 0.6283091099971945, 0.6157061029150361, 0.5935861597085315, 0.5568557173924595, 0.5127742478440269, 0.4950348833987075, 0.46752446313770124, 0.44419424034631616, 0.4276629487085949, 0.4158200053175555, 0.40844574086336605, 0.40517453886802823, 0.4050216130849742, 0.40494148169014554, 0.4048467424144153, 0.40483989717382285, 0.40483789937364467, 0.40483692906329605, 0.4048368485972166, 0.4048368452705554, 0.40483684526110675]}, "5": {"maxiter": 100, "gtol": 1e-10, "xrtol": 1e-05, "eps": 1e-10, "duration": 0.04511380195617676, "fun": "0.4048368452547355", "jac": "[ 1.11022293e-06  3.33066880e-06  0.00000000e+00  0.00000000e+00\n -1.11022293e-06  1.11022293e-06]", "hess_inv": "[[ 3.29872816  0.17510619 -0.07023245 -0.42495053 -0.14536445  0.33500667]\n [ 0.17510619  4.05745829  0.87966423 -0.67036873 -1.09850769 -0.10626956]\n [-0.07023245  0.87966423  5.25149015  0.13497942 -1.2496443  -0.90309804]\n [-0.42495053 -0.67036873  0.13497942  5.08704984  0.53270542 -1.81665206]\n [-0.14536445 -1.09850769 -1.2496443   0.53270542  4.63723603 -0.57446662]\n [ 0.33500667 -0.10626956 -0.90309804 -1.81665206 -0.57446662  4.90406458]]", "nfev": "196", "njev": "28", "status": "0", "success": "True", "message": "Optimization terminated successfully.", "x": "[ 1.81185516  2.49978279 -1.81722407  1.49456382  4.85581689  5.33411733]", "nit": "24", "callback": [0.702195791358538, 0.6840563125496819, 0.6353311190899054, 0.6283129652872552, 0.6157073686379608, 0.5935841526162118, 0.5568502546329894, 0.5127687824695484, 0.49502710147344997, 0.46750945801474364, 0.44417587386483026, 0.427655259224904, 0.4158197155753959, 0.40844322449604864, 0.40517404174177785, 0.40502168584337517, 0.40494125529843994, 0.40484658236004745, 0.40483990645623, 0.40483787571369667, 0.4048369296752421, 0.40483684878856285, 0.4048368453154939, 0.4048368452547355]}, "6": {"maxiter": 100, "gtol": 1e-10, "xrtol": 1e-10, "eps": 1e-05, "duration": 0.08754491806030273, "fun": "0.40483684526110675", "jac": "[9.02611319e-09 7.83151322e-08 7.18314297e-09 1.39466216e-07\n 8.13682455e-08 1.23290267e-07]", "hess_inv": "[[ 3.27961645  0.21487017 -0.01492222 -0.4741936  -0.21168594  0.33398579]\n [ 0.21487017  3.98115043  0.75852753 -0.59464983 -0.92730112 -0.118558  ]\n [-0.01492222  0.75852753  5.15780253  0.26843129 -1.10686313 -0.85266686]\n [-0.4741936  -0.59464983  0.26843129  5.19209535  0.40498361 -1.6764895 ]\n [-0.21168594 -0.92730112 -1.10686313  0.40498361  4.4697633  -0.58864566]\n [ 0.33398579 -0.118558   -0.85266686 -1.6764895  -0.58864566  5.01388813]]", "nfev": "397", "njev": "55", "status": "2", "success": "False", "message": "Desired error not necessarily achieved due to precision loss.", "x": "[ 1.81185166  2.49977195 -1.81722952  1.49456469  4.85581735  5.33411528]", "nit": "24", "callback": [0.7021957969973756, 0.6840556892278906, 0.6353236580329316, 0.6283091099971945, 0.6157061029150361, 0.5935861597085315, 0.5568557173924595, 0.5127742478440269, 0.4950348833987075, 0.46752446313770124, 0.44419424034631616, 0.4276629487085949, 0.4158200053175555, 0.40844574086336605, 0.40517453886802823, 0.4050216130849742, 0.40494148169014554, 0.4048467424144153, 0.40483989717382285, 0.40483789937364467, 0.40483692906329605, 0.4048368485972166, 0.4048368452705554, 0.40483684526110675]}, "7": {"maxiter": 100, "gtol": 1e-10, "xrtol": 1e-10, "eps": 1e-10, "duration": 0.06557416915893555, "fun": "0.40483684525311103", "jac": "[1.11022293e-06 1.11022293e-06 1.11022293e-06 1.11022293e-06\n 1.11022293e-06 0.00000000e+00]", "hess_inv": "[[ 0.12960163  0.1523012  -0.25205899 -0.05747338 -0.03959948 -0.09352337]\n [ 0.1523012   0.5844014  -0.82081185  0.00370391 -0.02080328 -0.32195616]\n [-0.25205899 -0.82081185  2.48295009 -0.03559543 -1.33898397  1.41386979]\n [-0.05747338  0.00370391 -0.03559543  0.08838327  0.05295141 -0.02547647]\n [-0.03959948 -0.02080328 -1.33898397  0.05295141  2.12569289 -1.63215001]\n [-0.09352337 -0.32195616  1.41386979 -0.02547647 -1.63215001  1.51783728]]", "nfev": "294", "njev": "42", "status": "0", "success": "True", "message": "Optimization terminated successfully.", "x": "[ 1.8118534   2.49977859 -1.81722434  1.49456407  4.85581854  5.33411485]", "nit": "30", "callback": [0.702195791358538, 0.6840563125496819, 0.6353311190899054, 0.6283129652872552, 0.6157073686379608, 0.5935841526162118, 0.5568502546329894, 0.5127687824695484, 0.49502710147344997, 0.46750945801474364, 0.44417587386483026, 0.427655259224904, 0.4158197155753959, 0.40844322449604864, 0.40517404174177785, 0.40502168584337517, 0.40494125529843994, 0.40484658236004745, 0.40483990645623, 0.40483787571369667, 0.4048369296752421, 0.40483684878856285, 0.4048368453154939, 0.4048368452547355, 0.40483684525355434, 0.40483684525336283, 0.40483684525323205, 0.4048368452531358, 0.40483684525311114, 0.40483684525311103]}, "8": {"maxiter": 500, "gtol": 1e-05, "xrtol": 1e-05, "eps": 1e-05, "duration": 0.04240679740905762, "fun": "0.4048368452705554", "jac": "[ 5.07316411e-07  6.14486240e-07 -9.39304190e-07  1.65609748e-06\n  2.38973286e-06  1.10520482e-06]", "hess_inv": "[[ 3.27889701e+00  2.13266707e-01 -1.93430501e-03 -5.02586243e-01\n  -2.37694166e-01  3.17784294e-01]\n [ 2.13266707e-01  3.98955954e+00  7.60107860e-01 -5.64986459e-01\n  -9.16692327e-01 -9.60658940e-02]\n [-1.93430501e-03  7.60107860e-01  5.04651510e+00  4.33974187e-01\n  -9.18313799e-01 -7.75695192e-01]\n [-5.02586243e-01 -5.64986459e-01  4.33974187e-01  5.09175660e+00\n   1.86639821e-01 -1.67996084e+00]\n [-2.37694166e-01 -9.16692327e-01 -9.18313799e-01  1.86639821e-01\n   4.17685120e+00 -6.71590761e-01]\n [ 3.17784294e-01 -9.60658940e-02 -7.75695192e-01 -1.67996084e+00\n  -6.71590761e-01  5.04555934e+00]]", "nfev": "189", "njev": "27", "status": "0", "success": "True", "message": "Optimization terminated successfully.", "x": "[ 1.81185254  2.49977031 -1.81723699  1.49457104  4.85582815  5.33411721]", "nit": "23", "callback": [0.7021957969973756, 0.6840556892278906, 0.6353236580329316, 0.6283091099971945, 0.6157061029150361, 0.5935861597085315, 0.5568557173924595, 0.5127742478440269, 0.4950348833987075, 0.46752446313770124, 0.44419424034631616, 0.4276629487085949, 0.4158200053175555, 0.40844574086336605, 0.40517453886802823, 0.405021613084974