{"date": "2024/09/24/, 21:23:39", "conf_id": 53, "data_type": "random\n", "num_data_points": 3, "s_rank": 0, "unitary": "[[-0.53618537-0.34368723j,-0.12107031-0.46226139j,-0.07699282-0.46603512j,0.36022595-0.11472301j],[0.26026499-0.63450712j,-0.56616638+0.37832564j,-0.14988651+0.08458591j,0.10363514-0.16008501j],[-0.32580188-0.11070003j,-0.36476308-0.23593218j,0.02559343+0.41761608j,-0.25598305+0.6725303j],[0.07406738-0.0126433j,0.28513701+0.19483972j,-0.74939717-0.10299659j,0.29798249+0.46269921j]]", "databatch_0": {"databatch": "[[[-0.11496546-0.01184129j,-0.11107157+0.03640586j,0.10443934+0.14445054j,0.31798059-0.01279867j],[0.07798805-0.16820958j,0.27733982-0.28140042j,-0.16331227-0.27013757j,-0.09532657+0.11078726j],[0.27946533-0.05065747j,0.01658326-0.0650675j,-0.1392766+0.1955317j,-0.07647343+0.46429977j],[-0.08965879+0.01429768j,0.14525567+0.01246186j,0.15556744-0.08642435j,0.30201755-0.10878221j]],[[-0.34520856+0.1559853j,-0.2893214-0.06637067j,-0.03186261+0.2174122j,-0.38936874-0.01225316j],[-0.01722653+0.06264226j,-0.11264442+0.00932989j,0.23546329-0.2965248j,0.06358087+0.12515682j],[0.04975545+0.11881739j,-0.15386976+0.11556747j,0.0907676-0.42900397j,0.23809239-0.06400682j],[-0.04390646-0.02537941j,-0.02015954-0.02336219j,0.1347292-0.10024351j,-0.21365267+0.06486709j]],[[-0.18027004+0.20761688j,0.08635728+0.06055459j,-0.08397168+0.18775584j,-0.13100406-0.21743815j],[0.02765859-0.05970197j,0.28556277-0.01726668j,-0.39158173-0.01205009j,-0.07865319+0.08441797j],[0.08474457-0.10802918j,-0.38251676-0.16083025j,-0.25785717-0.07262102j,0.17667287-0.0283047j],[-0.115492-0.27289613j,0.12433848+0.11021498j,0.27425237-0.08142308j,0.2155631+0.12253677j]]]", "initial param values": "[1.52150116,6.06895669,0.59513812,3.78471401,0.64243579,0.01525763]", "nelder_mead": {"type": "gradient-free", "0": {"maxiter": 100, "fatol": 1e-05, "xatol": 1e-05, "duration": 0.04179883003234863, "fun": "0.44723721472518285", "nit": "100", "nfev": "161", "status": "2", "success": "False", "message": "Maximum number of iterations has been exceeded.", "x": "[ 4.48950581  5.37573316  1.23722561  1.33106123 -1.46515393  0.0354596 ]", "final_simplex": "(array([[ 4.48950581,  5.37573316,  1.23722561,  1.33106123, -1.46515393,\n         0.0354596 ],\n       [ 4.50518636,  5.36366255,  1.22013892,  1.3245298 , -1.47886891,\n         0.03584803],\n       [ 4.46632407,  5.4385613 ,  1.33286021,  1.37334499, -1.47586575,\n         0.03404347],\n       [ 4.45802057,  5.46151447,  1.27123129,  1.39672361, -1.45434673,\n         0.03456338],\n       [ 4.52359759,  5.43693867,  1.26259426,  1.28577027, -1.49559043,\n         0.03546432],\n       [ 4.47994171,  5.40158117,  1.1916052 ,  1.32252956, -1.45503449,\n         0.03580088],\n       [ 4.52438542,  5.40398139,  1.25191425,  1.39250852, -1.50324355,\n         0.03528616]]), array([0.44723721, 0.44729581, 0.44739275, 0.44753684, 0.44774804,\n       0.44776807, 0.4477787 ]))", "callback": [0.8131215623406299, 0.7877826096361921, 0.7586638015103829, 0.5480498105344866, 0.4663213788647316, 0.4623323050020198, 0.46056280990953236, 0.4590959408640417, 0.4524242020513275, 0.4477786982657602]}, "1": {"maxiter": 100, "fatol": 1e-05, "xatol": 1e-10, "duration": 0.0411529541015625, "fun": "0.44723721472518285", "nit": "100", "nfev": "161", "status": "2", "success": "False", "message": "Maximum number of iterations has been exceeded.", "x": "[ 4.48950581  5.37573316  1.23722561  1.33106123 -1.46515393  0.0354596 ]", "final_simplex": "(array([[ 4.48950581,  5.37573316,  1.23722561,  1.33106123, -1.46515393,\n         0.0354596 ],\n       [ 4.50518636,  5.36366255,  1.22013892,  1.3245298 , -1.47886891,\n         0.03584803],\n       [ 4.46632407,  5.4385613 ,  1.33286021,  1.37334499, -1.47586575,\n         0.03404347],\n       [ 4.45802057,  5.46151447,  1.27123129,  1.39672361, -1.45434673,\n         0.03456338],\n       [ 4.52359759,  5.43693867,  1.26259426,  1.28577027, -1.49559043,\n         0.03546432],\n       [ 4.47994171,  5.40158117,  1.1916052 ,  1.32252956, -1.45503449,\n         0.03580088],\n       [ 4.52438542,  5.40398139,  1.25191425,  1.39250852, -1.50324355,\n         0.03528616]]), array([0.44723721, 0.44729581, 0.44739275, 0.44753684, 0.44774804,\n       0.44776807, 0.4477787 ]))", "callback": [0.8131215623406299, 0.7877826096361921, 0.7586638015103829, 0.5480498105344866, 0.4663213788647316, 0.4623323050020198, 0.46056280990953236, 0.4590959408640417, 0.4524242020513275, 0.4477786982657602]}, "2": {"maxiter": 100, "fatol": 1e-10, "xatol": 1e-05, "duration": 0.04011082649230957, "fun": "0.44723721472518285", "nit": "100", "nfev": "161", "status": "2", "success": "False", "message": "Maximum number of iterations has been exceeded.", "x": "[ 4.48950581  5.37573316  1.23722561  1.33106123 -1.46515393  0.0354596 ]", "final_simplex": "(array([[ 4.48950581,  5.37573316,  1.23722561,  1.33106123, -1.46515393,\n         0.0354596 ],\n       [ 4.50518636,  5.36366255,  1.22013892,  1.3245298 , -1.47886891,\n         0.03584803],\n       [ 4.46632407,  5.4385613 ,  1.33286021,  1.37334499, -1.47586575,\n         0.03404347],\n       [ 4.45802057,  5.46151447,  1.27123129,  1.39672361, -1.45434673,\n         0.03456338],\n       [ 4.52359759,  5.43693867,  1.26259426,  1.28577027, -1.49559043,\n         0.03546432],\n       [ 4.47994171,  5.40158117,  1.1916052 ,  1.32252956, -1.45503449,\n         0.03580088],\n       [ 4.52438542,  5.40398139,  1.25191425,  1.39250852, -1.50324355,\n         0.03528616]]), array([0.44723721, 0.44729581, 0.44739275, 0.44753684, 0.44774804,\n       0.44776807, 0.4477787 ]))", "callback": [0.8131215623406299, 0.7877826096361921, 0.7586638015103829, 0.5480498105344866, 0.4663213788647316, 0.4623323050020198, 0.46056280990953236, 0.4590959408640417, 0.4524242020513275, 0.4477786982657602]}, "3": {"maxiter": 100, "fatol": 1e-10, "xatol": 1e-10, "duration": 0.04211091995239258, "fun": "0.44723721472518285", "nit": "100", "nfev": "161", "status": "2", "success": "False", "message": "Maximum number of iterations has been exceeded.", "x": "[ 4.48950581  5.37573316  1.23722561  1.33106123 -1.46515393  0.0354596 ]", "final_simplex": "(array([[ 4.48950581,  5.37573316,  1.23722561,  1.33106123, -1.46515393,\n         0.0354596 ],\n       [ 4.50518636,  5.36366255,  1.22013892,  1.3245298 , -1.47886891,\n         0.03584803],\n       [ 4.46632407,  5.4385613 ,  1.33286021,  1.37334499, -1.47586575,\n         0.03404347],\n       [ 4.45802057,  5.46151447,  1.27123129,  1.39672361, -1.45434673,\n         0.03456338],\n       [ 4.52359759,  5.43693867,  1.26259426,  1.28577027, -1.49559043,\n         0.03546432],\n       [ 4.47994171,  5.40158117,  1.1916052 ,  1.32252956, -1.45503449,\n         0.03580088],\n       [ 4.52438542,  5.40398139,  1.25191425,  1.39250852, -1.50324355,\n         0.03528616]]), array([0.44723721, 0.44729581, 0.44739275, 0.44753684, 0.44774804,\n       0.44776807, 0.4477787 ]))", "callback": [0.8131215623406299, 0.7877826096361921, 0.7586638015103829, 0.5480498105344866, 0.4663213788647316, 0.4623323050020198, 0.46056280990953236, 0.4590959408640417, 0.4524242020513275, 0.4477786982657602]}, "4": {"maxiter": 500, "fatol": 1e-05, "xatol": 1e-05, "duration": 0.20959997177124023, "fun": "0.4258897570627186", "nit": "500", "nfev": "777", "status": "2", "success": "False", "message": "Maximum number of iterations has been exceeded.", "x": "[ 4.25434593  5.41608034  1.1169631   1.44767959 -1.56053028 -0.42970684]", "final_simplex": "(array([[ 4.25434593,  5.41608034,  1.1169631 ,  1.44767959, -1.56053028,\n        -0.42970684],\n       [ 4.25435587,  5.4185958 ,  1.11909449,  1.45154414, -1.56017476,\n        -0.42963094],\n       [ 4.25680299,  5.41477859,  1.1134692 ,  1.44815359, -1.55828572,\n        -0.43101275],\n       [ 4.25130444,  5.41682709,  1.11663323,  1.45010815, -1.55966724,\n        -0.43193309],\n       [ 4.25640715,  5.41305541,  1.11362252,  1.44921761, -1.56109332,\n        -0.4340529 ],\n       [ 4.25348643,  5.41733399,  1.11442034,  1.44849805, -1.55760143,\n        -0.43804175],\n       [ 4.25506455,  5.41159312,  1.11426561,  1.44945547, -1.55734839,\n        -0.42917272]]), array([0.42588976, 0.42588985, 0.42588988, 0.4258913 , 0.42589213,\n       0.42589247, 0.42589297]))", "callback": [0.8131215623406299, 0.7877826096361921, 0.7586638015103829, 0.5480498105344866, 0.4663213788647316, 0.4623323050020198, 0.46056280990953236, 0.4590959408640417, 0.4524242020513275, 0.4477786982657602, 0.44718634607448726, 0.447051997544464, 0.44695324814941817, 0.44686130607955155, 0.446610795695919, 0.44598344005116286, 0.4455114440822746, 0.44516760757087226, 0.44508094404451237, 0.44505767185635015, 0.44505179042485155, 0.44505126440480536, 0.4450511395175484, 0.4450509596135458, 0.445050536433529, 0.4450495340447421, 0.4450482395197731, 0.4450447684196771, 0.4450350172372456, 0.44502044582501976, 0.44498396047831834, 0.4448419228655016, 0.44441946911694397, 0.44426793764842354, 0.44421309069528203, 0.4441721536808535, 0.44409281829120584, 0.44395724152029026, 0.44383645255749515, 0.4430667821736044, 0.44132730368820783, 0.43818837919538123, 0.43509399047020103, 0.42815326031782386, 0.42724361752266515, 0.42624056141574374, 0.42601426610003024, 0.4259404477894988, 0.42590173646115803, 0.42589348086075374]}, "5": {"maxiter": 500, "fatol": 1e-05, "xatol": 1e-10, "duration": 0.19913220405578613, "fun": "0.4258897570627186", "nit": "500", "nfev": "777", "status": "2", "success": "False", "message": "Maximum number of iterations has been exceeded.", "x": "[ 4.25434593  5.41608034  1.1169631   1.44767959 -1.56053028 -0.42970684]", "final_simplex": "(array([[ 4.25434593,  5.41608034,  1.1169631 ,  1.44767959, -1.56053028,\n        -0.42970684],\n       [ 4.25435587,  5.4185958 ,  1.11909449,  1.45154414, -1.56017476,\n        -0.42963094],\n       [ 4.25680299,  5.41477859,  1.1134692 ,  1.44815359, -1.55828572,\n        -0.43101275],\n       [ 4.25130444,  5.41682709,  1.11663323,  1.45010815, -1.55966724,\n        -0.43193309],\n       [ 4.25640715,  5.41305541,  1.11362252,  1.44921761, -1.56109332,\n        -0.4340529 ],\n       [ 4.25348643,  5.41733399,  1.11442034,  1.44849805, -1.55760143,\n        -0.43804175],\n       [ 4.25506455,  5.41159312,  1.11426561,  1.44945547, -1.55734839,\n        -0.42917272]]), array([0.42588976, 0.42588985, 0.42588988, 0.4258913 , 0.42589213,\n       0.42589247, 0.42589297]))", "callback": [0.8131215623406299, 0.7877826096361921, 0.7586638015103829, 0.5480498105344866, 0.4663213788647316, 0.4623323050020198, 0.46056280990953236, 0.4590959408640417, 0.4524242020513275, 0.4477786982657602, 0.44718634607448726, 0.447051997544464, 0.44695324814941817, 0.44686130607955155, 0.446610795695919, 0.44598344005116286, 0.4455114440822746, 0.44516760757087226, 0.44508094404451237, 0.44505767185635015, 0.44505179042485155, 0.44505126440480536, 0.4450511395175484, 0.4450509596135458, 0.445050536433529, 0.4450495340447421, 0.4450482395197731, 0.4450447684196771, 0.4450350172372456, 0.44502044582501976, 0.44498396047831834, 0.4448419228655016, 0.44441946911694397, 0.44426793764842354, 0.44421309069528203, 0.4441721536808535, 0.44409281829120584, 0.44395724152029026, 0.44383645255749515, 0.4430667821736044, 0.44132730368820783, 0.43818837919538123, 0.43509399047020103, 0.42815326031782386, 0.42724361752266515, 0.42624056141574374, 0.42601426610003024, 0.4259404477894988, 0.42590173646115803, 0.42589348086075374]}, "6": {"maxiter": 500, "fatol": 1e-10, "xatol": 1e-05, "duration": 0.22760009765625, "fun": "0.4258897570627186", "nit": "500", "nfev": "777", "status": "2", "success": "False", "message": "Maximum number of iterations has been exceeded.", "x": "[ 4.25434593  5.41608034  1.1169631   1.44767959 -1.56053028 -0.42970684]", "final_simplex": "(array([[ 4.25434593,  5.41608034,  1.1169631 ,  1.44767959, -1.56053028,\n        -0.42970684],\n       [ 4.25435587,  5.4185958 ,  1.11909449,  1.45154414, -1.56017476,\n        -0.42963094],\n       [ 4.25680299,  5.41477859,  1.1134692 ,  1.44815359, -1.55828572,\n        -0.43101275],\n       [ 4.25130444,  5.41682709,  1.11663323,  1.45010815, -1.55966724,\n        -0.43193309],\n       [ 4.25640715,  5.41305541,  1.11362252,  1.44921761, -1.56109332,\n        -0.4340529 ],\n       [ 4.25348643,  5.41733399,  1.11442034,  1.44849805, -1.55760143,\n        -0.43804175],\n       [ 4.25506455,  5.41159312,  1.11426561,  1.44945547, -1.55734839,\n        -0.42917272]]), array([0.42588976, 0.42588985, 0.42588988, 0.4258913 , 0.42589213,\n       0.42589247, 0.42589297]))", "callback": [0.8131215623406299, 0.7877826096361921, 0.7586638015103829, 0.5480498105344866, 0.4663213788647316, 0.4623323050020198, 0.46056280990953236, 0.4590959408640417, 0.4524242020513275, 0.4477786982657602, 0.44718634607448726, 0.447051997544464, 0.44695324814941817, 0.44686130607955155, 0.446610795695919, 0.44598344005116286, 0.4455114440822746, 0.44516760757087226, 0.44508094404451237, 0.44505767185635015, 0.44505179042485155, 0.44505126440480536, 0.4450511395175484, 0.4450509596135458, 0.445050536433529, 0.4450495340447421, 0.4450482395197731, 0.4450447684196771, 0.4450350172372456, 0.44502044582501976, 0.44498396047831834, 0.4448419228655016, 0.44441946911694397, 0.44426793764842354, 0.44421309069528203, 0.4441721536808535, 0.44409281829120584, 0.44395724152029026, 0.44383645255749515, 0.4430667821736044, 0.44132730368820783, 0.43818837919538123, 0.43509399047020103, 0.42815326031782386, 0.42724361752266515, 0.42624056141574374, 0.42601426610003024, 0.4259404477894988, 0.42590173646115803, 0.42589348086075374]}, "7": {"maxiter": 500, "fatol": 1e-10, "xatol": 1e-10, "duration": 0.17496609687805176, "fun": "0.4258897570627186", "nit": "500", "nfev": "777", "status": "2", "success": "False", "message": "Maximum number of iterations has been exceeded.", "x": "[ 4.25434593  5.41608034  1.1169631   1.44767959 -1.56053028 -0.42970684]", "final_simplex": "(array([[ 4.25434593,  5.41608034,  1.1169631 ,  1.44767959, -1.56053028,\n        -0.42970684],\n       [ 4.25435587,  5.4185958 ,  1.11909449,  1.45154414, -1.56017476,\n        -0.42963094],\n       [ 4.25680299,  5.41477859,  1.1134692 ,  1.44815359, -1.55828572,\n        -0.43101275],\n       [ 4.25130444,  5.41682709,  1.11663323,  1.45010815, -1.55966724,\n        -0.43193309],\n       [ 4.25640715,  5.41305541,  1.11362252,  1.44921761, -1.56109332,\n        -0.4340529 ],\n       [ 4.25348643,  5.41733399,  1.11442034,  1.44849805, -1.55760143,\n        -0.43804175],\n       [ 4.25506455,  5.41159312,  1.11426561,  1.44945547, -1.55734839,\n        -0.42917272]]), array([0.42588976, 0.42588985, 0.42588988, 0.4258913 , 0.42589213,\n       0.42589247, 0.42589297]))", "callback": [0.8131215623406299, 0.7877826096361921, 0.7586638015103829, 0.5480498105344866, 0.4663213788647316, 0.4623323050020198, 0.46056280990953236, 0.4590959408640417, 0.4524242020513275, 0.4477786982657602, 0.44718634607448726, 0.447051997544464, 0.44695324814941817, 0.44686130607955155, 0.446610795695919, 0.44598344005116286, 0.4455114440822746, 0.44516760757087226, 0.44508094404451237, 0.44505767185635015, 0.44505179042485155, 0.44505126440480536, 0.4450511395175484, 0.4450509596135458, 0.445050536433529, 0.4450495340447421, 0.4450482395197731, 0.4450447684196771, 0.4450350172372456, 0.44502044582501976, 0.44498396047831834, 0.4448419228655016, 0.44441946911694397, 0.44426793764842354, 0.44421309069528203, 0.4441721536808535, 0.44409281829120584, 0.44395724152029026, 0.44383645255749515, 0.4430667821736044, 0.44132730368820783, 0.43818837919538123, 0.43509399047020103, 0.42815326031782386, 0.42724361752266515, 0.42624056141574374, 0.42601426610003024, 0.4259404477894988, 0.42590173646115803, 0.42589348086075374]}, "8": {"maxiter": 1000, "fatol": 1e-05, "xatol": 1e-05, "duration": 0.25217604637145996, "fun": "0.425887245563891", "nit": "593", "nfev": "936", "status": "0", "success": "True", "message": "Optimization terminated successfully.", "x": "[ 4.25728371  5.41797218  1.11832864  1.44778139 -1.5579228  -0.43115186]", "final_simplex": "(array([[ 4.25728371,  5.41797218,  1.11832864,  1.44778139, -1.5579228 ,\n        -0.43115186],\n       [ 4.25728613,  5.41797233,  1.1183246 ,  1.4477779 , -1.55791982,\n        -0.43114864],\n       [ 4.25728998,  5.41796763,  1.1183287 ,  1.44777427, -1.55791935,\n        -0.43114712],\n       [ 4.2572853 ,  5.41797284,  1.11832494,  1.44777721, -1.55791861,\n        -0.43115603],\n       [ 4.25728362,  5.41797534,  1.11833288,  1.4477761 , -1.55792116,\n        -0.43114789],\n       [ 4.25728388,  5.41797265,  1.11832927,  1.44777913, -1.55791423,\n        -0.43115162],\n       [ 4.25729071,  5.41797709,  1.11833532,  1.44777959, -1.5579171 ,\n        -0.4311539 ]]), array([0.42588725, 0.42588725, 0.42588725, 0.42588725, 0.42588725,\n       0.42588725, 0.42588725]))", "callback": [0.8131215623406299, 0.7877826096361921, 0.7586638015103829, 0.5480498105344866, 0.4663213788647316, 0.4623323050020198, 0.46056280990953236, 0.4590959408640417, 0.4524242020513275, 0.4477786982657602, 0.44718634607448726, 0.447051997544464, 0.44695324814941817, 0.44686130607955155, 0.446610795695919, 0.44598344005116286, 0.4455114440822746, 0.44516760757087226, 0.44508094404451237, 0.44505767185635015, 0.44505179042485155, 0.44505126440480536, 0.4450511395175484, 0.4450509596135458, 0.445050536433529, 0.4450495340447421, 0.4450482395197731, 0.4450447684196771, 0.4450350172372456, 0.44502044582501976, 0.44498396047831834, 0.4448419228655016, 0.44441946911694397, 0.44426793764842354, 0.44421309069528203, 0.4441721536808535, 0.44409281829120584, 0.44395724152029026, 0.44383645255749515, 0.4430667821736044, 0.44132730368820783, 0.43818837919538123, 0.43509399047020103, 0.42815326031782386, 0.42724361752266515, 0.42624056141574374, 0.42601426610003024, 0.4259404477894988, 0.42590173646115803, 0.42589348086075374, 0.42588961187594276, 0.4258881920172882, 0.42588790634114915, 0.42588736693492824, 0.4258872960046417, 0.4258872533539281, 0.42588724678674195, 0.4258872456755326, 0.4258872455847931, 0.42588724556505386]}, "9": {"maxiter": 1000, "fatol": 1e-05, "xatol": 1e-10, "duration": 0.3134310245513916, "fun": "0.42588724556062496", "nit": "689", "nfev": "1154", "status": "0", "success": "True", "message": "Optimization terminated successfully.", "x": "[ 4.25728879  5.41797341  1.11832934  1.44777772 -1.55792019 -0.43115005]", "final_simplex": "(array([[ 4.25728879,  5.41797341,  1.11832934,  1.44777772, -1.55792019,\n        -0.43115005],\n       [ 4.25728879,  5.41797341,  1.11832934,  1.44777772, -1.55792019,\n        -0.43115005],\n       [ 4.25728879,  5.41797341,  1.11832934,  1.44777772, -1.55792019,\n        -0.43115005],\n       [ 4.25728879,  5.41797341,  1.11832934,  1.44777772, -1.55792019,\n        -0.43115005],\n       [ 4.25728879,  5.41797341,  1.11832934,  1.44777772, -1.55792019,\n        -0.43115005],\n       [ 4.25728879,  5.41797341,  1.11832934,  1.44777772, -1.55792019,\n        -0.43115005],\n       [ 4.25728879,  5.41797341,  1.11832934,  1.44777772, -1.55792019,\n        -0.43115005]]), array([0.42588725, 0.42588725, 0.42588725, 0.42588725, 0.42588725,\n       0.42588725, 0.42588725]))", "callback": [0.8131215623406299, 0.7877826096361921, 0.7586638015103829, 0.5480498105344866, 0.4663213788647316, 0.4623323050020198, 0.46056280990953236, 0.4590959408640417, 0.4524242020513275, 0.4477786982657602, 0.44718634607448726, 0.447051997544464, 0.44695324814941817, 0.44686130607955155, 0.446610795695919, 0.44598344005116286, 0.4455114440822746, 0.44516760757087226, 0.44508094404451237, 0.44505767185635015, 0.44505179042485155, 0.44505126440480536, 0.4450511395175484, 0.4450509596135458, 0.445050536433529, 0.4450495340447421, 0.4450482395197731, 0.4450447684196771, 0.4450350172372456, 0.44502044582501976, 0.44498396047831834, 0.4448419228655016, 0.44441946911694397, 0.44426793764842354, 0.44421309069528203, 0.4441721536808535, 0.44409281829120584, 0.44395724152029026, 0.44383645255749515, 0.4430667821736044, 0.44132730368820783, 0.43818837919538123, 0.43509399047020103, 0.42815326031782386, 0.42724361752266515, 0.42624056141574374, 0.42601426610003024, 0.4259404477894988, 0.42590173646115803, 0.42589348086075374, 0.42588961187594276, 0.4258881920172882, 0.42588790634114915, 0.42588736693492824, 0.4258872960046417, 0.4258872533539281, 0.42588724678674195, 0.4258872456755326, 0.4258872455847931, 0.42588724556505386, 0.4258872455613535, 0.4258872455608119, 0.42588724556068225, 0.4258872455606334, 0.4258872455606272, 0.4258872455606255, 0.4258872455606254, 0.4258872455606252, 0.42588724556062496]}, "10": {"maxiter": 1000, "fatol": 1e-10, "xatol": 1e-05, "duration": 0.21308588981628418, "fun": "0.425887245563891", "nit": "593", "nfev": "936", "status": "0", "success": "True", "message": "Optimization terminated successfully.", "x": "[ 4.25728371  5.41797218  1.11832864  1.44778139 -1.5579228  -0.43115186]", "final_simplex": "(array([[ 4.25728371,  5.41797218,  1.11832864,  1.44778139, -1.5579228 ,\n        -0.43115186],\n       [ 4.25728613,  5.41797233,  1.1183246 ,  1.4477779 , -1.55791982,\n        -0.43114864],\n       [ 4.25728998,  5.41796763,  1.1183287 ,  1.44777427, -1.55791935,\n        -0.43114712],\n       [ 4.2572853 ,  5.41797284,  1.11832494,  1.44777721, -1.55791861,\n        -0.43115603],\n       [ 4.25728362,  5.41797534,  1.11833288,  1.4477761 , -1.55792116,\n        -0.43114789],\n       [ 4.25728388,  5.41797265,  1.11832927,  1.44777913, -1.55791423,\n        -0.43115162],\n       [ 4.25729071,  5.41797709,  1.11833532,  1.44777959, -1.5579171 ,\n        -0.4311539 ]]), array([0.42588725, 0.42588725, 0.42588725, 0.42588725, 0.42588725,\n       0.42588725, 0.42588725]))", "callback": [0.8131215623406299, 0.7877826096361921, 0.7586638015103829, 0.5480498105344866, 0.4663213788647316, 0.4623323050020198, 0.46056280990953236, 0.4590959408640417, 0.4524242020513275, 0.4477786982657602, 0.44718634607448726, 0.447051997544464, 0.44695324814941817, 0.44686130607955155, 0.446610795695919, 0.44598344005116286, 0.4455114440822746, 0.44516760757087226, 0.44508094404451237, 0.44505767185635015, 0.44505179042485155, 0.44505126440480536, 0.4450511395175484, 0.4450509596135458, 0.445050536433529, 0.4450495340447421, 0.4450482395197731, 0.4450447684196771, 0.4450350172372456, 0.44502044582501976, 0.44498396047831834, 0.4448419228655016, 0.44441946911694397, 0.44426793764842354, 0.44421309069528203, 0.4441721536808535, 0.44409281829120584, 0.44395724152029026, 0.44383645255749515, 0.4430667821736044, 0.44132730368820783, 0.43818837919538123, 0.43509399047020103, 0.42815326031782386, 0.42724361752266515, 0.42624056141574374, 0.42601426610003024, 0.4259404477894988, 0.42590173646115803, 0.42589348086075374, 0.42588961187594276, 0.4258881920172882, 0.42588790634114915, 0.42588736693492824, 0.4258872960046417, 0.4258872533539281, 0.42588724678674195, 0.4258872456755326, 0.4258872455847931, 0.42588724556505386]}, "11": {"maxiter": 1000, "fatol": 1e-10, "xatol": 1e-10, "duration": 0.2523069381713867, "fun": "0.42588724556062496", "nit": "689", "nfev": "1154", "status": "0", "success": "True", "message": "Optimization terminated successfully.", "x": "[ 4.25728879  5.41797341  1.11832934  1.44777772 -1.55792019 -0.43115005]", "final_simplex": "(array([[ 4.25728879,  5.41797341,  1.11832934,  1.44777772, -1.55792019,\n        -0.43115005],\n       [ 4.25728879,  5.41797341,  1.11832934,  1.44777772, -1.55792019,\n        -0.43115005],\n       [ 4.25728879,  5.41797341,  1.11832934,  1.44777772, -1.55792019,\n        -0.43115005],\n       [ 4.25728879,  5.41797341,  1.11832934,  1.44777772, -1.55792019,\n        -0.43115005],\n       [ 4.25728879,  5.41797341,  1.11832934,  1.44777772, -1.55792019,\n        -0.43115005],\n       [ 4.25728879,  5.41797341,  1.11832934,  1.44777772, -1.55792019,\n        -0.43115005],\n       [ 4.25728879,  5.41797341,  1.11832934,  1.44777772, -1.55792019,\n        -0.43115005]]), array([0.42588725, 0.42588725, 0.42588725, 0.42588725, 0.42588725,\n       0.42588725, 0.42588725]))", "callback": [0.8131215623406299, 0.7877826096361921, 0.7586638015103829, 0.5480498105344866, 0.4663213788647316, 0.4623323050020198, 0.46056280990953236, 0.4590959408640417, 0.4524242020513275, 0.4477786982657602, 0.44718634607448726, 0.447051997544464, 0.44695324814941817, 0.44686130607955155, 0.446610795695919, 0.44598344005116286, 0.4455114440822746, 0.44516760757087226, 0.44508094404451237, 0.44505767185635015, 0.44505179042485155, 0.44505126440480536, 0.4450511395175484, 0.4450509596135458, 0.445050536433529, 0.4450495340447421, 0.4450482395197731, 0.4450447684196771, 0.4450350172372456, 0.44502044582501976, 0.44498396047831834, 0.4448419228655016, 0.44441946911694397, 0.44426793764842354, 0.44421309069528203, 0.4441721536808535, 0.44409281829120584, 0.44395724152029026, 0.44383645255749515, 0.4430667821736044, 0.44132730368820783, 0.43818837919538123, 0.43509399047020103, 0.42815326031782386, 0.42724361752266515, 0.42624056141574374, 0.42601426610003024, 0.4259404477894988, 0.42590173646115803, 0.42589348086075374, 0.42588961187594276, 0.4258881920172882, 0.42588790634114915, 0.42588736693492824, 0.4258872960046417, 0.4258872533539281, 0.42588724678674195, 0.4258872456755326, 0.4258872455847931, 0.42588724556505386, 0.4258872455613535, 0.4258872455608119, 0.42588724556068225, 0.4258872455606334, 0.4258872455606272, 0.4258872455606255, 0.4258872455606254, 0.4258872455606252, 0.42588724556062496]}}, "bfgs": {"type": "gradient", "0": {"maxiter": 100, "gtol": 1e-05, "xrtol": 1e-05, "eps": 1e-05, "duration": 0.04990792274475098, "fun": "0.42588724558253244", "jac": "[ 1.09288134e-06  1.76617609e-06 -1.16717747e-06  1.10356169e-07\n  1.09940945e-06  8.72801831e-07]", "hess_inv": "[[ 4.8727245  -0.10247647  0.02220497 -2.30719411  0.6636778   1.35341699]\n [-0.10247647  5.25694477  2.63455515  0.79925915  0.154844   -0.13766881]\n [ 0.02220497  2.63455515  5.8799261   0.82011694 -0.62508177  1.9816436 ]\n [-2.30719411  0.79925915  0.82011694  4.65453924 -0.21230619 -0.78532124]\n [ 0.6636778   0.154844   -0.62508177 -0.21230619  4.41489648 -0.19114767]\n [ 1.35341699 -0.13766881  1.9816436  -0.78532124 -0.19114767  5.95109437]]", "nfev": "224", "njev": "32", "status": "0", "success": "True", "message": "Optimization terminated successfully.", "x": "[ 4.25728945  5.41796917  1.11831479  1.44777044 -1.55791811 -0.43115532]", "nit": "29", "callback": [0.7560636876060808, 0.7479186296118778, 0.7323385308217847, 0.7043768127902461, 0.6812637739370391, 0.6665358824287801, 0.6419269365347577, 0.6098222166659111, 0.5946531769528463, 0.5656320437825972, 0.5537785036311567, 0.5385995500025762, 0.5159787534554221, 0.4882868215902496, 0.45932430998464024, 0.4367803848427142, 0.43027299652136375, 0.4270098867451776, 0.42623416089374466, 0.4261184436819515, 0.42602550148872875, 0.42590767316446976, 0.4258892352293083, 0.42588794398776686, 0.4258876829256254, 0.42588739884663573, 0.4258872707746857, 0.42588724672255396, 0.42588724558253244]}, "1": {"maxiter": 100, "gtol": 1e-05, "xrtol": 1e-05, "eps": 1e-10, "duration": 0.05006217956542969, "fun": "0.42588724573356773", "jac": "[ 2.22044587e-06  5.55111466e-06 -2.22044587e-06  3.33066880e-06\n  2.22044587e-06  3.33066880e-06]", "hess_inv": "[[ 4.85280636 -0.07140197  0.08568158 -2.26173345  0.69203185  1.36862449]\n [-0.07140197  5.28615151  2.61605261  0.82279896  0.22341515 -0.14321782]\n [ 0.08568158  2.61605261  5.6886402   0.86218837 -0.48241053  1.93807196]\n [-2.26173345  0.82279896  0.86218837  4.61782532 -0.19139127 -0.79886068]\n [ 0.69203185  0.22341515 -0.48241053 -0.19139127  4.48692185 -0.19431501]\n [ 1.36862449 -0.14321782  1.93807196 -0.79886068 -0.19431501  5.94267449]]", "nfev": "224", "njev": "32", "status": "0", "success": "True", "message": "Optimization terminated successfully.", "x": "[ 4.25730249  5.41800282  1.11833635  1.44778392 -1.55789598 -0.43113467]", "nit": "29", "callback": [0.7560639388511239, 0.7479188995229469, 0.7323385457545512, 0.7043766524754815, 0.6812636214583585, 0.6665362049965959, 0.6419278678615192, 0.6098233147606644, 0.5946544703586902, 0.565632115364455, 0.5537806542604535, 0.5386038937614139, 0.5159869969625313, 0.4882921790022565, 0.45932003090736717, 0.4367804744981022, 0.4302629994161933, 0.42701268541057513, 0.4262341819853537, 0.4261183739761619, 0.42602563881381206, 0.42590782387667403, 0.42588922144330255, 0.4258879352564511, 0.42588767694814944, 0.4258873944318816, 0.42588727202967236, 0.42588724697185587, 0.42588724573356773]}, "2": {"maxiter": 100, "gtol": 1e-05, "xrtol": 1e-10, "eps": 1e-05, "duration": 0.050251007080078125, "fun": "0.42588724558253244", "jac": "[ 1.09288134e-06  1.76617609e-06 -1.16717747e-06  1.10356169e-07\n  1.09940945e-06  8.72801831e-07]", "hess_inv": "[[ 4.8727245  -0.10247647  0.02220497 -2.30719411  0.6636778   1.35341699]\n [-0.10247647  5.25694477  2.63455515  0.79925915  0.154844   -0.13766881]\n [ 0.02220497  2.63455515  5.8799261   0.82011694 -0.62508177  1.9816436 ]\n [-2.30719411  0.79925915  0.82011694  4.65453924 -0.21230619 -0.78532124]\n [ 0.6636778   0.154844   -0.62508177 -0.21230619  4.41489648 -0.19114767]\n [ 1.35341699 -0.13766881  1.9816436  -0.78532124 -0.19114767  5.95109437]]", "nfev": "224", "njev": "32", "status": "0", "success": "True", "message": "Optimization terminated successfully.", "x": "[ 4.25728945  5.41796917  1.11831479  1.44777044 -1.55791811 -0.43115532]", "nit": "29", "callback": [0.7560636876060808, 0.7479186296118778, 0.7323385308217847, 0.7043768127902461, 0.6812637739370391, 0.6665358824287801, 0.6419269365347577, 0.6098222166659111, 0.5946531769528463, 0.5656320437825972, 0.5537785036311567, 0.5385995500025762, 0.5159787534554221, 0.4882868215902496, 0.45932430998464024, 0.4367803848427142, 0.43027299652136375, 0.4270098867451776, 0.42623416089374466, 0.4261184436819515, 0.42602550148872875, 0.42590767316446976, 0.4258892352293083, 0.42588794398776686, 0.4258876829256254, 0.42588739884663573, 0.4258872707746857, 0.42588724672255396, 0.42588724558253244]}, "3": {"maxiter": 100, "gtol": 1e-05, "xrtol": 1e-10, "eps": 1e-10, "duration": 0.04987192153930664, "fun": "0.42588724573356773", "jac": "[ 2.22044587e-06  5.55111466e-06 -2.22044587e-06  3.33066880e-06\n  2.22044587e-06  3.33066880e-06]", "hess_inv": "[[ 4.85280636 -0.07140197  0.08568158 -2.26173345  0.69203185  1.36862449]\n [-0.07140197  5.28615151  2.61605261  0.82279896  0.22341515 -0.14321782]\n [ 0.08568158  2.61605261  5.6886402   0.86218837 -0.48241053  1.93807196]\n [-2.26173345  0.82279896  0.86218837  4.61782532 -0.19139127 -0.79886068]\n [ 0.69203185  0.22341515 -0.48241053 -0.19139127  4.48692185 -0.19431501]\n [ 1.36862449 -0.14321782  1.93807196 -0.79886068 -0.19431501  5.94267449]]", "nfev": "224", "njev": "32", "status": "0", "success": "True", "message": "Optimization terminated successfully.", "x": "[ 4.25730249  5.41800282  1.11833635  1.44778392 -1.55789598 -0.43113467]", "nit": "29", "callback": [0.7560639388511239, 0.7479188995229469, 0.7323385457545512, 0.7043766524754815, 0.6812636214583585, 0.6665362049965959, 0.6419278678615192, 0.6098233147606644, 0.5946544703586902, 0.565632115364455, 0.5537806542604535, 0.5386038937614139, 0.5159869969625313, 0.4882921790022565, 0.45932003090736717, 0.4367804744981022, 0.4302629994161933, 0.42701268541057513, 0.4262341819853537, 0.4261183739761619, 0.42602563881381206, 0.42590782387667403, 0.42588922144330255, 0.4258879352564511, 0.42588767694814944, 0.4258873944318816, 0.42588727202967236, 0.42588724697185587, 0.42588724573356773]}, "4": {"maxiter": 100, "gtol": 1e-10, "xrtol": 1e-05, "eps": 1e-05, "duration": 0.05396318435668945, "fun": "0.4258872455816106", "jac": "[ 8.69426753e-07  1.39009915e-06 -8.97515395e-07  8.13127343e-08\n  8.78885853e-07  6.78823664e-07]", "hess_inv": "[[ 5.01333122  0.0207405  -0.14934323 -2.35211279  0.7936531   1.47819886]\n [ 0.0207405   5.36440456  2.47173069  0.7604293   0.26852022 -0.02452316]\n [-0.14934323  2.47173069  5.78801144  0.88778232 -0.78906437  1.92093698]\n [-2.35211279  0.7604293   0.88778232  4.66833989 -0.25359771 -0.82909305]\n [ 0.7936531   0.26852022 -0.78906437 -0.25359771  4.53494722 -0.07415808]\n [ 1.47819886 -0.02452316  1.92093698 -0.82909305 -0.07415808  6.03401645]]", "nfev": "238", "njev": "34", "status": "0", "success": "True", "message": "Optimization terminated successfully.", "x": "[ 4.25728779  5.41796764  1.11831515  1.44777104 -1.55791968 -0.43115628]", "nit": "30", "callback": [0.7560636876060808, 0.7479186296118778, 0.7323385308217847, 0.7043768127902461, 0.6812637739370391, 0.6665358824287801, 0.6419269365347577, 0.6098222166659111, 0.5946531769528463, 0.5656320437825972, 0.5537785036311567, 0.5385995500025762, 0.5159787534554221, 0.4882868215902496, 0.45932430998464024, 0.4367803848427142, 0.43027299652136375, 0.4270098867451776, 0.42623416089374466, 0.4261184436819515, 0.42602550148872875, 0.42590767316446976, 0.4258892352293083, 0.42588794398776686, 0.4258876829256254, 0.42588739884663573, 0.4258872707746857, 0.42588724672255396, 0.42588724558253244, 0.4258872455816106]}, "5": {"maxiter": 100, "gtol": 1e-10, "xrtol": 1e-05, "eps": 1e-10, "duration": 0.05020475387573242, "fun": "0.42588724573356773", "jac": "[ 2.22044587e-06  5.55111466e-06 -2.22044587e-06  3.33066880e-06\n  2.22044587e-06  3.33066880e-06]", "hess_inv": "[[ 4.85280636 -0.07140197  0.08568158 -2.26173345  0.69203185  1.36862449]\n [-0.07140197  5.28615151  2.61605261  0.82279896  0.22341515 -0.14321782]\n [ 0.08568158  2.61605261  5.6886402   0.86218837 -0.48241053  1.93807196]\n [-2.26173345  0.82279896  0.86218837  4.61782532 -0.19139127 -0.79886068]\n [ 0.69203185  0.22341515 -0.48241053 -0.19139127  4.48692185 -0.19431501]\n [ 1.36862449 -0.14321782  1.93807196 -0.79886068 -0.19431501  5.94267449]]", "nfev": "224", "njev": "32", "status": "0", "success": "True", "message": "Optimization terminated successfully.", "x": "[ 4.25730249  5.41800282  1.11833635  1.44778392 -1.55789598 -0.43113467]", "nit": "29", "callback": [0.7560639388511239, 0.7479188995229469, 0.7323385457545512, 0.7043766524754815, 0.6812636214583585, 0.6665362049965959, 0.6419278678615192, 0.6098233147606644, 0.5946544703586902, 0.565632115364455, 0.5537806542604535, 0.5386038937614139, 0.5159869969625313, 0.4882921790022565, 0.45932003090736717, 0.4367804744981022, 0.4302629994161933, 0.42701268541057513, 0.4262341819853537, 0.4261183739761619, 0.42602563881381206, 0.42590782387667403, 0.42588922144330255, 0.4258879352564511, 0.42588767694814944, 0.4258873944318816, 0.42588727202967236, 0.42588724697185587, 0.42588724573356773]}, "6": {"maxiter": 100, "gtol": 1e-10, "xrtol": 1e-10, "eps": 1e-05, "duration": 0.10679221153259277, "fun": "0.4258872455816106", "jac": "[ 8.69426753e-07  1.39009915e-06 -8.97515395e-07  8.13127343e-08\n  8.78885853e-07  6.78823664e-07]", "hess_inv": "[[ 5.15373399  0.15124568 -0.0713937  -2.40901378  0.92850174  1.53518214]\n [ 0.15124568  5.48569108  2.54293083  0.70760933  0.39383348  0.02873028]\n [-0.0713937   2.54293083  5.74761052  0.86084897 -0.71615475  1.97172868]\n [-2.40901378  0.70760933  0.86084897  4.69114092 -0.30813889 -0.85325278]\n [ 0.92850174  0.39383348 -0.71615475 -0.30813889  4.6644157  -0.01898114]\n [ 1.53518214  0.02873028  1.97172868 -0.85325278 -0.01898114  6.05275838]]", "nfev": "486", "njev": "68", "status": "2", "success": "False", "message": "Desired error not necessarily achieved due to precision loss.", "x": "[ 4.25728779  5.41796764  1.11831515  1.44777104 -1.55791968 -0.43115628]", "nit": "30", "callback": [0.7560636876060808, 0.7479186296118778, 0.7323385308217847, 0.7043768127902461, 0.6812637739370391, 0.6665358824287801, 0.6419269365347577, 0.6098222166659111, 0.5946531769528463, 0.5656320437825972, 0.5537785036311567, 0.5385995500025762, 0.5159787534554221, 0.4882868215902496, 0.45932430998464024, 0.4367803848427142, 0.43027299652136375, 0.4270098867451776, 0.42623416089374466, 0.4261184436819515, 0.42602550148872875, 0.42590767316446976, 0.4258892352293083, 0.42588794398776686, 0.4258876829256254, 0.42588739884663573, 0.4258872707746857, 0.42588724672255396, 0.42588724558253244, 0.4258872455816106]}, "7": {"maxiter": 100, "gtol": 1e-10, "xrtol": 1e-10, "eps": 1e-10, "duration": 0.07304215431213379, "fun": "0.4258872455684716", "jac": "[-1.11022293e-06 -1.11022293e-06  0.00000000e+00  0.00000000e+00\n  0.00000000e+00  0.00000000e+00]", "hess_inv": "[[ 1.87115901 -1.20782006 -1.10245391 -0.20957873  0.02347535 -0.62840203]\n [-1.20782006  2.02413697  1.40932784  0.1407873  -1.51323235  0.1728507 ]\n [-1.10245391  1.40932784  3.73644514 -0.53905974 -1.25536512 -0.04425905]\n [-0.20957873  0.1407873  -0.53905974  2.02272833 -0.66000698 -0.85887119]\n [ 0.02347535 -1.51323235 -1.25536512 -0.66000698  2.81146057  0.89398128]\n [-0.62840203  0.1728507  -0.04425905 -0.85887119  0.89398128  1.44249962]]", "nfev": "329", "njev": "47", "status": "0", "success": "True", "message": "Optimization terminated successfully.", "x": "[ 4.2572848   5.41796831  1.11832435  1.44777614 -1.55792533 -0.43115356]", "nit": "35", "callback": [0.7560639388511239, 0.7479188995229469, 0.7323385457545512, 0.7043766524754815, 0.6812636214583585, 0.6665362049965959, 0.6419278678615192, 0.6098233147606644, 0.5946544703586902, 0.565632115364455, 0.5537806542604535, 0.5386038937614139, 0.5159869969625313, 0.4882921790022565, 0.45932003090736717, 0.4367804744981022, 0.4302629994161933, 0.42701268541057513, 0.4262341819853537, 0.4261183739761619, 0.42602563881381206, 0.42590782387667403, 0.42588922144330255, 0.4258879352564511, 0.42588767694814944, 0.4258873944318816, 0.42588727202967236, 0.42588724697185587, 0.42588724573356773, 0.42588724559871094, 0.4258872455731877, 0.4258872455703978, 0.42588724556876933, 0.4258872455684716, 0.4258872455684716]}, "8": {"maxiter": 500, "gtol": 1e-05, "xrtol": 1e-05, "eps": 1e-05, "duration": 0.050369977951049805, "fun": "0.42588724558253244", "jac": "[ 1.09288134e-06  1.76617609e-06 -1.16717747e-06  1.10356169e-07\n  1.09940945e-06  8.72801831e-07]", "hess_inv": "[[ 4.8727245  -0.10247647  0.02220497 -2.30719411  0.6636778   1.35341699]\n [-0.10247647  5.25694477  2.63455515  0.79925915  0.154844   -0.13766881]\n [ 0.02220497  2.63455515  5.8799261   0.82011694 -0.62508177  1.9816436 ]\n [-2.30719411  0.79925915  0.82011694  4.65453924 -0.21230619 -0.78532124]\n [ 0.6636778   0.154844   -0.62508177 -0.21230619  4.41489648 -0.19114767]\n [ 1.35341699 -0.13766881  1.9816436  -0.78532124 -0.19114767  5.95109437]]", "nfev": "224", "njev": "32", "status": "0", "success": "True", "message": "Optimization terminated successfully.", "x": "[ 4.25728945  5.41796917  1.11831479  1.44777044 -1.55791811 -0.43115532]", "nit": "29", "callback": [0.7560636876060808, 0.7479186296118778, 0.7323385308217847, 0.7043768127902461, 0.6812637739370391, 0.6665358824287801, 0.6419269365347577, 0.6098222166659111, 0.5946531769528463, 0.5656320437825972, 0.5537785036311567, 0.5385995500025762, 0.5159787534554221, 0.4882868215902496, 0.45932430998464024, 0.4367803848427142, 0.43027299652136375, 0.4270098867451776, 0.42623416089374466, 0.4261184436819515, 0.42602550148872875, 0.42590767316446976, 0.4258892352293083, 0.42588794398776686, 0.4258876829256254, 0.42588739884663573, 0.4258872707746857, 0.42588724672255396, 0.42588724558253244]}, "9": {"maxiter": 500, "gtol": 1e-05, "xrtol": 1e-05, "eps": 1e-10, "duration": 0.05024409294128418, "fun": "0.42588724573356773", "jac": "[ 2.22044587e-06  5.55111466e-06 -2.22044587e-06  3.33066880e-06\n  2.22044587e-06  3.33066880e-06]", "hess_inv": "[[ 4.85280636 -0.07140197  0.08568158 -2.26173345  0.69203185  1.36862449]\n [-0.07140197  5.28615151  2.61605261  0.82279896  0.22341515 -0.14321782]\n