{"date": "2024/09/25/, 01:11:17", "conf_id": 97, "data_type": "orthogonal\n", "num_data_points": 1, "s_rank": 0, "unitary": "[[0.18663085-0.53122324j,-0.11886349-0.70040876j,0.28555095-0.02789305j,-0.12262021-0.2844587j],[-0.16702216+0.27758472j,0.27526351-0.29738586j,-0.01109314+0.22495461j,-0.77239203+0.28900673j],[0.61935415+0.12301792j,-0.31269928-0.03315917j,-0.61902762-0.19039079j,-0.27120731-0.0968989j],[0.42341754+0.0023929j,-0.05847358+0.47832119j,0.64900495-0.16218422j,-0.37182676-0.05229966j]]", "databatch_0": {"databatch": "[[[0.21723522-0.00975192j,-0.11555255+0.04031002j,-0.17777309-0.19793371j,-0.24156844+0.18996209j],[-0.25775178+0.07061093j,-0.02338415+0.06363498j,-0.14535296+0.1760895j,0.0176949-0.44839376j],[0.02193932-0.10600951j,-0.06359032-0.01387832j,-0.52522772-0.1284561j,-0.17858982-0.13552209j],[0.12227326+0.10314678j,-0.02564581-0.00359118j,-0.09303092+0.01361905j,-0.1577726-0.15625922j]]]", "initial param values": "[1.15847097,1.80345986,3.37654472,1.89192891,6.1346586,2.04043788]", "nelder_mead": {"type": "gradient-free", "0": {"maxiter": 100, "fatol": 1e-05, "xatol": 1e-05, "duration": 0.03558087348937988, "fun": "0.10289430144043976", "nit": "100", "nfev": "149", "status": "2", "success": "False", "message": "Maximum number of iterations has been exceeded.", "x": "[1.29379914 0.82180226 2.97850468 2.06881567 6.66810902 2.19254269]", "final_simplex": "(array([[1.29379914, 0.82180226, 2.97850468, 2.06881567, 6.66810902,\n        2.19254269],\n       [1.30244159, 0.87196291, 2.96784614, 1.92421302, 6.6535879 ,\n        2.25766888],\n       [1.32232628, 0.9134118 , 2.93310108, 2.00236871, 6.60403978,\n        2.15519001],\n       [1.32294367, 0.8747797 , 2.96500749, 1.93408235, 6.64463595,\n        2.26809886],\n       [1.32230656, 0.85452266, 2.98243768, 1.9830994 , 6.56037885,\n        2.17823533],\n       [1.35184769, 0.90767709, 2.89504112, 1.91030285, 6.64730635,\n        2.14380665],\n       [1.29299139, 0.79160862, 3.04822514, 2.02557156, 6.69560742,\n        2.21968553]]), array([0.1028943 , 0.10327607, 0.10353572, 0.10359091, 0.10370195,\n       0.10424649, 0.10483461]))", "callback": [0.3271051040182399, 0.2516157908608998, 0.2098687913327133, 0.16767535177138115, 0.14287291787874956, 0.13706704523078306, 0.12224797190234038, 0.11947473869450187, 0.11112141640660089, 0.10359090732010623]}, "1": {"maxiter": 100, "fatol": 1e-05, "xatol": 1e-10, "duration": 0.034548044204711914, "fun": "0.10289430144043976", "nit": "100", "nfev": "149", "status": "2", "success": "False", "message": "Maximum number of iterations has been exceeded.", "x": "[1.29379914 0.82180226 2.97850468 2.06881567 6.66810902 2.19254269]", "final_simplex": "(array([[1.29379914, 0.82180226, 2.97850468, 2.06881567, 6.66810902,\n        2.19254269],\n       [1.30244159, 0.87196291, 2.96784614, 1.92421302, 6.6535879 ,\n        2.25766888],\n       [1.32232628, 0.9134118 , 2.93310108, 2.00236871, 6.60403978,\n        2.15519001],\n       [1.32294367, 0.8747797 , 2.96500749, 1.93408235, 6.64463595,\n        2.26809886],\n       [1.32230656, 0.85452266, 2.98243768, 1.9830994 , 6.56037885,\n        2.17823533],\n       [1.35184769, 0.90767709, 2.89504112, 1.91030285, 6.64730635,\n        2.14380665],\n       [1.29299139, 0.79160862, 3.04822514, 2.02557156, 6.69560742,\n        2.21968553]]), array([0.1028943 , 0.10327607, 0.10353572, 0.10359091, 0.10370195,\n       0.10424649, 0.10483461]))", "callback": [0.3271051040182399, 0.2516157908608998, 0.2098687913327133, 0.16767535177138115, 0.14287291787874956, 0.13706704523078306, 0.12224797190234038, 0.11947473869450187, 0.11112141640660089, 0.10359090732010623]}, "2": {"maxiter": 100, "fatol": 1e-10, "xatol": 1e-05, "duration": 0.03394484519958496, "fun": "0.10289430144043976", "nit": "100", "nfev": "149", "status": "2", "success": "False", "message": "Maximum number of iterations has been exceeded.", "x": "[1.29379914 0.82180226 2.97850468 2.06881567 6.66810902 2.19254269]", "final_simplex": "(array([[1.29379914, 0.82180226, 2.97850468, 2.06881567, 6.66810902,\n        2.19254269],\n       [1.30244159, 0.87196291, 2.96784614, 1.92421302, 6.6535879 ,\n        2.25766888],\n       [1.32232628, 0.9134118 , 2.93310108, 2.00236871, 6.60403978,\n        2.15519001],\n       [1.32294367, 0.8747797 , 2.96500749, 1.93408235, 6.64463595,\n        2.26809886],\n       [1.32230656, 0.85452266, 2.98243768, 1.9830994 , 6.56037885,\n        2.17823533],\n       [1.35184769, 0.90767709, 2.89504112, 1.91030285, 6.64730635,\n        2.14380665],\n       [1.29299139, 0.79160862, 3.04822514, 2.02557156, 6.69560742,\n        2.21968553]]), array([0.1028943 , 0.10327607, 0.10353572, 0.10359091, 0.10370195,\n       0.10424649, 0.10483461]))", "callback": [0.3271051040182399, 0.2516157908608998, 0.2098687913327133, 0.16767535177138115, 0.14287291787874956, 0.13706704523078306, 0.12224797190234038, 0.11947473869450187, 0.11112141640660089, 0.10359090732010623]}, "3": {"maxiter": 100, "fatol": 1e-10, "xatol": 1e-10, "duration": 0.033265113830566406, "fun": "0.10289430144043976", "nit": "100", "nfev": "149", "status": "2", "success": "False", "message": "Maximum number of iterations has been exceeded.", "x": "[1.29379914 0.82180226 2.97850468 2.06881567 6.66810902 2.19254269]", "final_simplex": "(array([[1.29379914, 0.82180226, 2.97850468, 2.06881567, 6.66810902,\n        2.19254269],\n       [1.30244159, 0.87196291, 2.96784614, 1.92421302, 6.6535879 ,\n        2.25766888],\n       [1.32232628, 0.9134118 , 2.93310108, 2.00236871, 6.60403978,\n        2.15519001],\n       [1.32294367, 0.8747797 , 2.96500749, 1.93408235, 6.64463595,\n        2.26809886],\n       [1.32230656, 0.85452266, 2.98243768, 1.9830994 , 6.56037885,\n        2.17823533],\n       [1.35184769, 0.90767709, 2.89504112, 1.91030285, 6.64730635,\n        2.14380665],\n       [1.29299139, 0.79160862, 3.04822514, 2.02557156, 6.69560742,\n        2.21968553]]), array([0.1028943 , 0.10327607, 0.10353572, 0.10359091, 0.10370195,\n       0.10424649, 0.10483461]))", "callback": [0.3271051040182399, 0.2516157908608998, 0.2098687913327133, 0.16767535177138115, 0.14287291787874956, 0.13706704523078306, 0.12224797190234038, 0.11947473869450187, 0.11112141640660089, 0.10359090732010623]}, "4": {"maxiter": 500, "fatol": 1e-05, "xatol": 1e-05, "duration": 0.12517499923706055, "fun": "0.0945043269799053", "nit": "351", "nfev": "546", "status": "0", "success": "True", "message": "Optimization terminated successfully.", "x": "[1.17352021 0.86398136 2.74839988 1.87593323 6.55429851 2.10036169]", "final_simplex": "(array([[1.17352021, 0.86398136, 2.74839988, 1.87593323, 6.55429851,\n        2.10036169],\n       [1.17352457, 0.86398286, 2.74839835, 1.87593417, 6.55429703,\n        2.10036081],\n       [1.17352296, 0.86398375, 2.74839749, 1.87593666, 6.55429833,\n        2.10035854],\n       [1.17352117, 0.86398181, 2.74840188, 1.87593727, 6.55429277,\n        2.10035964],\n       [1.17352324, 0.86397655, 2.74840865, 1.87593971, 6.55430332,\n        2.10036536],\n       [1.17352395, 0.86398064, 2.7484028 , 1.87593946, 6.5542991 ,\n        2.10036563],\n       [1.17352377, 0.86398201, 2.74840391, 1.87593664, 6.55430161,\n        2.10036375]]), array([0.09450433, 0.09450433, 0.09450433, 0.09450433, 0.09450433,\n       0.09450433, 0.09450433]))", "callback": [0.3271051040182399, 0.2516157908608998, 0.2098687913327133, 0.16767535177138115, 0.14287291787874956, 0.13706704523078306, 0.12224797190234038, 0.11947473869450187, 0.11112141640660089, 0.10359090732010623, 0.1026849860674437, 0.10079803230267592, 0.09933290696215513, 0.09833752414308572, 0.09715795759072432, 0.09651317869633713, 0.09616535324795339, 0.09559252119029749, 0.09525541702353801, 0.09497792883117906, 0.09471201086216463, 0.09455363626341773, 0.09451272506876518, 0.09451021596878673, 0.09450606512917314, 0.09450486786779844, 0.09450438375020798, 0.0945043508575043, 0.0945043320219725, 0.0945043285903735, 0.0945043278387181, 0.09450432714794155, 0.09450432712833212, 0.09450432699541522, 0.09450432698210598, 0.0945043269799053]}, "5": {"maxiter": 500, "fatol": 1e-05, "xatol": 1e-10, "duration": 0.17049884796142578, "fun": "0.09450432697627542", "nit": "445", "nfev": "764", "status": "0", "success": "True", "message": "Optimization terminated successfully.", "x": "[1.17352125 0.86397949 2.74840172 1.87593697 6.55429782 2.10036033]", "final_simplex": "(array([[1.17352125, 0.86397949, 2.74840172, 1.87593697, 6.55429782,\n        2.10036033],\n       [1.17352125, 0.86397949, 2.74840172, 1.87593697, 6.55429782,\n        2.10036033],\n       [1.17352125, 0.86397949, 2.74840172, 1.87593697, 6.55429782,\n        2.10036033],\n       [1.17352125, 0.86397949, 2.74840172, 1.87593697, 6.55429782,\n        2.10036033],\n       [1.17352125, 0.86397949, 2.74840172, 1.87593697, 6.55429782,\n        2.10036033],\n       [1.17352125, 0.86397949, 2.74840172, 1.87593697, 6.55429782,\n        2.10036033],\n       [1.17352125, 0.86397949, 2.74840172, 1.87593697, 6.55429782,\n        2.10036033]]), array([0.09450433, 0.09450433, 0.09450433, 0.09450433, 0.09450433,\n       0.09450433, 0.09450433]))", "callback": [0.3271051040182399, 0.2516157908608998, 0.2098687913327133, 0.16767535177138115, 0.14287291787874956, 0.13706704523078306, 0.12224797190234038, 0.11947473869450187, 0.11112141640660089, 0.10359090732010623, 0.1026849860674437, 0.10079803230267592, 0.09933290696215513, 0.09833752414308572, 0.09715795759072432, 0.09651317869633713, 0.09616535324795339, 0.09559252119029749, 0.09525541702353801, 0.09497792883117906, 0.09471201086216463, 0.09455363626341773, 0.09451272506876518, 0.09451021596878673, 0.09450606512917314, 0.09450486786779844, 0.09450438375020798, 0.0945043508575043, 0.0945043320219725, 0.0945043285903735, 0.0945043278387181, 0.09450432714794155, 0.09450432712833212, 0.09450432699541522, 0.09450432698210598, 0.09450432697901001, 0.09450432697667543, 0.09450432697637934, 0.09450432697630018, 0.09450432697628064, 0.09450432697627753, 0.09450432697627587, 0.09450432697627542, 0.09450432697627542, 0.09450432697627542]}, "6": {"maxiter": 500, "fatol": 1e-10, "xatol": 1e-05, "duration": 0.1240377426147461, "fun": "0.0945043269799053", "nit": "351", "nfev": "546", "status": "0", "success": "True", "message": "Optimization terminated successfully.", "x": "[1.17352021 0.86398136 2.74839988 1.87593323 6.55429851 2.10036169]", "final_simplex": "(array([[1.17352021, 0.86398136, 2.74839988, 1.87593323, 6.55429851,\n        2.10036169],\n       [1.17352457, 0.86398286, 2.74839835, 1.87593417, 6.55429703,\n        2.10036081],\n       [1.17352296, 0.86398375, 2.74839749, 1.87593666, 6.55429833,\n        2.10035854],\n       [1.17352117, 0.86398181, 2.74840188, 1.87593727, 6.55429277,\n        2.10035964],\n       [1.17352324, 0.86397655, 2.74840865, 1.87593971, 6.55430332,\n        2.10036536],\n       [1.17352395, 0.86398064, 2.7484028 , 1.87593946, 6.5542991 ,\n        2.10036563],\n       [1.17352377, 0.86398201, 2.74840391, 1.87593664, 6.55430161,\n        2.10036375]]), array([0.09450433, 0.09450433, 0.09450433, 0.09450433, 0.09450433,\n       0.09450433, 0.09450433]))", "callback": [0.3271051040182399, 0.2516157908608998, 0.2098687913327133, 0.16767535177138115, 0.14287291787874956, 0.13706704523078306, 0.12224797190234038, 0.11947473869450187, 0.11112141640660089, 0.10359090732010623, 0.1026849860674437, 0.10079803230267592, 0.09933290696215513, 0.09833752414308572, 0.09715795759072432, 0.09651317869633713, 0.09616535324795339, 0.09559252119029749, 0.09525541702353801, 0.09497792883117906, 0.09471201086216463, 0.09455363626341773, 0.09451272506876518, 0.09451021596878673, 0.09450606512917314, 0.09450486786779844, 0.09450438375020798, 0.0945043508575043, 0.0945043320219725, 0.0945043285903735, 0.0945043278387181, 0.09450432714794155, 0.09450432712833212, 0.09450432699541522, 0.09450432698210598, 0.0945043269799053]}, "7": {"maxiter": 500, "fatol": 1e-10, "xatol": 1e-10, "duration": 0.19020795822143555, "fun": "0.09450432697627542", "nit": "445", "nfev": "764", "status": "0", "success": "True", "message": "Optimization terminated successfully.", "x": "[1.17352125 0.86397949 2.74840172 1.87593697 6.55429782 2.10036033]", "final_simplex": "(array([[1.17352125, 0.86397949, 2.74840172, 1.87593697, 6.55429782,\n        2.10036033],\n       [1.17352125, 0.86397949, 2.74840172, 1.87593697, 6.55429782,\n        2.10036033],\n       [1.17352125, 0.86397949, 2.74840172, 1.87593697, 6.55429782,\n        2.10036033],\n       [1.17352125, 0.86397949, 2.74840172, 1.87593697, 6.55429782,\n        2.10036033],\n       [1.17352125, 0.86397949, 2.74840172, 1.87593697, 6.55429782,\n        2.10036033],\n       [1.17352125, 0.86397949, 2.74840172, 1.87593697, 6.55429782,\n        2.10036033],\n       [1.17352125, 0.86397949, 2.74840172, 1.87593697, 6.55429782,\n        2.10036033]]), array([0.09450433, 0.09450433, 0.09450433, 0.09450433, 0.09450433,\n       0.09450433, 0.09450433]))", "callback": [0.3271051040182399, 0.2516157908608998, 0.2098687913327133, 0.16767535177138115, 0.14287291787874956, 0.13706704523078306, 0.12224797190234038, 0.11947473869450187, 0.11112141640660089, 0.10359090732010623, 0.1026849860674437, 0.10079803230267592, 0.09933290696215513, 0.09833752414308572, 0.09715795759072432, 0.09651317869633713, 0.09616535324795339, 0.09559252119029749, 0.09525541702353801, 0.09497792883117906, 0.09471201086216463, 0.09455363626341773, 0.09451272506876518, 0.09451021596878673, 0.09450606512917314, 0.09450486786779844, 0.09450438375020798, 0.0945043508575043, 0.0945043320219725, 0.0945043285903735, 0.0945043278387181, 0.09450432714794155, 0.09450432712833212, 0.09450432699541522, 0.09450432698210598, 0.09450432697901001, 0.09450432697667543, 0.09450432697637934, 0.09450432697630018, 0.09450432697628064, 0.09450432697627753, 0.09450432697627587, 0.09450432697627542, 0.09450432697627542, 0.09450432697627542]}, "8": {"maxiter": 1000, "fatol": 1e-05, "xatol": 1e-05, "duration": 0.12410712242126465, "fun": "0.0945043269799053", "nit": "351", "nfev": "546", "status": "0", "success": "True", "message": "Optimization terminated successfully.", "x": "[1.17352021 0.86398136 2.74839988 1.87593323 6.55429851 2.10036169]", "final_simplex": "(array([[1.17352021, 0.86398136, 2.74839988, 1.87593323, 6.55429851,\n        2.10036169],\n       [1.17352457, 0.86398286, 2.74839835, 1.87593417, 6.55429703,\n        2.10036081],\n       [1.17352296, 0.86398375, 2.74839749, 1.87593666, 6.55429833,\n        2.10035854],\n       [1.17352117, 0.86398181, 2.74840188, 1.87593727, 6.55429277,\n        2.10035964],\n       [1.17352324, 0.86397655, 2.74840865, 1.87593971, 6.55430332,\n        2.10036536],\n       [1.17352395, 0.86398064, 2.7484028 , 1.87593946, 6.5542991 ,\n        2.10036563],\n       [1.17352377, 0.86398201, 2.74840391, 1.87593664, 6.55430161,\n        2.10036375]]), array([0.09450433, 0.09450433, 0.09450433, 0.09450433, 0.09450433,\n       0.09450433, 0.09450433]))", "callback": [0.3271051040182399, 0.2516157908608998, 0.2098687913327133, 0.16767535177138115, 0.14287291787874956, 0.13706704523078306, 0.12224797190234038, 0.11947473869450187, 0.11112141640660089, 0.10359090732010623, 0.1026849860674437, 0.10079803230267592, 0.09933290696215513, 0.09833752414308572, 0.09715795759072432, 0.09651317869633713, 0.09616535324795339, 0.09559252119029749, 0.09525541702353801, 0.09497792883117906, 0.09471201086216463, 0.09455363626341773, 0.09451272506876518, 0.09451021596878673, 0.09450606512917314, 0.09450486786779844, 0.09450438375020798, 0.0945043508575043, 0.0945043320219725, 0.0945043285903735, 0.0945043278387181, 0.09450432714794155, 0.09450432712833212, 0.09450432699541522, 0.09450432698210598, 0.0945043269799053]}, "9": {"maxiter": 1000, "fatol": 1e-05, "xatol": 1e-10, "duration": 0.1809558868408203, "fun": "0.09450432697627542", "nit": "445", "nfev": "764", "status": "0", "success": "True", "message": "Optimization terminated successfully.", "x": "[1.17352125 0.86397949 2.74840172 1.87593697 6.55429782 2.10036033]", "final_simplex": "(array([[1.17352125, 0.86397949, 2.74840172, 1.87593697, 6.55429782,\n        2.10036033],\n       [1.17352125, 0.86397949, 2.74840172, 1.87593697, 6.55429782,\n        2.10036033],\n       [1.17352125, 0.86397949, 2.74840172, 1.87593697, 6.55429782,\n        2.10036033],\n       [1.17352125, 0.86397949, 2.74840172, 1.87593697, 6.55429782,\n        2.10036033],\n       [1.17352125, 0.86397949, 2.74840172, 1.87593697, 6.55429782,\n        2.10036033],\n       [1.17352125, 0.86397949, 2.74840172, 1.87593697, 6.55429782,\n        2.10036033],\n       [1.17352125, 0.86397949, 2.74840172, 1.87593697, 6.55429782,\n        2.10036033]]), array([0.09450433, 0.09450433, 0.09450433, 0.09450433, 0.09450433,\n       0.09450433, 0.09450433]))", "callback": [0.3271051040182399, 0.2516157908608998, 0.2098687913327133, 0.16767535177138115, 0.14287291787874956, 0.13706704523078306, 0.12224797190234038, 0.11947473869450187, 0.11112141640660089, 0.10359090732010623, 0.1026849860674437, 0.10079803230267592, 0.09933290696215513, 0.09833752414308572, 0.09715795759072432, 0.09651317869633713, 0.09616535324795339, 0.09559252119029749, 0.09525541702353801, 0.09497792883117906, 0.09471201086216463, 0.09455363626341773, 0.09451272506876518, 0.09451021596878673, 0.09450606512917314, 0.09450486786779844, 0.09450438375020798, 0.0945043508575043, 0.0945043320219725, 0.0945043285903735, 0.0945043278387181, 0.09450432714794155, 0.09450432712833212, 0.09450432699541522, 0.09450432698210598, 0.09450432697901001, 0.09450432697667543, 0.09450432697637934, 0.09450432697630018, 0.09450432697628064, 0.09450432697627753, 0.09450432697627587, 0.09450432697627542, 0.09450432697627542, 0.09450432697627542]}, "10": {"maxiter": 1000, "fatol": 1e-10, "xatol": 1e-05, "duration": 0.12679815292358398, "fun": "0.0945043269799053", "nit": "351", "nfev": "546", "status": "0", "success": "True", "message": "Optimization terminated successfully.", "x": "[1.17352021 0.86398136 2.74839988 1.87593323 6.55429851 2.10036169]", "final_simplex": "(array([[1.17352021, 0.86398136, 2.74839988, 1.87593323, 6.55429851,\n        2.10036169],\n       [1.17352457, 0.86398286, 2.74839835, 1.87593417, 6.55429703,\n        2.10036081],\n       [1.17352296, 0.86398375, 2.74839749, 1.87593666, 6.55429833,\n        2.10035854],\n       [1.17352117, 0.86398181, 2.74840188, 1.87593727, 6.55429277,\n        2.10035964],\n       [1.17352324, 0.86397655, 2.74840865, 1.87593971, 6.55430332,\n        2.10036536],\n       [1.17352395, 0.86398064, 2.7484028 , 1.87593946, 6.5542991 ,\n        2.10036563],\n       [1.17352377, 0.86398201, 2.74840391, 1.87593664, 6.55430161,\n        2.10036375]]), array([0.09450433, 0.09450433, 0.09450433, 0.09450433, 0.09450433,\n       0.09450433, 0.09450433]))", "callback": [0.3271051040182399, 0.2516157908608998, 0.2098687913327133, 0.16767535177138115, 0.14287291787874956, 0.13706704523078306, 0.12224797190234038, 0.11947473869450187, 0.11112141640660089, 0.10359090732010623, 0.1026849860674437, 0.10079803230267592, 0.09933290696215513, 0.09833752414308572, 0.09715795759072432, 0.09651317869633713, 0.09616535324795339, 0.09559252119029749, 0.09525541702353801, 0.09497792883117906, 0.09471201086216463, 0.09455363626341773, 0.09451272506876518, 0.09451021596878673, 0.09450606512917314, 0.09450486786779844, 0.09450438375020798, 0.0945043508575043, 0.0945043320219725, 0.0945043285903735, 0.0945043278387181, 0.09450432714794155, 0.09450432712833212, 0.09450432699541522, 0.09450432698210598, 0.0945043269799053]}, "11": {"maxiter": 1000, "fatol": 1e-10, "xatol": 1e-10, "duration": 0.1777658462524414, "fun": "0.09450432697627542", "nit": "445", "nfev": "764", "status": "0", "success": "True", "message": "Optimization terminated successfully.", "x": "[1.17352125 0.86397949 2.74840172 1.87593697 6.55429782 2.10036033]", "final_simplex": "(array([[1.17352125, 0.86397949, 2.74840172, 1.87593697, 6.55429782,\n        2.10036033],\n       [1.17352125, 0.86397949, 2.74840172, 1.87593697, 6.55429782,\n        2.10036033],\n       [1.17352125, 0.86397949, 2.74840172, 1.87593697, 6.55429782,\n        2.10036033],\n       [1.17352125, 0.86397949, 2.74840172, 1.87593697, 6.55429782,\n        2.10036033],\n       [1.17352125, 0.86397949, 2.74840172, 1.87593697, 6.55429782,\n        2.10036033],\n       [1.17352125, 0.86397949, 2.74840172, 1.87593697, 6.55429782,\n        2.10036033],\n       [1.17352125, 0.86397949, 2.74840172, 1.87593697, 6.55429782,\n        2.10036033]]), array([0.09450433, 0.09450433, 0.09450433, 0.09450433, 0.09450433,\n       0.09450433, 0.09450433]))", "callback": [0.3271051040182399, 0.2516157908608998, 0.2098687913327133, 0.16767535177138115, 0.14287291787874956, 0.13706704523078306, 0.12224797190234038, 0.11947473869450187, 0.11112141640660089, 0.10359090732010623, 0.1026849860674437, 0.10079803230267592, 0.09933290696215513, 0.09833752414308572, 0.09715795759072432, 0.09651317869633713, 0.09616535324795339, 0.09559252119029749, 0.09525541702353801, 0.09497792883117906, 0.09471201086216463, 0.09455363626341773, 0.09451272506876518, 0.09451021596878673, 0.09450606512917314, 0.09450486786779844, 0.09450438375020798, 0.0945043508575043, 0.0945043320219725, 0.0945043285903735, 0.0945043278387181, 0.09450432714794155, 0.09450432712833212, 0.09450432699541522, 0.09450432698210598, 0.09450432697901001, 0.09450432697667543, 0.09450432697637934, 0.09450432697630018, 0.09450432697628064, 0.09450432697627753, 0.09450432697627587, 0.09450432697627542, 0.09450432697627542, 0.09450432697627542]}}, "bfgs": {"type": "gradient", "0": {"maxiter": 100, "gtol": 1e-05, "xrtol": 1e-05, "eps": 1e-05, "duration": 0.028031110763549805, "fun": "0.09450432711461643", "jac": "[-7.86382071e-07  6.37467856e-07 -1.75641723e-06  7.36877226e-07\n -1.52364787e-06  1.89893656e-06]", "hess_inv": "[[ 3.01606337  0.16052889  0.31199064  0.2990837   0.03528675  0.69375801]\n [ 0.16052889  3.84837146 -2.78168979 -1.67265495 -1.11038438 -1.92552996]\n [ 0.31199064 -2.78168979  5.63901111  2.94242412  1.49691254  3.18599598]\n [ 0.2990837  -1.67265495  2.94242412  3.51374644  0.99226347  1.6711598 ]\n [ 0.03528675 -1.11038438  1.49691254  0.99226347  2.6209092   1.59556196]\n [ 0.69375801 -1.92552996  3.18599598  1.6711598   1.59556196  4.15389381]]", "nfev": "119", "njev": "17", "status": "0", "success": "True", "message": "Optimization terminated successfully.", "x": "[1.17350949 0.86399614 2.74836384 1.87591305 6.55427719 2.10033665]", "nit": "16", "callback": [0.2301085780386798, 0.1605279128386483, 0.10778553232564925, 0.10097409155246939, 0.09478109072089103, 0.09463144486897945, 0.09454258527924231, 0.09453304505700788, 0.09452203865069575, 0.09451638002129226, 0.09450857745368357, 0.09450514548129085, 0.09450438788164295, 0.09450433006792403, 0.09450432732833836, 0.09450432711461643]}, "1": {"maxiter": 100, "gtol": 1e-05, "xrtol": 1e-05, "eps": 1e-10, "duration": 0.027608156204223633, "fun": "0.09450432719032653", "jac": "[ 0.00000000e+00  2.22044587e-06 -4.44089173e-06 -2.22044587e-06\n  3.33066880e-06 -3.33066880e-06]", "hess_inv": "[[ 3.0425229   0.01866899  0.49209343  0.35360686  0.04012375  0.89712833]\n [ 0.01866899  4.09106628 -3.30455686 -1.98168704 -1.26288148 -2.48935293]\n [ 0.49209343 -3.30455686  6.47879482  3.31866397  1.62912959  4.10291299]\n [ 0.35360686 -1.98168704  3.31866397  3.60677079  0.97558751  2.09797506]\n [ 0.04012375 -1.26288148  1.62912959  0.97558751  2.57542632  1.76877168]\n [ 0.89712833 -2.48935293  4.10291299  2.09797506  1.76877168  5.12485616]]", "nfev": "119", "njev": "17", "status": "0", "success": "True", "message": "Optimization terminated successfully.", "x": "[1.17351004 0.86400369 2.74835329 1.87590729 6.55427964 2.10032226]", "nit": "16", "callback": [0.2301084036564025, 0.16052680441323375, 0.10778561453014235, 0.10097430913702721, 0.09478094643820123, 0.09463142124762591, 0.09454253413134062, 0.09453299962088757, 0.09452197144678887, 0.09451631568533692, 0.09450857300321114, 0.09450515722378827, 0.09450438763569524, 0.09450433031741756, 0.09450432723717861, 0.09450432719032653]}, "2": {"maxiter": 100, "gtol": 1e-05, "xrtol": 1e-10, "eps": 1e-05, "duration": 0.02816486358642578, "fun": "0.09450432711461643", "jac": "[-7.86382071e-07  6.37467856e-07 -1.75641723e-06  7.36877226e-07\n -1.52364787e-06  1.89893656e-06]", "hess_inv": "[[ 3.01606337  0.16052889  0.31199064  0.2990837   0.03528675  0.69375801]\n [ 0.16052889  3.84837146 -2.78168979 -1.67265495 -1.11038438 -1.92552996]\n [ 0.31199064 -2.78168979  5.63901111  2.94242412  1.49691254  3.18599598]\n [ 0.2990837  -1.67265495  2.94242412  3.51374644  0.99226347  1.6711598 ]\n [ 0.03528675 -1.11038438  1.49691254  0.99226347  2.6209092   1.59556196]\n [ 0.69375801 -1.92552996  3.18599598  1.6711598   1.59556196  4.15389381]]", "nfev": "119", "njev": "17", "status": "0", "success": "True", "message": "Optimization terminated successfully.", "x": "[1.17350949 0.86399614 2.74836384 1.87591305 6.55427719 2.10033665]", "nit": "16", "callback": [0.2301085780386798, 0.1605279128386483, 0.10778553232564925, 0.10097409155246939, 0.09478109072089103, 0.09463144486897945, 0.09454258527924231, 0.09453304505700788, 0.09452203865069575, 0.09451638002129226, 0.09450857745368357, 0.09450514548129085, 0.09450438788164295, 0.09450433006792403, 0.09450432732833836, 0.09450432711461643]}, "3": {"maxiter": 100, "gtol": 1e-05, "xrtol": 1e-10, "eps": 1e-10, "duration": 0.027720212936401367, "fun": "0.09450432719032653", "jac": "[ 0.00000000e+00  2.22044587e-06 -4.44089173e-06 -2.22044587e-06\n  3.33066880e-06 -3.33066880e-06]", "hess_inv": "[[ 3.0425229   0.01866899  0.49209343  0.35360686  0.04012375  0.89712833]\n [ 0.01866899  4.09106628 -3.30455686 -1.98168704 -1.26288148 -2.48935293]\n [ 0.49209343 -3.30455686  6.47879482  3.31866397  1.62912959  4.10291299]\n [ 0.35360686 -1.98168704  3.31866397  3.60677079  0.97558751  2.09797506]\n [ 0.04012375 -1.26288148  1.62912959  0.97558751  2.57542632  1.76877168]\n [ 0.89712833 -2.48935293  4.10291299  2.09797506  1.76877168  5.12485616]]", "nfev": "119", "njev": "17", "status": "0", "success": "True", "message": "Optimization terminated successfully.", "x": "[1.17351004 0.86400369 2.74835329 1.87590729 6.55427964 2.10032226]", "nit": "16", "callback": [0.2301084036564025, 0.16052680441323375, 0.10778561453014235, 0.10097430913702721, 0.09478094643820123, 0.09463142124762591, 0.09454253413134062, 0.09453299962088757, 0.09452197144678887, 0.09451631568533692, 0.09450857300321114, 0.09450515722378827, 0.09450438763569524, 0.09450433031741756, 0.09450432723717861, 0.09450432719032653]}, "4": {"maxiter": 100, "gtol": 1e-10, "xrtol": 1e-05, "eps": 1e-05, "duration": 0.027935028076171875, "fun": "0.09450432711461643", "jac": "[-7.86382071e-07  6.37467856e-07 -1.75641723e-06  7.36877226e-07\n -1.52364787e-06  1.89893656e-06]", "hess_inv": "[[ 3.01606337  0.16052889  0.31199064  0.2990837   0.03528675  0.69375801]\n [ 0.16052889  3.84837146 -2.78168979 -1.67265495 -1.11038438 -1.92552996]\n [ 0.31199064 -2.78168979  5.63901111  2.94242412  1.49691254  3.18599598]\n [ 0.2990837  -1.67265495  2.94242412  3.51374644  0.99226347  1.6711598 ]\n [ 0.03528675 -1.11038438  1.49691254  0.99226347  2.6209092   1.59556196]\n [ 0.69375801 -1.92552996  3.18599598  1.6711598   1.59556196  4.15389381]]", "nfev": "119", "njev": "17", "status": "0", "success": "True", "message": "Optimization terminated successfully.", "x": "[1.17350949 0.86399614 2.74836384 1.87591305 6.55427719 2.10033665]", "nit": "16", "callback": [0.2301085780386798, 0.1605279128386483, 0.10778553232564925, 0.10097409155246939, 0.09478109072089103, 0.09463144486897945, 0.09454258527924231, 0.09453304505700788, 0.09452203865069575, 0.09451638002129226, 0.09450857745368357, 0.09450514548129085, 0.09450438788164295, 0.09450433006792403, 0.09450432732833836, 0.09450432711461643]}, "5": {"maxiter": 100, "gtol": 1e-10, "xrtol": 1e-05, "eps": 1e-10, "duration": 0.028123855590820312, "fun": "0.09450432719032653", "jac": "[ 0.00000000e+00  2.22044587e-06 -4.44089173e-06 -2.22044587e-06\n  3.33066880e-06 -3.33066880e-06]", "hess_inv": "[[ 3.0425229   0.01866899  0.49209343  0.35360686  0.04012375  0.89712833]\n [ 0.01866899  4.09106628 -3.30455686 -1.98168704 -1.26288148 -2.48935293]\n [ 0.49209343 -3.30455686  6.47879482  3.31866397  1.62912959  4.10291299]\n [ 0.35360686 -1.98168704  3.31866397  3.60677079  0.97558751  2.09797506]\n [ 0.04012375 -1.26288148  1.62912959  0.97558751  2.57542632  1.76877168]\n [ 0.89712833 -2.48935293  4.10291299  2.09797506  1.76877168  5.12485616]]", "nfev": "119", "njev": "17", "status": "0", "success": "True", "message": "Optimization terminated successfully.", "x": "[1.17351004 0.86400369 2.74835329 1.87590729 6.55427964 2.10032226]", "nit": "16", "callback": [0.2301084036564025, 0.16052680441323375, 0.10778561453014235, 0.10097430913702721, 0.09478094643820123, 0.09463142124762591, 0.09454253413134062, 0.09453299962088757, 0.09452197144678887, 0.09451631568533692, 0.09450857300321114, 0.09450515722378827, 0.09450438763569524, 0.09450433031741756, 0.09450432723717861, 0.09450432719032653]}, "6": {"maxiter": 100, "gtol": 1e-10, "xrtol": 1e-10, "eps": 1e-05, "duration": 0.07947874069213867, "fun": "0.09450432707119805", "jac": "[ 1.22124533e-10 -5.55111512e-11  7.10542736e-10  1.06581410e-09\n -5.32907052e-10 -1.28785871e-09]", "hess_inv": "[[ 3.06591578  0.03355274  0.49733736  0.3483613   0.18837882  0.74149551]\n [ 0.03355274  4.12988659 -3.2120123  -1.7854644  -1.52394623 -1.96269547]\n [ 0.49733736 -3.2120123   6.30144542  3.14026623  2.08331246  3.22496153]\n [ 0.3483613  -1.7854644   3.14026623  3.60824306  1.13925175  1.59169044]\n [ 0.18837882 -1.52394623  2.08331246  1.13925175  3.08034901  1.81330038]\n [ 0.74149551 -1.96269547  3.22496153  1.59169044  1.81330038  4.20346426]]", "nfev": "348", "njev": "48", "status": "2", "success": "False", "message": "Desired error not necessarily achieved due to precision loss.", "x": "[1.17351142 0.86399044 2.74837235 1.87591618 6.55428247 2.10033777]", "nit": "19", "callback": [0.2301085780386798, 0.1605279128386483, 0.10778553232564925, 0.10097409155246939, 0.09478109072089103, 0.09463144486897945, 0.09454258527924231, 0.09453304505700788, 0.09452203865069575, 0.09451638002129226, 0.09450857745368357, 0.09450514548129085, 0.09450438788164295, 0.09450433006792403, 0.09450432732833836, 0.09450432711461643, 0.09450432707721435, 0.0945043270715249, 0.09450432707119805]}, "7": {"maxiter": 100, "gtol": 1e-10, "xrtol": 1e-10, "eps": 1e-10, "duration": 0.05067801475524902, "fun": "0.09450432698082056", "jac": "[2.22044587e-06 1.11022293e-06 1.11022293e-06 2.22044587e-06\n 2.22044587e-06 0.00000000e+00]", "hess_inv": "[[ 1.79706427 -0.87916316  1.05612983 -0.16439121  0.30740951  1.36191033]\n [-0.87916316  2.51786563 -1.61576833 -1.21987352 -1.25779496 -1.34387596]\n [ 1.05612983 -1.61576833  4.27336593  1.87380984  1.45517352  2.26317168]\n [-0.16439121 -1.21987352  1.87380984  2.26658504  0.94414837  0.9223541 ]\n [ 0.30740951 -1.25779496  1.45517352  0.94414837  2.04012396  0.8537226 ]\n [ 1.36191033 -1.34387596  2.26317168  0.9223541   0.8537226   3.26649294]]", "nfev": "217", "njev": "31", "status": "0", "success": "True", "message": "Optimization terminated successfully.", "x": "[1.17351957 0.86398204 2.74839468 1.87593258 6.55429435 2.10035589]", "nit": "20", "callback": [0.2301084036564025, 0.16052680441323375, 0.10778561453014235, 0.10097430913702721, 0.09478094643820123, 0.09463142124762591, 0.09454253413134062, 0.09453299962088757, 0.09452197144678887, 0.09451631568533692, 0.09450857300321114, 0.09450515722378827, 0.09450438763569524, 0.09450433031741756, 0.09450432723717861, 0.09450432719032653, 0.09450432711613588, 0.09450432702219591, 0.09450432698082056, 0.09450432698082056]}, "8": {"maxiter": 500, "gtol": 1e-05, "xrtol": 1e-05, "eps": 1e-05, "duration": 0.028050899505615234, "fun": "0.09450432711461643", "jac": "[-7.86382071e-07  6.37467856e-07 -1.75641723e-06  7.36877226e-07\n -1.52364787e-06  1.89893656e-06]", "hess_inv": "[[ 3.01606337  0.16052889  0.31199064  0.2990837   0.03528675  0.69375801]\n [ 0.16052889  3.84837146 -2.78168979 -1.67265495 -1.11038438 -1.92552996]\n [ 0.31199064 -2.78168979  5.63901111  2.94242412  1.49691254  3.18599598]\n [ 0.2990837  -1.67265495  2.94242412  3.51374644  0.99226347  1.6711598 ]\n [ 0.03528675 -1.11038438  1.49691254  0.99226347  2.6209092   1.59556196]\n [ 0.69375801 -1.92552996  3.18599598  1.6711598   1.59556196  4.15389381]]", "nfev": "119", "njev": "17", "status": "0", "success": "True", "message": "Optimization terminated successfully.", "x": "[1.17350949 0.86399614 2.74836384 1.87591305 6.55427719 2.10033665]", "nit": "16", "callback": [0.2301085780386798, 0.1605279128386483, 0.10778553232564925, 0.10097409155246939, 0.09478109072089103, 0.09463144486897945, 0.09454258527924231, 0.09453304505700788, 0.09452203865069575, 0.09451638002129226, 0.09450857745368357, 0.09450514548129085, 0.09450438788164295, 0.09450433006792403, 0.09450432732833836, 0.09450432711461643]}, "9": {"maxiter": 500, "gtol": 1e-05, "xrtol": 1e-05, "eps": 1e-10, "duration": 0.02785491943359375, "fun": "0.09450432719032653", "jac": "[ 0.00000000e+00  2.22044587e-06 -4.44089173e-06 -2.22044587e-06\n  3.33066880e-06 -3.33066880e-06]", "hess_inv": "[[ 3.0425229   0.01866899  0.49209343  0.35360686  0.04012375  0.89712833]\n [ 0.01866899  4.09106628 -3.30455686 -1.98168704 -1.26288148 -2.48935293]\n [ 0.49209343 -3.30455686  6.47879482  3.31866397  1.62912959  4.10291299]\n [ 0.35360686 -1.98168704  3.31866397  3.60677079  0.97558751  2.09797506]\n [ 0.04012375 -1.26288148  1.62912959  0.97558751  2.57542632  1.76877168]\n [ 0.89712833 -2.48935293  4.10291299  2.09797506  1.76877168  5.12485616]]", "nfev": "119", "njev": "17", "status": "0", "success": "True", "message": "Optimization terminated successfully.", "x": "[1.17351004 0.86400369 2.74835329 1.87590729 6.55427964 2.10032226]", "nit": "16", "callback": [0.2301084036564025, 0.16052680441323375, 0.10778561453014235, 0.10097430913702721, 0.09478094643820123, 0.09463142124762591, 0.09454253413134062, 0.09453299962088757, 0.09452197144678887, 0.09451631568533692, 0.09450857300321114, 0.09450515722378827, 0.09450438763569524, 0.09450433031741756, 0.09450432723717861, 0.09450432719032653]}, "10": {"maxiter": 500, "gtol": 1e-05, "xrtol": 1e-10, "eps": 1e-05, "duration": 0.028265953063964844, "fun": "0.09450432711461643", "jac": "[-7.86382071e-07  6.37467856e-07 -1.75641723e-06  7.36877226e-07\n -1.52364787e-06  1.89893656e-06]", "hess_inv": "[[ 3.01606337  0.16052889  0.31199064  0.2990837   0.03528675  0.69375801]\n [ 0.16052889  3.84837146 -2.78168979 -1.67265495 -1.11038438 -1.92552996]\n [ 0.31199064 -2.78168979  5.63901111  2.94242412  1.49691254  3.18599598]\n [ 0.2990837  -1.67265495  2.94242412  3.51374644  0.99226347  1.6711598 ]\n [ 0.03528675 -1.11038438  1.49691254  0.99226347  2.6209092   1.59556196]\n [ 0.69375801 -1.92552996  3.18599598  1.6711598   1.59556196  4.15389381]]", "nfev": "119", "njev": "17", "status": "0", "success": "True", "message": "Optimization terminated successfully.", "x": "[1.17350949 0.86399614 2.74836384 1.87591305 6.55427719 2.10033665]", "nit": "16", "callback": [0.2301085780386798, 0.1605279128386483, 0.10778553232564925, 0.10097409155246939, 0.09478109072089103, 0.09463144486897945, 0.09454258527924231, 0.09453304505700788, 0.09452203865069575, 0.09451638002129226, 0.09450857745368357, 0.09450514548129085, 0.09450438788164295, 0.09450433006792403, 0.09450432732833836, 0.09450432711461643]}, "11": {"maxiter": 500, "gtol": 1e-05, "xrtol": 1e-10, "eps": 1e-10, "duration": 0.028214216232299805, "fun": "0.09450432719032653", "jac": "[ 0.00000000e+00  2.22044587e-06 -4.44089173e-06 -2.22044587e-06\n  3.33066880e-06 -3.33066880e-06]", "hess_inv": "[[ 3.0425229   0.01866899  0.49209343  0.35360686  0.04012375  0.89712833]\n [ 0.01866899  4.09106628 -3.30455686 -1.98168704 -1.26288148 -2.48935293]\n [ 0.49209343 -3.30455686  6.47879482  3.31866397  1.62912959  4.10291299]\n [ 0.35360686 -1.98168704  3.31866397  3.60677079  0.97558751  2.09797506]\n [ 0.04012375 -1.26288148  1.62912959  0.97558751  2.57542632  1.76877168]\n [ 0.89712833 -2.48935293  4.10291299  2.09797506  1.76877168  5.12485616]]", "nfev": "119", "njev": "17", "status": "0", "success": "True", "message": "Optimization terminated successfully.", "x": "[1.17351004 0.86400369 2.74835329 1.87590729 6.55427964 2.10032226]", "nit": "16", "callback": [0.2301084036564025, 0.16052680441323375, 0.10778561453014235, 0.10097430913702721, 0.09478094643820123, 0.09463142124762591, 0.09454253413134062, 0.09453299962088757, 0.09452197144678887, 0.09451631568533692, 0.09450857300321114, 0.09450515722378827, 0.09450438763569524, 0.09450433031741756, 0.09450432723717861, 0.09450432719032653]}, "12": {"maxiter": 500, "gtol": 1e-10, "xrtol": 1e-05, "eps": 1e-05, "duration": 0.02766108512878418, "fun": "0.09450432711461643", "jac": "[-7.86382071e-07  6.37467856e-07 -1.75641723e-06  7.36877226e-07\n -1.52364787e-06  1.89893656e-06]", "hess_inv": "[[ 3.01606337  0.16052889  0.31199064  0.2990837   0.03528675  0.69375801]\n [ 0.16052889  3.84837146 -2.78168979 -1.67265495 -1.11038438 -1.92552996]\n [ 0.31199064 -2.78168979  5.63901111  2.94242412  1.49691254  3.18599598]\n [ 0.2990837  -1.67265495  2.94242412  3.51374644  0.99226347  1.6711598 ]\n [ 0.03528675 -1.11038438  1.49691254  0.99226347  2.6209092   1.59556196]\n [ 0.69375801 -1.92552996  3.18599598  1.6711598   1.59556196  4.15389381]]", "nfev": "119", "njev": "17", "status": "0", "success": "True", "message": "Optimization terminated successfully.", "x": "[1.17350949 0.86399614 2.74836384 1.87591305 6.55427719 2.10033665]", "nit": "16", "callback": [0.2301085780386798, 0.1605279128386483, 0.10778553232564925, 0.10097409155246939, 0.09478109072089103, 0.09463144486897945, 0.09454258527924231, 0.09453304505700788, 0.09452203865069575, 0.09451638002129226, 0.09450857745368357, 0.09450514548129085, 0.09450438788164295, 0.09450433006792403, 0.09450432732833836, 0.09450432711461643]}, "13": {"maxiter": 500, "gtol": 1e-10, "xrtol": 1e-05, "eps": 1e-10, "duration": 0.027789831161499023, "fun": "0.09450432719032653", "jac": "[ 0.00000000e+00  2.22044587e-06 -4.44089173e-06 -2.22044587e-06\n  3.33066880e-06 -3.33066880e-06]", "hess_inv": "[[ 3.0425229   0.01866899  0.49209343  0.35360686  0.04012375  0.89712833]\n [ 0.01866899  4.09106628 -3.30455686 -1.98168704 -1.26288148 -2.48935293]\n [ 0.49209343 -3.30455686  6.47879482  3.31866397  1.62912959  4.10291299]\n [ 0.35360686 -1.98168704  3.31866397  3.60677079  0.97558751  2.09797506]\n [ 0.04012375 -1.26288148  1.62912959  0.97558751  2.57542632  1.76877168]\n [ 0.89712833 -2.48935293  4.10291299  2.09797506  1.76877168  5.12485616]]", "nfev": "119", "njev": "17", "status": "0", "success": "True", "message": "Optimization terminated successfully.", "x": "[1.17351004 0.86400369 2.74835329 1.87590729 6.55427964 2.10032226]", "nit": "16", "callback": [0.2301084036564025, 0.16052680441323375, 0.10778561453014235, 0.10097430913702721, 0.09478094643820123, 0.09463142124762591, 0.09454253413134062, 0.09453299962088757, 0.09452197144678887, 0.09451631568533692, 0.09450857300321114, 0.09450515722378827, 0.09450438763569524, 0.09450433031741756, 0.09450432723717861, 0.09450432719032653]}, "14": {"maxiter": 500, "gtol": 1e-10, "xrtol": 1e-10, "eps": 1e-05, "duration": 0.07980227470397949, "fun": "0.09450432707119805", "jac": "[ 1.22124533e-10 -5.55111512e-11  7.10542736e-10  1.06581410e-09\n -5.32907052e-10 -1.28785871e-09]", "hess_inv": "[[ 3.06591578  0.03355274  0.49733736  0.3483613   0.18837882  0.74149551]\n [ 0.03355274  4.12988659 -3.2120123  -1.7854644  -1.52394623 -1.96269547]\n [ 0.497337