{"date": "2024/09/25/, 11:21:20", "conf_id": 215, "data_type": "non_lin_ind\n", "num_data_points": 3, "s_rank": 0, "unitary": "[[-0.45070455-0.02711853j,0.78437395-0.06613086j,0.06358678+0.19963393j,-0.07343613+0.35668523j],[-0.01890143-0.03813363j,0.32408202+0.25557629j,0.05872864-0.68979805j,0.55466693-0.20227297j],[-0.11215405+0.64023111j,-0.13344055+0.29565494j,-0.49012687-0.19046288j,-0.04241254+0.44046348j],[0.55771659+0.24656916j,0.31851997-0.05798805j,0.28761525-0.34294258j,-0.56718418+0.03616933j]]", "databatch_0": {"databatch": "[[[0.2690961+0.12976634j,-0.30557999+0.04798195j,-0.12796674+0.15775353j,-0.09894355-0.16466017j],[0.15150874-0.18006438j,-0.16535246-0.33696276j,0.02341222-0.17357269j,-0.17141221+0.13602314j],[-0.12035152-0.17201682j,-0.12960404-0.04722099j,0.29016791+0.01695172j,0.10172946-0.27460125j],[0.14427636+0.22278938j,-0.13113957+0.10317739j,0.24657051-0.08606365j,0.16937194+0.18317504j]],[[-0.21379028+0.1972832j,0.22127984+0.07311511j,0.19435311-0.07404511j,0.40527268-0.02197446j],[0.03373883-0.22748084j,-0.23859031+0.07902808j,-0.01108907+0.22599463j,-0.22947323+0.11144496j],[0.31136777-0.02274438j,-0.16658171-0.06557351j,-0.19943229-0.03750467j,-0.08021847-0.07029825j],[-0.16593015+0.16770646j,0.17910446-0.09857619j,0.25974975-0.17856638j,0.19511068+0.06160767j]],[[0.24016804-0.16774771j,0.17422863+0.1171853j,0.30777204+0.03091419j,0.11293239+0.07343168j],[0.18828744-0.03662156j,0.09190612-0.20046258j,0.24630571-0.13378487j,-0.13245529+0.14773792j],[-0.05990626+0.3602328j,-0.03674812+0.08595389j,-0.21034308+0.13758575j,-0.32173902-0.30832523j],[-0.2447241+0.09744569j,0.0630454+0.00483174j,-0.11625549-0.19823677j,0.02634156-0.14888124j]]]", "initial param values": "[5.57736734,0.5105064,1.02562733,5.52344798,5.23762003,3.77430713]", "nelder_mead": {"type": "gradient-free", "0": {"maxiter": 100, "fatol": 1e-05, "xatol": 1e-05, "duration": 0.03771495819091797, "fun": "0.32264843300161095", "nit": "100", "nfev": "159", "status": "2", "success": "False", "message": "Maximum number of iterations has been exceeded.", "x": "[7.57762421 0.94438612 0.85322806 8.09957078 3.94365516 5.43411749]", "final_simplex": "(array([[7.57762421, 0.94438612, 0.85322806, 8.09957078, 3.94365516,\n        5.43411749],\n       [7.68153447, 1.04103634, 0.76663719, 8.17880283, 3.98764429,\n        5.56018647],\n       [7.72035526, 1.08463463, 0.79265055, 8.33709321, 3.9617931 ,\n        5.38409226],\n       [7.85045824, 1.07936776, 0.74484455, 8.29604352, 3.9333974 ,\n        5.49581486],\n       [7.5836564 , 0.92954493, 0.85623839, 8.10812937, 3.98980879,\n        5.48858416],\n       [7.73195257, 0.97941021, 0.87617231, 8.24246723, 3.83498145,\n        5.41509605],\n       [7.68976564, 0.95500777, 0.81106618, 8.23857163, 3.94379719,\n        5.46863905]]), array([0.32264843, 0.32285155, 0.32359658, 0.32597762, 0.32757378,\n       0.32817294, 0.32880682]))", "callback": [0.6427038903778035, 0.5216840628439701, 0.5211081144422327, 0.4655958825500971, 0.3692227704755725, 0.36152140416654055, 0.35715063853434126, 0.35502951402972716, 0.34605226001715683, 0.3281729415484841]}, "1": {"maxiter": 100, "fatol": 1e-05, "xatol": 1e-10, "duration": 0.03718209266662598, "fun": "0.32264843300161095", "nit": "100", "nfev": "159", "status": "2", "success": "False", "message": "Maximum number of iterations has been exceeded.", "x": "[7.57762421 0.94438612 0.85322806 8.09957078 3.94365516 5.43411749]", "final_simplex": "(array([[7.57762421, 0.94438612, 0.85322806, 8.09957078, 3.94365516,\n        5.43411749],\n       [7.68153447, 1.04103634, 0.76663719, 8.17880283, 3.98764429,\n        5.56018647],\n       [7.72035526, 1.08463463, 0.79265055, 8.33709321, 3.9617931 ,\n        5.38409226],\n       [7.85045824, 1.07936776, 0.74484455, 8.29604352, 3.9333974 ,\n        5.49581486],\n       [7.5836564 , 0.92954493, 0.85623839, 8.10812937, 3.98980879,\n        5.48858416],\n       [7.73195257, 0.97941021, 0.87617231, 8.24246723, 3.83498145,\n        5.41509605],\n       [7.68976564, 0.95500777, 0.81106618, 8.23857163, 3.94379719,\n        5.46863905]]), array([0.32264843, 0.32285155, 0.32359658, 0.32597762, 0.32757378,\n       0.32817294, 0.32880682]))", "callback": [0.6427038903778035, 0.5216840628439701, 0.5211081144422327, 0.4655958825500971, 0.3692227704755725, 0.36152140416654055, 0.35715063853434126, 0.35502951402972716, 0.34605226001715683, 0.3281729415484841]}, "2": {"maxiter": 100, "fatol": 1e-10, "xatol": 1e-05, "duration": 0.03689122200012207, "fun": "0.32264843300161095", "nit": "100", "nfev": "159", "status": "2", "success": "False", "message": "Maximum number of iterations has been exceeded.", "x": "[7.57762421 0.94438612 0.85322806 8.09957078 3.94365516 5.43411749]", "final_simplex": "(array([[7.57762421, 0.94438612, 0.85322806, 8.09957078, 3.94365516,\n        5.43411749],\n       [7.68153447, 1.04103634, 0.76663719, 8.17880283, 3.98764429,\n        5.56018647],\n       [7.72035526, 1.08463463, 0.79265055, 8.33709321, 3.9617931 ,\n        5.38409226],\n       [7.85045824, 1.07936776, 0.74484455, 8.29604352, 3.9333974 ,\n        5.49581486],\n       [7.5836564 , 0.92954493, 0.85623839, 8.10812937, 3.98980879,\n        5.48858416],\n       [7.73195257, 0.97941021, 0.87617231, 8.24246723, 3.83498145,\n        5.41509605],\n       [7.68976564, 0.95500777, 0.81106618, 8.23857163, 3.94379719,\n        5.46863905]]), array([0.32264843, 0.32285155, 0.32359658, 0.32597762, 0.32757378,\n       0.32817294, 0.32880682]))", "callback": [0.6427038903778035, 0.5216840628439701, 0.5211081144422327, 0.4655958825500971, 0.3692227704755725, 0.36152140416654055, 0.35715063853434126, 0.35502951402972716, 0.34605226001715683, 0.3281729415484841]}, "3": {"maxiter": 100, "fatol": 1e-10, "xatol": 1e-10, "duration": 0.03690695762634277, "fun": "0.32264843300161095", "nit": "100", "nfev": "159", "status": "2", "success": "False", "message": "Maximum number of iterations has been exceeded.", "x": "[7.57762421 0.94438612 0.85322806 8.09957078 3.94365516 5.43411749]", "final_simplex": "(array([[7.57762421, 0.94438612, 0.85322806, 8.09957078, 3.94365516,\n        5.43411749],\n       [7.68153447, 1.04103634, 0.76663719, 8.17880283, 3.98764429,\n        5.56018647],\n       [7.72035526, 1.08463463, 0.79265055, 8.33709321, 3.9617931 ,\n        5.38409226],\n       [7.85045824, 1.07936776, 0.74484455, 8.29604352, 3.9333974 ,\n        5.49581486],\n       [7.5836564 , 0.92954493, 0.85623839, 8.10812937, 3.98980879,\n        5.48858416],\n       [7.73195257, 0.97941021, 0.87617231, 8.24246723, 3.83498145,\n        5.41509605],\n       [7.68976564, 0.95500777, 0.81106618, 8.23857163, 3.94379719,\n        5.46863905]]), array([0.32264843, 0.32285155, 0.32359658, 0.32597762, 0.32757378,\n       0.32817294, 0.32880682]))", "callback": [0.6427038903778035, 0.5216840628439701, 0.5211081144422327, 0.4655958825500971, 0.3692227704755725, 0.36152140416654055, 0.35715063853434126, 0.35502951402972716, 0.34605226001715683, 0.3281729415484841]}, "4": {"maxiter": 500, "fatol": 1e-05, "xatol": 1e-05, "duration": 0.13881802558898926, "fun": "0.29247402993401195", "nit": "379", "nfev": "596", "status": "0", "success": "True", "message": "Optimization terminated successfully.", "x": "[7.45296844 1.35384032 0.59416682 7.85808451 3.90260178 5.38181604]", "final_simplex": "(array([[7.45296844, 1.35384032, 0.59416682, 7.85808451, 3.90260178,\n        5.38181604],\n       [7.45297444, 1.3538419 , 0.59416881, 7.85808393, 3.90259955,\n        5.38181259],\n       [7.45297287, 1.35384657, 0.59416329, 7.8580837 , 3.90260143,\n        5.38181215],\n       [7.4529747 , 1.35383809, 0.59416786, 7.85808819, 3.90259621,\n        5.38181228],\n       [7.45297555, 1.35384102, 0.59416918, 7.85809125, 3.90259851,\n        5.38181636],\n       [7.4529708 , 1.35384159, 0.59417055, 7.85807794, 3.90259658,\n        5.38181507],\n       [7.45297057, 1.35384166, 0.5941723 , 7.85808881, 3.90259816,\n        5.38181285]]), array([0.29247403, 0.29247403, 0.29247403, 0.29247403, 0.29247403,\n       0.29247403, 0.29247403]))", "callback": [0.6427038903778035, 0.5216840628439701, 0.5211081144422327, 0.4655958825500971, 0.3692227704755725, 0.36152140416654055, 0.35715063853434126, 0.35502951402972716, 0.34605226001715683, 0.3281729415484841, 0.3129705119332936, 0.30531453321268076, 0.30105430964461577, 0.2991208426624322, 0.2950945540720711, 0.2932989957056753, 0.2927345456889263, 0.29267478719324436, 0.2925530454331743, 0.2925415259444123, 0.2925164758363695, 0.29249334163962315, 0.29248193094966757, 0.2924770635138678, 0.29247489986498254, 0.2924744211878548, 0.2924741553655563, 0.2924740902256845, 0.2924740484341827, 0.2924740394004943, 0.2924740342749955, 0.2924740340394233, 0.2924740322538598, 0.2924740308006224, 0.29247403012395357, 0.2924740300461691, 0.29247402996464456, 0.292474029942687]}, "5": {"maxiter": 500, "fatol": 1e-05, "xatol": 1e-10, "duration": 0.18744277954101562, "fun": "0.2924740299311024", "nit": "486", "nfev": "833", "status": "0", "success": "True", "message": "Optimization terminated successfully.", "x": "[7.4529697  1.35384312 0.59416514 7.85808293 3.90259902 5.38181652]", "final_simplex": "(array([[7.4529697 , 1.35384312, 0.59416514, 7.85808293, 3.90259902,\n        5.38181652],\n       [7.4529697 , 1.35384312, 0.59416514, 7.85808293, 3.90259902,\n        5.38181652],\n       [7.4529697 , 1.35384312, 0.59416514, 7.85808293, 3.90259902,\n        5.38181652],\n       [7.4529697 , 1.35384312, 0.59416514, 7.85808293, 3.90259902,\n        5.38181652],\n       [7.4529697 , 1.35384312, 0.59416514, 7.85808293, 3.90259902,\n        5.38181652],\n       [7.4529697 , 1.35384312, 0.59416514, 7.85808293, 3.90259902,\n        5.38181652],\n       [7.4529697 , 1.35384312, 0.59416514, 7.85808293, 3.90259902,\n        5.38181652]]), array([0.29247403, 0.29247403, 0.29247403, 0.29247403, 0.29247403,\n       0.29247403, 0.29247403]))", "callback": [0.6427038903778035, 0.5216840628439701, 0.5211081144422327, 0.4655958825500971, 0.3692227704755725, 0.36152140416654055, 0.35715063853434126, 0.35502951402972716, 0.34605226001715683, 0.3281729415484841, 0.3129705119332936, 0.30531453321268076, 0.30105430964461577, 0.2991208426624322, 0.2950945540720711, 0.2932989957056753, 0.2927345456889263, 0.29267478719324436, 0.2925530454331743, 0.2925415259444123, 0.2925164758363695, 0.29249334163962315, 0.29248193094966757, 0.2924770635138678, 0.29247489986498254, 0.2924744211878548, 0.2924741553655563, 0.2924740902256845, 0.2924740484341827, 0.2924740394004943, 0.2924740342749955, 0.2924740340394233, 0.2924740322538598, 0.2924740308006224, 0.29247403012395357, 0.2924740300461691, 0.29247402996464456, 0.292474029942687, 0.29247402993401195, 0.29247402993222327, 0.29247402993132254, 0.29247402993118576, 0.29247402993112626, 0.2924740299311074, 0.29247402993110416, 0.2924740299311027, 0.2924740299311027, 0.2924740299311024, 0.2924740299311024]}, "6": {"maxiter": 500, "fatol": 1e-10, "xatol": 1e-05, "duration": 0.15533208847045898, "fun": "0.29247402993401195", "nit": "379", "nfev": "596", "status": "0", "success": "True", "message": "Optimization terminated successfully.", "x": "[7.45296844 1.35384032 0.59416682 7.85808451 3.90260178 5.38181604]", "final_simplex": "(array([[7.45296844, 1.35384032, 0.59416682, 7.85808451, 3.90260178,\n        5.38181604],\n       [7.45297444, 1.3538419 , 0.59416881, 7.85808393, 3.90259955,\n        5.38181259],\n       [7.45297287, 1.35384657, 0.59416329, 7.8580837 , 3.90260143,\n        5.38181215],\n       [7.4529747 , 1.35383809, 0.59416786, 7.85808819, 3.90259621,\n        5.38181228],\n       [7.45297555, 1.35384102, 0.59416918, 7.85809125, 3.90259851,\n        5.38181636],\n       [7.4529708 , 1.35384159, 0.59417055, 7.85807794, 3.90259658,\n        5.38181507],\n       [7.45297057, 1.35384166, 0.5941723 , 7.85808881, 3.90259816,\n        5.38181285]]), array([0.29247403, 0.29247403, 0.29247403, 0.29247403, 0.29247403,\n       0.29247403, 0.29247403]))", "callback": [0.6427038903778035, 0.5216840628439701, 0.5211081144422327, 0.4655958825500971, 0.3692227704755725, 0.36152140416654055, 0.35715063853434126, 0.35502951402972716, 0.34605226001715683, 0.3281729415484841, 0.3129705119332936, 0.30531453321268076, 0.30105430964461577, 0.2991208426624322, 0.2950945540720711, 0.2932989957056753, 0.2927345456889263, 0.29267478719324436, 0.2925530454331743, 0.2925415259444123, 0.2925164758363695, 0.29249334163962315, 0.29248193094966757, 0.2924770635138678, 0.29247489986498254, 0.2924744211878548, 0.2924741553655563, 0.2924740902256845, 0.2924740484341827, 0.2924740394004943, 0.2924740342749955, 0.2924740340394233, 0.2924740322538598, 0.2924740308006224, 0.29247403012395357, 0.2924740300461691, 0.29247402996464456, 0.292474029942687]}, "7": {"maxiter": 500, "fatol": 1e-10, "xatol": 1e-10, "duration": 0.1992480754852295, "fun": "0.2924740299311024", "nit": "486", "nfev": "833", "status": "0", "success": "True", "message": "Optimization terminated successfully.", "x": "[7.4529697  1.35384312 0.59416514 7.85808293 3.90259902 5.38181652]", "final_simplex": "(array([[7.4529697 , 1.35384312, 0.59416514, 7.85808293, 3.90259902,\n        5.38181652],\n       [7.4529697 , 1.35384312, 0.59416514, 7.85808293, 3.90259902,\n        5.38181652],\n       [7.4529697 , 1.35384312, 0.59416514, 7.85808293, 3.90259902,\n        5.38181652],\n       [7.4529697 , 1.35384312, 0.59416514, 7.85808293, 3.90259902,\n        5.38181652],\n       [7.4529697 , 1.35384312, 0.59416514, 7.85808293, 3.90259902,\n        5.38181652],\n       [7.4529697 , 1.35384312, 0.59416514, 7.85808293, 3.90259902,\n        5.38181652],\n       [7.4529697 , 1.35384312, 0.59416514, 7.85808293, 3.90259902,\n        5.38181652]]), array([0.29247403, 0.29247403, 0.29247403, 0.29247403, 0.29247403,\n       0.29247403, 0.29247403]))", "callback": [0.6427038903778035, 0.5216840628439701, 0.5211081144422327, 0.4655958825500971, 0.3692227704755725, 0.36152140416654055, 0.35715063853434126, 0.35502951402972716, 0.34605226001715683, 0.3281729415484841, 0.3129705119332936, 0.30531453321268076, 0.30105430964461577, 0.2991208426624322, 0.2950945540720711, 0.2932989957056753, 0.2927345456889263, 0.29267478719324436, 0.2925530454331743, 0.2925415259444123, 0.2925164758363695, 0.29249334163962315, 0.29248193094966757, 0.2924770635138678, 0.29247489986498254, 0.2924744211878548, 0.2924741553655563, 0.2924740902256845, 0.2924740484341827, 0.2924740394004943, 0.2924740342749955, 0.2924740340394233, 0.2924740322538598, 0.2924740308006224, 0.29247403012395357, 0.2924740300461691, 0.29247402996464456, 0.292474029942687, 0.29247402993401195, 0.29247402993222327, 0.29247402993132254, 0.29247402993118576, 0.29247402993112626, 0.2924740299311074, 0.29247402993110416, 0.2924740299311027, 0.2924740299311027, 0.2924740299311024, 0.2924740299311024]}, "8": {"maxiter": 1000, "fatol": 1e-05, "xatol": 1e-05, "duration": 0.1394350528717041, "fun": "0.29247402993401195", "nit": "379", "nfev": "596", "status": "0", "success": "True", "message": "Optimization terminated successfully.", "x": "[7.45296844 1.35384032 0.59416682 7.85808451 3.90260178 5.38181604]", "final_simplex": "(array([[7.45296844, 1.35384032, 0.59416682, 7.85808451, 3.90260178,\n        5.38181604],\n       [7.45297444, 1.3538419 , 0.59416881, 7.85808393, 3.90259955,\n        5.38181259],\n       [7.45297287, 1.35384657, 0.59416329, 7.8580837 , 3.90260143,\n        5.38181215],\n       [7.4529747 , 1.35383809, 0.59416786, 7.85808819, 3.90259621,\n        5.38181228],\n       [7.45297555, 1.35384102, 0.59416918, 7.85809125, 3.90259851,\n        5.38181636],\n       [7.4529708 , 1.35384159, 0.59417055, 7.85807794, 3.90259658,\n        5.38181507],\n       [7.45297057, 1.35384166, 0.5941723 , 7.85808881, 3.90259816,\n        5.38181285]]), array([0.29247403, 0.29247403, 0.29247403, 0.29247403, 0.29247403,\n       0.29247403, 0.29247403]))", "callback": [0.6427038903778035, 0.5216840628439701, 0.5211081144422327, 0.4655958825500971, 0.3692227704755725, 0.36152140416654055, 0.35715063853434126, 0.35502951402972716, 0.34605226001715683, 0.3281729415484841, 0.3129705119332936, 0.30531453321268076, 0.30105430964461577, 0.2991208426624322, 0.2950945540720711, 0.2932989957056753, 0.2927345456889263, 0.29267478719324436, 0.2925530454331743, 0.2925415259444123, 0.2925164758363695, 0.29249334163962315, 0.29248193094966757, 0.2924770635138678, 0.29247489986498254, 0.2924744211878548, 0.2924741553655563, 0.2924740902256845, 0.2924740484341827, 0.2924740394004943, 0.2924740342749955, 0.2924740340394233, 0.2924740322538598, 0.2924740308006224, 0.29247403012395357, 0.2924740300461691, 0.29247402996464456, 0.292474029942687]}, "9": {"maxiter": 1000, "fatol": 1e-05, "xatol": 1e-10, "duration": 0.19625091552734375, "fun": "0.2924740299311024", "nit": "486", "nfev": "833", "status": "0", "success": "True", "message": "Optimization terminated successfully.", "x": "[7.4529697  1.35384312 0.59416514 7.85808293 3.90259902 5.38181652]", "final_simplex": "(array([[7.4529697 , 1.35384312, 0.59416514, 7.85808293, 3.90259902,\n        5.38181652],\n       [7.4529697 , 1.35384312, 0.59416514, 7.85808293, 3.90259902,\n        5.38181652],\n       [7.4529697 , 1.35384312, 0.59416514, 7.85808293, 3.90259902,\n        5.38181652],\n       [7.4529697 , 1.35384312, 0.59416514, 7.85808293, 3.90259902,\n        5.38181652],\n       [7.4529697 , 1.35384312, 0.59416514, 7.85808293, 3.90259902,\n        5.38181652],\n       [7.4529697 , 1.35384312, 0.59416514, 7.85808293, 3.90259902,\n        5.38181652],\n       [7.4529697 , 1.35384312, 0.59416514, 7.85808293, 3.90259902,\n        5.38181652]]), array([0.29247403, 0.29247403, 0.29247403, 0.29247403, 0.29247403,\n       0.29247403, 0.29247403]))", "callback": [0.6427038903778035, 0.5216840628439701, 0.5211081144422327, 0.4655958825500971, 0.3692227704755725, 0.36152140416654055, 0.35715063853434126, 0.35502951402972716, 0.34605226001715683, 0.3281729415484841, 0.3129705119332936, 0.30531453321268076, 0.30105430964461577, 0.2991208426624322, 0.2950945540720711, 0.2932989957056753, 0.2927345456889263, 0.29267478719324436, 0.2925530454331743, 0.2925415259444123, 0.2925164758363695, 0.29249334163962315, 0.29248193094966757, 0.2924770635138678, 0.29247489986498254, 0.2924744211878548, 0.2924741553655563, 0.2924740902256845, 0.2924740484341827, 0.2924740394004943, 0.2924740342749955, 0.2924740340394233, 0.2924740322538598, 0.2924740308006224, 0.29247403012395357, 0.2924740300461691, 0.29247402996464456, 0.292474029942687, 0.29247402993401195, 0.29247402993222327, 0.29247402993132254, 0.29247402993118576, 0.29247402993112626, 0.2924740299311074, 0.29247402993110416, 0.2924740299311027, 0.2924740299311027, 0.2924740299311024, 0.2924740299311024]}, "10": {"maxiter": 1000, "fatol": 1e-10, "xatol": 1e-05, "duration": 0.13982224464416504, "fun": "0.29247402993401195", "nit": "379", "nfev": "596", "status": "0", "success": "True", "message": "Optimization terminated successfully.", "x": "[7.45296844 1.35384032 0.59416682 7.85808451 3.90260178 5.38181604]", "final_simplex": "(array([[7.45296844, 1.35384032, 0.59416682, 7.85808451, 3.90260178,\n        5.38181604],\n       [7.45297444, 1.3538419 , 0.59416881, 7.85808393, 3.90259955,\n        5.38181259],\n       [7.45297287, 1.35384657, 0.59416329, 7.8580837 , 3.90260143,\n        5.38181215],\n       [7.4529747 , 1.35383809, 0.59416786, 7.85808819, 3.90259621,\n        5.38181228],\n       [7.45297555, 1.35384102, 0.59416918, 7.85809125, 3.90259851,\n        5.38181636],\n       [7.4529708 , 1.35384159, 0.59417055, 7.85807794, 3.90259658,\n        5.38181507],\n       [7.45297057, 1.35384166, 0.5941723 , 7.85808881, 3.90259816,\n        5.38181285]]), array([0.29247403, 0.29247403, 0.29247403, 0.29247403, 0.29247403,\n       0.29247403, 0.29247403]))", "callback": [0.6427038903778035, 0.5216840628439701, 0.5211081144422327, 0.4655958825500971, 0.3692227704755725, 0.36152140416654055, 0.35715063853434126, 0.35502951402972716, 0.34605226001715683, 0.3281729415484841, 0.3129705119332936, 0.30531453321268076, 0.30105430964461577, 0.2991208426624322, 0.2950945540720711, 0.2932989957056753, 0.2927345456889263, 0.29267478719324436, 0.2925530454331743, 0.2925415259444123, 0.2925164758363695, 0.29249334163962315, 0.29248193094966757, 0.2924770635138678, 0.29247489986498254, 0.2924744211878548, 0.2924741553655563, 0.2924740902256845, 0.2924740484341827, 0.2924740394004943, 0.2924740342749955, 0.2924740340394233, 0.2924740322538598, 0.2924740308006224, 0.29247403012395357, 0.2924740300461691, 0.29247402996464456, 0.292474029942687]}, "11": {"maxiter": 1000, "fatol": 1e-10, "xatol": 1e-10, "duration": 0.18941426277160645, "fun": "0.2924740299311024", "nit": "486", "nfev": "833", "status": "0", "success": "True", "message": "Optimization terminated successfully.", "x": "[7.4529697  1.35384312 0.59416514 7.85808293 3.90259902 5.38181652]", "final_simplex": "(array([[7.4529697 , 1.35384312, 0.59416514, 7.85808293, 3.90259902,\n        5.38181652],\n       [7.4529697 , 1.35384312, 0.59416514, 7.85808293, 3.90259902,\n        5.38181652],\n       [7.4529697 , 1.35384312, 0.59416514, 7.85808293, 3.90259902,\n        5.38181652],\n       [7.4529697 , 1.35384312, 0.59416514, 7.85808293, 3.90259902,\n        5.38181652],\n       [7.4529697 , 1.35384312, 0.59416514, 7.85808293, 3.90259902,\n        5.38181652],\n       [7.4529697 , 1.35384312, 0.59416514, 7.85808293, 3.90259902,\n        5.38181652],\n       [7.4529697 , 1.35384312, 0.59416514, 7.85808293, 3.90259902,\n        5.38181652]]), array([0.29247403, 0.29247403, 0.29247403, 0.29247403, 0.29247403,\n       0.29247403, 0.29247403]))", "callback": [0.6427038903778035, 0.5216840628439701, 0.5211081144422327, 0.4655958825500971, 0.3692227704755725, 0.36152140416654055, 0.35715063853434126, 0.35502951402972716, 0.34605226001715683, 0.3281729415484841, 0.3129705119332936, 0.30531453321268076, 0.30105430964461577, 0.2991208426624322, 0.2950945540720711, 0.2932989957056753, 0.2927345456889263, 0.29267478719324436, 0.2925530454331743, 0.2925415259444123, 0.2925164758363695, 0.29249334163962315, 0.29248193094966757, 0.2924770635138678, 0.29247489986498254, 0.2924744211878548, 0.2924741553655563, 0.2924740902256845, 0.2924740484341827, 0.2924740394004943, 0.2924740342749955, 0.2924740340394233, 0.2924740322538598, 0.2924740308006224, 0.29247403012395357, 0.2924740300461691, 0.29247402996464456, 0.292474029942687, 0.29247402993401195, 0.29247402993222327, 0.29247402993132254, 0.29247402993118576, 0.29247402993112626, 0.2924740299311074, 0.29247402993110416, 0.2924740299311027, 0.2924740299311027, 0.2924740299311024, 0.2924740299311024]}}, "bfgs": {"type": "gradient", "0": {"maxiter": 100, "gtol": 1e-05, "xrtol": 1e-05, "eps": 1e-05, "duration": 0.06077122688293457, "fun": "0.2924740300325652", "jac": "[-3.32922578e-07 -1.30381261e-06  2.24615881e-06  9.27979915e-07\n  1.32533984e-06 -5.54689628e-06]", "hess_inv": "[[ 5.28285409e+00 -9.60504636e-01  6.15992298e-01  1.93251810e+00\n  -1.12419561e+00 -1.46281793e-01]\n [-9.60504636e-01  4.07741910e+00 -1.56489702e+00 -3.53634763e-01\n  -2.38681571e-01  3.69538892e-01]\n [ 6.15992298e-01 -1.56489702e+00  3.60211206e+00  9.69507064e-01\n  -3.02346528e-01  1.70398502e-03]\n [ 1.93251810e+00 -3.53634763e-01  9.69507064e-01  4.76530814e+00\n  -3.85970419e-01 -2.34192338e-01]\n [-1.12419561e+00 -2.38681571e-01 -3.02346528e-01 -3.85970419e-01\n   3.83887564e+00 -5.80440107e-01]\n [-1.46281793e-01  3.69538892e-01  1.70398502e-03 -2.34192338e-01\n  -5.80440107e-01  2.94989484e+00]]", "nfev": "259", "njev": "37", "status": "0", "success": "True", "message": "Optimization terminated successfully.", "x": "[7.45296916 1.35382945 0.59417047 7.85808274 3.90259965 5.38179448]", "nit": "34", "callback": [0.6308416691627263, 0.5303648431421315, 0.5183872314309443, 0.5074472572494315, 0.5059387639547832, 0.5055756967803424, 0.5049665027517305, 0.5039393806296144, 0.5021328414926434, 0.4986811242529564, 0.4936902158142231, 0.4896933083389424, 0.4821635590483805, 0.46810897908944016, 0.44408731883042707, 0.4167871146661982, 0.4121076772473299, 0.4099205475238791, 0.40845095276292886, 0.4069972751917793, 0.39382476524629784, 0.38603349171452206, 0.37490553854556896, 0.3557438246198351, 0.3247371685883803, 0.2945065827886225, 0.29284062962939605, 0.2926647111767918, 0.2924793200015806, 0.2924753756352244, 0.29247432510551274, 0.2924741037663311, 0.29247403248872395, 0.2924740300325652]}, "1": {"maxiter": 100, "gtol": 1e-05, "xrtol": 1e-05, "eps": 1e-10, "duration": 0.061537981033325195, "fun": "0.2924740299640449", "jac": "[ 1.11022293e-06  0.00000000e+00  1.11022293e-06 -1.11022293e-06\n -3.33066880e-06  0.00000000e+00]", "hess_inv": "[[ 5.06632116 -1.01907193  0.71420039  1.72857488 -0.93475506 -0.21491756]\n [-1.01907193  4.4458895  -1.60826698 -0.39489088 -0.04175114  0.80786306]\n [ 0.71420039 -1.60826698  3.55251768  1.02789818 -0.32623825 -0.13215662]\n [ 1.72857488 -0.39489088  1.02789818  4.58003687 -0.03225454 -0.41810365]\n [-0.93475506 -0.04175114 -0.32623825 -0.03225454  3.4494196  -0.10955214]\n [-0.21491756  0.80786306 -0.13215662 -0.41810365 -0.10955214  3.24583378]]", "nfev": "266", "njev": "38", "status": "0", "success": "True", "message": "Optimization terminated successfully.", "x": "[7.45297831 1.3538487  0.59416931 7.858088   3.90259558 5.38182528]", "nit": "35", "callback": [0.6308411183220914, 0.5303652785322432, 0.518387499555581, 0.5074475417375695, 0.5059387279567404, 0.5055755643204374, 0.5049663053313269, 0.5039389798943368, 0.502131386563395, 0.49867879358909006, 0.49368556577144806, 0.48968251916335126, 0.4821409845877601, 0.4680642541166268, 0.44400697470689077, 0.41672213690658244, 0.41208999871386565, 0.4099143229615845, 0.4084485989815769, 0.4069850360660986, 0.3937460073320018, 0.38608841275677375, 0.37486642878523646, 0.35555621207758104, 0.32438912812796616, 0.29451823201381966, 0.2928151714209307, 0.2926665497286728, 0.2924872785123719, 0.29247587499560923, 0.29247467446308395, 0.29247410186609757, 0.29247403708278397, 0.29247403030004415, 0.2924740299640449]}, "2": {"maxiter": 100, "gtol": 1e-05, "xrtol": 1e-10, "eps": 1e-05, "duration": 0.06083202362060547, "fun": "0.2924740300325652", "jac": "[-3.32922578e-07 -1.30381261e-06  2.24615881e-06  9.27979915e-07\n  1.32533984e-06 -5.54689628e-06]", "hess_inv": "[[ 5.28285409e+00 -9.60504636e-01  6.15992298e-01  1.93251810e+00\n  -1.12419561e+00 -1.46281793e-01]\n [-9.60504636e-01  4.07741910e+00 -1.56489702e+00 -3.53634763e-01\n  -2.38681571e-01  3.69538892e-01]\n [ 6.15992298e-01 -1.56489702e+00  3.60211206e+00  9.69507064e-01\n  -3.02346528e-01  1.70398502e-03]\n [ 1.93251810e+00 -3.53634763e-01  9.69507064e-01  4.76530814e+00\n  -3.85970419e-01 -2.34192338e-01]\n [-1.12419561e+00 -2.38681571e-01 -3.02346528e-01 -3.85970419e-01\n   3.83887564e+00 -5.80440107e-01]\n [-1.46281793e-01  3.69538892e-01  1.70398502e-03 -2.34192338e-01\n  -5.80440107e-01  2.94989484e+00]]", "nfev": "259", "njev": "37", "status": "0", "success": "True", "message": "Optimization terminated successfully.", "x": "[7.45296916 1.35382945 0.59417047 7.85808274 3.90259965 5.38179448]", "nit": "34", "callback": [0.6308416691627263, 0.5303648431421315, 0.5183872314309443, 0.5074472572494315, 0.5059387639547832, 0.5055756967803424, 0.5049665027517305, 0.5039393806296144, 0.5021328414926434, 0.4986811242529564, 0.4936902158142231, 0.4896933083389424, 0.4821635590483805, 0.46810897908944016, 0.44408731883042707, 0.4167871146661982, 0.4121076772473299, 0.4099205475238791, 0.40845095276292886, 0.4069972751917793, 0.39382476524629784, 0.38603349171452206, 0.37490553854556896, 0.3557438246198351, 0.3247371685883803, 0.2945065827886225, 0.29284062962939605, 0.2926647111767918, 0.2924793200015806, 0.2924753756352244, 0.29247432510551274, 0.2924741037663311, 0.29247403248872395, 0.2924740300325652]}, "3": {"maxiter": 100, "gtol": 1e-05, "xrtol": 1e-10, "eps": 1e-10, "duration": 0.06234121322631836, "fun": "0.2924740299640449", "jac": "[ 1.11022293e-06  0.00000000e+00  1.11022293e-06 -1.11022293e-06\n -3.33066880e-06  0.00000000e+00]", "hess_inv": "[[ 5.06632116 -1.01907193  0.71420039  1.72857488 -0.93475506 -0.21491756]\n [-1.01907193  4.4458895  -1.60826698 -0.39489088 -0.04175114  0.80786306]\n [ 0.71420039 -1.60826698  3.55251768  1.02789818 -0.32623825 -0.13215662]\n [ 1.72857488 -0.39489088  1.02789818  4.58003687 -0.03225454 -0.41810365]\n [-0.93475506 -0.04175114 -0.32623825 -0.03225454  3.4494196  -0.10955214]\n [-0.21491756  0.80786306 -0.13215662 -0.41810365 -0.10955214  3.24583378]]", "nfev": "266", "njev": "38", "status": "0", "success": "True", "message": "Optimization terminated successfully.", "x": "[7.45297831 1.3538487  0.59416931 7.858088   3.90259558 5.38182528]", "nit": "35", "callback": [0.6308411183220914, 0.5303652785322432, 0.518387499555581, 0.5074475417375695, 0.5059387279567404, 0.5055755643204374, 0.5049663053313269, 0.5039389798943368, 0.502131386563395, 0.49867879358909006, 0.49368556577144806, 0.48968251916335126, 0.4821409845877601, 0.4680642541166268, 0.44400697470689077, 0.41672213690658244, 0.41208999871386565, 0.4099143229615845, 0.4084485989815769, 0.4069850360660986, 0.3937460073320018, 0.38608841275677375, 0.37486642878523646, 0.35555621207758104, 0.32438912812796616, 0.29451823201381966, 0.2928151714209307, 0.2926665497286728, 0.2924872785123719, 0.29247587499560923, 0.29247467446308395, 0.29247410186609757, 0.29247403708278397, 0.29247403030004415, 0.2924740299640449]}, "4": {"maxiter": 100, "gtol": 1e-10, "xrtol": 1e-05, "eps": 1e-05, "duration": 0.059980154037475586, "fun": "0.2924740300325652", "jac": "[-3.32922578e-07 -1.30381261e-06  2.24615881e-06  9.27979915e-07\n  1.32533984e-06 -5.54689628e-06]", "hess_inv": "[[ 5.28285409e+00 -9.60504636e-01  6.15992298e-01  1.93251810e+00\n  -1.12419561e+00 -1.46281793e-01]\n [-9.60504636e-01  4.07741910e+00 -1.56489702e+00 -3.53634763e-01\n  -2.38681571e-01  3.69538892e-01]\n [ 6.15992298e-01 -1.56489702e+00  3.60211206e+00  9.69507064e-01\n  -3.02346528e-01  1.70398502e-03]\n [ 1.93251810e+00 -3.53634763e-01  9.69507064e-01  4.76530814e+00\n  -3.85970419e-01 -2.34192338e-01]\n [-1.12419561e+00 -2.38681571e-01 -3.02346528e-01 -3.85970419e-01\n   3.83887564e+00 -5.80440107e-01]\n [-1.46281793e-01  3.69538892e-01  1.70398502e-03 -2.34192338e-01\n  -5.80440107e-01  2.94989484e+00]]", "nfev": "259", "njev": "37", "status": "0", "success": "True", "message": "Optimization terminated successfully.", "x": "[7.45296916 1.35382945 0.59417047 7.85808274 3.90259965 5.38179448]", "nit": "34", "callback": [0.6308416691627263, 0.5303648431421315, 0.5183872314309443, 0.5074472572494315, 0.5059387639547832, 0.5055756967803424, 0.5049665027517305, 0.5039393806296144, 0.5021328414926434, 0.4986811242529564, 0.4936902158142231, 0.4896933083389424, 0.4821635590483805, 0.46810897908944016, 0.44408731883042707, 0.4167871146661982, 0.4121076772473299, 0.4099205475238791, 0.40845095276292886, 0.4069972751917793, 0.39382476524629784, 0.38603349171452206, 0.37490553854556896, 0.3557438246198351, 0.3247371685883803, 0.2945065827886225, 0.29284062962939605, 0.2926647111767918, 0.2924793200015806, 0.2924753756352244, 0.29247432510551274, 0.2924741037663311, 0.29247403248872395, 0.2924740300325652]}, "5": {"maxiter": 100, "gtol": 1e-10, "xrtol": 1e-05, "eps": 1e-10, "duration": 0.062016963958740234, "fun": "0.2924740299640449", "jac": "[ 1.11022293e-06  0.00000000e+00  1.11022293e-06 -1.11022293e-06\n -3.33066880e-06  0.00000000e+00]", "hess_inv": "[[ 5.06632116 -1.01907193  0.71420039  1.72857488 -0.93475506 -0.21491756]\n [-1.01907193  4.4458895  -1.60826698 -0.39489088 -0.04175114  0.80786306]\n [ 0.71420039 -1.60826698  3.55251768  1.02789818 -0.32623825 -0.13215662]\n [ 1.72857488 -0.39489088  1.02789818  4.58003687 -0.03225454 -0.41810365]\n [-0.93475506 -0.04175114 -0.32623825 -0.03225454  3.4494196  -0.10955214]\n [-0.21491756  0.80786306 -0.13215662 -0.41810365 -0.10955214  3.24583378]]", "nfev": "266", "njev": "38", "status": "0", "success": "True", "message": "Optimization terminated successfully.", "x": "[7.45297831 1.3538487  0.59416931 7.858088   3.90259558 5.38182528]", "nit": "35", "callback": [0.6308411183220914, 0.5303652785322432, 0.518387499555581, 0.5074475417375695, 0.5059387279567404, 0.5055755643204374, 0.5049663053313269, 0.5039389798943368, 0.502131386563395, 0.49867879358909006, 0.49368556577144806, 0.48968251916335126, 0.4821409845877601, 0.4680642541166268, 0.44400697470689077, 0.41672213690658244, 0.41208999871386565, 0.4099143229615845, 0.4084485989815769, 0.4069850360660986, 0.3937460073320018, 0.38608841275677375, 0.37486642878523646, 0.35555621207758104, 0.32438912812796616, 0.29451823201381966, 0.2928151714209307, 0.2926665497286728, 0.2924872785123719, 0.29247587499560923, 0.29247467446308395, 0.29247410186609757, 0.29247403708278397, 0.29247403030004415, 0.2924740299640449]}, "6": {"maxiter": 100, "gtol": 1e-10, "xrtol": 1e-10, "eps": 1e-05, "duration": 0.11641407012939453, "fun": "0.2924740299471088", "jac": "[ 4.88453722e-07  5.15365528e-07  1.31872291e-07 -7.29749594e-08\n -2.36632935e-07  6.85185242e-07]", "hess_inv": "[[ 5.43333325 -1.25591186  0.87417696  2.14440068 -1.06624895 -0.59130485]\n [-1.25591186  4.14304808 -1.62589668 -0.48384048  0.08077568  0.43099918]\n [ 0.87417696 -1.62589668  3.63301698  1.07216444 -0.6180828  -0.04383594]\n [ 2.14440068 -0.48384048  1.07216444  4.89810935 -0.56546687 -0.40238893]\n [-1.06624895  0.08077568 -0.6180828  -0.56546687  3.43493416 -0.04610647]\n [-0.59130485  0.43099918 -0.04383594 -0.40238893 -0.04610647  2.97582324]]", "nfev": "508", "njev": "71", "status": "2", "success": "False", "message": "Desired error not necessarily achieved due to precision loss.", "x": "[7.45296533 1.35384244 0.59416017 7.85807483 3.90259514 5.3818139 ]", "nit": "35", "callback": [0.6308416691627263, 0.5303648431421315, 0.5183872314309443, 0.5074472572494315, 0.5059387639547832, 0.5055756967803424, 0.5049665027517305, 0.5039393806296144, 0.5021328414926434, 0.4986811242529564, 0.4936902158142231, 0.4896933083389424, 0.4821635590483805, 0.46810897908944016, 0.44408731883042707, 0.4167871146661982, 0.4121076772473299, 0.4099205475238791, 0.40845095276292886, 0.4069972751917793, 0.39382476524629784, 0.38603349171452206, 0.37490553854556896, 0.3557438246198351, 0.3247371685883803, 0.2945065827886225, 0.29284062962939605, 0.2926647111767918, 0.2924793200015806, 0.2924753756352244, 0.29247432510551274, 0.2924741037663311, 0.29247403248872395, 0.2924740300325652, 0.2924740299471088]}, "7": {"maxiter": 100, "gtol": 1e-10, "xrtol": 1e-10, "eps": 1e-10, "duration": 0.08846902847290039, "fun": "0.29247402996063443", "jac": "[3.33066880e-06 3.33066880e-06 2.22044587e-06 2.22044587e-06\n 0.00000000e+00 3.33066880e-06]", "hess_inv": "[[ 2.11967382 -2.04618941  0.11819824 -0.39855323  0.31975043 -0.0605261 ]\n [-2.04618941  2.49264747 -0.89557077  0.25614177 -0.68121268  0.30914015]\n [ 0.11819824 -0.89557077  2.62470744 -0.59607597  0.46580176 -0.62389806]\n [-0.39855323  0.25614177 -0.59607597  1.08601027 -0.12251288 -0.07309021]\n [ 0.31975043 -0.68121268  0.46580176 -0.12251288  0.642806   -0.21516668]\n [-0.0605261   0.30914015 -0.62389806 -0.07309021 -0.21516668  0.25019331]]", "nfev": "385", "njev": "55", "status": "0", "success": "True", "message": "Optimization terminated successfully.", "x": "[7.452977   1.3538484  0.59416888 7.85809103 3.90259774 5.38182461]", "nit": "40", "callback": [0.6308411183220914, 0.5303652785322432, 0.518387499555581, 0.5074475417375695, 0.5059387279567404, 0.5055755643204374, 0.5049663053313269, 0.5039389798943368, 0.502131386563395, 0.49867879358909006, 0.49368556577144806, 0.48968251916335126, 0.4821409845877601, 0.4680642541166268, 0.44400697470689077, 0.41672213690658244, 0.41208999871386565, 0.4099143229615845, 0.4084485989815769, 0.4069850360660986, 0.3937460073320018, 0.38608841275677375, 0.37486642878523646, 0.35555621207758104, 0.32438912812796616, 0.29451823201381966, 0.2928151714209307, 0.2926665497286728, 0.2924872785123719, 0.29247587499560923, 0.29247467446308395, 0.29247410186609757, 0.29247403708278397, 0.29247403030004415, 0.2924740299640449, 0.2924740299637413, 0.2924740299633114, 0.2924740299627948, 0.29247402996063443, 0.29247402996063443]}, "8": {"maxiter": 500, "gtol": 1e-05, "xrtol": 1e-05, "eps": 1e-05, "duration": 0.05972695350646973, "fun": "0.2924740300325652", "jac": "[-3.32922578e-07 -1.30381261e-06  2.24615881e-06  9.27979915e-07\n  1.32533984e-06 -5.54689628e-06]", "hess_inv": "[[ 5.28285409e+00 -9.60504636e-01  6.15992298e-01  1.93251810e+00\n  -1.12419561e+00 -1.46281793e-01]\n [-9.60504636e-01  4.07741910e+00 -1.56489702e+00 -3.53634763e-01\n  -2.38681571e-01  3.69538892e-01]\n [ 6.15992298e-01 -1.56489702e+00  3.60211206e+00  9.69507064e-01\n  -3.02346528e-01  1.70398502e-03]\n [ 1.93251810e+00 -3.53634763e-01  9.69507064e-01  4.76530814e+00\n  -3.85970419e-01 -2.34192338e-01]\n [-1.12419561e+00 -2.38681571e-01 -3.02346528e-01 -3.85970419e-01\n   3.83887564e+00 -5.80440107e-01]\n [-1.46281793e-01  3.69538892e-01  1.70398502e-03 -2.34192338e-01\n  -5.80440107e-01  2.94989484e+00]]", "nfev": "259", "njev": "37", "status": "0", "success": "True", "message": "Optimization terminated successfully.", "x": "[7.45296916 1.35382945 0.59417047 7.85808274 3.90259965 5.38179448]", "nit": "34", "callback": [0.6308416691627263, 0.5303648431421315, 0.5183872314309443, 0.5074472572494315, 0.5059387639547832, 0.5055756967803424, 0.5049665027517305, 0.5039393806296144, 0.5021328414926434, 0.4986811242529564, 0.4936902158142231, 0.4896933083389424, 0.4821635590483805, 0.46810897908944016, 0.44408731883042707, 0.4167871146661982, 0.4121076772473299, 0.4099205475238791, 0.40845095276292886, 0.4069972751917793, 0.39382476524629784, 0.38603349171452206, 0.37490553854556896, 0.3557438246198351, 0.3247371685883803, 0.2945065827886225, 0.29284062962939605, 0.2926647111767918, 0.2924793200015806, 0.2924753756352244, 0.29247432510551274, 0.2924741037663311, 0.29247403248872395, 0.2924740300325652]}, "9": {"maxiter": 500, "gtol": 1e-05, "xrtol": 1e-05, "eps": 1e-10, "duration": 0.06068825721740723, "fun": "0.2924740299640449", "jac": "[ 1.11022293e-06  0.00000000e+00  1.11022293e-06 -1.11022293e-06\n -3.33066880e-06  0.00000000e+00]", "hess_inv": "[[ 5.06632116 -1.01907193  0.71420039  1.72857488 -0.93475506 -0.21491756]\n [-1.01907193  4.4458895  -1.60826698 -0.39489088 -0.04175114  0.80786306]\n [ 0.71420039 -1.60826698  3.55251768  1.02789818 -0.32623825 -0.13215662]\n [ 1.72857488 -0.39489088  1.02789818  4.58003687 -0.03225454 -0.41810365]\n [-0.93475506 -0.04175114 -0.32623825 -0.03225454  3.4494196  -0.10955214]\n [-0.21491756  0.80786306 -0.13215662 -0.41810365 -0.10955214  3.24583378]]", "nfev": "266", "njev": "38", "status": "0", "success": "True", "message": "Optimization terminated successfully.", "x": "[7.45297831 1.3538487  0.59416931 7.858088   3.90259558 5.38182528]", "nit": "35", "callback": [0.6308411183220914, 0.5303652785322432, 0.518387499555581, 0.5074475417375695, 0.5059387279567404, 0.5055755643204374, 0.5049663053313269, 0.5039389798943368, 0.502131386563395, 0.49867879358909006, 0.49368556577144806, 0.48968251916335126, 0.4821409845877601, 0.4680642541166268, 0.44400697470689077, 0.41672213690658244, 0.41208999871386565, 0.4099143229615845, 0.4084485989815769, 0.4069850360660986, 0.3937460073320018, 0.38608841275677375, 0.37486642878523646, 0.35555621207758104, 0.32438912812796616, 0.29451823201381966, 0.2928151714209307, 0.2926665497286728, 0.2924872785123719, 0.29247587499560923, 0.29247467446308395, 0.29247410186609757, 0.29247403708278397, 0.29247403030004415, 0.2924740299640449]}, "10": {"maxiter": 500, "gtol": 1e-05, "xrtol": 1e-10, "eps": 1e-05, "duration": 0.05803108215332031, "fun": "