{"date": "2024/09/25/, 08:18:23", "conf_id": 180, "data_type": "non_lin_ind\n", "num_data_points": 2, "s_rank": 0, "unitary": "[[-0.45070455-0.02711853j,0.78437395-0.06613086j,0.06358678+0.19963393j,-0.07343613+0.35668523j],[-0.01890143-0.03813363j,0.32408202+0.25557629j,0.05872864-0.68979805j,0.55466693-0.20227297j],[-0.11215405+0.64023111j,-0.13344055+0.29565494j,-0.49012687-0.19046288j,-0.04241254+0.44046348j],[0.55771659+0.24656916j,0.31851997-0.05798805j,0.28761525-0.34294258j,-0.56718418+0.03616933j]]", "databatch_0": {"databatch": "[[[-0.00978856-1.42995065e-01j,0.13589573+7.91928677e-02j,-0.07723209-1.43689494e-01j,0.09949446+8.57329603e-02j],[-0.17653585+3.78286625e-01j,-0.23481134-3.93345990e-01j,-0.00560095+4.75087864e-01j,-0.13280931-3.58725553e-01j],[0.17715627-2.56075860e-02j,-0.08586901+1.76664722e-01j,0.17169261-1.09661583e-01j,-0.09742917+1.31947142e-01j],[0.04808009-3.59555601e-02j,0.00303776+6.58137258e-02j,0.03299015-5.98400770e-02j,-0.00753938+5.44947451e-02j]],[[0.0894198-1.37332380e-01j,-0.07601759+1.83977739e-01j,0.04697614+9.19343245e-02j,-0.07645262-7.84670148e-02j],[-0.42143872+2.24063138e-01j,0.45300206-3.61846400e-01j,0.00979779-3.00531990e-01j,0.08431376+3.07737615e-01j],[0.17941344+9.84700180e-02j,-0.23624432-7.74030800e-02j,-0.11007982+6.71268634e-02j,0.09054283-1.02570860e-01j],[0.06864438+2.33428498e-04j,-0.08200703+1.50869489e-02j,-0.0216618+3.74287685e-02j,0.01022211-4.47366095e-02j]]]", "initial param values": "[3.36568265,2.21429694,0.87293001,0.17455416,2.57206214,2.46098107]", "nelder_mead": {"type": "gradient-free", "0": {"maxiter": 100, "fatol": 1e-05, "xatol": 1e-05, "duration": 0.04752302169799805, "fun": "0.5302867534359554", "nit": "100", "nfev": "161", "status": "2", "success": "False", "message": "Maximum number of iterations has been exceeded.", "x": "[ 2.15326348  3.12832528  2.52842883 -0.11592708 -0.98144894  3.37758622]", "final_simplex": "(array([[ 2.15326348,  3.12832528,  2.52842883, -0.11592708, -0.98144894,\n         3.37758622],\n       [ 2.31684383,  3.03726616,  2.65676947, -0.15974347, -1.10995296,\n         3.55764262],\n       [ 2.17670635,  3.3325268 ,  2.7297366 , -0.19266127, -1.30187809,\n         3.61982023],\n       [ 2.38333406,  3.07851557,  2.48871088, -0.11980673, -0.95936059,\n         3.41707406],\n       [ 2.125283  ,  3.37157513,  2.67717958, -0.16932639, -1.32739671,\n         3.57007301],\n       [ 2.10062631,  3.37131625,  2.79538062, -0.21249695, -1.32961886,\n         3.69307297],\n       [ 2.0507985 ,  3.42142234,  2.73942775, -0.17337983, -1.38523359,\n         3.45873475]]), array([0.53028675, 0.53068358, 0.5307931 , 0.5307992 , 0.53228577,\n       0.53232093, 0.53369994]))", "callback": [0.9692929129907457, 0.8520965307942171, 0.7097496004618509, 0.6595841795668496, 0.6456923768798779, 0.6234852546843872, 0.6086187217239258, 0.5936610133555208, 0.5433407920175388, 0.5322857707412036]}, "1": {"maxiter": 100, "fatol": 1e-05, "xatol": 1e-10, "duration": 0.04179191589355469, "fun": "0.5302867534359554", "nit": "100", "nfev": "161", "status": "2", "success": "False", "message": "Maximum number of iterations has been exceeded.", "x": "[ 2.15326348  3.12832528  2.52842883 -0.11592708 -0.98144894  3.37758622]", "final_simplex": "(array([[ 2.15326348,  3.12832528,  2.52842883, -0.11592708, -0.98144894,\n         3.37758622],\n       [ 2.31684383,  3.03726616,  2.65676947, -0.15974347, -1.10995296,\n         3.55764262],\n       [ 2.17670635,  3.3325268 ,  2.7297366 , -0.19266127, -1.30187809,\n         3.61982023],\n       [ 2.38333406,  3.07851557,  2.48871088, -0.11980673, -0.95936059,\n         3.41707406],\n       [ 2.125283  ,  3.37157513,  2.67717958, -0.16932639, -1.32739671,\n         3.57007301],\n       [ 2.10062631,  3.37131625,  2.79538062, -0.21249695, -1.32961886,\n         3.69307297],\n       [ 2.0507985 ,  3.42142234,  2.73942775, -0.17337983, -1.38523359,\n         3.45873475]]), array([0.53028675, 0.53068358, 0.5307931 , 0.5307992 , 0.53228577,\n       0.53232093, 0.53369994]))", "callback": [0.9692929129907457, 0.8520965307942171, 0.7097496004618509, 0.6595841795668496, 0.6456923768798779, 0.6234852546843872, 0.6086187217239258, 0.5936610133555208, 0.5433407920175388, 0.5322857707412036]}, "2": {"maxiter": 100, "fatol": 1e-10, "xatol": 1e-05, "duration": 0.03885912895202637, "fun": "0.5302867534359554", "nit": "100", "nfev": "161", "status": "2", "success": "False", "message": "Maximum number of iterations has been exceeded.", "x": "[ 2.15326348  3.12832528  2.52842883 -0.11592708 -0.98144894  3.37758622]", "final_simplex": "(array([[ 2.15326348,  3.12832528,  2.52842883, -0.11592708, -0.98144894,\n         3.37758622],\n       [ 2.31684383,  3.03726616,  2.65676947, -0.15974347, -1.10995296,\n         3.55764262],\n       [ 2.17670635,  3.3325268 ,  2.7297366 , -0.19266127, -1.30187809,\n         3.61982023],\n       [ 2.38333406,  3.07851557,  2.48871088, -0.11980673, -0.95936059,\n         3.41707406],\n       [ 2.125283  ,  3.37157513,  2.67717958, -0.16932639, -1.32739671,\n         3.57007301],\n       [ 2.10062631,  3.37131625,  2.79538062, -0.21249695, -1.32961886,\n         3.69307297],\n       [ 2.0507985 ,  3.42142234,  2.73942775, -0.17337983, -1.38523359,\n         3.45873475]]), array([0.53028675, 0.53068358, 0.5307931 , 0.5307992 , 0.53228577,\n       0.53232093, 0.53369994]))", "callback": [0.9692929129907457, 0.8520965307942171, 0.7097496004618509, 0.6595841795668496, 0.6456923768798779, 0.6234852546843872, 0.6086187217239258, 0.5936610133555208, 0.5433407920175388, 0.5322857707412036]}, "3": {"maxiter": 100, "fatol": 1e-10, "xatol": 1e-10, "duration": 0.0374760627746582, "fun": "0.5302867534359554", "nit": "100", "nfev": "161", "status": "2", "success": "False", "message": "Maximum number of iterations has been exceeded.", "x": "[ 2.15326348  3.12832528  2.52842883 -0.11592708 -0.98144894  3.37758622]", "final_simplex": "(array([[ 2.15326348,  3.12832528,  2.52842883, -0.11592708, -0.98144894,\n         3.37758622],\n       [ 2.31684383,  3.03726616,  2.65676947, -0.15974347, -1.10995296,\n         3.55764262],\n       [ 2.17670635,  3.3325268 ,  2.7297366 , -0.19266127, -1.30187809,\n         3.61982023],\n       [ 2.38333406,  3.07851557,  2.48871088, -0.11980673, -0.95936059,\n         3.41707406],\n       [ 2.125283  ,  3.37157513,  2.67717958, -0.16932639, -1.32739671,\n         3.57007301],\n       [ 2.10062631,  3.37131625,  2.79538062, -0.21249695, -1.32961886,\n         3.69307297],\n       [ 2.0507985 ,  3.42142234,  2.73942775, -0.17337983, -1.38523359,\n         3.45873475]]), array([0.53028675, 0.53068358, 0.5307931 , 0.5307992 , 0.53228577,\n       0.53232093, 0.53369994]))", "callback": [0.9692929129907457, 0.8520965307942171, 0.7097496004618509, 0.6595841795668496, 0.6456923768798779, 0.6234852546843872, 0.6086187217239258, 0.5936610133555208, 0.5433407920175388, 0.5322857707412036]}, "4": {"maxiter": 500, "fatol": 1e-05, "xatol": 1e-05, "duration": 0.18164610862731934, "fun": "0.02177107264727285", "nit": "500", "nfev": "793", "status": "2", "success": "False", "message": "Maximum number of iterations has been exceeded.", "x": "[ 0.53922434  1.512735    4.62106834 -3.7351929   1.01029443  5.81037169]", "final_simplex": "(array([[ 0.53922434,  1.512735  ,  4.62106834, -3.7351929 ,  1.01029443,\n         5.81037169],\n       [ 0.53920058,  1.51263887,  4.62105258, -3.73519694,  1.01034986,\n         5.81032492],\n       [ 0.53919006,  1.51276422,  4.6210283 , -3.73517859,  1.01021806,\n         5.81028513],\n       [ 0.53919666,  1.51274148,  4.62111163, -3.73522646,  1.0102727 ,\n         5.8103892 ],\n       [ 0.53917384,  1.51261607,  4.62110521, -3.73514448,  1.01045817,\n         5.81032732],\n       [ 0.53919848,  1.5126929 ,  4.62102674, -3.73516983,  1.01026408,\n         5.81035222],\n       [ 0.53912316,  1.51263374,  4.62102865, -3.73517823,  1.01034132,\n         5.81031177]]), array([0.02177107, 0.02177107, 0.02177107, 0.02177107, 0.02177107,\n       0.02177107, 0.02177107]))", "callback": [0.9692929129907457, 0.8520965307942171, 0.7097496004618509, 0.6595841795668496, 0.6456923768798779, 0.6234852546843872, 0.6086187217239258, 0.5936610133555208, 0.5433407920175388, 0.5322857707412036, 0.5295386074522291, 0.5273003059610774, 0.5257500642719078, 0.5222916187740276, 0.5142292719633528, 0.5094692630280093, 0.5076492027488232, 0.5074332284837835, 0.5072871511421733, 0.5069987521124126, 0.5064362484962064, 0.5031939540823321, 0.4890153054740337, 0.4492328261043149, 0.40506255919468326, 0.3554891049465325, 0.2451590334852196, 0.12441629203511007, 0.09776908344001012, 0.09395565081847435, 0.08951295546424642, 0.08246295066302567, 0.0762657141918347, 0.07406992044254124, 0.07116385218455168, 0.05907016013629973, 0.045262160607808744, 0.03505636170228921, 0.025829484827351812, 0.022797905750977066, 0.021962850455378713, 0.02183840978064866, 0.021788713326237108, 0.021773650957489954, 0.021771760536337892, 0.021771208815124843, 0.021771123380186386, 0.021771093325334223, 0.021771080729030556, 0.02177107264727285]}, "5": {"maxiter": 500, "fatol": 1e-05, "xatol": 1e-10, "duration": 0.18541216850280762, "fun": "0.02177107264727285", "nit": "500", "nfev": "793", "status": "2", "success": "False", "message": "Maximum number of iterations has been exceeded.", "x": "[ 0.53922434  1.512735    4.62106834 -3.7351929   1.01029443  5.81037169]", "final_simplex": "(array([[ 0.53922434,  1.512735  ,  4.62106834, -3.7351929 ,  1.01029443,\n         5.81037169],\n       [ 0.53920058,  1.51263887,  4.62105258, -3.73519694,  1.01034986,\n         5.81032492],\n       [ 0.53919006,  1.51276422,  4.6210283 , -3.73517859,  1.01021806,\n         5.81028513],\n       [ 0.53919666,  1.51274148,  4.62111163, -3.73522646,  1.0102727 ,\n         5.8103892 ],\n       [ 0.53917384,  1.51261607,  4.62110521, -3.73514448,  1.01045817,\n         5.81032732],\n       [ 0.53919848,  1.5126929 ,  4.62102674, -3.73516983,  1.01026408,\n         5.81035222],\n       [ 0.53912316,  1.51263374,  4.62102865, -3.73517823,  1.01034132,\n         5.81031177]]), array([0.02177107, 0.02177107, 0.02177107, 0.02177107, 0.02177107,\n       0.02177107, 0.02177107]))", "callback": [0.9692929129907457, 0.8520965307942171, 0.7097496004618509, 0.6595841795668496, 0.6456923768798779, 0.6234852546843872, 0.6086187217239258, 0.5936610133555208, 0.5433407920175388, 0.5322857707412036, 0.5295386074522291, 0.5273003059610774, 0.5257500642719078, 0.5222916187740276, 0.5142292719633528, 0.5094692630280093, 0.5076492027488232, 0.5074332284837835, 0.5072871511421733, 0.5069987521124126, 0.5064362484962064, 0.5031939540823321, 0.4890153054740337, 0.4492328261043149, 0.40506255919468326, 0.3554891049465325, 0.2451590334852196, 0.12441629203511007, 0.09776908344001012, 0.09395565081847435, 0.08951295546424642, 0.08246295066302567, 0.0762657141918347, 0.07406992044254124, 0.07116385218455168, 0.05907016013629973, 0.045262160607808744, 0.03505636170228921, 0.025829484827351812, 0.022797905750977066, 0.021962850455378713, 0.02183840978064866, 0.021788713326237108, 0.021773650957489954, 0.021771760536337892, 0.021771208815124843, 0.021771123380186386, 0.021771093325334223, 0.021771080729030556, 0.02177107264727285]}, "6": {"maxiter": 500, "fatol": 1e-10, "xatol": 1e-05, "duration": 0.21268773078918457, "fun": "0.02177107264727285", "nit": "500", "nfev": "793", "status": "2", "success": "False", "message": "Maximum number of iterations has been exceeded.", "x": "[ 0.53922434  1.512735    4.62106834 -3.7351929   1.01029443  5.81037169]", "final_simplex": "(array([[ 0.53922434,  1.512735  ,  4.62106834, -3.7351929 ,  1.01029443,\n         5.81037169],\n       [ 0.53920058,  1.51263887,  4.62105258, -3.73519694,  1.01034986,\n         5.81032492],\n       [ 0.53919006,  1.51276422,  4.6210283 , -3.73517859,  1.01021806,\n         5.81028513],\n       [ 0.53919666,  1.51274148,  4.62111163, -3.73522646,  1.0102727 ,\n         5.8103892 ],\n       [ 0.53917384,  1.51261607,  4.62110521, -3.73514448,  1.01045817,\n         5.81032732],\n       [ 0.53919848,  1.5126929 ,  4.62102674, -3.73516983,  1.01026408,\n         5.81035222],\n       [ 0.53912316,  1.51263374,  4.62102865, -3.73517823,  1.01034132,\n         5.81031177]]), array([0.02177107, 0.02177107, 0.02177107, 0.02177107, 0.02177107,\n       0.02177107, 0.02177107]))", "callback": [0.9692929129907457, 0.8520965307942171, 0.7097496004618509, 0.6595841795668496, 0.6456923768798779, 0.6234852546843872, 0.6086187217239258, 0.5936610133555208, 0.5433407920175388, 0.5322857707412036, 0.5295386074522291, 0.5273003059610774, 0.5257500642719078, 0.5222916187740276, 0.5142292719633528, 0.5094692630280093, 0.5076492027488232, 0.5074332284837835, 0.5072871511421733, 0.5069987521124126, 0.5064362484962064, 0.5031939540823321, 0.4890153054740337, 0.4492328261043149, 0.40506255919468326, 0.3554891049465325, 0.2451590334852196, 0.12441629203511007, 0.09776908344001012, 0.09395565081847435, 0.08951295546424642, 0.08246295066302567, 0.0762657141918347, 0.07406992044254124, 0.07116385218455168, 0.05907016013629973, 0.045262160607808744, 0.03505636170228921, 0.025829484827351812, 0.022797905750977066, 0.021962850455378713, 0.02183840978064866, 0.021788713326237108, 0.021773650957489954, 0.021771760536337892, 0.021771208815124843, 0.021771123380186386, 0.021771093325334223, 0.021771080729030556, 0.02177107264727285]}, "7": {"maxiter": 500, "fatol": 1e-10, "xatol": 1e-10, "duration": 0.18681907653808594, "fun": "0.02177107264727285", "nit": "500", "nfev": "793", "status": "2", "success": "False", "message": "Maximum number of iterations has been exceeded.", "x": "[ 0.53922434  1.512735    4.62106834 -3.7351929   1.01029443  5.81037169]", "final_simplex": "(array([[ 0.53922434,  1.512735  ,  4.62106834, -3.7351929 ,  1.01029443,\n         5.81037169],\n       [ 0.53920058,  1.51263887,  4.62105258, -3.73519694,  1.01034986,\n         5.81032492],\n       [ 0.53919006,  1.51276422,  4.6210283 , -3.73517859,  1.01021806,\n         5.81028513],\n       [ 0.53919666,  1.51274148,  4.62111163, -3.73522646,  1.0102727 ,\n         5.8103892 ],\n       [ 0.53917384,  1.51261607,  4.62110521, -3.73514448,  1.01045817,\n         5.81032732],\n       [ 0.53919848,  1.5126929 ,  4.62102674, -3.73516983,  1.01026408,\n         5.81035222],\n       [ 0.53912316,  1.51263374,  4.62102865, -3.73517823,  1.01034132,\n         5.81031177]]), array([0.02177107, 0.02177107, 0.02177107, 0.02177107, 0.02177107,\n       0.02177107, 0.02177107]))", "callback": [0.9692929129907457, 0.8520965307942171, 0.7097496004618509, 0.6595841795668496, 0.6456923768798779, 0.6234852546843872, 0.6086187217239258, 0.5936610133555208, 0.5433407920175388, 0.5322857707412036, 0.5295386074522291, 0.5273003059610774, 0.5257500642719078, 0.5222916187740276, 0.5142292719633528, 0.5094692630280093, 0.5076492027488232, 0.5074332284837835, 0.5072871511421733, 0.5069987521124126, 0.5064362484962064, 0.5031939540823321, 0.4890153054740337, 0.4492328261043149, 0.40506255919468326, 0.3554891049465325, 0.2451590334852196, 0.12441629203511007, 0.09776908344001012, 0.09395565081847435, 0.08951295546424642, 0.08246295066302567, 0.0762657141918347, 0.07406992044254124, 0.07116385218455168, 0.05907016013629973, 0.045262160607808744, 0.03505636170228921, 0.025829484827351812, 0.022797905750977066, 0.021962850455378713, 0.02183840978064866, 0.021788713326237108, 0.021773650957489954, 0.021771760536337892, 0.021771208815124843, 0.021771123380186386, 0.021771093325334223, 0.021771080729030556, 0.02177107264727285]}, "8": {"maxiter": 1000, "fatol": 1e-05, "xatol": 1e-05, "duration": 0.2052600383758545, "fun": "0.021771072024554528", "nit": "538", "nfev": "855", "status": "0", "success": "True", "message": "Optimization terminated successfully.", "x": "[ 0.53920136  1.51269845  4.62106892 -3.73517458  1.01033624  5.81032561]", "final_simplex": "(array([[ 0.53920136,  1.51269845,  4.62106892, -3.73517458,  1.01033624,\n         5.81032561],\n       [ 0.53920206,  1.51269346,  4.62107218, -3.73517417,  1.01034387,\n         5.81033165],\n       [ 0.53920006,  1.51269919,  4.62107001, -3.735177  ,  1.01033283,\n         5.8103289 ],\n       [ 0.53920257,  1.51269167,  4.62107355, -3.73517184,  1.0103453 ,\n         5.81032915],\n       [ 0.53920101,  1.51269316,  4.62106653, -3.73517558,  1.01033786,\n         5.81032385],\n       [ 0.53919755,  1.51269687,  4.62106632, -3.73517363,  1.01033467,\n         5.81032496],\n       [ 0.53920569,  1.51270119,  4.62106836, -3.73517315,  1.01033261,\n         5.81033105]]), array([0.02177107, 0.02177107, 0.02177107, 0.02177107, 0.02177107,\n       0.02177107, 0.02177107]))", "callback": [0.9692929129907457, 0.8520965307942171, 0.7097496004618509, 0.6595841795668496, 0.6456923768798779, 0.6234852546843872, 0.6086187217239258, 0.5936610133555208, 0.5433407920175388, 0.5322857707412036, 0.5295386074522291, 0.5273003059610774, 0.5257500642719078, 0.5222916187740276, 0.5142292719633528, 0.5094692630280093, 0.5076492027488232, 0.5074332284837835, 0.5072871511421733, 0.5069987521124126, 0.5064362484962064, 0.5031939540823321, 0.4890153054740337, 0.4492328261043149, 0.40506255919468326, 0.3554891049465325, 0.2451590334852196, 0.12441629203511007, 0.09776908344001012, 0.09395565081847435, 0.08951295546424642, 0.08246295066302567, 0.0762657141918347, 0.07406992044254124, 0.07116385218455168, 0.05907016013629973, 0.045262160607808744, 0.03505636170228921, 0.025829484827351812, 0.022797905750977066, 0.021962850455378713, 0.02183840978064866, 0.021788713326237108, 0.021773650957489954, 0.021771760536337892, 0.021771208815124843, 0.021771123380186386, 0.021771093325334223, 0.021771080729030556, 0.02177107264727285, 0.02177107264727285, 0.021771072084746046, 0.021771072040390638, 0.021771072026311455]}, "9": {"maxiter": 1000, "fatol": 1e-05, "xatol": 1e-10, "duration": 0.25112318992614746, "fun": "0.02177107202324735", "nit": "633", "nfev": "1068", "status": "0", "success": "True", "message": "Optimization terminated successfully.", "x": "[ 0.53920242  1.51269738  4.62107035 -3.73517302  1.01033808  5.81032886]", "final_simplex": "(array([[ 0.53920242,  1.51269738,  4.62107035, -3.73517302,  1.01033808,\n         5.81032886],\n       [ 0.53920242,  1.51269738,  4.62107035, -3.73517302,  1.01033808,\n         5.81032886],\n       [ 0.53920242,  1.51269738,  4.62107035, -3.73517302,  1.01033808,\n         5.81032886],\n       [ 0.53920242,  1.51269738,  4.62107035, -3.73517302,  1.01033808,\n         5.81032886],\n       [ 0.53920242,  1.51269738,  4.62107035, -3.73517302,  1.01033808,\n         5.81032886],\n       [ 0.53920242,  1.51269738,  4.62107035, -3.73517302,  1.01033808,\n         5.81032886],\n       [ 0.53920242,  1.51269738,  4.62107035, -3.73517302,  1.01033808,\n         5.81032886]]), array([0.02177107, 0.02177107, 0.02177107, 0.02177107, 0.02177107,\n       0.02177107, 0.02177107]))", "callback": [0.9692929129907457, 0.8520965307942171, 0.7097496004618509, 0.6595841795668496, 0.6456923768798779, 0.6234852546843872, 0.6086187217239258, 0.5936610133555208, 0.5433407920175388, 0.5322857707412036, 0.5295386074522291, 0.5273003059610774, 0.5257500642719078, 0.5222916187740276, 0.5142292719633528, 0.5094692630280093, 0.5076492027488232, 0.5074332284837835, 0.5072871511421733, 0.5069987521124126, 0.5064362484962064, 0.5031939540823321, 0.4890153054740337, 0.4492328261043149, 0.40506255919468326, 0.3554891049465325, 0.2451590334852196, 0.12441629203511007, 0.09776908344001012, 0.09395565081847435, 0.08951295546424642, 0.08246295066302567, 0.0762657141918347, 0.07406992044254124, 0.07116385218455168, 0.05907016013629973, 0.045262160607808744, 0.03505636170228921, 0.025829484827351812, 0.022797905750977066, 0.021962850455378713, 0.02183840978064866, 0.021788713326237108, 0.021773650957489954, 0.021771760536337892, 0.021771208815124843, 0.021771123380186386, 0.021771093325334223, 0.021771080729030556, 0.02177107264727285, 0.02177107264727285, 0.021771072084746046, 0.021771072040390638, 0.021771072026311455, 0.021771072024258875, 0.02177107202346118, 0.021771072023280436, 0.02177107202325701, 0.021771072023249127, 0.021771072023248128, 0.021771072023247462, 0.02177107202324735, 0.02177107202324735, 0.02177107202324735]}, "10": {"maxiter": 1000, "fatol": 1e-10, "xatol": 1e-05, "duration": 0.19982624053955078, "fun": "0.021771072024554528", "nit": "538", "nfev": "855", "status": "0", "success": "True", "message": "Optimization terminated successfully.", "x": "[ 0.53920136  1.51269845  4.62106892 -3.73517458  1.01033624  5.81032561]", "final_simplex": "(array([[ 0.53920136,  1.51269845,  4.62106892, -3.73517458,  1.01033624,\n         5.81032561],\n       [ 0.53920206,  1.51269346,  4.62107218, -3.73517417,  1.01034387,\n         5.81033165],\n       [ 0.53920006,  1.51269919,  4.62107001, -3.735177  ,  1.01033283,\n         5.8103289 ],\n       [ 0.53920257,  1.51269167,  4.62107355, -3.73517184,  1.0103453 ,\n         5.81032915],\n       [ 0.53920101,  1.51269316,  4.62106653, -3.73517558,  1.01033786,\n         5.81032385],\n       [ 0.53919755,  1.51269687,  4.62106632, -3.73517363,  1.01033467,\n         5.81032496],\n       [ 0.53920569,  1.51270119,  4.62106836, -3.73517315,  1.01033261,\n         5.81033105]]), array([0.02177107, 0.02177107, 0.02177107, 0.02177107, 0.02177107,\n       0.02177107, 0.02177107]))", "callback": [0.9692929129907457, 0.8520965307942171, 0.7097496004618509, 0.6595841795668496, 0.6456923768798779, 0.6234852546843872, 0.6086187217239258, 0.5936610133555208, 0.5433407920175388, 0.5322857707412036, 0.5295386074522291, 0.5273003059610774, 0.5257500642719078, 0.5222916187740276, 0.5142292719633528, 0.5094692630280093, 0.5076492027488232, 0.5074332284837835, 0.5072871511421733, 0.5069987521124126, 0.5064362484962064, 0.5031939540823321, 0.4890153054740337, 0.4492328261043149, 0.40506255919468326, 0.3554891049465325, 0.2451590334852196, 0.12441629203511007, 0.09776908344001012, 0.09395565081847435, 0.08951295546424642, 0.08246295066302567, 0.0762657141918347, 0.07406992044254124, 0.07116385218455168, 0.05907016013629973, 0.045262160607808744, 0.03505636170228921, 0.025829484827351812, 0.022797905750977066, 0.021962850455378713, 0.02183840978064866, 0.021788713326237108, 0.021773650957489954, 0.021771760536337892, 0.021771208815124843, 0.021771123380186386, 0.021771093325334223, 0.021771080729030556, 0.02177107264727285, 0.02177107264727285, 0.021771072084746046, 0.021771072040390638, 0.021771072026311455]}, "11": {"maxiter": 1000, "fatol": 1e-10, "xatol": 1e-10, "duration": 0.2475900650024414, "fun": "0.02177107202324735", "nit": "633", "nfev": "1068", "status": "0", "success": "True", "message": "Optimization terminated successfully.", "x": "[ 0.53920242  1.51269738  4.62107035 -3.73517302  1.01033808  5.81032886]", "final_simplex": "(array([[ 0.53920242,  1.51269738,  4.62107035, -3.73517302,  1.01033808,\n         5.81032886],\n       [ 0.53920242,  1.51269738,  4.62107035, -3.73517302,  1.01033808,\n         5.81032886],\n       [ 0.53920242,  1.51269738,  4.62107035, -3.73517302,  1.01033808,\n         5.81032886],\n       [ 0.53920242,  1.51269738,  4.62107035, -3.73517302,  1.01033808,\n         5.81032886],\n       [ 0.53920242,  1.51269738,  4.62107035, -3.73517302,  1.01033808,\n         5.81032886],\n       [ 0.53920242,  1.51269738,  4.62107035, -3.73517302,  1.01033808,\n         5.81032886],\n       [ 0.53920242,  1.51269738,  4.62107035, -3.73517302,  1.01033808,\n         5.81032886]]), array([0.02177107, 0.02177107, 0.02177107, 0.02177107, 0.02177107,\n       0.02177107, 0.02177107]))", "callback": [0.9692929129907457, 0.8520965307942171, 0.7097496004618509, 0.6595841795668496, 0.6456923768798779, 0.6234852546843872, 0.6086187217239258, 0.5936610133555208, 0.5433407920175388, 0.5322857707412036, 0.5295386074522291, 0.5273003059610774, 0.5257500642719078, 0.5222916187740276, 0.5142292719633528, 0.5094692630280093, 0.5076492027488232, 0.5074332284837835, 0.5072871511421733, 0.5069987521124126, 0.5064362484962064, 0.5031939540823321, 0.4890153054740337, 0.4492328261043149, 0.40506255919468326, 0.3554891049465325, 0.2451590334852196, 0.12441629203511007, 0.09776908344001012, 0.09395565081847435, 0.08951295546424642, 0.08246295066302567, 0.0762657141918347, 0.07406992044254124, 0.07116385218455168, 0.05907016013629973, 0.045262160607808744, 0.03505636170228921, 0.025829484827351812, 0.022797905750977066, 0.021962850455378713, 0.02183840978064866, 0.021788713326237108, 0.021773650957489954, 0.021771760536337892, 0.021771208815124843, 0.021771123380186386, 0.021771093325334223, 0.021771080729030556, 0.02177107264727285, 0.02177107264727285, 0.021771072084746046, 0.021771072040390638, 0.021771072026311455, 0.021771072024258875, 0.02177107202346118, 0.021771072023280436, 0.02177107202325701, 0.021771072023249127, 0.021771072023248128, 0.021771072023247462, 0.02177107202324735, 0.02177107202324735, 0.02177107202324735]}}, "bfgs": {"type": "gradient", "0": {"maxiter": 100, "gtol": 1e-05, "xrtol": 1e-05, "eps": 1e-05, "duration": 0.04023909568786621, "fun": "0.021771072201565156", "jac": "[-1.05297993e-06 -4.48097115e-06  5.68721736e-06  5.14908116e-06\n  2.65322209e-06 -4.14004386e-06]", "hess_inv": "[[ 3.27338492 -0.04559653 -0.77593903  1.44708322 -0.14694723 -1.47723465]\n [-0.04559653  3.45567484 -1.70462701 -0.66561151 -0.93487099 -1.83086042]\n [-0.77593903 -1.70462701  3.34681372 -0.08376098  1.95048899  2.59114533]\n [ 1.44708322 -0.66561151 -0.08376098  2.4762411   0.45845808 -0.10739446]\n [-0.14694723 -0.93487099  1.95048899  0.45845808  3.33706589  2.45856738]\n [-1.47723465 -1.83086042  2.59114533 -0.10739446  2.45856738  5.93267997]]", "nfev": "168", "njev": "24", "status": "0", "success": "True", "message": "Optimization terminated successfully.", "x": "[ 1.02253335  2.0291765   1.03814475 -2.28871702  0.79861576  2.31377766]", "nit": "17", "callback": [0.6203167383023265, 0.6166389919895777, 0.48512096572247065, 0.3762202949554657, 0.2695287828570253, 0.0915383821578758, 0.04927079126101219, 0.023706851880830992, 0.02234683669425641, 0.021774270770469895, 0.021771642343666908, 0.021771228423333344, 0.021771180478824315, 0.021771143358664036, 0.021771098284071866, 0.021771076250365118, 0.021771072201565156]}, "1": {"maxiter": 100, "gtol": 1e-05, "xrtol": 1e-05, "eps": 1e-10, "duration": 0.04059910774230957, "fun": "0.021771072547231984", "jac": "[ 0.00000000e+00 -6.66133760e-06  2.22044587e-06  6.66133760e-06\n  2.22044587e-06  0.00000000e+00]", "hess_inv": "[[ 3.16507406  0.07115066 -0.83320321  1.35910485 -0.17461011 -1.4603975 ]\n [ 0.07115066  3.47548835 -1.82170166 -0.65297896 -1.09725591 -2.21040162]\n [-0.83320321 -1.82170166  3.51739343 -0.05256583  2.13086164  2.9552312 ]\n [ 1.35910485 -0.65297896 -0.05256583  2.39690993  0.49087784  0.03251424]\n [-0.17461011 -1.09725591  2.13086164  0.49087784  3.50079206  2.78562868]\n [-1.4603975  -2.21040162  2.9552312   0.03251424  2.78562868  6.52414235]]", "nfev": "168", "njev": "24", "status": "0", "success": "True", "message": "Optimization terminated successfully.", "x": "[ 1.02255226  2.02913935  1.03813698 -2.28869976  0.79867772  2.31380864]", "nit": "17", "callback": [0.6203087552950527, 0.6166312854680445, 0.4851212972447285, 0.37621033883668575, 0.26952765870733875, 0.09154548253843897, 0.04926793344757496, 0.02370665449427456, 0.022346937766453356, 0.021774267969546734, 0.02177164662244202, 0.02177123055245489, 0.021771182292925406, 0.021771143451593145, 0.021771100045636205, 0.021771075391662897, 0.021771072547231984]}, "2": {"maxiter": 100, "gtol": 1e-05, "xrtol": 1e-10, "eps": 1e-05, "duration": 0.039196014404296875, "fun": "0.021771072201565156", "jac": "[-1.05297993e-06 -4.48097115e-06  5.68721736e-06  5.14908116e-06\n  2.65322209e-06 -4.14004386e-06]", "hess_inv": "[[ 3.27338492 -0.04559653 -0.77593903  1.44708322 -0.14694723 -1.47723465]\n [-0.04559653  3.45567484 -1.70462701 -0.66561151 -0.93487099 -1.83086042]\n [-0.77593903 -1.70462701  3.34681372 -0.08376098  1.95048899  2.59114533]\n [ 1.44708322 -0.66561151 -0.08376098  2.4762411   0.45845808 -0.10739446]\n [-0.14694723 -0.93487099  1.95048899  0.45845808  3.33706589  2.45856738]\n [-1.47723465 -1.83086042  2.59114533 -0.10739446  2.45856738  5.93267997]]", "nfev": "168", "njev": "24", "status": "0", "success": "True", "message": "Optimization terminated successfully.", "x": "[ 1.02253335  2.0291765   1.03814475 -2.28871702  0.79861576  2.31377766]", "nit": "17", "callback": [0.6203167383023265, 0.6166389919895777, 0.48512096572247065, 0.3762202949554657, 0.2695287828570253, 0.0915383821578758, 0.04927079126101219, 0.023706851880830992, 0.02234683669425641, 0.021774270770469895, 0.021771642343666908, 0.021771228423333344, 0.021771180478824315, 0.021771143358664036, 0.021771098284071866, 0.021771076250365118, 0.021771072201565156]}, "3": {"maxiter": 100, "gtol": 1e-05, "xrtol": 1e-10, "eps": 1e-10, "duration": 0.03919792175292969, "fun": "0.021771072547231984", "jac": "[ 0.00000000e+00 -6.66133760e-06  2.22044587e-06  6.66133760e-06\n  2.22044587e-06  0.00000000e+00]", "hess_inv": "[[ 3.16507406  0.07115066 -0.83320321  1.35910485 -0.17461011 -1.4603975 ]\n [ 0.07115066  3.47548835 -1.82170166 -0.65297896 -1.09725591 -2.21040162]\n [-0.83320321 -1.82170166  3.51739343 -0.05256583  2.13086164  2.9552312 ]\n [ 1.35910485 -0.65297896 -0.05256583  2.39690993  0.49087784  0.03251424]\n [-0.17461011 -1.09725591  2.13086164  0.49087784  3.50079206  2.78562868]\n [-1.4603975  -2.21040162  2.9552312   0.03251424  2.78562868  6.52414235]]", "nfev": "168", "njev": "24", "status": "0", "success": "True", "message": "Optimization terminated successfully.", "x": "[ 1.02255226  2.02913935  1.03813698 -2.28869976  0.79867772  2.31380864]", "nit": "17", "callback": [0.6203087552950527, 0.6166312854680445, 0.4851212972447285, 0.37621033883668575, 0.26952765870733875, 0.09154548253843897, 0.04926793344757496, 0.02370665449427456, 0.022346937766453356, 0.021774267969546734, 0.02177164662244202, 0.02177123055245489, 0.021771182292925406, 0.021771143451593145, 0.021771100045636205, 0.021771075391662897, 0.021771072547231984]}, "4": {"maxiter": 100, "gtol": 1e-10, "xrtol": 1e-05, "eps": 1e-05, "duration": 0.10736680030822754, "fun": "0.0217710720474229", "jac": "[-2.74336109e-07 -1.31694655e-07  7.78399567e-07  6.28452845e-07\n  1.53432822e-08  3.59889896e-07]", "hess_inv": "[[ 3.24466387 -0.25121287 -0.53900865  1.5478012   0.04155806 -1.25282159]\n [-0.25121287  4.11725019 -2.3207051  -1.13566204 -1.34473091 -1.89214993]\n [-0.53900865 -2.3207051   3.89643668  0.37562934  2.30330542  2.54715862]\n [ 1.5478012  -1.13566204  0.37562934  2.78778483  0.77998791  0.03665404]\n [ 0.04155806 -1.34473091  2.30330542  0.77998791  3.54992397  2.36120346]\n [-1.25282159 -1.89214993  2.54715862  0.03665404  2.36120346  5.4829934 ]]", "nfev": "473", "njev": "66", "status": "2", "success": "False", "message": "Desired error not necessarily achieved due to precision loss.", "x": "[ 1.02252469  2.02920577  1.0381188  -2.2887371   0.79859637  2.31377423]", "nit": "18", "callback": [0.6203167383023265, 0.6166389919895777, 0.48512096572247065, 0.3762202949554657, 0.2695287828570253, 0.0915383821578758, 0.04927079126101219, 0.023706851880830992, 0.02234683669425641, 0.021774270770469895, 0.021771642343666908, 0.021771228423333344, 0.021771180478824315, 0.021771143358664036, 0.021771098284071866, 0.021771076250365118, 0.021771072201565156, 0.0217710720474229]}, "5": {"maxiter": 100, "gtol": 1e-10, "xrtol": 1e-05, "eps": 1e-10, "duration": 0.04369187355041504, "fun": "0.021771072096484656", "jac": "[-1.11022293e-06  1.11022293e-06  1.11022293e-06 -2.22044587e-06\n  1.11022293e-06  1.11022293e-06]", "hess_inv": "[[ 3.71695331 -1.07532257 -0.04483631  2.21356412  0.44978794 -1.33153826]\n [-1.07532257  4.42961192 -2.44081038 -1.58383829 -1.30763583 -0.73643347]\n [-0.04483631 -2.44081038  3.91089196  0.5772656   2.24641862  1.8851178 ]\n [ 2.21356412 -1.58383829  0.5772656   3.19754633  0.81685631 -0.77520571]\n [ 0.44978794 -1.30763583  2.24641862  0.81685631  3.37978809  1.60370262]\n [-1.33153826 -0.73643347  1.8851178  -0.77520571  1.60370262  4.40701333]]", "nfev": "189", "njev": "27", "status": "0", "success": "True", "message": "Optimization terminated successfully.", "x": "[ 1.02253524  2.02918197  1.03810767 -2.28873079  0.79865297  2.31379618]", "nit": "19", "callback": [0.6203087552950527, 0.6166312854680445, 0.4851212972447285, 0.37621033883668575, 0.26952765870733875, 0.09154548253843897, 0.04926793344757496, 0.02370665449427456, 0.022346937766453356, 0.021774267969546734, 0.02177164662244202, 0.02177123055245489, 0.021771182292925406, 0.021771143451593145, 0.021771100045636205, 0.021771075391662897, 0.021771072547231984, 0.021771072108127787, 0.021771072096484656]}, "6": {"maxiter": 100, "gtol": 1e-10, "xrtol": 1e-10, "eps": 1e-05, "duration": 0.10973572731018066, "fun": "0.0217710720474229", "jac": "[-2.74336109e-07 -1.31694655e-07  7.78399567e-07  6.28452845e-07\n  1.53432822e-08  3.59889896e-07]", "hess_inv": "[[ 3.24466387 -0.25121287 -0.53900865  1.5478012   0.04155806 -1.25282159]\n [-0.25121287  4.11725019 -2.3207051  -1.13566204 -1.34473091 -1.89214993]\n [-0.53900865 -2.3207051   3.89643668  0.37562934  2.30330542  2.54715862]\n [ 1.5478012  -1.13566204  0.37562934  2.78778483  0.77998791  0.03665404]\n [ 0.04155806 -1.34473091  2.30330542  0.77998791  3.54992397  2.36120346]\n [-1.25282159 -1.89214993  2.54715862  0.03665404  2.36120346  5.4829934 ]]", "nfev": "473", "njev": "66", "status": "2", "success": "False", "message": "Desired error not necessarily achieved due to precision loss.", "x": "[ 1.02252469  2.02920577  1.0381188  -2.2887371   0.79859637  2.31377423]", "nit": "18", "callback": [0.6203167383023265, 0.6166389919895777, 0.48512096572247065, 0.3762202949554657, 0.2695287828570253, 0.0915383821578758, 0.04927079126101219, 0.023706851880830992, 0.02234683669425641, 0.021774270770469895, 0.021771642343666908, 0.021771228423333344, 0.021771180478824315, 0.021771143358664036, 0.021771098284071866, 0.021771076250365118, 0.021771072201565156, 0.0217710720474229]}, "7": {"maxiter": 100, "gtol": 1e-10, "xrtol": 1e-10, "eps": 1e-10, "duration": 0.07774615287780762, "fun": "0.021771072054718288", "jac": "[2.22044587e-06 1.11022293e-06 1.11022293e-06 3.33066880e-06\n 1.11022293e-06 1.11022293e-06]", "hess_inv": "[[ 0.13263594 -0.12348988  0.11251492  0.0014985  -0.0864471   0.08824181]\n [-0.12348988  0.17769888 -0.09579971  0.06276437 -0.00164402 -0.12533297]\n [ 0.11251492 -0.09579971  0.15873177  0.0013171  -0.11546646  0.10123822]\n [ 0.0014985   0.06276437  0.0013171   0.08541381 -0.09122306 -0.04975076]\n [-0.0864471  -0.00164402 -0.11546646 -0.09122306  0.19530394 -0.01358815]\n [ 0.08824181 -0.12533297  0.10123822 -0.04975076 -0.01358815  0.10868341]]", "nfev": "350", "njev": "50", "status": "0", "success": "True", "message": "Optimization terminated successfully.", "x": "[ 1.02254518  2.02918353  1.03809556 -2.28872462  0.79864585  2.31378161]", "nit": "32", "callback": [0.6203087552950527, 0.6166312854680445, 0.4851212972447285, 0.37621033883668575, 0.26952765870733875, 0.09154548253843897, 0.04926793344757496, 0.02370665449427456, 0.022346937766453356, 0.021774267969546734, 0.02177164662244202, 0.02177123055245489, 0.021771182292925406, 0.021771143451593145, 0.021771100045636205, 0.021771075391662897, 0.021771072547231984, 0.021771072108127787, 0.021771072096484656, 0.021771072078362153, 0.021771072069218134, 0.02177107206181428, 0.021771072061539165, 0.02177107206025164, 0.02177107205787787, 0.021771072057836127, 0.021771072057798047, 0.021771072057754526, 0.021771072057459318, 0.021771072057040097, 0.0217710720547184, 0.021771072054718288]}, "8": {"maxiter": 500, "gtol": 1e-05, "xrtol": 1e-05, "eps": 1e-05, "duration": 0.038147926330566406, "fun": "0.021771072201565156", "jac": "[-1.05297993e-06 -4.48097115e-06  5.68721736e-06  5.14908116e-06\n  2.65322209e-06 -4.14004386e-06]", "hess_inv": "[[ 3.27338492 -0.04559653 -0.77593903  1.44708322 -0.14694723 -1.47723465]\n [-0.04559653  3.45567484 -1.70462701 -0.66561151 -0.93487099 -1.83086042]\n [-0.77593903 -1.70462701  3.34681372 -0.08376098  1.95048899  2.59114533]\n [ 1.44708322 -0.66561151 -0.08376098  2.4762411   0.45845808 -0.10739446]\n [-0.14694723 -0.93487099  1.95048899  0.45845808  3.33706589  2.45856738]\n [-1.47723465 -1.83086042  2.59114533 -0.10739446  2.45856738  5.93267997]]", "nfev": "168", "njev": "24", "status": "0", "success": "True", "message": "Optimization terminated successfully.", "x": "[ 1.02253335  2.0291765   1.03814475 -2.28871702  0.79861576  2.31377766]", "nit": "17", "callback": [0.6203167383023265, 0.6166389919895777, 0.48512096572247065, 0.3762202949554657, 0.2695287828570253, 0.0915383821578758, 0.04927079126101219, 0.023706851880830992, 0.02234683669425641, 0.021774270770469895, 0.021771642343666908, 0.021771228423333344, 0.021771180478824315, 0.021771143358664036, 0.021771098284071866, 0.021771076250365118, 0.021771072201565156]}, "9": {"maxiter": 500, "gtol": 1e-05, "xrtol": 1e-05, "eps": 1e-10, "duration": 0.037558794021606445, "fun": "0.021771072547231984", "jac": "[ 0.00000000e+00 -6.66133760e-06  2.22044587e-06  6.66133760e-06\n  2.22044587e-06  0.00000000e+00]", "hess_inv": "[[ 3.16507406  0.07115066 -0.83320321  1.35910485 -0.17461011 -1.4603975 ]\n [ 0.07115066  3.47548835 -1.82170166 -0.65297896 -1.09725591 -2.21040162]\n [-0.83320321 -1.82170166  3.51739343 -0.05256583  2.13086164  2.9552312 ]\n [ 1.35910485 -0.65297896 -0.05256583  2.39690993  0.49087784  0.03251424]\n [-0.17461011 -1.09725591  2.13086164  0.49087784  3.50079206  2.78562868]\n [-1.4603975  -2.21040162  2.9552312   0.03251424  2.78562868  6.52414235]]", "nfev": "168", "njev": "24", "status": "0", "success": "True", "message": "Optimization terminated successfully.", "x": "[ 1.02255226  2.02913935  1.03813698 -2.28869976  0.79867772  2.31380864]", "nit": "17", "callback": [0.6203087552950527, 0.6166312854680445, 0.4851212972447285, 0.37621033883668575, 0.26952765870733875, 0.09154548253843897, 0.04926793344757496, 0.02370665449427456, 0.022346937766453356, 0.021774267969546734, 0.02177164662244202, 0.02177123055245489, 0.021771182292925406, 0.021771143451593145, 0.021771100045636205, 0.021771075391662897, 0.021771072547231984]}, "10": {"maxiter": 500, "gtol": 1e-05, "xrtol": 1e-10, "eps": 1e-05, "duration": 0.037153005599975586, "fun": "0.021771072201565156", "jac": "[-1.05297993e-06 -4.48097115e-06  5.68721736e-06  5.14908116e-06\n  2.65322209e-06 -4.14004386e-06]", "hess_inv": "[[ 3.27338492 -0.04559653 -0.77593903  1.44708322 -0.14694723 -1.47723465]\n [-0.04559653  3.45567484 -1.70462701 -0.66561151 -0.93487099 -1.83086042]\n [-0.77593903 -1.70462701  3.34681372 -0.08376098  1.95048899  2.59114533]\n [ 1.44708322 -0.66561151 -0.08376098  2.4762411   0.45845808 -0.10739446]\n [-0.14694723 -0.93487099  1.95048899  0.45845808  3.33706589  2.45856738]\n [-1.47723465 -1.83086042  2.59114533 -0.10739446  2.45856738  5.93267997]]", "nfev": "168", "njev": "24", "status": "0", "success": "True", "message": "Optimization terminated successfully.", "x": "[ 1.02253335  2.0291765   1.03814475 -2.28871702  0.79861576  2.31377766]", "nit": "17", "callback": [0.6203167383023265, 0.6166389919895777, 0.48512096572247065, 0.3762202949554657, 0.2695287828570253, 0.0915383821578758, 0.04927079126101219, 0.023706851880830992, 0.02234683669425641, 0.021774270770469895, 0.021771642343666908, 0.021771228423333344, 0.021771180478824315, 0.021771143358664036, 0.021771098284071866, 0.021771076250365118, 0.021771072201565156]}, "11": {"maxiter": 500, "gtol": 1e-05, "xrtol": 1e-10, "eps": 1e-10, "duration": 0.03757166862487793, "fun": "0.021771072547231984", "jac": "[ 