{"date": "2024/09/25/, 01:31:55", "conf_id": 101, "data_type": "orthogonal\n", "num_data_points": 2, "s_rank": 0, "unitary": "[[-0.56303964-0.00798273j,-0.21670212-0.15784972j,-0.06047197-0.73952673j,-0.01438004+0.24552571j],[-0.06976756+0.23474685j,-0.01275565-0.5435098j,-0.02703657-0.08917885j,-0.08210486-0.79311774j],[-0.38559961+0.10714929j,0.5933431-0.2687392j,-0.24060861+0.29149289j,-0.45147719+0.26241743j],[-0.50180421+0.45931857j,-0.11617175+0.44134496j,0.49642745+0.22684508j,-0.08544628-0.15407063j]]", "databatch_0": {"databatch": "[[[0.05913875-0.06424456j,-0.01589055-0.09123403j,-0.17520879-0.11532245j,-0.09913298+0.03878773j],[0.10308009-0.03926053j,0.03349667-0.11208493j,-0.13299529-0.22917092j,-0.13392763-0.01207101j],[-0.16137233+0.11561443j,-0.00686953+0.21042283j,0.33658426+0.33779703j,0.23860468-0.04043742j],[-0.17626677+0.12777184j,-0.00625278+0.23080395j,0.37117426+0.3683996j,0.26142191-0.04579835j]],[[0.12359018+0.12413482j,0.18423499-0.02387784j,0.24642823-0.34107186j,-0.06907733-0.20206574j],[-0.00781469+0.09650899j,0.07616965+0.06886975j,0.23182313-0.01884788j,0.0601399-0.10156922j],[0.12206753+0.20339207j,0.24994835+0.02856159j,0.43491545-0.36815551j,-0.02505152-0.28809475j],[-0.06471112-0.07797183j,-0.10738351+0.00412699j,-0.15978993+0.18360825j,0.02923399+0.12001787j]]]", "initial param values": "[2.03743121,4.65797642,4.19707446,2.1743186,2.99533792,0.07707327]", "nelder_mead": {"type": "gradient-free", "0": {"maxiter": 100, "fatol": 1e-05, "xatol": 1e-05, "duration": 0.03621697425842285, "fun": "0.10026738319224227", "nit": "100", "nfev": "151", "status": "2", "success": "False", "message": "Maximum number of iterations has been exceeded.", "x": "[1.83131703 5.82936545 2.37946182 1.78611476 2.86036039 0.111722  ]", "final_simplex": "(array([[1.83131703, 5.82936545, 2.37946182, 1.78611476, 2.86036039,\n        0.111722  ],\n       [1.87090216, 5.79484823, 2.37969071, 1.83571848, 2.87083482,\n        0.10946029],\n       [1.87178188, 5.83706811, 2.42132698, 1.79229309, 2.93238469,\n        0.10767371],\n       [1.86754298, 5.86719294, 2.40274063, 1.8083768 , 2.86450317,\n        0.10934773],\n       [1.84220722, 5.7821555 , 2.35315553, 1.76786332, 2.88453936,\n        0.11235702],\n       [1.87763823, 5.8200605 , 2.41221762, 1.7790877 , 2.87824959,\n        0.10951688],\n       [1.88920617, 5.81071111, 2.34420681, 1.82937744, 2.88425544,\n        0.10882976]]), array([0.10026738, 0.10058522, 0.10059364, 0.10059861, 0.10101448,\n       0.10102197, 0.10109566]))", "callback": [0.6687554688738997, 0.20785593487822962, 0.17470736041798074, 0.13224420080617105, 0.11896719268683009, 0.11271820795146958, 0.10499375473032257, 0.10418737499015429, 0.10208170241501113, 0.10102197441595617]}, "1": {"maxiter": 100, "fatol": 1e-05, "xatol": 1e-10, "duration": 0.03473687171936035, "fun": "0.10026738319224227", "nit": "100", "nfev": "151", "status": "2", "success": "False", "message": "Maximum number of iterations has been exceeded.", "x": "[1.83131703 5.82936545 2.37946182 1.78611476 2.86036039 0.111722  ]", "final_simplex": "(array([[1.83131703, 5.82936545, 2.37946182, 1.78611476, 2.86036039,\n        0.111722  ],\n       [1.87090216, 5.79484823, 2.37969071, 1.83571848, 2.87083482,\n        0.10946029],\n       [1.87178188, 5.83706811, 2.42132698, 1.79229309, 2.93238469,\n        0.10767371],\n       [1.86754298, 5.86719294, 2.40274063, 1.8083768 , 2.86450317,\n        0.10934773],\n       [1.84220722, 5.7821555 , 2.35315553, 1.76786332, 2.88453936,\n        0.11235702],\n       [1.87763823, 5.8200605 , 2.41221762, 1.7790877 , 2.87824959,\n        0.10951688],\n       [1.88920617, 5.81071111, 2.34420681, 1.82937744, 2.88425544,\n        0.10882976]]), array([0.10026738, 0.10058522, 0.10059364, 0.10059861, 0.10101448,\n       0.10102197, 0.10109566]))", "callback": [0.6687554688738997, 0.20785593487822962, 0.17470736041798074, 0.13224420080617105, 0.11896719268683009, 0.11271820795146958, 0.10499375473032257, 0.10418737499015429, 0.10208170241501113, 0.10102197441595617]}, "2": {"maxiter": 100, "fatol": 1e-10, "xatol": 1e-05, "duration": 0.03500676155090332, "fun": "0.10026738319224227", "nit": "100", "nfev": "151", "status": "2", "success": "False", "message": "Maximum number of iterations has been exceeded.", "x": "[1.83131703 5.82936545 2.37946182 1.78611476 2.86036039 0.111722  ]", "final_simplex": "(array([[1.83131703, 5.82936545, 2.37946182, 1.78611476, 2.86036039,\n        0.111722  ],\n       [1.87090216, 5.79484823, 2.37969071, 1.83571848, 2.87083482,\n        0.10946029],\n       [1.87178188, 5.83706811, 2.42132698, 1.79229309, 2.93238469,\n        0.10767371],\n       [1.86754298, 5.86719294, 2.40274063, 1.8083768 , 2.86450317,\n        0.10934773],\n       [1.84220722, 5.7821555 , 2.35315553, 1.76786332, 2.88453936,\n        0.11235702],\n       [1.87763823, 5.8200605 , 2.41221762, 1.7790877 , 2.87824959,\n        0.10951688],\n       [1.88920617, 5.81071111, 2.34420681, 1.82937744, 2.88425544,\n        0.10882976]]), array([0.10026738, 0.10058522, 0.10059364, 0.10059861, 0.10101448,\n       0.10102197, 0.10109566]))", "callback": [0.6687554688738997, 0.20785593487822962, 0.17470736041798074, 0.13224420080617105, 0.11896719268683009, 0.11271820795146958, 0.10499375473032257, 0.10418737499015429, 0.10208170241501113, 0.10102197441595617]}, "3": {"maxiter": 100, "fatol": 1e-10, "xatol": 1e-10, "duration": 0.03558707237243652, "fun": "0.10026738319224227", "nit": "100", "nfev": "151", "status": "2", "success": "False", "message": "Maximum number of iterations has been exceeded.", "x": "[1.83131703 5.82936545 2.37946182 1.78611476 2.86036039 0.111722  ]", "final_simplex": "(array([[1.83131703, 5.82936545, 2.37946182, 1.78611476, 2.86036039,\n        0.111722  ],\n       [1.87090216, 5.79484823, 2.37969071, 1.83571848, 2.87083482,\n        0.10946029],\n       [1.87178188, 5.83706811, 2.42132698, 1.79229309, 2.93238469,\n        0.10767371],\n       [1.86754298, 5.86719294, 2.40274063, 1.8083768 , 2.86450317,\n        0.10934773],\n       [1.84220722, 5.7821555 , 2.35315553, 1.76786332, 2.88453936,\n        0.11235702],\n       [1.87763823, 5.8200605 , 2.41221762, 1.7790877 , 2.87824959,\n        0.10951688],\n       [1.88920617, 5.81071111, 2.34420681, 1.82937744, 2.88425544,\n        0.10882976]]), array([0.10026738, 0.10058522, 0.10059364, 0.10059861, 0.10101448,\n       0.10102197, 0.10109566]))", "callback": [0.6687554688738997, 0.20785593487822962, 0.17470736041798074, 0.13224420080617105, 0.11896719268683009, 0.11271820795146958, 0.10499375473032257, 0.10418737499015429, 0.10208170241501113, 0.10102197441595617]}, "4": {"maxiter": 500, "fatol": 1e-05, "xatol": 1e-05, "duration": 0.15726399421691895, "fun": "0.0843460397316883", "nit": "443", "nfev": "682", "status": "0", "success": "True", "message": "Optimization terminated successfully.", "x": "[1.6418076  5.76637503 2.44727303 1.75054195 3.00223841 0.49478376]", "final_simplex": "(array([[1.6418076 , 5.76637503, 2.44727303, 1.75054195, 3.00223841,\n        0.49478376],\n       [1.64180396, 5.76637681, 2.44727143, 1.7505434 , 3.00223266,\n        0.49477758],\n       [1.64180622, 5.76638154, 2.44727351, 1.75054158, 3.00223582,\n        0.49478633],\n       [1.64180752, 5.76637351, 2.44726863, 1.7505439 , 3.0022319 ,\n        0.49478383],\n       [1.64180362, 5.76637717, 2.44726954, 1.75054875, 3.00223468,\n        0.49477967],\n       [1.64180165, 5.7663703 , 2.44726784, 1.75054016, 3.00223159,\n        0.49478691],\n       [1.64180364, 5.76637521, 2.44727377, 1.75054534, 3.00223038,\n        0.49478702]]), array([0.08434604, 0.08434604, 0.08434604, 0.08434604, 0.08434604,\n       0.08434604, 0.08434604]))", "callback": [0.6687554688738997, 0.20785593487822962, 0.17470736041798074, 0.13224420080617105, 0.11896719268683009, 0.11271820795146958, 0.10499375473032257, 0.10418737499015429, 0.10208170241501113, 0.10102197441595617, 0.09989722062072515, 0.09989722062072515, 0.09983489672145907, 0.099817582171847, 0.0998096875023331, 0.09980198639844973, 0.09979345401917916, 0.09977384316696414, 0.09969478476438831, 0.09961788358455248, 0.09943429911095869, 0.09926902327083575, 0.09852782166985019, 0.09592703222994947, 0.09407154717079491, 0.0887916124002972, 0.08567828854084292, 0.0849324596860157, 0.08463878923591872, 0.08451937348931804, 0.08442439636650301, 0.0843836002543954, 0.0843628369285373, 0.08434851804175536, 0.0843471560942719, 0.084346628106163, 0.08434616714865528, 0.08434609082222022, 0.08434605988314414, 0.08434604399340517, 0.08434603986624045, 0.08434603986624045, 0.084346039831116, 0.08434603975669197, 0.08434603973359156]}, "5": {"maxiter": 500, "fatol": 1e-05, "xatol": 1e-10, "duration": 0.17469573020935059, "fun": "0.0843460397279171", "nit": "500", "nfev": "780", "status": "2", "success": "False", "message": "Maximum number of iterations has been exceeded.", "x": "[1.6418063  5.76637764 2.44727065 1.7505428  3.00223489 0.49478163]", "final_simplex": "(array([[1.6418063 , 5.76637764, 2.44727065, 1.7505428 , 3.00223489,\n        0.49478163],\n       [1.64180631, 5.76637764, 2.44727069, 1.75054271, 3.00223493,\n        0.49478161],\n       [1.64180625, 5.7663776 , 2.44727066, 1.75054274, 3.00223487,\n        0.49478167],\n       [1.64180631, 5.7663776 , 2.44727062, 1.75054272, 3.0022349 ,\n        0.49478171],\n       [1.64180626, 5.76637762, 2.4472707 , 1.75054273, 3.00223493,\n        0.49478174],\n       [1.64180628, 5.76637757, 2.44727061, 1.75054276, 3.00223495,\n        0.49478162],\n       [1.64180628, 5.76637751, 2.44727067, 1.75054273, 3.00223495,\n        0.49478172]]), array([0.08434604, 0.08434604, 0.08434604, 0.08434604, 0.08434604,\n       0.08434604, 0.08434604]))", "callback": [0.6687554688738997, 0.20785593487822962, 0.17470736041798074, 0.13224420080617105, 0.11896719268683009, 0.11271820795146958, 0.10499375473032257, 0.10418737499015429, 0.10208170241501113, 0.10102197441595617, 0.09989722062072515, 0.09989722062072515, 0.09983489672145907, 0.099817582171847, 0.0998096875023331, 0.09980198639844973, 0.09979345401917916, 0.09977384316696414, 0.09969478476438831, 0.09961788358455248, 0.09943429911095869, 0.09926902327083575, 0.09852782166985019, 0.09592703222994947, 0.09407154717079491, 0.0887916124002972, 0.08567828854084292, 0.0849324596860157, 0.08463878923591872, 0.08451937348931804, 0.08442439636650301, 0.0843836002543954, 0.0843628369285373, 0.08434851804175536, 0.0843471560942719, 0.084346628106163, 0.08434616714865528, 0.08434609082222022, 0.08434605988314414, 0.08434604399340517, 0.08434603986624045, 0.08434603986624045, 0.084346039831116, 0.08434603975669197, 0.08434603973359156, 0.08434603972867549, 0.08434603972805554, 0.08434603972794119, 0.08434603972792798, 0.08434603972791965]}, "6": {"maxiter": 500, "fatol": 1e-10, "xatol": 1e-05, "duration": 0.16705799102783203, "fun": "0.0843460397316883", "nit": "443", "nfev": "682", "status": "0", "success": "True", "message": "Optimization terminated successfully.", "x": "[1.6418076  5.76637503 2.44727303 1.75054195 3.00223841 0.49478376]", "final_simplex": "(array([[1.6418076 , 5.76637503, 2.44727303, 1.75054195, 3.00223841,\n        0.49478376],\n       [1.64180396, 5.76637681, 2.44727143, 1.7505434 , 3.00223266,\n        0.49477758],\n       [1.64180622, 5.76638154, 2.44727351, 1.75054158, 3.00223582,\n        0.49478633],\n       [1.64180752, 5.76637351, 2.44726863, 1.7505439 , 3.0022319 ,\n        0.49478383],\n       [1.64180362, 5.76637717, 2.44726954, 1.75054875, 3.00223468,\n        0.49477967],\n       [1.64180165, 5.7663703 , 2.44726784, 1.75054016, 3.00223159,\n        0.49478691],\n       [1.64180364, 5.76637521, 2.44727377, 1.75054534, 3.00223038,\n        0.49478702]]), array([0.08434604, 0.08434604, 0.08434604, 0.08434604, 0.08434604,\n       0.08434604, 0.08434604]))", "callback": [0.6687554688738997, 0.20785593487822962, 0.17470736041798074, 0.13224420080617105, 0.11896719268683009, 0.11271820795146958, 0.10499375473032257, 0.10418737499015429, 0.10208170241501113, 0.10102197441595617, 0.09989722062072515, 0.09989722062072515, 0.09983489672145907, 0.099817582171847, 0.0998096875023331, 0.09980198639844973, 0.09979345401917916, 0.09977384316696414, 0.09969478476438831, 0.09961788358455248, 0.09943429911095869, 0.09926902327083575, 0.09852782166985019, 0.09592703222994947, 0.09407154717079491, 0.0887916124002972, 0.08567828854084292, 0.0849324596860157, 0.08463878923591872, 0.08451937348931804, 0.08442439636650301, 0.0843836002543954, 0.0843628369285373, 0.08434851804175536, 0.0843471560942719, 0.084346628106163, 0.08434616714865528, 0.08434609082222022, 0.08434605988314414, 0.08434604399340517, 0.08434603986624045, 0.08434603986624045, 0.084346039831116, 0.08434603975669197, 0.08434603973359156]}, "7": {"maxiter": 500, "fatol": 1e-10, "xatol": 1e-10, "duration": 0.186478853225708, "fun": "0.0843460397279171", "nit": "500", "nfev": "780", "status": "2", "success": "False", "message": "Maximum number of iterations has been exceeded.", "x": "[1.6418063  5.76637764 2.44727065 1.7505428  3.00223489 0.49478163]", "final_simplex": "(array([[1.6418063 , 5.76637764, 2.44727065, 1.7505428 , 3.00223489,\n        0.49478163],\n       [1.64180631, 5.76637764, 2.44727069, 1.75054271, 3.00223493,\n        0.49478161],\n       [1.64180625, 5.7663776 , 2.44727066, 1.75054274, 3.00223487,\n        0.49478167],\n       [1.64180631, 5.7663776 , 2.44727062, 1.75054272, 3.0022349 ,\n        0.49478171],\n       [1.64180626, 5.76637762, 2.4472707 , 1.75054273, 3.00223493,\n        0.49478174],\n       [1.64180628, 5.76637757, 2.44727061, 1.75054276, 3.00223495,\n        0.49478162],\n       [1.64180628, 5.76637751, 2.44727067, 1.75054273, 3.00223495,\n        0.49478172]]), array([0.08434604, 0.08434604, 0.08434604, 0.08434604, 0.08434604,\n       0.08434604, 0.08434604]))", "callback": [0.6687554688738997, 0.20785593487822962, 0.17470736041798074, 0.13224420080617105, 0.11896719268683009, 0.11271820795146958, 0.10499375473032257, 0.10418737499015429, 0.10208170241501113, 0.10102197441595617, 0.09989722062072515, 0.09989722062072515, 0.09983489672145907, 0.099817582171847, 0.0998096875023331, 0.09980198639844973, 0.09979345401917916, 0.09977384316696414, 0.09969478476438831, 0.09961788358455248, 0.09943429911095869, 0.09926902327083575, 0.09852782166985019, 0.09592703222994947, 0.09407154717079491, 0.0887916124002972, 0.08567828854084292, 0.0849324596860157, 0.08463878923591872, 0.08451937348931804, 0.08442439636650301, 0.0843836002543954, 0.0843628369285373, 0.08434851804175536, 0.0843471560942719, 0.084346628106163, 0.08434616714865528, 0.08434609082222022, 0.08434605988314414, 0.08434604399340517, 0.08434603986624045, 0.08434603986624045, 0.084346039831116, 0.08434603975669197, 0.08434603973359156, 0.08434603972867549, 0.08434603972805554, 0.08434603972794119, 0.08434603972792798, 0.08434603972791965]}, "8": {"maxiter": 1000, "fatol": 1e-05, "xatol": 1e-05, "duration": 0.15904998779296875, "fun": "0.0843460397316883", "nit": "443", "nfev": "682", "status": "0", "success": "True", "message": "Optimization terminated successfully.", "x": "[1.6418076  5.76637503 2.44727303 1.75054195 3.00223841 0.49478376]", "final_simplex": "(array([[1.6418076 , 5.76637503, 2.44727303, 1.75054195, 3.00223841,\n        0.49478376],\n       [1.64180396, 5.76637681, 2.44727143, 1.7505434 , 3.00223266,\n        0.49477758],\n       [1.64180622, 5.76638154, 2.44727351, 1.75054158, 3.00223582,\n        0.49478633],\n       [1.64180752, 5.76637351, 2.44726863, 1.7505439 , 3.0022319 ,\n        0.49478383],\n       [1.64180362, 5.76637717, 2.44726954, 1.75054875, 3.00223468,\n        0.49477967],\n       [1.64180165, 5.7663703 , 2.44726784, 1.75054016, 3.00223159,\n        0.49478691],\n       [1.64180364, 5.76637521, 2.44727377, 1.75054534, 3.00223038,\n        0.49478702]]), array([0.08434604, 0.08434604, 0.08434604, 0.08434604, 0.08434604,\n       0.08434604, 0.08434604]))", "callback": [0.6687554688738997, 0.20785593487822962, 0.17470736041798074, 0.13224420080617105, 0.11896719268683009, 0.11271820795146958, 0.10499375473032257, 0.10418737499015429, 0.10208170241501113, 0.10102197441595617, 0.09989722062072515, 0.09989722062072515, 0.09983489672145907, 0.099817582171847, 0.0998096875023331, 0.09980198639844973, 0.09979345401917916, 0.09977384316696414, 0.09969478476438831, 0.09961788358455248, 0.09943429911095869, 0.09926902327083575, 0.09852782166985019, 0.09592703222994947, 0.09407154717079491, 0.0887916124002972, 0.08567828854084292, 0.0849324596860157, 0.08463878923591872, 0.08451937348931804, 0.08442439636650301, 0.0843836002543954, 0.0843628369285373, 0.08434851804175536, 0.0843471560942719, 0.084346628106163, 0.08434616714865528, 0.08434609082222022, 0.08434605988314414, 0.08434604399340517, 0.08434603986624045, 0.08434603986624045, 0.084346039831116, 0.08434603975669197, 0.08434603973359156]}, "9": {"maxiter": 1000, "fatol": 1e-05, "xatol": 1e-10, "duration": 0.2124941349029541, "fun": "0.08434603972791621", "nit": "539", "nfev": "900", "status": "0", "success": "True", "message": "Optimization terminated successfully.", "x": "[1.64180632 5.76637761 2.44727065 1.75054276 3.00223491 0.49478163]", "final_simplex": "(array([[1.64180632, 5.76637761, 2.44727065, 1.75054276, 3.00223491,\n        0.49478163],\n       [1.64180632, 5.76637761, 2.44727065, 1.75054276, 3.00223491,\n        0.49478163],\n       [1.64180632, 5.76637761, 2.44727065, 1.75054276, 3.00223491,\n        0.49478163],\n       [1.64180632, 5.76637761, 2.44727065, 1.75054276, 3.00223491,\n        0.49478163],\n       [1.64180632, 5.76637761, 2.44727065, 1.75054276, 3.00223491,\n        0.49478163],\n       [1.64180632, 5.76637761, 2.44727065, 1.75054276, 3.00223491,\n        0.49478163],\n       [1.64180632, 5.76637761, 2.44727065, 1.75054276, 3.00223491,\n        0.49478163]]), array([0.08434604, 0.08434604, 0.08434604, 0.08434604, 0.08434604,\n       0.08434604, 0.08434604]))", "callback": [0.6687554688738997, 0.20785593487822962, 0.17470736041798074, 0.13224420080617105, 0.11896719268683009, 0.11271820795146958, 0.10499375473032257, 0.10418737499015429, 0.10208170241501113, 0.10102197441595617, 0.09989722062072515, 0.09989722062072515, 0.09983489672145907, 0.099817582171847, 0.0998096875023331, 0.09980198639844973, 0.09979345401917916, 0.09977384316696414, 0.09969478476438831, 0.09961788358455248, 0.09943429911095869, 0.09926902327083575, 0.09852782166985019, 0.09592703222994947, 0.09407154717079491, 0.0887916124002972, 0.08567828854084292, 0.0849324596860157, 0.08463878923591872, 0.08451937348931804, 0.08442439636650301, 0.0843836002543954, 0.0843628369285373, 0.08434851804175536, 0.0843471560942719, 0.084346628106163, 0.08434616714865528, 0.08434609082222022, 0.08434605988314414, 0.08434604399340517, 0.08434603986624045, 0.08434603986624045, 0.084346039831116, 0.08434603975669197, 0.08434603973359156, 0.08434603972867549, 0.08434603972805554, 0.08434603972794119, 0.08434603972792798, 0.08434603972791965, 0.0843460397279171, 0.08434603972791654, 0.08434603972791621, 0.08434603972791621]}, "10": {"maxiter": 1000, "fatol": 1e-10, "xatol": 1e-05, "duration": 0.15772795677185059, "fun": "0.0843460397316883", "nit": "443", "nfev": "682", "status": "0", "success": "True", "message": "Optimization terminated successfully.", "x": "[1.6418076  5.76637503 2.44727303 1.75054195 3.00223841 0.49478376]", "final_simplex": "(array([[1.6418076 , 5.76637503, 2.44727303, 1.75054195, 3.00223841,\n        0.49478376],\n       [1.64180396, 5.76637681, 2.44727143, 1.7505434 , 3.00223266,\n        0.49477758],\n       [1.64180622, 5.76638154, 2.44727351, 1.75054158, 3.00223582,\n        0.49478633],\n       [1.64180752, 5.76637351, 2.44726863, 1.7505439 , 3.0022319 ,\n        0.49478383],\n       [1.64180362, 5.76637717, 2.44726954, 1.75054875, 3.00223468,\n        0.49477967],\n       [1.64180165, 5.7663703 , 2.44726784, 1.75054016, 3.00223159,\n        0.49478691],\n       [1.64180364, 5.76637521, 2.44727377, 1.75054534, 3.00223038,\n        0.49478702]]), array([0.08434604, 0.08434604, 0.08434604, 0.08434604, 0.08434604,\n       0.08434604, 0.08434604]))", "callback": [0.6687554688738997, 0.20785593487822962, 0.17470736041798074, 0.13224420080617105, 0.11896719268683009, 0.11271820795146958, 0.10499375473032257, 0.10418737499015429, 0.10208170241501113, 0.10102197441595617, 0.09989722062072515, 0.09989722062072515, 0.09983489672145907, 0.099817582171847, 0.0998096875023331, 0.09980198639844973, 0.09979345401917916, 0.09977384316696414, 0.09969478476438831, 0.09961788358455248, 0.09943429911095869, 0.09926902327083575, 0.09852782166985019, 0.09592703222994947, 0.09407154717079491, 0.0887916124002972, 0.08567828854084292, 0.0849324596860157, 0.08463878923591872, 0.08451937348931804, 0.08442439636650301, 0.0843836002543954, 0.0843628369285373, 0.08434851804175536, 0.0843471560942719, 0.084346628106163, 0.08434616714865528, 0.08434609082222022, 0.08434605988314414, 0.08434604399340517, 0.08434603986624045, 0.08434603986624045, 0.084346039831116, 0.08434603975669197, 0.08434603973359156]}, "11": {"maxiter": 1000, "fatol": 1e-10, "xatol": 1e-10, "duration": 0.2057969570159912, "fun": "0.08434603972791621", "nit": "539", "nfev": "900", "status": "0", "success": "True", "message": "Optimization terminated successfully.", "x": "[1.64180632 5.76637761 2.44727065 1.75054276 3.00223491 0.49478163]", "final_simplex": "(array([[1.64180632, 5.76637761, 2.44727065, 1.75054276, 3.00223491,\n        0.49478163],\n       [1.64180632, 5.76637761, 2.44727065, 1.75054276, 3.00223491,\n        0.49478163],\n       [1.64180632, 5.76637761, 2.44727065, 1.75054276, 3.00223491,\n        0.49478163],\n       [1.64180632, 5.76637761, 2.44727065, 1.75054276, 3.00223491,\n        0.49478163],\n       [1.64180632, 5.76637761, 2.44727065, 1.75054276, 3.00223491,\n        0.49478163],\n       [1.64180632, 5.76637761, 2.44727065, 1.75054276, 3.00223491,\n        0.49478163],\n       [1.64180632, 5.76637761, 2.44727065, 1.75054276, 3.00223491,\n        0.49478163]]), array([0.08434604, 0.08434604, 0.08434604, 0.08434604, 0.08434604,\n       0.08434604, 0.08434604]))", "callback": [0.6687554688738997, 0.20785593487822962, 0.17470736041798074, 0.13224420080617105, 0.11896719268683009, 0.11271820795146958, 0.10499375473032257, 0.10418737499015429, 0.10208170241501113, 0.10102197441595617, 0.09989722062072515, 0.09989722062072515, 0.09983489672145907, 0.099817582171847, 0.0998096875023331, 0.09980198639844973, 0.09979345401917916, 0.09977384316696414, 0.09969478476438831, 0.09961788358455248, 0.09943429911095869, 0.09926902327083575, 0.09852782166985019, 0.09592703222994947, 0.09407154717079491, 0.0887916124002972, 0.08567828854084292, 0.0849324596860157, 0.08463878923591872, 0.08451937348931804, 0.08442439636650301, 0.0843836002543954, 0.0843628369285373, 0.08434851804175536, 0.0843471560942719, 0.084346628106163, 0.08434616714865528, 0.08434609082222022, 0.08434605988314414, 0.08434604399340517, 0.08434603986624045, 0.08434603986624045, 0.084346039831116, 0.08434603975669197, 0.08434603973359156, 0.08434603972867549, 0.08434603972805554, 0.08434603972794119, 0.08434603972792798, 0.08434603972791965, 0.0843460397279171, 0.08434603972791654, 0.08434603972791621, 0.08434603972791621]}}, "bfgs": {"type": "gradient", "0": {"maxiter": 100, "gtol": 1e-05, "xrtol": 1e-05, "eps": 1e-05, "duration": 0.03454113006591797, "fun": "0.08434603975786081", "jac": "[ 5.90905103e-07  9.63673585e-09  1.39283030e-06 -1.51434421e-07\n -3.68960418e-07  6.09068351e-08]", "hess_inv": "[[ 4.01177814  1.27614741  0.14642314  0.73182454  0.66599318 -2.0099278 ]\n [ 1.27614741  4.00845886  0.42236598  0.23046507  0.01145784 -0.80703264]\n [ 0.14642314  0.42236598  2.97869022 -1.31875719  0.83566963  0.47387292]\n [ 0.73182454  0.23046507 -1.31875719  3.47075596 -0.78167583 -0.4625942 ]\n [ 0.66599318  0.01145784  0.83566963 -0.78167583  3.34021218  0.69706518]\n [-2.0099278  -0.80703264  0.47387292 -0.4625942   0.69706518  4.15720832]]", "nfev": "147", "njev": "21", "status": "0", "success": "True", "message": "Optimization terminated successfully.", "x": "[1.64179876 5.76637013 2.44726793 1.75053764 3.00222536 0.49477719]", "nit": "18", "callback": [0.2480660101564388, 0.173371684489388, 0.14378958356192084, 0.100754253648899, 0.08746524549656254, 0.08532433415231166, 0.08452286870252301, 0.08446948687042644, 0.08438746648420592, 0.08435089269193952, 0.08434871317321324, 0.08434643871539027, 0.08434619267816279, 0.08434610500904072, 0.08434607012505002, 0.08434604381989463, 0.08434603995197953, 0.08434603975786081]}, "1": {"maxiter": 100, "gtol": 1e-05, "xrtol": 1e-05, "eps": 1e-10, "duration": 0.035635948181152344, "fun": "0.0843460398774889", "jac": "[ 0.00000000e+00  3.33066880e-06 -1.11022293e-06  4.44089173e-06\n  0.00000000e+00  2.22044587e-06]", "hess_inv": "[[ 3.80032741  1.49725065  0.12170307  0.37162386  0.55419257 -2.16242957]\n [ 1.49725065  4.56839098  0.24427104  0.30368725  0.07522143 -1.11463162]\n [ 0.12170307  0.24427104  3.10012783 -1.4011524   0.8427207   0.49182375]\n [ 0.37162386  0.30368725 -1.4011524   3.05386466 -0.96535422 -0.56290707]\n [ 0.55419257  0.07522143  0.8427207  -0.96535422  3.27225666  0.64112387]\n [-2.16242957 -1.11463162  0.49182375 -0.56290707  0.64112387  4.19924388]]", "nfev": "147", "njev": "21", "status": "0", "success": "True", "message": "Optimization terminated successfully.", "x": "[1.64182899 5.76640162 2.44727506 1.7505568  3.00224918 0.49478231]", "nit": "18", "callback": [0.24806796874369652, 0.17337305685416227, 0.14378989737075676, 0.10075372831231544, 0.08746533651472965, 0.08532444737046996, 0.08452295576182856, 0.08446954668549478, 0.08438747178727224, 0.08435087325215818, 0.0843486917365246, 0.0843464450646152, 0.0843461940181005, 0.0843461050264096, 0.08434607240657344, 0.08434604354603226, 0.08434604007399038, 0.0843460398774889]}, "2": {"maxiter": 100, "gtol": 1e-05, "xrtol": 1e-10, "eps": 1e-05, "duration": 0.0344090461730957, "fun": "0.08434603975786081", "jac": "[ 5.90905103e-07  9.63673585e-09  1.39283030e-06 -1.51434421e-07\n -3.68960418e-07  6.09068351e-08]", "hess_inv": "[[ 4.01177814  1.27614741  0.14642314  0.73182454  0.66599318 -2.0099278 ]\n [ 1.27614741  4.00845886  0.42236598  0.23046507  0.01145784 -0.80703264]\n [ 0.14642314  0.42236598  2.97869022 -1.31875719  0.83566963  0.47387292]\n [ 0.73182454  0.23046507 -1.31875719  3.47075596 -0.78167583 -0.4625942 ]\n [ 0.66599318  0.01145784  0.83566963 -0.78167583  3.34021218  0.69706518]\n [-2.0099278  -0.80703264  0.47387292 -0.4625942   0.69706518  4.15720832]]", "nfev": "147", "njev": "21", "status": "0", "success": "True", "message": "Optimization terminated successfully.", "x": "[1.64179876 5.76637013 2.44726793 1.75053764 3.00222536 0.49477719]", "nit": "18", "callback": [0.2480660101564388, 0.173371684489388, 0.14378958356192084, 0.100754253648899, 0.08746524549656254, 0.08532433415231166, 0.08452286870252301, 0.08446948687042644, 0.08438746648420592, 0.08435089269193952, 0.08434871317321324, 0.08434643871539027, 0.08434619267816279, 0.08434610500904072, 0.08434607012505002, 0.08434604381989463, 0.08434603995197953, 0.08434603975786081]}, "3": {"maxiter": 100, "gtol": 1e-05, "xrtol": 1e-10, "eps": 1e-10, "duration": 0.03439617156982422, "fun": "0.0843460398774889", "jac": "[ 0.00000000e+00  3.33066880e-06 -1.11022293e-06  4.44089173e-06\n  0.00000000e+00  2.22044587e-06]", "hess_inv": "[[ 3.80032741  1.49725065  0.12170307  0.37162386  0.55419257 -2.16242957]\n [ 1.49725065  4.56839098  0.24427104  0.30368725  0.07522143 -1.11463162]\n [ 0.12170307  0.24427104  3.10012783 -1.4011524   0.8427207   0.49182375]\n [ 0.37162386  0.30368725 -1.4011524   3.05386466 -0.96535422 -0.56290707]\n [ 0.55419257  0.07522143  0.8427207  -0.96535422  3.27225666  0.64112387]\n [-2.16242957 -1.11463162  0.49182375 -0.56290707  0.64112387  4.19924388]]", "nfev": "147", "njev": "21", "status": "0", "success": "True", "message": "Optimization terminated successfully.", "x": "[1.64182899 5.76640162 2.44727506 1.7505568  3.00224918 0.49478231]", "nit": "18", "callback": [0.24806796874369652, 0.17337305685416227, 0.14378989737075676, 0.10075372831231544, 0.08746533651472965, 0.08532444737046996, 0.08452295576182856, 0.08446954668549478, 0.08438747178727224, 0.08435087325215818, 0.0843486917365246, 0.0843464450646152, 0.0843461940181005, 0.0843461050264096, 0.08434607240657344, 0.08434604354603226, 0.08434604007399038, 0.0843460398774889]}, "4": {"maxiter": 100, "gtol": 1e-10, "xrtol": 1e-05, "eps": 1e-05, "duration": 0.034587860107421875, "fun": "0.08434603975786081", "jac": "[ 5.90905103e-07  9.63673585e-09  1.39283030e-06 -1.51434421e-07\n -3.68960418e-07  6.09068351e-08]", "hess_inv": "[[ 4.01177814  1.27614741  0.14642314  0.73182454  0.66599318 -2.0099278 ]\n [ 1.27614741  4.00845886  0.42236598  0.23046507  0.01145784 -0.80703264]\n [ 0.14642314  0.42236598  2.97869022 -1.31875719  0.83566963  0.47387292]\n [ 0.73182454  0.23046507 -1.31875719  3.47075596 -0.78167583 -0.4625942 ]\n [ 0.66599318  0.01145784  0.83566963 -0.78167583  3.34021218  0.69706518]\n [-2.0099278  -0.80703264  0.47387292 -0.4625942   0.69706518  4.15720832]]", "nfev": "147", "njev": "21", "status": "0", "success": "True", "message": "Optimization terminated successfully.", "x": "[1.64179876 5.76637013 2.44726793 1.75053764 3.00222536 0.49477719]", "nit": "18", "callback": [0.2480660101564388, 0.173371684489388, 0.14378958356192084, 0.100754253648899, 0.08746524549656254, 0.08532433415231166, 0.08452286870252301, 0.08446948687042644, 0.08438746648420592, 0.08435089269193952, 0.08434871317321324, 0.08434643871539027, 0.08434619267816279, 0.08434610500904072, 0.08434607012505002, 0.08434604381989463, 0.08434603995197953, 0.08434603975786081]}, "5": {"maxiter": 100, "gtol": 1e-10, "xrtol": 1e-05, "eps": 1e-10, "duration": 0.03459501266479492, "fun": "0.0843460398774889", "jac": "[ 0.00000000e+00  3.33066880e-06 -1.11022293e-06  4.44089173e-06\n  0.00000000e+00  2.22044587e-06]", "hess_inv": "[[ 3.80032741  1.49725065  0.12170307  0.37162386  0.55419257 -2.16242957]\n [ 1.49725065  4.56839098  0.24427104  0.30368725  0.07522143 -1.11463162]\n [ 0.12170307  0.24427104  3.10012783 -1.4011524   0.8427207   0.49182375]\n [ 0.37162386  0.30368725 -1.4011524   3.05386466 -0.96535422 -0.56290707]\n [ 0.55419257  0.07522143  0.8427207  -0.96535422  3.27225666  0.64112387]\n [-2.16242957 -1.11463162  0.49182375 -0.56290707  0.64112387  4.19924388]]", "nfev": "147", "njev": "21", "status": "0", "success": "True", "message": "Optimization terminated successfully.", "x": "[1.64182899 5.76640162 2.44727506 1.7505568  3.00224918 0.49478231]", "nit": "18", "callback": [0.24806796874369652, 0.17337305685416227, 0.14378989737075676, 0.10075372831231544, 0.08746533651472965, 0.08532444737046996, 0.08452295576182856, 0.08446954668549478, 0.08438747178727224, 0.08435087325215818, 0.0843486917365246, 0.0843464450646152, 0.0843461940181005, 0.0843461050264096, 0.08434607240657344, 0.08434604354603226, 0.08434604007399038, 0.0843460398774889]}, "6": {"maxiter": 100, "gtol": 1e-10, "xrtol": 1e-10, "eps": 1e-05, "duration": 0.0944509506225586, "fun": "0.08434603975786081", "jac": "[ 5.90905103e-07  9.63673585e-09  1.39283030e-06 -1.51434421e-07\n -3.68960418e-07  6.09068351e-08]", "hess_inv": "[[ 4.08650777  1.26981492  0.30878453  0.70493818  0.69164404 -1.9765686 ]\n [ 1.26981492  3.91896247  0.43430751  0.28837495  0.02381727 -0.72356057]\n [ 0.30878453  0.43430751  3.32410886 -1.39305184  0.88725156  0.52171688]\n [ 0.70493818  0.28837495 -1.39305184  3.44605434 -0.79988454 -0.52792047]\n [ 0.69164404  0.02381727  0.88725156 -0.79988454  3.3466709   0.69458539]\n [-1.9765686  -0.72356057  0.52171688 -0.52792047  0.69458539  4.08938018]]", "nfev": "410", "njev": "57", "status": "2", "success": "False", "message": "Desired error not necessarily achieved due to precision loss.", "x": "[1.64179876 5.76637013 2.44726793 1.75053764 3.00222536 0.49477719]", "nit": "18", "callback": [0.2480660101564388, 0.173371684489388, 0.14378958356192084, 0.100754253648899, 0.08746524549656254, 0.08532433415231166, 0.08452286870252301, 0.08446948687042644, 0.08438746648420592, 0.08435089269193952, 0.08434871317321324, 0.08434643871539027, 0.08434619267816279, 0.08434610500904072, 0.08434607012505002, 0.08434604381989463, 0.08434603995197953, 0.08434603975786081]}, "7": {"maxiter": 100, "gtol": 1e-10, "xrtol": 1e-10, "eps": 1e-10, "duration": 0.08020687103271484, "fun": "0.0843460397619592", "jac": "[ 1.11022293e-06 -1.11022293e-06 -2.22044587e-06  1.11022293e-06\n  1.11022293e-06  1.11022293e-06]", "hess_inv": "[[ 0.12075828 -0.09348534  0.01290529 -0.05414723  0.13593768  0.03359098]\n [-0.09348534  0.19480016 -0.19575454  0.07172051 -0.29233907  0.0748393 ]\n [ 0.01290529 -0.19575454  0.31304183 -0.06944769  0.34447915 -0.14651137]\n [-0.05414723  0.07172051 -0.06944769  0.0968471  -0.19753702 -0.01640718]\n [ 0.13593768 -0.29233907  0.34447915 -0.19753702  0.59823406 -0.08688053]\n [ 0.03359098  0.0748393  -0.14651137 -0.01640718 -0.08688053  0.11258497]]", "nfev": "357", "njev": "51", "status": "0", "success": "True", "message": "Optimization terminated successfully.", "x": "[1.64181747 5.76638724 2.44727717 1.75054282 3.00224555 0.49478333]", "nit": "35", "callback": [0.24806796874369652, 0.17337305685416227, 0.14378989737075676, 0.10075372831231544, 0.08746533651472965, 0.08532444737046996, 0.08452295576182856, 0.08446954668549478, 0.08438747178727224, 0.08435087325215818, 0.0843486917365246, 0.0843464450646152, 0.0843461940181005, 0.0843461050264096, 0.08434607240657344, 0.08434604354603226, 0.08434604007399038, 0.0843460398774889, 0.08434603982549826, 0.08434603981209654, 0.08434603980987165, 0.08434603980701705, 0.08434603980245492, 0.08434603979307509, 0.08434603978161048, 0.08434603977486055, 0.08434603977424737, 0.0843460397741731, 0.08434603977404687, 0.08434603977306443, 0.08434603977150767, 0.08434603976882227, 0.0843460397646667, 0.08434603976195931, 0.0843460397619592]}, "8": {"maxiter": 500, "gtol": 1e-05, "xrtol": 1e-05, "eps": 1e-05, "duration": 0.03255486488342285, "fun": "0.08434603975786081", "jac": "[ 5.90905103e-07  9.63673585e-09  1.39283030e-06 -1.51434421e-07\n -3.68960418e-07  6.09068351e-08]", "hess_inv": "[[ 4.01177814  1.27614741  0.14642314  0.73182454  0.66599318 -2.0099278 ]\n [ 1.27614741  4.00845886  0.42236598  0.23046507  0.01145784 -0.80703264]\n [ 0.14642314  0.42236598  2.97869022 -1.31875719  0.83566963  0.47387292]\n [ 0.73182454  0.23046507 -1.31875719  3.47075596 -0.78167583 -0.4625942 ]\n [ 0.66599318  0.01145784  0.83566963 -0.78167583  3.34021218  0.69706518]\n [-2.0099278  -0.80703264  0.47387292 -0.4625942   0.69706518  4.15720832]]", "nfev": "147", "njev": "21", "status": "0", "success": "True", "message": "Optimization terminated successfully.", "x": "[1.64179876 5.76637013 2.44726793 1.75053764 3.00222536 0.49477719]", "nit": "18", "callback": [0.2480660101564388, 0.173371684489388, 0.14378958356192084, 0.100754253648899, 0.08746524549656254, 0.08532433415231166, 0.08452286870252301, 0.08446948687042644, 0.08438746648420592, 0.08435089269193952, 0.08434871317321324, 0.08434643871539027, 0.08434619267816279, 0.08434610500904072, 0.08434607012505002, 0.08434604381989463, 0.08434603995197953, 0.08434603975786081]}, "9": {"maxiter": 500, "gtol": 1e-05, "xrtol": 1e-05, "eps": 1e-10, "duration": 0.03318309783935547, "fun": "0.0843460398774889", "jac": "[ 0.00000000e+00  3.33066880e-06 -1.11022293e-06  4.44089173e-06\n  0.00000000e+00  2.22044587e-06]", "hess_inv": "[[ 3.80032741  1.49725065  0.12170307  0.37162386  0.55419257 -2.16242957]\n [ 1.49725065  4.56839098  0.24427104  0.30368725  0.07522143 -1.11463162]\n [ 0.12170307  0.24427104  3.10012783 -1.4011524   0.8427207   0.49182375]\n [ 0.37162386  0.30368725 -1.4011524   3.05386466 -0.96535422 -0.56290707]\n [ 0.55419257  0.07522143  0.8427207  -0.96535422  3.27225666  0.64112387]\n [-2.16242957 -1.11463162  0.49182375 -0.56290707  0.64112387  4.19924388]]", "nfev": "147", "njev": "21", "status": "0", "success": "True", "message": "Optimization terminated successfully.", "x": "[1.64182899 5.76640162 2.44727506 1.7505568  3.00224918 0.49478231]", "nit": "18", "callback": [0.24806796874369652, 0.17337305685416227, 0.14378989737075676, 0.10075372831231544, 0.08746533651472965, 0.08532444737046996, 0.08452295576182856, 0.08446954668549478, 0.08438747178727224, 0.08435087325215818, 0.0843486917365246, 0.0843464450646152, 0.0843461940181005, 0.0843461050264096, 0.08434607240657344, 0.08434604354603226, 0.08434604007399038, 0.0843460398774889]}, "10": {"maxiter": 500, "gtol": 1e-05, "xrtol": 1e-10, "eps": 1e-05, "duration": 0.03293275833129883, "fun": "0.08434603975786081", "jac": "[ 5.90905103e-07  9.63673585e-09  1.39283030e-06 -1.51434421e-07\n -3.68960418e-07  6.09068351e-08]", "hess_inv": "[[ 4.01177814  1.27614741  0.14642314  0.73182454  0.66599318 -2.0099278 ]\n [ 1.27614741  4.00845886  0.42236598  0.23046507  0.01145784 -0.80703264]\n [ 0.14642314  0.42236598  2.97869022 -1.31875719  0.83566963  0.47387292]\n [ 0.73182454  0.23046507 -1.31875719  3.47075596 -0.78167583 -0.4625942 ]\n [ 0.66599318  0.01145784  0.83566963 -0.78167583  3.34021218  0.69706518]\n [-2.0099278  -0.80703264  0.47387292 -0.4625942   0.69706518  4.15720832]]", "nfev": "147", "njev": "21", "status": "0", "success": "True", "message": "Optimization terminated successfully.", "x": "[1.64179876 5.76637013 2.44726793 1.75053764 3.00222536 0.49477719]", "nit": "18", "callback": [0.2480660101564388, 0.173371684489388, 0.14378958356192084, 0.100754253648899, 0.08746524549656254, 0.08532433415231166, 0.08452286870252301, 0.08446948687042644, 0.08438746648420592, 0.08435089269193952, 0.08434871317321324, 0.08434643871539027, 0.08434619267816279, 0.08434610500904072, 0.08434607012505002, 0.08434604381989463, 0.08434603995197953, 0.08434603975786081]}, "11": {"maxiter": 500, "gtol": 1e-05, "xrtol": 1e-10, "eps": 1e-10, "duration": 0.0335850715637207, "fun": "0.0843460398774889", "jac": "[ 0.00000000e+00  3.33066880e-06 -1.11022293e-06  4.44089173e-06\n  0.00000000e+00  2.22044587e-06]", "hess_inv": "[[ 3.80032741  1.49725065  0.12170307  0.37162386  0.55419257 -2.16242957]\n [ 1.49725065  4.56839098  0.24427104  0.30368725  0.07522143 -1.11463162]\n [ 0.12170307  0.24427104  3.10012783 -1.4011524   0.8427207   0.49182375]\n [ 0.37162386  0.30368725 -1.4011524   3.05386466 -0.96535422 -0.56290707]\n [ 0.55419257  0.07522143  0.8427207  -0.96535422  3.27225666  0.64112387]\n [-2.16242957 -1.11463162  0.49182375 -0.56290707  0.64112387  4.19924388]]", "nfev": "147", "njev": "21", "status": "0", "success": "True", "message": "Optimization terminated successfully.", "x": "[1.64182899 5.76640162 2.44727506 1.7505568  3.00224918 0.49478231]", "nit": "18", "callback": [0.24806796874369652, 0.17337305685416227, 0.14378989737075676, 0.10075372831231544, 0.08746533651472965, 0.08532444737046996, 0.08452295576182856, 0.08446954668549478, 0.08438747178727224, 0.08435087325215818, 0.0843486917365246, 0.0843464450646152, 0.0843461940181005, 0.0843461050264096, 0.08434607240657344, 0.08434604354603226, 0.08434604007399038, 0.0843460398774889]}, "12": {"maxiter": 500, "gtol": 1e-10, "xrtol": 1e-05, "eps": 1e-05, "duration": 0.03315401077270508, "fun": "0.08434603975786081", "jac": "[ 5.90905103e-07  9.63673585e-09  1.39283030e-06 -1.51434421e-07\n -3.68960418e-07  6.09068351e-08]", "hess_inv": "[[ 4.01177814  1.27614741  0.14642314  0.73182454  0.66599318 -2.0099278 ]\n [ 1.27614741  4.00845886  0.42236598  0.23046507  0.01145784 -0.80703264]\n [ 0.14642314  0.42236598  2.97869022 -1.31875719  0.83566963  0.47387292]\n [ 0.73182454  0.23046507 -1.31875719  3.47075596 -0.78167583 -0.4625942 ]\n [ 0.665993