{"date": "2024/09/25/, 09:26:06", "conf_id": 193, "data_type": "non_lin_ind\n", "num_data_points": 2, "s_rank": 0, "unitary": "[[-0.53618537-0.34368723j,-0.12107031-0.46226139j,-0.07699282-0.46603512j,0.36022595-0.11472301j],[0.26026499-0.63450712j,-0.56616638+0.37832564j,-0.14988651+0.08458591j,0.10363514-0.16008501j],[-0.32580188-0.11070003j,-0.36476308-0.23593218j,0.02559343+0.41761608j,-0.25598305+0.6725303j],[0.07406738-0.0126433j,0.28513701+0.19483972j,-0.74939717-0.10299659j,0.29798249+0.46269921j]]", "databatch_0": {"databatch": "[[[-0.07138948-0.32158676j,0.14641468+0.11147975j,0.03464372+0.44213655j,0.2781912+0.16204254j],[-0.06445194+0.16074968j,0.00377852+0.13062768j,0.11229916+0.09853313j,0.22208601+0.1420478j],[-0.04845059+0.19429691j,0.22762981+0.18168156j,0.07526314-0.07696656j,0.15900323+0.1308989j],[-0.05301057+0.15623567j,-0.35712466+0.16088078j,0.09174281-0.12209548j,-0.18842287+0.00079894j]],[[0.06298502-0.12428466j,-0.12913228-0.07280724j,-0.2035435-0.09137776j,-0.10710694+0.09148023j],[0.13441553-0.02194382j,-0.3037883-0.00062721j,-0.47609953-0.01783529j,-0.11796705+0.24012918j],[-0.18017158+0.07303941j,-0.06370645-0.24931948j,-0.07370357-0.21673911j,-0.11538524-0.00150126j],[0.09505982-0.23588031j,0.17028585+0.27554572j,0.06059439+0.32543156j,0.16958294+0.0437287j]]]", "initial param values": "[2.14446694,5.85960599,0.60393253,3.66359123,4.14207727,2.86617972]", "nelder_mead": {"type": "gradient-free", "0": {"maxiter": 100, "fatol": 1e-05, "xatol": 1e-05, "duration": 0.037748098373413086, "fun": "0.5537110954047333", "nit": "100", "nfev": "157", "status": "2", "success": "False", "message": "Maximum number of iterations has been exceeded.", "x": "[1.87467926 5.06719961 0.52176859 2.57155443 3.34008505 4.72717407]", "final_simplex": "(array([[1.87467926, 5.06719961, 0.52176859, 2.57155443, 3.34008505,\n        4.72717407],\n       [1.81460341, 5.0212539 , 0.51513055, 2.56457099, 3.37045021,\n        4.79934716],\n       [1.86161746, 5.03693337, 0.52528619, 2.54172638, 3.35987184,\n        4.74524646],\n       [1.81159138, 5.05494624, 0.51170547, 2.55727568, 3.36652529,\n        4.81420228],\n       [1.83081428, 5.00448379, 0.51623518, 2.57184107, 3.37931325,\n        4.79510606],\n       [1.86121174, 5.0720625 , 0.52340758, 2.55652778, 3.34149592,\n        4.74706892],\n       [1.87248943, 5.01737668, 0.52673833, 2.52713445, 3.31753123,\n        4.76322239]]), array([0.5537111 , 0.55384794, 0.55392127, 0.55404595, 0.55413299,\n       0.55417472, 0.55420074]))", "callback": [0.8781722719918909, 0.727674128672978, 0.6347047670230154, 0.6324056938956266, 0.6254943770443364, 0.5941797814748127, 0.5781955575077695, 0.5607779268422337, 0.5548745005004552, 0.5541329904365473]}, "1": {"maxiter": 100, "fatol": 1e-05, "xatol": 1e-10, "duration": 0.036637067794799805, "fun": "0.5537110954047333", "nit": "100", "nfev": "157", "status": "2", "success": "False", "message": "Maximum number of iterations has been exceeded.", "x": "[1.87467926 5.06719961 0.52176859 2.57155443 3.34008505 4.72717407]", "final_simplex": "(array([[1.87467926, 5.06719961, 0.52176859, 2.57155443, 3.34008505,\n        4.72717407],\n       [1.81460341, 5.0212539 , 0.51513055, 2.56457099, 3.37045021,\n        4.79934716],\n       [1.86161746, 5.03693337, 0.52528619, 2.54172638, 3.35987184,\n        4.74524646],\n       [1.81159138, 5.05494624, 0.51170547, 2.55727568, 3.36652529,\n        4.81420228],\n       [1.83081428, 5.00448379, 0.51623518, 2.57184107, 3.37931325,\n        4.79510606],\n       [1.86121174, 5.0720625 , 0.52340758, 2.55652778, 3.34149592,\n        4.74706892],\n       [1.87248943, 5.01737668, 0.52673833, 2.52713445, 3.31753123,\n        4.76322239]]), array([0.5537111 , 0.55384794, 0.55392127, 0.55404595, 0.55413299,\n       0.55417472, 0.55420074]))", "callback": [0.8781722719918909, 0.727674128672978, 0.6347047670230154, 0.6324056938956266, 0.6254943770443364, 0.5941797814748127, 0.5781955575077695, 0.5607779268422337, 0.5548745005004552, 0.5541329904365473]}, "2": {"maxiter": 100, "fatol": 1e-10, "xatol": 1e-05, "duration": 0.036183834075927734, "fun": "0.5537110954047333", "nit": "100", "nfev": "157", "status": "2", "success": "False", "message": "Maximum number of iterations has been exceeded.", "x": "[1.87467926 5.06719961 0.52176859 2.57155443 3.34008505 4.72717407]", "final_simplex": "(array([[1.87467926, 5.06719961, 0.52176859, 2.57155443, 3.34008505,\n        4.72717407],\n       [1.81460341, 5.0212539 , 0.51513055, 2.56457099, 3.37045021,\n        4.79934716],\n       [1.86161746, 5.03693337, 0.52528619, 2.54172638, 3.35987184,\n        4.74524646],\n       [1.81159138, 5.05494624, 0.51170547, 2.55727568, 3.36652529,\n        4.81420228],\n       [1.83081428, 5.00448379, 0.51623518, 2.57184107, 3.37931325,\n        4.79510606],\n       [1.86121174, 5.0720625 , 0.52340758, 2.55652778, 3.34149592,\n        4.74706892],\n       [1.87248943, 5.01737668, 0.52673833, 2.52713445, 3.31753123,\n        4.76322239]]), array([0.5537111 , 0.55384794, 0.55392127, 0.55404595, 0.55413299,\n       0.55417472, 0.55420074]))", "callback": [0.8781722719918909, 0.727674128672978, 0.6347047670230154, 0.6324056938956266, 0.6254943770443364, 0.5941797814748127, 0.5781955575077695, 0.5607779268422337, 0.5548745005004552, 0.5541329904365473]}, "3": {"maxiter": 100, "fatol": 1e-10, "xatol": 1e-10, "duration": 0.036618947982788086, "fun": "0.5537110954047333", "nit": "100", "nfev": "157", "status": "2", "success": "False", "message": "Maximum number of iterations has been exceeded.", "x": "[1.87467926 5.06719961 0.52176859 2.57155443 3.34008505 4.72717407]", "final_simplex": "(array([[1.87467926, 5.06719961, 0.52176859, 2.57155443, 3.34008505,\n        4.72717407],\n       [1.81460341, 5.0212539 , 0.51513055, 2.56457099, 3.37045021,\n        4.79934716],\n       [1.86161746, 5.03693337, 0.52528619, 2.54172638, 3.35987184,\n        4.74524646],\n       [1.81159138, 5.05494624, 0.51170547, 2.55727568, 3.36652529,\n        4.81420228],\n       [1.83081428, 5.00448379, 0.51623518, 2.57184107, 3.37931325,\n        4.79510606],\n       [1.86121174, 5.0720625 , 0.52340758, 2.55652778, 3.34149592,\n        4.74706892],\n       [1.87248943, 5.01737668, 0.52673833, 2.52713445, 3.31753123,\n        4.76322239]]), array([0.5537111 , 0.55384794, 0.55392127, 0.55404595, 0.55413299,\n       0.55417472, 0.55420074]))", "callback": [0.8781722719918909, 0.727674128672978, 0.6347047670230154, 0.6324056938956266, 0.6254943770443364, 0.5941797814748127, 0.5781955575077695, 0.5607779268422337, 0.5548745005004552, 0.5541329904365473]}, "4": {"maxiter": 500, "fatol": 1e-05, "xatol": 1e-05, "duration": 0.17982006072998047, "fun": "0.3454730576281184", "nit": "500", "nfev": "760", "status": "2", "success": "False", "message": "Maximum number of iterations has been exceeded.", "x": "[ 1.78768168  2.66606025 -1.97945129  1.26914517  4.83513912  4.96063751]", "final_simplex": "(array([[ 1.78768168,  2.66606025, -1.97945129,  1.26914517,  4.83513912,\n         4.96063751],\n       [ 1.80042464,  2.6997384 , -2.04501784,  1.32645565,  4.94271831,\n         5.13552417],\n       [ 1.81218031,  2.54463433, -2.11907246,  1.29952017,  5.01914499,\n         5.04305154],\n       [ 1.80187755,  2.4258619 , -2.19849986,  1.1688255 ,  5.08975003,\n         5.04477178],\n       [ 1.84626505,  2.864801  , -1.90138219,  1.36970769,  4.7629273 ,\n         4.93612899],\n       [ 1.94400708,  2.72596995, -1.979559  ,  1.36110536,  4.90867586,\n         4.99591782],\n       [ 1.86147967,  2.94912221, -1.89345846,  1.5311281 ,  4.73768459,\n         4.95424663]]), array([0.34547306, 0.34705668, 0.34752969, 0.34760284, 0.35372464,\n       0.35476892, 0.35645864]))", "callback": [0.8781722719918909, 0.727674128672978, 0.6347047670230154, 0.6324056938956266, 0.6254943770443364, 0.5941797814748127, 0.5781955575077695, 0.5607779268422337, 0.5548745005004552, 0.5541329904365473, 0.5537110954047333, 0.5521662925615949, 0.5464073478932029, 0.5167959431701641, 0.4866342178276444, 0.4786032970191575, 0.47400203364749693, 0.47041213964905393, 0.4673714670860182, 0.46540607142098434, 0.46474262282940315, 0.4644943617297652, 0.4641769511261493, 0.4641037858476478, 0.4640575930079547, 0.46398487043299985, 0.46376501714896945, 0.4624092047770346, 0.45876704851976313, 0.4512546062389503, 0.44654331384682777, 0.4406526217372636, 0.42617980365315333, 0.424710131874493, 0.4203642113889743, 0.41610428276926137, 0.4066307852071399, 0.39888766661754427, 0.3946456852124608, 0.390835781806834, 0.38925176099807623, 0.38741738768656653, 0.38644729793480403, 0.3854730854534072, 0.3851984303441037, 0.3836304626397524, 0.38128124775844696, 0.3786214046121007, 0.3721975872143236, 0.35476891555550794]}, "5": {"maxiter": 500, "fatol": 1e-05, "xatol": 1e-10, "duration": 0.1712050437927246, "fun": "0.3454730576281184", "nit": "500", "nfev": "760", "status": "2", "success": "False", "message": "Maximum number of iterations has been exceeded.", "x": "[ 1.78768168  2.66606025 -1.97945129  1.26914517  4.83513912  4.96063751]", "final_simplex": "(array([[ 1.78768168,  2.66606025, -1.97945129,  1.26914517,  4.83513912,\n         4.96063751],\n       [ 1.80042464,  2.6997384 , -2.04501784,  1.32645565,  4.94271831,\n         5.13552417],\n       [ 1.81218031,  2.54463433, -2.11907246,  1.29952017,  5.01914499,\n         5.04305154],\n       [ 1.80187755,  2.4258619 , -2.19849986,  1.1688255 ,  5.08975003,\n         5.04477178],\n       [ 1.84626505,  2.864801  , -1.90138219,  1.36970769,  4.7629273 ,\n         4.93612899],\n       [ 1.94400708,  2.72596995, -1.979559  ,  1.36110536,  4.90867586,\n         4.99591782],\n       [ 1.86147967,  2.94912221, -1.89345846,  1.5311281 ,  4.73768459,\n         4.95424663]]), array([0.34547306, 0.34705668, 0.34752969, 0.34760284, 0.35372464,\n       0.35476892, 0.35645864]))", "callback": [0.8781722719918909, 0.727674128672978, 0.6347047670230154, 0.6324056938956266, 0.6254943770443364, 0.5941797814748127, 0.5781955575077695, 0.5607779268422337, 0.5548745005004552, 0.5541329904365473, 0.5537110954047333, 0.5521662925615949, 0.5464073478932029, 0.5167959431701641, 0.4866342178276444, 0.4786032970191575, 0.47400203364749693, 0.47041213964905393, 0.4673714670860182, 0.46540607142098434, 0.46474262282940315, 0.4644943617297652, 0.4641769511261493, 0.4641037858476478, 0.4640575930079547, 0.46398487043299985, 0.46376501714896945, 0.4624092047770346, 0.45876704851976313, 0.4512546062389503, 0.44654331384682777, 0.4406526217372636, 0.42617980365315333, 0.424710131874493, 0.4203642113889743, 0.41610428276926137, 0.4066307852071399, 0.39888766661754427, 0.3946456852124608, 0.390835781806834, 0.38925176099807623, 0.38741738768656653, 0.38644729793480403, 0.3854730854534072, 0.3851984303441037, 0.3836304626397524, 0.38128124775844696, 0.3786214046121007, 0.3721975872143236, 0.35476891555550794]}, "6": {"maxiter": 500, "fatol": 1e-10, "xatol": 1e-05, "duration": 0.1879260540008545, "fun": "0.3454730576281184", "nit": "500", "nfev": "760", "status": "2", "success": "False", "message": "Maximum number of iterations has been exceeded.", "x": "[ 1.78768168  2.66606025 -1.97945129  1.26914517  4.83513912  4.96063751]", "final_simplex": "(array([[ 1.78768168,  2.66606025, -1.97945129,  1.26914517,  4.83513912,\n         4.96063751],\n       [ 1.80042464,  2.6997384 , -2.04501784,  1.32645565,  4.94271831,\n         5.13552417],\n       [ 1.81218031,  2.54463433, -2.11907246,  1.29952017,  5.01914499,\n         5.04305154],\n       [ 1.80187755,  2.4258619 , -2.19849986,  1.1688255 ,  5.08975003,\n         5.04477178],\n       [ 1.84626505,  2.864801  , -1.90138219,  1.36970769,  4.7629273 ,\n         4.93612899],\n       [ 1.94400708,  2.72596995, -1.979559  ,  1.36110536,  4.90867586,\n         4.99591782],\n       [ 1.86147967,  2.94912221, -1.89345846,  1.5311281 ,  4.73768459,\n         4.95424663]]), array([0.34547306, 0.34705668, 0.34752969, 0.34760284, 0.35372464,\n       0.35476892, 0.35645864]))", "callback": [0.8781722719918909, 0.727674128672978, 0.6347047670230154, 0.6324056938956266, 0.6254943770443364, 0.5941797814748127, 0.5781955575077695, 0.5607779268422337, 0.5548745005004552, 0.5541329904365473, 0.5537110954047333, 0.5521662925615949, 0.5464073478932029, 0.5167959431701641, 0.4866342178276444, 0.4786032970191575, 0.47400203364749693, 0.47041213964905393, 0.4673714670860182, 0.46540607142098434, 0.46474262282940315, 0.4644943617297652, 0.4641769511261493, 0.4641037858476478, 0.4640575930079547, 0.46398487043299985, 0.46376501714896945, 0.4624092047770346, 0.45876704851976313, 0.4512546062389503, 0.44654331384682777, 0.4406526217372636, 0.42617980365315333, 0.424710131874493, 0.4203642113889743, 0.41610428276926137, 0.4066307852071399, 0.39888766661754427, 0.3946456852124608, 0.390835781806834, 0.38925176099807623, 0.38741738768656653, 0.38644729793480403, 0.3854730854534072, 0.3851984303441037, 0.3836304626397524, 0.38128124775844696, 0.3786214046121007, 0.3721975872143236, 0.35476891555550794]}, "7": {"maxiter": 500, "fatol": 1e-10, "xatol": 1e-10, "duration": 0.17835378646850586, "fun": "0.3454730576281184", "nit": "500", "nfev": "760", "status": "2", "success": "False", "message": "Maximum number of iterations has been exceeded.", "x": "[ 1.78768168  2.66606025 -1.97945129  1.26914517  4.83513912  4.96063751]", "final_simplex": "(array([[ 1.78768168,  2.66606025, -1.97945129,  1.26914517,  4.83513912,\n         4.96063751],\n       [ 1.80042464,  2.6997384 , -2.04501784,  1.32645565,  4.94271831,\n         5.13552417],\n       [ 1.81218031,  2.54463433, -2.11907246,  1.29952017,  5.01914499,\n         5.04305154],\n       [ 1.80187755,  2.4258619 , -2.19849986,  1.1688255 ,  5.08975003,\n         5.04477178],\n       [ 1.84626505,  2.864801  , -1.90138219,  1.36970769,  4.7629273 ,\n         4.93612899],\n       [ 1.94400708,  2.72596995, -1.979559  ,  1.36110536,  4.90867586,\n         4.99591782],\n       [ 1.86147967,  2.94912221, -1.89345846,  1.5311281 ,  4.73768459,\n         4.95424663]]), array([0.34547306, 0.34705668, 0.34752969, 0.34760284, 0.35372464,\n       0.35476892, 0.35645864]))", "callback": [0.8781722719918909, 0.727674128672978, 0.6347047670230154, 0.6324056938956266, 0.6254943770443364, 0.5941797814748127, 0.5781955575077695, 0.5607779268422337, 0.5548745005004552, 0.5541329904365473, 0.5537110954047333, 0.5521662925615949, 0.5464073478932029, 0.5167959431701641, 0.4866342178276444, 0.4786032970191575, 0.47400203364749693, 0.47041213964905393, 0.4673714670860182, 0.46540607142098434, 0.46474262282940315, 0.4644943617297652, 0.4641769511261493, 0.4641037858476478, 0.4640575930079547, 0.46398487043299985, 0.46376501714896945, 0.4624092047770346, 0.45876704851976313, 0.4512546062389503, 0.44654331384682777, 0.4406526217372636, 0.42617980365315333, 0.424710131874493, 0.4203642113889743, 0.41610428276926137, 0.4066307852071399, 0.39888766661754427, 0.3946456852124608, 0.390835781806834, 0.38925176099807623, 0.38741738768656653, 0.38644729793480403, 0.3854730854534072, 0.3851984303441037, 0.3836304626397524, 0.38128124775844696, 0.3786214046121007, 0.3721975872143236, 0.35476891555550794]}, "8": {"maxiter": 1000, "fatol": 1e-05, "xatol": 1e-05, "duration": 0.2856318950653076, "fun": "0.3316129583629416", "nit": "789", "nfev": "1214", "status": "0", "success": "True", "message": "Optimization terminated successfully.", "x": "[ 1.68140177  2.38953316 -2.03752506  1.13740307  4.79857877  5.25120852]", "final_simplex": "(array([[ 1.68140177,  2.38953316, -2.03752506,  1.13740307,  4.79857877,\n         5.25120852],\n       [ 1.68140094,  2.38953753, -2.03751872,  1.13740604,  4.79857299,\n         5.25121219],\n       [ 1.6814039 ,  2.38953993, -2.03752242,  1.13740735,  4.79857689,\n         5.25121044],\n       [ 1.68140431,  2.38953566, -2.03752513,  1.13740703,  4.79857249,\n         5.25121113],\n       [ 1.68140035,  2.38954071, -2.037522  ,  1.13740917,  4.7985715 ,\n         5.25120858],\n       [ 1.68140062,  2.38953796, -2.0375269 ,  1.13740139,  4.79857294,\n         5.25121117],\n       [ 1.68140504,  2.38953907, -2.03751575,  1.13740692,  4.79857033,\n         5.25120847]]), array([0.33161296, 0.33161296, 0.33161296, 0.33161296, 0.33161296,\n       0.33161296, 0.33161296]))", "callback": [0.8781722719918909, 0.727674128672978, 0.6347047670230154, 0.6324056938956266, 0.6254943770443364, 0.5941797814748127, 0.5781955575077695, 0.5607779268422337, 0.5548745005004552, 0.5541329904365473, 0.5537110954047333, 0.5521662925615949, 0.5464073478932029, 0.5167959431701641, 0.4866342178276444, 0.4786032970191575, 0.47400203364749693, 0.47041213964905393, 0.4673714670860182, 0.46540607142098434, 0.46474262282940315, 0.4644943617297652, 0.4641769511261493, 0.4641037858476478, 0.4640575930079547, 0.46398487043299985, 0.46376501714896945, 0.4624092047770346, 0.45876704851976313, 0.4512546062389503, 0.44654331384682777, 0.4406526217372636, 0.42617980365315333, 0.424710131874493, 0.4203642113889743, 0.41610428276926137, 0.4066307852071399, 0.39888766661754427, 0.3946456852124608, 0.390835781806834, 0.38925176099807623, 0.38741738768656653, 0.38644729793480403, 0.3854730854534072, 0.3851984303441037, 0.3836304626397524, 0.38128124775844696, 0.3786214046121007, 0.3721975872143236, 0.35476891555550794, 0.34077933071303745, 0.33869591496907414, 0.33869591496907414, 0.33736745561882586, 0.3352139710755708, 0.33378362040745757, 0.33292865409325967, 0.33277895094044774, 0.33271788556014426, 0.3326460238701153, 0.3325157715158076, 0.33214413569560197, 0.33194392203630274, 0.3317927312530994, 0.33168590186939684, 0.3316679525285293, 0.33163636861130597, 0.3316183629831626, 0.33161442059736024, 0.3316132852930135, 0.3316130346312235, 0.33161298592211486, 0.3316129691298151, 0.331612961625126, 0.33161296084363534, 0.331612959639046, 0.3316129585734888, 0.3316129584188342, 0.3316129583695012]}, "9": {"maxiter": 1000, "fatol": 1e-05, "xatol": 1e-10, "duration": 0.3283402919769287, "fun": "0.33161295836075955", "nit": "876", "nfev": "1421", "status": "0", "success": "True", "message": "Optimization terminated successfully.", "x": "[ 1.68140183  2.38953514 -2.03752173  1.13740565  4.79857549  5.25120874]", "final_simplex": "(array([[ 1.68140183,  2.38953514, -2.03752173,  1.13740565,  4.79857549,\n         5.25120874],\n       [ 1.68140183,  2.38953514, -2.03752173,  1.13740565,  4.79857549,\n         5.25120874],\n       [ 1.68140183,  2.38953514, -2.03752173,  1.13740565,  4.79857549,\n         5.25120874],\n       [ 1.68140183,  2.38953514, -2.03752173,  1.13740565,  4.79857549,\n         5.25120874],\n       [ 1.68140183,  2.38953514, -2.03752173,  1.13740565,  4.79857549,\n         5.25120874],\n       [ 1.68140183,  2.38953514, -2.03752173,  1.13740565,  4.79857549,\n         5.25120874],\n       [ 1.68140183,  2.38953514, -2.03752173,  1.13740565,  4.79857549,\n         5.25120874]]), array([0.33161296, 0.33161296, 0.33161296, 0.33161296, 0.33161296,\n       0.33161296, 0.33161296]))", "callback": [0.8781722719918909, 0.727674128672978, 0.6347047670230154, 0.6324056938956266, 0.6254943770443364, 0.5941797814748127, 0.5781955575077695, 0.5607779268422337, 0.5548745005004552, 0.5541329904365473, 0.5537110954047333, 0.5521662925615949, 0.5464073478932029, 0.5167959431701641, 0.4866342178276444, 0.4786032970191575, 0.47400203364749693, 0.47041213964905393, 0.4673714670860182, 0.46540607142098434, 0.46474262282940315, 0.4644943617297652, 0.4641769511261493, 0.4641037858476478, 0.4640575930079547, 0.46398487043299985, 0.46376501714896945, 0.4624092047770346, 0.45876704851976313, 0.4512546062389503, 0.44654331384682777, 0.4406526217372636, 0.42617980365315333, 0.424710131874493, 0.4203642113889743, 0.41610428276926137, 0.4066307852071399, 0.39888766661754427, 0.3946456852124608, 0.390835781806834, 0.38925176099807623, 0.38741738768656653, 0.38644729793480403, 0.3854730854534072, 0.3851984303441037, 0.3836304626397524, 0.38128124775844696, 0.3786214046121007, 0.3721975872143236, 0.35476891555550794, 0.34077933071303745, 0.33869591496907414, 0.33869591496907414, 0.33736745561882586, 0.3352139710755708, 0.33378362040745757, 0.33292865409325967, 0.33277895094044774, 0.33271788556014426, 0.3326460238701153, 0.3325157715158076, 0.33214413569560197, 0.33194392203630274, 0.3317927312530994, 0.33168590186939684, 0.3316679525285293, 0.33163636861130597, 0.3316183629831626, 0.33161442059736024, 0.3316132852930135, 0.3316130346312235, 0.33161298592211486, 0.3316129691298151, 0.331612961625126, 0.33161296084363534, 0.331612959639046, 0.3316129585734888, 0.3316129584188342, 0.3316129583695012, 0.3316129583621623, 0.331612958361033, 0.3316129583608054, 0.33161295836077176, 0.33161295836076254, 0.3316129583607602, 0.33161295836075977, 0.33161295836075966, 0.33161295836075955]}, "10": {"maxiter": 1000, "fatol": 1e-10, "xatol": 1e-05, "duration": 0.28226304054260254, "fun": "0.3316129583629416", "nit": "789", "nfev": "1214", "status": "0", "success": "True", "message": "Optimization terminated successfully.", "x": "[ 1.68140177  2.38953316 -2.03752506  1.13740307  4.79857877  5.25120852]", "final_simplex": "(array([[ 1.68140177,  2.38953316, -2.03752506,  1.13740307,  4.79857877,\n         5.25120852],\n       [ 1.68140094,  2.38953753, -2.03751872,  1.13740604,  4.79857299,\n         5.25121219],\n       [ 1.6814039 ,  2.38953993, -2.03752242,  1.13740735,  4.79857689,\n         5.25121044],\n       [ 1.68140431,  2.38953566, -2.03752513,  1.13740703,  4.79857249,\n         5.25121113],\n       [ 1.68140035,  2.38954071, -2.037522  ,  1.13740917,  4.7985715 ,\n         5.25120858],\n       [ 1.68140062,  2.38953796, -2.0375269 ,  1.13740139,  4.79857294,\n         5.25121117],\n       [ 1.68140504,  2.38953907, -2.03751575,  1.13740692,  4.79857033,\n         5.25120847]]), array([0.33161296, 0.33161296, 0.33161296, 0.33161296, 0.33161296,\n       0.33161296, 0.33161296]))", "callback": [0.8781722719918909, 0.727674128672978, 0.6347047670230154, 0.6324056938956266, 0.6254943770443364, 0.5941797814748127, 0.5781955575077695, 0.5607779268422337, 0.5548745005004552, 0.5541329904365473, 0.5537110954047333, 0.5521662925615949, 0.5464073478932029, 0.5167959431701641, 0.4866342178276444, 0.4786032970191575, 0.47400203364749693, 0.47041213964905393, 0.4673714670860182, 0.46540607142098434, 0.46474262282940315, 0.4644943617297652, 0.4641769511261493, 0.4641037858476478, 0.4640575930079547, 0.46398487043299985, 0.46376501714896945, 0.4624092047770346, 0.45876704851976313, 0.4512546062389503, 0.44654331384682777, 0.4406526217372636, 0.42617980365315333, 0.424710131874493, 0.4203642113889743, 0.41610428276926137, 0.4066307852071399, 0.39888766661754427, 0.3946456852124608, 0.390835781806834, 0.38925176099807623, 0.38741738768656653, 0.38644729793480403, 0.3854730854534072, 0.3851984303441037, 0.3836304626397524, 0.38128124775844696, 0.3786214046121007, 0.3721975872143236, 0.35476891555550794, 0.34077933071303745, 0.33869591496907414, 0.33869591496907414, 0.33736745561882586, 0.3352139710755708, 0.33378362040745757, 0.33292865409325967, 0.33277895094044774, 0.33271788556014426, 0.3326460238701153, 0.3325157715158076, 0.33214413569560197, 0.33194392203630274, 0.3317927312530994, 0.33168590186939684, 0.3316679525285293, 0.33163636861130597, 0.3316183629831626, 0.33161442059736024, 0.3316132852930135, 0.3316130346312235, 0.33161298592211486, 0.3316129691298151, 0.331612961625126, 0.33161296084363534, 0.331612959639046, 0.3316129585734888, 0.3316129584188342, 0.3316129583695012]}, "11": {"maxiter": 1000, "fatol": 1e-10, "xatol": 1e-10, "duration": 0.3218379020690918, "fun": "0.33161295836075955", "nit": "876", "nfev": "1421", "status": "0", "success": "True", "message": "Optimization terminated successfully.", "x": "[ 1.68140183  2.38953514 -2.03752173  1.13740565  4.79857549  5.25120874]", "final_simplex": "(array([[ 1.68140183,  2.38953514, -2.03752173,  1.13740565,  4.79857549,\n         5.25120874],\n       [ 1.68140183,  2.38953514, -2.03752173,  1.13740565,  4.79857549,\n         5.25120874],\n       [ 1.68140183,  2.38953514, -2.03752173,  1.13740565,  4.79857549,\n         5.25120874],\n       [ 1.68140183,  2.38953514, -2.03752173,  1.13740565,  4.79857549,\n         5.25120874],\n       [ 1.68140183,  2.38953514, -2.03752173,  1.13740565,  4.79857549,\n         5.25120874],\n       [ 1.68140183,  2.38953514, -2.03752173,  1.13740565,  4.79857549,\n         5.25120874],\n       [ 1.68140183,  2.38953514, -2.03752173,  1.13740565,  4.79857549,\n         5.25120874]]), array([0.33161296, 0.33161296, 0.33161296, 0.33161296, 0.33161296,\n       0.33161296, 0.33161296]))", "callback": [0.8781722719918909, 0.727674128672978, 0.6347047670230154, 0.6324056938956266, 0.6254943770443364, 0.5941797814748127, 0.5781955575077695, 0.5607779268422337, 0.5548745005004552, 0.5541329904365473, 0.5537110954047333, 0.5521662925615949, 0.5464073478932029, 0.5167959431701641, 0.4866342178276444, 0.4786032970191575, 0.47400203364749693, 0.47041213964905393, 0.4673714670860182, 0.46540607142098434, 0.46474262282940315, 0.4644943617297652, 0.4641769511261493, 0.4641037858476478, 0.4640575930079547, 0.46398487043299985, 0.46376501714896945, 0.4624092047770346, 0.45876704851976313, 0.4512546062389503, 0.44654331384682777, 0.4406526217372636, 0.42617980365315333, 0.424710131874493, 0.4203642113889743, 0.41610428276926137, 0.4066307852071399, 0.39888766661754427, 0.3946456852124608, 0.390835781806834, 0.38925176099807623, 0.38741738768656653, 0.38644729793480403, 0.3854730854534072, 0.3851984303441037, 0.3836304626397524, 0.38128124775844696, 0.3786214046121007, 0.3721975872143236, 0.35476891555550794, 0.34077933071303745, 0.33869591496907414, 0.33869591496907414, 0.33736745561882586, 0.3352139710755708, 0.33378362040745757, 0.33292865409325967, 0.33277895094044774, 0.33271788556014426, 0.3326460238701153, 0.3325157715158076, 0.33214413569560197, 0.33194392203630274, 0.3317927312530994, 0.33168590186939684, 0.3316679525285293, 0.33163636861130597, 0.3316183629831626, 0.33161442059736024, 0.3316132852930135, 0.3316130346312235, 0.33161298592211486, 0.3316129691298151, 0.331612961625126, 0.33161296084363534, 0.331612959639046, 0.3316129585734888, 0.3316129584188342, 0.3316129583695012, 0.3316129583621623, 0.331612958361033, 0.3316129583608054, 0.33161295836077176, 0.33161295836076254, 0.3316129583607602, 0.33161295836075977, 0.33161295836075966, 0.33161295836075955]}}, "bfgs": {"type": "gradient", "0": {"maxiter": 100, "gtol": 1e-05, "xrtol": 1e-05, "eps": 1e-05, "duration": 0.07452797889709473, "fun": "0.3316129584131766", "jac": "[-7.43227702e-07 -1.80144788e-07 -4.36450875e-07 -3.20643512e-07\n -1.61523017e-06 -1.05159215e-06]", "hess_inv": "[[ 3.88371257  1.28274094 -0.01330883  0.87290091 -0.33307032  0.74024923]\n [ 1.28274094  7.67285298  1.09119804  3.45033313 -2.63120684  0.34245102]\n [-0.01330883  1.09119804  4.25243671  2.07923032 -0.6499324  -0.52492332]\n [ 0.87290091  3.45033313  2.07923032  5.70329481 -0.94349789 -0.88406353]\n [-0.33307032 -2.63120684 -0.6499324  -0.94349789  5.22300623 -2.25807424]\n [ 0.74024923  0.34245102 -0.52492332 -0.88406353 -2.25807424  5.83700185]]", "nfev": "322", "njev": "46", "status": "0", "success": "True", "message": "Optimization terminated successfully.", "x": "[ 1.68139087  2.38952206 -2.03753082  1.13739019  4.79857232  5.25120496]", "nit": "38", "callback": [0.7515315359649836, 0.7194288205066632, 0.7087547476682226, 0.6899732401326707, 0.6620540660649679, 0.6434439594029719, 0.6161332340538397, 0.5649466183977586, 0.5024329941409807, 0.473480449422233, 0.43339582493314155, 0.39649588065477637, 0.39100477524056143, 0.3874753020964812, 0.3856889974174741, 0.3854084890123628, 0.38530458510057697, 0.38517006738524673, 0.3850860857354761, 0.3849995964972378, 0.38485634567289684, 0.38459308230359446, 0.38042898389695645, 0.3803485267237282, 0.3778274815472471, 0.37383073249751986, 0.3669849863747495, 0.3560450257692188, 0.3459933981626153, 0.3435332317464569, 0.3390974554128996, 0.33284873034378537, 0.3316434990854882, 0.33162662125024833, 0.3316145908184217, 0.331612988543034, 0.33161296022953457, 0.3316129584131766]}, "1": {"maxiter": 100, "gtol": 1e-05, "xrtol": 1e-05, "eps": 1e-10, "duration": 0.07326602935791016, "fun": "0.3316129584112151", "jac": "[ 1.11022293e-06 -3.33066880e-06  0.00000000e+00 -2.22044587e-06\n -3.33066880e-06 -3.33066880e-06]", "hess_inv": "[[ 3.88575944  1.23845899 -0.13973206  0.73019414 -0.39834776  0.74971689]\n [ 1.23845899  7.59763321  0.66394224  3.01764901 -2.61752531  0.52810956]\n [-0.13973206  0.66394224  4.18088687  1.93515548 -0.70366582 -0.61132323]\n [ 0.73019414  3.01764901  1.93515548  5.52194077 -1.10360728 -0.93151635]\n [-0.39834776 -2.61752531 -0.70366582 -1.10360728  5.41356535 -2.24458669]\n [ 0.74971689  0.52810956 -0.61132323 -0.93151635 -2.24458669  5.92266502]]", "nfev": "322", "njev": "46", "status": "0", "success": "True", "message": "Optimization terminated successfully.", "x": "[ 1.68140034  2.38951955 -2.03752321  1.13739541  4.79856821  5.25120528]", "nit": "38", "callback": [0.7515310652188238, 0.7194287979534952, 0.7087546768952112, 0.6899730468125589, 0.6620535671874404, 0.6434431071469171, 0.6161320423854575, 0.5649425719243033, 0.5024255146879077, 0.47347524793529117, 0.4333992341902789, 0.3964950259883484, 0.3910045411630704, 0.3874758513554498, 0.38568918656197093, 0.3854087882235748, 0.3853048885934214, 0.38517030137066155, 0.3850863063621609, 0.38499964540097986, 0.3848562777120319, 0.38459279000491964, 0.38042659696921033, 0.3803462382742988, 0.377803986990045, 0.3738193043989644, 0.3670026497913156, 0.3560907079599477, 0.34625054291487367, 0.34349970780879946, 0.33861047588175075, 0.332260012674057, 0.33164367349740187, 0.3316268116013592, 0.3316132083635359, 0.3316129836698455, 0.3316129588187229, 0.3316129584112151]}, "2": {"maxiter": 100, "gtol": 1e-05, "xrtol": 1e-10, "eps": 1e-05, "duration": 0.07238912582397461, "fun": "0.3316129584131766", "jac": "[-7.43227702e-07 -1.80144788e-07 -4.36450875e-07 -3.20643512e-07\n -1.61523017e-06 -1.05159215e-06]", "hess_inv": "[[ 3.88371257  1.28274094 -0.01330883  0.87290091 -0.33307032  0.74024923]\n [ 1.28274094  7.67285298  1.09119804  3.45033313 -2.63120684  0.34245102]\n [-0.01330883  1.09119804  4.25243671  2.07923032 -0.6499324  -0.52492332]\n [ 0.87290091  3.45033313  2.07923032  5.70329481 -0.94349789 -0.88406353]\n [-0.33307032 -2.63120684 -0.6499324  -0.94349789  5.22300623 -2.25807424]\n [ 0.74024923  0.34245102 -0.52492332 -0.88406353 -2.25807424  5.83700185]]", "nfev": "322", "njev": "46", "status": "0", "success": "True", "message": "Optimization terminated successfully.", "x": "[ 1.68139087  2.38952206 -2.03753082  1.13739019  4.79857232  5.25120496]", "nit": "38", "callback": [0.7515315359649836, 0.7194288205066632, 0.7087547476682226, 0.6899732401326707, 0.6620540660649679, 0.6434439594029719, 0.6161332340538397, 0.5649466183977586, 0.5024329941409807, 0.473480449422233, 0.43339582493314155, 0.39649588065477637, 0.39100477524056143, 0.3874753020964812, 0.3856889974174741, 0.3854084890123628, 0.38530458510057697, 0.38517006738524673, 0.3850860857354761, 0.3849995964972378, 0.38485634567289684, 0.38459308230359446, 0.38042898389695645, 0.3803485267237282, 0.3778274815472471, 0.37383073249751986, 0.3669849863747495, 0.3560450257692188, 0.3459933981626153, 0.3435332317464569, 0.3390974554128996, 0.33284873034378537, 0.3316434990854882, 0.33162662125024833, 0.3316145908184217, 0.331612988543034, 0.33161296022953457, 0.3316129584131766]}, "3": {"maxiter": 100, "gtol": 1e-05, "xrtol": 1e-10, "eps": 1e-10, "duration": 0.07223987579345703, "fun": "0.3316129584112151", "jac": "[ 1.11022293e-06 -3.33066880e-06  0.00000000e+00 -2.22044587e-06\n -3.33066880e-06 -3.33066880e-06]", "hess_inv": "[[ 3.88575944  1.23845899 -0.13973206  0.73019414 -0.39834776  0.74971689]\n [ 1.23845899  7.59763321  0.66394224  3.01764901 -2.61752531  0.52810956]\n [-0.13973206  0.66394224  4.18088687  1.93515548 -0.70366582 -0.61132323]\n [ 0.73019414  3.01764901  1.93515548  5.52194077 -1.10360728 -0.93151635]\n [-0.39834776 -2.61752531 -0.70366582 -1.10360728  5.41356535 -2.24458669]\n [ 0.74971689  0.52810956 -0.61132323 -0.93151635 -2.24458669  5.92266502]]", "nfev": "322", "njev": "46", "status": "0", "success": "True", "message": "Optimization terminated successfully.", "x": "[ 1.68140034  2.38951955 -2.03752321  1.13739541  4.79856821  5.25120528]", "nit": "38", "callback": [0.7515310652188238, 0.7194287979534952, 0.7087546768952112, 0.6899730468125589, 0.6620535671874404, 0.6434431071469171, 0.6161320423854575, 0.5649425719243033, 0.5024255146879077, 0.47347524793529117, 0.4333992341902789, 0.3964950259883484, 0.3910045411630704, 0.3874758513554498, 0.38568918656197093, 0.3854087882235748, 0.3853048885934214, 0.38517030137066155, 0.3850863063621609, 0.38499964540097986, 0.3848562777120319, 0.38459279000491964, 0.38042659696921033, 0.3803462382742988, 0.377803986990045, 0.3738193043989644, 0.3670026497913156, 0.3560907079599477, 0.34625054291487367, 0.34349970780879946, 0.33861047588175075, 0.332260012674057, 0.33164367349740187, 0.3316268116013592, 0.3316132083635359, 0.3316129836698455, 0.3316129588187229, 0.3316129584112151]}, "4": {"maxiter": 100, "gtol": 1e-10, "xrtol": 1e-05, "eps": 1e-05, "duration": 0.07383084297180176, "fun": "0.3316129583866798", "jac": "[1.76825221e-07 1.59428026e-08 1.97586392e-07 4.30877556e-08\n 2.93309821e-07 2.27018404e-07]", "hess_inv": "[[ 3.95553565  1.303588    0.06123619  1.01398074 -0.31936659  0.69487131]\n [ 1.303588    7.67407289  1.10029923  3.46499963 -2.60810626  0.35228218]\n [ 0.06123619  1.10029923  4.29727792  2.15745688 -0.58608793 -0.51233315]\n [ 1.01398074  3.46499963  2.15745688  5.83742608 -0.81254418 -0.8480569 ]\n [-0.31936659 -2.60810626 -0.58608793 -0.81254418  5.14992568 -2.35778334]\n [ 0.69487131  0.35228218 -0.51233315 -0.8480569  -2.35778334  5.7561496 ]]", "nfev": "329", "njev": "47", "status": "0", "success": "True", "message": "Optimization terminated successfully.", "x": "[ 1.68139462  2.38952216 -2.03752949  1.13739218  4.79857693  5.25120729]", "nit": "39", "callback": [0.7515315359649836, 0.7194288205066632, 0.7087547476682226, 0.6899732401326707, 0.6620540660649679, 0.6434439594029719, 0.6161332340538397, 0.5649466183977586, 0.5024329941409807, 0.473480449422233, 0.43339582493314155, 0.39649588065477637, 0.39100477524056143, 0.3874753020964812, 0.3856889974174741, 0.3854084890123628, 0.38530458510057697, 0.38517006738524673, 0.3850860857354761, 0.3849995964972378, 0.38485634567289684, 0.38459308230359446, 0.38042898389695645, 0.3803485267237282, 0.3778274815472471, 0.37383073249751986, 0.3669849863747495, 0.3560450257692188, 0.3459933981626153, 0.3435332317464569, 0.3390974554128996, 0.33284873034378537, 0.3316434990854882, 0.33162662125024833, 0.3316145908184217, 0.331612988543034, 0.33161296022953457, 0.3316129584131766, 0.3316129583866798]}, "5": {"maxiter": 100, "gtol": 1e-10, "xrtol": 1e-05, "eps": 1e-10, "duration": 0.07364106178283691, "fun": "0.3316129583671201", "jac": "[ 0.00000000e+00  0.00000000e+00  0.00000000e+00  2.22044587e-06\n -2.22044587e-06  0.00000000e+00]", "hess_inv": "[[ 3.96891356e+00  1.13955908e+00 -1.37528571e-01  5.75129035e-01\n  -3.93667564e-01  6.04987685e-01]\n [ 1.13955908e+00  6.50607205e+00  5.61274855e-01  2.31773279e+00\n  -2.60872553e+00 -6.21235957e-03]\n [-1.37528571e-01  5.61274855e-01  4.17266753e+00  1.85787699e+00\n  -7.02353157e-01 -6.73609663e-01]\n [ 5.75129035e-01  2.31773279e+00  1.85787699e+00  5.16433703e+00\n  -1.10182810e+00 -1.17829588e+00]\n [-3.93667564e-01 -2.60872553e+00 -7.02353157e-01 -1.10182810e+00\n   5.41365809e+00 -2.24433923e+00]\n [ 6.04987685e-01 -6.21235957e-03 -6.73609663e-01 -1.17829588e+00\n  -2.24433923e+00  5.76182489e+00]]", "nfev": "329", "njev": "47", "status": "0", "success": "True", "message": "Optimization terminated successfully.", "x": "[ 1.68140171  2.38953639 -2.03752164  1.13740636  4.79856807  5.25121369]", "nit": "39", "callback": [0.7515310652188238, 0.7194287979534952, 0.7087546768952112, 0.6899730468125589, 0.6620535671874404, 0.6434431071469171, 0.6161320423854575, 0.5649425719243033, 0.5024255146879077, 0.47347524793529117, 0.4333992341902789, 0.3964950259883484, 0.3910045411630704, 0.3874758513554498, 0.38568918656197093, 0.3854087882235748, 0.3853048885934214, 0.38517030137066155, 0.3850863063621609, 0.38499964540097986, 0.3848562777120319, 0.38459279000491964, 0.38042659696921033, 0.3803462382742988, 0.377803986990045, 0.3738193043989644, 0.3670026497913156, 0.3560907079599477, 0.34625054291487367, 0.34349970780879946, 0.33861047588175075, 0.332260012674057, 0.33164367349740187, 0.3316268116013592, 0.3316132083635359, 0.3316129836698455, 0.3316129588187229, 0.3316129584112151, 0.3316129583671201]}, "6": {"maxiter": 100, "gtol": 1e-10, "xrtol": 1e-10, "eps": 1e-05, "duration": 0.1179351806640625, "fun": "0.3316129583866798", "jac": "[1.76825221e-07 1.59428026e-08 1.97586392e-07 4.30877556e-08\n 2.93309821e-07 2.27018404e-07]", "hess_inv": "[[ 3.75736299  1.29559873 -0.09455843  0.90087057 -0.49485751  0.55304748]\n [ 1.29559873  7.67378692  1.09517368  3.46054585 -2.61611218  0.34681373]\n [-0.09455843  1.09517368  4.21175667  2.07193263 -0.75383633 -0.61585864]\n [ 0.90087057  3.46054585  2.07193263  5.77317908 -0.91544694 -0.92827229]\n [-0.49485751 -2.61611218 -0.75383633 -0.91544694  5.01852513 -2.48979819]\n [ 0.55304748  0.34681373 -0.61585864 -0.92827229 -2.48979819  5.65637107]]", "nfev": "516", "njev": "72", "status": "2", "success": "False", "message": "Desired error not necessarily achieved due to precision loss.", "x": "[ 1.68139462  2.38952216 -2.03752949  1.13739218  4.79857693  5.25120729]", "nit": "39", "callback": [0.7515315359649836, 0.7194288205066632, 0.7087547476682226, 0.6899732401326707, 0.6620540660649679, 0.6434439594029719, 0.6161332340538397, 0.5649466183977586, 0.5024329941409807, 0.473480449422233, 0.43339582493314155, 0.39649588065477637, 0.39100477524056143, 0.3874753020964812, 0.3856889974174741, 0.3854084890123628, 0.38530458510057697, 0.38517006738524673, 0.3850860857354761, 0.3849995964972378, 0.38485634567289684, 0.38459308230359446, 0.38042898389695645, 0.3803485267237282, 0.3778274815472471, 0.37383073249751986, 0.3669849863747495, 0.3560450257692188, 0.3459933981626153, 0.3435332317464569, 0.3390974554128996, 0.33284873034378537, 0.3316434990854882, 0.33162662125024833, 0.3316145908184217, 0.331612988543034, 0.33161296022953457, 0.3316129584131766, 0.3316129583866798]}, "7": {"maxiter": 100, "gtol": 1e-10, "xrtol": 1e-10, "eps": 1e-10, "duration": 0.09961867332458496, "fun": "0.33161295836385585", "jac": "[1.11022293e-06 0.00000000e+00 1.11022293e-06 0.00000000e+00\n 0.00000000e+00 2.22044587e-06]", "hess_inv": "[[ 3.97099805  0.93184573 -0.06376444  0.71182652 -0.25014273  0.30529359]\n [ 0.93184573  5.24424961  0.10766166  1.32095627 -0.57602003 -0.72256606]\n [-0.06376444  0.10766166  4.61361144  2.70542184 -0.80595574 -1.65299508]\n [ 0.71182652  1.32095627  2.70542184  6.68619971 -1.47041856 -3.0885327 ]\n [-0.25014273 -0.57602003 -0.80595574 -1.47041856  2.32166078  0.21102864]\n [ 0.30529359 -0.72256606 -1.65299508 -3.0885327   0.21102864  6.12241584]]", "nfev": "406", "njev": "58", "status": "0", "success": "True", "message": "Optimization terminated successfully.", "x": "[ 1.68140115  2.38953511 -2.03752343  1.1374031   4.79857323  5.25121416]", "nit": "41", "callback": [0.7515310652188238, 0.7194287979534952, 0.7087546768952112, 0.6899730468125589, 0.6620535671874404, 0.6434431071469171, 0.6161320423854575, 0.5649425719243033, 0.5024255146879077, 0.47347524793529117, 0.4333992341902789, 0.3964950259883484, 0.3910045411630704, 0.3874758513554498, 0.38568918656197093, 0.3854087882235748, 