{"date": "2024/09/24/, 19:12:00", "conf_id": 28, "data_type": "random\n", "num_data_points": 2, "s_rank": 0, "unitary": "[[-0.53618537-0.34368723j,-0.12107031-0.46226139j,-0.07699282-0.46603512j,0.36022595-0.11472301j],[0.26026499-0.63450712j,-0.56616638+0.37832564j,-0.14988651+0.08458591j,0.10363514-0.16008501j],[-0.32580188-0.11070003j,-0.36476308-0.23593218j,0.02559343+0.41761608j,-0.25598305+0.6725303j],[0.07406738-0.0126433j,0.28513701+0.19483972j,-0.74939717-0.10299659j,0.29798249+0.46269921j]]", "databatch_0": {"databatch": "[[[2.78743414e-01+0.07382166j,-2.49752120e-01+0.11808011j,-1.10473855e-01-0.47296656j,-6.25341296e-02+0.10575807j],[-5.39107080e-02-0.14446834j,-1.89642480e-02+0.03835783j,-2.64002094e-04+0.03398402j,1.57446329e-01-0.29974955j],[1.28636622e-03+0.01497286j,-1.06409636e-01-0.00205637j,9.42635252e-02-0.14458711j,-7.99052289e-03-0.19766753j],[-1.65057661e-01-0.0636643j,-4.95115694e-02+0.09689637j,2.17952341e-02-0.10601316j,-2.31410428e-01-0.50916721j]],[[-8.22791846e-02+0.18330686j,1.40896208e-01+0.26073833j,1.42642718e-01-0.3226968j,3.20300048e-04-0.3901239j],[-2.71128866e-02+0.05710871j,-5.07091251e-02+0.13992289j,1.90779929e-01+0.03430144j,2.11503622e-01-0.25088662j],[7.97536593e-02+0.02701607j,1.52271258e-01-0.17055012j,-3.40092890e-01-0.08341821j,-2.72315797e-01+0.24291544j],[-2.59148375e-02+0.07629723j,8.07764686e-02-0.05165997j,-2.23800388e-01-0.08759361j,-4.66906838e-02+0.18149963j]]]", "initial param values": "[1.49311526,2.3256143,1.7973449,0.23637561,5.9588239,2.78111538]", "nelder_mead": {"type": "gradient-free", "0": {"maxiter": 100, "fatol": 1e-05, "xatol": 1e-05, "duration": 0.03681612014770508, "fun": "0.3149901173741162", "nit": "100", "nfev": "150", "status": "2", "success": "False", "message": "Maximum number of iterations has been exceeded.", "x": "[ 1.57128099  2.56685946 -0.92417511  0.15583393 10.01490436 -0.63505977]", "final_simplex": "(array([[ 1.57128099,  2.56685946, -0.92417511,  0.15583393, 10.01490436,\n        -0.63505977],\n       [ 1.61971189,  2.4656948 , -0.85431482,  0.18131706,  9.21235917,\n         0.22480345],\n       [ 1.47493419,  2.73846818, -0.77673562,  0.13858216,  9.60013471,\n        -0.24433132],\n       [ 1.56858245,  2.74008632, -0.74439061,  0.11791996, 10.01337547,\n        -0.59840664],\n       [ 1.52624274,  2.7336894 , -0.96158553,  0.12421425,  9.88743236,\n        -0.54726424],\n       [ 1.49070202,  2.645549  , -0.7463532 ,  0.20995465,  8.38103929,\n         1.04373463],\n       [ 1.5483114 ,  2.66221222, -0.68446068,  0.17795752,  8.7125828 ,\n         0.63893238]]), array([0.31499012, 0.31674772, 0.32244932, 0.32579146, 0.32675759,\n       0.32946136, 0.33146184]))", "callback": [0.8522468434757222, 0.6712050378265442, 0.4369830262993395, 0.38247741522487166, 0.3762712032838137, 0.374145551805822, 0.37086803633660836, 0.3660647093146182, 0.3579463826919188, 0.3387775167015077]}, "1": {"maxiter": 100, "fatol": 1e-05, "xatol": 1e-10, "duration": 0.03771781921386719, "fun": "0.3149901173741162", "nit": "100", "nfev": "150", "status": "2", "success": "False", "message": "Maximum number of iterations has been exceeded.", "x": "[ 1.57128099  2.56685946 -0.92417511  0.15583393 10.01490436 -0.63505977]", "final_simplex": "(array([[ 1.57128099,  2.56685946, -0.92417511,  0.15583393, 10.01490436,\n        -0.63505977],\n       [ 1.61971189,  2.4656948 , -0.85431482,  0.18131706,  9.21235917,\n         0.22480345],\n       [ 1.47493419,  2.73846818, -0.77673562,  0.13858216,  9.60013471,\n        -0.24433132],\n       [ 1.56858245,  2.74008632, -0.74439061,  0.11791996, 10.01337547,\n        -0.59840664],\n       [ 1.52624274,  2.7336894 , -0.96158553,  0.12421425,  9.88743236,\n        -0.54726424],\n       [ 1.49070202,  2.645549  , -0.7463532 ,  0.20995465,  8.38103929,\n         1.04373463],\n       [ 1.5483114 ,  2.66221222, -0.68446068,  0.17795752,  8.7125828 ,\n         0.63893238]]), array([0.31499012, 0.31674772, 0.32244932, 0.32579146, 0.32675759,\n       0.32946136, 0.33146184]))", "callback": [0.8522468434757222, 0.6712050378265442, 0.4369830262993395, 0.38247741522487166, 0.3762712032838137, 0.374145551805822, 0.37086803633660836, 0.3660647093146182, 0.3579463826919188, 0.3387775167015077]}, "2": {"maxiter": 100, "fatol": 1e-10, "xatol": 1e-05, "duration": 0.038684844970703125, "fun": "0.3149901173741162", "nit": "100", "nfev": "150", "status": "2", "success": "False", "message": "Maximum number of iterations has been exceeded.", "x": "[ 1.57128099  2.56685946 -0.92417511  0.15583393 10.01490436 -0.63505977]", "final_simplex": "(array([[ 1.57128099,  2.56685946, -0.92417511,  0.15583393, 10.01490436,\n        -0.63505977],\n       [ 1.61971189,  2.4656948 , -0.85431482,  0.18131706,  9.21235917,\n         0.22480345],\n       [ 1.47493419,  2.73846818, -0.77673562,  0.13858216,  9.60013471,\n        -0.24433132],\n       [ 1.56858245,  2.74008632, -0.74439061,  0.11791996, 10.01337547,\n        -0.59840664],\n       [ 1.52624274,  2.7336894 , -0.96158553,  0.12421425,  9.88743236,\n        -0.54726424],\n       [ 1.49070202,  2.645549  , -0.7463532 ,  0.20995465,  8.38103929,\n         1.04373463],\n       [ 1.5483114 ,  2.66221222, -0.68446068,  0.17795752,  8.7125828 ,\n         0.63893238]]), array([0.31499012, 0.31674772, 0.32244932, 0.32579146, 0.32675759,\n       0.32946136, 0.33146184]))", "callback": [0.8522468434757222, 0.6712050378265442, 0.4369830262993395, 0.38247741522487166, 0.3762712032838137, 0.374145551805822, 0.37086803633660836, 0.3660647093146182, 0.3579463826919188, 0.3387775167015077]}, "3": {"maxiter": 100, "fatol": 1e-10, "xatol": 1e-10, "duration": 0.03667116165161133, "fun": "0.3149901173741162", "nit": "100", "nfev": "150", "status": "2", "success": "False", "message": "Maximum number of iterations has been exceeded.", "x": "[ 1.57128099  2.56685946 -0.92417511  0.15583393 10.01490436 -0.63505977]", "final_simplex": "(array([[ 1.57128099,  2.56685946, -0.92417511,  0.15583393, 10.01490436,\n        -0.63505977],\n       [ 1.61971189,  2.4656948 , -0.85431482,  0.18131706,  9.21235917,\n         0.22480345],\n       [ 1.47493419,  2.73846818, -0.77673562,  0.13858216,  9.60013471,\n        -0.24433132],\n       [ 1.56858245,  2.74008632, -0.74439061,  0.11791996, 10.01337547,\n        -0.59840664],\n       [ 1.52624274,  2.7336894 , -0.96158553,  0.12421425,  9.88743236,\n        -0.54726424],\n       [ 1.49070202,  2.645549  , -0.7463532 ,  0.20995465,  8.38103929,\n         1.04373463],\n       [ 1.5483114 ,  2.66221222, -0.68446068,  0.17795752,  8.7125828 ,\n         0.63893238]]), array([0.31499012, 0.31674772, 0.32244932, 0.32579146, 0.32675759,\n       0.32946136, 0.33146184]))", "callback": [0.8522468434757222, 0.6712050378265442, 0.4369830262993395, 0.38247741522487166, 0.3762712032838137, 0.374145551805822, 0.37086803633660836, 0.3660647093146182, 0.3579463826919188, 0.3387775167015077]}, "4": {"maxiter": 500, "fatol": 1e-05, "xatol": 1e-05, "duration": 0.18578505516052246, "fun": "0.29410398195681287", "nit": "472", "nfev": "744", "status": "0", "success": "True", "message": "Optimization terminated successfully.", "x": "[ 1.58582804  2.61343994 -1.10506162  0.52858941 10.18712259 -0.58639438]", "final_simplex": "(array([[ 1.58582804,  2.61343994, -1.10506162,  0.52858941, 10.18712259,\n        -0.58639438],\n       [ 1.58583199,  2.61343888, -1.10506124,  0.52859131, 10.18713096,\n        -0.58640111],\n       [ 1.5858299 ,  2.61344172, -1.10505943,  0.52858856, 10.18712328,\n        -0.58639418],\n       [ 1.58582927,  2.61343768, -1.10505925,  0.52858727, 10.18711564,\n        -0.5863867 ],\n       [ 1.58583029,  2.61343905, -1.10506102,  0.52859173, 10.18712128,\n        -0.58639077],\n       [ 1.58582958,  2.61343679, -1.10506073,  0.52858815, 10.18712405,\n        -0.58639332],\n       [ 1.58583489,  2.61344059, -1.10506446,  0.52859378, 10.18712731,\n        -0.58639644]]), array([0.29410398, 0.29410398, 0.29410398, 0.29410398, 0.29410398,\n       0.29410398, 0.29410398]))", "callback": [0.8522468434757222, 0.6712050378265442, 0.4369830262993395, 0.38247741522487166, 0.3762712032838137, 0.374145551805822, 0.37086803633660836, 0.3660647093146182, 0.3579463826919188, 0.3387775167015077, 0.3149901173741162, 0.307406899618618, 0.30470096065858543, 0.3030088713261946, 0.30193555064074773, 0.30135907927164096, 0.3011204621018777, 0.30102262748971287, 0.30094280736636214, 0.30073235600180803, 0.2993626555146479, 0.29712996616209697, 0.2965169423630497, 0.29644189226560946, 0.2963511751654624, 0.29627023517682494, 0.296020239103579, 0.29520583404617784, 0.294808396894111, 0.2945476975781478, 0.294410213499504, 0.29428073421445844, 0.29422825516609696, 0.29413933799268266, 0.29412626810590237, 0.2941169083184172, 0.2941058593655165, 0.2941043718630817, 0.294104049575455, 0.2941039966560519, 0.29410398725705866, 0.2941039831521072, 0.29410398229209234, 0.2941039820443031, 0.2941039819954868, 0.29410398197206755, 0.2941039819609941, 0.29410398195681287]}, "5": {"maxiter": 500, "fatol": 1e-05, "xatol": 1e-10, "duration": 0.1921679973602295, "fun": "0.2941039819531668", "nit": "500", "nfev": "786", "status": "2", "success": "False", "message": "Maximum number of iterations has been exceeded.", "x": "[ 1.58582974  2.61343861 -1.10506032  0.52858984 10.18712094 -0.58639601]", "final_simplex": "(array([[ 1.58582974,  2.61343861, -1.10506032,  0.52858984, 10.18712094,\n        -0.58639601],\n       [ 1.58582875,  2.61343852, -1.10505921,  0.52858835, 10.18712192,\n        -0.5863967 ],\n       [ 1.5858297 ,  2.61343904, -1.10505897,  0.52858976, 10.18712454,\n        -0.58639986],\n       [ 1.58583071,  2.61344002, -1.10505888,  0.52858896, 10.1871226 ,\n        -0.58639711],\n       [ 1.58583072,  2.61343838, -1.10506101,  0.52858964, 10.18712606,\n        -0.58640012],\n       [ 1.58583068,  2.61343734, -1.10505978,  0.52858942, 10.18712411,\n        -0.58639794],\n       [ 1.58582909,  2.61343956, -1.10506053,  0.52859038, 10.18712375,\n        -0.58639817]]), array([0.29410398, 0.29410398, 0.29410398, 0.29410398, 0.29410398,\n       0.29410398, 0.29410398]))", "callback": [0.8522468434757222, 0.6712050378265442, 0.4369830262993395, 0.38247741522487166, 0.3762712032838137, 0.374145551805822, 0.37086803633660836, 0.3660647093146182, 0.3579463826919188, 0.3387775167015077, 0.3149901173741162, 0.307406899618618, 0.30470096065858543, 0.3030088713261946, 0.30193555064074773, 0.30135907927164096, 0.3011204621018777, 0.30102262748971287, 0.30094280736636214, 0.30073235600180803, 0.2993626555146479, 0.29712996616209697, 0.2965169423630497, 0.29644189226560946, 0.2963511751654624, 0.29627023517682494, 0.296020239103579, 0.29520583404617784, 0.294808396894111, 0.2945476975781478, 0.294410213499504, 0.29428073421445844, 0.29422825516609696, 0.29413933799268266, 0.29412626810590237, 0.2941169083184172, 0.2941058593655165, 0.2941043718630817, 0.294104049575455, 0.2941039966560519, 0.29410398725705866, 0.2941039831521072, 0.29410398229209234, 0.2941039820443031, 0.2941039819954868, 0.29410398197206755, 0.2941039819609941, 0.29410398195681287, 0.2941039819544222, 0.2941039819535326]}, "6": {"maxiter": 500, "fatol": 1e-10, "xatol": 1e-05, "duration": 0.20157122611999512, "fun": "0.29410398195681287", "nit": "472", "nfev": "744", "status": "0", "success": "True", "message": "Optimization terminated successfully.", "x": "[ 1.58582804  2.61343994 -1.10506162  0.52858941 10.18712259 -0.58639438]", "final_simplex": "(array([[ 1.58582804,  2.61343994, -1.10506162,  0.52858941, 10.18712259,\n        -0.58639438],\n       [ 1.58583199,  2.61343888, -1.10506124,  0.52859131, 10.18713096,\n        -0.58640111],\n       [ 1.5858299 ,  2.61344172, -1.10505943,  0.52858856, 10.18712328,\n        -0.58639418],\n       [ 1.58582927,  2.61343768, -1.10505925,  0.52858727, 10.18711564,\n        -0.5863867 ],\n       [ 1.58583029,  2.61343905, -1.10506102,  0.52859173, 10.18712128,\n        -0.58639077],\n       [ 1.58582958,  2.61343679, -1.10506073,  0.52858815, 10.18712405,\n        -0.58639332],\n       [ 1.58583489,  2.61344059, -1.10506446,  0.52859378, 10.18712731,\n        -0.58639644]]), array([0.29410398, 0.29410398, 0.29410398, 0.29410398, 0.29410398,\n       0.29410398, 0.29410398]))", "callback": [0.8522468434757222, 0.6712050378265442, 0.4369830262993395, 0.38247741522487166, 0.3762712032838137, 0.374145551805822, 0.37086803633660836, 0.3660647093146182, 0.3579463826919188, 0.3387775167015077, 0.3149901173741162, 0.307406899618618, 0.30470096065858543, 0.3030088713261946, 0.30193555064074773, 0.30135907927164096, 0.3011204621018777, 0.30102262748971287, 0.30094280736636214, 0.30073235600180803, 0.2993626555146479, 0.29712996616209697, 0.2965169423630497, 0.29644189226560946, 0.2963511751654624, 0.29627023517682494, 0.296020239103579, 0.29520583404617784, 0.294808396894111, 0.2945476975781478, 0.294410213499504, 0.29428073421445844, 0.29422825516609696, 0.29413933799268266, 0.29412626810590237, 0.2941169083184172, 0.2941058593655165, 0.2941043718630817, 0.294104049575455, 0.2941039966560519, 0.29410398725705866, 0.2941039831521072, 0.29410398229209234, 0.2941039820443031, 0.2941039819954868, 0.29410398197206755, 0.2941039819609941, 0.29410398195681287]}, "7": {"maxiter": 500, "fatol": 1e-10, "xatol": 1e-10, "duration": 0.20427894592285156, "fun": "0.2941039819531668", "nit": "500", "nfev": "786", "status": "2", "success": "False", "message": "Maximum number of iterations has been exceeded.", "x": "[ 1.58582974  2.61343861 -1.10506032  0.52858984 10.18712094 -0.58639601]", "final_simplex": "(array([[ 1.58582974,  2.61343861, -1.10506032,  0.52858984, 10.18712094,\n        -0.58639601],\n       [ 1.58582875,  2.61343852, -1.10505921,  0.52858835, 10.18712192,\n        -0.5863967 ],\n       [ 1.5858297 ,  2.61343904, -1.10505897,  0.52858976, 10.18712454,\n        -0.58639986],\n       [ 1.58583071,  2.61344002, -1.10505888,  0.52858896, 10.1871226 ,\n        -0.58639711],\n       [ 1.58583072,  2.61343838, -1.10506101,  0.52858964, 10.18712606,\n        -0.58640012],\n       [ 1.58583068,  2.61343734, -1.10505978,  0.52858942, 10.18712411,\n        -0.58639794],\n       [ 1.58582909,  2.61343956, -1.10506053,  0.52859038, 10.18712375,\n        -0.58639817]]), array([0.29410398, 0.29410398, 0.29410398, 0.29410398, 0.29410398,\n       0.29410398, 0.29410398]))", "callback": [0.8522468434757222, 0.6712050378265442, 0.4369830262993395, 0.38247741522487166, 0.3762712032838137, 0.374145551805822, 0.37086803633660836, 0.3660647093146182, 0.3579463826919188, 0.3387775167015077, 0.3149901173741162, 0.307406899618618, 0.30470096065858543, 0.3030088713261946, 0.30193555064074773, 0.30135907927164096, 0.3011204621018777, 0.30102262748971287, 0.30094280736636214, 0.30073235600180803, 0.2993626555146479, 0.29712996616209697, 0.2965169423630497, 0.29644189226560946, 0.2963511751654624, 0.29627023517682494, 0.296020239103579, 0.29520583404617784, 0.294808396894111, 0.2945476975781478, 0.294410213499504, 0.29428073421445844, 0.29422825516609696, 0.29413933799268266, 0.29412626810590237, 0.2941169083184172, 0.2941058593655165, 0.2941043718630817, 0.294104049575455, 0.2941039966560519, 0.29410398725705866, 0.2941039831521072, 0.29410398229209234, 0.2941039820443031, 0.2941039819954868, 0.29410398197206755, 0.2941039819609941, 0.29410398195681287, 0.2941039819544222, 0.2941039819535326]}, "8": {"maxiter": 1000, "fatol": 1e-05, "xatol": 1e-05, "duration": 0.20041918754577637, "fun": "0.29410398195681287", "nit": "472", "nfev": "744", "status": "0", "success": "True", "message": "Optimization terminated successfully.", "x": "[ 1.58582804  2.61343994 -1.10506162  0.52858941 10.18712259 -0.58639438]", "final_simplex": "(array([[ 1.58582804,  2.61343994, -1.10506162,  0.52858941, 10.18712259,\n        -0.58639438],\n       [ 1.58583199,  2.61343888, -1.10506124,  0.52859131, 10.18713096,\n        -0.58640111],\n       [ 1.5858299 ,  2.61344172, -1.10505943,  0.52858856, 10.18712328,\n        -0.58639418],\n       [ 1.58582927,  2.61343768, -1.10505925,  0.52858727, 10.18711564,\n        -0.5863867 ],\n       [ 1.58583029,  2.61343905, -1.10506102,  0.52859173, 10.18712128,\n        -0.58639077],\n       [ 1.58582958,  2.61343679, -1.10506073,  0.52858815, 10.18712405,\n        -0.58639332],\n       [ 1.58583489,  2.61344059, -1.10506446,  0.52859378, 10.18712731,\n        -0.58639644]]), array([0.29410398, 0.29410398, 0.29410398, 0.29410398, 0.29410398,\n       0.29410398, 0.29410398]))", "callback": [0.8522468434757222, 0.6712050378265442, 0.4369830262993395, 0.38247741522487166, 0.3762712032838137, 0.374145551805822, 0.37086803633660836, 0.3660647093146182, 0.3579463826919188, 0.3387775167015077, 0.3149901173741162, 0.307406899618618, 0.30470096065858543, 0.3030088713261946, 0.30193555064074773, 0.30135907927164096, 0.3011204621018777, 0.30102262748971287, 0.30094280736636214, 0.30073235600180803, 0.2993626555146479, 0.29712996616209697, 0.2965169423630497, 0.29644189226560946, 0.2963511751654624, 0.29627023517682494, 0.296020239103579, 0.29520583404617784, 0.294808396894111, 0.2945476975781478, 0.294410213499504, 0.29428073421445844, 0.29422825516609696, 0.29413933799268266, 0.29412626810590237, 0.2941169083184172, 0.2941058593655165, 0.2941043718630817, 0.294104049575455, 0.2941039966560519, 0.29410398725705866, 0.2941039831521072, 0.29410398229209234, 0.2941039820443031, 0.2941039819954868, 0.29410398197206755, 0.2941039819609941, 0.29410398195681287]}, "9": {"maxiter": 1000, "fatol": 1e-05, "xatol": 1e-10, "duration": 0.2420790195465088, "fun": "0.2941039819529562", "nit": "580", "nfev": "978", "status": "0", "success": "True", "message": "Optimization terminated successfully.", "x": "[ 1.58582986  2.61343879 -1.10505959  0.52858943 10.18712242 -0.58639777]", "final_simplex": "(array([[ 1.58582986,  2.61343879, -1.10505959,  0.52858943, 10.18712242,\n        -0.58639777],\n       [ 1.58582986,  2.61343879, -1.10505959,  0.52858943, 10.18712242,\n        -0.58639777],\n       [ 1.58582986,  2.61343879, -1.10505959,  0.52858943, 10.18712242,\n        -0.58639777],\n       [ 1.58582986,  2.61343879, -1.10505959,  0.52858943, 10.18712242,\n        -0.58639777],\n       [ 1.58582986,  2.61343879, -1.10505959,  0.52858943, 10.18712242,\n        -0.58639777],\n       [ 1.58582986,  2.61343879, -1.10505959,  0.52858943, 10.18712242,\n        -0.58639777],\n       [ 1.58582986,  2.61343879, -1.10505959,  0.52858943, 10.18712242,\n        -0.58639777]]), array([0.29410398, 0.29410398, 0.29410398, 0.29410398, 0.29410398,\n       0.29410398, 0.29410398]))", "callback": [0.8522468434757222, 0.6712050378265442, 0.4369830262993395, 0.38247741522487166, 0.3762712032838137, 0.374145551805822, 0.37086803633660836, 0.3660647093146182, 0.3579463826919188, 0.3387775167015077, 0.3149901173741162, 0.307406899618618, 0.30470096065858543, 0.3030088713261946, 0.30193555064074773, 0.30135907927164096, 0.3011204621018777, 0.30102262748971287, 0.30094280736636214, 0.30073235600180803, 0.2993626555146479, 0.29712996616209697, 0.2965169423630497, 0.29644189226560946, 0.2963511751654624, 0.29627023517682494, 0.296020239103579, 0.29520583404617784, 0.294808396894111, 0.2945476975781478, 0.294410213499504, 0.29428073421445844, 0.29422825516609696, 0.29413933799268266, 0.29412626810590237, 0.2941169083184172, 0.2941058593655165, 0.2941043718630817, 0.294104049575455, 0.2941039966560519, 0.29410398725705866, 0.2941039831521072, 0.29410398229209234, 0.2941039820443031, 0.2941039819954868, 0.29410398197206755, 0.2941039819609941, 0.29410398195681287, 0.2941039819544222, 0.2941039819535326, 0.2941039819531668, 0.29410398195298637, 0.29410398195296306, 0.2941039819529574, 0.2941039819529565, 0.2941039819529563, 0.2941039819529562, 0.2941039819529562]}, "10": {"maxiter": 1000, "fatol": 1e-10, "xatol": 1e-05, "duration": 0.17543387413024902, "fun": "0.29410398195681287", "nit": "472", "nfev": "744", "status": "0", "success": "True", "message": "Optimization terminated successfully.", "x": "[ 1.58582804  2.61343994 -1.10506162  0.52858941 10.18712259 -0.58639438]", "final_simplex": "(array([[ 1.58582804,  2.61343994, -1.10506162,  0.52858941, 10.18712259,\n        -0.58639438],\n       [ 1.58583199,  2.61343888, -1.10506124,  0.52859131, 10.18713096,\n        -0.58640111],\n       [ 1.5858299 ,  2.61344172, -1.10505943,  0.52858856, 10.18712328,\n        -0.58639418],\n       [ 1.58582927,  2.61343768, -1.10505925,  0.52858727, 10.18711564,\n        -0.5863867 ],\n       [ 1.58583029,  2.61343905, -1.10506102,  0.52859173, 10.18712128,\n        -0.58639077],\n       [ 1.58582958,  2.61343679, -1.10506073,  0.52858815, 10.18712405,\n        -0.58639332],\n       [ 1.58583489,  2.61344059, -1.10506446,  0.52859378, 10.18712731,\n        -0.58639644]]), array([0.29410398, 0.29410398, 0.29410398, 0.29410398, 0.29410398,\n       0.29410398, 0.29410398]))", "callback": [0.8522468434757222, 0.6712050378265442, 0.4369830262993395, 0.38247741522487166, 0.3762712032838137, 0.374145551805822, 0.37086803633660836, 0.3660647093146182, 0.3579463826919188, 0.3387775167015077, 0.3149901173741162, 0.307406899618618, 0.30470096065858543, 0.3030088713261946, 0.30193555064074773, 0.30135907927164096, 0.3011204621018777, 0.30102262748971287, 0.30094280736636214, 0.30073235600180803, 0.2993626555146479, 0.29712996616209697, 0.2965169423630497, 0.29644189226560946, 0.2963511751654624, 0.29627023517682494, 0.296020239103579, 0.29520583404617784, 0.294808396894111, 0.2945476975781478, 0.294410213499504, 0.29428073421445844, 0.29422825516609696, 0.29413933799268266, 0.29412626810590237, 0.2941169083184172, 0.2941058593655165, 0.2941043718630817, 0.294104049575455, 0.2941039966560519, 0.29410398725705866, 0.2941039831521072, 0.29410398229209234, 0.2941039820443031, 0.2941039819954868, 0.29410398197206755, 0.2941039819609941, 0.29410398195681287]}, "11": {"maxiter": 1000, "fatol": 1e-10, "xatol": 1e-10, "duration": 0.2322070598602295, "fun": "0.2941039819529562", "nit": "580", "nfev": "978", "status": "0", "success": "True", "message": "Optimization terminated successfully.", "x": "[ 1.58582986  2.61343879 -1.10505959  0.52858943 10.18712242 -0.58639777]", "final_simplex": "(array([[ 1.58582986,  2.61343879, -1.10505959,  0.52858943, 10.18712242,\n        -0.58639777],\n       [ 1.58582986,  2.61343879, -1.10505959,  0.52858943, 10.18712242,\n        -0.58639777],\n       [ 1.58582986,  2.61343879, -1.10505959,  0.52858943, 10.18712242,\n        -0.58639777],\n       [ 1.58582986,  2.61343879, -1.10505959,  0.52858943, 10.18712242,\n        -0.58639777],\n       [ 1.58582986,  2.61343879, -1.10505959,  0.52858943, 10.18712242,\n        -0.58639777],\n       [ 1.58582986,  2.61343879, -1.10505959,  0.52858943, 10.18712242,\n        -0.58639777],\n       [ 1.58582986,  2.61343879, -1.10505959,  0.52858943, 10.18712242,\n        -0.58639777]]), array([0.29410398, 0.29410398, 0.29410398, 0.29410398, 0.29410398,\n       0.29410398, 0.29410398]))", "callback": [0.8522468434757222, 0.6712050378265442, 0.4369830262993395, 0.38247741522487166, 0.3762712032838137, 0.374145551805822, 0.37086803633660836, 0.3660647093146182, 0.3579463826919188, 0.3387775167015077, 0.3149901173741162, 0.307406899618618, 0.30470096065858543, 0.3030088713261946, 0.30193555064074773, 0.30135907927164096, 0.3011204621018777, 0.30102262748971287, 0.30094280736636214, 0.30073235600180803, 0.2993626555146479, 0.29712996616209697, 0.2965169423630497, 0.29644189226560946, 0.2963511751654624, 0.29627023517682494, 0.296020239103579, 0.29520583404617784, 0.294808396894111, 0.2945476975781478, 0.294410213499504, 0.29428073421445844, 0.29422825516609696, 0.29413933799268266, 0.29412626810590237, 0.2941169083184172, 0.2941058593655165, 0.2941043718630817, 0.294104049575455, 0.2941039966560519, 0.29410398725705866, 0.2941039831521072, 0.29410398229209234, 0.2941039820443031, 0.2941039819954868, 0.29410398197206755, 0.2941039819609941, 0.29410398195681287, 0.2941039819544222, 0.2941039819535326, 0.2941039819531668, 0.29410398195298637, 0.29410398195296306, 0.2941039819529574, 0.2941039819529565, 0.2941039819529563, 0.2941039819529562, 0.2941039819529562]}}, "bfgs": {"type": "gradient", "0": {"maxiter": 100, "gtol": 1e-05, "xrtol": 1e-05, "eps": 1e-05, "duration": 0.04495692253112793, "fun": "0.2941039819663146", "jac": "[ 2.85538260e-07 -4.27968772e-07  8.00104427e-07  2.97761815e-07\n  7.86037901e-07  6.12543349e-07]", "hess_inv": "[[  6.31266732   1.60229207  -3.63572593  -4.2260253    7.42530525\n   -5.76645835]\n [  1.60229207   4.17517141  -2.16036077  -2.73058256   2.67017019\n   -2.36592795]\n [ -3.63572593  -2.16036077   7.59390143   5.48570447  -6.94094038\n    5.26353841]\n [ -4.2260253   -2.73058256   5.48570447   7.78502149  -7.04423274\n    5.62157666]\n [  7.42530525   2.67017019  -6.94094038  -7.04423274  23.50644786\n  -20.25043328]\n [ -5.76645835  -2.36592795   5.26353841   5.62157666 -20.25043328\n   20.49231479]]", "nfev": "182", "njev": "26", "status": "0", "success": "True", "message": "Optimization terminated successfully.", "x": "[ 1.58582659  2.61343389 -1.10506451 -0.52859401  7.04552981  2.55519201]", "nit": "23", "callback": [0.6046065437772098, 0.5722311988833431, 0.5154813337818775, 0.42434607227678167, 0.3886210157451211, 0.3622583670262113, 0.3233851929642664, 0.299401298806914, 0.2953797031983739, 0.29501891191421137, 0.29485017700604077, 0.2947315297578543, 0.29468148833146657, 0.29460860724042925, 0.2944921019813399, 0.2943193472423984, 0.2941882525907774, 0.2941315925815695, 0.2941088594054251, 0.29410541268470247, 0.2941040144384205, 0.29410398257726655, 0.2941039819663146]}, "1": {"maxiter": 100, "gtol": 1e-05, "xrtol": 1e-05, "eps": 1e-10, "duration": 0.04387688636779785, "fun": "0.29410398213754885", "jac": "[ 1.11022293e-06  0.00000000e+00 -2.22044587e-06 -1.11022293e-06\n  4.44089173e-06  2.22044587e-06]", "hess_inv": "[[  6.68001665   1.6716526   -3.821667    -4.38233724   7.98584074\n   -6.39591737]\n [  1.6716526    4.14536698  -2.12779936  -2.67436568   2.65306169\n   -2.43133972]\n [ -3.821667    -2.12779936   7.57958619   5.41047396  -7.0262046\n    5.48916926]\n [ -4.38233724  -2.67436568   5.41047396   7.6478212   -7.01902204\n    5.76155923]\n [  7.98584074   2.65306169  -7.0262046   -7.01902204  24.0116797\n  -21.05169456]\n [ -6.39591737  -2.43133972   5.48916926   5.76155923 -21.05169456\n   21.48649221]]", "nfev": "182", "njev": "26", "status": "0", "success": "True", "message": "Optimization terminated successfully.", "x": "[ 1.58586681  2.61345289 -1.10508329 -0.52861703  7.0456188   2.55511736]", "nit": "23", "callback": [0.6046065035992887, 0.5722308653040189, 0.5154808801248932, 0.42434555849195155, 0.3886202508809573, 0.36225846167831566, 0.3233860368396333, 0.2994015268973691, 0.2953796191670468, 0.2950187942664311, 0.2948501964961767, 0.2947314895472548, 0.29468147521762045, 0.2946085791613827, 0.2944919967393126, 0.2943190852826063, 0.29418812158569607, 0.2941314881428747, 0.2941088336613559, 0.2941054068618584, 0.2941040133631805, 0.29410398265253934, 0.29410398213754885]}, "2": {"maxiter": 100, "gtol": 1e-05, "xrtol": 1e-10, "eps": 1e-05, "duration": 0.045445919036865234, "fun": "0.2941039819663146", "jac": "[ 2.85538260e-07 -4.27968772e-07  8.00104427e-07  2.97761815e-07\n  7.86037901e-07  6.12543349e-07]", "hess_inv": "[[  6.31266732   1.60229207  -3.63572593  -4.2260253    7.42530525\n   -5.76645835]\n [  1.60229207   4.17517141  -2.16036077  -2.73058256   2.67017019\n   -2.36592795]\n [ -3.63572593  -2.16036077   7.59390143   5.48570447  -6.94094038\n    5.26353841]\n [ -4.2260253   -2.73058256   5.48570447   7.78502149  -7.04423274\n    5.62157666]\n [  7.42530525   2.67017019  -6.94094038  -7.04423274  23.50644786\n  -20.25043328]\n [ -5.76645835  -2.36592795   5.26353841   5.62157666 -20.25043328\n   20.49231479]]", "nfev": "182", "njev": "26", "status": "0", "success": "True", "message": "Optimization terminated successfully.", "x": "[ 1.58582659  2.61343389 -1.10506451 -0.52859401  7.04552981  2.55519201]", "nit": "23", "callback": [0.6046065437772098, 0.5722311988833431, 0.5154813337818775, 0.42434607227678167, 0.3886210157451211, 0.3622583670262113, 0.3233851929642664, 0.299401298806914, 0.2953797031983739, 0.29501891191421137, 0.29485017700604077, 0.2947315297578543, 0.29468148833146657, 0.29460860724042925, 0.2944921019813399, 0.2943193472423984, 0.2941882525907774, 0.2941315925815695, 0.2941088594054251, 0.29410541268470247, 0.2941040144384205, 0.29410398257726655, 0.2941039819663146]}, "3": {"maxiter": 100, "gtol": 1e-05, "xrtol": 1e-10, "eps": 1e-10, "duration": 0.04340028762817383, "fun": "0.29410398213754885", "jac": "[ 1.11022293e-06  0.00000000e+00 -2.22044587e-06 -1.11022293e-06\n  4.44089173e-06  2.22044587e-06]", "hess_inv": "[[  6.68001665   1.6716526   -3.821667    -4.38233724   7.98584074\n   -6.39591737]\n [  1.6716526    4.14536698  -2.12779936  -2.67436568   2.65306169\n   -2.43133972]\n [ -3.821667    -2.12779936   7.57958619   5.41047396  -7.0262046\n    5.48916926]\n [ -4.38233724  -2.67436568   5.41047396   7.6478212   -7.01902204\n    5.76155923]\n [  7.98584074   2.65306169  -7.0262046   -7.01902204  24.0116797\n  -21.05169456]\n [ -6.39591737  -2.43133972   5.48916926   5.76155923 -21.05169456\n   21.48649221]]", "nfev": "182", "njev": "26", "status": "0", "success": "True", "message": "Optimization terminated successfully.", "x": "[ 1.58586681  2.61345289 -1.10508329 -0.52861703  7.0456188   2.55511736]", "nit": "23", "callback": [0.6046065035992887, 0.5722308653040189, 0.5154808801248932, 0.42434555849195155, 0.3886202508809573, 0.36225846167831566, 0.3233860368396333, 0.2994015268973691, 0.2953796191670468, 0.2950187942664311, 0.2948501964961767, 0.2947314895472548, 0.29468147521762045, 0.2946085791613827, 0.2944919967393126, 0.2943190852826063, 0.29418812158569607, 0.2941314881428747, 0.2941088336613559, 0.2941054068618584, 0.2941040133631805, 0.29410398265253934, 0.29410398213754885]}, "4": {"maxiter": 100, "gtol": 1e-10, "xrtol": 1e-05, "eps": 1e-05, "duration": 0.051883697509765625, "fun": "0.2941039819663146", "jac": "[ 2.85538260e-07 -4.27968772e-07  8.00104427e-07  2.97761815e-07\n  7.86037901e-07  6.12543349e-07]", "hess_inv": "[[  6.31266732   1.60229207  -3.63572593  -4.2260253    7.42530525\n   -5.76645835]\n [  1.60229207   4.17517141  -2.16036077  -2.73058256   2.67017019\n   -2.36592795]\n [ -3.63572593  -2.16036077   7.59390143   5.48570447  -6.94094038\n    5.26353841]\n [ -4.2260253   -2.73058256   5.48570447   7.78502149  -7.04423274\n    5.62157666]\n [  7.42530525   2.67017019  -6.94094038  -7.04423274  23.50644786\n  -20.25043328]\n [ -5.76645835  -2.36592795   5.26353841   5.62157666 -20.25043328\n   20.49231479]]", "nfev": "182", "njev": "26", "status": "0", "success": "True", "message": "Optimization terminated successfully.", "x": "[ 1.58582659  2.61343389 -1.10506451 -0.52859401  7.04552981  2.55519201]", "nit": "23", "callback": [0.6046065437772098, 0.5722311988833431, 0.5154813337818775, 0.42434607227678167, 0.3886210157451211, 0.3622583670262113, 0.3233851929642664, 0.299401298806914, 0.2953797031983739, 0.29501891191421137, 0.29485017700604077, 0.2947315297578543, 0.29468148833146657, 0.29460860724042925, 0.2944921019813399, 0.2943193472423984, 0.2941882525907774, 0.2941315925815695, 0.2941088594054251, 0.29410541268470247, 0.2941040144384205, 0.29410398257726655, 0.2941039819663146]}, "5": {"maxiter": 100, "gtol": 1e-10, "xrtol": 1e-05, "eps": 1e-10, "duration": 0.06058001518249512, "fun": "0.2941039819995114", "jac": "[ 1.11022293e-06 -1.11022293e-06  3.33066880e-06  1.11022293e-06\n -1.11022293e-06 -3.33066880e-06]", "hess_inv": "[[ 10.00211567   3.59641227  -6.13030593  -7.8383293   15.01939193\n  -12.33063482]\n [  3.59641227   5.22615651  -3.71854637  -4.69773245   6.94804004\n   -5.83616969]\n [ -6.13030593  -3.71854637   8.11598455   7.74779241 -11.18961208\n    9.77956505]\n [ -7.8383293   -4.69773245   7.74779241  11.24052331 -14.30322941\n   11.94677977]\n [ 15.01939193   6.94804004 -11.18961208 -14.30322941  38.50209247\n  -33.74021357]\n [-12.33063482  -5.83616969   9.77956505  11.94677977 -33.74021357\n   32.06392689]]", "nfev": "203", "njev": "29", "status": "0", "success": "True", "message": "Optimization terminated successfully.", "x": "[ 1.58582839  2.61343465 -1.10504307 -0.52857643  7.04552983  2.55518372]", "nit": "25", "callback": [0.6046065035992887, 0.5722308653040189, 0.5154808801248932, 0.42434555849195155, 0.3886202508809573, 0.36225846167831566, 0.3233860368396333, 0.2994015268973691, 0.2953796191670468, 0.2950187942664311, 0.2948501964961767, 0.2947314895472548, 0.29468147521762045, 0.2946085791613827, 0.2944919967393126, 0.2943190852826063, 0.29418812158569607, 0.2941314881428747, 0.2941088336613559, 0.2941054068618584, 0.2941040133631805, 0.29410398265253934, 0.29410398213754885, 0.29410398202524146, 0.2941039819995114]}, "6": {"maxiter": 100, "gtol": 1e-10, "xrtol": 1e-10, "eps": 1e-05, "duration": 0.09987282752990723, "fun": "0.2941039819663146", "jac": "[ 2.85538260e-07 -4.27968772e-07  8.00104427e-07  2.97761815e-07\n  7.86037901e-07  6.12543349e-07]", "hess_inv": "[[  6.33855316   1.68780767  -3.78101506  -4.35362313   7.4413347\n   -5.82426098]\n [  1.68780767   4.14012084  -2.14650019  -2.77524674   2.66485239\n   -2.4645405 ]\n [ -3.78101506  -2.14650019   7.64140448   5.61581048  -6.94028966\n    5.44436504]\n [ -4.35362313  -2.77524674   5.61581048   7.96673682  -7.05409093\n    5.79691232]\n [  7.4413347    2.66485239  -6.94028966  -7.05409093  23.50568085\n  -20.26928184]\n [ -5.82426098  -2.4645405    5.44436504   5.79691232 -20.26928184\n   20.59453487]]", "nfev": "348", "njev": "48", "status": "2", "success": "False", "message": "Desired error not necessarily achieved due to precision loss.", "x": "[ 1.58582659  2.61343389 -1.10506451 -0.52859401  7.04552981  2.55519201]", "nit": "23", "callback": [0.6046065437772098, 0.5722311988833431, 0.5154813337818775, 0.42434607227678167, 0.3886210157451211, 0.3622583670262113, 0.3233851929642664, 0.299401298806914, 0.2953797031983739, 0.29501891191421137, 0.29485017700604077, 0.2947315297578543, 0.29468148833146657, 0.29460860724042925, 0.2944921019813399, 0.2943193472423984, 0.2941882525907774, 0.2941315925815695, 0.2941088594054251, 0.29410541268470247, 0.2941040144384205, 0.29410398257726655, 0.2941039819663146]}, "7": {"maxiter": 100, "gtol": 1e-10, "xrtol": 1e-10, "eps": 1e-10, "duration": 0.10744810104370117, "fun": "0.294103981955802", "jac": "[0. 0. 0. 0. 0. 0.]", "hess_inv": "[[ 0.07558285 -0.06379029  0.27612271 -0.15384647  0.20134535 -0.03834395]\n [-0.06379029  0.74971657 -0.91130485  0.46491903 -0.84900969  0.03341466]\n [ 0.27612271 -0.91130485  1.76199757 -0.95123321  1.47510406 -0.13818078]\n [-0.15384647  0.46491903 -0.95123321  0.51820718 -0.79220232  0.07635645]\n [ 0.20134535 -0.84900969  1.47510406 -0.79220232  1.27095384 -0.10023952]\n [-0.03834395  0.03341466 -0.13818078  0.07635645 -0.10023952  0.02098783]]", "nfev": "315", "njev": "45", "status": "0", "success": "True", "message": "Optimization terminated successfully.", "x": "[ 1.58582505  2.61343583 -1.10505505 -0.52858358  7.04552349  2.55519872]", "nit": "34", "callback": [0.6046065035992887, 0.5722308653040189, 0.5154808801248932, 0.42434555849195155, 0.3886202508809573, 0.36225846167831566, 0.3233860368396333, 0.2994015268973691, 0.2953796191670468, 0.2950187942664311, 0.2948501964961767, 0.2947314895472548, 0.29468147521762045, 0.2946085791613827, 0.2944919967393126, 0.2943190852826063, 0.29418812158569607, 0.2941314881428747, 0.2941088336613559, 0.2941054068618584, 0.2941040133631805, 0.29410398265253934, 0.29410398213754885, 0.29410398202524146, 0.2941039819995114, 0.2941039819802924, 0.2941039819638579, 0.29410398195722975, 0.2941039819572203, 0.29410398195721765, 0.29410398195721577, 0.29410398195721166, 0.2941039819572019, 0.294103981955802]}, "8": {"maxiter": 500, "gtol": 1e-05, "xrtol": 1e-05, "eps": 1e-05, "duration": 0.060851097106933594, "fun": "0.2941039819663146", "jac": "[ 2.85538260e-07 -4.27968772e-07  8.00104427e-07  2.97761815e-07\n  7.86037901e-07  6.12543349e-07]", "hess_inv": "[[  6.31266732   1.60229207  -3.63572593  -4.2260253    7.42530525\n   -5.76645835]\n [  1.60229207   4.17517141  -2.16036077  -2.73058256   2.67017019\n   -2.36592795]\n [ -3.63572593  -2.16036077   7.59390143   5.48570447  -6.94094038\n    5.26353841]\n [ -4.2260253   -2.73058256   5.48570447   7.78502149  -7.04423274\n    5.62157666]\n [  7.42530525   2.67017019  -6.94094038  -7.04423274  23.50644786\n  -20.25043328]\n [ -5.76645835  -2.36592795   5.26353841   5.62157666 -20.25043328\n   20.49231479]]", "nfev": "182", "njev": "26", "status": "0", "success": "True", "message": "Optimization terminated successfully.", "x": "[ 1.58582659  2.61343389 -1.10506451 -0.52859401  7.04552981  2.55519201]", "nit": "23", "callback": [0.6046065437772098, 0.5722311988833431, 0.5154813337818775, 0.42434607227678167, 0.3886210157451211, 0.3622583670262113, 0.3233851929642664, 0.299401298806914, 0.2953797031983739, 0.29501891191421137, 0.29485017700604077, 0.2947315297578543, 0.29468148833146657, 0.29460860724042925, 0.2944921019813399, 0.2943193472423984, 0.2941882525907774, 0.2941315925815695, 0.2941088594054251, 0.29410541268470247, 0.2941040144384205, 0.29410398257726655, 0.2941039819663146]}, "9": {"maxiter": 500, "gtol": 1e-05, "xrtol": 1e-05, "eps": 1e-10, "duration": 0.06799006462097168, "fun": "0.29410398213754885", "jac": "[ 1.11022293e-06  0.00000000e+00 -2.22044587e-06 -1.11022293e-06\n  4.44089173e-06  2.22044587e-06]", "hess_inv": "[[  6.68001665   1.6716526   -3.821667    -4.38233724   7.98584074\n   -6.39591737]\n [  1.6716526    4.14536698  -2.12779936  -2.67436568   2.65306169\n   -2.43133972]\n [ -3.821667    -2.12779936   7.57958619   5.41047396  -7.0262046\n    5.48916926]\n [ -4.38233724  -2.67436568   5.41047396   7.6478212   -7.01902204\n    5.76155923]\n [  7.98584074   2.65306169  -7.0262046   -7.01902204  24.0116797\n  -21.05169456]\n [ -6.39591737  -2.43133972   5.48916926   5.76155923 -21.05169456\n   21.48649221]]", "nfev": "182", "njev": "26", "status": "0", "success": "True", "message": "Optimization terminated successfully.", "x": "[ 1.58586681  2.61345289 -1.10508329 -0.52861703  7.0456188   2.55511736]", "nit": "23", "callback": [0.6046065035992887, 0.5722308653040189, 0.5154808801248932, 0.42434555849195155, 0.3886202508809573, 0.36225846167831566, 0.3233860368396333, 0.2994015268973691, 0.2953796191670468, 0.2950187942664311, 0.2948501964961767, 0.2947314895472548, 0.29468147521762045, 0.2946085791613827, 0.2944919967393126, 0.2943190852826063, 0.29418812158569607, 0.2941314881428747, 0.2941088336613559, 0.2941054068618584, 0.2941040133631805, 0.29410398265253934, 0.29410398213754885]}, "10": {"maxiter": 500, "gtol": 1e-05, "xrtol": 1e-10, "eps": 1e-05, "duration": 0.053308963775634766, "fun": "0.2941039819663146", "jac": "[ 2.85538260e-07 -4.27968772e-07  8.00104427e-07  2.97761815e-07\n  7.86037901e-07  6.12543349e-07]", "hess_inv": "[[  6.31266732   1.60229207  -3.63572593  -4.2260253    7.42530525\n   -5.76645835]\n [  1.60229207   4.17517141  -2.16036077  -2.73058256   2.67017019\n   -2.36592795]\n [ -3.63572593  -2.16036077   7.59390143   5.48570447  -6.94094038\n    5.26353841]\n [ -4.2260253   -2.73058256   5.48570447   7.78502149  -7.04423274\n    5.62157666]\n [  7.42530525   2.67017019  -6.94094038  -7.04423274  23.50644786\n  -20.25043328]\n [ -5.76645835  -2.36592795   5.26353841   5.62157666 -20.25043328\n   20.49231479]]", "nfev": "182", "njev": "26", "status": "0", "success": "True", "message": "Optimization terminated successfully.", "x": "[ 1.58582659  2.61343389 -1.10506451 -0.52859401  7.04552981  2.55519201]", "nit": "23", "