{"date": "2024/09/25/, 18:44:52", "conf_id": 294, "data_type": "var_s_rank\n", "num_data_points": 3, "s_rank": 0, "unitary": "[[-0.24866696+0.58742286j,-0.44704345-0.43151574j,-0.35669027-0.20570733j,-0.10517633+0.1626036j],[0.10596805-0.19687975j,-0.30269685-0.15056416j,0.18246286+0.30440582j,-0.83484447-0.11310748j],[0.26054512-0.52548482j,0.0285017-0.50723956j,-0.43110112+0.17165838j,0.15243271+0.39915801j],[0.42978035+0.11991271j,-0.17224126-0.46030424j,0.6827807-0.15164662j,0.26483638+0.0061855j]]", "databatch_0": {"databatch": "[[[-0.01542973-0.04721664j,-0.01448392-0.01684698j,-0.06552917+0.02034904j,0.05559934-0.13241198j],[-0.0458313+0.01839247j,-0.31976065+0.07719964j,-0.2166526+0.05916096j,-0.11019068+0.11104802j],[0.06082649-0.16909012j,0.02244225-0.29826989j,-0.0747131-0.26785357j,0.13863035+0.17792937j],[0.11724084+0.41345519j,0.04017363-0.00784833j,0.34880909-0.21028552j,-0.38158801+0.19575756j]],[[-0.13919702-0.1490771j,-0.10467522+0.19015137j,-0.02583355-0.13724324j,0.19030412-0.2202484j],[0.1746715-0.29028151j,-0.22707208+0.06062392j,0.14725849+0.03650473j,0.27545256-0.15254863j],[-0.15309263-0.05571457j,-0.02017272-0.02468472j,0.04641264-0.11656073j,-0.13425657+0.16216918j],[0.23550305+0.36445435j,0.28510289-0.10256178j,-0.08901971+0.32925954j,-0.17459455+0.01874925j]],[[-0.00642514+0.15466649j,-0.21263324-0.14198478j,0.3043798-0.09825642j,0.35373279+0.04098135j],[0.06456237+0.05697748j,-0.14176238-0.1283271j,0.21592936+0.01047388j,0.06516479+0.04054572j],[0.0131357+0.07971946j,-0.00437764-0.03223715j,0.03141536-0.01261724j,0.05325065-0.1390901j],[-0.08422649-0.06007581j,0.23463659-0.24077981j,0.08388016+0.6056855j,-0.07461378+0.22549394j]]]", "initial param values": "[0.67000165,5.80043553,3.46006286,1.52350819,3.1666819,5.33988688]", "nelder_mead": {"type": "gradient-free", "0": {"maxiter": 100, "fatol": 1e-05, "xatol": 1e-05, "duration": 0.04448699951171875, "fun": "0.27048982848690795", "nit": "100", "nfev": "164", "status": "2", "success": "False", "message": "Maximum number of iterations has been exceeded.", "x": "[0.85169891 5.91674155 4.47099068 1.95344858 2.28214347 5.27831588]", "final_simplex": "(array([[0.85169891, 5.91674155, 4.47099068, 1.95344858, 2.28214347,\n        5.27831588],\n       [0.84492747, 5.89836413, 4.4759694 , 1.94502361, 2.28071031,\n        5.33156412],\n       [0.88108303, 5.82660772, 4.62165931, 2.04356436, 2.24020856,\n        5.33124698],\n       [0.86708538, 6.02038626, 4.45971149, 1.95732049, 2.27539175,\n        5.28133789],\n       [0.85395239, 5.92896249, 4.56780821, 1.98650669, 2.31619648,\n        5.28496233],\n       [0.89298631, 5.98462269, 4.40015434, 2.01722984, 2.30976509,\n        5.28544399],\n       [0.8387123 , 6.01001744, 4.42805656, 1.95393528, 2.27584022,\n        5.30313018]]), array([0.27048983, 0.27058602, 0.2707871 , 0.2708112 , 0.27133703,\n       0.27150068, 0.27188092]))", "callback": [0.4362860791744304, 0.311712266790828, 0.31068117263469885, 0.29823508722767844, 0.2947111626957435, 0.2947111626957435, 0.29258905234201527, 0.2878317559421575, 0.2792792331270969, 0.27133703001271714]}, "1": {"maxiter": 100, "fatol": 1e-05, "xatol": 1e-10, "duration": 0.04568195343017578, "fun": "0.27048982848690795", "nit": "100", "nfev": "164", "status": "2", "success": "False", "message": "Maximum number of iterations has been exceeded.", "x": "[0.85169891 5.91674155 4.47099068 1.95344858 2.28214347 5.27831588]", "final_simplex": "(array([[0.85169891, 5.91674155, 4.47099068, 1.95344858, 2.28214347,\n        5.27831588],\n       [0.84492747, 5.89836413, 4.4759694 , 1.94502361, 2.28071031,\n        5.33156412],\n       [0.88108303, 5.82660772, 4.62165931, 2.04356436, 2.24020856,\n        5.33124698],\n       [0.86708538, 6.02038626, 4.45971149, 1.95732049, 2.27539175,\n        5.28133789],\n       [0.85395239, 5.92896249, 4.56780821, 1.98650669, 2.31619648,\n        5.28496233],\n       [0.89298631, 5.98462269, 4.40015434, 2.01722984, 2.30976509,\n        5.28544399],\n       [0.8387123 , 6.01001744, 4.42805656, 1.95393528, 2.27584022,\n        5.30313018]]), array([0.27048983, 0.27058602, 0.2707871 , 0.2708112 , 0.27133703,\n       0.27150068, 0.27188092]))", "callback": [0.4362860791744304, 0.311712266790828, 0.31068117263469885, 0.29823508722767844, 0.2947111626957435, 0.2947111626957435, 0.29258905234201527, 0.2878317559421575, 0.2792792331270969, 0.27133703001271714]}, "2": {"maxiter": 100, "fatol": 1e-10, "xatol": 1e-05, "duration": 0.04263114929199219, "fun": "0.27048982848690795", "nit": "100", "nfev": "164", "status": "2", "success": "False", "message": "Maximum number of iterations has been exceeded.", "x": "[0.85169891 5.91674155 4.47099068 1.95344858 2.28214347 5.27831588]", "final_simplex": "(array([[0.85169891, 5.91674155, 4.47099068, 1.95344858, 2.28214347,\n        5.27831588],\n       [0.84492747, 5.89836413, 4.4759694 , 1.94502361, 2.28071031,\n        5.33156412],\n       [0.88108303, 5.82660772, 4.62165931, 2.04356436, 2.24020856,\n        5.33124698],\n       [0.86708538, 6.02038626, 4.45971149, 1.95732049, 2.27539175,\n        5.28133789],\n       [0.85395239, 5.92896249, 4.56780821, 1.98650669, 2.31619648,\n        5.28496233],\n       [0.89298631, 5.98462269, 4.40015434, 2.01722984, 2.30976509,\n        5.28544399],\n       [0.8387123 , 6.01001744, 4.42805656, 1.95393528, 2.27584022,\n        5.30313018]]), array([0.27048983, 0.27058602, 0.2707871 , 0.2708112 , 0.27133703,\n       0.27150068, 0.27188092]))", "callback": [0.4362860791744304, 0.311712266790828, 0.31068117263469885, 0.29823508722767844, 0.2947111626957435, 0.2947111626957435, 0.29258905234201527, 0.2878317559421575, 0.2792792331270969, 0.27133703001271714]}, "3": {"maxiter": 100, "fatol": 1e-10, "xatol": 1e-10, "duration": 0.04296278953552246, "fun": "0.27048982848690795", "nit": "100", "nfev": "164", "status": "2", "success": "False", "message": "Maximum number of iterations has been exceeded.", "x": "[0.85169891 5.91674155 4.47099068 1.95344858 2.28214347 5.27831588]", "final_simplex": "(array([[0.85169891, 5.91674155, 4.47099068, 1.95344858, 2.28214347,\n        5.27831588],\n       [0.84492747, 5.89836413, 4.4759694 , 1.94502361, 2.28071031,\n        5.33156412],\n       [0.88108303, 5.82660772, 4.62165931, 2.04356436, 2.24020856,\n        5.33124698],\n       [0.86708538, 6.02038626, 4.45971149, 1.95732049, 2.27539175,\n        5.28133789],\n       [0.85395239, 5.92896249, 4.56780821, 1.98650669, 2.31619648,\n        5.28496233],\n       [0.89298631, 5.98462269, 4.40015434, 2.01722984, 2.30976509,\n        5.28544399],\n       [0.8387123 , 6.01001744, 4.42805656, 1.95393528, 2.27584022,\n        5.30313018]]), array([0.27048983, 0.27058602, 0.2707871 , 0.2708112 , 0.27133703,\n       0.27150068, 0.27188092]))", "callback": [0.4362860791744304, 0.311712266790828, 0.31068117263469885, 0.29823508722767844, 0.2947111626957435, 0.2947111626957435, 0.29258905234201527, 0.2878317559421575, 0.2792792331270969, 0.27133703001271714]}, "4": {"maxiter": 500, "fatol": 1e-05, "xatol": 1e-05, "duration": 0.13405394554138184, "fun": "0.2659869256260089", "nit": "311", "nfev": "501", "status": "0", "success": "True", "message": "Optimization terminated successfully.", "x": "[1.02570276 5.81755987 4.52558663 2.02304618 2.25211401 5.32913685]", "final_simplex": "(array([[1.02570276, 5.81755987, 4.52558663, 2.02304618, 2.25211401,\n        5.32913685],\n       [1.02570421, 5.81756817, 4.52558646, 2.02304651, 2.25211339,\n        5.32913838],\n       [1.02570081, 5.8175627 , 4.52558907, 2.0230479 , 2.25211827,\n        5.32914366],\n       [1.02570179, 5.81756339, 4.52558111, 2.02304343, 2.25211258,\n        5.32914161],\n       [1.02571075, 5.8175622 , 4.52559285, 2.02305526, 2.25211182,\n        5.3291376 ],\n       [1.02571166, 5.8175599 , 4.52558959, 2.02304652, 2.25211068,\n        5.32914084],\n       [1.02570907, 5.81756045, 4.52558685, 2.02304877, 2.25211556,\n        5.3291388 ]]), array([0.26598693, 0.26598693, 0.26598693, 0.26598693, 0.26598693,\n       0.26598693, 0.26598693]))", "callback": [0.4362860791744304, 0.311712266790828, 0.31068117263469885, 0.29823508722767844, 0.2947111626957435, 0.2947111626957435, 0.29258905234201527, 0.2878317559421575, 0.2792792331270969, 0.27133703001271714, 0.26908288607126496, 0.26768596051384685, 0.2676114847693861, 0.26650514600365816, 0.2660570240975625, 0.266019368944172, 0.265994339431359, 0.2659878862143299, 0.26598768723896005, 0.2659870840381853, 0.26598698647042196, 0.2659869407719636, 0.26598693849495214, 0.265986932289514, 0.26598692818479686, 0.2659869269296865, 0.2659869263851954, 0.2659869259542035, 0.26598692569583304, 0.26598692564948934, 0.2659869256287207, 0.2659869256260089]}, "5": {"maxiter": 500, "fatol": 1e-05, "xatol": 1e-10, "duration": 0.19228887557983398, "fun": "0.2659869256138564", "nit": "419", "nfev": "733", "status": "0", "success": "True", "message": "Optimization terminated successfully.", "x": "[1.02570234 5.81755992 4.52559137 2.02305042 2.25210842 5.32913743]", "final_simplex": "(array([[1.02570234, 5.81755992, 4.52559137, 2.02305042, 2.25210842,\n        5.32913743],\n       [1.02570234, 5.81755992, 4.52559137, 2.02305042, 2.25210842,\n        5.32913743],\n       [1.02570234, 5.81755992, 4.52559137, 2.02305042, 2.25210842,\n        5.32913743],\n       [1.02570234, 5.81755992, 4.52559137, 2.02305042, 2.25210842,\n        5.32913743],\n       [1.02570234, 5.81755992, 4.52559137, 2.02305042, 2.25210842,\n        5.32913743],\n       [1.02570234, 5.81755992, 4.52559137, 2.02305042, 2.25210842,\n        5.32913743],\n       [1.02570234, 5.81755992, 4.52559137, 2.02305042, 2.25210842,\n        5.32913743]]), array([0.26598693, 0.26598693, 0.26598693, 0.26598693, 0.26598693,\n       0.26598693, 0.26598693]))", "callback": [0.4362860791744304, 0.311712266790828, 0.31068117263469885, 0.29823508722767844, 0.2947111626957435, 0.2947111626957435, 0.29258905234201527, 0.2878317559421575, 0.2792792331270969, 0.27133703001271714, 0.26908288607126496, 0.26768596051384685, 0.2676114847693861, 0.26650514600365816, 0.2660570240975625, 0.266019368944172, 0.265994339431359, 0.2659878862143299, 0.26598768723896005, 0.2659870840381853, 0.26598698647042196, 0.2659869407719636, 0.26598693849495214, 0.265986932289514, 0.26598692818479686, 0.2659869269296865, 0.2659869263851954, 0.2659869259542035, 0.26598692569583304, 0.26598692564948934, 0.2659869256287207, 0.2659869256192162, 0.2659869256158124, 0.2659869256144729, 0.2659869256139634, 0.2659869256138848, 0.2659869256138637, 0.2659869256138587, 0.26598692561385695, 0.2659869256138564, 0.2659869256138564, 0.2659869256138564]}, "6": {"maxiter": 500, "fatol": 1e-10, "xatol": 1e-05, "duration": 0.17109894752502441, "fun": "0.2659869256260089", "nit": "311", "nfev": "501", "status": "0", "success": "True", "message": "Optimization terminated successfully.", "x": "[1.02570276 5.81755987 4.52558663 2.02304618 2.25211401 5.32913685]", "final_simplex": "(array([[1.02570276, 5.81755987, 4.52558663, 2.02304618, 2.25211401,\n        5.32913685],\n       [1.02570421, 5.81756817, 4.52558646, 2.02304651, 2.25211339,\n        5.32913838],\n       [1.02570081, 5.8175627 , 4.52558907, 2.0230479 , 2.25211827,\n        5.32914366],\n       [1.02570179, 5.81756339, 4.52558111, 2.02304343, 2.25211258,\n        5.32914161],\n       [1.02571075, 5.8175622 , 4.52559285, 2.02305526, 2.25211182,\n        5.3291376 ],\n       [1.02571166, 5.8175599 , 4.52558959, 2.02304652, 2.25211068,\n        5.32914084],\n       [1.02570907, 5.81756045, 4.52558685, 2.02304877, 2.25211556,\n        5.3291388 ]]), array([0.26598693, 0.26598693, 0.26598693, 0.26598693, 0.26598693,\n       0.26598693, 0.26598693]))", "callback": [0.4362860791744304, 0.311712266790828, 0.31068117263469885, 0.29823508722767844, 0.2947111626957435, 0.2947111626957435, 0.29258905234201527, 0.2878317559421575, 0.2792792331270969, 0.27133703001271714, 0.26908288607126496, 0.26768596051384685, 0.2676114847693861, 0.26650514600365816, 0.2660570240975625, 0.266019368944172, 0.265994339431359, 0.2659878862143299, 0.26598768723896005, 0.2659870840381853, 0.26598698647042196, 0.2659869407719636, 0.26598693849495214, 0.265986932289514, 0.26598692818479686, 0.2659869269296865, 0.2659869263851954, 0.2659869259542035, 0.26598692569583304, 0.26598692564948934, 0.2659869256287207, 0.2659869256260089]}, "7": {"maxiter": 500, "fatol": 1e-10, "xatol": 1e-10, "duration": 0.20923113822937012, "fun": "0.2659869256138564", "nit": "419", "nfev": "733", "status": "0", "success": "True", "message": "Optimization terminated successfully.", "x": "[1.02570234 5.81755992 4.52559137 2.02305042 2.25210842 5.32913743]", "final_simplex": "(array([[1.02570234, 5.81755992, 4.52559137, 2.02305042, 2.25210842,\n        5.32913743],\n       [1.02570234, 5.81755992, 4.52559137, 2.02305042, 2.25210842,\n        5.32913743],\n       [1.02570234, 5.81755992, 4.52559137, 2.02305042, 2.25210842,\n        5.32913743],\n       [1.02570234, 5.81755992, 4.52559137, 2.02305042, 2.25210842,\n        5.32913743],\n       [1.02570234, 5.81755992, 4.52559137, 2.02305042, 2.25210842,\n        5.32913743],\n       [1.02570234, 5.81755992, 4.52559137, 2.02305042, 2.25210842,\n        5.32913743],\n       [1.02570234, 5.81755992, 4.52559137, 2.02305042, 2.25210842,\n        5.32913743]]), array([0.26598693, 0.26598693, 0.26598693, 0.26598693, 0.26598693,\n       0.26598693, 0.26598693]))", "callback": [0.4362860791744304, 0.311712266790828, 0.31068117263469885, 0.29823508722767844, 0.2947111626957435, 0.2947111626957435, 0.29258905234201527, 0.2878317559421575, 0.2792792331270969, 0.27133703001271714, 0.26908288607126496, 0.26768596051384685, 0.2676114847693861, 0.26650514600365816, 0.2660570240975625, 0.266019368944172, 0.265994339431359, 0.2659878862143299, 0.26598768723896005, 0.2659870840381853, 0.26598698647042196, 0.2659869407719636, 0.26598693849495214, 0.265986932289514, 0.26598692818479686, 0.2659869269296865, 0.2659869263851954, 0.2659869259542035, 0.26598692569583304, 0.26598692564948934, 0.2659869256287207, 0.2659869256192162, 0.2659869256158124, 0.2659869256144729, 0.2659869256139634, 0.2659869256138848, 0.2659869256138637, 0.2659869256138587, 0.26598692561385695, 0.2659869256138564, 0.2659869256138564, 0.2659869256138564]}, "8": {"maxiter": 1000, "fatol": 1e-05, "xatol": 1e-05, "duration": 0.14441204071044922, "fun": "0.2659869256260089", "nit": "311", "nfev": "501", "status": "0", "success": "True", "message": "Optimization terminated successfully.", "x": "[1.02570276 5.81755987 4.52558663 2.02304618 2.25211401 5.32913685]", "final_simplex": "(array([[1.02570276, 5.81755987, 4.52558663, 2.02304618, 2.25211401,\n        5.32913685],\n       [1.02570421, 5.81756817, 4.52558646, 2.02304651, 2.25211339,\n        5.32913838],\n       [1.02570081, 5.8175627 , 4.52558907, 2.0230479 , 2.25211827,\n        5.32914366],\n       [1.02570179, 5.81756339, 4.52558111, 2.02304343, 2.25211258,\n        5.32914161],\n       [1.02571075, 5.8175622 , 4.52559285, 2.02305526, 2.25211182,\n        5.3291376 ],\n       [1.02571166, 5.8175599 , 4.52558959, 2.02304652, 2.25211068,\n        5.32914084],\n       [1.02570907, 5.81756045, 4.52558685, 2.02304877, 2.25211556,\n        5.3291388 ]]), array([0.26598693, 0.26598693, 0.26598693, 0.26598693, 0.26598693,\n       0.26598693, 0.26598693]))", "callback": [0.4362860791744304, 0.311712266790828, 0.31068117263469885, 0.29823508722767844, 0.2947111626957435, 0.2947111626957435, 0.29258905234201527, 0.2878317559421575, 0.2792792331270969, 0.27133703001271714, 0.26908288607126496, 0.26768596051384685, 0.2676114847693861, 0.26650514600365816, 0.2660570240975625, 0.266019368944172, 0.265994339431359, 0.2659878862143299, 0.26598768723896005, 0.2659870840381853, 0.26598698647042196, 0.2659869407719636, 0.26598693849495214, 0.265986932289514, 0.26598692818479686, 0.2659869269296865, 0.2659869263851954, 0.2659869259542035, 0.26598692569583304, 0.26598692564948934, 0.2659869256287207, 0.2659869256260089]}, "9": {"maxiter": 1000, "fatol": 1e-05, "xatol": 1e-10, "duration": 0.20760393142700195, "fun": "0.2659869256138564", "nit": "419", "nfev": "733", "status": "0", "success": "True", "message": "Optimization terminated successfully.", "x": "[1.02570234 5.81755992 4.52559137 2.02305042 2.25210842 5.32913743]", "final_simplex": "(array([[1.02570234, 5.81755992, 4.52559137, 2.02305042, 2.25210842,\n        5.32913743],\n       [1.02570234, 5.81755992, 4.52559137, 2.02305042, 2.25210842,\n        5.32913743],\n       [1.02570234, 5.81755992, 4.52559137, 2.02305042, 2.25210842,\n        5.32913743],\n       [1.02570234, 5.81755992, 4.52559137, 2.02305042, 2.25210842,\n        5.32913743],\n       [1.02570234, 5.81755992, 4.52559137, 2.02305042, 2.25210842,\n        5.32913743],\n       [1.02570234, 5.81755992, 4.52559137, 2.02305042, 2.25210842,\n        5.32913743],\n       [1.02570234, 5.81755992, 4.52559137, 2.02305042, 2.25210842,\n        5.32913743]]), array([0.26598693, 0.26598693, 0.26598693, 0.26598693, 0.26598693,\n       0.26598693, 0.26598693]))", "callback": [0.4362860791744304, 0.311712266790828, 0.31068117263469885, 0.29823508722767844, 0.2947111626957435, 0.2947111626957435, 0.29258905234201527, 0.2878317559421575, 0.2792792331270969, 0.27133703001271714, 0.26908288607126496, 0.26768596051384685, 0.2676114847693861, 0.26650514600365816, 0.2660570240975625, 0.266019368944172, 0.265994339431359, 0.2659878862143299, 0.26598768723896005, 0.2659870840381853, 0.26598698647042196, 0.2659869407719636, 0.26598693849495214, 0.265986932289514, 0.26598692818479686, 0.2659869269296865, 0.2659869263851954, 0.2659869259542035, 0.26598692569583304, 0.26598692564948934, 0.2659869256287207, 0.2659869256192162, 0.2659869256158124, 0.2659869256144729, 0.2659869256139634, 0.2659869256138848, 0.2659869256138637, 0.2659869256138587, 0.26598692561385695, 0.2659869256138564, 0.2659869256138564, 0.2659869256138564]}, "10": {"maxiter": 1000, "fatol": 1e-10, "xatol": 1e-05, "duration": 0.13808989524841309, "fun": "0.2659869256260089", "nit": "311", "nfev": "501", "status": "0", "success": "True", "message": "Optimization terminated successfully.", "x": "[1.02570276 5.81755987 4.52558663 2.02304618 2.25211401 5.32913685]", "final_simplex": "(array([[1.02570276, 5.81755987, 4.52558663, 2.02304618, 2.25211401,\n        5.32913685],\n       [1.02570421, 5.81756817, 4.52558646, 2.02304651, 2.25211339,\n        5.32913838],\n       [1.02570081, 5.8175627 , 4.52558907, 2.0230479 , 2.25211827,\n        5.32914366],\n       [1.02570179, 5.81756339, 4.52558111, 2.02304343, 2.25211258,\n        5.32914161],\n       [1.02571075, 5.8175622 , 4.52559285, 2.02305526, 2.25211182,\n        5.3291376 ],\n       [1.02571166, 5.8175599 , 4.52558959, 2.02304652, 2.25211068,\n        5.32914084],\n       [1.02570907, 5.81756045, 4.52558685, 2.02304877, 2.25211556,\n        5.3291388 ]]), array([0.26598693, 0.26598693, 0.26598693, 0.26598693, 0.26598693,\n       0.26598693, 0.26598693]))", "callback": [0.4362860791744304, 0.311712266790828, 0.31068117263469885, 0.29823508722767844, 0.2947111626957435, 0.2947111626957435, 0.29258905234201527, 0.2878317559421575, 0.2792792331270969, 0.27133703001271714, 0.26908288607126496, 0.26768596051384685, 0.2676114847693861, 0.26650514600365816, 0.2660570240975625, 0.266019368944172, 0.265994339431359, 0.2659878862143299, 0.26598768723896005, 0.2659870840381853, 0.26598698647042196, 0.2659869407719636, 0.26598693849495214, 0.265986932289514, 0.26598692818479686, 0.2659869269296865, 0.2659869263851954, 0.2659869259542035, 0.26598692569583304, 0.26598692564948934, 0.2659869256287207, 0.2659869256260089]}, "11": {"maxiter": 1000, "fatol": 1e-10, "xatol": 1e-10, "duration": 0.199052095413208, "fun": "0.2659869256138564", "nit": "419", "nfev": "733", "status": "0", "success": "True", "message": "Optimization terminated successfully.", "x": "[1.02570234 5.81755992 4.52559137 2.02305042 2.25210842 5.32913743]", "final_simplex": "(array([[1.02570234, 5.81755992, 4.52559137, 2.02305042, 2.25210842,\n        5.32913743],\n       [1.02570234, 5.81755992, 4.52559137, 2.02305042, 2.25210842,\n        5.32913743],\n       [1.02570234, 5.81755992, 4.52559137, 2.02305042, 2.25210842,\n        5.32913743],\n       [1.02570234, 5.81755992, 4.52559137, 2.02305042, 2.25210842,\n        5.32913743],\n       [1.02570234, 5.81755992, 4.52559137, 2.02305042, 2.25210842,\n        5.32913743],\n       [1.02570234, 5.81755992, 4.52559137, 2.02305042, 2.25210842,\n        5.32913743],\n       [1.02570234, 5.81755992, 4.52559137, 2.02305042, 2.25210842,\n        5.32913743]]), array([0.26598693, 0.26598693, 0.26598693, 0.26598693, 0.26598693,\n       0.26598693, 0.26598693]))", "callback": [0.4362860791744304, 0.311712266790828, 0.31068117263469885, 0.29823508722767844, 0.2947111626957435, 0.2947111626957435, 0.29258905234201527, 0.2878317559421575, 0.2792792331270969, 0.27133703001271714, 0.26908288607126496, 0.26768596051384685, 0.2676114847693861, 0.26650514600365816, 0.2660570240975625, 0.266019368944172, 0.265994339431359, 0.2659878862143299, 0.26598768723896005, 0.2659870840381853, 0.26598698647042196, 0.2659869407719636, 0.26598693849495214, 0.265986932289514, 0.26598692818479686, 0.2659869269296865, 0.2659869263851954, 0.2659869259542035, 0.26598692569583304, 0.26598692564948934, 0.2659869256287207, 0.2659869256192162, 0.2659869256158124, 0.2659869256144729, 0.2659869256139634, 0.2659869256138848, 0.2659869256138637, 0.2659869256138587, 0.26598692561385695, 0.2659869256138564, 0.2659869256138564, 0.2659869256138564]}}, "bfgs": {"type": "gradient", "0": {"maxiter": 100, "gtol": 1e-05, "xrtol": 1e-05, "eps": 1e-05, "duration": 0.04088568687438965, "fun": "0.2659869256800137", "jac": "[-3.20743432e-07 -3.31290551e-07 -3.15247828e-07 -2.35063080e-06\n  4.26647606e-07  1.05435660e-06]", "hess_inv": "[[ 3.23486876 -1.36748584  0.4431      1.1535028  -0.19047466  0.51916088]\n [-1.36748584  6.83287821 -2.11504777 -1.73515995 -0.60406859 -1.95530177]\n [ 0.4431     -2.11504777  5.1558607   1.58743266  0.88342016  0.49233576]\n [ 1.1535028  -1.73515995  1.58743266  3.46506815  0.13012865  0.27925671]\n [-0.19047466 -0.60406859  0.88342016  0.13012865  3.9983703   1.61129673]\n [ 0.51916088 -1.95530177  0.49233576  0.27925671  1.61129673  4.64755268]]", "nfev": "140", "njev": "20", "status": "0", "success": "True", "message": "Optimization terminated successfully.", "x": "[1.02569056 5.81756678 4.52557515 2.02302952 2.2521026  5.32913467]", "nit": "19", "callback": [0.4315868710301284, 0.3040279477598814, 0.2945475100943864, 0.27980170642378177, 0.27181598509442384, 0.270483125815553, 0.26850697163642634, 0.26712403051446554, 0.26641052227959827, 0.2660696650132047, 0.2660131890645343, 0.2659909149156726, 0.2659883627712635, 0.26598711690886967, 0.26598696543436195, 0.2659869392113725, 0.2659869299584887, 0.26598692606766405, 0.2659869256800137]}, "1": {"maxiter": 100, "gtol": 1e-05, "xrtol": 1e-05, "eps": 1e-10, "duration": 0.0404360294342041, "fun": "0.26598692563072024", "jac": "[ 0.00000000e+00 -3.33066880e-06 -2.22044587e-06 -2.22044587e-06\n -2.22044587e-06  1.11022293e-06]", "hess_inv": "[[ 3.17126107 -1.27706482  0.29735831  1.11522005 -0.2921749   0.35804828]\n [-1.27706482  6.4522335  -1.73213268 -1.48323688 -0.63017964 -1.77417289]\n [ 0.29735831 -1.73213268  4.90074802  1.29051884  0.94201906  0.2422027 ]\n [ 1.11522005 -1.48323688  1.29051884  3.48761195 -0.08010236 -0.08118215]\n [-0.2921749  -0.63017964  0.94201906 -0.08010236  4.10562478  1.68942294]\n [ 0.35804828 -1.77417289  0.2422027  -0.08118215  1.68942294  4.63022335]]", "nfev": "140", "njev": "20", "status": "0", "success": "True", "message": "Optimization terminated successfully.", "x": "[1.02570024 5.81755237 4.52558559 2.02304562 2.25210762 5.32914408]", "nit": "19", "callback": [0.43158695065158914, 0.30402788169549433, 0.2945474578919396, 0.27980160732322956, 0.27181574325712654, 0.27048257769128525, 0.26850643689874987, 0.26712428677389377, 0.26641013342562603, 0.26606964964145563, 0.2660131627336847, 0.26599090674498516, 0.26598836169548246, 0.2659871162529054, 0.2659869664678375, 0.2659869398565081, 0.2659869303582738, 0.2659869264464416, 0.26598692563072024]}, "2": {"maxiter": 100, "gtol": 1e-05, "xrtol": 1e-10, "eps": 1e-05, "duration": 0.040795326232910156, "fun": "0.2659869256800137", "jac": "[-3.20743432e-07 -3.31290551e-07 -3.15247828e-07 -2.35063080e-06\n  4.26647606e-07  1.05435660e-06]", "hess_inv": "[[ 3.23486876 -1.36748584  0.4431      1.1535028  -0.19047466  0.51916088]\n [-1.36748584  6.83287821 -2.11504777 -1.73515995 -0.60406859 -1.95530177]\n [ 0.4431     -2.11504777  5.1558607   1.58743266  0.88342016  0.49233576]\n [ 1.1535028  -1.73515995  1.58743266  3.46506815  0.13012865  0.27925671]\n [-0.19047466 -0.60406859  0.88342016  0.13012865  3.9983703   1.61129673]\n [ 0.51916088 -1.95530177  0.49233576  0.27925671  1.61129673  4.64755268]]", "nfev": "140", "njev": "20", "status": "0", "success": "True", "message": "Optimization terminated successfully.", "x": "[1.02569056 5.81756678 4.52557515 2.02302952 2.2521026  5.32913467]", "nit": "19", "callback": [0.4315868710301284, 0.3040279477598814, 0.2945475100943864, 0.27980170642378177, 0.27181598509442384, 0.270483125815553, 0.26850697163642634, 0.26712403051446554, 0.26641052227959827, 0.2660696650132047, 0.2660131890645343, 0.2659909149156726, 0.2659883627712635, 0.26598711690886967, 0.26598696543436195, 0.2659869392113725, 0.2659869299584887, 0.26598692606766405, 0.2659869256800137]}, "3": {"maxiter": 100, "gtol": 1e-05, "xrtol": 1e-10, "eps": 1e-10, "duration": 0.04056715965270996, "fun": "0.26598692563072024", "jac": "[ 0.00000000e+00 -3.33066880e-06 -2.22044587e-06 -2.22044587e-06\n -2.22044587e-06  1.11022293e-06]", "hess_inv": "[[ 3.17126107 -1.27706482  0.29735831  1.11522005 -0.2921749   0.35804828]\n [-1.27706482  6.4522335  -1.73213268 -1.48323688 -0.63017964 -1.77417289]\n [ 0.29735831 -1.73213268  4.90074802  1.29051884  0.94201906  0.2422027 ]\n [ 1.11522005 -1.48323688  1.29051884  3.48761195 -0.08010236 -0.08118215]\n [-0.2921749  -0.63017964  0.94201906 -0.08010236  4.10562478  1.68942294]\n [ 0.35804828 -1.77417289  0.2422027  -0.08118215  1.68942294  4.63022335]]", "nfev": "140", "njev": "20", "status": "0", "success": "True", "message": "Optimization terminated successfully.", "x": "[1.02570024 5.81755237 4.52558559 2.02304562 2.25210762 5.32914408]", "nit": "19", "callback": [0.43158695065158914, 0.30402788169549433, 0.2945474578919396, 0.27980160732322956, 0.27181574325712654, 0.27048257769128525, 0.26850643689874987, 0.26712428677389377, 0.26641013342562603, 0.26606964964145563, 0.2660131627336847, 0.26599090674498516, 0.26598836169548246, 0.2659871162529054, 0.2659869664678375, 0.2659869398565081, 0.2659869303582738, 0.2659869264464416, 0.26598692563072024]}, "4": {"maxiter": 100, "gtol": 1e-10, "xrtol": 1e-05, "eps": 1e-05, "duration": 0.039491891860961914, "fun": "0.2659869256800137", "jac": "[-3.20743432e-07 -3.31290551e-07 -3.15247828e-07 -2.35063080e-06\n  4.26647606e-07  1.05435660e-06]", "hess_inv": "[[ 3.23486876 -1.36748584  0.4431      1.1535028  -0.19047466  0.51916088]\n [-1.36748584  6.83287821 -2.11504777 -1.73515995 -0.60406859 -1.95530177]\n [ 0.4431     -2.11504777  5.1558607   1.58743266  0.88342016  0.49233576]\n [ 1.1535028  -1.73515995  1.58743266  3.46506815  0.13012865  0.27925671]\n [-0.19047466 -0.60406859  0.88342016  0.13012865  3.9983703   1.61129673]\n [ 0.51916088 -1.95530177  0.49233576  0.27925671  1.61129673  4.64755268]]", "nfev": "140", "njev": "20", "status": "0", "success": "True", "message": "Optimization terminated successfully.", "x": "[1.02569056 5.81756678 4.52557515 2.02302952 2.2521026  5.32913467]", "nit": "19", "callback": [0.4315868710301284, 0.3040279477598814, 0.2945475100943864, 0.27980170642378177, 0.27181598509442384, 0.270483125815553, 0.26850697163642634, 0.26712403051446554, 0.26641052227959827, 0.2660696650132047, 0.2660131890645343, 0.2659909149156726, 0.2659883627712635, 0.26598711690886967, 0.26598696543436195, 0.2659869392113725, 0.2659869299584887, 0.26598692606766405, 0.2659869256800137]}, "5": {"maxiter": 100, "gtol": 1e-10, "xrtol": 1e-05, "eps": 1e-10, "duration": 0.040038108825683594, "fun": "0.26598692563072024", "jac": "[ 0.00000000e+00 -3.33066880e-06 -2.22044587e-06 -2.22044587e-06\n -2.22044587e-06  1.11022293e-06]", "hess_inv": "[[ 3.17126107 -1.27706482  0.29735831  1.11522005 -0.2921749   0.35804828]\n [-1.27706482  6.4522335  -1.73213268 -1.48323688 -0.63017964 -1.77417289]\n [ 0.29735831 -1.73213268  4.90074802  1.29051884  0.94201906  0.2422027 ]\n [ 1.11522005 -1.48323688  1.29051884  3.48761195 -0.08010236 -0.08118215]\n [-0.2921749  -0.63017964  0.94201906 -0.08010236  4.10562478  1.68942294]\n [ 0.35804828 -1.77417289  0.2422027  -0.08118215  1.68942294  4.63022335]]", "nfev": "140", "njev": "20", "status": "0", "success": "True", "message": "Optimization terminated successfully.", "x": "[1.02570024 5.81755237 4.52558559 2.02304562 2.25210762 5.32914408]", "nit": "19", "callback": [0.43158695065158914, 0.30402788169549433, 0.2945474578919396, 0.27980160732322956, 0.27181574325712654, 0.27048257769128525, 0.26850643689874987, 0.26712428677389377, 0.26641013342562603, 0.26606964964145563, 0.2660131627336847, 0.26599090674498516, 0.26598836169548246, 0.2659871162529054, 0.2659869664678375, 0.2659869398565081, 0.2659869303582738, 0.2659869264464416, 0.26598692563072024]}, "6": {"maxiter": 100, "gtol": 1e-10, "xrtol": 1e-10, "eps": 1e-05, "duration": 0.049449920654296875, "fun": "0.2659869256482805", "jac": "[0.00000000e+00 3.33066907e-11 0.00000000e+00 1.11022302e-11\n 3.33066907e-11 0.00000000e+00]", "hess_inv": "[[ 3.38030806 -1.3817915   0.61906991  1.4412518  -0.2647246   0.32455137]\n [-1.3817915   6.78926544 -2.17546074 -1.80956469 -0.61998979 -1.91833057]\n [ 0.61906991 -2.17546074  5.33823087  1.93870249  0.7437719   0.24840186]\n [ 1.4412518  -1.80956469  1.93870249  4.19482521 -0.16140263 -0.19993613]\n [-0.2647246  -0.61998979  0.7437719  -0.16140263  4.09349866  1.78589684]\n [ 0.32455137 -1.91833057  0.24840186 -0.19993613  1.78589684  4.96140257]]", "nfev": "168", "njev": "24", "status": "0", "success": "True", "message": "Optimization terminated successfully.", "x": "[1.0256946  5.81756594 4.52558038 2.02304035 2.25209847 5.32912762]", "nit": "23", "callback": [0.4315868710301284, 0.3040279477598814, 0.2945475100943864, 0.27980170642378177, 0.27181598509442384, 0.270483125815553, 0.26850697163642634, 0.26712403051446554, 0.26641052227959827, 0.2660696650132047, 0.2660131890645343, 0.2659909149156726, 0.2659883627712635, 0.26598711690886967, 0.26598696543436195, 0.2659869392113725, 0.2659869299584887, 0.26598692606766405, 0.2659869256800137, 0.2659869256513451, 0.26598692564844706, 0.26598692564828197, 0.2659869256482805]}, "7": {"maxiter": 100, "gtol": 1e-10, "xrtol": 1e-10, "eps": 1e-10, "duration": 0.13369107246398926, "fun": "0.26598692561868786", "jac": "[ 2.22044587e-06  4.44089173e-06  2.22044587e-06 -1.11022293e-06\n  0.00000000e+00  0.00000000e+00]", "hess_inv": "[[ 13.26972589  -6.77885378   5.22244757   7.1081039  -24.76952974\n    1.51418838]\n [ -6.77885378   3.47027797  -2.67478609  -3.64263657  12.66499585\n   -0.77376044]\n [  5.22244757  -2.67478609   2.06466244   2.80522273  -9.75705397\n    0.59510823]\n [  7.1081039   -3.64263657   2.80522273   3.85403091 -13.31469583\n    0.81231367]\n [-24.76952974  12.66499585  -9.75705397 -13.31469583  46.28471073\n   -2.8270481 ]\n [  1.51418838  -0.77376044   0.59510823   0.81231367  -2.8270481\n    0.17359805]]", "nfev": "497", "njev": "71", "status": "0", "success": "True", "message": "Optimization terminated successfully.", "x": "[1.0257034  5.81756548 4.52559189 2.02305315 2.25210681 5.32913411]", "nit": "30", "callback": [0.43158695065158914, 0.30402788169549433, 0.2945474578919396, 0.27980160732322956, 0.27181574325712654, 0.27048257769128525, 0.26850643689874987, 0.26712428677389377, 0.26641013342562603, 0.26606964964145563, 0.2660131627336847, 0.26599090674498516, 0.26598836169548246, 0.2659871162529054, 0.2659869664678375, 0.2659869398565081, 0.2659869303582738, 0.2659869264464416, 0.26598692563072024, 0.26598692562136017, 0.26598692562052106, 0.26598692561918924, 0.2659869256191669, 0.26598692561916304, 0.26598692561915394, 0.26598692561914306, 0.2659869256191111, 0.26598692561901516, 0.2659869256186881, 0.26598692561868786]}, "8": {"maxiter": 500, "gtol": 1e-05, "xrtol": 1e-05, "eps": 1e-05, "duration": 0.03889203071594238, "fun": "0.2659869256800137", "jac": "[-3.20743432e-07 -3.31290551e-07 -3.15247828e-07 -2.35063080e-06\n  4.26647606e-07  1.05435660e-06]", "hess_inv": "[[ 3.23486876 -1.36748584  0.4431      1.1535028  -0.19047466  0.51916088]\n [-1.36748584  6.83287821 -2.11504777 -1.73515995 -0.60406859 -1.95530177]\n [ 0.4431     -2.11504777  5.1558607   1.58743266  0.88342016  0.49233576]\n [ 1.1535028  -1.73515995  1.58743266  3.46506815  0.13012865  0.27925671]\n [-0.19047466 -0.60406859  0.88342016  0.13012865  3.9983703   1.61129673]\n [ 0.51916088 -1.95530177  0.49233576  0.27925671  1.61129673  4.64755268]]", "nfev": "140", "njev": "20", "status": "0", "success": "True", "message": "Optimization terminated successfully.", "x": "[1.02569056 5.81756678 4.52557515 2.02302952 2.2521026  5.32913467]", "nit": "19", "callback": [0.4315868710301284, 0.3040279477598814, 0.2945475100943864, 0.27980170642378177, 0.27181598509442384, 0.270483125815553, 0.26850697163642634, 0.26712403051446554, 0.26641052227959827, 0.2660696650132047, 0.2660131890645343, 0.2659909149156726, 0.2659883627712635, 0.26598711690886967, 0.26598696543436195, 0.2659869392113725, 0.2659869299584887, 0.26598692606766405, 0.2659869256800137]}, "9": {"maxiter": 500, "gtol": 1e-05, "xrtol": 1e-05, "eps": 1e-10, "duration": 0.03870272636413574, "fun": "0.26598692563072024", "jac": "[ 0.00000000e+00 -3.33066880e-06 -2.22044587e-06 -2.22044587e-06\n -2.22044587e-06  1.11022293e-06]", "hess_inv": "[[ 3.17126107 -1.27706482  0.29735831  1.11522005 -0.2921749   0.35804828]\n [-1.27706482  6.4522335  -1.73213268 -1.48323688 -0.63017964 -1.77417289]\n [ 0.29735831 -1.73213268  4.90074802  1.29051884  0.94201906  0.2422027 ]\n [ 1.11522005 -1.48323688  1.29051884  3.48761195 -0.08010236 -0.08118215]\n [-0.2921749  -0.63017964  0.94201906 -0.08010236  4.10562478  1.68942294]\n [ 0.35804828 -1.77417289  0.2422027  -0.08118215  1.68942294  4.63022335]]", "nfev": "140", "njev": "20", "status": "0", "success": "True", "message": "Optimization terminated successfully.", "x": "[1.02570024 5.81755237 4.52558559 2.02304562 2.25210762 5.32914408]", "nit": "19", "callback": [0.43158695065158914, 0.30402788169549433, 0.2945474578919396, 0.27980160732322956, 0.27181574325712654, 0.27048257769128525, 0.26850643689874987, 0.26712428677389377, 0.26641013342562603, 0.26606964964145563, 0.2660131627336847, 0.26599090674498516, 0.26598836169548246, 0.2659871162529054, 0.2659869664678375, 0.2659869398565081, 0.2659869303582738, 0.2659869264464416, 0.26598692563072024]}, "10": {"maxiter": 500, "gtol": 1e-05, "xrtol": 1e-10, "eps": 1e-05, "duration": 0.03562498092651367, "fun": "0.2659869256800137", "jac": "[-3.20743432e-07 -3.31290551e-07 -3.15247828e-07 -2.35063080e-06\n  4.26647606e-07  1.05435660e-06]", "hess_inv": "[[ 3.23486876 -1.36748584  0.4431      1.1535028  -0.19047466  0.51916088]\n [-1.36748584  6.83287821 -2.11504777 -1.73515995 -0.60406859 -1.95530177]\n [ 0.4431     -2.11504777  5.1558607   1.58743266  0.88342016  0.49233576]\n [ 1.1535028  -1.73515995  1.58743266  3.46506815  0.13012865  0.27925671]\n [-0.19047466 -0.60406859  0.88342016  0.13012865  3.9983703   1.61129673]\n [ 0.51916088 -1.95530177  0.49233576  0.27925671  1.61129673  4.64755268]]", "nfev": "140", "njev": "20", "status": "0", "success": "True", "message": "Optimization terminated successfully.", "x": "[1.02569056 5.81756678 4.52557515 2.02302952 2.2521026  5.32913467]", "nit": "19", "callback": [0.4315868710301284, 0.3040279477598814, 0.2945475100943864, 0.27980170642378177, 0.27181598509442384, 0.270483125815553, 0.26850697163642634, 0.26712403051446554, 0.26641052227959827, 0.2660696650132047, 0.2660131890645343, 0.2659909149156726, 0.2659883627712635, 0.26598711690886967, 0.26598696543436195, 0.2659869392113725, 0.2659869299584887, 0.26598692606766405, 0.2659869256800137]}, "11": {"maxiter": 500, "gtol": 1e-05, "xrtol": 1e-10, "eps": 1e-10, "duration": 0.03773808479309082, "fun": "0.26598692563072024", "jac": "[ 0.00000000e+00 -3.33066880e-06 -2.22044587e-06 -2.22044587e-06\n -2.22044587e-06  1.11022293e-06]", "hess_inv": "[[ 3.17126107 -1.27706482  0.29735831  1.11522005 -0.2921749   0.35804828]\n [-1.27706482  6.4522335  -1.73213268 -1.48323688 -0.63017964 -1.77417289]\n [ 0.29735831 -1.73213268  4.90074802  1.29051884  0.94201906  0.2422027 ]\n [ 1.11522005 -1.48323688  1.29051884  3.48761195 -0.08010236 -0.08118215]\n [-0.2921749  -0.63017964  0.94201906 -0.08010236  4.10562478  1.68942294]\n [ 0.35804828 -1.77417289  0.2422027  -0.08118215  1.68942294  4.63022335]]", "nfev": "140", "njev": "20", "status": "0", "success": "True", "message": "Optimization terminated successfully.", "x": "[1.02570024 5.81755237 4.52558559 2.02304562 2.25210762 5.32914408]", "nit": "19", "callback": [0.43158695065158914, 0.30402788169549433, 0.2945474578919396, 0.27980160732322956, 0.27181574325712654, 0.27048257769128525, 0.26850643689874987, 0.26712428677389377, 0.26641013342562603, 0.26606964964145563, 0.2660131627336847, 0.26599090674498516, 0.26598836169548246, 0.2659871162529054, 0.2659869664678375, 0.2659869398565081, 0.2659869303582738, 0.2659869264464416, 0.26598692563072024]}, "12": {"maxiter": 500, "gtol": 1e-10, "xrtol": 1e-05, "eps": 1e-05, "duration": 0.037093162536621094, "fun": "0.2659869256800137", "jac": "[-3.20743432e-07 -3.31290551e-07 -3.15247828e-07 -2.35063080e-06\n  4.26647606e-07  1.05435660e-06]", "hess_inv": "[[ 3.23486876 -1.36748584  0.4431      1.1535028  -0.19047466  0.51916088]\n [-1.36748584  6.83287821 -2.11504777 -1.73515995 -0.60406859 -1.95530177]\n [ 0.4431     -2.11504777  5.1558607   1.58743266  0.88342016  0.49233576]\n [ 1.1535028  -1.73515995  1.58743266  3.46506815  0.13012865  0.27925671]\n [-0.19047466 -0.60406859  0.88342016  0.13012865  3.9983703   1.61129673]\n [ 0.51916088 -1.95530177  0.49233576  0.27925671  1.61129673  4.64755268]]", "nfev": "140", "njev": "20", "status": "0", "success": "True", "message": "Optimization terminated successfully.", "x": "[1.02569056 5.81756678 4.52557515 2.02302952 2.2521026  5.32913467]", "nit": "19", "callback": [0.4315868710301284, 0.3040279477598814, 0.2945475100943864, 0.27980170642378177, 0.27181598509442384, 0.270483125815553, 0.26850697163642634, 0.26712403051446554, 0.26641052227959827, 0.2660696650132047, 0.2660131890645343, 0.2659909149156726, 0.2659883627712635, 0.26598711690886967, 0.26598696543436195, 0.2659869392113725, 0.2659869299584887, 0.26598692606766405, 0.2659869256800137]}, "13": {"maxiter": 500, "gtol": 1e-10, "xrtol": 1e-05, "eps": 1e-10, "duration": 0.03715920448303223, "fun": "0.26598692563072024", "jac": "[ 0.00000000e+00 -3.33066880e-06 -2.22044587e-06 -2.22044587e-06\n -2.22044587e-06  1.11022293e-06]", "hess_inv": "[[ 3.17126107 -1.27706482  0.29735831  1.11522005 -0.2921749   0.35804828]\n [-1.27706482  6.4522335  -1.73213268 -1.48323688 -0.63017964 -1.77417289]\n [ 0.29735831 -1.73213268  4.90074802  1.29051884  0.94201906  0.2422027 ]\n [ 1.11522005 -1.48323688  1.29051884  3.48761195 -0.08010236 -0.08118215]\n [-0.2921749  -0.63017964  0.94201906 -0.08010236  4.10562478  1.68942294]\n [ 0.35804828 -1.77417289  0.2422027  -0.08118215  1.68942294  4.63022335]]", "nfev": "140", "njev": "20", "status": "0", "success": "True", "message": "Optim