{"date": "2024/09/25/, 21:14:05", "conf_id": 317, "data_type": "var_s_rank\n", "num_data_points": 4, "s_rank": 0, "unitary": "[[0.18663085-0.53122324j,-0.11886349-0.70040876j,0.28555095-0.02789305j,-0.12262021-0.2844587j],[-0.16702216+0.27758472j,0.27526351-0.29738586j,-0.01109314+0.22495461j,-0.77239203+0.28900673j],[0.61935415+0.12301792j,-0.31269928-0.03315917j,-0.61902762-0.19039079j,-0.27120731-0.0968989j],[0.42341754+0.0023929j,-0.05847358+0.47832119j,0.64900495-0.16218422j,-0.37182676-0.05229966j]]", "databatch_0": {"databatch": "[[[0.10550983+7.09882349e-02j,0.24411164-4.61082186e-01j,0.0247013-5.89509355e-02j,0.06922034+3.70578715e-02j],[0.22920447-2.88291179e-01j,0.08698825+1.10117249e-01j,-0.06009304+6.67621001e-02j,0.3436463-1.91881564e-01j],[-0.092552+9.59784115e-02j,-0.04122197-3.90569618e-02j,0.1967556+1.92678177e-01j,0.17565534+1.00834553e-01j],[-0.17803827+2.66626739e-01j,0.02745416-3.45176300e-03j,-0.08233321+7.34118999e-02j,0.24295408-2.65446269e-01j]],[[-0.04782063+1.54342586e-02j,-0.02402859+1.99289405e-01j,-0.1067985+2.81781794e-04j,-0.32368928+8.23467952e-02j],[0.07128557+7.63569731e-02j,-0.34267853-3.27979568e-01j,-0.22215693-1.02673853e-01j,0.09483345-2.39231388e-01j],[0.2812914+2.52812719e-01j,-0.12389417-3.41644720e-01j,-0.1017874+2.60983484e-02j,0.00564526-1.29418899e-01j],[-0.01056836+1.07156270e-01j,0.04014926+2.02860363e-01j,-0.11242514+3.24386000e-02j,0.29577939-1.17129187e-01j]],[[0.02655999-1.41079183e-01j,0.02642715+1.87621605e-03j,0.00585205+3.21433955e-01j,-0.46653138+1.41560515e-01j],[-0.13674713+1.23630482e-01j,-0.41146051+1.98362669e-01j,0.19995276+1.93189465e-01j,-0.00264043+1.33274010e-01j],[-0.04666503+1.79373944e-01j,0.04032732+9.31908269e-02j,-0.07524151+2.01966086e-01j,-0.07084651-2.66487985e-01j],[0.02449536+5.85671305e-02j,-0.0585547+8.35456772e-02j,0.18338498+1.70154799e-01j,-0.0893059-2.18616930e-01j]],[[0.13431088+5.28090615e-02j,0.13477967-3.62106245e-01j,-0.20907689-1.57852719e-01j,0.1670527+1.09722694e-02j],[-0.2102195+5.51065338e-02j,0.06988277+1.16922982e-01j,-0.12294563+3.83734864e-02j,-0.24297985-3.82730259e-01j],[-0.16218667-2.06679750e-01j,0.12122325-2.75594145e-01j,0.11674104+1.03597204e-01j,0.1660152+1.52846713e-01j],[0.01170969-1.48277774e-01j,0.06429233-1.64709437e-01j,0.21786425-2.33769467e-01j,-0.10782471-2.07982622e-01j]]]", "initial param values": "[3.126816,2.37290153,4.09215406,5.39633303,1.27704122,5.08325938]", "nelder_mead": {"type": "gradient-free", "0": {"maxiter": 100, "fatol": 1e-05, "xatol": 1e-05, "duration": 0.06043410301208496, "fun": "0.28773046452538", "nit": "100", "nfev": "156", "status": "2", "success": "False", "message": "Maximum number of iterations has been exceeded.", "x": "[4.9189264  3.84916657 6.40398906 2.5977471  0.73275371 2.61972325]", "final_simplex": "(array([[4.9189264 , 3.84916657, 6.40398906, 2.5977471 , 0.73275371,\n        2.61972325],\n       [4.96950068, 3.68168202, 6.44289397, 2.49484069, 0.80126587,\n        2.71619082],\n       [5.05857011, 3.82653589, 6.48603088, 2.51970477, 0.70797553,\n        2.6657312 ],\n       [4.92872099, 3.78248296, 6.4477133 , 2.42995202, 0.8145337 ,\n        2.56456398],\n       [4.88757894, 3.73531108, 6.29602093, 2.51907738, 0.81406317,\n        2.75057524],\n       [4.94264539, 3.78527697, 6.37153211, 2.53446136, 0.75415445,\n        2.80573479],\n       [5.00900147, 3.74530213, 6.51704028, 2.31311808, 0.79154225,\n        2.6613779 ]]), array([0.28773046, 0.28815013, 0.28872775, 0.28921528, 0.29199297,\n       0.29222192, 0.29340245]))", "callback": [0.9297055603399291, 0.8806870795205264, 0.5865656625649717, 0.5683035929163196, 0.5548302229901241, 0.5396031625131765, 0.5220157712113738, 0.467005460548224, 0.3580297755226497, 0.29661864548668826]}, "1": {"maxiter": 100, "fatol": 1e-05, "xatol": 1e-10, "duration": 0.05187702178955078, "fun": "0.28773046452538", "nit": "100", "nfev": "156", "status": "2", "success": "False", "message": "Maximum number of iterations has been exceeded.", "x": "[4.9189264  3.84916657 6.40398906 2.5977471  0.73275371 2.61972325]", "final_simplex": "(array([[4.9189264 , 3.84916657, 6.40398906, 2.5977471 , 0.73275371,\n        2.61972325],\n       [4.96950068, 3.68168202, 6.44289397, 2.49484069, 0.80126587,\n        2.71619082],\n       [5.05857011, 3.82653589, 6.48603088, 2.51970477, 0.70797553,\n        2.6657312 ],\n       [4.92872099, 3.78248296, 6.4477133 , 2.42995202, 0.8145337 ,\n        2.56456398],\n       [4.88757894, 3.73531108, 6.29602093, 2.51907738, 0.81406317,\n        2.75057524],\n       [4.94264539, 3.78527697, 6.37153211, 2.53446136, 0.75415445,\n        2.80573479],\n       [5.00900147, 3.74530213, 6.51704028, 2.31311808, 0.79154225,\n        2.6613779 ]]), array([0.28773046, 0.28815013, 0.28872775, 0.28921528, 0.29199297,\n       0.29222192, 0.29340245]))", "callback": [0.9297055603399291, 0.8806870795205264, 0.5865656625649717, 0.5683035929163196, 0.5548302229901241, 0.5396031625131765, 0.5220157712113738, 0.467005460548224, 0.3580297755226497, 0.29661864548668826]}, "2": {"maxiter": 100, "fatol": 1e-10, "xatol": 1e-05, "duration": 0.0518491268157959, "fun": "0.28773046452538", "nit": "100", "nfev": "156", "status": "2", "success": "False", "message": "Maximum number of iterations has been exceeded.", "x": "[4.9189264  3.84916657 6.40398906 2.5977471  0.73275371 2.61972325]", "final_simplex": "(array([[4.9189264 , 3.84916657, 6.40398906, 2.5977471 , 0.73275371,\n        2.61972325],\n       [4.96950068, 3.68168202, 6.44289397, 2.49484069, 0.80126587,\n        2.71619082],\n       [5.05857011, 3.82653589, 6.48603088, 2.51970477, 0.70797553,\n        2.6657312 ],\n       [4.92872099, 3.78248296, 6.4477133 , 2.42995202, 0.8145337 ,\n        2.56456398],\n       [4.88757894, 3.73531108, 6.29602093, 2.51907738, 0.81406317,\n        2.75057524],\n       [4.94264539, 3.78527697, 6.37153211, 2.53446136, 0.75415445,\n        2.80573479],\n       [5.00900147, 3.74530213, 6.51704028, 2.31311808, 0.79154225,\n        2.6613779 ]]), array([0.28773046, 0.28815013, 0.28872775, 0.28921528, 0.29199297,\n       0.29222192, 0.29340245]))", "callback": [0.9297055603399291, 0.8806870795205264, 0.5865656625649717, 0.5683035929163196, 0.5548302229901241, 0.5396031625131765, 0.5220157712113738, 0.467005460548224, 0.3580297755226497, 0.29661864548668826]}, "3": {"maxiter": 100, "fatol": 1e-10, "xatol": 1e-10, "duration": 0.05569291114807129, "fun": "0.28773046452538", "nit": "100", "nfev": "156", "status": "2", "success": "False", "message": "Maximum number of iterations has been exceeded.", "x": "[4.9189264  3.84916657 6.40398906 2.5977471  0.73275371 2.61972325]", "final_simplex": "(array([[4.9189264 , 3.84916657, 6.40398906, 2.5977471 , 0.73275371,\n        2.61972325],\n       [4.96950068, 3.68168202, 6.44289397, 2.49484069, 0.80126587,\n        2.71619082],\n       [5.05857011, 3.82653589, 6.48603088, 2.51970477, 0.70797553,\n        2.6657312 ],\n       [4.92872099, 3.78248296, 6.4477133 , 2.42995202, 0.8145337 ,\n        2.56456398],\n       [4.88757894, 3.73531108, 6.29602093, 2.51907738, 0.81406317,\n        2.75057524],\n       [4.94264539, 3.78527697, 6.37153211, 2.53446136, 0.75415445,\n        2.80573479],\n       [5.00900147, 3.74530213, 6.51704028, 2.31311808, 0.79154225,\n        2.6613779 ]]), array([0.28773046, 0.28815013, 0.28872775, 0.28921528, 0.29199297,\n       0.29222192, 0.29340245]))", "callback": [0.9297055603399291, 0.8806870795205264, 0.5865656625649717, 0.5683035929163196, 0.5548302229901241, 0.5396031625131765, 0.5220157712113738, 0.467005460548224, 0.3580297755226497, 0.29661864548668826]}, "4": {"maxiter": 500, "fatol": 1e-05, "xatol": 1e-05, "duration": 0.1925969123840332, "fun": "0.2849195192928067", "nit": "360", "nfev": "574", "status": "0", "success": "True", "message": "Optimization terminated successfully.", "x": "[4.97314009 3.80051888 6.39538745 2.48511991 0.68461439 2.56441158]", "final_simplex": "(array([[4.97314009, 3.80051888, 6.39538745, 2.48511991, 0.68461439,\n        2.56441158],\n       [4.97314349, 3.80051597, 6.39539129, 2.48512245, 0.68461996,\n        2.56441616],\n       [4.97314327, 3.80051965, 6.39539006, 2.48512025, 0.68461473,\n        2.56441567],\n       [4.97314385, 3.80052089, 6.3953873 , 2.48512522, 0.68461453,\n        2.56441277],\n       [4.97314394, 3.80051607, 6.39538692, 2.48512498, 0.68461342,\n        2.56441292],\n       [4.97314595, 3.8005195 , 6.39539085, 2.48512277, 0.68461131,\n        2.56440935],\n       [4.97314007, 3.80051674, 6.3953921 , 2.48512345, 0.68461546,\n        2.56441571]]), array([0.28491952, 0.28491952, 0.28491952, 0.28491952, 0.28491952,\n       0.28491952, 0.28491952]))", "callback": [0.9297055603399291, 0.8806870795205264, 0.5865656625649717, 0.5683035929163196, 0.5548302229901241, 0.5396031625131765, 0.5220157712113738, 0.467005460548224, 0.3580297755226497, 0.29661864548668826, 0.28713270407826996, 0.285563295183756, 0.28539856390116003, 0.28534899703903416, 0.28534327494637624, 0.28532414916363613, 0.28531541900765445, 0.28530345580785066, 0.28529064710369223, 0.28524530438162465, 0.2851159892674715, 0.2850043266746536, 0.2849547936537098, 0.28494230172788404, 0.2849282361662392, 0.2849275148105661, 0.28492180420317004, 0.2849203132210796, 0.2849200676891275, 0.28491958021529884, 0.2849195586162063, 0.2849195262151186, 0.28491952055034253, 0.2849195194226197, 0.28491951932899773, 0.284919519305986]}, "5": {"maxiter": 500, "fatol": 1e-05, "xatol": 1e-10, "duration": 0.2970149517059326, "fun": "0.2849195192913876", "nit": "448", "nfev": "776", "status": "0", "success": "True", "message": "Optimization terminated successfully.", "x": "[4.97314237 3.80051793 6.39538613 2.48511947 0.68461469 2.56441104]", "final_simplex": "(array([[4.97314237, 3.80051793, 6.39538613, 2.48511947, 0.68461469,\n        2.56441104],\n       [4.97314237, 3.80051793, 6.39538613, 2.48511947, 0.68461469,\n        2.56441104],\n       [4.97314237, 3.80051793, 6.39538613, 2.48511947, 0.68461469,\n        2.56441104],\n       [4.97314237, 3.80051793, 6.39538613, 2.48511947, 0.68461469,\n        2.56441104],\n       [4.97314237, 3.80051793, 6.39538613, 2.48511947, 0.68461469,\n        2.56441104],\n       [4.97314237, 3.80051793, 6.39538613, 2.48511947, 0.68461469,\n        2.56441104],\n       [4.97314237, 3.80051793, 6.39538613, 2.48511947, 0.68461469,\n        2.56441104]]), array([0.28491952, 0.28491952, 0.28491952, 0.28491952, 0.28491952,\n       0.28491952, 0.28491952]))", "callback": [0.9297055603399291, 0.8806870795205264, 0.5865656625649717, 0.5683035929163196, 0.5548302229901241, 0.5396031625131765, 0.5220157712113738, 0.467005460548224, 0.3580297755226497, 0.29661864548668826, 0.28713270407826996, 0.285563295183756, 0.28539856390116003, 0.28534899703903416, 0.28534327494637624, 0.28532414916363613, 0.28531541900765445, 0.28530345580785066, 0.28529064710369223, 0.28524530438162465, 0.2851159892674715, 0.2850043266746536, 0.2849547936537098, 0.28494230172788404, 0.2849282361662392, 0.2849275148105661, 0.28492180420317004, 0.2849203132210796, 0.2849200676891275, 0.28491958021529884, 0.2849195586162063, 0.2849195262151186, 0.28491952055034253, 0.2849195194226197, 0.28491951932899773, 0.284919519305986, 0.2849195192928067, 0.28491951929226733, 0.28491951929146664, 0.28491951929139847, 0.28491951929139037, 0.28491951929138837, 0.2849195192913879, 0.2849195192913877, 0.2849195192913876]}, "6": {"maxiter": 500, "fatol": 1e-10, "xatol": 1e-05, "duration": 0.18903708457946777, "fun": "0.2849195192928067", "nit": "360", "nfev": "574", "status": "0", "success": "True", "message": "Optimization terminated successfully.", "x": "[4.97314009 3.80051888 6.39538745 2.48511991 0.68461439 2.56441158]", "final_simplex": "(array([[4.97314009, 3.80051888, 6.39538745, 2.48511991, 0.68461439,\n        2.56441158],\n       [4.97314349, 3.80051597, 6.39539129, 2.48512245, 0.68461996,\n        2.56441616],\n       [4.97314327, 3.80051965, 6.39539006, 2.48512025, 0.68461473,\n        2.56441567],\n       [4.97314385, 3.80052089, 6.3953873 , 2.48512522, 0.68461453,\n        2.56441277],\n       [4.97314394, 3.80051607, 6.39538692, 2.48512498, 0.68461342,\n        2.56441292],\n       [4.97314595, 3.8005195 , 6.39539085, 2.48512277, 0.68461131,\n        2.56440935],\n       [4.97314007, 3.80051674, 6.3953921 , 2.48512345, 0.68461546,\n        2.56441571]]), array([0.28491952, 0.28491952, 0.28491952, 0.28491952, 0.28491952,\n       0.28491952, 0.28491952]))", "callback": [0.9297055603399291, 0.8806870795205264, 0.5865656625649717, 0.5683035929163196, 0.5548302229901241, 0.5396031625131765, 0.5220157712113738, 0.467005460548224, 0.3580297755226497, 0.29661864548668826, 0.28713270407826996, 0.285563295183756, 0.28539856390116003, 0.28534899703903416, 0.28534327494637624, 0.28532414916363613, 0.28531541900765445, 0.28530345580785066, 0.28529064710369223, 0.28524530438162465, 0.2851159892674715, 0.2850043266746536, 0.2849547936537098, 0.28494230172788404, 0.2849282361662392, 0.2849275148105661, 0.28492180420317004, 0.2849203132210796, 0.2849200676891275, 0.28491958021529884, 0.2849195586162063, 0.2849195262151186, 0.28491952055034253, 0.2849195194226197, 0.28491951932899773, 0.284919519305986]}, "7": {"maxiter": 500, "fatol": 1e-10, "xatol": 1e-10, "duration": 0.2680211067199707, "fun": "0.2849195192913876", "nit": "448", "nfev": "776", "status": "0", "success": "True", "message": "Optimization terminated successfully.", "x": "[4.97314237 3.80051793 6.39538613 2.48511947 0.68461469 2.56441104]", "final_simplex": "(array([[4.97314237, 3.80051793, 6.39538613, 2.48511947, 0.68461469,\n        2.56441104],\n       [4.97314237, 3.80051793, 6.39538613, 2.48511947, 0.68461469,\n        2.56441104],\n       [4.97314237, 3.80051793, 6.39538613, 2.48511947, 0.68461469,\n        2.56441104],\n       [4.97314237, 3.80051793, 6.39538613, 2.48511947, 0.68461469,\n        2.56441104],\n       [4.97314237, 3.80051793, 6.39538613, 2.48511947, 0.68461469,\n        2.56441104],\n       [4.97314237, 3.80051793, 6.39538613, 2.48511947, 0.68461469,\n        2.56441104],\n       [4.97314237, 3.80051793, 6.39538613, 2.48511947, 0.68461469,\n        2.56441104]]), array([0.28491952, 0.28491952, 0.28491952, 0.28491952, 0.28491952,\n       0.28491952, 0.28491952]))", "callback": [0.9297055603399291, 0.8806870795205264, 0.5865656625649717, 0.5683035929163196, 0.5548302229901241, 0.5396031625131765, 0.5220157712113738, 0.467005460548224, 0.3580297755226497, 0.29661864548668826, 0.28713270407826996, 0.285563295183756, 0.28539856390116003, 0.28534899703903416, 0.28534327494637624, 0.28532414916363613, 0.28531541900765445, 0.28530345580785066, 0.28529064710369223, 0.28524530438162465, 0.2851159892674715, 0.2850043266746536, 0.2849547936537098, 0.28494230172788404, 0.2849282361662392, 0.2849275148105661, 0.28492180420317004, 0.2849203132210796, 0.2849200676891275, 0.28491958021529884, 0.2849195586162063, 0.2849195262151186, 0.28491952055034253, 0.2849195194226197, 0.28491951932899773, 0.284919519305986, 0.2849195192928067, 0.28491951929226733, 0.28491951929146664, 0.28491951929139847, 0.28491951929139037, 0.28491951929138837, 0.2849195192913879, 0.2849195192913877, 0.2849195192913876]}, "8": {"maxiter": 1000, "fatol": 1e-05, "xatol": 1e-05, "duration": 0.20007586479187012, "fun": "0.2849195192928067", "nit": "360", "nfev": "574", "status": "0", "success": "True", "message": "Optimization terminated successfully.", "x": "[4.97314009 3.80051888 6.39538745 2.48511991 0.68461439 2.56441158]", "final_simplex": "(array([[4.97314009, 3.80051888, 6.39538745, 2.48511991, 0.68461439,\n        2.56441158],\n       [4.97314349, 3.80051597, 6.39539129, 2.48512245, 0.68461996,\n        2.56441616],\n       [4.97314327, 3.80051965, 6.39539006, 2.48512025, 0.68461473,\n        2.56441567],\n       [4.97314385, 3.80052089, 6.3953873 , 2.48512522, 0.68461453,\n        2.56441277],\n       [4.97314394, 3.80051607, 6.39538692, 2.48512498, 0.68461342,\n        2.56441292],\n       [4.97314595, 3.8005195 , 6.39539085, 2.48512277, 0.68461131,\n        2.56440935],\n       [4.97314007, 3.80051674, 6.3953921 , 2.48512345, 0.68461546,\n        2.56441571]]), array([0.28491952, 0.28491952, 0.28491952, 0.28491952, 0.28491952,\n       0.28491952, 0.28491952]))", "callback": [0.9297055603399291, 0.8806870795205264, 0.5865656625649717, 0.5683035929163196, 0.5548302229901241, 0.5396031625131765, 0.5220157712113738, 0.467005460548224, 0.3580297755226497, 0.29661864548668826, 0.28713270407826996, 0.285563295183756, 0.28539856390116003, 0.28534899703903416, 0.28534327494637624, 0.28532414916363613, 0.28531541900765445, 0.28530345580785066, 0.28529064710369223, 0.28524530438162465, 0.2851159892674715, 0.2850043266746536, 0.2849547936537098, 0.28494230172788404, 0.2849282361662392, 0.2849275148105661, 0.28492180420317004, 0.2849203132210796, 0.2849200676891275, 0.28491958021529884, 0.2849195586162063, 0.2849195262151186, 0.28491952055034253, 0.2849195194226197, 0.28491951932899773, 0.284919519305986]}, "9": {"maxiter": 1000, "fatol": 1e-05, "xatol": 1e-10, "duration": 0.2675659656524658, "fun": "0.2849195192913876", "nit": "448", "nfev": "776", "status": "0", "success": "True", "message": "Optimization terminated successfully.", "x": "[4.97314237 3.80051793 6.39538613 2.48511947 0.68461469 2.56441104]", "final_simplex": "(array([[4.97314237, 3.80051793, 6.39538613, 2.48511947, 0.68461469,\n        2.56441104],\n       [4.97314237, 3.80051793, 6.39538613, 2.48511947, 0.68461469,\n        2.56441104],\n       [4.97314237, 3.80051793, 6.39538613, 2.48511947, 0.68461469,\n        2.56441104],\n       [4.97314237, 3.80051793, 6.39538613, 2.48511947, 0.68461469,\n        2.56441104],\n       [4.97314237, 3.80051793, 6.39538613, 2.48511947, 0.68461469,\n        2.56441104],\n       [4.97314237, 3.80051793, 6.39538613, 2.48511947, 0.68461469,\n        2.56441104],\n       [4.97314237, 3.80051793, 6.39538613, 2.48511947, 0.68461469,\n        2.56441104]]), array([0.28491952, 0.28491952, 0.28491952, 0.28491952, 0.28491952,\n       0.28491952, 0.28491952]))", "callback": [0.9297055603399291, 0.8806870795205264, 0.5865656625649717, 0.5683035929163196, 0.5548302229901241, 0.5396031625131765, 0.5220157712113738, 0.467005460548224, 0.3580297755226497, 0.29661864548668826, 0.28713270407826996, 0.285563295183756, 0.28539856390116003, 0.28534899703903416, 0.28534327494637624, 0.28532414916363613, 0.28531541900765445, 0.28530345580785066, 0.28529064710369223, 0.28524530438162465, 0.2851159892674715, 0.2850043266746536, 0.2849547936537098, 0.28494230172788404, 0.2849282361662392, 0.2849275148105661, 0.28492180420317004, 0.2849203132210796, 0.2849200676891275, 0.28491958021529884, 0.2849195586162063, 0.2849195262151186, 0.28491952055034253, 0.2849195194226197, 0.28491951932899773, 0.284919519305986, 0.2849195192928067, 0.28491951929226733, 0.28491951929146664, 0.28491951929139847, 0.28491951929139037, 0.28491951929138837, 0.2849195192913879, 0.2849195192913877, 0.2849195192913876]}, "10": {"maxiter": 1000, "fatol": 1e-10, "xatol": 1e-05, "duration": 0.19428515434265137, "fun": "0.2849195192928067", "nit": "360", "nfev": "574", "status": "0", "success": "True", "message": "Optimization terminated successfully.", "x": "[4.97314009 3.80051888 6.39538745 2.48511991 0.68461439 2.56441158]", "final_simplex": "(array([[4.97314009, 3.80051888, 6.39538745, 2.48511991, 0.68461439,\n        2.56441158],\n       [4.97314349, 3.80051597, 6.39539129, 2.48512245, 0.68461996,\n        2.56441616],\n       [4.97314327, 3.80051965, 6.39539006, 2.48512025, 0.68461473,\n        2.56441567],\n       [4.97314385, 3.80052089, 6.3953873 , 2.48512522, 0.68461453,\n        2.56441277],\n       [4.97314394, 3.80051607, 6.39538692, 2.48512498, 0.68461342,\n        2.56441292],\n       [4.97314595, 3.8005195 , 6.39539085, 2.48512277, 0.68461131,\n        2.56440935],\n       [4.97314007, 3.80051674, 6.3953921 , 2.48512345, 0.68461546,\n        2.56441571]]), array([0.28491952, 0.28491952, 0.28491952, 0.28491952, 0.28491952,\n       0.28491952, 0.28491952]))", "callback": [0.9297055603399291, 0.8806870795205264, 0.5865656625649717, 0.5683035929163196, 0.5548302229901241, 0.5396031625131765, 0.5220157712113738, 0.467005460548224, 0.3580297755226497, 0.29661864548668826, 0.28713270407826996, 0.285563295183756, 0.28539856390116003, 0.28534899703903416, 0.28534327494637624, 0.28532414916363613, 0.28531541900765445, 0.28530345580785066, 0.28529064710369223, 0.28524530438162465, 0.2851159892674715, 0.2850043266746536, 0.2849547936537098, 0.28494230172788404, 0.2849282361662392, 0.2849275148105661, 0.28492180420317004, 0.2849203132210796, 0.2849200676891275, 0.28491958021529884, 0.2849195586162063, 0.2849195262151186, 0.28491952055034253, 0.2849195194226197, 0.28491951932899773, 0.284919519305986]}, "11": {"maxiter": 1000, "fatol": 1e-10, "xatol": 1e-10, "duration": 0.25736498832702637, "fun": "0.2849195192913876", "nit": "448", "nfev": "776", "status": "0", "success": "True", "message": "Optimization terminated successfully.", "x": "[4.97314237 3.80051793 6.39538613 2.48511947 0.68461469 2.56441104]", "final_simplex": "(array([[4.97314237, 3.80051793, 6.39538613, 2.48511947, 0.68461469,\n        2.56441104],\n       [4.97314237, 3.80051793, 6.39538613, 2.48511947, 0.68461469,\n        2.56441104],\n       [4.97314237, 3.80051793, 6.39538613, 2.48511947, 0.68461469,\n        2.56441104],\n       [4.97314237, 3.80051793, 6.39538613, 2.48511947, 0.68461469,\n        2.56441104],\n       [4.97314237, 3.80051793, 6.39538613, 2.48511947, 0.68461469,\n        2.56441104],\n       [4.97314237, 3.80051793, 6.39538613, 2.48511947, 0.68461469,\n        2.56441104],\n       [4.97314237, 3.80051793, 6.39538613, 2.48511947, 0.68461469,\n        2.56441104]]), array([0.28491952, 0.28491952, 0.28491952, 0.28491952, 0.28491952,\n       0.28491952, 0.28491952]))", "callback": [0.9297055603399291, 0.8806870795205264, 0.5865656625649717, 0.5683035929163196, 0.5548302229901241, 0.5396031625131765, 0.5220157712113738, 0.467005460548224, 0.3580297755226497, 0.29661864548668826, 0.28713270407826996, 0.285563295183756, 0.28539856390116003, 0.28534899703903416, 0.28534327494637624, 0.28532414916363613, 0.28531541900765445, 0.28530345580785066, 0.28529064710369223, 0.28524530438162465, 0.2851159892674715, 0.2850043266746536, 0.2849547936537098, 0.28494230172788404, 0.2849282361662392, 0.2849275148105661, 0.28492180420317004, 0.2849203132210796, 0.2849200676891275, 0.28491958021529884, 0.2849195586162063, 0.2849195262151186, 0.28491952055034253, 0.2849195194226197, 0.28491951932899773, 0.284919519305986, 0.2849195192928067, 0.28491951929226733, 0.28491951929146664, 0.28491951929139847, 0.28491951929139037, 0.28491951929138837, 0.2849195192913879, 0.2849195192913877, 0.2849195192913876]}}, "bfgs": {"type": "gradient", "0": {"maxiter": 100, "gtol": 1e-05, "xrtol": 1e-05, "eps": 1e-05, "duration": 0.08398294448852539, "fun": "0.2849195193707872", "jac": "[-2.76124679e-06 -2.37609932e-06  3.24047456e-06  1.21539445e-06\n  2.01523243e-06  2.11319851e-06]", "hess_inv": "[[ 3.13163764  0.03456711 -0.04993009  0.1608572  -0.73731882 -0.75082051]\n [ 0.03456711  3.26550912 -0.72838087  0.05238186 -0.80571707 -0.47494531]\n [-0.04993009 -0.72838087  3.36497042 -0.67762876  1.22810702  1.63737538]\n [ 0.1608572   0.05238186 -0.67762876  3.3614299  -0.26339719 -0.35895509]\n [-0.73731882 -0.80571707  1.22810702 -0.26339719  7.91528101  6.36331786]\n [-0.75082051 -0.47494531  1.63737538 -0.35895509  6.36331786  8.08984719]]", "nfev": "238", "njev": "34", "status": "0", "success": "True", "message": "Optimization terminated successfully.", "x": "[4.97312708 3.80050222 6.39539722 3.79806254 3.82622237 5.70601883]", "nit": "21", "callback": [0.9311335906617194, 0.9234026530502112, 0.9201606242509986, 0.8655852656694506, 0.8638376093076655, 0.6274912120039212, 0.5942741903656461, 0.336680636538353, 0.30762477074848094, 0.2977920228132428, 0.2879429738863917, 0.2855299996062285, 0.2853154211219684, 0.2851085684234158, 0.2850430609294179, 0.28500345206057776, 0.28496049467021267, 0.2849285656428806, 0.284920336203915, 0.28491954065648906, 0.2849195193707872]}, "1": {"maxiter": 100, "gtol": 1e-05, "xrtol": 1e-05, "eps": 1e-10, "duration": 0.07726001739501953, "fun": "0.28491951953681083", "jac": "[-5.55111466e-06 -3.33066880e-06  3.33066880e-06  1.11022293e-06\n  3.33066880e-06  2.22044587e-06]", "hess_inv": "[[ 3.1294654   0.04153455 -0.04920336  0.14814375 -0.73133777 -0.74251445]\n [ 0.04153455  3.26825022 -0.72680123  0.05176235 -0.80727211 -0.47618092]\n [-0.04920336 -0.72680123  3.36868777 -0.68512115  1.23000859  1.64139356]\n [ 0.14814375  0.05176235 -0.68512115  3.363867   -0.25943359 -0.35456257]\n [-0.73133777 -0.80727211  1.23000859 -0.25943359  7.91124281  6.35829044]\n [-0.74251445 -0.47618092  1.64139356 -0.35456257  6.35829044  8.08300425]]", "nfev": "238", "njev": "34", "status": "0", "success": "True", "message": "Optimization terminated successfully.", "x": "[4.97311969 3.80050372 6.39540738 3.79806279 3.82626006 5.70605733]", "nit": "21", "callback": [0.9311336656754907, 0.9234028998580863, 0.9201607906039495, 0.8655850529694462, 0.8638372438748727, 0.6275051214881228, 0.594286232949883, 0.3367729451377204, 0.30764832483567506, 0.2977909332587432, 0.28794591673244097, 0.285530292357954, 0.2853155453745023, 0.2851082515661778, 0.2850431086109617, 0.28500337877898363, 0.28496040628492003, 0.28492849413587007, 0.2849203359946164, 0.28491954216174054, 0.28491951953681083]}, "2": {"maxiter": 100, "gtol": 1e-05, "xrtol": 1e-10, "eps": 1e-05, "duration": 0.07653617858886719, "fun": "0.2849195193707872", "jac": "[-2.76124679e-06 -2.37609932e-06  3.24047456e-06  1.21539445e-06\n  2.01523243e-06  2.11319851e-06]", "hess_inv": "[[ 3.13163764  0.03456711 -0.04993009  0.1608572  -0.73731882 -0.75082051]\n [ 0.03456711  3.26550912 -0.72838087  0.05238186 -0.80571707 -0.47494531]\n [-0.04993009 -0.72838087  3.36497042 -0.67762876  1.22810702  1.63737538]\n [ 0.1608572   0.05238186 -0.67762876  3.3614299  -0.26339719 -0.35895509]\n [-0.73731882 -0.80571707  1.22810702 -0.26339719  7.91528101  6.36331786]\n [-0.75082051 -0.47494531  1.63737538 -0.35895509  6.36331786  8.08984719]]", "nfev": "238", "njev": "34", "status": "0", "success": "True", "message": "Optimization terminated successfully.", "x": "[4.97312708 3.80050222 6.39539722 3.79806254 3.82622237 5.70601883]", "nit": "21", "callback": [0.9311335906617194, 0.9234026530502112, 0.9201606242509986, 0.8655852656694506, 0.8638376093076655, 0.6274912120039212, 0.5942741903656461, 0.336680636538353, 0.30762477074848094, 0.2977920228132428, 0.2879429738863917, 0.2855299996062285, 0.2853154211219684, 0.2851085684234158, 0.2850430609294179, 0.28500345206057776, 0.28496049467021267, 0.2849285656428806, 0.284920336203915, 0.28491954065648906, 0.2849195193707872]}, "3": {"maxiter": 100, "gtol": 1e-05, "xrtol": 1e-10, "eps": 1e-10, "duration": 0.07584595680236816, "fun": "0.28491951953681083", "jac": "[-5.55111466e-06 -3.33066880e-06  3.33066880e-06  1.11022293e-06\n  3.33066880e-06  2.22044587e-06]", "hess_inv": "[[ 3.1294654   0.04153455 -0.04920336  0.14814375 -0.73133777 -0.74251445]\n [ 0.04153455  3.26825022 -0.72680123  0.05176235 -0.80727211 -0.47618092]\n [-0.04920336 -0.72680123  3.36868777 -0.68512115  1.23000859  1.64139356]\n [ 0.14814375  0.05176235 -0.68512115  3.363867   -0.25943359 -0.35456257]\n [-0.73133777 -0.80727211  1.23000859 -0.25943359  7.91124281  6.35829044]\n [-0.74251445 -0.47618092  1.64139356 -0.35456257  6.35829044  8.08300425]]", "nfev": "238", "njev": "34", "status": "0", "success": "True", "message": "Optimization terminated successfully.", "x": "[4.97311969 3.80050372 6.39540738 3.79806279 3.82626006 5.70605733]", "nit": "21", "callback": [0.9311336656754907, 0.9234028998580863, 0.9201607906039495, 0.8655850529694462, 0.8638372438748727, 0.6275051214881228, 0.594286232949883, 0.3367729451377204, 0.30764832483567506, 0.2977909332587432, 0.28794591673244097, 0.285530292357954, 0.2853155453745023, 0.2851082515661778, 0.2850431086109617, 0.28500337877898363, 0.28496040628492003, 0.28492849413587007, 0.2849203359946164, 0.28491954216174054, 0.28491951953681083]}, "4": {"maxiter": 100, "gtol": 1e-10, "xrtol": 1e-05, "eps": 1e-05, "duration": 0.07603693008422852, "fun": "0.2849195193495997", "jac": "[-1.04971587e-07 -2.14961382e-07  1.64634972e-07  2.77511347e-07\n  7.76156917e-08 -1.96731520e-08]", "hess_inv": "[[ 3.18195521  0.07015616 -0.12342005  0.19068362 -0.90291926 -0.92714828]\n [ 0.07015616  3.25885748 -0.77538466  0.12353193 -0.93514656 -0.62286625]\n [-0.12342005 -0.77538466  3.47152649 -0.72901568  1.4718934   1.89853387]\n [ 0.19068362  0.12353193 -0.72901568  3.30038092 -0.3422093  -0.42697514]\n [-0.90291926 -0.93514656  1.4718934  -0.3422093   8.45553388  6.93466023]\n [-0.92714828 -0.62286625  1.89853387 -0.42697514  6.93466023  8.6908298 ]]", "nfev": "245", "njev": "35", "status": "0", "success": "True", "message": "Optimization terminated successfully.", "x": "[4.97313998 3.80051572 6.39537769 3.7980633  3.8261816  5.70597682]", "nit": "22", "callback": [0.9311335906617194, 0.9234026530502112, 0.9201606242509986, 0.8655852656694506, 0.8638376093076655, 0.6274912120039212, 0.5942741903656461, 0.336680636538353, 0.30762477074848094, 0.2977920228132428, 0.2879429738863917, 0.2855299996062285, 0.2853154211219684, 0.2851085684234158, 0.2850430609294179, 0.28500345206057776, 0.28496049467021267, 0.2849285656428806, 0.284920336203915, 0.28491954065648906, 0.2849195193707872, 0.2849195193495997]}, "5": {"maxiter": 100, "gtol": 1e-10, "xrtol": 1e-05, "eps": 1e-10, "duration": 0.07774686813354492, "fun": "0.28491951929598147", "jac": "[-1.11022293e-06  0.00000000e+00 -2.22044587e-06  0.00000000e+00\n -2.22044587e-06  0.00000000e+00]", "hess_inv": "[[ 3.22795428  0.08509636 -0.16678288  0.23054228 -1.02524587 -1.05378412]\n [ 0.08509636  3.25812183 -0.79752068  0.15283933 -0.98865838 -0.6841134 ]\n [-0.16678288 -0.79752068  3.49714491 -0.74234586  1.54817084  1.96827158]\n [ 0.23054228  0.15283933 -0.74234586  3.29069927 -0.392335   -0.46050642]\n [-1.02524587 -0.98865838  1.54817084 -0.392335    8.6984753   7.16434916]\n [-1.05378412 -0.6841134   1.96827158 -0.46050642  7.16434916  8.89884017]]", "nfev": "245", "njev": "35", "status": "0", "success": "True", "message": "Optimization terminated successfully.", "x": "[4.97314395 3.80052235 6.39538345 3.79806573 3.82620147 5.70599954]", "nit": "22", "callback": [0.9311336656754907, 0.9234028998580863, 0.9201607906039495, 0.8655850529694462, 0.8638372438748727, 0.6275051214881228, 0.594286232949883, 0.3367729451377204, 0.30764832483567506, 0.2977909332587432, 0.28794591673244097, 0.285530292357954, 0.2853155453745023, 0.2851082515661778, 0.2850431086109617, 0.28500337877898363, 0.28496040628492003, 0.28492849413587007, 0.2849203359946164, 0.28491954216174054, 0.28491951953681083, 0.28491951929598147]}, "6": {"maxiter": 100, "gtol": 1e-10, "xrtol": 1e-10, "eps": 1e-05, "duration": 0.1627509593963623, "fun": "0.2849195193495997", "jac": "[-1.04971587e-07 -2.14961382e-07  1.64634972e-07  2.77511347e-07\n  7.76156917e-08 -1.96731520e-08]", "hess_inv": "[[ 3.19691511  0.10689107 -0.14908421  0.15823445 -0.94129663 -0.95784825]\n [ 0.10689107  3.31936213 -0.83414721  0.09081919 -1.04191799 -0.72364643]\n [-0.14908421 -0.83414721  3.51494389 -0.68008073  1.53952756  1.95484077]\n [ 0.15823445  0.09081919 -0.68008073  3.2964897  -0.23914517 -0.32022523]\n [-0.94129663 -1.04191799  1.53952756 -0.23914517  8.54869608  7.00269981]\n [-0.95784825 -0.72364643  1.95484077 -0.32022523  7.00269981  8.73211755]]", "nfev": "523", "njev": "73", "status": "2", "success": "False", "message": "Desired error not necessarily achieved due to precision loss.", "x": "[4.97313998 3.80051572 6.39537769 3.7980633  3.8261816  5.70597682]", "nit": "22", "callback": [0.9311335906617194, 0.9234026530502112, 0.9201606242509986, 0.8655852656694506, 0.8638376093076655, 0.6274912120039212, 0.5942741903656461, 0.336680636538353, 0.30762477074848094, 0.2977920228132428, 0.2879429738863917, 0.2855299996062285, 0.2853154211219684, 0.2851085684234158, 0.2850430609294179, 0.28500345206057776, 0.28496049467021267, 0.2849285656428806, 0.284920336203915, 0.28491954065648906, 0.2849195193707872, 0.2849195193495997]}, "7": {"maxiter": 100, "gtol": 1e-10, "xrtol": 1e-10, "eps": 1e-10, "duration": 0.10656213760375977, "fun": "0.2849195192942442", "jac": "[ 2.22044587e-06  0.00000000e+00  1.11022293e-06 -1.11022293e-06\n  2.22044587e-06  2.22044587e-06]", "hess_inv": "[[ 3.69870073  1.36663164 -0.73682611  0.48166331 -1.3079341  -0.92984348]\n [ 1.36663164  5.03959218 -2.37370732  2.00967366 -0.31288005  0.19928827]\n [-0.73682611 -2.37370732  3.13787932 -1.11202301 -1.17761735 -1.18314853]\n [ 0.48166331  2.00967366 -1.11202301  3.46429173  0.24329855  0.91184957]\n [-1.3079341  -0.31288005 -1.17761735  0.24329855  3.34878913  2.31835552]\n [-0.92984348  0.19928827 -1.18314853  0.91184957  2.31835552  4.44078895]]", "nfev": "336", "njev": "48", "status": "0", "success": "True", "message": "Optimization terminated successfully.", "x": "[4.97314371 3.80051517 6.39538738 3.7980649  3.8262051  5.70599991]", "nit": "25", "callback": [0.9311336656754907, 0.9234028998580863, 0.9201607906039495, 0.8655850529694462, 0.8638372438748727, 0.6275051214881228, 0.594286232949883, 0.3367729451377204, 0.30764832483567506, 0.2977909332587432, 0.28794591673244097, 0.285530292357954, 0.2853155453745023, 0.2851082515661778, 0.2850431086109617, 0.28500337877898363, 0.28496040628492003, 0.28492849413587007, 0.2849203359946164, 0.28491954216174054, 0.28491951953681083, 0.28491951929598147, 0.28491951929430825, 0.2849195192942444, 0.2849195192942442]}, "8": {"maxiter": 500, "gtol": 1e-05, "xrtol": 1e-05, "eps": 1e-05, "duration": 0.07392692565917969, "fun": "0.2849195193707872", "jac": "[-2.76124679e-06 -2.37609932e-06  3.24047456e-06  1.21539445e-06\n  2.01523243e-06  2.11319851e-06]", "hess_inv": "[[ 3.13163764  0.03456711 -0.04993009  0.1608572  -0.73731882 -0.75082051]\n [ 0.03456711  3.26550912 -0.72838087  0.05238186 -0.80571707 -0.47494531]\n [-0.04993009 -0.72838087  3.36497042 -0.67762876  1.22810702  1.63737538]\n [ 0.1608572   0.05238186 -0.67762876  3.3614299  -0.26339719 -0.35895509]\n [-0.73731882 -0.80571707  1.22810702 -0.26339719  7.91528101  6.36331786]\n [-0.75082051 -0.47494531  1.63737538 -0.35895509  6.36331786  8.08984719]]", "nfev": "238", "njev": "34", "status": "0", "success": "True", "message": "Optimization terminated successfully.", "x": "[4.97312708 3.80050222 6.39539722 3.79806254 3.82622237 5.70601883]", "nit": "21", "callback": [0.9311335906617194, 0.9234026530502112, 0.9201606242509986, 0.8655852656694506, 0.8638376093076655, 0.6274912120039212, 0.5942741903656461, 0.336680636538353, 0.30762477074848094, 0.2977920228132428, 0.2879429738863917, 0.2855299996062285, 0.2853154211219684, 0.2851085684234158, 0.2850430609294179, 0.28500345206057776, 0.28496049467021267, 0.2849285656428806, 0.284920336203915, 0.28491954065648906, 0.2849195193707872]}, "9": {"maxiter": 500, "gtol": 1e-05, "xrtol": 1e-05, "eps": 1e-10, "duration": 0.08063983917236328, "fun": "0.28491951953681083", "jac": "[-5.55111466e-06 -3.33066880e-06  3.33066880e-06  1.11022293e-06\n  3.33066880e-06  2.22044587e-06]", "hess_inv": "[[ 3.1294654   0.04153455 -0.04920336  0.14814375 -0.73133777 -0.74251445]\n [ 0.04153455  3.26825022 -0.72680123  0.05176235 -0.80727211 -0.47618092]\n [-0.04920336 -0.72680123  3.36868777 -0.68512115  1.23000859  1.64139356]\n [ 0.14814375  0.05176235 -0.68512115  3.363867   -0.25943359 -0.35456257]\n [-0.73133777 -0.80727211  1.23000859 -0.25943359  7.91124281  6.35829044]\n [-0.74251445 -0.47618092  1.64139356 -0.35456257  6.35829044  8.08300425]]", "nfev": "238", "njev": "34", "status": "0", "success": "True", "message": "Optimization terminated successfully.", "x": "[4.97311969 3.80050372 6.39540738 3.79806279 3.82626006 5.70605733]", "nit": "21", "callback": [0.9311336656754907, 0.9234028998580863, 0.9201607906039495, 0.8655850529694462, 0.8638372438748727, 0.6275051214881228, 0.594286232949883, 0.3367729451377204, 0.30764832483567506, 0.2977909332587432, 0.28794591673244097, 0.285530292357954, 0.2853155453745023, 0.2851082515661778, 0.2850431086109617, 0.28500337877898363, 0.28496040628492003, 0.28492849413587007, 0.2849203359946164, 0.28491954216174054, 0.28491951953681083]}, "10": {"maxiter": 500, "gtol": 1e-05, "xrtol": 1e-10, "eps": 1e-05, "duration": 0.07536888122558594, "fun": "0.2849195193707872", "jac": "[-2.76124679e-06 -2.37609932e-06  3.24047456e-06  1.21539445e-06\n  2.01523243e-06  2.11319851e-06]", "hess_inv": "[[ 3.13163764  0.03456711 -0.04993009  0.1608572  -0.73731882 -0.75082051]\n [ 0.03456711  3.26550912 -0.72838087  0.05238186 -0.80571707 -0.47494531]\n [-0.04993009 -0.72838087  3.36497042 -0.67762876  1.22810702  1.63737538]\n [ 0.1608572   0.05238186 -0.67762876  3.3614299  -0.26339719 -0.35895509]\n [-0.73731882 -0.80571707  1.22810702 -0.26339719  7.91528101  6.36331786]\n [-0.75082051 -0.47494531  1.63737538 -0.35895509  6.36331786  8.08984719]]", "nfev": "238", "njev": "34", "status": "0", "success": "True", "message": "Optimization terminated successfully.", "x": "[4.97312708 3.80050222 6.39539722 3.79806254 3.82622237 5.70601883]", "nit": "21", "callback": [0.9311335906617194, 0.9234026530502112, 0.9201606242509986, 0.8655852656694506, 0.8638376093076655, 0.6274912120039212, 0.5942741903656461, 0.336680636538353, 0.30762477074848094, 0.2977920228132428, 0.2879429738863917, 0.2855299996062285, 0.2853154211219684, 0.2851085684234158, 0.2850430609294179, 0.28500345206057776, 0.28496049467021267, 0.2849285656428806, 0.284920336203915, 0.28491954065648906, 0.2849195193707872]}, "11": {"maxiter": 500, "gtol": 1e-05, "xrtol": 1e-10, "eps": 1e-10, "duration": 0.07141900062561035, "fun": "0.28491951953681083", "jac": "[-5.55111466e-06 -3.33066880e-06  3.33066880e-06  1.11022293e-06\n  3.33066880e-06  2.22044587e-06]", "hess_inv": "[[ 3.1294654   0.04153455 -0.04920336  0.14814375 -0.73133777 -0.74251445]\n [ 0.04153455  3.26825022 -0.72680123  0.05176235 -0.80727211 -0.47618092]\n [-0.04920336 -0.72680123  3.36868777 -0.68512115  1.23000859  1.64139356]\n [ 0.14814375  0.05176235 -0.68512115  3.363867   -0.25943359 -0.35456257]\n [-0.73133777 -0.80727211  1.23000859 -0.25943359  7.91124281  6.35829044]\n [-0.74251445 -0.47618092  1.64139356 -0.35456257  6.35829044  8.08300425]]", "nfev": "238", "njev": "34", "status": "0", "success": "True", "message": "Optimization terminated successfully.", "x": "[4.97311969 3.80050372 6.39540738 3.79806279 3.82626006 5.70605733]", "nit": "21", "callback": [0.9311336656754907, 0.9234028998580863, 0.9201607906039495, 0.8655850529694462, 0.8638372438748727, 0.6275051214881228, 0.594286232949883, 0.3367729451377204, 0.30764832483567506, 0.2977909332587432, 0.28794591673244097, 0.285530292357954, 0.2853155453745023, 0.2851082515661778, 0.2850431086109617, 0.28500337877898363, 0.28496040628492003, 0.28492849413587007, 0.2849203359946164, 0.28491954216174054, 0.28491951953681083]}, "12": {"maxiter": 500, "gtol": 1e-10, "xrtol": 1e-05, "eps": 1e-05, "duration": 0.07738375663757324, "fun": "0.2849195193495997", "jac": "[-1.04971587e-07 -2.14961382e-07  1.64634972e-07  2.77511347e-07\n  7.76156917e-08 -1.96731520e-08]", "hess_inv": "[[ 3.18195521  0.07015616 -0.12342005  0.19068362 -0.90291926 -0.92714828]\n [ 0.07015616  3.25885748 -0.77538466  0.12353193 -0.93514656 -0.62286625]\n [-0.12342005 -0.77538466  3.47152649 -0.72901568  1.4718934   1.89853387]\n [ 0.19068362  0.12353193 -0.72901568  3.30038092 -0.3422093  -0.42697514]\n [-0.90291926 -0.93514656  1.4718934  -0.3422093   8.45553388  6.93466023]\n [-0.92714828 -0.62286625  1.89853387 -0.42697514 