{"date": "2024/09/24/, 21:13:22", "conf_id": 51, "data_type": "random\n", "num_data_points": 3, "s_rank": 0, "unitary": "[[-0.56303964-0.00798273j,-0.21670212-0.15784972j,-0.06047197-0.73952673j,-0.01438004+0.24552571j],[-0.06976756+0.23474685j,-0.01275565-0.5435098j,-0.02703657-0.08917885j,-0.08210486-0.79311774j],[-0.38559961+0.10714929j,0.5933431-0.2687392j,-0.24060861+0.29149289j,-0.45147719+0.26241743j],[-0.50180421+0.45931857j,-0.11617175+0.44134496j,0.49642745+0.22684508j,-0.08544628-0.15407063j]]", "databatch_0": {"databatch": "[[[-0.27584295-1.24000965e-01j,0.23432214+6.34712651e-02j,-0.02113306+9.42144291e-02j,-0.08903066-1.09679622e-01j],[0.19359233-4.41597019e-01j,-0.12912374+1.88849934e-01j,-0.1881813+2.97087261e-04j,-0.11868171-7.52586774e-02j],[-0.07086506-3.27270668e-02j,-0.14601174+1.87434018e-01j,-0.04550905-2.02086760e-01j,0.03912372+3.82347245e-01j],[-0.05673594+1.03974850e-01j,-0.03483797+1.45457158e-01j,-0.12337027-9.48262147e-02j,0.25416316+3.19294267e-01j]],[[-0.17941526-1.27041317e-01j,0.01358868-6.29395475e-02j,-0.07830062-4.33950013e-02j,-0.07649069+1.75085815e-01j],[0.21095143-2.93509540e-01j,-0.28709311+2.41613675e-01j,-0.0442816+5.59714713e-02j,-0.03834211+2.00242335e-01j],[0.44692955+2.26312417e-01j,-0.20651896-2.23511816e-01j,0.19315675-2.53083925e-02j,-0.24312588+1.52625125e-03j],[-0.14345074+1.52223042e-01j,0.12392739-1.13333577e-01j,-0.0522138+1.61231600e-01j,-0.14399855-1.51170202e-01j]],[[0.1857871+2.39402309e-01j,-0.09946513+1.64373672e-02j,-0.07314391+1.17468374e-01j,0.20293814-1.22070670e-01j],[0.11105739-5.60332674e-02j,0.19099123-1.79678475e-02j,0.06638308-1.57387546e-01j,0.0569056+3.95036838e-01j],[-0.0196844-1.60175036e-02j,0.10324091-3.82369600e-01j,-0.164249-2.59960108e-02j,-0.33406694-1.87617944e-01j],[-0.36857455+2.70895960e-01j,0.09859467+1.42033259e-01j,-0.0241618-8.65366189e-02j,0.04695391-2.57125938e-02j]]]", "initial param values": "[3.78129762,3.46535678,4.68766604,3.12906062,5.58018191,5.49723868]", "nelder_mead": {"type": "gradient-free", "0": {"maxiter": 100, "fatol": 1e-05, "xatol": 1e-05, "duration": 0.043189048767089844, "fun": "0.4416114250238343", "nit": "100", "nfev": "164", "status": "2", "success": "False", "message": "Maximum number of iterations has been exceeded.", "x": "[4.92269462 3.17211372 3.48576944 2.2508515  6.60023745 5.33216445]", "final_simplex": "(array([[4.92269462, 3.17211372, 3.48576944, 2.2508515 , 6.60023745,\n        5.33216445],\n       [4.93054086, 3.1864449 , 3.48401847, 2.24857407, 6.58723109,\n        5.32330662],\n       [4.92375397, 3.17263886, 3.47428706, 2.26620878, 6.58546754,\n        5.32698723],\n       [4.92267739, 3.18599659, 3.45917134, 2.25413268, 6.60567445,\n        5.33452572],\n       [4.94229287, 3.19053695, 3.46114439, 2.26667593, 6.60095079,\n        5.32366406],\n       [4.91684918, 3.19098628, 3.46421953, 2.29243091, 6.58835767,\n        5.3048156 ],\n       [4.94825996, 3.18267858, 3.4667964 , 2.2422771 , 6.59527471,\n        5.31076064]]), array([0.44161143, 0.44162025, 0.44162468, 0.44164967, 0.44164974,\n       0.44166825, 0.44171929]))", "callback": [0.6800835660483303, 0.5221194886977156, 0.4956706078169836, 0.4597003254308678, 0.451347538545383, 0.4469127061438849, 0.4434833918304645, 0.44262613643219895, 0.4420314167409889, 0.4416682534659421]}, "1": {"maxiter": 100, "fatol": 1e-05, "xatol": 1e-10, "duration": 0.044415950775146484, "fun": "0.4416114250238343", "nit": "100", "nfev": "164", "status": "2", "success": "False", "message": "Maximum number of iterations has been exceeded.", "x": "[4.92269462 3.17211372 3.48576944 2.2508515  6.60023745 5.33216445]", "final_simplex": "(array([[4.92269462, 3.17211372, 3.48576944, 2.2508515 , 6.60023745,\n        5.33216445],\n       [4.93054086, 3.1864449 , 3.48401847, 2.24857407, 6.58723109,\n        5.32330662],\n       [4.92375397, 3.17263886, 3.47428706, 2.26620878, 6.58546754,\n        5.32698723],\n       [4.92267739, 3.18599659, 3.45917134, 2.25413268, 6.60567445,\n        5.33452572],\n       [4.94229287, 3.19053695, 3.46114439, 2.26667593, 6.60095079,\n        5.32366406],\n       [4.91684918, 3.19098628, 3.46421953, 2.29243091, 6.58835767,\n        5.3048156 ],\n       [4.94825996, 3.18267858, 3.4667964 , 2.2422771 , 6.59527471,\n        5.31076064]]), array([0.44161143, 0.44162025, 0.44162468, 0.44164967, 0.44164974,\n       0.44166825, 0.44171929]))", "callback": [0.6800835660483303, 0.5221194886977156, 0.4956706078169836, 0.4597003254308678, 0.451347538545383, 0.4469127061438849, 0.4434833918304645, 0.44262613643219895, 0.4420314167409889, 0.4416682534659421]}, "2": {"maxiter": 100, "fatol": 1e-10, "xatol": 1e-05, "duration": 0.04424691200256348, "fun": "0.4416114250238343", "nit": "100", "nfev": "164", "status": "2", "success": "False", "message": "Maximum number of iterations has been exceeded.", "x": "[4.92269462 3.17211372 3.48576944 2.2508515  6.60023745 5.33216445]", "final_simplex": "(array([[4.92269462, 3.17211372, 3.48576944, 2.2508515 , 6.60023745,\n        5.33216445],\n       [4.93054086, 3.1864449 , 3.48401847, 2.24857407, 6.58723109,\n        5.32330662],\n       [4.92375397, 3.17263886, 3.47428706, 2.26620878, 6.58546754,\n        5.32698723],\n       [4.92267739, 3.18599659, 3.45917134, 2.25413268, 6.60567445,\n        5.33452572],\n       [4.94229287, 3.19053695, 3.46114439, 2.26667593, 6.60095079,\n        5.32366406],\n       [4.91684918, 3.19098628, 3.46421953, 2.29243091, 6.58835767,\n        5.3048156 ],\n       [4.94825996, 3.18267858, 3.4667964 , 2.2422771 , 6.59527471,\n        5.31076064]]), array([0.44161143, 0.44162025, 0.44162468, 0.44164967, 0.44164974,\n       0.44166825, 0.44171929]))", "callback": [0.6800835660483303, 0.5221194886977156, 0.4956706078169836, 0.4597003254308678, 0.451347538545383, 0.4469127061438849, 0.4434833918304645, 0.44262613643219895, 0.4420314167409889, 0.4416682534659421]}, "3": {"maxiter": 100, "fatol": 1e-10, "xatol": 1e-10, "duration": 0.04403805732727051, "fun": "0.4416114250238343", "nit": "100", "nfev": "164", "status": "2", "success": "False", "message": "Maximum number of iterations has been exceeded.", "x": "[4.92269462 3.17211372 3.48576944 2.2508515  6.60023745 5.33216445]", "final_simplex": "(array([[4.92269462, 3.17211372, 3.48576944, 2.2508515 , 6.60023745,\n        5.33216445],\n       [4.93054086, 3.1864449 , 3.48401847, 2.24857407, 6.58723109,\n        5.32330662],\n       [4.92375397, 3.17263886, 3.47428706, 2.26620878, 6.58546754,\n        5.32698723],\n       [4.92267739, 3.18599659, 3.45917134, 2.25413268, 6.60567445,\n        5.33452572],\n       [4.94229287, 3.19053695, 3.46114439, 2.26667593, 6.60095079,\n        5.32366406],\n       [4.91684918, 3.19098628, 3.46421953, 2.29243091, 6.58835767,\n        5.3048156 ],\n       [4.94825996, 3.18267858, 3.4667964 , 2.2422771 , 6.59527471,\n        5.31076064]]), array([0.44161143, 0.44162025, 0.44162468, 0.44164967, 0.44164974,\n       0.44166825, 0.44171929]))", "callback": [0.6800835660483303, 0.5221194886977156, 0.4956706078169836, 0.4597003254308678, 0.451347538545383, 0.4469127061438849, 0.4434833918304645, 0.44262613643219895, 0.4420314167409889, 0.4416682534659421]}, "4": {"maxiter": 500, "fatol": 1e-05, "xatol": 1e-05, "duration": 0.10316014289855957, "fun": "0.44157339373154214", "nit": "225", "nfev": "371", "status": "0", "success": "True", "message": "Optimization terminated successfully.", "x": "[4.92080848 3.1864693  3.4752683  2.26694802 6.60367729 5.32851724]", "final_simplex": "(array([[4.92080848, 3.1864693 , 3.4752683 , 2.26694802, 6.60367729,\n        5.32851724],\n       [4.92081355, 3.18646985, 3.47526798, 2.26694685, 6.60367012,\n        5.32851243],\n       [4.92080879, 3.18647201, 3.47526251, 2.26695003, 6.60367384,\n        5.32851256],\n       [4.92081082, 3.18647086, 3.47526733, 2.26694438, 6.60367641,\n        5.32851179],\n       [4.92080685, 3.18646655, 3.47526718, 2.26695241, 6.60367458,\n        5.32850921],\n       [4.92080912, 3.18647352, 3.47526922, 2.26694677, 6.60367143,\n        5.32851166],\n       [4.92081537, 3.18647639, 3.47526322, 2.26695161, 6.60368418,\n        5.32851858]]), array([0.44157339, 0.44157339, 0.44157339, 0.44157339, 0.44157339,\n       0.44157339, 0.44157339]))", "callback": [0.6800835660483303, 0.5221194886977156, 0.4956706078169836, 0.4597003254308678, 0.451347538545383, 0.4469127061438849, 0.4434833918304645, 0.44262613643219895, 0.4420314167409889, 0.4416682534659421, 0.44159295087393924, 0.44157976754203576, 0.4415748947059688, 0.44157384355543594, 0.44157348546752584, 0.44157341176834597, 0.44157340520304933, 0.441573395973199, 0.44157339451292343, 0.4415733939315546, 0.4415733938425146, 0.4415733937377708, 0.44157339373159277]}, "5": {"maxiter": 500, "fatol": 1e-05, "xatol": 1e-10, "duration": 0.17366909980773926, "fun": "0.4415733937277161", "nit": "327", "nfev": "597", "status": "0", "success": "True", "message": "Optimization terminated successfully.", "x": "[4.92081259 3.18646973 3.47526571 2.26694961 6.60367639 5.32851398]", "final_simplex": "(array([[4.92081259, 3.18646973, 3.47526571, 2.26694961, 6.60367639,\n        5.32851398],\n       [4.92081259, 3.18646973, 3.47526571, 2.26694961, 6.60367639,\n        5.32851398],\n       [4.92081259, 3.18646973, 3.47526571, 2.26694961, 6.60367639,\n        5.32851398],\n       [4.92081259, 3.18646973, 3.47526571, 2.26694961, 6.60367639,\n        5.32851398],\n       [4.92081259, 3.18646973, 3.47526571, 2.26694961, 6.60367639,\n        5.32851398],\n       [4.92081259, 3.18646973, 3.47526571, 2.26694961, 6.60367639,\n        5.32851398],\n       [4.92081259, 3.18646973, 3.47526571, 2.26694961, 6.60367639,\n        5.32851398]]), array([0.44157339, 0.44157339, 0.44157339, 0.44157339, 0.44157339,\n       0.44157339, 0.44157339]))", "callback": [0.6800835660483303, 0.5221194886977156, 0.4956706078169836, 0.4597003254308678, 0.451347538545383, 0.4469127061438849, 0.4434833918304645, 0.44262613643219895, 0.4420314167409889, 0.4416682534659421, 0.44159295087393924, 0.44157976754203576, 0.4415748947059688, 0.44157384355543594, 0.44157348546752584, 0.44157341176834597, 0.44157340520304933, 0.441573395973199, 0.44157339451292343, 0.4415733939315546, 0.4415733938425146, 0.4415733937377708, 0.44157339373159277, 0.44157339372872906, 0.4415733937278782, 0.4415733937278231, 0.4415733937277371, 0.44157339372772364, 0.4415733937277174, 0.44157339372771653, 0.4415733937277163, 0.4415733937277161, 0.4415733937277161]}, "6": {"maxiter": 500, "fatol": 1e-10, "xatol": 1e-05, "duration": 0.09719419479370117, "fun": "0.44157339373154214", "nit": "225", "nfev": "371", "status": "0", "success": "True", "message": "Optimization terminated successfully.", "x": "[4.92080848 3.1864693  3.4752683  2.26694802 6.60367729 5.32851724]", "final_simplex": "(array([[4.92080848, 3.1864693 , 3.4752683 , 2.26694802, 6.60367729,\n        5.32851724],\n       [4.92081355, 3.18646985, 3.47526798, 2.26694685, 6.60367012,\n        5.32851243],\n       [4.92080879, 3.18647201, 3.47526251, 2.26695003, 6.60367384,\n        5.32851256],\n       [4.92081082, 3.18647086, 3.47526733, 2.26694438, 6.60367641,\n        5.32851179],\n       [4.92080685, 3.18646655, 3.47526718, 2.26695241, 6.60367458,\n        5.32850921],\n       [4.92080912, 3.18647352, 3.47526922, 2.26694677, 6.60367143,\n        5.32851166],\n       [4.92081537, 3.18647639, 3.47526322, 2.26695161, 6.60368418,\n        5.32851858]]), array([0.44157339, 0.44157339, 0.44157339, 0.44157339, 0.44157339,\n       0.44157339, 0.44157339]))", "callback": [0.6800835660483303, 0.5221194886977156, 0.4956706078169836, 0.4597003254308678, 0.451347538545383, 0.4469127061438849, 0.4434833918304645, 0.44262613643219895, 0.4420314167409889, 0.4416682534659421, 0.44159295087393924, 0.44157976754203576, 0.4415748947059688, 0.44157384355543594, 0.44157348546752584, 0.44157341176834597, 0.44157340520304933, 0.441573395973199, 0.44157339451292343, 0.4415733939315546, 0.4415733938425146, 0.4415733937377708, 0.44157339373159277]}, "7": {"maxiter": 500, "fatol": 1e-10, "xatol": 1e-10, "duration": 0.1803450584411621, "fun": "0.4415733937277161", "nit": "327", "nfev": "597", "status": "0", "success": "True", "message": "Optimization terminated successfully.", "x": "[4.92081259 3.18646973 3.47526571 2.26694961 6.60367639 5.32851398]", "final_simplex": "(array([[4.92081259, 3.18646973, 3.47526571, 2.26694961, 6.60367639,\n        5.32851398],\n       [4.92081259, 3.18646973, 3.47526571, 2.26694961, 6.60367639,\n        5.32851398],\n       [4.92081259, 3.18646973, 3.47526571, 2.26694961, 6.60367639,\n        5.32851398],\n       [4.92081259, 3.18646973, 3.47526571, 2.26694961, 6.60367639,\n        5.32851398],\n       [4.92081259, 3.18646973, 3.47526571, 2.26694961, 6.60367639,\n        5.32851398],\n       [4.92081259, 3.18646973, 3.47526571, 2.26694961, 6.60367639,\n        5.32851398],\n       [4.92081259, 3.18646973, 3.47526571, 2.26694961, 6.60367639,\n        5.32851398]]), array([0.44157339, 0.44157339, 0.44157339, 0.44157339, 0.44157339,\n       0.44157339, 0.44157339]))", "callback": [0.6800835660483303, 0.5221194886977156, 0.4956706078169836, 0.4597003254308678, 0.451347538545383, 0.4469127061438849, 0.4434833918304645, 0.44262613643219895, 0.4420314167409889, 0.4416682534659421, 0.44159295087393924, 0.44157976754203576, 0.4415748947059688, 0.44157384355543594, 0.44157348546752584, 0.44157341176834597, 0.44157340520304933, 0.441573395973199, 0.44157339451292343, 0.4415733939315546, 0.4415733938425146, 0.4415733937377708, 0.44157339373159277, 0.44157339372872906, 0.4415733937278782, 0.4415733937278231, 0.4415733937277371, 0.44157339372772364, 0.4415733937277174, 0.44157339372771653, 0.4415733937277163, 0.4415733937277161, 0.4415733937277161]}, "8": {"maxiter": 1000, "fatol": 1e-05, "xatol": 1e-05, "duration": 0.09542608261108398, "fun": "0.44157339373154214", "nit": "225", "nfev": "371", "status": "0", "success": "True", "message": "Optimization terminated successfully.", "x": "[4.92080848 3.1864693  3.4752683  2.26694802 6.60367729 5.32851724]", "final_simplex": "(array([[4.92080848, 3.1864693 , 3.4752683 , 2.26694802, 6.60367729,\n        5.32851724],\n       [4.92081355, 3.18646985, 3.47526798, 2.26694685, 6.60367012,\n        5.32851243],\n       [4.92080879, 3.18647201, 3.47526251, 2.26695003, 6.60367384,\n        5.32851256],\n       [4.92081082, 3.18647086, 3.47526733, 2.26694438, 6.60367641,\n        5.32851179],\n       [4.92080685, 3.18646655, 3.47526718, 2.26695241, 6.60367458,\n        5.32850921],\n       [4.92080912, 3.18647352, 3.47526922, 2.26694677, 6.60367143,\n        5.32851166],\n       [4.92081537, 3.18647639, 3.47526322, 2.26695161, 6.60368418,\n        5.32851858]]), array([0.44157339, 0.44157339, 0.44157339, 0.44157339, 0.44157339,\n       0.44157339, 0.44157339]))", "callback": [0.6800835660483303, 0.5221194886977156, 0.4956706078169836, 0.4597003254308678, 0.451347538545383, 0.4469127061438849, 0.4434833918304645, 0.44262613643219895, 0.4420314167409889, 0.4416682534659421, 0.44159295087393924, 0.44157976754203576, 0.4415748947059688, 0.44157384355543594, 0.44157348546752584, 0.44157341176834597, 0.44157340520304933, 0.441573395973199, 0.44157339451292343, 0.4415733939315546, 0.4415733938425146, 0.4415733937377708, 0.44157339373159277]}, "9": {"maxiter": 1000, "fatol": 1e-05, "xatol": 1e-10, "duration": 0.1367800235748291, "fun": "0.4415733937277161", "nit": "327", "nfev": "597", "status": "0", "success": "True", "message": "Optimization terminated successfully.", "x": "[4.92081259 3.18646973 3.47526571 2.26694961 6.60367639 5.32851398]", "final_simplex": "(array([[4.92081259, 3.18646973, 3.47526571, 2.26694961, 6.60367639,\n        5.32851398],\n       [4.92081259, 3.18646973, 3.47526571, 2.26694961, 6.60367639,\n        5.32851398],\n       [4.92081259, 3.18646973, 3.47526571, 2.26694961, 6.60367639,\n        5.32851398],\n       [4.92081259, 3.18646973, 3.47526571, 2.26694961, 6.60367639,\n        5.32851398],\n       [4.92081259, 3.18646973, 3.47526571, 2.26694961, 6.60367639,\n        5.32851398],\n       [4.92081259, 3.18646973, 3.47526571, 2.26694961, 6.60367639,\n        5.32851398],\n       [4.92081259, 3.18646973, 3.47526571, 2.26694961, 6.60367639,\n        5.32851398]]), array([0.44157339, 0.44157339, 0.44157339, 0.44157339, 0.44157339,\n       0.44157339, 0.44157339]))", "callback": [0.6800835660483303, 0.5221194886977156, 0.4956706078169836, 0.4597003254308678, 0.451347538545383, 0.4469127061438849, 0.4434833918304645, 0.44262613643219895, 0.4420314167409889, 0.4416682534659421, 0.44159295087393924, 0.44157976754203576, 0.4415748947059688, 0.44157384355543594, 0.44157348546752584, 0.44157341176834597, 0.44157340520304933, 0.441573395973199, 0.44157339451292343, 0.4415733939315546, 0.4415733938425146, 0.4415733937377708, 0.44157339373159277, 0.44157339372872906, 0.4415733937278782, 0.4415733937278231, 0.4415733937277371, 0.44157339372772364, 0.4415733937277174, 0.44157339372771653, 0.4415733937277163, 0.4415733937277161, 0.4415733937277161]}, "10": {"maxiter": 1000, "fatol": 1e-10, "xatol": 1e-05, "duration": 0.08887004852294922, "fun": "0.44157339373154214", "nit": "225", "nfev": "371", "status": "0", "success": "True", "message": "Optimization terminated successfully.", "x": "[4.92080848 3.1864693  3.4752683  2.26694802 6.60367729 5.32851724]", "final_simplex": "(array([[4.92080848, 3.1864693 , 3.4752683 , 2.26694802, 6.60367729,\n        5.32851724],\n       [4.92081355, 3.18646985, 3.47526798, 2.26694685, 6.60367012,\n        5.32851243],\n       [4.92080879, 3.18647201, 3.47526251, 2.26695003, 6.60367384,\n        5.32851256],\n       [4.92081082, 3.18647086, 3.47526733, 2.26694438, 6.60367641,\n        5.32851179],\n       [4.92080685, 3.18646655, 3.47526718, 2.26695241, 6.60367458,\n        5.32850921],\n       [4.92080912, 3.18647352, 3.47526922, 2.26694677, 6.60367143,\n        5.32851166],\n       [4.92081537, 3.18647639, 3.47526322, 2.26695161, 6.60368418,\n        5.32851858]]), array([0.44157339, 0.44157339, 0.44157339, 0.44157339, 0.44157339,\n       0.44157339, 0.44157339]))", "callback": [0.6800835660483303, 0.5221194886977156, 0.4956706078169836, 0.4597003254308678, 0.451347538545383, 0.4469127061438849, 0.4434833918304645, 0.44262613643219895, 0.4420314167409889, 0.4416682534659421, 0.44159295087393924, 0.44157976754203576, 0.4415748947059688, 0.44157384355543594, 0.44157348546752584, 0.44157341176834597, 0.44157340520304933, 0.441573395973199, 0.44157339451292343, 0.4415733939315546, 0.4415733938425146, 0.4415733937377708, 0.44157339373159277]}, "11": {"maxiter": 1000, "fatol": 1e-10, "xatol": 1e-10, "duration": 0.15371394157409668, "fun": "0.4415733937277161", "nit": "327", "nfev": "597", "status": "0", "success": "True", "message": "Optimization terminated successfully.", "x": "[4.92081259 3.18646973 3.47526571 2.26694961 6.60367639 5.32851398]", "final_simplex": "(array([[4.92081259, 3.18646973, 3.47526571, 2.26694961, 6.60367639,\n        5.32851398],\n       [4.92081259, 3.18646973, 3.47526571, 2.26694961, 6.60367639,\n        5.32851398],\n       [4.92081259, 3.18646973, 3.47526571, 2.26694961, 6.60367639,\n        5.32851398],\n       [4.92081259, 3.18646973, 3.47526571, 2.26694961, 6.60367639,\n        5.32851398],\n       [4.92081259, 3.18646973, 3.47526571, 2.26694961, 6.60367639,\n        5.32851398],\n       [4.92081259, 3.18646973, 3.47526571, 2.26694961, 6.60367639,\n        5.32851398],\n       [4.92081259, 3.18646973, 3.47526571, 2.26694961, 6.60367639,\n        5.32851398]]), array([0.44157339, 0.44157339, 0.44157339, 0.44157339, 0.44157339,\n       0.44157339, 0.44157339]))", "callback": [0.6800835660483303, 0.5221194886977156, 0.4956706078169836, 0.4597003254308678, 0.451347538545383, 0.4469127061438849, 0.4434833918304645, 0.44262613643219895, 0.4420314167409889, 0.4416682534659421, 0.44159295087393924, 0.44157976754203576, 0.4415748947059688, 0.44157384355543594, 0.44157348546752584, 0.44157341176834597, 0.44157340520304933, 0.441573395973199, 0.44157339451292343, 0.4415733939315546, 0.4415733938425146, 0.4415733937377708, 0.44157339373159277, 0.44157339372872906, 0.4415733937278782, 0.4415733937278231, 0.4415733937277371, 0.44157339372772364, 0.4415733937277174, 0.44157339372771653, 0.4415733937277163, 0.4415733937277161, 0.4415733937277161]}}, "bfgs": {"type": "gradient", "0": {"maxiter": 100, "gtol": 1e-05, "xrtol": 1e-05, "eps": 1e-05, "duration": 0.044875144958496094, "fun": "0.44157339386538597", "jac": "[-2.69382294e-06 -2.81191737e-06 -1.53163038e-06 -3.35730332e-06\n -1.70164993e-06 -2.08055795e-07]", "hess_inv": "[[ 4.81584368 -0.31230127  0.72817217 -2.26423382 -1.14580476 -1.17150851]\n [-0.31230127  4.88489714 -2.05570469  0.85693574  0.54274766 -0.28373843]\n [ 0.72817217 -2.05570469  6.07830087 -2.9308526  -0.63872486  0.73508714]\n [-2.26423382  0.85693574 -2.9308526   6.43416804 -0.77412998 -0.23078602]\n [-1.14580476  0.54274766 -0.63872486 -0.77412998  8.00804058  4.55856359]\n [-1.17150851 -0.28373843  0.73508714 -0.23078602  4.55856359  6.36414951]]", "nfev": "168", "njev": "24", "status": "0", "success": "True", "message": "Optimization terminated successfully.", "x": "[4.92080872 3.18644925 3.47527031 2.26693178 6.60364889 5.32849271]", "nit": "20", "callback": [0.5578958951827, 0.5384520876465702, 0.5050604321236223, 0.4759222635865378, 0.469349135170822, 0.45975800950540513, 0.4510999027910255, 0.44747866200855846, 0.44544114678779423, 0.44358038626850205, 0.4428028802474261, 0.4423900630442884, 0.4419327818665526, 0.4417051608474152, 0.44162532754060624, 0.44159318737438846, 0.4415767610556577, 0.4415736283265149, 0.441573399154333, 0.44157339386538597]}, "1": {"maxiter": 100, "gtol": 1e-05, "xrtol": 1e-05, "eps": 1e-10, "duration": 0.04023027420043945, "fun": "0.4415733937787304", "jac": "[-2.22044587e-06 -4.44089173e-06 -2.22044587e-06 -3.33066880e-06\n -2.22044587e-06  0.00000000e+00]", "hess_inv": "[[ 4.82193878 -0.31268488  0.7349834  -2.25746524 -1.16457838 -1.18087085]\n [-0.31268488  4.86962168 -2.05570902  0.84219637  0.56495719 -0.2639601 ]\n [ 0.7349834  -2.05570902  6.0787376  -2.92772628 -0.6449031   0.73389512]\n [-2.25746524  0.84219637 -2.92772628  6.4371197  -0.77667155 -0.22374425]\n [-1.16457838  0.56495719 -0.6449031  -0.77667155  8.01270183  4.54721214]\n [-1.18087085 -0.2639601   0.73389512 -0.22374425  4.54721214  6.34759626]]", "nfev": "168", "njev": "24", "status": "0", "success": "True", "message": "Optimization terminated successfully.", "x": "[4.92080779 3.18645753 3.4752622  2.26693885 6.60367109 5.32850887]", "nit": "20", "callback": [0.5578969438210697, 0.5384517745830506, 0.5050583870216216, 0.47592356186199514, 0.469349328562667, 0.45975965057647983, 0.45110188418615993, 0.44747817921300215, 0.44544133871956004, 0.4435802170161379, 0.4428027376363586, 0.44238990056311256, 0.4419329115693327, 0.44170528578078516, 0.4416253392899122, 0.4415932306218514, 0.4415767616686551, 0.4415736315145332, 0.44157339855566946, 0.4415733937787304]}, "2": {"maxiter": 100, "gtol": 1e-05, "xrtol": 1e-10, "eps": 1e-05, "duration": 0.041172027587890625, "fun": "0.44157339386538597", "jac": "[-2.69382294e-06 -2.81191737e-06 -1.53163038e-06 -3.35730332e-06\n -1.70164993e-06 -2.08055795e-07]", "hess_inv": "[[ 4.81584368 -0.31230127  0.72817217 -2.26423382 -1.14580476 -1.17150851]\n [-0.31230127  4.88489714 -2.05570469  0.85693574  0.54274766 -0.28373843]\n [ 0.72817217 -2.05570469  6.07830087 -2.9308526  -0.63872486  0.73508714]\n [-2.26423382  0.85693574 -2.9308526   6.43416804 -0.77412998 -0.23078602]\n [-1.14580476  0.54274766 -0.63872486 -0.77412998  8.00804058  4.55856359]\n [-1.17150851 -0.28373843  0.73508714 -0.23078602  4.55856359  6.36414951]]", "nfev": "168", "njev": "24", "status": "0", "success": "True", "message": "Optimization terminated successfully.", "x": "[4.92080872 3.18644925 3.47527031 2.26693178 6.60364889 5.32849271]", "nit": "20", "callback": [0.5578958951827, 0.5384520876465702, 0.5050604321236223, 0.4759222635865378, 0.469349135170822, 0.45975800950540513, 0.4510999027910255, 0.44747866200855846, 0.44544114678779423, 0.44358038626850205, 0.4428028802474261, 0.4423900630442884, 0.4419327818665526, 0.4417051608474152, 0.44162532754060624, 0.44159318737438846, 0.4415767610556577, 0.4415736283265149, 0.441573399154333, 0.44157339386538597]}, "3": {"maxiter": 100, "gtol": 1e-05, "xrtol": 1e-10, "eps": 1e-10, "duration": 0.03891801834106445, "fun": "0.4415733937787304", "jac": "[-2.22044587e-06 -4.44089173e-06 -2.22044587e-06 -3.33066880e-06\n -2.22044587e-06  0.00000000e+00]", "hess_inv": "[[ 4.82193878 -0.31268488  0.7349834  -2.25746524 -1.16457838 -1.18087085]\n [-0.31268488  4.86962168 -2.05570902  0.84219637  0.56495719 -0.2639601 ]\n [ 0.7349834  -2.05570902  6.0787376  -2.92772628 -0.6449031   0.73389512]\n [-2.25746524  0.84219637 -2.92772628  6.4371197  -0.77667155 -0.22374425]\n [-1.16457838  0.56495719 -0.6449031  -0.77667155  8.01270183  4.54721214]\n [-1.18087085 -0.2639601   0.73389512 -0.22374425  4.54721214  6.34759626]]", "nfev": "168", "njev": "24", "status": "0", "success": "True", "message": "Optimization terminated successfully.", "x": "[4.92080779 3.18645753 3.4752622  2.26693885 6.60367109 5.32850887]", "nit": "20", "callback": [0.5578969438210697, 0.5384517745830506, 0.5050583870216216, 0.47592356186199514, 0.469349328562667, 0.45975965057647983, 0.45110188418615993, 0.44747817921300215, 0.44544133871956004, 0.4435802170161379, 0.4428027376363586, 0.44238990056311256, 0.4419329115693327, 0.44170528578078516, 0.4416253392899122, 0.4415932306218514, 0.4415767616686551, 0.4415736315145332, 0.44157339855566946, 0.4415733937787304]}, "4": {"maxiter": 100, "gtol": 1e-10, "xrtol": 1e-05, "eps": 1e-05, "duration": 0.042490243911743164, "fun": "0.4415733937579893", "jac": "[-2.05047090e-07  7.97917288e-08 -1.05848663e-07 -3.71880304e-07\n -2.52231569e-07 -9.07274256e-08]", "hess_inv": "[[ 4.79271485 -0.23713512  0.71526273 -2.26745146 -1.15003237 -1.20871959]\n [-0.23713512  5.20628972 -2.17915558  1.13387985  0.75926755 -0.16316559]\n [ 0.71526273 -2.17915558  6.11946046 -3.01057032 -0.70037828  0.71442263]\n [-2.26745146  1.13387985 -3.01057032  6.55926157 -0.67918887 -0.23613189]\n [-1.15003237  0.75926755 -0.70037828 -0.67918887  8.07995982  4.55163325]\n [-1.20871959 -0.16316559  0.71442263 -0.23613189  4.55163325  6.30428229]]", "nfev": "175", "njev": "25", "status": "0", "success": "True", "message": "Optimization terminated successfully.", "x": "[4.92081224 3.18646498 3.47526433 2.26694506 6.60365927 5.32849835]", "nit": "21", "callback": [0.5578958951827, 0.5384520876465702, 0.5050604321236223, 0.4759222635865378, 0.469349135170822, 0.45975800950540513, 0.4510999027910255, 0.44747866200855846, 0.44544114678779423, 0.44358038626850205, 0.4428028802474261, 0.4423900630442884, 0.4419327818665526, 0.4417051608474152, 0.44162532754060624, 0.44159318737438846, 0.4415767610556577, 0.4415736283265149, 0.441573399154333, 0.44157339386538597, 0.4415733937579893]}, "5": {"maxiter": 100, "gtol": 1e-10, "xrtol": 1e-05, "eps": 1e-10, "duration": 0.040585994720458984, "fun": "0.44157339374814153", "jac": "[ 0.00000000e+00  1.11022293e-06 -2.22044587e-06  0.00000000e+00\n  1.11022293e-06  0.00000000e+00]", "hess_inv": "[[ 4.81032136 -0.29308597  0.72991725 -2.27318432 -1.18206072 -1.21220708]\n [-0.29308597  5.36966584 -2.18259898  1.13214093  0.89753526 -0.09140134]\n [ 0.72991725 -2.18259898  6.11093619 -3.00150477 -0.72952589  0.68982163]\n [-2.27318432  1.13214093 -3.00150477  6.54601819 -0.65056216 -0.20699957]\n [-1.18206072  0.89753526 -0.72952589 -0.65056216  8.15870479  4.56810489]\n [-1.21220708 -0.09140134  0.68982163 -0.20699957  4.56810489  6.28994517]]", "nfev": "175", "njev": "25", "status": "0", "success": "True", "message": "Optimization terminated successfully.", "x": "[4.9208086  3.18648164 3.47525608 2.26695252 6.60368678 5.32851676]", "nit": "21", "callback": [0.5578969438210697, 0.5384517745830506, 0.5050583870216216, 0.47592356186199514, 0.469349328562667, 0.45975965057647983, 0.45110188418615993, 0.44747817921300215, 0.44544133871956004, 0.4435802170161379, 0.4428027376363586, 0.44238990056311256, 0.4419329115693327, 0.44170528578078516, 0.4416253392899122, 0.4415932306218514, 0.4415767616686551, 0.4415736315145332, 0.44157339855566946, 0.4415733937787304, 0.44157339374814153]}, "6": {"maxiter": 100, "gtol": 1e-10, "xrtol": 1e-10, "eps": 1e-05, "duration": 0.09972620010375977, "fun": "0.4415733937513472", "jac": "[ 2.15383267e-09  1.82076576e-09  0.00000000e+00  7.10542736e-10\n -1.22124533e-09  1.07691633e-09]", "hess_inv": "[[ 4.91483442 -0.16718191  0.72321132 -2.43611832 -1.4703372  -1.42156844]\n [-0.16718191  5.15111974 -2.15812494  1.035641    0.58778562 -0.23714085]\n [ 0.72321132 -2.15812494  6.11918164 -3.03360473 -0.73564258  0.67871056]\n [-2.43611832  1.035641   -3.03360473  6.8578562  -0.16528607  0.12919037]\n [-1.4703372   0.58778562 -0.73564258 -0.16528607  8.99176384  5.18170693]\n [-1.42156844 -0.23714085  0.67871056  0.12919037  5.18170693  6.72650422]]", "nfev": "431", "njev": "60", "status": "2", "success": "False", "message": "Desired error not necessarily achieved due to precision loss.", "x": "[4.92081197 3.18646485 3.47526403 2.26694672 6.60366152 5.32850014]", "nit": "23", "callback": [0.5578958951827, 0.5384520876465702, 0.5050604321236223, 0.4759222635865378, 0.469349135170822, 0.45975800950540513, 0.4510999027910255, 0.44747866200855846, 0.44544114678779423, 0.44358038626850205, 0.4428028802474261, 0.4423900630442884, 0.4419327818665526, 0.4417051608474152, 0.44162532754060624, 0.44159318737438846, 0.4415767610556577, 0.4415736283265149, 0.441573399154333, 0.44157339386538597, 0.4415733937579893, 0.4415733937517058, 0.4415733937513472]}, "7": {"maxiter": 100, "gtol": 1e-10, "xrtol": 1e-10, "eps": 1e-10, "duration": 0.05621004104614258, "fun": "0.44157339373115956", "jac": "[1.11022293e-06 0.00000000e+00 1.11022293e-06 1.11022293e-06\n 0.00000000e+00 0.00000000e+00]", "hess_inv": "[[ 4.84534637 -0.97397989  0.76409928 -2.30154382 -0.85516026 -0.89605587]\n [-0.97397989 14.27464088 -6.24659206  5.35384757 -2.01558587 -4.19065852]\n [ 0.76409928 -6.24659206  5.53268499 -2.77584723  0.3432446   1.70837953]\n [-2.30154382  5.35384757 -2.77584723  6.62432222 -0.29465531 -0.2542038 ]\n [-0.85516026 -2.01558587  0.3432446  -0.29465531  4.56333082  2.36254843]\n [-0.89605587 -4.19065852  1.70837953 -0.2542038   2.36254843  5.23603811]]", "nfev": "238", "njev": "34", "status": "0", "success": "True", "message": "Optimization terminated successfully.", "x": "[4.92081187 3.18646428 3.47527022 2.26694822 6.60367632 5.32851399]", "nit": "24", "callback": [0.5578969438210697, 0.5384517745830506, 0.5050583870216216, 0.47592356186199514, 0.469349328562667, 0.45975965057647983, 0.45110188418615993, 0.44747817921300215, 0.44544133871956004, 0.4435802170161379, 0.4428027376363586, 0.44238990056311256, 0.4419329115693327, 0.44170528578078516, 0.4416253392899122, 0.4415932306218514, 0.4415767616686551, 0.4415736315145332, 0.44157339855566946, 0.4415733937787304, 0.44157339374814153, 0.44157339373516513, 0.44157339373115956, 0.44157339373115956]}, "8": {"maxiter": 500, "gtol": 1e-05, "xrtol": 1e-05, "eps": 1e-05, "duration": 0.039350032806396484, "fun": "0.44157339386538597", "jac": "[-2.69382294e-06 -2.81191737e-06 -1.53163038e-06 -3.35730332e-06\n -1.70164993e-06 -2.08055795e-07]", "hess_inv": "[[ 4.81584368 -0.31230127  0.72817217 -2.26423382 -1.14580476 -1.17150851]\n [-0.31230127  4.88489714 -2.05570469  0.85693574  0.54274766 -0.28373843]\n [ 0.72817217 -2.05570469  6.07830087 -2.9308526  -0.63872486  0.73508714]\n [-2.26423382  0.85693574 -2.9308526   6.43416804 -0.77412998 -0.23078602]\n [-1.14580476  0.54274766 -0.63872486 -0.77412998  8.00804058  4.55856359]\n [-1.17150851 -0.28373843  0.73508714 -0.23078602  4.55856359  6.36414951]]", "nfev": "168", "njev": "24", "status": "0", "success": "True", "message": "Optimization terminated successfully.", "x": "[4.92080872 3.18644925 3.47527031 2.26693178 6.60364889 5.32849271]", "nit": "20", "callback": [0.5578958951827, 0.5384520876465702, 0.5050604321236223, 0.4759222635865378, 0.469349135170822, 0.45975800950540513, 0.4510999027910255, 0.44747866200855846, 0.44544114678779423, 0.44358038626850205, 0.4428028802474261, 0.4423900630442884, 0.4419327818665526, 0.4417051608474152, 0.44162532754060624, 0.44159318737438846, 0.4415767610556577, 0.4415736283265149, 0.441573399154333, 0.44157339386538597]}, "9": {"maxiter": 500, "gtol": 1e-05, "xrtol": 1e-05, "eps": 1e-10, "duration": 0.039299964904785156, "fun": "0.4415733937787304", "jac": "[-2.22044587e-06 -4.44089173e-06 -2.22044587e-06 -3.33066880e-06\n -2.22044587e-06  0.00000000e+00]", "hess_inv": "[[ 4.82193878 -0.31268488  0.7349834  -2.25746524 -1.16457838 -1.18087085]\n [-0.31268488  4.86962168 -2.05570902  0.84219637  0.56495719 -0.2639601 ]\n [ 0.7349834  -2.05570902  6.0787376  -2.92772628 -0.6449031   0.73389512]\n [-2.25746524  0.84219637 -2.92772628  6.4371197  -0.77667155 -0.22374425]\n [-1.16457838  0.56495719 -0.6449031  -0.77667155  8.01270183  4.54721214]\n [-1.18087085 -0.2639601   0.73389512 -0.22374425  4.54721214  6.34759626]]", "nfev": "168", "njev": "24", "status": "0", "success": "True", "message": "Optimization terminated successfully.", "x": "[4.92080779 3.18645753 3.4752622  2.26693885 6.60367109 5.32850887]", "nit": "20", "callback": [0.5578969438210697, 0.5384517745830506, 0.5050583870216216, 0.47592356186199514, 0.469349328562667, 0.45975965057647983, 0.45110188418615993, 0.44747817921300215, 0.44544133871956004, 0.4435802170161379, 0.4428027376363586, 0.44238990056311256, 0.4419329115693327, 0.44170528578078516, 0.4416253392899122, 0.4415932306218514, 0.4415767616686551, 0.4415736315145332, 0.44157339855566946, 0.4415733937787304]}, "10": {"maxiter": 500, "gtol": 1e-05, "xrtol": 1e-10, "eps": 1e-05, "duration": 0.040693044662475586, "fun": "0.44157339386538597", "jac": "[-2.69382294e-06 -2.81191737e-06 -1.53163038e-06 -3.35730332e-06\n -1.70164993e-06 -2.08055795e-07]", "hess_inv": "[[ 4.81584368 -0.31230127  0.72817217 -2.26423382 -1.14580476 -1.17150851]\n [-0.31230127  4.88489714 -2.05570469  0.85693574  0.54274766 -0.28373843]\n [ 0.72817217 -2.05570469  6.07830087 -2.9308526  -0.63872486  0.73508714]\n [-2.26423382  0.85693574 -2.9308526   6.43416804 -0.77412998 -0.23078602]\n [-1.14580476  0.54274766 -0.63872486 -0.77412998  8.00804058  4.55856359]\n [-1.17150851 -0.28373843  0.73508714 -0.23078602  4.55856359  6.36414951]]", "nfev": "168", "njev": "24", "status": "0", "success": "True", "message": "Optimization terminated successfully.", "x": "[4.92080872 3.18644925 3.47527031 2.26693178 6.60364889 5.32849271]", "nit": "20", "callback": [0.5578958951827, 0.5384520876465702, 0.5050604321236223, 0.4759222635865378, 0.469349135170822, 0.45975800950540513, 0.4510999027910255, 0.44747866200855846, 0.44544114678779423, 0.44358038626850205, 0.4428028802474261, 0.4423900630442884, 0.4419327818665526, 0.4417051608474152, 0.44162532754060624, 0.44159318737438846, 0.4415767610556577, 0.4415736283265149, 0.441573399154333, 0.44157339386538597]}, "11": {"maxiter": 500, "gtol": 1e-05, "xrtol": 1e-10, "eps": 1e-10, "duration": 0.03850197792053223, "fun": "0.4415733937787304", "jac": "[-2.22044587e-06 -4.44089173e-06 -2.22044587e-06 -3.33066880e-06\n -2.22044587e-06  0.00000000e+00]", "hess_inv": "[[ 4.82193878 -0.31268488  0.7349834  -2.25746524 -1.16457838 -1.18087085]\n [-0.31268488  4.86962168 -2.05570902  0.84219637  0.56495719 -0.2639601 ]\n [ 0.7349834  -2.05570902  6.0787376  -2.92772628 -0.6449031   0.73389512]\n [-2.25746524  0.84219637 -2.92772628  6.4371197  -0.77667155 -0.22374425]\n [-1.16457838  0.56495719 -0.6449031  -0.77667155  8.01270183  4.54721214]\n [-1.18087085 -0.2639601   0.73389512 -0.22374425  4.54721214  6.34759626]]", "nfev": "168", "njev": "24", "status": "0", "success": "True", "message": "Optimization terminated successfully.", "x": "[4.92080779 3.18645753 3.4752622  2.26693885 6.60367109 5.32850887]", "nit": "20", "callback": [0.5578969438210697, 0.5384517745830506, 0.5050583870216216, 0.47592356186199514, 0.469349328562667, 0.45975965057647983, 0.45110188418615993, 0.44747817921300215, 0.44544133871956004, 0.4435802170161379, 0.4428027376363586, 0.44238990056311256, 0.4419329115693327, 0.44170528578078516, 0.4416253392899122, 0.4415932306218514, 0.4415767616686551, 0.4415736315145332, 0.44157339855566946, 0.4415733937787304]}, "12": {"maxiter": 500, "gtol": 1e-10, "xrtol": 1e-05, "eps": 1e-05, "duration": 0.040667057037353516, "fun": "0.4415733937579893", "jac": "[-2.05047090e-07  7.97917288e-08 -1.05848663e-07 -3.71880304e-07\n -2.52231569e-07 -9.07274256e-08]", "hess_inv": "[[ 4.79271485 -0.23713512  0.71526273 -2.26745146 -1.15003237 -1.20871959]\n [-0.23713512  5.20628972 -2.17915558  1.13387985  0.75926755 -0.16316559]\n [ 0.71526273 -2.17915558  6.11946046 -3.01057032 -0.70037828  0.71442263]\n [-2.26745146  1.13387985 -3.01057032  6.55926157 -0.67918887 -0.23613189]\n [-1.15003237  0.75926755 -0.70037828 -0.67918887  8.07995982  4.55163325]\n [-1.20871959 -0.16316559  0.71442263 -0.23613189  4.55163325  6.30428229]]", "nfev": "175", "njev": "25", "status": "0", "success": "True", "message": "Optimization terminated successfully.", "x": "[4.92081224 3.18646498 3.47526433 2.26694506 6.60365927 5.32849835]", "nit": "21", "callback": [0.5578958951827, 0.5384520876465702, 0.5050604321236223, 0.4759222635865378, 0.469349135170822, 0.45975800950540513, 0.4510999027910255, 0.44747866200855846, 0.44544114678779423, 0.44358038626850205, 0.4428028802474261, 0.4423900630442884, 0.4419327818665526, 0.4417051608474152, 0.44162532754060624, 0.44159318737438846, 0.4415767610556577, 0.4415736283265149, 0.441573399154333, 0.44157339386538597, 0.4415733937579893]}, "13": {"maxiter": 500, "gtol": 1e-10, "xrtol": 1e-05, "eps": 1e-10, "duration": 0.03979969024658203, "fun": "0.44157339374814153", "jac": "[ 0.00000000e+00  1.11022293e-06 -2.22044587e-06  0.00000000e+00\n  1.11022293e-06  0.00000000e+00]", "hess_inv": "[[ 4.81032136 -0.29308597  0.72991725 -2.27318432 -1.18206072 -1.21220708]\n [-0.29308597  5.36966584 -2.18259898  1.13214093  0.89753526 -0.09140134]\n [ 0.72991725 -2.18259898  6.11093619 -3.00150477 -0.72952589  0.68982163]\n [-2.27318432  1.13214093 -3.00150477  6.54601819 -0.65056216 -0.20699957]\n [-1.18206072  0.89753526 -0.72952589 -0.65056216  8.15870479  4.56810489]\n [-1.21220708 -0.09140134  0.68982163 -0.20699957  4.56810489  6.28994517]]", "nfev": "175", "njev": "25", "status": "0", "success": "True", "message": "Optimization terminated successfully.", "x": "[4.9208086  3.18648164 3.47525608 2.26695252 6.60368678 5.32851676]", "nit": "21", "callback": [0.5578969438210697, 0.5384517745830506, 0.5050583870216216, 0.47592356186199514, 0.469349328562667, 0.45975965057647983, 0.45110188418615993, 0.44747817921300215, 0.44544133871956004, 0.4435802170161379, 0.4428027376363586, 0.44238990056311256, 0.4419329115693327, 0.44170528578078516, 0.4416253392899122, 0.4415932306218514, 0.4415767616686551, 0.4415736315145332, 0.44157339855566946, 0.4415733937787304, 0.44157339374814153]}, "14": {"maxiter": 500, "gtol": 1e-10, "xrtol": 1e-10, "eps": 1e-05, "duration": 0.09759926795959473, "fun": "0.4415733937513472", "jac": "[ 2.15383267e-09  1.82076576e-09  0.00000000e+00  7.10542736e-10\n -1.22124533e-09  1.07691633e-09]", "hess_inv": "[[ 4.91483442 -0.16718191  0.72321132 -2.43611832 -1.4703372  -1.42156844]\n [-0.16718191  5.15111974 -2.15812494  1.035641    0.58778562 -0.23714085]\n [ 0.72321132 -2.15812494  6.11918164 -3.03360473 -0.73564258  0.67871056]\n [-2.43611832  1.035641   -3.03360473  6.8578562  -0.16528607  0.12919037]\n [-1.4703372   0.58778562 -0.73564258 -0.16528607  8.99176384  5.