{"date": "2024/09/25/, 11:47:27", "conf_id": 220, "data_type": "non_lin_ind\n", "num_data_points": 4, "s_rank": 0, "unitary": "[[-0.45070455-0.02711853j,0.78437395-0.06613086j,0.06358678+0.19963393j,-0.07343613+0.35668523j],[-0.01890143-0.03813363j,0.32408202+0.25557629j,0.05872864-0.68979805j,0.55466693-0.20227297j],[-0.11215405+0.64023111j,-0.13344055+0.29565494j,-0.49012687-0.19046288j,-0.04241254+0.44046348j],[0.55771659+0.24656916j,0.31851997-0.05798805j,0.28761525-0.34294258j,-0.56718418+0.03616933j]]", "databatch_0": {"databatch": "[[[0.13544195-0.18465692j,-0.08386372-0.11141372j,0.14693925+0.14350269j,-0.31571771-0.03783358j],[-0.11221798+0.115301j,0.04750721+0.0856868j,-0.08827197-0.11415496j,0.21599646+0.05705972j],[-0.11381495+0.20291212j,0.09830726+0.10201195j,-0.16587062-0.12659411j,0.32304194-0.00077518j],[-0.23809612-0.23359438j,-0.17803009+0.09777457j,0.23738539-0.18204672j,-0.12008322+0.44730389j]],[[0.1361146-0.00884679j,0.23009826-0.16495062j,0.00698807-0.25948204j,0.04729182+0.21634788j],[-0.09557111-0.00709491j,-0.1761624+0.09237449j,-0.03012264+0.1798699j,-0.01184491-0.15514081j],[-0.13617036+0.025704j,-0.21169835+0.19471079j,0.02494675+0.26252938j,-0.07436549-0.21233927j],[0.01550205-0.19806757j,-0.19003657-0.36596581j,-0.37263438-0.06394047j,0.32171756-0.02326695j]],[[-0.06647296+0.06257727j,0.19108562-0.11359006j,-0.14034547-0.21124185j,-0.20965352+0.22171265j],[0.05234437-0.03707082j,-0.14401713+0.06043513j,0.07708963+0.16064664j,0.16746247-0.13386034j],[0.05931722-0.07130038j,-0.17868975+0.1381074j,0.16757341+0.19571687j,0.18408274-0.24943014j],[0.07641602+0.1088219j,-0.12409073-0.29906084j,-0.33367347+0.1584787j,0.27611228+0.34827471j]],[[-0.01730791+0.10314259j,0.1761257-0.36052088j,-0.0058422+0.15831067j,-0.05012285+0.12505931j],[0.02208383-0.07008273j,-0.15764629+0.23370838j,0.01947642-0.10958541j,0.04705035-0.08213811j],[0.0047364-0.10614544j,-0.13315767+0.38527369j,-0.01362802-0.16036452j,0.03512546-0.13229279j],[0.14510365+0.04636357j,-0.4831867-0.32875425j,0.22701748+0.04128629j,0.16988805+0.09822128j]]]", "initial param values": "[2.71194231,2.55262769,5.85212715,0.55842008,5.18918195,5.89713853]", "nelder_mead": {"type": "gradient-free", "0": {"maxiter": 100, "fatol": 1e-05, "xatol": 1e-05, "duration": 0.03886890411376953, "fun": "0.07618491604348177", "nit": "100", "nfev": "154", "status": "2", "success": "False", "message": "Maximum number of iterations has been exceeded.", "x": "[1.30720686 3.41843994 6.19080709 0.67435477 5.21399753 3.42388575]", "final_simplex": "(array([[1.30720686, 3.41843994, 6.19080709, 0.67435477, 5.21399753,\n        3.42388575],\n       [1.22065175, 3.48384709, 6.23910456, 0.67675246, 5.13884436,\n        3.41449282],\n       [1.22221494, 3.51898926, 6.13450737, 0.68321772, 5.23815353,\n        3.30006782],\n       [1.24531002, 3.48870826, 6.22138747, 0.66490437, 5.22379548,\n        3.31678244],\n       [1.28699913, 3.42702778, 6.23300759, 0.66038106, 5.35455108,\n        3.33231781],\n       [1.31787864, 3.44737995, 6.21559112, 0.6648883 , 5.25845115,\n        3.38068396],\n       [1.24065848, 3.45945768, 6.25019038, 0.65941183, 5.26793337,\n        3.40142608]]), array([0.07618492, 0.07853355, 0.07904112, 0.0797177 , 0.07984643,\n       0.08122824, 0.08244202]))", "callback": [0.5042768887955152, 0.3664438299524372, 0.23401245352884847, 0.18424037982907604, 0.1749726977833771, 0.11887697051860102, 0.0923438078228227, 0.08843422701373105, 0.08607726441789731, 0.07971770109209786]}, "1": {"maxiter": 100, "fatol": 1e-05, "xatol": 1e-10, "duration": 0.037811994552612305, "fun": "0.07618491604348177", "nit": "100", "nfev": "154", "status": "2", "success": "False", "message": "Maximum number of iterations has been exceeded.", "x": "[1.30720686 3.41843994 6.19080709 0.67435477 5.21399753 3.42388575]", "final_simplex": "(array([[1.30720686, 3.41843994, 6.19080709, 0.67435477, 5.21399753,\n        3.42388575],\n       [1.22065175, 3.48384709, 6.23910456, 0.67675246, 5.13884436,\n        3.41449282],\n       [1.22221494, 3.51898926, 6.13450737, 0.68321772, 5.23815353,\n        3.30006782],\n       [1.24531002, 3.48870826, 6.22138747, 0.66490437, 5.22379548,\n        3.31678244],\n       [1.28699913, 3.42702778, 6.23300759, 0.66038106, 5.35455108,\n        3.33231781],\n       [1.31787864, 3.44737995, 6.21559112, 0.6648883 , 5.25845115,\n        3.38068396],\n       [1.24065848, 3.45945768, 6.25019038, 0.65941183, 5.26793337,\n        3.40142608]]), array([0.07618492, 0.07853355, 0.07904112, 0.0797177 , 0.07984643,\n       0.08122824, 0.08244202]))", "callback": [0.5042768887955152, 0.3664438299524372, 0.23401245352884847, 0.18424037982907604, 0.1749726977833771, 0.11887697051860102, 0.0923438078228227, 0.08843422701373105, 0.08607726441789731, 0.07971770109209786]}, "2": {"maxiter": 100, "fatol": 1e-10, "xatol": 1e-05, "duration": 0.03727388381958008, "fun": "0.07618491604348177", "nit": "100", "nfev": "154", "status": "2", "success": "False", "message": "Maximum number of iterations has been exceeded.", "x": "[1.30720686 3.41843994 6.19080709 0.67435477 5.21399753 3.42388575]", "final_simplex": "(array([[1.30720686, 3.41843994, 6.19080709, 0.67435477, 5.21399753,\n        3.42388575],\n       [1.22065175, 3.48384709, 6.23910456, 0.67675246, 5.13884436,\n        3.41449282],\n       [1.22221494, 3.51898926, 6.13450737, 0.68321772, 5.23815353,\n        3.30006782],\n       [1.24531002, 3.48870826, 6.22138747, 0.66490437, 5.22379548,\n        3.31678244],\n       [1.28699913, 3.42702778, 6.23300759, 0.66038106, 5.35455108,\n        3.33231781],\n       [1.31787864, 3.44737995, 6.21559112, 0.6648883 , 5.25845115,\n        3.38068396],\n       [1.24065848, 3.45945768, 6.25019038, 0.65941183, 5.26793337,\n        3.40142608]]), array([0.07618492, 0.07853355, 0.07904112, 0.0797177 , 0.07984643,\n       0.08122824, 0.08244202]))", "callback": [0.5042768887955152, 0.3664438299524372, 0.23401245352884847, 0.18424037982907604, 0.1749726977833771, 0.11887697051860102, 0.0923438078228227, 0.08843422701373105, 0.08607726441789731, 0.07971770109209786]}, "3": {"maxiter": 100, "fatol": 1e-10, "xatol": 1e-10, "duration": 0.03544282913208008, "fun": "0.07618491604348177", "nit": "100", "nfev": "154", "status": "2", "success": "False", "message": "Maximum number of iterations has been exceeded.", "x": "[1.30720686 3.41843994 6.19080709 0.67435477 5.21399753 3.42388575]", "final_simplex": "(array([[1.30720686, 3.41843994, 6.19080709, 0.67435477, 5.21399753,\n        3.42388575],\n       [1.22065175, 3.48384709, 6.23910456, 0.67675246, 5.13884436,\n        3.41449282],\n       [1.22221494, 3.51898926, 6.13450737, 0.68321772, 5.23815353,\n        3.30006782],\n       [1.24531002, 3.48870826, 6.22138747, 0.66490437, 5.22379548,\n        3.31678244],\n       [1.28699913, 3.42702778, 6.23300759, 0.66038106, 5.35455108,\n        3.33231781],\n       [1.31787864, 3.44737995, 6.21559112, 0.6648883 , 5.25845115,\n        3.38068396],\n       [1.24065848, 3.45945768, 6.25019038, 0.65941183, 5.26793337,\n        3.40142608]]), array([0.07618492, 0.07853355, 0.07904112, 0.0797177 , 0.07984643,\n       0.08122824, 0.08244202]))", "callback": [0.5042768887955152, 0.3664438299524372, 0.23401245352884847, 0.18424037982907604, 0.1749726977833771, 0.11887697051860102, 0.0923438078228227, 0.08843422701373105, 0.08607726441789731, 0.07971770109209786]}, "4": {"maxiter": 500, "fatol": 1e-05, "xatol": 1e-05, "duration": 0.14192986488342285, "fun": "0.008648505932444595", "nit": "384", "nfev": "614", "status": "0", "success": "True", "message": "Optimization terminated successfully.", "x": "[0.6571993  1.84676465 7.65957376 0.8347688  3.91597345 3.98761621]", "final_simplex": "(array([[0.6571993 , 1.84676465, 7.65957376, 0.8347688 , 3.91597345,\n        3.98761621],\n       [0.65719707, 1.84677188, 7.65956551, 0.83476895, 3.9159806 ,\n        3.98761245],\n       [0.65719745, 1.84677119, 7.65956632, 0.83476905, 3.91598042,\n        3.98761255],\n       [0.65719659, 1.8467724 , 7.65956433, 0.83476944, 3.91598199,\n        3.98761187],\n       [0.65719818, 1.84676892, 7.65956871, 0.83476888, 3.91597787,\n        3.98761433],\n       [0.65719826, 1.84676717, 7.65957077, 0.83476905, 3.91597635,\n        3.98761486],\n       [0.65719797, 1.84676863, 7.65956899, 0.8347693 , 3.91597733,\n        3.98761437]]), array([0.00864851, 0.00864851, 0.00864851, 0.00864851, 0.00864851,\n       0.00864851, 0.00864851]))", "callback": [0.5042768887955152, 0.3664438299524372, 0.23401245352884847, 0.18424037982907604, 0.1749726977833771, 0.11887697051860102, 0.0923438078228227, 0.08843422701373105, 0.08607726441789731, 0.07971770109209786, 0.07177802121205612, 0.05508862419369498, 0.03731305660670081, 0.03190911254387463, 0.01819938304373292, 0.013328823584013216, 0.010630590472155421, 0.010328850912945664, 0.009473560196555209, 0.009210169089584386, 0.00901391721432665, 0.008928586082004086, 0.008875114096651204, 0.008795611785660018, 0.008693630427710763, 0.00865145029535308, 0.00865145029535308, 0.008649145167312411, 0.008648591799076621, 0.008648548001106371, 0.008648514005232477, 0.00864850836560005, 0.008648506186073823, 0.008648505966238895, 0.00864850594127875, 0.008648505933441353, 0.008648505932740247, 0.008648505932498551, 0.008648505932449924]}, "5": {"maxiter": 500, "fatol": 1e-05, "xatol": 1e-10, "duration": 0.18500804901123047, "fun": "0.008648505932429496", "nit": "451", "nfev": "804", "status": "0", "success": "True", "message": "Optimization terminated successfully.", "x": "[0.65719743 1.84677054 7.65956689 0.83476907 3.91597978 3.98761296]", "final_simplex": "(array([[0.65719743, 1.84677054, 7.65956689, 0.83476907, 3.91597978,\n        3.98761296],\n       [0.65719743, 1.84677054, 7.65956689, 0.83476907, 3.91597978,\n        3.98761296],\n       [0.65719743, 1.84677054, 7.65956689, 0.83476907, 3.91597978,\n        3.98761296],\n       [0.65719743, 1.84677054, 7.65956689, 0.83476907, 3.91597978,\n        3.98761296],\n       [0.65719743, 1.84677054, 7.65956689, 0.83476907, 3.91597978,\n        3.98761296],\n       [0.65719743, 1.84677054, 7.65956689, 0.83476907, 3.91597978,\n        3.98761296],\n       [0.65719743, 1.84677054, 7.65956689, 0.83476907, 3.91597978,\n        3.98761296]]), array([0.00864851, 0.00864851, 0.00864851, 0.00864851, 0.00864851,\n       0.00864851, 0.00864851]))", "callback": [0.5042768887955152, 0.3664438299524372, 0.23401245352884847, 0.18424037982907604, 0.1749726977833771, 0.11887697051860102, 0.0923438078228227, 0.08843422701373105, 0.08607726441789731, 0.07971770109209786, 0.07177802121205612, 0.05508862419369498, 0.03731305660670081, 0.03190911254387463, 0.01819938304373292, 0.013328823584013216, 0.010630590472155421, 0.010328850912945664, 0.009473560196555209, 0.009210169089584386, 0.00901391721432665, 0.008928586082004086, 0.008875114096651204, 0.008795611785660018, 0.008693630427710763, 0.00865145029535308, 0.00865145029535308, 0.008649145167312411, 0.008648591799076621, 0.008648548001106371, 0.008648514005232477, 0.00864850836560005, 0.008648506186073823, 0.008648505966238895, 0.00864850594127875, 0.008648505933441353, 0.008648505932740247, 0.008648505932498551, 0.008648505932449924, 0.008648505932432826, 0.00864850593243005, 0.008648505932429718, 0.008648505932429496, 0.008648505932429496, 0.008648505932429496, 0.008648505932429496]}, "6": {"maxiter": 500, "fatol": 1e-10, "xatol": 1e-05, "duration": 0.15446996688842773, "fun": "0.008648505932444595", "nit": "384", "nfev": "614", "status": "0", "success": "True", "message": "Optimization terminated successfully.", "x": "[0.6571993  1.84676465 7.65957376 0.8347688  3.91597345 3.98761621]", "final_simplex": "(array([[0.6571993 , 1.84676465, 7.65957376, 0.8347688 , 3.91597345,\n        3.98761621],\n       [0.65719707, 1.84677188, 7.65956551, 0.83476895, 3.9159806 ,\n        3.98761245],\n       [0.65719745, 1.84677119, 7.65956632, 0.83476905, 3.91598042,\n        3.98761255],\n       [0.65719659, 1.8467724 , 7.65956433, 0.83476944, 3.91598199,\n        3.98761187],\n       [0.65719818, 1.84676892, 7.65956871, 0.83476888, 3.91597787,\n        3.98761433],\n       [0.65719826, 1.84676717, 7.65957077, 0.83476905, 3.91597635,\n        3.98761486],\n       [0.65719797, 1.84676863, 7.65956899, 0.8347693 , 3.91597733,\n        3.98761437]]), array([0.00864851, 0.00864851, 0.00864851, 0.00864851, 0.00864851,\n       0.00864851, 0.00864851]))", "callback": [0.5042768887955152, 0.3664438299524372, 0.23401245352884847, 0.18424037982907604, 0.1749726977833771, 0.11887697051860102, 0.0923438078228227, 0.08843422701373105, 0.08607726441789731, 0.07971770109209786, 0.07177802121205612, 0.05508862419369498, 0.03731305660670081, 0.03190911254387463, 0.01819938304373292, 0.013328823584013216, 0.010630590472155421, 0.010328850912945664, 0.009473560196555209, 0.009210169089584386, 0.00901391721432665, 0.008928586082004086, 0.008875114096651204, 0.008795611785660018, 0.008693630427710763, 0.00865145029535308, 0.00865145029535308, 0.008649145167312411, 0.008648591799076621, 0.008648548001106371, 0.008648514005232477, 0.00864850836560005, 0.008648506186073823, 0.008648505966238895, 0.00864850594127875, 0.008648505933441353, 0.008648505932740247, 0.008648505932498551, 0.008648505932449924]}, "7": {"maxiter": 500, "fatol": 1e-10, "xatol": 1e-10, "duration": 0.19221210479736328, "fun": "0.008648505932429496", "nit": "451", "nfev": "804", "status": "0", "success": "True", "message": "Optimization terminated successfully.", "x": "[0.65719743 1.84677054 7.65956689 0.83476907 3.91597978 3.98761296]", "final_simplex": "(array([[0.65719743, 1.84677054, 7.65956689, 0.83476907, 3.91597978,\n        3.98761296],\n       [0.65719743, 1.84677054, 7.65956689, 0.83476907, 3.91597978,\n        3.98761296],\n       [0.65719743, 1.84677054, 7.65956689, 0.83476907, 3.91597978,\n        3.98761296],\n       [0.65719743, 1.84677054, 7.65956689, 0.83476907, 3.91597978,\n        3.98761296],\n       [0.65719743, 1.84677054, 7.65956689, 0.83476907, 3.91597978,\n        3.98761296],\n       [0.65719743, 1.84677054, 7.65956689, 0.83476907, 3.91597978,\n        3.98761296],\n       [0.65719743, 1.84677054, 7.65956689, 0.83476907, 3.91597978,\n        3.98761296]]), array([0.00864851, 0.00864851, 0.00864851, 0.00864851, 0.00864851,\n       0.00864851, 0.00864851]))", "callback": [0.5042768887955152, 0.3664438299524372, 0.23401245352884847, 0.18424037982907604, 0.1749726977833771, 0.11887697051860102, 0.0923438078228227, 0.08843422701373105, 0.08607726441789731, 0.07971770109209786, 0.07177802121205612, 0.05508862419369498, 0.03731305660670081, 0.03190911254387463, 0.01819938304373292, 0.013328823584013216, 0.010630590472155421, 0.010328850912945664, 0.009473560196555209, 0.009210169089584386, 0.00901391721432665, 0.008928586082004086, 0.008875114096651204, 0.008795611785660018, 0.008693630427710763, 0.00865145029535308, 0.00865145029535308, 0.008649145167312411, 0.008648591799076621, 0.008648548001106371, 0.008648514005232477, 0.00864850836560005, 0.008648506186073823, 0.008648505966238895, 0.00864850594127875, 0.008648505933441353, 0.008648505932740247, 0.008648505932498551, 0.008648505932449924, 0.008648505932432826, 0.00864850593243005, 0.008648505932429718, 0.008648505932429496, 0.008648505932429496, 0.008648505932429496, 0.008648505932429496]}, "8": {"maxiter": 1000, "fatol": 1e-05, "xatol": 1e-05, "duration": 0.14438819885253906, "fun": "0.008648505932444595", "nit": "384", "nfev": "614", "status": "0", "success": "True", "message": "Optimization terminated successfully.", "x": "[0.6571993  1.84676465 7.65957376 0.8347688  3.91597345 3.98761621]", "final_simplex": "(array([[0.6571993 , 1.84676465, 7.65957376, 0.8347688 , 3.91597345,\n        3.98761621],\n       [0.65719707, 1.84677188, 7.65956551, 0.83476895, 3.9159806 ,\n        3.98761245],\n       [0.65719745, 1.84677119, 7.65956632, 0.83476905, 3.91598042,\n        3.98761255],\n       [0.65719659, 1.8467724 , 7.65956433, 0.83476944, 3.91598199,\n        3.98761187],\n       [0.65719818, 1.84676892, 7.65956871, 0.83476888, 3.91597787,\n        3.98761433],\n       [0.65719826, 1.84676717, 7.65957077, 0.83476905, 3.91597635,\n        3.98761486],\n       [0.65719797, 1.84676863, 7.65956899, 0.8347693 , 3.91597733,\n        3.98761437]]), array([0.00864851, 0.00864851, 0.00864851, 0.00864851, 0.00864851,\n       0.00864851, 0.00864851]))", "callback": [0.5042768887955152, 0.3664438299524372, 0.23401245352884847, 0.18424037982907604, 0.1749726977833771, 0.11887697051860102, 0.0923438078228227, 0.08843422701373105, 0.08607726441789731, 0.07971770109209786, 0.07177802121205612, 0.05508862419369498, 0.03731305660670081, 0.03190911254387463, 0.01819938304373292, 0.013328823584013216, 0.010630590472155421, 0.010328850912945664, 0.009473560196555209, 0.009210169089584386, 0.00901391721432665, 0.008928586082004086, 0.008875114096651204, 0.008795611785660018, 0.008693630427710763, 0.00865145029535308, 0.00865145029535308, 0.008649145167312411, 0.008648591799076621, 0.008648548001106371, 0.008648514005232477, 0.00864850836560005, 0.008648506186073823, 0.008648505966238895, 0.00864850594127875, 0.008648505933441353, 0.008648505932740247, 0.008648505932498551, 0.008648505932449924]}, "9": {"maxiter": 1000, "fatol": 1e-05, "xatol": 1e-10, "duration": 0.1956939697265625, "fun": "0.008648505932429496", "nit": "451", "nfev": "804", "status": "0", "success": "True", "message": "Optimization terminated successfully.", "x": "[0.65719743 1.84677054 7.65956689 0.83476907 3.91597978 3.98761296]", "final_simplex": "(array([[0.65719743, 1.84677054, 7.65956689, 0.83476907, 3.91597978,\n        3.98761296],\n       [0.65719743, 1.84677054, 7.65956689, 0.83476907, 3.91597978,\n        3.98761296],\n       [0.65719743, 1.84677054, 7.65956689, 0.83476907, 3.91597978,\n        3.98761296],\n       [0.65719743, 1.84677054, 7.65956689, 0.83476907, 3.91597978,\n        3.98761296],\n       [0.65719743, 1.84677054, 7.65956689, 0.83476907, 3.91597978,\n        3.98761296],\n       [0.65719743, 1.84677054, 7.65956689, 0.83476907, 3.91597978,\n        3.98761296],\n       [0.65719743, 1.84677054, 7.65956689, 0.83476907, 3.91597978,\n        3.98761296]]), array([0.00864851, 0.00864851, 0.00864851, 0.00864851, 0.00864851,\n       0.00864851, 0.00864851]))", "callback": [0.5042768887955152, 0.3664438299524372, 0.23401245352884847, 0.18424037982907604, 0.1749726977833771, 0.11887697051860102, 0.0923438078228227, 0.08843422701373105, 0.08607726441789731, 0.07971770109209786, 0.07177802121205612, 0.05508862419369498, 0.03731305660670081, 0.03190911254387463, 0.01819938304373292, 0.013328823584013216, 0.010630590472155421, 0.010328850912945664, 0.009473560196555209, 0.009210169089584386, 0.00901391721432665, 0.008928586082004086, 0.008875114096651204, 0.008795611785660018, 0.008693630427710763, 0.00865145029535308, 0.00865145029535308, 0.008649145167312411, 0.008648591799076621, 0.008648548001106371, 0.008648514005232477, 0.00864850836560005, 0.008648506186073823, 0.008648505966238895, 0.00864850594127875, 0.008648505933441353, 0.008648505932740247, 0.008648505932498551, 0.008648505932449924, 0.008648505932432826, 0.00864850593243005, 0.008648505932429718, 0.008648505932429496, 0.008648505932429496, 0.008648505932429496, 0.008648505932429496]}, "10": {"maxiter": 1000, "fatol": 1e-10, "xatol": 1e-05, "duration": 0.1442279815673828, "fun": "0.008648505932444595", "nit": "384", "nfev": "614", "status": "0", "success": "True", "message": "Optimization terminated successfully.", "x": "[0.6571993  1.84676465 7.65957376 0.8347688  3.91597345 3.98761621]", "final_simplex": "(array([[0.6571993 , 1.84676465, 7.65957376, 0.8347688 , 3.91597345,\n        3.98761621],\n       [0.65719707, 1.84677188, 7.65956551, 0.83476895, 3.9159806 ,\n        3.98761245],\n       [0.65719745, 1.84677119, 7.65956632, 0.83476905, 3.91598042,\n        3.98761255],\n       [0.65719659, 1.8467724 , 7.65956433, 0.83476944, 3.91598199,\n        3.98761187],\n       [0.65719818, 1.84676892, 7.65956871, 0.83476888, 3.91597787,\n        3.98761433],\n       [0.65719826, 1.84676717, 7.65957077, 0.83476905, 3.91597635,\n        3.98761486],\n       [0.65719797, 1.84676863, 7.65956899, 0.8347693 , 3.91597733,\n        3.98761437]]), array([0.00864851, 0.00864851, 0.00864851, 0.00864851, 0.00864851,\n       0.00864851, 0.00864851]))", "callback": [0.5042768887955152, 0.3664438299524372, 0.23401245352884847, 0.18424037982907604, 0.1749726977833771, 0.11887697051860102, 0.0923438078228227, 0.08843422701373105, 0.08607726441789731, 0.07971770109209786, 0.07177802121205612, 0.05508862419369498, 0.03731305660670081, 0.03190911254387463, 0.01819938304373292, 0.013328823584013216, 0.010630590472155421, 0.010328850912945664, 0.009473560196555209, 0.009210169089584386, 0.00901391721432665, 0.008928586082004086, 0.008875114096651204, 0.008795611785660018, 0.008693630427710763, 0.00865145029535308, 0.00865145029535308, 0.008649145167312411, 0.008648591799076621, 0.008648548001106371, 0.008648514005232477, 0.00864850836560005, 0.008648506186073823, 0.008648505966238895, 0.00864850594127875, 0.008648505933441353, 0.008648505932740247, 0.008648505932498551, 0.008648505932449924]}, "11": {"maxiter": 1000, "fatol": 1e-10, "xatol": 1e-10, "duration": 0.18668007850646973, "fun": "0.008648505932429496", "nit": "451", "nfev": "804", "status": "0", "success": "True", "message": "Optimization terminated successfully.", "x": "[0.65719743 1.84677054 7.65956689 0.83476907 3.91597978 3.98761296]", "final_simplex": "(array([[0.65719743, 1.84677054, 7.65956689, 0.83476907, 3.91597978,\n        3.98761296],\n       [0.65719743, 1.84677054, 7.65956689, 0.83476907, 3.91597978,\n        3.98761296],\n       [0.65719743, 1.84677054, 7.65956689, 0.83476907, 3.91597978,\n        3.98761296],\n       [0.65719743, 1.84677054, 7.65956689, 0.83476907, 3.91597978,\n        3.98761296],\n       [0.65719743, 1.84677054, 7.65956689, 0.83476907, 3.91597978,\n        3.98761296],\n       [0.65719743, 1.84677054, 7.65956689, 0.83476907, 3.91597978,\n        3.98761296],\n       [0.65719743, 1.84677054, 7.65956689, 0.83476907, 3.91597978,\n        3.98761296]]), array([0.00864851, 0.00864851, 0.00864851, 0.00864851, 0.00864851,\n       0.00864851, 0.00864851]))", "callback": [0.5042768887955152, 0.3664438299524372, 0.23401245352884847, 0.18424037982907604, 0.1749726977833771, 0.11887697051860102, 0.0923438078228227, 0.08843422701373105, 0.08607726441789731, 0.07971770109209786, 0.07177802121205612, 0.05508862419369498, 0.03731305660670081, 0.03190911254387463, 0.01819938304373292, 0.013328823584013216, 0.010630590472155421, 0.010328850912945664, 0.009473560196555209, 0.009210169089584386, 0.00901391721432665, 0.008928586082004086, 0.008875114096651204, 0.008795611785660018, 0.008693630427710763, 0.00865145029535308, 0.00865145029535308, 0.008649145167312411, 0.008648591799076621, 0.008648548001106371, 0.008648514005232477, 0.00864850836560005, 0.008648506186073823, 0.008648505966238895, 0.00864850594127875, 0.008648505933441353, 0.008648505932740247, 0.008648505932498551, 0.008648505932449924, 0.008648505932432826, 0.00864850593243005, 0.008648505932429718, 0.008648505932429496, 0.008648505932429496, 0.008648505932429496, 0.008648505932429496]}}, "bfgs": {"type": "gradient", "0": {"maxiter": 100, "gtol": 1e-05, "xrtol": 1e-05, "eps": 1e-05, "duration": 0.036741018295288086, "fun": "0.008648505962209452", "jac": "[ 1.60045310e-06 -6.05593353e-07 -1.34265932e-06  3.53050922e-09\n -5.28699307e-07 -1.44495527e-06]", "hess_inv": "[[ 3.61696483 -0.09162553 -0.20130925 -0.84446494  1.11566655  1.28114987]\n [-0.09162553  1.9351299  -0.43730826 -1.15115665 -1.63682536  0.4486359 ]\n [-0.20130925 -0.43730826  2.58297572 -0.42931911  1.89251904 -1.93404836]\n [-0.84446494 -1.15115665 -0.42931911  3.20019616  0.27875955  0.28006434]\n [ 1.11566655 -1.63682536  1.89251904  0.27875955  5.43121182 -1.65449811]\n [ 1.28114987  0.4486359  -1.93404836  0.28006434 -1.65449811  3.79358285]]", "nfev": "154", "njev": "22", "status": "0", "success": "True", "message": "Optimization terminated successfully.", "x": "[0.6233944  2.6563696  6.73349132 0.95296991 4.59215436 3.64654118]", "nit": "17", "callback": [0.5084777365970177, 0.40599167076569687, 0.288490529885002, 0.25337426297105625, 0.19356081791520463, 0.09848098471623878, 0.041983708431954425, 0.03231940784612419, 0.025388312861627016, 0.015310153571173823, 0.0101114264525628, 0.00921716079742363, 0.008775437766342153, 0.008655996478012296, 0.008648714310211192, 0.008648512642973505, 0.008648505962209452]}, "1": {"maxiter": 100, "gtol": 1e-05, "xrtol": 1e-05, "eps": 1e-10, "duration": 0.03707098960876465, "fun": "0.00864850596232658", "jac": "[ 0.00000000e+00 -3.33066880e-06 -4.44089173e-06 -2.22044587e-06\n -4.44089173e-06 -5.55111466e-06]", "hess_inv": "[[ 3.59039888 -0.0944824  -0.20331387 -0.83743028  1.11091271  1.27081967]\n [-0.0944824   1.92476832 -0.43454418 -1.14580475 -1.62409345  0.4367786 ]\n [-0.20331387 -0.43454418  2.58684576 -0.42730779  1.89149908 -1.93565698]\n [-0.83743028 -1.14580475 -0.42730779  3.20511632  0.27216773  0.28375175]\n [ 1.11091271 -1.62409345  1.89149908  0.27216773  5.41897219 -1.64112846]\n [ 1.27081967  0.4367786  -1.93565698  0.28375175 -1.64112846  3.78567229]]", "nfev": "154", "njev": "22", "status": "0", "success": "True", "message": "Optimization terminated successfully.", "x": "[0.62339728 2.65637928 6.73347885 0.95297534 4.59215875 3.64653969]", "nit": "17", "callback": [0.5084781142032668, 0.4059912052567526, 0.2884842754492417, 0.25336900515734406, 0.19355810975744903, 0.09848283723807438, 0.04198156639157691, 0.032318390860810786, 0.025386579048631952, 0.015309730847334224, 0.010111818656331928, 0.009217063919618518, 0.00877557402412954, 0.00865600758814844, 0.008648715508171256, 0.008648512761722849, 0.00864850596232658]}, "2": {"maxiter": 100, "gtol": 1e-05, "xrtol": 1e-10, "eps": 1e-05, "duration": 0.0362701416015625, "fun": "0.008648505962209452", "jac": "[ 1.60045310e-06 -6.05593353e-07 -1.34265932e-06  3.53050922e-09\n -5.28699307e-07 -1.44495527e-06]", "hess_inv": "[[ 3.61696483 -0.09162553 -0.20130925 -0.84446494  1.11566655  1.28114987]\n [-0.09162553  1.9351299  -0.43730826 -1.15115665 -1.63682536  0.4486359 ]\n [-0.20130925 -0.43730826  2.58297572 -0.42931911  1.89251904 -1.93404836]\n [-0.84446494 -1.15115665 -0.42931911  3.20019616  0.27875955  0.28006434]\n [ 1.11566655 -1.63682536  1.89251904  0.27875955  5.43121182 -1.65449811]\n [ 1.28114987  0.4486359  -1.93404836  0.28006434 -1.65449811  3.79358285]]", "nfev": "154", "njev": "22", "status": "0", "success": "True", "message": "Optimization terminated successfully.", "x": "[0.6233944  2.6563696  6.73349132 0.95296991 4.59215436 3.64654118]", "nit": "17", "callback": [0.5084777365970177, 0.40599167076569687, 0.288490529885002, 0.25337426297105625, 0.19356081791520463, 0.09848098471623878, 0.041983708431954425, 0.03231940784612419, 0.025388312861627016, 0.015310153571173823, 0.0101114264525628, 0.00921716079742363, 0.008775437766342153, 0.008655996478012296, 0.008648714310211192, 0.008648512642973505, 0.008648505962209452]}, "3": {"maxiter": 100, "gtol": 1e-05, "xrtol": 1e-10, "eps": 1e-10, "duration": 0.03712892532348633, "fun": "0.00864850596232658", "jac": "[ 0.00000000e+00 -3.33066880e-06 -4.44089173e-06 -2.22044587e-06\n -4.44089173e-06 -5.55111466e-06]", "hess_inv": "[[ 3.59039888 -0.0944824  -0.20331387 -0.83743028  1.11091271  1.27081967]\n [-0.0944824   1.92476832 -0.43454418 -1.14580475 -1.62409345  0.4367786 ]\n [-0.20331387 -0.43454418  2.58684576 -0.42730779  1.89149908 -1.93565698]\n [-0.83743028 -1.14580475 -0.42730779  3.20511632  0.27216773  0.28375175]\n [ 1.11091271 -1.62409345  1.89149908  0.27216773  5.41897219 -1.64112846]\n [ 1.27081967  0.4367786  -1.93565698  0.28375175 -1.64112846  3.78567229]]", "nfev": "154", "njev": "22", "status": "0", "success": "True", "message": "Optimization terminated successfully.", "x": "[0.62339728 2.65637928 6.73347885 0.95297534 4.59215875 3.64653969]", "nit": "17", "callback": [0.5084781142032668, 0.4059912052567526, 0.2884842754492417, 0.25336900515734406, 0.19355810975744903, 0.09848283723807438, 0.04198156639157691, 0.032318390860810786, 0.025386579048631952, 0.015309730847334224, 0.010111818656331928, 0.009217063919618518, 0.00877557402412954, 0.00865600758814844, 0.008648715508171256, 0.008648512761722849, 0.00864850596232658]}, "4": {"maxiter": 100, "gtol": 1e-10, "xrtol": 1e-05, "eps": 1e-05, "duration": 0.03738594055175781, "fun": "0.008648505958857577", "jac": "[ 2.38586928e-08  5.30797628e-07 -4.31521485e-07  1.64446234e-07\n  3.40172335e-07 -1.71596071e-07]", "hess_inv": "[[ 3.5748181  -0.08367768 -0.19214984 -0.81186596  1.09862649  1.29067041]\n [-0.08367768  1.93382542 -0.44008067 -1.15482266 -1.63554321  0.44750976]\n [-0.19214984 -0.44008067  2.58660758 -0.44975187  1.90661092 -1.93971732]\n [-0.81186596 -1.15482266 -0.44975187  3.20667259  0.26727528  0.28124726]\n [ 1.09862649 -1.63554321  1.90661092  0.26727528  5.44351807 -1.65730066]\n [ 1.29067041  0.44750976 -1.93971732  0.28124726 -1.65730066  3.79373724]]", "nfev": "161", "njev": "23", "status": "0", "success": "True", "message": "Optimization terminated successfully.", "x": "[0.62339082 2.6563701  6.73349304 0.95297044 4.59215466 3.64654139]", "nit": "18", "callback": [0.5084777365970177, 0.40599167076569687, 0.288490529885002, 0.25337426297105625, 0.19356081791520463, 0.09848098471623878, 0.041983708431954425, 0.03231940784612419, 0.025388312861627016, 0.015310153571173823, 0.0101114264525628, 0.00921716079742363, 0.008775437766342153, 0.008655996478012296, 0.008648714310211192, 0.008648512642973505, 0.008648505962209452, 0.008648505958857577]}, "5": {"maxiter": 100, "gtol": 1e-10, "xrtol": 1e-05, "eps": 1e-10, "duration": 0.03830122947692871, "fun": "0.008648505947120189", "jac": "[-1.11022293e-06  2.22044587e-06  3.33066880e-06  1.11022293e-06\n  2.22044587e-06  3.33066880e-06]", "hess_inv": "[[ 3.71947576 -0.13595201 -0.14606751 -0.92951639  1.31616258  1.27541827]\n [-0.13595201  1.93809145 -0.45297147 -1.11635254 -1.69009108  0.43521411]\n [-0.14606751 -0.45297147  2.60392048 -0.49951776  1.96949622 -1.95413967]\n [-0.92951639 -1.11635254 -0.49951776  3.15245976  0.07656847  0.20304303]\n [ 1.31616258 -1.69009108  1.96949622  0.07656847  5.72491991 -1.6659836 ]\n [ 1.27541827  0.43521411 -1.95413967  0.20304303 -1.6659836   3.73518167]]", "nfev": "161", "njev": "23", "status": "0", "success": "True", "message": "Optimization terminated successfully.", "x": "[0.62340704 2.65637616 6.73348569 0.95297787 4.59217821 3.64654625]", "nit": "18", "callback": [0.5084781142032668, 0.4059912052567526, 0.2884842754492417, 0.25336900515734406, 0.19355810975744903, 0.09848283723807438, 0.04198156639157691, 0.032318390860810786, 0.025386579048631952, 0.015309730847334224, 0.010111818656331928, 0.009217063919618518, 0.00877557402412954, 0.00865600758814844, 0.008648715508171256, 0.008648512761722849, 0.00864850596232658, 0.008648505947120189]}, "6": {"maxiter": 100, "gtol": 1e-10, "xrtol": 1e-10, "eps": 1e-05, "duration": 0.09866905212402344, "fun": "0.008648505958857577", "jac": "[ 2.38586928e-08  5.30797628e-07 -4.31521485e-07  1.64446234e-07\n  3.40172335e-07 -1.71596071e-07]", "hess_inv": "[[ 3.73331215  0.06982554 -0.42992644 -0.77012363  1.31076171  1.25809652]\n [ 0.06982554  1.88785887 -0.4912643  -1.18676814 -1.67956175  0.44197837]\n [-0.42992644 -0.4912643   2.77851143 -0.44577618  1.81792824 -1.91479003]\n [-0.77012363 -1.18676814 -0.44577618  3.19075491  0.23038079  0.2823424 ]\n [ 1.31076171 -1.67956175  1.81792824  0.23038079  5.40768716 -1.66755208]\n [ 1.25809652  0.44197837 -1.91479003  0.2823424  -1.66755208  3.79695423]]", "nfev": "423", "njev": "59", "status": "2", "success": "False", "message": "Desired error not necessarily achieved due to precision loss.", "x": "[0.62339082 2.6563701  6.73349304 0.95297044 4.59215466 3.64654139]", "nit": "18", "callback": [0.5084777365970177, 0.40599167076569687, 0.288490529885002, 0.25337426297105625, 0.19356081791520463, 0.09848098471623878, 0.041983708431954425, 0.03231940784612419, 0.025388312861627016, 0.015310153571173823, 0.0101114264525628, 0.00921716079742363, 0.008775437766342153, 0.008655996478012296, 0.008648714310211192, 0.008648512642973505, 0.008648505962209452, 0.008648505958857577]}, "7": {"maxiter": 100, "gtol": 1e-10, "xrtol": 1e-10, "eps": 1e-10, "duration": 0.04673886299133301, "fun": "0.008648505936906137", "jac": "[ 2.22044587e-06  0.00000000e+00 -2.22044587e-06  1.11022293e-06\n -1.11022293e-06  0.00000000e+00]", "hess_inv": "[[ 2.13073172  0.68676245  0.78165652 -1.1805801   0.14505095  0.44518231]\n [ 0.68676245  1.43611222 -0.41396766 -1.2328322  -0.33109299  0.50785773]\n [ 0.78165652 -0.41396766  1.35763249  0.03176401  0.52081555 -0.46550505]\n [-1.1805801  -1.2328322   0.03176401  2.11465917  0.60639362 -1.32938947]\n [ 0.14505095 -0.33109299  0.52081555  0.60639362  0.44455016 -0.66566987]\n [ 0.44518231  0.50785773 -0.46550505 -1.32938947 -0.66566987  1.33774484]]", "nfev": "203", "njev": "29", "status": "0", "success": "True", "message": "Optimization terminated successfully.", "x": "[0.62340583 2.65637669 6.73348191 0.95297673 4.59217156 3.64654429]", "nit": "22", "callback": [0.5084781142032668, 0.4059912052567526, 0.2884842754492417, 0.25336900515734406, 0.19355810975744903, 0.09848283723807438, 0.04198156639157691, 0.032318390860810786, 0.025386579048631952, 0.015309730847334224, 0.010111818656331928, 0.009217063919618518, 0.00877557402412954, 0.00865600758814844, 0.008648715508171256, 0.008648512761722849, 0.00864850596232658, 0.008648505947120189, 0.008648505937224993, 0.00864850593690647, 0.008648505936906248, 0.008648505936906137]}, "8": {"maxiter": 500, "gtol": 1e-05, "xrtol": 1e-05, "eps": 1e-05, "duration": 0.03800702095031738, "fun": "0.008648505962209452", "jac": "[ 1.60045310e-06 -6.05593353e-07 -1.34265932e-06  3.53050922e-09\n -5.28699307e-07 -1.44495527e-06]", "hess_inv": "[[ 3.61696483 -0.09162553 -0.20130925 -0.84446494  1.11566655  1.28114987]\n [-0.09162553  1.9351299  -0.43730826 -1.15115665 -1.63682536  0.4486359 ]\n [-0.20130925 -0.43730826  2.58297572 -0.42931911  1.89251904 -1.93404836]\n [-0.84446494 -1.15115665 -0.42931911  3.20019616  0.27875955  0.28006434]\n [ 1.11566655 -1.63682536  1.89251904  0.27875955  5.43121182 -1.65449811]\n [ 1.28114987  0.4486359  -1.93404836  0.28006434 -1.65449811  3.79358285]]", "nfev": "154", "njev": "22", "status": "0", "success": "True", "message": "Optimization terminated successfully.", "x": "[0.6233944  2.6563696  6.73349132 0.95296991 4.59215436 3.64654118]", "nit": "17", "callback": [0.5084777365970177, 0.40599167076569687, 0.288490529885002, 0.25337426297105625, 0.19356081791520463, 0.09848098471623878, 0.041983708431954425, 0.03231940784612419, 0.025388312861627016, 0.015310153571173823, 0.0101114264525628, 0.00921716079742363, 0.008775437766342153, 0.008655996478012296, 0.008648714310211192, 0.008648512642973505, 0.008648505962209452]}, "9": {"maxiter": 500, "gtol": 1e-05, "xrtol": 1e-05, "eps": 1e-10, "duration": 0.0357358455657959, "fun": "0.00864850596232658", "jac": "[ 0.00000000e+00 -3.33066880e-06 -4.44089173e-06 -2.22044587e-06\n -4.44089173e-06 -5.55111466e-06]", "hess_inv": "[[ 3.59039888 -0.0944824  -0.20331387 -0.83743028  1.11091271  1.27081967]\n [-0.0944824   1.92476832 -0.43454418 -1.14580475 -1.62409345  0.4367786 ]\n [-0.20331387 -0.43454418  2.58684576 -0.42730779  1.89149908 -1.93565698]\n [-0.83743028 -1.14580475 -0.42730779  3.20511632  0.27216773  0.28375175]\n [ 1.11091271 -1.62409345  1.89149908  0.27216773  5.41897219 -1.64112846]\n [ 1.27081967  0.4367786  -1.93565698  0.28375175 -1.64112846  3.78567229]]", "nfev": "154", "njev": "22", "status": "0", "success": "True", "message": "Optimization terminated successfully.", "x": "[0.62339728 2.65637928 6.73347885 0.95297534 4.59215875 3.64653969]", "nit": "17", "callback": [0.5084781142032668, 0.4059912052567526, 0.2884842754492417, 0.25336900515734406, 0.19355810975744903, 0.09848283723807438, 0.04198156639157691, 0.032318390860810786, 0.025386579048631952, 0.015309730847334224, 0.010111818656331928, 0.009217063919618518, 0.00877557402412954, 0.00865600758814844, 0.008648715508171256, 0.008648512761722849, 0.00864850596232658]}, "10": {"maxiter": 500, "gtol": 1e-05, "xrtol": 1e-10, "eps": 1e-05, "duration": 0.03751707077026367, "fun": "0.008648505962209452", "jac": "[ 1.60045310e-06 -6.05593353e-07 -1.34265932e-06  3.53050922e-09\n -5.28699307e-07 -1.44495527e-06]", "hess_inv": "[[ 3.61696483 -0.09162553 -0.20130925 -0.84446494  1.11566655  1.28114987]\n [-0.09162553  1.9351299  -0.43730826 -1.15115665 -1.63682536  0.4486359 ]\n [-0.20130925 -0.43730826  2.58297572 -0.42931911  1.89251904 -1.93404836]\n [-0.84446494 -1.15115665 -0.42931911  3.20019616  0.27875955  0.28006434]\n [ 1.11566655 -1.63682536  1.89251904  0.27875955  5.43121182 -1.65449811]\n [ 1.28114987  0.4486359  -1.93404836  0.28006434 -1.65449811  3.79358285]]", "nfev": "154", "njev": "22", "status": "0", "success": "True", "message": "Optimization terminated successfully.", "x": "[0.6233944  2.6563696  6.73349132 0.95296991 4.59215436 3.64654118]", "nit": "17", "callback": [0.5084777365970177, 0.40599167076569687, 0.288490529885002, 0.25337426297105625, 0.19356081791520463, 0.09848098471623878, 0.041983708431954425, 0.03231940784612419, 0.025388312861627016, 0.015310153571173823, 0.0101114264525628, 0.00921716079742363, 0.008775437766342153, 0.008655996478012296, 0.008648714310211192, 0.008648512642973505, 0.008648505962209452]}, "11": {"maxiter": 500, "gtol": 1e-05, "xrtol": 1e-10, "eps": 1e-10, "duration": 0.03705286979675293, "fun": "0.00864850596232658", "jac": "[ 0.00000000e+00 -3.33066880e-06 -4.44089173e-06 -2.22044587e-06\n -4.44089173e-06 -5.55111466e-06]", "hess_inv": "[[ 3.59039888 -0.0944824  -0.20331387 -0.83743028  1.11091271  1.27081967]\n [-0.0944824   1.92476832 -0.43454418 -1.14580475 -1.62409345  0.4367786 ]\n [-0.20331387 -0.43454418  2.58684576 -0.42730779  1.89149908 -1.93565698]\n [-0.83743028 -1.14580475 -0.42730779  3.20511632  0.27216773  0.28375175]\n [ 1.11091271 -1.62409345  1.89149908  0.27216773  5.41897219 -1.64112846]\n [ 1.27081967  0.4367786  -1.93565698  0.28375175 -1.64112846  3.78567229]]", "nfev": "154", "njev": "22", "status": "0", "success": "True", "message": "Optimization terminated successfully.", "x": "[0.62339728 2.65637928 6.73347885 0.95297534 4.59215875 3.64653969]", "nit": "17", "callback": [0.5084781142032668, 0.4059912052567526, 0.2884842754492417, 0.25336900515734406, 0.19355810975744903, 0.09848283723807438, 0.04198156639157691, 0.032318390860810786, 0.025386579048631952, 0.015309730847334224, 0.010111818656331928, 0.009217063919618518, 0.00877557402412954, 0.00865600758814844, 0.008648715508171256, 0.008648512761722849, 0.00864850596232658]}, "12": {"maxiter": 500, "gtol": 1e-10, "xrtol": 1e-05, "eps": 1e-05, "duration": 0.038485050201416016, "fun": "0.008648505958857577", "jac": "[ 2.38586928e-08  5.30797628e-07 -4.31521485e-07  1.64446234e-07\n  3.40172335e-07 -1.71596071e-07]", "hess_inv": "[[ 3.5748181  -0.08367768 -0.19214984 -0.81186596  1.09862649  1.29067041]\n [-0.08367768  1.93382542 -0.44008067 -1.15482266 -1.63554321  0.44750976]\n [-0.19214984 -0.44008067  2.58660758 -0.44975187  1.90661092 -1.93971732]\n [-0.81186596 -1.15482266 -0.44975187  3.20667259  0.26727528  0.28124726]\n [ 1.09862649 -1.63554321  1.90661092  0.26727528  5.44351807 -1.65730066]\n [ 1.29067041  0.44750976 -1.93971732  0.28124726 -1.65730066  3.79373724]]", "nfev": "161", "njev": "23", "status": "0", "success": "True", "message": "Optimization terminated successfully.", "x": "[0.62339082 2.6563701  6.73349304 0.95297044 4.59215466 3.6