{"date": "2024/09/25/, 10:27:34", "conf_id": 205, "data_type": "non_lin_ind\n", "num_data_points": 3, "s_rank": 0, "unitary": "[[-0.45070455-0.02711853j,0.78437395-0.06613086j,0.06358678+0.19963393j,-0.07343613+0.35668523j],[-0.01890143-0.03813363j,0.32408202+0.25557629j,0.05872864-0.68979805j,0.55466693-0.20227297j],[-0.11215405+0.64023111j,-0.13344055+0.29565494j,-0.49012687-0.19046288j,-0.04241254+0.44046348j],[0.55771659+0.24656916j,0.31851997-0.05798805j,0.28761525-0.34294258j,-0.56718418+0.03616933j]]", "databatch_0": {"databatch": "[[[0.11823379+0.03315522j,0.02346778+0.09703871j,-0.16026918+0.02153401j,-0.17110539-0.01003362j],[0.02831099+0.54076894j,0.14043984-0.06633494j,-0.38097359+0.02037874j,-0.33372182-0.18825155j],[0.13617505-0.08074474j,-0.11323547+0.23069872j,-0.12499888-0.14275279j,-0.12579378-0.1086787j],[-0.10102567+0.05813885j,-0.16027356-0.03837521j,0.13444442-0.20072291j,0.16534739-0.1688438j]],[[-0.09789277-0.04118415j,-0.0693369-0.08474348j,-0.01714221+0.05597568j,-0.05141264-0.05050481j],[-0.35977107+0.28957848j,-0.4507481+0.07768658j,0.16873099+0.17564919j,-0.2775803+0.08516638j],[0.02086937-0.31842133j,0.16540039-0.27334064j,-0.17080019+0.00835507j,0.08310296-0.19108594j],[0.18108214-0.11146272j,0.21604072-0.01354744j,-0.0702476-0.09189751j,0.13905579-0.0251609j]],[[-0.00586451-0.02762193j,-0.26278247-0.10268051j,-0.0783137-0.1396901j,0.03120168-0.06034504j],[-0.19601302-0.14079563j,-0.19016069+0.10225007j,-0.20038264-0.0152109j,0.13773426-0.11587633j],[0.114483+0.00197172j,-0.28034783-0.48707519j,0.08943575-0.32256959j,0.05350097-0.01541256j],[0.05586578+0.03978546j,0.34529416-0.26241853j,0.2563032+0.01238948j,0.03122888+0.08937187j]]]", "initial param values": "[1.6005184,2.13339783,4.86697515,2.57931501,5.09466979,3.06566268]", "nelder_mead": {"type": "gradient-free", "0": {"maxiter": 100, "fatol": 1e-05, "xatol": 1e-05, "duration": 0.03896188735961914, "fun": "0.27203977972793725", "nit": "100", "nfev": "152", "status": "2", "success": "False", "message": "Maximum number of iterations has been exceeded.", "x": "[1.12473541 1.85890361 2.27110154 3.3619076  7.15975234 4.17229458]", "final_simplex": "(array([[1.12473541, 1.85890361, 2.27110154, 3.3619076 , 7.15975234,\n        4.17229458],\n       [1.13056488, 1.83418547, 2.33285323, 3.30820244, 7.22258382,\n        4.20328157],\n       [1.1266891 , 1.98242376, 2.14888019, 3.25177838, 7.34902382,\n        4.17058349],\n       [1.17738383, 1.80917291, 2.30293988, 3.18394243, 7.25943977,\n        4.23782052],\n       [1.04966661, 1.83886236, 2.23486595, 3.26674138, 7.43542883,\n        4.36998113],\n       [1.03710274, 1.69882952, 2.43217778, 3.33701399, 7.21947484,\n        4.38181403],\n       [1.25212901, 1.76846179, 2.15311622, 3.11612339, 7.40727516,\n        4.22154977]]), array([0.27203978, 0.27233139, 0.273188  , 0.27575705, 0.27612224,\n       0.27701484, 0.27706814]))", "callback": [0.66127796227194, 0.5516755416812822, 0.4956580751891022, 0.39360680143666393, 0.3300397397593132, 0.3300397397593132, 0.30035697994003685, 0.29251681686263986, 0.283801671721721, 0.277068144712873]}, "1": {"maxiter": 100, "fatol": 1e-05, "xatol": 1e-10, "duration": 0.037802934646606445, "fun": "0.27203977972793725", "nit": "100", "nfev": "152", "status": "2", "success": "False", "message": "Maximum number of iterations has been exceeded.", "x": "[1.12473541 1.85890361 2.27110154 3.3619076  7.15975234 4.17229458]", "final_simplex": "(array([[1.12473541, 1.85890361, 2.27110154, 3.3619076 , 7.15975234,\n        4.17229458],\n       [1.13056488, 1.83418547, 2.33285323, 3.30820244, 7.22258382,\n        4.20328157],\n       [1.1266891 , 1.98242376, 2.14888019, 3.25177838, 7.34902382,\n        4.17058349],\n       [1.17738383, 1.80917291, 2.30293988, 3.18394243, 7.25943977,\n        4.23782052],\n       [1.04966661, 1.83886236, 2.23486595, 3.26674138, 7.43542883,\n        4.36998113],\n       [1.03710274, 1.69882952, 2.43217778, 3.33701399, 7.21947484,\n        4.38181403],\n       [1.25212901, 1.76846179, 2.15311622, 3.11612339, 7.40727516,\n        4.22154977]]), array([0.27203978, 0.27233139, 0.273188  , 0.27575705, 0.27612224,\n       0.27701484, 0.27706814]))", "callback": [0.66127796227194, 0.5516755416812822, 0.4956580751891022, 0.39360680143666393, 0.3300397397593132, 0.3300397397593132, 0.30035697994003685, 0.29251681686263986, 0.283801671721721, 0.277068144712873]}, "2": {"maxiter": 100, "fatol": 1e-10, "xatol": 1e-05, "duration": 0.0371251106262207, "fun": "0.27203977972793725", "nit": "100", "nfev": "152", "status": "2", "success": "False", "message": "Maximum number of iterations has been exceeded.", "x": "[1.12473541 1.85890361 2.27110154 3.3619076  7.15975234 4.17229458]", "final_simplex": "(array([[1.12473541, 1.85890361, 2.27110154, 3.3619076 , 7.15975234,\n        4.17229458],\n       [1.13056488, 1.83418547, 2.33285323, 3.30820244, 7.22258382,\n        4.20328157],\n       [1.1266891 , 1.98242376, 2.14888019, 3.25177838, 7.34902382,\n        4.17058349],\n       [1.17738383, 1.80917291, 2.30293988, 3.18394243, 7.25943977,\n        4.23782052],\n       [1.04966661, 1.83886236, 2.23486595, 3.26674138, 7.43542883,\n        4.36998113],\n       [1.03710274, 1.69882952, 2.43217778, 3.33701399, 7.21947484,\n        4.38181403],\n       [1.25212901, 1.76846179, 2.15311622, 3.11612339, 7.40727516,\n        4.22154977]]), array([0.27203978, 0.27233139, 0.273188  , 0.27575705, 0.27612224,\n       0.27701484, 0.27706814]))", "callback": [0.66127796227194, 0.5516755416812822, 0.4956580751891022, 0.39360680143666393, 0.3300397397593132, 0.3300397397593132, 0.30035697994003685, 0.29251681686263986, 0.283801671721721, 0.277068144712873]}, "3": {"maxiter": 100, "fatol": 1e-10, "xatol": 1e-10, "duration": 0.0359349250793457, "fun": "0.27203977972793725", "nit": "100", "nfev": "152", "status": "2", "success": "False", "message": "Maximum number of iterations has been exceeded.", "x": "[1.12473541 1.85890361 2.27110154 3.3619076  7.15975234 4.17229458]", "final_simplex": "(array([[1.12473541, 1.85890361, 2.27110154, 3.3619076 , 7.15975234,\n        4.17229458],\n       [1.13056488, 1.83418547, 2.33285323, 3.30820244, 7.22258382,\n        4.20328157],\n       [1.1266891 , 1.98242376, 2.14888019, 3.25177838, 7.34902382,\n        4.17058349],\n       [1.17738383, 1.80917291, 2.30293988, 3.18394243, 7.25943977,\n        4.23782052],\n       [1.04966661, 1.83886236, 2.23486595, 3.26674138, 7.43542883,\n        4.36998113],\n       [1.03710274, 1.69882952, 2.43217778, 3.33701399, 7.21947484,\n        4.38181403],\n       [1.25212901, 1.76846179, 2.15311622, 3.11612339, 7.40727516,\n        4.22154977]]), array([0.27203978, 0.27233139, 0.273188  , 0.27575705, 0.27612224,\n       0.27701484, 0.27706814]))", "callback": [0.66127796227194, 0.5516755416812822, 0.4956580751891022, 0.39360680143666393, 0.3300397397593132, 0.3300397397593132, 0.30035697994003685, 0.29251681686263986, 0.283801671721721, 0.277068144712873]}, "4": {"maxiter": 500, "fatol": 1e-05, "xatol": 1e-05, "duration": 0.17102885246276855, "fun": "0.08140819888734263", "nit": "466", "nfev": "735", "status": "0", "success": "True", "message": "Optimization terminated successfully.", "x": "[2.04161507 1.28789581 0.47354206 4.51506306 6.39233589 1.54078363]", "final_simplex": "(array([[2.04161507, 1.28789581, 0.47354206, 4.51506306, 6.39233589,\n        1.54078363],\n       [2.04161262, 1.28789834, 0.47354563, 4.51506027, 6.39233483,\n        1.54078936],\n       [2.04161325, 1.28789321, 0.47353517, 4.51506038, 6.39233954,\n        1.54078735],\n       [2.04161305, 1.28789168, 0.47354056, 4.51506306, 6.39233798,\n        1.54078862],\n       [2.04161319, 1.28788919, 0.47353679, 4.51506318, 6.39233617,\n        1.5407815 ],\n       [2.04161523, 1.28789596, 0.47354457, 4.51506052, 6.39233214,\n        1.54078998],\n       [2.04161919, 1.28789767, 0.47353807, 4.51505772, 6.39234097,\n        1.54077968]]), array([0.0814082, 0.0814082, 0.0814082, 0.0814082, 0.0814082, 0.0814082,\n       0.0814082]))", "callback": [0.66127796227194, 0.5516755416812822, 0.4956580751891022, 0.39360680143666393, 0.3300397397593132, 0.3300397397593132, 0.30035697994003685, 0.29251681686263986, 0.283801671721721, 0.277068144712873, 0.27203977972793725, 0.2599495185320829, 0.2330699218802863, 0.20051798626382888, 0.16012417108724086, 0.15598100416880578, 0.1541403525419457, 0.152771387098245, 0.15223471836364355, 0.15094232980353295, 0.1497459769545184, 0.14964338207389705, 0.14876928554917213, 0.1469000508327406, 0.13825065947027204, 0.11496468236899748, 0.0967718993244272, 0.08991100760257142, 0.08662470521809906, 0.08468621447380542, 0.08326945304655597, 0.08222174251180314, 0.08161312376721463, 0.08150519653125754, 0.08142644789657127, 0.08141503692144025, 0.08140930108381184, 0.08140930108381184, 0.08140842028690065, 0.08140825841033095, 0.08140821431060508, 0.08140820372425983, 0.08140819975775271, 0.08140819947292621, 0.08140819900625262, 0.08140819891187523, 0.08140819889296536]}, "5": {"maxiter": 500, "fatol": 1e-05, "xatol": 1e-10, "duration": 0.18431520462036133, "fun": "0.0814081988836266", "nit": "500", "nfev": "787", "status": "2", "success": "False", "message": "Maximum number of iterations has been exceeded.", "x": "[2.04161597 1.28789459 0.47353644 4.51506337 6.39233959 1.54078355]", "final_simplex": "(array([[2.04161597, 1.28789459, 0.47353644, 4.51506337, 6.39233959,\n        1.54078355],\n       [2.04161685, 1.28789506, 0.47353752, 4.51506359, 6.39233893,\n        1.54078399],\n       [2.04161532, 1.28789288, 0.4735352 , 4.51506496, 6.39233995,\n        1.54078339],\n       [2.04161693, 1.28789384, 0.47353476, 4.51506352, 6.39234071,\n        1.54078189],\n       [2.04161625, 1.28789384, 0.47353567, 4.51506483, 6.39233946,\n        1.54078167],\n       [2.04161705, 1.28789369, 0.47353573, 4.51506361, 6.39233997,\n        1.54078195],\n       [2.04161802, 1.28789409, 0.47353504, 4.51506314, 6.39233923,\n        1.54078163]]), array([0.0814082, 0.0814082, 0.0814082, 0.0814082, 0.0814082, 0.0814082,\n       0.0814082]))", "callback": [0.66127796227194, 0.5516755416812822, 0.4956580751891022, 0.39360680143666393, 0.3300397397593132, 0.3300397397593132, 0.30035697994003685, 0.29251681686263986, 0.283801671721721, 0.277068144712873, 0.27203977972793725, 0.2599495185320829, 0.2330699218802863, 0.20051798626382888, 0.16012417108724086, 0.15598100416880578, 0.1541403525419457, 0.152771387098245, 0.15223471836364355, 0.15094232980353295, 0.1497459769545184, 0.14964338207389705, 0.14876928554917213, 0.1469000508327406, 0.13825065947027204, 0.11496468236899748, 0.0967718993244272, 0.08991100760257142, 0.08662470521809906, 0.08468621447380542, 0.08326945304655597, 0.08222174251180314, 0.08161312376721463, 0.08150519653125754, 0.08142644789657127, 0.08141503692144025, 0.08140930108381184, 0.08140930108381184, 0.08140842028690065, 0.08140825841033095, 0.08140821431060508, 0.08140820372425983, 0.08140819975775271, 0.08140819947292621, 0.08140819900625262, 0.08140819891187523, 0.08140819889296536, 0.08140819888734263, 0.08140819888436657, 0.08140819888373985]}, "6": {"maxiter": 500, "fatol": 1e-10, "xatol": 1e-05, "duration": 0.18606066703796387, "fun": "0.08140819888734263", "nit": "466", "nfev": "735", "status": "0", "success": "True", "message": "Optimization terminated successfully.", "x": "[2.04161507 1.28789581 0.47354206 4.51506306 6.39233589 1.54078363]", "final_simplex": "(array([[2.04161507, 1.28789581, 0.47354206, 4.51506306, 6.39233589,\n        1.54078363],\n       [2.04161262, 1.28789834, 0.47354563, 4.51506027, 6.39233483,\n        1.54078936],\n       [2.04161325, 1.28789321, 0.47353517, 4.51506038, 6.39233954,\n        1.54078735],\n       [2.04161305, 1.28789168, 0.47354056, 4.51506306, 6.39233798,\n        1.54078862],\n       [2.04161319, 1.28788919, 0.47353679, 4.51506318, 6.39233617,\n        1.5407815 ],\n       [2.04161523, 1.28789596, 0.47354457, 4.51506052, 6.39233214,\n        1.54078998],\n       [2.04161919, 1.28789767, 0.47353807, 4.51505772, 6.39234097,\n        1.54077968]]), array([0.0814082, 0.0814082, 0.0814082, 0.0814082, 0.0814082, 0.0814082,\n       0.0814082]))", "callback": [0.66127796227194, 0.5516755416812822, 0.4956580751891022, 0.39360680143666393, 0.3300397397593132, 0.3300397397593132, 0.30035697994003685, 0.29251681686263986, 0.283801671721721, 0.277068144712873, 0.27203977972793725, 0.2599495185320829, 0.2330699218802863, 0.20051798626382888, 0.16012417108724086, 0.15598100416880578, 0.1541403525419457, 0.152771387098245, 0.15223471836364355, 0.15094232980353295, 0.1497459769545184, 0.14964338207389705, 0.14876928554917213, 0.1469000508327406, 0.13825065947027204, 0.11496468236899748, 0.0967718993244272, 0.08991100760257142, 0.08662470521809906, 0.08468621447380542, 0.08326945304655597, 0.08222174251180314, 0.08161312376721463, 0.08150519653125754, 0.08142644789657127, 0.08141503692144025, 0.08140930108381184, 0.08140930108381184, 0.08140842028690065, 0.08140825841033095, 0.08140821431060508, 0.08140820372425983, 0.08140819975775271, 0.08140819947292621, 0.08140819900625262, 0.08140819891187523, 0.08140819889296536]}, "7": {"maxiter": 500, "fatol": 1e-10, "xatol": 1e-10, "duration": 0.18824195861816406, "fun": "0.0814081988836266", "nit": "500", "nfev": "787", "status": "2", "success": "False", "message": "Maximum number of iterations has been exceeded.", "x": "[2.04161597 1.28789459 0.47353644 4.51506337 6.39233959 1.54078355]", "final_simplex": "(array([[2.04161597, 1.28789459, 0.47353644, 4.51506337, 6.39233959,\n        1.54078355],\n       [2.04161685, 1.28789506, 0.47353752, 4.51506359, 6.39233893,\n        1.54078399],\n       [2.04161532, 1.28789288, 0.4735352 , 4.51506496, 6.39233995,\n        1.54078339],\n       [2.04161693, 1.28789384, 0.47353476, 4.51506352, 6.39234071,\n        1.54078189],\n       [2.04161625, 1.28789384, 0.47353567, 4.51506483, 6.39233946,\n        1.54078167],\n       [2.04161705, 1.28789369, 0.47353573, 4.51506361, 6.39233997,\n        1.54078195],\n       [2.04161802, 1.28789409, 0.47353504, 4.51506314, 6.39233923,\n        1.54078163]]), array([0.0814082, 0.0814082, 0.0814082, 0.0814082, 0.0814082, 0.0814082,\n       0.0814082]))", "callback": [0.66127796227194, 0.5516755416812822, 0.4956580751891022, 0.39360680143666393, 0.3300397397593132, 0.3300397397593132, 0.30035697994003685, 0.29251681686263986, 0.283801671721721, 0.277068144712873, 0.27203977972793725, 0.2599495185320829, 0.2330699218802863, 0.20051798626382888, 0.16012417108724086, 0.15598100416880578, 0.1541403525419457, 0.152771387098245, 0.15223471836364355, 0.15094232980353295, 0.1497459769545184, 0.14964338207389705, 0.14876928554917213, 0.1469000508327406, 0.13825065947027204, 0.11496468236899748, 0.0967718993244272, 0.08991100760257142, 0.08662470521809906, 0.08468621447380542, 0.08326945304655597, 0.08222174251180314, 0.08161312376721463, 0.08150519653125754, 0.08142644789657127, 0.08141503692144025, 0.08140930108381184, 0.08140930108381184, 0.08140842028690065, 0.08140825841033095, 0.08140821431060508, 0.08140820372425983, 0.08140819975775271, 0.08140819947292621, 0.08140819900625262, 0.08140819891187523, 0.08140819889296536, 0.08140819888734263, 0.08140819888436657, 0.08140819888373985]}, "8": {"maxiter": 1000, "fatol": 1e-05, "xatol": 1e-05, "duration": 0.17493224143981934, "fun": "0.08140819888734263", "nit": "466", "nfev": "735", "status": "0", "success": "True", "message": "Optimization terminated successfully.", "x": "[2.04161507 1.28789581 0.47354206 4.51506306 6.39233589 1.54078363]", "final_simplex": "(array([[2.04161507, 1.28789581, 0.47354206, 4.51506306, 6.39233589,\n        1.54078363],\n       [2.04161262, 1.28789834, 0.47354563, 4.51506027, 6.39233483,\n        1.54078936],\n       [2.04161325, 1.28789321, 0.47353517, 4.51506038, 6.39233954,\n        1.54078735],\n       [2.04161305, 1.28789168, 0.47354056, 4.51506306, 6.39233798,\n        1.54078862],\n       [2.04161319, 1.28788919, 0.47353679, 4.51506318, 6.39233617,\n        1.5407815 ],\n       [2.04161523, 1.28789596, 0.47354457, 4.51506052, 6.39233214,\n        1.54078998],\n       [2.04161919, 1.28789767, 0.47353807, 4.51505772, 6.39234097,\n        1.54077968]]), array([0.0814082, 0.0814082, 0.0814082, 0.0814082, 0.0814082, 0.0814082,\n       0.0814082]))", "callback": [0.66127796227194, 0.5516755416812822, 0.4956580751891022, 0.39360680143666393, 0.3300397397593132, 0.3300397397593132, 0.30035697994003685, 0.29251681686263986, 0.283801671721721, 0.277068144712873, 0.27203977972793725, 0.2599495185320829, 0.2330699218802863, 0.20051798626382888, 0.16012417108724086, 0.15598100416880578, 0.1541403525419457, 0.152771387098245, 0.15223471836364355, 0.15094232980353295, 0.1497459769545184, 0.14964338207389705, 0.14876928554917213, 0.1469000508327406, 0.13825065947027204, 0.11496468236899748, 0.0967718993244272, 0.08991100760257142, 0.08662470521809906, 0.08468621447380542, 0.08326945304655597, 0.08222174251180314, 0.08161312376721463, 0.08150519653125754, 0.08142644789657127, 0.08141503692144025, 0.08140930108381184, 0.08140930108381184, 0.08140842028690065, 0.08140825841033095, 0.08140821431060508, 0.08140820372425983, 0.08140819975775271, 0.08140819947292621, 0.08140819900625262, 0.08140819891187523, 0.08140819889296536]}, "9": {"maxiter": 1000, "fatol": 1e-05, "xatol": 1e-10, "duration": 0.22996306419372559, "fun": "0.08140819888342266", "nit": "576", "nfev": "974", "status": "0", "success": "True", "message": "Optimization terminated successfully.", "x": "[2.04161642 1.2878938  0.47353529 4.51506436 6.39233968 1.54078283]", "final_simplex": "(array([[2.04161642, 1.2878938 , 0.47353529, 4.51506436, 6.39233968,\n        1.54078283],\n       [2.04161642, 1.2878938 , 0.47353529, 4.51506436, 6.39233968,\n        1.54078283],\n       [2.04161642, 1.2878938 , 0.47353529, 4.51506436, 6.39233968,\n        1.54078283],\n       [2.04161642, 1.2878938 , 0.47353529, 4.51506436, 6.39233968,\n        1.54078283],\n       [2.04161642, 1.2878938 , 0.47353529, 4.51506436, 6.39233968,\n        1.54078283],\n       [2.04161642, 1.2878938 , 0.47353529, 4.51506436, 6.39233968,\n        1.54078283],\n       [2.04161642, 1.2878938 , 0.47353529, 4.51506436, 6.39233968,\n        1.54078283]]), array([0.0814082, 0.0814082, 0.0814082, 0.0814082, 0.0814082, 0.0814082,\n       0.0814082]))", "callback": [0.66127796227194, 0.5516755416812822, 0.4956580751891022, 0.39360680143666393, 0.3300397397593132, 0.3300397397593132, 0.30035697994003685, 0.29251681686263986, 0.283801671721721, 0.277068144712873, 0.27203977972793725, 0.2599495185320829, 0.2330699218802863, 0.20051798626382888, 0.16012417108724086, 0.15598100416880578, 0.1541403525419457, 0.152771387098245, 0.15223471836364355, 0.15094232980353295, 0.1497459769545184, 0.14964338207389705, 0.14876928554917213, 0.1469000508327406, 0.13825065947027204, 0.11496468236899748, 0.0967718993244272, 0.08991100760257142, 0.08662470521809906, 0.08468621447380542, 0.08326945304655597, 0.08222174251180314, 0.08161312376721463, 0.08150519653125754, 0.08142644789657127, 0.08141503692144025, 0.08140930108381184, 0.08140930108381184, 0.08140842028690065, 0.08140825841033095, 0.08140821431060508, 0.08140820372425983, 0.08140819975775271, 0.08140819947292621, 0.08140819900625262, 0.08140819891187523, 0.08140819889296536, 0.08140819888734263, 0.08140819888436657, 0.08140819888373985, 0.08140819888350437, 0.08140819888345707, 0.08140819888342887, 0.08140819888342399, 0.0814081988834231, 0.08140819888342277, 0.08140819888342266, 0.08140819888342266]}, "10": {"maxiter": 1000, "fatol": 1e-10, "xatol": 1e-05, "duration": 0.17149019241333008, "fun": "0.08140819888734263", "nit": "466", "nfev": "735", "status": "0", "success": "True", "message": "Optimization terminated successfully.", "x": "[2.04161507 1.28789581 0.47354206 4.51506306 6.39233589 1.54078363]", "final_simplex": "(array([[2.04161507, 1.28789581, 0.47354206, 4.51506306, 6.39233589,\n        1.54078363],\n       [2.04161262, 1.28789834, 0.47354563, 4.51506027, 6.39233483,\n        1.54078936],\n       [2.04161325, 1.28789321, 0.47353517, 4.51506038, 6.39233954,\n        1.54078735],\n       [2.04161305, 1.28789168, 0.47354056, 4.51506306, 6.39233798,\n        1.54078862],\n       [2.04161319, 1.28788919, 0.47353679, 4.51506318, 6.39233617,\n        1.5407815 ],\n       [2.04161523, 1.28789596, 0.47354457, 4.51506052, 6.39233214,\n        1.54078998],\n       [2.04161919, 1.28789767, 0.47353807, 4.51505772, 6.39234097,\n        1.54077968]]), array([0.0814082, 0.0814082, 0.0814082, 0.0814082, 0.0814082, 0.0814082,\n       0.0814082]))", "callback": [0.66127796227194, 0.5516755416812822, 0.4956580751891022, 0.39360680143666393, 0.3300397397593132, 0.3300397397593132, 0.30035697994003685, 0.29251681686263986, 0.283801671721721, 0.277068144712873, 0.27203977972793725, 0.2599495185320829, 0.2330699218802863, 0.20051798626382888, 0.16012417108724086, 0.15598100416880578, 0.1541403525419457, 0.152771387098245, 0.15223471836364355, 0.15094232980353295, 0.1497459769545184, 0.14964338207389705, 0.14876928554917213, 0.1469000508327406, 0.13825065947027204, 0.11496468236899748, 0.0967718993244272, 0.08991100760257142, 0.08662470521809906, 0.08468621447380542, 0.08326945304655597, 0.08222174251180314, 0.08161312376721463, 0.08150519653125754, 0.08142644789657127, 0.08141503692144025, 0.08140930108381184, 0.08140930108381184, 0.08140842028690065, 0.08140825841033095, 0.08140821431060508, 0.08140820372425983, 0.08140819975775271, 0.08140819947292621, 0.08140819900625262, 0.08140819891187523, 0.08140819889296536]}, "11": {"maxiter": 1000, "fatol": 1e-10, "xatol": 1e-10, "duration": 0.22319936752319336, "fun": "0.08140819888342266", "nit": "576", "nfev": "974", "status": "0", "success": "True", "message": "Optimization terminated successfully.", "x": "[2.04161642 1.2878938  0.47353529 4.51506436 6.39233968 1.54078283]", "final_simplex": "(array([[2.04161642, 1.2878938 , 0.47353529, 4.51506436, 6.39233968,\n        1.54078283],\n       [2.04161642, 1.2878938 , 0.47353529, 4.51506436, 6.39233968,\n        1.54078283],\n       [2.04161642, 1.2878938 , 0.47353529, 4.51506436, 6.39233968,\n        1.54078283],\n       [2.04161642, 1.2878938 , 0.47353529, 4.51506436, 6.39233968,\n        1.54078283],\n       [2.04161642, 1.2878938 , 0.47353529, 4.51506436, 6.39233968,\n        1.54078283],\n       [2.04161642, 1.2878938 , 0.47353529, 4.51506436, 6.39233968,\n        1.54078283],\n       [2.04161642, 1.2878938 , 0.47353529, 4.51506436, 6.39233968,\n        1.54078283]]), array([0.0814082, 0.0814082, 0.0814082, 0.0814082, 0.0814082, 0.0814082,\n       0.0814082]))", "callback": [0.66127796227194, 0.5516755416812822, 0.4956580751891022, 0.39360680143666393, 0.3300397397593132, 0.3300397397593132, 0.30035697994003685, 0.29251681686263986, 0.283801671721721, 0.277068144712873, 0.27203977972793725, 0.2599495185320829, 0.2330699218802863, 0.20051798626382888, 0.16012417108724086, 0.15598100416880578, 0.1541403525419457, 0.152771387098245, 0.15223471836364355, 0.15094232980353295, 0.1497459769545184, 0.14964338207389705, 0.14876928554917213, 0.1469000508327406, 0.13825065947027204, 0.11496468236899748, 0.0967718993244272, 0.08991100760257142, 0.08662470521809906, 0.08468621447380542, 0.08326945304655597, 0.08222174251180314, 0.08161312376721463, 0.08150519653125754, 0.08142644789657127, 0.08141503692144025, 0.08140930108381184, 0.08140930108381184, 0.08140842028690065, 0.08140825841033095, 0.08140821431060508, 0.08140820372425983, 0.08140819975775271, 0.08140819947292621, 0.08140819900625262, 0.08140819891187523, 0.08140819889296536, 0.08140819888734263, 0.08140819888436657, 0.08140819888373985, 0.08140819888350437, 0.08140819888345707, 0.08140819888342887, 0.08140819888342399, 0.0814081988834231, 0.08140819888342277, 0.08140819888342266, 0.08140819888342266]}}, "bfgs": {"type": "gradient", "0": {"maxiter": 100, "gtol": 1e-05, "xrtol": 1e-05, "eps": 1e-05, "duration": 0.03798174858093262, "fun": "0.08140819905014551", "jac": "[ 5.15595344e-06  4.85556040e-07 -1.99842365e-06  3.06109582e-06\n  8.63042970e-07  1.43351997e-06]", "hess_inv": "[[ 3.50147432 -0.61225027 -1.28069519  0.55801856 -0.01717427 -2.40094237]\n [-0.61225027  6.07884443  5.60817844  2.30370459 -0.91821639  3.90114563]\n [-1.28069519  5.60817844 10.8852164   2.20597416 -4.23311944  6.09380122]\n [ 0.55801856  2.30370459  2.20597416  3.40860164 -0.41966267  1.38956589]\n [-0.01717427 -0.91821639 -4.23311944 -0.41966267  4.81899537 -1.3380105 ]\n [-2.40094237  3.90114563  6.09380122  1.38956589 -1.3380105   7.14609616]]", "nfev": "161", "njev": "23", "status": "0", "success": "True", "message": "Optimization terminated successfully.", "x": "[2.04163753 1.28786081 6.75666657 1.76811437 3.25076071 4.68233564]", "nit": "20", "callback": [0.42919309651555737, 0.33560168894667397, 0.2952491916744707, 0.26810167946701224, 0.22088033260919182, 0.1940859597872947, 0.17544530068564468, 0.1639278953937744, 0.14376841844785282, 0.12326254116673496, 0.11018804964660711, 0.0906716718890922, 0.08249425000021826, 0.08164183181144813, 0.08145866517732359, 0.08143665440394321, 0.08141250781098341, 0.08140869713960297, 0.08140820922061653, 0.08140819905014551]}, "1": {"maxiter": 100, "gtol": 1e-05, "xrtol": 1e-05, "eps": 1e-10, "duration": 0.03942608833312988, "fun": "0.0814081989997586", "jac": "[ 7.77156053e-06  0.00000000e+00 -5.55111466e-06  3.33066880e-06\n -3.33066880e-06  0.00000000e+00]", "hess_inv": "[[ 3.51039151 -0.62180548 -1.29081371  0.55501806 -0.02976311 -2.42072137]\n [-0.62180548  6.01752109  5.54463773  2.28133596 -0.90275714  3.89139352]\n [-1.29081371  5.54463773 10.81296215  2.18239983 -4.21095244  6.08282121]\n [ 0.55501806  2.28133596  2.18239983  3.40167984 -0.4099171   1.38967341]\n [-0.02976311 -0.90275714 -4.21095244 -0.4099171   4.83758071 -1.30749792]\n [-2.42072137  3.89139352  6.08282121  1.38967341 -1.30749792  7.18237019]]", "nfev": "161", "njev": "23", "status": "0", "success": "True", "message": "Optimization terminated successfully.", "x": "[2.04164182 1.28788959 6.75670377 1.7681342  3.25074509 4.68235878]", "nit": "20", "callback": [0.4291903736757601, 0.33560249592226676, 0.2952500973916985, 0.2681028663059858, 0.22088581537517238, 0.1940751443469203, 0.1754406664008804, 0.1639210191597137, 0.14375966394864925, 0.12326606134311968, 0.11019022517793908, 0.0906742494252063, 0.08249637207327554, 0.08164130232404265, 0.08145866298738202, 0.08143665368699704, 0.08141248475322482, 0.08140868917169575, 0.08140820896060486, 0.0814081989997586]}, "2": {"maxiter": 100, "gtol": 1e-05, "xrtol": 1e-10, "eps": 1e-05, "duration": 0.03947591781616211, "fun": "0.08140819905014551", "jac": "[ 5.15595344e-06  4.85556040e-07 -1.99842365e-06  3.06109582e-06\n  8.63042970e-07  1.43351997e-06]", "hess_inv": "[[ 3.50147432 -0.61225027 -1.28069519  0.55801856 -0.01717427 -2.40094237]\n [-0.61225027  6.07884443  5.60817844  2.30370459 -0.91821639  3.90114563]\n [-1.28069519  5.60817844 10.8852164   2.20597416 -4.23311944  6.09380122]\n [ 0.55801856  2.30370459  2.20597416  3.40860164 -0.41966267  1.38956589]\n [-0.01717427 -0.91821639 -4.23311944 -0.41966267  4.81899537 -1.3380105 ]\n [-2.40094237  3.90114563  6.09380122  1.38956589 -1.3380105   7.14609616]]", "nfev": "161", "njev": "23", "status": "0", "success": "True", "message": "Optimization terminated successfully.", "x": "[2.04163753 1.28786081 6.75666657 1.76811437 3.25076071 4.68233564]", "nit": "20", "callback": [0.42919309651555737, 0.33560168894667397, 0.2952491916744707, 0.26810167946701224, 0.22088033260919182, 0.1940859597872947, 0.17544530068564468, 0.1639278953937744, 0.14376841844785282, 0.12326254116673496, 0.11018804964660711, 0.0906716718890922, 0.08249425000021826, 0.08164183181144813, 0.08145866517732359, 0.08143665440394321, 0.08141250781098341, 0.08140869713960297, 0.08140820922061653, 0.08140819905014551]}, "3": {"maxiter": 100, "gtol": 1e-05, "xrtol": 1e-10, "eps": 1e-10, "duration": 0.03855395317077637, "fun": "0.0814081989997586", "jac": "[ 7.77156053e-06  0.00000000e+00 -5.55111466e-06  3.33066880e-06\n -3.33066880e-06  0.00000000e+00]", "hess_inv": "[[ 3.51039151 -0.62180548 -1.29081371  0.55501806 -0.02976311 -2.42072137]\n [-0.62180548  6.01752109  5.54463773  2.28133596 -0.90275714  3.89139352]\n [-1.29081371  5.54463773 10.81296215  2.18239983 -4.21095244  6.08282121]\n [ 0.55501806  2.28133596  2.18239983  3.40167984 -0.4099171   1.38967341]\n [-0.02976311 -0.90275714 -4.21095244 -0.4099171   4.83758071 -1.30749792]\n [-2.42072137  3.89139352  6.08282121  1.38967341 -1.30749792  7.18237019]]", "nfev": "161", "njev": "23", "status": "0", "success": "True", "message": "Optimization terminated successfully.", "x": "[2.04164182 1.28788959 6.75670377 1.7681342  3.25074509 4.68235878]", "nit": "20", "callback": [0.4291903736757601, 0.33560249592226676, 0.2952500973916985, 0.2681028663059858, 0.22088581537517238, 0.1940751443469203, 0.1754406664008804, 0.1639210191597137, 0.14375966394864925, 0.12326606134311968, 0.11019022517793908, 0.0906742494252063, 0.08249637207327554, 0.08164130232404265, 0.08145866298738202, 0.08143665368699704, 0.08141248475322482, 0.08140868917169575, 0.08140820896060486, 0.0814081989997586]}, "4": {"maxiter": 100, "gtol": 1e-10, "xrtol": 1e-05, "eps": 1e-05, "duration": 0.0400080680847168, "fun": "0.08140819899944607", "jac": "[ 1.77091675e-07  1.99074091e-07 -6.41264819e-08  2.59792188e-09\n -6.91224855e-08 -6.01074746e-08]", "hess_inv": "[[ 3.68137879 -0.69386265 -1.52498709  0.67830869  0.15475028 -2.48546629]\n [-0.69386265  6.01714355  5.59184914  2.25764123 -0.89748436  3.94613683]\n [-1.52498709  5.59184914 11.05317712  2.05358692 -4.33942403  6.2171377 ]\n [ 0.67830869  2.25764123  2.05358692  3.48829887 -0.31321363  1.33247767]\n [ 0.15475028 -0.89748436 -4.33942403 -0.31321363  4.88456896 -1.4254328 ]\n [-2.48546629  3.94613683  6.2171377   1.33247767 -1.4254328   7.18536014]]", "nfev": "168", "njev": "24", "status": "0", "success": "True", "message": "Optimization terminated successfully.", "x": "[2.0416172  1.28786085 6.75668235 1.76810156 3.25075046 4.68234581]", "nit": "21", "callback": [0.42919309651555737, 0.33560168894667397, 0.2952491916744707, 0.26810167946701224, 0.22088033260919182, 0.1940859597872947, 0.17544530068564468, 0.1639278953937744, 0.14376841844785282, 0.12326254116673496, 0.11018804964660711, 0.0906716718890922, 0.08249425000021826, 0.08164183181144813, 0.08145866517732359, 0.08143665440394321, 0.08141250781098341, 0.08140869713960297, 0.08140820922061653, 0.08140819905014551, 0.08140819899944607]}, "5": {"maxiter": 100, "gtol": 1e-10, "xrtol": 1e-05, "eps": 1e-10, "duration": 0.04011273384094238, "fun": "0.08140819898375662", "jac": "[-2.22044587e-06  2.22044587e-06  4.44089173e-06  0.00000000e+00\n  2.22044587e-06  1.11022293e-06]", "hess_inv": "[[ 3.88633371 -0.92926506 -1.92846251  0.73877668  0.31602062 -2.69717263]\n [-0.92926506  6.25969615  6.04084867  2.15619166 -1.13133894  4.15030213]\n [-1.92846251  6.04084867 11.82560005  1.93923481 -4.64970286  6.64115377]\n [ 0.73877668  2.15619166  1.93923481  3.42336971 -0.38781714  1.16561293]\n [ 0.31602062 -1.13133894 -4.64970286 -0.38781714  4.83881063 -1.75354735]\n [-2.69717263  4.15030213  6.64115377  1.16561293 -1.75354735  7.2695741 ]]", "nfev": "168", "njev": "24", "status": "0", "success": "True", "message": "Optimization terminated successfully.", "x": "[2.0415995  1.28791939 6.75676245 1.76812653 3.25073423 4.68240688]", "nit": "21", "callback": [0.4291903736757601, 0.33560249592226676, 0.2952500973916985, 0.2681028663059858, 0.22088581537517238, 0.1940751443469203, 0.1754406664008804, 0.1639210191597137, 0.14375966394864925, 0.12326606134311968, 0.11019022517793908, 0.0906742494252063, 0.08249637207327554, 0.08164130232404265, 0.08145866298738202, 0.08143665368699704, 0.08141248475322482, 0.08140868917169575, 0.08140820896060486, 0.0814081989997586, 0.08140819898375662]}, "6": {"maxiter": 100, "gtol": 1e-10, "xrtol": 1e-10, "eps": 1e-05, "duration": 0.10274887084960938, "fun": "0.08140819899944607", "jac": "[ 1.77091675e-07  1.99074091e-07 -6.41264819e-08  2.59792188e-09\n -6.91224855e-08 -6.01074746e-08]", "hess_inv": "[[ 3.80176616 -0.62660167 -1.53849478  0.74364879  0.15331388 -2.54654481]\n [-0.62660167  6.0168945   5.53950609  2.30001547 -0.86348041  3.91249123]\n [-1.53849478  5.53950609 11.00164472  2.05320506 -4.29804482  6.22455836]\n [ 0.74364879  2.30001547  2.05320506  3.52285174 -0.3193929   1.29925303]\n [ 0.15331388 -0.86348041 -4.29804482 -0.3193929   4.85255987 -1.42514502]\n [-2.54654481  3.91249123  6.22455836  1.29925303 -1.42514502  7.21634226]]", "nfev": "446", "njev": "62", "status": "2", "success": "False", "message": "Desired error not necessarily achieved due to precision loss.", "x": "[2.0416172  1.28786085 6.75668235 1.76810156 3.25075046 4.68234581]", "nit": "21", "callback": [0.42919309651555737, 0.33560168894667397, 0.2952491916744707, 0.26810167946701224, 0.22088033260919182, 0.1940859597872947, 0.17544530068564468, 0.1639278953937744, 0.14376841844785282, 0.12326254116673496, 0.11018804964660711, 0.0906716718890922, 0.08249425000021826, 0.08164183181144813, 0.08145866517732359, 0.08143665440394321, 0.08141250781098341, 0.08140869713960297, 0.08140820922061653, 0.08140819905014551, 0.08140819899944607]}, "7": {"maxiter": 100, "gtol": 1e-10, "xrtol": 1e-10, "eps": 1e-10, "duration": 0.05992603302001953, "fun": "0.081408198947727", "jac": "[-1.11022293e-06 -1.11022293e-06  2.22044587e-06 -2.22044587e-06\n -1.11022293e-06 -1.11022293e-06]", "hess_inv": "[[ 2.74856367 -0.13484812 -0.08050431  0.79792238 -0.36938885 -1.41619697]\n [-0.13484812  1.56535414  0.23084343  0.44751129 -0.71298808 -0.49619976]\n [-0.08050431  0.23084343  1.19016625 -0.03098306 -0.8091296  -0.67659275]\n [ 0.79792238  0.44751129 -0.03098306  2.7920897  -0.29849608 -0.42157404]\n [-0.36938885 -0.71298808 -0.8091296  -0.29849608  2.16220833  0.67362427]\n [-1.41619697 -0.49619976 -0.67659275 -0.42157404  0.67362427  2.39280376]]", "nfev": "259", "njev": "37", "status": "0", "success": "True", "message": "Optimization terminated successfully.", "x": "[2.04161083 1.287918   6.75675213 1.76812972 3.25074223 4.68240206]", "nit": "25", "callback": [0.4291903736757601, 0.33560249592226676, 0.2952500973916985, 0.2681028663059858, 0.22088581537517238, 0.1940751443469203, 0.1754406664008804, 0.1639210191597137, 0.14375966394864925, 0.12326606134311968, 0.11019022517793908, 0.0906742494252063, 0.08249637207327554, 0.08164130232404265, 0.08145866298738202, 0.08143665368699704, 0.08141248475322482, 0.08140868917169575, 0.08140820896060486, 0.0814081989997586, 0.08140819898375662, 0.08140819896386586, 0.08140819894968698, 0.081408198947727, 0.081408198947727]}, "8": {"maxiter": 500, "gtol": 1e-05, "xrtol": 1e-05, "eps": 1e-05, "duration": 0.03734397888183594, "fun": "0.08140819905014551", "jac": "[ 5.15595344e-06  4.85556040e-07 -1.99842365e-06  3.06109582e-06\n  8.63042970e-07  1.43351997e-06]", "hess_inv": "[[ 3.50147432 -0.61225027 -1.28069519  0.55801856 -0.01717427 -2.40094237]\n [-0.61225027  6.07884443  5.60817844  2.30370459 -0.91821639  3.90114563]\n [-1.28069519  5.60817844 10.8852164   2.20597416 -4.23311944  6.09380122]\n [ 0.55801856  2.30370459  2.20597416  3.40860164 -0.41966267  1.38956589]\n [-0.01717427 -0.91821639 -4.23311944 -0.41966267  4.81899537 -1.3380105 ]\n [-2.40094237  3.90114563  6.09380122  1.38956589 -1.3380105   7.14609616]]", "nfev": "161", "njev": "23", "status": "0", "success": "True", "message": "Optimization terminated successfully.", "x": "[2.04163753 1.28786081 6.75666657 1.76811437 3.25076071 4.68233564]", "nit": "20", "callback": [0.42919309651555737, 0.33560168894667397, 0.2952491916744707, 0.26810167946701224, 0.22088033260919182, 0.1940859597872947, 0.17544530068564468, 0.1639278953937744, 0.14376841844785282, 0.12326254116673496, 0.11018804964660711, 0.0906716718890922, 0.08249425000021826, 0.08164183181144813, 0.08145866517732359, 0.08143665440394321, 0.08141250781098341, 0.08140869713960297, 0.08140820922061653, 0.08140819905014551]}, "9": {"maxiter": 500, "gtol": 1e-05, "xrtol": 1e-05, "eps": 1e-10, "duration": 0.037333011627197266, "fun": "0.0814081989997586", "jac": "[ 7.77156053e-06  0.00000000e+00 -5.55111466e-06  3.33066880e-06\n -3.33066880e-06  0.00000000e+00]", "hess_inv": "[[ 3.51039151 -0.62180548 -1.29081371  0.55501806 -0.02976311 -2.42072137]\n [-0.62180548  6.01752109  5.54463773  2.28133596 -0.90275714  3.89139352]\n [-1.29081371  5.54463773 10.81296215  2.18239983 -4.21095244  6.08282121]\n [ 0.55501806  2.28133596  2.18239983  3.40167984 -0.4099171   1.38967341]\n [-0.02976311 -0.90275714 -4.21095244 -0.4099171   4.83758071 -1.30749792]\n [-2.42072137  3.89139352  6.08282121  1.38967341 -1.30749792  7.18237019]]", "nfev": "161", "njev": "23", "status": "0", "success": "True", "message": "Optimization terminated successfully.", "x": "[2.04164182 1.28788959 6.75670377 1.7681342  3.25074509 4.68235878]", "nit": "20", "callback": [0.4291903736757601, 0.33560249592226676, 0.2952500973916985, 0.2681028663059858, 0.22088581537517238, 0.1940751443469203, 0.1754406664008804, 0.1639210191597137, 0.14375966394864925, 0.12326606134311968, 0.11019022517793908, 0.0906742494252063, 0.08249637207327554, 0.08164130232404265, 0.08145866298738202, 0.08143665368699704, 0.08141248475322482, 0.08140868917169575, 0.08140820896060486, 0.0814081989997586]}, "10": {"maxiter": 500, "gtol": 1e-05, "xrtol": 1e-10, "eps": 1e-05, "duration": 0.037747859954833984, "fun": "0.08140819905014551", "jac": "[ 5.15595344e-06  4.85556040e-07 -1.99842365e-06  3.06109582e-06\n  8.63042970e-07  1.43351997e-06]", "hess_inv": "[[ 3.50147432 -0.61225027 -1.28069519  0.55801856 -0.01717427 -2.40094237]\n [-0.61225027  6.07884443  5.60817844  2.30370459 -0.91821639  3.90114563]\n [-1.28069519  5.60817844 10.8852164   2.20597416 -4.23311944  6.09380122]\n [ 0.55801856  2.30370459  2.20597416  3.40860164 -0.41966267  1.38956589]\n [-0.01717427 -0.91821639 -4.23311944 -0.41966267  4.81899537 -1.3380105 ]\n [-2.40094237  3.90114563  6.09380122  1.38956589 -1.3380105   7.14609616]]", "nfev": "161", "njev": "23", "status": "0", "success": "True", "message": "Optimization terminated successfully.", "x": "[2.04163753 1.28786081 6.75666657 1.76811437 3.25076071 4.68233564]", "nit": "20", "callback": [0.42919309651555737, 0.33560168894667397, 0.2952491916744707, 0.26810167946701224, 0.22088033260919182, 0.1940859597872947, 0.17544530068564468, 0.1639278953937744, 0.14376841844785282, 0.12326254116673496, 0.11018804964660711, 0.0906716718890922, 0.08249425000021826, 0.08164183181144813, 0.08145866517732359, 0.08143665440394321, 0.08141250781098341, 0.08140869713960297, 0.08140820922061653, 0.08140819905014551]}, "11": {"maxiter": 500, "gtol": 1e-05, "xrtol": 1e-10, "eps": 1e-10, "duration": 0.036930084228515625, "fun": "0.0814081989997586", "jac": "[ 7.77156053e-06  0.00000000e+00 -5.55111466e-06  3.33066880e-06\n -3.33066880e-06  0.00000000e+00]", "hess_inv": "[[ 3.51039151 -0.62180548 -1.29081371  0.55501806 -0.02976311 -2.42072137]\n [-0.62180548  6.01752109  5.54463773  2.28133596 -0.90275714  3.89139352]\n [-1.29081371  5.54463773 10.81296215  2.18239983 -4.21095244  6.08282121]\n [ 0.55501806  2.28133596  2.18239983  3.40167984 -0.4099171   1.38967341]\n [-0.02976311 -0.90275714 -4.21095244 -0.4099171   4.83758071 -1.30749792]\n [-2.42072137  3.89139352  6.08282121  1.38967341 -1.30749792  7.18237019]]", "nfev": "161", "njev": "23", "status": "0", "success": "True", "message": "Optimization terminated successfully.", "x": "[2.04164182 1.28788959 6.75670377 1.7681342  3.25074509 4.68235878]", "nit": "20", "callback": [0.4291903736757601, 0.33560249592226676, 0.2952500973916985, 0.2681028663059858, 0.22088581537517238, 0.