{"date": "2024/09/25/, 03:45:31", "conf_id": 127, "data_type": "orthogonal\n", "num_data_points": 3, "s_rank": 0, "unitary": "[[0.18663085-0.53122324j,-0.11886349-0.70040876j,0.28555095-0.02789305j,-0.12262021-0.2844587j],[-0.16702216+0.27758472j,0.27526351-0.29738586j,-0.01109314+0.22495461j,-0.77239203+0.28900673j],[0.61935415+0.12301792j,-0.31269928-0.03315917j,-0.61902762-0.19039079j,-0.27120731-0.0968989j],[0.42341754+0.0023929j,-0.05847358+0.47832119j,0.64900495-0.16218422j,-0.37182676-0.05229966j]]", "databatch_0": {"databatch": "[[[-0.28711533-0.06621962j,-0.05079572+0.13841501j,-0.24712648-0.01632646j,-0.08991635+0.01632146j],[-0.16444766+0.29798163j,-0.09244043+0.32689853j,-0.31572933+0.05147429j,-0.11151502-0.1590952j],[-0.32447665-0.36341505j,-0.00858597+0.03870679j,-0.2206404-0.0750687j,-0.12433547+0.12534122j],[0.14968216+0.04839813j,-0.0613147+0.18600359j,-0.11656885-0.06790045j,-0.124689-0.17076639j]],[[0.00654736+0.11571067j,0.16093261+0.10468286j,-0.07431906+0.19484297j,-0.10091752+0.07955991j],[0.05728863+0.18704204j,-0.26901603+0.00739834j,0.04571582-0.20206003j,0.14801017-0.25546855j],[0.19792986-0.18281183j,0.0097339+0.10245198j,-0.06248056-0.09170307j,-0.16714925-0.08000032j],[-0.13678034-0.38248005j,0.34315474-0.0884017j,-0.03247115+0.21804391j,-0.16949239+0.38883654j]],[[-0.11161536-0.09733385j,0.03757559+0.09965027j,-0.15287705+0.02367012j,-0.11666671+0.04282642j],[0.09114499+0.19137076j,-0.13450476+0.3024568j,-0.22249065-0.0750782j,-0.13753314-0.26313728j],[-0.18865657-0.34712705j,0.18197961+0.02095956j,-0.1505144+0.0872375j,-0.18371754+0.23589829j],[0.27056745+0.04740758j,-0.09969731+0.2783605j,-0.16278644-0.12686773j,-0.19675959-0.27578051j]]]", "initial param values": "[6.19919792,1.48110267,4.28826049,4.58244807,3.09454459,5.67243782]", "nelder_mead": {"type": "gradient-free", "0": {"maxiter": 100, "fatol": 1e-05, "xatol": 1e-05, "duration": 0.04248189926147461, "fun": "0.2497880733210186", "nit": "100", "nfev": "165", "status": "2", "success": "False", "message": "Maximum number of iterations has been exceeded.", "x": "[7.37736088 1.76854307 2.97376811 3.56636313 3.9944175  5.82172592]", "final_simplex": "(array([[7.37736088, 1.76854307, 2.97376811, 3.56636313, 3.9944175 ,\n        5.82172592],\n       [7.39300858, 1.70726623, 2.99944733, 3.61729688, 3.98233394,\n        5.82131845],\n       [7.42599723, 1.68696541, 3.0055919 , 3.59345127, 3.97970288,\n        5.79470052],\n       [7.40072874, 1.6722649 , 3.04489748, 3.58803063, 3.96389676,\n        5.77504868],\n       [7.40618166, 1.65258299, 3.02283672, 3.61317577, 3.95976849,\n        5.77085353],\n       [7.40047441, 1.64639044, 3.02648252, 3.61420163, 3.97374691,\n        5.75853048],\n       [7.38554936, 1.68076173, 3.00281867, 3.59449585, 3.9855315 ,\n        5.78928635]]), array([0.24978807, 0.25001365, 0.25009393, 0.25015798, 0.25034735,\n       0.25038805, 0.2504984 ]))", "callback": [0.5898828569017056, 0.30465001400423597, 0.2613284721527215, 0.25476427530691215, 0.25162500461738835, 0.25120235707695404, 0.25097572164332294, 0.25097572164332294, 0.25088205324850765, 0.25066015258808816]}, "1": {"maxiter": 100, "fatol": 1e-05, "xatol": 1e-10, "duration": 0.04055500030517578, "fun": "0.2497880733210186", "nit": "100", "nfev": "165", "status": "2", "success": "False", "message": "Maximum number of iterations has been exceeded.", "x": "[7.37736088 1.76854307 2.97376811 3.56636313 3.9944175  5.82172592]", "final_simplex": "(array([[7.37736088, 1.76854307, 2.97376811, 3.56636313, 3.9944175 ,\n        5.82172592],\n       [7.39300858, 1.70726623, 2.99944733, 3.61729688, 3.98233394,\n        5.82131845],\n       [7.42599723, 1.68696541, 3.0055919 , 3.59345127, 3.97970288,\n        5.79470052],\n       [7.40072874, 1.6722649 , 3.04489748, 3.58803063, 3.96389676,\n        5.77504868],\n       [7.40618166, 1.65258299, 3.02283672, 3.61317577, 3.95976849,\n        5.77085353],\n       [7.40047441, 1.64639044, 3.02648252, 3.61420163, 3.97374691,\n        5.75853048],\n       [7.38554936, 1.68076173, 3.00281867, 3.59449585, 3.9855315 ,\n        5.78928635]]), array([0.24978807, 0.25001365, 0.25009393, 0.25015798, 0.25034735,\n       0.25038805, 0.2504984 ]))", "callback": [0.5898828569017056, 0.30465001400423597, 0.2613284721527215, 0.25476427530691215, 0.25162500461738835, 0.25120235707695404, 0.25097572164332294, 0.25097572164332294, 0.25088205324850765, 0.25066015258808816]}, "2": {"maxiter": 100, "fatol": 1e-10, "xatol": 1e-05, "duration": 0.03958773612976074, "fun": "0.2497880733210186", "nit": "100", "nfev": "165", "status": "2", "success": "False", "message": "Maximum number of iterations has been exceeded.", "x": "[7.37736088 1.76854307 2.97376811 3.56636313 3.9944175  5.82172592]", "final_simplex": "(array([[7.37736088, 1.76854307, 2.97376811, 3.56636313, 3.9944175 ,\n        5.82172592],\n       [7.39300858, 1.70726623, 2.99944733, 3.61729688, 3.98233394,\n        5.82131845],\n       [7.42599723, 1.68696541, 3.0055919 , 3.59345127, 3.97970288,\n        5.79470052],\n       [7.40072874, 1.6722649 , 3.04489748, 3.58803063, 3.96389676,\n        5.77504868],\n       [7.40618166, 1.65258299, 3.02283672, 3.61317577, 3.95976849,\n        5.77085353],\n       [7.40047441, 1.64639044, 3.02648252, 3.61420163, 3.97374691,\n        5.75853048],\n       [7.38554936, 1.68076173, 3.00281867, 3.59449585, 3.9855315 ,\n        5.78928635]]), array([0.24978807, 0.25001365, 0.25009393, 0.25015798, 0.25034735,\n       0.25038805, 0.2504984 ]))", "callback": [0.5898828569017056, 0.30465001400423597, 0.2613284721527215, 0.25476427530691215, 0.25162500461738835, 0.25120235707695404, 0.25097572164332294, 0.25097572164332294, 0.25088205324850765, 0.25066015258808816]}, "3": {"maxiter": 100, "fatol": 1e-10, "xatol": 1e-10, "duration": 0.040061235427856445, "fun": "0.2497880733210186", "nit": "100", "nfev": "165", "status": "2", "success": "False", "message": "Maximum number of iterations has been exceeded.", "x": "[7.37736088 1.76854307 2.97376811 3.56636313 3.9944175  5.82172592]", "final_simplex": "(array([[7.37736088, 1.76854307, 2.97376811, 3.56636313, 3.9944175 ,\n        5.82172592],\n       [7.39300858, 1.70726623, 2.99944733, 3.61729688, 3.98233394,\n        5.82131845],\n       [7.42599723, 1.68696541, 3.0055919 , 3.59345127, 3.97970288,\n        5.79470052],\n       [7.40072874, 1.6722649 , 3.04489748, 3.58803063, 3.96389676,\n        5.77504868],\n       [7.40618166, 1.65258299, 3.02283672, 3.61317577, 3.95976849,\n        5.77085353],\n       [7.40047441, 1.64639044, 3.02648252, 3.61420163, 3.97374691,\n        5.75853048],\n       [7.38554936, 1.68076173, 3.00281867, 3.59449585, 3.9855315 ,\n        5.78928635]]), array([0.24978807, 0.25001365, 0.25009393, 0.25015798, 0.25034735,\n       0.25038805, 0.2504984 ]))", "callback": [0.5898828569017056, 0.30465001400423597, 0.2613284721527215, 0.25476427530691215, 0.25162500461738835, 0.25120235707695404, 0.25097572164332294, 0.25097572164332294, 0.25088205324850765, 0.25066015258808816]}, "4": {"maxiter": 500, "fatol": 1e-05, "xatol": 1e-05, "duration": 0.1500699520111084, "fun": "0.21289976543172084", "nit": "390", "nfev": "622", "status": "0", "success": "True", "message": "Optimization terminated successfully.", "x": "[8.10564161 3.72797224 2.80547828 3.49141933 3.72839477 5.7556908 ]", "final_simplex": "(array([[8.10564161, 3.72797224, 2.80547828, 3.49141933, 3.72839477,\n        5.7556908 ],\n       [8.1056418 , 3.72797398, 2.80548035, 3.49141768, 3.72840072,\n        5.75569635],\n       [8.10564245, 3.72797949, 2.80547876, 3.49141862, 3.72839207,\n        5.7556886 ],\n       [8.10563996, 3.72797335, 2.80547892, 3.49142074, 3.72839608,\n        5.75569295],\n       [8.1056421 , 3.7279757 , 2.80548021, 3.49142132, 3.72839442,\n        5.75568874],\n       [8.10564253, 3.72797754, 2.80548096, 3.49141848, 3.72838976,\n        5.75568739],\n       [8.10564393, 3.72797783, 2.80547904, 3.49142123, 3.72839593,\n        5.75569337]]), array([0.21289977, 0.21289977, 0.21289977, 0.21289977, 0.21289977,\n       0.21289977, 0.21289977]))", "callback": [0.5898828569017056, 0.30465001400423597, 0.2613284721527215, 0.25476427530691215, 0.25162500461738835, 0.25120235707695404, 0.25097572164332294, 0.25097572164332294, 0.25088205324850765, 0.25066015258808816, 0.2493952811052892, 0.24676535585160553, 0.24312628786062174, 0.23463151068374088, 0.2243620808330622, 0.22212642992371612, 0.22132608062369308, 0.22089178162546796, 0.22060090093792273, 0.22006552933433998, 0.2191550917276196, 0.21656918767243172, 0.21417519626132098, 0.21369997974284327, 0.21303097238410273, 0.21295697525299317, 0.2129159122019445, 0.21290137940070009, 0.21290008212734224, 0.2128998402042891, 0.21289978152854028, 0.21289977687806216, 0.2128997682372743, 0.21289976697807622, 0.21289976586771664, 0.212899765539578, 0.21289976547645806, 0.21289976544132772, 0.2128997654323389]}, "5": {"maxiter": 500, "fatol": 1e-05, "xatol": 1e-10, "duration": 0.19263982772827148, "fun": "0.21289976543098865", "nit": "477", "nfev": "829", "status": "0", "success": "True", "message": "Optimization terminated successfully.", "x": "[8.10564306 3.72797805 2.80547987 3.49141888 3.72839695 5.75569257]", "final_simplex": "(array([[8.10564306, 3.72797805, 2.80547987, 3.49141888, 3.72839695,\n        5.75569257],\n       [8.10564306, 3.72797805, 2.80547987, 3.49141888, 3.72839695,\n        5.75569257],\n       [8.10564306, 3.72797805, 2.80547987, 3.49141888, 3.72839695,\n        5.75569257],\n       [8.10564306, 3.72797805, 2.80547987, 3.49141888, 3.72839695,\n        5.75569257],\n       [8.10564306, 3.72797805, 2.80547987, 3.49141888, 3.72839695,\n        5.75569257],\n       [8.10564306, 3.72797805, 2.80547987, 3.49141888, 3.72839695,\n        5.75569257],\n       [8.10564306, 3.72797805, 2.80547987, 3.49141888, 3.72839695,\n        5.75569257]]), array([0.21289977, 0.21289977, 0.21289977, 0.21289977, 0.21289977,\n       0.21289977, 0.21289977]))", "callback": [0.5898828569017056, 0.30465001400423597, 0.2613284721527215, 0.25476427530691215, 0.25162500461738835, 0.25120235707695404, 0.25097572164332294, 0.25097572164332294, 0.25088205324850765, 0.25066015258808816, 0.2493952811052892, 0.24676535585160553, 0.24312628786062174, 0.23463151068374088, 0.2243620808330622, 0.22212642992371612, 0.22132608062369308, 0.22089178162546796, 0.22060090093792273, 0.22006552933433998, 0.2191550917276196, 0.21656918767243172, 0.21417519626132098, 0.21369997974284327, 0.21303097238410273, 0.21295697525299317, 0.2129159122019445, 0.21290137940070009, 0.21290008212734224, 0.2128998402042891, 0.21289978152854028, 0.21289977687806216, 0.2128997682372743, 0.21289976697807622, 0.21289976586771664, 0.212899765539578, 0.21289976547645806, 0.21289976544132772, 0.2128997654323389, 0.2128997654316418, 0.21289976543110323, 0.2128997654310073, 0.21289976543099165, 0.21289976543098943, 0.21289976543098899, 0.21289976543098865, 0.21289976543098865, 0.21289976543098865]}, "6": {"maxiter": 500, "fatol": 1e-10, "xatol": 1e-05, "duration": 0.17023015022277832, "fun": "0.21289976543172084", "nit": "390", "nfev": "622", "status": "0", "success": "True", "message": "Optimization terminated successfully.", "x": "[8.10564161 3.72797224 2.80547828 3.49141933 3.72839477 5.7556908 ]", "final_simplex": "(array([[8.10564161, 3.72797224, 2.80547828, 3.49141933, 3.72839477,\n        5.7556908 ],\n       [8.1056418 , 3.72797398, 2.80548035, 3.49141768, 3.72840072,\n        5.75569635],\n       [8.10564245, 3.72797949, 2.80547876, 3.49141862, 3.72839207,\n        5.7556886 ],\n       [8.10563996, 3.72797335, 2.80547892, 3.49142074, 3.72839608,\n        5.75569295],\n       [8.1056421 , 3.7279757 , 2.80548021, 3.49142132, 3.72839442,\n        5.75568874],\n       [8.10564253, 3.72797754, 2.80548096, 3.49141848, 3.72838976,\n        5.75568739],\n       [8.10564393, 3.72797783, 2.80547904, 3.49142123, 3.72839593,\n        5.75569337]]), array([0.21289977, 0.21289977, 0.21289977, 0.21289977, 0.21289977,\n       0.21289977, 0.21289977]))", "callback": [0.5898828569017056, 0.30465001400423597, 0.2613284721527215, 0.25476427530691215, 0.25162500461738835, 0.25120235707695404, 0.25097572164332294, 0.25097572164332294, 0.25088205324850765, 0.25066015258808816, 0.2493952811052892, 0.24676535585160553, 0.24312628786062174, 0.23463151068374088, 0.2243620808330622, 0.22212642992371612, 0.22132608062369308, 0.22089178162546796, 0.22060090093792273, 0.22006552933433998, 0.2191550917276196, 0.21656918767243172, 0.21417519626132098, 0.21369997974284327, 0.21303097238410273, 0.21295697525299317, 0.2129159122019445, 0.21290137940070009, 0.21290008212734224, 0.2128998402042891, 0.21289978152854028, 0.21289977687806216, 0.2128997682372743, 0.21289976697807622, 0.21289976586771664, 0.212899765539578, 0.21289976547645806, 0.21289976544132772, 0.2128997654323389]}, "7": {"maxiter": 500, "fatol": 1e-10, "xatol": 1e-10, "duration": 0.1949329376220703, "fun": "0.21289976543098865", "nit": "477", "nfev": "829", "status": "0", "success": "True", "message": "Optimization terminated successfully.", "x": "[8.10564306 3.72797805 2.80547987 3.49141888 3.72839695 5.75569257]", "final_simplex": "(array([[8.10564306, 3.72797805, 2.80547987, 3.49141888, 3.72839695,\n        5.75569257],\n       [8.10564306, 3.72797805, 2.80547987, 3.49141888, 3.72839695,\n        5.75569257],\n       [8.10564306, 3.72797805, 2.80547987, 3.49141888, 3.72839695,\n        5.75569257],\n       [8.10564306, 3.72797805, 2.80547987, 3.49141888, 3.72839695,\n        5.75569257],\n       [8.10564306, 3.72797805, 2.80547987, 3.49141888, 3.72839695,\n        5.75569257],\n       [8.10564306, 3.72797805, 2.80547987, 3.49141888, 3.72839695,\n        5.75569257],\n       [8.10564306, 3.72797805, 2.80547987, 3.49141888, 3.72839695,\n        5.75569257]]), array([0.21289977, 0.21289977, 0.21289977, 0.21289977, 0.21289977,\n       0.21289977, 0.21289977]))", "callback": [0.5898828569017056, 0.30465001400423597, 0.2613284721527215, 0.25476427530691215, 0.25162500461738835, 0.25120235707695404, 0.25097572164332294, 0.25097572164332294, 0.25088205324850765, 0.25066015258808816, 0.2493952811052892, 0.24676535585160553, 0.24312628786062174, 0.23463151068374088, 0.2243620808330622, 0.22212642992371612, 0.22132608062369308, 0.22089178162546796, 0.22060090093792273, 0.22006552933433998, 0.2191550917276196, 0.21656918767243172, 0.21417519626132098, 0.21369997974284327, 0.21303097238410273, 0.21295697525299317, 0.2129159122019445, 0.21290137940070009, 0.21290008212734224, 0.2128998402042891, 0.21289978152854028, 0.21289977687806216, 0.2128997682372743, 0.21289976697807622, 0.21289976586771664, 0.212899765539578, 0.21289976547645806, 0.21289976544132772, 0.2128997654323389, 0.2128997654316418, 0.21289976543110323, 0.2128997654310073, 0.21289976543099165, 0.21289976543098943, 0.21289976543098899, 0.21289976543098865, 0.21289976543098865, 0.21289976543098865]}, "8": {"maxiter": 1000, "fatol": 1e-05, "xatol": 1e-05, "duration": 0.14970016479492188, "fun": "0.21289976543172084", "nit": "390", "nfev": "622", "status": "0", "success": "True", "message": "Optimization terminated successfully.", "x": "[8.10564161 3.72797224 2.80547828 3.49141933 3.72839477 5.7556908 ]", "final_simplex": "(array([[8.10564161, 3.72797224, 2.80547828, 3.49141933, 3.72839477,\n        5.7556908 ],\n       [8.1056418 , 3.72797398, 2.80548035, 3.49141768, 3.72840072,\n        5.75569635],\n       [8.10564245, 3.72797949, 2.80547876, 3.49141862, 3.72839207,\n        5.7556886 ],\n       [8.10563996, 3.72797335, 2.80547892, 3.49142074, 3.72839608,\n        5.75569295],\n       [8.1056421 , 3.7279757 , 2.80548021, 3.49142132, 3.72839442,\n        5.75568874],\n       [8.10564253, 3.72797754, 2.80548096, 3.49141848, 3.72838976,\n        5.75568739],\n       [8.10564393, 3.72797783, 2.80547904, 3.49142123, 3.72839593,\n        5.75569337]]), array([0.21289977, 0.21289977, 0.21289977, 0.21289977, 0.21289977,\n       0.21289977, 0.21289977]))", "callback": [0.5898828569017056, 0.30465001400423597, 0.2613284721527215, 0.25476427530691215, 0.25162500461738835, 0.25120235707695404, 0.25097572164332294, 0.25097572164332294, 0.25088205324850765, 0.25066015258808816, 0.2493952811052892, 0.24676535585160553, 0.24312628786062174, 0.23463151068374088, 0.2243620808330622, 0.22212642992371612, 0.22132608062369308, 0.22089178162546796, 0.22060090093792273, 0.22006552933433998, 0.2191550917276196, 0.21656918767243172, 0.21417519626132098, 0.21369997974284327, 0.21303097238410273, 0.21295697525299317, 0.2129159122019445, 0.21290137940070009, 0.21290008212734224, 0.2128998402042891, 0.21289978152854028, 0.21289977687806216, 0.2128997682372743, 0.21289976697807622, 0.21289976586771664, 0.212899765539578, 0.21289976547645806, 0.21289976544132772, 0.2128997654323389]}, "9": {"maxiter": 1000, "fatol": 1e-05, "xatol": 1e-10, "duration": 0.19614386558532715, "fun": "0.21289976543098865", "nit": "477", "nfev": "829", "status": "0", "success": "True", "message": "Optimization terminated successfully.", "x": "[8.10564306 3.72797805 2.80547987 3.49141888 3.72839695 5.75569257]", "final_simplex": "(array([[8.10564306, 3.72797805, 2.80547987, 3.49141888, 3.72839695,\n        5.75569257],\n       [8.10564306, 3.72797805, 2.80547987, 3.49141888, 3.72839695,\n        5.75569257],\n       [8.10564306, 3.72797805, 2.80547987, 3.49141888, 3.72839695,\n        5.75569257],\n       [8.10564306, 3.72797805, 2.80547987, 3.49141888, 3.72839695,\n        5.75569257],\n       [8.10564306, 3.72797805, 2.80547987, 3.49141888, 3.72839695,\n        5.75569257],\n       [8.10564306, 3.72797805, 2.80547987, 3.49141888, 3.72839695,\n        5.75569257],\n       [8.10564306, 3.72797805, 2.80547987, 3.49141888, 3.72839695,\n        5.75569257]]), array([0.21289977, 0.21289977, 0.21289977, 0.21289977, 0.21289977,\n       0.21289977, 0.21289977]))", "callback": [0.5898828569017056, 0.30465001400423597, 0.2613284721527215, 0.25476427530691215, 0.25162500461738835, 0.25120235707695404, 0.25097572164332294, 0.25097572164332294, 0.25088205324850765, 0.25066015258808816, 0.2493952811052892, 0.24676535585160553, 0.24312628786062174, 0.23463151068374088, 0.2243620808330622, 0.22212642992371612, 0.22132608062369308, 0.22089178162546796, 0.22060090093792273, 0.22006552933433998, 0.2191550917276196, 0.21656918767243172, 0.21417519626132098, 0.21369997974284327, 0.21303097238410273, 0.21295697525299317, 0.2129159122019445, 0.21290137940070009, 0.21290008212734224, 0.2128998402042891, 0.21289978152854028, 0.21289977687806216, 0.2128997682372743, 0.21289976697807622, 0.21289976586771664, 0.212899765539578, 0.21289976547645806, 0.21289976544132772, 0.2128997654323389, 0.2128997654316418, 0.21289976543110323, 0.2128997654310073, 0.21289976543099165, 0.21289976543098943, 0.21289976543098899, 0.21289976543098865, 0.21289976543098865, 0.21289976543098865]}, "10": {"maxiter": 1000, "fatol": 1e-10, "xatol": 1e-05, "duration": 0.14312410354614258, "fun": "0.21289976543172084", "nit": "390", "nfev": "622", "status": "0", "success": "True", "message": "Optimization terminated successfully.", "x": "[8.10564161 3.72797224 2.80547828 3.49141933 3.72839477 5.7556908 ]", "final_simplex": "(array([[8.10564161, 3.72797224, 2.80547828, 3.49141933, 3.72839477,\n        5.7556908 ],\n       [8.1056418 , 3.72797398, 2.80548035, 3.49141768, 3.72840072,\n        5.75569635],\n       [8.10564245, 3.72797949, 2.80547876, 3.49141862, 3.72839207,\n        5.7556886 ],\n       [8.10563996, 3.72797335, 2.80547892, 3.49142074, 3.72839608,\n        5.75569295],\n       [8.1056421 , 3.7279757 , 2.80548021, 3.49142132, 3.72839442,\n        5.75568874],\n       [8.10564253, 3.72797754, 2.80548096, 3.49141848, 3.72838976,\n        5.75568739],\n       [8.10564393, 3.72797783, 2.80547904, 3.49142123, 3.72839593,\n        5.75569337]]), array([0.21289977, 0.21289977, 0.21289977, 0.21289977, 0.21289977,\n       0.21289977, 0.21289977]))", "callback": [0.5898828569017056, 0.30465001400423597, 0.2613284721527215, 0.25476427530691215, 0.25162500461738835, 0.25120235707695404, 0.25097572164332294, 0.25097572164332294, 0.25088205324850765, 0.25066015258808816, 0.2493952811052892, 0.24676535585160553, 0.24312628786062174, 0.23463151068374088, 0.2243620808330622, 0.22212642992371612, 0.22132608062369308, 0.22089178162546796, 0.22060090093792273, 0.22006552933433998, 0.2191550917276196, 0.21656918767243172, 0.21417519626132098, 0.21369997974284327, 0.21303097238410273, 0.21295697525299317, 0.2129159122019445, 0.21290137940070009, 0.21290008212734224, 0.2128998402042891, 0.21289978152854028, 0.21289977687806216, 0.2128997682372743, 0.21289976697807622, 0.21289976586771664, 0.212899765539578, 0.21289976547645806, 0.21289976544132772, 0.2128997654323389]}, "11": {"maxiter": 1000, "fatol": 1e-10, "xatol": 1e-10, "duration": 0.1909167766571045, "fun": "0.21289976543098865", "nit": "477", "nfev": "829", "status": "0", "success": "True", "message": "Optimization terminated successfully.", "x": "[8.10564306 3.72797805 2.80547987 3.49141888 3.72839695 5.75569257]", "final_simplex": "(array([[8.10564306, 3.72797805, 2.80547987, 3.49141888, 3.72839695,\n        5.75569257],\n       [8.10564306, 3.72797805, 2.80547987, 3.49141888, 3.72839695,\n        5.75569257],\n       [8.10564306, 3.72797805, 2.80547987, 3.49141888, 3.72839695,\n        5.75569257],\n       [8.10564306, 3.72797805, 2.80547987, 3.49141888, 3.72839695,\n        5.75569257],\n       [8.10564306, 3.72797805, 2.80547987, 3.49141888, 3.72839695,\n        5.75569257],\n       [8.10564306, 3.72797805, 2.80547987, 3.49141888, 3.72839695,\n        5.75569257],\n       [8.10564306, 3.72797805, 2.80547987, 3.49141888, 3.72839695,\n        5.75569257]]), array([0.21289977, 0.21289977, 0.21289977, 0.21289977, 0.21289977,\n       0.21289977, 0.21289977]))", "callback": [0.5898828569017056, 0.30465001400423597, 0.2613284721527215, 0.25476427530691215, 0.25162500461738835, 0.25120235707695404, 0.25097572164332294, 0.25097572164332294, 0.25088205324850765, 0.25066015258808816, 0.2493952811052892, 0.24676535585160553, 0.24312628786062174, 0.23463151068374088, 0.2243620808330622, 0.22212642992371612, 0.22132608062369308, 0.22089178162546796, 0.22060090093792273, 0.22006552933433998, 0.2191550917276196, 0.21656918767243172, 0.21417519626132098, 0.21369997974284327, 0.21303097238410273, 0.21295697525299317, 0.2129159122019445, 0.21290137940070009, 0.21290008212734224, 0.2128998402042891, 0.21289978152854028, 0.21289977687806216, 0.2128997682372743, 0.21289976697807622, 0.21289976586771664, 0.212899765539578, 0.21289976547645806, 0.21289976544132772, 0.2128997654323389, 0.2128997654316418, 0.21289976543110323, 0.2128997654310073, 0.21289976543099165, 0.21289976543098943, 0.21289976543098899, 0.21289976543098865, 0.21289976543098865, 0.21289976543098865]}}, "bfgs": {"type": "gradient", "0": {"maxiter": 100, "gtol": 1e-05, "xrtol": 1e-05, "eps": 1e-05, "duration": 0.05695605278015137, "fun": "0.21289976556893808", "jac": "[ 2.15660823e-07  7.89146526e-08 -4.71822581e-07  4.07596179e-07\n -1.49092960e-06  1.60281788e-06]", "hess_inv": "[[ 6.00863394e+00  9.74711397e+00  2.66098465e+00 -4.68080295e-01\n  -9.00278260e-01 -5.20311126e-01]\n [ 9.74711397e+00  3.17199835e+01  8.63820656e+00 -2.14361626e-01\n  -6.19227079e-01  7.51963605e-01]\n [ 2.66098465e+00  8.63820656e+00  4.84493687e+00  1.07437929e-02\n  -5.71618987e-01  1.63814598e-01]\n [-4.68080295e-01 -2.14361626e-01  1.07437929e-02  3.55977068e+00\n   6.99114232e-01  4.01304539e-01]\n [-9.00278260e-01 -6.19227079e-01 -5.71618987e-01  6.99114232e-01\n   2.26411216e+01  2.11888625e+01]\n [-5.20311126e-01  7.51963605e-01  1.63814598e-01  4.01304539e-01\n   2.11888625e+01  2.27500434e+01]]", "nfev": "238", "njev": "34", "status": "0", "success": "True", "message": "Optimization terminated successfully.", "x": "[8.105627   3.7279316  2.80546249 3.49141382 3.7283328  5.75562983]", "nit": "31", "callback": [0.40999782410880115, 0.2928997746876473, 0.2807708269204411, 0.27069414060847896, 0.2687238781471435, 0.2655485918582121, 0.26288867482766787, 0.26180224600682367, 0.25999022761274304, 0.25820331440727395, 0.257985764039837, 0.2577107369164634, 0.25724834677919306, 0.25645902539507526, 0.2552827423057459, 0.25358395701219205, 0.2505528715119706, 0.24517248753696563, 0.23683464274679844, 0.22899241261215586, 0.22645745750859625, 0.22218871292312203, 0.2164832568821845, 0.21395465880061293, 0.21306716408023962, 0.2129307856915731, 0.2129056642413527, 0.2129020075146938, 0.21289979216668542, 0.2128997667128748, 0.21289976556893808]}, "1": {"maxiter": 100, "gtol": 1e-05, "xrtol": 1e-05, "eps": 1e-10, "duration": 0.05682992935180664, "fun": "0.2128997656780277", "jac": "[ 1.11022293e-06  0.00000000e+00 -2.22044587e-06 -2.22044587e-06\n -2.22044587e-06  0.00000000e+00]", "hess_inv": "[[ 6.00774574e+00  9.80422051e+00  2.39645242e+00 -1.98585895e-01\n  -7.15262640e-01 -2.86044395e-01]\n [ 9.80422051e+00  3.16741601e+01  8.21746344e+00  2.64759893e-01\n  -5.38455160e-01  9.08386636e-01]\n [ 2.39645242e+00  8.21746344e+00  4.64379293e+00  3.25087500e-01\n  -1.68980231e-01  6.54323290e-01]\n [-1.98585895e-01  2.64759893e-01  3.25087500e-01  3.46245784e+00\n   3.42354161e-01  2.77311096e-03]\n [-7.15262640e-01 -5.38455160e-01 -1.68980231e-01  3.42354161e-01\n   2.08955489e+01  1.93927353e+01]\n [-2.86044395e-01  9.08386636e-01  6.54323290e-01  2.77311096e-03\n   1.93927353e+01  2.09360265e+01]]", "nfev": "238", "njev": "34", "status": "0", "success": "True", "message": "Optimization terminated successfully.", "x": "[8.10561581 3.7278971  2.80544904 3.49141093 3.72832613 5.75562273]", "nit": "31", "callback": [0.40999726879218046, 0.29289882689676927, 0.28077014261371547, 0.27069431991756376, 0.26872443480809416, 0.2655496300164918, 0.2628888337002384, 0.26180261976691355, 0.2599903458098082, 0.2582033188637062, 0.2579863186615876, 0.25771006083398784, 0.2572457056738636, 0.2564538332841977, 0.2552761053800898, 0.2535644623492811, 0.2505160771764704, 0.24511617510366335, 0.23677817574457138, 0.2289938482838979, 0.22583342791645145, 0.22092521441419322, 0.2159431361326235, 0.21374229634047526, 0.2130322783754145, 0.21292307665855326, 0.2129068491777012, 0.21290176998591226, 0.21289981274936753, 0.21289976677873135, 0.2128997656780277]}, "2": {"maxiter": 100, "gtol": 1e-05, "xrtol": 1e-10, "eps": 1e-05, "duration": 0.05755496025085449, "fun": "0.21289976556893808", "jac": "[ 2.15660823e-07  7.89146526e-08 -4.71822581e-07  4.07596179e-07\n -1.49092960e-06  1.60281788e-06]", "hess_inv": "[[ 6.00863394e+00  9.74711397e+00  2.66098465e+00 -4.68080295e-01\n  -9.00278260e-01 -5.20311126e-01]\n [ 9.74711397e+00  3.17199835e+01  8.63820656e+00 -2.14361626e-01\n  -6.19227079e-01  7.51963605e-01]\n [ 2.66098465e+00  8.63820656e+00  4.84493687e+00  1.07437929e-02\n  -5.71618987e-01  1.63814598e-01]\n [-4.68080295e-01 -2.14361626e-01  1.07437929e-02  3.55977068e+00\n   6.99114232e-01  4.01304539e-01]\n [-9.00278260e-01 -6.19227079e-01 -5.71618987e-01  6.99114232e-01\n   2.26411216e+01  2.11888625e+01]\n [-5.20311126e-01  7.51963605e-01  1.63814598e-01  4.01304539e-01\n   2.11888625e+01  2.27500434e+01]]", "nfev": "238", "njev": "34", "status": "0", "success": "True", "message": "Optimization terminated successfully.", "x": "[8.105627   3.7279316  2.80546249 3.49141382 3.7283328  5.75562983]", "nit": "31", "callback": [0.40999782410880115, 0.2928997746876473, 0.2807708269204411, 0.27069414060847896, 0.2687238781471435, 0.2655485918582121, 0.26288867482766787, 0.26180224600682367, 0.25999022761274304, 0.25820331440727395, 0.257985764039837, 0.2577107369164634, 0.25724834677919306, 0.25645902539507526, 0.2552827423057459, 0.25358395701219205, 0.2505528715119706, 0.24517248753696563, 0.23683464274679844, 0.22899241261215586, 0.22645745750859625, 0.22218871292312203, 0.2164832568821845, 0.21395465880061293, 0.21306716408023962, 0.2129307856915731, 0.2129056642413527, 0.2129020075146938, 0.21289979216668542, 0.2128997667128748, 0.21289976556893808]}, "3": {"maxiter": 100, "gtol": 1e-05, "xrtol": 1e-10, "eps": 1e-10, "duration": 0.056596994400024414, "fun": "0.2128997656780277", "jac": "[ 1.11022293e-06  0.00000000e+00 -2.22044587e-06 -2.22044587e-06\n -2.22044587e-06  0.00000000e+00]", "hess_inv": "[[ 6.00774574e+00  9.80422051e+00  2.39645242e+00 -1.98585895e-01\n  -7.15262640e-01 -2.86044395e-01]\n [ 9.80422051e+00  3.16741601e+01  8.21746344e+00  2.64759893e-01\n  -5.38455160e-01  9.08386636e-01]\n [ 2.39645242e+00  8.21746344e+00  4.64379293e+00  3.25087500e-01\n  -1.68980231e-01  6.54323290e-01]\n [-1.98585895e-01  2.64759893e-01  3.25087500e-01  3.46245784e+00\n   3.42354161e-01  2.77311096e-03]\n [-7.15262640e-01 -5.38455160e-01 -1.68980231e-01  3.42354161e-01\n   2.08955489e+01  1.93927353e+01]\n [-2.86044395e-01  9.08386636e-01  6.54323290e-01  2.77311096e-03\n   1.93927353e+01  2.09360265e+01]]", "nfev": "238", "njev": "34", "status": "0", "success": "True", "message": "Optimization terminated successfully.", "x": "[8.10561581 3.7278971  2.80544904 3.49141093 3.72832613 5.75562273]", "nit": "31", "callback": [0.40999726879218046, 0.29289882689676927, 0.28077014261371547, 0.27069431991756376, 0.26872443480809416, 0.2655496300164918, 0.2628888337002384, 0.26180261976691355, 0.2599903458098082, 0.2582033188637062, 0.2579863186615876, 0.25771006083398784, 0.2572457056738636, 0.2564538332841977, 0.2552761053800898, 0.2535644623492811, 0.2505160771764704, 0.24511617510366335, 0.23677817574457138, 0.2289938482838979, 0.22583342791645145, 0.22092521441419322, 0.2159431361326235, 0.21374229634047526, 0.2130322783754145, 0.21292307665855326, 0.2129068491777012, 0.21290176998591226, 0.21289981274936753, 0.21289976677873135, 0.2128997656780277]}, "4": {"maxiter": 100, "gtol": 1e-10, "xrtol": 1e-05, "eps": 1e-05, "duration": 0.10203886032104492, "fun": "0.21289976556893808", "jac": "[ 2.15660823e-07  7.89146526e-08 -4.71822581e-07  4.07596179e-07\n -1.49092960e-06  1.60281788e-06]", "hess_inv": "[[ 5.94784369e+00  9.65060585e+00  2.62802811e+00 -4.24747514e-01\n  -8.41472540e-01 -5.43799081e-01]\n [ 9.65060585e+00  3.15760970e+01  8.57965426e+00 -1.24895776e-01\n  -5.06686860e-01  7.68031655e-01]\n [ 2.62802811e+00  8.57965426e+00  4.83123428e+00  2.04220193e-02\n  -5.52556782e-01  1.15426465e-01]\n [-4.24747514e-01 -1.24895776e-01  2.04220193e-02  3.57470630e+00\n   6.99717878e-01  5.36321620e-01]\n [-8.41472540e-01 -5.06686860e-01 -5.52556782e-01  6.99717878e-01\n   2.26236930e+01  2.13213341e+01]\n [-5.43799081e-01  7.68031655e-01  1.15426465e-01  5.36321620e-01\n   2.13213341e+01  2.30462389e+01]]", "nfev": "438", "njev": "61", "status": "2", "success": "False", "message": "Desired error not necessarily achieved due to precision loss.", "x": "[8.105627   3.7279316  2.80546249 3.49141382 3.7283328  5.75562983]", "nit": "31", "callback": [0.40999782410880115, 0.2928997746876473, 0.2807708269204411, 0.27069414060847896, 0.2687238781471435, 0.2655485918582121, 0.26288867482766787, 0.26180224600682367, 0.25999022761274304, 0.25820331440727395, 0.257985764039837, 0.2577107369164634, 0.25724834677919306, 0.25645902539507526, 0.2552827423057459, 0.25358395701219205, 0.2505528715119706, 0.24517248753696563, 0.23683464274679844, 0.22899241261215586, 0.22645745750859625, 0.22218871292312203, 0.2164832568821845, 0.21395465880061293, 0.21306716408023962, 0.2129307856915731, 0.2129056642413527, 0.2129020075146938, 0.21289979216668542, 0.2128997667128748, 0.21289976556893808]}, "5": {"maxiter": 100, "gtol": 1e-10, "xrtol": 1e-05, "eps": 1e-10, "duration": 0.05832099914550781, "fun": "0.2128997655342859", "jac": "[ 0.00000000e+00  0.00000000e+00 -3.33066880e-06 -1.11022293e-06\n -1.11022293e-06  1.11022293e-06]", "hess_inv": "[[ 5.99611293 10.07971823  2.57601899 -0.07224293  0.44800583  0.80476363]\n [10.07971823 32.68452456  8.50615187  0.08068591  1.76706468  3.04723103]\n [ 2.57601899  8.50615187  4.60904293  0.06727339 -0.13171775  0.67536407]\n [-0.07224293  0.08068591  0.06727339  3.13676178 -1.16557773 -1.41982441]\n [ 0.44800583  1.76706468 -0.13171775 -1.16557773 22.8618453  21.1451669 ]\n [ 0.80476363  3.04723103  0.67536407 -1.41982441 21.1451669  22.49367792]]", "nfev": "245", "njev": "35", "status": "0", "success": "True", "message": "Optimization terminated successfully.", "x": "[8.10561571 3.7279089  2.80545627 3.49141553 3.72837351 5.75566713]", "nit": "32", "callback": [0.40999726879218046, 0.29289882689676927, 0.28077014261371547, 0.27069431991756376, 0.26872443480809416, 0.2655496300164918, 0.2628888337002384, 0.26180261976691355, 0.2599903458098082, 0.2582033188637062, 0.2579863186615876, 0.25771006083398784, 0.2572457056738636, 0.2564538332841977, 0.2552761053800898, 0.2535644623492811, 0.2505160771764704, 0.24511617510366335, 0.23677817574457138, 0.2289938482838979, 0.22583342791645145, 0.22092521441419322, 0.2159431361326235, 0.21374229634047526, 0.2130322783754145, 0.21292307665855326, 0.2129068491777012, 0.21290176998591226, 0.21289981274936753, 0.21289976677873135, 0.2128997656780277, 0.2128997655342859]}, "6": {"maxiter": 100, "gtol": 1e-10, "xrtol": 1e-10, "eps": 1e-05, "duration": 0.09959983825683594, "fun": "0.21289976556893808", "jac": "[ 2.15660823e-07  7.89146526e-08 -4.71822581e-07  4.07596179e-07\n -1.49092960e-06  1.60281788e-06]", "hess_inv": "[[ 5.94784369e+00  9.65060585e+00  2.62802811e+00 -4.24747514e-01\n  -8.41472540e-01 -5.43799081e-01]\n [ 9.65060585e+00  3.15760970e+01  8.57965426e+00 -1.24895776e-01\n  -5.06686860e-01  7.68031655e-01]\n [ 2.62802811e+00  8.57965426e+00  4.83123428e+00  2.04220193e-02\n  -5.52556782e-01  1.15426465e-01]\n [-4.24747514e-01 -1.24895776e-01  2.04220193e-02  3.57470630e+00\n   6.99717878e-01  5.36321620e-01]\n [-8.41472540e-01 -5.06686860e-01 -5.52556782e-01  6.99717878e-01\n   2.26236930e+01  2.13213341e+01]\n [-5.43799081e-01  7.68031655e-01  1.15426465e-01  5.36321620e-01\n   2.13213341e+01  2.30462389e+01]]", "nfev": "438", "njev": "61", "status": "2", "success": "False", "message": "Desired error not necessarily achieved due to precision loss.", "x": "[8.105627   3.7279316  2.80546249 3.49141382 3.7283328  5.75562983]", "nit": "31", "callback": [0.40999782410880115, 0.2928997746876473, 0.2807708269204411, 0.27069414060847896, 0.2687238781471435, 0.2655485918582121, 0.26288867482766787, 0.26180224600682367, 0.25999022761274304, 0.25820331440727395, 0.257985764039837, 0.2577107369164634, 0.25724834677919306, 0.25645902539507526, 0.2552827423057459, 0.25358395701219205, 0.2505528715119706, 0.24517248753696563, 0.23683464274679844, 0.22899241261215586, 0.22645745750859625, 0.22218871292312203, 0.2164832568821845, 0.21395465880061293, 0.21306716408023962, 0.2129307856915731, 0.2129056642413527, 0.2129020075146938, 0.21289979216668542, 0.2128997667128748, 0.21289976556893808]}, "7": {"maxiter": 100, "gtol": 1e-10, "xrtol": 1e-10, "eps": 1e-10, "duration": 0.1182560920715332, "fun": "0.21289976547770273", "jac": "[0.00000000e+00 0.00000000e+00 1.11022293e-06 0.00000000e+00\n 0.00000000e+00 0.00000000e+00]", "hess_inv": "[[ 1.00160619e-01 -1.61432548e-01 -2.22972738e-01  4.84970747e-03\n  -1.73086043e-01 -2.28571904e-01]\n [-1.61432548e-01  1.12160173e+01  5.20516053e-01  1.55888253e-01\n   1.64881592e+00  1.59970856e+00]\n [-2.22972738e-01  5.20516053e-01  6.24935584e-01 -1.22730610e-02\n   4.98552562e-01  6.50298746e-01]\n [ 4.84970747e-03  1.55888253e-01 -1.22730610e-02  3.29474402e+00\n  -2.21887446e-02 -4.49648547e-01]\n [-1.73086043e-01  1.64881592e+00  4.98552562e-01 -2.21887446e-02\n   1.97500756e+01  1.71357910e+01]\n [-2.28571904e-01  1.59970856e+00  6.50298746e-01 -4.49648547e-01\n   1.71357910e+01  1.76312412e+01]]", "nfev": "523", "njev": "73", "status": "2", "success": "False", "message": "Desired error not necessarily achieved due to precision loss.", "x": "[8.10562216 3.72792948 2.80546634 3.49141969 3.7283869  5.75567842]", "nit": "35", "callback": [0.40999726879218046, 0.29289882689676927, 0.28077014261371547, 0.27069431991756376, 0.26872443480809416, 0.2655496300164918, 0.2628888337002384, 0.26180261976691355, 0.2599903458098082, 0.2582033188637062, 0.2579863186615876, 0.25771006083398784, 0.2572457056738636, 0.2564538332841977, 0.2552761053800898, 0.2535644623492811, 0.2505160771764704, 0.24511617510366335, 0.23677817574457138, 0.2289938482838979, 0.22583342791645145, 0.22092521441419322, 0.2159431361326235, 0.21374229634047526, 0.2130322783754145, 0.21292307665855326, 0.2129068491777012, 0.21290176998591226, 0.21289981274936753, 0.21289976677873135, 0.2128997656780277, 0.2128997655342859, 0.21289976547823175, 0.2128997654777981, 0.21289976547770273]}, "8": {"maxiter": 500, "gtol": 1e-05, "xrtol": 1e-05, "eps": 1e-05, "duration": 0.0550992488861084, "fun": "0.21289976556893808", "jac": "[ 2.15660823e-07  7.89146526e-08 -4.71822581e-07  4.07596179e-07\n -1.49092960e-06  1.60281788e-06]", "hess_inv": "[[ 6.00863394e+00  9.74711397e+00  2.66098465e+00 -4.68080295e-01\n  -9.00278260e-01 -5.20311126e-01]\n [ 9.74711397e+00  3.17199835e+01  8.63820656e+00 -2.14361626e-01\n  -6.19227079e-01  7.51963605e-01]\n [ 2.66098465e+00  8.63820656e+00  4.84493687e+00  1.07437929e-02\n  -5.71618987e-01  1.63814598e-01]\n [-4.68080295e-01 -2.14361626e-01  1.07437929e-02  3.55977068e+00\n   6.99114232e-01  4.01304539e-01]\n [-9.00278260e-01 -6.19227079e-01 -5.71618987e-01  6.99114232e-01\n   2.26411216e+01  2.11888625e+01]\n [-5.20311126e-01  7.51963605e-01  1.63814598e-01  4.01304539e-01\n   2.11888625e+01  2.27500434e+01]]", "nfev": "238", "njev": "34", "status": "0", "success": "True", "message": "Optimization terminated successfully.", "x": "[8.105627   3.7279316  2.80546249 3.49141382 3.7283328  5.75562983]", "nit": "31", "callback": [0.40999782410880115, 0.2928997746876473, 0.2807708269204411, 0.27069414060847896, 0.2687238781471435, 0.2655485918582121, 0.26288867482766787, 0.26180224600682367, 0.25999022761274304, 0.25820331440727395, 0.257985764039837, 0.2577107369164634, 0.25724834677919306, 0.25645902539507526, 0.2552827423057459, 0.25358395701219205, 0.2505528715119706, 0.24517248753696563, 0.23683464274679844, 0.22899241261215586, 0.22645745750859625, 0.22218871292312203, 0.2164832568821845, 0.21395465880061293, 0.21306716408023962, 0.2129307856915731, 0.2129056642413527, 0.2129020075146938, 0.21289979216668542, 0.2128997667128748, 0.21289976556893808]}, "9": {"maxiter": 500, "gtol": 1e-05, "xrtol": 1e-05, "eps": 1e-10, "duration": 0.05353808403015137, "fun": "0.2128997656780277", "jac": "[ 1.11022293e-06  0.00000000e+00 -2.22044587e-06 -2.22044587e-06\n -2.22044587e-06  0.00000000e+00]", "hess_inv": "[[ 6.00774574e+00  9.80422051e+00  2.39645242e+00 -1.98585895e-01\n  -7.15262640e-01 -2.86044395e-01]\n [ 9.80422051e+00  3.16741601e+01  8.21746344e+00  2.64759893e-01\n  -5.38455160e-01  9.08386636e-01]\n [ 2.39645242e+00  8.21746344e+00  4.64379293e+00  3.25087500e-01\n  -1.68980231e-01  6.54323290e-01]\n [-1.98585895e-01  2.64759893e-01  3.25087500e-01  3.46245784e+00\n   3.42354161e-01  2.77311096e-03]\n [-7.15262640e-01 -5.38455160e-01 -1.68980231e-01  3.42354161e-01\n   2.08955489e+01  1.93927353e+01]\n [-2.86044395e-01  9.08386636e-01  6.54323290e-01  2.77311096e-03\n   1.93927353e+01  2.09360265e+01]]", "nfev": "238", "njev": "34", "status": "0", "success": "True", "message": "Optimization terminated successfully.", "x": "[8.10561581 3.7278971  2.80544904 3.49141093 3.72832613 5.75562273]", "nit": "31", "callback": [0.40999726879218046, 0.29289882689676927, 0.28077014261371547, 0.27069431991756376, 0.26872443480809416, 0.2655496300164918, 0.2628888337002384, 0.26180261976691355, 0.2599903458098082, 0.2582033188637062, 0.2579863186615876, 0.25771006083398784, 0.2572457056738636, 0.2564538332841977, 0.2552761053800898, 0.2535644623492811, 0.2505160771764704, 0.24511617510366335, 0.23677817574457138, 0.22899