{"date": "2024/09/25/, 11:26:46", "conf_id": 216, "data_type": "non_lin_ind\n", "num_data_points": 3, "s_rank": 0, "unitary": "[[-0.56303964-0.00798273j,-0.21670212-0.15784972j,-0.06047197-0.73952673j,-0.01438004+0.24552571j],[-0.06976756+0.23474685j,-0.01275565-0.5435098j,-0.02703657-0.08917885j,-0.08210486-0.79311774j],[-0.38559961+0.10714929j,0.5933431-0.2687392j,-0.24060861+0.29149289j,-0.45147719+0.26241743j],[-0.50180421+0.45931857j,-0.11617175+0.44134496j,0.49642745+0.22684508j,-0.08544628-0.15407063j]]", "databatch_0": {"databatch": "[[[-0.04159698-0.07458455j,0.1235783+0.01766214j,-0.09228836+0.24681496j,0.09225686-0.17222615j],[-0.0622546+0.24083084j,-0.16563031-0.11121594j,-0.26589481+0.17509838j,0.37662697+0.09316254j],[-0.13400637-0.1220107j,0.35969927-0.06477692j,-0.05830699+0.00397844j,0.38061303+0.10299416j],[-0.11775461+0.00750241j,0.1868824+0.17756385j,0.15686517-0.1601583j,-0.23967595-0.05059013j]],[[-0.16598469+0.36691943j,-0.07183067+0.18687206j,-0.00356062-0.02227871j,-0.17221587+0.00270909j],[-0.36721981+0.0392007j,0.02186143+0.07377849j,-0.07840471-0.07014372j,-0.05532551+0.31507949j],[0.39175621+0.0272779j,0.25951356-0.05119546j,0.20494841-0.0646675j,0.11360627+0.40911511j],[-0.03584531-0.06557476j,0.03531805-0.0242476j,0.04397227-0.11574506j,0.08415457+0.17710663j]],[[-0.00422648-0.36923335j,0.05111043+0.09373915j,0.20267083+0.01913837j,0.08759436-0.21613803j],[-0.10502955+0.30648574j,-0.05333944+0.11448j,-0.06396653-0.23778733j,0.20981311+0.11927665j],[-0.15384906+0.03069452j,-0.235957-0.09568945j,0.1111717+0.08923436j,-0.19315349+0.27511816j],[0.26830055+0.17986782j,-0.18524548-0.21614185j,-0.04192588+0.27129904j,-0.09228031+0.15687405j]]]", "initial param values": "[2.08946639,4.3753886,5.56069176,3.21295203,6.07338289,3.6896733]", "nelder_mead": {"type": "gradient-free", "0": {"maxiter": 100, "fatol": 1e-05, "xatol": 1e-05, "duration": 0.03791308403015137, "fun": "0.4776544631832812", "nit": "100", "nfev": "149", "status": "2", "success": "False", "message": "Maximum number of iterations has been exceeded.", "x": "[0.81266958 6.34977547 6.44179073 1.75035468 6.37092406 4.98866228]", "final_simplex": "(array([[0.81266958, 6.34977547, 6.44179073, 1.75035468, 6.37092406,\n        4.98866228],\n       [0.94109314, 6.3790155 , 6.48218696, 1.79561872, 6.46153837,\n        4.94285107],\n       [0.89094039, 6.32216498, 6.56633358, 1.77584215, 6.24286601,\n        4.90127055],\n       [0.83909252, 6.38215193, 6.53900377, 1.76090495, 6.34521177,\n        5.06618291],\n       [0.76123866, 6.42660779, 6.40557354, 1.88334559, 6.39782888,\n        4.93698269],\n       [0.824822  , 6.4948367 , 6.39902453, 1.81918122, 6.4170062 ,\n        4.89384619],\n       [0.85969632, 6.35067904, 6.38841201, 1.78179069, 6.28280339,\n        4.95800267]]), array([0.47765446, 0.4777995 , 0.47910091, 0.47950025, 0.48134703,\n       0.48135714, 0.48137969]))", "callback": [0.8913751417227525, 0.7318843148383558, 0.6783925751312607, 0.6492442696947722, 0.6412897114926226, 0.6016506360079172, 0.5192646702658625, 0.502485897481177, 0.4902618722773656, 0.4795002533854654]}, "1": {"maxiter": 100, "fatol": 1e-05, "xatol": 1e-10, "duration": 0.03647589683532715, "fun": "0.4776544631832812", "nit": "100", "nfev": "149", "status": "2", "success": "False", "message": "Maximum number of iterations has been exceeded.", "x": "[0.81266958 6.34977547 6.44179073 1.75035468 6.37092406 4.98866228]", "final_simplex": "(array([[0.81266958, 6.34977547, 6.44179073, 1.75035468, 6.37092406,\n        4.98866228],\n       [0.94109314, 6.3790155 , 6.48218696, 1.79561872, 6.46153837,\n        4.94285107],\n       [0.89094039, 6.32216498, 6.56633358, 1.77584215, 6.24286601,\n        4.90127055],\n       [0.83909252, 6.38215193, 6.53900377, 1.76090495, 6.34521177,\n        5.06618291],\n       [0.76123866, 6.42660779, 6.40557354, 1.88334559, 6.39782888,\n        4.93698269],\n       [0.824822  , 6.4948367 , 6.39902453, 1.81918122, 6.4170062 ,\n        4.89384619],\n       [0.85969632, 6.35067904, 6.38841201, 1.78179069, 6.28280339,\n        4.95800267]]), array([0.47765446, 0.4777995 , 0.47910091, 0.47950025, 0.48134703,\n       0.48135714, 0.48137969]))", "callback": [0.8913751417227525, 0.7318843148383558, 0.6783925751312607, 0.6492442696947722, 0.6412897114926226, 0.6016506360079172, 0.5192646702658625, 0.502485897481177, 0.4902618722773656, 0.4795002533854654]}, "2": {"maxiter": 100, "fatol": 1e-10, "xatol": 1e-05, "duration": 0.03657793998718262, "fun": "0.4776544631832812", "nit": "100", "nfev": "149", "status": "2", "success": "False", "message": "Maximum number of iterations has been exceeded.", "x": "[0.81266958 6.34977547 6.44179073 1.75035468 6.37092406 4.98866228]", "final_simplex": "(array([[0.81266958, 6.34977547, 6.44179073, 1.75035468, 6.37092406,\n        4.98866228],\n       [0.94109314, 6.3790155 , 6.48218696, 1.79561872, 6.46153837,\n        4.94285107],\n       [0.89094039, 6.32216498, 6.56633358, 1.77584215, 6.24286601,\n        4.90127055],\n       [0.83909252, 6.38215193, 6.53900377, 1.76090495, 6.34521177,\n        5.06618291],\n       [0.76123866, 6.42660779, 6.40557354, 1.88334559, 6.39782888,\n        4.93698269],\n       [0.824822  , 6.4948367 , 6.39902453, 1.81918122, 6.4170062 ,\n        4.89384619],\n       [0.85969632, 6.35067904, 6.38841201, 1.78179069, 6.28280339,\n        4.95800267]]), array([0.47765446, 0.4777995 , 0.47910091, 0.47950025, 0.48134703,\n       0.48135714, 0.48137969]))", "callback": [0.8913751417227525, 0.7318843148383558, 0.6783925751312607, 0.6492442696947722, 0.6412897114926226, 0.6016506360079172, 0.5192646702658625, 0.502485897481177, 0.4902618722773656, 0.4795002533854654]}, "3": {"maxiter": 100, "fatol": 1e-10, "xatol": 1e-10, "duration": 0.03473210334777832, "fun": "0.4776544631832812", "nit": "100", "nfev": "149", "status": "2", "success": "False", "message": "Maximum number of iterations has been exceeded.", "x": "[0.81266958 6.34977547 6.44179073 1.75035468 6.37092406 4.98866228]", "final_simplex": "(array([[0.81266958, 6.34977547, 6.44179073, 1.75035468, 6.37092406,\n        4.98866228],\n       [0.94109314, 6.3790155 , 6.48218696, 1.79561872, 6.46153837,\n        4.94285107],\n       [0.89094039, 6.32216498, 6.56633358, 1.77584215, 6.24286601,\n        4.90127055],\n       [0.83909252, 6.38215193, 6.53900377, 1.76090495, 6.34521177,\n        5.06618291],\n       [0.76123866, 6.42660779, 6.40557354, 1.88334559, 6.39782888,\n        4.93698269],\n       [0.824822  , 6.4948367 , 6.39902453, 1.81918122, 6.4170062 ,\n        4.89384619],\n       [0.85969632, 6.35067904, 6.38841201, 1.78179069, 6.28280339,\n        4.95800267]]), array([0.47765446, 0.4777995 , 0.47910091, 0.47950025, 0.48134703,\n       0.48135714, 0.48137969]))", "callback": [0.8913751417227525, 0.7318843148383558, 0.6783925751312607, 0.6492442696947722, 0.6412897114926226, 0.6016506360079172, 0.5192646702658625, 0.502485897481177, 0.4902618722773656, 0.4795002533854654]}, "4": {"maxiter": 500, "fatol": 1e-05, "xatol": 1e-05, "duration": 0.09375500679016113, "fun": "0.47309997107010027", "nit": "250", "nfev": "400", "status": "0", "success": "True", "message": "Optimization terminated successfully.", "x": "[0.89138831 6.13042778 6.68227084 1.76445646 6.40829889 5.00566827]", "final_simplex": "(array([[0.89138831, 6.13042778, 6.68227084, 1.76445646, 6.40829889,\n        5.00566827],\n       [0.89138462, 6.13042028, 6.68227436, 1.76445336, 6.40829892,\n        5.00566704],\n       [0.89139209, 6.13042243, 6.68227175, 1.76446128, 6.40830343,\n        5.00567075],\n       [0.8913902 , 6.1304222 , 6.68227116, 1.76445983, 6.40830838,\n        5.00567615],\n       [0.8913956 , 6.13042108, 6.68226787, 1.764457  , 6.40830214,\n        5.00567365],\n       [0.89138455, 6.13042051, 6.68227893, 1.76445799, 6.40829606,\n        5.00567428],\n       [0.89138637, 6.13042269, 6.6822778 , 1.76445557, 6.40830519,\n        5.00567321]]), array([0.47309997, 0.47309997, 0.47309997, 0.47309997, 0.47309997,\n       0.47309997, 0.47309997]))", "callback": [0.8913751417227525, 0.7318843148383558, 0.6783925751312607, 0.6492442696947722, 0.6412897114926226, 0.6016506360079172, 0.5192646702658625, 0.502485897481177, 0.4902618722773656, 0.4795002533854654, 0.47557527371693076, 0.47494648856915933, 0.4734099454848816, 0.47318287932049763, 0.4731228698244435, 0.4731069226782475, 0.4731014095305265, 0.4731000717303001, 0.4731000717303001, 0.47309999041114204, 0.47309997546479476, 0.4730999715872508, 0.47309997122193936, 0.4730999711121041, 0.4730999710782934]}, "5": {"maxiter": 500, "fatol": 1e-05, "xatol": 1e-10, "duration": 0.15332698822021484, "fun": "0.47309997106398016", "nit": "376", "nfev": "660", "status": "0", "success": "True", "message": "Optimization terminated successfully.", "x": "[0.89138388 6.13042636 6.68226683 1.76445748 6.40829989 5.00567015]", "final_simplex": "(array([[0.89138388, 6.13042636, 6.68226683, 1.76445748, 6.40829989,\n        5.00567015],\n       [0.89138388, 6.13042636, 6.68226683, 1.76445748, 6.40829989,\n        5.00567015],\n       [0.89138388, 6.13042636, 6.68226683, 1.76445748, 6.40829989,\n        5.00567015],\n       [0.89138388, 6.13042636, 6.68226683, 1.76445748, 6.40829989,\n        5.00567015],\n       [0.89138388, 6.13042636, 6.68226683, 1.76445748, 6.40829989,\n        5.00567015],\n       [0.89138388, 6.13042636, 6.68226683, 1.76445748, 6.40829989,\n        5.00567015],\n       [0.89138388, 6.13042636, 6.68226683, 1.76445748, 6.40829989,\n        5.00567015]]), array([0.47309997, 0.47309997, 0.47309997, 0.47309997, 0.47309997,\n       0.47309997, 0.47309997]))", "callback": [0.8913751417227525, 0.7318843148383558, 0.6783925751312607, 0.6492442696947722, 0.6412897114926226, 0.6016506360079172, 0.5192646702658625, 0.502485897481177, 0.4902618722773656, 0.4795002533854654, 0.47557527371693076, 0.47494648856915933, 0.4734099454848816, 0.47318287932049763, 0.4731228698244435, 0.4731069226782475, 0.4731014095305265, 0.4731000717303001, 0.4731000717303001, 0.47309999041114204, 0.47309997546479476, 0.4730999715872508, 0.47309997122193936, 0.4730999711121041, 0.4730999710782934, 0.47309997106961144, 0.4730999710668472, 0.47309997106521084, 0.4730999710644964, 0.4730999710641858, 0.4730999710640631, 0.4730999710640251, 0.47309997106398205, 0.47309997106398205, 0.4730999710639806, 0.4730999710639804, 0.4730999710639803, 0.47309997106398016]}, "6": {"maxiter": 500, "fatol": 1e-10, "xatol": 1e-05, "duration": 0.0942070484161377, "fun": "0.47309997107010027", "nit": "250", "nfev": "400", "status": "0", "success": "True", "message": "Optimization terminated successfully.", "x": "[0.89138831 6.13042778 6.68227084 1.76445646 6.40829889 5.00566827]", "final_simplex": "(array([[0.89138831, 6.13042778, 6.68227084, 1.76445646, 6.40829889,\n        5.00566827],\n       [0.89138462, 6.13042028, 6.68227436, 1.76445336, 6.40829892,\n        5.00566704],\n       [0.89139209, 6.13042243, 6.68227175, 1.76446128, 6.40830343,\n        5.00567075],\n       [0.8913902 , 6.1304222 , 6.68227116, 1.76445983, 6.40830838,\n        5.00567615],\n       [0.8913956 , 6.13042108, 6.68226787, 1.764457  , 6.40830214,\n        5.00567365],\n       [0.89138455, 6.13042051, 6.68227893, 1.76445799, 6.40829606,\n        5.00567428],\n       [0.89138637, 6.13042269, 6.6822778 , 1.76445557, 6.40830519,\n        5.00567321]]), array([0.47309997, 0.47309997, 0.47309997, 0.47309997, 0.47309997,\n       0.47309997, 0.47309997]))", "callback": [0.8913751417227525, 0.7318843148383558, 0.6783925751312607, 0.6492442696947722, 0.6412897114926226, 0.6016506360079172, 0.5192646702658625, 0.502485897481177, 0.4902618722773656, 0.4795002533854654, 0.47557527371693076, 0.47494648856915933, 0.4734099454848816, 0.47318287932049763, 0.4731228698244435, 0.4731069226782475, 0.4731014095305265, 0.4731000717303001, 0.4731000717303001, 0.47309999041114204, 0.47309997546479476, 0.4730999715872508, 0.47309997122193936, 0.4730999711121041, 0.4730999710782934]}, "7": {"maxiter": 500, "fatol": 1e-10, "xatol": 1e-10, "duration": 0.16680288314819336, "fun": "0.47309997106398016", "nit": "376", "nfev": "660", "status": "0", "success": "True", "message": "Optimization terminated successfully.", "x": "[0.89138388 6.13042636 6.68226683 1.76445748 6.40829989 5.00567015]", "final_simplex": "(array([[0.89138388, 6.13042636, 6.68226683, 1.76445748, 6.40829989,\n        5.00567015],\n       [0.89138388, 6.13042636, 6.68226683, 1.76445748, 6.40829989,\n        5.00567015],\n       [0.89138388, 6.13042636, 6.68226683, 1.76445748, 6.40829989,\n        5.00567015],\n       [0.89138388, 6.13042636, 6.68226683, 1.76445748, 6.40829989,\n        5.00567015],\n       [0.89138388, 6.13042636, 6.68226683, 1.76445748, 6.40829989,\n        5.00567015],\n       [0.89138388, 6.13042636, 6.68226683, 1.76445748, 6.40829989,\n        5.00567015],\n       [0.89138388, 6.13042636, 6.68226683, 1.76445748, 6.40829989,\n        5.00567015]]), array([0.47309997, 0.47309997, 0.47309997, 0.47309997, 0.47309997,\n       0.47309997, 0.47309997]))", "callback": [0.8913751417227525, 0.7318843148383558, 0.6783925751312607, 0.6492442696947722, 0.6412897114926226, 0.6016506360079172, 0.5192646702658625, 0.502485897481177, 0.4902618722773656, 0.4795002533854654, 0.47557527371693076, 0.47494648856915933, 0.4734099454848816, 0.47318287932049763, 0.4731228698244435, 0.4731069226782475, 0.4731014095305265, 0.4731000717303001, 0.4731000717303001, 0.47309999041114204, 0.47309997546479476, 0.4730999715872508, 0.47309997122193936, 0.4730999711121041, 0.4730999710782934, 0.47309997106961144, 0.4730999710668472, 0.47309997106521084, 0.4730999710644964, 0.4730999710641858, 0.4730999710640631, 0.4730999710640251, 0.47309997106398205, 0.47309997106398205, 0.4730999710639806, 0.4730999710639804, 0.4730999710639803, 0.47309997106398016]}, "8": {"maxiter": 1000, "fatol": 1e-05, "xatol": 1e-05, "duration": 0.10941314697265625, "fun": "0.47309997107010027", "nit": "250", "nfev": "400", "status": "0", "success": "True", "message": "Optimization terminated successfully.", "x": "[0.89138831 6.13042778 6.68227084 1.76445646 6.40829889 5.00566827]", "final_simplex": "(array([[0.89138831, 6.13042778, 6.68227084, 1.76445646, 6.40829889,\n        5.00566827],\n       [0.89138462, 6.13042028, 6.68227436, 1.76445336, 6.40829892,\n        5.00566704],\n       [0.89139209, 6.13042243, 6.68227175, 1.76446128, 6.40830343,\n        5.00567075],\n       [0.8913902 , 6.1304222 , 6.68227116, 1.76445983, 6.40830838,\n        5.00567615],\n       [0.8913956 , 6.13042108, 6.68226787, 1.764457  , 6.40830214,\n        5.00567365],\n       [0.89138455, 6.13042051, 6.68227893, 1.76445799, 6.40829606,\n        5.00567428],\n       [0.89138637, 6.13042269, 6.6822778 , 1.76445557, 6.40830519,\n        5.00567321]]), array([0.47309997, 0.47309997, 0.47309997, 0.47309997, 0.47309997,\n       0.47309997, 0.47309997]))", "callback": [0.8913751417227525, 0.7318843148383558, 0.6783925751312607, 0.6492442696947722, 0.6412897114926226, 0.6016506360079172, 0.5192646702658625, 0.502485897481177, 0.4902618722773656, 0.4795002533854654, 0.47557527371693076, 0.47494648856915933, 0.4734099454848816, 0.47318287932049763, 0.4731228698244435, 0.4731069226782475, 0.4731014095305265, 0.4731000717303001, 0.4731000717303001, 0.47309999041114204, 0.47309997546479476, 0.4730999715872508, 0.47309997122193936, 0.4730999711121041, 0.4730999710782934]}, "9": {"maxiter": 1000, "fatol": 1e-05, "xatol": 1e-10, "duration": 0.16322803497314453, "fun": "0.47309997106398016", "nit": "376", "nfev": "660", "status": "0", "success": "True", "message": "Optimization terminated successfully.", "x": "[0.89138388 6.13042636 6.68226683 1.76445748 6.40829989 5.00567015]", "final_simplex": "(array([[0.89138388, 6.13042636, 6.68226683, 1.76445748, 6.40829989,\n        5.00567015],\n       [0.89138388, 6.13042636, 6.68226683, 1.76445748, 6.40829989,\n        5.00567015],\n       [0.89138388, 6.13042636, 6.68226683, 1.76445748, 6.40829989,\n        5.00567015],\n       [0.89138388, 6.13042636, 6.68226683, 1.76445748, 6.40829989,\n        5.00567015],\n       [0.89138388, 6.13042636, 6.68226683, 1.76445748, 6.40829989,\n        5.00567015],\n       [0.89138388, 6.13042636, 6.68226683, 1.76445748, 6.40829989,\n        5.00567015],\n       [0.89138388, 6.13042636, 6.68226683, 1.76445748, 6.40829989,\n        5.00567015]]), array([0.47309997, 0.47309997, 0.47309997, 0.47309997, 0.47309997,\n       0.47309997, 0.47309997]))", "callback": [0.8913751417227525, 0.7318843148383558, 0.6783925751312607, 0.6492442696947722, 0.6412897114926226, 0.6016506360079172, 0.5192646702658625, 0.502485897481177, 0.4902618722773656, 0.4795002533854654, 0.47557527371693076, 0.47494648856915933, 0.4734099454848816, 0.47318287932049763, 0.4731228698244435, 0.4731069226782475, 0.4731014095305265, 0.4731000717303001, 0.4731000717303001, 0.47309999041114204, 0.47309997546479476, 0.4730999715872508, 0.47309997122193936, 0.4730999711121041, 0.4730999710782934, 0.47309997106961144, 0.4730999710668472, 0.47309997106521084, 0.4730999710644964, 0.4730999710641858, 0.4730999710640631, 0.4730999710640251, 0.47309997106398205, 0.47309997106398205, 0.4730999710639806, 0.4730999710639804, 0.4730999710639803, 0.47309997106398016]}, "10": {"maxiter": 1000, "fatol": 1e-10, "xatol": 1e-05, "duration": 0.10112404823303223, "fun": "0.47309997107010027", "nit": "250", "nfev": "400", "status": "0", "success": "True", "message": "Optimization terminated successfully.", "x": "[0.89138831 6.13042778 6.68227084 1.76445646 6.40829889 5.00566827]", "final_simplex": "(array([[0.89138831, 6.13042778, 6.68227084, 1.76445646, 6.40829889,\n        5.00566827],\n       [0.89138462, 6.13042028, 6.68227436, 1.76445336, 6.40829892,\n        5.00566704],\n       [0.89139209, 6.13042243, 6.68227175, 1.76446128, 6.40830343,\n        5.00567075],\n       [0.8913902 , 6.1304222 , 6.68227116, 1.76445983, 6.40830838,\n        5.00567615],\n       [0.8913956 , 6.13042108, 6.68226787, 1.764457  , 6.40830214,\n        5.00567365],\n       [0.89138455, 6.13042051, 6.68227893, 1.76445799, 6.40829606,\n        5.00567428],\n       [0.89138637, 6.13042269, 6.6822778 , 1.76445557, 6.40830519,\n        5.00567321]]), array([0.47309997, 0.47309997, 0.47309997, 0.47309997, 0.47309997,\n       0.47309997, 0.47309997]))", "callback": [0.8913751417227525, 0.7318843148383558, 0.6783925751312607, 0.6492442696947722, 0.6412897114926226, 0.6016506360079172, 0.5192646702658625, 0.502485897481177, 0.4902618722773656, 0.4795002533854654, 0.47557527371693076, 0.47494648856915933, 0.4734099454848816, 0.47318287932049763, 0.4731228698244435, 0.4731069226782475, 0.4731014095305265, 0.4731000717303001, 0.4731000717303001, 0.47309999041114204, 0.47309997546479476, 0.4730999715872508, 0.47309997122193936, 0.4730999711121041, 0.4730999710782934]}, "11": {"maxiter": 1000, "fatol": 1e-10, "xatol": 1e-10, "duration": 0.15712594985961914, "fun": "0.47309997106398016", "nit": "376", "nfev": "660", "status": "0", "success": "True", "message": "Optimization terminated successfully.", "x": "[0.89138388 6.13042636 6.68226683 1.76445748 6.40829989 5.00567015]", "final_simplex": "(array([[0.89138388, 6.13042636, 6.68226683, 1.76445748, 6.40829989,\n        5.00567015],\n       [0.89138388, 6.13042636, 6.68226683, 1.76445748, 6.40829989,\n        5.00567015],\n       [0.89138388, 6.13042636, 6.68226683, 1.76445748, 6.40829989,\n        5.00567015],\n       [0.89138388, 6.13042636, 6.68226683, 1.76445748, 6.40829989,\n        5.00567015],\n       [0.89138388, 6.13042636, 6.68226683, 1.76445748, 6.40829989,\n        5.00567015],\n       [0.89138388, 6.13042636, 6.68226683, 1.76445748, 6.40829989,\n        5.00567015],\n       [0.89138388, 6.13042636, 6.68226683, 1.76445748, 6.40829989,\n        5.00567015]]), array([0.47309997, 0.47309997, 0.47309997, 0.47309997, 0.47309997,\n       0.47309997, 0.47309997]))", "callback": [0.8913751417227525, 0.7318843148383558, 0.6783925751312607, 0.6492442696947722, 0.6412897114926226, 0.6016506360079172, 0.5192646702658625, 0.502485897481177, 0.4902618722773656, 0.4795002533854654, 0.47557527371693076, 0.47494648856915933, 0.4734099454848816, 0.47318287932049763, 0.4731228698244435, 0.4731069226782475, 0.4731014095305265, 0.4731000717303001, 0.4731000717303001, 0.47309999041114204, 0.47309997546479476, 0.4730999715872508, 0.47309997122193936, 0.4730999711121041, 0.4730999710782934, 0.47309997106961144, 0.4730999710668472, 0.47309997106521084, 0.4730999710644964, 0.4730999710641858, 0.4730999710640631, 0.4730999710640251, 0.47309997106398205, 0.47309997106398205, 0.4730999710639806, 0.4730999710639804, 0.4730999710639803, 0.47309997106398016]}}, "bfgs": {"type": "gradient", "0": {"maxiter": 100, "gtol": 1e-05, "xrtol": 1e-05, "eps": 1e-05, "duration": 0.04630303382873535, "fun": "0.47309997115414004", "jac": "[-8.75388650e-07  4.88642460e-07  7.05169256e-07 -2.27315944e-06\n -6.37045972e-07  6.45750120e-07]", "hess_inv": "[[ 8.24695284 -1.18135428 -0.25503196  2.86103875  2.93825349  1.95350935]\n [-1.18135428  7.85487134 -4.82585988 -0.0286074   0.40145209 -1.04635429]\n [-0.25503196 -4.82585988  7.31250555 -1.10100311 -1.33801517  0.31339674]\n [ 2.86103875 -0.0286074  -1.10100311  5.6717541   1.00679435 -0.11313385]\n [ 2.93825349  0.40145209 -1.33801517  1.00679435  5.8409857   2.10832738]\n [ 1.95350935 -1.04635429  0.31339674 -0.11313385  2.10832738  5.30112161]]", "nfev": "189", "njev": "27", "status": "0", "success": "True", "message": "Optimization terminated successfully.", "x": "[0.89135514 6.13042136 6.68227629 1.76443398 6.40827775 5.00565774]", "nit": "23", "callback": [0.7615963205590551, 0.7364758989245528, 0.6186801615749398, 0.5695734446198395, 0.5479806211812033, 0.5133053885564776, 0.4923520221897991, 0.48192824010435864, 0.48000323474284945, 0.4778388664569553, 0.47601870389468715, 0.47438273813104825, 0.47362624611074544, 0.4732500068841502, 0.4731383773964811, 0.4731066959317215, 0.4731041917140342, 0.47310318984452804, 0.47310166335498716, 0.47310033717185396, 0.47310001571808147, 0.4730999724961532, 0.47309997115414004]}, "1": {"maxiter": 100, "gtol": 1e-05, "xrtol": 1e-05, "eps": 1e-10, "duration": 0.04628396034240723, "fun": "0.4730999711084213", "jac": "[ 0.00000000e+00  3.33066880e-06  0.00000000e+00 -3.33066880e-06\n  0.00000000e+00  2.22044587e-06]", "hess_inv": "[[ 8.28630426 -1.09959693 -0.31228822  2.9094867   2.95973529  1.92690943]\n [-1.09959693  7.91011779 -4.8537862  -0.07952661  0.35113341 -1.02434575]\n [-0.31228822 -4.8537862   7.32253289 -1.07332113 -1.31022541  0.2960928 ]\n [ 2.9094867  -0.07952661 -1.07332113  5.70442574  1.01903849 -0.09312363]\n [ 2.95973529  0.35113341 -1.31022541  1.01903849  5.83787213  2.12082754]\n [ 1.92690943 -1.02434575  0.2960928  -0.09312363  2.12082754  5.27696281]]", "nfev": "189", "njev": "27", "status": "0", "success": "True", "message": "Optimization terminated successfully.", "x": "[0.89137543 6.1304419  6.68226517 1.76444325 6.40829881 5.00567016]", "nit": "23", "callback": [0.7615978722964724, 0.7364774989744491, 0.6186793530656178, 0.5695727986540062, 0.5479802215019285, 0.5133058908483219, 0.4923513515912331, 0.4819278470568237, 0.480003124452696, 0.4778378486394922, 0.4760181075483664, 0.47438241356530775, 0.4736259078222437, 0.4732500386084978, 0.4731383759294865, 0.4731067160489154, 0.4731042113365459, 0.47310320340755085, 0.4731016650824338, 0.4731003360205478, 0.473100013890671, 0.47309997223968936, 0.4730999711084213]}, "2": {"maxiter": 100, "gtol": 1e-05, "xrtol": 1e-10, "eps": 1e-05, "duration": 0.04580831527709961, "fun": "0.47309997115414004", "jac": "[-8.75388650e-07  4.88642460e-07  7.05169256e-07 -2.27315944e-06\n -6.37045972e-07  6.45750120e-07]", "hess_inv": "[[ 8.24695284 -1.18135428 -0.25503196  2.86103875  2.93825349  1.95350935]\n [-1.18135428  7.85487134 -4.82585988 -0.0286074   0.40145209 -1.04635429]\n [-0.25503196 -4.82585988  7.31250555 -1.10100311 -1.33801517  0.31339674]\n [ 2.86103875 -0.0286074  -1.10100311  5.6717541   1.00679435 -0.11313385]\n [ 2.93825349  0.40145209 -1.33801517  1.00679435  5.8409857   2.10832738]\n [ 1.95350935 -1.04635429  0.31339674 -0.11313385  2.10832738  5.30112161]]", "nfev": "189", "njev": "27", "status": "0", "success": "True", "message": "Optimization terminated successfully.", "x": "[0.89135514 6.13042136 6.68227629 1.76443398 6.40827775 5.00565774]", "nit": "23", "callback": [0.7615963205590551, 0.7364758989245528, 0.6186801615749398, 0.5695734446198395, 0.5479806211812033, 0.5133053885564776, 0.4923520221897991, 0.48192824010435864, 0.48000323474284945, 0.4778388664569553, 0.47601870389468715, 0.47438273813104825, 0.47362624611074544, 0.4732500068841502, 0.4731383773964811, 0.4731066959317215, 0.4731041917140342, 0.47310318984452804, 0.47310166335498716, 0.47310033717185396, 0.47310001571808147, 0.4730999724961532, 0.47309997115414004]}, "3": {"maxiter": 100, "gtol": 1e-05, "xrtol": 1e-10, "eps": 1e-10, "duration": 0.04537701606750488, "fun": "0.4730999711084213", "jac": "[ 0.00000000e+00  3.33066880e-06  0.00000000e+00 -3.33066880e-06\n  0.00000000e+00  2.22044587e-06]", "hess_inv": "[[ 8.28630426 -1.09959693 -0.31228822  2.9094867   2.95973529  1.92690943]\n [-1.09959693  7.91011779 -4.8537862  -0.07952661  0.35113341 -1.02434575]\n [-0.31228822 -4.8537862   7.32253289 -1.07332113 -1.31022541  0.2960928 ]\n [ 2.9094867  -0.07952661 -1.07332113  5.70442574  1.01903849 -0.09312363]\n [ 2.95973529  0.35113341 -1.31022541  1.01903849  5.83787213  2.12082754]\n [ 1.92690943 -1.02434575  0.2960928  -0.09312363  2.12082754  5.27696281]]", "nfev": "189", "njev": "27", "status": "0", "success": "True", "message": "Optimization terminated successfully.", "x": "[0.89137543 6.1304419  6.68226517 1.76444325 6.40829881 5.00567016]", "nit": "23", "callback": [0.7615978722964724, 0.7364774989744491, 0.6186793530656178, 0.5695727986540062, 0.5479802215019285, 0.5133058908483219, 0.4923513515912331, 0.4819278470568237, 0.480003124452696, 0.4778378486394922, 0.4760181075483664, 0.47438241356530775, 0.4736259078222437, 0.4732500386084978, 0.4731383759294865, 0.4731067160489154, 0.4731042113365459, 0.47310320340755085, 0.4731016650824338, 0.4731003360205478, 0.473100013890671, 0.47309997223968936, 0.4730999711084213]}, "4": {"maxiter": 100, "gtol": 1e-10, "xrtol": 1e-05, "eps": 1e-05, "duration": 0.04732012748718262, "fun": "0.4730999710886631", "jac": "[ 4.78606044e-07 -1.08135723e-07 -4.01567668e-08  2.99882341e-07\n -1.93312033e-07 -2.05457873e-07]", "hess_inv": "[[ 8.97146184 -0.67471756 -0.9680606   3.18835528  3.33639169  2.34716531]\n [-0.67471756  7.85215678 -5.05974476  0.52301307  0.66946412 -1.04425278]\n [-0.9680606  -5.05974476  7.81793518 -1.66244963 -1.72213328  0.12854617]\n [ 3.18835528  0.52301307 -1.66244963  5.5278694   1.19606515  0.31166782]\n [ 3.33639169  0.66946412 -1.72213328  1.19606515  6.05947098  2.31669497]\n [ 2.34716531 -1.04425278  0.12854617  0.31166782  2.31669497  5.30597654]]", "nfev": "196", "njev": "28", "status": "0", "success": "True", "message": "Optimization terminated successfully.", "x": "[0.89137186 6.13042279 6.68226744 1.76445081 6.40828665 5.00565897]", "nit": "24", "callback": [0.7615963205590551, 0.7364758989245528, 0.6186801615749398, 0.5695734446198395, 0.5479806211812033, 0.5133053885564776, 0.4923520221897991, 0.48192824010435864, 0.48000323474284945, 0.4778388664569553, 0.47601870389468715, 0.47438273813104825, 0.47362624611074544, 0.4732500068841502, 0.4731383773964811, 0.4731066959317215, 0.4731041917140342, 0.47310318984452804, 0.47310166335498716, 0.47310033717185396, 0.47310001571808147, 0.4730999724961532, 0.47309997115414004, 0.4730999710886631]}, "5": {"maxiter": 100, "gtol": 1e-10, "xrtol": 1e-05, "eps": 1e-10, "duration": 0.047205209732055664, "fun": "0.4730999710723707", "jac": "[1.11022293e-06 0.00000000e+00 1.11022293e-06 1.11022293e-06\n 1.11022293e-06 1.11022293e-06]", "hess_inv": "[[ 8.84504015 -0.95173042 -0.6785912   3.2220537   3.09257285  2.11720783]\n [-0.95173042  7.01985467 -4.32911828  0.50355161  0.22493416 -1.38088738]\n [-0.6785912  -4.32911828  7.14692774 -1.61289314 -1.28939417  0.44348392]\n [ 3.2220537   0.50355161 -1.61289314  5.60990283  1.18021848  0.2323974 ]\n [ 3.09257285  0.22493416 -1.28939417  1.18021848  5.84144084  2.09542715]\n [ 2.11720783 -1.38088738  0.44348392  0.2323974   2.09542715  5.1636278 ]]", "nfev": "196", "njev": "28", "status": "0", "success": "True", "message": "Optimization terminated successfully.", "x": "[0.89138463 6.13042326 6.68227324 1.76445974 6.40829734 5.00566406]", "nit": "24", "callback": [0.7615978722964724, 0.7364774989744491, 0.6186793530656178, 0.5695727986540062, 0.5479802215019285, 0.5133058908483219, 0.4923513515912331, 0.4819278470568237, 0.480003124452696, 0.4778378486394922, 0.4760181075483664, 0.47438241356530775, 0.4736259078222437, 0.4732500386084978, 0.4731383759294865, 0.4731067160489154, 0.4731042113365459, 0.47310320340755085, 0.4731016650824338, 0.4731003360205478, 0.473100013890671, 0.47309997223968936, 0.4730999711084213, 0.4730999710723707]}, "6": {"maxiter": 100, "gtol": 1e-10, "xrtol": 1e-10, "eps": 1e-05, "duration": 0.10277509689331055, "fun": "0.4730999710886631", "jac": "[ 4.78606044e-07 -1.08135723e-07 -4.01567668e-08  2.99882341e-07\n -1.93312033e-07 -2.05457873e-07]", "hess_inv": "[[ 7.78936391 -0.53167    -0.75027688  2.30420978  3.14428581  2.37785725]\n [-0.53167     7.88526808 -5.17027657  0.69316075  0.78283153 -1.02363838]\n [-0.75027688 -5.17027657  7.9183434  -1.60499579 -1.83719376  0.08227602]\n [ 2.30420978  0.69316075 -1.60499579  4.94568221  1.16526077  0.36509641]\n [ 3.14428581  0.78283153 -1.83719376  1.16526077  6.18932641  2.36516588]\n [ 2.37785725 -1.02363838  0.08227602  0.36509641  2.36516588  5.31691815]]", "nfev": "438", "njev": "61", "status": "2", "success": "False", "message": "Desired error not necessarily achieved due to precision loss.", "x": "[0.89137186 6.13042279 6.68226744 1.76445081 6.40828665 5.00565897]", "nit": "24", "callback": [0.7615963205590551, 0.7364758989245528, 0.6186801615749398, 0.5695734446198395, 0.5479806211812033, 0.5133053885564776, 0.4923520221897991, 0.48192824010435864, 0.48000323474284945, 0.4778388664569553, 0.47601870389468715, 0.47438273813104825, 0.47362624611074544, 0.4732500068841502, 0.4731383773964811, 0.4731066959317215, 0.4731041917140342, 0.47310318984452804, 0.47310166335498716, 0.47310033717185396, 0.47310001571808147, 0.4730999724961532, 0.47309997115414004, 0.4730999710886631]}, "7": {"maxiter": 100, "gtol": 1e-10, "xrtol": 1e-10, "eps": 1e-10, "duration": 0.06622195243835449, "fun": "0.4730999710723707", "jac": "[ 0.00000000e+00 -1.11022293e-06  0.00000000e+00  1.11022293e-06\n  1.11022293e-06 -1.11022293e-06]", "hess_inv": "[[ 7.02282611  0.96748521 -1.60114201  1.30740586  2.5152213   1.97713654]\n [ 0.96748521  6.72185046 -4.01314316  1.2056353   1.67783792  0.07630422]\n [-1.60114201 -4.01314316  6.92932447 -2.08212445 -1.90312012 -0.12571356]\n [ 1.30740586  1.2056353  -2.08212445  4.60074204 -0.07079544 -0.91371064]\n [ 2.5152213   1.67783792 -1.90312012 -0.07079544  6.07265152  2.6930585 ]\n [ 1.97713654  0.07630422 -0.12571356 -0.91371064  2.6930585   6.14812751]]", "nfev": "280", "njev": "40", "status": "0", "success": "True", "message": "Optimization terminated successfully.", "x": "[0.89138463 6.13042326 6.68227324 1.76445974 6.40829734 5.00566406]", "nit": "25", "callback": [0.7615978722964724, 0.7364774989744491, 0.6186793530656178, 0.5695727986540062, 0.5479802215019285, 0.5133058908483219, 0.4923513515912331, 0.4819278470568237, 0.480003124452696, 0.4778378486394922, 0.4760181075483664, 0.47438241356530775, 0.4736259078222437, 0.4732500386084978, 0.4731383759294865, 0.4731067160489154, 0.4731042113365459, 0.47310320340755085, 0.4731016650824338, 0.4731003360205478, 0.473100013890671, 0.47309997223968936, 0.4730999711084213, 0.4730999710723707, 0.4730999710723707]}, "8": {"maxiter": 500, "gtol": 1e-05, "xrtol": 1e-05, "eps": 1e-05, "duration": 0.04488492012023926, "fun": "0.47309997115414004", "jac": "[-8.75388650e-07  4.88642460e-07  7.05169256e-07 -2.27315944e-06\n -6.37045972e-07  6.45750120e-07]", "hess_inv": "[[ 8.24695284 -1.18135428 -0.25503196  2.86103875  2.93825349  1.95350935]\n [-1.18135428  7.85487134 -4.82585988 -0.0286074   0.40145209 -1.04635429]\n [-0.25503196 -4.82585988  7.31250555 -1.10100311 -1.33801517  0.31339674]\n [ 2.86103875 -0.0286074  -1.10100311  5.6717541   1.00679435 -0.11313385]\n [ 2.93825349  0.40145209 -1.33801517  1.00679435  5.8409857   2.10832738]\n [ 1.95350935 -1.04635429  0.31339674 -0.11313385  2.10832738  5.30112161]]", "nfev": "189", "njev": "27", "status": "0", "success": "True", "message": "Optimization terminated successfully.", "x": "[0.89135514 6.13042136 6.68227629 1.76443398 6.40827775 5.00565774]", "nit": "23", "callback": [0.7615963205590551, 0.7364758989245528, 0.6186801615749398, 0.5695734446198395, 0.5479806211812033, 0.5133053885564776, 0.4923520221897991, 0.48192824010435864, 0.48000323474284945, 0.4778388664569553, 0.47601870389468715, 0.47438273813104825, 0.47362624611074544, 0.4732500068841502, 0.4731383773964811, 0.4731066959317215, 0.4731041917140342, 0.47310318984452804, 0.47310166335498716, 0.47310033717185396, 0.47310001571808147, 0.4730999724961532, 0.47309997115414004]}, "9": {"maxiter": 500, "gtol": 1e-05, "xrtol": 1e-05, "eps": 1e-10, "duration": 0.04459095001220703, "fun": "0.4730999711084213", "jac": "[ 0.00000000e+00  3.33066880e-06  0.00000000e+00 -3.33066880e-06\n  0.00000000e+00  2.22044587e-06]", "hess_inv": "[[ 8.28630426 -1.09959693 -0.31228822  2.9094867   2.95973529  1.92690943]\n [-1.09959693  7.91011779 -4.8537862  -0.07952661  0.35113341 -1.02434575]\n [-0.31228822 -4.8537862   7.32253289 -1.07332113 -1.31022541  0.2960928 ]\n [ 2.9094867  -0.07952661 -1.07332113  5.70442574  1.01903849 -0.09312363]\n [ 2.95973529  0.35113341 -1.31022541  1.01903849  5.83787213  2.12082754]\n [ 1.92690943 -1.02434575  0.2960928  -0.09312363  2.12082754  5.27696281]]", "nfev": "189", "njev": "27", "status": "0", "success": "True", "message": "Optimization terminated successfully.", "x": "[0.89137543 6.1304419  6.68226517 1.76444325 6.40829881 5.00567016]", "nit": "23", "callback": [0.7615978722964724, 0.7364774989744491, 0.6186793530656178, 0.5695727986540062, 0.5479802215019285, 0.5133058908483219, 0.4923513515912331, 0.4819278470568237, 0.480003124452696, 0.4778378486394922, 0.4760181075483664, 0.47438241356530775, 0.4736259078222437, 0.4732500386084978, 0.4731383759294865, 0.4731067160489154, 0.4731042113365459, 0.47310320340755085, 0.4731016650824338, 0.4731003360205478, 0.473100013890671, 0.47309997223968936, 0.4730999711084213]}, "10": {"maxiter": 500, "gtol": 1e-05, "xrtol": 1e-10, "eps": 1e-05, "duration": 0.04458785057067871, "fun": "0.47309997115414004", "jac": "[-8.75388650e-07  4.88642460e-07  7.05169256e-07 -2.27315944e-06\n -6.37045972e-07  6.45750120e-07]", "hess_inv": "[[ 8.24695284 -1.18135428 -0.25503196  2.86103875  2.93825349  1.95350935]\n [-1.18135428  7.85487134 -4.82585988 -0.0286074   0.40145209 -1.04635429]\n [-0.25503196 -4.82585988  7.31250555 -1.10100311 -1.33801517  0.31339674]\n [ 2.86103875 -0.0286074  -1.10100311  5.6717541   1.00679435 -0.11313385]\n [ 2.93825349  0.40145209 -1.33801517  1.00679435  5.8409857   2.10832738]\n [ 1.95350935 -1.04635429  0.31339674 -0.11313385  2.10832738  5.30112161]]", "nfev": "189", "njev": "27", "status": "0", "success": "True", "message": "Optimization terminated successfully.", "x": "[0.89135514 6.13042136 6.68227629 1.76443398 6.40827775 5.00565774]", "nit": "23", "callback": [0.7615963205590551, 0.7364758989245528, 0.6186801615749398, 0.5695734446198395, 0.5479806211812033, 0.5133053885564776, 0.4923520221897991, 0.48192824010435864, 0.48000323474284945, 0.4778388664569553, 0.47601870389468715, 0.47438273813104825, 0.47362624611074544, 0.4732500068841502, 0.4731383773964811, 0.4731066959317215, 0.4731041917140342, 0.47310318984452804, 0.47310166335498716, 0.47310033717185396, 0.47310001571808147, 0.4730999724961532, 0.47309997115414004]}, "11": {"maxiter": 500, "gtol": 1e-05, "xrtol": 1e-10, "eps": 1e-10, "duration": 0.045189857482910156, "fun": "0.4730999711084213", "jac": "[ 0.00000000e+00  3.33066880e-06  0.00000000e+00 -3.33066880e-06\n  0.00000000e+00  2.22044587e-06]", "hess_inv": "[[ 8.28630426 -1.09959693 -0.31228822  2.9094867   2.95973529  1.92690943]\n [-1.09959693  7.91011779 -4.8537862  -0.07952661  0.35113341 -1.02434575]\n [-0.31228822 -4.8537862   7.32253289 -1.07332113 -1.31022541  0.2960928 ]\n [ 2.9094867  -0.07952661 -1.07332113  5.70442574  1.01903849 -0.09312363]\n [ 2.95973529  0.35113341 -1.31022541  1.01903849  5.83787213  2.12082754]\n [ 1.92690943 -1.02434575  0.2960928  -0.09312363  2.12082754  5.27696281]]", "nfev": "189", "njev": "27", "status": "0", "success": "True", "message": "Optimization terminated successfully.", "x": "[0.89137543 6.1304419  6.68226517 1.76444325 6.40829881 5.00567016]", "nit": "23", "callback": [0.7615978722964724, 0.7364774989744491, 0.6186793530656178, 0.5695727986540062, 0.5479802215019285, 0.5133058908483219, 0.4923513515912331, 0.4819278470568237, 0.480003124452696, 0.4778378486394922, 0.4760181075483664, 0.47438241356530775, 0.4736259078222437, 0.4732500386084978, 0.4731383759294865, 0.4731067160489154, 0.4731042113365459, 0.47310320340755085, 0.4731016650824338, 0.4731003360205478, 0.473100013890671, 0.47309997223968936, 0.4730999711084213]}, "12": {"maxiter": 500, "gtol": 1e-10, "xrtol": 1e-05, "eps": 1e-05, "duration": 0.04567694664001465, "fun": "0.4730999710886631", "jac": "[ 4.78606044e-07 -1.08135723e-07 -4.01567668e-08  2.99882341e-07\n -1.93312033e-07 -2.05457873e-07]", "hess_inv": "[[ 8.97146184 -0.67471756 -0.9680606   3.18835528  3.33639169  2.34716531]\n [-0.67471756  7.85215678 -5.05974476  0.52301307  0.66946412 -1.04425278]\n [-0.9680606  -5.05974476  7.81793518 -1.66244963 -1.72213328  0.12854617]\n [ 3.18835528  0.52301307 -1.66244963  5.5278694   1.19606515  0.31166782]\n [ 3.33639169  0.66946412 -1.72213328  1.19606515  6.05947098  2.31669497]\n [ 2.34716531 -1.04425278  0.12854617  0.31166782  2.31669497  5.30597654]]", "nfev": "196", "njev": "28", "status": "0", "success": "True", "message": "Optimization terminated successfully.", "x": "[0.89137186 6.13042279 6.68226744 1.76445081 6.40828665 5.00565897]", "nit": "24", "callback": [0.7615963205590551, 0.7364758989245528, 0.6186801615749398, 0.5695734446198395, 0.5479806211812033, 0.5133053885564776, 0.4923520221897991, 0.48192824010435864, 0.48000323474284945, 0.4778388664569553, 0.47601870389468715, 0.47438273813104825, 0.47362624611074544, 0.4732500068841502, 0.4731383773964811, 0.4731066959317215, 0.4731041917140342, 0.47310318984452804, 0.47310166335498716, 0.47310033717185396, 0.47310001571808147, 0.4730999724961532, 0.47309997115414004, 0.4730999710886631]}, "13": {"maxiter": 500, "gtol": 1e-10, "xrtol": 1e-05, "eps": 1e-10, "duration": 0.04529595375061035, "fun": "0.4730999710723707", "jac": "[1.11022293e-06 0.00000000e+00 1.11022293e-06 1.11022293e-06\n 1.11022293e-06 1.11022293e-06]", "hess_inv": "[[ 8.84504015 -0.95173042 -0.6785912   3.2220537   3.09257285  2.11720783]\n [-0.95173042  7.01985467 -4.32911828  0.50355161  0.22493416 -1.38088738]\n [-0.6785912  -4.32911828  7.14692774 -1.61289314 -1.28939417  0.44348392]\n [ 3.2220537   0.50355161 -1.61289314  5.60990283  1.18021848  0.2323974 ]\n [ 3.09257285  0.22493416 -1.28939417  1.18021848  5.84144084  2.09542715]\n [ 2.11720783 -1.38088738  0.44348392  0.2323974   2.09542715  5.1636278 ]]", "nfev": "196", "njev": "28", "status": "0", "success": "True", "message": "Optimization terminated successfully.", "x": "[0.89138463 6.13042326 6.68227324 1.76445974 6.40829734 5.00566406]", "nit": "24", "callback":