{"date": "2024/09/24/, 17:43:22", "conf_id": 11, "data_type": "random\n", "num_data_points": 1, "s_rank": 0, "unitary": "[[-0.56303964-0.00798273j,-0.21670212-0.15784972j,-0.06047197-0.73952673j,-0.01438004+0.24552571j],[-0.06976756+0.23474685j,-0.01275565-0.5435098j,-0.02703657-0.08917885j,-0.08210486-0.79311774j],[-0.38559961+0.10714929j,0.5933431-0.2687392j,-0.24060861+0.29149289j,-0.45147719+0.26241743j],[-0.50180421+0.45931857j,-0.11617175+0.44134496j,0.49642745+0.22684508j,-0.08544628-0.15407063j]]", "databatch_0": {"databatch": "[[[-8.22985968e-02+0.0291351j,1.90420483e-01-0.1882464j,-7.48408687e-02-0.0082646j,-4.65823903e-02+0.39050678j],[7.33465532e-02-0.05463021j,4.38038726e-04+0.21991403j,2.68177032e-01-0.15636738j,-5.19274354e-01-0.05624281j],[-1.48989410e-01+0.01910971j,-4.70140139e-02+0.15259522j,-2.12927055e-01-0.02813783j,1.85702715e-01+0.0272768j],[1.05868519e-01+0.09118286j,1.54868276e-01-0.00912822j,2.45774167e-02-0.15346227j,3.83157408e-02+0.36852483j]]]", "initial param values": "[4.43084647,1.64110548,4.97429841,3.27660005,3.72551409,4.56973439]", "nelder_mead": {"type": "gradient-free", "0": {"maxiter": 100, "fatol": 1e-05, "xatol": 1e-05, "duration": 0.031219959259033203, "fun": "0.35317912843588983", "nit": "100", "nfev": "165", "status": "2", "success": "False", "message": "Maximum number of iterations has been exceeded.", "x": "[3.44438122 2.52920025 2.73155086 1.4856707  5.57026229 4.81649538]", "final_simplex": "(array([[3.44438122, 2.52920025, 2.73155086, 1.4856707 , 5.57026229,\n        4.81649538],\n       [3.48307147, 2.54975472, 2.66621504, 1.43424441, 5.53965941,\n        4.8520958 ],\n       [3.41910341, 2.55962755, 2.67369708, 1.45951815, 5.57316813,\n        4.81681807],\n       [3.42366116, 2.55673655, 2.72055475, 1.46316893, 5.55444147,\n        4.84100959],\n       [3.47164415, 2.53411034, 2.7249953 , 1.51692606, 5.52571545,\n        4.82156063],\n       [3.36217288, 2.56900427, 2.69761829, 1.47020457, 5.60625894,\n        4.84360233],\n       [3.43038792, 2.54700428, 2.67105413, 1.48648654, 5.55640947,\n        4.82405811]]), array([0.35317913, 0.35368292, 0.35408305, 0.35425687, 0.35437165,\n       0.35457356, 0.35463169]))", "callback": [0.7913762966014112, 0.47211913427907715, 0.4646746528875966, 0.4191234123127683, 0.4028863545323801, 0.3928045631499466, 0.36938687139803894, 0.3619994319552923, 0.3554458040895654, 0.3546316900427706]}, "1": {"maxiter": 100, "fatol": 1e-05, "xatol": 1e-10, "duration": 0.029946088790893555, "fun": "0.35317912843588983", "nit": "100", "nfev": "165", "status": "2", "success": "False", "message": "Maximum number of iterations has been exceeded.", "x": "[3.44438122 2.52920025 2.73155086 1.4856707  5.57026229 4.81649538]", "final_simplex": "(array([[3.44438122, 2.52920025, 2.73155086, 1.4856707 , 5.57026229,\n        4.81649538],\n       [3.48307147, 2.54975472, 2.66621504, 1.43424441, 5.53965941,\n        4.8520958 ],\n       [3.41910341, 2.55962755, 2.67369708, 1.45951815, 5.57316813,\n        4.81681807],\n       [3.42366116, 2.55673655, 2.72055475, 1.46316893, 5.55444147,\n        4.84100959],\n       [3.47164415, 2.53411034, 2.7249953 , 1.51692606, 5.52571545,\n        4.82156063],\n       [3.36217288, 2.56900427, 2.69761829, 1.47020457, 5.60625894,\n        4.84360233],\n       [3.43038792, 2.54700428, 2.67105413, 1.48648654, 5.55640947,\n        4.82405811]]), array([0.35317913, 0.35368292, 0.35408305, 0.35425687, 0.35437165,\n       0.35457356, 0.35463169]))", "callback": [0.7913762966014112, 0.47211913427907715, 0.4646746528875966, 0.4191234123127683, 0.4028863545323801, 0.3928045631499466, 0.36938687139803894, 0.3619994319552923, 0.3554458040895654, 0.3546316900427706]}, "2": {"maxiter": 100, "fatol": 1e-10, "xatol": 1e-05, "duration": 0.029252052307128906, "fun": "0.35317912843588983", "nit": "100", "nfev": "165", "status": "2", "success": "False", "message": "Maximum number of iterations has been exceeded.", "x": "[3.44438122 2.52920025 2.73155086 1.4856707  5.57026229 4.81649538]", "final_simplex": "(array([[3.44438122, 2.52920025, 2.73155086, 1.4856707 , 5.57026229,\n        4.81649538],\n       [3.48307147, 2.54975472, 2.66621504, 1.43424441, 5.53965941,\n        4.8520958 ],\n       [3.41910341, 2.55962755, 2.67369708, 1.45951815, 5.57316813,\n        4.81681807],\n       [3.42366116, 2.55673655, 2.72055475, 1.46316893, 5.55444147,\n        4.84100959],\n       [3.47164415, 2.53411034, 2.7249953 , 1.51692606, 5.52571545,\n        4.82156063],\n       [3.36217288, 2.56900427, 2.69761829, 1.47020457, 5.60625894,\n        4.84360233],\n       [3.43038792, 2.54700428, 2.67105413, 1.48648654, 5.55640947,\n        4.82405811]]), array([0.35317913, 0.35368292, 0.35408305, 0.35425687, 0.35437165,\n       0.35457356, 0.35463169]))", "callback": [0.7913762966014112, 0.47211913427907715, 0.4646746528875966, 0.4191234123127683, 0.4028863545323801, 0.3928045631499466, 0.36938687139803894, 0.3619994319552923, 0.3554458040895654, 0.3546316900427706]}, "3": {"maxiter": 100, "fatol": 1e-10, "xatol": 1e-10, "duration": 0.029069185256958008, "fun": "0.35317912843588983", "nit": "100", "nfev": "165", "status": "2", "success": "False", "message": "Maximum number of iterations has been exceeded.", "x": "[3.44438122 2.52920025 2.73155086 1.4856707  5.57026229 4.81649538]", "final_simplex": "(array([[3.44438122, 2.52920025, 2.73155086, 1.4856707 , 5.57026229,\n        4.81649538],\n       [3.48307147, 2.54975472, 2.66621504, 1.43424441, 5.53965941,\n        4.8520958 ],\n       [3.41910341, 2.55962755, 2.67369708, 1.45951815, 5.57316813,\n        4.81681807],\n       [3.42366116, 2.55673655, 2.72055475, 1.46316893, 5.55444147,\n        4.84100959],\n       [3.47164415, 2.53411034, 2.7249953 , 1.51692606, 5.52571545,\n        4.82156063],\n       [3.36217288, 2.56900427, 2.69761829, 1.47020457, 5.60625894,\n        4.84360233],\n       [3.43038792, 2.54700428, 2.67105413, 1.48648654, 5.55640947,\n        4.82405811]]), array([0.35317913, 0.35368292, 0.35408305, 0.35425687, 0.35437165,\n       0.35457356, 0.35463169]))", "callback": [0.7913762966014112, 0.47211913427907715, 0.4646746528875966, 0.4191234123127683, 0.4028863545323801, 0.3928045631499466, 0.36938687139803894, 0.3619994319552923, 0.3554458040895654, 0.3546316900427706]}, "4": {"maxiter": 500, "fatol": 1e-05, "xatol": 1e-05, "duration": 0.09874510765075684, "fun": "0.3064057265992399", "nit": "357", "nfev": "567", "status": "0", "success": "True", "message": "Optimization terminated successfully.", "x": "[4.07870358 2.8886327  3.37107877 1.35786502 6.2735109  5.02203232]", "final_simplex": "(array([[4.07870358, 2.8886327 , 3.37107877, 1.35786502, 6.2735109 ,\n        5.02203232],\n       [4.07870284, 2.88863628, 3.37107768, 1.35785913, 6.27351647,\n        5.0220264 ],\n       [4.07869885, 2.88863498, 3.37107748, 1.35786379, 6.27350279,\n        5.02203102],\n       [4.07870339, 2.88863683, 3.37107745, 1.35786061, 6.27351314,\n        5.02203438],\n       [4.07869995, 2.88863762, 3.37108187, 1.35785874, 6.27350699,\n        5.02203639],\n       [4.07870798, 2.88863459, 3.37107924, 1.35786524, 6.27350453,\n        5.02203193],\n       [4.07870253, 2.88862789, 3.37107483, 1.35785707, 6.27351465,\n        5.02203802]]), array([0.30640573, 0.30640573, 0.30640573, 0.30640573, 0.30640573,\n       0.30640573, 0.30640573]))", "callback": [0.7913762966014112, 0.47211913427907715, 0.4646746528875966, 0.4191234123127683, 0.4028863545323801, 0.3928045631499466, 0.36938687139803894, 0.3619994319552923, 0.3554458040895654, 0.3546316900427706, 0.3525524064243051, 0.34690708996294395, 0.3370784307961673, 0.3318602578405139, 0.33080403153005367, 0.3283279099062171, 0.32739323386716435, 0.32531160153801153, 0.32111935827491367, 0.315515525086034, 0.30766496980206626, 0.30678176290462844, 0.30648328809515313, 0.30645080569937866, 0.30642016155761753, 0.30640855014164725, 0.3064064269377592, 0.3064058959602214, 0.30640577402192204, 0.3064057393883499, 0.3064057314215718, 0.30640572759831075, 0.306405726890162, 0.3064057266705298, 0.30640572663857746, 0.30640572659990395]}, "5": {"maxiter": 500, "fatol": 1e-05, "xatol": 1e-10, "duration": 0.137253999710083, "fun": "0.30640572659494936", "nit": "466", "nfev": "796", "status": "0", "success": "True", "message": "Optimization terminated successfully.", "x": "[4.07870062 2.88863614 3.37107991 1.35785949 6.2735132  5.02203119]", "final_simplex": "(array([[4.07870062, 2.88863614, 3.37107991, 1.35785949, 6.2735132 ,\n        5.02203119],\n       [4.07870062, 2.88863614, 3.37107991, 1.35785949, 6.2735132 ,\n        5.02203119],\n       [4.07870062, 2.88863614, 3.37107991, 1.35785949, 6.2735132 ,\n        5.02203119],\n       [4.07870062, 2.88863614, 3.37107991, 1.35785949, 6.2735132 ,\n        5.02203119],\n       [4.07870062, 2.88863614, 3.37107991, 1.35785949, 6.2735132 ,\n        5.02203119],\n       [4.07870062, 2.88863614, 3.37107991, 1.35785949, 6.2735132 ,\n        5.02203119],\n       [4.07870062, 2.88863614, 3.37107991, 1.35785949, 6.2735132 ,\n        5.02203119]]), array([0.30640573, 0.30640573, 0.30640573, 0.30640573, 0.30640573,\n       0.30640573, 0.30640573]))", "callback": [0.7913762966014112, 0.47211913427907715, 0.4646746528875966, 0.4191234123127683, 0.4028863545323801, 0.3928045631499466, 0.36938687139803894, 0.3619994319552923, 0.3554458040895654, 0.3546316900427706, 0.3525524064243051, 0.34690708996294395, 0.3370784307961673, 0.3318602578405139, 0.33080403153005367, 0.3283279099062171, 0.32739323386716435, 0.32531160153801153, 0.32111935827491367, 0.315515525086034, 0.30766496980206626, 0.30678176290462844, 0.30648328809515313, 0.30645080569937866, 0.30642016155761753, 0.30640855014164725, 0.3064064269377592, 0.3064058959602214, 0.30640577402192204, 0.3064057393883499, 0.3064057314215718, 0.30640572759831075, 0.306405726890162, 0.3064057266705298, 0.30640572663857746, 0.30640572659990395, 0.30640572659662335, 0.30640572659533927, 0.3064057265951027, 0.306405726594976, 0.3064057265949547, 0.30640572659495335, 0.30640572659495025, 0.30640572659494947, 0.30640572659494947, 0.30640572659494936, 0.30640572659494936]}, "6": {"maxiter": 500, "fatol": 1e-10, "xatol": 1e-05, "duration": 0.0956258773803711, "fun": "0.3064057265992399", "nit": "357", "nfev": "567", "status": "0", "success": "True", "message": "Optimization terminated successfully.", "x": "[4.07870358 2.8886327  3.37107877 1.35786502 6.2735109  5.02203232]", "final_simplex": "(array([[4.07870358, 2.8886327 , 3.37107877, 1.35786502, 6.2735109 ,\n        5.02203232],\n       [4.07870284, 2.88863628, 3.37107768, 1.35785913, 6.27351647,\n        5.0220264 ],\n       [4.07869885, 2.88863498, 3.37107748, 1.35786379, 6.27350279,\n        5.02203102],\n       [4.07870339, 2.88863683, 3.37107745, 1.35786061, 6.27351314,\n        5.02203438],\n       [4.07869995, 2.88863762, 3.37108187, 1.35785874, 6.27350699,\n        5.02203639],\n       [4.07870798, 2.88863459, 3.37107924, 1.35786524, 6.27350453,\n        5.02203193],\n       [4.07870253, 2.88862789, 3.37107483, 1.35785707, 6.27351465,\n        5.02203802]]), array([0.30640573, 0.30640573, 0.30640573, 0.30640573, 0.30640573,\n       0.30640573, 0.30640573]))", "callback": [0.7913762966014112, 0.47211913427907715, 0.4646746528875966, 0.4191234123127683, 0.4028863545323801, 0.3928045631499466, 0.36938687139803894, 0.3619994319552923, 0.3554458040895654, 0.3546316900427706, 0.3525524064243051, 0.34690708996294395, 0.3370784307961673, 0.3318602578405139, 0.33080403153005367, 0.3283279099062171, 0.32739323386716435, 0.32531160153801153, 0.32111935827491367, 0.315515525086034, 0.30766496980206626, 0.30678176290462844, 0.30648328809515313, 0.30645080569937866, 0.30642016155761753, 0.30640855014164725, 0.3064064269377592, 0.3064058959602214, 0.30640577402192204, 0.3064057393883499, 0.3064057314215718, 0.30640572759831075, 0.306405726890162, 0.3064057266705298, 0.30640572663857746, 0.30640572659990395]}, "7": {"maxiter": 500, "fatol": 1e-10, "xatol": 1e-10, "duration": 0.1354508399963379, "fun": "0.30640572659494936", "nit": "466", "nfev": "796", "status": "0", "success": "True", "message": "Optimization terminated successfully.", "x": "[4.07870062 2.88863614 3.37107991 1.35785949 6.2735132  5.02203119]", "final_simplex": "(array([[4.07870062, 2.88863614, 3.37107991, 1.35785949, 6.2735132 ,\n        5.02203119],\n       [4.07870062, 2.88863614, 3.37107991, 1.35785949, 6.2735132 ,\n        5.02203119],\n       [4.07870062, 2.88863614, 3.37107991, 1.35785949, 6.2735132 ,\n        5.02203119],\n       [4.07870062, 2.88863614, 3.37107991, 1.35785949, 6.2735132 ,\n        5.02203119],\n       [4.07870062, 2.88863614, 3.37107991, 1.35785949, 6.2735132 ,\n        5.02203119],\n       [4.07870062, 2.88863614, 3.37107991, 1.35785949, 6.2735132 ,\n        5.02203119],\n       [4.07870062, 2.88863614, 3.37107991, 1.35785949, 6.2735132 ,\n        5.02203119]]), array([0.30640573, 0.30640573, 0.30640573, 0.30640573, 0.30640573,\n       0.30640573, 0.30640573]))", "callback": [0.7913762966014112, 0.47211913427907715, 0.4646746528875966, 0.4191234123127683, 0.4028863545323801, 0.3928045631499466, 0.36938687139803894, 0.3619994319552923, 0.3554458040895654, 0.3546316900427706, 0.3525524064243051, 0.34690708996294395, 0.3370784307961673, 0.3318602578405139, 0.33080403153005367, 0.3283279099062171, 0.32739323386716435, 0.32531160153801153, 0.32111935827491367, 0.315515525086034, 0.30766496980206626, 0.30678176290462844, 0.30648328809515313, 0.30645080569937866, 0.30642016155761753, 0.30640855014164725, 0.3064064269377592, 0.3064058959602214, 0.30640577402192204, 0.3064057393883499, 0.3064057314215718, 0.30640572759831075, 0.306405726890162, 0.3064057266705298, 0.30640572663857746, 0.30640572659990395, 0.30640572659662335, 0.30640572659533927, 0.3064057265951027, 0.306405726594976, 0.3064057265949547, 0.30640572659495335, 0.30640572659495025, 0.30640572659494947, 0.30640572659494947, 0.30640572659494936, 0.30640572659494936]}, "8": {"maxiter": 1000, "fatol": 1e-05, "xatol": 1e-05, "duration": 0.10112309455871582, "fun": "0.3064057265992399", "nit": "357", "nfev": "567", "status": "0", "success": "True", "message": "Optimization terminated successfully.", "x": "[4.07870358 2.8886327  3.37107877 1.35786502 6.2735109  5.02203232]", "final_simplex": "(array([[4.07870358, 2.8886327 , 3.37107877, 1.35786502, 6.2735109 ,\n        5.02203232],\n       [4.07870284, 2.88863628, 3.37107768, 1.35785913, 6.27351647,\n        5.0220264 ],\n       [4.07869885, 2.88863498, 3.37107748, 1.35786379, 6.27350279,\n        5.02203102],\n       [4.07870339, 2.88863683, 3.37107745, 1.35786061, 6.27351314,\n        5.02203438],\n       [4.07869995, 2.88863762, 3.37108187, 1.35785874, 6.27350699,\n        5.02203639],\n       [4.07870798, 2.88863459, 3.37107924, 1.35786524, 6.27350453,\n        5.02203193],\n       [4.07870253, 2.88862789, 3.37107483, 1.35785707, 6.27351465,\n        5.02203802]]), array([0.30640573, 0.30640573, 0.30640573, 0.30640573, 0.30640573,\n       0.30640573, 0.30640573]))", "callback": [0.7913762966014112, 0.47211913427907715, 0.4646746528875966, 0.4191234123127683, 0.4028863545323801, 0.3928045631499466, 0.36938687139803894, 0.3619994319552923, 0.3554458040895654, 0.3546316900427706, 0.3525524064243051, 0.34690708996294395, 0.3370784307961673, 0.3318602578405139, 0.33080403153005367, 0.3283279099062171, 0.32739323386716435, 0.32531160153801153, 0.32111935827491367, 0.315515525086034, 0.30766496980206626, 0.30678176290462844, 0.30648328809515313, 0.30645080569937866, 0.30642016155761753, 0.30640855014164725, 0.3064064269377592, 0.3064058959602214, 0.30640577402192204, 0.3064057393883499, 0.3064057314215718, 0.30640572759831075, 0.306405726890162, 0.3064057266705298, 0.30640572663857746, 0.30640572659990395]}, "9": {"maxiter": 1000, "fatol": 1e-05, "xatol": 1e-10, "duration": 0.13821196556091309, "fun": "0.30640572659494936", "nit": "466", "nfev": "796", "status": "0", "success": "True", "message": "Optimization terminated successfully.", "x": "[4.07870062 2.88863614 3.37107991 1.35785949 6.2735132  5.02203119]", "final_simplex": "(array([[4.07870062, 2.88863614, 3.37107991, 1.35785949, 6.2735132 ,\n        5.02203119],\n       [4.07870062, 2.88863614, 3.37107991, 1.35785949, 6.2735132 ,\n        5.02203119],\n       [4.07870062, 2.88863614, 3.37107991, 1.35785949, 6.2735132 ,\n        5.02203119],\n       [4.07870062, 2.88863614, 3.37107991, 1.35785949, 6.2735132 ,\n        5.02203119],\n       [4.07870062, 2.88863614, 3.37107991, 1.35785949, 6.2735132 ,\n        5.02203119],\n       [4.07870062, 2.88863614, 3.37107991, 1.35785949, 6.2735132 ,\n        5.02203119],\n       [4.07870062, 2.88863614, 3.37107991, 1.35785949, 6.2735132 ,\n        5.02203119]]), array([0.30640573, 0.30640573, 0.30640573, 0.30640573, 0.30640573,\n       0.30640573, 0.30640573]))", "callback": [0.7913762966014112, 0.47211913427907715, 0.4646746528875966, 0.4191234123127683, 0.4028863545323801, 0.3928045631499466, 0.36938687139803894, 0.3619994319552923, 0.3554458040895654, 0.3546316900427706, 0.3525524064243051, 0.34690708996294395, 0.3370784307961673, 0.3318602578405139, 0.33080403153005367, 0.3283279099062171, 0.32739323386716435, 0.32531160153801153, 0.32111935827491367, 0.315515525086034, 0.30766496980206626, 0.30678176290462844, 0.30648328809515313, 0.30645080569937866, 0.30642016155761753, 0.30640855014164725, 0.3064064269377592, 0.3064058959602214, 0.30640577402192204, 0.3064057393883499, 0.3064057314215718, 0.30640572759831075, 0.306405726890162, 0.3064057266705298, 0.30640572663857746, 0.30640572659990395, 0.30640572659662335, 0.30640572659533927, 0.3064057265951027, 0.306405726594976, 0.3064057265949547, 0.30640572659495335, 0.30640572659495025, 0.30640572659494947, 0.30640572659494947, 0.30640572659494936, 0.30640572659494936]}, "10": {"maxiter": 1000, "fatol": 1e-10, "xatol": 1e-05, "duration": 0.09848403930664062, "fun": "0.3064057265992399", "nit": "357", "nfev": "567", "status": "0", "success": "True", "message": "Optimization terminated successfully.", "x": "[4.07870358 2.8886327  3.37107877 1.35786502 6.2735109  5.02203232]", "final_simplex": "(array([[4.07870358, 2.8886327 , 3.37107877, 1.35786502, 6.2735109 ,\n        5.02203232],\n       [4.07870284, 2.88863628, 3.37107768, 1.35785913, 6.27351647,\n        5.0220264 ],\n       [4.07869885, 2.88863498, 3.37107748, 1.35786379, 6.27350279,\n        5.02203102],\n       [4.07870339, 2.88863683, 3.37107745, 1.35786061, 6.27351314,\n        5.02203438],\n       [4.07869995, 2.88863762, 3.37108187, 1.35785874, 6.27350699,\n        5.02203639],\n       [4.07870798, 2.88863459, 3.37107924, 1.35786524, 6.27350453,\n        5.02203193],\n       [4.07870253, 2.88862789, 3.37107483, 1.35785707, 6.27351465,\n        5.02203802]]), array([0.30640573, 0.30640573, 0.30640573, 0.30640573, 0.30640573,\n       0.30640573, 0.30640573]))", "callback": [0.7913762966014112, 0.47211913427907715, 0.4646746528875966, 0.4191234123127683, 0.4028863545323801, 0.3928045631499466, 0.36938687139803894, 0.3619994319552923, 0.3554458040895654, 0.3546316900427706, 0.3525524064243051, 0.34690708996294395, 0.3370784307961673, 0.3318602578405139, 0.33080403153005367, 0.3283279099062171, 0.32739323386716435, 0.32531160153801153, 0.32111935827491367, 0.315515525086034, 0.30766496980206626, 0.30678176290462844, 0.30648328809515313, 0.30645080569937866, 0.30642016155761753, 0.30640855014164725, 0.3064064269377592, 0.3064058959602214, 0.30640577402192204, 0.3064057393883499, 0.3064057314215718, 0.30640572759831075, 0.306405726890162, 0.3064057266705298, 0.30640572663857746, 0.30640572659990395]}, "11": {"maxiter": 1000, "fatol": 1e-10, "xatol": 1e-10, "duration": 0.1375751495361328, "fun": "0.30640572659494936", "nit": "466", "nfev": "796", "status": "0", "success": "True", "message": "Optimization terminated successfully.", "x": "[4.07870062 2.88863614 3.37107991 1.35785949 6.2735132  5.02203119]", "final_simplex": "(array([[4.07870062, 2.88863614, 3.37107991, 1.35785949, 6.2735132 ,\n        5.02203119],\n       [4.07870062, 2.88863614, 3.37107991, 1.35785949, 6.2735132 ,\n        5.02203119],\n       [4.07870062, 2.88863614, 3.37107991, 1.35785949, 6.2735132 ,\n        5.02203119],\n       [4.07870062, 2.88863614, 3.37107991, 1.35785949, 6.2735132 ,\n        5.02203119],\n       [4.07870062, 2.88863614, 3.37107991, 1.35785949, 6.2735132 ,\n        5.02203119],\n       [4.07870062, 2.88863614, 3.37107991, 1.35785949, 6.2735132 ,\n        5.02203119],\n       [4.07870062, 2.88863614, 3.37107991, 1.35785949, 6.2735132 ,\n        5.02203119]]), array([0.30640573, 0.30640573, 0.30640573, 0.30640573, 0.30640573,\n       0.30640573, 0.30640573]))", "callback": [0.7913762966014112, 0.47211913427907715, 0.4646746528875966, 0.4191234123127683, 0.4028863545323801, 0.3928045631499466, 0.36938687139803894, 0.3619994319552923, 0.3554458040895654, 0.3546316900427706, 0.3525524064243051, 0.34690708996294395, 0.3370784307961673, 0.3318602578405139, 0.33080403153005367, 0.3283279099062171, 0.32739323386716435, 0.32531160153801153, 0.32111935827491367, 0.315515525086034, 0.30766496980206626, 0.30678176290462844, 0.30648328809515313, 0.30645080569937866, 0.30642016155761753, 0.30640855014164725, 0.3064064269377592, 0.3064058959602214, 0.30640577402192204, 0.3064057393883499, 0.3064057314215718, 0.30640572759831075, 0.306405726890162, 0.3064057266705298, 0.30640572663857746, 0.30640572659990395, 0.30640572659662335, 0.30640572659533927, 0.3064057265951027, 0.306405726594976, 0.3064057265949547, 0.30640572659495335, 0.30640572659495025, 0.30640572659494947, 0.30640572659494947, 0.30640572659494936, 0.30640572659494936]}}, "bfgs": {"type": "gradient", "0": {"maxiter": 100, "gtol": 1e-05, "xrtol": 1e-05, "eps": 1e-05, "duration": 0.036353111267089844, "fun": "0.30640572674175004", "jac": "[-2.59170463e-07  2.53252974e-07 -2.32190933e-06  5.68088909e-06\n  6.59297061e-06  4.44995152e-06]", "hess_inv": "[[ 7.8214571  -1.16835612  2.86005555  1.74825708  0.64690369  0.74939135]\n [-1.16835612  5.44853755  2.13737124  0.39197347  0.75752    -1.15765054]\n [ 2.86005555  2.13737124  6.49649662  2.44479822  0.10171082  0.64196197]\n [ 1.74825708  0.39197347  2.44479822  7.7477985  -5.60351382 -0.82468411]\n [ 0.64690369  0.75752     0.10171082 -5.60351382 10.42108449  0.76923554]\n [ 0.74939135 -1.15765054  0.64196197 -0.82468411  0.76923554  4.07832915]]", "nfev": "203", "njev": "29", "status": "0", "success": "True", "message": "Optimization terminated successfully.", "x": "[4.07869582 2.88862251 3.3710621  1.35784942 6.27355133 5.02204083]", "nit": "24", "callback": [0.5191177235452528, 0.48828222135550425, 0.43438195817806635, 0.3915968987145517, 0.38631608455797906, 0.3835215573206343, 0.3788394254118951, 0.3726345296888731, 0.370287703930956, 0.3667563779809927, 0.3483651306929886, 0.3423949819437315, 0.334743370255442, 0.3228409254512259, 0.31276283584333764, 0.3099817695390663, 0.3070562294664624, 0.3064270110813373, 0.30642240639572726, 0.30641651174459605, 0.3064079618734874, 0.3064058505531101, 0.30640578487865144, 0.30640572674175004]}, "1": {"maxiter": 100, "gtol": 1e-05, "xrtol": 1e-05, "eps": 1e-10, "duration": 0.04298806190490723, "fun": "0.3064057268193773", "jac": "[ 1.11022293e-06 -5.55111466e-06  1.11022293e-06  5.55111466e-06\n  6.66133760e-06  3.33066880e-06]", "hess_inv": "[[ 7.40649472 -1.05657558  2.55594763  1.55661923  0.34144144  0.50842457]\n [-1.05657558  5.04487499  2.03286617  0.11442621  1.32603846 -0.98635291]\n [ 2.55594763  2.03286617  6.0980935   2.02551781  0.22228932  0.48155273]\n [ 1.55661923  0.11442621  2.02551781  7.47656067 -5.33373411 -0.92116795]\n [ 0.34144144  1.32603846  0.22228932 -5.33373411  9.60118561  0.4769637 ]\n [ 0.50842457 -0.98635291  0.48155273 -0.92116795  0.4769637   4.04463258]]", "nfev": "210", "njev": "30", "status": "0", "success": "True", "message": "Optimization terminated successfully.", "x": "[4.07869735 2.88860675 3.3710636  1.35785755 6.2735494  5.02203921]", "nit": "25", "callback": [0.5191176814943351, 0.4882825608418968, 0.4343821965837128, 0.3915972967302481, 0.38631583538861936, 0.3835212320936141, 0.37883923400404695, 0.3726335983755954, 0.3702853266725722, 0.36675150628984454, 0.3483724943556894, 0.34239914982908515, 0.3347664474526527, 0.3228828723045293, 0.31276295659350006, 0.3099802175194055, 0.3070498341529282, 0.3064266976252311, 0.3064222663705781, 0.30641538489956577, 0.306406715652235, 0.30640586724149577, 0.30640578398564733, 0.30640573005178584, 0.3064057268193773]}, "2": {"maxiter": 100, "gtol": 1e-05, "xrtol": 1e-10, "eps": 1e-05, "duration": 0.03656792640686035, "fun": "0.30640572674175004", "jac": "[-2.59170463e-07  2.53252974e-07 -2.32190933e-06  5.68088909e-06\n  6.59297061e-06  4.44995152e-06]", "hess_inv": "[[ 7.8214571  -1.16835612  2.86005555  1.74825708  0.64690369  0.74939135]\n [-1.16835612  5.44853755  2.13737124  0.39197347  0.75752    -1.15765054]\n [ 2.86005555  2.13737124  6.49649662  2.44479822  0.10171082  0.64196197]\n [ 1.74825708  0.39197347  2.44479822  7.7477985  -5.60351382 -0.82468411]\n [ 0.64690369  0.75752     0.10171082 -5.60351382 10.42108449  0.76923554]\n [ 0.74939135 -1.15765054  0.64196197 -0.82468411  0.76923554  4.07832915]]", "nfev": "203", "njev": "29", "status": "0", "success": "True", "message": "Optimization terminated successfully.", "x": "[4.07869582 2.88862251 3.3710621  1.35784942 6.27355133 5.02204083]", "nit": "24", "callback": [0.5191177235452528, 0.48828222135550425, 0.43438195817806635, 0.3915968987145517, 0.38631608455797906, 0.3835215573206343, 0.3788394254118951, 0.3726345296888731, 0.370287703930956, 0.3667563779809927, 0.3483651306929886, 0.3423949819437315, 0.334743370255442, 0.3228409254512259, 0.31276283584333764, 0.3099817695390663, 0.3070562294664624, 0.3064270110813373, 0.30642240639572726, 0.30641651174459605, 0.3064079618734874, 0.3064058505531101, 0.30640578487865144, 0.30640572674175004]}, "3": {"maxiter": 100, "gtol": 1e-05, "xrtol": 1e-10, "eps": 1e-10, "duration": 0.03730893135070801, "fun": "0.3064057268193773", "jac": "[ 1.11022293e-06 -5.55111466e-06  1.11022293e-06  5.55111466e-06\n  6.66133760e-06  3.33066880e-06]", "hess_inv": "[[ 7.40649472 -1.05657558  2.55594763  1.55661923  0.34144144  0.50842457]\n [-1.05657558  5.04487499  2.03286617  0.11442621  1.32603846 -0.98635291]\n [ 2.55594763  2.03286617  6.0980935   2.02551781  0.22228932  0.48155273]\n [ 1.55661923  0.11442621  2.02551781  7.47656067 -5.33373411 -0.92116795]\n [ 0.34144144  1.32603846  0.22228932 -5.33373411  9.60118561  0.4769637 ]\n [ 0.50842457 -0.98635291  0.48155273 -0.92116795  0.4769637   4.04463258]]", "nfev": "210", "njev": "30", "status": "0", "success": "True", "message": "Optimization terminated successfully.", "x": "[4.07869735 2.88860675 3.3710636  1.35785755 6.2735494  5.02203921]", "nit": "25", "callback": [0.5191176814943351, 0.4882825608418968, 0.4343821965837128, 0.3915972967302481, 0.38631583538861936, 0.3835212320936141, 0.37883923400404695, 0.3726335983755954, 0.3702853266725722, 0.36675150628984454, 0.3483724943556894, 0.34239914982908515, 0.3347664474526527, 0.3228828723045293, 0.31276295659350006, 0.3099802175194055, 0.3070498341529282, 0.3064266976252311, 0.3064222663705781, 0.30641538489956577, 0.306406715652235, 0.30640586724149577, 0.30640578398564733, 0.30640573005178584, 0.3064057268193773]}, "4": {"maxiter": 100, "gtol": 1e-10, "xrtol": 1e-05, "eps": 1e-05, "duration": 0.03901195526123047, "fun": "0.3064057266435747", "jac": "[-2.70872214e-07 -1.13064003e-06  2.28284058e-07  7.45048467e-07\n  7.06168457e-07 -1.06148423e-06]", "hess_inv": "[[ 7.79715748 -1.18535902  2.86100588  1.80167155  0.54494965  0.75420652]\n [-1.18535902  5.4508146   2.13318373  0.39747397  0.67804333 -1.19019114]\n [ 2.86100588  2.13318373  6.49812067  2.4536213   0.10848395  0.65406715]\n [ 1.80167155  0.39747397  2.4536213   7.70206329 -5.36110323 -0.75451596]\n [ 0.54494965  0.67804333  0.10848395 -5.36110323  9.99798728  0.81005453]\n [ 0.75420652 -1.19019114  0.65406715 -0.75451596  0.81005453  4.16835077]]", "nfev": "210", "njev": "30", "status": "0", "success": "True", "message": "Optimization terminated successfully.", "x": "[4.0786876  2.88862434 3.37105982 1.35785043 6.27351248 5.02202324]", "nit": "25", "callback": [0.5191177235452528, 0.48828222135550425, 0.43438195817806635, 0.3915968987145517, 0.38631608455797906, 0.3835215573206343, 0.3788394254118951, 0.3726345296888731, 0.370287703930956, 0.3667563779809927, 0.3483651306929886, 0.3423949819437315, 0.334743370255442, 0.3228409254512259, 0.31276283584333764, 0.3099817695390663, 0.3070562294664624, 0.3064270110813373, 0.30642240639572726, 0.30641651174459605, 0.3064079618734874, 0.3064058505531101, 0.30640578487865144, 0.30640572674175004, 0.3064057266435747]}, "5": {"maxiter": 100, "gtol": 1e-10, "xrtol": 1e-05, "eps": 1e-10, "duration": 0.03833293914794922, "fun": "0.30640572675024524", "jac": "[-5.55111466e-06 -1.11022293e-06  2.22044587e-06  0.00000000e+00\n  0.00000000e+00 -2.22044587e-06]", "hess_inv": "[[ 7.76847055 -1.85886168  2.31866268  1.91331202  0.7348178   0.85883368]\n [-1.85886168  5.63412997  1.70775089 -0.06852518  0.5311055  -1.48436269]\n [ 2.31866268  1.70775089  5.64447362  2.22663093  0.01950051  0.45129888]\n [ 1.91331202 -0.06852518  2.22663093  7.51751118 -4.98542532 -0.71827622]\n [ 0.7348178   0.5311055   0.01950051 -4.98542532 10.02370615  0.83973605]\n [ 0.85883368 -1.48436269  0.45129888 -0.71827622  0.83973605  4.31854253]]", "nfev": "217", "njev": "31", "status": "0", "success": "True", "message": "Optimization terminated successfully.", "x": "[4.07865745 2.88863998 3.37105025 1.35784644 6.27350961 5.02201352]", "nit": "26", "callback": [0.5191176814943351, 0.4882825608418968, 0.4343821965837128, 0.3915972967302481, 0.38631583538861936, 0.3835212320936141, 0.37883923400404695, 0.3726335983755954, 0.3702853266725722, 0.36675150628984454, 0.3483724943556894, 0.34239914982908515, 0.3347664474526527, 0.3228828723045293, 0.31276295659350006, 0.3099802175194055, 0.3070498341529282, 0.3064266976252311, 0.3064222663705781, 0.30641538489956577, 0.306406715652235, 0.30640586724149577, 0.30640578398564733, 0.30640573005178584, 0.3064057268193773, 0.30640572675024524]}, "6": {"maxiter": 100, "gtol": 1e-10, "xrtol": 1e-10, "eps": 1e-05, "duration": 0.040884971618652344, "fun": "0.30640572663484644", "jac": "[-2.22044605e-11 -2.22044605e-11  3.33066907e-11  2.22044605e-11\n  2.22044605e-11  1.11022302e-11]", "hess_inv": "[[ 7.85955399 -1.26081909  2.86722593  1.85830159  0.6538322   0.74946852]\n [-1.26081909  5.3902025   2.1092973   0.51355041  0.22867656 -1.41347147]\n [ 2.86722593  2.1092973   6.49946687  2.48938083  0.02881303  0.61727584]\n [ 1.85830159  0.51355041  2.48938083  7.57034658 -5.09027139 -0.52110082]\n [ 0.6538322   0.22867656  0.02881303 -5.09027139 10.44389791  0.4377398 ]\n [ 0.74946852 -1.41347147  0.61727584 -0.52110082  0.4377398   3.81546297]]", "nfev": "231", "njev": "33", "status": "0", "success": "True", "message": "Optimization terminated successfully.", "x": "[4.07868667 2.88862756 3.3710603  1.35784836 6.2735098  5.02202586]", "nit": "28", "callback": [0.5191177235452528, 0.48828222135550425, 0.43438195817806635, 0.3915968987145517, 0.38631608455797906, 0.3835215573206343, 0.3788394254118951, 0.3726345296888731, 0.370287703930956, 0.3667563779809927, 0.3483651306929886, 0.3423949819437315, 0.334743370255442, 0.3228409254512259, 0.31276283584333764, 0.3099817695390663, 0.3070562294664624, 0.3064270110813373, 0.30642240639572726, 0.30641651174459605, 0.3064079618734874, 0.3064058505531101, 0.30640578487865144, 0.30640572674175004, 0.3064057266435747, 0.30640572663492127, 0.30640572663485677, 0.30640572663484644]}, "7": {"maxiter": 100, "gtol": 1e-10, "xrtol": 1e-10, "eps": 1e-10, "duration": 0.08262395858764648, "fun": "0.30640572660219023", "jac": "[3.33066880e-06 2.22044587e-06 2.22044587e-06 2.22044587e-06\n 4.44089173e-06 2.22044587e-06]", "hess_inv": "[[ 0.56495649 -0.42291052 -0.10424637 -0.66191086  0.24452699  0.27233637]\n [-0.42291052  1.00408723 -0.17776118  1.22334325 -1.04892128 -0.88966256]\n [-0.10424637 -0.17776118  0.29595766 -0.1250584   0.22489403  0.10872403]\n [-0.66191086  1.22334325 -0.1250584   1.63833712 -1.22698052 -0.96150084]\n [ 0.24452699 -1.04892128  0.22489403 -1.22698052  1.30750642  1.06794864]\n [ 0.27233637 -0.88966256  0.10872403 -0.96150084  1.06794864  1.06095507]]", "nfev": "462", "njev": "66", "status": "0", "success": "True", "message": "Optimization terminated successfully.", "x": "[4.07869598 2.88863795 3.3710752  1.35785227 6.27352212 5.02202873]", "nit": "45", "callback": [0.5191176814943351, 0.4882825608418968, 0.4343821965837128, 0.3915972967302481, 0.38631583538861936, 0.3835212320936141, 0.37883923400404695, 0.3726335983755954, 0.3702853266725722, 0.36675150628984454, 0.3483724943556894, 0.34239914982908515, 0.3347664474526527, 0.3228828723045293, 0.31276295659350006, 0.3099802175194055, 0.3070498341529282, 0.3064266976252311, 0.3064222663705781, 0.30641538489956577, 0.306406715652235, 0.30640586724149577, 0.30640578398564733, 0.30640573005178584, 0.3064057268193773, 0.30640572675024524, 0.30640572667615784, 0.30640572666619736, 0.3064057266592266, 0.30640572665137955, 0.30640572663976484, 0.3064057266256236, 0.3064057266220739, 0.30640572662024024, 0.30640572661779, 0.3064057266154169, 0.3064057266140642, 0.3064057266131358, 0.30640572661290677, 0.3064057266126605, 0.3064057266113297, 0.3064057266049376, 0.30640572660327414, 0.30640572660219045, 0.30640572660219023]}, "8": {"maxiter": 500, "gtol": 1e-05, "xrtol": 1e-05, "eps": 1e-05, "duration": 0.06929373741149902, "fun": "0.30640572674175004", "jac": "[-2.59170463e-07  2.53252974e-07 -2.32190933e-06  5.68088909e-06\n  6.59297061e-06  4.44995152e-06]", "hess_inv": "[[ 7.8214571  -1.16835612  2.86005555  1.74825708  0.64690369  0.74939135]\n [-1.16835612  5.44853755  2.13737124  0.39197347  0.75752    -1.15765054]\n [ 2.86005555  2.13737124  6.49649662  2.44479822  0.10171082  0.64196197]\n [ 1.74825708  0.39197347  2.44479822  7.7477985  -5.60351382 -0.82468411]\n [ 0.64690369  0.75752     0.10171082 -5.60351382 10.42108449  0.76923554]\n [ 0.74939135 -1.15765054  0.64196197 -0.82468411  0.76923554  4.07832915]]", "nfev": "203", "njev": "29", "status": "0", "success": "True", "message": "Optimization terminated successfully.", "x": "[4.07869582 2.88862251 3.3710621  1.35784942 6.27355133 5.02204083]", "nit": "24", "callback": [0.5191177235452528, 0.48828222135550425, 0.43438195817806635, 0.3915968987145517, 0.38631608455797906, 0.3835215573206343, 0.3788394254118951, 0.3726345296888731, 0.370287703930956, 0.3667563779809927, 0.3483651306929886, 0.3423949819437315, 0.334743370255442, 0.3228409254512259, 0.31276283584333764, 0.3099817695390663, 0.3070562294664624, 0.3064270110813373, 0.30642240639572726, 0.30641651174459605, 0.3064079618734874, 0.3064058505531101, 0.30640578487865144, 0.30640572674175004]}, "9": {"maxiter": 500, "gtol": 1e-05, "xrtol": 1e-05, "eps": 1e-10, "duration": 0.036728858947753906, "fun": "0.3064057268193773", "jac": "[ 1.11022293e-06 -5.55111466e-06  1.11022293e-06  5.55111466e-06\n  6.66133760e-06  3.33066880e-06]", "hess_inv": "[[ 7.40649472 -1.05657558  2.55594763  1.55661923  0.34144144  0.50842457]\n [-1.05657558  5.04487499  2.03286617  0.11442621  1.32603846 -0.98635291]\n [ 2.55594763  2.03286617  6.0980935   2.02551781  0.22228932  0.48155273]\n [ 1.55661923  0.11442621  2.02551781  7.47656067 -5.33373411 -0.92116795]\n [ 0.34144144  1.32603846  0.22228932 -5.33373411  9.60118561  0.4769637 ]\n [ 0.50842457 -0.98635291  0.48155273 -0.92116795  0.4769637   4.04463258]]", "nfev": "210", "njev": "30", "status": "0", "success": "True", "message": "Optimization terminated successfully.", "x": "[4.07869735 2.88860675 3.3710636  1.35785755 6.2735494  5.02203921]", "nit": "25", "callback": [0.5191176814943351, 0.4882825608418968, 0.4343821965837128, 0.3915972967302481, 0.38631583538861936, 0.3835212320936141, 0.37883923400404695, 0.3726335983755954, 0.3702853266725722, 0.36675150628984454, 0.3483724943556894, 0.34239914982908515, 0.3347664474526527, 0.3228828723045293, 0.31276295659350006, 0.3099802175194055, 0.3070498341529282, 0.3064266976252311, 0.3064222663705781, 0.30641538489956577, 0.306406715652235, 0.30640586724149577, 0.30640578398564733, 0.30640573005178584, 0.3064057268193773]}, "10": {"maxiter": 500, "gtol": 1e-05, "xrtol": 1e-10, "eps": 1e-05, "duration": 0.035681962966918945, "fun": "0.30640572674175004", "jac": "[-2.59170463e-07  2.53252974e-07 -2.32190933e-06  5.68088909e-06\n  6.59297061e-06  4.44995152e-06]", "hess_inv": "[[ 7.8214571  -1.16835612  2.86005555  1.74825708  0.64690369  0.74939135]\n [-1.16835612  5.44853755  2.13737124  0.39197347  0.75752    -1.15765054]\n [ 2.86005555  2.13737124  6.49649662  2.44479822  0.10171082  0.64196197]\n [ 1.74825708  0.39197347  2.44479822  7.7477985  -5.60351382 -0.82468411]\n [ 0.64690369  0.75752     0.10171082 -5.60351382 10.42108449  0.76923554]\n [ 0.74939135 -1.15765054  0.64196197 -0.82468411  0.76923554  4.07832915]]", "nfev": "203", "njev": "29", "status": "0", "success": "True", "message": "Optimization terminated successfully.", "x": "[4.07869582 2.88862251 3.3710621  1.35784942 6.27355133 5.02204083]", "nit": "24", "callback": [0.5191177235452528, 0.48828222135550425, 0.43438195817806635, 0.3915968987145517, 0.38631608455797906, 0.3835215573206343, 0.3788394254118951, 0.3726345296888731, 0.370287703930956, 0.3667563779809927, 0.3483651306929886, 0.3423949819437315, 0.334743370255442, 0.3228409254512259, 0.31276283584333764, 0.3099817695390663, 0.3070562294664624, 0.3064270110813373, 0.30642240639572726, 0.30641651174459605, 0.3064079618734874, 0.3064058505531101, 0.30640578487865144, 0.30640572674175004]}, "11": {"maxiter": 500, "gtol": 1e-05, "xrtol": 1e-10, "eps": 1e-10, "duration": 0.03705787658691406, "fun": "0.3064057268193773", "jac": "[ 1.11022293e-06 -5.55111466e-06  1.11022293e-06  5.55111466e-06\n  6.66133760e-06  3.33066880e-06]", "hess_inv": "[[ 7.40649472 -1.05657558  2.55594763  1.55661923  0.34144144  0.50842457]\n [-1.05657558  5.04487499  2.03286617  0.11442621  1.32603846 -0.98635291]\n [ 2.55594763  2.03286617  6.0980935   2.02551781  0.22228932  0.48155273]\n [ 1.55661923  0.11442621  2.02551781  7.47656067 -5.33373411 -0.92116795]\n [ 0.34144144  1.32603846  0.22228932 -5.33373411  9.60118561  0.4769637 ]\n [ 0.50842457 -0.98635291  0.48155273 -0.92116795  0.4769637   4.04463258]]", "nfev": "210", "njev": "30", "status": "0", "success": "True", "message": "Optimization terminated successfully.", "x": "[4.07869735 2.88860675 3.3710636  1.35785755 6.2735494  5.02203921]", "nit": "25", "callback": [0.5191176814943351, 0.4882825608418968, 0.4343821965837128, 0.3915972967302481, 0.38631583538861936, 0.3835212320936141, 0.37883923400404695, 0.3726335983755954, 0.3702853266725722, 0.36675150628984454, 0.3483724943556894, 0.34239914982908515, 0.3347664474526527, 0.3228828723045293, 0.31276295659350006, 0.3099802175194055, 0.3070498341529282, 0.3064266976252311, 0.3064222663705781, 0.30641538489956577, 0.306406715652235, 0.30640586724149577, 0.30640578398564733, 0.30640573005178584, 0.3064057268193773]}, "12": {"maxiter": 500, "gtol": 1e-10, "xrtol": 1e-05, "eps": 1e-05, "duration": 0.037583112716674805, "fun": "0.3064057266435747", "jac": "[-2.70872214e-07 -1.13064003e-06  2.28284058e-07  7.45048467e-07\n  7.06168457e-07 -1.06148423e-06]", "hess_inv": "[[ 7.79715748 -1.18535902  2.86100588  1.80167155  0.54494965  0.75420652]\n [-1.18535902  5.4508146   2.13318373  0.39747397  0.67804333 -1.19019114]\n [ 2.86100588  2.13318373  6.49812067  2.4536213   0.10848395  0.65406715]\n [ 1.80167155  0.39747397  2.4536213   7.70206329 -5.36110323 -0.75451596