{"date": "2024/09/25/, 19:52:13", "conf_id": 305, "data_type": "var_s_rank\n", "num_data_points": 4, "s_rank": 0, "unitary": "[[-0.45070455-0.02711853j,0.78437395-0.06613086j,0.06358678+0.19963393j,-0.07343613+0.35668523j],[-0.01890143-0.03813363j,0.32408202+0.25557629j,0.05872864-0.68979805j,0.55466693-0.20227297j],[-0.11215405+0.64023111j,-0.13344055+0.29565494j,-0.49012687-0.19046288j,-0.04241254+0.44046348j],[0.55771659+0.24656916j,0.31851997-0.05798805j,0.28761525-0.34294258j,-0.56718418+0.03616933j]]", "databatch_0": {"databatch": "[[[-0.17368492+0.07824921j,-0.09038767-0.29579168j,-0.14595532-0.13859631j,0.06540746+0.18298953j],[0.10455071-0.05356767j,0.25695742-0.01637574j,0.24460874-0.05879003j,0.07682102+0.05873995j],[-0.35628716-0.04440185j,0.02793868+0.05707232j,0.08393518+0.09491518j,-0.40362861-0.118209j],[-0.03840533+0.208607j,-0.15914777-0.05468809j,0.29055998-0.18073101j,0.02546466-0.34654634j]],[[-0.14872355-0.2241198j,0.19086786-0.01545465j,0.16724386-0.15827211j,-0.17524378-0.20244182j],[0.20491033+0.27777561j,-0.24365287+0.03197755j,-0.20426808+0.21352265j,0.2375196+0.24829978j],[0.12054357+0.20499634j,-0.16924568+0.0044852j,-0.15524267+0.13170249j,0.14499666+0.1871309j],[0.16997151-0.1805434j,0.05393282+0.16809288j,0.17717766+0.11691157j,0.14494572-0.19980004j]],[[0.38178477-0.2570107j,-0.08694182+0.06823235j,-0.12167999-0.04413714j,0.07521985+0.08438739j],[0.01141481-0.03993368j,-0.11342754+0.16204971j,-0.03889954+0.41840532j,-0.1637903+0.17487792j],[0.05622685-0.02994653j,0.13030699+0.0606784j,-0.01942873-0.04706815j,-0.41924886-0.29855936j],[0.05147281+0.2137291j,-0.18166986+0.09260634j,-0.06346306+0.28700761j,-0.05490144+0.00752133j]],[[-0.22732737-0.04615686j,-0.05930676+0.15115867j,-0.176269-0.03103756j,-0.12949642+0.00116205j],[0.17961164-0.14998207j,-0.08169651-0.14197126j,0.13552688-0.11929042j,0.08068852-0.10273813j],[0.03445911+0.04663611j,0.03632075-0.01812104j,0.02751536+0.03527954j,0.0242274+0.02147082j],[0.46032674-0.30554678j,-0.15501945-0.35432669j,0.34892486-0.24491676j,0.21594172-0.22025209j]]]", "initial param values": "[2.50172213,1.63217136,2.51007889,1.83188898,5.29295264,2.92482111]", "nelder_mead": {"type": "gradient-free", "0": {"maxiter": 100, "fatol": 1e-05, "xatol": 1e-05, "duration": 0.0449221134185791, "fun": "0.5155014885672264", "nit": "100", "nfev": "161", "status": "2", "success": "False", "message": "Maximum number of iterations has been exceeded.", "x": "[1.00520585 1.52941648 3.39700687 2.34384133 5.40227648 3.06398564]", "final_simplex": "(array([[1.00520585, 1.52941648, 3.39700687, 2.34384133, 5.40227648,\n        3.06398564],\n       [1.00327755, 1.53440748, 3.38111674, 2.3354813 , 5.40209737,\n        3.07371007],\n       [1.00759064, 1.53586119, 3.39243284, 2.33667431, 5.40124101,\n        3.06582982],\n       [0.99491451, 1.53395875, 3.39210828, 2.34162354, 5.40582372,\n        3.0694766 ],\n       [1.00042064, 1.53243486, 3.38708097, 2.33643522, 5.41423977,\n        3.07553264],\n       [1.00309352, 1.54175539, 3.38013571, 2.33169811, 5.41276787,\n        3.06998295],\n       [0.99511917, 1.53235293, 3.38949336, 2.3447142 , 5.40576256,\n        3.07690447]]), array([0.51550149, 0.51550466, 0.51550641, 0.51550643, 0.51551181,\n       0.51552066, 0.51552255]))", "callback": [0.6851059952274999, 0.5695839817692693, 0.5498504712410281, 0.5410065286552559, 0.532023481561581, 0.5223147381064168, 0.5186771858482416, 0.5156407170198021, 0.5156182169725306, 0.515520656632277]}, "1": {"maxiter": 100, "fatol": 1e-05, "xatol": 1e-10, "duration": 0.03996109962463379, "fun": "0.5155014885672264", "nit": "100", "nfev": "161", "status": "2", "success": "False", "message": "Maximum number of iterations has been exceeded.", "x": "[1.00520585 1.52941648 3.39700687 2.34384133 5.40227648 3.06398564]", "final_simplex": "(array([[1.00520585, 1.52941648, 3.39700687, 2.34384133, 5.40227648,\n        3.06398564],\n       [1.00327755, 1.53440748, 3.38111674, 2.3354813 , 5.40209737,\n        3.07371007],\n       [1.00759064, 1.53586119, 3.39243284, 2.33667431, 5.40124101,\n        3.06582982],\n       [0.99491451, 1.53395875, 3.39210828, 2.34162354, 5.40582372,\n        3.0694766 ],\n       [1.00042064, 1.53243486, 3.38708097, 2.33643522, 5.41423977,\n        3.07553264],\n       [1.00309352, 1.54175539, 3.38013571, 2.33169811, 5.41276787,\n        3.06998295],\n       [0.99511917, 1.53235293, 3.38949336, 2.3447142 , 5.40576256,\n        3.07690447]]), array([0.51550149, 0.51550466, 0.51550641, 0.51550643, 0.51551181,\n       0.51552066, 0.51552255]))", "callback": [0.6851059952274999, 0.5695839817692693, 0.5498504712410281, 0.5410065286552559, 0.532023481561581, 0.5223147381064168, 0.5186771858482416, 0.5156407170198021, 0.5156182169725306, 0.515520656632277]}, "2": {"maxiter": 100, "fatol": 1e-10, "xatol": 1e-05, "duration": 0.04287075996398926, "fun": "0.5155014885672264", "nit": "100", "nfev": "161", "status": "2", "success": "False", "message": "Maximum number of iterations has been exceeded.", "x": "[1.00520585 1.52941648 3.39700687 2.34384133 5.40227648 3.06398564]", "final_simplex": "(array([[1.00520585, 1.52941648, 3.39700687, 2.34384133, 5.40227648,\n        3.06398564],\n       [1.00327755, 1.53440748, 3.38111674, 2.3354813 , 5.40209737,\n        3.07371007],\n       [1.00759064, 1.53586119, 3.39243284, 2.33667431, 5.40124101,\n        3.06582982],\n       [0.99491451, 1.53395875, 3.39210828, 2.34162354, 5.40582372,\n        3.0694766 ],\n       [1.00042064, 1.53243486, 3.38708097, 2.33643522, 5.41423977,\n        3.07553264],\n       [1.00309352, 1.54175539, 3.38013571, 2.33169811, 5.41276787,\n        3.06998295],\n       [0.99511917, 1.53235293, 3.38949336, 2.3447142 , 5.40576256,\n        3.07690447]]), array([0.51550149, 0.51550466, 0.51550641, 0.51550643, 0.51551181,\n       0.51552066, 0.51552255]))", "callback": [0.6851059952274999, 0.5695839817692693, 0.5498504712410281, 0.5410065286552559, 0.532023481561581, 0.5223147381064168, 0.5186771858482416, 0.5156407170198021, 0.5156182169725306, 0.515520656632277]}, "3": {"maxiter": 100, "fatol": 1e-10, "xatol": 1e-10, "duration": 0.037278175354003906, "fun": "0.5155014885672264", "nit": "100", "nfev": "161", "status": "2", "success": "False", "message": "Maximum number of iterations has been exceeded.", "x": "[1.00520585 1.52941648 3.39700687 2.34384133 5.40227648 3.06398564]", "final_simplex": "(array([[1.00520585, 1.52941648, 3.39700687, 2.34384133, 5.40227648,\n        3.06398564],\n       [1.00327755, 1.53440748, 3.38111674, 2.3354813 , 5.40209737,\n        3.07371007],\n       [1.00759064, 1.53586119, 3.39243284, 2.33667431, 5.40124101,\n        3.06582982],\n       [0.99491451, 1.53395875, 3.39210828, 2.34162354, 5.40582372,\n        3.0694766 ],\n       [1.00042064, 1.53243486, 3.38708097, 2.33643522, 5.41423977,\n        3.07553264],\n       [1.00309352, 1.54175539, 3.38013571, 2.33169811, 5.41276787,\n        3.06998295],\n       [0.99511917, 1.53235293, 3.38949336, 2.3447142 , 5.40576256,\n        3.07690447]]), array([0.51550149, 0.51550466, 0.51550641, 0.51550643, 0.51551181,\n       0.51552066, 0.51552255]))", "callback": [0.6851059952274999, 0.5695839817692693, 0.5498504712410281, 0.5410065286552559, 0.532023481561581, 0.5223147381064168, 0.5186771858482416, 0.5156407170198021, 0.5156182169725306, 0.515520656632277]}, "4": {"maxiter": 500, "fatol": 1e-05, "xatol": 1e-05, "duration": 0.09881210327148438, "fun": "0.5154453685075434", "nit": "260", "nfev": "413", "status": "0", "success": "True", "message": "Optimization terminated successfully.", "x": "[0.99977796 1.50849403 3.39651804 2.32654714 5.38435438 3.03747433]", "final_simplex": "(array([[0.99977796, 1.50849403, 3.39651804, 2.32654714, 5.38435438,\n        3.03747433],\n       [0.99977575, 1.50850021, 3.39651114, 2.32654306, 5.38435123,\n        3.03746888],\n       [0.99977879, 1.5085009 , 3.39651136, 2.3265461 , 5.38435496,\n        3.03747657],\n       [0.99977366, 1.50849219, 3.39651335, 2.32654266, 5.38434925,\n        3.03746749],\n       [0.99977585, 1.50849921, 3.39651512, 2.32654374, 5.38435697,\n        3.0374775 ],\n       [0.99977735, 1.50849205, 3.39651313, 2.3265394 , 5.38434705,\n        3.03746837],\n       [0.99978103, 1.508493  , 3.39651287, 2.32654016, 5.38435173,\n        3.03746576]]), array([0.51544537, 0.51544537, 0.51544537, 0.51544537, 0.51544537,\n       0.51544537, 0.51544537]))", "callback": [0.6851059952274999, 0.5695839817692693, 0.5498504712410281, 0.5410065286552559, 0.532023481561581, 0.5223147381064168, 0.5186771858482416, 0.5156407170198021, 0.5156182169725306, 0.515520656632277, 0.5155014885672264, 0.5154910923427051, 0.515476895268652, 0.5154587159248003, 0.5154538855074147, 0.5154490208815049, 0.5154490208815049, 0.5154468575635368, 0.5154456821513602, 0.5154454710933865, 0.5154453936962566, 0.5154453719212168, 0.5154453690038809, 0.5154453686562435, 0.5154453685231024, 0.5154453685157113]}, "5": {"maxiter": 500, "fatol": 1e-05, "xatol": 1e-10, "duration": 0.17527079582214355, "fun": "0.5154453685048433", "nit": "400", "nfev": "685", "status": "0", "success": "True", "message": "Optimization terminated successfully.", "x": "[0.99977659 1.50849549 3.39651741 2.32654655 5.38434975 3.03746814]", "final_simplex": "(array([[0.99977659, 1.50849549, 3.39651741, 2.32654655, 5.38434975,\n        3.03746814],\n       [0.99977659, 1.50849549, 3.39651741, 2.32654655, 5.38434975,\n        3.03746814],\n       [0.99977659, 1.50849549, 3.39651741, 2.32654655, 5.38434975,\n        3.03746814],\n       [0.99977659, 1.50849549, 3.39651741, 2.32654655, 5.38434975,\n        3.03746814],\n       [0.99977659, 1.50849549, 3.39651741, 2.32654655, 5.38434975,\n        3.03746814],\n       [0.99977659, 1.50849549, 3.39651741, 2.32654655, 5.38434975,\n        3.03746814],\n       [0.99977659, 1.50849549, 3.39651741, 2.32654655, 5.38434975,\n        3.03746814]]), array([0.51544537, 0.51544537, 0.51544537, 0.51544537, 0.51544537,\n       0.51544537, 0.51544537]))", "callback": [0.6851059952274999, 0.5695839817692693, 0.5498504712410281, 0.5410065286552559, 0.532023481561581, 0.5223147381064168, 0.5186771858482416, 0.5156407170198021, 0.5156182169725306, 0.515520656632277, 0.5155014885672264, 0.5154910923427051, 0.515476895268652, 0.5154587159248003, 0.5154538855074147, 0.5154490208815049, 0.5154490208815049, 0.5154468575635368, 0.5154456821513602, 0.5154454710933865, 0.5154453936962566, 0.5154453719212168, 0.5154453690038809, 0.5154453686562435, 0.5154453685231024, 0.5154453685157113, 0.5154453685072324, 0.5154453685055418, 0.5154453685050677, 0.5154453685050677, 0.5154453685050037, 0.515445368504872, 0.515445368504872, 0.5154453685048486, 0.5154453685048472, 0.5154453685048441, 0.5154453685048439, 0.5154453685048433, 0.5154453685048433, 0.5154453685048433]}, "6": {"maxiter": 500, "fatol": 1e-10, "xatol": 1e-05, "duration": 0.10359811782836914, "fun": "0.5154453685075434", "nit": "260", "nfev": "413", "status": "0", "success": "True", "message": "Optimization terminated successfully.", "x": "[0.99977796 1.50849403 3.39651804 2.32654714 5.38435438 3.03747433]", "final_simplex": "(array([[0.99977796, 1.50849403, 3.39651804, 2.32654714, 5.38435438,\n        3.03747433],\n       [0.99977575, 1.50850021, 3.39651114, 2.32654306, 5.38435123,\n        3.03746888],\n       [0.99977879, 1.5085009 , 3.39651136, 2.3265461 , 5.38435496,\n        3.03747657],\n       [0.99977366, 1.50849219, 3.39651335, 2.32654266, 5.38434925,\n        3.03746749],\n       [0.99977585, 1.50849921, 3.39651512, 2.32654374, 5.38435697,\n        3.0374775 ],\n       [0.99977735, 1.50849205, 3.39651313, 2.3265394 , 5.38434705,\n        3.03746837],\n       [0.99978103, 1.508493  , 3.39651287, 2.32654016, 5.38435173,\n        3.03746576]]), array([0.51544537, 0.51544537, 0.51544537, 0.51544537, 0.51544537,\n       0.51544537, 0.51544537]))", "callback": [0.6851059952274999, 0.5695839817692693, 0.5498504712410281, 0.5410065286552559, 0.532023481561581, 0.5223147381064168, 0.5186771858482416, 0.5156407170198021, 0.5156182169725306, 0.515520656632277, 0.5155014885672264, 0.5154910923427051, 0.515476895268652, 0.5154587159248003, 0.5154538855074147, 0.5154490208815049, 0.5154490208815049, 0.5154468575635368, 0.5154456821513602, 0.5154454710933865, 0.5154453936962566, 0.5154453719212168, 0.5154453690038809, 0.5154453686562435, 0.5154453685231024, 0.5154453685157113]}, "7": {"maxiter": 500, "fatol": 1e-10, "xatol": 1e-10, "duration": 0.20852208137512207, "fun": "0.5154453685048433", "nit": "400", "nfev": "685", "status": "0", "success": "True", "message": "Optimization terminated successfully.", "x": "[0.99977659 1.50849549 3.39651741 2.32654655 5.38434975 3.03746814]", "final_simplex": "(array([[0.99977659, 1.50849549, 3.39651741, 2.32654655, 5.38434975,\n        3.03746814],\n       [0.99977659, 1.50849549, 3.39651741, 2.32654655, 5.38434975,\n        3.03746814],\n       [0.99977659, 1.50849549, 3.39651741, 2.32654655, 5.38434975,\n        3.03746814],\n       [0.99977659, 1.50849549, 3.39651741, 2.32654655, 5.38434975,\n        3.03746814],\n       [0.99977659, 1.50849549, 3.39651741, 2.32654655, 5.38434975,\n        3.03746814],\n       [0.99977659, 1.50849549, 3.39651741, 2.32654655, 5.38434975,\n        3.03746814],\n       [0.99977659, 1.50849549, 3.39651741, 2.32654655, 5.38434975,\n        3.03746814]]), array([0.51544537, 0.51544537, 0.51544537, 0.51544537, 0.51544537,\n       0.51544537, 0.51544537]))", "callback": [0.6851059952274999, 0.5695839817692693, 0.5498504712410281, 0.5410065286552559, 0.532023481561581, 0.5223147381064168, 0.5186771858482416, 0.5156407170198021, 0.5156182169725306, 0.515520656632277, 0.5155014885672264, 0.5154910923427051, 0.515476895268652, 0.5154587159248003, 0.5154538855074147, 0.5154490208815049, 0.5154490208815049, 0.5154468575635368, 0.5154456821513602, 0.5154454710933865, 0.5154453936962566, 0.5154453719212168, 0.5154453690038809, 0.5154453686562435, 0.5154453685231024, 0.5154453685157113, 0.5154453685072324, 0.5154453685055418, 0.5154453685050677, 0.5154453685050677, 0.5154453685050037, 0.515445368504872, 0.515445368504872, 0.5154453685048486, 0.5154453685048472, 0.5154453685048441, 0.5154453685048439, 0.5154453685048433, 0.5154453685048433, 0.5154453685048433]}, "8": {"maxiter": 1000, "fatol": 1e-05, "xatol": 1e-05, "duration": 0.10359716415405273, "fun": "0.5154453685075434", "nit": "260", "nfev": "413", "status": "0", "success": "True", "message": "Optimization terminated successfully.", "x": "[0.99977796 1.50849403 3.39651804 2.32654714 5.38435438 3.03747433]", "final_simplex": "(array([[0.99977796, 1.50849403, 3.39651804, 2.32654714, 5.38435438,\n        3.03747433],\n       [0.99977575, 1.50850021, 3.39651114, 2.32654306, 5.38435123,\n        3.03746888],\n       [0.99977879, 1.5085009 , 3.39651136, 2.3265461 , 5.38435496,\n        3.03747657],\n       [0.99977366, 1.50849219, 3.39651335, 2.32654266, 5.38434925,\n        3.03746749],\n       [0.99977585, 1.50849921, 3.39651512, 2.32654374, 5.38435697,\n        3.0374775 ],\n       [0.99977735, 1.50849205, 3.39651313, 2.3265394 , 5.38434705,\n        3.03746837],\n       [0.99978103, 1.508493  , 3.39651287, 2.32654016, 5.38435173,\n        3.03746576]]), array([0.51544537, 0.51544537, 0.51544537, 0.51544537, 0.51544537,\n       0.51544537, 0.51544537]))", "callback": [0.6851059952274999, 0.5695839817692693, 0.5498504712410281, 0.5410065286552559, 0.532023481561581, 0.5223147381064168, 0.5186771858482416, 0.5156407170198021, 0.5156182169725306, 0.515520656632277, 0.5155014885672264, 0.5154910923427051, 0.515476895268652, 0.5154587159248003, 0.5154538855074147, 0.5154490208815049, 0.5154490208815049, 0.5154468575635368, 0.5154456821513602, 0.5154454710933865, 0.5154453936962566, 0.5154453719212168, 0.5154453690038809, 0.5154453686562435, 0.5154453685231024, 0.5154453685157113]}, "9": {"maxiter": 1000, "fatol": 1e-05, "xatol": 1e-10, "duration": 0.1679680347442627, "fun": "0.5154453685048433", "nit": "400", "nfev": "685", "status": "0", "success": "True", "message": "Optimization terminated successfully.", "x": "[0.99977659 1.50849549 3.39651741 2.32654655 5.38434975 3.03746814]", "final_simplex": "(array([[0.99977659, 1.50849549, 3.39651741, 2.32654655, 5.38434975,\n        3.03746814],\n       [0.99977659, 1.50849549, 3.39651741, 2.32654655, 5.38434975,\n        3.03746814],\n       [0.99977659, 1.50849549, 3.39651741, 2.32654655, 5.38434975,\n        3.03746814],\n       [0.99977659, 1.50849549, 3.39651741, 2.32654655, 5.38434975,\n        3.03746814],\n       [0.99977659, 1.50849549, 3.39651741, 2.32654655, 5.38434975,\n        3.03746814],\n       [0.99977659, 1.50849549, 3.39651741, 2.32654655, 5.38434975,\n        3.03746814],\n       [0.99977659, 1.50849549, 3.39651741, 2.32654655, 5.38434975,\n        3.03746814]]), array([0.51544537, 0.51544537, 0.51544537, 0.51544537, 0.51544537,\n       0.51544537, 0.51544537]))", "callback": [0.6851059952274999, 0.5695839817692693, 0.5498504712410281, 0.5410065286552559, 0.532023481561581, 0.5223147381064168, 0.5186771858482416, 0.5156407170198021, 0.5156182169725306, 0.515520656632277, 0.5155014885672264, 0.5154910923427051, 0.515476895268652, 0.5154587159248003, 0.5154538855074147, 0.5154490208815049, 0.5154490208815049, 0.5154468575635368, 0.5154456821513602, 0.5154454710933865, 0.5154453936962566, 0.5154453719212168, 0.5154453690038809, 0.5154453686562435, 0.5154453685231024, 0.5154453685157113, 0.5154453685072324, 0.5154453685055418, 0.5154453685050677, 0.5154453685050677, 0.5154453685050037, 0.515445368504872, 0.515445368504872, 0.5154453685048486, 0.5154453685048472, 0.5154453685048441, 0.5154453685048439, 0.5154453685048433, 0.5154453685048433, 0.5154453685048433]}, "10": {"maxiter": 1000, "fatol": 1e-10, "xatol": 1e-05, "duration": 0.10837388038635254, "fun": "0.5154453685075434", "nit": "260", "nfev": "413", "status": "0", "success": "True", "message": "Optimization terminated successfully.", "x": "[0.99977796 1.50849403 3.39651804 2.32654714 5.38435438 3.03747433]", "final_simplex": "(array([[0.99977796, 1.50849403, 3.39651804, 2.32654714, 5.38435438,\n        3.03747433],\n       [0.99977575, 1.50850021, 3.39651114, 2.32654306, 5.38435123,\n        3.03746888],\n       [0.99977879, 1.5085009 , 3.39651136, 2.3265461 , 5.38435496,\n        3.03747657],\n       [0.99977366, 1.50849219, 3.39651335, 2.32654266, 5.38434925,\n        3.03746749],\n       [0.99977585, 1.50849921, 3.39651512, 2.32654374, 5.38435697,\n        3.0374775 ],\n       [0.99977735, 1.50849205, 3.39651313, 2.3265394 , 5.38434705,\n        3.03746837],\n       [0.99978103, 1.508493  , 3.39651287, 2.32654016, 5.38435173,\n        3.03746576]]), array([0.51544537, 0.51544537, 0.51544537, 0.51544537, 0.51544537,\n       0.51544537, 0.51544537]))", "callback": [0.6851059952274999, 0.5695839817692693, 0.5498504712410281, 0.5410065286552559, 0.532023481561581, 0.5223147381064168, 0.5186771858482416, 0.5156407170198021, 0.5156182169725306, 0.515520656632277, 0.5155014885672264, 0.5154910923427051, 0.515476895268652, 0.5154587159248003, 0.5154538855074147, 0.5154490208815049, 0.5154490208815049, 0.5154468575635368, 0.5154456821513602, 0.5154454710933865, 0.5154453936962566, 0.5154453719212168, 0.5154453690038809, 0.5154453686562435, 0.5154453685231024, 0.5154453685157113]}, "11": {"maxiter": 1000, "fatol": 1e-10, "xatol": 1e-10, "duration": 0.17599177360534668, "fun": "0.5154453685048433", "nit": "400", "nfev": "685", "status": "0", "success": "True", "message": "Optimization terminated successfully.", "x": "[0.99977659 1.50849549 3.39651741 2.32654655 5.38434975 3.03746814]", "final_simplex": "(array([[0.99977659, 1.50849549, 3.39651741, 2.32654655, 5.38434975,\n        3.03746814],\n       [0.99977659, 1.50849549, 3.39651741, 2.32654655, 5.38434975,\n        3.03746814],\n       [0.99977659, 1.50849549, 3.39651741, 2.32654655, 5.38434975,\n        3.03746814],\n       [0.99977659, 1.50849549, 3.39651741, 2.32654655, 5.38434975,\n        3.03746814],\n       [0.99977659, 1.50849549, 3.39651741, 2.32654655, 5.38434975,\n        3.03746814],\n       [0.99977659, 1.50849549, 3.39651741, 2.32654655, 5.38434975,\n        3.03746814],\n       [0.99977659, 1.50849549, 3.39651741, 2.32654655, 5.38434975,\n        3.03746814]]), array([0.51544537, 0.51544537, 0.51544537, 0.51544537, 0.51544537,\n       0.51544537, 0.51544537]))", "callback": [0.6851059952274999, 0.5695839817692693, 0.5498504712410281, 0.5410065286552559, 0.532023481561581, 0.5223147381064168, 0.5186771858482416, 0.5156407170198021, 0.5156182169725306, 0.515520656632277, 0.5155014885672264, 0.5154910923427051, 0.515476895268652, 0.5154587159248003, 0.5154538855074147, 0.5154490208815049, 0.5154490208815049, 0.5154468575635368, 0.5154456821513602, 0.5154454710933865, 0.5154453936962566, 0.5154453719212168, 0.5154453690038809, 0.5154453686562435, 0.5154453685231024, 0.5154453685157113, 0.5154453685072324, 0.5154453685055418, 0.5154453685050677, 0.5154453685050677, 0.5154453685050037, 0.515445368504872, 0.515445368504872, 0.5154453685048486, 0.5154453685048472, 0.5154453685048441, 0.5154453685048439, 0.5154453685048433, 0.5154453685048433, 0.5154453685048433]}}, "bfgs": {"type": "gradient", "0": {"maxiter": 100, "gtol": 1e-05, "xrtol": 1e-05, "eps": 1e-05, "duration": 0.04210186004638672, "fun": "0.5154453685272395", "jac": "[ 5.84265969e-07  1.71106462e-06  2.40737430e-06 -7.01771974e-07\n -3.35287353e-08  4.99711383e-07]", "hess_inv": "[[ 5.68989927 -0.11541689 -0.59316844 -2.27626392  2.22078784  1.2758544 ]\n [-0.11541689  9.19567154 -6.08244215  1.08918787  2.50880572  5.41762433]\n [-0.59316844 -6.08244215 10.66072796  2.74726397 -1.32522263 -3.89664515]\n [-2.27626392  1.08918787  2.74726397  6.77636991 -0.38058263 -0.2735869 ]\n [ 2.22078784  2.50880572 -1.32522263 -0.38058263  8.88640201  7.32671476]\n [ 1.2758544   5.41762433 -3.89664515 -0.2735869   7.32671476 12.79368248]]", "nfev": "168", "njev": "24", "status": "0", "success": "True", "message": "Optimization terminated successfully.", "x": "[0.99977428 1.50848417 3.39652871 2.32653972 5.38433555 3.03745165]", "nit": "22", "callback": [0.5589906649861965, 0.5505874909154422, 0.5432245229266163, 0.5304790728534459, 0.5198345235381323, 0.5185830743640231, 0.5179048986833955, 0.5170839433059646, 0.5166840652282663, 0.5161446305399484, 0.5157637398084843, 0.5155611325287773, 0.5155108002774683, 0.5154982492891163, 0.5154831667406999, 0.5154668358805087, 0.5154540474189595, 0.5154474899053221, 0.5154456679170323, 0.5154453942074279, 0.515445369470019, 0.5154453685272395]}, "1": {"maxiter": 100, "gtol": 1e-05, "xrtol": 1e-05, "eps": 1e-10, "duration": 0.041277170181274414, "fun": "0.5154453685365576", "jac": "[ 0.00000000e+00  0.00000000e+00  3.33066880e-06 -1.11022293e-06\n -1.11022293e-06  0.00000000e+00]", "hess_inv": "[[ 5.62381259 -0.15950682 -0.52865011 -2.22880686  2.16673841  1.25086898]\n [-0.15950682  9.14004876 -6.03227047  1.10194978  2.45608362  5.3826469 ]\n [-0.52865011 -6.03227047 10.61481646  2.73245643 -1.25390692 -3.87148546]\n [-2.22880686  1.10194978  2.73245643  6.77698552 -0.31363834 -0.25867292]\n [ 2.16673841  2.45608362 -1.25390692 -0.31363834  8.88484883  7.32954606]\n [ 1.25086898  5.3826469  -3.87148546 -0.25867292  7.32954606 12.80941755]]", "nfev": "168", "njev": "24", "status": "0", "success": "True", "message": "Optimization terminated successfully.", "x": "[0.99977563 1.50848339 3.39654143 2.32654678 5.38434142 3.03745875]", "nit": "22", "callback": [0.558990789186858, 0.5505874769429809, 0.5432243713311584, 0.5304788908050918, 0.5198345768263062, 0.5185830298845586, 0.5179048908192077, 0.5170838658922277, 0.5166840315821575, 0.5161449597856558, 0.5157637300422016, 0.5155613851240042, 0.5155109163764918, 0.515498359434233, 0.5154832370852682, 0.5154668604570527, 0.515454096333348, 0.515447485618585, 0.5154456643226251, 0.5154453934224145, 0.51544536953973, 0.5154453685365576]}, "2": {"maxiter": 100, "gtol": 1e-05, "xrtol": 1e-10, "eps": 1e-05, "duration": 0.04178810119628906, "fun": "0.5154453685272395", "jac": "[ 5.84265969e-07  1.71106462e-06  2.40737430e-06 -7.01771974e-07\n -3.35287353e-08  4.99711383e-07]", "hess_inv": "[[ 5.68989927 -0.11541689 -0.59316844 -2.27626392  2.22078784  1.2758544 ]\n [-0.11541689  9.19567154 -6.08244215  1.08918787  2.50880572  5.41762433]\n [-0.59316844 -6.08244215 10.66072796  2.74726397 -1.32522263 -3.89664515]\n [-2.27626392  1.08918787  2.74726397  6.77636991 -0.38058263 -0.2735869 ]\n [ 2.22078784  2.50880572 -1.32522263 -0.38058263  8.88640201  7.32671476]\n [ 1.2758544   5.41762433 -3.89664515 -0.2735869   7.32671476 12.79368248]]", "nfev": "168", "njev": "24", "status": "0", "success": "True", "message": "Optimization terminated successfully.", "x": "[0.99977428 1.50848417 3.39652871 2.32653972 5.38433555 3.03745165]", "nit": "22", "callback": [0.5589906649861965, 0.5505874909154422, 0.5432245229266163, 0.5304790728534459, 0.5198345235381323, 0.5185830743640231, 0.5179048986833955, 0.5170839433059646, 0.5166840652282663, 0.5161446305399484, 0.5157637398084843, 0.5155611325287773, 0.5155108002774683, 0.5154982492891163, 0.5154831667406999, 0.5154668358805087, 0.5154540474189595, 0.5154474899053221, 0.5154456679170323, 0.5154453942074279, 0.515445369470019, 0.5154453685272395]}, "3": {"maxiter": 100, "gtol": 1e-05, "xrtol": 1e-10, "eps": 1e-10, "duration": 0.04110097885131836, "fun": "0.5154453685365576", "jac": "[ 0.00000000e+00  0.00000000e+00  3.33066880e-06 -1.11022293e-06\n -1.11022293e-06  0.00000000e+00]", "hess_inv": "[[ 5.62381259 -0.15950682 -0.52865011 -2.22880686  2.16673841  1.25086898]\n [-0.15950682  9.14004876 -6.03227047  1.10194978  2.45608362  5.3826469 ]\n [-0.52865011 -6.03227047 10.61481646  2.73245643 -1.25390692 -3.87148546]\n [-2.22880686  1.10194978  2.73245643  6.77698552 -0.31363834 -0.25867292]\n [ 2.16673841  2.45608362 -1.25390692 -0.31363834  8.88484883  7.32954606]\n [ 1.25086898  5.3826469  -3.87148546 -0.25867292  7.32954606 12.80941755]]", "nfev": "168", "njev": "24", "status": "0", "success": "True", "message": "Optimization terminated successfully.", "x": "[0.99977563 1.50848339 3.39654143 2.32654678 5.38434142 3.03745875]", "nit": "22", "callback": [0.558990789186858, 0.5505874769429809, 0.5432243713311584, 0.5304788908050918, 0.5198345768263062, 0.5185830298845586, 0.5179048908192077, 0.5170838658922277, 0.5166840315821575, 0.5161449597856558, 0.5157637300422016, 0.5155613851240042, 0.5155109163764918, 0.515498359434233, 0.5154832370852682, 0.5154668604570527, 0.515454096333348, 0.515447485618585, 0.5154456643226251, 0.5154453934224145, 0.51544536953973, 0.5154453685365576]}, "4": {"maxiter": 100, "gtol": 1e-10, "xrtol": 1e-05, "eps": 1e-05, "duration": 0.044682979583740234, "fun": "0.5154453685269327", "jac": "[ 4.90651964e-07  1.39740441e-06  1.95927718e-06 -5.78959103e-07\n -9.95870053e-09  4.13036272e-07]", "hess_inv": "[[ 5.53382935 -0.27374869 -0.30793905 -2.08898524  2.05683815  1.08762339]\n [-0.27374869  9.039468   -5.87076383  1.24962341  2.33401448  5.21672883]\n [-0.30793905 -5.87076383 11.50391738  2.92414728 -0.87690349 -3.37811268]\n [-2.08898524  1.24962341  2.92414728  6.74916626 -0.12727573  0.01868733]\n [ 2.05683815  2.33401448 -0.87690349 -0.12727573  8.73037765  7.14799871]\n [ 1.08762339  5.21672883 -3.37811268  0.01868733  7.14799871 12.58898632]]", "nfev": "182", "njev": "26", "status": "0", "success": "True", "message": "Optimization terminated successfully.", "x": "[0.99977351 1.50848362 3.39652604 2.32653909 5.38433429 3.0374502 ]", "nit": "23", "callback": [0.5589906649861965, 0.5505874909154422, 0.5432245229266163, 0.5304790728534459, 0.5198345235381323, 0.5185830743640231, 0.5179048986833955, 0.5170839433059646, 0.5166840652282663, 0.5161446305399484, 0.5157637398084843, 0.5155611325287773, 0.5155108002774683, 0.5154982492891163, 0.5154831667406999, 0.5154668358805087, 0.5154540474189595, 0.5154474899053221, 0.5154456679170323, 0.5154453942074279, 0.515445369470019, 0.5154453685272395, 0.5154453685269327]}, "5": {"maxiter": 100, "gtol": 1e-10, "xrtol": 1e-05, "eps": 1e-10, "duration": 0.04490017890930176, "fun": "0.5154453685089939", "jac": "[-1.11022293e-06  0.00000000e+00  2.22044587e-06 -2.22044587e-06\n -1.11022293e-06  0.00000000e+00]", "hess_inv": "[[ 5.61702297  0.1672976  -0.86672048 -2.16806051  2.35414341  1.5327914 ]\n [ 0.1672976  10.24748082 -8.58943347  0.28709395  3.07607731  6.33878163]\n [-0.86672048 -8.58943347 14.83868392  3.39859316 -2.70346272 -6.07834473]\n [-2.16806051  0.28709395  3.39859316  6.49766793 -0.78280131 -0.9615204 ]\n [ 2.35414341  3.07607731 -2.70346272 -0.78280131  9.23175977  7.86484632]\n [ 1.5327914   6.33878163 -6.07834473 -0.9615204   7.86484632 13.63492466]]", "nfev": "182", "njev": "26", "status": "0", "success": "True", "message": "Optimization terminated successfully.", "x": "[0.99977689 1.50849658 3.39652159 2.32654475 5.38434891 3.03747013]", "nit": "23", "callback": [0.558990789186858, 0.5505874769429809, 0.5432243713311584, 0.5304788908050918, 0.5198345768263062, 0.5185830298845586, 0.5179048908192077, 0.5170838658922277, 0.5166840315821575, 0.5161449597856558, 0.5157637300422016, 0.5155613851240042, 0.5155109163764918, 0.515498359434233, 0.5154832370852682, 0.5154668604570527, 0.515454096333348, 0.515447485618585, 0.5154456643226251, 0.5154453934224145, 0.51544536953973, 0.5154453685365576, 0.5154453685089939]}, "6": {"maxiter": 100, "gtol": 1e-10, "xrtol": 1e-10, "eps": 1e-05, "duration": 0.09632706642150879, "fun": "0.5154453685269327", "jac": "[ 4.90651964e-07  1.39740441e-06  1.95927718e-06 -5.78959103e-07\n -9.95870053e-09  4.13036272e-07]", "hess_inv": "[[ 5.69183921 -0.1597788  -0.06677704 -2.0632116   2.31931351  1.37420224]\n [-0.1597788   9.12166132 -5.69422182  1.269085    2.52328918  5.42352697]\n [-0.06677704 -5.69422182 11.27451729  2.76289906 -0.46607884 -2.96225967]\n [-2.0632116   1.269085    2.76289906  6.68602932 -0.08103035  0.05820194]\n [ 2.31931351  2.52328918 -0.46607884 -0.08103035  9.16620914  7.6244127 ]\n [ 1.37420224  5.42352697 -2.96225967  0.05820194  7.6244127  13.10797144]]", "nfev": "397", "njev": "55", "status": "2", "success": "False", "message": "Desired error not necessarily achieved due to precision loss.", "x": "[0.99977351 1.50848362 3.39652604 2.32653909 5.38433429 3.0374502 ]", "nit": "23", "callback": [0.5589906649861965, 0.5505874909154422, 0.5432245229266163, 0.5304790728534459, 0.5198345235381323, 0.5185830743640231, 0.5179048986833955, 0.5170839433059646, 0.5166840652282663, 0.5161446305399484, 0.5157637398084843, 0.5155611325287773, 0.5155108002774683, 0.5154982492891163, 0.5154831667406999, 0.5154668358805087, 0.5154540474189595, 0.5154474899053221, 0.5154456679170323, 0.5154453942074279, 0.515445369470019, 0.5154453685272395, 0.5154453685269327]}, "7": {"maxiter": 100, "gtol": 1e-10, "xrtol": 1e-10, "eps": 1e-10, "duration": 0.06368589401245117, "fun": "0.5154453685071901", "jac": "[ 1.11022293e-06  1.11022293e-06  1.11022293e-06 -1.11022293e-06\n  1.11022293e-06  0.00000000e+00]", "hess_inv": "[[ 4.85942278 -0.99732933 -0.27316142 -3.03527015  0.58700783 -0.57029291]\n [-0.99732933  2.79242857 -3.21337288  0.19713468 -0.96932649  1.09522366]\n [-0.27316142 -3.21337288  6.98574871  3.07852884  0.29796435 -3.43819816]\n [-3.03527015  0.19713468  3.07852884  4.90836559 -1.72088268 -1.71400203]\n [ 0.58700783 -0.96932649  0.29796435 -1.72088268  2.9842329  -0.58918712]\n [-0.57029291  1.09522366 -3.43819816 -1.71400203 -0.58918712  2.60886508]]", "nfev": "259", "njev": "37", "status": "0", "success": "True", "message": "Optimization terminated successfully.", "x": "[0.99977801 1.50850019 3.39651616 2.32654566 5.38435184 3.03747372]", "nit": "27", "callback": [0.558990789186858, 0.5505874769429809, 0.5432243713311584, 0.5304788908050918, 0.5198345768263062, 0.5185830298845586, 0.5179048908192077, 0.5170838658922277, 0.5166840315821575, 0.5161449597856558, 0.5157637300422016, 0.5155613851240042, 0.5155109163764918, 0.515498359434233, 0.5154832370852682, 0.5154668604570527, 0.515454096333348, 0.515447485618585, 0.5154456643226251, 0.5154453934224145, 0.51544536953973, 0.5154453685365576, 0.5154453685089939, 0.5154453685077987, 0.5154453685071902, 0.5154453685071901, 0.5154453685071901]}, "8": {"maxiter": 500, "gtol": 1e-05, "xrtol": 1e-05, "eps": 1e-05, "duration": 0.04096484184265137, "fun": "0.5154453685272395", "jac": "[ 5.84265969e-07  1.71106462e-06  2.40737430e-06 -7.01771974e-07\n -3.35287353e-08  4.99711383e-07]", "hess_inv": "[[ 5.68989927 -0.11541689 -0.59316844 -2.27626392  2.22078784  1.2758544 ]\n [-0.11541689  9.19567154 -6.08244215  1.08918787  2.50880572  5.41762433]\n [-0.59316844 -6.08244215 10.66072796  2.74726397 -1.32522263 -3.89664515]\n [-2.27626392  1.08918787  2.74726397  6.77636991 -0.38058263 -0.2735869 ]\n [ 2.22078784  2.50880572 -1.32522263 -0.38058263  8.88640201  7.32671476]\n [ 1.2758544   5.41762433 -3.89664515 -0.2735869   7.32671476 12.79368248]]", "nfev": "168", "njev": "24", "status": "0", "success": "True", "message": "Optimization terminated successfully.", "x": "[0.99977428 1.50848417 3.39652871 2.32653972 5.38433555 3.03745165]", "nit": "22", "callback": [0.5589906649861965, 0.5505874909154422, 0.5432245229266163, 0.5304790728534459, 0.5198345235381323, 0.5185830743640231, 0.5179048986833955, 0.5170839433059646, 0.5166840652282663, 0.5161446305399484, 0.5157637398084843, 0.5155611325287773, 0.5155108002774683, 0.5154982492891163, 0.5154831667406999, 0.5154668358805087, 0.5154540474189595, 0.5154474899053221, 0.5154456679170323, 0.5154453942074279, 0.515445369470019, 0.5154453685272395]}, "9": {"maxiter": 500, "gtol": 1e-05, "xrtol": 1e-05, "eps": 1e-10, "duration": 0.03998208045959473, "fun": "0.5154453685365576", "jac": "[ 0.00000000e+00  0.00000000e+00  3.33066880e-06 -1.11022293e-06\n -1.11022293e-06  0.00000000e+00]", "hess_inv": "[[ 5.62381259 -0.15950682 -0.52865011 -2.22880686  2.16673841  1.25086898]\n [-0.15950682  9.14004876 -6.03227047  1.10194978  2.45608362  5.3826469 ]\n [-0.52865011 -6.03227047 10.61481646  2.73245643 -1.25390692 -3.87148546]\n [-2.22880686  1.10194978  2.73245643  6.77698552 -0.31363834 -0.25867292]\n [ 2.16673841  2.45608362 -1.25390692 -0.31363834  8.88484883  7.32954606]\n [ 1.25086898  5.3826469  -3.87148546 -0.25867292  7.32954606 12.80941755]]", "nfev": "168", "njev": "24", "status": "0", "success": "True", "message": "Optimization terminated successfully.", "x": "[0.99977563 1.50848339 3.39654143 2.32654678 5.38434142 3.03745875]", "nit": "22", "callback": [0.558990789186858, 0.5505874769429809, 0.5432243713311584, 0.5304788908050918, 0.5198345768263062, 0.5185830298845586, 0.5179048908192077, 0.5170838658922277, 0.5166840315821575, 0.5161449597856558, 0.5157637300422016, 0.5155613851240042, 0.5155109163764918, 0.515498359434233, 0.5154832370852682, 0.5154668604570527, 0.515454096333348, 0.515447485618585, 0.5154456643226251, 0.5154453934224145, 0.51544536953973, 0.5154453685365576]}, "10": {"maxiter": 500, "gtol": 1e-05, "xrtol": 1e-10, "eps": 1e-05, "duration": 0.04016280174255371, "fun": "0.5154453685272395", "jac": "[ 5.84265969e-07  1.71106462e-06  2.40737430e-06 -7.01771974e-07\n -3.35287353e-08  4.99711383e-07]", "hess_inv": "[[ 5.68989927 -0.11541689 -0.59316844 -2.27626392  2.22078784  1.2758544 ]\n [-0.11541689  9.19567154 -6.08244215  1.08918787  2.50880572  5.41762433]\n [-0.59316844 -6.08244215 10.66072796  2.74726397 -1.32522263 -3.89664515]\n [-2.27626392  1.08918787  2.74726397  6.77636991 -0.38058263 -0.2735869 ]\n [ 2.22078784  2.50880572 -1.32522263 -0.38058263  8.88640201  7.32671476]\n [ 1.2758544   5.41762433 -3.89664515 -0.2735869   7.32671476 12.79368248]]", "nfev": "168", "njev": "24", "status": "0", "success": "True", "message": "Optimization terminated successfully.", "x": "[0.99977428 1.50848417 3.39652871 2.32653972 5.38433555 3.03745165]", "nit": "22", "callback": [0.5589906649861965, 0.5505874909154422, 0.5432245229266163, 0.5304790728534459, 0.5198345235381323, 0.5185830743640231, 0.5179048986833955, 0.5170839433059646, 0.5166840652282663, 0.5161446305399484, 0.5157637398084843, 0.5155611325287773, 0.5155108002774683, 0.5154982492891163, 0.5154831667406999, 0.5154668358805087, 0.5154540474189595, 0.5154474899053221, 0.5154456679170323, 0.5154453942074279, 0.515445369470019, 0.5154453685272395]}, "11": {"maxiter": 500, "gtol": 1e-05, "xrtol": 1e-10, "eps": 1e-10, "duration": 0.0394749641418457, "fun": "0.5154453685365576", "jac": "[ 0.00000000e+00  0.00000000e+00  3.33066880e-06 -1.11022293e-06\n -1.11022293e-06  0.00000000e+00]", "hess_inv": "[[ 5.62381259 -0.15950682 -0.52865011 -2.22880686  2.16673841  1.25086898]\n [-0.15950682  9.14004876 -6.03227047  1.10194978  2.45608362  5.3826469 ]\n [-0.52865011 -6.03227047 10.61481646  2.73245643 -1.25390692 -3.87148546]\n [-2.22880686  1.10194978  2.73245643  6.77698552 -0.31363834 -0.25867292]\n [ 2.16673841  2.45608362 -1.25390692 -0.31363834  8.88484883  7.32954606]\n [ 1.25086898  5.3826469  -3.87148546 -0.25867292  7.32954606 12.80941755]]", "nfev": "168", "njev": "24", "status": "0", "success": "True", "message": "Optimization terminated successfully.", "x": "[0.99977563 1.50848339 3.39654143 2.32654678 5.38434142 3.03745875]", "nit": "22", "callback": [0.558990789186858, 0.5505874769429809, 0.5432243713311584, 0.5304788908050918, 0.5198345768263062, 0.5185830298845586, 0.5179048908192077, 0.5170838658922277, 0.5166840315821575, 0.5161449597856558, 0.5157637300422016, 0.5155613851240042, 0.5155109163764918, 0.515498359434233, 0.5154832370852682, 0.5154668604570527, 0.515454096333348, 0.515447485618585, 0.5154456643226251, 0.5154453934224145, 0.51544536953973, 0.5154453685365576]}, "12": {"maxiter": 500, "gtol": 1e-10, "xrtol": 1e-05, "eps": 1e-05, "duration": 0.045296669006347656, "fun": "0.5154453685269327", "jac": "[ 4.90651964e-07  1.39740441e-06  1.95927718e-06 -5.78959103e-07\n -9.95870053e-09  4.13036272e-07]", "hess_inv": "[[ 5.53382935 -0.27374869 -0.30793905 -2.08898524  2.05683815  1.08762339]\n [-0.27374869  9.039468   -5.87076383  1.24962341  2.33401448  5.21672883]\n [-0.30793905 -5.87076383 11.50391738  2.92414728 -0.87690349 -3.37811268]\n [-2.08898524  1.24962341  2.92414728  6.74916626 -0.12727573  0.01868733]\n [ 2.05683815  2.33401448 -0.87690349 -0.12727573  8.73037765  7.14799871]\n [ 1.08762339  5.21672883 -3.37811268  0.01868733  7.14799871 12.58898632]]", "nfev": "182", "njev": "26", "status": "0", "success": "True", "message": "Optimization terminated successfully.", "x": "[0.99977351 1.50848362 3.39652604 2.32653909 5.38433429 3.0374502 ]", "nit": "23", "callback": [0.5589906649861965, 0.5505874909154422, 0.5432245229266163, 0.5304790728534459, 0.5198345235381323, 0.5185830743640231, 0.5179048986833955, 0.5170839433059646, 0.5166840652282663, 0.5161446305399484, 0.5157637398084843, 0.5155611325287773, 0.5155108002774683, 0.5154982492891163, 0.5154831667406999, 0.5154668358805087, 0.5154540474189595, 0.5154474899053221, 0.5154456679170323, 0.5154453942074279, 0.515445369470019, 0.5154453685272395, 0.5154453685269327]}, "13": {"maxiter": 500, "gtol": 1e-10, "xrtol": 1e-05, "eps": 1e-10, "duration": 0.04388904571533203, "fun": "0.5154453685089939", "jac": "[-1.11022293e-06  0.00000000e+00  2.22044587e-06 -2.22044587e-06\n -1.11022293e-06  0.00000000e+00]", "hess_inv": "[[ 5.61702297  0.1672976  -0.86672048 -2.16806051  2.35414341  1.5327914 ]\n [ 0.1672976  10.24748082 -8.58943347  0.28709395  3.07607731  6.33878163]\n [-0.86672048 -8.58943347 14.83868392  3.39859316 -2.70346272 -6.07834473]\n [-2.16806051  0.28709395  3.39859316  6.49766793 -0.78280131 -0.9615204 ]\n [ 2.35414341  3.07607731 -2.70346272 -0.78280131  9.23175977  7.86484632]\n [ 1.5327914   6.33878163 -6.07834473 -0.9615204   7.86484632 13.63492466]]", "nfev": "182"