{"date": "2024/09/25/, 06:34:21", "conf_id": 160, "data_type": "non_lin_ind\n", "num_data_points": 1, "s_rank": 0, "unitary": "[[-0.45070455-0.02711853j,0.78437395-0.06613086j,0.06358678+0.19963393j,-0.07343613+0.35668523j],[-0.01890143-0.03813363j,0.32408202+0.25557629j,0.05872864-0.68979805j,0.55466693-0.20227297j],[-0.11215405+0.64023111j,-0.13344055+0.29565494j,-0.49012687-0.19046288j,-0.04241254+0.44046348j],[0.55771659+0.24656916j,0.31851997-0.05798805j,0.28761525-0.34294258j,-0.56718418+0.03616933j]]", "databatch_0": {"databatch": "[[[-0.25774562-0.18233021j,0.13426677-0.07011982j,-0.29546799-0.1749677j,0.30109648-0.01863973j],[-0.16083159-0.23039787j,0.13357092-0.0182223j,-0.19463778-0.23560897j,0.25773676+0.07519403j],[-0.2618301-0.02370814j,0.06744232-0.10658974j,-0.28593076-0.00264985j,0.20912792-0.13917731j],[0.21582179+0.07951648j,-0.08119559+0.07473017j,0.24096768+0.06720087j,-0.20830296+0.07007161j]]]", "initial param values": "[2.35768415,1.47118697,5.37888345,2.06479032,5.23082812,2.03340077]", "nelder_mead": {"type": "gradient-free", "0": {"maxiter": 100, "fatol": 1e-05, "xatol": 1e-05, "duration": 0.03662896156311035, "fun": "0.3289714902835452", "nit": "100", "nfev": "156", "status": "2", "success": "False", "message": "Maximum number of iterations has been exceeded.", "x": "[2.04082981 1.91651813 3.342833   3.52695844 4.76060491 2.77813046]", "final_simplex": "(array([[2.04082981, 1.91651813, 3.342833  , 3.52695844, 4.76060491,\n        2.77813046],\n       [1.84543715, 1.92763107, 3.31013079, 3.71126143, 4.79592477,\n        2.91104383],\n       [2.04181494, 1.88681441, 3.31966627, 3.42385474, 4.92775043,\n        2.7187404 ],\n       [1.76029125, 1.94034803, 3.25036493, 3.59345277, 4.75929296,\n        2.954101  ],\n       [1.85601082, 1.89868734, 3.32362922, 3.43103223, 4.90595506,\n        2.86159597],\n       [1.48697604, 2.02679811, 3.33292787, 3.82187607, 4.9966538 ,\n        2.93399069],\n       [1.97252115, 1.8656199 , 3.19390288, 3.53297949, 4.9756434 ,\n        2.87157047]]), array([0.32897149, 0.33016152, 0.33653982, 0.33713366, 0.33821582,\n       0.33851424, 0.33875872]))", "callback": [0.8151140397324249, 0.4760120390819593, 0.44229370184761485, 0.41264599812467373, 0.4082240131319381, 0.39636589862969096, 0.3894199499407126, 0.37241278999184557, 0.3551074586971994, 0.3371336637607245]}, "1": {"maxiter": 100, "fatol": 1e-05, "xatol": 1e-10, "duration": 0.03633880615234375, "fun": "0.3289714902835452", "nit": "100", "nfev": "156", "status": "2", "success": "False", "message": "Maximum number of iterations has been exceeded.", "x": "[2.04082981 1.91651813 3.342833   3.52695844 4.76060491 2.77813046]", "final_simplex": "(array([[2.04082981, 1.91651813, 3.342833  , 3.52695844, 4.76060491,\n        2.77813046],\n       [1.84543715, 1.92763107, 3.31013079, 3.71126143, 4.79592477,\n        2.91104383],\n       [2.04181494, 1.88681441, 3.31966627, 3.42385474, 4.92775043,\n        2.7187404 ],\n       [1.76029125, 1.94034803, 3.25036493, 3.59345277, 4.75929296,\n        2.954101  ],\n       [1.85601082, 1.89868734, 3.32362922, 3.43103223, 4.90595506,\n        2.86159597],\n       [1.48697604, 2.02679811, 3.33292787, 3.82187607, 4.9966538 ,\n        2.93399069],\n       [1.97252115, 1.8656199 , 3.19390288, 3.53297949, 4.9756434 ,\n        2.87157047]]), array([0.32897149, 0.33016152, 0.33653982, 0.33713366, 0.33821582,\n       0.33851424, 0.33875872]))", "callback": [0.8151140397324249, 0.4760120390819593, 0.44229370184761485, 0.41264599812467373, 0.4082240131319381, 0.39636589862969096, 0.3894199499407126, 0.37241278999184557, 0.3551074586971994, 0.3371336637607245]}, "2": {"maxiter": 100, "fatol": 1e-10, "xatol": 1e-05, "duration": 0.03658604621887207, "fun": "0.3289714902835452", "nit": "100", "nfev": "156", "status": "2", "success": "False", "message": "Maximum number of iterations has been exceeded.", "x": "[2.04082981 1.91651813 3.342833   3.52695844 4.76060491 2.77813046]", "final_simplex": "(array([[2.04082981, 1.91651813, 3.342833  , 3.52695844, 4.76060491,\n        2.77813046],\n       [1.84543715, 1.92763107, 3.31013079, 3.71126143, 4.79592477,\n        2.91104383],\n       [2.04181494, 1.88681441, 3.31966627, 3.42385474, 4.92775043,\n        2.7187404 ],\n       [1.76029125, 1.94034803, 3.25036493, 3.59345277, 4.75929296,\n        2.954101  ],\n       [1.85601082, 1.89868734, 3.32362922, 3.43103223, 4.90595506,\n        2.86159597],\n       [1.48697604, 2.02679811, 3.33292787, 3.82187607, 4.9966538 ,\n        2.93399069],\n       [1.97252115, 1.8656199 , 3.19390288, 3.53297949, 4.9756434 ,\n        2.87157047]]), array([0.32897149, 0.33016152, 0.33653982, 0.33713366, 0.33821582,\n       0.33851424, 0.33875872]))", "callback": [0.8151140397324249, 0.4760120390819593, 0.44229370184761485, 0.41264599812467373, 0.4082240131319381, 0.39636589862969096, 0.3894199499407126, 0.37241278999184557, 0.3551074586971994, 0.3371336637607245]}, "3": {"maxiter": 100, "fatol": 1e-10, "xatol": 1e-10, "duration": 0.03538799285888672, "fun": "0.3289714902835452", "nit": "100", "nfev": "156", "status": "2", "success": "False", "message": "Maximum number of iterations has been exceeded.", "x": "[2.04082981 1.91651813 3.342833   3.52695844 4.76060491 2.77813046]", "final_simplex": "(array([[2.04082981, 1.91651813, 3.342833  , 3.52695844, 4.76060491,\n        2.77813046],\n       [1.84543715, 1.92763107, 3.31013079, 3.71126143, 4.79592477,\n        2.91104383],\n       [2.04181494, 1.88681441, 3.31966627, 3.42385474, 4.92775043,\n        2.7187404 ],\n       [1.76029125, 1.94034803, 3.25036493, 3.59345277, 4.75929296,\n        2.954101  ],\n       [1.85601082, 1.89868734, 3.32362922, 3.43103223, 4.90595506,\n        2.86159597],\n       [1.48697604, 2.02679811, 3.33292787, 3.82187607, 4.9966538 ,\n        2.93399069],\n       [1.97252115, 1.8656199 , 3.19390288, 3.53297949, 4.9756434 ,\n        2.87157047]]), array([0.32897149, 0.33016152, 0.33653982, 0.33713366, 0.33821582,\n       0.33851424, 0.33875872]))", "callback": [0.8151140397324249, 0.4760120390819593, 0.44229370184761485, 0.41264599812467373, 0.4082240131319381, 0.39636589862969096, 0.3894199499407126, 0.37241278999184557, 0.3551074586971994, 0.3371336637607245]}, "4": {"maxiter": 500, "fatol": 1e-05, "xatol": 1e-05, "duration": 0.10858988761901855, "fun": "0.2928993663840167", "nit": "292", "nfev": "476", "status": "0", "success": "True", "message": "Optimization terminated successfully.", "x": "[1.93525321 2.60783207 3.22357474 4.11029304 4.15226742 1.88864114]", "final_simplex": "(array([[1.93525321, 2.60783207, 3.22357474, 4.11029304, 4.15226742,\n        1.88864114],\n       [1.9352543 , 2.60783393, 3.22357908, 4.11028739, 4.15226668,\n        1.88863618],\n       [1.93525564, 2.60783739, 3.22357126, 4.11029649, 4.15225934,\n        1.88863224],\n       [1.93525182, 2.60783124, 3.22357908, 4.11029   , 4.15226861,\n        1.88864146],\n       [1.93525939, 2.60783399, 3.22358104, 4.11028516, 4.15226373,\n        1.88863226],\n       [1.93525744, 2.60783552, 3.22357943, 4.11029178, 4.15226199,\n        1.88863213],\n       [1.93525267, 2.60783292, 3.22357831, 4.11028868, 4.15227173,\n        1.88863861]]), array([0.29289937, 0.29289937, 0.29289937, 0.29289937, 0.29289937,\n       0.29289937, 0.29289937]))", "callback": [0.8151140397324249, 0.4760120390819593, 0.44229370184761485, 0.41264599812467373, 0.4082240131319381, 0.39636589862969096, 0.3894199499407126, 0.37241278999184557, 0.3551074586971994, 0.3371336637607245, 0.3289714902835452, 0.3207795713431352, 0.3146938657722884, 0.30407326923128575, 0.29329302091633225, 0.29329302091633225, 0.2929806438410396, 0.2929167969681321, 0.29290340709390594, 0.2929000822572738, 0.2928995993009944, 0.2928994604758868, 0.2928994135983316, 0.2928993804968738, 0.29289937117978015, 0.2928993672338063, 0.2928993665807271, 0.2928993664304713, 0.29289936638979874, 0.2928993663840167]}, "5": {"maxiter": 500, "fatol": 1e-05, "xatol": 1e-10, "duration": 0.15868282318115234, "fun": "0.29289936638141756", "nit": "392", "nfev": "698", "status": "0", "success": "True", "message": "Optimization terminated successfully.", "x": "[1.93525553 2.60783271 3.22357505 4.11029235 4.15226082 1.88863887]", "final_simplex": "(array([[1.93525553, 2.60783271, 3.22357505, 4.11029235, 4.15226082,\n        1.88863887],\n       [1.93525553, 2.60783271, 3.22357505, 4.11029235, 4.15226082,\n        1.88863887],\n       [1.93525553, 2.60783271, 3.22357505, 4.11029235, 4.15226082,\n        1.88863887],\n       [1.93525553, 2.60783271, 3.22357505, 4.11029235, 4.15226082,\n        1.88863887],\n       [1.93525553, 2.60783271, 3.22357505, 4.11029235, 4.15226082,\n        1.88863887],\n       [1.93525553, 2.60783271, 3.22357505, 4.11029235, 4.15226082,\n        1.88863887],\n       [1.93525553, 2.60783271, 3.22357505, 4.11029235, 4.15226082,\n        1.88863887]]), array([0.29289937, 0.29289937, 0.29289937, 0.29289937, 0.29289937,\n       0.29289937, 0.29289937]))", "callback": [0.8151140397324249, 0.4760120390819593, 0.44229370184761485, 0.41264599812467373, 0.4082240131319381, 0.39636589862969096, 0.3894199499407126, 0.37241278999184557, 0.3551074586971994, 0.3371336637607245, 0.3289714902835452, 0.3207795713431352, 0.3146938657722884, 0.30407326923128575, 0.29329302091633225, 0.29329302091633225, 0.2929806438410396, 0.2929167969681321, 0.29290340709390594, 0.2929000822572738, 0.2928995993009944, 0.2928994604758868, 0.2928994135983316, 0.2928993804968738, 0.29289937117978015, 0.2928993672338063, 0.2928993665807271, 0.2928993664304713, 0.29289936638979874, 0.2928993663840167, 0.2928993663819387, 0.29289936638155856, 0.29289936638144076, 0.29289936638143, 0.29289936638141933, 0.2928993663814181, 0.29289936638141767, 0.29289936638141756, 0.29289936638141756, 0.29289936638141756]}, "6": {"maxiter": 500, "fatol": 1e-10, "xatol": 1e-05, "duration": 0.10682988166809082, "fun": "0.2928993663840167", "nit": "292", "nfev": "476", "status": "0", "success": "True", "message": "Optimization terminated successfully.", "x": "[1.93525321 2.60783207 3.22357474 4.11029304 4.15226742 1.88864114]", "final_simplex": "(array([[1.93525321, 2.60783207, 3.22357474, 4.11029304, 4.15226742,\n        1.88864114],\n       [1.9352543 , 2.60783393, 3.22357908, 4.11028739, 4.15226668,\n        1.88863618],\n       [1.93525564, 2.60783739, 3.22357126, 4.11029649, 4.15225934,\n        1.88863224],\n       [1.93525182, 2.60783124, 3.22357908, 4.11029   , 4.15226861,\n        1.88864146],\n       [1.93525939, 2.60783399, 3.22358104, 4.11028516, 4.15226373,\n        1.88863226],\n       [1.93525744, 2.60783552, 3.22357943, 4.11029178, 4.15226199,\n        1.88863213],\n       [1.93525267, 2.60783292, 3.22357831, 4.11028868, 4.15227173,\n        1.88863861]]), array([0.29289937, 0.29289937, 0.29289937, 0.29289937, 0.29289937,\n       0.29289937, 0.29289937]))", "callback": [0.8151140397324249, 0.4760120390819593, 0.44229370184761485, 0.41264599812467373, 0.4082240131319381, 0.39636589862969096, 0.3894199499407126, 0.37241278999184557, 0.3551074586971994, 0.3371336637607245, 0.3289714902835452, 0.3207795713431352, 0.3146938657722884, 0.30407326923128575, 0.29329302091633225, 0.29329302091633225, 0.2929806438410396, 0.2929167969681321, 0.29290340709390594, 0.2929000822572738, 0.2928995993009944, 0.2928994604758868, 0.2928994135983316, 0.2928993804968738, 0.29289937117978015, 0.2928993672338063, 0.2928993665807271, 0.2928993664304713, 0.29289936638979874, 0.2928993663840167]}, "7": {"maxiter": 500, "fatol": 1e-10, "xatol": 1e-10, "duration": 0.16748595237731934, "fun": "0.29289936638141756", "nit": "392", "nfev": "698", "status": "0", "success": "True", "message": "Optimization terminated successfully.", "x": "[1.93525553 2.60783271 3.22357505 4.11029235 4.15226082 1.88863887]", "final_simplex": "(array([[1.93525553, 2.60783271, 3.22357505, 4.11029235, 4.15226082,\n        1.88863887],\n       [1.93525553, 2.60783271, 3.22357505, 4.11029235, 4.15226082,\n        1.88863887],\n       [1.93525553, 2.60783271, 3.22357505, 4.11029235, 4.15226082,\n        1.88863887],\n       [1.93525553, 2.60783271, 3.22357505, 4.11029235, 4.15226082,\n        1.88863887],\n       [1.93525553, 2.60783271, 3.22357505, 4.11029235, 4.15226082,\n        1.88863887],\n       [1.93525553, 2.60783271, 3.22357505, 4.11029235, 4.15226082,\n        1.88863887],\n       [1.93525553, 2.60783271, 3.22357505, 4.11029235, 4.15226082,\n        1.88863887]]), array([0.29289937, 0.29289937, 0.29289937, 0.29289937, 0.29289937,\n       0.29289937, 0.29289937]))", "callback": [0.8151140397324249, 0.4760120390819593, 0.44229370184761485, 0.41264599812467373, 0.4082240131319381, 0.39636589862969096, 0.3894199499407126, 0.37241278999184557, 0.3551074586971994, 0.3371336637607245, 0.3289714902835452, 0.3207795713431352, 0.3146938657722884, 0.30407326923128575, 0.29329302091633225, 0.29329302091633225, 0.2929806438410396, 0.2929167969681321, 0.29290340709390594, 0.2929000822572738, 0.2928995993009944, 0.2928994604758868, 0.2928994135983316, 0.2928993804968738, 0.29289937117978015, 0.2928993672338063, 0.2928993665807271, 0.2928993664304713, 0.29289936638979874, 0.2928993663840167, 0.2928993663819387, 0.29289936638155856, 0.29289936638144076, 0.29289936638143, 0.29289936638141933, 0.2928993663814181, 0.29289936638141767, 0.29289936638141756, 0.29289936638141756, 0.29289936638141756]}, "8": {"maxiter": 1000, "fatol": 1e-05, "xatol": 1e-05, "duration": 0.10952210426330566, "fun": "0.2928993663840167", "nit": "292", "nfev": "476", "status": "0", "success": "True", "message": "Optimization terminated successfully.", "x": "[1.93525321 2.60783207 3.22357474 4.11029304 4.15226742 1.88864114]", "final_simplex": "(array([[1.93525321, 2.60783207, 3.22357474, 4.11029304, 4.15226742,\n        1.88864114],\n       [1.9352543 , 2.60783393, 3.22357908, 4.11028739, 4.15226668,\n        1.88863618],\n       [1.93525564, 2.60783739, 3.22357126, 4.11029649, 4.15225934,\n        1.88863224],\n       [1.93525182, 2.60783124, 3.22357908, 4.11029   , 4.15226861,\n        1.88864146],\n       [1.93525939, 2.60783399, 3.22358104, 4.11028516, 4.15226373,\n        1.88863226],\n       [1.93525744, 2.60783552, 3.22357943, 4.11029178, 4.15226199,\n        1.88863213],\n       [1.93525267, 2.60783292, 3.22357831, 4.11028868, 4.15227173,\n        1.88863861]]), array([0.29289937, 0.29289937, 0.29289937, 0.29289937, 0.29289937,\n       0.29289937, 0.29289937]))", "callback": [0.8151140397324249, 0.4760120390819593, 0.44229370184761485, 0.41264599812467373, 0.4082240131319381, 0.39636589862969096, 0.3894199499407126, 0.37241278999184557, 0.3551074586971994, 0.3371336637607245, 0.3289714902835452, 0.3207795713431352, 0.3146938657722884, 0.30407326923128575, 0.29329302091633225, 0.29329302091633225, 0.2929806438410396, 0.2929167969681321, 0.29290340709390594, 0.2929000822572738, 0.2928995993009944, 0.2928994604758868, 0.2928994135983316, 0.2928993804968738, 0.29289937117978015, 0.2928993672338063, 0.2928993665807271, 0.2928993664304713, 0.29289936638979874, 0.2928993663840167]}, "9": {"maxiter": 1000, "fatol": 1e-05, "xatol": 1e-10, "duration": 0.15677690505981445, "fun": "0.29289936638141756", "nit": "392", "nfev": "698", "status": "0", "success": "True", "message": "Optimization terminated successfully.", "x": "[1.93525553 2.60783271 3.22357505 4.11029235 4.15226082 1.88863887]", "final_simplex": "(array([[1.93525553, 2.60783271, 3.22357505, 4.11029235, 4.15226082,\n        1.88863887],\n       [1.93525553, 2.60783271, 3.22357505, 4.11029235, 4.15226082,\n        1.88863887],\n       [1.93525553, 2.60783271, 3.22357505, 4.11029235, 4.15226082,\n        1.88863887],\n       [1.93525553, 2.60783271, 3.22357505, 4.11029235, 4.15226082,\n        1.88863887],\n       [1.93525553, 2.60783271, 3.22357505, 4.11029235, 4.15226082,\n        1.88863887],\n       [1.93525553, 2.60783271, 3.22357505, 4.11029235, 4.15226082,\n        1.88863887],\n       [1.93525553, 2.60783271, 3.22357505, 4.11029235, 4.15226082,\n        1.88863887]]), array([0.29289937, 0.29289937, 0.29289937, 0.29289937, 0.29289937,\n       0.29289937, 0.29289937]))", "callback": [0.8151140397324249, 0.4760120390819593, 0.44229370184761485, 0.41264599812467373, 0.4082240131319381, 0.39636589862969096, 0.3894199499407126, 0.37241278999184557, 0.3551074586971994, 0.3371336637607245, 0.3289714902835452, 0.3207795713431352, 0.3146938657722884, 0.30407326923128575, 0.29329302091633225, 0.29329302091633225, 0.2929806438410396, 0.2929167969681321, 0.29290340709390594, 0.2929000822572738, 0.2928995993009944, 0.2928994604758868, 0.2928994135983316, 0.2928993804968738, 0.29289937117978015, 0.2928993672338063, 0.2928993665807271, 0.2928993664304713, 0.29289936638979874, 0.2928993663840167, 0.2928993663819387, 0.29289936638155856, 0.29289936638144076, 0.29289936638143, 0.29289936638141933, 0.2928993663814181, 0.29289936638141767, 0.29289936638141756, 0.29289936638141756, 0.29289936638141756]}, "10": {"maxiter": 1000, "fatol": 1e-10, "xatol": 1e-05, "duration": 0.1128387451171875, "fun": "0.2928993663840167", "nit": "292", "nfev": "476", "status": "0", "success": "True", "message": "Optimization terminated successfully.", "x": "[1.93525321 2.60783207 3.22357474 4.11029304 4.15226742 1.88864114]", "final_simplex": "(array([[1.93525321, 2.60783207, 3.22357474, 4.11029304, 4.15226742,\n        1.88864114],\n       [1.9352543 , 2.60783393, 3.22357908, 4.11028739, 4.15226668,\n        1.88863618],\n       [1.93525564, 2.60783739, 3.22357126, 4.11029649, 4.15225934,\n        1.88863224],\n       [1.93525182, 2.60783124, 3.22357908, 4.11029   , 4.15226861,\n        1.88864146],\n       [1.93525939, 2.60783399, 3.22358104, 4.11028516, 4.15226373,\n        1.88863226],\n       [1.93525744, 2.60783552, 3.22357943, 4.11029178, 4.15226199,\n        1.88863213],\n       [1.93525267, 2.60783292, 3.22357831, 4.11028868, 4.15227173,\n        1.88863861]]), array([0.29289937, 0.29289937, 0.29289937, 0.29289937, 0.29289937,\n       0.29289937, 0.29289937]))", "callback": [0.8151140397324249, 0.4760120390819593, 0.44229370184761485, 0.41264599812467373, 0.4082240131319381, 0.39636589862969096, 0.3894199499407126, 0.37241278999184557, 0.3551074586971994, 0.3371336637607245, 0.3289714902835452, 0.3207795713431352, 0.3146938657722884, 0.30407326923128575, 0.29329302091633225, 0.29329302091633225, 0.2929806438410396, 0.2929167969681321, 0.29290340709390594, 0.2929000822572738, 0.2928995993009944, 0.2928994604758868, 0.2928994135983316, 0.2928993804968738, 0.29289937117978015, 0.2928993672338063, 0.2928993665807271, 0.2928993664304713, 0.29289936638979874, 0.2928993663840167]}, "11": {"maxiter": 1000, "fatol": 1e-10, "xatol": 1e-10, "duration": 0.16121196746826172, "fun": "0.29289936638141756", "nit": "392", "nfev": "698", "status": "0", "success": "True", "message": "Optimization terminated successfully.", "x": "[1.93525553 2.60783271 3.22357505 4.11029235 4.15226082 1.88863887]", "final_simplex": "(array([[1.93525553, 2.60783271, 3.22357505, 4.11029235, 4.15226082,\n        1.88863887],\n       [1.93525553, 2.60783271, 3.22357505, 4.11029235, 4.15226082,\n        1.88863887],\n       [1.93525553, 2.60783271, 3.22357505, 4.11029235, 4.15226082,\n        1.88863887],\n       [1.93525553, 2.60783271, 3.22357505, 4.11029235, 4.15226082,\n        1.88863887],\n       [1.93525553, 2.60783271, 3.22357505, 4.11029235, 4.15226082,\n        1.88863887],\n       [1.93525553, 2.60783271, 3.22357505, 4.11029235, 4.15226082,\n        1.88863887],\n       [1.93525553, 2.60783271, 3.22357505, 4.11029235, 4.15226082,\n        1.88863887]]), array([0.29289937, 0.29289937, 0.29289937, 0.29289937, 0.29289937,\n       0.29289937, 0.29289937]))", "callback": [0.8151140397324249, 0.4760120390819593, 0.44229370184761485, 0.41264599812467373, 0.4082240131319381, 0.39636589862969096, 0.3894199499407126, 0.37241278999184557, 0.3551074586971994, 0.3371336637607245, 0.3289714902835452, 0.3207795713431352, 0.3146938657722884, 0.30407326923128575, 0.29329302091633225, 0.29329302091633225, 0.2929806438410396, 0.2929167969681321, 0.29290340709390594, 0.2929000822572738, 0.2928995993009944, 0.2928994604758868, 0.2928994135983316, 0.2928993804968738, 0.29289937117978015, 0.2928993672338063, 0.2928993665807271, 0.2928993664304713, 0.29289936638979874, 0.2928993663840167, 0.2928993663819387, 0.29289936638155856, 0.29289936638144076, 0.29289936638143, 0.29289936638141933, 0.2928993663814181, 0.29289936638141767, 0.29289936638141756, 0.29289936638141756, 0.29289936638141756]}}, "bfgs": {"type": "gradient", "0": {"maxiter": 100, "gtol": 1e-05, "xrtol": 1e-05, "eps": 1e-05, "duration": 0.0593259334564209, "fun": "0.29289936640379965", "jac": "[ 2.44179121e-06 -1.05319087e-06  2.06411555e-06  1.45884416e-06\n  2.72433187e-06 -1.69224634e-06]", "hess_inv": "[[ 11.87804726  -4.01137692  -5.22452305  -3.13409502 -13.27940238\n   -5.91265108]\n [ -4.01137692  15.20131441   9.78128455  -4.80551617   2.20968566\n   -9.59972323]\n [ -5.22452305   9.78128455  16.27277673  -7.27916269   9.10939018\n    2.16497416]\n [ -3.13409502  -4.80551617  -7.27916269  10.50959798  -1.99667642\n    1.05996648]\n [-13.27940238   2.20968566   9.10939018  -1.99667642  33.23636707\n   23.40409149]\n [ -5.91265108  -9.59972323   2.16497416   1.05996648  23.40409149\n   28.93769628]]", "nfev": "245", "njev": "35", "status": "0", "success": "True", "message": "Optimization terminated successfully.", "x": "[1.81431761 3.07598415 4.0687057  3.65711169 4.98421493 2.06419876]", "nit": "32", "callback": [0.4743598274981703, 0.43835473514862566, 0.4063966841710218, 0.37983990440749116, 0.34362578308541025, 0.31859879564204463, 0.3112125102907237, 0.3089298699702061, 0.30554974308308325, 0.3045072403355933, 0.3043295498353217, 0.30402058322289094, 0.30356577229193515, 0.303229989284829, 0.30282307814794307, 0.3021472102559274, 0.30108271822078625, 0.3000136800883024, 0.2997589238959941, 0.29960808870319067, 0.2994126213277656, 0.29903755292557577, 0.29639097112692325, 0.29513942314891306, 0.29357879277051735, 0.29327507501873096, 0.29304963063898015, 0.2929032097744535, 0.2928996467898707, 0.29289938327244824, 0.2928993675390016, 0.29289936640379965]}, "1": {"maxiter": 100, "gtol": 1e-05, "xrtol": 1e-05, "eps": 1e-10, "duration": 0.05700993537902832, "fun": "0.29289936650140935", "jac": "[ 0.00000000e+00  2.22044587e-06  3.33066880e-06  3.33066880e-06\n  0.00000000e+00 -1.11022293e-06]", "hess_inv": "[[ 12.18802242  -4.00738606  -5.13306289  -3.09093993 -13.62719897\n   -6.14776922]\n [ -4.00738606  14.86877355   9.71573608  -5.13956674   2.4845646\n   -8.97726306]\n [ -5.13306289   9.71573608  15.85926056  -7.34475999   9.23805808\n    2.37674831]\n [ -3.09093993  -5.13956674  -7.34475999  10.57773958  -2.15272178\n    1.18827434]\n [-13.62719897   2.4845646    9.23805808  -2.15272178  32.93235695\n   22.36057544]\n [ -6.14776922  -8.97726306   2.37674831   1.18827434  22.36057544\n   26.90162132]]", "nfev": "245", "njev": "35", "status": "0", "success": "True", "message": "Optimization terminated successfully.", "x": "[1.81271343 3.0780558  4.07292146 3.65511029 4.99072972 2.06742046]", "nit": "32", "callback": [0.4743608845486844, 0.4383554357305758, 0.40639805586843447, 0.3798400719472468, 0.34363077505483286, 0.318588369755914, 0.31121188361714525, 0.3089292481022966, 0.3055489922547405, 0.3045069851397164, 0.3043293736732625, 0.3040205092016708, 0.30356573753007476, 0.30322919276106053, 0.3028235601600324, 0.30214947785297164, 0.3010866299289575, 0.30001398185373673, 0.299757707071064, 0.2996070615173867, 0.2994114561403176, 0.2990364501222712, 0.296462542961344, 0.2950972370462229, 0.2935470593992461, 0.29330930860351356, 0.29305737344266447, 0.2929016076889529, 0.29289959444870106, 0.2928993782813726, 0.2928993665835786, 0.29289936650140935]}, "2": {"maxiter": 100, "gtol": 1e-05, "xrtol": 1e-10, "eps": 1e-05, "duration": 0.0578312873840332, "fun": "0.29289936640379965", "jac": "[ 2.44179121e-06 -1.05319087e-06  2.06411555e-06  1.45884416e-06\n  2.72433187e-06 -1.69224634e-06]", "hess_inv": "[[ 11.87804726  -4.01137692  -5.22452305  -3.13409502 -13.27940238\n   -5.91265108]\n [ -4.01137692  15.20131441   9.78128455  -4.80551617   2.20968566\n   -9.59972323]\n [ -5.22452305   9.78128455  16.27277673  -7.27916269   9.10939018\n    2.16497416]\n [ -3.13409502  -4.80551617  -7.27916269  10.50959798  -1.99667642\n    1.05996648]\n [-13.27940238   2.20968566   9.10939018  -1.99667642  33.23636707\n   23.40409149]\n [ -5.91265108  -9.59972323   2.16497416   1.05996648  23.40409149\n   28.93769628]]", "nfev": "245", "njev": "35", "status": "0", "success": "True", "message": "Optimization terminated successfully.", "x": "[1.81431761 3.07598415 4.0687057  3.65711169 4.98421493 2.06419876]", "nit": "32", "callback": [0.4743598274981703, 0.43835473514862566, 0.4063966841710218, 0.37983990440749116, 0.34362578308541025, 0.31859879564204463, 0.3112125102907237, 0.3089298699702061, 0.30554974308308325, 0.3045072403355933, 0.3043295498353217, 0.30402058322289094, 0.30356577229193515, 0.303229989284829, 0.30282307814794307, 0.3021472102559274, 0.30108271822078625, 0.3000136800883024, 0.2997589238959941, 0.29960808870319067, 0.2994126213277656, 0.29903755292557577, 0.29639097112692325, 0.29513942314891306, 0.29357879277051735, 0.29327507501873096, 0.29304963063898015, 0.2929032097744535, 0.2928996467898707, 0.29289938327244824, 0.2928993675390016, 0.29289936640379965]}, "3": {"maxiter": 100, "gtol": 1e-05, "xrtol": 1e-10, "eps": 1e-10, "duration": 0.05692291259765625, "fun": "0.29289936650140935", "jac": "[ 0.00000000e+00  2.22044587e-06  3.33066880e-06  3.33066880e-06\n  0.00000000e+00 -1.11022293e-06]", "hess_inv": "[[ 12.18802242  -4.00738606  -5.13306289  -3.09093993 -13.62719897\n   -6.14776922]\n [ -4.00738606  14.86877355   9.71573608  -5.13956674   2.4845646\n   -8.97726306]\n [ -5.13306289   9.71573608  15.85926056  -7.34475999   9.23805808\n    2.37674831]\n [ -3.09093993  -5.13956674  -7.34475999  10.57773958  -2.15272178\n    1.18827434]\n [-13.62719897   2.4845646    9.23805808  -2.15272178  32.93235695\n   22.36057544]\n [ -6.14776922  -8.97726306   2.37674831   1.18827434  22.36057544\n   26.90162132]]", "nfev": "245", "njev": "35", "status": "0", "success": "True", "message": "Optimization terminated successfully.", "x": "[1.81271343 3.0780558  4.07292146 3.65511029 4.99072972 2.06742046]", "nit": "32", "callback": [0.4743608845486844, 0.4383554357305758, 0.40639805586843447, 0.3798400719472468, 0.34363077505483286, 0.318588369755914, 0.31121188361714525, 0.3089292481022966, 0.3055489922547405, 0.3045069851397164, 0.3043293736732625, 0.3040205092016708, 0.30356573753007476, 0.30322919276106053, 0.3028235601600324, 0.30214947785297164, 0.3010866299289575, 0.30001398185373673, 0.299757707071064, 0.2996070615173867, 0.2994114561403176, 0.2990364501222712, 0.296462542961344, 0.2950972370462229, 0.2935470593992461, 0.29330930860351356, 0.29305737344266447, 0.2929016076889529, 0.29289959444870106, 0.2928993782813726, 0.2928993665835786, 0.29289936650140935]}, "4": {"maxiter": 100, "gtol": 1e-10, "xrtol": 1e-05, "eps": 1e-05, "duration": 0.11070966720581055, "fun": "0.29289936640379965", "jac": "[ 2.44179121e-06 -1.05319087e-06  2.06411555e-06  1.45884416e-06\n  2.72433187e-06 -1.69224634e-06]", "hess_inv": "[[ 12.13966441  -4.56077295  -5.68588912  -3.20296371 -13.70851662\n   -5.83986089]\n [ -4.56077295  16.12516497  10.93984714  -5.00625819   3.65575797\n   -9.19813133]\n [ -5.68588912  10.93984714  16.92987131  -6.87272158   9.41647166\n    1.57908421]\n [ -3.20296371  -5.00625819  -6.87272158  10.00885963  -1.06502604\n    1.87379536]\n [-13.70851662   3.65575797   9.41647166  -1.06502604  32.6484563\n   21.97037368]\n [ -5.83986089  -9.19813133   1.57908421   1.87379536  21.97037368\n   27.62066544]]", "nfev": "481", "njev": "67", "status": "2", "success": "False", "message": "Desired error not necessarily achieved due to precision loss.", "x": "[1.81431761 3.07598415 4.0687057  3.65711169 4.98421493 2.06419876]", "nit": "32", "callback": [0.4743598274981703, 0.43835473514862566, 0.4063966841710218, 0.37983990440749116, 0.34362578308541025, 0.31859879564204463, 0.3112125102907237, 0.3089298699702061, 0.30554974308308325, 0.3045072403355933, 0.3043295498353217, 0.30402058322289094, 0.30356577229193515, 0.303229989284829, 0.30282307814794307, 0.3021472102559274, 0.30108271822078625, 0.3000136800883024, 0.2997589238959941, 0.29960808870319067, 0.2994126213277656, 0.29903755292557577, 0.29639097112692325, 0.29513942314891306, 0.29357879277051735, 0.29327507501873096, 0.29304963063898015, 0.2929032097744535, 0.2928996467898707, 0.29289938327244824, 0.2928993675390016, 0.29289936640379965]}, "5": {"maxiter": 100, "gtol": 1e-10, "xrtol": 1e-05, "eps": 1e-10, "duration": 0.06077694892883301, "fun": "0.292899366486711", "jac": "[ 2.22044587e-06  0.00000000e+00  2.22044587e-06  4.44089173e-06\n  2.22044587e-06 -3.33066880e-06]", "hess_inv": "[[ 15.81335036  -7.43473488  -9.618787    -1.49499862 -20.43712776\n  -10.56972495]\n [ -7.43473488  16.59799286  13.41733019  -7.19601391  11.46284731\n   -1.12169977]\n [ -9.618787    13.41733019  21.21718497  -9.51488929  18.57063067\n    9.15956543]\n [ -1.49499862  -7.19601391  -9.51488929  11.08180083  -4.22985593\n    0.57370743]\n [-20.43712776  11.46284731  18.57063067  -4.22985593  41.453656\n   24.48831671]\n [-10.56972495  -1.12169977   9.15956543   0.57370743  24.48831671\n   23.35638731]]", "nfev": "259", "njev": "37", "status": "0", "success": "True", "message": "Optimization terminated successfully.", "x": "[1.81272311 3.07804218 4.07290789 3.65511293 4.99071906 2.06741954]", "nit": "33", "callback": [0.4743608845486844, 0.4383554357305758, 0.40639805586843447, 0.3798400719472468, 0.34363077505483286, 0.318588369755914, 0.31121188361714525, 0.3089292481022966, 0.3055489922547405, 0.3045069851397164, 0.3043293736732625, 0.3040205092016708, 0.30356573753007476, 0.30322919276106053, 0.3028235601600324, 0.30214947785297164, 0.3010866299289575, 0.30001398185373673, 0.299757707071064, 0.2996070615173867, 0.2994114561403176, 0.2990364501222712, 0.296462542961344, 0.2950972370462229, 0.2935470593992461, 0.29330930860351356, 0.29305737344266447, 0.2929016076889529, 0.29289959444870106, 0.2928993782813726, 0.2928993665835786, 0.29289936650140935, 0.292899366486711]}, "6": {"maxiter": 100, "gtol": 1e-10, "xrtol": 1e-10, "eps": 1e-05, "duration": 0.11059308052062988, "fun": "0.29289936640379965", "jac": "[ 2.44179121e-06 -1.05319087e-06  2.06411555e-06  1.45884416e-06\n  2.72433187e-06 -1.69224634e-06]", "hess_inv": "[[ 12.13966441  -4.56077295  -5.68588912  -3.20296371 -13.70851662\n   -5.83986089]\n [ -4.56077295  16.12516497  10.93984714  -5.00625819   3.65575797\n   -9.19813133]\n [ -5.68588912  10.93984714  16.92987131  -6.87272158   9.41647166\n    1.57908421]\n [ -3.20296371  -5.00625819  -6.87272158  10.00885963  -1.06502604\n    1.87379536]\n [-13.70851662   3.65575797   9.41647166  -1.06502604  32.6484563\n   21.97037368]\n [ -5.83986089  -9.19813133   1.57908421   1.87379536  21.97037368\n   27.62066544]]", "nfev": "481", "njev": "67", "status": "2", "success": "False", "message": "Desired error not necessarily achieved due to precision loss.", "x": "[1.81431761 3.07598415 4.0687057  3.65711169 4.98421493 2.06419876]", "nit": "32", "callback": [0.4743598274981703, 0.43835473514862566, 0.4063966841710218, 0.37983990440749116, 0.34362578308541025, 0.31859879564204463, 0.3112125102907237, 0.3089298699702061, 0.30554974308308325, 0.3045072403355933, 0.3043295498353217, 0.30402058322289094, 0.30356577229193515, 0.303229989284829, 0.30282307814794307, 0.3021472102559274, 0.30108271822078625, 0.3000136800883024, 0.2997589238959941, 0.29960808870319067, 0.2994126213277656, 0.29903755292557577, 0.29639097112692325, 0.29513942314891306, 0.29357879277051735, 0.29327507501873096, 0.29304963063898015, 0.2929032097744535, 0.2928996467898707, 0.29289938327244824, 0.2928993675390016, 0.29289936640379965]}, "7": {"maxiter": 100, "gtol": 1e-10, "xrtol": 1e-10, "eps": 1e-10, "duration": 0.08082699775695801, "fun": "0.2928993664272703", "jac": "[-1.11022293e-06  0.00000000e+00  0.00000000e+00 -2.22044587e-06\n -2.22044587e-06  0.00000000e+00]", "hess_inv": "[[ 7.46489841e+00  1.40989488e+01  9.12446295e-01 -6.48541063e-02\n  -1.99692648e+01 -2.76831105e+01]\n [ 1.40989488e+01  6.25723997e+01  5.20298329e+00 -3.44244444e-02\n  -7.16776297e+01 -1.15664681e+02]\n [ 9.12446295e-01  5.20298329e+00  6.23022020e+00 -3.21604998e+00\n  -1.75699641e+00 -5.30934583e+00]\n [-6.48541063e-02 -3.44244444e-02 -3.21604998e+00  3.09272121e+00\n  -4.04003942e+00 -3.57775274e+00]\n [-1.99692648e+01 -7.16776297e+01 -1.75699641e+00 -4.04003942e+00\n   9.56965841e+01  1.43023767e+02]\n [-2.76831105e+01 -1.15664681e+02 -5.30934583e+00 -3.57775274e+00\n   1.43023767e+02  2.25276211e+02]]", "nfev": "350", "njev": "50", "status": "0", "success": "True", "message": "Optimization terminated successfully.", "x": "[1.81272518 3.07798578 4.0729006  3.65510795 4.99075075 2.06750113]", "nit": "36", "callback": [0.4743608845486844, 0.4383554357305758, 0.40639805586843447, 0.3798400719472468, 0.34363077505483286, 0.318588369755914, 0.31121188361714525, 0.3089292481022966, 0.3055489922547405, 0.3045069851397164, 0.3043293736732625, 0.3040205092016708, 0.30356573753007476, 0.30322919276106053, 0.3028235601600324, 0.30214947785297164, 0.3010866299289575, 0.30001398185373673, 0.299757707071064, 0.2996070615173867, 0.2994114561403176, 0.2990364501222712, 0.296462542961344, 0.2950972370462229, 0.2935470593992461, 0.29330930860351356, 0.29305737344266447, 0.2929016076889529, 0.29289959444870106, 0.2928993782813726, 0.2928993665835786, 0.29289936650140935, 0.292899366486711, 0.2928993664674422, 0.2928993664272703, 0.2928993664272703]}, "8": {"maxiter": 500, "gtol": 1e-05, "xrtol": 1e-05, "eps": 1e-05, "duration": 0.05660080909729004, "fun": "0.29289936640379965", "jac": "[ 2.44179121e-06 -1.05319087e-06  2.06411555e-06  1.45884416e-06\n  2.72433187e-06 -1.69224634e-06]", "hess_inv": "[[ 11.87804726  -4.01137692  -5.22452305  -3.13409502 -13.27940238\n   -5.91265108]\n [ -4.01137692  15.20131441   9.78128455  -4.80551617   2.20968566\n   -9.59972323]\n [ -5.22452305   9.78128455  16.27277673  -7.27916269   9.10939018\n    2.16497416]\n [ -3.13409502  -4.80551617  -7.27916269  10.50959798  -1.99667642\n    1.05996648]\n [-13.27940238   2.20968566   9.10939018  -1.99667642  33.23636707\n   23.40409149]\n [ -5.91265108  -9.59972323   2.16497416   1.05996648  23.40409149\n   28.93769628]]", "nfev": "245", "njev": "35", "status": "0", "success": "True", "message": "Optimization terminated successfully.", "x": "[1.81431761 3.07598415 4.0687057  3.65711169 4.98421493 2.06419876]", "nit": "32", "callback": [0.4743598274981703, 0.43835473514862566, 0.4063966841710218, 0.37983990440749116, 0.34362578308541025, 0.31859879564204463, 0.3112125102907237, 0.3089298699702061, 0.30554974308308325, 0.3045072403355933, 0.3043295498353217, 0.30402058322289094, 0.30356577229193515, 0.303229989284829, 0.30282307814794307, 0.3021472102559274, 0.30108271822078625, 0.3000136800883024, 0.2997589238959941, 0.29960808870319067, 0.2994126213277656, 0.29903755292557577, 0.29639097112692325, 0.29513942314891306, 0.29357879277051735, 0.29327507501873096, 0.29304963063898015, 0.2929032097744535, 0.2928996467898707, 0.29289938327244824, 0.2928993675390016, 0.29289936640379965]}, "9": {"maxiter": 500, "gtol": 1e-05, "xrtol": 1e-05, "eps": 1e-10, "duration": 0.05683588981628418, "fun": "0.29289936650140935", "jac": "[ 0.00000000e+00  2.22044587e-06  3.33066880e-06  3.33066880e-06\n  0.00000000e+00 -1.11022293e-06]", "hess_inv": "[[ 12.18802242  -4.00738606  -5.13306289  -3.09093993 -13.62719897\n   -6.14776922]\n [ -4.00738606  14.86877355   9.71573608  -5.13956674   2.4845646\n   -8.97726306]\n [ -5.13306289   9.71573608  15.85926056  -7.34475999   9.23805808\n    2.37674831]\n [ -3.09093993  -5.13956674  -7.34475999  10.57773958  -2.15272178\n    1.18827434]\n [-13.62719897   2.4845646    9.23805808  -2.15272178  32.93235695\n   22.36057544]\n [ -6.14776922  -8.97726306   2.37674831   1.18827434  22.36057544\n   26.90162132]]", "nfev": "245", "njev": "35", "status": "0", "success": "True", "message": "Optimization terminated successfully.", "x": "[1.81271343 3.0780558  4.07292146 3.65511029 4.99072972 2.06742046]", "nit": "32", "callback": [0.4743608845486844, 0.4383554357305758, 0.40639805586843447, 0.3798400719472468, 0.34363077505483286, 0.318588369755914, 0.31121188361714525, 0.3089292481022966, 0.3055489922547405, 0.3045069851397164, 0.3043293736732625, 0.3040205092016708, 0.30356573753007476, 0.30322919276106053, 0.3028235601600324, 0.30214947785297164, 0.3010866299289575, 0.30001398185373673, 0.299757707071064, 0.2996070615173867, 0.2994114561403176, 0.2990364501222712, 0.296462542961344, 0.2950972370462229, 0.2935470593992461, 0.29330930860351356, 0.29305737344266447, 0.2929016076889529, 0.29289959444870106, 0.2928993782813726, 0.2928993665835786, 0.29289936650140935]}, "10": {"maxiter": 500, "gtol": 1e-05, "xrtol": 1e-10, "eps": 1e-05, "duration": 0.05554795265197754, "fun": "0.29289936640379965", "jac": "[ 2.44179121e-06 -1.05319087e-06  2.06411555e-06  1.45884416e-06\n  2.72433187e-06 -1.69224634e-06]", "hess_inv": "[[ 11.87804726  -4.01137692  -5.22452305  -3.13409502 -13.27940238\n   -5.91265108]\n [ -4.01137692  15.20131441   9.78128455  -4.80551617   2.20968566\n   -9.59972323]\n [ -5.22452305   9.78128455  16.27277673  -7.27916269   9.10939018\n    2.16497416]\n [ -3.13409502  -4.80551617  -7.27916269  10.50959798  -1.99667642\n    1.05996648]\n [-13.27940238   2.20968566   9.10939018  -1.99667642  33.23636707\n   23.40409149]\n [ -5.91265108  -9.59972323   2.16497416   1.05996648  23.40409149\n   28.93769628]]", "nfev": "245", "njev": "35", "status": "0", "success": "True", "message": "Optimization terminated successfully.", "x": "[1.81431761 3.07598415 4.0687057  3.65711169 4.98421493 2.06419876]", "nit": "32", "callback": [0.4743598274981703, 0.43835473514862566, 0.4063966841710218, 0.37983990440749116, 0.34362578308541025, 0.31859879564204463, 0.3112125102907237, 0.3089298699702061, 0.30554974308308325, 0.3045072403355933, 0.3043295498353217, 0.30402058322289094, 0.30356577229193515, 0.303229989284829, 0.30282307814794307, 0.3021472102559274, 0.30108271822078625, 0.3000136800883024, 0.2997589238959941, 0.29960808870319067, 0.2994126213277656, 0.29903755292557577, 0.29639097112692325, 0.29513942314891306, 0.29357879277051735, 0.29327507501873096, 0.29304963063898015, 0.2929032097744535, 0.2928996467898707, 0.29289938327244824, 0.2928993675390016, 0.29289936640379965]}, "11": {"maxiter": 500, "gtol": 1e-05, "xrtol": 1e-10, "eps": 1e-10, "duration": 0.055541038513183594, "fun": "0.29289936650140935", "jac": "[ 0.00000000e+00  2.22044587e-06  3.33066880e-06  3.33066880e-06\n  0.00000000e+00 -1.11022293e-06]", "hess_inv": "[[ 12.18802242  -4.00738606  -5.13306289  -3.09093993 -13.62719897\n   -6.14776922]\n [ -4.00738606  14.86877355   9.71573608  -5.13956674   2.4845646\n   -8.97726306]\n [ -5.13306289   9.71573608  15.85926056  -7.34475999   9.23805808\n    2.37674831]\n [ -3.09093993  -5.13956674  -7.34475999  10.57773958  -2.15272178\n    1.18827434]\n [-13.62719897   2.4845646    9.23805808  -2.15272178  32.93235695\n   22.36057544]\n [ -6.14776922  -8.97726306   2.37674831   1.18827434  22.36057544\n   26.90162132]]", "nfev": "245", "njev": "35", "status": "0", "success": "True", "message": "Optimization terminated successfully.", "x": "[1.81271343 3.0780558  4.07292146 3.65511029 4.99072972 2.06742046]", "nit": "32", "callback": [0.4743608845486844, 0.4383554357305758, 0.40639805586843447, 0.3798400719472468, 0.34363077505483286, 0.31858836975