{"date": "2024/09/24/, 17:51:41", "conf_id": 13, "data_type": "random\n", "num_data_points": 1, "s_rank": 0, "unitary": "[[-0.53618537-0.34368723j,-0.12107031-0.46226139j,-0.07699282-0.46603512j,0.36022595-0.11472301j],[0.26026499-0.63450712j,-0.56616638+0.37832564j,-0.14988651+0.08458591j,0.10363514-0.16008501j],[-0.32580188-0.11070003j,-0.36476308-0.23593218j,0.02559343+0.41761608j,-0.25598305+0.6725303j],[0.07406738-0.0126433j,0.28513701+0.19483972j,-0.74939717-0.10299659j,0.29798249+0.46269921j]]", "databatch_0": {"databatch": "[[[0.03386451-0.29063616j,0.03494863+0.20100588j,-0.12103969-0.06421604j,0.05662808+0.1485876j],[-0.02014732+0.2390612j,-0.0330027-0.25721012j,-0.02834007+0.04165106j,0.02908734-0.11375536j],[-0.23095248+0.02254899j,-0.12915466-0.09076911j,-0.06336128+0.17123259j,0.01964623-0.43139411j],[-0.02129171-0.10640433j,-0.03705718+0.04149013j,0.13324082+0.50036246j,0.32341188+0.03745139j]]]", "initial param values": "[4.57326103,0.06943556,0.35269695,0.91139908,2.1577249,2.25224373]", "nelder_mead": {"type": "gradient-free", "0": {"maxiter": 100, "fatol": 1e-05, "xatol": 1e-05, "duration": 0.029299020767211914, "fun": "0.29460068861537736", "nit": "100", "nfev": "155", "status": "2", "success": "False", "message": "Maximum number of iterations has been exceeded.", "x": "[ 4.11904969  0.05643347  1.27736795 -1.59158209  1.73441228  1.89831675]", "final_simplex": "(array([[ 4.11904969,  0.05643347,  1.27736795, -1.59158209,  1.73441228,\n         1.89831675],\n       [ 4.19397062,  0.05726929,  1.24864671, -1.58243413,  1.76837074,\n         1.93856491],\n       [ 4.231092  ,  0.05961905,  1.24254879, -1.6676961 ,  1.79971998,\n         2.01057213],\n       [ 4.1919997 ,  0.05791963,  1.20733601, -1.54964254,  1.86923119,\n         1.98841921],\n       [ 4.17396999,  0.05825406,  1.20869094, -1.51400417,  1.79856864,\n         1.95623469],\n       [ 4.14868286,  0.05558645,  1.25356806, -1.64030583,  1.88280278,\n         1.87968838],\n       [ 4.06974284,  0.05549452,  1.2788715 , -1.55197996,  1.81579388,\n         1.82069894]]), array([0.29460069, 0.29491991, 0.29558107, 0.29581991, 0.29593819,\n       0.29624758, 0.29705115]))", "callback": [0.9416466675071037, 0.8595430914325863, 0.6784056191549728, 0.6189032464953965, 0.5664356902701277, 0.4813238719416997, 0.42430979242276123, 0.36776222163628347, 0.30159484393025515, 0.2970511473413152]}, "1": {"maxiter": 100, "fatol": 1e-05, "xatol": 1e-10, "duration": 0.028902769088745117, "fun": "0.29460068861537736", "nit": "100", "nfev": "155", "status": "2", "success": "False", "message": "Maximum number of iterations has been exceeded.", "x": "[ 4.11904969  0.05643347  1.27736795 -1.59158209  1.73441228  1.89831675]", "final_simplex": "(array([[ 4.11904969,  0.05643347,  1.27736795, -1.59158209,  1.73441228,\n         1.89831675],\n       [ 4.19397062,  0.05726929,  1.24864671, -1.58243413,  1.76837074,\n         1.93856491],\n       [ 4.231092  ,  0.05961905,  1.24254879, -1.6676961 ,  1.79971998,\n         2.01057213],\n       [ 4.1919997 ,  0.05791963,  1.20733601, -1.54964254,  1.86923119,\n         1.98841921],\n       [ 4.17396999,  0.05825406,  1.20869094, -1.51400417,  1.79856864,\n         1.95623469],\n       [ 4.14868286,  0.05558645,  1.25356806, -1.64030583,  1.88280278,\n         1.87968838],\n       [ 4.06974284,  0.05549452,  1.2788715 , -1.55197996,  1.81579388,\n         1.82069894]]), array([0.29460069, 0.29491991, 0.29558107, 0.29581991, 0.29593819,\n       0.29624758, 0.29705115]))", "callback": [0.9416466675071037, 0.8595430914325863, 0.6784056191549728, 0.6189032464953965, 0.5664356902701277, 0.4813238719416997, 0.42430979242276123, 0.36776222163628347, 0.30159484393025515, 0.2970511473413152]}, "2": {"maxiter": 100, "fatol": 1e-10, "xatol": 1e-05, "duration": 0.027751922607421875, "fun": "0.29460068861537736", "nit": "100", "nfev": "155", "status": "2", "success": "False", "message": "Maximum number of iterations has been exceeded.", "x": "[ 4.11904969  0.05643347  1.27736795 -1.59158209  1.73441228  1.89831675]", "final_simplex": "(array([[ 4.11904969,  0.05643347,  1.27736795, -1.59158209,  1.73441228,\n         1.89831675],\n       [ 4.19397062,  0.05726929,  1.24864671, -1.58243413,  1.76837074,\n         1.93856491],\n       [ 4.231092  ,  0.05961905,  1.24254879, -1.6676961 ,  1.79971998,\n         2.01057213],\n       [ 4.1919997 ,  0.05791963,  1.20733601, -1.54964254,  1.86923119,\n         1.98841921],\n       [ 4.17396999,  0.05825406,  1.20869094, -1.51400417,  1.79856864,\n         1.95623469],\n       [ 4.14868286,  0.05558645,  1.25356806, -1.64030583,  1.88280278,\n         1.87968838],\n       [ 4.06974284,  0.05549452,  1.2788715 , -1.55197996,  1.81579388,\n         1.82069894]]), array([0.29460069, 0.29491991, 0.29558107, 0.29581991, 0.29593819,\n       0.29624758, 0.29705115]))", "callback": [0.9416466675071037, 0.8595430914325863, 0.6784056191549728, 0.6189032464953965, 0.5664356902701277, 0.4813238719416997, 0.42430979242276123, 0.36776222163628347, 0.30159484393025515, 0.2970511473413152]}, "3": {"maxiter": 100, "fatol": 1e-10, "xatol": 1e-10, "duration": 0.029499053955078125, "fun": "0.29460068861537736", "nit": "100", "nfev": "155", "status": "2", "success": "False", "message": "Maximum number of iterations has been exceeded.", "x": "[ 4.11904969  0.05643347  1.27736795 -1.59158209  1.73441228  1.89831675]", "final_simplex": "(array([[ 4.11904969,  0.05643347,  1.27736795, -1.59158209,  1.73441228,\n         1.89831675],\n       [ 4.19397062,  0.05726929,  1.24864671, -1.58243413,  1.76837074,\n         1.93856491],\n       [ 4.231092  ,  0.05961905,  1.24254879, -1.6676961 ,  1.79971998,\n         2.01057213],\n       [ 4.1919997 ,  0.05791963,  1.20733601, -1.54964254,  1.86923119,\n         1.98841921],\n       [ 4.17396999,  0.05825406,  1.20869094, -1.51400417,  1.79856864,\n         1.95623469],\n       [ 4.14868286,  0.05558645,  1.25356806, -1.64030583,  1.88280278,\n         1.87968838],\n       [ 4.06974284,  0.05549452,  1.2788715 , -1.55197996,  1.81579388,\n         1.82069894]]), array([0.29460069, 0.29491991, 0.29558107, 0.29581991, 0.29593819,\n       0.29624758, 0.29705115]))", "callback": [0.9416466675071037, 0.8595430914325863, 0.6784056191549728, 0.6189032464953965, 0.5664356902701277, 0.4813238719416997, 0.42430979242276123, 0.36776222163628347, 0.30159484393025515, 0.2970511473413152]}, "4": {"maxiter": 500, "fatol": 1e-05, "xatol": 1e-05, "duration": 0.13384699821472168, "fun": "0.2677692040130141", "nit": "500", "nfev": "770", "status": "2", "success": "False", "message": "Maximum number of iterations has been exceeded.", "x": "[ 4.25790833 -0.29239758  0.53987624 -1.70934772  2.1964074   2.16715322]", "final_simplex": "(array([[ 4.25790833, -0.29239758,  0.53987624, -1.70934772,  2.1964074 ,\n         2.16715322],\n       [ 4.25791766, -0.29239312,  0.53988078, -1.70935304,  2.1964111 ,\n         2.16716449],\n       [ 4.25792682, -0.29239376,  0.53987732, -1.70935792,  2.19641314,\n         2.16716319],\n       [ 4.25792025, -0.29239445,  0.53987423, -1.70935914,  2.19642114,\n         2.16716048],\n       [ 4.25792159, -0.29238737,  0.53987285, -1.70935075,  2.19642473,\n         2.16716517],\n       [ 4.25791136, -0.29238199,  0.53989869, -1.70935019,  2.19640306,\n         2.16714821],\n       [ 4.25791927, -0.29240381,  0.5398879 , -1.70934332,  2.19640724,\n         2.16715935]]), array([0.2677692, 0.2677692, 0.2677692, 0.2677692, 0.2677692, 0.2677692,\n       0.2677692]))", "callback": [0.9416466675071037, 0.8595430914325863, 0.6784056191549728, 0.6189032464953965, 0.5664356902701277, 0.4813238719416997, 0.42430979242276123, 0.36776222163628347, 0.30159484393025515, 0.2970511473413152, 0.29439688697498345, 0.293098663651168, 0.2924548261302897, 0.29083360813235004, 0.2882123109411433, 0.282533900408907, 0.2813335965748861, 0.28132859494740126, 0.2812354402690178, 0.28121968147828924, 0.2811999291558279, 0.281135204145209, 0.28100651413202404, 0.28092663331404855, 0.2807941004285689, 0.28044637343601797, 0.27906106698246735, 0.27534918521460716, 0.2701242251349506, 0.2694193929340626, 0.26847199889522955, 0.26837449199480734, 0.26802546174672026, 0.2679578105744105, 0.26781201899205165, 0.26778825922454286, 0.2677737621607569, 0.2677702663512893, 0.26776967378896077, 0.2677693469676268, 0.26776930991529146, 0.2677692319922369, 0.2677692184256997, 0.26776920851367225, 0.26776920605488874, 0.267769205180566, 0.2677692046999369, 0.26776920432719586, 0.2677692040720401, 0.2677692040427482]}, "5": {"maxiter": 500, "fatol": 1e-05, "xatol": 1e-10, "duration": 0.1335160732269287, "fun": "0.2677692040130141", "nit": "500", "nfev": "770", "status": "2", "success": "False", "message": "Maximum number of iterations has been exceeded.", "x": "[ 4.25790833 -0.29239758  0.53987624 -1.70934772  2.1964074   2.16715322]", "final_simplex": "(array([[ 4.25790833, -0.29239758,  0.53987624, -1.70934772,  2.1964074 ,\n         2.16715322],\n       [ 4.25791766, -0.29239312,  0.53988078, -1.70935304,  2.1964111 ,\n         2.16716449],\n       [ 4.25792682, -0.29239376,  0.53987732, -1.70935792,  2.19641314,\n         2.16716319],\n       [ 4.25792025, -0.29239445,  0.53987423, -1.70935914,  2.19642114,\n         2.16716048],\n       [ 4.25792159, -0.29238737,  0.53987285, -1.70935075,  2.19642473,\n         2.16716517],\n       [ 4.25791136, -0.29238199,  0.53989869, -1.70935019,  2.19640306,\n         2.16714821],\n       [ 4.25791927, -0.29240381,  0.5398879 , -1.70934332,  2.19640724,\n         2.16715935]]), array([0.2677692, 0.2677692, 0.2677692, 0.2677692, 0.2677692, 0.2677692,\n       0.2677692]))", "callback": [0.9416466675071037, 0.8595430914325863, 0.6784056191549728, 0.6189032464953965, 0.5664356902701277, 0.4813238719416997, 0.42430979242276123, 0.36776222163628347, 0.30159484393025515, 0.2970511473413152, 0.29439688697498345, 0.293098663651168, 0.2924548261302897, 0.29083360813235004, 0.2882123109411433, 0.282533900408907, 0.2813335965748861, 0.28132859494740126, 0.2812354402690178, 0.28121968147828924, 0.2811999291558279, 0.281135204145209, 0.28100651413202404, 0.28092663331404855, 0.2807941004285689, 0.28044637343601797, 0.27906106698246735, 0.27534918521460716, 0.2701242251349506, 0.2694193929340626, 0.26847199889522955, 0.26837449199480734, 0.26802546174672026, 0.2679578105744105, 0.26781201899205165, 0.26778825922454286, 0.2677737621607569, 0.2677702663512893, 0.26776967378896077, 0.2677693469676268, 0.26776930991529146, 0.2677692319922369, 0.2677692184256997, 0.26776920851367225, 0.26776920605488874, 0.267769205180566, 0.2677692046999369, 0.26776920432719586, 0.2677692040720401, 0.2677692040427482]}, "6": {"maxiter": 500, "fatol": 1e-10, "xatol": 1e-05, "duration": 0.13575506210327148, "fun": "0.2677692040130141", "nit": "500", "nfev": "770", "status": "2", "success": "False", "message": "Maximum number of iterations has been exceeded.", "x": "[ 4.25790833 -0.29239758  0.53987624 -1.70934772  2.1964074   2.16715322]", "final_simplex": "(array([[ 4.25790833, -0.29239758,  0.53987624, -1.70934772,  2.1964074 ,\n         2.16715322],\n       [ 4.25791766, -0.29239312,  0.53988078, -1.70935304,  2.1964111 ,\n         2.16716449],\n       [ 4.25792682, -0.29239376,  0.53987732, -1.70935792,  2.19641314,\n         2.16716319],\n       [ 4.25792025, -0.29239445,  0.53987423, -1.70935914,  2.19642114,\n         2.16716048],\n       [ 4.25792159, -0.29238737,  0.53987285, -1.70935075,  2.19642473,\n         2.16716517],\n       [ 4.25791136, -0.29238199,  0.53989869, -1.70935019,  2.19640306,\n         2.16714821],\n       [ 4.25791927, -0.29240381,  0.5398879 , -1.70934332,  2.19640724,\n         2.16715935]]), array([0.2677692, 0.2677692, 0.2677692, 0.2677692, 0.2677692, 0.2677692,\n       0.2677692]))", "callback": [0.9416466675071037, 0.8595430914325863, 0.6784056191549728, 0.6189032464953965, 0.5664356902701277, 0.4813238719416997, 0.42430979242276123, 0.36776222163628347, 0.30159484393025515, 0.2970511473413152, 0.29439688697498345, 0.293098663651168, 0.2924548261302897, 0.29083360813235004, 0.2882123109411433, 0.282533900408907, 0.2813335965748861, 0.28132859494740126, 0.2812354402690178, 0.28121968147828924, 0.2811999291558279, 0.281135204145209, 0.28100651413202404, 0.28092663331404855, 0.2807941004285689, 0.28044637343601797, 0.27906106698246735, 0.27534918521460716, 0.2701242251349506, 0.2694193929340626, 0.26847199889522955, 0.26837449199480734, 0.26802546174672026, 0.2679578105744105, 0.26781201899205165, 0.26778825922454286, 0.2677737621607569, 0.2677702663512893, 0.26776967378896077, 0.2677693469676268, 0.26776930991529146, 0.2677692319922369, 0.2677692184256997, 0.26776920851367225, 0.26776920605488874, 0.267769205180566, 0.2677692046999369, 0.26776920432719586, 0.2677692040720401, 0.2677692040427482]}, "7": {"maxiter": 500, "fatol": 1e-10, "xatol": 1e-10, "duration": 0.1395261287689209, "fun": "0.2677692040130141", "nit": "500", "nfev": "770", "status": "2", "success": "False", "message": "Maximum number of iterations has been exceeded.", "x": "[ 4.25790833 -0.29239758  0.53987624 -1.70934772  2.1964074   2.16715322]", "final_simplex": "(array([[ 4.25790833, -0.29239758,  0.53987624, -1.70934772,  2.1964074 ,\n         2.16715322],\n       [ 4.25791766, -0.29239312,  0.53988078, -1.70935304,  2.1964111 ,\n         2.16716449],\n       [ 4.25792682, -0.29239376,  0.53987732, -1.70935792,  2.19641314,\n         2.16716319],\n       [ 4.25792025, -0.29239445,  0.53987423, -1.70935914,  2.19642114,\n         2.16716048],\n       [ 4.25792159, -0.29238737,  0.53987285, -1.70935075,  2.19642473,\n         2.16716517],\n       [ 4.25791136, -0.29238199,  0.53989869, -1.70935019,  2.19640306,\n         2.16714821],\n       [ 4.25791927, -0.29240381,  0.5398879 , -1.70934332,  2.19640724,\n         2.16715935]]), array([0.2677692, 0.2677692, 0.2677692, 0.2677692, 0.2677692, 0.2677692,\n       0.2677692]))", "callback": [0.9416466675071037, 0.8595430914325863, 0.6784056191549728, 0.6189032464953965, 0.5664356902701277, 0.4813238719416997, 0.42430979242276123, 0.36776222163628347, 0.30159484393025515, 0.2970511473413152, 0.29439688697498345, 0.293098663651168, 0.2924548261302897, 0.29083360813235004, 0.2882123109411433, 0.282533900408907, 0.2813335965748861, 0.28132859494740126, 0.2812354402690178, 0.28121968147828924, 0.2811999291558279, 0.281135204145209, 0.28100651413202404, 0.28092663331404855, 0.2807941004285689, 0.28044637343601797, 0.27906106698246735, 0.27534918521460716, 0.2701242251349506, 0.2694193929340626, 0.26847199889522955, 0.26837449199480734, 0.26802546174672026, 0.2679578105744105, 0.26781201899205165, 0.26778825922454286, 0.2677737621607569, 0.2677702663512893, 0.26776967378896077, 0.2677693469676268, 0.26776930991529146, 0.2677692319922369, 0.2677692184256997, 0.26776920851367225, 0.26776920605488874, 0.267769205180566, 0.2677692046999369, 0.26776920432719586, 0.2677692040720401, 0.2677692040427482]}, "8": {"maxiter": 1000, "fatol": 1e-05, "xatol": 1e-05, "duration": 0.1400909423828125, "fun": "0.26776920400634296", "nit": "507", "nfev": "782", "status": "0", "success": "True", "message": "Optimization terminated successfully.", "x": "[ 4.25791457 -0.29239499  0.53988616 -1.7093477   2.19640254  2.16715595]", "final_simplex": "(array([[ 4.25791457, -0.29239499,  0.53988616, -1.7093477 ,  2.19640254,\n         2.16715595],\n       [ 4.25792085, -0.29239425,  0.53988049, -1.70935392,  2.19640999,\n         2.16716028],\n       [ 4.25791316, -0.29239673,  0.53988646, -1.70934708,  2.19640219,\n         2.16714886],\n       [ 4.25791511, -0.29238799,  0.53988812, -1.70935149,  2.19640885,\n         2.16715459],\n       [ 4.25791587, -0.29239744,  0.53988374, -1.70935401,  2.19640563,\n         2.16715622],\n       [ 4.25790833, -0.29239758,  0.53987624, -1.70934772,  2.1964074 ,\n         2.16715322],\n       [ 4.25791847, -0.29239759,  0.53988396, -1.70934822,  2.19641034,\n         2.16715924]]), array([0.2677692, 0.2677692, 0.2677692, 0.2677692, 0.2677692, 0.2677692,\n       0.2677692]))", "callback": [0.9416466675071037, 0.8595430914325863, 0.6784056191549728, 0.6189032464953965, 0.5664356902701277, 0.4813238719416997, 0.42430979242276123, 0.36776222163628347, 0.30159484393025515, 0.2970511473413152, 0.29439688697498345, 0.293098663651168, 0.2924548261302897, 0.29083360813235004, 0.2882123109411433, 0.282533900408907, 0.2813335965748861, 0.28132859494740126, 0.2812354402690178, 0.28121968147828924, 0.2811999291558279, 0.281135204145209, 0.28100651413202404, 0.28092663331404855, 0.2807941004285689, 0.28044637343601797, 0.27906106698246735, 0.27534918521460716, 0.2701242251349506, 0.2694193929340626, 0.26847199889522955, 0.26837449199480734, 0.26802546174672026, 0.2679578105744105, 0.26781201899205165, 0.26778825922454286, 0.2677737621607569, 0.2677702663512893, 0.26776967378896077, 0.2677693469676268, 0.26776930991529146, 0.2677692319922369, 0.2677692184256997, 0.26776920851367225, 0.26776920605488874, 0.267769205180566, 0.2677692046999369, 0.26776920432719586, 0.2677692040720401, 0.2677692040427482, 0.2677692040124142]}, "9": {"maxiter": 1000, "fatol": 1e-05, "xatol": 1e-10, "duration": 0.17934894561767578, "fun": "0.2677692039994526", "nit": "622", "nfev": "1029", "status": "0", "success": "True", "message": "Optimization terminated successfully.", "x": "[ 4.25791668 -0.29239388  0.53987821 -1.7093502   2.19640918  2.16715583]", "final_simplex": "(array([[ 4.25791668, -0.29239388,  0.53987821, -1.7093502 ,  2.19640918,\n         2.16715583],\n       [ 4.25791668, -0.29239388,  0.53987821, -1.7093502 ,  2.19640918,\n         2.16715583],\n       [ 4.25791668, -0.29239388,  0.53987821, -1.7093502 ,  2.19640918,\n         2.16715583],\n       [ 4.25791668, -0.29239388,  0.53987821, -1.7093502 ,  2.19640918,\n         2.16715583],\n       [ 4.25791668, -0.29239388,  0.53987821, -1.7093502 ,  2.19640918,\n         2.16715583],\n       [ 4.25791668, -0.29239388,  0.53987821, -1.7093502 ,  2.19640918,\n         2.16715583],\n       [ 4.25791668, -0.29239388,  0.53987821, -1.7093502 ,  2.19640918,\n         2.16715583]]), array([0.2677692, 0.2677692, 0.2677692, 0.2677692, 0.2677692, 0.2677692,\n       0.2677692]))", "callback": [0.9416466675071037, 0.8595430914325863, 0.6784056191549728, 0.6189032464953965, 0.5664356902701277, 0.4813238719416997, 0.42430979242276123, 0.36776222163628347, 0.30159484393025515, 0.2970511473413152, 0.29439688697498345, 0.293098663651168, 0.2924548261302897, 0.29083360813235004, 0.2882123109411433, 0.282533900408907, 0.2813335965748861, 0.28132859494740126, 0.2812354402690178, 0.28121968147828924, 0.2811999291558279, 0.281135204145209, 0.28100651413202404, 0.28092663331404855, 0.2807941004285689, 0.28044637343601797, 0.27906106698246735, 0.27534918521460716, 0.2701242251349506, 0.2694193929340626, 0.26847199889522955, 0.26837449199480734, 0.26802546174672026, 0.2679578105744105, 0.26781201899205165, 0.26778825922454286, 0.2677737621607569, 0.2677702663512893, 0.26776967378896077, 0.2677693469676268, 0.26776930991529146, 0.2677692319922369, 0.2677692184256997, 0.26776920851367225, 0.26776920605488874, 0.267769205180566, 0.2677692046999369, 0.26776920432719586, 0.2677692040720401, 0.2677692040427482, 0.2677692040124142, 0.26776920400381354, 0.2677692040012304, 0.2677692040003188, 0.2677692039996752, 0.2677692039995415, 0.26776920399947524, 0.2677692039994566, 0.26776920399945336, 0.2677692039994526, 0.2677692039994526, 0.2677692039994526, 0.2677692039994526]}, "10": {"maxiter": 1000, "fatol": 1e-10, "xatol": 1e-05, "duration": 0.14379405975341797, "fun": "0.26776920400634296", "nit": "507", "nfev": "782", "status": "0", "success": "True", "message": "Optimization terminated successfully.", "x": "[ 4.25791457 -0.29239499  0.53988616 -1.7093477   2.19640254  2.16715595]", "final_simplex": "(array([[ 4.25791457, -0.29239499,  0.53988616, -1.7093477 ,  2.19640254,\n         2.16715595],\n       [ 4.25792085, -0.29239425,  0.53988049, -1.70935392,  2.19640999,\n         2.16716028],\n       [ 4.25791316, -0.29239673,  0.53988646, -1.70934708,  2.19640219,\n         2.16714886],\n       [ 4.25791511, -0.29238799,  0.53988812, -1.70935149,  2.19640885,\n         2.16715459],\n       [ 4.25791587, -0.29239744,  0.53988374, -1.70935401,  2.19640563,\n         2.16715622],\n       [ 4.25790833, -0.29239758,  0.53987624, -1.70934772,  2.1964074 ,\n         2.16715322],\n       [ 4.25791847, -0.29239759,  0.53988396, -1.70934822,  2.19641034,\n         2.16715924]]), array([0.2677692, 0.2677692, 0.2677692, 0.2677692, 0.2677692, 0.2677692,\n       0.2677692]))", "callback": [0.9416466675071037, 0.8595430914325863, 0.6784056191549728, 0.6189032464953965, 0.5664356902701277, 0.4813238719416997, 0.42430979242276123, 0.36776222163628347, 0.30159484393025515, 0.2970511473413152, 0.29439688697498345, 0.293098663651168, 0.2924548261302897, 0.29083360813235004, 0.2882123109411433, 0.282533900408907, 0.2813335965748861, 0.28132859494740126, 0.2812354402690178, 0.28121968147828924, 0.2811999291558279, 0.281135204145209, 0.28100651413202404, 0.28092663331404855, 0.2807941004285689, 0.28044637343601797, 0.27906106698246735, 0.27534918521460716, 0.2701242251349506, 0.2694193929340626, 0.26847199889522955, 0.26837449199480734, 0.26802546174672026, 0.2679578105744105, 0.26781201899205165, 0.26778825922454286, 0.2677737621607569, 0.2677702663512893, 0.26776967378896077, 0.2677693469676268, 0.26776930991529146, 0.2677692319922369, 0.2677692184256997, 0.26776920851367225, 0.26776920605488874, 0.267769205180566, 0.2677692046999369, 0.26776920432719586, 0.2677692040720401, 0.2677692040427482, 0.2677692040124142]}, "11": {"maxiter": 1000, "fatol": 1e-10, "xatol": 1e-10, "duration": 0.18327593803405762, "fun": "0.2677692039994526", "nit": "622", "nfev": "1029", "status": "0", "success": "True", "message": "Optimization terminated successfully.", "x": "[ 4.25791668 -0.29239388  0.53987821 -1.7093502   2.19640918  2.16715583]", "final_simplex": "(array([[ 4.25791668, -0.29239388,  0.53987821, -1.7093502 ,  2.19640918,\n         2.16715583],\n       [ 4.25791668, -0.29239388,  0.53987821, -1.7093502 ,  2.19640918,\n         2.16715583],\n       [ 4.25791668, -0.29239388,  0.53987821, -1.7093502 ,  2.19640918,\n         2.16715583],\n       [ 4.25791668, -0.29239388,  0.53987821, -1.7093502 ,  2.19640918,\n         2.16715583],\n       [ 4.25791668, -0.29239388,  0.53987821, -1.7093502 ,  2.19640918,\n         2.16715583],\n       [ 4.25791668, -0.29239388,  0.53987821, -1.7093502 ,  2.19640918,\n         2.16715583],\n       [ 4.25791668, -0.29239388,  0.53987821, -1.7093502 ,  2.19640918,\n         2.16715583]]), array([0.2677692, 0.2677692, 0.2677692, 0.2677692, 0.2677692, 0.2677692,\n       0.2677692]))", "callback": [0.9416466675071037, 0.8595430914325863, 0.6784056191549728, 0.6189032464953965, 0.5664356902701277, 0.4813238719416997, 0.42430979242276123, 0.36776222163628347, 0.30159484393025515, 0.2970511473413152, 0.29439688697498345, 0.293098663651168, 0.2924548261302897, 0.29083360813235004, 0.2882123109411433, 0.282533900408907, 0.2813335965748861, 0.28132859494740126, 0.2812354402690178, 0.28121968147828924, 0.2811999291558279, 0.281135204145209, 0.28100651413202404, 0.28092663331404855, 0.2807941004285689, 0.28044637343601797, 0.27906106698246735, 0.27534918521460716, 0.2701242251349506, 0.2694193929340626, 0.26847199889522955, 0.26837449199480734, 0.26802546174672026, 0.2679578105744105, 0.26781201899205165, 0.26778825922454286, 0.2677737621607569, 0.2677702663512893, 0.26776967378896077, 0.2677693469676268, 0.26776930991529146, 0.2677692319922369, 0.2677692184256997, 0.26776920851367225, 0.26776920605488874, 0.267769205180566, 0.2677692046999369, 0.26776920432719586, 0.2677692040720401, 0.2677692040427482, 0.2677692040124142, 0.26776920400381354, 0.2677692040012304, 0.2677692040003188, 0.2677692039996752, 0.2677692039995415, 0.26776920399947524, 0.2677692039994566, 0.26776920399945336, 0.2677692039994526, 0.2677692039994526, 0.2677692039994526, 0.2677692039994526]}}, "bfgs": {"type": "gradient", "0": {"maxiter": 100, "gtol": 1e-05, "xrtol": 1e-05, "eps": 1e-05, "duration": 0.030411958694458008, "fun": "0.2677692042735298", "jac": "[-5.77384807e-06  2.15005791e-06 -3.91729982e-06  4.68554084e-06\n  9.73565673e-07 -3.18526316e-06]", "hess_inv": "[[ 3.94163312 -0.69259982 -1.52537983  1.16299705  1.48070383  2.27973549]\n [-0.69259982  3.73262504  2.20657983 -1.11577841 -0.90933684 -0.85437493]\n [-1.52537983  2.20657983  8.02330415  0.65478399 -5.23247515 -2.40533176]\n [ 1.16299705 -1.11577841  0.65478399  3.85591014 -0.46189122  0.69586824]\n [ 1.48070383 -0.90933684 -5.23247515 -0.46189122  6.22750851  2.15250053]\n [ 2.27973549 -0.85437493 -2.40533176  0.69586824  2.15250053  4.40426722]]", "nfev": "168", "njev": "24", "status": "0", "success": "True", "message": "Optimization terminated successfully.", "x": "[ 4.25787868 -0.29239943  0.5398581  -1.70935107  2.19641233  2.16712442]", "nit": "19", "callback": [0.4195290291129765, 0.402535186044787, 0.37121023064849823, 0.32083923620267696, 0.29049879947124535, 0.2834667298140984, 0.2732456233369651, 0.2701107538262826, 0.2696472885144572, 0.26887442249495996, 0.2680834861024617, 0.2679724038793788, 0.26782932435072515, 0.26779073789604, 0.26777323746300885, 0.26776959937739353, 0.2677692426822348, 0.26776920834961404, 0.2677692042735298]}, "1": {"maxiter": 100, "gtol": 1e-05, "xrtol": 1e-05, "eps": 1e-10, "duration": 0.030367136001586914, "fun": "0.2677692041595964", "jac": "[-2.22044587e-06  0.00000000e+00 -4.44089173e-06  2.22044587e-06\n  1.11022293e-06 -4.44089173e-06]", "hess_inv": "[[ 3.86900239 -0.69443014 -1.48711143  1.1280101   1.43217441  2.29585072]\n [-0.69443014  3.75256254  2.22877342 -1.09133227 -0.91276872 -0.8096181 ]\n [-1.48711143  2.22877342  8.02634101  0.70869219 -5.20550666 -2.35391304]\n [ 1.1280101  -1.09133227  0.70869219  3.8803548  -0.49014465  0.75231745]\n [ 1.43217441 -0.91276872 -5.20550666 -0.49014465  6.1902152   2.14717   ]\n [ 2.29585072 -0.8096181  -2.35391304  0.75231745  2.14717     4.47023736]]", "nfev": "168", "njev": "24", "status": "0", "success": "True", "message": "Optimization terminated successfully.", "x": "[ 4.25789387 -0.29240281  0.53984954 -1.70935521  2.19642256  2.16713679]", "nit": "19", "callback": [0.4195267789424185, 0.402532130912435, 0.3712057930006618, 0.32083377594765383, 0.2904975687376401, 0.28346612735126864, 0.273245363239107, 0.2701106920655951, 0.2696473410878728, 0.2688743995292261, 0.2680829321974676, 0.2679720827320943, 0.2678291821384915, 0.2677906138360905, 0.2677732389066716, 0.2677695993333995, 0.26776924276224834, 0.26776920790244885, 0.2677692041595964]}, "2": {"maxiter": 100, "gtol": 1e-05, "xrtol": 1e-10, "eps": 1e-05, "duration": 0.03127717971801758, "fun": "0.2677692042735298", "jac": "[-5.77384807e-06  2.15005791e-06 -3.91729982e-06  4.68554084e-06\n  9.73565673e-07 -3.18526316e-06]", "hess_inv": "[[ 3.94163312 -0.69259982 -1.52537983  1.16299705  1.48070383  2.27973549]\n [-0.69259982  3.73262504  2.20657983 -1.11577841 -0.90933684 -0.85437493]\n [-1.52537983  2.20657983  8.02330415  0.65478399 -5.23247515 -2.40533176]\n [ 1.16299705 -1.11577841  0.65478399  3.85591014 -0.46189122  0.69586824]\n [ 1.48070383 -0.90933684 -5.23247515 -0.46189122  6.22750851  2.15250053]\n [ 2.27973549 -0.85437493 -2.40533176  0.69586824  2.15250053  4.40426722]]", "nfev": "168", "njev": "24", "status": "0", "success": "True", "message": "Optimization terminated successfully.", "x": "[ 4.25787868 -0.29239943  0.5398581  -1.70935107  2.19641233  2.16712442]", "nit": "19", "callback": [0.4195290291129765, 0.402535186044787, 0.37121023064849823, 0.32083923620267696, 0.29049879947124535, 0.2834667298140984, 0.2732456233369651, 0.2701107538262826, 0.2696472885144572, 0.26887442249495996, 0.2680834861024617, 0.2679724038793788, 0.26782932435072515, 0.26779073789604, 0.26777323746300885, 0.26776959937739353, 0.2677692426822348, 0.26776920834961404, 0.2677692042735298]}, "3": {"maxiter": 100, "gtol": 1e-05, "xrtol": 1e-10, "eps": 1e-10, "duration": 0.0305330753326416, "fun": "0.2677692041595964", "jac": "[-2.22044587e-06  0.00000000e+00 -4.44089173e-06  2.22044587e-06\n  1.11022293e-06 -4.44089173e-06]", "hess_inv": "[[ 3.86900239 -0.69443014 -1.48711143  1.1280101   1.43217441  2.29585072]\n [-0.69443014  3.75256254  2.22877342 -1.09133227 -0.91276872 -0.8096181 ]\n [-1.48711143  2.22877342  8.02634101  0.70869219 -5.20550666 -2.35391304]\n [ 1.1280101  -1.09133227  0.70869219  3.8803548  -0.49014465  0.75231745]\n [ 1.43217441 -0.91276872 -5.20550666 -0.49014465  6.1902152   2.14717   ]\n [ 2.29585072 -0.8096181  -2.35391304  0.75231745  2.14717     4.47023736]]", "nfev": "168", "njev": "24", "status": "0", "success": "True", "message": "Optimization terminated successfully.", "x": "[ 4.25789387 -0.29240281  0.53984954 -1.70935521  2.19642256  2.16713679]", "nit": "19", "callback": [0.4195267789424185, 0.402532130912435, 0.3712057930006618, 0.32083377594765383, 0.2904975687376401, 0.28346612735126864, 0.273245363239107, 0.2701106920655951, 0.2696473410878728, 0.2688743995292261, 0.2680829321974676, 0.2679720827320943, 0.2678291821384915, 0.2677906138360905, 0.2677732389066716, 0.2677695993333995, 0.26776924276224834, 0.26776920790244885, 0.2677692041595964]}, "4": {"maxiter": 100, "gtol": 1e-10, "xrtol": 1e-05, "eps": 1e-05, "duration": 0.033179283142089844, "fun": "0.2677692040538695", "jac": "[ 2.10498285e-08 -1.41142653e-07 -5.30642197e-07  2.63788991e-07\n  7.37299111e-08 -9.05853170e-07]", "hess_inv": "[[ 4.41596833 -0.72905137 -1.29889724  1.06418594  1.34803351  2.55959664]\n [-0.72905137  3.70821785  2.12622374 -1.11123187 -0.86483671 -0.937127  ]\n [-1.29889724  2.12622374  7.98579438  0.60055485 -5.2164517  -2.41340744]\n [ 1.06418594 -1.11123187  0.60055485  3.87615278 -0.4304125   0.63071059]\n [ 1.34803351 -0.86483671 -5.2164517  -0.4304125   6.22136417  2.15144314]\n [ 2.55959664 -0.937127   -2.41340744  0.63071059  2.15144314  4.43152552]]", "nfev": "175", "njev": "25", "status": "0", "success": "True", "message": "Optimization terminated successfully.", "x": "[ 4.25790251 -0.29240022  0.53987189 -1.70935592  2.19640435  2.16714082]", "nit": "20", "callback": [0.4195290291129765, 0.402535186044787, 0.37121023064849823, 0.32083923620267696, 0.29049879947124535, 0.2834667298140984, 0.2732456233369651, 0.2701107538262826, 0.2696472885144572, 0.26887442249495996, 0.2680834861024617, 0.2679724038793788, 0.26782932435072515, 0.26779073789604, 0.26777323746300885, 0.26776959937739353, 0.2677692426822348, 0.26776920834961404, 0.2677692042735298, 0.2677692040538695]}, "5": {"maxiter": 100, "gtol": 1e-10, "xrtol": 1e-05, "eps": 1e-10, "duration": 0.03174400329589844, "fun": "0.2677692040217865", "jac": "[-3.33066880e-06 -1.11022293e-06 -1.11022293e-06  0.00000000e+00\n  0.00000000e+00  2.22044587e-06]", "hess_inv": "[[ 4.09224601 -0.62236743 -1.11900601  1.09649298  1.19133378  2.44069516]\n [-0.62236743  3.64306162  2.04438246 -1.15052844 -0.81320379 -0.88631182]\n [-1.11900601  2.04438246  7.94080014  0.54476195 -5.19767653 -2.39702384]\n [ 1.09649298 -1.15052844  0.54476195  3.86670283 -0.39067243  0.68628505]\n [ 1.19133378 -0.81320379 -5.19767653 -0.39067243  6.21324063  2.15577799]\n [ 2.44069516 -0.88631182 -2.39702384  0.68628505  2.15577799  4.44942576]]", "nfev": "175", "njev": "25", "status": "0", "success": "True", "message": "Optimization terminated successfully.", "x": "[ 4.25790507 -0.2923956   0.53987624 -1.70935546  2.19640566  2.16714741]", "nit": "20", "callback": [0.4195267789424185, 0.402532130912435, 0.3712057930006618, 0.32083377594765383, 0.2904975687376401, 0.28346612735126864, 0.273245363239107, 0.2701106920655951, 0.2696473410878728, 0.2688743995292261, 0.2680829321974676, 0.2679720827320943, 0.2678291821384915, 0.2677906138360905, 0.2677732389066716, 0.2677695993333995, 0.26776924276224834, 0.26776920790244885, 0.2677692041595964, 0.2677692040217865]}, "6": {"maxiter": 100, "gtol": 1e-10, "xrtol": 1e-10, "eps": 1e-05, "duration": 0.0737771987915039, "fun": "0.26776920404043036", "jac": "[ 1.74305015e-09 -2.13162821e-09  9.99200722e-11 -8.10462808e-10\n -5.21804822e-10 -2.77555756e-10]", "hess_inv": "[[ 4.42863961 -0.68477961 -1.19755343  1.06857031  1.29442873  2.65581423]\n [-0.68477961  3.88305674  2.37056229 -1.15186753 -0.96986863 -0.79679556]\n [-1.19755343  2.37056229  8.37244557  0.5428308  -5.39141485 -2.15763204]\n [ 1.06857031 -1.15186753  0.5428308   3.87661548 -0.40443616  0.59193188]\n [ 1.29442873 -0.96986863 -5.39141485 -0.40443616  6.30185059  2.03048025]\n [ 2.65581423 -0.79679556 -2.15763204  0.59193188  2.03048025  4.62023383]]", "nfev": "423", "njev": "59", "status": "2", "success": "False", "message": "Desired error not necessarily achieved due to precision loss.", "x": "[ 4.25790377 -0.29239879  0.53987501 -1.70935626  2.19640279  2.16714345]", "nit": "22", "callback": [0.4195290291129765, 0.402535186044787, 0.37121023064849823, 0.32083923620267696, 0.29049879947124535, 0.2834667298140984, 0.2732456233369651, 0.2701107538262826, 0.2696472885144572, 0.26887442249495996, 0.2680834861024617, 0.2679724038793788, 0.26782932435072515, 0.26779073789604, 0.26777323746300885, 0.26776959937739353, 0.2677692426822348, 0.26776920834961404, 0.2677692042735298, 0.2677692040538695, 0.2677692040409093, 0.26776920404043036]}, "7": {"maxiter": 100, "gtol": 1e-10, "xrtol": 1e-10, "eps": 1e-10, "duration": 0.058999061584472656, "fun": "0.2677692040066727", "jac": "[-1.11022293e-06 -1.11022293e-06  0.00000000e+00  1.11022293e-06\n  1.11022293e-06 -2.22044587e-06]", "hess_inv": "[[ 1.98669158 -2.12522441 -0.83713361  1.69031696  0.81240362  1.44085699]\n [-2.12522441  2.41809595  1.22692676 -1.60751486 -1.05478823 -1.71024951]\n [-0.83713361  1.22692676  1.93662021 -0.4579169  -1.05096055 -1.2095421 ]\n [ 1.69031696 -1.60751486 -0.4579169   2.18089592  0.37413147  1.07450452]\n [ 0.81240362 -1.05478823 -1.05096055  0.37413147  0.71409586  0.87662723]\n [ 1.44085699 -1.71024951 -1.2095421   1.07450452  0.87662723  1.32239518]]", "nfev": "329", "njev": "47", "status": "2", "success": "False", "message": "Desired error not necessarily achieved due to precision loss.", "x": "[ 4.25791575 -0.29239742  0.53987891 -1.7093484   2.19640632  2.16714995]", "nit": "27", "callback": [0.4195267789424185, 0.402532130912435, 0.3712057930006618, 0.32083377594765383, 0.2904975687376401, 0.28346612735126864, 0.273245363239107, 0.2701106920655951, 0.2696473410878728, 0.2688743995292261, 0.2680829321974676, 0.2679720827320943, 0.2678291821384915, 0.2677906138360905, 0.2677732389066716, 0.2677695993333995, 0.26776924276224834, 0.26776920790244885, 0.2677692041595964, 0.2677692040217865, 0.2677692040145744, 0.2677692040145129, 0.2677692040132632, 0.2677692040105667, 0.26776920400807713, 0.2677692040066727, 0.2677692040066727]}, "8": {"maxiter": 500, "gtol": 1e-05, "xrtol": 1e-05, "eps": 1e-05, "duration": 0.030310869216918945, "fun": "0.2677692042735298", "jac": "[-5.77384807e-06  2.15005791e-06 -3.91729982e-06  4.68554084e-06\n  9.73565673e-07 -3.18526316e-06]", "hess_inv": "[[ 3.94163312 -0.69259982 -1.52537983  1.16299705  1.48070383  2.27973549]\n [-0.69259982  3.73262504  2.20657983 -1.11577841 -0.90933684 -0.85437493]\n [-1.52537983  2.20657983  8.02330415  0.65478399 -5.23247515 -2.40533176]\n [ 1.16299705 -1.11577841  0.65478399  3.85591014 -0.46189122  0.69586824]\n [ 1.48070383 -0.90933684 -5.23247515 -0.46189122  6.22750851  2.15250053]\n [ 2.27973549 -0.85437493 -2.40533176  0.69586824  2.15250053  4.40426722]]", "nfev": "168", "njev": "24", "status": "0", "success": "True", "message": "Optimization terminated successfully.", "x": "[ 4.25787868 -0.29239943  0.5398581  -1.70935107  2.19641233  2.16712442]", "nit": "19", "callback": [0.4195290291129765, 0.402535186044787, 0.37121023064849823, 0.32083923620267696, 0.29049879947124535, 0.2834667298140984, 0.2732456233369651, 0.2701107538262826, 0.2696472885144572, 0.26887442249495996, 0.2680834861024617, 0.2679724038793788, 0.26782932435072515, 0.26779073789604, 0.26777323746300885, 0.26776959937739353, 0.2677692426822348, 0.26776920834961404, 0.2677692042735298]}, "9": {"maxiter": 500, "gtol": 1e-05, "xrtol": 1e-05, "eps": 1e-10, "duration": 0.029433012008666992, "fun": "0.2677692041595964", "jac": "[-2.22044587e-06  0.00000000e+00 -4.44089173e-06  2.22044587e-06\n  1.11022293e-06 -4.44089173e-06]", "hess_inv": "[[ 3.86900239 -0.69443014 -1.48711143  1.1280101   1.43217441  2.29585072]\n [-0.69443014  3.75256254  2.22877342 -1.09133227 -0.91276872 -0.8096181 ]\n [-1.48711143  2.22877342  8.02634101  0.70869219 -5.20550666 -2.35391304]\n [ 1.1280101  -1.09133227  0.70869219  3.8803548  -0.49014465  0.75231745]\n [ 1.43217441 -0.91276872 -5.20550666 -0.49014465  6.1902152   2.14717   ]\n [ 2.29585072 -0.8096181  -2.35391304  0.75231745  2.14717     4.47023736]]", "nfev": "168", "njev": "24", "status": "0", "success": "True", "message": "Optimization terminated successfully.", "x": "[ 4.25789387 -0.29240281  0.53984954 -1.70935521  2.19642256  2.16713679]", "nit": "19", "callback": [0.4195267789424185, 0.402532130912435, 0.3712057930006618, 0.32083377594765383, 0.2904975687376401, 0.28346612735126864, 0.273245363239107, 0.2701106920655951, 0.2696473410878728, 0.2688743995292261, 0.2680829321974676, 0.2679720827320943, 0.2678291821384915, 0.2677906138360905, 0.2677732389066716, 0.2677695993333995, 0.26776924276224834, 0.26776920790244885, 0.2677692041595964]}, "10": {"maxiter": 500, "gtol": 1e-05, "xrtol": 1e-10, "eps": 1e-05, "duration": 0.03138113021850586, "fun": "0.2677692042735298", "jac": "[-5.77384807e-06  2.15005791e-06 -3.91729982e-06  4.68554084e-06\n  9.73565673e-07 -3.18526316e-06]", "hess_inv": "[[ 3.94163312 -0.69259982 -1.52537983  1.16299705  1.48070383  2.27973549]\n [-0.69259982  3.73262504  2.20657983 -1.11577841 -0.90933684 -0.85437493]\n [-1.52537983  2.20657983  8.02330415  0.65478399 -5.23247515 -2.40533176]\n [ 1.16299705 -1.11577841  0.65478399  3.85591014 -0.46189122  0.69586824]\n [ 1.48070383 -0.90933684 -5.23247515 -0.46189122  6.22750851  2.15250053]\n [ 2.27973549 -0.85437493 -2.40533176  0.69586824  2.15250053  4.40426722]]", "nfev": "168", "njev": "24", "status": "0", "success": "True", "message": "Optimization terminated successfully.", "x": "[ 4.25787868 -0.29239943  0.5398581  -1.70935107  2.19641233  2.16712442]", "nit": "19", "callback": [0.4195290291129765, 0.402535186044787, 0.37121023064849823, 0.32083923620267696, 0.29049879947124535, 0.2834667298140984, 0.2732456233369651, 0.2701107538262826, 0.2696472885144572, 0.26887442249495996, 0.2680834861024617, 0.2679724038793788, 0.26782932435072515, 0.26779073789604, 0.26777323746300885, 0.26776959937739353, 0.2677692426822348, 0.26776920834961404, 0.2677692042735298]}, "11": {"maxiter": 500, "gtol": 1e-05, "xrtol": 1e-10, "eps": 1e-10, "duration": 0.031070232391357422, "fun": "0.2677692041595964", "jac": "[-2.22044587e-06  0.00000000e+00 -4.44089173e-06  2.22044587e-06\n  1.11022293e-06 -4.44089173e-06]", "hess_inv": "[[ 3.86900239 -0.69443014 -1.48711143  1.1280101   1.43217441  2.29585072]\n [-0.69443014  3.75256254  2.22877342 -1.09133227 -0.91276872 -0.8096181 ]\n [-1.48711143  2.22877342  8.02634101  0.70869219 -5.20550666 -2.35391304]\n [ 1.1280101  -1.09133227  0.70869219  3.8803548  -0.49014465  0.75231745]\n [ 1.43217441 -0.91276872 -5.20550666 -0.49014465  6.1902152   2.14717   ]\n [ 2.29585072 -0.8096181  -2.35391304  0.75231745  2.14717     4.47023736]]", "nfev": "168", "njev": "24", "status": "0", "success": "True", "message": "Optimization terminated successfully.", "x": "[ 4.25789387 -0.29240281  0.53984954 -1.70935521  2.19642256  2.16713679]", "nit": "19", "callback": [0.4195267789424185, 0.