{"date": "2024/09/25/, 06:29:13", "conf_id": 159, "data_type": "orthogonal\n", "num_data_points": 4, "s_rank": 0, "unitary": "[[-0.24866696+0.58742286j,-0.44704345-0.43151574j,-0.35669027-0.20570733j,-0.10517633+0.1626036j],[0.10596805-0.19687975j,-0.30269685-0.15056416j,0.18246286+0.30440582j,-0.83484447-0.11310748j],[0.26054512-0.52548482j,0.0285017-0.50723956j,-0.43110112+0.17165838j,0.15243271+0.39915801j],[0.42978035+0.11991271j,-0.17224126-0.46030424j,0.6827807-0.15164662j,0.26483638+0.0061855j]]", "databatch_0": {"databatch": "[[[-0.08365737-0.14462101j,-0.29896004+0.1646434j,-0.20136963-0.0139801j,0.22810943-0.24471766j],[0.13522972-0.02490647j,0.22123382+0.05600595j,-0.16055882-0.03760221j,-0.32182371-0.0834541j],[-0.12986418+0.21860368j,-0.11308658+0.23861146j,-0.24110394+0.15832477j,0.27986519+0.11711546j],[0.10000483-0.22091569j,-0.13479857-0.1377186j,0.04471359+0.1568886j,0.24041743+0.06518346j]],[[-0.05828153-0.03477091j,-0.14418948-0.18166583j,-0.26606344+0.04695848j,0.01389348-0.27510985j],[0.08932327-0.26516463j,0.26988643+0.21193166j,-0.1915977-0.16555499j,-0.01403177+0.05078433j],[-0.06813893+0.08672863j,0.13198949+0.25628913j,-0.16173983+0.04507657j,0.20017252+0.23421492j],[0.28588947-0.27635311j,-0.13494241+0.22819773j,0.17857457+0.15824764j,0.04192187+0.1559666j]],[[0.00958161-0.09867099j,-0.18443906-0.09528432j,-0.35580318+0.10316966j,0.103874-0.29881945j],[0.2235965-0.26991368j,0.29738252+0.17014663j,-0.2531086-0.10365875j,-0.07063045-0.02707343j],[-0.07708342+0.01402179j,0.02928347+0.21068819j,-0.05946024-0.03217867j,0.21884542+0.08661791j],[0.18270061-0.34098479j,-0.17933239+0.18048479j,0.04079266+0.17558388j,0.01160146+0.17498869j]],[[-0.13752643-0.02829325j,-0.30529719+0.05368174j,-0.22801774+0.0638599j,0.27923457-0.30240169j],[0.14178383-0.10336972j,0.37587564+0.14188793j,-0.07776215-0.07327395j,-0.22452135-0.03108741j],[-0.12300401+0.01740929j,-0.09877551+0.24934865j,-0.10464624+0.01499069j,0.30861832+0.01140168j],[0.12461883-0.24187778j,-0.23578282+0.05530409j,0.05504559+0.0646035j,0.15102322+0.21702616j]]]", "initial param values": "[5.81248021,1.71591398,4.10003667,3.26741063,4.039416,0.21697127]", "nelder_mead": {"type": "gradient-free", "0": {"maxiter": 100, "fatol": 1e-05, "xatol": 1e-05, "duration": 0.0368189811706543, "fun": "0.6387209301522567", "nit": "100", "nfev": "157", "status": "2", "success": "False", "message": "Maximum number of iterations has been exceeded.", "x": "[4.85358203 2.6523054  1.62858066 1.98963734 3.42660755 0.30257338]", "final_simplex": "(array([[4.85358203, 2.6523054 , 1.62858066, 1.98963734, 3.42660755,\n        0.30257338],\n       [4.90408664, 2.67274311, 1.64153745, 2.00047321, 3.44439541,\n        0.30006357],\n       [4.88280768, 2.68071453, 1.64946703, 1.96956491, 3.45067738,\n        0.2994597 ],\n       [4.88674366, 2.64316893, 1.62049104, 2.02437253, 3.4833575 ,\n        0.30044562],\n       [4.90201186, 2.6654585 , 1.58316722, 2.02890069, 3.46291299,\n        0.30054068],\n       [4.88219833, 2.71620141, 1.60596104, 1.96205285, 3.40528613,\n        0.30209243],\n       [4.83825282, 2.67756982, 1.61919845, 1.99231849, 3.4417039 ,\n        0.30123843]]), array([0.63872093, 0.63886833, 0.63887082, 0.63891271, 0.63892447,\n       0.63907109, 0.63907887]))", "callback": [0.834961951569978, 0.7454216465328725, 0.7236991438333198, 0.7049631848080564, 0.6859197203731897, 0.674238446787487, 0.6491888706588744, 0.6418091766683571, 0.6397785985487366, 0.6390788658123251]}, "1": {"maxiter": 100, "fatol": 1e-05, "xatol": 1e-10, "duration": 0.03674006462097168, "fun": "0.6387209301522567", "nit": "100", "nfev": "157", "status": "2", "success": "False", "message": "Maximum number of iterations has been exceeded.", "x": "[4.85358203 2.6523054  1.62858066 1.98963734 3.42660755 0.30257338]", "final_simplex": "(array([[4.85358203, 2.6523054 , 1.62858066, 1.98963734, 3.42660755,\n        0.30257338],\n       [4.90408664, 2.67274311, 1.64153745, 2.00047321, 3.44439541,\n        0.30006357],\n       [4.88280768, 2.68071453, 1.64946703, 1.96956491, 3.45067738,\n        0.2994597 ],\n       [4.88674366, 2.64316893, 1.62049104, 2.02437253, 3.4833575 ,\n        0.30044562],\n       [4.90201186, 2.6654585 , 1.58316722, 2.02890069, 3.46291299,\n        0.30054068],\n       [4.88219833, 2.71620141, 1.60596104, 1.96205285, 3.40528613,\n        0.30209243],\n       [4.83825282, 2.67756982, 1.61919845, 1.99231849, 3.4417039 ,\n        0.30123843]]), array([0.63872093, 0.63886833, 0.63887082, 0.63891271, 0.63892447,\n       0.63907109, 0.63907887]))", "callback": [0.834961951569978, 0.7454216465328725, 0.7236991438333198, 0.7049631848080564, 0.6859197203731897, 0.674238446787487, 0.6491888706588744, 0.6418091766683571, 0.6397785985487366, 0.6390788658123251]}, "2": {"maxiter": 100, "fatol": 1e-10, "xatol": 1e-05, "duration": 0.03737998008728027, "fun": "0.6387209301522567", "nit": "100", "nfev": "157", "status": "2", "success": "False", "message": "Maximum number of iterations has been exceeded.", "x": "[4.85358203 2.6523054  1.62858066 1.98963734 3.42660755 0.30257338]", "final_simplex": "(array([[4.85358203, 2.6523054 , 1.62858066, 1.98963734, 3.42660755,\n        0.30257338],\n       [4.90408664, 2.67274311, 1.64153745, 2.00047321, 3.44439541,\n        0.30006357],\n       [4.88280768, 2.68071453, 1.64946703, 1.96956491, 3.45067738,\n        0.2994597 ],\n       [4.88674366, 2.64316893, 1.62049104, 2.02437253, 3.4833575 ,\n        0.30044562],\n       [4.90201186, 2.6654585 , 1.58316722, 2.02890069, 3.46291299,\n        0.30054068],\n       [4.88219833, 2.71620141, 1.60596104, 1.96205285, 3.40528613,\n        0.30209243],\n       [4.83825282, 2.67756982, 1.61919845, 1.99231849, 3.4417039 ,\n        0.30123843]]), array([0.63872093, 0.63886833, 0.63887082, 0.63891271, 0.63892447,\n       0.63907109, 0.63907887]))", "callback": [0.834961951569978, 0.7454216465328725, 0.7236991438333198, 0.7049631848080564, 0.6859197203731897, 0.674238446787487, 0.6491888706588744, 0.6418091766683571, 0.6397785985487366, 0.6390788658123251]}, "3": {"maxiter": 100, "fatol": 1e-10, "xatol": 1e-10, "duration": 0.03568577766418457, "fun": "0.6387209301522567", "nit": "100", "nfev": "157", "status": "2", "success": "False", "message": "Maximum number of iterations has been exceeded.", "x": "[4.85358203 2.6523054  1.62858066 1.98963734 3.42660755 0.30257338]", "final_simplex": "(array([[4.85358203, 2.6523054 , 1.62858066, 1.98963734, 3.42660755,\n        0.30257338],\n       [4.90408664, 2.67274311, 1.64153745, 2.00047321, 3.44439541,\n        0.30006357],\n       [4.88280768, 2.68071453, 1.64946703, 1.96956491, 3.45067738,\n        0.2994597 ],\n       [4.88674366, 2.64316893, 1.62049104, 2.02437253, 3.4833575 ,\n        0.30044562],\n       [4.90201186, 2.6654585 , 1.58316722, 2.02890069, 3.46291299,\n        0.30054068],\n       [4.88219833, 2.71620141, 1.60596104, 1.96205285, 3.40528613,\n        0.30209243],\n       [4.83825282, 2.67756982, 1.61919845, 1.99231849, 3.4417039 ,\n        0.30123843]]), array([0.63872093, 0.63886833, 0.63887082, 0.63891271, 0.63892447,\n       0.63907109, 0.63907887]))", "callback": [0.834961951569978, 0.7454216465328725, 0.7236991438333198, 0.7049631848080564, 0.6859197203731897, 0.674238446787487, 0.6491888706588744, 0.6418091766683571, 0.6397785985487366, 0.6390788658123251]}, "4": {"maxiter": 500, "fatol": 1e-05, "xatol": 1e-05, "duration": 0.1531081199645996, "fun": "0.5001830706452174", "nit": "434", "nfev": "663", "status": "0", "success": "True", "message": "Optimization terminated successfully.", "x": "[ 5.23921837  3.01715286  1.17450472  1.65492926  3.09020758 -0.94601371]", "final_simplex": "(array([[ 5.23921837,  3.01715286,  1.17450472,  1.65492926,  3.09020758,\n        -0.94601371],\n       [ 5.23921395,  3.01714689,  1.17450663,  1.65492973,  3.09020661,\n        -0.94601258],\n       [ 5.23921825,  3.01714713,  1.17450475,  1.65492792,  3.09020639,\n        -0.94601366],\n       [ 5.23921551,  3.0171469 ,  1.17450322,  1.65492674,  3.09021148,\n        -0.94601327],\n       [ 5.23921413,  3.01715068,  1.17450713,  1.65492488,  3.0902054 ,\n        -0.94601318],\n       [ 5.23921669,  3.01714538,  1.17451352,  1.65492717,  3.09020525,\n        -0.94600897],\n       [ 5.23921266,  3.01714715,  1.17450736,  1.65492859,  3.09020647,\n        -0.94600856]]), array([0.50018307, 0.50018307, 0.50018307, 0.50018307, 0.50018307,\n       0.50018307, 0.50018307]))", "callback": [0.834961951569978, 0.7454216465328725, 0.7236991438333198, 0.7049631848080564, 0.6859197203731897, 0.674238446787487, 0.6491888706588744, 0.6418091766683571, 0.6397785985487366, 0.6390788658123251, 0.6387209301522567, 0.638260019855426, 0.6377222423657569, 0.6375055763681391, 0.6371620407510138, 0.6368233250182523, 0.6365176350201021, 0.6357891994510252, 0.6338003563929081, 0.629390650125254, 0.6060917741371996, 0.580670506451707, 0.5578797533014395, 0.5408577822124989, 0.5129133253799241, 0.5073075930950273, 0.5037210312545554, 0.5023884435421744, 0.5013759313905558, 0.5010040980128359, 0.5004609657688797, 0.5002541478866908, 0.5001951677343387, 0.500192353557819, 0.5001853847919335, 0.5001836265806379, 0.5001831589016796, 0.500183087783551, 0.5001830731199783, 0.5001830710782653, 0.5001830707715076, 0.5001830707092769, 0.5001830706576406, 0.5001830706468547]}, "5": {"maxiter": 500, "fatol": 1e-05, "xatol": 1e-10, "duration": 0.17524981498718262, "fun": "0.500183070644044", "nit": "500", "nfev": "772", "status": "2", "success": "False", "message": "Maximum number of iterations has been exceeded.", "x": "[ 5.2392175   3.01714904  1.17450748  1.65492974  3.09020771 -0.94601361]", "final_simplex": "(array([[ 5.2392175 ,  3.01714904,  1.17450748,  1.65492974,  3.09020771,\n        -0.94601361],\n       [ 5.23921749,  3.01714907,  1.17450745,  1.65492972,  3.09020773,\n        -0.9460136 ],\n       [ 5.2392175 ,  3.01714903,  1.17450748,  1.65492971,  3.09020771,\n        -0.9460136 ],\n       [ 5.23921754,  3.0171491 ,  1.17450747,  1.65492974,  3.09020769,\n        -0.94601364],\n       [ 5.23921749,  3.01714909,  1.17450747,  1.65492972,  3.09020775,\n        -0.94601362],\n       [ 5.23921747,  3.0171491 ,  1.17450742,  1.65492971,  3.09020773,\n        -0.94601363],\n       [ 5.23921746,  3.01714904,  1.17450752,  1.65492972,  3.09020768,\n        -0.94601358]]), array([0.50018307, 0.50018307, 0.50018307, 0.50018307, 0.50018307,\n       0.50018307, 0.50018307]))", "callback": [0.834961951569978, 0.7454216465328725, 0.7236991438333198, 0.7049631848080564, 0.6859197203731897, 0.674238446787487, 0.6491888706588744, 0.6418091766683571, 0.6397785985487366, 0.6390788658123251, 0.6387209301522567, 0.638260019855426, 0.6377222423657569, 0.6375055763681391, 0.6371620407510138, 0.6368233250182523, 0.6365176350201021, 0.6357891994510252, 0.6338003563929081, 0.629390650125254, 0.6060917741371996, 0.580670506451707, 0.5578797533014395, 0.5408577822124989, 0.5129133253799241, 0.5073075930950273, 0.5037210312545554, 0.5023884435421744, 0.5013759313905558, 0.5010040980128359, 0.5004609657688797, 0.5002541478866908, 0.5001951677343387, 0.500192353557819, 0.5001853847919335, 0.5001836265806379, 0.5001831589016796, 0.500183087783551, 0.5001830731199783, 0.5001830710782653, 0.5001830707715076, 0.5001830707092769, 0.5001830706576406, 0.5001830706468547, 0.5001830706446986, 0.5001830706441814, 0.5001830706440735, 0.5001830706440517, 0.5001830706440457, 0.5001830706440442]}, "6": {"maxiter": 500, "fatol": 1e-10, "xatol": 1e-05, "duration": 0.19992613792419434, "fun": "0.5001830706452174", "nit": "434", "nfev": "663", "status": "0", "success": "True", "message": "Optimization terminated successfully.", "x": "[ 5.23921837  3.01715286  1.17450472  1.65492926  3.09020758 -0.94601371]", "final_simplex": "(array([[ 5.23921837,  3.01715286,  1.17450472,  1.65492926,  3.09020758,\n        -0.94601371],\n       [ 5.23921395,  3.01714689,  1.17450663,  1.65492973,  3.09020661,\n        -0.94601258],\n       [ 5.23921825,  3.01714713,  1.17450475,  1.65492792,  3.09020639,\n        -0.94601366],\n       [ 5.23921551,  3.0171469 ,  1.17450322,  1.65492674,  3.09021148,\n        -0.94601327],\n       [ 5.23921413,  3.01715068,  1.17450713,  1.65492488,  3.0902054 ,\n        -0.94601318],\n       [ 5.23921669,  3.01714538,  1.17451352,  1.65492717,  3.09020525,\n        -0.94600897],\n       [ 5.23921266,  3.01714715,  1.17450736,  1.65492859,  3.09020647,\n        -0.94600856]]), array([0.50018307, 0.50018307, 0.50018307, 0.50018307, 0.50018307,\n       0.50018307, 0.50018307]))", "callback": [0.834961951569978, 0.7454216465328725, 0.7236991438333198, 0.7049631848080564, 0.6859197203731897, 0.674238446787487, 0.6491888706588744, 0.6418091766683571, 0.6397785985487366, 0.6390788658123251, 0.6387209301522567, 0.638260019855426, 0.6377222423657569, 0.6375055763681391, 0.6371620407510138, 0.6368233250182523, 0.6365176350201021, 0.6357891994510252, 0.6338003563929081, 0.629390650125254, 0.6060917741371996, 0.580670506451707, 0.5578797533014395, 0.5408577822124989, 0.5129133253799241, 0.5073075930950273, 0.5037210312545554, 0.5023884435421744, 0.5013759313905558, 0.5010040980128359, 0.5004609657688797, 0.5002541478866908, 0.5001951677343387, 0.500192353557819, 0.5001853847919335, 0.5001836265806379, 0.5001831589016796, 0.500183087783551, 0.5001830731199783, 0.5001830710782653, 0.5001830707715076, 0.5001830707092769, 0.5001830706576406, 0.5001830706468547]}, "7": {"maxiter": 500, "fatol": 1e-10, "xatol": 1e-10, "duration": 0.18240690231323242, "fun": "0.500183070644044", "nit": "500", "nfev": "772", "status": "2", "success": "False", "message": "Maximum number of iterations has been exceeded.", "x": "[ 5.2392175   3.01714904  1.17450748  1.65492974  3.09020771 -0.94601361]", "final_simplex": "(array([[ 5.2392175 ,  3.01714904,  1.17450748,  1.65492974,  3.09020771,\n        -0.94601361],\n       [ 5.23921749,  3.01714907,  1.17450745,  1.65492972,  3.09020773,\n        -0.9460136 ],\n       [ 5.2392175 ,  3.01714903,  1.17450748,  1.65492971,  3.09020771,\n        -0.9460136 ],\n       [ 5.23921754,  3.0171491 ,  1.17450747,  1.65492974,  3.09020769,\n        -0.94601364],\n       [ 5.23921749,  3.01714909,  1.17450747,  1.65492972,  3.09020775,\n        -0.94601362],\n       [ 5.23921747,  3.0171491 ,  1.17450742,  1.65492971,  3.09020773,\n        -0.94601363],\n       [ 5.23921746,  3.01714904,  1.17450752,  1.65492972,  3.09020768,\n        -0.94601358]]), array([0.50018307, 0.50018307, 0.50018307, 0.50018307, 0.50018307,\n       0.50018307, 0.50018307]))", "callback": [0.834961951569978, 0.7454216465328725, 0.7236991438333198, 0.7049631848080564, 0.6859197203731897, 0.674238446787487, 0.6491888706588744, 0.6418091766683571, 0.6397785985487366, 0.6390788658123251, 0.6387209301522567, 0.638260019855426, 0.6377222423657569, 0.6375055763681391, 0.6371620407510138, 0.6368233250182523, 0.6365176350201021, 0.6357891994510252, 0.6338003563929081, 0.629390650125254, 0.6060917741371996, 0.580670506451707, 0.5578797533014395, 0.5408577822124989, 0.5129133253799241, 0.5073075930950273, 0.5037210312545554, 0.5023884435421744, 0.5013759313905558, 0.5010040980128359, 0.5004609657688797, 0.5002541478866908, 0.5001951677343387, 0.500192353557819, 0.5001853847919335, 0.5001836265806379, 0.5001831589016796, 0.500183087783551, 0.5001830731199783, 0.5001830710782653, 0.5001830707715076, 0.5001830707092769, 0.5001830706576406, 0.5001830706468547, 0.5001830706446986, 0.5001830706441814, 0.5001830706440735, 0.5001830706440517, 0.5001830706440457, 0.5001830706440442]}, "8": {"maxiter": 1000, "fatol": 1e-05, "xatol": 1e-05, "duration": 0.15770292282104492, "fun": "0.5001830706452174", "nit": "434", "nfev": "663", "status": "0", "success": "True", "message": "Optimization terminated successfully.", "x": "[ 5.23921837  3.01715286  1.17450472  1.65492926  3.09020758 -0.94601371]", "final_simplex": "(array([[ 5.23921837,  3.01715286,  1.17450472,  1.65492926,  3.09020758,\n        -0.94601371],\n       [ 5.23921395,  3.01714689,  1.17450663,  1.65492973,  3.09020661,\n        -0.94601258],\n       [ 5.23921825,  3.01714713,  1.17450475,  1.65492792,  3.09020639,\n        -0.94601366],\n       [ 5.23921551,  3.0171469 ,  1.17450322,  1.65492674,  3.09021148,\n        -0.94601327],\n       [ 5.23921413,  3.01715068,  1.17450713,  1.65492488,  3.0902054 ,\n        -0.94601318],\n       [ 5.23921669,  3.01714538,  1.17451352,  1.65492717,  3.09020525,\n        -0.94600897],\n       [ 5.23921266,  3.01714715,  1.17450736,  1.65492859,  3.09020647,\n        -0.94600856]]), array([0.50018307, 0.50018307, 0.50018307, 0.50018307, 0.50018307,\n       0.50018307, 0.50018307]))", "callback": [0.834961951569978, 0.7454216465328725, 0.7236991438333198, 0.7049631848080564, 0.6859197203731897, 0.674238446787487, 0.6491888706588744, 0.6418091766683571, 0.6397785985487366, 0.6390788658123251, 0.6387209301522567, 0.638260019855426, 0.6377222423657569, 0.6375055763681391, 0.6371620407510138, 0.6368233250182523, 0.6365176350201021, 0.6357891994510252, 0.6338003563929081, 0.629390650125254, 0.6060917741371996, 0.580670506451707, 0.5578797533014395, 0.5408577822124989, 0.5129133253799241, 0.5073075930950273, 0.5037210312545554, 0.5023884435421744, 0.5013759313905558, 0.5010040980128359, 0.5004609657688797, 0.5002541478866908, 0.5001951677343387, 0.500192353557819, 0.5001853847919335, 0.5001836265806379, 0.5001831589016796, 0.500183087783551, 0.5001830731199783, 0.5001830710782653, 0.5001830707715076, 0.5001830707092769, 0.5001830706576406, 0.5001830706468547]}, "9": {"maxiter": 1000, "fatol": 1e-05, "xatol": 1e-10, "duration": 0.20868182182312012, "fun": "0.5001830706440438", "nit": "537", "nfev": "882", "status": "0", "success": "True", "message": "Optimization terminated successfully.", "x": "[ 5.2392175   3.01714907  1.17450748  1.65492972  3.09020773 -0.94601361]", "final_simplex": "(array([[ 5.2392175 ,  3.01714907,  1.17450748,  1.65492972,  3.09020773,\n        -0.94601361],\n       [ 5.2392175 ,  3.01714907,  1.17450748,  1.65492972,  3.09020773,\n        -0.94601361],\n       [ 5.2392175 ,  3.01714907,  1.17450748,  1.65492972,  3.09020773,\n        -0.94601361],\n       [ 5.2392175 ,  3.01714907,  1.17450748,  1.65492972,  3.09020773,\n        -0.94601361],\n       [ 5.2392175 ,  3.01714907,  1.17450748,  1.65492972,  3.09020773,\n        -0.94601361],\n       [ 5.2392175 ,  3.01714907,  1.17450748,  1.65492972,  3.09020773,\n        -0.94601361],\n       [ 5.2392175 ,  3.01714907,  1.17450748,  1.65492972,  3.09020773,\n        -0.94601361]]), array([0.50018307, 0.50018307, 0.50018307, 0.50018307, 0.50018307,\n       0.50018307, 0.50018307]))", "callback": [0.834961951569978, 0.7454216465328725, 0.7236991438333198, 0.7049631848080564, 0.6859197203731897, 0.674238446787487, 0.6491888706588744, 0.6418091766683571, 0.6397785985487366, 0.6390788658123251, 0.6387209301522567, 0.638260019855426, 0.6377222423657569, 0.6375055763681391, 0.6371620407510138, 0.6368233250182523, 0.6365176350201021, 0.6357891994510252, 0.6338003563929081, 0.629390650125254, 0.6060917741371996, 0.580670506451707, 0.5578797533014395, 0.5408577822124989, 0.5129133253799241, 0.5073075930950273, 0.5037210312545554, 0.5023884435421744, 0.5013759313905558, 0.5010040980128359, 0.5004609657688797, 0.5002541478866908, 0.5001951677343387, 0.500192353557819, 0.5001853847919335, 0.5001836265806379, 0.5001831589016796, 0.500183087783551, 0.5001830731199783, 0.5001830710782653, 0.5001830707715076, 0.5001830707092769, 0.5001830706576406, 0.5001830706468547, 0.5001830706446986, 0.5001830706441814, 0.5001830706440735, 0.5001830706440517, 0.5001830706440457, 0.5001830706440442, 0.500183070644044, 0.5001830706440439, 0.5001830706440438, 0.5001830706440438]}, "10": {"maxiter": 1000, "fatol": 1e-10, "xatol": 1e-05, "duration": 0.15522503852844238, "fun": "0.5001830706452174", "nit": "434", "nfev": "663", "status": "0", "success": "True", "message": "Optimization terminated successfully.", "x": "[ 5.23921837  3.01715286  1.17450472  1.65492926  3.09020758 -0.94601371]", "final_simplex": "(array([[ 5.23921837,  3.01715286,  1.17450472,  1.65492926,  3.09020758,\n        -0.94601371],\n       [ 5.23921395,  3.01714689,  1.17450663,  1.65492973,  3.09020661,\n        -0.94601258],\n       [ 5.23921825,  3.01714713,  1.17450475,  1.65492792,  3.09020639,\n        -0.94601366],\n       [ 5.23921551,  3.0171469 ,  1.17450322,  1.65492674,  3.09021148,\n        -0.94601327],\n       [ 5.23921413,  3.01715068,  1.17450713,  1.65492488,  3.0902054 ,\n        -0.94601318],\n       [ 5.23921669,  3.01714538,  1.17451352,  1.65492717,  3.09020525,\n        -0.94600897],\n       [ 5.23921266,  3.01714715,  1.17450736,  1.65492859,  3.09020647,\n        -0.94600856]]), array([0.50018307, 0.50018307, 0.50018307, 0.50018307, 0.50018307,\n       0.50018307, 0.50018307]))", "callback": [0.834961951569978, 0.7454216465328725, 0.7236991438333198, 0.7049631848080564, 0.6859197203731897, 0.674238446787487, 0.6491888706588744, 0.6418091766683571, 0.6397785985487366, 0.6390788658123251, 0.6387209301522567, 0.638260019855426, 0.6377222423657569, 0.6375055763681391, 0.6371620407510138, 0.6368233250182523, 0.6365176350201021, 0.6357891994510252, 0.6338003563929081, 0.629390650125254, 0.6060917741371996, 0.580670506451707, 0.5578797533014395, 0.5408577822124989, 0.5129133253799241, 0.5073075930950273, 0.5037210312545554, 0.5023884435421744, 0.5013759313905558, 0.5010040980128359, 0.5004609657688797, 0.5002541478866908, 0.5001951677343387, 0.500192353557819, 0.5001853847919335, 0.5001836265806379, 0.5001831589016796, 0.500183087783551, 0.5001830731199783, 0.5001830710782653, 0.5001830707715076, 0.5001830707092769, 0.5001830706576406, 0.5001830706468547]}, "11": {"maxiter": 1000, "fatol": 1e-10, "xatol": 1e-10, "duration": 0.20173096656799316, "fun": "0.5001830706440438", "nit": "537", "nfev": "882", "status": "0", "success": "True", "message": "Optimization terminated successfully.", "x": "[ 5.2392175   3.01714907  1.17450748  1.65492972  3.09020773 -0.94601361]", "final_simplex": "(array([[ 5.2392175 ,  3.01714907,  1.17450748,  1.65492972,  3.09020773,\n        -0.94601361],\n       [ 5.2392175 ,  3.01714907,  1.17450748,  1.65492972,  3.09020773,\n        -0.94601361],\n       [ 5.2392175 ,  3.01714907,  1.17450748,  1.65492972,  3.09020773,\n        -0.94601361],\n       [ 5.2392175 ,  3.01714907,  1.17450748,  1.65492972,  3.09020773,\n        -0.94601361],\n       [ 5.2392175 ,  3.01714907,  1.17450748,  1.65492972,  3.09020773,\n        -0.94601361],\n       [ 5.2392175 ,  3.01714907,  1.17450748,  1.65492972,  3.09020773,\n        -0.94601361],\n       [ 5.2392175 ,  3.01714907,  1.17450748,  1.65492972,  3.09020773,\n        -0.94601361]]), array([0.50018307, 0.50018307, 0.50018307, 0.50018307, 0.50018307,\n       0.50018307, 0.50018307]))", "callback": [0.834961951569978, 0.7454216465328725, 0.7236991438333198, 0.7049631848080564, 0.6859197203731897, 0.674238446787487, 0.6491888706588744, 0.6418091766683571, 0.6397785985487366, 0.6390788658123251, 0.6387209301522567, 0.638260019855426, 0.6377222423657569, 0.6375055763681391, 0.6371620407510138, 0.6368233250182523, 0.6365176350201021, 0.6357891994510252, 0.6338003563929081, 0.629390650125254, 0.6060917741371996, 0.580670506451707, 0.5578797533014395, 0.5408577822124989, 0.5129133253799241, 0.5073075930950273, 0.5037210312545554, 0.5023884435421744, 0.5013759313905558, 0.5010040980128359, 0.5004609657688797, 0.5002541478866908, 0.5001951677343387, 0.500192353557819, 0.5001853847919335, 0.5001836265806379, 0.5001831589016796, 0.500183087783551, 0.5001830731199783, 0.5001830710782653, 0.5001830707715076, 0.5001830707092769, 0.5001830706576406, 0.5001830706468547, 0.5001830706446986, 0.5001830706441814, 0.5001830706440735, 0.5001830706440517, 0.5001830706440457, 0.5001830706440442, 0.500183070644044, 0.5001830706440439, 0.5001830706440438, 0.5001830706440438]}}, "bfgs": {"type": "gradient", "0": {"maxiter": 100, "gtol": 1e-05, "xrtol": 1e-05, "eps": 1e-05, "duration": 0.05700087547302246, "fun": "0.5001830706658166", "jac": "[-2.79909429e-07 -8.64197602e-07  1.55464530e-07  8.95861163e-07\n  2.50699461e-06  7.25974836e-07]", "hess_inv": "[[ 4.50401305 -0.23192194  0.11384479 -0.06446356  0.9631575   1.02436568]\n [-0.23192194  7.52941289 -4.32901602 -0.30470038 -0.9084828  -1.54726122]\n [ 0.11384479 -4.32901602  7.52310854  0.6246799  -1.45162911  1.5004393 ]\n [-0.06446356 -0.30470038  0.6246799   5.03025777 -0.06187126  0.22950851]\n [ 0.9631575  -0.9084828  -1.45162911 -0.06187126  5.44097766  0.80565172]\n [ 1.02436568 -1.54726122  1.5004393   0.22950851  0.80565172  4.9569023 ]]", "nfev": "245", "njev": "35", "status": "0", "success": "True", "message": "Optimization terminated successfully.", "x": "[ 7.3271471  -0.12445434  4.31609791  1.65492882  3.0902162  -0.9460156 ]", "nit": "28", "callback": [0.7558025002957969, 0.724034462101643, 0.7214652630407776, 0.7197451796026095, 0.7172311124436962, 0.7152869477349824, 0.7119690631498157, 0.6971144093181629, 0.6908926463368105, 0.6797099195625919, 0.659320620375409, 0.6240476573559063, 0.5934321765561613, 0.5884498520338897, 0.5685498197804466, 0.5512443500968347, 0.5370541519689154, 0.517351103483515, 0.5066122930557208, 0.5021037753881694, 0.5005460188008667, 0.5002908075095093, 0.500229690825577, 0.500207018003088, 0.5001860236690152, 0.5001832406331248, 0.5001830734297414, 0.5001830706658166]}, "1": {"maxiter": 100, "gtol": 1e-05, "xrtol": 1e-05, "eps": 1e-10, "duration": 0.05715608596801758, "fun": "0.5001830706716353", "jac": "[0.00000000e+00 2.22044617e-06 0.00000000e+00 2.22044587e-06\n 4.44089173e-06 2.22044587e-06]", "hess_inv": "[[ 4.48045189e+00 -2.58653058e-01  1.53974261e-01 -1.02370122e-02\n   9.32020962e-01  1.00979130e+00]\n [-2.58653058e-01  7.58204027e+00 -4.41174500e+00 -3.63164822e-01\n  -8.98906395e-01 -1.56459719e+00]\n [ 1.53974261e-01 -4.41174500e+00  7.62263698e+00  6.65338011e-01\n  -1.44505881e+00  1.53948385e+00]\n [-1.02370122e-02 -3.63164822e-01  6.65338011e-01  5.03431293e+00\n  -6.61683222e-03  2.80685997e-01]\n [ 9.32020962e-01 -8.98906395e-01 -1.44505881e+00 -6.61683222e-03\n   5.41198321e+00  8.02682911e-01]\n [ 1.00979130e+00 -1.56459719e+00  1.53948385e+00  2.80685997e-01\n   8.02682911e-01  4.98597248e+00]]", "nfev": "245", "njev": "35", "status": "0", "success": "True", "message": "Optimization terminated successfully.", "x": "[ 7.32715296 -0.12443877  4.31609476  1.65494145  3.09021662 -0.94601036]", "nit": "28", "callback": [0.755802219623974, 0.7240343670075291, 0.7214652164317052, 0.719744988337235, 0.717230858531867, 0.7152867160612619, 0.7119677342106249, 0.6971147398801896, 0.6908898283603544, 0.6797028232318217, 0.659306421293041, 0.6240229944361094, 0.5934492843819869, 0.588452061565761, 0.568604867093801, 0.5511887352804595, 0.5370131335314119, 0.5172829130893032, 0.5066143620983894, 0.502111683802785, 0.5005430723411435, 0.5002914055406646, 0.5002297905751273, 0.5002071546690989, 0.500185962873384, 0.5001832294921413, 0.5001830722440443, 0.5001830706716353]}, "2": {"maxiter": 100, "gtol": 1e-05, "xrtol": 1e-10, "eps": 1e-05, "duration": 0.057600975036621094, "fun": "0.5001830706658166", "jac": "[-2.79909429e-07 -8.64197602e-07  1.55464530e-07  8.95861163e-07\n  2.50699461e-06  7.25974836e-07]", "hess_inv": "[[ 4.50401305 -0.23192194  0.11384479 -0.06446356  0.9631575   1.02436568]\n [-0.23192194  7.52941289 -4.32901602 -0.30470038 -0.9084828  -1.54726122]\n [ 0.11384479 -4.32901602  7.52310854  0.6246799  -1.45162911  1.5004393 ]\n [-0.06446356 -0.30470038  0.6246799   5.03025777 -0.06187126  0.22950851]\n [ 0.9631575  -0.9084828  -1.45162911 -0.06187126  5.44097766  0.80565172]\n [ 1.02436568 -1.54726122  1.5004393   0.22950851  0.80565172  4.9569023 ]]", "nfev": "245", "njev": "35", "status": "0", "success": "True", "message": "Optimization terminated successfully.", "x": "[ 7.3271471  -0.12445434  4.31609791  1.65492882  3.0902162  -0.9460156 ]", "nit": "28", "callback": [0.7558025002957969, 0.724034462101643, 0.7214652630407776, 0.7197451796026095, 0.7172311124436962, 0.7152869477349824, 0.7119690631498157, 0.6971144093181629, 0.6908926463368105, 0.6797099195625919, 0.659320620375409, 0.6240476573559063, 0.5934321765561613, 0.5884498520338897, 0.5685498197804466, 0.5512443500968347, 0.5370541519689154, 0.517351103483515, 0.5066122930557208, 0.5021037753881694, 0.5005460188008667, 0.5002908075095093, 0.500229690825577, 0.500207018003088, 0.5001860236690152, 0.5001832406331248, 0.5001830734297414, 0.5001830706658166]}, "3": {"maxiter": 100, "gtol": 1e-05, "xrtol": 1e-10, "eps": 1e-10, "duration": 0.05704188346862793, "fun": "0.5001830706716353", "jac": "[0.00000000e+00 2.22044617e-06 0.00000000e+00 2.22044587e-06\n 4.44089173e-06 2.22044587e-06]", "hess_inv": "[[ 4.48045189e+00 -2.58653058e-01  1.53974261e-01 -1.02370122e-02\n   9.32020962e-01  1.00979130e+00]\n [-2.58653058e-01  7.58204027e+00 -4.41174500e+00 -3.63164822e-01\n  -8.98906395e-01 -1.56459719e+00]\n [ 1.53974261e-01 -4.41174500e+00  7.62263698e+00  6.65338011e-01\n  -1.44505881e+00  1.53948385e+00]\n [-1.02370122e-02 -3.63164822e-01  6.65338011e-01  5.03431293e+00\n  -6.61683222e-03  2.80685997e-01]\n [ 9.32020962e-01 -8.98906395e-01 -1.44505881e+00 -6.61683222e-03\n   5.41198321e+00  8.02682911e-01]\n [ 1.00979130e+00 -1.56459719e+00  1.53948385e+00  2.80685997e-01\n   8.02682911e-01  4.98597248e+00]]", "nfev": "245", "njev": "35", "status": "0", "success": "True", "message": "Optimization terminated successfully.", "x": "[ 7.32715296 -0.12443877  4.31609476  1.65494145  3.09021662 -0.94601036]", "nit": "28", "callback": [0.755802219623974, 0.7240343670075291, 0.7214652164317052, 0.719744988337235, 0.717230858531867, 0.7152867160612619, 0.7119677342106249, 0.6971147398801896, 0.6908898283603544, 0.6797028232318217, 0.659306421293041, 0.6240229944361094, 0.5934492843819869, 0.588452061565761, 0.568604867093801, 0.5511887352804595, 0.5370131335314119, 0.5172829130893032, 0.5066143620983894, 0.502111683802785, 0.5005430723411435, 0.5002914055406646, 0.5002297905751273, 0.5002071546690989, 0.500185962873384, 0.5001832294921413, 0.5001830722440443, 0.5001830706716353]}, "4": {"maxiter": 100, "gtol": 1e-10, "xrtol": 1e-05, "eps": 1e-05, "duration": 0.05825686454772949, "fun": "0.5001830706621252", "jac": "[ 4.31654712e-08 -1.40443213e-08 -4.59521310e-08 -6.96220859e-08\n -2.90545366e-08 -2.14828155e-08]", "hess_inv": "[[ 4.51779108  0.02283245  0.03077579 -0.14869587  0.71973553  0.9144251 ]\n [ 0.02283245  7.88335312 -4.50057164 -0.30316748 -0.87642458 -1.48132167]\n [ 0.03077579 -4.50057164  7.59663229  0.64427175 -1.40366368  1.50598591]\n [-0.14869587 -0.30316748  0.64427175  4.98732346 -0.19583358  0.15058947]\n [ 0.71973553 -0.87642458 -1.40366368 -0.19583358  5.02509404  0.56427446]\n [ 0.9144251  -1.48132167  1.50598591  0.15058947  0.56427446  4.82309391]]", "nfev": "252", "njev": "36", "status": "0", "success": "True", "message": "Optimization terminated successfully.", "x": "[ 7.32714604 -0.12444327  4.3160947   1.65492433  3.09020303 -0.9460219 ]", "nit": "29", "callback": [0.7558025002957969, 0.724034462101643, 0.7214652630407776, 0.7197451796026095, 0.7172311124436962, 0.7152869477349824, 0.7119690631498157, 0.6971144093181629, 0.6908926463368105, 0.6797099195625919, 0.659320620375409, 0.6240476573559063, 0.5934321765561613, 0.5884498520338897, 0.5685498197804466, 0.5512443500968347, 0.5370541519689154, 0.517351103483515, 0.5066122930557208, 0.5021037753881694, 0.5005460188008667, 0.5002908075095093, 0.500229690825577, 0.500207018003088, 0.5001860236690152, 0.5001832406331248, 0.5001830734297414, 0.5001830706658166, 0.5001830706621252]}, "5": {"maxiter": 100, "gtol": 1e-10, "xrtol": 1e-05, "eps": 1e-10, "duration": 0.05981898307800293, "fun": "0.5001830706598493", "jac": "[ 0.00000000e+00  0.00000000e+00  0.00000000e+00  1.11022293e-06\n -2.22044587e-06 -2.22044587e-06]", "hess_inv": "[[ 4.53737368 -0.22889781  0.22239154 -0.17337894  0.63019556  0.8740639 ]\n [-0.22889781  7.57542532 -4.30286363 -0.55867606 -1.27469636 -1.73790665]\n [ 0.22239154 -4.30286363  7.46372157  0.83280452 -1.08879881  1.71394128]\n [-0.17337894 -0.55867606  0.83280452  4.95379634 -0.22558204  0.16073454]\n [ 0.63019556 -1.27469636 -1.08879881 -0.22558204  4.86842802  0.51575873]\n [ 0.8740639  -1.73790665  1.71394128  0.16073454  0.51575873  4.83699484]]", "nfev": "252", "njev": "36", "status": "0", "success": "True", "message": "Optimization terminated successfully.", "x": "[ 7.32714911 -0.12444483  4.31610349  1.65493234  3.09019719 -0.94601989]", "nit": "29", "callback": [0.755802219623974, 0.7240343670075291, 0.7214652164317052, 0.719744988337235, 0.717230858531867, 0.7152867160612619, 0.7119677342106249, 0.6971147398801896, 0.6908898283603544, 0.6797028232318217, 0.659306421293041, 0.6240229944361094, 0.5934492843819869, 0.588452061565761, 0.568604867093801, 0.5511887352804595, 0.5370131335314119, 0.5172829130893032, 0.5066143620983894, 0.502111683802785, 0.5005430723411435, 0.5002914055406646, 0.5002297905751273, 0.5002071546690989, 0.500185962873384, 0.5001832294921413, 0.5001830722440443, 0.5001830706716353, 0.5001830706598493]}, "6": {"maxiter": 100, "gtol": 1e-10, "xrtol": 1e-10, "eps": 1e-05, "duration": 0.10492587089538574, "fun": "0.500183070661518", "jac": "[ 1.88737914e-10 -2.44249065e-10 -1.11022302e-10  9.99200722e-11\n -1.66533454e-10  6.66133815e-11]", "hess_inv": "[[ 4.61327580e+00 -2.07313387e-01 -6.66803155e-03 -1.27764770e-01\n   6.91981081e-01  1.01669162e+00]\n [-2.07313387e-01  8.11806336e+00 -4.41266917e+00 -2.10444023e-01\n  -7.73349570e-01 -1.55428915e+00]\n [-6.66803155e-03 -4.41266917e+00  7.46695239e+00  5.67696330e-01\n  -1.48692713e+00  1.45917383e+00]\n [-1.27764770e-01 -2.10444023e-01  5.67696330e-01  4.89656359e+00\n  -2.79433217e-01  9.09723160e-02]\n [ 6.91981081e-01 -7.73349570e-01 -1.48692713e+00 -2.79433217e-01\n   5.08851297e+00  5.13974440e-01]\n [ 1.01669162e+00 -1.55428915e+00  1.45917383e+00  9.09723160e-02\n   5.13974440e-01  4.83823884e+00]]", "nfev": "459", "njev": "64", "status": "2", "success": "False", "message": "Desired error not necessarily achieved due to precision loss.", "x": "[ 7.32714588 -0.12444343  4.31609502  1.6549247   3.09020306 -0.94602178]", "nit": "31", "callback": [0.7558025002957969, 0.724034462101643, 0.7214652630407776, 0.7197451796026095, 0.7172311124436962, 0.7152869477349824, 0.7119690631498157, 0.6971144093181629, 0.6908926463368105, 0.6797099195625919, 0.659320620375409, 0.6240476573559063, 0.5934321765561613, 0.5884498520338897, 0.5685498197804466, 0.5512443500968347, 0.5370541519689154, 0.517351103483515, 0.5066122930557208, 0.5021037753881694, 0.5005460188008667, 0.5002908075095093, 0.500229690825577, 0.500207018003088, 0.5001860236690152, 0.5001832406331248, 0.5001830734297414, 0.5001830706658166, 0.5001830706621252, 0.5001830706615304, 0.500183070661518]}, "7": {"maxiter": 100, "gtol": 1e-10, "xrtol": 1e-10, "eps": 1e-10, "duration": 0.0811610221862793, "fun": "0.5001830706487", "jac": "[ 1.11022293e-06  0.00000000e+00  1.11022293e-06 -2.22044587e-06\n  0.00000000e+00  2.22044587e-06]", "hess_inv": "[[ 2.12742413 -1.64979506  1.42150391 -0.87810476  0.06038933  0.62325681]\n [-1.64979506  1.87312382 -1.85909051  0.792674    0.02579535 -0.49841739]\n [ 1.42150391 -1.85909051  2.07408664 -0.85501168 -0.10941292  0.50015503]\n [-0.87810476  0.792674   -0.85501168  3.59156348 -0.06155274  0.80217784]\n [ 0.06038933  0.02579535 -0.10941292 -0.06155274  0.16111554  0.02174314]\n [ 0.62325681 -0.49841739  0.50015503  0.80217784  0.02174314  2.49213285]]", "nfev": "357", "njev": "51", "status": "0", "success": "True", "message": "Optimization terminated successfully.", "x": "[ 7.32715132 -0.12444782  4.31610204  1.65492579  3.09020455 -0.94601364]", "nit": "35", "callback": [0.755802219623974, 0.7240343670075291, 0.7214652164317052, 0.719744988337235, 0.717230858531867, 0.7152867160612619, 0.7119677342106249, 0.6971147398801896, 0.6908898283603544, 0.6797028232318217, 0.659306421293041, 0.6240229944361094, 0.5934492843819869, 0.588452061565761, 0.568604867093801, 0.5511887352804595, 0.5370131335314119, 0.5172829130893032, 0.5066143620983894, 0.502111683802785, 0.5005430723411435, 0.5002914055406646, 0.5002297905751273, 0.5002071546690989, 0.500185962873384, 0.5001832294921413, 0.5001830722440443, 0.5001830706716353, 0.5001830706598493, 0.5001830706511813, 0.5001830706501105, 0.5001830706493815, 0.500183070648907, 0.5001830706487, 0.5001830706487]}, "8": {"maxiter": 500, "gtol": 1e-05, "xrtol": 1e-05, "eps": 1e-05, "duration": 0.05447506904602051, "fun": "0.5001830706658166", "jac": "[-2.79909429e-07 -8.64197602e-07  1.55464530e-07  8.95861163e-07\n  2.50699461e-06  7.25974836e-07]", "hess_inv": "[[ 4.50401305 -0.23192194  0.11384479 -0.06446356  0.9631575   1.02436568]\n [-0.23192194  7.52941289 -4.32901602 -0.30470038 -0.9084828  -1.54726122]\n [ 0.11384479 -4.32901602  7.52310854  0.6246799  -1.45162911  1.5004393 ]\n [-0.06446356 -0.30470038  0.6246799   5.03025777 -0.06187126  0.22950851]\n [ 0.9631575  -0.9084828  -1.45162911 -0.06187126  5.44097766  0.80565172]\n [ 1.02436568 -1.54726122  1.5004393   0.22950851  0.80565172  4.9569023 ]]", "nfev": "245", "njev": "35", "status": "0", "success": "True", "message": "Optimization terminated successfully.", "x": "[ 7.3271471  -0.12445434  4.31609791  1.65492882  3.0902162  -0.9460156 ]", "nit": "28", "callback": [0.7558025002957969, 0.724034462101643, 0.7214652630407776, 0.7197451796026095, 0.7172311124436962, 0.7152869477349824, 0.7119690631498157, 0.6971144093181629, 0.6908926463368105, 0.6797099195625919, 0.659320620375409, 0.6240476573559063, 0.5934321765561613, 0.5884498520338897, 0.5685498197804466, 0.5512443500968347, 0.5370541519689154, 0.517351103483515, 0.5066122930557208, 0.5021037753881694, 0.5005460188008667, 0.5002908075095093, 0.500229690825577, 0.500207018003088, 0.5001860236690152, 0.5001832406331248, 0.5001830734297414, 0.5001830706658166]}, "9": {"maxiter": 500, "gtol": 1e-05, "xrtol": 1e-05, "eps": 1e-10, "duration": 0.05410408973693848, "fun": "0.5001830706716353", "jac": "[0.00000000e+00 2.22044617e-06 0.00000000e+00 2.22044587e-06\n 4.44089173e-06 2.22044587e-06]", "hess_inv": "[[ 4.48045189e+00 -2.58653058e-01  1.53974261e-01 -1.02370122e-02\n   9.32020962e-01  1.00979130e+00]\n [-2.58653058e-01  7.58204027e+00 -4.41174500e+00 -3.63164822e-01\n  -8.98906395e-01 -1.56459719e+00]\n [ 1.53974261e-01 -4.41174500e+00  7.62263698e+00  6.65338011e-01\n  -1.44505881e+00  1.53948385e+00]\n [-1.02370122e-02 -3.63164822e-01  6.65338011e-01  5.03431293e+00\n  -6.61683222e-03  2.80685997e-01]\n [ 9.32020962e-01 -8.98906395e-01 -1.44505881e+00 -6.61683222e-03\n   5.41198321e+00  8.02682911e-01]\n [ 1.00979130e+00 -1.56459719e+00  1.53948385e+00  2.80685997e-01\n   8.02682911e-01  4.98597248e+00]]", "nfev": "245", "njev": "35", "status": "0", "success": "True", "message": "Optimization terminated successfully.", "x": "[ 7.32715296 -0.12443877  4.31609476  1.65494145  3.09021662 -0.94601036]", "nit": "28", "callback": [0.755802219623974, 0.7240343670075291, 0.7214652164317052, 0.719744988337235, 0.717230858531867, 0.7152867160612619, 0.7119677342106249, 0.6971147398801896, 0.6908898283603544, 0.6797028232318217, 0.659306421293041, 0.6240229944361094, 0.5934492843819869, 0.588452061565761, 0.568604867093801, 0.5511887352804595, 0.5370131335314119, 0.5172829130893032, 0.5066143620983894, 0.502111683802785, 0.5005430723411435, 0.5002914055406646, 0.5002297905751273, 0.5002071546690989, 0.500185962873384, 0.5001832294921413, 0.5001830722440443, 0.5001830706716353]}, "10": {"maxiter": 500, "gtol": 1e-05, "xrtol": 1e-10, "eps": 1e-05, "duration": 0.05448579788208008, "fun": "0.5001830706658166", "jac": "[-2.