{"date": "2024/09/25/, 00:29:51", "conf_id": 89, "data_type": "orthogonal\n", "num_data_points": 1, "s_rank": 0, "unitary": "[[-0.24866696+0.58742286j,-0.44704345-0.43151574j,-0.35669027-0.20570733j,-0.10517633+0.1626036j],[0.10596805-0.19687975j,-0.30269685-0.15056416j,0.18246286+0.30440582j,-0.83484447-0.11310748j],[0.26054512-0.52548482j,0.0285017-0.50723956j,-0.43110112+0.17165838j,0.15243271+0.39915801j],[0.42978035+0.11991271j,-0.17224126-0.46030424j,0.6827807-0.15164662j,0.26483638+0.0061855j]]", "databatch_0": {"databatch": "[[[0.09378887+0.03488985j,-0.13208149+0.0469827j,-0.49550622-0.17806335j,-0.01466457+0.0191213j],[0.01658758+0.00933324j,-0.11272887+0.11726501j,-0.39755153-0.0175034j,0.09248257+0.10416957j],[-0.03697875-0.23062975j,-0.14252969-0.05153739j,0.04678954+0.18828223j,-0.26141392+0.34546887j],[0.03571096-0.16634944j,-0.00898359-0.07288115j,0.09418622+0.25836159j,-0.25760562+0.09362056j]]]", "initial param values": "[4.07034893,2.29157914,2.18255895,3.23956698,5.27138465,4.65257735]", "nelder_mead": {"type": "gradient-free", "0": {"maxiter": 100, "fatol": 1e-05, "xatol": 1e-05, "duration": 0.0396270751953125, "fun": "0.18569542600975475", "nit": "100", "nfev": "156", "status": "2", "success": "False", "message": "Maximum number of iterations has been exceeded.", "x": "[4.47566375 2.6541828  0.66367525 1.51076068 3.57290683 5.66877906]", "final_simplex": "(array([[4.47566375, 2.6541828 , 0.66367525, 1.51076068, 3.57290683,\n        5.66877906],\n       [4.43628906, 2.68998172, 0.71423915, 1.59249291, 3.617861  ,\n        5.54538057],\n       [4.39021657, 2.67224982, 0.57512169, 1.57638666, 3.74941909,\n        5.46275553],\n       [4.53310862, 2.68658965, 0.58532591, 1.59016009, 3.84355717,\n        5.6194921 ],\n       [4.43083089, 2.57029396, 0.747109  , 1.55453882, 3.74355859,\n        5.48839417],\n       [4.52328187, 2.62260217, 0.55140819, 1.48439468, 3.63044238,\n        5.46581092],\n       [4.47434458, 2.71655534, 0.66402714, 1.74925861, 3.86024466,\n        5.6211845 ]]), array([0.18569543, 0.18739202, 0.18788592, 0.18860583, 0.18932326,\n       0.18945268, 0.19035895]))", "callback": [0.727357025598111, 0.4793290743330296, 0.4440951084848519, 0.3630311190668273, 0.3558417367029384, 0.3426441047421013, 0.32085927621051746, 0.26923484500989225, 0.23755066630987676, 0.1929303295157171]}, "1": {"maxiter": 100, "fatol": 1e-05, "xatol": 1e-10, "duration": 0.0381779670715332, "fun": "0.18569542600975475", "nit": "100", "nfev": "156", "status": "2", "success": "False", "message": "Maximum number of iterations has been exceeded.", "x": "[4.47566375 2.6541828  0.66367525 1.51076068 3.57290683 5.66877906]", "final_simplex": "(array([[4.47566375, 2.6541828 , 0.66367525, 1.51076068, 3.57290683,\n        5.66877906],\n       [4.43628906, 2.68998172, 0.71423915, 1.59249291, 3.617861  ,\n        5.54538057],\n       [4.39021657, 2.67224982, 0.57512169, 1.57638666, 3.74941909,\n        5.46275553],\n       [4.53310862, 2.68658965, 0.58532591, 1.59016009, 3.84355717,\n        5.6194921 ],\n       [4.43083089, 2.57029396, 0.747109  , 1.55453882, 3.74355859,\n        5.48839417],\n       [4.52328187, 2.62260217, 0.55140819, 1.48439468, 3.63044238,\n        5.46581092],\n       [4.47434458, 2.71655534, 0.66402714, 1.74925861, 3.86024466,\n        5.6211845 ]]), array([0.18569543, 0.18739202, 0.18788592, 0.18860583, 0.18932326,\n       0.18945268, 0.19035895]))", "callback": [0.727357025598111, 0.4793290743330296, 0.4440951084848519, 0.3630311190668273, 0.3558417367029384, 0.3426441047421013, 0.32085927621051746, 0.26923484500989225, 0.23755066630987676, 0.1929303295157171]}, "2": {"maxiter": 100, "fatol": 1e-10, "xatol": 1e-05, "duration": 0.037930965423583984, "fun": "0.18569542600975475", "nit": "100", "nfev": "156", "status": "2", "success": "False", "message": "Maximum number of iterations has been exceeded.", "x": "[4.47566375 2.6541828  0.66367525 1.51076068 3.57290683 5.66877906]", "final_simplex": "(array([[4.47566375, 2.6541828 , 0.66367525, 1.51076068, 3.57290683,\n        5.66877906],\n       [4.43628906, 2.68998172, 0.71423915, 1.59249291, 3.617861  ,\n        5.54538057],\n       [4.39021657, 2.67224982, 0.57512169, 1.57638666, 3.74941909,\n        5.46275553],\n       [4.53310862, 2.68658965, 0.58532591, 1.59016009, 3.84355717,\n        5.6194921 ],\n       [4.43083089, 2.57029396, 0.747109  , 1.55453882, 3.74355859,\n        5.48839417],\n       [4.52328187, 2.62260217, 0.55140819, 1.48439468, 3.63044238,\n        5.46581092],\n       [4.47434458, 2.71655534, 0.66402714, 1.74925861, 3.86024466,\n        5.6211845 ]]), array([0.18569543, 0.18739202, 0.18788592, 0.18860583, 0.18932326,\n       0.18945268, 0.19035895]))", "callback": [0.727357025598111, 0.4793290743330296, 0.4440951084848519, 0.3630311190668273, 0.3558417367029384, 0.3426441047421013, 0.32085927621051746, 0.26923484500989225, 0.23755066630987676, 0.1929303295157171]}, "3": {"maxiter": 100, "fatol": 1e-10, "xatol": 1e-10, "duration": 0.03588581085205078, "fun": "0.18569542600975475", "nit": "100", "nfev": "156", "status": "2", "success": "False", "message": "Maximum number of iterations has been exceeded.", "x": "[4.47566375 2.6541828  0.66367525 1.51076068 3.57290683 5.66877906]", "final_simplex": "(array([[4.47566375, 2.6541828 , 0.66367525, 1.51076068, 3.57290683,\n        5.66877906],\n       [4.43628906, 2.68998172, 0.71423915, 1.59249291, 3.617861  ,\n        5.54538057],\n       [4.39021657, 2.67224982, 0.57512169, 1.57638666, 3.74941909,\n        5.46275553],\n       [4.53310862, 2.68658965, 0.58532591, 1.59016009, 3.84355717,\n        5.6194921 ],\n       [4.43083089, 2.57029396, 0.747109  , 1.55453882, 3.74355859,\n        5.48839417],\n       [4.52328187, 2.62260217, 0.55140819, 1.48439468, 3.63044238,\n        5.46581092],\n       [4.47434458, 2.71655534, 0.66402714, 1.74925861, 3.86024466,\n        5.6211845 ]]), array([0.18569543, 0.18739202, 0.18788592, 0.18860583, 0.18932326,\n       0.18945268, 0.19035895]))", "callback": [0.727357025598111, 0.4793290743330296, 0.4440951084848519, 0.3630311190668273, 0.3558417367029384, 0.3426441047421013, 0.32085927621051746, 0.26923484500989225, 0.23755066630987676, 0.1929303295157171]}, "4": {"maxiter": 500, "fatol": 1e-05, "xatol": 1e-05, "duration": 0.11201715469360352, "fun": "0.1741470527347817", "nit": "297", "nfev": "481", "status": "0", "success": "True", "message": "Optimization terminated successfully.", "x": "[4.42146375 2.38510856 0.46371379 1.4845198  3.83737657 5.68137989]", "final_simplex": "(array([[4.42146375, 2.38510856, 0.46371379, 1.4845198 , 3.83737657,\n        5.68137989],\n       [4.42146465, 2.3851051 , 0.46371601, 1.48451538, 3.83737991,\n        5.68137889],\n       [4.42146121, 2.38511718, 0.4637228 , 1.48452206, 3.83737596,\n        5.68137178],\n       [4.42147115, 2.38511077, 0.46371988, 1.48451689, 3.83737149,\n        5.68137372],\n       [4.42146248, 2.38510266, 0.46371464, 1.48451429, 3.83737903,\n        5.68137112],\n       [4.42146757, 2.38511371, 0.46371397, 1.48451408, 3.83737129,\n        5.68137466],\n       [4.42147113, 2.38510713, 0.46371692, 1.48452315, 3.83738581,\n        5.68137232]]), array([0.17414705, 0.17414705, 0.17414705, 0.17414705, 0.17414705,\n       0.17414705, 0.17414705]))", "callback": [0.727357025598111, 0.4793290743330296, 0.4440951084848519, 0.3630311190668273, 0.3558417367029384, 0.3426441047421013, 0.32085927621051746, 0.26923484500989225, 0.23755066630987676, 0.1929303295157171, 0.1846286191879135, 0.18200113041964427, 0.17942583580011995, 0.17596781985719656, 0.17508644301345033, 0.17457351968306734, 0.17442160135474838, 0.17419486652220506, 0.1741628702158784, 0.17415185459168558, 0.17414837732367228, 0.1741474227468146, 0.17414712741599092, 0.17414707153295583, 0.1741470566051072, 0.17414705391431706, 0.17414705311302292, 0.1741470528513116, 0.17414705277154474, 0.17414705273898612]}, "5": {"maxiter": 500, "fatol": 1e-05, "xatol": 1e-10, "duration": 0.16306781768798828, "fun": "0.17414705272742192", "nit": "400", "nfev": "711", "status": "0", "success": "True", "message": "Optimization terminated successfully.", "x": "[4.42146338 2.38511031 0.46371845 1.48452004 3.8373734  5.68137541]", "final_simplex": "(array([[4.42146338, 2.38511031, 0.46371845, 1.48452004, 3.8373734 ,\n        5.68137541],\n       [4.42146338, 2.38511031, 0.46371845, 1.48452004, 3.8373734 ,\n        5.68137541],\n       [4.42146338, 2.38511031, 0.46371845, 1.48452004, 3.8373734 ,\n        5.68137541],\n       [4.42146338, 2.38511031, 0.46371845, 1.48452004, 3.8373734 ,\n        5.68137541],\n       [4.42146338, 2.38511031, 0.46371845, 1.48452004, 3.8373734 ,\n        5.68137541],\n       [4.42146338, 2.38511031, 0.46371845, 1.48452004, 3.8373734 ,\n        5.68137541],\n       [4.42146338, 2.38511031, 0.46371845, 1.48452004, 3.8373734 ,\n        5.68137541]]), array([0.17414705, 0.17414705, 0.17414705, 0.17414705, 0.17414705,\n       0.17414705, 0.17414705]))", "callback": [0.727357025598111, 0.4793290743330296, 0.4440951084848519, 0.3630311190668273, 0.3558417367029384, 0.3426441047421013, 0.32085927621051746, 0.26923484500989225, 0.23755066630987676, 0.1929303295157171, 0.1846286191879135, 0.18200113041964427, 0.17942583580011995, 0.17596781985719656, 0.17508644301345033, 0.17457351968306734, 0.17442160135474838, 0.17419486652220506, 0.1741628702158784, 0.17415185459168558, 0.17414837732367228, 0.1741474227468146, 0.17414712741599092, 0.17414707153295583, 0.1741470566051072, 0.17414705391431706, 0.17414705311302292, 0.1741470528513116, 0.17414705277154474, 0.17414705273898612, 0.17414705273067677, 0.17414705272822228, 0.17414705272760722, 0.17414705272746134, 0.1741470527274298, 0.1741470527274236, 0.1741470527274227, 0.17414705272742204, 0.17414705272742204, 0.17414705272742192]}, "6": {"maxiter": 500, "fatol": 1e-10, "xatol": 1e-05, "duration": 0.11182403564453125, "fun": "0.1741470527347817", "nit": "297", "nfev": "481", "status": "0", "success": "True", "message": "Optimization terminated successfully.", "x": "[4.42146375 2.38510856 0.46371379 1.4845198  3.83737657 5.68137989]", "final_simplex": "(array([[4.42146375, 2.38510856, 0.46371379, 1.4845198 , 3.83737657,\n        5.68137989],\n       [4.42146465, 2.3851051 , 0.46371601, 1.48451538, 3.83737991,\n        5.68137889],\n       [4.42146121, 2.38511718, 0.4637228 , 1.48452206, 3.83737596,\n        5.68137178],\n       [4.42147115, 2.38511077, 0.46371988, 1.48451689, 3.83737149,\n        5.68137372],\n       [4.42146248, 2.38510266, 0.46371464, 1.48451429, 3.83737903,\n        5.68137112],\n       [4.42146757, 2.38511371, 0.46371397, 1.48451408, 3.83737129,\n        5.68137466],\n       [4.42147113, 2.38510713, 0.46371692, 1.48452315, 3.83738581,\n        5.68137232]]), array([0.17414705, 0.17414705, 0.17414705, 0.17414705, 0.17414705,\n       0.17414705, 0.17414705]))", "callback": [0.727357025598111, 0.4793290743330296, 0.4440951084848519, 0.3630311190668273, 0.3558417367029384, 0.3426441047421013, 0.32085927621051746, 0.26923484500989225, 0.23755066630987676, 0.1929303295157171, 0.1846286191879135, 0.18200113041964427, 0.17942583580011995, 0.17596781985719656, 0.17508644301345033, 0.17457351968306734, 0.17442160135474838, 0.17419486652220506, 0.1741628702158784, 0.17415185459168558, 0.17414837732367228, 0.1741474227468146, 0.17414712741599092, 0.17414707153295583, 0.1741470566051072, 0.17414705391431706, 0.17414705311302292, 0.1741470528513116, 0.17414705277154474, 0.17414705273898612]}, "7": {"maxiter": 500, "fatol": 1e-10, "xatol": 1e-10, "duration": 0.1743001937866211, "fun": "0.17414705272742192", "nit": "400", "nfev": "711", "status": "0", "success": "True", "message": "Optimization terminated successfully.", "x": "[4.42146338 2.38511031 0.46371845 1.48452004 3.8373734  5.68137541]", "final_simplex": "(array([[4.42146338, 2.38511031, 0.46371845, 1.48452004, 3.8373734 ,\n        5.68137541],\n       [4.42146338, 2.38511031, 0.46371845, 1.48452004, 3.8373734 ,\n        5.68137541],\n       [4.42146338, 2.38511031, 0.46371845, 1.48452004, 3.8373734 ,\n        5.68137541],\n       [4.42146338, 2.38511031, 0.46371845, 1.48452004, 3.8373734 ,\n        5.68137541],\n       [4.42146338, 2.38511031, 0.46371845, 1.48452004, 3.8373734 ,\n        5.68137541],\n       [4.42146338, 2.38511031, 0.46371845, 1.48452004, 3.8373734 ,\n        5.68137541],\n       [4.42146338, 2.38511031, 0.46371845, 1.48452004, 3.8373734 ,\n        5.68137541]]), array([0.17414705, 0.17414705, 0.17414705, 0.17414705, 0.17414705,\n       0.17414705, 0.17414705]))", "callback": [0.727357025598111, 0.4793290743330296, 0.4440951084848519, 0.3630311190668273, 0.3558417367029384, 0.3426441047421013, 0.32085927621051746, 0.26923484500989225, 0.23755066630987676, 0.1929303295157171, 0.1846286191879135, 0.18200113041964427, 0.17942583580011995, 0.17596781985719656, 0.17508644301345033, 0.17457351968306734, 0.17442160135474838, 0.17419486652220506, 0.1741628702158784, 0.17415185459168558, 0.17414837732367228, 0.1741474227468146, 0.17414712741599092, 0.17414707153295583, 0.1741470566051072, 0.17414705391431706, 0.17414705311302292, 0.1741470528513116, 0.17414705277154474, 0.17414705273898612, 0.17414705273067677, 0.17414705272822228, 0.17414705272760722, 0.17414705272746134, 0.1741470527274298, 0.1741470527274236, 0.1741470527274227, 0.17414705272742204, 0.17414705272742204, 0.17414705272742192]}, "8": {"maxiter": 1000, "fatol": 1e-05, "xatol": 1e-05, "duration": 0.11222195625305176, "fun": "0.1741470527347817", "nit": "297", "nfev": "481", "status": "0", "success": "True", "message": "Optimization terminated successfully.", "x": "[4.42146375 2.38510856 0.46371379 1.4845198  3.83737657 5.68137989]", "final_simplex": "(array([[4.42146375, 2.38510856, 0.46371379, 1.4845198 , 3.83737657,\n        5.68137989],\n       [4.42146465, 2.3851051 , 0.46371601, 1.48451538, 3.83737991,\n        5.68137889],\n       [4.42146121, 2.38511718, 0.4637228 , 1.48452206, 3.83737596,\n        5.68137178],\n       [4.42147115, 2.38511077, 0.46371988, 1.48451689, 3.83737149,\n        5.68137372],\n       [4.42146248, 2.38510266, 0.46371464, 1.48451429, 3.83737903,\n        5.68137112],\n       [4.42146757, 2.38511371, 0.46371397, 1.48451408, 3.83737129,\n        5.68137466],\n       [4.42147113, 2.38510713, 0.46371692, 1.48452315, 3.83738581,\n        5.68137232]]), array([0.17414705, 0.17414705, 0.17414705, 0.17414705, 0.17414705,\n       0.17414705, 0.17414705]))", "callback": [0.727357025598111, 0.4793290743330296, 0.4440951084848519, 0.3630311190668273, 0.3558417367029384, 0.3426441047421013, 0.32085927621051746, 0.26923484500989225, 0.23755066630987676, 0.1929303295157171, 0.1846286191879135, 0.18200113041964427, 0.17942583580011995, 0.17596781985719656, 0.17508644301345033, 0.17457351968306734, 0.17442160135474838, 0.17419486652220506, 0.1741628702158784, 0.17415185459168558, 0.17414837732367228, 0.1741474227468146, 0.17414712741599092, 0.17414707153295583, 0.1741470566051072, 0.17414705391431706, 0.17414705311302292, 0.1741470528513116, 0.17414705277154474, 0.17414705273898612]}, "9": {"maxiter": 1000, "fatol": 1e-05, "xatol": 1e-10, "duration": 0.16401004791259766, "fun": "0.17414705272742192", "nit": "400", "nfev": "711", "status": "0", "success": "True", "message": "Optimization terminated successfully.", "x": "[4.42146338 2.38511031 0.46371845 1.48452004 3.8373734  5.68137541]", "final_simplex": "(array([[4.42146338, 2.38511031, 0.46371845, 1.48452004, 3.8373734 ,\n        5.68137541],\n       [4.42146338, 2.38511031, 0.46371845, 1.48452004, 3.8373734 ,\n        5.68137541],\n       [4.42146338, 2.38511031, 0.46371845, 1.48452004, 3.8373734 ,\n        5.68137541],\n       [4.42146338, 2.38511031, 0.46371845, 1.48452004, 3.8373734 ,\n        5.68137541],\n       [4.42146338, 2.38511031, 0.46371845, 1.48452004, 3.8373734 ,\n        5.68137541],\n       [4.42146338, 2.38511031, 0.46371845, 1.48452004, 3.8373734 ,\n        5.68137541],\n       [4.42146338, 2.38511031, 0.46371845, 1.48452004, 3.8373734 ,\n        5.68137541]]), array([0.17414705, 0.17414705, 0.17414705, 0.17414705, 0.17414705,\n       0.17414705, 0.17414705]))", "callback": [0.727357025598111, 0.4793290743330296, 0.4440951084848519, 0.3630311190668273, 0.3558417367029384, 0.3426441047421013, 0.32085927621051746, 0.26923484500989225, 0.23755066630987676, 0.1929303295157171, 0.1846286191879135, 0.18200113041964427, 0.17942583580011995, 0.17596781985719656, 0.17508644301345033, 0.17457351968306734, 0.17442160135474838, 0.17419486652220506, 0.1741628702158784, 0.17415185459168558, 0.17414837732367228, 0.1741474227468146, 0.17414712741599092, 0.17414707153295583, 0.1741470566051072, 0.17414705391431706, 0.17414705311302292, 0.1741470528513116, 0.17414705277154474, 0.17414705273898612, 0.17414705273067677, 0.17414705272822228, 0.17414705272760722, 0.17414705272746134, 0.1741470527274298, 0.1741470527274236, 0.1741470527274227, 0.17414705272742204, 0.17414705272742204, 0.17414705272742192]}, "10": {"maxiter": 1000, "fatol": 1e-10, "xatol": 1e-05, "duration": 0.11593008041381836, "fun": "0.1741470527347817", "nit": "297", "nfev": "481", "status": "0", "success": "True", "message": "Optimization terminated successfully.", "x": "[4.42146375 2.38510856 0.46371379 1.4845198  3.83737657 5.68137989]", "final_simplex": "(array([[4.42146375, 2.38510856, 0.46371379, 1.4845198 , 3.83737657,\n        5.68137989],\n       [4.42146465, 2.3851051 , 0.46371601, 1.48451538, 3.83737991,\n        5.68137889],\n       [4.42146121, 2.38511718, 0.4637228 , 1.48452206, 3.83737596,\n        5.68137178],\n       [4.42147115, 2.38511077, 0.46371988, 1.48451689, 3.83737149,\n        5.68137372],\n       [4.42146248, 2.38510266, 0.46371464, 1.48451429, 3.83737903,\n        5.68137112],\n       [4.42146757, 2.38511371, 0.46371397, 1.48451408, 3.83737129,\n        5.68137466],\n       [4.42147113, 2.38510713, 0.46371692, 1.48452315, 3.83738581,\n        5.68137232]]), array([0.17414705, 0.17414705, 0.17414705, 0.17414705, 0.17414705,\n       0.17414705, 0.17414705]))", "callback": [0.727357025598111, 0.4793290743330296, 0.4440951084848519, 0.3630311190668273, 0.3558417367029384, 0.3426441047421013, 0.32085927621051746, 0.26923484500989225, 0.23755066630987676, 0.1929303295157171, 0.1846286191879135, 0.18200113041964427, 0.17942583580011995, 0.17596781985719656, 0.17508644301345033, 0.17457351968306734, 0.17442160135474838, 0.17419486652220506, 0.1741628702158784, 0.17415185459168558, 0.17414837732367228, 0.1741474227468146, 0.17414712741599092, 0.17414707153295583, 0.1741470566051072, 0.17414705391431706, 0.17414705311302292, 0.1741470528513116, 0.17414705277154474, 0.17414705273898612]}, "11": {"maxiter": 1000, "fatol": 1e-10, "xatol": 1e-10, "duration": 0.16663289070129395, "fun": "0.17414705272742192", "nit": "400", "nfev": "711", "status": "0", "success": "True", "message": "Optimization terminated successfully.", "x": "[4.42146338 2.38511031 0.46371845 1.48452004 3.8373734  5.68137541]", "final_simplex": "(array([[4.42146338, 2.38511031, 0.46371845, 1.48452004, 3.8373734 ,\n        5.68137541],\n       [4.42146338, 2.38511031, 0.46371845, 1.48452004, 3.8373734 ,\n        5.68137541],\n       [4.42146338, 2.38511031, 0.46371845, 1.48452004, 3.8373734 ,\n        5.68137541],\n       [4.42146338, 2.38511031, 0.46371845, 1.48452004, 3.8373734 ,\n        5.68137541],\n       [4.42146338, 2.38511031, 0.46371845, 1.48452004, 3.8373734 ,\n        5.68137541],\n       [4.42146338, 2.38511031, 0.46371845, 1.48452004, 3.8373734 ,\n        5.68137541],\n       [4.42146338, 2.38511031, 0.46371845, 1.48452004, 3.8373734 ,\n        5.68137541]]), array([0.17414705, 0.17414705, 0.17414705, 0.17414705, 0.17414705,\n       0.17414705, 0.17414705]))", "callback": [0.727357025598111, 0.4793290743330296, 0.4440951084848519, 0.3630311190668273, 0.3558417367029384, 0.3426441047421013, 0.32085927621051746, 0.26923484500989225, 0.23755066630987676, 0.1929303295157171, 0.1846286191879135, 0.18200113041964427, 0.17942583580011995, 0.17596781985719656, 0.17508644301345033, 0.17457351968306734, 0.17442160135474838, 0.17419486652220506, 0.1741628702158784, 0.17415185459168558, 0.17414837732367228, 0.1741474227468146, 0.17414712741599092, 0.17414707153295583, 0.1741470566051072, 0.17414705391431706, 0.17414705311302292, 0.1741470528513116, 0.17414705277154474, 0.17414705273898612, 0.17414705273067677, 0.17414705272822228, 0.17414705272760722, 0.17414705272746134, 0.1741470527274298, 0.1741470527274236, 0.1741470527274227, 0.17414705272742204, 0.17414705272742204, 0.17414705272742192]}}, "bfgs": {"type": "gradient", "0": {"maxiter": 100, "gtol": 1e-05, "xrtol": 1e-05, "eps": 1e-05, "duration": 0.03808188438415527, "fun": "0.17414705278509668", "jac": "[ 2.16382468e-08  7.09221570e-07 -6.71018796e-07 -1.14291909e-06\n  5.57365265e-07 -1.05871978e-06]", "hess_inv": "[[ 2.67504205 -0.07476099 -0.11443708 -0.13979023  0.09516658 -0.19448963]\n [-0.07476099  4.65552909  1.81943332  1.8408925  -2.22109334 -0.75976833]\n [-0.11443708  1.81943332  3.21836663  1.0713303  -0.78758161 -0.85831703]\n [-0.13979023  1.8408925   1.0713303   4.08258785  0.87986463 -1.2417627 ]\n [ 0.09516658 -2.22109334 -0.78758161  0.87986463  5.98439012 -0.93876103]\n [-0.19448963 -0.75976833 -0.85831703 -1.2417627  -0.93876103  3.00892246]]", "nfev": "154", "njev": "22", "status": "0", "success": "True", "message": "Optimization terminated successfully.", "x": "[4.42145879 2.3850953  0.46370537 1.48450331 3.83737607 5.68137371]", "nit": "20", "callback": [0.5155254124716482, 0.4829824802920424, 0.4228819002606471, 0.3581617163778753, 0.3012345498655432, 0.2104623627114669, 0.18245644999288468, 0.17625986900124813, 0.17547711967218804, 0.17478541836131112, 0.17455788795832616, 0.1742508664381579, 0.17416903089909241, 0.17415307249467815, 0.17414813131496942, 0.1741474109868686, 0.17414712495813833, 0.1741470606706983, 0.1741470530449598, 0.17414705278509668]}, "1": {"maxiter": 100, "gtol": 1e-05, "xrtol": 1e-05, "eps": 1e-10, "duration": 0.03531980514526367, "fun": "0.17414705293375043", "jac": "[ 0.00000000e+00  8.88178346e-06  2.22044587e-06 -7.77156053e-06\n  6.66133760e-06  0.00000000e+00]", "hess_inv": "[[ 2.6880448  -0.05816738 -0.10624422 -0.12626606  0.2057122  -0.27925941]\n [-0.05816738  4.53685626  1.76916207  1.93656947 -2.32104812 -0.70564496]\n [-0.10624422  1.76916207  3.18150833  1.07736391 -0.89238305 -0.79226981]\n [-0.12626606  1.93656947  1.07736391  3.96508582  0.93963046 -1.29127109]\n [ 0.2057122  -2.32104812 -0.89238305  0.93963046  6.08055966 -1.09663439]\n [-0.27925941 -0.70564496 -0.79226981 -1.29127109 -1.09663439  3.19258013]]", "nfev": "147", "njev": "21", "status": "0", "success": "True", "message": "Optimization terminated successfully.", "x": "[4.42145981 2.38511944 0.46372208 1.48450748 3.83739687 5.68136429]", "nit": "19", "callback": [0.5155241179837033, 0.4829801647991717, 0.42287646868793216, 0.35815509121037636, 0.3012277872815088, 0.2104577440639639, 0.18245099533928644, 0.17626079569687503, 0.17547755904481543, 0.17478539759877132, 0.17455788182396237, 0.17425075227485143, 0.17416901358108705, 0.17415306975854816, 0.17414812205165464, 0.17414741252605825, 0.17414712169977142, 0.17414706100686994, 0.17414705293375043]}, "2": {"maxiter": 100, "gtol": 1e-05, "xrtol": 1e-10, "eps": 1e-05, "duration": 0.03702187538146973, "fun": "0.17414705278509668", "jac": "[ 2.16382468e-08  7.09221570e-07 -6.71018796e-07 -1.14291909e-06\n  5.57365265e-07 -1.05871978e-06]", "hess_inv": "[[ 2.67504205 -0.07476099 -0.11443708 -0.13979023  0.09516658 -0.19448963]\n [-0.07476099  4.65552909  1.81943332  1.8408925  -2.22109334 -0.75976833]\n [-0.11443708  1.81943332  3.21836663  1.0713303  -0.78758161 -0.85831703]\n [-0.13979023  1.8408925   1.0713303   4.08258785  0.87986463 -1.2417627 ]\n [ 0.09516658 -2.22109334 -0.78758161  0.87986463  5.98439012 -0.93876103]\n [-0.19448963 -0.75976833 -0.85831703 -1.2417627  -0.93876103  3.00892246]]", "nfev": "154", "njev": "22", "status": "0", "success": "True", "message": "Optimization terminated successfully.", "x": "[4.42145879 2.3850953  0.46370537 1.48450331 3.83737607 5.68137371]", "nit": "20", "callback": [0.5155254124716482, 0.4829824802920424, 0.4228819002606471, 0.3581617163778753, 0.3012345498655432, 0.2104623627114669, 0.18245644999288468, 0.17625986900124813, 0.17547711967218804, 0.17478541836131112, 0.17455788795832616, 0.1742508664381579, 0.17416903089909241, 0.17415307249467815, 0.17414813131496942, 0.1741474109868686, 0.17414712495813833, 0.1741470606706983, 0.1741470530449598, 0.17414705278509668]}, "3": {"maxiter": 100, "gtol": 1e-05, "xrtol": 1e-10, "eps": 1e-10, "duration": 0.03518486022949219, "fun": "0.17414705293375043", "jac": "[ 0.00000000e+00  8.88178346e-06  2.22044587e-06 -7.77156053e-06\n  6.66133760e-06  0.00000000e+00]", "hess_inv": "[[ 2.6880448  -0.05816738 -0.10624422 -0.12626606  0.2057122  -0.27925941]\n [-0.05816738  4.53685626  1.76916207  1.93656947 -2.32104812 -0.70564496]\n [-0.10624422  1.76916207  3.18150833  1.07736391 -0.89238305 -0.79226981]\n [-0.12626606  1.93656947  1.07736391  3.96508582  0.93963046 -1.29127109]\n [ 0.2057122  -2.32104812 -0.89238305  0.93963046  6.08055966 -1.09663439]\n [-0.27925941 -0.70564496 -0.79226981 -1.29127109 -1.09663439  3.19258013]]", "nfev": "147", "njev": "21", "status": "0", "success": "True", "message": "Optimization terminated successfully.", "x": "[4.42145981 2.38511944 0.46372208 1.48450748 3.83739687 5.68136429]", "nit": "19", "callback": [0.5155241179837033, 0.4829801647991717, 0.42287646868793216, 0.35815509121037636, 0.3012277872815088, 0.2104577440639639, 0.18245099533928644, 0.17626079569687503, 0.17547755904481543, 0.17478539759877132, 0.17455788182396237, 0.17425075227485143, 0.17416901358108705, 0.17415306975854816, 0.17414812205165464, 0.17414741252605825, 0.17414712169977142, 0.17414706100686994, 0.17414705293375043]}, "4": {"maxiter": 100, "gtol": 1e-10, "xrtol": 1e-05, "eps": 1e-05, "duration": 0.03653287887573242, "fun": "0.17414705278509668", "jac": "[ 2.16382468e-08  7.09221570e-07 -6.71018796e-07 -1.14291909e-06\n  5.57365265e-07 -1.05871978e-06]", "hess_inv": "[[ 2.67504205 -0.07476099 -0.11443708 -0.13979023  0.09516658 -0.19448963]\n [-0.07476099  4.65552909  1.81943332  1.8408925  -2.22109334 -0.75976833]\n [-0.11443708  1.81943332  3.21836663  1.0713303  -0.78758161 -0.85831703]\n [-0.13979023  1.8408925   1.0713303   4.08258785  0.87986463 -1.2417627 ]\n [ 0.09516658 -2.22109334 -0.78758161  0.87986463  5.98439012 -0.93876103]\n [-0.19448963 -0.75976833 -0.85831703 -1.2417627  -0.93876103  3.00892246]]", "nfev": "154", "njev": "22", "status": "0", "success": "True", "message": "Optimization terminated successfully.", "x": "[4.42145879 2.3850953  0.46370537 1.48450331 3.83737607 5.68137371]", "nit": "20", "callback": [0.5155254124716482, 0.4829824802920424, 0.4228819002606471, 0.3581617163778753, 0.3012345498655432, 0.2104623627114669, 0.18245644999288468, 0.17625986900124813, 0.17547711967218804, 0.17478541836131112, 0.17455788795832616, 0.1742508664381579, 0.17416903089909241, 0.17415307249467815, 0.17414813131496942, 0.1741474109868686, 0.17414712495813833, 0.1741470606706983, 0.1741470530449598, 0.17414705278509668]}, "5": {"maxiter": 100, "gtol": 1e-10, "xrtol": 1e-05, "eps": 1e-10, "duration": 0.036588191986083984, "fun": "0.1741470527599448", "jac": "[-3.33066880e-06  1.11022293e-06 -4.44089173e-06 -3.33066880e-06\n -1.11022293e-06 -4.44089173e-06]", "hess_inv": "[[ 2.64990624 -0.06780183 -0.11081997 -0.14908555  0.13414864 -0.21255893]\n [-0.06780183  4.67678519  1.85645742  1.8674763  -2.25777092 -0.71553678]\n [-0.11081997  1.85645742  3.23591491  1.03527948 -0.85042219 -0.80088203]\n [-0.14908555  1.8674763   1.03527948  3.97960328  0.86062166 -1.23946644]\n [ 0.13414864 -2.25777092 -0.85042219  0.86062166  5.99276893 -0.98675883]\n [-0.21255893 -0.71553678 -0.80088203 -1.23946644 -0.98675883  3.08095089]]", "nfev": "154", "njev": "22", "status": "0", "success": "True", "message": "Optimization terminated successfully.", "x": "[4.4214586  2.38510333 0.46371212 1.48451379 3.83738558 5.68136936]", "nit": "20", "callback": [0.5155241179837033, 0.4829801647991717, 0.42287646868793216, 0.35815509121037636, 0.3012277872815088, 0.2104577440639639, 0.18245099533928644, 0.17626079569687503, 0.17547755904481543, 0.17478539759877132, 0.17455788182396237, 0.17425075227485143, 0.17416901358108705, 0.17415306975854816, 0.17414812205165464, 0.17414741252605825, 0.17414712169977142, 0.17414706100686994, 0.17414705293375043, 0.1741470527599448]}, "6": {"maxiter": 100, "gtol": 1e-10, "xrtol": 1e-10, "eps": 1e-05, "duration": 0.04810309410095215, "fun": "0.17414705276897602", "jac": "[3.33066907e-11 2.22044605e-11 3.33066907e-11 0.00000000e+00\n 3.33066907e-11 1.11022302e-10]", "hess_inv": "[[ 2.74877836  0.09615648 -0.0469829  -0.02901816  0.04254576 -0.33431984]\n [ 0.09615648  4.9535817   1.99058727  2.16967218 -2.3770674  -0.92954014]\n [-0.0469829   1.99058727  3.3934888   1.34508881 -0.95966736 -0.81108556]\n [-0.02901816  2.16967218  1.34508881  4.46126376  0.6395608  -1.23209947]\n [ 0.04254576 -2.3770674  -0.95966736  0.6395608   6.14119786 -1.0206667 ]\n [-0.33431984 -0.92954014 -0.81108556 -1.23209947 -1.0206667   3.35856867]]", "nfev": "203", "njev": "29", "status": "0", "success": "True", "message": "Optimization terminated successfully.", "x": "[4.42145832 2.38509607 0.46370746 1.48450623 3.83737328 5.68137635]", "nit": "25", "callback": [0.5155254124716482, 0.4829824802920424, 0.4228819002606471, 0.3581617163778753, 0.3012345498655432, 0.2104623627114669, 0.18245644999288468, 0.17625986900124813, 0.17547711967218804, 0.17478541836131112, 0.17455788795832616, 0.1742508664381579, 0.17416903089909241, 0.17415307249467815, 0.17414813131496942, 0.1741474109868686, 0.17414712495813833, 0.1741470606706983, 0.1741470530449598, 0.17414705278509668, 0.17414705277119646, 0.17414705276919584, 0.17414705276898323, 0.17414705276897613, 0.17414705276897602]}, "7": {"maxiter": 100, "gtol": 1e-10, "xrtol": 1e-10, "eps": 1e-10, "duration": 0.08495187759399414, "fun": "0.17414705273598707", "jac": "[-1.11022293e-06  1.11022293e-06  1.11022293e-06  1.11022293e-06\n  0.00000000e+00  2.22044587e-06]", "hess_inv": "[[ 1.70780876  0.36906721  1.1511482  -1.53188945 -3.95909769  1.84791402]\n [ 0.36906721  0.14547991  0.3833589  -0.42415589 -1.32408864  0.72006333]\n [ 1.1511482   0.3833589   1.682946   -1.17255315 -3.95290453  1.91402997]\n [-1.53188945 -0.42415589 -1.17255315  1.67990396  4.2430399  -2.1617702 ]\n [-3.95909769 -1.32408864 -3.95290453  4.2430399  12.92391974 -6.70777853]\n [ 1.84791402  0.72006333  1.91402997 -2.1617702  -6.70777853  3.68086962]]", "nfev": "364", "njev": "52", "status": "0", "success": "True", "message": "Optimization terminated successfully.", "x": "[4.42146727 2.38510481 0.46371513 1.48451942 3.83737313 5.6813763 ]", "nit": "27", "callback": [0.5155241179837033, 0.4829801647991717, 0.42287646868793216, 0.35815509121037636, 0.3012277872815088, 0.2104577440639639, 0.18245099533928644, 0.17626079569687503, 0.17547755904481543, 0.17478539759877132, 0.17455788182396237, 0.17425075227485143, 0.17416901358108705, 0.17415306975854816, 0.17414812205165464, 0.17414741252605825, 0.17414712169977142, 0.17414706100686994, 0.17414705293375043, 0.1741470527599448, 0.17414705274290077, 0.17414705273669506, 0.17414705273645892, 0.17414705273614528, 0.1741470527360658, 0.17414705273598718, 0.17414705273598707]}, "8": {"maxiter": 500, "gtol": 1e-05, "xrtol": 1e-05, "eps": 1e-05, "duration": 0.03577113151550293, "fun": "0.17414705278509668", "jac": "[ 2.16382468e-08  7.09221570e-07 -6.71018796e-07 -1.14291909e-06\n  5.57365265e-07 -1.05871978e-06]", "hess_inv": "[[ 2.67504205 -0.07476099 -0.11443708 -0.13979023  0.09516658 -0.19448963]\n [-0.07476099  4.65552909  1.81943332  1.8408925  -2.22109334 -0.75976833]\n [-0.11443708  1.81943332  3.21836663  1.0713303  -0.78758161 -0.85831703]\n [-0.13979023  1.8408925   1.0713303   4.08258785  0.87986463 -1.2417627 ]\n [ 0.09516658 -2.22109334 -0.78758161  0.87986463  5.98439012 -0.93876103]\n [-0.19448963 -0.75976833 -0.85831703 -1.2417627  -0.93876103  3.00892246]]", "nfev": "154", "njev": "22", "status": "0", "success": "True", "message": "Optimization terminated successfully.", "x": "[4.42145879 2.3850953  0.46370537 1.48450331 3.83737607 5.68137371]", "nit": "20", "callback": [0.5155254124716482, 0.4829824802920424, 0.4228819002606471, 0.3581617163778753, 0.3012345498655432, 0.2104623627114669, 0.18245644999288468, 0.17625986900124813, 0.17547711967218804, 0.17478541836131112, 0.17455788795832616, 0.1742508664381579, 0.17416903089909241, 0.17415307249467815, 0.17414813131496942, 0.1741474109868686, 0.17414712495813833, 0.1741470606706983, 0.1741470530449598, 0.17414705278509668]}, "9": {"maxiter": 500, "gtol": 1e-05, "xrtol": 1e-05, "eps": 1e-10, "duration": 0.03317689895629883, "fun": "0.17414705293375043", "jac": "[ 0.00000000e+00  8.88178346e-06  2.22044587e-06 -7.77156053e-06\n  6.66133760e-06  0.00000000e+00]", "hess_inv": "[[ 2.6880448  -0.05816738 -0.10624422 -0.12626606  0.2057122  -0.27925941]\n [-0.05816738  4.53685626  1.76916207  1.93656947 -2.32104812 -0.70564496]\n [-0.10624422  1.76916207  3.18150833  1.07736391 -0.89238305 -0.79226981]\n [-0.12626606  1.93656947  1.07736391  3.96508582  0.93963046 -1.29127109]\n [ 0.2057122  -2.32104812 -0.89238305  0.93963046  6.08055966 -1.09663439]\n [-0.27925941 -0.70564496 -0.79226981 -1.29127109 -1.09663439  3.19258013]]", "nfev": "147", "njev": "21", "status": "0", "success": "True", "message": "Optimization terminated successfully.", "x": "[4.42145981 2.38511944 0.46372208 1.48450748 3.83739687 5.68136429]", "nit": "19", "callback": [0.5155241179837033, 0.4829801647991717, 0.42287646868793216, 0.35815509121037636, 0.3012277872815088, 0.2104577440639639, 0.18245099533928644, 0.17626079569687503, 0.17547755904481543, 0.17478539759877132, 0.17455788182396237, 0.17425075227485143, 0.17416901358108705, 0.17415306975854816, 0.17414812205165464, 0.17414741252605825, 0.17414712169977142, 0.17414706100686994, 0.17414705293375043]}, "10": {"maxiter": 500, "gtol": 1e-05, "xrtol": 1e-10, "eps": 1e-05, "duration": 0.034754037857055664, "fun": "0.17414705278509668", "jac": "[ 2.16382468e-08  7.09221570e-07 -6.71018796e-07 -1.14291909e-06\n  5.57365265e-07 -1.05871978e-06]", "hess_inv": "[[ 2.67504205 -0.07476099 -0.11443708 -0.13979023  0.09516658 -0.19448963]\n [-0.07476099  4.65552909  1.81943332  1.8408925  -2.22109334 -0.75976833]\n [-0.11443708  1.81943332  3.21836663  1.0713303  -0.78758161 -0.85831703]\n [-0.13979023  1.8408925   1.0713303   4.08258785  0.87986463 -1.2417627 ]\n [ 0.09516658 -2.22109334 -0.78758161  0.87986463  5.98439012 -0.93876103]\n [-0.19448963 -0.75976833 -0.85831703 -1.2417627  -0.93876103  3.00892246]]", "nfev": "154", "njev": "22", "status": "0", "success": "True", "message": "Optimization terminated successfully.", "x": "[4.42145879 2.3850953  0.46370537 1.48450331 3.83737607 5.68137371]", "nit": "20", "callback": [0.5155254124716482, 0.4829824802920424, 0.4228819002606471, 0.3581617163778753, 0.3012345498655432, 0.2104623627114669, 0.18245644999288468, 0.17625986900124813, 0.17547711967218804, 0.17478541836131112, 0.17455788795832616, 0.1742508664381579, 0.17416903089909241, 0.17415307249467815, 0.17414813131496942, 0.1741474109868686, 0.17414712495813833, 0.1741470606706983, 0.1741470530449598, 0.17414705278509668]}, "11": {"maxiter": 500, "gtol": 1e-05, "xrtol": 1e-10, "eps": 1e-10, "duration": 0.034050941467285156, "fun": "0.17414705293375043", "jac": "[ 0.00000000e+00  8.88178346e-06  2.22044587e-06 -7.77156053e-06\n  6.66133760e-06  0.00000000e+00]", "hess_inv": "[[ 2.6880448  -0.05816738 -0.10624422 -0.12626606  0.2057122  -0.27925941]\n [-0.05816738  4.53685626  1.76916207  1.93656947 -2.32104812 -0.70564496]\n [-0.10624422  1.76916207  3.18150833  1.07736391 -0.89238305 -0.79226981]\n [-0.12626606  1.93656947  1.07736391  3.96508582  0.93963046 -1.29127109]\n [ 0.2057122  -2.32104812 -0.89238305  0.93963046  6.08055966 -1.09663439]\n [-0.27925941 -0.70564496 -0.79226981 -1.29127109 -1.09663439  3.19258013]]", "nfev": "147", "njev": "21", "status": "0", "success": "True", "message": "Optimization terminated successfully.", "x": "[4.42145981 2.38511944 0.46372208 1.48450748 3.83739687 5.68136429]", "nit": "19", "callback": [0.5155241179837033, 0.4829801647991717, 0.42287646868793216, 0.35815509121037636, 0.3012277872815088, 0.2104577440639639, 0.18245099533928644, 0.17626079569687503, 0.17547755904481543, 0.17478539759877132, 0.17455788182396237, 0.17425075227485143, 0.17416901358108705, 0.17415306975854816, 0.17414812205165464, 0.17414741252605825, 0.17414712169977142, 0.17414706100686994, 0.17414705293375043]}, "12": {"maxiter": 500, "gtol": 1e-10, "xrtol": 1e-05, "eps": 1e-05, "duration": 0.034815073013305664, "fun": "0.17414705278509668", "jac": "[ 2.16382468e-08  7.09221570e-07 -6.71018796e-07 -1.14291909e-06\n  5.57365265e-07 -1.05871978e-06]", "hess_inv": "[[ 2.67504205 -0.07476099 -0.11443708 -0.13979023  0.09516658 -0.19448963]\n [-0.07476099  4.65552909  1.81943332  1.8408925  -2.22109334 -0.75976833]\n [-0.11443708  1.81943332  3.21836663  1.0713303  -0.78758161 -0.85831703]\n [-0.13979023  1.8408925   1.0713303   4.08258785  0.87986463 -1.2417627 ]\n [ 0.09516658 -2.22109334 -0.78758161  0.87986463  5.98439012 -0.93876103]\n [-0.19448963 -0.75976833 -0.85831703 -1.2417627  -0.93876103  3.00892246]]", "nfev": "154", "njev": "22", "status": "0", "success": "True", "message": "Optimization terminated successfully.", "x": "[4.42145879 2.3850953  0.46370537 1.48450331 3.83737607 5.68137371]", "nit": "20", "callback": [0.5155254124716482, 0.4829824802920424, 0.4228819002606471, 0.3581617163778753, 0.3012345498655432, 0.2104623627114669, 0.18245644999288468, 0.17625986900124813, 0.17547711967218804, 0.17478541836131112, 0.17455788795832616, 0.1742508664381579, 0.17416903089909241, 0.17415307249467815, 0.17414813131496942, 0.1741474109868686, 0.17414712495813833, 0.1741470606706983, 0.1741470530449598, 0.17414705278509668]}, "13": {"maxiter": 500, "gtol": 1e-10, "xrtol": 1e-05, "eps": 1e-10, "duration": 0.03555917739868164, "fun": "0.1741470527599448", "jac": "[-3.33066880e-06  1.11022293e-06 -4.44089173e-06 -3.33066880e-06\n -1.11022293e-06 -4.44089173e-06]", "hess_inv": "[[ 2.64990624 -0.06780183 -0.11081997 -0.14908555  0.13414864 -0.21255893]\n [-0.06780183  4.67678519  1.85645742  1.8674763  -2.25777092 -0.71553678]\n [-0.11081997  1.85645742  3.23591491  1.03527948 -0.85042219 -0.80088203]\n [-0.14908555  1.8674763   1.03527948  3.97960328  0.86062166 -1.23946644]\n [ 0.13414864 -2.25777092 -0.85042219  0.86062166  5.99276893 -0.98675883]\n [-0.21255893 -0.71553678 -0.80088203 -1.23946644 -0.98675883  3.08095089]]", "nfev": "154", "njev": "22", "status": "0", "success": "True", "message": "Optimization terminated successfully.", "x": "[4.4214586  2.38510333 0.46371212 1.48451379 3.83738558 5.68136936]", "nit": "20", "callback": [0.5155241179837033, 0.4829801647991717, 0.42287646868793216, 0.35815509121037636, 0.3012277872815088, 0.2104577440639639, 0.18245099533928644, 0.17626079569687503, 0.17547755904481543, 0.17478539759877132, 0.17455788182396237, 0.17425075227485143, 0.17416901358108705, 0.17415306975854816, 0.17414812205165464, 0.17414741252605825, 0.17414712169977142, 0.17414706100686994, 0.17414705293375043, 0.1741470527599448]}, "14": {"maxiter": 500, "gtol": 1e-10, "xrtol": 1e-10, "eps": 1e-05, "duration": 0.049939870834350586, "fun": "0.17414705276897602", "jac": "[3.33066907e-11 2.22044605e-11 3.33066907e-11 0.00000000e+00\n 3.33066907e-11 1.11022302e-10]", "hess_inv": "[[ 2.74877836  0.09615648 -0.0469829  -0.02901816  0.04254576 -0.33431984]\n [ 