{"date": "2024/09/25/, 14:49:23", "conf_id": 252, "data_type": "var_s_rank\n", "num_data_points": 1, "s_rank": 0, "unitary": "[[0.18663085-0.53122324j,-0.11886349-0.70040876j,0.28555095-0.02789305j,-0.12262021-0.2844587j],[-0.16702216+0.27758472j,0.27526351-0.29738586j,-0.01109314+0.22495461j,-0.77239203+0.28900673j],[0.61935415+0.12301792j,-0.31269928-0.03315917j,-0.61902762-0.19039079j,-0.27120731-0.0968989j],[0.42341754+0.0023929j,-0.05847358+0.47832119j,0.64900495-0.16218422j,-0.37182676-0.05229966j]]", "databatch_0": {"databatch": "[[[0.03584472-0.14424956j,-0.11281228-0.29038852j,-0.02832262+0.11564446j,-0.05719984+0.27496704j],[0.16545993+0.3784336j,-0.15805061+0.03120988j,0.28059416-0.2932557j,0.01910983-0.01086423j],[0.14263564-0.05421855j,0.27853893-0.3367183j,-0.07645092+0.08050012j,-0.33645377+0.14230046j],[-0.032982-0.02204733j,-0.13286763+0.13631424j,-0.01372336-0.05233869j,0.15273213-0.04421578j]]]", "initial param values": "[4.78364726,0.15402335,2.08574426,4.13899404,5.13336908,1.87596683]", "nelder_mead": {"type": "gradient-free", "0": {"maxiter": 100, "fatol": 1e-05, "xatol": 1e-05, "duration": 0.07546114921569824, "fun": "0.3222329771951449", "nit": "100", "nfev": "158", "status": "2", "success": "False", "message": "Maximum number of iterations has been exceeded.", "x": "[1.75317385 0.14692084 3.18670957 2.4255298  7.0125701  2.61657407]", "final_simplex": "(array([[1.75317385, 0.14692084, 3.18670957, 2.4255298 , 7.0125701 ,\n        2.61657407],\n       [1.79839923, 0.14507761, 3.18760274, 2.33406623, 7.07286922,\n        2.64008369],\n       [1.81240185, 0.15769782, 3.2458808 , 2.4727302 , 6.71684787,\n        2.51295036],\n       [1.71973825, 0.15368168, 3.28613135, 2.37810215, 6.83661163,\n        2.57071374],\n       [1.81713688, 0.14254697, 3.26954317, 2.26361029, 7.02964292,\n        2.6901495 ],\n       [1.83093645, 0.15934505, 3.35020536, 2.42536013, 6.74063603,\n        2.43388513],\n       [1.71936424, 0.1542644 , 3.33128397, 2.34211807, 6.99434547,\n        2.54644643]]), array([0.32223298, 0.32327696, 0.3236116 , 0.3241436 , 0.32601261,\n       0.32750786, 0.32769079]))", "callback": [0.8642259737595794, 0.7167883632341976, 0.6517307112006036, 0.5123866682604509, 0.4053164006247215, 0.35938418560448215, 0.34548459895870987, 0.34283293405474236, 0.33892066414699473, 0.32750785571463814]}, "1": {"maxiter": 100, "fatol": 1e-05, "xatol": 1e-10, "duration": 0.04851078987121582, "fun": "0.3222329771951449", "nit": "100", "nfev": "158", "status": "2", "success": "False", "message": "Maximum number of iterations has been exceeded.", "x": "[1.75317385 0.14692084 3.18670957 2.4255298  7.0125701  2.61657407]", "final_simplex": "(array([[1.75317385, 0.14692084, 3.18670957, 2.4255298 , 7.0125701 ,\n        2.61657407],\n       [1.79839923, 0.14507761, 3.18760274, 2.33406623, 7.07286922,\n        2.64008369],\n       [1.81240185, 0.15769782, 3.2458808 , 2.4727302 , 6.71684787,\n        2.51295036],\n       [1.71973825, 0.15368168, 3.28613135, 2.37810215, 6.83661163,\n        2.57071374],\n       [1.81713688, 0.14254697, 3.26954317, 2.26361029, 7.02964292,\n        2.6901495 ],\n       [1.83093645, 0.15934505, 3.35020536, 2.42536013, 6.74063603,\n        2.43388513],\n       [1.71936424, 0.1542644 , 3.33128397, 2.34211807, 6.99434547,\n        2.54644643]]), array([0.32223298, 0.32327696, 0.3236116 , 0.3241436 , 0.32601261,\n       0.32750786, 0.32769079]))", "callback": [0.8642259737595794, 0.7167883632341976, 0.6517307112006036, 0.5123866682604509, 0.4053164006247215, 0.35938418560448215, 0.34548459895870987, 0.34283293405474236, 0.33892066414699473, 0.32750785571463814]}, "2": {"maxiter": 100, "fatol": 1e-10, "xatol": 1e-05, "duration": 0.0466310977935791, "fun": "0.3222329771951449", "nit": "100", "nfev": "158", "status": "2", "success": "False", "message": "Maximum number of iterations has been exceeded.", "x": "[1.75317385 0.14692084 3.18670957 2.4255298  7.0125701  2.61657407]", "final_simplex": "(array([[1.75317385, 0.14692084, 3.18670957, 2.4255298 , 7.0125701 ,\n        2.61657407],\n       [1.79839923, 0.14507761, 3.18760274, 2.33406623, 7.07286922,\n        2.64008369],\n       [1.81240185, 0.15769782, 3.2458808 , 2.4727302 , 6.71684787,\n        2.51295036],\n       [1.71973825, 0.15368168, 3.28613135, 2.37810215, 6.83661163,\n        2.57071374],\n       [1.81713688, 0.14254697, 3.26954317, 2.26361029, 7.02964292,\n        2.6901495 ],\n       [1.83093645, 0.15934505, 3.35020536, 2.42536013, 6.74063603,\n        2.43388513],\n       [1.71936424, 0.1542644 , 3.33128397, 2.34211807, 6.99434547,\n        2.54644643]]), array([0.32223298, 0.32327696, 0.3236116 , 0.3241436 , 0.32601261,\n       0.32750786, 0.32769079]))", "callback": [0.8642259737595794, 0.7167883632341976, 0.6517307112006036, 0.5123866682604509, 0.4053164006247215, 0.35938418560448215, 0.34548459895870987, 0.34283293405474236, 0.33892066414699473, 0.32750785571463814]}, "3": {"maxiter": 100, "fatol": 1e-10, "xatol": 1e-10, "duration": 0.04595303535461426, "fun": "0.3222329771951449", "nit": "100", "nfev": "158", "status": "2", "success": "False", "message": "Maximum number of iterations has been exceeded.", "x": "[1.75317385 0.14692084 3.18670957 2.4255298  7.0125701  2.61657407]", "final_simplex": "(array([[1.75317385, 0.14692084, 3.18670957, 2.4255298 , 7.0125701 ,\n        2.61657407],\n       [1.79839923, 0.14507761, 3.18760274, 2.33406623, 7.07286922,\n        2.64008369],\n       [1.81240185, 0.15769782, 3.2458808 , 2.4727302 , 6.71684787,\n        2.51295036],\n       [1.71973825, 0.15368168, 3.28613135, 2.37810215, 6.83661163,\n        2.57071374],\n       [1.81713688, 0.14254697, 3.26954317, 2.26361029, 7.02964292,\n        2.6901495 ],\n       [1.83093645, 0.15934505, 3.35020536, 2.42536013, 6.74063603,\n        2.43388513],\n       [1.71936424, 0.1542644 , 3.33128397, 2.34211807, 6.99434547,\n        2.54644643]]), array([0.32223298, 0.32327696, 0.3236116 , 0.3241436 , 0.32601261,\n       0.32750786, 0.32769079]))", "callback": [0.8642259737595794, 0.7167883632341976, 0.6517307112006036, 0.5123866682604509, 0.4053164006247215, 0.35938418560448215, 0.34548459895870987, 0.34283293405474236, 0.33892066414699473, 0.32750785571463814]}, "4": {"maxiter": 500, "fatol": 1e-05, "xatol": 1e-05, "duration": 0.23985719680786133, "fun": "0.258519232303826", "nit": "500", "nfev": "780", "status": "2", "success": "False", "message": "Maximum number of iterations has been exceeded.", "x": "[1.53728728 0.93196423 3.32410392 2.45692749 6.77676067 2.27482233]", "final_simplex": "(array([[1.53728728, 0.93196423, 3.32410392, 2.45692749, 6.77676067,\n        2.27482233],\n       [1.53729551, 0.9319568 , 3.32410324, 2.45693485, 6.77677634,\n        2.27483632],\n       [1.5372939 , 0.93196527, 3.32409859, 2.45693531, 6.7767687 ,\n        2.27482244],\n       [1.53729318, 0.93195738, 3.32411149, 2.45693395, 6.77675581,\n        2.27482628],\n       [1.53729012, 0.9319573 , 3.32410762, 2.4569388 , 6.77676819,\n        2.27482538],\n       [1.53728372, 0.93196268, 3.3240995 , 2.45693604, 6.77677663,\n        2.27483756],\n       [1.53728978, 0.93195311, 3.32409533, 2.45693388, 6.77676044,\n        2.27482211]]), array([0.25851923, 0.25851923, 0.25851923, 0.25851923, 0.25851923,\n       0.25851923, 0.25851923]))", "callback": [0.8642259737595794, 0.7167883632341976, 0.6517307112006036, 0.5123866682604509, 0.4053164006247215, 0.35938418560448215, 0.34548459895870987, 0.34283293405474236, 0.33892066414699473, 0.32750785571463814, 0.3222329771951449, 0.3215070097173548, 0.3213426074145913, 0.3212215596544211, 0.32112113737570414, 0.32093110895991916, 0.32030426324579797, 0.3183640035387747, 0.31319406922447834, 0.2966627884105011, 0.2838961225187908, 0.26703538762335255, 0.2653132159412841, 0.2639780859137295, 0.26232042782911447, 0.2616807210263825, 0.2613463694123386, 0.26102138091204363, 0.26010097898986717, 0.2591935672675363, 0.2589955818587246, 0.25885180394894625, 0.25878522391683245, 0.25875981967473005, 0.25871031471356576, 0.25865387007503315, 0.25863090538814526, 0.2585776014114568, 0.2585516597649117, 0.25853943975173665, 0.2585302107505917, 0.25852298505786653, 0.25851996139346134, 0.2585195031611225, 0.2585192861003136, 0.2585192419596456, 0.2585192355240322, 0.258519232968206, 0.258519232397037, 0.2585192323365668]}, "5": {"maxiter": 500, "fatol": 1e-05, "xatol": 1e-10, "duration": 0.2954878807067871, "fun": "0.258519232303826", "nit": "500", "nfev": "780", "status": "2", "success": "False", "message": "Maximum number of iterations has been exceeded.", "x": "[1.53728728 0.93196423 3.32410392 2.45692749 6.77676067 2.27482233]", "final_simplex": "(array([[1.53728728, 0.93196423, 3.32410392, 2.45692749, 6.77676067,\n        2.27482233],\n       [1.53729551, 0.9319568 , 3.32410324, 2.45693485, 6.77677634,\n        2.27483632],\n       [1.5372939 , 0.93196527, 3.32409859, 2.45693531, 6.7767687 ,\n        2.27482244],\n       [1.53729318, 0.93195738, 3.32411149, 2.45693395, 6.77675581,\n        2.27482628],\n       [1.53729012, 0.9319573 , 3.32410762, 2.4569388 , 6.77676819,\n        2.27482538],\n       [1.53728372, 0.93196268, 3.3240995 , 2.45693604, 6.77677663,\n        2.27483756],\n       [1.53728978, 0.93195311, 3.32409533, 2.45693388, 6.77676044,\n        2.27482211]]), array([0.25851923, 0.25851923, 0.25851923, 0.25851923, 0.25851923,\n       0.25851923, 0.25851923]))", "callback": [0.8642259737595794, 0.7167883632341976, 0.6517307112006036, 0.5123866682604509, 0.4053164006247215, 0.35938418560448215, 0.34548459895870987, 0.34283293405474236, 0.33892066414699473, 0.32750785571463814, 0.3222329771951449, 0.3215070097173548, 0.3213426074145913, 0.3212215596544211, 0.32112113737570414, 0.32093110895991916, 0.32030426324579797, 0.3183640035387747, 0.31319406922447834, 0.2966627884105011, 0.2838961225187908, 0.26703538762335255, 0.2653132159412841, 0.2639780859137295, 0.26232042782911447, 0.2616807210263825, 0.2613463694123386, 0.26102138091204363, 0.26010097898986717, 0.2591935672675363, 0.2589955818587246, 0.25885180394894625, 0.25878522391683245, 0.25875981967473005, 0.25871031471356576, 0.25865387007503315, 0.25863090538814526, 0.2585776014114568, 0.2585516597649117, 0.25853943975173665, 0.2585302107505917, 0.25852298505786653, 0.25851996139346134, 0.2585195031611225, 0.2585192861003136, 0.2585192419596456, 0.2585192355240322, 0.258519232968206, 0.258519232397037, 0.2585192323365668]}, "6": {"maxiter": 500, "fatol": 1e-10, "xatol": 1e-05, "duration": 0.2318117618560791, "fun": "0.258519232303826", "nit": "500", "nfev": "780", "status": "2", "success": "False", "message": "Maximum number of iterations has been exceeded.", "x": "[1.53728728 0.93196423 3.32410392 2.45692749 6.77676067 2.27482233]", "final_simplex": "(array([[1.53728728, 0.93196423, 3.32410392, 2.45692749, 6.77676067,\n        2.27482233],\n       [1.53729551, 0.9319568 , 3.32410324, 2.45693485, 6.77677634,\n        2.27483632],\n       [1.5372939 , 0.93196527, 3.32409859, 2.45693531, 6.7767687 ,\n        2.27482244],\n       [1.53729318, 0.93195738, 3.32411149, 2.45693395, 6.77675581,\n        2.27482628],\n       [1.53729012, 0.9319573 , 3.32410762, 2.4569388 , 6.77676819,\n        2.27482538],\n       [1.53728372, 0.93196268, 3.3240995 , 2.45693604, 6.77677663,\n        2.27483756],\n       [1.53728978, 0.93195311, 3.32409533, 2.45693388, 6.77676044,\n        2.27482211]]), array([0.25851923, 0.25851923, 0.25851923, 0.25851923, 0.25851923,\n       0.25851923, 0.25851923]))", "callback": [0.8642259737595794, 0.7167883632341976, 0.6517307112006036, 0.5123866682604509, 0.4053164006247215, 0.35938418560448215, 0.34548459895870987, 0.34283293405474236, 0.33892066414699473, 0.32750785571463814, 0.3222329771951449, 0.3215070097173548, 0.3213426074145913, 0.3212215596544211, 0.32112113737570414, 0.32093110895991916, 0.32030426324579797, 0.3183640035387747, 0.31319406922447834, 0.2966627884105011, 0.2838961225187908, 0.26703538762335255, 0.2653132159412841, 0.2639780859137295, 0.26232042782911447, 0.2616807210263825, 0.2613463694123386, 0.26102138091204363, 0.26010097898986717, 0.2591935672675363, 0.2589955818587246, 0.25885180394894625, 0.25878522391683245, 0.25875981967473005, 0.25871031471356576, 0.25865387007503315, 0.25863090538814526, 0.2585776014114568, 0.2585516597649117, 0.25853943975173665, 0.2585302107505917, 0.25852298505786653, 0.25851996139346134, 0.2585195031611225, 0.2585192861003136, 0.2585192419596456, 0.2585192355240322, 0.258519232968206, 0.258519232397037, 0.2585192323365668]}, "7": {"maxiter": 500, "fatol": 1e-10, "xatol": 1e-10, "duration": 0.22046184539794922, "fun": "0.258519232303826", "nit": "500", "nfev": "780", "status": "2", "success": "False", "message": "Maximum number of iterations has been exceeded.", "x": "[1.53728728 0.93196423 3.32410392 2.45692749 6.77676067 2.27482233]", "final_simplex": "(array([[1.53728728, 0.93196423, 3.32410392, 2.45692749, 6.77676067,\n        2.27482233],\n       [1.53729551, 0.9319568 , 3.32410324, 2.45693485, 6.77677634,\n        2.27483632],\n       [1.5372939 , 0.93196527, 3.32409859, 2.45693531, 6.7767687 ,\n        2.27482244],\n       [1.53729318, 0.93195738, 3.32411149, 2.45693395, 6.77675581,\n        2.27482628],\n       [1.53729012, 0.9319573 , 3.32410762, 2.4569388 , 6.77676819,\n        2.27482538],\n       [1.53728372, 0.93196268, 3.3240995 , 2.45693604, 6.77677663,\n        2.27483756],\n       [1.53728978, 0.93195311, 3.32409533, 2.45693388, 6.77676044,\n        2.27482211]]), array([0.25851923, 0.25851923, 0.25851923, 0.25851923, 0.25851923,\n       0.25851923, 0.25851923]))", "callback": [0.8642259737595794, 0.7167883632341976, 0.6517307112006036, 0.5123866682604509, 0.4053164006247215, 0.35938418560448215, 0.34548459895870987, 0.34283293405474236, 0.33892066414699473, 0.32750785571463814, 0.3222329771951449, 0.3215070097173548, 0.3213426074145913, 0.3212215596544211, 0.32112113737570414, 0.32093110895991916, 0.32030426324579797, 0.3183640035387747, 0.31319406922447834, 0.2966627884105011, 0.2838961225187908, 0.26703538762335255, 0.2653132159412841, 0.2639780859137295, 0.26232042782911447, 0.2616807210263825, 0.2613463694123386, 0.26102138091204363, 0.26010097898986717, 0.2591935672675363, 0.2589955818587246, 0.25885180394894625, 0.25878522391683245, 0.25875981967473005, 0.25871031471356576, 0.25865387007503315, 0.25863090538814526, 0.2585776014114568, 0.2585516597649117, 0.25853943975173665, 0.2585302107505917, 0.25852298505786653, 0.25851996139346134, 0.2585195031611225, 0.2585192861003136, 0.2585192419596456, 0.2585192355240322, 0.258519232968206, 0.258519232397037, 0.2585192323365668]}, "8": {"maxiter": 1000, "fatol": 1e-05, "xatol": 1e-05, "duration": 0.20096302032470703, "fun": "0.2585192322991743", "nit": "507", "nfev": "793", "status": "0", "success": "True", "message": "Optimization terminated successfully.", "x": "[1.53729167 0.93196173 3.32410059 2.45693061 6.77676547 2.27482878]", "final_simplex": "(array([[1.53729167, 0.93196173, 3.32410059, 2.45693061, 6.77676547,\n        2.27482878],\n       [1.53729239, 0.93196277, 3.32410042, 2.45693373, 6.77676751,\n        2.27482559],\n       [1.53729288, 0.9319589 , 3.32410268, 2.45693362, 6.77677071,\n        2.27483158],\n       [1.53729218, 0.93195932, 3.32410623, 2.45693323, 6.77676165,\n        2.27482712],\n       [1.5372902 , 0.93195686, 3.32409969, 2.45693414, 6.77676408,\n        2.27482525],\n       [1.53728771, 0.93196116, 3.32410179, 2.45693507, 6.77677113,\n        2.27483195],\n       [1.53728728, 0.93196423, 3.32410392, 2.45692749, 6.77676067,\n        2.27482233]]), array([0.25851923, 0.25851923, 0.25851923, 0.25851923, 0.25851923,\n       0.25851923, 0.25851923]))", "callback": [0.8642259737595794, 0.7167883632341976, 0.6517307112006036, 0.5123866682604509, 0.4053164006247215, 0.35938418560448215, 0.34548459895870987, 0.34283293405474236, 0.33892066414699473, 0.32750785571463814, 0.3222329771951449, 0.3215070097173548, 0.3213426074145913, 0.3212215596544211, 0.32112113737570414, 0.32093110895991916, 0.32030426324579797, 0.3183640035387747, 0.31319406922447834, 0.2966627884105011, 0.2838961225187908, 0.26703538762335255, 0.2653132159412841, 0.2639780859137295, 0.26232042782911447, 0.2616807210263825, 0.2613463694123386, 0.26102138091204363, 0.26010097898986717, 0.2591935672675363, 0.2589955818587246, 0.25885180394894625, 0.25878522391683245, 0.25875981967473005, 0.25871031471356576, 0.25865387007503315, 0.25863090538814526, 0.2585776014114568, 0.2585516597649117, 0.25853943975173665, 0.2585302107505917, 0.25852298505786653, 0.25851996139346134, 0.2585195031611225, 0.2585192861003136, 0.2585192419596456, 0.2585192355240322, 0.258519232968206, 0.258519232397037, 0.2585192323365668, 0.25851923230321516]}, "9": {"maxiter": 1000, "fatol": 1e-05, "xatol": 1e-10, "duration": 0.27733802795410156, "fun": "0.25851923229700746", "nit": "595", "nfev": "1011", "status": "0", "success": "True", "message": "Optimization terminated successfully.", "x": "[1.5372921  0.93196139 3.32410183 2.4569313  6.77676402 2.27482534]", "final_simplex": "(array([[1.5372921 , 0.93196139, 3.32410183, 2.4569313 , 6.77676402,\n        2.27482534],\n       [1.5372921 , 0.93196139, 3.32410183, 2.4569313 , 6.77676402,\n        2.27482534],\n       [1.5372921 , 0.93196139, 3.32410183, 2.4569313 , 6.77676402,\n        2.27482534],\n       [1.5372921 , 0.93196139, 3.32410183, 2.4569313 , 6.77676402,\n        2.27482534],\n       [1.5372921 , 0.93196139, 3.32410183, 2.4569313 , 6.77676402,\n        2.27482534],\n       [1.5372921 , 0.93196139, 3.32410183, 2.4569313 , 6.77676402,\n        2.27482534],\n       [1.5372921 , 0.93196139, 3.32410183, 2.4569313 , 6.77676402,\n        2.27482534]]), array([0.25851923, 0.25851923, 0.25851923, 0.25851923, 0.25851923,\n       0.25851923, 0.25851923]))", "callback": [0.8642259737595794, 0.7167883632341976, 0.6517307112006036, 0.5123866682604509, 0.4053164006247215, 0.35938418560448215, 0.34548459895870987, 0.34283293405474236, 0.33892066414699473, 0.32750785571463814, 0.3222329771951449, 0.3215070097173548, 0.3213426074145913, 0.3212215596544211, 0.32112113737570414, 0.32093110895991916, 0.32030426324579797, 0.3183640035387747, 0.31319406922447834, 0.2966627884105011, 0.2838961225187908, 0.26703538762335255, 0.2653132159412841, 0.2639780859137295, 0.26232042782911447, 0.2616807210263825, 0.2613463694123386, 0.26102138091204363, 0.26010097898986717, 0.2591935672675363, 0.2589955818587246, 0.25885180394894625, 0.25878522391683245, 0.25875981967473005, 0.25871031471356576, 0.25865387007503315, 0.25863090538814526, 0.2585776014114568, 0.2585516597649117, 0.25853943975173665, 0.2585302107505917, 0.25852298505786653, 0.25851996139346134, 0.2585195031611225, 0.2585192861003136, 0.2585192419596456, 0.2585192355240322, 0.258519232968206, 0.258519232397037, 0.2585192323365668, 0.25851923230321516, 0.25851923229789553, 0.2585192322971437, 0.2585192322970369, 0.2585192322970149, 0.2585192322970091, 0.2585192322970078, 0.2585192322970076, 0.2585192322970076, 0.25851923229700746]}, "10": {"maxiter": 1000, "fatol": 1e-10, "xatol": 1e-05, "duration": 0.1972041130065918, "fun": "0.2585192322991743", "nit": "507", "nfev": "793", "status": "0", "success": "True", "message": "Optimization terminated successfully.", "x": "[1.53729167 0.93196173 3.32410059 2.45693061 6.77676547 2.27482878]", "final_simplex": "(array([[1.53729167, 0.93196173, 3.32410059, 2.45693061, 6.77676547,\n        2.27482878],\n       [1.53729239, 0.93196277, 3.32410042, 2.45693373, 6.77676751,\n        2.27482559],\n       [1.53729288, 0.9319589 , 3.32410268, 2.45693362, 6.77677071,\n        2.27483158],\n       [1.53729218, 0.93195932, 3.32410623, 2.45693323, 6.77676165,\n        2.27482712],\n       [1.5372902 , 0.93195686, 3.32409969, 2.45693414, 6.77676408,\n        2.27482525],\n       [1.53728771, 0.93196116, 3.32410179, 2.45693507, 6.77677113,\n        2.27483195],\n       [1.53728728, 0.93196423, 3.32410392, 2.45692749, 6.77676067,\n        2.27482233]]), array([0.25851923, 0.25851923, 0.25851923, 0.25851923, 0.25851923,\n       0.25851923, 0.25851923]))", "callback": [0.8642259737595794, 0.7167883632341976, 0.6517307112006036, 0.5123866682604509, 0.4053164006247215, 0.35938418560448215, 0.34548459895870987, 0.34283293405474236, 0.33892066414699473, 0.32750785571463814, 0.3222329771951449, 0.3215070097173548, 0.3213426074145913, 0.3212215596544211, 0.32112113737570414, 0.32093110895991916, 0.32030426324579797, 0.3183640035387747, 0.31319406922447834, 0.2966627884105011, 0.2838961225187908, 0.26703538762335255, 0.2653132159412841, 0.2639780859137295, 0.26232042782911447, 0.2616807210263825, 0.2613463694123386, 0.26102138091204363, 0.26010097898986717, 0.2591935672675363, 0.2589955818587246, 0.25885180394894625, 0.25878522391683245, 0.25875981967473005, 0.25871031471356576, 0.25865387007503315, 0.25863090538814526, 0.2585776014114568, 0.2585516597649117, 0.25853943975173665, 0.2585302107505917, 0.25852298505786653, 0.25851996139346134, 0.2585195031611225, 0.2585192861003136, 0.2585192419596456, 0.2585192355240322, 0.258519232968206, 0.258519232397037, 0.2585192323365668, 0.25851923230321516]}, "11": {"maxiter": 1000, "fatol": 1e-10, "xatol": 1e-10, "duration": 0.26174211502075195, "fun": "0.25851923229700746", "nit": "595", "nfev": "1011", "status": "0", "success": "True", "message": "Optimization terminated successfully.", "x": "[1.5372921  0.93196139 3.32410183 2.4569313  6.77676402 2.27482534]", "final_simplex": "(array([[1.5372921 , 0.93196139, 3.32410183, 2.4569313 , 6.77676402,\n        2.27482534],\n       [1.5372921 , 0.93196139, 3.32410183, 2.4569313 , 6.77676402,\n        2.27482534],\n       [1.5372921 , 0.93196139, 3.32410183, 2.4569313 , 6.77676402,\n        2.27482534],\n       [1.5372921 , 0.93196139, 3.32410183, 2.4569313 , 6.77676402,\n        2.27482534],\n       [1.5372921 , 0.93196139, 3.32410183, 2.4569313 , 6.77676402,\n        2.27482534],\n       [1.5372921 , 0.93196139, 3.32410183, 2.4569313 , 6.77676402,\n        2.27482534],\n       [1.5372921 , 0.93196139, 3.32410183, 2.4569313 , 6.77676402,\n        2.27482534]]), array([0.25851923, 0.25851923, 0.25851923, 0.25851923, 0.25851923,\n       0.25851923, 0.25851923]))", "callback": [0.8642259737595794, 0.7167883632341976, 0.6517307112006036, 0.5123866682604509, 0.4053164006247215, 0.35938418560448215, 0.34548459895870987, 0.34283293405474236, 0.33892066414699473, 0.32750785571463814, 0.3222329771951449, 0.3215070097173548, 0.3213426074145913, 0.3212215596544211, 0.32112113737570414, 0.32093110895991916, 0.32030426324579797, 0.3183640035387747, 0.31319406922447834, 0.2966627884105011, 0.2838961225187908, 0.26703538762335255, 0.2653132159412841, 0.2639780859137295, 0.26232042782911447, 0.2616807210263825, 0.2613463694123386, 0.26102138091204363, 0.26010097898986717, 0.2591935672675363, 0.2589955818587246, 0.25885180394894625, 0.25878522391683245, 0.25875981967473005, 0.25871031471356576, 0.25865387007503315, 0.25863090538814526, 0.2585776014114568, 0.2585516597649117, 0.25853943975173665, 0.2585302107505917, 0.25852298505786653, 0.25851996139346134, 0.2585195031611225, 0.2585192861003136, 0.2585192419596456, 0.2585192355240322, 0.258519232968206, 0.258519232397037, 0.2585192323365668, 0.25851923230321516, 0.25851923229789553, 0.2585192322971437, 0.2585192322970369, 0.2585192322970149, 0.2585192322970091, 0.2585192322970078, 0.2585192322970076, 0.2585192322970076, 0.25851923229700746]}}, "bfgs": {"type": "gradient", "0": {"maxiter": 100, "gtol": 1e-05, "xrtol": 1e-05, "eps": 1e-05, "duration": 0.05201578140258789, "fun": "0.25851923242588914", "jac": "[-2.66840994e-06  2.37265763e-07 -3.10196313e-07 -2.17648122e-07\n  1.56268332e-06 -2.36841657e-06]", "hess_inv": "[[ 4.68205195  2.02165664 -1.05537073  0.38755413  1.09065226 -2.01727312]\n [ 2.02165664  4.93736276 -0.60247942 -0.4069854  -1.49612407 -3.26564263]\n [-1.05537073 -0.60247942  4.44070961  0.30780462 -2.72926     0.53146908]\n [ 0.38755413 -0.4069854   0.30780462  3.21009907  1.2418963   0.60812531]\n [ 1.09065226 -1.49612407 -2.72926     1.2418963  14.27562747  8.60122397]\n [-2.01727312 -3.26564263  0.53146908  0.60812531  8.60122397 10.20024988]]", "nfev": "210", "njev": "30", "status": "0", "success": "True", "message": "Optimization terminated successfully.", "x": "[ 4.74587954 -2.20962872  0.18250121  2.45691916  6.77672489  2.27478524]", "nit": "24", "callback": [0.6155642085434174, 0.603709303900851, 0.5819998091776487, 0.5458087067954753, 0.49949534562885933, 0.48049497547908904, 0.46509315892182723, 0.4502566022997161, 0.4234153635939937, 0.400285653876177, 0.3584286872469862, 0.29197999885018633, 0.2635413518478825, 0.25992650846966225, 0.2593129985693039, 0.25900321322868625, 0.25885158646467255, 0.2586689654245914, 0.2586063856843881, 0.25854126576042025, 0.25852260161626206, 0.25851937233844446, 0.2585192345380338, 0.25851923242588914]}, "1": {"maxiter": 100, "gtol": 1e-05, "xrtol": 1e-05, "eps": 1e-10, "duration": 0.05639791488647461, "fun": "0.2585192323502725", "jac": "[-4.44089173e-06  0.00000000e+00  0.00000000e+00  0.00000000e+00\n  3.33066880e-06 -4.44089173e-06]", "hess_inv": "[[ 4.6448076   2.0758992  -1.10733317  0.37583078  1.06313196 -2.12279381]\n [ 2.0758992   4.91333955 -0.68250051 -0.46295628 -1.30514128 -3.25099702]\n [-1.10733317 -0.68250051  4.51131146  0.31762791 -2.68375562  0.65984634]\n [ 0.37583078 -0.46295628  0.31762791  3.22009246  1.26431606  0.66701782]\n [ 1.06313196 -1.30514128 -2.68375562  1.26431606 13.8958243   8.27988204]\n [-2.12279381 -3.25099702  0.65984634  0.66701782  8.27988204 10.11026315]]", "nfev": "210", "njev": "30", "status": "0", "success": "True", "message": "Optimization terminated successfully.", "x": "[ 4.74588456 -2.20962554  0.18249944  2.45692706  6.77676219  2.27480998]", "nit": "24", "callback": [0.615564009294115, 0.60370899595718, 0.5819989967502319, 0.5458073085109931, 0.49949320743292125, 0.48049374721696636, 0.4650908865827148, 0.4502584885584856, 0.4234383264770518, 0.4002426542623915, 0.3582478117349067, 0.29169982730950594, 0.2635555252380051, 0.25994837134100335, 0.2593442821484645, 0.25900573357799883, 0.2588513584182224, 0.2586794206480616, 0.2586091861515879, 0.258547164483509, 0.25852405234747056, 0.2585195102059784, 0.2585192380145225, 0.2585192323502725]}, "2": {"maxiter": 100, "gtol": 1e-05, "xrtol": 1e-10, "eps": 1e-05, "duration": 0.05276012420654297, "fun": "0.25851923242588914", "jac": "[-2.66840994e-06  2.37265763e-07 -3.10196313e-07 -2.17648122e-07\n  1.56268332e-06 -2.36841657e-06]", "hess_inv": "[[ 4.68205195  2.02165664 -1.05537073  0.38755413  1.09065226 -2.01727312]\n [ 2.02165664  4.93736276 -0.60247942 -0.4069854  -1.49612407 -3.26564263]\n [-1.05537073 -0.60247942  4.44070961  0.30780462 -2.72926     0.53146908]\n [ 0.38755413 -0.4069854   0.30780462  3.21009907  1.2418963   0.60812531]\n [ 1.09065226 -1.49612407 -2.72926     1.2418963  14.27562747  8.60122397]\n [-2.01727312 -3.26564263  0.53146908  0.60812531  8.60122397 10.20024988]]", "nfev": "210", "njev": "30", "status": "0", "success": "True", "message": "Optimization terminated successfully.", "x": "[ 4.74587954 -2.20962872  0.18250121  2.45691916  6.77672489  2.27478524]", "nit": "24", "callback": [0.6155642085434174, 0.603709303900851, 0.5819998091776487, 0.5458087067954753, 0.49949534562885933, 0.48049497547908904, 0.46509315892182723, 0.4502566022997161, 0.4234153635939937, 0.400285653876177, 0.3584286872469862, 0.29197999885018633, 0.2635413518478825, 0.25992650846966225, 0.2593129985693039, 0.25900321322868625, 0.25885158646467255, 0.2586689654245914, 0.2586063856843881, 0.25854126576042025, 0.25852260161626206, 0.25851937233844446, 0.2585192345380338, 0.25851923242588914]}, "3": {"maxiter": 100, "gtol": 1e-05, "xrtol": 1e-10, "eps": 1e-10, "duration": 0.05444788932800293, "fun": "0.2585192323502725", "jac": "[-4.44089173e-06  0.00000000e+00  0.00000000e+00  0.00000000e+00\n  3.33066880e-06 -4.44089173e-06]", "hess_inv": "[[ 4.6448076   2.0758992  -1.10733317  0.37583078  1.06313196 -2.12279381]\n [ 2.0758992   4.91333955 -0.68250051 -0.46295628 -1.30514128 -3.25099702]\n [-1.10733317 -0.68250051  4.51131146  0.31762791 -2.68375562  0.65984634]\n [ 0.37583078 -0.46295628  0.31762791  3.22009246  1.26431606  0.66701782]\n [ 1.06313196 -1.30514128 -2.68375562  1.26431606 13.8958243   8.27988204]\n [-2.12279381 -3.25099702  0.65984634  0.66701782  8.27988204 10.11026315]]", "nfev": "210", "njev": "30", "status": "0", "success": "True", "message": "Optimization terminated successfully.", "x": "[ 4.74588456 -2.20962554  0.18249944  2.45692706  6.77676219  2.27480998]", "nit": "24", "callback": [0.615564009294115, 0.60370899595718, 0.5819989967502319, 0.5458073085109931, 0.49949320743292125, 0.48049374721696636, 0.4650908865827148, 0.4502584885584856, 0.4234383264770518, 0.4002426542623915, 0.3582478117349067, 0.29169982730950594, 0.2635555252380051, 0.25994837134100335, 0.2593442821484645, 0.25900573357799883, 0.2588513584182224, 0.2586794206480616, 0.2586091861515879, 0.258547164483509, 0.25852405234747056, 0.2585195102059784, 0.2585192380145225, 0.2585192323502725]}, "4": {"maxiter": 100, "gtol": 1e-10, "xrtol": 1e-05, "eps": 1e-05, "duration": 0.05933713912963867, "fun": "0.2585192323776859", "jac": "[-1.64479541e-07 -3.94795308e-08 -1.75415238e-08 -7.53841434e-08\n  8.98170427e-08 -3.32089911e-07]", "hess_inv": "[[ 4.83044072  1.99266813 -0.95024003  0.4265461   1.09056747 -1.87389046]\n [ 1.99266813  4.89117895 -0.55465517 -0.4102702  -1.40191003 -3.13193763]\n [-0.95024003 -0.55465517  4.42505479  0.32971717 -2.85352302  0.41982496]\n [ 0.4265461  -0.4102702   0.32971717  3.21998292  1.2340026   0.63228839]\n [ 1.09056747 -1.40191003 -2.85352302  1.2340026  14.10448578  8.30733076]\n [-1.87389046 -3.13193763  0.41982496  0.63228839  8.30733076  9.83438847]]", "nfev": "217", "njev": "31", "status": "0", "success": "True", "message": "Optimization terminated successfully.", "x": "[ 4.74588562 -2.20963005  0.18250571  2.45692077  6.77672515  2.27479156]", "nit": "25", "callback": [0.6155642085434174, 0.603709303900851, 0.5819998091776487, 0.5458087067954753, 0.49949534562885933, 0.48049497547908904, 0.46509315892182723, 0.4502566022997161, 0.4234153635939937, 0.400285653876177, 0.3584286872469862, 0.29197999885018633, 0.2635413518478825, 0.25992650846966225, 0.2593129985693039, 0.25900321322868625, 0.25885158646467255, 0.2586689654245914, 0.2586063856843881, 0.25854126576042025, 0.25852260161626206, 0.25851937233844446, 0.2585192345380338, 0.25851923242588914, 0.2585192323776859]}, "5": {"maxiter": 100, "gtol": 1e-10, "xrtol": 1e-05, "eps": 1e-10, "duration": 0.06984996795654297, "fun": "0.2585192323033909", "jac": "[3.33066880e-06 2.22044587e-06 1.11022293e-06 0.00000000e+00\n 2.22044587e-06 2.22044587e-06]", "hess_inv": "[[ 4.7734195   2.06000616 -0.98703825  0.38262621  0.98267081 -1.98502434]\n [ 2.06000616  4.88941614 -0.62405597 -0.46914168 -1.29537755 -3.16081711]\n [-0.98703825 -0.62405597  4.41622291  0.33912214 -2.75850626  0.48511653]\n [ 0.38262621 -0.46914168  0.33912214  3.21934765  1.26002776  0.6964345 ]\n [ 0.98267081 -1.29537755 -2.75850626  1.26002776 13.94616052  8.19443367]\n [-1.98502434 -3.16081711  0.48511653  0.6964345   8.19443367  9.81388739]]", "nfev": "217", "njev": "31", "status": "0", "success": "True", "message": "Optimization terminated successfully.", "x": "[ 4.74589367 -2.20962611  0.18250639  2.45692766  6.7767565   2.27481746]", "nit": "25", "callback": [0.615564009294115, 0.60370899595718, 0.5819989967502319, 0.5458073085109931, 0.49949320743292125, 0.48049374721696636, 0.4650908865827148, 0.4502584885584856, 0.4234383264770518, 0.4002426542623915, 0.3582478117349067, 0.29169982730950594, 0.2635555252380051, 0.25994837134100335, 0.2593442821484645, 0.25900573357799883, 0.2588513584182224, 0.2586794206480616, 0.2586091861515879, 0.258547164483509, 0.25852405234747056, 0.2585195102059784, 0.2585192380145225, 0.2585192323502725, 0.2585192323033909]}, "6": {"maxiter": 100, "gtol": 1e-10, "xrtol": 1e-10, "eps": 1e-05, "duration": 0.07468295097351074, "fun": "0.2585192323682829", "jac": "[ 0.00000000e+00 -3.33066907e-11  3.33066907e-11 -4.44089210e-11\n -1.11022302e-11  3.33066907e-11]", "hess_inv": "[[ 4.7914063   1.958484   -0.9414704   0.43630369  1.21854136 -1.73969555]\n [ 1.958484    4.93631109 -0.57202567 -0.47877976 -1.63589595 -3.41756345]\n [-0.9414704  -0.57202567  4.45552991  0.32815897 -2.8363      0.46863626]\n [ 0.43630369 -0.47877976  0.32815897  3.32219422  1.62949163  1.0711443 ]\n [ 1.21854136 -1.63589595 -2.8363      1.62949163 15.48076843  9.88633143]\n [-1.73969555 -3.41756345  0.46863626  1.0711443   9.88633143 11.66534191]]", "nfev": "238", "njev": "34", "status": "0", "success": "True", "message": "Optimization terminated successfully.", "x": "[ 4.74588583 -2.20963058  0.18250607  2.45692129  6.77672725  2.27479425]", "nit": "28", "callback": [0.6155642085434174, 0.603709303900851, 0.5819998091776487, 0.5458087067954753, 0.49949534562885933, 0.48049497547908904, 0.46509315892182723, 0.4502566022997161, 0.4234153635939937, 0.400285653876177, 0.3584286872469862, 0.29197999885018633, 0.2635413518478825, 0.25992650846966225, 0.2593129985693039, 0.25900321322868625, 0.25885158646467255, 0.2586689654245914, 0.2586063856843881, 0.25854126576042025, 0.25852260161626206, 0.25851937233844446, 0.2585192345380338, 0.25851923242588914, 0.2585192323776859, 0.25851923236899776, 0.25851923236829666, 0.2585192323682829]}, "7": {"maxiter": 100, "gtol": 1e-10, "xrtol": 1e-10, "eps": 1e-10, "duration": 0.20299410820007324, "fun": "0.2585192323033909", "jac": "[3.33066880e-06 2.22044587e-06 1.11022293e-06 0.00000000e+00\n 2.22044587e-06 2.22044587e-06]", "hess_inv": "[[ 3.69622466  1.56697937 -0.58578271  0.05042432 -2.2525435  -3.74478732]\n [ 1.56697937  4.95583482 -1.07779545 -0.48485693 -0.74081814 -3.51010985]\n [-0.58578271 -1.07779545  5.65773102  0.16535139 -5.9950093   0.14519357]\n [ 0.05042432 -0.48485693  0.16535139  3.1805339   1.21232193  0.36664562]\n [-2.2525435  -0.74081814 -5.9950093   1.21232193 18.41246618  6.08780876]\n [-3.74478732 -3.51010985  0.14519357  0.36664562  6.08780876  7.65141622]]", "nfev": "481", "njev": "67", "status": "2", "success": "False", "message": "Desired error not necessarily achieved due to precision loss.", "x": "[ 4.74589367 -2.20962611  0.18250639  2.45692766  6.7767565   2.27481746]", "nit": "25", "callback": [0.615564009294115, 0.60370899595718, 0.5819989967502319, 0.5458073085109931, 0.49949320743292125, 0.48049374721696636, 0.4650908865827148, 0.4502584885584856, 0.4234383264770518, 0.4002426542623915, 0.3582478117349067, 0.29169982730950594, 0.2635555252380051, 0.25994837134100335, 0.2593442821484645, 0.25900573357799883, 0.2588513584182224, 0.2586794206480616, 0.2586091861515879, 0.258547164483509, 0.25852405234747056, 0.2585195102059784, 0.2585192380145225, 0.2585192323502725, 0.2585192323033909]}, "8": {"maxiter": 500, "gtol": 1e-05, "xrtol": 1e-05, "eps": 1e-05, "duration": 0.07925796508789062, "fun": "0.25851923242588914", "jac": "[-2.66840994e-06  2.37265763e-07 -3.10196313e-07 -2.17648122e-07\n  1.56268332e-06 -2.36841657e-06]", "hess_inv": "[[ 4.68205195  2.02165664 -1.05537073  0.38755413  1.09065226 -2.01727312]\n [ 2.02165664  4.93736276 -0.60247942 -0.4069854  -1.49612407 -3.26564263]\n [-1.05537073 -0.60247942  4.44070961  0.30780462 -2.72926     0.53146908]\n [ 0.38755413 -0.4069854   0.30780462  3.21009907  1.2418963   0.60812531]\n [ 1.09065226 -1.49612407 -2.72926     1.2418963  14.27562747  8.60122397]\n [-2.01727312 -3.26564263  0.53146908  0.60812531  8.60122397 10.20024988]]", "nfev": "210", "njev": "30", "status": "0", "success": "True", "message": "Optimization terminated successfully.", "x": "[ 4.74587954 -2.20962872  0.18250121  2.45691916  6.77672489  2.27478524]", "nit": "24", "callback": [0.6155642085434174, 0.603709303900851, 0.5819998091776487, 0.5458087067954753, 0.49949534562885933, 0.48049497547908904, 0.46509315892182723, 0.4502566022997161, 0.4234153635939937, 0.400285653876177, 0.3584286872469862, 0.29197999885018633, 0.2635413518478825, 0.25992650846966225, 0.2593129985693039, 0.25900321322868625, 0.25885158646467255, 0.2586689654245914, 0.2586063856843881, 0.25854126576042025, 0.25852260161626206, 0.25851937233844446, 0.2585192345380338, 0.25851923242588914]}, "9": {"maxiter": 500, "gtol": 1e-05, "xrtol": 1e-05, "eps": 1e-10, "duration": 0.07619094848632812, "fun": "0.2585192323502725", "jac": "[-4.44089173e-06  0.00000000e+00  0.00000000e+00  0.00000000e+00\n  3.33066880e-06 -4.44089173e-06]", "hess_inv": "[[ 4.6448076   2.0758992  -1.10733317  0.37583078  1.06313196 -2.12279381]\n [ 2.0758992   4.91333955 -0.68250051 -0.46295628 -1.30514128 -3.25099702]\n [-1.10733317 -0.68250051  4.51131146  0.31762791 -2.68375562  0.65984634]\n [ 0.37583078 -0.46295628  0.31762791  3.22009246  1.26431606  0.66701782]\n [ 1.06313196 -1.30514128 -2.68375562  1.26431606 13.8958243   8.27988204]\n [-2.12279381 -3.25099702  0.65984634  0.66701782  8.27988204 10.11026315]]", "nfev": "210", "njev": "30", "status": "0", "success": "True", "message": "Optimization terminated successfully.", "x": "[ 4.74588456 -2.20962554  0.18249944  2.45692706  6.77676219  2.27480998]", "nit": "24", "callback": [0.615564009294115, 0.60370899595718, 0.5819989967502319, 0.5458073085109931, 0.49949320743292125, 0.48049374721696636, 0.4650908865827148, 0.4502584885584856, 0.4234383264770518, 0.4002426542623915, 0.3582478117349067, 0.29169982730950594, 0.2635555252380051, 0.25994837134100335, 0.2593442821484645, 0.25900573357799883, 0.2588513584182224, 0.2586794206480616, 0.2586091861515879, 0.258547164483509, 0.25852405234747056, 0.2585195102059784, 0.2585192380145225, 0.2585192323502725]}, "10": {"maxiter": 500, "gtol": 1e-05, "xrtol": 1e-10, "eps": 1e-05, "duration": 0.08305120468139648, "fun": "0.25851923242588914", "jac": "[-2.66840994e-06  2.37265763e-07 -3.10196313e-07 -2.17648122e-07\n  1.56268332e-06 -2.36841657e-06]", "hess_inv": "[[ 4.68205195  2.02165664 -1.05537073  0.38755413  1.09065226 -2.01727312]\n [ 2.02165664  4.93736276 -0.60247942 -0.4069854  -1.49612407 -3.26564263]\n [-1.05537073 -0.60247942  4.44070961  0.30780462 -2.72926     0.53146908]\n [ 0.38755413 -0.4069854   0.30780462  3.21009907  1.2418963   0.60812531]\n [ 1.09065226 -1.49612407 -2.72926     1.2418963  14.27562747  8.60122397]\n [-2.01727312 -3.26564263  0.53146908  0.60812531  8.60122397 10.20024988]]", "nfev": "210", "njev": "30", "status": "0", "success": "True", "message": "Optimization terminated successfully.", "x": "[ 4.74587954 -2.20962872  0.18250121  2.45691916  6.77672489  2.27478524]", "nit": "24", "callback": [0.6155642085434174, 0.603709303900851, 0.5819998091776487, 0.5458087067954753, 0.49949534562885933, 0.48049497547908904, 0.46509315892182723, 0.4502566022997161, 0.4234153635939937, 0.400285653876177, 0.3584286872469862, 0.29197999885018633, 0.2635413518478825, 0.25992650846966225, 0.2593129985693039, 0.25900321322868625, 0.25885158646467255, 0.2586689654245914, 0.2586063856843881, 0.25854126576042025, 0.25852260161626206, 0.25851937233844446, 0.2585192345380338, 0.25851923242588914]}, "11": {"maxiter": 500, "gtol": 1e-05, "xrtol": 1e-10, "eps": 1e-10, "duration": 0.06874203681945801, "fun": "0.2585192323502725", "jac": "[-4.44089173e-06  0.00000000e+00  0.00000000e+00  0.00000000e+00\n  3.33066880e-06 -4.44089173e-06]", "hess_inv": "[[ 4.6448076   2.0758992  -1.10733317  0.37583078  1.06313196 -2.12279381]\n [ 2.0758992   4.91333955 -0.68250051 -0.46295628 -1.30514128 -3.25099702]\n [-1.10733317 -0.68250051  4.51131146  0.31762791 -2.68375562  0.65984634]\n [ 0.37583078 -0.46295628  0.31762791  3.22009246  1.26431606  0.66701782]\n [ 1.06313196 -1.30514128 -2.68375562  1.26431606 13.8958