{"date": "2024/09/25/, 00:03:39", "conf_id": 84, "data_type": "orthogonal\n", "num_data_points": 1, "s_rank": 0, "unitary": "[[-0.24866696+0.58742286j,-0.44704345-0.43151574j,-0.35669027-0.20570733j,-0.10517633+0.1626036j],[0.10596805-0.19687975j,-0.30269685-0.15056416j,0.18246286+0.30440582j,-0.83484447-0.11310748j],[0.26054512-0.52548482j,0.0285017-0.50723956j,-0.43110112+0.17165838j,0.15243271+0.39915801j],[0.42978035+0.11991271j,-0.17224126-0.46030424j,0.6827807-0.15164662j,0.26483638+0.0061855j]]", "databatch_0": {"databatch": "[[[-0.06841305+0.02662875j,0.05195119+0.0315827j,0.12997404+0.05142828j,0.09724802+0.14966243j],[-0.0265004-0.0362619j,-0.01050489+0.03568137j,-0.00997114+0.08493199j,-0.07319668+0.08102805j],[0.13090037+0.06514893j,-0.02305584-0.11887645j,-0.09833874-0.26045159j,0.09027955-0.34382973j],[0.12252176+0.21286988j,0.07830261-0.1877319j,0.10465709-0.45578662j,0.44604655-0.39700637j]]]", "initial param values": "[6.11450505,5.45538025,0.74932062,0.13005784,1.29768897,4.22442693]", "nelder_mead": {"type": "gradient-free", "0": {"maxiter": 100, "fatol": 1e-05, "xatol": 1e-05, "duration": 0.0415959358215332, "fun": "0.09834350448460971", "nit": "100", "nfev": "152", "status": "2", "success": "False", "message": "Maximum number of iterations has been exceeded.", "x": "[ 8.07827142  4.12211234  2.37893539 -0.03736101 -1.12934468  4.89209815]", "final_simplex": "(array([[ 8.07827142e+00,  4.12211234e+00,  2.37893539e+00,\n        -3.73610127e-02, -1.12934468e+00,  4.89209815e+00],\n       [ 7.94985584e+00,  4.08542586e+00,  2.04718346e+00,\n         6.44269668e-03, -6.31187089e-01,  4.51661019e+00],\n       [ 8.06015381e+00,  4.11887436e+00,  2.12007377e+00,\n        -5.04849219e-03, -7.54410950e-01,  4.63870083e+00],\n       [ 7.75113636e+00,  4.04379139e+00,  1.84527590e+00,\n         3.61685211e-02, -3.03772093e-01,  4.11301551e+00],\n       [ 7.71786510e+00,  4.02850553e+00,  1.83922137e+00,\n         4.41898261e-02, -3.14002271e-01,  4.14389082e+00],\n       [ 7.70372950e+00,  3.91118318e+00,  1.60947191e+00,\n         7.09063388e-02,  9.19704432e-02,  3.59424913e+00],\n       [ 7.68887041e+00,  3.81700480e+00,  1.60768206e+00,\n         7.03880331e-02,  8.61958231e-02,  3.61943174e+00]]), array([0.0983435 , 0.12468388, 0.12736854, 0.13164132, 0.13281049,\n       0.14801288, 0.15017201]))", "callback": [0.5146618607597395, 0.48268839092872784, 0.35952242823024005, 0.20726207710625233, 0.1910777931061589, 0.1906135602394754, 0.19059503954861112, 0.189188089186054, 0.18247906872691966, 0.15977449057028204]}, "1": {"maxiter": 100, "fatol": 1e-05, "xatol": 1e-10, "duration": 0.03867793083190918, "fun": "0.09834350448460971", "nit": "100", "nfev": "152", "status": "2", "success": "False", "message": "Maximum number of iterations has been exceeded.", "x": "[ 8.07827142  4.12211234  2.37893539 -0.03736101 -1.12934468  4.89209815]", "final_simplex": "(array([[ 8.07827142e+00,  4.12211234e+00,  2.37893539e+00,\n        -3.73610127e-02, -1.12934468e+00,  4.89209815e+00],\n       [ 7.94985584e+00,  4.08542586e+00,  2.04718346e+00,\n         6.44269668e-03, -6.31187089e-01,  4.51661019e+00],\n       [ 8.06015381e+00,  4.11887436e+00,  2.12007377e+00,\n        -5.04849219e-03, -7.54410950e-01,  4.63870083e+00],\n       [ 7.75113636e+00,  4.04379139e+00,  1.84527590e+00,\n         3.61685211e-02, -3.03772093e-01,  4.11301551e+00],\n       [ 7.71786510e+00,  4.02850553e+00,  1.83922137e+00,\n         4.41898261e-02, -3.14002271e-01,  4.14389082e+00],\n       [ 7.70372950e+00,  3.91118318e+00,  1.60947191e+00,\n         7.09063388e-02,  9.19704432e-02,  3.59424913e+00],\n       [ 7.68887041e+00,  3.81700480e+00,  1.60768206e+00,\n         7.03880331e-02,  8.61958231e-02,  3.61943174e+00]]), array([0.0983435 , 0.12468388, 0.12736854, 0.13164132, 0.13281049,\n       0.14801288, 0.15017201]))", "callback": [0.5146618607597395, 0.48268839092872784, 0.35952242823024005, 0.20726207710625233, 0.1910777931061589, 0.1906135602394754, 0.19059503954861112, 0.189188089186054, 0.18247906872691966, 0.15977449057028204]}, "2": {"maxiter": 100, "fatol": 1e-10, "xatol": 1e-05, "duration": 0.04067492485046387, "fun": "0.09834350448460971", "nit": "100", "nfev": "152", "status": "2", "success": "False", "message": "Maximum number of iterations has been exceeded.", "x": "[ 8.07827142  4.12211234  2.37893539 -0.03736101 -1.12934468  4.89209815]", "final_simplex": "(array([[ 8.07827142e+00,  4.12211234e+00,  2.37893539e+00,\n        -3.73610127e-02, -1.12934468e+00,  4.89209815e+00],\n       [ 7.94985584e+00,  4.08542586e+00,  2.04718346e+00,\n         6.44269668e-03, -6.31187089e-01,  4.51661019e+00],\n       [ 8.06015381e+00,  4.11887436e+00,  2.12007377e+00,\n        -5.04849219e-03, -7.54410950e-01,  4.63870083e+00],\n       [ 7.75113636e+00,  4.04379139e+00,  1.84527590e+00,\n         3.61685211e-02, -3.03772093e-01,  4.11301551e+00],\n       [ 7.71786510e+00,  4.02850553e+00,  1.83922137e+00,\n         4.41898261e-02, -3.14002271e-01,  4.14389082e+00],\n       [ 7.70372950e+00,  3.91118318e+00,  1.60947191e+00,\n         7.09063388e-02,  9.19704432e-02,  3.59424913e+00],\n       [ 7.68887041e+00,  3.81700480e+00,  1.60768206e+00,\n         7.03880331e-02,  8.61958231e-02,  3.61943174e+00]]), array([0.0983435 , 0.12468388, 0.12736854, 0.13164132, 0.13281049,\n       0.14801288, 0.15017201]))", "callback": [0.5146618607597395, 0.48268839092872784, 0.35952242823024005, 0.20726207710625233, 0.1910777931061589, 0.1906135602394754, 0.19059503954861112, 0.189188089186054, 0.18247906872691966, 0.15977449057028204]}, "3": {"maxiter": 100, "fatol": 1e-10, "xatol": 1e-10, "duration": 0.03978991508483887, "fun": "0.09834350448460971", "nit": "100", "nfev": "152", "status": "2", "success": "False", "message": "Maximum number of iterations has been exceeded.", "x": "[ 8.07827142  4.12211234  2.37893539 -0.03736101 -1.12934468  4.89209815]", "final_simplex": "(array([[ 8.07827142e+00,  4.12211234e+00,  2.37893539e+00,\n        -3.73610127e-02, -1.12934468e+00,  4.89209815e+00],\n       [ 7.94985584e+00,  4.08542586e+00,  2.04718346e+00,\n         6.44269668e-03, -6.31187089e-01,  4.51661019e+00],\n       [ 8.06015381e+00,  4.11887436e+00,  2.12007377e+00,\n        -5.04849219e-03, -7.54410950e-01,  4.63870083e+00],\n       [ 7.75113636e+00,  4.04379139e+00,  1.84527590e+00,\n         3.61685211e-02, -3.03772093e-01,  4.11301551e+00],\n       [ 7.71786510e+00,  4.02850553e+00,  1.83922137e+00,\n         4.41898261e-02, -3.14002271e-01,  4.14389082e+00],\n       [ 7.70372950e+00,  3.91118318e+00,  1.60947191e+00,\n         7.09063388e-02,  9.19704432e-02,  3.59424913e+00],\n       [ 7.68887041e+00,  3.81700480e+00,  1.60768206e+00,\n         7.03880331e-02,  8.61958231e-02,  3.61943174e+00]]), array([0.0983435 , 0.12468388, 0.12736854, 0.13164132, 0.13281049,\n       0.14801288, 0.15017201]))", "callback": [0.5146618607597395, 0.48268839092872784, 0.35952242823024005, 0.20726207710625233, 0.1910777931061589, 0.1906135602394754, 0.19059503954861112, 0.189188089186054, 0.18247906872691966, 0.15977449057028204]}, "4": {"maxiter": 500, "fatol": 1e-05, "xatol": 1e-05, "duration": 0.16352009773254395, "fun": "0.018123751628807194", "nit": "414", "nfev": "654", "status": "0", "success": "True", "message": "Optimization terminated successfully.", "x": "[ 7.75853099  4.70303423  3.55493794 -0.03056225 -3.34813731  6.89601194]", "final_simplex": "(array([[ 7.75853099,  4.70303423,  3.55493794, -0.03056225, -3.34813731,\n         6.89601194],\n       [ 7.75852933,  4.70303516,  3.55493899, -0.03056259, -3.34813821,\n         6.89601286],\n       [ 7.75853008,  4.70303456,  3.55493705, -0.03056312, -3.34813298,\n         6.89600825],\n       [ 7.7585299 ,  4.70303577,  3.55493939, -0.03056042, -3.34814567,\n         6.8960203 ],\n       [ 7.75852953,  4.70303517,  3.55493983, -0.03056195, -3.34814183,\n         6.89601677],\n       [ 7.7585295 ,  4.70303586,  3.55493902, -0.03056238, -3.34813892,\n         6.89601387],\n       [ 7.75853082,  4.70303367,  3.55493649, -0.03056381, -3.34813011,\n         6.89600666]]), array([0.01812375, 0.01812375, 0.01812375, 0.01812375, 0.01812375,\n       0.01812375, 0.01812375]))", "callback": [0.5146618607597395, 0.48268839092872784, 0.35952242823024005, 0.20726207710625233, 0.1910777931061589, 0.1906135602394754, 0.19059503954861112, 0.189188089186054, 0.18247906872691966, 0.15977449057028204, 0.09834350448460971, 0.041789498174178874, 0.022659881400361126, 0.02213451186335591, 0.020963297451832674, 0.020602987176870924, 0.020538911082722322, 0.020530404333686025, 0.020525900467467384, 0.02052209777844205, 0.020501634625639364, 0.020428605517249565, 0.020085232357147875, 0.0190619715886442, 0.01862865201413888, 0.01835391800406283, 0.01820714389594902, 0.018150646012292215, 0.018132265954342364, 0.018125146742438925, 0.01812410034207068, 0.018123919511620734, 0.018123784848921964, 0.01812376271780003, 0.018123752635261225, 0.018123752635261225, 0.018123751931206744, 0.018123751733213567, 0.018123751657581733, 0.018123751633305152, 0.018123751629821605, 0.018123751628807194]}, "5": {"maxiter": 500, "fatol": 1e-05, "xatol": 1e-10, "duration": 0.2228076457977295, "fun": "0.018123751628620788", "nit": "480", "nfev": "836", "status": "0", "success": "True", "message": "Optimization terminated successfully.", "x": "[ 7.7585301   4.70303531  3.554939   -0.03056121 -3.34814233  6.89601611]", "final_simplex": "(array([[ 7.7585301 ,  4.70303531,  3.554939  , -0.03056121, -3.34814233,\n         6.89601611],\n       [ 7.7585301 ,  4.70303531,  3.554939  , -0.03056121, -3.34814233,\n         6.89601611],\n       [ 7.7585301 ,  4.70303531,  3.554939  , -0.03056121, -3.34814233,\n         6.89601611],\n       [ 7.7585301 ,  4.70303531,  3.554939  , -0.03056121, -3.34814233,\n         6.89601611],\n       [ 7.7585301 ,  4.70303531,  3.554939  , -0.03056121, -3.34814233,\n         6.89601611],\n       [ 7.7585301 ,  4.70303531,  3.554939  , -0.03056121, -3.34814233,\n         6.89601611],\n       [ 7.7585301 ,  4.70303531,  3.554939  , -0.03056121, -3.34814233,\n         6.89601611]]), array([0.01812375, 0.01812375, 0.01812375, 0.01812375, 0.01812375,\n       0.01812375, 0.01812375]))", "callback": [0.5146618607597395, 0.48268839092872784, 0.35952242823024005, 0.20726207710625233, 0.1910777931061589, 0.1906135602394754, 0.19059503954861112, 0.189188089186054, 0.18247906872691966, 0.15977449057028204, 0.09834350448460971, 0.041789498174178874, 0.022659881400361126, 0.02213451186335591, 0.020963297451832674, 0.020602987176870924, 0.020538911082722322, 0.020530404333686025, 0.020525900467467384, 0.02052209777844205, 0.020501634625639364, 0.020428605517249565, 0.020085232357147875, 0.0190619715886442, 0.01862865201413888, 0.01835391800406283, 0.01820714389594902, 0.018150646012292215, 0.018132265954342364, 0.018125146742438925, 0.01812410034207068, 0.018123919511620734, 0.018123784848921964, 0.01812376271780003, 0.018123752635261225, 0.018123752635261225, 0.018123751931206744, 0.018123751733213567, 0.018123751657581733, 0.018123751633305152, 0.018123751629821605, 0.018123751628807194, 0.018123751628669638, 0.018123751628630003, 0.018123751628622342, 0.01812375162862112, 0.018123751628620788, 0.018123751628620788]}, "6": {"maxiter": 500, "fatol": 1e-10, "xatol": 1e-05, "duration": 0.1967790126800537, "fun": "0.018123751628807194", "nit": "414", "nfev": "654", "status": "0", "success": "True", "message": "Optimization terminated successfully.", "x": "[ 7.75853099  4.70303423  3.55493794 -0.03056225 -3.34813731  6.89601194]", "final_simplex": "(array([[ 7.75853099,  4.70303423,  3.55493794, -0.03056225, -3.34813731,\n         6.89601194],\n       [ 7.75852933,  4.70303516,  3.55493899, -0.03056259, -3.34813821,\n         6.89601286],\n       [ 7.75853008,  4.70303456,  3.55493705, -0.03056312, -3.34813298,\n         6.89600825],\n       [ 7.7585299 ,  4.70303577,  3.55493939, -0.03056042, -3.34814567,\n         6.8960203 ],\n       [ 7.75852953,  4.70303517,  3.55493983, -0.03056195, -3.34814183,\n         6.89601677],\n       [ 7.7585295 ,  4.70303586,  3.55493902, -0.03056238, -3.34813892,\n         6.89601387],\n       [ 7.75853082,  4.70303367,  3.55493649, -0.03056381, -3.34813011,\n         6.89600666]]), array([0.01812375, 0.01812375, 0.01812375, 0.01812375, 0.01812375,\n       0.01812375, 0.01812375]))", "callback": [0.5146618607597395, 0.48268839092872784, 0.35952242823024005, 0.20726207710625233, 0.1910777931061589, 0.1906135602394754, 0.19059503954861112, 0.189188089186054, 0.18247906872691966, 0.15977449057028204, 0.09834350448460971, 0.041789498174178874, 0.022659881400361126, 0.02213451186335591, 0.020963297451832674, 0.020602987176870924, 0.020538911082722322, 0.020530404333686025, 0.020525900467467384, 0.02052209777844205, 0.020501634625639364, 0.020428605517249565, 0.020085232357147875, 0.0190619715886442, 0.01862865201413888, 0.01835391800406283, 0.01820714389594902, 0.018150646012292215, 0.018132265954342364, 0.018125146742438925, 0.01812410034207068, 0.018123919511620734, 0.018123784848921964, 0.01812376271780003, 0.018123752635261225, 0.018123752635261225, 0.018123751931206744, 0.018123751733213567, 0.018123751657581733, 0.018123751633305152, 0.018123751629821605, 0.018123751628807194]}, "7": {"maxiter": 500, "fatol": 1e-10, "xatol": 1e-10, "duration": 0.2616128921508789, "fun": "0.018123751628620788", "nit": "480", "nfev": "836", "status": "0", "success": "True", "message": "Optimization terminated successfully.", "x": "[ 7.7585301   4.70303531  3.554939   -0.03056121 -3.34814233  6.89601611]", "final_simplex": "(array([[ 7.7585301 ,  4.70303531,  3.554939  , -0.03056121, -3.34814233,\n         6.89601611],\n       [ 7.7585301 ,  4.70303531,  3.554939  , -0.03056121, -3.34814233,\n         6.89601611],\n       [ 7.7585301 ,  4.70303531,  3.554939  , -0.03056121, -3.34814233,\n         6.89601611],\n       [ 7.7585301 ,  4.70303531,  3.554939  , -0.03056121, -3.34814233,\n         6.89601611],\n       [ 7.7585301 ,  4.70303531,  3.554939  , -0.03056121, -3.34814233,\n         6.89601611],\n       [ 7.7585301 ,  4.70303531,  3.554939  , -0.03056121, -3.34814233,\n         6.89601611],\n       [ 7.7585301 ,  4.70303531,  3.554939  , -0.03056121, -3.34814233,\n         6.89601611]]), array([0.01812375, 0.01812375, 0.01812375, 0.01812375, 0.01812375,\n       0.01812375, 0.01812375]))", "callback": [0.5146618607597395, 0.48268839092872784, 0.35952242823024005, 0.20726207710625233, 0.1910777931061589, 0.1906135602394754, 0.19059503954861112, 0.189188089186054, 0.18247906872691966, 0.15977449057028204, 0.09834350448460971, 0.041789498174178874, 0.022659881400361126, 0.02213451186335591, 0.020963297451832674, 0.020602987176870924, 0.020538911082722322, 0.020530404333686025, 0.020525900467467384, 0.02052209777844205, 0.020501634625639364, 0.020428605517249565, 0.020085232357147875, 0.0190619715886442, 0.01862865201413888, 0.01835391800406283, 0.01820714389594902, 0.018150646012292215, 0.018132265954342364, 0.018125146742438925, 0.01812410034207068, 0.018123919511620734, 0.018123784848921964, 0.01812376271780003, 0.018123752635261225, 0.018123752635261225, 0.018123751931206744, 0.018123751733213567, 0.018123751657581733, 0.018123751633305152, 0.018123751629821605, 0.018123751628807194, 0.018123751628669638, 0.018123751628630003, 0.018123751628622342, 0.01812375162862112, 0.018123751628620788, 0.018123751628620788]}, "8": {"maxiter": 1000, "fatol": 1e-05, "xatol": 1e-05, "duration": 0.16249513626098633, "fun": "0.018123751628807194", "nit": "414", "nfev": "654", "status": "0", "success": "True", "message": "Optimization terminated successfully.", "x": "[ 7.75853099  4.70303423  3.55493794 -0.03056225 -3.34813731  6.89601194]", "final_simplex": "(array([[ 7.75853099,  4.70303423,  3.55493794, -0.03056225, -3.34813731,\n         6.89601194],\n       [ 7.75852933,  4.70303516,  3.55493899, -0.03056259, -3.34813821,\n         6.89601286],\n       [ 7.75853008,  4.70303456,  3.55493705, -0.03056312, -3.34813298,\n         6.89600825],\n       [ 7.7585299 ,  4.70303577,  3.55493939, -0.03056042, -3.34814567,\n         6.8960203 ],\n       [ 7.75852953,  4.70303517,  3.55493983, -0.03056195, -3.34814183,\n         6.89601677],\n       [ 7.7585295 ,  4.70303586,  3.55493902, -0.03056238, -3.34813892,\n         6.89601387],\n       [ 7.75853082,  4.70303367,  3.55493649, -0.03056381, -3.34813011,\n         6.89600666]]), array([0.01812375, 0.01812375, 0.01812375, 0.01812375, 0.01812375,\n       0.01812375, 0.01812375]))", "callback": [0.5146618607597395, 0.48268839092872784, 0.35952242823024005, 0.20726207710625233, 0.1910777931061589, 0.1906135602394754, 0.19059503954861112, 0.189188089186054, 0.18247906872691966, 0.15977449057028204, 0.09834350448460971, 0.041789498174178874, 0.022659881400361126, 0.02213451186335591, 0.020963297451832674, 0.020602987176870924, 0.020538911082722322, 0.020530404333686025, 0.020525900467467384, 0.02052209777844205, 0.020501634625639364, 0.020428605517249565, 0.020085232357147875, 0.0190619715886442, 0.01862865201413888, 0.01835391800406283, 0.01820714389594902, 0.018150646012292215, 0.018132265954342364, 0.018125146742438925, 0.01812410034207068, 0.018123919511620734, 0.018123784848921964, 0.01812376271780003, 0.018123752635261225, 0.018123752635261225, 0.018123751931206744, 0.018123751733213567, 0.018123751657581733, 0.018123751633305152, 0.018123751629821605, 0.018123751628807194]}, "9": {"maxiter": 1000, "fatol": 1e-05, "xatol": 1e-10, "duration": 0.18994498252868652, "fun": "0.018123751628620788", "nit": "480", "nfev": "836", "status": "0", "success": "True", "message": "Optimization terminated successfully.", "x": "[ 7.7585301   4.70303531  3.554939   -0.03056121 -3.34814233  6.89601611]", "final_simplex": "(array([[ 7.7585301 ,  4.70303531,  3.554939  , -0.03056121, -3.34814233,\n         6.89601611],\n       [ 7.7585301 ,  4.70303531,  3.554939  , -0.03056121, -3.34814233,\n         6.89601611],\n       [ 7.7585301 ,  4.70303531,  3.554939  , -0.03056121, -3.34814233,\n         6.89601611],\n       [ 7.7585301 ,  4.70303531,  3.554939  , -0.03056121, -3.34814233,\n         6.89601611],\n       [ 7.7585301 ,  4.70303531,  3.554939  , -0.03056121, -3.34814233,\n         6.89601611],\n       [ 7.7585301 ,  4.70303531,  3.554939  , -0.03056121, -3.34814233,\n         6.89601611],\n       [ 7.7585301 ,  4.70303531,  3.554939  , -0.03056121, -3.34814233,\n         6.89601611]]), array([0.01812375, 0.01812375, 0.01812375, 0.01812375, 0.01812375,\n       0.01812375, 0.01812375]))", "callback": [0.5146618607597395, 0.48268839092872784, 0.35952242823024005, 0.20726207710625233, 0.1910777931061589, 0.1906135602394754, 0.19059503954861112, 0.189188089186054, 0.18247906872691966, 0.15977449057028204, 0.09834350448460971, 0.041789498174178874, 0.022659881400361126, 0.02213451186335591, 0.020963297451832674, 0.020602987176870924, 0.020538911082722322, 0.020530404333686025, 0.020525900467467384, 0.02052209777844205, 0.020501634625639364, 0.020428605517249565, 0.020085232357147875, 0.0190619715886442, 0.01862865201413888, 0.01835391800406283, 0.01820714389594902, 0.018150646012292215, 0.018132265954342364, 0.018125146742438925, 0.01812410034207068, 0.018123919511620734, 0.018123784848921964, 0.01812376271780003, 0.018123752635261225, 0.018123752635261225, 0.018123751931206744, 0.018123751733213567, 0.018123751657581733, 0.018123751633305152, 0.018123751629821605, 0.018123751628807194, 0.018123751628669638, 0.018123751628630003, 0.018123751628622342, 0.01812375162862112, 0.018123751628620788, 0.018123751628620788]}, "10": {"maxiter": 1000, "fatol": 1e-10, "xatol": 1e-05, "duration": 0.14525794982910156, "fun": "0.018123751628807194", "nit": "414", "nfev": "654", "status": "0", "success": "True", "message": "Optimization terminated successfully.", "x": "[ 7.75853099  4.70303423  3.55493794 -0.03056225 -3.34813731  6.89601194]", "final_simplex": "(array([[ 7.75853099,  4.70303423,  3.55493794, -0.03056225, -3.34813731,\n         6.89601194],\n       [ 7.75852933,  4.70303516,  3.55493899, -0.03056259, -3.34813821,\n         6.89601286],\n       [ 7.75853008,  4.70303456,  3.55493705, -0.03056312, -3.34813298,\n         6.89600825],\n       [ 7.7585299 ,  4.70303577,  3.55493939, -0.03056042, -3.34814567,\n         6.8960203 ],\n       [ 7.75852953,  4.70303517,  3.55493983, -0.03056195, -3.34814183,\n         6.89601677],\n       [ 7.7585295 ,  4.70303586,  3.55493902, -0.03056238, -3.34813892,\n         6.89601387],\n       [ 7.75853082,  4.70303367,  3.55493649, -0.03056381, -3.34813011,\n         6.89600666]]), array([0.01812375, 0.01812375, 0.01812375, 0.01812375, 0.01812375,\n       0.01812375, 0.01812375]))", "callback": [0.5146618607597395, 0.48268839092872784, 0.35952242823024005, 0.20726207710625233, 0.1910777931061589, 0.1906135602394754, 0.19059503954861112, 0.189188089186054, 0.18247906872691966, 0.15977449057028204, 0.09834350448460971, 0.041789498174178874, 0.022659881400361126, 0.02213451186335591, 0.020963297451832674, 0.020602987176870924, 0.020538911082722322, 0.020530404333686025, 0.020525900467467384, 0.02052209777844205, 0.020501634625639364, 0.020428605517249565, 0.020085232357147875, 0.0190619715886442, 0.01862865201413888, 0.01835391800406283, 0.01820714389594902, 0.018150646012292215, 0.018132265954342364, 0.018125146742438925, 0.01812410034207068, 0.018123919511620734, 0.018123784848921964, 0.01812376271780003, 0.018123752635261225, 0.018123752635261225, 0.018123751931206744, 0.018123751733213567, 0.018123751657581733, 0.018123751633305152, 0.018123751629821605, 0.018123751628807194]}, "11": {"maxiter": 1000, "fatol": 1e-10, "xatol": 1e-10, "duration": 0.1860218048095703, "fun": "0.018123751628620788", "nit": "480", "nfev": "836", "status": "0", "success": "True", "message": "Optimization terminated successfully.", "x": "[ 7.7585301   4.70303531  3.554939   -0.03056121 -3.34814233  6.89601611]", "final_simplex": "(array([[ 7.7585301 ,  4.70303531,  3.554939  , -0.03056121, -3.34814233,\n         6.89601611],\n       [ 7.7585301 ,  4.70303531,  3.554939  , -0.03056121, -3.34814233,\n         6.89601611],\n       [ 7.7585301 ,  4.70303531,  3.554939  , -0.03056121, -3.34814233,\n         6.89601611],\n       [ 7.7585301 ,  4.70303531,  3.554939  , -0.03056121, -3.34814233,\n         6.89601611],\n       [ 7.7585301 ,  4.70303531,  3.554939  , -0.03056121, -3.34814233,\n         6.89601611],\n       [ 7.7585301 ,  4.70303531,  3.554939  , -0.03056121, -3.34814233,\n         6.89601611],\n       [ 7.7585301 ,  4.70303531,  3.554939  , -0.03056121, -3.34814233,\n         6.89601611]]), array([0.01812375, 0.01812375, 0.01812375, 0.01812375, 0.01812375,\n       0.01812375, 0.01812375]))", "callback": [0.5146618607597395, 0.48268839092872784, 0.35952242823024005, 0.20726207710625233, 0.1910777931061589, 0.1906135602394754, 0.19059503954861112, 0.189188089186054, 0.18247906872691966, 0.15977449057028204, 0.09834350448460971, 0.041789498174178874, 0.022659881400361126, 0.02213451186335591, 0.020963297451832674, 0.020602987176870924, 0.020538911082722322, 0.020530404333686025, 0.020525900467467384, 0.02052209777844205, 0.020501634625639364, 0.020428605517249565, 0.020085232357147875, 0.0190619715886442, 0.01862865201413888, 0.01835391800406283, 0.01820714389594902, 0.018150646012292215, 0.018132265954342364, 0.018125146742438925, 0.01812410034207068, 0.018123919511620734, 0.018123784848921964, 0.01812376271780003, 0.018123752635261225, 0.018123752635261225, 0.018123751931206744, 0.018123751733213567, 0.018123751657581733, 0.018123751633305152, 0.018123751629821605, 0.018123751628807194, 0.018123751628669638, 0.018123751628630003, 0.018123751628622342, 0.01812375162862112, 0.018123751628620788, 0.018123751628620788]}}, "bfgs": {"type": "gradient", "0": {"maxiter": 100, "gtol": 1e-05, "xrtol": 1e-05, "eps": 1e-05, "duration": 0.0335543155670166, "fun": "0.018123751793171605", "jac": "[-8.29576408e-06  7.01440017e-06  5.96105387e-06  2.78377321e-06\n  1.08062448e-06  2.48262522e-06]", "hess_inv": "[[ 3.16994753  0.60468372  1.24430916  0.74811634  0.45367876  1.34717463]\n [ 0.60468372  2.79551021 -0.45722141 -1.30171919 -0.4446908   0.15027423]\n [ 1.24430916 -0.45722141  4.82554798  0.53690283  2.30432671  1.56328737]\n [ 0.74811634 -1.30171919  0.53690283  3.15640814  0.07382856 -0.03201373]\n [ 0.45367876 -0.4446908   2.30432671  0.07382856  2.37926869  0.98476188]\n [ 1.34717463  0.15027423  1.56328737 -0.03201373  0.98476188  2.74671428]]", "nfev": "147", "njev": "21", "status": "0", "success": "True", "message": "Optimization terminated successfully.", "x": "[7.43002896 3.74233216 1.16889206 2.20258883 0.58765085 5.18851008]", "nit": "18", "callback": [0.5007535470218256, 0.45392356019927993, 0.43969823360383675, 0.36698319865373397, 0.31814136809432425, 0.25383480090313637, 0.1445340565973916, 0.060176758654840734, 0.04066191928608953, 0.03100222753529347, 0.02070222684566425, 0.019108144639546243, 0.01862424499236115, 0.018412493515508888, 0.01815413245051145, 0.018125292778151003, 0.01812377226914552, 0.018123751793171605]}, "1": {"maxiter": 100, "gtol": 1e-05, "xrtol": 1e-05, "eps": 1e-10, "duration": 0.033518075942993164, "fun": "0.018123751783190367", "jac": "[-5.55111466e-06  8.88178346e-06  9.99200639e-06  7.77156053e-06\n -1.11022293e-06  3.33066880e-06]", "hess_inv": "[[ 3.15709324  0.60727931  1.22850609  0.73388256  0.44661794  1.33714316]\n [ 0.60727931  2.79363996 -0.45390958 -1.2976674  -0.4442041   0.15324587]\n [ 1.22850609 -0.45390958  4.80870292  0.52090152  2.29930927  1.54961695]\n [ 0.73388256 -1.2976674   0.52090152  3.14135879  0.06987224 -0.04758495]\n [ 0.44661794 -0.4442041   2.29930927  0.06987224  2.37993189  0.97663264]\n [ 1.33714316  0.15324587  1.54961695 -0.04758495  0.97663264  2.74324315]]", "nfev": "147", "njev": "21", "status": "0", "success": "True", "message": "Optimization terminated successfully.", "x": "[7.43003321 3.74233116 1.16889135 2.20260621 0.58767127 5.18853045]", "nit": "18", "callback": [0.5007536419598393, 0.453923354022733, 0.4396981113771772, 0.36698549302013717, 0.3181411924235107, 0.2538229730416033, 0.14450416261931975, 0.06019360695023801, 0.04065730960184255, 0.03100030950893573, 0.020707422670325437, 0.019108384381283705, 0.01862421660396829, 0.01841262507206476, 0.018154286590647217, 0.01812530071209395, 0.018123771819156143, 0.018123751783190367]}, "2": {"maxiter": 100, "gtol": 1e-05, "xrtol": 1e-10, "eps": 1e-05, "duration": 0.03398394584655762, "fun": "0.018123751793171605", "jac": "[-8.29576408e-06  7.01440017e-06  5.96105387e-06  2.78377321e-06\n  1.08062448e-06  2.48262522e-06]", "hess_inv": "[[ 3.16994753  0.60468372  1.24430916  0.74811634  0.45367876  1.34717463]\n [ 0.60468372  2.79551021 -0.45722141 -1.30171919 -0.4446908   0.15027423]\n [ 1.24430916 -0.45722141  4.82554798  0.53690283  2.30432671  1.56328737]\n [ 0.74811634 -1.30171919  0.53690283  3.15640814  0.07382856 -0.03201373]\n [ 0.45367876 -0.4446908   2.30432671  0.07382856  2.37926869  0.98476188]\n [ 1.34717463  0.15027423  1.56328737 -0.03201373  0.98476188  2.74671428]]", "nfev": "147", "njev": "21", "status": "0", "success": "True", "message": "Optimization terminated successfully.", "x": "[7.43002896 3.74233216 1.16889206 2.20258883 0.58765085 5.18851008]", "nit": "18", "callback": [0.5007535470218256, 0.45392356019927993, 0.43969823360383675, 0.36698319865373397, 0.31814136809432425, 0.25383480090313637, 0.1445340565973916, 0.060176758654840734, 0.04066191928608953, 0.03100222753529347, 0.02070222684566425, 0.019108144639546243, 0.01862424499236115, 0.018412493515508888, 0.01815413245051145, 0.018125292778151003, 0.01812377226914552, 0.018123751793171605]}, "3": {"maxiter": 100, "gtol": 1e-05, "xrtol": 1e-10, "eps": 1e-10, "duration": 0.033128976821899414, "fun": "0.018123751783190367", "jac": "[-5.55111466e-06  8.88178346e-06  9.99200639e-06  7.77156053e-06\n -1.11022293e-06  3.33066880e-06]", "hess_inv": "[[ 3.15709324  0.60727931  1.22850609  0.73388256  0.44661794  1.33714316]\n [ 0.60727931  2.79363996 -0.45390958 -1.2976674  -0.4442041   0.15324587]\n [ 1.22850609 -0.45390958  4.80870292  0.52090152  2.29930927  1.54961695]\n [ 0.73388256 -1.2976674   0.52090152  3.14135879  0.06987224 -0.04758495]\n [ 0.44661794 -0.4442041   2.29930927  0.06987224  2.37993189  0.97663264]\n [ 1.33714316  0.15324587  1.54961695 -0.04758495  0.97663264  2.74324315]]", "nfev": "147", "njev": "21", "status": "0", "success": "True", "message": "Optimization terminated successfully.", "x": "[7.43003321 3.74233116 1.16889135 2.20260621 0.58767127 5.18853045]", "nit": "18", "callback": [0.5007536419598393, 0.453923354022733, 0.4396981113771772, 0.36698549302013717, 0.3181411924235107, 0.2538229730416033, 0.14450416261931975, 0.06019360695023801, 0.04065730960184255, 0.03100030950893573, 0.020707422670325437, 0.019108384381283705, 0.01862421660396829, 0.01841262507206476, 0.018154286590647217, 0.01812530071209395, 0.018123771819156143, 0.018123751783190367]}, "4": {"maxiter": 100, "gtol": 1e-10, "xrtol": 1e-05, "eps": 1e-05, "duration": 0.034776926040649414, "fun": "0.018123751687142864", "jac": "[-1.46275214e-06  1.78352888e-06 -6.06892314e-07  1.40334411e-06\n  1.10436105e-06  4.71933603e-07]", "hess_inv": "[[ 3.09775275  0.63890071  1.17611698  0.69110969  0.43599637  1.28262663]\n [ 0.63890071  2.78473117 -0.38232138 -1.26989528 -0.41700204  0.20095992]\n [ 1.17611698 -0.38232138  5.09452797  0.52068175  2.43880243  1.65964053]\n [ 0.69110969 -1.26989528  0.52068175  3.11564057  0.07692737 -0.06522762]\n [ 0.43599637 -0.41700204  2.43880243  0.07692737  2.44349     1.04029093]\n [ 1.28262663  0.20095992  1.65964053 -0.06522762  1.04029093  2.76324128]]", "nfev": "154", "njev": "22", "status": "0", "success": "True", "message": "Optimization terminated successfully.", "x": "[7.43003759 3.74232369 1.16886592 2.20259177 0.58763742 5.18850162]", "nit": "19", "callback": [0.5007535470218256, 0.45392356019927993, 0.43969823360383675, 0.36698319865373397, 0.31814136809432425, 0.25383480090313637, 0.1445340565973916, 0.060176758654840734, 0.04066191928608953, 0.03100222753529347, 0.02070222684566425, 0.019108144639546243, 0.01862424499236115, 0.018412493515508888, 0.01815413245051145, 0.018125292778151003, 0.01812377226914552, 0.018123751793171605, 0.018123751687142864]}, "5": {"maxiter": 100, "gtol": 1e-10, "xrtol": 1e-05, "eps": 1e-10, "duration": 0.037068843841552734, "fun": "0.0181237516943914", "jac": "[-9.99200639e-06 -1.11022293e-06 -2.22044587e-06 -2.22044587e-06\n -2.22044587e-06 -3.33066880e-06]", "hess_inv": "[[ 3.18222686  0.63314243  1.34772868  0.77187531  0.49510037  1.37880563]\n [ 0.63314243  2.78337887 -0.3744569  -1.27548219 -0.41400718  0.20999521]\n [ 1.34772868 -0.3744569   5.3235601   0.68129726  2.50620133  1.7635144 ]\n [ 0.77187531 -1.27548219  0.68129726  3.191035    0.13412899  0.02175739]\n [ 0.49510037 -0.41400718  2.50620133  0.13412899  2.46293715  1.06441022]\n [ 1.37880563  0.20999521  1.7635144   0.02175739  1.06441022  2.80708174]]", "nfev": "161", "njev": "23", "status": "0", "success": "True", "message": "Optimization terminated successfully.", "x": "[7.43002772 3.74232699 1.168867   2.20259857 0.58766145 5.18852078]", "nit": "19", "callback": [0.5007536419598393, 0.453923354022733, 0.4396981113771772, 0.36698549302013717, 0.3181411924235107, 0.2538229730416033, 0.14450416261931975, 0.06019360695023801, 0.04065730960184255, 0.03100030950893573, 0.020707422670325437, 0.019108384381283705, 0.01862421660396829, 0.01841262507206476, 0.018154286590647217, 0.01812530071209395, 0.018123771819156143, 0.018123751783190367, 0.0181237516943914]}, "6": {"maxiter": 100, "gtol": 1e-10, "xrtol": 1e-10, "eps": 1e-05, "duration": 0.08538484573364258, "fun": "0.018123751681298872", "jac": "[ 1.19293464e-07 -4.64173144e-07 -1.28189681e-06  1.00797148e-07\n  1.31437083e-06  8.68183303e-07]", "hess_inv": "[[ 5.34670349 -0.35516121  4.01285589 -0.43048772 -2.25812054 -1.40178433]\n [-0.35516121  2.99715482 -1.88617713 -0.66529915  1.17624553  1.84957794]\n [ 4.01285589 -1.88617713  8.0852772  -0.74750635 -0.63542593 -1.28439784]\n [-0.43048772 -0.66529915 -0.74750635  3.55368978  1.21346389  1.08105104]\n [-2.25812054  1.17624553 -0.63542593  1.21346389  4.90301901  3.41968386]\n [-1.40178433  1.84957794 -1.28439784  1.08105104  3.41968386  5.00413556]]", "nfev": "381", "njev": "53", "status": "2", "success": "False", "message": "Desired error not necessarily achieved due to precision loss.", "x": "[7.4300425  3.74231942 1.16886912 2.20259024 0.58763494 5.18849994]", "nit": "21", "callback": [0.5007535470218256, 0.45392356019927993, 0.43969823360383675, 0.36698319865373397, 0.31814136809432425, 0.25383480090313637, 0.1445340565973916, 0.060176758654840734, 0.04066191928608953, 0.03100222753529347, 0.02070222684566425, 0.019108144639546243, 0.01862424499236115, 0.018412493515508888, 0.01815413245051145, 0.018125292778151003, 0.01812377226914552, 0.018123751793171605, 0.018123751687142864, 0.01812375168315261, 0.018123751681298872]}, "7": {"maxiter": 100, "gtol": 1e-10, "xrtol": 1e-10, "eps": 1e-10, "duration": 0.0510408878326416, "fun": "0.018123751634224416", "jac": "[ 0.00000000e+00  0.00000000e+00  3.33066880e-06 -2.22044587e-06\n  2.22044587e-06  0.00000000e+00]", "hess_inv": "[[ 1.59111991  0.11493963 -0.47631557 -1.23853377 -0.41859574  1.25487952]\n [ 0.11493963  2.62131275 -0.46562153 -1.81928449 -0.44400217  0.32452367]\n [-0.47631557 -0.46562153  2.24037853  1.13424754  1.03516944 -1.17719364]\n [-1.23853377 -1.81928449  1.13424754  3.17752491  0.78295386 -0.98017123]\n [-0.41859574 -0.44400217  1.03516944  0.78295386  1.83723024 -0.74483667]\n [ 1.25487952  0.32452367 -1.17719364 -0.98017123 -0.74483667  2.20524607]]", "nfev": "231", "njev": "33", "status": "0", "success": "True", "message": "Optimization terminated successfully.", "x": "[7.43004268 3.74232637 1.1688676  2.20259833 0.58766338 5.18852896]", "nit": "22", "callback": [0.5007536419598393, 0.453923354022733, 0.4396981113771772, 0.36698549302013717, 0.3181411924235107, 0.2538229730416033, 0.14450416261931975, 0.06019360695023801, 0.04065730960184255, 0.03100030950893573, 0.020707422670325437, 0.019108384381283705, 0.01862421660396829, 0.01841262507206476, 0.018154286590647217, 0.01812530071209395, 0.018123771819156143, 0.018123751783190367, 0.0181237516943914, 0.01812375163462665, 0.018123751634224528, 0.018123751634224416]}, "8": {"maxiter": 500, "gtol": 1e-05, "xrtol": 1e-05, "eps": 1e-05, "duration": 0.03300881385803223, "fun": "0.018123751793171605", "jac": "[-8.29576408e-06  7.01440017e-06  5.96105387e-06  2.78377321e-06\n  1.08062448e-06  2.48262522e-06]", "hess_inv": "[[ 3.16994753  0.60468372  1.24430916  0.74811634  0.45367876  1.34717463]\n [ 0.60468372  2.79551021 -0.45722141 -1.30171919 -0.4446908   0.15027423]\n [ 1.24430916 -0.45722141  4.82554798  0.53690283  2.30432671  1.56328737]\n [ 0.74811634 -1.30171919  0.53690283  3.15640814  0.07382856 -0.03201373]\n [ 0.45367876 -0.4446908   2.30432671  0.07382856  2.37926869  0.98476188]\n [ 1.34717463  0.15027423  1.56328737 -0.03201373  0.98476188  2.74671428]]", "nfev": "147", "njev": "21", "status": "0", "success": "True", "message": "Optimization terminated successfully.", "x": "[7.43002896 3.74233216 1.16889206 2.20258883 0.58765085 5.18851008]", "nit": "18", "callback": [0.5007535470218256, 0.45392356019927993, 0.43969823360383675, 0.36698319865373397, 0.31814136809432425, 0.25383480090313637, 0.1445340565973916, 0.060176758654840734, 0.04066191928608953, 0.03100222753529347, 0.02070222684566425, 0.019108144639546243, 0.01862424499236115, 0.018412493515508888, 0.01815413245051145, 0.018125292778151003, 0.01812377226914552, 0.018123751793171605]}, "9": {"maxiter": 500, "gtol": 1e-05, "xrtol": 1e-05, "eps": 1e-10, "duration": 0.032774925231933594, "fun": "0.018123751783190367", "jac": "[-5.55111466e-06  8.88178346e-06  9.99200639e-06  7.77156053e-06\n -1.11022293e-06  3.33066880e-06]", "hess_inv": "[[ 3.15709324  0.60727931  1.22850609  0.73388256  0.44661794  1.33714316]\n [ 0.60727931  2.79363996 -0.45390958 -1.2976674  -0.4442041   0.15324587]\n [ 1.22850609 -0.45390958  4.80870292  0.52090152  2.29930927  1.54961695]\n [ 0.73388256 -1.2976674   0.52090152  3.14135879  0.06987224 -0.04758495]\n [ 0.44661794 -0.4442041   2.29930927  0.06987224  2.37993189  0.97663264]\n [ 1.33714316  0.15324587  1.54961695 -0.04758495  0.97663264  2.74324315]]", "nfev": "147", "njev": "21", "status": "0", "success": "True", "message": "Optimization terminated successfully.", "x": "[7.43003321 3.74233116 1.16889135 2.20260621 0.58767127 5.18853045]", "nit": "18", "callback": [0.5007536419598393, 0.453923354022733, 0.4396981113771772, 0.36698549302013717, 0.3181411924235107, 0.2538229730416033, 0.14450416261931975, 0.06019360695023801, 0.04065730960184255, 0.03100030950893573, 0.020707422670325437, 0.019108384381283705, 0.01862421660396829, 0.01841262507206476, 0.018154286590647217, 0.01812530071209395, 0.018123771819156143, 0.018123751783190367]}, "10": {"maxiter": 500, "gtol": 1e-05, "xrtol": 1e-10, "eps": 1e-05, "duration": 0.03283381462097168, "fun": "0.018123751793171605", "jac": "[-8.29576408e-06  7.01440017e-06  5.96105387e-06  2.78377321e-06\n  1.08062448e-06  2.48262522e-06]", "hess_inv": "[[ 3.16994753  0.60468372  1.24430916  0.74811634  0.45367876  1.34717463]\n [ 0.60468372  2.79551021 -0.45722141 -1.30171919 -0.4446908   0.15027423]\n [ 1.24430916 -0.45722141  4.82554798  0.53690283  2.30432671  1.56328737]\n [ 0.74811634 -1.30171919  0.53690283  3.15640814  0.07382856 -0.03201373]\n [ 0.45367876 -0.4446908   2.30432671  0.07382856  2.37926869  0.98476188]\n [ 1.34717463  0.15027423  1.56328737 -0.03201373  0.98476188  2.74671428]]", "nfev": "147", "njev": "21", "status": "0", "success": "True", "message": "Optimization terminated successfully.", "x": "[7.43002896 3.74233216 1.16889206 2.20258883 0.58765085 5.18851008]", "nit": "18", "callback": [0.5007535470218256, 0.45392356019927993, 0.43969823360383675, 0.36698319865373397, 0.31814136809432425, 0.25383480090313637, 0.1445340565973916, 0.060176758654840734, 0.04066191928608953, 0.03100222753529347, 0.02070222684566425, 0.019108144639546243, 0.01862424499236115, 0.018412493515508888, 0.01815413245051145, 0.018125292778151003, 0.01812377226914552, 0.018123751793171605]}, "11": {"maxiter": 500, "gtol": 1e-05, "xrtol": 1e-10, "eps": 1e-10, "duration": 0.03288698196411133, "fun": "0.018123751783190367", "jac": "[-5.55111466e-06  8.88178346e-06  9.99200639e-06  7.77156053e-06\n -1.11022293e-06  3.33066880e-06]", "hess_inv": "[[ 3.15709324  0.60727931  1.22850609  0.73388256  0.44661794  1.33714316]\n [ 0.60727931  2.79363996 -0.45390958 -1.2976674  -0.4442041   0.15324587]\n [ 1.22850609 -0.45390958  4.80870292  0.52090152  2.29930927  1.54961695]\n [ 0.73388256 -1.2976674   0.52090152  3.14135879  0.06987224 -0.04758495]\n [ 0.44661794 -0.4442041   2.29930927  0.06987224  2.37993189  0.97663264]\n [ 1.33714316  0.15324587  1.54961695 -0.04758495  0.97663264  2.74324315]]", "nfev": "147", "njev": "21", "status": "0", "success": "True", "message": "Optimization terminated successfully.", "x": "[7.43003321 3.74233116 1.16889135 2.20260621 0.58767127 5.18853045]", "nit": "18", "callback": [0.5007536419598393, 0.453923354022733, 0.4396981113771772, 0.36698549302013717, 0.3181411924235107, 0.2538229730416033, 0.14450416261931975, 0.06019360695023801, 0.04065730960184255, 0.03100030950893573, 0.020707422670325437, 0.019108384381283705, 0.01862421660396829, 0.01841262507206476, 0.018154286590647217, 0.01812530071209395, 0.018123771819156143, 0.018123751783190367]}, "12": {"maxiter": 500, "gtol": 1e-10, "xrtol": 1e-05, "eps": 1e-05, "duration": 0.03356766700744629, "fun": "0.018123751687142864", "jac"