{"date": "2024/09/24/, 17:09:41", "conf_id": 3, "data_type": "random\n", "num_data_points": 1, "s_rank": 0, "unitary": "[[-0.53618537-0.34368723j,-0.12107031-0.46226139j,-0.07699282-0.46603512j,0.36022595-0.11472301j],[0.26026499-0.63450712j,-0.56616638+0.37832564j,-0.14988651+0.08458591j,0.10363514-0.16008501j],[-0.32580188-0.11070003j,-0.36476308-0.23593218j,0.02559343+0.41761608j,-0.25598305+0.6725303j],[0.07406738-0.0126433j,0.28513701+0.19483972j,-0.74939717-0.10299659j,0.29798249+0.46269921j]]", "databatch_0": {"databatch": "[[[0.06318202-0.11875141j,-0.09598484+0.10659092j,0.20844971+0.08357694j,-0.23608642+0.01980526j],[-0.03545851-0.14932089j,-0.00179743+0.16364685j,0.24149981-0.08564091j,-0.18719829+0.19499707j],[-0.01601117-0.27916861j,-0.05538858+0.29299214j,0.46052399-0.07665005j,-0.39797126+0.29013259j],[-0.01037376-0.06809724j,-0.00681803+0.07313637j,0.11117486-0.02943376j,-0.09090355+0.08034647j]]]", "initial param values": "[4.98075373,2.8124856,4.01929167,1.68151441,2.60309765,4.50166888]", "nelder_mead": {"type": "gradient-free", "0": {"maxiter": 100, "fatol": 1e-05, "xatol": 1e-05, "duration": 0.03228902816772461, "fun": "0.004923169720873366", "nit": "100", "nfev": "158", "status": "2", "success": "False", "message": "Maximum number of iterations has been exceeded.", "x": "[1.62528326 1.04912725 4.02573641 0.9516693  5.98466431 5.00111477]", "final_simplex": "(array([[1.62528326, 1.04912725, 4.02573641, 0.9516693 , 5.98466431,\n        5.00111477],\n       [1.62125651, 1.13000251, 4.0508228 , 0.97450279, 5.89084935,\n        5.05517456],\n       [1.72132938, 1.09822909, 4.09856961, 0.96623172, 5.89074102,\n        5.02199784],\n       [1.71859279, 1.17996422, 4.05545082, 0.95270251, 5.8474057 ,\n        5.02246784],\n       [1.6641671 , 0.9780215 , 4.14140189, 0.97241911, 5.89283741,\n        5.04296058],\n       [1.67149927, 1.0783264 , 4.11981943, 0.93990219, 5.89017367,\n        5.1351704 ],\n       [1.67063403, 1.0241418 , 3.98548729, 0.96315309, 6.00127381,\n        4.97678519]]), array([0.00492317, 0.00540228, 0.00586114, 0.00586948, 0.00671665,\n       0.00704862, 0.00709455]))", "callback": [0.9755762096371223, 0.8355280425956357, 0.7543776807627052, 0.4815858036395858, 0.4098605957113852, 0.24756851856376028, 0.21926640277302178, 0.1087048345015027, 0.018737477474619957, 0.007094554501708705]}, "1": {"maxiter": 100, "fatol": 1e-05, "xatol": 1e-10, "duration": 0.03020191192626953, "fun": "0.004923169720873366", "nit": "100", "nfev": "158", "status": "2", "success": "False", "message": "Maximum number of iterations has been exceeded.", "x": "[1.62528326 1.04912725 4.02573641 0.9516693  5.98466431 5.00111477]", "final_simplex": "(array([[1.62528326, 1.04912725, 4.02573641, 0.9516693 , 5.98466431,\n        5.00111477],\n       [1.62125651, 1.13000251, 4.0508228 , 0.97450279, 5.89084935,\n        5.05517456],\n       [1.72132938, 1.09822909, 4.09856961, 0.96623172, 5.89074102,\n        5.02199784],\n       [1.71859279, 1.17996422, 4.05545082, 0.95270251, 5.8474057 ,\n        5.02246784],\n       [1.6641671 , 0.9780215 , 4.14140189, 0.97241911, 5.89283741,\n        5.04296058],\n       [1.67149927, 1.0783264 , 4.11981943, 0.93990219, 5.89017367,\n        5.1351704 ],\n       [1.67063403, 1.0241418 , 3.98548729, 0.96315309, 6.00127381,\n        4.97678519]]), array([0.00492317, 0.00540228, 0.00586114, 0.00586948, 0.00671665,\n       0.00704862, 0.00709455]))", "callback": [0.9755762096371223, 0.8355280425956357, 0.7543776807627052, 0.4815858036395858, 0.4098605957113852, 0.24756851856376028, 0.21926640277302178, 0.1087048345015027, 0.018737477474619957, 0.007094554501708705]}, "2": {"maxiter": 100, "fatol": 1e-10, "xatol": 1e-05, "duration": 0.03377985954284668, "fun": "0.004923169720873366", "nit": "100", "nfev": "158", "status": "2", "success": "False", "message": "Maximum number of iterations has been exceeded.", "x": "[1.62528326 1.04912725 4.02573641 0.9516693  5.98466431 5.00111477]", "final_simplex": "(array([[1.62528326, 1.04912725, 4.02573641, 0.9516693 , 5.98466431,\n        5.00111477],\n       [1.62125651, 1.13000251, 4.0508228 , 0.97450279, 5.89084935,\n        5.05517456],\n       [1.72132938, 1.09822909, 4.09856961, 0.96623172, 5.89074102,\n        5.02199784],\n       [1.71859279, 1.17996422, 4.05545082, 0.95270251, 5.8474057 ,\n        5.02246784],\n       [1.6641671 , 0.9780215 , 4.14140189, 0.97241911, 5.89283741,\n        5.04296058],\n       [1.67149927, 1.0783264 , 4.11981943, 0.93990219, 5.89017367,\n        5.1351704 ],\n       [1.67063403, 1.0241418 , 3.98548729, 0.96315309, 6.00127381,\n        4.97678519]]), array([0.00492317, 0.00540228, 0.00586114, 0.00586948, 0.00671665,\n       0.00704862, 0.00709455]))", "callback": [0.9755762096371223, 0.8355280425956357, 0.7543776807627052, 0.4815858036395858, 0.4098605957113852, 0.24756851856376028, 0.21926640277302178, 0.1087048345015027, 0.018737477474619957, 0.007094554501708705]}, "3": {"maxiter": 100, "fatol": 1e-10, "xatol": 1e-10, "duration": 0.02915787696838379, "fun": "0.004923169720873366", "nit": "100", "nfev": "158", "status": "2", "success": "False", "message": "Maximum number of iterations has been exceeded.", "x": "[1.62528326 1.04912725 4.02573641 0.9516693  5.98466431 5.00111477]", "final_simplex": "(array([[1.62528326, 1.04912725, 4.02573641, 0.9516693 , 5.98466431,\n        5.00111477],\n       [1.62125651, 1.13000251, 4.0508228 , 0.97450279, 5.89084935,\n        5.05517456],\n       [1.72132938, 1.09822909, 4.09856961, 0.96623172, 5.89074102,\n        5.02199784],\n       [1.71859279, 1.17996422, 4.05545082, 0.95270251, 5.8474057 ,\n        5.02246784],\n       [1.6641671 , 0.9780215 , 4.14140189, 0.97241911, 5.89283741,\n        5.04296058],\n       [1.67149927, 1.0783264 , 4.11981943, 0.93990219, 5.89017367,\n        5.1351704 ],\n       [1.67063403, 1.0241418 , 3.98548729, 0.96315309, 6.00127381,\n        4.97678519]]), array([0.00492317, 0.00540228, 0.00586114, 0.00586948, 0.00671665,\n       0.00704862, 0.00709455]))", "callback": [0.9755762096371223, 0.8355280425956357, 0.7543776807627052, 0.4815858036395858, 0.4098605957113852, 0.24756851856376028, 0.21926640277302178, 0.1087048345015027, 0.018737477474619957, 0.007094554501708705]}, "4": {"maxiter": 500, "fatol": 1e-05, "xatol": 1e-05, "duration": 0.07649922370910645, "fun": "0.0025549996156691845", "nit": "255", "nfev": "413", "status": "0", "success": "True", "message": "Optimization terminated successfully.", "x": "[1.61151469 1.1567857  3.97957396 0.97230454 5.92094473 4.87685419]", "final_simplex": "(array([[1.61151469, 1.1567857 , 3.97957396, 0.97230454, 5.92094473,\n        4.87685419],\n       [1.6115151 , 1.15678976, 3.97956984, 0.9723036 , 5.92094082,\n        4.87685221],\n       [1.61151597, 1.15678197, 3.97957068, 0.97230062, 5.92094683,\n        4.8768546 ],\n       [1.6115153 , 1.15678924, 3.97957121, 0.97230437, 5.9209439 ,\n        4.87685588],\n       [1.61151507, 1.15678586, 3.97957304, 0.97230545, 5.92094011,\n        4.8768591 ],\n       [1.6115131 , 1.15679564, 3.97956755, 0.97231064, 5.92094173,\n        4.87685164],\n       [1.61152122, 1.15677834, 3.9795766 , 0.97230118, 5.92094515,\n        4.87685688]]), array([0.002555, 0.002555, 0.002555, 0.002555, 0.002555, 0.002555,\n       0.002555]))", "callback": [0.9755762096371223, 0.8355280425956357, 0.7543776807627052, 0.4815858036395858, 0.4098605957113852, 0.24756851856376028, 0.21926640277302178, 0.1087048345015027, 0.018737477474619957, 0.007094554501708705, 0.003821905223567068, 0.0031157337805758356, 0.002671180397897377, 0.0025892615419635945, 0.002560550754610147, 0.002555741750964735, 0.002555173433331559, 0.002555044468479206, 0.002555015269750438, 0.002555007823027422, 0.002555002018293173, 0.0025550000563603348, 0.0025549998367638826, 0.002554999663426316, 0.002554999628767818, 0.002554999616527942]}, "5": {"maxiter": 500, "fatol": 1e-05, "xatol": 1e-10, "duration": 0.11986589431762695, "fun": "0.002554999614387099", "nit": "349", "nfev": "631", "status": "0", "success": "True", "message": "Optimization terminated successfully.", "x": "[1.61151738 1.15678342 3.97957368 0.9723017  5.92094322 4.87685652]", "final_simplex": "(array([[1.61151738, 1.15678342, 3.97957368, 0.9723017 , 5.92094322,\n        4.87685652],\n       [1.61151738, 1.15678342, 3.97957368, 0.9723017 , 5.92094322,\n        4.87685652],\n       [1.61151738, 1.15678342, 3.97957368, 0.9723017 , 5.92094322,\n        4.87685652],\n       [1.61151738, 1.15678342, 3.97957368, 0.9723017 , 5.92094322,\n        4.87685652],\n       [1.61151738, 1.15678342, 3.97957368, 0.9723017 , 5.92094322,\n        4.87685652],\n       [1.61151738, 1.15678342, 3.97957368, 0.9723017 , 5.92094322,\n        4.87685652],\n       [1.61151738, 1.15678342, 3.97957368, 0.9723017 , 5.92094322,\n        4.87685652]]), array([0.002555, 0.002555, 0.002555, 0.002555, 0.002555, 0.002555,\n       0.002555]))", "callback": [0.9755762096371223, 0.8355280425956357, 0.7543776807627052, 0.4815858036395858, 0.4098605957113852, 0.24756851856376028, 0.21926640277302178, 0.1087048345015027, 0.018737477474619957, 0.007094554501708705, 0.003821905223567068, 0.0031157337805758356, 0.002671180397897377, 0.0025892615419635945, 0.002560550754610147, 0.002555741750964735, 0.002555173433331559, 0.002555044468479206, 0.002555015269750438, 0.002555007823027422, 0.002555002018293173, 0.0025550000563603348, 0.0025549998367638826, 0.002554999663426316, 0.002554999628767818, 0.002554999616527942, 0.0025549996148632736, 0.0025549996144405007, 0.0025549996144106357, 0.0025549996143883202, 0.002554999614387543, 0.002554999614387099, 0.002554999614387099, 0.002554999614387099, 0.002554999614387099]}, "6": {"maxiter": 500, "fatol": 1e-10, "xatol": 1e-05, "duration": 0.07286405563354492, "fun": "0.0025549996156691845", "nit": "255", "nfev": "413", "status": "0", "success": "True", "message": "Optimization terminated successfully.", "x": "[1.61151469 1.1567857  3.97957396 0.97230454 5.92094473 4.87685419]", "final_simplex": "(array([[1.61151469, 1.1567857 , 3.97957396, 0.97230454, 5.92094473,\n        4.87685419],\n       [1.6115151 , 1.15678976, 3.97956984, 0.9723036 , 5.92094082,\n        4.87685221],\n       [1.61151597, 1.15678197, 3.97957068, 0.97230062, 5.92094683,\n        4.8768546 ],\n       [1.6115153 , 1.15678924, 3.97957121, 0.97230437, 5.9209439 ,\n        4.87685588],\n       [1.61151507, 1.15678586, 3.97957304, 0.97230545, 5.92094011,\n        4.8768591 ],\n       [1.6115131 , 1.15679564, 3.97956755, 0.97231064, 5.92094173,\n        4.87685164],\n       [1.61152122, 1.15677834, 3.9795766 , 0.97230118, 5.92094515,\n        4.87685688]]), array([0.002555, 0.002555, 0.002555, 0.002555, 0.002555, 0.002555,\n       0.002555]))", "callback": [0.9755762096371223, 0.8355280425956357, 0.7543776807627052, 0.4815858036395858, 0.4098605957113852, 0.24756851856376028, 0.21926640277302178, 0.1087048345015027, 0.018737477474619957, 0.007094554501708705, 0.003821905223567068, 0.0031157337805758356, 0.002671180397897377, 0.0025892615419635945, 0.002560550754610147, 0.002555741750964735, 0.002555173433331559, 0.002555044468479206, 0.002555015269750438, 0.002555007823027422, 0.002555002018293173, 0.0025550000563603348, 0.0025549998367638826, 0.002554999663426316, 0.002554999628767818, 0.002554999616527942]}, "7": {"maxiter": 500, "fatol": 1e-10, "xatol": 1e-10, "duration": 0.11126303672790527, "fun": "0.002554999614387099", "nit": "349", "nfev": "631", "status": "0", "success": "True", "message": "Optimization terminated successfully.", "x": "[1.61151738 1.15678342 3.97957368 0.9723017  5.92094322 4.87685652]", "final_simplex": "(array([[1.61151738, 1.15678342, 3.97957368, 0.9723017 , 5.92094322,\n        4.87685652],\n       [1.61151738, 1.15678342, 3.97957368, 0.9723017 , 5.92094322,\n        4.87685652],\n       [1.61151738, 1.15678342, 3.97957368, 0.9723017 , 5.92094322,\n        4.87685652],\n       [1.61151738, 1.15678342, 3.97957368, 0.9723017 , 5.92094322,\n        4.87685652],\n       [1.61151738, 1.15678342, 3.97957368, 0.9723017 , 5.92094322,\n        4.87685652],\n       [1.61151738, 1.15678342, 3.97957368, 0.9723017 , 5.92094322,\n        4.87685652],\n       [1.61151738, 1.15678342, 3.97957368, 0.9723017 , 5.92094322,\n        4.87685652]]), array([0.002555, 0.002555, 0.002555, 0.002555, 0.002555, 0.002555,\n       0.002555]))", "callback": [0.9755762096371223, 0.8355280425956357, 0.7543776807627052, 0.4815858036395858, 0.4098605957113852, 0.24756851856376028, 0.21926640277302178, 0.1087048345015027, 0.018737477474619957, 0.007094554501708705, 0.003821905223567068, 0.0031157337805758356, 0.002671180397897377, 0.0025892615419635945, 0.002560550754610147, 0.002555741750964735, 0.002555173433331559, 0.002555044468479206, 0.002555015269750438, 0.002555007823027422, 0.002555002018293173, 0.0025550000563603348, 0.0025549998367638826, 0.002554999663426316, 0.002554999628767818, 0.002554999616527942, 0.0025549996148632736, 0.0025549996144405007, 0.0025549996144106357, 0.0025549996143883202, 0.002554999614387543, 0.002554999614387099, 0.002554999614387099, 0.002554999614387099, 0.002554999614387099]}, "8": {"maxiter": 1000, "fatol": 1e-05, "xatol": 1e-05, "duration": 0.07096385955810547, "fun": "0.0025549996156691845", "nit": "255", "nfev": "413", "status": "0", "success": "True", "message": "Optimization terminated successfully.", "x": "[1.61151469 1.1567857  3.97957396 0.97230454 5.92094473 4.87685419]", "final_simplex": "(array([[1.61151469, 1.1567857 , 3.97957396, 0.97230454, 5.92094473,\n        4.87685419],\n       [1.6115151 , 1.15678976, 3.97956984, 0.9723036 , 5.92094082,\n        4.87685221],\n       [1.61151597, 1.15678197, 3.97957068, 0.97230062, 5.92094683,\n        4.8768546 ],\n       [1.6115153 , 1.15678924, 3.97957121, 0.97230437, 5.9209439 ,\n        4.87685588],\n       [1.61151507, 1.15678586, 3.97957304, 0.97230545, 5.92094011,\n        4.8768591 ],\n       [1.6115131 , 1.15679564, 3.97956755, 0.97231064, 5.92094173,\n        4.87685164],\n       [1.61152122, 1.15677834, 3.9795766 , 0.97230118, 5.92094515,\n        4.87685688]]), array([0.002555, 0.002555, 0.002555, 0.002555, 0.002555, 0.002555,\n       0.002555]))", "callback": [0.9755762096371223, 0.8355280425956357, 0.7543776807627052, 0.4815858036395858, 0.4098605957113852, 0.24756851856376028, 0.21926640277302178, 0.1087048345015027, 0.018737477474619957, 0.007094554501708705, 0.003821905223567068, 0.0031157337805758356, 0.002671180397897377, 0.0025892615419635945, 0.002560550754610147, 0.002555741750964735, 0.002555173433331559, 0.002555044468479206, 0.002555015269750438, 0.002555007823027422, 0.002555002018293173, 0.0025550000563603348, 0.0025549998367638826, 0.002554999663426316, 0.002554999628767818, 0.002554999616527942]}, "9": {"maxiter": 1000, "fatol": 1e-05, "xatol": 1e-10, "duration": 0.10728120803833008, "fun": "0.002554999614387099", "nit": "349", "nfev": "631", "status": "0", "success": "True", "message": "Optimization terminated successfully.", "x": "[1.61151738 1.15678342 3.97957368 0.9723017  5.92094322 4.87685652]", "final_simplex": "(array([[1.61151738, 1.15678342, 3.97957368, 0.9723017 , 5.92094322,\n        4.87685652],\n       [1.61151738, 1.15678342, 3.97957368, 0.9723017 , 5.92094322,\n        4.87685652],\n       [1.61151738, 1.15678342, 3.97957368, 0.9723017 , 5.92094322,\n        4.87685652],\n       [1.61151738, 1.15678342, 3.97957368, 0.9723017 , 5.92094322,\n        4.87685652],\n       [1.61151738, 1.15678342, 3.97957368, 0.9723017 , 5.92094322,\n        4.87685652],\n       [1.61151738, 1.15678342, 3.97957368, 0.9723017 , 5.92094322,\n        4.87685652],\n       [1.61151738, 1.15678342, 3.97957368, 0.9723017 , 5.92094322,\n        4.87685652]]), array([0.002555, 0.002555, 0.002555, 0.002555, 0.002555, 0.002555,\n       0.002555]))", "callback": [0.9755762096371223, 0.8355280425956357, 0.7543776807627052, 0.4815858036395858, 0.4098605957113852, 0.24756851856376028, 0.21926640277302178, 0.1087048345015027, 0.018737477474619957, 0.007094554501708705, 0.003821905223567068, 0.0031157337805758356, 0.002671180397897377, 0.0025892615419635945, 0.002560550754610147, 0.002555741750964735, 0.002555173433331559, 0.002555044468479206, 0.002555015269750438, 0.002555007823027422, 0.002555002018293173, 0.0025550000563603348, 0.0025549998367638826, 0.002554999663426316, 0.002554999628767818, 0.002554999616527942, 0.0025549996148632736, 0.0025549996144405007, 0.0025549996144106357, 0.0025549996143883202, 0.002554999614387543, 0.002554999614387099, 0.002554999614387099, 0.002554999614387099, 0.002554999614387099]}, "10": {"maxiter": 1000, "fatol": 1e-10, "xatol": 1e-05, "duration": 0.07211804389953613, "fun": "0.0025549996156691845", "nit": "255", "nfev": "413", "status": "0", "success": "True", "message": "Optimization terminated successfully.", "x": "[1.61151469 1.1567857  3.97957396 0.97230454 5.92094473 4.87685419]", "final_simplex": "(array([[1.61151469, 1.1567857 , 3.97957396, 0.97230454, 5.92094473,\n        4.87685419],\n       [1.6115151 , 1.15678976, 3.97956984, 0.9723036 , 5.92094082,\n        4.87685221],\n       [1.61151597, 1.15678197, 3.97957068, 0.97230062, 5.92094683,\n        4.8768546 ],\n       [1.6115153 , 1.15678924, 3.97957121, 0.97230437, 5.9209439 ,\n        4.87685588],\n       [1.61151507, 1.15678586, 3.97957304, 0.97230545, 5.92094011,\n        4.8768591 ],\n       [1.6115131 , 1.15679564, 3.97956755, 0.97231064, 5.92094173,\n        4.87685164],\n       [1.61152122, 1.15677834, 3.9795766 , 0.97230118, 5.92094515,\n        4.87685688]]), array([0.002555, 0.002555, 0.002555, 0.002555, 0.002555, 0.002555,\n       0.002555]))", "callback": [0.9755762096371223, 0.8355280425956357, 0.7543776807627052, 0.4815858036395858, 0.4098605957113852, 0.24756851856376028, 0.21926640277302178, 0.1087048345015027, 0.018737477474619957, 0.007094554501708705, 0.003821905223567068, 0.0031157337805758356, 0.002671180397897377, 0.0025892615419635945, 0.002560550754610147, 0.002555741750964735, 0.002555173433331559, 0.002555044468479206, 0.002555015269750438, 0.002555007823027422, 0.002555002018293173, 0.0025550000563603348, 0.0025549998367638826, 0.002554999663426316, 0.002554999628767818, 0.002554999616527942]}, "11": {"maxiter": 1000, "fatol": 1e-10, "xatol": 1e-10, "duration": 0.10847878456115723, "fun": "0.002554999614387099", "nit": "349", "nfev": "631", "status": "0", "success": "True", "message": "Optimization terminated successfully.", "x": "[1.61151738 1.15678342 3.97957368 0.9723017  5.92094322 4.87685652]", "final_simplex": "(array([[1.61151738, 1.15678342, 3.97957368, 0.9723017 , 5.92094322,\n        4.87685652],\n       [1.61151738, 1.15678342, 3.97957368, 0.9723017 , 5.92094322,\n        4.87685652],\n       [1.61151738, 1.15678342, 3.97957368, 0.9723017 , 5.92094322,\n        4.87685652],\n       [1.61151738, 1.15678342, 3.97957368, 0.9723017 , 5.92094322,\n        4.87685652],\n       [1.61151738, 1.15678342, 3.97957368, 0.9723017 , 5.92094322,\n        4.87685652],\n       [1.61151738, 1.15678342, 3.97957368, 0.9723017 , 5.92094322,\n        4.87685652],\n       [1.61151738, 1.15678342, 3.97957368, 0.9723017 , 5.92094322,\n        4.87685652]]), array([0.002555, 0.002555, 0.002555, 0.002555, 0.002555, 0.002555,\n       0.002555]))", "callback": [0.9755762096371223, 0.8355280425956357, 0.7543776807627052, 0.4815858036395858, 0.4098605957113852, 0.24756851856376028, 0.21926640277302178, 0.1087048345015027, 0.018737477474619957, 0.007094554501708705, 0.003821905223567068, 0.0031157337805758356, 0.002671180397897377, 0.0025892615419635945, 0.002560550754610147, 0.002555741750964735, 0.002555173433331559, 0.002555044468479206, 0.002555015269750438, 0.002555007823027422, 0.002555002018293173, 0.0025550000563603348, 0.0025549998367638826, 0.002554999663426316, 0.002554999628767818, 0.002554999616527942, 0.0025549996148632736, 0.0025549996144405007, 0.0025549996144106357, 0.0025549996143883202, 0.002554999614387543, 0.002554999614387099, 0.002554999614387099, 0.002554999614387099, 0.002554999614387099]}}, "bfgs": {"type": "gradient", "0": {"maxiter": 100, "gtol": 1e-05, "xrtol": 1e-05, "eps": 1e-05, "duration": 0.03620195388793945, "fun": "0.002554999658242574", "jac": "[ 1.72255543e-06 -1.16637811e-06  1.26210153e-06 -1.42875711e-06\n  1.70573555e-06  1.83164595e-07]", "hess_inv": "[[ 3.24831045  0.04653091  0.11283214  1.98010829  0.06192394 -0.16962602]\n [ 0.04653091  2.94997941  0.52792587 -0.31496753 -0.24204278  0.96515416]\n [ 0.11283214  0.52792587  2.78228211  0.34624819 -1.63081662  0.3958665 ]\n [ 1.98010829 -0.31496753  0.34624819  3.18429359 -0.29936858 -0.39094261]\n [ 0.06192394 -0.24204278 -1.63081662 -0.29936858  2.30995065 -0.3504928 ]\n [-0.16962602  0.96515416  0.3958665  -0.39094261 -0.3504928   1.86176727]]", "nfev": "203", "njev": "29", "status": "0", "success": "True", "message": "Optimization terminated successfully.", "x": "[ 1.6171844   2.75726357  3.12304199 -1.84776864  1.84409898  6.79582756]", "nit": "18", "callback": [0.5671461126330302, 0.5104938824170445, 0.4353486226555653, 0.31977430969533727, 0.28599954875869715, 0.2678999742499075, 0.13828992560744757, 0.10563112778795569, 0.05943263916016661, 0.030570630213034855, 0.007700444340343671, 0.004243507063455443, 0.0033291231739938087, 0.002667589906249157, 0.0025633037017104288, 0.0025551143234586737, 0.0025550015026956086, 0.002554999658242574]}, "1": {"maxiter": 100, "gtol": 1e-05, "xrtol": 1e-05, "eps": 1e-10, "duration": 0.036128997802734375, "fun": "0.0025549998681384523", "jac": "[ 3.33066880e-06 -1.11022293e-06 -1.11022293e-06  7.77156053e-06\n  6.66133760e-06 -3.33066880e-06]", "hess_inv": "[[ 3.03670433  0.024018    0.21075121  1.70163861 -0.07367603 -0.10604741]\n [ 0.024018    2.98496744  0.5560395  -0.33824663 -0.26073388  0.99215745]\n [ 0.21075121  0.5560395   2.71382862  0.37882758 -1.49742425  0.34554982]\n [ 1.70163861 -0.33824663  0.37882758  2.98207487 -0.37707218 -0.374102  ]\n [-0.07367603 -0.26073388 -1.49742425 -0.37707218  2.082586   -0.24530101]\n [-0.10604741  0.99215745  0.34554982 -0.374102   -0.24530101  1.82337956]]", "nfev": "203", "njev": "29", "status": "0", "success": "True", "message": "Optimization terminated successfully.", "x": "[ 1.61705852  2.7569087   3.12320006 -1.84769319  1.84444365  6.79620229]", "nit": "18", "callback": [0.5671324656125442, 0.5104946733064422, 0.4356552302476109, 0.3202216710139859, 0.28622782515789136, 0.2679895500099616, 0.14097223278504534, 0.10672002249524959, 0.058743396280125704, 0.030069376824571004, 0.007412420039275225, 0.004219089882771088, 0.0032358824456638624, 0.0026263266190541534, 0.002560689405597838, 0.0025554820350828233, 0.0025551503566054734, 0.0025549998681384523]}, "2": {"maxiter": 100, "gtol": 1e-05, "xrtol": 1e-10, "eps": 1e-05, "duration": 0.036180973052978516, "fun": "0.002554999658242574", "jac": "[ 1.72255543e-06 -1.16637811e-06  1.26210153e-06 -1.42875711e-06\n  1.70573555e-06  1.83164595e-07]", "hess_inv": "[[ 3.24831045  0.04653091  0.11283214  1.98010829  0.06192394 -0.16962602]\n [ 0.04653091  2.94997941  0.52792587 -0.31496753 -0.24204278  0.96515416]\n [ 0.11283214  0.52792587  2.78228211  0.34624819 -1.63081662  0.3958665 ]\n [ 1.98010829 -0.31496753  0.34624819  3.18429359 -0.29936858 -0.39094261]\n [ 0.06192394 -0.24204278 -1.63081662 -0.29936858  2.30995065 -0.3504928 ]\n [-0.16962602  0.96515416  0.3958665  -0.39094261 -0.3504928   1.86176727]]", "nfev": "203", "njev": "29", "status": "0", "success": "True", "message": "Optimization terminated successfully.", "x": "[ 1.6171844   2.75726357  3.12304199 -1.84776864  1.84409898  6.79582756]", "nit": "18", "callback": [0.5671461126330302, 0.5104938824170445, 0.4353486226555653, 0.31977430969533727, 0.28599954875869715, 0.2678999742499075, 0.13828992560744757, 0.10563112778795569, 0.05943263916016661, 0.030570630213034855, 0.007700444340343671, 0.004243507063455443, 0.0033291231739938087, 0.002667589906249157, 0.0025633037017104288, 0.0025551143234586737, 0.0025550015026956086, 0.002554999658242574]}, "3": {"maxiter": 100, "gtol": 1e-05, "xrtol": 1e-10, "eps": 1e-10, "duration": 0.037570953369140625, "fun": "0.0025549998681384523", "jac": "[ 3.33066880e-06 -1.11022293e-06 -1.11022293e-06  7.77156053e-06\n  6.66133760e-06 -3.33066880e-06]", "hess_inv": "[[ 3.03670433  0.024018    0.21075121  1.70163861 -0.07367603 -0.10604741]\n [ 0.024018    2.98496744  0.5560395  -0.33824663 -0.26073388  0.99215745]\n [ 0.21075121  0.5560395   2.71382862  0.37882758 -1.49742425  0.34554982]\n [ 1.70163861 -0.33824663  0.37882758  2.98207487 -0.37707218 -0.374102  ]\n [-0.07367603 -0.26073388 -1.49742425 -0.37707218  2.082586   -0.24530101]\n [-0.10604741  0.99215745  0.34554982 -0.374102   -0.24530101  1.82337956]]", "nfev": "203", "njev": "29", "status": "0", "success": "True", "message": "Optimization terminated successfully.", "x": "[ 1.61705852  2.7569087   3.12320006 -1.84769319  1.84444365  6.79620229]", "nit": "18", "callback": [0.5671324656125442, 0.5104946733064422, 0.4356552302476109, 0.3202216710139859, 0.28622782515789136, 0.2679895500099616, 0.14097223278504534, 0.10672002249524959, 0.058743396280125704, 0.030069376824571004, 0.007412420039275225, 0.004219089882771088, 0.0032358824456638624, 0.0026263266190541534, 0.002560689405597838, 0.0025554820350828233, 0.0025551503566054734, 0.0025549998681384523]}, "4": {"maxiter": 100, "gtol": 1e-10, "xrtol": 1e-05, "eps": 1e-05, "duration": 0.03732609748840332, "fun": "0.0025549996557479027", "jac": "[-1.96165306e-07 -6.08690875e-07  5.97988326e-07  1.49558144e-07\n  8.21698265e-07  8.05333578e-07]", "hess_inv": "[[ 3.31301014e+00  2.43906096e-03  1.08041529e-01  1.96772900e+00\n   1.19697654e-01 -1.84797012e-01]\n [ 2.43906096e-03  2.92861969e+00  5.42128828e-01 -3.44337217e-01\n  -2.79401312e-01  9.82946117e-01]\n [ 1.08041529e-01  5.42128828e-01  2.78030945e+00  3.55208950e-01\n  -1.63552280e+00  3.95403979e-01]\n [ 1.96772900e+00 -3.44337217e-01  3.55208950e-01  3.15885905e+00\n  -3.08942034e-01 -3.82558699e-01]\n [ 1.19697654e-01 -2.79401312e-01 -1.63552280e+00 -3.08942034e-01\n   2.36146094e+00 -3.64331663e-01]\n [-1.84797012e-01  9.82946117e-01  3.95403979e-01 -3.82558699e-01\n  -3.64331663e-01  1.86424404e+00]]", "nfev": "210", "njev": "30", "status": "0", "success": "True", "message": "Optimization terminated successfully.", "x": "[ 1.6171812   2.7572661   3.12304215 -1.84776777  1.84409611  6.79582826]", "nit": "19", "callback": [0.5671461126330302, 0.5104938824170445, 0.4353486226555653, 0.31977430969533727, 0.28599954875869715, 0.2678999742499075, 0.13828992560744757, 0.10563112778795569, 0.05943263916016661, 0.030570630213034855, 0.007700444340343671, 0.004243507063455443, 0.0033291231739938087, 0.002667589906249157, 0.0025633037017104288, 0.0025551143234586737, 0.0025550015026956086, 0.002554999658242574, 0.0025549996557479027]}, "5": {"maxiter": 100, "gtol": 1e-10, "xrtol": 1e-05, "eps": 1e-10, "duration": 0.037344932556152344, "fun": "0.002554999638530009", "jac": "[ 0.00000000e+00  3.33066880e-06  0.00000000e+00 -1.11022293e-06\n -1.11022293e-06 -1.11022293e-06]", "hess_inv": "[[ 3.12366972 -0.02706629  0.18285677  1.78077078 -0.0500313  -0.13625347]\n [-0.02706629  3.01331399  0.57561383 -0.39038863 -0.28076715  1.01371269]\n [ 0.18285677  0.57561383  2.71665309  0.36431123 -1.4932114   0.34791948]\n [ 1.78077078 -0.39038863  0.36431123  3.0347972  -0.37649229 -0.38859884]\n [-0.0500313  -0.28076715 -1.4932114  -0.37649229  2.06628497 -0.23941176]\n [-0.13625347  1.01371269  0.34791948 -0.38859884 -0.23941176  1.82512213]]", "nfev": "210", "njev": "30", "status": "0", "success": "True", "message": "Optimization terminated successfully.", "x": "[ 1.61703433  2.75692106  3.12321138 -1.84772152  1.84443021  6.79621495]", "nit": "19", "callback": [0.5671324656125442, 0.5104946733064422, 0.4356552302476109, 0.3202216710139859, 0.28622782515789136, 0.2679895500099616, 0.14097223278504534, 0.10672002249524959, 0.058743396280125704, 0.030069376824571004, 0.007412420039275225, 0.004219089882771088, 0.0032358824456638624, 0.0026263266190541534, 0.002560689405597838, 0.0025554820350828233, 0.0025551503566054734, 0.0025549998681384523, 0.002554999638530009]}, "6": {"maxiter": 100, "gtol": 1e-10, "xrtol": 1e-10, "eps": 1e-05, "duration": 0.07158088684082031, "fun": "0.0025549996557479027", "jac": "[-1.96165306e-07 -6.08690875e-07  5.97988326e-07  1.49558144e-07\n  8.21698265e-07  8.05333578e-07]", "hess_inv": "[[ 3.10104327 -0.16080436  0.20606863  1.98557569  0.22177586  0.06346441]\n [-0.16080436  3.31978354  0.48131143 -0.26836464 -0.6571838   0.85880072]\n [ 0.20606863  0.48131143  2.7709233   0.33054478 -1.56237018  0.36375302]\n [ 1.98557569 -0.26836464  0.33054478  3.16484816 -0.37248267 -0.44142544]\n [ 0.22177586 -0.6571838  -1.56237018 -0.37248267  2.71529054 -0.20544978]\n [ 0.06346441  0.85880072  0.36375302 -0.44142544 -0.20544978  1.76585656]]", "nfev": "416", "njev": "58", "status": "2", "success": "False", "message": "Desired error not necessarily achieved due to precision loss.", "x": "[ 1.6171812   2.7572661   3.12304215 -1.84776777  1.84409611  6.79582826]", "nit": "19", "callback": [0.5671461126330302, 0.5104938824170445, 0.4353486226555653, 0.31977430969533727, 0.28599954875869715, 0.2678999742499075, 0.13828992560744757, 0.10563112778795569, 0.05943263916016661, 0.030570630213034855, 0.007700444340343671, 0.004243507063455443, 0.0033291231739938087, 0.002667589906249157, 0.0025633037017104288, 0.0025551143234586737, 0.0025550015026956086, 0.002554999658242574, 0.0025549996557479027]}, "7": {"maxiter": 100, "gtol": 1e-10, "xrtol": 1e-10, "eps": 1e-10, "duration": 0.05710005760192871, "fun": "0.002554999617109921", "jac": "[5.55111466e-06 3.33066880e-06 2.22044587e-06 1.11022293e-06\n 2.22044587e-06 2.22044587e-06]", "hess_inv": "[[ 0.31601806 -0.00783584 -0.20647451  0.06901166 -0.29024576  0.03237786]\n [-0.00783584  1.76032423 -1.06077855  0.12879897  0.18301884 -0.53814613]\n [-0.20647451 -1.06077855  2.0925298  -0.50531089 -0.90905235  0.15661634]\n [ 0.06901166  0.12879897 -0.50531089  1.08803711  0.28084963  0.20366827]\n [-0.29024576  0.18301884 -0.90905235  0.28084963  1.31262319 -0.38477407]\n [ 0.03237786 -0.53814613  0.15661634  0.20366827 -0.38477407  1.04158976]]", "nfev": "315", "njev": "45", "status": "0", "success": "True", "message": "Optimization terminated successfully.", "x": "[ 1.61702919  2.75690671  3.1232103  -1.84772224  1.84443176  6.79621541]", "nit": "24", "callback": [0.5671324656125442, 0.5104946733064422, 0.4356552302476109, 0.3202216710139859, 0.28622782515789136, 0.2679895500099616, 0.14097223278504534, 0.10672002249524959, 0.058743396280125704, 0.030069376824571004, 0.007412420039275225, 0.004219089882771088, 0.0032358824456638624, 0.0026263266190541534, 0.002560689405597838, 0.0025554820350828233, 0.0025551503566054734, 0.0025549998681384523, 0.002554999638530009, 0.002554999626583565, 0.002554999621724674, 0.0025549996185917356, 0.002554999617109921, 0.002554999617109921]}, "8": {"maxiter": 500, "gtol": 1e-05, "xrtol": 1e-05, "eps": 1e-05, "duration": 0.035843849182128906, "fun": "0.002554999658242574", "jac": "[ 1.72255543e-06 -1.16637811e-06  1.26210153e-06 -1.42875711e-06\n  1.70573555e-06  1.83164595e-07]", "hess_inv": "[[ 3.24831045  0.04653091  0.11283214  1.98010829  0.06192394 -0.16962602]\n [ 0.04653091  2.94997941  0.52792587 -0.31496753 -0.24204278  0.96515416]\n [ 0.11283214  0.52792587  2.78228211  0.34624819 -1.63081662  0.3958665 ]\n [ 1.98010829 -0.31496753  0.34624819  3.18429359 -0.29936858 -0.39094261]\n [ 0.06192394 -0.24204278 -1.63081662 -0.29936858  2.30995065 -0.3504928 ]\n [-0.16962602  0.96515416  0.3958665  -0.39094261 -0.3504928   1.86176727]]", "nfev": "203", "njev": "29", "status": "0", "success": "True", "message": "Optimization terminated successfully.", "x": "[ 1.6171844   2.75726357  3.12304199 -1.84776864  1.84409898  6.79582756]", "nit": "18", "callback": [0.5671461126330302, 0.5104938824170445, 0.4353486226555653, 0.31977430969533727, 0.28599954875869715, 0.2678999742499075, 0.13828992560744757, 0.10563112778795569, 0.05943263916016661, 0.030570630213034855, 0.007700444340343671, 0.004243507063455443, 0.0033291231739938087, 0.002667589906249157, 0.0025633037017104288, 0.0025551143234586737, 0.0025550015026956086, 0.002554999658242574]}, "9": {"maxiter": 500, "gtol": 1e-05, "xrtol": 1e-05, "eps": 1e-10, "duration": 0.036908864974975586, "fun": "0.0025549998681384523", "jac": "[ 3.33066880e-06 -1.11022293e-06 -1.11022293e-06  7.77156053e-06\n  6.66133760e-06 -3.33066880e-06]", "hess_inv": "[[ 3.03670433  0.024018    0.21075121  1.70163861 -0.07367603 -0.10604741]\n [ 0.024018    2.98496744  0.5560395  -0.33824663 -0.26073388  0.99215745]\n [ 0.21075121  0.5560395   2.71382862  0.37882758 -1.49742425  0.34554982]\n [ 1.70163861 -0.33824663  0.37882758  2.98207487 -0.37707218 -0.374102  ]\n [-0.07367603 -0.26073388 -1.49742425 -0.37707218  2.082586   -0.24530101]\n [-0.10604741  0.99215745  0.34554982 -0.374102   -0.24530101  1.82337956]]", "nfev": "203", "njev": "29", "status": "0", "success": "True", "message": "Optimization terminated successfully.", "x": "[ 1.61705852  2.7569087   3.12320006 -1.84769319  1.84444365  6.79620229]", "nit": "18", "callback": [0.5671324656125442, 0.5104946733064422, 0.4356552302476109, 0.3202216710139859, 0.28622782515789136, 0.2679895500099616, 0.14097223278504534, 0.10672002249524959, 0.058743396280125704, 0.030069376824571004, 0.007412420039275225, 0.004219089882771088, 0.0032358824456638624, 0.0026263266190541534, 0.002560689405597838, 0.0025554820350828233, 0.0025551503566054734, 0.0025549998681384523]}, "10": {"maxiter": 500, "gtol": 1e-05, "xrtol": 1e-10, "eps": 1e-05, "duration": 0.03792095184326172, "fun": "0.002554999658242574", "jac": "[ 1.72255543e-06 -1.16637811e-06  1.26210153e-06 -1.42875711e-06\n  1.70573555e-06  1.83164595e-07]", "hess_inv": "[[ 3.24831045  0.04653091  0.11283214  1.98010829  0.06192394 -0.16962602]\n [ 0.04653091  2.94997941  0.52792587 -0.31496753 -0.24204278  0.96515416]\n [ 0.11283214  0.52792587  2.78228211  0.34624819 -1.63081662  0.3958665 ]\n [ 1.98010829 -0.31496753  0.34624819  3.18429359 -0.29936858 -0.39094261]\n [ 0.06192394 -0.24204278 -1.63081662 -0.29936858  2.30995065 -0.3504928 ]\n [-0.16962602  0.96515416  0.3958665  -0.39094261 -0.3504928   1.86176727]]", "nfev": "203", "njev": "29", "status": "0", "success": "True", "message": "Optimization terminated successfully.", "x": "[ 1.6171844   2.75726357  3.12304199 -1.84776864  1.84409898  6.79582756]", "nit": "18", "callback": [0.5671461126330302, 0.5104938824170445, 0.4353486226555653, 0.31977430969533727, 0.28599954875869715, 0.2678999742499075, 0.13828992560744757, 0.10563112778795569, 0.05943263916016661, 0.030570630213034855, 0.007700444340343671, 0.004243507063455443, 0.0033291231739938087, 0.002667589906249157, 0.0025633037017104288, 0.0025551143234586737, 0.0025550015026956086, 0.002554999658242574]}, "11": {"maxiter": 500, "gtol": 1e-05, "xrtol": 1e-10, "eps": 1e-10, "duration": 0.036408185958862305, "fun": "0.0025549998681384523", "jac": "[ 3.33066880e-06 -1.11022293e-06 -1.11022293e-06  7.77156053e-06\n  6.66133760e-06 -3.33066880e-06]", "hess_inv": "[[ 3.03670433  0.024018    0.21075121  1.70163861 -0.07367603 -0.10604741]\n [ 0.024018    2.98496744  0.5560395  -0.33824663 -0.26073388  0.99215745]\n [ 0.21075121  0.5560395   2.71382862  0.37882758 -1.49742425  0.34554982]\n [ 1.70163861 -0.33824663  0.37882758  2.98207487 -0.37707218 -0.374102  ]\n [-0.07367603 -0.26073388 -1.49742425 -0.37707218  2.082586   -0.24530101]\n [-0.10604741  0.99215745  0.34554982 -0.374102   -0.24530101  1.82337956]]", "nfev": "203", "njev": "29", "status": "0", "success": "True", "message": "Optimization terminated successfully.", "x": "[ 1.61705852  2.7569087   3.12320006 -1.84769319  1.84444365  6.79620229]", "nit": "18", "callback": [0.5671324656125442, 0.5104946733064422, 0.4356552302476109, 0.3202216710139859, 0.28622782515789136, 0.2679895500099616, 0.14097223278504534, 0.10672002249524959, 0.058743396280125704, 0.030069376824571004, 0.007412420039275225, 0.004219089882771088, 0.0032358824456638624, 0.0026263266190541534, 0.002560689405597838, 0.0025554820350828233, 0.0025551503566054734, 0.0025549998681384523]}, "12": {"maxiter": 500, "gtol": 1e-10, "xrtol": 1e-05, "eps": 1e-05, "duration": 0.037835121154785156, "fun": "0.0025549996557479027", "jac": "[-1.96165306e-07 -6.08690875e-07  5.97988326e-07  1.49558144e-07\n  8.21698265e-07  8.05333578e-07]", "hess_inv": "[[ 3.31301014e+00  2.43906096e-03  1.08041529e-01  1.96772900e+00\n   1.19697654e-01 -1.84797012e-01]\n [ 2.43906096e-03  2.92861969e+00  5.42128828e-01 -3.44337217e-01\n  -2.79401312e-01  9.82946117e-01]\n [ 1.08041529e-01  5.42128828e-01  2.78030945e+00  3.55208950e-01\n  -1.63552280e+00  3.95403979e-01]\n [ 1.96772900e+00 -3.44337217e-01  3.55208950e-01  3.15885905e+00\n  -3.08942034e-01 -3.82558699e-01]\n [ 1.19697654e-01 -2.79401312e-01 -1.63552280e+00 -3.08942034e-01\n   2.36146094e+00 -3.64331663e-01]\n [-1.84797012e-01  9.82946117e-01  3.95403979e-01 -3.82558699e-01\n  -3.64331663e-01  1.86424404e+00]]", "nfev": "210", "njev": "30", "status": "0", "success": "True", "message": "Optimization terminated successfully.", "x": "[ 1.6171812   2.7572661   3.12304215 -1.84776777  1.84409611  6.79582826]", "nit": "19", "callback": [0.5671461126330302, 0.5104938824170445, 0.4353486226555653, 0.31977430969533727, 0.28599954875869715, 0.2678999742499075, 0.13828992560744757, 0.10563112778795569, 0.05943263916016661, 0.030570630213034855, 0.007700444340343671, 0.004243507063455443, 0.0033291231739938087, 0.002667589906249157, 0.0025633037017104288, 0.0025551143234586737, 0.0025550015026956086, 0.002554999658242574, 0.0025549996557479027]}, "13": {"maxiter": 500, "gtol": 1e-10, "xrtol": 1e-05, "eps": 1e-10, "duration": 0.03770613670349121, "fun": "0.002554999638530009", "jac": "[ 0.00000000e+00  3.33066880e-06  0.00000000e+00 -1.11022293e-06\n -1.11022293e-06 -1.11022293e-06]", "hess_inv": "[[ 3.12366972 -0.02706629  0.18285677  1.78077078 -0.0500313  -0.13625347]\n [-0.02706629  3.01331399  0.57561383 -0.39038863 -0.28076715  1.01371269]\n [ 0.18285677  0.57561383  2.71665309  0.36431123 -1.4932114   0.34791948]\n [ 1.78077078 -0.39038863  0.36431123  3.0347972  -0.37649229 -0.38859884]\n [-0.0500313  -0.28076715 -1.4932114  -0.37649229  2.06628497 -0.23941176]\n [-0.13625347  1.01371269  0.34791948 -0.38859884 -0.23941176  1.82512213]]", "nfev": "210", "njev": "30", "status": "0", "success": "True", "message": "Optimization terminated successfully.", "x": "[ 1.61703433  2.75692106  3.12321138 -1.84772152  1.84443021  6.79621495]", "nit": "19", "callback": [0.5671324656125442, 0.5104946733064422, 0.4356552302476109, 0.3202216710139859, 0.28622782515789136, 0.2679895500099616, 0.14097223278504534, 0.10672002249524959, 0.058743396280125704, 0.030069376824571004, 0.007412420039275225, 0.004219089882771088, 0.0032358824456638624, 0.0026263266190541534, 0.002560689405597838, 0.0025554820350828233, 0.0025551503566054734, 0.0025549998681384523, 0.002554999638530009]}, "14": {"maxiter": 500, "gtol": 1e-10, "xrtol": 1e-10, "eps": 1e-05, "duration": 0.07432389259338379, "fun": "0.0025549996557479027", "jac": "[-1.96165306e-07 -6.08690875e-07  5.97988326e-07  1.49558144e-07\n  8.21698265e-07  8.05333578e-07]", "hess_inv": "[[ 3.10104327 -0.16080436  0.20606863  1.98557569  0.22177586  0.06346441]\n [-0.16080436  3.31978354  0.48131143 -0.26836464 -0.6571838   0.85880072]\n [ 0.20606863  0.48131143  2.7709233   0.33054478 -1.56237018  0.36375302]\n [ 1.98557569 -0.26836464  0.33054478  3.16484816 -0.37248267 -0.44142544]\n [ 0.22177586 -0.6571838  -1.56237018 -0.37248267  2.71529054 -0.20544978]\n [ 0.06346441  0.85880072  0.36375302 -0