{"date": "2024/09/25/, 17:33:35", "conf_id": 281, "data_type": "var_s_rank\n", "num_data_points": 3, "s_rank": 0, "unitary": "[[-0.56303964-0.00798273j,-0.21670212-0.15784972j,-0.06047197-0.73952673j,-0.01438004+0.24552571j],[-0.06976756+0.23474685j,-0.01275565-0.5435098j,-0.02703657-0.08917885j,-0.08210486-0.79311774j],[-0.38559961+0.10714929j,0.5933431-0.2687392j,-0.24060861+0.29149289j,-0.45147719+0.26241743j],[-0.50180421+0.45931857j,-0.11617175+0.44134496j,0.49642745+0.22684508j,-0.08544628-0.15407063j]]", "databatch_0": {"databatch": "[[[0.04177637+0.2226303j,-0.02258898-0.06375657j,0.09992029-0.20659581j,-0.21016463-0.05800124j],[-0.03506025-0.11134633j,0.01547711+0.03123412j,-0.03842786+0.11185153j,0.11110097+0.0167596j],[0.22388803+0.27214974j,-0.07860027-0.06997057j,-0.01871219-0.35654482j,-0.3299763+0.07852979j],[-0.03013304-0.37241684j,0.02605931+0.10848483j,-0.19954609+0.32167388j,0.33475837+0.13139599j]],[[0.29955391-0.223758j,0.15794972-0.22947301j,0.0569859+0.30286922j,0.0410603+0.38453227j],[-0.12649458+0.24933045j,-0.02970791+0.20617786j,-0.13867462-0.18404884j,-0.15509735-0.24405604j],[0.17033242-0.09108853j,0.09844808-0.10497461j,0.00564983+0.15910952j,-0.00880915+0.19958702j],[0.2140743-0.03919212j,0.14171553-0.07879942j,-0.04862579+0.17266578j,-0.07805286+0.21112822j]],[[-0.03362686+0.23267001j,0.12951123-0.14195056j,0.15740659+0.13373983j,-0.48153617-0.08708036j],[0.10763923+0.07958596j,-0.03628884-0.10322551j,0.10951289-0.04290147j,-0.17348256+0.21805768j],[0.01685362+0.14635748j,0.05575924-0.10673171j,0.11677327+0.05584835j,-0.30570074+0.02428556j],[-0.17830241+0.14479098j,0.18704645-0.01612061j,0.02441726+0.20032328j,-0.28807552-0.38157231j]]]", "initial param values": "[3.49673521,1.74768136,5.9761236,0.22244512,4.57487092,3.8976755]", "nelder_mead": {"type": "gradient-free", "0": {"maxiter": 100, "fatol": 1e-05, "xatol": 1e-05, "duration": 0.03960013389587402, "fun": "0.4660776741068978", "nit": "100", "nfev": "160", "status": "2", "success": "False", "message": "Maximum number of iterations has been exceeded.", "x": "[5.3531813  1.80066224 6.5696078  0.12173917 6.05470484 3.74517029]", "final_simplex": "(array([[5.3531813 , 1.80066224, 6.5696078 , 0.12173917, 6.05470484,\n        3.74517029],\n       [5.35145218, 1.81748499, 6.57053378, 0.11886315, 6.03617384,\n        3.73737076],\n       [5.35678191, 1.82980187, 6.55167337, 0.11842097, 6.04066901,\n        3.74027411],\n       [5.34243546, 1.82218177, 6.54945019, 0.12157554, 6.02127522,\n        3.74342376],\n       [5.34420884, 1.84314975, 6.53448615, 0.12057976, 6.00241692,\n        3.76322799],\n       [5.35994888, 1.83529821, 6.54406563, 0.11833529, 6.04674923,\n        3.73013126],\n       [5.36601504, 1.82156568, 6.54885326, 0.1178793 , 6.0556758 ,\n        3.70917089]]), array([0.46607767, 0.46609839, 0.46610076, 0.46610609, 0.46611003,\n       0.46614068, 0.46614469]))", "callback": [0.8020336823305538, 0.6893035047441356, 0.5269668118155992, 0.49094871702111587, 0.4724776656925328, 0.4724776656925328, 0.46937001638991394, 0.46693217757269556, 0.46622184206833905, 0.46614808075844905]}, "1": {"maxiter": 100, "fatol": 1e-05, "xatol": 1e-10, "duration": 0.03878307342529297, "fun": "0.4660776741068978", "nit": "100", "nfev": "160", "status": "2", "success": "False", "message": "Maximum number of iterations has been exceeded.", "x": "[5.3531813  1.80066224 6.5696078  0.12173917 6.05470484 3.74517029]", "final_simplex": "(array([[5.3531813 , 1.80066224, 6.5696078 , 0.12173917, 6.05470484,\n        3.74517029],\n       [5.35145218, 1.81748499, 6.57053378, 0.11886315, 6.03617384,\n        3.73737076],\n       [5.35678191, 1.82980187, 6.55167337, 0.11842097, 6.04066901,\n        3.74027411],\n       [5.34243546, 1.82218177, 6.54945019, 0.12157554, 6.02127522,\n        3.74342376],\n       [5.34420884, 1.84314975, 6.53448615, 0.12057976, 6.00241692,\n        3.76322799],\n       [5.35994888, 1.83529821, 6.54406563, 0.11833529, 6.04674923,\n        3.73013126],\n       [5.36601504, 1.82156568, 6.54885326, 0.1178793 , 6.0556758 ,\n        3.70917089]]), array([0.46607767, 0.46609839, 0.46610076, 0.46610609, 0.46611003,\n       0.46614068, 0.46614469]))", "callback": [0.8020336823305538, 0.6893035047441356, 0.5269668118155992, 0.49094871702111587, 0.4724776656925328, 0.4724776656925328, 0.46937001638991394, 0.46693217757269556, 0.46622184206833905, 0.46614808075844905]}, "2": {"maxiter": 100, "fatol": 1e-10, "xatol": 1e-05, "duration": 0.038622140884399414, "fun": "0.4660776741068978", "nit": "100", "nfev": "160", "status": "2", "success": "False", "message": "Maximum number of iterations has been exceeded.", "x": "[5.3531813  1.80066224 6.5696078  0.12173917 6.05470484 3.74517029]", "final_simplex": "(array([[5.3531813 , 1.80066224, 6.5696078 , 0.12173917, 6.05470484,\n        3.74517029],\n       [5.35145218, 1.81748499, 6.57053378, 0.11886315, 6.03617384,\n        3.73737076],\n       [5.35678191, 1.82980187, 6.55167337, 0.11842097, 6.04066901,\n        3.74027411],\n       [5.34243546, 1.82218177, 6.54945019, 0.12157554, 6.02127522,\n        3.74342376],\n       [5.34420884, 1.84314975, 6.53448615, 0.12057976, 6.00241692,\n        3.76322799],\n       [5.35994888, 1.83529821, 6.54406563, 0.11833529, 6.04674923,\n        3.73013126],\n       [5.36601504, 1.82156568, 6.54885326, 0.1178793 , 6.0556758 ,\n        3.70917089]]), array([0.46607767, 0.46609839, 0.46610076, 0.46610609, 0.46611003,\n       0.46614068, 0.46614469]))", "callback": [0.8020336823305538, 0.6893035047441356, 0.5269668118155992, 0.49094871702111587, 0.4724776656925328, 0.4724776656925328, 0.46937001638991394, 0.46693217757269556, 0.46622184206833905, 0.46614808075844905]}, "3": {"maxiter": 100, "fatol": 1e-10, "xatol": 1e-10, "duration": 0.037528276443481445, "fun": "0.4660776741068978", "nit": "100", "nfev": "160", "status": "2", "success": "False", "message": "Maximum number of iterations has been exceeded.", "x": "[5.3531813  1.80066224 6.5696078  0.12173917 6.05470484 3.74517029]", "final_simplex": "(array([[5.3531813 , 1.80066224, 6.5696078 , 0.12173917, 6.05470484,\n        3.74517029],\n       [5.35145218, 1.81748499, 6.57053378, 0.11886315, 6.03617384,\n        3.73737076],\n       [5.35678191, 1.82980187, 6.55167337, 0.11842097, 6.04066901,\n        3.74027411],\n       [5.34243546, 1.82218177, 6.54945019, 0.12157554, 6.02127522,\n        3.74342376],\n       [5.34420884, 1.84314975, 6.53448615, 0.12057976, 6.00241692,\n        3.76322799],\n       [5.35994888, 1.83529821, 6.54406563, 0.11833529, 6.04674923,\n        3.73013126],\n       [5.36601504, 1.82156568, 6.54885326, 0.1178793 , 6.0556758 ,\n        3.70917089]]), array([0.46607767, 0.46609839, 0.46610076, 0.46610609, 0.46611003,\n       0.46614068, 0.46614469]))", "callback": [0.8020336823305538, 0.6893035047441356, 0.5269668118155992, 0.49094871702111587, 0.4724776656925328, 0.4724776656925328, 0.46937001638991394, 0.46693217757269556, 0.46622184206833905, 0.46614808075844905]}, "4": {"maxiter": 500, "fatol": 1e-05, "xatol": 1e-05, "duration": 0.1793668270111084, "fun": "0.3668338924041994", "nit": "500", "nfev": "751", "status": "2", "success": "False", "message": "Maximum number of iterations has been exceeded.", "x": "[3.96695599 0.06740387 6.70086143 0.68804751 3.05718955 8.28394484]", "final_simplex": "(array([[3.96695599, 0.06740387, 6.70086143, 0.68804751, 3.05718955,\n        8.28394484],\n       [3.9546258 , 0.07574664, 6.70328624, 0.69286709, 3.0653906 ,\n        8.26129771],\n       [3.9561608 , 0.04021523, 6.67860878, 0.70982213, 3.0606274 ,\n        8.29413872],\n       [3.95600509, 0.01998024, 6.67228808, 0.71529831, 3.0694282 ,\n        8.29370161],\n       [3.95648034, 0.04797937, 6.68458394, 0.68688969, 3.0771416 ,\n        8.29864901],\n       [3.96238877, 0.04233664, 6.68077287, 0.6986927 , 3.09266558,\n        8.24803895],\n       [3.95940922, 0.05206091, 6.69398525, 0.68365894, 3.05491792,\n        8.29454544]]), array([0.36683389, 0.3668697 , 0.36690359, 0.36697186, 0.36700456,\n       0.36704859, 0.36707541]))", "callback": [0.8020336823305538, 0.6893035047441356, 0.5269668118155992, 0.49094871702111587, 0.4724776656925328, 0.4724776656925328, 0.46937001638991394, 0.46693217757269556, 0.46622184206833905, 0.46614808075844905, 0.4660474089176282, 0.46603018136606933, 0.465996832586959, 0.46597968433397596, 0.465952808359717, 0.4658938675532821, 0.4657395085698741, 0.4655262839069114, 0.46448224230332713, 0.4577501301160939, 0.4577501301160939, 0.4569844994264688, 0.4553338618187497, 0.4538048705045059, 0.45125775394346357, 0.4422150731988196, 0.4316746512166342, 0.41178132141466406, 0.3948274473012455, 0.38955081650918655, 0.3833582165900463, 0.3817510895044829, 0.37894796946678977, 0.3762225629267798, 0.3704480627060729, 0.36836284914981665, 0.36786213327770234, 0.3676255479874323, 0.367583286118106, 0.3675563049492364, 0.3675519121003443, 0.3675508839623848, 0.3675506794228435, 0.36754993628078914, 0.36754645210198256, 0.36753270856240317, 0.3674861427190478, 0.3673887414667796, 0.36725354913748864, 0.3671184099586525]}, "5": {"maxiter": 500, "fatol": 1e-05, "xatol": 1e-10, "duration": 0.17168688774108887, "fun": "0.3668338924041994", "nit": "500", "nfev": "751", "status": "2", "success": "False", "message": "Maximum number of iterations has been exceeded.", "x": "[3.96695599 0.06740387 6.70086143 0.68804751 3.05718955 8.28394484]", "final_simplex": "(array([[3.96695599, 0.06740387, 6.70086143, 0.68804751, 3.05718955,\n        8.28394484],\n       [3.9546258 , 0.07574664, 6.70328624, 0.69286709, 3.0653906 ,\n        8.26129771],\n       [3.9561608 , 0.04021523, 6.67860878, 0.70982213, 3.0606274 ,\n        8.29413872],\n       [3.95600509, 0.01998024, 6.67228808, 0.71529831, 3.0694282 ,\n        8.29370161],\n       [3.95648034, 0.04797937, 6.68458394, 0.68688969, 3.0771416 ,\n        8.29864901],\n       [3.96238877, 0.04233664, 6.68077287, 0.6986927 , 3.09266558,\n        8.24803895],\n       [3.95940922, 0.05206091, 6.69398525, 0.68365894, 3.05491792,\n        8.29454544]]), array([0.36683389, 0.3668697 , 0.36690359, 0.36697186, 0.36700456,\n       0.36704859, 0.36707541]))", "callback": [0.8020336823305538, 0.6893035047441356, 0.5269668118155992, 0.49094871702111587, 0.4724776656925328, 0.4724776656925328, 0.46937001638991394, 0.46693217757269556, 0.46622184206833905, 0.46614808075844905, 0.4660474089176282, 0.46603018136606933, 0.465996832586959, 0.46597968433397596, 0.465952808359717, 0.4658938675532821, 0.4657395085698741, 0.4655262839069114, 0.46448224230332713, 0.4577501301160939, 0.4577501301160939, 0.4569844994264688, 0.4553338618187497, 0.4538048705045059, 0.45125775394346357, 0.4422150731988196, 0.4316746512166342, 0.41178132141466406, 0.3948274473012455, 0.38955081650918655, 0.3833582165900463, 0.3817510895044829, 0.37894796946678977, 0.3762225629267798, 0.3704480627060729, 0.36836284914981665, 0.36786213327770234, 0.3676255479874323, 0.367583286118106, 0.3675563049492364, 0.3675519121003443, 0.3675508839623848, 0.3675506794228435, 0.36754993628078914, 0.36754645210198256, 0.36753270856240317, 0.3674861427190478, 0.3673887414667796, 0.36725354913748864, 0.3671184099586525]}, "6": {"maxiter": 500, "fatol": 1e-10, "xatol": 1e-05, "duration": 0.18037199974060059, "fun": "0.3668338924041994", "nit": "500", "nfev": "751", "status": "2", "success": "False", "message": "Maximum number of iterations has been exceeded.", "x": "[3.96695599 0.06740387 6.70086143 0.68804751 3.05718955 8.28394484]", "final_simplex": "(array([[3.96695599, 0.06740387, 6.70086143, 0.68804751, 3.05718955,\n        8.28394484],\n       [3.9546258 , 0.07574664, 6.70328624, 0.69286709, 3.0653906 ,\n        8.26129771],\n       [3.9561608 , 0.04021523, 6.67860878, 0.70982213, 3.0606274 ,\n        8.29413872],\n       [3.95600509, 0.01998024, 6.67228808, 0.71529831, 3.0694282 ,\n        8.29370161],\n       [3.95648034, 0.04797937, 6.68458394, 0.68688969, 3.0771416 ,\n        8.29864901],\n       [3.96238877, 0.04233664, 6.68077287, 0.6986927 , 3.09266558,\n        8.24803895],\n       [3.95940922, 0.05206091, 6.69398525, 0.68365894, 3.05491792,\n        8.29454544]]), array([0.36683389, 0.3668697 , 0.36690359, 0.36697186, 0.36700456,\n       0.36704859, 0.36707541]))", "callback": [0.8020336823305538, 0.6893035047441356, 0.5269668118155992, 0.49094871702111587, 0.4724776656925328, 0.4724776656925328, 0.46937001638991394, 0.46693217757269556, 0.46622184206833905, 0.46614808075844905, 0.4660474089176282, 0.46603018136606933, 0.465996832586959, 0.46597968433397596, 0.465952808359717, 0.4658938675532821, 0.4657395085698741, 0.4655262839069114, 0.46448224230332713, 0.4577501301160939, 0.4577501301160939, 0.4569844994264688, 0.4553338618187497, 0.4538048705045059, 0.45125775394346357, 0.4422150731988196, 0.4316746512166342, 0.41178132141466406, 0.3948274473012455, 0.38955081650918655, 0.3833582165900463, 0.3817510895044829, 0.37894796946678977, 0.3762225629267798, 0.3704480627060729, 0.36836284914981665, 0.36786213327770234, 0.3676255479874323, 0.367583286118106, 0.3675563049492364, 0.3675519121003443, 0.3675508839623848, 0.3675506794228435, 0.36754993628078914, 0.36754645210198256, 0.36753270856240317, 0.3674861427190478, 0.3673887414667796, 0.36725354913748864, 0.3671184099586525]}, "7": {"maxiter": 500, "fatol": 1e-10, "xatol": 1e-10, "duration": 0.1730051040649414, "fun": "0.3668338924041994", "nit": "500", "nfev": "751", "status": "2", "success": "False", "message": "Maximum number of iterations has been exceeded.", "x": "[3.96695599 0.06740387 6.70086143 0.68804751 3.05718955 8.28394484]", "final_simplex": "(array([[3.96695599, 0.06740387, 6.70086143, 0.68804751, 3.05718955,\n        8.28394484],\n       [3.9546258 , 0.07574664, 6.70328624, 0.69286709, 3.0653906 ,\n        8.26129771],\n       [3.9561608 , 0.04021523, 6.67860878, 0.70982213, 3.0606274 ,\n        8.29413872],\n       [3.95600509, 0.01998024, 6.67228808, 0.71529831, 3.0694282 ,\n        8.29370161],\n       [3.95648034, 0.04797937, 6.68458394, 0.68688969, 3.0771416 ,\n        8.29864901],\n       [3.96238877, 0.04233664, 6.68077287, 0.6986927 , 3.09266558,\n        8.24803895],\n       [3.95940922, 0.05206091, 6.69398525, 0.68365894, 3.05491792,\n        8.29454544]]), array([0.36683389, 0.3668697 , 0.36690359, 0.36697186, 0.36700456,\n       0.36704859, 0.36707541]))", "callback": [0.8020336823305538, 0.6893035047441356, 0.5269668118155992, 0.49094871702111587, 0.4724776656925328, 0.4724776656925328, 0.46937001638991394, 0.46693217757269556, 0.46622184206833905, 0.46614808075844905, 0.4660474089176282, 0.46603018136606933, 0.465996832586959, 0.46597968433397596, 0.465952808359717, 0.4658938675532821, 0.4657395085698741, 0.4655262839069114, 0.46448224230332713, 0.4577501301160939, 0.4577501301160939, 0.4569844994264688, 0.4553338618187497, 0.4538048705045059, 0.45125775394346357, 0.4422150731988196, 0.4316746512166342, 0.41178132141466406, 0.3948274473012455, 0.38955081650918655, 0.3833582165900463, 0.3817510895044829, 0.37894796946678977, 0.3762225629267798, 0.3704480627060729, 0.36836284914981665, 0.36786213327770234, 0.3676255479874323, 0.367583286118106, 0.3675563049492364, 0.3675519121003443, 0.3675508839623848, 0.3675506794228435, 0.36754993628078914, 0.36754645210198256, 0.36753270856240317, 0.3674861427190478, 0.3673887414667796, 0.36725354913748864, 0.3671184099586525]}, "8": {"maxiter": 1000, "fatol": 1e-05, "xatol": 1e-05, "duration": 0.27015209197998047, "fun": "0.361348178096665", "nit": "748", "nfev": "1144", "status": "0", "success": "True", "message": "Optimization terminated successfully.", "x": "[4.05261343 0.43405712 7.14940717 0.97949812 3.05640747 8.01273891]", "final_simplex": "(array([[4.05261343, 0.43405712, 7.14940717, 0.97949812, 3.05640747,\n        8.01273891],\n       [4.05261354, 0.43405026, 7.14940611, 0.97949864, 3.05641067,\n        8.01274057],\n       [4.05261601, 0.43405198, 7.14940293, 0.97949422, 3.05640591,\n        8.01274147],\n       [4.05261388, 0.43405605, 7.14941046, 0.97949771, 3.05640847,\n        8.01273642],\n       [4.05261137, 0.43405262, 7.14940629, 0.97949901, 3.05640801,\n        8.01273967],\n       [4.05261286, 0.43404955, 7.14940321, 0.97949351, 3.05641004,\n        8.01274094],\n       [4.05261698, 0.43405497, 7.14940967, 0.97949719, 3.05640966,\n        8.01273532]]), array([0.36134818, 0.36134818, 0.36134818, 0.36134818, 0.36134818,\n       0.36134818, 0.36134818]))", "callback": [0.8020336823305538, 0.6893035047441356, 0.5269668118155992, 0.49094871702111587, 0.4724776656925328, 0.4724776656925328, 0.46937001638991394, 0.46693217757269556, 0.46622184206833905, 0.46614808075844905, 0.4660474089176282, 0.46603018136606933, 0.465996832586959, 0.46597968433397596, 0.465952808359717, 0.4658938675532821, 0.4657395085698741, 0.4655262839069114, 0.46448224230332713, 0.4577501301160939, 0.4577501301160939, 0.4569844994264688, 0.4553338618187497, 0.4538048705045059, 0.45125775394346357, 0.4422150731988196, 0.4316746512166342, 0.41178132141466406, 0.3948274473012455, 0.38955081650918655, 0.3833582165900463, 0.3817510895044829, 0.37894796946678977, 0.3762225629267798, 0.3704480627060729, 0.36836284914981665, 0.36786213327770234, 0.3676255479874323, 0.367583286118106, 0.3675563049492364, 0.3675519121003443, 0.3675508839623848, 0.3675506794228435, 0.36754993628078914, 0.36754645210198256, 0.36753270856240317, 0.3674861427190478, 0.3673887414667796, 0.36725354913748864, 0.3671184099586525, 0.36679758601537704, 0.36575983154543523, 0.3653053455800217, 0.36428534631283294, 0.3637218241098278, 0.36308996661084414, 0.362799532913625, 0.3625333056637259, 0.36215917492106664, 0.3614535620574153, 0.36140645819769057, 0.36136040389501634, 0.3613518855235943, 0.3613496917605795, 0.3613489346545985, 0.36134848168332745, 0.3613483082471486, 0.3613481976197258, 0.36134819263255613, 0.36134817865466784, 0.36134817865466784, 0.36134817849069867, 0.3613481782066966, 0.36134817810891073, 0.36134817809898157]}, "9": {"maxiter": 1000, "fatol": 1e-05, "xatol": 1e-10, "duration": 0.3456878662109375, "fun": "0.36134817809373987", "nit": "870", "nfev": "1400", "status": "0", "success": "True", "message": "Optimization terminated successfully.", "x": "[4.05261406 0.4340572  7.14940891 0.97949674 3.05640481 8.01274259]", "final_simplex": "(array([[4.05261406, 0.4340572 , 7.14940891, 0.97949674, 3.05640481,\n        8.01274259],\n       [4.05261406, 0.4340572 , 7.14940891, 0.97949674, 3.05640481,\n        8.01274259],\n       [4.05261406, 0.4340572 , 7.14940891, 0.97949674, 3.05640481,\n        8.01274259],\n       [4.05261406, 0.4340572 , 7.14940891, 0.97949674, 3.05640481,\n        8.01274259],\n       [4.05261406, 0.4340572 , 7.14940891, 0.97949674, 3.05640481,\n        8.01274259],\n       [4.05261406, 0.4340572 , 7.14940891, 0.97949674, 3.05640481,\n        8.01274259],\n       [4.05261406, 0.4340572 , 7.14940891, 0.97949674, 3.05640481,\n        8.01274259]]), array([0.36134818, 0.36134818, 0.36134818, 0.36134818, 0.36134818,\n       0.36134818, 0.36134818]))", "callback": [0.8020336823305538, 0.6893035047441356, 0.5269668118155992, 0.49094871702111587, 0.4724776656925328, 0.4724776656925328, 0.46937001638991394, 0.46693217757269556, 0.46622184206833905, 0.46614808075844905, 0.4660474089176282, 0.46603018136606933, 0.465996832586959, 0.46597968433397596, 0.465952808359717, 0.4658938675532821, 0.4657395085698741, 0.4655262839069114, 0.46448224230332713, 0.4577501301160939, 0.4577501301160939, 0.4569844994264688, 0.4553338618187497, 0.4538048705045059, 0.45125775394346357, 0.4422150731988196, 0.4316746512166342, 0.41178132141466406, 0.3948274473012455, 0.38955081650918655, 0.3833582165900463, 0.3817510895044829, 0.37894796946678977, 0.3762225629267798, 0.3704480627060729, 0.36836284914981665, 0.36786213327770234, 0.3676255479874323, 0.367583286118106, 0.3675563049492364, 0.3675519121003443, 0.3675508839623848, 0.3675506794228435, 0.36754993628078914, 0.36754645210198256, 0.36753270856240317, 0.3674861427190478, 0.3673887414667796, 0.36725354913748864, 0.3671184099586525, 0.36679758601537704, 0.36575983154543523, 0.3653053455800217, 0.36428534631283294, 0.3637218241098278, 0.36308996661084414, 0.362799532913625, 0.3625333056637259, 0.36215917492106664, 0.3614535620574153, 0.36140645819769057, 0.36136040389501634, 0.3613518855235943, 0.3613496917605795, 0.3613489346545985, 0.36134848168332745, 0.3613483082471486, 0.3613481976197258, 0.36134819263255613, 0.36134817865466784, 0.36134817865466784, 0.36134817849069867, 0.3613481782066966, 0.36134817810891073, 0.36134817809898157, 0.36134817809511366, 0.36134817809511366, 0.36134817809416353, 0.36134817809403286, 0.3613481780937776, 0.3613481780937584, 0.36134817809374276, 0.36134817809374187, 0.36134817809374065, 0.3613481780937402, 0.36134817809373987, 0.36134817809373987]}, "10": {"maxiter": 1000, "fatol": 1e-10, "xatol": 1e-05, "duration": 0.26487302780151367, "fun": "0.361348178096665", "nit": "748", "nfev": "1144", "status": "0", "success": "True", "message": "Optimization terminated successfully.", "x": "[4.05261343 0.43405712 7.14940717 0.97949812 3.05640747 8.01273891]", "final_simplex": "(array([[4.05261343, 0.43405712, 7.14940717, 0.97949812, 3.05640747,\n        8.01273891],\n       [4.05261354, 0.43405026, 7.14940611, 0.97949864, 3.05641067,\n        8.01274057],\n       [4.05261601, 0.43405198, 7.14940293, 0.97949422, 3.05640591,\n        8.01274147],\n       [4.05261388, 0.43405605, 7.14941046, 0.97949771, 3.05640847,\n        8.01273642],\n       [4.05261137, 0.43405262, 7.14940629, 0.97949901, 3.05640801,\n        8.01273967],\n       [4.05261286, 0.43404955, 7.14940321, 0.97949351, 3.05641004,\n        8.01274094],\n       [4.05261698, 0.43405497, 7.14940967, 0.97949719, 3.05640966,\n        8.01273532]]), array([0.36134818, 0.36134818, 0.36134818, 0.36134818, 0.36134818,\n       0.36134818, 0.36134818]))", "callback": [0.8020336823305538, 0.6893035047441356, 0.5269668118155992, 0.49094871702111587, 0.4724776656925328, 0.4724776656925328, 0.46937001638991394, 0.46693217757269556, 0.46622184206833905, 0.46614808075844905, 0.4660474089176282, 0.46603018136606933, 0.465996832586959, 0.46597968433397596, 0.465952808359717, 0.4658938675532821, 0.4657395085698741, 0.4655262839069114, 0.46448224230332713, 0.4577501301160939, 0.4577501301160939, 0.4569844994264688, 0.4553338618187497, 0.4538048705045059, 0.45125775394346357, 0.4422150731988196, 0.4316746512166342, 0.41178132141466406, 0.3948274473012455, 0.38955081650918655, 0.3833582165900463, 0.3817510895044829, 0.37894796946678977, 0.3762225629267798, 0.3704480627060729, 0.36836284914981665, 0.36786213327770234, 0.3676255479874323, 0.367583286118106, 0.3675563049492364, 0.3675519121003443, 0.3675508839623848, 0.3675506794228435, 0.36754993628078914, 0.36754645210198256, 0.36753270856240317, 0.3674861427190478, 0.3673887414667796, 0.36725354913748864, 0.3671184099586525, 0.36679758601537704, 0.36575983154543523, 0.3653053455800217, 0.36428534631283294, 0.3637218241098278, 0.36308996661084414, 0.362799532913625, 0.3625333056637259, 0.36215917492106664, 0.3614535620574153, 0.36140645819769057, 0.36136040389501634, 0.3613518855235943, 0.3613496917605795, 0.3613489346545985, 0.36134848168332745, 0.3613483082471486, 0.3613481976197258, 0.36134819263255613, 0.36134817865466784, 0.36134817865466784, 0.36134817849069867, 0.3613481782066966, 0.36134817810891073, 0.36134817809898157]}, "11": {"maxiter": 1000, "fatol": 1e-10, "xatol": 1e-10, "duration": 0.31859421730041504, "fun": "0.36134817809373987", "nit": "870", "nfev": "1400", "status": "0", "success": "True", "message": "Optimization terminated successfully.", "x": "[4.05261406 0.4340572  7.14940891 0.97949674 3.05640481 8.01274259]", "final_simplex": "(array([[4.05261406, 0.4340572 , 7.14940891, 0.97949674, 3.05640481,\n        8.01274259],\n       [4.05261406, 0.4340572 , 7.14940891, 0.97949674, 3.05640481,\n        8.01274259],\n       [4.05261406, 0.4340572 , 7.14940891, 0.97949674, 3.05640481,\n        8.01274259],\n       [4.05261406, 0.4340572 , 7.14940891, 0.97949674, 3.05640481,\n        8.01274259],\n       [4.05261406, 0.4340572 , 7.14940891, 0.97949674, 3.05640481,\n        8.01274259],\n       [4.05261406, 0.4340572 , 7.14940891, 0.97949674, 3.05640481,\n        8.01274259],\n       [4.05261406, 0.4340572 , 7.14940891, 0.97949674, 3.05640481,\n        8.01274259]]), array([0.36134818, 0.36134818, 0.36134818, 0.36134818, 0.36134818,\n       0.36134818, 0.36134818]))", "callback": [0.8020336823305538, 0.6893035047441356, 0.5269668118155992, 0.49094871702111587, 0.4724776656925328, 0.4724776656925328, 0.46937001638991394, 0.46693217757269556, 0.46622184206833905, 0.46614808075844905, 0.4660474089176282, 0.46603018136606933, 0.465996832586959, 0.46597968433397596, 0.465952808359717, 0.4658938675532821, 0.4657395085698741, 0.4655262839069114, 0.46448224230332713, 0.4577501301160939, 0.4577501301160939, 0.4569844994264688, 0.4553338618187497, 0.4538048705045059, 0.45125775394346357, 0.4422150731988196, 0.4316746512166342, 0.41178132141466406, 0.3948274473012455, 0.38955081650918655, 0.3833582165900463, 0.3817510895044829, 0.37894796946678977, 0.3762225629267798, 0.3704480627060729, 0.36836284914981665, 0.36786213327770234, 0.3676255479874323, 0.367583286118106, 0.3675563049492364, 0.3675519121003443, 0.3675508839623848, 0.3675506794228435, 0.36754993628078914, 0.36754645210198256, 0.36753270856240317, 0.3674861427190478, 0.3673887414667796, 0.36725354913748864, 0.3671184099586525, 0.36679758601537704, 0.36575983154543523, 0.3653053455800217, 0.36428534631283294, 0.3637218241098278, 0.36308996661084414, 0.362799532913625, 0.3625333056637259, 0.36215917492106664, 0.3614535620574153, 0.36140645819769057, 0.36136040389501634, 0.3613518855235943, 0.3613496917605795, 0.3613489346545985, 0.36134848168332745, 0.3613483082471486, 0.3613481976197258, 0.36134819263255613, 0.36134817865466784, 0.36134817865466784, 0.36134817849069867, 0.3613481782066966, 0.36134817810891073, 0.36134817809898157, 0.36134817809511366, 0.36134817809511366, 0.36134817809416353, 0.36134817809403286, 0.3613481780937776, 0.3613481780937584, 0.36134817809374276, 0.36134817809374187, 0.36134817809374065, 0.3613481780937402, 0.36134817809373987, 0.36134817809373987]}}, "bfgs": {"type": "gradient", "0": {"maxiter": 100, "gtol": 1e-05, "xrtol": 1e-05, "eps": 1e-05, "duration": 0.05956292152404785, "fun": "0.2826400580780475", "jac": "[-5.48716628e-07 -3.62943009e-07  3.58424401e-07 -2.36777264e-07\n  4.27751168e-06  4.68081129e-07]", "hess_inv": "[[ 4.82528923  1.51269047 -0.74821913 -1.91239884 -0.87083951  2.38262518]\n [ 1.51269047  6.62526685 -3.2557053   0.47162118 -0.70834178  4.1477177 ]\n [-0.74821913 -3.2557053   8.03372584 -2.20958924 -1.16483515 -5.65336733]\n [-1.91239884  0.47162118 -2.20958924  5.55446678  0.90330659  0.38009643]\n [-0.87083951 -0.70834178 -1.16483515  0.90330659  5.85332713  2.16108414]\n [ 2.38262518  4.1477177  -5.65336733  0.38009643  2.16108414  8.97214177]]", "nfev": "238", "njev": "34", "status": "0", "success": "True", "message": "Optimization terminated successfully.", "x": "[4.66822014 3.19874618 4.26506846 2.01090918 5.46814838 4.38923222]", "nit": "26", "callback": [0.5278807738501374, 0.5198720613877472, 0.5050651264301449, 0.4810662596167953, 0.463233835013522, 0.45754612351277923, 0.4468525649774414, 0.4287271182052609, 0.4126674254472933, 0.40359929833588093, 0.3283481557375124, 0.30872496859463416, 0.2916310467264651, 0.2859143863096413, 0.28490134344499907, 0.28382660543588356, 0.2833753365509587, 0.2831197343430185, 0.2827756464543091, 0.28267747069045124, 0.28265956189699104, 0.2826493505601113, 0.28264259285631776, 0.2826403095238864, 0.28264006601759795, 0.2826400580780475]}, "1": {"maxiter": 100, "gtol": 1e-05, "xrtol": 1e-05, "eps": 1e-10, "duration": 0.062026023864746094, "fun": "0.28264005813277693", "jac": "[ 0.00000000e+00  0.00000000e+00  2.22044587e-06 -3.33066880e-06\n  5.55111466e-06  0.00000000e+00]", "hess_inv": "[[ 4.85079271  1.54212302 -0.74290979 -1.9376785  -0.86290643  2.39353569]\n [ 1.54212302  6.64661348 -3.24603074  0.43123885 -0.69757611  4.15613095]\n [-0.74290979 -3.24603074  8.02888686 -2.20846967 -1.16391173 -5.64859822]\n [-1.9376785   0.43123885 -2.20846967  5.55211877  0.89730277  0.36083147]\n [-0.86290643 -0.69757611 -1.16391173  0.89730277  5.84557141  2.16067315]\n [ 2.39353569  4.15613095 -5.64859822  0.36083147  2.16067315  8.97188635]]", "nfev": "238", "njev": "34", "status": "0", "success": "True", "message": "Optimization terminated successfully.", "x": "[4.66823269 3.1987609  4.26507382 2.01090241 5.46816156 4.38924711]", "nit": "26", "callback": [0.5278781802962325, 0.5198694194645119, 0.5050625864415861, 0.4810641442780562, 0.46323403956674314, 0.457546103993156, 0.4468524819730635, 0.42872744290545894, 0.4126709612197931, 0.40360253940013624, 0.3283628386521332, 0.30873381144716205, 0.291622249777053, 0.28591173454734997, 0.28489917068553405, 0.28382591505797716, 0.28337438924281466, 0.2831193581053745, 0.2827758280767144, 0.28267746586011977, 0.2826595797378749, 0.2826493169077725, 0.2826425674872848, 0.28264030641732096, 0.2826400658512537, 0.28264005813277693]}, "2": {"maxiter": 100, "gtol": 1e-05, "xrtol": 1e-10, "eps": 1e-05, "duration": 0.05513501167297363, "fun": "0.2826400580780475", "jac": "[-5.48716628e-07 -3.62943009e-07  3.58424401e-07 -2.36777264e-07\n  4.27751168e-06  4.68081129e-07]", "hess_inv": "[[ 4.82528923  1.51269047 -0.74821913 -1.91239884 -0.87083951  2.38262518]\n [ 1.51269047  6.62526685 -3.2557053   0.47162118 -0.70834178  4.1477177 ]\n [-0.74821913 -3.2557053   8.03372584 -2.20958924 -1.16483515 -5.65336733]\n [-1.91239884  0.47162118 -2.20958924  5.55446678  0.90330659  0.38009643]\n [-0.87083951 -0.70834178 -1.16483515  0.90330659  5.85332713  2.16108414]\n [ 2.38262518  4.1477177  -5.65336733  0.38009643  2.16108414  8.97214177]]", "nfev": "238", "njev": "34", "status": "0", "success": "True", "message": "Optimization terminated successfully.", "x": "[4.66822014 3.19874618 4.26506846 2.01090918 5.46814838 4.38923222]", "nit": "26", "callback": [0.5278807738501374, 0.5198720613877472, 0.5050651264301449, 0.4810662596167953, 0.463233835013522, 0.45754612351277923, 0.4468525649774414, 0.4287271182052609, 0.4126674254472933, 0.40359929833588093, 0.3283481557375124, 0.30872496859463416, 0.2916310467264651, 0.2859143863096413, 0.28490134344499907, 0.28382660543588356, 0.2833753365509587, 0.2831197343430185, 0.2827756464543091, 0.28267747069045124, 0.28265956189699104, 0.2826493505601113, 0.28264259285631776, 0.2826403095238864, 0.28264006601759795, 0.2826400580780475]}, "3": {"maxiter": 100, "gtol": 1e-05, "xrtol": 1e-10, "eps": 1e-10, "duration": 0.055644989013671875, "fun": "0.28264005813277693", "jac": "[ 0.00000000e+00  0.00000000e+00  2.22044587e-06 -3.33066880e-06\n  5.55111466e-06  0.00000000e+00]", "hess_inv": "[[ 4.85079271  1.54212302 -0.74290979 -1.9376785  -0.86290643  2.39353569]\n [ 1.54212302  6.64661348 -3.24603074  0.43123885 -0.69757611  4.15613095]\n [-0.74290979 -3.24603074  8.02888686 -2.20846967 -1.16391173 -5.64859822]\n [-1.9376785   0.43123885 -2.20846967  5.55211877  0.89730277  0.36083147]\n [-0.86290643 -0.69757611 -1.16391173  0.89730277  5.84557141  2.16067315]\n [ 2.39353569  4.15613095 -5.64859822  0.36083147  2.16067315  8.97188635]]", "nfev": "238", "njev": "34", "status": "0", "success": "True", "message": "Optimization terminated successfully.", "x": "[4.66823269 3.1987609  4.26507382 2.01090241 5.46816156 4.38924711]", "nit": "26", "callback": [0.5278781802962325, 0.5198694194645119, 0.5050625864415861, 0.4810641442780562, 0.46323403956674314, 0.457546103993156, 0.4468524819730635, 0.42872744290545894, 0.4126709612197931, 0.40360253940013624, 0.3283628386521332, 0.30873381144716205, 0.291622249777053, 0.28591173454734997, 0.28489917068553405, 0.28382591505797716, 0.28337438924281466, 0.2831193581053745, 0.2827758280767144, 0.28267746586011977, 0.2826595797378749, 0.2826493169077725, 0.2826425674872848, 0.28264030641732096, 0.2826400658512537, 0.28264005813277693]}, "4": {"maxiter": 100, "gtol": 1e-10, "xrtol": 1e-05, "eps": 1e-05, "duration": 0.05612993240356445, "fun": "0.2826400580373529", "jac": "[ 1.05548903e-07  1.27020616e-07  8.92175223e-08  5.55222535e-08\n  2.24320562e-07 -2.97095681e-08]", "hess_inv": "[[ 4.85267708  1.52642614 -0.72422594 -1.93970013 -1.10763997  2.2900944 ]\n [ 1.52642614  6.60942312 -3.22495242  0.43512263 -1.01057549  4.01569056]\n [-0.72422594 -3.22495242  8.03932983 -2.21472609 -1.22119891 -5.66392227]\n [-1.93970013  0.43512263 -2.21472609  5.55880144  0.95529037  0.38643606]\n [-1.10763997 -1.01057549 -1.22119891  0.95529037  6.4199515   2.27008266]\n [ 2.2900944   4.01569056 -5.66392227  0.38643606  2.27008266  8.96227419]]", "nfev": "245", "njev": "35", "status": "0", "success": "True", "message": "Optimization terminated successfully.", "x": "[4.66822682 3.19875312 4.26507136 2.01090612 5.46811954 4.38922315]", "nit": "27", "callback": [0.5278807738501374, 0.5198720613877472, 0.5050651264301449, 0.4810662596167953, 0.463233835013522, 0.45754612351277923, 0.4468525649774414, 0.4287271182052609, 0.4126674254472933, 0.40359929833588093, 0.3283481557375124, 0.30872496859463416, 0.2916310467264651, 0.2859143863096413, 0.28490134344499907, 0.28382660543588356, 0.2833753365509587, 0.2831197343430185, 0.2827756464543091, 0.28267747069045124, 0.28265956189699104, 0.2826493505601113, 0.28264259285631776, 0.2826403095238864, 0.28264006601759795, 0.2826400580780475, 0.2826400580373529]}, "5": {"maxiter": 100, "gtol": 1e-10, "xrtol": 1e-05, "eps": 1e-10, "duration": 0.055908918380737305, "fun": "0.28264005803386016", "jac": "[ 0.00000000e+00  1.11022293e-06 -1.11022293e-06  1.11022293e-06\n  0.00000000e+00 -3.33066880e-06]", "hess_inv": "[[ 4.77170856  1.56681216 -0.95106147 -1.72622947 -1.06099124  2.40407714]\n [ 1.56681216  6.8741081  -3.53230082  0.71069072 -1.14030477  4.18570317]\n [-0.95106147 -3.53230082  8.00558867 -2.16784771 -0.93175082 -5.66993082]\n [-1.72622947  0.71069072 -2.16784771  5.49417803  0.68581932  0.38091573]\n [-1.06099124 -1.14030477 -0.93175082  0.68581932  6.4318484   2.11657697]\n [ 2.40407714  4.18570317 -5.66993082  0.38091573  2.11657697  8.97507297]]", "nfev": "245", "njev": "35", "status": "0", "success": "True", "message": "Optimization terminated successfully.", "x": "[4.66823494 3.19877744 4.265054   2.01092171 5.46813021 4.38924922]", "nit": "27", "callback": [0.5278781802962325, 0.5198694194645119, 0.5050625864415861, 0.4810641442780562, 0.46323403956674314, 0.457546103993156, 0.4468524819730635, 0.42872744290545894, 0.4126709612197931, 0.40360253940013624, 0.3283628386521332, 0.30873381144716205, 0.291622249777053, 0.28591173454734997, 0.28489917068553405, 0.28382591505797716, 0.28337438924281466, 0.2831193581053745, 0.2827758280767144, 0.28267746586011977, 0.2826595797378749, 0.2826493169077725, 0.2826425674872848, 0.28264030641732096, 0.2826400658512537, 0.28264005813277693, 0.28264005803386016]}, "6": {"maxiter": 100, "gtol": 1e-10, "xrtol": 1e-10, "eps": 1e-05, "duration": 0.08562612533569336, "fun": "0.2826400580373529", "jac": "[ 1.05548903e-07  1.27020616e-07  8.92175223e-08  5.55222535e-08\n  2.24320562e-07 -2.97095681e-08]", "hess_inv": "[[ 4.81831056  1.48206957 -0.73433318 -1.93778537 -1.06467615  2.29449418]\n [ 1.48206957  6.55436319 -3.23921248  0.44108806 -0.92853305  4.03203393]\n [-0.73433318 -3.23921248  8.03703084 -2.21610042 -1.22330701 -5.6685418 ]\n [-1.93778537  0.44108806 -2.21610042  5.56426767  0.99530568  0.40320054]\n [-1.06467615 -0.92853305 -1.22330701  0.99530568  6.6889673   2.39402325]\n [ 2.29449418  4.03203393 -5.6685418   0.40320054  2.39402325  9.01362769]]", "nfev": "376", "njev": "52", "status": "2", "success": "False", "message": "Desired error not necessarily achieved due to precision loss.", "x": "[4.66822682 3.19875312 4.26507136 2.01090612 5.46811954 4.38922315]", "nit": "27", "callback": [0.5278807738501374, 0.5198720613877472, 0.5050651264301449, 0.4810662596167953, 0.463233835013522, 0.45754612351277923, 0.4468525649774414, 0.4287271182052609, 0.4126674254472933, 0.40359929833588093, 0.3283481557375124, 0.30872496859463416, 0.2916310467264651, 0.2859143863096413, 0.28490134344499907, 0.28382660543588356, 0.2833753365509587, 0.2831197343430185, 0.2827756464543091, 0.28267747069045124, 0.28265956189699104, 0.2826493505601113, 0.28264259285631776, 0.2826403095238864, 0.28264006601759795, 0.2826400580780475, 0.2826400580373529]}, "7": {"maxiter": 100, "gtol": 1e-10, "xrtol": 1e-10, "eps": 1e-10, "duration": 0.08369088172912598, "fun": "0.28264005802707637", "jac": "[-1.11022293e-06  2.22044587e-06  2.22044587e-06  2.22044587e-06\n  0.00000000e+00  2.22044587e-06]", "hess_inv": "[[ 1.72977997 -0.77715064  1.2979098   1.82173651  0.49342524 -0.92629926]\n [-0.77715064  1.51553158 -0.94527754 -1.52150066 -0.95887082  0.77684379]\n [ 1.2979098  -0.94527754  1.20746221  1.66398106  0.73461631 -0.80715931]\n [ 1.82173651 -1.52150066  1.66398106  2.76739712  0.89494425 -1.74505264]\n [ 0.49342524 -0.95887082  0.73461631  0.89494425  1.04864642 -0.22975807]\n [-0.92629926  0.77684379 -0.80715931 -1.74505264 -0.22975807  1.72216001]]", "nfev": "371", "njev": "53", "status": "0", "success": "True", "message": "Optimization terminated successfully.", "x": "[4.66823262 3.19877655 4.26504945 2.01091594 5.4681332  4.38925671]", "nit": "34", "callback": [0.5278781802962325, 0.5198694194645119, 0.5050625864415861, 0.4810641442780562, 0.46323403956674314, 0.457546103993156, 0.4468524819730635, 0.42872744290545894, 0.4126709612197931, 0.40360253940013624, 0.3283628386521332, 0.30873381144716205, 0.291622249777053, 0.28591173454734997, 0.28489917068553405, 0.28382591505797716, 0.28337438924281466, 0.2831193581053745, 0.2827758280767144, 0.28267746586011977, 0.2826595797378749, 0.2826493169077725, 0.2826425674872848, 0.28264030641732096, 0.2826400658512537, 0.28264005813277693, 0.28264005803386016, 0.28264005803345726, 0.28264005803289327, 0.2826400580320172, 0.2826400580306, 0.28264005802791436, 0.28264005802707637, 0.28264005802707637]}, "8": {"maxiter": 500, "gtol": 1e-05, "xrtol": 1e-05, "eps": 1e-05, "duration": 0.05421614646911621, "fun": "0.2826400580780475", "jac": "[-5.48716628e-07 -3.62943009e-07  3.58424401e-07 -2.36777264e-07\n  4.27751168e-06  4.68081129e-07]", "hess_inv": "[[ 4.82528923  1.51269047 -0.74821913 -1.91239884 -0.87083951  2.38262518]\n [ 1.51269047  6.62526685 -3.2557053   0.47162118 -0.70834178  4.1477177 ]\n [-0.74821913 -3.2557053   8.03372584 -2.20958924 -1.16483515 -5.65336733]\n [-1.91239884  0.47162118 -2.20958924  5.55446678  0.90330659  0.38009643]\n [-0.87083951 -0.70834178 -1.16483515  0.90330659  5.85332713  2.16108414]\n [ 2.38262518  4.1477177  -5.65336733  0.38009643  2.16108414  8.97214177]]", "nfev": "238", "njev": "34", "status": "0", "success": "True", "message": "Optimization terminated successfully.", "x": "[4.66822014 3.19874618 4.26506846 2.01090918 5.46814838 4.38923222]", "nit": "26", "callback": [0.5278807738501374, 0.5198720613877472, 0.5050651264301449, 0.4810662596167953, 0.463233835013522, 0.45754612351277923, 0.4468525649774414, 0.4287271182052609, 0.4126674254472933, 0.40359929833588093, 0.3283481557375124, 0.30872496859463416, 0.2916310467264651, 0.2859143863096413, 0.28490134344499907, 0.28382660543588356, 0.2833753365509587, 0.2831197343430185, 0.2827756464543091, 0.28267747069045124, 0.28265956189699104, 0.2826493505601113, 0.28264259285631776, 0.2826403095238864, 0.28264006601759795, 0.2826400580780475]}, "9": {"maxiter": 500, "gtol": 1e-05, "xrtol": 1e-05, "eps": 1e-10, "duration": 0.05369997024536133, "fun": "0.28264005813277693", "jac": "[ 0.00000000e+00  0.00000000e+00  2.22044587e-06 -3.33