{"date": "2024/09/24/, 21:59:14", "conf_id": 60, "data_type": "random\n", "num_data_points": 4, "s_rank": 0, "unitary": "[[-0.45070455-0.02711853j,0.78437395-0.06613086j,0.06358678+0.19963393j,-0.07343613+0.35668523j],[-0.01890143-0.03813363j,0.32408202+0.25557629j,0.05872864-0.68979805j,0.55466693-0.20227297j],[-0.11215405+0.64023111j,-0.13344055+0.29565494j,-0.49012687-0.19046288j,-0.04241254+0.44046348j],[0.55771659+0.24656916j,0.31851997-0.05798805j,0.28761525-0.34294258j,-0.56718418+0.03616933j]]", "databatch_0": {"databatch": "[[[9.47910996e-02+8.56550677e-03j,1.62711986e-01+1.60989089e-01j,1.12225854e-01+8.82965487e-02j,2.11278560e-01-6.84755492e-02j],[-5.94218273e-02+4.89718274e-02j,-1.85182344e-01-1.24293127e-04j,-1.14792893e-01+1.30014546e-02j,-8.26511009e-02+1.59546498e-01j],[-5.38006855e-02-1.69488350e-01j,1.59651625e-01-3.96731409e-01j,7.09399161e-02-2.57186868e-01j,-2.70764512e-01-3.14438676e-01j],[-1.23166921e-01-8.53356678e-02j,-9.78291808e-02-3.46822750e-01j,-8.51331498e-02-2.08066725e-01j,-3.42520667e-01-7.02788701e-02j]],[[-2.99051734e-01-2.99554095e-01j,-3.74857369e-01+3.67749926e-02j,-2.76927944e-01-3.77248494e-02j,2.36050078e-01+2.51565833e-01j],[-8.18865564e-02+2.41251016e-01j,1.19810076e-01+1.92463354e-01j,5.34947626e-02+1.59488841e-01j,7.27936300e-02-1.94458298e-01j],[5.68469552e-02-1.30894748e-01j,-5.79986200e-02-1.12969361e-01j,-2.25011877e-02-9.15010503e-02j,-4.96112205e-02+1.05193198e-01j],[-1.04343271e-01-2.65426728e-01j,-2.41517884e-01-7.79539733e-02j,-1.60993874e-01-9.76889102e-02j,7.83004163e-02+2.18851737e-01j]],[[-1.34043503e-01+2.15161180e-01j,-2.60451838e-04-2.54720544e-02j,-7.69662326e-02-2.42192429e-03j,2.26005474e-01-3.49838529e-02j],[-2.29544597e-01+3.18663159e-01j,2.24297780e-03-3.94004496e-02j,-1.18718920e-01-1.17375306e-02j,3.52981183e-01-3.06029371e-02j],[-3.49159212e-02-1.61951241e-01j,1.17048518e-02+1.18384625e-02j,3.72301848e-02-3.38610230e-02j,-9.01819647e-02+1.19190526e-01j],[-5.76085686e-02-5.22095745e-01j,3.30771020e-02+4.11323098e-02j,1.28398738e-01-9.47218023e-02j,-3.23069893e-01+3.46671239e-01j]],[[-1.50690553e-01+2.05731998e-01j,8.29585351e-02+1.92700430e-01j,-3.78182282e-02-3.18445519e-01j,2.16928607e-01-1.50896699e-01j],[2.61560924e-01-2.15811160e-01j,-4.38291177e-02-2.75508823e-01j,-5.55138026e-02+4.22789232e-01j,-3.28975515e-01+1.23455016e-01j],[4.53345236e-02+7.94914245e-02j,7.52771583e-02+1.03819263e-03j,-1.09862509e-01-3.42385942e-02j,-1.76712409e-02-9.31622684e-02j],[1.13011226e-01+1.72281024e-01j,1.69307230e-01-8.21271518e-03j,-2.51678061e-01-6.15496365e-02j,-5.27618558e-02-2.06877359e-01j]]]", "initial param values": "[3.34275633,2.27428599,1.33830762,5.97049822,4.38691846,1.60597906]", "nelder_mead": {"type": "gradient-free", "0": {"maxiter": 100, "fatol": 1e-05, "xatol": 1e-05, "duration": 0.03811907768249512, "fun": "0.5067924414034557", "nit": "100", "nfev": "153", "status": "2", "success": "False", "message": "Maximum number of iterations has been exceeded.", "x": "[0.99407682 2.69001224 2.57676528 5.58325205 3.66953252 1.51259625]", "final_simplex": "(array([[0.99407682, 2.69001224, 2.57676528, 5.58325205, 3.66953252,\n        1.51259625],\n       [1.01561013, 2.69093322, 2.52796526, 5.67713928, 3.69685252,\n        1.49637748],\n       [0.98997975, 2.71100034, 2.53263509, 5.58559283, 3.56946854,\n        1.53242783],\n       [1.1061109 , 2.60358442, 2.53233583, 5.66078575, 3.56688588,\n        1.53288411],\n       [0.96563321, 2.64806296, 2.68159072, 5.67711025, 3.66268744,\n        1.46280149],\n       [1.10150935, 2.6970383 , 2.43911474, 5.69725606, 3.48275988,\n        1.56954627],\n       [0.95050754, 2.66142848, 2.56943949, 5.62427808, 3.66658356,\n        1.51726836]]), array([0.50679244, 0.50694884, 0.50729087, 0.50778865, 0.50791914,\n       0.50797936, 0.50810076]))", "callback": [0.7064206356879654, 0.6153053477651882, 0.5566417099977787, 0.5389259834353357, 0.5278307763211655, 0.5167826233135098, 0.5132085906537804, 0.5126483501733703, 0.5113969542070604, 0.5079793608749374]}, "1": {"maxiter": 100, "fatol": 1e-05, "xatol": 1e-10, "duration": 0.036489009857177734, "fun": "0.5067924414034557", "nit": "100", "nfev": "153", "status": "2", "success": "False", "message": "Maximum number of iterations has been exceeded.", "x": "[0.99407682 2.69001224 2.57676528 5.58325205 3.66953252 1.51259625]", "final_simplex": "(array([[0.99407682, 2.69001224, 2.57676528, 5.58325205, 3.66953252,\n        1.51259625],\n       [1.01561013, 2.69093322, 2.52796526, 5.67713928, 3.69685252,\n        1.49637748],\n       [0.98997975, 2.71100034, 2.53263509, 5.58559283, 3.56946854,\n        1.53242783],\n       [1.1061109 , 2.60358442, 2.53233583, 5.66078575, 3.56688588,\n        1.53288411],\n       [0.96563321, 2.64806296, 2.68159072, 5.67711025, 3.66268744,\n        1.46280149],\n       [1.10150935, 2.6970383 , 2.43911474, 5.69725606, 3.48275988,\n        1.56954627],\n       [0.95050754, 2.66142848, 2.56943949, 5.62427808, 3.66658356,\n        1.51726836]]), array([0.50679244, 0.50694884, 0.50729087, 0.50778865, 0.50791914,\n       0.50797936, 0.50810076]))", "callback": [0.7064206356879654, 0.6153053477651882, 0.5566417099977787, 0.5389259834353357, 0.5278307763211655, 0.5167826233135098, 0.5132085906537804, 0.5126483501733703, 0.5113969542070604, 0.5079793608749374]}, "2": {"maxiter": 100, "fatol": 1e-10, "xatol": 1e-05, "duration": 0.035411834716796875, "fun": "0.5067924414034557", "nit": "100", "nfev": "153", "status": "2", "success": "False", "message": "Maximum number of iterations has been exceeded.", "x": "[0.99407682 2.69001224 2.57676528 5.58325205 3.66953252 1.51259625]", "final_simplex": "(array([[0.99407682, 2.69001224, 2.57676528, 5.58325205, 3.66953252,\n        1.51259625],\n       [1.01561013, 2.69093322, 2.52796526, 5.67713928, 3.69685252,\n        1.49637748],\n       [0.98997975, 2.71100034, 2.53263509, 5.58559283, 3.56946854,\n        1.53242783],\n       [1.1061109 , 2.60358442, 2.53233583, 5.66078575, 3.56688588,\n        1.53288411],\n       [0.96563321, 2.64806296, 2.68159072, 5.67711025, 3.66268744,\n        1.46280149],\n       [1.10150935, 2.6970383 , 2.43911474, 5.69725606, 3.48275988,\n        1.56954627],\n       [0.95050754, 2.66142848, 2.56943949, 5.62427808, 3.66658356,\n        1.51726836]]), array([0.50679244, 0.50694884, 0.50729087, 0.50778865, 0.50791914,\n       0.50797936, 0.50810076]))", "callback": [0.7064206356879654, 0.6153053477651882, 0.5566417099977787, 0.5389259834353357, 0.5278307763211655, 0.5167826233135098, 0.5132085906537804, 0.5126483501733703, 0.5113969542070604, 0.5079793608749374]}, "3": {"maxiter": 100, "fatol": 1e-10, "xatol": 1e-10, "duration": 0.03639483451843262, "fun": "0.5067924414034557", "nit": "100", "nfev": "153", "status": "2", "success": "False", "message": "Maximum number of iterations has been exceeded.", "x": "[0.99407682 2.69001224 2.57676528 5.58325205 3.66953252 1.51259625]", "final_simplex": "(array([[0.99407682, 2.69001224, 2.57676528, 5.58325205, 3.66953252,\n        1.51259625],\n       [1.01561013, 2.69093322, 2.52796526, 5.67713928, 3.69685252,\n        1.49637748],\n       [0.98997975, 2.71100034, 2.53263509, 5.58559283, 3.56946854,\n        1.53242783],\n       [1.1061109 , 2.60358442, 2.53233583, 5.66078575, 3.56688588,\n        1.53288411],\n       [0.96563321, 2.64806296, 2.68159072, 5.67711025, 3.66268744,\n        1.46280149],\n       [1.10150935, 2.6970383 , 2.43911474, 5.69725606, 3.48275988,\n        1.56954627],\n       [0.95050754, 2.66142848, 2.56943949, 5.62427808, 3.66658356,\n        1.51726836]]), array([0.50679244, 0.50694884, 0.50729087, 0.50778865, 0.50791914,\n       0.50797936, 0.50810076]))", "callback": [0.7064206356879654, 0.6153053477651882, 0.5566417099977787, 0.5389259834353357, 0.5278307763211655, 0.5167826233135098, 0.5132085906537804, 0.5126483501733703, 0.5113969542070604, 0.5079793608749374]}, "4": {"maxiter": 500, "fatol": 1e-05, "xatol": 1e-05, "duration": 0.11662793159484863, "fun": "0.5011487428798904", "nit": "301", "nfev": "477", "status": "0", "success": "True", "message": "Optimization terminated successfully.", "x": "[1.17422366 2.67788284 2.74486692 5.53402876 4.03806396 0.98450346]", "final_simplex": "(array([[1.17422366, 2.67788284, 2.74486692, 5.53402876, 4.03806396,\n        0.98450346],\n       [1.17422142, 2.67788185, 2.74486622, 5.53402593, 4.03806569,\n        0.9845063 ],\n       [1.17422198, 2.67788693, 2.74486966, 5.53402525, 4.03807017,\n        0.98449947],\n       [1.1742252 , 2.67788368, 2.74486505, 5.53402552, 4.03806779,\n        0.98450453],\n       [1.17422306, 2.6778829 , 2.74487357, 5.53402806, 4.03806831,\n        0.98449929],\n       [1.17422216, 2.67788334, 2.74486903, 5.53402854, 4.03807272,\n        0.98449458],\n       [1.17422341, 2.67788723, 2.74486625, 5.53403631, 4.03806934,\n        0.98449971]]), array([0.50114874, 0.50114874, 0.50114874, 0.50114874, 0.50114874,\n       0.50114874, 0.50114874]))", "callback": [0.7064206356879654, 0.6153053477651882, 0.5566417099977787, 0.5389259834353357, 0.5278307763211655, 0.5167826233135098, 0.5132085906537804, 0.5126483501733703, 0.5113969542070604, 0.5079793608749374, 0.5063657309709169, 0.5051433121177409, 0.5045712415237749, 0.5043755773348461, 0.5035999368364823, 0.5021716907242015, 0.5013013679546356, 0.5012434022240901, 0.5011711614709573, 0.5011579967316602, 0.5011505055374379, 0.5011490604280662, 0.5011488227409335, 0.5011487602383934, 0.5011487484899338, 0.5011487441380217, 0.5011487430973197, 0.501148742938916, 0.5011487429006602, 0.5011487428855027, 0.5011487428798904]}, "5": {"maxiter": 500, "fatol": 1e-05, "xatol": 1e-10, "duration": 0.16667485237121582, "fun": "0.5011487428792019", "nit": "409", "nfev": "718", "status": "0", "success": "True", "message": "Optimization terminated successfully.", "x": "[1.17422349 2.67788497 2.74486649 5.53402877 4.03806645 0.98450288]", "final_simplex": "(array([[1.17422349, 2.67788497, 2.74486649, 5.53402877, 4.03806645,\n        0.98450288],\n       [1.17422349, 2.67788497, 2.74486649, 5.53402877, 4.03806645,\n        0.98450288],\n       [1.17422349, 2.67788497, 2.74486649, 5.53402877, 4.03806645,\n        0.98450288],\n       [1.17422349, 2.67788497, 2.74486649, 5.53402877, 4.03806645,\n        0.98450288],\n       [1.17422349, 2.67788497, 2.74486649, 5.53402877, 4.03806645,\n        0.98450288],\n       [1.17422349, 2.67788497, 2.74486649, 5.53402877, 4.03806645,\n        0.98450288],\n       [1.17422349, 2.67788497, 2.74486649, 5.53402877, 4.03806645,\n        0.98450288]]), array([0.50114874, 0.50114874, 0.50114874, 0.50114874, 0.50114874,\n       0.50114874, 0.50114874]))", "callback": [0.7064206356879654, 0.6153053477651882, 0.5566417099977787, 0.5389259834353357, 0.5278307763211655, 0.5167826233135098, 0.5132085906537804, 0.5126483501733703, 0.5113969542070604, 0.5079793608749374, 0.5063657309709169, 0.5051433121177409, 0.5045712415237749, 0.5043755773348461, 0.5035999368364823, 0.5021716907242015, 0.5013013679546356, 0.5012434022240901, 0.5011711614709573, 0.5011579967316602, 0.5011505055374379, 0.5011490604280662, 0.5011488227409335, 0.5011487602383934, 0.5011487484899338, 0.5011487441380217, 0.5011487430973197, 0.501148742938916, 0.5011487429006602, 0.5011487428855027, 0.5011487428798428, 0.5011487428793429, 0.5011487428792378, 0.501148742879215, 0.5011487428792081, 0.5011487428792054, 0.5011487428792044, 0.5011487428792027, 0.5011487428792021, 0.5011487428792019, 0.5011487428792019]}, "6": {"maxiter": 500, "fatol": 1e-10, "xatol": 1e-05, "duration": 0.10919308662414551, "fun": "0.5011487428798904", "nit": "301", "nfev": "477", "status": "0", "success": "True", "message": "Optimization terminated successfully.", "x": "[1.17422366 2.67788284 2.74486692 5.53402876 4.03806396 0.98450346]", "final_simplex": "(array([[1.17422366, 2.67788284, 2.74486692, 5.53402876, 4.03806396,\n        0.98450346],\n       [1.17422142, 2.67788185, 2.74486622, 5.53402593, 4.03806569,\n        0.9845063 ],\n       [1.17422198, 2.67788693, 2.74486966, 5.53402525, 4.03807017,\n        0.98449947],\n       [1.1742252 , 2.67788368, 2.74486505, 5.53402552, 4.03806779,\n        0.98450453],\n       [1.17422306, 2.6778829 , 2.74487357, 5.53402806, 4.03806831,\n        0.98449929],\n       [1.17422216, 2.67788334, 2.74486903, 5.53402854, 4.03807272,\n        0.98449458],\n       [1.17422341, 2.67788723, 2.74486625, 5.53403631, 4.03806934,\n        0.98449971]]), array([0.50114874, 0.50114874, 0.50114874, 0.50114874, 0.50114874,\n       0.50114874, 0.50114874]))", "callback": [0.7064206356879654, 0.6153053477651882, 0.5566417099977787, 0.5389259834353357, 0.5278307763211655, 0.5167826233135098, 0.5132085906537804, 0.5126483501733703, 0.5113969542070604, 0.5079793608749374, 0.5063657309709169, 0.5051433121177409, 0.5045712415237749, 0.5043755773348461, 0.5035999368364823, 0.5021716907242015, 0.5013013679546356, 0.5012434022240901, 0.5011711614709573, 0.5011579967316602, 0.5011505055374379, 0.5011490604280662, 0.5011488227409335, 0.5011487602383934, 0.5011487484899338, 0.5011487441380217, 0.5011487430973197, 0.501148742938916, 0.5011487429006602, 0.5011487428855027, 0.5011487428798904]}, "7": {"maxiter": 500, "fatol": 1e-10, "xatol": 1e-10, "duration": 0.1792011260986328, "fun": "0.5011487428792019", "nit": "409", "nfev": "718", "status": "0", "success": "True", "message": "Optimization terminated successfully.", "x": "[1.17422349 2.67788497 2.74486649 5.53402877 4.03806645 0.98450288]", "final_simplex": "(array([[1.17422349, 2.67788497, 2.74486649, 5.53402877, 4.03806645,\n        0.98450288],\n       [1.17422349, 2.67788497, 2.74486649, 5.53402877, 4.03806645,\n        0.98450288],\n       [1.17422349, 2.67788497, 2.74486649, 5.53402877, 4.03806645,\n        0.98450288],\n       [1.17422349, 2.67788497, 2.74486649, 5.53402877, 4.03806645,\n        0.98450288],\n       [1.17422349, 2.67788497, 2.74486649, 5.53402877, 4.03806645,\n        0.98450288],\n       [1.17422349, 2.67788497, 2.74486649, 5.53402877, 4.03806645,\n        0.98450288],\n       [1.17422349, 2.67788497, 2.74486649, 5.53402877, 4.03806645,\n        0.98450288]]), array([0.50114874, 0.50114874, 0.50114874, 0.50114874, 0.50114874,\n       0.50114874, 0.50114874]))", "callback": [0.7064206356879654, 0.6153053477651882, 0.5566417099977787, 0.5389259834353357, 0.5278307763211655, 0.5167826233135098, 0.5132085906537804, 0.5126483501733703, 0.5113969542070604, 0.5079793608749374, 0.5063657309709169, 0.5051433121177409, 0.5045712415237749, 0.5043755773348461, 0.5035999368364823, 0.5021716907242015, 0.5013013679546356, 0.5012434022240901, 0.5011711614709573, 0.5011579967316602, 0.5011505055374379, 0.5011490604280662, 0.5011488227409335, 0.5011487602383934, 0.5011487484899338, 0.5011487441380217, 0.5011487430973197, 0.501148742938916, 0.5011487429006602, 0.5011487428855027, 0.5011487428798428, 0.5011487428793429, 0.5011487428792378, 0.501148742879215, 0.5011487428792081, 0.5011487428792054, 0.5011487428792044, 0.5011487428792027, 0.5011487428792021, 0.5011487428792019, 0.5011487428792019]}, "8": {"maxiter": 1000, "fatol": 1e-05, "xatol": 1e-05, "duration": 0.11154294013977051, "fun": "0.5011487428798904", "nit": "301", "nfev": "477", "status": "0", "success": "True", "message": "Optimization terminated successfully.", "x": "[1.17422366 2.67788284 2.74486692 5.53402876 4.03806396 0.98450346]", "final_simplex": "(array([[1.17422366, 2.67788284, 2.74486692, 5.53402876, 4.03806396,\n        0.98450346],\n       [1.17422142, 2.67788185, 2.74486622, 5.53402593, 4.03806569,\n        0.9845063 ],\n       [1.17422198, 2.67788693, 2.74486966, 5.53402525, 4.03807017,\n        0.98449947],\n       [1.1742252 , 2.67788368, 2.74486505, 5.53402552, 4.03806779,\n        0.98450453],\n       [1.17422306, 2.6778829 , 2.74487357, 5.53402806, 4.03806831,\n        0.98449929],\n       [1.17422216, 2.67788334, 2.74486903, 5.53402854, 4.03807272,\n        0.98449458],\n       [1.17422341, 2.67788723, 2.74486625, 5.53403631, 4.03806934,\n        0.98449971]]), array([0.50114874, 0.50114874, 0.50114874, 0.50114874, 0.50114874,\n       0.50114874, 0.50114874]))", "callback": [0.7064206356879654, 0.6153053477651882, 0.5566417099977787, 0.5389259834353357, 0.5278307763211655, 0.5167826233135098, 0.5132085906537804, 0.5126483501733703, 0.5113969542070604, 0.5079793608749374, 0.5063657309709169, 0.5051433121177409, 0.5045712415237749, 0.5043755773348461, 0.5035999368364823, 0.5021716907242015, 0.5013013679546356, 0.5012434022240901, 0.5011711614709573, 0.5011579967316602, 0.5011505055374379, 0.5011490604280662, 0.5011488227409335, 0.5011487602383934, 0.5011487484899338, 0.5011487441380217, 0.5011487430973197, 0.501148742938916, 0.5011487429006602, 0.5011487428855027, 0.5011487428798904]}, "9": {"maxiter": 1000, "fatol": 1e-05, "xatol": 1e-10, "duration": 0.16376018524169922, "fun": "0.5011487428792019", "nit": "409", "nfev": "718", "status": "0", "success": "True", "message": "Optimization terminated successfully.", "x": "[1.17422349 2.67788497 2.74486649 5.53402877 4.03806645 0.98450288]", "final_simplex": "(array([[1.17422349, 2.67788497, 2.74486649, 5.53402877, 4.03806645,\n        0.98450288],\n       [1.17422349, 2.67788497, 2.74486649, 5.53402877, 4.03806645,\n        0.98450288],\n       [1.17422349, 2.67788497, 2.74486649, 5.53402877, 4.03806645,\n        0.98450288],\n       [1.17422349, 2.67788497, 2.74486649, 5.53402877, 4.03806645,\n        0.98450288],\n       [1.17422349, 2.67788497, 2.74486649, 5.53402877, 4.03806645,\n        0.98450288],\n       [1.17422349, 2.67788497, 2.74486649, 5.53402877, 4.03806645,\n        0.98450288],\n       [1.17422349, 2.67788497, 2.74486649, 5.53402877, 4.03806645,\n        0.98450288]]), array([0.50114874, 0.50114874, 0.50114874, 0.50114874, 0.50114874,\n       0.50114874, 0.50114874]))", "callback": [0.7064206356879654, 0.6153053477651882, 0.5566417099977787, 0.5389259834353357, 0.5278307763211655, 0.5167826233135098, 0.5132085906537804, 0.5126483501733703, 0.5113969542070604, 0.5079793608749374, 0.5063657309709169, 0.5051433121177409, 0.5045712415237749, 0.5043755773348461, 0.5035999368364823, 0.5021716907242015, 0.5013013679546356, 0.5012434022240901, 0.5011711614709573, 0.5011579967316602, 0.5011505055374379, 0.5011490604280662, 0.5011488227409335, 0.5011487602383934, 0.5011487484899338, 0.5011487441380217, 0.5011487430973197, 0.501148742938916, 0.5011487429006602, 0.5011487428855027, 0.5011487428798428, 0.5011487428793429, 0.5011487428792378, 0.501148742879215, 0.5011487428792081, 0.5011487428792054, 0.5011487428792044, 0.5011487428792027, 0.5011487428792021, 0.5011487428792019, 0.5011487428792019]}, "10": {"maxiter": 1000, "fatol": 1e-10, "xatol": 1e-05, "duration": 0.11813616752624512, "fun": "0.5011487428798904", "nit": "301", "nfev": "477", "status": "0", "success": "True", "message": "Optimization terminated successfully.", "x": "[1.17422366 2.67788284 2.74486692 5.53402876 4.03806396 0.98450346]", "final_simplex": "(array([[1.17422366, 2.67788284, 2.74486692, 5.53402876, 4.03806396,\n        0.98450346],\n       [1.17422142, 2.67788185, 2.74486622, 5.53402593, 4.03806569,\n        0.9845063 ],\n       [1.17422198, 2.67788693, 2.74486966, 5.53402525, 4.03807017,\n        0.98449947],\n       [1.1742252 , 2.67788368, 2.74486505, 5.53402552, 4.03806779,\n        0.98450453],\n       [1.17422306, 2.6778829 , 2.74487357, 5.53402806, 4.03806831,\n        0.98449929],\n       [1.17422216, 2.67788334, 2.74486903, 5.53402854, 4.03807272,\n        0.98449458],\n       [1.17422341, 2.67788723, 2.74486625, 5.53403631, 4.03806934,\n        0.98449971]]), array([0.50114874, 0.50114874, 0.50114874, 0.50114874, 0.50114874,\n       0.50114874, 0.50114874]))", "callback": [0.7064206356879654, 0.6153053477651882, 0.5566417099977787, 0.5389259834353357, 0.5278307763211655, 0.5167826233135098, 0.5132085906537804, 0.5126483501733703, 0.5113969542070604, 0.5079793608749374, 0.5063657309709169, 0.5051433121177409, 0.5045712415237749, 0.5043755773348461, 0.5035999368364823, 0.5021716907242015, 0.5013013679546356, 0.5012434022240901, 0.5011711614709573, 0.5011579967316602, 0.5011505055374379, 0.5011490604280662, 0.5011488227409335, 0.5011487602383934, 0.5011487484899338, 0.5011487441380217, 0.5011487430973197, 0.501148742938916, 0.5011487429006602, 0.5011487428855027, 0.5011487428798904]}, "11": {"maxiter": 1000, "fatol": 1e-10, "xatol": 1e-10, "duration": 0.18330907821655273, "fun": "0.5011487428792019", "nit": "409", "nfev": "718", "status": "0", "success": "True", "message": "Optimization terminated successfully.", "x": "[1.17422349 2.67788497 2.74486649 5.53402877 4.03806645 0.98450288]", "final_simplex": "(array([[1.17422349, 2.67788497, 2.74486649, 5.53402877, 4.03806645,\n        0.98450288],\n       [1.17422349, 2.67788497, 2.74486649, 5.53402877, 4.03806645,\n        0.98450288],\n       [1.17422349, 2.67788497, 2.74486649, 5.53402877, 4.03806645,\n        0.98450288],\n       [1.17422349, 2.67788497, 2.74486649, 5.53402877, 4.03806645,\n        0.98450288],\n       [1.17422349, 2.67788497, 2.74486649, 5.53402877, 4.03806645,\n        0.98450288],\n       [1.17422349, 2.67788497, 2.74486649, 5.53402877, 4.03806645,\n        0.98450288],\n       [1.17422349, 2.67788497, 2.74486649, 5.53402877, 4.03806645,\n        0.98450288]]), array([0.50114874, 0.50114874, 0.50114874, 0.50114874, 0.50114874,\n       0.50114874, 0.50114874]))", "callback": [0.7064206356879654, 0.6153053477651882, 0.5566417099977787, 0.5389259834353357, 0.5278307763211655, 0.5167826233135098, 0.5132085906537804, 0.5126483501733703, 0.5113969542070604, 0.5079793608749374, 0.5063657309709169, 0.5051433121177409, 0.5045712415237749, 0.5043755773348461, 0.5035999368364823, 0.5021716907242015, 0.5013013679546356, 0.5012434022240901, 0.5011711614709573, 0.5011579967316602, 0.5011505055374379, 0.5011490604280662, 0.5011488227409335, 0.5011487602383934, 0.5011487484899338, 0.5011487441380217, 0.5011487430973197, 0.501148742938916, 0.5011487429006602, 0.5011487428855027, 0.5011487428798428, 0.5011487428793429, 0.5011487428792378, 0.501148742879215, 0.5011487428792081, 0.5011487428792054, 0.5011487428792044, 0.5011487428792027, 0.5011487428792021, 0.5011487428792019, 0.5011487428792019]}}, "bfgs": {"type": "gradient", "0": {"maxiter": 100, "gtol": 1e-05, "xrtol": 1e-05, "eps": 1e-05, "duration": 0.051438093185424805, "fun": "0.5011487428847603", "jac": "[ 6.46926956e-07  5.50537393e-07  2.72182277e-07  2.36555220e-07\n  1.36979317e-07 -1.64845915e-07]", "hess_inv": "[[  9.57436443  -0.85372048  -0.70827334   2.45515357   1.35783371\n   -3.76994814]\n [ -0.85372048   6.65734855  -3.871351     3.06939154  -0.6134664\n    0.85594276]\n [ -0.70827334  -3.871351    19.06784269  -6.71487647   4.70761562\n  -11.16331578]\n [  2.45515357   3.06939154  -6.71487647  12.81293407  -3.34046059\n    2.68850469]\n [  1.35783371  -0.6134664    4.70761562  -3.34046059  21.23190425\n  -18.60042509]\n [ -3.76994814   0.85594276 -11.16331578   2.68850469 -18.60042509\n   25.51349615]]", "nfev": "210", "njev": "30", "status": "0", "success": "True", "message": "Optimization terminated successfully.", "x": "[1.17422704 2.67788225 2.74487307 5.53402557 4.03807276 0.98448881]", "nit": "26", "callback": [0.6338229422840437, 0.5880448014870303, 0.564814447842628, 0.5406272615757762, 0.5202451064337765, 0.5121480224225481, 0.5099018924266656, 0.5065049463593952, 0.5039443137441417, 0.5029735005851421, 0.5023665070162655, 0.5017673837597929, 0.5013762332851994, 0.5012617839943252, 0.5012314877929893, 0.5012078458703723, 0.5011934632545457, 0.5011877867064738, 0.5011840048587763, 0.5011777907939391, 0.5011678542571459, 0.5011552750689579, 0.5011502173675435, 0.5011488092251182, 0.5011487442423359, 0.5011487428847603]}, "1": {"maxiter": 100, "gtol": 1e-05, "xrtol": 1e-05, "eps": 1e-10, "duration": 0.052670955657958984, "fun": "0.5011487429079342", "jac": "[2.22044587e-06 0.00000000e+00 0.00000000e+00 0.00000000e+00\n 0.00000000e+00 0.00000000e+00]", "hess_inv": "[[  9.64305986  -0.87122312  -0.65545267   2.44988766   1.27919681\n   -3.7089844 ]\n [ -0.87122312   6.65815443  -3.89144956   3.0540461   -0.48549086\n    0.72308785]\n [ -0.65545267  -3.89144956  19.08461456  -6.71163154   4.5898815\n  -11.04257546]\n [  2.44988766   3.0540461   -6.71163154  12.76918933  -3.1812284\n    2.51582328]\n [  1.27919681  -0.48549086   4.5898815   -3.1812284   21.07226061\n  -18.41759503]\n [ -3.7089844    0.72308785 -11.04257546   2.51582328 -18.41759503\n   25.30715438]]", "nfev": "210", "njev": "30", "status": "0", "success": "True", "message": "Optimization terminated successfully.", "x": "[1.17423626 2.67787524 2.74486429 5.53402    4.03805044 0.98451559]", "nit": "26", "callback": [0.6338231809587179, 0.5880448278434235, 0.5648090538254427, 0.5406220529760641, 0.5202471175827581, 0.5121478647824436, 0.509901767972189, 0.506504910281854, 0.5039442287375642, 0.5029737684144655, 0.5023663901362198, 0.5017674114382082, 0.5013762117846435, 0.501261779094978, 0.5012314692773618, 0.501207842154014, 0.5011934560110762, 0.5011877792082626, 0.5011839923402529, 0.5011777661587677, 0.5011678178320232, 0.5011552488656066, 0.5011502205949399, 0.5011488036506445, 0.5011487438735545, 0.5011487429079342]}, "2": {"maxiter": 100, "gtol": 1e-05, "xrtol": 1e-10, "eps": 1e-05, "duration": 0.05137324333190918, "fun": "0.5011487428847603", "jac": "[ 6.46926956e-07  5.50537393e-07  2.72182277e-07  2.36555220e-07\n  1.36979317e-07 -1.64845915e-07]", "hess_inv": "[[  9.57436443  -0.85372048  -0.70827334   2.45515357   1.35783371\n   -3.76994814]\n [ -0.85372048   6.65734855  -3.871351     3.06939154  -0.6134664\n    0.85594276]\n [ -0.70827334  -3.871351    19.06784269  -6.71487647   4.70761562\n  -11.16331578]\n [  2.45515357   3.06939154  -6.71487647  12.81293407  -3.34046059\n    2.68850469]\n [  1.35783371  -0.6134664    4.70761562  -3.34046059  21.23190425\n  -18.60042509]\n [ -3.76994814   0.85594276 -11.16331578   2.68850469 -18.60042509\n   25.51349615]]", "nfev": "210", "njev": "30", "status": "0", "success": "True", "message": "Optimization terminated successfully.", "x": "[1.17422704 2.67788225 2.74487307 5.53402557 4.03807276 0.98448881]", "nit": "26", "callback": [0.6338229422840437, 0.5880448014870303, 0.564814447842628, 0.5406272615757762, 0.5202451064337765, 0.5121480224225481, 0.5099018924266656, 0.5065049463593952, 0.5039443137441417, 0.5029735005851421, 0.5023665070162655, 0.5017673837597929, 0.5013762332851994, 0.5012617839943252, 0.5012314877929893, 0.5012078458703723, 0.5011934632545457, 0.5011877867064738, 0.5011840048587763, 0.5011777907939391, 0.5011678542571459, 0.5011552750689579, 0.5011502173675435, 0.5011488092251182, 0.5011487442423359, 0.5011487428847603]}, "3": {"maxiter": 100, "gtol": 1e-05, "xrtol": 1e-10, "eps": 1e-10, "duration": 0.05192089080810547, "fun": "0.5011487429079342", "jac": "[2.22044587e-06 0.00000000e+00 0.00000000e+00 0.00000000e+00\n 0.00000000e+00 0.00000000e+00]", "hess_inv": "[[  9.64305986  -0.87122312  -0.65545267   2.44988766   1.27919681\n   -3.7089844 ]\n [ -0.87122312   6.65815443  -3.89144956   3.0540461   -0.48549086\n    0.72308785]\n [ -0.65545267  -3.89144956  19.08461456  -6.71163154   4.5898815\n  -11.04257546]\n [  2.44988766   3.0540461   -6.71163154  12.76918933  -3.1812284\n    2.51582328]\n [  1.27919681  -0.48549086   4.5898815   -3.1812284   21.07226061\n  -18.41759503]\n [ -3.7089844    0.72308785 -11.04257546   2.51582328 -18.41759503\n   25.30715438]]", "nfev": "210", "njev": "30", "status": "0", "success": "True", "message": "Optimization terminated successfully.", "x": "[1.17423626 2.67787524 2.74486429 5.53402    4.03805044 0.98451559]", "nit": "26", "callback": [0.6338231809587179, 0.5880448278434235, 0.5648090538254427, 0.5406220529760641, 0.5202471175827581, 0.5121478647824436, 0.509901767972189, 0.506504910281854, 0.5039442287375642, 0.5029737684144655, 0.5023663901362198, 0.5017674114382082, 0.5013762117846435, 0.501261779094978, 0.5012314692773618, 0.501207842154014, 0.5011934560110762, 0.5011877792082626, 0.5011839923402529, 0.5011777661587677, 0.5011678178320232, 0.5011552488656066, 0.5011502205949399, 0.5011488036506445, 0.5011487438735545, 0.5011487429079342]}, "4": {"maxiter": 100, "gtol": 1e-10, "xrtol": 1e-05, "eps": 1e-05, "duration": 0.054183006286621094, "fun": "0.5011487428837085", "jac": "[ 4.55879778e-07  3.88211685e-07  1.93145500e-07  1.74082970e-07\n  8.85402862e-08 -1.16129328e-07]", "hess_inv": "[[  9.75551629  -0.77063881  -0.57425917   2.49797506   1.89083421\n   -4.45853261]\n [ -0.77063881   6.69316589  -3.81593367   3.09628107  -0.41878916\n    0.59671412]\n [ -0.57425917  -3.81593367  19.1509995   -6.66402669   4.97031705\n  -11.52312559]\n [  2.49797506   3.09628107  -6.66402669  12.80006523  -3.05663521\n    2.34632559]\n [  1.89083421  -0.41878916   4.97031705  -3.05663521  21.71663923\n  -19.39481466]\n [ -4.45853261   0.59671412 -11.52312559   2.34632559 -19.39481466\n   26.73091696]]", "nfev": "224", "njev": "32", "status": "0", "success": "True", "message": "Optimization terminated successfully.", "x": "[1.17422478 2.6778814  2.74487191 5.53402442 4.03807035 0.98449259]", "nit": "27", "callback": [0.6338229422840437, 0.5880448014870303, 0.564814447842628, 0.5406272615757762, 0.5202451064337765, 0.5121480224225481, 0.5099018924266656, 0.5065049463593952, 0.5039443137441417, 0.5029735005851421, 0.5023665070162655, 0.5017673837597929, 0.5013762332851994, 0.5012617839943252, 0.5012314877929893, 0.5012078458703723, 0.5011934632545457, 0.5011877867064738, 0.5011840048587763, 0.5011777907939391, 0.5011678542571459, 0.5011552750689579, 0.5011502173675435, 0.5011488092251182, 0.5011487442423359, 0.5011487428847603, 0.5011487428837085]}, "5": {"maxiter": 100, "gtol": 1e-10, "xrtol": 1e-05, "eps": 1e-10, "duration": 0.05270695686340332, "fun": "0.501148742900686", "jac": "[ 1.11022293e-06 -2.22044587e-06  0.00000000e+00 -3.33066880e-06\n -1.11022293e-06 -2.22044587e-06]", "hess_inv": "[[ 10.001681    -0.58466785  -0.42863647   2.55535772   2.93296511\n   -5.78580472]\n [ -0.58466785   6.60425239  -3.93298832   3.12558632  -0.58854362\n    0.78315526]\n [ -0.42863647  -3.93298832  19.0526224   -6.65495482   4.51398352\n  -11.00187617]\n [  2.55535772   3.12558632  -6.65495482  12.79963459  -2.75898964\n    1.9824491 ]\n [  2.93296511  -0.58854362   4.51398352  -2.75898964  21.52510279\n  -19.33549834]\n [ -5.78580472   0.78315526 -11.00187617   1.9824491  -19.33549834\n   26.88141989]]", "nfev": "224", "njev": "32", "status": "0", "success": "True", "message": "Optimization terminated successfully.", "x": "[1.17422597 2.67787584 2.74486473 5.53401737 4.03804742 0.98452154]", "nit": "27", "callback": [0.6338231809587179, 0.5880448278434235, 0.5648090538254427, 0.5406220529760641, 0.5202471175827581, 0.5121478647824436, 0.509901767972189, 0.506504910281854, 0.5039442287375642, 0.5029737684144655, 0.5023663901362198, 0.5017674114382082, 0.5013762117846435, 0.501261779094978, 0.5012314692773618, 0.501207842154014, 0.5011934560110762, 0.5011877792082626, 0.5011839923402529, 0.5011777661587677, 0.5011678178320232, 0.5011552488656066, 0.5011502205949399, 0.5011488036506445, 0.5011487438735545, 0.5011487429079342, 0.501148742900686]}, "6": {"maxiter": 100, "gtol": 1e-10, "xrtol": 1e-10, "eps": 1e-05, "duration": 0.08885312080383301, "fun": "0.5011487428836972", "jac": "[ 2.87814217e-07  2.44049225e-07  1.20814470e-07  1.11144427e-07\n  5.47450973e-08 -7.41406936e-08]", "hess_inv": "[[ 10.07717581  -0.60527157  -0.61845317   2.95102774   1.74754274\n   -4.57395018]\n [ -0.60527157   6.77164709  -3.80982383   3.28869307  -0.42410338\n    0.47832799]\n [ -0.61845317  -3.80982383  19.02672203  -6.54489592   4.68466745\n  -11.24301193]\n [  2.95102774   3.28869307  -6.54489592  13.18484854  -2.83158258\n    1.81458134]\n [  1.74754274  -0.42410338   4.68466745  -2.83158258  21.06100172\n  -18.72128247]\n [ -4.57395018   0.47832799 -11.24301193   1.81458134 -18.72128247\n   26.23432301]]", "nfev": "382", "njev": "53", "status": "2", "success": "False", "message": "Desired error not necessarily achieved due to precision loss.", "x": "[1.17422278 2.67788063 2.74487097 5.53402327 4.03806845 0.98449572]", "nit": "28", "callback": [0.6338229422840437, 0.5880448014870303, 0.564814447842628, 0.5406272615757762, 0.5202451064337765, 0.5121480224225481, 0.5099018924266656, 0.5065049463593952, 0.5039443137441417, 0.5029735005851421, 0.5023665070162655, 0.5017673837597929, 0.5013762332851994, 0.5012617839943252, 0.5012314877929893, 0.5012078458703723, 0.5011934632545457, 0.5011877867064738, 0.5011840048587763, 0.5011777907939391, 0.5011678542571459, 0.5011552750689579, 0.5011502173675435, 0.5011488092251182, 0.5011487442423359, 0.5011487428847603, 0.5011487428837085, 0.5011487428836972]}, "7": {"maxiter": 100, "gtol": 1e-10, "xrtol": 1e-10, "eps": 1e-10, "duration": 0.07594513893127441, "fun": "0.5011487428930479", "jac": "[0.00000000e+00 0.00000000e+00 1.11022293e-06 1.11022293e-06\n 0.00000000e+00 0.00000000e+00]", "hess_inv": "[[ 23.48143757 -11.69101482   5.29455093  -3.01481568 -23.33972045\n   17.49692199]\n [-11.69101482   9.27483015  -0.73915023   0.8512669   11.75928831\n  -10.60648083]\n [  5.29455093  -0.73915023   6.63685508  -1.56849273  -4.8184686\n    2.83869496]\n [ -3.01481568   0.8512669   -1.56849273   1.38263756   4.16002507\n   -2.82174796]\n [-23.33972045  11.75928831  -4.8184686    4.16002507  32.57058213\n  -22.03248155]\n [ 17.49692199 -10.60648083   2.83869496  -2.82174796 -22.03248155\n   16.65582116]]", "nfev": "329", "njev": "47", "status": "0", "success": "True", "message": "Optimization terminated successfully.", "x": "[1.17421085 2.6778799  2.74486713 5.53402068 4.03805499 0.98451563]", "nit": "31", "callback": [0.6338231809587179, 0.5880448278434235, 0.5648090538254427, 0.5406220529760641, 0.5202471175827581, 0.5121478647824436, 0.509901767972189, 0.506504910281854, 0.5039442287375642, 0.5029737684144655, 0.5023663901362198, 0.5017674114382082, 0.5013762117846435, 0.501261779094978, 0.5012314692773618, 0.501207842154014, 0.5011934560110762, 0.5011877792082626, 0.5011839923402529, 0.5011777661587677, 0.5011678178320232, 0.5011552488656066, 0.5011502205949399, 0.5011488036506445, 0.5011487438735545, 0.5011487429079342, 0.501148742900686, 0.5011487429004003, 0.5011487428934928, 0.5011487428930479, 0.5011487428930479]}, "8": {"maxiter": 500, "gtol": 1e-05, "xrtol": 1e-05, "eps": 1e-05, "duration": 0.04790186882019043, "fun": "0.5011487428847603", "jac": "[ 6.46926956e-07  5.50537393e-07  2.72182277e-07  2.36555220e-07\n  1.36979317e-07 -1.64845915e-07]", "hess_inv": "[[  9.57436443  -0.85372048  -0.70827334   2.45515357   1.35783371\n   -3.76994814]\n [ -0.85372048   6.65734855  -3.871351     3.06939154  -0.6134664\n    0.85594276]\n [ -0.70827334  -3.871351    19.06784269  -6.71487647   4.70761562\n  -11.16331578]\n [  2.45515357   3.06939154  -6.71487647  12.81293407  -3.34046059\n    2.68850469]\n [  1.35783371  -0.6134664    4.70761562  -3.34046059  21.23190425\n  -18.60042509]\n [ -3.76994814   0.85594276 -11.16331578   2.68850469 -18.60042509\n   25.51349615]]", "nfev": "210", "njev": "30", "status": "0", "success": "True", "message": "Optimization terminated successfully.", "x": "[1.17422704 2.67788225 2.74487307 5.53402557 4.03807276 0.98448881]", "nit": "26", "callback": [0.6338229422840437, 0.5880448014870303, 0.564814447842628, 0.5406272615757762, 0.5202451064337765, 0.5121480224225481, 0.5099018924266656, 0.5065049463593952, 0.5039443137441417, 0.5029735005851421, 0.5023665070162655, 0.5017673837597929, 0.5013762332851994, 0.5012617839943252, 0.5012314877929893, 0.5012078458703723, 0.5011934632545457, 0.5011877867064738, 0.5011840048587763, 0.5011777907939391, 0.5011678542571459, 0.5011552750689579, 0.5011502173675435, 0.5011488092251182, 0.5011487442423359, 0.5011487428847603]}, "9": {"maxiter": 500, "gtol": 1e-05, "xrtol": 1e-05, "eps": 1e-10, "duration": 0.04848504066467285, "fun": "0.5011487429079342", "jac": "[2.22044587e-06 0.00000000e+00 0.00000000e+00 0.00000000e+00\n 0.00000000e+00 0.00000000e+00]", "hess_inv": "[[  9.64305986  -0.87122312  -0.65545267   2.44988766   1.27919681\n   -3.7089844 ]\n [ -0.87122312   6.65815443  -3.89144956   3.0540461   -0.48549086\n    0.72308785]\n [ -0.65545267  -3.89144956  19.08461456  -6.71163154   4.5898815\n  -11.04257546]\n [  2.44988766   3.0540461   -6.71163154  12.76918933  -3.1812284\n    2.51582328]\n [  1.27919681  -0.48549086   4.5898815   -3.1812284   21.07226061\n  -18.41759503]\n [ -3.7089844    0.72308785 -11.04257546   2.51582328 -18.41759503\n   25.30715438]]", "nfev": "210", "njev": "30", "status": "0", "success": "True", "message": "Optimization terminated successfully.", "x": "[1.17423626 2.67787524 2.74486429 5.53402    4.03805044 0.98451559]", "nit": "26", "callback": [0.6338231809587179, 0.5880448278434235, 0.5648090538254427, 0.5406220529760641, 0.5202471175827581, 0.5121478647824436, 0.509901767972189, 0.506504910281854, 0.5039442287375642, 0.5029737684144655, 0.5023663901362198, 0.5017674114382082, 0.5013762117846435, 0.501261779094978, 0.5012314692773618, 0.501207842154014, 0.5011934560110762, 0.5011877792082626, 0.5011839923402529, 0.5011777661587677, 0.5011678178320232, 0.5011552488656066, 0.5011502205949399, 0.5011488036506445, 0.5011487438735545, 0.5011487429079342]}, "10": {"maxiter": 500, "gtol": 1e-05, "xrtol": 1e-10, "eps": 1e-05, "duration": 0.04830622673034668, "fun": "0.5011487428847603", "jac": "[ 6.46926956e-07  5.50537393e-07  2.72182277e-07  2.36555220e-07\n  1.36979317e-07 -1.64845915e-07]", "hess_inv": "[[  9.57436443  -0.85372048  -0.70827334   2.45515357   1.35783371\n   -3.76994814]\n [ -0.85372048   6.65734855  -3.871351     3.06939154  -0.6134664\n    0.85594276]\n [ -0.70827334  -3.871351    19.06784269  -6.71487647   4.70761562\n  -11.16331578]\n [  2.45515357   3.06939154  -6.71487647  12.81293407  -3.34046059\n    2.68850469]\n [  1.35783371  -0.6134664    4.70761562  -3.34046059  21.23190425\n  -18.60042509]\n [ -3.76994814   0.85594276 -11.16331578   2.68850469 -18.60042509\n   25.51349615]]", "nfev": "210", "njev": "30", "status": "0", "success": "True", "message": "Optimization terminated successfully.", "x": "[1.17422704 2.67788225 2.74487307 5.53402557 4.03807276 0.98448881]", "nit": "26", "callback": [0.6338229422840437, 0.5880448014870303, 0.564814447842628, 0.5406272615757762, 0.5202451064337765, 0.5121480224225481, 0.5099018924266656, 0.5065049463593952, 0.5039443137441417, 0.5029735005851421, 0.5023665070162655, 0.5017673837597929, 0.5013762332851994, 0.5012617839943252, 0.5012314877929893, 0.5012078458703723, 0.5011934632545457, 0.5011877867064738, 0.5011840048587763, 0.5011777907939391, 0.5011678542571459, 0.5011552750689579, 0.5011502173675435, 0.5011488092251182, 0.5011487442423359, 0.5011487428847603]}, "11": {"maxiter": 500, "gtol": 1e-05, "xrtol": 1e-10, "eps": 1e-10, "duration": 0.047119140625, "fun": "0.5011487429079342", "jac": "[2.22044587e-06 0.00000000e+00 0.00000000e+00 0.00000000e+00\n 0.00000000e+00 0.00000000e+00]", "hess_inv": "[[  9.64305986  -0.87122312  -0.65545267   2.44988766   1.27919681\n   -3.7089844 ]\n [ -0.87122312   6.65815443  -3.89144956   3.0540461   -0.48549086\n    0.72308785]\n [ -0.65545267  -3.89144956  19.08461456  -6.71163154   4.5898815\n  -11.04257546]\n [  2.44988766   3.0540461   -6.71163154  12.76918933  -3.1812284\n    2.51582328]\n [  1.27919681  -0.48549086   4.5898815   -3.1812284   21.07226061\n  -18.41759503]\n [ -3.7089844    0.72308785 -11.04257546   2.51582328 -18.41759503\n   25.30715438]]", "nfev": "210", "njev": "30", "status": "0", "success": "True", "message": "Optimization terminated successfully.", "x": "[1.17423626 2.67787524 2.74486429 5.53402    4.03805044 0.98451559]", "nit": "26", "callback": 