{"date": "2024/09/25/, 07:57:39", "conf_id": 176, "data_type": "non_lin_ind\n", "num_data_points": 1, "s_rank": 0, "unitary": "[[-0.56303964-0.00798273j,-0.21670212-0.15784972j,-0.06047197-0.73952673j,-0.01438004+0.24552571j],[-0.06976756+0.23474685j,-0.01275565-0.5435098j,-0.02703657-0.08917885j,-0.08210486-0.79311774j],[-0.38559961+0.10714929j,0.5933431-0.2687392j,-0.24060861+0.29149289j,-0.45147719+0.26241743j],[-0.50180421+0.45931857j,-0.11617175+0.44134496j,0.49642745+0.22684508j,-0.08544628-0.15407063j]]", "databatch_0": {"databatch": "[[[0.18296207-0.039864j,0.01728434+0.16681302j,-0.25011346+0.00779797j,0.02150439+0.33627143j],[-0.16909668-0.23945327j,-0.02167829+0.09437782j,-0.05935345-0.16599161j,0.31569264-0.01070814j],[0.1589762-0.31264306j,0.02167745+0.05222731j,0.20388139+0.06049049j,-0.02018623-0.20982438j],[-0.33086178-0.02505743j,-0.06524797+0.13234857j,-0.13641871+0.37404522j,-0.05004541+0.16036912j]]]", "initial param values": "[0.45824473,1.27876422,5.78760181,4.43642678,2.60458021,0.43089081]", "nelder_mead": {"type": "gradient-free", "0": {"maxiter": 100, "fatol": 1e-05, "xatol": 1e-05, "duration": 0.03616213798522949, "fun": "0.4175071712259312", "nit": "100", "nfev": "151", "status": "2", "success": "False", "message": "Maximum number of iterations has been exceeded.", "x": "[1.43291261 0.06233733 6.74398546 4.3907151  3.50200109 1.45959964]", "final_simplex": "(array([[ 1.43291261e+00,  6.23373289e-02,  6.74398546e+00,\n         4.39071510e+00,  3.50200109e+00,  1.45959964e+00],\n       [ 1.31801727e+00,  2.94882707e-01,  6.87798809e+00,\n         4.23133488e+00,  3.37860642e+00,  1.33619495e+00],\n       [ 1.20914844e+00,  3.77776410e-01,  6.71927012e+00,\n         4.28632010e+00,  3.91820349e+00,  1.35181997e+00],\n       [ 1.35905083e+00,  3.78804767e-03,  6.92468264e+00,\n         4.21111235e+00,  3.64464827e+00,  1.42463509e+00],\n       [ 1.17265506e+00,  8.90169400e-02,  6.80996527e+00,\n         4.39287450e+00,  3.28752053e+00,  1.19145833e+00],\n       [ 1.12497053e+00,  2.92785780e-01,  6.83591404e+00,\n         4.04589578e+00,  3.53320476e+00,  1.21316913e+00],\n       [ 1.40843541e+00, -1.79694203e-01,  6.66776934e+00,\n         3.91827067e+00,  3.02430455e+00,  1.31694154e+00]]), array([0.41750717, 0.42862566, 0.44276004, 0.45683977, 0.4576346 ,\n       0.46645831, 0.46821568]))", "callback": [0.7522766282120805, 0.7298416199193609, 0.7084354711619885, 0.6895784731899794, 0.6843712852819536, 0.6598000943648104, 0.6231736958457319, 0.5572895422203907, 0.524389063491983, 0.46821567743925396]}, "1": {"maxiter": 100, "fatol": 1e-05, "xatol": 1e-10, "duration": 0.034700870513916016, "fun": "0.4175071712259312", "nit": "100", "nfev": "151", "status": "2", "success": "False", "message": "Maximum number of iterations has been exceeded.", "x": "[1.43291261 0.06233733 6.74398546 4.3907151  3.50200109 1.45959964]", "final_simplex": "(array([[ 1.43291261e+00,  6.23373289e-02,  6.74398546e+00,\n         4.39071510e+00,  3.50200109e+00,  1.45959964e+00],\n       [ 1.31801727e+00,  2.94882707e-01,  6.87798809e+00,\n         4.23133488e+00,  3.37860642e+00,  1.33619495e+00],\n       [ 1.20914844e+00,  3.77776410e-01,  6.71927012e+00,\n         4.28632010e+00,  3.91820349e+00,  1.35181997e+00],\n       [ 1.35905083e+00,  3.78804767e-03,  6.92468264e+00,\n         4.21111235e+00,  3.64464827e+00,  1.42463509e+00],\n       [ 1.17265506e+00,  8.90169400e-02,  6.80996527e+00,\n         4.39287450e+00,  3.28752053e+00,  1.19145833e+00],\n       [ 1.12497053e+00,  2.92785780e-01,  6.83591404e+00,\n         4.04589578e+00,  3.53320476e+00,  1.21316913e+00],\n       [ 1.40843541e+00, -1.79694203e-01,  6.66776934e+00,\n         3.91827067e+00,  3.02430455e+00,  1.31694154e+00]]), array([0.41750717, 0.42862566, 0.44276004, 0.45683977, 0.4576346 ,\n       0.46645831, 0.46821568]))", "callback": [0.7522766282120805, 0.7298416199193609, 0.7084354711619885, 0.6895784731899794, 0.6843712852819536, 0.6598000943648104, 0.6231736958457319, 0.5572895422203907, 0.524389063491983, 0.46821567743925396]}, "2": {"maxiter": 100, "fatol": 1e-10, "xatol": 1e-05, "duration": 0.035295963287353516, "fun": "0.4175071712259312", "nit": "100", "nfev": "151", "status": "2", "success": "False", "message": "Maximum number of iterations has been exceeded.", "x": "[1.43291261 0.06233733 6.74398546 4.3907151  3.50200109 1.45959964]", "final_simplex": "(array([[ 1.43291261e+00,  6.23373289e-02,  6.74398546e+00,\n         4.39071510e+00,  3.50200109e+00,  1.45959964e+00],\n       [ 1.31801727e+00,  2.94882707e-01,  6.87798809e+00,\n         4.23133488e+00,  3.37860642e+00,  1.33619495e+00],\n       [ 1.20914844e+00,  3.77776410e-01,  6.71927012e+00,\n         4.28632010e+00,  3.91820349e+00,  1.35181997e+00],\n       [ 1.35905083e+00,  3.78804767e-03,  6.92468264e+00,\n         4.21111235e+00,  3.64464827e+00,  1.42463509e+00],\n       [ 1.17265506e+00,  8.90169400e-02,  6.80996527e+00,\n         4.39287450e+00,  3.28752053e+00,  1.19145833e+00],\n       [ 1.12497053e+00,  2.92785780e-01,  6.83591404e+00,\n         4.04589578e+00,  3.53320476e+00,  1.21316913e+00],\n       [ 1.40843541e+00, -1.79694203e-01,  6.66776934e+00,\n         3.91827067e+00,  3.02430455e+00,  1.31694154e+00]]), array([0.41750717, 0.42862566, 0.44276004, 0.45683977, 0.4576346 ,\n       0.46645831, 0.46821568]))", "callback": [0.7522766282120805, 0.7298416199193609, 0.7084354711619885, 0.6895784731899794, 0.6843712852819536, 0.6598000943648104, 0.6231736958457319, 0.5572895422203907, 0.524389063491983, 0.46821567743925396]}, "3": {"maxiter": 100, "fatol": 1e-10, "xatol": 1e-10, "duration": 0.03340506553649902, "fun": "0.4175071712259312", "nit": "100", "nfev": "151", "status": "2", "success": "False", "message": "Maximum number of iterations has been exceeded.", "x": "[1.43291261 0.06233733 6.74398546 4.3907151  3.50200109 1.45959964]", "final_simplex": "(array([[ 1.43291261e+00,  6.23373289e-02,  6.74398546e+00,\n         4.39071510e+00,  3.50200109e+00,  1.45959964e+00],\n       [ 1.31801727e+00,  2.94882707e-01,  6.87798809e+00,\n         4.23133488e+00,  3.37860642e+00,  1.33619495e+00],\n       [ 1.20914844e+00,  3.77776410e-01,  6.71927012e+00,\n         4.28632010e+00,  3.91820349e+00,  1.35181997e+00],\n       [ 1.35905083e+00,  3.78804767e-03,  6.92468264e+00,\n         4.21111235e+00,  3.64464827e+00,  1.42463509e+00],\n       [ 1.17265506e+00,  8.90169400e-02,  6.80996527e+00,\n         4.39287450e+00,  3.28752053e+00,  1.19145833e+00],\n       [ 1.12497053e+00,  2.92785780e-01,  6.83591404e+00,\n         4.04589578e+00,  3.53320476e+00,  1.21316913e+00],\n       [ 1.40843541e+00, -1.79694203e-01,  6.66776934e+00,\n         3.91827067e+00,  3.02430455e+00,  1.31694154e+00]]), array([0.41750717, 0.42862566, 0.44276004, 0.45683977, 0.4576346 ,\n       0.46645831, 0.46821568]))", "callback": [0.7522766282120805, 0.7298416199193609, 0.7084354711619885, 0.6895784731899794, 0.6843712852819536, 0.6598000943648104, 0.6231736958457319, 0.5572895422203907, 0.524389063491983, 0.46821567743925396]}, "4": {"maxiter": 500, "fatol": 1e-05, "xatol": 1e-05, "duration": 0.15221691131591797, "fun": "0.33481325277775276", "nit": "440", "nfev": "683", "status": "0", "success": "True", "message": "Optimization terminated successfully.", "x": "[1.16418086 0.55039822 6.06429604 4.6617646  3.73672995 2.01238665]", "final_simplex": "(array([[1.16418086, 0.55039822, 6.06429604, 4.6617646 , 3.73672995,\n        2.01238665],\n       [1.16418109, 0.5503913 , 6.06429849, 4.66176667, 3.7367227 ,\n        2.01238896],\n       [1.16417564, 0.55039979, 6.0642937 , 4.66176833, 3.73672304,\n        2.01238833],\n       [1.16417458, 0.55039281, 6.064294  , 4.66176441, 3.73672588,\n        2.01239423],\n       [1.16418271, 0.55039435, 6.06429747, 4.66176827, 3.7367302 ,\n        2.01238934],\n       [1.16417941, 0.55038868, 6.06429513, 4.66176968, 3.73673039,\n        2.01238643],\n       [1.16418207, 0.55040045, 6.06428796, 4.66176585, 3.73672516,\n        2.01238808]]), array([0.33481325, 0.33481325, 0.33481325, 0.33481325, 0.33481325,\n       0.33481325, 0.33481325]))", "callback": [0.7522766282120805, 0.7298416199193609, 0.7084354711619885, 0.6895784731899794, 0.6843712852819536, 0.6598000943648104, 0.6231736958457319, 0.5572895422203907, 0.524389063491983, 0.46821567743925396, 0.4175071712259312, 0.38138965461484153, 0.36885711261812193, 0.3680528958498306, 0.36739341581156315, 0.36715254381019646, 0.3671408269839338, 0.3669020853805548, 0.3662611278204262, 0.36446614793922816, 0.36145918893802254, 0.3564369834603722, 0.34690980293618234, 0.34310181576536825, 0.3405088359577242, 0.33740468950971225, 0.3362943932160165, 0.33532028447732376, 0.3350470699634266, 0.33486630232582537, 0.3348338315628795, 0.33481699246840235, 0.33481396853746537, 0.33481356150870845, 0.3348132948069036, 0.3348132948069036, 0.3348132663083978, 0.3348132582981177, 0.3348132543426525, 0.3348132534544397, 0.3348132531165068, 0.3348132529909966, 0.3348132528018908, 0.3348132527929837]}, "5": {"maxiter": 500, "fatol": 1e-05, "xatol": 1e-10, "duration": 0.17125511169433594, "fun": "0.3348132527707546", "nit": "500", "nfev": "776", "status": "2", "success": "False", "message": "Maximum number of iterations has been exceeded.", "x": "[1.16417583 0.55039468 6.06429675 4.66176355 3.73672777 2.01238497]", "final_simplex": "(array([[1.16417583, 0.55039468, 6.06429675, 4.66176355, 3.73672777,\n        2.01238497],\n       [1.16417607, 0.5503959 , 6.06429642, 4.66176367, 3.73672816,\n        2.01238442],\n       [1.16417655, 0.55039495, 6.06429629, 4.661763  , 3.73672761,\n        2.01238444],\n       [1.16417625, 0.55039526, 6.06429645, 4.66176365, 3.7367277 ,\n        2.01238524],\n       [1.16417601, 0.55039482, 6.0642963 , 4.66176349, 3.73672791,\n        2.012385  ],\n       [1.16417578, 0.55039491, 6.06429665, 4.66176357, 3.73672706,\n        2.01238484],\n       [1.1641766 , 0.55039506, 6.06429666, 4.66176412, 3.73672747,\n        2.01238413]]), array([0.33481325, 0.33481325, 0.33481325, 0.33481325, 0.33481325,\n       0.33481325, 0.33481325]))", "callback": [0.7522766282120805, 0.7298416199193609, 0.7084354711619885, 0.6895784731899794, 0.6843712852819536, 0.6598000943648104, 0.6231736958457319, 0.5572895422203907, 0.524389063491983, 0.46821567743925396, 0.4175071712259312, 0.38138965461484153, 0.36885711261812193, 0.3680528958498306, 0.36739341581156315, 0.36715254381019646, 0.3671408269839338, 0.3669020853805548, 0.3662611278204262, 0.36446614793922816, 0.36145918893802254, 0.3564369834603722, 0.34690980293618234, 0.34310181576536825, 0.3405088359577242, 0.33740468950971225, 0.3362943932160165, 0.33532028447732376, 0.3350470699634266, 0.33486630232582537, 0.3348338315628795, 0.33481699246840235, 0.33481396853746537, 0.33481356150870845, 0.3348132948069036, 0.3348132948069036, 0.3348132663083978, 0.3348132582981177, 0.3348132543426525, 0.3348132534544397, 0.3348132531165068, 0.3348132529909966, 0.3348132528018908, 0.3348132527929837, 0.33481325277775276, 0.33481325277411145, 0.334813252772139, 0.3348132527718046, 0.3348132527714096, 0.334813252770928]}, "6": {"maxiter": 500, "fatol": 1e-10, "xatol": 1e-05, "duration": 0.16915202140808105, "fun": "0.33481325277775276", "nit": "440", "nfev": "683", "status": "0", "success": "True", "message": "Optimization terminated successfully.", "x": "[1.16418086 0.55039822 6.06429604 4.6617646  3.73672995 2.01238665]", "final_simplex": "(array([[1.16418086, 0.55039822, 6.06429604, 4.6617646 , 3.73672995,\n        2.01238665],\n       [1.16418109, 0.5503913 , 6.06429849, 4.66176667, 3.7367227 ,\n        2.01238896],\n       [1.16417564, 0.55039979, 6.0642937 , 4.66176833, 3.73672304,\n        2.01238833],\n       [1.16417458, 0.55039281, 6.064294  , 4.66176441, 3.73672588,\n        2.01239423],\n       [1.16418271, 0.55039435, 6.06429747, 4.66176827, 3.7367302 ,\n        2.01238934],\n       [1.16417941, 0.55038868, 6.06429513, 4.66176968, 3.73673039,\n        2.01238643],\n       [1.16418207, 0.55040045, 6.06428796, 4.66176585, 3.73672516,\n        2.01238808]]), array([0.33481325, 0.33481325, 0.33481325, 0.33481325, 0.33481325,\n       0.33481325, 0.33481325]))", "callback": [0.7522766282120805, 0.7298416199193609, 0.7084354711619885, 0.6895784731899794, 0.6843712852819536, 0.6598000943648104, 0.6231736958457319, 0.5572895422203907, 0.524389063491983, 0.46821567743925396, 0.4175071712259312, 0.38138965461484153, 0.36885711261812193, 0.3680528958498306, 0.36739341581156315, 0.36715254381019646, 0.3671408269839338, 0.3669020853805548, 0.3662611278204262, 0.36446614793922816, 0.36145918893802254, 0.3564369834603722, 0.34690980293618234, 0.34310181576536825, 0.3405088359577242, 0.33740468950971225, 0.3362943932160165, 0.33532028447732376, 0.3350470699634266, 0.33486630232582537, 0.3348338315628795, 0.33481699246840235, 0.33481396853746537, 0.33481356150870845, 0.3348132948069036, 0.3348132948069036, 0.3348132663083978, 0.3348132582981177, 0.3348132543426525, 0.3348132534544397, 0.3348132531165068, 0.3348132529909966, 0.3348132528018908, 0.3348132527929837]}, "7": {"maxiter": 500, "fatol": 1e-10, "xatol": 1e-10, "duration": 0.1850910186767578, "fun": "0.3348132527707546", "nit": "500", "nfev": "776", "status": "2", "success": "False", "message": "Maximum number of iterations has been exceeded.", "x": "[1.16417583 0.55039468 6.06429675 4.66176355 3.73672777 2.01238497]", "final_simplex": "(array([[1.16417583, 0.55039468, 6.06429675, 4.66176355, 3.73672777,\n        2.01238497],\n       [1.16417607, 0.5503959 , 6.06429642, 4.66176367, 3.73672816,\n        2.01238442],\n       [1.16417655, 0.55039495, 6.06429629, 4.661763  , 3.73672761,\n        2.01238444],\n       [1.16417625, 0.55039526, 6.06429645, 4.66176365, 3.7367277 ,\n        2.01238524],\n       [1.16417601, 0.55039482, 6.0642963 , 4.66176349, 3.73672791,\n        2.012385  ],\n       [1.16417578, 0.55039491, 6.06429665, 4.66176357, 3.73672706,\n        2.01238484],\n       [1.1641766 , 0.55039506, 6.06429666, 4.66176412, 3.73672747,\n        2.01238413]]), array([0.33481325, 0.33481325, 0.33481325, 0.33481325, 0.33481325,\n       0.33481325, 0.33481325]))", "callback": [0.7522766282120805, 0.7298416199193609, 0.7084354711619885, 0.6895784731899794, 0.6843712852819536, 0.6598000943648104, 0.6231736958457319, 0.5572895422203907, 0.524389063491983, 0.46821567743925396, 0.4175071712259312, 0.38138965461484153, 0.36885711261812193, 0.3680528958498306, 0.36739341581156315, 0.36715254381019646, 0.3671408269839338, 0.3669020853805548, 0.3662611278204262, 0.36446614793922816, 0.36145918893802254, 0.3564369834603722, 0.34690980293618234, 0.34310181576536825, 0.3405088359577242, 0.33740468950971225, 0.3362943932160165, 0.33532028447732376, 0.3350470699634266, 0.33486630232582537, 0.3348338315628795, 0.33481699246840235, 0.33481396853746537, 0.33481356150870845, 0.3348132948069036, 0.3348132948069036, 0.3348132663083978, 0.3348132582981177, 0.3348132543426525, 0.3348132534544397, 0.3348132531165068, 0.3348132529909966, 0.3348132528018908, 0.3348132527929837, 0.33481325277775276, 0.33481325277411145, 0.334813252772139, 0.3348132527718046, 0.3348132527714096, 0.334813252770928]}, "8": {"maxiter": 1000, "fatol": 1e-05, "xatol": 1e-05, "duration": 0.15646886825561523, "fun": "0.33481325277775276", "nit": "440", "nfev": "683", "status": "0", "success": "True", "message": "Optimization terminated successfully.", "x": "[1.16418086 0.55039822 6.06429604 4.6617646  3.73672995 2.01238665]", "final_simplex": "(array([[1.16418086, 0.55039822, 6.06429604, 4.6617646 , 3.73672995,\n        2.01238665],\n       [1.16418109, 0.5503913 , 6.06429849, 4.66176667, 3.7367227 ,\n        2.01238896],\n       [1.16417564, 0.55039979, 6.0642937 , 4.66176833, 3.73672304,\n        2.01238833],\n       [1.16417458, 0.55039281, 6.064294  , 4.66176441, 3.73672588,\n        2.01239423],\n       [1.16418271, 0.55039435, 6.06429747, 4.66176827, 3.7367302 ,\n        2.01238934],\n       [1.16417941, 0.55038868, 6.06429513, 4.66176968, 3.73673039,\n        2.01238643],\n       [1.16418207, 0.55040045, 6.06428796, 4.66176585, 3.73672516,\n        2.01238808]]), array([0.33481325, 0.33481325, 0.33481325, 0.33481325, 0.33481325,\n       0.33481325, 0.33481325]))", "callback": [0.7522766282120805, 0.7298416199193609, 0.7084354711619885, 0.6895784731899794, 0.6843712852819536, 0.6598000943648104, 0.6231736958457319, 0.5572895422203907, 0.524389063491983, 0.46821567743925396, 0.4175071712259312, 0.38138965461484153, 0.36885711261812193, 0.3680528958498306, 0.36739341581156315, 0.36715254381019646, 0.3671408269839338, 0.3669020853805548, 0.3662611278204262, 0.36446614793922816, 0.36145918893802254, 0.3564369834603722, 0.34690980293618234, 0.34310181576536825, 0.3405088359577242, 0.33740468950971225, 0.3362943932160165, 0.33532028447732376, 0.3350470699634266, 0.33486630232582537, 0.3348338315628795, 0.33481699246840235, 0.33481396853746537, 0.33481356150870845, 0.3348132948069036, 0.3348132948069036, 0.3348132663083978, 0.3348132582981177, 0.3348132543426525, 0.3348132534544397, 0.3348132531165068, 0.3348132529909966, 0.3348132528018908, 0.3348132527929837]}, "9": {"maxiter": 1000, "fatol": 1e-05, "xatol": 1e-10, "duration": 0.24642300605773926, "fun": "0.3348132527699139", "nit": "635", "nfev": "1041", "status": "0", "success": "True", "message": "Optimization terminated successfully.", "x": "[1.16417683 0.55039398 6.06429932 4.66176188 3.73672761 2.01238376]", "final_simplex": "(array([[1.16417683, 0.55039398, 6.06429932, 4.66176188, 3.73672761,\n        2.01238376],\n       [1.16417683, 0.55039398, 6.06429932, 4.66176188, 3.73672761,\n        2.01238376],\n       [1.16417683, 0.55039398, 6.06429932, 4.66176188, 3.73672761,\n        2.01238376],\n       [1.16417683, 0.55039398, 6.06429932, 4.66176188, 3.73672761,\n        2.01238376],\n       [1.16417683, 0.55039398, 6.06429932, 4.66176188, 3.73672761,\n        2.01238376],\n       [1.16417683, 0.55039398, 6.06429932, 4.66176188, 3.73672761,\n        2.01238376],\n       [1.16417683, 0.55039398, 6.06429932, 4.66176188, 3.73672761,\n        2.01238376]]), array([0.33481325, 0.33481325, 0.33481325, 0.33481325, 0.33481325,\n       0.33481325, 0.33481325]))", "callback": [0.7522766282120805, 0.7298416199193609, 0.7084354711619885, 0.6895784731899794, 0.6843712852819536, 0.6598000943648104, 0.6231736958457319, 0.5572895422203907, 0.524389063491983, 0.46821567743925396, 0.4175071712259312, 0.38138965461484153, 0.36885711261812193, 0.3680528958498306, 0.36739341581156315, 0.36715254381019646, 0.3671408269839338, 0.3669020853805548, 0.3662611278204262, 0.36446614793922816, 0.36145918893802254, 0.3564369834603722, 0.34690980293618234, 0.34310181576536825, 0.3405088359577242, 0.33740468950971225, 0.3362943932160165, 0.33532028447732376, 0.3350470699634266, 0.33486630232582537, 0.3348338315628795, 0.33481699246840235, 0.33481396853746537, 0.33481356150870845, 0.3348132948069036, 0.3348132948069036, 0.3348132663083978, 0.3348132582981177, 0.3348132543426525, 0.3348132534544397, 0.3348132531165068, 0.3348132529909966, 0.3348132528018908, 0.3348132527929837, 0.33481325277775276, 0.33481325277411145, 0.334813252772139, 0.3348132527718046, 0.3348132527714096, 0.334813252770928, 0.3348132527707546, 0.3348132527705676, 0.33481325277041485, 0.3348132527702198, 0.3348132527701071, 0.3348132527699528, 0.3348132527699329, 0.3348132527699179, 0.3348132527699147, 0.33481325276991425, 0.33481325276991414, 0.3348132527699139, 0.3348132527699139, 0.3348132527699139]}, "10": {"maxiter": 1000, "fatol": 1e-10, "xatol": 1e-05, "duration": 0.15380406379699707, "fun": "0.33481325277775276", "nit": "440", "nfev": "683", "status": "0", "success": "True", "message": "Optimization terminated successfully.", "x": "[1.16418086 0.55039822 6.06429604 4.6617646  3.73672995 2.01238665]", "final_simplex": "(array([[1.16418086, 0.55039822, 6.06429604, 4.6617646 , 3.73672995,\n        2.01238665],\n       [1.16418109, 0.5503913 , 6.06429849, 4.66176667, 3.7367227 ,\n        2.01238896],\n       [1.16417564, 0.55039979, 6.0642937 , 4.66176833, 3.73672304,\n        2.01238833],\n       [1.16417458, 0.55039281, 6.064294  , 4.66176441, 3.73672588,\n        2.01239423],\n       [1.16418271, 0.55039435, 6.06429747, 4.66176827, 3.7367302 ,\n        2.01238934],\n       [1.16417941, 0.55038868, 6.06429513, 4.66176968, 3.73673039,\n        2.01238643],\n       [1.16418207, 0.55040045, 6.06428796, 4.66176585, 3.73672516,\n        2.01238808]]), array([0.33481325, 0.33481325, 0.33481325, 0.33481325, 0.33481325,\n       0.33481325, 0.33481325]))", "callback": [0.7522766282120805, 0.7298416199193609, 0.7084354711619885, 0.6895784731899794, 0.6843712852819536, 0.6598000943648104, 0.6231736958457319, 0.5572895422203907, 0.524389063491983, 0.46821567743925396, 0.4175071712259312, 0.38138965461484153, 0.36885711261812193, 0.3680528958498306, 0.36739341581156315, 0.36715254381019646, 0.3671408269839338, 0.3669020853805548, 0.3662611278204262, 0.36446614793922816, 0.36145918893802254, 0.3564369834603722, 0.34690980293618234, 0.34310181576536825, 0.3405088359577242, 0.33740468950971225, 0.3362943932160165, 0.33532028447732376, 0.3350470699634266, 0.33486630232582537, 0.3348338315628795, 0.33481699246840235, 0.33481396853746537, 0.33481356150870845, 0.3348132948069036, 0.3348132948069036, 0.3348132663083978, 0.3348132582981177, 0.3348132543426525, 0.3348132534544397, 0.3348132531165068, 0.3348132529909966, 0.3348132528018908, 0.3348132527929837]}, "11": {"maxiter": 1000, "fatol": 1e-10, "xatol": 1e-10, "duration": 0.23214006423950195, "fun": "0.3348132527699139", "nit": "635", "nfev": "1041", "status": "0", "success": "True", "message": "Optimization terminated successfully.", "x": "[1.16417683 0.55039398 6.06429932 4.66176188 3.73672761 2.01238376]", "final_simplex": "(array([[1.16417683, 0.55039398, 6.06429932, 4.66176188, 3.73672761,\n        2.01238376],\n       [1.16417683, 0.55039398, 6.06429932, 4.66176188, 3.73672761,\n        2.01238376],\n       [1.16417683, 0.55039398, 6.06429932, 4.66176188, 3.73672761,\n        2.01238376],\n       [1.16417683, 0.55039398, 6.06429932, 4.66176188, 3.73672761,\n        2.01238376],\n       [1.16417683, 0.55039398, 6.06429932, 4.66176188, 3.73672761,\n        2.01238376],\n       [1.16417683, 0.55039398, 6.06429932, 4.66176188, 3.73672761,\n        2.01238376],\n       [1.16417683, 0.55039398, 6.06429932, 4.66176188, 3.73672761,\n        2.01238376]]), array([0.33481325, 0.33481325, 0.33481325, 0.33481325, 0.33481325,\n       0.33481325, 0.33481325]))", "callback": [0.7522766282120805, 0.7298416199193609, 0.7084354711619885, 0.6895784731899794, 0.6843712852819536, 0.6598000943648104, 0.6231736958457319, 0.5572895422203907, 0.524389063491983, 0.46821567743925396, 0.4175071712259312, 0.38138965461484153, 0.36885711261812193, 0.3680528958498306, 0.36739341581156315, 0.36715254381019646, 0.3671408269839338, 0.3669020853805548, 0.3662611278204262, 0.36446614793922816, 0.36145918893802254, 0.3564369834603722, 0.34690980293618234, 0.34310181576536825, 0.3405088359577242, 0.33740468950971225, 0.3362943932160165, 0.33532028447732376, 0.3350470699634266, 0.33486630232582537, 0.3348338315628795, 0.33481699246840235, 0.33481396853746537, 0.33481356150870845, 0.3348132948069036, 0.3348132948069036, 0.3348132663083978, 0.3348132582981177, 0.3348132543426525, 0.3348132534544397, 0.3348132531165068, 0.3348132529909966, 0.3348132528018908, 0.3348132527929837, 0.33481325277775276, 0.33481325277411145, 0.334813252772139, 0.3348132527718046, 0.3348132527714096, 0.334813252770928, 0.3348132527707546, 0.3348132527705676, 0.33481325277041485, 0.3348132527702198, 0.3348132527701071, 0.3348132527699528, 0.3348132527699329, 0.3348132527699179, 0.3348132527699147, 0.33481325276991425, 0.33481325276991414, 0.3348132527699139, 0.3348132527699139, 0.3348132527699139]}}, "bfgs": {"type": "gradient", "0": {"maxiter": 100, "gtol": 1e-05, "xrtol": 1e-05, "eps": 1e-05, "duration": 0.03564190864562988, "fun": "0.3348132528278749", "jac": "[ 1.11122223e-06  1.31984423e-06 -1.95119476e-06  2.02493577e-07\n -3.30762084e-06  1.30567779e-06]", "hess_inv": "[[ 3.45398395 -0.66050923  0.57294937 -0.6444547  -0.56996943 -0.84497977]\n [-0.66050923  4.7895275  -2.13373076  1.30406076  1.65154903 -0.35600541]\n [ 0.57294937 -2.13373076  4.3265487  -1.76229718 -1.31295413 -1.01555124]\n [-0.6444547   1.30406076 -1.76229718  4.12774497  0.83671006  0.48150264]\n [-0.56996943  1.65154903 -1.31295413  0.83671006  3.76973673  0.41357327]\n [-0.84497977 -0.35600541 -1.01555124  0.48150264  0.41357327  3.44278209]]", "nfev": "147", "njev": "21", "status": "0", "success": "True", "message": "Optimization terminated successfully.", "x": "[1.16417777 0.55039084 6.06429095 4.66175873 3.73671049 2.0123852 ]", "nit": "19", "callback": [0.5737431078886028, 0.4945196934802618, 0.40908756688117653, 0.3519480948242871, 0.34204145540165076, 0.3374498788348328, 0.3360699354716191, 0.3354958429972832, 0.33521227224401917, 0.33498177370240445, 0.33489599899778577, 0.33484607880256156, 0.33482221878691054, 0.3348150012631026, 0.3348137335378719, 0.334813409963735, 0.33481327921225223, 0.33481325450072963, 0.3348132528278749]}, "1": {"maxiter": 100, "gtol": 1e-05, "xrtol": 1e-05, "eps": 1e-10, "duration": 0.03537583351135254, "fun": "0.3348132528001062", "jac": "[ 0.00000000e+00  2.22044587e-06 -3.33066880e-06  0.00000000e+00\n -3.33066880e-06  0.00000000e+00]", "hess_inv": "[[ 3.480714   -0.66476524  0.62390595 -0.68895296 -0.55605848 -0.92164447]\n [-0.66476524  4.73526984 -2.0687956   1.25180456  1.60944148 -0.38579043]\n [ 0.62390595 -2.0687956   4.14378999 -1.69907061 -1.21289731 -0.93779065]\n [-0.68895296  1.25180456 -1.69907061  4.10856567  0.76901411  0.49607614]\n [-0.55605848  1.60944148 -1.21289731  0.76901411  3.72471818  0.33492477]\n [-0.92164447 -0.38579043 -0.93779065  0.49607614  0.33492477  3.47013459]]", "nfev": "147", "njev": "21", "status": "0", "success": "True", "message": "Optimization terminated successfully.", "x": "[1.16418157 0.55040854 6.06428903 4.66176794 3.73672941 2.01238404]", "nit": "19", "callback": [0.5737433366726777, 0.4945204328261549, 0.4090915535943134, 0.35194970986811547, 0.34204062514887656, 0.33744979582464496, 0.33606989370323204, 0.33549581866737, 0.33521223409092205, 0.3349817586678462, 0.3348959846570383, 0.33484603677731195, 0.3348222181231142, 0.33481499801009607, 0.33481373318668295, 0.3348134099784197, 0.3348132793887033, 0.3348132546035101, 0.3348132528001062]}, "2": {"maxiter": 100, "gtol": 1e-05, "xrtol": 1e-10, "eps": 1e-05, "duration": 0.03550314903259277, "fun": "0.3348132528278749", "jac": "[ 1.11122223e-06  1.31984423e-06 -1.95119476e-06  2.02493577e-07\n -3.30762084e-06  1.30567779e-06]", "hess_inv": "[[ 3.45398395 -0.66050923  0.57294937 -0.6444547  -0.56996943 -0.84497977]\n [-0.66050923  4.7895275  -2.13373076  1.30406076  1.65154903 -0.35600541]\n [ 0.57294937 -2.13373076  4.3265487  -1.76229718 -1.31295413 -1.01555124]\n [-0.6444547   1.30406076 -1.76229718  4.12774497  0.83671006  0.48150264]\n [-0.56996943  1.65154903 -1.31295413  0.83671006  3.76973673  0.41357327]\n [-0.84497977 -0.35600541 -1.01555124  0.48150264  0.41357327  3.44278209]]", "nfev": "147", "njev": "21", "status": "0", "success": "True", "message": "Optimization terminated successfully.", "x": "[1.16417777 0.55039084 6.06429095 4.66175873 3.73671049 2.0123852 ]", "nit": "19", "callback": [0.5737431078886028, 0.4945196934802618, 0.40908756688117653, 0.3519480948242871, 0.34204145540165076, 0.3374498788348328, 0.3360699354716191, 0.3354958429972832, 0.33521227224401917, 0.33498177370240445, 0.33489599899778577, 0.33484607880256156, 0.33482221878691054, 0.3348150012631026, 0.3348137335378719, 0.334813409963735, 0.33481327921225223, 0.33481325450072963, 0.3348132528278749]}, "3": {"maxiter": 100, "gtol": 1e-05, "xrtol": 1e-10, "eps": 1e-10, "duration": 0.03464198112487793, "fun": "0.3348132528001062", "jac": "[ 0.00000000e+00  2.22044587e-06 -3.33066880e-06  0.00000000e+00\n -3.33066880e-06  0.00000000e+00]", "hess_inv": "[[ 3.480714   -0.66476524  0.62390595 -0.68895296 -0.55605848 -0.92164447]\n [-0.66476524  4.73526984 -2.0687956   1.25180456  1.60944148 -0.38579043]\n [ 0.62390595 -2.0687956   4.14378999 -1.69907061 -1.21289731 -0.93779065]\n [-0.68895296  1.25180456 -1.69907061  4.10856567  0.76901411  0.49607614]\n [-0.55605848  1.60944148 -1.21289731  0.76901411  3.72471818  0.33492477]\n [-0.92164447 -0.38579043 -0.93779065  0.49607614  0.33492477  3.47013459]]", "nfev": "147", "njev": "21", "status": "0", "success": "True", "message": "Optimization terminated successfully.", "x": "[1.16418157 0.55040854 6.06428903 4.66176794 3.73672941 2.01238404]", "nit": "19", "callback": [0.5737433366726777, 0.4945204328261549, 0.4090915535943134, 0.35194970986811547, 0.34204062514887656, 0.33744979582464496, 0.33606989370323204, 0.33549581866737, 0.33521223409092205, 0.3349817586678462, 0.3348959846570383, 0.33484603677731195, 0.3348222181231142, 0.33481499801009607, 0.33481373318668295, 0.3348134099784197, 0.3348132793887033, 0.3348132546035101, 0.3348132528001062]}, "4": {"maxiter": 100, "gtol": 1e-10, "xrtol": 1e-05, "eps": 1e-05, "duration": 0.036538124084472656, "fun": "0.33481325279170937", "jac": "[ 1.03606013e-07 -3.57713859e-08 -3.60600438e-07 -9.95203919e-08\n -7.48290319e-08  1.09245946e-08]", "hess_inv": "[[ 3.39749108 -0.6602719   0.63423899 -0.6154475  -0.62100746 -0.82589603]\n [-0.6602719   4.83802299 -2.19611286  1.35629846  1.53448501 -0.30114987]\n [ 0.63423899 -2.19611286  4.33963745 -1.86084062 -1.10734733 -1.10662871]\n [-0.6154475   1.35629846 -1.86084062  4.16938109  0.73629594  0.53101547]\n [-0.62100746  1.53448501 -1.10734733  0.73629594  4.00723975  0.29796401]\n [-0.82589603 -0.30114987 -1.10662871  0.53101547  0.29796401  3.49856535]]", "nfev": "154", "njev": "22", "status": "0", "success": "True", "message": "Optimization terminated successfully.", "x": "[1.16417526 0.5503861  6.06429977 4.66175489 3.73671971 2.01238066]", "nit": "20", "callback": [0.5737431078886028, 0.4945196934802618, 0.40908756688117653, 0.3519480948242871, 0.34204145540165076, 0.3374498788348328, 0.3360699354716191, 0.3354958429972832, 0.33521227224401917, 0.33498177370240445, 0.33489599899778577, 0.33484607880256156, 0.33482221878691054, 0.3348150012631026, 0.3348137335378719, 0.334813409963735, 0.33481327921225223, 0.33481325450072963, 0.3348132528278749, 0.33481325279170937]}, "5": {"maxiter": 100, "gtol": 1e-10, "xrtol": 1e-05, "eps": 1e-10, "duration": 0.035265207290649414, "fun": "0.3348132527944322", "jac": "[1.11022293e-06 1.11022293e-06 4.44089173e-06 1.11022293e-06\n 5.55111466e-06 1.11022293e-06]", "hess_inv": "[[ 3.48986136 -0.75451592  0.73218877 -0.72675784 -0.52846531 -0.92184113]\n [-0.75451592  4.94165102 -2.29232293  1.45516223  1.3882219  -0.22242611]\n [ 0.73218877 -2.29232293  4.381783   -1.93808861 -0.94786968 -1.14098533]\n [-0.72675784  1.45516223 -1.93808861  4.22316057  0.66728143  0.53701184]\n [-0.52846531  1.3882219  -0.94786968  0.66728143  3.80431708  0.32247573]\n [-0.92184113 -0.22242611 -1.14098533  0.53701184  0.32247573  3.43148507]]", "nfev": "154", "njev": "22", "status": "0", "success": "True", "message": "Optimization terminated successfully.", "x": "[1.16418392 0.55039456 6.06430556 4.66176048 3.73673584 2.0123818 ]", "nit": "20", "callback": [0.5737433366726777, 0.4945204328261549, 0.4090915535943134, 0.35194970986811547, 0.34204062514887656, 0.33744979582464496, 0.33606989370323204, 0.33549581866737, 0.33521223409092205, 0.3349817586678462, 0.3348959846570383, 0.33484603677731195, 0.3348222181231142, 0.33481499801009607, 0.33481373318668295, 0.3348134099784197, 0.3348132793887033, 0.3348132546035101, 0.3348132528001062, 0.3348132527944322]}, "6": {"maxiter": 100, "gtol": 1e-10, "xrtol": 1e-10, "eps": 1e-05, "duration": 0.08112406730651855, "fun": "0.334813252790757", "jac": "[-1.99840144e-10  6.66133815e-11  9.99200722e-11  4.44089210e-11\n  1.11022302e-11  0.00000000e+00]", "hess_inv": "[[ 3.84339544 -0.83293001  1.02094531 -0.75317584 -0.90594529 -0.98236386]\n [-0.83293001  4.92156622 -2.45646429  1.42166518  1.65457289 -0.20639948]\n [ 1.02094531 -2.45646429  5.05245126 -2.06078509 -1.28993625 -1.3789987 ]\n [-0.75317584  1.42166518 -2.06078509  4.20939905  0.85098655  0.59510736]\n [-0.90594529  1.65457289 -1.28993625  0.85098655  4.10849188  0.40304632]\n [-0.98236386 -0.20639948 -1.3789987   0.59510736  0.40304632  3.59273517]]", "nfev": "347", "njev": "48", "status": "2", "success": "False", "message": "Desired error not necessarily achieved due to precision loss.", "x": "[1.16417504 0.55038574 6.06430115 4.66175476 3.73671978 2.01238031]", "nit": "23", "callback": [0.5737431078886028, 0.4945196934802618, 0.40908756688117653, 0.3519480948242871, 0.34204145540165076, 0.3374498788348328, 0.3360699354716191, 0.3354958429972832, 0.33521227224401917, 0.33498177370240445, 0.33489599899778577, 0.33484607880256156, 0.33482221878691054, 0.3348150012631026, 0.3348137335378719, 0.334813409963735, 0.33481327921225223, 0.33481325450072963, 0.3348132528278749, 0.33481325279170937, 0.3348132527908284, 0.33481325279075946, 0.334813252790757]}, "7": {"maxiter": 100, "gtol": 1e-10, "xrtol": 1e-10, "eps": 1e-10, "duration": 0.06620907783508301, "fun": "0.33481325278774077", "jac": "[1.11022293e-06 1.11022293e-06 2.22044587e-06 0.00000000e+00\n 0.00000000e+00 2.22044587e-06]", "hess_inv": "[[ 0.86375205  0.08541748  0.47260081  0.04262617 -0.63097655 -0.05221719]\n [ 0.08541748  0.30964643 -0.12278182  0.30446026 -0.05261071 -0.00831195]\n [ 0.47260081 -0.12278182  2.25544398 -1.70436584 -1.61314675 -1.57442553]\n [ 0.04262617  0.30446026 -1.70436584  1.62854343  1.01400626  1.30516276]\n [-0.63097655 -0.05261071 -1.61314675  1.01400626  1.30198636  1.06599627]\n [-0.05221719 -0.00831195 -1.57442553  1.30516276  1.06599627  1.31342744]]", "nfev": "287", "njev": "41", "status": "0", "success": "True", "message": "Optimization terminated successfully.", "x": "[1.16418143 0.55039793 6.06430181 4.66175822 3.73673468 2.01238508]", "nit": "28", "callback": [0.5737433366726777, 0.4945204328261549, 0.4090915535943134, 0.35194970986811547, 0.34204062514887656, 0.33744979582464496, 0.33606989370323204, 0.33549581866737, 0.33521223409092205, 0.3349817586678462, 0.3348959846570383, 0.33484603677731195, 0.3348222181231142, 0.33481499801009607, 0.33481373318668295, 0.3348134099784197, 0.3348132793887033, 0.3348132546035101, 0.3348132528001062, 0.3348132527944322, 0.33481325278952456, 0.3348132527889909, 0.33481325278897134, 0.3348132527889479, 0.33481325278891527, 0.33481325278856455, 0.33481325278774077, 0.33481325278774077]}, "8": {"maxiter": 500, "gtol": 1e-05, "xrtol": 1e-05, "eps": 1e-05, "duration": 0.033294677734375, "fun": "0.3348132528278749", "jac": "[ 1.11122223e-06  1.31984423e-06 -1.95119476e-06  2.02493577e-07\n -3.30762084e-06  1.30567779e-06]", "hess_inv": "[[ 3.45398395 -0.66050923  0.57294937 -0.6444547  -0.56996943 -0.84497977]\n [-0.66050923  4.7895275  -2.13373076  1.30406076  1.65154903 -0.35600541]\n [ 0.57294937 -2.13373076  4.3265487  -1.76229718 -1.31295413 -1.01555124]\n [-0.6444547   1.30406076 -1.76229718  4.12774497  0.83671006  0.48150264]\n [-0.56996943  1.65154903 -1.31295413  0.83671006  3.76973673  0.41357327]\n [-0.84497977 -0.35600541 -1.01555124  0.48150264  0.41357327  3.44278209]]", "nfev": "147", "njev": "21", "status": "0", "success": "True", "message": "Optimization terminated successfully.", "x": "[1.16417777 0.55039084 6.06429095 4.66175873 3.73671049 2.0123852 ]", "nit": "19", "callback": [0.5737431078886028, 0.4945196934802618, 0.40908756688117653, 0.3519480948242871, 0.34204145540165076, 0.3374498788348328, 0.3360699354716191, 0.3354958429972832, 0.33521227224401917, 0.33498177370240445, 0.33489599899778577, 0.33484607880256156, 0.33482221878691054, 0.3348150012631026, 0.3348137335378719, 0.334813409963735, 0.33481327921225223, 0.33481325450072963, 0.3348132528278749]}, "9": {"maxiter": 500, "gtol": 1e-05, "xrtol": 1e-05, "eps": 1e-10, "duration": 0.03361392021179199, "fun": "0.3348132528001062", "jac": "[ 0.00000000e+00  2.22044587e-06 -3.33066880e-06  0.00000000e+00\n -3.33066880e-06  0.00000000e+00]", "hess_inv": "[[ 3.480714   -0.66476524  0.62390595 -0.68895296 -0.55605848 -0.92164447]\n [-0.66476524  4.73526984 -2.0687956   1.25180456  1.60944148 -0.38579043]\n [ 0.62390595 -2.0687956   4.14378999 -1.69907061 -1.21289731 -0.93779065]\n [-0.68895296  1.25180456 -1.69907061  4.10856567  0.76901411  0.49607614]\n [-0.55605848  1.60944148 -1.21289731  0.76901411  3.72471818  0.33492477]\n [-0.92164447 -0.38579043 -0.93779065  0.49607614  0.33492477  3.47013459]]", "nfev": "147", "njev": "21", "status": "0", "success": "True", "message": "Optimization terminated successfully.", "x": "[1.16418157 0.55040854 6.06428903 4.66176794 3.73672941 2.01238404]", "nit": "19", "callback": [0.5737433366726777, 0.4945204328261549, 0.4090915535943134, 0.35194970986811547, 0.34204062514887656, 0.33744979582464496, 0.33606989370323204, 0.33549581866737, 0.33521223409092205, 0.3349817586678462, 0.3348959846570383, 0.33484603677731195, 0.3348222181231142, 0.33481499801009607, 0.33481373318668295, 0.3348134099784197, 0.3348132793887033, 0.3348132546035101, 0.3348132528001062]}, "10": {"maxiter": 500, "gtol": 1e-05, "xrtol": 1e-10, "eps": 1e-05, "duration": 0.03385806083679199, "fun": "0.3348132528278749", "jac": "[ 1.11122223e-06  1.31984423e-06 -1.95119476e-06  2.02493577e-07\n -3.30762084e-06  1.30567779e-06]", "hess_inv": "[[ 3.45398395 -0.66050923  0.57294937 -0.6444547  -0.56996943 -0.84497977]\n [-0.66050923  4.7895275  -2.13373076  1.30406076  1.65154903 -0.35600541]\n [ 0.57294937 -2.13373076  4.3265487  -1.76229718 -1.31295413 -1.01555124]\n [-0.6444547   1.30406076 -1.76229718  4.12774497  0.83671006  0.48150264]\n [-0.56996943  1.65154903 -1.31295413  0.83671006  3.76973673  0.41357327]\n [-0.84497977 -0.35600541 -1.01555124  0.48150264  0.41357327  3.44278209]]", "nfev": "147", "njev": "21", "status": "0", "success": "True", "message": "Optimization terminated successfully.", "x": "[1.16417777 0.55039084 6.06429095 4.66175873 3.73671049 2.0123852 ]", "nit": "19", "callback": [0.5737431078886028, 0.4945196934802618, 0.40908756688117653, 0.3519480948242871, 0.34204145540165076, 0.3374498788348328, 0.3360699354716191, 0.3354958429972832, 0.33521227224401917, 0.33498177370240445, 0.33489599899778577, 0.33484607880256156, 0.33482221878691054, 0.3348150012631026, 0.3348137335378719, 0.334813409963735, 0.33481327921225223, 0.33481325450072963, 0.3348132528278749]}, "11": {"maxiter": 500, "gtol": 1e-05, "xrtol": 1e-10, "eps": 1e-10, "duration": 0.033155202865600586, "fun": "0.3348132528001062", "jac": "[ 0.00000000e+00  2.22044587e-06 -3.33066880e-06  0.00000000e+00\n -3.33066880e-06  0.00000000e+00]", "hess_inv": "[[ 3.480714   -0.66476524  0.62390595 -0.68895296 -0.55605848 -0.92164447]\n [-0.66476524  4.73526984 -2.0687956   1.25180456  1.60944148 -0.38579043]\n [ 0.62390595 -2.0687956   4.14378999 -1.69907061 -1.21289731 -0.93779065]\n [-0.68895296  1.25180456 -1.69907061  4.10856567  0.76901411  0.49607614]\n [-0.55605848  1.60944148 -1.21289731  0.76901411  3.72471818  0.33492477]\n [-0.92164447 -0.38579043 -0.93779065  0.49607614  0.33492477  3.47013459]]", "nfev": "147", "njev": "21", "status": "0", "success": "True", "message": "Optimization terminated successfully.", "x": "[1.16418157 0.55040854 6.06428903 4.66176794 3.73672941 2.01238404]", "nit": "19", "callback": [0.5737433366726777, 0.4945204328261549, 0.4090915535943134, 0.35194970986811547, 0.34204062514887656, 0.33744979582464496, 0.33606989370323204, 0.33549581866737, 0.33521223409092205, 0.3349817586678462, 0.3348959846570383, 0.33484603677731195, 0.3348222181231142, 0.33