{"date": "2024/09/25/, 13:21:58", "conf_id": 237, "data_type": "non_lin_ind\n", "num_data_points": 4, "s_rank": 0, "unitary": "[[0.18663085-0.53122324j,-0.11886349-0.70040876j,0.28555095-0.02789305j,-0.12262021-0.2844587j],[-0.16702216+0.27758472j,0.27526351-0.29738586j,-0.01109314+0.22495461j,-0.77239203+0.28900673j],[0.61935415+0.12301792j,-0.31269928-0.03315917j,-0.61902762-0.19039079j,-0.27120731-0.0968989j],[0.42341754+0.0023929j,-0.05847358+0.47832119j,0.64900495-0.16218422j,-0.37182676-0.05229966j]]", "databatch_0": {"databatch": "[[[-0.20938684+0.19619795j,0.21802258+0.33620037j,-0.18332676+0.00802714j,0.0490509+0.01394643j],[-0.14700635-0.10034753j,-0.15187644+0.03812633j,0.12825229+0.37668016j,0.23352416-0.19439394j],[-0.00277036+0.32038953j,0.18787593+0.2954012j,-0.03931553+0.03730697j,0.00639333+0.05429995j],[-0.13084813+0.10551022j,0.19237731-0.1613397j,-0.29182872+0.02187922j,-0.0633501+0.04328184j]],[[-0.1260412+0.12327561j,0.01941669-0.13679847j,-0.09264048+0.11448691j,-0.05444402-0.19541619j],[0.03660207-0.24811656j,-0.02279086-0.0936822j,0.20153208-0.21259425j,-0.16351693+0.26675234j],[0.15480151-0.1177599j,0.06176886+0.16279316j,0.03163774+0.13522512j,-0.05526975-0.00763035j],[-0.29225385-0.06400858j,0.15951661+0.19902708j,-0.06063275-0.61694189j,-0.03613134+0.01917964j]],[[0.10298536-0.21898438j,0.0238931+0.00434243j,0.55618302-0.01028226j,-0.14657169+0.11174382j],[0.02503234+0.03259765j,-0.0235001+0.12137188j,-0.23023087-0.10846384j,0.18986436+0.02324085j],[-0.12160537+0.3303832j,-0.18484035+0.13655521j,0.23032131-0.01977443j,0.07525258+0.05643143j],[0.00735276+0.35082039j,-0.00551427+0.21755392j,0.20602627-0.01594473j,0.01586083+0.16315843j]],[[-0.17622254+0.21612077j,-0.10116873+0.34319523j,-0.13334549-0.0451947j,0.07111826+0.36351315j],[0.40376+0.21755629j,-0.09736246+0.22250549j,0.06405604-0.09037592j,-0.27711954-0.06679643j],[0.01794473-0.20099571j,0.10141446-0.04962748j,0.05962402+0.02763278j,0.06313854+0.04588084j],[0.24352161+0.24435528j,-0.04851309+0.26622962j,0.06524656-0.08557779j,-0.08040123+0.01260642j]]]", "initial param values": "[2.82794006,0.03048975,2.09656183,3.19237088,5.69488013,0.51549364]", "nelder_mead": {"type": "gradient-free", "0": {"maxiter": 100, "fatol": 1e-05, "xatol": 1e-05, "duration": 0.04316902160644531, "fun": "0.39070493076597734", "nit": "100", "nfev": "162", "status": "2", "success": "False", "message": "Maximum number of iterations has been exceeded.", "x": "[1.22475362 0.04306296 3.77644007 3.92408444 4.45864948 0.18959852]", "final_simplex": "(array([[1.22475362, 0.04306296, 3.77644007, 3.92408444, 4.45864948,\n        0.18959852],\n       [1.24915586, 0.04183549, 3.75082004, 3.90361775, 4.45585409,\n        0.2137314 ],\n       [1.13695818, 0.03967912, 3.84454405, 3.92496824, 4.46919005,\n        0.23074809],\n       [1.20196827, 0.03956597, 3.78329286, 3.88897388, 4.46015423,\n        0.24054696],\n       [1.20285855, 0.03898415, 3.83155158, 3.8748816 , 4.46831416,\n        0.23669597],\n       [1.22228358, 0.0396092 , 3.81148568, 3.9172024 , 4.44009412,\n        0.22888864],\n       [1.2116167 , 0.03915557, 3.81294602, 3.9045922 , 4.50597129,\n        0.2342443 ]]), array([0.39070493, 0.39203306, 0.39242152, 0.39257208, 0.39270261,\n       0.39282918, 0.39309094]))", "callback": [0.7092523364153253, 0.6008837099573634, 0.5281763800529037, 0.5076444669114522, 0.43505656439338136, 0.39770959896255254, 0.3963697351428427, 0.3949267410106516, 0.3941226669348439, 0.39336742501887456]}, "1": {"maxiter": 100, "fatol": 1e-05, "xatol": 1e-10, "duration": 0.04103994369506836, "fun": "0.39070493076597734", "nit": "100", "nfev": "162", "status": "2", "success": "False", "message": "Maximum number of iterations has been exceeded.", "x": "[1.22475362 0.04306296 3.77644007 3.92408444 4.45864948 0.18959852]", "final_simplex": "(array([[1.22475362, 0.04306296, 3.77644007, 3.92408444, 4.45864948,\n        0.18959852],\n       [1.24915586, 0.04183549, 3.75082004, 3.90361775, 4.45585409,\n        0.2137314 ],\n       [1.13695818, 0.03967912, 3.84454405, 3.92496824, 4.46919005,\n        0.23074809],\n       [1.20196827, 0.03956597, 3.78329286, 3.88897388, 4.46015423,\n        0.24054696],\n       [1.20285855, 0.03898415, 3.83155158, 3.8748816 , 4.46831416,\n        0.23669597],\n       [1.22228358, 0.0396092 , 3.81148568, 3.9172024 , 4.44009412,\n        0.22888864],\n       [1.2116167 , 0.03915557, 3.81294602, 3.9045922 , 4.50597129,\n        0.2342443 ]]), array([0.39070493, 0.39203306, 0.39242152, 0.39257208, 0.39270261,\n       0.39282918, 0.39309094]))", "callback": [0.7092523364153253, 0.6008837099573634, 0.5281763800529037, 0.5076444669114522, 0.43505656439338136, 0.39770959896255254, 0.3963697351428427, 0.3949267410106516, 0.3941226669348439, 0.39336742501887456]}, "2": {"maxiter": 100, "fatol": 1e-10, "xatol": 1e-05, "duration": 0.041555166244506836, "fun": "0.39070493076597734", "nit": "100", "nfev": "162", "status": "2", "success": "False", "message": "Maximum number of iterations has been exceeded.", "x": "[1.22475362 0.04306296 3.77644007 3.92408444 4.45864948 0.18959852]", "final_simplex": "(array([[1.22475362, 0.04306296, 3.77644007, 3.92408444, 4.45864948,\n        0.18959852],\n       [1.24915586, 0.04183549, 3.75082004, 3.90361775, 4.45585409,\n        0.2137314 ],\n       [1.13695818, 0.03967912, 3.84454405, 3.92496824, 4.46919005,\n        0.23074809],\n       [1.20196827, 0.03956597, 3.78329286, 3.88897388, 4.46015423,\n        0.24054696],\n       [1.20285855, 0.03898415, 3.83155158, 3.8748816 , 4.46831416,\n        0.23669597],\n       [1.22228358, 0.0396092 , 3.81148568, 3.9172024 , 4.44009412,\n        0.22888864],\n       [1.2116167 , 0.03915557, 3.81294602, 3.9045922 , 4.50597129,\n        0.2342443 ]]), array([0.39070493, 0.39203306, 0.39242152, 0.39257208, 0.39270261,\n       0.39282918, 0.39309094]))", "callback": [0.7092523364153253, 0.6008837099573634, 0.5281763800529037, 0.5076444669114522, 0.43505656439338136, 0.39770959896255254, 0.3963697351428427, 0.3949267410106516, 0.3941226669348439, 0.39336742501887456]}, "3": {"maxiter": 100, "fatol": 1e-10, "xatol": 1e-10, "duration": 0.03818202018737793, "fun": "0.39070493076597734", "nit": "100", "nfev": "162", "status": "2", "success": "False", "message": "Maximum number of iterations has been exceeded.", "x": "[1.22475362 0.04306296 3.77644007 3.92408444 4.45864948 0.18959852]", "final_simplex": "(array([[1.22475362, 0.04306296, 3.77644007, 3.92408444, 4.45864948,\n        0.18959852],\n       [1.24915586, 0.04183549, 3.75082004, 3.90361775, 4.45585409,\n        0.2137314 ],\n       [1.13695818, 0.03967912, 3.84454405, 3.92496824, 4.46919005,\n        0.23074809],\n       [1.20196827, 0.03956597, 3.78329286, 3.88897388, 4.46015423,\n        0.24054696],\n       [1.20285855, 0.03898415, 3.83155158, 3.8748816 , 4.46831416,\n        0.23669597],\n       [1.22228358, 0.0396092 , 3.81148568, 3.9172024 , 4.44009412,\n        0.22888864],\n       [1.2116167 , 0.03915557, 3.81294602, 3.9045922 , 4.50597129,\n        0.2342443 ]]), array([0.39070493, 0.39203306, 0.39242152, 0.39257208, 0.39270261,\n       0.39282918, 0.39309094]))", "callback": [0.7092523364153253, 0.6008837099573634, 0.5281763800529037, 0.5076444669114522, 0.43505656439338136, 0.39770959896255254, 0.3963697351428427, 0.3949267410106516, 0.3941226669348439, 0.39336742501887456]}, "4": {"maxiter": 500, "fatol": 1e-05, "xatol": 1e-05, "duration": 0.18290996551513672, "fun": "0.29247122240165846", "nit": "488", "nfev": "763", "status": "0", "success": "True", "message": "Optimization terminated successfully.", "x": "[ 1.2914702   0.8656559   3.42462333  3.81190372  3.89556691 -0.51407105]", "final_simplex": "(array([[ 1.2914702 ,  0.8656559 ,  3.42462333,  3.81190372,  3.89556691,\n        -0.51407105],\n       [ 1.29146985,  0.8656519 ,  3.4246317 ,  3.8119029 ,  3.89556876,\n        -0.5140713 ],\n       [ 1.29147075,  0.86565343,  3.42462625,  3.81189742,  3.89557298,\n        -0.514068  ],\n       [ 1.29146982,  0.86564663,  3.42462354,  3.8118993 ,  3.89556572,\n        -0.51406527],\n       [ 1.29146673,  0.86565113,  3.42462355,  3.81190063,  3.89556631,\n        -0.51407274],\n       [ 1.2914697 ,  0.86565029,  3.42462129,  3.81190489,  3.89557586,\n        -0.51406547],\n       [ 1.29146256,  0.86565664,  3.42462644,  3.81189631,  3.89556878,\n        -0.51406569]]), array([0.29247122, 0.29247122, 0.29247122, 0.29247122, 0.29247122,\n       0.29247122, 0.29247122]))", "callback": [0.7092523364153253, 0.6008837099573634, 0.5281763800529037, 0.5076444669114522, 0.43505656439338136, 0.39770959896255254, 0.3963697351428427, 0.3949267410106516, 0.3941226669348439, 0.39336742501887456, 0.39070493076597734, 0.38526500220411364, 0.3802776803536738, 0.37626305990039444, 0.3744897574102055, 0.3737777837361349, 0.37369168840984934, 0.37361488593975245, 0.3735903075476711, 0.37356508408014, 0.3734002906930387, 0.37319937517150803, 0.37271944138981894, 0.37171146291482726, 0.3686075689615863, 0.36420050646986657, 0.34906374818799024, 0.3283398059025511, 0.3213938038771236, 0.31877526773089093, 0.3150568857667274, 0.30723782910835584, 0.2971379392889284, 0.29546705567286136, 0.29329475146664663, 0.2927169065968225, 0.2925356220543651, 0.29249056608016466, 0.29247517343341844, 0.2924722280791291, 0.2924714831700519, 0.29247128622043284, 0.29247124721000484, 0.2924712359188484, 0.29247122539845927, 0.29247122321243957, 0.29247122258861213, 0.2924712224567003, 0.2924712224147057]}, "5": {"maxiter": 500, "fatol": 1e-05, "xatol": 1e-10, "duration": 0.18375396728515625, "fun": "0.2924712223958821", "nit": "500", "nfev": "785", "status": "2", "success": "False", "message": "Maximum number of iterations has been exceeded.", "x": "[ 1.29146984  0.86565295  3.42462634  3.81190296  3.89557082 -0.51406507]", "final_simplex": "(array([[ 1.29146984,  0.86565295,  3.42462634,  3.81190296,  3.89557082,\n        -0.51406507],\n       [ 1.29147123,  0.86565318,  3.42462768,  3.81190048,  3.89556935,\n        -0.51406593],\n       [ 1.29147204,  0.86565236,  3.42462682,  3.81190069,  3.89557164,\n        -0.51406571],\n       [ 1.29147169,  0.86565223,  3.42462798,  3.81190249,  3.89556738,\n        -0.51406796],\n       [ 1.29147201,  0.86565269,  3.42462463,  3.81190079,  3.89557001,\n        -0.51406371],\n       [ 1.29146966,  0.86565018,  3.42462545,  3.81189971,  3.89556719,\n        -0.51406715],\n       [ 1.29146959,  0.86565437,  3.42462542,  3.81190187,  3.89556708,\n        -0.51406971]]), array([0.29247122, 0.29247122, 0.29247122, 0.29247122, 0.29247122,\n       0.29247122, 0.29247122]))", "callback": [0.7092523364153253, 0.6008837099573634, 0.5281763800529037, 0.5076444669114522, 0.43505656439338136, 0.39770959896255254, 0.3963697351428427, 0.3949267410106516, 0.3941226669348439, 0.39336742501887456, 0.39070493076597734, 0.38526500220411364, 0.3802776803536738, 0.37626305990039444, 0.3744897574102055, 0.3737777837361349, 0.37369168840984934, 0.37361488593975245, 0.3735903075476711, 0.37356508408014, 0.3734002906930387, 0.37319937517150803, 0.37271944138981894, 0.37171146291482726, 0.3686075689615863, 0.36420050646986657, 0.34906374818799024, 0.3283398059025511, 0.3213938038771236, 0.31877526773089093, 0.3150568857667274, 0.30723782910835584, 0.2971379392889284, 0.29546705567286136, 0.29329475146664663, 0.2927169065968225, 0.2925356220543651, 0.29249056608016466, 0.29247517343341844, 0.2924722280791291, 0.2924714831700519, 0.29247128622043284, 0.29247124721000484, 0.2924712359188484, 0.29247122539845927, 0.29247122321243957, 0.29247122258861213, 0.2924712224567003, 0.2924712224147057, 0.29247122239760237]}, "6": {"maxiter": 500, "fatol": 1e-10, "xatol": 1e-05, "duration": 0.20223116874694824, "fun": "0.29247122240165846", "nit": "488", "nfev": "763", "status": "0", "success": "True", "message": "Optimization terminated successfully.", "x": "[ 1.2914702   0.8656559   3.42462333  3.81190372  3.89556691 -0.51407105]", "final_simplex": "(array([[ 1.2914702 ,  0.8656559 ,  3.42462333,  3.81190372,  3.89556691,\n        -0.51407105],\n       [ 1.29146985,  0.8656519 ,  3.4246317 ,  3.8119029 ,  3.89556876,\n        -0.5140713 ],\n       [ 1.29147075,  0.86565343,  3.42462625,  3.81189742,  3.89557298,\n        -0.514068  ],\n       [ 1.29146982,  0.86564663,  3.42462354,  3.8118993 ,  3.89556572,\n        -0.51406527],\n       [ 1.29146673,  0.86565113,  3.42462355,  3.81190063,  3.89556631,\n        -0.51407274],\n       [ 1.2914697 ,  0.86565029,  3.42462129,  3.81190489,  3.89557586,\n        -0.51406547],\n       [ 1.29146256,  0.86565664,  3.42462644,  3.81189631,  3.89556878,\n        -0.51406569]]), array([0.29247122, 0.29247122, 0.29247122, 0.29247122, 0.29247122,\n       0.29247122, 0.29247122]))", "callback": [0.7092523364153253, 0.6008837099573634, 0.5281763800529037, 0.5076444669114522, 0.43505656439338136, 0.39770959896255254, 0.3963697351428427, 0.3949267410106516, 0.3941226669348439, 0.39336742501887456, 0.39070493076597734, 0.38526500220411364, 0.3802776803536738, 0.37626305990039444, 0.3744897574102055, 0.3737777837361349, 0.37369168840984934, 0.37361488593975245, 0.3735903075476711, 0.37356508408014, 0.3734002906930387, 0.37319937517150803, 0.37271944138981894, 0.37171146291482726, 0.3686075689615863, 0.36420050646986657, 0.34906374818799024, 0.3283398059025511, 0.3213938038771236, 0.31877526773089093, 0.3150568857667274, 0.30723782910835584, 0.2971379392889284, 0.29546705567286136, 0.29329475146664663, 0.2927169065968225, 0.2925356220543651, 0.29249056608016466, 0.29247517343341844, 0.2924722280791291, 0.2924714831700519, 0.29247128622043284, 0.29247124721000484, 0.2924712359188484, 0.29247122539845927, 0.29247122321243957, 0.29247122258861213, 0.2924712224567003, 0.2924712224147057]}, "7": {"maxiter": 500, "fatol": 1e-10, "xatol": 1e-10, "duration": 0.18880772590637207, "fun": "0.2924712223958821", "nit": "500", "nfev": "785", "status": "2", "success": "False", "message": "Maximum number of iterations has been exceeded.", "x": "[ 1.29146984  0.86565295  3.42462634  3.81190296  3.89557082 -0.51406507]", "final_simplex": "(array([[ 1.29146984,  0.86565295,  3.42462634,  3.81190296,  3.89557082,\n        -0.51406507],\n       [ 1.29147123,  0.86565318,  3.42462768,  3.81190048,  3.89556935,\n        -0.51406593],\n       [ 1.29147204,  0.86565236,  3.42462682,  3.81190069,  3.89557164,\n        -0.51406571],\n       [ 1.29147169,  0.86565223,  3.42462798,  3.81190249,  3.89556738,\n        -0.51406796],\n       [ 1.29147201,  0.86565269,  3.42462463,  3.81190079,  3.89557001,\n        -0.51406371],\n       [ 1.29146966,  0.86565018,  3.42462545,  3.81189971,  3.89556719,\n        -0.51406715],\n       [ 1.29146959,  0.86565437,  3.42462542,  3.81190187,  3.89556708,\n        -0.51406971]]), array([0.29247122, 0.29247122, 0.29247122, 0.29247122, 0.29247122,\n       0.29247122, 0.29247122]))", "callback": [0.7092523364153253, 0.6008837099573634, 0.5281763800529037, 0.5076444669114522, 0.43505656439338136, 0.39770959896255254, 0.3963697351428427, 0.3949267410106516, 0.3941226669348439, 0.39336742501887456, 0.39070493076597734, 0.38526500220411364, 0.3802776803536738, 0.37626305990039444, 0.3744897574102055, 0.3737777837361349, 0.37369168840984934, 0.37361488593975245, 0.3735903075476711, 0.37356508408014, 0.3734002906930387, 0.37319937517150803, 0.37271944138981894, 0.37171146291482726, 0.3686075689615863, 0.36420050646986657, 0.34906374818799024, 0.3283398059025511, 0.3213938038771236, 0.31877526773089093, 0.3150568857667274, 0.30723782910835584, 0.2971379392889284, 0.29546705567286136, 0.29329475146664663, 0.2927169065968225, 0.2925356220543651, 0.29249056608016466, 0.29247517343341844, 0.2924722280791291, 0.2924714831700519, 0.29247128622043284, 0.29247124721000484, 0.2924712359188484, 0.29247122539845927, 0.29247122321243957, 0.29247122258861213, 0.2924712224567003, 0.2924712224147057, 0.29247122239760237]}, "8": {"maxiter": 1000, "fatol": 1e-05, "xatol": 1e-05, "duration": 0.19699907302856445, "fun": "0.29247122240165846", "nit": "488", "nfev": "763", "status": "0", "success": "True", "message": "Optimization terminated successfully.", "x": "[ 1.2914702   0.8656559   3.42462333  3.81190372  3.89556691 -0.51407105]", "final_simplex": "(array([[ 1.2914702 ,  0.8656559 ,  3.42462333,  3.81190372,  3.89556691,\n        -0.51407105],\n       [ 1.29146985,  0.8656519 ,  3.4246317 ,  3.8119029 ,  3.89556876,\n        -0.5140713 ],\n       [ 1.29147075,  0.86565343,  3.42462625,  3.81189742,  3.89557298,\n        -0.514068  ],\n       [ 1.29146982,  0.86564663,  3.42462354,  3.8118993 ,  3.89556572,\n        -0.51406527],\n       [ 1.29146673,  0.86565113,  3.42462355,  3.81190063,  3.89556631,\n        -0.51407274],\n       [ 1.2914697 ,  0.86565029,  3.42462129,  3.81190489,  3.89557586,\n        -0.51406547],\n       [ 1.29146256,  0.86565664,  3.42462644,  3.81189631,  3.89556878,\n        -0.51406569]]), array([0.29247122, 0.29247122, 0.29247122, 0.29247122, 0.29247122,\n       0.29247122, 0.29247122]))", "callback": [0.7092523364153253, 0.6008837099573634, 0.5281763800529037, 0.5076444669114522, 0.43505656439338136, 0.39770959896255254, 0.3963697351428427, 0.3949267410106516, 0.3941226669348439, 0.39336742501887456, 0.39070493076597734, 0.38526500220411364, 0.3802776803536738, 0.37626305990039444, 0.3744897574102055, 0.3737777837361349, 0.37369168840984934, 0.37361488593975245, 0.3735903075476711, 0.37356508408014, 0.3734002906930387, 0.37319937517150803, 0.37271944138981894, 0.37171146291482726, 0.3686075689615863, 0.36420050646986657, 0.34906374818799024, 0.3283398059025511, 0.3213938038771236, 0.31877526773089093, 0.3150568857667274, 0.30723782910835584, 0.2971379392889284, 0.29546705567286136, 0.29329475146664663, 0.2927169065968225, 0.2925356220543651, 0.29249056608016466, 0.29247517343341844, 0.2924722280791291, 0.2924714831700519, 0.29247128622043284, 0.29247124721000484, 0.2924712359188484, 0.29247122539845927, 0.29247122321243957, 0.29247122258861213, 0.2924712224567003, 0.2924712224147057]}, "9": {"maxiter": 1000, "fatol": 1e-05, "xatol": 1e-10, "duration": 0.2448270320892334, "fun": "0.29247122239507717", "nit": "600", "nfev": "1001", "status": "0", "success": "True", "message": "Optimization terminated successfully.", "x": "[ 1.2914698   0.86565132  3.42462761  3.81190166  3.89557142 -0.51406384]", "final_simplex": "(array([[ 1.2914698 ,  0.86565132,  3.42462761,  3.81190166,  3.89557142,\n        -0.51406384],\n       [ 1.2914698 ,  0.86565132,  3.42462761,  3.81190166,  3.89557142,\n        -0.51406384],\n       [ 1.2914698 ,  0.86565132,  3.42462761,  3.81190166,  3.89557142,\n        -0.51406384],\n       [ 1.2914698 ,  0.86565132,  3.42462761,  3.81190166,  3.89557142,\n        -0.51406384],\n       [ 1.2914698 ,  0.86565132,  3.42462761,  3.81190166,  3.89557142,\n        -0.51406384],\n       [ 1.2914698 ,  0.86565132,  3.42462761,  3.81190166,  3.89557142,\n        -0.51406384],\n       [ 1.2914698 ,  0.86565132,  3.42462761,  3.81190166,  3.89557142,\n        -0.51406384]]), array([0.29247122, 0.29247122, 0.29247122, 0.29247122, 0.29247122,\n       0.29247122, 0.29247122]))", "callback": [0.7092523364153253, 0.6008837099573634, 0.5281763800529037, 0.5076444669114522, 0.43505656439338136, 0.39770959896255254, 0.3963697351428427, 0.3949267410106516, 0.3941226669348439, 0.39336742501887456, 0.39070493076597734, 0.38526500220411364, 0.3802776803536738, 0.37626305990039444, 0.3744897574102055, 0.3737777837361349, 0.37369168840984934, 0.37361488593975245, 0.3735903075476711, 0.37356508408014, 0.3734002906930387, 0.37319937517150803, 0.37271944138981894, 0.37171146291482726, 0.3686075689615863, 0.36420050646986657, 0.34906374818799024, 0.3283398059025511, 0.3213938038771236, 0.31877526773089093, 0.3150568857667274, 0.30723782910835584, 0.2971379392889284, 0.29546705567286136, 0.29329475146664663, 0.2927169065968225, 0.2925356220543651, 0.29249056608016466, 0.29247517343341844, 0.2924722280791291, 0.2924714831700519, 0.29247128622043284, 0.29247124721000484, 0.2924712359188484, 0.29247122539845927, 0.29247122321243957, 0.29247122258861213, 0.2924712224567003, 0.2924712224147057, 0.29247122239760237, 0.2924712223958821, 0.29247122239528645, 0.2924712223951307, 0.2924712223950867, 0.29247122239508005, 0.2924712223950776, 0.2924712223950776, 0.29247122239507717, 0.29247122239507717, 0.29247122239507717]}, "10": {"maxiter": 1000, "fatol": 1e-10, "xatol": 1e-05, "duration": 0.18218612670898438, "fun": "0.29247122240165846", "nit": "488", "nfev": "763", "status": "0", "success": "True", "message": "Optimization terminated successfully.", "x": "[ 1.2914702   0.8656559   3.42462333  3.81190372  3.89556691 -0.51407105]", "final_simplex": "(array([[ 1.2914702 ,  0.8656559 ,  3.42462333,  3.81190372,  3.89556691,\n        -0.51407105],\n       [ 1.29146985,  0.8656519 ,  3.4246317 ,  3.8119029 ,  3.89556876,\n        -0.5140713 ],\n       [ 1.29147075,  0.86565343,  3.42462625,  3.81189742,  3.89557298,\n        -0.514068  ],\n       [ 1.29146982,  0.86564663,  3.42462354,  3.8118993 ,  3.89556572,\n        -0.51406527],\n       [ 1.29146673,  0.86565113,  3.42462355,  3.81190063,  3.89556631,\n        -0.51407274],\n       [ 1.2914697 ,  0.86565029,  3.42462129,  3.81190489,  3.89557586,\n        -0.51406547],\n       [ 1.29146256,  0.86565664,  3.42462644,  3.81189631,  3.89556878,\n        -0.51406569]]), array([0.29247122, 0.29247122, 0.29247122, 0.29247122, 0.29247122,\n       0.29247122, 0.29247122]))", "callback": [0.7092523364153253, 0.6008837099573634, 0.5281763800529037, 0.5076444669114522, 0.43505656439338136, 0.39770959896255254, 0.3963697351428427, 0.3949267410106516, 0.3941226669348439, 0.39336742501887456, 0.39070493076597734, 0.38526500220411364, 0.3802776803536738, 0.37626305990039444, 0.3744897574102055, 0.3737777837361349, 0.37369168840984934, 0.37361488593975245, 0.3735903075476711, 0.37356508408014, 0.3734002906930387, 0.37319937517150803, 0.37271944138981894, 0.37171146291482726, 0.3686075689615863, 0.36420050646986657, 0.34906374818799024, 0.3283398059025511, 0.3213938038771236, 0.31877526773089093, 0.3150568857667274, 0.30723782910835584, 0.2971379392889284, 0.29546705567286136, 0.29329475146664663, 0.2927169065968225, 0.2925356220543651, 0.29249056608016466, 0.29247517343341844, 0.2924722280791291, 0.2924714831700519, 0.29247128622043284, 0.29247124721000484, 0.2924712359188484, 0.29247122539845927, 0.29247122321243957, 0.29247122258861213, 0.2924712224567003, 0.2924712224147057]}, "11": {"maxiter": 1000, "fatol": 1e-10, "xatol": 1e-10, "duration": 0.2369542121887207, "fun": "0.29247122239507717", "nit": "600", "nfev": "1001", "status": "0", "success": "True", "message": "Optimization terminated successfully.", "x": "[ 1.2914698   0.86565132  3.42462761  3.81190166  3.89557142 -0.51406384]", "final_simplex": "(array([[ 1.2914698 ,  0.86565132,  3.42462761,  3.81190166,  3.89557142,\n        -0.51406384],\n       [ 1.2914698 ,  0.86565132,  3.42462761,  3.81190166,  3.89557142,\n        -0.51406384],\n       [ 1.2914698 ,  0.86565132,  3.42462761,  3.81190166,  3.89557142,\n        -0.51406384],\n       [ 1.2914698 ,  0.86565132,  3.42462761,  3.81190166,  3.89557142,\n        -0.51406384],\n       [ 1.2914698 ,  0.86565132,  3.42462761,  3.81190166,  3.89557142,\n        -0.51406384],\n       [ 1.2914698 ,  0.86565132,  3.42462761,  3.81190166,  3.89557142,\n        -0.51406384],\n       [ 1.2914698 ,  0.86565132,  3.42462761,  3.81190166,  3.89557142,\n        -0.51406384]]), array([0.29247122, 0.29247122, 0.29247122, 0.29247122, 0.29247122,\n       0.29247122, 0.29247122]))", "callback": [0.7092523364153253, 0.6008837099573634, 0.5281763800529037, 0.5076444669114522, 0.43505656439338136, 0.39770959896255254, 0.3963697351428427, 0.3949267410106516, 0.3941226669348439, 0.39336742501887456, 0.39070493076597734, 0.38526500220411364, 0.3802776803536738, 0.37626305990039444, 0.3744897574102055, 0.3737777837361349, 0.37369168840984934, 0.37361488593975245, 0.3735903075476711, 0.37356508408014, 0.3734002906930387, 0.37319937517150803, 0.37271944138981894, 0.37171146291482726, 0.3686075689615863, 0.36420050646986657, 0.34906374818799024, 0.3283398059025511, 0.3213938038771236, 0.31877526773089093, 0.3150568857667274, 0.30723782910835584, 0.2971379392889284, 0.29546705567286136, 0.29329475146664663, 0.2927169065968225, 0.2925356220543651, 0.29249056608016466, 0.29247517343341844, 0.2924722280791291, 0.2924714831700519, 0.29247128622043284, 0.29247124721000484, 0.2924712359188484, 0.29247122539845927, 0.29247122321243957, 0.29247122258861213, 0.2924712224567003, 0.2924712224147057, 0.29247122239760237, 0.2924712223958821, 0.29247122239528645, 0.2924712223951307, 0.2924712223950867, 0.29247122239508005, 0.2924712223950776, 0.2924712223950776, 0.29247122239507717, 0.29247122239507717, 0.29247122239507717]}}, "bfgs": {"type": "gradient", "0": {"maxiter": 100, "gtol": 1e-05, "xrtol": 1e-05, "eps": 1e-05, "duration": 0.053582191467285156, "fun": "0.2924712225606232", "jac": "[-2.68522982e-06  9.31621447e-07  2.61395350e-06 -3.57346375e-06\n -2.61899391e-06  4.22706314e-07]", "hess_inv": "[[ 3.29121569 -0.12500042 -0.11024043 -0.45588366 -0.55345523 -0.81191825]\n [-0.12500042  3.61744856 -0.81675708 -0.09988848 -0.6653898  -1.13050489]\n [-0.11024043 -0.81675708  4.00283341 -0.43110585  2.75200204  1.77152367]\n [-0.45588366 -0.09988848 -0.43110585  2.9613334  -0.55076224 -0.38040057]\n [-0.55345523 -0.6653898   2.75200204 -0.55076224  9.40383935  7.57186889]\n [-0.81191825 -1.13050489  1.77152367 -0.38040057  7.57186889  9.37383781]]", "nfev": "217", "njev": "31", "status": "0", "success": "True", "message": "Optimization terminated successfully.", "x": "[ 1.29146095  0.86565327  3.42462156  3.81188825  3.89552763 -0.51410056]", "nit": "28", "callback": [0.7014629083660502, 0.6410967809117392, 0.5816476113640631, 0.4149540747802647, 0.40445028197600696, 0.3870623559825078, 0.36907344380721596, 0.3645465002138657, 0.3637957197944117, 0.3631765601191004, 0.36308671805027304, 0.3629244060261724, 0.3626298991735718, 0.36207555851905193, 0.3610645341317714, 0.3601115868741298, 0.3588874621181466, 0.34810372035953585, 0.33350579377427436, 0.31705768346588714, 0.30294842840199576, 0.2954536408332271, 0.29443828548593853, 0.2930656067047599, 0.29252656312465264, 0.2924719718748714, 0.29247122951364657, 0.2924712225606232]}, "1": {"maxiter": 100, "gtol": 1e-05, "xrtol": 1e-05, "eps": 1e-10, "duration": 0.05495309829711914, "fun": "0.2924712224522643", "jac": "[ 0.00000000e+00  2.22044587e-06  2.22044587e-06 -3.33066880e-06\n -3.33066880e-06  2.22044587e-06]", "hess_inv": "[[ 3.25353697 -0.11849233 -0.17741591 -0.43158513 -0.6085563  -0.78504469]\n [-0.11849233  3.62474619 -0.82282305 -0.09456873 -0.63570437 -1.05632309]\n [-0.17741591 -0.82282305  3.94561297 -0.3819308   2.6448289   1.70388989]\n [-0.43158513 -0.09456873 -0.3819308   2.96438809 -0.53940832 -0.44057778]\n [-0.6085563  -0.63570437  2.6448289  -0.53940832  9.17245352  7.38975321]\n [-0.78504469 -1.05632309  1.70388989 -0.44057778  7.38975321  9.21742924]]", "nfev": "224", "njev": "32", "status": "0", "success": "True", "message": "Optimization terminated successfully.", "x": "[ 1.29146402  0.86565924  3.42463449  3.81189179  3.89556065 -0.5140704 ]", "nit": "28", "callback": [0.7014629219871811, 0.641096969539906, 0.5816480355761304, 0.41495197998742817, 0.4044556362047719, 0.3870766790161734, 0.3690752012388474, 0.36454625894796644, 0.36379560385472987, 0.36317667108224705, 0.3630868492867767, 0.36292457532448974, 0.3626301138534266, 0.3620756819597224, 0.36106517899868396, 0.36011548406167737, 0.35889026393269186, 0.3481090056606736, 0.3334571498947132, 0.31697193310761806, 0.3028338304560749, 0.29570076330066175, 0.29458896979627713, 0.2931648953634207, 0.2925068101734376, 0.2924719878032881, 0.2924712295882639, 0.2924712224522643]}, "2": {"maxiter": 100, "gtol": 1e-05, "xrtol": 1e-10, "eps": 1e-05, "duration": 0.05321383476257324, "fun": "0.2924712225606232", "jac": "[-2.68522982e-06  9.31621447e-07  2.61395350e-06 -3.57346375e-06\n -2.61899391e-06  4.22706314e-07]", "hess_inv": "[[ 3.29121569 -0.12500042 -0.11024043 -0.45588366 -0.55345523 -0.81191825]\n [-0.12500042  3.61744856 -0.81675708 -0.09988848 -0.6653898  -1.13050489]\n [-0.11024043 -0.81675708  4.00283341 -0.43110585  2.75200204  1.77152367]\n [-0.45588366 -0.09988848 -0.43110585  2.9613334  -0.55076224 -0.38040057]\n [-0.55345523 -0.6653898   2.75200204 -0.55076224  9.40383935  7.57186889]\n [-0.81191825 -1.13050489  1.77152367 -0.38040057  7.57186889  9.37383781]]", "nfev": "217", "njev": "31", "status": "0", "success": "True", "message": "Optimization terminated successfully.", "x": "[ 1.29146095  0.86565327  3.42462156  3.81188825  3.89552763 -0.51410056]", "nit": "28", "callback": [0.7014629083660502, 0.6410967809117392, 0.5816476113640631, 0.4149540747802647, 0.40445028197600696, 0.3870623559825078, 0.36907344380721596, 0.3645465002138657, 0.3637957197944117, 0.3631765601191004, 0.36308671805027304, 0.3629244060261724, 0.3626298991735718, 0.36207555851905193, 0.3610645341317714, 0.3601115868741298, 0.3588874621181466, 0.34810372035953585, 0.33350579377427436, 0.31705768346588714, 0.30294842840199576, 0.2954536408332271, 0.29443828548593853, 0.2930656067047599, 0.29252656312465264, 0.2924719718748714, 0.29247122951364657, 0.2924712225606232]}, "3": {"maxiter": 100, "gtol": 1e-05, "xrtol": 1e-10, "eps": 1e-10, "duration": 0.05294680595397949, "fun": "0.2924712224522643", "jac": "[ 0.00000000e+00  2.22044587e-06  2.22044587e-06 -3.33066880e-06\n -3.33066880e-06  2.22044587e-06]", "hess_inv": "[[ 3.25353697 -0.11849233 -0.17741591 -0.43158513 -0.6085563  -0.78504469]\n [-0.11849233  3.62474619 -0.82282305 -0.09456873 -0.63570437 -1.05632309]\n [-0.17741591 -0.82282305  3.94561297 -0.3819308   2.6448289   1.70388989]\n [-0.43158513 -0.09456873 -0.3819308   2.96438809 -0.53940832 -0.44057778]\n [-0.6085563  -0.63570437  2.6448289  -0.53940832  9.17245352  7.38975321]\n [-0.78504469 -1.05632309  1.70388989 -0.44057778  7.38975321  9.21742924]]", "nfev": "224", "njev": "32", "status": "0", "success": "True", "message": "Optimization terminated successfully.", "x": "[ 1.29146402  0.86565924  3.42463449  3.81189179  3.89556065 -0.5140704 ]", "nit": "28", "callback": [0.7014629219871811, 0.641096969539906, 0.5816480355761304, 0.41495197998742817, 0.4044556362047719, 0.3870766790161734, 0.3690752012388474, 0.36454625894796644, 0.36379560385472987, 0.36317667108224705, 0.3630868492867767, 0.36292457532448974, 0.3626301138534266, 0.3620756819597224, 0.36106517899868396, 0.36011548406167737, 0.35889026393269186, 0.3481090056606736, 0.3334571498947132, 0.31697193310761806, 0.3028338304560749, 0.29570076330066175, 0.29458896979627713, 0.2931648953634207, 0.2925068101734376, 0.2924719878032881, 0.2924712295882639, 0.2924712224522643]}, "4": {"maxiter": 100, "gtol": 1e-10, "xrtol": 1e-05, "eps": 1e-05, "duration": 0.0525209903717041, "fun": "0.29247122245947565", "jac": "[ 1.81066273e-07 -1.04027897e-07 -2.09399165e-07 -1.95476968e-07\n -3.06099590e-07  2.80342416e-07]", "hess_inv": "[[ 3.29167275 -0.07032371 -0.17586281 -0.4453206  -0.47347429 -0.74614912]\n [-0.07032371  3.5261956  -0.78285594 -0.03340188 -0.66251637 -1.13342826]\n [-0.17586281 -0.78285594  4.05204132 -0.52455231  2.63949186  1.68528962]\n [-0.4453206  -0.03340188 -0.52455231  2.98936164 -0.42889206 -0.28113971]\n [-0.47347429 -0.66251637  2.63949186 -0.42889206  9.60470325  7.72941729]\n [-0.74614912 -1.13342826  1.68528962 -0.28113971  7.72941729  9.49711795]]", "nfev": "224", "njev": "32", "status": "0", "success": "True", "message": "Optimization terminated successfully.", "x": "[ 1.2914678   0.86565047  3.42461555  3.81189813  3.89554043 -0.51409069]", "nit": "29", "callback": [0.7014629083660502, 0.6410967809117392, 0.5816476113640631, 0.4149540747802647, 0.40445028197600696, 0.3870623559825078, 0.36907344380721596, 0.3645465002138657, 0.3637957197944117, 0.3631765601191004, 0.36308671805027304, 0.3629244060261724, 0.3626298991735718, 0.36207555851905193, 0.3610645341317714, 0.3601115868741298, 0.3588874621181466, 0.34810372035953585, 0.33350579377427436, 0.31705768346588714, 0.30294842840199576, 0.2954536408332271, 0.29443828548593853, 0.2930656067047599, 0.29252656312465264, 0.2924719718748714, 0.29247122951364657, 0.2924712225606232, 0.29247122245947565]}, "5": {"maxiter": 100, "gtol": 1e-10, "xrtol": 1e-05, "eps": 1e-10, "duration": 0.053743839263916016, "fun": "0.29247122240849155", "jac": "[-4.44089173e-06 -2.22044587e-06  0.00000000e+00 -2.22044587e-06\n  0.00000000e+00 -3.33066880e-06]", "hess_inv": "[[ 3.25086572 -0.08558701 -0.1766925  -0.47133054 -0.62388251 -0.77208905]\n [-0.08558701  3.59709091 -0.76426614 -0.10966587 -0.71902667 -1.13965611]\n [-0.1766925  -0.76426614  3.95746935 -0.46132414  2.60036956  1.71400393]\n [-0.47133054 -0.10966587 -0.46132414  3.04743512 -0.40382121 -0.34971514]\n [-0.62388251 -0.71902667  2.60036956 -0.40382121  9.28057547  7.40914245]\n [-0.77208905 -1.13965611  1.71400393 -0.34971514  7.40914245  9.16999161]]", "nfev": "231", "njev": "33", "status": "0", "success": "True", "message": "Optimization terminated successfully.", "x": "[ 1.29146267  0.86565272  3.42463072  3.81190264  3.89556958 -0.51406853]", "nit": "29", "callback": [0.7014629219871811, 0.641096969539906, 0.5816480355761304, 0.41495197998742817, 0.4044556362047719, 0.3870766790161734, 0.3690752012388474, 0.36454625894796644, 0.36379560385472987, 0.36317667108224705, 0.3630868492867767, 0.36292457532448974, 0.3626301138534266, 0.3620756819597224, 0.36106517899868396, 0.36011548406167737, 0.35889026393269186, 0.3481090056606736, 0.3334571498947132, 0.31697193310761806, 0.3028338304560749, 0.29570076330066175, 0.29458896979627713, 0.2931648953634207, 0.2925068101734376, 0.2924719878032881, 0.2924712295882639, 0.2924712224522643, 0.29247122240849155]}, "6": {"maxiter": 100, "gtol": 1e-10, "xrtol": 1e-10, "eps": 1e-05, "duration": 0.12077188491821289, "fun": "0.2924712224545303", "jac": "[-1.75304216e-08  3.50608431e-08  3.37507799e-09  7.68274333e-09\n  2.83106871e-09  1.28563826e-08]", "hess_inv": "[[ 3.12403499  0.05573448 -0.01089159 -0.42532129 -0.31536405 -0.7157891 ]\n [ 0.05573448  3.44232005 -0.93453127 -0.0856063  -0.83953273 -1.15639973]\n [-0.01089159 -0.93453127  3.9547535  -0.46374524  2.60793998  1.64769036]\n [-0.42532129 -0.0856063  -0.46374524  3.07551569 -0.31442009 -0.30692888]\n [-0.31536405 -0.83953273  2.60793998 -0.31442009  9.65538071  7.66305698]\n [-0.7157891  -1.15639973  1.64769036 -0.30692888  7.66305698  9.4781196 ]]", "nfev": "523", "njev": "73", "status": "2", "success": "False", "message": "Desired error not necessarily achieved due to precision loss.", "x": "[ 1.29146719  0.86565077  3.42461654  3.81189872  3.8955418  -0.51409059]", "nit": "30", "callback": [0.7014629083660502, 0.6410967809117392, 0.5816476113640631, 0.4149540747802647, 0.40445028197600696, 0.3870623559825078, 0.36907344380721596, 0.3645465002138657, 0.3637957197944117, 0.3631765601191004, 0.36308671805027304, 0.3629244060261724, 0.3626298991735718, 0.36207555851905193, 0.3610645341317714, 0.3601115868741298, 0.3588874621181466, 0.34810372035953585, 0.33350579377427436, 0.31705768346588714, 0.30294842840199576, 0.2954536408332271, 0.29443828548593853, 0.2930656067047599, 0.29252656312465264, 0.2924719718748714, 0.29247122951364657, 0.2924712225606232, 0.29247122245947565, 0.2924712224545303]}, "7": {"maxiter": 100, "gtol": 1e-10, "xrtol": 1e-10, "eps": 1e-10, "duration": 0.07071614265441895, "fun": "0.29247122240050416", "jac": "[ 1.11022293e-06  0.00000000e+00 -1.11022293e-06  1.11022293e-06\n  3.33066880e-06  0.00000000e+00]", "hess_inv": "[[ 2.97974802 -3.73106897 -0.76360401 -3.00887125  2.22653671  5.57779628]\n [-3.73106897  6.11928179 -0.10612994  2.55617691 -2.57274126 -6.753475  ]\n [-0.76360401 -0.10612994  1.66253199  1.11360053 -1.30731578 -1.50484275]\n [-3.00887125  2.55617691  1.11360053  4.92442067 -1.57683937 -6.19252266]\n [ 2.22653671 -2.57274126 -1.30731578 -1.57683937  2.57357824  3.88657357]\n [ 5.57779628 -6.753475   -1.50484275 -6.19252266  3.88657357 11.13649813]]", "nfev": "308", "njev": "44", "status": "0", "success": "True", "message": "Optimization terminated successfully.", "x": "[ 1.29146827  0.86564804  3.42462811  3.81190427  3.89557666 -0.51406186]", "nit": "35", "callback": [0.7014629219871811, 0.641096969539906, 0.5816480355761304, 0.41495197998742817, 0.4044556362047719, 0.3870766790161734, 0.3690752012388474, 0.36454625894796644, 0.36379560385472987, 0.36317667108224705, 0.3630868492867767, 0.36292457532448974, 0.3626301138534266, 0.3620756819597224, 0.36106517899868396, 0.36011548406167737, 0.35889026393269186, 0.3481090056606736, 0.3334571498947132, 0.31697193310761806, 0.3028338304560749, 0.29570076330066175, 0.29458896979627713, 0.2931648953634207, 0.2925068101734376, 0.2924719878032881, 0.2924712295882639, 0.2924712224522643, 0.29247122240849155, 0.29247122240639756, 0.2924712224041697, 0.29247122240076573, 0.2924712224005045, 0.2924712224005044, 0.29247122240050416]}, "8": {"maxiter": 500, "gtol": 1e-05, "xrtol": 1e-05, "eps": 1e-05, "duration": 0.05101585388183594, "fun": "0.2924712225606232", "jac": "[-2.68522982e-06  9.31621447e-07  2.61395350e-06 -3.57346375e-06\n -2.61899391e-06  4.22706314e-07]", "hess_inv": "[[ 3.29121569 -0.12500042 -0.11024043 -0.45588366 -0.55345523 -0.81191825]\n [-0.12500042  3.61744856 -0.81675708 -0.09988848 -0.6653898  -1.13050489]\n [-0.11024043 -0.81675708  4.00283341 -0.43110585  2.75200204  1.77152367]\n [-0.45588366 -0.09988848 -0.43110585  2.9613334  -0.55076224 -0.38040057]\n [-0.55345523 -0.6653898   2.75200204 -0.55076224  9.40383935  7.57186889]\n [-0.81191825 -1.13050489  1.77152367 -0.38040057  7.57186889  9.37383781]]", "nfev": "217", "njev": "31", "status": "0", "success": "True", "message": "Optimization terminated successfully.", "x": "[ 1.29146095  0.86565327  3.42462156  3.81188825  3.89552763 -0.51410056]", "nit": "28", "callback": [0.7014629083660502, 0.6410967809117392, 0.5816476113640631, 0.4149540747802647, 0.40445028197600696, 0.3870623559825078, 0.36907344380721596, 0.3645465002138657, 0.3637957197944117, 0.3631765601191004, 0.36308671805027304, 0.3629244060261724, 0.3626298991735718, 0.36207555851905193, 0.3610645341317714, 0.3601115868741298, 0.3588874621181466, 0.34810372035953585, 0.33350579377427436, 0.31705768346588714, 0.30294842840199576, 0.2954536408332271, 0.29443828548593853, 0.2930656067047599, 0.29252656312465264, 0.2924719718748714, 0.29247122951364657, 0.2924712225606232]}, "9": {"maxiter": 500, "gtol": 1e-05, "xrtol": 1e-05, "eps": 1e-10, "duration": 0.05160999298095703, "fun": "0.2924712224522643", "jac": "[ 0.00000000e+00  2.22044587e-06  2.22044587e-06 -3.33066880e-06\n -3.33066880e-06  2.22044587e-06]", "hess_inv": "[[ 3.25353697 -0.11849233 -0.17741591 -0.43158513 -0.6085563  -0.78504469]\n [-0.11849233  3.62474619 -0.82282305 -0.09456873 -0.63570437 -1.05632309]\n [-0.17741591 -0.82282305  3.94561297 -0.3819308   2.6448289   1.70388989]\n [-0.43158513 -0.09456873 -0.3819308   2.96438809 -0.53940832 -0.44057778]\n [-0.6085563  -0.63570437  2.6448289  -0.53940832  9.17245352  7.38975321]\n [-0.78504469 -1.05632309  1.70388989 -0.44057778  7.38975321  9.21742924]]", "nfev": "224", "njev": "32", "status": "0", "success": "True", "message": "Optimization terminated successfully.", "x": "[ 1.29146402  0.86565924  3.42463449  3.81189179  3.89556065 -0.5140704 ]", "nit": "28", "callback": [0.7014629219871811, 0.641096969539906, 0.5816480355761304, 0.41495197998742817, 0.4044556362047719, 0.3870766790161734, 0.3690752012388474, 0.36454625894796644, 0.36379560385472987, 0.36317667108224705, 0.3630868492867767, 0.36292457532448974, 0