{"date": "2024/09/25/, 11:10:10", "conf_id": 213, "data_type": "non_lin_ind\n", "num_data_points": 3, "s_rank": 0, "unitary": "[[-0.53618537-0.34368723j,-0.12107031-0.46226139j,-0.07699282-0.46603512j,0.36022595-0.11472301j],[0.26026499-0.63450712j,-0.56616638+0.37832564j,-0.14988651+0.08458591j,0.10363514-0.16008501j],[-0.32580188-0.11070003j,-0.36476308-0.23593218j,0.02559343+0.41761608j,-0.25598305+0.6725303j],[0.07406738-0.0126433j,0.28513701+0.19483972j,-0.74939717-0.10299659j,0.29798249+0.46269921j]]", "databatch_0": {"databatch": "[[[-0.05612067-0.05659298j,0.17543886-0.138188j,-0.08032108+0.31457689j,0.00929386+0.08757959j],[0.17691581+0.25997271j,-0.0373695+0.24764582j,-0.07741575+0.15435895j,0.04548339+0.22613768j],[-0.24520853-0.27570451j,0.04556839-0.20907126j,0.0910778-0.17790274j,0.03781762-0.01666151j],[-0.19900203+0.04960672j,-0.09592193+0.10498002j,-0.39912135-0.15483627j,-0.33292356+0.07742767j]],[[0.20378013+0.11964669j,-0.63645353+0.21810521j,0.07546803+0.20106652j,0.10816176-0.02275962j],[-0.18210576-0.06619482j,0.48685707-0.06160617j,-0.00069382-0.07059396j,-0.05033958+0.01832195j],[-0.17909759+0.0889885j,0.18992539-0.11874432j,0.01384891-0.01418329j,-0.04699535+0.13911134j],[-0.08659132-0.07487862j,-0.05002448+0.04043251j,-0.0915048+0.06825257j,-0.05162286+0.04351142j]],[[-0.13886942+0.03775948j,0.08170426+0.21605006j,-0.05808414-0.07450046j,-0.01878245-0.30917058j],[-0.01257383+0.13151846j,-0.12932297+0.08916174j,-0.0477655-0.01571638j,-0.18352397+0.0421676j],[0.28692795+0.05428225j,0.27519315+0.04736603j,-0.00791438+0.07445081j,0.44246398+0.48619365j],[-0.16606699-0.03982602j,-0.27863464+0.01644722j,0.05994273-0.10113695j,0.13522088-0.02763994j]]]", "initial param values": "[0.57221171,0.11699186,4.05668214,0.48068601,1.04969638,3.60186169]", "nelder_mead": {"type": "gradient-free", "0": {"maxiter": 100, "fatol": 1e-05, "xatol": 1e-05, "duration": 0.03959083557128906, "fun": "0.7044506266950925", "nit": "100", "nfev": "155", "status": "2", "success": "False", "message": "Maximum number of iterations has been exceeded.", "x": "[0.44346775 0.11031942 6.66440505 0.16750315 2.96855828 2.50488591]", "final_simplex": "(array([[0.44346775, 0.11031942, 6.66440505, 0.16750315, 2.96855828,\n        2.50488591],\n       [0.52274421, 0.09533932, 6.84610905, 0.23346585, 2.43792051,\n        2.35891055],\n       [0.59205607, 0.0866896 , 6.34060355, 0.15263576, 2.84740708,\n        2.21858618],\n       [0.60343045, 0.09275445, 6.28435533, 0.1532754 , 2.77407849,\n        2.10309078],\n       [0.61978436, 0.09784415, 6.46151467, 0.1494101 , 2.55627172,\n        2.3888674 ],\n       [0.62400772, 0.08658404, 6.55641957, 0.13700203, 2.67563949,\n        2.27907161],\n       [0.60391372, 0.08675494, 6.64139738, 0.19361146, 2.30793904,\n        2.7752839 ]]), array([0.70445063, 0.7114753 , 0.71985992, 0.72120739, 0.72538631,\n       0.72659475, 0.72936741]))", "callback": [0.8986637279942872, 0.861673885139442, 0.8591179072879813, 0.7950744873552791, 0.7866798119634449, 0.776585577206204, 0.7554086331269282, 0.749707559791223, 0.7414149383383617, 0.7354769163852559]}, "1": {"maxiter": 100, "fatol": 1e-05, "xatol": 1e-10, "duration": 0.03858304023742676, "fun": "0.7044506266950925", "nit": "100", "nfev": "155", "status": "2", "success": "False", "message": "Maximum number of iterations has been exceeded.", "x": "[0.44346775 0.11031942 6.66440505 0.16750315 2.96855828 2.50488591]", "final_simplex": "(array([[0.44346775, 0.11031942, 6.66440505, 0.16750315, 2.96855828,\n        2.50488591],\n       [0.52274421, 0.09533932, 6.84610905, 0.23346585, 2.43792051,\n        2.35891055],\n       [0.59205607, 0.0866896 , 6.34060355, 0.15263576, 2.84740708,\n        2.21858618],\n       [0.60343045, 0.09275445, 6.28435533, 0.1532754 , 2.77407849,\n        2.10309078],\n       [0.61978436, 0.09784415, 6.46151467, 0.1494101 , 2.55627172,\n        2.3888674 ],\n       [0.62400772, 0.08658404, 6.55641957, 0.13700203, 2.67563949,\n        2.27907161],\n       [0.60391372, 0.08675494, 6.64139738, 0.19361146, 2.30793904,\n        2.7752839 ]]), array([0.70445063, 0.7114753 , 0.71985992, 0.72120739, 0.72538631,\n       0.72659475, 0.72936741]))", "callback": [0.8986637279942872, 0.861673885139442, 0.8591179072879813, 0.7950744873552791, 0.7866798119634449, 0.776585577206204, 0.7554086331269282, 0.749707559791223, 0.7414149383383617, 0.7354769163852559]}, "2": {"maxiter": 100, "fatol": 1e-10, "xatol": 1e-05, "duration": 0.040225982666015625, "fun": "0.7044506266950925", "nit": "100", "nfev": "155", "status": "2", "success": "False", "message": "Maximum number of iterations has been exceeded.", "x": "[0.44346775 0.11031942 6.66440505 0.16750315 2.96855828 2.50488591]", "final_simplex": "(array([[0.44346775, 0.11031942, 6.66440505, 0.16750315, 2.96855828,\n        2.50488591],\n       [0.52274421, 0.09533932, 6.84610905, 0.23346585, 2.43792051,\n        2.35891055],\n       [0.59205607, 0.0866896 , 6.34060355, 0.15263576, 2.84740708,\n        2.21858618],\n       [0.60343045, 0.09275445, 6.28435533, 0.1532754 , 2.77407849,\n        2.10309078],\n       [0.61978436, 0.09784415, 6.46151467, 0.1494101 , 2.55627172,\n        2.3888674 ],\n       [0.62400772, 0.08658404, 6.55641957, 0.13700203, 2.67563949,\n        2.27907161],\n       [0.60391372, 0.08675494, 6.64139738, 0.19361146, 2.30793904,\n        2.7752839 ]]), array([0.70445063, 0.7114753 , 0.71985992, 0.72120739, 0.72538631,\n       0.72659475, 0.72936741]))", "callback": [0.8986637279942872, 0.861673885139442, 0.8591179072879813, 0.7950744873552791, 0.7866798119634449, 0.776585577206204, 0.7554086331269282, 0.749707559791223, 0.7414149383383617, 0.7354769163852559]}, "3": {"maxiter": 100, "fatol": 1e-10, "xatol": 1e-10, "duration": 0.038330078125, "fun": "0.7044506266950925", "nit": "100", "nfev": "155", "status": "2", "success": "False", "message": "Maximum number of iterations has been exceeded.", "x": "[0.44346775 0.11031942 6.66440505 0.16750315 2.96855828 2.50488591]", "final_simplex": "(array([[0.44346775, 0.11031942, 6.66440505, 0.16750315, 2.96855828,\n        2.50488591],\n       [0.52274421, 0.09533932, 6.84610905, 0.23346585, 2.43792051,\n        2.35891055],\n       [0.59205607, 0.0866896 , 6.34060355, 0.15263576, 2.84740708,\n        2.21858618],\n       [0.60343045, 0.09275445, 6.28435533, 0.1532754 , 2.77407849,\n        2.10309078],\n       [0.61978436, 0.09784415, 6.46151467, 0.1494101 , 2.55627172,\n        2.3888674 ],\n       [0.62400772, 0.08658404, 6.55641957, 0.13700203, 2.67563949,\n        2.27907161],\n       [0.60391372, 0.08675494, 6.64139738, 0.19361146, 2.30793904,\n        2.7752839 ]]), array([0.70445063, 0.7114753 , 0.71985992, 0.72120739, 0.72538631,\n       0.72659475, 0.72936741]))", "callback": [0.8986637279942872, 0.861673885139442, 0.8591179072879813, 0.7950744873552791, 0.7866798119634449, 0.776585577206204, 0.7554086331269282, 0.749707559791223, 0.7414149383383617, 0.7354769163852559]}, "4": {"maxiter": 500, "fatol": 1e-05, "xatol": 1e-05, "duration": 0.188035249710083, "fun": "0.23516073201095578", "nit": "500", "nfev": "761", "status": "2", "success": "False", "message": "Maximum number of iterations has been exceeded.", "x": "[-2.01301207 -1.24700626  7.65633607  1.55783532  4.52038781  0.03756444]", "final_simplex": "(array([[-2.01301207, -1.24700626,  7.65633607,  1.55783532,  4.52038781,\n         0.03756444],\n       [-2.0147821 , -1.249014  ,  7.6578151 ,  1.55748814,  4.5197026 ,\n         0.03950101],\n       [-2.01735454, -1.24887273,  7.65981487,  1.55743051,  4.52087337,\n         0.03611809],\n       [-2.01586894, -1.24815718,  7.66052878,  1.55760655,  4.52175309,\n         0.0372769 ],\n       [-2.01539032, -1.24407232,  7.65698078,  1.55643007,  4.51840363,\n         0.03633044],\n       [-2.01823374, -1.24694439,  7.65755122,  1.55908683,  4.52380627,\n         0.03890679],\n       [-2.0138387 , -1.24695091,  7.65577567,  1.55328231,  4.52291135,\n         0.03627357]]), array([0.23516073, 0.23516157, 0.23516214, 0.23516231, 0.23516242,\n       0.23516271, 0.23516403]))", "callback": [0.8986637279942872, 0.861673885139442, 0.8591179072879813, 0.7950744873552791, 0.7866798119634449, 0.776585577206204, 0.7554086331269282, 0.749707559791223, 0.7414149383383617, 0.7354769163852559, 0.6840449108848732, 0.5863340546765539, 0.5629421651172124, 0.5414758692546287, 0.5257222289879449, 0.513596073048314, 0.511724157574583, 0.5110565187190521, 0.5107909924725578, 0.5101133817019043, 0.5095853313266043, 0.5084932419032642, 0.5076961167449359, 0.5073540200889217, 0.507302443724871, 0.5072251174348494, 0.5070186124506504, 0.5064775530213019, 0.5051105346582747, 0.49829775225098283, 0.479319246208214, 0.468049236211186, 0.4584684065428324, 0.45236393951034237, 0.4207550832373056, 0.3103530102617439, 0.272636373503078, 0.2523443139930063, 0.2507539660154673, 0.2493718761915814, 0.248319364755047, 0.2461064392919866, 0.2422335531206331, 0.2365488912181487, 0.23594589755763018, 0.2355117259741185, 0.23529453138263368, 0.23520744096000568, 0.2351652983134911, 0.23516242093135364]}, "5": {"maxiter": 500, "fatol": 1e-05, "xatol": 1e-10, "duration": 0.17951512336730957, "fun": "0.23516073201095578", "nit": "500", "nfev": "761", "status": "2", "success": "False", "message": "Maximum number of iterations has been exceeded.", "x": "[-2.01301207 -1.24700626  7.65633607  1.55783532  4.52038781  0.03756444]", "final_simplex": "(array([[-2.01301207, -1.24700626,  7.65633607,  1.55783532,  4.52038781,\n         0.03756444],\n       [-2.0147821 , -1.249014  ,  7.6578151 ,  1.55748814,  4.5197026 ,\n         0.03950101],\n       [-2.01735454, -1.24887273,  7.65981487,  1.55743051,  4.52087337,\n         0.03611809],\n       [-2.01586894, -1.24815718,  7.66052878,  1.55760655,  4.52175309,\n         0.0372769 ],\n       [-2.01539032, -1.24407232,  7.65698078,  1.55643007,  4.51840363,\n         0.03633044],\n       [-2.01823374, -1.24694439,  7.65755122,  1.55908683,  4.52380627,\n         0.03890679],\n       [-2.0138387 , -1.24695091,  7.65577567,  1.55328231,  4.52291135,\n         0.03627357]]), array([0.23516073, 0.23516157, 0.23516214, 0.23516231, 0.23516242,\n       0.23516271, 0.23516403]))", "callback": [0.8986637279942872, 0.861673885139442, 0.8591179072879813, 0.7950744873552791, 0.7866798119634449, 0.776585577206204, 0.7554086331269282, 0.749707559791223, 0.7414149383383617, 0.7354769163852559, 0.6840449108848732, 0.5863340546765539, 0.5629421651172124, 0.5414758692546287, 0.5257222289879449, 0.513596073048314, 0.511724157574583, 0.5110565187190521, 0.5107909924725578, 0.5101133817019043, 0.5095853313266043, 0.5084932419032642, 0.5076961167449359, 0.5073540200889217, 0.507302443724871, 0.5072251174348494, 0.5070186124506504, 0.5064775530213019, 0.5051105346582747, 0.49829775225098283, 0.479319246208214, 0.468049236211186, 0.4584684065428324, 0.45236393951034237, 0.4207550832373056, 0.3103530102617439, 0.272636373503078, 0.2523443139930063, 0.2507539660154673, 0.2493718761915814, 0.248319364755047, 0.2461064392919866, 0.2422335531206331, 0.2365488912181487, 0.23594589755763018, 0.2355117259741185, 0.23529453138263368, 0.23520744096000568, 0.2351652983134911, 0.23516242093135364]}, "6": {"maxiter": 500, "fatol": 1e-10, "xatol": 1e-05, "duration": 0.23295998573303223, "fun": "0.23516073201095578", "nit": "500", "nfev": "761", "status": "2", "success": "False", "message": "Maximum number of iterations has been exceeded.", "x": "[-2.01301207 -1.24700626  7.65633607  1.55783532  4.52038781  0.03756444]", "final_simplex": "(array([[-2.01301207, -1.24700626,  7.65633607,  1.55783532,  4.52038781,\n         0.03756444],\n       [-2.0147821 , -1.249014  ,  7.6578151 ,  1.55748814,  4.5197026 ,\n         0.03950101],\n       [-2.01735454, -1.24887273,  7.65981487,  1.55743051,  4.52087337,\n         0.03611809],\n       [-2.01586894, -1.24815718,  7.66052878,  1.55760655,  4.52175309,\n         0.0372769 ],\n       [-2.01539032, -1.24407232,  7.65698078,  1.55643007,  4.51840363,\n         0.03633044],\n       [-2.01823374, -1.24694439,  7.65755122,  1.55908683,  4.52380627,\n         0.03890679],\n       [-2.0138387 , -1.24695091,  7.65577567,  1.55328231,  4.52291135,\n         0.03627357]]), array([0.23516073, 0.23516157, 0.23516214, 0.23516231, 0.23516242,\n       0.23516271, 0.23516403]))", "callback": [0.8986637279942872, 0.861673885139442, 0.8591179072879813, 0.7950744873552791, 0.7866798119634449, 0.776585577206204, 0.7554086331269282, 0.749707559791223, 0.7414149383383617, 0.7354769163852559, 0.6840449108848732, 0.5863340546765539, 0.5629421651172124, 0.5414758692546287, 0.5257222289879449, 0.513596073048314, 0.511724157574583, 0.5110565187190521, 0.5107909924725578, 0.5101133817019043, 0.5095853313266043, 0.5084932419032642, 0.5076961167449359, 0.5073540200889217, 0.507302443724871, 0.5072251174348494, 0.5070186124506504, 0.5064775530213019, 0.5051105346582747, 0.49829775225098283, 0.479319246208214, 0.468049236211186, 0.4584684065428324, 0.45236393951034237, 0.4207550832373056, 0.3103530102617439, 0.272636373503078, 0.2523443139930063, 0.2507539660154673, 0.2493718761915814, 0.248319364755047, 0.2461064392919866, 0.2422335531206331, 0.2365488912181487, 0.23594589755763018, 0.2355117259741185, 0.23529453138263368, 0.23520744096000568, 0.2351652983134911, 0.23516242093135364]}, "7": {"maxiter": 500, "fatol": 1e-10, "xatol": 1e-10, "duration": 0.19560718536376953, "fun": "0.23516073201095578", "nit": "500", "nfev": "761", "status": "2", "success": "False", "message": "Maximum number of iterations has been exceeded.", "x": "[-2.01301207 -1.24700626  7.65633607  1.55783532  4.52038781  0.03756444]", "final_simplex": "(array([[-2.01301207, -1.24700626,  7.65633607,  1.55783532,  4.52038781,\n         0.03756444],\n       [-2.0147821 , -1.249014  ,  7.6578151 ,  1.55748814,  4.5197026 ,\n         0.03950101],\n       [-2.01735454, -1.24887273,  7.65981487,  1.55743051,  4.52087337,\n         0.03611809],\n       [-2.01586894, -1.24815718,  7.66052878,  1.55760655,  4.52175309,\n         0.0372769 ],\n       [-2.01539032, -1.24407232,  7.65698078,  1.55643007,  4.51840363,\n         0.03633044],\n       [-2.01823374, -1.24694439,  7.65755122,  1.55908683,  4.52380627,\n         0.03890679],\n       [-2.0138387 , -1.24695091,  7.65577567,  1.55328231,  4.52291135,\n         0.03627357]]), array([0.23516073, 0.23516157, 0.23516214, 0.23516231, 0.23516242,\n       0.23516271, 0.23516403]))", "callback": [0.8986637279942872, 0.861673885139442, 0.8591179072879813, 0.7950744873552791, 0.7866798119634449, 0.776585577206204, 0.7554086331269282, 0.749707559791223, 0.7414149383383617, 0.7354769163852559, 0.6840449108848732, 0.5863340546765539, 0.5629421651172124, 0.5414758692546287, 0.5257222289879449, 0.513596073048314, 0.511724157574583, 0.5110565187190521, 0.5107909924725578, 0.5101133817019043, 0.5095853313266043, 0.5084932419032642, 0.5076961167449359, 0.5073540200889217, 0.507302443724871, 0.5072251174348494, 0.5070186124506504, 0.5064775530213019, 0.5051105346582747, 0.49829775225098283, 0.479319246208214, 0.468049236211186, 0.4584684065428324, 0.45236393951034237, 0.4207550832373056, 0.3103530102617439, 0.272636373503078, 0.2523443139930063, 0.2507539660154673, 0.2493718761915814, 0.248319364755047, 0.2461064392919866, 0.2422335531206331, 0.2365488912181487, 0.23594589755763018, 0.2355117259741185, 0.23529453138263368, 0.23520744096000568, 0.2351652983134911, 0.23516242093135364]}, "8": {"maxiter": 1000, "fatol": 1e-05, "xatol": 1e-05, "duration": 0.23468494415283203, "fun": "0.23515902351787166", "nit": "615", "nfev": "951", "status": "0", "success": "True", "message": "Optimization terminated successfully.", "x": "[-2.01636627 -1.24821103  7.65579183  1.55894368  4.52123603  0.03560213]", "final_simplex": "(array([[-2.01636627, -1.24821103,  7.65579183,  1.55894368,  4.52123603,\n         0.03560213],\n       [-2.01636079, -1.24821096,  7.6557905 ,  1.55894136,  4.52124546,\n         0.03559894],\n       [-2.01636836, -1.24821753,  7.65578828,  1.55895048,  4.52124319,\n         0.03560286],\n       [-2.01636282, -1.24820833,  7.65579071,  1.55894756,  4.52123382,\n         0.03560333],\n       [-2.01637107, -1.24821308,  7.65578753,  1.55895067,  4.52124525,\n         0.03559965],\n       [-2.01636098, -1.24821151,  7.65579941,  1.55894404,  4.5212396 ,\n         0.03560309],\n       [-2.01636118, -1.24820784,  7.65579487,  1.55894361,  4.52124413,\n         0.0356102 ]]), array([0.23515902, 0.23515902, 0.23515902, 0.23515902, 0.23515902,\n       0.23515902, 0.23515902]))", "callback": [0.8986637279942872, 0.861673885139442, 0.8591179072879813, 0.7950744873552791, 0.7866798119634449, 0.776585577206204, 0.7554086331269282, 0.749707559791223, 0.7414149383383617, 0.7354769163852559, 0.6840449108848732, 0.5863340546765539, 0.5629421651172124, 0.5414758692546287, 0.5257222289879449, 0.513596073048314, 0.511724157574583, 0.5110565187190521, 0.5107909924725578, 0.5101133817019043, 0.5095853313266043, 0.5084932419032642, 0.5076961167449359, 0.5073540200889217, 0.507302443724871, 0.5072251174348494, 0.5070186124506504, 0.5064775530213019, 0.5051105346582747, 0.49829775225098283, 0.479319246208214, 0.468049236211186, 0.4584684065428324, 0.45236393951034237, 0.4207550832373056, 0.3103530102617439, 0.272636373503078, 0.2523443139930063, 0.2507539660154673, 0.2493718761915814, 0.248319364755047, 0.2461064392919866, 0.2422335531206331, 0.2365488912181487, 0.23594589755763018, 0.2355117259741185, 0.23529453138263368, 0.23520744096000568, 0.2351652983134911, 0.23516242093135364, 0.23516061607294836, 0.2351595309797636, 0.23515922598141703, 0.23515914116891123, 0.23515905446240737, 0.23515905446240737, 0.23515903494659962, 0.23515902603184635, 0.23515902408414124, 0.2351590237027974, 0.23515902355763962, 0.23515902352615914]}, "9": {"maxiter": 1000, "fatol": 1e-05, "xatol": 1e-10, "duration": 0.28527188301086426, "fun": "0.23515902351437779", "nit": "733", "nfev": "1194", "status": "0", "success": "True", "message": "Optimization terminated successfully.", "x": "[-2.01636345 -1.2482121   7.65578997  1.55894273  4.52123961  0.03560185]", "final_simplex": "(array([[-2.01636345, -1.2482121 ,  7.65578997,  1.55894273,  4.52123961,\n         0.03560185],\n       [-2.01636345, -1.2482121 ,  7.65578997,  1.55894273,  4.52123961,\n         0.03560185],\n       [-2.01636345, -1.2482121 ,  7.65578997,  1.55894273,  4.52123961,\n         0.03560185],\n       [-2.01636345, -1.2482121 ,  7.65578997,  1.55894273,  4.52123961,\n         0.03560185],\n       [-2.01636345, -1.2482121 ,  7.65578997,  1.55894273,  4.52123961,\n         0.03560185],\n       [-2.01636345, -1.2482121 ,  7.65578997,  1.55894273,  4.52123961,\n         0.03560185],\n       [-2.01636345, -1.2482121 ,  7.65578997,  1.55894273,  4.52123961,\n         0.03560185]]), array([0.23515902, 0.23515902, 0.23515902, 0.23515902, 0.23515902,\n       0.23515902, 0.23515902]))", "callback": [0.8986637279942872, 0.861673885139442, 0.8591179072879813, 0.7950744873552791, 0.7866798119634449, 0.776585577206204, 0.7554086331269282, 0.749707559791223, 0.7414149383383617, 0.7354769163852559, 0.6840449108848732, 0.5863340546765539, 0.5629421651172124, 0.5414758692546287, 0.5257222289879449, 0.513596073048314, 0.511724157574583, 0.5110565187190521, 0.5107909924725578, 0.5101133817019043, 0.5095853313266043, 0.5084932419032642, 0.5076961167449359, 0.5073540200889217, 0.507302443724871, 0.5072251174348494, 0.5070186124506504, 0.5064775530213019, 0.5051105346582747, 0.49829775225098283, 0.479319246208214, 0.468049236211186, 0.4584684065428324, 0.45236393951034237, 0.4207550832373056, 0.3103530102617439, 0.272636373503078, 0.2523443139930063, 0.2507539660154673, 0.2493718761915814, 0.248319364755047, 0.2461064392919866, 0.2422335531206331, 0.2365488912181487, 0.23594589755763018, 0.2355117259741185, 0.23529453138263368, 0.23520744096000568, 0.2351652983134911, 0.23516242093135364, 0.23516061607294836, 0.2351595309797636, 0.23515922598141703, 0.23515914116891123, 0.23515905446240737, 0.23515905446240737, 0.23515903494659962, 0.23515902603184635, 0.23515902408414124, 0.2351590237027974, 0.23515902355763962, 0.23515902352615914, 0.23515902351633533, 0.2351590235147576, 0.23515902351447882, 0.2351590235144262, 0.23515902351439344, 0.2351590235143819, 0.23515902351437845, 0.23515902351437834, 0.2351590235143779, 0.23515902351437779, 0.23515902351437779, 0.23515902351437779]}, "10": {"maxiter": 1000, "fatol": 1e-10, "xatol": 1e-05, "duration": 0.21936511993408203, "fun": "0.23515902351787166", "nit": "615", "nfev": "951", "status": "0", "success": "True", "message": "Optimization terminated successfully.", "x": "[-2.01636627 -1.24821103  7.65579183  1.55894368  4.52123603  0.03560213]", "final_simplex": "(array([[-2.01636627, -1.24821103,  7.65579183,  1.55894368,  4.52123603,\n         0.03560213],\n       [-2.01636079, -1.24821096,  7.6557905 ,  1.55894136,  4.52124546,\n         0.03559894],\n       [-2.01636836, -1.24821753,  7.65578828,  1.55895048,  4.52124319,\n         0.03560286],\n       [-2.01636282, -1.24820833,  7.65579071,  1.55894756,  4.52123382,\n         0.03560333],\n       [-2.01637107, -1.24821308,  7.65578753,  1.55895067,  4.52124525,\n         0.03559965],\n       [-2.01636098, -1.24821151,  7.65579941,  1.55894404,  4.5212396 ,\n         0.03560309],\n       [-2.01636118, -1.24820784,  7.65579487,  1.55894361,  4.52124413,\n         0.0356102 ]]), array([0.23515902, 0.23515902, 0.23515902, 0.23515902, 0.23515902,\n       0.23515902, 0.23515902]))", "callback": [0.8986637279942872, 0.861673885139442, 0.8591179072879813, 0.7950744873552791, 0.7866798119634449, 0.776585577206204, 0.7554086331269282, 0.749707559791223, 0.7414149383383617, 0.7354769163852559, 0.6840449108848732, 0.5863340546765539, 0.5629421651172124, 0.5414758692546287, 0.5257222289879449, 0.513596073048314, 0.511724157574583, 0.5110565187190521, 0.5107909924725578, 0.5101133817019043, 0.5095853313266043, 0.5084932419032642, 0.5076961167449359, 0.5073540200889217, 0.507302443724871, 0.5072251174348494, 0.5070186124506504, 0.5064775530213019, 0.5051105346582747, 0.49829775225098283, 0.479319246208214, 0.468049236211186, 0.4584684065428324, 0.45236393951034237, 0.4207550832373056, 0.3103530102617439, 0.272636373503078, 0.2523443139930063, 0.2507539660154673, 0.2493718761915814, 0.248319364755047, 0.2461064392919866, 0.2422335531206331, 0.2365488912181487, 0.23594589755763018, 0.2355117259741185, 0.23529453138263368, 0.23520744096000568, 0.2351652983134911, 0.23516242093135364, 0.23516061607294836, 0.2351595309797636, 0.23515922598141703, 0.23515914116891123, 0.23515905446240737, 0.23515905446240737, 0.23515903494659962, 0.23515902603184635, 0.23515902408414124, 0.2351590237027974, 0.23515902355763962, 0.23515902352615914]}, "11": {"maxiter": 1000, "fatol": 1e-10, "xatol": 1e-10, "duration": 0.2782766819000244, "fun": "0.23515902351437779", "nit": "733", "nfev": "1194", "status": "0", "success": "True", "message": "Optimization terminated successfully.", "x": "[-2.01636345 -1.2482121   7.65578997  1.55894273  4.52123961  0.03560185]", "final_simplex": "(array([[-2.01636345, -1.2482121 ,  7.65578997,  1.55894273,  4.52123961,\n         0.03560185],\n       [-2.01636345, -1.2482121 ,  7.65578997,  1.55894273,  4.52123961,\n         0.03560185],\n       [-2.01636345, -1.2482121 ,  7.65578997,  1.55894273,  4.52123961,\n         0.03560185],\n       [-2.01636345, -1.2482121 ,  7.65578997,  1.55894273,  4.52123961,\n         0.03560185],\n       [-2.01636345, -1.2482121 ,  7.65578997,  1.55894273,  4.52123961,\n         0.03560185],\n       [-2.01636345, -1.2482121 ,  7.65578997,  1.55894273,  4.52123961,\n         0.03560185],\n       [-2.01636345, -1.2482121 ,  7.65578997,  1.55894273,  4.52123961,\n         0.03560185]]), array([0.23515902, 0.23515902, 0.23515902, 0.23515902, 0.23515902,\n       0.23515902, 0.23515902]))", "callback": [0.8986637279942872, 0.861673885139442, 0.8591179072879813, 0.7950744873552791, 0.7866798119634449, 0.776585577206204, 0.7554086331269282, 0.749707559791223, 0.7414149383383617, 0.7354769163852559, 0.6840449108848732, 0.5863340546765539, 0.5629421651172124, 0.5414758692546287, 0.5257222289879449, 0.513596073048314, 0.511724157574583, 0.5110565187190521, 0.5107909924725578, 0.5101133817019043, 0.5095853313266043, 0.5084932419032642, 0.5076961167449359, 0.5073540200889217, 0.507302443724871, 0.5072251174348494, 0.5070186124506504, 0.5064775530213019, 0.5051105346582747, 0.49829775225098283, 0.479319246208214, 0.468049236211186, 0.4584684065428324, 0.45236393951034237, 0.4207550832373056, 0.3103530102617439, 0.272636373503078, 0.2523443139930063, 0.2507539660154673, 0.2493718761915814, 0.248319364755047, 0.2461064392919866, 0.2422335531206331, 0.2365488912181487, 0.23594589755763018, 0.2355117259741185, 0.23529453138263368, 0.23520744096000568, 0.2351652983134911, 0.23516242093135364, 0.23516061607294836, 0.2351595309797636, 0.23515922598141703, 0.23515914116891123, 0.23515905446240737, 0.23515905446240737, 0.23515903494659962, 0.23515902603184635, 0.23515902408414124, 0.2351590237027974, 0.23515902355763962, 0.23515902352615914, 0.23515902351633533, 0.2351590235147576, 0.23515902351447882, 0.2351590235144262, 0.23515902351439344, 0.2351590235143819, 0.23515902351437845, 0.23515902351437834, 0.2351590235143779, 0.23515902351437779, 0.23515902351437779, 0.23515902351437779]}}, "bfgs": {"type": "gradient", "0": {"maxiter": 100, "gtol": 1e-05, "xrtol": 1e-05, "eps": 1e-05, "duration": 0.04772496223449707, "fun": "0.2351590235609241", "jac": "[ 4.54836169e-07 -1.48003831e-07  2.49367194e-07  8.43869419e-07\n -1.14870335e-06 -2.17099672e-06]", "hess_inv": "[[ 3.84965303 -0.54826592 -0.23633391 -1.71999486  0.89213667 -0.73454429]\n [-0.54826592  3.81007168  0.86165215  0.72656569 -0.45351495 -0.35184794]\n [-0.23633391  0.86165215  3.80003192  0.29199176 -0.58666553  0.76971332]\n [-1.71999486  0.72656569  0.29199176  3.45797533 -0.24569607  0.56560885]\n [ 0.89213667 -0.45351495 -0.58666553 -0.24569607  3.62731045 -0.40892078]\n [-0.73454429 -0.35184794  0.76971332  0.56560885 -0.40892078  3.21563258]]", "nfev": "196", "njev": "28", "status": "0", "success": "True", "message": "Optimization terminated successfully.", "x": "[ 2.01636307  1.89337563  4.51418914 -1.55894726  1.37963852  3.17718079]", "nit": "21", "callback": [0.7549909616931942, 0.7467609446257242, 0.6746717756193472, 0.6293015146427832, 0.3597350314158563, 0.27821235131236977, 0.26256448850109226, 0.24817046639766505, 0.23937878585369, 0.2363405450568089, 0.23579076455218873, 0.23533633073540783, 0.2352100985883988, 0.2351634973205835, 0.23515978442717522, 0.2351592333648468, 0.23515909356541764, 0.23515904415880362, 0.2351590280202459, 0.23515902397931576, 0.2351590235609241]}, "1": {"maxiter": 100, "gtol": 1e-05, "xrtol": 1e-05, "eps": 1e-10, "duration": 0.04659414291381836, "fun": "0.23515902364391073", "jac": "[7.77156053e-06 5.55111466e-06 1.11022293e-06 5.55111466e-06\n 1.11022293e-06 3.33066880e-06]", "hess_inv": "[[ 3.85400796 -0.3210475  -0.06962096 -1.57440232  0.92788338 -0.62372609]\n [-0.3210475   3.92628115  0.54272556  1.10123441 -0.28006818 -0.21608756]\n [-0.06962096  0.54272556  3.13628861  0.30764202 -0.49268075  0.60944143]\n [-1.57440232  1.10123441  0.30764202  3.8336303  -0.08843972  0.77059124]\n [ 0.92788338 -0.28006818 -0.49268075 -0.08843972  3.68058911 -0.27507172]\n [-0.62372609 -0.21608756  0.60944143  0.77059124 -0.27507172  3.32828332]]", "nfev": "196", "njev": "28", "status": "0", "success": "True", "message": "Optimization terminated successfully.", "x": "[ 2.01636712  1.89339994  4.51420611 -1.55892299  1.37964721  3.17720262]", "nit": "21", "callback": [0.7549922870667999, 0.7467594519265538, 0.6746557177795489, 0.62927502399839, 0.35961754814105995, 0.27814644653662013, 0.2625359454803854, 0.24816246572651657, 0.23936158648855643, 0.2363399570319632, 0.2357904173527472, 0.23533621862942955, 0.23520989104847134, 0.2351635011148433, 0.23515978693755046, 0.23515923554169083, 0.23515909298195092, 0.23515904407438037, 0.23515902784528742, 0.2351590240628657, 0.23515902364391073]}, "2": {"maxiter": 100, "gtol": 1e-05, "xrtol": 1e-10, "eps": 1e-05, "duration": 0.046860694885253906, "fun": "0.2351590235609241", "jac": "[ 4.54836169e-07 -1.48003831e-07  2.49367194e-07  8.43869419e-07\n -1.14870335e-06 -2.17099672e-06]", "hess_inv": "[[ 3.84965303 -0.54826592 -0.23633391 -1.71999486  0.89213667 -0.73454429]\n [-0.54826592  3.81007168  0.86165215  0.72656569 -0.45351495 -0.35184794]\n [-0.23633391  0.86165215  3.80003192  0.29199176 -0.58666553  0.76971332]\n [-1.71999486  0.72656569  0.29199176  3.45797533 -0.24569607  0.56560885]\n [ 0.89213667 -0.45351495 -0.58666553 -0.24569607  3.62731045 -0.40892078]\n [-0.73454429 -0.35184794  0.76971332  0.56560885 -0.40892078  3.21563258]]", "nfev": "196", "njev": "28", "status": "0", "success": "True", "message": "Optimization terminated successfully.", "x": "[ 2.01636307  1.89337563  4.51418914 -1.55894726  1.37963852  3.17718079]", "nit": "21", "callback": [0.7549909616931942, 0.7467609446257242, 0.6746717756193472, 0.6293015146427832, 0.3597350314158563, 0.27821235131236977, 0.26256448850109226, 0.24817046639766505, 0.23937878585369, 0.2363405450568089, 0.23579076455218873, 0.23533633073540783, 0.2352100985883988, 0.2351634973205835, 0.23515978442717522, 0.2351592333648468, 0.23515909356541764, 0.23515904415880362, 0.2351590280202459, 0.23515902397931576, 0.2351590235609241]}, "3": {"maxiter": 100, "gtol": 1e-05, "xrtol": 1e-10, "eps": 1e-10, "duration": 0.04793405532836914, "fun": "0.23515902364391073", "jac": "[7.77156053e-06 5.55111466e-06 1.11022293e-06 5.55111466e-06\n 1.11022293e-06 3.33066880e-06]", "hess_inv": "[[ 3.85400796 -0.3210475  -0.06962096 -1.57440232  0.92788338 -0.62372609]\n [-0.3210475   3.92628115  0.54272556  1.10123441 -0.28006818 -0.21608756]\n [-0.06962096  0.54272556  3.13628861  0.30764202 -0.49268075  0.60944143]\n [-1.57440232  1.10123441  0.30764202  3.8336303  -0.08843972  0.77059124]\n [ 0.92788338 -0.28006818 -0.49268075 -0.08843972  3.68058911 -0.27507172]\n [-0.62372609 -0.21608756  0.60944143  0.77059124 -0.27507172  3.32828332]]", "nfev": "196", "njev": "28", "status": "0", "success": "True", "message": "Optimization terminated successfully.", "x": "[ 2.01636712  1.89339994  4.51420611 -1.55892299  1.37964721  3.17720262]", "nit": "21", "callback": [0.7549922870667999, 0.7467594519265538, 0.6746557177795489, 0.62927502399839, 0.35961754814105995, 0.27814644653662013, 0.2625359454803854, 0.24816246572651657, 0.23936158648855643, 0.2363399570319632, 0.2357904173527472, 0.23533621862942955, 0.23520989104847134, 0.2351635011148433, 0.23515978693755046, 0.23515923554169083, 0.23515909298195092, 0.23515904407438037, 0.23515902784528742, 0.2351590240628657, 0.23515902364391073]}, "4": {"maxiter": 100, "gtol": 1e-10, "xrtol": 1e-05, "eps": 1e-05, "duration": 0.04762601852416992, "fun": "0.2351590235609241", "jac": "[ 4.54836169e-07 -1.48003831e-07  2.49367194e-07  8.43869419e-07\n -1.14870335e-06 -2.17099672e-06]", "hess_inv": "[[ 3.84965303 -0.54826592 -0.23633391 -1.71999486  0.89213667 -0.73454429]\n [-0.54826592  3.81007168  0.86165215  0.72656569 -0.45351495 -0.35184794]\n [-0.23633391  0.86165215  3.80003192  0.29199176 -0.58666553  0.76971332]\n [-1.71999486  0.72656569  0.29199176  3.45797533 -0.24569607  0.56560885]\n [ 0.89213667 -0.45351495 -0.58666553 -0.24569607  3.62731045 -0.40892078]\n [-0.73454429 -0.35184794  0.76971332  0.56560885 -0.40892078  3.21563258]]", "nfev": "196", "njev": "28", "status": "0", "success": "True", "message": "Optimization terminated successfully.", "x": "[ 2.01636307  1.89337563  4.51418914 -1.55894726  1.37963852  3.17718079]", "nit": "21", "callback": [0.7549909616931942, 0.7467609446257242, 0.6746717756193472, 0.6293015146427832, 0.3597350314158563, 0.27821235131236977, 0.26256448850109226, 0.24817046639766505, 0.23937878585369, 0.2363405450568089, 0.23579076455218873, 0.23533633073540783, 0.2352100985883988, 0.2351634973205835, 0.23515978442717522, 0.2351592333648468, 0.23515909356541764, 0.23515904415880362, 0.2351590280202459, 0.23515902397931576, 0.2351590235609241]}, "5": {"maxiter": 100, "gtol": 1e-10, "xrtol": 1e-05, "eps": 1e-10, "duration": 0.048422813415527344, "fun": "0.2351590235284905", "jac": "[ 0.00000000e+00 -2.22044587e-06 -2.22044587e-06  0.00000000e+00\n -4.44089173e-06  1.11022293e-06]", "hess_inv": "[[ 3.68390568 -0.6592653  -0.11751019 -1.84852335  0.7375834  -0.896616  ]\n [-0.6592653   3.41101612  0.39252437  0.71505559 -0.48360834 -0.48755407]\n [-0.11751019  0.39252437  3.14203426  0.17491213 -0.6073992   0.43779773]\n [-1.84852335  0.71505559  0.17491213  3.55240232 -0.21844715  0.60478364]\n [ 0.7375834  -0.48360834 -0.6073992  -0.21844715  3.66212118 -0.27885794]\n [-0.896616   -0.48755407  0.43779773  0.60478364 -0.27885794  3.35805056]]", "nfev": "203", "njev": "29", "status": "0", "success": "True", "message": "Optimization terminated successfully.", "x": "[ 2.01635471  1.89338389  4.51419961 -1.55893427  1.37964291  3.17719758]", "nit": "22", "callback": [0.7549922870667999, 0.7467594519265538, 0.6746557177795489, 0.62927502399839, 0.35961754814105995, 0.27814644653662013, 0.2625359454803854, 0.24816246572651657, 0.23936158648855643, 0.2363399570319632, 0.2357904173527472, 0.23533621862942955, 0.23520989104847134, 0.2351635011148433, 0.23515978693755046, 0.23515923554169083, 0.23515909298195092, 0.23515904407438037, 0.23515902784528742, 0.2351590240628657, 0.23515902364391073, 0.2351590235284905]}, "6": {"maxiter": 100, "gtol": 1e-10, "xrtol": 1e-10, "eps": 1e-05, "duration": 0.0693511962890625, "fun": "0.23515902353870244", "jac": "[ 2.02393657e-08 -4.77395901e-10 -9.81437154e-09  1.00031095e-08\n -7.62723218e-09  7.49400542e-09]", "hess_inv": "[[ 3.98810012 -0.55455584 -0.27381522 -1.70018033  0.74009628 -0.92551801]\n [-0.55455584  3.78982116  0.90254899  0.69799987 -0.50303234 -0.39602346]\n [-0.27381522  0.90254899  3.77894904  0.3271705  -0.53028491  0.79073244]\n [-1.70018033  0.69799987  0.3271705   3.42698858 -0.31746012  0.50407641]\n [ 0.74009628 -0.50303234 -0.53028491 -0.31746012  3.83547022 -0.06526375]\n [-0.92551801 -0.39602346  0.79073244  0.50407641 -0.06526375  3.74014928]]", "nfev": "291", "njev": "40", "status": "2", "success": "False", "message": "Desired error not necessarily achieved due to precision loss.", "x": "[ 2.01636176  1.89337405  4.51418918 -1.55894869  1.37964278  3.1771888 ]", "nit": "23", "callback": [0.7549909616931942, 0.7467609446257242, 0.6746717756193472, 0.6293015146427832, 0.3597350314158563, 0.27821235131236977, 0.26256448850109226, 0.24817046639766505, 0.23937878585369, 0.2363405450568089, 0.23579076455218873, 0.23533633073540783, 0.2352100985883988, 0.2351634973205835, 0.23515978442717522, 0.2351592333648468, 0.23515909356541764, 0.23515904415880362, 0.2351590280202459, 0.23515902397931576, 0.2351590235609241, 0.23515902353903717, 0.23515902353870244]}, "7": {"maxiter": 100, "gtol": 1e-10, "xrtol": 1e-10, "eps": 1e-10, "duration": 0.07640600204467773, "fun": "0.2351590235253299", "jac": "[-2.22044587e-06  0.00000000e+00  0.00000000e+00  1.11022293e-06\n -2.22044587e-06 -2.22044587e-06]", "hess_inv": "[[ 1.52729354 -0.27353598 -0.24217241  0.87651283 -0.47918152 -0.09946611]\n [-0.27353598  0.29731533  0.43524189  0.04107879 -0.1966668   0.16828588]\n [-0.24217241  0.43524189  2.73188827  0.66336804 -1.3626411   0.97311616]\n [ 0.87651283  0.04107879  0.66336804  1.10237215 -0.98020626  0.35772148]\n [-0.47918152 -0.1966668  -1.3626411  -0.98020626  1.16661775 -0.56159824]\n [-0.09946611  0.16828588  0.97311616  0.35772148 -0.56159824  3.10044496]]", "nfev": "322", "njev": "46", "status": "0", "success": "True", "message": "Optimization terminated successfully.", "x": "[ 2.01635527  1.89338403  4.51420055 -1.55893646  1.37964737  3.17719532]", "nit": "27", "callback": [0.7549922870667999, 0.7467594519265538, 0.6746557177795489, 0.62927502399839, 0.35961754814105995, 0.27814644653662013, 0.2625359454803854, 0.24816246572651657, 0.23936158648855643, 0.2363399570319632, 0.2357904173527472, 0.23533621862942955, 0.23520989104847134, 0.2351635011148433, 0.23515978693755046, 0.23515923554169083, 0.23515909298195092, 0.23515904407438037, 0.23515902784528742, 0.2351590240628657, 0.23515902364391073, 0.2351590235284905, 0.23515902352749107, 0.23515902352666662, 0.23515902352586515, 0.2351590235253299, 0.2351590235253299]}, "8": {"maxiter": 500, "gtol": 1e-05, "xrtol": 1e-05, "eps": 1e-05, "duration": 0.04651212692260742, "fun": "0.2351590235609241", "jac": "[ 4.54836169e-07 -1.48003831e-07  2.49367194e-07  8.43869419e-07\n -1.14870335e-06 -2.17099672e-06]", "hess_inv": "[[ 3.84965303 -0.54826592 -0.23633391 -1.71999486  0.89213667 -0.73454429]\n [-0.54826592  3.81007168  0.86165215  0.72656569 -0.45351495 -0.35184794]\n [-0.23633391  0.86165215  3.80003192  0.29199176 -0.58666553  0.76971332]\n [-1.71999486  0.72656569  0.29199176  3.45797533 -0.24569607  0.56560885]\n [ 0.89213667 -0.45351495 -0.58666553 -0.24569607  3.62731045 -0.40892078]\n [-0.73454429 -0.35184794  0.76971332  0.56560885 -0.40892078  3.21563258]]", "nfev": "196", "njev": "28", "status": "0", "success": "True", "message": "Optimization terminated successfully.", "x": "[ 2.01636307  1.89337563  4.51418914 -1.55894726  1.37963852  3.17718079]", "nit": "21", "callback": [0.7549909616931942, 0.7467609446257242, 0.6746717756193472, 0.6293015146427832, 0.3597350314158563, 0.27821235131236977, 0.26256448850109226, 0.24817046639766505, 0.23937878585369, 0.2363405450568089, 0.23579076455218873, 0.23533633073540783, 0.2352100985883988, 0.2351634973205835, 0.23515978442717522, 0.2351592333648468, 0.23515909356541764, 0.23515904415880362, 0.2351590280202459, 0.23515902397931576, 0.2351590235609241]}, "9": {"maxiter": 500, "gtol": 1e-05, "xrtol": 1e-05, "eps": 1e-10, "duration": 0.045789241790771484, "fun": "0.23515902364391073", "jac": "[7.77156053e-06 5.55111466e-06 1.11022293e-06 5.55111466e-06\n 1.11022293e-06 3.33066880e-06]", "hess_inv": "[[ 3.85400796 -0.3210475  -0.06962096 -1.57440232  0.92788338 -0.62372609]\n [-0.3210475   3.92628115  0.54272556  1.10123441 -0.28006818 -0.21608756]\n [-0.06962096  0.54272556  3.13628861  0.30764202 -0.49268075  0.60944143]\n [-1.57440232  1.10123441  0.30764202  3.8336303  -0.08843972  0.77059124]\n [ 0.92788338 -0.28006818 -0.49268075 -0.08843972  3.68058911 -0.27507172]\n [-0.62372609 -0.21608756  0.60944143  0.77059124 -0.27507172  3.32828332]]", "nfev": "196", "njev": "28", "status": "0", "success": "True", "message": "Optimization terminated successfully.", "x": "[ 2.01636712  1.89339994  4.51420611 -1.55892299  1.37964721  3.17720262]", "nit": "21", "callback": [0.7549922870667999, 0.7467594519265538, 0.6746557177795489, 0.62927502399839, 0.35961754814105995, 0.27814644653662013, 0.2625359454803854, 0.24816246572651657, 0.23936158648855643, 0.2363399570319632, 0.2357904173527472, 0.23533621862942955, 0.23520989104847134, 0.2351635011148433, 0.23515978693755046, 0.23515923554169083, 0.23515909298195092, 0.23515904407438037, 0.23515902784528742, 0.2351590240628657, 0.23515902364391073]}, "10": {"maxiter": 500, "gtol": 1e-05, "xrtol": 1e-10, "eps": 1e-05, "duration": 0.04560685157775879, "fun": "0.2351590235609241", "jac": "[ 4.54836169e-07 -1.48003831e-07  2.49367194e-07  8.43869419e-07\n -1.14870335e-06 -2.17099672e-06]", "hess_inv": "[[ 3.84965303 -0.54826592 -0.23633391 -1.71999486  0.89213667 -0.73454429]\n [-0.54826592  3.81007168  0.86165215  0.72656569 -0.45351495 -0.35184794]\n [-0.23633391  0.86165215  3.80003192  0.29199176 -0.58666553  0.76971332]\n [-1.71999486  0.72656569  0.29199176  3.45797533 -0.24569607  0.56560885]\n [ 0.89213667 -0.4535149