{"date": "2024/09/24/, 23:37:46", "conf_id": 79, "data_type": "random\n", "num_data_points": 4, "s_rank": 0, "unitary": "[[-0.24866696+0.58742286j,-0.44704345-0.43151574j,-0.35669027-0.20570733j,-0.10517633+0.1626036j],[0.10596805-0.19687975j,-0.30269685-0.15056416j,0.18246286+0.30440582j,-0.83484447-0.11310748j],[0.26054512-0.52548482j,0.0285017-0.50723956j,-0.43110112+0.17165838j,0.15243271+0.39915801j],[0.42978035+0.11991271j,-0.17224126-0.46030424j,0.6827807-0.15164662j,0.26483638+0.0061855j]]", "databatch_0": {"databatch": "[[[-0.1708511-0.06400426j,0.01837551+0.0974858j,0.19070417-0.1182438j,0.35905485+0.26959266j],[-0.13927439-0.01400248j,-0.1203614-0.07972812j,-0.25274018+0.20347144j,0.16838454+0.25160248j],[-0.19808857-0.29365559j,-0.19051715-0.27770322j,0.13222239-0.00340385j,-0.07217478-0.19783446j],[-0.00423907-0.19117838j,0.14488713+0.24267042j,-0.09845627-0.08495978j,0.05811318+0.17344115j]],[[0.03361648-0.03418479j,-0.09932493-0.15088707j,-0.08076273-0.16061916j,0.16490266-0.02921984j],[-0.14128128+0.29536203j,0.13684229-0.00257121j,0.08223225-0.05322134j,0.05687385+0.41510871j],[-0.00169254+0.15799563j,-0.0158333+0.21808295j,-0.09919029-0.17349504j,0.13953958-0.28311919j],[0.11489518+0.01762811j,0.16730746+0.12769833j,0.06216823+0.20974582j,0.46654439-0.24072714j]],[[-0.0225489+0.08151754j,0.24580736-0.0626617j,0.00250935+0.02984386j,-0.27186257+0.01485929j],[0.05786847-0.13075291j,-0.28320115-0.22236437j,-0.217364+0.29138041j,-0.121271-0.19535514j],[0.00943848-0.13231088j,0.16233824+0.19386678j,0.01846805-0.11498548j,-0.27123462-0.06857299j],[-0.1018954+0.20543822j,0.32375298-0.00442607j,0.11747967+0.39555003j,0.01936134-0.13012331j]],[[0.36874968-0.09847781j,-0.19909541-0.04955339j,0.0929607+0.23886853j,-0.26969418+0.12385977j],[-0.0810078-0.06183058j,0.02206374-0.01696426j,-0.40287255+0.09772611j,0.0656888-0.06673345j],[0.32339595+0.01406964j,-0.0306895-0.0214329j,0.18160909+0.36520004j,-0.20337464-0.05816769j],[0.19113457+0.01080528j,-0.20966673-0.03005595j,0.11296544+0.0860855j,-0.0522209+0.21207763j]]]", "initial param values": "[1.72031136,3.56108885,4.35469544,4.47364704,5.35750179,5.26685402]", "nelder_mead": {"type": "gradient-free", "0": {"maxiter": 100, "fatol": 1e-05, "xatol": 1e-05, "duration": 0.03749513626098633, "fun": "0.516667666284716", "nit": "100", "nfev": "151", "status": "2", "success": "False", "message": "Maximum number of iterations has been exceeded.", "x": "[1.17545873 6.22666778 4.27877078 4.61243161 5.91959453 2.18340018]", "final_simplex": "(array([[1.17545873, 6.22666778, 4.27877078, 4.61243161, 5.91959453,\n        2.18340018],\n       [1.20433089, 6.1802669 , 4.27376594, 4.5913908 , 5.8704542 ,\n        2.20206921],\n       [1.21593984, 6.18692245, 4.30727377, 4.58274096, 5.8557266 ,\n        2.18352219],\n       [1.20503034, 6.17207824, 4.25866096, 4.6234753 , 5.89474312,\n        2.14858383],\n       [1.23461893, 6.17075028, 4.25374254, 4.62453584, 5.82308525,\n        2.18766583],\n       [1.2035027 , 6.19553329, 4.26104306, 4.60929365, 5.85886702,\n        2.15066785],\n       [1.17092182, 6.18052948, 4.30716024, 4.66669992, 5.91805707,\n        2.16321725]]), array([0.51666767, 0.51675769, 0.5167619 , 0.51696   , 0.5170159 ,\n       0.51706592, 0.51722996]))", "callback": [0.9343019936410272, 0.802087519337336, 0.7567755479026959, 0.549679585146457, 0.549679585146457, 0.5263934553096092, 0.5216708811523156, 0.5193301016126548, 0.5177032826855461, 0.5170659189228382]}, "1": {"maxiter": 100, "fatol": 1e-05, "xatol": 1e-10, "duration": 0.03537297248840332, "fun": "0.516667666284716", "nit": "100", "nfev": "151", "status": "2", "success": "False", "message": "Maximum number of iterations has been exceeded.", "x": "[1.17545873 6.22666778 4.27877078 4.61243161 5.91959453 2.18340018]", "final_simplex": "(array([[1.17545873, 6.22666778, 4.27877078, 4.61243161, 5.91959453,\n        2.18340018],\n       [1.20433089, 6.1802669 , 4.27376594, 4.5913908 , 5.8704542 ,\n        2.20206921],\n       [1.21593984, 6.18692245, 4.30727377, 4.58274096, 5.8557266 ,\n        2.18352219],\n       [1.20503034, 6.17207824, 4.25866096, 4.6234753 , 5.89474312,\n        2.14858383],\n       [1.23461893, 6.17075028, 4.25374254, 4.62453584, 5.82308525,\n        2.18766583],\n       [1.2035027 , 6.19553329, 4.26104306, 4.60929365, 5.85886702,\n        2.15066785],\n       [1.17092182, 6.18052948, 4.30716024, 4.66669992, 5.91805707,\n        2.16321725]]), array([0.51666767, 0.51675769, 0.5167619 , 0.51696   , 0.5170159 ,\n       0.51706592, 0.51722996]))", "callback": [0.9343019936410272, 0.802087519337336, 0.7567755479026959, 0.549679585146457, 0.549679585146457, 0.5263934553096092, 0.5216708811523156, 0.5193301016126548, 0.5177032826855461, 0.5170659189228382]}, "2": {"maxiter": 100, "fatol": 1e-10, "xatol": 1e-05, "duration": 0.03594207763671875, "fun": "0.516667666284716", "nit": "100", "nfev": "151", "status": "2", "success": "False", "message": "Maximum number of iterations has been exceeded.", "x": "[1.17545873 6.22666778 4.27877078 4.61243161 5.91959453 2.18340018]", "final_simplex": "(array([[1.17545873, 6.22666778, 4.27877078, 4.61243161, 5.91959453,\n        2.18340018],\n       [1.20433089, 6.1802669 , 4.27376594, 4.5913908 , 5.8704542 ,\n        2.20206921],\n       [1.21593984, 6.18692245, 4.30727377, 4.58274096, 5.8557266 ,\n        2.18352219],\n       [1.20503034, 6.17207824, 4.25866096, 4.6234753 , 5.89474312,\n        2.14858383],\n       [1.23461893, 6.17075028, 4.25374254, 4.62453584, 5.82308525,\n        2.18766583],\n       [1.2035027 , 6.19553329, 4.26104306, 4.60929365, 5.85886702,\n        2.15066785],\n       [1.17092182, 6.18052948, 4.30716024, 4.66669992, 5.91805707,\n        2.16321725]]), array([0.51666767, 0.51675769, 0.5167619 , 0.51696   , 0.5170159 ,\n       0.51706592, 0.51722996]))", "callback": [0.9343019936410272, 0.802087519337336, 0.7567755479026959, 0.549679585146457, 0.549679585146457, 0.5263934553096092, 0.5216708811523156, 0.5193301016126548, 0.5177032826855461, 0.5170659189228382]}, "3": {"maxiter": 100, "fatol": 1e-10, "xatol": 1e-10, "duration": 0.03395724296569824, "fun": "0.516667666284716", "nit": "100", "nfev": "151", "status": "2", "success": "False", "message": "Maximum number of iterations has been exceeded.", "x": "[1.17545873 6.22666778 4.27877078 4.61243161 5.91959453 2.18340018]", "final_simplex": "(array([[1.17545873, 6.22666778, 4.27877078, 4.61243161, 5.91959453,\n        2.18340018],\n       [1.20433089, 6.1802669 , 4.27376594, 4.5913908 , 5.8704542 ,\n        2.20206921],\n       [1.21593984, 6.18692245, 4.30727377, 4.58274096, 5.8557266 ,\n        2.18352219],\n       [1.20503034, 6.17207824, 4.25866096, 4.6234753 , 5.89474312,\n        2.14858383],\n       [1.23461893, 6.17075028, 4.25374254, 4.62453584, 5.82308525,\n        2.18766583],\n       [1.2035027 , 6.19553329, 4.26104306, 4.60929365, 5.85886702,\n        2.15066785],\n       [1.17092182, 6.18052948, 4.30716024, 4.66669992, 5.91805707,\n        2.16321725]]), array([0.51666767, 0.51675769, 0.5167619 , 0.51696   , 0.5170159 ,\n       0.51706592, 0.51722996]))", "callback": [0.9343019936410272, 0.802087519337336, 0.7567755479026959, 0.549679585146457, 0.549679585146457, 0.5263934553096092, 0.5216708811523156, 0.5193301016126548, 0.5177032826855461, 0.5170659189228382]}, "4": {"maxiter": 500, "fatol": 1e-05, "xatol": 1e-05, "duration": 0.11612820625305176, "fun": "0.5143908011768836", "nit": "323", "nfev": "502", "status": "0", "success": "True", "message": "Optimization terminated successfully.", "x": "[1.31477814 6.23082972 4.31152636 4.64321565 5.95858121 2.25463543]", "final_simplex": "(array([[1.31477814, 6.23082972, 4.31152636, 4.64321565, 5.95858121,\n        2.25463543],\n       [1.31477834, 6.23082426, 4.31152957, 4.64321421, 5.95857253,\n        2.25463659],\n       [1.31477416, 6.23082655, 4.31152729, 4.64321633, 5.95857692,\n        2.25463594],\n       [1.31477515, 6.23082586, 4.31152516, 4.64321587, 5.95857424,\n        2.25463155],\n       [1.31477783, 6.23082925, 4.31152251, 4.64321471, 5.95857501,\n        2.25463611],\n       [1.31477567, 6.23083703, 4.31152496, 4.64321317, 5.95857972,\n        2.25463158],\n       [1.31478453, 6.23083153, 4.31152551, 4.64322135, 5.95857494,\n        2.25463579]]), array([0.5143908, 0.5143908, 0.5143908, 0.5143908, 0.5143908, 0.5143908,\n       0.5143908]))", "callback": [0.9343019936410272, 0.802087519337336, 0.7567755479026959, 0.549679585146457, 0.549679585146457, 0.5263934553096092, 0.5216708811523156, 0.5193301016126548, 0.5177032826855461, 0.5170659189228382, 0.5161689634403228, 0.5157669552449492, 0.5153800904685191, 0.5146534288001254, 0.5144805272961719, 0.5144154579812676, 0.5143997428061218, 0.5143930605888531, 0.5143912881305336, 0.5143909082892713, 0.5143908392628028, 0.5143908146899504, 0.5143908066820025, 0.5143908046079366, 0.514390804094279, 0.5143908038419754, 0.5143908035152747, 0.5143908031350026, 0.514390802183334, 0.5143908014082745, 0.5143908012448974, 0.5143908011822373, 0.5143908011768836]}, "5": {"maxiter": 500, "fatol": 1e-05, "xatol": 1e-10, "duration": 0.1645660400390625, "fun": "0.5143908011742677", "nit": "418", "nfev": "717", "status": "0", "success": "True", "message": "Optimization terminated successfully.", "x": "[1.31477848 6.23082843 4.31152748 4.64321646 5.95857615 2.25463529]", "final_simplex": "(array([[1.31477848, 6.23082843, 4.31152748, 4.64321646, 5.95857615,\n        2.25463529],\n       [1.31477848, 6.23082843, 4.31152748, 4.64321646, 5.95857615,\n        2.25463529],\n       [1.31477848, 6.23082843, 4.31152748, 4.64321646, 5.95857615,\n        2.25463529],\n       [1.31477848, 6.23082843, 4.31152748, 4.64321646, 5.95857615,\n        2.25463529],\n       [1.31477848, 6.23082843, 4.31152748, 4.64321646, 5.95857615,\n        2.25463529],\n       [1.31477848, 6.23082843, 4.31152748, 4.64321646, 5.95857615,\n        2.25463529],\n       [1.31477848, 6.23082843, 4.31152748, 4.64321646, 5.95857615,\n        2.25463529]]), array([0.5143908, 0.5143908, 0.5143908, 0.5143908, 0.5143908, 0.5143908,\n       0.5143908]))", "callback": [0.9343019936410272, 0.802087519337336, 0.7567755479026959, 0.549679585146457, 0.549679585146457, 0.5263934553096092, 0.5216708811523156, 0.5193301016126548, 0.5177032826855461, 0.5170659189228382, 0.5161689634403228, 0.5157669552449492, 0.5153800904685191, 0.5146534288001254, 0.5144805272961719, 0.5144154579812676, 0.5143997428061218, 0.5143930605888531, 0.5143912881305336, 0.5143909082892713, 0.5143908392628028, 0.5143908146899504, 0.5143908066820025, 0.5143908046079366, 0.514390804094279, 0.5143908038419754, 0.5143908035152747, 0.5143908031350026, 0.514390802183334, 0.5143908014082745, 0.5143908012448974, 0.5143908011822373, 0.5143908011768836, 0.5143908011747784, 0.5143908011744198, 0.5143908011742941, 0.5143908011742825, 0.5143908011742725, 0.5143908011742688, 0.514390801174268, 0.5143908011742678, 0.5143908011742677]}, "6": {"maxiter": 500, "fatol": 1e-10, "xatol": 1e-05, "duration": 0.1140439510345459, "fun": "0.5143908011768836", "nit": "323", "nfev": "502", "status": "0", "success": "True", "message": "Optimization terminated successfully.", "x": "[1.31477814 6.23082972 4.31152636 4.64321565 5.95858121 2.25463543]", "final_simplex": "(array([[1.31477814, 6.23082972, 4.31152636, 4.64321565, 5.95858121,\n        2.25463543],\n       [1.31477834, 6.23082426, 4.31152957, 4.64321421, 5.95857253,\n        2.25463659],\n       [1.31477416, 6.23082655, 4.31152729, 4.64321633, 5.95857692,\n        2.25463594],\n       [1.31477515, 6.23082586, 4.31152516, 4.64321587, 5.95857424,\n        2.25463155],\n       [1.31477783, 6.23082925, 4.31152251, 4.64321471, 5.95857501,\n        2.25463611],\n       [1.31477567, 6.23083703, 4.31152496, 4.64321317, 5.95857972,\n        2.25463158],\n       [1.31478453, 6.23083153, 4.31152551, 4.64322135, 5.95857494,\n        2.25463579]]), array([0.5143908, 0.5143908, 0.5143908, 0.5143908, 0.5143908, 0.5143908,\n       0.5143908]))", "callback": [0.9343019936410272, 0.802087519337336, 0.7567755479026959, 0.549679585146457, 0.549679585146457, 0.5263934553096092, 0.5216708811523156, 0.5193301016126548, 0.5177032826855461, 0.5170659189228382, 0.5161689634403228, 0.5157669552449492, 0.5153800904685191, 0.5146534288001254, 0.5144805272961719, 0.5144154579812676, 0.5143997428061218, 0.5143930605888531, 0.5143912881305336, 0.5143909082892713, 0.5143908392628028, 0.5143908146899504, 0.5143908066820025, 0.5143908046079366, 0.514390804094279, 0.5143908038419754, 0.5143908035152747, 0.5143908031350026, 0.514390802183334, 0.5143908014082745, 0.5143908012448974, 0.5143908011822373, 0.5143908011768836]}, "7": {"maxiter": 500, "fatol": 1e-10, "xatol": 1e-10, "duration": 0.1748030185699463, "fun": "0.5143908011742677", "nit": "418", "nfev": "717", "status": "0", "success": "True", "message": "Optimization terminated successfully.", "x": "[1.31477848 6.23082843 4.31152748 4.64321646 5.95857615 2.25463529]", "final_simplex": "(array([[1.31477848, 6.23082843, 4.31152748, 4.64321646, 5.95857615,\n        2.25463529],\n       [1.31477848, 6.23082843, 4.31152748, 4.64321646, 5.95857615,\n        2.25463529],\n       [1.31477848, 6.23082843, 4.31152748, 4.64321646, 5.95857615,\n        2.25463529],\n       [1.31477848, 6.23082843, 4.31152748, 4.64321646, 5.95857615,\n        2.25463529],\n       [1.31477848, 6.23082843, 4.31152748, 4.64321646, 5.95857615,\n        2.25463529],\n       [1.31477848, 6.23082843, 4.31152748, 4.64321646, 5.95857615,\n        2.25463529],\n       [1.31477848, 6.23082843, 4.31152748, 4.64321646, 5.95857615,\n        2.25463529]]), array([0.5143908, 0.5143908, 0.5143908, 0.5143908, 0.5143908, 0.5143908,\n       0.5143908]))", "callback": [0.9343019936410272, 0.802087519337336, 0.7567755479026959, 0.549679585146457, 0.549679585146457, 0.5263934553096092, 0.5216708811523156, 0.5193301016126548, 0.5177032826855461, 0.5170659189228382, 0.5161689634403228, 0.5157669552449492, 0.5153800904685191, 0.5146534288001254, 0.5144805272961719, 0.5144154579812676, 0.5143997428061218, 0.5143930605888531, 0.5143912881305336, 0.5143909082892713, 0.5143908392628028, 0.5143908146899504, 0.5143908066820025, 0.5143908046079366, 0.514390804094279, 0.5143908038419754, 0.5143908035152747, 0.5143908031350026, 0.514390802183334, 0.5143908014082745, 0.5143908012448974, 0.5143908011822373, 0.5143908011768836, 0.5143908011747784, 0.5143908011744198, 0.5143908011742941, 0.5143908011742825, 0.5143908011742725, 0.5143908011742688, 0.514390801174268, 0.5143908011742678, 0.5143908011742677]}, "8": {"maxiter": 1000, "fatol": 1e-05, "xatol": 1e-05, "duration": 0.1174931526184082, "fun": "0.5143908011768836", "nit": "323", "nfev": "502", "status": "0", "success": "True", "message": "Optimization terminated successfully.", "x": "[1.31477814 6.23082972 4.31152636 4.64321565 5.95858121 2.25463543]", "final_simplex": "(array([[1.31477814, 6.23082972, 4.31152636, 4.64321565, 5.95858121,\n        2.25463543],\n       [1.31477834, 6.23082426, 4.31152957, 4.64321421, 5.95857253,\n        2.25463659],\n       [1.31477416, 6.23082655, 4.31152729, 4.64321633, 5.95857692,\n        2.25463594],\n       [1.31477515, 6.23082586, 4.31152516, 4.64321587, 5.95857424,\n        2.25463155],\n       [1.31477783, 6.23082925, 4.31152251, 4.64321471, 5.95857501,\n        2.25463611],\n       [1.31477567, 6.23083703, 4.31152496, 4.64321317, 5.95857972,\n        2.25463158],\n       [1.31478453, 6.23083153, 4.31152551, 4.64322135, 5.95857494,\n        2.25463579]]), array([0.5143908, 0.5143908, 0.5143908, 0.5143908, 0.5143908, 0.5143908,\n       0.5143908]))", "callback": [0.9343019936410272, 0.802087519337336, 0.7567755479026959, 0.549679585146457, 0.549679585146457, 0.5263934553096092, 0.5216708811523156, 0.5193301016126548, 0.5177032826855461, 0.5170659189228382, 0.5161689634403228, 0.5157669552449492, 0.5153800904685191, 0.5146534288001254, 0.5144805272961719, 0.5144154579812676, 0.5143997428061218, 0.5143930605888531, 0.5143912881305336, 0.5143909082892713, 0.5143908392628028, 0.5143908146899504, 0.5143908066820025, 0.5143908046079366, 0.514390804094279, 0.5143908038419754, 0.5143908035152747, 0.5143908031350026, 0.514390802183334, 0.5143908014082745, 0.5143908012448974, 0.5143908011822373, 0.5143908011768836]}, "9": {"maxiter": 1000, "fatol": 1e-05, "xatol": 1e-10, "duration": 0.16232705116271973, "fun": "0.5143908011742677", "nit": "418", "nfev": "717", "status": "0", "success": "True", "message": "Optimization terminated successfully.", "x": "[1.31477848 6.23082843 4.31152748 4.64321646 5.95857615 2.25463529]", "final_simplex": "(array([[1.31477848, 6.23082843, 4.31152748, 4.64321646, 5.95857615,\n        2.25463529],\n       [1.31477848, 6.23082843, 4.31152748, 4.64321646, 5.95857615,\n        2.25463529],\n       [1.31477848, 6.23082843, 4.31152748, 4.64321646, 5.95857615,\n        2.25463529],\n       [1.31477848, 6.23082843, 4.31152748, 4.64321646, 5.95857615,\n        2.25463529],\n       [1.31477848, 6.23082843, 4.31152748, 4.64321646, 5.95857615,\n        2.25463529],\n       [1.31477848, 6.23082843, 4.31152748, 4.64321646, 5.95857615,\n        2.25463529],\n       [1.31477848, 6.23082843, 4.31152748, 4.64321646, 5.95857615,\n        2.25463529]]), array([0.5143908, 0.5143908, 0.5143908, 0.5143908, 0.5143908, 0.5143908,\n       0.5143908]))", "callback": [0.9343019936410272, 0.802087519337336, 0.7567755479026959, 0.549679585146457, 0.549679585146457, 0.5263934553096092, 0.5216708811523156, 0.5193301016126548, 0.5177032826855461, 0.5170659189228382, 0.5161689634403228, 0.5157669552449492, 0.5153800904685191, 0.5146534288001254, 0.5144805272961719, 0.5144154579812676, 0.5143997428061218, 0.5143930605888531, 0.5143912881305336, 0.5143909082892713, 0.5143908392628028, 0.5143908146899504, 0.5143908066820025, 0.5143908046079366, 0.514390804094279, 0.5143908038419754, 0.5143908035152747, 0.5143908031350026, 0.514390802183334, 0.5143908014082745, 0.5143908012448974, 0.5143908011822373, 0.5143908011768836, 0.5143908011747784, 0.5143908011744198, 0.5143908011742941, 0.5143908011742825, 0.5143908011742725, 0.5143908011742688, 0.514390801174268, 0.5143908011742678, 0.5143908011742677]}, "10": {"maxiter": 1000, "fatol": 1e-10, "xatol": 1e-05, "duration": 0.11789274215698242, "fun": "0.5143908011768836", "nit": "323", "nfev": "502", "status": "0", "success": "True", "message": "Optimization terminated successfully.", "x": "[1.31477814 6.23082972 4.31152636 4.64321565 5.95858121 2.25463543]", "final_simplex": "(array([[1.31477814, 6.23082972, 4.31152636, 4.64321565, 5.95858121,\n        2.25463543],\n       [1.31477834, 6.23082426, 4.31152957, 4.64321421, 5.95857253,\n        2.25463659],\n       [1.31477416, 6.23082655, 4.31152729, 4.64321633, 5.95857692,\n        2.25463594],\n       [1.31477515, 6.23082586, 4.31152516, 4.64321587, 5.95857424,\n        2.25463155],\n       [1.31477783, 6.23082925, 4.31152251, 4.64321471, 5.95857501,\n        2.25463611],\n       [1.31477567, 6.23083703, 4.31152496, 4.64321317, 5.95857972,\n        2.25463158],\n       [1.31478453, 6.23083153, 4.31152551, 4.64322135, 5.95857494,\n        2.25463579]]), array([0.5143908, 0.5143908, 0.5143908, 0.5143908, 0.5143908, 0.5143908,\n       0.5143908]))", "callback": [0.9343019936410272, 0.802087519337336, 0.7567755479026959, 0.549679585146457, 0.549679585146457, 0.5263934553096092, 0.5216708811523156, 0.5193301016126548, 0.5177032826855461, 0.5170659189228382, 0.5161689634403228, 0.5157669552449492, 0.5153800904685191, 0.5146534288001254, 0.5144805272961719, 0.5144154579812676, 0.5143997428061218, 0.5143930605888531, 0.5143912881305336, 0.5143909082892713, 0.5143908392628028, 0.5143908146899504, 0.5143908066820025, 0.5143908046079366, 0.514390804094279, 0.5143908038419754, 0.5143908035152747, 0.5143908031350026, 0.514390802183334, 0.5143908014082745, 0.5143908012448974, 0.5143908011822373, 0.5143908011768836]}, "11": {"maxiter": 1000, "fatol": 1e-10, "xatol": 1e-10, "duration": 0.16704392433166504, "fun": "0.5143908011742677", "nit": "418", "nfev": "717", "status": "0", "success": "True", "message": "Optimization terminated successfully.", "x": "[1.31477848 6.23082843 4.31152748 4.64321646 5.95857615 2.25463529]", "final_simplex": "(array([[1.31477848, 6.23082843, 4.31152748, 4.64321646, 5.95857615,\n        2.25463529],\n       [1.31477848, 6.23082843, 4.31152748, 4.64321646, 5.95857615,\n        2.25463529],\n       [1.31477848, 6.23082843, 4.31152748, 4.64321646, 5.95857615,\n        2.25463529],\n       [1.31477848, 6.23082843, 4.31152748, 4.64321646, 5.95857615,\n        2.25463529],\n       [1.31477848, 6.23082843, 4.31152748, 4.64321646, 5.95857615,\n        2.25463529],\n       [1.31477848, 6.23082843, 4.31152748, 4.64321646, 5.95857615,\n        2.25463529],\n       [1.31477848, 6.23082843, 4.31152748, 4.64321646, 5.95857615,\n        2.25463529]]), array([0.5143908, 0.5143908, 0.5143908, 0.5143908, 0.5143908, 0.5143908,\n       0.5143908]))", "callback": [0.9343019936410272, 0.802087519337336, 0.7567755479026959, 0.549679585146457, 0.549679585146457, 0.5263934553096092, 0.5216708811523156, 0.5193301016126548, 0.5177032826855461, 0.5170659189228382, 0.5161689634403228, 0.5157669552449492, 0.5153800904685191, 0.5146534288001254, 0.5144805272961719, 0.5144154579812676, 0.5143997428061218, 0.5143930605888531, 0.5143912881305336, 0.5143909082892713, 0.5143908392628028, 0.5143908146899504, 0.5143908066820025, 0.5143908046079366, 0.514390804094279, 0.5143908038419754, 0.5143908035152747, 0.5143908031350026, 0.514390802183334, 0.5143908014082745, 0.5143908012448974, 0.5143908011822373, 0.5143908011768836, 0.5143908011747784, 0.5143908011744198, 0.5143908011742941, 0.5143908011742825, 0.5143908011742725, 0.5143908011742688, 0.514390801174268, 0.5143908011742678, 0.5143908011742677]}}, "bfgs": {"type": "gradient", "0": {"maxiter": 100, "gtol": 1e-05, "xrtol": 1e-05, "eps": 1e-05, "duration": 0.0584871768951416, "fun": "0.5143908014078931", "jac": "[ 4.31716884e-06  4.50417481e-06  5.24114085e-07  5.85853588e-06\n  5.36035660e-06 -1.87265758e-06]", "hess_inv": "[[ 5.16558943 -0.45130386  0.2546106   0.15309894 -0.15480587  1.70607844]\n [-0.45130386  6.39774921 -1.55078151  0.12570328  1.56104206 -1.85059069]\n [ 0.2546106  -1.55078151  5.27796185  0.09954733  0.63368391  1.66815042]\n [ 0.15309894  0.12570328  0.09954733  4.38274601  0.47442875  0.02832131]\n [-0.15480587  1.56104206  0.63368391  0.47442875  6.05513862  0.18147724]\n [ 1.70607844 -1.85059069  1.66815042  0.02832131  0.18147724  6.33130943]]", "nfev": "245", "njev": "35", "status": "0", "success": "True", "message": "Optimization terminated successfully.", "x": "[1.31478646 6.23086492 4.31151845 4.64323984 5.95860927 2.25461739]", "nit": "30", "callback": [0.8642898329945586, 0.8452339592595055, 0.8199958289883946, 0.7971205847624697, 0.7780521471775128, 0.7641620992608265, 0.75604529282336, 0.7452130154302448, 0.7257128046323493, 0.6949357298873865, 0.6770221333028457, 0.6708116633694338, 0.6614519171594989, 0.6527330725149432, 0.646169031186586, 0.6406750101310859, 0.6357634579748201, 0.6266248146350712, 0.610850805210655, 0.5987620410603578, 0.5798006934249894, 0.5497032633418202, 0.5228271014773762, 0.5170764620702508, 0.515060840227632, 0.5147966212400414, 0.5144908683232822, 0.5144025908077225, 0.5143909215407457, 0.5143908014078931]}, "1": {"maxiter": 100, "gtol": 1e-05, "xrtol": 1e-05, "eps": 1e-10, "duration": 0.05745506286621094, "fun": "0.5143908016292801", "jac": "[ 7.77156053e-06  6.66133760e-06 -1.11022293e-06  6.66133760e-06\n  5.55111466e-06 -2.22044587e-06]", "hess_inv": "[[ 5.17344247 -0.48404986  0.25698674  0.11880122 -0.1722566   1.67504915]\n [-0.48404986  6.35408997 -1.52201846  0.11294621  1.58052284 -1.84125045]\n [ 0.25698674 -1.52201846  5.27864322  0.13082844  0.64670307  1.6833143 ]\n [ 0.11880122  0.11294621  0.13082844  4.4010489   0.49966223  0.05817976]\n [-0.1722566   1.58052284  0.64670307  0.49966223  6.06912079  0.20097689]\n [ 1.67504915 -1.84125045  1.6833143   0.05817976  0.20097689  6.37056045]]", "nfev": "245", "njev": "35", "status": "0", "success": "True", "message": "Optimization terminated successfully.", "x": "[1.31480621 6.23087856 4.3115196  4.64324543 5.95861851 2.2546242 ]", "nit": "30", "callback": [0.8642901692173743, 0.8452350402963313, 0.8199938841372332, 0.7971120774904564, 0.778046851417233, 0.7641553087338444, 0.756040138567682, 0.7452001805256697, 0.7256891057871995, 0.6949076258178615, 0.6770255861103684, 0.6708237645333742, 0.6614693583613664, 0.6527550305347508, 0.6462092615447836, 0.6407163455840167, 0.6358453093840204, 0.6267727937626022, 0.6110689903271359, 0.5989702899992135, 0.5802561461940203, 0.5504359194684092, 0.5228011663673324, 0.5171273876996585, 0.5150870193734514, 0.5148134023022652, 0.5144943892578495, 0.5144019801230555, 0.5143909264445259, 0.5143908016292801]}, "2": {"maxiter": 100, "gtol": 1e-05, "xrtol": 1e-10, "eps": 1e-05, "duration": 0.05799293518066406, "fun": "0.5143908014078931", "jac": "[ 4.31716884e-06  4.50417481e-06  5.24114085e-07  5.85853588e-06\n  5.36035660e-06 -1.87265758e-06]", "hess_inv": "[[ 5.16558943 -0.45130386  0.2546106   0.15309894 -0.15480587  1.70607844]\n [-0.45130386  6.39774921 -1.55078151  0.12570328  1.56104206 -1.85059069]\n [ 0.2546106  -1.55078151  5.27796185  0.09954733  0.63368391  1.66815042]\n [ 0.15309894  0.12570328  0.09954733  4.38274601  0.47442875  0.02832131]\n [-0.15480587  1.56104206  0.63368391  0.47442875  6.05513862  0.18147724]\n [ 1.70607844 -1.85059069  1.66815042  0.02832131  0.18147724  6.33130943]]", "nfev": "245", "njev": "35", "status": "0", "success": "True", "message": "Optimization terminated successfully.", "x": "[1.31478646 6.23086492 4.31151845 4.64323984 5.95860927 2.25461739]", "nit": "30", "callback": [0.8642898329945586, 0.8452339592595055, 0.8199958289883946, 0.7971205847624697, 0.7780521471775128, 0.7641620992608265, 0.75604529282336, 0.7452130154302448, 0.7257128046323493, 0.6949357298873865, 0.6770221333028457, 0.6708116633694338, 0.6614519171594989, 0.6527330725149432, 0.646169031186586, 0.6406750101310859, 0.6357634579748201, 0.6266248146350712, 0.610850805210655, 0.5987620410603578, 0.5798006934249894, 0.5497032633418202, 0.5228271014773762, 0.5170764620702508, 0.515060840227632, 0.5147966212400414, 0.5144908683232822, 0.5144025908077225, 0.5143909215407457, 0.5143908014078931]}, "3": {"maxiter": 100, "gtol": 1e-05, "xrtol": 1e-10, "eps": 1e-10, "duration": 0.05714082717895508, "fun": "0.5143908016292801", "jac": "[ 7.77156053e-06  6.66133760e-06 -1.11022293e-06  6.66133760e-06\n  5.55111466e-06 -2.22044587e-06]", "hess_inv": "[[ 5.17344247 -0.48404986  0.25698674  0.11880122 -0.1722566   1.67504915]\n [-0.48404986  6.35408997 -1.52201846  0.11294621  1.58052284 -1.84125045]\n [ 0.25698674 -1.52201846  5.27864322  0.13082844  0.64670307  1.6833143 ]\n [ 0.11880122  0.11294621  0.13082844  4.4010489   0.49966223  0.05817976]\n [-0.1722566   1.58052284  0.64670307  0.49966223  6.06912079  0.20097689]\n [ 1.67504915 -1.84125045  1.6833143   0.05817976  0.20097689  6.37056045]]", "nfev": "245", "njev": "35", "status": "0", "success": "True", "message": "Optimization terminated successfully.", "x": "[1.31480621 6.23087856 4.3115196  4.64324543 5.95861851 2.2546242 ]", "nit": "30", "callback": [0.8642901692173743, 0.8452350402963313, 0.8199938841372332, 0.7971120774904564, 0.778046851417233, 0.7641553087338444, 0.756040138567682, 0.7452001805256697, 0.7256891057871995, 0.6949076258178615, 0.6770255861103684, 0.6708237645333742, 0.6614693583613664, 0.6527550305347508, 0.6462092615447836, 0.6407163455840167, 0.6358453093840204, 0.6267727937626022, 0.6110689903271359, 0.5989702899992135, 0.5802561461940203, 0.5504359194684092, 0.5228011663673324, 0.5171273876996585, 0.5150870193734514, 0.5148134023022652, 0.5144943892578495, 0.5144019801230555, 0.5143909264445259, 0.5143908016292801]}, "4": {"maxiter": 100, "gtol": 1e-10, "xrtol": 1e-05, "eps": 1e-05, "duration": 0.05810880661010742, "fun": "0.5143908012038967", "jac": "[-6.41753317e-07  4.57633931e-08 -1.13686838e-07 -2.94875235e-07\n -1.67199588e-07  3.06832337e-07]", "hess_inv": "[[ 5.18835676 -0.38303485  0.26768791  0.1928559  -0.11990128  1.73970299]\n [-0.38303485  6.58312489 -1.52945439  0.24386287  1.68788436 -1.8030838 ]\n [ 0.26768791 -1.52945439  5.26892577  0.12140847  0.67425228  1.6381355 ]\n [ 0.1928559   0.24386287  0.12140847  4.45211331  0.53658896  0.08413145]\n [-0.11990128  1.68788436  0.67425228  0.53658896  6.08320588  0.29419611]\n [ 1.73970299 -1.8030838   1.6381355   0.08413145  0.29419611  6.23391974]]", "nfev": "252", "njev": "36", "status": "0", "success": "True", "message": "Optimization terminated successfully.", "x": "[1.31476841 6.23082387 4.31152016 4.64320904 5.95856663 2.25462675]", "nit": "31", "callback": [0.8642898329945586, 0.8452339592595055, 0.8199958289883946, 0.7971205847624697, 0.7780521471775128, 0.7641620992608265, 0.75604529282336, 0.7452130154302448, 0.7257128046323493, 0.6949357298873865, 0.6770221333028457, 0.6708116633694338, 0.6614519171594989, 0.6527330725149432, 0.646169031186586, 0.6406750101310859, 0.6357634579748201, 0.6266248146350712, 0.610850805210655, 0.5987620410603578, 0.5798006934249894, 0.5497032633418202, 0.5228271014773762, 0.5170764620702508, 0.515060840227632, 0.5147966212400414, 0.5144908683232822, 0.5144025908077225, 0.5143909215407457, 0.5143908014078931, 0.5143908012038967]}, "5": {"maxiter": 100, "gtol": 1e-10, "xrtol": 1e-05, "eps": 1e-10, "duration": 0.057058095932006836, "fun": "0.5143908011912302", "jac": "[0.00000000e+00 0.00000000e+00 2.22044587e-06 1.11022293e-06\n 1.11022293e-06 2.22044587e-06]", "hess_inv": "[[ 5.22593726 -0.35632779  0.27132785  0.18207685 -0.12378557  1.74428672]\n [-0.35632779  6.61953269 -1.52594232  0.25632528  1.7241919  -1.77232915]\n [ 0.27132785 -1.52594232  5.2493081   0.13905693  0.68199309  1.61695891]\n [ 0.18207685  0.25632528  0.13905693  4.47485216  0.56409351  0.11840964]\n [-0.12378557  1.7241919   0.68199309  0.56409351  6.09925761  0.32144538]\n [ 1.74428672 -1.77232915  1.61695891  0.11840964  0.32144538  6.24322206]]", "nfev": "252", "njev": "36", "status": "0", "success": "True", "message": "Optimization terminated successfully.", "x": "[1.31477162 6.23082032 4.31153237 4.64320978 5.95857184 2.25463553]", "nit": "31", "callback": [0.8642901692173743, 0.8452350402963313, 0.8199938841372332, 0.7971120774904564, 0.778046851417233, 0.7641553087338444, 0.756040138567682, 0.7452001805256697, 0.7256891057871995, 0.6949076258178615, 0.6770255861103684, 0.6708237645333742, 0.6614693583613664, 0.6527550305347508, 0.6462092615447836, 0.6407163455840167, 0.6358453093840204, 0.6267727937626022, 0.6110689903271359, 0.5989702899992135, 0.5802561461940203, 0.5504359194684092, 0.5228011663673324, 0.5171273876996585, 0.5150870193734514, 0.5148134023022652, 0.5144943892578495, 0.5144019801230555, 0.5143909264445259, 0.5143908016292801, 0.5143908011912302]}, "6": {"maxiter": 100, "gtol": 1e-10, "xrtol": 1e-10, "eps": 1e-05, "duration": 0.10229802131652832, "fun": "0.5143908011968663", "jac": "[-3.88578059e-10 -1.88737914e-10  8.88178420e-11  4.99600361e-10\n  5.77315973e-10  2.44249065e-10]", "hess_inv": "[[ 4.90186945 -0.49138748  0.28058401  0.13998404 -0.13819106  1.85097298]\n [-0.49138748  6.68763293 -1.57772049  0.23378904  1.71989454 -1.80902732]\n [ 0.28058401 -1.57772049  5.28464735  0.10029012  0.64369043  1.64361651]\n [ 0.13998404  0.23378904  0.10029012  4.39534678  0.47748514  0.08441828]\n [-0.13819106  1.71989454  0.64369043  0.47748514  6.03090145  0.26769711]\n [ 1.85097298 -1.80902732  1.64361651  0.08441828  0.26769711  6.20051637]]", "nfev": "452", "njev": "63", "status": "2", "success": "False", "message": "Desired error not necessarily achieved due to precision loss.", "x": "[1.31477105 6.23082401 4.31152061 4.64321045 5.95856756 2.25462636]", "nit": "33", "callback": [0.8642898329945586, 0.8452339592595055, 0.8199958289883946, 0.7971205847624697, 0.7780521471775128, 0.7641620992608265, 0.75604529282336, 0.7452130154302448, 0.7257128046323493, 0.6949357298873865, 0.6770221333028457, 0.6708116633694338, 0.6614519171594989, 0.6527330725149432, 0.646169031186586, 0.6406750101310859, 0.6357634579748201, 0.6266248146350712, 0.610850805210655, 0.5987620410603578, 0.5798006934249894, 0.5497032633418202, 0.5228271014773762, 0.5170764620702508, 0.515060840227632, 0.5147966212400414, 0.5144908683232822, 0.5144025908077225, 0.5143909215407457, 0.5143908014078931, 0.5143908012038967, 0.5143908011968739, 0.5143908011968663]}, "7": {"maxiter": 100, "gtol": 1e-10, "xrtol": 1e-10, "eps": 1e-10, "duration": 0.07325196266174316, "fun": "0.5143908011912302", "jac": "[ 0.00000000e+00 -1.11022293e-06  1.11022293e-06  0.00000000e+00\n  0.00000000e+00  1.11022293e-06]", "hess_inv": "[[ 5.54765237 -0.1972266   0.68685008  0.5581509   0.41510983  2.22090611]\n [-0.1972266   6.24344941 -0.68530052  0.49528847  2.1153756  -0.84461422]\n [ 0.68685008 -0.68530052  4.89890726  0.5507946   1.20389004  1.26605919]\n [ 0.5581509   0.49528847  0.5507946   4.90829796  1.17951917  0.59494397]\n [ 0.41510983  2.1153756   1.20389004  1.17951917  6.96776359  0.93009621]\n [ 2.22090611 -0.84461422  1.26605919  0.59494397  0.93009621  5.89631766]]", "nfev": "322", "njev": "46", "status": "0", "success": "True", "message": "Optimization terminated successfully.", "x": "[1.31477162 6.23082032 4.31153237 4.64320978 5.95857184 2.25463553]", "nit": "32", "callback": [0.8642901692173743, 0.8452350402963313, 0.8199938841372332, 0.7971120774904564, 0.778046851417233, 0.7641553087338444, 0.756040138567682, 0.7452001805256697, 0.7256891057871995, 0.6949076258178615, 0.6770255861103684, 0.6708237645333742, 0.6614693583613664, 0.6527550305347508, 0.6462092615447836, 0.6407163455840167, 0.6358453093840204, 0.6267727937626022, 0.6110689903271359, 0.5989702899992135, 0.5802561461940203, 0.5504359194684092, 0.5228011663673324, 0.5171273876996585, 0.5150870193734514, 0.5148134023022652, 0.5144943892578495, 0.5144019801230555, 0.5143909264445259, 0.5143908016292801, 0.5143908011912302, 0.5143908011912302]}, "8": {"maxiter": 500, "gtol": 1e-05, "xrtol": 1e-05, "eps": 1e-05, "duration": 0.05570697784423828, "fun": "0.5143908014078931", "jac": "[ 4.31716884e-06  4.50417481e-06  5.24114085e-07  5.85853588e-06\n  5.36035660e-06 -1.87265758e-06]", "hess_inv": "[[ 5.16558943 -0.45130386  0.2546106   0.15309894 -0.15480587  1.70607844]\n [-0.45130386  6.39774921 -1.55078151  0.12570328  1.56104206 -1.85059069]\n [ 0.2546106  -1.55078151  5.27796185  0.09954733  0.63368391  1.66815042]\n [ 0.15309894  0.12570328  0.09954733  4.38274601  0.47442875  0.02832131]\n [-0.15480587  1.56104206  0.63368391  0.47442875  6.05513862  0.18147724]\n [ 1.70607844 -1.85059069  1.66815042  0.02832131  0.18147724  6.33130943]]", "nfev": "245", "njev": "35", "status": "0", "success": "True", "message": "Optimization terminated successfully.", "x": "[1.31478646 6.23086492 4.31151845 4.64323984 5.95860927 2.25461739]", "nit": "30", "callback": [0.8642898329945586, 0.8452339592595055, 0.8199958289883946, 0.7971205847624697, 0.7780521471775128, 0.7641620992608265, 0.75604529282336, 0.7452130154302448, 0.7257128046323493, 0.6949357298873865, 0.6770221333028457, 0.6708116633694338, 0.6614519171594989, 0.6527330725149432, 0.646169031186586, 0.6406750101310859, 0.6357634579748201, 0.6266248146350712, 0.610850805210655, 0.5987620410603578, 0.5798006934249894, 0.5497032633418202, 0.5228271014773762, 0.5170764620702508, 0.515060840227632, 0.5147966212400414, 0.5144908683232822, 0.5144025908077225, 0.5143909215407457, 0.5143908014078931]}, "9": {"maxiter": 500, "gtol": 1e-05, "xrtol": 1e-05, "eps": 1e-10, "duration": 0.05622982978820801, "fun": "0.5143908016292801", "jac": "[ 7.77156053e-06  6.66133760e-06 -1.11022293e-06  6.66133760e-06\n  5.55111466e-06 -2.22044587e-06]", "hess_inv": "[[ 5.17344247 -0.48404986  0.25698674  0.11880122 -0.1722566   1.67504915]\n [-0.48404986  6.35408997 -1.52201846  0.11294621  1.58052284 -1.84125045]\n [ 0.25698674 -1.52201846  5.27864322  0.13082844  0.64670307  1.6833143 ]\n [ 0.11880122  0.11294621  0.13082844  4.4010489   0.49966223  0.05817976]\n [-0.1722566   1.58052284  0.64670307  0.49966223  6.06912079  0.20097689]\n [ 1.67504915 -1.84125045  1.6833143   0.05817976  0.20097689  6.37056045]]", "nfev": "245", "njev": "35", "status": "0", "success": "True", "message": "Optimization terminated successfully.", "x": "[1.31480621 6.23087856 4.3115196  4.64324543 5.95861851 2.2546242 ]", "nit": "30", "callback": [0.8642901692173743, 0.8452350402963313, 0.8199938841372332, 0.7971120774904564, 0.778046851417233, 0.7641553087338444, 0.756040138567682, 0.7452001805256697, 0.7256891057871995, 0.6949076258178615, 0.6770255861103684, 0.6708237645333742, 0.6614693583613664, 0.6527550305347508, 0.6462092615447836, 0.6407163455840167, 0.6358453093840204, 0.6267727937626022, 0.6110689903271359, 0.5989702899992135, 0.5802561461940203, 0.5504359194684092, 0.5228011663673324, 0.5171273876996585, 0.5150870193734514, 0.5148134023022652, 0.5144943892578495, 0.5144019801230555, 0.5143909264445259, 0.5143908016292801]}, "10": {"maxiter": 500, "gtol": 1e-05, "xrtol": 1e-10, "eps": 1e-05, "duration": 0.055490970611572266, "fun": "0.5143908014078931", "jac": "[ 4.31716884e-06  4.50417481e-06  5.24114085e-07  5.85853588e-06\n  5.36035660e-06 -1.87265758e-06]", "hess_inv": "[[ 5.16558943 -0.45130386  0.2546106   0.15309894 -0.15480587  1.70607844]\n [-0.45130386  6.39774921 -1.55078151  0.12570328  1.56104206 -1.85059069]\n [ 0.2546106  -1.55078151  5.27796185  0.09954733  0.63368391  1.66815042]\n [ 0.15309894  0.12570328  0.09954733  4.38274601  0.47442875  0.02832131]\n [-0.15480587  1.56104206  0.63368391  0.47442875  6.05513862  0.18147724]\n [ 1.70607844 -1.85059069  1.66815042  0.02832131  0.18147724  6.33130943]]", "nfev": "245", "njev": "35", "status": "0", "success": "True", "message": "Optimization terminated successfully.", "x": "[1.31478646 6.23086492 4.31151845 4.64323984 5.95860927 2.25461739]", "nit": "30", "callback": [0.8642898329945586, 0.8452339592595055, 0.8199958289883946, 0.7971205847624697, 0.7780521471775128, 0.7641620992608265, 0.75604529282336, 0.7452130154302448, 0.7257128046323493, 0.6949357298873865, 0.6770221333028457, 0.6708116633694338, 0.6614519171594989, 0.6527330725149432, 0.646169031186586, 0.6406750101310859, 0.6357634579748201, 0.6266248146350712, 0.610850805210655, 0.5987620410603578, 0.5798006934249894, 0.5497032633418202, 0.5228271014773762, 0.5170764620702508, 0.515060840227632, 0.5147966212400414, 0.5144908683232822, 0.5144025908077225, 0.5143909215407457, 0.5143908014078931]}, "11": {"maxiter": 500, "gtol": 1e-05, "xrtol": 1e-10, "eps": 1e-10, "duration": 0.05507707595825195, "fun": "0.5143908016292801", "jac": "[ 7.77156053e-06  6.66133760e-06 -1.11022293e-06  6.66133760e-06\n  5.55111466e-06 -2.22044587e-06]", "hess_inv": "[[ 5.17344247 -0.48404986  0.25698674  0.11880122 -0.1722566   1.67504915]\n [-0.48404986  6.35408997 -1.52201846  0.11294621  1.58052284 -1.84125045]\n [ 0.25698674 -1.52201846  5.27864322  0.13082844  0.64670307  1.6833143 ]\n [ 0.11880122  0.11294621  0.13082844  4.4010489   0.49966223  0.05817976]\n [-0.1722566   1.58052284  0.64670307  0.49966223  6.06912079  0.20097689]\n [ 1.67504915 -1.84125045  1.6833143   0.05817976  0.20097689  6.37056045]]", "nfev": "245", "njev": "35", "status": "0", "success": "True", "message": "Optimization terminated successfully.", "x": "[1.31480621 6.23087856 4.3115196  4.64324543 5.95861851 2.2546242 ]", "nit": "30", "callback": [0.8642901692173743, 0.8452350402963313, 0.8199938841372332, 0.7971120774904564, 0.778046851417233, 0.7641553087338444, 0.756040138567682, 0.7452001805256697, 0.7256891057871995, 0.6949076258