{"date": "2024/09/25/, 09:51:51", "conf_id": 198, "data_type": "non_lin_ind\n", "num_data_points": 2, "s_rank": 0, "unitary": "[[-0.53618537-0.34368723j,-0.12107031-0.46226139j,-0.07699282-0.46603512j,0.36022595-0.11472301j],[0.26026499-0.63450712j,-0.56616638+0.37832564j,-0.14988651+0.08458591j,0.10363514-0.16008501j],[-0.32580188-0.11070003j,-0.36476308-0.23593218j,0.02559343+0.41761608j,-0.25598305+0.6725303j],[0.07406738-0.0126433j,0.28513701+0.19483972j,-0.74939717-0.10299659j,0.29798249+0.46269921j]]", "databatch_0": {"databatch": "[[[0.23460903-0.10350619j,-0.15276057+0.18274443j,-0.2544863-0.00104083j,-0.24371309-0.01782058j],[-0.0561874-0.14390381j,-0.09197549-0.22727506j,0.09331952+0.27835594j,0.06507858+0.29964035j],[0.09374854+0.00922058j,0.04992711-0.58112831j,-0.22511437+0.03604368j,-0.00207581-0.04578933j],[0.21215961-0.09148895j,-0.05516203+0.03454884j,-0.08665358+0.02175627j,-0.1413369+0.01081281j]],[[-0.17538526-0.04711867j,-0.03669615+0.04580972j,0.02249972-0.08909439j,0.07675192-0.16386411j],[-0.03652908-0.01379096j,-0.27791229+0.28456805j,0.18838124-0.00729774j,-0.24269789+0.01389629j],[-0.13440659-0.35933807j,0.10808763+0.28643513j,-0.05904472-0.21997684j,-0.11670061+0.03535546j],[-0.26859587-0.26016319j,-0.03738846-0.1055317j,0.26557548-0.04110254j,0.36109817-0.07332276j]]]", "initial param values": "[0.52100874,3.81264246,0.51924274,3.03374358,0.8763398,1.0057887]", "nelder_mead": {"type": "gradient-free", "0": {"maxiter": 100, "fatol": 1e-05, "xatol": 1e-05, "duration": 0.03708171844482422, "fun": "0.6830395220142986", "nit": "100", "nfev": "157", "status": "2", "success": "False", "message": "Maximum number of iterations has been exceeded.", "x": "[-0.49580202  5.88496035  1.47230557  2.52185971 -0.370279    1.09855762]", "final_simplex": "(array([[-0.49580202,  5.88496035,  1.47230557,  2.52185971, -0.370279  ,\n         1.09855762],\n       [-0.47825114,  5.85585917,  1.46653203,  2.49073491, -0.37206576,\n         1.10821814],\n       [-0.44848643,  6.03864088,  1.47477791,  2.45853491, -0.35036288,\n         1.06611317],\n       [-0.49848989,  6.02217638,  1.52922602,  2.48569377, -0.52201125,\n         1.09958953],\n       [-0.37391957,  5.98103079,  1.44954833,  2.4368405 , -0.41625132,\n         1.05003904],\n       [-0.38124043,  5.97985686,  1.45230819,  2.34022899, -0.42858789,\n         1.08402346],\n       [-0.42297241,  5.93709035,  1.46893073,  2.43030906, -0.48465666,\n         1.10892046]]), array([0.68303952, 0.68385832, 0.68571947, 0.68630988, 0.68712387,\n       0.68784493, 0.68880417]))", "callback": [0.9696106234757216, 0.8646581228746419, 0.7991977495299176, 0.7861241139602662, 0.7744813237724464, 0.7442022532952434, 0.7014911361781643, 0.6937901228278545, 0.6921460681804432, 0.6891484826141042]}, "1": {"maxiter": 100, "fatol": 1e-05, "xatol": 1e-10, "duration": 0.03664374351501465, "fun": "0.6830395220142986", "nit": "100", "nfev": "157", "status": "2", "success": "False", "message": "Maximum number of iterations has been exceeded.", "x": "[-0.49580202  5.88496035  1.47230557  2.52185971 -0.370279    1.09855762]", "final_simplex": "(array([[-0.49580202,  5.88496035,  1.47230557,  2.52185971, -0.370279  ,\n         1.09855762],\n       [-0.47825114,  5.85585917,  1.46653203,  2.49073491, -0.37206576,\n         1.10821814],\n       [-0.44848643,  6.03864088,  1.47477791,  2.45853491, -0.35036288,\n         1.06611317],\n       [-0.49848989,  6.02217638,  1.52922602,  2.48569377, -0.52201125,\n         1.09958953],\n       [-0.37391957,  5.98103079,  1.44954833,  2.4368405 , -0.41625132,\n         1.05003904],\n       [-0.38124043,  5.97985686,  1.45230819,  2.34022899, -0.42858789,\n         1.08402346],\n       [-0.42297241,  5.93709035,  1.46893073,  2.43030906, -0.48465666,\n         1.10892046]]), array([0.68303952, 0.68385832, 0.68571947, 0.68630988, 0.68712387,\n       0.68784493, 0.68880417]))", "callback": [0.9696106234757216, 0.8646581228746419, 0.7991977495299176, 0.7861241139602662, 0.7744813237724464, 0.7442022532952434, 0.7014911361781643, 0.6937901228278545, 0.6921460681804432, 0.6891484826141042]}, "2": {"maxiter": 100, "fatol": 1e-10, "xatol": 1e-05, "duration": 0.03656888008117676, "fun": "0.6830395220142986", "nit": "100", "nfev": "157", "status": "2", "success": "False", "message": "Maximum number of iterations has been exceeded.", "x": "[-0.49580202  5.88496035  1.47230557  2.52185971 -0.370279    1.09855762]", "final_simplex": "(array([[-0.49580202,  5.88496035,  1.47230557,  2.52185971, -0.370279  ,\n         1.09855762],\n       [-0.47825114,  5.85585917,  1.46653203,  2.49073491, -0.37206576,\n         1.10821814],\n       [-0.44848643,  6.03864088,  1.47477791,  2.45853491, -0.35036288,\n         1.06611317],\n       [-0.49848989,  6.02217638,  1.52922602,  2.48569377, -0.52201125,\n         1.09958953],\n       [-0.37391957,  5.98103079,  1.44954833,  2.4368405 , -0.41625132,\n         1.05003904],\n       [-0.38124043,  5.97985686,  1.45230819,  2.34022899, -0.42858789,\n         1.08402346],\n       [-0.42297241,  5.93709035,  1.46893073,  2.43030906, -0.48465666,\n         1.10892046]]), array([0.68303952, 0.68385832, 0.68571947, 0.68630988, 0.68712387,\n       0.68784493, 0.68880417]))", "callback": [0.9696106234757216, 0.8646581228746419, 0.7991977495299176, 0.7861241139602662, 0.7744813237724464, 0.7442022532952434, 0.7014911361781643, 0.6937901228278545, 0.6921460681804432, 0.6891484826141042]}, "3": {"maxiter": 100, "fatol": 1e-10, "xatol": 1e-10, "duration": 0.036538124084472656, "fun": "0.6830395220142986", "nit": "100", "nfev": "157", "status": "2", "success": "False", "message": "Maximum number of iterations has been exceeded.", "x": "[-0.49580202  5.88496035  1.47230557  2.52185971 -0.370279    1.09855762]", "final_simplex": "(array([[-0.49580202,  5.88496035,  1.47230557,  2.52185971, -0.370279  ,\n         1.09855762],\n       [-0.47825114,  5.85585917,  1.46653203,  2.49073491, -0.37206576,\n         1.10821814],\n       [-0.44848643,  6.03864088,  1.47477791,  2.45853491, -0.35036288,\n         1.06611317],\n       [-0.49848989,  6.02217638,  1.52922602,  2.48569377, -0.52201125,\n         1.09958953],\n       [-0.37391957,  5.98103079,  1.44954833,  2.4368405 , -0.41625132,\n         1.05003904],\n       [-0.38124043,  5.97985686,  1.45230819,  2.34022899, -0.42858789,\n         1.08402346],\n       [-0.42297241,  5.93709035,  1.46893073,  2.43030906, -0.48465666,\n         1.10892046]]), array([0.68303952, 0.68385832, 0.68571947, 0.68630988, 0.68712387,\n       0.68784493, 0.68880417]))", "callback": [0.9696106234757216, 0.8646581228746419, 0.7991977495299176, 0.7861241139602662, 0.7744813237724464, 0.7442022532952434, 0.7014911361781643, 0.6937901228278545, 0.6921460681804432, 0.6891484826141042]}, "4": {"maxiter": 500, "fatol": 1e-05, "xatol": 1e-05, "duration": 0.17692017555236816, "fun": "0.3709474491281477", "nit": "500", "nfev": "765", "status": "2", "success": "False", "message": "Maximum number of iterations has been exceeded.", "x": "[-1.67422046  5.37942392  1.29820578  1.41191419 -1.45090956 -0.26991275]", "final_simplex": "(array([[-1.67422046,  5.37942392,  1.29820578,  1.41191419, -1.45090956,\n        -0.26991275],\n       [-1.67191572,  5.42132201,  1.32589497,  1.44893986, -1.45277194,\n        -0.26271725],\n       [-1.64431351,  5.36454826,  1.34864897,  1.41997177, -1.41857864,\n        -0.23130358],\n       [-1.63192669,  5.37996709,  1.30978154,  1.44529273, -1.41872449,\n        -0.23607927],\n       [-1.64453085,  5.38305401,  1.32334307,  1.41774161, -1.45910481,\n        -0.25710378],\n       [-1.64962459,  5.42723327,  1.31035713,  1.46632364, -1.43146365,\n        -0.2892267 ],\n       [-1.61608838,  5.41458378,  1.28997342,  1.43237291, -1.42083573,\n        -0.2770371 ]]), array([0.37094745, 0.37145718, 0.3714742 , 0.37148664, 0.37166688,\n       0.37167311, 0.37177915]))", "callback": [0.9696106234757216, 0.8646581228746419, 0.7991977495299176, 0.7861241139602662, 0.7744813237724464, 0.7442022532952434, 0.7014911361781643, 0.6937901228278545, 0.6921460681804432, 0.6891484826141042, 0.6822386212040643, 0.6692292090620189, 0.666558708240174, 0.6634932801110514, 0.6624770310514255, 0.6615809768701554, 0.6590805364611527, 0.6524450479329886, 0.639453077838248, 0.5749021092335397, 0.5388164051954243, 0.5388164051954243, 0.538180871390002, 0.5368853737903501, 0.5336799788766066, 0.525576583215984, 0.525576583215984, 0.5251073814375382, 0.5248359316752151, 0.5247297125949981, 0.5245824597817732, 0.5241921412306184, 0.5226582359104508, 0.5222092315474762, 0.5220748304166622, 0.5220448996007422, 0.5219238675205533, 0.521861519646264, 0.5217088802045607, 0.5215158685033344, 0.5209898045318223, 0.5194223051495868, 0.5106793279652216, 0.4979624020112172, 0.48146572267049637, 0.46356257099308906, 0.3945976949473763, 0.3761602779702402, 0.37387191713502277, 0.3714741962927456]}, "5": {"maxiter": 500, "fatol": 1e-05, "xatol": 1e-10, "duration": 0.17665696144104004, "fun": "0.3709474491281477", "nit": "500", "nfev": "765", "status": "2", "success": "False", "message": "Maximum number of iterations has been exceeded.", "x": "[-1.67422046  5.37942392  1.29820578  1.41191419 -1.45090956 -0.26991275]", "final_simplex": "(array([[-1.67422046,  5.37942392,  1.29820578,  1.41191419, -1.45090956,\n        -0.26991275],\n       [-1.67191572,  5.42132201,  1.32589497,  1.44893986, -1.45277194,\n        -0.26271725],\n       [-1.64431351,  5.36454826,  1.34864897,  1.41997177, -1.41857864,\n        -0.23130358],\n       [-1.63192669,  5.37996709,  1.30978154,  1.44529273, -1.41872449,\n        -0.23607927],\n       [-1.64453085,  5.38305401,  1.32334307,  1.41774161, -1.45910481,\n        -0.25710378],\n       [-1.64962459,  5.42723327,  1.31035713,  1.46632364, -1.43146365,\n        -0.2892267 ],\n       [-1.61608838,  5.41458378,  1.28997342,  1.43237291, -1.42083573,\n        -0.2770371 ]]), array([0.37094745, 0.37145718, 0.3714742 , 0.37148664, 0.37166688,\n       0.37167311, 0.37177915]))", "callback": [0.9696106234757216, 0.8646581228746419, 0.7991977495299176, 0.7861241139602662, 0.7744813237724464, 0.7442022532952434, 0.7014911361781643, 0.6937901228278545, 0.6921460681804432, 0.6891484826141042, 0.6822386212040643, 0.6692292090620189, 0.666558708240174, 0.6634932801110514, 0.6624770310514255, 0.6615809768701554, 0.6590805364611527, 0.6524450479329886, 0.639453077838248, 0.5749021092335397, 0.5388164051954243, 0.5388164051954243, 0.538180871390002, 0.5368853737903501, 0.5336799788766066, 0.525576583215984, 0.525576583215984, 0.5251073814375382, 0.5248359316752151, 0.5247297125949981, 0.5245824597817732, 0.5241921412306184, 0.5226582359104508, 0.5222092315474762, 0.5220748304166622, 0.5220448996007422, 0.5219238675205533, 0.521861519646264, 0.5217088802045607, 0.5215158685033344, 0.5209898045318223, 0.5194223051495868, 0.5106793279652216, 0.4979624020112172, 0.48146572267049637, 0.46356257099308906, 0.3945976949473763, 0.3761602779702402, 0.37387191713502277, 0.3714741962927456]}, "6": {"maxiter": 500, "fatol": 1e-10, "xatol": 1e-05, "duration": 0.227935791015625, "fun": "0.3709474491281477", "nit": "500", "nfev": "765", "status": "2", "success": "False", "message": "Maximum number of iterations has been exceeded.", "x": "[-1.67422046  5.37942392  1.29820578  1.41191419 -1.45090956 -0.26991275]", "final_simplex": "(array([[-1.67422046,  5.37942392,  1.29820578,  1.41191419, -1.45090956,\n        -0.26991275],\n       [-1.67191572,  5.42132201,  1.32589497,  1.44893986, -1.45277194,\n        -0.26271725],\n       [-1.64431351,  5.36454826,  1.34864897,  1.41997177, -1.41857864,\n        -0.23130358],\n       [-1.63192669,  5.37996709,  1.30978154,  1.44529273, -1.41872449,\n        -0.23607927],\n       [-1.64453085,  5.38305401,  1.32334307,  1.41774161, -1.45910481,\n        -0.25710378],\n       [-1.64962459,  5.42723327,  1.31035713,  1.46632364, -1.43146365,\n        -0.2892267 ],\n       [-1.61608838,  5.41458378,  1.28997342,  1.43237291, -1.42083573,\n        -0.2770371 ]]), array([0.37094745, 0.37145718, 0.3714742 , 0.37148664, 0.37166688,\n       0.37167311, 0.37177915]))", "callback": [0.9696106234757216, 0.8646581228746419, 0.7991977495299176, 0.7861241139602662, 0.7744813237724464, 0.7442022532952434, 0.7014911361781643, 0.6937901228278545, 0.6921460681804432, 0.6891484826141042, 0.6822386212040643, 0.6692292090620189, 0.666558708240174, 0.6634932801110514, 0.6624770310514255, 0.6615809768701554, 0.6590805364611527, 0.6524450479329886, 0.639453077838248, 0.5749021092335397, 0.5388164051954243, 0.5388164051954243, 0.538180871390002, 0.5368853737903501, 0.5336799788766066, 0.525576583215984, 0.525576583215984, 0.5251073814375382, 0.5248359316752151, 0.5247297125949981, 0.5245824597817732, 0.5241921412306184, 0.5226582359104508, 0.5222092315474762, 0.5220748304166622, 0.5220448996007422, 0.5219238675205533, 0.521861519646264, 0.5217088802045607, 0.5215158685033344, 0.5209898045318223, 0.5194223051495868, 0.5106793279652216, 0.4979624020112172, 0.48146572267049637, 0.46356257099308906, 0.3945976949473763, 0.3761602779702402, 0.37387191713502277, 0.3714741962927456]}, "7": {"maxiter": 500, "fatol": 1e-10, "xatol": 1e-10, "duration": 0.1793372631072998, "fun": "0.3709474491281477", "nit": "500", "nfev": "765", "status": "2", "success": "False", "message": "Maximum number of iterations has been exceeded.", "x": "[-1.67422046  5.37942392  1.29820578  1.41191419 -1.45090956 -0.26991275]", "final_simplex": "(array([[-1.67422046,  5.37942392,  1.29820578,  1.41191419, -1.45090956,\n        -0.26991275],\n       [-1.67191572,  5.42132201,  1.32589497,  1.44893986, -1.45277194,\n        -0.26271725],\n       [-1.64431351,  5.36454826,  1.34864897,  1.41997177, -1.41857864,\n        -0.23130358],\n       [-1.63192669,  5.37996709,  1.30978154,  1.44529273, -1.41872449,\n        -0.23607927],\n       [-1.64453085,  5.38305401,  1.32334307,  1.41774161, -1.45910481,\n        -0.25710378],\n       [-1.64962459,  5.42723327,  1.31035713,  1.46632364, -1.43146365,\n        -0.2892267 ],\n       [-1.61608838,  5.41458378,  1.28997342,  1.43237291, -1.42083573,\n        -0.2770371 ]]), array([0.37094745, 0.37145718, 0.3714742 , 0.37148664, 0.37166688,\n       0.37167311, 0.37177915]))", "callback": [0.9696106234757216, 0.8646581228746419, 0.7991977495299176, 0.7861241139602662, 0.7744813237724464, 0.7442022532952434, 0.7014911361781643, 0.6937901228278545, 0.6921460681804432, 0.6891484826141042, 0.6822386212040643, 0.6692292090620189, 0.666558708240174, 0.6634932801110514, 0.6624770310514255, 0.6615809768701554, 0.6590805364611527, 0.6524450479329886, 0.639453077838248, 0.5749021092335397, 0.5388164051954243, 0.5388164051954243, 0.538180871390002, 0.5368853737903501, 0.5336799788766066, 0.525576583215984, 0.525576583215984, 0.5251073814375382, 0.5248359316752151, 0.5247297125949981, 0.5245824597817732, 0.5241921412306184, 0.5226582359104508, 0.5222092315474762, 0.5220748304166622, 0.5220448996007422, 0.5219238675205533, 0.521861519646264, 0.5217088802045607, 0.5215158685033344, 0.5209898045318223, 0.5194223051495868, 0.5106793279652216, 0.4979624020112172, 0.48146572267049637, 0.46356257099308906, 0.3945976949473763, 0.3761602779702402, 0.37387191713502277, 0.3714741962927456]}, "8": {"maxiter": 1000, "fatol": 1e-05, "xatol": 1e-05, "duration": 0.24870991706848145, "fun": "0.37047626307915704", "nit": "676", "nfev": "1047", "status": "0", "success": "True", "message": "Optimization terminated successfully.", "x": "[-1.69327852  5.36841263  1.27826381  1.4131363  -1.40402148 -0.27471869]", "final_simplex": "(array([[-1.69327852,  5.36841263,  1.27826381,  1.4131363 , -1.40402148,\n        -0.27471869],\n       [-1.69328358,  5.36840918,  1.27825983,  1.41313165, -1.40402448,\n        -0.27471783],\n       [-1.6932793 ,  5.36841776,  1.27826402,  1.41313314, -1.40402599,\n        -0.27472818],\n       [-1.69327853,  5.36841517,  1.27826833,  1.41313307, -1.40402873,\n        -0.27471643],\n       [-1.6932814 ,  5.3684177 ,  1.27826844,  1.41312996, -1.4040246 ,\n        -0.27471478],\n       [-1.69327603,  5.36842251,  1.27826556,  1.41313398, -1.40403042,\n        -0.27471869],\n       [-1.69328361,  5.36841948,  1.27827221,  1.41313576, -1.40402981,\n        -0.27471513]]), array([0.37047626, 0.37047626, 0.37047626, 0.37047626, 0.37047626,\n       0.37047626, 0.37047626]))", "callback": [0.9696106234757216, 0.8646581228746419, 0.7991977495299176, 0.7861241139602662, 0.7744813237724464, 0.7442022532952434, 0.7014911361781643, 0.6937901228278545, 0.6921460681804432, 0.6891484826141042, 0.6822386212040643, 0.6692292090620189, 0.666558708240174, 0.6634932801110514, 0.6624770310514255, 0.6615809768701554, 0.6590805364611527, 0.6524450479329886, 0.639453077838248, 0.5749021092335397, 0.5388164051954243, 0.5388164051954243, 0.538180871390002, 0.5368853737903501, 0.5336799788766066, 0.525576583215984, 0.525576583215984, 0.5251073814375382, 0.5248359316752151, 0.5247297125949981, 0.5245824597817732, 0.5241921412306184, 0.5226582359104508, 0.5222092315474762, 0.5220748304166622, 0.5220448996007422, 0.5219238675205533, 0.521861519646264, 0.5217088802045607, 0.5215158685033344, 0.5209898045318223, 0.5194223051495868, 0.5106793279652216, 0.4979624020112172, 0.48146572267049637, 0.46356257099308906, 0.3945976949473763, 0.3761602779702402, 0.37387191713502277, 0.3714741962927456, 0.3709474491281477, 0.370624274792131, 0.3704961788745068, 0.3704961788745068, 0.3704814559262407, 0.37047766498846124, 0.37047640880979194, 0.37047640880979194, 0.37047630523582, 0.37047627401529093, 0.3704762668368454, 0.37047626483115514, 0.3704762640599244, 0.3704762636055864, 0.37047626329088446, 0.37047626318019167, 0.37047626311024595, 0.3704762630807694]}, "9": {"maxiter": 1000, "fatol": 1e-05, "xatol": 1e-10, "duration": 0.2985358238220215, "fun": "0.37047626307288395", "nit": "778", "nfev": "1277", "status": "0", "success": "True", "message": "Optimization terminated successfully.", "x": "[-1.6932803   5.36841584  1.27825937  1.41313303 -1.40402487 -0.27472392]", "final_simplex": "(array([[-1.6932803 ,  5.36841584,  1.27825937,  1.41313303, -1.40402487,\n        -0.27472392],\n       [-1.6932803 ,  5.36841584,  1.27825937,  1.41313303, -1.40402487,\n        -0.27472392],\n       [-1.6932803 ,  5.36841584,  1.27825937,  1.41313303, -1.40402487,\n        -0.27472392],\n       [-1.6932803 ,  5.36841584,  1.27825937,  1.41313303, -1.40402487,\n        -0.27472392],\n       [-1.6932803 ,  5.36841584,  1.27825937,  1.41313303, -1.40402487,\n        -0.27472392],\n       [-1.6932803 ,  5.36841584,  1.27825937,  1.41313303, -1.40402487,\n        -0.27472392],\n       [-1.6932803 ,  5.36841584,  1.27825937,  1.41313303, -1.40402487,\n        -0.27472392]]), array([0.37047626, 0.37047626, 0.37047626, 0.37047626, 0.37047626,\n       0.37047626, 0.37047626]))", "callback": [0.9696106234757216, 0.8646581228746419, 0.7991977495299176, 0.7861241139602662, 0.7744813237724464, 0.7442022532952434, 0.7014911361781643, 0.6937901228278545, 0.6921460681804432, 0.6891484826141042, 0.6822386212040643, 0.6692292090620189, 0.666558708240174, 0.6634932801110514, 0.6624770310514255, 0.6615809768701554, 0.6590805364611527, 0.6524450479329886, 0.639453077838248, 0.5749021092335397, 0.5388164051954243, 0.5388164051954243, 0.538180871390002, 0.5368853737903501, 0.5336799788766066, 0.525576583215984, 0.525576583215984, 0.5251073814375382, 0.5248359316752151, 0.5247297125949981, 0.5245824597817732, 0.5241921412306184, 0.5226582359104508, 0.5222092315474762, 0.5220748304166622, 0.5220448996007422, 0.5219238675205533, 0.521861519646264, 0.5217088802045607, 0.5215158685033344, 0.5209898045318223, 0.5194223051495868, 0.5106793279652216, 0.4979624020112172, 0.48146572267049637, 0.46356257099308906, 0.3945976949473763, 0.3761602779702402, 0.37387191713502277, 0.3714741962927456, 0.3709474491281477, 0.370624274792131, 0.3704961788745068, 0.3704961788745068, 0.3704814559262407, 0.37047766498846124, 0.37047640880979194, 0.37047640880979194, 0.37047630523582, 0.37047627401529093, 0.3704762668368454, 0.37047626483115514, 0.3704762640599244, 0.3704762636055864, 0.37047626329088446, 0.37047626318019167, 0.37047626311024595, 0.3704762630807694, 0.37047626307484194, 0.37047626307373016, 0.3704762630732027, 0.37047626307301207, 0.3704762630729095, 0.3704762630728907, 0.3704762630728846, 0.3704762630728843, 0.37047626307288395, 0.37047626307288395]}, "10": {"maxiter": 1000, "fatol": 1e-10, "xatol": 1e-05, "duration": 0.241347074508667, "fun": "0.37047626307915704", "nit": "676", "nfev": "1047", "status": "0", "success": "True", "message": "Optimization terminated successfully.", "x": "[-1.69327852  5.36841263  1.27826381  1.4131363  -1.40402148 -0.27471869]", "final_simplex": "(array([[-1.69327852,  5.36841263,  1.27826381,  1.4131363 , -1.40402148,\n        -0.27471869],\n       [-1.69328358,  5.36840918,  1.27825983,  1.41313165, -1.40402448,\n        -0.27471783],\n       [-1.6932793 ,  5.36841776,  1.27826402,  1.41313314, -1.40402599,\n        -0.27472818],\n       [-1.69327853,  5.36841517,  1.27826833,  1.41313307, -1.40402873,\n        -0.27471643],\n       [-1.6932814 ,  5.3684177 ,  1.27826844,  1.41312996, -1.4040246 ,\n        -0.27471478],\n       [-1.69327603,  5.36842251,  1.27826556,  1.41313398, -1.40403042,\n        -0.27471869],\n       [-1.69328361,  5.36841948,  1.27827221,  1.41313576, -1.40402981,\n        -0.27471513]]), array([0.37047626, 0.37047626, 0.37047626, 0.37047626, 0.37047626,\n       0.37047626, 0.37047626]))", "callback": [0.9696106234757216, 0.8646581228746419, 0.7991977495299176, 0.7861241139602662, 0.7744813237724464, 0.7442022532952434, 0.7014911361781643, 0.6937901228278545, 0.6921460681804432, 0.6891484826141042, 0.6822386212040643, 0.6692292090620189, 0.666558708240174, 0.6634932801110514, 0.6624770310514255, 0.6615809768701554, 0.6590805364611527, 0.6524450479329886, 0.639453077838248, 0.5749021092335397, 0.5388164051954243, 0.5388164051954243, 0.538180871390002, 0.5368853737903501, 0.5336799788766066, 0.525576583215984, 0.525576583215984, 0.5251073814375382, 0.5248359316752151, 0.5247297125949981, 0.5245824597817732, 0.5241921412306184, 0.5226582359104508, 0.5222092315474762, 0.5220748304166622, 0.5220448996007422, 0.5219238675205533, 0.521861519646264, 0.5217088802045607, 0.5215158685033344, 0.5209898045318223, 0.5194223051495868, 0.5106793279652216, 0.4979624020112172, 0.48146572267049637, 0.46356257099308906, 0.3945976949473763, 0.3761602779702402, 0.37387191713502277, 0.3714741962927456, 0.3709474491281477, 0.370624274792131, 0.3704961788745068, 0.3704961788745068, 0.3704814559262407, 0.37047766498846124, 0.37047640880979194, 0.37047640880979194, 0.37047630523582, 0.37047627401529093, 0.3704762668368454, 0.37047626483115514, 0.3704762640599244, 0.3704762636055864, 0.37047626329088446, 0.37047626318019167, 0.37047626311024595, 0.3704762630807694]}, "11": {"maxiter": 1000, "fatol": 1e-10, "xatol": 1e-10, "duration": 0.2922542095184326, "fun": "0.37047626307288395", "nit": "778", "nfev": "1277", "status": "0", "success": "True", "message": "Optimization terminated successfully.", "x": "[-1.6932803   5.36841584  1.27825937  1.41313303 -1.40402487 -0.27472392]", "final_simplex": "(array([[-1.6932803 ,  5.36841584,  1.27825937,  1.41313303, -1.40402487,\n        -0.27472392],\n       [-1.6932803 ,  5.36841584,  1.27825937,  1.41313303, -1.40402487,\n        -0.27472392],\n       [-1.6932803 ,  5.36841584,  1.27825937,  1.41313303, -1.40402487,\n        -0.27472392],\n       [-1.6932803 ,  5.36841584,  1.27825937,  1.41313303, -1.40402487,\n        -0.27472392],\n       [-1.6932803 ,  5.36841584,  1.27825937,  1.41313303, -1.40402487,\n        -0.27472392],\n       [-1.6932803 ,  5.36841584,  1.27825937,  1.41313303, -1.40402487,\n        -0.27472392],\n       [-1.6932803 ,  5.36841584,  1.27825937,  1.41313303, -1.40402487,\n        -0.27472392]]), array([0.37047626, 0.37047626, 0.37047626, 0.37047626, 0.37047626,\n       0.37047626, 0.37047626]))", "callback": [0.9696106234757216, 0.8646581228746419, 0.7991977495299176, 0.7861241139602662, 0.7744813237724464, 0.7442022532952434, 0.7014911361781643, 0.6937901228278545, 0.6921460681804432, 0.6891484826141042, 0.6822386212040643, 0.6692292090620189, 0.666558708240174, 0.6634932801110514, 0.6624770310514255, 0.6615809768701554, 0.6590805364611527, 0.6524450479329886, 0.639453077838248, 0.5749021092335397, 0.5388164051954243, 0.5388164051954243, 0.538180871390002, 0.5368853737903501, 0.5336799788766066, 0.525576583215984, 0.525576583215984, 0.5251073814375382, 0.5248359316752151, 0.5247297125949981, 0.5245824597817732, 0.5241921412306184, 0.5226582359104508, 0.5222092315474762, 0.5220748304166622, 0.5220448996007422, 0.5219238675205533, 0.521861519646264, 0.5217088802045607, 0.5215158685033344, 0.5209898045318223, 0.5194223051495868, 0.5106793279652216, 0.4979624020112172, 0.48146572267049637, 0.46356257099308906, 0.3945976949473763, 0.3761602779702402, 0.37387191713502277, 0.3714741962927456, 0.3709474491281477, 0.370624274792131, 0.3704961788745068, 0.3704961788745068, 0.3704814559262407, 0.37047766498846124, 0.37047640880979194, 0.37047640880979194, 0.37047630523582, 0.37047627401529093, 0.3704762668368454, 0.37047626483115514, 0.3704762640599244, 0.3704762636055864, 0.37047626329088446, 0.37047626318019167, 0.37047626311024595, 0.3704762630807694, 0.37047626307484194, 0.37047626307373016, 0.3704762630732027, 0.37047626307301207, 0.3704762630729095, 0.3704762630728907, 0.3704762630728846, 0.3704762630728843, 0.37047626307288395, 0.37047626307288395]}}, "bfgs": {"type": "gradient", "0": {"maxiter": 100, "gtol": 1e-05, "xrtol": 1e-05, "eps": 1e-05, "duration": 0.04455113410949707, "fun": "0.37047626309446835", "jac": "[ 4.40014691e-07  9.00346464e-07  4.40203429e-08  3.28237437e-07\n -9.82325332e-08  3.39317463e-07]", "hess_inv": "[[ 3.92954912  0.07245534 -0.59855219 -0.09080634  1.69772718 -0.65353869]\n [ 0.07245534  4.64841551 -0.33079486 -0.33428867 -0.33877395 -2.18713999]\n [-0.59855219 -0.33079486  4.94380207  1.5279554  -0.93738123  2.41412584]\n [-0.09080634 -0.33428867  1.5279554   3.96714894 -0.22145869  0.63839683]\n [ 1.69772718 -0.33877395 -0.93738123 -0.22145869  4.02729045 -0.72436975]\n [-0.65353869 -2.18713999  2.41412584  0.63839683 -0.72436975  5.46068965]]", "nfev": "189", "njev": "27", "status": "0", "success": "True", "message": "Optimization terminated successfully.", "x": "[-1.69328505  5.36841703  1.27824948  1.41312615 -1.40402997 -0.27473189]", "nit": "21", "callback": [0.842605518187181, 0.8049194670646906, 0.7517381046299834, 0.7331350769284972, 0.6809382908935938, 0.5891227094613212, 0.45735564436224496, 0.4160570444253602, 0.4014389500830048, 0.38195876518716876, 0.37493483145009987, 0.3736390923461004, 0.3717356073118666, 0.37072594766649103, 0.3705937317757886, 0.37053251063668236, 0.3704938713957433, 0.3704782486061091, 0.370476341905946, 0.37047626371408704, 0.37047626309446835]}, "1": {"maxiter": 100, "gtol": 1e-05, "xrtol": 1e-05, "eps": 1e-10, "duration": 0.04342293739318848, "fun": "0.3704762631114402", "jac": "[ 1.11022293e-06  1.11022293e-06 -1.11022293e-06 -3.33066880e-06\n  0.00000000e+00  0.00000000e+00]", "hess_inv": "[[ 3.92305546  0.06913638 -0.61442857 -0.10298115  1.67820047 -0.67351261]\n [ 0.06913638  4.65696575 -0.32074719 -0.31243255 -0.3528783  -2.20274886]\n [-0.61442857 -0.32074719  4.94609135  1.56489069 -0.97305335  2.3689955 ]\n [-0.10298115 -0.31243255  1.56489069  4.05490853 -0.26097774  0.59175425]\n [ 1.67820047 -0.3528783  -0.97305335 -0.26097774  4.0030869  -0.75261178]\n [-0.67351261 -2.20274886  2.3689955   0.59175425 -0.75261178  5.42626943]]", "nfev": "189", "njev": "27", "status": "0", "success": "True", "message": "Optimization terminated successfully.", "x": "[-1.69327358  5.36842029  1.27824568  1.41311827 -1.40402237 -0.27473516]", "nit": "21", "callback": [0.8426060183190429, 0.8049225300255972, 0.7517452440479926, 0.7331360012598152, 0.6808724506265516, 0.588931599973029, 0.4571294374274142, 0.4159360883426052, 0.40147789752070495, 0.38205292163383375, 0.3749311916882996, 0.3736363695640923, 0.3717363272803297, 0.370727360246361, 0.37059372944462743, 0.37053280790654375, 0.3704939260917952, 0.370478271447665, 0.37047634272864516, 0.3704762639722293, 0.3704762631114402]}, "2": {"maxiter": 100, "gtol": 1e-05, "xrtol": 1e-10, "eps": 1e-05, "duration": 0.043321847915649414, "fun": "0.37047626309446835", "jac": "[ 4.40014691e-07  9.00346464e-07  4.40203429e-08  3.28237437e-07\n -9.82325332e-08  3.39317463e-07]", "hess_inv": "[[ 3.92954912  0.07245534 -0.59855219 -0.09080634  1.69772718 -0.65353869]\n [ 0.07245534  4.64841551 -0.33079486 -0.33428867 -0.33877395 -2.18713999]\n [-0.59855219 -0.33079486  4.94380207  1.5279554  -0.93738123  2.41412584]\n [-0.09080634 -0.33428867  1.5279554   3.96714894 -0.22145869  0.63839683]\n [ 1.69772718 -0.33877395 -0.93738123 -0.22145869  4.02729045 -0.72436975]\n [-0.65353869 -2.18713999  2.41412584  0.63839683 -0.72436975  5.46068965]]", "nfev": "189", "njev": "27", "status": "0", "success": "True", "message": "Optimization terminated successfully.", "x": "[-1.69328505  5.36841703  1.27824948  1.41312615 -1.40402997 -0.27473189]", "nit": "21", "callback": [0.842605518187181, 0.8049194670646906, 0.7517381046299834, 0.7331350769284972, 0.6809382908935938, 0.5891227094613212, 0.45735564436224496, 0.4160570444253602, 0.4014389500830048, 0.38195876518716876, 0.37493483145009987, 0.3736390923461004, 0.3717356073118666, 0.37072594766649103, 0.3705937317757886, 0.37053251063668236, 0.3704938713957433, 0.3704782486061091, 0.370476341905946, 0.37047626371408704, 0.37047626309446835]}, "3": {"maxiter": 100, "gtol": 1e-05, "xrtol": 1e-10, "eps": 1e-10, "duration": 0.04351687431335449, "fun": "0.3704762631114402", "jac": "[ 1.11022293e-06  1.11022293e-06 -1.11022293e-06 -3.33066880e-06\n  0.00000000e+00  0.00000000e+00]", "hess_inv": "[[ 3.92305546  0.06913638 -0.61442857 -0.10298115  1.67820047 -0.67351261]\n [ 0.06913638  4.65696575 -0.32074719 -0.31243255 -0.3528783  -2.20274886]\n [-0.61442857 -0.32074719  4.94609135  1.56489069 -0.97305335  2.3689955 ]\n [-0.10298115 -0.31243255  1.56489069  4.05490853 -0.26097774  0.59175425]\n [ 1.67820047 -0.3528783  -0.97305335 -0.26097774  4.0030869  -0.75261178]\n [-0.67351261 -2.20274886  2.3689955   0.59175425 -0.75261178  5.42626943]]", "nfev": "189", "njev": "27", "status": "0", "success": "True", "message": "Optimization terminated successfully.", "x": "[-1.69327358  5.36842029  1.27824568  1.41311827 -1.40402237 -0.27473516]", "nit": "21", "callback": [0.8426060183190429, 0.8049225300255972, 0.7517452440479926, 0.7331360012598152, 0.6808724506265516, 0.588931599973029, 0.4571294374274142, 0.4159360883426052, 0.40147789752070495, 0.38205292163383375, 0.3749311916882996, 0.3736363695640923, 0.3717363272803297, 0.370727360246361, 0.37059372944462743, 0.37053280790654375, 0.3704939260917952, 0.370478271447665, 0.37047634272864516, 0.3704762639722293, 0.3704762631114402]}, "4": {"maxiter": 100, "gtol": 1e-10, "xrtol": 1e-05, "eps": 1e-05, "duration": 0.10003924369812012, "fun": "0.37047626309446835", "jac": "[ 4.40014691e-07  9.00346464e-07  4.40203429e-08  3.28237437e-07\n -9.82325332e-08  3.39317463e-07]", "hess_inv": "[[ 3.94413057  0.13710024 -0.58173653 -0.05122071  1.67694465 -0.68711135]\n [ 0.13710024  4.84672548 -0.27279214 -0.24020307 -0.37622197 -2.2310156 ]\n [-0.58173653 -0.27279214  4.96009281  1.55834733 -0.9510978   2.39508263]\n [-0.05122071 -0.24020307  1.55834733  3.99954132 -0.22744769  0.64404728]\n [ 1.67694465 -0.37622197 -0.9510978  -0.22744769  4.02303397 -0.74154052]\n [-0.68711135 -2.2310156   2.39508263  0.64404728 -0.74154052  5.41319274]]", "nfev": "431", "njev": "60", "status": "2", "success": "False", "message": "Desired error not necessarily achieved due to precision loss.", "x": "[-1.69328505  5.36841703  1.27824948  1.41312615 -1.40402997 -0.27473189]", "nit": "21", "callback": [0.842605518187181, 0.8049194670646906, 0.7517381046299834, 0.7331350769284972, 0.6809382908935938, 0.5891227094613212, 0.45735564436224496, 0.4160570444253602, 0.4014389500830048, 0.38195876518716876, 0.37493483145009987, 0.3736390923461004, 0.3717356073118666, 0.37072594766649103, 0.3705937317757886, 0.37053251063668236, 0.3704938713957433, 0.3704782486061091, 0.370476341905946, 0.37047626371408704, 0.37047626309446835]}, "5": {"maxiter": 100, "gtol": 1e-10, "xrtol": 1e-05, "eps": 1e-10, "duration": 0.04477500915527344, "fun": "0.3704762630772812", "jac": "[-1.11022293e-06 -1.11022293e-06 -1.11022293e-06  1.11022293e-06\n -1.11022293e-06 -1.11022293e-06]", "hess_inv": "[[ 3.99425804  0.29453616 -0.59035364 -0.00980177  1.63390979 -0.82740409]\n [ 0.29453616  5.19591722 -0.46762748 -0.39258535 -0.38117509 -2.62421824]\n [-0.59035364 -0.46762748  4.66914168  1.11702661 -0.84501842  2.40090911]\n [-0.00980177 -0.39258535  1.11702661  3.37080242 -0.0784712   0.53151854]\n [ 1.63390979 -0.38117509 -0.84501842 -0.0784712   3.95889864 -0.69899617]\n [-0.82740409 -2.62421824  2.40090911  0.53151854 -0.69899617  5.73415902]]", "nfev": "196", "njev": "28", "status": "0", "success": "True", "message": "Optimization terminated successfully.", "x": "[-1.69327903  5.36841236  1.27825575  1.41313119 -1.40402496 -0.27472689]", "nit": "22", "callback": [0.8426060183190429, 0.8049225300255972, 0.7517452440479926, 0.7331360012598152, 0.6808724506265516, 0.588931599973029, 0.4571294374274142, 0.4159360883426052, 0.40147789752070495, 0.38205292163383375, 0.3749311916882996, 0.3736363695640923, 0.3717363272803297, 0.370727360246361, 0.37059372944462743, 0.37053280790654375, 0.3704939260917952, 0.370478271447665, 0.37047634272864516, 0.3704762639722293, 0.3704762631114402, 0.3704762630772812]}, "6": {"maxiter": 100, "gtol": 1e-10, "xrtol": 1e-10, "eps": 1e-05, "duration": 0.09602689743041992, "fun": "0.37047626309446835", "jac": "[ 4.40014691e-07  9.00346464e-07  4.40203429e-08  3.28237437e-07\n -9.82325332e-08  3.39317463e-07]", "hess_inv": "[[ 3.94413057  0.13710024 -0.58173653 -0.05122071  1.67694465 -0.68711135]\n [ 0.13710024  4.84672548 -0.27279214 -0.24020307 -0.37622197 -2.2310156 ]\n [-0.58173653 -0.27279214  4.96009281  1.55834733 -0.9510978   2.39508263]\n [-0.05122071 -0.24020307  1.55834733  3.99954132 -0.22744769  0.64404728]\n [ 1.67694465 -0.37622197 -0.9510978  -0.22744769  4.02303397 -0.74154052]\n [-0.68711135 -2.2310156   2.39508263  0.64404728 -0.74154052  5.41319274]]", "nfev": "431", "njev": "60", "status": "2", "success": "False", "message": "Desired error not necessarily achieved due to precision loss.", "x": "[-1.69328505  5.36841703  1.27824948  1.41312615 -1.40402997 -0.27473189]", "nit": "21", "callback": [0.842605518187181, 0.8049194670646906, 0.7517381046299834, 0.7331350769284972, 0.6809382908935938, 0.5891227094613212, 0.45735564436224496, 0.4160570444253602, 0.4014389500830048, 0.38195876518716876, 0.37493483145009987, 0.3736390923461004, 0.3717356073118666, 0.37072594766649103, 0.3705937317757886, 0.37053251063668236, 0.3704938713957433, 0.3704782486061091, 0.370476341905946, 0.37047626371408704, 0.37047626309446835]}, "7": {"maxiter": 100, "gtol": 1e-10, "xrtol": 1e-10, "eps": 1e-10, "duration": 0.06949520111083984, "fun": "0.37047626307471837", "jac": "[2.22044587e-06 0.00000000e+00 1.11022293e-06 1.11022293e-06\n 1.11022293e-06 1.11022293e-06]", "hess_inv": "[[ 0.75953564 -0.80849177 -0.62919741 -0.68236343 -0.72261054 -0.41711473]\n [-0.80849177  1.77576614  2.11769416  1.05881207  0.30843376 -0.19192108]\n [-0.62919741  2.11769416  3.41022913  1.31733616 -0.18946394  0.36808627]\n [-0.68236343  1.05881207  1.31733616  1.25864608  0.29721574  0.25547007]\n [-0.72261054  0.30843376 -0.18946394  0.29721574  1.23171224  0.4713454 ]\n [-0.41711473 -0.19192108  0.36808627  0.25547007  0.4713454   2.8628766 ]]", "nfev": "315", "njev": "45", "status": "0", "success": "True", "message": "Optimization terminated successfully.", "x": "[-1.69327898  5.36841404  1.27826218  1.41313293 -1.40402566 -0.27472061]", "nit": "27", "callback": [0.8426060183190429, 0.8049225300255972, 0.7517452440479926, 0.7331360012598152, 0.6808724506265516, 0.588931599973029, 0.4571294374274142, 0.4159360883426052, 0.40147789752070495, 0.38205292163383375, 0.3749311916882996, 0.3736363695640923, 0.3717363272803297, 0.370727360246361, 0.37059372944462743, 0.37053280790654375, 0.3704939260917952, 0.370478271447665, 0.37047634272864516, 0.3704762639722293, 0.3704762631114402, 0.3704762630772812, 0.3704762630761952, 0.37047626307510095, 0.3704762630747186, 0.3704762630747185, 0.37047626307471837]}, "8": {"maxiter": 500, "gtol": 1e-05, "xrtol": 1e-05, "eps": 1e-05, "duration": 0.042057037353515625, "fun": "0.37047626309446835", "jac": "[ 4.40014691e-07  9.00346464e-07  4.40203429e-08  3.28237437e-07\n -9.82325332e-08  3.39317463e-07]", "hess_inv": "[[ 3.92954912  0.07245534 -0.59855219 -0.09080634  1.69772718 -0.65353869]\n [ 0.07245534  4.64841551 -0.33079486 -0.33428867 -0.33877395 -2.18713999]\n [-0.59855219 -0.33079486  4.94380207  1.5279554  -0.93738123  2.41412584]\n [-0.09080634 -0.33428867  1.5279554   3.96714894 -0.22145869  0.63839683]\n [ 1.69772718 -0.33877395 -0.93738123 -0.22145869  4.02729045 -0.72436975]\n [-0.65353869 -2.18713999  2.41412584  0.63839683 -0.72436975  5.46068965]]", "nfev": "189", "njev": "27", "status": "0", "success": "True", "message": "Optimization terminated successfully.", "x": "[-1.69328505  5.36841703  1.27824948  1.41312615 -1.40402997 -0.27473189]", "nit": "21", "callback": [0.842605518187181, 0.8049194670646906, 0.7517381046299834, 0.7331350769284972, 0.6809382908935938, 0.5891227094613212, 0.45735564436224496, 0.4160570444253602, 0.4014389500830048, 0.38195876518716876, 0.37493483145009987, 0.3736390923461004, 0.3717356073118666, 0.37072594766649103, 0.3705937317757886, 0.37053251063668236, 0.3704938713957433, 0.3704782486061091, 0.370476341905946, 0.37047626371408704, 0.37047626309446835]}, "9": {"maxiter": 500, "gtol": 1e-05, "xrtol": 1e-05, "eps": 1e-10, "duration": 0.04220700263977051, "fun": "0.3704762631114402", "jac": "[ 1.11022293e-06  1.11022293e-06 -1.11022293e-06 -3.33066880e-06\n  0.00000000e+00  0.00000000e+00]", "hess_inv": "[[ 3.92305546  0.06913638 -0.61442857 -0.10298115  1.67820047 -0.67351261]\n [ 0.06913638  4.65696575 -0.32074719 -0.31243255 -0.3528783  -2.20274886]\n [-0.61442857 -0.32074719  4.94609135  1.56489069 -0.97305335  2.3689955 ]\n [-0.10298115 -0.31243255  1.56489069  4.05490853 -0.26097774  0.59175425]\n [ 1.67820047 -0.3528783  -0.97305335 -0.26097774  4.0030869  -0.75261178]\n [-0.67351261 -2.20274886  2.3689955   0.59175425 -0.75261178  5.42626943]]", "nfev": "189", "njev": "27", "status": "0", "success": "True", "message": "Optimization terminated successfully.", "x": "[-1.69327358  5.36842029  1.27824568  1.41311827 -1.40402237 -0.27473516]", "nit": "21", "callback": [0.8426060183190429, 0.8049225300255972, 0.7517452440479926, 0.7331360012598152, 0.6808724506265516, 0.588931599973029, 0.4571294374274142, 0.4159360883426052, 0.40147789752070495, 0.38205292163383375, 0.3749311916882996, 0.3736363695640923, 0.3717363272803297, 0.370727360246361, 0.37059372944462743, 0.37053280790654375, 0.3704939260917952, 0.370478271447665, 0.37047634272864516, 0.3704762639722293, 0.3704762631114402]}, "10": {"maxiter": 500, "gtol": 1e-05, "xrtol": 1e-10, "eps": 1e-05, "duration": 0.0453639030456543, "fun": "0.37047626309446835", "jac": "[ 4.40014691e-07  9.00346464e-07  4.40203429e-08  3.28237437e-07\n -9.82325332e-08  3.39317463e-07]", "hess_inv": "[[ 3.92954912  0.07245534 -0.59855219 -0.09080634  1.69772718 -0.65353869]\n [ 0.07245534  4.64841551 -0.33079486 -0.33428867 -0.33877395 -2.18713999]\n [-0.59855219 -0.33079486  4.9