{"date": "2024/09/24/, 23:01:57", "conf_id": 72, "data_type": "random\n", "num_data_points": 4, "s_rank": 0, "unitary": "[[0.18663085-0.53122324j,-0.11886349-0.70040876j,0.28555095-0.02789305j,-0.12262021-0.2844587j],[-0.16702216+0.27758472j,0.27526351-0.29738586j,-0.01109314+0.22495461j,-0.77239203+0.28900673j],[0.61935415+0.12301792j,-0.31269928-0.03315917j,-0.61902762-0.19039079j,-0.27120731-0.0968989j],[0.42341754+0.0023929j,-0.05847358+0.47832119j,0.64900495-0.16218422j,-0.37182676-0.05229966j]]", "databatch_0": {"databatch": "[[[-0.17866232+0.09107136j,0.19870225+0.2312253j,-0.16295286+0.34795771j,0.10841749+0.15690009j],[0.11194052-0.0969995j,-0.13793764+0.0895999j,-0.06874036-0.09941939j,0.05181411+0.07587071j],[-0.17799317+0.28700642j,-0.10194746-0.22822991j,-0.07927934+0.11298846j,-0.31768136+0.08631295j],[-0.05008429+0.16352637j,-0.0387764+0.30291731j,0.33181827+0.11337648j,-0.24692033+0.01985868j]],[[0.11570412+0.05039447j,-0.01044226-0.04342152j,0.00358832+0.01101258j,0.04462279-0.27467987j],[-0.19972474+0.21059447j,-0.08813557+0.37995957j,-0.18267922+0.07769179j,0.22692169-0.03166324j],[0.25984463+0.20023752j,0.0610551+0.17121849j,-0.07296167+0.1088869j,0.06080087+0.00704331j],[0.20099706+0.06528148j,-0.26173153-0.351648j,0.01906693-0.16528203j,-0.1469183-0.35854071j]],[[0.19144477+0.03544014j,0.12356741+0.034192j,-0.04388633-0.21337552j,-0.10978143-0.07302786j],[-0.16368763+0.0569089j,-0.15486871-0.3216732j,-0.03402004+0.35032785j,0.10566804+0.10620539j],[0.03213278-0.04122581j,0.00846448-0.27730703j,-0.17973093+0.12903297j,-0.04890826+0.09080517j],[-0.12066104-0.12922872j,0.17303828-0.416713j,-0.38255241+0.16929665j,-0.00310649+0.16682483j]],[[0.18039804+0.08317178j,-0.16998455+0.00927907j,-0.11498719-0.11282558j,-0.00509982+0.15793005j],[-0.166633-0.21540903j,0.02929353+0.29972541j,0.06360544+0.00650698j,-0.01109997+0.15944407j],[-0.47080288-0.25122791j,-0.27205001+0.24125844j,0.23621426+0.13785997j,0.19519151-0.19679707j],[0.16327513-0.08902956j,-0.18159584+0.11004112j,-0.10123319+0.09269561j,0.09314516-0.10167165j]]]", "initial param values": "[5.11616451,5.90180521,3.82518435,3.71670864,0.32199003,5.74908828]", "nelder_mead": {"type": "gradient-free", "0": {"maxiter": 100, "fatol": 1e-05, "xatol": 1e-05, "duration": 0.03689098358154297, "fun": "0.2502877344427783", "nit": "100", "nfev": "160", "status": "2", "success": "False", "message": "Maximum number of iterations has been exceeded.", "x": "[7.50308141 7.08237518 3.47146469 2.88789861 0.4190032  2.59756223]", "final_simplex": "(array([[7.50308141, 7.08237518, 3.47146469, 2.88789861, 0.4190032 ,\n        2.59756223],\n       [7.52154054, 7.05897689, 3.44179324, 2.89077101, 0.41731689,\n        2.61664802],\n       [7.52419177, 7.07503349, 3.47697741, 2.92750336, 0.41483565,\n        2.63227408],\n       [7.534148  , 7.10905929, 3.48330554, 2.94337778, 0.41651997,\n        2.54719798],\n       [7.4908183 , 7.0469775 , 3.48694831, 2.91574066, 0.41761001,\n        2.58408527],\n       [7.56011866, 7.08089175, 3.44777408, 2.87888992, 0.41972149,\n        2.53101735],\n       [7.55549959, 7.07952087, 3.48759475, 2.91146161, 0.41949862,\n        2.56586746]]), array([0.25028773, 0.25047579, 0.25055705, 0.25057146, 0.25059822,\n       0.25076366, 0.25077097]))", "callback": [0.7538133346999312, 0.7109653262626503, 0.490740752140169, 0.3271816019578948, 0.29349230468995346, 0.2841095066054634, 0.26417613282874397, 0.2565482038437856, 0.2533958480251185, 0.25055705206863477]}, "1": {"maxiter": 100, "fatol": 1e-05, "xatol": 1e-10, "duration": 0.03633999824523926, "fun": "0.2502877344427783", "nit": "100", "nfev": "160", "status": "2", "success": "False", "message": "Maximum number of iterations has been exceeded.", "x": "[7.50308141 7.08237518 3.47146469 2.88789861 0.4190032  2.59756223]", "final_simplex": "(array([[7.50308141, 7.08237518, 3.47146469, 2.88789861, 0.4190032 ,\n        2.59756223],\n       [7.52154054, 7.05897689, 3.44179324, 2.89077101, 0.41731689,\n        2.61664802],\n       [7.52419177, 7.07503349, 3.47697741, 2.92750336, 0.41483565,\n        2.63227408],\n       [7.534148  , 7.10905929, 3.48330554, 2.94337778, 0.41651997,\n        2.54719798],\n       [7.4908183 , 7.0469775 , 3.48694831, 2.91574066, 0.41761001,\n        2.58408527],\n       [7.56011866, 7.08089175, 3.44777408, 2.87888992, 0.41972149,\n        2.53101735],\n       [7.55549959, 7.07952087, 3.48759475, 2.91146161, 0.41949862,\n        2.56586746]]), array([0.25028773, 0.25047579, 0.25055705, 0.25057146, 0.25059822,\n       0.25076366, 0.25077097]))", "callback": [0.7538133346999312, 0.7109653262626503, 0.490740752140169, 0.3271816019578948, 0.29349230468995346, 0.2841095066054634, 0.26417613282874397, 0.2565482038437856, 0.2533958480251185, 0.25055705206863477]}, "2": {"maxiter": 100, "fatol": 1e-10, "xatol": 1e-05, "duration": 0.03656196594238281, "fun": "0.2502877344427783", "nit": "100", "nfev": "160", "status": "2", "success": "False", "message": "Maximum number of iterations has been exceeded.", "x": "[7.50308141 7.08237518 3.47146469 2.88789861 0.4190032  2.59756223]", "final_simplex": "(array([[7.50308141, 7.08237518, 3.47146469, 2.88789861, 0.4190032 ,\n        2.59756223],\n       [7.52154054, 7.05897689, 3.44179324, 2.89077101, 0.41731689,\n        2.61664802],\n       [7.52419177, 7.07503349, 3.47697741, 2.92750336, 0.41483565,\n        2.63227408],\n       [7.534148  , 7.10905929, 3.48330554, 2.94337778, 0.41651997,\n        2.54719798],\n       [7.4908183 , 7.0469775 , 3.48694831, 2.91574066, 0.41761001,\n        2.58408527],\n       [7.56011866, 7.08089175, 3.44777408, 2.87888992, 0.41972149,\n        2.53101735],\n       [7.55549959, 7.07952087, 3.48759475, 2.91146161, 0.41949862,\n        2.56586746]]), array([0.25028773, 0.25047579, 0.25055705, 0.25057146, 0.25059822,\n       0.25076366, 0.25077097]))", "callback": [0.7538133346999312, 0.7109653262626503, 0.490740752140169, 0.3271816019578948, 0.29349230468995346, 0.2841095066054634, 0.26417613282874397, 0.2565482038437856, 0.2533958480251185, 0.25055705206863477]}, "3": {"maxiter": 100, "fatol": 1e-10, "xatol": 1e-10, "duration": 0.03740406036376953, "fun": "0.2502877344427783", "nit": "100", "nfev": "160", "status": "2", "success": "False", "message": "Maximum number of iterations has been exceeded.", "x": "[7.50308141 7.08237518 3.47146469 2.88789861 0.4190032  2.59756223]", "final_simplex": "(array([[7.50308141, 7.08237518, 3.47146469, 2.88789861, 0.4190032 ,\n        2.59756223],\n       [7.52154054, 7.05897689, 3.44179324, 2.89077101, 0.41731689,\n        2.61664802],\n       [7.52419177, 7.07503349, 3.47697741, 2.92750336, 0.41483565,\n        2.63227408],\n       [7.534148  , 7.10905929, 3.48330554, 2.94337778, 0.41651997,\n        2.54719798],\n       [7.4908183 , 7.0469775 , 3.48694831, 2.91574066, 0.41761001,\n        2.58408527],\n       [7.56011866, 7.08089175, 3.44777408, 2.87888992, 0.41972149,\n        2.53101735],\n       [7.55549959, 7.07952087, 3.48759475, 2.91146161, 0.41949862,\n        2.56586746]]), array([0.25028773, 0.25047579, 0.25055705, 0.25057146, 0.25059822,\n       0.25076366, 0.25077097]))", "callback": [0.7538133346999312, 0.7109653262626503, 0.490740752140169, 0.3271816019578948, 0.29349230468995346, 0.2841095066054634, 0.26417613282874397, 0.2565482038437856, 0.2533958480251185, 0.25055705206863477]}, "4": {"maxiter": 500, "fatol": 1e-05, "xatol": 1e-05, "duration": 0.1665499210357666, "fun": "0.24745205470313814", "nit": "457", "nfev": "728", "status": "0", "success": "True", "message": "Optimization terminated successfully.", "x": "[7.49584616 7.08691751 3.46438562 2.9013441  0.91835383 3.07952685]", "final_simplex": "(array([[7.49584616, 7.08691751, 3.46438562, 2.9013441 , 0.91835383,\n        3.07952685],\n       [7.49584416, 7.08691869, 3.46438531, 2.901342  , 0.91835821,\n        3.07953304],\n       [7.49584385, 7.08691961, 3.46438471, 2.90134347, 0.91835889,\n        3.07953322],\n       [7.49584561, 7.08691851, 3.46438361, 2.9013438 , 0.91835014,\n        3.0795227 ],\n       [7.4958427 , 7.08691958, 3.46438514, 2.90134377, 0.91835269,\n        3.07952938],\n       [7.4958447 , 7.08691827, 3.46438369, 2.90134457, 0.91836035,\n        3.07953525],\n       [7.49584848, 7.08691925, 3.46438552, 2.90134188, 0.91835424,\n        3.07952875]]), array([0.24745205, 0.24745205, 0.24745205, 0.24745205, 0.24745205,\n       0.24745205, 0.24745205]))", "callback": [0.7538133346999312, 0.7109653262626503, 0.490740752140169, 0.3271816019578948, 0.29349230468995346, 0.2841095066054634, 0.26417613282874397, 0.2565482038437856, 0.2533958480251185, 0.25055705206863477, 0.25000735055159495, 0.24965349007638404, 0.24957258304331265, 0.2495612401281191, 0.2495513250699828, 0.24954946343739948, 0.2495483847942218, 0.2495477460073201, 0.24954723221082875, 0.2495433446153673, 0.24953113672585636, 0.2494978939665361, 0.2494681926205451, 0.24935322900124413, 0.24914158695942312, 0.24851117704836445, 0.2482878111814124, 0.2479199384940448, 0.24775222271279362, 0.24766894266734063, 0.24762350437774516, 0.24757235802215682, 0.2475161391778673, 0.24748598925570586, 0.24745636859604303, 0.2474537052304353, 0.24745228817213494, 0.24745210647064797, 0.2474520689268207, 0.24745206098793004, 0.24745205600987508, 0.24745205510905532, 0.2474520548270125, 0.24745205472099785, 0.24745205470992737, 0.24745205470444842]}, "5": {"maxiter": 500, "fatol": 1e-05, "xatol": 1e-10, "duration": 0.18387413024902344, "fun": "0.247452054702459", "nit": "500", "nfev": "805", "status": "2", "success": "False", "message": "Maximum number of iterations has been exceeded.", "x": "[7.49584512 7.08691879 3.46438651 2.90134338 0.91835553 3.07952932]", "final_simplex": "(array([[7.49584512, 7.08691879, 3.46438651, 2.90134338, 0.91835553,\n        3.07952932],\n       [7.49584512, 7.08691876, 3.46438651, 2.90134335, 0.91835529,\n        3.07952902],\n       [7.49584508, 7.08691876, 3.46438648, 2.90134339, 0.91835529,\n        3.07952899],\n       [7.49584514, 7.08691875, 3.46438659, 2.90134338, 0.9183556 ,\n        3.07952927],\n       [7.49584508, 7.08691878, 3.46438647, 2.90134329, 0.91835562,\n        3.07952936],\n       [7.49584516, 7.08691872, 3.46438644, 2.90134334, 0.91835556,\n        3.07952926],\n       [7.49584503, 7.08691874, 3.46438651, 2.9013434 , 0.91835549,\n        3.07952923]]), array([0.24745205, 0.24745205, 0.24745205, 0.24745205, 0.24745205,\n       0.24745205, 0.24745205]))", "callback": [0.7538133346999312, 0.7109653262626503, 0.490740752140169, 0.3271816019578948, 0.29349230468995346, 0.2841095066054634, 0.26417613282874397, 0.2565482038437856, 0.2533958480251185, 0.25055705206863477, 0.25000735055159495, 0.24965349007638404, 0.24957258304331265, 0.2495612401281191, 0.2495513250699828, 0.24954946343739948, 0.2495483847942218, 0.2495477460073201, 0.24954723221082875, 0.2495433446153673, 0.24953113672585636, 0.2494978939665361, 0.2494681926205451, 0.24935322900124413, 0.24914158695942312, 0.24851117704836445, 0.2482878111814124, 0.2479199384940448, 0.24775222271279362, 0.24766894266734063, 0.24762350437774516, 0.24757235802215682, 0.2475161391778673, 0.24748598925570586, 0.24745636859604303, 0.2474537052304353, 0.24745228817213494, 0.24745210647064797, 0.2474520689268207, 0.24745206098793004, 0.24745205600987508, 0.24745205510905532, 0.2474520548270125, 0.24745205472099785, 0.24745205470992737, 0.24745205470444842, 0.2474520547028839, 0.24745205470255105, 0.24745205470248655, 0.247452054702462]}, "6": {"maxiter": 500, "fatol": 1e-10, "xatol": 1e-05, "duration": 0.17656588554382324, "fun": "0.24745205470313814", "nit": "457", "nfev": "728", "status": "0", "success": "True", "message": "Optimization terminated successfully.", "x": "[7.49584616 7.08691751 3.46438562 2.9013441  0.91835383 3.07952685]", "final_simplex": "(array([[7.49584616, 7.08691751, 3.46438562, 2.9013441 , 0.91835383,\n        3.07952685],\n       [7.49584416, 7.08691869, 3.46438531, 2.901342  , 0.91835821,\n        3.07953304],\n       [7.49584385, 7.08691961, 3.46438471, 2.90134347, 0.91835889,\n        3.07953322],\n       [7.49584561, 7.08691851, 3.46438361, 2.9013438 , 0.91835014,\n        3.0795227 ],\n       [7.4958427 , 7.08691958, 3.46438514, 2.90134377, 0.91835269,\n        3.07952938],\n       [7.4958447 , 7.08691827, 3.46438369, 2.90134457, 0.91836035,\n        3.07953525],\n       [7.49584848, 7.08691925, 3.46438552, 2.90134188, 0.91835424,\n        3.07952875]]), array([0.24745205, 0.24745205, 0.24745205, 0.24745205, 0.24745205,\n       0.24745205, 0.24745205]))", "callback": [0.7538133346999312, 0.7109653262626503, 0.490740752140169, 0.3271816019578948, 0.29349230468995346, 0.2841095066054634, 0.26417613282874397, 0.2565482038437856, 0.2533958480251185, 0.25055705206863477, 0.25000735055159495, 0.24965349007638404, 0.24957258304331265, 0.2495612401281191, 0.2495513250699828, 0.24954946343739948, 0.2495483847942218, 0.2495477460073201, 0.24954723221082875, 0.2495433446153673, 0.24953113672585636, 0.2494978939665361, 0.2494681926205451, 0.24935322900124413, 0.24914158695942312, 0.24851117704836445, 0.2482878111814124, 0.2479199384940448, 0.24775222271279362, 0.24766894266734063, 0.24762350437774516, 0.24757235802215682, 0.2475161391778673, 0.24748598925570586, 0.24745636859604303, 0.2474537052304353, 0.24745228817213494, 0.24745210647064797, 0.2474520689268207, 0.24745206098793004, 0.24745205600987508, 0.24745205510905532, 0.2474520548270125, 0.24745205472099785, 0.24745205470992737, 0.24745205470444842]}, "7": {"maxiter": 500, "fatol": 1e-10, "xatol": 1e-10, "duration": 0.1863560676574707, "fun": "0.247452054702459", "nit": "500", "nfev": "805", "status": "2", "success": "False", "message": "Maximum number of iterations has been exceeded.", "x": "[7.49584512 7.08691879 3.46438651 2.90134338 0.91835553 3.07952932]", "final_simplex": "(array([[7.49584512, 7.08691879, 3.46438651, 2.90134338, 0.91835553,\n        3.07952932],\n       [7.49584512, 7.08691876, 3.46438651, 2.90134335, 0.91835529,\n        3.07952902],\n       [7.49584508, 7.08691876, 3.46438648, 2.90134339, 0.91835529,\n        3.07952899],\n       [7.49584514, 7.08691875, 3.46438659, 2.90134338, 0.9183556 ,\n        3.07952927],\n       [7.49584508, 7.08691878, 3.46438647, 2.90134329, 0.91835562,\n        3.07952936],\n       [7.49584516, 7.08691872, 3.46438644, 2.90134334, 0.91835556,\n        3.07952926],\n       [7.49584503, 7.08691874, 3.46438651, 2.9013434 , 0.91835549,\n        3.07952923]]), array([0.24745205, 0.24745205, 0.24745205, 0.24745205, 0.24745205,\n       0.24745205, 0.24745205]))", "callback": [0.7538133346999312, 0.7109653262626503, 0.490740752140169, 0.3271816019578948, 0.29349230468995346, 0.2841095066054634, 0.26417613282874397, 0.2565482038437856, 0.2533958480251185, 0.25055705206863477, 0.25000735055159495, 0.24965349007638404, 0.24957258304331265, 0.2495612401281191, 0.2495513250699828, 0.24954946343739948, 0.2495483847942218, 0.2495477460073201, 0.24954723221082875, 0.2495433446153673, 0.24953113672585636, 0.2494978939665361, 0.2494681926205451, 0.24935322900124413, 0.24914158695942312, 0.24851117704836445, 0.2482878111814124, 0.2479199384940448, 0.24775222271279362, 0.24766894266734063, 0.24762350437774516, 0.24757235802215682, 0.2475161391778673, 0.24748598925570586, 0.24745636859604303, 0.2474537052304353, 0.24745228817213494, 0.24745210647064797, 0.2474520689268207, 0.24745206098793004, 0.24745205600987508, 0.24745205510905532, 0.2474520548270125, 0.24745205472099785, 0.24745205470992737, 0.24745205470444842, 0.2474520547028839, 0.24745205470255105, 0.24745205470248655, 0.247452054702462]}, "8": {"maxiter": 1000, "fatol": 1e-05, "xatol": 1e-05, "duration": 0.1674189567565918, "fun": "0.24745205470313814", "nit": "457", "nfev": "728", "status": "0", "success": "True", "message": "Optimization terminated successfully.", "x": "[7.49584616 7.08691751 3.46438562 2.9013441  0.91835383 3.07952685]", "final_simplex": "(array([[7.49584616, 7.08691751, 3.46438562, 2.9013441 , 0.91835383,\n        3.07952685],\n       [7.49584416, 7.08691869, 3.46438531, 2.901342  , 0.91835821,\n        3.07953304],\n       [7.49584385, 7.08691961, 3.46438471, 2.90134347, 0.91835889,\n        3.07953322],\n       [7.49584561, 7.08691851, 3.46438361, 2.9013438 , 0.91835014,\n        3.0795227 ],\n       [7.4958427 , 7.08691958, 3.46438514, 2.90134377, 0.91835269,\n        3.07952938],\n       [7.4958447 , 7.08691827, 3.46438369, 2.90134457, 0.91836035,\n        3.07953525],\n       [7.49584848, 7.08691925, 3.46438552, 2.90134188, 0.91835424,\n        3.07952875]]), array([0.24745205, 0.24745205, 0.24745205, 0.24745205, 0.24745205,\n       0.24745205, 0.24745205]))", "callback": [0.7538133346999312, 0.7109653262626503, 0.490740752140169, 0.3271816019578948, 0.29349230468995346, 0.2841095066054634, 0.26417613282874397, 0.2565482038437856, 0.2533958480251185, 0.25055705206863477, 0.25000735055159495, 0.24965349007638404, 0.24957258304331265, 0.2495612401281191, 0.2495513250699828, 0.24954946343739948, 0.2495483847942218, 0.2495477460073201, 0.24954723221082875, 0.2495433446153673, 0.24953113672585636, 0.2494978939665361, 0.2494681926205451, 0.24935322900124413, 0.24914158695942312, 0.24851117704836445, 0.2482878111814124, 0.2479199384940448, 0.24775222271279362, 0.24766894266734063, 0.24762350437774516, 0.24757235802215682, 0.2475161391778673, 0.24748598925570586, 0.24745636859604303, 0.2474537052304353, 0.24745228817213494, 0.24745210647064797, 0.2474520689268207, 0.24745206098793004, 0.24745205600987508, 0.24745205510905532, 0.2474520548270125, 0.24745205472099785, 0.24745205470992737, 0.24745205470444842]}, "9": {"maxiter": 1000, "fatol": 1e-05, "xatol": 1e-10, "duration": 0.21752023696899414, "fun": "0.24745205470245746", "nit": "553", "nfev": "944", "status": "0", "success": "True", "message": "Optimization terminated successfully.", "x": "[7.49584515 7.08691881 3.46438651 2.90134335 0.91835543 3.07952914]", "final_simplex": "(array([[7.49584515, 7.08691881, 3.46438651, 2.90134335, 0.91835543,\n        3.07952914],\n       [7.49584515, 7.08691881, 3.46438651, 2.90134335, 0.91835543,\n        3.07952914],\n       [7.49584515, 7.08691881, 3.46438651, 2.90134335, 0.91835543,\n        3.07952914],\n       [7.49584515, 7.08691881, 3.46438651, 2.90134335, 0.91835543,\n        3.07952914],\n       [7.49584515, 7.08691881, 3.46438651, 2.90134335, 0.91835543,\n        3.07952914],\n       [7.49584515, 7.08691881, 3.46438651, 2.90134335, 0.91835543,\n        3.07952914],\n       [7.49584515, 7.08691881, 3.46438651, 2.90134335, 0.91835543,\n        3.07952914]]), array([0.24745205, 0.24745205, 0.24745205, 0.24745205, 0.24745205,\n       0.24745205, 0.24745205]))", "callback": [0.7538133346999312, 0.7109653262626503, 0.490740752140169, 0.3271816019578948, 0.29349230468995346, 0.2841095066054634, 0.26417613282874397, 0.2565482038437856, 0.2533958480251185, 0.25055705206863477, 0.25000735055159495, 0.24965349007638404, 0.24957258304331265, 0.2495612401281191, 0.2495513250699828, 0.24954946343739948, 0.2495483847942218, 0.2495477460073201, 0.24954723221082875, 0.2495433446153673, 0.24953113672585636, 0.2494978939665361, 0.2494681926205451, 0.24935322900124413, 0.24914158695942312, 0.24851117704836445, 0.2482878111814124, 0.2479199384940448, 0.24775222271279362, 0.24766894266734063, 0.24762350437774516, 0.24757235802215682, 0.2475161391778673, 0.24748598925570586, 0.24745636859604303, 0.2474537052304353, 0.24745228817213494, 0.24745210647064797, 0.2474520689268207, 0.24745206098793004, 0.24745205600987508, 0.24745205510905532, 0.2474520548270125, 0.24745205472099785, 0.24745205470992737, 0.24745205470444842, 0.2474520547028839, 0.24745205470255105, 0.24745205470248655, 0.247452054702462, 0.2474520547024589, 0.24745205470245768, 0.24745205470245768, 0.24745205470245746, 0.24745205470245746, 0.24745205470245746]}, "10": {"maxiter": 1000, "fatol": 1e-10, "xatol": 1e-05, "duration": 0.167618989944458, "fun": "0.24745205470313814", "nit": "457", "nfev": "728", "status": "0", "success": "True", "message": "Optimization terminated successfully.", "x": "[7.49584616 7.08691751 3.46438562 2.9013441  0.91835383 3.07952685]", "final_simplex": "(array([[7.49584616, 7.08691751, 3.46438562, 2.9013441 , 0.91835383,\n        3.07952685],\n       [7.49584416, 7.08691869, 3.46438531, 2.901342  , 0.91835821,\n        3.07953304],\n       [7.49584385, 7.08691961, 3.46438471, 2.90134347, 0.91835889,\n        3.07953322],\n       [7.49584561, 7.08691851, 3.46438361, 2.9013438 , 0.91835014,\n        3.0795227 ],\n       [7.4958427 , 7.08691958, 3.46438514, 2.90134377, 0.91835269,\n        3.07952938],\n       [7.4958447 , 7.08691827, 3.46438369, 2.90134457, 0.91836035,\n        3.07953525],\n       [7.49584848, 7.08691925, 3.46438552, 2.90134188, 0.91835424,\n        3.07952875]]), array([0.24745205, 0.24745205, 0.24745205, 0.24745205, 0.24745205,\n       0.24745205, 0.24745205]))", "callback": [0.7538133346999312, 0.7109653262626503, 0.490740752140169, 0.3271816019578948, 0.29349230468995346, 0.2841095066054634, 0.26417613282874397, 0.2565482038437856, 0.2533958480251185, 0.25055705206863477, 0.25000735055159495, 0.24965349007638404, 0.24957258304331265, 0.2495612401281191, 0.2495513250699828, 0.24954946343739948, 0.2495483847942218, 0.2495477460073201, 0.24954723221082875, 0.2495433446153673, 0.24953113672585636, 0.2494978939665361, 0.2494681926205451, 0.24935322900124413, 0.24914158695942312, 0.24851117704836445, 0.2482878111814124, 0.2479199384940448, 0.24775222271279362, 0.24766894266734063, 0.24762350437774516, 0.24757235802215682, 0.2475161391778673, 0.24748598925570586, 0.24745636859604303, 0.2474537052304353, 0.24745228817213494, 0.24745210647064797, 0.2474520689268207, 0.24745206098793004, 0.24745205600987508, 0.24745205510905532, 0.2474520548270125, 0.24745205472099785, 0.24745205470992737, 0.24745205470444842]}, "11": {"maxiter": 1000, "fatol": 1e-10, "xatol": 1e-10, "duration": 0.21451282501220703, "fun": "0.24745205470245746", "nit": "553", "nfev": "944", "status": "0", "success": "True", "message": "Optimization terminated successfully.", "x": "[7.49584515 7.08691881 3.46438651 2.90134335 0.91835543 3.07952914]", "final_simplex": "(array([[7.49584515, 7.08691881, 3.46438651, 2.90134335, 0.91835543,\n        3.07952914],\n       [7.49584515, 7.08691881, 3.46438651, 2.90134335, 0.91835543,\n        3.07952914],\n       [7.49584515, 7.08691881, 3.46438651, 2.90134335, 0.91835543,\n        3.07952914],\n       [7.49584515, 7.08691881, 3.46438651, 2.90134335, 0.91835543,\n        3.07952914],\n       [7.49584515, 7.08691881, 3.46438651, 2.90134335, 0.91835543,\n        3.07952914],\n       [7.49584515, 7.08691881, 3.46438651, 2.90134335, 0.91835543,\n        3.07952914],\n       [7.49584515, 7.08691881, 3.46438651, 2.90134335, 0.91835543,\n        3.07952914]]), array([0.24745205, 0.24745205, 0.24745205, 0.24745205, 0.24745205,\n       0.24745205, 0.24745205]))", "callback": [0.7538133346999312, 0.7109653262626503, 0.490740752140169, 0.3271816019578948, 0.29349230468995346, 0.2841095066054634, 0.26417613282874397, 0.2565482038437856, 0.2533958480251185, 0.25055705206863477, 0.25000735055159495, 0.24965349007638404, 0.24957258304331265, 0.2495612401281191, 0.2495513250699828, 0.24954946343739948, 0.2495483847942218, 0.2495477460073201, 0.24954723221082875, 0.2495433446153673, 0.24953113672585636, 0.2494978939665361, 0.2494681926205451, 0.24935322900124413, 0.24914158695942312, 0.24851117704836445, 0.2482878111814124, 0.2479199384940448, 0.24775222271279362, 0.24766894266734063, 0.24762350437774516, 0.24757235802215682, 0.2475161391778673, 0.24748598925570586, 0.24745636859604303, 0.2474537052304353, 0.24745228817213494, 0.24745210647064797, 0.2474520689268207, 0.24745206098793004, 0.24745205600987508, 0.24745205510905532, 0.2474520548270125, 0.24745205472099785, 0.24745205470992737, 0.24745205470444842, 0.2474520547028839, 0.24745205470255105, 0.24745205470248655, 0.247452054702462, 0.2474520547024589, 0.24745205470245768, 0.24745205470245768, 0.24745205470245746, 0.24745205470245746, 0.24745205470245746]}}, "bfgs": {"type": "gradient", "0": {"maxiter": 100, "gtol": 1e-05, "xrtol": 1e-05, "eps": 1e-05, "duration": 0.0644228458404541, "fun": "0.24745205498612854", "jac": "[-2.90767410e-07 -2.83173485e-07  7.15205672e-08 -6.13731288e-08\n -3.43980400e-07  2.78399526e-07]", "hess_inv": "[[ 3.26593914e+00  1.23357851e-01 -4.56200747e-01 -2.58025523e-01\n  -1.97606520e+00 -3.29952687e+00]\n [ 1.23357851e-01  3.72724948e+00 -1.30212012e+00 -6.04507794e-01\n  -4.22832116e+00 -4.23583566e+00]\n [-4.56200747e-01 -1.30212012e+00  4.13753514e+00  4.26147492e-02\n   6.32259038e+00  7.13967645e+00]\n [-2.58025523e-01 -6.04507794e-01  4.26147492e-02  2.98271675e+00\n   7.46819531e-01  8.74181191e-01]\n [-1.97606520e+00 -4.22832116e+00  6.32259038e+00  7.46819531e-01\n   6.06076855e+01  6.06890248e+01]\n [-3.29952687e+00 -4.23583566e+00  7.13967645e+00  8.74181191e-01\n   6.06890248e+01  6.48204492e+01]]", "nfev": "280", "njev": "40", "status": "0", "success": "True", "message": "Optimization terminated successfully.", "x": "[7.49584629 7.08692734 3.46436334 2.90133811 0.91817743 3.07934756]", "nit": "31", "callback": [0.7447143037709361, 0.7405493737097935, 0.734900355318205, 0.7281828843540545, 0.6223357393046757, 0.6080885156248378, 0.5080353573421054, 0.390613060681559, 0.35330654382344373, 0.31518958737513947, 0.2925344753258964, 0.2730837223504604, 0.26021611652320153, 0.2571298627439431, 0.25662795689925944, 0.25638269998646157, 0.2563103156249461, 0.25628329087634305, 0.2560557303922476, 0.25563575158641205, 0.2548724319204203, 0.2539443601830049, 0.2529232570095008, 0.25116491205583036, 0.2486833202050922, 0.24783713258968287, 0.24750937645082371, 0.24745393546585603, 0.24745207133123104, 0.24745205656754754, 0.24745205498612854]}, "1": {"maxiter": 100, "gtol": 1e-05, "xrtol": 1e-05, "eps": 1e-10, "duration": 0.06372880935668945, "fun": "0.2474520549003053", "jac": "[-3.33066880e-06 -3.33066880e-06  0.00000000e+00 -4.44089173e-06\n -1.11022293e-06 -1.11022293e-06]", "hess_inv": "[[ 3.3077339   0.10055742 -0.30171155 -0.1521245  -0.64095199 -1.90845184]\n [ 0.10055742  3.71022733 -1.21621411 -0.59175948 -3.51707002 -3.48928892]\n [-0.30171155 -1.21621411  4.0114012   0.2034592   5.14378187  6.04221019]\n [-0.1521245  -0.59175948  0.2034592   3.13999578  1.44932489  1.7153264 ]\n [-0.64095199 -3.51707002  5.14378187  1.44932489 47.92762009 48.26589406]\n [-1.90845184 -3.48928892  6.04221019  1.7153264  48.26589406 52.79205011]]", "nfev": "280", "njev": "40", "status": "0", "success": "True", "message": "Optimization terminated successfully.", "x": "[7.49584299 7.08691865 3.46437279 2.90133425 0.91822121 3.07939006]", "nit": "31", "callback": [0.7447139669895904, 0.7405485304208933, 0.7348992420596128, 0.7281820773261669, 0.6223247635490632, 0.608078661176588, 0.5080164401402778, 0.3905976809216658, 0.35330443482585994, 0.31520089208466606, 0.2925250989900925, 0.2730923367994065, 0.26021477672103566, 0.2571298947319831, 0.2566280306492239, 0.256383040289195, 0.2563105973905373, 0.25628357914769473, 0.2560557806581307, 0.2556351512973454, 0.25486961572649003, 0.2539394669967052, 0.25291757418254057, 0.2511576521396358, 0.24867190566251784, 0.2478095084290941, 0.2475069486576409, 0.24745381025886404, 0.24745206762569305, 0.24745205540109616, 0.2474520549003053]}, "2": {"maxiter": 100, "gtol": 1e-05, "xrtol": 1e-10, "eps": 1e-05, "duration": 0.06562042236328125, "fun": "0.24745205498612854", "jac": "[-2.90767410e-07 -2.83173485e-07  7.15205672e-08 -6.13731288e-08\n -3.43980400e-07  2.78399526e-07]", "hess_inv": "[[ 3.26593914e+00  1.23357851e-01 -4.56200747e-01 -2.58025523e-01\n  -1.97606520e+00 -3.29952687e+00]\n [ 1.23357851e-01  3.72724948e+00 -1.30212012e+00 -6.04507794e-01\n  -4.22832116e+00 -4.23583566e+00]\n [-4.56200747e-01 -1.30212012e+00  4.13753514e+00  4.26147492e-02\n   6.32259038e+00  7.13967645e+00]\n [-2.58025523e-01 -6.04507794e-01  4.26147492e-02  2.98271675e+00\n   7.46819531e-01  8.74181191e-01]\n [-1.97606520e+00 -4.22832116e+00  6.32259038e+00  7.46819531e-01\n   6.06076855e+01  6.06890248e+01]\n [-3.29952687e+00 -4.23583566e+00  7.13967645e+00  8.74181191e-01\n   6.06890248e+01  6.48204492e+01]]", "nfev": "280", "njev": "40", "status": "0", "success": "True", "message": "Optimization terminated successfully.", "x": "[7.49584629 7.08692734 3.46436334 2.90133811 0.91817743 3.07934756]", "nit": "31", "callback": [0.7447143037709361, 0.7405493737097935, 0.734900355318205, 0.7281828843540545, 0.6223357393046757, 0.6080885156248378, 0.5080353573421054, 0.390613060681559, 0.35330654382344373, 0.31518958737513947, 0.2925344753258964, 0.2730837223504604, 0.26021611652320153, 0.2571298627439431, 0.25662795689925944, 0.25638269998646157, 0.2563103156249461, 0.25628329087634305, 0.2560557303922476, 0.25563575158641205, 0.2548724319204203, 0.2539443601830049, 0.2529232570095008, 0.25116491205583036, 0.2486833202050922, 0.24783713258968287, 0.24750937645082371, 0.24745393546585603, 0.24745207133123104, 0.24745205656754754, 0.24745205498612854]}, "3": {"maxiter": 100, "gtol": 1e-05, "xrtol": 1e-10, "eps": 1e-10, "duration": 0.06584286689758301, "fun": "0.2474520549003053", "jac": "[-3.33066880e-06 -3.33066880e-06  0.00000000e+00 -4.44089173e-06\n -1.11022293e-06 -1.11022293e-06]", "hess_inv": "[[ 3.3077339   0.10055742 -0.30171155 -0.1521245  -0.64095199 -1.90845184]\n [ 0.10055742  3.71022733 -1.21621411 -0.59175948 -3.51707002 -3.48928892]\n [-0.30171155 -1.21621411  4.0114012   0.2034592   5.14378187  6.04221019]\n [-0.1521245  -0.59175948  0.2034592   3.13999578  1.44932489  1.7153264 ]\n [-0.64095199 -3.51707002  5.14378187  1.44932489 47.92762009 48.26589406]\n [-1.90845184 -3.48928892  6.04221019  1.7153264  48.26589406 52.79205011]]", "nfev": "280", "njev": "40", "status": "0", "success": "True", "message": "Optimization terminated successfully.", "x": "[7.49584299 7.08691865 3.46437279 2.90133425 0.91822121 3.07939006]", "nit": "31", "callback": [0.7447139669895904, 0.7405485304208933, 0.7348992420596128, 0.7281820773261669, 0.6223247635490632, 0.608078661176588, 0.5080164401402778, 0.3905976809216658, 0.35330443482585994, 0.31520089208466606, 0.2925250989900925, 0.2730923367994065, 0.26021477672103566, 0.2571298947319831, 0.2566280306492239, 0.256383040289195, 0.2563105973905373, 0.25628357914769473, 0.2560557806581307, 0.2556351512973454, 0.25486961572649003, 0.2539394669967052, 0.25291757418254057, 0.2511576521396358, 0.24867190566251784, 0.2478095084290941, 0.2475069486576409, 0.24745381025886404, 0.24745206762569305, 0.24745205540109616, 0.2474520549003053]}, "4": {"maxiter": 100, "gtol": 1e-10, "xrtol": 1e-05, "eps": 1e-05, "duration": 0.06513118743896484, "fun": "0.24745205497968914", "jac": "[-7.78266340e-09 -3.86357613e-09 -9.29256672e-09  5.49560397e-09\n  3.75255382e-09 -5.32907052e-10]", "hess_inv": "[[ 3.27818178  0.13263357 -0.43914812 -0.28518097 -1.8478238  -3.19776941]\n [ 0.13263357  3.7342336  -1.29071139 -0.62333588 -4.1384186  -4.16527191]\n [-0.43914812 -1.29071139  4.10901152  0.06519884  6.25007947  7.05542082]\n [-0.28518097 -0.62333588  0.06519884  2.97314403  0.75257289  0.90962252]\n [-1.8478238  -4.1384186   6.25007947  0.75257289 60.74453657 60.66925237]\n [-3.19776941 -4.16527191  7.05542082  0.90962252 60.66925237 64.68925053]]", "nfev": "287", "njev": "41", "status": "0", "success": "True", "message": "Optimization terminated successfully.", "x": "[7.49584755 7.08692823 3.46436274 2.90133804 0.91817932 3.07934786]", "nit": "32", "callback": [0.7447143037709361, 0.7405493737097935, 0.734900355318205, 0.7281828843540545, 0.6223357393046757, 0.6080885156248378, 0.5080353573421054, 0.390613060681559, 0.35330654382344373, 0.31518958737513947, 0.2925344753258964, 0.2730837223504604, 0.26021611652320153, 0.2571298627439431, 0.25662795689925944, 0.25638269998646157, 0.2563103156249461, 0.25628329087634305, 0.2560557303922476, 0.25563575158641205, 0.2548724319204203, 0.2539443601830049, 0.2529232570095008, 0.25116491205583036, 0.2486833202050922, 0.24783713258968287, 0.24750937645082371, 0.24745393546585603, 0.24745207133123104, 0.24745205656754754, 0.24745205498612854, 0.24745205497968914]}, "5": {"maxiter": 100, "gtol": 1e-10, "xrtol": 1e-05, "eps": 1e-10, "duration": 0.06435608863830566, "fun": "0.2474520547407053", "jac": "[ 0.00000000e+00 -1.11022293e-06 -1.11022293e-06 -1.11022293e-06\n  1.11022293e-06 -1.11022293e-06]", "hess_inv": "[[ 3.48448968  0.22443605 -0.22930394 -0.42740529 -0.23561033 -1.80718017]\n [ 0.22443605  3.78680667 -1.1493628  -0.69799495 -2.97356697 -3.10805416]\n [-0.22930394 -1.1493628   4.01573581 -0.0456479   4.90185223  5.59576881]\n [-0.42740529 -0.69799495 -0.0456479   2.83478786 -1.37815641 -1.06897723]\n [-0.23561033 -2.97356697  4.90185223 -1.37815641 42.2853154  40.6384198 ]\n [-1.80718017 -3.10805416  5.59576881 -1.06897723 40.6384198  43.45011291]]", "nfev": "287", "njev": "41", "status": "0", "success": "True", "message": "Optimization terminated successfully.", "x": "[7.49585118 7.08692216 3.46437965 2.90134037 0.91829647 3.0794623 ]", "nit": "32", "callback": [0.7447139669895904, 0.7405485304208933, 0.7348992420596128, 0.7281820773261669, 0.6223247635490632, 0.608078661176588, 0.5080164401402778, 0.3905976809216658, 0.35330443482585994, 0.31520089208466606, 0.2925250989900925, 0.2730923367994065, 0.26021477672103566, 0.2571298947319831, 0.2566280306492239, 0.256383040289195, 0.2563105973905373, 0.25628357914769473, 0.2560557806581307, 0.2556351512973454, 0.25486961572649003, 0.2539394669967052, 0.25291757418254057, 0.2511576521396358, 0.24867190566251784, 0.2478095084290941, 0.2475069486576409, 0.24745381025886404, 0.24745206762569305, 0.24745205540109616, 0.2474520549003053, 0.2474520547407053]}, "6": {"maxiter": 100, "gtol": 1e-10, "xrtol": 1e-10, "eps": 1e-05, "duration": 0.10193586349487305, "fun": "0.24745205497968914", "jac": "[-7.78266340e-09 -3.86357613e-09 -9.29256672e-09  5.49560397e-09\n  3.75255382e-09 -5.32907052e-10]", "hess_inv": "[[ 3.33735357  0.17424689 -0.44313988 -0.31036128 -1.98069162 -3.36963102]\n [ 0.17424689  3.76349869 -1.29350875 -0.64105313 -4.23195078 -4.28621223]\n [-0.44313988 -1.29350875  4.09948296  0.07569083  6.34933536  7.1427131 ]\n [-0.31036128 -0.64105313  0.07569083  2.97596761  0.72807891  0.91482007]\n [-1.98069162 -4.23195078  6.34933536  0.72807891 60.21078975 60.35755776]\n [-3.36963102 -4.28621223  7.1427131   0.91482007 60.35755776 64.60356635]]", "nfev": "459", "njev": "64", "status": "2", "success": "False", "message": "Desired error not necessarily achieved due to precision loss.", "x": "[7.49584755 7.08692823 3.46436274 2.90133804 0.91817932 3.07934786]", "nit": "32", "callback": [0.7447143037709361, 0.7405493737097935, 0.734900355318205, 0.7281828843540545, 0.6223357393046757, 0.6080885156248378, 0.5080353573421054, 0.390613060681559, 0.35330654382344373, 0.31518958737513947, 0.2925344753258964, 0.2730837223504604, 0.26021611652320153, 0.2571298627439431, 0.25662795689925944, 0.25638269998646157, 0.2563103156249461, 0.25628329087634305, 0.2560557303922476, 0.25563575158641205, 0.2548724319204203, 0.2539443601830049, 0.2529232570095008, 0.25116491205583036, 0.2486833202050922, 0.24783713258968287, 0.24750937645082371, 0.24745393546585603, 0.24745207133123104, 0.24745205656754754, 0.24745205498612854, 0.24745205497968914]}, "7": {"maxiter": 100, "gtol": 1e-10, "xrtol": 1e-10, "eps": 1e-10, "duration": 0.1026601791381836, "fun": "0.24745205471678722", "jac": "[ 1.11022293e-06  0.00000000e+00  0.00000000e+00 -1.11022293e-06\n -2.22044587e-06  0.00000000e+00]", "hess_inv": "[[ 0.51222689 -0.80499233  0.19370887  0.97781653 -0.4339672  -0.72883009]\n [-0.80499233  1.41413014 -0.25479241 -1.59858083  0.65382874  1.1310056 ]\n [ 0.19370887 -0.25479241  0.58588381  1.01182552 -0.53019038 -0.500456  ]\n [ 0.97781653 -1.59858083  1.01182552  3.14428182 -1.46600108 -1.63682731]\n [-0.4339672   0.65382874 -0.53019038 -1.46600108  0.75289396  0.74364901]\n [-0.72883009  1.1310056  -0.500456   -1.63682731  0.74364901  1.18490587]]", "nfev": "462", "njev": "66", "status": "0", "success": "True", "message": "Optimization terminated successfully.", "x": "[7.49584329 7.08691972 3.46438648 2.90134085 0.91832154 3.07949862]", "nit": "43", "callback": [0.7447139669895904, 0.7405485304208933, 0.7348992420596128, 0.7281820773261669, 0.6223247635490632, 0.608078661176588, 0.5080164401402778, 0.3905976809216658, 0.35330443482585994, 0.31520089208466606, 0.2925250989900925, 0.2730923367994065, 0.26021477672103566, 0.2571298947319831, 0.2566280306492239, 0.256383040289195, 0.2563105973905373, 0.25628357914769473, 0.2560557806581307, 0.2556351512973454, 0.25486961572649003, 0.2539394669967052, 0.25291757418254057, 0.2511576521396358, 0.24867190566251784, 0.2478095084290941, 0.2475069486576409, 0.24745381025886404, 0.24745206762569305, 0.24745205540109616, 0.2474520549003053, 0.2474520547407053, 0.24745205473271403, 0.24745205473141163, 0.2474520547232263, 0.24745205472225318, 0.2474520547219221, 0.24745205472144471, 0.24745205472072718, 0.24745205471987997, 0.24745205471890774, 0.24745205471678733, 0.24745205471678722]}, "8": {"maxiter": 500, "gtol": 1e-05, "xrtol": 1e-05, "eps": 1e-05, "duration": 0.06275582313537598, "fun": "0.24745205498612854", "jac": "[-2.90767410e-07 -2.83173485e-07  7.15205672e-08 -6.13731288e-08\n -3.43980400e-07  2.78399526e-07]", "hess_inv": "[[ 3.26593914e+00  1.23357851e-01 -4.56200747e-01 -2.58025523e-01\n  -1.97606520e+00 -3.29952687e+00]\n [ 1.23357851e-01  3.72724948e+00 -1.30212012e+00 -6.04507794e-01\n  -4.22832116e+00 -4.23583566e+00]\n [-4.56200747e-01 -1.30212012e+00  4.13753514e+00  4.26147492e-02\n   6.32259038e+00  7.13967645e+00]\n [-2.58025523e-01 -6.04507794e-01  4.26147492e-02  2.98271675e+00\n   7.46819531e-01  8.74181191e-01]\n [-1.97606520e+00 -4.22832116e+00  6.32259038e+00  7.46819531e-01\n   6.06076855e+01  6.06890248e+01]\n [-3.29952687e+00 -4.23583566e+00  7.13967645e+00  8.74181191e-01\n   6.06890248e+01  6.48204492e+01]]", "nfev": "280", "njev": "40", "status": "0", "success": "True", "message": "Optimization terminated successfully.", "x": "[7.49584629 7.08692734 3.46436334 2.90133811 0.91817743 3.07934756]", "nit": "31", "callback": [0.7447143037709361, 0.7405493737097935, 0.734900355318205, 0.7281828843540545, 0.6223357393046757, 0.6080885156248378, 0.5080353573421054, 0.390613060681559, 0.35330654382344373, 0.31518958737513947, 0.2925344753258964, 0.2730837223504604, 0.26021611652320153, 0.2571298627439431, 0.25662795689925944, 0.25638269998646157, 0.2563103156249461, 0.25628329087634305, 0.2560557303922476, 0.25563575158641205, 0.2548724319204203, 0.2539443601830049, 0.2529232570095008, 0.25116491205583036, 0.2486833202050922, 0.24783713258968287, 0.24750937645082371, 0.24745393546585603, 0.24745207133123104, 0.24745205656754754, 0.24745205498612854]}, "9": {"maxiter": 500, "gtol": 1e-05, "xrtol": 1e-05, "eps": 1e-10, "duration": 0.06362485885620117, "fun": "0.2474520549003053", "jac": "[-3.33066880e-06 -3.33066880e-06  0.00000000e+00 -4.44089173e-06\n -1.11022293e-06 -1.11022293e-06]", "hess_inv": "[[ 3.3077339   0.10055742 -0.30171155 -0.1521245  -0.64095199 -1.90845184]\n [ 0.10055742  3.71022733 -1.21621411 -0.59175948 -3.51707002 -3.48928892]\n [-0.30171155 -1.21621411  4.0114012   0.2034592   5.14378187  6.04221019]\n [-0.1521245  -0.59175948  0.2034592   3.13999578  1.44932489  1.7153264 ]\n [-0.64095199 -3.51707002  5.14378187  1.44932489 47.92762009 48.26589406]\n [-1.90845184 -3.48928892  6.04221019  1.7153264  48.26589406 52.79205011]]", "nfev": "280", "njev": "40", "status": "0", "success": "True", "message": "Optimization terminated successfully.", "x": "[7.49584299 7.08691865 3.46437279 2.90133425 0.91822121 3.07939006]", "ni