{"date": "2024/09/25/, 02:33:52", "conf_id": 113, "data_type": "orthogonal\n", "num_data_points": 2, "s_rank": 0, "unitary": "[[-0.53618537-0.34368723j,-0.12107031-0.46226139j,-0.07699282-0.46603512j,0.36022595-0.11472301j],[0.26026499-0.63450712j,-0.56616638+0.37832564j,-0.14988651+0.08458591j,0.10363514-0.16008501j],[-0.32580188-0.11070003j,-0.36476308-0.23593218j,0.02559343+0.41761608j,-0.25598305+0.6725303j],[0.07406738-0.0126433j,0.28513701+0.19483972j,-0.74939717-0.10299659j,0.29798249+0.46269921j]]", "databatch_0": {"databatch": "[[[-0.17376988-0.44997708j,-0.05742574-0.18693923j,0.31296678-0.07159238j,0.05559594-0.06900431j],[0.30133267-0.05086487j,-0.30821032+0.11741881j,0.10752042-0.23821627j,-0.34090417+0.07227447j],[-0.03216857-0.04193479j,-0.09743556+0.23034813j,-0.16693521+0.17393405j,0.08532965-0.13107692j],[-0.03749555+0.11223779j,0.00312707+0.1465457j,0.00380434+0.12480904j,-0.07807696-0.14536765j]],[[0.01229528-0.06052439j,0.18633183+0.04950073j,0.02803696+0.25260828j,0.08051619-0.07383719j],[-0.01544009-0.17568971j,-0.05472089-0.03414711j,-0.05670037-0.15615445j,0.07021937+0.15864472j],[0.00046173-0.19599458j,0.40680376+0.11458579j,0.10694956-0.0255097j,-0.09572331+0.30009007j],[-0.00204898-0.44439455j,-0.29277225+0.16244037j,0.04786688+0.22928318j,0.12407395-0.28518667j]]]", "initial param values": "[4.81438583,0.14054594,1.18823185,0.99541613,3.90196844,5.12114243]", "nelder_mead": {"type": "gradient-free", "0": {"maxiter": 100, "fatol": 1e-05, "xatol": 1e-05, "duration": 0.03868889808654785, "fun": "0.45123955331533894", "nit": "100", "nfev": "155", "status": "2", "success": "False", "message": "Maximum number of iterations has been exceeded.", "x": "[4.06711385 0.09530352 1.85368404 1.10346574 4.71629814 5.40885813]", "final_simplex": "(array([[4.06711385, 0.09530352, 1.85368404, 1.10346574, 4.71629814,\n        5.40885813],\n       [4.05629727, 0.09703879, 1.89261958, 1.11831203, 4.70377826,\n        5.42619869],\n       [4.06724491, 0.09678879, 1.89688526, 1.12179227, 4.74065835,\n        5.40680698],\n       [4.07817941, 0.101088  , 1.85639845, 1.12163437, 4.7130191 ,\n        5.41564542],\n       [4.05464032, 0.10127244, 1.85150471, 1.12370862, 4.73576585,\n        5.40209316],\n       [4.04621054, 0.10059796, 1.88649293, 1.12998303, 4.71638605,\n        5.39289775],\n       [4.06212963, 0.10037704, 1.88422966, 1.12383564, 4.71996814,\n        5.4197154 ]]), array([0.45123955, 0.45152974, 0.45163442, 0.45170658, 0.45171686,\n       0.45174781, 0.45178518]))", "callback": [0.580657949212429, 0.5053084410169564, 0.48980764571356294, 0.47981963554781804, 0.4734024128772044, 0.46048075873758954, 0.4533492156705696, 0.45257402182912454, 0.4520923949657627, 0.45170657910029743]}, "1": {"maxiter": 100, "fatol": 1e-05, "xatol": 1e-10, "duration": 0.038118839263916016, "fun": "0.45123955331533894", "nit": "100", "nfev": "155", "status": "2", "success": "False", "message": "Maximum number of iterations has been exceeded.", "x": "[4.06711385 0.09530352 1.85368404 1.10346574 4.71629814 5.40885813]", "final_simplex": "(array([[4.06711385, 0.09530352, 1.85368404, 1.10346574, 4.71629814,\n        5.40885813],\n       [4.05629727, 0.09703879, 1.89261958, 1.11831203, 4.70377826,\n        5.42619869],\n       [4.06724491, 0.09678879, 1.89688526, 1.12179227, 4.74065835,\n        5.40680698],\n       [4.07817941, 0.101088  , 1.85639845, 1.12163437, 4.7130191 ,\n        5.41564542],\n       [4.05464032, 0.10127244, 1.85150471, 1.12370862, 4.73576585,\n        5.40209316],\n       [4.04621054, 0.10059796, 1.88649293, 1.12998303, 4.71638605,\n        5.39289775],\n       [4.06212963, 0.10037704, 1.88422966, 1.12383564, 4.71996814,\n        5.4197154 ]]), array([0.45123955, 0.45152974, 0.45163442, 0.45170658, 0.45171686,\n       0.45174781, 0.45178518]))", "callback": [0.580657949212429, 0.5053084410169564, 0.48980764571356294, 0.47981963554781804, 0.4734024128772044, 0.46048075873758954, 0.4533492156705696, 0.45257402182912454, 0.4520923949657627, 0.45170657910029743]}, "2": {"maxiter": 100, "fatol": 1e-10, "xatol": 1e-05, "duration": 0.037866830825805664, "fun": "0.45123955331533894", "nit": "100", "nfev": "155", "status": "2", "success": "False", "message": "Maximum number of iterations has been exceeded.", "x": "[4.06711385 0.09530352 1.85368404 1.10346574 4.71629814 5.40885813]", "final_simplex": "(array([[4.06711385, 0.09530352, 1.85368404, 1.10346574, 4.71629814,\n        5.40885813],\n       [4.05629727, 0.09703879, 1.89261958, 1.11831203, 4.70377826,\n        5.42619869],\n       [4.06724491, 0.09678879, 1.89688526, 1.12179227, 4.74065835,\n        5.40680698],\n       [4.07817941, 0.101088  , 1.85639845, 1.12163437, 4.7130191 ,\n        5.41564542],\n       [4.05464032, 0.10127244, 1.85150471, 1.12370862, 4.73576585,\n        5.40209316],\n       [4.04621054, 0.10059796, 1.88649293, 1.12998303, 4.71638605,\n        5.39289775],\n       [4.06212963, 0.10037704, 1.88422966, 1.12383564, 4.71996814,\n        5.4197154 ]]), array([0.45123955, 0.45152974, 0.45163442, 0.45170658, 0.45171686,\n       0.45174781, 0.45178518]))", "callback": [0.580657949212429, 0.5053084410169564, 0.48980764571356294, 0.47981963554781804, 0.4734024128772044, 0.46048075873758954, 0.4533492156705696, 0.45257402182912454, 0.4520923949657627, 0.45170657910029743]}, "3": {"maxiter": 100, "fatol": 1e-10, "xatol": 1e-10, "duration": 0.03611612319946289, "fun": "0.45123955331533894", "nit": "100", "nfev": "155", "status": "2", "success": "False", "message": "Maximum number of iterations has been exceeded.", "x": "[4.06711385 0.09530352 1.85368404 1.10346574 4.71629814 5.40885813]", "final_simplex": "(array([[4.06711385, 0.09530352, 1.85368404, 1.10346574, 4.71629814,\n        5.40885813],\n       [4.05629727, 0.09703879, 1.89261958, 1.11831203, 4.70377826,\n        5.42619869],\n       [4.06724491, 0.09678879, 1.89688526, 1.12179227, 4.74065835,\n        5.40680698],\n       [4.07817941, 0.101088  , 1.85639845, 1.12163437, 4.7130191 ,\n        5.41564542],\n       [4.05464032, 0.10127244, 1.85150471, 1.12370862, 4.73576585,\n        5.40209316],\n       [4.04621054, 0.10059796, 1.88649293, 1.12998303, 4.71638605,\n        5.39289775],\n       [4.06212963, 0.10037704, 1.88422966, 1.12383564, 4.71996814,\n        5.4197154 ]]), array([0.45123955, 0.45152974, 0.45163442, 0.45170658, 0.45171686,\n       0.45174781, 0.45178518]))", "callback": [0.580657949212429, 0.5053084410169564, 0.48980764571356294, 0.47981963554781804, 0.4734024128772044, 0.46048075873758954, 0.4533492156705696, 0.45257402182912454, 0.4520923949657627, 0.45170657910029743]}, "4": {"maxiter": 500, "fatol": 1e-05, "xatol": 1e-05, "duration": 0.14405512809753418, "fun": "0.41085841203248963", "nit": "395", "nfev": "617", "status": "0", "success": "True", "message": "Optimization terminated successfully.", "x": "[ 4.1843582  -0.53899661  1.44070298  1.14933806  4.75676256  5.48023421]", "final_simplex": "(array([[ 4.1843582 , -0.53899661,  1.44070298,  1.14933806,  4.75676256,\n         5.48023421],\n       [ 4.18435595, -0.53899108,  1.44071136,  1.14933735,  4.75676174,\n         5.48023164],\n       [ 4.18435573, -0.5389912 ,  1.44070265,  1.14933616,  4.75676257,\n         5.48022909],\n       [ 4.18435608, -0.53899233,  1.4407088 ,  1.14933084,  4.75675505,\n         5.48023878],\n       [ 4.18435228, -0.53899081,  1.44070921,  1.14933763,  4.75676235,\n         5.48023688],\n       [ 4.1843578 , -0.53899878,  1.44070652,  1.14933417,  4.75676572,\n         5.48023275],\n       [ 4.18435816, -0.53898957,  1.44070964,  1.14933478,  4.75676314,\n         5.48023223]]), array([0.41085841, 0.41085841, 0.41085841, 0.41085841, 0.41085841,\n       0.41085841, 0.41085841]))", "callback": [0.580657949212429, 0.5053084410169564, 0.48980764571356294, 0.47981963554781804, 0.4734024128772044, 0.46048075873758954, 0.4533492156705696, 0.45257402182912454, 0.4520923949657627, 0.45170657910029743, 0.45123955331533894, 0.4497879551937324, 0.4497369072918921, 0.44948038304631743, 0.44875574446097943, 0.44746352428185043, 0.44617682230603695, 0.44276777267683554, 0.4396028460536521, 0.4250633272517529, 0.4180255151740573, 0.4130603333671973, 0.4117397534907161, 0.41109095998651, 0.4109119481787693, 0.41087205644095526, 0.4108612754856864, 0.4108589759540364, 0.4108585492345975, 0.4108584446200241, 0.410858428630949, 0.4108584197498363, 0.41085841685866253, 0.4108584132935539, 0.41085841290675684, 0.4108584123772413, 0.4108584122212069, 0.4108584120985985, 0.41085841205003804, 0.41085841203248963]}, "5": {"maxiter": 500, "fatol": 1e-05, "xatol": 1e-10, "duration": 0.1766667366027832, "fun": "0.4108584120254316", "nit": "500", "nfev": "779", "status": "2", "success": "False", "message": "Maximum number of iterations has been exceeded.", "x": "[ 4.18435284 -0.53899726  1.44070544  1.14933702  4.75675774  5.48023376]", "final_simplex": "(array([[ 4.18435284, -0.53899726,  1.44070544,  1.14933702,  4.75675774,\n         5.48023376],\n       [ 4.18435286, -0.53899739,  1.44070539,  1.149337  ,  4.75675782,\n         5.48023378],\n       [ 4.18435284, -0.53899731,  1.44070545,  1.149337  ,  4.7567578 ,\n         5.48023381],\n       [ 4.18435288, -0.5389973 ,  1.44070543,  1.14933704,  4.75675777,\n         5.48023381],\n       [ 4.18435282, -0.53899734,  1.44070537,  1.14933704,  4.75675777,\n         5.48023383],\n       [ 4.18435288, -0.53899732,  1.44070538,  1.14933695,  4.75675775,\n         5.48023384],\n       [ 4.18435282, -0.53899727,  1.44070539,  1.14933704,  4.75675783,\n         5.4802338 ]]), array([0.41085841, 0.41085841, 0.41085841, 0.41085841, 0.41085841,\n       0.41085841, 0.41085841]))", "callback": [0.580657949212429, 0.5053084410169564, 0.48980764571356294, 0.47981963554781804, 0.4734024128772044, 0.46048075873758954, 0.4533492156705696, 0.45257402182912454, 0.4520923949657627, 0.45170657910029743, 0.45123955331533894, 0.4497879551937324, 0.4497369072918921, 0.44948038304631743, 0.44875574446097943, 0.44746352428185043, 0.44617682230603695, 0.44276777267683554, 0.4396028460536521, 0.4250633272517529, 0.4180255151740573, 0.4130603333671973, 0.4117397534907161, 0.41109095998651, 0.4109119481787693, 0.41087205644095526, 0.4108612754856864, 0.4108589759540364, 0.4108585492345975, 0.4108584446200241, 0.410858428630949, 0.4108584197498363, 0.41085841685866253, 0.4108584132935539, 0.41085841290675684, 0.4108584123772413, 0.4108584122212069, 0.4108584120985985, 0.41085841205003804, 0.41085841203248963, 0.4108584120272307, 0.41085841202664974, 0.410858412025784, 0.41085841202560336, 0.41085841202546936, 0.41085841202546936, 0.41085841202545625, 0.4108584120254438, 0.41085841202543594, 0.4108584120254335]}, "6": {"maxiter": 500, "fatol": 1e-10, "xatol": 1e-05, "duration": 0.15247106552124023, "fun": "0.41085841203248963", "nit": "395", "nfev": "617", "status": "0", "success": "True", "message": "Optimization terminated successfully.", "x": "[ 4.1843582  -0.53899661  1.44070298  1.14933806  4.75676256  5.48023421]", "final_simplex": "(array([[ 4.1843582 , -0.53899661,  1.44070298,  1.14933806,  4.75676256,\n         5.48023421],\n       [ 4.18435595, -0.53899108,  1.44071136,  1.14933735,  4.75676174,\n         5.48023164],\n       [ 4.18435573, -0.5389912 ,  1.44070265,  1.14933616,  4.75676257,\n         5.48022909],\n       [ 4.18435608, -0.53899233,  1.4407088 ,  1.14933084,  4.75675505,\n         5.48023878],\n       [ 4.18435228, -0.53899081,  1.44070921,  1.14933763,  4.75676235,\n         5.48023688],\n       [ 4.1843578 , -0.53899878,  1.44070652,  1.14933417,  4.75676572,\n         5.48023275],\n       [ 4.18435816, -0.53898957,  1.44070964,  1.14933478,  4.75676314,\n         5.48023223]]), array([0.41085841, 0.41085841, 0.41085841, 0.41085841, 0.41085841,\n       0.41085841, 0.41085841]))", "callback": [0.580657949212429, 0.5053084410169564, 0.48980764571356294, 0.47981963554781804, 0.4734024128772044, 0.46048075873758954, 0.4533492156705696, 0.45257402182912454, 0.4520923949657627, 0.45170657910029743, 0.45123955331533894, 0.4497879551937324, 0.4497369072918921, 0.44948038304631743, 0.44875574446097943, 0.44746352428185043, 0.44617682230603695, 0.44276777267683554, 0.4396028460536521, 0.4250633272517529, 0.4180255151740573, 0.4130603333671973, 0.4117397534907161, 0.41109095998651, 0.4109119481787693, 0.41087205644095526, 0.4108612754856864, 0.4108589759540364, 0.4108585492345975, 0.4108584446200241, 0.410858428630949, 0.4108584197498363, 0.41085841685866253, 0.4108584132935539, 0.41085841290675684, 0.4108584123772413, 0.4108584122212069, 0.4108584120985985, 0.41085841205003804, 0.41085841203248963]}, "7": {"maxiter": 500, "fatol": 1e-10, "xatol": 1e-10, "duration": 0.18837404251098633, "fun": "0.4108584120254316", "nit": "500", "nfev": "779", "status": "2", "success": "False", "message": "Maximum number of iterations has been exceeded.", "x": "[ 4.18435284 -0.53899726  1.44070544  1.14933702  4.75675774  5.48023376]", "final_simplex": "(array([[ 4.18435284, -0.53899726,  1.44070544,  1.14933702,  4.75675774,\n         5.48023376],\n       [ 4.18435286, -0.53899739,  1.44070539,  1.149337  ,  4.75675782,\n         5.48023378],\n       [ 4.18435284, -0.53899731,  1.44070545,  1.149337  ,  4.7567578 ,\n         5.48023381],\n       [ 4.18435288, -0.5389973 ,  1.44070543,  1.14933704,  4.75675777,\n         5.48023381],\n       [ 4.18435282, -0.53899734,  1.44070537,  1.14933704,  4.75675777,\n         5.48023383],\n       [ 4.18435288, -0.53899732,  1.44070538,  1.14933695,  4.75675775,\n         5.48023384],\n       [ 4.18435282, -0.53899727,  1.44070539,  1.14933704,  4.75675783,\n         5.4802338 ]]), array([0.41085841, 0.41085841, 0.41085841, 0.41085841, 0.41085841,\n       0.41085841, 0.41085841]))", "callback": [0.580657949212429, 0.5053084410169564, 0.48980764571356294, 0.47981963554781804, 0.4734024128772044, 0.46048075873758954, 0.4533492156705696, 0.45257402182912454, 0.4520923949657627, 0.45170657910029743, 0.45123955331533894, 0.4497879551937324, 0.4497369072918921, 0.44948038304631743, 0.44875574446097943, 0.44746352428185043, 0.44617682230603695, 0.44276777267683554, 0.4396028460536521, 0.4250633272517529, 0.4180255151740573, 0.4130603333671973, 0.4117397534907161, 0.41109095998651, 0.4109119481787693, 0.41087205644095526, 0.4108612754856864, 0.4108589759540364, 0.4108585492345975, 0.4108584446200241, 0.410858428630949, 0.4108584197498363, 0.41085841685866253, 0.4108584132935539, 0.41085841290675684, 0.4108584123772413, 0.4108584122212069, 0.4108584120985985, 0.41085841205003804, 0.41085841203248963, 0.4108584120272307, 0.41085841202664974, 0.410858412025784, 0.41085841202560336, 0.41085841202546936, 0.41085841202546936, 0.41085841202545625, 0.4108584120254438, 0.41085841202543594, 0.4108584120254335]}, "8": {"maxiter": 1000, "fatol": 1e-05, "xatol": 1e-05, "duration": 0.1443948745727539, "fun": "0.41085841203248963", "nit": "395", "nfev": "617", "status": "0", "success": "True", "message": "Optimization terminated successfully.", "x": "[ 4.1843582  -0.53899661  1.44070298  1.14933806  4.75676256  5.48023421]", "final_simplex": "(array([[ 4.1843582 , -0.53899661,  1.44070298,  1.14933806,  4.75676256,\n         5.48023421],\n       [ 4.18435595, -0.53899108,  1.44071136,  1.14933735,  4.75676174,\n         5.48023164],\n       [ 4.18435573, -0.5389912 ,  1.44070265,  1.14933616,  4.75676257,\n         5.48022909],\n       [ 4.18435608, -0.53899233,  1.4407088 ,  1.14933084,  4.75675505,\n         5.48023878],\n       [ 4.18435228, -0.53899081,  1.44070921,  1.14933763,  4.75676235,\n         5.48023688],\n       [ 4.1843578 , -0.53899878,  1.44070652,  1.14933417,  4.75676572,\n         5.48023275],\n       [ 4.18435816, -0.53898957,  1.44070964,  1.14933478,  4.75676314,\n         5.48023223]]), array([0.41085841, 0.41085841, 0.41085841, 0.41085841, 0.41085841,\n       0.41085841, 0.41085841]))", "callback": [0.580657949212429, 0.5053084410169564, 0.48980764571356294, 0.47981963554781804, 0.4734024128772044, 0.46048075873758954, 0.4533492156705696, 0.45257402182912454, 0.4520923949657627, 0.45170657910029743, 0.45123955331533894, 0.4497879551937324, 0.4497369072918921, 0.44948038304631743, 0.44875574446097943, 0.44746352428185043, 0.44617682230603695, 0.44276777267683554, 0.4396028460536521, 0.4250633272517529, 0.4180255151740573, 0.4130603333671973, 0.4117397534907161, 0.41109095998651, 0.4109119481787693, 0.41087205644095526, 0.4108612754856864, 0.4108589759540364, 0.4108585492345975, 0.4108584446200241, 0.410858428630949, 0.4108584197498363, 0.41085841685866253, 0.4108584132935539, 0.41085841290675684, 0.4108584123772413, 0.4108584122212069, 0.4108584120985985, 0.41085841205003804, 0.41085841203248963]}, "9": {"maxiter": 1000, "fatol": 1e-05, "xatol": 1e-10, "duration": 0.2125389575958252, "fun": "0.41085841202543105", "nit": "537", "nfev": "890", "status": "0", "success": "True", "message": "Optimization terminated successfully.", "x": "[ 4.18435286 -0.53899731  1.44070547  1.14933699  4.75675778  5.48023375]", "final_simplex": "(array([[ 4.18435286, -0.53899731,  1.44070547,  1.14933699,  4.75675778,\n         5.48023375],\n       [ 4.18435286, -0.53899731,  1.44070547,  1.14933699,  4.75675778,\n         5.48023375],\n       [ 4.18435286, -0.53899731,  1.44070547,  1.14933699,  4.75675778,\n         5.48023375],\n       [ 4.18435286, -0.53899731,  1.44070547,  1.14933699,  4.75675778,\n         5.48023375],\n       [ 4.18435286, -0.53899731,  1.44070547,  1.14933699,  4.75675778,\n         5.48023375],\n       [ 4.18435286, -0.53899731,  1.44070547,  1.14933699,  4.75675778,\n         5.48023375],\n       [ 4.18435286, -0.53899731,  1.44070547,  1.14933699,  4.75675778,\n         5.48023375]]), array([0.41085841, 0.41085841, 0.41085841, 0.41085841, 0.41085841,\n       0.41085841, 0.41085841]))", "callback": [0.580657949212429, 0.5053084410169564, 0.48980764571356294, 0.47981963554781804, 0.4734024128772044, 0.46048075873758954, 0.4533492156705696, 0.45257402182912454, 0.4520923949657627, 0.45170657910029743, 0.45123955331533894, 0.4497879551937324, 0.4497369072918921, 0.44948038304631743, 0.44875574446097943, 0.44746352428185043, 0.44617682230603695, 0.44276777267683554, 0.4396028460536521, 0.4250633272517529, 0.4180255151740573, 0.4130603333671973, 0.4117397534907161, 0.41109095998651, 0.4109119481787693, 0.41087205644095526, 0.4108612754856864, 0.4108589759540364, 0.4108585492345975, 0.4108584446200241, 0.410858428630949, 0.4108584197498363, 0.41085841685866253, 0.4108584132935539, 0.41085841290675684, 0.4108584123772413, 0.4108584122212069, 0.4108584120985985, 0.41085841205003804, 0.41085841203248963, 0.4108584120272307, 0.41085841202664974, 0.410858412025784, 0.41085841202560336, 0.41085841202546936, 0.41085841202546936, 0.41085841202545625, 0.4108584120254438, 0.41085841202543594, 0.4108584120254335, 0.4108584120254316, 0.4108584120254313, 0.41085841202543116, 0.41085841202543105]}, "10": {"maxiter": 1000, "fatol": 1e-10, "xatol": 1e-05, "duration": 0.14685988426208496, "fun": "0.41085841203248963", "nit": "395", "nfev": "617", "status": "0", "success": "True", "message": "Optimization terminated successfully.", "x": "[ 4.1843582  -0.53899661  1.44070298  1.14933806  4.75676256  5.48023421]", "final_simplex": "(array([[ 4.1843582 , -0.53899661,  1.44070298,  1.14933806,  4.75676256,\n         5.48023421],\n       [ 4.18435595, -0.53899108,  1.44071136,  1.14933735,  4.75676174,\n         5.48023164],\n       [ 4.18435573, -0.5389912 ,  1.44070265,  1.14933616,  4.75676257,\n         5.48022909],\n       [ 4.18435608, -0.53899233,  1.4407088 ,  1.14933084,  4.75675505,\n         5.48023878],\n       [ 4.18435228, -0.53899081,  1.44070921,  1.14933763,  4.75676235,\n         5.48023688],\n       [ 4.1843578 , -0.53899878,  1.44070652,  1.14933417,  4.75676572,\n         5.48023275],\n       [ 4.18435816, -0.53898957,  1.44070964,  1.14933478,  4.75676314,\n         5.48023223]]), array([0.41085841, 0.41085841, 0.41085841, 0.41085841, 0.41085841,\n       0.41085841, 0.41085841]))", "callback": [0.580657949212429, 0.5053084410169564, 0.48980764571356294, 0.47981963554781804, 0.4734024128772044, 0.46048075873758954, 0.4533492156705696, 0.45257402182912454, 0.4520923949657627, 0.45170657910029743, 0.45123955331533894, 0.4497879551937324, 0.4497369072918921, 0.44948038304631743, 0.44875574446097943, 0.44746352428185043, 0.44617682230603695, 0.44276777267683554, 0.4396028460536521, 0.4250633272517529, 0.4180255151740573, 0.4130603333671973, 0.4117397534907161, 0.41109095998651, 0.4109119481787693, 0.41087205644095526, 0.4108612754856864, 0.4108589759540364, 0.4108585492345975, 0.4108584446200241, 0.410858428630949, 0.4108584197498363, 0.41085841685866253, 0.4108584132935539, 0.41085841290675684, 0.4108584123772413, 0.4108584122212069, 0.4108584120985985, 0.41085841205003804, 0.41085841203248963]}, "11": {"maxiter": 1000, "fatol": 1e-10, "xatol": 1e-10, "duration": 0.2048637866973877, "fun": "0.41085841202543105", "nit": "537", "nfev": "890", "status": "0", "success": "True", "message": "Optimization terminated successfully.", "x": "[ 4.18435286 -0.53899731  1.44070547  1.14933699  4.75675778  5.48023375]", "final_simplex": "(array([[ 4.18435286, -0.53899731,  1.44070547,  1.14933699,  4.75675778,\n         5.48023375],\n       [ 4.18435286, -0.53899731,  1.44070547,  1.14933699,  4.75675778,\n         5.48023375],\n       [ 4.18435286, -0.53899731,  1.44070547,  1.14933699,  4.75675778,\n         5.48023375],\n       [ 4.18435286, -0.53899731,  1.44070547,  1.14933699,  4.75675778,\n         5.48023375],\n       [ 4.18435286, -0.53899731,  1.44070547,  1.14933699,  4.75675778,\n         5.48023375],\n       [ 4.18435286, -0.53899731,  1.44070547,  1.14933699,  4.75675778,\n         5.48023375],\n       [ 4.18435286, -0.53899731,  1.44070547,  1.14933699,  4.75675778,\n         5.48023375]]), array([0.41085841, 0.41085841, 0.41085841, 0.41085841, 0.41085841,\n       0.41085841, 0.41085841]))", "callback": [0.580657949212429, 0.5053084410169564, 0.48980764571356294, 0.47981963554781804, 0.4734024128772044, 0.46048075873758954, 0.4533492156705696, 0.45257402182912454, 0.4520923949657627, 0.45170657910029743, 0.45123955331533894, 0.4497879551937324, 0.4497369072918921, 0.44948038304631743, 0.44875574446097943, 0.44746352428185043, 0.44617682230603695, 0.44276777267683554, 0.4396028460536521, 0.4250633272517529, 0.4180255151740573, 0.4130603333671973, 0.4117397534907161, 0.41109095998651, 0.4109119481787693, 0.41087205644095526, 0.4108612754856864, 0.4108589759540364, 0.4108585492345975, 0.4108584446200241, 0.410858428630949, 0.4108584197498363, 0.41085841685866253, 0.4108584132935539, 0.41085841290675684, 0.4108584123772413, 0.4108584122212069, 0.4108584120985985, 0.41085841205003804, 0.41085841203248963, 0.4108584120272307, 0.41085841202664974, 0.410858412025784, 0.41085841202560336, 0.41085841202546936, 0.41085841202546936, 0.41085841202545625, 0.4108584120254438, 0.41085841202543594, 0.4108584120254335, 0.4108584120254316, 0.4108584120254313, 0.41085841202543116, 0.41085841202543105]}}, "bfgs": {"type": "gradient", "0": {"maxiter": 100, "gtol": 1e-05, "xrtol": 1e-05, "eps": 1e-05, "duration": 0.026801109313964844, "fun": "0.41085841226718967", "jac": "[-6.51063647e-06 -5.48732171e-06  3.36942696e-06 -9.27358190e-07\n  2.41956455e-06 -1.42138523e-06]", "hess_inv": "[[ 3.06023768 -0.38952683 -0.24470543 -0.24678795  0.25003627  0.13403864]\n [-0.38952683  3.65485529  1.92461032 -0.01563283 -0.82257705  0.53345497]\n [-0.24470543  1.92461032  6.21742488 -0.67826212 -1.09188803  0.23800821]\n [-0.24678795 -0.01563283 -0.67826212  3.52623283  0.07396161 -0.0484182 ]\n [ 0.25003627 -0.82257705 -1.09188803  0.07396161  2.27731964  0.57534657]\n [ 0.13403864  0.53345497  0.23800821 -0.0484182   0.57534657  1.662795  ]]", "nfev": "112", "njev": "16", "status": "0", "success": "True", "message": "Optimization terminated successfully.", "x": "[ 4.18432334 -0.53902262  1.4407137   1.1493272   4.75676261  5.48022234]", "nit": "14", "callback": [0.43834321415837096, 0.4250837657550166, 0.4124374454176024, 0.4112305859979586, 0.4111192619121977, 0.4109528081357804, 0.4108831091733428, 0.4108732591009938, 0.41086115713304106, 0.4108590623342441, 0.41085853061825284, 0.4108584418364266, 0.410858415543073, 0.41085841226718967]}, "1": {"maxiter": 100, "gtol": 1e-05, "xrtol": 1e-05, "eps": 1e-10, "duration": 0.026484966278076172, "fun": "0.41085841222177255", "jac": "[-6.66133760e-06 -7.77156053e-06  2.22044587e-06 -2.22044587e-06\n  2.22044587e-06 -2.22044587e-06]", "hess_inv": "[[ 3.0082135  -0.36926912 -0.28746865 -0.23527789  0.26409415  0.13995557]\n [-0.36926912  3.65663028  1.95575293 -0.05279923 -0.82621711  0.53945908]\n [-0.28746865  1.95575293  6.14330943 -0.66771333 -1.08143349  0.24599555]\n [-0.23527789 -0.05279923 -0.66771333  3.58436074  0.07426258 -0.0668037 ]\n [ 0.26409415 -0.82621711 -1.08143349  0.07426258  2.27378132  0.57358619]\n [ 0.13995557  0.53945908  0.24599555 -0.0668037   0.57358619  1.66689847]]", "nfev": "112", "njev": "16", "status": "0", "success": "True", "message": "Optimization terminated successfully.", "x": "[ 4.18432859 -0.53902155  1.44071517  1.14932742  4.75676406  5.48022479]", "nit": "14", "callback": [0.43834245279081396, 0.42508359121572215, 0.4124372884440337, 0.41123053620159455, 0.4111192356396465, 0.410952805281143, 0.4108830708030634, 0.41087323956252786, 0.4108611620354624, 0.4108590638433478, 0.4108585313451881, 0.41085844217080536, 0.41085841551290914, 0.41085841222177255]}, "2": {"maxiter": 100, "gtol": 1e-05, "xrtol": 1e-10, "eps": 1e-05, "duration": 0.02624201774597168, "fun": "0.41085841226718967", "jac": "[-6.51063647e-06 -5.48732171e-06  3.36942696e-06 -9.27358190e-07\n  2.41956455e-06 -1.42138523e-06]", "hess_inv": "[[ 3.06023768 -0.38952683 -0.24470543 -0.24678795  0.25003627  0.13403864]\n [-0.38952683  3.65485529  1.92461032 -0.01563283 -0.82257705  0.53345497]\n [-0.24470543  1.92461032  6.21742488 -0.67826212 -1.09188803  0.23800821]\n [-0.24678795 -0.01563283 -0.67826212  3.52623283  0.07396161 -0.0484182 ]\n [ 0.25003627 -0.82257705 -1.09188803  0.07396161  2.27731964  0.57534657]\n [ 0.13403864  0.53345497  0.23800821 -0.0484182   0.57534657  1.662795  ]]", "nfev": "112", "njev": "16", "status": "0", "success": "True", "message": "Optimization terminated successfully.", "x": "[ 4.18432334 -0.53902262  1.4407137   1.1493272   4.75676261  5.48022234]", "nit": "14", "callback": [0.43834321415837096, 0.4250837657550166, 0.4124374454176024, 0.4112305859979586, 0.4111192619121977, 0.4109528081357804, 0.4108831091733428, 0.4108732591009938, 0.41086115713304106, 0.4108590623342441, 0.41085853061825284, 0.4108584418364266, 0.410858415543073, 0.41085841226718967]}, "3": {"maxiter": 100, "gtol": 1e-05, "xrtol": 1e-10, "eps": 1e-10, "duration": 0.026723146438598633, "fun": "0.41085841222177255", "jac": "[-6.66133760e-06 -7.77156053e-06  2.22044587e-06 -2.22044587e-06\n  2.22044587e-06 -2.22044587e-06]", "hess_inv": "[[ 3.0082135  -0.36926912 -0.28746865 -0.23527789  0.26409415  0.13995557]\n [-0.36926912  3.65663028  1.95575293 -0.05279923 -0.82621711  0.53945908]\n [-0.28746865  1.95575293  6.14330943 -0.66771333 -1.08143349  0.24599555]\n [-0.23527789 -0.05279923 -0.66771333  3.58436074  0.07426258 -0.0668037 ]\n [ 0.26409415 -0.82621711 -1.08143349  0.07426258  2.27378132  0.57358619]\n [ 0.13995557  0.53945908  0.24599555 -0.0668037   0.57358619  1.66689847]]", "nfev": "112", "njev": "16", "status": "0", "success": "True", "message": "Optimization terminated successfully.", "x": "[ 4.18432859 -0.53902155  1.44071517  1.14932742  4.75676406  5.48022479]", "nit": "14", "callback": [0.43834245279081396, 0.42508359121572215, 0.4124372884440337, 0.41123053620159455, 0.4111192356396465, 0.410952805281143, 0.4108830708030634, 0.41087323956252786, 0.4108611620354624, 0.4108590638433478, 0.4108585313451881, 0.41085844217080536, 0.41085841551290914, 0.41085841222177255]}, "4": {"maxiter": 100, "gtol": 1e-10, "xrtol": 1e-05, "eps": 1e-05, "duration": 0.027555227279663086, "fun": "0.4108584120516261", "jac": "[-8.71147599e-07  1.20836674e-07 -2.02060590e-09 -6.42830233e-07\n  7.07034431e-07 -3.63054031e-07]", "hess_inv": "[[ 3.20534636 -0.04715444 -0.50923939 -0.33563551  0.22192216  0.24961041]\n [-0.04715444  3.95270296  1.71243633  0.03512937 -0.89513411  0.62111204]\n [-0.50923939  1.71243633  6.36685348 -0.72665317 -1.03560765  0.17679565]\n [-0.33563551  0.03512937 -0.72665317  3.44767242  0.09435351 -0.02470359]\n [ 0.22192216 -0.89513411 -1.03560765  0.09435351  2.28269065  0.55069683]\n [ 0.24961041  0.62111204  0.17679565 -0.02470359  0.55069683  1.68770967]]", "nfev": "119", "njev": "17", "status": "0", "success": "True", "message": "Optimization terminated successfully.", "x": "[ 4.18434517 -0.53900392  1.44070041  1.14933059  4.75675798  5.48022782]", "nit": "15", "callback": [0.43834321415837096, 0.4250837657550166, 0.4124374454176024, 0.4112305859979586, 0.4111192619121977, 0.4109528081357804, 0.4108831091733428, 0.4108732591009938, 0.41086115713304106, 0.4108590623342441, 0.41085853061825284, 0.4108584418364266, 0.410858415543073, 0.41085841226718967, 0.4108584120516261]}, "5": {"maxiter": 100, "gtol": 1e-10, "xrtol": 1e-05, "eps": 1e-10, "duration": 0.028868913650512695, "fun": "0.410858412038558", "jac": "[-1.11022293e-06  3.33066880e-06  1.11022293e-06  1.11022293e-06\n  0.00000000e+00  0.00000000e+00]", "hess_inv": "[[ 3.18825493  0.02982421 -0.43419312 -0.32352453  0.21022472  0.27013207]\n [ 0.02982421  4.36272947  1.83342472 -0.0384831  -0.95622198  0.75427473]\n [-0.43419312  1.83342472  6.03229787 -0.83435638 -1.02549409  0.22370852]\n [-0.32352453 -0.0384831  -0.83435638  3.3808041   0.11312146 -0.0439108 ]\n [ 0.21022472 -0.95622198 -1.02549409  0.11312146  2.28927083  0.53026151]\n [ 0.27013207  0.75427473  0.22370852 -0.0439108   0.53026151  1.73056578]]", "nfev": "119", "njev": "17", "status": "0", "success": "True", "message": "Optimization terminated successfully.", "x": "[ 4.18435044 -0.53898781  1.44071406  1.14933398  4.75675665  5.48023453]", "nit": "15", "callback": [0.43834245279081396, 0.42508359121572215, 0.4124372884440337, 0.41123053620159455, 0.4111192356396465, 0.410952805281143, 0.4108830708030634, 0.41087323956252786, 0.4108611620354624, 0.4108590638433478, 0.4108585313451881, 0.41085844217080536, 0.41085841551290914, 0.41085841222177255, 0.410858412038558]}, "6": {"maxiter": 100, "gtol": 1e-10, "xrtol": 1e-10, "eps": 1e-05, "duration": 0.07997584342956543, "fun": "0.4108584120419496", "jac": "[ 1.29651845e-07  2.63788991e-08  3.06421555e-08  1.29474209e-07\n  2.71116463e-08 -1.39199763e-07]", "hess_inv": "[[ 3.00333196 -0.00671825 -0.5515872  -0.61185435  0.30025802  0.30380515]\n [-0.00671825  4.34952872  1.81785044  0.03012205  0.02512054 -0.49340539]\n [-0.5515872   1.81785044  6.34941593 -0.82278132 -0.8638683   0.02272464]\n [-0.61185435  0.03012205 -0.82278132  3.04633422  0.01559122  0.28942392]\n [ 0.30025802  0.02512054 -0.8638683   0.01559122  4.2651453  -1.80807537]\n [ 0.30380515 -0.49340539  0.02272464  0.28942392 -1.80807537  4.3739152 ]]", "nfev": "347", "njev": "48", "status": "2", "success": "False", "message": "Desired error not necessarily achieved due to precision loss.", "x": "[ 4.1843484  -0.53900423  1.4406999   1.14933329  4.75675493  5.48023015]", "nit": "18", "callback": [0.43834321415837096, 0.4250837657550166, 0.4124374454176024, 0.4112305859979586, 0.4111192619121977, 0.4109528081357804, 0.4108831091733428, 0.4108732591009938, 0.41086115713304106, 0.4108590623342441, 0.41085853061825284, 0.4108584418364266, 0.410858415543073, 0.41085841226718967, 0.4108584120516261, 0.41085841204292606, 0.4108584120421228, 0.4108584120419496]}, "7": {"maxiter": 100, "gtol": 1e-10, "xrtol": 1e-10, "eps": 1e-10, "duration": 0.04710197448730469, "fun": "0.4108584120274724", "jac": "[ 0.00000000e+00  0.00000000e+00 -1.11022293e-06  0.00000000e+00\n  1.11022293e-06  1.11022293e-06]", "hess_inv": "[[ 4.81122088  1.88246212  2.26246675 -0.91992539 -0.08943845  1.37123888]\n [ 1.88246212  4.52636528  3.12463059 -1.9281907  -0.888457    1.20920652]\n [ 2.26246675  3.12463059  8.30900414 -4.00132008 -1.24011339  0.86381988]\n [-0.91992539 -1.9281907  -4.00132008  3.53458622  0.47031144 -1.01275219]\n [-0.08943845 -0.888457   -1.24011339  0.47031144  2.25386455  0.47035862]\n [ 1.37123888  1.20920652  0.86381988 -1.01275219  0.47035862  2.0144094 ]]", "nfev": "196", "njev": "28", "status": "0", "success": "True", "message": "Optimization terminated successfully.", "x": "[ 4.18435253 -0.53900017  1.44070248  1.1493353   4.75675999  5.48023278]", "nit": "18", "callback": [0.43834245279081396, 0.42508359121572215, 0.4124372884440337, 0.41123053620159455, 0.4111192356396465, 0.410952805281143, 0.4108830708030634, 0.41087323956252786, 0.4108611620354624, 0.4108590638433478, 0.4108585313451881, 0.41085844217080536, 0.41085841551290914, 0.41085841222177255, 0.410858412038558, 0.41085841203025475, 0.4108584120274724, 0.4108584120274724]}, "8": {"maxiter": 500, "gtol": 1e-05, "xrtol": 1e-05, "eps": 1e-05, "duration": 0.02777695655822754, "fun": "0.41085841226718967", "jac": "[-6.51063647e-06 -5.48732171e-06  3.36942696e-06 -9.27358190e-07\n  2.41956455e-06 -1.42138523e-06]", "hess_inv": "[[ 3.06023768 -0.38952683 -0.24470543 -0.24678795  0.25003627  0.13403864]\n [-0.38952683  3.65485529  1.92461032 -0.01563283 -0.82257705  0.53345497]\n [-0.24470543  1.92461032  6.21742488 -0.67826212 -1.09188803  0.23800821]\n [-0.24678795 -0.01563283 -0.67826212  3.52623283  0.07396161 -0.0484182 ]\n [ 0.25003627 -0.82257705 -1.09188803  0.07396161  2.27731964  0.57534657]\n [ 0.13403864  0.53345497  0.23800821 -0.0484182   0.57534657  1.662795  ]]", "nfev": "112", "njev": "16", "status": "0", "success": "True", "message": "Optimization terminated successfully.", "x": "[ 4.18432334 -0.53902262  1.4407137   1.1493272   4.75676261  5.48022234]", "nit": "14", "callback": [0.43834321415837096, 0.4250837657550166, 0.4124374454176024, 0.4112305859979586, 0.4111192619121977, 0.4109528081357804, 0.4108831091733428, 0.4108732591009938, 0.41086115713304106, 0.4108590623342441, 0.41085853061825284, 0.4108584418364266, 0.410858415543073, 0.41085841226718967]}, "9": {"maxiter": 500, "gtol": 1e-05, "xrtol": 1e-05, "eps": 1e-10, "duration": 0.03083181381225586, "fun": "0.41085841222177255", "jac": "[-6.66133760e-06 -7.77156053e-06  2.22044587e-06 -2.22044587e-06\n  2.22044587e-06 -2.22044587e-06]", "hess_inv": "[[ 3.0082135  -0.36926912 -0.28746865 -0.23527789  0.26409415  0.13995557]\n [-0.36926912  3.65663028  1.95575293 -0.05279923 -0.82621711  0.53945908]\n [-0.28746865  1.95575293  6.14330943 -0.66771333 -1.08143349  0.24599555]\n [-0.23527789 -0.05279923 -0.66771333  3.58436074  0.07426258 -0.0668037 ]\n [ 0.26409415 -0.82621711 -1.08143349  0.07426258  2.27378132  0.57358619]\n [ 0.13995557  0.53945908  0.24599555 -0.0668037   0.57358619  1.66689847]]", "nfev": "112", "njev": "16", "status": "0", "success": "True", "message": "Optimization terminated successfully.", "x": "[ 4.18432859 -0.53902155  1.44071517  1.14932742  4.75676406  5.48022479]", "nit": "14", "callback": [0.43834245279081396, 0.42508359121572215, 0.4124372884440337, 0.41123053620159455, 0.4111192356396465, 0.410952805281143, 0.4108830708030634, 0.41087323956252786, 0.4108611620354624, 0.4108590638433478, 0.4108585313451881, 0.41085844217080536, 0.41085841551290914, 0.41085841222177255]}, "10": {"maxiter": 500, "gtol": 1e-05, "xrtol": 1e-10, "eps": 1e-05, "duration": 0.027684926986694336, "fun": "0.41085841226718967", "jac": "[-6.51063647e-06 -5.48732171e-06  3.36942696e-06 -9.27358190e-07\n  2.41956455e-06 -1.42138523e-06]", "hess_inv": "[[ 3.06023768 -0.38952683 -0.24470543 -0.24678795  0.25003627  0.13403864]\n [-0.38952683  3.65485529  1.92461032 -0.01563283 -0.82257705  0.53345497]\n [-0.24470543  1.92461032  6.21742488 -0.67826212 -1.09188803  0.23800821]\n [-0.24678795 -0.01563283 -0.67826212  3.52623283  0.07396161 -0.0484182 ]\n [ 0.25003627 -0.82257705 -1.09188803  0.07396161  2.27731964  0.57534657]\n [ 0.13403864  0.53345497  0.23800821 -0.0484182   0.57534657  1.662795  ]]", "nfev": "112", "njev": "16", "status": "0", "success": "True", "message": "Optimization terminated successfully.", "x": "[ 4.18432334 -0.53902262  1.4407137   1.1493272   4.75676261  5.48022234]", "nit": "14", "callback": [0.43834321415837096, 0.4250837657550166, 0.4124374454176024, 0.4112305859979586, 0.4111192619121977, 0.4109528081357804, 0.4108831091733428, 0.4108732591009938, 0.41086115713304106, 0.4108590623342441, 0.41085853061825284, 0.4108584418364266, 0.410858415543073, 0.41085841226718967]}, "11": {"maxiter": 500, "gtol": 1e-05, "xrtol": 1e-10, "eps": 1e-10, "duration": 0.027792930603027344, "fun": "0.41085841222177255", "jac": "[-6.66133760e-06 -7.77156053e-06  2.22044587e-06 -2.22044587e-06\n  2.22044587e-06 -2.22044587e-06]", "hess_inv": "[[ 3.0082135  -0.36926912 -0.28746865 -0.23527789  0.26409415  0.13995557]\n [-0.36926912  3.65663028  1.95575293 -0.05279923 -0.82621711  0.53945908]\n [-0.28746865  1.95575293  6.14330943 -0.66771333 -1.08143349  0.24599555]\n [-0.23527789 -0.05279923 -0.66771333  3.58436074  0.07426258 -0.0668037 ]\n [ 0.26409415 -0.82621711 -1.08143349  0.07426258  2.27378132  0.57358619]\n [ 0.13995557  0.53945908  0.24599555 -0.0668037   0.57358619  1.66689847]]", "nfev": "112", "njev": "16", "status": "0", "success": "True", "message": "Optimization terminated successfully.", "x": "[ 4.18432859 -0.53902155  1.44071517  1.14932742  4.75676406  5.48022479]", "nit": "14", "callback": [0.43834245279081396, 0.42508359121572215, 0.4124372884440337, 0.41123053620159455, 0.4111192356396465, 0.410952805281143, 0.4108830708030634, 0.41087323956252786, 0.4108611620354624, 0.4108590638433478, 0.4108585313451881, 0.41085844217080536, 0.41085841551290914, 0.41085841222177255]}, "12": {"maxiter": 500, "gtol": 1e-10, "xrtol": 1e-05, "eps": 1e-05, "duration": 0.02833390235900879, "fun": "0.4108584120516261", "jac": "[-8.71147599e-07  1.20836674e-07 -2.02060590e-09 -6.42830233e-07\n  7.07034431e-07 -3.63054031e-07]", "hess_inv": "[[ 3.20534636 -0.04715444 -0.50923939 -0.33563551  0.22192216  0.24961041]\n [-0.04715444  3.95270296  1.71243633  0.03512937 -0.89513411  0.62111204]\n [-0.50923939  1.71243633  6.36685348 -0.72665317 -1.03560765  0.17679565]\n [-0.33563551  0.03512937 -0.72665317  3.44767242  0.09435351 -0.02470359]\n [ 0.22192216 -0.89513411 -1.03560765  0.09435351  2.28269065  0.55069683]\n [ 0.24961041  0.62111204  0.17679565 -0.02470359  0.55069683  1.68770967]]", "nfev": "119", "njev": "17", "status": "0", "success": "True", "message": "Optimization terminated successfully.", "x": "[ 4.18434517 -0.53900392  1.44070041  1.14933059  4.75675798  5.48022782]", "nit": "15", "callback": [0.43834321415837096, 0.4250837657550166, 0.4124374454176024, 0.4112305859979586, 0.4111192619121977, 0.4109528081357804, 0.4108831091733428, 0.4108732591009938, 0.41086115713304106, 0.4108590623342441, 0.41085853061825284, 0.4108584418364266, 0.410858415543073, 0.41085841226718967, 0.4108584120516261]}, "13": {"maxiter": 500, "gtol": 1e-10, "xrtol": 1e-05, "eps": 1e-10, "duration": 0.028370141983032227, "fun": "0.410858412038558", "jac": "[-1.11022293e-06  3.33066880e-06  1.11022293e-06  1.11022293e-06\n  0.00000000e+00  0.00000000e+00]", "hess_inv": "[[ 3.18825493  0.02982421 -0.43419312 -0.32352453  0.21022472  0.27013207]\n [ 0.02982421  4.36272947  1.83342472 -0.0384831  -0.95622198  0.75427473]\n [-0.43419312  1.83342472  6.03229787 -0.83435638 -1.02549409  0.22370852]\n [-0.32352453 -0.0384831  -0.83435638  3.3808041   0.11312146 -0.0439108 ]\n [ 0.21022472 -0.95622198 -1.02549409  0.11312146  2.28927083  0.53026151]\n [ 0.27013207  0.75427473  