{"date": "2024/09/25/, 19:39:30", "conf_id": 303, "data_type": "var_s_rank\n", "num_data_points": 4, "s_rank": 0, "unitary": "[[-0.53618537-0.34368723j,-0.12107031-0.46226139j,-0.07699282-0.46603512j,0.36022595-0.11472301j],[0.26026499-0.63450712j,-0.56616638+0.37832564j,-0.14988651+0.08458591j,0.10363514-0.16008501j],[-0.32580188-0.11070003j,-0.36476308-0.23593218j,0.02559343+0.41761608j,-0.25598305+0.6725303j],[0.07406738-0.0126433j,0.28513701+0.19483972j,-0.74939717-0.10299659j,0.29798249+0.46269921j]]", "databatch_0": {"databatch": "[[[-1.37313714e-02+0.03007138j,1.73381057e-01-0.21067019j,-5.56862695e-02-0.14605736j,-4.08441884e-01+0.08457767j],[2.61926809e-02+0.00910551j,-1.89560347e-01-0.12824985j,-1.17605070e-01+0.05797956j,1.02719361e-01+0.33446529j],[-2.32706780e-02-0.03166913j,1.18334401e-01+0.30199955j,1.83888917e-01+0.02675652j,1.48690854e-01-0.4730395j],[-2.00974596e-02+0.01338105j,1.88705982e-01-0.06403634j,2.16495642e-02-0.11209434j,-2.86082899e-01-0.10470407j]],[[-1.73549620e-01-0.21629476j,1.57382407e-01-0.45803551j,1.02490540e-02-0.11132258j,-1.60302146e-01+0.43184839j],[-9.04544816e-02-0.0612101j,5.96354550e-03-0.19065358j,-9.08735815e-03-0.04308124j,-1.01071066e-02+0.18113913j],[-8.34188927e-02+0.05561168j,-1.59937354e-01-0.07126206j,-3.97633950e-02-0.00723574j,1.50413811e-01+0.07147965j],[-1.53173466e-01-0.14521942j,7.14655417e-02-0.36163448j,-3.74719837e-03-0.08500626j,-7.63669566e-02+0.34218745j]],[[5.89499578e-01+0.19535208j,-8.14529358e-02-0.05841398j,8.22315089e-03+0.00412423j,1.33344556e-01-0.15882807j],[1.84167257e-01-0.33121255j,-4.42855457e-02+0.04219098j,3.40789339e-03-0.00446107j,-8.00586691e-02-0.09800973j],[-4.86015484e-01-0.05349639j,7.23202237e-02+0.03158548j,-7.00965218e-03-0.00182358j,-7.65587057e-02+0.14421613j],[-7.88768982e-02-0.32298189j,-3.35808728e-03+0.05355618j,-4.65436347e-04-0.00490299j,-1.09955539e-01-0.01536891j]],[[-3.04770631e-01+0.36736742j,-9.49579786e-02+0.29976817j,-3.62659719e-01+0.27631129j,3.14137348e-01+0.2711085j],[-8.37646887e-02-0.0552304j,-6.48161628e-02-0.0129472j,-6.60708323e-02-0.06941937j,-4.94211408e-02+0.07186892j],[5.57546940e-03-0.17357554j,-3.96214517e-02-0.10732452j,4.25312554e-02-0.16033311j,-1.50768164e-01-0.00778392j],[1.17920968e-01-0.2009874j,2.21544435e-02-0.15190272j,1.52979374e-01-0.16167335j,-1.72691471e-01-0.10589258j]]]", "initial param values": "[1.21598693,5.61089217,1.68686439,2.88040004,2.19404887,0.68404101]", "nelder_mead": {"type": "gradient-free", "0": {"maxiter": 100, "fatol": 1e-05, "xatol": 1e-05, "duration": 0.05888009071350098, "fun": "0.31908456422196196", "nit": "100", "nfev": "158", "status": "2", "success": "False", "message": "Maximum number of iterations has been exceeded.", "x": "[-0.46353216  5.0441295   1.87351406  1.03917248  2.68126097  1.67467385]", "final_simplex": "(array([[-0.46353216,  5.0441295 ,  1.87351406,  1.03917248,  2.68126097,\n         1.67467385],\n       [-0.54451336,  4.87442363,  1.80721064,  0.93018022,  2.41770486,\n         1.86993785],\n       [-0.51261041,  4.74778316,  1.89223822,  0.92445829,  2.7031915 ,\n         1.74466385],\n       [-0.40973718,  5.02459325,  1.80397055,  1.00756334,  2.70944248,\n         1.69445215],\n       [-0.51566201,  5.05101147,  1.76083671,  0.99014718,  2.69687313,\n         1.76469071],\n       [-0.41779446,  5.0113374 ,  1.79589172,  1.10108556,  2.69321701,\n         1.70301412],\n       [-0.43812795,  5.03983058,  1.69959157,  0.93886054,  2.57450554,\n         1.8491012 ]]), array([0.31908456, 0.31960164, 0.31990828, 0.32127131, 0.32359934,\n       0.32534636, 0.32631048]))", "callback": [0.5587492036484621, 0.5466511097308847, 0.505707886631667, 0.4555204708677607, 0.36472357233643604, 0.35619465965595176, 0.3408267806956802, 0.33707706821680494, 0.33084592903117704, 0.3270798222974699]}, "1": {"maxiter": 100, "fatol": 1e-05, "xatol": 1e-10, "duration": 0.0551300048828125, "fun": "0.31908456422196196", "nit": "100", "nfev": "158", "status": "2", "success": "False", "message": "Maximum number of iterations has been exceeded.", "x": "[-0.46353216  5.0441295   1.87351406  1.03917248  2.68126097  1.67467385]", "final_simplex": "(array([[-0.46353216,  5.0441295 ,  1.87351406,  1.03917248,  2.68126097,\n         1.67467385],\n       [-0.54451336,  4.87442363,  1.80721064,  0.93018022,  2.41770486,\n         1.86993785],\n       [-0.51261041,  4.74778316,  1.89223822,  0.92445829,  2.7031915 ,\n         1.74466385],\n       [-0.40973718,  5.02459325,  1.80397055,  1.00756334,  2.70944248,\n         1.69445215],\n       [-0.51566201,  5.05101147,  1.76083671,  0.99014718,  2.69687313,\n         1.76469071],\n       [-0.41779446,  5.0113374 ,  1.79589172,  1.10108556,  2.69321701,\n         1.70301412],\n       [-0.43812795,  5.03983058,  1.69959157,  0.93886054,  2.57450554,\n         1.8491012 ]]), array([0.31908456, 0.31960164, 0.31990828, 0.32127131, 0.32359934,\n       0.32534636, 0.32631048]))", "callback": [0.5587492036484621, 0.5466511097308847, 0.505707886631667, 0.4555204708677607, 0.36472357233643604, 0.35619465965595176, 0.3408267806956802, 0.33707706821680494, 0.33084592903117704, 0.3270798222974699]}, "2": {"maxiter": 100, "fatol": 1e-10, "xatol": 1e-05, "duration": 0.05798506736755371, "fun": "0.31908456422196196", "nit": "100", "nfev": "158", "status": "2", "success": "False", "message": "Maximum number of iterations has been exceeded.", "x": "[-0.46353216  5.0441295   1.87351406  1.03917248  2.68126097  1.67467385]", "final_simplex": "(array([[-0.46353216,  5.0441295 ,  1.87351406,  1.03917248,  2.68126097,\n         1.67467385],\n       [-0.54451336,  4.87442363,  1.80721064,  0.93018022,  2.41770486,\n         1.86993785],\n       [-0.51261041,  4.74778316,  1.89223822,  0.92445829,  2.7031915 ,\n         1.74466385],\n       [-0.40973718,  5.02459325,  1.80397055,  1.00756334,  2.70944248,\n         1.69445215],\n       [-0.51566201,  5.05101147,  1.76083671,  0.99014718,  2.69687313,\n         1.76469071],\n       [-0.41779446,  5.0113374 ,  1.79589172,  1.10108556,  2.69321701,\n         1.70301412],\n       [-0.43812795,  5.03983058,  1.69959157,  0.93886054,  2.57450554,\n         1.8491012 ]]), array([0.31908456, 0.31960164, 0.31990828, 0.32127131, 0.32359934,\n       0.32534636, 0.32631048]))", "callback": [0.5587492036484621, 0.5466511097308847, 0.505707886631667, 0.4555204708677607, 0.36472357233643604, 0.35619465965595176, 0.3408267806956802, 0.33707706821680494, 0.33084592903117704, 0.3270798222974699]}, "3": {"maxiter": 100, "fatol": 1e-10, "xatol": 1e-10, "duration": 0.05886197090148926, "fun": "0.31908456422196196", "nit": "100", "nfev": "158", "status": "2", "success": "False", "message": "Maximum number of iterations has been exceeded.", "x": "[-0.46353216  5.0441295   1.87351406  1.03917248  2.68126097  1.67467385]", "final_simplex": "(array([[-0.46353216,  5.0441295 ,  1.87351406,  1.03917248,  2.68126097,\n         1.67467385],\n       [-0.54451336,  4.87442363,  1.80721064,  0.93018022,  2.41770486,\n         1.86993785],\n       [-0.51261041,  4.74778316,  1.89223822,  0.92445829,  2.7031915 ,\n         1.74466385],\n       [-0.40973718,  5.02459325,  1.80397055,  1.00756334,  2.70944248,\n         1.69445215],\n       [-0.51566201,  5.05101147,  1.76083671,  0.99014718,  2.69687313,\n         1.76469071],\n       [-0.41779446,  5.0113374 ,  1.79589172,  1.10108556,  2.69321701,\n         1.70301412],\n       [-0.43812795,  5.03983058,  1.69959157,  0.93886054,  2.57450554,\n         1.8491012 ]]), array([0.31908456, 0.31960164, 0.31990828, 0.32127131, 0.32359934,\n       0.32534636, 0.32631048]))", "callback": [0.5587492036484621, 0.5466511097308847, 0.505707886631667, 0.4555204708677607, 0.36472357233643604, 0.35619465965595176, 0.3408267806956802, 0.33707706821680494, 0.33084592903117704, 0.3270798222974699]}, "4": {"maxiter": 500, "fatol": 1e-05, "xatol": 1e-05, "duration": 0.22458505630493164, "fun": "0.2824052683350572", "nit": "369", "nfev": "587", "status": "0", "success": "True", "message": "Optimization terminated successfully.", "x": "[-0.85826994  4.98172432  1.79401279  0.76027522  3.26464731  0.78793808]", "final_simplex": "(array([[-0.85826994,  4.98172432,  1.79401279,  0.76027522,  3.26464731,\n         0.78793808],\n       [-0.85827209,  4.98171837,  1.79401524,  0.76027389,  3.26463756,\n         0.78793998],\n       [-0.8582726 ,  4.98172507,  1.79401361,  0.76027646,  3.26465247,\n         0.78792956],\n       [-0.85826822,  4.98172567,  1.79401626,  0.76027652,  3.26465007,\n         0.78793119],\n       [-0.85826837,  4.98172334,  1.79401572,  0.76027851,  3.26465097,\n         0.78793055],\n       [-0.85826844,  4.98172817,  1.79401057,  0.76027954,  3.26465155,\n         0.78793282],\n       [-0.85826517,  4.98172399,  1.79401253,  0.76027568,  3.26464609,\n         0.78793586]]), array([0.28240527, 0.28240527, 0.28240527, 0.28240527, 0.28240527,\n       0.28240527, 0.28240527]))", "callback": [0.5587492036484621, 0.5466511097308847, 0.505707886631667, 0.4555204708677607, 0.36472357233643604, 0.35619465965595176, 0.3408267806956802, 0.33707706821680494, 0.33084592903117704, 0.3270798222974699, 0.3121263048653862, 0.30681632524872826, 0.30587899925384987, 0.3055556376267191, 0.30535496491654135, 0.3048548289365307, 0.3028614412114451, 0.29692802118066375, 0.29148191927503986, 0.286679712358916, 0.28524116157761314, 0.28420642084991377, 0.28275718451866727, 0.28251659005227325, 0.28244992420447335, 0.28242506401605405, 0.28241356066463763, 0.28240799182614573, 0.28240596780546756, 0.2824055008052484, 0.28240531231848587, 0.2824052784372548, 0.28240526992632975, 0.28240526887202666, 0.2824052684064039, 0.2824052683593711, 0.2824052683371482]}, "5": {"maxiter": 500, "fatol": 1e-05, "xatol": 1e-10, "duration": 0.3354332447052002, "fun": "0.282405268325132", "nit": "496", "nfev": "860", "status": "0", "success": "True", "message": "Optimization terminated successfully.", "x": "[-0.85826854  4.98172077  1.79402201  0.76027973  3.26463256  0.78794873]", "final_simplex": "(array([[-0.85826854,  4.98172077,  1.79402201,  0.76027973,  3.26463256,\n         0.78794873],\n       [-0.85826854,  4.98172077,  1.79402201,  0.76027973,  3.26463256,\n         0.78794873],\n       [-0.85826854,  4.98172077,  1.79402201,  0.76027973,  3.26463256,\n         0.78794873],\n       [-0.85826854,  4.98172077,  1.79402201,  0.76027973,  3.26463256,\n         0.78794873],\n       [-0.85826854,  4.98172077,  1.79402201,  0.76027973,  3.26463256,\n         0.78794873],\n       [-0.85826854,  4.98172077,  1.79402201,  0.76027973,  3.26463256,\n         0.78794873],\n       [-0.85826854,  4.98172077,  1.79402201,  0.76027973,  3.26463256,\n         0.78794873]]), array([0.28240527, 0.28240527, 0.28240527, 0.28240527, 0.28240527,\n       0.28240527, 0.28240527]))", "callback": [0.5587492036484621, 0.5466511097308847, 0.505707886631667, 0.4555204708677607, 0.36472357233643604, 0.35619465965595176, 0.3408267806956802, 0.33707706821680494, 0.33084592903117704, 0.3270798222974699, 0.3121263048653862, 0.30681632524872826, 0.30587899925384987, 0.3055556376267191, 0.30535496491654135, 0.3048548289365307, 0.3028614412114451, 0.29692802118066375, 0.29148191927503986, 0.286679712358916, 0.28524116157761314, 0.28420642084991377, 0.28275718451866727, 0.28251659005227325, 0.28244992420447335, 0.28242506401605405, 0.28241356066463763, 0.28240799182614573, 0.28240596780546756, 0.2824055008052484, 0.28240531231848587, 0.2824052784372548, 0.28240526992632975, 0.28240526887202666, 0.2824052684064039, 0.2824052683593711, 0.2824052683371482, 0.28240526833450097, 0.28240526833108814, 0.28240526832693313, 0.2824052683256144, 0.2824052683252485, 0.28240526832517676, 0.28240526832514423, 0.2824052683251348, 0.28240526832513246, 0.28240526832513235, 0.28240526832513213, 0.28240526832513213, 0.28240526832513213]}, "6": {"maxiter": 500, "fatol": 1e-10, "xatol": 1e-05, "duration": 0.21739816665649414, "fun": "0.2824052683350572", "nit": "369", "nfev": "587", "status": "0", "success": "True", "message": "Optimization terminated successfully.", "x": "[-0.85826994  4.98172432  1.79401279  0.76027522  3.26464731  0.78793808]", "final_simplex": "(array([[-0.85826994,  4.98172432,  1.79401279,  0.76027522,  3.26464731,\n         0.78793808],\n       [-0.85827209,  4.98171837,  1.79401524,  0.76027389,  3.26463756,\n         0.78793998],\n       [-0.8582726 ,  4.98172507,  1.79401361,  0.76027646,  3.26465247,\n         0.78792956],\n       [-0.85826822,  4.98172567,  1.79401626,  0.76027652,  3.26465007,\n         0.78793119],\n       [-0.85826837,  4.98172334,  1.79401572,  0.76027851,  3.26465097,\n         0.78793055],\n       [-0.85826844,  4.98172817,  1.79401057,  0.76027954,  3.26465155,\n         0.78793282],\n       [-0.85826517,  4.98172399,  1.79401253,  0.76027568,  3.26464609,\n         0.78793586]]), array([0.28240527, 0.28240527, 0.28240527, 0.28240527, 0.28240527,\n       0.28240527, 0.28240527]))", "callback": [0.5587492036484621, 0.5466511097308847, 0.505707886631667, 0.4555204708677607, 0.36472357233643604, 0.35619465965595176, 0.3408267806956802, 0.33707706821680494, 0.33084592903117704, 0.3270798222974699, 0.3121263048653862, 0.30681632524872826, 0.30587899925384987, 0.3055556376267191, 0.30535496491654135, 0.3048548289365307, 0.3028614412114451, 0.29692802118066375, 0.29148191927503986, 0.286679712358916, 0.28524116157761314, 0.28420642084991377, 0.28275718451866727, 0.28251659005227325, 0.28244992420447335, 0.28242506401605405, 0.28241356066463763, 0.28240799182614573, 0.28240596780546756, 0.2824055008052484, 0.28240531231848587, 0.2824052784372548, 0.28240526992632975, 0.28240526887202666, 0.2824052684064039, 0.2824052683593711, 0.2824052683371482]}, "7": {"maxiter": 500, "fatol": 1e-10, "xatol": 1e-10, "duration": 0.30521702766418457, "fun": "0.282405268325132", "nit": "496", "nfev": "860", "status": "0", "success": "True", "message": "Optimization terminated successfully.", "x": "[-0.85826854  4.98172077  1.79402201  0.76027973  3.26463256  0.78794873]", "final_simplex": "(array([[-0.85826854,  4.98172077,  1.79402201,  0.76027973,  3.26463256,\n         0.78794873],\n       [-0.85826854,  4.98172077,  1.79402201,  0.76027973,  3.26463256,\n         0.78794873],\n       [-0.85826854,  4.98172077,  1.79402201,  0.76027973,  3.26463256,\n         0.78794873],\n       [-0.85826854,  4.98172077,  1.79402201,  0.76027973,  3.26463256,\n         0.78794873],\n       [-0.85826854,  4.98172077,  1.79402201,  0.76027973,  3.26463256,\n         0.78794873],\n       [-0.85826854,  4.98172077,  1.79402201,  0.76027973,  3.26463256,\n         0.78794873],\n       [-0.85826854,  4.98172077,  1.79402201,  0.76027973,  3.26463256,\n         0.78794873]]), array([0.28240527, 0.28240527, 0.28240527, 0.28240527, 0.28240527,\n       0.28240527, 0.28240527]))", "callback": [0.5587492036484621, 0.5466511097308847, 0.505707886631667, 0.4555204708677607, 0.36472357233643604, 0.35619465965595176, 0.3408267806956802, 0.33707706821680494, 0.33084592903117704, 0.3270798222974699, 0.3121263048653862, 0.30681632524872826, 0.30587899925384987, 0.3055556376267191, 0.30535496491654135, 0.3048548289365307, 0.3028614412114451, 0.29692802118066375, 0.29148191927503986, 0.286679712358916, 0.28524116157761314, 0.28420642084991377, 0.28275718451866727, 0.28251659005227325, 0.28244992420447335, 0.28242506401605405, 0.28241356066463763, 0.28240799182614573, 0.28240596780546756, 0.2824055008052484, 0.28240531231848587, 0.2824052784372548, 0.28240526992632975, 0.28240526887202666, 0.2824052684064039, 0.2824052683593711, 0.2824052683371482, 0.28240526833450097, 0.28240526833108814, 0.28240526832693313, 0.2824052683256144, 0.2824052683252485, 0.28240526832517676, 0.28240526832514423, 0.2824052683251348, 0.28240526832513246, 0.28240526832513235, 0.28240526832513213, 0.28240526832513213, 0.28240526832513213]}, "8": {"maxiter": 1000, "fatol": 1e-05, "xatol": 1e-05, "duration": 0.2176361083984375, "fun": "0.2824052683350572", "nit": "369", "nfev": "587", "status": "0", "success": "True", "message": "Optimization terminated successfully.", "x": "[-0.85826994  4.98172432  1.79401279  0.76027522  3.26464731  0.78793808]", "final_simplex": "(array([[-0.85826994,  4.98172432,  1.79401279,  0.76027522,  3.26464731,\n         0.78793808],\n       [-0.85827209,  4.98171837,  1.79401524,  0.76027389,  3.26463756,\n         0.78793998],\n       [-0.8582726 ,  4.98172507,  1.79401361,  0.76027646,  3.26465247,\n         0.78792956],\n       [-0.85826822,  4.98172567,  1.79401626,  0.76027652,  3.26465007,\n         0.78793119],\n       [-0.85826837,  4.98172334,  1.79401572,  0.76027851,  3.26465097,\n         0.78793055],\n       [-0.85826844,  4.98172817,  1.79401057,  0.76027954,  3.26465155,\n         0.78793282],\n       [-0.85826517,  4.98172399,  1.79401253,  0.76027568,  3.26464609,\n         0.78793586]]), array([0.28240527, 0.28240527, 0.28240527, 0.28240527, 0.28240527,\n       0.28240527, 0.28240527]))", "callback": [0.5587492036484621, 0.5466511097308847, 0.505707886631667, 0.4555204708677607, 0.36472357233643604, 0.35619465965595176, 0.3408267806956802, 0.33707706821680494, 0.33084592903117704, 0.3270798222974699, 0.3121263048653862, 0.30681632524872826, 0.30587899925384987, 0.3055556376267191, 0.30535496491654135, 0.3048548289365307, 0.3028614412114451, 0.29692802118066375, 0.29148191927503986, 0.286679712358916, 0.28524116157761314, 0.28420642084991377, 0.28275718451866727, 0.28251659005227325, 0.28244992420447335, 0.28242506401605405, 0.28241356066463763, 0.28240799182614573, 0.28240596780546756, 0.2824055008052484, 0.28240531231848587, 0.2824052784372548, 0.28240526992632975, 0.28240526887202666, 0.2824052684064039, 0.2824052683593711, 0.2824052683371482]}, "9": {"maxiter": 1000, "fatol": 1e-05, "xatol": 1e-10, "duration": 0.32509493827819824, "fun": "0.282405268325132", "nit": "496", "nfev": "860", "status": "0", "success": "True", "message": "Optimization terminated successfully.", "x": "[-0.85826854  4.98172077  1.79402201  0.76027973  3.26463256  0.78794873]", "final_simplex": "(array([[-0.85826854,  4.98172077,  1.79402201,  0.76027973,  3.26463256,\n         0.78794873],\n       [-0.85826854,  4.98172077,  1.79402201,  0.76027973,  3.26463256,\n         0.78794873],\n       [-0.85826854,  4.98172077,  1.79402201,  0.76027973,  3.26463256,\n         0.78794873],\n       [-0.85826854,  4.98172077,  1.79402201,  0.76027973,  3.26463256,\n         0.78794873],\n       [-0.85826854,  4.98172077,  1.79402201,  0.76027973,  3.26463256,\n         0.78794873],\n       [-0.85826854,  4.98172077,  1.79402201,  0.76027973,  3.26463256,\n         0.78794873],\n       [-0.85826854,  4.98172077,  1.79402201,  0.76027973,  3.26463256,\n         0.78794873]]), array([0.28240527, 0.28240527, 0.28240527, 0.28240527, 0.28240527,\n       0.28240527, 0.28240527]))", "callback": [0.5587492036484621, 0.5466511097308847, 0.505707886631667, 0.4555204708677607, 0.36472357233643604, 0.35619465965595176, 0.3408267806956802, 0.33707706821680494, 0.33084592903117704, 0.3270798222974699, 0.3121263048653862, 0.30681632524872826, 0.30587899925384987, 0.3055556376267191, 0.30535496491654135, 0.3048548289365307, 0.3028614412114451, 0.29692802118066375, 0.29148191927503986, 0.286679712358916, 0.28524116157761314, 0.28420642084991377, 0.28275718451866727, 0.28251659005227325, 0.28244992420447335, 0.28242506401605405, 0.28241356066463763, 0.28240799182614573, 0.28240596780546756, 0.2824055008052484, 0.28240531231848587, 0.2824052784372548, 0.28240526992632975, 0.28240526887202666, 0.2824052684064039, 0.2824052683593711, 0.2824052683371482, 0.28240526833450097, 0.28240526833108814, 0.28240526832693313, 0.2824052683256144, 0.2824052683252485, 0.28240526832517676, 0.28240526832514423, 0.2824052683251348, 0.28240526832513246, 0.28240526832513235, 0.28240526832513213, 0.28240526832513213, 0.28240526832513213]}, "10": {"maxiter": 1000, "fatol": 1e-10, "xatol": 1e-05, "duration": 0.2436051368713379, "fun": "0.2824052683350572", "nit": "369", "nfev": "587", "status": "0", "success": "True", "message": "Optimization terminated successfully.", "x": "[-0.85826994  4.98172432  1.79401279  0.76027522  3.26464731  0.78793808]", "final_simplex": "(array([[-0.85826994,  4.98172432,  1.79401279,  0.76027522,  3.26464731,\n         0.78793808],\n       [-0.85827209,  4.98171837,  1.79401524,  0.76027389,  3.26463756,\n         0.78793998],\n       [-0.8582726 ,  4.98172507,  1.79401361,  0.76027646,  3.26465247,\n         0.78792956],\n       [-0.85826822,  4.98172567,  1.79401626,  0.76027652,  3.26465007,\n         0.78793119],\n       [-0.85826837,  4.98172334,  1.79401572,  0.76027851,  3.26465097,\n         0.78793055],\n       [-0.85826844,  4.98172817,  1.79401057,  0.76027954,  3.26465155,\n         0.78793282],\n       [-0.85826517,  4.98172399,  1.79401253,  0.76027568,  3.26464609,\n         0.78793586]]), array([0.28240527, 0.28240527, 0.28240527, 0.28240527, 0.28240527,\n       0.28240527, 0.28240527]))", "callback": [0.5587492036484621, 0.5466511097308847, 0.505707886631667, 0.4555204708677607, 0.36472357233643604, 0.35619465965595176, 0.3408267806956802, 0.33707706821680494, 0.33084592903117704, 0.3270798222974699, 0.3121263048653862, 0.30681632524872826, 0.30587899925384987, 0.3055556376267191, 0.30535496491654135, 0.3048548289365307, 0.3028614412114451, 0.29692802118066375, 0.29148191927503986, 0.286679712358916, 0.28524116157761314, 0.28420642084991377, 0.28275718451866727, 0.28251659005227325, 0.28244992420447335, 0.28242506401605405, 0.28241356066463763, 0.28240799182614573, 0.28240596780546756, 0.2824055008052484, 0.28240531231848587, 0.2824052784372548, 0.28240526992632975, 0.28240526887202666, 0.2824052684064039, 0.2824052683593711, 0.2824052683371482]}, "11": {"maxiter": 1000, "fatol": 1e-10, "xatol": 1e-10, "duration": 0.28234386444091797, "fun": "0.282405268325132", "nit": "496", "nfev": "860", "status": "0", "success": "True", "message": "Optimization terminated successfully.", "x": "[-0.85826854  4.98172077  1.79402201  0.76027973  3.26463256  0.78794873]", "final_simplex": "(array([[-0.85826854,  4.98172077,  1.79402201,  0.76027973,  3.26463256,\n         0.78794873],\n       [-0.85826854,  4.98172077,  1.79402201,  0.76027973,  3.26463256,\n         0.78794873],\n       [-0.85826854,  4.98172077,  1.79402201,  0.76027973,  3.26463256,\n         0.78794873],\n       [-0.85826854,  4.98172077,  1.79402201,  0.76027973,  3.26463256,\n         0.78794873],\n       [-0.85826854,  4.98172077,  1.79402201,  0.76027973,  3.26463256,\n         0.78794873],\n       [-0.85826854,  4.98172077,  1.79402201,  0.76027973,  3.26463256,\n         0.78794873],\n       [-0.85826854,  4.98172077,  1.79402201,  0.76027973,  3.26463256,\n         0.78794873]]), array([0.28240527, 0.28240527, 0.28240527, 0.28240527, 0.28240527,\n       0.28240527, 0.28240527]))", "callback": [0.5587492036484621, 0.5466511097308847, 0.505707886631667, 0.4555204708677607, 0.36472357233643604, 0.35619465965595176, 0.3408267806956802, 0.33707706821680494, 0.33084592903117704, 0.3270798222974699, 0.3121263048653862, 0.30681632524872826, 0.30587899925384987, 0.3055556376267191, 0.30535496491654135, 0.3048548289365307, 0.3028614412114451, 0.29692802118066375, 0.29148191927503986, 0.286679712358916, 0.28524116157761314, 0.28420642084991377, 0.28275718451866727, 0.28251659005227325, 0.28244992420447335, 0.28242506401605405, 0.28241356066463763, 0.28240799182614573, 0.28240596780546756, 0.2824055008052484, 0.28240531231848587, 0.2824052784372548, 0.28240526992632975, 0.28240526887202666, 0.2824052684064039, 0.2824052683593711, 0.2824052683371482, 0.28240526833450097, 0.28240526833108814, 0.28240526832693313, 0.2824052683256144, 0.2824052683252485, 0.28240526832517676, 0.28240526832514423, 0.2824052683251348, 0.28240526832513246, 0.28240526832513235, 0.28240526832513213, 0.28240526832513213, 0.28240526832513213]}}, "bfgs": {"type": "gradient", "0": {"maxiter": 100, "gtol": 1e-05, "xrtol": 1e-05, "eps": 1e-05, "duration": 0.0942678451538086, "fun": "0.28240526873741456", "jac": "[ 7.72271136e-08 -7.82907073e-07  1.72153403e-06 -1.17045817e-05\n  6.13440410e-06  5.04887243e-06]", "hess_inv": "[[  5.74433396  -0.24665659   1.0281864   -0.27760474  -4.44387463\n    5.39224334]\n [ -0.24665659   6.56418128  -4.29875945  -0.43469436   3.79806261\n   -2.96200277]\n [  1.0281864   -4.29875945   7.8395639   -1.06084424  -4.96606887\n    2.84171245]\n [ -0.27760474  -0.43469436  -1.06084424   2.36603861   0.4753039\n    0.42896995]\n [ -4.44387463   3.79806261  -4.96606887   0.4753039   19.24693373\n  -18.34190885]\n [  5.39224334  -2.96200277   2.84171245   0.42896995 -18.34190885\n   21.65024278]]", "nfev": "280", "njev": "40", "status": "0", "success": "True", "message": "Optimization terminated successfully.", "x": "[5.42492182 4.98171759 1.79405243 5.52284891 0.1230583  3.92953395]", "nit": "33", "callback": [0.553596062518475, 0.5168925670803495, 0.5148219789124406, 0.5111728710366483, 0.5053435801508507, 0.49694107924563236, 0.43406700477602445, 0.4318364234201836, 0.4284725372983431, 0.4256001680791366, 0.4216985475175389, 0.40431390241528464, 0.39821820811093944, 0.3884327822478726, 0.376219124003769, 0.3620910541419977, 0.3356558368891237, 0.31669131639967096, 0.3078044610237952, 0.30236783489190866, 0.30000043244674823, 0.29590426838480843, 0.28918958855019905, 0.2827645378079673, 0.282414066128703, 0.2824054988758664, 0.2824053665740536, 0.2824053364022684, 0.2824052928026176, 0.28240527575848606, 0.2824052729018154, 0.28240527002154503, 0.28240526873741456]}, "1": {"maxiter": 100, "gtol": 1e-05, "xrtol": 1e-05, "eps": 1e-10, "duration": 0.10083389282226562, "fun": "0.2824052690511474", "jac": "[ 1.11022293e-06 -6.66133760e-06  0.00000000e+00 -1.55431211e-05\n  7.77156161e-06  4.44089173e-06]", "hess_inv": "[[  5.62564992  -0.0538465    1.3478005   -0.49747632  -4.0622812\n    4.66908017]\n [ -0.0538465    6.11338228  -3.96642092  -0.9277909    4.08617588\n   -3.20676215]\n [  1.3478005   -3.96642092   7.40782182  -0.69394493  -5.65154543\n    3.96784325]\n [ -0.49747632  -0.9277909   -0.69394493   2.23759632   0.44086977\n    0.17674527]\n [ -4.0622812    4.08617588  -5.65154543   0.44086977  18.84669234\n  -16.85011327]\n [  4.66908017  -3.20676215   3.96784325   0.17674527 -16.85011327\n   18.46350803]]", "nfev": "280", "njev": "40", "status": "0", "success": "True", "message": "Optimization terminated successfully.", "x": "[5.4249251  4.98170021 1.79406844 5.52283461 0.12306749 3.92952766]", "nit": "33", "callback": [0.5535959839557181, 0.5168924025465395, 0.514821730361134, 0.5111724036295549, 0.5053431646989819, 0.49694176289193115, 0.4340679856403189, 0.4318404480467579, 0.4284791661100045, 0.42560242836137896, 0.4217097762646298, 0.4043089646069167, 0.39821520126817966, 0.38842863393073024, 0.37620722103912085, 0.3620688932526216, 0.3356185188631706, 0.3167113621953912, 0.3076995619389954, 0.3023552490989859, 0.2999817989131306, 0.29587610276132925, 0.28915423570635124, 0.28276508188096505, 0.28241407048763656, 0.28240550343004656, 0.28240536456048204, 0.28240532911938576, 0.28240528365092754, 0.2824052749654973, 0.28240527269680527, 0.2824052705432174, 0.2824052690511474]}, "2": {"maxiter": 100, "gtol": 1e-05, "xrtol": 1e-10, "eps": 1e-05, "duration": 0.08956170082092285, "fun": "0.28240526836026625", "jac": "[-1.49885659e-06  1.07207576e-06  7.51398943e-07 -1.99640304e-06\n  2.35784725e-06  2.43978171e-06]", "hess_inv": "[[  5.78788037  -0.06885668   1.28925819  -0.95461173  -4.09668056\n    5.36050707]\n [ -0.06885668   6.1901876   -4.25199984  -0.04680021   3.38307474\n   -2.91741578]\n [  1.28925819  -4.25199984   8.46038529  -2.1989774   -4.58259139\n    2.81282493]\n [ -0.95461173  -0.04680021  -2.1989774    3.85836121   0.32915041\n    0.42326173]\n [ -4.09668056   3.38307474  -4.58259139   0.32915041  18.96191575\n  -18.3047703 ]\n [  5.36050707  -2.91741578   2.81282493   0.42326173 -18.3047703\n   21.64579446]]", "nfev": "287", "njev": "41", "status": "0", "success": "True", "message": "Optimization terminated successfully.", "x": "[5.42490599 4.98172319 1.79402261 5.52289373 0.12304911 3.92953436]", "nit": "34", "callback": [0.553596062518475, 0.5168925670803495, 0.5148219789124406, 0.5111728710366483, 0.5053435801508507, 0.49694107924563236, 0.43406700477602445, 0.4318364234201836, 0.4284725372983431, 0.4256001680791366, 0.4216985475175389, 0.40431390241528464, 0.39821820811093944, 0.3884327822478726, 0.376219124003769, 0.3620910541419977, 0.3356558368891237, 0.31669131639967096, 0.3078044610237952, 0.30236783489190866, 0.30000043244674823, 0.29590426838480843, 0.28918958855019905, 0.2827645378079673, 0.282414066128703, 0.2824054988758664, 0.2824053665740536, 0.2824053364022684, 0.2824052928026176, 0.28240527575848606, 0.2824052729018154, 0.28240527002154503, 0.28240526873741456, 0.28240526836026625]}, "3": {"maxiter": 100, "gtol": 1e-05, "xrtol": 1e-10, "eps": 1e-10, "duration": 0.09331297874450684, "fun": "0.28240526840581004", "jac": "[-3.33066880e-06  2.22044587e-06  1.11022293e-06 -2.22044587e-06\n -3.33066926e-06  1.11022293e-06]", "hess_inv": "[[  5.60048447  -0.14625851   1.36261817  -0.72551108  -3.40100403\n    4.19517789]\n [ -0.14625851   6.29853022  -4.2615608   -0.39579911   3.49234362\n   -2.74568714]\n [  1.36261817  -4.2615608    7.63205601  -1.47229407  -4.02679886\n    2.77981001]\n [ -0.72551108  -0.39579911  -1.47229407   3.746465    -1.45731973\n    1.62977905]\n [ -3.40100403   3.49234362  -4.02679886  -1.45731973  18.88377812\n  -17.08128044]\n [  4.19517789  -2.74568714   2.77981001   1.62977905 -17.08128044\n   18.7781956 ]]", "nfev": "287", "njev": "41", "status": "0", "success": "True", "message": "Optimization terminated successfully.", "x": "[5.42491444 4.98172123 1.7940346  5.5228951  0.12300098 3.9295794 ]", "nit": "34", "callback": [0.5535959839557181, 0.5168924025465395, 0.514821730361134, 0.5111724036295549, 0.5053431646989819, 0.49694176289193115, 0.4340679856403189, 0.4318404480467579, 0.4284791661100045, 0.42560242836137896, 0.4217097762646298, 0.4043089646069167, 0.39821520126817966, 0.38842863393073024, 0.37620722103912085, 0.3620688932526216, 0.3356185188631706, 0.3167113621953912, 0.3076995619389954, 0.3023552490989859, 0.2999817989131306, 0.29587610276132925, 0.28915423570635124, 0.28276508188096505, 0.28241407048763656, 0.28240550343004656, 0.28240536456048204, 0.28240532911938576, 0.28240528365092754, 0.2824052749654973, 0.28240527269680527, 0.2824052705432174, 0.2824052690511474, 0.28240526840581004]}, "4": {"maxiter": 100, "gtol": 1e-10, "xrtol": 1e-05, "eps": 1e-05, "duration": 0.09071087837219238, "fun": "0.28240526873741456", "jac": "[ 7.72271136e-08 -7.82907073e-07  1.72153403e-06 -1.17045817e-05\n  6.13440410e-06  5.04887243e-06]", "hess_inv": "[[  5.74433396  -0.24665659   1.0281864   -0.27760474  -4.44387463\n    5.39224334]\n [ -0.24665659   6.56418128  -4.29875945  -0.43469436   3.79806261\n   -2.96200277]\n [  1.0281864   -4.29875945   7.8395639   -1.06084424  -4.96606887\n    2.84171245]\n [ -0.27760474  -0.43469436  -1.06084424   2.36603861   0.4753039\n    0.42896995]\n [ -4.44387463   3.79806261  -4.96606887   0.4753039   19.24693373\n  -18.34190885]\n [  5.39224334  -2.96200277   2.84171245   0.42896995 -18.34190885\n   21.65024278]]", "nfev": "280", "njev": "40", "status": "0", "success": "True", "message": "Optimization terminated successfully.", "x": "[5.42492182 4.98171759 1.79405243 5.52284891 0.1230583  3.92953395]", "nit": "33", "callback": [0.553596062518475, 0.5168925670803495, 0.5148219789124406, 0.5111728710366483, 0.5053435801508507, 0.49694107924563236, 0.43406700477602445, 0.4318364234201836, 0.4284725372983431, 0.4256001680791366, 0.4216985475175389, 0.40431390241528464, 0.39821820811093944, 0.3884327822478726, 0.376219124003769, 0.3620910541419977, 0.3356558368891237, 0.31669131639967096, 0.3078044610237952, 0.30236783489190866, 0.30000043244674823, 0.29590426838480843, 0.28918958855019905, 0.2827645378079673, 0.282414066128703, 0.2824054988758664, 0.2824053665740536, 0.2824053364022684, 0.2824052928026176, 0.28240527575848606, 0.2824052729018154, 0.28240527002154503, 0.28240526873741456]}, "5": {"maxiter": 100, "gtol": 1e-10, "xrtol": 1e-05, "eps": 1e-10, "duration": 0.10208487510681152, "fun": "0.2824052690511474", "jac": "[ 1.11022293e-06 -6.66133760e-06  0.00000000e+00 -1.55431211e-05\n  7.77156161e-06  4.44089173e-06]", "hess_inv": "[[  5.62564992  -0.0538465    1.3478005   -0.49747632  -4.0622812\n    4.66908017]\n [ -0.0538465    6.11338228  -3.96642092  -0.9277909    4.08617588\n   -3.20676215]\n [  1.3478005   -3.96642092   7.40782182  -0.69394493  -5.65154543\n    3.96784325]\n [ -0.49747632  -0.9277909   -0.69394493   2.23759632   0.44086977\n    0.17674527]\n [ -4.0622812    4.08617588  -5.65154543   0.44086977  18.84669234\n  -16.85011327]\n [  4.66908017  -3.20676215   3.96784325   0.17674527 -16.85011327\n   18.46350803]]", "nfev": "280", "njev": "40", "status": "0", "success": "True", "message": "Optimization terminated successfully.", "x": "[5.4249251  4.98170021 1.79406844 5.52283461 0.12306749 3.92952766]", "nit": "33", "callback": [0.5535959839557181, 0.5168924025465395, 0.514821730361134, 0.5111724036295549, 0.5053431646989819, 0.49694176289193115, 0.4340679856403189, 0.4318404480467579, 0.4284791661100045, 0.42560242836137896, 0.4217097762646298, 0.4043089646069167, 0.39821520126817966, 0.38842863393073024, 0.37620722103912085, 0.3620688932526216, 0.3356185188631706, 0.3167113621953912, 0.3076995619389954, 0.3023552490989859, 0.2999817989131306, 0.29587610276132925, 0.28915423570635124, 0.28276508188096505, 0.28241407048763656, 0.28240550343004656, 0.28240536456048204, 0.28240532911938576, 0.28240528365092754, 0.2824052749654973, 0.28240527269680527, 0.2824052705432174, 0.2824052690511474]}, "6": {"maxiter": 100, "gtol": 1e-10, "xrtol": 1e-10, "eps": 1e-05, "duration": 0.19491887092590332, "fun": "0.282405268337803", "jac": "[-2.48590037e-07  1.81710202e-07  7.81597009e-08 -9.12603326e-09\n  2.21667129e-07  2.64377409e-07]", "hess_inv": "[[  5.8839244   -0.19253957   1.2115665   -0.66664352  -4.31162526\n    5.33898119]\n [ -0.19253957   6.37203161  -4.15289393  -0.44453306   3.6824246\n   -2.89785771]\n [  1.2115665   -4.15289393   8.33550363  -2.10661373  -4.53912423\n    2.79372243]\n [ -0.66664352  -0.44453306  -2.10661373   4.19412113  -0.11867021\n    0.43208321]\n [ -4.31162526   3.6824246   -4.53912423  -0.11867021  19.37622423\n  -18.29016359]\n [  5.33898119  -2.89785771   2.79372243   0.43208321 -18.29016359\n   21.64633112]]", "nfev": "508", "njev": "71", "status": "2", "success": "False", "message": "Desired error not necessarily achieved due to precision loss.", "x": "[5.42490877 4.98171756 1.79402139 5.52290288 0.12304149 3.92953466]", "nit": "37", "callback": [0.553596062518475, 0.5168925670803495, 0.5148219789124406, 0.5111728710366483, 0.5053435801508507, 0.49694107924563236, 0.43406700477602445, 0.4318364234201836, 0.4284725372983431, 0.4256001680791366, 0.4216985475175389, 0.40431390241528464, 0.39821820811093944, 0.3884327822478726, 0.376219124003769, 0.3620910541419977, 0.3356558368891237, 0.31669131639967096, 0.3078044610237952, 0.30236783489190866, 0.30000043244674823, 0.29590426838480843, 0.28918958855019905, 0.2827645378079673, 0.282414066128703, 0.2824054988758664, 0.2824053665740536, 0.2824053364022684, 0.2824052928026176, 0.28240527575848606, 0.2824052729018154, 0.28240527002154503, 0.28240526873741456, 0.28240526836026625, 0.2824052683378566, 0.2824052683378039, 0.282405268337803]}, "7": {"maxiter": 100, "gtol": 1e-10, "xrtol": 1e-10, "eps": 1e-10, "duration": 0.14473390579223633, "fun": "0.28240526832723645", "jac": "[0.00000000e+00 0.00000000e+00 0.00000000e+00 0.00000000e+00\n 1.11022309e-06 0.00000000e+00]", "hess_inv": "[[ 2.7935431  -0.4247056   1.03523772 -1.31562546 -2.06115992  0.59387978]\n [-0.4247056   0.0743159  -0.15125519  0.21887947  0.30889166 -0.09723197]\n [ 1.03523772 -0.15125519  0.39840137 -0.46917242 -0.7743988   0.21435736]\n [-1.31562546  0.21887947 -0.46917242  0.6843712   0.96837308 -0.29477852]\n [-2.06115992  0.30889166 -0.7743988   0.96837308  1.53808435 -0.43276105]\n [ 0.59387978 -0.09723197  0.21435736 -0.29477852 -0.43276105  0.13541632]]", "nfev": "455", "njev": "65", "status": "0", "success": "True", "message": "Optimization terminated successfully.", "x": "[5.42491617 4.98172413 1.79401953 5.52290655 0.12304439 3.92953473]", "nit": "44", "callback": [0.5535959839557181, 0.5168924025465395, 0.514821730361134, 0.5111724036295549, 0.5053431646989819, 0.49694176289193115, 0.4340679856403189, 0.4318404480467579, 0.4284791661100045, 0.42560242836137896, 0.4217097762646298, 0.4043089646069167, 0.39821520126817966, 0.38842863393073024, 0.37620722103912085, 0.3620688932526216, 0.3356185188631706, 0.3167113621953912, 0.3076995619389954, 0.3023552490989859, 0.2999817989131306, 0.29587610276132925, 0.28915423570635124, 0.28276508188096505, 0.28241407048763656, 0.28240550343004656, 0.28240536456048204, 0.28240532911938576, 0.28240528365092754, 0.2824052749654973, 0.28240527269680527, 0.2824052705432174, 0.2824052690511474, 0.28240526840581004, 0.28240526833135693, 0.2824052683291636, 0.2824052683290337, 0.2824052683290216, 0.2824052683290178, 0.28240526832900503, 0.282405268328926, 0.2824052683288457, 0.28240526832723645, 0.28240526832723645]}, "8": {"maxiter": 500, "gtol": 1e-05, "xrtol": 1e-05, "eps": 1e-05, "duration": 0.085906982421875, "fun": "0.28240526873741456", "jac": "[ 7.72271136e-08 -7.82907073e-07  1.72153403e-06 -1.17045817e-05\n  6.13440410e-06  5.04887243e-06]", "hess_inv": "[[  5.74433396  -0.24665659   1.0281864   -0.27760474  -4.44387463\n    5.39224334]\n [ -0.24665659   6.56418128  -4.29875945  -0.43469436   3.79806261\n   -2.96200277]\n [  1.0281864   -4.29875945   7.8395639   -1.06084424  -4.96606887\n    2.84171245]\n [ -0.27760474  -0.43469436  -1.06084424   2.36603861   0.4753039\n    0.42896995]\n [ -4.44387463   3.79806261  -4.96606887   0.4753039   19.24693373\n  -18.34190885]\n [  5.39224334  -2.96200277   2.84171245   0.42896995 -18.34190885\n   21.65024278]]", "nfev": "280", "njev": "40", "status": "0", "success": "True", "message": "Optimization terminated successfully.", "x": "[5.42492182 4.98171759 1.79405243 5.52284891 0.1230583  3.92953395]", "nit": "33", "callback": [0.553596062518475, 0.5168925670803495, 0.5148219789124406, 0.5111728710366483, 0.5053435801508507, 0.49694107924563236, 0.43406700477602445, 0.4318364234201836, 0.4284725372983431, 0.4256001680791366, 0.4216985475175389, 0.40431390241528464, 0.39821820811093944, 0.3884327822478726, 0.376219124003769, 0.3620910541419977, 0.3356558368891237, 0.31669131639967096, 0.3078044610237952, 0.30236783489190866, 0.30000043244674823, 0.29590426838480843, 0.28918958855019905, 0.2827645378079673, 0.282414066128703, 0.2824054988758664, 0.2824053665740536, 0.2824053364022684, 0.2824052928026176, 0.28240527575848606, 0.2824052729018154, 0.28240527002154503, 0.28240526873741456]}, "9": {"maxiter": 500, "gtol": 1e-05, "xrtol": 1e-05, "eps": 1e-10, "duration": 0.08743095397949219, "fun": "0.2824052690511474", "jac": "[ 1.11022293e-06 -6.66133760e-06  0.00000000e+00 -1.55431211e-05\n  7.77156161e-06  4.44089173e-06]", "hess_inv": "[[  5.62564992  -0.0538465    1.3478005   -0.49747632  -4.0622812\n    4.66908017]\n [ -0.0538465    6.11338228  -3.96642092  -0.9277909    4.08617588\n   -3.20676215]\n [  1.3478005   -3.96642092   7.40782182  -0.69394493  -5.65154543\n    3.96784325]\n [ -0.49747632  -0.9277909   -0.69394493   2.23759632   0.44086977\n    0.17674527]\n [ -4.0622812    4.08617588  -5.65154543   0.44086977  18.84669234\n  -16.85011327]\n [  4.66908017  -3.20676215   3.96784325   0.17674