{"date": "2024/09/25/, 19:18:30", "conf_id": 300, "data_type": "var_s_rank\n", "num_data_points": 4, "s_rank": 0, "unitary": "[[-0.45070455-0.02711853j,0.78437395-0.06613086j,0.06358678+0.19963393j,-0.07343613+0.35668523j],[-0.01890143-0.03813363j,0.32408202+0.25557629j,0.05872864-0.68979805j,0.55466693-0.20227297j],[-0.11215405+0.64023111j,-0.13344055+0.29565494j,-0.49012687-0.19046288j,-0.04241254+0.44046348j],[0.55771659+0.24656916j,0.31851997-0.05798805j,0.28761525-0.34294258j,-0.56718418+0.03616933j]]", "databatch_0": {"databatch": "[[[0.08212012+0.08721476j,-0.02667574-0.02577717j,-0.17325213+0.0175177j,0.02807491+0.26436999j],[-0.10741013-0.15772405j,0.03552875+0.04721746j,0.27694542+0.01571747j,0.02186896-0.42293411j],[-0.24238991+0.03619293j,0.07444688-0.01473713j,0.17277401-0.31155653j,-0.47698118-0.26138182j],[0.07479509+0.08071136j,-0.02431494-0.02387258j,-0.15926978+0.01482584j,0.02385786+0.24304378j]],[[0.10844716-0.1261475j,-0.08445031+0.04895868j,0.14732899-0.05973984j,0.07610302+0.14032543j],[0.04172893+0.34293494j,0.04309736-0.19808121j,-0.1145688+0.30963292j,-0.32179224-0.07966341j],[-0.00141833-0.25111339j,-0.04770337+0.13941817j,0.10864977-0.2139812j,0.22568343+0.08446404j],[0.14214681+0.29040219j,-0.02268905-0.18836273j,-0.00626629+0.30892793j,-0.30896574+0.02832753j]],[[-0.20963171+0.39830073j,0.02386214-0.24656858j,-0.15239982-0.02115048j,-0.15279128-0.43972001j],[0.11821743-0.16536601j,-0.0257934+0.10886311j,0.06689396+0.01880687j,0.04140785+0.20611797j],[0.12211448+0.2240502j,-0.10886538-0.08871693j,-0.05785552+0.06527683j,-0.25551096-0.06602581j],[-0.25182787-0.1710677j,0.16391667+0.03471483j,0.02575936-0.10082918j,0.30711874-0.06938736j]],[[0.01563995-0.00438421j,-0.17384857+0.1159304j,0.11897207+0.11938444j,-0.12886614-0.11986406j],[0.02277373+0.00051297j,-0.28061897+0.08444368j,0.11079199+0.20879813j,-0.12386895-0.21348678j],[0.02673352-0.00095423j,-0.32321186+0.11816467j,0.1441479+0.23721388j,-0.15979876-0.2418173j],[-0.00278304-0.03236889j,0.1629836+0.38486057j,0.27896775-0.18927115j,-0.28359988+0.20853508j]]]", "initial param values": "[1.66994064,3.77802941,3.9636817,2.46477599,2.50446127,1.19702782]", "nelder_mead": {"type": "gradient-free", "0": {"maxiter": 100, "fatol": 1e-05, "xatol": 1e-05, "duration": 0.04144787788391113, "fun": "0.3898085453946807", "nit": "100", "nfev": "157", "status": "2", "success": "False", "message": "Maximum number of iterations has been exceeded.", "x": "[1.69640079 2.46277982 3.95621314 2.58293054 2.76326844 1.00341551]", "final_simplex": "(array([[1.69640079, 2.46277982, 3.95621314, 2.58293054, 2.76326844,\n        1.00341551],\n       [1.71554996, 2.46350191, 4.00804571, 2.6076622 , 2.85260102,\n        1.04181272],\n       [1.72096189, 2.5196517 , 3.93524777, 2.59271135, 2.92348544,\n        1.09511595],\n       [1.73600039, 2.52530599, 3.98318677, 2.56372035, 2.86563601,\n        1.0906809 ],\n       [1.70818672, 2.48932844, 3.99082143, 2.54276786, 2.88652224,\n        1.10141087],\n       [1.72357203, 2.46361292, 3.95089491, 2.60302654, 2.87795881,\n        1.08779994],\n       [1.68886297, 2.50848161, 3.98106177, 2.55752988, 2.87302781,\n        1.10595882]]), array([0.38980855, 0.39054125, 0.39100556, 0.39116754, 0.39123532,\n       0.39140695, 0.39151328]))", "callback": [0.49007244898927793, 0.4047233782266779, 0.3984908809795602, 0.39676919784240905, 0.3949777068346184, 0.39386287267579223, 0.393576223032296, 0.3932395400055071, 0.39267628550079103, 0.39190004427252334]}, "1": {"maxiter": 100, "fatol": 1e-05, "xatol": 1e-10, "duration": 0.04445695877075195, "fun": "0.3898085453946807", "nit": "100", "nfev": "157", "status": "2", "success": "False", "message": "Maximum number of iterations has been exceeded.", "x": "[1.69640079 2.46277982 3.95621314 2.58293054 2.76326844 1.00341551]", "final_simplex": "(array([[1.69640079, 2.46277982, 3.95621314, 2.58293054, 2.76326844,\n        1.00341551],\n       [1.71554996, 2.46350191, 4.00804571, 2.6076622 , 2.85260102,\n        1.04181272],\n       [1.72096189, 2.5196517 , 3.93524777, 2.59271135, 2.92348544,\n        1.09511595],\n       [1.73600039, 2.52530599, 3.98318677, 2.56372035, 2.86563601,\n        1.0906809 ],\n       [1.70818672, 2.48932844, 3.99082143, 2.54276786, 2.88652224,\n        1.10141087],\n       [1.72357203, 2.46361292, 3.95089491, 2.60302654, 2.87795881,\n        1.08779994],\n       [1.68886297, 2.50848161, 3.98106177, 2.55752988, 2.87302781,\n        1.10595882]]), array([0.38980855, 0.39054125, 0.39100556, 0.39116754, 0.39123532,\n       0.39140695, 0.39151328]))", "callback": [0.49007244898927793, 0.4047233782266779, 0.3984908809795602, 0.39676919784240905, 0.3949777068346184, 0.39386287267579223, 0.393576223032296, 0.3932395400055071, 0.39267628550079103, 0.39190004427252334]}, "2": {"maxiter": 100, "fatol": 1e-10, "xatol": 1e-05, "duration": 0.04016685485839844, "fun": "0.3898085453946807", "nit": "100", "nfev": "157", "status": "2", "success": "False", "message": "Maximum number of iterations has been exceeded.", "x": "[1.69640079 2.46277982 3.95621314 2.58293054 2.76326844 1.00341551]", "final_simplex": "(array([[1.69640079, 2.46277982, 3.95621314, 2.58293054, 2.76326844,\n        1.00341551],\n       [1.71554996, 2.46350191, 4.00804571, 2.6076622 , 2.85260102,\n        1.04181272],\n       [1.72096189, 2.5196517 , 3.93524777, 2.59271135, 2.92348544,\n        1.09511595],\n       [1.73600039, 2.52530599, 3.98318677, 2.56372035, 2.86563601,\n        1.0906809 ],\n       [1.70818672, 2.48932844, 3.99082143, 2.54276786, 2.88652224,\n        1.10141087],\n       [1.72357203, 2.46361292, 3.95089491, 2.60302654, 2.87795881,\n        1.08779994],\n       [1.68886297, 2.50848161, 3.98106177, 2.55752988, 2.87302781,\n        1.10595882]]), array([0.38980855, 0.39054125, 0.39100556, 0.39116754, 0.39123532,\n       0.39140695, 0.39151328]))", "callback": [0.49007244898927793, 0.4047233782266779, 0.3984908809795602, 0.39676919784240905, 0.3949777068346184, 0.39386287267579223, 0.393576223032296, 0.3932395400055071, 0.39267628550079103, 0.39190004427252334]}, "3": {"maxiter": 100, "fatol": 1e-10, "xatol": 1e-10, "duration": 0.042356014251708984, "fun": "0.3898085453946807", "nit": "100", "nfev": "157", "status": "2", "success": "False", "message": "Maximum number of iterations has been exceeded.", "x": "[1.69640079 2.46277982 3.95621314 2.58293054 2.76326844 1.00341551]", "final_simplex": "(array([[1.69640079, 2.46277982, 3.95621314, 2.58293054, 2.76326844,\n        1.00341551],\n       [1.71554996, 2.46350191, 4.00804571, 2.6076622 , 2.85260102,\n        1.04181272],\n       [1.72096189, 2.5196517 , 3.93524777, 2.59271135, 2.92348544,\n        1.09511595],\n       [1.73600039, 2.52530599, 3.98318677, 2.56372035, 2.86563601,\n        1.0906809 ],\n       [1.70818672, 2.48932844, 3.99082143, 2.54276786, 2.88652224,\n        1.10141087],\n       [1.72357203, 2.46361292, 3.95089491, 2.60302654, 2.87795881,\n        1.08779994],\n       [1.68886297, 2.50848161, 3.98106177, 2.55752988, 2.87302781,\n        1.10595882]]), array([0.38980855, 0.39054125, 0.39100556, 0.39116754, 0.39123532,\n       0.39140695, 0.39151328]))", "callback": [0.49007244898927793, 0.4047233782266779, 0.3984908809795602, 0.39676919784240905, 0.3949777068346184, 0.39386287267579223, 0.393576223032296, 0.3932395400055071, 0.39267628550079103, 0.39190004427252334]}, "4": {"maxiter": 500, "fatol": 1e-05, "xatol": 1e-05, "duration": 0.12588715553283691, "fun": "0.3814054107796466", "nit": "289", "nfev": "463", "status": "0", "success": "True", "message": "Optimization terminated successfully.", "x": "[1.58270059 2.53869598 4.11602226 2.388136   2.5288973  0.59592449]", "final_simplex": "(array([[1.58270059, 2.53869598, 4.11602226, 2.388136  , 2.5288973 ,\n        0.59592449],\n       [1.58269351, 2.53869725, 4.11602366, 2.38813351, 2.52889961,\n        0.59592449],\n       [1.5826985 , 2.53869452, 4.11601982, 2.38813784, 2.52889499,\n        0.59591965],\n       [1.58270101, 2.53869892, 4.1160246 , 2.38813561, 2.528892  ,\n        0.5959161 ],\n       [1.58269891, 2.53870012, 4.11602197, 2.38813821, 2.52888847,\n        0.59591912],\n       [1.58270386, 2.53869794, 4.11602385, 2.38814071, 2.52889665,\n        0.59592161],\n       [1.58269842, 2.53870351, 4.1160198 , 2.38813775, 2.52889751,\n        0.59592446]]), array([0.38140541, 0.38140541, 0.38140541, 0.38140541, 0.38140541,\n       0.38140541, 0.38140541]))", "callback": [0.49007244898927793, 0.4047233782266779, 0.3984908809795602, 0.39676919784240905, 0.3949777068346184, 0.39386287267579223, 0.393576223032296, 0.3932395400055071, 0.39267628550079103, 0.39190004427252334, 0.38852863680963867, 0.38445235394458555, 0.38242341309754724, 0.38180652652793257, 0.3815707693888517, 0.3814514429129223, 0.38141723857710563, 0.3814087274297322, 0.3814062396528284, 0.38140552293892316, 0.3814054855026844, 0.3814054429499383, 0.3814054161467403, 0.3814054161467403, 0.38140541171282616, 0.38140541169225717, 0.3814054109481745, 0.38140541080782886, 0.3814054107857636]}, "5": {"maxiter": 500, "fatol": 1e-05, "xatol": 1e-10, "duration": 0.15929818153381348, "fun": "0.38140541077652956", "nit": "376", "nfev": "667", "status": "0", "success": "True", "message": "Optimization terminated successfully.", "x": "[1.58269684 2.53869692 4.11602546 2.38813532 2.52889564 0.59592159]", "final_simplex": "(array([[1.58269684, 2.53869692, 4.11602546, 2.38813532, 2.52889564,\n        0.59592159],\n       [1.58269684, 2.53869692, 4.11602546, 2.38813532, 2.52889564,\n        0.59592159],\n       [1.58269684, 2.53869692, 4.11602546, 2.38813532, 2.52889564,\n        0.59592159],\n       [1.58269684, 2.53869692, 4.11602546, 2.38813532, 2.52889564,\n        0.59592159],\n       [1.58269684, 2.53869692, 4.11602546, 2.38813532, 2.52889564,\n        0.59592159],\n       [1.58269684, 2.53869692, 4.11602546, 2.38813532, 2.52889564,\n        0.59592159],\n       [1.58269684, 2.53869692, 4.11602546, 2.38813532, 2.52889564,\n        0.59592159]]), array([0.38140541, 0.38140541, 0.38140541, 0.38140541, 0.38140541,\n       0.38140541, 0.38140541]))", "callback": [0.49007244898927793, 0.4047233782266779, 0.3984908809795602, 0.39676919784240905, 0.3949777068346184, 0.39386287267579223, 0.393576223032296, 0.3932395400055071, 0.39267628550079103, 0.39190004427252334, 0.38852863680963867, 0.38445235394458555, 0.38242341309754724, 0.38180652652793257, 0.3815707693888517, 0.3814514429129223, 0.38141723857710563, 0.3814087274297322, 0.3814062396528284, 0.38140552293892316, 0.3814054855026844, 0.3814054429499383, 0.3814054161467403, 0.3814054161467403, 0.38140541171282616, 0.38140541169225717, 0.3814054109481745, 0.38140541080782886, 0.3814054107857636, 0.38140541077863865, 0.38140541077685697, 0.38140541077656986, 0.381405410776535, 0.3814054107765308, 0.3814054107765301, 0.3814054107765297, 0.38140541077652956, 0.38140541077652956]}, "6": {"maxiter": 500, "fatol": 1e-10, "xatol": 1e-05, "duration": 0.12896084785461426, "fun": "0.3814054107796466", "nit": "289", "nfev": "463", "status": "0", "success": "True", "message": "Optimization terminated successfully.", "x": "[1.58270059 2.53869598 4.11602226 2.388136   2.5288973  0.59592449]", "final_simplex": "(array([[1.58270059, 2.53869598, 4.11602226, 2.388136  , 2.5288973 ,\n        0.59592449],\n       [1.58269351, 2.53869725, 4.11602366, 2.38813351, 2.52889961,\n        0.59592449],\n       [1.5826985 , 2.53869452, 4.11601982, 2.38813784, 2.52889499,\n        0.59591965],\n       [1.58270101, 2.53869892, 4.1160246 , 2.38813561, 2.528892  ,\n        0.5959161 ],\n       [1.58269891, 2.53870012, 4.11602197, 2.38813821, 2.52888847,\n        0.59591912],\n       [1.58270386, 2.53869794, 4.11602385, 2.38814071, 2.52889665,\n        0.59592161],\n       [1.58269842, 2.53870351, 4.1160198 , 2.38813775, 2.52889751,\n        0.59592446]]), array([0.38140541, 0.38140541, 0.38140541, 0.38140541, 0.38140541,\n       0.38140541, 0.38140541]))", "callback": [0.49007244898927793, 0.4047233782266779, 0.3984908809795602, 0.39676919784240905, 0.3949777068346184, 0.39386287267579223, 0.393576223032296, 0.3932395400055071, 0.39267628550079103, 0.39190004427252334, 0.38852863680963867, 0.38445235394458555, 0.38242341309754724, 0.38180652652793257, 0.3815707693888517, 0.3814514429129223, 0.38141723857710563, 0.3814087274297322, 0.3814062396528284, 0.38140552293892316, 0.3814054855026844, 0.3814054429499383, 0.3814054161467403, 0.3814054161467403, 0.38140541171282616, 0.38140541169225717, 0.3814054109481745, 0.38140541080782886, 0.3814054107857636]}, "7": {"maxiter": 500, "fatol": 1e-10, "xatol": 1e-10, "duration": 0.18759870529174805, "fun": "0.38140541077652956", "nit": "376", "nfev": "667", "status": "0", "success": "True", "message": "Optimization terminated successfully.", "x": "[1.58269684 2.53869692 4.11602546 2.38813532 2.52889564 0.59592159]", "final_simplex": "(array([[1.58269684, 2.53869692, 4.11602546, 2.38813532, 2.52889564,\n        0.59592159],\n       [1.58269684, 2.53869692, 4.11602546, 2.38813532, 2.52889564,\n        0.59592159],\n       [1.58269684, 2.53869692, 4.11602546, 2.38813532, 2.52889564,\n        0.59592159],\n       [1.58269684, 2.53869692, 4.11602546, 2.38813532, 2.52889564,\n        0.59592159],\n       [1.58269684, 2.53869692, 4.11602546, 2.38813532, 2.52889564,\n        0.59592159],\n       [1.58269684, 2.53869692, 4.11602546, 2.38813532, 2.52889564,\n        0.59592159],\n       [1.58269684, 2.53869692, 4.11602546, 2.38813532, 2.52889564,\n        0.59592159]]), array([0.38140541, 0.38140541, 0.38140541, 0.38140541, 0.38140541,\n       0.38140541, 0.38140541]))", "callback": [0.49007244898927793, 0.4047233782266779, 0.3984908809795602, 0.39676919784240905, 0.3949777068346184, 0.39386287267579223, 0.393576223032296, 0.3932395400055071, 0.39267628550079103, 0.39190004427252334, 0.38852863680963867, 0.38445235394458555, 0.38242341309754724, 0.38180652652793257, 0.3815707693888517, 0.3814514429129223, 0.38141723857710563, 0.3814087274297322, 0.3814062396528284, 0.38140552293892316, 0.3814054855026844, 0.3814054429499383, 0.3814054161467403, 0.3814054161467403, 0.38140541171282616, 0.38140541169225717, 0.3814054109481745, 0.38140541080782886, 0.3814054107857636, 0.38140541077863865, 0.38140541077685697, 0.38140541077656986, 0.381405410776535, 0.3814054107765308, 0.3814054107765301, 0.3814054107765297, 0.38140541077652956, 0.38140541077652956]}, "8": {"maxiter": 1000, "fatol": 1e-05, "xatol": 1e-05, "duration": 0.10750794410705566, "fun": "0.3814054107796466", "nit": "289", "nfev": "463", "status": "0", "success": "True", "message": "Optimization terminated successfully.", "x": "[1.58270059 2.53869598 4.11602226 2.388136   2.5288973  0.59592449]", "final_simplex": "(array([[1.58270059, 2.53869598, 4.11602226, 2.388136  , 2.5288973 ,\n        0.59592449],\n       [1.58269351, 2.53869725, 4.11602366, 2.38813351, 2.52889961,\n        0.59592449],\n       [1.5826985 , 2.53869452, 4.11601982, 2.38813784, 2.52889499,\n        0.59591965],\n       [1.58270101, 2.53869892, 4.1160246 , 2.38813561, 2.528892  ,\n        0.5959161 ],\n       [1.58269891, 2.53870012, 4.11602197, 2.38813821, 2.52888847,\n        0.59591912],\n       [1.58270386, 2.53869794, 4.11602385, 2.38814071, 2.52889665,\n        0.59592161],\n       [1.58269842, 2.53870351, 4.1160198 , 2.38813775, 2.52889751,\n        0.59592446]]), array([0.38140541, 0.38140541, 0.38140541, 0.38140541, 0.38140541,\n       0.38140541, 0.38140541]))", "callback": [0.49007244898927793, 0.4047233782266779, 0.3984908809795602, 0.39676919784240905, 0.3949777068346184, 0.39386287267579223, 0.393576223032296, 0.3932395400055071, 0.39267628550079103, 0.39190004427252334, 0.38852863680963867, 0.38445235394458555, 0.38242341309754724, 0.38180652652793257, 0.3815707693888517, 0.3814514429129223, 0.38141723857710563, 0.3814087274297322, 0.3814062396528284, 0.38140552293892316, 0.3814054855026844, 0.3814054429499383, 0.3814054161467403, 0.3814054161467403, 0.38140541171282616, 0.38140541169225717, 0.3814054109481745, 0.38140541080782886, 0.3814054107857636]}, "9": {"maxiter": 1000, "fatol": 1e-05, "xatol": 1e-10, "duration": 0.15609383583068848, "fun": "0.38140541077652956", "nit": "376", "nfev": "667", "status": "0", "success": "True", "message": "Optimization terminated successfully.", "x": "[1.58269684 2.53869692 4.11602546 2.38813532 2.52889564 0.59592159]", "final_simplex": "(array([[1.58269684, 2.53869692, 4.11602546, 2.38813532, 2.52889564,\n        0.59592159],\n       [1.58269684, 2.53869692, 4.11602546, 2.38813532, 2.52889564,\n        0.59592159],\n       [1.58269684, 2.53869692, 4.11602546, 2.38813532, 2.52889564,\n        0.59592159],\n       [1.58269684, 2.53869692, 4.11602546, 2.38813532, 2.52889564,\n        0.59592159],\n       [1.58269684, 2.53869692, 4.11602546, 2.38813532, 2.52889564,\n        0.59592159],\n       [1.58269684, 2.53869692, 4.11602546, 2.38813532, 2.52889564,\n        0.59592159],\n       [1.58269684, 2.53869692, 4.11602546, 2.38813532, 2.52889564,\n        0.59592159]]), array([0.38140541, 0.38140541, 0.38140541, 0.38140541, 0.38140541,\n       0.38140541, 0.38140541]))", "callback": [0.49007244898927793, 0.4047233782266779, 0.3984908809795602, 0.39676919784240905, 0.3949777068346184, 0.39386287267579223, 0.393576223032296, 0.3932395400055071, 0.39267628550079103, 0.39190004427252334, 0.38852863680963867, 0.38445235394458555, 0.38242341309754724, 0.38180652652793257, 0.3815707693888517, 0.3814514429129223, 0.38141723857710563, 0.3814087274297322, 0.3814062396528284, 0.38140552293892316, 0.3814054855026844, 0.3814054429499383, 0.3814054161467403, 0.3814054161467403, 0.38140541171282616, 0.38140541169225717, 0.3814054109481745, 0.38140541080782886, 0.3814054107857636, 0.38140541077863865, 0.38140541077685697, 0.38140541077656986, 0.381405410776535, 0.3814054107765308, 0.3814054107765301, 0.3814054107765297, 0.38140541077652956, 0.38140541077652956]}, "10": {"maxiter": 1000, "fatol": 1e-10, "xatol": 1e-05, "duration": 0.11341404914855957, "fun": "0.3814054107796466", "nit": "289", "nfev": "463", "status": "0", "success": "True", "message": "Optimization terminated successfully.", "x": "[1.58270059 2.53869598 4.11602226 2.388136   2.5288973  0.59592449]", "final_simplex": "(array([[1.58270059, 2.53869598, 4.11602226, 2.388136  , 2.5288973 ,\n        0.59592449],\n       [1.58269351, 2.53869725, 4.11602366, 2.38813351, 2.52889961,\n        0.59592449],\n       [1.5826985 , 2.53869452, 4.11601982, 2.38813784, 2.52889499,\n        0.59591965],\n       [1.58270101, 2.53869892, 4.1160246 , 2.38813561, 2.528892  ,\n        0.5959161 ],\n       [1.58269891, 2.53870012, 4.11602197, 2.38813821, 2.52888847,\n        0.59591912],\n       [1.58270386, 2.53869794, 4.11602385, 2.38814071, 2.52889665,\n        0.59592161],\n       [1.58269842, 2.53870351, 4.1160198 , 2.38813775, 2.52889751,\n        0.59592446]]), array([0.38140541, 0.38140541, 0.38140541, 0.38140541, 0.38140541,\n       0.38140541, 0.38140541]))", "callback": [0.49007244898927793, 0.4047233782266779, 0.3984908809795602, 0.39676919784240905, 0.3949777068346184, 0.39386287267579223, 0.393576223032296, 0.3932395400055071, 0.39267628550079103, 0.39190004427252334, 0.38852863680963867, 0.38445235394458555, 0.38242341309754724, 0.38180652652793257, 0.3815707693888517, 0.3814514429129223, 0.38141723857710563, 0.3814087274297322, 0.3814062396528284, 0.38140552293892316, 0.3814054855026844, 0.3814054429499383, 0.3814054161467403, 0.3814054161467403, 0.38140541171282616, 0.38140541169225717, 0.3814054109481745, 0.38140541080782886, 0.3814054107857636]}, "11": {"maxiter": 1000, "fatol": 1e-10, "xatol": 1e-10, "duration": 0.19118285179138184, "fun": "0.38140541077652956", "nit": "376", "nfev": "667", "status": "0", "success": "True", "message": "Optimization terminated successfully.", "x": "[1.58269684 2.53869692 4.11602546 2.38813532 2.52889564 0.59592159]", "final_simplex": "(array([[1.58269684, 2.53869692, 4.11602546, 2.38813532, 2.52889564,\n        0.59592159],\n       [1.58269684, 2.53869692, 4.11602546, 2.38813532, 2.52889564,\n        0.59592159],\n       [1.58269684, 2.53869692, 4.11602546, 2.38813532, 2.52889564,\n        0.59592159],\n       [1.58269684, 2.53869692, 4.11602546, 2.38813532, 2.52889564,\n        0.59592159],\n       [1.58269684, 2.53869692, 4.11602546, 2.38813532, 2.52889564,\n        0.59592159],\n       [1.58269684, 2.53869692, 4.11602546, 2.38813532, 2.52889564,\n        0.59592159],\n       [1.58269684, 2.53869692, 4.11602546, 2.38813532, 2.52889564,\n        0.59592159]]), array([0.38140541, 0.38140541, 0.38140541, 0.38140541, 0.38140541,\n       0.38140541, 0.38140541]))", "callback": [0.49007244898927793, 0.4047233782266779, 0.3984908809795602, 0.39676919784240905, 0.3949777068346184, 0.39386287267579223, 0.393576223032296, 0.3932395400055071, 0.39267628550079103, 0.39190004427252334, 0.38852863680963867, 0.38445235394458555, 0.38242341309754724, 0.38180652652793257, 0.3815707693888517, 0.3814514429129223, 0.38141723857710563, 0.3814087274297322, 0.3814062396528284, 0.38140552293892316, 0.3814054855026844, 0.3814054429499383, 0.3814054161467403, 0.3814054161467403, 0.38140541171282616, 0.38140541169225717, 0.3814054109481745, 0.38140541080782886, 0.3814054107857636, 0.38140541077863865, 0.38140541077685697, 0.38140541077656986, 0.381405410776535, 0.3814054107765308, 0.3814054107765301, 0.3814054107765297, 0.38140541077652956, 0.38140541077652956]}}, "bfgs": {"type": "gradient", "0": {"maxiter": 100, "gtol": 1e-05, "xrtol": 1e-05, "eps": 1e-05, "duration": 0.0485079288482666, "fun": "0.38140541090835967", "jac": "[ 5.11538589e-06  6.44927445e-06 -1.98533412e-06 -4.21473967e-07\n  1.81824555e-06 -1.56142876e-06]", "hess_inv": "[[ 3.88094947 -0.79932507 -0.86731288  1.97269625  0.54066082  1.11249522]\n [-0.79932507  4.06838693  0.61294614 -1.27566682  0.56472428  0.41394024]\n [-0.86731288  0.61294614  5.40974531 -3.58793038  0.19297249 -0.93396584]\n [ 1.97269625 -1.27566682 -3.58793038  6.50532612  0.09439171  1.19525575]\n [ 0.54066082  0.56472428  0.19297249  0.09439171  9.40785805  7.02627724]\n [ 1.11249522  0.41394024 -0.93396584  1.19525575  7.02627724  9.21836157]]", "nfev": "154", "njev": "22", "status": "0", "success": "True", "message": "Optimization terminated successfully.", "x": "[1.58271011 2.5387228  4.11601354 2.38813507 2.52888858 0.59590854]", "nit": "21", "callback": [0.5037519549578948, 0.42434152205922826, 0.3941161087669065, 0.38796578912026747, 0.3837778701287986, 0.3832718597837166, 0.38282332773989614, 0.3822793612919816, 0.38181834525048686, 0.38160896346751383, 0.38153553853283295, 0.38148558251457776, 0.3814502513952496, 0.3814310135622716, 0.38141970773310585, 0.38141181875865304, 0.38140719014253166, 0.3814056819276108, 0.38140544023437417, 0.3814054135842273, 0.38140541090835967]}, "1": {"maxiter": 100, "gtol": 1e-05, "xrtol": 1e-05, "eps": 1e-10, "duration": 0.05565619468688965, "fun": "0.3814054111374918", "jac": "[4.44089173e-06 8.88178346e-06 0.00000000e+00 0.00000000e+00\n 2.22044587e-06 0.00000000e+00]", "hess_inv": "[[ 3.85973776 -0.7859916  -0.84806295  1.92084492  0.56718129  1.13263396]\n [-0.7859916   4.09908266  0.66199312 -1.19064811  0.62369596  0.43183337]\n [-0.84806295  0.66199312  5.5253374  -3.52791408  0.32723637 -0.84760097]\n [ 1.92084492 -1.19064811 -3.52791408  6.29554427  0.24597955  1.34870143]\n [ 0.56718129  0.62369596  0.32723637  0.24597955  9.54475817  7.08007066]\n [ 1.13263396  0.43183337 -0.84760097  1.34870143  7.08007066  9.20719197]]", "nfev": "154", "njev": "22", "status": "0", "success": "True", "message": "Optimization terminated successfully.", "x": "[1.58272681 2.538744   4.11601832 2.38814225 2.52893793 0.59595945]", "nit": "21", "callback": [0.503751924214488, 0.42434157333901656, 0.39411565986419794, 0.3879658195404395, 0.38377790476737994, 0.3832719393962316, 0.38282333748658637, 0.3822796142091194, 0.3818180017231968, 0.3816090338562139, 0.38153550470171105, 0.38148566200703193, 0.3814502598899403, 0.38143105727113347, 0.381419718359029, 0.38141181925360923, 0.38140718932556994, 0.38140567777233236, 0.3814054393672328, 0.38140541383923876, 0.3814054111374918]}, "2": {"maxiter": 100, "gtol": 1e-05, "xrtol": 1e-10, "eps": 1e-05, "duration": 0.04934811592102051, "fun": "0.38140541090835967", "jac": "[ 5.11538589e-06  6.44927445e-06 -1.98533412e-06 -4.21473967e-07\n  1.81824555e-06 -1.56142876e-06]", "hess_inv": "[[ 3.88094947 -0.79932507 -0.86731288  1.97269625  0.54066082  1.11249522]\n [-0.79932507  4.06838693  0.61294614 -1.27566682  0.56472428  0.41394024]\n [-0.86731288  0.61294614  5.40974531 -3.58793038  0.19297249 -0.93396584]\n [ 1.97269625 -1.27566682 -3.58793038  6.50532612  0.09439171  1.19525575]\n [ 0.54066082  0.56472428  0.19297249  0.09439171  9.40785805  7.02627724]\n [ 1.11249522  0.41394024 -0.93396584  1.19525575  7.02627724  9.21836157]]", "nfev": "154", "njev": "22", "status": "0", "success": "True", "message": "Optimization terminated successfully.", "x": "[1.58271011 2.5387228  4.11601354 2.38813507 2.52888858 0.59590854]", "nit": "21", "callback": [0.5037519549578948, 0.42434152205922826, 0.3941161087669065, 0.38796578912026747, 0.3837778701287986, 0.3832718597837166, 0.38282332773989614, 0.3822793612919816, 0.38181834525048686, 0.38160896346751383, 0.38153553853283295, 0.38148558251457776, 0.3814502513952496, 0.3814310135622716, 0.38141970773310585, 0.38141181875865304, 0.38140719014253166, 0.3814056819276108, 0.38140544023437417, 0.3814054135842273, 0.38140541090835967]}, "3": {"maxiter": 100, "gtol": 1e-05, "xrtol": 1e-10, "eps": 1e-10, "duration": 0.04591512680053711, "fun": "0.3814054111374918", "jac": "[4.44089173e-06 8.88178346e-06 0.00000000e+00 0.00000000e+00\n 2.22044587e-06 0.00000000e+00]", "hess_inv": "[[ 3.85973776 -0.7859916  -0.84806295  1.92084492  0.56718129  1.13263396]\n [-0.7859916   4.09908266  0.66199312 -1.19064811  0.62369596  0.43183337]\n [-0.84806295  0.66199312  5.5253374  -3.52791408  0.32723637 -0.84760097]\n [ 1.92084492 -1.19064811 -3.52791408  6.29554427  0.24597955  1.34870143]\n [ 0.56718129  0.62369596  0.32723637  0.24597955  9.54475817  7.08007066]\n [ 1.13263396  0.43183337 -0.84760097  1.34870143  7.08007066  9.20719197]]", "nfev": "154", "njev": "22", "status": "0", "success": "True", "message": "Optimization terminated successfully.", "x": "[1.58272681 2.538744   4.11601832 2.38814225 2.52893793 0.59595945]", "nit": "21", "callback": [0.503751924214488, 0.42434157333901656, 0.39411565986419794, 0.3879658195404395, 0.38377790476737994, 0.3832719393962316, 0.38282333748658637, 0.3822796142091194, 0.3818180017231968, 0.3816090338562139, 0.38153550470171105, 0.38148566200703193, 0.3814502598899403, 0.38143105727113347, 0.381419718359029, 0.38141181925360923, 0.38140718932556994, 0.38140567777233236, 0.3814054393672328, 0.38140541383923876, 0.3814054111374918]}, "4": {"maxiter": 100, "gtol": 1e-10, "xrtol": 1e-05, "eps": 1e-05, "duration": 0.04516100883483887, "fun": "0.381405410805735", "jac": "[ 9.53770396e-07  6.94699853e-07  6.39288622e-07  6.63324951e-07\n  2.61723976e-07 -1.99806838e-07]", "hess_inv": "[[ 4.00750229e+00 -4.40006415e-01 -1.11150046e+00  1.83725520e+00\n   6.49443676e-01  1.20760766e+00]\n [-4.40006415e-01  4.75407312e+00  2.61627257e-01 -1.32307207e+00\n   8.63167524e-01  6.33549590e-01]\n [-1.11150046e+00  2.61627257e-01  5.53126990e+00 -3.67127919e+00\n  -6.27288406e-03 -1.06591930e+00]\n [ 1.83725520e+00 -1.32307207e+00 -3.67127919e+00  6.31047927e+00\n  -1.15278629e-02  1.14430116e+00]\n [ 6.49443676e-01  8.63167524e-01 -6.27288406e-03 -1.15278629e-02\n   9.50104144e+00  7.10646300e+00]\n [ 1.20760766e+00  6.33549590e-01 -1.06591930e+00  1.14430116e+00\n   7.10646300e+00  9.28223867e+00]]", "nfev": "161", "njev": "23", "status": "0", "success": "True", "message": "Optimization terminated successfully.", "x": "[1.58269172 2.53869377 4.11602532 2.38813138 2.5288735  0.59589821]", "nit": "22", "callback": [0.5037519549578948, 0.42434152205922826, 0.3941161087669065, 0.38796578912026747, 0.3837778701287986, 0.3832718597837166, 0.38282332773989614, 0.3822793612919816, 0.38181834525048686, 0.38160896346751383, 0.38153553853283295, 0.38148558251457776, 0.3814502513952496, 0.3814310135622716, 0.38141970773310585, 0.38141181875865304, 0.38140719014253166, 0.3814056819276108, 0.38140544023437417, 0.3814054135842273, 0.38140541090835967, 0.381405410805735]}, "5": {"maxiter": 100, "gtol": 1e-10, "xrtol": 1e-05, "eps": 1e-10, "duration": 0.050826072692871094, "fun": "0.3814054108058218", "jac": "[2.22044587e-06 0.00000000e+00 0.00000000e+00 3.33066880e-06\n 2.22044587e-06 1.11022293e-06]", "hess_inv": "[[ 4.30318679  0.07557166 -0.94364708  1.707986    0.70299489  1.08021966]\n [ 0.07557166  5.2905083   0.52089485 -1.68632766  0.06007753 -0.55450025]\n [-0.94364708  0.52089485  5.2115939  -3.57319163  0.11863196 -0.94606358]\n [ 1.707986   -1.68632766 -3.57319163  6.35420882 -0.03656575  1.16603098]\n [ 0.70299489  0.06007753  0.11863196 -0.03656575  7.96894353  5.39864147]\n [ 1.08021966 -0.55450025 -0.94606358  1.16603098  5.39864147  7.48078725]]", "nfev": "175", "njev": "25", "status": "0", "success": "True", "message": "Optimization terminated successfully.", "x": "[1.58271013 2.53869806 4.11602204 2.38814762 2.52890872 0.59593595]", "nit": "23", "callback": [0.503751924214488, 0.42434157333901656, 0.39411565986419794, 0.3879658195404395, 0.38377790476737994, 0.3832719393962316, 0.38282333748658637, 0.3822796142091194, 0.3818180017231968, 0.3816090338562139, 0.38153550470171105, 0.38148566200703193, 0.3814502598899403, 0.38143105727113347, 0.381419718359029, 0.38141181925360923, 0.38140718932556994, 0.38140567777233236, 0.3814054393672328, 0.38140541383923876, 0.3814054111374918, 0.3814054108072402, 0.3814054108058218]}, "6": {"maxiter": 100, "gtol": 1e-10, "xrtol": 1e-10, "eps": 1e-05, "duration": 0.10936784744262695, "fun": "0.381405410805735", "jac": "[ 9.53770396e-07  6.94699853e-07  6.39288622e-07  6.63324951e-07\n  2.61723976e-07 -1.99806838e-07]", "hess_inv": "[[ 4.41042281 -0.06471938 -1.17472188  2.02629219  0.91631067  1.39803347]\n [-0.06471938  4.93492224  0.32883444 -1.07694806  1.07054561  0.78775425]\n [-1.17472188  0.32883444  5.44694323 -3.75330001 -0.01736212 -1.07848704]\n [ 2.02629219 -1.07694806 -3.75330001  6.37008051  0.13077976  1.24326023]\n [ 0.91631067  1.07054561 -0.01736212  0.13077976  9.66774063  7.22693345]\n [ 1.39803347  0.78775425 -1.07848704  1.24326023  7.22693345  9.36905668]]", "nfev": "376", "njev": "52", "status": "2", "success": "False", "message": "Desired error not necessarily achieved due to precision loss.", "x": "[1.58269172 2.53869377 4.11602532 2.38813138 2.5288735  0.59589821]", "nit": "22", "callback": [0.5037519549578948, 0.42434152205922826, 0.3941161087669065, 0.38796578912026747, 0.3837778701287986, 0.3832718597837166, 0.38282332773989614, 0.3822793612919816, 0.38181834525048686, 0.38160896346751383, 0.38153553853283295, 0.38148558251457776, 0.3814502513952496, 0.3814310135622716, 0.38141970773310585, 0.38141181875865304, 0.38140719014253166, 0.3814056819276108, 0.38140544023437417, 0.3814054135842273, 0.38140541090835967, 0.381405410805735]}, "7": {"maxiter": 100, "gtol": 1e-10, "xrtol": 1e-10, "eps": 1e-10, "duration": 0.10858702659606934, "fun": "0.38140541079739876", "jac": "[0. 0. 0. 0. 0. 0.]", "hess_inv": "[[ 2.11643795e-01 -1.66975248e-01  3.05123019e-01 -6.69722454e-05\n  -5.88041576e-02  8.39624890e-03]\n [-1.66975248e-01  3.92256185e-01 -3.45641674e-01 -1.75559261e-01\n   1.27143040e-01 -4.60774508e-02]\n [ 3.05123019e-01 -3.45641674e-01  2.23910062e+00  3.01615990e-01\n  -9.72282903e-01  3.97171206e-01]\n [-6.69722454e-05 -1.75559261e-01  3.01615990e-01  1.86132392e-01\n  -1.80489220e-01  7.69193688e-02]\n [-5.88041576e-02  1.27143040e-01 -9.72282903e-01 -1.80489220e-01\n   4.89863036e-01 -1.85104500e-01]\n [ 8.39624890e-03 -4.60774508e-02  3.97171206e-01  7.69193688e-02\n  -1.85104500e-01  1.22664490e-01]]", "nfev": "392", "njev": "56", "status": "0", "success": "True", "message": "Optimization terminated successfully.", "x": "[1.58270576 2.53870148 4.11602079 2.38814262 2.52891136 0.59593716]", "nit": "33", "callback": [0.503751924214488, 0.42434157333901656, 0.39411565986419794, 0.3879658195404395, 0.38377790476737994, 0.3832719393962316, 0.38282333748658637, 0.3822796142091194, 0.3818180017231968, 0.3816090338562139, 0.38153550470171105, 0.38148566200703193, 0.3814502598899403, 0.38143105727113347, 0.381419718359029, 0.38141181925360923, 0.38140718932556994, 0.38140567777233236, 0.3814054393672328, 0.38140541383923876, 0.3814054111374918, 0.3814054108072402, 0.3814054108058218, 0.3814054108037319, 0.38140541080111723, 0.38140541079958856, 0.38140541079956336, 0.3814054107994085, 0.38140541079815327, 0.38140541079802637, 0.3814054107974678, 0.38140541079745227, 0.38140541079739876]}, "8": {"maxiter": 500, "gtol": 1e-05, "xrtol": 1e-05, "eps": 1e-05, "duration": 0.04278278350830078, "fun": "0.38140541090835967", "jac": "[ 5.11538589e-06  6.44927445e-06 -1.98533412e-06 -4.21473967e-07\n  1.81824555e-06 -1.56142876e-06]", "hess_inv": "[[ 3.88094947 -0.79932507 -0.86731288  1.97269625  0.54066082  1.11249522]\n [-0.79932507  4.06838693  0.61294614 -1.27566682  0.56472428  0.41394024]\n [-0.86731288  0.61294614  5.40974531 -3.58793038  0.19297249 -0.93396584]\n [ 1.97269625 -1.27566682 -3.58793038  6.50532612  0.09439171  1.19525575]\n [ 0.54066082  0.56472428  0.19297249  0.09439171  9.40785805  7.02627724]\n [ 1.11249522  0.41394024 -0.93396584  1.19525575  7.02627724  9.21836157]]", "nfev": "154", "njev": "22", "status": "0", "success": "True", "message": "Optimization terminated successfully.", "x": "[1.58271011 2.5387228  4.11601354 2.38813507 2.52888858 0.59590854]", "nit": "21", "callback": [0.5037519549578948, 0.42434152205922826, 0.3941161087669065, 0.38796578912026747, 0.3837778701287986, 0.3832718597837166, 0.38282332773989614, 0.3822793612919816, 0.38181834525048686, 0.38160896346751383, 0.38153553853283295, 0.38148558251457776, 0.3814502513952496, 0.3814310135622716, 0.38141970773310585, 0.38141181875865304, 0.38140719014253166, 0.3814056819276108, 0.38140544023437417, 0.3814054135842273, 0.38140541090835967]}, "9": {"maxiter": 500, "gtol": 1e-05, "xrtol": 1e-05, "eps": 1e-10, "duration": 0.03870797157287598, "fun": "0.3814054111374918", "jac": "[4.44089173e-06 8.88178346e-06 0.00000000e+00 0.00000000e+00\n 2.22044587e-06 0.00000000e+00]", "hess_inv": "[[ 3.85973776 -0.7859916  -0.84806295  1.92084492  0.56718129  1.13263396]\n [-0.7859916   4.09908266  0.66199312 -1.19064811  0.62369596  0.43183337]\n [-0.84806295  0.66199312  5.5253374  -3.52791408  0.32723637 -0.84760097]\n [ 1.92084492 -1.19064811 -3.52791408  6.29554427  0.24597955  1.34870143]\n [ 0.56718129  0.62369596  0.32723637  0.24597955  9.54475817  7.08007066]\n [ 1.13263396  0.43183337 -0.84760097  1.34870143  7.08007066  9.20719197]]", "nfev": "154", "njev": "22", "status": "0", "success": "True", "message": "Optimization terminated successfully.", "x": "[1.58272681 2.538744   4.11601832 2.38814225 2.52893793 0.59595945]", "nit": "21", "callback": [0.503751924214488, 0.42434157333901656, 0.39411565986419794, 0.3879658195404395, 0.38377790476737994, 0.3832719393962316, 0.38282333748658637, 0.3822796142091194, 0.3818180017231968, 0.3816090338562139, 0.38153550470171105, 0.38148566200703193, 0.3814502598899403, 0.38143105727113347, 0.381419718359029, 0.38141181925360923, 0.38140718932556994, 0.38140567777233236, 0.3814054393672328, 0.38140541383923876, 0.3814054111374918]}, "10": {"maxiter": 500, "gtol": 1e-05, "xrtol": 1e-10, "eps": 1e-05, "duration": 0.03866004943847656, "fun": "0.38140541090835967", "jac": "[ 5.11538589e-06  6.44927445e-06 -1.98533412e-06 -4.21473967e-07\n  1.81824555e-06 -1.56142876e-06]", "hess_inv": "[[ 3.88094947 -0.79932507 -0.86731288  1.97269625  0.54066082  1.11249522]\n [-0.79932507  4.06838693  0.61294614 -1.27566682  0.56472428  0.41394024]\n [-0.86731288  0.61294614  5.40974531 -3.58793038  0.19297249 -0.93396584]\n [ 1.97269625 -1.27566682 -3.58793038  6.50532612  0.09439171  1.19525575]\n [ 0.54066082  0.56472428  0.19297249  0.09439171  9.40785805  7.02627724]\n [ 1.11249522  0.41394024 -0.93396584  1.19525575  7.02627724  9.21836157]]", "nfev": "154", "njev": "22", "status": "0", "success": "True", "message": "Optimization terminated successfully.", "x": "[1.58271011 2.5387228  4.11601354 2.38813507 2.52888858 0.59590854]", "nit": "21", "callback": [0.5037519549578948, 0.42434152205922826, 0.3941161087669065, 0.38796578912026747, 0.3837778701287986, 0.3832718597837166, 0.38282332773989614, 0.3822793612919816, 0.38181834525048686, 0.38160896346751383, 0.38153553853283295, 0.38148558251457776, 0.3814502513952496, 0.3814310135622716, 0.38141970773310585, 0.38141181875865304, 0.38140719014253166, 0.3814056819276108, 0.38140544023437417, 0.3814054135842273, 0.38140541090835967]}, "11": {"maxiter": 500, "gtol": 1e-05, "xrtol": 1e-10, "eps": 1e-10, "duration": 0.03862309455871582, "fun": "0.3814054111374918", "jac": "[4.44089173e-06 8.88178346e-06 0.00000000e+00 0.00000000e+00\n 2.22044587e-06 0.00000000e+00]", "hess_inv": "[[ 3.85973776 -0.7859916  -0.84806295  1.92084492  0.56718129  1.13263396]\n [-0.7859916   4.09908266  0.66199312 -1.19064811  0.62369596  0.43183337]\n [-0.84806295  0.66199312  5.5253374  -3.52791408  0.32723637 -0.84760097]\n [ 1.92084492 -1.19064811 -3.52791408  6.29554427  0.24597955  1.34870143]\n [ 0.56718129  0.62369596  0.32723637  0.24597955  9.54475817  7.08007066]\n [ 1.13263396  0.43183337 -0.84760097  1.34870143  7.08007066  9.20719197]]", "nfev": "154", "njev": "22", "status": "0", "success": "True", "message": "Optimization terminated successfully.", "x": "[1.58272681 2.538744   4.11601832 2.38814225 2.52893793 0.59595945]", "nit": "21", "callback": [0.503751924214488, 0.42434157333901656, 0.39411565986419794, 0.3879658195404395, 0.38377790476737994, 0.3832719393962316, 0.38282333748658637, 0.3822796142091194, 0.3818180017231968, 0.3816090338562139, 0.38153550470171105, 0.38148566200703193, 0.3814502598899403, 0.38143105727113347, 0.381419718359029, 0.38141181925360923, 0.38140718932556994, 0.38140567777233236, 0.3814054393672328, 0.38140541383923876, 0.3814054111374918]}, "12": {"maxiter": 500, "gtol": 1e-10, "xrtol": 1e-05, "eps": 1e-05, "duration": 0.04014182090759277, "fun": "0.381405410805735", "jac": "[ 9.53770396e-07  6.94699853e-07  6.39288622e-07  6.63324951e-07\n  2.61723976e-07 -1.99806838e-07]", "hess_inv": "[[ 4.00750229e+00 -4.40006415e-01 -1.11150046e+00  1.83725520e+00\n   6.49443676e-01  1.20760766e+00]\n [-4.40006415e-01  4.75407312e+00  2.61627257e-01 -1.32307207e+00\n   8.63167524e-01  6.33549590e-01]\n [-1.11150046e+00  2.61627257e-01  5.53126990e+00 -3.67127919e+00\n  -6.27288406e-03 -1.06591930e+00]\n [ 1.83725520e+00 -1.32307207e+00 -3.67127919e+00  6.31047927e+00\n  -1.15278629e-02  1.14430116e+00]\n [ 6.49443676e-01  8.63167524e-01 -6.27288406e-03 -1.15278629e-02\n   9.50104144e+00  7.10646300e+00]\n [ 1.20760766e+00  6.33549590e-01 -1.06591930e+00  1.14430116e+00\n   7.10646300e+00  9.28223867e+00]]", "nfev": "161", "njev": "23", "status": "0", "success": "True", "message": "Optimization terminated successfully.", "x": "[1.58269172 2.53869377 4.11602532 2.38813138 2.5288735  0.59589821]", "nit": "22", "callback": [0.5037519549578948, 0.42434152205922826, 0.3941161087669065, 0.38796578912026747, 0.3837778701287986, 0.3832718597837166, 0.38282332773989614, 0.3822793612919816, 0.38181834525048686, 0.38160896346751383, 0.38153553853283295, 0.38148558251457776, 0.3814502513952496, 0.3814310135622716, 0.38141970773310585, 0.38141181875865304, 0.38140719014253166, 0.3814056819276108, 0.38140544023437417, 0.3814054135842273, 0.38140541090835967, 0.38140541080573