{"date": "2024/09/24/, 17:13:44", "conf_id": 4, "data_type": "random\n", "num_data_points": 1, "s_rank": 0, "unitary": "[[-0.24866696+0.58742286j,-0.44704345-0.43151574j,-0.35669027-0.20570733j,-0.10517633+0.1626036j],[0.10596805-0.19687975j,-0.30269685-0.15056416j,0.18246286+0.30440582j,-0.83484447-0.11310748j],[0.26054512-0.52548482j,0.0285017-0.50723956j,-0.43110112+0.17165838j,0.15243271+0.39915801j],[0.42978035+0.11991271j,-0.17224126-0.46030424j,0.6827807-0.15164662j,0.26483638+0.0061855j]]", "databatch_0": {"databatch": "[[[0.08218006+0.38581094j,-0.1011434-0.50187746j,0.03711803-0.01106927j,0.15583-0.03455803j],[0.04202506+0.03192283j,-0.05408408-0.04202945j,0.00279498-0.00436369j,0.01277446-0.01711239j],[0.27576245+0.18246308j,-0.35527774-0.24073787j,0.01569657-0.02842207j,0.07289535-0.11219766j],[0.25842392+0.12411181j,-0.33360916-0.16476221j,0.01012122-0.0262674j,0.04934375-0.10498455j]]]", "initial param values": "[5.16508528,1.77395877,4.3807809,2.26760286,1.18528936,3.64563929]", "nelder_mead": {"type": "gradient-free", "0": {"maxiter": 100, "fatol": 1e-05, "xatol": 1e-05, "duration": 0.026746034622192383, "fun": "0.06538982803438553", "nit": "100", "nfev": "152", "status": "2", "success": "False", "message": "Maximum number of iterations has been exceeded.", "x": "[4.75214581 1.42677105 6.17078997 5.12846426 0.93192903 2.36843615]", "final_simplex": "(array([[4.75214581, 1.42677105, 6.17078997, 5.12846426, 0.93192903,\n        2.36843615],\n       [4.81583465, 1.23610155, 6.35542763, 5.0677928 , 1.08669253,\n        1.94600411],\n       [4.73565252, 1.20744763, 6.28109545, 4.79165668, 1.18493075,\n        1.88437327],\n       [4.77666053, 1.26141796, 6.13157545, 5.08085966, 1.1187543 ,\n        2.00388453],\n       [4.84429063, 1.44449324, 6.31190184, 4.67897205, 1.05149824,\n        2.0059969 ],\n       [4.78512399, 1.36945907, 6.14885779, 4.69598302, 1.12413398,\n        1.93641927],\n       [4.52875277, 1.17063494, 6.18478951, 4.97736442, 1.26557312,\n        1.81298034]]), array([0.06538983, 0.07752344, 0.08238922, 0.08467942, 0.08848009,\n       0.08920361, 0.08964476]))", "callback": [0.8581794984563265, 0.5709567907072717, 0.4040107930165051, 0.30482584401362023, 0.29000986536876683, 0.26117770067360924, 0.20876252817279672, 0.15326565195990438, 0.11159728438933447, 0.08990138356512589]}, "1": {"maxiter": 100, "fatol": 1e-05, "xatol": 1e-10, "duration": 0.0271298885345459, "fun": "0.06538982803438553", "nit": "100", "nfev": "152", "status": "2", "success": "False", "message": "Maximum number of iterations has been exceeded.", "x": "[4.75214581 1.42677105 6.17078997 5.12846426 0.93192903 2.36843615]", "final_simplex": "(array([[4.75214581, 1.42677105, 6.17078997, 5.12846426, 0.93192903,\n        2.36843615],\n       [4.81583465, 1.23610155, 6.35542763, 5.0677928 , 1.08669253,\n        1.94600411],\n       [4.73565252, 1.20744763, 6.28109545, 4.79165668, 1.18493075,\n        1.88437327],\n       [4.77666053, 1.26141796, 6.13157545, 5.08085966, 1.1187543 ,\n        2.00388453],\n       [4.84429063, 1.44449324, 6.31190184, 4.67897205, 1.05149824,\n        2.0059969 ],\n       [4.78512399, 1.36945907, 6.14885779, 4.69598302, 1.12413398,\n        1.93641927],\n       [4.52875277, 1.17063494, 6.18478951, 4.97736442, 1.26557312,\n        1.81298034]]), array([0.06538983, 0.07752344, 0.08238922, 0.08467942, 0.08848009,\n       0.08920361, 0.08964476]))", "callback": [0.8581794984563265, 0.5709567907072717, 0.4040107930165051, 0.30482584401362023, 0.29000986536876683, 0.26117770067360924, 0.20876252817279672, 0.15326565195990438, 0.11159728438933447, 0.08990138356512589]}, "2": {"maxiter": 100, "fatol": 1e-10, "xatol": 1e-05, "duration": 0.026945114135742188, "fun": "0.06538982803438553", "nit": "100", "nfev": "152", "status": "2", "success": "False", "message": "Maximum number of iterations has been exceeded.", "x": "[4.75214581 1.42677105 6.17078997 5.12846426 0.93192903 2.36843615]", "final_simplex": "(array([[4.75214581, 1.42677105, 6.17078997, 5.12846426, 0.93192903,\n        2.36843615],\n       [4.81583465, 1.23610155, 6.35542763, 5.0677928 , 1.08669253,\n        1.94600411],\n       [4.73565252, 1.20744763, 6.28109545, 4.79165668, 1.18493075,\n        1.88437327],\n       [4.77666053, 1.26141796, 6.13157545, 5.08085966, 1.1187543 ,\n        2.00388453],\n       [4.84429063, 1.44449324, 6.31190184, 4.67897205, 1.05149824,\n        2.0059969 ],\n       [4.78512399, 1.36945907, 6.14885779, 4.69598302, 1.12413398,\n        1.93641927],\n       [4.52875277, 1.17063494, 6.18478951, 4.97736442, 1.26557312,\n        1.81298034]]), array([0.06538983, 0.07752344, 0.08238922, 0.08467942, 0.08848009,\n       0.08920361, 0.08964476]))", "callback": [0.8581794984563265, 0.5709567907072717, 0.4040107930165051, 0.30482584401362023, 0.29000986536876683, 0.26117770067360924, 0.20876252817279672, 0.15326565195990438, 0.11159728438933447, 0.08990138356512589]}, "3": {"maxiter": 100, "fatol": 1e-10, "xatol": 1e-10, "duration": 0.02687692642211914, "fun": "0.06538982803438553", "nit": "100", "nfev": "152", "status": "2", "success": "False", "message": "Maximum number of iterations has been exceeded.", "x": "[4.75214581 1.42677105 6.17078997 5.12846426 0.93192903 2.36843615]", "final_simplex": "(array([[4.75214581, 1.42677105, 6.17078997, 5.12846426, 0.93192903,\n        2.36843615],\n       [4.81583465, 1.23610155, 6.35542763, 5.0677928 , 1.08669253,\n        1.94600411],\n       [4.73565252, 1.20744763, 6.28109545, 4.79165668, 1.18493075,\n        1.88437327],\n       [4.77666053, 1.26141796, 6.13157545, 5.08085966, 1.1187543 ,\n        2.00388453],\n       [4.84429063, 1.44449324, 6.31190184, 4.67897205, 1.05149824,\n        2.0059969 ],\n       [4.78512399, 1.36945907, 6.14885779, 4.69598302, 1.12413398,\n        1.93641927],\n       [4.52875277, 1.17063494, 6.18478951, 4.97736442, 1.26557312,\n        1.81298034]]), array([0.06538983, 0.07752344, 0.08238922, 0.08467942, 0.08848009,\n       0.08920361, 0.08964476]))", "callback": [0.8581794984563265, 0.5709567907072717, 0.4040107930165051, 0.30482584401362023, 0.29000986536876683, 0.26117770067360924, 0.20876252817279672, 0.15326565195990438, 0.11159728438933447, 0.08990138356512589]}, "4": {"maxiter": 500, "fatol": 1e-05, "xatol": 1e-05, "duration": 0.08275008201599121, "fun": "0.038271412806610505", "nit": "290", "nfev": "468", "status": "0", "success": "True", "message": "Optimization terminated successfully.", "x": "[4.72094353 1.31446086 6.350597   5.55888157 0.76190177 2.8878129 ]", "final_simplex": "(array([[4.72094353, 1.31446086, 6.350597  , 5.55888157, 0.76190177,\n        2.8878129 ],\n       [4.72094847, 1.31445673, 6.35059619, 5.55887892, 0.76190112,\n        2.88781683],\n       [4.72094375, 1.31446503, 6.35059292, 5.55888015, 0.7619031 ,\n        2.88781147],\n       [4.72094146, 1.31445946, 6.35059448, 5.55887981, 0.76190323,\n        2.88781415],\n       [4.7209432 , 1.31446394, 6.35059321, 5.5588804 , 0.7619038 ,\n        2.8878053 ],\n       [4.72095035, 1.31445494, 6.35059235, 5.55888014, 0.76190085,\n        2.8878197 ],\n       [4.72094889, 1.31445406, 6.35059545, 5.55888248, 0.76190618,\n        2.88780956]]), array([0.03827141, 0.03827141, 0.03827141, 0.03827141, 0.03827141,\n       0.03827141, 0.03827141]))", "callback": [0.8581794984563265, 0.5709567907072717, 0.4040107930165051, 0.30482584401362023, 0.29000986536876683, 0.26117770067360924, 0.20876252817279672, 0.15326565195990438, 0.11159728438933447, 0.08990138356512589, 0.06447584020225572, 0.04349732363033798, 0.03953269779817048, 0.038903314966261426, 0.038903314966261426, 0.03879281294318937, 0.038697249455206695, 0.038477989176955774, 0.03831563647847469, 0.03827984913719806, 0.03827895398189485, 0.038273153886108524, 0.03827184398877237, 0.03827148688027837, 0.03827143125985932, 0.03827141505352083, 0.03827141322102867, 0.03827141287250502, 0.03827141281172686]}, "5": {"maxiter": 500, "fatol": 1e-05, "xatol": 1e-10, "duration": 0.11913084983825684, "fun": "0.03827141280382551", "nit": "390", "nfev": "686", "status": "0", "success": "True", "message": "Optimization terminated successfully.", "x": "[4.7209435  1.31446149 6.35059541 5.55887827 0.76190221 2.88781038]", "final_simplex": "(array([[4.7209435 , 1.31446149, 6.35059541, 5.55887827, 0.76190221,\n        2.88781038],\n       [4.7209435 , 1.31446149, 6.35059541, 5.55887827, 0.76190221,\n        2.88781038],\n       [4.7209435 , 1.31446149, 6.35059541, 5.55887827, 0.76190221,\n        2.88781038],\n       [4.7209435 , 1.31446149, 6.35059541, 5.55887827, 0.76190221,\n        2.88781038],\n       [4.7209435 , 1.31446149, 6.35059541, 5.55887827, 0.76190221,\n        2.88781038],\n       [4.7209435 , 1.31446149, 6.35059541, 5.55887827, 0.76190221,\n        2.88781038],\n       [4.7209435 , 1.31446149, 6.35059541, 5.55887827, 0.76190221,\n        2.88781038]]), array([0.03827141, 0.03827141, 0.03827141, 0.03827141, 0.03827141,\n       0.03827141, 0.03827141]))", "callback": [0.8581794984563265, 0.5709567907072717, 0.4040107930165051, 0.30482584401362023, 0.29000986536876683, 0.26117770067360924, 0.20876252817279672, 0.15326565195990438, 0.11159728438933447, 0.08990138356512589, 0.06447584020225572, 0.04349732363033798, 0.03953269779817048, 0.038903314966261426, 0.038903314966261426, 0.03879281294318937, 0.038697249455206695, 0.038477989176955774, 0.03831563647847469, 0.03827984913719806, 0.03827895398189485, 0.038273153886108524, 0.03827184398877237, 0.03827148688027837, 0.03827143125985932, 0.03827141505352083, 0.03827141322102867, 0.03827141287250502, 0.03827141281172686, 0.038271412806610505, 0.03827141280439672, 0.03827141280385571, 0.03827141280385571, 0.03827141280383617, 0.038271412803827065, 0.03827141280382629, 0.038271412803825955, 0.03827141280382551, 0.03827141280382551]}, "6": {"maxiter": 500, "fatol": 1e-10, "xatol": 1e-05, "duration": 0.08115911483764648, "fun": "0.038271412806610505", "nit": "290", "nfev": "468", "status": "0", "success": "True", "message": "Optimization terminated successfully.", "x": "[4.72094353 1.31446086 6.350597   5.55888157 0.76190177 2.8878129 ]", "final_simplex": "(array([[4.72094353, 1.31446086, 6.350597  , 5.55888157, 0.76190177,\n        2.8878129 ],\n       [4.72094847, 1.31445673, 6.35059619, 5.55887892, 0.76190112,\n        2.88781683],\n       [4.72094375, 1.31446503, 6.35059292, 5.55888015, 0.7619031 ,\n        2.88781147],\n       [4.72094146, 1.31445946, 6.35059448, 5.55887981, 0.76190323,\n        2.88781415],\n       [4.7209432 , 1.31446394, 6.35059321, 5.5588804 , 0.7619038 ,\n        2.8878053 ],\n       [4.72095035, 1.31445494, 6.35059235, 5.55888014, 0.76190085,\n        2.8878197 ],\n       [4.72094889, 1.31445406, 6.35059545, 5.55888248, 0.76190618,\n        2.88780956]]), array([0.03827141, 0.03827141, 0.03827141, 0.03827141, 0.03827141,\n       0.03827141, 0.03827141]))", "callback": [0.8581794984563265, 0.5709567907072717, 0.4040107930165051, 0.30482584401362023, 0.29000986536876683, 0.26117770067360924, 0.20876252817279672, 0.15326565195990438, 0.11159728438933447, 0.08990138356512589, 0.06447584020225572, 0.04349732363033798, 0.03953269779817048, 0.038903314966261426, 0.038903314966261426, 0.03879281294318937, 0.038697249455206695, 0.038477989176955774, 0.03831563647847469, 0.03827984913719806, 0.03827895398189485, 0.038273153886108524, 0.03827184398877237, 0.03827148688027837, 0.03827143125985932, 0.03827141505352083, 0.03827141322102867, 0.03827141287250502, 0.03827141281172686]}, "7": {"maxiter": 500, "fatol": 1e-10, "xatol": 1e-10, "duration": 0.11826372146606445, "fun": "0.03827141280382551", "nit": "390", "nfev": "686", "status": "0", "success": "True", "message": "Optimization terminated successfully.", "x": "[4.7209435  1.31446149 6.35059541 5.55887827 0.76190221 2.88781038]", "final_simplex": "(array([[4.7209435 , 1.31446149, 6.35059541, 5.55887827, 0.76190221,\n        2.88781038],\n       [4.7209435 , 1.31446149, 6.35059541, 5.55887827, 0.76190221,\n        2.88781038],\n       [4.7209435 , 1.31446149, 6.35059541, 5.55887827, 0.76190221,\n        2.88781038],\n       [4.7209435 , 1.31446149, 6.35059541, 5.55887827, 0.76190221,\n        2.88781038],\n       [4.7209435 , 1.31446149, 6.35059541, 5.55887827, 0.76190221,\n        2.88781038],\n       [4.7209435 , 1.31446149, 6.35059541, 5.55887827, 0.76190221,\n        2.88781038],\n       [4.7209435 , 1.31446149, 6.35059541, 5.55887827, 0.76190221,\n        2.88781038]]), array([0.03827141, 0.03827141, 0.03827141, 0.03827141, 0.03827141,\n       0.03827141, 0.03827141]))", "callback": [0.8581794984563265, 0.5709567907072717, 0.4040107930165051, 0.30482584401362023, 0.29000986536876683, 0.26117770067360924, 0.20876252817279672, 0.15326565195990438, 0.11159728438933447, 0.08990138356512589, 0.06447584020225572, 0.04349732363033798, 0.03953269779817048, 0.038903314966261426, 0.038903314966261426, 0.03879281294318937, 0.038697249455206695, 0.038477989176955774, 0.03831563647847469, 0.03827984913719806, 0.03827895398189485, 0.038273153886108524, 0.03827184398877237, 0.03827148688027837, 0.03827143125985932, 0.03827141505352083, 0.03827141322102867, 0.03827141287250502, 0.03827141281172686, 0.038271412806610505, 0.03827141280439672, 0.03827141280385571, 0.03827141280385571, 0.03827141280383617, 0.038271412803827065, 0.03827141280382629, 0.038271412803825955, 0.03827141280382551, 0.03827141280382551]}, "8": {"maxiter": 1000, "fatol": 1e-05, "xatol": 1e-05, "duration": 0.08173108100891113, "fun": "0.038271412806610505", "nit": "290", "nfev": "468", "status": "0", "success": "True", "message": "Optimization terminated successfully.", "x": "[4.72094353 1.31446086 6.350597   5.55888157 0.76190177 2.8878129 ]", "final_simplex": "(array([[4.72094353, 1.31446086, 6.350597  , 5.55888157, 0.76190177,\n        2.8878129 ],\n       [4.72094847, 1.31445673, 6.35059619, 5.55887892, 0.76190112,\n        2.88781683],\n       [4.72094375, 1.31446503, 6.35059292, 5.55888015, 0.7619031 ,\n        2.88781147],\n       [4.72094146, 1.31445946, 6.35059448, 5.55887981, 0.76190323,\n        2.88781415],\n       [4.7209432 , 1.31446394, 6.35059321, 5.5588804 , 0.7619038 ,\n        2.8878053 ],\n       [4.72095035, 1.31445494, 6.35059235, 5.55888014, 0.76190085,\n        2.8878197 ],\n       [4.72094889, 1.31445406, 6.35059545, 5.55888248, 0.76190618,\n        2.88780956]]), array([0.03827141, 0.03827141, 0.03827141, 0.03827141, 0.03827141,\n       0.03827141, 0.03827141]))", "callback": [0.8581794984563265, 0.5709567907072717, 0.4040107930165051, 0.30482584401362023, 0.29000986536876683, 0.26117770067360924, 0.20876252817279672, 0.15326565195990438, 0.11159728438933447, 0.08990138356512589, 0.06447584020225572, 0.04349732363033798, 0.03953269779817048, 0.038903314966261426, 0.038903314966261426, 0.03879281294318937, 0.038697249455206695, 0.038477989176955774, 0.03831563647847469, 0.03827984913719806, 0.03827895398189485, 0.038273153886108524, 0.03827184398877237, 0.03827148688027837, 0.03827143125985932, 0.03827141505352083, 0.03827141322102867, 0.03827141287250502, 0.03827141281172686]}, "9": {"maxiter": 1000, "fatol": 1e-05, "xatol": 1e-10, "duration": 0.11882591247558594, "fun": "0.03827141280382551", "nit": "390", "nfev": "686", "status": "0", "success": "True", "message": "Optimization terminated successfully.", "x": "[4.7209435  1.31446149 6.35059541 5.55887827 0.76190221 2.88781038]", "final_simplex": "(array([[4.7209435 , 1.31446149, 6.35059541, 5.55887827, 0.76190221,\n        2.88781038],\n       [4.7209435 , 1.31446149, 6.35059541, 5.55887827, 0.76190221,\n        2.88781038],\n       [4.7209435 , 1.31446149, 6.35059541, 5.55887827, 0.76190221,\n        2.88781038],\n       [4.7209435 , 1.31446149, 6.35059541, 5.55887827, 0.76190221,\n        2.88781038],\n       [4.7209435 , 1.31446149, 6.35059541, 5.55887827, 0.76190221,\n        2.88781038],\n       [4.7209435 , 1.31446149, 6.35059541, 5.55887827, 0.76190221,\n        2.88781038],\n       [4.7209435 , 1.31446149, 6.35059541, 5.55887827, 0.76190221,\n        2.88781038]]), array([0.03827141, 0.03827141, 0.03827141, 0.03827141, 0.03827141,\n       0.03827141, 0.03827141]))", "callback": [0.8581794984563265, 0.5709567907072717, 0.4040107930165051, 0.30482584401362023, 0.29000986536876683, 0.26117770067360924, 0.20876252817279672, 0.15326565195990438, 0.11159728438933447, 0.08990138356512589, 0.06447584020225572, 0.04349732363033798, 0.03953269779817048, 0.038903314966261426, 0.038903314966261426, 0.03879281294318937, 0.038697249455206695, 0.038477989176955774, 0.03831563647847469, 0.03827984913719806, 0.03827895398189485, 0.038273153886108524, 0.03827184398877237, 0.03827148688027837, 0.03827143125985932, 0.03827141505352083, 0.03827141322102867, 0.03827141287250502, 0.03827141281172686, 0.038271412806610505, 0.03827141280439672, 0.03827141280385571, 0.03827141280385571, 0.03827141280383617, 0.038271412803827065, 0.03827141280382629, 0.038271412803825955, 0.03827141280382551, 0.03827141280382551]}, "10": {"maxiter": 1000, "fatol": 1e-10, "xatol": 1e-05, "duration": 0.08136606216430664, "fun": "0.038271412806610505", "nit": "290", "nfev": "468", "status": "0", "success": "True", "message": "Optimization terminated successfully.", "x": "[4.72094353 1.31446086 6.350597   5.55888157 0.76190177 2.8878129 ]", "final_simplex": "(array([[4.72094353, 1.31446086, 6.350597  , 5.55888157, 0.76190177,\n        2.8878129 ],\n       [4.72094847, 1.31445673, 6.35059619, 5.55887892, 0.76190112,\n        2.88781683],\n       [4.72094375, 1.31446503, 6.35059292, 5.55888015, 0.7619031 ,\n        2.88781147],\n       [4.72094146, 1.31445946, 6.35059448, 5.55887981, 0.76190323,\n        2.88781415],\n       [4.7209432 , 1.31446394, 6.35059321, 5.5588804 , 0.7619038 ,\n        2.8878053 ],\n       [4.72095035, 1.31445494, 6.35059235, 5.55888014, 0.76190085,\n        2.8878197 ],\n       [4.72094889, 1.31445406, 6.35059545, 5.55888248, 0.76190618,\n        2.88780956]]), array([0.03827141, 0.03827141, 0.03827141, 0.03827141, 0.03827141,\n       0.03827141, 0.03827141]))", "callback": [0.8581794984563265, 0.5709567907072717, 0.4040107930165051, 0.30482584401362023, 0.29000986536876683, 0.26117770067360924, 0.20876252817279672, 0.15326565195990438, 0.11159728438933447, 0.08990138356512589, 0.06447584020225572, 0.04349732363033798, 0.03953269779817048, 0.038903314966261426, 0.038903314966261426, 0.03879281294318937, 0.038697249455206695, 0.038477989176955774, 0.03831563647847469, 0.03827984913719806, 0.03827895398189485, 0.038273153886108524, 0.03827184398877237, 0.03827148688027837, 0.03827143125985932, 0.03827141505352083, 0.03827141322102867, 0.03827141287250502, 0.03827141281172686]}, "11": {"maxiter": 1000, "fatol": 1e-10, "xatol": 1e-10, "duration": 0.12425613403320312, "fun": "0.03827141280382551", "nit": "390", "nfev": "686", "status": "0", "success": "True", "message": "Optimization terminated successfully.", "x": "[4.7209435  1.31446149 6.35059541 5.55887827 0.76190221 2.88781038]", "final_simplex": "(array([[4.7209435 , 1.31446149, 6.35059541, 5.55887827, 0.76190221,\n        2.88781038],\n       [4.7209435 , 1.31446149, 6.35059541, 5.55887827, 0.76190221,\n        2.88781038],\n       [4.7209435 , 1.31446149, 6.35059541, 5.55887827, 0.76190221,\n        2.88781038],\n       [4.7209435 , 1.31446149, 6.35059541, 5.55887827, 0.76190221,\n        2.88781038],\n       [4.7209435 , 1.31446149, 6.35059541, 5.55887827, 0.76190221,\n        2.88781038],\n       [4.7209435 , 1.31446149, 6.35059541, 5.55887827, 0.76190221,\n        2.88781038],\n       [4.7209435 , 1.31446149, 6.35059541, 5.55887827, 0.76190221,\n        2.88781038]]), array([0.03827141, 0.03827141, 0.03827141, 0.03827141, 0.03827141,\n       0.03827141, 0.03827141]))", "callback": [0.8581794984563265, 0.5709567907072717, 0.4040107930165051, 0.30482584401362023, 0.29000986536876683, 0.26117770067360924, 0.20876252817279672, 0.15326565195990438, 0.11159728438933447, 0.08990138356512589, 0.06447584020225572, 0.04349732363033798, 0.03953269779817048, 0.038903314966261426, 0.038903314966261426, 0.03879281294318937, 0.038697249455206695, 0.038477989176955774, 0.03831563647847469, 0.03827984913719806, 0.03827895398189485, 0.038273153886108524, 0.03827184398877237, 0.03827148688027837, 0.03827143125985932, 0.03827141505352083, 0.03827141322102867, 0.03827141287250502, 0.03827141281172686, 0.038271412806610505, 0.03827141280439672, 0.03827141280385571, 0.03827141280385571, 0.03827141280383617, 0.038271412803827065, 0.03827141280382629, 0.038271412803825955, 0.03827141280382551, 0.03827141280382551]}}, "bfgs": {"type": "gradient", "0": {"maxiter": 100, "gtol": 1e-05, "xrtol": 1e-05, "eps": 1e-05, "duration": 0.031069040298461914, "fun": "0.038271412818970285", "jac": "[ 4.12270218e-07 -4.05453449e-08  1.21174182e-06  1.18479671e-06\n  2.14894769e-07  4.33819647e-07]", "hess_inv": "[[ 2.55784208 -0.37277071 -0.03360977 -0.19449876  1.87515914 -1.97400402]\n [-0.37277071  4.74713285 -1.66969737  2.09618569 -2.57847181  3.97225069]\n [-0.03360977 -1.66969737  2.85254514 -0.91718267  1.31463529 -3.10911113]\n [-0.19449876  2.09618569 -0.91718267  2.90087042 -1.207305    1.7814418 ]\n [ 1.87515914 -2.57847181  1.31463529 -1.207305    6.81362441 -6.43505667]\n [-1.97400402  3.97225069 -3.10911113  1.7814418  -6.43505667  9.40228771]]", "nfev": "168", "njev": "24", "status": "0", "success": "True", "message": "Optimization terminated successfully.", "x": "[5.12257451 0.64741084 6.58984184 0.78041681 3.02261284 0.90199253]", "nit": "18", "callback": [0.6971070662461292, 0.4127768705639795, 0.32904535749130903, 0.27358578694149505, 0.21801039409870815, 0.13061506873703643, 0.08179829776000291, 0.04806554670426144, 0.03893106607632557, 0.038540825983423566, 0.03837099911250341, 0.03830048753195481, 0.038282340370062284, 0.03827461412359501, 0.038271869334062236, 0.038271436552153926, 0.03827141311436588, 0.038271412818970285]}, "1": {"maxiter": 100, "gtol": 1e-05, "xrtol": 1e-05, "eps": 1e-10, "duration": 0.02965688705444336, "fun": "0.038271413076195415", "jac": "[-8.88178346e-06 -1.11022293e-06 -2.22044587e-06  8.88178346e-06\n  4.44089173e-06  0.00000000e+00]", "hess_inv": "[[ 2.56116816 -0.3479565  -0.07591428 -0.16693265  1.87877244 -1.93306365]\n [-0.3479565   4.51678984 -1.50012091  1.84148115 -2.55452106  3.74280319]\n [-0.07591428 -1.50012091  2.84774634 -0.72345271  1.28405245 -3.03524739]\n [-0.16693265  1.84148115 -0.72345271  2.61669185 -1.1859312   1.52451285]\n [ 1.87877244 -2.55452106  1.28405245 -1.1859312   6.81223728 -6.40097694]\n [-1.93306365  3.74280319 -3.03524739  1.52451285 -6.40097694  9.25084956]]", "nfev": "161", "njev": "23", "status": "0", "success": "True", "message": "Optimization terminated successfully.", "x": "[5.12255982 0.64744971 6.58982986 0.78044943 3.02262496 0.90199231]", "nit": "17", "callback": [0.6971046444861386, 0.4127608888999358, 0.3290132214844633, 0.2736128165097179, 0.21800231609904075, 0.13058850127182642, 0.08173217583012726, 0.048051036387880774, 0.03892327872741186, 0.03853931423266088, 0.038369255024968574, 0.0383002503211296, 0.03828223572676959, 0.03827459698562996, 0.03827185519863163, 0.03827143747601114, 0.038271413076195415]}, "2": {"maxiter": 100, "gtol": 1e-05, "xrtol": 1e-10, "eps": 1e-05, "duration": 0.031224966049194336, "fun": "0.038271412818970285", "jac": "[ 4.12270218e-07 -4.05453449e-08  1.21174182e-06  1.18479671e-06\n  2.14894769e-07  4.33819647e-07]", "hess_inv": "[[ 2.55784208 -0.37277071 -0.03360977 -0.19449876  1.87515914 -1.97400402]\n [-0.37277071  4.74713285 -1.66969737  2.09618569 -2.57847181  3.97225069]\n [-0.03360977 -1.66969737  2.85254514 -0.91718267  1.31463529 -3.10911113]\n [-0.19449876  2.09618569 -0.91718267  2.90087042 -1.207305    1.7814418 ]\n [ 1.87515914 -2.57847181  1.31463529 -1.207305    6.81362441 -6.43505667]\n [-1.97400402  3.97225069 -3.10911113  1.7814418  -6.43505667  9.40228771]]", "nfev": "168", "njev": "24", "status": "0", "success": "True", "message": "Optimization terminated successfully.", "x": "[5.12257451 0.64741084 6.58984184 0.78041681 3.02261284 0.90199253]", "nit": "18", "callback": [0.6971070662461292, 0.4127768705639795, 0.32904535749130903, 0.27358578694149505, 0.21801039409870815, 0.13061506873703643, 0.08179829776000291, 0.04806554670426144, 0.03893106607632557, 0.038540825983423566, 0.03837099911250341, 0.03830048753195481, 0.038282340370062284, 0.03827461412359501, 0.038271869334062236, 0.038271436552153926, 0.03827141311436588, 0.038271412818970285]}, "3": {"maxiter": 100, "gtol": 1e-05, "xrtol": 1e-10, "eps": 1e-10, "duration": 0.029178142547607422, "fun": "0.038271413076195415", "jac": "[-8.88178346e-06 -1.11022293e-06 -2.22044587e-06  8.88178346e-06\n  4.44089173e-06  0.00000000e+00]", "hess_inv": "[[ 2.56116816 -0.3479565  -0.07591428 -0.16693265  1.87877244 -1.93306365]\n [-0.3479565   4.51678984 -1.50012091  1.84148115 -2.55452106  3.74280319]\n [-0.07591428 -1.50012091  2.84774634 -0.72345271  1.28405245 -3.03524739]\n [-0.16693265  1.84148115 -0.72345271  2.61669185 -1.1859312   1.52451285]\n [ 1.87877244 -2.55452106  1.28405245 -1.1859312   6.81223728 -6.40097694]\n [-1.93306365  3.74280319 -3.03524739  1.52451285 -6.40097694  9.25084956]]", "nfev": "161", "njev": "23", "status": "0", "success": "True", "message": "Optimization terminated successfully.", "x": "[5.12255982 0.64744971 6.58982986 0.78044943 3.02262496 0.90199231]", "nit": "17", "callback": [0.6971046444861386, 0.4127608888999358, 0.3290132214844633, 0.2736128165097179, 0.21800231609904075, 0.13058850127182642, 0.08173217583012726, 0.048051036387880774, 0.03892327872741186, 0.03853931423266088, 0.038369255024968574, 0.0383002503211296, 0.03828223572676959, 0.03827459698562996, 0.03827185519863163, 0.03827143747601114, 0.038271413076195415]}, "4": {"maxiter": 100, "gtol": 1e-10, "xrtol": 1e-05, "eps": 1e-05, "duration": 0.02970099449157715, "fun": "0.038271412818970285", "jac": "[ 4.12270218e-07 -4.05453449e-08  1.21174182e-06  1.18479671e-06\n  2.14894769e-07  4.33819647e-07]", "hess_inv": "[[ 2.55784208 -0.37277071 -0.03360977 -0.19449876  1.87515914 -1.97400402]\n [-0.37277071  4.74713285 -1.66969737  2.09618569 -2.57847181  3.97225069]\n [-0.03360977 -1.66969737  2.85254514 -0.91718267  1.31463529 -3.10911113]\n [-0.19449876  2.09618569 -0.91718267  2.90087042 -1.207305    1.7814418 ]\n [ 1.87515914 -2.57847181  1.31463529 -1.207305    6.81362441 -6.43505667]\n [-1.97400402  3.97225069 -3.10911113  1.7814418  -6.43505667  9.40228771]]", "nfev": "168", "njev": "24", "status": "0", "success": "True", "message": "Optimization terminated successfully.", "x": "[5.12257451 0.64741084 6.58984184 0.78041681 3.02261284 0.90199253]", "nit": "18", "callback": [0.6971070662461292, 0.4127768705639795, 0.32904535749130903, 0.27358578694149505, 0.21801039409870815, 0.13061506873703643, 0.08179829776000291, 0.04806554670426144, 0.03893106607632557, 0.038540825983423566, 0.03837099911250341, 0.03830048753195481, 0.038282340370062284, 0.03827461412359501, 0.038271869334062236, 0.038271436552153926, 0.03827141311436588, 0.038271412818970285]}, "5": {"maxiter": 100, "gtol": 1e-10, "xrtol": 1e-05, "eps": 1e-10, "duration": 0.029626131057739258, "fun": "0.03827141285261226", "jac": "[ 0.00000000e+00 -1.11022293e-06  0.00000000e+00 -1.11022293e-06\n -2.22044587e-06 -2.22044587e-06]", "hess_inv": "[[ 2.56299151 -0.40978975  0.0214559  -0.23649625  1.87663915 -2.0347742 ]\n [-0.40978975  4.53674443 -1.50970412  1.91164898 -2.54252482  3.75261577]\n [ 0.0214559  -1.50970412  2.82821609 -0.80987921  1.26579627 -3.01453299]\n [-0.23649625  1.91164898 -0.80987921  2.74821992 -1.17104867  1.61457391]\n [ 1.87663915 -2.54252482  1.26579627 -1.17104867  6.81297972 -6.38191272]\n [-2.0347742   3.75261577 -3.01453299  1.61457391 -6.38191272  9.22888423]]", "nfev": "168", "njev": "24", "status": "0", "success": "True", "message": "Optimization terminated successfully.", "x": "[5.12257595 0.64744207 6.58983622 0.78042845 3.02262176 0.90198571]", "nit": "18", "callback": [0.6971046444861386, 0.4127608888999358, 0.3290132214844633, 0.2736128165097179, 0.21800231609904075, 0.13058850127182642, 0.08173217583012726, 0.048051036387880774, 0.03892327872741186, 0.03853931423266088, 0.038369255024968574, 0.0383002503211296, 0.03828223572676959, 0.03827459698562996, 0.03827185519863163, 0.03827143747601114, 0.038271413076195415, 0.03827141285261226]}, "6": {"maxiter": 100, "gtol": 1e-10, "xrtol": 1e-10, "eps": 1e-05, "duration": 0.08436393737792969, "fun": "0.038271412818970285", "jac": "[ 4.12270218e-07 -4.05453449e-08  1.21174182e-06  1.18479671e-06\n  2.14894769e-07  4.33819647e-07]", "hess_inv": "[[ 2.55208074 -0.35123975 -0.05556957 -0.17835522  1.87312286 -1.95216295]\n [-0.35123975  4.78886873 -1.5856273   2.20877057 -2.59029707  3.95581576]\n [-0.05556957 -1.5856273   2.76887629 -0.85281595  1.30655528 -3.02479349]\n [-0.17835522  2.20877057 -0.85281595  3.10031433 -1.22910033  1.81248488]\n [ 1.87312286 -2.59029707  1.30655528 -1.22910033  6.81599574 -6.43770497]\n [-1.95216295  3.95581576 -3.02479349  1.81248488 -6.43770497  9.35426382]]", "nfev": "480", "njev": "67", "status": "2", "success": "False", "message": "Desired error not necessarily achieved due to precision loss.", "x": "[5.12257451 0.64741084 6.58984184 0.78041681 3.02261284 0.90199253]", "nit": "18", "callback": [0.6971070662461292, 0.4127768705639795, 0.32904535749130903, 0.27358578694149505, 0.21801039409870815, 0.13061506873703643, 0.08179829776000291, 0.04806554670426144, 0.03893106607632557, 0.038540825983423566, 0.03837099911250341, 0.03830048753195481, 0.038282340370062284, 0.03827461412359501, 0.038271869334062236, 0.038271436552153926, 0.03827141311436588, 0.038271412818970285]}, "7": {"maxiter": 100, "gtol": 1e-10, "xrtol": 1e-10, "eps": 1e-10, "duration": 0.04567289352416992, "fun": "0.03827141285261226", "jac": "[ 2.22044587e-06  2.22044587e-06  4.44089173e-06  0.00000000e+00\n -2.22044587e-06  0.00000000e+00]", "hess_inv": "[[ 2.62402194 -0.06504911 -0.19595505 -0.12518745  1.72938739 -1.5859197 ]\n [-0.06504911  4.19619638 -1.25910033  1.37253596 -2.54686181  3.38691401]\n [-0.19595505 -1.25910033  2.64701071 -0.451594    1.25557052 -2.73846001]\n [-0.12518745  1.37253596 -0.451594    2.3550864  -1.01723842  0.9523047 ]\n [ 1.72938739 -2.54686181  1.25557052 -1.01723842  6.8690086  -6.41565856]\n [-1.5859197   3.38691401 -2.73846001  0.9523047  -6.41565856  8.85125784]]", "nfev": "245", "njev": "35", "status": "0", "success": "True", "message": "Optimization terminated successfully.", "x": "[5.12257595 0.64744207 6.58983622 0.78042845 3.02262176 0.90198571]", "nit": "19", "callback": [0.6971046444861386, 0.4127608888999358, 0.3290132214844633, 0.2736128165097179, 0.21800231609904075, 0.13058850127182642, 0.08173217583012726, 0.048051036387880774, 0.03892327872741186, 0.03853931423266088, 0.038369255024968574, 0.0383002503211296, 0.03828223572676959, 0.03827459698562996, 0.03827185519863163, 0.03827143747601114, 0.038271413076195415, 0.03827141285261226, 0.03827141285261226]}, "8": {"maxiter": 500, "gtol": 1e-05, "xrtol": 1e-05, "eps": 1e-05, "duration": 0.08031487464904785, "fun": "0.038271412818970285", "jac": "[ 4.12270218e-07 -4.05453449e-08  1.21174182e-06  1.18479671e-06\n  2.14894769e-07  4.33819647e-07]", "hess_inv": "[[ 2.55784208 -0.37277071 -0.03360977 -0.19449876  1.87515914 -1.97400402]\n [-0.37277071  4.74713285 -1.66969737  2.09618569 -2.57847181  3.97225069]\n [-0.03360977 -1.66969737  2.85254514 -0.91718267  1.31463529 -3.10911113]\n [-0.19449876  2.09618569 -0.91718267  2.90087042 -1.207305    1.7814418 ]\n [ 1.87515914 -2.57847181  1.31463529 -1.207305    6.81362441 -6.43505667]\n [-1.97400402  3.97225069 -3.10911113  1.7814418  -6.43505667  9.40228771]]", "nfev": "168", "njev": "24", "status": "0", "success": "True", "message": "Optimization terminated successfully.", "x": "[5.12257451 0.64741084 6.58984184 0.78041681 3.02261284 0.90199253]", "nit": "18", "callback": [0.6971070662461292, 0.4127768705639795, 0.32904535749130903, 0.27358578694149505, 0.21801039409870815, 0.13061506873703643, 0.08179829776000291, 0.04806554670426144, 0.03893106607632557, 0.038540825983423566, 0.03837099911250341, 0.03830048753195481, 0.038282340370062284, 0.03827461412359501, 0.038271869334062236, 0.038271436552153926, 0.03827141311436588, 0.038271412818970285]}, "9": {"maxiter": 500, "gtol": 1e-05, "xrtol": 1e-05, "eps": 1e-10, "duration": 0.02857208251953125, "fun": "0.038271413076195415", "jac": "[-8.88178346e-06 -1.11022293e-06 -2.22044587e-06  8.88178346e-06\n  4.44089173e-06  0.00000000e+00]", "hess_inv": "[[ 2.56116816 -0.3479565  -0.07591428 -0.16693265  1.87877244 -1.93306365]\n [-0.3479565   4.51678984 -1.50012091  1.84148115 -2.55452106  3.74280319]\n [-0.07591428 -1.50012091  2.84774634 -0.72345271  1.28405245 -3.03524739]\n [-0.16693265  1.84148115 -0.72345271  2.61669185 -1.1859312   1.52451285]\n [ 1.87877244 -2.55452106  1.28405245 -1.1859312   6.81223728 -6.40097694]\n [-1.93306365  3.74280319 -3.03524739  1.52451285 -6.40097694  9.25084956]]", "nfev": "161", "njev": "23", "status": "0", "success": "True", "message": "Optimization terminated successfully.", "x": "[5.12255982 0.64744971 6.58982986 0.78044943 3.02262496 0.90199231]", "nit": "17", "callback": [0.6971046444861386, 0.4127608888999358, 0.3290132214844633, 0.2736128165097179, 0.21800231609904075, 0.13058850127182642, 0.08173217583012726, 0.048051036387880774, 0.03892327872741186, 0.03853931423266088, 0.038369255024968574, 0.0383002503211296, 0.03828223572676959, 0.03827459698562996, 0.03827185519863163, 0.03827143747601114, 0.038271413076195415]}, "10": {"maxiter": 500, "gtol": 1e-05, "xrtol": 1e-10, "eps": 1e-05, "duration": 0.0298769474029541, "fun": "0.038271412818970285", "jac": "[ 4.12270218e-07 -4.05453449e-08  1.21174182e-06  1.18479671e-06\n  2.14894769e-07  4.33819647e-07]", "hess_inv": "[[ 2.55784208 -0.37277071 -0.03360977 -0.19449876  1.87515914 -1.97400402]\n [-0.37277071  4.74713285 -1.66969737  2.09618569 -2.57847181  3.97225069]\n [-0.03360977 -1.66969737  2.85254514 -0.91718267  1.31463529 -3.10911113]\n [-0.19449876  2.09618569 -0.91718267  2.90087042 -1.207305    1.7814418 ]\n [ 1.87515914 -2.57847181  1.31463529 -1.207305    6.81362441 -6.43505667]\n [-1.97400402  3.97225069 -3.10911113  1.7814418  -6.43505667  9.40228771]]", "nfev": "168", "njev": "24", "status": "0", "success": "True", "message": "Optimization terminated successfully.", "x": "[5.12257451 0.64741084 6.58984184 0.78041681 3.02261284 0.90199253]", "nit": "18", "callback": [0.6971070662461292, 0.4127768705639795, 0.32904535749130903, 0.27358578694149505, 0.21801039409870815, 0.13061506873703643, 0.08179829776000291, 0.04806554670426144, 0.03893106607632557, 0.038540825983423566, 0.03837099911250341, 0.03830048753195481, 0.038282340370062284, 0.03827461412359501, 0.038271869334062236, 0.038271436552153926, 0.03827141311436588, 0.038271412818970285]}, "11": {"maxiter": 500, "gtol": 1e-05, "xrtol": 1e-10, "eps": 1e-10, "duration": 0.028169870376586914, "fun": "0.038271413076195415", "jac": "[-8.88178346e-06 -1.11022293e-06 -2.22044587e-06  8.88178346e-06\n  4.44089173e-06  0.00000000e+00]", "hess_inv": "[[ 2.56116816 -0.3479565  -0.07591428 -0.16693265  1.87877244 -1.93306365]\n [-0.3479565   4.51678984 -1.50012091  1.84148115 -2.55452106  3.74280319]\n [-0.07591428 -1.50012091  2.84774634 -0.72345271  1.28405245 -3.03524739]\n [-0.16693265  1.84148115 -0.72345271  2.61669185 -1.1859312   1.52451285]\n [ 1.87877244 -2.55452106  1.28405245 -1.1859312   6.81223728 -6.40097694]\n [-1.93306365  3.74280319 -3.03524739  1.52451285 -6.40097694  9.25084956]]", "nfev": "161", "njev": "23", "status": "0", "success": "True", "message": "Optimization terminated successfully.", "x": "[5.12255982 0.64744971 6.58982986 0.78044943 3.02262496 0.90199231]", "nit": "17", "callback": [0.6971046444861386, 0.4127608888999358, 0.3290132214844633, 0.2736128165097179, 0.21800231609904075, 0.13058850127182642, 0.08173217583012726, 0.048051036387880774, 0.03892327872741186, 0.03853931423266088, 0.038369255024968574, 0.0383002503211296, 0.03828223572676959, 0.03827459698562996, 0.03827185519863163, 0.03827143747601114, 0.038271413076195415]}, "12": {"maxiter": 500, "gtol": 1e-10, "xrtol": 1e-05, "eps": 1e-05, "duration": 0.02932286262512207, "fun": "0.038271412818970285", "jac": "[ 4.12270218e-07 -4.05453449e-08  1.21174182e-06  1.18479671e-06\n  2.14894769e-07  4.33819647e-07]", "hess_inv": "[[ 2.55784208 -0.37277071 -0.03360977 -0.19449876  1.87515914 -1.97400402]\n [-0.37277071  4.74713285 -1.66969737  2.09618569 -2.57847181  3.97225069]\n [-0.03360977 -1.66969737  2.85254514 -0.91718267  1.31463529 -3.10911113]\n [-0.19449876  2.09618569 -0.91718267  2.90087042 -1.207305    1.7814418 ]\n [ 1.87515914 -2.57847181  1.31463529 -1.207305    6.81362441 -6.43505667]\n [-1.97400402  3.97225069 -3.10911113  1.7814418  -6.43505667  9.40228771]]", "nfev": "168", "njev": "24", "status": "0", "success": "True", "message": "Optimization terminated successfully.", "x": "[5.12257451 0.64741084 6.58984184 0.78041681 3.02261284 0.90199253]", "nit": "18", "callback": [0.6971070662461292, 0.4127768705639795, 0.32904535749130903, 0.27358578694149505, 0.21801039409870815, 0.13061506873703643, 0.08179829776000291, 0.04806554670426144, 0.03893106607632557, 0.038540825983423566, 0.03837099911250341, 0.03830048753195481, 0.038282340370062284, 0.03827461412359501, 0.038271869334062236, 0.038271436552153926, 0.03827141311436588, 0.038271412818970285]}, "13": {"maxiter": 500, "gtol": 1e-10, "xrtol": 1e-05, "eps": 1e-10, "duration": 0.029315948486328125, "fun": "0.03827141285261226", "jac": "[ 0.00000000e+00 -1.11022293e-06  0.00000000e+00 -1.11022293e-06\n -2.22044587e-06 -2.22044587e-06]", "hess_inv": "[[ 2.56299151 -0.40978975  0.0214559  -0.23649625  1.87663915 -2.0347742 ]\n [-0.40978975  4.53674443 -1.50970412  1.91164898 -2.54252482  3.75261577]\n [ 0.0214559  -1.50970412  2.82821609 -0.80987921  1.26579627 -3.01453299]\n [-0.23649625  1.91164898 -0.80987921  2.74821992 -1.17104867  1.61457391]\n [ 1.87663915 -2.54252482  1.26579627 -1.17104867  6.81297972 -6.38191272]\n [-2.0347742   3.75261577 -3.01453299  1.61457391 -6.38191272  9.22888423]]", "nfev": "168", "njev": "24", "status": "0", "success": "True", "message": "Optimization terminated successfully.", "x": "[5.12257595 0.64744207 6.58983622 0.78042845 3.02262176 0.90198571]", "nit": "18", "callback": [0.6971046444861386, 0.4127608888999358, 0.3290132214844633, 0.2736128165097179, 0.21800231609904075, 0.13058850127182642, 0.08173217583012726, 0.048051036387880774, 0.03892327872741186, 0.03853931423266088, 0.038369255024968574, 0.0383002503211296, 0.03828223572676959, 0.03827459698562996, 0.03827185519863163, 0.03827143747601114, 0.038271413076195415, 0.03827141285261226]}, "14": {"maxiter": 500, "gtol": 1e-10, "xrtol": 1e-10, "eps": 1e-05, "duration": 0.08303475379943848, "fun": "0.038271412818970285", "jac": "[ 4.12270218e-07 -4.05453449e-08  1.21174182e-06  1.18479671e-06\n  2.14894769e-07  4.33819647e-07]", "hess_inv": "[[ 2.55208074 -0.35123975 -0.05556957 -0.17835522  1.87312286 -1.95216295]\n [-0.35123975  4.78886873 -1.5856273   2.20877057 -2.59029707  3.95581576]\n [-0.05556957 -1.5856273   2.76887629 -0.85281595  1.30655528 -3.02479349]\n [-0.17835522  2.20877057 -0.85281595  3.10031433 -1.22910033  1.81248488]\n [ 1.87312286 -2.59029707  1.30655528 -1.22910033  6.81599574 -6.43770497]\n [-1.95216295  3.95581576 -3.02479349  1.81248488 -6.43770497  9.35426382]]", "nfev": "480", "njev": "67", "status": "2", "success": "False", "message": "Desired error not necessarily achieved due to precision loss.", "x": "[5.12257451 0.64741084 6.58984184 0.78041681 3.02261284 0.90199253]", "nit": "18", "callback": [0.6971070662461292, 0.4127768705639795, 0.329