{"date": "2024/09/25/, 14:42:53", "conf_id": 251, "data_type": "var_s_rank\n", "num_data_points": 1, "s_rank": 0, "unitary": "[[-0.56303964-0.00798273j,-0.21670212-0.15784972j,-0.06047197-0.73952673j,-0.01438004+0.24552571j],[-0.06976756+0.23474685j,-0.01275565-0.5435098j,-0.02703657-0.08917885j,-0.08210486-0.79311774j],[-0.38559961+0.10714929j,0.5933431-0.2687392j,-0.24060861+0.29149289j,-0.45147719+0.26241743j],[-0.50180421+0.45931857j,-0.11617175+0.44134496j,0.49642745+0.22684508j,-0.08544628-0.15407063j]]", "databatch_0": {"databatch": "[[[0.21610652+0.08513403j,0.11161667-0.22895081j,-0.0763248-0.27570133j,0.08624785+0.02862154j],[0.05955797+0.07060646j,-0.15199776-0.26624825j,0.14718134-0.04664146j,0.00692588-0.0503305j],[0.37399321+0.00075322j,0.24506675-0.11589013j,0.44172993-0.03352399j,-0.30715922+0.01686642j],[-0.03071733+0.02979803j,-0.21071485-0.16341125j,0.15260784-0.23607019j,0.02766792+0.07194869j]]]", "initial param values": "[5.45736888,4.55554664,1.90446989,5.30707721,6.25300041,2.20788445]", "nelder_mead": {"type": "gradient-free", "0": {"maxiter": 100, "fatol": 1e-05, "xatol": 1e-05, "duration": 0.036783695220947266, "fun": "0.4254208104955034", "nit": "100", "nfev": "154", "status": "2", "success": "False", "message": "Maximum number of iterations has been exceeded.", "x": "[6.88968273 4.69063007 1.57292854 3.24450828 8.98443505 2.45295735]", "final_simplex": "(array([[6.88968273, 4.69063007, 1.57292854, 3.24450828, 8.98443505,\n        2.45295735],\n       [6.9083679 , 4.66846719, 1.58819607, 3.20219051, 8.94641512,\n        2.4365604 ],\n       [6.94100943, 4.67597462, 1.61033765, 3.21805923, 8.87367239,\n        2.35556672],\n       [6.88809345, 4.72057165, 1.57493289, 3.24707129, 8.97830063,\n        2.41012916],\n       [6.90448183, 4.6607758 , 1.61670391, 3.20872463, 8.8697923 ,\n        2.38674547],\n       [6.91656287, 4.58396295, 1.64848936, 3.23550548, 8.78927526,\n        2.33535922],\n       [6.91499334, 4.63208662, 1.60580015, 3.18412846, 8.95967104,\n        2.43095318]]), array([0.42542081, 0.42565631, 0.4261455 , 0.42623087, 0.42636556,\n       0.42640948, 0.42643321]))", "callback": [0.9079560307059992, 0.7089118067308302, 0.5486563853480408, 0.438357456039003, 0.4331498420725731, 0.42980635662095035, 0.4285738500710029, 0.42768929317091153, 0.42714164037831814, 0.4264579761019749]}, "1": {"maxiter": 100, "fatol": 1e-05, "xatol": 1e-10, "duration": 0.03607177734375, "fun": "0.4254208104955034", "nit": "100", "nfev": "154", "status": "2", "success": "False", "message": "Maximum number of iterations has been exceeded.", "x": "[6.88968273 4.69063007 1.57292854 3.24450828 8.98443505 2.45295735]", "final_simplex": "(array([[6.88968273, 4.69063007, 1.57292854, 3.24450828, 8.98443505,\n        2.45295735],\n       [6.9083679 , 4.66846719, 1.58819607, 3.20219051, 8.94641512,\n        2.4365604 ],\n       [6.94100943, 4.67597462, 1.61033765, 3.21805923, 8.87367239,\n        2.35556672],\n       [6.88809345, 4.72057165, 1.57493289, 3.24707129, 8.97830063,\n        2.41012916],\n       [6.90448183, 4.6607758 , 1.61670391, 3.20872463, 8.8697923 ,\n        2.38674547],\n       [6.91656287, 4.58396295, 1.64848936, 3.23550548, 8.78927526,\n        2.33535922],\n       [6.91499334, 4.63208662, 1.60580015, 3.18412846, 8.95967104,\n        2.43095318]]), array([0.42542081, 0.42565631, 0.4261455 , 0.42623087, 0.42636556,\n       0.42640948, 0.42643321]))", "callback": [0.9079560307059992, 0.7089118067308302, 0.5486563853480408, 0.438357456039003, 0.4331498420725731, 0.42980635662095035, 0.4285738500710029, 0.42768929317091153, 0.42714164037831814, 0.4264579761019749]}, "2": {"maxiter": 100, "fatol": 1e-10, "xatol": 1e-05, "duration": 0.0360870361328125, "fun": "0.4254208104955034", "nit": "100", "nfev": "154", "status": "2", "success": "False", "message": "Maximum number of iterations has been exceeded.", "x": "[6.88968273 4.69063007 1.57292854 3.24450828 8.98443505 2.45295735]", "final_simplex": "(array([[6.88968273, 4.69063007, 1.57292854, 3.24450828, 8.98443505,\n        2.45295735],\n       [6.9083679 , 4.66846719, 1.58819607, 3.20219051, 8.94641512,\n        2.4365604 ],\n       [6.94100943, 4.67597462, 1.61033765, 3.21805923, 8.87367239,\n        2.35556672],\n       [6.88809345, 4.72057165, 1.57493289, 3.24707129, 8.97830063,\n        2.41012916],\n       [6.90448183, 4.6607758 , 1.61670391, 3.20872463, 8.8697923 ,\n        2.38674547],\n       [6.91656287, 4.58396295, 1.64848936, 3.23550548, 8.78927526,\n        2.33535922],\n       [6.91499334, 4.63208662, 1.60580015, 3.18412846, 8.95967104,\n        2.43095318]]), array([0.42542081, 0.42565631, 0.4261455 , 0.42623087, 0.42636556,\n       0.42640948, 0.42643321]))", "callback": [0.9079560307059992, 0.7089118067308302, 0.5486563853480408, 0.438357456039003, 0.4331498420725731, 0.42980635662095035, 0.4285738500710029, 0.42768929317091153, 0.42714164037831814, 0.4264579761019749]}, "3": {"maxiter": 100, "fatol": 1e-10, "xatol": 1e-10, "duration": 0.03531527519226074, "fun": "0.4254208104955034", "nit": "100", "nfev": "154", "status": "2", "success": "False", "message": "Maximum number of iterations has been exceeded.", "x": "[6.88968273 4.69063007 1.57292854 3.24450828 8.98443505 2.45295735]", "final_simplex": "(array([[6.88968273, 4.69063007, 1.57292854, 3.24450828, 8.98443505,\n        2.45295735],\n       [6.9083679 , 4.66846719, 1.58819607, 3.20219051, 8.94641512,\n        2.4365604 ],\n       [6.94100943, 4.67597462, 1.61033765, 3.21805923, 8.87367239,\n        2.35556672],\n       [6.88809345, 4.72057165, 1.57493289, 3.24707129, 8.97830063,\n        2.41012916],\n       [6.90448183, 4.6607758 , 1.61670391, 3.20872463, 8.8697923 ,\n        2.38674547],\n       [6.91656287, 4.58396295, 1.64848936, 3.23550548, 8.78927526,\n        2.33535922],\n       [6.91499334, 4.63208662, 1.60580015, 3.18412846, 8.95967104,\n        2.43095318]]), array([0.42542081, 0.42565631, 0.4261455 , 0.42623087, 0.42636556,\n       0.42640948, 0.42643321]))", "callback": [0.9079560307059992, 0.7089118067308302, 0.5486563853480408, 0.438357456039003, 0.4331498420725731, 0.42980635662095035, 0.4285738500710029, 0.42768929317091153, 0.42714164037831814, 0.4264579761019749]}, "4": {"maxiter": 500, "fatol": 1e-05, "xatol": 1e-05, "duration": 0.16321301460266113, "fun": "0.4113977627317267", "nit": "456", "nfev": "714", "status": "0", "success": "True", "message": "Optimization terminated successfully.", "x": "[ 7.5401456   5.39228769  0.91337719  3.44832045 11.17990642  4.10255517]", "final_simplex": "(array([[ 7.5401456 ,  5.39228769,  0.91337719,  3.44832045, 11.17990642,\n         4.10255517],\n       [ 7.54014784,  5.39228651,  0.91337753,  3.44832115, 11.17991099,\n         4.10255876],\n       [ 7.54015067,  5.39228953,  0.91337439,  3.44832179, 11.17991258,\n         4.10255804],\n       [ 7.54015286,  5.39229107,  0.91337442,  3.44832385, 11.17991182,\n         4.10255625],\n       [ 7.54014496,  5.39228507,  0.9133778 ,  3.44831957, 11.17990682,\n         4.10255797],\n       [ 7.54014501,  5.3922877 ,  0.91337738,  3.44831898, 11.17990078,\n         4.10255081],\n       [ 7.54014837,  5.39228614,  0.91337835,  3.44832027, 11.17991278,\n         4.10256117]]), array([0.41139776, 0.41139776, 0.41139776, 0.41139776, 0.41139776,\n       0.41139776, 0.41139776]))", "callback": [0.9079560307059992, 0.7089118067308302, 0.5486563853480408, 0.438357456039003, 0.4331498420725731, 0.42980635662095035, 0.4285738500710029, 0.42768929317091153, 0.42714164037831814, 0.4264579761019749, 0.4254208104955034, 0.4221369766826295, 0.41702441763489784, 0.4145702559969944, 0.41406325516960973, 0.41375460265746633, 0.41366317174799094, 0.41364239456773544, 0.41363221178625853, 0.4136237424300073, 0.4135925169525255, 0.4135414160174875, 0.4133783412934571, 0.41275719436465363, 0.4120469598962325, 0.4116864898668062, 0.41153880475746396, 0.41142837431053014, 0.4114182594666205, 0.4114059593493814, 0.41140030884996326, 0.4113990236909615, 0.4113986859439758, 0.41139812928971453, 0.41139797572059955, 0.411397835252312, 0.41139778791561155, 0.4113977693650721, 0.4113977641804032, 0.4113977629982797, 0.4113977627892894, 0.4113977627534403, 0.4113977627422122, 0.41139776273438056, 0.4113977627335994, 0.4113977627319161]}, "5": {"maxiter": 500, "fatol": 1e-05, "xatol": 1e-10, "duration": 0.18160676956176758, "fun": "0.41139776273146444", "nit": "500", "nfev": "789", "status": "2", "success": "False", "message": "Maximum number of iterations has been exceeded.", "x": "[ 7.54014924  5.39228853  0.91337669  3.44832184 11.17990978  4.10255675]", "final_simplex": "(array([[ 7.54014924,  5.39228853,  0.91337669,  3.44832184, 11.17990978,\n         4.10255675],\n       [ 7.54014917,  5.39228855,  0.91337668,  3.44832185, 11.17990983,\n         4.10255671],\n       [ 7.54014956,  5.39228865,  0.91337661,  3.44832199, 11.17991024,\n         4.10255694],\n       [ 7.54014917,  5.39228846,  0.91337674,  3.44832177, 11.1799098 ,\n         4.10255676],\n       [ 7.54014927,  5.39228844,  0.91337672,  3.44832183, 11.17990991,\n         4.10255685],\n       [ 7.54014939,  5.39228864,  0.91337658,  3.44832185, 11.17991007,\n         4.10255679],\n       [ 7.54014946,  5.39228867,  0.91337658,  3.4483219 , 11.17990981,\n         4.10255657]]), array([0.41139776, 0.41139776, 0.41139776, 0.41139776, 0.41139776,\n       0.41139776, 0.41139776]))", "callback": [0.9079560307059992, 0.7089118067308302, 0.5486563853480408, 0.438357456039003, 0.4331498420725731, 0.42980635662095035, 0.4285738500710029, 0.42768929317091153, 0.42714164037831814, 0.4264579761019749, 0.4254208104955034, 0.4221369766826295, 0.41702441763489784, 0.4145702559969944, 0.41406325516960973, 0.41375460265746633, 0.41366317174799094, 0.41364239456773544, 0.41363221178625853, 0.4136237424300073, 0.4135925169525255, 0.4135414160174875, 0.4133783412934571, 0.41275719436465363, 0.4120469598962325, 0.4116864898668062, 0.41153880475746396, 0.41142837431053014, 0.4114182594666205, 0.4114059593493814, 0.41140030884996326, 0.4113990236909615, 0.4113986859439758, 0.41139812928971453, 0.41139797572059955, 0.411397835252312, 0.41139778791561155, 0.4113977693650721, 0.4113977641804032, 0.4113977629982797, 0.4113977627892894, 0.4113977627534403, 0.4113977627422122, 0.41139776273438056, 0.4113977627335994, 0.4113977627319161, 0.41139776273152284, 0.4113977627314874, 0.41139776273147555, 0.4113977627314671]}, "6": {"maxiter": 500, "fatol": 1e-10, "xatol": 1e-05, "duration": 0.21901893615722656, "fun": "0.4113977627317267", "nit": "456", "nfev": "714", "status": "0", "success": "True", "message": "Optimization terminated successfully.", "x": "[ 7.5401456   5.39228769  0.91337719  3.44832045 11.17990642  4.10255517]", "final_simplex": "(array([[ 7.5401456 ,  5.39228769,  0.91337719,  3.44832045, 11.17990642,\n         4.10255517],\n       [ 7.54014784,  5.39228651,  0.91337753,  3.44832115, 11.17991099,\n         4.10255876],\n       [ 7.54015067,  5.39228953,  0.91337439,  3.44832179, 11.17991258,\n         4.10255804],\n       [ 7.54015286,  5.39229107,  0.91337442,  3.44832385, 11.17991182,\n         4.10255625],\n       [ 7.54014496,  5.39228507,  0.9133778 ,  3.44831957, 11.17990682,\n         4.10255797],\n       [ 7.54014501,  5.3922877 ,  0.91337738,  3.44831898, 11.17990078,\n         4.10255081],\n       [ 7.54014837,  5.39228614,  0.91337835,  3.44832027, 11.17991278,\n         4.10256117]]), array([0.41139776, 0.41139776, 0.41139776, 0.41139776, 0.41139776,\n       0.41139776, 0.41139776]))", "callback": [0.9079560307059992, 0.7089118067308302, 0.5486563853480408, 0.438357456039003, 0.4331498420725731, 0.42980635662095035, 0.4285738500710029, 0.42768929317091153, 0.42714164037831814, 0.4264579761019749, 0.4254208104955034, 0.4221369766826295, 0.41702441763489784, 0.4145702559969944, 0.41406325516960973, 0.41375460265746633, 0.41366317174799094, 0.41364239456773544, 0.41363221178625853, 0.4136237424300073, 0.4135925169525255, 0.4135414160174875, 0.4133783412934571, 0.41275719436465363, 0.4120469598962325, 0.4116864898668062, 0.41153880475746396, 0.41142837431053014, 0.4114182594666205, 0.4114059593493814, 0.41140030884996326, 0.4113990236909615, 0.4113986859439758, 0.41139812928971453, 0.41139797572059955, 0.411397835252312, 0.41139778791561155, 0.4113977693650721, 0.4113977641804032, 0.4113977629982797, 0.4113977627892894, 0.4113977627534403, 0.4113977627422122, 0.41139776273438056, 0.4113977627335994, 0.4113977627319161]}, "7": {"maxiter": 500, "fatol": 1e-10, "xatol": 1e-10, "duration": 0.18372511863708496, "fun": "0.41139776273146444", "nit": "500", "nfev": "789", "status": "2", "success": "False", "message": "Maximum number of iterations has been exceeded.", "x": "[ 7.54014924  5.39228853  0.91337669  3.44832184 11.17990978  4.10255675]", "final_simplex": "(array([[ 7.54014924,  5.39228853,  0.91337669,  3.44832184, 11.17990978,\n         4.10255675],\n       [ 7.54014917,  5.39228855,  0.91337668,  3.44832185, 11.17990983,\n         4.10255671],\n       [ 7.54014956,  5.39228865,  0.91337661,  3.44832199, 11.17991024,\n         4.10255694],\n       [ 7.54014917,  5.39228846,  0.91337674,  3.44832177, 11.1799098 ,\n         4.10255676],\n       [ 7.54014927,  5.39228844,  0.91337672,  3.44832183, 11.17990991,\n         4.10255685],\n       [ 7.54014939,  5.39228864,  0.91337658,  3.44832185, 11.17991007,\n         4.10255679],\n       [ 7.54014946,  5.39228867,  0.91337658,  3.4483219 , 11.17990981,\n         4.10255657]]), array([0.41139776, 0.41139776, 0.41139776, 0.41139776, 0.41139776,\n       0.41139776, 0.41139776]))", "callback": [0.9079560307059992, 0.7089118067308302, 0.5486563853480408, 0.438357456039003, 0.4331498420725731, 0.42980635662095035, 0.4285738500710029, 0.42768929317091153, 0.42714164037831814, 0.4264579761019749, 0.4254208104955034, 0.4221369766826295, 0.41702441763489784, 0.4145702559969944, 0.41406325516960973, 0.41375460265746633, 0.41366317174799094, 0.41364239456773544, 0.41363221178625853, 0.4136237424300073, 0.4135925169525255, 0.4135414160174875, 0.4133783412934571, 0.41275719436465363, 0.4120469598962325, 0.4116864898668062, 0.41153880475746396, 0.41142837431053014, 0.4114182594666205, 0.4114059593493814, 0.41140030884996326, 0.4113990236909615, 0.4113986859439758, 0.41139812928971453, 0.41139797572059955, 0.411397835252312, 0.41139778791561155, 0.4113977693650721, 0.4113977641804032, 0.4113977629982797, 0.4113977627892894, 0.4113977627534403, 0.4113977627422122, 0.41139776273438056, 0.4113977627335994, 0.4113977627319161, 0.41139776273152284, 0.4113977627314874, 0.41139776273147555, 0.4113977627314671]}, "8": {"maxiter": 1000, "fatol": 1e-05, "xatol": 1e-05, "duration": 0.17087602615356445, "fun": "0.4113977627317267", "nit": "456", "nfev": "714", "status": "0", "success": "True", "message": "Optimization terminated successfully.", "x": "[ 7.5401456   5.39228769  0.91337719  3.44832045 11.17990642  4.10255517]", "final_simplex": "(array([[ 7.5401456 ,  5.39228769,  0.91337719,  3.44832045, 11.17990642,\n         4.10255517],\n       [ 7.54014784,  5.39228651,  0.91337753,  3.44832115, 11.17991099,\n         4.10255876],\n       [ 7.54015067,  5.39228953,  0.91337439,  3.44832179, 11.17991258,\n         4.10255804],\n       [ 7.54015286,  5.39229107,  0.91337442,  3.44832385, 11.17991182,\n         4.10255625],\n       [ 7.54014496,  5.39228507,  0.9133778 ,  3.44831957, 11.17990682,\n         4.10255797],\n       [ 7.54014501,  5.3922877 ,  0.91337738,  3.44831898, 11.17990078,\n         4.10255081],\n       [ 7.54014837,  5.39228614,  0.91337835,  3.44832027, 11.17991278,\n         4.10256117]]), array([0.41139776, 0.41139776, 0.41139776, 0.41139776, 0.41139776,\n       0.41139776, 0.41139776]))", "callback": [0.9079560307059992, 0.7089118067308302, 0.5486563853480408, 0.438357456039003, 0.4331498420725731, 0.42980635662095035, 0.4285738500710029, 0.42768929317091153, 0.42714164037831814, 0.4264579761019749, 0.4254208104955034, 0.4221369766826295, 0.41702441763489784, 0.4145702559969944, 0.41406325516960973, 0.41375460265746633, 0.41366317174799094, 0.41364239456773544, 0.41363221178625853, 0.4136237424300073, 0.4135925169525255, 0.4135414160174875, 0.4133783412934571, 0.41275719436465363, 0.4120469598962325, 0.4116864898668062, 0.41153880475746396, 0.41142837431053014, 0.4114182594666205, 0.4114059593493814, 0.41140030884996326, 0.4113990236909615, 0.4113986859439758, 0.41139812928971453, 0.41139797572059955, 0.411397835252312, 0.41139778791561155, 0.4113977693650721, 0.4113977641804032, 0.4113977629982797, 0.4113977627892894, 0.4113977627534403, 0.4113977627422122, 0.41139776273438056, 0.4113977627335994, 0.4113977627319161]}, "9": {"maxiter": 1000, "fatol": 1e-05, "xatol": 1e-10, "duration": 0.22176408767700195, "fun": "0.41139776273146345", "nit": "564", "nfev": "957", "status": "0", "success": "True", "message": "Optimization terminated successfully.", "x": "[ 7.54014937  5.39228855  0.91337671  3.44832196 11.17991002  4.10255693]", "final_simplex": "(array([[ 7.54014937,  5.39228855,  0.91337671,  3.44832196, 11.17991002,\n         4.10255693],\n       [ 7.54014937,  5.39228855,  0.91337671,  3.44832196, 11.17991002,\n         4.10255693],\n       [ 7.54014937,  5.39228855,  0.91337671,  3.44832196, 11.17991002,\n         4.10255693],\n       [ 7.54014937,  5.39228855,  0.91337671,  3.44832196, 11.17991002,\n         4.10255693],\n       [ 7.54014937,  5.39228855,  0.91337671,  3.44832196, 11.17991002,\n         4.10255693],\n       [ 7.54014937,  5.39228855,  0.91337671,  3.44832196, 11.17991002,\n         4.10255693],\n       [ 7.54014937,  5.39228855,  0.91337671,  3.44832196, 11.17991002,\n         4.10255693]]), array([0.41139776, 0.41139776, 0.41139776, 0.41139776, 0.41139776,\n       0.41139776, 0.41139776]))", "callback": [0.9079560307059992, 0.7089118067308302, 0.5486563853480408, 0.438357456039003, 0.4331498420725731, 0.42980635662095035, 0.4285738500710029, 0.42768929317091153, 0.42714164037831814, 0.4264579761019749, 0.4254208104955034, 0.4221369766826295, 0.41702441763489784, 0.4145702559969944, 0.41406325516960973, 0.41375460265746633, 0.41366317174799094, 0.41364239456773544, 0.41363221178625853, 0.4136237424300073, 0.4135925169525255, 0.4135414160174875, 0.4133783412934571, 0.41275719436465363, 0.4120469598962325, 0.4116864898668062, 0.41153880475746396, 0.41142837431053014, 0.4114182594666205, 0.4114059593493814, 0.41140030884996326, 0.4113990236909615, 0.4113986859439758, 0.41139812928971453, 0.41139797572059955, 0.411397835252312, 0.41139778791561155, 0.4113977693650721, 0.4113977641804032, 0.4113977629982797, 0.4113977627892894, 0.4113977627534403, 0.4113977627422122, 0.41139776273438056, 0.4113977627335994, 0.4113977627319161, 0.41139776273152284, 0.4113977627314874, 0.41139776273147555, 0.4113977627314671, 0.41139776273146444, 0.411397762731464, 0.41139776273146356, 0.41139776273146345, 0.41139776273146345, 0.41139776273146345, 0.41139776273146345]}, "10": {"maxiter": 1000, "fatol": 1e-10, "xatol": 1e-05, "duration": 0.16282081604003906, "fun": "0.4113977627317267", "nit": "456", "nfev": "714", "status": "0", "success": "True", "message": "Optimization terminated successfully.", "x": "[ 7.5401456   5.39228769  0.91337719  3.44832045 11.17990642  4.10255517]", "final_simplex": "(array([[ 7.5401456 ,  5.39228769,  0.91337719,  3.44832045, 11.17990642,\n         4.10255517],\n       [ 7.54014784,  5.39228651,  0.91337753,  3.44832115, 11.17991099,\n         4.10255876],\n       [ 7.54015067,  5.39228953,  0.91337439,  3.44832179, 11.17991258,\n         4.10255804],\n       [ 7.54015286,  5.39229107,  0.91337442,  3.44832385, 11.17991182,\n         4.10255625],\n       [ 7.54014496,  5.39228507,  0.9133778 ,  3.44831957, 11.17990682,\n         4.10255797],\n       [ 7.54014501,  5.3922877 ,  0.91337738,  3.44831898, 11.17990078,\n         4.10255081],\n       [ 7.54014837,  5.39228614,  0.91337835,  3.44832027, 11.17991278,\n         4.10256117]]), array([0.41139776, 0.41139776, 0.41139776, 0.41139776, 0.41139776,\n       0.41139776, 0.41139776]))", "callback": [0.9079560307059992, 0.7089118067308302, 0.5486563853480408, 0.438357456039003, 0.4331498420725731, 0.42980635662095035, 0.4285738500710029, 0.42768929317091153, 0.42714164037831814, 0.4264579761019749, 0.4254208104955034, 0.4221369766826295, 0.41702441763489784, 0.4145702559969944, 0.41406325516960973, 0.41375460265746633, 0.41366317174799094, 0.41364239456773544, 0.41363221178625853, 0.4136237424300073, 0.4135925169525255, 0.4135414160174875, 0.4133783412934571, 0.41275719436465363, 0.4120469598962325, 0.4116864898668062, 0.41153880475746396, 0.41142837431053014, 0.4114182594666205, 0.4114059593493814, 0.41140030884996326, 0.4113990236909615, 0.4113986859439758, 0.41139812928971453, 0.41139797572059955, 0.411397835252312, 0.41139778791561155, 0.4113977693650721, 0.4113977641804032, 0.4113977629982797, 0.4113977627892894, 0.4113977627534403, 0.4113977627422122, 0.41139776273438056, 0.4113977627335994, 0.4113977627319161]}, "11": {"maxiter": 1000, "fatol": 1e-10, "xatol": 1e-10, "duration": 0.2175910472869873, "fun": "0.41139776273146345", "nit": "564", "nfev": "957", "status": "0", "success": "True", "message": "Optimization terminated successfully.", "x": "[ 7.54014937  5.39228855  0.91337671  3.44832196 11.17991002  4.10255693]", "final_simplex": "(array([[ 7.54014937,  5.39228855,  0.91337671,  3.44832196, 11.17991002,\n         4.10255693],\n       [ 7.54014937,  5.39228855,  0.91337671,  3.44832196, 11.17991002,\n         4.10255693],\n       [ 7.54014937,  5.39228855,  0.91337671,  3.44832196, 11.17991002,\n         4.10255693],\n       [ 7.54014937,  5.39228855,  0.91337671,  3.44832196, 11.17991002,\n         4.10255693],\n       [ 7.54014937,  5.39228855,  0.91337671,  3.44832196, 11.17991002,\n         4.10255693],\n       [ 7.54014937,  5.39228855,  0.91337671,  3.44832196, 11.17991002,\n         4.10255693],\n       [ 7.54014937,  5.39228855,  0.91337671,  3.44832196, 11.17991002,\n         4.10255693]]), array([0.41139776, 0.41139776, 0.41139776, 0.41139776, 0.41139776,\n       0.41139776, 0.41139776]))", "callback": [0.9079560307059992, 0.7089118067308302, 0.5486563853480408, 0.438357456039003, 0.4331498420725731, 0.42980635662095035, 0.4285738500710029, 0.42768929317091153, 0.42714164037831814, 0.4264579761019749, 0.4254208104955034, 0.4221369766826295, 0.41702441763489784, 0.4145702559969944, 0.41406325516960973, 0.41375460265746633, 0.41366317174799094, 0.41364239456773544, 0.41363221178625853, 0.4136237424300073, 0.4135925169525255, 0.4135414160174875, 0.4133783412934571, 0.41275719436465363, 0.4120469598962325, 0.4116864898668062, 0.41153880475746396, 0.41142837431053014, 0.4114182594666205, 0.4114059593493814, 0.41140030884996326, 0.4113990236909615, 0.4113986859439758, 0.41139812928971453, 0.41139797572059955, 0.411397835252312, 0.41139778791561155, 0.4113977693650721, 0.4113977641804032, 0.4113977629982797, 0.4113977627892894, 0.4113977627534403, 0.4113977627422122, 0.41139776273438056, 0.4113977627335994, 0.4113977627319161, 0.41139776273152284, 0.4113977627314874, 0.41139776273147555, 0.4113977627314671, 0.41139776273146444, 0.411397762731464, 0.41139776273146356, 0.41139776273146345, 0.41139776273146345, 0.41139776273146345, 0.41139776273146345]}}, "bfgs": {"type": "gradient", "0": {"maxiter": 100, "gtol": 1e-05, "xrtol": 1e-05, "eps": 1e-05, "duration": 0.0806429386138916, "fun": "0.41139776301301734", "jac": "[-4.51527704e-08 -1.30064848e-06 -1.06495923e-06 -5.45119505e-09\n -9.50339807e-07  9.74897940e-07]", "hess_inv": "[[ 32.33468131 -11.54770984   9.20573277 -14.71420214 -39.00032159\n  -17.51290508]\n [-11.54770984  12.26252488  -7.75726886   5.20178443   9.07189115\n   -4.28141225]\n [  9.20573277  -7.75726886   8.94809883  -2.65756768  -7.27490376\n    2.42469438]\n [-14.71420214   5.20178443  -2.65756768  11.00566708  19.0706481\n    8.86077869]\n [-39.00032159   9.07189115  -7.27490376  19.0706481   90.42296851\n   64.80213558]\n [-17.51290508  -4.28141225   2.42469438   8.86077869  64.80213558\n   61.57655827]]", "nfev": "343", "njev": "49", "status": "0", "success": "True", "message": "Optimization terminated successfully.", "x": "[ 5.0263136   8.53385039 -2.22820865  3.44826898 11.17970052  4.10241014]", "nit": "44", "callback": [0.6205109002703302, 0.6047021616045398, 0.5770626312316017, 0.5447368087292598, 0.5374617710775003, 0.5242667569168807, 0.5044153844930501, 0.48947191271907453, 0.4741408234298945, 0.45990028155453966, 0.4546457564628653, 0.45073762165685227, 0.44798113250831606, 0.44348193614134757, 0.4368980678398068, 0.4296379122084337, 0.42129464109460657, 0.41927595947704244, 0.4182795613425173, 0.41743301325523063, 0.4169808533907664, 0.416659049531665, 0.4164387630804922, 0.41637520521805405, 0.41636297679240375, 0.41634461765335784, 0.41631102380096185, 0.41624813506022806, 0.4161311004432674, 0.4159229858093235, 0.4155951543811436, 0.41508227983210955, 0.4141896063775319, 0.4135165386159336, 0.41287819147824467, 0.4122722033446822, 0.4117336163757186, 0.4115982400187669, 0.4114653684910309, 0.4114144210245553, 0.411397904722659, 0.411397782126502, 0.4113977645830067, 0.41139776301301734]}, "1": {"maxiter": 100, "gtol": 1e-05, "xrtol": 1e-05, "eps": 1e-10, "duration": 0.08102107048034668, "fun": "0.41139776274899953", "jac": "[ 0.00000000e+00  0.00000000e+00  0.00000000e+00 -2.22044587e-06\n -2.22044587e-06 -2.22044587e-06]", "hess_inv": "[[ 33.19437726 -11.78296642   9.65095521 -15.2927145  -40.62471461\n  -18.48388142]\n [-11.78296642  12.43721834  -7.92146029   5.44878101   9.34813124\n   -4.26051114]\n [  9.65095521  -7.92146029   9.10070481  -2.98555841  -8.05296624\n    2.05160937]\n [-15.2927145    5.44878101  -2.98555841  11.35662291  19.85326837\n    9.1385571 ]\n [-40.62471461   9.34813124  -8.05296624  19.85326837  93.30615297\n   66.54146426]\n [-18.48388142  -4.26051114   2.05160937   9.1385571   66.54146426\n   62.7077976 ]]", "nfev": "343", "njev": "49", "status": "0", "success": "True", "message": "Optimization terminated successfully.", "x": "[ 5.02622894  8.53386711 -2.22820594  3.4483196  11.17993624  4.102596  ]", "nit": "44", "callback": [0.6205105110734543, 0.6047005385807663, 0.5770592976409177, 0.5447356653036769, 0.5374613543222593, 0.5242661777982154, 0.504412523588414, 0.4894737539611821, 0.4741528913761598, 0.45989971140163133, 0.45464546478125234, 0.4507391946471613, 0.4479828863503563, 0.4434841212125995, 0.43690103495137456, 0.42964117371598154, 0.4212984528515953, 0.4192787467581487, 0.41828227331394585, 0.41743440161584056, 0.4169819299606332, 0.4166592171441421, 0.4164390260137454, 0.4163753443271414, 0.41636313243285494, 0.41634463603867, 0.41631081033637063, 0.4162475346396727, 0.4161302177380938, 0.41592210961862897, 0.41559311053877934, 0.4150795842040048, 0.41418450420096553, 0.41352257660270664, 0.41287928561347287, 0.4122817780239705, 0.41173044670300507, 0.41159704492525995, 0.4114648135883343, 0.41141384099152956, 0.41139791542627546, 0.4113978047676927, 0.41139776427522223, 0.41139776274899953]}, "2": {"maxiter": 100, "gtol": 1e-05, "xrtol": 1e-10, "eps": 1e-05, "duration": 0.0796809196472168, "fun": "0.41139776301301734", "jac": "[-4.51527704e-08 -1.30064848e-06 -1.06495923e-06 -5.45119505e-09\n -9.50339807e-07  9.74897940e-07]", "hess_inv": "[[ 32.33468131 -11.54770984   9.20573277 -14.71420214 -39.00032159\n  -17.51290508]\n [-11.54770984  12.26252488  -7.75726886   5.20178443   9.07189115\n   -4.28141225]\n [  9.20573277  -7.75726886   8.94809883  -2.65756768  -7.27490376\n    2.42469438]\n [-14.71420214   5.20178443  -2.65756768  11.00566708  19.0706481\n    8.86077869]\n [-39.00032159   9.07189115  -7.27490376  19.0706481   90.42296851\n   64.80213558]\n [-17.51290508  -4.28141225   2.42469438   8.86077869  64.80213558\n   61.57655827]]", "nfev": "343", "njev": "49", "status": "0", "success": "True", "message": "Optimization terminated successfully.", "x": "[ 5.0263136   8.53385039 -2.22820865  3.44826898 11.17970052  4.10241014]", "nit": "44", "callback": [0.6205109002703302, 0.6047021616045398, 0.5770626312316017, 0.5447368087292598, 0.5374617710775003, 0.5242667569168807, 0.5044153844930501, 0.48947191271907453, 0.4741408234298945, 0.45990028155453966, 0.4546457564628653, 0.45073762165685227, 0.44798113250831606, 0.44348193614134757, 0.4368980678398068, 0.4296379122084337, 0.42129464109460657, 0.41927595947704244, 0.4182795613425173, 0.41743301325523063, 0.4169808533907664, 0.416659049531665, 0.4164387630804922, 0.41637520521805405, 0.41636297679240375, 0.41634461765335784, 0.41631102380096185, 0.41624813506022806, 0.4161311004432674, 0.4159229858093235, 0.4155951543811436, 0.41508227983210955, 0.4141896063775319, 0.4135165386159336, 0.41287819147824467, 0.4122722033446822, 0.4117336163757186, 0.4115982400187669, 0.4114653684910309, 0.4114144210245553, 0.411397904722659, 0.411397782126502, 0.4113977645830067, 0.41139776301301734]}, "3": {"maxiter": 100, "gtol": 1e-05, "xrtol": 1e-10, "eps": 1e-10, "duration": 0.08028697967529297, "fun": "0.41139776274899953", "jac": "[ 0.00000000e+00  0.00000000e+00  0.00000000e+00 -2.22044587e-06\n -2.22044587e-06 -2.22044587e-06]", "hess_inv": "[[ 33.19437726 -11.78296642   9.65095521 -15.2927145  -40.62471461\n  -18.48388142]\n [-11.78296642  12.43721834  -7.92146029   5.44878101   9.34813124\n   -4.26051114]\n [  9.65095521  -7.92146029   9.10070481  -2.98555841  -8.05296624\n    2.05160937]\n [-15.2927145    5.44878101  -2.98555841  11.35662291  19.85326837\n    9.1385571 ]\n [-40.62471461   9.34813124  -8.05296624  19.85326837  93.30615297\n   66.54146426]\n [-18.48388142  -4.26051114   2.05160937   9.1385571   66.54146426\n   62.7077976 ]]", "nfev": "343", "njev": "49", "status": "0", "success": "True", "message": "Optimization terminated successfully.", "x": "[ 5.02622894  8.53386711 -2.22820594  3.4483196  11.17993624  4.102596  ]", "nit": "44", "callback": [0.6205105110734543, 0.6047005385807663, 0.5770592976409177, 0.5447356653036769, 0.5374613543222593, 0.5242661777982154, 0.504412523588414, 0.4894737539611821, 0.4741528913761598, 0.45989971140163133, 0.45464546478125234, 0.4507391946471613, 0.4479828863503563, 0.4434841212125995, 0.43690103495137456, 0.42964117371598154, 0.4212984528515953, 0.4192787467581487, 0.41828227331394585, 0.41743440161584056, 0.4169819299606332, 0.4166592171441421, 0.4164390260137454, 0.4163753443271414, 0.41636313243285494, 0.41634463603867, 0.41631081033637063, 0.4162475346396727, 0.4161302177380938, 0.41592210961862897, 0.41559311053877934, 0.4150795842040048, 0.41418450420096553, 0.41352257660270664, 0.41287928561347287, 0.4122817780239705, 0.41173044670300507, 0.41159704492525995, 0.4114648135883343, 0.41141384099152956, 0.41139791542627546, 0.4113978047676927, 0.41139776427522223, 0.41139776274899953]}, "4": {"maxiter": 100, "gtol": 1e-10, "xrtol": 1e-05, "eps": 1e-05, "duration": 0.080230712890625, "fun": "0.4113977629578439", "jac": "[ 3.67361697e-07 -3.19422266e-07 -5.52058399e-07  5.08115772e-07\n -8.23008328e-08  1.24289468e-07]", "hess_inv": "[[ 30.78914264 -11.07199993   8.96268798 -13.87952942 -35.91982818\n  -15.76095745]\n [-11.07199993  12.6585227   -7.9262952    4.942686     7.16643092\n   -6.0713694 ]\n [  8.96268798  -7.9262952    9.01948988  -2.5253262   -6.36014304\n    3.262434  ]\n [-13.87952942   4.942686    -2.5253262   10.55490846  17.41088342\n    7.91968368]\n [-35.91982818   7.16643092  -6.36014304  17.41088342  85.97258145\n   63.51758495]\n [-15.76095745  -6.0713694    3.262434     7.91968368  63.51758495\n   62.47454731]]", "nfev": "350", "njev": "50", "status": "0", "success": "True", "message": "Optimization terminated successfully.", "x": "[ 5.02629129  8.53387067 -2.22821818  3.44828097 11.17972132  4.1024045 ]", "nit": "45", "callback": [0.6205109002703302, 0.6047021616045398, 0.5770626312316017, 0.5447368087292598, 0.5374617710775003, 0.5242667569168807, 0.5044153844930501, 0.48947191271907453, 0.4741408234298945, 0.45990028155453966, 0.4546457564628653, 0.45073762165685227, 0.44798113250831606, 0.44348193614134757, 0.4368980678398068, 0.4296379122084337, 0.42129464109460657, 0.41927595947704244, 0.4182795613425173, 0.41743301325523063, 0.4169808533907664, 0.416659049531665, 0.4164387630804922, 0.41637520521805405, 0.41636297679240375, 0.41634461765335784, 0.41631102380096185, 0.41624813506022806, 0.4161311004432674, 0.4159229858093235, 0.4155951543811436, 0.41508227983210955, 0.4141896063775319, 0.4135165386159336, 0.41287819147824467, 0.4122722033446822, 0.4117336163757186, 0.4115982400187669, 0.4114653684910309, 0.4114144210245553, 0.411397904722659, 0.411397782126502, 0.4113977645830067, 0.41139776301301734, 0.4113977629578439]}, "5": {"maxiter": 100, "gtol": 1e-10, "xrtol": 1e-05, "eps": 1e-10, "duration": 0.09669303894042969, "fun": "0.41139776274899953", "jac": "[ 2.22044587e-06 -2.22044587e-06  2.22044587e-06 -2.22044587e-06\n  2.22044587e-06  3.33066880e-06]", "hess_inv": "[[ 25.75284544 -10.8378583    8.73708564 -11.21459937 -22.72311719\n   -4.75612778]\n [-10.8378583   12.49333465  -7.78107956   4.86197236   7.19098816\n   -5.81990481]\n [  8.73708564  -7.78107956   8.99183196  -2.49424534  -5.83845795\n    3.76288046]\n [-11.21459937   4.86197236  -2.49424534   9.14865667   9.99729332\n    1.54348549]\n [-22.72311719   7.19098816  -5.83845795   9.99729332  50.31844356\n   33.63921332]\n [ -4.75612778  -5.81990481   3.76288046   1.54348549  33.63921332\n   37.57594144]]", "nfev": "427", "njev": "61", "status": "0", "success": "True", "message": "Optimization terminated successfully.", "x": "[ 5.02622894  8.53386711 -2.22820594  3.4483196  11.17993624  4.102596  ]", "nit": "45", "callback": [0.6205105110734543, 0.6047005385807663, 0.5770592976409177, 0.5447356653036769, 0.5374613543222593, 0.5242661777982154, 0.504412523588414, 0.4894737539611821, 0.4741528913761598, 0.45989971140163133, 0.45464546478125234, 0.4507391946471613, 0.4479828863503563, 0.4434841212125995, 0.43690103495137456, 0.42964117371598154, 0.4212984528515953, 0.4192787467581487, 0.41828227331394585, 0.41743440161584056, 0.4169819299606332, 0.4166592171441421, 0.4164390260137454, 0.4163753443271414, 0.41636313243285494, 0.41634463603867, 0.41631081033637063, 0.4162475346396727, 0.4161302177380938, 0.41592210961862897, 0.41559311053877934, 0.4150795842040048, 0.41418450420096553, 0.41352257660270664, 0.41287928561347287, 0.4122817780239705, 0.41173044670300507, 0.41159704492525995, 0.4114648135883343, 0.41141384099152956, 0.41139791542627546, 0.4113978047676927, 0.41139776427522223, 0.41139776274899953, 0.41139776274899953]}, "6": {"maxiter": 100, "gtol": 1e-10, "xrtol": 1e-10, "eps": 1e-05, "duration": 0.11606884002685547, "fun": "0.41139776295303987", "jac": "[-8.32667269e-09 -1.94511074e-08 -5.58997293e-08 -1.82631688e-08\n -3.10862447e-09  7.21644966e-09]", "hess_inv": "[[ 33.0837953  -12.94328914   8.91001599 -14.60642639 -37.15243755\n  -14.70335441]\n [-12.94328914  14.05855192  -7.80740915   5.31647549   8.06246202\n   -6.87364217]\n [  8.91001599  -7.80740915   8.77056405  -2.34633656  -6.10315455\n    3.33308293]\n [-14.60642639   5.31647549  -2.34633656  10.40006668  17.58744645\n    7.66981132]\n [-37.15243755   8.06246202  -6.10315455  17.58744645  86.41026696\n   62.89704599]\n [-14.70335441  -6.87364217   3.33308293   7.66981132  62.89704599\n   62.8490045 ]]", "nfev": "514", "njev": "72", "status": "2", "success": "False", "message": "Desired error not necessarily achieved due to precision loss.", "x": "[ 5.02628586  8.53387452 -2.22821916  3.44828191 11.17972489  4.10240321]", "nit": "46", "callback": [0.6205109002703302, 0.6047021616045398, 0.5770626312316017, 0.5447368087292598, 0.5374617710775003, 0.5242667569168807, 0.5044153844930501, 0.48947191271907453, 0.4741408234298945, 0.45990028155453966, 0.4546457564628653, 0.45073762165685227, 0.44798113250831606, 0.44348193614134757, 0.4368980678398068, 0.4296379122084337, 0.42129464109460657, 0.41927595947704244, 0.4182795613425173, 0.41743301325523063, 0.4169808533907664, 0.416659049531665, 0.4164387630804922, 0.41637520521805405, 0.41636297679240375, 0.41634461765335784, 0.41631102380096185, 0.41624813506022806, 0.4161311004432674, 0.4159229858093235, 0.4155951543811436, 0.41508227983210955, 0.4141896063775319, 0.4135165386159336, 0.41287819147824467, 0.4122722033446822, 0.4117336163757186, 0.4115982400187669, 0.4114653684910309, 0.4114144210245553, 0.411397904722659, 0.411397782126502, 0.4113977645830067, 0.41139776301301734, 0.4113977629578439, 0.41139776295303987]}, "7": {"maxiter": 100, "gtol": 1e-10, "xrtol": 1e-10, "eps": 1e-10, "duration": 0.10056614875793457, "fun": "0.41139776274899953", "jac": "[ 2.22044587e-06 -2.22044587e-06  2.22044587e-06 -2.22044587e-06\n  2.22044587e-06  3.33066880e-06]", "hess_inv": "[[ 25.75284544 -10.8378583    8.73708564 -11.21459937 -22.72311719\n   -4.75612778]\n [-10.8378583   12.49333465  -7.78107956   4.86197236   7.19098816\n   -5.81990481]\n [  8.73708564  -7.78107956   8.99183196  -2.49424534  -5.83845795\n    3.76288046]\n [-11.21459937   4.86197236  -2.49424534   9.14865667   9.99729332\n    1.54348549]\n [-22.72311719   7.19098816  -5.83845795   9.99729332  50.31844356\n   33.63921332]\n [ -4.75612778  -5.81990481   3.76288046   1.54348549  33.63921332\n   37.57594144]]", "nfev": "427", "njev": "61", "status": "0", "success": "True", "message": "Optimization terminated successfully.", "x": "[ 5.02622894  8.53386711 -2.22820594  3.4483196  11.17993624  4.102596  ]", "nit": "45", "callback": [0.6205105110734543, 0.6047005385807663, 0.5770592976409177, 0.5447356653036769, 0.5374613543222593, 0.5242661777982154, 0.504412523588414, 0.4894737539611821, 0.4741528913761598, 0.45989971140163133, 0.45464546478125234, 0.4507391946471613, 0.4479828863503563, 0.4434841212125995, 0.43690103495137456, 0.42964117371598154, 0.4212984528515953, 0.4192787467581487, 0.41828227331394585, 0.41743440161584056, 0.4169819299606332, 0.4166592171441421, 0.4164390260137454, 0.4163753443271414, 0.41636313243285494, 0.41634463603867, 0.41631081033637063, 0.4162475346396727, 0.4161302177380938, 0.41592210961862897, 0.41559311053877934, 0.4150795842040048, 0.41418450420096553, 0.41352257660270664, 0.41287928561347287, 0.4122817780239705, 0.41173044670300507, 0.41159704492525995, 0.4114648135883343, 0.41141384099152956, 0.41139791542627546, 0.4113978047676927, 0.41139776427522223, 0.41139776274899953, 0.41139776274899953]}, "8": {"maxiter": 500, "gtol": 1e-05, "xrtol": 1e-05, "eps": 1e-05, "duration": 0.08370208740234375, "fun": "0.41139776301301734", "jac": "[-4.51527704e-08 -1.30064848e-06 -1.06495923e-06 -5.45119505e-09\n -9.50339807e-07  9.74897940e-07]", "hess_inv": "[[ 32.33468131 -11.54770984   9.20573277 -14.71420214 -39.00032159\n  -17.51290508]\n [-11.54770984  12.26252488  -7.75726886   5.20178443   9.07189115\n   -4.28141225]\n [  9.20573277  -7.75726886   8.94809883  -2.65756768  -7.27490376\n    2.42469438]\n [-14.71420214   5.20178443  -2.65756768  11.00566708  19.0706481\n    8.86077869]\n [-39.00032159   9.07189115  -7.27490376  19.0706481   90.42296851\n   64.80213558]\n [-17.51290508  -4.28141225   2.42469438   8.86077869  64.80213558\n   61.57655827]]", "nfev": "343", "njev": "49", "status": "0", "success": "True", "message": "Optimization terminated successfully.", "x": "[ 5.0263136   8.53385039 -2.22820865  3.44826898 11.17970052  4.10241014]", "nit": "44", "callback": [0.6205109002703302, 0.6047021616045398, 0.5770626312316017, 0.5447368087292598, 0.5374617710775003, 0.5242667569168807, 0.5044153844930501, 0.48947191271907453, 0.4741408234298945, 0.45990028155453966, 0.4546457564628653, 0.45073762165685227, 0.44798113250831606, 0.44348193614134757, 0.4368980678398068, 0.4296379122084337, 0.42129464109460657, 0.41927595947704244, 0.418