{"date": "2024/09/25/, 18:15:49", "conf_id": 289, "data_type": "var_s_rank\n", "num_data_points": 3, "s_rank": 0, "unitary": "[[-0.24866696+0.58742286j,-0.44704345-0.43151574j,-0.35669027-0.20570733j,-0.10517633+0.1626036j],[0.10596805-0.19687975j,-0.30269685-0.15056416j,0.18246286+0.30440582j,-0.83484447-0.11310748j],[0.26054512-0.52548482j,0.0285017-0.50723956j,-0.43110112+0.17165838j,0.15243271+0.39915801j],[0.42978035+0.11991271j,-0.17224126-0.46030424j,0.6827807-0.15164662j,0.26483638+0.0061855j]]", "databatch_0": {"databatch": "[[[0.01512563-0.10544146j,0.2290822-0.12070339j,0.00227283+0.00213159j,-0.08534513+0.03119403j],[-0.26662176+0.04947705j,-0.28792033+0.31466254j,0.03241522+0.18094619j,0.09393442-0.05099221j],[0.20619269-0.044683j,0.49786367-0.19829717j,0.03681954-0.12125521j,-0.15558118+0.02378545j],[-0.16086989-0.10986321j,-0.41230836-0.02530589j,-0.09975571+0.09681044j,0.1051501+0.03431438j]],[[0.07602923-0.30584918j,-0.14961473+0.27408663j,-0.02964322+0.00969732j,-0.17628422+0.01663829j],[-0.01681257-0.02367319j,0.00438331+0.08743792j,-0.02746568-0.00985604j,-0.11148117+0.057882j],[0.36900807+0.02658503j,-0.30612328-0.12359223j,-0.09873136-0.13418597j,0.00909206-0.24099274j],[0.03629875+0.36885598j,0.07519932-0.35200255j,0.12937179-0.16138525j,0.31425981-0.0738634j]],[[0.08759422-0.06534103j,-0.0603983+0.0916187j,-0.09092809+0.24947676j,0.11330601-0.31725659j],[-0.05024623-0.0547295j,0.06613997+0.03451972j,0.17501715+0.04426073j,-0.22240648-0.05471254j],[-0.15344225+0.08026951j,0.11747978-0.12820563j,0.20483719-0.36754427j,-0.25684936+0.46798499j],[0.01546112+0.09864469j,-0.04829139-0.08786941j,-0.16284701-0.17984032j,0.20808227+0.22682092j]]]", "initial param values": "[3.95830641,4.39330603,2.01621122,2.825282,2.11730925,1.72041603]", "nelder_mead": {"type": "gradient-free", "0": {"maxiter": 100, "fatol": 1e-05, "xatol": 1e-05, "duration": 0.03753495216369629, "fun": "0.3622868383411496", "nit": "100", "nfev": "156", "status": "2", "success": "False", "message": "Maximum number of iterations has been exceeded.", "x": "[-1.41679382  3.27691224  2.61221241  3.32077195  3.89964375  1.00454844]", "final_simplex": "(array([[-1.41679382,  3.27691224,  2.61221241,  3.32077195,  3.89964375,\n         1.00454844],\n       [-1.4794869 ,  3.23215693,  2.59023212,  3.51040407,  3.81981145,\n         0.91246255],\n       [-1.31520768,  3.38285898,  2.56386562,  3.5357679 ,  3.66449092,\n         0.96589567],\n       [-1.46539753,  3.29401969,  2.63039225,  3.34350516,  3.89264882,\n         0.99790157],\n       [-1.37067469,  3.38855141,  2.59074508,  3.48491067,  3.80456693,\n         0.95185621],\n       [-1.34019215,  3.3983495 ,  2.56946963,  3.37883812,  3.89251462,\n         0.96163874],\n       [-1.32303062,  3.25714556,  2.64970788,  3.25704913,  3.83745342,\n         1.07532703]]), array([0.36228684, 0.36333188, 0.36381728, 0.36413087, 0.36429487,\n       0.36441517, 0.36688132]))", "callback": [0.727220274176545, 0.661171140666392, 0.6445317064262759, 0.5329990067716042, 0.5329990067716042, 0.4417833900779662, 0.4417833900779662, 0.4332848195753437, 0.4112002488025034, 0.36429486832938907]}, "1": {"maxiter": 100, "fatol": 1e-05, "xatol": 1e-10, "duration": 0.03618907928466797, "fun": "0.3622868383411496", "nit": "100", "nfev": "156", "status": "2", "success": "False", "message": "Maximum number of iterations has been exceeded.", "x": "[-1.41679382  3.27691224  2.61221241  3.32077195  3.89964375  1.00454844]", "final_simplex": "(array([[-1.41679382,  3.27691224,  2.61221241,  3.32077195,  3.89964375,\n         1.00454844],\n       [-1.4794869 ,  3.23215693,  2.59023212,  3.51040407,  3.81981145,\n         0.91246255],\n       [-1.31520768,  3.38285898,  2.56386562,  3.5357679 ,  3.66449092,\n         0.96589567],\n       [-1.46539753,  3.29401969,  2.63039225,  3.34350516,  3.89264882,\n         0.99790157],\n       [-1.37067469,  3.38855141,  2.59074508,  3.48491067,  3.80456693,\n         0.95185621],\n       [-1.34019215,  3.3983495 ,  2.56946963,  3.37883812,  3.89251462,\n         0.96163874],\n       [-1.32303062,  3.25714556,  2.64970788,  3.25704913,  3.83745342,\n         1.07532703]]), array([0.36228684, 0.36333188, 0.36381728, 0.36413087, 0.36429487,\n       0.36441517, 0.36688132]))", "callback": [0.727220274176545, 0.661171140666392, 0.6445317064262759, 0.5329990067716042, 0.5329990067716042, 0.4417833900779662, 0.4417833900779662, 0.4332848195753437, 0.4112002488025034, 0.36429486832938907]}, "2": {"maxiter": 100, "fatol": 1e-10, "xatol": 1e-05, "duration": 0.03745007514953613, "fun": "0.3622868383411496", "nit": "100", "nfev": "156", "status": "2", "success": "False", "message": "Maximum number of iterations has been exceeded.", "x": "[-1.41679382  3.27691224  2.61221241  3.32077195  3.89964375  1.00454844]", "final_simplex": "(array([[-1.41679382,  3.27691224,  2.61221241,  3.32077195,  3.89964375,\n         1.00454844],\n       [-1.4794869 ,  3.23215693,  2.59023212,  3.51040407,  3.81981145,\n         0.91246255],\n       [-1.31520768,  3.38285898,  2.56386562,  3.5357679 ,  3.66449092,\n         0.96589567],\n       [-1.46539753,  3.29401969,  2.63039225,  3.34350516,  3.89264882,\n         0.99790157],\n       [-1.37067469,  3.38855141,  2.59074508,  3.48491067,  3.80456693,\n         0.95185621],\n       [-1.34019215,  3.3983495 ,  2.56946963,  3.37883812,  3.89251462,\n         0.96163874],\n       [-1.32303062,  3.25714556,  2.64970788,  3.25704913,  3.83745342,\n         1.07532703]]), array([0.36228684, 0.36333188, 0.36381728, 0.36413087, 0.36429487,\n       0.36441517, 0.36688132]))", "callback": [0.727220274176545, 0.661171140666392, 0.6445317064262759, 0.5329990067716042, 0.5329990067716042, 0.4417833900779662, 0.4417833900779662, 0.4332848195753437, 0.4112002488025034, 0.36429486832938907]}, "3": {"maxiter": 100, "fatol": 1e-10, "xatol": 1e-10, "duration": 0.03641700744628906, "fun": "0.3622868383411496", "nit": "100", "nfev": "156", "status": "2", "success": "False", "message": "Maximum number of iterations has been exceeded.", "x": "[-1.41679382  3.27691224  2.61221241  3.32077195  3.89964375  1.00454844]", "final_simplex": "(array([[-1.41679382,  3.27691224,  2.61221241,  3.32077195,  3.89964375,\n         1.00454844],\n       [-1.4794869 ,  3.23215693,  2.59023212,  3.51040407,  3.81981145,\n         0.91246255],\n       [-1.31520768,  3.38285898,  2.56386562,  3.5357679 ,  3.66449092,\n         0.96589567],\n       [-1.46539753,  3.29401969,  2.63039225,  3.34350516,  3.89264882,\n         0.99790157],\n       [-1.37067469,  3.38855141,  2.59074508,  3.48491067,  3.80456693,\n         0.95185621],\n       [-1.34019215,  3.3983495 ,  2.56946963,  3.37883812,  3.89251462,\n         0.96163874],\n       [-1.32303062,  3.25714556,  2.64970788,  3.25704913,  3.83745342,\n         1.07532703]]), array([0.36228684, 0.36333188, 0.36381728, 0.36413087, 0.36429487,\n       0.36441517, 0.36688132]))", "callback": [0.727220274176545, 0.661171140666392, 0.6445317064262759, 0.5329990067716042, 0.5329990067716042, 0.4417833900779662, 0.4417833900779662, 0.4332848195753437, 0.4112002488025034, 0.36429486832938907]}, "4": {"maxiter": 500, "fatol": 1e-05, "xatol": 1e-05, "duration": 0.17947602272033691, "fun": "0.26689607634621737", "nit": "500", "nfev": "776", "status": "2", "success": "False", "message": "Maximum number of iterations has been exceeded.", "x": "[-0.74440806  3.26530703  2.54459186  4.84417964  5.66840305  2.84250873]", "final_simplex": "(array([[-0.74440806,  3.26530703,  2.54459186,  4.84417964,  5.66840305,\n         2.84250873],\n       [-0.78562827,  3.27685758,  2.5301433 ,  4.78852288,  5.6736831 ,\n         2.80368871],\n       [-0.76258894,  3.31213136,  2.50449711,  4.80682393,  5.67720274,\n         2.80147056],\n       [-0.78938147,  3.33485903,  2.47550325,  4.78935682,  5.67611432,\n         2.81797075],\n       [-0.79034603,  3.31100877,  2.48100765,  4.77580748,  5.67724157,\n         2.81036849],\n       [-0.79409845,  3.28509744,  2.48894837,  4.77211853,  5.63991375,\n         2.79560952],\n       [-0.79392119,  3.31813787,  2.46267606,  4.80621605,  5.68917872,\n         2.80227671]]), array([0.26689608, 0.26691673, 0.26700713, 0.26705549, 0.26706293,\n       0.267114  , 0.26718633]))", "callback": [0.727220274176545, 0.661171140666392, 0.6445317064262759, 0.5329990067716042, 0.5329990067716042, 0.4417833900779662, 0.4417833900779662, 0.4332848195753437, 0.4112002488025034, 0.36429486832938907, 0.3622868383411496, 0.35665923040874803, 0.35424668089265543, 0.3518753514353077, 0.3493930667758456, 0.3438251003126589, 0.33764052371709796, 0.3371405477476971, 0.33657668461423196, 0.3364637721553646, 0.33642145829494197, 0.3364117349115182, 0.3364040386061663, 0.3363845012762027, 0.3363208832271596, 0.33623089609813883, 0.3361828195333453, 0.33612914185104537, 0.33590429235162167, 0.33452758248674874, 0.33259820941303964, 0.3307712442180636, 0.3290389386827538, 0.3276674841333861, 0.3263373853460583, 0.32498970525217385, 0.32273230822338406, 0.31876354122187267, 0.30736255242996313, 0.30564327960374926, 0.3024771846157561, 0.2939055611568384, 0.2833510294837588, 0.2787458564743691, 0.27492676539995387, 0.27116728650615796, 0.26964158384907677, 0.26865035636092716, 0.2680104893775076, 0.2671140033635201]}, "5": {"maxiter": 500, "fatol": 1e-05, "xatol": 1e-10, "duration": 0.17519807815551758, "fun": "0.26689607634621737", "nit": "500", "nfev": "776", "status": "2", "success": "False", "message": "Maximum number of iterations has been exceeded.", "x": "[-0.74440806  3.26530703  2.54459186  4.84417964  5.66840305  2.84250873]", "final_simplex": "(array([[-0.74440806,  3.26530703,  2.54459186,  4.84417964,  5.66840305,\n         2.84250873],\n       [-0.78562827,  3.27685758,  2.5301433 ,  4.78852288,  5.6736831 ,\n         2.80368871],\n       [-0.76258894,  3.31213136,  2.50449711,  4.80682393,  5.67720274,\n         2.80147056],\n       [-0.78938147,  3.33485903,  2.47550325,  4.78935682,  5.67611432,\n         2.81797075],\n       [-0.79034603,  3.31100877,  2.48100765,  4.77580748,  5.67724157,\n         2.81036849],\n       [-0.79409845,  3.28509744,  2.48894837,  4.77211853,  5.63991375,\n         2.79560952],\n       [-0.79392119,  3.31813787,  2.46267606,  4.80621605,  5.68917872,\n         2.80227671]]), array([0.26689608, 0.26691673, 0.26700713, 0.26705549, 0.26706293,\n       0.267114  , 0.26718633]))", "callback": [0.727220274176545, 0.661171140666392, 0.6445317064262759, 0.5329990067716042, 0.5329990067716042, 0.4417833900779662, 0.4417833900779662, 0.4332848195753437, 0.4112002488025034, 0.36429486832938907, 0.3622868383411496, 0.35665923040874803, 0.35424668089265543, 0.3518753514353077, 0.3493930667758456, 0.3438251003126589, 0.33764052371709796, 0.3371405477476971, 0.33657668461423196, 0.3364637721553646, 0.33642145829494197, 0.3364117349115182, 0.3364040386061663, 0.3363845012762027, 0.3363208832271596, 0.33623089609813883, 0.3361828195333453, 0.33612914185104537, 0.33590429235162167, 0.33452758248674874, 0.33259820941303964, 0.3307712442180636, 0.3290389386827538, 0.3276674841333861, 0.3263373853460583, 0.32498970525217385, 0.32273230822338406, 0.31876354122187267, 0.30736255242996313, 0.30564327960374926, 0.3024771846157561, 0.2939055611568384, 0.2833510294837588, 0.2787458564743691, 0.27492676539995387, 0.27116728650615796, 0.26964158384907677, 0.26865035636092716, 0.2680104893775076, 0.2671140033635201]}, "6": {"maxiter": 500, "fatol": 1e-10, "xatol": 1e-05, "duration": 0.22482991218566895, "fun": "0.26689607634621737", "nit": "500", "nfev": "776", "status": "2", "success": "False", "message": "Maximum number of iterations has been exceeded.", "x": "[-0.74440806  3.26530703  2.54459186  4.84417964  5.66840305  2.84250873]", "final_simplex": "(array([[-0.74440806,  3.26530703,  2.54459186,  4.84417964,  5.66840305,\n         2.84250873],\n       [-0.78562827,  3.27685758,  2.5301433 ,  4.78852288,  5.6736831 ,\n         2.80368871],\n       [-0.76258894,  3.31213136,  2.50449711,  4.80682393,  5.67720274,\n         2.80147056],\n       [-0.78938147,  3.33485903,  2.47550325,  4.78935682,  5.67611432,\n         2.81797075],\n       [-0.79034603,  3.31100877,  2.48100765,  4.77580748,  5.67724157,\n         2.81036849],\n       [-0.79409845,  3.28509744,  2.48894837,  4.77211853,  5.63991375,\n         2.79560952],\n       [-0.79392119,  3.31813787,  2.46267606,  4.80621605,  5.68917872,\n         2.80227671]]), array([0.26689608, 0.26691673, 0.26700713, 0.26705549, 0.26706293,\n       0.267114  , 0.26718633]))", "callback": [0.727220274176545, 0.661171140666392, 0.6445317064262759, 0.5329990067716042, 0.5329990067716042, 0.4417833900779662, 0.4417833900779662, 0.4332848195753437, 0.4112002488025034, 0.36429486832938907, 0.3622868383411496, 0.35665923040874803, 0.35424668089265543, 0.3518753514353077, 0.3493930667758456, 0.3438251003126589, 0.33764052371709796, 0.3371405477476971, 0.33657668461423196, 0.3364637721553646, 0.33642145829494197, 0.3364117349115182, 0.3364040386061663, 0.3363845012762027, 0.3363208832271596, 0.33623089609813883, 0.3361828195333453, 0.33612914185104537, 0.33590429235162167, 0.33452758248674874, 0.33259820941303964, 0.3307712442180636, 0.3290389386827538, 0.3276674841333861, 0.3263373853460583, 0.32498970525217385, 0.32273230822338406, 0.31876354122187267, 0.30736255242996313, 0.30564327960374926, 0.3024771846157561, 0.2939055611568384, 0.2833510294837588, 0.2787458564743691, 0.27492676539995387, 0.27116728650615796, 0.26964158384907677, 0.26865035636092716, 0.2680104893775076, 0.2671140033635201]}, "7": {"maxiter": 500, "fatol": 1e-10, "xatol": 1e-10, "duration": 0.17677688598632812, "fun": "0.26689607634621737", "nit": "500", "nfev": "776", "status": "2", "success": "False", "message": "Maximum number of iterations has been exceeded.", "x": "[-0.74440806  3.26530703  2.54459186  4.84417964  5.66840305  2.84250873]", "final_simplex": "(array([[-0.74440806,  3.26530703,  2.54459186,  4.84417964,  5.66840305,\n         2.84250873],\n       [-0.78562827,  3.27685758,  2.5301433 ,  4.78852288,  5.6736831 ,\n         2.80368871],\n       [-0.76258894,  3.31213136,  2.50449711,  4.80682393,  5.67720274,\n         2.80147056],\n       [-0.78938147,  3.33485903,  2.47550325,  4.78935682,  5.67611432,\n         2.81797075],\n       [-0.79034603,  3.31100877,  2.48100765,  4.77580748,  5.67724157,\n         2.81036849],\n       [-0.79409845,  3.28509744,  2.48894837,  4.77211853,  5.63991375,\n         2.79560952],\n       [-0.79392119,  3.31813787,  2.46267606,  4.80621605,  5.68917872,\n         2.80227671]]), array([0.26689608, 0.26691673, 0.26700713, 0.26705549, 0.26706293,\n       0.267114  , 0.26718633]))", "callback": [0.727220274176545, 0.661171140666392, 0.6445317064262759, 0.5329990067716042, 0.5329990067716042, 0.4417833900779662, 0.4417833900779662, 0.4332848195753437, 0.4112002488025034, 0.36429486832938907, 0.3622868383411496, 0.35665923040874803, 0.35424668089265543, 0.3518753514353077, 0.3493930667758456, 0.3438251003126589, 0.33764052371709796, 0.3371405477476971, 0.33657668461423196, 0.3364637721553646, 0.33642145829494197, 0.3364117349115182, 0.3364040386061663, 0.3363845012762027, 0.3363208832271596, 0.33623089609813883, 0.3361828195333453, 0.33612914185104537, 0.33590429235162167, 0.33452758248674874, 0.33259820941303964, 0.3307712442180636, 0.3290389386827538, 0.3276674841333861, 0.3263373853460583, 0.32498970525217385, 0.32273230822338406, 0.31876354122187267, 0.30736255242996313, 0.30564327960374926, 0.3024771846157561, 0.2939055611568384, 0.2833510294837588, 0.2787458564743691, 0.27492676539995387, 0.27116728650615796, 0.26964158384907677, 0.26865035636092716, 0.2680104893775076, 0.2671140033635201]}, "8": {"maxiter": 1000, "fatol": 1e-05, "xatol": 1e-05, "duration": 0.24124383926391602, "fun": "0.26679218601855326", "nit": "636", "nfev": "1003", "status": "0", "success": "True", "message": "Optimization terminated successfully.", "x": "[-0.75784964  3.25276028  2.56861285  4.83339875  5.66582054  2.82922597]", "final_simplex": "(array([[-0.75784964,  3.25276028,  2.56861285,  4.83339875,  5.66582054,\n         2.82922597],\n       [-0.75784977,  3.2527689 ,  2.56860702,  4.83340133,  5.66582428,\n         2.82922337],\n       [-0.75785265,  3.25276354,  2.56860792,  4.83340041,  5.66582169,\n         2.82922407],\n       [-0.75785343,  3.25276326,  2.56861046,  4.83339674,  5.66581981,\n         2.82922412],\n       [-0.75784836,  3.25276117,  2.56861505,  4.83340716,  5.66582348,\n         2.82922554],\n       [-0.75784967,  3.25275813,  2.56861342,  4.83339634,  5.66581752,\n         2.82922272],\n       [-0.75785073,  3.25277009,  2.56860473,  4.83340086,  5.66581977,\n         2.82922487]]), array([0.26679219, 0.26679219, 0.26679219, 0.26679219, 0.26679219,\n       0.26679219, 0.26679219]))", "callback": [0.727220274176545, 0.661171140666392, 0.6445317064262759, 0.5329990067716042, 0.5329990067716042, 0.4417833900779662, 0.4417833900779662, 0.4332848195753437, 0.4112002488025034, 0.36429486832938907, 0.3622868383411496, 0.35665923040874803, 0.35424668089265543, 0.3518753514353077, 0.3493930667758456, 0.3438251003126589, 0.33764052371709796, 0.3371405477476971, 0.33657668461423196, 0.3364637721553646, 0.33642145829494197, 0.3364117349115182, 0.3364040386061663, 0.3363845012762027, 0.3363208832271596, 0.33623089609813883, 0.3361828195333453, 0.33612914185104537, 0.33590429235162167, 0.33452758248674874, 0.33259820941303964, 0.3307712442180636, 0.3290389386827538, 0.3276674841333861, 0.3263373853460583, 0.32498970525217385, 0.32273230822338406, 0.31876354122187267, 0.30736255242996313, 0.30564327960374926, 0.3024771846157561, 0.2939055611568384, 0.2833510294837588, 0.2787458564743691, 0.27492676539995387, 0.27116728650615796, 0.26964158384907677, 0.26865035636092716, 0.2680104893775076, 0.2671140033635201, 0.26689607634621737, 0.2668181902546244, 0.26679834340909736, 0.26679310917770926, 0.2667928223669801, 0.2667923257588253, 0.26679226037428894, 0.2667922116676489, 0.26679218849305053, 0.26679218784151937, 0.2667921862140745, 0.26679218606291144, 0.2667921860266782, 0.26679218601929866]}, "9": {"maxiter": 1000, "fatol": 1e-05, "xatol": 1e-10, "duration": 0.283829927444458, "fun": "0.2667921860171978", "nit": "722", "nfev": "1205", "status": "0", "success": "True", "message": "Optimization terminated successfully.", "x": "[-0.75784975  3.25276288  2.56861074  4.83340055  5.66582241  2.82922359]", "final_simplex": "(array([[-0.75784975,  3.25276288,  2.56861074,  4.83340055,  5.66582241,\n         2.82922359],\n       [-0.75784975,  3.25276288,  2.56861074,  4.83340055,  5.66582241,\n         2.82922359],\n       [-0.75784975,  3.25276288,  2.56861074,  4.83340055,  5.66582241,\n         2.82922359],\n       [-0.75784975,  3.25276288,  2.56861074,  4.83340055,  5.66582241,\n         2.82922359],\n       [-0.75784975,  3.25276288,  2.56861074,  4.83340055,  5.66582241,\n         2.82922359],\n       [-0.75784975,  3.25276288,  2.56861074,  4.83340055,  5.66582241,\n         2.82922359],\n       [-0.75784975,  3.25276288,  2.56861074,  4.83340055,  5.66582241,\n         2.82922359]]), array([0.26679219, 0.26679219, 0.26679219, 0.26679219, 0.26679219,\n       0.26679219, 0.26679219]))", "callback": [0.727220274176545, 0.661171140666392, 0.6445317064262759, 0.5329990067716042, 0.5329990067716042, 0.4417833900779662, 0.4417833900779662, 0.4332848195753437, 0.4112002488025034, 0.36429486832938907, 0.3622868383411496, 0.35665923040874803, 0.35424668089265543, 0.3518753514353077, 0.3493930667758456, 0.3438251003126589, 0.33764052371709796, 0.3371405477476971, 0.33657668461423196, 0.3364637721553646, 0.33642145829494197, 0.3364117349115182, 0.3364040386061663, 0.3363845012762027, 0.3363208832271596, 0.33623089609813883, 0.3361828195333453, 0.33612914185104537, 0.33590429235162167, 0.33452758248674874, 0.33259820941303964, 0.3307712442180636, 0.3290389386827538, 0.3276674841333861, 0.3263373853460583, 0.32498970525217385, 0.32273230822338406, 0.31876354122187267, 0.30736255242996313, 0.30564327960374926, 0.3024771846157561, 0.2939055611568384, 0.2833510294837588, 0.2787458564743691, 0.27492676539995387, 0.27116728650615796, 0.26964158384907677, 0.26865035636092716, 0.2680104893775076, 0.2671140033635201, 0.26689607634621737, 0.2668181902546244, 0.26679834340909736, 0.26679310917770926, 0.2667928223669801, 0.2667923257588253, 0.26679226037428894, 0.2667922116676489, 0.26679218849305053, 0.26679218784151937, 0.2667921862140745, 0.26679218606291144, 0.2667921860266782, 0.26679218601929866, 0.2667921860174052, 0.26679218601722987, 0.266792186017207, 0.2667921860172008, 0.26679218601719834, 0.2667921860171981, 0.2667921860171979, 0.2667921860171979, 0.2667921860171978]}, "10": {"maxiter": 1000, "fatol": 1e-10, "xatol": 1e-05, "duration": 0.23015189170837402, "fun": "0.26679218601855326", "nit": "636", "nfev": "1003", "status": "0", "success": "True", "message": "Optimization terminated successfully.", "x": "[-0.75784964  3.25276028  2.56861285  4.83339875  5.66582054  2.82922597]", "final_simplex": "(array([[-0.75784964,  3.25276028,  2.56861285,  4.83339875,  5.66582054,\n         2.82922597],\n       [-0.75784977,  3.2527689 ,  2.56860702,  4.83340133,  5.66582428,\n         2.82922337],\n       [-0.75785265,  3.25276354,  2.56860792,  4.83340041,  5.66582169,\n         2.82922407],\n       [-0.75785343,  3.25276326,  2.56861046,  4.83339674,  5.66581981,\n         2.82922412],\n       [-0.75784836,  3.25276117,  2.56861505,  4.83340716,  5.66582348,\n         2.82922554],\n       [-0.75784967,  3.25275813,  2.56861342,  4.83339634,  5.66581752,\n         2.82922272],\n       [-0.75785073,  3.25277009,  2.56860473,  4.83340086,  5.66581977,\n         2.82922487]]), array([0.26679219, 0.26679219, 0.26679219, 0.26679219, 0.26679219,\n       0.26679219, 0.26679219]))", "callback": [0.727220274176545, 0.661171140666392, 0.6445317064262759, 0.5329990067716042, 0.5329990067716042, 0.4417833900779662, 0.4417833900779662, 0.4332848195753437, 0.4112002488025034, 0.36429486832938907, 0.3622868383411496, 0.35665923040874803, 0.35424668089265543, 0.3518753514353077, 0.3493930667758456, 0.3438251003126589, 0.33764052371709796, 0.3371405477476971, 0.33657668461423196, 0.3364637721553646, 0.33642145829494197, 0.3364117349115182, 0.3364040386061663, 0.3363845012762027, 0.3363208832271596, 0.33623089609813883, 0.3361828195333453, 0.33612914185104537, 0.33590429235162167, 0.33452758248674874, 0.33259820941303964, 0.3307712442180636, 0.3290389386827538, 0.3276674841333861, 0.3263373853460583, 0.32498970525217385, 0.32273230822338406, 0.31876354122187267, 0.30736255242996313, 0.30564327960374926, 0.3024771846157561, 0.2939055611568384, 0.2833510294837588, 0.2787458564743691, 0.27492676539995387, 0.27116728650615796, 0.26964158384907677, 0.26865035636092716, 0.2680104893775076, 0.2671140033635201, 0.26689607634621737, 0.2668181902546244, 0.26679834340909736, 0.26679310917770926, 0.2667928223669801, 0.2667923257588253, 0.26679226037428894, 0.2667922116676489, 0.26679218849305053, 0.26679218784151937, 0.2667921862140745, 0.26679218606291144, 0.2667921860266782, 0.26679218601929866]}, "11": {"maxiter": 1000, "fatol": 1e-10, "xatol": 1e-10, "duration": 0.2735738754272461, "fun": "0.2667921860171978", "nit": "722", "nfev": "1205", "status": "0", "success": "True", "message": "Optimization terminated successfully.", "x": "[-0.75784975  3.25276288  2.56861074  4.83340055  5.66582241  2.82922359]", "final_simplex": "(array([[-0.75784975,  3.25276288,  2.56861074,  4.83340055,  5.66582241,\n         2.82922359],\n       [-0.75784975,  3.25276288,  2.56861074,  4.83340055,  5.66582241,\n         2.82922359],\n       [-0.75784975,  3.25276288,  2.56861074,  4.83340055,  5.66582241,\n         2.82922359],\n       [-0.75784975,  3.25276288,  2.56861074,  4.83340055,  5.66582241,\n         2.82922359],\n       [-0.75784975,  3.25276288,  2.56861074,  4.83340055,  5.66582241,\n         2.82922359],\n       [-0.75784975,  3.25276288,  2.56861074,  4.83340055,  5.66582241,\n         2.82922359],\n       [-0.75784975,  3.25276288,  2.56861074,  4.83340055,  5.66582241,\n         2.82922359]]), array([0.26679219, 0.26679219, 0.26679219, 0.26679219, 0.26679219,\n       0.26679219, 0.26679219]))", "callback": [0.727220274176545, 0.661171140666392, 0.6445317064262759, 0.5329990067716042, 0.5329990067716042, 0.4417833900779662, 0.4417833900779662, 0.4332848195753437, 0.4112002488025034, 0.36429486832938907, 0.3622868383411496, 0.35665923040874803, 0.35424668089265543, 0.3518753514353077, 0.3493930667758456, 0.3438251003126589, 0.33764052371709796, 0.3371405477476971, 0.33657668461423196, 0.3364637721553646, 0.33642145829494197, 0.3364117349115182, 0.3364040386061663, 0.3363845012762027, 0.3363208832271596, 0.33623089609813883, 0.3361828195333453, 0.33612914185104537, 0.33590429235162167, 0.33452758248674874, 0.33259820941303964, 0.3307712442180636, 0.3290389386827538, 0.3276674841333861, 0.3263373853460583, 0.32498970525217385, 0.32273230822338406, 0.31876354122187267, 0.30736255242996313, 0.30564327960374926, 0.3024771846157561, 0.2939055611568384, 0.2833510294837588, 0.2787458564743691, 0.27492676539995387, 0.27116728650615796, 0.26964158384907677, 0.26865035636092716, 0.2680104893775076, 0.2671140033635201, 0.26689607634621737, 0.2668181902546244, 0.26679834340909736, 0.26679310917770926, 0.2667928223669801, 0.2667923257588253, 0.26679226037428894, 0.2667922116676489, 0.26679218849305053, 0.26679218784151937, 0.2667921862140745, 0.26679218606291144, 0.2667921860266782, 0.26679218601929866, 0.2667921860174052, 0.26679218601722987, 0.266792186017207, 0.2667921860172008, 0.26679218601719834, 0.2667921860171981, 0.2667921860171979, 0.2667921860171979, 0.2667921860171978]}}, "bfgs": {"type": "gradient", "0": {"maxiter": 100, "gtol": 1e-05, "xrtol": 1e-05, "eps": 1e-05, "duration": 0.04723691940307617, "fun": "0.2667921868414518", "jac": "[ 8.34337044e-06  8.00338684e-06 -3.93984845e-07  8.71054340e-06\n -4.44185799e-06 -1.62526659e-06]", "hess_inv": "[[  5.9383749   -4.35010584   5.51628601   5.72343509   0.11200829\n    1.88387445]\n [ -4.35010584  13.65052716 -11.95184138  -4.39020222   2.76547331\n   -1.94238514]\n [  5.51628601 -11.95184138  15.88166053   6.44898222  -0.98326278\n    3.24534368]\n [  5.72343509  -4.39020222   6.44898222  14.02276288   3.23927992\n    2.86158491]\n [  0.11200829   2.76547331  -0.98326278   3.23927992   6.35073869\n    0.13100118]\n [  1.88387445  -1.94238514   3.24534368   2.86158491   0.13100118\n    3.81271025]]", "nfev": "210", "njev": "30", "status": "0", "success": "True", "message": "Optimization terminated successfully.", "x": "[5.5253904  3.25283219 2.5685662  4.83351118 5.66584498 2.82922834]", "nit": "22", "callback": [0.6581726514452417, 0.6452998265589904, 0.3515912259695192, 0.3297881668344632, 0.30905604024335764, 0.28996368888171864, 0.2774632647062375, 0.2732878243232443, 0.27012690256308025, 0.26820932288938637, 0.2670887217368607, 0.2668549284559413, 0.2668231032107795, 0.2668094585526939, 0.26680724632532316, 0.26680388580876657, 0.26680036033964305, 0.2667971234505123, 0.2667939748671806, 0.26679254962731447, 0.26679221392746555, 0.2667921868414518]}, "1": {"maxiter": 100, "gtol": 1e-05, "xrtol": 1e-05, "eps": 1e-10, "duration": 0.047872066497802734, "fun": "0.2667921863102164", "jac": "[ 2.22044587e-06  0.00000000e+00  4.44089173e-06  4.44089173e-06\n  6.66133760e-06 -5.55111466e-06]", "hess_inv": "[[  6.07305994  -3.89663018   5.09338246   6.10918662   0.07363513\n    1.89496544]\n [ -3.89663018  14.39196007 -12.29586897  -4.49946916   2.33655166\n   -1.84940614]\n [  5.09338246 -12.29586897  15.83994405   6.54597474  -0.64057662\n    3.12870908]\n [  6.10918662  -4.49946916   6.54597474  14.16901842   2.53769233\n    3.29271897]\n [  0.07363513   2.33655166  -0.64057662   2.53769233   5.67051795\n    0.25529082]\n [  1.89496544  -1.84940614   3.12870908   3.29271897   0.25529082\n    3.76240223]]", "nfev": "210", "njev": "30", "status": "0", "success": "True", "message": "Optimization terminated successfully.", "x": "[5.52536371 3.25277874 2.56861851 4.83347137 5.66586836 2.8292166 ]", "nit": "22", "callback": [0.6581728214806293, 0.6453002688081537, 0.35160992195804674, 0.3298013326631325, 0.30905505859166116, 0.2899716912784145, 0.27746489780081485, 0.27328758748903226, 0.27012812997926217, 0.2682163010060892, 0.26716918763499564, 0.2669245589848188, 0.26682146614400537, 0.26680925780393483, 0.2668072408115644, 0.26680397024621405, 0.26679972829187193, 0.26679713083512946, 0.26679365984062586, 0.26679243663904273, 0.26679220072326615, 0.2667921863102164]}, "2": {"maxiter": 100, "gtol": 1e-05, "xrtol": 1e-10, "eps": 1e-05, "duration": 0.0469660758972168, "fun": "0.2667921868414518", "jac": "[ 8.34337044e-06  8.00338684e-06 -3.93984845e-07  8.71054340e-06\n -4.44185799e-06 -1.62526659e-06]", "hess_inv": "[[  5.9383749   -4.35010584   5.51628601   5.72343509   0.11200829\n    1.88387445]\n [ -4.35010584  13.65052716 -11.95184138  -4.39020222   2.76547331\n   -1.94238514]\n [  5.51628601 -11.95184138  15.88166053   6.44898222  -0.98326278\n    3.24534368]\n [  5.72343509  -4.39020222   6.44898222  14.02276288   3.23927992\n    2.86158491]\n [  0.11200829   2.76547331  -0.98326278   3.23927992   6.35073869\n    0.13100118]\n [  1.88387445  -1.94238514   3.24534368   2.86158491   0.13100118\n    3.81271025]]", "nfev": "210", "njev": "30", "status": "0", "success": "True", "message": "Optimization terminated successfully.", "x": "[5.5253904  3.25283219 2.5685662  4.83351118 5.66584498 2.82922834]", "nit": "22", "callback": [0.6581726514452417, 0.6452998265589904, 0.3515912259695192, 0.3297881668344632, 0.30905604024335764, 0.28996368888171864, 0.2774632647062375, 0.2732878243232443, 0.27012690256308025, 0.26820932288938637, 0.2670887217368607, 0.2668549284559413, 0.2668231032107795, 0.2668094585526939, 0.26680724632532316, 0.26680388580876657, 0.26680036033964305, 0.2667971234505123, 0.2667939748671806, 0.26679254962731447, 0.26679221392746555, 0.2667921868414518]}, "3": {"maxiter": 100, "gtol": 1e-05, "xrtol": 1e-10, "eps": 1e-10, "duration": 0.047698020935058594, "fun": "0.2667921863102164", "jac": "[ 2.22044587e-06  0.00000000e+00  4.44089173e-06  4.44089173e-06\n  6.66133760e-06 -5.55111466e-06]", "hess_inv": "[[  6.07305994  -3.89663018   5.09338246   6.10918662   0.07363513\n    1.89496544]\n [ -3.89663018  14.39196007 -12.29586897  -4.49946916   2.33655166\n   -1.84940614]\n [  5.09338246 -12.29586897  15.83994405   6.54597474  -0.64057662\n    3.12870908]\n [  6.10918662  -4.49946916   6.54597474  14.16901842   2.53769233\n    3.29271897]\n [  0.07363513   2.33655166  -0.64057662   2.53769233   5.67051795\n    0.25529082]\n [  1.89496544  -1.84940614   3.12870908   3.29271897   0.25529082\n    3.76240223]]", "nfev": "210", "njev": "30", "status": "0", "success": "True", "message": "Optimization terminated successfully.", "x": "[5.52536371 3.25277874 2.56861851 4.83347137 5.66586836 2.8292166 ]", "nit": "22", "callback": [0.6581728214806293, 0.6453002688081537, 0.35160992195804674, 0.3298013326631325, 0.30905505859166116, 0.2899716912784145, 0.27746489780081485, 0.27328758748903226, 0.27012812997926217, 0.2682163010060892, 0.26716918763499564, 0.2669245589848188, 0.26682146614400537, 0.26680925780393483, 0.2668072408115644, 0.26680397024621405, 0.26679972829187193, 0.26679713083512946, 0.26679365984062586, 0.26679243663904273, 0.26679220072326615, 0.2667921863102164]}, "4": {"maxiter": 100, "gtol": 1e-10, "xrtol": 1e-05, "eps": 1e-05, "duration": 0.050298213958740234, "fun": "0.26679218608589517", "jac": "[ 3.12616599e-07  2.87947444e-07 -1.51878510e-08 -2.17070806e-07\n  1.45772283e-07 -2.08877360e-07]", "hess_inv": "[[  6.51626521  -3.5177705    4.98915712   6.85205414   0.45684878\n    1.9957264 ]\n [ -3.5177705   14.25014294 -12.23960922  -2.6702799    3.07399833\n   -1.6354863 ]\n [  4.98915712 -12.23960922  15.90129166   5.4366333   -1.19605468\n    3.09583507]\n [  6.85205414  -2.6702799    5.4366333   16.11955089   3.98924997\n    2.9889855 ]\n [  0.45684878   3.07399833  -1.19605468   3.98924997   6.47370129\n    0.27800526]\n [  1.9957264   -1.6354863    3.09583507   2.9889855    0.27800526\n    3.7487935 ]]", "nfev": "224", "njev": "32", "status": "0", "success": "True", "message": "Optimization terminated successfully.", "x": "[5.52531174 3.25277692 2.56858116 4.83335969 5.66581056 2.82920729]", "nit": "24", "callback": [0.6581726514452417, 0.6452998265589904, 0.3515912259695192, 0.3297881668344632, 0.30905604024335764, 0.28996368888171864, 0.2774632647062375, 0.2732878243232443, 0.27012690256308025, 0.26820932288938637, 0.2670887217368607, 0.2668549284559413, 0.2668231032107795, 0.2668094585526939, 0.26680724632532316, 0.26680388580876657, 0.26680036033964305, 0.2667971234505123, 0.2667939748671806, 0.26679254962731447, 0.26679221392746555, 0.2667921868414518, 0.26679218608909816, 0.26679218608589517]}, "5": {"maxiter": 100, "gtol": 1e-10, "xrtol": 1e-05, "eps": 1e-10, "duration": 0.05070614814758301, "fun": "0.26679218613358946", "jac": "[ 2.22044587e-06  1.11022293e-06  0.00000000e+00  0.00000000e+00\n  0.00000000e+00 -3.33066880e-06]", "hess_inv": "[[  6.65556691  -4.57002286   5.84909389   7.66492179   0.36068406\n    2.2460985 ]\n [ -4.57002286  15.16560752 -13.19303729  -6.25343714   1.98273754\n   -2.23357307]\n [  5.84909389 -13.19303729  16.70512254   8.7820842   -0.37573759\n    3.69070175]\n [  7.66492179  -6.25343714   8.7820842   17.91241878   3.50760979\n    4.02932763]\n [  0.36068406   1.98273754  -0.37573759   3.50760979   5.7115738\n    0.52768412]\n [  2.2460985   -2.23357307   3.69070175   4.02932763   0.52768412\n    3.87572742]]", "nfev": "224", "njev": "32", "status": "0", "success": "True", "message": "Optimization terminated successfully.", "x": "[5.5253348  3.25281041 2.56857242 4.83341037 5.6658461  2.8292071 ]", "nit": "23", "callback": [0.6581728214806293, 0.6453002688081537, 0.35160992195804674, 0.3298013326631325, 0.30905505859166116, 0.2899716912784145, 0.27746489780081485, 0.27328758748903226, 0.27012812997926217, 0.2682163010060892, 0.26716918763499564, 0.2669245589848188, 0.26682146614400537, 0.26680925780393483, 0.2668072408115644, 0.26680397024621405, 0.26679972829187193, 0.26679713083512946, 0.26679365984062586, 0.26679243663904273, 0.26679220072326615, 0.2667921863102164, 0.26679218613358946]}, "6": {"maxiter": 100, "gtol": 1e-10, "xrtol": 1e-10, "eps": 1e-05, "duration": 0.05734586715698242, "fun": "0.2667921860796265", "jac": "[ 1.11022302e-11  1.11022302e-11 -1.11022302e-11  1.11022302e-11\n  0.00000000e+00  1.11022302e-11]", "hess_inv": "[[  6.73738129  -4.29426024   5.85417783   7.22571446   0.34713614\n    2.13119057]\n [ -4.29426024  17.50435346 -15.46249923  -4.39356207   3.71579029\n   -2.48532613]\n [  5.85417783 -15.46249923  19.21155469   7.23019159  -1.77403653\n    3.89809225]\n [  7.22571446  -4.39356207   7.23019159  16.81205284   3.68120376\n    3.3147484 ]\n [  0.34713614   3.71579029  -1.77403653   3.68120376   6.62746072\n    0.08704364]\n [  2.13119057  -2.48532613   3.89809225   3.3147484    0.08704364\n    3.95090052]]", "nfev": "252", "njev": "36", "status": "0", "success": "True", "message": "Optimization terminated successfully.", "x": "[5.52531296 3.25277083 2.56858685 4.8333627  5.66580917 2.82920898]", "nit": "28", "callback": [0.6581726514452417, 0.6452998265589904, 0.3515912259695192, 0.3297881668344632, 0.30905604024335764, 0.28996368888171864, 0.2774632647062375, 0.2732878243232443, 0.27012690256308025, 0.26820932288938637, 0.2670887217368607, 0.2668549284559413, 0.2668231032107795, 0.2668094585526939, 0.26680724632532316, 0.26680388580876657, 0.26680036033964305, 0.2667971234505123, 0.2667939748671806, 0.26679254962731447, 0.26679221392746555, 0.2667921868414518, 0.26679218608909816, 0.26679218608589517, 0.26679218608112487, 0.2667921860797303, 0.26679218607962796, 0.2667921860796265]}, "7": {"maxiter": 100, "gtol": 1e-10, "xrtol": 1e-10, "eps": 1e-10, "duration": 0.1248781681060791, "fun": "0.26679218602221555", "jac": "[-1.11022293e-06  0.00000000e+00  1.11022293e-06  1.11022293e-06\n  1.11022293e-06  1.11022293e-06]", "hess_inv": "[[ 0.91608136  0.6872366   0.40374973 -1.28179753 -0.3967301   0.39923513]\n [ 0.6872366   0.55026307  0.24144986 -0.92982276 -0.25824125  0.28240908]\n [ 0.40374973  0.24144986  0.35403721 -0.68588843 -0.27466489  0.22340646]\n [-1.28179753 -0.92982276 -0.68588843  1.89041075  0.6192334  -0.59384074]\n [-0.3967301  -0.25824125 -0.27466489  0.6192334   0.25467462 -0.2119702 ]\n [ 0.39923513  0.28240908  0.22340646 -0.59384074 -0.2119702   0.19851416]]", "nfev": "560", "njev": "80", "status": "0", "success": "True", "message": "Optimization terminated successfully.", "x": "[5.52533205 3.25276477 2.56861263 4.83339904 5.6658273  2.82922398]", "nit": "42", "callback": [0.6581728214806293, 0.6453002688081537, 0.35160992195804674, 0.3298013326631325, 0.30905505859166116, 0.2899716912784145, 0.27746489780081485, 0.27328758748903226, 0.27012812997926217, 0.2682163010060892, 0.26716918763499564, 0.2669245589848188, 0.26682146614400537, 0.26680925780393483, 0.2668072408115644, 0.26680397024621405, 0.26679972829187193, 0.26679713083512946, 0.26679365984062586, 0.26679243663904273, 0.26679220072326615, 0.2667921863102164, 0.26679218613358946, 0.26679218607372235, 0.2667921860575214, 0.2667921860394863, 0.26679218603906196, 0.26679218603853483, 0.2667921860383601, 0.2667921860381005, 0.26679218603193877, 0.2667921860284085, 0.2667921860255168, 0.266792186025279, 0.26679218602514376, 0.2667921860250583, 0.26679218602499366, 0.26679218602451593, 0.26679218602229027, 0.26679218602222887, 0.26679218602221566, 0.26679218602221555]}, "8": {"maxiter": 500, "gtol": 1e-05, "xrtol": 1e-05, "eps": 1e-05, "duration": 0.04762911796569824, "fun": "0.2667921868414518", "jac": "[ 8.34337044e-06  8.00338684e-06 -3.93984845e-07  8.71054340e-06\n -4.44185799e-06 -1.62526659e-06]", "hess_inv": "[[  5.9383749   -4.35010584   5.51628601   5.72343509   0.11200829\n    1.88387445]\n [ -4.35010584  13.65052716 -11.95184138  -4.39020222   2.76547331\n   -1.94238514]\n [  5.51628601 -11.95184138  15.88166053   6.44898222  -0.98326278\n    3.24534368]\n [  5.72343509  -4.39020222   6.44898222  14.02276288   3.23927992\n    2.86158491]\n [  0.11200829   2.76547331  -0.98326278   3.23927992   6.35073869\n    0.13100118]\n [  1.88387445  -1.94238514   3.24534368   2.86158491   0.13100118\n    3.81271025]]", "nfev": "210", "njev": "30", "status": "0", "success": "True", "message": "Optimization terminated successfully.", "x": "[5.5253904  3.25283219 2.5685662  4.83351118 5.66584498 2.82922834]", "nit": "22", "callback": [0.6581726514452417, 0.6452998265589904, 0.3515912259695192, 0.3297881668344632, 0.30905604024335764, 0.28996368888171864, 0.2774632647062375, 0.2732878243232443, 0.27012690256308025, 0.26820932288938637, 0.2670887217368607, 0.2668549284559413, 0.2668231032107795, 0.2668094585526939, 0.26680724632532316, 0.26680388580876657, 0.26680036033964305, 0.2667971234505123, 0.2667939748671806, 0.26679254962731447, 0.26679221392746555, 0.2667921868414518]}, "9": {"maxiter": 500, "gtol": 1e-05, "xrtol": 1e-05, "eps": 1e-10, "duration": 0.04689383506774902, "fun": "0.2667921863102164", "jac": "[ 2.22044587e-06  0.00000000e+00  4.44089173e-06  4.44089173e-06\n  6.66133760e-06 -5.55111466e-06]", "hess_inv": "[[  6.07305994  -3.89663018   5.09338246   6.10918662   0.07363513\n    1.89496544]\n [ -3.89663018  14.39196007 -12.29586897  -4.49946916   2.33655166\n   -1.84940614]\n [  5.09338246 -12.29586897  15.83994405   6.54597474  -0.64057662\n    3.12870908]\n [  6.10918662  -4.49946916   6.54597474  14.16901842   2.53769233\n