{"date": "2024/09/25/, 00:08:38", "conf_id": 85, "data_type": "orthogonal\n", "num_data_points": 1, "s_rank": 0, "unitary": "[[-0.45070455-0.02711853j,0.78437395-0.06613086j,0.06358678+0.19963393j,-0.07343613+0.35668523j],[-0.01890143-0.03813363j,0.32408202+0.25557629j,0.05872864-0.68979805j,0.55466693-0.20227297j],[-0.11215405+0.64023111j,-0.13344055+0.29565494j,-0.49012687-0.19046288j,-0.04241254+0.44046348j],[0.55771659+0.24656916j,0.31851997-0.05798805j,0.28761525-0.34294258j,-0.56718418+0.03616933j]]", "databatch_0": {"databatch": "[[[-0.04877514+0.070215j,-0.23098167+0.00909327j,-0.06610958-0.15492968j,0.2346338+0.10981728j],[-0.00933864-0.02617744j,0.07127396-0.12233079j,0.07149304-0.00844688j,-0.05656092+0.09705785j],[-0.04269559+0.1843607j,-0.37907853+0.47628904j,-0.25631062-0.14961364j,0.35495631-0.08337615j],[0.07837378-0.09706802j,0.24472816-0.14405786j,0.05982936+0.16177923j,-0.177969-0.14187004j]]]", "initial param values": "[6.23416555,3.81290712,2.38667362,3.57578891,3.70075754,1.69038401]", "nelder_mead": {"type": "gradient-free", "0": {"maxiter": 100, "fatol": 1e-05, "xatol": 1e-05, "duration": 0.03660011291503906, "fun": "0.10463630129471035", "nit": "100", "nfev": "157", "status": "2", "success": "False", "message": "Maximum number of iterations has been exceeded.", "x": "[5.622194   1.83438323 2.64867986 3.92258242 2.13336767 2.53316912]", "final_simplex": "(array([[5.622194  , 1.83438323, 2.64867986, 3.92258242, 2.13336767,\n        2.53316912],\n       [5.58726982, 1.85710991, 2.62022361, 3.91225797, 2.13757226,\n        2.54655963],\n       [5.60582242, 1.82480177, 2.63455527, 3.9286071 , 2.14926969,\n        2.53257157],\n       [5.58638281, 1.83120302, 2.63741426, 3.94306023, 2.12517795,\n        2.53843986],\n       [5.58149169, 1.88106421, 2.62454758, 3.90390267, 2.15514248,\n        2.55137449],\n       [5.61955209, 1.88767055, 2.60270774, 3.91588115, 2.18603115,\n        2.55643759],\n       [5.5914441 , 1.86964847, 2.6011366 , 3.90759777, 2.16576535,\n        2.58424147]]), array([0.1046363 , 0.10465904, 0.10471522, 0.10476936, 0.10488366,\n       0.10496248, 0.10498485]))", "callback": [0.6895858485438742, 0.36876665870154923, 0.2467349717647097, 0.18303830622178963, 0.1311353054358716, 0.11058195801084625, 0.10777075949993464, 0.10621722231604402, 0.10548071964931649, 0.1048836565322121]}, "1": {"maxiter": 100, "fatol": 1e-05, "xatol": 1e-10, "duration": 0.03568315505981445, "fun": "0.10463630129471035", "nit": "100", "nfev": "157", "status": "2", "success": "False", "message": "Maximum number of iterations has been exceeded.", "x": "[5.622194   1.83438323 2.64867986 3.92258242 2.13336767 2.53316912]", "final_simplex": "(array([[5.622194  , 1.83438323, 2.64867986, 3.92258242, 2.13336767,\n        2.53316912],\n       [5.58726982, 1.85710991, 2.62022361, 3.91225797, 2.13757226,\n        2.54655963],\n       [5.60582242, 1.82480177, 2.63455527, 3.9286071 , 2.14926969,\n        2.53257157],\n       [5.58638281, 1.83120302, 2.63741426, 3.94306023, 2.12517795,\n        2.53843986],\n       [5.58149169, 1.88106421, 2.62454758, 3.90390267, 2.15514248,\n        2.55137449],\n       [5.61955209, 1.88767055, 2.60270774, 3.91588115, 2.18603115,\n        2.55643759],\n       [5.5914441 , 1.86964847, 2.6011366 , 3.90759777, 2.16576535,\n        2.58424147]]), array([0.1046363 , 0.10465904, 0.10471522, 0.10476936, 0.10488366,\n       0.10496248, 0.10498485]))", "callback": [0.6895858485438742, 0.36876665870154923, 0.2467349717647097, 0.18303830622178963, 0.1311353054358716, 0.11058195801084625, 0.10777075949993464, 0.10621722231604402, 0.10548071964931649, 0.1048836565322121]}, "2": {"maxiter": 100, "fatol": 1e-10, "xatol": 1e-05, "duration": 0.03575015068054199, "fun": "0.10463630129471035", "nit": "100", "nfev": "157", "status": "2", "success": "False", "message": "Maximum number of iterations has been exceeded.", "x": "[5.622194   1.83438323 2.64867986 3.92258242 2.13336767 2.53316912]", "final_simplex": "(array([[5.622194  , 1.83438323, 2.64867986, 3.92258242, 2.13336767,\n        2.53316912],\n       [5.58726982, 1.85710991, 2.62022361, 3.91225797, 2.13757226,\n        2.54655963],\n       [5.60582242, 1.82480177, 2.63455527, 3.9286071 , 2.14926969,\n        2.53257157],\n       [5.58638281, 1.83120302, 2.63741426, 3.94306023, 2.12517795,\n        2.53843986],\n       [5.58149169, 1.88106421, 2.62454758, 3.90390267, 2.15514248,\n        2.55137449],\n       [5.61955209, 1.88767055, 2.60270774, 3.91588115, 2.18603115,\n        2.55643759],\n       [5.5914441 , 1.86964847, 2.6011366 , 3.90759777, 2.16576535,\n        2.58424147]]), array([0.1046363 , 0.10465904, 0.10471522, 0.10476936, 0.10488366,\n       0.10496248, 0.10498485]))", "callback": [0.6895858485438742, 0.36876665870154923, 0.2467349717647097, 0.18303830622178963, 0.1311353054358716, 0.11058195801084625, 0.10777075949993464, 0.10621722231604402, 0.10548071964931649, 0.1048836565322121]}, "3": {"maxiter": 100, "fatol": 1e-10, "xatol": 1e-10, "duration": 0.034998178482055664, "fun": "0.10463630129471035", "nit": "100", "nfev": "157", "status": "2", "success": "False", "message": "Maximum number of iterations has been exceeded.", "x": "[5.622194   1.83438323 2.64867986 3.92258242 2.13336767 2.53316912]", "final_simplex": "(array([[5.622194  , 1.83438323, 2.64867986, 3.92258242, 2.13336767,\n        2.53316912],\n       [5.58726982, 1.85710991, 2.62022361, 3.91225797, 2.13757226,\n        2.54655963],\n       [5.60582242, 1.82480177, 2.63455527, 3.9286071 , 2.14926969,\n        2.53257157],\n       [5.58638281, 1.83120302, 2.63741426, 3.94306023, 2.12517795,\n        2.53843986],\n       [5.58149169, 1.88106421, 2.62454758, 3.90390267, 2.15514248,\n        2.55137449],\n       [5.61955209, 1.88767055, 2.60270774, 3.91588115, 2.18603115,\n        2.55643759],\n       [5.5914441 , 1.86964847, 2.6011366 , 3.90759777, 2.16576535,\n        2.58424147]]), array([0.1046363 , 0.10465904, 0.10471522, 0.10476936, 0.10488366,\n       0.10496248, 0.10498485]))", "callback": [0.6895858485438742, 0.36876665870154923, 0.2467349717647097, 0.18303830622178963, 0.1311353054358716, 0.11058195801084625, 0.10777075949993464, 0.10621722231604402, 0.10548071964931649, 0.1048836565322121]}, "4": {"maxiter": 500, "fatol": 1e-05, "xatol": 1e-05, "duration": 0.17748403549194336, "fun": "0.07681506852581854", "nit": "500", "nfev": "776", "status": "2", "success": "False", "message": "Maximum number of iterations has been exceeded.", "x": "[ 6.06182137 -1.56226334  4.94504835  4.70166046  1.44534662  1.20467129]", "final_simplex": "(array([[ 6.06182137, -1.56226334,  4.94504835,  4.70166046,  1.44534662,\n         1.20467129],\n       [ 6.06085297, -1.53023797,  4.91491066,  4.69275605,  1.44060711,\n         1.21172597],\n       [ 6.06352468, -1.56720558,  4.95009922,  4.69231815,  1.44976184,\n         1.20536328],\n       [ 6.0654766 , -1.53183757,  4.90812018,  4.70268993,  1.44702248,\n         1.20631364],\n       [ 6.07161634, -1.55015212,  4.93783253,  4.6997067 ,  1.44514344,\n         1.19627336],\n       [ 6.06366813, -1.55343151,  4.92971789,  4.70216628,  1.44030289,\n         1.20286026],\n       [ 6.07064288, -1.55077494,  4.94738848,  4.68528906,  1.45187403,\n         1.20542378]]), array([0.07681507, 0.07682078, 0.07683055, 0.07684081, 0.0768449 ,\n       0.07684727, 0.07685465]))", "callback": [0.6895858485438742, 0.36876665870154923, 0.2467349717647097, 0.18303830622178963, 0.1311353054358716, 0.11058195801084625, 0.10777075949993464, 0.10621722231604402, 0.10548071964931649, 0.1048836565322121, 0.10459674521415252, 0.10395976643602012, 0.0999615659790749, 0.08610262764169485, 0.08427472657271462, 0.08402398892745833, 0.08364789238297987, 0.08299903631456207, 0.08268477255316364, 0.08255153100154833, 0.08255153100154833, 0.08254554188118601, 0.08254336048007116, 0.08254288780265129, 0.08254267806333382, 0.08254262439209747, 0.08254258192176778, 0.08254240979512284, 0.08254198822802739, 0.08254122371037609, 0.0825408952660589, 0.08253954323163515, 0.0825375596604141, 0.08253275443820973, 0.08251928395773767, 0.08247090254390876, 0.08219528890038652, 0.08154135204157686, 0.0811203428637437, 0.08066179895769099, 0.07990975929108357, 0.0789660815788441, 0.07803953946463826, 0.07789460894327283, 0.07782025439937679, 0.077736692089455, 0.0774256465772335, 0.07714578687464502, 0.07689011794562128, 0.07685464633550232]}, "5": {"maxiter": 500, "fatol": 1e-05, "xatol": 1e-10, "duration": 0.1780233383178711, "fun": "0.07681506852581854", "nit": "500", "nfev": "776", "status": "2", "success": "False", "message": "Maximum number of iterations has been exceeded.", "x": "[ 6.06182137 -1.56226334  4.94504835  4.70166046  1.44534662  1.20467129]", "final_simplex": "(array([[ 6.06182137, -1.56226334,  4.94504835,  4.70166046,  1.44534662,\n         1.20467129],\n       [ 6.06085297, -1.53023797,  4.91491066,  4.69275605,  1.44060711,\n         1.21172597],\n       [ 6.06352468, -1.56720558,  4.95009922,  4.69231815,  1.44976184,\n         1.20536328],\n       [ 6.0654766 , -1.53183757,  4.90812018,  4.70268993,  1.44702248,\n         1.20631364],\n       [ 6.07161634, -1.55015212,  4.93783253,  4.6997067 ,  1.44514344,\n         1.19627336],\n       [ 6.06366813, -1.55343151,  4.92971789,  4.70216628,  1.44030289,\n         1.20286026],\n       [ 6.07064288, -1.55077494,  4.94738848,  4.68528906,  1.45187403,\n         1.20542378]]), array([0.07681507, 0.07682078, 0.07683055, 0.07684081, 0.0768449 ,\n       0.07684727, 0.07685465]))", "callback": [0.6895858485438742, 0.36876665870154923, 0.2467349717647097, 0.18303830622178963, 0.1311353054358716, 0.11058195801084625, 0.10777075949993464, 0.10621722231604402, 0.10548071964931649, 0.1048836565322121, 0.10459674521415252, 0.10395976643602012, 0.0999615659790749, 0.08610262764169485, 0.08427472657271462, 0.08402398892745833, 0.08364789238297987, 0.08299903631456207, 0.08268477255316364, 0.08255153100154833, 0.08255153100154833, 0.08254554188118601, 0.08254336048007116, 0.08254288780265129, 0.08254267806333382, 0.08254262439209747, 0.08254258192176778, 0.08254240979512284, 0.08254198822802739, 0.08254122371037609, 0.0825408952660589, 0.08253954323163515, 0.0825375596604141, 0.08253275443820973, 0.08251928395773767, 0.08247090254390876, 0.08219528890038652, 0.08154135204157686, 0.0811203428637437, 0.08066179895769099, 0.07990975929108357, 0.0789660815788441, 0.07803953946463826, 0.07789460894327283, 0.07782025439937679, 0.077736692089455, 0.0774256465772335, 0.07714578687464502, 0.07689011794562128, 0.07685464633550232]}, "6": {"maxiter": 500, "fatol": 1e-10, "xatol": 1e-05, "duration": 0.18193793296813965, "fun": "0.07681506852581854", "nit": "500", "nfev": "776", "status": "2", "success": "False", "message": "Maximum number of iterations has been exceeded.", "x": "[ 6.06182137 -1.56226334  4.94504835  4.70166046  1.44534662  1.20467129]", "final_simplex": "(array([[ 6.06182137, -1.56226334,  4.94504835,  4.70166046,  1.44534662,\n         1.20467129],\n       [ 6.06085297, -1.53023797,  4.91491066,  4.69275605,  1.44060711,\n         1.21172597],\n       [ 6.06352468, -1.56720558,  4.95009922,  4.69231815,  1.44976184,\n         1.20536328],\n       [ 6.0654766 , -1.53183757,  4.90812018,  4.70268993,  1.44702248,\n         1.20631364],\n       [ 6.07161634, -1.55015212,  4.93783253,  4.6997067 ,  1.44514344,\n         1.19627336],\n       [ 6.06366813, -1.55343151,  4.92971789,  4.70216628,  1.44030289,\n         1.20286026],\n       [ 6.07064288, -1.55077494,  4.94738848,  4.68528906,  1.45187403,\n         1.20542378]]), array([0.07681507, 0.07682078, 0.07683055, 0.07684081, 0.0768449 ,\n       0.07684727, 0.07685465]))", "callback": [0.6895858485438742, 0.36876665870154923, 0.2467349717647097, 0.18303830622178963, 0.1311353054358716, 0.11058195801084625, 0.10777075949993464, 0.10621722231604402, 0.10548071964931649, 0.1048836565322121, 0.10459674521415252, 0.10395976643602012, 0.0999615659790749, 0.08610262764169485, 0.08427472657271462, 0.08402398892745833, 0.08364789238297987, 0.08299903631456207, 0.08268477255316364, 0.08255153100154833, 0.08255153100154833, 0.08254554188118601, 0.08254336048007116, 0.08254288780265129, 0.08254267806333382, 0.08254262439209747, 0.08254258192176778, 0.08254240979512284, 0.08254198822802739, 0.08254122371037609, 0.0825408952660589, 0.08253954323163515, 0.0825375596604141, 0.08253275443820973, 0.08251928395773767, 0.08247090254390876, 0.08219528890038652, 0.08154135204157686, 0.0811203428637437, 0.08066179895769099, 0.07990975929108357, 0.0789660815788441, 0.07803953946463826, 0.07789460894327283, 0.07782025439937679, 0.077736692089455, 0.0774256465772335, 0.07714578687464502, 0.07689011794562128, 0.07685464633550232]}, "7": {"maxiter": 500, "fatol": 1e-10, "xatol": 1e-10, "duration": 0.17803692817687988, "fun": "0.07681506852581854", "nit": "500", "nfev": "776", "status": "2", "success": "False", "message": "Maximum number of iterations has been exceeded.", "x": "[ 6.06182137 -1.56226334  4.94504835  4.70166046  1.44534662  1.20467129]", "final_simplex": "(array([[ 6.06182137, -1.56226334,  4.94504835,  4.70166046,  1.44534662,\n         1.20467129],\n       [ 6.06085297, -1.53023797,  4.91491066,  4.69275605,  1.44060711,\n         1.21172597],\n       [ 6.06352468, -1.56720558,  4.95009922,  4.69231815,  1.44976184,\n         1.20536328],\n       [ 6.0654766 , -1.53183757,  4.90812018,  4.70268993,  1.44702248,\n         1.20631364],\n       [ 6.07161634, -1.55015212,  4.93783253,  4.6997067 ,  1.44514344,\n         1.19627336],\n       [ 6.06366813, -1.55343151,  4.92971789,  4.70216628,  1.44030289,\n         1.20286026],\n       [ 6.07064288, -1.55077494,  4.94738848,  4.68528906,  1.45187403,\n         1.20542378]]), array([0.07681507, 0.07682078, 0.07683055, 0.07684081, 0.0768449 ,\n       0.07684727, 0.07685465]))", "callback": [0.6895858485438742, 0.36876665870154923, 0.2467349717647097, 0.18303830622178963, 0.1311353054358716, 0.11058195801084625, 0.10777075949993464, 0.10621722231604402, 0.10548071964931649, 0.1048836565322121, 0.10459674521415252, 0.10395976643602012, 0.0999615659790749, 0.08610262764169485, 0.08427472657271462, 0.08402398892745833, 0.08364789238297987, 0.08299903631456207, 0.08268477255316364, 0.08255153100154833, 0.08255153100154833, 0.08254554188118601, 0.08254336048007116, 0.08254288780265129, 0.08254267806333382, 0.08254262439209747, 0.08254258192176778, 0.08254240979512284, 0.08254198822802739, 0.08254122371037609, 0.0825408952660589, 0.08253954323163515, 0.0825375596604141, 0.08253275443820973, 0.08251928395773767, 0.08247090254390876, 0.08219528890038652, 0.08154135204157686, 0.0811203428637437, 0.08066179895769099, 0.07990975929108357, 0.0789660815788441, 0.07803953946463826, 0.07789460894327283, 0.07782025439937679, 0.077736692089455, 0.0774256465772335, 0.07714578687464502, 0.07689011794562128, 0.07685464633550232]}, "8": {"maxiter": 1000, "fatol": 1e-05, "xatol": 1e-05, "duration": 0.27861690521240234, "fun": "0.06719747057836034", "nit": "785", "nfev": "1210", "status": "0", "success": "True", "message": "Optimization terminated successfully.", "x": "[ 5.42725494 -1.93943384  4.6937849   5.26316053  1.76048835  0.46328082]", "final_simplex": "(array([[ 5.42725494, -1.93943384,  4.6937849 ,  5.26316053,  1.76048835,\n         0.46328082],\n       [ 5.42725063, -1.93943555,  4.69377997,  5.26316614,  1.7604921 ,\n         0.46327347],\n       [ 5.4272519 , -1.93943332,  4.69378354,  5.26316179,  1.76049182,\n         0.4632761 ],\n       [ 5.4272531 , -1.93943641,  4.69378352,  5.26316534,  1.76049078,\n         0.46327625],\n       [ 5.42725169, -1.93943491,  4.69378235,  5.26316344,  1.76049371,\n         0.46327422],\n       [ 5.427251  , -1.93943585,  4.69378346,  5.26316379,  1.76049123,\n         0.46327713],\n       [ 5.42725453, -1.93943046,  4.69378158,  5.26316244,  1.76048986,\n         0.46328172]]), array([0.06719747, 0.06719747, 0.06719747, 0.06719747, 0.06719747,\n       0.06719747, 0.06719747]))", "callback": [0.6895858485438742, 0.36876665870154923, 0.2467349717647097, 0.18303830622178963, 0.1311353054358716, 0.11058195801084625, 0.10777075949993464, 0.10621722231604402, 0.10548071964931649, 0.1048836565322121, 0.10459674521415252, 0.10395976643602012, 0.0999615659790749, 0.08610262764169485, 0.08427472657271462, 0.08402398892745833, 0.08364789238297987, 0.08299903631456207, 0.08268477255316364, 0.08255153100154833, 0.08255153100154833, 0.08254554188118601, 0.08254336048007116, 0.08254288780265129, 0.08254267806333382, 0.08254262439209747, 0.08254258192176778, 0.08254240979512284, 0.08254198822802739, 0.08254122371037609, 0.0825408952660589, 0.08253954323163515, 0.0825375596604141, 0.08253275443820973, 0.08251928395773767, 0.08247090254390876, 0.08219528890038652, 0.08154135204157686, 0.0811203428637437, 0.08066179895769099, 0.07990975929108357, 0.0789660815788441, 0.07803953946463826, 0.07789460894327283, 0.07782025439937679, 0.077736692089455, 0.0774256465772335, 0.07714578687464502, 0.07689011794562128, 0.07685464633550232, 0.0767579842136017, 0.07670236639124994, 0.07640162453414057, 0.07590251071178022, 0.07540647321689187, 0.07472183552845313, 0.07369706322071712, 0.07324187876144606, 0.0720741283484414, 0.06964746158041679, 0.06838595519801371, 0.06799546546112567, 0.06752282234188656, 0.06732326460952287, 0.06723984844286146, 0.06721091401095114, 0.06720055641064815, 0.0671978427127794, 0.0671976222933619, 0.06719750375299771, 0.06719748910985757, 0.06719747468807924, 0.06719747167904089, 0.06719747098868079, 0.06719747070949877, 0.06719747061769332, 0.06719747058315007, 0.06719747058036973, 0.06719747057872816]}, "9": {"maxiter": 1000, "fatol": 1e-05, "xatol": 1e-10, "duration": 0.3292810916900635, "fun": "0.06719747057797265", "nit": "878", "nfev": "1423", "status": "0", "success": "True", "message": "Optimization terminated successfully.", "x": "[ 5.42725437 -1.93943387  4.69378387  5.26316241  1.76048902  0.46327871]", "final_simplex": "(array([[ 5.42725437, -1.93943387,  4.69378387,  5.26316241,  1.76048902,\n         0.46327871],\n       [ 5.42725437, -1.93943387,  4.69378387,  5.26316241,  1.76048902,\n         0.46327871],\n       [ 5.42725437, -1.93943387,  4.69378387,  5.26316241,  1.76048902,\n         0.46327871],\n       [ 5.42725437, -1.93943387,  4.69378387,  5.26316241,  1.76048902,\n         0.46327871],\n       [ 5.42725437, -1.93943387,  4.69378387,  5.26316241,  1.76048902,\n         0.46327871],\n       [ 5.42725437, -1.93943387,  4.69378387,  5.26316241,  1.76048902,\n         0.46327871],\n       [ 5.42725437, -1.93943387,  4.69378387,  5.26316241,  1.76048902,\n         0.46327871]]), array([0.06719747, 0.06719747, 0.06719747, 0.06719747, 0.06719747,\n       0.06719747, 0.06719747]))", "callback": [0.6895858485438742, 0.36876665870154923, 0.2467349717647097, 0.18303830622178963, 0.1311353054358716, 0.11058195801084625, 0.10777075949993464, 0.10621722231604402, 0.10548071964931649, 0.1048836565322121, 0.10459674521415252, 0.10395976643602012, 0.0999615659790749, 0.08610262764169485, 0.08427472657271462, 0.08402398892745833, 0.08364789238297987, 0.08299903631456207, 0.08268477255316364, 0.08255153100154833, 0.08255153100154833, 0.08254554188118601, 0.08254336048007116, 0.08254288780265129, 0.08254267806333382, 0.08254262439209747, 0.08254258192176778, 0.08254240979512284, 0.08254198822802739, 0.08254122371037609, 0.0825408952660589, 0.08253954323163515, 0.0825375596604141, 0.08253275443820973, 0.08251928395773767, 0.08247090254390876, 0.08219528890038652, 0.08154135204157686, 0.0811203428637437, 0.08066179895769099, 0.07990975929108357, 0.0789660815788441, 0.07803953946463826, 0.07789460894327283, 0.07782025439937679, 0.077736692089455, 0.0774256465772335, 0.07714578687464502, 0.07689011794562128, 0.07685464633550232, 0.0767579842136017, 0.07670236639124994, 0.07640162453414057, 0.07590251071178022, 0.07540647321689187, 0.07472183552845313, 0.07369706322071712, 0.07324187876144606, 0.0720741283484414, 0.06964746158041679, 0.06838595519801371, 0.06799546546112567, 0.06752282234188656, 0.06732326460952287, 0.06723984844286146, 0.06721091401095114, 0.06720055641064815, 0.0671978427127794, 0.0671976222933619, 0.06719750375299771, 0.06719748910985757, 0.06719747468807924, 0.06719747167904089, 0.06719747098868079, 0.06719747070949877, 0.06719747061769332, 0.06719747058315007, 0.06719747058036973, 0.06719747057872816, 0.0671974705781786, 0.06719747057800718, 0.06719747057798375, 0.0671974705779742, 0.0671974705779731, 0.06719747057797265, 0.06719747057797265, 0.06719747057797265, 0.06719747057797265]}, "10": {"maxiter": 1000, "fatol": 1e-10, "xatol": 1e-05, "duration": 0.27017998695373535, "fun": "0.06719747057836034", "nit": "785", "nfev": "1210", "status": "0", "success": "True", "message": "Optimization terminated successfully.", "x": "[ 5.42725494 -1.93943384  4.6937849   5.26316053  1.76048835  0.46328082]", "final_simplex": "(array([[ 5.42725494, -1.93943384,  4.6937849 ,  5.26316053,  1.76048835,\n         0.46328082],\n       [ 5.42725063, -1.93943555,  4.69377997,  5.26316614,  1.7604921 ,\n         0.46327347],\n       [ 5.4272519 , -1.93943332,  4.69378354,  5.26316179,  1.76049182,\n         0.4632761 ],\n       [ 5.4272531 , -1.93943641,  4.69378352,  5.26316534,  1.76049078,\n         0.46327625],\n       [ 5.42725169, -1.93943491,  4.69378235,  5.26316344,  1.76049371,\n         0.46327422],\n       [ 5.427251  , -1.93943585,  4.69378346,  5.26316379,  1.76049123,\n         0.46327713],\n       [ 5.42725453, -1.93943046,  4.69378158,  5.26316244,  1.76048986,\n         0.46328172]]), array([0.06719747, 0.06719747, 0.06719747, 0.06719747, 0.06719747,\n       0.06719747, 0.06719747]))", "callback": [0.6895858485438742, 0.36876665870154923, 0.2467349717647097, 0.18303830622178963, 0.1311353054358716, 0.11058195801084625, 0.10777075949993464, 0.10621722231604402, 0.10548071964931649, 0.1048836565322121, 0.10459674521415252, 0.10395976643602012, 0.0999615659790749, 0.08610262764169485, 0.08427472657271462, 0.08402398892745833, 0.08364789238297987, 0.08299903631456207, 0.08268477255316364, 0.08255153100154833, 0.08255153100154833, 0.08254554188118601, 0.08254336048007116, 0.08254288780265129, 0.08254267806333382, 0.08254262439209747, 0.08254258192176778, 0.08254240979512284, 0.08254198822802739, 0.08254122371037609, 0.0825408952660589, 0.08253954323163515, 0.0825375596604141, 0.08253275443820973, 0.08251928395773767, 0.08247090254390876, 0.08219528890038652, 0.08154135204157686, 0.0811203428637437, 0.08066179895769099, 0.07990975929108357, 0.0789660815788441, 0.07803953946463826, 0.07789460894327283, 0.07782025439937679, 0.077736692089455, 0.0774256465772335, 0.07714578687464502, 0.07689011794562128, 0.07685464633550232, 0.0767579842136017, 0.07670236639124994, 0.07640162453414057, 0.07590251071178022, 0.07540647321689187, 0.07472183552845313, 0.07369706322071712, 0.07324187876144606, 0.0720741283484414, 0.06964746158041679, 0.06838595519801371, 0.06799546546112567, 0.06752282234188656, 0.06732326460952287, 0.06723984844286146, 0.06721091401095114, 0.06720055641064815, 0.0671978427127794, 0.0671976222933619, 0.06719750375299771, 0.06719748910985757, 0.06719747468807924, 0.06719747167904089, 0.06719747098868079, 0.06719747070949877, 0.06719747061769332, 0.06719747058315007, 0.06719747058036973, 0.06719747057872816]}, "11": {"maxiter": 1000, "fatol": 1e-10, "xatol": 1e-10, "duration": 0.31336188316345215, "fun": "0.06719747057797265", "nit": "878", "nfev": "1423", "status": "0", "success": "True", "message": "Optimization terminated successfully.", "x": "[ 5.42725437 -1.93943387  4.69378387  5.26316241  1.76048902  0.46327871]", "final_simplex": "(array([[ 5.42725437, -1.93943387,  4.69378387,  5.26316241,  1.76048902,\n         0.46327871],\n       [ 5.42725437, -1.93943387,  4.69378387,  5.26316241,  1.76048902,\n         0.46327871],\n       [ 5.42725437, -1.93943387,  4.69378387,  5.26316241,  1.76048902,\n         0.46327871],\n       [ 5.42725437, -1.93943387,  4.69378387,  5.26316241,  1.76048902,\n         0.46327871],\n       [ 5.42725437, -1.93943387,  4.69378387,  5.26316241,  1.76048902,\n         0.46327871],\n       [ 5.42725437, -1.93943387,  4.69378387,  5.26316241,  1.76048902,\n         0.46327871],\n       [ 5.42725437, -1.93943387,  4.69378387,  5.26316241,  1.76048902,\n         0.46327871]]), array([0.06719747, 0.06719747, 0.06719747, 0.06719747, 0.06719747,\n       0.06719747, 0.06719747]))", "callback": [0.6895858485438742, 0.36876665870154923, 0.2467349717647097, 0.18303830622178963, 0.1311353054358716, 0.11058195801084625, 0.10777075949993464, 0.10621722231604402, 0.10548071964931649, 0.1048836565322121, 0.10459674521415252, 0.10395976643602012, 0.0999615659790749, 0.08610262764169485, 0.08427472657271462, 0.08402398892745833, 0.08364789238297987, 0.08299903631456207, 0.08268477255316364, 0.08255153100154833, 0.08255153100154833, 0.08254554188118601, 0.08254336048007116, 0.08254288780265129, 0.08254267806333382, 0.08254262439209747, 0.08254258192176778, 0.08254240979512284, 0.08254198822802739, 0.08254122371037609, 0.0825408952660589, 0.08253954323163515, 0.0825375596604141, 0.08253275443820973, 0.08251928395773767, 0.08247090254390876, 0.08219528890038652, 0.08154135204157686, 0.0811203428637437, 0.08066179895769099, 0.07990975929108357, 0.0789660815788441, 0.07803953946463826, 0.07789460894327283, 0.07782025439937679, 0.077736692089455, 0.0774256465772335, 0.07714578687464502, 0.07689011794562128, 0.07685464633550232, 0.0767579842136017, 0.07670236639124994, 0.07640162453414057, 0.07590251071178022, 0.07540647321689187, 0.07472183552845313, 0.07369706322071712, 0.07324187876144606, 0.0720741283484414, 0.06964746158041679, 0.06838595519801371, 0.06799546546112567, 0.06752282234188656, 0.06732326460952287, 0.06723984844286146, 0.06721091401095114, 0.06720055641064815, 0.0671978427127794, 0.0671976222933619, 0.06719750375299771, 0.06719748910985757, 0.06719747468807924, 0.06719747167904089, 0.06719747098868079, 0.06719747070949877, 0.06719747061769332, 0.06719747058315007, 0.06719747058036973, 0.06719747057872816, 0.0671974705781786, 0.06719747057800718, 0.06719747057798375, 0.0671974705779742, 0.0671974705779731, 0.06719747057797265, 0.06719747057797265, 0.06719747057797265, 0.06719747057797265]}}, "bfgs": {"type": "gradient", "0": {"maxiter": 100, "gtol": 1e-05, "xrtol": 1e-05, "eps": 1e-05, "duration": 0.05483102798461914, "fun": "0.06719747069092663", "jac": "[ 6.40476561e-07 -1.74703585e-06  2.43469689e-06  2.42721399e-06\n  7.08633152e-07  2.88866708e-06]", "hess_inv": "[[ 17.52892164 -11.84204475  -7.95473199  10.99326768  14.16620407\n  -23.76796723]\n [-11.84204475  18.19196581   1.07682059  -9.49225531  -8.42825768\n   20.81199473]\n [ -7.95473199   1.07682059  11.43808403  -8.3564993   -8.15231834\n   11.30054567]\n [ 10.99326768  -9.49225531  -8.3564993   13.48726007  10.54984843\n  -19.19162664]\n [ 14.16620407  -8.42825768  -8.15231834  10.54984843  15.70180806\n  -22.27836547]\n [-23.76796723  20.81199473  11.30054567 -19.19162664 -22.27836547\n   41.27476449]]", "nfev": "245", "njev": "35", "status": "0", "success": "True", "message": "Optimization terminated successfully.", "x": "[7.13907263 1.20216252 1.55222898 5.26312959 1.76043464 0.46334538]", "nit": "32", "callback": [0.23714495644109646, 0.19600584590689896, 0.17611790159390284, 0.15205006961224188, 0.14712323541542038, 0.13959437220584014, 0.1319469118127271, 0.12588871691802328, 0.11853706472919745, 0.11204274510074286, 0.10132609341248555, 0.08955185231239682, 0.08199163874853277, 0.07972537821991532, 0.07757434184112377, 0.0769948977373539, 0.07660480509079015, 0.07603965572124094, 0.0750887107930841, 0.07382392143287642, 0.07252962424683473, 0.07042416415300479, 0.0682222632447752, 0.06779235907169112, 0.06749237162989596, 0.06736085121124791, 0.06724189322870766, 0.06721769949166156, 0.06719835881922753, 0.0671974834902318, 0.06719747250604624, 0.06719747069092663]}, "1": {"maxiter": 100, "gtol": 1e-05, "xrtol": 1e-05, "eps": 1e-10, "duration": 0.05350995063781738, "fun": "0.0671974715298489", "jac": "[ 0.00000000e+00 -5.55111466e-06 -3.33066880e-06 -1.11022293e-06\n  0.00000000e+00  0.00000000e+00]", "hess_inv": "[[ 21.30897197 -13.41948847 -11.19261749  15.82311754  19.6089784\n  -31.03846622]\n [-13.41948847  18.43514888   3.38640376 -11.09165737 -11.498746\n   25.24506624]\n [-11.19261749   3.38640376  13.40405246 -12.25827953 -11.73317462\n   16.38586172]\n [ 15.82311754 -11.09165737 -12.25827953  18.12475403  16.22880094\n  -26.80414161]\n [ 19.6089784  -11.498746   -11.73317462  16.22880094  22.08661691\n  -31.48202772]\n [-31.03846622  25.24506624  16.38586172 -26.80414161 -31.48202772\n   55.02688582]]", "nfev": "238", "njev": "34", "status": "0", "success": "True", "message": "Optimization terminated successfully.", "x": "[7.13929807 1.20200819 1.55209512 5.26330629 1.76065831 0.46298871]", "nit": "32", "callback": [0.2371440541366483, 0.19600570950583984, 0.17611794399208403, 0.15204984847862923, 0.1471235351227126, 0.13959339188596076, 0.13194454109865994, 0.12588732755063403, 0.11853391992442175, 0.11203945130616888, 0.10132238571927288, 0.08954545079559151, 0.08199122518974311, 0.07972676849369065, 0.07757421453604452, 0.0769948588857593, 0.07660446341202798, 0.07603908047824648, 0.0750877957656958, 0.07382332493688537, 0.07252848404647327, 0.07042149434837774, 0.06822104598930312, 0.06779349789251321, 0.06749378758802438, 0.06737023110286555, 0.06731245067148672, 0.06722798990402445, 0.06719809001760546, 0.06719750926233203, 0.06719747233594375, 0.0671974715298489]}, "2": {"maxiter": 100, "gtol": 1e-05, "xrtol": 1e-10, "eps": 1e-05, "duration": 0.05479907989501953, "fun": "0.06719747069092663", "jac": "[ 6.40476561e-07 -1.74703585e-06  2.43469689e-06  2.42721399e-06\n  7.08633152e-07  2.88866708e-06]", "hess_inv": "[[ 17.52892164 -11.84204475  -7.95473199  10.99326768  14.16620407\n  -23.76796723]\n [-11.84204475  18.19196581   1.07682059  -9.49225531  -8.42825768\n   20.81199473]\n [ -7.95473199   1.07682059  11.43808403  -8.3564993   -8.15231834\n   11.30054567]\n [ 10.99326768  -9.49225531  -8.3564993   13.48726007  10.54984843\n  -19.19162664]\n [ 14.16620407  -8.42825768  -8.15231834  10.54984843  15.70180806\n  -22.27836547]\n [-23.76796723  20.81199473  11.30054567 -19.19162664 -22.27836547\n   41.27476449]]", "nfev": "245", "njev": "35", "status": "0", "success": "True", "message": "Optimization terminated successfully.", "x": "[7.13907263 1.20216252 1.55222898 5.26312959 1.76043464 0.46334538]", "nit": "32", "callback": [0.23714495644109646, 0.19600584590689896, 0.17611790159390284, 0.15205006961224188, 0.14712323541542038, 0.13959437220584014, 0.1319469118127271, 0.12588871691802328, 0.11853706472919745, 0.11204274510074286, 0.10132609341248555, 0.08955185231239682, 0.08199163874853277, 0.07972537821991532, 0.07757434184112377, 0.0769948977373539, 0.07660480509079015, 0.07603965572124094, 0.0750887107930841, 0.07382392143287642, 0.07252962424683473, 0.07042416415300479, 0.0682222632447752, 0.06779235907169112, 0.06749237162989596, 0.06736085121124791, 0.06724189322870766, 0.06721769949166156, 0.06719835881922753, 0.0671974834902318, 0.06719747250604624, 0.06719747069092663]}, "3": {"maxiter": 100, "gtol": 1e-05, "xrtol": 1e-10, "eps": 1e-10, "duration": 0.05335521697998047, "fun": "0.0671974715298489", "jac": "[ 0.00000000e+00 -5.55111466e-06 -3.33066880e-06 -1.11022293e-06\n  0.00000000e+00  0.00000000e+00]", "hess_inv": "[[ 21.30897197 -13.41948847 -11.19261749  15.82311754  19.6089784\n  -31.03846622]\n [-13.41948847  18.43514888   3.38640376 -11.09165737 -11.498746\n   25.24506624]\n [-11.19261749   3.38640376  13.40405246 -12.25827953 -11.73317462\n   16.38586172]\n [ 15.82311754 -11.09165737 -12.25827953  18.12475403  16.22880094\n  -26.80414161]\n [ 19.6089784  -11.498746   -11.73317462  16.22880094  22.08661691\n  -31.48202772]\n [-31.03846622  25.24506624  16.38586172 -26.80414161 -31.48202772\n   55.02688582]]", "nfev": "238", "njev": "34", "status": "0", "success": "True", "message": "Optimization terminated successfully.", "x": "[7.13929807 1.20200819 1.55209512 5.26330629 1.76065831 0.46298871]", "nit": "32", "callback": [0.2371440541366483, 0.19600570950583984, 0.17611794399208403, 0.15204984847862923, 0.1471235351227126, 0.13959339188596076, 0.13194454109865994, 0.12588732755063403, 0.11853391992442175, 0.11203945130616888, 0.10132238571927288, 0.08954545079559151, 0.08199122518974311, 0.07972676849369065, 0.07757421453604452, 0.0769948588857593, 0.07660446341202798, 0.07603908047824648, 0.0750877957656958, 0.07382332493688537, 0.07252848404647327, 0.07042149434837774, 0.06822104598930312, 0.06779349789251321, 0.06749378758802438, 0.06737023110286555, 0.06731245067148672, 0.06722798990402445, 0.06719809001760546, 0.06719750926233203, 0.06719747233594375, 0.0671974715298489]}, "4": {"maxiter": 100, "gtol": 1e-10, "xrtol": 1e-05, "eps": 1e-05, "duration": 0.05705404281616211, "fun": "0.06719747060758097", "jac": "[ 4.51350068e-07  3.30380168e-07 -5.45663514e-07 -1.59694480e-07\n  1.01463282e-07  4.05309120e-07]", "hess_inv": "[[ 18.72354166 -12.12630667  -9.14992224  12.220081    15.82569342\n  -25.54299936]\n [-12.12630667  18.04510204   1.52983038  -9.6175497   -8.75491014\n   21.31770754]\n [ -9.14992224   1.52983038  12.50130639  -9.71487694  -9.86622913\n   13.01091466]\n [ 12.220081    -9.6175497   -9.71487694  14.61769689  12.20106044\n  -21.07923287]\n [ 15.82569342  -8.75491014  -9.86622913  12.20106044  17.98536385\n  -24.77063366]\n [-25.54299936  21.31770754  13.01091466 -21.07923287 -24.77063366\n   43.8798247 ]]", "nfev": "252", "njev": "36", "status": "0", "success": "True", "message": "Optimization terminated successfully.", "x": "[7.13909464 1.20216605 1.55220006 5.26314538 1.76046243 0.46330926]", "nit": "33", "callback": [0.23714495644109646, 0.19600584590689896, 0.17611790159390284, 0.15205006961224188, 0.14712323541542038, 0.13959437220584014, 0.1319469118127271, 0.12588871691802328, 0.11853706472919745, 0.11204274510074286, 0.10132609341248555, 0.08955185231239682, 0.08199163874853277, 0.07972537821991532, 0.07757434184112377, 0.0769948977373539, 0.07660480509079015, 0.07603965572124094, 0.0750887107930841, 0.07382392143287642, 0.07252962424683473, 0.07042416415300479, 0.0682222632447752, 0.06779235907169112, 0.06749237162989596, 0.06736085121124791, 0.06724189322870766, 0.06721769949166156, 0.06719835881922753, 0.0671974834902318, 0.06719747250604624, 0.06719747069092663, 0.06719747060758097]}, "5": {"maxiter": 100, "gtol": 1e-10, "xrtol": 1e-05, "eps": 1e-10, "duration": 0.05936098098754883, "fun": "0.06719747072136517", "jac": "[-1.11022293e-06  2.22044587e-06  0.00000000e+00  0.00000000e+00\n  4.44089173e-06 -1.11022293e-06]", "hess_inv": "[[  8.76816604  -8.88178615  -3.80393449   5.95353214   6.05814313\n  -13.5970627 ]\n [ -8.88178615  12.80261567   1.66877444  -6.98825795  -7.29596874\n   18.11078565]\n [ -3.80393449   1.66877444   8.79890133  -6.51847001  -3.49754629\n    6.19876362]\n [  5.95353214  -6.98825795  -6.51847001  10.29129331   5.68463332\n  -12.86795795]\n [  6.05814313  -7.29596874  -3.49754629   5.68463332   7.39819686\n  -12.6424719 ]\n [-13.5970627   18.11078565   6.19876362 -12.86795795 -12.6424719\n   30.26318757]]", "nfev": "266", "njev": "38", "status": "0", "success": "True", "message": "Optimization terminated successfully.", "x": "[7.13916746 1.2021491  1.55216236 5.26319882 1.76055179 0.46320612]", "nit": "35", "callback": [0.2371440541366483, 0.19600570950583984, 0.17611794399208403, 0.15204984847862923, 0.1471235351227126, 0.13959339188596076, 0.13194454109865994, 0.12588732755063403, 0.11853391992442175, 0.11203945130616888, 0.10132238571927288, 0.08954545079559151, 0.08199122518974311, 0.07972676849369065, 0.07757421453604452, 0.0769948588857593, 0.07660446341202798, 0.07603908047824648, 0.0750877957656958, 0.07382332493688537, 0.07252848404647327, 0.07042149434837774, 0.06822104598930312, 0.06779349789251321, 0.06749378758802438, 0.06737023110286555, 0.06731245067148672, 0.06722798990402445, 0.06719809001760546, 0.06719750926233203, 0.06719747233594375, 0.0671974715298489, 0.06719747089985917, 0.06719747072595561, 0.06719747072136517]}, "6": {"maxiter": 100, "gtol": 1e-10, "xrtol": 1e-10, "eps": 1e-05, "duration": 0.12346982955932617, "fun": "0.06719747060758097", "jac": "[ 4.51350068e-07  3.30380168e-07 -5.45663514e-07 -1.59694480e-07\n  1.01463282e-07  4.05309120e-07]", "hess_inv": "[[ 19.858159   -13.60286723  -9.50150296  13.2328269   17.06517992\n  -28.30854639]\n [-13.60286723  17.54146436   3.65268188 -10.64478584 -10.64983443\n   23.59511857]\n [ -9.50150296   3.65268188  11.4667247  -10.22832597 -10.0567394\n   14.77537167]\n [ 13.2328269  -10.64478584 -10.22832597  15.48681074  13.34120331\n  -23.38929842]\n [ 17.06517992 -10.64983443 -10.0567394   13.34120331  19.30664707\n  -27.9454061 ]\n [-28.30854639  23.59511857  14.77537167 -23.38929842 -27.9454061\n   49.90044571]]", "nfev": "528", "njev": "74", "status": "2", "success": "False", "message": "Desired error not necessarily achieved due to precision loss.", "x": "[7.13909464 1.20216605 1.55220006 5.26314538 1.76046243 0.46330926]", "nit": "33", "callback": [0.23714495644109646, 0.19600584590689896, 0.17611790159390284, 0.15205006961224188, 0.14712323541542038, 0.13959437220584014, 0.1319469118127271, 0.12588871691802328, 0.11853706472919745, 0.11204274510074286, 0.10132609341248555, 0.08955185231239682, 0.08199163874853277, 0.07972537821991532, 0.07757434184112377, 0.0769948977373539, 0.07660480509079015, 0.07603965572124094, 0.0750887107930841, 0.07382392143287642, 0.07252962424683473, 0.07042416415300479, 0.0682222632447752, 0.06779235907169112, 0.06749237162989596, 0.06736085121124791, 0.06724189322870766, 0.06721769949166156, 0.06719835881922753, 0.0671974834902318, 0.06719747250604624, 0.06719747069092663, 0.06719747060758097]}, "7": {"maxiter": 100, "gtol": 1e-10, "xrtol": 1e-10, "eps": 1e-10, "duration": 0.20765280723571777, "fun": "0.06719747062282577", "jac": "[4.44089173e-06 0.00000000e+00 4.44089173e-06 3.33066880e-06\n 1.11022293e-06 3.33066880e-06]", "hess_inv": "[[ 0.18960267  0.47472577 -0.21074846  0.09722381  0.58081971 -0.42190544]\n [ 0.47472577  1.21195874 -0.5367668   0.25318528  1.47392864 -1.08510483]\n [-0.21074846 -0.5367668   0.24113979 -0.11373329 -0.65739343  0.48234248]\n [ 0.09722381  0.25318528 -0.11373329  0.06896939  0.30105958 -0.24101929]\n [ 0.58081971  1.47392864 -0.65739343  0.30105958  1.80514729 -1.31353966]\n [-0.42190544 -1.08510483  0.48234248 -0.24101929 -1.31353966  0.98543969]]", "nfev": "901", "njev": "127", "status": "2", "success": "False", "message": "Desired error not necessarily achieved due to precision loss.", "x": "[7.13915528 1.20213145 1.55217355 5.26319195 1.76052213 0.4632252 ]", "nit": "59", "callback": [0.2371440541366483, 0.19600570950583984, 0.17611794399208403, 0.15204984847862923, 0.1471235351227126, 0.13959339188596076, 0.13194454109865994, 0.12588732755063403, 0.11853391992442175, 0.11203945130616888, 0.10132238571927288, 0.08954545079559151, 0.08199122518974311, 0.07972676849369065, 0.07757421453604452, 0.0769948588857593, 0.07660446341202798, 0.07603908047824648, 0.0750877957656958, 0.07382332493688537, 0.07252848404647327, 0.07042149434837774, 0.06822104598930312, 0.06779349789251321, 0.06749378758802438, 0.06737023110286555, 0.06731245067148672, 0.06722798990402445, 0.06719809001760546, 0.06719750926233203, 0.06719747233594375, 0.0671974715298489, 0.06719747089985917, 0.06719747072595561, 0.06719747072136517, 0.06719747072031779, 0.06719747071898541, 0.06719747070654303, 0.06719747068746362, 0.0671974706695484, 0.06719747066436255, 0.06719747066085235, 0.0671974