{"date": "2024/09/25/, 05:58:42", "conf_id": 153, "data_type": "orthogonal\n", "num_data_points": 4, "s_rank": 0, "unitary": "[[-0.53618537-0.34368723j,-0.12107031-0.46226139j,-0.07699282-0.46603512j,0.36022595-0.11472301j],[0.26026499-0.63450712j,-0.56616638+0.37832564j,-0.14988651+0.08458591j,0.10363514-0.16008501j],[-0.32580188-0.11070003j,-0.36476308-0.23593218j,0.02559343+0.41761608j,-0.25598305+0.6725303j],[0.07406738-0.0126433j,0.28513701+0.19483972j,-0.74939717-0.10299659j,0.29798249+0.46269921j]]", "databatch_0": {"databatch": "[[[0.06294545+0.14317397j,0.12162424+0.01225979j,0.1479947-0.11158618j,0.0313028-0.13121169j],[0.11397204-0.25060986j,0.05281099-0.52993512j,0.27883172+0.08721533j,-0.1292251-0.09315207j],[0.07557724+0.28993835j,0.43423558+0.01342405j,0.00937649+0.17676573j,-0.069454-0.0597771j],[-0.01042685-0.00605097j,-0.18920005-0.10479012j,0.14412421-0.2238889j,-0.04155999-0.01022149j]],[[-0.11585545+0.25813524j,-0.00417387+0.16038428j,-0.19302572+0.06605855j,-0.11040136+0.23367228j],[-0.04831699-0.02043578j,0.3034072+0.02379222j,-0.1918734+0.22219437j,-0.13649308-0.08814263j],[0.21166612-0.11267144j,0.14246585-0.37221585j,0.09053217-0.03344571j,-0.15605817-0.09891386j],[-0.02001362-0.29928577j,0.05304851+0.16395324j,0.03840975-0.07325827j,0.20252476-0.38795992j]],[[0.11616118-0.00643289j,-0.0416802-0.31514557j,0.28127053-0.17167058j,-0.07606694-0.06843949j],[0.26260188+0.08911728j,0.23630152-0.0948088j,-0.07668796-0.03312005j,-0.06082061-0.03998021j],[0.09862443-0.1792011j,0.08907088-0.01251012j,-0.23110882+0.20383157j,0.01410421+0.05282939j],[-0.11004347+0.26277496j,0.1948843+0.51384076j,-0.24652786+0.06577658j,0.12307817-0.03242288j]],[[-0.21874994+0.03559136j,-0.0034824+0.44873869j,-0.33010097+0.10616128j,0.07081945+0.03732167j],[-0.02428816+0.0257712j,-0.14140525-0.21000083j,-0.08379549-0.04517045j,-0.25149205+0.21209673j],[-0.1640186-0.00566832j,0.04482215+0.21424517j,-0.19361732-0.0911096j,-0.1006199-0.1390761j],[0.00484069+0.37172653j,0.02879497+0.32556512j,-0.08649245-0.17295084j,0.05939746+0.06454906j]]]", "initial param values": "[0.68105338,0.14923419,0.67845376,2.58689123,0.38423053,4.01028324]", "nelder_mead": {"type": "gradient-free", "0": {"maxiter": 100, "fatol": 1e-05, "xatol": 1e-05, "duration": 0.03886914253234863, "fun": "0.640784774481528", "nit": "100", "nfev": "151", "status": "2", "success": "False", "message": "Maximum number of iterations has been exceeded.", "x": "[ 1.18474955  0.04365356 -0.38106116 -0.89129993  0.45768305  5.37250931]", "final_simplex": "(array([[ 1.18474955,  0.04365356, -0.38106116, -0.89129993,  0.45768305,\n         5.37250931],\n       [ 1.1298659 ,  0.05486587, -0.23221704, -0.81332146,  0.4724706 ,\n         5.27617028],\n       [ 1.1421828 ,  0.0533474 , -0.23055078, -0.90706675,  0.48260586,\n         5.27196988],\n       [ 1.16245652,  0.0412344 , -0.33722242, -0.80334758,  0.50333478,\n         5.24358122],\n       [ 1.17013905,  0.05255629, -0.28346406, -0.91170278,  0.48321102,\n         5.28985876],\n       [ 1.15820736,  0.0528539 , -0.23724914, -0.76300059,  0.48980596,\n         5.03197268],\n       [ 1.15883677,  0.04739359, -0.28352009, -0.75248412,  0.49409319,\n         5.20891685]]), array([0.64078477, 0.64102983, 0.64184388, 0.64289938, 0.64317113,\n       0.64369788, 0.64389807]))", "callback": [0.9664905817896599, 0.9078880388565116, 0.8211698401257281, 0.7619317802622554, 0.7347257628200523, 0.7187519271788656, 0.6939032891615591, 0.650728458734094, 0.6473691170253401, 0.6431711318766552]}, "1": {"maxiter": 100, "fatol": 1e-05, "xatol": 1e-10, "duration": 0.03711223602294922, "fun": "0.640784774481528", "nit": "100", "nfev": "151", "status": "2", "success": "False", "message": "Maximum number of iterations has been exceeded.", "x": "[ 1.18474955  0.04365356 -0.38106116 -0.89129993  0.45768305  5.37250931]", "final_simplex": "(array([[ 1.18474955,  0.04365356, -0.38106116, -0.89129993,  0.45768305,\n         5.37250931],\n       [ 1.1298659 ,  0.05486587, -0.23221704, -0.81332146,  0.4724706 ,\n         5.27617028],\n       [ 1.1421828 ,  0.0533474 , -0.23055078, -0.90706675,  0.48260586,\n         5.27196988],\n       [ 1.16245652,  0.0412344 , -0.33722242, -0.80334758,  0.50333478,\n         5.24358122],\n       [ 1.17013905,  0.05255629, -0.28346406, -0.91170278,  0.48321102,\n         5.28985876],\n       [ 1.15820736,  0.0528539 , -0.23724914, -0.76300059,  0.48980596,\n         5.03197268],\n       [ 1.15883677,  0.04739359, -0.28352009, -0.75248412,  0.49409319,\n         5.20891685]]), array([0.64078477, 0.64102983, 0.64184388, 0.64289938, 0.64317113,\n       0.64369788, 0.64389807]))", "callback": [0.9664905817896599, 0.9078880388565116, 0.8211698401257281, 0.7619317802622554, 0.7347257628200523, 0.7187519271788656, 0.6939032891615591, 0.650728458734094, 0.6473691170253401, 0.6431711318766552]}, "2": {"maxiter": 100, "fatol": 1e-10, "xatol": 1e-05, "duration": 0.03675508499145508, "fun": "0.640784774481528", "nit": "100", "nfev": "151", "status": "2", "success": "False", "message": "Maximum number of iterations has been exceeded.", "x": "[ 1.18474955  0.04365356 -0.38106116 -0.89129993  0.45768305  5.37250931]", "final_simplex": "(array([[ 1.18474955,  0.04365356, -0.38106116, -0.89129993,  0.45768305,\n         5.37250931],\n       [ 1.1298659 ,  0.05486587, -0.23221704, -0.81332146,  0.4724706 ,\n         5.27617028],\n       [ 1.1421828 ,  0.0533474 , -0.23055078, -0.90706675,  0.48260586,\n         5.27196988],\n       [ 1.16245652,  0.0412344 , -0.33722242, -0.80334758,  0.50333478,\n         5.24358122],\n       [ 1.17013905,  0.05255629, -0.28346406, -0.91170278,  0.48321102,\n         5.28985876],\n       [ 1.15820736,  0.0528539 , -0.23724914, -0.76300059,  0.48980596,\n         5.03197268],\n       [ 1.15883677,  0.04739359, -0.28352009, -0.75248412,  0.49409319,\n         5.20891685]]), array([0.64078477, 0.64102983, 0.64184388, 0.64289938, 0.64317113,\n       0.64369788, 0.64389807]))", "callback": [0.9664905817896599, 0.9078880388565116, 0.8211698401257281, 0.7619317802622554, 0.7347257628200523, 0.7187519271788656, 0.6939032891615591, 0.650728458734094, 0.6473691170253401, 0.6431711318766552]}, "3": {"maxiter": 100, "fatol": 1e-10, "xatol": 1e-10, "duration": 0.03614306449890137, "fun": "0.640784774481528", "nit": "100", "nfev": "151", "status": "2", "success": "False", "message": "Maximum number of iterations has been exceeded.", "x": "[ 1.18474955  0.04365356 -0.38106116 -0.89129993  0.45768305  5.37250931]", "final_simplex": "(array([[ 1.18474955,  0.04365356, -0.38106116, -0.89129993,  0.45768305,\n         5.37250931],\n       [ 1.1298659 ,  0.05486587, -0.23221704, -0.81332146,  0.4724706 ,\n         5.27617028],\n       [ 1.1421828 ,  0.0533474 , -0.23055078, -0.90706675,  0.48260586,\n         5.27196988],\n       [ 1.16245652,  0.0412344 , -0.33722242, -0.80334758,  0.50333478,\n         5.24358122],\n       [ 1.17013905,  0.05255629, -0.28346406, -0.91170278,  0.48321102,\n         5.28985876],\n       [ 1.15820736,  0.0528539 , -0.23724914, -0.76300059,  0.48980596,\n         5.03197268],\n       [ 1.15883677,  0.04739359, -0.28352009, -0.75248412,  0.49409319,\n         5.20891685]]), array([0.64078477, 0.64102983, 0.64184388, 0.64289938, 0.64317113,\n       0.64369788, 0.64389807]))", "callback": [0.9664905817896599, 0.9078880388565116, 0.8211698401257281, 0.7619317802622554, 0.7347257628200523, 0.7187519271788656, 0.6939032891615591, 0.650728458734094, 0.6473691170253401, 0.6431711318766552]}, "4": {"maxiter": 500, "fatol": 1e-05, "xatol": 1e-05, "duration": 0.17373323440551758, "fun": "0.492789461450433", "nit": "500", "nfev": "753", "status": "2", "success": "False", "message": "Maximum number of iterations has been exceeded.", "x": "[ 1.02411048 -1.08367439  0.40288405 -1.46612348 -0.2584778   6.03011142]", "final_simplex": "(array([[ 1.02411048, -1.08367439,  0.40288405, -1.46612348, -0.2584778 ,\n         6.03011142],\n       [ 1.02586412, -1.08842382,  0.40759956, -1.46767731, -0.25770254,\n         6.03206142],\n       [ 1.02655064, -1.08587926,  0.40335594, -1.4656081 , -0.25783234,\n         6.03322462],\n       [ 1.02514711, -1.08742777,  0.40509753, -1.46486604, -0.25801712,\n         6.03068199],\n       [ 1.0239043 , -1.08964628,  0.40464619, -1.46581858, -0.25659385,\n         6.03251732],\n       [ 1.02569553, -1.08573243,  0.40179594, -1.46758117, -0.25981823,\n         6.03324497],\n       [ 1.02747594, -1.09007047,  0.40525952, -1.46822935, -0.2580299 ,\n         6.03213149]]), array([0.49278946, 0.49279001, 0.49279007, 0.49279008, 0.49279025,\n       0.49279076, 0.49279114]))", "callback": [0.9664905817896599, 0.9078880388565116, 0.8211698401257281, 0.7619317802622554, 0.7347257628200523, 0.7187519271788656, 0.6939032891615591, 0.650728458734094, 0.6473691170253401, 0.6431711318766552, 0.6387587522844049, 0.6136730598653118, 0.5895827526207882, 0.5469287312582137, 0.5431356673256811, 0.5402623353788111, 0.5386773646678236, 0.5366678258376096, 0.5357865117946639, 0.5352287136546205, 0.5350466421217116, 0.5349992741816938, 0.534963204709188, 0.534963204709188, 0.5349537741709259, 0.5349290143825574, 0.5349109757277399, 0.5348876755980798, 0.534859257340351, 0.534727514375613, 0.5340717312551037, 0.530656786852911, 0.5217669646493568, 0.5204006577544824, 0.5176312304314363, 0.5176312304314363, 0.5156996571390478, 0.5119768273025578, 0.5078408936320651, 0.5044307587520146, 0.5023374046333193, 0.5013521879065661, 0.5003398251359775, 0.4989548371230762, 0.4948067904489153, 0.49336324128422193, 0.49299907392793385, 0.49284769155986463, 0.49280011067402385, 0.4927915754841815]}, "5": {"maxiter": 500, "fatol": 1e-05, "xatol": 1e-10, "duration": 0.17387700080871582, "fun": "0.492789461450433", "nit": "500", "nfev": "753", "status": "2", "success": "False", "message": "Maximum number of iterations has been exceeded.", "x": "[ 1.02411048 -1.08367439  0.40288405 -1.46612348 -0.2584778   6.03011142]", "final_simplex": "(array([[ 1.02411048, -1.08367439,  0.40288405, -1.46612348, -0.2584778 ,\n         6.03011142],\n       [ 1.02586412, -1.08842382,  0.40759956, -1.46767731, -0.25770254,\n         6.03206142],\n       [ 1.02655064, -1.08587926,  0.40335594, -1.4656081 , -0.25783234,\n         6.03322462],\n       [ 1.02514711, -1.08742777,  0.40509753, -1.46486604, -0.25801712,\n         6.03068199],\n       [ 1.0239043 , -1.08964628,  0.40464619, -1.46581858, -0.25659385,\n         6.03251732],\n       [ 1.02569553, -1.08573243,  0.40179594, -1.46758117, -0.25981823,\n         6.03324497],\n       [ 1.02747594, -1.09007047,  0.40525952, -1.46822935, -0.2580299 ,\n         6.03213149]]), array([0.49278946, 0.49279001, 0.49279007, 0.49279008, 0.49279025,\n       0.49279076, 0.49279114]))", "callback": [0.9664905817896599, 0.9078880388565116, 0.8211698401257281, 0.7619317802622554, 0.7347257628200523, 0.7187519271788656, 0.6939032891615591, 0.650728458734094, 0.6473691170253401, 0.6431711318766552, 0.6387587522844049, 0.6136730598653118, 0.5895827526207882, 0.5469287312582137, 0.5431356673256811, 0.5402623353788111, 0.5386773646678236, 0.5366678258376096, 0.5357865117946639, 0.5352287136546205, 0.5350466421217116, 0.5349992741816938, 0.534963204709188, 0.534963204709188, 0.5349537741709259, 0.5349290143825574, 0.5349109757277399, 0.5348876755980798, 0.534859257340351, 0.534727514375613, 0.5340717312551037, 0.530656786852911, 0.5217669646493568, 0.5204006577544824, 0.5176312304314363, 0.5176312304314363, 0.5156996571390478, 0.5119768273025578, 0.5078408936320651, 0.5044307587520146, 0.5023374046333193, 0.5013521879065661, 0.5003398251359775, 0.4989548371230762, 0.4948067904489153, 0.49336324128422193, 0.49299907392793385, 0.49284769155986463, 0.49280011067402385, 0.4927915754841815]}, "6": {"maxiter": 500, "fatol": 1e-10, "xatol": 1e-05, "duration": 0.1898050308227539, "fun": "0.492789461450433", "nit": "500", "nfev": "753", "status": "2", "success": "False", "message": "Maximum number of iterations has been exceeded.", "x": "[ 1.02411048 -1.08367439  0.40288405 -1.46612348 -0.2584778   6.03011142]", "final_simplex": "(array([[ 1.02411048, -1.08367439,  0.40288405, -1.46612348, -0.2584778 ,\n         6.03011142],\n       [ 1.02586412, -1.08842382,  0.40759956, -1.46767731, -0.25770254,\n         6.03206142],\n       [ 1.02655064, -1.08587926,  0.40335594, -1.4656081 , -0.25783234,\n         6.03322462],\n       [ 1.02514711, -1.08742777,  0.40509753, -1.46486604, -0.25801712,\n         6.03068199],\n       [ 1.0239043 , -1.08964628,  0.40464619, -1.46581858, -0.25659385,\n         6.03251732],\n       [ 1.02569553, -1.08573243,  0.40179594, -1.46758117, -0.25981823,\n         6.03324497],\n       [ 1.02747594, -1.09007047,  0.40525952, -1.46822935, -0.2580299 ,\n         6.03213149]]), array([0.49278946, 0.49279001, 0.49279007, 0.49279008, 0.49279025,\n       0.49279076, 0.49279114]))", "callback": [0.9664905817896599, 0.9078880388565116, 0.8211698401257281, 0.7619317802622554, 0.7347257628200523, 0.7187519271788656, 0.6939032891615591, 0.650728458734094, 0.6473691170253401, 0.6431711318766552, 0.6387587522844049, 0.6136730598653118, 0.5895827526207882, 0.5469287312582137, 0.5431356673256811, 0.5402623353788111, 0.5386773646678236, 0.5366678258376096, 0.5357865117946639, 0.5352287136546205, 0.5350466421217116, 0.5349992741816938, 0.534963204709188, 0.534963204709188, 0.5349537741709259, 0.5349290143825574, 0.5349109757277399, 0.5348876755980798, 0.534859257340351, 0.534727514375613, 0.5340717312551037, 0.530656786852911, 0.5217669646493568, 0.5204006577544824, 0.5176312304314363, 0.5176312304314363, 0.5156996571390478, 0.5119768273025578, 0.5078408936320651, 0.5044307587520146, 0.5023374046333193, 0.5013521879065661, 0.5003398251359775, 0.4989548371230762, 0.4948067904489153, 0.49336324128422193, 0.49299907392793385, 0.49284769155986463, 0.49280011067402385, 0.4927915754841815]}, "7": {"maxiter": 500, "fatol": 1e-10, "xatol": 1e-10, "duration": 0.1772902011871338, "fun": "0.492789461450433", "nit": "500", "nfev": "753", "status": "2", "success": "False", "message": "Maximum number of iterations has been exceeded.", "x": "[ 1.02411048 -1.08367439  0.40288405 -1.46612348 -0.2584778   6.03011142]", "final_simplex": "(array([[ 1.02411048, -1.08367439,  0.40288405, -1.46612348, -0.2584778 ,\n         6.03011142],\n       [ 1.02586412, -1.08842382,  0.40759956, -1.46767731, -0.25770254,\n         6.03206142],\n       [ 1.02655064, -1.08587926,  0.40335594, -1.4656081 , -0.25783234,\n         6.03322462],\n       [ 1.02514711, -1.08742777,  0.40509753, -1.46486604, -0.25801712,\n         6.03068199],\n       [ 1.0239043 , -1.08964628,  0.40464619, -1.46581858, -0.25659385,\n         6.03251732],\n       [ 1.02569553, -1.08573243,  0.40179594, -1.46758117, -0.25981823,\n         6.03324497],\n       [ 1.02747594, -1.09007047,  0.40525952, -1.46822935, -0.2580299 ,\n         6.03213149]]), array([0.49278946, 0.49279001, 0.49279007, 0.49279008, 0.49279025,\n       0.49279076, 0.49279114]))", "callback": [0.9664905817896599, 0.9078880388565116, 0.8211698401257281, 0.7619317802622554, 0.7347257628200523, 0.7187519271788656, 0.6939032891615591, 0.650728458734094, 0.6473691170253401, 0.6431711318766552, 0.6387587522844049, 0.6136730598653118, 0.5895827526207882, 0.5469287312582137, 0.5431356673256811, 0.5402623353788111, 0.5386773646678236, 0.5366678258376096, 0.5357865117946639, 0.5352287136546205, 0.5350466421217116, 0.5349992741816938, 0.534963204709188, 0.534963204709188, 0.5349537741709259, 0.5349290143825574, 0.5349109757277399, 0.5348876755980798, 0.534859257340351, 0.534727514375613, 0.5340717312551037, 0.530656786852911, 0.5217669646493568, 0.5204006577544824, 0.5176312304314363, 0.5176312304314363, 0.5156996571390478, 0.5119768273025578, 0.5078408936320651, 0.5044307587520146, 0.5023374046333193, 0.5013521879065661, 0.5003398251359775, 0.4989548371230762, 0.4948067904489153, 0.49336324128422193, 0.49299907392793385, 0.49284769155986463, 0.49280011067402385, 0.4927915754841815]}, "8": {"maxiter": 1000, "fatol": 1e-05, "xatol": 1e-05, "duration": 0.2222151756286621, "fun": "0.49278848811025533", "nit": "615", "nfev": "940", "status": "0", "success": "True", "message": "Optimization terminated successfully.", "x": "[ 1.02449185 -1.08612198  0.404157   -1.46746277 -0.25620586  6.0313982 ]", "final_simplex": "(array([[ 1.02449185, -1.08612198,  0.404157  , -1.46746277, -0.25620586,\n         6.0313982 ],\n       [ 1.02448638, -1.08612554,  0.40416561, -1.46746499, -0.25620552,\n         6.03139779],\n       [ 1.02448718, -1.08611621,  0.40415612, -1.46746753, -0.25620566,\n         6.03139871],\n       [ 1.02449286, -1.08611694,  0.40415753, -1.46746795, -0.25619749,\n         6.03139772],\n       [ 1.02448588, -1.08611388,  0.40415652, -1.46745463, -0.25620724,\n         6.03139404],\n       [ 1.02449011, -1.0861194 ,  0.40416178, -1.46746129, -0.25620328,\n         6.03140265],\n       [ 1.02449238, -1.08611664,  0.40416029, -1.46746953, -0.25620564,\n         6.03139273]]), array([0.49278849, 0.49278849, 0.49278849, 0.49278849, 0.49278849,\n       0.49278849, 0.49278849]))", "callback": [0.9664905817896599, 0.9078880388565116, 0.8211698401257281, 0.7619317802622554, 0.7347257628200523, 0.7187519271788656, 0.6939032891615591, 0.650728458734094, 0.6473691170253401, 0.6431711318766552, 0.6387587522844049, 0.6136730598653118, 0.5895827526207882, 0.5469287312582137, 0.5431356673256811, 0.5402623353788111, 0.5386773646678236, 0.5366678258376096, 0.5357865117946639, 0.5352287136546205, 0.5350466421217116, 0.5349992741816938, 0.534963204709188, 0.534963204709188, 0.5349537741709259, 0.5349290143825574, 0.5349109757277399, 0.5348876755980798, 0.534859257340351, 0.534727514375613, 0.5340717312551037, 0.530656786852911, 0.5217669646493568, 0.5204006577544824, 0.5176312304314363, 0.5176312304314363, 0.5156996571390478, 0.5119768273025578, 0.5078408936320651, 0.5044307587520146, 0.5023374046333193, 0.5013521879065661, 0.5003398251359775, 0.4989548371230762, 0.4948067904489153, 0.49336324128422193, 0.49299907392793385, 0.49284769155986463, 0.49280011067402385, 0.4927915754841815, 0.49278943409470755, 0.49278888027032985, 0.4927886595509683, 0.49278857152944255, 0.49278852254993977, 0.4927885036893137, 0.49278849223896204, 0.49278848875646586, 0.49278848827541477, 0.492788488142745, 0.49278848813006304, 0.49278848811092657]}, "9": {"maxiter": 1000, "fatol": 1e-05, "xatol": 1e-10, "duration": 0.27518630027770996, "fun": "0.4927884881025121", "nit": "721", "nfev": "1176", "status": "0", "success": "True", "message": "Optimization terminated successfully.", "x": "[ 1.02448411 -1.08612248  0.40415753 -1.46746306 -0.256202    6.03139464]", "final_simplex": "(array([[ 1.02448411, -1.08612248,  0.40415753, -1.46746306, -0.256202  ,\n         6.03139464],\n       [ 1.02448411, -1.08612248,  0.40415754, -1.46746306, -0.256202  ,\n         6.03139464],\n       [ 1.02448411, -1.08612248,  0.40415754, -1.46746306, -0.256202  ,\n         6.03139464],\n       [ 1.02448411, -1.08612248,  0.40415753, -1.46746306, -0.256202  ,\n         6.03139464],\n       [ 1.02448411, -1.08612248,  0.40415754, -1.46746306, -0.256202  ,\n         6.03139464],\n       [ 1.02448411, -1.08612248,  0.40415753, -1.46746306, -0.256202  ,\n         6.03139464],\n       [ 1.02448411, -1.08612248,  0.40415754, -1.46746306, -0.256202  ,\n         6.03139464]]), array([0.49278849, 0.49278849, 0.49278849, 0.49278849, 0.49278849,\n       0.49278849, 0.49278849]))", "callback": [0.9664905817896599, 0.9078880388565116, 0.8211698401257281, 0.7619317802622554, 0.7347257628200523, 0.7187519271788656, 0.6939032891615591, 0.650728458734094, 0.6473691170253401, 0.6431711318766552, 0.6387587522844049, 0.6136730598653118, 0.5895827526207882, 0.5469287312582137, 0.5431356673256811, 0.5402623353788111, 0.5386773646678236, 0.5366678258376096, 0.5357865117946639, 0.5352287136546205, 0.5350466421217116, 0.5349992741816938, 0.534963204709188, 0.534963204709188, 0.5349537741709259, 0.5349290143825574, 0.5349109757277399, 0.5348876755980798, 0.534859257340351, 0.534727514375613, 0.5340717312551037, 0.530656786852911, 0.5217669646493568, 0.5204006577544824, 0.5176312304314363, 0.5176312304314363, 0.5156996571390478, 0.5119768273025578, 0.5078408936320651, 0.5044307587520146, 0.5023374046333193, 0.5013521879065661, 0.5003398251359775, 0.4989548371230762, 0.4948067904489153, 0.49336324128422193, 0.49299907392793385, 0.49284769155986463, 0.49280011067402385, 0.4927915754841815, 0.49278943409470755, 0.49278888027032985, 0.4927886595509683, 0.49278857152944255, 0.49278852254993977, 0.4927885036893137, 0.49278849223896204, 0.49278848875646586, 0.49278848827541477, 0.492788488142745, 0.49278848813006304, 0.49278848811092657, 0.49278848810474085, 0.4927884881029926, 0.4927884881028862, 0.49278848810255993, 0.4927884881025355, 0.49278848810251485, 0.4927884881025125, 0.4927884881025121, 0.4927884881025121, 0.4927884881025121, 0.4927884881025121]}, "10": {"maxiter": 1000, "fatol": 1e-10, "xatol": 1e-05, "duration": 0.21501493453979492, "fun": "0.49278848811025533", "nit": "615", "nfev": "940", "status": "0", "success": "True", "message": "Optimization terminated successfully.", "x": "[ 1.02449185 -1.08612198  0.404157   -1.46746277 -0.25620586  6.0313982 ]", "final_simplex": "(array([[ 1.02449185, -1.08612198,  0.404157  , -1.46746277, -0.25620586,\n         6.0313982 ],\n       [ 1.02448638, -1.08612554,  0.40416561, -1.46746499, -0.25620552,\n         6.03139779],\n       [ 1.02448718, -1.08611621,  0.40415612, -1.46746753, -0.25620566,\n         6.03139871],\n       [ 1.02449286, -1.08611694,  0.40415753, -1.46746795, -0.25619749,\n         6.03139772],\n       [ 1.02448588, -1.08611388,  0.40415652, -1.46745463, -0.25620724,\n         6.03139404],\n       [ 1.02449011, -1.0861194 ,  0.40416178, -1.46746129, -0.25620328,\n         6.03140265],\n       [ 1.02449238, -1.08611664,  0.40416029, -1.46746953, -0.25620564,\n         6.03139273]]), array([0.49278849, 0.49278849, 0.49278849, 0.49278849, 0.49278849,\n       0.49278849, 0.49278849]))", "callback": [0.9664905817896599, 0.9078880388565116, 0.8211698401257281, 0.7619317802622554, 0.7347257628200523, 0.7187519271788656, 0.6939032891615591, 0.650728458734094, 0.6473691170253401, 0.6431711318766552, 0.6387587522844049, 0.6136730598653118, 0.5895827526207882, 0.5469287312582137, 0.5431356673256811, 0.5402623353788111, 0.5386773646678236, 0.5366678258376096, 0.5357865117946639, 0.5352287136546205, 0.5350466421217116, 0.5349992741816938, 0.534963204709188, 0.534963204709188, 0.5349537741709259, 0.5349290143825574, 0.5349109757277399, 0.5348876755980798, 0.534859257340351, 0.534727514375613, 0.5340717312551037, 0.530656786852911, 0.5217669646493568, 0.5204006577544824, 0.5176312304314363, 0.5176312304314363, 0.5156996571390478, 0.5119768273025578, 0.5078408936320651, 0.5044307587520146, 0.5023374046333193, 0.5013521879065661, 0.5003398251359775, 0.4989548371230762, 0.4948067904489153, 0.49336324128422193, 0.49299907392793385, 0.49284769155986463, 0.49280011067402385, 0.4927915754841815, 0.49278943409470755, 0.49278888027032985, 0.4927886595509683, 0.49278857152944255, 0.49278852254993977, 0.4927885036893137, 0.49278849223896204, 0.49278848875646586, 0.49278848827541477, 0.492788488142745, 0.49278848813006304, 0.49278848811092657]}, "11": {"maxiter": 1000, "fatol": 1e-10, "xatol": 1e-10, "duration": 0.271028995513916, "fun": "0.4927884881025121", "nit": "721", "nfev": "1176", "status": "0", "success": "True", "message": "Optimization terminated successfully.", "x": "[ 1.02448411 -1.08612248  0.40415753 -1.46746306 -0.256202    6.03139464]", "final_simplex": "(array([[ 1.02448411, -1.08612248,  0.40415753, -1.46746306, -0.256202  ,\n         6.03139464],\n       [ 1.02448411, -1.08612248,  0.40415754, -1.46746306, -0.256202  ,\n         6.03139464],\n       [ 1.02448411, -1.08612248,  0.40415754, -1.46746306, -0.256202  ,\n         6.03139464],\n       [ 1.02448411, -1.08612248,  0.40415753, -1.46746306, -0.256202  ,\n         6.03139464],\n       [ 1.02448411, -1.08612248,  0.40415754, -1.46746306, -0.256202  ,\n         6.03139464],\n       [ 1.02448411, -1.08612248,  0.40415753, -1.46746306, -0.256202  ,\n         6.03139464],\n       [ 1.02448411, -1.08612248,  0.40415754, -1.46746306, -0.256202  ,\n         6.03139464]]), array([0.49278849, 0.49278849, 0.49278849, 0.49278849, 0.49278849,\n       0.49278849, 0.49278849]))", "callback": [0.9664905817896599, 0.9078880388565116, 0.8211698401257281, 0.7619317802622554, 0.7347257628200523, 0.7187519271788656, 0.6939032891615591, 0.650728458734094, 0.6473691170253401, 0.6431711318766552, 0.6387587522844049, 0.6136730598653118, 0.5895827526207882, 0.5469287312582137, 0.5431356673256811, 0.5402623353788111, 0.5386773646678236, 0.5366678258376096, 0.5357865117946639, 0.5352287136546205, 0.5350466421217116, 0.5349992741816938, 0.534963204709188, 0.534963204709188, 0.5349537741709259, 0.5349290143825574, 0.5349109757277399, 0.5348876755980798, 0.534859257340351, 0.534727514375613, 0.5340717312551037, 0.530656786852911, 0.5217669646493568, 0.5204006577544824, 0.5176312304314363, 0.5176312304314363, 0.5156996571390478, 0.5119768273025578, 0.5078408936320651, 0.5044307587520146, 0.5023374046333193, 0.5013521879065661, 0.5003398251359775, 0.4989548371230762, 0.4948067904489153, 0.49336324128422193, 0.49299907392793385, 0.49284769155986463, 0.49280011067402385, 0.4927915754841815, 0.49278943409470755, 0.49278888027032985, 0.4927886595509683, 0.49278857152944255, 0.49278852254993977, 0.4927885036893137, 0.49278849223896204, 0.49278848875646586, 0.49278848827541477, 0.492788488142745, 0.49278848813006304, 0.49278848811092657, 0.49278848810474085, 0.4927884881029926, 0.4927884881028862, 0.49278848810255993, 0.4927884881025355, 0.49278848810251485, 0.4927884881025125, 0.4927884881025121, 0.4927884881025121, 0.4927884881025121, 0.4927884881025121]}}, "bfgs": {"type": "gradient", "0": {"maxiter": 100, "gtol": 1e-05, "xrtol": 1e-05, "eps": 1e-05, "duration": 0.07236886024475098, "fun": "0.49278848831960587", "jac": "[-5.31968913e-06 -3.18330917e-06 -1.20753407e-06  2.84626767e-06\n -2.66022759e-06 -2.08600914e-06]", "hess_inv": "[[ 6.0108526  -1.26857454 -0.49897815  3.04323745  0.1260365   2.27049972]\n [-1.26857454  6.58298107 -3.36673636 -1.15761778 -1.1976982  -1.65809616]\n [-0.49897815 -3.36673636  6.52859202 -0.05586931  0.36791654 -0.53955716]\n [ 3.04323745 -1.15761778 -0.05586931  5.85236656  0.56425195  2.0532836 ]\n [ 0.1260365  -1.1976982   0.36791654  0.56425195  4.21720909  0.13586761]\n [ 2.27049972 -1.65809616 -0.53955716  2.0532836   0.13586761  6.61100738]]", "nfev": "308", "njev": "44", "status": "0", "success": "True", "message": "Optimization terminated successfully.", "x": "[ 7.30762481  5.19705464  6.68734844 -4.81573608 -3.39781008  2.88977195]", "nit": "25", "callback": [0.9112759508092922, 0.8876305581396217, 0.8218112785545943, 0.6759724545890851, 0.6758294718977823, 0.5809511138042256, 0.540991322352658, 0.5099548332376282, 0.5063216028326665, 0.5007194329925562, 0.49592434704674215, 0.49505273094478985, 0.49423235962274303, 0.4935595073977914, 0.4930902614469863, 0.49296444248128024, 0.4929088040212085, 0.49285579377089184, 0.49280698854988303, 0.4927908160312926, 0.492788711113589, 0.4927885687952084, 0.4927885160785024, 0.49278849145492964, 0.49278848831960587]}, "1": {"maxiter": 100, "gtol": 1e-05, "xrtol": 1e-05, "eps": 1e-10, "duration": 0.06778907775878906, "fun": "0.3770507032147412", "jac": "[ 0.00000000e+00  1.11022293e-06 -1.11022293e-06 -1.11022293e-06\n -2.22044587e-06 -2.22044587e-06]", "hess_inv": "[[ 4.49402041  1.22822405  0.72096741 -1.53259334 -0.7444831  -0.91554582]\n [ 1.22822405  4.89980142  2.04567236 -1.12386875 -1.13682758 -0.45947685]\n [ 0.72096741  2.04567236  4.27769259 -0.55657451 -0.67274134 -0.40582525]\n [-1.53259334 -1.12386875 -0.55657451  3.86995158  0.45277357  0.73594014]\n [-0.7444831  -1.13682758 -0.67274134  0.45277357  4.11666252 -0.81810532]\n [-0.91554582 -0.45947685 -0.40582525  0.73594014 -0.81810532  3.79371129]]", "nfev": "294", "njev": "42", "status": "0", "success": "True", "message": "Optimization terminated successfully.", "x": "[ 8.20078903  8.92443671 10.41791786 -7.52737246 -4.827092    2.46101398]", "nit": "23", "callback": [0.9113065515737772, 0.8879052455283188, 0.6203951882168734, 0.619940461652466, 0.5537779242259344, 0.5195968712770973, 0.49726574249494293, 0.48532012581668493, 0.462648627085802, 0.4251519449020824, 0.4067528887086309, 0.39638059526124836, 0.38231959149233663, 0.37789371612742473, 0.37735048659469894, 0.37720056452859796, 0.37710282694283936, 0.37705613393622683, 0.3770510911801377, 0.3770507544699331, 0.37705071697529824, 0.3770507047837872, 0.3770507032147412]}, "2": {"maxiter": 100, "gtol": 1e-05, "xrtol": 1e-10, "eps": 1e-05, "duration": 0.07028913497924805, "fun": "0.49278848831960587", "jac": "[-5.31968913e-06 -3.18330917e-06 -1.20753407e-06  2.84626767e-06\n -2.66022759e-06 -2.08600914e-06]", "hess_inv": "[[ 6.0108526  -1.26857454 -0.49897815  3.04323745  0.1260365   2.27049972]\n [-1.26857454  6.58298107 -3.36673636 -1.15761778 -1.1976982  -1.65809616]\n [-0.49897815 -3.36673636  6.52859202 -0.05586931  0.36791654 -0.53955716]\n [ 3.04323745 -1.15761778 -0.05586931  5.85236656  0.56425195  2.0532836 ]\n [ 0.1260365  -1.1976982   0.36791654  0.56425195  4.21720909  0.13586761]\n [ 2.27049972 -1.65809616 -0.53955716  2.0532836   0.13586761  6.61100738]]", "nfev": "308", "njev": "44", "status": "0", "success": "True", "message": "Optimization terminated successfully.", "x": "[ 7.30762481  5.19705464  6.68734844 -4.81573608 -3.39781008  2.88977195]", "nit": "25", "callback": [0.9112759508092922, 0.8876305581396217, 0.8218112785545943, 0.6759724545890851, 0.6758294718977823, 0.5809511138042256, 0.540991322352658, 0.5099548332376282, 0.5063216028326665, 0.5007194329925562, 0.49592434704674215, 0.49505273094478985, 0.49423235962274303, 0.4935595073977914, 0.4930902614469863, 0.49296444248128024, 0.4929088040212085, 0.49285579377089184, 0.49280698854988303, 0.4927908160312926, 0.492788711113589, 0.4927885687952084, 0.4927885160785024, 0.49278849145492964, 0.49278848831960587]}, "3": {"maxiter": 100, "gtol": 1e-05, "xrtol": 1e-10, "eps": 1e-10, "duration": 0.06508588790893555, "fun": "0.3770507032147412", "jac": "[ 0.00000000e+00  1.11022293e-06 -1.11022293e-06 -1.11022293e-06\n -2.22044587e-06 -2.22044587e-06]", "hess_inv": "[[ 4.49402041  1.22822405  0.72096741 -1.53259334 -0.7444831  -0.91554582]\n [ 1.22822405  4.89980142  2.04567236 -1.12386875 -1.13682758 -0.45947685]\n [ 0.72096741  2.04567236  4.27769259 -0.55657451 -0.67274134 -0.40582525]\n [-1.53259334 -1.12386875 -0.55657451  3.86995158  0.45277357  0.73594014]\n [-0.7444831  -1.13682758 -0.67274134  0.45277357  4.11666252 -0.81810532]\n [-0.91554582 -0.45947685 -0.40582525  0.73594014 -0.81810532  3.79371129]]", "nfev": "294", "njev": "42", "status": "0", "success": "True", "message": "Optimization terminated successfully.", "x": "[ 8.20078903  8.92443671 10.41791786 -7.52737246 -4.827092    2.46101398]", "nit": "23", "callback": [0.9113065515737772, 0.8879052455283188, 0.6203951882168734, 0.619940461652466, 0.5537779242259344, 0.5195968712770973, 0.49726574249494293, 0.48532012581668493, 0.462648627085802, 0.4251519449020824, 0.4067528887086309, 0.39638059526124836, 0.38231959149233663, 0.37789371612742473, 0.37735048659469894, 0.37720056452859796, 0.37710282694283936, 0.37705613393622683, 0.3770510911801377, 0.3770507544699331, 0.37705071697529824, 0.3770507047837872, 0.3770507032147412]}, "4": {"maxiter": 100, "gtol": 1e-10, "xrtol": 1e-05, "eps": 1e-05, "duration": 0.07086372375488281, "fun": "0.49278848812865306", "jac": "[-3.15991677e-07  1.16240351e-07  1.87161397e-07  4.57223148e-07\n -4.00168787e-07 -2.25541807e-07]", "hess_inv": "[[ 6.8753694  -0.89350331 -0.63213916  3.20737109  0.26501365  2.71229376]\n [-0.89350331  6.64447301 -3.47696102 -1.17133899 -1.03988603 -1.39944848]\n [-0.63213916 -3.47696102  6.52192502 -0.12515654  0.39703715 -0.57290413]\n [ 3.20737109 -1.17133899 -0.12515654  5.81227462  0.67245058  2.19335036]\n [ 0.26501365 -1.03988603  0.39703715  0.67245058  4.14561354  0.14237266]\n [ 2.71229376 -1.39944848 -0.57290413  2.19335036  0.14237266  6.7924672 ]]", "nfev": "315", "njev": "45", "status": "0", "success": "True", "message": "Optimization terminated successfully.", "x": "[ 7.30765501  5.19706448  6.6873421  -4.81573308 -3.39780209  2.88978954]", "nit": "26", "callback": [0.9112759508092922, 0.8876305581396217, 0.8218112785545943, 0.6759724545890851, 0.6758294718977823, 0.5809511138042256, 0.540991322352658, 0.5099548332376282, 0.5063216028326665, 0.5007194329925562, 0.49592434704674215, 0.49505273094478985, 0.49423235962274303, 0.4935595073977914, 0.4930902614469863, 0.49296444248128024, 0.4929088040212085, 0.49285579377089184, 0.49280698854988303, 0.4927908160312926, 0.492788711113589, 0.4927885687952084, 0.4927885160785024, 0.49278849145492964, 0.49278848831960587, 0.49278848812865306]}, "5": {"maxiter": 100, "gtol": 1e-10, "xrtol": 1e-05, "eps": 1e-10, "duration": 0.06520390510559082, "fun": "0.3770507032147412", "jac": "[ 0.00000000e+00  1.11022293e-06 -1.11022293e-06 -1.11022293e-06\n -2.22044587e-06 -2.22044587e-06]", "hess_inv": "[[ 4.49402041  1.22822405  0.72096741 -1.53259334 -0.7444831  -0.91554582]\n [ 1.22822405  4.89980142  2.04567236 -1.12386875 -1.13682758 -0.45947685]\n [ 0.72096741  2.04567236  4.27769259 -0.55657451 -0.67274134 -0.40582525]\n [-1.53259334 -1.12386875 -0.55657451  3.86995158  0.45277357  0.73594014]\n [-0.7444831  -1.13682758 -0.67274134  0.45277357  4.11666252 -0.81810532]\n [-0.91554582 -0.45947685 -0.40582525  0.73594014 -0.81810532  3.79371129]]", "nfev": "294", "njev": "42", "status": "0", "success": "True", "message": "Optimization terminated successfully.", "x": "[ 8.20078903  8.92443671 10.41791786 -7.52737246 -4.827092    2.46101398]", "nit": "23", "callback": [0.9113065515737772, 0.8879052455283188, 0.6203951882168734, 0.619940461652466, 0.5537779242259344, 0.5195968712770973, 0.49726574249494293, 0.48532012581668493, 0.462648627085802, 0.4251519449020824, 0.4067528887086309, 0.39638059526124836, 0.38231959149233663, 0.37789371612742473, 0.37735048659469894, 0.37720056452859796, 0.37710282694283936, 0.37705613393622683, 0.3770510911801377, 0.3770507544699331, 0.37705071697529824, 0.3770507047837872, 0.3770507032147412]}, "6": {"maxiter": 100, "gtol": 1e-10, "xrtol": 1e-10, "eps": 1e-05, "duration": 0.14277100563049316, "fun": "0.49278848812431697", "jac": "[ 2.88657986e-09  2.62678768e-08  2.16493490e-08  2.09388062e-08\n -1.81188398e-08 -7.27196081e-09]", "hess_inv": "[[ 6.9894698  -1.04613156 -0.75356808  3.07576499  0.4740484   2.9051268 ]\n [-1.04613156  6.60902473 -3.43757853 -1.17682488 -1.09347513 -1.4979556 ]\n [-0.75356808 -3.43757853  6.58796391 -0.07831937  0.29064937 -0.69624589]\n [ 3.07576499 -1.17682488 -0.07831937  5.82644869  0.60260942  2.09171472]\n [ 0.4740484  -1.09347513  0.29064937  0.60260942  4.31534845  0.34524955]\n [ 2.9051268  -1.4979556  -0.69624589  2.09171472  0.34524955  7.01226924]]", "nfev": "642", "njev": "90", "status": "2", "success": "False", "message": "Desired error not necessarily achieved due to precision loss.", "x": "[ 7.30765693  5.19706389  6.68734107 -4.81573384 -3.39780043  2.88979147]", "nit": "27", "callback": [0.9112759508092922, 0.8876305581396217, 0.8218112785545943, 0.6759724545890851, 0.6758294718977823, 0.5809511138042256, 0.540991322352658, 0.5099548332376282, 0.5063216028326665, 0.5007194329925562, 0.49592434704674215, 0.49505273094478985, 0.49423235962274303, 0.4935595073977914, 0.4930902614469863, 0.49296444248128024, 0.4929088040212085, 0.49285579377089184, 0.49280698854988303, 0.4927908160312926, 0.492788711113589, 0.4927885687952084, 0.4927885160785024, 0.49278849145492964, 0.49278848831960587, 0.49278848812865306, 0.49278848812431697]}, "7": {"maxiter": 100, "gtol": 1e-10, "xrtol": 1e-10, "eps": 1e-10, "duration": 0.11870408058166504, "fun": "0.3770507031916204", "jac": "[ 1.11022293e-06  0.00000000e+00  0.00000000e+00  1.11022293e-06\n -1.11022293e-06  1.11022293e-06]", "hess_inv": "[[ 0.07855112 -0.12544332 -0.10958497  0.16292004  0.045264    0.11658601]\n [-0.12544332  0.41562519  0.37290027 -0.54540869 -0.29034295 -0.30333001]\n [-0.10958497  0.37290027  1.68994969 -1.00249605 -1.60966461 -0.78282642]\n [ 0.16292004 -0.54540869 -1.00249605  0.92635114  0.88577928  0.5855332 ]\n [ 0.045264   -0.29034295 -1.60966461  0.88577928  1.601805    0.69857744]\n [ 0.11658601 -0.30333001 -0.78282642  0.5855332   0.69857744  0.44792529]]", "nfev": "532", "njev": "76", "status": "0", "success": "True", "message": "Optimization terminated successfully.", "x": "[ 8.20079047  8.92443649 10.41792138 -7.52736481 -4.82709063  2.46102034]", "nit": "37", "callback": [0.9113065515737772, 0.8879052455283188, 0.6203951882168734, 0.619940461652466, 0.5537779242259344, 0.5195968712770973, 0.49726574249494293, 0.48532012581668493, 0.462648627085802, 0.4251519449020824, 0.4067528887086309, 0.39638059526124836, 0.38231959149233663, 0.37789371612742473, 0.37735048659469894, 0.37720056452859796, 0.37710282694283936, 0.37705613393622683, 0.3770510911801377, 0.3770507544699331, 0.37705071697529824, 0.3770507047837872, 0.3770507032147412, 0.37705070320181944, 0.37705070319421163, 0.37705070319343326, 0.37705070319302036, 0.37705070319287803, 0.3770507031928225, 0.37705070319279765, 0.37705070319264644, 0.3770507031925783, 0.3770507031925243, 0.3770507031918038, 0.3770507031917174, 0.3770507031916204, 0.3770507031916204]}, "8": {"maxiter": 500, "gtol": 1e-05, "xrtol": 1e-05, "eps": 1e-05, "duration": 0.07227206230163574, "fun": "0.49278848831960587", "jac": "[-5.31968913e-06 -3.18330917e-06 -1.20753407e-06  2.84626767e-06\n -2.66022759e-06 -2.08600914e-06]", "hess_inv": "[[ 6.0108526  -1.26857454 -0.49897815  3.04323745  0.1260365   2.27049972]\n [-1.26857454  6.58298107 -3.36673636 -1.15761778 -1.1976982  -1.65809616]\n [-0.49897815 -3.36673636  6.52859202 -0.05586931  0.36791654 -0.53955716]\n [ 3.04323745 -1.15761778 -0.05586931  5.85236656  0.56425195  2.0532836 ]\n [ 0.1260365  -1.1976982   0.36791654  0.56425195  4.21720909  0.13586761]\n [ 2.27049972 -1.65809616 -0.53955716  2.0532836   0.13586761  6.61100738]]", "nfev": "308", "njev": "44", "status": "0", "success": "True", "message": "Optimization terminated successfully.", "x": "[ 7.30762481  5.19705464  6.68734844 -4.81573608 -3.39781008  2.88977195]", "nit": "25", "callback": [0.9112759508092922, 0.8876305581396217, 0.8218112785545943, 0.6759724545890851, 0.6758294718977823, 0.5809511138042256, 0.540991322352658, 0.5099548332376282, 0.5063216028326665, 0.5007194329925562, 0.49592434704674215, 0.49505273094478985, 0.49423235962274303, 0.4935595073977914, 0.4930902614469863, 0.49296444248128024, 0.4929088040212085, 0.49285579377089184, 0.49280698854988303, 0.4927908160312926, 0.492788711113589, 0.4927885687952084, 0.4927885160785024, 0.49278849145492964, 0.49278848831960587]}, "9": {"maxiter": 500, "gtol": 1e-05, "xrtol": 1e-05, "eps": 1e-10, "duration": 0.07189607620239258, "fun": "0.3770507032147412", "jac": "[ 0.00000000e+00  1.11022293e-06 -1.11022293e-06 -1.11022293e-06\n -2.22044587e-06 -2.22044587e-06]", "hess_inv": "[[ 4.49402041  1.22822405  0.72096741 -1.53259334 -0.7444831  -0.91554582]\n [ 1.22822405  4.89980142  2.04567236 -1.12386875 -1.13682758 -0.45947685]\n [ 0.72096741  2.04567236  4.27769259 -0.55657451 -0.67274134 -0.40582525]\n [-1.53259334 -1.12386875 -0.55657451  3.86995158  0.45277357  0.73594014]\n [-0.7444831  -1.13682758 -0.67274134  0.45277357  4.11666252 -0.81810532]\n [-0.91554582 -0.45947685 -0.40582525  0.73594014 -0.81810532  3.79371