{"date": "2024/09/24/, 17:22:12", "conf_id": 6, "data_type": "random\n", "num_data_points": 1, "s_rank": 0, "unitary": "[[-0.56303964-0.00798273j,-0.21670212-0.15784972j,-0.06047197-0.73952673j,-0.01438004+0.24552571j],[-0.06976756+0.23474685j,-0.01275565-0.5435098j,-0.02703657-0.08917885j,-0.08210486-0.79311774j],[-0.38559961+0.10714929j,0.5933431-0.2687392j,-0.24060861+0.29149289j,-0.45147719+0.26241743j],[-0.50180421+0.45931857j,-0.11617175+0.44134496j,0.49642745+0.22684508j,-0.08544628-0.15407063j]]", "databatch_0": {"databatch": "[[[0.11096773-0.07836851j,-0.19388433+0.09069114j,0.08827422-0.08731563j,0.1920038+0.10781195j],[0.07523734-0.21089263j,-0.17451617+0.34913665j,-0.04069336-0.16236217j,0.29306809-0.20220965j],[0.03763085+0.15366371j,-0.11536663-0.22454734j,-0.07401196-0.02583415j,0.15126961-0.08239015j],[0.23619754-0.05822173j,-0.25955159+0.15063308j,0.08449099+0.24417336j,-0.41708822+0.00241639j]]]", "initial param values": "[5.80711401,6.2035597,3.66985449,2.75241154,0.49477171,2.13533956]", "nelder_mead": {"type": "gradient-free", "0": {"maxiter": 100, "fatol": 1e-05, "xatol": 1e-05, "duration": 0.02933526039123535, "fun": "0.24231159905851962", "nit": "100", "nfev": "161", "status": "2", "success": "False", "message": "Maximum number of iterations has been exceeded.", "x": "[ 7.00822324  7.49073591  5.46451743  1.75841165  0.68361684 -1.0191208 ]", "final_simplex": "(array([[ 7.00822324,  7.49073591,  5.46451743,  1.75841165,  0.68361684,\n        -1.0191208 ],\n       [ 7.14448457,  7.34457536,  5.68181874,  1.88830078,  0.63439344,\n        -0.95716274],\n       [ 7.21079301,  7.15240588,  5.91091657,  1.73090523,  0.65120991,\n        -1.20765688],\n       [ 7.17256541,  7.43035294,  5.6599545 ,  1.85121939,  0.61477403,\n        -1.0747388 ],\n       [ 7.41947398,  7.35525241,  5.72392705,  1.74720956,  0.63154518,\n        -1.08721569],\n       [ 7.26410924,  7.26608828,  5.79783802,  1.89664937,  0.58784686,\n        -0.95131771],\n       [ 7.15624839,  7.47437368,  5.67724048,  1.90343601,  0.61704703,\n        -0.97020173]]), array([0.2423116 , 0.25583085, 0.25603066, 0.26314971, 0.26378628,\n       0.26605771, 0.26656313]))", "callback": [0.9534161983322549, 0.7880008690094084, 0.7297393778691651, 0.6240819546827489, 0.5744016640021955, 0.4879439904502344, 0.4338949035285935, 0.3222318853242865, 0.29779337788578575, 0.27315697207623857]}, "1": {"maxiter": 100, "fatol": 1e-05, "xatol": 1e-10, "duration": 0.028614044189453125, "fun": "0.24231159905851962", "nit": "100", "nfev": "161", "status": "2", "success": "False", "message": "Maximum number of iterations has been exceeded.", "x": "[ 7.00822324  7.49073591  5.46451743  1.75841165  0.68361684 -1.0191208 ]", "final_simplex": "(array([[ 7.00822324,  7.49073591,  5.46451743,  1.75841165,  0.68361684,\n        -1.0191208 ],\n       [ 7.14448457,  7.34457536,  5.68181874,  1.88830078,  0.63439344,\n        -0.95716274],\n       [ 7.21079301,  7.15240588,  5.91091657,  1.73090523,  0.65120991,\n        -1.20765688],\n       [ 7.17256541,  7.43035294,  5.6599545 ,  1.85121939,  0.61477403,\n        -1.0747388 ],\n       [ 7.41947398,  7.35525241,  5.72392705,  1.74720956,  0.63154518,\n        -1.08721569],\n       [ 7.26410924,  7.26608828,  5.79783802,  1.89664937,  0.58784686,\n        -0.95131771],\n       [ 7.15624839,  7.47437368,  5.67724048,  1.90343601,  0.61704703,\n        -0.97020173]]), array([0.2423116 , 0.25583085, 0.25603066, 0.26314971, 0.26378628,\n       0.26605771, 0.26656313]))", "callback": [0.9534161983322549, 0.7880008690094084, 0.7297393778691651, 0.6240819546827489, 0.5744016640021955, 0.4879439904502344, 0.4338949035285935, 0.3222318853242865, 0.29779337788578575, 0.27315697207623857]}, "2": {"maxiter": 100, "fatol": 1e-10, "xatol": 1e-05, "duration": 0.029699087142944336, "fun": "0.24231159905851962", "nit": "100", "nfev": "161", "status": "2", "success": "False", "message": "Maximum number of iterations has been exceeded.", "x": "[ 7.00822324  7.49073591  5.46451743  1.75841165  0.68361684 -1.0191208 ]", "final_simplex": "(array([[ 7.00822324,  7.49073591,  5.46451743,  1.75841165,  0.68361684,\n        -1.0191208 ],\n       [ 7.14448457,  7.34457536,  5.68181874,  1.88830078,  0.63439344,\n        -0.95716274],\n       [ 7.21079301,  7.15240588,  5.91091657,  1.73090523,  0.65120991,\n        -1.20765688],\n       [ 7.17256541,  7.43035294,  5.6599545 ,  1.85121939,  0.61477403,\n        -1.0747388 ],\n       [ 7.41947398,  7.35525241,  5.72392705,  1.74720956,  0.63154518,\n        -1.08721569],\n       [ 7.26410924,  7.26608828,  5.79783802,  1.89664937,  0.58784686,\n        -0.95131771],\n       [ 7.15624839,  7.47437368,  5.67724048,  1.90343601,  0.61704703,\n        -0.97020173]]), array([0.2423116 , 0.25583085, 0.25603066, 0.26314971, 0.26378628,\n       0.26605771, 0.26656313]))", "callback": [0.9534161983322549, 0.7880008690094084, 0.7297393778691651, 0.6240819546827489, 0.5744016640021955, 0.4879439904502344, 0.4338949035285935, 0.3222318853242865, 0.29779337788578575, 0.27315697207623857]}, "3": {"maxiter": 100, "fatol": 1e-10, "xatol": 1e-10, "duration": 0.02853226661682129, "fun": "0.24231159905851962", "nit": "100", "nfev": "161", "status": "2", "success": "False", "message": "Maximum number of iterations has been exceeded.", "x": "[ 7.00822324  7.49073591  5.46451743  1.75841165  0.68361684 -1.0191208 ]", "final_simplex": "(array([[ 7.00822324,  7.49073591,  5.46451743,  1.75841165,  0.68361684,\n        -1.0191208 ],\n       [ 7.14448457,  7.34457536,  5.68181874,  1.88830078,  0.63439344,\n        -0.95716274],\n       [ 7.21079301,  7.15240588,  5.91091657,  1.73090523,  0.65120991,\n        -1.20765688],\n       [ 7.17256541,  7.43035294,  5.6599545 ,  1.85121939,  0.61477403,\n        -1.0747388 ],\n       [ 7.41947398,  7.35525241,  5.72392705,  1.74720956,  0.63154518,\n        -1.08721569],\n       [ 7.26410924,  7.26608828,  5.79783802,  1.89664937,  0.58784686,\n        -0.95131771],\n       [ 7.15624839,  7.47437368,  5.67724048,  1.90343601,  0.61704703,\n        -0.97020173]]), array([0.2423116 , 0.25583085, 0.25603066, 0.26314971, 0.26378628,\n       0.26605771, 0.26656313]))", "callback": [0.9534161983322549, 0.7880008690094084, 0.7297393778691651, 0.6240819546827489, 0.5744016640021955, 0.4879439904502344, 0.4338949035285935, 0.3222318853242865, 0.29779337788578575, 0.27315697207623857]}, "4": {"maxiter": 500, "fatol": 1e-05, "xatol": 1e-05, "duration": 0.11582517623901367, "fun": "0.1664408584932282", "nit": "422", "nfev": "665", "status": "0", "success": "True", "message": "Optimization terminated successfully.", "x": "[ 6.90675718  7.81211212  5.07708271  1.01172347  0.86253    -0.87267427]", "final_simplex": "(array([[ 6.90675718,  7.81211212,  5.07708271,  1.01172347,  0.86253   ,\n        -0.87267427],\n       [ 6.90675356,  7.81210854,  5.07708989,  1.01172608,  0.86253419,\n        -0.87267647],\n       [ 6.90675191,  7.8121178 ,  5.07707918,  1.01171786,  0.86252658,\n        -0.87266994],\n       [ 6.9067515 ,  7.81210463,  5.07709122,  1.01172412,  0.86253596,\n        -0.87267682],\n       [ 6.90675476,  7.81210763,  5.07708925,  1.01172071,  0.8625323 ,\n        -0.87267503],\n       [ 6.90675497,  7.81210599,  5.07708954,  1.01173094,  0.86252926,\n        -0.87267004],\n       [ 6.90675417,  7.81210948,  5.07708604,  1.01172109,  0.86253115,\n        -0.87267865]]), array([0.16644086, 0.16644086, 0.16644086, 0.16644086, 0.16644086,\n       0.16644086, 0.16644086]))", "callback": [0.9534161983322549, 0.7880008690094084, 0.7297393778691651, 0.6240819546827489, 0.5744016640021955, 0.4879439904502344, 0.4338949035285935, 0.3222318853242865, 0.29779337788578575, 0.27315697207623857, 0.24063428024481792, 0.21253834220084822, 0.20730903765816455, 0.19947288423759568, 0.19398502967901177, 0.18219135648177098, 0.17734293893836672, 0.17394047554933523, 0.17275582258375866, 0.17187099798191863, 0.17128810462846666, 0.17030305889282127, 0.1693556728127409, 0.16910930376959898, 0.1689916268789614, 0.1688300567623673, 0.1683345930479434, 0.16743894042529806, 0.16702829917348727, 0.1668065332626052, 0.1665107251104856, 0.16646472761134445, 0.16644772211233816, 0.166442813732667, 0.1664411738631244, 0.1664410102770021, 0.16644089373602844, 0.1664408678461633, 0.16644085987597745, 0.1664408589069215, 0.16644085857137325, 0.1664408585075159, 0.1664408584932282]}, "5": {"maxiter": 500, "fatol": 1e-05, "xatol": 1e-10, "duration": 0.1372051239013672, "fun": "0.16644085848641654", "nit": "500", "nfev": "789", "status": "2", "success": "False", "message": "Maximum number of iterations has been exceeded.", "x": "[ 6.90675412  7.81211789  5.07707746  1.01172086  0.86253215 -0.87267186]", "final_simplex": "(array([[ 6.90675412,  7.81211789,  5.07707746,  1.01172086,  0.86253215,\n        -0.87267186],\n       [ 6.9067541 ,  7.81211791,  5.07707742,  1.01172095,  0.86253214,\n        -0.87267182],\n       [ 6.90675415,  7.81211781,  5.07707754,  1.01172094,  0.86253216,\n        -0.87267189],\n       [ 6.90675408,  7.81211787,  5.07707747,  1.01172095,  0.86253209,\n        -0.87267184],\n       [ 6.90675418,  7.81211786,  5.07707744,  1.01172089,  0.8625322 ,\n        -0.87267199],\n       [ 6.90675417,  7.81211788,  5.07707745,  1.01172095,  0.86253209,\n        -0.87267179],\n       [ 6.90675407,  7.81211806,  5.07707732,  1.01172087,  0.86253204,\n        -0.87267178]]), array([0.16644086, 0.16644086, 0.16644086, 0.16644086, 0.16644086,\n       0.16644086, 0.16644086]))", "callback": [0.9534161983322549, 0.7880008690094084, 0.7297393778691651, 0.6240819546827489, 0.5744016640021955, 0.4879439904502344, 0.4338949035285935, 0.3222318853242865, 0.29779337788578575, 0.27315697207623857, 0.24063428024481792, 0.21253834220084822, 0.20730903765816455, 0.19947288423759568, 0.19398502967901177, 0.18219135648177098, 0.17734293893836672, 0.17394047554933523, 0.17275582258375866, 0.17187099798191863, 0.17128810462846666, 0.17030305889282127, 0.1693556728127409, 0.16910930376959898, 0.1689916268789614, 0.1688300567623673, 0.1683345930479434, 0.16743894042529806, 0.16702829917348727, 0.1668065332626052, 0.1665107251104856, 0.16646472761134445, 0.16644772211233816, 0.166442813732667, 0.1664411738631244, 0.1664410102770021, 0.16644089373602844, 0.1664408678461633, 0.16644085987597745, 0.1664408589069215, 0.16644085857137325, 0.1664408585075159, 0.1664408584932282, 0.16644085848778423, 0.16644085848695478, 0.16644085848669665, 0.16644085848651602, 0.1664408584864474, 0.16644085848642276, 0.16644085848641743]}, "6": {"maxiter": 500, "fatol": 1e-10, "xatol": 1e-05, "duration": 0.11554622650146484, "fun": "0.1664408584932282", "nit": "422", "nfev": "665", "status": "0", "success": "True", "message": "Optimization terminated successfully.", "x": "[ 6.90675718  7.81211212  5.07708271  1.01172347  0.86253    -0.87267427]", "final_simplex": "(array([[ 6.90675718,  7.81211212,  5.07708271,  1.01172347,  0.86253   ,\n        -0.87267427],\n       [ 6.90675356,  7.81210854,  5.07708989,  1.01172608,  0.86253419,\n        -0.87267647],\n       [ 6.90675191,  7.8121178 ,  5.07707918,  1.01171786,  0.86252658,\n        -0.87266994],\n       [ 6.9067515 ,  7.81210463,  5.07709122,  1.01172412,  0.86253596,\n        -0.87267682],\n       [ 6.90675476,  7.81210763,  5.07708925,  1.01172071,  0.8625323 ,\n        -0.87267503],\n       [ 6.90675497,  7.81210599,  5.07708954,  1.01173094,  0.86252926,\n        -0.87267004],\n       [ 6.90675417,  7.81210948,  5.07708604,  1.01172109,  0.86253115,\n        -0.87267865]]), array([0.16644086, 0.16644086, 0.16644086, 0.16644086, 0.16644086,\n       0.16644086, 0.16644086]))", "callback": [0.9534161983322549, 0.7880008690094084, 0.7297393778691651, 0.6240819546827489, 0.5744016640021955, 0.4879439904502344, 0.4338949035285935, 0.3222318853242865, 0.29779337788578575, 0.27315697207623857, 0.24063428024481792, 0.21253834220084822, 0.20730903765816455, 0.19947288423759568, 0.19398502967901177, 0.18219135648177098, 0.17734293893836672, 0.17394047554933523, 0.17275582258375866, 0.17187099798191863, 0.17128810462846666, 0.17030305889282127, 0.1693556728127409, 0.16910930376959898, 0.1689916268789614, 0.1688300567623673, 0.1683345930479434, 0.16743894042529806, 0.16702829917348727, 0.1668065332626052, 0.1665107251104856, 0.16646472761134445, 0.16644772211233816, 0.166442813732667, 0.1664411738631244, 0.1664410102770021, 0.16644089373602844, 0.1664408678461633, 0.16644085987597745, 0.1664408589069215, 0.16644085857137325, 0.1664408585075159, 0.1664408584932282]}, "7": {"maxiter": 500, "fatol": 1e-10, "xatol": 1e-10, "duration": 0.14104199409484863, "fun": "0.16644085848641654", "nit": "500", "nfev": "789", "status": "2", "success": "False", "message": "Maximum number of iterations has been exceeded.", "x": "[ 6.90675412  7.81211789  5.07707746  1.01172086  0.86253215 -0.87267186]", "final_simplex": "(array([[ 6.90675412,  7.81211789,  5.07707746,  1.01172086,  0.86253215,\n        -0.87267186],\n       [ 6.9067541 ,  7.81211791,  5.07707742,  1.01172095,  0.86253214,\n        -0.87267182],\n       [ 6.90675415,  7.81211781,  5.07707754,  1.01172094,  0.86253216,\n        -0.87267189],\n       [ 6.90675408,  7.81211787,  5.07707747,  1.01172095,  0.86253209,\n        -0.87267184],\n       [ 6.90675418,  7.81211786,  5.07707744,  1.01172089,  0.8625322 ,\n        -0.87267199],\n       [ 6.90675417,  7.81211788,  5.07707745,  1.01172095,  0.86253209,\n        -0.87267179],\n       [ 6.90675407,  7.81211806,  5.07707732,  1.01172087,  0.86253204,\n        -0.87267178]]), array([0.16644086, 0.16644086, 0.16644086, 0.16644086, 0.16644086,\n       0.16644086, 0.16644086]))", "callback": [0.9534161983322549, 0.7880008690094084, 0.7297393778691651, 0.6240819546827489, 0.5744016640021955, 0.4879439904502344, 0.4338949035285935, 0.3222318853242865, 0.29779337788578575, 0.27315697207623857, 0.24063428024481792, 0.21253834220084822, 0.20730903765816455, 0.19947288423759568, 0.19398502967901177, 0.18219135648177098, 0.17734293893836672, 0.17394047554933523, 0.17275582258375866, 0.17187099798191863, 0.17128810462846666, 0.17030305889282127, 0.1693556728127409, 0.16910930376959898, 0.1689916268789614, 0.1688300567623673, 0.1683345930479434, 0.16743894042529806, 0.16702829917348727, 0.1668065332626052, 0.1665107251104856, 0.16646472761134445, 0.16644772211233816, 0.166442813732667, 0.1664411738631244, 0.1664410102770021, 0.16644089373602844, 0.1664408678461633, 0.16644085987597745, 0.1664408589069215, 0.16644085857137325, 0.1664408585075159, 0.1664408584932282, 0.16644085848778423, 0.16644085848695478, 0.16644085848669665, 0.16644085848651602, 0.1664408584864474, 0.16644085848642276, 0.16644085848641743]}, "8": {"maxiter": 1000, "fatol": 1e-05, "xatol": 1e-05, "duration": 0.12088274955749512, "fun": "0.1664408584932282", "nit": "422", "nfev": "665", "status": "0", "success": "True", "message": "Optimization terminated successfully.", "x": "[ 6.90675718  7.81211212  5.07708271  1.01172347  0.86253    -0.87267427]", "final_simplex": "(array([[ 6.90675718,  7.81211212,  5.07708271,  1.01172347,  0.86253   ,\n        -0.87267427],\n       [ 6.90675356,  7.81210854,  5.07708989,  1.01172608,  0.86253419,\n        -0.87267647],\n       [ 6.90675191,  7.8121178 ,  5.07707918,  1.01171786,  0.86252658,\n        -0.87266994],\n       [ 6.9067515 ,  7.81210463,  5.07709122,  1.01172412,  0.86253596,\n        -0.87267682],\n       [ 6.90675476,  7.81210763,  5.07708925,  1.01172071,  0.8625323 ,\n        -0.87267503],\n       [ 6.90675497,  7.81210599,  5.07708954,  1.01173094,  0.86252926,\n        -0.87267004],\n       [ 6.90675417,  7.81210948,  5.07708604,  1.01172109,  0.86253115,\n        -0.87267865]]), array([0.16644086, 0.16644086, 0.16644086, 0.16644086, 0.16644086,\n       0.16644086, 0.16644086]))", "callback": [0.9534161983322549, 0.7880008690094084, 0.7297393778691651, 0.6240819546827489, 0.5744016640021955, 0.4879439904502344, 0.4338949035285935, 0.3222318853242865, 0.29779337788578575, 0.27315697207623857, 0.24063428024481792, 0.21253834220084822, 0.20730903765816455, 0.19947288423759568, 0.19398502967901177, 0.18219135648177098, 0.17734293893836672, 0.17394047554933523, 0.17275582258375866, 0.17187099798191863, 0.17128810462846666, 0.17030305889282127, 0.1693556728127409, 0.16910930376959898, 0.1689916268789614, 0.1688300567623673, 0.1683345930479434, 0.16743894042529806, 0.16702829917348727, 0.1668065332626052, 0.1665107251104856, 0.16646472761134445, 0.16644772211233816, 0.166442813732667, 0.1664411738631244, 0.1664410102770021, 0.16644089373602844, 0.1664408678461633, 0.16644085987597745, 0.1664408589069215, 0.16644085857137325, 0.1664408585075159, 0.1664408584932282]}, "9": {"maxiter": 1000, "fatol": 1e-05, "xatol": 1e-10, "duration": 0.158278226852417, "fun": "0.16644085848641543", "nit": "545", "nfev": "916", "status": "0", "success": "True", "message": "Optimization terminated successfully.", "x": "[ 6.9067541   7.81211788  5.07707743  1.01172089  0.86253219 -0.87267191]", "final_simplex": "(array([[ 6.9067541 ,  7.81211788,  5.07707743,  1.01172089,  0.86253219,\n        -0.87267191],\n       [ 6.9067541 ,  7.81211788,  5.07707743,  1.01172089,  0.86253219,\n        -0.87267191],\n       [ 6.9067541 ,  7.81211788,  5.07707743,  1.01172089,  0.86253219,\n        -0.87267191],\n       [ 6.9067541 ,  7.81211788,  5.07707743,  1.01172089,  0.86253219,\n        -0.87267191],\n       [ 6.9067541 ,  7.81211788,  5.07707743,  1.01172089,  0.86253219,\n        -0.87267191],\n       [ 6.9067541 ,  7.81211788,  5.07707743,  1.01172089,  0.86253219,\n        -0.87267191],\n       [ 6.9067541 ,  7.81211788,  5.07707743,  1.01172089,  0.86253219,\n        -0.87267191]]), array([0.16644086, 0.16644086, 0.16644086, 0.16644086, 0.16644086,\n       0.16644086, 0.16644086]))", "callback": [0.9534161983322549, 0.7880008690094084, 0.7297393778691651, 0.6240819546827489, 0.5744016640021955, 0.4879439904502344, 0.4338949035285935, 0.3222318853242865, 0.29779337788578575, 0.27315697207623857, 0.24063428024481792, 0.21253834220084822, 0.20730903765816455, 0.19947288423759568, 0.19398502967901177, 0.18219135648177098, 0.17734293893836672, 0.17394047554933523, 0.17275582258375866, 0.17187099798191863, 0.17128810462846666, 0.17030305889282127, 0.1693556728127409, 0.16910930376959898, 0.1689916268789614, 0.1688300567623673, 0.1683345930479434, 0.16743894042529806, 0.16702829917348727, 0.1668065332626052, 0.1665107251104856, 0.16646472761134445, 0.16644772211233816, 0.166442813732667, 0.1664411738631244, 0.1664410102770021, 0.16644089373602844, 0.1664408678461633, 0.16644085987597745, 0.1664408589069215, 0.16644085857137325, 0.1664408585075159, 0.1664408584932282, 0.16644085848778423, 0.16644085848695478, 0.16644085848669665, 0.16644085848651602, 0.1664408584864474, 0.16644085848642276, 0.16644085848641743, 0.16644085848641654, 0.16644085848641565, 0.16644085848641565, 0.16644085848641543, 0.16644085848641543]}, "10": {"maxiter": 1000, "fatol": 1e-10, "xatol": 1e-05, "duration": 0.1164388656616211, "fun": "0.1664408584932282", "nit": "422", "nfev": "665", "status": "0", "success": "True", "message": "Optimization terminated successfully.", "x": "[ 6.90675718  7.81211212  5.07708271  1.01172347  0.86253    -0.87267427]", "final_simplex": "(array([[ 6.90675718,  7.81211212,  5.07708271,  1.01172347,  0.86253   ,\n        -0.87267427],\n       [ 6.90675356,  7.81210854,  5.07708989,  1.01172608,  0.86253419,\n        -0.87267647],\n       [ 6.90675191,  7.8121178 ,  5.07707918,  1.01171786,  0.86252658,\n        -0.87266994],\n       [ 6.9067515 ,  7.81210463,  5.07709122,  1.01172412,  0.86253596,\n        -0.87267682],\n       [ 6.90675476,  7.81210763,  5.07708925,  1.01172071,  0.8625323 ,\n        -0.87267503],\n       [ 6.90675497,  7.81210599,  5.07708954,  1.01173094,  0.86252926,\n        -0.87267004],\n       [ 6.90675417,  7.81210948,  5.07708604,  1.01172109,  0.86253115,\n        -0.87267865]]), array([0.16644086, 0.16644086, 0.16644086, 0.16644086, 0.16644086,\n       0.16644086, 0.16644086]))", "callback": [0.9534161983322549, 0.7880008690094084, 0.7297393778691651, 0.6240819546827489, 0.5744016640021955, 0.4879439904502344, 0.4338949035285935, 0.3222318853242865, 0.29779337788578575, 0.27315697207623857, 0.24063428024481792, 0.21253834220084822, 0.20730903765816455, 0.19947288423759568, 0.19398502967901177, 0.18219135648177098, 0.17734293893836672, 0.17394047554933523, 0.17275582258375866, 0.17187099798191863, 0.17128810462846666, 0.17030305889282127, 0.1693556728127409, 0.16910930376959898, 0.1689916268789614, 0.1688300567623673, 0.1683345930479434, 0.16743894042529806, 0.16702829917348727, 0.1668065332626052, 0.1665107251104856, 0.16646472761134445, 0.16644772211233816, 0.166442813732667, 0.1664411738631244, 0.1664410102770021, 0.16644089373602844, 0.1664408678461633, 0.16644085987597745, 0.1664408589069215, 0.16644085857137325, 0.1664408585075159, 0.1664408584932282]}, "11": {"maxiter": 1000, "fatol": 1e-10, "xatol": 1e-10, "duration": 0.1677389144897461, "fun": "0.16644085848641543", "nit": "545", "nfev": "916", "status": "0", "success": "True", "message": "Optimization terminated successfully.", "x": "[ 6.9067541   7.81211788  5.07707743  1.01172089  0.86253219 -0.87267191]", "final_simplex": "(array([[ 6.9067541 ,  7.81211788,  5.07707743,  1.01172089,  0.86253219,\n        -0.87267191],\n       [ 6.9067541 ,  7.81211788,  5.07707743,  1.01172089,  0.86253219,\n        -0.87267191],\n       [ 6.9067541 ,  7.81211788,  5.07707743,  1.01172089,  0.86253219,\n        -0.87267191],\n       [ 6.9067541 ,  7.81211788,  5.07707743,  1.01172089,  0.86253219,\n        -0.87267191],\n       [ 6.9067541 ,  7.81211788,  5.07707743,  1.01172089,  0.86253219,\n        -0.87267191],\n       [ 6.9067541 ,  7.81211788,  5.07707743,  1.01172089,  0.86253219,\n        -0.87267191],\n       [ 6.9067541 ,  7.81211788,  5.07707743,  1.01172089,  0.86253219,\n        -0.87267191]]), array([0.16644086, 0.16644086, 0.16644086, 0.16644086, 0.16644086,\n       0.16644086, 0.16644086]))", "callback": [0.9534161983322549, 0.7880008690094084, 0.7297393778691651, 0.6240819546827489, 0.5744016640021955, 0.4879439904502344, 0.4338949035285935, 0.3222318853242865, 0.29779337788578575, 0.27315697207623857, 0.24063428024481792, 0.21253834220084822, 0.20730903765816455, 0.19947288423759568, 0.19398502967901177, 0.18219135648177098, 0.17734293893836672, 0.17394047554933523, 0.17275582258375866, 0.17187099798191863, 0.17128810462846666, 0.17030305889282127, 0.1693556728127409, 0.16910930376959898, 0.1689916268789614, 0.1688300567623673, 0.1683345930479434, 0.16743894042529806, 0.16702829917348727, 0.1668065332626052, 0.1665107251104856, 0.16646472761134445, 0.16644772211233816, 0.166442813732667, 0.1664411738631244, 0.1664410102770021, 0.16644089373602844, 0.1664408678461633, 0.16644085987597745, 0.1664408589069215, 0.16644085857137325, 0.1664408585075159, 0.1664408584932282, 0.16644085848778423, 0.16644085848695478, 0.16644085848669665, 0.16644085848651602, 0.1664408584864474, 0.16644085848642276, 0.16644085848641743, 0.16644085848641654, 0.16644085848641565, 0.16644085848641565, 0.16644085848641543, 0.16644085848641543]}}, "bfgs": {"type": "gradient", "0": {"maxiter": 100, "gtol": 1e-05, "xrtol": 1e-05, "eps": 1e-05, "duration": 0.045356035232543945, "fun": "0.16644085869567005", "jac": "[-1.75051085e-06 -3.64575037e-07  3.04039016e-06 -1.73281389e-06\n  1.61349822e-06 -4.47308857e-06]", "hess_inv": "[[  2.75225412  -1.11603504   1.61134709   0.7327977    1.3423084\n   -0.8263926 ]\n [ -1.11603504  11.15218628 -10.93502007  -4.43280336  -2.97343292\n    2.40070059]\n [  1.61134709 -10.93502007  14.02449373   5.7746041    3.80267051\n   -2.18291566]\n [  0.7327977   -4.43280336   5.7746041    5.45831102   1.01390156\n   -0.11955244]\n [  1.3423084   -2.97343292   3.80267051   1.01390156   5.02881361\n   -3.02331022]\n [ -0.8263926    2.40070059  -2.18291566  -0.11955244  -3.02331022\n    5.06817236]]", "nfev": "252", "njev": "36", "status": "0", "success": "True", "message": "Optimization terminated successfully.", "x": "[ 6.90675119  7.81207482  5.077119    1.01171852  0.86256088 -0.87271537]", "nit": "28", "callback": [0.9325030934916605, 0.9123879746695489, 0.7743646844472745, 0.7521020101010145, 0.7093513031952113, 0.635083916721408, 0.5597289407622424, 0.5265672324555517, 0.4797724053948562, 0.4395981423063363, 0.41336311771125156, 0.36793444329750946, 0.2923169863559473, 0.21377851210675847, 0.1798206849806694, 0.17279211964445151, 0.1714661467424129, 0.17077483155145834, 0.16964357415456066, 0.16802305334046075, 0.16706516639413405, 0.1666585838034812, 0.16650566585481918, 0.16645696428016032, 0.1664428350844689, 0.16644096643391038, 0.1664408638678443, 0.16644085869567005]}, "1": {"maxiter": 100, "gtol": 1e-05, "xrtol": 1e-05, "eps": 1e-10, "duration": 0.04692721366882324, "fun": "0.1664408585719077", "jac": "[-2.22044587e-06  4.44089173e-06  2.22044587e-06 -4.44089173e-06\n  2.22044587e-06 -2.22044587e-06]", "hess_inv": "[[  2.74397299  -1.12143255   1.61346113   0.7660384    1.37352546\n   -0.82845851]\n [ -1.12143255  11.23399824 -11.01169829  -4.54200334  -3.06413427\n    2.42057938]\n [  1.61346113 -11.01169829  14.0926433    5.88508354   3.90064272\n   -2.20441512]\n [  0.7660384   -4.54200334   5.88508354   5.58294364   1.08506751\n   -0.1345589 ]\n [  1.37352546  -3.06413427   3.90064272   1.08506751   5.07859246\n   -3.0508362 ]\n [ -0.82845851   2.42057938  -2.20441512  -0.1345589   -3.0508362\n    5.0830001 ]]", "nfev": "252", "njev": "36", "status": "0", "success": "True", "message": "Optimization terminated successfully.", "x": "[ 6.90674739  7.81211056  5.07709386  1.01170976  0.86254732 -0.87268863]", "nit": "28", "callback": [0.932503348135688, 0.9123881443990924, 0.7744085761631679, 0.7521462067046399, 0.7093953208017661, 0.6351232068450527, 0.5597486761143651, 0.5265862781233568, 0.4797906936131432, 0.4396273722450216, 0.41337893602562625, 0.36793660141805684, 0.2923089322812016, 0.21378359866781316, 0.17981643285731885, 0.1727876409470741, 0.17146290259847918, 0.17077169595422814, 0.1696411131188349, 0.16802199986024613, 0.16706411898657458, 0.16665729003287888, 0.16650551053066986, 0.16645690503283728, 0.16644283937337767, 0.16644096537069042, 0.16644086363308608, 0.1664408585719077]}, "2": {"maxiter": 100, "gtol": 1e-05, "xrtol": 1e-10, "eps": 1e-05, "duration": 0.04523801803588867, "fun": "0.16644085869567005", "jac": "[-1.75051085e-06 -3.64575037e-07  3.04039016e-06 -1.73281389e-06\n  1.61349822e-06 -4.47308857e-06]", "hess_inv": "[[  2.75225412  -1.11603504   1.61134709   0.7327977    1.3423084\n   -0.8263926 ]\n [ -1.11603504  11.15218628 -10.93502007  -4.43280336  -2.97343292\n    2.40070059]\n [  1.61134709 -10.93502007  14.02449373   5.7746041    3.80267051\n   -2.18291566]\n [  0.7327977   -4.43280336   5.7746041    5.45831102   1.01390156\n   -0.11955244]\n [  1.3423084   -2.97343292   3.80267051   1.01390156   5.02881361\n   -3.02331022]\n [ -0.8263926    2.40070059  -2.18291566  -0.11955244  -3.02331022\n    5.06817236]]", "nfev": "252", "njev": "36", "status": "0", "success": "True", "message": "Optimization terminated successfully.", "x": "[ 6.90675119  7.81207482  5.077119    1.01171852  0.86256088 -0.87271537]", "nit": "28", "callback": [0.9325030934916605, 0.9123879746695489, 0.7743646844472745, 0.7521020101010145, 0.7093513031952113, 0.635083916721408, 0.5597289407622424, 0.5265672324555517, 0.4797724053948562, 0.4395981423063363, 0.41336311771125156, 0.36793444329750946, 0.2923169863559473, 0.21377851210675847, 0.1798206849806694, 0.17279211964445151, 0.1714661467424129, 0.17077483155145834, 0.16964357415456066, 0.16802305334046075, 0.16706516639413405, 0.1666585838034812, 0.16650566585481918, 0.16645696428016032, 0.1664428350844689, 0.16644096643391038, 0.1664408638678443, 0.16644085869567005]}, "3": {"maxiter": 100, "gtol": 1e-05, "xrtol": 1e-10, "eps": 1e-10, "duration": 0.04506969451904297, "fun": "0.1664408585719077", "jac": "[-2.22044587e-06  4.44089173e-06  2.22044587e-06 -4.44089173e-06\n  2.22044587e-06 -2.22044587e-06]", "hess_inv": "[[  2.74397299  -1.12143255   1.61346113   0.7660384    1.37352546\n   -0.82845851]\n [ -1.12143255  11.23399824 -11.01169829  -4.54200334  -3.06413427\n    2.42057938]\n [  1.61346113 -11.01169829  14.0926433    5.88508354   3.90064272\n   -2.20441512]\n [  0.7660384   -4.54200334   5.88508354   5.58294364   1.08506751\n   -0.1345589 ]\n [  1.37352546  -3.06413427   3.90064272   1.08506751   5.07859246\n   -3.0508362 ]\n [ -0.82845851   2.42057938  -2.20441512  -0.1345589   -3.0508362\n    5.0830001 ]]", "nfev": "252", "njev": "36", "status": "0", "success": "True", "message": "Optimization terminated successfully.", "x": "[ 6.90674739  7.81211056  5.07709386  1.01170976  0.86254732 -0.87268863]", "nit": "28", "callback": [0.932503348135688, 0.9123881443990924, 0.7744085761631679, 0.7521462067046399, 0.7093953208017661, 0.6351232068450527, 0.5597486761143651, 0.5265862781233568, 0.4797906936131432, 0.4396273722450216, 0.41337893602562625, 0.36793660141805684, 0.2923089322812016, 0.21378359866781316, 0.17981643285731885, 0.1727876409470741, 0.17146290259847918, 0.17077169595422814, 0.1696411131188349, 0.16802199986024613, 0.16706411898657458, 0.16665729003287888, 0.16650551053066986, 0.16645690503283728, 0.16644283937337767, 0.16644096537069042, 0.16644086363308608, 0.1664408585719077]}, "4": {"maxiter": 100, "gtol": 1e-10, "xrtol": 1e-05, "eps": 1e-05, "duration": 0.0468449592590332, "fun": "0.16644085853560275", "jac": "[-2.39841480e-07  1.06037401e-07  8.91287044e-07 -9.12725451e-07\n -4.27702318e-07 -3.66306985e-07]", "hess_inv": "[[  2.77527463  -1.29746339   1.8174966    0.79398004   1.48247808\n   -0.96872228]\n [ -1.29746339  12.50398766 -12.45631312  -4.98636632  -4.09681919\n    3.47334436]\n [  1.8174966  -12.45631312  15.73360064   6.41703753   5.08264709\n   -3.39247261]\n [  0.79398004  -4.98636632   6.41703753   5.55565879   1.36935006\n   -0.54270017]\n [  1.48247808  -4.09681919   5.08264709   1.36935006   5.87782058\n   -3.9016902 ]\n [ -0.96872228   3.47334436  -3.39247261  -0.54270017  -3.9016902\n    5.91730258]]", "nfev": "259", "njev": "37", "status": "0", "success": "True", "message": "Optimization terminated successfully.", "x": "[ 6.9067447   7.81212848  5.07705754  1.01170357  0.86252197 -0.87267366]", "nit": "29", "callback": [0.9325030934916605, 0.9123879746695489, 0.7743646844472745, 0.7521020101010145, 0.7093513031952113, 0.635083916721408, 0.5597289407622424, 0.5265672324555517, 0.4797724053948562, 0.4395981423063363, 0.41336311771125156, 0.36793444329750946, 0.2923169863559473, 0.21377851210675847, 0.1798206849806694, 0.17279211964445151, 0.1714661467424129, 0.17077483155145834, 0.16964357415456066, 0.16802305334046075, 0.16706516639413405, 0.1666585838034812, 0.16650566585481918, 0.16645696428016032, 0.1664428350844689, 0.16644096643391038, 0.1664408638678443, 0.16644085869567005, 0.16644085853560275]}, "5": {"maxiter": 100, "gtol": 1e-10, "xrtol": 1e-05, "eps": 1e-10, "duration": 0.04838895797729492, "fun": "0.16644085855590807", "jac": "[-2.22044587e-06  1.11022293e-06  4.44089173e-06  0.00000000e+00\n -2.22044587e-06 -1.11022293e-06]", "hess_inv": "[[ 2.71005682e+00 -9.31659278e-01  1.42617565e+00  6.09197230e-01\n   1.33178152e+00 -8.18322428e-01]\n [-9.31659278e-01  1.01868609e+01 -9.96770128e+00 -3.68416616e+00\n  -2.75090287e+00  2.29090397e+00]\n [ 1.42617565e+00 -9.96770128e+00  1.30595021e+01  5.02428348e+00\n   3.64883694e+00 -2.12893904e+00]\n [ 6.09197230e-01 -3.68416616e+00  5.02428348e+00  4.88415169e+00\n   7.85119143e-01  1.02328205e-02]\n [ 1.33178152e+00 -2.75090287e+00  3.64883694e+00  7.85119143e-01\n   5.45850024e+00 -3.43337997e+00]\n [-8.18322428e-01  2.29090397e+00 -2.12893904e+00  1.02328205e-02\n  -3.43337997e+00  5.44177288e+00]]", "nfev": "259", "njev": "37", "status": "0", "success": "True", "message": "Optimization terminated successfully.", "x": "[ 6.90675231  7.81208022  5.07712178  1.01173628  0.86253814 -0.87267614]", "nit": "29", "callback": [0.932503348135688, 0.9123881443990924, 0.7744085761631679, 0.7521462067046399, 0.7093953208017661, 0.6351232068450527, 0.5597486761143651, 0.5265862781233568, 0.4797906936131432, 0.4396273722450216, 0.41337893602562625, 0.36793660141805684, 0.2923089322812016, 0.21378359866781316, 0.17981643285731885, 0.1727876409470741, 0.17146290259847918, 0.17077169595422814, 0.1696411131188349, 0.16802199986024613, 0.16706411898657458, 0.16665729003287888, 0.16650551053066986, 0.16645690503283728, 0.16644283937337767, 0.16644096537069042, 0.16644086363308608, 0.1664408585719077, 0.16644085855590807]}, "6": {"maxiter": 100, "gtol": 1e-10, "xrtol": 1e-10, "eps": 1e-05, "duration": 0.05106186866760254, "fun": "0.16644085853222712", "jac": "[-1.11022302e-11  1.11022302e-11  1.11022302e-11 -3.33066907e-11\n  2.22044605e-11 -3.33066907e-11]", "hess_inv": "[[  3.05511282  -1.60734065   2.07028366   0.99217507   1.69418377\n   -1.16636688]\n [ -1.60734065  13.63552205 -13.74531435  -5.12819897  -4.56606961\n    4.01141726]\n [  2.07028366 -13.74531435  17.1621876    6.5563455    5.58552062\n   -4.09468723]\n [  0.99217507  -5.12819897   6.5563455    5.63108783   1.43827018\n   -0.54440619]\n [  1.69418377  -4.56606961   5.58552062   1.43827018   6.02619782\n   -4.0778281 ]\n [ -1.16636688   4.01141726  -4.09468723  -0.54440619  -4.0778281\n    5.99982043]]", "nfev": "287", "njev": "41", "status": "0", "success": "True", "message": "Optimization terminated successfully.", "x": "[ 6.90674499  7.81213377  5.07705102  1.01170411  0.86252032 -0.87267079]", "nit": "33", "callback": [0.9325030934916605, 0.9123879746695489, 0.7743646844472745, 0.7521020101010145, 0.7093513031952113, 0.635083916721408, 0.5597289407622424, 0.5265672324555517, 0.4797724053948562, 0.4395981423063363, 0.41336311771125156, 0.36793444329750946, 0.2923169863559473, 0.21377851210675847, 0.1798206849806694, 0.17279211964445151, 0.1714661467424129, 0.17077483155145834, 0.16964357415456066, 0.16802305334046075, 0.16706516639413405, 0.1666585838034812, 0.16650566585481918, 0.16645696428016032, 0.1664428350844689, 0.16644096643391038, 0.1664408638678443, 0.16644085869567005, 0.16644085853560275, 0.1664408585328615, 0.1664408585322471, 0.1664408585322319, 0.16644085853222712]}, "7": {"maxiter": 100, "gtol": 1e-10, "xrtol": 1e-10, "eps": 1e-10, "duration": 0.059751033782958984, "fun": "0.1664408585046473", "jac": "[0.00000000e+00 0.00000000e+00 1.11022293e-06 2.22044587e-06\n 2.22044587e-06 2.22044587e-06]", "hess_inv": "[[  3.82561057  -1.13230734   3.38700916   2.29738833   3.47418543\n   -2.47373069]\n [ -1.13230734  10.17147869 -12.3033117   -3.97886666  -5.50869198\n    4.71733658]\n [  3.38700916 -12.3033117   23.41322761   9.08486462  13.68673885\n   -9.35455211]\n [  2.29738833  -3.97886666   9.08486462   7.35961286   5.64884309\n   -3.58282252]\n [  3.47418543  -5.50869198  13.68673885   5.64884309  13.44090545\n   -9.93903159]\n [ -2.47373069   4.71733658  -9.35455211  -3.58282252  -9.93903159\n    9.28034277]]", "nfev": "336", "njev": "48", "status": "0", "success": "True", "message": "Optimization terminated successfully.", "x": "[ 6.90676024  7.81210193  5.07709201  1.01173226  0.86253757 -0.8726733 ]", "nit": "32", "callback": [0.932503348135688, 0.9123881443990924, 0.7744085761631679, 0.7521462067046399, 0.7093953208017661, 0.6351232068450527, 0.5597486761143651, 0.5265862781233568, 0.4797906936131432, 0.4396273722450216, 0.41337893602562625, 0.36793660141805684, 0.2923089322812016, 0.21378359866781316, 0.17981643285731885, 0.1727876409470741, 0.17146290259847918, 0.17077169595422814, 0.1696411131188349, 0.16802199986024613, 0.16706411898657458, 0.16665729003287888, 0.16650551053066986, 0.16645690503283728, 0.16644283937337767, 0.16644096537069042, 0.16644086363308608, 0.1664408585719077, 0.16644085855590807, 0.16644085852331925, 0.1664408585046473, 0.1664408585046473]}, "8": {"maxiter": 500, "gtol": 1e-05, "xrtol": 1e-05, "eps": 1e-05, "duration": 0.04478311538696289, "fun": "0.16644085869567005", "jac": "[-1.75051085e-06 -3.64575037e-07  3.04039016e-06 -1.73281389e-06\n  1.61349822e-06 -4.47308857e-06]", "hess_inv": "[[  2.75225412  -1.11603504   1.61134709   0.7327977    1.3423084\n   -0.8263926 ]\n [ -1.11603504  11.15218628 -10.93502007  -4.43280336  -2.97343292\n    2.40070059]\n [  1.61134709 -10.93502007  14.02449373   5.7746041    3.80267051\n   -2.18291566]\n [  0.7327977   -4.43280336   5.7746041    5.45831102   1.01390156\n   -0.11955244]\n [  1.3423084   -2.97343292   3.80267051   1.01390156   5.02881361\n   -3.02331022]\n [ -0.8263926    2.40070059  -2.18291566  -0.11955244  -3.02331022\n    5.06817236]]", "nfev": "252", "njev": "36", "status": "0", "success": "True", "message": "Optimization terminated successfully.", "x": "[ 6.90675119  7.81207482  5.077119    1.01171852  0.86256088 -0.87271537]", "nit": "28", "callback": [0.9325030934916605, 0.9123879746695489, 0.7743646844472745, 0.7521020101010145, 0.7093513031952113, 0.635083916721408, 0.5597289407622424, 0.5265672324555517, 0.4797724053948562, 0.4395981423063363, 0.41336311771125156, 0.36793444329750946, 0.2923169863559473, 0.21377851210675847, 0.1798206849806694, 0.17279211964445151, 0.1714661467424129, 0.17077483155145834, 0.16964357415456066, 0.16802305334046075, 0.16706516639413405, 0.1666585838034812, 0.16650566585481918, 0.16645696428016032, 0.1664428350844689, 0.16644096643391038, 0.1664408638678443, 0.16644085869567005]}, "9": {"maxiter": 500, "gtol": 1e-05, "xrtol": 1e-05, "eps": 1e-10, "duration": 0.044754981994628906, "fun": "0.1664408585719077", "jac": "[-2.22044587e-06  4.44089173e-06  2.22044587e-06 -4.44089173e-06\n  2.22044587e-06 -2.22044587e-06]", "hess_inv": "[[  2.74397299  -1.12143255   1.61346113   0.7660384    1.37352546\n   -0.82845851]\n [ -1.12143255  11.23399824 -11.01169829  -4.54200334  -3.06413427\n    2.42057938]\n [  1.61346113 -11.01169829  14.0926433    5.88508354   3.90064272\n   -2.20441512]\n [  0.7660384   -4.54200334   5.88508354   5.58294364   1.08506751\n   -0.1345589 ]\n [  1.37352546  -3.06413427   3.90064272   1.08506751   5.07859246\n   -3.0508362 ]\n [ -0.82845851   2.42057938  -2.20441512  -0.1345589   -3.0508362\n    5.0830001 ]]", "nfev": "252", "njev": "36", "status": "0", "success": "True", "message": "Optimization terminated successfully.", "x": "[ 6.90674739  7.81211056  5.07709386  1.01170976  0.86254732 -0.87268863]", "nit": "28", "callback": [0.932503348135688, 0.9123881443990924, 0.7744085761631679, 0.7521462067046399, 0.7093953208017661, 0.6351232068450527, 0.5597486761143651, 0.5265862781233568, 0.4797906936131432, 0.4396273722450216, 0.41337893602562625, 0.36793660141805684, 0.2923089322812016, 0.21378359866781316, 0.17981643285731885, 0.1727876409470741, 0.17146290259847918, 0.17077169595422814, 0.1696411131188349, 0.16802199986024613, 0.16706411898657458, 0.16665729003287888, 0.16650551053066986, 0.16645690503283728, 0.16644283937337767, 0.16644096537069042, 0.16644086363308608, 0.1664408585719077]}, "10": {"maxiter": 500, "gtol": 1e-05, "xrtol": 1e-10, "eps": 1e-05, "duration": 0.04567718505859375, "fun": "0.16644085869567005", "jac": "[-1.75051085e-06 -3.64575037e-07  3.04039016e-06 -1.73281389e-06\n  1.61349822e-06 -4.47308857e-06]", "hess_inv": "[[  2.75225412  -1.11603504   1.61134709   0.7327977    1.3423084\n   -0.8263926 ]\n [ -1.11603504  11.15218628 -10.93502007  -4.43280336  -2.97343292\n    2.40070059]\n [  1.61134709 -10.93502007  14.02449373   5.7746041    3.80267051\n   -2.18291566]\n [  0.7327977   -4.43280336   5.7746041    5.45831102   1.01390156\n   -0.11955244]\n [  1.3423084   -2.97343292   3.80267051   1.01390156   5.02881361\n   -3.02331022]\n [ 