{"date": "2024/09/24/, 17:55:51", "conf_id": 14, "data_type": "random\n", "num_data_points": 1, "s_rank": 0, "unitary": "[[-0.24866696+0.58742286j,-0.44704345-0.43151574j,-0.35669027-0.20570733j,-0.10517633+0.1626036j],[0.10596805-0.19687975j,-0.30269685-0.15056416j,0.18246286+0.30440582j,-0.83484447-0.11310748j],[0.26054512-0.52548482j,0.0285017-0.50723956j,-0.43110112+0.17165838j,0.15243271+0.39915801j],[0.42978035+0.11991271j,-0.17224126-0.46030424j,0.6827807-0.15164662j,0.26483638+0.0061855j]]", "databatch_0": {"databatch": "[[[0.15169572-0.09500404j,0.04355583+0.05107387j,-0.1302028+0.01970885j,-0.04737121+0.06704456j],[0.11428584-0.13513436j,0.05028393+0.08793043j,-0.09232017-0.00222247j,-0.07440784+0.08119812j],[-0.65663537-0.21386257j,0.2183777-0.37342643j,0.27817202+0.12417652j,0.13061599+0.12095881j],[0.23683184+0.08193342j,0.03608788+0.05901949j,-0.1232546-0.01767372j,-0.03685959-0.06443045j]]]", "initial param values": "[2.01167083,2.25016539,4.85429598,3.50394457,4.65237683,5.80032217]", "nelder_mead": {"type": "gradient-free", "0": {"maxiter": 100, "fatol": 1e-05, "xatol": 1e-05, "duration": 0.028152942657470703, "fun": "0.11179967628731236", "nit": "100", "nfev": "149", "status": "2", "success": "False", "message": "Maximum number of iterations has been exceeded.", "x": "[4.43656566 2.08691401 3.72774758 4.86197093 5.46565134 5.04630084]", "final_simplex": "(array([[4.43656566, 2.08691401, 3.72774758, 4.86197093, 5.46565134,\n        5.04630084],\n       [4.8627993 , 2.17597776, 3.70626218, 4.95688229, 5.50837105,\n        4.84512112],\n       [4.54290412, 1.98840681, 3.87501468, 4.93038999, 5.48027073,\n        5.32063305],\n       [4.29625429, 1.95801299, 3.85515895, 4.79542754, 5.58642407,\n        5.16339716],\n       [4.72572597, 1.94956394, 3.66394009, 5.03308808, 5.44911031,\n        5.09436121],\n       [4.76027118, 2.13961202, 3.47229555, 5.02843447, 5.8248888 ,\n        4.73686205],\n       [4.58408263, 1.96590397, 3.94388532, 5.09363615, 5.39789403,\n        4.85376497]]), array([0.11179968, 0.11454197, 0.11936288, 0.12634799, 0.127129  ,\n       0.12960056, 0.1332123 ]))", "callback": [0.6767294410090476, 0.567070209947613, 0.4005975337949258, 0.3514295467163858, 0.2945792712726394, 0.2711131306463441, 0.2556406536900314, 0.23001922633408423, 0.1844364705016276, 0.12712899688280033]}, "1": {"maxiter": 100, "fatol": 1e-05, "xatol": 1e-10, "duration": 0.02840876579284668, "fun": "0.11179967628731236", "nit": "100", "nfev": "149", "status": "2", "success": "False", "message": "Maximum number of iterations has been exceeded.", "x": "[4.43656566 2.08691401 3.72774758 4.86197093 5.46565134 5.04630084]", "final_simplex": "(array([[4.43656566, 2.08691401, 3.72774758, 4.86197093, 5.46565134,\n        5.04630084],\n       [4.8627993 , 2.17597776, 3.70626218, 4.95688229, 5.50837105,\n        4.84512112],\n       [4.54290412, 1.98840681, 3.87501468, 4.93038999, 5.48027073,\n        5.32063305],\n       [4.29625429, 1.95801299, 3.85515895, 4.79542754, 5.58642407,\n        5.16339716],\n       [4.72572597, 1.94956394, 3.66394009, 5.03308808, 5.44911031,\n        5.09436121],\n       [4.76027118, 2.13961202, 3.47229555, 5.02843447, 5.8248888 ,\n        4.73686205],\n       [4.58408263, 1.96590397, 3.94388532, 5.09363615, 5.39789403,\n        4.85376497]]), array([0.11179968, 0.11454197, 0.11936288, 0.12634799, 0.127129  ,\n       0.12960056, 0.1332123 ]))", "callback": [0.6767294410090476, 0.567070209947613, 0.4005975337949258, 0.3514295467163858, 0.2945792712726394, 0.2711131306463441, 0.2556406536900314, 0.23001922633408423, 0.1844364705016276, 0.12712899688280033]}, "2": {"maxiter": 100, "fatol": 1e-10, "xatol": 1e-05, "duration": 0.027058839797973633, "fun": "0.11179967628731236", "nit": "100", "nfev": "149", "status": "2", "success": "False", "message": "Maximum number of iterations has been exceeded.", "x": "[4.43656566 2.08691401 3.72774758 4.86197093 5.46565134 5.04630084]", "final_simplex": "(array([[4.43656566, 2.08691401, 3.72774758, 4.86197093, 5.46565134,\n        5.04630084],\n       [4.8627993 , 2.17597776, 3.70626218, 4.95688229, 5.50837105,\n        4.84512112],\n       [4.54290412, 1.98840681, 3.87501468, 4.93038999, 5.48027073,\n        5.32063305],\n       [4.29625429, 1.95801299, 3.85515895, 4.79542754, 5.58642407,\n        5.16339716],\n       [4.72572597, 1.94956394, 3.66394009, 5.03308808, 5.44911031,\n        5.09436121],\n       [4.76027118, 2.13961202, 3.47229555, 5.02843447, 5.8248888 ,\n        4.73686205],\n       [4.58408263, 1.96590397, 3.94388532, 5.09363615, 5.39789403,\n        4.85376497]]), array([0.11179968, 0.11454197, 0.11936288, 0.12634799, 0.127129  ,\n       0.12960056, 0.1332123 ]))", "callback": [0.6767294410090476, 0.567070209947613, 0.4005975337949258, 0.3514295467163858, 0.2945792712726394, 0.2711131306463441, 0.2556406536900314, 0.23001922633408423, 0.1844364705016276, 0.12712899688280033]}, "3": {"maxiter": 100, "fatol": 1e-10, "xatol": 1e-10, "duration": 0.02646183967590332, "fun": "0.11179967628731236", "nit": "100", "nfev": "149", "status": "2", "success": "False", "message": "Maximum number of iterations has been exceeded.", "x": "[4.43656566 2.08691401 3.72774758 4.86197093 5.46565134 5.04630084]", "final_simplex": "(array([[4.43656566, 2.08691401, 3.72774758, 4.86197093, 5.46565134,\n        5.04630084],\n       [4.8627993 , 2.17597776, 3.70626218, 4.95688229, 5.50837105,\n        4.84512112],\n       [4.54290412, 1.98840681, 3.87501468, 4.93038999, 5.48027073,\n        5.32063305],\n       [4.29625429, 1.95801299, 3.85515895, 4.79542754, 5.58642407,\n        5.16339716],\n       [4.72572597, 1.94956394, 3.66394009, 5.03308808, 5.44911031,\n        5.09436121],\n       [4.76027118, 2.13961202, 3.47229555, 5.02843447, 5.8248888 ,\n        4.73686205],\n       [4.58408263, 1.96590397, 3.94388532, 5.09363615, 5.39789403,\n        4.85376497]]), array([0.11179968, 0.11454197, 0.11936288, 0.12634799, 0.127129  ,\n       0.12960056, 0.1332123 ]))", "callback": [0.6767294410090476, 0.567070209947613, 0.4005975337949258, 0.3514295467163858, 0.2945792712726394, 0.2711131306463441, 0.2556406536900314, 0.23001922633408423, 0.1844364705016276, 0.12712899688280033]}, "4": {"maxiter": 500, "fatol": 1e-05, "xatol": 1e-05, "duration": 0.127777099609375, "fun": "0.04371551175730026", "nit": "470", "nfev": "735", "status": "0", "success": "True", "message": "Optimization terminated successfully.", "x": "[4.68729101 2.92829933 0.92988216 4.4960117  4.73948285 2.30366225]", "final_simplex": "(array([[4.68729101, 2.92829933, 0.92988216, 4.4960117 , 4.73948285,\n        2.30366225],\n       [4.68729348, 2.92829581, 0.92989048, 4.49600871, 4.73948356,\n        2.30367027],\n       [4.68729111, 2.92829866, 0.92987765, 4.49601414, 4.73947983,\n        2.30365681],\n       [4.68729625, 2.92829713, 0.92988815, 4.49601163, 4.73948362,\n        2.303667  ],\n       [4.68729307, 2.92829857, 0.92988467, 4.49601239, 4.73948403,\n        2.30367055],\n       [4.68729294, 2.9282954 , 0.92988857, 4.49601236, 4.73948421,\n        2.30366723],\n       [4.68729021, 2.92829446, 0.92987938, 4.49601109, 4.7394843 ,\n        2.30366245]]), array([0.04371551, 0.04371551, 0.04371551, 0.04371551, 0.04371551,\n       0.04371551, 0.04371551]))", "callback": [0.6767294410090476, 0.567070209947613, 0.4005975337949258, 0.3514295467163858, 0.2945792712726394, 0.2711131306463441, 0.2556406536900314, 0.23001922633408423, 0.1844364705016276, 0.12712899688280033, 0.11179967628731236, 0.10357944863512947, 0.10012565327314449, 0.09892020556406123, 0.0979851256772688, 0.09516323772429014, 0.08763254682803323, 0.08522063221285925, 0.08173916270346582, 0.06982851798673695, 0.06243746276742479, 0.05945769309778215, 0.057662833167247296, 0.05702470496948253, 0.05630686985810485, 0.05541066052861132, 0.05196854641440707, 0.05054337169670964, 0.047446644362537094, 0.04600257829221399, 0.045270951619925226, 0.04434639488978209, 0.0441633774377862, 0.04391052819483687, 0.04376458057265853, 0.04375080805285414, 0.04372738059333392, 0.043720949205160675, 0.04371661469461963, 0.04371597884270684, 0.04371558515895413, 0.04371551989215017, 0.043715513782551674, 0.04371551239181393, 0.04371551184624167, 0.043715511770399784, 0.043715511761554304]}, "5": {"maxiter": 500, "fatol": 1e-05, "xatol": 1e-10, "duration": 0.14138174057006836, "fun": "0.04371551175615196", "nit": "500", "nfev": "787", "status": "2", "success": "False", "message": "Maximum number of iterations has been exceeded.", "x": "[4.68729164 2.92829753 0.9298817  4.4960124  4.73948262 2.3036645 ]", "final_simplex": "(array([[4.68729164, 2.92829753, 0.9298817 , 4.4960124 , 4.73948262,\n        2.3036645 ],\n       [4.68729158, 2.92829766, 0.92988175, 4.49601243, 4.73948242,\n        2.30366342],\n       [4.68729161, 2.92829791, 0.92988144, 4.49601251, 4.73948246,\n        2.30366356],\n       [4.68729169, 2.92829773, 0.92988223, 4.49601239, 4.73948276,\n        2.30366421],\n       [4.68729128, 2.92829761, 0.92988136, 4.49601245, 4.73948263,\n        2.30366327],\n       [4.68729096, 2.92829797, 0.92988052, 4.49601276, 4.7394824 ,\n        2.30366279],\n       [4.68729171, 2.92829788, 0.92988103, 4.49601292, 4.73948247,\n        2.30366293]]), array([0.04371551, 0.04371551, 0.04371551, 0.04371551, 0.04371551,\n       0.04371551, 0.04371551]))", "callback": [0.6767294410090476, 0.567070209947613, 0.4005975337949258, 0.3514295467163858, 0.2945792712726394, 0.2711131306463441, 0.2556406536900314, 0.23001922633408423, 0.1844364705016276, 0.12712899688280033, 0.11179967628731236, 0.10357944863512947, 0.10012565327314449, 0.09892020556406123, 0.0979851256772688, 0.09516323772429014, 0.08763254682803323, 0.08522063221285925, 0.08173916270346582, 0.06982851798673695, 0.06243746276742479, 0.05945769309778215, 0.057662833167247296, 0.05702470496948253, 0.05630686985810485, 0.05541066052861132, 0.05196854641440707, 0.05054337169670964, 0.047446644362537094, 0.04600257829221399, 0.045270951619925226, 0.04434639488978209, 0.0441633774377862, 0.04391052819483687, 0.04376458057265853, 0.04375080805285414, 0.04372738059333392, 0.043720949205160675, 0.04371661469461963, 0.04371597884270684, 0.04371558515895413, 0.04371551989215017, 0.043715513782551674, 0.04371551239181393, 0.04371551184624167, 0.043715511770399784, 0.043715511761554304, 0.04371551175707289, 0.04371551175624544, 0.04371551175622146]}, "6": {"maxiter": 500, "fatol": 1e-10, "xatol": 1e-05, "duration": 0.12740421295166016, "fun": "0.04371551175730026", "nit": "470", "nfev": "735", "status": "0", "success": "True", "message": "Optimization terminated successfully.", "x": "[4.68729101 2.92829933 0.92988216 4.4960117  4.73948285 2.30366225]", "final_simplex": "(array([[4.68729101, 2.92829933, 0.92988216, 4.4960117 , 4.73948285,\n        2.30366225],\n       [4.68729348, 2.92829581, 0.92989048, 4.49600871, 4.73948356,\n        2.30367027],\n       [4.68729111, 2.92829866, 0.92987765, 4.49601414, 4.73947983,\n        2.30365681],\n       [4.68729625, 2.92829713, 0.92988815, 4.49601163, 4.73948362,\n        2.303667  ],\n       [4.68729307, 2.92829857, 0.92988467, 4.49601239, 4.73948403,\n        2.30367055],\n       [4.68729294, 2.9282954 , 0.92988857, 4.49601236, 4.73948421,\n        2.30366723],\n       [4.68729021, 2.92829446, 0.92987938, 4.49601109, 4.7394843 ,\n        2.30366245]]), array([0.04371551, 0.04371551, 0.04371551, 0.04371551, 0.04371551,\n       0.04371551, 0.04371551]))", "callback": [0.6767294410090476, 0.567070209947613, 0.4005975337949258, 0.3514295467163858, 0.2945792712726394, 0.2711131306463441, 0.2556406536900314, 0.23001922633408423, 0.1844364705016276, 0.12712899688280033, 0.11179967628731236, 0.10357944863512947, 0.10012565327314449, 0.09892020556406123, 0.0979851256772688, 0.09516323772429014, 0.08763254682803323, 0.08522063221285925, 0.08173916270346582, 0.06982851798673695, 0.06243746276742479, 0.05945769309778215, 0.057662833167247296, 0.05702470496948253, 0.05630686985810485, 0.05541066052861132, 0.05196854641440707, 0.05054337169670964, 0.047446644362537094, 0.04600257829221399, 0.045270951619925226, 0.04434639488978209, 0.0441633774377862, 0.04391052819483687, 0.04376458057265853, 0.04375080805285414, 0.04372738059333392, 0.043720949205160675, 0.04371661469461963, 0.04371597884270684, 0.04371558515895413, 0.04371551989215017, 0.043715513782551674, 0.04371551239181393, 0.04371551184624167, 0.043715511770399784, 0.043715511761554304]}, "7": {"maxiter": 500, "fatol": 1e-10, "xatol": 1e-10, "duration": 0.13986802101135254, "fun": "0.04371551175615196", "nit": "500", "nfev": "787", "status": "2", "success": "False", "message": "Maximum number of iterations has been exceeded.", "x": "[4.68729164 2.92829753 0.9298817  4.4960124  4.73948262 2.3036645 ]", "final_simplex": "(array([[4.68729164, 2.92829753, 0.9298817 , 4.4960124 , 4.73948262,\n        2.3036645 ],\n       [4.68729158, 2.92829766, 0.92988175, 4.49601243, 4.73948242,\n        2.30366342],\n       [4.68729161, 2.92829791, 0.92988144, 4.49601251, 4.73948246,\n        2.30366356],\n       [4.68729169, 2.92829773, 0.92988223, 4.49601239, 4.73948276,\n        2.30366421],\n       [4.68729128, 2.92829761, 0.92988136, 4.49601245, 4.73948263,\n        2.30366327],\n       [4.68729096, 2.92829797, 0.92988052, 4.49601276, 4.7394824 ,\n        2.30366279],\n       [4.68729171, 2.92829788, 0.92988103, 4.49601292, 4.73948247,\n        2.30366293]]), array([0.04371551, 0.04371551, 0.04371551, 0.04371551, 0.04371551,\n       0.04371551, 0.04371551]))", "callback": [0.6767294410090476, 0.567070209947613, 0.4005975337949258, 0.3514295467163858, 0.2945792712726394, 0.2711131306463441, 0.2556406536900314, 0.23001922633408423, 0.1844364705016276, 0.12712899688280033, 0.11179967628731236, 0.10357944863512947, 0.10012565327314449, 0.09892020556406123, 0.0979851256772688, 0.09516323772429014, 0.08763254682803323, 0.08522063221285925, 0.08173916270346582, 0.06982851798673695, 0.06243746276742479, 0.05945769309778215, 0.057662833167247296, 0.05702470496948253, 0.05630686985810485, 0.05541066052861132, 0.05196854641440707, 0.05054337169670964, 0.047446644362537094, 0.04600257829221399, 0.045270951619925226, 0.04434639488978209, 0.0441633774377862, 0.04391052819483687, 0.04376458057265853, 0.04375080805285414, 0.04372738059333392, 0.043720949205160675, 0.04371661469461963, 0.04371597884270684, 0.04371558515895413, 0.04371551989215017, 0.043715513782551674, 0.04371551239181393, 0.04371551184624167, 0.043715511770399784, 0.043715511761554304, 0.04371551175707289, 0.04371551175624544, 0.04371551175622146]}, "8": {"maxiter": 1000, "fatol": 1e-05, "xatol": 1e-05, "duration": 0.13010787963867188, "fun": "0.04371551175730026", "nit": "470", "nfev": "735", "status": "0", "success": "True", "message": "Optimization terminated successfully.", "x": "[4.68729101 2.92829933 0.92988216 4.4960117  4.73948285 2.30366225]", "final_simplex": "(array([[4.68729101, 2.92829933, 0.92988216, 4.4960117 , 4.73948285,\n        2.30366225],\n       [4.68729348, 2.92829581, 0.92989048, 4.49600871, 4.73948356,\n        2.30367027],\n       [4.68729111, 2.92829866, 0.92987765, 4.49601414, 4.73947983,\n        2.30365681],\n       [4.68729625, 2.92829713, 0.92988815, 4.49601163, 4.73948362,\n        2.303667  ],\n       [4.68729307, 2.92829857, 0.92988467, 4.49601239, 4.73948403,\n        2.30367055],\n       [4.68729294, 2.9282954 , 0.92988857, 4.49601236, 4.73948421,\n        2.30366723],\n       [4.68729021, 2.92829446, 0.92987938, 4.49601109, 4.7394843 ,\n        2.30366245]]), array([0.04371551, 0.04371551, 0.04371551, 0.04371551, 0.04371551,\n       0.04371551, 0.04371551]))", "callback": [0.6767294410090476, 0.567070209947613, 0.4005975337949258, 0.3514295467163858, 0.2945792712726394, 0.2711131306463441, 0.2556406536900314, 0.23001922633408423, 0.1844364705016276, 0.12712899688280033, 0.11179967628731236, 0.10357944863512947, 0.10012565327314449, 0.09892020556406123, 0.0979851256772688, 0.09516323772429014, 0.08763254682803323, 0.08522063221285925, 0.08173916270346582, 0.06982851798673695, 0.06243746276742479, 0.05945769309778215, 0.057662833167247296, 0.05702470496948253, 0.05630686985810485, 0.05541066052861132, 0.05196854641440707, 0.05054337169670964, 0.047446644362537094, 0.04600257829221399, 0.045270951619925226, 0.04434639488978209, 0.0441633774377862, 0.04391052819483687, 0.04376458057265853, 0.04375080805285414, 0.04372738059333392, 0.043720949205160675, 0.04371661469461963, 0.04371597884270684, 0.04371558515895413, 0.04371551989215017, 0.043715513782551674, 0.04371551239181393, 0.04371551184624167, 0.043715511770399784, 0.043715511761554304]}, "9": {"maxiter": 1000, "fatol": 1e-05, "xatol": 1e-10, "duration": 0.1676480770111084, "fun": "0.043715511756128755", "nit": "575", "nfev": "963", "status": "0", "success": "True", "message": "Optimization terminated successfully.", "x": "[4.68729157 2.92829746 0.92988155 4.49601224 4.73948249 2.30366408]", "final_simplex": "(array([[4.68729157, 2.92829746, 0.92988155, 4.49601224, 4.73948249,\n        2.30366408],\n       [4.68729157, 2.92829746, 0.92988155, 4.49601224, 4.73948249,\n        2.30366408],\n       [4.68729157, 2.92829746, 0.92988155, 4.49601224, 4.73948249,\n        2.30366408],\n       [4.68729157, 2.92829746, 0.92988155, 4.49601224, 4.73948249,\n        2.30366408],\n       [4.68729157, 2.92829746, 0.92988155, 4.49601224, 4.73948249,\n        2.30366408],\n       [4.68729157, 2.92829746, 0.92988155, 4.49601224, 4.73948249,\n        2.30366408],\n       [4.68729157, 2.92829746, 0.92988155, 4.49601224, 4.73948249,\n        2.30366408]]), array([0.04371551, 0.04371551, 0.04371551, 0.04371551, 0.04371551,\n       0.04371551, 0.04371551]))", "callback": [0.6767294410090476, 0.567070209947613, 0.4005975337949258, 0.3514295467163858, 0.2945792712726394, 0.2711131306463441, 0.2556406536900314, 0.23001922633408423, 0.1844364705016276, 0.12712899688280033, 0.11179967628731236, 0.10357944863512947, 0.10012565327314449, 0.09892020556406123, 0.0979851256772688, 0.09516323772429014, 0.08763254682803323, 0.08522063221285925, 0.08173916270346582, 0.06982851798673695, 0.06243746276742479, 0.05945769309778215, 0.057662833167247296, 0.05702470496948253, 0.05630686985810485, 0.05541066052861132, 0.05196854641440707, 0.05054337169670964, 0.047446644362537094, 0.04600257829221399, 0.045270951619925226, 0.04434639488978209, 0.0441633774377862, 0.04391052819483687, 0.04376458057265853, 0.04375080805285414, 0.04372738059333392, 0.043720949205160675, 0.04371661469461963, 0.04371597884270684, 0.04371558515895413, 0.04371551989215017, 0.043715513782551674, 0.04371551239181393, 0.04371551184624167, 0.043715511770399784, 0.043715511761554304, 0.04371551175707289, 0.04371551175624544, 0.04371551175622146, 0.04371551175615196, 0.043715511756134195, 0.04371551175613153, 0.043715511756129644, 0.0437155117561292, 0.043715511756128755, 0.043715511756128755, 0.043715511756128755]}, "10": {"maxiter": 1000, "fatol": 1e-10, "xatol": 1e-05, "duration": 0.1278541088104248, "fun": "0.04371551175730026", "nit": "470", "nfev": "735", "status": "0", "success": "True", "message": "Optimization terminated successfully.", "x": "[4.68729101 2.92829933 0.92988216 4.4960117  4.73948285 2.30366225]", "final_simplex": "(array([[4.68729101, 2.92829933, 0.92988216, 4.4960117 , 4.73948285,\n        2.30366225],\n       [4.68729348, 2.92829581, 0.92989048, 4.49600871, 4.73948356,\n        2.30367027],\n       [4.68729111, 2.92829866, 0.92987765, 4.49601414, 4.73947983,\n        2.30365681],\n       [4.68729625, 2.92829713, 0.92988815, 4.49601163, 4.73948362,\n        2.303667  ],\n       [4.68729307, 2.92829857, 0.92988467, 4.49601239, 4.73948403,\n        2.30367055],\n       [4.68729294, 2.9282954 , 0.92988857, 4.49601236, 4.73948421,\n        2.30366723],\n       [4.68729021, 2.92829446, 0.92987938, 4.49601109, 4.7394843 ,\n        2.30366245]]), array([0.04371551, 0.04371551, 0.04371551, 0.04371551, 0.04371551,\n       0.04371551, 0.04371551]))", "callback": [0.6767294410090476, 0.567070209947613, 0.4005975337949258, 0.3514295467163858, 0.2945792712726394, 0.2711131306463441, 0.2556406536900314, 0.23001922633408423, 0.1844364705016276, 0.12712899688280033, 0.11179967628731236, 0.10357944863512947, 0.10012565327314449, 0.09892020556406123, 0.0979851256772688, 0.09516323772429014, 0.08763254682803323, 0.08522063221285925, 0.08173916270346582, 0.06982851798673695, 0.06243746276742479, 0.05945769309778215, 0.057662833167247296, 0.05702470496948253, 0.05630686985810485, 0.05541066052861132, 0.05196854641440707, 0.05054337169670964, 0.047446644362537094, 0.04600257829221399, 0.045270951619925226, 0.04434639488978209, 0.0441633774377862, 0.04391052819483687, 0.04376458057265853, 0.04375080805285414, 0.04372738059333392, 0.043720949205160675, 0.04371661469461963, 0.04371597884270684, 0.04371558515895413, 0.04371551989215017, 0.043715513782551674, 0.04371551239181393, 0.04371551184624167, 0.043715511770399784, 0.043715511761554304]}, "11": {"maxiter": 1000, "fatol": 1e-10, "xatol": 1e-10, "duration": 0.17550086975097656, "fun": "0.043715511756128755", "nit": "575", "nfev": "963", "status": "0", "success": "True", "message": "Optimization terminated successfully.", "x": "[4.68729157 2.92829746 0.92988155 4.49601224 4.73948249 2.30366408]", "final_simplex": "(array([[4.68729157, 2.92829746, 0.92988155, 4.49601224, 4.73948249,\n        2.30366408],\n       [4.68729157, 2.92829746, 0.92988155, 4.49601224, 4.73948249,\n        2.30366408],\n       [4.68729157, 2.92829746, 0.92988155, 4.49601224, 4.73948249,\n        2.30366408],\n       [4.68729157, 2.92829746, 0.92988155, 4.49601224, 4.73948249,\n        2.30366408],\n       [4.68729157, 2.92829746, 0.92988155, 4.49601224, 4.73948249,\n        2.30366408],\n       [4.68729157, 2.92829746, 0.92988155, 4.49601224, 4.73948249,\n        2.30366408],\n       [4.68729157, 2.92829746, 0.92988155, 4.49601224, 4.73948249,\n        2.30366408]]), array([0.04371551, 0.04371551, 0.04371551, 0.04371551, 0.04371551,\n       0.04371551, 0.04371551]))", "callback": [0.6767294410090476, 0.567070209947613, 0.4005975337949258, 0.3514295467163858, 0.2945792712726394, 0.2711131306463441, 0.2556406536900314, 0.23001922633408423, 0.1844364705016276, 0.12712899688280033, 0.11179967628731236, 0.10357944863512947, 0.10012565327314449, 0.09892020556406123, 0.0979851256772688, 0.09516323772429014, 0.08763254682803323, 0.08522063221285925, 0.08173916270346582, 0.06982851798673695, 0.06243746276742479, 0.05945769309778215, 0.057662833167247296, 0.05702470496948253, 0.05630686985810485, 0.05541066052861132, 0.05196854641440707, 0.05054337169670964, 0.047446644362537094, 0.04600257829221399, 0.045270951619925226, 0.04434639488978209, 0.0441633774377862, 0.04391052819483687, 0.04376458057265853, 0.04375080805285414, 0.04372738059333392, 0.043720949205160675, 0.04371661469461963, 0.04371597884270684, 0.04371558515895413, 0.04371551989215017, 0.043715513782551674, 0.04371551239181393, 0.04371551184624167, 0.043715511770399784, 0.043715511761554304, 0.04371551175707289, 0.04371551175624544, 0.04371551175622146, 0.04371551175615196, 0.043715511756134195, 0.04371551175613153, 0.043715511756129644, 0.0437155117561292, 0.043715511756128755, 0.043715511756128755, 0.043715511756128755]}}, "bfgs": {"type": "gradient", "0": {"maxiter": 100, "gtol": 1e-05, "xrtol": 1e-05, "eps": 1e-05, "duration": 0.08033585548400879, "fun": "0.04371551189181222", "jac": "[ 5.09148279e-08 -7.58437757e-07 -3.43658435e-07 -8.02136135e-08\n -3.99058564e-07 -1.65911729e-07]", "hess_inv": "[[  5.68059988  -1.07740245   9.79161335  -2.41454197   2.13643103\n    8.45232422]\n [ -1.07740245   2.80995103  -2.60698284   1.26157954   0.28138352\n   -2.63224891]\n [  9.79161335  -2.60698284  32.0100472  -10.27423253   7.71195405\n   25.1592432 ]\n [ -2.41454197   1.26157954 -10.27423253   6.49449568  -3.06756847\n  -10.45829272]\n [  2.13643103   0.28138352   7.71195405  -3.06756847   4.84609515\n    8.17800668]\n [  8.45232422  -2.63224891  25.1592432  -10.45829272   8.17800668\n   28.86931216]]", "nfev": "245", "njev": "35", "status": "0", "success": "True", "message": "Optimization terminated successfully.", "x": "[4.68726069 2.92829302 7.21299634 4.49602959 4.73945269 8.58678204]", "nit": "31", "callback": [0.49878980461039024, 0.38601209522913005, 0.2851471028547151, 0.14175023818767019, 0.11224763434592044, 0.10531455342302953, 0.09772221127470959, 0.09335243168899998, 0.08979845599014524, 0.08763974546361175, 0.08660930729695338, 0.08600517402646979, 0.08510903625448263, 0.08349384098695434, 0.08060875545992585, 0.07674355812116451, 0.07224614408201979, 0.06441827634517272, 0.0530427916425259, 0.049495590775296194, 0.04745955508564781, 0.04578180606601723, 0.044640293269611275, 0.04389571833129802, 0.043726426322999945, 0.04371789398295656, 0.04371633766396954, 0.04371559228363919, 0.043715517450840236, 0.04371551242970284, 0.04371551189181222]}, "1": {"maxiter": 100, "gtol": 1e-05, "xrtol": 1e-05, "eps": 1e-10, "duration": 0.0446317195892334, "fun": "0.04371551234704829", "jac": "[-2.22044587e-06 -1.11022293e-06  4.44089173e-06 -1.11022293e-06\n -1.11022293e-06  1.11022293e-06]", "hess_inv": "[[ 5.78428375 -1.01318687  9.26066947 -2.58829447  2.17786377  8.21946198]\n [-1.01318687  2.72466786 -2.19748951  1.33078344  0.23003998 -2.46766018]\n [ 9.26066947 -2.19748951 28.30355341 -9.79888189  7.34036675 22.08207065]\n [-2.58829447  1.33078344 -9.79888189  6.39658607 -2.79303322 -9.8377758 ]\n [ 2.17786377  0.23003998  7.34036675 -2.79303322  4.59291614  7.4523349 ]\n [ 8.21946198 -2.46766018 22.08207065 -9.8377758   7.4523349  25.91558482]]", "nfev": "245", "njev": "35", "status": "0", "success": "True", "message": "Optimization terminated successfully.", "x": "[4.6873584  2.92827596 7.21324741 4.49594562 4.73953211 8.5870273 ]", "nit": "31", "callback": [0.4987889612280735, 0.38600996734881354, 0.2851465701623275, 0.1417497299156285, 0.11224647361745177, 0.10531401579951105, 0.0977221440574707, 0.09335242790906273, 0.08979805393068752, 0.08764042451273135, 0.08660935648354862, 0.0860059401776545, 0.08510843509647448, 0.08349241063643176, 0.08060639122948443, 0.0767441072840439, 0.07223730712036114, 0.06439175219084703, 0.05301710885805222, 0.049672859322745566, 0.04754360336843455, 0.04576581332683727, 0.04471182056849332, 0.04390904198641943, 0.04373341483985638, 0.04372706558677564, 0.0437181800436689, 0.043715839923247235, 0.04371558045704649, 0.04371551512639327, 0.04371551234704829]}, "2": {"maxiter": 100, "gtol": 1e-05, "xrtol": 1e-10, "eps": 1e-05, "duration": 0.045671939849853516, "fun": "0.04371551189181222", "jac": "[ 5.09148279e-08 -7.58437757e-07 -3.43658435e-07 -8.02136135e-08\n -3.99058564e-07 -1.65911729e-07]", "hess_inv": "[[  5.68059988  -1.07740245   9.79161335  -2.41454197   2.13643103\n    8.45232422]\n [ -1.07740245   2.80995103  -2.60698284   1.26157954   0.28138352\n   -2.63224891]\n [  9.79161335  -2.60698284  32.0100472  -10.27423253   7.71195405\n   25.1592432 ]\n [ -2.41454197   1.26157954 -10.27423253   6.49449568  -3.06756847\n  -10.45829272]\n [  2.13643103   0.28138352   7.71195405  -3.06756847   4.84609515\n    8.17800668]\n [  8.45232422  -2.63224891  25.1592432  -10.45829272   8.17800668\n   28.86931216]]", "nfev": "245", "njev": "35", "status": "0", "success": "True", "message": "Optimization terminated successfully.", "x": "[4.68726069 2.92829302 7.21299634 4.49602959 4.73945269 8.58678204]", "nit": "31", "callback": [0.49878980461039024, 0.38601209522913005, 0.2851471028547151, 0.14175023818767019, 0.11224763434592044, 0.10531455342302953, 0.09772221127470959, 0.09335243168899998, 0.08979845599014524, 0.08763974546361175, 0.08660930729695338, 0.08600517402646979, 0.08510903625448263, 0.08349384098695434, 0.08060875545992585, 0.07674355812116451, 0.07224614408201979, 0.06441827634517272, 0.0530427916425259, 0.049495590775296194, 0.04745955508564781, 0.04578180606601723, 0.044640293269611275, 0.04389571833129802, 0.043726426322999945, 0.04371789398295656, 0.04371633766396954, 0.04371559228363919, 0.043715517450840236, 0.04371551242970284, 0.04371551189181222]}, "3": {"maxiter": 100, "gtol": 1e-05, "xrtol": 1e-10, "eps": 1e-10, "duration": 0.04455304145812988, "fun": "0.04371551234704829", "jac": "[-2.22044587e-06 -1.11022293e-06  4.44089173e-06 -1.11022293e-06\n -1.11022293e-06  1.11022293e-06]", "hess_inv": "[[ 5.78428375 -1.01318687  9.26066947 -2.58829447  2.17786377  8.21946198]\n [-1.01318687  2.72466786 -2.19748951  1.33078344  0.23003998 -2.46766018]\n [ 9.26066947 -2.19748951 28.30355341 -9.79888189  7.34036675 22.08207065]\n [-2.58829447  1.33078344 -9.79888189  6.39658607 -2.79303322 -9.8377758 ]\n [ 2.17786377  0.23003998  7.34036675 -2.79303322  4.59291614  7.4523349 ]\n [ 8.21946198 -2.46766018 22.08207065 -9.8377758   7.4523349  25.91558482]]", "nfev": "245", "njev": "35", "status": "0", "success": "True", "message": "Optimization terminated successfully.", "x": "[4.6873584  2.92827596 7.21324741 4.49594562 4.73953211 8.5870273 ]", "nit": "31", "callback": [0.4987889612280735, 0.38600996734881354, 0.2851465701623275, 0.1417497299156285, 0.11224647361745177, 0.10531401579951105, 0.0977221440574707, 0.09335242790906273, 0.08979805393068752, 0.08764042451273135, 0.08660935648354862, 0.0860059401776545, 0.08510843509647448, 0.08349241063643176, 0.08060639122948443, 0.0767441072840439, 0.07223730712036114, 0.06439175219084703, 0.05301710885805222, 0.049672859322745566, 0.04754360336843455, 0.04576581332683727, 0.04471182056849332, 0.04390904198641943, 0.04373341483985638, 0.04372706558677564, 0.0437181800436689, 0.043715839923247235, 0.04371558045704649, 0.04371551512639327, 0.04371551234704829]}, "4": {"maxiter": 100, "gtol": 1e-10, "xrtol": 1e-05, "eps": 1e-05, "duration": 0.04414820671081543, "fun": "0.04371551189181222", "jac": "[ 5.09148279e-08 -7.58437757e-07 -3.43658435e-07 -8.02136135e-08\n -3.99058564e-07 -1.65911729e-07]", "hess_inv": "[[  5.68059988  -1.07740245   9.79161335  -2.41454197   2.13643103\n    8.45232422]\n [ -1.07740245   2.80995103  -2.60698284   1.26157954   0.28138352\n   -2.63224891]\n [  9.79161335  -2.60698284  32.0100472  -10.27423253   7.71195405\n   25.1592432 ]\n [ -2.41454197   1.26157954 -10.27423253   6.49449568  -3.06756847\n  -10.45829272]\n [  2.13643103   0.28138352   7.71195405  -3.06756847   4.84609515\n    8.17800668]\n [  8.45232422  -2.63224891  25.1592432  -10.45829272   8.17800668\n   28.86931216]]", "nfev": "245", "njev": "35", "status": "0", "success": "True", "message": "Optimization terminated successfully.", "x": "[4.68726069 2.92829302 7.21299634 4.49602959 4.73945269 8.58678204]", "nit": "31", "callback": [0.49878980461039024, 0.38601209522913005, 0.2851471028547151, 0.14175023818767019, 0.11224763434592044, 0.10531455342302953, 0.09772221127470959, 0.09335243168899998, 0.08979845599014524, 0.08763974546361175, 0.08660930729695338, 0.08600517402646979, 0.08510903625448263, 0.08349384098695434, 0.08060875545992585, 0.07674355812116451, 0.07224614408201979, 0.06441827634517272, 0.0530427916425259, 0.049495590775296194, 0.04745955508564781, 0.04578180606601723, 0.044640293269611275, 0.04389571833129802, 0.043726426322999945, 0.04371789398295656, 0.04371633766396954, 0.04371559228363919, 0.043715517450840236, 0.04371551242970284, 0.04371551189181222]}, "5": {"maxiter": 100, "gtol": 1e-10, "xrtol": 1e-05, "eps": 1e-10, "duration": 0.054885149002075195, "fun": "0.043715511821346476", "jac": "[ 0.00000000e+00 -1.11022293e-06 -2.22044587e-06 -1.11022293e-06\n  2.22044587e-06  4.44089173e-06]", "hess_inv": "[[ 7.18623709 -1.26009109 12.31819975 -3.16784303  2.88416026 10.69897019]\n [-1.26009109  2.67675431 -2.16658024  1.05867198  0.27257525 -2.43446406]\n [12.31819975 -2.16658024 31.43045281 -8.70185794  7.84543061 24.54237062]\n [-3.16784303  1.05867198 -8.70185794  5.25696854 -2.37813237 -9.0415271 ]\n [ 2.88416026  0.27257525  7.84543061 -2.37813237  4.64749277  7.827583  ]\n [10.69897019 -2.43446406 24.54237062 -9.0415271   7.827583   27.95393263]]", "nfev": "308", "njev": "44", "status": "0", "success": "True", "message": "Optimization terminated successfully.", "x": "[4.68730606 2.92828993 7.21310458 4.49599164 4.73949781 8.58690698]", "nit": "33", "callback": [0.4987889612280735, 0.38600996734881354, 0.2851465701623275, 0.1417497299156285, 0.11224647361745177, 0.10531401579951105, 0.0977221440574707, 0.09335242790906273, 0.08979805393068752, 0.08764042451273135, 0.08660935648354862, 0.0860059401776545, 0.08510843509647448, 0.08349241063643176, 0.08060639122948443, 0.0767441072840439, 0.07223730712036114, 0.06439175219084703, 0.05301710885805222, 0.049672859322745566, 0.04754360336843455, 0.04576581332683727, 0.04471182056849332, 0.04390904198641943, 0.04373341483985638, 0.04372706558677564, 0.0437181800436689, 0.043715839923247235, 0.04371558045704649, 0.04371551512639327, 0.04371551234704829, 0.043715511875187185, 0.043715511821346476]}, "6": {"maxiter": 100, "gtol": 1e-10, "xrtol": 1e-10, "eps": 1e-05, "duration": 0.04843902587890625, "fun": "0.04371551184889122", "jac": "[ 1.11022302e-11 -1.11022302e-11  3.33066907e-11  1.11022302e-11\n  5.55111512e-11  2.22044605e-11]", "hess_inv": "[[  6.09640414  -1.06810753  10.12855497  -2.62729492   2.40650826\n    9.03143718]\n [ -1.06810753   2.84470468  -2.87667635   1.33170526   0.21924791\n   -2.78433056]\n [ 10.12855497  -2.87667635  31.28046824 -10.29770056   7.66163814\n   24.87679489]\n [ -2.62729492   1.33170526 -10.29770056   6.58720664  -3.16322053\n  -10.63065814]\n [  2.40650826   0.21924791   7.66163814  -3.16322053   4.94947185\n    8.35332858]\n [  9.03143718  -2.78433056  24.87679489 -10.63065814   8.35332858\n   29.05663205]]", "nfev": "273", "njev": "39", "status": "0", "success": "True", "message": "Optimization terminated successfully.", "x": "[4.68726531 2.92829399 7.2130108  4.49602468 4.73945849 8.58679531]", "nit": "35", "callback": [0.49878980461039024, 0.38601209522913005, 0.2851471028547151, 0.14175023818767019, 0.11224763434592044, 0.10531455342302953, 0.09772221127470959, 0.09335243168899998, 0.08979845599014524, 0.08763974546361175, 0.08660930729695338, 0.08600517402646979, 0.08510903625448263, 0.08349384098695434, 0.08060875545992585, 0.07674355812116451, 0.07224614408201979, 0.06441827634517272, 0.0530427916425259, 0.049495590775296194, 0.04745955508564781, 0.04578180606601723, 0.044640293269611275, 0.04389571833129802, 0.043726426322999945, 0.04371789398295656, 0.04371633766396954, 0.04371559228363919, 0.043715517450840236, 0.04371551242970284, 0.04371551189181222, 0.04371551185017997, 0.04371551184894129, 0.04371551184889155, 0.04371551184889122]}, "7": {"maxiter": 100, "gtol": 1e-10, "xrtol": 1e-10, "eps": 1e-10, "duration": 0.11820721626281738, "fun": "0.04371551177995148", "jac": "[1.11022293e-06 4.44089173e-06 6.66133760e-06 4.44089173e-06\n 3.33066880e-06 3.33066880e-06]", "hess_inv": "[[ 0.76719716 -0.72092669  0.94063011 -0.13362803 -0.26791971 -0.19435401]\n [-0.72092669  1.90806124 -2.15078226  0.48505675  0.25717215 -0.29836705]\n [ 0.94063011 -2.15078226  2.62392901 -0.46531141 -0.40476707  0.13467321]\n [-0.13362803  0.48505675 -0.46531141  0.21576245 -0.01367342 -0.17373812]\n [-0.26791971  0.25717215 -0.40476707 -0.01367342  0.20033481  0.0656704 ]\n [-0.19435401 -0.29836705  0.13467321 -0.17373812  0.0656704   0.40014933]]", "nfev": "663", "njev": "93", "status": "2", "success": "False", "message": "Desired error not necessarily achieved due to precision loss.", "x": "[4.68729212 2.92829561 7.21308995 4.49599786 4.73949181 8.58687585]", "nit": "39", "callback": [0.4987889612280735, 0.38600996734881354, 0.2851465701623275, 0.1417497299156285, 0.11224647361745177, 0.10531401579951105, 0.0977221440574707, 0.09335242790906273, 0.08979805393068752, 0.08764042451273135, 0.08660935648354862, 0.0860059401776545, 0.08510843509647448, 0.08349241063643176, 0.08060639122948443, 0.0767441072840439, 0.07223730712036114, 0.06439175219084703, 0.05301710885805222, 0.049672859322745566, 0.04754360336843455, 0.04576581332683727, 0.04471182056849332, 0.04390904198641943, 0.04373341483985638, 0.04372706558677564, 0.0437181800436689, 0.043715839923247235, 0.04371558045704649, 0.04371551512639327, 0.04371551234704829, 0.043715511875187185, 0.043715511821346476, 0.043715511797176365, 0.04371551179656996, 0.04371551179572175, 0.043715511794524375, 0.04371551178697286, 0.04371551177995148]}, "8": {"maxiter": 500, "gtol": 1e-05, "xrtol": 1e-05, "eps": 1e-05, "duration": 0.04348325729370117, "fun": "0.04371551189181222", "jac": "[ 5.09148279e-08 -7.58437757e-07 -3.43658435e-07 -8.02136135e-08\n -3.99058564e-07 -1.65911729e-07]", "hess_inv": "[[  5.68059988  -1.07740245   9.79161335  -2.41454197   2.13643103\n    8.45232422]\n [ -1.07740245   2.80995103  -2.60698284   1.26157954   0.28138352\n   -2.63224891]\n [  9.79161335  -2.60698284  32.0100472  -10.27423253   7.71195405\n   25.1592432 ]\n [ -2.41454197   1.26157954 -10.27423253   6.49449568  -3.06756847\n  -10.45829272]\n [  2.13643103   0.28138352   7.71195405  -3.06756847   4.84609515\n    8.17800668]\n [  8.45232422  -2.63224891  25.1592432  -10.45829272   8.17800668\n   28.86931216]]", "nfev": "245", "njev": "35", "status": "0", "success": "True", "message": "Optimization terminated successfully.", "x": "[4.68726069 2.92829302 7.21299634 4.49602959 4.73945269 8.58678204]", "nit": "31", "callback": [0.49878980461039024, 0.38601209522913005, 0.2851471028547151, 0.14175023818767019, 0.11224763434592044, 0.10531455342302953, 0.09772221127470959, 0.09335243168899998, 0.08979845599014524, 0.08763974546361175, 0.08660930729695338, 0.08600517402646979, 0.08510903625448263, 0.08349384098695434, 0.08060875545992585, 0.07674355812116451, 0.07224614408201979, 0.06441827634517272, 0.0530427916425259, 0.049495590775296194, 0.04745955508564781, 0.04578180606601723, 0.044640293269611275, 0.04389571833129802, 0.043726426322999945, 0.04371789398295656, 0.04371633766396954, 0.04371559228363919, 0.043715517450840236, 0.04371551242970284, 0.04371551189181222]}, "9": {"maxiter": 500, "gtol": 1e-05, "xrtol": 1e-05, "eps": 1e-10, "duration": 0.04368996620178223, "fun": "0.04371551234704829", "jac": "[-2.22044587e-06 -1.11022293e-06  4.44089173e-06 -1.11022293e-06\n -1.11022293e-06  1.11022293e-06]", "hess_inv": "[[ 5.78428375 -1.01318687  9.26066947 -2.58829447  2.17786377  8.21946198]\n [-1.01318687  2.72466786 -2.19748951  1.33078344  0.23003998 -2.46766018]\n [ 9.26066947 -2.19748951 28.30355341 -9.79888189  7.34036675 22.08207065]\n [-2.58829447  1.33078344 -9.79888189  6.39658607 -2.79303322 -9.8377758 ]\n [ 2.17786377  0.23003998  7.34036675 -2.79303322  4.59291614  7.4523349 ]\n [ 8.21946198 -2.46766018 22.08207065 -9.8377758   7.4523349  25.91558482]]", "nfev": "245", "njev": "35", "status": "0", "success": "True", "message": "Optimization terminated successfully.", "x": "[4.6873584  2.92827596 7.21324741 4.49594562 4.73953211 8.5870273 ]", "nit": "31", "callback": [0.4987889612280735, 0.38600996734881354, 0.2851465701623275, 0.1417497299156285, 0.11224647361745177, 0.10531401579951105, 0.0977221440574707, 0.09335242790906273, 0.08979805393068752, 0.08764042451273135, 0.08660935648354862, 0.0860059401776545, 0.08510843509647448, 0.08349241063643176, 0.08060639122948443, 0.0767441072840439, 0.07223730712036114, 0.06439175219084703, 0.05301710885805222, 0.049672859322745566, 0.04754360336843455, 0.04576581332683727, 0.04471182056849332, 0.04390904198641943, 0.04373341483985638, 0.04372706558677564, 0.0437181800436689, 0.043715839923247235, 0.04371558045704649, 0.04371551512639327, 0.04371551234704829]}, "10": {"maxiter": 500, "gtol": 1e-05, "xrtol": 1e-10, "eps": 1e-05, "duration": 0.044329166412353516, "fun": "0.04371551189181222", "jac": "[ 5.09148279e-08 -7.58437757e-07 -3.43658435e-07 -8.021