{"date": "2024/09/25/, 18:55:57", "conf_id": 296, "data_type": "var_s_rank\n", "num_data_points": 3, "s_rank": 0, "unitary": "[[-0.56303964-0.00798273j,-0.21670212-0.15784972j,-0.06047197-0.73952673j,-0.01438004+0.24552571j],[-0.06976756+0.23474685j,-0.01275565-0.5435098j,-0.02703657-0.08917885j,-0.08210486-0.79311774j],[-0.38559961+0.10714929j,0.5933431-0.2687392j,-0.24060861+0.29149289j,-0.45147719+0.26241743j],[-0.50180421+0.45931857j,-0.11617175+0.44134496j,0.49642745+0.22684508j,-0.08544628-0.15407063j]]", "databatch_0": {"databatch": "[[[-0.29196982-0.24811495j,-0.1409524-0.03604546j,-0.13613331-0.16950996j,0.18777828-0.02026723j],[-0.17337115-0.02429138j,-0.31121608+0.18519762j,0.25754802+0.184028j,-0.23090329+0.12792461j],[-0.12869207+0.02533415j,-0.04379106-0.06088411j,-0.27868726+0.17720863j,-0.06512824+0.22678169j],[-0.21128717+0.20082618j,0.06156038-0.36393471j,-0.0047962-0.00284701j,0.03144508-0.08722529j]],[[0.06209473+0.30018387j,0.15833891+0.1000541j,-0.13197333+0.00958242j,0.13260259+0.1644849j],[0.00485271-0.27375559j,0.05715049-0.05463873j,0.28847873+0.17910185j,0.1683628+0.39038095j],[0.18103703+0.22954817j,-0.33859464-0.09473264j,0.09849959+0.05392646j,-0.12628148+0.10551347j],[0.0286474+0.23303026j,-0.15074317-0.04227608j,-0.19001047+0.0432814j,0.04105254-0.25193552j]],[[-0.01761755+0.20400188j,0.04990124+0.25857459j,-0.03893197+0.15804789j,-0.23223303-0.08967005j],[0.01032815+0.18666514j,0.12542083+0.18023642j,0.23279219-0.42458015j,-0.24721356+0.18285381j],[-0.12461466-0.09643279j,0.09360033-0.39381215j,-0.11420862+0.03122088j,0.06304481-0.00209304j],[-0.04158649+0.01897865j,-0.04823797+0.11150488j,0.18942442-0.09567333j,0.13444665-0.31849997j]]]", "initial param values": "[1.55138186,2.86689973,3.87834386,5.29675101,1.59435342,2.76426991]", "nelder_mead": {"type": "gradient-free", "0": {"maxiter": 100, "fatol": 1e-05, "xatol": 1e-05, "duration": 0.03613710403442383, "fun": "0.609890529677819", "nit": "100", "nfev": "154", "status": "2", "success": "False", "message": "Maximum number of iterations has been exceeded.", "x": "[1.35119025 3.30528755 4.19232193 6.26412081 1.38820091 3.60248425]", "final_simplex": "(array([[1.35119025, 3.30528755, 4.19232193, 6.26412081, 1.38820091,\n        3.60248425],\n       [1.33407938, 3.30494448, 4.19394324, 6.26129444, 1.39417725,\n        3.60871098],\n       [1.34907264, 3.29382029, 4.19179622, 6.25876096, 1.40056814,\n        3.62085485],\n       [1.34235999, 3.34061363, 4.18115988, 6.25303241, 1.39609946,\n        3.5777275 ],\n       [1.34425016, 3.32605687, 4.16606218, 6.26909861, 1.39297644,\n        3.57167072],\n       [1.35660461, 3.29633936, 4.178022  , 6.26456749, 1.39466364,\n        3.61760512],\n       [1.36321072, 3.30887325, 4.1621232 , 6.25436904, 1.39467535,\n        3.57700166]]), array([0.60989053, 0.60990053, 0.60990234, 0.60990346, 0.60991202,\n       0.60991903, 0.60993086]))", "callback": [0.7566813827379055, 0.644720480124404, 0.6432163767154422, 0.6223925093043188, 0.6171346159712936, 0.6139930955713839, 0.6127956043286182, 0.611412208507343, 0.6100316288953238, 0.6099308570965076]}, "1": {"maxiter": 100, "fatol": 1e-05, "xatol": 1e-10, "duration": 0.03471016883850098, "fun": "0.609890529677819", "nit": "100", "nfev": "154", "status": "2", "success": "False", "message": "Maximum number of iterations has been exceeded.", "x": "[1.35119025 3.30528755 4.19232193 6.26412081 1.38820091 3.60248425]", "final_simplex": "(array([[1.35119025, 3.30528755, 4.19232193, 6.26412081, 1.38820091,\n        3.60248425],\n       [1.33407938, 3.30494448, 4.19394324, 6.26129444, 1.39417725,\n        3.60871098],\n       [1.34907264, 3.29382029, 4.19179622, 6.25876096, 1.40056814,\n        3.62085485],\n       [1.34235999, 3.34061363, 4.18115988, 6.25303241, 1.39609946,\n        3.5777275 ],\n       [1.34425016, 3.32605687, 4.16606218, 6.26909861, 1.39297644,\n        3.57167072],\n       [1.35660461, 3.29633936, 4.178022  , 6.26456749, 1.39466364,\n        3.61760512],\n       [1.36321072, 3.30887325, 4.1621232 , 6.25436904, 1.39467535,\n        3.57700166]]), array([0.60989053, 0.60990053, 0.60990234, 0.60990346, 0.60991202,\n       0.60991903, 0.60993086]))", "callback": [0.7566813827379055, 0.644720480124404, 0.6432163767154422, 0.6223925093043188, 0.6171346159712936, 0.6139930955713839, 0.6127956043286182, 0.611412208507343, 0.6100316288953238, 0.6099308570965076]}, "2": {"maxiter": 100, "fatol": 1e-10, "xatol": 1e-05, "duration": 0.034705162048339844, "fun": "0.609890529677819", "nit": "100", "nfev": "154", "status": "2", "success": "False", "message": "Maximum number of iterations has been exceeded.", "x": "[1.35119025 3.30528755 4.19232193 6.26412081 1.38820091 3.60248425]", "final_simplex": "(array([[1.35119025, 3.30528755, 4.19232193, 6.26412081, 1.38820091,\n        3.60248425],\n       [1.33407938, 3.30494448, 4.19394324, 6.26129444, 1.39417725,\n        3.60871098],\n       [1.34907264, 3.29382029, 4.19179622, 6.25876096, 1.40056814,\n        3.62085485],\n       [1.34235999, 3.34061363, 4.18115988, 6.25303241, 1.39609946,\n        3.5777275 ],\n       [1.34425016, 3.32605687, 4.16606218, 6.26909861, 1.39297644,\n        3.57167072],\n       [1.35660461, 3.29633936, 4.178022  , 6.26456749, 1.39466364,\n        3.61760512],\n       [1.36321072, 3.30887325, 4.1621232 , 6.25436904, 1.39467535,\n        3.57700166]]), array([0.60989053, 0.60990053, 0.60990234, 0.60990346, 0.60991202,\n       0.60991903, 0.60993086]))", "callback": [0.7566813827379055, 0.644720480124404, 0.6432163767154422, 0.6223925093043188, 0.6171346159712936, 0.6139930955713839, 0.6127956043286182, 0.611412208507343, 0.6100316288953238, 0.6099308570965076]}, "3": {"maxiter": 100, "fatol": 1e-10, "xatol": 1e-10, "duration": 0.03341817855834961, "fun": "0.609890529677819", "nit": "100", "nfev": "154", "status": "2", "success": "False", "message": "Maximum number of iterations has been exceeded.", "x": "[1.35119025 3.30528755 4.19232193 6.26412081 1.38820091 3.60248425]", "final_simplex": "(array([[1.35119025, 3.30528755, 4.19232193, 6.26412081, 1.38820091,\n        3.60248425],\n       [1.33407938, 3.30494448, 4.19394324, 6.26129444, 1.39417725,\n        3.60871098],\n       [1.34907264, 3.29382029, 4.19179622, 6.25876096, 1.40056814,\n        3.62085485],\n       [1.34235999, 3.34061363, 4.18115988, 6.25303241, 1.39609946,\n        3.5777275 ],\n       [1.34425016, 3.32605687, 4.16606218, 6.26909861, 1.39297644,\n        3.57167072],\n       [1.35660461, 3.29633936, 4.178022  , 6.26456749, 1.39466364,\n        3.61760512],\n       [1.36321072, 3.30887325, 4.1621232 , 6.25436904, 1.39467535,\n        3.57700166]]), array([0.60989053, 0.60990053, 0.60990234, 0.60990346, 0.60991202,\n       0.60991903, 0.60993086]))", "callback": [0.7566813827379055, 0.644720480124404, 0.6432163767154422, 0.6223925093043188, 0.6171346159712936, 0.6139930955713839, 0.6127956043286182, 0.611412208507343, 0.6100316288953238, 0.6099308570965076]}, "4": {"maxiter": 500, "fatol": 1e-05, "xatol": 1e-05, "duration": 0.16889691352844238, "fun": "0.5723658135995935", "nit": "500", "nfev": "775", "status": "2", "success": "False", "message": "Maximum number of iterations has been exceeded.", "x": "[ 1.62859823  3.42741391  4.06143502  5.60605006 -0.15848749  4.94812751]", "final_simplex": "(array([[ 1.62859823,  3.42741391,  4.06143502,  5.60605006, -0.15848749,\n         4.94812751],\n       [ 1.62859815,  3.42741711,  4.06142915,  5.60605545, -0.15849668,\n         4.94814552],\n       [ 1.62861114,  3.42741145,  4.06142929,  5.60604384, -0.15850287,\n         4.94813939],\n       [ 1.62860709,  3.427409  ,  4.06142152,  5.60603945, -0.15848432,\n         4.94812638],\n       [ 1.62859645,  3.4274208 ,  4.06143608,  5.60604997, -0.15851169,\n         4.94814026],\n       [ 1.62860907,  3.42741159,  4.06143592,  5.60603849, -0.15847589,\n         4.94812897],\n       [ 1.62860326,  3.42743797,  4.06142278,  5.60605182, -0.1584913 ,\n         4.94812205]]), array([0.57236581, 0.57236581, 0.57236581, 0.57236581, 0.57236581,\n       0.57236581, 0.57236581]))", "callback": [0.7566813827379055, 0.644720480124404, 0.6432163767154422, 0.6223925093043188, 0.6171346159712936, 0.6139930955713839, 0.6127956043286182, 0.611412208507343, 0.6100316288953238, 0.6099308570965076, 0.6098794072709575, 0.6098448292038037, 0.6098265445500093, 0.6097189695215668, 0.6083011767513242, 0.5983414227936095, 0.5934664425030516, 0.5913247008097926, 0.5900092953906868, 0.5882382469281506, 0.5879341515240848, 0.5870137505804618, 0.5853486083175743, 0.584695691866641, 0.5840840103534024, 0.583296233807175, 0.5817989440257907, 0.5772224668550481, 0.5732552227193952, 0.572579552796983, 0.5725521281588195, 0.5724879421718434, 0.5724730731473004, 0.572469767335219, 0.5724681916786201, 0.5724623090316001, 0.5724522814014359, 0.5724302139731681, 0.5724107239875404, 0.572387028715009, 0.5723768400243854, 0.572369639757295, 0.5723672373866766, 0.5723662192874843, 0.5723658716750526, 0.5723658222160402, 0.5723658174352426, 0.5723658143952164, 0.572365813785763, 0.5723658136149072]}, "5": {"maxiter": 500, "fatol": 1e-05, "xatol": 1e-10, "duration": 0.16912221908569336, "fun": "0.5723658135995935", "nit": "500", "nfev": "775", "status": "2", "success": "False", "message": "Maximum number of iterations has been exceeded.", "x": "[ 1.62859823  3.42741391  4.06143502  5.60605006 -0.15848749  4.94812751]", "final_simplex": "(array([[ 1.62859823,  3.42741391,  4.06143502,  5.60605006, -0.15848749,\n         4.94812751],\n       [ 1.62859815,  3.42741711,  4.06142915,  5.60605545, -0.15849668,\n         4.94814552],\n       [ 1.62861114,  3.42741145,  4.06142929,  5.60604384, -0.15850287,\n         4.94813939],\n       [ 1.62860709,  3.427409  ,  4.06142152,  5.60603945, -0.15848432,\n         4.94812638],\n       [ 1.62859645,  3.4274208 ,  4.06143608,  5.60604997, -0.15851169,\n         4.94814026],\n       [ 1.62860907,  3.42741159,  4.06143592,  5.60603849, -0.15847589,\n         4.94812897],\n       [ 1.62860326,  3.42743797,  4.06142278,  5.60605182, -0.1584913 ,\n         4.94812205]]), array([0.57236581, 0.57236581, 0.57236581, 0.57236581, 0.57236581,\n       0.57236581, 0.57236581]))", "callback": [0.7566813827379055, 0.644720480124404, 0.6432163767154422, 0.6223925093043188, 0.6171346159712936, 0.6139930955713839, 0.6127956043286182, 0.611412208507343, 0.6100316288953238, 0.6099308570965076, 0.6098794072709575, 0.6098448292038037, 0.6098265445500093, 0.6097189695215668, 0.6083011767513242, 0.5983414227936095, 0.5934664425030516, 0.5913247008097926, 0.5900092953906868, 0.5882382469281506, 0.5879341515240848, 0.5870137505804618, 0.5853486083175743, 0.584695691866641, 0.5840840103534024, 0.583296233807175, 0.5817989440257907, 0.5772224668550481, 0.5732552227193952, 0.572579552796983, 0.5725521281588195, 0.5724879421718434, 0.5724730731473004, 0.572469767335219, 0.5724681916786201, 0.5724623090316001, 0.5724522814014359, 0.5724302139731681, 0.5724107239875404, 0.572387028715009, 0.5723768400243854, 0.572369639757295, 0.5723672373866766, 0.5723662192874843, 0.5723658716750526, 0.5723658222160402, 0.5723658174352426, 0.5723658143952164, 0.572365813785763, 0.5723658136149072]}, "6": {"maxiter": 500, "fatol": 1e-10, "xatol": 1e-05, "duration": 0.19149994850158691, "fun": "0.5723658135995935", "nit": "500", "nfev": "775", "status": "2", "success": "False", "message": "Maximum number of iterations has been exceeded.", "x": "[ 1.62859823  3.42741391  4.06143502  5.60605006 -0.15848749  4.94812751]", "final_simplex": "(array([[ 1.62859823,  3.42741391,  4.06143502,  5.60605006, -0.15848749,\n         4.94812751],\n       [ 1.62859815,  3.42741711,  4.06142915,  5.60605545, -0.15849668,\n         4.94814552],\n       [ 1.62861114,  3.42741145,  4.06142929,  5.60604384, -0.15850287,\n         4.94813939],\n       [ 1.62860709,  3.427409  ,  4.06142152,  5.60603945, -0.15848432,\n         4.94812638],\n       [ 1.62859645,  3.4274208 ,  4.06143608,  5.60604997, -0.15851169,\n         4.94814026],\n       [ 1.62860907,  3.42741159,  4.06143592,  5.60603849, -0.15847589,\n         4.94812897],\n       [ 1.62860326,  3.42743797,  4.06142278,  5.60605182, -0.1584913 ,\n         4.94812205]]), array([0.57236581, 0.57236581, 0.57236581, 0.57236581, 0.57236581,\n       0.57236581, 0.57236581]))", "callback": [0.7566813827379055, 0.644720480124404, 0.6432163767154422, 0.6223925093043188, 0.6171346159712936, 0.6139930955713839, 0.6127956043286182, 0.611412208507343, 0.6100316288953238, 0.6099308570965076, 0.6098794072709575, 0.6098448292038037, 0.6098265445500093, 0.6097189695215668, 0.6083011767513242, 0.5983414227936095, 0.5934664425030516, 0.5913247008097926, 0.5900092953906868, 0.5882382469281506, 0.5879341515240848, 0.5870137505804618, 0.5853486083175743, 0.584695691866641, 0.5840840103534024, 0.583296233807175, 0.5817989440257907, 0.5772224668550481, 0.5732552227193952, 0.572579552796983, 0.5725521281588195, 0.5724879421718434, 0.5724730731473004, 0.572469767335219, 0.5724681916786201, 0.5724623090316001, 0.5724522814014359, 0.5724302139731681, 0.5724107239875404, 0.572387028715009, 0.5723768400243854, 0.572369639757295, 0.5723672373866766, 0.5723662192874843, 0.5723658716750526, 0.5723658222160402, 0.5723658174352426, 0.5723658143952164, 0.572365813785763, 0.5723658136149072]}, "7": {"maxiter": 500, "fatol": 1e-10, "xatol": 1e-10, "duration": 0.18312382698059082, "fun": "0.5723658135995935", "nit": "500", "nfev": "775", "status": "2", "success": "False", "message": "Maximum number of iterations has been exceeded.", "x": "[ 1.62859823  3.42741391  4.06143502  5.60605006 -0.15848749  4.94812751]", "final_simplex": "(array([[ 1.62859823,  3.42741391,  4.06143502,  5.60605006, -0.15848749,\n         4.94812751],\n       [ 1.62859815,  3.42741711,  4.06142915,  5.60605545, -0.15849668,\n         4.94814552],\n       [ 1.62861114,  3.42741145,  4.06142929,  5.60604384, -0.15850287,\n         4.94813939],\n       [ 1.62860709,  3.427409  ,  4.06142152,  5.60603945, -0.15848432,\n         4.94812638],\n       [ 1.62859645,  3.4274208 ,  4.06143608,  5.60604997, -0.15851169,\n         4.94814026],\n       [ 1.62860907,  3.42741159,  4.06143592,  5.60603849, -0.15847589,\n         4.94812897],\n       [ 1.62860326,  3.42743797,  4.06142278,  5.60605182, -0.1584913 ,\n         4.94812205]]), array([0.57236581, 0.57236581, 0.57236581, 0.57236581, 0.57236581,\n       0.57236581, 0.57236581]))", "callback": [0.7566813827379055, 0.644720480124404, 0.6432163767154422, 0.6223925093043188, 0.6171346159712936, 0.6139930955713839, 0.6127956043286182, 0.611412208507343, 0.6100316288953238, 0.6099308570965076, 0.6098794072709575, 0.6098448292038037, 0.6098265445500093, 0.6097189695215668, 0.6083011767513242, 0.5983414227936095, 0.5934664425030516, 0.5913247008097926, 0.5900092953906868, 0.5882382469281506, 0.5879341515240848, 0.5870137505804618, 0.5853486083175743, 0.584695691866641, 0.5840840103534024, 0.583296233807175, 0.5817989440257907, 0.5772224668550481, 0.5732552227193952, 0.572579552796983, 0.5725521281588195, 0.5724879421718434, 0.5724730731473004, 0.572469767335219, 0.5724681916786201, 0.5724623090316001, 0.5724522814014359, 0.5724302139731681, 0.5724107239875404, 0.572387028715009, 0.5723768400243854, 0.572369639757295, 0.5723672373866766, 0.5723662192874843, 0.5723658716750526, 0.5723658222160402, 0.5723658174352426, 0.5723658143952164, 0.572365813785763, 0.5723658136149072]}, "8": {"maxiter": 1000, "fatol": 1e-05, "xatol": 1e-05, "duration": 0.19039607048034668, "fun": "0.5723658135908583", "nit": "508", "nfev": "791", "status": "0", "success": "True", "message": "Optimization terminated successfully.", "x": "[ 1.62860064  3.4274168   4.06142987  5.60605111 -0.15849452  4.94813871]", "final_simplex": "(array([[ 1.62860064,  3.4274168 ,  4.06142987,  5.60605111, -0.15849452,\n         4.94813871],\n       [ 1.62860367,  3.42742085,  4.06142836,  5.60604769, -0.15849324,\n         4.94813177],\n       [ 1.6286062 ,  3.42741851,  4.06142708,  5.60604541, -0.15849655,\n         4.94813689],\n       [ 1.6286002 ,  3.42741802,  4.0614326 ,  5.60604841, -0.15850163,\n         4.94813671],\n       [ 1.62860645,  3.42741422,  4.06142988,  5.60604609, -0.15849754,\n         4.9481364 ],\n       [ 1.62860494,  3.42741287,  4.06142625,  5.60604389, -0.15848939,\n         4.94813063],\n       [ 1.62860573,  3.42741398,  4.0614328 ,  5.60604323, -0.15848588,\n         4.94813177]]), array([0.57236581, 0.57236581, 0.57236581, 0.57236581, 0.57236581,\n       0.57236581, 0.57236581]))", "callback": [0.7566813827379055, 0.644720480124404, 0.6432163767154422, 0.6223925093043188, 0.6171346159712936, 0.6139930955713839, 0.6127956043286182, 0.611412208507343, 0.6100316288953238, 0.6099308570965076, 0.6098794072709575, 0.6098448292038037, 0.6098265445500093, 0.6097189695215668, 0.6083011767513242, 0.5983414227936095, 0.5934664425030516, 0.5913247008097926, 0.5900092953906868, 0.5882382469281506, 0.5879341515240848, 0.5870137505804618, 0.5853486083175743, 0.584695691866641, 0.5840840103534024, 0.583296233807175, 0.5817989440257907, 0.5772224668550481, 0.5732552227193952, 0.572579552796983, 0.5725521281588195, 0.5724879421718434, 0.5724730731473004, 0.572469767335219, 0.5724681916786201, 0.5724623090316001, 0.5724522814014359, 0.5724302139731681, 0.5724107239875404, 0.572387028715009, 0.5723768400243854, 0.572369639757295, 0.5723672373866766, 0.5723662192874843, 0.5723658716750526, 0.5723658222160402, 0.5723658174352426, 0.5723658143952164, 0.572365813785763, 0.5723658136149072, 0.5723658135960656]}, "9": {"maxiter": 1000, "fatol": 1e-05, "xatol": 1e-10, "duration": 0.2568948268890381, "fun": "0.5723658135873146", "nit": "623", "nfev": "1033", "status": "0", "success": "True", "message": "Optimization terminated successfully.", "x": "[ 1.62859956  3.42741579  4.06143047  5.60604591 -0.15849641  4.94814002]", "final_simplex": "(array([[ 1.62859956,  3.42741579,  4.06143047,  5.60604591, -0.15849641,\n         4.94814002],\n       [ 1.62859956,  3.42741579,  4.06143047,  5.60604591, -0.15849641,\n         4.94814002],\n       [ 1.62859956,  3.42741579,  4.06143047,  5.60604591, -0.15849641,\n         4.94814002],\n       [ 1.62859956,  3.42741579,  4.06143047,  5.60604591, -0.15849641,\n         4.94814002],\n       [ 1.62859956,  3.42741579,  4.06143047,  5.60604591, -0.15849641,\n         4.94814002],\n       [ 1.62859956,  3.42741579,  4.06143047,  5.60604591, -0.15849641,\n         4.94814002],\n       [ 1.62859956,  3.42741579,  4.06143047,  5.60604591, -0.15849641,\n         4.94814002]]), array([0.57236581, 0.57236581, 0.57236581, 0.57236581, 0.57236581,\n       0.57236581, 0.57236581]))", "callback": [0.7566813827379055, 0.644720480124404, 0.6432163767154422, 0.6223925093043188, 0.6171346159712936, 0.6139930955713839, 0.6127956043286182, 0.611412208507343, 0.6100316288953238, 0.6099308570965076, 0.6098794072709575, 0.6098448292038037, 0.6098265445500093, 0.6097189695215668, 0.6083011767513242, 0.5983414227936095, 0.5934664425030516, 0.5913247008097926, 0.5900092953906868, 0.5882382469281506, 0.5879341515240848, 0.5870137505804618, 0.5853486083175743, 0.584695691866641, 0.5840840103534024, 0.583296233807175, 0.5817989440257907, 0.5772224668550481, 0.5732552227193952, 0.572579552796983, 0.5725521281588195, 0.5724879421718434, 0.5724730731473004, 0.572469767335219, 0.5724681916786201, 0.5724623090316001, 0.5724522814014359, 0.5724302139731681, 0.5724107239875404, 0.572387028715009, 0.5723768400243854, 0.572369639757295, 0.5723672373866766, 0.5723662192874843, 0.5723658716750526, 0.5723658222160402, 0.5723658174352426, 0.5723658143952164, 0.572365813785763, 0.5723658136149072, 0.5723658135960656, 0.5723658135906782, 0.5723658135888248, 0.572365813587721, 0.5723658135874954, 0.5723658135873357, 0.5723658135873262, 0.5723658135873175, 0.5723658135873151, 0.5723658135873149, 0.5723658135873146, 0.5723658135873146, 0.5723658135873146]}, "10": {"maxiter": 1000, "fatol": 1e-10, "xatol": 1e-05, "duration": 0.1874687671661377, "fun": "0.5723658135908583", "nit": "508", "nfev": "791", "status": "0", "success": "True", "message": "Optimization terminated successfully.", "x": "[ 1.62860064  3.4274168   4.06142987  5.60605111 -0.15849452  4.94813871]", "final_simplex": "(array([[ 1.62860064,  3.4274168 ,  4.06142987,  5.60605111, -0.15849452,\n         4.94813871],\n       [ 1.62860367,  3.42742085,  4.06142836,  5.60604769, -0.15849324,\n         4.94813177],\n       [ 1.6286062 ,  3.42741851,  4.06142708,  5.60604541, -0.15849655,\n         4.94813689],\n       [ 1.6286002 ,  3.42741802,  4.0614326 ,  5.60604841, -0.15850163,\n         4.94813671],\n       [ 1.62860645,  3.42741422,  4.06142988,  5.60604609, -0.15849754,\n         4.9481364 ],\n       [ 1.62860494,  3.42741287,  4.06142625,  5.60604389, -0.15848939,\n         4.94813063],\n       [ 1.62860573,  3.42741398,  4.0614328 ,  5.60604323, -0.15848588,\n         4.94813177]]), array([0.57236581, 0.57236581, 0.57236581, 0.57236581, 0.57236581,\n       0.57236581, 0.57236581]))", "callback": [0.7566813827379055, 0.644720480124404, 0.6432163767154422, 0.6223925093043188, 0.6171346159712936, 0.6139930955713839, 0.6127956043286182, 0.611412208507343, 0.6100316288953238, 0.6099308570965076, 0.6098794072709575, 0.6098448292038037, 0.6098265445500093, 0.6097189695215668, 0.6083011767513242, 0.5983414227936095, 0.5934664425030516, 0.5913247008097926, 0.5900092953906868, 0.5882382469281506, 0.5879341515240848, 0.5870137505804618, 0.5853486083175743, 0.584695691866641, 0.5840840103534024, 0.583296233807175, 0.5817989440257907, 0.5772224668550481, 0.5732552227193952, 0.572579552796983, 0.5725521281588195, 0.5724879421718434, 0.5724730731473004, 0.572469767335219, 0.5724681916786201, 0.5724623090316001, 0.5724522814014359, 0.5724302139731681, 0.5724107239875404, 0.572387028715009, 0.5723768400243854, 0.572369639757295, 0.5723672373866766, 0.5723662192874843, 0.5723658716750526, 0.5723658222160402, 0.5723658174352426, 0.5723658143952164, 0.572365813785763, 0.5723658136149072, 0.5723658135960656]}, "11": {"maxiter": 1000, "fatol": 1e-10, "xatol": 1e-10, "duration": 0.24010109901428223, "fun": "0.5723658135873146", "nit": "623", "nfev": "1033", "status": "0", "success": "True", "message": "Optimization terminated successfully.", "x": "[ 1.62859956  3.42741579  4.06143047  5.60604591 -0.15849641  4.94814002]", "final_simplex": "(array([[ 1.62859956,  3.42741579,  4.06143047,  5.60604591, -0.15849641,\n         4.94814002],\n       [ 1.62859956,  3.42741579,  4.06143047,  5.60604591, -0.15849641,\n         4.94814002],\n       [ 1.62859956,  3.42741579,  4.06143047,  5.60604591, -0.15849641,\n         4.94814002],\n       [ 1.62859956,  3.42741579,  4.06143047,  5.60604591, -0.15849641,\n         4.94814002],\n       [ 1.62859956,  3.42741579,  4.06143047,  5.60604591, -0.15849641,\n         4.94814002],\n       [ 1.62859956,  3.42741579,  4.06143047,  5.60604591, -0.15849641,\n         4.94814002],\n       [ 1.62859956,  3.42741579,  4.06143047,  5.60604591, -0.15849641,\n         4.94814002]]), array([0.57236581, 0.57236581, 0.57236581, 0.57236581, 0.57236581,\n       0.57236581, 0.57236581]))", "callback": [0.7566813827379055, 0.644720480124404, 0.6432163767154422, 0.6223925093043188, 0.6171346159712936, 0.6139930955713839, 0.6127956043286182, 0.611412208507343, 0.6100316288953238, 0.6099308570965076, 0.6098794072709575, 0.6098448292038037, 0.6098265445500093, 0.6097189695215668, 0.6083011767513242, 0.5983414227936095, 0.5934664425030516, 0.5913247008097926, 0.5900092953906868, 0.5882382469281506, 0.5879341515240848, 0.5870137505804618, 0.5853486083175743, 0.584695691866641, 0.5840840103534024, 0.583296233807175, 0.5817989440257907, 0.5772224668550481, 0.5732552227193952, 0.572579552796983, 0.5725521281588195, 0.5724879421718434, 0.5724730731473004, 0.572469767335219, 0.5724681916786201, 0.5724623090316001, 0.5724522814014359, 0.5724302139731681, 0.5724107239875404, 0.572387028715009, 0.5723768400243854, 0.572369639757295, 0.5723672373866766, 0.5723662192874843, 0.5723658716750526, 0.5723658222160402, 0.5723658174352426, 0.5723658143952164, 0.572365813785763, 0.5723658136149072, 0.5723658135960656, 0.5723658135906782, 0.5723658135888248, 0.572365813587721, 0.5723658135874954, 0.5723658135873357, 0.5723658135873262, 0.5723658135873175, 0.5723658135873151, 0.5723658135873149, 0.5723658135873146, 0.5723658135873146, 0.5723658135873146]}}, "bfgs": {"type": "gradient", "0": {"maxiter": 100, "gtol": 1e-05, "xrtol": 1e-05, "eps": 1e-05, "duration": 0.05008578300476074, "fun": "0.5723658138447139", "jac": "[-5.94406746e-06  4.59838834e-06  3.90751875e-06 -1.88620231e-06\n  1.45690127e-06  1.43256518e-06]", "hess_inv": "[[ 5.32254215  0.98768697 -0.39803891  1.69496476 -0.35398285 -0.80125043]\n [ 0.98768697 10.54011908 -4.09247932  1.51471014 -2.83949318 -7.24956727]\n [-0.39803891 -4.09247932  7.79981912 -1.47333041  2.62953643  4.77705117]\n [ 1.69496476  1.51471014 -1.47333041  5.54446822 -0.11977523 -2.04559884]\n [-0.35398285 -2.83949318  2.62953643 -0.11977523 13.74309061 -7.37665219]\n [-0.80125043 -7.24956727  4.77705117 -2.04559884 -7.37665219 19.26140781]]", "nfev": "210", "njev": "30", "status": "0", "success": "True", "message": "Optimization terminated successfully.", "x": "[1.62855505 3.42743017 4.06145244 6.96029495 2.98310277 1.80654952]", "nit": "25", "callback": [0.6272737668610024, 0.6177705621904943, 0.61023455122342, 0.6094794523648315, 0.6091597742538921, 0.6067222630411175, 0.6055603333377362, 0.6036447091940538, 0.6006693742075793, 0.5980700817542841, 0.5962683534460946, 0.5931275409894865, 0.5883150322415258, 0.58316973614688, 0.5795871694975723, 0.5767506643136435, 0.5744231210330049, 0.5727391512527127, 0.5724123179634246, 0.5723895119084721, 0.572381290757825, 0.5723701336769944, 0.5723663441779168, 0.5723658369199827, 0.5723658138447139]}, "1": {"maxiter": 100, "gtol": 1e-05, "xrtol": 1e-05, "eps": 1e-10, "duration": 0.04964733123779297, "fun": "0.5723658138575838", "jac": "[-4.44089173e-06  4.44089173e-06  6.66133760e-06  0.00000000e+00\n  2.22044587e-06  0.00000000e+00]", "hess_inv": "[[ 5.33344387  0.98929012 -0.39789888  1.70288239 -0.34455754 -0.82360489]\n [ 0.98929012 10.53748393 -4.09250714  1.51744821 -2.77349589 -7.31108342]\n [-0.39789888 -4.09250714  7.81698557 -1.47625348  2.58394109  4.83233181]\n [ 1.70288239  1.51744821 -1.47625348  5.56497804 -0.07506185 -2.10231992]\n [-0.34455754 -2.77349589  2.58394109 -0.07506185 13.66395407 -7.42951454]\n [-0.82360489 -7.31108342  4.83233181 -2.10231992 -7.42951454 19.48750031]]", "nfev": "210", "njev": "30", "status": "0", "success": "True", "message": "Optimization terminated successfully.", "x": "[1.62856063 3.42742573 4.06146254 6.96028856 2.98310069 1.80655234]", "nit": "25", "callback": [0.6272736077853291, 0.6177704813998772, 0.6102346304894357, 0.6094794303911422, 0.6091596103458494, 0.6067176044918001, 0.6055587692595563, 0.6036509372189289, 0.6006860498650342, 0.5980771510510685, 0.5962853574556561, 0.5931575225405725, 0.588347164774476, 0.5831601433773577, 0.5795733038289674, 0.5767261994735633, 0.5744010864679883, 0.5727796759655235, 0.5724107248494092, 0.572389484227513, 0.5723810545438999, 0.572369898635914, 0.5723663704496262, 0.5723658316594447, 0.5723658138575838]}, "2": {"maxiter": 100, "gtol": 1e-05, "xrtol": 1e-10, "eps": 1e-05, "duration": 0.0486760139465332, "fun": "0.5723658138447139", "jac": "[-5.94406746e-06  4.59838834e-06  3.90751875e-06 -1.88620231e-06\n  1.45690127e-06  1.43256518e-06]", "hess_inv": "[[ 5.32254215  0.98768697 -0.39803891  1.69496476 -0.35398285 -0.80125043]\n [ 0.98768697 10.54011908 -4.09247932  1.51471014 -2.83949318 -7.24956727]\n [-0.39803891 -4.09247932  7.79981912 -1.47333041  2.62953643  4.77705117]\n [ 1.69496476  1.51471014 -1.47333041  5.54446822 -0.11977523 -2.04559884]\n [-0.35398285 -2.83949318  2.62953643 -0.11977523 13.74309061 -7.37665219]\n [-0.80125043 -7.24956727  4.77705117 -2.04559884 -7.37665219 19.26140781]]", "nfev": "210", "njev": "30", "status": "0", "success": "True", "message": "Optimization terminated successfully.", "x": "[1.62855505 3.42743017 4.06145244 6.96029495 2.98310277 1.80654952]", "nit": "25", "callback": [0.6272737668610024, 0.6177705621904943, 0.61023455122342, 0.6094794523648315, 0.6091597742538921, 0.6067222630411175, 0.6055603333377362, 0.6036447091940538, 0.6006693742075793, 0.5980700817542841, 0.5962683534460946, 0.5931275409894865, 0.5883150322415258, 0.58316973614688, 0.5795871694975723, 0.5767506643136435, 0.5744231210330049, 0.5727391512527127, 0.5724123179634246, 0.5723895119084721, 0.572381290757825, 0.5723701336769944, 0.5723663441779168, 0.5723658369199827, 0.5723658138447139]}, "3": {"maxiter": 100, "gtol": 1e-05, "xrtol": 1e-10, "eps": 1e-10, "duration": 0.050523996353149414, "fun": "0.5723658138575838", "jac": "[-4.44089173e-06  4.44089173e-06  6.66133760e-06  0.00000000e+00\n  2.22044587e-06  0.00000000e+00]", "hess_inv": "[[ 5.33344387  0.98929012 -0.39789888  1.70288239 -0.34455754 -0.82360489]\n [ 0.98929012 10.53748393 -4.09250714  1.51744821 -2.77349589 -7.31108342]\n [-0.39789888 -4.09250714  7.81698557 -1.47625348  2.58394109  4.83233181]\n [ 1.70288239  1.51744821 -1.47625348  5.56497804 -0.07506185 -2.10231992]\n [-0.34455754 -2.77349589  2.58394109 -0.07506185 13.66395407 -7.42951454]\n [-0.82360489 -7.31108342  4.83233181 -2.10231992 -7.42951454 19.48750031]]", "nfev": "210", "njev": "30", "status": "0", "success": "True", "message": "Optimization terminated successfully.", "x": "[1.62856063 3.42742573 4.06146254 6.96028856 2.98310069 1.80655234]", "nit": "25", "callback": [0.6272736077853291, 0.6177704813998772, 0.6102346304894357, 0.6094794303911422, 0.6091596103458494, 0.6067176044918001, 0.6055587692595563, 0.6036509372189289, 0.6006860498650342, 0.5980771510510685, 0.5962853574556561, 0.5931575225405725, 0.588347164774476, 0.5831601433773577, 0.5795733038289674, 0.5767261994735633, 0.5744010864679883, 0.5727796759655235, 0.5724107248494092, 0.572389484227513, 0.5723810545438999, 0.572369898635914, 0.5723663704496262, 0.5723658316594447, 0.5723658138575838]}, "4": {"maxiter": 100, "gtol": 1e-10, "xrtol": 1e-05, "eps": 1e-05, "duration": 0.04875016212463379, "fun": "0.5723658136034524", "jac": "[-2.76445533e-07  1.12354570e-08  3.78386211e-07  5.70210545e-08\n -9.65671987e-08 -4.55613325e-07]", "hess_inv": "[[ 5.62108347  0.74439632 -0.53828009  1.81973831 -0.24142771 -0.95814656]\n [ 0.74439632 10.49843307 -3.82246723  1.3012556  -2.64411924 -7.21212746]\n [-0.53828009 -3.82246723  7.76463447 -1.45940436  2.39033985  4.90943509]\n [ 1.81973831  1.3012556  -1.45940436  5.54455126  0.06100116 -2.15329144]\n [-0.24142771 -2.64411924  2.39033985  0.06100116 13.44201576 -7.32761856]\n [-0.95814656 -7.21212746  4.90943509 -2.15329144 -7.32761856 19.30979091]]", "nfev": "217", "njev": "31", "status": "0", "success": "True", "message": "Optimization terminated successfully.", "x": "[1.6285923  3.42741789 4.06142321 6.96031894 2.98309518 1.80653675]", "nit": "26", "callback": [0.6272737668610024, 0.6177705621904943, 0.61023455122342, 0.6094794523648315, 0.6091597742538921, 0.6067222630411175, 0.6055603333377362, 0.6036447091940538, 0.6006693742075793, 0.5980700817542841, 0.5962683534460946, 0.5931275409894865, 0.5883150322415258, 0.58316973614688, 0.5795871694975723, 0.5767506643136435, 0.5744231210330049, 0.5727391512527127, 0.5724123179634246, 0.5723895119084721, 0.572381290757825, 0.5723701336769944, 0.5723663441779168, 0.5723658369199827, 0.5723658138447139, 0.5723658136034524]}, "5": {"maxiter": 100, "gtol": 1e-10, "xrtol": 1e-05, "eps": 1e-10, "duration": 0.05115795135498047, "fun": "0.572365813708033", "jac": "[-2.22044587e-06  0.00000000e+00 -2.22044587e-06 -4.44089173e-06\n -2.22044587e-06 -2.22044587e-06]", "hess_inv": "[[ 5.56864312e+00  7.85760286e-01 -6.65013365e-01  1.77965779e+00\n  -4.78839508e-01 -8.07960193e-01]\n [ 7.85760286e-01  1.05731828e+01 -3.65583175e+00  1.40609995e+00\n  -2.34397244e+00 -7.47741294e+00]\n [-6.65013365e-01 -3.65583175e+00  7.81953502e+00 -1.49771557e+00\n   2.27786457e+00  5.03819019e+00]\n [ 1.77965779e+00  1.40609995e+00 -1.49771557e+00  5.57567642e+00\n  -1.86891652e-02 -2.14607840e+00]\n [-4.78839508e-01 -2.34397244e+00  2.27786457e+00 -1.86891652e-02\n   1.30415246e+01 -7.09753362e+00]\n [-8.07960193e-01 -7.47741294e+00  5.03819019e+00 -2.14607840e+00\n  -7.09753362e+00  1.93222951e+01]]", "nfev": "217", "njev": "31", "status": "0", "success": "True", "message": "Optimization terminated successfully.", "x": "[1.62858736 3.42741182 4.06141868 6.96030023 2.98306484 1.80656416]", "nit": "26", "callback": [0.6272736077853291, 0.6177704813998772, 0.6102346304894357, 0.6094794303911422, 0.6091596103458494, 0.6067176044918001, 0.6055587692595563, 0.6036509372189289, 0.6006860498650342, 0.5980771510510685, 0.5962853574556561, 0.5931575225405725, 0.588347164774476, 0.5831601433773577, 0.5795733038289674, 0.5767261994735633, 0.5744010864679883, 0.5727796759655235, 0.5724107248494092, 0.572389484227513, 0.5723810545438999, 0.572369898635914, 0.5723663704496262, 0.5723658316594447, 0.5723658138575838, 0.572365813708033]}, "6": {"maxiter": 100, "gtol": 1e-10, "xrtol": 1e-10, "eps": 1e-05, "duration": 0.11192917823791504, "fun": "0.57236581360087", "jac": "[ 2.93987057e-08 -3.20854454e-08 -1.78079773e-08 -4.47419879e-08\n  2.90434343e-08  5.60662627e-08]", "hess_inv": "[[ 5.79006431  0.78780519 -0.76917929  1.93434804 -0.62594677 -0.6212793 ]\n [ 0.78780519  9.8138194  -3.57181005  1.00928373 -2.95820509 -5.81437631]\n [-0.76917929 -3.57181005  7.93508377 -1.47795788  2.96272965  3.9397266 ]\n [ 1.93434804  1.00928373 -1.47795788  5.47000614 -0.33542091 -1.26385958]\n [-0.62594677 -2.95820509  2.96272965 -0.33542091 13.90612932 -7.16265817]\n [-0.6212793  -5.81437631  3.9397266  -1.26385958 -7.16265817 16.70731694]]", "nfev": "501", "njev": "70", "status": "2", "success": "False", "message": "Desired error not necessarily achieved due to precision loss.", "x": "[1.62859375 3.42741568 4.06142252 6.96031883 2.98309206 1.80654303]", "nit": "27", "callback": [0.6272737668610024, 0.6177705621904943, 0.61023455122342, 0.6094794523648315, 0.6091597742538921, 0.6067222630411175, 0.6055603333377362, 0.6036447091940538, 0.6006693742075793, 0.5980700817542841, 0.5962683534460946, 0.5931275409894865, 0.5883150322415258, 0.58316973614688, 0.5795871694975723, 0.5767506643136435, 0.5744231210330049, 0.5727391512527127, 0.5724123179634246, 0.5723895119084721, 0.572381290757825, 0.5723701336769944, 0.5723663441779168, 0.5723658369199827, 0.5723658138447139, 0.5723658136034524, 0.57236581360087]}, "7": {"maxiter": 100, "gtol": 1e-10, "xrtol": 1e-10, "eps": 1e-10, "duration": 0.07257699966430664, "fun": "0.5723658135938401", "jac": "[2.22044587e-06 0.00000000e+00 0.00000000e+00 0.00000000e+00\n 0.00000000e+00 0.00000000e+00]", "hess_inv": "[[ 11.65317598   4.12470277  -1.07627284  12.57262724   5.58579565\n  -11.85389909]\n [  4.12470277   6.89368725  -0.59862064   4.97945329  -1.66461371\n   -4.52220794]\n [ -1.07627284  -0.59862064   3.96215351   1.82198676   3.07000205\n   -0.72962504]\n [ 12.57262724   4.97945329   1.82198676  18.89125769  10.32687654\n  -15.87710663]\n [  5.58579565  -1.66461371   3.07000205  10.32687654  19.21374184\n  -15.1490641 ]\n [-11.85389909  -4.52220794  -0.72962504 -15.87710663 -15.1490641\n   22.24927476]]", "nfev": "322", "njev": "46", "status": "0", "success": "True", "message": "Optimization terminated successfully.", "x": "[1.62860217 3.42740778 4.061435   6.9603208  2.98310009 1.8065498 ]", "nit": "31", "callback": [0.6272736077853291, 0.6177704813998772, 0.6102346304894357, 0.6094794303911422, 0.6091596103458494, 0.6067176044918001, 0.6055587692595563, 0.6036509372189289, 0.6006860498650342, 0.5980771510510685, 0.5962853574556561, 0.5931575225405725, 0.588347164774476, 0.5831601433773577, 0.5795733038289674, 0.5767261994735633, 0.5744010864679883, 0.5727796759655235, 0.5724107248494092, 0.572389484227513, 0.5723810545438999, 0.572369898635914, 0.5723663704496262, 0.5723658316594447, 0.5723658138575838, 0.572365813708033, 0.5723658136839196, 0.5723658136494281, 0.5723658135975105, 0.5723658135938401, 0.5723658135938401]}, "8": {"maxiter": 500, "gtol": 1e-05, "xrtol": 1e-05, "eps": 1e-05, "duration": 0.04814887046813965, "fun": "0.5723658138447139", "jac": "[-5.94406746e-06  4.59838834e-06  3.90751875e-06 -1.88620231e-06\n  1.45690127e-06  1.43256518e-06]", "hess_inv": "[[ 5.32254215  0.98768697 -0.39803891  1.69496476 -0.35398285 -0.80125043]\n [ 0.98768697 10.54011908 -4.09247932  1.51471014 -2.83949318 -7.24956727]\n [-0.39803891 -4.09247932  7.79981912 -1.47333041  2.62953643  4.77705117]\n [ 1.69496476  1.51471014 -1.47333041  5.54446822 -0.11977523 -2.04559884]\n [-0.35398285 -2.83949318  2.62953643 -0.11977523 13.74309061 -7.37665219]\n [-0.80125043 -7.24956727  4.77705117 -2.04559884 -7.37665219 19.26140781]]", "nfev": "210", "njev": "30", "status": "0", "success": "True", "message": "Optimization terminated successfully.", "x": "[1.62855505 3.42743017 4.06145244 6.96029495 2.98310277 1.80654952]", "nit": "25", "callback": [0.6272737668610024, 0.6177705621904943, 0.61023455122342, 0.6094794523648315, 0.6091597742538921, 0.6067222630411175, 0.6055603333377362, 0.6036447091940538, 0.6006693742075793, 0.5980700817542841, 0.5962683534460946, 0.5931275409894865, 0.5883150322415258, 0.58316973614688, 0.5795871694975723, 0.5767506643136435, 0.5744231210330049, 0.5727391512527127, 0.5724123179634246, 0.5723895119084721, 0.572381290757825, 0.5723701336769944, 0.5723663441779168, 0.5723658369199827, 0.5723658138447139]}, "9": {"maxiter": 500, "gtol": 1e-05, "xrtol": 1e-05, "eps": 1e-10, "duration": 0.04747581481933594, "fun": "0.5723658138575838", "jac": "[-4.44089173e-06  4.44089173e-06  6.66133760e-06  0.00000000e+00\n  2.22044587e-06  0.00000000e+00]", "hess_inv": "[[ 5.33344387  0.98929012 -0.39789888  1.70288239 -0.34455754 -0.82360489]\n [ 0.98929012 10.53748393 -4.09250714  1.51744821 -2.77349589 -7.31108342]\n [-0.39789888 -4.09250714  7.81698557 -1.47625348  2.58394109  4.83233181]\n [ 1.70288239  1.51744821 -1.47625348  5.56497804 -0.07506185 -2.10231992]\n [-0.34455754 -2.77349589  2.58394109 -0.07506185 13.66395407 -7.42951454]\n [-0.82360489 -7.31108342  4.83233181 -2.10231992 -7.42951454 19.48750031]]", "nfev": "210", "njev": "30", "status": "0", "success": "True", "message": "Optimization terminated successfully.", "x": "[1.62856063 3.42742573 4.06146254 6.96028856 2.98310069 1.80655234]", "nit": "25", "callback": [0.6272736077853291, 0.6177704813998772, 0.6102346304894357, 0.6094794303911422, 0.6091596103458494, 0.6067176044918001, 0.6055587692595563, 0.6036509372189289, 0.6006860498650342, 0.5980771510510685, 0.5962853574556561, 0.5931575225405725, 0.588347164774476, 0.5831601433773577, 0.5795733038289674, 0.5767261994735633, 0.5744010864679883, 0.5727796759655235, 0.5724107248494092, 0.572389484227513, 0.5723810545438999, 0.572369898635914, 0.5723663704496262, 0.5723658316594447, 0.5723658138575838]}, "10": {"maxiter": 500, "gtol": 1e-05, "xrtol": 1e-10, "eps": 1e-05, "duration": 0.04710698127746582, "fun": "0.5723658138447139", "jac": "[-5.94406746e-06  4.59838834e-06  3.90751875e-06 -1.88620231e-06\n  1.45690127e-06  1.43256518e-06]", "hess_inv": "[[ 5.32254215  0.98768697 -0.39803891  1.69496476 -0.35398285 -0.80125043]\n [ 0.98768697 10.54011908 -4.09247932  1.51471014 -2.83949318 -7.24956727]\n [-0.39803891 -4.09247932  7.79981912 -1.47333041  2.62953643  4.77705117]\n [ 1.69496476  1.51471014 -1.47333041  5.54446822 -0.11977523 -2.04559884]\n [-0.35398285 -2.83949318  2.62953643 -0.11977523 13.74309061 -7.37665219]\n [-0.80125043 -7.24956727  4.77705117 -2.04559884 -7.37665219 19.26140781]]", "nfev": 