{"date": "2024/09/25/, 06:54:25", "conf_id": 164, "data_type": "non_lin_ind\n", "num_data_points": 1, "s_rank": 0, "unitary": "[[-0.24866696+0.58742286j,-0.44704345-0.43151574j,-0.35669027-0.20570733j,-0.10517633+0.1626036j],[0.10596805-0.19687975j,-0.30269685-0.15056416j,0.18246286+0.30440582j,-0.83484447-0.11310748j],[0.26054512-0.52548482j,0.0285017-0.50723956j,-0.43110112+0.17165838j,0.15243271+0.39915801j],[0.42978035+0.11991271j,-0.17224126-0.46030424j,0.6827807-0.15164662j,0.26483638+0.0061855j]]", "databatch_0": {"databatch": "[[[-0.43409798+0.08419637j,-0.0558251-0.21760615j,-0.02587723+0.40696813j,-0.13534739+0.0904378j],[0.37243749-0.02998606j,0.02646814+0.18797424j,0.05990494-0.33932977j,0.12214303-0.06325061j],[0.01553568+0.16000634j,-0.08067715+0.01271673j,0.14639998+0.02336878j,0.02807422+0.05209694j],[-0.29044786-0.01643627j,-0.00044617-0.14779696j,-0.08225244+0.25536249j,-0.10092858+0.03580998j]]]", "initial param values": "[2.22788183,4.56990705,4.12517149,4.61349558,5.63392098,3.84199137]", "nelder_mead": {"type": "gradient-free", "0": {"maxiter": 100, "fatol": 1e-05, "xatol": 1e-05, "duration": 0.03993391990661621, "fun": "0.012293710944281666", "nit": "100", "nfev": "157", "status": "2", "success": "False", "message": "Maximum number of iterations has been exceeded.", "x": "[1.16093147 6.80860073 5.29273167 4.19592176 3.18579309 4.44327897]", "final_simplex": "(array([[1.16093147, 6.80860073, 5.29273167, 4.19592176, 3.18579309,\n        4.44327897],\n       [1.02765448, 6.81369592, 4.99512338, 4.42141877, 3.21783678,\n        4.5844643 ],\n       [1.14930396, 7.09149511, 5.05431871, 3.94981368, 2.99090393,\n        4.49134204],\n       [1.09019586, 6.57277608, 5.0594029 , 4.53058425, 3.28223734,\n        4.57189658],\n       [1.04913324, 6.56433497, 5.10013976, 4.58804527, 3.18216786,\n        4.57642099],\n       [1.06080256, 6.59180198, 5.00176942, 4.44893828, 3.20220293,\n        4.62671546],\n       [1.05639168, 6.53130663, 5.10355625, 4.64393554, 3.40475076,\n        4.46654062]]), array([0.01229371, 0.01372287, 0.01442953, 0.01501437, 0.01538796,\n       0.01555581, 0.01886764]))", "callback": [0.7175212816052783, 0.42719448057991405, 0.37632823580077424, 0.2518310210311181, 0.2186506998908233, 0.12374559641093363, 0.06677235390457925, 0.04414226840474922, 0.036723449434433064, 0.02028192553723951]}, "1": {"maxiter": 100, "fatol": 1e-05, "xatol": 1e-10, "duration": 0.03834199905395508, "fun": "0.012293710944281666", "nit": "100", "nfev": "157", "status": "2", "success": "False", "message": "Maximum number of iterations has been exceeded.", "x": "[1.16093147 6.80860073 5.29273167 4.19592176 3.18579309 4.44327897]", "final_simplex": "(array([[1.16093147, 6.80860073, 5.29273167, 4.19592176, 3.18579309,\n        4.44327897],\n       [1.02765448, 6.81369592, 4.99512338, 4.42141877, 3.21783678,\n        4.5844643 ],\n       [1.14930396, 7.09149511, 5.05431871, 3.94981368, 2.99090393,\n        4.49134204],\n       [1.09019586, 6.57277608, 5.0594029 , 4.53058425, 3.28223734,\n        4.57189658],\n       [1.04913324, 6.56433497, 5.10013976, 4.58804527, 3.18216786,\n        4.57642099],\n       [1.06080256, 6.59180198, 5.00176942, 4.44893828, 3.20220293,\n        4.62671546],\n       [1.05639168, 6.53130663, 5.10355625, 4.64393554, 3.40475076,\n        4.46654062]]), array([0.01229371, 0.01372287, 0.01442953, 0.01501437, 0.01538796,\n       0.01555581, 0.01886764]))", "callback": [0.7175212816052783, 0.42719448057991405, 0.37632823580077424, 0.2518310210311181, 0.2186506998908233, 0.12374559641093363, 0.06677235390457925, 0.04414226840474922, 0.036723449434433064, 0.02028192553723951]}, "2": {"maxiter": 100, "fatol": 1e-10, "xatol": 1e-05, "duration": 0.03818798065185547, "fun": "0.012293710944281666", "nit": "100", "nfev": "157", "status": "2", "success": "False", "message": "Maximum number of iterations has been exceeded.", "x": "[1.16093147 6.80860073 5.29273167 4.19592176 3.18579309 4.44327897]", "final_simplex": "(array([[1.16093147, 6.80860073, 5.29273167, 4.19592176, 3.18579309,\n        4.44327897],\n       [1.02765448, 6.81369592, 4.99512338, 4.42141877, 3.21783678,\n        4.5844643 ],\n       [1.14930396, 7.09149511, 5.05431871, 3.94981368, 2.99090393,\n        4.49134204],\n       [1.09019586, 6.57277608, 5.0594029 , 4.53058425, 3.28223734,\n        4.57189658],\n       [1.04913324, 6.56433497, 5.10013976, 4.58804527, 3.18216786,\n        4.57642099],\n       [1.06080256, 6.59180198, 5.00176942, 4.44893828, 3.20220293,\n        4.62671546],\n       [1.05639168, 6.53130663, 5.10355625, 4.64393554, 3.40475076,\n        4.46654062]]), array([0.01229371, 0.01372287, 0.01442953, 0.01501437, 0.01538796,\n       0.01555581, 0.01886764]))", "callback": [0.7175212816052783, 0.42719448057991405, 0.37632823580077424, 0.2518310210311181, 0.2186506998908233, 0.12374559641093363, 0.06677235390457925, 0.04414226840474922, 0.036723449434433064, 0.02028192553723951]}, "3": {"maxiter": 100, "fatol": 1e-10, "xatol": 1e-10, "duration": 0.036794185638427734, "fun": "0.012293710944281666", "nit": "100", "nfev": "157", "status": "2", "success": "False", "message": "Maximum number of iterations has been exceeded.", "x": "[1.16093147 6.80860073 5.29273167 4.19592176 3.18579309 4.44327897]", "final_simplex": "(array([[1.16093147, 6.80860073, 5.29273167, 4.19592176, 3.18579309,\n        4.44327897],\n       [1.02765448, 6.81369592, 4.99512338, 4.42141877, 3.21783678,\n        4.5844643 ],\n       [1.14930396, 7.09149511, 5.05431871, 3.94981368, 2.99090393,\n        4.49134204],\n       [1.09019586, 6.57277608, 5.0594029 , 4.53058425, 3.28223734,\n        4.57189658],\n       [1.04913324, 6.56433497, 5.10013976, 4.58804527, 3.18216786,\n        4.57642099],\n       [1.06080256, 6.59180198, 5.00176942, 4.44893828, 3.20220293,\n        4.62671546],\n       [1.05639168, 6.53130663, 5.10355625, 4.64393554, 3.40475076,\n        4.46654062]]), array([0.01229371, 0.01372287, 0.01442953, 0.01501437, 0.01538796,\n       0.01555581, 0.01886764]))", "callback": [0.7175212816052783, 0.42719448057991405, 0.37632823580077424, 0.2518310210311181, 0.2186506998908233, 0.12374559641093363, 0.06677235390457925, 0.04414226840474922, 0.036723449434433064, 0.02028192553723951]}, "4": {"maxiter": 500, "fatol": 1e-05, "xatol": 1e-05, "duration": 0.10699176788330078, "fun": "3.701017579404997e-06", "nit": "287", "nfev": "465", "status": "0", "success": "True", "message": "Optimization terminated successfully.", "x": "[0.93762997 6.95301403 5.23849905 4.06239216 3.01051819 4.27181117]", "final_simplex": "(array([[0.93762997, 6.95301403, 5.23849905, 4.06239216, 3.01051819,\n        4.27181117],\n       [0.93763139, 6.95302371, 5.23849941, 4.06238626, 3.01051278,\n        4.27180724],\n       [0.93763219, 6.95301959, 5.23850302, 4.0623887 , 3.01051796,\n        4.27180965],\n       [0.93763041, 6.95301239, 5.23850142, 4.06239118, 3.01052318,\n        4.27181109],\n       [0.9376289 , 6.95301942, 5.23849798, 4.06238973, 3.01051573,\n        4.27180937],\n       [0.93762914, 6.95301415, 5.23850046, 4.06239188, 3.01051893,\n        4.27180835],\n       [0.93762778, 6.9530142 , 5.23850008, 4.062391  , 3.01051764,\n        4.2718093 ]]), array([3.70101758e-06, 3.70101792e-06, 3.70101811e-06, 3.70101884e-06,\n       3.70101920e-06, 3.70101932e-06, 3.70101947e-06]))", "callback": [0.7175212816052783, 0.42719448057991405, 0.37632823580077424, 0.2518310210311181, 0.2186506998908233, 0.12374559641093363, 0.06677235390457925, 0.04414226840474922, 0.036723449434433064, 0.02028192553723951, 0.012109376622610468, 0.006744416179918611, 0.005285195362310313, 0.003758618080895282, 0.0023290954833423694, 0.0012565666869619463, 0.00034882877166886317, 9.251834963519556e-05, 3.530046564481637e-05, 1.0930536358255694e-05, 5.007954704705497e-06, 4.005042512744694e-06, 3.7275575319739573e-06, 3.707112175121985e-06, 3.702138686056955e-06, 3.7012933530311543e-06, 3.7010715708829522e-06, 3.701023050806107e-06, 3.701018840174264e-06]}, "5": {"maxiter": 500, "fatol": 1e-05, "xatol": 1e-10, "duration": 0.16002702713012695, "fun": "3.7010157020178625e-06", "nit": "395", "nfev": "704", "status": "0", "success": "True", "message": "Optimization terminated successfully.", "x": "[0.93763154 6.9530129  5.23850073 4.06239203 3.01052243 4.27181466]", "final_simplex": "(array([[0.93763154, 6.9530129 , 5.23850073, 4.06239203, 3.01052243,\n        4.27181466],\n       [0.93763154, 6.9530129 , 5.23850073, 4.06239203, 3.01052243,\n        4.27181466],\n       [0.93763154, 6.9530129 , 5.23850073, 4.06239203, 3.01052243,\n        4.27181466],\n       [0.93763154, 6.9530129 , 5.23850073, 4.06239203, 3.01052243,\n        4.27181466],\n       [0.93763154, 6.9530129 , 5.23850073, 4.06239203, 3.01052243,\n        4.27181466],\n       [0.93763154, 6.9530129 , 5.23850073, 4.06239203, 3.01052243,\n        4.27181466],\n       [0.93763154, 6.9530129 , 5.23850073, 4.06239203, 3.01052243,\n        4.27181466]]), array([3.7010157e-06, 3.7010157e-06, 3.7010157e-06, 3.7010157e-06,\n       3.7010157e-06, 3.7010157e-06, 3.7010157e-06]))", "callback": [0.7175212816052783, 0.42719448057991405, 0.37632823580077424, 0.2518310210311181, 0.2186506998908233, 0.12374559641093363, 0.06677235390457925, 0.04414226840474922, 0.036723449434433064, 0.02028192553723951, 0.012109376622610468, 0.006744416179918611, 0.005285195362310313, 0.003758618080895282, 0.0023290954833423694, 0.0012565666869619463, 0.00034882877166886317, 9.251834963519556e-05, 3.530046564481637e-05, 1.0930536358255694e-05, 5.007954704705497e-06, 4.005042512744694e-06, 3.7275575319739573e-06, 3.707112175121985e-06, 3.702138686056955e-06, 3.7012933530311543e-06, 3.7010715708829522e-06, 3.701023050806107e-06, 3.701018840174264e-06, 3.701016659141132e-06, 3.7010159805728193e-06, 3.701015777846095e-06, 3.7010157141192934e-06, 3.7010157072359107e-06, 3.7010157035721747e-06, 3.701015702572974e-06, 3.7010157020178625e-06, 3.7010157020178625e-06, 3.7010157020178625e-06, 3.7010157020178625e-06]}, "6": {"maxiter": 500, "fatol": 1e-10, "xatol": 1e-05, "duration": 0.10850715637207031, "fun": "3.701017579404997e-06", "nit": "287", "nfev": "465", "status": "0", "success": "True", "message": "Optimization terminated successfully.", "x": "[0.93762997 6.95301403 5.23849905 4.06239216 3.01051819 4.27181117]", "final_simplex": "(array([[0.93762997, 6.95301403, 5.23849905, 4.06239216, 3.01051819,\n        4.27181117],\n       [0.93763139, 6.95302371, 5.23849941, 4.06238626, 3.01051278,\n        4.27180724],\n       [0.93763219, 6.95301959, 5.23850302, 4.0623887 , 3.01051796,\n        4.27180965],\n       [0.93763041, 6.95301239, 5.23850142, 4.06239118, 3.01052318,\n        4.27181109],\n       [0.9376289 , 6.95301942, 5.23849798, 4.06238973, 3.01051573,\n        4.27180937],\n       [0.93762914, 6.95301415, 5.23850046, 4.06239188, 3.01051893,\n        4.27180835],\n       [0.93762778, 6.9530142 , 5.23850008, 4.062391  , 3.01051764,\n        4.2718093 ]]), array([3.70101758e-06, 3.70101792e-06, 3.70101811e-06, 3.70101884e-06,\n       3.70101920e-06, 3.70101932e-06, 3.70101947e-06]))", "callback": [0.7175212816052783, 0.42719448057991405, 0.37632823580077424, 0.2518310210311181, 0.2186506998908233, 0.12374559641093363, 0.06677235390457925, 0.04414226840474922, 0.036723449434433064, 0.02028192553723951, 0.012109376622610468, 0.006744416179918611, 0.005285195362310313, 0.003758618080895282, 0.0023290954833423694, 0.0012565666869619463, 0.00034882877166886317, 9.251834963519556e-05, 3.530046564481637e-05, 1.0930536358255694e-05, 5.007954704705497e-06, 4.005042512744694e-06, 3.7275575319739573e-06, 3.707112175121985e-06, 3.702138686056955e-06, 3.7012933530311543e-06, 3.7010715708829522e-06, 3.701023050806107e-06, 3.701018840174264e-06]}, "7": {"maxiter": 500, "fatol": 1e-10, "xatol": 1e-10, "duration": 0.17299890518188477, "fun": "3.7010157020178625e-06", "nit": "395", "nfev": "704", "status": "0", "success": "True", "message": "Optimization terminated successfully.", "x": "[0.93763154 6.9530129  5.23850073 4.06239203 3.01052243 4.27181466]", "final_simplex": "(array([[0.93763154, 6.9530129 , 5.23850073, 4.06239203, 3.01052243,\n        4.27181466],\n       [0.93763154, 6.9530129 , 5.23850073, 4.06239203, 3.01052243,\n        4.27181466],\n       [0.93763154, 6.9530129 , 5.23850073, 4.06239203, 3.01052243,\n        4.27181466],\n       [0.93763154, 6.9530129 , 5.23850073, 4.06239203, 3.01052243,\n        4.27181466],\n       [0.93763154, 6.9530129 , 5.23850073, 4.06239203, 3.01052243,\n        4.27181466],\n       [0.93763154, 6.9530129 , 5.23850073, 4.06239203, 3.01052243,\n        4.27181466],\n       [0.93763154, 6.9530129 , 5.23850073, 4.06239203, 3.01052243,\n        4.27181466]]), array([3.7010157e-06, 3.7010157e-06, 3.7010157e-06, 3.7010157e-06,\n       3.7010157e-06, 3.7010157e-06, 3.7010157e-06]))", "callback": [0.7175212816052783, 0.42719448057991405, 0.37632823580077424, 0.2518310210311181, 0.2186506998908233, 0.12374559641093363, 0.06677235390457925, 0.04414226840474922, 0.036723449434433064, 0.02028192553723951, 0.012109376622610468, 0.006744416179918611, 0.005285195362310313, 0.003758618080895282, 0.0023290954833423694, 0.0012565666869619463, 0.00034882877166886317, 9.251834963519556e-05, 3.530046564481637e-05, 1.0930536358255694e-05, 5.007954704705497e-06, 4.005042512744694e-06, 3.7275575319739573e-06, 3.707112175121985e-06, 3.702138686056955e-06, 3.7012933530311543e-06, 3.7010715708829522e-06, 3.701023050806107e-06, 3.701018840174264e-06, 3.701016659141132e-06, 3.7010159805728193e-06, 3.701015777846095e-06, 3.7010157141192934e-06, 3.7010157072359107e-06, 3.7010157035721747e-06, 3.701015702572974e-06, 3.7010157020178625e-06, 3.7010157020178625e-06, 3.7010157020178625e-06, 3.7010157020178625e-06]}, "8": {"maxiter": 1000, "fatol": 1e-05, "xatol": 1e-05, "duration": 0.11006999015808105, "fun": "3.701017579404997e-06", "nit": "287", "nfev": "465", "status": "0", "success": "True", "message": "Optimization terminated successfully.", "x": "[0.93762997 6.95301403 5.23849905 4.06239216 3.01051819 4.27181117]", "final_simplex": "(array([[0.93762997, 6.95301403, 5.23849905, 4.06239216, 3.01051819,\n        4.27181117],\n       [0.93763139, 6.95302371, 5.23849941, 4.06238626, 3.01051278,\n        4.27180724],\n       [0.93763219, 6.95301959, 5.23850302, 4.0623887 , 3.01051796,\n        4.27180965],\n       [0.93763041, 6.95301239, 5.23850142, 4.06239118, 3.01052318,\n        4.27181109],\n       [0.9376289 , 6.95301942, 5.23849798, 4.06238973, 3.01051573,\n        4.27180937],\n       [0.93762914, 6.95301415, 5.23850046, 4.06239188, 3.01051893,\n        4.27180835],\n       [0.93762778, 6.9530142 , 5.23850008, 4.062391  , 3.01051764,\n        4.2718093 ]]), array([3.70101758e-06, 3.70101792e-06, 3.70101811e-06, 3.70101884e-06,\n       3.70101920e-06, 3.70101932e-06, 3.70101947e-06]))", "callback": [0.7175212816052783, 0.42719448057991405, 0.37632823580077424, 0.2518310210311181, 0.2186506998908233, 0.12374559641093363, 0.06677235390457925, 0.04414226840474922, 0.036723449434433064, 0.02028192553723951, 0.012109376622610468, 0.006744416179918611, 0.005285195362310313, 0.003758618080895282, 0.0023290954833423694, 0.0012565666869619463, 0.00034882877166886317, 9.251834963519556e-05, 3.530046564481637e-05, 1.0930536358255694e-05, 5.007954704705497e-06, 4.005042512744694e-06, 3.7275575319739573e-06, 3.707112175121985e-06, 3.702138686056955e-06, 3.7012933530311543e-06, 3.7010715708829522e-06, 3.701023050806107e-06, 3.701018840174264e-06]}, "9": {"maxiter": 1000, "fatol": 1e-05, "xatol": 1e-10, "duration": 0.16296696662902832, "fun": "3.7010157020178625e-06", "nit": "395", "nfev": "704", "status": "0", "success": "True", "message": "Optimization terminated successfully.", "x": "[0.93763154 6.9530129  5.23850073 4.06239203 3.01052243 4.27181466]", "final_simplex": "(array([[0.93763154, 6.9530129 , 5.23850073, 4.06239203, 3.01052243,\n        4.27181466],\n       [0.93763154, 6.9530129 , 5.23850073, 4.06239203, 3.01052243,\n        4.27181466],\n       [0.93763154, 6.9530129 , 5.23850073, 4.06239203, 3.01052243,\n        4.27181466],\n       [0.93763154, 6.9530129 , 5.23850073, 4.06239203, 3.01052243,\n        4.27181466],\n       [0.93763154, 6.9530129 , 5.23850073, 4.06239203, 3.01052243,\n        4.27181466],\n       [0.93763154, 6.9530129 , 5.23850073, 4.06239203, 3.01052243,\n        4.27181466],\n       [0.93763154, 6.9530129 , 5.23850073, 4.06239203, 3.01052243,\n        4.27181466]]), array([3.7010157e-06, 3.7010157e-06, 3.7010157e-06, 3.7010157e-06,\n       3.7010157e-06, 3.7010157e-06, 3.7010157e-06]))", "callback": [0.7175212816052783, 0.42719448057991405, 0.37632823580077424, 0.2518310210311181, 0.2186506998908233, 0.12374559641093363, 0.06677235390457925, 0.04414226840474922, 0.036723449434433064, 0.02028192553723951, 0.012109376622610468, 0.006744416179918611, 0.005285195362310313, 0.003758618080895282, 0.0023290954833423694, 0.0012565666869619463, 0.00034882877166886317, 9.251834963519556e-05, 3.530046564481637e-05, 1.0930536358255694e-05, 5.007954704705497e-06, 4.005042512744694e-06, 3.7275575319739573e-06, 3.707112175121985e-06, 3.702138686056955e-06, 3.7012933530311543e-06, 3.7010715708829522e-06, 3.701023050806107e-06, 3.701018840174264e-06, 3.701016659141132e-06, 3.7010159805728193e-06, 3.701015777846095e-06, 3.7010157141192934e-06, 3.7010157072359107e-06, 3.7010157035721747e-06, 3.701015702572974e-06, 3.7010157020178625e-06, 3.7010157020178625e-06, 3.7010157020178625e-06, 3.7010157020178625e-06]}, "10": {"maxiter": 1000, "fatol": 1e-10, "xatol": 1e-05, "duration": 0.11339426040649414, "fun": "3.701017579404997e-06", "nit": "287", "nfev": "465", "status": "0", "success": "True", "message": "Optimization terminated successfully.", "x": "[0.93762997 6.95301403 5.23849905 4.06239216 3.01051819 4.27181117]", "final_simplex": "(array([[0.93762997, 6.95301403, 5.23849905, 4.06239216, 3.01051819,\n        4.27181117],\n       [0.93763139, 6.95302371, 5.23849941, 4.06238626, 3.01051278,\n        4.27180724],\n       [0.93763219, 6.95301959, 5.23850302, 4.0623887 , 3.01051796,\n        4.27180965],\n       [0.93763041, 6.95301239, 5.23850142, 4.06239118, 3.01052318,\n        4.27181109],\n       [0.9376289 , 6.95301942, 5.23849798, 4.06238973, 3.01051573,\n        4.27180937],\n       [0.93762914, 6.95301415, 5.23850046, 4.06239188, 3.01051893,\n        4.27180835],\n       [0.93762778, 6.9530142 , 5.23850008, 4.062391  , 3.01051764,\n        4.2718093 ]]), array([3.70101758e-06, 3.70101792e-06, 3.70101811e-06, 3.70101884e-06,\n       3.70101920e-06, 3.70101932e-06, 3.70101947e-06]))", "callback": [0.7175212816052783, 0.42719448057991405, 0.37632823580077424, 0.2518310210311181, 0.2186506998908233, 0.12374559641093363, 0.06677235390457925, 0.04414226840474922, 0.036723449434433064, 0.02028192553723951, 0.012109376622610468, 0.006744416179918611, 0.005285195362310313, 0.003758618080895282, 0.0023290954833423694, 0.0012565666869619463, 0.00034882877166886317, 9.251834963519556e-05, 3.530046564481637e-05, 1.0930536358255694e-05, 5.007954704705497e-06, 4.005042512744694e-06, 3.7275575319739573e-06, 3.707112175121985e-06, 3.702138686056955e-06, 3.7012933530311543e-06, 3.7010715708829522e-06, 3.701023050806107e-06, 3.701018840174264e-06]}, "11": {"maxiter": 1000, "fatol": 1e-10, "xatol": 1e-10, "duration": 0.16341304779052734, "fun": "3.7010157020178625e-06", "nit": "395", "nfev": "704", "status": "0", "success": "True", "message": "Optimization terminated successfully.", "x": "[0.93763154 6.9530129  5.23850073 4.06239203 3.01052243 4.27181466]", "final_simplex": "(array([[0.93763154, 6.9530129 , 5.23850073, 4.06239203, 3.01052243,\n        4.27181466],\n       [0.93763154, 6.9530129 , 5.23850073, 4.06239203, 3.01052243,\n        4.27181466],\n       [0.93763154, 6.9530129 , 5.23850073, 4.06239203, 3.01052243,\n        4.27181466],\n       [0.93763154, 6.9530129 , 5.23850073, 4.06239203, 3.01052243,\n        4.27181466],\n       [0.93763154, 6.9530129 , 5.23850073, 4.06239203, 3.01052243,\n        4.27181466],\n       [0.93763154, 6.9530129 , 5.23850073, 4.06239203, 3.01052243,\n        4.27181466],\n       [0.93763154, 6.9530129 , 5.23850073, 4.06239203, 3.01052243,\n        4.27181466]]), array([3.7010157e-06, 3.7010157e-06, 3.7010157e-06, 3.7010157e-06,\n       3.7010157e-06, 3.7010157e-06, 3.7010157e-06]))", "callback": [0.7175212816052783, 0.42719448057991405, 0.37632823580077424, 0.2518310210311181, 0.2186506998908233, 0.12374559641093363, 0.06677235390457925, 0.04414226840474922, 0.036723449434433064, 0.02028192553723951, 0.012109376622610468, 0.006744416179918611, 0.005285195362310313, 0.003758618080895282, 0.0023290954833423694, 0.0012565666869619463, 0.00034882877166886317, 9.251834963519556e-05, 3.530046564481637e-05, 1.0930536358255694e-05, 5.007954704705497e-06, 4.005042512744694e-06, 3.7275575319739573e-06, 3.707112175121985e-06, 3.702138686056955e-06, 3.7012933530311543e-06, 3.7010715708829522e-06, 3.701023050806107e-06, 3.701018840174264e-06, 3.701016659141132e-06, 3.7010159805728193e-06, 3.701015777846095e-06, 3.7010157141192934e-06, 3.7010157072359107e-06, 3.7010157035721747e-06, 3.701015702572974e-06, 3.7010157020178625e-06, 3.7010157020178625e-06, 3.7010157020178625e-06, 3.7010157020178625e-06]}}, "bfgs": {"type": "gradient", "0": {"maxiter": 100, "gtol": 1e-05, "xrtol": 1e-05, "eps": 1e-05, "duration": 0.029226064682006836, "fun": "3.7011076836623857e-06", "jac": "[ 2.06378248e-06  9.32998123e-07  4.77335949e-06  1.77329262e-06\n -1.28762556e-06 -8.55260307e-07]", "hess_inv": "[[ 3.38874658 -0.26643572 -0.29164902 -1.30094658  0.46580683  1.16923999]\n [-0.26643572  6.54712811 -3.87963676  0.67874618  2.34226046 -1.60969702]\n [-0.29164902 -3.87963676  5.63663518 -1.61609676 -2.28541128  0.63564662]\n [-1.30094658  0.67874618 -1.61609676  3.02389214  0.38489436 -0.51237704]\n [ 0.46580683  2.34226046 -2.28541128  0.38489436  2.22668944 -0.39496204]\n [ 1.16923999 -1.60969702  0.63564662 -0.51237704 -0.39496204  1.92170613]]", "nfev": "119", "njev": "17", "status": "0", "success": "True", "message": "Optimization terminated successfully.", "x": "[0.66092735 4.18496626 5.84868169 5.79966817 5.06902469 3.2133696 ]", "nit": "15", "callback": [0.29221443917892476, 0.23155816528652684, 0.12623207117402013, 0.009364873326118017, 0.0003666784589012595, 0.0002094801796549417, 0.00017315208844481678, 0.00010993067888886987, 2.4490107919383775e-05, 5.831342311912735e-06, 3.9413435399815455e-06, 3.720527946282637e-06, 3.708387152578929e-06, 3.7020427353651186e-06, 3.7011076836623857e-06]}, "1": {"maxiter": 100, "gtol": 1e-05, "xrtol": 1e-05, "eps": 1e-10, "duration": 0.02856588363647461, "fun": "3.701073368223007e-06", "jac": "[ 5.55111466e-06  3.33066880e-06  4.44089173e-06  4.44089173e-06\n  1.11022293e-06 -1.11022293e-06]", "hess_inv": "[[ 3.34850376 -0.32206221 -0.26454171 -1.24588539  0.46051514  1.17341802]\n [-0.32206221  6.09869836 -3.3551653   0.50734966  2.093916   -1.60790095]\n [-0.26454171 -3.3551653   5.37859782 -1.55461846 -2.03008183  0.55064722]\n [-1.24588539  0.50734966 -1.55461846  2.93714625  0.25905266 -0.4673027 ]\n [ 0.46051514  2.093916   -2.03008183  0.25905266  2.07816472 -0.38349305]\n [ 1.17341802 -1.60790095  0.55064722 -0.4673027  -0.38349305  1.94278464]]", "nfev": "119", "njev": "17", "status": "0", "success": "True", "message": "Optimization terminated successfully.", "x": "[0.66094391 4.18497561 5.84866248 5.79967697 5.0690266  3.21338622]", "nit": "15", "callback": [0.2922156487466805, 0.23155953237207438, 0.12623484248066896, 0.009365533974645901, 0.00036701400179217636, 0.00020948344862437018, 0.00017314755745889698, 0.00010994260790564425, 2.4507588432531868e-05, 5.8181925109979105e-06, 3.9398599502860066e-06, 3.720106597326911e-06, 3.7085436547235062e-06, 3.702212401868188e-06, 3.701073368223007e-06]}, "2": {"maxiter": 100, "gtol": 1e-05, "xrtol": 1e-10, "eps": 1e-05, "duration": 0.0283510684967041, "fun": "3.7011076836623857e-06", "jac": "[ 2.06378248e-06  9.32998123e-07  4.77335949e-06  1.77329262e-06\n -1.28762556e-06 -8.55260307e-07]", "hess_inv": "[[ 3.38874658 -0.26643572 -0.29164902 -1.30094658  0.46580683  1.16923999]\n [-0.26643572  6.54712811 -3.87963676  0.67874618  2.34226046 -1.60969702]\n [-0.29164902 -3.87963676  5.63663518 -1.61609676 -2.28541128  0.63564662]\n [-1.30094658  0.67874618 -1.61609676  3.02389214  0.38489436 -0.51237704]\n [ 0.46580683  2.34226046 -2.28541128  0.38489436  2.22668944 -0.39496204]\n [ 1.16923999 -1.60969702  0.63564662 -0.51237704 -0.39496204  1.92170613]]", "nfev": "119", "njev": "17", "status": "0", "success": "True", "message": "Optimization terminated successfully.", "x": "[0.66092735 4.18496626 5.84868169 5.79966817 5.06902469 3.2133696 ]", "nit": "15", "callback": [0.29221443917892476, 0.23155816528652684, 0.12623207117402013, 0.009364873326118017, 0.0003666784589012595, 0.0002094801796549417, 0.00017315208844481678, 0.00010993067888886987, 2.4490107919383775e-05, 5.831342311912735e-06, 3.9413435399815455e-06, 3.720527946282637e-06, 3.708387152578929e-06, 3.7020427353651186e-06, 3.7011076836623857e-06]}, "3": {"maxiter": 100, "gtol": 1e-05, "xrtol": 1e-10, "eps": 1e-10, "duration": 0.02842402458190918, "fun": "3.701073368223007e-06", "jac": "[ 5.55111466e-06  3.33066880e-06  4.44089173e-06  4.44089173e-06\n  1.11022293e-06 -1.11022293e-06]", "hess_inv": "[[ 3.34850376 -0.32206221 -0.26454171 -1.24588539  0.46051514  1.17341802]\n [-0.32206221  6.09869836 -3.3551653   0.50734966  2.093916   -1.60790095]\n [-0.26454171 -3.3551653   5.37859782 -1.55461846 -2.03008183  0.55064722]\n [-1.24588539  0.50734966 -1.55461846  2.93714625  0.25905266 -0.4673027 ]\n [ 0.46051514  2.093916   -2.03008183  0.25905266  2.07816472 -0.38349305]\n [ 1.17341802 -1.60790095  0.55064722 -0.4673027  -0.38349305  1.94278464]]", "nfev": "119", "njev": "17", "status": "0", "success": "True", "message": "Optimization terminated successfully.", "x": "[0.66094391 4.18497561 5.84866248 5.79967697 5.0690266  3.21338622]", "nit": "15", "callback": [0.2922156487466805, 0.23155953237207438, 0.12623484248066896, 0.009365533974645901, 0.00036701400179217636, 0.00020948344862437018, 0.00017314755745889698, 0.00010994260790564425, 2.4507588432531868e-05, 5.8181925109979105e-06, 3.9398599502860066e-06, 3.720106597326911e-06, 3.7085436547235062e-06, 3.702212401868188e-06, 3.701073368223007e-06]}, "4": {"maxiter": 100, "gtol": 1e-10, "xrtol": 1e-05, "eps": 1e-05, "duration": 0.02730393409729004, "fun": "3.7011076836623857e-06", "jac": "[ 2.06378248e-06  9.32998123e-07  4.77335949e-06  1.77329262e-06\n -1.28762556e-06 -8.55260307e-07]", "hess_inv": "[[ 3.38874658 -0.26643572 -0.29164902 -1.30094658  0.46580683  1.16923999]\n [-0.26643572  6.54712811 -3.87963676  0.67874618  2.34226046 -1.60969702]\n [-0.29164902 -3.87963676  5.63663518 -1.61609676 -2.28541128  0.63564662]\n [-1.30094658  0.67874618 -1.61609676  3.02389214  0.38489436 -0.51237704]\n [ 0.46580683  2.34226046 -2.28541128  0.38489436  2.22668944 -0.39496204]\n [ 1.16923999 -1.60969702  0.63564662 -0.51237704 -0.39496204  1.92170613]]", "nfev": "119", "njev": "17", "status": "0", "success": "True", "message": "Optimization terminated successfully.", "x": "[0.66092735 4.18496626 5.84868169 5.79966817 5.06902469 3.2133696 ]", "nit": "15", "callback": [0.29221443917892476, 0.23155816528652684, 0.12623207117402013, 0.009364873326118017, 0.0003666784589012595, 0.0002094801796549417, 0.00017315208844481678, 0.00010993067888886987, 2.4490107919383775e-05, 5.831342311912735e-06, 3.9413435399815455e-06, 3.720527946282637e-06, 3.708387152578929e-06, 3.7020427353651186e-06, 3.7011076836623857e-06]}, "5": {"maxiter": 100, "gtol": 1e-10, "xrtol": 1e-05, "eps": 1e-10, "duration": 0.0281219482421875, "fun": "3.701073368223007e-06", "jac": "[ 5.55111466e-06  3.33066880e-06  4.44089173e-06  4.44089173e-06\n  1.11022293e-06 -1.11022293e-06]", "hess_inv": "[[ 3.34850376 -0.32206221 -0.26454171 -1.24588539  0.46051514  1.17341802]\n [-0.32206221  6.09869836 -3.3551653   0.50734966  2.093916   -1.60790095]\n [-0.26454171 -3.3551653   5.37859782 -1.55461846 -2.03008183  0.55064722]\n [-1.24588539  0.50734966 -1.55461846  2.93714625  0.25905266 -0.4673027 ]\n [ 0.46051514  2.093916   -2.03008183  0.25905266  2.07816472 -0.38349305]\n [ 1.17341802 -1.60790095  0.55064722 -0.4673027  -0.38349305  1.94278464]]", "nfev": "119", "njev": "17", "status": "0", "success": "True", "message": "Optimization terminated successfully.", "x": "[0.66094391 4.18497561 5.84866248 5.79967697 5.0690266  3.21338622]", "nit": "15", "callback": [0.2922156487466805, 0.23155953237207438, 0.12623484248066896, 0.009365533974645901, 0.00036701400179217636, 0.00020948344862437018, 0.00017314755745889698, 0.00010994260790564425, 2.4507588432531868e-05, 5.8181925109979105e-06, 3.9398599502860066e-06, 3.720106597326911e-06, 3.7085436547235062e-06, 3.702212401868188e-06, 3.701073368223007e-06]}, "6": {"maxiter": 100, "gtol": 1e-10, "xrtol": 1e-10, "eps": 1e-05, "duration": 0.08098697662353516, "fun": "3.701038502668119e-06", "jac": "[ 1.56319402e-08  2.63022937e-07  4.79283280e-08 -1.15840670e-07\n -8.49875725e-08  4.96158670e-08]", "hess_inv": "[[  4.2619964   -3.05043728   0.38780613  -2.01601868   8.25443006\n   -5.72425986]\n [ -3.05043728   8.78825159  -4.77955478   3.98310634 -17.60800071\n   16.06134892]\n [  0.38780613  -4.77955478   7.5033918   -2.7476       0.44476144\n   -2.31696983]\n [ -2.01601868   3.98310634  -2.7476       3.5422711   -6.17093472\n    5.41618273]\n [  8.25443006 -17.60800071   0.44476144  -6.17093472  71.73318262\n  -61.11160965]\n [ -5.72425986  16.06134892  -2.31696983   5.41618273 -61.11160965\n   55.13086229]]", "nfev": "341", "njev": "47", "status": "2", "success": "False", "message": "Desired error not necessarily achieved due to precision loss.", "x": "[0.66092557 4.18498579 5.84864875 5.79967441 5.06904202 3.21336406]", "nit": "21", "callback": [0.29221443917892476, 0.23155816528652684, 0.12623207117402013, 0.009364873326118017, 0.0003666784589012595, 0.0002094801796549417, 0.00017315208844481678, 0.00010993067888886987, 2.4490107919383775e-05, 5.831342311912735e-06, 3.9413435399815455e-06, 3.720527946282637e-06, 3.708387152578929e-06, 3.7020427353651186e-06, 3.7011076836623857e-06, 3.701039746561996e-06, 3.701038642778265e-06, 3.7010385868230244e-06, 3.7010385292024495e-06, 3.701038509551502e-06, 3.701038502668119e-06]}, "7": {"maxiter": 100, "gtol": 1e-10, "xrtol": 1e-10, "eps": 1e-10, "duration": 0.1275341510772705, "fun": "3.7010277683657833e-06", "jac": "[-3.33066880e-06  1.11022293e-06 -3.33066880e-06 -1.11022293e-06\n  0.00000000e+00 -3.33066880e-06]", "hess_inv": "[[ 0.15138863  0.08709512 -0.09705865  0.03329773 -0.0184247  -0.07539793]\n [ 0.08709512  0.69084041 -0.24722769  0.72786502 -0.06849408  0.37526928]\n [-0.09705865 -0.24722769  0.12382799 -0.22039698  0.04431794 -0.07951321]\n [ 0.03329773  0.72786502 -0.22039698  0.82923075 -0.02213327  0.4379674 ]\n [-0.0184247  -0.06849408  0.04431794 -0.02213327  0.06381898 -0.0393814 ]\n [-0.07539793  0.37526928 -0.07951321  0.4379674  -0.0393814   0.32328658]]", "nfev": "544", "njev": "77", "status": "2", "success": "False", "message": "Desired error not necessarily achieved due to precision loss.", "x": "[0.6609339  4.1849868  5.84864485 5.79968212 5.06903187 3.21338233]", "nit": "27", "callback": [0.2922156487466805, 0.23155953237207438, 0.12623484248066896, 0.009365533974645901, 0.00036701400179217636, 0.00020948344862437018, 0.00017314755745889698, 0.00010994260790564425, 2.4507588432531868e-05, 5.8181925109979105e-06, 3.9398599502860066e-06, 3.720106597326911e-06, 3.7085436547235062e-06, 3.702212401868188e-06, 3.701073368223007e-06, 3.7010598764597447e-06, 3.7010455746777637e-06, 3.7010433534545584e-06, 3.70104155400508e-06, 3.7010392398562075e-06, 3.701029996361349e-06, 3.7010298471473746e-06, 3.7010297220252397e-06, 3.701027800895318e-06, 3.7010277732507646e-06, 3.7010277692539617e-06, 3.7010277683657833e-06]}, "8": {"maxiter": 500, "gtol": 1e-05, "xrtol": 1e-05, "eps": 1e-05, "duration": 0.027881860733032227, "fun": "3.7011076836623857e-06", "jac": "[ 2.06378248e-06  9.32998123e-07  4.77335949e-06  1.77329262e-06\n -1.28762556e-06 -8.55260307e-07]", "hess_inv": "[[ 3.38874658 -0.26643572 -0.29164902 -1.30094658  0.46580683  1.16923999]\n [-0.26643572  6.54712811 -3.87963676  0.67874618  2.34226046 -1.60969702]\n [-0.29164902 -3.87963676  5.63663518 -1.61609676 -2.28541128  0.63564662]\n [-1.30094658  0.67874618 -1.61609676  3.02389214  0.38489436 -0.51237704]\n [ 0.46580683  2.34226046 -2.28541128  0.38489436  2.22668944 -0.39496204]\n [ 1.16923999 -1.60969702  0.63564662 -0.51237704 -0.39496204  1.92170613]]", "nfev": "119", "njev": "17", "status": "0", "success": "True", "message": "Optimization terminated successfully.", "x": "[0.66092735 4.18496626 5.84868169 5.79966817 5.06902469 3.2133696 ]", "nit": "15", "callback": [0.29221443917892476, 0.23155816528652684, 0.12623207117402013, 0.009364873326118017, 0.0003666784589012595, 0.0002094801796549417, 0.00017315208844481678, 0.00010993067888886987, 2.4490107919383775e-05, 5.831342311912735e-06, 3.9413435399815455e-06, 3.720527946282637e-06, 3.708387152578929e-06, 3.7020427353651186e-06, 3.7011076836623857e-06]}, "9": {"maxiter": 500, "gtol": 1e-05, "xrtol": 1e-05, "eps": 1e-10, "duration": 0.028561830520629883, "fun": "3.701073368223007e-06", "jac": "[ 5.55111466e-06  3.33066880e-06  4.44089173e-06  4.44089173e-06\n  1.11022293e-06 -1.11022293e-06]", "hess_inv": "[[ 3.34850376 -0.32206221 -0.26454171 -1.24588539  0.46051514  1.17341802]\n [-0.32206221  6.09869836 -3.3551653   0.50734966  2.093916   -1.60790095]\n [-0.26454171 -3.3551653   5.37859782 -1.55461846 -2.03008183  0.55064722]\n [-1.24588539  0.50734966 -1.55461846  2.93714625  0.25905266 -0.4673027 ]\n [ 0.46051514  2.093916   -2.03008183  0.25905266  2.07816472 -0.38349305]\n [ 1.17341802 -1.60790095  0.55064722 -0.4673027  -0.38349305  1.94278464]]", "nfev": "119", "njev": "17", "status": "0", "success": "True", "message": "Optimization terminated successfully.", "x": "[0.66094391 4.18497561 5.84866248 5.79967697 5.0690266  3.21338622]", "nit": "15", "callback": [0.2922156487466805, 0.23155953237207438, 0.12623484248066896, 0.009365533974645901, 0.00036701400179217636, 0.00020948344862437018, 0.00017314755745889698, 0.00010994260790564425, 2.4507588432531868e-05, 5.8181925109979105e-06, 3.9398599502860066e-06, 3.720106597326911e-06, 3.7085436547235062e-06, 3.702212401868188e-06, 3.701073368223007e-06]}, "10": {"maxiter": 500, "gtol": 1e-05, "xrtol": 1e-10, "eps": 1e-05, "duration": 0.02787613868713379, "fun": "3.7011076836623857e-06", "jac": "[ 2.06378248e-06  9.32998123e-07  4.77335949e-06  1.77329262e-06\n -1.28762556e-06 -8.55260307e-07]", "hess_inv": "[[ 3.38874658 -0.26643572 -0.29164902 -1.30094658  0.46580683  1.16923999]\n [-0.26643572  6.54712811 -3.87963676  0.67874618  2.34226046 -1.60969702]\n [-0.29164902 -3.87963676  5.63663518 -1.61609676 -2.28541128  0.63564662]\n [-1.30094658  0.67874618 -1.61609676  3.02389214  0.38489436 -0.51237704]\n [ 0.46580683  2.34226046 -2.28541128  0.38489436  2.22668944 -0.39496204]\n [ 1.16923999 -1.60969702  0.63564662 -0.51237704 -0.39496204  1.92170613]]", "nfev": "119", "njev": "17", "status": "0", "success": "True", "message": "Optimization terminated successfully.", "x": "[0.66092735 4.18496626 5.84868169 5.79966817 5.06902469 3.2133696 ]", "nit": "15", "callback": [0.29221443917892476, 0.23155816528652684, 0.12623207117402013, 0.009364873326118017, 0.0003666784589012595, 0.0002094801796549417, 0.00017315208844481678, 0.00010993067888886987, 2.4490107919383775e-05, 5.831342311912735e-06, 3.9413435399815455e-06, 3.720527946282637e-06, 3.708387152578929e-06, 3.7020427353651186e-06, 3.7011076836623857e-06]}, "11": {"maxiter": 500, "gtol": 1e-05, "xrtol": 1e-10, "eps": 1e-10, "duration": 0.02860093116760254, "fun": "3.701073368223007e-06", "jac": "[ 5.55111466e-06  3.33066880e-06  4.44089173e-06  4.44089173e-06\n  1.11022293e-06 -1.11022293e-06]", "hess_inv": "[[ 3.34850376 -0.32206221 -0.26454171 -1.24588539  0.46051514  1.17341802]\n [-0.32206221  6.09869836 -3.3551653   0.50734966  2.093916   -1.60790095]\n [-0.26454171 -3.3551653   5.37859782 -1.55461846 -2.03008183  0.55064722]\n [-1.24588539  0.50734966 -1.55461846  2.93714625  0.25905266 -0.4673027 ]\n [ 0.46051514  2.093916   -2.03008183  0.25905266  2.07816472 -0.38349305]\n [ 1.17341802 -1.60790095  0.55064722 -0.4673027  -0.38349305  1.94278464]]", "nfev": "119", "njev": "17", "status": "0", "success": "True", "message": "Optimization terminated successfully.", "x": "[0.66094391 4.18497561 5.84866248 5.79967697 5.0690266  3.21338622]", "nit": "15", "callback": [0.2922156487466805, 0.23155953237207438, 0.12623484248066896, 0.009365533974645901, 0.00036701400179217636, 0.00020948344862437018, 0.00017314755745889698, 0.00010994260790564425, 2.4507588432531868e-05, 5.8181925109979105e-06, 3.9398599502860066e-06, 3.720106597326911e-06, 3.7085436547235062e-06, 3.702212401868188e-06, 3.701073368223007e-06]}, "12": {"maxiter": 500, "gtol": 1e-10, "xrtol": 1e-05, "eps": 1e-05, "duration": 0.028162002563476562, "fun": "3.7011076836623857e-06", "jac": "[ 2.06378248e-06  9.32998123e-07  4.77335949e-06  1.77329262e-06\n -1.28762556e-06 -8.55260307e-07]", "hess_inv": "[[ 3.38874658 -0.26643572 -0.29164902 -1.30094658  0.46580683  1.16923999]\n [-0.26643572  6.54712811 -3.87963676  0.67874618  2.34226046 -1.60969702]\n [-0.29164902 -3.87963676  5.63663518 -1.61609676 -2.28541128  0.63564662]\n [-1.30094658  0.67874618 -1.61609676  3.02389214  0.38489436 -0.51237704]\n [ 0.46580683  2.34226046 -2.28541128  0.38489436  2.22668944 -0.39496204]\n [ 1.16923999 -1.60969702  0.63564662 -0.51237704 -0.39496204  1.92170613]]", "nfev": "119", "njev": "17", "status": "0", "success": "True", "message": "Optimization terminated successfully.", "x": "[0.66092735 4.18496626 5.84868169 5.79966817 5.06902469 3.2133696 ]", "nit": "15", "callback": [0.29221443917892476, 0.23155816528652684, 0.12623207117402013, 0.009364873326118017, 0.0003666784589012595, 0.0002094801796549417, 0.00017315208844481678, 0.00010993067888886987, 2.4490107919383775e-05, 5.831342311912735e-06, 3.9413435399815455e-06, 3.720527946282637e-06, 3.708387152578929e-06, 3.7020427353651186e-06, 3.7011076836623857e-06]}, "13": {"maxiter": 500, "gtol": 1e-10, "xrtol": 1e-05, "eps": 1e-10, "duration": 0.02815103530883789, "fun": "3.701073368223007e-06", "jac": "[ 5.55111466e-06  3.33066880e-06  4.44089173e-06  4.44089173e-06\n  1.11022293e-06 -1.11022293e-06]", "hess_inv": "[[ 3.34850376 -0.32206221 -0.26454171 -1.24588539  0.46051514  1.17341802]\n [-0.32206221  6.09869836 -3.3551653   0.50734966  2.093916   -1.60790095]\n [-0.26454171 -3.3551653   5.37859782 -1.55461846 -2.03008183  0.55064722]\n [-1.24588539  0.50734966 -1.55461846  2.93714625  0.25905266 -0.4673027 ]\n [ 0.46051514  2.093916   -2.03008183  0.25905266  2.07816472 -0.38349305]\n [ 1.17341802 -1.60790095  0.55064722 -0.4673027  -0.38349305  1.94278464]]", "nfev": "119", "njev": "17", "status": "0", "success": "True", "message": "Optimization terminated successfully.", "x": "[0.66094391 4.18497561 5.84866248 5.79967697 5.0690266  3.21338622]", "nit": "15", "callback": [0.2922156487466805, 0.23155953237207438, 0.12623484248066896, 0.009365533974645901, 0.00036701400179217636, 0.00020948344862437018, 0.00017314755745889698, 0.00010994260790564425, 2.4507588432531868e-05, 5.8181925109979105e-06, 3.9398599502860066e-06, 3.720106597326911e-06, 3.7085436547235062e-06, 3.702212401868188e-06, 3.701073368223007e-06]}, "14": {"maxiter": 500, "gtol": 1e-10, "xrtol": 1e-10, "eps": 1e-05, "duration": 0.08017492294311523, "fun": "3.701038502668119e-06", "jac": "[ 1.56319402e-08  2.63022937e-07  4.79283