{"date": "2024/09/25/, 10:22:27", "conf_id": 204, "data_type": "non_lin_ind\n", "num_data_points": 3, "s_rank": 0, "unitary": "[[-0.24866696+0.58742286j,-0.44704345-0.43151574j,-0.35669027-0.20570733j,-0.10517633+0.1626036j],[0.10596805-0.19687975j,-0.30269685-0.15056416j,0.18246286+0.30440582j,-0.83484447-0.11310748j],[0.26054512-0.52548482j,0.0285017-0.50723956j,-0.43110112+0.17165838j,0.15243271+0.39915801j],[0.42978035+0.11991271j,-0.17224126-0.46030424j,0.6827807-0.15164662j,0.26483638+0.0061855j]]", "databatch_0": {"databatch": "[[[0.05684262+0.24273322j,-0.1217022+0.02060846j,-0.05990894+0.07420011j,-0.04671492-0.20471811j],[-0.34003143+0.47461087j,-0.22405616-0.18265944j,-0.22316524+0.00889849j,0.28866856-0.39812147j],[-0.08381381-0.19043114j,0.09668761-0.03554866j,0.03778372-0.07005008j,0.06968217+0.16079491j],[-0.17050641-0.02436448j,0.01729518-0.08350739j,-0.03271502-0.05719165j,0.14349524+0.02133742j]],[[0.0199814+0.04861631j,-0.12009377+0.20430174j,-0.14483799+0.03845725j,-0.13485658-0.17608334j],[-0.05484252+0.11020634j,-0.54525985+0.1035465j,-0.29119749-0.19589271j,0.10224096-0.50926238j],[-0.02383942-0.03682412j,0.06723117-0.18600394j,0.11293421-0.05373556j,0.13760735+0.12380205j],[-0.03630883+0.00065321j,-0.10134129-0.12859784j,0.0116164-0.1028804j,0.14719724-0.04258443j]],[[0.12468915+0.21971643j,0.06690406+0.10136638j,-0.04159477+0.13746192j,-0.11555961-0.13423577j],[-0.19481122+0.55865635j,-0.07540857+0.27426263j,-0.30638646+0.13875969j,0.05826977-0.41070377j],[-0.13594943-0.16115594j,-0.07041459-0.07291289j,0.0130688-0.11914473j,0.11536623+0.09242615j],[-0.17272824+0.02508391j,-0.08204332+0.01760894j,-0.07803166-0.06128905j,0.11541691-0.0406721j]]]", "initial param values": "[3.34490112,0.51246609,2.84846737,0.16899894,4.61000005,4.94121485]", "nelder_mead": {"type": "gradient-free", "0": {"maxiter": 100, "fatol": 1e-05, "xatol": 1e-05, "duration": 0.04040813446044922, "fun": "0.11225856106003607", "nit": "100", "nfev": "163", "status": "2", "success": "False", "message": "Maximum number of iterations has been exceeded.", "x": "[3.04893745 0.67873034 1.79412343 0.25385902 3.52813486 2.9138059 ]", "final_simplex": "(array([[3.04893745, 0.67873034, 1.79412343, 0.25385902, 3.52813486,\n        2.9138059 ],\n       [3.06482104, 0.6770651 , 1.81799298, 0.25246651, 3.51394538,\n        2.93389348],\n       [3.05520117, 0.6796668 , 1.78542093, 0.25335083, 3.57940606,\n        2.86455891],\n       [3.07637032, 0.6772396 , 1.79119448, 0.25341678, 3.4945368 ,\n        2.96019818],\n       [3.05886658, 0.67829049, 1.80030326, 0.25273424, 3.53309359,\n        2.91156554],\n       [3.0589948 , 0.67879392, 1.79919278, 0.25246654, 3.54835548,\n        2.90312552],\n       [3.07315639, 0.67939639, 1.78022138, 0.25353312, 3.4919072 ,\n        2.94643358]]), array([0.11225856, 0.11226068, 0.11226325, 0.11226495, 0.11227093,\n       0.11231076, 0.11235568]))", "callback": [0.6900859575068803, 0.5458037521524715, 0.3795111320944107, 0.21272116250028406, 0.17818737790368233, 0.12127249085481484, 0.1159203061023022, 0.11342135324618152, 0.11259793776698113, 0.11237848515738202]}, "1": {"maxiter": 100, "fatol": 1e-05, "xatol": 1e-10, "duration": 0.040342092514038086, "fun": "0.11225856106003607", "nit": "100", "nfev": "163", "status": "2", "success": "False", "message": "Maximum number of iterations has been exceeded.", "x": "[3.04893745 0.67873034 1.79412343 0.25385902 3.52813486 2.9138059 ]", "final_simplex": "(array([[3.04893745, 0.67873034, 1.79412343, 0.25385902, 3.52813486,\n        2.9138059 ],\n       [3.06482104, 0.6770651 , 1.81799298, 0.25246651, 3.51394538,\n        2.93389348],\n       [3.05520117, 0.6796668 , 1.78542093, 0.25335083, 3.57940606,\n        2.86455891],\n       [3.07637032, 0.6772396 , 1.79119448, 0.25341678, 3.4945368 ,\n        2.96019818],\n       [3.05886658, 0.67829049, 1.80030326, 0.25273424, 3.53309359,\n        2.91156554],\n       [3.0589948 , 0.67879392, 1.79919278, 0.25246654, 3.54835548,\n        2.90312552],\n       [3.07315639, 0.67939639, 1.78022138, 0.25353312, 3.4919072 ,\n        2.94643358]]), array([0.11225856, 0.11226068, 0.11226325, 0.11226495, 0.11227093,\n       0.11231076, 0.11235568]))", "callback": [0.6900859575068803, 0.5458037521524715, 0.3795111320944107, 0.21272116250028406, 0.17818737790368233, 0.12127249085481484, 0.1159203061023022, 0.11342135324618152, 0.11259793776698113, 0.11237848515738202]}, "2": {"maxiter": 100, "fatol": 1e-10, "xatol": 1e-05, "duration": 0.0386357307434082, "fun": "0.11225856106003607", "nit": "100", "nfev": "163", "status": "2", "success": "False", "message": "Maximum number of iterations has been exceeded.", "x": "[3.04893745 0.67873034 1.79412343 0.25385902 3.52813486 2.9138059 ]", "final_simplex": "(array([[3.04893745, 0.67873034, 1.79412343, 0.25385902, 3.52813486,\n        2.9138059 ],\n       [3.06482104, 0.6770651 , 1.81799298, 0.25246651, 3.51394538,\n        2.93389348],\n       [3.05520117, 0.6796668 , 1.78542093, 0.25335083, 3.57940606,\n        2.86455891],\n       [3.07637032, 0.6772396 , 1.79119448, 0.25341678, 3.4945368 ,\n        2.96019818],\n       [3.05886658, 0.67829049, 1.80030326, 0.25273424, 3.53309359,\n        2.91156554],\n       [3.0589948 , 0.67879392, 1.79919278, 0.25246654, 3.54835548,\n        2.90312552],\n       [3.07315639, 0.67939639, 1.78022138, 0.25353312, 3.4919072 ,\n        2.94643358]]), array([0.11225856, 0.11226068, 0.11226325, 0.11226495, 0.11227093,\n       0.11231076, 0.11235568]))", "callback": [0.6900859575068803, 0.5458037521524715, 0.3795111320944107, 0.21272116250028406, 0.17818737790368233, 0.12127249085481484, 0.1159203061023022, 0.11342135324618152, 0.11259793776698113, 0.11237848515738202]}, "3": {"maxiter": 100, "fatol": 1e-10, "xatol": 1e-10, "duration": 0.03877091407775879, "fun": "0.11225856106003607", "nit": "100", "nfev": "163", "status": "2", "success": "False", "message": "Maximum number of iterations has been exceeded.", "x": "[3.04893745 0.67873034 1.79412343 0.25385902 3.52813486 2.9138059 ]", "final_simplex": "(array([[3.04893745, 0.67873034, 1.79412343, 0.25385902, 3.52813486,\n        2.9138059 ],\n       [3.06482104, 0.6770651 , 1.81799298, 0.25246651, 3.51394538,\n        2.93389348],\n       [3.05520117, 0.6796668 , 1.78542093, 0.25335083, 3.57940606,\n        2.86455891],\n       [3.07637032, 0.6772396 , 1.79119448, 0.25341678, 3.4945368 ,\n        2.96019818],\n       [3.05886658, 0.67829049, 1.80030326, 0.25273424, 3.53309359,\n        2.91156554],\n       [3.0589948 , 0.67879392, 1.79919278, 0.25246654, 3.54835548,\n        2.90312552],\n       [3.07315639, 0.67939639, 1.78022138, 0.25353312, 3.4919072 ,\n        2.94643358]]), array([0.11225856, 0.11226068, 0.11226325, 0.11226495, 0.11227093,\n       0.11231076, 0.11235568]))", "callback": [0.6900859575068803, 0.5458037521524715, 0.3795111320944107, 0.21272116250028406, 0.17818737790368233, 0.12127249085481484, 0.1159203061023022, 0.11342135324618152, 0.11259793776698113, 0.11237848515738202]}, "4": {"maxiter": 500, "fatol": 1e-05, "xatol": 1e-05, "duration": 0.12999916076660156, "fun": "0.05257076869041377", "nit": "339", "nfev": "547", "status": "0", "success": "True", "message": "Optimization terminated successfully.", "x": "[ 2.88974915 -0.35003092  1.068436    1.13000723  3.08124705  3.74006973]", "final_simplex": "(array([[ 2.88974915, -0.35003092,  1.068436  ,  1.13000723,  3.08124705,\n         3.74006973],\n       [ 2.88974924, -0.35003516,  1.06843565,  1.1300106 ,  3.08125185,\n         3.740068  ],\n       [ 2.88974632, -0.35002758,  1.06843688,  1.1300047 ,  3.08124615,\n         3.74006967],\n       [ 2.8897438 , -0.35002789,  1.06843424,  1.13000519,  3.08125386,\n         3.74006545],\n       [ 2.8897463 , -0.3500299 ,  1.06844378,  1.13000607,  3.08125253,\n         3.74006415],\n       [ 2.88975306, -0.35003367,  1.06843588,  1.13000888,  3.08125239,\n         3.74007568],\n       [ 2.88975086, -0.35002494,  1.06844125,  1.1300019 ,  3.08125551,\n         3.7400645 ]]), array([0.05257077, 0.05257077, 0.05257077, 0.05257077, 0.05257077,\n       0.05257077, 0.05257077]))", "callback": [0.6900859575068803, 0.5458037521524715, 0.3795111320944107, 0.21272116250028406, 0.17818737790368233, 0.12127249085481484, 0.1159203061023022, 0.11342135324618152, 0.11259793776698113, 0.11237848515738202, 0.11207888190006854, 0.1117875819833668, 0.11051207585973621, 0.10860191699666555, 0.10474143218496879, 0.08940335785563425, 0.06712286578729332, 0.06532203976942907, 0.0551101766517611, 0.053574405819190485, 0.052845373156023556, 0.05268282348798481, 0.05261504682470408, 0.05258237416927669, 0.05257320785835662, 0.05257122381500512, 0.05257081631797389, 0.05257078144905014, 0.052570772467095295, 0.05257076951367223, 0.052570768959953385, 0.0525707688125151, 0.05257076870676747, 0.05257076869888477]}, "5": {"maxiter": 500, "fatol": 1e-05, "xatol": 1e-10, "duration": 0.1812300682067871, "fun": "0.05257076868560018", "nit": "437", "nfev": "774", "status": "0", "success": "True", "message": "Optimization terminated successfully.", "x": "[ 2.88974653 -0.35003593  1.06843129  1.13001157  3.08124953  3.74007295]", "final_simplex": "(array([[ 2.88974653, -0.35003593,  1.06843129,  1.13001157,  3.08124953,\n         3.74007295],\n       [ 2.88974653, -0.35003593,  1.06843129,  1.13001157,  3.08124953,\n         3.74007295],\n       [ 2.88974653, -0.35003593,  1.06843129,  1.13001157,  3.08124953,\n         3.74007295],\n       [ 2.88974653, -0.35003593,  1.06843129,  1.13001157,  3.08124953,\n         3.74007295],\n       [ 2.88974653, -0.35003593,  1.06843129,  1.13001157,  3.08124953,\n         3.74007295],\n       [ 2.88974653, -0.35003593,  1.06843129,  1.13001157,  3.08124953,\n         3.74007295],\n       [ 2.88974653, -0.35003593,  1.06843129,  1.13001157,  3.08124953,\n         3.74007295]]), array([0.05257077, 0.05257077, 0.05257077, 0.05257077, 0.05257077,\n       0.05257077, 0.05257077]))", "callback": [0.6900859575068803, 0.5458037521524715, 0.3795111320944107, 0.21272116250028406, 0.17818737790368233, 0.12127249085481484, 0.1159203061023022, 0.11342135324618152, 0.11259793776698113, 0.11237848515738202, 0.11207888190006854, 0.1117875819833668, 0.11051207585973621, 0.10860191699666555, 0.10474143218496879, 0.08940335785563425, 0.06712286578729332, 0.06532203976942907, 0.0551101766517611, 0.053574405819190485, 0.052845373156023556, 0.05268282348798481, 0.05261504682470408, 0.05258237416927669, 0.05257320785835662, 0.05257122381500512, 0.05257081631797389, 0.05257078144905014, 0.052570772467095295, 0.05257076951367223, 0.052570768959953385, 0.0525707688125151, 0.05257076870676747, 0.05257076869888477, 0.05257076868832755, 0.052570768686173164, 0.0525707686857283, 0.052570768685613944, 0.05257076868560928, 0.052570768685602176, 0.05257076868560062, 0.05257076868560018, 0.05257076868560018, 0.05257076868560018]}, "6": {"maxiter": 500, "fatol": 1e-10, "xatol": 1e-05, "duration": 0.13507986068725586, "fun": "0.05257076869041377", "nit": "339", "nfev": "547", "status": "0", "success": "True", "message": "Optimization terminated successfully.", "x": "[ 2.88974915 -0.35003092  1.068436    1.13000723  3.08124705  3.74006973]", "final_simplex": "(array([[ 2.88974915, -0.35003092,  1.068436  ,  1.13000723,  3.08124705,\n         3.74006973],\n       [ 2.88974924, -0.35003516,  1.06843565,  1.1300106 ,  3.08125185,\n         3.740068  ],\n       [ 2.88974632, -0.35002758,  1.06843688,  1.1300047 ,  3.08124615,\n         3.74006967],\n       [ 2.8897438 , -0.35002789,  1.06843424,  1.13000519,  3.08125386,\n         3.74006545],\n       [ 2.8897463 , -0.3500299 ,  1.06844378,  1.13000607,  3.08125253,\n         3.74006415],\n       [ 2.88975306, -0.35003367,  1.06843588,  1.13000888,  3.08125239,\n         3.74007568],\n       [ 2.88975086, -0.35002494,  1.06844125,  1.1300019 ,  3.08125551,\n         3.7400645 ]]), array([0.05257077, 0.05257077, 0.05257077, 0.05257077, 0.05257077,\n       0.05257077, 0.05257077]))", "callback": [0.6900859575068803, 0.5458037521524715, 0.3795111320944107, 0.21272116250028406, 0.17818737790368233, 0.12127249085481484, 0.1159203061023022, 0.11342135324618152, 0.11259793776698113, 0.11237848515738202, 0.11207888190006854, 0.1117875819833668, 0.11051207585973621, 0.10860191699666555, 0.10474143218496879, 0.08940335785563425, 0.06712286578729332, 0.06532203976942907, 0.0551101766517611, 0.053574405819190485, 0.052845373156023556, 0.05268282348798481, 0.05261504682470408, 0.05258237416927669, 0.05257320785835662, 0.05257122381500512, 0.05257081631797389, 0.05257078144905014, 0.052570772467095295, 0.05257076951367223, 0.052570768959953385, 0.0525707688125151, 0.05257076870676747, 0.05257076869888477]}, "7": {"maxiter": 500, "fatol": 1e-10, "xatol": 1e-10, "duration": 0.1900479793548584, "fun": "0.05257076868560018", "nit": "437", "nfev": "774", "status": "0", "success": "True", "message": "Optimization terminated successfully.", "x": "[ 2.88974653 -0.35003593  1.06843129  1.13001157  3.08124953  3.74007295]", "final_simplex": "(array([[ 2.88974653, -0.35003593,  1.06843129,  1.13001157,  3.08124953,\n         3.74007295],\n       [ 2.88974653, -0.35003593,  1.06843129,  1.13001157,  3.08124953,\n         3.74007295],\n       [ 2.88974653, -0.35003593,  1.06843129,  1.13001157,  3.08124953,\n         3.74007295],\n       [ 2.88974653, -0.35003593,  1.06843129,  1.13001157,  3.08124953,\n         3.74007295],\n       [ 2.88974653, -0.35003593,  1.06843129,  1.13001157,  3.08124953,\n         3.74007295],\n       [ 2.88974653, -0.35003593,  1.06843129,  1.13001157,  3.08124953,\n         3.74007295],\n       [ 2.88974653, -0.35003593,  1.06843129,  1.13001157,  3.08124953,\n         3.74007295]]), array([0.05257077, 0.05257077, 0.05257077, 0.05257077, 0.05257077,\n       0.05257077, 0.05257077]))", "callback": [0.6900859575068803, 0.5458037521524715, 0.3795111320944107, 0.21272116250028406, 0.17818737790368233, 0.12127249085481484, 0.1159203061023022, 0.11342135324618152, 0.11259793776698113, 0.11237848515738202, 0.11207888190006854, 0.1117875819833668, 0.11051207585973621, 0.10860191699666555, 0.10474143218496879, 0.08940335785563425, 0.06712286578729332, 0.06532203976942907, 0.0551101766517611, 0.053574405819190485, 0.052845373156023556, 0.05268282348798481, 0.05261504682470408, 0.05258237416927669, 0.05257320785835662, 0.05257122381500512, 0.05257081631797389, 0.05257078144905014, 0.052570772467095295, 0.05257076951367223, 0.052570768959953385, 0.0525707688125151, 0.05257076870676747, 0.05257076869888477, 0.05257076868832755, 0.052570768686173164, 0.0525707686857283, 0.052570768685613944, 0.05257076868560928, 0.052570768685602176, 0.05257076868560062, 0.05257076868560018, 0.05257076868560018, 0.05257076868560018]}, "8": {"maxiter": 1000, "fatol": 1e-05, "xatol": 1e-05, "duration": 0.12804508209228516, "fun": "0.05257076869041377", "nit": "339", "nfev": "547", "status": "0", "success": "True", "message": "Optimization terminated successfully.", "x": "[ 2.88974915 -0.35003092  1.068436    1.13000723  3.08124705  3.74006973]", "final_simplex": "(array([[ 2.88974915, -0.35003092,  1.068436  ,  1.13000723,  3.08124705,\n         3.74006973],\n       [ 2.88974924, -0.35003516,  1.06843565,  1.1300106 ,  3.08125185,\n         3.740068  ],\n       [ 2.88974632, -0.35002758,  1.06843688,  1.1300047 ,  3.08124615,\n         3.74006967],\n       [ 2.8897438 , -0.35002789,  1.06843424,  1.13000519,  3.08125386,\n         3.74006545],\n       [ 2.8897463 , -0.3500299 ,  1.06844378,  1.13000607,  3.08125253,\n         3.74006415],\n       [ 2.88975306, -0.35003367,  1.06843588,  1.13000888,  3.08125239,\n         3.74007568],\n       [ 2.88975086, -0.35002494,  1.06844125,  1.1300019 ,  3.08125551,\n         3.7400645 ]]), array([0.05257077, 0.05257077, 0.05257077, 0.05257077, 0.05257077,\n       0.05257077, 0.05257077]))", "callback": [0.6900859575068803, 0.5458037521524715, 0.3795111320944107, 0.21272116250028406, 0.17818737790368233, 0.12127249085481484, 0.1159203061023022, 0.11342135324618152, 0.11259793776698113, 0.11237848515738202, 0.11207888190006854, 0.1117875819833668, 0.11051207585973621, 0.10860191699666555, 0.10474143218496879, 0.08940335785563425, 0.06712286578729332, 0.06532203976942907, 0.0551101766517611, 0.053574405819190485, 0.052845373156023556, 0.05268282348798481, 0.05261504682470408, 0.05258237416927669, 0.05257320785835662, 0.05257122381500512, 0.05257081631797389, 0.05257078144905014, 0.052570772467095295, 0.05257076951367223, 0.052570768959953385, 0.0525707688125151, 0.05257076870676747, 0.05257076869888477]}, "9": {"maxiter": 1000, "fatol": 1e-05, "xatol": 1e-10, "duration": 0.1958761215209961, "fun": "0.05257076868560018", "nit": "437", "nfev": "774", "status": "0", "success": "True", "message": "Optimization terminated successfully.", "x": "[ 2.88974653 -0.35003593  1.06843129  1.13001157  3.08124953  3.74007295]", "final_simplex": "(array([[ 2.88974653, -0.35003593,  1.06843129,  1.13001157,  3.08124953,\n         3.74007295],\n       [ 2.88974653, -0.35003593,  1.06843129,  1.13001157,  3.08124953,\n         3.74007295],\n       [ 2.88974653, -0.35003593,  1.06843129,  1.13001157,  3.08124953,\n         3.74007295],\n       [ 2.88974653, -0.35003593,  1.06843129,  1.13001157,  3.08124953,\n         3.74007295],\n       [ 2.88974653, -0.35003593,  1.06843129,  1.13001157,  3.08124953,\n         3.74007295],\n       [ 2.88974653, -0.35003593,  1.06843129,  1.13001157,  3.08124953,\n         3.74007295],\n       [ 2.88974653, -0.35003593,  1.06843129,  1.13001157,  3.08124953,\n         3.74007295]]), array([0.05257077, 0.05257077, 0.05257077, 0.05257077, 0.05257077,\n       0.05257077, 0.05257077]))", "callback": [0.6900859575068803, 0.5458037521524715, 0.3795111320944107, 0.21272116250028406, 0.17818737790368233, 0.12127249085481484, 0.1159203061023022, 0.11342135324618152, 0.11259793776698113, 0.11237848515738202, 0.11207888190006854, 0.1117875819833668, 0.11051207585973621, 0.10860191699666555, 0.10474143218496879, 0.08940335785563425, 0.06712286578729332, 0.06532203976942907, 0.0551101766517611, 0.053574405819190485, 0.052845373156023556, 0.05268282348798481, 0.05261504682470408, 0.05258237416927669, 0.05257320785835662, 0.05257122381500512, 0.05257081631797389, 0.05257078144905014, 0.052570772467095295, 0.05257076951367223, 0.052570768959953385, 0.0525707688125151, 0.05257076870676747, 0.05257076869888477, 0.05257076868832755, 0.052570768686173164, 0.0525707686857283, 0.052570768685613944, 0.05257076868560928, 0.052570768685602176, 0.05257076868560062, 0.05257076868560018, 0.05257076868560018, 0.05257076868560018]}, "10": {"maxiter": 1000, "fatol": 1e-10, "xatol": 1e-05, "duration": 0.13153815269470215, "fun": "0.05257076869041377", "nit": "339", "nfev": "547", "status": "0", "success": "True", "message": "Optimization terminated successfully.", "x": "[ 2.88974915 -0.35003092  1.068436    1.13000723  3.08124705  3.74006973]", "final_simplex": "(array([[ 2.88974915, -0.35003092,  1.068436  ,  1.13000723,  3.08124705,\n         3.74006973],\n       [ 2.88974924, -0.35003516,  1.06843565,  1.1300106 ,  3.08125185,\n         3.740068  ],\n       [ 2.88974632, -0.35002758,  1.06843688,  1.1300047 ,  3.08124615,\n         3.74006967],\n       [ 2.8897438 , -0.35002789,  1.06843424,  1.13000519,  3.08125386,\n         3.74006545],\n       [ 2.8897463 , -0.3500299 ,  1.06844378,  1.13000607,  3.08125253,\n         3.74006415],\n       [ 2.88975306, -0.35003367,  1.06843588,  1.13000888,  3.08125239,\n         3.74007568],\n       [ 2.88975086, -0.35002494,  1.06844125,  1.1300019 ,  3.08125551,\n         3.7400645 ]]), array([0.05257077, 0.05257077, 0.05257077, 0.05257077, 0.05257077,\n       0.05257077, 0.05257077]))", "callback": [0.6900859575068803, 0.5458037521524715, 0.3795111320944107, 0.21272116250028406, 0.17818737790368233, 0.12127249085481484, 0.1159203061023022, 0.11342135324618152, 0.11259793776698113, 0.11237848515738202, 0.11207888190006854, 0.1117875819833668, 0.11051207585973621, 0.10860191699666555, 0.10474143218496879, 0.08940335785563425, 0.06712286578729332, 0.06532203976942907, 0.0551101766517611, 0.053574405819190485, 0.052845373156023556, 0.05268282348798481, 0.05261504682470408, 0.05258237416927669, 0.05257320785835662, 0.05257122381500512, 0.05257081631797389, 0.05257078144905014, 0.052570772467095295, 0.05257076951367223, 0.052570768959953385, 0.0525707688125151, 0.05257076870676747, 0.05257076869888477]}, "11": {"maxiter": 1000, "fatol": 1e-10, "xatol": 1e-10, "duration": 0.18171119689941406, "fun": "0.05257076868560018", "nit": "437", "nfev": "774", "status": "0", "success": "True", "message": "Optimization terminated successfully.", "x": "[ 2.88974653 -0.35003593  1.06843129  1.13001157  3.08124953  3.74007295]", "final_simplex": "(array([[ 2.88974653, -0.35003593,  1.06843129,  1.13001157,  3.08124953,\n         3.74007295],\n       [ 2.88974653, -0.35003593,  1.06843129,  1.13001157,  3.08124953,\n         3.74007295],\n       [ 2.88974653, -0.35003593,  1.06843129,  1.13001157,  3.08124953,\n         3.74007295],\n       [ 2.88974653, -0.35003593,  1.06843129,  1.13001157,  3.08124953,\n         3.74007295],\n       [ 2.88974653, -0.35003593,  1.06843129,  1.13001157,  3.08124953,\n         3.74007295],\n       [ 2.88974653, -0.35003593,  1.06843129,  1.13001157,  3.08124953,\n         3.74007295],\n       [ 2.88974653, -0.35003593,  1.06843129,  1.13001157,  3.08124953,\n         3.74007295]]), array([0.05257077, 0.05257077, 0.05257077, 0.05257077, 0.05257077,\n       0.05257077, 0.05257077]))", "callback": [0.6900859575068803, 0.5458037521524715, 0.3795111320944107, 0.21272116250028406, 0.17818737790368233, 0.12127249085481484, 0.1159203061023022, 0.11342135324618152, 0.11259793776698113, 0.11237848515738202, 0.11207888190006854, 0.1117875819833668, 0.11051207585973621, 0.10860191699666555, 0.10474143218496879, 0.08940335785563425, 0.06712286578729332, 0.06532203976942907, 0.0551101766517611, 0.053574405819190485, 0.052845373156023556, 0.05268282348798481, 0.05261504682470408, 0.05258237416927669, 0.05257320785835662, 0.05257122381500512, 0.05257081631797389, 0.05257078144905014, 0.052570772467095295, 0.05257076951367223, 0.052570768959953385, 0.0525707688125151, 0.05257076870676747, 0.05257076869888477, 0.05257076868832755, 0.052570768686173164, 0.0525707686857283, 0.052570768685613944, 0.05257076868560928, 0.052570768685602176, 0.05257076868560062, 0.05257076868560018, 0.05257076868560018, 0.05257076868560018]}}, "bfgs": {"type": "gradient", "0": {"maxiter": 100, "gtol": 1e-05, "xrtol": 1e-05, "eps": 1e-05, "duration": 0.03270983695983887, "fun": "0.052570768987870053", "jac": "[-1.61198832e-06  8.34887715e-07 -2.96512814e-06  6.88854529e-06\n -7.14672765e-06  2.37272424e-06]", "hess_inv": "[[ 3.75311119  1.87763    -0.51814908 -0.20691188  1.12304352  1.4026012 ]\n [ 1.87763     8.10990476  3.66866109 -3.21328495 -2.20612163 -1.88462171]\n [-0.51814908  3.66866109  5.62880134 -3.17507681 -2.40750654 -3.71162488]\n [-0.20691188 -3.21328495 -3.17507681  4.9461874   1.28244999  2.29205335]\n [ 1.12304352 -2.20612163 -2.40750654  1.28244999  3.29615081  1.91005273]\n [ 1.4026012  -1.88462171 -3.71162488  2.29205335  1.91005273  4.49329367]]", "nfev": "133", "njev": "19", "status": "0", "success": "True", "message": "Optimization terminated successfully.", "x": "[2.5449935  0.80670088 3.11669644 1.90188225 3.10164679 4.53241768]", "nit": "17", "callback": [0.3643281556395003, 0.2724453553099585, 0.12242154316806886, 0.08478010043422923, 0.059983045824502645, 0.059071186353970906, 0.05747667749832486, 0.05510323383153659, 0.05376142069368128, 0.053258995911912854, 0.05286409930555447, 0.052723826113617256, 0.052616110970427954, 0.05257850789064811, 0.05257125580424871, 0.05257078178327801, 0.052570768987870053]}, "1": {"maxiter": 100, "gtol": 1e-05, "xrtol": 1e-05, "eps": 1e-10, "duration": 0.032514095306396484, "fun": "0.05257076897854063", "jac": "[ 0.00000000e+00  1.11022293e-06 -4.44089173e-06  5.55111466e-06\n -5.55111466e-06  3.33066880e-06]", "hess_inv": "[[ 3.76142395  1.89094012 -0.52560584 -0.21487738  1.11734435  1.41743893]\n [ 1.89094012  8.10491625  3.65104591 -3.20305951 -2.19117602 -1.86661006]\n [-0.52560584  3.65104591  5.62794417 -3.16414145 -2.40057487 -3.71846163]\n [-0.21487738 -3.20305951 -3.16414145  4.93401381  1.26672911  2.28273494]\n [ 1.11734435 -2.19117602 -2.40057487  1.26672911  3.27687305  1.90904048]\n [ 1.41743893 -1.86661006 -3.71846163  2.28273494  1.90904048  4.51067968]]", "nfev": "133", "njev": "19", "status": "0", "success": "True", "message": "Optimization terminated successfully.", "x": "[2.5449865  0.80670055 3.11672271 1.90192687 3.10167898 4.53247414]", "nit": "17", "callback": [0.36432662760071877, 0.272445147259897, 0.12242269871357403, 0.08478228706566104, 0.05998305239862445, 0.05907119148053175, 0.057476583362505274, 0.05510296761902511, 0.05376135539988913, 0.05325901291774482, 0.05286420296177641, 0.0527239459087151, 0.052616138300406234, 0.05257850836433153, 0.05257126011236146, 0.05257078171669016, 0.05257076897854063]}, "2": {"maxiter": 100, "gtol": 1e-05, "xrtol": 1e-10, "eps": 1e-05, "duration": 0.032129764556884766, "fun": "0.052570768987870053", "jac": "[-1.61198832e-06  8.34887715e-07 -2.96512814e-06  6.88854529e-06\n -7.14672765e-06  2.37272424e-06]", "hess_inv": "[[ 3.75311119  1.87763    -0.51814908 -0.20691188  1.12304352  1.4026012 ]\n [ 1.87763     8.10990476  3.66866109 -3.21328495 -2.20612163 -1.88462171]\n [-0.51814908  3.66866109  5.62880134 -3.17507681 -2.40750654 -3.71162488]\n [-0.20691188 -3.21328495 -3.17507681  4.9461874   1.28244999  2.29205335]\n [ 1.12304352 -2.20612163 -2.40750654  1.28244999  3.29615081  1.91005273]\n [ 1.4026012  -1.88462171 -3.71162488  2.29205335  1.91005273  4.49329367]]", "nfev": "133", "njev": "19", "status": "0", "success": "True", "message": "Optimization terminated successfully.", "x": "[2.5449935  0.80670088 3.11669644 1.90188225 3.10164679 4.53241768]", "nit": "17", "callback": [0.3643281556395003, 0.2724453553099585, 0.12242154316806886, 0.08478010043422923, 0.059983045824502645, 0.059071186353970906, 0.05747667749832486, 0.05510323383153659, 0.05376142069368128, 0.053258995911912854, 0.05286409930555447, 0.052723826113617256, 0.052616110970427954, 0.05257850789064811, 0.05257125580424871, 0.05257078178327801, 0.052570768987870053]}, "3": {"maxiter": 100, "gtol": 1e-05, "xrtol": 1e-10, "eps": 1e-10, "duration": 0.03217291831970215, "fun": "0.05257076897854063", "jac": "[ 0.00000000e+00  1.11022293e-06 -4.44089173e-06  5.55111466e-06\n -5.55111466e-06  3.33066880e-06]", "hess_inv": "[[ 3.76142395  1.89094012 -0.52560584 -0.21487738  1.11734435  1.41743893]\n [ 1.89094012  8.10491625  3.65104591 -3.20305951 -2.19117602 -1.86661006]\n [-0.52560584  3.65104591  5.62794417 -3.16414145 -2.40057487 -3.71846163]\n [-0.21487738 -3.20305951 -3.16414145  4.93401381  1.26672911  2.28273494]\n [ 1.11734435 -2.19117602 -2.40057487  1.26672911  3.27687305  1.90904048]\n [ 1.41743893 -1.86661006 -3.71846163  2.28273494  1.90904048  4.51067968]]", "nfev": "133", "njev": "19", "status": "0", "success": "True", "message": "Optimization terminated successfully.", "x": "[2.5449865  0.80670055 3.11672271 1.90192687 3.10167898 4.53247414]", "nit": "17", "callback": [0.36432662760071877, 0.272445147259897, 0.12242269871357403, 0.08478228706566104, 0.05998305239862445, 0.05907119148053175, 0.057476583362505274, 0.05510296761902511, 0.05376135539988913, 0.05325901291774482, 0.05286420296177641, 0.0527239459087151, 0.052616138300406234, 0.05257850836433153, 0.05257126011236146, 0.05257078171669016, 0.05257076897854063]}, "4": {"maxiter": 100, "gtol": 1e-10, "xrtol": 1e-05, "eps": 1e-05, "duration": 0.03416919708251953, "fun": "0.052570768712871474", "jac": "[-5.02586861e-07  8.26261282e-07  4.60542715e-07  9.00157726e-07\n -2.74236189e-07  1.71551662e-06]", "hess_inv": "[[ 3.80067197  1.9711647  -0.35229214 -0.43361756  1.16928727  1.26684924]\n [ 1.9711647   8.29363349  4.00340609 -3.66842761 -2.11180058 -2.16104451]\n [-0.35229214  4.00340609  5.87359898 -3.6036227  -2.37775038 -3.81703537]\n [-0.43361756 -3.66842761 -3.6036227   5.63390486  1.20474462  2.53976233]\n [ 1.16928727 -2.11180058 -2.37775038  1.20474462  3.28927076  1.92313036]\n [ 1.26684924 -2.16104451 -3.81703537  2.53976233  1.92313036  4.47482481]]", "nfev": "140", "njev": "20", "status": "0", "success": "True", "message": "Optimization terminated successfully.", "x": "[2.54500528 0.80672431 3.11672684 1.90183771 3.10165404 4.53239584]", "nit": "18", "callback": [0.3643281556395003, 0.2724453553099585, 0.12242154316806886, 0.08478010043422923, 0.059983045824502645, 0.059071186353970906, 0.05747667749832486, 0.05510323383153659, 0.05376142069368128, 0.053258995911912854, 0.05286409930555447, 0.052723826113617256, 0.052616110970427954, 0.05257850789064811, 0.05257125580424871, 0.05257078178327801, 0.052570768987870053, 0.052570768712871474]}, "5": {"maxiter": 100, "gtol": 1e-10, "xrtol": 1e-05, "eps": 1e-10, "duration": 0.03998589515686035, "fun": "0.05257076869850785", "jac": "[ 0.00000000e+00 -1.11022293e-06  0.00000000e+00  2.22044587e-06\n -1.11022293e-06 -1.11022293e-06]", "hess_inv": "[[ 3.6581592   1.46357933 -1.01445699  0.38636797  1.15546863  1.74827177]\n [ 1.46357933  7.10728919  2.8098777  -2.52414962 -2.00505531 -1.16484687]\n [-1.01445699  2.8098777   5.09302829 -3.1688224  -2.14687388 -3.0905348 ]\n [ 0.38636797 -2.52414962 -3.1688224   5.49641541  1.04875625  2.12371354]\n [ 1.15546863 -2.00505531 -2.14687388  1.04875625  3.23666401  1.68489191]\n [ 1.74827177 -1.16484687 -3.0905348   2.12371354  1.68489191  3.80760882]]", "nfev": "168", "njev": "24", "status": "0", "success": "True", "message": "Optimization terminated successfully.", "x": "[2.54498606 0.80672383 3.11676379 1.90188169 3.10167577 4.5324416 ]", "nit": "19", "callback": [0.36432662760071877, 0.272445147259897, 0.12242269871357403, 0.08478228706566104, 0.05998305239862445, 0.05907119148053175, 0.057476583362505274, 0.05510296761902511, 0.05376135539988913, 0.05325901291774482, 0.05286420296177641, 0.0527239459087151, 0.052616138300406234, 0.05257850836433153, 0.05257126011236146, 0.05257078171669016, 0.05257076897854063, 0.05257076869887012, 0.05257076869850785]}, "6": {"maxiter": 100, "gtol": 1e-10, "xrtol": 1e-10, "eps": 1e-05, "duration": 0.08610010147094727, "fun": "0.052570768712871474", "jac": "[-5.02586861e-07  8.26261282e-07  4.60542715e-07  9.00157726e-07\n -2.74236189e-07  1.71551662e-06]", "hess_inv": "[[ 3.71963348  1.82966208 -0.41480742 -0.34991381  1.13448835  1.2293473 ]\n [ 1.82966208  8.05136941  3.93000314 -3.57661055 -2.16889356 -2.27231482]\n [-0.41480742  3.93000314  6.09084412 -3.94249546 -2.3773474  -4.18591614]\n [-0.34991381 -3.57661055 -3.94249546  6.16057378  1.19927875  3.0951306 ]\n [ 1.13448835 -2.16889356 -2.3773474   1.19927875  3.27712437  1.87213422]\n [ 1.2293473  -2.27231482 -4.18591614  3.0951306   1.87213422  4.89279631]]", "nfev": "361", "njev": "50", "status": "2", "success": "False", "message": "Desired error not necessarily achieved due to precision loss.", "x": "[2.54500528 0.80672431 3.11672684 1.90183771 3.10165404 4.53239584]", "nit": "18", "callback": [0.3643281556395003, 0.2724453553099585, 0.12242154316806886, 0.08478010043422923, 0.059983045824502645, 0.059071186353970906, 0.05747667749832486, 0.05510323383153659, 0.05376142069368128, 0.053258995911912854, 0.05286409930555447, 0.052723826113617256, 0.052616110970427954, 0.05257850789064811, 0.05257125580424871, 0.05257078178327801, 0.052570768987870053, 0.052570768712871474]}, "7": {"maxiter": 100, "gtol": 1e-10, "xrtol": 1e-10, "eps": 1e-10, "duration": 0.0985260009765625, "fun": "0.052570768694687686", "jac": "[-1.11022293e-06 -5.55111466e-06  0.00000000e+00  1.11022293e-06\n -4.44089173e-06  1.11022293e-06]", "hess_inv": "[[  0.57056442  -1.9163986   -2.91220281   3.0621948    2.08102858\n    1.37197751]\n [ -1.9163986   13.47792909  17.55931617 -24.62384015 -15.11078052\n   -9.06764033]\n [ -2.91220281  17.55931617  24.99318557 -32.70989288 -19.98517849\n  -12.19027757]\n [  3.0621948  -24.62384015 -32.70989288  47.08486147  28.03630645\n   16.67640398]\n [  2.08102858 -15.11078052 -19.98517849  28.03630645  17.07396892\n   10.21271597]\n [  1.37197751  -9.06764033 -12.19027757  16.67640398  10.21271597\n    6.25373434]]", "nfev": "411", "njev": "57", "status": "2", "success": "False", "message": "Desired error not necessarily achieved due to precision loss.", "x": "[2.54498607 0.80672498 3.11676635 1.90187688 3.10167414 4.53244067]", "nit": "23", "callback": [0.36432662760071877, 0.272445147259897, 0.12242269871357403, 0.08478228706566104, 0.05998305239862445, 0.05907119148053175, 0.057476583362505274, 0.05510296761902511, 0.05376135539988913, 0.05325901291774482, 0.05286420296177641, 0.0527239459087151, 0.052616138300406234, 0.05257850836433153, 0.05257126011236146, 0.05257078171669016, 0.05257076897854063, 0.05257076869887012, 0.05257076869850785, 0.05257076869794053, 0.052570768697147385, 0.052570768695617276, 0.052570768694687686]}, "8": {"maxiter": 500, "gtol": 1e-05, "xrtol": 1e-05, "eps": 1e-05, "duration": 0.032112836837768555, "fun": "0.052570768987870053", "jac": "[-1.61198832e-06  8.34887715e-07 -2.96512814e-06  6.88854529e-06\n -7.14672765e-06  2.37272424e-06]", "hess_inv": "[[ 3.75311119  1.87763    -0.51814908 -0.20691188  1.12304352  1.4026012 ]\n [ 1.87763     8.10990476  3.66866109 -3.21328495 -2.20612163 -1.88462171]\n [-0.51814908  3.66866109  5.62880134 -3.17507681 -2.40750654 -3.71162488]\n [-0.20691188 -3.21328495 -3.17507681  4.9461874   1.28244999  2.29205335]\n [ 1.12304352 -2.20612163 -2.40750654  1.28244999  3.29615081  1.91005273]\n [ 1.4026012  -1.88462171 -3.71162488  2.29205335  1.91005273  4.49329367]]", "nfev": "133", "njev": "19", "status": "0", "success": "True", "message": "Optimization terminated successfully.", "x": "[2.5449935  0.80670088 3.11669644 1.90188225 3.10164679 4.53241768]", "nit": "17", "callback": [0.3643281556395003, 0.2724453553099585, 0.12242154316806886, 0.08478010043422923, 0.059983045824502645, 0.059071186353970906, 0.05747667749832486, 0.05510323383153659, 0.05376142069368128, 0.053258995911912854, 0.05286409930555447, 0.052723826113617256, 0.052616110970427954, 0.05257850789064811, 0.05257125580424871, 0.05257078178327801, 0.052570768987870053]}, "9": {"maxiter": 500, "gtol": 1e-05, "xrtol": 1e-05, "eps": 1e-10, "duration": 0.03326010704040527, "fun": "0.05257076897854063", "jac": "[ 0.00000000e+00  1.11022293e-06 -4.44089173e-06  5.55111466e-06\n -5.55111466e-06  3.33066880e-06]", "hess_inv": "[[ 3.76142395  1.89094012 -0.52560584 -0.21487738  1.11734435  1.41743893]\n [ 1.89094012  8.10491625  3.65104591 -3.20305951 -2.19117602 -1.86661006]\n [-0.52560584  3.65104591  5.62794417 -3.16414145 -2.40057487 -3.71846163]\n [-0.21487738 -3.20305951 -3.16414145  4.93401381  1.26672911  2.28273494]\n [ 1.11734435 -2.19117602 -2.40057487  1.26672911  3.27687305  1.90904048]\n [ 1.41743893 -1.86661006 -3.71846163  2.28273494  1.90904048  4.51067968]]", "nfev": "133", "njev": "19", "status": "0", "success": "True", "message": "Optimization terminated successfully.", "x": "[2.5449865  0.80670055 3.11672271 1.90192687 3.10167898 4.53247414]", "nit": "17", "callback": [0.36432662760071877, 0.272445147259897, 0.12242269871357403, 0.08478228706566104, 0.05998305239862445, 0.05907119148053175, 0.057476583362505274, 0.05510296761902511, 0.05376135539988913, 0.05325901291774482, 0.05286420296177641, 0.0527239459087151, 0.052616138300406234, 0.05257850836433153, 0.05257126011236146, 0.05257078171669016, 0.05257076897854063]}, "10": {"maxiter": 500, "gtol": 1e-05, "xrtol": 1e-10, "eps": 1e-05, "duration": 0.032257080078125, "fun": "0.052570768987870053", "jac": "[-1.61198832e-06  8.34887715e-07 -2.96512814e-06  6.88854529e-06\n -7.14672765e-06  2.37272424e-06]", "hess_inv": "[[ 3.75311119  1.87763    -0.51814908 -0.20691188  1.12304352  1.4026012 ]\n [ 1.87763     8.10990476  3.66866109 -3.21328495 -2.20612163 -1.88462171]\n [-0.51814908  3.66866109  5.62880134 -3.17507681 -2.40750654 -3.71162488]\n [-0.20691188 -3.21328495 -3.17507681  4.9461874   1.28244999  2.29205335]\n [ 1.12304352 -2.20612163 -2.40750654  1.28244999  3.29615081  1.91005273]\n [ 1.4026012  -1.88462171 -3.71162488  2.29205335  1.91005273  4.49329367]]", "nfev": "133", "njev": "19", "status": "0", "success": "True", "message": "Optimization terminated successfully.", "x": "[2.5449935  0.80670088 3.11669644 1.90188225 3.10164679 4.53241768]", "nit": "17", "callback": [0.3643281556395003, 0.2724453553099585, 0.12242154316806886, 0.08478010043422923, 0.059983045824502645, 0.059071186353970906, 0.05747667749832486, 0.05510323383153659, 0.05376142069368128, 0.053258995911912854, 0.05286409930555447, 0.052723826113617256, 0.052616110970427954, 0.05257850789064811, 0.05257125580424871, 0.05257078178327801, 0.052570768987870053]}, "11": {"maxiter": 500, "gtol": 1e-05, "xrtol": 1e-10, "eps": 1e-10, "duration": 0.0320582389831543, "fun": "0.05257076897854063", "jac": "[ 0.00000000e+00  1.11022293e-06 -4.44089173e-06  5.55111466e-06\n -5.55111466e-06  3.33066880e-06]", "hess_inv": "[[ 3.76142395  1.89094012 -0.52560584 -0.21487738  1.11734435  1.41743893]\n [ 1.89094012  8.10491625  3.65104591 -3.20305951 -2.19117602 -1.86661006]\n [-0.52560584  3.65104591  5.62794417 -3.16414145 -2.40057487 -3.71846163]\n [-0.21487738 -3.20305951 -3.16414145  4.93401381  1.26672911  2.28273494]\n [ 1.11734435 -2.19117602 -2.40057487  1.26672911  3.27687305  1.90904048]\n [ 1.41743893 -1.86661006 -3.71846163  2.28273494  1.90904048  4.51067968]]", "nfev": "133", "njev": "19", "status": "0", "success": "True", "message": "Optimization terminated successfully.", "x": "[2.5449865  0.80670055 3.11672271 1.90192687 3.10167898 4.53247414]", "nit": "17", "callback": [0.36432662760071877, 0.272445147259897, 0.12242269871357403, 0.08478228706566104, 0.05998305239862445, 0.05907119148053175, 0.057476583362505274, 0.05510296761902511, 0.05376135539988913, 0.05325901291774482, 0.05286420296177641, 0.0527239459087151, 0.052616138300406234, 0.05257850836433153, 0.05257126011236146, 0.05257078171669016, 0.05257076897854063]}, "12": {"maxiter": 500, "gtol": 1e-10, "xrtol": 1e-05, "eps": 1e-05, "duration": 0.0327301025390625, "fun": "0.052570768712871474", "jac": "[-5.02586861e-07  8.26261282e-07  4.60542715e-07  9.00157726e-07\n -2.74236189e-07  1.71551662e-06]", "hess_inv": "[[ 3.80067197  1.9711647  -0.35229214 -0.43361756  1.16928727  1.26684924]\n [ 1.9711647   8.29363349  4.00340609 -3.66842761 -2.11180058 -2.16104451]\n [-0.35229214  4.00340609  5.87359898 -3.6036227  -2.37775038 -3.81703537]\n [-0.43361756 -3.66842761 -3.6036227   5.63390486  1.20474462  2.53976233]\n [ 1.16928727 -2.11180058 -2.37775038  1.20474462  3.28927076  1.92313036]\n [ 1.26684924 -2.16104451 -3.81703537  2.53976233  1.92313036  4.47482481]]", "nfev": "140", "njev": "20", "status": "0", "success": "True", "message": "Optimization terminated successfully.", "x": "[2.54500528 0.80672431 3.11672684 1.90183771 3.10165404 4.53239584]", "nit": "18", "callback": [0.3643281556395003, 0.2724453553099585, 0.12242154316806886, 0.08478010043422923, 0.059983045824502645, 0.059071186353970906, 0.05747667749832486, 0.05510323383153659, 0.05376142069368128, 0.053258995911912854, 0.05286409930555447, 0.052723826113617256, 0.052616110970427954, 0.05257850789064811, 0.05257125580424871, 0.05257078178327801, 0.052570768987870053, 0.052570768712871474]}, "13": {"maxiter": 500, "gtol": 1e-10, "xrtol": 1e-05, "eps": 1e-10, "duration": 0.03963279724121094, "fun": "0.05257076869850785", "jac": "[ 0.00000000e+00 -1.11022293e-06  0.00000000e+00  2.22044587e-06\n -1.11022293e-06 -1.11022293e-06]", "he