{"date": "2024/09/25/, 16:20:19", "conf_id": 267, "data_type": "var_s_rank\n", "num_data_points": 2, "s_rank": 0, "unitary": "[[0.18663085-0.53122324j,-0.11886349-0.70040876j,0.28555095-0.02789305j,-0.12262021-0.2844587j],[-0.16702216+0.27758472j,0.27526351-0.29738586j,-0.01109314+0.22495461j,-0.77239203+0.28900673j],[0.61935415+0.12301792j,-0.31269928-0.03315917j,-0.61902762-0.19039079j,-0.27120731-0.0968989j],[0.42341754+0.0023929j,-0.05847358+0.47832119j,0.64900495-0.16218422j,-0.37182676-0.05229966j]]", "databatch_0": {"databatch": "[[[0.06620752-0.01316742j,0.21297463+0.07364459j,0.08145216+0.21448969j,0.09043553+0.24839247j],[0.18646601+0.11931552j,-0.18304782-0.19267895j,-0.17702562-0.0367266j,-0.18948068-0.22858321j],[0.09583242+0.31851314j,0.24700504+0.18111233j,-0.35180206+0.0756582j,0.00957092+0.02581479j],[0.35387441+0.01523825j,-0.09048363-0.03726684j,-0.14149352-0.10561924j,0.25892743-0.11711978j]],[[0.08044148-0.00798308j,-0.18098465-0.08007931j,-0.04363443+0.21697875j,0.18134152+0.00981437j],[-0.09915994-0.13452366j,0.04886689+0.40622683j,0.43169583-0.15165654j,-0.17411508-0.33263801j],[0.06579614+0.0016566j,-0.13815428-0.08293764j,-0.05711975+0.17090796j,0.14552351+0.02620396j],[0.06652708+0.08923345j,-0.03401541-0.27036893j,-0.28695919+0.10256517j,0.11716398+0.22090571j]]]", "initial param values": "[4.77682952,1.14103104,3.0447856,4.89554158,2.31830927,0.48324714]", "nelder_mead": {"type": "gradient-free", "0": {"maxiter": 100, "fatol": 1e-05, "xatol": 1e-05, "duration": 0.04116415977478027, "fun": "0.4985210951150182", "nit": "100", "nfev": "166", "status": "2", "success": "False", "message": "Maximum number of iterations has been exceeded.", "x": "[4.80343164 2.35497032 3.19125346 6.36185831 2.94228318 0.53532855]", "final_simplex": "(array([[4.80343164, 2.35497032, 3.19125346, 6.36185831, 2.94228318,\n        0.53532855],\n       [4.81911651, 2.1221307 , 3.0384472 , 6.18924017, 2.8311256 ,\n        0.49888904],\n       [4.79116336, 2.25691573, 3.09953251, 6.18079918, 3.06730419,\n        0.51531125],\n       [4.87318316, 2.42294646, 3.05099649, 6.22815522, 3.1357782 ,\n        0.51485583],\n       [4.75943847, 2.17298152, 2.90766715, 6.07708272, 2.95069706,\n        0.48458206],\n       [4.72831412, 2.32289418, 2.88382992, 6.03088165, 2.95436244,\n        0.47740036],\n       [4.89188675, 2.23752853, 2.9347305 , 6.0150937 , 2.89036819,\n        0.49635307]]), array([0.4985211 , 0.49990667, 0.50102535, 0.50141659, 0.50177754,\n       0.50326108, 0.50395275]))", "callback": [0.6394656573599704, 0.5398421904523061, 0.5256633128565145, 0.5251092588853624, 0.5236866804710367, 0.52249425930108, 0.5190384742944278, 0.515952262188644, 0.5097347423915797, 0.5032610786076552]}, "1": {"maxiter": 100, "fatol": 1e-05, "xatol": 1e-10, "duration": 0.03977012634277344, "fun": "0.4985210951150182", "nit": "100", "nfev": "166", "status": "2", "success": "False", "message": "Maximum number of iterations has been exceeded.", "x": "[4.80343164 2.35497032 3.19125346 6.36185831 2.94228318 0.53532855]", "final_simplex": "(array([[4.80343164, 2.35497032, 3.19125346, 6.36185831, 2.94228318,\n        0.53532855],\n       [4.81911651, 2.1221307 , 3.0384472 , 6.18924017, 2.8311256 ,\n        0.49888904],\n       [4.79116336, 2.25691573, 3.09953251, 6.18079918, 3.06730419,\n        0.51531125],\n       [4.87318316, 2.42294646, 3.05099649, 6.22815522, 3.1357782 ,\n        0.51485583],\n       [4.75943847, 2.17298152, 2.90766715, 6.07708272, 2.95069706,\n        0.48458206],\n       [4.72831412, 2.32289418, 2.88382992, 6.03088165, 2.95436244,\n        0.47740036],\n       [4.89188675, 2.23752853, 2.9347305 , 6.0150937 , 2.89036819,\n        0.49635307]]), array([0.4985211 , 0.49990667, 0.50102535, 0.50141659, 0.50177754,\n       0.50326108, 0.50395275]))", "callback": [0.6394656573599704, 0.5398421904523061, 0.5256633128565145, 0.5251092588853624, 0.5236866804710367, 0.52249425930108, 0.5190384742944278, 0.515952262188644, 0.5097347423915797, 0.5032610786076552]}, "2": {"maxiter": 100, "fatol": 1e-10, "xatol": 1e-05, "duration": 0.038726806640625, "fun": "0.4985210951150182", "nit": "100", "nfev": "166", "status": "2", "success": "False", "message": "Maximum number of iterations has been exceeded.", "x": "[4.80343164 2.35497032 3.19125346 6.36185831 2.94228318 0.53532855]", "final_simplex": "(array([[4.80343164, 2.35497032, 3.19125346, 6.36185831, 2.94228318,\n        0.53532855],\n       [4.81911651, 2.1221307 , 3.0384472 , 6.18924017, 2.8311256 ,\n        0.49888904],\n       [4.79116336, 2.25691573, 3.09953251, 6.18079918, 3.06730419,\n        0.51531125],\n       [4.87318316, 2.42294646, 3.05099649, 6.22815522, 3.1357782 ,\n        0.51485583],\n       [4.75943847, 2.17298152, 2.90766715, 6.07708272, 2.95069706,\n        0.48458206],\n       [4.72831412, 2.32289418, 2.88382992, 6.03088165, 2.95436244,\n        0.47740036],\n       [4.89188675, 2.23752853, 2.9347305 , 6.0150937 , 2.89036819,\n        0.49635307]]), array([0.4985211 , 0.49990667, 0.50102535, 0.50141659, 0.50177754,\n       0.50326108, 0.50395275]))", "callback": [0.6394656573599704, 0.5398421904523061, 0.5256633128565145, 0.5251092588853624, 0.5236866804710367, 0.52249425930108, 0.5190384742944278, 0.515952262188644, 0.5097347423915797, 0.5032610786076552]}, "3": {"maxiter": 100, "fatol": 1e-10, "xatol": 1e-10, "duration": 0.038863182067871094, "fun": "0.4985210951150182", "nit": "100", "nfev": "166", "status": "2", "success": "False", "message": "Maximum number of iterations has been exceeded.", "x": "[4.80343164 2.35497032 3.19125346 6.36185831 2.94228318 0.53532855]", "final_simplex": "(array([[4.80343164, 2.35497032, 3.19125346, 6.36185831, 2.94228318,\n        0.53532855],\n       [4.81911651, 2.1221307 , 3.0384472 , 6.18924017, 2.8311256 ,\n        0.49888904],\n       [4.79116336, 2.25691573, 3.09953251, 6.18079918, 3.06730419,\n        0.51531125],\n       [4.87318316, 2.42294646, 3.05099649, 6.22815522, 3.1357782 ,\n        0.51485583],\n       [4.75943847, 2.17298152, 2.90766715, 6.07708272, 2.95069706,\n        0.48458206],\n       [4.72831412, 2.32289418, 2.88382992, 6.03088165, 2.95436244,\n        0.47740036],\n       [4.89188675, 2.23752853, 2.9347305 , 6.0150937 , 2.89036819,\n        0.49635307]]), array([0.4985211 , 0.49990667, 0.50102535, 0.50141659, 0.50177754,\n       0.50326108, 0.50395275]))", "callback": [0.6394656573599704, 0.5398421904523061, 0.5256633128565145, 0.5251092588853624, 0.5236866804710367, 0.52249425930108, 0.5190384742944278, 0.515952262188644, 0.5097347423915797, 0.5032610786076552]}, "4": {"maxiter": 500, "fatol": 1e-05, "xatol": 1e-05, "duration": 0.17809581756591797, "fun": "0.4766786824743017", "nit": "500", "nfev": "776", "status": "2", "success": "False", "message": "Maximum number of iterations has been exceeded.", "x": "[ 4.30104587  2.25436613  2.91920835  6.98565708  4.77894032 -1.2812137 ]", "final_simplex": "(array([[ 4.30104587,  2.25436613,  2.91920835,  6.98565708,  4.77894032,\n        -1.2812137 ],\n       [ 4.30375975,  2.25463336,  2.92066621,  6.98618417,  4.77660999,\n        -1.27657393],\n       [ 4.30236769,  2.25693014,  2.92003942,  6.98648605,  4.78032278,\n        -1.27891562],\n       [ 4.30185683,  2.25518491,  2.92023396,  6.98652166,  4.77789922,\n        -1.28027161],\n       [ 4.30190483,  2.25476272,  2.91697766,  6.98823841,  4.78281247,\n        -1.2849164 ],\n       [ 4.30002502,  2.25392963,  2.91718653,  6.98839681,  4.78425215,\n        -1.28679252],\n       [ 4.29986596,  2.25445378,  2.91881792,  6.98699916,  4.78050458,\n        -1.28316533]]), array([0.47667868, 0.47667964, 0.47668168, 0.47668267, 0.4766866 ,\n       0.47668679, 0.47669022]))", "callback": [0.6394656573599704, 0.5398421904523061, 0.5256633128565145, 0.5251092588853624, 0.5236866804710367, 0.52249425930108, 0.5190384742944278, 0.515952262188644, 0.5097347423915797, 0.5032610786076552, 0.4985210951150182, 0.49832802048913405, 0.49791331059757005, 0.4979022524947453, 0.4978961066798506, 0.49789028280103365, 0.49788751481424, 0.49788680753740233, 0.4978860815401914, 0.4978847900907447, 0.4978824008884122, 0.4978768866529857, 0.4978417908131144, 0.4976165493685404, 0.4968303347465248, 0.4964305116552188, 0.49512743019412286, 0.4940051440740888, 0.493621216156265, 0.49221994054248364, 0.49142450531984205, 0.48846561210472506, 0.48790025995262676, 0.4873609035961668, 0.48501200873054096, 0.47974308522810993, 0.47683391634161, 0.47683391634161, 0.47672559332512243, 0.47670948482810427, 0.47670476772122916, 0.47670467377777415, 0.4767043860419652, 0.47670399266641983, 0.4767039328829644, 0.4767038950389224, 0.4767037447227286, 0.4767033654972954, 0.47670074167724263, 0.4766922030070523]}, "5": {"maxiter": 500, "fatol": 1e-05, "xatol": 1e-10, "duration": 0.17612719535827637, "fun": "0.4766786824743017", "nit": "500", "nfev": "776", "status": "2", "success": "False", "message": "Maximum number of iterations has been exceeded.", "x": "[ 4.30104587  2.25436613  2.91920835  6.98565708  4.77894032 -1.2812137 ]", "final_simplex": "(array([[ 4.30104587,  2.25436613,  2.91920835,  6.98565708,  4.77894032,\n        -1.2812137 ],\n       [ 4.30375975,  2.25463336,  2.92066621,  6.98618417,  4.77660999,\n        -1.27657393],\n       [ 4.30236769,  2.25693014,  2.92003942,  6.98648605,  4.78032278,\n        -1.27891562],\n       [ 4.30185683,  2.25518491,  2.92023396,  6.98652166,  4.77789922,\n        -1.28027161],\n       [ 4.30190483,  2.25476272,  2.91697766,  6.98823841,  4.78281247,\n        -1.2849164 ],\n       [ 4.30002502,  2.25392963,  2.91718653,  6.98839681,  4.78425215,\n        -1.28679252],\n       [ 4.29986596,  2.25445378,  2.91881792,  6.98699916,  4.78050458,\n        -1.28316533]]), array([0.47667868, 0.47667964, 0.47668168, 0.47668267, 0.4766866 ,\n       0.47668679, 0.47669022]))", "callback": [0.6394656573599704, 0.5398421904523061, 0.5256633128565145, 0.5251092588853624, 0.5236866804710367, 0.52249425930108, 0.5190384742944278, 0.515952262188644, 0.5097347423915797, 0.5032610786076552, 0.4985210951150182, 0.49832802048913405, 0.49791331059757005, 0.4979022524947453, 0.4978961066798506, 0.49789028280103365, 0.49788751481424, 0.49788680753740233, 0.4978860815401914, 0.4978847900907447, 0.4978824008884122, 0.4978768866529857, 0.4978417908131144, 0.4976165493685404, 0.4968303347465248, 0.4964305116552188, 0.49512743019412286, 0.4940051440740888, 0.493621216156265, 0.49221994054248364, 0.49142450531984205, 0.48846561210472506, 0.48790025995262676, 0.4873609035961668, 0.48501200873054096, 0.47974308522810993, 0.47683391634161, 0.47683391634161, 0.47672559332512243, 0.47670948482810427, 0.47670476772122916, 0.47670467377777415, 0.4767043860419652, 0.47670399266641983, 0.4767039328829644, 0.4767038950389224, 0.4767037447227286, 0.4767033654972954, 0.47670074167724263, 0.4766922030070523]}, "6": {"maxiter": 500, "fatol": 1e-10, "xatol": 1e-05, "duration": 0.1877758502960205, "fun": "0.4766786824743017", "nit": "500", "nfev": "776", "status": "2", "success": "False", "message": "Maximum number of iterations has been exceeded.", "x": "[ 4.30104587  2.25436613  2.91920835  6.98565708  4.77894032 -1.2812137 ]", "final_simplex": "(array([[ 4.30104587,  2.25436613,  2.91920835,  6.98565708,  4.77894032,\n        -1.2812137 ],\n       [ 4.30375975,  2.25463336,  2.92066621,  6.98618417,  4.77660999,\n        -1.27657393],\n       [ 4.30236769,  2.25693014,  2.92003942,  6.98648605,  4.78032278,\n        -1.27891562],\n       [ 4.30185683,  2.25518491,  2.92023396,  6.98652166,  4.77789922,\n        -1.28027161],\n       [ 4.30190483,  2.25476272,  2.91697766,  6.98823841,  4.78281247,\n        -1.2849164 ],\n       [ 4.30002502,  2.25392963,  2.91718653,  6.98839681,  4.78425215,\n        -1.28679252],\n       [ 4.29986596,  2.25445378,  2.91881792,  6.98699916,  4.78050458,\n        -1.28316533]]), array([0.47667868, 0.47667964, 0.47668168, 0.47668267, 0.4766866 ,\n       0.47668679, 0.47669022]))", "callback": [0.6394656573599704, 0.5398421904523061, 0.5256633128565145, 0.5251092588853624, 0.5236866804710367, 0.52249425930108, 0.5190384742944278, 0.515952262188644, 0.5097347423915797, 0.5032610786076552, 0.4985210951150182, 0.49832802048913405, 0.49791331059757005, 0.4979022524947453, 0.4978961066798506, 0.49789028280103365, 0.49788751481424, 0.49788680753740233, 0.4978860815401914, 0.4978847900907447, 0.4978824008884122, 0.4978768866529857, 0.4978417908131144, 0.4976165493685404, 0.4968303347465248, 0.4964305116552188, 0.49512743019412286, 0.4940051440740888, 0.493621216156265, 0.49221994054248364, 0.49142450531984205, 0.48846561210472506, 0.48790025995262676, 0.4873609035961668, 0.48501200873054096, 0.47974308522810993, 0.47683391634161, 0.47683391634161, 0.47672559332512243, 0.47670948482810427, 0.47670476772122916, 0.47670467377777415, 0.4767043860419652, 0.47670399266641983, 0.4767039328829644, 0.4767038950389224, 0.4767037447227286, 0.4767033654972954, 0.47670074167724263, 0.4766922030070523]}, "7": {"maxiter": 500, "fatol": 1e-10, "xatol": 1e-10, "duration": 0.17453527450561523, "fun": "0.4766786824743017", "nit": "500", "nfev": "776", "status": "2", "success": "False", "message": "Maximum number of iterations has been exceeded.", "x": "[ 4.30104587  2.25436613  2.91920835  6.98565708  4.77894032 -1.2812137 ]", "final_simplex": "(array([[ 4.30104587,  2.25436613,  2.91920835,  6.98565708,  4.77894032,\n        -1.2812137 ],\n       [ 4.30375975,  2.25463336,  2.92066621,  6.98618417,  4.77660999,\n        -1.27657393],\n       [ 4.30236769,  2.25693014,  2.92003942,  6.98648605,  4.78032278,\n        -1.27891562],\n       [ 4.30185683,  2.25518491,  2.92023396,  6.98652166,  4.77789922,\n        -1.28027161],\n       [ 4.30190483,  2.25476272,  2.91697766,  6.98823841,  4.78281247,\n        -1.2849164 ],\n       [ 4.30002502,  2.25392963,  2.91718653,  6.98839681,  4.78425215,\n        -1.28679252],\n       [ 4.29986596,  2.25445378,  2.91881792,  6.98699916,  4.78050458,\n        -1.28316533]]), array([0.47667868, 0.47667964, 0.47668168, 0.47668267, 0.4766866 ,\n       0.47668679, 0.47669022]))", "callback": [0.6394656573599704, 0.5398421904523061, 0.5256633128565145, 0.5251092588853624, 0.5236866804710367, 0.52249425930108, 0.5190384742944278, 0.515952262188644, 0.5097347423915797, 0.5032610786076552, 0.4985210951150182, 0.49832802048913405, 0.49791331059757005, 0.4979022524947453, 0.4978961066798506, 0.49789028280103365, 0.49788751481424, 0.49788680753740233, 0.4978860815401914, 0.4978847900907447, 0.4978824008884122, 0.4978768866529857, 0.4978417908131144, 0.4976165493685404, 0.4968303347465248, 0.4964305116552188, 0.49512743019412286, 0.4940051440740888, 0.493621216156265, 0.49221994054248364, 0.49142450531984205, 0.48846561210472506, 0.48790025995262676, 0.4873609035961668, 0.48501200873054096, 0.47974308522810993, 0.47683391634161, 0.47683391634161, 0.47672559332512243, 0.47670948482810427, 0.47670476772122916, 0.47670467377777415, 0.4767043860419652, 0.47670399266641983, 0.4767039328829644, 0.4767038950389224, 0.4767037447227286, 0.4767033654972954, 0.47670074167724263, 0.4766922030070523]}, "8": {"maxiter": 1000, "fatol": 1e-05, "xatol": 1e-05, "duration": 0.28499293327331543, "fun": "0.4756235226818206", "nit": "771", "nfev": "1196", "status": "0", "success": "True", "message": "Optimization terminated successfully.", "x": "[ 4.39792442  2.25038746  2.96881892  6.87492925  4.78497548 -1.31166631]", "final_simplex": "(array([[ 4.39792442,  2.25038746,  2.96881892,  6.87492925,  4.78497548,\n        -1.31166631],\n       [ 4.39792473,  2.25038885,  2.96881789,  6.87492783,  4.78497819,\n        -1.31166984],\n       [ 4.39792548,  2.25038653,  2.96881949,  6.87492597,  4.78496751,\n        -1.3116606 ],\n       [ 4.39792101,  2.2503873 ,  2.96881889,  6.87492813,  4.78497373,\n        -1.31166658],\n       [ 4.39792345,  2.25039184,  2.96882063,  6.87492647,  4.78497241,\n        -1.31166094],\n       [ 4.39792341,  2.25038711,  2.96882013,  6.87492749,  4.78497686,\n        -1.31166549],\n       [ 4.39792277,  2.2503858 ,  2.96881267,  6.87493141,  4.78498158,\n        -1.31167226]]), array([0.47562352, 0.47562352, 0.47562352, 0.47562352, 0.47562352,\n       0.47562352, 0.47562352]))", "callback": [0.6394656573599704, 0.5398421904523061, 0.5256633128565145, 0.5251092588853624, 0.5236866804710367, 0.52249425930108, 0.5190384742944278, 0.515952262188644, 0.5097347423915797, 0.5032610786076552, 0.4985210951150182, 0.49832802048913405, 0.49791331059757005, 0.4979022524947453, 0.4978961066798506, 0.49789028280103365, 0.49788751481424, 0.49788680753740233, 0.4978860815401914, 0.4978847900907447, 0.4978824008884122, 0.4978768866529857, 0.4978417908131144, 0.4976165493685404, 0.4968303347465248, 0.4964305116552188, 0.49512743019412286, 0.4940051440740888, 0.493621216156265, 0.49221994054248364, 0.49142450531984205, 0.48846561210472506, 0.48790025995262676, 0.4873609035961668, 0.48501200873054096, 0.47974308522810993, 0.47683391634161, 0.47683391634161, 0.47672559332512243, 0.47670948482810427, 0.47670476772122916, 0.47670467377777415, 0.4767043860419652, 0.47670399266641983, 0.4767039328829644, 0.4767038950389224, 0.4767037447227286, 0.4767033654972954, 0.47670074167724263, 0.4766922030070523, 0.4766694814567357, 0.47662111330364176, 0.47652674064373124, 0.47649546281869326, 0.476398483666583, 0.4761062323780405, 0.4758356529280239, 0.47577122258423166, 0.4757520677160423, 0.4756627313676447, 0.475656257089655, 0.47564274484814717, 0.4756312511043157, 0.47562666519428076, 0.47562493055747146, 0.4756238528767408, 0.4756236867272732, 0.47562359514799857, 0.4756235560948322, 0.47562353700991544, 0.4756235286234646, 0.47562352574514155, 0.475623523051138, 0.47562352300586763, 0.475623522707738, 0.4756235226917962, 0.47562352268425245, 0.4756235226818206]}, "9": {"maxiter": 1000, "fatol": 1e-05, "xatol": 1e-10, "duration": 0.3297867774963379, "fun": "0.47562352268129404", "nit": "860", "nfev": "1401", "status": "0", "success": "True", "message": "Optimization terminated successfully.", "x": "[ 4.39792435  2.25038648  2.96881857  6.87492773  4.78497383 -1.31166651]", "final_simplex": "(array([[ 4.39792435,  2.25038648,  2.96881857,  6.87492773,  4.78497383,\n        -1.31166651],\n       [ 4.39792435,  2.25038648,  2.96881857,  6.87492773,  4.78497383,\n        -1.31166651],\n       [ 4.39792435,  2.25038648,  2.96881857,  6.87492773,  4.78497383,\n        -1.31166651],\n       [ 4.39792435,  2.25038648,  2.96881857,  6.87492773,  4.78497383,\n        -1.31166651],\n       [ 4.39792435,  2.25038648,  2.96881857,  6.87492773,  4.78497383,\n        -1.31166651],\n       [ 4.39792435,  2.25038648,  2.96881857,  6.87492773,  4.78497383,\n        -1.31166651],\n       [ 4.39792435,  2.25038648,  2.96881857,  6.87492773,  4.78497383,\n        -1.31166651]]), array([0.47562352, 0.47562352, 0.47562352, 0.47562352, 0.47562352,\n       0.47562352, 0.47562352]))", "callback": [0.6394656573599704, 0.5398421904523061, 0.5256633128565145, 0.5251092588853624, 0.5236866804710367, 0.52249425930108, 0.5190384742944278, 0.515952262188644, 0.5097347423915797, 0.5032610786076552, 0.4985210951150182, 0.49832802048913405, 0.49791331059757005, 0.4979022524947453, 0.4978961066798506, 0.49789028280103365, 0.49788751481424, 0.49788680753740233, 0.4978860815401914, 0.4978847900907447, 0.4978824008884122, 0.4978768866529857, 0.4978417908131144, 0.4976165493685404, 0.4968303347465248, 0.4964305116552188, 0.49512743019412286, 0.4940051440740888, 0.493621216156265, 0.49221994054248364, 0.49142450531984205, 0.48846561210472506, 0.48790025995262676, 0.4873609035961668, 0.48501200873054096, 0.47974308522810993, 0.47683391634161, 0.47683391634161, 0.47672559332512243, 0.47670948482810427, 0.47670476772122916, 0.47670467377777415, 0.4767043860419652, 0.47670399266641983, 0.4767039328829644, 0.4767038950389224, 0.4767037447227286, 0.4767033654972954, 0.47670074167724263, 0.4766922030070523, 0.4766694814567357, 0.47662111330364176, 0.47652674064373124, 0.47649546281869326, 0.476398483666583, 0.4761062323780405, 0.4758356529280239, 0.47577122258423166, 0.4757520677160423, 0.4756627313676447, 0.475656257089655, 0.47564274484814717, 0.4756312511043157, 0.47562666519428076, 0.47562493055747146, 0.4756238528767408, 0.4756236867272732, 0.47562359514799857, 0.4756235560948322, 0.47562353700991544, 0.4756235286234646, 0.47562352574514155, 0.475623523051138, 0.47562352300586763, 0.475623522707738, 0.4756235226917962, 0.47562352268425245, 0.4756235226818206, 0.4756235226814135, 0.4756235226813176, 0.4756235226812977, 0.4756235226812955, 0.4756235226812944, 0.47562352268129404, 0.47562352268129404, 0.47562352268129404]}, "10": {"maxiter": 1000, "fatol": 1e-10, "xatol": 1e-05, "duration": 0.27519893646240234, "fun": "0.4756235226818206", "nit": "771", "nfev": "1196", "status": "0", "success": "True", "message": "Optimization terminated successfully.", "x": "[ 4.39792442  2.25038746  2.96881892  6.87492925  4.78497548 -1.31166631]", "final_simplex": "(array([[ 4.39792442,  2.25038746,  2.96881892,  6.87492925,  4.78497548,\n        -1.31166631],\n       [ 4.39792473,  2.25038885,  2.96881789,  6.87492783,  4.78497819,\n        -1.31166984],\n       [ 4.39792548,  2.25038653,  2.96881949,  6.87492597,  4.78496751,\n        -1.3116606 ],\n       [ 4.39792101,  2.2503873 ,  2.96881889,  6.87492813,  4.78497373,\n        -1.31166658],\n       [ 4.39792345,  2.25039184,  2.96882063,  6.87492647,  4.78497241,\n        -1.31166094],\n       [ 4.39792341,  2.25038711,  2.96882013,  6.87492749,  4.78497686,\n        -1.31166549],\n       [ 4.39792277,  2.2503858 ,  2.96881267,  6.87493141,  4.78498158,\n        -1.31167226]]), array([0.47562352, 0.47562352, 0.47562352, 0.47562352, 0.47562352,\n       0.47562352, 0.47562352]))", "callback": [0.6394656573599704, 0.5398421904523061, 0.5256633128565145, 0.5251092588853624, 0.5236866804710367, 0.52249425930108, 0.5190384742944278, 0.515952262188644, 0.5097347423915797, 0.5032610786076552, 0.4985210951150182, 0.49832802048913405, 0.49791331059757005, 0.4979022524947453, 0.4978961066798506, 0.49789028280103365, 0.49788751481424, 0.49788680753740233, 0.4978860815401914, 0.4978847900907447, 0.4978824008884122, 0.4978768866529857, 0.4978417908131144, 0.4976165493685404, 0.4968303347465248, 0.4964305116552188, 0.49512743019412286, 0.4940051440740888, 0.493621216156265, 0.49221994054248364, 0.49142450531984205, 0.48846561210472506, 0.48790025995262676, 0.4873609035961668, 0.48501200873054096, 0.47974308522810993, 0.47683391634161, 0.47683391634161, 0.47672559332512243, 0.47670948482810427, 0.47670476772122916, 0.47670467377777415, 0.4767043860419652, 0.47670399266641983, 0.4767039328829644, 0.4767038950389224, 0.4767037447227286, 0.4767033654972954, 0.47670074167724263, 0.4766922030070523, 0.4766694814567357, 0.47662111330364176, 0.47652674064373124, 0.47649546281869326, 0.476398483666583, 0.4761062323780405, 0.4758356529280239, 0.47577122258423166, 0.4757520677160423, 0.4756627313676447, 0.475656257089655, 0.47564274484814717, 0.4756312511043157, 0.47562666519428076, 0.47562493055747146, 0.4756238528767408, 0.4756236867272732, 0.47562359514799857, 0.4756235560948322, 0.47562353700991544, 0.4756235286234646, 0.47562352574514155, 0.475623523051138, 0.47562352300586763, 0.475623522707738, 0.4756235226917962, 0.47562352268425245, 0.4756235226818206]}, "11": {"maxiter": 1000, "fatol": 1e-10, "xatol": 1e-10, "duration": 0.31926679611206055, "fun": "0.47562352268129404", "nit": "860", "nfev": "1401", "status": "0", "success": "True", "message": "Optimization terminated successfully.", "x": "[ 4.39792435  2.25038648  2.96881857  6.87492773  4.78497383 -1.31166651]", "final_simplex": "(array([[ 4.39792435,  2.25038648,  2.96881857,  6.87492773,  4.78497383,\n        -1.31166651],\n       [ 4.39792435,  2.25038648,  2.96881857,  6.87492773,  4.78497383,\n        -1.31166651],\n       [ 4.39792435,  2.25038648,  2.96881857,  6.87492773,  4.78497383,\n        -1.31166651],\n       [ 4.39792435,  2.25038648,  2.96881857,  6.87492773,  4.78497383,\n        -1.31166651],\n       [ 4.39792435,  2.25038648,  2.96881857,  6.87492773,  4.78497383,\n        -1.31166651],\n       [ 4.39792435,  2.25038648,  2.96881857,  6.87492773,  4.78497383,\n        -1.31166651],\n       [ 4.39792435,  2.25038648,  2.96881857,  6.87492773,  4.78497383,\n        -1.31166651]]), array([0.47562352, 0.47562352, 0.47562352, 0.47562352, 0.47562352,\n       0.47562352, 0.47562352]))", "callback": [0.6394656573599704, 0.5398421904523061, 0.5256633128565145, 0.5251092588853624, 0.5236866804710367, 0.52249425930108, 0.5190384742944278, 0.515952262188644, 0.5097347423915797, 0.5032610786076552, 0.4985210951150182, 0.49832802048913405, 0.49791331059757005, 0.4979022524947453, 0.4978961066798506, 0.49789028280103365, 0.49788751481424, 0.49788680753740233, 0.4978860815401914, 0.4978847900907447, 0.4978824008884122, 0.4978768866529857, 0.4978417908131144, 0.4976165493685404, 0.4968303347465248, 0.4964305116552188, 0.49512743019412286, 0.4940051440740888, 0.493621216156265, 0.49221994054248364, 0.49142450531984205, 0.48846561210472506, 0.48790025995262676, 0.4873609035961668, 0.48501200873054096, 0.47974308522810993, 0.47683391634161, 0.47683391634161, 0.47672559332512243, 0.47670948482810427, 0.47670476772122916, 0.47670467377777415, 0.4767043860419652, 0.47670399266641983, 0.4767039328829644, 0.4767038950389224, 0.4767037447227286, 0.4767033654972954, 0.47670074167724263, 0.4766922030070523, 0.4766694814567357, 0.47662111330364176, 0.47652674064373124, 0.47649546281869326, 0.476398483666583, 0.4761062323780405, 0.4758356529280239, 0.47577122258423166, 0.4757520677160423, 0.4756627313676447, 0.475656257089655, 0.47564274484814717, 0.4756312511043157, 0.47562666519428076, 0.47562493055747146, 0.4756238528767408, 0.4756236867272732, 0.47562359514799857, 0.4756235560948322, 0.47562353700991544, 0.4756235286234646, 0.47562352574514155, 0.475623523051138, 0.47562352300586763, 0.475623522707738, 0.4756235226917962, 0.47562352268425245, 0.4756235226818206, 0.4756235226814135, 0.4756235226813176, 0.4756235226812977, 0.4756235226812955, 0.4756235226812944, 0.47562352268129404, 0.47562352268129404, 0.47562352268129404]}}, "bfgs": {"type": "gradient", "0": {"maxiter": 100, "gtol": 1e-05, "xrtol": 1e-05, "eps": 1e-05, "duration": 0.04276776313781738, "fun": "0.47562352288338094", "jac": "[-6.16440232e-07  3.93464150e-06  7.41137152e-06 -3.57137653e-06\n -1.47879486e-06 -3.91155996e-06]", "hess_inv": "[[  6.72281872   0.87205759   2.36783222   4.68357184  -2.44444361\n    2.00459085]\n [  0.87205759   9.13153275   2.10692624   1.67342162   1.27429769\n    6.17438696]\n [  2.36783222   2.10692624   6.80603674   4.08975382  -8.36536792\n    8.95059936]\n [  4.68357184   1.67342162   4.08975382   7.90561523  -3.87849321\n    3.6650712 ]\n [ -2.44444361   1.27429769  -8.36536792  -3.87849321  24.53163851\n  -19.25916865]\n [  2.00459085   6.17438696   8.95059936   3.6650712  -19.25916865\n   24.57632661]]", "nfev": "189", "njev": "27", "status": "0", "success": "True", "message": "Optimization terminated successfully.", "x": "[4.39789815 2.25040021 2.96883811 5.69141446 1.64338678 1.82991115]", "nit": "26", "callback": [0.6064507761823397, 0.5241368719716076, 0.5221876582298014, 0.5186159889091599, 0.5120943942856595, 0.5021405656390397, 0.49530616055420806, 0.48818873775895244, 0.48049262878311094, 0.4797025367647182, 0.4785048283267921, 0.4778295183970177, 0.4775068747888431, 0.4769441014210858, 0.47609194364546037, 0.47568423673735916, 0.4756483283408679, 0.47563243272512756, 0.4756305478020887, 0.4756276687484413, 0.47562495892571377, 0.4756238429567823, 0.4756235487043674, 0.4756235270782976, 0.4756235233533511, 0.47562352288338094]}, "1": {"maxiter": 100, "gtol": 1e-05, "xrtol": 1e-05, "eps": 1e-10, "duration": 0.04280400276184082, "fun": "0.4756235229881526", "jac": "[-1.11022293e-06  3.33066880e-06  7.77156053e-06 -1.11022293e-06\n -1.11022293e-06 -3.33066880e-06]", "hess_inv": "[[  6.65560403   0.22164436   2.0691153    4.1221996   -2.37898874\n    1.3769784 ]\n [  0.22164436   8.64714015   1.22477719   0.78241701   2.72058182\n    4.38269122]\n [  2.0691153    1.22477719   6.12114979   2.91757798  -7.9896932\n    7.68997361]\n [  4.1221996    0.78241701   2.91757798   7.00626841  -2.21825572\n    1.41603011]\n [ -2.37898874   2.72058182  -7.9896932   -2.21825572  24.89638698\n  -18.10328529]\n [  1.3769784    4.38269122   7.68997361   1.41603011 -18.10328529\n   21.71927592]]", "nfev": "189", "njev": "27", "status": "0", "success": "True", "message": "Optimization terminated successfully.", "x": "[4.39791025 2.25043666 2.96887018 5.69144324 1.6433891  1.82994058]", "nit": "26", "callback": [0.6064508857039175, 0.5241367180495569, 0.5221875345170994, 0.5186161537292651, 0.5120949004972601, 0.5021411543770344, 0.49530632953613274, 0.4881913260826337, 0.48049312736543137, 0.47970259805674675, 0.4785049837238444, 0.47783068484362823, 0.47750746484273154, 0.4769440812520056, 0.47609156209928305, 0.4756846198428203, 0.4756484028958332, 0.47563250056879736, 0.4756305791978307, 0.4756276855154036, 0.47562504176978593, 0.47562385012713515, 0.47562355552700086, 0.47562352614523784, 0.4756235237177434, 0.4756235229881526]}, "2": {"maxiter": 100, "gtol": 1e-05, "xrtol": 1e-10, "eps": 1e-05, "duration": 0.04289102554321289, "fun": "0.47562352288338094", "jac": "[-6.16440232e-07  3.93464150e-06  7.41137152e-06 -3.57137653e-06\n -1.47879486e-06 -3.91155996e-06]", "hess_inv": "[[  6.72281872   0.87205759   2.36783222   4.68357184  -2.44444361\n    2.00459085]\n [  0.87205759   9.13153275   2.10692624   1.67342162   1.27429769\n    6.17438696]\n [  2.36783222   2.10692624   6.80603674   4.08975382  -8.36536792\n    8.95059936]\n [  4.68357184   1.67342162   4.08975382   7.90561523  -3.87849321\n    3.6650712 ]\n [ -2.44444361   1.27429769  -8.36536792  -3.87849321  24.53163851\n  -19.25916865]\n [  2.00459085   6.17438696   8.95059936   3.6650712  -19.25916865\n   24.57632661]]", "nfev": "189", "njev": "27", "status": "0", "success": "True", "message": "Optimization terminated successfully.", "x": "[4.39789815 2.25040021 2.96883811 5.69141446 1.64338678 1.82991115]", "nit": "26", "callback": [0.6064507761823397, 0.5241368719716076, 0.5221876582298014, 0.5186159889091599, 0.5120943942856595, 0.5021405656390397, 0.49530616055420806, 0.48818873775895244, 0.48049262878311094, 0.4797025367647182, 0.4785048283267921, 0.4778295183970177, 0.4775068747888431, 0.4769441014210858, 0.47609194364546037, 0.47568423673735916, 0.4756483283408679, 0.47563243272512756, 0.4756305478020887, 0.4756276687484413, 0.47562495892571377, 0.4756238429567823, 0.4756235487043674, 0.4756235270782976, 0.4756235233533511, 0.47562352288338094]}, "3": {"maxiter": 100, "gtol": 1e-05, "xrtol": 1e-10, "eps": 1e-10, "duration": 0.04325413703918457, "fun": "0.4756235229881526", "jac": "[-1.11022293e-06  3.33066880e-06  7.77156053e-06 -1.11022293e-06\n -1.11022293e-06 -3.33066880e-06]", "hess_inv": "[[  6.65560403   0.22164436   2.0691153    4.1221996   -2.37898874\n    1.3769784 ]\n [  0.22164436   8.64714015   1.22477719   0.78241701   2.72058182\n    4.38269122]\n [  2.0691153    1.22477719   6.12114979   2.91757798  -7.9896932\n    7.68997361]\n [  4.1221996    0.78241701   2.91757798   7.00626841  -2.21825572\n    1.41603011]\n [ -2.37898874   2.72058182  -7.9896932   -2.21825572  24.89638698\n  -18.10328529]\n [  1.3769784    4.38269122   7.68997361   1.41603011 -18.10328529\n   21.71927592]]", "nfev": "189", "njev": "27", "status": "0", "success": "True", "message": "Optimization terminated successfully.", "x": "[4.39791025 2.25043666 2.96887018 5.69144324 1.6433891  1.82994058]", "nit": "26", "callback": [0.6064508857039175, 0.5241367180495569, 0.5221875345170994, 0.5186161537292651, 0.5120949004972601, 0.5021411543770344, 0.49530632953613274, 0.4881913260826337, 0.48049312736543137, 0.47970259805674675, 0.4785049837238444, 0.47783068484362823, 0.47750746484273154, 0.4769440812520056, 0.47609156209928305, 0.4756846198428203, 0.4756484028958332, 0.47563250056879736, 0.4756305791978307, 0.4756276855154036, 0.47562504176978593, 0.47562385012713515, 0.47562355552700086, 0.47562352614523784, 0.4756235237177434, 0.4756235229881526]}, "4": {"maxiter": 100, "gtol": 1e-10, "xrtol": 1e-05, "eps": 1e-05, "duration": 0.04446601867675781, "fun": "0.4756235227486655", "jac": "[-4.79616347e-09  1.15041310e-07  4.13991064e-07  1.54087854e-07\n  8.55315818e-08 -3.19422266e-07]", "hess_inv": "[[  6.82952931   0.3812001    1.85002914   4.75855219  -2.36906508\n    1.77216638]\n [  0.3812001   11.35477491   4.4590476    1.28770487   0.71923133\n    7.43696168]\n [  1.85002914   4.4590476    9.29313927   3.69091348  -8.90981323\n   10.24432785]\n [  4.75855219   1.28770487   3.69091348   7.91022415  -4.0709244\n    3.72961906]\n [ -2.36906508   0.71923133  -8.90981323  -4.0709244   23.33230444\n  -18.2602723 ]\n [  1.77216638   7.43696168  10.24432785   3.72961906 -18.2602723\n   24.00259698]]", "nfev": "196", "njev": "28", "status": "0", "success": "True", "message": "Optimization terminated successfully.", "x": "[4.39790757 2.25035747 2.96879291 5.69142179 1.64339706 1.82988726]", "nit": "27", "callback": [0.6064507761823397, 0.5241368719716076, 0.5221876582298014, 0.5186159889091599, 0.5120943942856595, 0.5021405656390397, 0.49530616055420806, 0.48818873775895244, 0.48049262878311094, 0.4797025367647182, 0.4785048283267921, 0.4778295183970177, 0.4775068747888431, 0.4769441014210858, 0.47609194364546037, 0.47568423673735916, 0.4756483283408679, 0.47563243272512756, 0.4756305478020887, 0.4756276687484413, 0.47562495892571377, 0.4756238429567823, 0.4756235487043674, 0.4756235270782976, 0.4756235233533511, 0.47562352288338094, 0.4756235227486655]}, "5": {"maxiter": 100, "gtol": 1e-10, "xrtol": 1e-05, "eps": 1e-10, "duration": 0.04635500907897949, "fun": "0.4756235227195932", "jac": "[ 2.22044587e-06 -1.11022293e-06 -1.11022293e-06  1.11022293e-06\n  2.22044587e-06  1.11022293e-06]", "hess_inv": "[[  5.69958667  -1.49458951  -1.02538426   3.10298101   0.45053536\n   -1.65057383]\n [ -1.49458951  11.26452175   4.5656485    0.35132657   2.07817964\n    5.65855367]\n [ -1.02538426   4.5656485    9.86103238   2.01810426  -7.34916708\n    7.98718567]\n [  3.10298101   0.35132657   2.01810426   5.90885821  -1.28534346\n    0.45772511]\n [  0.45053536   2.07817964  -7.34916708  -1.28534346  20.96434502\n  -14.68754682]\n [ -1.65057383   5.65855367   7.98718567   0.45772511 -14.68754682\n   18.94128045]]", "nfev": "203", "njev": "29", "status": "0", "success": "True", "message": "Optimization terminated successfully.", "x": "[4.39792797 2.25038354 2.96879788 5.69143649 1.64341272 1.82990512]", "nit": "28", "callback": [0.6064508857039175, 0.5241367180495569, 0.5221875345170994, 0.5186161537292651, 0.5120949004972601, 0.5021411543770344, 0.49530632953613274, 0.4881913260826337, 0.48049312736543137, 0.47970259805674675, 0.4785049837238444, 0.47783068484362823, 0.47750746484273154, 0.4769440812520056, 0.47609156209928305, 0.4756846198428203, 0.4756484028958332, 0.47563250056879736, 0.4756305791978307, 0.4756276855154036, 0.47562504176978593, 0.47562385012713515, 0.47562355552700086, 0.47562352614523784, 0.4756235237177434, 0.4756235229881526, 0.47562352276569475, 0.4756235227195932]}, "6": {"maxiter": 100, "gtol": 1e-10, "xrtol": 1e-10, "eps": 1e-05, "duration": 0.08701729774475098, "fun": "0.4756235227486655", "jac": "[-4.79616347e-09  1.15041310e-07  4.13991064e-07  1.54087854e-07\n  8.55315818e-08 -3.19422266e-07]", "hess_inv": "[[  6.79259206   0.45517051   1.93270764   4.71373514  -2.46888811\n    1.90168626]\n [  0.45517051  11.4436863    4.53294097   1.41818403   1.06989915\n    7.0867292 ]\n [  1.93270764   4.53294097   9.34998638   3.83237436  -8.53407213\n    9.86263274]\n [  4.71373514   1.41818403   3.83237436   7.8628443   -4.1661387\n    3.87115845]\n [ -2.46888811   1.06989915  -8.53407213  -4.1661387   23.15841899\n  -17.96803005]\n [  1.90168626   7.0867292    9.86263274   3.87115845 -17.96803005\n   23.5832618 ]]", "nfev": "382", "njev": "53", "status": "2", "success": "False", "message": "Desired error not necessarily achieved due to precision loss.", "x": "[4.39790757 2.25035747 2.96879291 5.69142179 1.64339706 1.82988726]", "nit": "27", "callback": [0.6064507761823397, 0.5241368719716076, 0.5221876582298014, 0.5186159889091599, 0.5120943942856595, 0.5021405656390397, 0.49530616055420806, 0.48818873775895244, 0.48049262878311094, 0.4797025367647182, 0.4785048283267921, 0.4778295183970177, 0.4775068747888431, 0.4769441014210858, 0.47609194364546037, 0.47568423673735916, 0.4756483283408679, 0.47563243272512756, 0.4756305478020887, 0.4756276687484413, 0.47562495892571377, 0.4756238429567823, 0.4756235487043674, 0.4756235270782976, 0.4756235233533511, 0.47562352288338094, 0.4756235227486655]}, "7": {"maxiter": 100, "gtol": 1e-10, "xrtol": 1e-10, "eps": 1e-10, "duration": 0.07853913307189941, "fun": "0.47562352268457353", "jac": "[0.00000000e+00 0.00000000e+00 1.11022293e-06 0.00000000e+00\n 1.11022293e-06 1.11022293e-06]", "hess_inv": "[[ 0.86422895 -0.67859447 -0.42394303  0.47416884  0.23457145 -0.23442052]\n [-0.67859447  1.01004609  0.35167158 -0.71920486 -0.42330975  0.16750981]\n [-0.42394303  0.35167158  0.23684985 -0.24623768 -0.13165196  0.10064749]\n [ 0.47416884 -0.71920486 -0.24623768  0.56205972  0.3296194  -0.14935431]\n [ 0.23457145 -0.42330975 -0.13165196  0.3296194   0.20355497 -0.06988458]\n [-0.23442052  0.16750981  0.10064749 -0.14935431 -0.06988458  0.09466176]]", "nfev": "343", "njev": "49", "status": "0", "success": "True", "message": "Optimization terminated successfully.", "x": "[4.39792204 2.25039059 2.9688188  5.69144131 1.64339005 1.82991986]", "nit": "37", "callback": [0.6064508857039175, 0.5241367180495569, 0.5221875345170994, 0.5186161537292651, 0.5120949004972601, 0.5021411543770344, 0.49530632953613274, 0.4881913260826337, 0.48049312736543137, 0.47970259805674675, 0.4785049837238444, 0.47783068484362823, 0.47750746484273154, 0.4769440812520056, 0.47609156209928305, 0.4756846198428203, 0.4756484028958332, 0.47563250056879736, 0.4756305791978307, 0.4756276855154036, 0.47562504176978593, 0.47562385012713515, 0.47562355552700086, 0.47562352614523784, 0.4756235237177434, 0.4756235229881526, 0.47562352276569475, 0.4756235227195932, 0.4756235226931622, 0.4756235226867125, 0.47562352268669306, 0.47562352268666697, 0.4756235226866268, 0.47562352268656816, 0.4756235226864808, 0.47562352268457353, 0.47562352268457353]}, "8": {"maxiter": 500, "gtol": 1e-05, "xrtol": 1e-05, "eps": 1e-05, "duration": 0.04326295852661133, "fun": "0.47562352288338094", "jac": "[-6.16440232e-07  3.93464150e-06  7.41137152e-06 -3.57137653e-06\n -1.47879486e-06 -3.91155996e-06]", "hess_inv": "[[  6.72281872   0.87205759   2.36783222   4.68357184  -2.44444361\n    2.00459085]\n [  0.87205759   9.13153275   2.10692624   1.67342162   1.27429769\n    6.17438696]\n [  2.36783222   2.10692624   6.80603674   4.08975382  -8.36536792\n    8.95059936]\n [  4.68357184   1.67342162   4.08975382   7.90561523  -3.87849321\n    3.6650712 ]\n [ -2.44444361   1.27429769  -8.36536792  -3.87849321  24.53163851\n  -19.25916865]\n [  2.00459085   6.17438696   8.95059936   3.6650712  -19.25916865\n   24.57632661]]", "nfev": "189", "njev": "27", "status": "0", "success": "True", "message": "Optimization terminated successfully.", "x": "[4.39789815 2.25040021 2.96883811 5.69141446 1.64338678 1.82991115]", "nit": "26", "callback": [0.6064507761823397, 0.5241368719716076, 0.5221876582298014, 0.5186159889091599, 0.5120943942856595, 0.5021405656390397, 0.49530616055420806, 0.48818873775895244, 0.48049262878311094, 0.4797025367647182, 0.4785048283267921, 0.4778295183970177, 0.4775068747888431,