{"date": "2024/09/24/, 21:54:10", "conf_id": 59, "data_type": "random\n", "num_data_points": 3, "s_rank": 0, "unitary": "[[-0.24866696+0.58742286j,-0.44704345-0.43151574j,-0.35669027-0.20570733j,-0.10517633+0.1626036j],[0.10596805-0.19687975j,-0.30269685-0.15056416j,0.18246286+0.30440582j,-0.83484447-0.11310748j],[0.26054512-0.52548482j,0.0285017-0.50723956j,-0.43110112+0.17165838j,0.15243271+0.39915801j],[0.42978035+0.11991271j,-0.17224126-0.46030424j,0.6827807-0.15164662j,0.26483638+0.0061855j]]", "databatch_0": {"databatch": "[[[0.17157358-0.07798459j,-0.08839413+0.06250474j,-0.03478321-0.01615606j,0.06487103-0.09870706j],[-0.00183664+0.03912014j,0.09873122-0.2085407j,-0.2638837+0.01540496j,-0.08290729+0.30157786j],[-0.33281029+0.46157298j,0.0492362-0.10195487j,-0.10804141-0.10162756j,-0.26718464+0.08386147j],[-0.06675868+0.15499759j,-0.15403058-0.13705654j,-0.05345537+0.4000205j,-0.00823533+0.20949311j]],[[-0.19199022-0.12752091j,0.15197815+0.13982583j,0.27386034-0.20383362j,-0.1542649+0.19640729j],[0.1798436-0.15066118j,-0.24168084+0.11929704j,0.35186308-0.15046556j,0.20853944+0.13552109j],[0.15676187-0.08160625j,0.04115641-0.08228637j,-0.25841007-0.24232903j,0.05299827-0.04390688j],[-0.03535891-0.03430887j,0.35787474-0.12371109j,-0.00769113-0.18761905j,0.1762939-0.08510062j]],[[-0.1696929+0.18420872j,0.17776438-0.21584313j,-0.14350119+0.03766348j,0.08329359-0.24571032j],[-0.06578927+0.01197611j,0.1729687-0.02683646j,-0.09778451-0.02601784j,-0.49750336-0.03381283j],[-0.12599263-0.01633227j,0.08392069-0.25630653j,0.41378334+0.00769004j,-0.04020456-0.09803841j],[0.16761856-0.20732145j,-0.28384606+0.04953342j,0.10789067+0.04202991j,-0.03226859-0.18928827j]]]", "initial param values": "[2.01451558,5.850639,5.61620006,3.30813667,6.03725851,2.50989608]", "nelder_mead": {"type": "gradient-free", "0": {"maxiter": 100, "fatol": 1e-05, "xatol": 1e-05, "duration": 0.04045915603637695, "fun": "0.4952849226941146", "nit": "100", "nfev": "165", "status": "2", "success": "False", "message": "Maximum number of iterations has been exceeded.", "x": "[1.50772184 6.40445853 4.44369947 4.55787    6.09859363 2.23807311]", "final_simplex": "(array([[1.50772184, 6.40445853, 4.44369947, 4.55787   , 6.09859363,\n        2.23807311],\n       [1.47737275, 6.44036193, 4.41527869, 4.63550992, 6.05078021,\n        2.22568201],\n       [1.52386947, 6.39887673, 4.44574575, 4.58193257, 6.08957061,\n        2.21191789],\n       [1.52147027, 6.42400837, 4.44038852, 4.586071  , 6.09412824,\n        2.23132062],\n       [1.54800061, 6.41213962, 4.43459099, 4.56441749, 6.08021835,\n        2.2254864 ],\n       [1.53688658, 6.42470817, 4.49746141, 4.58778773, 6.09881157,\n        2.2453093 ],\n       [1.53933796, 6.39717059, 4.45239657, 4.60647801, 6.09668282,\n        2.26507887]]), array([0.49528492, 0.49548778, 0.49552564, 0.49552826, 0.49602095,\n       0.49612311, 0.49632577]))", "callback": [0.6664984542696097, 0.5956210024561477, 0.5043005779365852, 0.5029557275716494, 0.4986164613430274, 0.4975793076657177, 0.49736229077313443, 0.49728314557982234, 0.4971004211672103, 0.4965004398778864]}, "1": {"maxiter": 100, "fatol": 1e-05, "xatol": 1e-10, "duration": 0.03753089904785156, "fun": "0.4952849226941146", "nit": "100", "nfev": "165", "status": "2", "success": "False", "message": "Maximum number of iterations has been exceeded.", "x": "[1.50772184 6.40445853 4.44369947 4.55787    6.09859363 2.23807311]", "final_simplex": "(array([[1.50772184, 6.40445853, 4.44369947, 4.55787   , 6.09859363,\n        2.23807311],\n       [1.47737275, 6.44036193, 4.41527869, 4.63550992, 6.05078021,\n        2.22568201],\n       [1.52386947, 6.39887673, 4.44574575, 4.58193257, 6.08957061,\n        2.21191789],\n       [1.52147027, 6.42400837, 4.44038852, 4.586071  , 6.09412824,\n        2.23132062],\n       [1.54800061, 6.41213962, 4.43459099, 4.56441749, 6.08021835,\n        2.2254864 ],\n       [1.53688658, 6.42470817, 4.49746141, 4.58778773, 6.09881157,\n        2.2453093 ],\n       [1.53933796, 6.39717059, 4.45239657, 4.60647801, 6.09668282,\n        2.26507887]]), array([0.49528492, 0.49548778, 0.49552564, 0.49552826, 0.49602095,\n       0.49612311, 0.49632577]))", "callback": [0.6664984542696097, 0.5956210024561477, 0.5043005779365852, 0.5029557275716494, 0.4986164613430274, 0.4975793076657177, 0.49736229077313443, 0.49728314557982234, 0.4971004211672103, 0.4965004398778864]}, "2": {"maxiter": 100, "fatol": 1e-10, "xatol": 1e-05, "duration": 0.03819417953491211, "fun": "0.4952849226941146", "nit": "100", "nfev": "165", "status": "2", "success": "False", "message": "Maximum number of iterations has been exceeded.", "x": "[1.50772184 6.40445853 4.44369947 4.55787    6.09859363 2.23807311]", "final_simplex": "(array([[1.50772184, 6.40445853, 4.44369947, 4.55787   , 6.09859363,\n        2.23807311],\n       [1.47737275, 6.44036193, 4.41527869, 4.63550992, 6.05078021,\n        2.22568201],\n       [1.52386947, 6.39887673, 4.44574575, 4.58193257, 6.08957061,\n        2.21191789],\n       [1.52147027, 6.42400837, 4.44038852, 4.586071  , 6.09412824,\n        2.23132062],\n       [1.54800061, 6.41213962, 4.43459099, 4.56441749, 6.08021835,\n        2.2254864 ],\n       [1.53688658, 6.42470817, 4.49746141, 4.58778773, 6.09881157,\n        2.2453093 ],\n       [1.53933796, 6.39717059, 4.45239657, 4.60647801, 6.09668282,\n        2.26507887]]), array([0.49528492, 0.49548778, 0.49552564, 0.49552826, 0.49602095,\n       0.49612311, 0.49632577]))", "callback": [0.6664984542696097, 0.5956210024561477, 0.5043005779365852, 0.5029557275716494, 0.4986164613430274, 0.4975793076657177, 0.49736229077313443, 0.49728314557982234, 0.4971004211672103, 0.4965004398778864]}, "3": {"maxiter": 100, "fatol": 1e-10, "xatol": 1e-10, "duration": 0.03766298294067383, "fun": "0.4952849226941146", "nit": "100", "nfev": "165", "status": "2", "success": "False", "message": "Maximum number of iterations has been exceeded.", "x": "[1.50772184 6.40445853 4.44369947 4.55787    6.09859363 2.23807311]", "final_simplex": "(array([[1.50772184, 6.40445853, 4.44369947, 4.55787   , 6.09859363,\n        2.23807311],\n       [1.47737275, 6.44036193, 4.41527869, 4.63550992, 6.05078021,\n        2.22568201],\n       [1.52386947, 6.39887673, 4.44574575, 4.58193257, 6.08957061,\n        2.21191789],\n       [1.52147027, 6.42400837, 4.44038852, 4.586071  , 6.09412824,\n        2.23132062],\n       [1.54800061, 6.41213962, 4.43459099, 4.56441749, 6.08021835,\n        2.2254864 ],\n       [1.53688658, 6.42470817, 4.49746141, 4.58778773, 6.09881157,\n        2.2453093 ],\n       [1.53933796, 6.39717059, 4.45239657, 4.60647801, 6.09668282,\n        2.26507887]]), array([0.49528492, 0.49548778, 0.49552564, 0.49552826, 0.49602095,\n       0.49612311, 0.49632577]))", "callback": [0.6664984542696097, 0.5956210024561477, 0.5043005779365852, 0.5029557275716494, 0.4986164613430274, 0.4975793076657177, 0.49736229077313443, 0.49728314557982234, 0.4971004211672103, 0.4965004398778864]}, "4": {"maxiter": 500, "fatol": 1e-05, "xatol": 1e-05, "duration": 0.10460400581359863, "fun": "0.49430008991413477", "nit": "282", "nfev": "459", "status": "0", "success": "True", "message": "Optimization terminated successfully.", "x": "[1.40836112 6.43716282 4.38590352 4.56906536 6.05023904 2.17298723]", "final_simplex": "(array([[1.40836112, 6.43716282, 4.38590352, 4.56906536, 6.05023904,\n        2.17298723],\n       [1.40835561, 6.43716503, 4.38589642, 4.56906417, 6.05023898,\n        2.17298354],\n       [1.40836087, 6.43716951, 4.38589701, 4.56906628, 6.05023667,\n        2.17298571],\n       [1.40835782, 6.43716814, 4.38589781, 4.56906687, 6.05024306,\n        2.17298648],\n       [1.40836287, 6.43716246, 4.3859011 , 4.56906009, 6.05024146,\n        2.17298757],\n       [1.4083609 , 6.43716459, 4.38589995, 4.56906917, 6.05023981,\n        2.17299566],\n       [1.40836944, 6.43716116, 4.3858991 , 4.56906637, 6.0502429 ,\n        2.17298751]]), array([0.49430009, 0.49430009, 0.49430009, 0.49430009, 0.49430009,\n       0.49430009, 0.49430009]))", "callback": [0.6664984542696097, 0.5956210024561477, 0.5043005779365852, 0.5029557275716494, 0.4986164613430274, 0.4975793076657177, 0.49736229077313443, 0.49728314557982234, 0.4971004211672103, 0.4965004398778864, 0.4949306208551921, 0.49440054310238957, 0.4943254463853076, 0.4943054911639295, 0.4943009100691994, 0.4943004696284762, 0.49430027480008654, 0.4943002118628488, 0.4943001744070772, 0.49430014042462, 0.49430012844713955, 0.49430010631767496, 0.49430009916371986, 0.49430009144613096, 0.4943000911231423, 0.4943000902930704, 0.49430008998409924, 0.49430008992845564, 0.49430008991413477]}, "5": {"maxiter": 500, "fatol": 1e-05, "xatol": 1e-10, "duration": 0.16189122200012207, "fun": "0.4943000899112282", "nit": "393", "nfev": "691", "status": "0", "success": "True", "message": "Optimization terminated successfully.", "x": "[1.40835955 6.43716354 4.38589852 4.56906671 6.05024043 2.17298825]", "final_simplex": "(array([[1.40835955, 6.43716354, 4.38589852, 4.56906671, 6.05024043,\n        2.17298825],\n       [1.40835955, 6.43716354, 4.38589852, 4.56906671, 6.05024043,\n        2.17298825],\n       [1.40835955, 6.43716354, 4.38589852, 4.56906671, 6.05024043,\n        2.17298825],\n       [1.40835955, 6.43716354, 4.38589852, 4.56906671, 6.05024043,\n        2.17298825],\n       [1.40835955, 6.43716354, 4.38589852, 4.56906671, 6.05024043,\n        2.17298825],\n       [1.40835955, 6.43716354, 4.38589852, 4.56906671, 6.05024043,\n        2.17298825],\n       [1.40835955, 6.43716354, 4.38589852, 4.56906671, 6.05024043,\n        2.17298825]]), array([0.49430009, 0.49430009, 0.49430009, 0.49430009, 0.49430009,\n       0.49430009, 0.49430009]))", "callback": [0.6664984542696097, 0.5956210024561477, 0.5043005779365852, 0.5029557275716494, 0.4986164613430274, 0.4975793076657177, 0.49736229077313443, 0.49728314557982234, 0.4971004211672103, 0.4965004398778864, 0.4949306208551921, 0.49440054310238957, 0.4943254463853076, 0.4943054911639295, 0.4943009100691994, 0.4943004696284762, 0.49430027480008654, 0.4943002118628488, 0.4943001744070772, 0.49430014042462, 0.49430012844713955, 0.49430010631767496, 0.49430009916371986, 0.49430009144613096, 0.4943000911231423, 0.4943000902930704, 0.49430008998409924, 0.49430008992845564, 0.49430008991413477, 0.49430008991208196, 0.49430008991138275, 0.4943000899112612, 0.49430008991124885, 0.49430008991123187, 0.49430008991122987, 0.4943000899112291, 0.49430008991122854, 0.4943000899112283, 0.4943000899112282, 0.4943000899112282]}, "6": {"maxiter": 500, "fatol": 1e-10, "xatol": 1e-05, "duration": 0.10469388961791992, "fun": "0.49430008991413477", "nit": "282", "nfev": "459", "status": "0", "success": "True", "message": "Optimization terminated successfully.", "x": "[1.40836112 6.43716282 4.38590352 4.56906536 6.05023904 2.17298723]", "final_simplex": "(array([[1.40836112, 6.43716282, 4.38590352, 4.56906536, 6.05023904,\n        2.17298723],\n       [1.40835561, 6.43716503, 4.38589642, 4.56906417, 6.05023898,\n        2.17298354],\n       [1.40836087, 6.43716951, 4.38589701, 4.56906628, 6.05023667,\n        2.17298571],\n       [1.40835782, 6.43716814, 4.38589781, 4.56906687, 6.05024306,\n        2.17298648],\n       [1.40836287, 6.43716246, 4.3859011 , 4.56906009, 6.05024146,\n        2.17298757],\n       [1.4083609 , 6.43716459, 4.38589995, 4.56906917, 6.05023981,\n        2.17299566],\n       [1.40836944, 6.43716116, 4.3858991 , 4.56906637, 6.0502429 ,\n        2.17298751]]), array([0.49430009, 0.49430009, 0.49430009, 0.49430009, 0.49430009,\n       0.49430009, 0.49430009]))", "callback": [0.6664984542696097, 0.5956210024561477, 0.5043005779365852, 0.5029557275716494, 0.4986164613430274, 0.4975793076657177, 0.49736229077313443, 0.49728314557982234, 0.4971004211672103, 0.4965004398778864, 0.4949306208551921, 0.49440054310238957, 0.4943254463853076, 0.4943054911639295, 0.4943009100691994, 0.4943004696284762, 0.49430027480008654, 0.4943002118628488, 0.4943001744070772, 0.49430014042462, 0.49430012844713955, 0.49430010631767496, 0.49430009916371986, 0.49430009144613096, 0.4943000911231423, 0.4943000902930704, 0.49430008998409924, 0.49430008992845564, 0.49430008991413477]}, "7": {"maxiter": 500, "fatol": 1e-10, "xatol": 1e-10, "duration": 0.16665124893188477, "fun": "0.4943000899112282", "nit": "393", "nfev": "691", "status": "0", "success": "True", "message": "Optimization terminated successfully.", "x": "[1.40835955 6.43716354 4.38589852 4.56906671 6.05024043 2.17298825]", "final_simplex": "(array([[1.40835955, 6.43716354, 4.38589852, 4.56906671, 6.05024043,\n        2.17298825],\n       [1.40835955, 6.43716354, 4.38589852, 4.56906671, 6.05024043,\n        2.17298825],\n       [1.40835955, 6.43716354, 4.38589852, 4.56906671, 6.05024043,\n        2.17298825],\n       [1.40835955, 6.43716354, 4.38589852, 4.56906671, 6.05024043,\n        2.17298825],\n       [1.40835955, 6.43716354, 4.38589852, 4.56906671, 6.05024043,\n        2.17298825],\n       [1.40835955, 6.43716354, 4.38589852, 4.56906671, 6.05024043,\n        2.17298825],\n       [1.40835955, 6.43716354, 4.38589852, 4.56906671, 6.05024043,\n        2.17298825]]), array([0.49430009, 0.49430009, 0.49430009, 0.49430009, 0.49430009,\n       0.49430009, 0.49430009]))", "callback": [0.6664984542696097, 0.5956210024561477, 0.5043005779365852, 0.5029557275716494, 0.4986164613430274, 0.4975793076657177, 0.49736229077313443, 0.49728314557982234, 0.4971004211672103, 0.4965004398778864, 0.4949306208551921, 0.49440054310238957, 0.4943254463853076, 0.4943054911639295, 0.4943009100691994, 0.4943004696284762, 0.49430027480008654, 0.4943002118628488, 0.4943001744070772, 0.49430014042462, 0.49430012844713955, 0.49430010631767496, 0.49430009916371986, 0.49430009144613096, 0.4943000911231423, 0.4943000902930704, 0.49430008998409924, 0.49430008992845564, 0.49430008991413477, 0.49430008991208196, 0.49430008991138275, 0.4943000899112612, 0.49430008991124885, 0.49430008991123187, 0.49430008991122987, 0.4943000899112291, 0.49430008991122854, 0.4943000899112283, 0.4943000899112282, 0.4943000899112282]}, "8": {"maxiter": 1000, "fatol": 1e-05, "xatol": 1e-05, "duration": 0.10791516304016113, "fun": "0.49430008991413477", "nit": "282", "nfev": "459", "status": "0", "success": "True", "message": "Optimization terminated successfully.", "x": "[1.40836112 6.43716282 4.38590352 4.56906536 6.05023904 2.17298723]", "final_simplex": "(array([[1.40836112, 6.43716282, 4.38590352, 4.56906536, 6.05023904,\n        2.17298723],\n       [1.40835561, 6.43716503, 4.38589642, 4.56906417, 6.05023898,\n        2.17298354],\n       [1.40836087, 6.43716951, 4.38589701, 4.56906628, 6.05023667,\n        2.17298571],\n       [1.40835782, 6.43716814, 4.38589781, 4.56906687, 6.05024306,\n        2.17298648],\n       [1.40836287, 6.43716246, 4.3859011 , 4.56906009, 6.05024146,\n        2.17298757],\n       [1.4083609 , 6.43716459, 4.38589995, 4.56906917, 6.05023981,\n        2.17299566],\n       [1.40836944, 6.43716116, 4.3858991 , 4.56906637, 6.0502429 ,\n        2.17298751]]), array([0.49430009, 0.49430009, 0.49430009, 0.49430009, 0.49430009,\n       0.49430009, 0.49430009]))", "callback": [0.6664984542696097, 0.5956210024561477, 0.5043005779365852, 0.5029557275716494, 0.4986164613430274, 0.4975793076657177, 0.49736229077313443, 0.49728314557982234, 0.4971004211672103, 0.4965004398778864, 0.4949306208551921, 0.49440054310238957, 0.4943254463853076, 0.4943054911639295, 0.4943009100691994, 0.4943004696284762, 0.49430027480008654, 0.4943002118628488, 0.4943001744070772, 0.49430014042462, 0.49430012844713955, 0.49430010631767496, 0.49430009916371986, 0.49430009144613096, 0.4943000911231423, 0.4943000902930704, 0.49430008998409924, 0.49430008992845564, 0.49430008991413477]}, "9": {"maxiter": 1000, "fatol": 1e-05, "xatol": 1e-10, "duration": 0.15732622146606445, "fun": "0.4943000899112282", "nit": "393", "nfev": "691", "status": "0", "success": "True", "message": "Optimization terminated successfully.", "x": "[1.40835955 6.43716354 4.38589852 4.56906671 6.05024043 2.17298825]", "final_simplex": "(array([[1.40835955, 6.43716354, 4.38589852, 4.56906671, 6.05024043,\n        2.17298825],\n       [1.40835955, 6.43716354, 4.38589852, 4.56906671, 6.05024043,\n        2.17298825],\n       [1.40835955, 6.43716354, 4.38589852, 4.56906671, 6.05024043,\n        2.17298825],\n       [1.40835955, 6.43716354, 4.38589852, 4.56906671, 6.05024043,\n        2.17298825],\n       [1.40835955, 6.43716354, 4.38589852, 4.56906671, 6.05024043,\n        2.17298825],\n       [1.40835955, 6.43716354, 4.38589852, 4.56906671, 6.05024043,\n        2.17298825],\n       [1.40835955, 6.43716354, 4.38589852, 4.56906671, 6.05024043,\n        2.17298825]]), array([0.49430009, 0.49430009, 0.49430009, 0.49430009, 0.49430009,\n       0.49430009, 0.49430009]))", "callback": [0.6664984542696097, 0.5956210024561477, 0.5043005779365852, 0.5029557275716494, 0.4986164613430274, 0.4975793076657177, 0.49736229077313443, 0.49728314557982234, 0.4971004211672103, 0.4965004398778864, 0.4949306208551921, 0.49440054310238957, 0.4943254463853076, 0.4943054911639295, 0.4943009100691994, 0.4943004696284762, 0.49430027480008654, 0.4943002118628488, 0.4943001744070772, 0.49430014042462, 0.49430012844713955, 0.49430010631767496, 0.49430009916371986, 0.49430009144613096, 0.4943000911231423, 0.4943000902930704, 0.49430008998409924, 0.49430008992845564, 0.49430008991413477, 0.49430008991208196, 0.49430008991138275, 0.4943000899112612, 0.49430008991124885, 0.49430008991123187, 0.49430008991122987, 0.4943000899112291, 0.49430008991122854, 0.4943000899112283, 0.4943000899112282, 0.4943000899112282]}, "10": {"maxiter": 1000, "fatol": 1e-10, "xatol": 1e-05, "duration": 0.10846805572509766, "fun": "0.49430008991413477", "nit": "282", "nfev": "459", "status": "0", "success": "True", "message": "Optimization terminated successfully.", "x": "[1.40836112 6.43716282 4.38590352 4.56906536 6.05023904 2.17298723]", "final_simplex": "(array([[1.40836112, 6.43716282, 4.38590352, 4.56906536, 6.05023904,\n        2.17298723],\n       [1.40835561, 6.43716503, 4.38589642, 4.56906417, 6.05023898,\n        2.17298354],\n       [1.40836087, 6.43716951, 4.38589701, 4.56906628, 6.05023667,\n        2.17298571],\n       [1.40835782, 6.43716814, 4.38589781, 4.56906687, 6.05024306,\n        2.17298648],\n       [1.40836287, 6.43716246, 4.3859011 , 4.56906009, 6.05024146,\n        2.17298757],\n       [1.4083609 , 6.43716459, 4.38589995, 4.56906917, 6.05023981,\n        2.17299566],\n       [1.40836944, 6.43716116, 4.3858991 , 4.56906637, 6.0502429 ,\n        2.17298751]]), array([0.49430009, 0.49430009, 0.49430009, 0.49430009, 0.49430009,\n       0.49430009, 0.49430009]))", "callback": [0.6664984542696097, 0.5956210024561477, 0.5043005779365852, 0.5029557275716494, 0.4986164613430274, 0.4975793076657177, 0.49736229077313443, 0.49728314557982234, 0.4971004211672103, 0.4965004398778864, 0.4949306208551921, 0.49440054310238957, 0.4943254463853076, 0.4943054911639295, 0.4943009100691994, 0.4943004696284762, 0.49430027480008654, 0.4943002118628488, 0.4943001744070772, 0.49430014042462, 0.49430012844713955, 0.49430010631767496, 0.49430009916371986, 0.49430009144613096, 0.4943000911231423, 0.4943000902930704, 0.49430008998409924, 0.49430008992845564, 0.49430008991413477]}, "11": {"maxiter": 1000, "fatol": 1e-10, "xatol": 1e-10, "duration": 0.17939090728759766, "fun": "0.4943000899112282", "nit": "393", "nfev": "691", "status": "0", "success": "True", "message": "Optimization terminated successfully.", "x": "[1.40835955 6.43716354 4.38589852 4.56906671 6.05024043 2.17298825]", "final_simplex": "(array([[1.40835955, 6.43716354, 4.38589852, 4.56906671, 6.05024043,\n        2.17298825],\n       [1.40835955, 6.43716354, 4.38589852, 4.56906671, 6.05024043,\n        2.17298825],\n       [1.40835955, 6.43716354, 4.38589852, 4.56906671, 6.05024043,\n        2.17298825],\n       [1.40835955, 6.43716354, 4.38589852, 4.56906671, 6.05024043,\n        2.17298825],\n       [1.40835955, 6.43716354, 4.38589852, 4.56906671, 6.05024043,\n        2.17298825],\n       [1.40835955, 6.43716354, 4.38589852, 4.56906671, 6.05024043,\n        2.17298825],\n       [1.40835955, 6.43716354, 4.38589852, 4.56906671, 6.05024043,\n        2.17298825]]), array([0.49430009, 0.49430009, 0.49430009, 0.49430009, 0.49430009,\n       0.49430009, 0.49430009]))", "callback": [0.6664984542696097, 0.5956210024561477, 0.5043005779365852, 0.5029557275716494, 0.4986164613430274, 0.4975793076657177, 0.49736229077313443, 0.49728314557982234, 0.4971004211672103, 0.4965004398778864, 0.4949306208551921, 0.49440054310238957, 0.4943254463853076, 0.4943054911639295, 0.4943009100691994, 0.4943004696284762, 0.49430027480008654, 0.4943002118628488, 0.4943001744070772, 0.49430014042462, 0.49430012844713955, 0.49430010631767496, 0.49430009916371986, 0.49430009144613096, 0.4943000911231423, 0.4943000902930704, 0.49430008998409924, 0.49430008992845564, 0.49430008991413477, 0.49430008991208196, 0.49430008991138275, 0.4943000899112612, 0.49430008991124885, 0.49430008991123187, 0.49430008991122987, 0.4943000899112291, 0.49430008991122854, 0.4943000899112283, 0.4943000899112282, 0.4943000899112282]}}, "bfgs": {"type": "gradient", "0": {"maxiter": 100, "gtol": 1e-05, "xrtol": 1e-05, "eps": 1e-05, "duration": 0.03922915458679199, "fun": "0.49430009028012334", "jac": "[-6.19221341e-06  6.21636076e-07  1.02928777e-07 -1.08762999e-06\n -5.66597880e-06  7.48019424e-06]", "hess_inv": "[[ 4.74073773 -0.48680605  2.29235992 -0.67565779  1.0884654   1.79733797]\n [-0.48680605  4.9655609  -1.24179673 -0.43974729 -1.43116927 -1.21205827]\n [ 2.29235992 -1.24179673  7.64256956 -1.15352931  1.15768357  2.65195591]\n [-0.67565779 -0.43974729 -1.15352931  5.28824416 -0.24721844 -0.40089146]\n [ 1.0884654  -1.43116927  1.15768357 -0.24721844  4.6488434   1.74306058]\n [ 1.79733797 -1.21205827  2.65195591 -0.40089146  1.74306058  4.54318669]]", "nfev": "147", "njev": "21", "status": "0", "success": "True", "message": "Optimization terminated successfully.", "x": "[1.40831173 6.43717288 4.38588734 4.56905852 6.05019638 2.17299975]", "nit": "19", "callback": [0.567277773406804, 0.5442430622351959, 0.5283636274059338, 0.5055434013337452, 0.49830504666511277, 0.4968214755543493, 0.4950268241490161, 0.49474815319136467, 0.4945628919715078, 0.49438540549093124, 0.4943184529680046, 0.49430575737929583, 0.4943027065465989, 0.4943007930939475, 0.49430019060210106, 0.49430011007257413, 0.49430009928341134, 0.4943000926888633, 0.49430009028012334]}, "1": {"maxiter": 100, "gtol": 1e-05, "xrtol": 1e-05, "eps": 1e-10, "duration": 0.036399126052856445, "fun": "0.4943000902047693", "jac": "[-6.66133760e-06  1.11022293e-06  0.00000000e+00 -1.11022293e-06\n -6.66133760e-06  9.99200639e-06]", "hess_inv": "[[ 4.69367962 -0.48078138  2.28642115 -0.85783476  1.18801059  1.72299129]\n [-0.48078138  4.91690359 -1.24265941 -0.41942553 -1.38510262 -1.19849244]\n [ 2.28642115 -1.24265941  7.6056849  -1.19350025  1.13111236  2.53642704]\n [-0.85783476 -0.41942553 -1.19350025  5.03600969 -0.27871454 -0.55359176]\n [ 1.18801059 -1.38510262  1.13111236 -0.27871454  4.82505027  1.85075429]\n [ 1.72299129 -1.19849244  2.53642704 -0.55359176  1.85075429  4.53719072]]", "nfev": "147", "njev": "21", "status": "0", "success": "True", "message": "Optimization terminated successfully.", "x": "[1.40833272 6.43717153 4.38590342 4.56906611 6.05021507 2.17302197]", "nit": "19", "callback": [0.5672788400252646, 0.5442435260486582, 0.5283636115543051, 0.5055431684263609, 0.49830575836264057, 0.49682185667725776, 0.4950268425870825, 0.49474832925090084, 0.49456288923061686, 0.4943854841887402, 0.4943184489970355, 0.4943057664489845, 0.49430270490423933, 0.49430079708629604, 0.4943001915135069, 0.49430011041575106, 0.4943000991620843, 0.49430009281295695, 0.4943000902047693]}, "2": {"maxiter": 100, "gtol": 1e-05, "xrtol": 1e-10, "eps": 1e-05, "duration": 0.035405874252319336, "fun": "0.49430009028012334", "jac": "[-6.19221341e-06  6.21636076e-07  1.02928777e-07 -1.08762999e-06\n -5.66597880e-06  7.48019424e-06]", "hess_inv": "[[ 4.74073773 -0.48680605  2.29235992 -0.67565779  1.0884654   1.79733797]\n [-0.48680605  4.9655609  -1.24179673 -0.43974729 -1.43116927 -1.21205827]\n [ 2.29235992 -1.24179673  7.64256956 -1.15352931  1.15768357  2.65195591]\n [-0.67565779 -0.43974729 -1.15352931  5.28824416 -0.24721844 -0.40089146]\n [ 1.0884654  -1.43116927  1.15768357 -0.24721844  4.6488434   1.74306058]\n [ 1.79733797 -1.21205827  2.65195591 -0.40089146  1.74306058  4.54318669]]", "nfev": "147", "njev": "21", "status": "0", "success": "True", "message": "Optimization terminated successfully.", "x": "[1.40831173 6.43717288 4.38588734 4.56905852 6.05019638 2.17299975]", "nit": "19", "callback": [0.567277773406804, 0.5442430622351959, 0.5283636274059338, 0.5055434013337452, 0.49830504666511277, 0.4968214755543493, 0.4950268241490161, 0.49474815319136467, 0.4945628919715078, 0.49438540549093124, 0.4943184529680046, 0.49430575737929583, 0.4943027065465989, 0.4943007930939475, 0.49430019060210106, 0.49430011007257413, 0.49430009928341134, 0.4943000926888633, 0.49430009028012334]}, "3": {"maxiter": 100, "gtol": 1e-05, "xrtol": 1e-10, "eps": 1e-10, "duration": 0.03744101524353027, "fun": "0.4943000902047693", "jac": "[-6.66133760e-06  1.11022293e-06  0.00000000e+00 -1.11022293e-06\n -6.66133760e-06  9.99200639e-06]", "hess_inv": "[[ 4.69367962 -0.48078138  2.28642115 -0.85783476  1.18801059  1.72299129]\n [-0.48078138  4.91690359 -1.24265941 -0.41942553 -1.38510262 -1.19849244]\n [ 2.28642115 -1.24265941  7.6056849  -1.19350025  1.13111236  2.53642704]\n [-0.85783476 -0.41942553 -1.19350025  5.03600969 -0.27871454 -0.55359176]\n [ 1.18801059 -1.38510262  1.13111236 -0.27871454  4.82505027  1.85075429]\n [ 1.72299129 -1.19849244  2.53642704 -0.55359176  1.85075429  4.53719072]]", "nfev": "147", "njev": "21", "status": "0", "success": "True", "message": "Optimization terminated successfully.", "x": "[1.40833272 6.43717153 4.38590342 4.56906611 6.05021507 2.17302197]", "nit": "19", "callback": [0.5672788400252646, 0.5442435260486582, 0.5283636115543051, 0.5055431684263609, 0.49830575836264057, 0.49682185667725776, 0.4950268425870825, 0.49474832925090084, 0.49456288923061686, 0.4943854841887402, 0.4943184489970355, 0.4943057664489845, 0.49430270490423933, 0.49430079708629604, 0.4943001915135069, 0.49430011041575106, 0.4943000991620843, 0.49430009281295695, 0.4943000902047693]}, "4": {"maxiter": 100, "gtol": 1e-10, "xrtol": 1e-05, "eps": 1e-05, "duration": 0.03860616683959961, "fun": "0.49430008995345265", "jac": "[-1.31771261e-06  4.60342875e-07 -4.81392703e-07 -9.81159598e-07\n  5.20583576e-08  1.36237688e-06]", "hess_inv": "[[ 5.16591449 -0.50344977  2.09182351 -0.89105945  1.81367296  1.53360365]\n [-0.50344977  4.92829428 -1.1545774  -0.31400606 -1.58965646 -1.19890974]\n [ 2.09182351 -1.1545774   7.57101982 -1.29748279  1.08795537  2.77043506]\n [-0.89105945 -0.31400606 -1.29748279  5.03444483 -0.21212811 -0.27601767]\n [ 1.81367296 -1.58965646  1.08795537 -0.21212811  5.43942835  1.30291027]\n [ 1.53360365 -1.19890974  2.77043506 -0.27601767  1.30291027  4.70656893]]", "nfev": "154", "njev": "22", "status": "0", "success": "True", "message": "Optimization terminated successfully.", "x": "[1.40834165 6.43716643 4.38588426 4.56905967 6.05022933 2.17298158]", "nit": "20", "callback": [0.567277773406804, 0.5442430622351959, 0.5283636274059338, 0.5055434013337452, 0.49830504666511277, 0.4968214755543493, 0.4950268241490161, 0.49474815319136467, 0.4945628919715078, 0.49438540549093124, 0.4943184529680046, 0.49430575737929583, 0.4943027065465989, 0.4943007930939475, 0.49430019060210106, 0.49430011007257413, 0.49430009928341134, 0.4943000926888633, 0.49430009028012334, 0.49430008995345265]}, "5": {"maxiter": 100, "gtol": 1e-10, "xrtol": 1e-05, "eps": 1e-10, "duration": 0.03811287879943848, "fun": "0.49430008994115904", "jac": "[ 0.00000000e+00  1.11022293e-06 -1.11022293e-06  2.22044587e-06\n  4.44089173e-06  2.22044587e-06]", "hess_inv": "[[ 5.18278218 -0.51731132  2.06745368 -0.96907531  1.95070298  1.40584262]\n [-0.51731132  4.86311755 -1.14191769 -0.30544822 -1.570117   -1.25589471]\n [ 2.06745368 -1.14191769  7.57770705 -1.30148421  0.98086669  2.79949511]\n [-0.96907531 -0.30544822 -1.30148421  4.86373303 -0.21275428 -0.32984142]\n [ 1.95070298 -1.570117    0.98086669 -0.21275428  5.72423274  1.17246899]\n [ 1.40584262 -1.25589471  2.79949511 -0.32984142  1.17246899  4.62648869]]", "nfev": "154", "njev": "22", "status": "0", "success": "True", "message": "Optimization terminated successfully.", "x": "[1.40836569 6.43716443 4.38589557 4.56906727 6.05025598 2.17299395]", "nit": "20", "callback": [0.5672788400252646, 0.5442435260486582, 0.5283636115543051, 0.5055431684263609, 0.49830575836264057, 0.49682185667725776, 0.4950268425870825, 0.49474832925090084, 0.49456288923061686, 0.4943854841887402, 0.4943184489970355, 0.4943057664489845, 0.49430270490423933, 0.49430079708629604, 0.4943001915135069, 0.49430011041575106, 0.4943000991620843, 0.49430009281295695, 0.4943000902047693, 0.49430008994115904]}, "6": {"maxiter": 100, "gtol": 1e-10, "xrtol": 1e-10, "eps": 1e-05, "duration": 0.08507490158081055, "fun": "0.49430008993496244", "jac": "[ 6.66133815e-11  1.68753900e-09 -2.87547763e-09 -4.56301663e-09\n  8.85957974e-09 -2.55351296e-09]", "hess_inv": "[[ 5.61511854 -0.69847454  2.28855566 -0.5114766   1.86681592  1.28636267]\n [-0.69847454  5.0065064  -1.22708037 -0.45981204 -1.63320628 -1.09153693]\n [ 2.28855566 -1.22708037  7.63285578 -1.16687409  1.14802568  2.66288359]\n [-0.5114766  -0.45981204 -1.16687409  5.30301628 -0.11351651 -0.48378403]\n [ 1.86681592 -1.63320628  1.14802568 -0.11351651  5.39234814  1.27154398]\n [ 1.28636267 -1.09153693  2.66288359 -0.48378403  1.27154398  4.84307478]]", "nfev": "369", "njev": "51", "status": "2", "success": "False", "message": "Desired error not necessarily achieved due to precision loss.", "x": "[1.40834826 6.4371637  4.38588666 4.56906449 6.05023118 2.17297782]", "nit": "22", "callback": [0.567277773406804, 0.5442430622351959, 0.5283636274059338, 0.5055434013337452, 0.49830504666511277, 0.4968214755543493, 0.4950268241490161, 0.49474815319136467, 0.4945628919715078, 0.49438540549093124, 0.4943184529680046, 0.49430575737929583, 0.4943027065465989, 0.4943007930939475, 0.49430019060210106, 0.49430011007257413, 0.49430009928341134, 0.4943000926888633, 0.49430009028012334, 0.49430008995345265, 0.49430008993543806, 0.49430008993496244]}, "7": {"maxiter": 100, "gtol": 1e-10, "xrtol": 1e-10, "eps": 1e-10, "duration": 0.09300589561462402, "fun": "0.494300089912016", "jac": "[-1.11022293e-06  0.00000000e+00 -1.11022293e-06  0.00000000e+00\n  1.11022293e-06  0.00000000e+00]", "hess_inv": "[[ 3.30491946 -0.34305386  0.65269876  0.18884858  1.12423729  1.00795159]\n [-0.34305386  5.40434598 -3.42170415 -1.24571569 -0.81214406 -3.54372446]\n [ 0.65269876 -3.42170415 12.08509601  2.05146036  2.0696155  10.3558998 ]\n [ 0.18884858 -1.24571569  2.05146036  4.32771686  0.28032541  2.94207528]\n [ 1.12423729 -0.81214406  2.0696155   0.28032541  2.05805087  0.7503129 ]\n [ 1.00795159 -3.54372446 10.3558998   2.94207528  0.7503129  13.90956277]]", "nfev": "403", "njev": "56", "status": "2", "success": "False", "message": "Desired error not necessarily achieved due to precision loss.", "x": "[1.40835801 6.43716448 4.38589792 4.56906489 6.0502394  2.17298907]", "nit": "23", "callback": [0.5672788400252646, 0.5442435260486582, 0.5283636115543051, 0.5055431684263609, 0.49830575836264057, 0.49682185667725776, 0.4950268425870825, 0.49474832925090084, 0.49456288923061686, 0.4943854841887402, 0.4943184489970355, 0.4943057664489845, 0.49430270490423933, 0.49430079708629604, 0.4943001915135069, 0.49430011041575106, 0.4943000991620843, 0.49430009281295695, 0.4943000902047693, 0.49430008994115904, 0.4943000899259241, 0.49430008991415875, 0.494300089912016]}, "8": {"maxiter": 500, "gtol": 1e-05, "xrtol": 1e-05, "eps": 1e-05, "duration": 0.03486800193786621, "fun": "0.49430009028012334", "jac": "[-6.19221341e-06  6.21636076e-07  1.02928777e-07 -1.08762999e-06\n -5.66597880e-06  7.48019424e-06]", "hess_inv": "[[ 4.74073773 -0.48680605  2.29235992 -0.67565779  1.0884654   1.79733797]\n [-0.48680605  4.9655609  -1.24179673 -0.43974729 -1.43116927 -1.21205827]\n [ 2.29235992 -1.24179673  7.64256956 -1.15352931  1.15768357  2.65195591]\n [-0.67565779 -0.43974729 -1.15352931  5.28824416 -0.24721844 -0.40089146]\n [ 1.0884654  -1.43116927  1.15768357 -0.24721844  4.6488434   1.74306058]\n [ 1.79733797 -1.21205827  2.65195591 -0.40089146  1.74306058  4.54318669]]", "nfev": "147", "njev": "21", "status": "0", "success": "True", "message": "Optimization terminated successfully.", "x": "[1.40831173 6.43717288 4.38588734 4.56905852 6.05019638 2.17299975]", "nit": "19", "callback": [0.567277773406804, 0.5442430622351959, 0.5283636274059338, 0.5055434013337452, 0.49830504666511277, 0.4968214755543493, 0.4950268241490161, 0.49474815319136467, 0.4945628919715078, 0.49438540549093124, 0.4943184529680046, 0.49430575737929583, 0.4943027065465989, 0.4943007930939475, 0.49430019060210106, 0.49430011007257413, 0.49430009928341134, 0.4943000926888633, 0.49430009028012334]}, "9": {"maxiter": 500, "gtol": 1e-05, "xrtol": 1e-05, "eps": 1e-10, "duration": 0.03689885139465332, "fun": "0.4943000902047693", "jac": "[-6.66133760e-06  1.11022293e-06  0.00000000e+00 -1.11022293e-06\n -6.66133760e-06  9.99200639e-06]", "hess_inv": "[[ 4.69367962 -0.48078138  2.28642115 -0.85783476  1.18801059  1.72299129]\n [-0.48078138  4.91690359 -1.24265941 -0.41942553 -1.38510262 -1.19849244]\n [ 2.28642115 -1.24265941  7.6056849  -1.19350025  1.13111236  2.53642704]\n [-0.85783476 -0.41942553 -1.19350025  5.03600969 -0.27871454 -0.55359176]\n [ 1.18801059 -1.38510262  1.13111236 -0.27871454  4.82505027  1.85075429]\n [ 1.72299129 -1.19849244  2.53642704 -0.55359176  1.85075429  4.53719072]]", "nfev": "147", "njev": "21", "status": "0", "success": "True", "message": "Optimization terminated successfully.", "x": "[1.40833272 6.43717153 4.38590342 4.56906611 6.05021507 2.17302197]", "nit": "19", "callback": [0.5672788400252646, 0.5442435260486582, 0.5283636115543051, 0.5055431684263609, 0.49830575836264057, 0.49682185667725776, 0.4950268425870825, 0.49474832925090084, 0.49456288923061686, 0.4943854841887402, 0.4943184489970355, 0.4943057664489845, 0.49430270490423933, 0.49430079708629604, 0.4943001915135069, 0.49430011041575106, 0.4943000991620843, 0.49430009281295695, 0.4943000902047693]}, "10": {"maxiter": 500, "gtol": 1e-05, "xrtol": 1e-10, "eps": 1e-05, "duration": 0.033865928649902344, "fun": "0.49430009028012334", "jac": "[-6.19221341e-06  6.21636076e-07  1.02928777e-07 -1.08762999e-06\n -5.66597880e-06  7.48019424e-06]", "hess_inv": "[[ 4.74073773 -0.48680605  2.29235992 -0.67565779  1.0884654   1.79733797]\n [-0.48680605  4.9655609  -1.24179673 -0.43974729 -1.43116927 -1.21205827]\n [ 2.29235992 -1.24179673  7.64256956 -1.15352931  1.15768357  2.65195591]\n [-0.67565779 -0.43974729 -1.15352931  5.28824416 -0.24721844 -0.40089146]\n [ 1.0884654  -1.43116927  1.15768357 -0.24721844  4.6488434   1.74306058]\n [ 1.79733797 -1.21205827  2.65195591 -0.40089146  1.74306058  4.54318669]]", "nfev": "147", "njev": "21", "status": "0", "success": "True", "message": "Optimization terminated successfully.", "x": "[1.40831173 6.43717288 4.38588734 4.56905852 6.05019638 2.17299975]", "nit": "19", "callback": [0.567277773406804, 0.5442430622351959, 0.5283636274059338, 0.5055434013337452, 0.49830504666511277, 0.4968214755543493, 0.4950268241490161, 0.49474815319136467, 0.4945628919715078, 0.49438540549093124, 0.4943184529680046, 0.49430575737929583, 0.4943027065465989, 0.4943007930939475, 0.49430019060210106, 0.49430011007257413, 0.49430009928341134, 0.4943000926888633, 0.49430009028012334]}, "11": {"maxiter": 500, "gtol": 1e-05, "xrtol": 1e-10, "eps": 1e-10, "duration": 0.03464698791503906, "fun": "0.4943000902047693", "jac": "[-6.66133760e-06  1.11022293e-06  0.00000000e+00 -1.11022293e-06\n -6.66133760e-06  9.99200639e-06]", "hess_inv": "[[ 4.69367962 -0.48078138  2.28642115 -0.85783476  1.18801059  1.72299129]\n [-0.48078138  4.91690359 -1.24265941 -0.41942553 -1.38510262 -1.19849244]\n [ 2.28642115 -1.24265941  7.6056849  -1.19350025  1.13111236  2.53642704]\n [-0.85783476 -0.41942553 -1.19350025  5.03600969 -0.27871454 -0.55359176]\n [ 1.18801059 -1.38510262  1.13111236 -0.27871454  4.82505027  1.85075429]\n [ 1.72299129 -1.19849244  2.53642704 -0.55359176  1.85075429  4.53719072]]", "nfev": "147", "njev": "21", "status": "0", "success": "True", "message": "Optimization terminated successfully.", "x": "[1.40833272 6.43717153 4.38590342 4.56906611 6.05021507 2.17302197]", "nit": "19", "callback": [0.5672788400252646, 0.5442435260486582, 0.5283636115543051, 0.5055431684263609, 0.49830575836264057, 0.49682185667725776, 0.4950268425870825, 0.49474832925090084, 0.49456288923061686, 0.4943854841887402, 0.4943184489970355, 0.4943057664489845, 0.49430270490423933, 0.49430079708629604, 0.4943001915135069, 0.49430011041575106, 0.4943000991620843, 0.49430009281295695, 0.4943000902047693]}, "12": {"maxiter": 500, "gtol": 1e-10, "xrtol": 1e-05, "eps": 1e-05, "duration": 0.03570294380187988, "fun": "0.49430008995345265", "jac": "[-1.31771261e-06  4.60342875e-07 -4.81392703e-07 -9.81159598e-07\n  5.20583576e-08  1.36237688e-06]", "hess_inv": "[[ 5.16591449 -0.50344977  2.09182351 -0.89105945  1.81367296  1.53360365]\n [-0.50344977  4.92829428 -1.1545774  -0.31400606 -1.58965646 -1.19890974]\n [ 2.09182351 -1.1545774   7.57101982 -1.29748279  1.08795537  2.77043506]\n [-0.89105945 -0.31400606 -1.29748279  5.03444483 -0.21212811 -0.27601767]\n [ 1.81367296 -1.58965646  1.08795537 -0.21212811  5.43942835  1.30291027]\n [ 1.53360365 -1.19890974  2.77043506 -0.27601767  1.30291027  4.70656893]]", "nfev": "154", "njev": "22", "status": "0", "success": "True", "message": "Optimization terminated successfully.", "x": "[1.40834165 6.43716643 4.38588426 4.56905967 6.05022933 2.17298158]", "nit": "20", "callback": [0.567277773406804, 0.5442430622351959, 0.5283636274059338, 0.5055434013337452, 0.49830504666511277, 0.4968214755543493, 0.4950268241490161, 0.49474815319136467, 0.4945628919715078, 0.49438540549093124, 0.4943184529680046, 0.49430575737929583, 0.4943027065465989, 0.4943007930939475, 0.49430019060210106, 0.49430011007257413, 0.49430009928341134, 0.4943000926888633, 0.49430009028012334, 0.49430008995345265]}, "13": {"maxiter": 500, "gtol": 1e-10, "xrtol": 1e-05, "eps": 1e-10, "duration": 0.03488898277282715, "fun": "0.49430008994115904", "jac": "[ 0.00000000e+00  1.11022293e-06 -1.11022293e-06  2.22044587e-06\n  4.44089173e-06  2.22044587e-06]", "hess_inv": "[[ 5.18278218 -0.51731132  2.06745368 -0.96907531  1.95070298  1.40584262]\n [-0.51731132  4.86311755 -1.14191769 -0.30544822 -1.570117   -1.25589471]\n [ 2.06745368 -1.14191769  7.57770705 -1.30148421  0.98086669  2.79949511]\n [-0.96907531 -0.30544822 -1.30148421  4.86373303 -0.21275428 -0.32984142]\n [ 1.95070298 -1.570117    0.98086669 -0.21275428  5.72423274  1.17246899]\n [ 1.40584262 -1.25589471  2.79949511 -0.32984142  1.17246899  4.62648869]]", "nfev": "154", "njev": "22", "status": "0", "success": "True", "message": "Optimization terminated successfully.", "x": "[1.40836569 6.43716443 4.38589557 4.56906727 6.05025598 2.17299395]", "nit": "20", "callback": [0.5672788400252646, 0.5442435260486582, 0.5283636115543051, 0.5055431684263609, 0.49830575836264057, 0.49682185667725776, 0.4950268425870825, 0.49474832925090084, 0.49456288923061686, 0.4943854841887402, 0.4943184489970355, 0.4943057664489845, 0.49430270490423933, 0.49430079708629604, 0.4943001915135069, 0.49430011041575106, 0.4943000991620843, 0.49430009281295695, 0.