{"date": "2024/09/24/, 20:42:04", "conf_id": 45, "data_type": "random\n", "num_data_points": 3, "s_rank": 0, "unitary": "[[-0.45070455-0.02711853j,0.78437395-0.06613086j,0.06358678+0.19963393j,-0.07343613+0.35668523j],[-0.01890143-0.03813363j,0.32408202+0.25557629j,0.05872864-0.68979805j,0.55466693-0.20227297j],[-0.11215405+0.64023111j,-0.13344055+0.29565494j,-0.49012687-0.19046288j,-0.04241254+0.44046348j],[0.55771659+0.24656916j,0.31851997-0.05798805j,0.28761525-0.34294258j,-0.56718418+0.03616933j]]", "databatch_0": {"databatch": "[[[-0.25614195-0.09705605j,0.18227607+0.08815221j,-0.21143275-0.19393573j,0.04861571+0.2920637j],[0.11807905-0.07338759j,-0.18796052-0.10498906j,0.22792919-0.41849317j,0.20493431+0.09960221j],[-0.03346415+0.11663091j,0.13548059-0.04242718j,0.02196544+0.32878915j,-0.10433329+0.00465739j],[-0.14836374-0.12296195j,0.10573198+0.04430173j,-0.00136812-0.25939546j,0.01804701+0.311533j]],[[0.0966106+0.04251268j,-0.16445253+0.04323907j,0.07397819+0.06219098j,0.03633692+0.13744616j],[-0.14209226+0.15222764j,0.04950087+0.10592324j,0.02756932-0.01330621j,-0.02753087-0.0895425j],[0.33926964-0.1244941j,0.09654802+0.18324213j,0.09884367-0.12928012j,0.18486464+0.06026151j],[0.07481997+0.70314295j,0.17124081+0.03977168j,0.04445538+0.00945481j,-0.30474785+0.00205073j]],[[0.02923705+0.31125535j,0.20672182+0.22872343j,0.01153463-0.20495552j,0.32138801-0.09923291j],[0.25437554-0.09328247j,-0.01592027+0.00322131j,-0.41599322-0.11282288j,-0.07488269-0.17199841j],[0.09906163+0.16547754j,0.10870183+0.10081235j,-0.08169553-0.18336035j,0.15987024-0.11303978j],[0.11472225-0.02668925j,-0.26278375-0.08553233j,-0.10399317-0.33640563j,-0.07065514+0.01643688j]]]", "initial param values": "[5.81609544,0.57009989,1.55173391,0.90194127,5.33037929,1.39188471]", "nelder_mead": {"type": "gradient-free", "0": {"maxiter": 100, "fatol": 1e-05, "xatol": 1e-05, "duration": 0.03892827033996582, "fun": "0.555938761324541", "nit": "100", "nfev": "154", "status": "2", "success": "False", "message": "Maximum number of iterations has been exceeded.", "x": "[ 7.72595117  1.36831854 -1.00066104  0.74196707 10.26355652  0.66642166]", "final_simplex": "(array([[ 7.72595117,  1.36831854, -1.00066104,  0.74196707, 10.26355652,\n         0.66642166],\n       [ 7.96907371,  1.47268786, -1.29310438,  0.73850322, 10.49860199,\n         0.58587602],\n       [ 7.72721455,  1.34074456, -0.92331178,  0.7429968 , 10.21012219,\n         0.69011978],\n       [ 7.8625428 ,  1.45871252, -1.23195072,  0.71502894, 10.44621943,\n         0.62935848],\n       [ 7.6512236 ,  1.38447577, -1.03916497,  0.72809557, 10.31109011,\n         0.67964034],\n       [ 7.95567808,  1.48445037, -1.33437136,  0.73005178, 10.61928538,\n         0.57974686],\n       [ 7.84544777,  1.49242906, -1.34522545,  0.74810537, 10.49590905,\n         0.58878352]]), array([0.55593876, 0.55750733, 0.55821448, 0.55930288, 0.56086805,\n       0.56132255, 0.56289524]))", "callback": [0.9486181097055593, 0.8723753513792647, 0.8723753513792647, 0.8195258888916197, 0.7363338095618133, 0.7362152493553522, 0.7321281276482787, 0.7239614790845965, 0.6653676634754033, 0.5593028795749435]}, "1": {"maxiter": 100, "fatol": 1e-05, "xatol": 1e-10, "duration": 0.03867316246032715, "fun": "0.555938761324541", "nit": "100", "nfev": "154", "status": "2", "success": "False", "message": "Maximum number of iterations has been exceeded.", "x": "[ 7.72595117  1.36831854 -1.00066104  0.74196707 10.26355652  0.66642166]", "final_simplex": "(array([[ 7.72595117,  1.36831854, -1.00066104,  0.74196707, 10.26355652,\n         0.66642166],\n       [ 7.96907371,  1.47268786, -1.29310438,  0.73850322, 10.49860199,\n         0.58587602],\n       [ 7.72721455,  1.34074456, -0.92331178,  0.7429968 , 10.21012219,\n         0.69011978],\n       [ 7.8625428 ,  1.45871252, -1.23195072,  0.71502894, 10.44621943,\n         0.62935848],\n       [ 7.6512236 ,  1.38447577, -1.03916497,  0.72809557, 10.31109011,\n         0.67964034],\n       [ 7.95567808,  1.48445037, -1.33437136,  0.73005178, 10.61928538,\n         0.57974686],\n       [ 7.84544777,  1.49242906, -1.34522545,  0.74810537, 10.49590905,\n         0.58878352]]), array([0.55593876, 0.55750733, 0.55821448, 0.55930288, 0.56086805,\n       0.56132255, 0.56289524]))", "callback": [0.9486181097055593, 0.8723753513792647, 0.8723753513792647, 0.8195258888916197, 0.7363338095618133, 0.7362152493553522, 0.7321281276482787, 0.7239614790845965, 0.6653676634754033, 0.5593028795749435]}, "2": {"maxiter": 100, "fatol": 1e-10, "xatol": 1e-05, "duration": 0.041352033615112305, "fun": "0.555938761324541", "nit": "100", "nfev": "154", "status": "2", "success": "False", "message": "Maximum number of iterations has been exceeded.", "x": "[ 7.72595117  1.36831854 -1.00066104  0.74196707 10.26355652  0.66642166]", "final_simplex": "(array([[ 7.72595117,  1.36831854, -1.00066104,  0.74196707, 10.26355652,\n         0.66642166],\n       [ 7.96907371,  1.47268786, -1.29310438,  0.73850322, 10.49860199,\n         0.58587602],\n       [ 7.72721455,  1.34074456, -0.92331178,  0.7429968 , 10.21012219,\n         0.69011978],\n       [ 7.8625428 ,  1.45871252, -1.23195072,  0.71502894, 10.44621943,\n         0.62935848],\n       [ 7.6512236 ,  1.38447577, -1.03916497,  0.72809557, 10.31109011,\n         0.67964034],\n       [ 7.95567808,  1.48445037, -1.33437136,  0.73005178, 10.61928538,\n         0.57974686],\n       [ 7.84544777,  1.49242906, -1.34522545,  0.74810537, 10.49590905,\n         0.58878352]]), array([0.55593876, 0.55750733, 0.55821448, 0.55930288, 0.56086805,\n       0.56132255, 0.56289524]))", "callback": [0.9486181097055593, 0.8723753513792647, 0.8723753513792647, 0.8195258888916197, 0.7363338095618133, 0.7362152493553522, 0.7321281276482787, 0.7239614790845965, 0.6653676634754033, 0.5593028795749435]}, "3": {"maxiter": 100, "fatol": 1e-10, "xatol": 1e-10, "duration": 0.04075002670288086, "fun": "0.555938761324541", "nit": "100", "nfev": "154", "status": "2", "success": "False", "message": "Maximum number of iterations has been exceeded.", "x": "[ 7.72595117  1.36831854 -1.00066104  0.74196707 10.26355652  0.66642166]", "final_simplex": "(array([[ 7.72595117,  1.36831854, -1.00066104,  0.74196707, 10.26355652,\n         0.66642166],\n       [ 7.96907371,  1.47268786, -1.29310438,  0.73850322, 10.49860199,\n         0.58587602],\n       [ 7.72721455,  1.34074456, -0.92331178,  0.7429968 , 10.21012219,\n         0.69011978],\n       [ 7.8625428 ,  1.45871252, -1.23195072,  0.71502894, 10.44621943,\n         0.62935848],\n       [ 7.6512236 ,  1.38447577, -1.03916497,  0.72809557, 10.31109011,\n         0.67964034],\n       [ 7.95567808,  1.48445037, -1.33437136,  0.73005178, 10.61928538,\n         0.57974686],\n       [ 7.84544777,  1.49242906, -1.34522545,  0.74810537, 10.49590905,\n         0.58878352]]), array([0.55593876, 0.55750733, 0.55821448, 0.55930288, 0.56086805,\n       0.56132255, 0.56289524]))", "callback": [0.9486181097055593, 0.8723753513792647, 0.8723753513792647, 0.8195258888916197, 0.7363338095618133, 0.7362152493553522, 0.7321281276482787, 0.7239614790845965, 0.6653676634754033, 0.5593028795749435]}, "4": {"maxiter": 500, "fatol": 1e-05, "xatol": 1e-05, "duration": 0.2092580795288086, "fun": "0.36056302095907833", "nit": "500", "nfev": "768", "status": "2", "success": "False", "message": "Maximum number of iterations has been exceeded.", "x": "[ 7.52461013  1.0131587  -0.37737746  1.71859463 10.7723554  -0.82766554]", "final_simplex": "(array([[ 7.52461013,  1.0131587 , -0.37737746,  1.71859463, 10.7723554 ,\n        -0.82766554],\n       [ 7.6592029 ,  1.04385163, -0.46991755,  1.85068141, 10.94289223,\n        -0.82809101],\n       [ 7.58119665,  0.96155702, -0.43771997,  1.69723035, 10.84555207,\n        -0.88953703],\n       [ 7.68263304,  0.95931699, -0.46112855,  1.78716978, 10.85672318,\n        -0.89414934],\n       [ 7.5643784 ,  0.98433151, -0.48320929,  1.75788859, 10.88075862,\n        -0.81408581],\n       [ 7.55815531,  1.01607391, -0.4226991 ,  1.87266087, 10.8158955 ,\n        -0.94224981],\n       [ 7.62091602,  1.09925512, -0.51956426,  1.89862023, 10.83528448,\n        -0.86062557]]), array([0.36056302, 0.36464758, 0.36553332, 0.36868976, 0.36909486,\n       0.36914284, 0.36927689]))", "callback": [0.9486181097055593, 0.8723753513792647, 0.8723753513792647, 0.8195258888916197, 0.7363338095618133, 0.7362152493553522, 0.7321281276482787, 0.7239614790845965, 0.6653676634754033, 0.5593028795749435, 0.5548752139119062, 0.5469332025814622, 0.5382199038271924, 0.514100216599386, 0.49529570925261923, 0.45360899763633433, 0.4440989142654521, 0.43547797834092494, 0.43159282056025083, 0.42583278615864595, 0.4211279102645463, 0.4211279102645463, 0.41952402931738464, 0.415423393026623, 0.4031000526122187, 0.398298761263174, 0.39326487228701135, 0.3912603881547524, 0.3908119742443542, 0.3907383187230963, 0.39071587930048224, 0.3907124550827329, 0.3907117488976485, 0.390711509288704, 0.39071113801940005, 0.3907105435805659, 0.39070921298548134, 0.39070508194714304, 0.3906962149835381, 0.39068659345901746, 0.3906716674264953, 0.3906110629848515, 0.3905834153894764, 0.3905398040881719, 0.39045791411229447, 0.3901540995602939, 0.38919193989236356, 0.3876405967751818, 0.38301874995458196, 0.36909486448537565]}, "5": {"maxiter": 500, "fatol": 1e-05, "xatol": 1e-10, "duration": 0.19729375839233398, "fun": "0.36056302095907833", "nit": "500", "nfev": "768", "status": "2", "success": "False", "message": "Maximum number of iterations has been exceeded.", "x": "[ 7.52461013  1.0131587  -0.37737746  1.71859463 10.7723554  -0.82766554]", "final_simplex": "(array([[ 7.52461013,  1.0131587 , -0.37737746,  1.71859463, 10.7723554 ,\n        -0.82766554],\n       [ 7.6592029 ,  1.04385163, -0.46991755,  1.85068141, 10.94289223,\n        -0.82809101],\n       [ 7.58119665,  0.96155702, -0.43771997,  1.69723035, 10.84555207,\n        -0.88953703],\n       [ 7.68263304,  0.95931699, -0.46112855,  1.78716978, 10.85672318,\n        -0.89414934],\n       [ 7.5643784 ,  0.98433151, -0.48320929,  1.75788859, 10.88075862,\n        -0.81408581],\n       [ 7.55815531,  1.01607391, -0.4226991 ,  1.87266087, 10.8158955 ,\n        -0.94224981],\n       [ 7.62091602,  1.09925512, -0.51956426,  1.89862023, 10.83528448,\n        -0.86062557]]), array([0.36056302, 0.36464758, 0.36553332, 0.36868976, 0.36909486,\n       0.36914284, 0.36927689]))", "callback": [0.9486181097055593, 0.8723753513792647, 0.8723753513792647, 0.8195258888916197, 0.7363338095618133, 0.7362152493553522, 0.7321281276482787, 0.7239614790845965, 0.6653676634754033, 0.5593028795749435, 0.5548752139119062, 0.5469332025814622, 0.5382199038271924, 0.514100216599386, 0.49529570925261923, 0.45360899763633433, 0.4440989142654521, 0.43547797834092494, 0.43159282056025083, 0.42583278615864595, 0.4211279102645463, 0.4211279102645463, 0.41952402931738464, 0.415423393026623, 0.4031000526122187, 0.398298761263174, 0.39326487228701135, 0.3912603881547524, 0.3908119742443542, 0.3907383187230963, 0.39071587930048224, 0.3907124550827329, 0.3907117488976485, 0.390711509288704, 0.39071113801940005, 0.3907105435805659, 0.39070921298548134, 0.39070508194714304, 0.3906962149835381, 0.39068659345901746, 0.3906716674264953, 0.3906110629848515, 0.3905834153894764, 0.3905398040881719, 0.39045791411229447, 0.3901540995602939, 0.38919193989236356, 0.3876405967751818, 0.38301874995458196, 0.36909486448537565]}, "6": {"maxiter": 500, "fatol": 1e-10, "xatol": 1e-05, "duration": 0.21564507484436035, "fun": "0.36056302095907833", "nit": "500", "nfev": "768", "status": "2", "success": "False", "message": "Maximum number of iterations has been exceeded.", "x": "[ 7.52461013  1.0131587  -0.37737746  1.71859463 10.7723554  -0.82766554]", "final_simplex": "(array([[ 7.52461013,  1.0131587 , -0.37737746,  1.71859463, 10.7723554 ,\n        -0.82766554],\n       [ 7.6592029 ,  1.04385163, -0.46991755,  1.85068141, 10.94289223,\n        -0.82809101],\n       [ 7.58119665,  0.96155702, -0.43771997,  1.69723035, 10.84555207,\n        -0.88953703],\n       [ 7.68263304,  0.95931699, -0.46112855,  1.78716978, 10.85672318,\n        -0.89414934],\n       [ 7.5643784 ,  0.98433151, -0.48320929,  1.75788859, 10.88075862,\n        -0.81408581],\n       [ 7.55815531,  1.01607391, -0.4226991 ,  1.87266087, 10.8158955 ,\n        -0.94224981],\n       [ 7.62091602,  1.09925512, -0.51956426,  1.89862023, 10.83528448,\n        -0.86062557]]), array([0.36056302, 0.36464758, 0.36553332, 0.36868976, 0.36909486,\n       0.36914284, 0.36927689]))", "callback": [0.9486181097055593, 0.8723753513792647, 0.8723753513792647, 0.8195258888916197, 0.7363338095618133, 0.7362152493553522, 0.7321281276482787, 0.7239614790845965, 0.6653676634754033, 0.5593028795749435, 0.5548752139119062, 0.5469332025814622, 0.5382199038271924, 0.514100216599386, 0.49529570925261923, 0.45360899763633433, 0.4440989142654521, 0.43547797834092494, 0.43159282056025083, 0.42583278615864595, 0.4211279102645463, 0.4211279102645463, 0.41952402931738464, 0.415423393026623, 0.4031000526122187, 0.398298761263174, 0.39326487228701135, 0.3912603881547524, 0.3908119742443542, 0.3907383187230963, 0.39071587930048224, 0.3907124550827329, 0.3907117488976485, 0.390711509288704, 0.39071113801940005, 0.3907105435805659, 0.39070921298548134, 0.39070508194714304, 0.3906962149835381, 0.39068659345901746, 0.3906716674264953, 0.3906110629848515, 0.3905834153894764, 0.3905398040881719, 0.39045791411229447, 0.3901540995602939, 0.38919193989236356, 0.3876405967751818, 0.38301874995458196, 0.36909486448537565]}, "7": {"maxiter": 500, "fatol": 1e-10, "xatol": 1e-10, "duration": 0.17405390739440918, "fun": "0.36056302095907833", "nit": "500", "nfev": "768", "status": "2", "success": "False", "message": "Maximum number of iterations has been exceeded.", "x": "[ 7.52461013  1.0131587  -0.37737746  1.71859463 10.7723554  -0.82766554]", "final_simplex": "(array([[ 7.52461013,  1.0131587 , -0.37737746,  1.71859463, 10.7723554 ,\n        -0.82766554],\n       [ 7.6592029 ,  1.04385163, -0.46991755,  1.85068141, 10.94289223,\n        -0.82809101],\n       [ 7.58119665,  0.96155702, -0.43771997,  1.69723035, 10.84555207,\n        -0.88953703],\n       [ 7.68263304,  0.95931699, -0.46112855,  1.78716978, 10.85672318,\n        -0.89414934],\n       [ 7.5643784 ,  0.98433151, -0.48320929,  1.75788859, 10.88075862,\n        -0.81408581],\n       [ 7.55815531,  1.01607391, -0.4226991 ,  1.87266087, 10.8158955 ,\n        -0.94224981],\n       [ 7.62091602,  1.09925512, -0.51956426,  1.89862023, 10.83528448,\n        -0.86062557]]), array([0.36056302, 0.36464758, 0.36553332, 0.36868976, 0.36909486,\n       0.36914284, 0.36927689]))", "callback": [0.9486181097055593, 0.8723753513792647, 0.8723753513792647, 0.8195258888916197, 0.7363338095618133, 0.7362152493553522, 0.7321281276482787, 0.7239614790845965, 0.6653676634754033, 0.5593028795749435, 0.5548752139119062, 0.5469332025814622, 0.5382199038271924, 0.514100216599386, 0.49529570925261923, 0.45360899763633433, 0.4440989142654521, 0.43547797834092494, 0.43159282056025083, 0.42583278615864595, 0.4211279102645463, 0.4211279102645463, 0.41952402931738464, 0.415423393026623, 0.4031000526122187, 0.398298761263174, 0.39326487228701135, 0.3912603881547524, 0.3908119742443542, 0.3907383187230963, 0.39071587930048224, 0.3907124550827329, 0.3907117488976485, 0.390711509288704, 0.39071113801940005, 0.3907105435805659, 0.39070921298548134, 0.39070508194714304, 0.3906962149835381, 0.39068659345901746, 0.3906716674264953, 0.3906110629848515, 0.3905834153894764, 0.3905398040881719, 0.39045791411229447, 0.3901540995602939, 0.38919193989236356, 0.3876405967751818, 0.38301874995458196, 0.36909486448537565]}, "8": {"maxiter": 1000, "fatol": 1e-05, "xatol": 1e-05, "duration": 0.2716500759124756, "fun": "0.33381362946368853", "nit": "709", "nfev": "1109", "status": "0", "success": "True", "message": "Optimization terminated successfully.", "x": "[ 7.73362757  1.36424896 -0.25834127  1.60461523 10.83860005 -0.79526507]", "final_simplex": "(array([[ 7.73362757,  1.36424896, -0.25834127,  1.60461523, 10.83860005,\n        -0.79526507],\n       [ 7.7336203 ,  1.36424605, -0.25833894,  1.60462063, 10.83859644,\n        -0.7952714 ],\n       [ 7.73362581,  1.3642482 , -0.25833663,  1.60462114, 10.83859543,\n        -0.79527083],\n       [ 7.73362288,  1.36424738, -0.25833948,  1.60462139, 10.83859952,\n        -0.79527031],\n       [ 7.73362195,  1.36424588, -0.2583322 ,  1.60462125, 10.83859696,\n        -0.79526683],\n       [ 7.73362642,  1.36424512, -0.25833751,  1.60462244, 10.83859569,\n        -0.79526387],\n       [ 7.73362415,  1.36425181, -0.25834221,  1.6046136 , 10.8385953 ,\n        -0.79525989]]), array([0.33381363, 0.33381363, 0.33381363, 0.33381363, 0.33381363,\n       0.33381363, 0.33381363]))", "callback": [0.9486181097055593, 0.8723753513792647, 0.8723753513792647, 0.8195258888916197, 0.7363338095618133, 0.7362152493553522, 0.7321281276482787, 0.7239614790845965, 0.6653676634754033, 0.5593028795749435, 0.5548752139119062, 0.5469332025814622, 0.5382199038271924, 0.514100216599386, 0.49529570925261923, 0.45360899763633433, 0.4440989142654521, 0.43547797834092494, 0.43159282056025083, 0.42583278615864595, 0.4211279102645463, 0.4211279102645463, 0.41952402931738464, 0.415423393026623, 0.4031000526122187, 0.398298761263174, 0.39326487228701135, 0.3912603881547524, 0.3908119742443542, 0.3907383187230963, 0.39071587930048224, 0.3907124550827329, 0.3907117488976485, 0.390711509288704, 0.39071113801940005, 0.3907105435805659, 0.39070921298548134, 0.39070508194714304, 0.3906962149835381, 0.39068659345901746, 0.3906716674264953, 0.3906110629848515, 0.3905834153894764, 0.3905398040881719, 0.39045791411229447, 0.3901540995602939, 0.38919193989236356, 0.3876405967751818, 0.38301874995458196, 0.36909486448537565, 0.36056302095907833, 0.33820092784769573, 0.3364688053702791, 0.33506140347187474, 0.3341746027441973, 0.33387297069967337, 0.3338690155758861, 0.33384056554234254, 0.3338263139787997, 0.3338207971620124, 0.33381662094053965, 0.333814572235719, 0.3338139965111203, 0.3338137847991416, 0.33381366833446535, 0.3338136361103302, 0.33381363128964414, 0.333813629798109, 0.3338136295687578, 0.3338136294956132, 0.33381362946566073]}, "9": {"maxiter": 1000, "fatol": 1e-05, "xatol": 1e-10, "duration": 0.34519410133361816, "fun": "0.3338136294594247", "nit": "821", "nfev": "1343", "status": "0", "success": "True", "message": "Optimization terminated successfully.", "x": "[ 7.73362312  1.36424605 -0.25833811  1.60461618 10.83859752 -0.7952674 ]", "final_simplex": "(array([[ 7.73362312,  1.36424605, -0.25833811,  1.60461618, 10.83859752,\n        -0.7952674 ],\n       [ 7.73362312,  1.36424605, -0.25833811,  1.60461618, 10.83859752,\n        -0.7952674 ],\n       [ 7.73362312,  1.36424605, -0.25833811,  1.60461618, 10.83859752,\n        -0.7952674 ],\n       [ 7.73362312,  1.36424605, -0.25833811,  1.60461618, 10.83859752,\n        -0.7952674 ],\n       [ 7.73362312,  1.36424605, -0.25833811,  1.60461618, 10.83859752,\n        -0.7952674 ],\n       [ 7.73362312,  1.36424605, -0.25833811,  1.60461618, 10.83859752,\n        -0.7952674 ],\n       [ 7.73362312,  1.36424605, -0.25833811,  1.60461618, 10.83859752,\n        -0.7952674 ]]), array([0.33381363, 0.33381363, 0.33381363, 0.33381363, 0.33381363,\n       0.33381363, 0.33381363]))", "callback": [0.9486181097055593, 0.8723753513792647, 0.8723753513792647, 0.8195258888916197, 0.7363338095618133, 0.7362152493553522, 0.7321281276482787, 0.7239614790845965, 0.6653676634754033, 0.5593028795749435, 0.5548752139119062, 0.5469332025814622, 0.5382199038271924, 0.514100216599386, 0.49529570925261923, 0.45360899763633433, 0.4440989142654521, 0.43547797834092494, 0.43159282056025083, 0.42583278615864595, 0.4211279102645463, 0.4211279102645463, 0.41952402931738464, 0.415423393026623, 0.4031000526122187, 0.398298761263174, 0.39326487228701135, 0.3912603881547524, 0.3908119742443542, 0.3907383187230963, 0.39071587930048224, 0.3907124550827329, 0.3907117488976485, 0.390711509288704, 0.39071113801940005, 0.3907105435805659, 0.39070921298548134, 0.39070508194714304, 0.3906962149835381, 0.39068659345901746, 0.3906716674264953, 0.3906110629848515, 0.3905834153894764, 0.3905398040881719, 0.39045791411229447, 0.3901540995602939, 0.38919193989236356, 0.3876405967751818, 0.38301874995458196, 0.36909486448537565, 0.36056302095907833, 0.33820092784769573, 0.3364688053702791, 0.33506140347187474, 0.3341746027441973, 0.33387297069967337, 0.3338690155758861, 0.33384056554234254, 0.3338263139787997, 0.3338207971620124, 0.33381662094053965, 0.333814572235719, 0.3338139965111203, 0.3338137847991416, 0.33381366833446535, 0.3338136361103302, 0.33381363128964414, 0.333813629798109, 0.3338136295687578, 0.3338136294956132, 0.33381362946566073, 0.333813629462138, 0.3338136294602906, 0.33381362945976034, 0.33381362945965276, 0.3338136294594788, 0.33381362945943815, 0.3338136294594273, 0.3338136294594255, 0.33381362945942483, 0.3338136294594247, 0.3338136294594247, 0.3338136294594247]}, "10": {"maxiter": 1000, "fatol": 1e-10, "xatol": 1e-05, "duration": 0.2512519359588623, "fun": "0.33381362946368853", "nit": "709", "nfev": "1109", "status": "0", "success": "True", "message": "Optimization terminated successfully.", "x": "[ 7.73362757  1.36424896 -0.25834127  1.60461523 10.83860005 -0.79526507]", "final_simplex": "(array([[ 7.73362757,  1.36424896, -0.25834127,  1.60461523, 10.83860005,\n        -0.79526507],\n       [ 7.7336203 ,  1.36424605, -0.25833894,  1.60462063, 10.83859644,\n        -0.7952714 ],\n       [ 7.73362581,  1.3642482 , -0.25833663,  1.60462114, 10.83859543,\n        -0.79527083],\n       [ 7.73362288,  1.36424738, -0.25833948,  1.60462139, 10.83859952,\n        -0.79527031],\n       [ 7.73362195,  1.36424588, -0.2583322 ,  1.60462125, 10.83859696,\n        -0.79526683],\n       [ 7.73362642,  1.36424512, -0.25833751,  1.60462244, 10.83859569,\n        -0.79526387],\n       [ 7.73362415,  1.36425181, -0.25834221,  1.6046136 , 10.8385953 ,\n        -0.79525989]]), array([0.33381363, 0.33381363, 0.33381363, 0.33381363, 0.33381363,\n       0.33381363, 0.33381363]))", "callback": [0.9486181097055593, 0.8723753513792647, 0.8723753513792647, 0.8195258888916197, 0.7363338095618133, 0.7362152493553522, 0.7321281276482787, 0.7239614790845965, 0.6653676634754033, 0.5593028795749435, 0.5548752139119062, 0.5469332025814622, 0.5382199038271924, 0.514100216599386, 0.49529570925261923, 0.45360899763633433, 0.4440989142654521, 0.43547797834092494, 0.43159282056025083, 0.42583278615864595, 0.4211279102645463, 0.4211279102645463, 0.41952402931738464, 0.415423393026623, 0.4031000526122187, 0.398298761263174, 0.39326487228701135, 0.3912603881547524, 0.3908119742443542, 0.3907383187230963, 0.39071587930048224, 0.3907124550827329, 0.3907117488976485, 0.390711509288704, 0.39071113801940005, 0.3907105435805659, 0.39070921298548134, 0.39070508194714304, 0.3906962149835381, 0.39068659345901746, 0.3906716674264953, 0.3906110629848515, 0.3905834153894764, 0.3905398040881719, 0.39045791411229447, 0.3901540995602939, 0.38919193989236356, 0.3876405967751818, 0.38301874995458196, 0.36909486448537565, 0.36056302095907833, 0.33820092784769573, 0.3364688053702791, 0.33506140347187474, 0.3341746027441973, 0.33387297069967337, 0.3338690155758861, 0.33384056554234254, 0.3338263139787997, 0.3338207971620124, 0.33381662094053965, 0.333814572235719, 0.3338139965111203, 0.3338137847991416, 0.33381366833446535, 0.3338136361103302, 0.33381363128964414, 0.333813629798109, 0.3338136295687578, 0.3338136294956132, 0.33381362946566073]}, "11": {"maxiter": 1000, "fatol": 1e-10, "xatol": 1e-10, "duration": 0.29603004455566406, "fun": "0.3338136294594247", "nit": "821", "nfev": "1343", "status": "0", "success": "True", "message": "Optimization terminated successfully.", "x": "[ 7.73362312  1.36424605 -0.25833811  1.60461618 10.83859752 -0.7952674 ]", "final_simplex": "(array([[ 7.73362312,  1.36424605, -0.25833811,  1.60461618, 10.83859752,\n        -0.7952674 ],\n       [ 7.73362312,  1.36424605, -0.25833811,  1.60461618, 10.83859752,\n        -0.7952674 ],\n       [ 7.73362312,  1.36424605, -0.25833811,  1.60461618, 10.83859752,\n        -0.7952674 ],\n       [ 7.73362312,  1.36424605, -0.25833811,  1.60461618, 10.83859752,\n        -0.7952674 ],\n       [ 7.73362312,  1.36424605, -0.25833811,  1.60461618, 10.83859752,\n        -0.7952674 ],\n       [ 7.73362312,  1.36424605, -0.25833811,  1.60461618, 10.83859752,\n        -0.7952674 ],\n       [ 7.73362312,  1.36424605, -0.25833811,  1.60461618, 10.83859752,\n        -0.7952674 ]]), array([0.33381363, 0.33381363, 0.33381363, 0.33381363, 0.33381363,\n       0.33381363, 0.33381363]))", "callback": [0.9486181097055593, 0.8723753513792647, 0.8723753513792647, 0.8195258888916197, 0.7363338095618133, 0.7362152493553522, 0.7321281276482787, 0.7239614790845965, 0.6653676634754033, 0.5593028795749435, 0.5548752139119062, 0.5469332025814622, 0.5382199038271924, 0.514100216599386, 0.49529570925261923, 0.45360899763633433, 0.4440989142654521, 0.43547797834092494, 0.43159282056025083, 0.42583278615864595, 0.4211279102645463, 0.4211279102645463, 0.41952402931738464, 0.415423393026623, 0.4031000526122187, 0.398298761263174, 0.39326487228701135, 0.3912603881547524, 0.3908119742443542, 0.3907383187230963, 0.39071587930048224, 0.3907124550827329, 0.3907117488976485, 0.390711509288704, 0.39071113801940005, 0.3907105435805659, 0.39070921298548134, 0.39070508194714304, 0.3906962149835381, 0.39068659345901746, 0.3906716674264953, 0.3906110629848515, 0.3905834153894764, 0.3905398040881719, 0.39045791411229447, 0.3901540995602939, 0.38919193989236356, 0.3876405967751818, 0.38301874995458196, 0.36909486448537565, 0.36056302095907833, 0.33820092784769573, 0.3364688053702791, 0.33506140347187474, 0.3341746027441973, 0.33387297069967337, 0.3338690155758861, 0.33384056554234254, 0.3338263139787997, 0.3338207971620124, 0.33381662094053965, 0.333814572235719, 0.3338139965111203, 0.3338137847991416, 0.33381366833446535, 0.3338136361103302, 0.33381363128964414, 0.333813629798109, 0.3338136295687578, 0.3338136294956132, 0.33381362946566073, 0.333813629462138, 0.3338136294602906, 0.33381362945976034, 0.33381362945965276, 0.3338136294594788, 0.33381362945943815, 0.3338136294594273, 0.3338136294594255, 0.33381362945942483, 0.3338136294594247, 0.3338136294594247, 0.3338136294594247]}}, "bfgs": {"type": "gradient", "0": {"maxiter": 100, "gtol": 1e-05, "xrtol": 1e-05, "eps": 1e-05, "duration": 0.0584409236907959, "fun": "0.33381362960272676", "jac": "[-7.68241026e-07 -2.04428696e-06  2.27746710e-06 -4.70886663e-06\n  5.28393995e-06  1.60463864e-06]", "hess_inv": "[[ 4.61134092  0.73811169  0.2874295  -0.78724065  0.86336257  0.91365412]\n [ 0.73811169  4.30290424 -0.69353599  0.03294629 -0.08151461  0.9324204 ]\n [ 0.2874295  -0.69353599  4.49828793 -0.75131763 -0.83241182 -1.19939508]\n [-0.78724065  0.03294629 -0.75131763  3.86657737  0.7106104   0.43990351]\n [ 0.86336257 -0.08151461 -0.83241182  0.7106104   3.53560337  0.52394462]\n [ 0.91365412  0.9324204  -1.19939508  0.43990351  0.52394462  4.47633022]]", "nfev": "259", "njev": "37", "status": "0", "success": "True", "message": "Optimization terminated successfully.", "x": "[ 7.73362209  1.36422566 -0.2583274  -1.60464203  7.6970178   2.3463211 ]", "nit": "25", "callback": [0.8287583213740687, 0.8270073336760935, 0.8114808815272364, 0.8035958205864705, 0.7976670490041436, 0.7795200126423231, 0.5974075059071542, 0.5776682021572499, 0.5418690807197699, 0.47628445257061003, 0.3819347562773331, 0.3639007060889985, 0.35030703063919233, 0.3441710080113244, 0.33843559800792866, 0.33437615960083167, 0.33409024969542267, 0.3339376677888056, 0.3338708420428259, 0.33381983602805243, 0.3338140616876101, 0.33381367746475876, 0.3338136497695474, 0.33381363178560863, 0.33381362960272676]}, "1": {"maxiter": 100, "gtol": 1e-05, "xrtol": 1e-05, "eps": 1e-10, "duration": 0.058290958404541016, "fun": "0.3338136296872015", "jac": "[-2.22044587e-06 -2.22044587e-06  2.22044587e-06 -6.66133760e-06\n  5.55111466e-06  0.00000000e+00]", "hess_inv": "[[ 4.65194239e+00  6.97504057e-01  3.12748426e-01 -8.53758377e-01\n   8.68369446e-01  9.27013251e-01]\n [ 6.97504057e-01  4.24634705e+00 -6.99267712e-01  2.04817115e-03\n  -8.99936441e-02  8.90038714e-01]\n [ 3.12748426e-01 -6.99267712e-01  4.50102114e+00 -7.38740120e-01\n  -8.36910880e-01 -1.17874493e+00]\n [-8.53758377e-01  2.04817115e-03 -7.38740120e-01  3.71790058e+00\n   7.01286319e-01  3.49438711e-01]\n [ 8.68369446e-01 -8.99936441e-02 -8.36910880e-01  7.01286319e-01\n   3.52211242e+00  5.61356010e-01]\n [ 9.27013251e-01  8.90038714e-01 -1.17874493e+00  3.49438711e-01\n   5.61356010e-01  4.46445495e+00]]", "nfev": "259", "njev": "37", "status": "0", "success": "True", "message": "Optimization terminated successfully.", "x": "[ 7.73363026  1.36422493 -0.258321   -1.6046456   7.69702921  2.34632286]", "nit": "25", "callback": [0.8287581641662173, 0.8270070754949196, 0.8114798246347482, 0.8035997011888637, 0.7976678314450008, 0.779519968839889, 0.5974556901074368, 0.5778190029411139, 0.5421868218602675, 0.4768641027390039, 0.3824775725247761, 0.36412228305952676, 0.3504368087463955, 0.3443055316353668, 0.3385433939295356, 0.33439999840954904, 0.33409592797771603, 0.3339408248745819, 0.3338739698464027, 0.33382036054107067, 0.33381410925228727, 0.3338136782613311, 0.3338136496937085, 0.33381363179406476, 0.3338136296872015]}, "2": {"maxiter": 100, "gtol": 1e-05, "xrtol": 1e-10, "eps": 1e-05, "duration": 0.05758786201477051, "fun": "0.33381362960272676", "jac": "[-7.68241026e-07 -2.04428696e-06  2.27746710e-06 -4.70886663e-06\n  5.28393995e-06  1.60463864e-06]", "hess_inv": "[[ 4.61134092  0.73811169  0.2874295  -0.78724065  0.86336257  0.91365412]\n [ 0.73811169  4.30290424 -0.69353599  0.03294629 -0.08151461  0.9324204 ]\n [ 0.2874295  -0.69353599  4.49828793 -0.75131763 -0.83241182 -1.19939508]\n [-0.78724065  0.03294629 -0.75131763  3.86657737  0.7106104   0.43990351]\n [ 0.86336257 -0.08151461 -0.83241182  0.7106104   3.53560337  0.52394462]\n [ 0.91365412  0.9324204  -1.19939508  0.43990351  0.52394462  4.47633022]]", "nfev": "259", "njev": "37", "status": "0", "success": "True", "message": "Optimization terminated successfully.", "x": "[ 7.73362209  1.36422566 -0.2583274  -1.60464203  7.6970178   2.3463211 ]", "nit": "25", "callback": [0.8287583213740687, 0.8270073336760935, 0.8114808815272364, 0.8035958205864705, 0.7976670490041436, 0.7795200126423231, 0.5974075059071542, 0.5776682021572499, 0.5418690807197699, 0.47628445257061003, 0.3819347562773331, 0.3639007060889985, 0.35030703063919233, 0.3441710080113244, 0.33843559800792866, 0.33437615960083167, 0.33409024969542267, 0.3339376677888056, 0.3338708420428259, 0.33381983602805243, 0.3338140616876101, 0.33381367746475876, 0.3338136497695474, 0.33381363178560863, 0.33381362960272676]}, "3": {"maxiter": 100, "gtol": 1e-05, "xrtol": 1e-10, "eps": 1e-10, "duration": 0.0582730770111084, "fun": "0.3338136296872015", "jac": "[-2.22044587e-06 -2.22044587e-06  2.22044587e-06 -6.66133760e-06\n  5.55111466e-06  0.00000000e+00]", "hess_inv": "[[ 4.65194239e+00  6.97504057e-01  3.12748426e-01 -8.53758377e-01\n   8.68369446e-01  9.27013251e-01]\n [ 6.97504057e-01  4.24634705e+00 -6.99267712e-01  2.04817115e-03\n  -8.99936441e-02  8.90038714e-01]\n [ 3.12748426e-01 -6.99267712e-01  4.50102114e+00 -7.38740120e-01\n  -8.36910880e-01 -1.17874493e+00]\n [-8.53758377e-01  2.04817115e-03 -7.38740120e-01  3.71790058e+00\n   7.01286319e-01  3.49438711e-01]\n [ 8.68369446e-01 -8.99936441e-02 -8.36910880e-01  7.01286319e-01\n   3.52211242e+00  5.61356010e-01]\n [ 9.27013251e-01  8.90038714e-01 -1.17874493e+00  3.49438711e-01\n   5.61356010e-01  4.46445495e+00]]", "nfev": "259", "njev": "37", "status": "0", "success": "True", "message": "Optimization terminated successfully.", "x": "[ 7.73363026  1.36422493 -0.258321   -1.6046456   7.69702921  2.34632286]", "nit": "25", "callback": [0.8287581641662173, 0.8270070754949196, 0.8114798246347482, 0.8035997011888637, 0.7976678314450008, 0.779519968839889, 0.5974556901074368, 0.5778190029411139, 0.5421868218602675, 0.4768641027390039, 0.3824775725247761, 0.36412228305952676, 0.3504368087463955, 0.3443055316353668, 0.3385433939295356, 0.33439999840954904, 0.33409592797771603, 0.3339408248745819, 0.3338739698464027, 0.33382036054107067, 0.33381410925228727, 0.3338136782613311, 0.3338136496937085, 0.33381363179406476, 0.3338136296872015]}, "4": {"maxiter": 100, "gtol": 1e-10, "xrtol": 1e-05, "eps": 1e-05, "duration": 0.05844902992248535, "fun": "0.33381362960272676", "jac": "[-7.68241026e-07 -2.04428696e-06  2.27746710e-06 -4.70886663e-06\n  5.28393995e-06  1.60463864e-06]", "hess_inv": "[[ 4.61134092  0.73811169  0.2874295  -0.78724065  0.86336257  0.91365412]\n [ 0.73811169  4.30290424 -0.69353599  0.03294629 -0.08151461  0.9324204 ]\n [ 0.2874295  -0.69353599  4.49828793 -0.75131763 -0.83241182 -1.19939508]\n [-0.78724065  0.03294629 -0.75131763  3.86657737  0.7106104   0.43990351]\n [ 0.86336257 -0.08151461 -0.83241182  0.7106104   3.53560337  0.52394462]\n [ 0.91365412  0.9324204  -1.19939508  0.43990351  0.52394462  4.47633022]]", "nfev": "259", "njev": "37", "status": "0", "success": "True", "message": "Optimization terminated successfully.", "x": "[ 7.73362209  1.36422566 -0.2583274  -1.60464203  7.6970178   2.3463211 ]", "nit": "25", "callback": [0.8287583213740687, 0.8270073336760935, 0.8114808815272364, 0.8035958205864705, 0.7976670490041436, 0.7795200126423231, 0.5974075059071542, 0.5776682021572499, 0.5418690807197699, 0.47628445257061003, 0.3819347562773331, 0.3639007060889985, 0.35030703063919233, 0.3441710080113244, 0.33843559800792866, 0.33437615960083167, 0.33409024969542267, 0.3339376677888056, 0.3338708420428259, 0.33381983602805243, 0.3338140616876101, 0.33381367746475876, 0.3338136497695474, 0.33381363178560863, 0.33381362960272676]}, "5": {"maxiter": 100, "gtol": 1e-10, "xrtol": 1e-05, "eps": 1e-10, "duration": 0.057878732681274414, "fun": "0.3338136296872015", "jac": "[-2.22044587e-06 -2.22044587e-06  2.22044587e-06 -6.66133760e-06\n  5.55111466e-06  0.00000000e+00]", "hess_inv": "[[ 4.65194239e+00  6.97504057e-01  3.12748426e-01 -8.53758377e-01\n   8.68369446e-01  9.27013251e-01]\n [ 6.97504057e-01  4.24634705e+00 -6.99267712e-01  2.04817115e-03\n  -8.99936441e-02  8.90038714e-01]\n [ 3.12748426e-01 -6.99267712e-01  4.50102114e+00 -7.38740120e-01\n  -8.36910880e-01 -1.17874493e+00]\n [-8.53758377e-01  2.04817115e-03 -7.38740120e-01  3.71790058e+00\n   7.01286319e-01  3.49438711e-01]\n [ 8.68369446e-01 -8.99936441e-02 -8.36910880e-01  7.01286319e-01\n   3.52211242e+00  5.61356010e-01]\n [ 9.27013251e-01  8.90038714e-01 -1.17874493e+00  3.49438711e-01\n   5.61356010e-01  4.46445495e+00]]", "nfev": "259", "njev": "37", "status": "0", "success": "True", "message": "Optimization terminated successfully.", "x": "[ 7.73363026  1.36422493 -0.258321   -1.6046456   7.69702921  2.34632286]", "nit": "25", "callback": [0.8287581641662173, 0.8270070754949196, 0.8114798246347482, 0.8035997011888637, 0.7976678314450008, 0.779519968839889, 0.5974556901074368, 0.5778190029411139, 0.5421868218602675, 0.4768641027390039, 0.3824775725247761, 0.36412228305952676, 0.3504368087463955, 0.3443055316353668, 0.3385433939295356, 0.33439999840954904, 0.33409592797771603, 0.3339408248745819, 0.3338739698464027, 0.33382036054107067, 0.33381410925228727, 0.3338136782613311, 0.3338136496937085, 0.33381363179406476, 0.3338136296872015]}, "6": {"maxiter": 100, "gtol": 1e-10, "xrtol": 1e-10, "eps": 1e-05, "duration": 0.09999799728393555, "fun": "0.3338136294776023", "jac": "[ 3.88777899e-07 -2.26973995e-07  2.59392507e-07  4.74953410e-08\n  4.81725770e-07  1.10411680e-07]", "hess_inv": "[[ 4.46380463  0.63263756  0.35940181 -1.08619844  0.90551841  0.89855398]\n [ 0.63263756  4.5363686  -0.89365487  0.39134297 -0.39021949  0.8754349 ]\n [ 0.35940181 -0.89365487  4.66808163 -1.07147332 -0.57698561 -1.1544103 ]\n [-1.08619844  0.39134297 -1.07147332  4.32052638  0.16841069  0.32373135]\n [ 0.90551841 -0.39021949 -0.57698561  0.16841069  3.89525214  0.57895268]\n [ 0.89855398  0.8754349  -1.1544103   0.32373135  0.57895268  4.48167878]]", "nfev": "452", "njev": "63", "status": "2", "success": "False", "message": "Desired error not necessarily achieved due to precision loss.", "x": "[ 7.73361683  1.36423887 -0.25833863 -1.60462116  7.69700054  2.34631812]", "nit": "26", "callback": [0.8287583213740687, 0.8270073336760935, 0.8114808815272364, 0.8035958205864705, 0.7976670490041436, 0.7795200126423231, 0.5974075059071542, 0.5776682021572499, 0.5418690807197699, 0.47628445257061003, 0.3819347562773331, 0.3639007060889985, 0.35030703063919233, 0.3441710080113244, 0.33843559800792866, 0.33437615960083167, 0.33409024969542267, 0.3339376677888056, 0.3338708420428259, 0.33381983602805243, 0.3338140616876101, 0.33381367746475876, 0.3338136497695474, 0.33381363178560863, 0.33381362960272676, 0.3338136294776023]}, "7": {"maxiter": 100, "gtol": 1e-10, "xrtol": 1e-10, "eps": 1e-10, "duration": 0.12591075897216797, "fun": "0.3338136294712126", "jac": "[-1.11022293e-06 -1.11022293e-06 -1.11022293e-06  0.00000000e+00\n  1.11022293e-06  0.00000000e+00]", "hess_inv": "[[ 1.68804357 -0.78832135 -1.27352441 -0.64885749 -0.06202801  1.51344471]\n [-0.78832135  0.38030892  0.60031148  0.28698209  0.04057169 -0.71779519]\n [-1.27352441  0.60031148  0.97024393  0.48444812  0.0517794  -1.15009924]\n [-0.64885749  0.28698209  0.48444812  0.27462885  0.005693   -0.56853402]\n [-0.06202801  0.04057169  0.0517794   0.005693    0.01954834 -0.06933275]\n [ 1.51344471 -0.71779519 -1.15009924 -0.56853402 -0.06933275  1.3736346 ]]", "nfev": "569", "njev": "80", "status": "2", "success": "False", "message": "Desired error not necessarily achieved due to precision loss.", "x": "[ 7.73362149  1.36424108 -0.25834269 -1.60461755  7.69701122  2.34632746]", "nit": "36", "callback": [0.8287581641662173, 0.8270070754949196, 0.8114798246347482, 0.8035997011888637, 0.7976678314450008, 0.779519968839889, 0.5974556901074368, 0.5778190029411139, 0.5421868218602675, 0.4768641027390039, 0.3824775725247761, 0.36412228305952676, 0.3504368087463955, 0.3443055316353668, 0.3385433939295356, 0.33439999840954904, 0.33409592797771603, 0.3339408248745819, 0.3338739698464027, 0.33382036054107067, 0.33381410925228727, 0.3338136782613311, 0.3338136496937085, 0.33381363179406476, 0.3338136296872015, 0.33381362947816917, 0.3338136294766866, 0.3338136294766648, 0.3338136294766556, 0.33381362947664817, 0.3338136294765791, 0.33381362947645343, 0.3338136294761006, 0.3338136294750208, 0.3338136294723384, 0.3338136294712126]}, "8": {"maxiter": 500, "gtol": 1e-05, "xrtol": 1e-05, "eps": 1e-05, "duration": 0.062075138092041016, "fun": "0.33381362960272676", "jac": "[-7.68241026e-07 -2.04428696e-06  2.27746710e-06 -4.70886663e-06\n  5.28393995e-06  1.60463864e-06]", "hess_inv": "[[ 4.61134092  0.73811169  0.2874295  -0.78724065  0.86336257  0.91365412]\n [ 0.73811169  4.30290424 -0.69353599  0.03294629 -0.08151461  0.9324204 ]\n [ 0.2874295  -0.69353599  4.49828793 -0.75131763 -0.83241182 -1.19939508]\n [-0.78724065  0.03294629 -0.75131763  3.86657737  0.7106104   0.43990351]\n [ 0.86336257 -0.08151461 -0.83241182  0.7106104   3.53560337  0.52394462]\n [ 0.91365412  0.9324204  -1.19939508  0.43990351  0.52394462  4.47633022]]", "nfev": "259", "njev": "37", "status": "0", "success": "True", "message": "Optimization terminated successfully.", "x": "[ 7.73362209  1.36422566 -0.2583274  -1.60464203  7.6970178   2.3463211 ]", "nit": "25", "callback": [0.8287583213740687, 0.8270073336760935, 0.8114808815272364, 0.8035958205864705, 0.7976670490041436, 0.7795200126423231, 0.5974075059071542, 0.57