{"date": "2024/09/24/, 23:17:23", "conf_id": 75, "data_type": "random\n", "num_data_points": 4, "s_rank": 0, "unitary": "[[-0.45070455-0.02711853j,0.78437395-0.06613086j,0.06358678+0.19963393j,-0.07343613+0.35668523j],[-0.01890143-0.03813363j,0.32408202+0.25557629j,0.05872864-0.68979805j,0.55466693-0.20227297j],[-0.11215405+0.64023111j,-0.13344055+0.29565494j,-0.49012687-0.19046288j,-0.04241254+0.44046348j],[0.55771659+0.24656916j,0.31851997-0.05798805j,0.28761525-0.34294258j,-0.56718418+0.03616933j]]", "databatch_0": {"databatch": "[[[-0.05132576-0.12539564j,-0.10520963+0.19055253j,-0.18975822-0.16817421j,-0.07951456+0.19153975j],[0.11610069-0.12337655j,0.00954806-0.09660202j,-0.0937334+0.00231226j,0.31268777+0.15466704j],[-0.14513846-0.17457776j,0.0716988+0.10505092j,0.2347296-0.09148197j,0.30053568-0.13508848j],[0.08029335+0.16773329j,-0.3113789+0.18246975j,0.30033595-0.29958919j,0.04892166+0.26722963j]],[[0.1593984-0.28472737j,-0.15597547-0.21590575j,-0.16887138-0.0645614j,0.20843924-0.06015626j],[0.10840651+0.11848969j,-0.17227144+0.16682695j,-0.08789366+0.33528176j,-0.16062533+0.0685872j],[0.1827259+0.25570421j,-0.10527418-0.19533643j,-0.07473307-0.03917801j,-0.19623514+0.03773414j],[-0.10860237+0.116447j,-0.3091201-0.19745073j,0.34331401+0.07013105j,0.17579633+0.01533171j]],[[-0.16890344+0.35100397j,0.00930897+0.45936493j,0.2473119-0.0542132j,-0.08977837+0.06630845j],[-0.05592861+0.24991797j,0.09639529-0.23251614j,0.04028685+0.05731041j,0.16721109-0.06684922j],[0.07179925-0.18564058j,-0.10958816-0.0981124j,0.2517932+0.17160905j,0.21067047+0.11025381j],[0.00588486-0.0683317j,0.11167457+0.00253157j,0.20353264+0.17415213j,-0.12056549-0.28322172j]],[[0.21817118+0.25610614j,0.24417663-0.08574527j,0.07492157-0.02616853j,0.10859097+0.11254636j],[-0.07305373+0.12011127j,0.19517686-0.00625536j,0.10278331-0.42827315j,-0.09188354+0.13409849j],[0.03074932+0.1415172j,-0.23126241+0.17546342j,-0.13643573+0.10364518j,-0.07646306+0.38408858j],[-0.15120849+0.35937086j,0.02841874-0.09055302j,-0.09838303+0.11744857j,-0.01097691-0.19543026j]]]", "initial param values": "[0.7197148,4.93485975,4.23257879,0.94362321,2.03962417,5.50077672]", "nelder_mead": {"type": "gradient-free", "0": {"maxiter": 100, "fatol": 1e-05, "xatol": 1e-05, "duration": 0.03549981117248535, "fun": "0.5495248880365653", "nit": "100", "nfev": "150", "status": "2", "success": "False", "message": "Maximum number of iterations has been exceeded.", "x": "[0.46194892 1.60118815 6.12073127 0.66159322 3.69672813 5.22610557]", "final_simplex": "(array([[0.46194892, 1.60118815, 6.12073127, 0.66159322, 3.69672813,\n        5.22610557],\n       [0.47350787, 1.53164154, 6.15602041, 0.6237553 , 3.7200745 ,\n        5.25946552],\n       [0.45179624, 1.38559572, 6.31629245, 0.63216663, 3.77212997,\n        5.07480195],\n       [0.4599246 , 1.62887531, 6.05858384, 0.64183318, 3.71458126,\n        5.16044249],\n       [0.45714431, 1.52083063, 6.21341611, 0.64717312, 3.62803387,\n        5.25123996],\n       [0.47987639, 1.63609158, 6.05230098, 0.66281779, 3.59738661,\n        5.25647414],\n       [0.46952393, 1.68358009, 6.12075291, 0.6247804 , 3.67974732,\n        5.16750113]]), array([0.54952489, 0.55200088, 0.55425581, 0.55503863, 0.55509027,\n       0.5555411 , 0.55566124]))", "callback": [0.8978744297007534, 0.8119544167486474, 0.7211385968203308, 0.6827373674169632, 0.6062340466034073, 0.5710005478997024, 0.5690615175130278, 0.562329736740405, 0.5590415792502397, 0.5550902739289593]}, "1": {"maxiter": 100, "fatol": 1e-05, "xatol": 1e-10, "duration": 0.03521466255187988, "fun": "0.5495248880365653", "nit": "100", "nfev": "150", "status": "2", "success": "False", "message": "Maximum number of iterations has been exceeded.", "x": "[0.46194892 1.60118815 6.12073127 0.66159322 3.69672813 5.22610557]", "final_simplex": "(array([[0.46194892, 1.60118815, 6.12073127, 0.66159322, 3.69672813,\n        5.22610557],\n       [0.47350787, 1.53164154, 6.15602041, 0.6237553 , 3.7200745 ,\n        5.25946552],\n       [0.45179624, 1.38559572, 6.31629245, 0.63216663, 3.77212997,\n        5.07480195],\n       [0.4599246 , 1.62887531, 6.05858384, 0.64183318, 3.71458126,\n        5.16044249],\n       [0.45714431, 1.52083063, 6.21341611, 0.64717312, 3.62803387,\n        5.25123996],\n       [0.47987639, 1.63609158, 6.05230098, 0.66281779, 3.59738661,\n        5.25647414],\n       [0.46952393, 1.68358009, 6.12075291, 0.6247804 , 3.67974732,\n        5.16750113]]), array([0.54952489, 0.55200088, 0.55425581, 0.55503863, 0.55509027,\n       0.5555411 , 0.55566124]))", "callback": [0.8978744297007534, 0.8119544167486474, 0.7211385968203308, 0.6827373674169632, 0.6062340466034073, 0.5710005478997024, 0.5690615175130278, 0.562329736740405, 0.5590415792502397, 0.5550902739289593]}, "2": {"maxiter": 100, "fatol": 1e-10, "xatol": 1e-05, "duration": 0.03537774085998535, "fun": "0.5495248880365653", "nit": "100", "nfev": "150", "status": "2", "success": "False", "message": "Maximum number of iterations has been exceeded.", "x": "[0.46194892 1.60118815 6.12073127 0.66159322 3.69672813 5.22610557]", "final_simplex": "(array([[0.46194892, 1.60118815, 6.12073127, 0.66159322, 3.69672813,\n        5.22610557],\n       [0.47350787, 1.53164154, 6.15602041, 0.6237553 , 3.7200745 ,\n        5.25946552],\n       [0.45179624, 1.38559572, 6.31629245, 0.63216663, 3.77212997,\n        5.07480195],\n       [0.4599246 , 1.62887531, 6.05858384, 0.64183318, 3.71458126,\n        5.16044249],\n       [0.45714431, 1.52083063, 6.21341611, 0.64717312, 3.62803387,\n        5.25123996],\n       [0.47987639, 1.63609158, 6.05230098, 0.66281779, 3.59738661,\n        5.25647414],\n       [0.46952393, 1.68358009, 6.12075291, 0.6247804 , 3.67974732,\n        5.16750113]]), array([0.54952489, 0.55200088, 0.55425581, 0.55503863, 0.55509027,\n       0.5555411 , 0.55566124]))", "callback": [0.8978744297007534, 0.8119544167486474, 0.7211385968203308, 0.6827373674169632, 0.6062340466034073, 0.5710005478997024, 0.5690615175130278, 0.562329736740405, 0.5590415792502397, 0.5550902739289593]}, "3": {"maxiter": 100, "fatol": 1e-10, "xatol": 1e-10, "duration": 0.03567695617675781, "fun": "0.5495248880365653", "nit": "100", "nfev": "150", "status": "2", "success": "False", "message": "Maximum number of iterations has been exceeded.", "x": "[0.46194892 1.60118815 6.12073127 0.66159322 3.69672813 5.22610557]", "final_simplex": "(array([[0.46194892, 1.60118815, 6.12073127, 0.66159322, 3.69672813,\n        5.22610557],\n       [0.47350787, 1.53164154, 6.15602041, 0.6237553 , 3.7200745 ,\n        5.25946552],\n       [0.45179624, 1.38559572, 6.31629245, 0.63216663, 3.77212997,\n        5.07480195],\n       [0.4599246 , 1.62887531, 6.05858384, 0.64183318, 3.71458126,\n        5.16044249],\n       [0.45714431, 1.52083063, 6.21341611, 0.64717312, 3.62803387,\n        5.25123996],\n       [0.47987639, 1.63609158, 6.05230098, 0.66281779, 3.59738661,\n        5.25647414],\n       [0.46952393, 1.68358009, 6.12075291, 0.6247804 , 3.67974732,\n        5.16750113]]), array([0.54952489, 0.55200088, 0.55425581, 0.55503863, 0.55509027,\n       0.5555411 , 0.55566124]))", "callback": [0.8978744297007534, 0.8119544167486474, 0.7211385968203308, 0.6827373674169632, 0.6062340466034073, 0.5710005478997024, 0.5690615175130278, 0.562329736740405, 0.5590415792502397, 0.5550902739289593]}, "4": {"maxiter": 500, "fatol": 1e-05, "xatol": 1e-05, "duration": 0.14519977569580078, "fun": "0.39130550065705405", "nit": "389", "nfev": "613", "status": "0", "success": "True", "message": "Optimization terminated successfully.", "x": "[1.30198772 1.22777972 6.46721081 1.56244543 3.9672527  4.98427809]", "final_simplex": "(array([[1.30198772, 1.22777972, 6.46721081, 1.56244543, 3.9672527 ,\n        4.98427809],\n       [1.30199516, 1.22778484, 6.46720844, 1.56244451, 3.96724755,\n        4.98427542],\n       [1.3019911 , 1.22778041, 6.46721199, 1.56245089, 3.96724918,\n        4.98427484],\n       [1.30198847, 1.22778247, 6.4672129 , 1.56244397, 3.96724974,\n        4.98427117],\n       [1.30199491, 1.22777895, 6.4672027 , 1.5624446 , 3.96725462,\n        4.98427149],\n       [1.30199569, 1.22777884, 6.46721731, 1.56244477, 3.96725611,\n        4.98428048],\n       [1.30199686, 1.22777495, 6.46721865, 1.56244517, 3.96724605,\n        4.98427621]]), array([0.3913055, 0.3913055, 0.3913055, 0.3913055, 0.3913055, 0.3913055,\n       0.3913055]))", "callback": [0.8978744297007534, 0.8119544167486474, 0.7211385968203308, 0.6827373674169632, 0.6062340466034073, 0.5710005478997024, 0.5690615175130278, 0.562329736740405, 0.5590415792502397, 0.5550902739289593, 0.5495248880365653, 0.5393573831222462, 0.5243029755795499, 0.5073681945921377, 0.47887488772969755, 0.4686318221710063, 0.4641977105278208, 0.46094856543707485, 0.45239571938265866, 0.44320404970938865, 0.41489247397516926, 0.39571881645473617, 0.39290870971237046, 0.3915772867958339, 0.39134401640030725, 0.3913175788428369, 0.3913075787530461, 0.39130643122783115, 0.3913059642240767, 0.39130578317395637, 0.3913057204934278, 0.39130562858452844, 0.3913055446596443, 0.39130550922995355, 0.3913055035329376, 0.39130550100154804, 0.39130550083536386, 0.39130550072039605, 0.3913055006709525]}, "5": {"maxiter": 500, "fatol": 1e-05, "xatol": 1e-10, "duration": 0.18871593475341797, "fun": "0.39130550065320135", "nit": "481", "nfev": "819", "status": "0", "success": "True", "message": "Optimization terminated successfully.", "x": "[1.30199209 1.22778159 6.46721075 1.56244561 3.96725056 4.98427576]", "final_simplex": "(array([[1.30199209, 1.22778159, 6.46721075, 1.56244561, 3.96725056,\n        4.98427576],\n       [1.30199209, 1.22778159, 6.46721075, 1.56244561, 3.96725056,\n        4.98427576],\n       [1.30199209, 1.22778159, 6.46721075, 1.56244561, 3.96725056,\n        4.98427576],\n       [1.30199209, 1.22778159, 6.46721075, 1.56244561, 3.96725056,\n        4.98427576],\n       [1.30199209, 1.22778159, 6.46721075, 1.56244561, 3.96725056,\n        4.98427576],\n       [1.30199209, 1.22778159, 6.46721075, 1.56244561, 3.96725056,\n        4.98427576],\n       [1.30199209, 1.22778159, 6.46721075, 1.56244561, 3.96725056,\n        4.98427576]]), array([0.3913055, 0.3913055, 0.3913055, 0.3913055, 0.3913055, 0.3913055,\n       0.3913055]))", "callback": [0.8978744297007534, 0.8119544167486474, 0.7211385968203308, 0.6827373674169632, 0.6062340466034073, 0.5710005478997024, 0.5690615175130278, 0.562329736740405, 0.5590415792502397, 0.5550902739289593, 0.5495248880365653, 0.5393573831222462, 0.5243029755795499, 0.5073681945921377, 0.47887488772969755, 0.4686318221710063, 0.4641977105278208, 0.46094856543707485, 0.45239571938265866, 0.44320404970938865, 0.41489247397516926, 0.39571881645473617, 0.39290870971237046, 0.3915772867958339, 0.39134401640030725, 0.3913175788428369, 0.3913075787530461, 0.39130643122783115, 0.3913059642240767, 0.39130578317395637, 0.3913057204934278, 0.39130562858452844, 0.3913055446596443, 0.39130550922995355, 0.3913055035329376, 0.39130550100154804, 0.39130550083536386, 0.39130550072039605, 0.3913055006709525, 0.3913055006569177, 0.39130550065344794, 0.39130550065324843, 0.3913055006532191, 0.391305500653205, 0.3913055006532027, 0.3913055006532016, 0.3913055006532016, 0.39130550065320135, 0.39130550065320135]}, "6": {"maxiter": 500, "fatol": 1e-10, "xatol": 1e-05, "duration": 0.14709091186523438, "fun": "0.39130550065705405", "nit": "389", "nfev": "613", "status": "0", "success": "True", "message": "Optimization terminated successfully.", "x": "[1.30198772 1.22777972 6.46721081 1.56244543 3.9672527  4.98427809]", "final_simplex": "(array([[1.30198772, 1.22777972, 6.46721081, 1.56244543, 3.9672527 ,\n        4.98427809],\n       [1.30199516, 1.22778484, 6.46720844, 1.56244451, 3.96724755,\n        4.98427542],\n       [1.3019911 , 1.22778041, 6.46721199, 1.56245089, 3.96724918,\n        4.98427484],\n       [1.30198847, 1.22778247, 6.4672129 , 1.56244397, 3.96724974,\n        4.98427117],\n       [1.30199491, 1.22777895, 6.4672027 , 1.5624446 , 3.96725462,\n        4.98427149],\n       [1.30199569, 1.22777884, 6.46721731, 1.56244477, 3.96725611,\n        4.98428048],\n       [1.30199686, 1.22777495, 6.46721865, 1.56244517, 3.96724605,\n        4.98427621]]), array([0.3913055, 0.3913055, 0.3913055, 0.3913055, 0.3913055, 0.3913055,\n       0.3913055]))", "callback": [0.8978744297007534, 0.8119544167486474, 0.7211385968203308, 0.6827373674169632, 0.6062340466034073, 0.5710005478997024, 0.5690615175130278, 0.562329736740405, 0.5590415792502397, 0.5550902739289593, 0.5495248880365653, 0.5393573831222462, 0.5243029755795499, 0.5073681945921377, 0.47887488772969755, 0.4686318221710063, 0.4641977105278208, 0.46094856543707485, 0.45239571938265866, 0.44320404970938865, 0.41489247397516926, 0.39571881645473617, 0.39290870971237046, 0.3915772867958339, 0.39134401640030725, 0.3913175788428369, 0.3913075787530461, 0.39130643122783115, 0.3913059642240767, 0.39130578317395637, 0.3913057204934278, 0.39130562858452844, 0.3913055446596443, 0.39130550922995355, 0.3913055035329376, 0.39130550100154804, 0.39130550083536386, 0.39130550072039605, 0.3913055006709525]}, "7": {"maxiter": 500, "fatol": 1e-10, "xatol": 1e-10, "duration": 0.19530391693115234, "fun": "0.39130550065320135", "nit": "481", "nfev": "819", "status": "0", "success": "True", "message": "Optimization terminated successfully.", "x": "[1.30199209 1.22778159 6.46721075 1.56244561 3.96725056 4.98427576]", "final_simplex": "(array([[1.30199209, 1.22778159, 6.46721075, 1.56244561, 3.96725056,\n        4.98427576],\n       [1.30199209, 1.22778159, 6.46721075, 1.56244561, 3.96725056,\n        4.98427576],\n       [1.30199209, 1.22778159, 6.46721075, 1.56244561, 3.96725056,\n        4.98427576],\n       [1.30199209, 1.22778159, 6.46721075, 1.56244561, 3.96725056,\n        4.98427576],\n       [1.30199209, 1.22778159, 6.46721075, 1.56244561, 3.96725056,\n        4.98427576],\n       [1.30199209, 1.22778159, 6.46721075, 1.56244561, 3.96725056,\n        4.98427576],\n       [1.30199209, 1.22778159, 6.46721075, 1.56244561, 3.96725056,\n        4.98427576]]), array([0.3913055, 0.3913055, 0.3913055, 0.3913055, 0.3913055, 0.3913055,\n       0.3913055]))", "callback": [0.8978744297007534, 0.8119544167486474, 0.7211385968203308, 0.6827373674169632, 0.6062340466034073, 0.5710005478997024, 0.5690615175130278, 0.562329736740405, 0.5590415792502397, 0.5550902739289593, 0.5495248880365653, 0.5393573831222462, 0.5243029755795499, 0.5073681945921377, 0.47887488772969755, 0.4686318221710063, 0.4641977105278208, 0.46094856543707485, 0.45239571938265866, 0.44320404970938865, 0.41489247397516926, 0.39571881645473617, 0.39290870971237046, 0.3915772867958339, 0.39134401640030725, 0.3913175788428369, 0.3913075787530461, 0.39130643122783115, 0.3913059642240767, 0.39130578317395637, 0.3913057204934278, 0.39130562858452844, 0.3913055446596443, 0.39130550922995355, 0.3913055035329376, 0.39130550100154804, 0.39130550083536386, 0.39130550072039605, 0.3913055006709525, 0.3913055006569177, 0.39130550065344794, 0.39130550065324843, 0.3913055006532191, 0.391305500653205, 0.3913055006532027, 0.3913055006532016, 0.3913055006532016, 0.39130550065320135, 0.39130550065320135]}, "8": {"maxiter": 1000, "fatol": 1e-05, "xatol": 1e-05, "duration": 0.137678861618042, "fun": "0.39130550065705405", "nit": "389", "nfev": "613", "status": "0", "success": "True", "message": "Optimization terminated successfully.", "x": "[1.30198772 1.22777972 6.46721081 1.56244543 3.9672527  4.98427809]", "final_simplex": "(array([[1.30198772, 1.22777972, 6.46721081, 1.56244543, 3.9672527 ,\n        4.98427809],\n       [1.30199516, 1.22778484, 6.46720844, 1.56244451, 3.96724755,\n        4.98427542],\n       [1.3019911 , 1.22778041, 6.46721199, 1.56245089, 3.96724918,\n        4.98427484],\n       [1.30198847, 1.22778247, 6.4672129 , 1.56244397, 3.96724974,\n        4.98427117],\n       [1.30199491, 1.22777895, 6.4672027 , 1.5624446 , 3.96725462,\n        4.98427149],\n       [1.30199569, 1.22777884, 6.46721731, 1.56244477, 3.96725611,\n        4.98428048],\n       [1.30199686, 1.22777495, 6.46721865, 1.56244517, 3.96724605,\n        4.98427621]]), array([0.3913055, 0.3913055, 0.3913055, 0.3913055, 0.3913055, 0.3913055,\n       0.3913055]))", "callback": [0.8978744297007534, 0.8119544167486474, 0.7211385968203308, 0.6827373674169632, 0.6062340466034073, 0.5710005478997024, 0.5690615175130278, 0.562329736740405, 0.5590415792502397, 0.5550902739289593, 0.5495248880365653, 0.5393573831222462, 0.5243029755795499, 0.5073681945921377, 0.47887488772969755, 0.4686318221710063, 0.4641977105278208, 0.46094856543707485, 0.45239571938265866, 0.44320404970938865, 0.41489247397516926, 0.39571881645473617, 0.39290870971237046, 0.3915772867958339, 0.39134401640030725, 0.3913175788428369, 0.3913075787530461, 0.39130643122783115, 0.3913059642240767, 0.39130578317395637, 0.3913057204934278, 0.39130562858452844, 0.3913055446596443, 0.39130550922995355, 0.3913055035329376, 0.39130550100154804, 0.39130550083536386, 0.39130550072039605, 0.3913055006709525]}, "9": {"maxiter": 1000, "fatol": 1e-05, "xatol": 1e-10, "duration": 0.19400286674499512, "fun": "0.39130550065320135", "nit": "481", "nfev": "819", "status": "0", "success": "True", "message": "Optimization terminated successfully.", "x": "[1.30199209 1.22778159 6.46721075 1.56244561 3.96725056 4.98427576]", "final_simplex": "(array([[1.30199209, 1.22778159, 6.46721075, 1.56244561, 3.96725056,\n        4.98427576],\n       [1.30199209, 1.22778159, 6.46721075, 1.56244561, 3.96725056,\n        4.98427576],\n       [1.30199209, 1.22778159, 6.46721075, 1.56244561, 3.96725056,\n        4.98427576],\n       [1.30199209, 1.22778159, 6.46721075, 1.56244561, 3.96725056,\n        4.98427576],\n       [1.30199209, 1.22778159, 6.46721075, 1.56244561, 3.96725056,\n        4.98427576],\n       [1.30199209, 1.22778159, 6.46721075, 1.56244561, 3.96725056,\n        4.98427576],\n       [1.30199209, 1.22778159, 6.46721075, 1.56244561, 3.96725056,\n        4.98427576]]), array([0.3913055, 0.3913055, 0.3913055, 0.3913055, 0.3913055, 0.3913055,\n       0.3913055]))", "callback": [0.8978744297007534, 0.8119544167486474, 0.7211385968203308, 0.6827373674169632, 0.6062340466034073, 0.5710005478997024, 0.5690615175130278, 0.562329736740405, 0.5590415792502397, 0.5550902739289593, 0.5495248880365653, 0.5393573831222462, 0.5243029755795499, 0.5073681945921377, 0.47887488772969755, 0.4686318221710063, 0.4641977105278208, 0.46094856543707485, 0.45239571938265866, 0.44320404970938865, 0.41489247397516926, 0.39571881645473617, 0.39290870971237046, 0.3915772867958339, 0.39134401640030725, 0.3913175788428369, 0.3913075787530461, 0.39130643122783115, 0.3913059642240767, 0.39130578317395637, 0.3913057204934278, 0.39130562858452844, 0.3913055446596443, 0.39130550922995355, 0.3913055035329376, 0.39130550100154804, 0.39130550083536386, 0.39130550072039605, 0.3913055006709525, 0.3913055006569177, 0.39130550065344794, 0.39130550065324843, 0.3913055006532191, 0.391305500653205, 0.3913055006532027, 0.3913055006532016, 0.3913055006532016, 0.39130550065320135, 0.39130550065320135]}, "10": {"maxiter": 1000, "fatol": 1e-10, "xatol": 1e-05, "duration": 0.14454102516174316, "fun": "0.39130550065705405", "nit": "389", "nfev": "613", "status": "0", "success": "True", "message": "Optimization terminated successfully.", "x": "[1.30198772 1.22777972 6.46721081 1.56244543 3.9672527  4.98427809]", "final_simplex": "(array([[1.30198772, 1.22777972, 6.46721081, 1.56244543, 3.9672527 ,\n        4.98427809],\n       [1.30199516, 1.22778484, 6.46720844, 1.56244451, 3.96724755,\n        4.98427542],\n       [1.3019911 , 1.22778041, 6.46721199, 1.56245089, 3.96724918,\n        4.98427484],\n       [1.30198847, 1.22778247, 6.4672129 , 1.56244397, 3.96724974,\n        4.98427117],\n       [1.30199491, 1.22777895, 6.4672027 , 1.5624446 , 3.96725462,\n        4.98427149],\n       [1.30199569, 1.22777884, 6.46721731, 1.56244477, 3.96725611,\n        4.98428048],\n       [1.30199686, 1.22777495, 6.46721865, 1.56244517, 3.96724605,\n        4.98427621]]), array([0.3913055, 0.3913055, 0.3913055, 0.3913055, 0.3913055, 0.3913055,\n       0.3913055]))", "callback": [0.8978744297007534, 0.8119544167486474, 0.7211385968203308, 0.6827373674169632, 0.6062340466034073, 0.5710005478997024, 0.5690615175130278, 0.562329736740405, 0.5590415792502397, 0.5550902739289593, 0.5495248880365653, 0.5393573831222462, 0.5243029755795499, 0.5073681945921377, 0.47887488772969755, 0.4686318221710063, 0.4641977105278208, 0.46094856543707485, 0.45239571938265866, 0.44320404970938865, 0.41489247397516926, 0.39571881645473617, 0.39290870971237046, 0.3915772867958339, 0.39134401640030725, 0.3913175788428369, 0.3913075787530461, 0.39130643122783115, 0.3913059642240767, 0.39130578317395637, 0.3913057204934278, 0.39130562858452844, 0.3913055446596443, 0.39130550922995355, 0.3913055035329376, 0.39130550100154804, 0.39130550083536386, 0.39130550072039605, 0.3913055006709525]}, "11": {"maxiter": 1000, "fatol": 1e-10, "xatol": 1e-10, "duration": 0.1877760887145996, "fun": "0.39130550065320135", "nit": "481", "nfev": "819", "status": "0", "success": "True", "message": "Optimization terminated successfully.", "x": "[1.30199209 1.22778159 6.46721075 1.56244561 3.96725056 4.98427576]", "final_simplex": "(array([[1.30199209, 1.22778159, 6.46721075, 1.56244561, 3.96725056,\n        4.98427576],\n       [1.30199209, 1.22778159, 6.46721075, 1.56244561, 3.96725056,\n        4.98427576],\n       [1.30199209, 1.22778159, 6.46721075, 1.56244561, 3.96725056,\n        4.98427576],\n       [1.30199209, 1.22778159, 6.46721075, 1.56244561, 3.96725056,\n        4.98427576],\n       [1.30199209, 1.22778159, 6.46721075, 1.56244561, 3.96725056,\n        4.98427576],\n       [1.30199209, 1.22778159, 6.46721075, 1.56244561, 3.96725056,\n        4.98427576],\n       [1.30199209, 1.22778159, 6.46721075, 1.56244561, 3.96725056,\n        4.98427576]]), array([0.3913055, 0.3913055, 0.3913055, 0.3913055, 0.3913055, 0.3913055,\n       0.3913055]))", "callback": [0.8978744297007534, 0.8119544167486474, 0.7211385968203308, 0.6827373674169632, 0.6062340466034073, 0.5710005478997024, 0.5690615175130278, 0.562329736740405, 0.5590415792502397, 0.5550902739289593, 0.5495248880365653, 0.5393573831222462, 0.5243029755795499, 0.5073681945921377, 0.47887488772969755, 0.4686318221710063, 0.4641977105278208, 0.46094856543707485, 0.45239571938265866, 0.44320404970938865, 0.41489247397516926, 0.39571881645473617, 0.39290870971237046, 0.3915772867958339, 0.39134401640030725, 0.3913175788428369, 0.3913075787530461, 0.39130643122783115, 0.3913059642240767, 0.39130578317395637, 0.3913057204934278, 0.39130562858452844, 0.3913055446596443, 0.39130550922995355, 0.3913055035329376, 0.39130550100154804, 0.39130550083536386, 0.39130550072039605, 0.3913055006709525, 0.3913055006569177, 0.39130550065344794, 0.39130550065324843, 0.3913055006532191, 0.391305500653205, 0.3913055006532027, 0.3913055006532016, 0.3913055006532016, 0.39130550065320135, 0.39130550065320135]}}, "bfgs": {"type": "gradient", "0": {"maxiter": 100, "gtol": 1e-05, "xrtol": 1e-05, "eps": 1e-05, "duration": 0.04591012001037598, "fun": "0.3913055008357592", "jac": "[-6.70319356e-07 -3.04578585e-06 -1.77337034e-06 -6.33775254e-06\n -3.01296765e-06  4.71706008e-06]", "hess_inv": "[[ 3.65668014  0.1513806   0.32340563 -0.7343275   0.25850363  0.33983544]\n [ 0.1513806   3.75320094 -0.97623864 -0.94194965 -0.47923675  0.04672021]\n [ 0.32340563 -0.97623864  3.57639835  0.31982591 -0.21847649  0.06266942]\n [-0.7343275  -0.94194965  0.31982591  3.14294483 -0.33102741  0.40782163]\n [ 0.25850363 -0.47923675 -0.21847649 -0.33102741  3.53977086  0.29741434]\n [ 0.33983544  0.04672021  0.06266942  0.40782163  0.29741434  3.20355407]]", "nfev": "189", "njev": "27", "status": "0", "success": "True", "message": "Optimization terminated successfully.", "x": "[-1.30199487  4.36936879  3.32560675  1.56241993  3.967237    4.98428749]", "nit": "19", "callback": [0.689299439057363, 0.6660130116490778, 0.5435604256038509, 0.5156560562946648, 0.46996767524556604, 0.4082639701317269, 0.3920082085722062, 0.39172774016912826, 0.391392311379403, 0.39134654636016986, 0.39131809584007504, 0.3913093739822612, 0.3913069574511818, 0.3913059206668672, 0.39130557756466944, 0.3913055215848251, 0.391305509132297, 0.39130550255763075, 0.3913055008357592]}, "1": {"maxiter": 100, "gtol": 1e-05, "xrtol": 1e-05, "eps": 1e-10, "duration": 0.043622732162475586, "fun": "0.3913055008246976", "jac": "[-1.11022293e-06 -3.33066880e-06 -5.55111466e-06 -4.44089173e-06\n -3.33066880e-06  3.33066880e-06]", "hess_inv": "[[ 3.52974376  0.10676316  0.18612831 -0.75251377  0.17384394  0.21585291]\n [ 0.10676316  3.72259963 -1.0271811  -0.9340566  -0.50621725  0.02179013]\n [ 0.18612831 -1.0271811   3.43957649  0.31191028 -0.28962558 -0.07380813]\n [-0.75251377 -0.9340566   0.31191028  3.19010588 -0.34519149  0.40682673]\n [ 0.17384394 -0.50621725 -0.28962558 -0.34519149  3.50107175  0.17414425]\n [ 0.21585291  0.02179013 -0.07380813  0.40682673  0.17414425  3.08277967]]", "nfev": "189", "njev": "27", "status": "0", "success": "True", "message": "Optimization terminated successfully.", "x": "[-1.30199862  4.3693691   3.32560024  1.56242557  3.96723493  4.98428068]", "nit": "19", "callback": [0.6892988886657079, 0.6660124077685441, 0.5435603693945374, 0.5156567296295862, 0.46996883344460716, 0.408266150768652, 0.39200930421102753, 0.39172863972519023, 0.3913925620512494, 0.39134657097280867, 0.3913182095034621, 0.39130939040196355, 0.39130696306905643, 0.3913059229893683, 0.39130557731078996, 0.3913055207113133, 0.3913055083420516, 0.3913055022454459, 0.3913055008246976]}, "2": {"maxiter": 100, "gtol": 1e-05, "xrtol": 1e-10, "eps": 1e-05, "duration": 0.04316592216491699, "fun": "0.3913055008357592", "jac": "[-6.70319356e-07 -3.04578585e-06 -1.77337034e-06 -6.33775254e-06\n -3.01296765e-06  4.71706008e-06]", "hess_inv": "[[ 3.65668014  0.1513806   0.32340563 -0.7343275   0.25850363  0.33983544]\n [ 0.1513806   3.75320094 -0.97623864 -0.94194965 -0.47923675  0.04672021]\n [ 0.32340563 -0.97623864  3.57639835  0.31982591 -0.21847649  0.06266942]\n [-0.7343275  -0.94194965  0.31982591  3.14294483 -0.33102741  0.40782163]\n [ 0.25850363 -0.47923675 -0.21847649 -0.33102741  3.53977086  0.29741434]\n [ 0.33983544  0.04672021  0.06266942  0.40782163  0.29741434  3.20355407]]", "nfev": "189", "njev": "27", "status": "0", "success": "True", "message": "Optimization terminated successfully.", "x": "[-1.30199487  4.36936879  3.32560675  1.56241993  3.967237    4.98428749]", "nit": "19", "callback": [0.689299439057363, 0.6660130116490778, 0.5435604256038509, 0.5156560562946648, 0.46996767524556604, 0.4082639701317269, 0.3920082085722062, 0.39172774016912826, 0.391392311379403, 0.39134654636016986, 0.39131809584007504, 0.3913093739822612, 0.3913069574511818, 0.3913059206668672, 0.39130557756466944, 0.3913055215848251, 0.391305509132297, 0.39130550255763075, 0.3913055008357592]}, "3": {"maxiter": 100, "gtol": 1e-05, "xrtol": 1e-10, "eps": 1e-10, "duration": 0.04271817207336426, "fun": "0.3913055008246976", "jac": "[-1.11022293e-06 -3.33066880e-06 -5.55111466e-06 -4.44089173e-06\n -3.33066880e-06  3.33066880e-06]", "hess_inv": "[[ 3.52974376  0.10676316  0.18612831 -0.75251377  0.17384394  0.21585291]\n [ 0.10676316  3.72259963 -1.0271811  -0.9340566  -0.50621725  0.02179013]\n [ 0.18612831 -1.0271811   3.43957649  0.31191028 -0.28962558 -0.07380813]\n [-0.75251377 -0.9340566   0.31191028  3.19010588 -0.34519149  0.40682673]\n [ 0.17384394 -0.50621725 -0.28962558 -0.34519149  3.50107175  0.17414425]\n [ 0.21585291  0.02179013 -0.07380813  0.40682673  0.17414425  3.08277967]]", "nfev": "189", "njev": "27", "status": "0", "success": "True", "message": "Optimization terminated successfully.", "x": "[-1.30199862  4.3693691   3.32560024  1.56242557  3.96723493  4.98428068]", "nit": "19", "callback": [0.6892988886657079, 0.6660124077685441, 0.5435603693945374, 0.5156567296295862, 0.46996883344460716, 0.408266150768652, 0.39200930421102753, 0.39172863972519023, 0.3913925620512494, 0.39134657097280867, 0.3913182095034621, 0.39130939040196355, 0.39130696306905643, 0.3913059229893683, 0.39130557731078996, 0.3913055207113133, 0.3913055083420516, 0.3913055022454459, 0.3913055008246976]}, "4": {"maxiter": 100, "gtol": 1e-10, "xrtol": 1e-05, "eps": 1e-05, "duration": 0.04329395294189453, "fun": "0.3913055008357592", "jac": "[-6.70319356e-07 -3.04578585e-06 -1.77337034e-06 -6.33775254e-06\n -3.01296765e-06  4.71706008e-06]", "hess_inv": "[[ 3.65668014  0.1513806   0.32340563 -0.7343275   0.25850363  0.33983544]\n [ 0.1513806   3.75320094 -0.97623864 -0.94194965 -0.47923675  0.04672021]\n [ 0.32340563 -0.97623864  3.57639835  0.31982591 -0.21847649  0.06266942]\n [-0.7343275  -0.94194965  0.31982591  3.14294483 -0.33102741  0.40782163]\n [ 0.25850363 -0.47923675 -0.21847649 -0.33102741  3.53977086  0.29741434]\n [ 0.33983544  0.04672021  0.06266942  0.40782163  0.29741434  3.20355407]]", "nfev": "189", "njev": "27", "status": "0", "success": "True", "message": "Optimization terminated successfully.", "x": "[-1.30199487  4.36936879  3.32560675  1.56241993  3.967237    4.98428749]", "nit": "19", "callback": [0.689299439057363, 0.6660130116490778, 0.5435604256038509, 0.5156560562946648, 0.46996767524556604, 0.4082639701317269, 0.3920082085722062, 0.39172774016912826, 0.391392311379403, 0.39134654636016986, 0.39131809584007504, 0.3913093739822612, 0.3913069574511818, 0.3913059206668672, 0.39130557756466944, 0.3913055215848251, 0.391305509132297, 0.39130550255763075, 0.3913055008357592]}, "5": {"maxiter": 100, "gtol": 1e-10, "xrtol": 1e-05, "eps": 1e-10, "duration": 0.04341578483581543, "fun": "0.3913055008246976", "jac": "[-1.11022293e-06 -3.33066880e-06 -5.55111466e-06 -4.44089173e-06\n -3.33066880e-06  3.33066880e-06]", "hess_inv": "[[ 3.52974376  0.10676316  0.18612831 -0.75251377  0.17384394  0.21585291]\n [ 0.10676316  3.72259963 -1.0271811  -0.9340566  -0.50621725  0.02179013]\n [ 0.18612831 -1.0271811   3.43957649  0.31191028 -0.28962558 -0.07380813]\n [-0.75251377 -0.9340566   0.31191028  3.19010588 -0.34519149  0.40682673]\n [ 0.17384394 -0.50621725 -0.28962558 -0.34519149  3.50107175  0.17414425]\n [ 0.21585291  0.02179013 -0.07380813  0.40682673  0.17414425  3.08277967]]", "nfev": "189", "njev": "27", "status": "0", "success": "True", "message": "Optimization terminated successfully.", "x": "[-1.30199862  4.3693691   3.32560024  1.56242557  3.96723493  4.98428068]", "nit": "19", "callback": [0.6892988886657079, 0.6660124077685441, 0.5435603693945374, 0.5156567296295862, 0.46996883344460716, 0.408266150768652, 0.39200930421102753, 0.39172863972519023, 0.3913925620512494, 0.39134657097280867, 0.3913182095034621, 0.39130939040196355, 0.39130696306905643, 0.3913059229893683, 0.39130557731078996, 0.3913055207113133, 0.3913055083420516, 0.3913055022454459, 0.3913055008246976]}, "6": {"maxiter": 100, "gtol": 1e-10, "xrtol": 1e-10, "eps": 1e-05, "duration": 0.10714316368103027, "fun": "0.39130550067127734", "jac": "[ 1.80189197e-08  1.04694031e-08  6.47704113e-08 -3.95461441e-08\n  7.00661751e-08  3.16635607e-08]", "hess_inv": "[[ 3.62998446  0.1523657   0.2682979  -0.82043861  0.17313836  0.38956072]\n [ 0.1523657   3.75994736 -0.94468624 -0.86368869 -0.43505849 -0.00841491]\n [ 0.2682979  -0.94468624  3.59270515  0.48291572 -0.21188524 -0.0754188 ]\n [-0.82043861 -0.86368869  0.48291572  3.81537959 -0.115874   -0.09602217]\n [ 0.17313836 -0.43505849 -0.21188524 -0.115874    3.52603575  0.11136297]\n [ 0.38956072 -0.00841491 -0.0754188  -0.09602217  0.11136297  3.57604841]]", "nfev": "474", "njev": "66", "status": "2", "success": "False", "message": "Desired error not necessarily achieved due to precision loss.", "x": "[-1.30199765  4.36937198  3.32561404  1.56244193  3.96724578  4.98427041]", "nit": "21", "callback": [0.689299439057363, 0.6660130116490778, 0.5435604256038509, 0.5156560562946648, 0.46996767524556604, 0.4082639701317269, 0.3920082085722062, 0.39172774016912826, 0.391392311379403, 0.39134654636016986, 0.39131809584007504, 0.3913093739822612, 0.3913069574511818, 0.3913059206668672, 0.39130557756466944, 0.3913055215848251, 0.391305509132297, 0.39130550255763075, 0.3913055008357592, 0.391305500671723, 0.39130550067127734]}, "7": {"maxiter": 100, "gtol": 1e-10, "xrtol": 1e-10, "eps": 1e-10, "duration": 0.062361717224121094, "fun": "0.39130550067128955", "jac": "[ 1.11022293e-06  0.00000000e+00  2.22044587e-06 -1.11022293e-06\n  0.00000000e+00 -1.11022293e-06]", "hess_inv": "[[ 3.48719165 -0.18949225  1.24581573 -0.21714511  0.4950443  -0.44145512]\n [-0.18949225  3.49155757 -1.026866   -1.1192154  -0.73084435 -0.32281753]\n [ 1.24581573 -1.026866    4.69982611  1.67783658  1.43633047  0.24994496]\n [-0.21714511 -1.1192154   1.67783658  4.26656215  0.78302466  0.14505881]\n [ 0.4950443  -0.73084435  1.43633047  0.78302466  4.2472069  -0.38508335]\n [-0.44145512 -0.32281753  0.24994496  0.14505881 -0.38508335  2.17626097]]", "nfev": "273", "njev": "39", "status": "0", "success": "True", "message": "Optimization terminated successfully.", "x": "[-1.30199226  4.36937124  3.32562777  1.56244344  3.96725091  4.98427004]", "nit": "22", "callback": [0.6892988886657079, 0.6660124077685441, 0.5435603693945374, 0.5156567296295862, 0.46996883344460716, 0.408266150768652, 0.39200930421102753, 0.39172863972519023, 0.3913925620512494, 0.39134657097280867, 0.3913182095034621, 0.39130939040196355, 0.39130696306905643, 0.3913059229893683, 0.39130557731078996, 0.3913055207113133, 0.3913055083420516, 0.3913055022454459, 0.3913055008246976, 0.3913055006793088, 0.3913055006712898, 0.39130550067128955]}, "8": {"maxiter": 500, "gtol": 1e-05, "xrtol": 1e-05, "eps": 1e-05, "duration": 0.042234182357788086, "fun": "0.3913055008357592", "jac": "[-6.70319356e-07 -3.04578585e-06 -1.77337034e-06 -6.33775254e-06\n -3.01296765e-06  4.71706008e-06]", "hess_inv": "[[ 3.65668014  0.1513806   0.32340563 -0.7343275   0.25850363  0.33983544]\n [ 0.1513806   3.75320094 -0.97623864 -0.94194965 -0.47923675  0.04672021]\n [ 0.32340563 -0.97623864  3.57639835  0.31982591 -0.21847649  0.06266942]\n [-0.7343275  -0.94194965  0.31982591  3.14294483 -0.33102741  0.40782163]\n [ 0.25850363 -0.47923675 -0.21847649 -0.33102741  3.53977086  0.29741434]\n [ 0.33983544  0.04672021  0.06266942  0.40782163  0.29741434  3.20355407]]", "nfev": "189", "njev": "27", "status": "0", "success": "True", "message": "Optimization terminated successfully.", "x": "[-1.30199487  4.36936879  3.32560675  1.56241993  3.967237    4.98428749]", "nit": "19", "callback": [0.689299439057363, 0.6660130116490778, 0.5435604256038509, 0.5156560562946648, 0.46996767524556604, 0.4082639701317269, 0.3920082085722062, 0.39172774016912826, 0.391392311379403, 0.39134654636016986, 0.39131809584007504, 0.3913093739822612, 0.3913069574511818, 0.3913059206668672, 0.39130557756466944, 0.3913055215848251, 0.391305509132297, 0.39130550255763075, 0.3913055008357592]}, "9": {"maxiter": 500, "gtol": 1e-05, "xrtol": 1e-05, "eps": 1e-10, "duration": 0.042295217514038086, "fun": "0.3913055008246976", "jac": "[-1.11022293e-06 -3.33066880e-06 -5.55111466e-06 -4.44089173e-06\n -3.33066880e-06  3.33066880e-06]", "hess_inv": "[[ 3.52974376  0.10676316  0.18612831 -0.75251377  0.17384394  0.21585291]\n [ 0.10676316  3.72259963 -1.0271811  -0.9340566  -0.50621725  0.02179013]\n [ 0.18612831 -1.0271811   3.43957649  0.31191028 -0.28962558 -0.07380813]\n [-0.75251377 -0.9340566   0.31191028  3.19010588 -0.34519149  0.40682673]\n [ 0.17384394 -0.50621725 -0.28962558 -0.34519149  3.50107175  0.17414425]\n [ 0.21585291  0.02179013 -0.07380813  0.40682673  0.17414425  3.08277967]]", "nfev": "189", "njev": "27", "status": "0", "success": "True", "message": "Optimization terminated successfully.", "x": "[-1.30199862  4.3693691   3.32560024  1.56242557  3.96723493  4.98428068]", "nit": "19", "callback": [0.6892988886657079, 0.6660124077685441, 0.5435603693945374, 0.5156567296295862, 0.46996883344460716, 0.408266150768652, 0.39200930421102753, 0.39172863972519023, 0.3913925620512494, 0.39134657097280867, 0.3913182095034621, 0.39130939040196355, 0.39130696306905643, 0.3913059229893683, 0.39130557731078996, 0.3913055207113133, 0.3913055083420516, 0.3913055022454459, 0.3913055008246976]}, "10": {"maxiter": 500, "gtol": 1e-05, "xrtol": 1e-10, "eps": 1e-05, "duration": 0.04216766357421875, "fun": "0.3913055008357592", "jac": "[-6.70319356e-07 -3.04578585e-06 -1.77337034e-06 -6.33775254e-06\n -3.01296765e-06  4.71706008e-06]", "hess_inv": "[[ 3.65668014  0.1513806   0.32340563 -0.7343275   0.25850363  0.33983544]\n [ 0.1513806   3.75320094 -0.97623864 -0.94194965 -0.47923675  0.04672021]\n [ 0.32340563 -0.97623864  3.57639835  0.31982591 -0.21847649  0.06266942]\n [-0.7343275  -0.94194965  0.31982591  3.14294483 -0.33102741  0.40782163]\n [ 0.25850363 -0.47923675 -0.21847649 -0.33102741  3.53977086  0.29741434]\n [ 0.33983544  0.04672021  0.06266942  0.40782163  0.29741434  3.20355407]]", "nfev": "189", "njev": "27", "status": "0", "success": "True", "message": "Optimization terminated successfully.", "x": "[-1.30199487  4.36936879  3.32560675  1.56241993  3.967237    4.98428749]", "nit": "19", "callback": [0.689299439057363, 0.6660130116490778, 0.5435604256038509, 0.5156560562946648, 0.46996767524556604, 0.4082639701317269, 0.3920082085722062, 0.39172774016912826, 0.391392311379403, 0.39134654636016986, 0.39131809584007504, 0.3913093739822612, 0.3913069574511818, 0.3913059206668672, 0.39130557756466944, 0.3913055215848251, 0.391305509132297, 0.39130550255763075, 0.3913055008357592]}, "11": {"maxiter": 500, "gtol": 1e-05, "xrtol": 1e-10, "eps": 1e-10, "duration": 0.04199671745300293, "fun": "0.3913055008246976", "jac": "[-1.11022293e-06 -3.33066880e-06 -5.55111466e-06 -4.44089173e-06\n -3.33066880e-06  3.33066880e-06]", "hess_inv": "[[ 3.52974376  0.10676316  0.18612831 -0.75251377  0.17384394  0.21585291]\n [ 0.10676316  3.72259963 -1.0271811  -0.9340566  -0.50621725  0.02179013]\n [ 0.18612831 -1.0271811   3.43957649  0.31191028 -0.28962558 -0.07380813]\n [-0.75251377 -0.9340566   0.31191028  3.19010588 -0.34519149  0.40682673]\n [ 0.17384394 -0.50621725 -0.28962558 -0.34519149  3.50107175  0.17414425]\n [ 0.21585291  0.02179013 -0.07380813  0.40682673  0.17414425  3.08277967]]", "nfev": "189", "njev": "27", "status": "0", "success": "True", "message": "Optimization terminated successfully.", "x": "[-1.30199862  4.3693691   3.32560024  1.56242557  3.96723493  4.98428068]", "nit": "19", "callback": [0.6892988886657079, 0.6660124077685441, 0.5435603693945374, 0.5156567296295862, 0.46996883344460716, 0.408266150768652, 0.39200930421102753, 0.39172863972519023, 0.3913925620512494, 0.39134657097280867, 0.3913182095034621, 0.39130939040196355, 0.39130696306905643, 0.3913059229893683, 0.39130557731078996, 0.3913055207113133, 0.3913055083420516, 0.3913055022454459, 0.3913055008246976]}, "12": {"maxiter": 500, "gtol": 1e-10, "xrtol": 1e-05, "eps": 1e-05, "duration": 0.04227709770202637, "fun": "0.3913055008357592", "jac": "[-6.70319356e-07 -3.04578585e-06 -1.77337034e-06 -6.33775254e-06\n -3.01296765e-06  4.71706008e-06]", "hess_inv": "[[ 3.65668014  0.1513806   0.32340563 -0.7343275   0.25850363  0.33983544]\n [ 0.1513806   3.75320094 -0.97623864 -0.94194965 -0.47923675  0.04672021]\n [ 0.32340563 -0.97623864  3.57639835  0.31982591 -0.21847649  0.06266942]\n [-0.7343275  -0.94194965  0.31982591  3.14294483 -0.33102741  0.40782163]\n [ 0.25850363 -0.47923675 -0.21847649 -0.33102741  3.53977086  0.29741434]\n [ 0.33983544  0.04672021  0.06266942  0.40782163  0.29741434  3.20355407]]", "nfev": "189", "njev": "27", "status": "0", "success": "True", "message": "Optimization terminated successfully.", "x": "[-1.30199487  4.36936879