{"date": "2024/09/25/, 20:05:53", "conf_id": 307, "data_type": "var_s_rank\n", "num_data_points": 4, "s_rank": 0, "unitary": "[[0.18663085-0.53122324j,-0.11886349-0.70040876j,0.28555095-0.02789305j,-0.12262021-0.2844587j],[-0.16702216+0.27758472j,0.27526351-0.29738586j,-0.01109314+0.22495461j,-0.77239203+0.28900673j],[0.61935415+0.12301792j,-0.31269928-0.03315917j,-0.61902762-0.19039079j,-0.27120731-0.0968989j],[0.42341754+0.0023929j,-0.05847358+0.47832119j,0.64900495-0.16218422j,-0.37182676-0.05229966j]]", "databatch_0": {"databatch": "[[[-0.34509793+0.00556251j,0.26392854-0.38285694j,0.02927385-0.13304392j,0.12601745-0.00761845j],[-0.30302673+0.05025534j,-0.02486685+0.15214205j,0.18168482+0.32197143j,-0.10465188+0.0116115j],[-0.02362834+0.05921039j,-0.17263061-0.05170273j,-0.08680002+0.07082198j,-0.02406181-0.05980354j],[-0.08571187+0.38124477j,0.03023914+0.08816225j,0.37358384+0.01016155j,-0.05885866+0.0806649j]],[[0.00318311+0.08280413j,-0.04644734+0.18553988j,0.03360147+0.15104277j,-0.07842346-0.0299775j],[0.01602239-0.20270607j,-0.26567543-0.39571595j,-0.3972259+0.01340333j,0.1352588+0.08282676j],[0.24520981-0.185294j,0.04657593-0.04449811j,-0.0043873+0.26862486j,0.00184873+0.29941588j],[-0.18769864+0.15609173j,-0.0969815-0.05375826j,-0.13658317-0.24581417j,-0.01541206-0.24952744j]],[[-0.03559445-0.07792308j,0.04879815+0.03026913j,-0.01766217+0.03486938j,0.22407088+0.1040625j],[-0.03771561+0.01683379j,0.01881733-0.01681313j,0.00480275+0.02658803j,0.05704559-0.08455492j],[0.06554816+0.26898641j,-0.14324711-0.14799706j,0.12553594-0.14326488j,-0.64789927-0.53830452j],[0.04673262-0.05236152j,-0.00364537+0.04546005j,-0.02563344+0.00449339j,0.00554786+0.20175871j]],[[-0.27448354-0.11361721j,0.36067275-0.11606381j,-0.13214899-0.18518087j,0.08149318-0.61433907j],[0.00532712+0.05086161j,-0.04333523-0.02248124j,-0.01344649+0.04612908j,-0.0472556+0.05441439j],[-0.01045404-0.04777291j,0.11393064+0.09609673j,0.04936955-0.01146113j,0.28505132-0.12098558j],[0.14958403-0.14862645j,-0.0229187+0.20406686j,0.15221188-0.06763902j,0.24324977+0.15254345j]]]", "initial param values": "[4.24279328,3.39654001,0.44652037,0.89273248,2.43875925,2.78247628]", "nelder_mead": {"type": "gradient-free", "0": {"maxiter": 100, "fatol": 1e-05, "xatol": 1e-05, "duration": 0.05658221244812012, "fun": "0.2647645337536817", "nit": "100", "nfev": "156", "status": "2", "success": "False", "message": "Maximum number of iterations has been exceeded.", "x": "[4.55626374 3.6881111  0.02582517 2.39945896 0.75036442 2.4514033 ]", "final_simplex": "(array([[4.55626374, 3.6881111 , 0.02582517, 2.39945896, 0.75036442,\n        2.4514033 ],\n       [4.54074011, 3.6764461 , 0.04455351, 2.36205338, 0.73608481,\n        2.36926882],\n       [4.53783813, 3.71008864, 0.0265487 , 2.37090013, 0.7485403 ,\n        2.41471422],\n       [4.55877531, 3.65392923, 0.02541472, 2.39752521, 0.74594664,\n        2.43749125],\n       [4.5386769 , 3.70702949, 0.02232669, 2.41250211, 0.69833741,\n        2.31902891],\n       [4.56700126, 3.66444375, 0.00745484, 2.38915339, 0.79217722,\n        2.41661718],\n       [4.54033904, 3.72607687, 0.05047989, 2.36400479, 0.67509423,\n        2.34660574]]), array([0.26476453, 0.2649541 , 0.26497002, 0.26516753, 0.26521878,\n       0.26529109, 0.26535707]))", "callback": [0.6944203010782948, 0.5360670891932864, 0.4604811376897936, 0.4494644996855306, 0.39956149525047013, 0.3060677483710279, 0.2909502388847647, 0.27236155619766167, 0.2667351242126217, 0.26529109193205613]}, "1": {"maxiter": 100, "fatol": 1e-05, "xatol": 1e-10, "duration": 0.05439496040344238, "fun": "0.2647645337536817", "nit": "100", "nfev": "156", "status": "2", "success": "False", "message": "Maximum number of iterations has been exceeded.", "x": "[4.55626374 3.6881111  0.02582517 2.39945896 0.75036442 2.4514033 ]", "final_simplex": "(array([[4.55626374, 3.6881111 , 0.02582517, 2.39945896, 0.75036442,\n        2.4514033 ],\n       [4.54074011, 3.6764461 , 0.04455351, 2.36205338, 0.73608481,\n        2.36926882],\n       [4.53783813, 3.71008864, 0.0265487 , 2.37090013, 0.7485403 ,\n        2.41471422],\n       [4.55877531, 3.65392923, 0.02541472, 2.39752521, 0.74594664,\n        2.43749125],\n       [4.5386769 , 3.70702949, 0.02232669, 2.41250211, 0.69833741,\n        2.31902891],\n       [4.56700126, 3.66444375, 0.00745484, 2.38915339, 0.79217722,\n        2.41661718],\n       [4.54033904, 3.72607687, 0.05047989, 2.36400479, 0.67509423,\n        2.34660574]]), array([0.26476453, 0.2649541 , 0.26497002, 0.26516753, 0.26521878,\n       0.26529109, 0.26535707]))", "callback": [0.6944203010782948, 0.5360670891932864, 0.4604811376897936, 0.4494644996855306, 0.39956149525047013, 0.3060677483710279, 0.2909502388847647, 0.27236155619766167, 0.2667351242126217, 0.26529109193205613]}, "2": {"maxiter": 100, "fatol": 1e-10, "xatol": 1e-05, "duration": 0.04884195327758789, "fun": "0.2647645337536817", "nit": "100", "nfev": "156", "status": "2", "success": "False", "message": "Maximum number of iterations has been exceeded.", "x": "[4.55626374 3.6881111  0.02582517 2.39945896 0.75036442 2.4514033 ]", "final_simplex": "(array([[4.55626374, 3.6881111 , 0.02582517, 2.39945896, 0.75036442,\n        2.4514033 ],\n       [4.54074011, 3.6764461 , 0.04455351, 2.36205338, 0.73608481,\n        2.36926882],\n       [4.53783813, 3.71008864, 0.0265487 , 2.37090013, 0.7485403 ,\n        2.41471422],\n       [4.55877531, 3.65392923, 0.02541472, 2.39752521, 0.74594664,\n        2.43749125],\n       [4.5386769 , 3.70702949, 0.02232669, 2.41250211, 0.69833741,\n        2.31902891],\n       [4.56700126, 3.66444375, 0.00745484, 2.38915339, 0.79217722,\n        2.41661718],\n       [4.54033904, 3.72607687, 0.05047989, 2.36400479, 0.67509423,\n        2.34660574]]), array([0.26476453, 0.2649541 , 0.26497002, 0.26516753, 0.26521878,\n       0.26529109, 0.26535707]))", "callback": [0.6944203010782948, 0.5360670891932864, 0.4604811376897936, 0.4494644996855306, 0.39956149525047013, 0.3060677483710279, 0.2909502388847647, 0.27236155619766167, 0.2667351242126217, 0.26529109193205613]}, "3": {"maxiter": 100, "fatol": 1e-10, "xatol": 1e-10, "duration": 0.04676508903503418, "fun": "0.2647645337536817", "nit": "100", "nfev": "156", "status": "2", "success": "False", "message": "Maximum number of iterations has been exceeded.", "x": "[4.55626374 3.6881111  0.02582517 2.39945896 0.75036442 2.4514033 ]", "final_simplex": "(array([[4.55626374, 3.6881111 , 0.02582517, 2.39945896, 0.75036442,\n        2.4514033 ],\n       [4.54074011, 3.6764461 , 0.04455351, 2.36205338, 0.73608481,\n        2.36926882],\n       [4.53783813, 3.71008864, 0.0265487 , 2.37090013, 0.7485403 ,\n        2.41471422],\n       [4.55877531, 3.65392923, 0.02541472, 2.39752521, 0.74594664,\n        2.43749125],\n       [4.5386769 , 3.70702949, 0.02232669, 2.41250211, 0.69833741,\n        2.31902891],\n       [4.56700126, 3.66444375, 0.00745484, 2.38915339, 0.79217722,\n        2.41661718],\n       [4.54033904, 3.72607687, 0.05047989, 2.36400479, 0.67509423,\n        2.34660574]]), array([0.26476453, 0.2649541 , 0.26497002, 0.26516753, 0.26521878,\n       0.26529109, 0.26535707]))", "callback": [0.6944203010782948, 0.5360670891932864, 0.4604811376897936, 0.4494644996855306, 0.39956149525047013, 0.3060677483710279, 0.2909502388847647, 0.27236155619766167, 0.2667351242126217, 0.26529109193205613]}, "4": {"maxiter": 500, "fatol": 1e-05, "xatol": 1e-05, "duration": 0.15239500999450684, "fun": "0.2619654777147251", "nit": "321", "nfev": "496", "status": "0", "success": "True", "message": "Optimization terminated successfully.", "x": "[4.55248735 3.75136423 0.14878152 2.44597081 0.80851107 2.44308791]", "final_simplex": "(array([[4.55248735, 3.75136423, 0.14878152, 2.44597081, 0.80851107,\n        2.44308791],\n       [4.55248918, 3.7513648 , 0.14878684, 2.44596988, 0.80851609,\n        2.4430934 ],\n       [4.55249137, 3.7513621 , 0.14878399, 2.44597135, 0.80851143,\n        2.44309463],\n       [4.55248959, 3.75135814, 0.14878498, 2.44596955, 0.80851201,\n        2.44308942],\n       [4.55248928, 3.7513585 , 0.14878149, 2.445972  , 0.80851506,\n        2.44309639],\n       [4.55249342, 3.75135823, 0.14878144, 2.44596748, 0.80851713,\n        2.44309097],\n       [4.55248797, 3.75136452, 0.14878663, 2.44597997, 0.80851822,\n        2.44309034]]), array([0.26196548, 0.26196548, 0.26196548, 0.26196548, 0.26196548,\n       0.26196548, 0.26196548]))", "callback": [0.6944203010782948, 0.5360670891932864, 0.4604811376897936, 0.4494644996855306, 0.39956149525047013, 0.3060677483710279, 0.2909502388847647, 0.27236155619766167, 0.2667351242126217, 0.26529109193205613, 0.2647645337536817, 0.26449084269945144, 0.2639538282748817, 0.26308708760438715, 0.2625023953515415, 0.2622590339760471, 0.2622590339760471, 0.26219295525718334, 0.2620898152656218, 0.2620719944254808, 0.26204608183678413, 0.2620014205234945, 0.2619852730827308, 0.26196941142951435, 0.2619665413411545, 0.2619657281193185, 0.2619655207380327, 0.26196548378659734, 0.26196547922618874, 0.26196547819187666, 0.261965477802533, 0.2619654777284066, 0.2619654777147251]}, "5": {"maxiter": 500, "fatol": 1e-05, "xatol": 1e-10, "duration": 0.25665879249572754, "fun": "0.2619654777108448", "nit": "428", "nfev": "724", "status": "0", "success": "True", "message": "Optimization terminated successfully.", "x": "[4.55248916 3.75136317 0.14878486 2.44597306 0.80851232 2.44309026]", "final_simplex": "(array([[4.55248916, 3.75136317, 0.14878486, 2.44597306, 0.80851232,\n        2.44309026],\n       [4.55248916, 3.75136316, 0.14878486, 2.44597306, 0.80851232,\n        2.44309026],\n       [4.55248916, 3.75136317, 0.14878486, 2.44597306, 0.80851232,\n        2.44309026],\n       [4.55248916, 3.75136316, 0.14878486, 2.44597306, 0.80851232,\n        2.44309026],\n       [4.55248916, 3.75136316, 0.14878486, 2.44597306, 0.80851232,\n        2.44309026],\n       [4.55248916, 3.75136316, 0.14878486, 2.44597306, 0.80851232,\n        2.44309026],\n       [4.55248916, 3.75136316, 0.14878486, 2.44597306, 0.80851232,\n        2.44309026]]), array([0.26196548, 0.26196548, 0.26196548, 0.26196548, 0.26196548,\n       0.26196548, 0.26196548]))", "callback": [0.6944203010782948, 0.5360670891932864, 0.4604811376897936, 0.4494644996855306, 0.39956149525047013, 0.3060677483710279, 0.2909502388847647, 0.27236155619766167, 0.2667351242126217, 0.26529109193205613, 0.2647645337536817, 0.26449084269945144, 0.2639538282748817, 0.26308708760438715, 0.2625023953515415, 0.2622590339760471, 0.2622590339760471, 0.26219295525718334, 0.2620898152656218, 0.2620719944254808, 0.26204608183678413, 0.2620014205234945, 0.2619852730827308, 0.26196941142951435, 0.2619665413411545, 0.2619657281193185, 0.2619655207380327, 0.26196548378659734, 0.26196547922618874, 0.26196547819187666, 0.261965477802533, 0.2619654777284066, 0.26196547771267387, 0.2619654777111129, 0.26196547771089806, 0.2619654777108552, 0.261965477710848, 0.261965477710846, 0.2619654777108449, 0.2619654777108449, 0.2619654777108448, 0.2619654777108448, 0.2619654777108448]}, "6": {"maxiter": 500, "fatol": 1e-10, "xatol": 1e-05, "duration": 0.17599701881408691, "fun": "0.2619654777147251", "nit": "321", "nfev": "496", "status": "0", "success": "True", "message": "Optimization terminated successfully.", "x": "[4.55248735 3.75136423 0.14878152 2.44597081 0.80851107 2.44308791]", "final_simplex": "(array([[4.55248735, 3.75136423, 0.14878152, 2.44597081, 0.80851107,\n        2.44308791],\n       [4.55248918, 3.7513648 , 0.14878684, 2.44596988, 0.80851609,\n        2.4430934 ],\n       [4.55249137, 3.7513621 , 0.14878399, 2.44597135, 0.80851143,\n        2.44309463],\n       [4.55248959, 3.75135814, 0.14878498, 2.44596955, 0.80851201,\n        2.44308942],\n       [4.55248928, 3.7513585 , 0.14878149, 2.445972  , 0.80851506,\n        2.44309639],\n       [4.55249342, 3.75135823, 0.14878144, 2.44596748, 0.80851713,\n        2.44309097],\n       [4.55248797, 3.75136452, 0.14878663, 2.44597997, 0.80851822,\n        2.44309034]]), array([0.26196548, 0.26196548, 0.26196548, 0.26196548, 0.26196548,\n       0.26196548, 0.26196548]))", "callback": [0.6944203010782948, 0.5360670891932864, 0.4604811376897936, 0.4494644996855306, 0.39956149525047013, 0.3060677483710279, 0.2909502388847647, 0.27236155619766167, 0.2667351242126217, 0.26529109193205613, 0.2647645337536817, 0.26449084269945144, 0.2639538282748817, 0.26308708760438715, 0.2625023953515415, 0.2622590339760471, 0.2622590339760471, 0.26219295525718334, 0.2620898152656218, 0.2620719944254808, 0.26204608183678413, 0.2620014205234945, 0.2619852730827308, 0.26196941142951435, 0.2619665413411545, 0.2619657281193185, 0.2619655207380327, 0.26196548378659734, 0.26196547922618874, 0.26196547819187666, 0.261965477802533, 0.2619654777284066, 0.2619654777147251]}, "7": {"maxiter": 500, "fatol": 1e-10, "xatol": 1e-10, "duration": 0.2593679428100586, "fun": "0.2619654777108448", "nit": "428", "nfev": "724", "status": "0", "success": "True", "message": "Optimization terminated successfully.", "x": "[4.55248916 3.75136317 0.14878486 2.44597306 0.80851232 2.44309026]", "final_simplex": "(array([[4.55248916, 3.75136317, 0.14878486, 2.44597306, 0.80851232,\n        2.44309026],\n       [4.55248916, 3.75136316, 0.14878486, 2.44597306, 0.80851232,\n        2.44309026],\n       [4.55248916, 3.75136317, 0.14878486, 2.44597306, 0.80851232,\n        2.44309026],\n       [4.55248916, 3.75136316, 0.14878486, 2.44597306, 0.80851232,\n        2.44309026],\n       [4.55248916, 3.75136316, 0.14878486, 2.44597306, 0.80851232,\n        2.44309026],\n       [4.55248916, 3.75136316, 0.14878486, 2.44597306, 0.80851232,\n        2.44309026],\n       [4.55248916, 3.75136316, 0.14878486, 2.44597306, 0.80851232,\n        2.44309026]]), array([0.26196548, 0.26196548, 0.26196548, 0.26196548, 0.26196548,\n       0.26196548, 0.26196548]))", "callback": [0.6944203010782948, 0.5360670891932864, 0.4604811376897936, 0.4494644996855306, 0.39956149525047013, 0.3060677483710279, 0.2909502388847647, 0.27236155619766167, 0.2667351242126217, 0.26529109193205613, 0.2647645337536817, 0.26449084269945144, 0.2639538282748817, 0.26308708760438715, 0.2625023953515415, 0.2622590339760471, 0.2622590339760471, 0.26219295525718334, 0.2620898152656218, 0.2620719944254808, 0.26204608183678413, 0.2620014205234945, 0.2619852730827308, 0.26196941142951435, 0.2619665413411545, 0.2619657281193185, 0.2619655207380327, 0.26196548378659734, 0.26196547922618874, 0.26196547819187666, 0.261965477802533, 0.2619654777284066, 0.26196547771267387, 0.2619654777111129, 0.26196547771089806, 0.2619654777108552, 0.261965477710848, 0.261965477710846, 0.2619654777108449, 0.2619654777108449, 0.2619654777108448, 0.2619654777108448, 0.2619654777108448]}, "8": {"maxiter": 1000, "fatol": 1e-05, "xatol": 1e-05, "duration": 0.1845400333404541, "fun": "0.2619654777147251", "nit": "321", "nfev": "496", "status": "0", "success": "True", "message": "Optimization terminated successfully.", "x": "[4.55248735 3.75136423 0.14878152 2.44597081 0.80851107 2.44308791]", "final_simplex": "(array([[4.55248735, 3.75136423, 0.14878152, 2.44597081, 0.80851107,\n        2.44308791],\n       [4.55248918, 3.7513648 , 0.14878684, 2.44596988, 0.80851609,\n        2.4430934 ],\n       [4.55249137, 3.7513621 , 0.14878399, 2.44597135, 0.80851143,\n        2.44309463],\n       [4.55248959, 3.75135814, 0.14878498, 2.44596955, 0.80851201,\n        2.44308942],\n       [4.55248928, 3.7513585 , 0.14878149, 2.445972  , 0.80851506,\n        2.44309639],\n       [4.55249342, 3.75135823, 0.14878144, 2.44596748, 0.80851713,\n        2.44309097],\n       [4.55248797, 3.75136452, 0.14878663, 2.44597997, 0.80851822,\n        2.44309034]]), array([0.26196548, 0.26196548, 0.26196548, 0.26196548, 0.26196548,\n       0.26196548, 0.26196548]))", "callback": [0.6944203010782948, 0.5360670891932864, 0.4604811376897936, 0.4494644996855306, 0.39956149525047013, 0.3060677483710279, 0.2909502388847647, 0.27236155619766167, 0.2667351242126217, 0.26529109193205613, 0.2647645337536817, 0.26449084269945144, 0.2639538282748817, 0.26308708760438715, 0.2625023953515415, 0.2622590339760471, 0.2622590339760471, 0.26219295525718334, 0.2620898152656218, 0.2620719944254808, 0.26204608183678413, 0.2620014205234945, 0.2619852730827308, 0.26196941142951435, 0.2619665413411545, 0.2619657281193185, 0.2619655207380327, 0.26196548378659734, 0.26196547922618874, 0.26196547819187666, 0.261965477802533, 0.2619654777284066, 0.2619654777147251]}, "9": {"maxiter": 1000, "fatol": 1e-05, "xatol": 1e-10, "duration": 0.25897908210754395, "fun": "0.2619654777108448", "nit": "428", "nfev": "724", "status": "0", "success": "True", "message": "Optimization terminated successfully.", "x": "[4.55248916 3.75136317 0.14878486 2.44597306 0.80851232 2.44309026]", "final_simplex": "(array([[4.55248916, 3.75136317, 0.14878486, 2.44597306, 0.80851232,\n        2.44309026],\n       [4.55248916, 3.75136316, 0.14878486, 2.44597306, 0.80851232,\n        2.44309026],\n       [4.55248916, 3.75136317, 0.14878486, 2.44597306, 0.80851232,\n        2.44309026],\n       [4.55248916, 3.75136316, 0.14878486, 2.44597306, 0.80851232,\n        2.44309026],\n       [4.55248916, 3.75136316, 0.14878486, 2.44597306, 0.80851232,\n        2.44309026],\n       [4.55248916, 3.75136316, 0.14878486, 2.44597306, 0.80851232,\n        2.44309026],\n       [4.55248916, 3.75136316, 0.14878486, 2.44597306, 0.80851232,\n        2.44309026]]), array([0.26196548, 0.26196548, 0.26196548, 0.26196548, 0.26196548,\n       0.26196548, 0.26196548]))", "callback": [0.6944203010782948, 0.5360670891932864, 0.4604811376897936, 0.4494644996855306, 0.39956149525047013, 0.3060677483710279, 0.2909502388847647, 0.27236155619766167, 0.2667351242126217, 0.26529109193205613, 0.2647645337536817, 0.26449084269945144, 0.2639538282748817, 0.26308708760438715, 0.2625023953515415, 0.2622590339760471, 0.2622590339760471, 0.26219295525718334, 0.2620898152656218, 0.2620719944254808, 0.26204608183678413, 0.2620014205234945, 0.2619852730827308, 0.26196941142951435, 0.2619665413411545, 0.2619657281193185, 0.2619655207380327, 0.26196548378659734, 0.26196547922618874, 0.26196547819187666, 0.261965477802533, 0.2619654777284066, 0.26196547771267387, 0.2619654777111129, 0.26196547771089806, 0.2619654777108552, 0.261965477710848, 0.261965477710846, 0.2619654777108449, 0.2619654777108449, 0.2619654777108448, 0.2619654777108448, 0.2619654777108448]}, "10": {"maxiter": 1000, "fatol": 1e-10, "xatol": 1e-05, "duration": 0.16214585304260254, "fun": "0.2619654777147251", "nit": "321", "nfev": "496", "status": "0", "success": "True", "message": "Optimization terminated successfully.", "x": "[4.55248735 3.75136423 0.14878152 2.44597081 0.80851107 2.44308791]", "final_simplex": "(array([[4.55248735, 3.75136423, 0.14878152, 2.44597081, 0.80851107,\n        2.44308791],\n       [4.55248918, 3.7513648 , 0.14878684, 2.44596988, 0.80851609,\n        2.4430934 ],\n       [4.55249137, 3.7513621 , 0.14878399, 2.44597135, 0.80851143,\n        2.44309463],\n       [4.55248959, 3.75135814, 0.14878498, 2.44596955, 0.80851201,\n        2.44308942],\n       [4.55248928, 3.7513585 , 0.14878149, 2.445972  , 0.80851506,\n        2.44309639],\n       [4.55249342, 3.75135823, 0.14878144, 2.44596748, 0.80851713,\n        2.44309097],\n       [4.55248797, 3.75136452, 0.14878663, 2.44597997, 0.80851822,\n        2.44309034]]), array([0.26196548, 0.26196548, 0.26196548, 0.26196548, 0.26196548,\n       0.26196548, 0.26196548]))", "callback": [0.6944203010782948, 0.5360670891932864, 0.4604811376897936, 0.4494644996855306, 0.39956149525047013, 0.3060677483710279, 0.2909502388847647, 0.27236155619766167, 0.2667351242126217, 0.26529109193205613, 0.2647645337536817, 0.26449084269945144, 0.2639538282748817, 0.26308708760438715, 0.2625023953515415, 0.2622590339760471, 0.2622590339760471, 0.26219295525718334, 0.2620898152656218, 0.2620719944254808, 0.26204608183678413, 0.2620014205234945, 0.2619852730827308, 0.26196941142951435, 0.2619665413411545, 0.2619657281193185, 0.2619655207380327, 0.26196548378659734, 0.26196547922618874, 0.26196547819187666, 0.261965477802533, 0.2619654777284066, 0.2619654777147251]}, "11": {"maxiter": 1000, "fatol": 1e-10, "xatol": 1e-10, "duration": 0.24099516868591309, "fun": "0.2619654777108448", "nit": "428", "nfev": "724", "status": "0", "success": "True", "message": "Optimization terminated successfully.", "x": "[4.55248916 3.75136317 0.14878486 2.44597306 0.80851232 2.44309026]", "final_simplex": "(array([[4.55248916, 3.75136317, 0.14878486, 2.44597306, 0.80851232,\n        2.44309026],\n       [4.55248916, 3.75136316, 0.14878486, 2.44597306, 0.80851232,\n        2.44309026],\n       [4.55248916, 3.75136317, 0.14878486, 2.44597306, 0.80851232,\n        2.44309026],\n       [4.55248916, 3.75136316, 0.14878486, 2.44597306, 0.80851232,\n        2.44309026],\n       [4.55248916, 3.75136316, 0.14878486, 2.44597306, 0.80851232,\n        2.44309026],\n       [4.55248916, 3.75136316, 0.14878486, 2.44597306, 0.80851232,\n        2.44309026],\n       [4.55248916, 3.75136316, 0.14878486, 2.44597306, 0.80851232,\n        2.44309026]]), array([0.26196548, 0.26196548, 0.26196548, 0.26196548, 0.26196548,\n       0.26196548, 0.26196548]))", "callback": [0.6944203010782948, 0.5360670891932864, 0.4604811376897936, 0.4494644996855306, 0.39956149525047013, 0.3060677483710279, 0.2909502388847647, 0.27236155619766167, 0.2667351242126217, 0.26529109193205613, 0.2647645337536817, 0.26449084269945144, 0.2639538282748817, 0.26308708760438715, 0.2625023953515415, 0.2622590339760471, 0.2622590339760471, 0.26219295525718334, 0.2620898152656218, 0.2620719944254808, 0.26204608183678413, 0.2620014205234945, 0.2619852730827308, 0.26196941142951435, 0.2619665413411545, 0.2619657281193185, 0.2619655207380327, 0.26196548378659734, 0.26196547922618874, 0.26196547819187666, 0.261965477802533, 0.2619654777284066, 0.26196547771267387, 0.2619654777111129, 0.26196547771089806, 0.2619654777108552, 0.261965477710848, 0.261965477710846, 0.2619654777108449, 0.2619654777108449, 0.2619654777108448, 0.2619654777108448, 0.2619654777108448]}}, "bfgs": {"type": "gradient", "0": {"maxiter": 100, "gtol": 1e-05, "xrtol": 1e-05, "eps": 1e-05, "duration": 0.044007062911987305, "fun": "0.2619654777562703", "jac": "[-2.69148037e-06  6.67010891e-07  1.49387169e-06  2.61590749e-07\n -7.42139683e-07  1.47354351e-06]", "hess_inv": "[[ 3.23138323  0.18327786  0.57511098  0.00869761 -0.02892963  0.37118962]\n [ 0.18327786  3.9091281   0.91678835  1.07155927 -1.4129134  -0.86297378]\n [ 0.57511098  0.91678835  3.72348953 -0.38301254  0.41849043 -0.15099602]\n [ 0.00869761  1.07155927 -0.38301254  3.5948998  -0.12192218  0.5562442 ]\n [-0.02892963 -1.4129134   0.41849043 -0.12192218  7.93104635  5.34073078]\n [ 0.37118962 -0.86297378 -0.15099602  0.5562442   5.34073078  8.01131602]]", "nfev": "133", "njev": "19", "status": "0", "success": "True", "message": "Optimization terminated successfully.", "x": "[4.55247494 3.7513602  0.14878155 2.44596811 0.80849958 2.44308157]", "nit": "17", "callback": [0.40723531051802764, 0.36495004819378096, 0.30047358110788336, 0.27611167935039815, 0.2728293087128377, 0.2675269463751615, 0.26401462257638875, 0.2635294162550803, 0.2627396427343497, 0.26212855618663566, 0.2620458643856953, 0.2619670005885767, 0.26196581100405725, 0.261965608077973, 0.2619654993090603, 0.26196547884938204, 0.2619654777562703]}, "1": {"maxiter": 100, "gtol": 1e-05, "xrtol": 1e-05, "eps": 1e-10, "duration": 0.042283058166503906, "fun": "0.26196547774574586", "jac": "[-7.77156053e-06 -1.11022293e-06 -1.11022293e-06  0.00000000e+00\n -2.22044587e-06 -2.22044587e-06]", "hess_inv": "[[ 3.26667857  0.140609    0.56892399 -0.04543888 -0.03620152  0.40545162]\n [ 0.140609    3.94358607  0.92107584  1.10686336 -1.41077667 -0.89195065]\n [ 0.56892399  0.92107584  3.69238676 -0.38909978  0.41456576 -0.18410642]\n [-0.04543888  1.10686336 -0.38909978  3.62180907 -0.14896398  0.49602705]\n [-0.03620152 -1.41077667  0.41456576 -0.14896398  7.92701536  5.32842336]\n [ 0.40545162 -0.89195065 -0.18410642  0.49602705  5.32842336  8.0082532 ]]", "nfev": "133", "njev": "19", "status": "0", "success": "True", "message": "Optimization terminated successfully.", "x": "[4.55247564 3.75136583 0.14878708 2.44597836 0.80851787 2.44309741]", "nit": "17", "callback": [0.40723494712964314, 0.364949091399998, 0.3004723118027225, 0.27611144082397043, 0.272829234830278, 0.26752714250130516, 0.2640151682028937, 0.2635298865591216, 0.26273983688515756, 0.2621287224554705, 0.2620459227771592, 0.2619670111535375, 0.2619658106006505, 0.26196560977035654, 0.26196550001714725, 0.2619654789229928, 0.26196547774574586]}, "2": {"maxiter": 100, "gtol": 1e-05, "xrtol": 1e-10, "eps": 1e-05, "duration": 0.04364919662475586, "fun": "0.2619654777562703", "jac": "[-2.69148037e-06  6.67010891e-07  1.49387169e-06  2.61590749e-07\n -7.42139683e-07  1.47354351e-06]", "hess_inv": "[[ 3.23138323  0.18327786  0.57511098  0.00869761 -0.02892963  0.37118962]\n [ 0.18327786  3.9091281   0.91678835  1.07155927 -1.4129134  -0.86297378]\n [ 0.57511098  0.91678835  3.72348953 -0.38301254  0.41849043 -0.15099602]\n [ 0.00869761  1.07155927 -0.38301254  3.5948998  -0.12192218  0.5562442 ]\n [-0.02892963 -1.4129134   0.41849043 -0.12192218  7.93104635  5.34073078]\n [ 0.37118962 -0.86297378 -0.15099602  0.5562442   5.34073078  8.01131602]]", "nfev": "133", "njev": "19", "status": "0", "success": "True", "message": "Optimization terminated successfully.", "x": "[4.55247494 3.7513602  0.14878155 2.44596811 0.80849958 2.44308157]", "nit": "17", "callback": [0.40723531051802764, 0.36495004819378096, 0.30047358110788336, 0.27611167935039815, 0.2728293087128377, 0.2675269463751615, 0.26401462257638875, 0.2635294162550803, 0.2627396427343497, 0.26212855618663566, 0.2620458643856953, 0.2619670005885767, 0.26196581100405725, 0.261965608077973, 0.2619654993090603, 0.26196547884938204, 0.2619654777562703]}, "3": {"maxiter": 100, "gtol": 1e-05, "xrtol": 1e-10, "eps": 1e-10, "duration": 0.04385781288146973, "fun": "0.26196547774574586", "jac": "[-7.77156053e-06 -1.11022293e-06 -1.11022293e-06  0.00000000e+00\n -2.22044587e-06 -2.22044587e-06]", "hess_inv": "[[ 3.26667857  0.140609    0.56892399 -0.04543888 -0.03620152  0.40545162]\n [ 0.140609    3.94358607  0.92107584  1.10686336 -1.41077667 -0.89195065]\n [ 0.56892399  0.92107584  3.69238676 -0.38909978  0.41456576 -0.18410642]\n [-0.04543888  1.10686336 -0.38909978  3.62180907 -0.14896398  0.49602705]\n [-0.03620152 -1.41077667  0.41456576 -0.14896398  7.92701536  5.32842336]\n [ 0.40545162 -0.89195065 -0.18410642  0.49602705  5.32842336  8.0082532 ]]", "nfev": "133", "njev": "19", "status": "0", "success": "True", "message": "Optimization terminated successfully.", "x": "[4.55247564 3.75136583 0.14878708 2.44597836 0.80851787 2.44309741]", "nit": "17", "callback": [0.40723494712964314, 0.364949091399998, 0.3004723118027225, 0.27611144082397043, 0.272829234830278, 0.26752714250130516, 0.2640151682028937, 0.2635298865591216, 0.26273983688515756, 0.2621287224554705, 0.2620459227771592, 0.2619670111535375, 0.2619658106006505, 0.26196560977035654, 0.26196550001714725, 0.2619654789229928, 0.26196547774574586]}, "4": {"maxiter": 100, "gtol": 1e-10, "xrtol": 1e-05, "eps": 1e-05, "duration": 0.048311710357666016, "fun": "0.26196547775153944", "jac": "[-2.07289741e-07  7.69051489e-08  2.91655589e-08  4.86721774e-08\n  1.16906484e-08 -3.59823282e-08]", "hess_inv": "[[ 3.29214905  0.16921583  0.40221     0.03794032 -0.14387925  0.07343111]\n [ 0.16921583  3.90704962  1.00295785  1.04951274 -1.35296422 -0.71263092]\n [ 0.40221     1.00295785  3.81592444 -0.33396409  0.45690928 -0.00866788]\n [ 0.03794032  1.04951274 -0.33396409  3.56519296 -0.08168835  0.64629226]\n [-0.14387925 -1.35296422  0.45690928 -0.08168835  7.93994624  5.39471421]\n [ 0.07343111 -0.71263092 -0.00866788  0.64629226  5.39471421  8.22668265]]", "nfev": "140", "njev": "20", "status": "0", "success": "True", "message": "Optimization terminated successfully.", "x": "[4.55248286 3.75135633 0.1487767  2.44596607 0.80849738 2.44307397]", "nit": "18", "callback": [0.40723531051802764, 0.36495004819378096, 0.30047358110788336, 0.27611167935039815, 0.2728293087128377, 0.2675269463751615, 0.26401462257638875, 0.2635294162550803, 0.2627396427343497, 0.26212855618663566, 0.2620458643856953, 0.2619670005885767, 0.26196581100405725, 0.261965608077973, 0.2619654993090603, 0.26196547884938204, 0.2619654777562703, 0.26196547775153944]}, "5": {"maxiter": 100, "gtol": 1e-10, "xrtol": 1e-05, "eps": 1e-10, "duration": 0.04845380783081055, "fun": "0.2619654777350853", "jac": "[0.00000000e+00 2.22044587e-06 1.11022293e-06 3.33066880e-06\n 2.22044587e-06 3.33066880e-06]", "hess_inv": "[[ 3.37143921e+00  2.03018738e-01  8.10679157e-02  1.90868411e-01\n  -3.33458063e-01 -5.26245488e-01]\n [ 2.03018738e-01  3.95229741e+00  8.93348159e-01  1.13207718e+00\n  -1.38522639e+00 -9.20956890e-01]\n [ 8.10679157e-02  8.93348159e-01  3.53632778e+00 -4.22325115e-01\n  -7.25034564e-02 -7.03299721e-01]\n [ 1.90868411e-01  1.13207718e+00 -4.22325115e-01  3.68573439e+00\n   3.09058649e-03  5.29785094e-01]\n [-3.33458063e-01 -1.38522639e+00 -7.25034564e-02  3.09058649e-03\n   7.32811613e+00  4.22777188e+00]\n [-5.26245488e-01 -9.20956890e-01 -7.03299721e-01  5.29785094e-01\n   4.22777188e+00  6.57420693e+00]]", "nfev": "147", "njev": "21", "status": "0", "success": "True", "message": "Optimization terminated successfully.", "x": "[4.55248281 3.75136637 0.1487882  2.44597937 0.80852412 2.44310269]", "nit": "18", "callback": [0.40723494712964314, 0.364949091399998, 0.3004723118027225, 0.27611144082397043, 0.272829234830278, 0.26752714250130516, 0.2640151682028937, 0.2635298865591216, 0.26273983688515756, 0.2621287224554705, 0.2620459227771592, 0.2619670111535375, 0.2619658106006505, 0.26196560977035654, 0.26196550001714725, 0.2619654789229928, 0.26196547774574586, 0.2619654777350853]}, "6": {"maxiter": 100, "gtol": 1e-10, "xrtol": 1e-10, "eps": 1e-05, "duration": 0.05171608924865723, "fun": "0.26196547775101964", "jac": "[ 8.88178420e-11 -2.22044605e-11  3.33066907e-11  4.44089210e-11\n -4.44089210e-11  7.77156117e-11]", "hess_inv": "[[ 3.47908665  0.02467136  0.34878454 -0.08070943  0.01074341  0.23653399]\n [ 0.02467136  3.99848166  1.11973061  1.06020413 -1.50506461 -0.96748583]\n [ 0.34878454  1.11973061  3.68073135 -0.11283811  0.31507872 -0.07278362]\n [-0.08070943  1.06020413 -0.11283811  3.40322178 -0.15726444  0.36406101]\n [ 0.01074341 -1.50506461  0.31507872 -0.15726444  8.27239471  5.87463321]\n [ 0.23653399 -0.96748583 -0.07278362  0.36406101  5.87463321  8.72479658]]", "nfev": "161", "njev": "23", "status": "0", "success": "True", "message": "Optimization terminated successfully.", "x": "[4.55248358 3.75135593 0.1487766  2.44596581 0.80849758 2.44307426]", "nit": "21", "callback": [0.40723531051802764, 0.36495004819378096, 0.30047358110788336, 0.27611167935039815, 0.2728293087128377, 0.2675269463751615, 0.26401462257638875, 0.2635294162550803, 0.2627396427343497, 0.26212855618663566, 0.2620458643856953, 0.2619670005885767, 0.26196581100405725, 0.261965608077973, 0.2619654993090603, 0.26196547884938204, 0.2619654777562703, 0.26196547775153944, 0.2619654777510465, 0.26196547775102763, 0.26196547775101964]}, "7": {"maxiter": 100, "gtol": 1e-10, "xrtol": 1e-10, "eps": 1e-10, "duration": 0.07354879379272461, "fun": "0.26196547771695544", "jac": "[ 0.00000000e+00  1.11022293e-06  0.00000000e+00  3.33066880e-06\n  1.11022293e-06 -1.11022293e-06]", "hess_inv": "[[ 52.09742623  21.08133976  -7.21287361  -8.92952999 -61.76186348\n  -40.90568853]\n [ 21.08133976  11.84987467  -2.08530639  -3.79532922 -27.08330997\n  -18.42201749]\n [ -7.21287361  -2.08530639   4.21948106   0.18673405   8.28556805\n    5.27119524]\n [ -8.92952999  -3.79532922   0.18673405   2.28565302  10.36278832\n    7.41223887]\n [-61.76186348 -27.08330997   8.28556805  10.36278832  75.11550923\n   49.57263481]\n [-40.90568853 -18.42201749   5.27119524   7.41223887  49.57263481\n   34.31878035]]", "nfev": "224", "njev": "32", "status": "0", "success": "True", "message": "Optimization terminated successfully.", "x": "[4.5524932  3.75136628 0.14878764 2.44597375 0.80851738 2.44309459]", "nit": "22", "callback": [0.40723494712964314, 0.364949091399998, 0.3004723118027225, 0.27611144082397043, 0.272829234830278, 0.26752714250130516, 0.2640151682028937, 0.2635298865591216, 0.26273983688515756, 0.2621287224554705, 0.2620459227771592, 0.2619670111535375, 0.2619658106006505, 0.26196560977035654, 0.26196550001714725, 0.2619654789229928, 0.26196547774574586, 0.2619654777350853, 0.261965477724037, 0.26196547771780077, 0.26196547771695555, 0.26196547771695544]}, "8": {"maxiter": 500, "gtol": 1e-05, "xrtol": 1e-05, "eps": 1e-05, "duration": 0.04791522026062012, "fun": "0.2619654777562703", "jac": "[-2.69148037e-06  6.67010891e-07  1.49387169e-06  2.61590749e-07\n -7.42139683e-07  1.47354351e-06]", "hess_inv": "[[ 3.23138323  0.18327786  0.57511098  0.00869761 -0.02892963  0.37118962]\n [ 0.18327786  3.9091281   0.91678835  1.07155927 -1.4129134  -0.86297378]\n [ 0.57511098  0.91678835  3.72348953 -0.38301254  0.41849043 -0.15099602]\n [ 0.00869761  1.07155927 -0.38301254  3.5948998  -0.12192218  0.5562442 ]\n [-0.02892963 -1.4129134   0.41849043 -0.12192218  7.93104635  5.34073078]\n [ 0.37118962 -0.86297378 -0.15099602  0.5562442   5.34073078  8.01131602]]", "nfev": "133", "njev": "19", "status": "0", "success": "True", "message": "Optimization terminated successfully.", "x": "[4.55247494 3.7513602  0.14878155 2.44596811 0.80849958 2.44308157]", "nit": "17", "callback": [0.40723531051802764, 0.36495004819378096, 0.30047358110788336, 0.27611167935039815, 0.2728293087128377, 0.2675269463751615, 0.26401462257638875, 0.2635294162550803, 0.2627396427343497, 0.26212855618663566, 0.2620458643856953, 0.2619670005885767, 0.26196581100405725, 0.261965608077973, 0.2619654993090603, 0.26196547884938204, 0.2619654777562703]}, "9": {"maxiter": 500, "gtol": 1e-05, "xrtol": 1e-05, "eps": 1e-10, "duration": 0.04502725601196289, "fun": "0.26196547774574586", "jac": "[-7.77156053e-06 -1.11022293e-06 -1.11022293e-06  0.00000000e+00\n -2.22044587e-06 -2.22044587e-06]", "hess_inv": "[[ 3.26667857  0.140609    0.56892399 -0.04543888 -0.03620152  0.40545162]\n [ 0.140609    3.94358607  0.92107584  1.10686336 -1.41077667 -0.89195065]\n [ 0.56892399  0.92107584  3.69238676 -0.38909978  0.41456576 -0.18410642]\n [-0.04543888  1.10686336 -0.38909978  3.62180907 -0.14896398  0.49602705]\n [-0.03620152 -1.41077667  0.41456576 -0.14896398  7.92701536  5.32842336]\n [ 0.40545162 -0.89195065 -0.18410642  0.49602705  5.32842336  8.0082532 ]]", "nfev": "133", "njev": "19", "status": "0", "success": "True", "message": "Optimization terminated successfully.", "x": "[4.55247564 3.75136583 0.14878708 2.44597836 0.80851787 2.44309741]", "nit": "17", "callback": [0.40723494712964314, 0.364949091399998, 0.3004723118027225, 0.27611144082397043, 0.272829234830278, 0.26752714250130516, 0.2640151682028937, 0.2635298865591216, 0.26273983688515756, 0.2621287224554705, 0.2620459227771592, 0.2619670111535375, 0.2619658106006505, 0.26196560977035654, 0.26196550001714725, 0.2619654789229928, 0.26196547774574586]}, "10": {"maxiter": 500, "gtol": 1e-05, "xrtol": 1e-10, "eps": 1e-05, "duration": 0.04815101623535156, "fun": "0.2619654777562703", "jac": "[-2.69148037e-06  6.67010891e-07  1.49387169e-06  2.61590749e-07\n -7.42139683e-07  1.47354351e-06]", "hess_inv": "[[ 3.23138323  0.18327786  0.57511098  0.00869761 -0.02892963  0.37118962]\n [ 0.18327786  3.9091281   0.91678835  1.07155927 -1.4129134  -0.86297378]\n [ 0.57511098  0.91678835  3.72348953 -0.38301254  0.41849043 -0.15099602]\n [ 0.00869761  1.07155927 -0.38301254  3.5948998  -0.12192218  0.5562442 ]\n [-0.02892963 -1.4129134   0.41849043 -0.12192218  7.93104635  5.34073078]\n [ 0.37118962 -0.86297378 -0.15099602  0.5562442   5.34073078  8.01131602]]", "nfev": "133", "njev": "19", "status": "0", "success": "True", "message": "Optimization terminated successfully.", "x": "[4.55247494 3.7513602  0.14878155 2.44596811 0.80849958 2.44308157]", "nit": "17", "callback": [0.40723531051802764, 0.36495004819378096, 0.30047358110788336, 0.27611167935039815, 0.2728293087128377, 0.2675269463751615, 0.26401462257638875, 0.2635294162550803, 0.2627396427343497, 0.26212855618663566, 0.2620458643856953, 0.2619670005885767, 0.26196581100405725, 0.261965608077973, 0.2619654993090603, 0.26196547884938204, 0.2619654777562703]}, "11": {"maxiter": 500, "gtol": 1e-05, "xrtol": 1e-10, "eps": 1e-10, "duration": 0.05274486541748047, "fun": "0.26196547774574586", "jac": "[-7.77156053e-06 -1.11022293e-06 -1.11022293e-06  0.00000000e+00\n -2.22044587e-06 -2.22044587e-06]", "hess_inv": "[[ 3.26667857  0.140609    0.56892399 -0.04543888 -0.03620152  0.40545162]\n [ 0.140609    3.94358607  0.92107584  1.10686336 -1.41077667 -0.89195065]\n [ 0.56892399  0.92107584  3.69238676 -0.38909978  0.41456576 -0.18410642]\n [-0.04543888  1.10686336 -0.38909978  3.62180907 -0.14896398  0.49602705]\n [-0.03620152 -1.41077667  0.41456576 -0.14896398  7.92701536  5.32842336]\n [ 0.40545162 -0.89195065 -0.18410642  0.49602705  5.32842336  8.0082532 ]]", "nfev": "133", "njev": "19", "status": "0", "success": "True", "message": "Optimization terminated successfully.", "x": "[4.55247564 3.75136583 0.14878708 2.44597836 0.80851787 2.44309741]", "nit": "17", "callback": [0.40723494712964314, 0.364949091399998, 0.3004723118027225, 0.27611144082397043, 0.272829234830278, 0.26752714250130516, 0.2640151682028937, 0.2635298865591216, 0.26273983688515756, 0.2621287224554705, 0.2620459227771592, 0.2619670111535375, 0.2619658106006505, 0.26196560977035654, 0.26196550001714725, 0.2619654789229928, 0.26196547774574586]}, "12": {"maxiter": 500, "gtol": 1e-10, "xrtol": 1e-05, "eps": 1e-05, "duration": 0.05894613265991211, "fun": "0.26196547775153944", "jac": "[-2.07289741e-07  7.69051489e-08  2.91655589e-08  4.86721774e-08\n  1.16906484e-08 -3.59823282e-08]", "hess_inv": "[[ 3.29214905  0.16921583  0.40221     0.03794032 -0.14387925  0.07343111]\n [ 0.16921583  3.90704962  1.00295785  1.04951274 -1.35296422 -0.71263092]\n [ 0.40221     1.00295785  3.81592444 -0.33396409  0.45690928 -0.00866788]\n [ 0.03794032  1.04951274 -0.33396409  3.56519296 -0.08168835  0.64629226]\n [-0.14387925 -1.35296422  0.45690928 -0.08168835  7.93994624  5.39471421]\n [ 0.07343111 -0.71263092 -0.00866788  0.64629226  5.39471421  8.22668265]]", "nfev": "140", "njev": "20", "status": "0", "success": "True", "message": "Optimization terminated successfully.", "x": "[4.55248286 3.75135633 0.1487767  2.44596607 0.80849738 2.44307397]", "nit": "18", "callback": [0.40723531051802764, 0.36495004819378096, 0.30047358110788336, 0.27611167935039815, 0.2728293087128377, 0.2675269463751615, 0.26401462257638875, 0.2635294162550803, 0.2627396427343497, 0.26212855618663566, 0.2620458643856953, 0.2619670005885767, 0.26196581100405725, 0.261965608077973, 0.2619654993090603, 0.26196547884938204, 0.2619654777562703, 0.26196547775153944]}, "13": {"maxiter": 500, "gtol": 1e-10, "xrtol": 1e-05, "eps": 1e-10, "duration": 0.05734896659851074, "fun": "0.2619654777350853", "jac": "[0.00000000e+00 2.22044587e-06 1.11022293e-06 3.33066880e-06\n 2.22044587e-06 3.33066880e-06]", "hess_inv": "[[ 3.37143921e+00  2.03018738e-01  8.10679157e-02  1.90868411e-01\n  -3.33458063e-01 -5.26245488e-01]\n [ 2.03018738e-01  3.95229741e+00  8.93348159e-01  1.13207718e+00\n  -1.38522639e+00 -9.20956890e-01]\n [ 8.10679157e-02  8.93348159e-01  3.53632778e+00 -4.22325115e-01\n  -7.25034564e-02 -7.03299721e-01]\n [ 1.90868411e-01  1.13207718e+00 -4.22325115e-01  3.68573439e+00\n   3.09058649e-03  5.29785094e-01]\n [-3.33458063e-01 -1.38522639e+00 -7.2503456