{"date": "2024/09/24/, 21:38:55", "conf_id": 56, "data_type": "random\n", "num_data_points": 3, "s_rank": 0, "unitary": "[[-0.56303964-0.00798273j,-0.21670212-0.15784972j,-0.06047197-0.73952673j,-0.01438004+0.24552571j],[-0.06976756+0.23474685j,-0.01275565-0.5435098j,-0.02703657-0.08917885j,-0.08210486-0.79311774j],[-0.38559961+0.10714929j,0.5933431-0.2687392j,-0.24060861+0.29149289j,-0.45147719+0.26241743j],[-0.50180421+0.45931857j,-0.11617175+0.44134496j,0.49642745+0.22684508j,-0.08544628-0.15407063j]]", "databatch_0": {"databatch": "[[[-0.17404373-0.05987328j,-0.06411884-0.36704959j,-0.10121119-0.11167153j,0.13083349-0.00503629j],[-0.07848742+0.31946114j,0.26091836-0.00288692j,-0.16926327-0.06415303j,-0.09867595+0.03530992j],[0.26577228-0.07750725j,-0.00627858+0.04070133j,-0.2214079-0.36956405j,-0.08676284-0.15833075j],[-0.03411061+0.04987368j,-0.01126868+0.18943943j,-0.12031965-0.02544955j,0.44246658+0.1424022j]],[[0.0416817+0.07586517j,-0.06787661+0.05090429j,-0.00592237+0.23482285j,-0.09154349+0.12188143j],[-0.00711249-0.06432401j,0.08558927+0.0853541j,0.172264-0.21847054j,-0.30120245-0.05377183j],[-0.31956607+0.01740537j,0.1383748+0.14587547j,0.287801-0.2256396j,0.24992719-0.05295563j],[0.18972958-0.24782835j,0.03227477+0.17479737j,-0.2164405-0.18749749j,-0.32209209+0.24588329j]],[[-0.00248265+0.09714756j,-0.07677157+0.00157974j,-0.1446043+0.00721388j,0.28435241-0.0783926j],[0.04522746+0.03569434j,0.00610327+0.12318276j,-0.01143812-0.02075383j,-0.02288979+0.2378537j],[0.16207902-0.1022666j,0.14977031-0.11539596j,0.19878122+0.07340784j,-0.13304776+0.14385579j],[-0.24321951+0.06267478j,-0.0508567+0.53141373j,-0.04491791+0.1488163j,0.19314906-0.48496324j]]]", "initial param values": "[3.71371331,2.98122142,4.30871615,0.46476687,3.01966936,2.28090491]", "nelder_mead": {"type": "gradient-free", "0": {"maxiter": 100, "fatol": 1e-05, "xatol": 1e-05, "duration": 0.03961014747619629, "fun": "0.6286751797754204", "nit": "100", "nfev": "158", "status": "2", "success": "False", "message": "Maximum number of iterations has been exceeded.", "x": "[ 3.09519132  6.49837505  6.55955835  0.63852591  5.81260971 -1.06929694]", "final_simplex": "(array([[ 3.09519132,  6.49837505,  6.55955835,  0.63852591,  5.81260971,\n        -1.06929694],\n       [ 3.10257541,  6.14473385,  6.1074967 ,  0.60676754,  5.54706258,\n        -0.77730554],\n       [ 2.95807022,  5.93283514,  5.79562811,  0.644152  ,  5.23325893,\n        -0.4966582 ],\n       [ 3.12901789,  6.06164999,  5.7964915 ,  0.60935605,  5.35237168,\n        -0.76849944],\n       [ 3.1751878 ,  5.93144729,  5.83522196,  0.61673988,  5.29091602,\n        -0.51023898],\n       [ 2.99815185,  5.50926767,  5.49705287,  0.6179161 ,  4.79424778,\n        -0.14160035],\n       [ 2.97639277,  5.16590143,  5.09633312,  0.60698694,  4.38322619,\n         0.28431579]]), array([0.62867518, 0.63393573, 0.63458305, 0.64565182, 0.64773349,\n       0.65762637, 0.67215437]))", "callback": [0.7692900892354633, 0.7323332015544328, 0.7023644723882068, 0.7022521634817089, 0.6999619592425605, 0.6991676796779475, 0.6988500698477176, 0.6982837940252173, 0.6951565225440455, 0.6721543709502686]}, "1": {"maxiter": 100, "fatol": 1e-05, "xatol": 1e-10, "duration": 0.03661298751831055, "fun": "0.6286751797754204", "nit": "100", "nfev": "158", "status": "2", "success": "False", "message": "Maximum number of iterations has been exceeded.", "x": "[ 3.09519132  6.49837505  6.55955835  0.63852591  5.81260971 -1.06929694]", "final_simplex": "(array([[ 3.09519132,  6.49837505,  6.55955835,  0.63852591,  5.81260971,\n        -1.06929694],\n       [ 3.10257541,  6.14473385,  6.1074967 ,  0.60676754,  5.54706258,\n        -0.77730554],\n       [ 2.95807022,  5.93283514,  5.79562811,  0.644152  ,  5.23325893,\n        -0.4966582 ],\n       [ 3.12901789,  6.06164999,  5.7964915 ,  0.60935605,  5.35237168,\n        -0.76849944],\n       [ 3.1751878 ,  5.93144729,  5.83522196,  0.61673988,  5.29091602,\n        -0.51023898],\n       [ 2.99815185,  5.50926767,  5.49705287,  0.6179161 ,  4.79424778,\n        -0.14160035],\n       [ 2.97639277,  5.16590143,  5.09633312,  0.60698694,  4.38322619,\n         0.28431579]]), array([0.62867518, 0.63393573, 0.63458305, 0.64565182, 0.64773349,\n       0.65762637, 0.67215437]))", "callback": [0.7692900892354633, 0.7323332015544328, 0.7023644723882068, 0.7022521634817089, 0.6999619592425605, 0.6991676796779475, 0.6988500698477176, 0.6982837940252173, 0.6951565225440455, 0.6721543709502686]}, "2": {"maxiter": 100, "fatol": 1e-10, "xatol": 1e-05, "duration": 0.0765538215637207, "fun": "0.6286751797754204", "nit": "100", "nfev": "158", "status": "2", "success": "False", "message": "Maximum number of iterations has been exceeded.", "x": "[ 3.09519132  6.49837505  6.55955835  0.63852591  5.81260971 -1.06929694]", "final_simplex": "(array([[ 3.09519132,  6.49837505,  6.55955835,  0.63852591,  5.81260971,\n        -1.06929694],\n       [ 3.10257541,  6.14473385,  6.1074967 ,  0.60676754,  5.54706258,\n        -0.77730554],\n       [ 2.95807022,  5.93283514,  5.79562811,  0.644152  ,  5.23325893,\n        -0.4966582 ],\n       [ 3.12901789,  6.06164999,  5.7964915 ,  0.60935605,  5.35237168,\n        -0.76849944],\n       [ 3.1751878 ,  5.93144729,  5.83522196,  0.61673988,  5.29091602,\n        -0.51023898],\n       [ 2.99815185,  5.50926767,  5.49705287,  0.6179161 ,  4.79424778,\n        -0.14160035],\n       [ 2.97639277,  5.16590143,  5.09633312,  0.60698694,  4.38322619,\n         0.28431579]]), array([0.62867518, 0.63393573, 0.63458305, 0.64565182, 0.64773349,\n       0.65762637, 0.67215437]))", "callback": [0.7692900892354633, 0.7323332015544328, 0.7023644723882068, 0.7022521634817089, 0.6999619592425605, 0.6991676796779475, 0.6988500698477176, 0.6982837940252173, 0.6951565225440455, 0.6721543709502686]}, "3": {"maxiter": 100, "fatol": 1e-10, "xatol": 1e-10, "duration": 0.04343867301940918, "fun": "0.6286751797754204", "nit": "100", "nfev": "158", "status": "2", "success": "False", "message": "Maximum number of iterations has been exceeded.", "x": "[ 3.09519132  6.49837505  6.55955835  0.63852591  5.81260971 -1.06929694]", "final_simplex": "(array([[ 3.09519132,  6.49837505,  6.55955835,  0.63852591,  5.81260971,\n        -1.06929694],\n       [ 3.10257541,  6.14473385,  6.1074967 ,  0.60676754,  5.54706258,\n        -0.77730554],\n       [ 2.95807022,  5.93283514,  5.79562811,  0.644152  ,  5.23325893,\n        -0.4966582 ],\n       [ 3.12901789,  6.06164999,  5.7964915 ,  0.60935605,  5.35237168,\n        -0.76849944],\n       [ 3.1751878 ,  5.93144729,  5.83522196,  0.61673988,  5.29091602,\n        -0.51023898],\n       [ 2.99815185,  5.50926767,  5.49705287,  0.6179161 ,  4.79424778,\n        -0.14160035],\n       [ 2.97639277,  5.16590143,  5.09633312,  0.60698694,  4.38322619,\n         0.28431579]]), array([0.62867518, 0.63393573, 0.63458305, 0.64565182, 0.64773349,\n       0.65762637, 0.67215437]))", "callback": [0.7692900892354633, 0.7323332015544328, 0.7023644723882068, 0.7022521634817089, 0.6999619592425605, 0.6991676796779475, 0.6988500698477176, 0.6982837940252173, 0.6951565225440455, 0.6721543709502686]}, "4": {"maxiter": 500, "fatol": 1e-05, "xatol": 1e-05, "duration": 0.18975615501403809, "fun": "0.38374515811689947", "nit": "495", "nfev": "770", "status": "0", "success": "True", "message": "Optimization terminated successfully.", "x": "[ 1.58695427  6.23262971  6.58493964  2.08925231  6.74362317 -0.97195249]", "final_simplex": "(array([[ 1.58695427,  6.23262971,  6.58493964,  2.08925231,  6.74362317,\n        -0.97195249],\n       [ 1.58695395,  6.23262412,  6.58493381,  2.0892496 ,  6.74362387,\n        -0.97194715],\n       [ 1.58695407,  6.2326227 ,  6.5849362 ,  2.08925452,  6.74362185,\n        -0.971945  ],\n       [ 1.58695684,  6.23262162,  6.58493704,  2.08925245,  6.74362124,\n        -0.97195106],\n       [ 1.5869604 ,  6.23262448,  6.584939  ,  2.08925933,  6.74362505,\n        -0.97194527],\n       [ 1.58696361,  6.23262504,  6.58493206,  2.08925684,  6.7436188 ,\n        -0.97194817],\n       [ 1.58695413,  6.23262477,  6.58493373,  2.08925902,  6.74362179,\n        -0.97194867]]), array([0.38374516, 0.38374516, 0.38374516, 0.38374516, 0.38374516,\n       0.38374516, 0.38374516]))", "callback": [0.7692900892354633, 0.7323332015544328, 0.7023644723882068, 0.7022521634817089, 0.6999619592425605, 0.6991676796779475, 0.6988500698477176, 0.6982837940252173, 0.6951565225440455, 0.6721543709502686, 0.6286751797754204, 0.591352696689077, 0.5699477140140345, 0.5500442058265091, 0.5378479945137675, 0.5368880347269676, 0.535146782156185, 0.5335608783713286, 0.5326529021058739, 0.528044693546958, 0.5214945548459562, 0.5150843776790925, 0.5131658370297383, 0.5123287209179883, 0.5106154148780382, 0.5024328267658498, 0.4824340656006295, 0.45631600487115964, 0.4034201690398064, 0.3875652958280873, 0.3850852723285624, 0.38440854547954306, 0.3839540900292141, 0.3838145548165325, 0.3837585420023534, 0.38375464808077275, 0.3837496087723369, 0.383747563785772, 0.38374578162150375, 0.3837454710119709, 0.38374524151607436, 0.38374518528536805, 0.38374517148881016, 0.38374516260421376, 0.38374515969083256, 0.38374515969083256, 0.3837451584203949, 0.38374515818323895, 0.38374515815783405, 0.38374515811789633]}, "5": {"maxiter": 500, "fatol": 1e-05, "xatol": 1e-10, "duration": 0.1814582347869873, "fun": "0.3837451581123228", "nit": "500", "nfev": "778", "status": "2", "success": "False", "message": "Maximum number of iterations has been exceeded.", "x": "[ 1.58696025  6.23262445  6.58493886  2.08924933  6.74362288 -0.97194771]", "final_simplex": "(array([[ 1.58696025,  6.23262445,  6.58493886,  2.08924933,  6.74362288,\n        -0.97194771],\n       [ 1.58696059,  6.23262931,  6.58493765,  2.08925044,  6.74362439,\n        -0.97195073],\n       [ 1.58695849,  6.23262452,  6.58493786,  2.08925576,  6.74362369,\n        -0.97194693],\n       [ 1.58696012,  6.23262478,  6.58493474,  2.08925488,  6.74362091,\n        -0.97194814],\n       [ 1.58695688,  6.23262847,  6.58493666,  2.08925302,  6.74362422,\n        -0.97194475],\n       [ 1.58695427,  6.23262971,  6.58493964,  2.08925231,  6.74362317,\n        -0.97195249],\n       [ 1.58695395,  6.23262412,  6.58493381,  2.0892496 ,  6.74362387,\n        -0.97194715]]), array([0.38374516, 0.38374516, 0.38374516, 0.38374516, 0.38374516,\n       0.38374516, 0.38374516]))", "callback": [0.7692900892354633, 0.7323332015544328, 0.7023644723882068, 0.7022521634817089, 0.6999619592425605, 0.6991676796779475, 0.6988500698477176, 0.6982837940252173, 0.6951565225440455, 0.6721543709502686, 0.6286751797754204, 0.591352696689077, 0.5699477140140345, 0.5500442058265091, 0.5378479945137675, 0.5368880347269676, 0.535146782156185, 0.5335608783713286, 0.5326529021058739, 0.528044693546958, 0.5214945548459562, 0.5150843776790925, 0.5131658370297383, 0.5123287209179883, 0.5106154148780382, 0.5024328267658498, 0.4824340656006295, 0.45631600487115964, 0.4034201690398064, 0.3875652958280873, 0.3850852723285624, 0.38440854547954306, 0.3839540900292141, 0.3838145548165325, 0.3837585420023534, 0.38375464808077275, 0.3837496087723369, 0.383747563785772, 0.38374578162150375, 0.3837454710119709, 0.38374524151607436, 0.38374518528536805, 0.38374517148881016, 0.38374516260421376, 0.38374515969083256, 0.38374515969083256, 0.3837451584203949, 0.38374515818323895, 0.38374515815783405, 0.38374515811789633]}, "6": {"maxiter": 500, "fatol": 1e-10, "xatol": 1e-05, "duration": 0.1926882266998291, "fun": "0.38374515811689947", "nit": "495", "nfev": "770", "status": "0", "success": "True", "message": "Optimization terminated successfully.", "x": "[ 1.58695427  6.23262971  6.58493964  2.08925231  6.74362317 -0.97195249]", "final_simplex": "(array([[ 1.58695427,  6.23262971,  6.58493964,  2.08925231,  6.74362317,\n        -0.97195249],\n       [ 1.58695395,  6.23262412,  6.58493381,  2.0892496 ,  6.74362387,\n        -0.97194715],\n       [ 1.58695407,  6.2326227 ,  6.5849362 ,  2.08925452,  6.74362185,\n        -0.971945  ],\n       [ 1.58695684,  6.23262162,  6.58493704,  2.08925245,  6.74362124,\n        -0.97195106],\n       [ 1.5869604 ,  6.23262448,  6.584939  ,  2.08925933,  6.74362505,\n        -0.97194527],\n       [ 1.58696361,  6.23262504,  6.58493206,  2.08925684,  6.7436188 ,\n        -0.97194817],\n       [ 1.58695413,  6.23262477,  6.58493373,  2.08925902,  6.74362179,\n        -0.97194867]]), array([0.38374516, 0.38374516, 0.38374516, 0.38374516, 0.38374516,\n       0.38374516, 0.38374516]))", "callback": [0.7692900892354633, 0.7323332015544328, 0.7023644723882068, 0.7022521634817089, 0.6999619592425605, 0.6991676796779475, 0.6988500698477176, 0.6982837940252173, 0.6951565225440455, 0.6721543709502686, 0.6286751797754204, 0.591352696689077, 0.5699477140140345, 0.5500442058265091, 0.5378479945137675, 0.5368880347269676, 0.535146782156185, 0.5335608783713286, 0.5326529021058739, 0.528044693546958, 0.5214945548459562, 0.5150843776790925, 0.5131658370297383, 0.5123287209179883, 0.5106154148780382, 0.5024328267658498, 0.4824340656006295, 0.45631600487115964, 0.4034201690398064, 0.3875652958280873, 0.3850852723285624, 0.38440854547954306, 0.3839540900292141, 0.3838145548165325, 0.3837585420023534, 0.38375464808077275, 0.3837496087723369, 0.383747563785772, 0.38374578162150375, 0.3837454710119709, 0.38374524151607436, 0.38374518528536805, 0.38374517148881016, 0.38374516260421376, 0.38374515969083256, 0.38374515969083256, 0.3837451584203949, 0.38374515818323895, 0.38374515815783405, 0.38374515811789633]}, "7": {"maxiter": 500, "fatol": 1e-10, "xatol": 1e-10, "duration": 0.17796897888183594, "fun": "0.3837451581123228", "nit": "500", "nfev": "778", "status": "2", "success": "False", "message": "Maximum number of iterations has been exceeded.", "x": "[ 1.58696025  6.23262445  6.58493886  2.08924933  6.74362288 -0.97194771]", "final_simplex": "(array([[ 1.58696025,  6.23262445,  6.58493886,  2.08924933,  6.74362288,\n        -0.97194771],\n       [ 1.58696059,  6.23262931,  6.58493765,  2.08925044,  6.74362439,\n        -0.97195073],\n       [ 1.58695849,  6.23262452,  6.58493786,  2.08925576,  6.74362369,\n        -0.97194693],\n       [ 1.58696012,  6.23262478,  6.58493474,  2.08925488,  6.74362091,\n        -0.97194814],\n       [ 1.58695688,  6.23262847,  6.58493666,  2.08925302,  6.74362422,\n        -0.97194475],\n       [ 1.58695427,  6.23262971,  6.58493964,  2.08925231,  6.74362317,\n        -0.97195249],\n       [ 1.58695395,  6.23262412,  6.58493381,  2.0892496 ,  6.74362387,\n        -0.97194715]]), array([0.38374516, 0.38374516, 0.38374516, 0.38374516, 0.38374516,\n       0.38374516, 0.38374516]))", "callback": [0.7692900892354633, 0.7323332015544328, 0.7023644723882068, 0.7022521634817089, 0.6999619592425605, 0.6991676796779475, 0.6988500698477176, 0.6982837940252173, 0.6951565225440455, 0.6721543709502686, 0.6286751797754204, 0.591352696689077, 0.5699477140140345, 0.5500442058265091, 0.5378479945137675, 0.5368880347269676, 0.535146782156185, 0.5335608783713286, 0.5326529021058739, 0.528044693546958, 0.5214945548459562, 0.5150843776790925, 0.5131658370297383, 0.5123287209179883, 0.5106154148780382, 0.5024328267658498, 0.4824340656006295, 0.45631600487115964, 0.4034201690398064, 0.3875652958280873, 0.3850852723285624, 0.38440854547954306, 0.3839540900292141, 0.3838145548165325, 0.3837585420023534, 0.38375464808077275, 0.3837496087723369, 0.383747563785772, 0.38374578162150375, 0.3837454710119709, 0.38374524151607436, 0.38374518528536805, 0.38374517148881016, 0.38374516260421376, 0.38374515969083256, 0.38374515969083256, 0.3837451584203949, 0.38374515818323895, 0.38374515815783405, 0.38374515811789633]}, "8": {"maxiter": 1000, "fatol": 1e-05, "xatol": 1e-05, "duration": 0.1885087490081787, "fun": "0.38374515811689947", "nit": "495", "nfev": "770", "status": "0", "success": "True", "message": "Optimization terminated successfully.", "x": "[ 1.58695427  6.23262971  6.58493964  2.08925231  6.74362317 -0.97195249]", "final_simplex": "(array([[ 1.58695427,  6.23262971,  6.58493964,  2.08925231,  6.74362317,\n        -0.97195249],\n       [ 1.58695395,  6.23262412,  6.58493381,  2.0892496 ,  6.74362387,\n        -0.97194715],\n       [ 1.58695407,  6.2326227 ,  6.5849362 ,  2.08925452,  6.74362185,\n        -0.971945  ],\n       [ 1.58695684,  6.23262162,  6.58493704,  2.08925245,  6.74362124,\n        -0.97195106],\n       [ 1.5869604 ,  6.23262448,  6.584939  ,  2.08925933,  6.74362505,\n        -0.97194527],\n       [ 1.58696361,  6.23262504,  6.58493206,  2.08925684,  6.7436188 ,\n        -0.97194817],\n       [ 1.58695413,  6.23262477,  6.58493373,  2.08925902,  6.74362179,\n        -0.97194867]]), array([0.38374516, 0.38374516, 0.38374516, 0.38374516, 0.38374516,\n       0.38374516, 0.38374516]))", "callback": [0.7692900892354633, 0.7323332015544328, 0.7023644723882068, 0.7022521634817089, 0.6999619592425605, 0.6991676796779475, 0.6988500698477176, 0.6982837940252173, 0.6951565225440455, 0.6721543709502686, 0.6286751797754204, 0.591352696689077, 0.5699477140140345, 0.5500442058265091, 0.5378479945137675, 0.5368880347269676, 0.535146782156185, 0.5335608783713286, 0.5326529021058739, 0.528044693546958, 0.5214945548459562, 0.5150843776790925, 0.5131658370297383, 0.5123287209179883, 0.5106154148780382, 0.5024328267658498, 0.4824340656006295, 0.45631600487115964, 0.4034201690398064, 0.3875652958280873, 0.3850852723285624, 0.38440854547954306, 0.3839540900292141, 0.3838145548165325, 0.3837585420023534, 0.38375464808077275, 0.3837496087723369, 0.383747563785772, 0.38374578162150375, 0.3837454710119709, 0.38374524151607436, 0.38374518528536805, 0.38374517148881016, 0.38374516260421376, 0.38374515969083256, 0.38374515969083256, 0.3837451584203949, 0.38374515818323895, 0.38374515815783405, 0.38374515811789633]}, "9": {"maxiter": 1000, "fatol": 1e-05, "xatol": 1e-10, "duration": 0.25325798988342285, "fun": "0.38374515811029597", "nit": "612", "nfev": "1016", "status": "0", "success": "True", "message": "Optimization terminated successfully.", "x": "[ 1.58695931  6.23262682  6.58493722  2.08924961  6.74362097 -0.97194834]", "final_simplex": "(array([[ 1.58695931,  6.23262682,  6.58493722,  2.08924961,  6.74362097,\n        -0.97194834],\n       [ 1.58695931,  6.23262682,  6.58493722,  2.08924961,  6.74362097,\n        -0.97194834],\n       [ 1.58695931,  6.23262682,  6.58493722,  2.08924961,  6.74362097,\n        -0.97194834],\n       [ 1.58695931,  6.23262682,  6.58493722,  2.08924961,  6.74362097,\n        -0.97194834],\n       [ 1.58695931,  6.23262682,  6.58493722,  2.08924961,  6.74362097,\n        -0.97194834],\n       [ 1.58695931,  6.23262682,  6.58493722,  2.08924961,  6.74362097,\n        -0.97194834],\n       [ 1.58695931,  6.23262682,  6.58493722,  2.08924961,  6.74362097,\n        -0.97194834]]), array([0.38374516, 0.38374516, 0.38374516, 0.38374516, 0.38374516,\n       0.38374516, 0.38374516]))", "callback": [0.7692900892354633, 0.7323332015544328, 0.7023644723882068, 0.7022521634817089, 0.6999619592425605, 0.6991676796779475, 0.6988500698477176, 0.6982837940252173, 0.6951565225440455, 0.6721543709502686, 0.6286751797754204, 0.591352696689077, 0.5699477140140345, 0.5500442058265091, 0.5378479945137675, 0.5368880347269676, 0.535146782156185, 0.5335608783713286, 0.5326529021058739, 0.528044693546958, 0.5214945548459562, 0.5150843776790925, 0.5131658370297383, 0.5123287209179883, 0.5106154148780382, 0.5024328267658498, 0.4824340656006295, 0.45631600487115964, 0.4034201690398064, 0.3875652958280873, 0.3850852723285624, 0.38440854547954306, 0.3839540900292141, 0.3838145548165325, 0.3837585420023534, 0.38375464808077275, 0.3837496087723369, 0.383747563785772, 0.38374578162150375, 0.3837454710119709, 0.38374524151607436, 0.38374518528536805, 0.38374517148881016, 0.38374516260421376, 0.38374515969083256, 0.38374515969083256, 0.3837451584203949, 0.38374515818323895, 0.38374515815783405, 0.38374515811789633, 0.3837451581123228, 0.38374515811103327, 0.3837451581106204, 0.3837451581104848, 0.38374515811041254, 0.3837451581103263, 0.38374515811029875, 0.3837451581102983, 0.3837451581102965, 0.38374515811029597, 0.38374515811029597, 0.38374515811029597]}, "10": {"maxiter": 1000, "fatol": 1e-10, "xatol": 1e-05, "duration": 0.18956708908081055, "fun": "0.38374515811689947", "nit": "495", "nfev": "770", "status": "0", "success": "True", "message": "Optimization terminated successfully.", "x": "[ 1.58695427  6.23262971  6.58493964  2.08925231  6.74362317 -0.97195249]", "final_simplex": "(array([[ 1.58695427,  6.23262971,  6.58493964,  2.08925231,  6.74362317,\n        -0.97195249],\n       [ 1.58695395,  6.23262412,  6.58493381,  2.0892496 ,  6.74362387,\n        -0.97194715],\n       [ 1.58695407,  6.2326227 ,  6.5849362 ,  2.08925452,  6.74362185,\n        -0.971945  ],\n       [ 1.58695684,  6.23262162,  6.58493704,  2.08925245,  6.74362124,\n        -0.97195106],\n       [ 1.5869604 ,  6.23262448,  6.584939  ,  2.08925933,  6.74362505,\n        -0.97194527],\n       [ 1.58696361,  6.23262504,  6.58493206,  2.08925684,  6.7436188 ,\n        -0.97194817],\n       [ 1.58695413,  6.23262477,  6.58493373,  2.08925902,  6.74362179,\n        -0.97194867]]), array([0.38374516, 0.38374516, 0.38374516, 0.38374516, 0.38374516,\n       0.38374516, 0.38374516]))", "callback": [0.7692900892354633, 0.7323332015544328, 0.7023644723882068, 0.7022521634817089, 0.6999619592425605, 0.6991676796779475, 0.6988500698477176, 0.6982837940252173, 0.6951565225440455, 0.6721543709502686, 0.6286751797754204, 0.591352696689077, 0.5699477140140345, 0.5500442058265091, 0.5378479945137675, 0.5368880347269676, 0.535146782156185, 0.5335608783713286, 0.5326529021058739, 0.528044693546958, 0.5214945548459562, 0.5150843776790925, 0.5131658370297383, 0.5123287209179883, 0.5106154148780382, 0.5024328267658498, 0.4824340656006295, 0.45631600487115964, 0.4034201690398064, 0.3875652958280873, 0.3850852723285624, 0.38440854547954306, 0.3839540900292141, 0.3838145548165325, 0.3837585420023534, 0.38375464808077275, 0.3837496087723369, 0.383747563785772, 0.38374578162150375, 0.3837454710119709, 0.38374524151607436, 0.38374518528536805, 0.38374517148881016, 0.38374516260421376, 0.38374515969083256, 0.38374515969083256, 0.3837451584203949, 0.38374515818323895, 0.38374515815783405, 0.38374515811789633]}, "11": {"maxiter": 1000, "fatol": 1e-10, "xatol": 1e-10, "duration": 0.23323416709899902, "fun": "0.38374515811029597", "nit": "612", "nfev": "1016", "status": "0", "success": "True", "message": "Optimization terminated successfully.", "x": "[ 1.58695931  6.23262682  6.58493722  2.08924961  6.74362097 -0.97194834]", "final_simplex": "(array([[ 1.58695931,  6.23262682,  6.58493722,  2.08924961,  6.74362097,\n        -0.97194834],\n       [ 1.58695931,  6.23262682,  6.58493722,  2.08924961,  6.74362097,\n        -0.97194834],\n       [ 1.58695931,  6.23262682,  6.58493722,  2.08924961,  6.74362097,\n        -0.97194834],\n       [ 1.58695931,  6.23262682,  6.58493722,  2.08924961,  6.74362097,\n        -0.97194834],\n       [ 1.58695931,  6.23262682,  6.58493722,  2.08924961,  6.74362097,\n        -0.97194834],\n       [ 1.58695931,  6.23262682,  6.58493722,  2.08924961,  6.74362097,\n        -0.97194834],\n       [ 1.58695931,  6.23262682,  6.58493722,  2.08924961,  6.74362097,\n        -0.97194834]]), array([0.38374516, 0.38374516, 0.38374516, 0.38374516, 0.38374516,\n       0.38374516, 0.38374516]))", "callback": [0.7692900892354633, 0.7323332015544328, 0.7023644723882068, 0.7022521634817089, 0.6999619592425605, 0.6991676796779475, 0.6988500698477176, 0.6982837940252173, 0.6951565225440455, 0.6721543709502686, 0.6286751797754204, 0.591352696689077, 0.5699477140140345, 0.5500442058265091, 0.5378479945137675, 0.5368880347269676, 0.535146782156185, 0.5335608783713286, 0.5326529021058739, 0.528044693546958, 0.5214945548459562, 0.5150843776790925, 0.5131658370297383, 0.5123287209179883, 0.5106154148780382, 0.5024328267658498, 0.4824340656006295, 0.45631600487115964, 0.4034201690398064, 0.3875652958280873, 0.3850852723285624, 0.38440854547954306, 0.3839540900292141, 0.3838145548165325, 0.3837585420023534, 0.38375464808077275, 0.3837496087723369, 0.383747563785772, 0.38374578162150375, 0.3837454710119709, 0.38374524151607436, 0.38374518528536805, 0.38374517148881016, 0.38374516260421376, 0.38374515969083256, 0.38374515969083256, 0.3837451584203949, 0.38374515818323895, 0.38374515815783405, 0.38374515811789633, 0.3837451581123228, 0.38374515811103327, 0.3837451581106204, 0.3837451581104848, 0.38374515811041254, 0.3837451581103263, 0.38374515811029875, 0.3837451581102983, 0.3837451581102965, 0.38374515811029597, 0.38374515811029597, 0.38374515811029597]}}, "bfgs": {"type": "gradient", "0": {"maxiter": 100, "gtol": 1e-05, "xrtol": 1e-05, "eps": 1e-05, "duration": 0.04249930381774902, "fun": "0.38374515823051414", "jac": "[ 4.08206802e-06  1.79103399e-06  2.40850673e-06 -9.66549063e-07\n -6.15115736e-06  3.76451093e-06]", "hess_inv": "[[ 3.56059172  0.13365788 -0.22310886 -0.43979763  1.44140074  0.52666096]\n [ 0.13365788  4.76798519  0.4022909   1.35257751  0.44425246 -2.28791095]\n [-0.22310886  0.4022909   3.81174514 -0.57683713  0.50731241 -1.18634181]\n [-0.43979763  1.35257751 -0.57683713  4.90024648 -0.65855238 -0.07153925]\n [ 1.44140074  0.44425246  0.50731241 -0.65855238  4.67922353  2.01334523]\n [ 0.52666096 -2.28791095 -1.18634181 -0.07153925  2.01334523  5.94886525]]", "nfev": "182", "njev": "26", "status": "0", "success": "True", "message": "Optimization terminated successfully.", "x": "[ 4.69622823  3.09102323  3.4433439  -2.08925841  3.60199936  2.1696445 ]", "nit": "25", "callback": [0.780611645126067, 0.7390761915463351, 0.7147485938310227, 0.6980395730762805, 0.6702505542020964, 0.635364704110059, 0.6209023302988705, 0.5941240952864497, 0.5515353057056345, 0.5158498559633073, 0.4583274850154958, 0.3907169653015373, 0.3862162026402459, 0.38496448220943147, 0.3844563277476496, 0.3839563084285752, 0.3837733178046947, 0.38375253901550366, 0.38374891237234177, 0.3837467542735674, 0.3837457050554022, 0.3837453261801601, 0.38374519107374105, 0.3837451611653785, 0.38374515823051414]}, "1": {"maxiter": 100, "gtol": 1e-05, "xrtol": 1e-05, "eps": 1e-10, "duration": 0.042626142501831055, "fun": "0.3837451582071102", "jac": "[ 0.00000000e+00 -1.11022293e-06  1.11022293e-06 -2.22044587e-06\n -6.66133760e-06  3.33066880e-06]", "hess_inv": "[[ 3.56744279  0.11731781 -0.22563385 -0.44156359  1.46803714  0.58077119]\n [ 0.11731781  4.76180502  0.3943637   1.35197381  0.38471217 -2.37261254]\n [-0.22563385  0.3943637   3.82256613 -0.58929298  0.53715649 -1.16183084]\n [-0.44156359  1.35197381 -0.58929298  4.88263342 -0.65437735 -0.0514617 ]\n [ 1.46803714  0.38471217  0.53715649 -0.65437735  4.84420858  2.20199662]\n [ 0.58077119 -2.37261254 -1.16183084 -0.0514617   2.20199662  6.22779852]]", "nfev": "182", "njev": "26", "status": "0", "success": "True", "message": "Optimization terminated successfully.", "x": "[ 4.69623477  3.09101809  3.44334342 -2.0892538   3.60201874  2.16966703]", "nit": "25", "callback": [0.7806117502243787, 0.7390764904224294, 0.7147496332358416, 0.6980402346129841, 0.6702506445661321, 0.63536330496865, 0.620899945365978, 0.5941208287842317, 0.5515301705838607, 0.5158404499329936, 0.4583114541095914, 0.39071112010362385, 0.3862159427779738, 0.3849641764095991, 0.3844565013747143, 0.38395608327110065, 0.3837732613506849, 0.3837525438015392, 0.38374891700526403, 0.3837467510553898, 0.3837457031903585, 0.3837453224259667, 0.38374518963171866, 0.38374516125360036, 0.3837451582071102]}, "2": {"maxiter": 100, "gtol": 1e-05, "xrtol": 1e-10, "eps": 1e-05, "duration": 0.0414121150970459, "fun": "0.38374515823051414", "jac": "[ 4.08206802e-06  1.79103399e-06  2.40850673e-06 -9.66549063e-07\n -6.15115736e-06  3.76451093e-06]", "hess_inv": "[[ 3.56059172  0.13365788 -0.22310886 -0.43979763  1.44140074  0.52666096]\n [ 0.13365788  4.76798519  0.4022909   1.35257751  0.44425246 -2.28791095]\n [-0.22310886  0.4022909   3.81174514 -0.57683713  0.50731241 -1.18634181]\n [-0.43979763  1.35257751 -0.57683713  4.90024648 -0.65855238 -0.07153925]\n [ 1.44140074  0.44425246  0.50731241 -0.65855238  4.67922353  2.01334523]\n [ 0.52666096 -2.28791095 -1.18634181 -0.07153925  2.01334523  5.94886525]]", "nfev": "182", "njev": "26", "status": "0", "success": "True", "message": "Optimization terminated successfully.", "x": "[ 4.69622823  3.09102323  3.4433439  -2.08925841  3.60199936  2.1696445 ]", "nit": "25", "callback": [0.780611645126067, 0.7390761915463351, 0.7147485938310227, 0.6980395730762805, 0.6702505542020964, 0.635364704110059, 0.6209023302988705, 0.5941240952864497, 0.5515353057056345, 0.5158498559633073, 0.4583274850154958, 0.3907169653015373, 0.3862162026402459, 0.38496448220943147, 0.3844563277476496, 0.3839563084285752, 0.3837733178046947, 0.38375253901550366, 0.38374891237234177, 0.3837467542735674, 0.3837457050554022, 0.3837453261801601, 0.38374519107374105, 0.3837451611653785, 0.38374515823051414]}, "3": {"maxiter": 100, "gtol": 1e-05, "xrtol": 1e-10, "eps": 1e-10, "duration": 0.04036402702331543, "fun": "0.3837451582071102", "jac": "[ 0.00000000e+00 -1.11022293e-06  1.11022293e-06 -2.22044587e-06\n -6.66133760e-06  3.33066880e-06]", "hess_inv": "[[ 3.56744279  0.11731781 -0.22563385 -0.44156359  1.46803714  0.58077119]\n [ 0.11731781  4.76180502  0.3943637   1.35197381  0.38471217 -2.37261254]\n [-0.22563385  0.3943637   3.82256613 -0.58929298  0.53715649 -1.16183084]\n [-0.44156359  1.35197381 -0.58929298  4.88263342 -0.65437735 -0.0514617 ]\n [ 1.46803714  0.38471217  0.53715649 -0.65437735  4.84420858  2.20199662]\n [ 0.58077119 -2.37261254 -1.16183084 -0.0514617   2.20199662  6.22779852]]", "nfev": "182", "njev": "26", "status": "0", "success": "True", "message": "Optimization terminated successfully.", "x": "[ 4.69623477  3.09101809  3.44334342 -2.0892538   3.60201874  2.16966703]", "nit": "25", "callback": [0.7806117502243787, 0.7390764904224294, 0.7147496332358416, 0.6980402346129841, 0.6702506445661321, 0.63536330496865, 0.620899945365978, 0.5941208287842317, 0.5515301705838607, 0.5158404499329936, 0.4583114541095914, 0.39071112010362385, 0.3862159427779738, 0.3849641764095991, 0.3844565013747143, 0.38395608327110065, 0.3837732613506849, 0.3837525438015392, 0.38374891700526403, 0.3837467510553898, 0.3837457031903585, 0.3837453224259667, 0.38374518963171866, 0.38374516125360036, 0.3837451582071102]}, "4": {"maxiter": 100, "gtol": 1e-10, "xrtol": 1e-05, "eps": 1e-05, "duration": 0.043502092361450195, "fun": "0.38374515813787136", "jac": "[ 2.48134846e-07  3.29936078e-07  4.86499729e-07 -1.95476968e-07\n -3.67428310e-07  5.97577543e-07]", "hess_inv": "[[ 3.62902956  0.09739093 -0.23293105 -0.4390861   1.2060798   0.46910687]\n [ 0.09739093  4.78206759  0.39711673  1.35826316  0.52147462 -2.29725743]\n [-0.23293105  0.39711673  3.79218131 -0.56468818  0.44514086 -1.25859915]\n [-0.4390861   1.35826316 -0.56468818  4.89309777 -0.60495559 -0.02510567]\n [ 1.2060798   0.52147462  0.44514086 -0.60495559  5.04945949  1.84290981]\n [ 0.46910687 -2.29725743 -1.25859915 -0.02510567  1.84290981  5.68815896]]", "nfev": "189", "njev": "27", "status": "0", "success": "True", "message": "Optimization terminated successfully.", "x": "[ 4.69621903  3.09102648  3.44334193 -2.08925658  3.60201597  2.16963963]", "nit": "26", "callback": [0.780611645126067, 0.7390761915463351, 0.7147485938310227, 0.6980395730762805, 0.6702505542020964, 0.635364704110059, 0.6209023302988705, 0.5941240952864497, 0.5515353057056345, 0.5158498559633073, 0.4583274850154958, 0.3907169653015373, 0.3862162026402459, 0.38496448220943147, 0.3844563277476496, 0.3839563084285752, 0.3837733178046947, 0.38375253901550366, 0.38374891237234177, 0.3837467542735674, 0.3837457050554022, 0.3837453261801601, 0.38374519107374105, 0.3837451611653785, 0.38374515823051414, 0.38374515813787136]}, "5": {"maxiter": 100, "gtol": 1e-10, "xrtol": 1e-05, "eps": 1e-10, "duration": 0.04183793067932129, "fun": "0.3837451581930875", "jac": "[2.22044587e-06 1.11022293e-06 2.22044587e-06 1.11022293e-06\n 1.11022293e-06 2.22044587e-06]", "hess_inv": "[[ 3.53268099  0.09087981 -0.19611843 -0.4640854   1.65120195  0.74871356]\n [ 0.09087981  4.82556498  0.4723807   1.36179661  0.92671232 -2.06498177]\n [-0.19611843  0.4723807   3.8343245  -0.55231248  0.64845461 -1.18522611]\n [-0.4640854   1.36179661 -0.55231248  4.87670301 -0.40629632  0.11516015]\n [ 1.65120195  0.92671232  0.64845461 -0.40629632  5.81265351  2.18089957]\n [ 0.74871356 -2.06498177 -1.18522611  0.11516015  2.18089957  5.80233645]]", "nfev": "189", "njev": "27", "status": "0", "success": "True", "message": "Optimization terminated successfully.", "x": "[ 4.69624256  3.091039    3.44334673 -2.08924393  3.6020496   2.16966151]", "nit": "26", "callback": [0.7806117502243787, 0.7390764904224294, 0.7147496332358416, 0.6980402346129841, 0.6702506445661321, 0.63536330496865, 0.620899945365978, 0.5941208287842317, 0.5515301705838607, 0.5158404499329936, 0.4583114541095914, 0.39071112010362385, 0.3862159427779738, 0.3849641764095991, 0.3844565013747143, 0.38395608327110065, 0.3837732613506849, 0.3837525438015392, 0.38374891700526403, 0.3837467510553898, 0.3837457031903585, 0.3837453224259667, 0.38374518963171866, 0.38374516125360036, 0.3837451582071102, 0.3837451581930875]}, "6": {"maxiter": 100, "gtol": 1e-10, "xrtol": 1e-10, "eps": 1e-05, "duration": 0.07402396202087402, "fun": "0.38374515813787136", "jac": "[ 2.48134846e-07  3.29936078e-07  4.86499729e-07 -1.95476968e-07\n -3.67428310e-07  5.97577543e-07]", "hess_inv": "[[ 3.68343717  0.09238759 -0.16166775 -0.48347063  1.19487006  0.56541473]\n [ 0.09238759  4.77881264  0.37497638  1.37112611  0.49976626 -2.3237525 ]\n [-0.16166775  0.37497638  3.82012539 -0.5859801   0.33505328 -1.20645943]\n [-0.48347063  1.37112611 -0.5859801   4.90854911 -0.54206189 -0.06197893]\n [ 1.19487006  0.49976626  0.33505328 -0.54206189  4.91258633  1.71510461]\n [ 0.56541473 -2.3237525  -1.20645943 -0.06197893  1.71510461  5.77488967]]", "nfev": "333", "njev": "46", "status": "2", "success": "False", "message": "Desired error not necessarily achieved due to precision loss.", "x": "[ 4.69621903  3.09102648  3.44334193 -2.08925658  3.60201597  2.16963963]", "nit": "26", "callback": [0.780611645126067, 0.7390761915463351, 0.7147485938310227, 0.6980395730762805, 0.6702505542020964, 0.635364704110059, 0.6209023302988705, 0.5941240952864497, 0.5515353057056345, 0.5158498559633073, 0.4583274850154958, 0.3907169653015373, 0.3862162026402459, 0.38496448220943147, 0.3844563277476496, 0.3839563084285752, 0.3837733178046947, 0.38375253901550366, 0.38374891237234177, 0.3837467542735674, 0.3837457050554022, 0.3837453261801601, 0.38374519107374105, 0.3837451611653785, 0.38374515823051414, 0.38374515813787136]}, "7": {"maxiter": 100, "gtol": 1e-10, "xrtol": 1e-10, "eps": 1e-10, "duration": 0.06950497627258301, "fun": "0.3837451581134418", "jac": "[-2.22044587e-06 -1.11022293e-06 -1.11022293e-06 -1.11022293e-06\n  0.00000000e+00  0.00000000e+00]", "hess_inv": "[[ 1.12891307 -2.47505026 -2.55449041  0.29800064  1.04240006  0.55209269]\n [-2.47505026  6.2298993   5.33961753 -0.3918387  -3.3612691  -1.7692006 ]\n [-2.55449041  5.33961753  5.88272058 -0.7748049  -2.00401702 -1.04901191]\n [ 0.29800064 -0.3918387  -0.7748049   0.17881815 -0.07945182 -0.05509023]\n [ 1.04240006 -3.3612691  -2.00401702 -0.07945182  2.7755021   1.57215542]\n [ 0.55209269 -1.7692006  -1.04901191 -0.05509023  1.57215542  1.02606777]]", "nfev": "308", "njev": "44", "status": "2", "success": "False", "message": "Desired error not necessarily achieved due to precision loss.", "x": "[ 4.69622643  3.09103716  3.44334776 -2.08924739  3.602029    2.16964006]", "nit": "33", "callback": [0.7806117502243787, 0.7390764904224294, 0.7147496332358416, 0.6980402346129841, 0.6702506445661321, 0.63536330496865, 0.620899945365978, 0.5941208287842317, 0.5515301705838607, 0.5158404499329936, 0.4583114541095914, 0.39071112010362385, 0.3862159427779738, 0.3849641764095991, 0.3844565013747143, 0.38395608327110065, 0.3837732613506849, 0.3837525438015392, 0.38374891700526403, 0.3837467510553898, 0.3837457031903585, 0.3837453224259667, 0.38374518963171866, 0.38374516125360036, 0.3837451582071102, 0.3837451581930875, 0.38374515812946086, 0.3837451581146015, 0.3837451581144946, 0.38374515811442067, 0.38374515811435395, 0.3837451581134418, 0.3837451581134418]}, "8": {"maxiter": 500, "gtol": 1e-05, "xrtol": 1e-05, "eps": 1e-05, "duration": 0.040615081787109375, "fun": "0.38374515823051414", "jac": "[ 4.08206802e-06  1.79103399e-06  2.40850673e-06 -9.66549063e-07\n -6.15115736e-06  3.76451093e-06]", "hess_inv": "[[ 3.56059172  0.13365788 -0.22310886 -0.43979763  1.44140074  0.52666096]\n [ 0.13365788  4.76798519  0.4022909   1.35257751  0.44425246 -2.28791095]\n [-0.22310886  0.4022909   3.81174514 -0.57683713  0.50731241 -1.18634181]\n [-0.43979763  1.35257751 -0.57683713  4.90024648 -0.65855238 -0.07153925]\n [ 1.44140074  0.44425246  0.50731241 -0.65855238  4.67922353  2.01334523]\n [ 0.52666096 -2.28791095 -1.18634181 -0.07153925  2.01334523  5.94886525]]", "nfev": "182", "njev": "26", "status": "0", "success": "True", "message": "Optimization terminated successfully.", "x": "[ 4.69622823  3.09102323  3.4433439  -2.08925841  3.60199936  2.1696445 ]", "nit": "25", "callback": [0.780611645126067, 0.7390761915463351, 0.7147485938310227, 0.6980395730762805, 0.6702505542020964, 0.635364704110059, 0.6209023302988705, 0.5941240952864497, 0.5515353057056345, 0.5158498559633073, 0.4583274850154958, 0.3907169653015373, 0.3862162026402459, 0.38496448220943147, 0.3844563277476496, 0.3839563084285752, 0.3837733178046947, 0.38375253901550366, 0.38374891237234177, 0.3837467542735674, 0.3837457050554022, 0.3837453261801601, 0.38374519107374105, 0.3837451611653785, 0.38374515823051414]}, "9": {"maxiter": 500, "gtol": 1e-05, "xrtol": 1e-05, "eps": 1e-10, "duration": 0.04136395454406738, "fun": "0.3837451582071102", "jac": "[ 0.00000000e+00 -1.11022293e-06  1.11022293e-06 -2.22044587e-06\n -6.66133760e-06  3.33066880e-06]", "hess_inv": "[[ 3.56744279  0.11731781 -0.22563385 -0.44156359  1.46803714  0.58077119]\n [ 0.11731781  4.76180502  0.3943637   1.35197381  0.38471217 -2.37261254]\n [-0.22563385  0.3943637   3.82256613 -0.58929298  0.53715649 -1.16183084]\n [-0.44156359  1.35197381 -0.58929298  4.88263342 -0.65437735 -0.0514617 ]\n [ 1.46803714  0.38471217  0.53715649 -0.65437735  4.84420858  2.20199662]\n [ 0.58077119 -2.37261254 -1.16183084 -0.0514617   2.20199662  6.22779852]]", "nfev": "182", "njev": "26", "status": "0", "success": "True", "message": "Optimization terminated successfully.", "x": "[ 4.69623477  3.09101809  3.44334342 -2.0892538   3.60201874  2.16966703]", "nit": "25", "callback": [0.7806117502243787, 0.7390764904224294, 0.7147496332358416, 0.6980402346129841, 0.6702506445661321, 0.63536330496865, 0.620899945365978, 0.5941208287842317, 0.5515301705838607, 0.5158404499329936, 0.4583114541095914, 0.39071112010362385, 0.3862159427779738, 0.3849641764095991, 0.3844565013747143, 0.38395608327110065, 0.3837732613506849, 0.3837525438015392, 0.38374891700526403, 0.3837467510553898, 0.3837457031903585, 0.3837453224259667, 0.38374518963171866, 0.38374516125360036, 0.3837451582071102]}, "10": {"maxiter": 500, "gtol": 1e-05, "xrtol": 1e-10, "eps": 1e-05, "duration": 0.0406951904296875, "fun": "0.38374515823051414", "jac": "[ 4.08206802e-06  1.79103399e-06  2.40850673e-06 -9.66549063e-07\n -6.15115736e-06  3.76451093e-06]", "hess_inv": "[[ 3.56059172  0.13365788 -0.22310886 -0.43979763  1.44140074  0.52666096]\n [ 0.13365788  4.76798519  0.4022909   1.35257751  0.44425246 -2.28791095]\n [-0.22310886  0.4022909   3.81174514 -0.57683713  0.50731241 -1.18634181]\n [-0.43979