{"date": "2024/09/25/, 05:48:28", "conf_id": 151, "data_type": "orthogonal\n", "num_data_points": 4, "s_rank": 0, "unitary": "[[-0.56303964-0.00798273j,-0.21670212-0.15784972j,-0.06047197-0.73952673j,-0.01438004+0.24552571j],[-0.06976756+0.23474685j,-0.01275565-0.5435098j,-0.02703657-0.08917885j,-0.08210486-0.79311774j],[-0.38559961+0.10714929j,0.5933431-0.2687392j,-0.24060861+0.29149289j,-0.45147719+0.26241743j],[-0.50180421+0.45931857j,-0.11617175+0.44134496j,0.49642745+0.22684508j,-0.08544628-0.15407063j]]", "databatch_0": {"databatch": "[[[0.17410621+0.13344407j,0.15876163+0.05896667j,-0.06290828+0.37601601j,0.22722012-0.40333994j],[0.1989732+0.03760563j,0.08662039+0.15530354j,-0.04741714-0.05723651j,-0.10047067+0.11839269j],[0.00208445+0.41175493j,-0.13000903-0.0352222j,0.09765891-0.02833535j,0.03200754-0.12449514j],[0.13147333+0.08813547j,0.22621831-0.31093378j,0.11098686-0.00557789j,0.19012522+0.15912224j]],[[0.14276819-0.18114409j,0.32138184-0.26384925j,0.06691142+0.17979314j,0.18369599+0.00126092j],[0.00622433-0.31116824j,-0.18973464+0.09820355j,-0.2600286-0.05404936j,0.14178492-0.02505182j],[-0.25549782-0.30868207j,0.12583783+0.0129468j,0.04249916-0.01521924j,-0.19519082+0.21618562j],[-0.01947375-0.07283033j,-0.0010387-0.01496497j,-0.06408158-0.24038598j,-0.01633304+0.37157948j]],[[0.03897995-0.10929254j,0.02125004-0.06743062j,-0.06539832+0.0091975j,0.12862111+0.02071744j],[0.27251867+0.2698787j,-0.01900715+0.0646192j,-0.22387979+0.10168237j,0.3922825-0.16373425j],[0.06901231+0.3280638j,-0.12384919+0.04010573j,0.21726216-0.00248686j,-0.23288734-0.22970973j],[-0.16932937-0.12849375j,-0.19245852+0.3594649j,-0.26349272-0.01160008j,-0.04616422-0.02700195j]],[[-0.04303926-0.0977059j,0.01068136+0.11976031j,-0.17723898+0.11917611j,0.14101311-0.07618555j],[-0.04062475-0.0440077j,0.37830907-0.01295345j,-0.17442036+0.09718837j,0.27648611+0.33642328j],[-0.11976945-0.32471569j,-0.06988639-0.21495413j,0.12531582-0.13851151j,-0.12596206+0.11278802j],[0.22283795+0.20579011j,0.03840542+0.11829834j,-0.0325931+0.23016749j,0.09265314-0.3493164j]]]", "initial param values": "[6.15835549,4.24888479,2.68530803,1.92644265,1.30259844,5.28581487]", "nelder_mead": {"type": "gradient-free", "0": {"maxiter": 100, "fatol": 1e-05, "xatol": 1e-05, "duration": 0.041890859603881836, "fun": "0.4804263054707787", "nit": "100", "nfev": "165", "status": "2", "success": "False", "message": "Maximum number of iterations has been exceeded.", "x": "[5.02301618 2.81106254 3.59542126 2.05335546 0.36384857 5.44704954]", "final_simplex": "(array([[5.02301618, 2.81106254, 3.59542126, 2.05335546, 0.36384857,\n        5.44704954],\n       [5.00868104, 2.79621085, 3.60628305, 2.05327451, 0.35715975,\n        5.44523978],\n       [5.02293725, 2.78603069, 3.59990171, 2.06247259, 0.3606    ,\n        5.47664896],\n       [5.01715276, 2.79582557, 3.61923551, 2.07198593, 0.35801048,\n        5.44660397],\n       [5.01480026, 2.79186788, 3.61213111, 2.03942192, 0.35268432,\n        5.45883795],\n       [5.01226401, 2.80579488, 3.61495611, 2.06572455, 0.36905713,\n        5.47890997],\n       [5.02388834, 2.79510217, 3.60160813, 2.06467453, 0.3692944 ,\n        5.4649312 ]]), array([0.48042631, 0.48045542, 0.48047873, 0.48050571, 0.48054767,\n       0.48058413, 0.48059423]))", "callback": [0.6896676128338037, 0.6363073871735725, 0.5592923221787633, 0.5127723637320672, 0.4993803274638611, 0.4866522289306956, 0.4824312425639854, 0.48140314793435346, 0.4809524409329329, 0.4805942253870529]}, "1": {"maxiter": 100, "fatol": 1e-05, "xatol": 1e-10, "duration": 0.03937816619873047, "fun": "0.4804263054707787", "nit": "100", "nfev": "165", "status": "2", "success": "False", "message": "Maximum number of iterations has been exceeded.", "x": "[5.02301618 2.81106254 3.59542126 2.05335546 0.36384857 5.44704954]", "final_simplex": "(array([[5.02301618, 2.81106254, 3.59542126, 2.05335546, 0.36384857,\n        5.44704954],\n       [5.00868104, 2.79621085, 3.60628305, 2.05327451, 0.35715975,\n        5.44523978],\n       [5.02293725, 2.78603069, 3.59990171, 2.06247259, 0.3606    ,\n        5.47664896],\n       [5.01715276, 2.79582557, 3.61923551, 2.07198593, 0.35801048,\n        5.44660397],\n       [5.01480026, 2.79186788, 3.61213111, 2.03942192, 0.35268432,\n        5.45883795],\n       [5.01226401, 2.80579488, 3.61495611, 2.06572455, 0.36905713,\n        5.47890997],\n       [5.02388834, 2.79510217, 3.60160813, 2.06467453, 0.3692944 ,\n        5.4649312 ]]), array([0.48042631, 0.48045542, 0.48047873, 0.48050571, 0.48054767,\n       0.48058413, 0.48059423]))", "callback": [0.6896676128338037, 0.6363073871735725, 0.5592923221787633, 0.5127723637320672, 0.4993803274638611, 0.4866522289306956, 0.4824312425639854, 0.48140314793435346, 0.4809524409329329, 0.4805942253870529]}, "2": {"maxiter": 100, "fatol": 1e-10, "xatol": 1e-05, "duration": 0.03878307342529297, "fun": "0.4804263054707787", "nit": "100", "nfev": "165", "status": "2", "success": "False", "message": "Maximum number of iterations has been exceeded.", "x": "[5.02301618 2.81106254 3.59542126 2.05335546 0.36384857 5.44704954]", "final_simplex": "(array([[5.02301618, 2.81106254, 3.59542126, 2.05335546, 0.36384857,\n        5.44704954],\n       [5.00868104, 2.79621085, 3.60628305, 2.05327451, 0.35715975,\n        5.44523978],\n       [5.02293725, 2.78603069, 3.59990171, 2.06247259, 0.3606    ,\n        5.47664896],\n       [5.01715276, 2.79582557, 3.61923551, 2.07198593, 0.35801048,\n        5.44660397],\n       [5.01480026, 2.79186788, 3.61213111, 2.03942192, 0.35268432,\n        5.45883795],\n       [5.01226401, 2.80579488, 3.61495611, 2.06572455, 0.36905713,\n        5.47890997],\n       [5.02388834, 2.79510217, 3.60160813, 2.06467453, 0.3692944 ,\n        5.4649312 ]]), array([0.48042631, 0.48045542, 0.48047873, 0.48050571, 0.48054767,\n       0.48058413, 0.48059423]))", "callback": [0.6896676128338037, 0.6363073871735725, 0.5592923221787633, 0.5127723637320672, 0.4993803274638611, 0.4866522289306956, 0.4824312425639854, 0.48140314793435346, 0.4809524409329329, 0.4805942253870529]}, "3": {"maxiter": 100, "fatol": 1e-10, "xatol": 1e-10, "duration": 0.03764176368713379, "fun": "0.4804263054707787", "nit": "100", "nfev": "165", "status": "2", "success": "False", "message": "Maximum number of iterations has been exceeded.", "x": "[5.02301618 2.81106254 3.59542126 2.05335546 0.36384857 5.44704954]", "final_simplex": "(array([[5.02301618, 2.81106254, 3.59542126, 2.05335546, 0.36384857,\n        5.44704954],\n       [5.00868104, 2.79621085, 3.60628305, 2.05327451, 0.35715975,\n        5.44523978],\n       [5.02293725, 2.78603069, 3.59990171, 2.06247259, 0.3606    ,\n        5.47664896],\n       [5.01715276, 2.79582557, 3.61923551, 2.07198593, 0.35801048,\n        5.44660397],\n       [5.01480026, 2.79186788, 3.61213111, 2.03942192, 0.35268432,\n        5.45883795],\n       [5.01226401, 2.80579488, 3.61495611, 2.06572455, 0.36905713,\n        5.47890997],\n       [5.02388834, 2.79510217, 3.60160813, 2.06467453, 0.3692944 ,\n        5.4649312 ]]), array([0.48042631, 0.48045542, 0.48047873, 0.48050571, 0.48054767,\n       0.48058413, 0.48059423]))", "callback": [0.6896676128338037, 0.6363073871735725, 0.5592923221787633, 0.5127723637320672, 0.4993803274638611, 0.4866522289306956, 0.4824312425639854, 0.48140314793435346, 0.4809524409329329, 0.4805942253870529]}, "4": {"maxiter": 500, "fatol": 1e-05, "xatol": 1e-05, "duration": 0.10431814193725586, "fun": "0.4787966444807037", "nit": "282", "nfev": "467", "status": "0", "success": "True", "message": "Optimization terminated successfully.", "x": "[4.99878283 2.84600869 3.55609222 2.09055062 0.25544116 5.40666618]", "final_simplex": "(array([[4.99878283, 2.84600869, 3.55609222, 2.09055062, 0.25544116,\n        5.40666618],\n       [4.99878133, 2.8460097 , 3.55609538, 2.09055141, 0.25543955,\n        5.40665862],\n       [4.99878064, 2.84601239, 3.556092  , 2.09054997, 0.25544468,\n        5.40665972],\n       [4.99878011, 2.84600559, 3.55609779, 2.09054731, 0.25544272,\n        5.40667033],\n       [4.9987829 , 2.8460068 , 3.55609069, 2.09054343, 0.25544337,\n        5.40666546],\n       [4.99878794, 2.84600763, 3.55609524, 2.09054858, 0.2554425 ,\n        5.40666693],\n       [4.99878191, 2.84600492, 3.55609549, 2.09055357, 0.25544362,\n        5.40666322]]), array([0.47879664, 0.47879664, 0.47879664, 0.47879664, 0.47879664,\n       0.47879664, 0.47879664]))", "callback": [0.6896676128338037, 0.6363073871735725, 0.5592923221787633, 0.5127723637320672, 0.4993803274638611, 0.4866522289306956, 0.4824312425639854, 0.48140314793435346, 0.4809524409329329, 0.4805942253870529, 0.48033304353639494, 0.47951859961942267, 0.4789292333823383, 0.478842251253491, 0.4788199467532933, 0.47880774582916485, 0.4787989090871748, 0.47879756876405555, 0.4787968842284386, 0.4787967273685242, 0.47879666822016875, 0.47879665195687415, 0.47879664681528733, 0.4787966457317234, 0.47879664507790154, 0.47879664462254934, 0.4787966445284745, 0.4787966444862085, 0.4787966444807037]}, "5": {"maxiter": 500, "fatol": 1e-05, "xatol": 1e-10, "duration": 0.15903472900390625, "fun": "0.4787966444782983", "nit": "390", "nfev": "704", "status": "0", "success": "True", "message": "Optimization terminated successfully.", "x": "[4.99878089 2.84601046 3.55609396 2.09054884 0.25544276 5.40666442]", "final_simplex": "(array([[4.99878089, 2.84601046, 3.55609396, 2.09054884, 0.25544276,\n        5.40666442],\n       [4.99878089, 2.84601046, 3.55609396, 2.09054884, 0.25544276,\n        5.40666442],\n       [4.99878089, 2.84601046, 3.55609396, 2.09054884, 0.25544276,\n        5.40666442],\n       [4.99878089, 2.84601046, 3.55609396, 2.09054884, 0.25544276,\n        5.40666442],\n       [4.99878089, 2.84601046, 3.55609396, 2.09054884, 0.25544276,\n        5.40666442],\n       [4.99878089, 2.84601046, 3.55609396, 2.09054884, 0.25544276,\n        5.40666442],\n       [4.99878089, 2.84601046, 3.55609396, 2.09054884, 0.25544276,\n        5.40666442]]), array([0.47879664, 0.47879664, 0.47879664, 0.47879664, 0.47879664,\n       0.47879664, 0.47879664]))", "callback": [0.6896676128338037, 0.6363073871735725, 0.5592923221787633, 0.5127723637320672, 0.4993803274638611, 0.4866522289306956, 0.4824312425639854, 0.48140314793435346, 0.4809524409329329, 0.4805942253870529, 0.48033304353639494, 0.47951859961942267, 0.4789292333823383, 0.478842251253491, 0.4788199467532933, 0.47880774582916485, 0.4787989090871748, 0.47879756876405555, 0.4787968842284386, 0.4787967273685242, 0.47879666822016875, 0.47879665195687415, 0.47879664681528733, 0.4787966457317234, 0.47879664507790154, 0.47879664462254934, 0.4787966445284745, 0.4787966444862085, 0.4787966444807037, 0.478796644478917, 0.4787966444784443, 0.4787966444783295, 0.4787966444783115, 0.4787966444783027, 0.47879664447829995, 0.47879664447829884, 0.4787966444782983, 0.4787966444782983, 0.4787966444782983]}, "6": {"maxiter": 500, "fatol": 1e-10, "xatol": 1e-05, "duration": 0.10626387596130371, "fun": "0.4787966444807037", "nit": "282", "nfev": "467", "status": "0", "success": "True", "message": "Optimization terminated successfully.", "x": "[4.99878283 2.84600869 3.55609222 2.09055062 0.25544116 5.40666618]", "final_simplex": "(array([[4.99878283, 2.84600869, 3.55609222, 2.09055062, 0.25544116,\n        5.40666618],\n       [4.99878133, 2.8460097 , 3.55609538, 2.09055141, 0.25543955,\n        5.40665862],\n       [4.99878064, 2.84601239, 3.556092  , 2.09054997, 0.25544468,\n        5.40665972],\n       [4.99878011, 2.84600559, 3.55609779, 2.09054731, 0.25544272,\n        5.40667033],\n       [4.9987829 , 2.8460068 , 3.55609069, 2.09054343, 0.25544337,\n        5.40666546],\n       [4.99878794, 2.84600763, 3.55609524, 2.09054858, 0.2554425 ,\n        5.40666693],\n       [4.99878191, 2.84600492, 3.55609549, 2.09055357, 0.25544362,\n        5.40666322]]), array([0.47879664, 0.47879664, 0.47879664, 0.47879664, 0.47879664,\n       0.47879664, 0.47879664]))", "callback": [0.6896676128338037, 0.6363073871735725, 0.5592923221787633, 0.5127723637320672, 0.4993803274638611, 0.4866522289306956, 0.4824312425639854, 0.48140314793435346, 0.4809524409329329, 0.4805942253870529, 0.48033304353639494, 0.47951859961942267, 0.4789292333823383, 0.478842251253491, 0.4788199467532933, 0.47880774582916485, 0.4787989090871748, 0.47879756876405555, 0.4787968842284386, 0.4787967273685242, 0.47879666822016875, 0.47879665195687415, 0.47879664681528733, 0.4787966457317234, 0.47879664507790154, 0.47879664462254934, 0.4787966445284745, 0.4787966444862085, 0.4787966444807037]}, "7": {"maxiter": 500, "fatol": 1e-10, "xatol": 1e-10, "duration": 0.17931008338928223, "fun": "0.4787966444782983", "nit": "390", "nfev": "704", "status": "0", "success": "True", "message": "Optimization terminated successfully.", "x": "[4.99878089 2.84601046 3.55609396 2.09054884 0.25544276 5.40666442]", "final_simplex": "(array([[4.99878089, 2.84601046, 3.55609396, 2.09054884, 0.25544276,\n        5.40666442],\n       [4.99878089, 2.84601046, 3.55609396, 2.09054884, 0.25544276,\n        5.40666442],\n       [4.99878089, 2.84601046, 3.55609396, 2.09054884, 0.25544276,\n        5.40666442],\n       [4.99878089, 2.84601046, 3.55609396, 2.09054884, 0.25544276,\n        5.40666442],\n       [4.99878089, 2.84601046, 3.55609396, 2.09054884, 0.25544276,\n        5.40666442],\n       [4.99878089, 2.84601046, 3.55609396, 2.09054884, 0.25544276,\n        5.40666442],\n       [4.99878089, 2.84601046, 3.55609396, 2.09054884, 0.25544276,\n        5.40666442]]), array([0.47879664, 0.47879664, 0.47879664, 0.47879664, 0.47879664,\n       0.47879664, 0.47879664]))", "callback": [0.6896676128338037, 0.6363073871735725, 0.5592923221787633, 0.5127723637320672, 0.4993803274638611, 0.4866522289306956, 0.4824312425639854, 0.48140314793435346, 0.4809524409329329, 0.4805942253870529, 0.48033304353639494, 0.47951859961942267, 0.4789292333823383, 0.478842251253491, 0.4788199467532933, 0.47880774582916485, 0.4787989090871748, 0.47879756876405555, 0.4787968842284386, 0.4787967273685242, 0.47879666822016875, 0.47879665195687415, 0.47879664681528733, 0.4787966457317234, 0.47879664507790154, 0.47879664462254934, 0.4787966445284745, 0.4787966444862085, 0.4787966444807037, 0.478796644478917, 0.4787966444784443, 0.4787966444783295, 0.4787966444783115, 0.4787966444783027, 0.47879664447829995, 0.47879664447829884, 0.4787966444782983, 0.4787966444782983, 0.4787966444782983]}, "8": {"maxiter": 1000, "fatol": 1e-05, "xatol": 1e-05, "duration": 0.11527276039123535, "fun": "0.4787966444807037", "nit": "282", "nfev": "467", "status": "0", "success": "True", "message": "Optimization terminated successfully.", "x": "[4.99878283 2.84600869 3.55609222 2.09055062 0.25544116 5.40666618]", "final_simplex": "(array([[4.99878283, 2.84600869, 3.55609222, 2.09055062, 0.25544116,\n        5.40666618],\n       [4.99878133, 2.8460097 , 3.55609538, 2.09055141, 0.25543955,\n        5.40665862],\n       [4.99878064, 2.84601239, 3.556092  , 2.09054997, 0.25544468,\n        5.40665972],\n       [4.99878011, 2.84600559, 3.55609779, 2.09054731, 0.25544272,\n        5.40667033],\n       [4.9987829 , 2.8460068 , 3.55609069, 2.09054343, 0.25544337,\n        5.40666546],\n       [4.99878794, 2.84600763, 3.55609524, 2.09054858, 0.2554425 ,\n        5.40666693],\n       [4.99878191, 2.84600492, 3.55609549, 2.09055357, 0.25544362,\n        5.40666322]]), array([0.47879664, 0.47879664, 0.47879664, 0.47879664, 0.47879664,\n       0.47879664, 0.47879664]))", "callback": [0.6896676128338037, 0.6363073871735725, 0.5592923221787633, 0.5127723637320672, 0.4993803274638611, 0.4866522289306956, 0.4824312425639854, 0.48140314793435346, 0.4809524409329329, 0.4805942253870529, 0.48033304353639494, 0.47951859961942267, 0.4789292333823383, 0.478842251253491, 0.4788199467532933, 0.47880774582916485, 0.4787989090871748, 0.47879756876405555, 0.4787968842284386, 0.4787967273685242, 0.47879666822016875, 0.47879665195687415, 0.47879664681528733, 0.4787966457317234, 0.47879664507790154, 0.47879664462254934, 0.4787966445284745, 0.4787966444862085, 0.4787966444807037]}, "9": {"maxiter": 1000, "fatol": 1e-05, "xatol": 1e-10, "duration": 0.1637580394744873, "fun": "0.4787966444782983", "nit": "390", "nfev": "704", "status": "0", "success": "True", "message": "Optimization terminated successfully.", "x": "[4.99878089 2.84601046 3.55609396 2.09054884 0.25544276 5.40666442]", "final_simplex": "(array([[4.99878089, 2.84601046, 3.55609396, 2.09054884, 0.25544276,\n        5.40666442],\n       [4.99878089, 2.84601046, 3.55609396, 2.09054884, 0.25544276,\n        5.40666442],\n       [4.99878089, 2.84601046, 3.55609396, 2.09054884, 0.25544276,\n        5.40666442],\n       [4.99878089, 2.84601046, 3.55609396, 2.09054884, 0.25544276,\n        5.40666442],\n       [4.99878089, 2.84601046, 3.55609396, 2.09054884, 0.25544276,\n        5.40666442],\n       [4.99878089, 2.84601046, 3.55609396, 2.09054884, 0.25544276,\n        5.40666442],\n       [4.99878089, 2.84601046, 3.55609396, 2.09054884, 0.25544276,\n        5.40666442]]), array([0.47879664, 0.47879664, 0.47879664, 0.47879664, 0.47879664,\n       0.47879664, 0.47879664]))", "callback": [0.6896676128338037, 0.6363073871735725, 0.5592923221787633, 0.5127723637320672, 0.4993803274638611, 0.4866522289306956, 0.4824312425639854, 0.48140314793435346, 0.4809524409329329, 0.4805942253870529, 0.48033304353639494, 0.47951859961942267, 0.4789292333823383, 0.478842251253491, 0.4788199467532933, 0.47880774582916485, 0.4787989090871748, 0.47879756876405555, 0.4787968842284386, 0.4787967273685242, 0.47879666822016875, 0.47879665195687415, 0.47879664681528733, 0.4787966457317234, 0.47879664507790154, 0.47879664462254934, 0.4787966445284745, 0.4787966444862085, 0.4787966444807037, 0.478796644478917, 0.4787966444784443, 0.4787966444783295, 0.4787966444783115, 0.4787966444783027, 0.47879664447829995, 0.47879664447829884, 0.4787966444782983, 0.4787966444782983, 0.4787966444782983]}, "10": {"maxiter": 1000, "fatol": 1e-10, "xatol": 1e-05, "duration": 0.11229109764099121, "fun": "0.4787966444807037", "nit": "282", "nfev": "467", "status": "0", "success": "True", "message": "Optimization terminated successfully.", "x": "[4.99878283 2.84600869 3.55609222 2.09055062 0.25544116 5.40666618]", "final_simplex": "(array([[4.99878283, 2.84600869, 3.55609222, 2.09055062, 0.25544116,\n        5.40666618],\n       [4.99878133, 2.8460097 , 3.55609538, 2.09055141, 0.25543955,\n        5.40665862],\n       [4.99878064, 2.84601239, 3.556092  , 2.09054997, 0.25544468,\n        5.40665972],\n       [4.99878011, 2.84600559, 3.55609779, 2.09054731, 0.25544272,\n        5.40667033],\n       [4.9987829 , 2.8460068 , 3.55609069, 2.09054343, 0.25544337,\n        5.40666546],\n       [4.99878794, 2.84600763, 3.55609524, 2.09054858, 0.2554425 ,\n        5.40666693],\n       [4.99878191, 2.84600492, 3.55609549, 2.09055357, 0.25544362,\n        5.40666322]]), array([0.47879664, 0.47879664, 0.47879664, 0.47879664, 0.47879664,\n       0.47879664, 0.47879664]))", "callback": [0.6896676128338037, 0.6363073871735725, 0.5592923221787633, 0.5127723637320672, 0.4993803274638611, 0.4866522289306956, 0.4824312425639854, 0.48140314793435346, 0.4809524409329329, 0.4805942253870529, 0.48033304353639494, 0.47951859961942267, 0.4789292333823383, 0.478842251253491, 0.4788199467532933, 0.47880774582916485, 0.4787989090871748, 0.47879756876405555, 0.4787968842284386, 0.4787967273685242, 0.47879666822016875, 0.47879665195687415, 0.47879664681528733, 0.4787966457317234, 0.47879664507790154, 0.47879664462254934, 0.4787966445284745, 0.4787966444862085, 0.4787966444807037]}, "11": {"maxiter": 1000, "fatol": 1e-10, "xatol": 1e-10, "duration": 0.1636490821838379, "fun": "0.4787966444782983", "nit": "390", "nfev": "704", "status": "0", "success": "True", "message": "Optimization terminated successfully.", "x": "[4.99878089 2.84601046 3.55609396 2.09054884 0.25544276 5.40666442]", "final_simplex": "(array([[4.99878089, 2.84601046, 3.55609396, 2.09054884, 0.25544276,\n        5.40666442],\n       [4.99878089, 2.84601046, 3.55609396, 2.09054884, 0.25544276,\n        5.40666442],\n       [4.99878089, 2.84601046, 3.55609396, 2.09054884, 0.25544276,\n        5.40666442],\n       [4.99878089, 2.84601046, 3.55609396, 2.09054884, 0.25544276,\n        5.40666442],\n       [4.99878089, 2.84601046, 3.55609396, 2.09054884, 0.25544276,\n        5.40666442],\n       [4.99878089, 2.84601046, 3.55609396, 2.09054884, 0.25544276,\n        5.40666442],\n       [4.99878089, 2.84601046, 3.55609396, 2.09054884, 0.25544276,\n        5.40666442]]), array([0.47879664, 0.47879664, 0.47879664, 0.47879664, 0.47879664,\n       0.47879664, 0.47879664]))", "callback": [0.6896676128338037, 0.6363073871735725, 0.5592923221787633, 0.5127723637320672, 0.4993803274638611, 0.4866522289306956, 0.4824312425639854, 0.48140314793435346, 0.4809524409329329, 0.4805942253870529, 0.48033304353639494, 0.47951859961942267, 0.4789292333823383, 0.478842251253491, 0.4788199467532933, 0.47880774582916485, 0.4787989090871748, 0.47879756876405555, 0.4787968842284386, 0.4787967273685242, 0.47879666822016875, 0.47879665195687415, 0.47879664681528733, 0.4787966457317234, 0.47879664507790154, 0.47879664462254934, 0.4787966445284745, 0.4787966444862085, 0.4787966444807037, 0.478796644478917, 0.4787966444784443, 0.4787966444783295, 0.4787966444783115, 0.4787966444783027, 0.47879664447829995, 0.47879664447829884, 0.4787966444782983, 0.4787966444782983, 0.4787966444782983]}}, "bfgs": {"type": "gradient", "0": {"maxiter": 100, "gtol": 1e-05, "xrtol": 1e-05, "eps": 1e-05, "duration": 0.03623485565185547, "fun": "0.4787966446224422", "jac": "[-4.52217153e-06 -1.20041754e-06  3.37988526e-06 -1.84346982e-06\n -1.20413679e-06  2.69638756e-06]", "hess_inv": "[[ 3.60763362 -0.36324832  0.16701369 -0.42168429  0.33633645  0.82297305]\n [-0.36324832  4.88764212 -1.16083635  0.47592197  0.32677728 -0.9721116 ]\n [ 0.16701369 -1.16083635  4.19377717  0.46508456  0.22209405 -0.7142879 ]\n [-0.42168429  0.47592197  0.46508456  4.17065489 -0.28047867 -0.7806018 ]\n [ 0.33633645  0.32677728  0.22209405 -0.28047867  5.2462447   2.15425209]\n [ 0.82297305 -0.9721116  -0.7142879  -0.7806018   2.15425209  5.77008375]]", "nfev": "147", "njev": "21", "status": "0", "success": "True", "message": "Optimization terminated successfully.", "x": "[4.99875753 2.84598975 3.55610608 2.0905346  0.25543081 5.40666868]", "nit": "18", "callback": [0.6272243670425195, 0.6048155725946551, 0.5227232346236783, 0.5043570223729099, 0.4900182372889561, 0.4797169281736039, 0.47919901740848625, 0.47890846534470244, 0.47880816395414794, 0.47879939442076436, 0.47879817779891887, 0.4787972033092204, 0.47879683008688345, 0.4787967408930407, 0.47879670076997405, 0.4787966623702704, 0.4787966470619197, 0.4787966446224422]}, "1": {"maxiter": 100, "gtol": 1e-05, "xrtol": 1e-05, "eps": 1e-10, "duration": 0.03677487373352051, "fun": "0.4787966445938485", "jac": "[-6.66133760e-06 -2.22044587e-06  2.22044587e-06 -4.44089173e-06\n -1.11022293e-06 -2.22044587e-06]", "hess_inv": "[[ 3.63933462 -0.34820518  0.15642054 -0.40809065  0.32389407  0.7799861 ]\n [-0.34820518  4.90758529 -1.18691847  0.47209322  0.31136977 -0.99575588]\n [ 0.15642054 -1.18691847  4.1541516   0.38251126  0.26288229 -0.62642913]\n [-0.40809065  0.47209322  0.38251126  4.06978611 -0.26071317 -0.71045746]\n [ 0.32389407  0.31136977  0.26288229 -0.26071317  5.21137722  2.09994502]\n [ 0.7799861  -0.99575588 -0.62642913 -0.71045746  2.09994502  5.63373376]]", "nfev": "147", "njev": "21", "status": "0", "success": "True", "message": "Optimization terminated successfully.", "x": "[4.99876016 2.84599253 3.55611119 2.09053947 0.25543325 5.40666433]", "nit": "18", "callback": [0.6272246509883945, 0.604815416556556, 0.5227235544975833, 0.5043578779876816, 0.4900185901407422, 0.47971739245935685, 0.4791989910190376, 0.4789086532081358, 0.47880816177576824, 0.4787993855814745, 0.4787981694273661, 0.4787972041541746, 0.47879682912084065, 0.47879674069913614, 0.4787967009352887, 0.4787966620244495, 0.47879664705434744, 0.4787966445938485]}, "2": {"maxiter": 100, "gtol": 1e-05, "xrtol": 1e-10, "eps": 1e-05, "duration": 0.03486204147338867, "fun": "0.4787966446224422", "jac": "[-4.52217153e-06 -1.20041754e-06  3.37988526e-06 -1.84346982e-06\n -1.20413679e-06  2.69638756e-06]", "hess_inv": "[[ 3.60763362 -0.36324832  0.16701369 -0.42168429  0.33633645  0.82297305]\n [-0.36324832  4.88764212 -1.16083635  0.47592197  0.32677728 -0.9721116 ]\n [ 0.16701369 -1.16083635  4.19377717  0.46508456  0.22209405 -0.7142879 ]\n [-0.42168429  0.47592197  0.46508456  4.17065489 -0.28047867 -0.7806018 ]\n [ 0.33633645  0.32677728  0.22209405 -0.28047867  5.2462447   2.15425209]\n [ 0.82297305 -0.9721116  -0.7142879  -0.7806018   2.15425209  5.77008375]]", "nfev": "147", "njev": "21", "status": "0", "success": "True", "message": "Optimization terminated successfully.", "x": "[4.99875753 2.84598975 3.55610608 2.0905346  0.25543081 5.40666868]", "nit": "18", "callback": [0.6272243670425195, 0.6048155725946551, 0.5227232346236783, 0.5043570223729099, 0.4900182372889561, 0.4797169281736039, 0.47919901740848625, 0.47890846534470244, 0.47880816395414794, 0.47879939442076436, 0.47879817779891887, 0.4787972033092204, 0.47879683008688345, 0.4787967408930407, 0.47879670076997405, 0.4787966623702704, 0.4787966470619197, 0.4787966446224422]}, "3": {"maxiter": 100, "gtol": 1e-05, "xrtol": 1e-10, "eps": 1e-10, "duration": 0.0357820987701416, "fun": "0.4787966445938485", "jac": "[-6.66133760e-06 -2.22044587e-06  2.22044587e-06 -4.44089173e-06\n -1.11022293e-06 -2.22044587e-06]", "hess_inv": "[[ 3.63933462 -0.34820518  0.15642054 -0.40809065  0.32389407  0.7799861 ]\n [-0.34820518  4.90758529 -1.18691847  0.47209322  0.31136977 -0.99575588]\n [ 0.15642054 -1.18691847  4.1541516   0.38251126  0.26288229 -0.62642913]\n [-0.40809065  0.47209322  0.38251126  4.06978611 -0.26071317 -0.71045746]\n [ 0.32389407  0.31136977  0.26288229 -0.26071317  5.21137722  2.09994502]\n [ 0.7799861  -0.99575588 -0.62642913 -0.71045746  2.09994502  5.63373376]]", "nfev": "147", "njev": "21", "status": "0", "success": "True", "message": "Optimization terminated successfully.", "x": "[4.99876016 2.84599253 3.55611119 2.09053947 0.25543325 5.40666433]", "nit": "18", "callback": [0.6272246509883945, 0.604815416556556, 0.5227235544975833, 0.5043578779876816, 0.4900185901407422, 0.47971739245935685, 0.4791989910190376, 0.4789086532081358, 0.47880816177576824, 0.4787993855814745, 0.4787981694273661, 0.4787972041541746, 0.47879682912084065, 0.47879674069913614, 0.4787967009352887, 0.4787966620244495, 0.47879664705434744, 0.4787966445938485]}, "4": {"maxiter": 100, "gtol": 1e-10, "xrtol": 1e-05, "eps": 1e-05, "duration": 0.03686809539794922, "fun": "0.47879664450432136", "jac": "[-2.67141864e-07 -2.07600603e-07  9.71667191e-08 -5.02764497e-07\n  9.19708754e-08  2.59270383e-07]", "hess_inv": "[[ 3.96012915 -0.07904261 -0.16737483 -0.33039748  0.4172041   0.64497651]\n [-0.07904261  5.03954686 -1.44374446  0.40854409  0.46845037 -0.98517794]\n [-0.16737483 -1.44374446  4.5086982   0.35420927  0.15854948 -0.52297084]\n [-0.33039748  0.40854409  0.35420927  3.93698176 -0.11996018 -0.5886088 ]\n [ 0.4172041   0.46845037  0.15854948 -0.11996018  5.18908611  1.98426923]\n [ 0.64497651 -0.98517794 -0.52297084 -0.5886088   1.98426923  5.63966413]]", "nfev": "154", "njev": "22", "status": "0", "success": "True", "message": "Optimization terminated successfully.", "x": "[4.99877406 2.8460043  3.55609061 2.0905411  0.2554334  5.40665828]", "nit": "19", "callback": [0.6272243670425195, 0.6048155725946551, 0.5227232346236783, 0.5043570223729099, 0.4900182372889561, 0.4797169281736039, 0.47919901740848625, 0.47890846534470244, 0.47880816395414794, 0.47879939442076436, 0.47879817779891887, 0.4787972033092204, 0.47879683008688345, 0.4787967408930407, 0.47879670076997405, 0.4787966623702704, 0.4787966470619197, 0.4787966446224422, 0.47879664450432136]}, "5": {"maxiter": 100, "gtol": 1e-10, "xrtol": 1e-05, "eps": 1e-10, "duration": 0.03744626045227051, "fun": "0.47879664452936477", "jac": "[ 2.22044587e-06  0.00000000e+00  0.00000000e+00  0.00000000e+00\n -1.11022293e-06  2.22044587e-06]", "hess_inv": "[[ 4.53063301  0.0292494  -0.38868232 -0.24395401  0.82462899  1.20886679]\n [ 0.0292494   5.05773302 -1.44365265  0.48230257  0.53348662 -0.8444895 ]\n [-0.38868232 -1.44365265  4.41842753  0.12385283 -0.01650443 -0.9697561 ]\n [-0.24395401  0.48230257  0.12385283  3.73747739 -0.10699006 -0.81708125]\n [ 0.82462899  0.53348662 -0.01650443 -0.10699006  5.4822557   2.37238289]\n [ 1.20886679 -0.8444895  -0.9697561  -0.81708125  2.37238289  5.74508315]]", "nfev": "154", "njev": "22", "status": "0", "success": "True", "message": "Optimization terminated successfully.", "x": "[4.99879379 2.84600802 3.55609396 2.0905533  0.25545084 5.40668442]", "nit": "19", "callback": [0.6272246509883945, 0.604815416556556, 0.5227235544975833, 0.5043578779876816, 0.4900185901407422, 0.47971739245935685, 0.4791989910190376, 0.4789086532081358, 0.47880816177576824, 0.4787993855814745, 0.4787981694273661, 0.4787972041541746, 0.47879682912084065, 0.47879674069913614, 0.4787967009352887, 0.4787966620244495, 0.47879664705434744, 0.4787966445938485, 0.47879664452936477]}, "6": {"maxiter": 100, "gtol": 1e-10, "xrtol": 1e-10, "eps": 1e-05, "duration": 0.044463157653808594, "fun": "0.47879664450140147", "jac": "[-1.11022302e-11  0.00000000e+00  3.33066907e-11  1.11022302e-11\n  0.00000000e+00  1.11022302e-11]", "hess_inv": "[[ 3.87985554  0.07503934 -0.24685947 -0.20138098  0.22130848  0.56652311]\n [ 0.07503934  5.21182496 -1.53437312  0.55787778  0.44604488 -1.31123555]\n [-0.24685947 -1.53437312  4.64841089  0.48124822  0.15144665 -0.25263047]\n [-0.20138098  0.55787778  0.48124822  4.47809732 -0.18765221 -0.76471873]\n [ 0.22130848  0.44604488  0.15144665 -0.18765221  5.05458422  2.17758098]\n [ 0.56652311 -1.31123555 -0.25263047 -0.76471873  2.17758098  5.84283061]]", "nfev": "182", "njev": "26", "status": "0", "success": "True", "message": "Optimization terminated successfully.", "x": "[4.99877488 2.84600615 3.55609006 2.09054358 0.25543241 5.40665602]", "nit": "23", "callback": [0.6272243670425195, 0.6048155725946551, 0.5227232346236783, 0.5043570223729099, 0.4900182372889561, 0.4797169281736039, 0.47919901740848625, 0.47890846534470244, 0.47880816395414794, 0.47879939442076436, 0.47879817779891887, 0.4787972033092204, 0.47879683008688345, 0.4787967408930407, 0.47879670076997405, 0.4787966623702704, 0.4787966470619197, 0.4787966446224422, 0.47879664450432136, 0.4787966445014783, 0.478796644501407, 0.4787966445014029, 0.47879664450140147]}, "7": {"maxiter": 100, "gtol": 1e-10, "xrtol": 1e-10, "eps": 1e-10, "duration": 0.05888986587524414, "fun": "0.47879664448079984", "jac": "[0. 0. 0. 0. 0. 0.]", "hess_inv": "[[ 1.52830512 -0.2378409  -0.83058028 -0.37656211  0.88589418  2.35221051]\n [-0.2378409   3.29774983  1.59940311  2.20270872  0.5262598   0.1670155 ]\n [-0.83058028  1.59940311  4.22863773  1.54600209  2.59228531  1.48397894]\n [-0.37656211  2.20270872  1.54600209  3.31562254  1.0283904   0.46498603]\n [ 0.88589418  0.5262598   2.59228531  1.0283904   4.59510424  5.05058354]\n [ 2.35221051  0.1670155   1.48397894  0.46498603  5.05058354  7.28886889]]", "nfev": "245", "njev": "35", "status": "0", "success": "True", "message": "Optimization terminated successfully.", "x": "[4.99877912 2.84601202 3.55609598 2.09054924 0.25544016 5.40665992]", "nit": "25", "callback": [0.6272246509883945, 0.604815416556556, 0.5227235544975833, 0.5043578779876816, 0.4900185901407422, 0.47971739245935685, 0.4791989910190376, 0.4789086532081358, 0.47880816177576824, 0.4787993855814745, 0.4787981694273661, 0.4787972041541746, 0.47879682912084065, 0.47879674069913614, 0.4787967009352887, 0.4787966620244495, 0.47879664705434744, 0.4787966445938485, 0.47879664452936477, 0.4787966444982902, 0.47879664448508663, 0.47879664448443215, 0.4787966444808319, 0.47879664448081105, 0.47879664448079984]}, "8": {"maxiter": 500, "gtol": 1e-05, "xrtol": 1e-05, "eps": 1e-05, "duration": 0.03505992889404297, "fun": "0.4787966446224422", "jac": "[-4.52217153e-06 -1.20041754e-06  3.37988526e-06 -1.84346982e-06\n -1.20413679e-06  2.69638756e-06]", "hess_inv": "[[ 3.60763362 -0.36324832  0.16701369 -0.42168429  0.33633645  0.82297305]\n [-0.36324832  4.88764212 -1.16083635  0.47592197  0.32677728 -0.9721116 ]\n [ 0.16701369 -1.16083635  4.19377717  0.46508456  0.22209405 -0.7142879 ]\n [-0.42168429  0.47592197  0.46508456  4.17065489 -0.28047867 -0.7806018 ]\n [ 0.33633645  0.32677728  0.22209405 -0.28047867  5.2462447   2.15425209]\n [ 0.82297305 -0.9721116  -0.7142879  -0.7806018   2.15425209  5.77008375]]", "nfev": "147", "njev": "21", "status": "0", "success": "True", "message": "Optimization terminated successfully.", "x": "[4.99875753 2.84598975 3.55610608 2.0905346  0.25543081 5.40666868]", "nit": "18", "callback": [0.6272243670425195, 0.6048155725946551, 0.5227232346236783, 0.5043570223729099, 0.4900182372889561, 0.4797169281736039, 0.47919901740848625, 0.47890846534470244, 0.47880816395414794, 0.47879939442076436, 0.47879817779891887, 0.4787972033092204, 0.47879683008688345, 0.4787967408930407, 0.47879670076997405, 0.4787966623702704, 0.4787966470619197, 0.4787966446224422]}, "9": {"maxiter": 500, "gtol": 1e-05, "xrtol": 1e-05, "eps": 1e-10, "duration": 0.03426814079284668, "fun": "0.4787966445938485", "jac": "[-6.66133760e-06 -2.22044587e-06  2.22044587e-06 -4.44089173e-06\n -1.11022293e-06 -2.22044587e-06]", "hess_inv": "[[ 3.63933462 -0.34820518  0.15642054 -0.40809065  0.32389407  0.7799861 ]\n [-0.34820518  4.90758529 -1.18691847  0.47209322  0.31136977 -0.99575588]\n [ 0.15642054 -1.18691847  4.1541516   0.38251126  0.26288229 -0.62642913]\n [-0.40809065  0.47209322  0.38251126  4.06978611 -0.26071317 -0.71045746]\n [ 0.32389407  0.31136977  0.26288229 -0.26071317  5.21137722  2.09994502]\n [ 0.7799861  -0.99575588 -0.62642913 -0.71045746  2.09994502  5.63373376]]", "nfev": "147", "njev": "21", "status": "0", "success": "True", "message": "Optimization terminated successfully.", "x": "[4.99876016 2.84599253 3.55611119 2.09053947 0.25543325 5.40666433]", "nit": "18", "callback": [0.6272246509883945, 0.604815416556556, 0.5227235544975833, 0.5043578779876816, 0.4900185901407422, 0.47971739245935685, 0.4791989910190376, 0.4789086532081358, 0.47880816177576824, 0.4787993855814745, 0.4787981694273661, 0.4787972041541746, 0.47879682912084065, 0.47879674069913614, 0.4787967009352887, 0.4787966620244495, 0.47879664705434744, 0.4787966445938485]}, "10": {"maxiter": 500, "gtol": 1e-05, "xrtol": 1e-10, "eps": 1e-05, "duration": 0.03450322151184082, "fun": "0.4787966446224422", "jac": "[-4.52217153e-06 -1.20041754e-06  3.37988526e-06 -1.84346982e-06\n -1.20413679e-06  2.69638756e-06]", "hess_inv": "[[ 3.60763362 -0.36324832  0.16701369 -0.42168429  0.33633645  0.82297305]\n [-0.36324832  4.88764212 -1.16083635  0.47592197  0.32677728 -0.9721116 ]\n [ 0.16701369 -1.16083635  4.19377717  0.46508456  0.22209405 -0.7142879 ]\n [-0.42168429  0.47592197  0.46508456  4.17065489 -0.28047867 -0.7806018 ]\n [ 0.33633645  0.32677728  0.22209405 -0.28047867  5.2462447   2.15425209]\n [ 0.82297305 -0.9721116  -0.7142879  -0.7806018   2.15425209  5.77008375]]", "nfev": "147", "njev": "21", "status": "0", "success": "True", "message": "Optimization terminated successfully.", "x": "[4.99875753 2.84598975 3.55610608 2.0905346  0.25543081 5.40666868]", "nit": "18", "callback": [0.6272243670425195, 0.6048155725946551, 0.5227232346236783, 0.5043570223729099, 0.4900182372889561, 0.4797169281736039, 0.47919901740848625, 0.47890846534470244, 0.47880816395414794, 0.47879939442076436, 0.47879817779891887, 0.4787972033092204, 0.47879683008688345, 0.4787967408930407, 0.47879670076997405, 0.4787966623702704, 0.4787966470619197, 0.4787966446224422]}, "11": {"maxiter": 500, "gtol": 1e-05, "xrtol": 1e-10, "eps": 1e-10, "duration": 0.03527116775512695, "fun": "0.4787966445938485", "jac": "[-6.66133760e-06 -2.22044587e-06  2.22044587e-06 -4.44089173e-06\n -1.11022293e-06 -2.22044587e-06]", "hess_inv": "[[ 3.63933462 -0.34820518  0.15642054 -0.40809065  0.32389407  0.7799861 ]\n [-0.34820518  4.90758529 -1.18691847  0.47209322  0.31136977 -0.99575588]\n [ 0.15642054 -1.18691847  4.1541516   0.38251126  0.26288229 -0.62642913]\n [-0.40809065  0.47209322  0.38251126  4.06978611 -0.26071317 -0.71045746]\n [ 0.32389407  0.31136977  0.26288229 -0.26071317  5.21137722  2.09994502]\n [ 0.7799861  -0.99575588 -0.62642913 -0.71045746  2.09994502  5.63373376]]", "nfev": "147", "njev": "21", "status": "0", "success": "True", "message": "Optimization terminated successfully.", "x": "[4.99876016 2.84599253 3.55611119 2.09053947 0.25543325 5.40666433]", "nit": "18", "callback": [0.6272246509883945, 0.604815416556556, 0.5227235544975833, 0.5043578779876816, 0.4900185901407422, 0.47971739245935685, 0.4791989910190376, 0.4789086532081358, 0.47880816177576824, 0.4787993855814745, 0.4787981694273661, 0.4787972041541746, 0.47879682912084065, 0.47879674069913614, 0.4787967009352887, 0.4787966620244495, 0.47879664705434744, 0.4787966445938485]}, "12": {"maxiter": 500, "gtol": 1e-10, "xrtol": 1e-05, "eps": 1e-05, "duration": 0.03600263595581055, "fun": "0.47879664450432136", "jac": "[-2.67141864e-07 -2.07600603e-07  9.71667191e-08 -5.02764497e-07\n  9.19708754e-08  2.59270383e-07]", "hess_inv": "[[ 3.96012915 -0.07904261 -0.16737483 -0.33039748  0.4172041   0.64497651]\n [-0.07904261  5.03954686 -1.44374446  0.40854409  0.46845037 -0.98517794]\n [-0.16737483 -1.44374446  4.5086982   0.35420927  0.15854948 -0.52297084]\n [-0.33039748  0.40854409  0.35420927  3.93698176 -0.11996018 -0.5886088 ]\n [ 0.4172041   0.46845037  0.15854948 -0.11996018  5.18908611  1.98426923]\n [ 0.64497651 -0.98517794 -0.52297084 -0.5886088   1.98426923  5.63966413]]", "nfev": "154", "njev": "22", "status": "0", "success": "True", "message": "Optimization terminated successfully.", "x": "[4.99877406 2.8460043  3.55609061 2.0905411  0.2554334  5.40665828]", "nit": "19", "callback": [0.6272243670425195, 0.6048155725946551, 0.5227232346236783, 0.5043570223729099, 0.4900182372889561, 0.4797169281736039, 0.47919901740848625, 0.47890846534470244, 0.47880816395414794, 0.47879939442076436, 0.47879817779891887, 0.4787972033092204, 0.47879683008688345, 0.4787967408930407, 0.47879670076997405, 0.4787966623702704, 0.4787966470619197, 0.4787966446224422, 0.47879664450432136]}, "13": {"maxiter": 500, "gtol": 1e-10, "xrtol": 1e-05, "eps": 1e-10, "duration": 0.0365450382232666, "fun": "0.47879664452936477", "jac": "[ 2.22044587e-06  0.00000000e+00  0.00000000e+00  0.00000000e+00\n -1.11022293e-06  2.22044587e-06]", "hess_inv": "[[ 4.53063301  0.0292494  -0.38868232 -0.24395401  0.82462899  1.20886679]\n [ 0.0292494   5.05773302 -1.44365265  0.48230257  0.53348662 -0.8444895 ]\n [-0.38868232 -1.44365265  4.41842753  0.12385283 -0.01650443 -0.9697561 ]\n [-0.24395401  0.48230257  0.12385283  3.73747739 -0.10699006 -0.81708125]\n [ 0.82462899  0.53348662 -0.01650443 -0.10699006  5.4822557   2.37238289]\n [ 1.20886679 -0.8444895  -0.9697561  -0.81708125  2.37238289  5.74508315]]", "nfev": "154", "njev": "22", "status": "0", "success": "True", "message": "Optimization terminated successfully.", "x": "[4.99879379 2.84600802 3.55609396 2.0905533  0.25545084 5.40668442]", "nit": "19", "callback": [0.6272246509883945, 0.604815416556556, 0.5227235544975833, 0.5043578779876816, 0.4900185901407422, 0.47971739245935685, 0.4791989910190376, 0.4789086532081358, 0.47880816177576824, 0.4787993855814745, 0.4787981694273661, 0.4787972041541746, 0.47879682912084065, 0.47879674069913614, 0.4787967009352887, 0.4787966620244495, 0.47879664705434744, 0.4787966445938485, 0.47879664452936477]}, "14": {"maxiter": 500,