{"date": "2024/09/25/, 20:19:00", "conf_id": 309, "data_type": "var_s_rank\n", "num_data_points": 4, "s_rank": 0, "unitary": "[[-0.24866696+0.58742286j,-0.44704345-0.43151574j,-0.35669027-0.20570733j,-0.10517633+0.1626036j],[0.10596805-0.19687975j,-0.30269685-0.15056416j,0.18246286+0.30440582j,-0.83484447-0.11310748j],[0.26054512-0.52548482j,0.0285017-0.50723956j,-0.43110112+0.17165838j,0.15243271+0.39915801j],[0.42978035+0.11991271j,-0.17224126-0.46030424j,0.6827807-0.15164662j,0.26483638+0.0061855j]]", "databatch_0": {"databatch": "[[[-0.125455-9.75975731e-02j,-0.15932117-1.29862683e-01j,0.01958127-5.10295432e-02j,-0.16987757-1.44317493e-01j],[-0.25159068+1.87957812e-02j,-0.04999587+1.70956465e-01j,0.0301015+1.10321664e-01j,0.13419446+7.67606057e-01j],[-0.13223705-7.20095339e-02j,-0.12304422-2.21234970e-02j,0.03938295-1.53207717e-02j,-0.24370245-3.13316780e-02j],[0.10126917-8.69343041e-03j,0.07122632+4.51046833e-02j,-0.07010624+3.20328787e-02j,-0.0797122+1.84229467e-01j]],[[0.09204625-4.84558353e-02j,0.66033039+9.99481103e-02j,0.21945259-5.02069109e-02j,-0.11657255+3.37610291e-02j],[-0.01967961-2.36419619e-02j,-0.01172445-1.97146156e-01j,-0.0280261-6.03855749e-02j,0.01693848+3.16402690e-02j],[0.08206746+4.19992297e-02j,0.26435504+5.29575094e-01j,0.14831913+1.33448285e-01j,-0.08392632-6.72704801e-02j],[0.02127256-7.17231094e-04j,0.11270196+7.72830066e-02j,0.04489318+1.03199091e-02j,-0.02447939-4.17590105e-03j]],[[-0.08739678+1.09356647e-01j,-0.06567042-1.45674380e-02j,-0.10835562+1.76529511e-01j,-0.13449761-7.94236606e-02j],[0.08555409+9.16541575e-02j,0.05646716+1.74573807e-01j,-0.13567796+1.68071314e-01j,-0.23944002-4.36249832e-01j],[0.36208188+5.44081367e-02j,-0.02020384-6.72496939e-02j,0.31702024-1.85333263e-01j,0.0357534-1.06901005e-01j],[-0.06911252-6.63365226e-02j,0.40693393-3.80204811e-02j,0.11541646-9.74640347e-02j,0.28112416+1.64573455e-02j]],[[0.14709816-5.61666773e-02j,-0.11265686+2.10107518e-01j,-0.33358049-4.29112569e-02j,-0.49923772+2.58880385e-02j],[-0.07688939-3.27429645e-02j,0.12045311-3.87555399e-02j,0.11162295+1.39303745e-01j,0.20025686+1.74059073e-01j],[0.04117311-1.15222033e-01j,0.0671103+1.72678542e-01j,-0.19389705+1.75246783e-01j,-0.23699067+3.07808727e-01j],[0.01244081-9.40961253e-02j,0.07904779+1.20017361e-01j,-0.11847987+1.64517083e-01j,-0.12955026+2.72076790e-01j]]]", "initial param values": "[5.20603688,0.70450874,0.99281615,4.68673254,3.67772958,0.84199669]", "nelder_mead": {"type": "gradient-free", "0": {"maxiter": 100, "fatol": 1e-05, "xatol": 1e-05, "duration": 0.03955674171447754, "fun": "0.5979139332529002", "nit": "100", "nfev": "151", "status": "2", "success": "False", "message": "Maximum number of iterations has been exceeded.", "x": "[ 4.64522603  1.87388438 -0.84880952  7.16459041  4.86631828  0.50676659]", "final_simplex": "(array([[ 4.64522603,  1.87388438, -0.84880952,  7.16459041,  4.86631828,\n         0.50676659],\n       [ 4.89100101,  1.5494947 , -0.58210395,  7.02915272,  5.08345131,\n         0.64847759],\n       [ 5.06369485,  2.02550496, -0.99535653,  7.08397263,  5.29933263,\n         0.43673274],\n       [ 4.70685087,  1.66183361, -0.79242997,  7.15390165,  5.15597839,\n         0.63468274],\n       [ 5.09106354,  1.57304886, -0.71833593,  6.97478999,  5.17216093,\n         0.67558071],\n       [ 4.87980981,  1.74085413, -0.75454214,  6.86408765,  5.13671258,\n         0.56386045],\n       [ 4.99652712,  1.53137381, -0.61940323,  6.89945191,  5.15840219,\n         0.70640766]]), array([0.59791393, 0.60137396, 0.60227935, 0.60622004, 0.61252495,\n       0.61555987, 0.61675544]))", "callback": [0.8798568664303914, 0.7928694653111409, 0.7582070109543927, 0.7466908642350557, 0.6747797164334972, 0.6640257332270247, 0.6616707182169665, 0.6591614524639404, 0.6439988808302205, 0.6167554372685342]}, "1": {"maxiter": 100, "fatol": 1e-05, "xatol": 1e-10, "duration": 0.03814888000488281, "fun": "0.5979139332529002", "nit": "100", "nfev": "151", "status": "2", "success": "False", "message": "Maximum number of iterations has been exceeded.", "x": "[ 4.64522603  1.87388438 -0.84880952  7.16459041  4.86631828  0.50676659]", "final_simplex": "(array([[ 4.64522603,  1.87388438, -0.84880952,  7.16459041,  4.86631828,\n         0.50676659],\n       [ 4.89100101,  1.5494947 , -0.58210395,  7.02915272,  5.08345131,\n         0.64847759],\n       [ 5.06369485,  2.02550496, -0.99535653,  7.08397263,  5.29933263,\n         0.43673274],\n       [ 4.70685087,  1.66183361, -0.79242997,  7.15390165,  5.15597839,\n         0.63468274],\n       [ 5.09106354,  1.57304886, -0.71833593,  6.97478999,  5.17216093,\n         0.67558071],\n       [ 4.87980981,  1.74085413, -0.75454214,  6.86408765,  5.13671258,\n         0.56386045],\n       [ 4.99652712,  1.53137381, -0.61940323,  6.89945191,  5.15840219,\n         0.70640766]]), array([0.59791393, 0.60137396, 0.60227935, 0.60622004, 0.61252495,\n       0.61555987, 0.61675544]))", "callback": [0.8798568664303914, 0.7928694653111409, 0.7582070109543927, 0.7466908642350557, 0.6747797164334972, 0.6640257332270247, 0.6616707182169665, 0.6591614524639404, 0.6439988808302205, 0.6167554372685342]}, "2": {"maxiter": 100, "fatol": 1e-10, "xatol": 1e-05, "duration": 0.03741717338562012, "fun": "0.5979139332529002", "nit": "100", "nfev": "151", "status": "2", "success": "False", "message": "Maximum number of iterations has been exceeded.", "x": "[ 4.64522603  1.87388438 -0.84880952  7.16459041  4.86631828  0.50676659]", "final_simplex": "(array([[ 4.64522603,  1.87388438, -0.84880952,  7.16459041,  4.86631828,\n         0.50676659],\n       [ 4.89100101,  1.5494947 , -0.58210395,  7.02915272,  5.08345131,\n         0.64847759],\n       [ 5.06369485,  2.02550496, -0.99535653,  7.08397263,  5.29933263,\n         0.43673274],\n       [ 4.70685087,  1.66183361, -0.79242997,  7.15390165,  5.15597839,\n         0.63468274],\n       [ 5.09106354,  1.57304886, -0.71833593,  6.97478999,  5.17216093,\n         0.67558071],\n       [ 4.87980981,  1.74085413, -0.75454214,  6.86408765,  5.13671258,\n         0.56386045],\n       [ 4.99652712,  1.53137381, -0.61940323,  6.89945191,  5.15840219,\n         0.70640766]]), array([0.59791393, 0.60137396, 0.60227935, 0.60622004, 0.61252495,\n       0.61555987, 0.61675544]))", "callback": [0.8798568664303914, 0.7928694653111409, 0.7582070109543927, 0.7466908642350557, 0.6747797164334972, 0.6640257332270247, 0.6616707182169665, 0.6591614524639404, 0.6439988808302205, 0.6167554372685342]}, "3": {"maxiter": 100, "fatol": 1e-10, "xatol": 1e-10, "duration": 0.036271095275878906, "fun": "0.5979139332529002", "nit": "100", "nfev": "151", "status": "2", "success": "False", "message": "Maximum number of iterations has been exceeded.", "x": "[ 4.64522603  1.87388438 -0.84880952  7.16459041  4.86631828  0.50676659]", "final_simplex": "(array([[ 4.64522603,  1.87388438, -0.84880952,  7.16459041,  4.86631828,\n         0.50676659],\n       [ 4.89100101,  1.5494947 , -0.58210395,  7.02915272,  5.08345131,\n         0.64847759],\n       [ 5.06369485,  2.02550496, -0.99535653,  7.08397263,  5.29933263,\n         0.43673274],\n       [ 4.70685087,  1.66183361, -0.79242997,  7.15390165,  5.15597839,\n         0.63468274],\n       [ 5.09106354,  1.57304886, -0.71833593,  6.97478999,  5.17216093,\n         0.67558071],\n       [ 4.87980981,  1.74085413, -0.75454214,  6.86408765,  5.13671258,\n         0.56386045],\n       [ 4.99652712,  1.53137381, -0.61940323,  6.89945191,  5.15840219,\n         0.70640766]]), array([0.59791393, 0.60137396, 0.60227935, 0.60622004, 0.61252495,\n       0.61555987, 0.61675544]))", "callback": [0.8798568664303914, 0.7928694653111409, 0.7582070109543927, 0.7466908642350557, 0.6747797164334972, 0.6640257332270247, 0.6616707182169665, 0.6591614524639404, 0.6439988808302205, 0.6167554372685342]}, "4": {"maxiter": 500, "fatol": 1e-05, "xatol": 1e-05, "duration": 0.15404295921325684, "fun": "0.33823202934598107", "nit": "394", "nfev": "625", "status": "0", "success": "True", "message": "Optimization terminated successfully.", "x": "[ 5.1389078   3.22558618  0.92305641  8.17531897  3.38818594 -1.23416264]", "final_simplex": "(array([[ 5.1389078 ,  3.22558618,  0.92305641,  8.17531897,  3.38818594,\n        -1.23416264],\n       [ 5.13890777,  3.22558582,  0.92305988,  8.17531758,  3.38819205,\n        -1.23415471],\n       [ 5.13890933,  3.22558152,  0.92305936,  8.17531642,  3.3881836 ,\n        -1.23415582],\n       [ 5.1389085 ,  3.22558508,  0.92305143,  8.17531692,  3.38819191,\n        -1.23415569],\n       [ 5.13890783,  3.22559252,  0.92305616,  8.17531199,  3.38817995,\n        -1.23416328],\n       [ 5.13891107,  3.22558513,  0.92305581,  8.17530995,  3.38818572,\n        -1.2341622 ],\n       [ 5.13891533,  3.22558913,  0.92306237,  8.17531687,  3.3881824 ,\n        -1.23416165]]), array([0.33823203, 0.33823203, 0.33823203, 0.33823203, 0.33823203,\n       0.33823203, 0.33823203]))", "callback": [0.8798568664303914, 0.7928694653111409, 0.7582070109543927, 0.7466908642350557, 0.6747797164334972, 0.6640257332270247, 0.6616707182169665, 0.6591614524639404, 0.6439988808302205, 0.6167554372685342, 0.5799322311369153, 0.5300822408265027, 0.5137092316331763, 0.419232757085254, 0.38086997044224224, 0.3549542616341811, 0.3429072301624885, 0.3393040935955398, 0.3386253089884995, 0.3385480427336729, 0.33850585006249523, 0.3384981425759659, 0.3384883436236209, 0.33847884361377223, 0.3384571034270978, 0.3383611341377696, 0.33824822229411355, 0.3382389581236461, 0.33823615678925567, 0.3382335546560117, 0.3382323373121814, 0.338232102345398, 0.3382320749244564, 0.3382320365558379, 0.33823203253406886, 0.33823202991917944, 0.33823202950011644, 0.3382320293948694, 0.33823202935746655, 0.3382320293467126]}, "5": {"maxiter": 500, "fatol": 1e-05, "xatol": 1e-10, "duration": 0.18502330780029297, "fun": "0.33823202933995633", "nit": "500", "nfev": "807", "status": "2", "success": "False", "message": "Maximum number of iterations has been exceeded.", "x": "[ 5.13890331  3.22558403  0.9230578   8.17531451  3.38819063 -1.23415885]", "final_simplex": "(array([[ 5.13890331,  3.22558403,  0.9230578 ,  8.17531451,  3.38819063,\n        -1.23415885],\n       [ 5.13890331,  3.22558403,  0.9230578 ,  8.17531451,  3.38819063,\n        -1.23415885],\n       [ 5.13890331,  3.22558404,  0.9230578 ,  8.1753145 ,  3.38819063,\n        -1.23415886],\n       [ 5.13890331,  3.22558403,  0.9230578 ,  8.17531451,  3.38819063,\n        -1.23415885],\n       [ 5.13890331,  3.22558403,  0.9230578 ,  8.17531451,  3.38819064,\n        -1.23415885],\n       [ 5.13890331,  3.22558403,  0.9230578 ,  8.17531451,  3.38819063,\n        -1.23415885],\n       [ 5.13890331,  3.22558403,  0.9230578 ,  8.17531451,  3.38819063,\n        -1.23415885]]), array([0.33823203, 0.33823203, 0.33823203, 0.33823203, 0.33823203,\n       0.33823203, 0.33823203]))", "callback": [0.8798568664303914, 0.7928694653111409, 0.7582070109543927, 0.7466908642350557, 0.6747797164334972, 0.6640257332270247, 0.6616707182169665, 0.6591614524639404, 0.6439988808302205, 0.6167554372685342, 0.5799322311369153, 0.5300822408265027, 0.5137092316331763, 0.419232757085254, 0.38086997044224224, 0.3549542616341811, 0.3429072301624885, 0.3393040935955398, 0.3386253089884995, 0.3385480427336729, 0.33850585006249523, 0.3384981425759659, 0.3384883436236209, 0.33847884361377223, 0.3384571034270978, 0.3383611341377696, 0.33824822229411355, 0.3382389581236461, 0.33823615678925567, 0.3382335546560117, 0.3382323373121814, 0.338232102345398, 0.3382320749244564, 0.3382320365558379, 0.33823203253406886, 0.33823202991917944, 0.33823202950011644, 0.3382320293948694, 0.33823202935746655, 0.3382320293467126, 0.3382320293425207, 0.3382320293403238, 0.3382320293403238, 0.3382320293401577, 0.33823202933996466, 0.33823202933996466, 0.33823202933995955, 0.3382320293399578, 0.33823202933995644, 0.33823202933995644]}, "6": {"maxiter": 500, "fatol": 1e-10, "xatol": 1e-05, "duration": 0.15907621383666992, "fun": "0.33823202934598107", "nit": "394", "nfev": "625", "status": "0", "success": "True", "message": "Optimization terminated successfully.", "x": "[ 5.1389078   3.22558618  0.92305641  8.17531897  3.38818594 -1.23416264]", "final_simplex": "(array([[ 5.1389078 ,  3.22558618,  0.92305641,  8.17531897,  3.38818594,\n        -1.23416264],\n       [ 5.13890777,  3.22558582,  0.92305988,  8.17531758,  3.38819205,\n        -1.23415471],\n       [ 5.13890933,  3.22558152,  0.92305936,  8.17531642,  3.3881836 ,\n        -1.23415582],\n       [ 5.1389085 ,  3.22558508,  0.92305143,  8.17531692,  3.38819191,\n        -1.23415569],\n       [ 5.13890783,  3.22559252,  0.92305616,  8.17531199,  3.38817995,\n        -1.23416328],\n       [ 5.13891107,  3.22558513,  0.92305581,  8.17530995,  3.38818572,\n        -1.2341622 ],\n       [ 5.13891533,  3.22558913,  0.92306237,  8.17531687,  3.3881824 ,\n        -1.23416165]]), array([0.33823203, 0.33823203, 0.33823203, 0.33823203, 0.33823203,\n       0.33823203, 0.33823203]))", "callback": [0.8798568664303914, 0.7928694653111409, 0.7582070109543927, 0.7466908642350557, 0.6747797164334972, 0.6640257332270247, 0.6616707182169665, 0.6591614524639404, 0.6439988808302205, 0.6167554372685342, 0.5799322311369153, 0.5300822408265027, 0.5137092316331763, 0.419232757085254, 0.38086997044224224, 0.3549542616341811, 0.3429072301624885, 0.3393040935955398, 0.3386253089884995, 0.3385480427336729, 0.33850585006249523, 0.3384981425759659, 0.3384883436236209, 0.33847884361377223, 0.3384571034270978, 0.3383611341377696, 0.33824822229411355, 0.3382389581236461, 0.33823615678925567, 0.3382335546560117, 0.3382323373121814, 0.338232102345398, 0.3382320749244564, 0.3382320365558379, 0.33823203253406886, 0.33823202991917944, 0.33823202950011644, 0.3382320293948694, 0.33823202935746655, 0.3382320293467126]}, "7": {"maxiter": 500, "fatol": 1e-10, "xatol": 1e-10, "duration": 0.19704389572143555, "fun": "0.33823202933995633", "nit": "500", "nfev": "807", "status": "2", "success": "False", "message": "Maximum number of iterations has been exceeded.", "x": "[ 5.13890331  3.22558403  0.9230578   8.17531451  3.38819063 -1.23415885]", "final_simplex": "(array([[ 5.13890331,  3.22558403,  0.9230578 ,  8.17531451,  3.38819063,\n        -1.23415885],\n       [ 5.13890331,  3.22558403,  0.9230578 ,  8.17531451,  3.38819063,\n        -1.23415885],\n       [ 5.13890331,  3.22558404,  0.9230578 ,  8.1753145 ,  3.38819063,\n        -1.23415886],\n       [ 5.13890331,  3.22558403,  0.9230578 ,  8.17531451,  3.38819063,\n        -1.23415885],\n       [ 5.13890331,  3.22558403,  0.9230578 ,  8.17531451,  3.38819064,\n        -1.23415885],\n       [ 5.13890331,  3.22558403,  0.9230578 ,  8.17531451,  3.38819063,\n        -1.23415885],\n       [ 5.13890331,  3.22558403,  0.9230578 ,  8.17531451,  3.38819063,\n        -1.23415885]]), array([0.33823203, 0.33823203, 0.33823203, 0.33823203, 0.33823203,\n       0.33823203, 0.33823203]))", "callback": [0.8798568664303914, 0.7928694653111409, 0.7582070109543927, 0.7466908642350557, 0.6747797164334972, 0.6640257332270247, 0.6616707182169665, 0.6591614524639404, 0.6439988808302205, 0.6167554372685342, 0.5799322311369153, 0.5300822408265027, 0.5137092316331763, 0.419232757085254, 0.38086997044224224, 0.3549542616341811, 0.3429072301624885, 0.3393040935955398, 0.3386253089884995, 0.3385480427336729, 0.33850585006249523, 0.3384981425759659, 0.3384883436236209, 0.33847884361377223, 0.3384571034270978, 0.3383611341377696, 0.33824822229411355, 0.3382389581236461, 0.33823615678925567, 0.3382335546560117, 0.3382323373121814, 0.338232102345398, 0.3382320749244564, 0.3382320365558379, 0.33823203253406886, 0.33823202991917944, 0.33823202950011644, 0.3382320293948694, 0.33823202935746655, 0.3382320293467126, 0.3382320293425207, 0.3382320293403238, 0.3382320293403238, 0.3382320293401577, 0.33823202933996466, 0.33823202933996466, 0.33823202933995955, 0.3382320293399578, 0.33823202933995644, 0.33823202933995644]}, "8": {"maxiter": 1000, "fatol": 1e-05, "xatol": 1e-05, "duration": 0.15462303161621094, "fun": "0.33823202934598107", "nit": "394", "nfev": "625", "status": "0", "success": "True", "message": "Optimization terminated successfully.", "x": "[ 5.1389078   3.22558618  0.92305641  8.17531897  3.38818594 -1.23416264]", "final_simplex": "(array([[ 5.1389078 ,  3.22558618,  0.92305641,  8.17531897,  3.38818594,\n        -1.23416264],\n       [ 5.13890777,  3.22558582,  0.92305988,  8.17531758,  3.38819205,\n        -1.23415471],\n       [ 5.13890933,  3.22558152,  0.92305936,  8.17531642,  3.3881836 ,\n        -1.23415582],\n       [ 5.1389085 ,  3.22558508,  0.92305143,  8.17531692,  3.38819191,\n        -1.23415569],\n       [ 5.13890783,  3.22559252,  0.92305616,  8.17531199,  3.38817995,\n        -1.23416328],\n       [ 5.13891107,  3.22558513,  0.92305581,  8.17530995,  3.38818572,\n        -1.2341622 ],\n       [ 5.13891533,  3.22558913,  0.92306237,  8.17531687,  3.3881824 ,\n        -1.23416165]]), array([0.33823203, 0.33823203, 0.33823203, 0.33823203, 0.33823203,\n       0.33823203, 0.33823203]))", "callback": [0.8798568664303914, 0.7928694653111409, 0.7582070109543927, 0.7466908642350557, 0.6747797164334972, 0.6640257332270247, 0.6616707182169665, 0.6591614524639404, 0.6439988808302205, 0.6167554372685342, 0.5799322311369153, 0.5300822408265027, 0.5137092316331763, 0.419232757085254, 0.38086997044224224, 0.3549542616341811, 0.3429072301624885, 0.3393040935955398, 0.3386253089884995, 0.3385480427336729, 0.33850585006249523, 0.3384981425759659, 0.3384883436236209, 0.33847884361377223, 0.3384571034270978, 0.3383611341377696, 0.33824822229411355, 0.3382389581236461, 0.33823615678925567, 0.3382335546560117, 0.3382323373121814, 0.338232102345398, 0.3382320749244564, 0.3382320365558379, 0.33823203253406886, 0.33823202991917944, 0.33823202950011644, 0.3382320293948694, 0.33823202935746655, 0.3382320293467126]}, "9": {"maxiter": 1000, "fatol": 1e-05, "xatol": 1e-10, "duration": 0.21215105056762695, "fun": "0.3382320293399562", "nit": "518", "nfev": "879", "status": "0", "success": "True", "message": "Optimization terminated successfully.", "x": "[ 5.13890331  3.22558403  0.9230578   8.17531451  3.38819063 -1.23415885]", "final_simplex": "(array([[ 5.13890331,  3.22558403,  0.9230578 ,  8.17531451,  3.38819063,\n        -1.23415885],\n       [ 5.13890331,  3.22558403,  0.9230578 ,  8.17531451,  3.38819063,\n        -1.23415885],\n       [ 5.13890331,  3.22558403,  0.9230578 ,  8.17531451,  3.38819063,\n        -1.23415885],\n       [ 5.13890331,  3.22558403,  0.9230578 ,  8.17531451,  3.38819063,\n        -1.23415885],\n       [ 5.13890331,  3.22558403,  0.9230578 ,  8.17531451,  3.38819063,\n        -1.23415885],\n       [ 5.13890331,  3.22558403,  0.9230578 ,  8.17531451,  3.38819063,\n        -1.23415885],\n       [ 5.13890331,  3.22558403,  0.9230578 ,  8.17531451,  3.38819063,\n        -1.23415885]]), array([0.33823203, 0.33823203, 0.33823203, 0.33823203, 0.33823203,\n       0.33823203, 0.33823203]))", "callback": [0.8798568664303914, 0.7928694653111409, 0.7582070109543927, 0.7466908642350557, 0.6747797164334972, 0.6640257332270247, 0.6616707182169665, 0.6591614524639404, 0.6439988808302205, 0.6167554372685342, 0.5799322311369153, 0.5300822408265027, 0.5137092316331763, 0.419232757085254, 0.38086997044224224, 0.3549542616341811, 0.3429072301624885, 0.3393040935955398, 0.3386253089884995, 0.3385480427336729, 0.33850585006249523, 0.3384981425759659, 0.3384883436236209, 0.33847884361377223, 0.3384571034270978, 0.3383611341377696, 0.33824822229411355, 0.3382389581236461, 0.33823615678925567, 0.3382335546560117, 0.3382323373121814, 0.338232102345398, 0.3382320749244564, 0.3382320365558379, 0.33823203253406886, 0.33823202991917944, 0.33823202950011644, 0.3382320293948694, 0.33823202935746655, 0.3382320293467126, 0.3382320293425207, 0.3382320293403238, 0.3382320293403238, 0.3382320293401577, 0.33823202933996466, 0.33823202933996466, 0.33823202933995955, 0.3382320293399578, 0.33823202933995644, 0.33823202933995644, 0.33823202933995633, 0.33823202933995633]}, "10": {"maxiter": 1000, "fatol": 1e-10, "xatol": 1e-05, "duration": 0.14997601509094238, "fun": "0.33823202934598107", "nit": "394", "nfev": "625", "status": "0", "success": "True", "message": "Optimization terminated successfully.", "x": "[ 5.1389078   3.22558618  0.92305641  8.17531897  3.38818594 -1.23416264]", "final_simplex": "(array([[ 5.1389078 ,  3.22558618,  0.92305641,  8.17531897,  3.38818594,\n        -1.23416264],\n       [ 5.13890777,  3.22558582,  0.92305988,  8.17531758,  3.38819205,\n        -1.23415471],\n       [ 5.13890933,  3.22558152,  0.92305936,  8.17531642,  3.3881836 ,\n        -1.23415582],\n       [ 5.1389085 ,  3.22558508,  0.92305143,  8.17531692,  3.38819191,\n        -1.23415569],\n       [ 5.13890783,  3.22559252,  0.92305616,  8.17531199,  3.38817995,\n        -1.23416328],\n       [ 5.13891107,  3.22558513,  0.92305581,  8.17530995,  3.38818572,\n        -1.2341622 ],\n       [ 5.13891533,  3.22558913,  0.92306237,  8.17531687,  3.3881824 ,\n        -1.23416165]]), array([0.33823203, 0.33823203, 0.33823203, 0.33823203, 0.33823203,\n       0.33823203, 0.33823203]))", "callback": [0.8798568664303914, 0.7928694653111409, 0.7582070109543927, 0.7466908642350557, 0.6747797164334972, 0.6640257332270247, 0.6616707182169665, 0.6591614524639404, 0.6439988808302205, 0.6167554372685342, 0.5799322311369153, 0.5300822408265027, 0.5137092316331763, 0.419232757085254, 0.38086997044224224, 0.3549542616341811, 0.3429072301624885, 0.3393040935955398, 0.3386253089884995, 0.3385480427336729, 0.33850585006249523, 0.3384981425759659, 0.3384883436236209, 0.33847884361377223, 0.3384571034270978, 0.3383611341377696, 0.33824822229411355, 0.3382389581236461, 0.33823615678925567, 0.3382335546560117, 0.3382323373121814, 0.338232102345398, 0.3382320749244564, 0.3382320365558379, 0.33823203253406886, 0.33823202991917944, 0.33823202950011644, 0.3382320293948694, 0.33823202935746655, 0.3382320293467126]}, "11": {"maxiter": 1000, "fatol": 1e-10, "xatol": 1e-10, "duration": 0.20918726921081543, "fun": "0.3382320293399562", "nit": "518", "nfev": "879", "status": "0", "success": "True", "message": "Optimization terminated successfully.", "x": "[ 5.13890331  3.22558403  0.9230578   8.17531451  3.38819063 -1.23415885]", "final_simplex": "(array([[ 5.13890331,  3.22558403,  0.9230578 ,  8.17531451,  3.38819063,\n        -1.23415885],\n       [ 5.13890331,  3.22558403,  0.9230578 ,  8.17531451,  3.38819063,\n        -1.23415885],\n       [ 5.13890331,  3.22558403,  0.9230578 ,  8.17531451,  3.38819063,\n        -1.23415885],\n       [ 5.13890331,  3.22558403,  0.9230578 ,  8.17531451,  3.38819063,\n        -1.23415885],\n       [ 5.13890331,  3.22558403,  0.9230578 ,  8.17531451,  3.38819063,\n        -1.23415885],\n       [ 5.13890331,  3.22558403,  0.9230578 ,  8.17531451,  3.38819063,\n        -1.23415885],\n       [ 5.13890331,  3.22558403,  0.9230578 ,  8.17531451,  3.38819063,\n        -1.23415885]]), array([0.33823203, 0.33823203, 0.33823203, 0.33823203, 0.33823203,\n       0.33823203, 0.33823203]))", "callback": [0.8798568664303914, 0.7928694653111409, 0.7582070109543927, 0.7466908642350557, 0.6747797164334972, 0.6640257332270247, 0.6616707182169665, 0.6591614524639404, 0.6439988808302205, 0.6167554372685342, 0.5799322311369153, 0.5300822408265027, 0.5137092316331763, 0.419232757085254, 0.38086997044224224, 0.3549542616341811, 0.3429072301624885, 0.3393040935955398, 0.3386253089884995, 0.3385480427336729, 0.33850585006249523, 0.3384981425759659, 0.3384883436236209, 0.33847884361377223, 0.3384571034270978, 0.3383611341377696, 0.33824822229411355, 0.3382389581236461, 0.33823615678925567, 0.3382335546560117, 0.3382323373121814, 0.338232102345398, 0.3382320749244564, 0.3382320365558379, 0.33823203253406886, 0.33823202991917944, 0.33823202950011644, 0.3382320293948694, 0.33823202935746655, 0.3382320293467126, 0.3382320293425207, 0.3382320293403238, 0.3382320293403238, 0.3382320293401577, 0.33823202933996466, 0.33823202933996466, 0.33823202933995955, 0.3382320293399578, 0.33823202933995644, 0.33823202933995644, 0.33823202933995633, 0.33823202933995633]}}, "bfgs": {"type": "gradient", "0": {"maxiter": 100, "gtol": 1e-05, "xrtol": 1e-05, "eps": 1e-05, "duration": 0.056455135345458984, "fun": "0.3382320294780953", "jac": "[ 2.76713097e-06  7.11216641e-06  6.74177381e-06 -1.45868873e-06\n  5.43013412e-06  1.87430071e-06]", "hess_inv": "[[ 5.98878426  1.63653737  1.07634919  0.53678086 -3.52477925 -1.53764202]\n [ 1.63653737  5.60362468 -1.16988165  1.24460296 -2.68226084 -2.94857153]\n [ 1.07634919 -1.16988165  6.72583509  1.48768505 -3.11219116  1.93889007]\n [ 0.53678086  1.24460296  1.48768505  4.33903315 -1.99906881 -0.18403524]\n [-3.52477925 -2.68226084 -3.11219116 -1.99906881  8.1668406   2.04480416]\n [-1.53764202 -2.94857153  1.93889007 -0.18403524  2.04480416  7.11937391]]", "nfev": "231", "njev": "33", "status": "0", "success": "True", "message": "Optimization terminated successfully.", "x": "[5.13891463 3.2255998  0.92307931 4.39105316 0.2466049  1.90744287]", "nit": "29", "callback": [0.676258228596744, 0.6615966330846508, 0.6459774731760042, 0.6255913429950521, 0.6157807550549108, 0.5986556325384995, 0.5719962041283402, 0.5407743859850594, 0.5058901209477583, 0.4509510188778383, 0.4431184729467239, 0.4289005679234065, 0.40563319630206784, 0.3849296485180126, 0.3772816609269919, 0.36385578101327276, 0.34791518255256204, 0.34661649823465646, 0.3444755763920151, 0.3413960232753033, 0.33957062791165127, 0.3388916934706484, 0.3386053152861124, 0.33844121543944117, 0.3382999598672972, 0.3382396251253781, 0.3382322625274341, 0.3382320344285834, 0.3382320294780953]}, "1": {"maxiter": 100, "gtol": 1e-05, "xrtol": 1e-05, "eps": 1e-10, "duration": 0.05841517448425293, "fun": "0.338232029445924", "jac": "[-1.11022293e-06  6.66133760e-06  3.33066880e-06  2.22044587e-06\n  4.44089173e-06  2.22044587e-06]", "hess_inv": "[[ 6.2853781   1.74847355  1.54524135  0.37613093 -3.38885003 -1.42357339]\n [ 1.74847355  5.36381122 -1.21556645  0.92967814 -2.37956753 -3.13160933]\n [ 1.54524135 -1.21556645  6.73674158  1.39580744 -2.84158921  1.74666299]\n [ 0.37613093  0.92967814  1.39580744  4.0667653  -1.70500064 -0.31290559]\n [-3.38885003 -2.37956753 -2.84158921 -1.70500064  7.8617482   2.26218625]\n [-1.42357339 -3.13160933  1.74666299 -0.31290559  2.26218625  7.1190529 ]]", "nfev": "238", "njev": "34", "status": "0", "success": "True", "message": "Optimization terminated successfully.", "x": "[5.13889406 3.22560226 0.92307151 4.39106879 0.2466037  1.907442  ]", "nit": "30", "callback": [0.6762552339705781, 0.661599630528141, 0.6459763227410296, 0.6255924635309563, 0.6157805638288383, 0.5986497718850112, 0.5719770657506615, 0.5407434450511236, 0.505894082053391, 0.45066281608204684, 0.440865325437928, 0.42384761011205907, 0.39864940407371896, 0.384733001334685, 0.3751410489407857, 0.3593821506552075, 0.34887156502987493, 0.34781369200214196, 0.34596080351659864, 0.34295260505464686, 0.33997101778026195, 0.33920993722790105, 0.33864782621562695, 0.33849353839009844, 0.33832557489006687, 0.3382511703665606, 0.33823339326894686, 0.33823208763473245, 0.3382320322833615, 0.338232029445924]}, "2": {"maxiter": 100, "gtol": 1e-05, "xrtol": 1e-10, "eps": 1e-05, "duration": 0.05651402473449707, "fun": "0.3382320294780953", "jac": "[ 2.76713097e-06  7.11216641e-06  6.74177381e-06 -1.45868873e-06\n  5.43013412e-06  1.87430071e-06]", "hess_inv": "[[ 5.98878426  1.63653737  1.07634919  0.53678086 -3.52477925 -1.53764202]\n [ 1.63653737  5.60362468 -1.16988165  1.24460296 -2.68226084 -2.94857153]\n [ 1.07634919 -1.16988165  6.72583509  1.48768505 -3.11219116  1.93889007]\n [ 0.53678086  1.24460296  1.48768505  4.33903315 -1.99906881 -0.18403524]\n [-3.52477925 -2.68226084 -3.11219116 -1.99906881  8.1668406   2.04480416]\n [-1.53764202 -2.94857153  1.93889007 -0.18403524  2.04480416  7.11937391]]", "nfev": "231", "njev": "33", "status": "0", "success": "True", "message": "Optimization terminated successfully.", "x": "[5.13891463 3.2255998  0.92307931 4.39105316 0.2466049  1.90744287]", "nit": "29", "callback": [0.676258228596744, 0.6615966330846508, 0.6459774731760042, 0.6255913429950521, 0.6157807550549108, 0.5986556325384995, 0.5719962041283402, 0.5407743859850594, 0.5058901209477583, 0.4509510188778383, 0.4431184729467239, 0.4289005679234065, 0.40563319630206784, 0.3849296485180126, 0.3772816609269919, 0.36385578101327276, 0.34791518255256204, 0.34661649823465646, 0.3444755763920151, 0.3413960232753033, 0.33957062791165127, 0.3388916934706484, 0.3386053152861124, 0.33844121543944117, 0.3382999598672972, 0.3382396251253781, 0.3382322625274341, 0.3382320344285834, 0.3382320294780953]}, "3": {"maxiter": 100, "gtol": 1e-05, "xrtol": 1e-10, "eps": 1e-10, "duration": 0.05792498588562012, "fun": "0.338232029445924", "jac": "[-1.11022293e-06  6.66133760e-06  3.33066880e-06  2.22044587e-06\n  4.44089173e-06  2.22044587e-06]", "hess_inv": "[[ 6.2853781   1.74847355  1.54524135  0.37613093 -3.38885003 -1.42357339]\n [ 1.74847355  5.36381122 -1.21556645  0.92967814 -2.37956753 -3.13160933]\n [ 1.54524135 -1.21556645  6.73674158  1.39580744 -2.84158921  1.74666299]\n [ 0.37613093  0.92967814  1.39580744  4.0667653  -1.70500064 -0.31290559]\n [-3.38885003 -2.37956753 -2.84158921 -1.70500064  7.8617482   2.26218625]\n [-1.42357339 -3.13160933  1.74666299 -0.31290559  2.26218625  7.1190529 ]]", "nfev": "238", "njev": "34", "status": "0", "success": "True", "message": "Optimization terminated successfully.", "x": "[5.13889406 3.22560226 0.92307151 4.39106879 0.2466037  1.907442  ]", "nit": "30", "callback": [0.6762552339705781, 0.661599630528141, 0.6459763227410296, 0.6255924635309563, 0.6157805638288383, 0.5986497718850112, 0.5719770657506615, 0.5407434450511236, 0.505894082053391, 0.45066281608204684, 0.440865325437928, 0.42384761011205907, 0.39864940407371896, 0.384733001334685, 0.3751410489407857, 0.3593821506552075, 0.34887156502987493, 0.34781369200214196, 0.34596080351659864, 0.34295260505464686, 0.33997101778026195, 0.33920993722790105, 0.33864782621562695, 0.33849353839009844, 0.33832557489006687, 0.3382511703665606, 0.33823339326894686, 0.33823208763473245, 0.3382320322833615, 0.338232029445924]}, "4": {"maxiter": 100, "gtol": 1e-10, "xrtol": 1e-05, "eps": 1e-05, "duration": 0.057997941970825195, "fun": "0.3382320293501213", "jac": "[-2.82174284e-07  1.23107080e-06  8.91597907e-07  5.56421576e-07\n  8.87356855e-07  8.24673663e-08]", "hess_inv": "[[ 6.21743839  1.86851545  1.47493971  0.56733425 -3.48727655 -1.33319588]\n [ 1.86851545  5.55546109 -1.17131834  1.08915862 -2.51510881 -2.94298294]\n [ 1.47493971 -1.17131834  6.83976673  1.27407311 -2.86201681  2.0063825 ]\n [ 0.56733425  1.08915862  1.27407311  4.22050955 -1.90915729 -0.28944194]\n [-3.48727655 -2.51510881 -2.86201681 -1.90915729  8.11420126  2.17024383]\n [-1.33319588 -2.94298294  2.0063825  -0.28944194  2.17024383  7.15849534]]", "nfev": "238", "njev": "34", "status": "0", "success": "True", "message": "Optimization terminated successfully.", "x": "[5.13889646 3.22558378 0.92305108 4.39105232 0.24660082 1.90742834]", "nit": "30", "callback": [0.676258228596744, 0.6615966330846508, 0.6459774731760042, 0.6255913429950521, 0.6157807550549108, 0.5986556325384995, 0.5719962041283402, 0.5407743859850594, 0.5058901209477583, 0.4509510188778383, 0.4431184729467239, 0.4289005679234065, 0.40563319630206784, 0.3849296485180126, 0.3772816609269919, 0.36385578101327276, 0.34791518255256204, 0.34661649823465646, 0.3444755763920151, 0.3413960232753033, 0.33957062791165127, 0.3388916934706484, 0.3386053152861124, 0.33844121543944117, 0.3382999598672972, 0.3382396251253781, 0.3382322625274341, 0.3382320344285834, 0.3382320294780953, 0.3382320293501213]}, "5": {"maxiter": 100, "gtol": 1e-10, "xrtol": 1e-05, "eps": 1e-10, "duration": 0.06049203872680664, "fun": "0.33823202935677765", "jac": "[-1.11022293e-06  1.11022293e-06  1.11022293e-06  0.00000000e+00\n -1.11022293e-06 -1.11022293e-06]", "hess_inv": "[[ 5.86899366  1.75098301  1.36412633  0.61174348 -3.01237197 -1.31375718]\n [ 1.75098301  5.73025285 -0.95010403  1.10611058 -2.18205575 -2.88255325]\n [ 1.36412633 -0.95010403  6.84868549  1.6265991  -2.53370558  1.97458244]\n [ 0.61174348  1.10611058  1.6265991   4.01976026 -1.82107245 -0.25384988]\n [-3.01237197 -2.18205575 -2.53370558 -1.82107245  7.63026609  2.29903323]\n [-1.31375718 -2.88255325  1.97458244 -0.25384988  2.29903323  7.26025777]]", "nfev": "245", "njev": "35", "status": "0", "success": "True", "message": "Optimization terminated successfully.", "x": "[5.13889931 3.22558283 0.9230598  4.3910564  0.24658839 1.9074274 ]", "nit": "31", "callback": [0.6762552339705781, 0.661599630528141, 0.6459763227410296, 0.6255924635309563, 0.6157805638288383, 0.5986497718850112, 0.5719770657506615, 0.5407434450511236, 0.505894082053391, 0.45066281608204684, 0.440865325437928, 0.42384761011205907, 0.39864940407371896, 0.384733001334685, 0.3751410489407857, 0.3593821506552075, 0.34887156502987493, 0.34781369200214196, 0.34596080351659864, 0.34295260505464686, 0.33997101778026195, 0.33920993722790105, 0.33864782621562695, 0.33849353839009844, 0.33832557489006687, 0.3382511703665606, 0.33823339326894686, 0.33823208763473245, 0.3382320322833615, 0.338232029445924, 0.33823202935677765]}, "6": {"maxiter": 100, "gtol": 1e-10, "xrtol": 1e-10, "eps": 1e-05, "duration": 0.11266398429870605, "fun": "0.3382320293501213", "jac": "[-2.82174284e-07  1.23107080e-06  8.91597907e-07  5.56421576e-07\n  8.87356855e-07  8.24673663e-08]", "hess_inv": "[[ 6.02234607  1.91529817  1.38393267  0.71049589 -3.4353638  -1.40182505]\n [ 1.91529817  5.78958087 -0.91180528  1.22547991 -2.42021624 -2.82857487]\n [ 1.38393267 -0.91180528  7.0275934   1.50618652 -2.73380567  2.06926557]\n [ 0.71049589  1.22547991  1.50618652  4.2341561  -1.8725878  -0.17094859]\n [-3.4353638  -2.42021624 -2.73380567 -1.8725878   8.14735187  2.2313614 ]\n [-1.40182505 -2.82857487  2.06926557 -0.17094859  2.2313614   7.1734599 ]]", "nfev": "486", "njev": "68", "status": "2", "success": "False", "message": "Desired error not necessarily achieved due to precision loss.", "x": "[5.13889646 3.22558378 0.92305108 4.39105232 0.24660082 1.90742834]", "nit": "30", "callback": [0.676258228596744, 0.6615966330846508, 0.6459774731760042, 0.6255913429950521, 0.6157807550549108, 0.5986556325384995, 0.5719962041283402, 0.5407743859850594, 0.5058901209477583, 0.4509510188778383, 0.4431184729467239, 0.4289005679234065, 0.40563319630206784, 0.3849296485180126, 0.3772816609269919, 0.36385578101327276, 0.34791518255256204, 0.34661649823465646, 0.3444755763920151, 0.3413960232753033, 0.33957062791165127, 0.3388916934706484, 0.3386053152861124, 0.33844121543944117, 0.3382999598672972, 0.3382396251253781, 0.3382322625274341, 0.3382320344285834, 0.3382320294780953, 0.3382320293501213]}, "7": {"maxiter": 100, "gtol": 1e-10, "xrtol": 1e-10, "eps": 1e-10, "duration": 0.0810389518737793, "fun": "0.33823202934678087", "jac": "[ 1.11022293e-06 -1.11022293e-06 -1.11022293e-06  0.00000000e+00\n -1.11022293e-06  0.00000000e+00]", "hess_inv": "[[ 2.6682168  -0.25007659  2.27898499  0.42595546 -4.49526488 -1.57249794]\n [-0.25007659  2.85177392 -0.04850275  1.11252083 -3.87595123 -2.67835467]\n [ 2.27898499 -0.04850275  5.84523682  0.5325669  -7.83804844 -3.18155114]\n [ 0.42595546  1.11252083  0.5325669   2.32568377 -5.41439957 -2.67490496]\n [-4.49526488 -3.87595123 -7.83804844 -5.41439957 23.05512033 10.95669954]\n [-1.57249794 -2.67835467 -3.18155114 -2.67490496 10.95669954  5.75089134]]", "nfev": "357", "njev": "51", "status": "0", "success": "True", "message": "Optimization terminated successfully.", "x": "[5.138902   3.22557784 0.92305239 4.39105156 0.24660226 1.90743558]", "nit": "36", "callback": [0.6762552339705781, 0.661599630528141, 0.6459763227410296, 0.6255924635309563, 0.6157805638288383, 0.5986497718850112, 0.5719770657506615, 0.5407434450511236, 0.505894082053391, 0.45066281608204684, 0.440865325437928, 0.42384761011205907, 0.39864940407371896, 0.384733001334685, 0.3751410489407857, 0.3593821506552075, 0.34887156502987493, 0.34781369200214196, 0.34596080351659864, 0.34295260505464686, 0.33997101778026195, 0.33920993722790105, 0.33864782621562695, 0.33849353839009844, 0.33832557489006687, 0.3382511703665606, 0.33823339326894686, 0.33823208763473245, 0.3382320322833615, 0.338232029445924, 0.33823202935677765, 0.33823202935385954, 0.338232029350352, 0.3382320293469121, 0.33823202934678087, 0.33823202934678087]}, "8": {"maxiter": 500, "gtol": 1e-05, "xrtol": 1e-05, "eps": 1e-05, "duration": 0.05361294746398926, "fun": "0.3382320294780953", "jac": "[ 2.76713097e-06  7.11216641e-06  6.74177381e-06 -1.45868873e-06\n  5.43013412e-06  1.87430071e-06]", "hess_inv": "[[ 5.98878426  1.63653737  1.07634919  0.53678086 -3.52477925 -1.53764202]\n [ 1.63653737  5.60362468 -1.16988165  1.24460296 -2.68226084 -2.94857153]\n [ 1.07634919 -1.16988165  6.72583509  1.48768505 -3.11219116  1.93889007]\n [ 0.53678086  1.24460296  1.48768505  4.33903315 -1.99906881 -0.18403524]\n [-3.52477925 -2.68226084 -3.11219116 -1.99906881  8.1668406   2.04480416]\n [-1.53764202 -2.94857153  1.93889007 -0.18403524  2.04480416  7.11937391]]", "nfev": "231", "njev": "33", "status": "0", "success": "True", "message": "Optimization terminated successfully.", "x": "[5.13891463 3.2255998  0.92307931 4.39105316 0.2466049  1.90744287]", "nit": "29", "callback": [0.676258228596744, 0.6615966330846508, 0.6459774731760042, 0.6255913429950521, 0.6157807550549108, 0.5986556325384995, 0.5719962041283402, 0.5407743859850594, 0.5058901209477583, 0.4509510188778383, 0.4431184729467239, 0.4289005679234065, 0.40563319630206784, 0.3849296485180126, 0.3772816609269919, 0.36385578101327276, 0.34791518255256204, 0.34661649823465646, 0.3444755763920151, 0.3413960232753033, 0.33957062791165127, 0.3388916934706484, 0.3386053152861124, 0.33844121543944117, 0.3382999598672972, 0.3382396251253781, 0.3382322625274341, 0.3382320344285834, 0.3382320294780953]}, "9": {"maxiter": 500, "gtol": 1e-05, "xrtol": 1e-05, "eps": 1e-10, "duration": 0.05493903160095215, "fun": "0.338232029445924", "jac": "[-1.11022293e-06  6.66133760e-06  3.33066880e-06  2.22044587e-06\n  4.44089173e-06  2.22044587e-06]", "hess_inv": "[[ 6.2853781   1.74847355  1.54524135  0.37613093 -3.38885003 -1.42357339]\n [ 1.74847355  5.36381122 -1.21556645  0.92967814 -2.37956753 -3.13160933]\n [ 1.54524135 -1.21556645  6.73674158  1.39580744 -2.84158921  1.74666299]\n [ 0.37613093  0.92967814  1.39580744  4.0667653  -1.70500064 -0.31290559]\n [-3.38885003 -2.37956753 -2.84158921 -1.70500064  7.8617482   2.26218625]\n [-1.42357339 -3.13160933  1.74666299 -0.31290559  2.26218625  7.1190529 ]]", "nfev": "238", "njev": "34", "status": "0", "success": "True", "message": "Optimization terminated successfully.", "x": "[5.13889406 3.22560226 0.92307151 4.39106879 0.2466037  1.907442  ]", "nit": "30", "callback": [0.6762552339705781, 0.661599630528141, 0.6459763227410296, 0.6255924635309563, 0.6157805638288383, 0.5986497718850112, 0.5719770657506615, 0.5407434450511236, 0.505894082053391, 0.45066281608204684, 0.440865325437928, 0.42384761011205907, 0.39864940407371896, 0.384733001334685, 0.3751410489407857, 0.3593821506552075, 0.34887156502987493, 0.34781369200214196, 0.34596080351659864, 0.34295260505464686, 0.33997101778026195, 0.33920993722790105, 0.33864782621562695, 0.33849353839009844, 0.33832557489006687, 0.3382511703665606, 0.33823339326894686, 0.33823208763473245, 0.3382320322833615, 0.338232029445924]}, "10": {"maxiter": 500, "gtol": 1e-05, "xrtol": 1e-10, "eps": 1e-05, "duration": 0.05347895622253418, "fun": "0.3382320294780953", "jac": "[ 2.76713097e-06  7.11216641e-06  6.74177381e-06 -1.45868873e-06\n  5.43013412e-06  1.87430