{"date": "2024/09/25/, 09:56:54", "conf_id": 199, "data_type": "non_lin_ind\n", "num_data_points": 2, "s_rank": 0, "unitary": "[[-0.24866696+0.58742286j,-0.44704345-0.43151574j,-0.35669027-0.20570733j,-0.10517633+0.1626036j],[0.10596805-0.19687975j,-0.30269685-0.15056416j,0.18246286+0.30440582j,-0.83484447-0.11310748j],[0.26054512-0.52548482j,0.0285017-0.50723956j,-0.43110112+0.17165838j,0.15243271+0.39915801j],[0.42978035+0.11991271j,-0.17224126-0.46030424j,0.6827807-0.15164662j,0.26483638+0.0061855j]]", "databatch_0": {"databatch": "[[[0.30177796+0.20980644j,0.0760971+0.09981711j,0.22354314+0.03981429j,-0.01059588+0.16207241j],[0.09938171-0.25356805j,0.01377311+0.1947193j,0.03692336+0.12248074j,0.26766912+0.0486739j],[-0.03254173+0.12739291j,-0.10831912-0.05529783j,-0.26472435-0.02608706j,-0.07792224-0.22969379j],[-0.01911438-0.20013519j,0.35791803+0.00333893j,0.24714875-0.10818179j,0.34478155+0.21609167j]],[[0.00398562+0.04415643j,0.15970031+0.16592642j,0.38777202-0.08335474j,0.09034171+0.07582905j],[0.06734412+0.02579685j,-0.07928633+0.1413607j,0.05077703-0.19319232j,0.19355371+0.08754055j],[0.15194203-0.01741721j,0.05619352-0.14509463j,0.06672375+0.0188253j,0.26457165-0.06069566j],[0.41077858-0.41941932j,0.15491984-0.06941211j,-0.14926945-0.19070939j,0.09751681+0.29925681j]]]", "initial param values": "[3.09031073,4.44491654,1.54485088,4.74941319,3.95537095,0.97140955]", "nelder_mead": {"type": "gradient-free", "0": {"maxiter": 100, "fatol": 1e-05, "xatol": 1e-05, "duration": 0.04004096984863281, "fun": "0.45771652903376137", "nit": "100", "nfev": "157", "status": "2", "success": "False", "message": "Maximum number of iterations has been exceeded.", "x": "[0.72429103 4.4717221  2.57122026 4.00238786 2.84188247 1.21820476]", "final_simplex": "(array([[0.72429103, 4.4717221 , 2.57122026, 4.00238786, 2.84188247,\n        1.21820476],\n       [0.7039146 , 4.58088894, 2.59597849, 4.02626934, 2.77041877,\n        1.20537172],\n       [0.74602971, 4.5387476 , 2.6132829 , 3.98609107, 2.73324392,\n        1.2025279 ],\n       [0.61164601, 4.41265386, 2.65017   , 4.05400481, 2.86787619,\n        1.20992844],\n       [0.61871314, 4.45325029, 2.67064869, 3.97360965, 2.80472664,\n        1.21125767],\n       [0.58381075, 4.37950725, 2.67439881, 3.96962146, 2.86001175,\n        1.21803089],\n       [0.66786826, 4.52853764, 2.62475159, 3.98184268, 2.83331535,\n        1.20679595]]), array([0.45771653, 0.45915001, 0.45922996, 0.45934279, 0.45939466,\n       0.45947522, 0.45965892]))", "callback": [0.9620873672718175, 0.8371465504325774, 0.7194723980935696, 0.608617670623808, 0.5733570204723083, 0.4950931700022675, 0.4777763285695016, 0.4652887058128202, 0.4622996104926219, 0.46022721007824374]}, "1": {"maxiter": 100, "fatol": 1e-05, "xatol": 1e-10, "duration": 0.03901481628417969, "fun": "0.45771652903376137", "nit": "100", "nfev": "157", "status": "2", "success": "False", "message": "Maximum number of iterations has been exceeded.", "x": "[0.72429103 4.4717221  2.57122026 4.00238786 2.84188247 1.21820476]", "final_simplex": "(array([[0.72429103, 4.4717221 , 2.57122026, 4.00238786, 2.84188247,\n        1.21820476],\n       [0.7039146 , 4.58088894, 2.59597849, 4.02626934, 2.77041877,\n        1.20537172],\n       [0.74602971, 4.5387476 , 2.6132829 , 3.98609107, 2.73324392,\n        1.2025279 ],\n       [0.61164601, 4.41265386, 2.65017   , 4.05400481, 2.86787619,\n        1.20992844],\n       [0.61871314, 4.45325029, 2.67064869, 3.97360965, 2.80472664,\n        1.21125767],\n       [0.58381075, 4.37950725, 2.67439881, 3.96962146, 2.86001175,\n        1.21803089],\n       [0.66786826, 4.52853764, 2.62475159, 3.98184268, 2.83331535,\n        1.20679595]]), array([0.45771653, 0.45915001, 0.45922996, 0.45934279, 0.45939466,\n       0.45947522, 0.45965892]))", "callback": [0.9620873672718175, 0.8371465504325774, 0.7194723980935696, 0.608617670623808, 0.5733570204723083, 0.4950931700022675, 0.4777763285695016, 0.4652887058128202, 0.4622996104926219, 0.46022721007824374]}, "2": {"maxiter": 100, "fatol": 1e-10, "xatol": 1e-05, "duration": 0.0374598503112793, "fun": "0.45771652903376137", "nit": "100", "nfev": "157", "status": "2", "success": "False", "message": "Maximum number of iterations has been exceeded.", "x": "[0.72429103 4.4717221  2.57122026 4.00238786 2.84188247 1.21820476]", "final_simplex": "(array([[0.72429103, 4.4717221 , 2.57122026, 4.00238786, 2.84188247,\n        1.21820476],\n       [0.7039146 , 4.58088894, 2.59597849, 4.02626934, 2.77041877,\n        1.20537172],\n       [0.74602971, 4.5387476 , 2.6132829 , 3.98609107, 2.73324392,\n        1.2025279 ],\n       [0.61164601, 4.41265386, 2.65017   , 4.05400481, 2.86787619,\n        1.20992844],\n       [0.61871314, 4.45325029, 2.67064869, 3.97360965, 2.80472664,\n        1.21125767],\n       [0.58381075, 4.37950725, 2.67439881, 3.96962146, 2.86001175,\n        1.21803089],\n       [0.66786826, 4.52853764, 2.62475159, 3.98184268, 2.83331535,\n        1.20679595]]), array([0.45771653, 0.45915001, 0.45922996, 0.45934279, 0.45939466,\n       0.45947522, 0.45965892]))", "callback": [0.9620873672718175, 0.8371465504325774, 0.7194723980935696, 0.608617670623808, 0.5733570204723083, 0.4950931700022675, 0.4777763285695016, 0.4652887058128202, 0.4622996104926219, 0.46022721007824374]}, "3": {"maxiter": 100, "fatol": 1e-10, "xatol": 1e-10, "duration": 0.0371251106262207, "fun": "0.45771652903376137", "nit": "100", "nfev": "157", "status": "2", "success": "False", "message": "Maximum number of iterations has been exceeded.", "x": "[0.72429103 4.4717221  2.57122026 4.00238786 2.84188247 1.21820476]", "final_simplex": "(array([[0.72429103, 4.4717221 , 2.57122026, 4.00238786, 2.84188247,\n        1.21820476],\n       [0.7039146 , 4.58088894, 2.59597849, 4.02626934, 2.77041877,\n        1.20537172],\n       [0.74602971, 4.5387476 , 2.6132829 , 3.98609107, 2.73324392,\n        1.2025279 ],\n       [0.61164601, 4.41265386, 2.65017   , 4.05400481, 2.86787619,\n        1.20992844],\n       [0.61871314, 4.45325029, 2.67064869, 3.97360965, 2.80472664,\n        1.21125767],\n       [0.58381075, 4.37950725, 2.67439881, 3.96962146, 2.86001175,\n        1.21803089],\n       [0.66786826, 4.52853764, 2.62475159, 3.98184268, 2.83331535,\n        1.20679595]]), array([0.45771653, 0.45915001, 0.45922996, 0.45934279, 0.45939466,\n       0.45947522, 0.45965892]))", "callback": [0.9620873672718175, 0.8371465504325774, 0.7194723980935696, 0.608617670623808, 0.5733570204723083, 0.4950931700022675, 0.4777763285695016, 0.4652887058128202, 0.4622996104926219, 0.46022721007824374]}, "4": {"maxiter": 500, "fatol": 1e-05, "xatol": 1e-05, "duration": 0.18126273155212402, "fun": "0.41715979107980505", "nit": "498", "nfev": "781", "status": "0", "success": "True", "message": "Optimization terminated successfully.", "x": "[1.03372818 4.51293214 1.81417456 4.14363555 3.28853871 2.33605116]", "final_simplex": "(array([[1.03372818, 4.51293214, 1.81417456, 4.14363555, 3.28853871,\n        2.33605116],\n       [1.03372289, 4.5129348 , 1.81417683, 4.14363103, 3.288542  ,\n        2.33604444],\n       [1.03371917, 4.51293278, 1.81417993, 4.14363245, 3.28854207,\n        2.33604765],\n       [1.03372774, 4.51292875, 1.81417142, 4.14363454, 3.28854612,\n        2.33605645],\n       [1.03372646, 4.51293627, 1.81416722, 4.14363489, 3.28854091,\n        2.33605523],\n       [1.03372381, 4.51293637, 1.81416815, 4.14364338, 3.2885406 ,\n        2.33604737],\n       [1.0337263 , 4.51293506, 1.81418076, 4.14363636, 3.28853858,\n        2.33605783]]), array([0.41715979, 0.41715979, 0.41715979, 0.41715979, 0.41715979,\n       0.41715979, 0.41715979]))", "callback": [0.9620873672718175, 0.8371465504325774, 0.7194723980935696, 0.608617670623808, 0.5733570204723083, 0.4950931700022675, 0.4777763285695016, 0.4652887058128202, 0.4622996104926219, 0.46022721007824374, 0.45771652903376137, 0.45672149055272393, 0.4535425167080668, 0.45014936905981995, 0.4477820848893278, 0.4464184945856673, 0.445960867820444, 0.4459045455965486, 0.44581340726149365, 0.44579267713663606, 0.44578557208434155, 0.4457814298536781, 0.4457581291392999, 0.44569828477369533, 0.44541180543349135, 0.4450202269256125, 0.4443115344779396, 0.4427880690959798, 0.4403471299215853, 0.42421248701048475, 0.42101959507741116, 0.41811708013279836, 0.41755714635042906, 0.4173018385649042, 0.41719295149860647, 0.41717507201362836, 0.41716564938757317, 0.41716312485746676, 0.41716140036582194, 0.4171599454537126, 0.4171599454537126, 0.4171598474287489, 0.41715981118413237, 0.4171598001100172, 0.41715979477927234, 0.41715979262556513, 0.41715979190318564, 0.4171597912509134, 0.41715979112957347, 0.4171597910864754]}, "5": {"maxiter": 500, "fatol": 1e-05, "xatol": 1e-10, "duration": 0.18067669868469238, "fun": "0.4171597910772121", "nit": "500", "nfev": "785", "status": "2", "success": "False", "message": "Maximum number of iterations has been exceeded.", "x": "[1.0337255  4.51293429 1.81417689 4.14363583 3.28854016 2.33605411]", "final_simplex": "(array([[1.0337255 , 4.51293429, 1.81417689, 4.14363583, 3.28854016,\n        2.33605411],\n       [1.0337244 , 4.51293477, 1.81417131, 4.14363872, 3.28854113,\n        2.33604944],\n       [1.03372818, 4.51293214, 1.81417456, 4.14363555, 3.28853871,\n        2.33605116],\n       [1.03372289, 4.5129348 , 1.81417683, 4.14363103, 3.288542  ,\n        2.33604444],\n       [1.03371917, 4.51293278, 1.81417993, 4.14363245, 3.28854207,\n        2.33604765],\n       [1.03372774, 4.51292875, 1.81417142, 4.14363454, 3.28854612,\n        2.33605645],\n       [1.03372646, 4.51293627, 1.81416722, 4.14363489, 3.28854091,\n        2.33605523]]), array([0.41715979, 0.41715979, 0.41715979, 0.41715979, 0.41715979,\n       0.41715979, 0.41715979]))", "callback": [0.9620873672718175, 0.8371465504325774, 0.7194723980935696, 0.608617670623808, 0.5733570204723083, 0.4950931700022675, 0.4777763285695016, 0.4652887058128202, 0.4622996104926219, 0.46022721007824374, 0.45771652903376137, 0.45672149055272393, 0.4535425167080668, 0.45014936905981995, 0.4477820848893278, 0.4464184945856673, 0.445960867820444, 0.4459045455965486, 0.44581340726149365, 0.44579267713663606, 0.44578557208434155, 0.4457814298536781, 0.4457581291392999, 0.44569828477369533, 0.44541180543349135, 0.4450202269256125, 0.4443115344779396, 0.4427880690959798, 0.4403471299215853, 0.42421248701048475, 0.42101959507741116, 0.41811708013279836, 0.41755714635042906, 0.4173018385649042, 0.41719295149860647, 0.41717507201362836, 0.41716564938757317, 0.41716312485746676, 0.41716140036582194, 0.4171599454537126, 0.4171599454537126, 0.4171598474287489, 0.41715981118413237, 0.4171598001100172, 0.41715979477927234, 0.41715979262556513, 0.41715979190318564, 0.4171597912509134, 0.41715979112957347, 0.4171597910864754]}, "6": {"maxiter": 500, "fatol": 1e-10, "xatol": 1e-05, "duration": 0.19473791122436523, "fun": "0.41715979107980505", "nit": "498", "nfev": "781", "status": "0", "success": "True", "message": "Optimization terminated successfully.", "x": "[1.03372818 4.51293214 1.81417456 4.14363555 3.28853871 2.33605116]", "final_simplex": "(array([[1.03372818, 4.51293214, 1.81417456, 4.14363555, 3.28853871,\n        2.33605116],\n       [1.03372289, 4.5129348 , 1.81417683, 4.14363103, 3.288542  ,\n        2.33604444],\n       [1.03371917, 4.51293278, 1.81417993, 4.14363245, 3.28854207,\n        2.33604765],\n       [1.03372774, 4.51292875, 1.81417142, 4.14363454, 3.28854612,\n        2.33605645],\n       [1.03372646, 4.51293627, 1.81416722, 4.14363489, 3.28854091,\n        2.33605523],\n       [1.03372381, 4.51293637, 1.81416815, 4.14364338, 3.2885406 ,\n        2.33604737],\n       [1.0337263 , 4.51293506, 1.81418076, 4.14363636, 3.28853858,\n        2.33605783]]), array([0.41715979, 0.41715979, 0.41715979, 0.41715979, 0.41715979,\n       0.41715979, 0.41715979]))", "callback": [0.9620873672718175, 0.8371465504325774, 0.7194723980935696, 0.608617670623808, 0.5733570204723083, 0.4950931700022675, 0.4777763285695016, 0.4652887058128202, 0.4622996104926219, 0.46022721007824374, 0.45771652903376137, 0.45672149055272393, 0.4535425167080668, 0.45014936905981995, 0.4477820848893278, 0.4464184945856673, 0.445960867820444, 0.4459045455965486, 0.44581340726149365, 0.44579267713663606, 0.44578557208434155, 0.4457814298536781, 0.4457581291392999, 0.44569828477369533, 0.44541180543349135, 0.4450202269256125, 0.4443115344779396, 0.4427880690959798, 0.4403471299215853, 0.42421248701048475, 0.42101959507741116, 0.41811708013279836, 0.41755714635042906, 0.4173018385649042, 0.41719295149860647, 0.41717507201362836, 0.41716564938757317, 0.41716312485746676, 0.41716140036582194, 0.4171599454537126, 0.4171599454537126, 0.4171598474287489, 0.41715981118413237, 0.4171598001100172, 0.41715979477927234, 0.41715979262556513, 0.41715979190318564, 0.4171597912509134, 0.41715979112957347, 0.4171597910864754]}, "7": {"maxiter": 500, "fatol": 1e-10, "xatol": 1e-10, "duration": 0.18706822395324707, "fun": "0.4171597910772121", "nit": "500", "nfev": "785", "status": "2", "success": "False", "message": "Maximum number of iterations has been exceeded.", "x": "[1.0337255  4.51293429 1.81417689 4.14363583 3.28854016 2.33605411]", "final_simplex": "(array([[1.0337255 , 4.51293429, 1.81417689, 4.14363583, 3.28854016,\n        2.33605411],\n       [1.0337244 , 4.51293477, 1.81417131, 4.14363872, 3.28854113,\n        2.33604944],\n       [1.03372818, 4.51293214, 1.81417456, 4.14363555, 3.28853871,\n        2.33605116],\n       [1.03372289, 4.5129348 , 1.81417683, 4.14363103, 3.288542  ,\n        2.33604444],\n       [1.03371917, 4.51293278, 1.81417993, 4.14363245, 3.28854207,\n        2.33604765],\n       [1.03372774, 4.51292875, 1.81417142, 4.14363454, 3.28854612,\n        2.33605645],\n       [1.03372646, 4.51293627, 1.81416722, 4.14363489, 3.28854091,\n        2.33605523]]), array([0.41715979, 0.41715979, 0.41715979, 0.41715979, 0.41715979,\n       0.41715979, 0.41715979]))", "callback": [0.9620873672718175, 0.8371465504325774, 0.7194723980935696, 0.608617670623808, 0.5733570204723083, 0.4950931700022675, 0.4777763285695016, 0.4652887058128202, 0.4622996104926219, 0.46022721007824374, 0.45771652903376137, 0.45672149055272393, 0.4535425167080668, 0.45014936905981995, 0.4477820848893278, 0.4464184945856673, 0.445960867820444, 0.4459045455965486, 0.44581340726149365, 0.44579267713663606, 0.44578557208434155, 0.4457814298536781, 0.4457581291392999, 0.44569828477369533, 0.44541180543349135, 0.4450202269256125, 0.4443115344779396, 0.4427880690959798, 0.4403471299215853, 0.42421248701048475, 0.42101959507741116, 0.41811708013279836, 0.41755714635042906, 0.4173018385649042, 0.41719295149860647, 0.41717507201362836, 0.41716564938757317, 0.41716312485746676, 0.41716140036582194, 0.4171599454537126, 0.4171599454537126, 0.4171598474287489, 0.41715981118413237, 0.4171598001100172, 0.41715979477927234, 0.41715979262556513, 0.41715979190318564, 0.4171597912509134, 0.41715979112957347, 0.4171597910864754]}, "8": {"maxiter": 1000, "fatol": 1e-05, "xatol": 1e-05, "duration": 0.18454885482788086, "fun": "0.41715979107980505", "nit": "498", "nfev": "781", "status": "0", "success": "True", "message": "Optimization terminated successfully.", "x": "[1.03372818 4.51293214 1.81417456 4.14363555 3.28853871 2.33605116]", "final_simplex": "(array([[1.03372818, 4.51293214, 1.81417456, 4.14363555, 3.28853871,\n        2.33605116],\n       [1.03372289, 4.5129348 , 1.81417683, 4.14363103, 3.288542  ,\n        2.33604444],\n       [1.03371917, 4.51293278, 1.81417993, 4.14363245, 3.28854207,\n        2.33604765],\n       [1.03372774, 4.51292875, 1.81417142, 4.14363454, 3.28854612,\n        2.33605645],\n       [1.03372646, 4.51293627, 1.81416722, 4.14363489, 3.28854091,\n        2.33605523],\n       [1.03372381, 4.51293637, 1.81416815, 4.14364338, 3.2885406 ,\n        2.33604737],\n       [1.0337263 , 4.51293506, 1.81418076, 4.14363636, 3.28853858,\n        2.33605783]]), array([0.41715979, 0.41715979, 0.41715979, 0.41715979, 0.41715979,\n       0.41715979, 0.41715979]))", "callback": [0.9620873672718175, 0.8371465504325774, 0.7194723980935696, 0.608617670623808, 0.5733570204723083, 0.4950931700022675, 0.4777763285695016, 0.4652887058128202, 0.4622996104926219, 0.46022721007824374, 0.45771652903376137, 0.45672149055272393, 0.4535425167080668, 0.45014936905981995, 0.4477820848893278, 0.4464184945856673, 0.445960867820444, 0.4459045455965486, 0.44581340726149365, 0.44579267713663606, 0.44578557208434155, 0.4457814298536781, 0.4457581291392999, 0.44569828477369533, 0.44541180543349135, 0.4450202269256125, 0.4443115344779396, 0.4427880690959798, 0.4403471299215853, 0.42421248701048475, 0.42101959507741116, 0.41811708013279836, 0.41755714635042906, 0.4173018385649042, 0.41719295149860647, 0.41717507201362836, 0.41716564938757317, 0.41716312485746676, 0.41716140036582194, 0.4171599454537126, 0.4171599454537126, 0.4171598474287489, 0.41715981118413237, 0.4171598001100172, 0.41715979477927234, 0.41715979262556513, 0.41715979190318564, 0.4171597912509134, 0.41715979112957347, 0.4171597910864754]}, "9": {"maxiter": 1000, "fatol": 1e-05, "xatol": 1e-10, "duration": 0.24421906471252441, "fun": "0.4171597910740066", "nit": "614", "nfev": "1029", "status": "0", "success": "True", "message": "Optimization terminated successfully.", "x": "[1.03372729 4.51293548 1.814177   4.14363521 3.28854264 2.33605233]", "final_simplex": "(array([[1.03372729, 4.51293548, 1.814177  , 4.14363521, 3.28854264,\n        2.33605233],\n       [1.03372729, 4.51293548, 1.814177  , 4.14363521, 3.28854264,\n        2.33605233],\n       [1.03372729, 4.51293548, 1.814177  , 4.14363521, 3.28854264,\n        2.33605233],\n       [1.03372729, 4.51293548, 1.814177  , 4.14363521, 3.28854264,\n        2.33605233],\n       [1.03372729, 4.51293548, 1.814177  , 4.14363521, 3.28854264,\n        2.33605233],\n       [1.03372729, 4.51293548, 1.814177  , 4.14363521, 3.28854264,\n        2.33605233],\n       [1.03372729, 4.51293548, 1.814177  , 4.14363521, 3.28854264,\n        2.33605233]]), array([0.41715979, 0.41715979, 0.41715979, 0.41715979, 0.41715979,\n       0.41715979, 0.41715979]))", "callback": [0.9620873672718175, 0.8371465504325774, 0.7194723980935696, 0.608617670623808, 0.5733570204723083, 0.4950931700022675, 0.4777763285695016, 0.4652887058128202, 0.4622996104926219, 0.46022721007824374, 0.45771652903376137, 0.45672149055272393, 0.4535425167080668, 0.45014936905981995, 0.4477820848893278, 0.4464184945856673, 0.445960867820444, 0.4459045455965486, 0.44581340726149365, 0.44579267713663606, 0.44578557208434155, 0.4457814298536781, 0.4457581291392999, 0.44569828477369533, 0.44541180543349135, 0.4450202269256125, 0.4443115344779396, 0.4427880690959798, 0.4403471299215853, 0.42421248701048475, 0.42101959507741116, 0.41811708013279836, 0.41755714635042906, 0.4173018385649042, 0.41719295149860647, 0.41717507201362836, 0.41716564938757317, 0.41716312485746676, 0.41716140036582194, 0.4171599454537126, 0.4171599454537126, 0.4171598474287489, 0.41715981118413237, 0.4171598001100172, 0.41715979477927234, 0.41715979262556513, 0.41715979190318564, 0.4171597912509134, 0.41715979112957347, 0.4171597910864754, 0.4171597910772121, 0.41715979107487955, 0.4171597910744842, 0.41715979107428847, 0.417159791074032, 0.41715979107402, 0.4171597910740099, 0.41715979107400736, 0.4171597910740067, 0.4171597910740067, 0.4171597910740066, 0.4171597910740066]}, "10": {"maxiter": 1000, "fatol": 1e-10, "xatol": 1e-05, "duration": 0.18137121200561523, "fun": "0.41715979107980505", "nit": "498", "nfev": "781", "status": "0", "success": "True", "message": "Optimization terminated successfully.", "x": "[1.03372818 4.51293214 1.81417456 4.14363555 3.28853871 2.33605116]", "final_simplex": "(array([[1.03372818, 4.51293214, 1.81417456, 4.14363555, 3.28853871,\n        2.33605116],\n       [1.03372289, 4.5129348 , 1.81417683, 4.14363103, 3.288542  ,\n        2.33604444],\n       [1.03371917, 4.51293278, 1.81417993, 4.14363245, 3.28854207,\n        2.33604765],\n       [1.03372774, 4.51292875, 1.81417142, 4.14363454, 3.28854612,\n        2.33605645],\n       [1.03372646, 4.51293627, 1.81416722, 4.14363489, 3.28854091,\n        2.33605523],\n       [1.03372381, 4.51293637, 1.81416815, 4.14364338, 3.2885406 ,\n        2.33604737],\n       [1.0337263 , 4.51293506, 1.81418076, 4.14363636, 3.28853858,\n        2.33605783]]), array([0.41715979, 0.41715979, 0.41715979, 0.41715979, 0.41715979,\n       0.41715979, 0.41715979]))", "callback": [0.9620873672718175, 0.8371465504325774, 0.7194723980935696, 0.608617670623808, 0.5733570204723083, 0.4950931700022675, 0.4777763285695016, 0.4652887058128202, 0.4622996104926219, 0.46022721007824374, 0.45771652903376137, 0.45672149055272393, 0.4535425167080668, 0.45014936905981995, 0.4477820848893278, 0.4464184945856673, 0.445960867820444, 0.4459045455965486, 0.44581340726149365, 0.44579267713663606, 0.44578557208434155, 0.4457814298536781, 0.4457581291392999, 0.44569828477369533, 0.44541180543349135, 0.4450202269256125, 0.4443115344779396, 0.4427880690959798, 0.4403471299215853, 0.42421248701048475, 0.42101959507741116, 0.41811708013279836, 0.41755714635042906, 0.4173018385649042, 0.41719295149860647, 0.41717507201362836, 0.41716564938757317, 0.41716312485746676, 0.41716140036582194, 0.4171599454537126, 0.4171599454537126, 0.4171598474287489, 0.41715981118413237, 0.4171598001100172, 0.41715979477927234, 0.41715979262556513, 0.41715979190318564, 0.4171597912509134, 0.41715979112957347, 0.4171597910864754]}, "11": {"maxiter": 1000, "fatol": 1e-10, "xatol": 1e-10, "duration": 0.2373650074005127, "fun": "0.4171597910740066", "nit": "614", "nfev": "1029", "status": "0", "success": "True", "message": "Optimization terminated successfully.", "x": "[1.03372729 4.51293548 1.814177   4.14363521 3.28854264 2.33605233]", "final_simplex": "(array([[1.03372729, 4.51293548, 1.814177  , 4.14363521, 3.28854264,\n        2.33605233],\n       [1.03372729, 4.51293548, 1.814177  , 4.14363521, 3.28854264,\n        2.33605233],\n       [1.03372729, 4.51293548, 1.814177  , 4.14363521, 3.28854264,\n        2.33605233],\n       [1.03372729, 4.51293548, 1.814177  , 4.14363521, 3.28854264,\n        2.33605233],\n       [1.03372729, 4.51293548, 1.814177  , 4.14363521, 3.28854264,\n        2.33605233],\n       [1.03372729, 4.51293548, 1.814177  , 4.14363521, 3.28854264,\n        2.33605233],\n       [1.03372729, 4.51293548, 1.814177  , 4.14363521, 3.28854264,\n        2.33605233]]), array([0.41715979, 0.41715979, 0.41715979, 0.41715979, 0.41715979,\n       0.41715979, 0.41715979]))", "callback": [0.9620873672718175, 0.8371465504325774, 0.7194723980935696, 0.608617670623808, 0.5733570204723083, 0.4950931700022675, 0.4777763285695016, 0.4652887058128202, 0.4622996104926219, 0.46022721007824374, 0.45771652903376137, 0.45672149055272393, 0.4535425167080668, 0.45014936905981995, 0.4477820848893278, 0.4464184945856673, 0.445960867820444, 0.4459045455965486, 0.44581340726149365, 0.44579267713663606, 0.44578557208434155, 0.4457814298536781, 0.4457581291392999, 0.44569828477369533, 0.44541180543349135, 0.4450202269256125, 0.4443115344779396, 0.4427880690959798, 0.4403471299215853, 0.42421248701048475, 0.42101959507741116, 0.41811708013279836, 0.41755714635042906, 0.4173018385649042, 0.41719295149860647, 0.41717507201362836, 0.41716564938757317, 0.41716312485746676, 0.41716140036582194, 0.4171599454537126, 0.4171599454537126, 0.4171598474287489, 0.41715981118413237, 0.4171598001100172, 0.41715979477927234, 0.41715979262556513, 0.41715979190318564, 0.4171597912509134, 0.41715979112957347, 0.4171597910864754, 0.4171597910772121, 0.41715979107487955, 0.4171597910744842, 0.41715979107428847, 0.417159791074032, 0.41715979107402, 0.4171597910740099, 0.41715979107400736, 0.4171597910740067, 0.4171597910740067, 0.4171597910740066, 0.4171597910740066]}}, "bfgs": {"type": "gradient", "0": {"maxiter": 100, "gtol": 1e-05, "xrtol": 1e-05, "eps": 1e-05, "duration": 0.053430795669555664, "fun": "0.41715979121169444", "jac": "[ 2.83884027e-08 -2.84124946e-06 -2.40836240e-06 -1.76388903e-06\n -3.76632059e-07  3.33855166e-07]", "hess_inv": "[[ 6.24832267  1.0736134   1.38091673 -0.29355723  0.04617123 -5.01021513]\n [ 1.0736134   6.24250962 -1.16967094 -0.10707773 -2.96214874 -3.74018675]\n [ 1.38091673 -1.16967094  8.72645879  3.75594952 -1.67421819 -4.7211071 ]\n [-0.29355723 -0.10707773  3.75594952  5.85486272 -0.85766366 -1.28145851]\n [ 0.04617123 -2.96214874 -1.67421819 -0.85766366  7.1628297   5.24192675]\n [-5.01021513 -3.74018675 -4.7211071  -1.28145851  5.24192675 14.70835971]]", "nfev": "224", "njev": "32", "status": "0", "success": "True", "message": "Optimization terminated successfully.", "x": "[-7.31692622  7.65451136 -1.32745138  8.42270558 -6.13622908 -7.0886988 ]", "nit": "24", "callback": [0.7500196925319588, 0.6886838670504296, 0.6693690506914873, 0.6353257156009331, 0.5879754421095255, 0.5429949740499225, 0.5262054511974419, 0.509215075245961, 0.48194354798679906, 0.45523592579594796, 0.44197611213489996, 0.4248889483502093, 0.4208540674875795, 0.4199120331980615, 0.4188230192208231, 0.4175944057529707, 0.4173266714788788, 0.4172480596881821, 0.41723512225377657, 0.4172119556170182, 0.41717646053513924, 0.4171605478312207, 0.41715991795089324, 0.41715979121169444]}, "1": {"maxiter": 100, "gtol": 1e-05, "xrtol": 1e-05, "eps": 1e-10, "duration": 0.052675724029541016, "fun": "0.41715979153808447", "jac": "[-5.55111466e-06 -3.33066880e-06 -6.66133760e-06 -5.55111466e-06\n -2.22044587e-06 -4.44089173e-06]", "hess_inv": "[[ 6.27598192  1.06466279  1.31969334 -0.3161276   0.04702941 -5.01688931]\n [ 1.06466279  6.25049409 -1.14537117 -0.0826036  -2.96677261 -3.73619216]\n [ 1.31969334 -1.14537117  8.53616243  3.66647569 -1.70432418 -4.66765908]\n [-0.3161276  -0.0826036   3.66647569  5.78161388 -0.90615881 -1.29174969]\n [ 0.04702941 -2.96677261 -1.70432418 -0.90615881  7.16961515  5.21922796]\n [-5.01688931 -3.73619216 -4.66765908 -1.29174969  5.21922796 14.68025892]]", "nfev": "224", "njev": "32", "status": "0", "success": "True", "message": "Optimization terminated successfully.", "x": "[-7.31694077  7.65452681 -1.32749012  8.4226797  -6.13623836 -7.08869647]", "nit": "24", "callback": [0.7500374957659071, 0.6886258613625535, 0.6693164579702747, 0.6352847437164958, 0.5879210922799163, 0.5428604269833693, 0.526116140110882, 0.5091266601377147, 0.48184593918667573, 0.4551562863784385, 0.44189315362878046, 0.42490286305547653, 0.4208550497556489, 0.4199101630889861, 0.4188209870021121, 0.4175990764501859, 0.41732762306959514, 0.41724834611086536, 0.4172352925604986, 0.4172119967484139, 0.4171765046966194, 0.4171607067287806, 0.4171599413791405, 0.41715979153808447]}, "2": {"maxiter": 100, "gtol": 1e-05, "xrtol": 1e-10, "eps": 1e-05, "duration": 0.05623221397399902, "fun": "0.41715979121169444", "jac": "[ 2.83884027e-08 -2.84124946e-06 -2.40836240e-06 -1.76388903e-06\n -3.76632059e-07  3.33855166e-07]", "hess_inv": "[[ 6.24832267  1.0736134   1.38091673 -0.29355723  0.04617123 -5.01021513]\n [ 1.0736134   6.24250962 -1.16967094 -0.10707773 -2.96214874 -3.74018675]\n [ 1.38091673 -1.16967094  8.72645879  3.75594952 -1.67421819 -4.7211071 ]\n [-0.29355723 -0.10707773  3.75594952  5.85486272 -0.85766366 -1.28145851]\n [ 0.04617123 -2.96214874 -1.67421819 -0.85766366  7.1628297   5.24192675]\n [-5.01021513 -3.74018675 -4.7211071  -1.28145851  5.24192675 14.70835971]]", "nfev": "224", "njev": "32", "status": "0", "success": "True", "message": "Optimization terminated successfully.", "x": "[-7.31692622  7.65451136 -1.32745138  8.42270558 -6.13622908 -7.0886988 ]", "nit": "24", "callback": [0.7500196925319588, 0.6886838670504296, 0.6693690506914873, 0.6353257156009331, 0.5879754421095255, 0.5429949740499225, 0.5262054511974419, 0.509215075245961, 0.48194354798679906, 0.45523592579594796, 0.44197611213489996, 0.4248889483502093, 0.4208540674875795, 0.4199120331980615, 0.4188230192208231, 0.4175944057529707, 0.4173266714788788, 0.4172480596881821, 0.41723512225377657, 0.4172119556170182, 0.41717646053513924, 0.4171605478312207, 0.41715991795089324, 0.41715979121169444]}, "3": {"maxiter": 100, "gtol": 1e-05, "xrtol": 1e-10, "eps": 1e-10, "duration": 0.05723905563354492, "fun": "0.41715979153808447", "jac": "[-5.55111466e-06 -3.33066880e-06 -6.66133760e-06 -5.55111466e-06\n -2.22044587e-06 -4.44089173e-06]", "hess_inv": "[[ 6.27598192  1.06466279  1.31969334 -0.3161276   0.04702941 -5.01688931]\n [ 1.06466279  6.25049409 -1.14537117 -0.0826036  -2.96677261 -3.73619216]\n [ 1.31969334 -1.14537117  8.53616243  3.66647569 -1.70432418 -4.66765908]\n [-0.3161276  -0.0826036   3.66647569  5.78161388 -0.90615881 -1.29174969]\n [ 0.04702941 -2.96677261 -1.70432418 -0.90615881  7.16961515  5.21922796]\n [-5.01688931 -3.73619216 -4.66765908 -1.29174969  5.21922796 14.68025892]]", "nfev": "224", "njev": "32", "status": "0", "success": "True", "message": "Optimization terminated successfully.", "x": "[-7.31694077  7.65452681 -1.32749012  8.4226797  -6.13623836 -7.08869647]", "nit": "24", "callback": [0.7500374957659071, 0.6886258613625535, 0.6693164579702747, 0.6352847437164958, 0.5879210922799163, 0.5428604269833693, 0.526116140110882, 0.5091266601377147, 0.48184593918667573, 0.4551562863784385, 0.44189315362878046, 0.42490286305547653, 0.4208550497556489, 0.4199101630889861, 0.4188209870021121, 0.4175990764501859, 0.41732762306959514, 0.41724834611086536, 0.4172352925604986, 0.4172119967484139, 0.4171765046966194, 0.4171607067287806, 0.4171599413791405, 0.41715979153808447]}, "4": {"maxiter": 100, "gtol": 1e-10, "xrtol": 1e-05, "eps": 1e-05, "duration": 0.054467201232910156, "fun": "0.4171597910968555", "jac": "[ 7.73270337e-08 -1.75637283e-07  2.18935980e-08 -2.05147010e-07\n -1.93511873e-08  1.09834364e-07]", "hess_inv": "[[ 6.25440797  1.07509836  1.41452144 -0.27359344  0.05897552 -5.01219994]\n [ 1.07509836  6.21731395 -1.13111675 -0.09240212 -2.90309358 -3.69234322]\n [ 1.41452144 -1.13111675  8.87598395  3.85455161 -1.66993499 -4.78946414]\n [-0.27359344 -0.09240212  3.85455161  5.91659641 -0.83711193 -1.30650842]\n [ 0.05897552 -2.90309358 -1.66993499 -0.83711193  7.06737442  5.13199086]\n [-5.01219994 -3.69234322 -4.78946414 -1.30650842  5.13199086 14.61762358]]", "nfev": "231", "njev": "33", "status": "0", "success": "True", "message": "Optimization terminated successfully.", "x": "[-7.31691872  7.65452625 -1.32742549  8.42272517 -6.13624188 -7.08872593]", "nit": "25", "callback": [0.7500196925319588, 0.6886838670504296, 0.6693690506914873, 0.6353257156009331, 0.5879754421095255, 0.5429949740499225, 0.5262054511974419, 0.509215075245961, 0.48194354798679906, 0.45523592579594796, 0.44197611213489996, 0.4248889483502093, 0.4208540674875795, 0.4199120331980615, 0.4188230192208231, 0.4175944057529707, 0.4173266714788788, 0.4172480596881821, 0.41723512225377657, 0.4172119556170182, 0.41717646053513924, 0.4171605478312207, 0.41715991795089324, 0.41715979121169444, 0.4171597910968555]}, "5": {"maxiter": 100, "gtol": 1e-10, "xrtol": 1e-05, "eps": 1e-10, "duration": 0.05380702018737793, "fun": "0.41715979110560975", "jac": "[ 1.11022293e-06 -1.11022293e-06  0.00000000e+00  0.00000000e+00\n  0.00000000e+00  1.11022293e-06]", "hess_inv": "[[ 6.28594833  1.04836363  1.40137921 -0.270763    0.10676514 -4.98409053]\n [ 1.04836363  6.25116135 -1.17469308 -0.11093693 -2.96646788 -3.729066  ]\n [ 1.40137921 -1.17469308  8.78733903  3.85431029 -1.60789456 -4.64263238]\n [-0.270763   -0.11093693  3.85431029  5.90718938 -0.80717101 -1.24967775]\n [ 0.10676514 -2.96646788 -1.60789456 -0.80717101  7.15812798  5.18668047]\n [-4.98409053 -3.729066   -4.64263238 -1.24967775  5.18668047 14.64611728]]", "nfev": "231", "njev": "33", "status": "0", "success": "True", "message": "Optimization terminated successfully.", "x": "[-7.31691644  7.65452186 -1.32743051  8.42272896 -6.13622391 -7.08869786]", "nit": "25", "callback": [0.7500374957659071, 0.6886258613625535, 0.6693164579702747, 0.6352847437164958, 0.5879210922799163, 0.5428604269833693, 0.526116140110882, 0.5091266601377147, 0.48184593918667573, 0.4551562863784385, 0.44189315362878046, 0.42490286305547653, 0.4208550497556489, 0.4199101630889861, 0.4188209870021121, 0.4175990764501859, 0.41732762306959514, 0.41724834611086536, 0.4172352925604986, 0.4172119967484139, 0.4171765046966194, 0.4171607067287806, 0.4171599413791405, 0.41715979153808447, 0.41715979110560975]}, "6": {"maxiter": 100, "gtol": 1e-10, "xrtol": 1e-10, "eps": 1e-05, "duration": 0.12032699584960938, "fun": "0.4171597910953503", "jac": "[ 3.45279361e-09 -4.04121181e-09  2.46469511e-09 -5.10702591e-09\n  6.91668944e-09 -5.86197757e-09]", "hess_inv": "[[ 6.22162939  1.01922133  1.33754247 -0.33691805  0.10149623 -4.897157  ]\n [ 1.01922133  6.49972567 -0.98414503  0.19005999 -3.15812596 -3.93109232]\n [ 1.33754247 -0.98414503  8.82382539  3.96028426 -1.79719336 -4.8577752 ]\n [-0.33691805  0.19005999  3.96028426  6.18345537 -1.08739593 -1.54168009]\n [ 0.10149623 -3.15812596 -1.79719336 -1.08739593  7.29362353  5.36323876]\n [-4.897157   -3.93109232 -4.8577752  -1.54168009  5.36323876 14.7102569 ]]", "nfev": "516", "njev": "72", "status": "2", "success": "False", "message": "Desired error not necessarily achieved due to precision loss.", "x": "[-7.31691853  7.65452772 -1.32742462  8.42272653 -6.13624304 -7.08872802]", "nit": "26", "callback": [0.7500196925319588, 0.6886838670504296, 0.6693690506914873, 0.6353257156009331, 0.5879754421095255, 0.5429949740499225, 0.5262054511974419, 0.509215075245961, 0.48194354798679906, 0.45523592579594796, 0.44197611213489996, 0.4248889483502093, 0.4208540674875795, 0.4199120331980615, 0.4188230192208231, 0.4175944057529707, 0.4173266714788788, 0.4172480596881821, 0.41723512225377657, 0.4172119556170182, 0.41717646053513924, 0.4171605478312207, 0.41715991795089324, 0.41715979121169444, 0.4171597910968555, 0.4171597910953503]}, "7": {"maxiter": 100, "gtol": 1e-10, "xrtol": 1e-10, "eps": 1e-10, "duration": 0.08559107780456543, "fun": "0.41715979107574164", "jac": "[1.11022293e-06 0.00000000e+00 1.11022293e-06 0.00000000e+00\n 0.00000000e+00 0.00000000e+00]", "hess_inv": "[[  3.67455326  -7.60492665   4.2261907    1.08735078   0.28062781\n   -7.5628504 ]\n [ -7.60492665  89.3160758  -40.9424422  -11.9173282    5.96957149\n   64.3582403 ]\n [  4.2261907  -40.9424422   23.46865524   4.82668025  -3.33089659\n  -32.21377429]\n [  1.08735078 -11.9173282    4.82668025   2.11400084  -0.88297833\n   -8.63409183]\n [  0.28062781   5.96957149  -3.33089659  -0.88297833   1.4997638\n    3.90022672]\n [ -7.5628504   64.3582403  -32.21377429  -8.63409183   3.90022672\n   49.54347046]]", "nfev": "371", "njev": "53", "status": "0", "success": "True", "message": "Optimization terminated successfully.", "x": "[-7.31691023  7.65453064 -1.32741902  8.42273336 -6.13623416 -7.08872691]", "nit": "32", "callback": [0.7500374957659071, 0.6886258613625535, 0.6693164579702747, 0.6352847437164958, 0.5879210922799163, 0.5428604269833693, 0.526116140110882, 0.5091266601377147, 0.48184593918667573, 0.4551562863784385, 0.44189315362878046, 0.42490286305547653, 0.4208550497556489, 0.4199101630889861, 0.4188209870021121, 0.4175990764501859, 0.41732762306959514, 0.41724834611086536, 0.4172352925604986, 0.4172119967484139, 0.4171765046966194, 0.4171607067287806, 0.4171599413791405, 0.41715979153808447, 0.41715979110560975, 0.41715979108542467, 0.41715979108085277, 0.41715979108058177, 0.41715979107972245, 0.41715979107627776, 0.41715979107574164, 0.41715979107574164]}, "8": {"maxiter": 500, "gtol": 1e-05, "xrtol": 1e-05, "eps": 1e-05, "duration": 0.05082869529724121, "fun": "0.41715979121169444", "jac": "[ 2.83884027e-08 -2.84124946e-06 -2.40836240e-06 -1.76388903e-06\n -3.76632059e-07  3.33855166e-07]", "hess_inv": "[[ 6.24832267  1.0736134   1.38091673 -0.29355723  0.04617123 -5.01021513]\n [ 1.0736134   6.24250962 -1.16967094 -0.10707773 -2.96214874 -3.74018675]\n [ 1.38091673 -1.16967094  8.72645879  3.75594952 -1.67421819 -4.7211071 ]\n [-0.29355723 -0.10707773  3.75594952  5.85486272 -0.85766366 -1.28145851]\n [ 0.04617123 -2.96214874 -1.67421819 -0.85766366  7.1628297   5.24192675]\n [-5.01021513 -3.74018675 -4.7211071  -1.28145851  5.24192675 14.70835971]]", "nfev": "224", "njev": "32", "status": "0", "success": "True", "message": "Optimization terminated successfully.", "x": "[-7.31692622  7.65451136 -1.32745138  8.42270558 -6.13622908 -7.0886988 ]", "nit": "24", "callback": [0.7500196925319588, 0.6886838670504296, 0.6693690506914873, 0.6353257156009331, 0.5879754421095255, 0.5429949740499225, 0.5262054511974419, 0.509215075245961, 0.48194354798679906, 0.45523592579594796, 0.44197611213489996, 0.4248889483502093, 0.4208540674875795, 0.4199120331980615, 0.4188230192208231, 0.4175944057529707, 0.4173266714788788, 0.4172480596881821, 0.41723512225377657, 0.4172119556170182, 0.41717646053513924, 0.4171605478312207, 0.41715991795089324, 0.41715979121169444]}, "9": {"maxiter": 500, "gtol": 1e-05, "xrtol": 1e-05, "eps": 1e-10, "duration": 0.051017045974731445, "fun": "0.41715979153808447", "jac": "[-5.55111466e-06 -3.33066880e-06 -6.66133760e-06 -5.55111466e-06\n -2.22044587e-06 -4.44089173e-06]", "hess_inv": "[[ 6.27598192  1.06466279  1.31969334 -0.3161276   0.04702941 -5.01688931]\n [ 1.06466279  6.25049409 -1.14537117 -0.0826036  -2.96677261 -3.73619216]\n [ 1.31969334 -1.14537117  8.53616243  3.66647569 -1.70432418 -4.66765908]\n [-0.3161276  -0.0826036   3.66647569  5.78161388 -0.90615881 -1.29174969]\n [ 0.04702941 -2.96677261 -1.70432418 -0.90615881  7.16961515  5.21922796]\n [-5.01688931 -3.73619216 -4.66765908 -1.29174969  5.21922796 14.68025892]]", "nfev": "224", "njev": "32", "status": "0", "success": "True", "message": "Optimization terminated successfully.", "x": "[-7.31694077  7.65452681 -1.32749012  8.4226797  -6.13623836 -7.08869647]", "nit": "24", "callback": [0.7500374957659071, 0.6886258613625535, 0.6693164579702747, 0.6352847437164958, 0.5879210922799163, 0.5428604269833693, 0.526116140110882, 0.5091266601377147, 0.48184593918667573, 0.4551562863784385, 0.44189315362878046, 0.42490286305547653, 0.4208550497556489, 0.4199101630889861, 0.4188209870021121, 0.4175990764501859, 0.41732762306959514, 0.41724834611086536, 0.4172352925604986, 0.4172119967484139, 0.4171765046966194, 0.4171607067287806, 0.4171599413791405, 0.41715979153808447]}, "10": {"maxiter": 500, "gtol": 1e-05, "xrtol": 1e-10, "eps": 1e-05, "duration": 0.049928903579711914, "fun": "0.41715979121169444", "jac": "[ 2.83884027e-08 -2.84124946e-06 -2.40836240e-06 -1.76388903e-06\n -3.76632059e-07  3.33855166e-07]", "hess_inv": "[[ 6.24832267  1.0736134   1.38091673 -0.29355723  0.04617123 -5.01021513]\n [ 1.0736134   6.24250962 -1.16967094 -0.10707773 -2.96214874 -3.74018675]\n [ 1.38091673 -1.16967094  8.72645879  3.75594952 -1.67421819 -4.7211071 ]\n [-0.29355723 -0.10707773  3.75594952  5.85486272 -0.85766366 -1.28145851]\n [ 0.04617123 -2.96214874 -1.67421819 -0.85766366  7.1628297   5.24192675]\n [-5.01021513 -3.74018675 -4.7211071  -1.28145851  5.24192675 14.70835971]]", "nfev": "224", "njev": "32", "status": "0", "success": "True", "message": "Optimization terminated successfully.", "x": "[-7.31692622  7.65451136 -1.32745138  8.42270558 -6.13622908 -7.0886988 ]", "nit": "24", "callback": [0.7500196925319588, 0.6886838670504296, 0.6693690506914873, 0.6353257156009331, 0.5879754421095255, 0.5429949740499225, 0.5262054511974419, 0.509215075245961, 0.48194354798679906, 0.45523592579594796, 0.44197611213489996, 0.4248889483502093, 0.4208540674875795, 0.4199120331980615, 0.4188230192208231, 0.4175944057529707, 0.4173266714788788, 0.4172480596881821, 0.41723512225377657, 0.4172119556170182, 0.41717646053513924, 0.4171605478312207, 0.41715991795089324, 0.41715979121169444]}, "11": {"maxiter": 500, "gtol": 1e-05, "xrtol": 1e-10, "ep