{"date": "2024/09/24/, 20:05:37", "conf_id": 38, "data_type": "random\n", "num_data_points": 2, "s_rank": 0, "unitary": "[[-0.53618537-0.34368723j,-0.12107031-0.46226139j,-0.07699282-0.46603512j,0.36022595-0.11472301j],[0.26026499-0.63450712j,-0.56616638+0.37832564j,-0.14988651+0.08458591j,0.10363514-0.16008501j],[-0.32580188-0.11070003j,-0.36476308-0.23593218j,0.02559343+0.41761608j,-0.25598305+0.6725303j],[0.07406738-0.0126433j,0.28513701+0.19483972j,-0.74939717-0.10299659j,0.29798249+0.46269921j]]", "databatch_0": {"databatch": "[[[0.07025254-0.24063735j,-0.1970448-0.32603041j,-0.00702033+0.10654329j,0.18431724-0.15230618j],[-0.04781883-0.14286405j,0.19444183+0.16658191j,0.04320306-0.28791694j,0.00256238-0.13242258j],[0.09678324-0.31871074j,0.19063826+0.08298948j,0.05882895-0.18242146j,0.01293322+0.03986667j],[0.13601234+0.04278228j,-0.28169595-0.06629606j,-0.10566463-0.43836853j,-0.0285179+0.17892618j]],[[0.18688658+0.02726938j,-0.25959026-0.07435561j,0.1358754+0.13952433j,0.06803765+0.27108377j],[0.05639625-0.18990902j,0.18444091-0.32348773j,-0.14826887+0.08437731j,-0.07266318-0.06591855j],[-0.21138706-0.10151481j,0.00072993-0.01148397j,-0.13001405-0.51851534j,0.09527168-0.19717026j],[0.17967774+0.01510529j,-0.19127755-0.24013984j,-0.13312468-0.07573717j,0.04064704-0.13423246j]]]", "initial param values": "[6.22596097,5.97678404,2.97275423,3.94493205,2.97274029,0.94009807]", "nelder_mead": {"type": "gradient-free", "0": {"maxiter": 100, "fatol": 1e-05, "xatol": 1e-05, "duration": 0.035299062728881836, "fun": "0.6390748406765188", "nit": "100", "nfev": "153", "status": "2", "success": "False", "message": "Maximum number of iterations has been exceeded.", "x": "[2.37324577 8.58579474 4.5989626  0.14824582 2.95481788 0.77707657]", "final_simplex": "(array([[2.37324577, 8.58579474, 4.5989626 , 0.14824582, 2.95481788,\n        0.77707657],\n       [2.02934343, 8.80371011, 4.67342969, 0.04008975, 3.00682888,\n        0.79439405],\n       [2.18910236, 8.82149865, 4.42748465, 0.22774022, 3.12591809,\n        0.77434965],\n       [1.96804776, 8.49738836, 4.62591993, 0.2999594 , 3.11620383,\n        0.78845327],\n       [2.09828284, 8.73353539, 4.39749033, 0.41092956, 3.38250505,\n        0.80547282],\n       [1.76779387, 8.53009336, 4.49552151, 0.15901781, 3.38585228,\n        0.8262173 ],\n       [1.90064691, 8.44824742, 4.33248926, 0.57207203, 3.63126174,\n        0.87080035]]), array([0.63907484, 0.64617404, 0.6503585 , 0.65281571, 0.65418716,\n       0.65445711, 0.6638266 ]))", "callback": [0.9776628416824802, 0.9587085393566147, 0.8397538720417287, 0.7412951854486084, 0.7324789137433739, 0.7229559147262072, 0.713101804225647, 0.7017274835070642, 0.6760755776815274, 0.6664476742520649]}, "1": {"maxiter": 100, "fatol": 1e-05, "xatol": 1e-10, "duration": 0.03370213508605957, "fun": "0.6390748406765188", "nit": "100", "nfev": "153", "status": "2", "success": "False", "message": "Maximum number of iterations has been exceeded.", "x": "[2.37324577 8.58579474 4.5989626  0.14824582 2.95481788 0.77707657]", "final_simplex": "(array([[2.37324577, 8.58579474, 4.5989626 , 0.14824582, 2.95481788,\n        0.77707657],\n       [2.02934343, 8.80371011, 4.67342969, 0.04008975, 3.00682888,\n        0.79439405],\n       [2.18910236, 8.82149865, 4.42748465, 0.22774022, 3.12591809,\n        0.77434965],\n       [1.96804776, 8.49738836, 4.62591993, 0.2999594 , 3.11620383,\n        0.78845327],\n       [2.09828284, 8.73353539, 4.39749033, 0.41092956, 3.38250505,\n        0.80547282],\n       [1.76779387, 8.53009336, 4.49552151, 0.15901781, 3.38585228,\n        0.8262173 ],\n       [1.90064691, 8.44824742, 4.33248926, 0.57207203, 3.63126174,\n        0.87080035]]), array([0.63907484, 0.64617404, 0.6503585 , 0.65281571, 0.65418716,\n       0.65445711, 0.6638266 ]))", "callback": [0.9776628416824802, 0.9587085393566147, 0.8397538720417287, 0.7412951854486084, 0.7324789137433739, 0.7229559147262072, 0.713101804225647, 0.7017274835070642, 0.6760755776815274, 0.6664476742520649]}, "2": {"maxiter": 100, "fatol": 1e-10, "xatol": 1e-05, "duration": 0.03400301933288574, "fun": "0.6390748406765188", "nit": "100", "nfev": "153", "status": "2", "success": "False", "message": "Maximum number of iterations has been exceeded.", "x": "[2.37324577 8.58579474 4.5989626  0.14824582 2.95481788 0.77707657]", "final_simplex": "(array([[2.37324577, 8.58579474, 4.5989626 , 0.14824582, 2.95481788,\n        0.77707657],\n       [2.02934343, 8.80371011, 4.67342969, 0.04008975, 3.00682888,\n        0.79439405],\n       [2.18910236, 8.82149865, 4.42748465, 0.22774022, 3.12591809,\n        0.77434965],\n       [1.96804776, 8.49738836, 4.62591993, 0.2999594 , 3.11620383,\n        0.78845327],\n       [2.09828284, 8.73353539, 4.39749033, 0.41092956, 3.38250505,\n        0.80547282],\n       [1.76779387, 8.53009336, 4.49552151, 0.15901781, 3.38585228,\n        0.8262173 ],\n       [1.90064691, 8.44824742, 4.33248926, 0.57207203, 3.63126174,\n        0.87080035]]), array([0.63907484, 0.64617404, 0.6503585 , 0.65281571, 0.65418716,\n       0.65445711, 0.6638266 ]))", "callback": [0.9776628416824802, 0.9587085393566147, 0.8397538720417287, 0.7412951854486084, 0.7324789137433739, 0.7229559147262072, 0.713101804225647, 0.7017274835070642, 0.6760755776815274, 0.6664476742520649]}, "3": {"maxiter": 100, "fatol": 1e-10, "xatol": 1e-10, "duration": 0.033446311950683594, "fun": "0.6390748406765188", "nit": "100", "nfev": "153", "status": "2", "success": "False", "message": "Maximum number of iterations has been exceeded.", "x": "[2.37324577 8.58579474 4.5989626  0.14824582 2.95481788 0.77707657]", "final_simplex": "(array([[2.37324577, 8.58579474, 4.5989626 , 0.14824582, 2.95481788,\n        0.77707657],\n       [2.02934343, 8.80371011, 4.67342969, 0.04008975, 3.00682888,\n        0.79439405],\n       [2.18910236, 8.82149865, 4.42748465, 0.22774022, 3.12591809,\n        0.77434965],\n       [1.96804776, 8.49738836, 4.62591993, 0.2999594 , 3.11620383,\n        0.78845327],\n       [2.09828284, 8.73353539, 4.39749033, 0.41092956, 3.38250505,\n        0.80547282],\n       [1.76779387, 8.53009336, 4.49552151, 0.15901781, 3.38585228,\n        0.8262173 ],\n       [1.90064691, 8.44824742, 4.33248926, 0.57207203, 3.63126174,\n        0.87080035]]), array([0.63907484, 0.64617404, 0.6503585 , 0.65281571, 0.65418716,\n       0.65445711, 0.6638266 ]))", "callback": [0.9776628416824802, 0.9587085393566147, 0.8397538720417287, 0.7412951854486084, 0.7324789137433739, 0.7229559147262072, 0.713101804225647, 0.7017274835070642, 0.6760755776815274, 0.6664476742520649]}, "4": {"maxiter": 500, "fatol": 1e-05, "xatol": 1e-05, "duration": 0.17414307594299316, "fun": "0.4313346487231675", "nit": "500", "nfev": "757", "status": "2", "success": "False", "message": "Maximum number of iterations has been exceeded.", "x": "[ 4.22009123 11.86376232  7.36069788 -1.36561473  1.62086587  2.36739855]", "final_simplex": "(array([[ 4.22009123, 11.86376232,  7.36069788, -1.36561473,  1.62086587,\n         2.36739855],\n       [ 4.2202745 , 11.863416  ,  7.36073158, -1.36570318,  1.62107794,\n         2.36735713],\n       [ 4.22001941, 11.86347299,  7.36084423, -1.36557865,  1.62098833,\n         2.36759267],\n       [ 4.22015873, 11.86379013,  7.36106453, -1.36587323,  1.6210328 ,\n         2.36757814],\n       [ 4.22008609, 11.86353718,  7.3605628 , -1.36575333,  1.62091108,\n         2.36770306],\n       [ 4.21964587, 11.86366548,  7.36091025, -1.36574424,  1.62044524,\n         2.36740538],\n       [ 4.21954418, 11.8636546 ,  7.3609248 , -1.36567453,  1.62082488,\n         2.36720659]]), array([0.43133465, 0.43133465, 0.43133465, 0.43133465, 0.43133466,\n       0.43133467, 0.43133467]))", "callback": [0.9776628416824802, 0.9587085393566147, 0.8397538720417287, 0.7412951854486084, 0.7324789137433739, 0.7229559147262072, 0.713101804225647, 0.7017274835070642, 0.6760755776815274, 0.6664476742520649, 0.6390748406765188, 0.6310964846794254, 0.6296840374155365, 0.6264294310820033, 0.6254058607493753, 0.6249299676274418, 0.6247644730178064, 0.6241042647669077, 0.6220000314137873, 0.6155831562195352, 0.5878161342812553, 0.5030697521754754, 0.4435815071022797, 0.4435815071022797, 0.44152049771623636, 0.43843117525996567, 0.4349912685291031, 0.4342685939785237, 0.4341067942160308, 0.4329366128736749, 0.4324071962534576, 0.4319550809824855, 0.431721333514236, 0.431688592615442, 0.4316761225901323, 0.4316734180794941, 0.4316729644207241, 0.4316722846724207, 0.4316711974072761, 0.43166815363075417, 0.43166028600286976, 0.43163191485467, 0.4315930691717099, 0.4315008146504693, 0.43139472403410606, 0.4313470362131355, 0.4313378645434165, 0.43133550647070273, 0.4313348594957449, 0.4313346719465089]}, "5": {"maxiter": 500, "fatol": 1e-05, "xatol": 1e-10, "duration": 0.1742091178894043, "fun": "0.4313346487231675", "nit": "500", "nfev": "757", "status": "2", "success": "False", "message": "Maximum number of iterations has been exceeded.", "x": "[ 4.22009123 11.86376232  7.36069788 -1.36561473  1.62086587  2.36739855]", "final_simplex": "(array([[ 4.22009123, 11.86376232,  7.36069788, -1.36561473,  1.62086587,\n         2.36739855],\n       [ 4.2202745 , 11.863416  ,  7.36073158, -1.36570318,  1.62107794,\n         2.36735713],\n       [ 4.22001941, 11.86347299,  7.36084423, -1.36557865,  1.62098833,\n         2.36759267],\n       [ 4.22015873, 11.86379013,  7.36106453, -1.36587323,  1.6210328 ,\n         2.36757814],\n       [ 4.22008609, 11.86353718,  7.3605628 , -1.36575333,  1.62091108,\n         2.36770306],\n       [ 4.21964587, 11.86366548,  7.36091025, -1.36574424,  1.62044524,\n         2.36740538],\n       [ 4.21954418, 11.8636546 ,  7.3609248 , -1.36567453,  1.62082488,\n         2.36720659]]), array([0.43133465, 0.43133465, 0.43133465, 0.43133465, 0.43133466,\n       0.43133467, 0.43133467]))", "callback": [0.9776628416824802, 0.9587085393566147, 0.8397538720417287, 0.7412951854486084, 0.7324789137433739, 0.7229559147262072, 0.713101804225647, 0.7017274835070642, 0.6760755776815274, 0.6664476742520649, 0.6390748406765188, 0.6310964846794254, 0.6296840374155365, 0.6264294310820033, 0.6254058607493753, 0.6249299676274418, 0.6247644730178064, 0.6241042647669077, 0.6220000314137873, 0.6155831562195352, 0.5878161342812553, 0.5030697521754754, 0.4435815071022797, 0.4435815071022797, 0.44152049771623636, 0.43843117525996567, 0.4349912685291031, 0.4342685939785237, 0.4341067942160308, 0.4329366128736749, 0.4324071962534576, 0.4319550809824855, 0.431721333514236, 0.431688592615442, 0.4316761225901323, 0.4316734180794941, 0.4316729644207241, 0.4316722846724207, 0.4316711974072761, 0.43166815363075417, 0.43166028600286976, 0.43163191485467, 0.4315930691717099, 0.4315008146504693, 0.43139472403410606, 0.4313470362131355, 0.4313378645434165, 0.43133550647070273, 0.4313348594957449, 0.4313346719465089]}, "6": {"maxiter": 500, "fatol": 1e-10, "xatol": 1e-05, "duration": 0.17932701110839844, "fun": "0.4313346487231675", "nit": "500", "nfev": "757", "status": "2", "success": "False", "message": "Maximum number of iterations has been exceeded.", "x": "[ 4.22009123 11.86376232  7.36069788 -1.36561473  1.62086587  2.36739855]", "final_simplex": "(array([[ 4.22009123, 11.86376232,  7.36069788, -1.36561473,  1.62086587,\n         2.36739855],\n       [ 4.2202745 , 11.863416  ,  7.36073158, -1.36570318,  1.62107794,\n         2.36735713],\n       [ 4.22001941, 11.86347299,  7.36084423, -1.36557865,  1.62098833,\n         2.36759267],\n       [ 4.22015873, 11.86379013,  7.36106453, -1.36587323,  1.6210328 ,\n         2.36757814],\n       [ 4.22008609, 11.86353718,  7.3605628 , -1.36575333,  1.62091108,\n         2.36770306],\n       [ 4.21964587, 11.86366548,  7.36091025, -1.36574424,  1.62044524,\n         2.36740538],\n       [ 4.21954418, 11.8636546 ,  7.3609248 , -1.36567453,  1.62082488,\n         2.36720659]]), array([0.43133465, 0.43133465, 0.43133465, 0.43133465, 0.43133466,\n       0.43133467, 0.43133467]))", "callback": [0.9776628416824802, 0.9587085393566147, 0.8397538720417287, 0.7412951854486084, 0.7324789137433739, 0.7229559147262072, 0.713101804225647, 0.7017274835070642, 0.6760755776815274, 0.6664476742520649, 0.6390748406765188, 0.6310964846794254, 0.6296840374155365, 0.6264294310820033, 0.6254058607493753, 0.6249299676274418, 0.6247644730178064, 0.6241042647669077, 0.6220000314137873, 0.6155831562195352, 0.5878161342812553, 0.5030697521754754, 0.4435815071022797, 0.4435815071022797, 0.44152049771623636, 0.43843117525996567, 0.4349912685291031, 0.4342685939785237, 0.4341067942160308, 0.4329366128736749, 0.4324071962534576, 0.4319550809824855, 0.431721333514236, 0.431688592615442, 0.4316761225901323, 0.4316734180794941, 0.4316729644207241, 0.4316722846724207, 0.4316711974072761, 0.43166815363075417, 0.43166028600286976, 0.43163191485467, 0.4315930691717099, 0.4315008146504693, 0.43139472403410606, 0.4313470362131355, 0.4313378645434165, 0.43133550647070273, 0.4313348594957449, 0.4313346719465089]}, "7": {"maxiter": 500, "fatol": 1e-10, "xatol": 1e-10, "duration": 0.1734919548034668, "fun": "0.4313346487231675", "nit": "500", "nfev": "757", "status": "2", "success": "False", "message": "Maximum number of iterations has been exceeded.", "x": "[ 4.22009123 11.86376232  7.36069788 -1.36561473  1.62086587  2.36739855]", "final_simplex": "(array([[ 4.22009123, 11.86376232,  7.36069788, -1.36561473,  1.62086587,\n         2.36739855],\n       [ 4.2202745 , 11.863416  ,  7.36073158, -1.36570318,  1.62107794,\n         2.36735713],\n       [ 4.22001941, 11.86347299,  7.36084423, -1.36557865,  1.62098833,\n         2.36759267],\n       [ 4.22015873, 11.86379013,  7.36106453, -1.36587323,  1.6210328 ,\n         2.36757814],\n       [ 4.22008609, 11.86353718,  7.3605628 , -1.36575333,  1.62091108,\n         2.36770306],\n       [ 4.21964587, 11.86366548,  7.36091025, -1.36574424,  1.62044524,\n         2.36740538],\n       [ 4.21954418, 11.8636546 ,  7.3609248 , -1.36567453,  1.62082488,\n         2.36720659]]), array([0.43133465, 0.43133465, 0.43133465, 0.43133465, 0.43133466,\n       0.43133467, 0.43133467]))", "callback": [0.9776628416824802, 0.9587085393566147, 0.8397538720417287, 0.7412951854486084, 0.7324789137433739, 0.7229559147262072, 0.713101804225647, 0.7017274835070642, 0.6760755776815274, 0.6664476742520649, 0.6390748406765188, 0.6310964846794254, 0.6296840374155365, 0.6264294310820033, 0.6254058607493753, 0.6249299676274418, 0.6247644730178064, 0.6241042647669077, 0.6220000314137873, 0.6155831562195352, 0.5878161342812553, 0.5030697521754754, 0.4435815071022797, 0.4435815071022797, 0.44152049771623636, 0.43843117525996567, 0.4349912685291031, 0.4342685939785237, 0.4341067942160308, 0.4329366128736749, 0.4324071962534576, 0.4319550809824855, 0.431721333514236, 0.431688592615442, 0.4316761225901323, 0.4316734180794941, 0.4316729644207241, 0.4316722846724207, 0.4316711974072761, 0.43166815363075417, 0.43166028600286976, 0.43163191485467, 0.4315930691717099, 0.4315008146504693, 0.43139472403410606, 0.4313470362131355, 0.4313378645434165, 0.43133550647070273, 0.4313348594957449, 0.4313346719465089]}, "8": {"maxiter": 1000, "fatol": 1e-05, "xatol": 1e-05, "duration": 0.19741582870483398, "fun": "0.4313346366249333", "nit": "572", "nfev": "875", "status": "0", "success": "True", "message": "Optimization terminated successfully.", "x": "[ 4.22006538 11.86376425  7.36099438 -1.3656454   1.62082496  2.36745786]", "final_simplex": "(array([[ 4.22006538, 11.86376425,  7.36099438, -1.3656454 ,  1.62082496,\n         2.36745786],\n       [ 4.22007052, 11.86376431,  7.36099562, -1.36564593,  1.62082895,\n         2.36745015],\n       [ 4.22006977, 11.86376534,  7.36099494, -1.3656466 ,  1.62083307,\n         2.36745483],\n       [ 4.22006857, 11.86377103,  7.36099457, -1.36564761,  1.62083017,\n         2.36745695],\n       [ 4.2200661 , 11.86376617,  7.36099559, -1.36564202,  1.62082732,\n         2.36745273],\n       [ 4.22006573, 11.86376603,  7.36099208, -1.36564974,  1.62083058,\n         2.36745161],\n       [ 4.22006896, 11.86375878,  7.36098775, -1.36564528,  1.62083345,\n         2.36745027]]), array([0.43133464, 0.43133464, 0.43133464, 0.43133464, 0.43133464,\n       0.43133464, 0.43133464]))", "callback": [0.9776628416824802, 0.9587085393566147, 0.8397538720417287, 0.7412951854486084, 0.7324789137433739, 0.7229559147262072, 0.713101804225647, 0.7017274835070642, 0.6760755776815274, 0.6664476742520649, 0.6390748406765188, 0.6310964846794254, 0.6296840374155365, 0.6264294310820033, 0.6254058607493753, 0.6249299676274418, 0.6247644730178064, 0.6241042647669077, 0.6220000314137873, 0.6155831562195352, 0.5878161342812553, 0.5030697521754754, 0.4435815071022797, 0.4435815071022797, 0.44152049771623636, 0.43843117525996567, 0.4349912685291031, 0.4342685939785237, 0.4341067942160308, 0.4329366128736749, 0.4324071962534576, 0.4319550809824855, 0.431721333514236, 0.431688592615442, 0.4316761225901323, 0.4316734180794941, 0.4316729644207241, 0.4316722846724207, 0.4316711974072761, 0.43166815363075417, 0.43166028600286976, 0.43163191485467, 0.4315930691717099, 0.4315008146504693, 0.43139472403410606, 0.4313470362131355, 0.4313378645434165, 0.43133550647070273, 0.4313348594957449, 0.4313346719465089, 0.43133464631014395, 0.43133463960994667, 0.4313346372581961, 0.4313346368858537, 0.4313346366931009, 0.4313346366799128, 0.43133463663201965, 0.4313346366249333]}, "9": {"maxiter": 1000, "fatol": 1e-05, "xatol": 1e-10, "duration": 0.2822439670562744, "fun": "0.43133463661524063", "nit": "705", "nfev": "1138", "status": "0", "success": "True", "message": "Optimization terminated successfully.", "x": "[ 4.22007536 11.86376376  7.36099212 -1.36564805  1.62082813  2.36745878]", "final_simplex": "(array([[ 4.22007536, 11.86376376,  7.36099212, -1.36564805,  1.62082813,\n         2.36745878],\n       [ 4.22007536, 11.86376376,  7.36099212, -1.36564805,  1.62082813,\n         2.36745878],\n       [ 4.22007536, 11.86376376,  7.36099212, -1.36564805,  1.62082813,\n         2.36745878],\n       [ 4.22007536, 11.86376376,  7.36099212, -1.36564805,  1.62082813,\n         2.36745878],\n       [ 4.22007536, 11.86376376,  7.36099212, -1.36564805,  1.62082813,\n         2.36745878],\n       [ 4.22007536, 11.86376376,  7.36099212, -1.36564805,  1.62082813,\n         2.36745878],\n       [ 4.22007536, 11.86376376,  7.36099212, -1.36564805,  1.62082813,\n         2.36745878]]), array([0.43133464, 0.43133464, 0.43133464, 0.43133464, 0.43133464,\n       0.43133464, 0.43133464]))", "callback": [0.9776628416824802, 0.9587085393566147, 0.8397538720417287, 0.7412951854486084, 0.7324789137433739, 0.7229559147262072, 0.713101804225647, 0.7017274835070642, 0.6760755776815274, 0.6664476742520649, 0.6390748406765188, 0.6310964846794254, 0.6296840374155365, 0.6264294310820033, 0.6254058607493753, 0.6249299676274418, 0.6247644730178064, 0.6241042647669077, 0.6220000314137873, 0.6155831562195352, 0.5878161342812553, 0.5030697521754754, 0.4435815071022797, 0.4435815071022797, 0.44152049771623636, 0.43843117525996567, 0.4349912685291031, 0.4342685939785237, 0.4341067942160308, 0.4329366128736749, 0.4324071962534576, 0.4319550809824855, 0.431721333514236, 0.431688592615442, 0.4316761225901323, 0.4316734180794941, 0.4316729644207241, 0.4316722846724207, 0.4316711974072761, 0.43166815363075417, 0.43166028600286976, 0.43163191485467, 0.4315930691717099, 0.4315008146504693, 0.43139472403410606, 0.4313470362131355, 0.4313378645434165, 0.43133550647070273, 0.4313348594957449, 0.4313346719465089, 0.43133464631014395, 0.43133463960994667, 0.4313346372581961, 0.4313346368858537, 0.4313346366931009, 0.4313346366799128, 0.43133463663201965, 0.4313346366249333, 0.43133463661945315, 0.4313346366164126, 0.43133463661561233, 0.43133463661542015, 0.43133463661529536, 0.43133463661526295, 0.4313346366152522, 0.43133463661524307, 0.4313346366152415, 0.43133463661524096, 0.43133463661524063, 0.43133463661524063, 0.43133463661524063]}, "10": {"maxiter": 1000, "fatol": 1e-10, "xatol": 1e-05, "duration": 0.2014942169189453, "fun": "0.4313346366249333", "nit": "572", "nfev": "875", "status": "0", "success": "True", "message": "Optimization terminated successfully.", "x": "[ 4.22006538 11.86376425  7.36099438 -1.3656454   1.62082496  2.36745786]", "final_simplex": "(array([[ 4.22006538, 11.86376425,  7.36099438, -1.3656454 ,  1.62082496,\n         2.36745786],\n       [ 4.22007052, 11.86376431,  7.36099562, -1.36564593,  1.62082895,\n         2.36745015],\n       [ 4.22006977, 11.86376534,  7.36099494, -1.3656466 ,  1.62083307,\n         2.36745483],\n       [ 4.22006857, 11.86377103,  7.36099457, -1.36564761,  1.62083017,\n         2.36745695],\n       [ 4.2200661 , 11.86376617,  7.36099559, -1.36564202,  1.62082732,\n         2.36745273],\n       [ 4.22006573, 11.86376603,  7.36099208, -1.36564974,  1.62083058,\n         2.36745161],\n       [ 4.22006896, 11.86375878,  7.36098775, -1.36564528,  1.62083345,\n         2.36745027]]), array([0.43133464, 0.43133464, 0.43133464, 0.43133464, 0.43133464,\n       0.43133464, 0.43133464]))", "callback": [0.9776628416824802, 0.9587085393566147, 0.8397538720417287, 0.7412951854486084, 0.7324789137433739, 0.7229559147262072, 0.713101804225647, 0.7017274835070642, 0.6760755776815274, 0.6664476742520649, 0.6390748406765188, 0.6310964846794254, 0.6296840374155365, 0.6264294310820033, 0.6254058607493753, 0.6249299676274418, 0.6247644730178064, 0.6241042647669077, 0.6220000314137873, 0.6155831562195352, 0.5878161342812553, 0.5030697521754754, 0.4435815071022797, 0.4435815071022797, 0.44152049771623636, 0.43843117525996567, 0.4349912685291031, 0.4342685939785237, 0.4341067942160308, 0.4329366128736749, 0.4324071962534576, 0.4319550809824855, 0.431721333514236, 0.431688592615442, 0.4316761225901323, 0.4316734180794941, 0.4316729644207241, 0.4316722846724207, 0.4316711974072761, 0.43166815363075417, 0.43166028600286976, 0.43163191485467, 0.4315930691717099, 0.4315008146504693, 0.43139472403410606, 0.4313470362131355, 0.4313378645434165, 0.43133550647070273, 0.4313348594957449, 0.4313346719465089, 0.43133464631014395, 0.43133463960994667, 0.4313346372581961, 0.4313346368858537, 0.4313346366931009, 0.4313346366799128, 0.43133463663201965, 0.4313346366249333]}, "11": {"maxiter": 1000, "fatol": 1e-10, "xatol": 1e-10, "duration": 0.2539041042327881, "fun": "0.43133463661524063", "nit": "705", "nfev": "1138", "status": "0", "success": "True", "message": "Optimization terminated successfully.", "x": "[ 4.22007536 11.86376376  7.36099212 -1.36564805  1.62082813  2.36745878]", "final_simplex": "(array([[ 4.22007536, 11.86376376,  7.36099212, -1.36564805,  1.62082813,\n         2.36745878],\n       [ 4.22007536, 11.86376376,  7.36099212, -1.36564805,  1.62082813,\n         2.36745878],\n       [ 4.22007536, 11.86376376,  7.36099212, -1.36564805,  1.62082813,\n         2.36745878],\n       [ 4.22007536, 11.86376376,  7.36099212, -1.36564805,  1.62082813,\n         2.36745878],\n       [ 4.22007536, 11.86376376,  7.36099212, -1.36564805,  1.62082813,\n         2.36745878],\n       [ 4.22007536, 11.86376376,  7.36099212, -1.36564805,  1.62082813,\n         2.36745878],\n       [ 4.22007536, 11.86376376,  7.36099212, -1.36564805,  1.62082813,\n         2.36745878]]), array([0.43133464, 0.43133464, 0.43133464, 0.43133464, 0.43133464,\n       0.43133464, 0.43133464]))", "callback": [0.9776628416824802, 0.9587085393566147, 0.8397538720417287, 0.7412951854486084, 0.7324789137433739, 0.7229559147262072, 0.713101804225647, 0.7017274835070642, 0.6760755776815274, 0.6664476742520649, 0.6390748406765188, 0.6310964846794254, 0.6296840374155365, 0.6264294310820033, 0.6254058607493753, 0.6249299676274418, 0.6247644730178064, 0.6241042647669077, 0.6220000314137873, 0.6155831562195352, 0.5878161342812553, 0.5030697521754754, 0.4435815071022797, 0.4435815071022797, 0.44152049771623636, 0.43843117525996567, 0.4349912685291031, 0.4342685939785237, 0.4341067942160308, 0.4329366128736749, 0.4324071962534576, 0.4319550809824855, 0.431721333514236, 0.431688592615442, 0.4316761225901323, 0.4316734180794941, 0.4316729644207241, 0.4316722846724207, 0.4316711974072761, 0.43166815363075417, 0.43166028600286976, 0.43163191485467, 0.4315930691717099, 0.4315008146504693, 0.43139472403410606, 0.4313470362131355, 0.4313378645434165, 0.43133550647070273, 0.4313348594957449, 0.4313346719465089, 0.43133464631014395, 0.43133463960994667, 0.4313346372581961, 0.4313346368858537, 0.4313346366931009, 0.4313346366799128, 0.43133463663201965, 0.4313346366249333, 0.43133463661945315, 0.4313346366164126, 0.43133463661561233, 0.43133463661542015, 0.43133463661529536, 0.43133463661526295, 0.4313346366152522, 0.43133463661524307, 0.4313346366152415, 0.43133463661524096, 0.43133463661524063, 0.43133463661524063, 0.43133463661524063]}}, "bfgs": {"type": "gradient", "0": {"maxiter": 100, "gtol": 1e-05, "xrtol": 1e-05, "eps": 1e-05, "duration": 0.04917097091674805, "fun": "0.4313346366981662", "jac": "[ 8.29303293e-07 -6.78934686e-07 -2.16746621e-06  2.54927190e-06\n  1.37068135e-07 -1.49605883e-06]", "hess_inv": "[[ 5.11922209e+00 -5.96070061e-01 -1.25515545e+00  1.68357786e-01\n   2.25270885e+00  7.28093454e-01]\n [-5.96070061e-01  4.91178749e+00  2.42937393e+00  6.59663357e-01\n  -1.06260110e+00  2.03481078e-01]\n [-1.25515545e+00  2.42937393e+00  5.40732921e+00 -1.92975700e-01\n  -2.52972918e+00 -3.40491618e-03]\n [ 1.68357786e-01  6.59663357e-01 -1.92975700e-01  3.45807745e+00\n   1.61168813e-02  4.70813334e-01]\n [ 2.25270885e+00 -1.06260110e+00 -2.52972918e+00  1.61168813e-02\n   5.55901171e+00 -6.61806932e-01]\n [ 7.28093454e-01  2.03481078e-01 -3.40491618e-03  4.70813334e-01\n  -6.61806932e-01  4.00882602e+00]]", "nfev": "210", "njev": "30", "status": "0", "success": "True", "message": "Optimization terminated successfully.", "x": "[ 4.22007647  5.58055837  1.07778023  1.3656531   4.76242971 -0.77414655]", "nit": "25", "callback": [0.9209921481604963, 0.917229315996949, 0.910205827760911, 0.8968657887274925, 0.8730230561111196, 0.8354482292990575, 0.7800239541141324, 0.7083784214100606, 0.6039092641078747, 0.5588664093177442, 0.5046407197693752, 0.44301864884527764, 0.4366766220948459, 0.43430843999902835, 0.433108178433503, 0.432430513109902, 0.43207975546725064, 0.4315957327378299, 0.43137869719226474, 0.43133707534873433, 0.43133475496966167, 0.4313346688608809, 0.431334649526119, 0.4313346377714192, 0.4313346366981662]}, "1": {"maxiter": 100, "gtol": 1e-05, "xrtol": 1e-05, "eps": 1e-10, "duration": 0.0494537353515625, "fun": "0.43133463673642114", "jac": "[-3.33066880e-06 -4.44089173e-06 -3.33066880e-06 -1.11022293e-06\n -1.11022293e-06 -4.44089173e-06]", "hess_inv": "[[ 5.43865407 -0.5143069  -1.16087314  0.18664855  2.31186523  0.52928622]\n [-0.5143069   4.97312974  2.58419213  0.60078285 -1.13550588  0.08343469]\n [-1.16087314  2.58419213  5.5172974  -0.15504199 -2.50764387  0.08663223]\n [ 0.18664855  0.60078285 -0.15504199  3.30783055 -0.01526658  0.28993378]\n [ 2.31186523 -1.13550588 -2.50764387 -0.01526658  5.47765501 -0.86361695]\n [ 0.52928622  0.08343469  0.08663223  0.28993378 -0.86361695  3.88245046]]", "nfev": "210", "njev": "30", "status": "0", "success": "True", "message": "Optimization terminated successfully.", "x": "[ 4.22006152  5.58055368  1.07778345  1.36564952  4.76242198 -0.77414786]", "nit": "25", "callback": [0.9209948893473467, 0.9172327785127558, 0.910210790838342, 0.8968740690381396, 0.8730387782923598, 0.8354707124144336, 0.7800458361881284, 0.7084466289153102, 0.603966394585524, 0.5589443594532714, 0.5048022949011008, 0.44300694041876854, 0.43665418241924314, 0.43430498985477184, 0.4331116886489117, 0.43242842294703454, 0.43207969776687793, 0.43159598663024745, 0.4313773686151817, 0.431337079475248, 0.4313347502572057, 0.43133466673430654, 0.4313346484833531, 0.4313346380843127, 0.43133463673642114]}, "2": {"maxiter": 100, "gtol": 1e-05, "xrtol": 1e-10, "eps": 1e-05, "duration": 0.04756975173950195, "fun": "0.4313346366981662", "jac": "[ 8.29303293e-07 -6.78934686e-07 -2.16746621e-06  2.54927190e-06\n  1.37068135e-07 -1.49605883e-06]", "hess_inv": "[[ 5.11922209e+00 -5.96070061e-01 -1.25515545e+00  1.68357786e-01\n   2.25270885e+00  7.28093454e-01]\n [-5.96070061e-01  4.91178749e+00  2.42937393e+00  6.59663357e-01\n  -1.06260110e+00  2.03481078e-01]\n [-1.25515545e+00  2.42937393e+00  5.40732921e+00 -1.92975700e-01\n  -2.52972918e+00 -3.40491618e-03]\n [ 1.68357786e-01  6.59663357e-01 -1.92975700e-01  3.45807745e+00\n   1.61168813e-02  4.70813334e-01]\n [ 2.25270885e+00 -1.06260110e+00 -2.52972918e+00  1.61168813e-02\n   5.55901171e+00 -6.61806932e-01]\n [ 7.28093454e-01  2.03481078e-01 -3.40491618e-03  4.70813334e-01\n  -6.61806932e-01  4.00882602e+00]]", "nfev": "210", "njev": "30", "status": "0", "success": "True", "message": "Optimization terminated successfully.", "x": "[ 4.22007647  5.58055837  1.07778023  1.3656531   4.76242971 -0.77414655]", "nit": "25", "callback": [0.9209921481604963, 0.917229315996949, 0.910205827760911, 0.8968657887274925, 0.8730230561111196, 0.8354482292990575, 0.7800239541141324, 0.7083784214100606, 0.6039092641078747, 0.5588664093177442, 0.5046407197693752, 0.44301864884527764, 0.4366766220948459, 0.43430843999902835, 0.433108178433503, 0.432430513109902, 0.43207975546725064, 0.4315957327378299, 0.43137869719226474, 0.43133707534873433, 0.43133475496966167, 0.4313346688608809, 0.431334649526119, 0.4313346377714192, 0.4313346366981662]}, "3": {"maxiter": 100, "gtol": 1e-05, "xrtol": 1e-10, "eps": 1e-10, "duration": 0.04786491394042969, "fun": "0.43133463673642114", "jac": "[-3.33066880e-06 -4.44089173e-06 -3.33066880e-06 -1.11022293e-06\n -1.11022293e-06 -4.44089173e-06]", "hess_inv": "[[ 5.43865407 -0.5143069  -1.16087314  0.18664855  2.31186523  0.52928622]\n [-0.5143069   4.97312974  2.58419213  0.60078285 -1.13550588  0.08343469]\n [-1.16087314  2.58419213  5.5172974  -0.15504199 -2.50764387  0.08663223]\n [ 0.18664855  0.60078285 -0.15504199  3.30783055 -0.01526658  0.28993378]\n [ 2.31186523 -1.13550588 -2.50764387 -0.01526658  5.47765501 -0.86361695]\n [ 0.52928622  0.08343469  0.08663223  0.28993378 -0.86361695  3.88245046]]", "nfev": "210", "njev": "30", "status": "0", "success": "True", "message": "Optimization terminated successfully.", "x": "[ 4.22006152  5.58055368  1.07778345  1.36564952  4.76242198 -0.77414786]", "nit": "25", "callback": [0.9209948893473467, 0.9172327785127558, 0.910210790838342, 0.8968740690381396, 0.8730387782923598, 0.8354707124144336, 0.7800458361881284, 0.7084466289153102, 0.603966394585524, 0.5589443594532714, 0.5048022949011008, 0.44300694041876854, 0.43665418241924314, 0.43430498985477184, 0.4331116886489117, 0.43242842294703454, 0.43207969776687793, 0.43159598663024745, 0.4313773686151817, 0.431337079475248, 0.4313347502572057, 0.43133466673430654, 0.4313346484833531, 0.4313346380843127, 0.43133463673642114]}, "4": {"maxiter": 100, "gtol": 1e-10, "xrtol": 1e-05, "eps": 1e-05, "duration": 0.048716068267822266, "fun": "0.4313346366429812", "jac": "[-1.64779301e-07 -3.28737038e-08 -2.08155715e-07  2.11042295e-07\n  9.73554570e-08  1.54753987e-07]", "hess_inv": "[[ 5.35577564 -0.86293807 -1.77344172  0.448182    2.58758282  0.58055888]\n [-0.86293807  5.13315379  2.82082211  0.45816949 -1.33897275  0.42295954]\n [-1.77344172  2.82082211  6.07428523 -0.52918286 -3.0175223   0.44844503]\n [ 0.448182    0.45816949 -0.52918286  3.6254841   0.26694385  0.22030349]\n [ 2.58758282 -1.33897275 -3.0175223   0.26694385  5.90402282 -0.93815033]\n [ 0.58055888  0.42295954  0.44844503  0.22030349 -0.93815033  4.06554712]]", "nfev": "217", "njev": "31", "status": "0", "success": "True", "message": "Optimization terminated successfully.", "x": "[ 4.22006697  5.58056834  1.07779922  1.36564294  4.76241722 -0.77414013]", "nit": "26", "callback": [0.9209921481604963, 0.917229315996949, 0.910205827760911, 0.8968657887274925, 0.8730230561111196, 0.8354482292990575, 0.7800239541141324, 0.7083784214100606, 0.6039092641078747, 0.5588664093177442, 0.5046407197693752, 0.44301864884527764, 0.4366766220948459, 0.43430843999902835, 0.433108178433503, 0.432430513109902, 0.43207975546725064, 0.4315957327378299, 0.43137869719226474, 0.43133707534873433, 0.43133475496966167, 0.4313346688608809, 0.431334649526119, 0.4313346377714192, 0.4313346366981662, 0.4313346366429812]}, "5": {"maxiter": 100, "gtol": 1e-10, "xrtol": 1e-05, "eps": 1e-10, "duration": 0.04842090606689453, "fun": "0.43133463664598104", "jac": "[ 0.00000000e+00  1.11022293e-06 -1.11022293e-06  1.11022293e-06\n  0.00000000e+00  2.22044587e-06]", "hess_inv": "[[ 4.68133885 -1.37161842 -1.77763437 -0.1330403   2.24997849  0.07566731]\n [-1.37161842  5.2540732   3.14891442  0.30573578 -1.85206194  0.73886871]\n [-1.77763437  3.14891442  6.28949624 -0.34793196 -3.21046589  0.89686201]\n [-0.1330403   0.30573578 -0.34793196  3.17645024 -0.07592751  0.16089175]\n [ 2.24997849 -1.85206194 -3.21046589 -0.07592751  5.80657649 -1.50456156]\n [ 0.07566731  0.73886871  0.89686201  0.16089175 -1.50456156  4.70262309]]", "nfev": "217", "njev": "31", "status": "0", "success": "True", "message": "Optimization terminated successfully.", "x": "[ 4.22006778  5.58058449  1.07781249  1.36565343  4.76241024 -0.77412195]", "nit": "26", "callback": [0.9209948893473467, 0.9172327785127558, 0.910210790838342, 0.8968740690381396, 0.8730387782923598, 0.8354707124144336, 0.7800458361881284, 0.7084466289153102, 0.603966394585524, 0.5589443594532714, 0.5048022949011008, 0.44300694041876854, 0.43665418241924314, 0.43430498985477184, 0.4331116886489117, 0.43242842294703454, 0.43207969776687793, 0.43159598663024745, 0.4313773686151817, 0.431337079475248, 0.4313347502572057, 0.43133466673430654, 0.4313346484833531, 0.4313346380843127, 0.43133463673642114, 0.43133463664598104]}, "6": {"maxiter": 100, "gtol": 1e-10, "xrtol": 1e-10, "eps": 1e-05, "duration": 0.09752273559570312, "fun": "0.43133463664244376", "jac": "[-1.69309011e-08  1.33226763e-10 -6.67244038e-09  6.06181771e-09\n  6.98330283e-09  1.76525461e-08]", "hess_inv": "[[ 5.2948683  -0.82111538 -1.70397272  0.41436922  2.53525502  0.63404124]\n [-0.82111538  5.19269734  2.97906017  0.35621415 -1.41291887  0.34550277]\n [-1.70397272  2.97906017  6.47546779 -0.78267863 -3.21417889  0.29266863]\n [ 0.41436922  0.35621415 -0.78267863  3.78423447  0.39372191  0.30775149]\n [ 2.53525502 -1.41291887 -3.21417889  0.39372191  5.99584056 -0.84158871]\n [ 0.63404124  0.34550277  0.29266863  0.30775149 -0.84158871  4.03668264]]", "nfev": "438", "njev": "61", "status": "2", "success": "False", "message": "Desired error not necessarily achieved due to precision loss.", "x": "[ 4.22006698  5.58056899  1.07780078  1.36564201  4.7624164  -0.7741405 ]", "nit": "27", "callback": [0.9209921481604963, 0.917229315996949, 0.910205827760911, 0.8968657887274925, 0.8730230561111196, 0.8354482292990575, 0.7800239541141324, 0.7083784214100606, 0.6039092641078747, 0.5588664093177442, 0.5046407197693752, 0.44301864884527764, 0.4366766220948459, 0.43430843999902835, 0.433108178433503, 0.432430513109902, 0.43207975546725064, 0.4315957327378299, 0.43137869719226474, 0.43133707534873433, 0.43133475496966167, 0.4313346688608809, 0.431334649526119, 0.4313346377714192, 0.4313346366981662, 0.4313346366429812, 0.43133463664244376]}, "7": {"maxiter": 100, "gtol": 1e-10, "xrtol": 1e-10, "eps": 1e-10, "duration": 0.06701803207397461, "fun": "0.4313346366291648", "jac": "[1.11022293e-06 0.00000000e+00 3.33066880e-06 2.22044587e-06\n 2.22044587e-06 0.00000000e+00]", "hess_inv": "[[ 4.68568276 -1.40522493 -1.64864359 -0.23500081  2.29137287 -0.1401757 ]\n [-1.40522493  4.90454515  3.30575697  0.19030018 -1.23345402 -0.18995867]\n [-1.64864359  3.30575697  7.94169646 -1.70978228 -3.83188102 -0.58802779]\n [-0.23500081  0.19030018 -1.70978228  4.46023209  0.69784504  1.36637377]\n [ 2.29137287 -1.23345402 -3.83188102  0.69784504  5.29058228  0.4329537 ]\n [-0.1401757  -0.18995867 -0.58802779  1.36637377  0.4329537   4.34825459]]", "nfev": "301", "njev": "43", "status": "0", "success": "True", "message": "Optimization terminated successfully.", "x": "[ 4.22006759  5.5805804   1.07781806  1.36564647  4.76241223 -0.7741362 ]", "nit": "28", "callback": [0.9209948893473467, 0.9172327785127558, 0.910210790838342, 0.8968740690381396, 0.8730387782923598, 0.8354707124144336, 0.7800458361881284, 0.7084466289153102, 0.603966394585524, 0.5589443594532714, 0.5048022949011008, 0.44300694041876854, 0.43665418241924314, 0.43430498985477184, 0.4331116886489117, 0.43242842294703454, 0.43207969776687793, 0.43159598663024745, 0.4313773686151817, 0.431337079475248, 0.4313347502572057, 0.43133466673430654, 0.4313346484833531, 0.4313346380843127, 0.43133463673642114, 0.43133463664598104, 0.43133463662916494, 0.4313346366291648]}, "8": {"maxiter": 500, "gtol": 1e-05, "xrtol": 1e-05, "eps": 1e-05, "duration": 0.04717087745666504, "fun": "0.4313346366981662", "jac": "[ 8.29303293e-07 -6.78934686e-07 -2.16746621e-06  2.54927190e-06\n  1.37068135e-07 -1.49605883e-06]", "hess_inv": "[[ 5.11922209e+00 -5.96070061e-01 -1.25515545e+00  1.68357786e-01\n   2.25270885e+00  7.28093454e-01]\n [-5.96070061e-01  4.91178749e+00  2.42937393e+00  6.59663357e-01\n  -1.06260110e+00  2.03481078e-01]\n [-1.25515545e+00  2.42937393e+00  5.40732921e+00 -1.92975700e-01\n  -2.52972918e+00 -3.40491618e-03]\n [ 1.68357786e-01  6.59663357e-01 -1.92975700e-01  3.45807745e+00\n   1.61168813e-02  4.70813334e-01]\n [ 2.25270885e+00 -1.06260110e+00 -2.52972918e+00  1.61168813e-02\n   5.55901171e+00 -6.61806932e-01]\n [ 7.28093454e-01  2.03481078e-01 -3.40491618e-03  4.70813334e-01\n  -6.61806932e-01  4.00882602e+00]]", "nfev": "210", "njev": "30", "status": "0", "success": "True", "message": "Optimization terminated successfully.", "x": "[ 4.22007647  5.58055837  1.07778023  1.3656531   4.76242971 -0.77414655]", "nit": "25", "callback": [0.9209921481604963, 0.917229315996949, 0.910205827760911, 0.8968657887274925, 0.8730230561111196, 0.8354482292990575, 0.7800239541141324, 0.7083784214100606, 0.6039092641078747, 0.5588664093177442, 0.5046407197693752, 0.44301864884527764, 0.4366766220948459, 0.43430843999902835, 0.433108178433503, 0.432430513109902, 0.43207975546725064, 0.4315957327378299, 0.43137869719226474, 0.43133707534873433, 0.43133475496966167, 0.4313346688608809, 0.431334649526119, 0.4313346377714192, 0.4313346366981662]}, "9": {"maxiter": 500, "gtol": 1e-05, "xrtol": 1e-05, "eps": 1e-10, "duration": 0.05202674865722656, "fun": "0.43133463673642114", "jac": "[-3.33066880e-06 -4.44089173e-06 -3.33066880e-06 -1.11022293e-06\n -1.11022293e-06 -4.44089173e-06]", "hess_inv": "[[ 5.43865407 -0.5143069  -1.16087314  0.18664855  2.31186523  0.52928622]\n [-0.5143069   4.97312974  2.58419213  0.60078285 -1.13550588  0.08343469]\n [-1.16087314  2.58419213  5.5172974  -0.15504199 -2.50764387  0.08663223]\n [ 0.18664855  0.60078285 -0.15504199  3.30783055 -0.01526658  0.28993378]\n [ 2.31186523 -1.13550588 -2.50764387 -0.01526658  5.47765501 -0.86361695]\n [ 0.52928622  0.08343469  0.08663223  0.28993378 -0.86361695  3.88245046]]", "nfev": "210", "njev": "30", "status": "0", "success": "True", "message": "Optimization terminated successfully.", "x": "[ 4.22006152  5.58055368  1.07778345  1.36564952  4.76242198 -0.77414786]", "nit": "25", "callback": [0.9209948893473467, 0.9172327785127558, 0.910210790838342, 0.8968740690381396, 0.8730387782923598, 0.8354707124144336, 0.7800458361881284, 0.7084466289153102, 0.603966394585524, 0.5589443594532714, 0.5048022949011008, 0.44300694041876854, 0.43665418241924314, 0.43430498985477184, 0.4331116886489117, 0.43242842294703454, 0.43207969776687793, 0.43159598663024745, 0.4313773686151817, 0.431337079475248, 0.4313347502572057, 0.43133466673430654, 0.4313346484833531, 0.4313346380843127, 0.43133463673642114]}, "10": {"maxiter": 500, "gtol": 1e