{"date": "2024/09/25/, 14:56:08", "conf_id": 253, "data_type": "var_s_rank\n", "num_data_points": 1, "s_rank": 0, "unitary": "[[-0.53618537-0.34368723j,-0.12107031-0.46226139j,-0.07699282-0.46603512j,0.36022595-0.11472301j],[0.26026499-0.63450712j,-0.56616638+0.37832564j,-0.14988651+0.08458591j,0.10363514-0.16008501j],[-0.32580188-0.11070003j,-0.36476308-0.23593218j,0.02559343+0.41761608j,-0.25598305+0.6725303j],[0.07406738-0.0126433j,0.28513701+0.19483972j,-0.74939717-0.10299659j,0.29798249+0.46269921j]]", "databatch_0": {"databatch": "[[[0.22925984+0.18800429j,0.19730994-0.1642573j,-0.31578695+0.16284457j,0.02302349+0.30438288j],[-0.17704855+0.08550669j,0.11874287+0.03820637j,-0.08767607-0.04287712j,-0.08509538-0.1595176j],[0.01471184+0.01889261j,0.13603518-0.15025298j,-0.1247211+0.26532233j,0.11628756-0.08555292j],[0.17562351-0.05504811j,-0.06545678+0.36703763j,0.21928101+0.29471539j,-0.27152625+0.01851565j]]]", "initial param values": "[0.55762993,4.19379406,3.41056101,0.37111787,3.89286405,4.8631398]", "nelder_mead": {"type": "gradient-free", "0": {"maxiter": 100, "fatol": 1e-05, "xatol": 1e-05, "duration": 0.0667870044708252, "fun": "0.5628802634928695", "nit": "100", "nfev": "163", "status": "2", "success": "False", "message": "Maximum number of iterations has been exceeded.", "x": "[0.01751421 6.6527702  1.91855648 0.82942213 5.87754435 2.62306238]", "final_simplex": "(array([[0.01751421, 6.6527702 , 1.91855648, 0.82942213, 5.87754435,\n        2.62306238],\n       [0.02434929, 6.11843518, 2.36668909, 0.77898256, 5.90162361,\n        2.74344512],\n       [0.07039078, 5.92174504, 2.50208328, 0.73589913, 5.91672535,\n        2.69100986],\n       [0.06290915, 5.86833292, 2.60979503, 0.73386422, 5.83117926,\n        2.75154276],\n       [0.01479727, 5.60645759, 2.86088958, 0.74110172, 5.88248547,\n        2.70530003],\n       [0.06044665, 6.13154014, 2.39295818, 0.75777969, 5.89064947,\n        2.68954479],\n       [0.08219522, 5.69667055, 2.74527697, 0.70496044, 5.82727305,\n        2.79634642]]), array([0.56288026, 0.56293988, 0.5631396 , 0.56334587, 0.56347746,\n       0.56352472, 0.5636704 ]))", "callback": [0.6357392102121426, 0.6033810350172186, 0.5905178379021313, 0.5867858538338688, 0.5786645875430234, 0.5708576333493369, 0.5698269282506567, 0.5685793142510631, 0.5646851888782518, 0.5633458694471085]}, "1": {"maxiter": 100, "fatol": 1e-05, "xatol": 1e-10, "duration": 0.0633537769317627, "fun": "0.5628802634928695", "nit": "100", "nfev": "163", "status": "2", "success": "False", "message": "Maximum number of iterations has been exceeded.", "x": "[0.01751421 6.6527702  1.91855648 0.82942213 5.87754435 2.62306238]", "final_simplex": "(array([[0.01751421, 6.6527702 , 1.91855648, 0.82942213, 5.87754435,\n        2.62306238],\n       [0.02434929, 6.11843518, 2.36668909, 0.77898256, 5.90162361,\n        2.74344512],\n       [0.07039078, 5.92174504, 2.50208328, 0.73589913, 5.91672535,\n        2.69100986],\n       [0.06290915, 5.86833292, 2.60979503, 0.73386422, 5.83117926,\n        2.75154276],\n       [0.01479727, 5.60645759, 2.86088958, 0.74110172, 5.88248547,\n        2.70530003],\n       [0.06044665, 6.13154014, 2.39295818, 0.75777969, 5.89064947,\n        2.68954479],\n       [0.08219522, 5.69667055, 2.74527697, 0.70496044, 5.82727305,\n        2.79634642]]), array([0.56288026, 0.56293988, 0.5631396 , 0.56334587, 0.56347746,\n       0.56352472, 0.5636704 ]))", "callback": [0.6357392102121426, 0.6033810350172186, 0.5905178379021313, 0.5867858538338688, 0.5786645875430234, 0.5708576333493369, 0.5698269282506567, 0.5685793142510631, 0.5646851888782518, 0.5633458694471085]}, "2": {"maxiter": 100, "fatol": 1e-10, "xatol": 1e-05, "duration": 0.06174015998840332, "fun": "0.5628802634928695", "nit": "100", "nfev": "163", "status": "2", "success": "False", "message": "Maximum number of iterations has been exceeded.", "x": "[0.01751421 6.6527702  1.91855648 0.82942213 5.87754435 2.62306238]", "final_simplex": "(array([[0.01751421, 6.6527702 , 1.91855648, 0.82942213, 5.87754435,\n        2.62306238],\n       [0.02434929, 6.11843518, 2.36668909, 0.77898256, 5.90162361,\n        2.74344512],\n       [0.07039078, 5.92174504, 2.50208328, 0.73589913, 5.91672535,\n        2.69100986],\n       [0.06290915, 5.86833292, 2.60979503, 0.73386422, 5.83117926,\n        2.75154276],\n       [0.01479727, 5.60645759, 2.86088958, 0.74110172, 5.88248547,\n        2.70530003],\n       [0.06044665, 6.13154014, 2.39295818, 0.75777969, 5.89064947,\n        2.68954479],\n       [0.08219522, 5.69667055, 2.74527697, 0.70496044, 5.82727305,\n        2.79634642]]), array([0.56288026, 0.56293988, 0.5631396 , 0.56334587, 0.56347746,\n       0.56352472, 0.5636704 ]))", "callback": [0.6357392102121426, 0.6033810350172186, 0.5905178379021313, 0.5867858538338688, 0.5786645875430234, 0.5708576333493369, 0.5698269282506567, 0.5685793142510631, 0.5646851888782518, 0.5633458694471085]}, "3": {"maxiter": 100, "fatol": 1e-10, "xatol": 1e-10, "duration": 0.06157183647155762, "fun": "0.5628802634928695", "nit": "100", "nfev": "163", "status": "2", "success": "False", "message": "Maximum number of iterations has been exceeded.", "x": "[0.01751421 6.6527702  1.91855648 0.82942213 5.87754435 2.62306238]", "final_simplex": "(array([[0.01751421, 6.6527702 , 1.91855648, 0.82942213, 5.87754435,\n        2.62306238],\n       [0.02434929, 6.11843518, 2.36668909, 0.77898256, 5.90162361,\n        2.74344512],\n       [0.07039078, 5.92174504, 2.50208328, 0.73589913, 5.91672535,\n        2.69100986],\n       [0.06290915, 5.86833292, 2.60979503, 0.73386422, 5.83117926,\n        2.75154276],\n       [0.01479727, 5.60645759, 2.86088958, 0.74110172, 5.88248547,\n        2.70530003],\n       [0.06044665, 6.13154014, 2.39295818, 0.75777969, 5.89064947,\n        2.68954479],\n       [0.08219522, 5.69667055, 2.74527697, 0.70496044, 5.82727305,\n        2.79634642]]), array([0.56288026, 0.56293988, 0.5631396 , 0.56334587, 0.56347746,\n       0.56352472, 0.5636704 ]))", "callback": [0.6357392102121426, 0.6033810350172186, 0.5905178379021313, 0.5867858538338688, 0.5786645875430234, 0.5708576333493369, 0.5698269282506567, 0.5685793142510631, 0.5646851888782518, 0.5633458694471085]}, "4": {"maxiter": 500, "fatol": 1e-05, "xatol": 1e-05, "duration": 0.3327469825744629, "fun": "0.46020602368438623", "nit": "500", "nfev": "765", "status": "2", "success": "False", "message": "Maximum number of iterations has been exceeded.", "x": "[-1.87670583  5.78151304  1.36887914  0.96748471  5.04275189  4.84615143]", "final_simplex": "(array([[-1.87670583,  5.78151304,  1.36887914,  0.96748471,  5.04275189,\n         4.84615143],\n       [-1.88110272,  5.78309539,  1.37424476,  0.96893065,  5.04535049,\n         4.84144871],\n       [-1.8810395 ,  5.78361042,  1.37046539,  0.97158984,  5.03991604,\n         4.8432977 ],\n       [-1.88138602,  5.7841429 ,  1.37612289,  0.96416654,  5.04224732,\n         4.83848681],\n       [-1.88201274,  5.77748876,  1.36424042,  0.97218737,  5.03840976,\n         4.85577205],\n       [-1.88213867,  5.78512984,  1.37227569,  0.96907487,  5.03694863,\n         4.8478299 ],\n       [-1.88016565,  5.77821379,  1.37166435,  0.96753814,  5.03712956,\n         4.84795529]]), array([0.46020602, 0.46020927, 0.46021023, 0.46021101, 0.46021118,\n       0.46021295, 0.46021449]))", "callback": [0.6357392102121426, 0.6033810350172186, 0.5905178379021313, 0.5867858538338688, 0.5786645875430234, 0.5708576333493369, 0.5698269282506567, 0.5685793142510631, 0.5646851888782518, 0.5633458694471085, 0.5625279193759577, 0.5617034771445697, 0.5592977705899981, 0.5532923012966109, 0.5472461902956094, 0.5468933784533244, 0.5447421559942416, 0.5422502285998386, 0.5408372837303728, 0.5375156131084413, 0.5333613631013168, 0.5292888306377126, 0.5260415139292978, 0.5257181120324301, 0.5252490965555303, 0.5250962426451279, 0.5250222672901702, 0.5247200811254237, 0.5239737056971132, 0.5220788508702882, 0.5188075797018947, 0.5152159444944289, 0.5128423239292499, 0.5097786606410069, 0.5022543188758519, 0.49831037368368214, 0.4959321244083166, 0.4921283751943156, 0.4779215301448748, 0.4699812853267772, 0.4668361839116736, 0.46401237552709185, 0.46255338903446364, 0.4614919445549428, 0.4608145642136584, 0.46047316959490014, 0.46030957685468277, 0.46026479769034034, 0.4602233953996604, 0.46020927012190527]}, "5": {"maxiter": 500, "fatol": 1e-05, "xatol": 1e-10, "duration": 0.30143284797668457, "fun": "0.46020602368438623", "nit": "500", "nfev": "765", "status": "2", "success": "False", "message": "Maximum number of iterations has been exceeded.", "x": "[-1.87670583  5.78151304  1.36887914  0.96748471  5.04275189  4.84615143]", "final_simplex": "(array([[-1.87670583,  5.78151304,  1.36887914,  0.96748471,  5.04275189,\n         4.84615143],\n       [-1.88110272,  5.78309539,  1.37424476,  0.96893065,  5.04535049,\n         4.84144871],\n       [-1.8810395 ,  5.78361042,  1.37046539,  0.97158984,  5.03991604,\n         4.8432977 ],\n       [-1.88138602,  5.7841429 ,  1.37612289,  0.96416654,  5.04224732,\n         4.83848681],\n       [-1.88201274,  5.77748876,  1.36424042,  0.97218737,  5.03840976,\n         4.85577205],\n       [-1.88213867,  5.78512984,  1.37227569,  0.96907487,  5.03694863,\n         4.8478299 ],\n       [-1.88016565,  5.77821379,  1.37166435,  0.96753814,  5.03712956,\n         4.84795529]]), array([0.46020602, 0.46020927, 0.46021023, 0.46021101, 0.46021118,\n       0.46021295, 0.46021449]))", "callback": [0.6357392102121426, 0.6033810350172186, 0.5905178379021313, 0.5867858538338688, 0.5786645875430234, 0.5708576333493369, 0.5698269282506567, 0.5685793142510631, 0.5646851888782518, 0.5633458694471085, 0.5625279193759577, 0.5617034771445697, 0.5592977705899981, 0.5532923012966109, 0.5472461902956094, 0.5468933784533244, 0.5447421559942416, 0.5422502285998386, 0.5408372837303728, 0.5375156131084413, 0.5333613631013168, 0.5292888306377126, 0.5260415139292978, 0.5257181120324301, 0.5252490965555303, 0.5250962426451279, 0.5250222672901702, 0.5247200811254237, 0.5239737056971132, 0.5220788508702882, 0.5188075797018947, 0.5152159444944289, 0.5128423239292499, 0.5097786606410069, 0.5022543188758519, 0.49831037368368214, 0.4959321244083166, 0.4921283751943156, 0.4779215301448748, 0.4699812853267772, 0.4668361839116736, 0.46401237552709185, 0.46255338903446364, 0.4614919445549428, 0.4608145642136584, 0.46047316959490014, 0.46030957685468277, 0.46026479769034034, 0.4602233953996604, 0.46020927012190527]}, "6": {"maxiter": 500, "fatol": 1e-10, "xatol": 1e-05, "duration": 0.31356120109558105, "fun": "0.46020602368438623", "nit": "500", "nfev": "765", "status": "2", "success": "False", "message": "Maximum number of iterations has been exceeded.", "x": "[-1.87670583  5.78151304  1.36887914  0.96748471  5.04275189  4.84615143]", "final_simplex": "(array([[-1.87670583,  5.78151304,  1.36887914,  0.96748471,  5.04275189,\n         4.84615143],\n       [-1.88110272,  5.78309539,  1.37424476,  0.96893065,  5.04535049,\n         4.84144871],\n       [-1.8810395 ,  5.78361042,  1.37046539,  0.97158984,  5.03991604,\n         4.8432977 ],\n       [-1.88138602,  5.7841429 ,  1.37612289,  0.96416654,  5.04224732,\n         4.83848681],\n       [-1.88201274,  5.77748876,  1.36424042,  0.97218737,  5.03840976,\n         4.85577205],\n       [-1.88213867,  5.78512984,  1.37227569,  0.96907487,  5.03694863,\n         4.8478299 ],\n       [-1.88016565,  5.77821379,  1.37166435,  0.96753814,  5.03712956,\n         4.84795529]]), array([0.46020602, 0.46020927, 0.46021023, 0.46021101, 0.46021118,\n       0.46021295, 0.46021449]))", "callback": [0.6357392102121426, 0.6033810350172186, 0.5905178379021313, 0.5867858538338688, 0.5786645875430234, 0.5708576333493369, 0.5698269282506567, 0.5685793142510631, 0.5646851888782518, 0.5633458694471085, 0.5625279193759577, 0.5617034771445697, 0.5592977705899981, 0.5532923012966109, 0.5472461902956094, 0.5468933784533244, 0.5447421559942416, 0.5422502285998386, 0.5408372837303728, 0.5375156131084413, 0.5333613631013168, 0.5292888306377126, 0.5260415139292978, 0.5257181120324301, 0.5252490965555303, 0.5250962426451279, 0.5250222672901702, 0.5247200811254237, 0.5239737056971132, 0.5220788508702882, 0.5188075797018947, 0.5152159444944289, 0.5128423239292499, 0.5097786606410069, 0.5022543188758519, 0.49831037368368214, 0.4959321244083166, 0.4921283751943156, 0.4779215301448748, 0.4699812853267772, 0.4668361839116736, 0.46401237552709185, 0.46255338903446364, 0.4614919445549428, 0.4608145642136584, 0.46047316959490014, 0.46030957685468277, 0.46026479769034034, 0.4602233953996604, 0.46020927012190527]}, "7": {"maxiter": 500, "fatol": 1e-10, "xatol": 1e-10, "duration": 0.26176905632019043, "fun": "0.46020602368438623", "nit": "500", "nfev": "765", "status": "2", "success": "False", "message": "Maximum number of iterations has been exceeded.", "x": "[-1.87670583  5.78151304  1.36887914  0.96748471  5.04275189  4.84615143]", "final_simplex": "(array([[-1.87670583,  5.78151304,  1.36887914,  0.96748471,  5.04275189,\n         4.84615143],\n       [-1.88110272,  5.78309539,  1.37424476,  0.96893065,  5.04535049,\n         4.84144871],\n       [-1.8810395 ,  5.78361042,  1.37046539,  0.97158984,  5.03991604,\n         4.8432977 ],\n       [-1.88138602,  5.7841429 ,  1.37612289,  0.96416654,  5.04224732,\n         4.83848681],\n       [-1.88201274,  5.77748876,  1.36424042,  0.97218737,  5.03840976,\n         4.85577205],\n       [-1.88213867,  5.78512984,  1.37227569,  0.96907487,  5.03694863,\n         4.8478299 ],\n       [-1.88016565,  5.77821379,  1.37166435,  0.96753814,  5.03712956,\n         4.84795529]]), array([0.46020602, 0.46020927, 0.46021023, 0.46021101, 0.46021118,\n       0.46021295, 0.46021449]))", "callback": [0.6357392102121426, 0.6033810350172186, 0.5905178379021313, 0.5867858538338688, 0.5786645875430234, 0.5708576333493369, 0.5698269282506567, 0.5685793142510631, 0.5646851888782518, 0.5633458694471085, 0.5625279193759577, 0.5617034771445697, 0.5592977705899981, 0.5532923012966109, 0.5472461902956094, 0.5468933784533244, 0.5447421559942416, 0.5422502285998386, 0.5408372837303728, 0.5375156131084413, 0.5333613631013168, 0.5292888306377126, 0.5260415139292978, 0.5257181120324301, 0.5252490965555303, 0.5250962426451279, 0.5250222672901702, 0.5247200811254237, 0.5239737056971132, 0.5220788508702882, 0.5188075797018947, 0.5152159444944289, 0.5128423239292499, 0.5097786606410069, 0.5022543188758519, 0.49831037368368214, 0.4959321244083166, 0.4921283751943156, 0.4779215301448748, 0.4699812853267772, 0.4668361839116736, 0.46401237552709185, 0.46255338903446364, 0.4614919445549428, 0.4608145642136584, 0.46047316959490014, 0.46030957685468277, 0.46026479769034034, 0.4602233953996604, 0.46020927012190527]}, "8": {"maxiter": 1000, "fatol": 1e-05, "xatol": 1e-05, "duration": 0.3290700912475586, "fun": "0.46020374442264145", "nit": "640", "nfev": "991", "status": "0", "success": "True", "message": "Optimization terminated successfully.", "x": "[-1.87944734  5.78031787  1.36435763  0.96899958  5.04416852  4.84774682]", "final_simplex": "(array([[-1.87944734,  5.78031787,  1.36435763,  0.96899958,  5.04416852,\n         4.84774682],\n       [-1.87944885,  5.78032183,  1.3643575 ,  0.96899847,  5.04416005,\n         4.84775296],\n       [-1.87944905,  5.78032483,  1.36435922,  0.96899914,  5.04416469,\n         4.8477469 ],\n       [-1.87944516,  5.7803223 ,  1.36435905,  0.96900278,  5.04416604,\n         4.84774687],\n       [-1.87944955,  5.78032133,  1.3643611 ,  0.96899829,  5.0441626 ,\n         4.8477459 ],\n       [-1.87944038,  5.78032415,  1.36436141,  0.96899919,  5.04415944,\n         4.84774555],\n       [-1.8794475 ,  5.78032407,  1.36436448,  0.96899688,  5.04417073,\n         4.84774332]]), array([0.46020374, 0.46020374, 0.46020374, 0.46020374, 0.46020374,\n       0.46020374, 0.46020374]))", "callback": [0.6357392102121426, 0.6033810350172186, 0.5905178379021313, 0.5867858538338688, 0.5786645875430234, 0.5708576333493369, 0.5698269282506567, 0.5685793142510631, 0.5646851888782518, 0.5633458694471085, 0.5625279193759577, 0.5617034771445697, 0.5592977705899981, 0.5532923012966109, 0.5472461902956094, 0.5468933784533244, 0.5447421559942416, 0.5422502285998386, 0.5408372837303728, 0.5375156131084413, 0.5333613631013168, 0.5292888306377126, 0.5260415139292978, 0.5257181120324301, 0.5252490965555303, 0.5250962426451279, 0.5250222672901702, 0.5247200811254237, 0.5239737056971132, 0.5220788508702882, 0.5188075797018947, 0.5152159444944289, 0.5128423239292499, 0.5097786606410069, 0.5022543188758519, 0.49831037368368214, 0.4959321244083166, 0.4921283751943156, 0.4779215301448748, 0.4699812853267772, 0.4668361839116736, 0.46401237552709185, 0.46255338903446364, 0.4614919445549428, 0.4608145642136584, 0.46047316959490014, 0.46030957685468277, 0.46026479769034034, 0.4602233953996604, 0.46020927012190527, 0.46020595826341515, 0.46020484348957824, 0.46020413214932543, 0.4602038567486242, 0.4602038022217173, 0.46020375865055374, 0.4602037493137122, 0.46020374662770036, 0.46020374533012653, 0.4602037445318131, 0.4602037445318131, 0.46020374448296564, 0.46020374442927936, 0.4602037444262307]}, "9": {"maxiter": 1000, "fatol": 1e-05, "xatol": 1e-10, "duration": 0.38211989402770996, "fun": "0.46020374441760925", "nit": "740", "nfev": "1213", "status": "0", "success": "True", "message": "Optimization terminated successfully.", "x": "[-1.87944274  5.78032127  1.36435607  0.96899739  5.0441659   4.84774792]", "final_simplex": "(array([[-1.87944274,  5.78032127,  1.36435607,  0.96899739,  5.0441659 ,\n         4.84774792],\n       [-1.87944274,  5.78032127,  1.36435607,  0.96899739,  5.0441659 ,\n         4.84774792],\n       [-1.87944274,  5.78032127,  1.36435607,  0.96899739,  5.0441659 ,\n         4.84774792],\n       [-1.87944274,  5.78032127,  1.36435607,  0.96899739,  5.0441659 ,\n         4.84774792],\n       [-1.87944274,  5.78032127,  1.36435607,  0.96899739,  5.0441659 ,\n         4.84774792],\n       [-1.87944274,  5.78032127,  1.36435607,  0.96899739,  5.0441659 ,\n         4.84774792],\n       [-1.87944274,  5.78032127,  1.36435607,  0.96899739,  5.0441659 ,\n         4.84774792]]), array([0.46020374, 0.46020374, 0.46020374, 0.46020374, 0.46020374,\n       0.46020374, 0.46020374]))", "callback": [0.6357392102121426, 0.6033810350172186, 0.5905178379021313, 0.5867858538338688, 0.5786645875430234, 0.5708576333493369, 0.5698269282506567, 0.5685793142510631, 0.5646851888782518, 0.5633458694471085, 0.5625279193759577, 0.5617034771445697, 0.5592977705899981, 0.5532923012966109, 0.5472461902956094, 0.5468933784533244, 0.5447421559942416, 0.5422502285998386, 0.5408372837303728, 0.5375156131084413, 0.5333613631013168, 0.5292888306377126, 0.5260415139292978, 0.5257181120324301, 0.5252490965555303, 0.5250962426451279, 0.5250222672901702, 0.5247200811254237, 0.5239737056971132, 0.5220788508702882, 0.5188075797018947, 0.5152159444944289, 0.5128423239292499, 0.5097786606410069, 0.5022543188758519, 0.49831037368368214, 0.4959321244083166, 0.4921283751943156, 0.4779215301448748, 0.4699812853267772, 0.4668361839116736, 0.46401237552709185, 0.46255338903446364, 0.4614919445549428, 0.4608145642136584, 0.46047316959490014, 0.46030957685468277, 0.46026479769034034, 0.4602233953996604, 0.46020927012190527, 0.46020595826341515, 0.46020484348957824, 0.46020413214932543, 0.4602038567486242, 0.4602038022217173, 0.46020375865055374, 0.4602037493137122, 0.46020374662770036, 0.46020374533012653, 0.4602037445318131, 0.4602037445318131, 0.46020374448296564, 0.46020374442927936, 0.4602037444262307, 0.46020374442104073, 0.4602037444190965, 0.46020374441806466, 0.46020374441764555, 0.46020374441764145, 0.4602037444176139, 0.46020374441761003, 0.4602037444176097, 0.4602037444176095, 0.46020374441760925]}, "10": {"maxiter": 1000, "fatol": 1e-10, "xatol": 1e-05, "duration": 0.3293492794036865, "fun": "0.46020374442264145", "nit": "640", "nfev": "991", "status": "0", "success": "True", "message": "Optimization terminated successfully.", "x": "[-1.87944734  5.78031787  1.36435763  0.96899958  5.04416852  4.84774682]", "final_simplex": "(array([[-1.87944734,  5.78031787,  1.36435763,  0.96899958,  5.04416852,\n         4.84774682],\n       [-1.87944885,  5.78032183,  1.3643575 ,  0.96899847,  5.04416005,\n         4.84775296],\n       [-1.87944905,  5.78032483,  1.36435922,  0.96899914,  5.04416469,\n         4.8477469 ],\n       [-1.87944516,  5.7803223 ,  1.36435905,  0.96900278,  5.04416604,\n         4.84774687],\n       [-1.87944955,  5.78032133,  1.3643611 ,  0.96899829,  5.0441626 ,\n         4.8477459 ],\n       [-1.87944038,  5.78032415,  1.36436141,  0.96899919,  5.04415944,\n         4.84774555],\n       [-1.8794475 ,  5.78032407,  1.36436448,  0.96899688,  5.04417073,\n         4.84774332]]), array([0.46020374, 0.46020374, 0.46020374, 0.46020374, 0.46020374,\n       0.46020374, 0.46020374]))", "callback": [0.6357392102121426, 0.6033810350172186, 0.5905178379021313, 0.5867858538338688, 0.5786645875430234, 0.5708576333493369, 0.5698269282506567, 0.5685793142510631, 0.5646851888782518, 0.5633458694471085, 0.5625279193759577, 0.5617034771445697, 0.5592977705899981, 0.5532923012966109, 0.5472461902956094, 0.5468933784533244, 0.5447421559942416, 0.5422502285998386, 0.5408372837303728, 0.5375156131084413, 0.5333613631013168, 0.5292888306377126, 0.5260415139292978, 0.5257181120324301, 0.5252490965555303, 0.5250962426451279, 0.5250222672901702, 0.5247200811254237, 0.5239737056971132, 0.5220788508702882, 0.5188075797018947, 0.5152159444944289, 0.5128423239292499, 0.5097786606410069, 0.5022543188758519, 0.49831037368368214, 0.4959321244083166, 0.4921283751943156, 0.4779215301448748, 0.4699812853267772, 0.4668361839116736, 0.46401237552709185, 0.46255338903446364, 0.4614919445549428, 0.4608145642136584, 0.46047316959490014, 0.46030957685468277, 0.46026479769034034, 0.4602233953996604, 0.46020927012190527, 0.46020595826341515, 0.46020484348957824, 0.46020413214932543, 0.4602038567486242, 0.4602038022217173, 0.46020375865055374, 0.4602037493137122, 0.46020374662770036, 0.46020374533012653, 0.4602037445318131, 0.4602037445318131, 0.46020374448296564, 0.46020374442927936, 0.4602037444262307]}, "11": {"maxiter": 1000, "fatol": 1e-10, "xatol": 1e-10, "duration": 0.36517786979675293, "fun": "0.46020374441760925", "nit": "740", "nfev": "1213", "status": "0", "success": "True", "message": "Optimization terminated successfully.", "x": "[-1.87944274  5.78032127  1.36435607  0.96899739  5.0441659   4.84774792]", "final_simplex": "(array([[-1.87944274,  5.78032127,  1.36435607,  0.96899739,  5.0441659 ,\n         4.84774792],\n       [-1.87944274,  5.78032127,  1.36435607,  0.96899739,  5.0441659 ,\n         4.84774792],\n       [-1.87944274,  5.78032127,  1.36435607,  0.96899739,  5.0441659 ,\n         4.84774792],\n       [-1.87944274,  5.78032127,  1.36435607,  0.96899739,  5.0441659 ,\n         4.84774792],\n       [-1.87944274,  5.78032127,  1.36435607,  0.96899739,  5.0441659 ,\n         4.84774792],\n       [-1.87944274,  5.78032127,  1.36435607,  0.96899739,  5.0441659 ,\n         4.84774792],\n       [-1.87944274,  5.78032127,  1.36435607,  0.96899739,  5.0441659 ,\n         4.84774792]]), array([0.46020374, 0.46020374, 0.46020374, 0.46020374, 0.46020374,\n       0.46020374, 0.46020374]))", "callback": [0.6357392102121426, 0.6033810350172186, 0.5905178379021313, 0.5867858538338688, 0.5786645875430234, 0.5708576333493369, 0.5698269282506567, 0.5685793142510631, 0.5646851888782518, 0.5633458694471085, 0.5625279193759577, 0.5617034771445697, 0.5592977705899981, 0.5532923012966109, 0.5472461902956094, 0.5468933784533244, 0.5447421559942416, 0.5422502285998386, 0.5408372837303728, 0.5375156131084413, 0.5333613631013168, 0.5292888306377126, 0.5260415139292978, 0.5257181120324301, 0.5252490965555303, 0.5250962426451279, 0.5250222672901702, 0.5247200811254237, 0.5239737056971132, 0.5220788508702882, 0.5188075797018947, 0.5152159444944289, 0.5128423239292499, 0.5097786606410069, 0.5022543188758519, 0.49831037368368214, 0.4959321244083166, 0.4921283751943156, 0.4779215301448748, 0.4699812853267772, 0.4668361839116736, 0.46401237552709185, 0.46255338903446364, 0.4614919445549428, 0.4608145642136584, 0.46047316959490014, 0.46030957685468277, 0.46026479769034034, 0.4602233953996604, 0.46020927012190527, 0.46020595826341515, 0.46020484348957824, 0.46020413214932543, 0.4602038567486242, 0.4602038022217173, 0.46020375865055374, 0.4602037493137122, 0.46020374662770036, 0.46020374533012653, 0.4602037445318131, 0.4602037445318131, 0.46020374448296564, 0.46020374442927936, 0.4602037444262307, 0.46020374442104073, 0.4602037444190965, 0.46020374441806466, 0.46020374441764555, 0.46020374441764145, 0.4602037444176139, 0.46020374441761003, 0.4602037444176097, 0.4602037444176095, 0.46020374441760925]}}, "bfgs": {"type": "gradient", "0": {"maxiter": 100, "gtol": 1e-05, "xrtol": 1e-05, "eps": 1e-05, "duration": 0.13129496574401855, "fun": "0.46020374452044666", "jac": "[-1.53269619e-06 -5.33617595e-07  9.13402687e-07 -4.18846069e-06\n -4.71711559e-07  7.99604827e-07]", "hess_inv": "[[ 6.75445712 -1.1384331  -0.30937273  0.49056259 -2.49955713  2.55779714]\n [-1.1384331   5.46243058  3.6220159  -0.4528994   0.14164056 -3.54040751]\n [-0.30937273  3.6220159  11.62929891 -2.63073456  1.51288775 -9.65850421]\n [ 0.49056259 -0.4528994  -2.63073456  5.01934189 -0.52558104  2.75533987]\n [-2.49955713  0.14164056  1.51288775 -0.52558104  6.95651159 -4.94085194]\n [ 2.55779714 -3.54040751 -9.65850421  2.75533987 -4.94085194 14.22553161]]", "nfev": "399", "njev": "57", "status": "0", "success": "True", "message": "Optimization terminated successfully.", "x": "[1.87942852 2.63872325 4.50596073 0.96896862 5.0441634  4.84773586]", "nit": "46", "callback": [0.6346635130583862, 0.6270797260795755, 0.6251817574646049, 0.6221168354454492, 0.6198595023843407, 0.6194495416359629, 0.6187856286319823, 0.6178165855272629, 0.6162168490448653, 0.6053969309394451, 0.5982255143527523, 0.5871461541729961, 0.5708152881234498, 0.5616573239871667, 0.5603363913897783, 0.5587037309200457, 0.5584303976802221, 0.5582093675743061, 0.5579184263467722, 0.557693423907455, 0.5575886766800148, 0.5575665150895017, 0.5575617640789955, 0.5575537883067565, 0.5575395315304265, 0.5575130569492206, 0.5574627941827759, 0.55736617173538, 0.5571817539017148, 0.55686062590083, 0.5565786391494261, 0.5560556267576463, 0.5423310509424659, 0.5404208076064743, 0.5012110482992418, 0.4868477662412408, 0.4792502643308061, 0.47271815581125187, 0.4634236823012031, 0.4613020890706677, 0.46062749233532696, 0.4602641545855479, 0.4602183789273461, 0.46020387135321417, 0.46020375277899384, 0.46020374452044666]}, "1": {"maxiter": 100, "gtol": 1e-05, "xrtol": 1e-05, "eps": 1e-10, "duration": 0.13087916374206543, "fun": "0.460203744561146", "jac": "[ 3.33066880e-06 -2.22044587e-06  3.33066880e-06  4.44089173e-06\n -2.22044587e-06  2.22044587e-06]", "hess_inv": "[[ 6.72189571e+00 -1.00761160e+00 -2.66458946e-01  1.26608938e-01\n  -2.56707558e+00  2.26901008e+00]\n [-1.00761160e+00  5.34635796e+00  3.04489117e+00 -3.36163121e-01\n   4.27823061e-03 -2.89889119e+00]\n [-2.66458946e-01  3.04489117e+00  1.19803591e+01 -3.36029712e+00\n   1.24712338e+00 -9.80747483e+00]\n [ 1.26608938e-01 -3.36163121e-01 -3.36029712e+00  5.32804011e+00\n  -1.52381167e-01  2.86774773e+00]\n [-2.56707558e+00  4.27823061e-03  1.24712338e+00 -1.52381167e-01\n   7.50822858e+00 -4.75602741e+00]\n [ 2.26901008e+00 -2.89889119e+00 -9.80747483e+00  2.86774773e+00\n  -4.75602741e+00  1.41033122e+01]]", "nfev": "392", "njev": "56", "status": "0", "success": "True", "message": "Optimization terminated successfully.", "x": "[1.87947512 2.63871465 4.50594057 0.96901003 5.04413282 4.84777882]", "nit": "46", "callback": [0.6346634931725441, 0.6270799268523172, 0.6251819342388664, 0.6221169130853941, 0.6198594181654329, 0.619449336239242, 0.6187852584203385, 0.6178157361550602, 0.6162139082136233, 0.6053993231070887, 0.5981697389833673, 0.5870436602116856, 0.5707610180642215, 0.5620923887239919, 0.5600137614750863, 0.5585934952679321, 0.5584297850851426, 0.5581504871406726, 0.5577757604100254, 0.5576485511900107, 0.5575861458082707, 0.5575664954150376, 0.5575620672788869, 0.557554282693711, 0.5575399331049806, 0.5575128485193904, 0.5574611338525054, 0.557361837297498, 0.557174696420067, 0.5568634508838937, 0.556614605991002, 0.556162714558083, 0.5359158561287818, 0.5346443120691211, 0.49801411153267594, 0.4853063528996262, 0.4751540686999427, 0.46862313172511694, 0.4632173372960391, 0.4613261639503966, 0.4608028525815371, 0.46029524336303185, 0.4602107846400785, 0.4602038217715486, 0.46020374700568134, 0.460203744561146]}, "2": {"maxiter": 100, "gtol": 1e-05, "xrtol": 1e-10, "eps": 1e-05, "duration": 0.14061307907104492, "fun": "0.46020374452044666", "jac": "[-1.53269619e-06 -5.33617595e-07  9.13402687e-07 -4.18846069e-06\n -4.71711559e-07  7.99604827e-07]", "hess_inv": "[[ 6.75445712 -1.1384331  -0.30937273  0.49056259 -2.49955713  2.55779714]\n [-1.1384331   5.46243058  3.6220159  -0.4528994   0.14164056 -3.54040751]\n [-0.30937273  3.6220159  11.62929891 -2.63073456  1.51288775 -9.65850421]\n [ 0.49056259 -0.4528994  -2.63073456  5.01934189 -0.52558104  2.75533987]\n [-2.49955713  0.14164056  1.51288775 -0.52558104  6.95651159 -4.94085194]\n [ 2.55779714 -3.54040751 -9.65850421  2.75533987 -4.94085194 14.22553161]]", "nfev": "399", "njev": "57", "status": "0", "success": "True", "message": "Optimization terminated successfully.", "x": "[1.87942852 2.63872325 4.50596073 0.96896862 5.0441634  4.84773586]", "nit": "46", "callback": [0.6346635130583862, 0.6270797260795755, 0.6251817574646049, 0.6221168354454492, 0.6198595023843407, 0.6194495416359629, 0.6187856286319823, 0.6178165855272629, 0.6162168490448653, 0.6053969309394451, 0.5982255143527523, 0.5871461541729961, 0.5708152881234498, 0.5616573239871667, 0.5603363913897783, 0.5587037309200457, 0.5584303976802221, 0.5582093675743061, 0.5579184263467722, 0.557693423907455, 0.5575886766800148, 0.5575665150895017, 0.5575617640789955, 0.5575537883067565, 0.5575395315304265, 0.5575130569492206, 0.5574627941827759, 0.55736617173538, 0.5571817539017148, 0.55686062590083, 0.5565786391494261, 0.5560556267576463, 0.5423310509424659, 0.5404208076064743, 0.5012110482992418, 0.4868477662412408, 0.4792502643308061, 0.47271815581125187, 0.4634236823012031, 0.4613020890706677, 0.46062749233532696, 0.4602641545855479, 0.4602183789273461, 0.46020387135321417, 0.46020375277899384, 0.46020374452044666]}, "3": {"maxiter": 100, "gtol": 1e-05, "xrtol": 1e-10, "eps": 1e-10, "duration": 0.13785696029663086, "fun": "0.460203744561146", "jac": "[ 3.33066880e-06 -2.22044587e-06  3.33066880e-06  4.44089173e-06\n -2.22044587e-06  2.22044587e-06]", "hess_inv": "[[ 6.72189571e+00 -1.00761160e+00 -2.66458946e-01  1.26608938e-01\n  -2.56707558e+00  2.26901008e+00]\n [-1.00761160e+00  5.34635796e+00  3.04489117e+00 -3.36163121e-01\n   4.27823061e-03 -2.89889119e+00]\n [-2.66458946e-01  3.04489117e+00  1.19803591e+01 -3.36029712e+00\n   1.24712338e+00 -9.80747483e+00]\n [ 1.26608938e-01 -3.36163121e-01 -3.36029712e+00  5.32804011e+00\n  -1.52381167e-01  2.86774773e+00]\n [-2.56707558e+00  4.27823061e-03  1.24712338e+00 -1.52381167e-01\n   7.50822858e+00 -4.75602741e+00]\n [ 2.26901008e+00 -2.89889119e+00 -9.80747483e+00  2.86774773e+00\n  -4.75602741e+00  1.41033122e+01]]", "nfev": "392", "njev": "56", "status": "0", "success": "True", "message": "Optimization terminated successfully.", "x": "[1.87947512 2.63871465 4.50594057 0.96901003 5.04413282 4.84777882]", "nit": "46", "callback": [0.6346634931725441, 0.6270799268523172, 0.6251819342388664, 0.6221169130853941, 0.6198594181654329, 0.619449336239242, 0.6187852584203385, 0.6178157361550602, 0.6162139082136233, 0.6053993231070887, 0.5981697389833673, 0.5870436602116856, 0.5707610180642215, 0.5620923887239919, 0.5600137614750863, 0.5585934952679321, 0.5584297850851426, 0.5581504871406726, 0.5577757604100254, 0.5576485511900107, 0.5575861458082707, 0.5575664954150376, 0.5575620672788869, 0.557554282693711, 0.5575399331049806, 0.5575128485193904, 0.5574611338525054, 0.557361837297498, 0.557174696420067, 0.5568634508838937, 0.556614605991002, 0.556162714558083, 0.5359158561287818, 0.5346443120691211, 0.49801411153267594, 0.4853063528996262, 0.4751540686999427, 0.46862313172511694, 0.4632173372960391, 0.4613261639503966, 0.4608028525815371, 0.46029524336303185, 0.4602107846400785, 0.4602038217715486, 0.46020374700568134, 0.460203744561146]}, "4": {"maxiter": 100, "gtol": 1e-10, "xrtol": 1e-05, "eps": 1e-05, "duration": 0.12963199615478516, "fun": "0.4602037444331504", "jac": "[-2.04258832e-07 -2.44948506e-07  4.60209648e-07  1.66777703e-07\n -3.66284780e-07 -7.77711229e-08]", "hess_inv": "[[ 6.67624955 -1.00909336 -0.25067863  0.43124835 -2.50673948  2.3956008 ]\n [-1.00909336  5.39495656  3.4697019  -0.1947725   0.14354833 -3.37709646]\n [-0.25067863  3.4697019  11.60609306 -2.64659836  1.52203976 -9.49718862]\n [ 0.43124835 -0.1947725  -2.64659836  5.14925862 -0.54192504  2.5176483 ]\n [-2.50673948  0.14354833  1.52203976 -0.54192504  6.95653087 -4.94860284]\n [ 2.3956008  -3.37709646 -9.49718862  2.5176483  -4.94860284 13.96434084]]", "nfev": "406", "njev": "58", "status": "0", "success": "True", "message": "Optimization terminated successfully.", "x": "[1.87943715 2.63872337 4.50594882 0.96899089 5.04416321 4.84774345]", "nit": "47", "callback": [0.6346635130583862, 0.6270797260795755, 0.6251817574646049, 0.6221168354454492, 0.6198595023843407, 0.6194495416359629, 0.6187856286319823, 0.6178165855272629, 0.6162168490448653, 0.6053969309394451, 0.5982255143527523, 0.5871461541729961, 0.5708152881234498, 0.5616573239871667, 0.5603363913897783, 0.5587037309200457, 0.5584303976802221, 0.5582093675743061, 0.5579184263467722, 0.557693423907455, 0.5575886766800148, 0.5575665150895017, 0.5575617640789955, 0.5575537883067565, 0.5575395315304265, 0.5575130569492206, 0.5574627941827759, 0.55736617173538, 0.5571817539017148, 0.55686062590083, 0.5565786391494261, 0.5560556267576463, 0.5423310509424659, 0.5404208076064743, 0.5012110482992418, 0.4868477662412408, 0.4792502643308061, 0.47271815581125187, 0.4634236823012031, 0.4613020890706677, 0.46062749233532696, 0.4602641545855479, 0.4602183789273461, 0.46020387135321417, 0.46020375277899384, 0.46020374452044666, 0.4602037444331504]}, "5": {"maxiter": 100, "gtol": 1e-10, "xrtol": 1e-05, "eps": 1e-10, "duration": 0.11775517463684082, "fun": "0.4602037444302123", "jac": "[ 0.00000000e+00  0.00000000e+00  1.11022293e-06  0.00000000e+00\n -2.22044587e-06 -1.11022293e-06]", "hess_inv": "[[  6.07050203  -1.02930349  -0.82408656  -0.09168454  -1.86098343\n    2.21389993]\n [ -1.02930349   5.60565965   3.70808456  -0.50102569  -0.07602889\n   -3.50491304]\n [ -0.82408656   3.70808456  13.29052926  -3.96036516   1.57936648\n  -11.43878244]\n [ -0.09168454  -0.50102569  -3.96036516   5.35039894   0.14716542\n    3.21545984]\n [ -1.86098343  -0.07602889   1.57936648   0.14716542   6.78429755\n   -4.45505432]\n [  2.21389993  -3.50491304 -11.43878244   3.21545984  -4.45505432\n   15.50252566]]", "nfev": "399", "njev": "57", "status": "0", "success": "True", "message": "Optimization terminated successfully.", "x": "[1.87944672 2.63872802 4.50595378 0.96899184 5.0441579  4.84774317]", "nit": "47", "callback": [0.6346634931725441, 0.6270799268523172, 0.6251819342388664, 0.6221169130853941, 0.6198594181654329, 0.619449336239242, 0.6187852584203385, 0.6178157361550602, 0.6162139082136233, 0.6053993231070887, 0.5981697389833673, 0.5870436602116856, 0.5707610180642215, 0.5620923887239919, 0.5600137614750863, 0.5585934952679321, 0.5584297850851426, 0.5581504871406726, 0.5577757604100254, 0.5576485511900107, 0.5575861458082707, 0.5575664954150376, 0.5575620672788869, 0.557554282693711, 0.5575399331049806, 0.5575128485193904, 0.5574611338525054, 0.557361837297498, 0.557174696420067, 0.5568634508838937, 0.556614605991002, 0.556162714558083, 0.5359158561287818, 0.5346443120691211, 0.49801411153267594, 0.4853063528996262, 0.4751540686999427, 0.46862313172511694, 0.4632173372960391, 0.4613261639503966, 0.4608028525815371, 0.46029524336303185, 0.4602107846400785, 0.4602038217715486, 0.46020374700568134, 0.460203744561146, 0.4602037444302123]}, "6": {"maxiter": 100, "gtol": 1e-10, "xrtol": 1e-10, "eps": 1e-05, "duration": 0.1982588768005371, "fun": "0.46020374443167267", "jac": "[-1.11022302e-11 -6.66133815e-11  1.22124533e-10  4.10782519e-10\n  3.33066907e-11  7.77156117e-11]", "hess_inv": "[[  6.77429777  -1.10330009  -0.7567806    0.54987093  -2.39403976\n    2.75748844]\n [ -1.10330009   5.43688512   3.67057547  -0.35767289   0.11868002\n   -3.53314589]\n [ -0.7567806    3.67057547  12.23107398  -3.58752512   1.5262943\n  -10.09767769]\n [  0.54987093  -0.35767289  -3.58752512   5.26051213  -0.31223695\n    3.17237081]\n [ -2.39403976   0.11868002   1.5262943   -0.31223695   6.91373407\n   -4.90619675]\n [  2.75748844  -3.53314589 -10.09767769   3.17237081  -4.90619675\n   14.48061273]]", "nfev": "655", "njev": "92", "status": "2", "success": "False", "message": "Desired error not necessarily achieved due to precision loss.", "x": "[1.87943786 2.63872261 4.50594433 0.9689918  5.04416425 4.84774658]", "nit": "49", "callback": [0.6346635130583862, 0.6270797260795755, 0.6251817574646049, 0.6221168354454492, 0.6198595023843407, 0.6194495416359629, 0.6187856286319823, 0.6178165855272629, 0.6162168490448653, 0.6053969309394451, 0.5982255143527523, 0.5871461541729961, 0.5708152881234498, 0.5616573239871667, 0.5603363913897783, 0.5587037309200457, 0.5584303976802221, 0.5582093675743061, 0.5579184263467722, 0.557693423907455, 0.5575886766800148, 0.5575665150895017, 0.5575617640789955, 0.5575537883067565, 0.5575395315304265, 0.5575130569492206, 0.5574627941827759, 0.55736617173538, 0.5571817539017148, 0.55686062590083, 0.5565786391494261, 0.5560556267576463, 0.5423310509424659, 0.5404208076064743, 0.5012110482992418, 0.4868477662412408, 0.4792502643308061, 0.47271815581125187, 0.4634236823012031, 0.4613020890706677, 0.46062749233532696, 0.4602641545855479, 0.4602183789273461, 0.46020387135321417, 0.46020375277899384, 0.46020374452044666, 0.4602037444331504, 0.4602037444317969, 0.46020374443167267]}, "7": {"maxiter": 100, "gtol": 1e-10, "xrtol": 1e-10, "eps": 1e-10, "duration": 0.18299317359924316, "fun": "0.46020374442125256", "jac": "[2.22044587e-06 0.00000000e+00 0.00000000e+00 1.11022293e-06\n 1.11022293e-06 0.00000000e+00]", "hess_inv": "[[ 2.02365950e+01 -4.11727173e+00 -1.50080174e+01 -6.93949994e+00\n  -3.68674179e+01  3.32372761e+01]\n [-4.11727173e+00  3.15540391e+00  4.46596811e+00  6.61432017e-02\n   8.97008000e+00 -9.68538474e+00]\n [-1.50080174e+01  4.46596811e+00  1.20419841e+01  4.37216129e+00\n   2.83498801e+01 -2.65927205e+01]\n [-6.93949994e+00  6.61432017e-02  4.37216129e+00  3.37192102e+00\n   1.21002924e+01 -1.03239243e+01]\n [-3.68674179e+01  8.97008000e+00  2.83498801e+01  1.21002924e+01\n   6.86193400e+01 -6.33505073e+01]\n [ 3.32372761e+01 -9.68538474e+00 -2.65927205e+01 -1.03239243e+01\n  -6.33505073e+01  6.01463379e+01]]", "nfev": "595", "njev": "85", "status": "0", "success": "True", "message": "Optimization terminated successfully.", "x": "[1.87944427 2.638726   4.50594651 0.96899484 5.04416805 4.84774559]", "nit": "53", "callback": [0.6346634931725441, 0.6270799268523172, 0.6251819342388664, 0.6221169130853941, 0.6198594181654329, 0.619449336239242, 0.6187852584203385, 0.6178157361550602, 0.6162139082136233, 0.6053993231070887, 0.5981697389833673, 0.5870436602116856, 0.5707610180642215, 0.5620923887239919, 0.5600137614750863, 0.5585934952679321, 0.5584297850851426, 0.5581504871406726, 0.5577757604100254, 0.5576485511900107, 0.5575861458082707, 0.5575664954150376, 0.557