{"date": "2024/09/24/, 19:55:21", "conf_id": 36, "data_type": "random\n", "num_data_points": 2, "s_rank": 0, "unitary": "[[-0.56303964-0.00798273j,-0.21670212-0.15784972j,-0.06047197-0.73952673j,-0.01438004+0.24552571j],[-0.06976756+0.23474685j,-0.01275565-0.5435098j,-0.02703657-0.08917885j,-0.08210486-0.79311774j],[-0.38559961+0.10714929j,0.5933431-0.2687392j,-0.24060861+0.29149289j,-0.45147719+0.26241743j],[-0.50180421+0.45931857j,-0.11617175+0.44134496j,0.49642745+0.22684508j,-0.08544628-0.15407063j]]", "databatch_0": {"databatch": "[[[0.05371939-0.25402454j,-0.11783586+0.0194304j,0.16634479+0.15685802j,0.13733567-0.27107075j],[0.17384874+0.05206135j,0.25994965+0.32966673j,0.04072052+0.13694858j,-0.12359208+0.20396322j],[0.0859892-0.06735924j,-0.17622946-0.21479112j,0.23905861+0.29345129j,-0.15258233+0.17596907j],[-0.05157157-0.34305008j,-0.12413221+0.02646516j,-0.09507009-0.1538934j,-0.16220504+0.0715113j]],[[0.24421538+0.09476986j,-0.17371615-0.11929905j,0.02629537-0.11176234j,0.14771023-0.04038996j],[-0.26763829-0.04933627j,0.23185428+0.15413985j,-0.01675694+0.16037058j,-0.04287435-0.10427543j],[0.19741496-0.30712776j,-0.08339797+0.16976785j,0.01667883+0.14430166j,0.04409544+0.09959312j],[0.21340588+0.14248742j,0.23294656-0.02740963j,0.09263388+0.4840104j,-0.26780437+0.15025943j]]]", "initial param values": "[2.40432441,2.91136286,0.73689282,0.59195118,0.03771194,2.74141284]", "nelder_mead": {"type": "gradient-free", "0": {"maxiter": 100, "fatol": 1e-05, "xatol": 1e-05, "duration": 0.036038875579833984, "fun": "0.6592349151583073", "nit": "100", "nfev": "153", "status": "2", "success": "False", "message": "Maximum number of iterations has been exceeded.", "x": "[ 4.1885535   0.67707237  0.87069266 -0.76319803  0.06933781  4.56124878]", "final_simplex": "(array([[ 4.1885535 ,  0.67707237,  0.87069266, -0.76319803,  0.06933781,\n         4.56124878],\n       [ 4.11529848,  0.66311783,  0.89013947, -0.72089119,  0.06841961,\n         4.56480396],\n       [ 4.15742525,  0.68555585,  0.95695145, -0.72722511,  0.06590945,\n         4.53119571],\n       [ 4.21245576,  0.71295262,  0.94974252, -0.76317006,  0.06610203,\n         4.58140883],\n       [ 4.17726341,  0.67275314,  0.8876145 , -0.79705163,  0.07018678,\n         4.56058704],\n       [ 4.14444103,  0.82184842,  0.88777187, -0.72400826,  0.06691593,\n         4.46326045],\n       [ 4.18083337,  0.76110305,  0.84759184, -0.76441592,  0.06987691,\n         4.5393247 ]]), array([0.65923492, 0.65986907, 0.65989869, 0.6601773 , 0.66020293,\n       0.66023726, 0.66026003]))", "callback": [0.9341515669055394, 0.8813158578270721, 0.7564587339183837, 0.7063291559749237, 0.7063291559749237, 0.6925820885166031, 0.6724605502904255, 0.6690139267201969, 0.6631495743316422, 0.6602600288602058]}, "1": {"maxiter": 100, "fatol": 1e-05, "xatol": 1e-10, "duration": 0.03591489791870117, "fun": "0.6592349151583073", "nit": "100", "nfev": "153", "status": "2", "success": "False", "message": "Maximum number of iterations has been exceeded.", "x": "[ 4.1885535   0.67707237  0.87069266 -0.76319803  0.06933781  4.56124878]", "final_simplex": "(array([[ 4.1885535 ,  0.67707237,  0.87069266, -0.76319803,  0.06933781,\n         4.56124878],\n       [ 4.11529848,  0.66311783,  0.89013947, -0.72089119,  0.06841961,\n         4.56480396],\n       [ 4.15742525,  0.68555585,  0.95695145, -0.72722511,  0.06590945,\n         4.53119571],\n       [ 4.21245576,  0.71295262,  0.94974252, -0.76317006,  0.06610203,\n         4.58140883],\n       [ 4.17726341,  0.67275314,  0.8876145 , -0.79705163,  0.07018678,\n         4.56058704],\n       [ 4.14444103,  0.82184842,  0.88777187, -0.72400826,  0.06691593,\n         4.46326045],\n       [ 4.18083337,  0.76110305,  0.84759184, -0.76441592,  0.06987691,\n         4.5393247 ]]), array([0.65923492, 0.65986907, 0.65989869, 0.6601773 , 0.66020293,\n       0.66023726, 0.66026003]))", "callback": [0.9341515669055394, 0.8813158578270721, 0.7564587339183837, 0.7063291559749237, 0.7063291559749237, 0.6925820885166031, 0.6724605502904255, 0.6690139267201969, 0.6631495743316422, 0.6602600288602058]}, "2": {"maxiter": 100, "fatol": 1e-10, "xatol": 1e-05, "duration": 0.035479068756103516, "fun": "0.6592349151583073", "nit": "100", "nfev": "153", "status": "2", "success": "False", "message": "Maximum number of iterations has been exceeded.", "x": "[ 4.1885535   0.67707237  0.87069266 -0.76319803  0.06933781  4.56124878]", "final_simplex": "(array([[ 4.1885535 ,  0.67707237,  0.87069266, -0.76319803,  0.06933781,\n         4.56124878],\n       [ 4.11529848,  0.66311783,  0.89013947, -0.72089119,  0.06841961,\n         4.56480396],\n       [ 4.15742525,  0.68555585,  0.95695145, -0.72722511,  0.06590945,\n         4.53119571],\n       [ 4.21245576,  0.71295262,  0.94974252, -0.76317006,  0.06610203,\n         4.58140883],\n       [ 4.17726341,  0.67275314,  0.8876145 , -0.79705163,  0.07018678,\n         4.56058704],\n       [ 4.14444103,  0.82184842,  0.88777187, -0.72400826,  0.06691593,\n         4.46326045],\n       [ 4.18083337,  0.76110305,  0.84759184, -0.76441592,  0.06987691,\n         4.5393247 ]]), array([0.65923492, 0.65986907, 0.65989869, 0.6601773 , 0.66020293,\n       0.66023726, 0.66026003]))", "callback": [0.9341515669055394, 0.8813158578270721, 0.7564587339183837, 0.7063291559749237, 0.7063291559749237, 0.6925820885166031, 0.6724605502904255, 0.6690139267201969, 0.6631495743316422, 0.6602600288602058]}, "3": {"maxiter": 100, "fatol": 1e-10, "xatol": 1e-10, "duration": 0.03577089309692383, "fun": "0.6592349151583073", "nit": "100", "nfev": "153", "status": "2", "success": "False", "message": "Maximum number of iterations has been exceeded.", "x": "[ 4.1885535   0.67707237  0.87069266 -0.76319803  0.06933781  4.56124878]", "final_simplex": "(array([[ 4.1885535 ,  0.67707237,  0.87069266, -0.76319803,  0.06933781,\n         4.56124878],\n       [ 4.11529848,  0.66311783,  0.89013947, -0.72089119,  0.06841961,\n         4.56480396],\n       [ 4.15742525,  0.68555585,  0.95695145, -0.72722511,  0.06590945,\n         4.53119571],\n       [ 4.21245576,  0.71295262,  0.94974252, -0.76317006,  0.06610203,\n         4.58140883],\n       [ 4.17726341,  0.67275314,  0.8876145 , -0.79705163,  0.07018678,\n         4.56058704],\n       [ 4.14444103,  0.82184842,  0.88777187, -0.72400826,  0.06691593,\n         4.46326045],\n       [ 4.18083337,  0.76110305,  0.84759184, -0.76441592,  0.06987691,\n         4.5393247 ]]), array([0.65923492, 0.65986907, 0.65989869, 0.6601773 , 0.66020293,\n       0.66023726, 0.66026003]))", "callback": [0.9341515669055394, 0.8813158578270721, 0.7564587339183837, 0.7063291559749237, 0.7063291559749237, 0.6925820885166031, 0.6724605502904255, 0.6690139267201969, 0.6631495743316422, 0.6602600288602058]}, "4": {"maxiter": 500, "fatol": 1e-05, "xatol": 1e-05, "duration": 0.17943692207336426, "fun": "0.6402769805315616", "nit": "500", "nfev": "763", "status": "2", "success": "False", "message": "Maximum number of iterations has been exceeded.", "x": "[ 4.38540778  0.65339544  0.6859388  -0.59099142 -0.6196825   4.90541017]", "final_simplex": "(array([[ 4.38540778,  0.65339544,  0.6859388 , -0.59099142, -0.6196825 ,\n         4.90541017],\n       [ 4.38554172,  0.65342348,  0.68608323, -0.59144078, -0.61947747,\n         4.906369  ],\n       [ 4.38519081,  0.65354715,  0.6844104 , -0.59030121, -0.61835672,\n         4.90347258],\n       [ 4.38623217,  0.65399988,  0.68647211, -0.59086436, -0.61783237,\n         4.90413551],\n       [ 4.38625333,  0.65426425,  0.68550715, -0.59197706, -0.61942696,\n         4.90472422],\n       [ 4.38620863,  0.65276763,  0.68469327, -0.5899053 , -0.62062651,\n         4.90719117],\n       [ 4.38467492,  0.65265298,  0.6855824 , -0.59252641, -0.61707594,\n         4.90482045]]), array([0.64027698, 0.640277  , 0.64027702, 0.64027712, 0.64027714,\n       0.64027716, 0.64027717]))", "callback": [0.9341515669055394, 0.8813158578270721, 0.7564587339183837, 0.7063291559749237, 0.7063291559749237, 0.6925820885166031, 0.6724605502904255, 0.6690139267201969, 0.6631495743316422, 0.6602600288602058, 0.6592349151583073, 0.6576510057642369, 0.6529914255017726, 0.6500745625667517, 0.6500745625667517, 0.6499207353266896, 0.6498864610226652, 0.6498648387146065, 0.649860371480003, 0.6498601326401261, 0.6498598962404679, 0.6498598101126092, 0.6498597125377533, 0.6498593343421105, 0.6498578723380064, 0.6498554392853273, 0.6498535461764201, 0.6498483274936181, 0.6498305063779529, 0.6497840070146679, 0.6496383011012064, 0.6493254030113824, 0.6487579190775198, 0.6465400592197909, 0.6455891619650127, 0.642903171009539, 0.642135868621478, 0.6414187886281899, 0.6410770495051492, 0.6409138538241996, 0.6407078796411437, 0.6406487060146944, 0.6405833077501597, 0.6404876223202949, 0.6404224983056008, 0.6403399908082913, 0.6403070404883648, 0.6402847287014899, 0.6402795876567222, 0.6402771692598311]}, "5": {"maxiter": 500, "fatol": 1e-05, "xatol": 1e-10, "duration": 0.1756889820098877, "fun": "0.6402769805315616", "nit": "500", "nfev": "763", "status": "2", "success": "False", "message": "Maximum number of iterations has been exceeded.", "x": "[ 4.38540778  0.65339544  0.6859388  -0.59099142 -0.6196825   4.90541017]", "final_simplex": "(array([[ 4.38540778,  0.65339544,  0.6859388 , -0.59099142, -0.6196825 ,\n         4.90541017],\n       [ 4.38554172,  0.65342348,  0.68608323, -0.59144078, -0.61947747,\n         4.906369  ],\n       [ 4.38519081,  0.65354715,  0.6844104 , -0.59030121, -0.61835672,\n         4.90347258],\n       [ 4.38623217,  0.65399988,  0.68647211, -0.59086436, -0.61783237,\n         4.90413551],\n       [ 4.38625333,  0.65426425,  0.68550715, -0.59197706, -0.61942696,\n         4.90472422],\n       [ 4.38620863,  0.65276763,  0.68469327, -0.5899053 , -0.62062651,\n         4.90719117],\n       [ 4.38467492,  0.65265298,  0.6855824 , -0.59252641, -0.61707594,\n         4.90482045]]), array([0.64027698, 0.640277  , 0.64027702, 0.64027712, 0.64027714,\n       0.64027716, 0.64027717]))", "callback": [0.9341515669055394, 0.8813158578270721, 0.7564587339183837, 0.7063291559749237, 0.7063291559749237, 0.6925820885166031, 0.6724605502904255, 0.6690139267201969, 0.6631495743316422, 0.6602600288602058, 0.6592349151583073, 0.6576510057642369, 0.6529914255017726, 0.6500745625667517, 0.6500745625667517, 0.6499207353266896, 0.6498864610226652, 0.6498648387146065, 0.649860371480003, 0.6498601326401261, 0.6498598962404679, 0.6498598101126092, 0.6498597125377533, 0.6498593343421105, 0.6498578723380064, 0.6498554392853273, 0.6498535461764201, 0.6498483274936181, 0.6498305063779529, 0.6497840070146679, 0.6496383011012064, 0.6493254030113824, 0.6487579190775198, 0.6465400592197909, 0.6455891619650127, 0.642903171009539, 0.642135868621478, 0.6414187886281899, 0.6410770495051492, 0.6409138538241996, 0.6407078796411437, 0.6406487060146944, 0.6405833077501597, 0.6404876223202949, 0.6404224983056008, 0.6403399908082913, 0.6403070404883648, 0.6402847287014899, 0.6402795876567222, 0.6402771692598311]}, "6": {"maxiter": 500, "fatol": 1e-10, "xatol": 1e-05, "duration": 0.22615313529968262, "fun": "0.6402769805315616", "nit": "500", "nfev": "763", "status": "2", "success": "False", "message": "Maximum number of iterations has been exceeded.", "x": "[ 4.38540778  0.65339544  0.6859388  -0.59099142 -0.6196825   4.90541017]", "final_simplex": "(array([[ 4.38540778,  0.65339544,  0.6859388 , -0.59099142, -0.6196825 ,\n         4.90541017],\n       [ 4.38554172,  0.65342348,  0.68608323, -0.59144078, -0.61947747,\n         4.906369  ],\n       [ 4.38519081,  0.65354715,  0.6844104 , -0.59030121, -0.61835672,\n         4.90347258],\n       [ 4.38623217,  0.65399988,  0.68647211, -0.59086436, -0.61783237,\n         4.90413551],\n       [ 4.38625333,  0.65426425,  0.68550715, -0.59197706, -0.61942696,\n         4.90472422],\n       [ 4.38620863,  0.65276763,  0.68469327, -0.5899053 , -0.62062651,\n         4.90719117],\n       [ 4.38467492,  0.65265298,  0.6855824 , -0.59252641, -0.61707594,\n         4.90482045]]), array([0.64027698, 0.640277  , 0.64027702, 0.64027712, 0.64027714,\n       0.64027716, 0.64027717]))", "callback": [0.9341515669055394, 0.8813158578270721, 0.7564587339183837, 0.7063291559749237, 0.7063291559749237, 0.6925820885166031, 0.6724605502904255, 0.6690139267201969, 0.6631495743316422, 0.6602600288602058, 0.6592349151583073, 0.6576510057642369, 0.6529914255017726, 0.6500745625667517, 0.6500745625667517, 0.6499207353266896, 0.6498864610226652, 0.6498648387146065, 0.649860371480003, 0.6498601326401261, 0.6498598962404679, 0.6498598101126092, 0.6498597125377533, 0.6498593343421105, 0.6498578723380064, 0.6498554392853273, 0.6498535461764201, 0.6498483274936181, 0.6498305063779529, 0.6497840070146679, 0.6496383011012064, 0.6493254030113824, 0.6487579190775198, 0.6465400592197909, 0.6455891619650127, 0.642903171009539, 0.642135868621478, 0.6414187886281899, 0.6410770495051492, 0.6409138538241996, 0.6407078796411437, 0.6406487060146944, 0.6405833077501597, 0.6404876223202949, 0.6404224983056008, 0.6403399908082913, 0.6403070404883648, 0.6402847287014899, 0.6402795876567222, 0.6402771692598311]}, "7": {"maxiter": 500, "fatol": 1e-10, "xatol": 1e-10, "duration": 0.17419004440307617, "fun": "0.6402769805315616", "nit": "500", "nfev": "763", "status": "2", "success": "False", "message": "Maximum number of iterations has been exceeded.", "x": "[ 4.38540778  0.65339544  0.6859388  -0.59099142 -0.6196825   4.90541017]", "final_simplex": "(array([[ 4.38540778,  0.65339544,  0.6859388 , -0.59099142, -0.6196825 ,\n         4.90541017],\n       [ 4.38554172,  0.65342348,  0.68608323, -0.59144078, -0.61947747,\n         4.906369  ],\n       [ 4.38519081,  0.65354715,  0.6844104 , -0.59030121, -0.61835672,\n         4.90347258],\n       [ 4.38623217,  0.65399988,  0.68647211, -0.59086436, -0.61783237,\n         4.90413551],\n       [ 4.38625333,  0.65426425,  0.68550715, -0.59197706, -0.61942696,\n         4.90472422],\n       [ 4.38620863,  0.65276763,  0.68469327, -0.5899053 , -0.62062651,\n         4.90719117],\n       [ 4.38467492,  0.65265298,  0.6855824 , -0.59252641, -0.61707594,\n         4.90482045]]), array([0.64027698, 0.640277  , 0.64027702, 0.64027712, 0.64027714,\n       0.64027716, 0.64027717]))", "callback": [0.9341515669055394, 0.8813158578270721, 0.7564587339183837, 0.7063291559749237, 0.7063291559749237, 0.6925820885166031, 0.6724605502904255, 0.6690139267201969, 0.6631495743316422, 0.6602600288602058, 0.6592349151583073, 0.6576510057642369, 0.6529914255017726, 0.6500745625667517, 0.6500745625667517, 0.6499207353266896, 0.6498864610226652, 0.6498648387146065, 0.649860371480003, 0.6498601326401261, 0.6498598962404679, 0.6498598101126092, 0.6498597125377533, 0.6498593343421105, 0.6498578723380064, 0.6498554392853273, 0.6498535461764201, 0.6498483274936181, 0.6498305063779529, 0.6497840070146679, 0.6496383011012064, 0.6493254030113824, 0.6487579190775198, 0.6465400592197909, 0.6455891619650127, 0.642903171009539, 0.642135868621478, 0.6414187886281899, 0.6410770495051492, 0.6409138538241996, 0.6407078796411437, 0.6406487060146944, 0.6405833077501597, 0.6404876223202949, 0.6404224983056008, 0.6403399908082913, 0.6403070404883648, 0.6402847287014899, 0.6402795876567222, 0.6402771692598311]}, "8": {"maxiter": 1000, "fatol": 1e-05, "xatol": 1e-05, "duration": 0.2369239330291748, "fun": "0.6402768789658859", "nit": "622", "nfev": "965", "status": "0", "success": "True", "message": "Optimization terminated successfully.", "x": "[ 4.38494299  0.65345133  0.68554258 -0.59104649 -0.6183092   4.90472437]", "final_simplex": "(array([[ 4.38494299,  0.65345133,  0.68554258, -0.59104649, -0.6183092 ,\n         4.90472437],\n       [ 4.38494176,  0.65345346,  0.68554311, -0.5910487 , -0.61830075,\n         4.9047187 ],\n       [ 4.38494385,  0.65345436,  0.68554276, -0.59104924, -0.61831017,\n         4.90472186],\n       [ 4.38494162,  0.65345516,  0.68554599, -0.59104807, -0.6183118 ,\n         4.90472803],\n       [ 4.38494011,  0.65345442,  0.68554633, -0.59105113, -0.61830978,\n         4.90472257],\n       [ 4.38494194,  0.65345008,  0.68553941, -0.59104507, -0.61831392,\n         4.90473073],\n       [ 4.38494198,  0.65345592,  0.68554053, -0.59104461, -0.61830961,\n         4.90472354]]), array([0.64027688, 0.64027688, 0.64027688, 0.64027688, 0.64027688,\n       0.64027688, 0.64027688]))", "callback": [0.9341515669055394, 0.8813158578270721, 0.7564587339183837, 0.7063291559749237, 0.7063291559749237, 0.6925820885166031, 0.6724605502904255, 0.6690139267201969, 0.6631495743316422, 0.6602600288602058, 0.6592349151583073, 0.6576510057642369, 0.6529914255017726, 0.6500745625667517, 0.6500745625667517, 0.6499207353266896, 0.6498864610226652, 0.6498648387146065, 0.649860371480003, 0.6498601326401261, 0.6498598962404679, 0.6498598101126092, 0.6498597125377533, 0.6498593343421105, 0.6498578723380064, 0.6498554392853273, 0.6498535461764201, 0.6498483274936181, 0.6498305063779529, 0.6497840070146679, 0.6496383011012064, 0.6493254030113824, 0.6487579190775198, 0.6465400592197909, 0.6455891619650127, 0.642903171009539, 0.642135868621478, 0.6414187886281899, 0.6410770495051492, 0.6409138538241996, 0.6407078796411437, 0.6406487060146944, 0.6405833077501597, 0.6404876223202949, 0.6404224983056008, 0.6403399908082913, 0.6403070404883648, 0.6402847287014899, 0.6402795876567222, 0.6402771692598311, 0.6402769467467886, 0.6402769026350421, 0.6402768841417564, 0.6402768818059282, 0.6402768810848575, 0.6402768807692409, 0.6402768802718206, 0.6402768798849682, 0.6402768792417591, 0.6402768790365361, 0.6402768789794119, 0.6402768789700002, 0.6402768789658859]}, "9": {"maxiter": 1000, "fatol": 1e-05, "xatol": 1e-10, "duration": 0.3006629943847656, "fun": "0.6402768789648907", "nit": "714", "nfev": "1172", "status": "0", "success": "True", "message": "Optimization terminated successfully.", "x": "[ 4.38494193  0.65345297  0.68554353 -0.59104931 -0.6183073   4.90472415]", "final_simplex": "(array([[ 4.38494193,  0.65345297,  0.68554353, -0.59104931, -0.6183073 ,\n         4.90472415],\n       [ 4.38494193,  0.65345297,  0.68554353, -0.59104931, -0.6183073 ,\n         4.90472415],\n       [ 4.38494193,  0.65345297,  0.68554353, -0.59104931, -0.6183073 ,\n         4.90472415],\n       [ 4.38494193,  0.65345297,  0.68554353, -0.59104931, -0.6183073 ,\n         4.90472415],\n       [ 4.38494193,  0.65345297,  0.68554353, -0.59104931, -0.6183073 ,\n         4.90472415],\n       [ 4.38494193,  0.65345297,  0.68554353, -0.59104931, -0.6183073 ,\n         4.90472415],\n       [ 4.38494193,  0.65345297,  0.68554353, -0.59104931, -0.6183073 ,\n         4.90472415]]), array([0.64027688, 0.64027688, 0.64027688, 0.64027688, 0.64027688,\n       0.64027688, 0.64027688]))", "callback": [0.9341515669055394, 0.8813158578270721, 0.7564587339183837, 0.7063291559749237, 0.7063291559749237, 0.6925820885166031, 0.6724605502904255, 0.6690139267201969, 0.6631495743316422, 0.6602600288602058, 0.6592349151583073, 0.6576510057642369, 0.6529914255017726, 0.6500745625667517, 0.6500745625667517, 0.6499207353266896, 0.6498864610226652, 0.6498648387146065, 0.649860371480003, 0.6498601326401261, 0.6498598962404679, 0.6498598101126092, 0.6498597125377533, 0.6498593343421105, 0.6498578723380064, 0.6498554392853273, 0.6498535461764201, 0.6498483274936181, 0.6498305063779529, 0.6497840070146679, 0.6496383011012064, 0.6493254030113824, 0.6487579190775198, 0.6465400592197909, 0.6455891619650127, 0.642903171009539, 0.642135868621478, 0.6414187886281899, 0.6410770495051492, 0.6409138538241996, 0.6407078796411437, 0.6406487060146944, 0.6405833077501597, 0.6404876223202949, 0.6404224983056008, 0.6403399908082913, 0.6403070404883648, 0.6402847287014899, 0.6402795876567222, 0.6402771692598311, 0.6402769467467886, 0.6402769026350421, 0.6402768841417564, 0.6402768818059282, 0.6402768810848575, 0.6402768807692409, 0.6402768802718206, 0.6402768798849682, 0.6402768792417591, 0.6402768790365361, 0.6402768789794119, 0.6402768789700002, 0.6402768789658859, 0.6402768789649502, 0.6402768789649502, 0.6402768789648974, 0.6402768789648927, 0.6402768789648912, 0.6402768789648909, 0.6402768789648907, 0.6402768789648907, 0.6402768789648907]}, "10": {"maxiter": 1000, "fatol": 1e-10, "xatol": 1e-05, "duration": 0.22457194328308105, "fun": "0.6402768789658859", "nit": "622", "nfev": "965", "status": "0", "success": "True", "message": "Optimization terminated successfully.", "x": "[ 4.38494299  0.65345133  0.68554258 -0.59104649 -0.6183092   4.90472437]", "final_simplex": "(array([[ 4.38494299,  0.65345133,  0.68554258, -0.59104649, -0.6183092 ,\n         4.90472437],\n       [ 4.38494176,  0.65345346,  0.68554311, -0.5910487 , -0.61830075,\n         4.9047187 ],\n       [ 4.38494385,  0.65345436,  0.68554276, -0.59104924, -0.61831017,\n         4.90472186],\n       [ 4.38494162,  0.65345516,  0.68554599, -0.59104807, -0.6183118 ,\n         4.90472803],\n       [ 4.38494011,  0.65345442,  0.68554633, -0.59105113, -0.61830978,\n         4.90472257],\n       [ 4.38494194,  0.65345008,  0.68553941, -0.59104507, -0.61831392,\n         4.90473073],\n       [ 4.38494198,  0.65345592,  0.68554053, -0.59104461, -0.61830961,\n         4.90472354]]), array([0.64027688, 0.64027688, 0.64027688, 0.64027688, 0.64027688,\n       0.64027688, 0.64027688]))", "callback": [0.9341515669055394, 0.8813158578270721, 0.7564587339183837, 0.7063291559749237, 0.7063291559749237, 0.6925820885166031, 0.6724605502904255, 0.6690139267201969, 0.6631495743316422, 0.6602600288602058, 0.6592349151583073, 0.6576510057642369, 0.6529914255017726, 0.6500745625667517, 0.6500745625667517, 0.6499207353266896, 0.6498864610226652, 0.6498648387146065, 0.649860371480003, 0.6498601326401261, 0.6498598962404679, 0.6498598101126092, 0.6498597125377533, 0.6498593343421105, 0.6498578723380064, 0.6498554392853273, 0.6498535461764201, 0.6498483274936181, 0.6498305063779529, 0.6497840070146679, 0.6496383011012064, 0.6493254030113824, 0.6487579190775198, 0.6465400592197909, 0.6455891619650127, 0.642903171009539, 0.642135868621478, 0.6414187886281899, 0.6410770495051492, 0.6409138538241996, 0.6407078796411437, 0.6406487060146944, 0.6405833077501597, 0.6404876223202949, 0.6404224983056008, 0.6403399908082913, 0.6403070404883648, 0.6402847287014899, 0.6402795876567222, 0.6402771692598311, 0.6402769467467886, 0.6402769026350421, 0.6402768841417564, 0.6402768818059282, 0.6402768810848575, 0.6402768807692409, 0.6402768802718206, 0.6402768798849682, 0.6402768792417591, 0.6402768790365361, 0.6402768789794119, 0.6402768789700002, 0.6402768789658859]}, "11": {"maxiter": 1000, "fatol": 1e-10, "xatol": 1e-10, "duration": 0.2609527111053467, "fun": "0.6402768789648907", "nit": "714", "nfev": "1172", "status": "0", "success": "True", "message": "Optimization terminated successfully.", "x": "[ 4.38494193  0.65345297  0.68554353 -0.59104931 -0.6183073   4.90472415]", "final_simplex": "(array([[ 4.38494193,  0.65345297,  0.68554353, -0.59104931, -0.6183073 ,\n         4.90472415],\n       [ 4.38494193,  0.65345297,  0.68554353, -0.59104931, -0.6183073 ,\n         4.90472415],\n       [ 4.38494193,  0.65345297,  0.68554353, -0.59104931, -0.6183073 ,\n         4.90472415],\n       [ 4.38494193,  0.65345297,  0.68554353, -0.59104931, -0.6183073 ,\n         4.90472415],\n       [ 4.38494193,  0.65345297,  0.68554353, -0.59104931, -0.6183073 ,\n         4.90472415],\n       [ 4.38494193,  0.65345297,  0.68554353, -0.59104931, -0.6183073 ,\n         4.90472415],\n       [ 4.38494193,  0.65345297,  0.68554353, -0.59104931, -0.6183073 ,\n         4.90472415]]), array([0.64027688, 0.64027688, 0.64027688, 0.64027688, 0.64027688,\n       0.64027688, 0.64027688]))", "callback": [0.9341515669055394, 0.8813158578270721, 0.7564587339183837, 0.7063291559749237, 0.7063291559749237, 0.6925820885166031, 0.6724605502904255, 0.6690139267201969, 0.6631495743316422, 0.6602600288602058, 0.6592349151583073, 0.6576510057642369, 0.6529914255017726, 0.6500745625667517, 0.6500745625667517, 0.6499207353266896, 0.6498864610226652, 0.6498648387146065, 0.649860371480003, 0.6498601326401261, 0.6498598962404679, 0.6498598101126092, 0.6498597125377533, 0.6498593343421105, 0.6498578723380064, 0.6498554392853273, 0.6498535461764201, 0.6498483274936181, 0.6498305063779529, 0.6497840070146679, 0.6496383011012064, 0.6493254030113824, 0.6487579190775198, 0.6465400592197909, 0.6455891619650127, 0.642903171009539, 0.642135868621478, 0.6414187886281899, 0.6410770495051492, 0.6409138538241996, 0.6407078796411437, 0.6406487060146944, 0.6405833077501597, 0.6404876223202949, 0.6404224983056008, 0.6403399908082913, 0.6403070404883648, 0.6402847287014899, 0.6402795876567222, 0.6402771692598311, 0.6402769467467886, 0.6402769026350421, 0.6402768841417564, 0.6402768818059282, 0.6402768810848575, 0.6402768807692409, 0.6402768802718206, 0.6402768798849682, 0.6402768792417591, 0.6402768790365361, 0.6402768789794119, 0.6402768789700002, 0.6402768789658859, 0.6402768789649502, 0.6402768789649502, 0.6402768789648974, 0.6402768789648927, 0.6402768789648912, 0.6402768789648909, 0.6402768789648907, 0.6402768789648907, 0.6402768789648907]}}, "bfgs": {"type": "gradient", "0": {"maxiter": 100, "gtol": 1e-05, "xrtol": 1e-05, "eps": 1e-05, "duration": 0.08959484100341797, "fun": "0.6402768790103827", "jac": "[ 2.09332551e-07 -1.48229207e-06  7.27307103e-07 -2.98283620e-07\n -1.23862032e-06 -1.57730495e-06]", "hess_inv": "[[  7.33056859  -0.99837709   1.57138436   2.0426724    2.38039397\n   -0.39339493]\n [ -0.99837709  10.02673357   3.14330768   2.13809981   0.86571328\n   -6.57374911]\n [  1.57138436   3.14330768  10.71678233   6.71572647   1.39147135\n   -0.6646009 ]\n [  2.0426724    2.13809981   6.71572647  10.3058864    1.54452193\n   -1.53406012]\n [  2.38039397   0.86571328   1.39147135   1.54452193  19.15579623\n  -15.8129007 ]\n [ -0.39339493  -6.57374911  -0.6646009   -1.53406012 -15.8129007\n   22.30811127]]", "nfev": "385", "njev": "55", "status": "0", "success": "True", "message": "Optimization terminated successfully.", "x": "[1.89823486 3.79503227 3.8271163  0.59102936 2.52327841 1.76312569]", "nit": "40", "callback": [0.846032133253738, 0.8385072904694459, 0.7850000082695741, 0.7705864014867785, 0.7575161717329086, 0.7433494564804317, 0.7360101636780829, 0.7305635229542861, 0.7227162598062087, 0.7142674531828573, 0.7102971921617935, 0.7085950725209984, 0.7080651025355791, 0.7075837430775802, 0.7042143127399527, 0.6988588214816644, 0.6928696891038512, 0.6579967118988044, 0.656548801828717, 0.656137157257702, 0.6558982151939836, 0.6558907973541992, 0.6558861888261922, 0.6558854704169238, 0.6558796234601434, 0.6558309827980207, 0.6550757213146899, 0.6550080607360287, 0.6544418190847139, 0.6535176561113875, 0.6518839110374529, 0.6489984756466518, 0.6444717765096373, 0.641134748510599, 0.6405047519218314, 0.6403987033315708, 0.6402801241263578, 0.6402769639623971, 0.6402768804565949, 0.6402768790103827]}, "1": {"maxiter": 100, "gtol": 1e-05, "xrtol": 1e-05, "eps": 1e-10, "duration": 0.0850980281829834, "fun": "0.6402768798323852", "jac": "[-2.22044587e-06  1.11022293e-06  6.66133760e-06 -7.77156053e-06\n -3.33066880e-06 -8.88178346e-06]", "hess_inv": "[[  7.14244338  -1.07677034   1.45724001   1.98207229   2.38557877\n   -0.48963624]\n [ -1.07677034  10.48423477   3.28274372   1.98752753   1.40372815\n   -7.45355775]\n [  1.45724001   3.28274372  10.79380261   6.65120668   1.66240116\n   -1.14439029]\n [  1.98207229   1.98752753   6.65120668  10.27671669   1.41730846\n   -1.29333394]\n [  2.38557877   1.40372815   1.66240116   1.41730846  19.70459447\n  -16.68000331]\n [ -0.48963624  -7.45355775  -1.14439029  -1.29333394 -16.68000331\n   23.65294813]]", "nfev": "378", "njev": "54", "status": "0", "success": "True", "message": "Optimization terminated successfully.", "x": "[1.89823062 3.79511447 3.8271671  0.59103347 2.52338953 1.76295786]", "nit": "39", "callback": [0.8460314099043742, 0.8385063807593048, 0.7850041725051876, 0.7705893818902518, 0.7575184624593386, 0.743352244900868, 0.7360105308237399, 0.7305644377562643, 0.7227165831312035, 0.7142681006574934, 0.7102967450950675, 0.7085951678454135, 0.7080649099711772, 0.7075841100975844, 0.7042123618720473, 0.6988629797973333, 0.6928864566503181, 0.6580132805665957, 0.6565474744472847, 0.6561321512260561, 0.6558989661174731, 0.6558909938947106, 0.6558864020325363, 0.6558856868747694, 0.6558799039353845, 0.6558314141562162, 0.6550742342203495, 0.6550067682694387, 0.6544466269103213, 0.6535300251961962, 0.6519054735668598, 0.6490333946565399, 0.64451854662862, 0.6411386270530697, 0.6405099076633076, 0.6403993714481193, 0.6402792440890471, 0.6402769550699274, 0.6402768798323852]}, "2": {"maxiter": 100, "gtol": 1e-05, "xrtol": 1e-10, "eps": 1e-05, "duration": 0.08574509620666504, "fun": "0.6402768790103827", "jac": "[ 2.09332551e-07 -1.48229207e-06  7.27307103e-07 -2.98283620e-07\n -1.23862032e-06 -1.57730495e-06]", "hess_inv": "[[  7.33056859  -0.99837709   1.57138436   2.0426724    2.38039397\n   -0.39339493]\n [ -0.99837709  10.02673357   3.14330768   2.13809981   0.86571328\n   -6.57374911]\n [  1.57138436   3.14330768  10.71678233   6.71572647   1.39147135\n   -0.6646009 ]\n [  2.0426724    2.13809981   6.71572647  10.3058864    1.54452193\n   -1.53406012]\n [  2.38039397   0.86571328   1.39147135   1.54452193  19.15579623\n  -15.8129007 ]\n [ -0.39339493  -6.57374911  -0.6646009   -1.53406012 -15.8129007\n   22.30811127]]", "nfev": "385", "njev": "55", "status": "0", "success": "True", "message": "Optimization terminated successfully.", "x": "[1.89823486 3.79503227 3.8271163  0.59102936 2.52327841 1.76312569]", "nit": "40", "callback": [0.846032133253738, 0.8385072904694459, 0.7850000082695741, 0.7705864014867785, 0.7575161717329086, 0.7433494564804317, 0.7360101636780829, 0.7305635229542861, 0.7227162598062087, 0.7142674531828573, 0.7102971921617935, 0.7085950725209984, 0.7080651025355791, 0.7075837430775802, 0.7042143127399527, 0.6988588214816644, 0.6928696891038512, 0.6579967118988044, 0.656548801828717, 0.656137157257702, 0.6558982151939836, 0.6558907973541992, 0.6558861888261922, 0.6558854704169238, 0.6558796234601434, 0.6558309827980207, 0.6550757213146899, 0.6550080607360287, 0.6544418190847139, 0.6535176561113875, 0.6518839110374529, 0.6489984756466518, 0.6444717765096373, 0.641134748510599, 0.6405047519218314, 0.6403987033315708, 0.6402801241263578, 0.6402769639623971, 0.6402768804565949, 0.6402768790103827]}, "3": {"maxiter": 100, "gtol": 1e-05, "xrtol": 1e-10, "eps": 1e-10, "duration": 0.0903317928314209, "fun": "0.6402768798323852", "jac": "[-2.22044587e-06  1.11022293e-06  6.66133760e-06 -7.77156053e-06\n -3.33066880e-06 -8.88178346e-06]", "hess_inv": "[[  7.14244338  -1.07677034   1.45724001   1.98207229   2.38557877\n   -0.48963624]\n [ -1.07677034  10.48423477   3.28274372   1.98752753   1.40372815\n   -7.45355775]\n [  1.45724001   3.28274372  10.79380261   6.65120668   1.66240116\n   -1.14439029]\n [  1.98207229   1.98752753   6.65120668  10.27671669   1.41730846\n   -1.29333394]\n [  2.38557877   1.40372815   1.66240116   1.41730846  19.70459447\n  -16.68000331]\n [ -0.48963624  -7.45355775  -1.14439029  -1.29333394 -16.68000331\n   23.65294813]]", "nfev": "378", "njev": "54", "status": "0", "success": "True", "message": "Optimization terminated successfully.", "x": "[1.89823062 3.79511447 3.8271671  0.59103347 2.52338953 1.76295786]", "nit": "39", "callback": [0.8460314099043742, 0.8385063807593048, 0.7850041725051876, 0.7705893818902518, 0.7575184624593386, 0.743352244900868, 0.7360105308237399, 0.7305644377562643, 0.7227165831312035, 0.7142681006574934, 0.7102967450950675, 0.7085951678454135, 0.7080649099711772, 0.7075841100975844, 0.7042123618720473, 0.6988629797973333, 0.6928864566503181, 0.6580132805665957, 0.6565474744472847, 0.6561321512260561, 0.6558989661174731, 0.6558909938947106, 0.6558864020325363, 0.6558856868747694, 0.6558799039353845, 0.6558314141562162, 0.6550742342203495, 0.6550067682694387, 0.6544466269103213, 0.6535300251961962, 0.6519054735668598, 0.6490333946565399, 0.64451854662862, 0.6411386270530697, 0.6405099076633076, 0.6403993714481193, 0.6402792440890471, 0.6402769550699274, 0.6402768798323852]}, "4": {"maxiter": 100, "gtol": 1e-10, "xrtol": 1e-05, "eps": 1e-05, "duration": 0.0951089859008789, "fun": "0.6402768789951445", "jac": "[-6.02740080e-08 -1.88526972e-07  5.61328761e-08 -4.58300065e-08\n -1.53965729e-07 -1.56963331e-07]", "hess_inv": "[[  7.31855813  -0.93198942   1.59106064   2.02801988   2.44115164\n   -0.47239756]\n [ -0.93198942   9.69852817   3.07577163   2.19076521   0.63578526\n   -6.34418773]\n [  1.59106064   3.07577163  10.72840238   6.70959741   1.40460182\n   -0.75551553]\n [  2.02801988   2.19076521   6.70959741  10.30871618   1.54122872\n   -1.47904007]\n [  2.44115164   0.63578526   1.40460182   1.54122872  19.13789279\n  -15.97932589]\n [ -0.47239756  -6.34418773  -0.75551553  -1.47904007 -15.97932589\n   22.8955147 ]]", "nfev": "392", "njev": "56", "status": "0", "success": "True", "message": "Optimization terminated successfully.", "x": "[1.89823367 3.79503604 3.82711527 0.59102996 2.52327678 1.76313281]", "nit": "41", "callback": [0.846032133253738, 0.8385072904694459, 0.7850000082695741, 0.7705864014867785, 0.7575161717329086, 0.7433494564804317, 0.7360101636780829, 0.7305635229542861, 0.7227162598062087, 0.7142674531828573, 0.7102971921617935, 0.7085950725209984, 0.7080651025355791, 0.7075837430775802, 0.7042143127399527, 0.6988588214816644, 0.6928696891038512, 0.6579967118988044, 0.656548801828717, 0.656137157257702, 0.6558982151939836, 0.6558907973541992, 0.6558861888261922, 0.6558854704169238, 0.6558796234601434, 0.6558309827980207, 0.6550757213146899, 0.6550080607360287, 0.6544418190847139, 0.6535176561113875, 0.6518839110374529, 0.6489984756466518, 0.6444717765096373, 0.641134748510599, 0.6405047519218314, 0.6403987033315708, 0.6402801241263578, 0.6402769639623971, 0.6402768804565949, 0.6402768790103827, 0.6402768789951445]}, "5": {"maxiter": 100, "gtol": 1e-10, "xrtol": 1e-05, "eps": 1e-10, "duration": 0.09400224685668945, "fun": "0.640276878990423", "jac": "[ 1.11022293e-06  0.00000000e+00 -1.11022293e-06  2.22044587e-06\n  1.11022293e-06  0.00000000e+00]", "hess_inv": "[[  7.23580279  -0.65913735   1.42380423   2.37839151   2.34155491\n   -0.85867276]\n [ -0.65913735   9.73052268   3.07601471   2.8108028    0.64368811\n   -5.99286718]\n [  1.42380423   3.07601471  10.06644666   7.32562211   0.54182794\n   -0.17639555]\n [  2.37839151   2.8108028    7.32562211  11.0123567    2.3988974\n   -2.83561932]\n [  2.34155491   0.64368811   0.54182794   2.3988974   17.92003789\n  -14.73338886]\n [ -0.85867276  -5.99286718  -0.17639555  -2.83561932 -14.73338886\n   20.77491741]]", "nfev": "399", "njev": "57", "status": "0", "success": "True", "message": "Optimization terminated successfully.", "x": "[1.89823601 3.79503187 3.82711725 0.59103975 2.52328628 1.76313047]", "nit": "42", "callback": [0.8460314099043742, 0.8385063807593048, 0.7850041725051876, 0.7705893818902518, 0.7575184624593386, 0.743352244900868, 0.7360105308237399, 0.7305644377562643, 0.7227165831312035, 0.7142681006574934, 0.7102967450950675, 0.7085951678454135, 0.7080649099711772, 0.7075841100975844, 0.7042123618720473, 0.6988629797973333, 0.6928864566503181, 0.6580132805665957, 0.6565474744472847, 0.6561321512260561, 0.6558989661174731, 0.6558909938947106, 0.6558864020325363, 0.6558856868747694, 0.6558799039353845, 0.6558314141562162, 0.6550742342203495, 0.6550067682694387, 0.6544466269103213, 0.6535300251961962, 0.6519054735668598, 0.6490333946565399, 0.64451854662862, 0.6411386270530697, 0.6405099076633076, 0.6403993714481193, 0.6402792440890471, 0.6402769550699274, 0.6402768798323852, 0.6402768790114919, 0.6402768790008457, 0.640276878990423]}, "6": {"maxiter": 100, "gtol": 1e-10, "xrtol": 1e-10, "eps": 1e-05, "duration": 0.12492728233337402, "fun": "0.6402768789920265", "jac": "[ 8.75965966e-09 -3.44169138e-10 -6.27276009e-09  5.68434189e-09\n  3.44169138e-10  3.33066907e-10]", "hess_inv": "[[  6.98951198  -0.9335368    1.45019889   1.82484786   2.14315644\n   -0.11469047]\n [ -0.9335368   10.19039121   3.27626777   2.36487994   0.79458423\n   -6.15335239]\n [  1.45019889   3.27626777  10.72346092   6.69400659   1.31927347\n   -0.46785571]\n [  1.82484786   2.36487994   6.69400659  10.24557669   1.41406518\n   -1.19039472]\n [  2.14315644   0.79458423   1.31927347   1.41406518  18.90006027\n  -15.54431196]\n [ -0.11469047  -6.15335239  -0.46785571  -1.19039472 -15.54431196\n   22.45791465]]", "nfev": "557", "njev": "78", "status": "2", "success": "False", "message": "Desired error not necessarily achieved due to precision loss.", "x": "[1.8982343  3.79503697 3.8271158  0.59103067 2.52327754 1.76313275]", "nit": "42", "callback": [0.846032133253738, 0.8385072904694459, 0.7850000082695741, 0.7705864014867785, 0.7575161717329086, 0.7433494564804317, 0.7360101636780829, 0.7305635229542861, 0.7227162598062087, 0.7142674531828573, 0.7102971921617935, 0.7085950725209984, 0.7080651025355791, 0.7075837430775802, 0.7042143127399527, 0.6988588214816644, 0.6928696891038512, 0.6579967118988044, 0.656548801828717, 0.656137157257702, 0.6558982151939836, 0.6558907973541992, 0.6558861888261922, 0.6558854704169238, 0.6558796234601434, 0.6558309827980207, 0.6550757213146899, 0.6550080607360287, 0.6544418190847139, 0.6535176561113875, 0.6518839110374529, 0.6489984756466518, 0.6444717765096373, 0.641134748510599, 0.6405047519218314, 0.6403987033315708, 0.6402801241263578, 0.6402769639623971, 0.6402768804565949, 0.6402768790103827, 0.6402768789951445, 0.6402768789920265]}, "7": {"maxiter": 100, "gtol": 1e-10, "xrtol": 1e-10, "eps": 1e-10, "duration": 0.09612298011779785, "fun": "0.6402768789859272", "jac": "[0. 0. 0. 0. 0. 0.]", "hess_inv": "[[ 2.65317909e+00  1.49483785e+00 -7.84314325e-01 -4.98012181e+00\n  -9.58224295e-01 -1.10346981e+00]\n [ 1.49483785e+00  1.04925167e+01  4.92429940e+00 -4.94126376e+00\n  -8.46564510e+00 -4.02753312e+00]\n [-7.84314325e-01  4.92429940e+00  6.19734706e+00 -4.77299039e-03\n  -3.33378269e+00 -3.21361367e+00]\n [-4.98012181e+00 -4.94126376e+00 -4.77299039e-03  1.35311666e+01\n   3.48104515e+00  2.98796876e+00]\n [-9.58224295e-01 -8.46564510e+00 -3.33378269e+00  3.48104515e+00\n   7.26154083e+00  2.49425623e+00]\n [-1.10346981e+00 -4.02753312e+00 -3.21361367e+00  2.98796876e+00\n   2.49425623e+00  3.04099429e+00]]", "nfev": "434", "njev": "62", "status": "0", "success": "True", "message": "Optimization terminated successfully.", "x": "[1.89823571 3.7950344  3.82711916 0.5910356  2.52328446 1.7631295 ]", "nit": "46", "callback": [0.8460314099043742, 0.8385063807593048, 0.7850041725051876, 0.7705893818902518, 0.7575184624593386, 0.743352244900868, 0.7360105308237399, 0.7305644377562643, 0.7227165831312035, 0.7142681006574934, 0.7102967450950675, 0.7085951678454135, 0.7080649099711772, 0.7075841100975844, 0.7042123618720473, 0.6988629797973333, 0.6928864566503181, 0.6580132805665957, 0.6565474744472847, 0.6561321512260561, 0.6558989661174731, 0.6558909938947106, 0.6558864020325363, 0.6558856868747694, 0.6558799039353845, 0.6558314141562162, 0.6550742342203495, 0.6550067682694387, 0.6544466269103213, 0.6535300251961962, 0.6519054735668598, 0.6490333946565399, 0.64451854662862, 0.6411386270530697, 0.6405099076633076, 0.6403993714481193, 0.6402792440890471, 0.6402769550699274, 0.6402768798323852, 0.6402768790114919, 0.6402768790008457, 0.640276878990423, 0.6402768789896525, 0.6402768789885847, 0.6402768789870842, 0.6402768789859272]}, "8": {"maxiter": 500, "gtol": 1e-05, "xrtol": 1e-05, "eps": 1e-05, "duration": 0.08717918395996094, "fun": "0.6402768790103827", "jac": "[ 2.09332551e-07 -1.48229207e-06  7.27307103e-07 -2.98283620e-07\n -1.23862032e-06 -1.57730495e-