{"date": "2024/09/25/, 08:08:07", "conf_id": 178, "data_type": "non_lin_ind\n", "num_data_points": 1, "s_rank": 0, "unitary": "[[-0.53618537-0.34368723j,-0.12107031-0.46226139j,-0.07699282-0.46603512j,0.36022595-0.11472301j],[0.26026499-0.63450712j,-0.56616638+0.37832564j,-0.14988651+0.08458591j,0.10363514-0.16008501j],[-0.32580188-0.11070003j,-0.36476308-0.23593218j,0.02559343+0.41761608j,-0.25598305+0.6725303j],[0.07406738-0.0126433j,0.28513701+0.19483972j,-0.74939717-0.10299659j,0.29798249+0.46269921j]]", "databatch_0": {"databatch": "[[[-0.30694991-0.08464939j,-0.35978209+0.1075655j,-0.08065573-0.29978776j,0.19360938-0.133026j],[-0.21379048+0.10038299j,-0.18283976-0.06067912j,0.24434869+0.13861933j,-0.13406833-0.0218722j],[-0.02222495-0.25947924j,0.11452275+0.26404406j,-0.11439655+0.11926711j,-0.01464766+0.25660187j],[-0.11845211-0.13726636j,-0.0621676+0.07201447j,-0.02382344+0.05176824j,-0.34893992-0.06939419j]]]", "initial param values": "[1.99730384,3.30259415,3.64659672,1.50560181,3.56736564,5.60441198]", "nelder_mead": {"type": "gradient-free", "0": {"maxiter": 100, "fatol": 1e-05, "xatol": 1e-05, "duration": 0.037750959396362305, "fun": "0.43484169190827593", "nit": "100", "nfev": "156", "status": "2", "success": "False", "message": "Maximum number of iterations has been exceeded.", "x": "[1.70088258 2.4353032  4.78479707 1.12984575 4.16719706 5.734862  ]", "final_simplex": "(array([[1.70088258, 2.4353032 , 4.78479707, 1.12984575, 4.16719706,\n        5.734862  ],\n       [1.72335944, 2.48833841, 4.75785948, 1.12995416, 4.18886462,\n        5.72654791],\n       [1.740015  , 2.44586233, 4.72775927, 1.1520461 , 4.24739185,\n        5.72490876],\n       [1.77618965, 2.48862071, 4.72183451, 1.15534052, 4.24156893,\n        5.70415928],\n       [1.74357171, 2.47697514, 4.77218812, 1.12194575, 4.21345569,\n        5.74762607],\n       [1.72959096, 2.47592143, 4.78871447, 1.15088583, 4.18866882,\n        5.70179281],\n       [1.7164921 , 2.47272777, 4.74283445, 1.15702872, 4.14780027,\n        5.77060161]]), array([0.43484169, 0.43490296, 0.43496365, 0.43496453, 0.43504113,\n       0.43520529, 0.43527878]))", "callback": [0.7262567241751239, 0.49273269448041745, 0.47932946653552333, 0.44728127941678897, 0.4421389633351064, 0.43997244818952486, 0.43913714358005107, 0.4379666088370222, 0.4367655735036776, 0.43520528523687885]}, "1": {"maxiter": 100, "fatol": 1e-05, "xatol": 1e-10, "duration": 0.035790205001831055, "fun": "0.43484169190827593", "nit": "100", "nfev": "156", "status": "2", "success": "False", "message": "Maximum number of iterations has been exceeded.", "x": "[1.70088258 2.4353032  4.78479707 1.12984575 4.16719706 5.734862  ]", "final_simplex": "(array([[1.70088258, 2.4353032 , 4.78479707, 1.12984575, 4.16719706,\n        5.734862  ],\n       [1.72335944, 2.48833841, 4.75785948, 1.12995416, 4.18886462,\n        5.72654791],\n       [1.740015  , 2.44586233, 4.72775927, 1.1520461 , 4.24739185,\n        5.72490876],\n       [1.77618965, 2.48862071, 4.72183451, 1.15534052, 4.24156893,\n        5.70415928],\n       [1.74357171, 2.47697514, 4.77218812, 1.12194575, 4.21345569,\n        5.74762607],\n       [1.72959096, 2.47592143, 4.78871447, 1.15088583, 4.18866882,\n        5.70179281],\n       [1.7164921 , 2.47272777, 4.74283445, 1.15702872, 4.14780027,\n        5.77060161]]), array([0.43484169, 0.43490296, 0.43496365, 0.43496453, 0.43504113,\n       0.43520529, 0.43527878]))", "callback": [0.7262567241751239, 0.49273269448041745, 0.47932946653552333, 0.44728127941678897, 0.4421389633351064, 0.43997244818952486, 0.43913714358005107, 0.4379666088370222, 0.4367655735036776, 0.43520528523687885]}, "2": {"maxiter": 100, "fatol": 1e-10, "xatol": 1e-05, "duration": 0.03827214241027832, "fun": "0.43484169190827593", "nit": "100", "nfev": "156", "status": "2", "success": "False", "message": "Maximum number of iterations has been exceeded.", "x": "[1.70088258 2.4353032  4.78479707 1.12984575 4.16719706 5.734862  ]", "final_simplex": "(array([[1.70088258, 2.4353032 , 4.78479707, 1.12984575, 4.16719706,\n        5.734862  ],\n       [1.72335944, 2.48833841, 4.75785948, 1.12995416, 4.18886462,\n        5.72654791],\n       [1.740015  , 2.44586233, 4.72775927, 1.1520461 , 4.24739185,\n        5.72490876],\n       [1.77618965, 2.48862071, 4.72183451, 1.15534052, 4.24156893,\n        5.70415928],\n       [1.74357171, 2.47697514, 4.77218812, 1.12194575, 4.21345569,\n        5.74762607],\n       [1.72959096, 2.47592143, 4.78871447, 1.15088583, 4.18866882,\n        5.70179281],\n       [1.7164921 , 2.47272777, 4.74283445, 1.15702872, 4.14780027,\n        5.77060161]]), array([0.43484169, 0.43490296, 0.43496365, 0.43496453, 0.43504113,\n       0.43520529, 0.43527878]))", "callback": [0.7262567241751239, 0.49273269448041745, 0.47932946653552333, 0.44728127941678897, 0.4421389633351064, 0.43997244818952486, 0.43913714358005107, 0.4379666088370222, 0.4367655735036776, 0.43520528523687885]}, "3": {"maxiter": 100, "fatol": 1e-10, "xatol": 1e-10, "duration": 0.03649497032165527, "fun": "0.43484169190827593", "nit": "100", "nfev": "156", "status": "2", "success": "False", "message": "Maximum number of iterations has been exceeded.", "x": "[1.70088258 2.4353032  4.78479707 1.12984575 4.16719706 5.734862  ]", "final_simplex": "(array([[1.70088258, 2.4353032 , 4.78479707, 1.12984575, 4.16719706,\n        5.734862  ],\n       [1.72335944, 2.48833841, 4.75785948, 1.12995416, 4.18886462,\n        5.72654791],\n       [1.740015  , 2.44586233, 4.72775927, 1.1520461 , 4.24739185,\n        5.72490876],\n       [1.77618965, 2.48862071, 4.72183451, 1.15534052, 4.24156893,\n        5.70415928],\n       [1.74357171, 2.47697514, 4.77218812, 1.12194575, 4.21345569,\n        5.74762607],\n       [1.72959096, 2.47592143, 4.78871447, 1.15088583, 4.18866882,\n        5.70179281],\n       [1.7164921 , 2.47272777, 4.74283445, 1.15702872, 4.14780027,\n        5.77060161]]), array([0.43484169, 0.43490296, 0.43496365, 0.43496453, 0.43504113,\n       0.43520529, 0.43527878]))", "callback": [0.7262567241751239, 0.49273269448041745, 0.47932946653552333, 0.44728127941678897, 0.4421389633351064, 0.43997244818952486, 0.43913714358005107, 0.4379666088370222, 0.4367655735036776, 0.43520528523687885]}, "4": {"maxiter": 500, "fatol": 1e-05, "xatol": 1e-05, "duration": 0.09393000602722168, "fun": "0.43364948103931245", "nit": "256", "nfev": "409", "status": "0", "success": "True", "message": "Optimization terminated successfully.", "x": "[1.78272867 2.41369092 4.68362301 1.07603653 4.24003837 5.70502925]", "final_simplex": "(array([[1.78272867, 2.41369092, 4.68362301, 1.07603653, 4.24003837,\n        5.70502925],\n       [1.78273262, 2.41369361, 4.68362639, 1.07603324, 4.24003487,\n        5.70503216],\n       [1.78273576, 2.41369755, 4.68363016, 1.07603459, 4.24003631,\n        5.70503247],\n       [1.78273135, 2.41368848, 4.68361957, 1.07603222, 4.24004391,\n        5.70502476],\n       [1.7827369 , 2.41369177, 4.6836161 , 1.07603353, 4.24004462,\n        5.70502604],\n       [1.7827339 , 2.41369157, 4.68363159, 1.07603219, 4.24003004,\n        5.70502608],\n       [1.78273088, 2.41368279, 4.68361963, 1.07603714, 4.24003734,\n        5.705031  ]]), array([0.43364948, 0.43364948, 0.43364948, 0.43364948, 0.43364948,\n       0.43364948, 0.43364948]))", "callback": [0.7262567241751239, 0.49273269448041745, 0.47932946653552333, 0.44728127941678897, 0.4421389633351064, 0.43997244818952486, 0.43913714358005107, 0.4379666088370222, 0.4367655735036776, 0.43520528523687885, 0.4347535063166287, 0.43426689966972143, 0.4339010309779132, 0.43377754756423703, 0.4337037894791542, 0.4336631118492682, 0.433656743903886, 0.4336508150329912, 0.4336497731521284, 0.4336495502097316, 0.43364950404331293, 0.4336494838084439, 0.43364948139726456, 0.4336494811351308, 0.433649481062499, 0.43364948104444334]}, "5": {"maxiter": 500, "fatol": 1e-05, "xatol": 1e-10, "duration": 0.15445518493652344, "fun": "0.4336494810318392", "nit": "385", "nfev": "672", "status": "0", "success": "True", "message": "Optimization terminated successfully.", "x": "[1.78273063 2.41369217 4.68363183 1.07603958 4.24003192 5.70503222]", "final_simplex": "(array([[1.78273063, 2.41369217, 4.68363183, 1.07603958, 4.24003192,\n        5.70503222],\n       [1.78273063, 2.41369217, 4.68363183, 1.07603958, 4.24003192,\n        5.70503222],\n       [1.78273063, 2.41369217, 4.68363183, 1.07603958, 4.24003192,\n        5.70503222],\n       [1.78273063, 2.41369217, 4.68363183, 1.07603958, 4.24003192,\n        5.70503222],\n       [1.78273063, 2.41369217, 4.68363183, 1.07603958, 4.24003192,\n        5.70503222],\n       [1.78273063, 2.41369217, 4.68363183, 1.07603958, 4.24003192,\n        5.70503222],\n       [1.78273063, 2.41369217, 4.68363183, 1.07603958, 4.24003192,\n        5.70503222]]), array([0.43364948, 0.43364948, 0.43364948, 0.43364948, 0.43364948,\n       0.43364948, 0.43364948]))", "callback": [0.7262567241751239, 0.49273269448041745, 0.47932946653552333, 0.44728127941678897, 0.4421389633351064, 0.43997244818952486, 0.43913714358005107, 0.4379666088370222, 0.4367655735036776, 0.43520528523687885, 0.4347535063166287, 0.43426689966972143, 0.4339010309779132, 0.43377754756423703, 0.4337037894791542, 0.4336631118492682, 0.433656743903886, 0.4336508150329912, 0.4336497731521284, 0.4336495502097316, 0.43364950404331293, 0.4336494838084439, 0.43364948139726456, 0.4336494811351308, 0.433649481062499, 0.43364948104444334, 0.4336494810333721, 0.43364948103236245, 0.4336494810321557, 0.43364948103197676, 0.43364948103185974, 0.4336494810318593, 0.43364948103184575, 0.4336494810318403, 0.43364948103183953, 0.43364948103183953, 0.4336494810318393, 0.4336494810318393, 0.4336494810318392]}, "6": {"maxiter": 500, "fatol": 1e-10, "xatol": 1e-05, "duration": 0.09254002571105957, "fun": "0.43364948103931245", "nit": "256", "nfev": "409", "status": "0", "success": "True", "message": "Optimization terminated successfully.", "x": "[1.78272867 2.41369092 4.68362301 1.07603653 4.24003837 5.70502925]", "final_simplex": "(array([[1.78272867, 2.41369092, 4.68362301, 1.07603653, 4.24003837,\n        5.70502925],\n       [1.78273262, 2.41369361, 4.68362639, 1.07603324, 4.24003487,\n        5.70503216],\n       [1.78273576, 2.41369755, 4.68363016, 1.07603459, 4.24003631,\n        5.70503247],\n       [1.78273135, 2.41368848, 4.68361957, 1.07603222, 4.24004391,\n        5.70502476],\n       [1.7827369 , 2.41369177, 4.6836161 , 1.07603353, 4.24004462,\n        5.70502604],\n       [1.7827339 , 2.41369157, 4.68363159, 1.07603219, 4.24003004,\n        5.70502608],\n       [1.78273088, 2.41368279, 4.68361963, 1.07603714, 4.24003734,\n        5.705031  ]]), array([0.43364948, 0.43364948, 0.43364948, 0.43364948, 0.43364948,\n       0.43364948, 0.43364948]))", "callback": [0.7262567241751239, 0.49273269448041745, 0.47932946653552333, 0.44728127941678897, 0.4421389633351064, 0.43997244818952486, 0.43913714358005107, 0.4379666088370222, 0.4367655735036776, 0.43520528523687885, 0.4347535063166287, 0.43426689966972143, 0.4339010309779132, 0.43377754756423703, 0.4337037894791542, 0.4336631118492682, 0.433656743903886, 0.4336508150329912, 0.4336497731521284, 0.4336495502097316, 0.43364950404331293, 0.4336494838084439, 0.43364948139726456, 0.4336494811351308, 0.433649481062499, 0.43364948104444334]}, "7": {"maxiter": 500, "fatol": 1e-10, "xatol": 1e-10, "duration": 0.1610879898071289, "fun": "0.4336494810318392", "nit": "385", "nfev": "672", "status": "0", "success": "True", "message": "Optimization terminated successfully.", "x": "[1.78273063 2.41369217 4.68363183 1.07603958 4.24003192 5.70503222]", "final_simplex": "(array([[1.78273063, 2.41369217, 4.68363183, 1.07603958, 4.24003192,\n        5.70503222],\n       [1.78273063, 2.41369217, 4.68363183, 1.07603958, 4.24003192,\n        5.70503222],\n       [1.78273063, 2.41369217, 4.68363183, 1.07603958, 4.24003192,\n        5.70503222],\n       [1.78273063, 2.41369217, 4.68363183, 1.07603958, 4.24003192,\n        5.70503222],\n       [1.78273063, 2.41369217, 4.68363183, 1.07603958, 4.24003192,\n        5.70503222],\n       [1.78273063, 2.41369217, 4.68363183, 1.07603958, 4.24003192,\n        5.70503222],\n       [1.78273063, 2.41369217, 4.68363183, 1.07603958, 4.24003192,\n        5.70503222]]), array([0.43364948, 0.43364948, 0.43364948, 0.43364948, 0.43364948,\n       0.43364948, 0.43364948]))", "callback": [0.7262567241751239, 0.49273269448041745, 0.47932946653552333, 0.44728127941678897, 0.4421389633351064, 0.43997244818952486, 0.43913714358005107, 0.4379666088370222, 0.4367655735036776, 0.43520528523687885, 0.4347535063166287, 0.43426689966972143, 0.4339010309779132, 0.43377754756423703, 0.4337037894791542, 0.4336631118492682, 0.433656743903886, 0.4336508150329912, 0.4336497731521284, 0.4336495502097316, 0.43364950404331293, 0.4336494838084439, 0.43364948139726456, 0.4336494811351308, 0.433649481062499, 0.43364948104444334, 0.4336494810333721, 0.43364948103236245, 0.4336494810321557, 0.43364948103197676, 0.43364948103185974, 0.4336494810318593, 0.43364948103184575, 0.4336494810318403, 0.43364948103183953, 0.43364948103183953, 0.4336494810318393, 0.4336494810318393, 0.4336494810318392]}, "8": {"maxiter": 1000, "fatol": 1e-05, "xatol": 1e-05, "duration": 0.09924793243408203, "fun": "0.43364948103931245", "nit": "256", "nfev": "409", "status": "0", "success": "True", "message": "Optimization terminated successfully.", "x": "[1.78272867 2.41369092 4.68362301 1.07603653 4.24003837 5.70502925]", "final_simplex": "(array([[1.78272867, 2.41369092, 4.68362301, 1.07603653, 4.24003837,\n        5.70502925],\n       [1.78273262, 2.41369361, 4.68362639, 1.07603324, 4.24003487,\n        5.70503216],\n       [1.78273576, 2.41369755, 4.68363016, 1.07603459, 4.24003631,\n        5.70503247],\n       [1.78273135, 2.41368848, 4.68361957, 1.07603222, 4.24004391,\n        5.70502476],\n       [1.7827369 , 2.41369177, 4.6836161 , 1.07603353, 4.24004462,\n        5.70502604],\n       [1.7827339 , 2.41369157, 4.68363159, 1.07603219, 4.24003004,\n        5.70502608],\n       [1.78273088, 2.41368279, 4.68361963, 1.07603714, 4.24003734,\n        5.705031  ]]), array([0.43364948, 0.43364948, 0.43364948, 0.43364948, 0.43364948,\n       0.43364948, 0.43364948]))", "callback": [0.7262567241751239, 0.49273269448041745, 0.47932946653552333, 0.44728127941678897, 0.4421389633351064, 0.43997244818952486, 0.43913714358005107, 0.4379666088370222, 0.4367655735036776, 0.43520528523687885, 0.4347535063166287, 0.43426689966972143, 0.4339010309779132, 0.43377754756423703, 0.4337037894791542, 0.4336631118492682, 0.433656743903886, 0.4336508150329912, 0.4336497731521284, 0.4336495502097316, 0.43364950404331293, 0.4336494838084439, 0.43364948139726456, 0.4336494811351308, 0.433649481062499, 0.43364948104444334]}, "9": {"maxiter": 1000, "fatol": 1e-05, "xatol": 1e-10, "duration": 0.15371489524841309, "fun": "0.4336494810318392", "nit": "385", "nfev": "672", "status": "0", "success": "True", "message": "Optimization terminated successfully.", "x": "[1.78273063 2.41369217 4.68363183 1.07603958 4.24003192 5.70503222]", "final_simplex": "(array([[1.78273063, 2.41369217, 4.68363183, 1.07603958, 4.24003192,\n        5.70503222],\n       [1.78273063, 2.41369217, 4.68363183, 1.07603958, 4.24003192,\n        5.70503222],\n       [1.78273063, 2.41369217, 4.68363183, 1.07603958, 4.24003192,\n        5.70503222],\n       [1.78273063, 2.41369217, 4.68363183, 1.07603958, 4.24003192,\n        5.70503222],\n       [1.78273063, 2.41369217, 4.68363183, 1.07603958, 4.24003192,\n        5.70503222],\n       [1.78273063, 2.41369217, 4.68363183, 1.07603958, 4.24003192,\n        5.70503222],\n       [1.78273063, 2.41369217, 4.68363183, 1.07603958, 4.24003192,\n        5.70503222]]), array([0.43364948, 0.43364948, 0.43364948, 0.43364948, 0.43364948,\n       0.43364948, 0.43364948]))", "callback": [0.7262567241751239, 0.49273269448041745, 0.47932946653552333, 0.44728127941678897, 0.4421389633351064, 0.43997244818952486, 0.43913714358005107, 0.4379666088370222, 0.4367655735036776, 0.43520528523687885, 0.4347535063166287, 0.43426689966972143, 0.4339010309779132, 0.43377754756423703, 0.4337037894791542, 0.4336631118492682, 0.433656743903886, 0.4336508150329912, 0.4336497731521284, 0.4336495502097316, 0.43364950404331293, 0.4336494838084439, 0.43364948139726456, 0.4336494811351308, 0.433649481062499, 0.43364948104444334, 0.4336494810333721, 0.43364948103236245, 0.4336494810321557, 0.43364948103197676, 0.43364948103185974, 0.4336494810318593, 0.43364948103184575, 0.4336494810318403, 0.43364948103183953, 0.43364948103183953, 0.4336494810318393, 0.4336494810318393, 0.4336494810318392]}, "10": {"maxiter": 1000, "fatol": 1e-10, "xatol": 1e-05, "duration": 0.09566116333007812, "fun": "0.43364948103931245", "nit": "256", "nfev": "409", "status": "0", "success": "True", "message": "Optimization terminated successfully.", "x": "[1.78272867 2.41369092 4.68362301 1.07603653 4.24003837 5.70502925]", "final_simplex": "(array([[1.78272867, 2.41369092, 4.68362301, 1.07603653, 4.24003837,\n        5.70502925],\n       [1.78273262, 2.41369361, 4.68362639, 1.07603324, 4.24003487,\n        5.70503216],\n       [1.78273576, 2.41369755, 4.68363016, 1.07603459, 4.24003631,\n        5.70503247],\n       [1.78273135, 2.41368848, 4.68361957, 1.07603222, 4.24004391,\n        5.70502476],\n       [1.7827369 , 2.41369177, 4.6836161 , 1.07603353, 4.24004462,\n        5.70502604],\n       [1.7827339 , 2.41369157, 4.68363159, 1.07603219, 4.24003004,\n        5.70502608],\n       [1.78273088, 2.41368279, 4.68361963, 1.07603714, 4.24003734,\n        5.705031  ]]), array([0.43364948, 0.43364948, 0.43364948, 0.43364948, 0.43364948,\n       0.43364948, 0.43364948]))", "callback": [0.7262567241751239, 0.49273269448041745, 0.47932946653552333, 0.44728127941678897, 0.4421389633351064, 0.43997244818952486, 0.43913714358005107, 0.4379666088370222, 0.4367655735036776, 0.43520528523687885, 0.4347535063166287, 0.43426689966972143, 0.4339010309779132, 0.43377754756423703, 0.4337037894791542, 0.4336631118492682, 0.433656743903886, 0.4336508150329912, 0.4336497731521284, 0.4336495502097316, 0.43364950404331293, 0.4336494838084439, 0.43364948139726456, 0.4336494811351308, 0.433649481062499, 0.43364948104444334]}, "11": {"maxiter": 1000, "fatol": 1e-10, "xatol": 1e-10, "duration": 0.15626907348632812, "fun": "0.4336494810318392", "nit": "385", "nfev": "672", "status": "0", "success": "True", "message": "Optimization terminated successfully.", "x": "[1.78273063 2.41369217 4.68363183 1.07603958 4.24003192 5.70503222]", "final_simplex": "(array([[1.78273063, 2.41369217, 4.68363183, 1.07603958, 4.24003192,\n        5.70503222],\n       [1.78273063, 2.41369217, 4.68363183, 1.07603958, 4.24003192,\n        5.70503222],\n       [1.78273063, 2.41369217, 4.68363183, 1.07603958, 4.24003192,\n        5.70503222],\n       [1.78273063, 2.41369217, 4.68363183, 1.07603958, 4.24003192,\n        5.70503222],\n       [1.78273063, 2.41369217, 4.68363183, 1.07603958, 4.24003192,\n        5.70503222],\n       [1.78273063, 2.41369217, 4.68363183, 1.07603958, 4.24003192,\n        5.70503222],\n       [1.78273063, 2.41369217, 4.68363183, 1.07603958, 4.24003192,\n        5.70503222]]), array([0.43364948, 0.43364948, 0.43364948, 0.43364948, 0.43364948,\n       0.43364948, 0.43364948]))", "callback": [0.7262567241751239, 0.49273269448041745, 0.47932946653552333, 0.44728127941678897, 0.4421389633351064, 0.43997244818952486, 0.43913714358005107, 0.4379666088370222, 0.4367655735036776, 0.43520528523687885, 0.4347535063166287, 0.43426689966972143, 0.4339010309779132, 0.43377754756423703, 0.4337037894791542, 0.4336631118492682, 0.433656743903886, 0.4336508150329912, 0.4336497731521284, 0.4336495502097316, 0.43364950404331293, 0.4336494838084439, 0.43364948139726456, 0.4336494811351308, 0.433649481062499, 0.43364948104444334, 0.4336494810333721, 0.43364948103236245, 0.4336494810321557, 0.43364948103197676, 0.43364948103185974, 0.4336494810318593, 0.43364948103184575, 0.4336494810318403, 0.43364948103183953, 0.43364948103183953, 0.4336494810318393, 0.4336494810318393, 0.4336494810318392]}}, "bfgs": {"type": "gradient", "0": {"maxiter": 100, "gtol": 1e-05, "xrtol": 1e-05, "eps": 1e-05, "duration": 0.03011488914489746, "fun": "0.4336494816738339", "jac": "[-5.19603249e-06  1.18094423e-06 -1.11455289e-06 -9.09072817e-06\n  2.74913425e-07 -9.61490887e-06]", "hess_inv": "[[ 3.94001893 -0.06318751 -2.59488845 -1.35355881  3.55477543 -2.04042373]\n [-0.06318751  3.69627367  0.93147466  0.87009608 -0.08978361 -0.65597414]\n [-2.59488845  0.93147466  8.73282077  1.10937419 -7.29173375  2.80239531]\n [-1.35355881  0.87009608  1.10937419  2.3744527  -1.22944785 -0.31710373]\n [ 3.55477543 -0.08978361 -7.29173375 -1.22944785 11.74833129 -5.4942167 ]\n [-2.04042373 -0.65597414  2.80239531 -0.31710373 -5.4942167   5.85909287]]", "nfev": "126", "njev": "18", "status": "0", "success": "True", "message": "Optimization terminated successfully.", "x": "[1.78272877 2.41368852 4.68358556 1.07599682 4.2400948  5.70496119]", "nit": "16", "callback": [0.47225774968074963, 0.45647140349407767, 0.43601784102123775, 0.43414803442550076, 0.43395636819308436, 0.43370768958114614, 0.43366960298653945, 0.4336592879719068, 0.43365356639382147, 0.4336529539881021, 0.4336523999085543, 0.43365151963775184, 0.433650291836042, 0.43364965224588004, 0.43364949291019916, 0.4336494816738339]}, "1": {"maxiter": 100, "gtol": 1e-05, "xrtol": 1e-05, "eps": 1e-10, "duration": 0.031464338302612305, "fun": "0.4336494812162198", "jac": "[-6.66133760e-06  2.22044587e-06 -1.11022293e-06 -4.44089173e-06\n -4.44089173e-06 -1.11022293e-06]", "hess_inv": "[[ 4.10607609e+00 -7.43391555e-02 -2.77382188e+00 -1.30771271e+00\n   4.06690338e+00 -2.71810732e+00]\n [-7.43391555e-02  3.68473904e+00  9.47981101e-01  8.80052146e-01\n  -1.25300428e-01 -6.41024316e-01]\n [-2.77382188e+00  9.47981101e-01  8.80944728e+00  9.32849519e-01\n  -7.88253259e+00  3.82873116e+00]\n [-1.30771271e+00  8.80052146e-01  9.32849519e-01  2.18132051e+00\n  -1.20449736e+00 -3.33501471e-04]\n [ 4.06690338e+00 -1.25300428e-01 -7.88253259e+00 -1.20449736e+00\n   1.32349546e+01 -7.31304609e+00]\n [-2.71810732e+00 -6.41024316e-01  3.82873116e+00 -3.33501471e-04\n  -7.31304609e+00  7.45628291e+00]]", "nfev": "133", "njev": "19", "status": "0", "success": "True", "message": "Optimization terminated successfully.", "x": "[1.78270035 2.41369177 4.68365671 1.07601932 4.23998959 5.7050491 ]", "nit": "17", "callback": [0.472257703928186, 0.4564713233246799, 0.4360178184039918, 0.4341480341727104, 0.43395639574386136, 0.4337077416921834, 0.4336696243246282, 0.4336592843662871, 0.43365357978666097, 0.43365295442471863, 0.4336524046270608, 0.4336515178819763, 0.43365028402451045, 0.43364964758516256, 0.4336494924968848, 0.4336494815830072, 0.4336494812162198]}, "2": {"maxiter": 100, "gtol": 1e-05, "xrtol": 1e-10, "eps": 1e-05, "duration": 0.029376983642578125, "fun": "0.4336494816738339", "jac": "[-5.19603249e-06  1.18094423e-06 -1.11455289e-06 -9.09072817e-06\n  2.74913425e-07 -9.61490887e-06]", "hess_inv": "[[ 3.94001893 -0.06318751 -2.59488845 -1.35355881  3.55477543 -2.04042373]\n [-0.06318751  3.69627367  0.93147466  0.87009608 -0.08978361 -0.65597414]\n [-2.59488845  0.93147466  8.73282077  1.10937419 -7.29173375  2.80239531]\n [-1.35355881  0.87009608  1.10937419  2.3744527  -1.22944785 -0.31710373]\n [ 3.55477543 -0.08978361 -7.29173375 -1.22944785 11.74833129 -5.4942167 ]\n [-2.04042373 -0.65597414  2.80239531 -0.31710373 -5.4942167   5.85909287]]", "nfev": "126", "njev": "18", "status": "0", "success": "True", "message": "Optimization terminated successfully.", "x": "[1.78272877 2.41368852 4.68358556 1.07599682 4.2400948  5.70496119]", "nit": "16", "callback": [0.47225774968074963, 0.45647140349407767, 0.43601784102123775, 0.43414803442550076, 0.43395636819308436, 0.43370768958114614, 0.43366960298653945, 0.4336592879719068, 0.43365356639382147, 0.4336529539881021, 0.4336523999085543, 0.43365151963775184, 0.433650291836042, 0.43364965224588004, 0.43364949291019916, 0.4336494816738339]}, "3": {"maxiter": 100, "gtol": 1e-05, "xrtol": 1e-10, "eps": 1e-10, "duration": 0.03290581703186035, "fun": "0.4336494812162198", "jac": "[-6.66133760e-06  2.22044587e-06 -1.11022293e-06 -4.44089173e-06\n -4.44089173e-06 -1.11022293e-06]", "hess_inv": "[[ 4.10607609e+00 -7.43391555e-02 -2.77382188e+00 -1.30771271e+00\n   4.06690338e+00 -2.71810732e+00]\n [-7.43391555e-02  3.68473904e+00  9.47981101e-01  8.80052146e-01\n  -1.25300428e-01 -6.41024316e-01]\n [-2.77382188e+00  9.47981101e-01  8.80944728e+00  9.32849519e-01\n  -7.88253259e+00  3.82873116e+00]\n [-1.30771271e+00  8.80052146e-01  9.32849519e-01  2.18132051e+00\n  -1.20449736e+00 -3.33501471e-04]\n [ 4.06690338e+00 -1.25300428e-01 -7.88253259e+00 -1.20449736e+00\n   1.32349546e+01 -7.31304609e+00]\n [-2.71810732e+00 -6.41024316e-01  3.82873116e+00 -3.33501471e-04\n  -7.31304609e+00  7.45628291e+00]]", "nfev": "133", "njev": "19", "status": "0", "success": "True", "message": "Optimization terminated successfully.", "x": "[1.78270035 2.41369177 4.68365671 1.07601932 4.23998959 5.7050491 ]", "nit": "17", "callback": [0.472257703928186, 0.4564713233246799, 0.4360178184039918, 0.4341480341727104, 0.43395639574386136, 0.4337077416921834, 0.4336696243246282, 0.4336592843662871, 0.43365357978666097, 0.43365295442471863, 0.4336524046270608, 0.4336515178819763, 0.43365028402451045, 0.43364964758516256, 0.4336494924968848, 0.4336494815830072, 0.4336494812162198]}, "4": {"maxiter": 100, "gtol": 1e-10, "xrtol": 1e-05, "eps": 1e-05, "duration": 0.03324007987976074, "fun": "0.43364948113637913", "jac": "[-2.56441535e-06  8.05577827e-07 -4.75985917e-07 -3.84633436e-06\n -1.09457998e-06 -8.62798721e-07]", "hess_inv": "[[ 3.73576069 -0.0625735  -2.45558075 -1.50721675  3.28812103 -1.93114808]\n [-0.0625735   3.69829852  0.90261095  0.84258041 -0.030912   -0.73735035]\n [-2.45558075  0.90261095  9.00941903  1.5803152  -7.80784597  3.64296814]\n [-1.50721675  0.84258041  1.5803152   2.61960303 -2.11926786  0.67032794]\n [ 3.28812103 -0.030912   -7.80784597 -2.11926786 12.5680681  -6.73124898]\n [-1.93114808 -0.73735035  3.64296814  0.67032794 -6.73124898  7.25068613]]", "nfev": "140", "njev": "20", "status": "0", "success": "True", "message": "Optimization terminated successfully.", "x": "[1.78271234 2.41368541 4.68363331 1.0760206  4.24001578 5.70503374]", "nit": "18", "callback": [0.47225774968074963, 0.45647140349407767, 0.43601784102123775, 0.43414803442550076, 0.43395636819308436, 0.43370768958114614, 0.43366960298653945, 0.4336592879719068, 0.43365356639382147, 0.4336529539881021, 0.4336523999085543, 0.43365151963775184, 0.433650291836042, 0.43364965224588004, 0.43364949291019916, 0.4336494816738339, 0.433649481247681, 0.43364948113637913]}, "5": {"maxiter": 100, "gtol": 1e-10, "xrtol": 1e-05, "eps": 1e-10, "duration": 0.03302812576293945, "fun": "0.4336494811136321", "jac": "[-2.22044587e-06  1.11022293e-06 -1.11022293e-06 -7.77156053e-06\n -2.22044587e-06 -4.44089173e-06]", "hess_inv": "[[ 2.99329025  0.05434111 -1.40327691 -0.99640137  1.79241834 -1.32296082]\n [ 0.05434111  3.68056967  0.74962764  0.80350453  0.18585785 -0.85721503]\n [-1.40327691  0.74962764  7.26982138  0.70034934 -5.2603832   2.3146072 ]\n [-0.99640137  0.80350453  0.70034934  2.24773087 -0.75043885 -0.18295988]\n [ 1.79241834  0.18585785 -5.2603832  -0.75043885  8.80238467 -4.70799705]\n [-1.32296082 -0.85721503  2.3146072  -0.18295988 -4.70799705  5.98810218]]", "nfev": "140", "njev": "20", "status": "0", "success": "True", "message": "Optimization terminated successfully.", "x": "[1.78272068 2.41368824 4.68363609 1.07601813 4.24002581 5.70502969]", "nit": "18", "callback": [0.472257703928186, 0.4564713233246799, 0.4360178184039918, 0.4341480341727104, 0.43395639574386136, 0.4337077416921834, 0.4336696243246282, 0.4336592843662871, 0.43365357978666097, 0.43365295442471863, 0.4336524046270608, 0.4336515178819763, 0.43365028402451045, 0.43364964758516256, 0.4336494924968848, 0.4336494815830072, 0.4336494812162198, 0.4336494811136321]}, "6": {"maxiter": 100, "gtol": 1e-10, "xrtol": 1e-10, "eps": 1e-05, "duration": 0.0877540111541748, "fun": "0.4336494810510757", "jac": "[ 6.39488462e-09 -3.17523785e-09  2.76445533e-09  1.27453603e-08\n -1.01030295e-09  6.79456491e-09]", "hess_inv": "[[ 4.87597376 -0.08979645 -3.0703203  -0.48131033  4.50962347 -2.24478056]\n [-0.08979645  3.69912795  0.91372682  0.81467027 -0.05811588 -0.7277829 ]\n [-3.0703203   0.91372682  9.39756787  1.08213452 -8.5122351   3.81186311]\n [-0.48131033  0.81467027  1.08213452  3.59584033 -1.06391758  0.38640147]\n [ 4.50962347 -0.05811588 -8.5122351  -1.06391758 13.89455926 -7.02400107]\n [-2.24478056 -0.7277829   3.81186311  0.38640147 -7.02400107  7.23988089]]", "nfev": "383", "njev": "53", "status": "2", "success": "False", "message": "Desired error not necessarily achieved due to precision loss.", "x": "[1.78272522 2.41368503 4.68362736 1.07603315 4.24002857 5.70503066]", "nit": "21", "callback": [0.47225774968074963, 0.45647140349407767, 0.43601784102123775, 0.43414803442550076, 0.43395636819308436, 0.43370768958114614, 0.43366960298653945, 0.4336592879719068, 0.43365356639382147, 0.4336529539881021, 0.4336523999085543, 0.43365151963775184, 0.433650291836042, 0.43364965224588004, 0.43364949291019916, 0.4336494816738339, 0.433649481247681, 0.43364948113637913, 0.4336494810603566, 0.43364948105126033, 0.4336494810510757]}, "7": {"maxiter": 100, "gtol": 1e-10, "xrtol": 1e-10, "eps": 1e-10, "duration": 0.05585789680480957, "fun": "0.4336494810354564", "jac": "[ 1.11022293e-06 -1.11022293e-06  0.00000000e+00  1.11022293e-06\n  1.11022293e-06 -2.22044587e-06]", "hess_inv": "[[ 2.59189523  0.21961806  0.35020514  0.37091679 -2.54093826 -0.13101491]\n [ 0.21961806  1.00666478  0.09104254 -0.42157627 -0.441554    0.03893322]\n [ 0.35020514  0.09104254  0.544037   -0.24302868 -0.83947034  0.06884758]\n [ 0.37091679 -0.42157627 -0.24302868  1.24388595 -0.4984905  -0.42616447]\n [-2.54093826 -0.441554   -0.83947034 -0.4984905   3.55358109  0.121198  ]\n [-0.13101491  0.03893322  0.06884758 -0.42616447  0.121198    0.33371135]]", "nfev": "245", "njev": "35", "status": "0", "success": "True", "message": "Optimization terminated successfully.", "x": "[1.78273418 2.41369111 4.68362951 1.07604219 4.2400377  5.70502849]", "nit": "26", "callback": [0.472257703928186, 0.4564713233246799, 0.4360178184039918, 0.4341480341727104, 0.43395639574386136, 0.4337077416921834, 0.4336696243246282, 0.4336592843662871, 0.43365357978666097, 0.43365295442471863, 0.4336524046270608, 0.4336515178819763, 0.43365028402451045, 0.43364964758516256, 0.4336494924968848, 0.4336494815830072, 0.4336494812162198, 0.4336494811136321, 0.4336494810551528, 0.43364948104660206, 0.4336494810424133, 0.43364948103907786, 0.43364948103718026, 0.4336494810354772, 0.4336494810354564, 0.4336494810354564]}, "8": {"maxiter": 500, "gtol": 1e-05, "xrtol": 1e-05, "eps": 1e-05, "duration": 0.02875494956970215, "fun": "0.4336494816738339", "jac": "[-5.19603249e-06  1.18094423e-06 -1.11455289e-06 -9.09072817e-06\n  2.74913425e-07 -9.61490887e-06]", "hess_inv": "[[ 3.94001893 -0.06318751 -2.59488845 -1.35355881  3.55477543 -2.04042373]\n [-0.06318751  3.69627367  0.93147466  0.87009608 -0.08978361 -0.65597414]\n [-2.59488845  0.93147466  8.73282077  1.10937419 -7.29173375  2.80239531]\n [-1.35355881  0.87009608  1.10937419  2.3744527  -1.22944785 -0.31710373]\n [ 3.55477543 -0.08978361 -7.29173375 -1.22944785 11.74833129 -5.4942167 ]\n [-2.04042373 -0.65597414  2.80239531 -0.31710373 -5.4942167   5.85909287]]", "nfev": "126", "njev": "18", "status": "0", "success": "True", "message": "Optimization terminated successfully.", "x": "[1.78272877 2.41368852 4.68358556 1.07599682 4.2400948  5.70496119]", "nit": "16", "callback": [0.47225774968074963, 0.45647140349407767, 0.43601784102123775, 0.43414803442550076, 0.43395636819308436, 0.43370768958114614, 0.43366960298653945, 0.4336592879719068, 0.43365356639382147, 0.4336529539881021, 0.4336523999085543, 0.43365151963775184, 0.433650291836042, 0.43364965224588004, 0.43364949291019916, 0.4336494816738339]}, "9": {"maxiter": 500, "gtol": 1e-05, "xrtol": 1e-05, "eps": 1e-10, "duration": 0.0326991081237793, "fun": "0.4336494812162198", "jac": "[-6.66133760e-06  2.22044587e-06 -1.11022293e-06 -4.44089173e-06\n -4.44089173e-06 -1.11022293e-06]", "hess_inv": "[[ 4.10607609e+00 -7.43391555e-02 -2.77382188e+00 -1.30771271e+00\n   4.06690338e+00 -2.71810732e+00]\n [-7.43391555e-02  3.68473904e+00  9.47981101e-01  8.80052146e-01\n  -1.25300428e-01 -6.41024316e-01]\n [-2.77382188e+00  9.47981101e-01  8.80944728e+00  9.32849519e-01\n  -7.88253259e+00  3.82873116e+00]\n [-1.30771271e+00  8.80052146e-01  9.32849519e-01  2.18132051e+00\n  -1.20449736e+00 -3.33501471e-04]\n [ 4.06690338e+00 -1.25300428e-01 -7.88253259e+00 -1.20449736e+00\n   1.32349546e+01 -7.31304609e+00]\n [-2.71810732e+00 -6.41024316e-01  3.82873116e+00 -3.33501471e-04\n  -7.31304609e+00  7.45628291e+00]]", "nfev": "133", "njev": "19", "status": "0", "success": "True", "message": "Optimization terminated successfully.", "x": "[1.78270035 2.41369177 4.68365671 1.07601932 4.23998959 5.7050491 ]", "nit": "17", "callback": [0.472257703928186, 0.4564713233246799, 0.4360178184039918, 0.4341480341727104, 0.43395639574386136, 0.4337077416921834, 0.4336696243246282, 0.4336592843662871, 0.43365357978666097, 0.43365295442471863, 0.4336524046270608, 0.4336515178819763, 0.43365028402451045, 0.43364964758516256, 0.4336494924968848, 0.4336494815830072, 0.4336494812162198]}, "10": {"maxiter": 500, "gtol": 1e-05, "xrtol": 1e-10, "eps": 1e-05, "duration": 0.030203819274902344, "fun": "0.4336494816738339", "jac": "[-5.19603249e-06  1.18094423e-06 -1.11455289e-06 -9.09072817e-06\n  2.74913425e-07 -9.61490887e-06]", "hess_inv": "[[ 3.94001893 -0.06318751 -2.59488845 -1.35355881  3.55477543 -2.04042373]\n [-0.06318751  3.69627367  0.93147466  0.87009608 -0.08978361 -0.65597414]\n [-2.59488845  0.93147466  8.73282077  1.10937419 -7.29173375  2.80239531]\n [-1.35355881  0.87009608  1.10937419  2.3744527  -1.22944785 -0.31710373]\n [ 3.55477543 -0.08978361 -7.29173375 -1.22944785 11.74833129 -5.4942167 ]\n [-2.04042373 -0.65597414  2.80239531 -0.31710373 -5.4942167   5.85909287]]", "nfev": "126", "njev": "18", "status": "0", "success": "True", "message": "Optimization terminated successfully.", "x": "[1.78272877 2.41368852 4.68358556 1.07599682 4.2400948  5.70496119]", "nit": "16", "callback": [0.47225774968074963, 0.45647140349407767, 0.43601784102123775, 0.43414803442550076, 0.43395636819308436, 0.43370768958114614, 0.43366960298653945, 0.4336592879719068, 0.43365356639382147, 0.4336529539881021, 0.4336523999085543, 0.43365151963775184, 0.433650291836042, 0.43364965224588004, 0.43364949291019916, 0.4336494816738339]}, "11": {"maxiter": 500, "gtol": 1e-05, "xrtol": 1e-10, "eps": 1e-10, "duration": 0.030631065368652344, "fun": "0.4336494812162198", "jac": "[-6.66133760e-06  2.22044587e-06 -1.11022293e-06 -4.44089173e-06\n -4.44089173e-06 -1.11022293e-06]", "hess_inv": "[[ 4.10607609e+00 -7.43391555e-02 -2.77382188e+00 -1.30771271e+00\n   4.06690338e+00 -2.71810732e+00]\n [-7.43391555e-02  3.68473904e+00  9.47981101e-01  8.80052146e-01\n  -1.25300428e-01 -6.41024316e-01]\n [-2.77382188e+00  9.47981101e-01  8.80944728e+00  9.32849519e-01\n  -7.88253259e+00  3.82873116e+00]\n [-1.30771271e+00  8.80052146e-01  9.32849519e-01  2.18132051e+00\n  -1.20449736e+00 -3.33501471e-04]\n [ 4.06690338e+00 -1.25300428e-01 -7.88253259e+00 -1.20449736e+00\n   1.32349546e+01 -7.31304609e+00]\n [-2.71810732e+00 -6.41024316e-01  3.82873116e+00 -3.33501471e-04\n  -7.31304609e+00  7.45628291e+00]]", "nfev": "133", "njev": "19", "status": "0", "success": "True", "message": "Optimization terminated successfully.", "x": "[1.78270035 2.41369177 4.68365671 1.07601932 4.23998959 5.7050491 ]", "nit": "17", "callback": [0.472257703928186, 0.4564713233246799, 0.4360178184039918, 0.4341480341727104, 0.43395639574386136, 0.4337077416921834, 0.4336696243246282, 0.4336592843662871, 0.43365357978666097, 0.43365295442471863, 0.4336524046270608, 0.4336515178819763, 0.43365028402451045, 0.43364964758516256, 0.4336494924968848, 0.4336494815830072, 0.4336494812162198]}, "12": {"maxiter": 500, "gtol": 1e-10, "xrtol": 1e-05, "eps": 1e-05, "duration": 0.032607078552246094, "fun": "0.43364948113637913", "jac": "[-2.56441535e-06  8.05577827e-07 -4.75985917e-07 -3.84633436e-06\n -1.09457998e-06 -8.62798721e-07]", "hess_inv": "[[ 3.73576069 -0.0625735  -2.45558075 -1.50721675  3.28812103 -1.93114808]\n [-0.0625735   3.69829852  0.90261095  0.84258041 -0.030912   -0.73735035]\n [-2.45558075  0.90261095  9.00941903  1.5803152  -7.80784597  3.64296814]\n [-1.50721675  0.84258041  1.5803152   2.61960303 -2.11926786  0.67032794]\n [ 3.28812103 -0.030912   -7.80784597 -2.11926786 12.5680681  -6.73124898]\n [-1.93114808 -0.73735035  3.64296814  0.67032794 -6.73124898  7.25068613]]", "nfev": "140", "njev": "20", "status": "0", "success": "True", "message": "Optimization terminated successfully.", "x": "[1.78271234 2.41368541 4.68363331 1.0760206  4.24001578 5.70503374]", "nit": "18", "callback": [0.47225774968074963, 0.45647140349407767, 0.43601784102123775, 0.43414803442550076, 0.43395636819308436, 0.43370768958114614, 0.43366960298653945, 0.4336592879719068, 0.43365356639382147, 0.4336529539881021, 0.4336523999085543, 0.43365151963775184, 0.433650291836042, 0.43364965224588004, 0.43364949291019916, 0.4336494816738339, 0.433649481247681, 0.43364948113637913]}, "13": {"maxiter": 500, "gtol": 1e-10, "xrtol": 1e-05, "eps": 1e-10, "duration": 0.0322420597076416, "fun": "0.4336494811136321", "jac": "[-2.22044587e-06  1.11022293e-06 -1.11022293e-06 -7.77156053e-06\n -2.22044587e-06 -4.44089173e-06]", "hess_inv": "[[ 2.99329025  0.05434111 -1.40327691 -0.99640137  1.79241834 -1.32296082]\n [ 0.05434111  3.68056967  0.74962764  0.80350453  0.18585785 -0.85721503]\n [-1.40327691  0.74962764  7.26982138  0.70034934 -5.2603832   2.3146072 ]\n [-0.99640137  0.80350453  0.70034934  2.24773087 -0.75043885 -0.18295988]\n [ 1.79241834  0.18585785 -5.2603832  -0.75043885  8.80238467 -4.70799705]\n [-1.32296082 -0.85721503  2.3146072  -0.18295988 -4.70799705  5.98810218]]", "nfev": "140", "njev": "20", "status": "0", "success": "True", "message": "Optimization terminated successfully.", "x": "[1.78272068 2.41368824 4.68363609 1.07601813 4.24002581 5.70502969]", "nit": "18", "callback": [0.472257703928186, 0.4564713233246799, 0.4360178184039918, 0.4341480341727104, 0.43395639574386136, 0.4337077416921834, 0.4336696243246282, 0.4336592843662871, 0.43365357978666097, 0.43365295442471863, 0.4336524046270608, 0.4336515178819763, 0.43365028402451045, 0.43364964758516256, 0.4336494924968848, 0.4336494815830072, 0.4336494812162198, 0.4336494811136321]}, "14": {"maxiter": 500, "gtol": 1e-10, "xrtol": 1e-10, "eps": 1e-05, "duration": 0.08661389350891113, "fun": "0.4336494810510757", "jac": "[ 6.39488462e-09 -3.17523785e-09  2.76445533e-09  1.27453603e-08\n -1.01030295e-09  6.79456491e-09]", "hess_inv": "[[ 4.87597376 -0.08979645 -3.0703203  -0.48131033  4.50962347 -2.24478056]\n [-0.08979645  3.69912795  0.91372682  0.81467027 -0.05811588 -0.7277829 ]\n [-3.0703203   0.91372682  9.39756787  1.08213452 -8.5122351   3.81186311]\n [-0.48131033  0.81467027  1.08213452  3.59584033 -1.06391758  0.38640147]\n [ 4.50962347 -0.05811588 -8.5122351  -1.06391758 13.89455926 -7.02400107]\n [-2.24478056 -0.7277829   3.81186311  0.38640147 -7.02400107  7.23988089]]", "nfev": "383", "njev": "53", "status": "2", "success": "False", "message": "Desired error not necessarily achieved due to precision loss.", "x": "[1.78272522 2.41368503 4.68362736 1.07603315 4.24002857 5.70503066]", "