{"date": "2024/09/25/, 11:15:57", "conf_id": 214, "data_type": "non_lin_ind\n", "num_data_points": 3, "s_rank": 0, "unitary": "[[-0.24866696+0.58742286j,-0.44704345-0.43151574j,-0.35669027-0.20570733j,-0.10517633+0.1626036j],[0.10596805-0.19687975j,-0.30269685-0.15056416j,0.18246286+0.30440582j,-0.83484447-0.11310748j],[0.26054512-0.52548482j,0.0285017-0.50723956j,-0.43110112+0.17165838j,0.15243271+0.39915801j],[0.42978035+0.11991271j,-0.17224126-0.46030424j,0.6827807-0.15164662j,0.26483638+0.0061855j]]", "databatch_0": {"databatch": "[[[-0.06461701-0.13583091j,-0.18212073-0.23178356j,0.02713883-0.00562715j,0.0859704+0.05664562j],[0.23924281-0.28135546j,0.12636836-0.32748664j,-0.194837-0.11271684j,-0.15066808+0.15667207j],[0.07846519-0.15165782j,-0.41888646-0.22473682j,-0.02735947-0.36597304j,-0.01135039-0.08425595j],[0.04730127-0.14463487j,-0.13163197+0.05131659j,-0.23884988-0.11544839j,-0.10181863+0.02614265j]],[[-0.03857232+0.05366744j,0.23386409+0.3298406j,-0.08549877+0.06388859j,-0.10150202-0.01451869j],[-0.0158488+0.30095439j,-0.15125134+0.22541759j,-0.09790161-0.0569202j,-0.03710785-0.19661851j],[-0.20575282-0.16225934j,0.10073043-0.00178071j,-0.10137324-0.08213581j,0.16043199-0.13328564j],[0.14361711+0.33589109j,0.20954918-0.29547538j,0.0415011+0.04004986j,-0.02631124-0.03448384j]],[[0.08399817-0.16503009j,-0.07342885+0.00165661j,-0.12205314+0.0305356j,0.08165224+0.11512451j],[0.28538607-0.14893445j,-0.13750838-0.06407456j,-0.29090405+0.05704792j,-0.02117381+0.17672085j],[0.00096609-0.25952892j,-0.10928926+0.05355619j,-0.24914559+0.26201421j,0.28126266+0.07528856j],[-0.01861612-0.21304589j,-0.10259994+0.05922182j,-0.17024285+0.25623232j,0.11611099-0.00260337j]]]", "initial param values": "[1.60211163,4.2934287,2.91387768,3.59956646,4.76403157,1.81141844]", "nelder_mead": {"type": "gradient-free", "0": {"maxiter": 100, "fatol": 1e-05, "xatol": 1e-05, "duration": 0.03909707069396973, "fun": "0.507912719340101", "nit": "100", "nfev": "159", "status": "2", "success": "False", "message": "Maximum number of iterations has been exceeded.", "x": "[4.0055901  4.3566564  1.87369009 4.15325319 7.452125   2.2821793 ]", "final_simplex": "(array([[4.0055901 , 4.3566564 , 1.87369009, 4.15325319, 7.452125  ,\n        2.2821793 ],\n       [3.7391136 , 4.37651579, 1.95691407, 4.16673944, 7.42499581,\n        2.08741176],\n       [3.87425677, 4.38342609, 1.87108254, 4.24050271, 7.5090158 ,\n        2.11126373],\n       [3.89995024, 4.35931103, 1.77083726, 4.1820085 , 7.65894322,\n        2.16346621],\n       [3.73633063, 4.56788905, 1.96973504, 3.99413766, 7.32218476,\n        1.94585774],\n       [3.61304041, 4.54593346, 2.09350832, 3.83215683, 7.39916668,\n        1.9316437 ],\n       [3.36772969, 4.66861154, 2.20518709, 3.80303298, 7.16906703,\n        1.82817474]]), array([0.50791272, 0.52117668, 0.52476937, 0.52939029, 0.53121162,\n       0.53644   , 0.54090952]))", "callback": [0.8987329605453384, 0.6995463663457275, 0.6443081798024248, 0.6263653134804061, 0.5758813457800851, 0.5543916509314104, 0.5543916509314104, 0.5543916509314104, 0.5526621446840858, 0.5409095211702852]}, "1": {"maxiter": 100, "fatol": 1e-05, "xatol": 1e-10, "duration": 0.03912711143493652, "fun": "0.507912719340101", "nit": "100", "nfev": "159", "status": "2", "success": "False", "message": "Maximum number of iterations has been exceeded.", "x": "[4.0055901  4.3566564  1.87369009 4.15325319 7.452125   2.2821793 ]", "final_simplex": "(array([[4.0055901 , 4.3566564 , 1.87369009, 4.15325319, 7.452125  ,\n        2.2821793 ],\n       [3.7391136 , 4.37651579, 1.95691407, 4.16673944, 7.42499581,\n        2.08741176],\n       [3.87425677, 4.38342609, 1.87108254, 4.24050271, 7.5090158 ,\n        2.11126373],\n       [3.89995024, 4.35931103, 1.77083726, 4.1820085 , 7.65894322,\n        2.16346621],\n       [3.73633063, 4.56788905, 1.96973504, 3.99413766, 7.32218476,\n        1.94585774],\n       [3.61304041, 4.54593346, 2.09350832, 3.83215683, 7.39916668,\n        1.9316437 ],\n       [3.36772969, 4.66861154, 2.20518709, 3.80303298, 7.16906703,\n        1.82817474]]), array([0.50791272, 0.52117668, 0.52476937, 0.52939029, 0.53121162,\n       0.53644   , 0.54090952]))", "callback": [0.8987329605453384, 0.6995463663457275, 0.6443081798024248, 0.6263653134804061, 0.5758813457800851, 0.5543916509314104, 0.5543916509314104, 0.5543916509314104, 0.5526621446840858, 0.5409095211702852]}, "2": {"maxiter": 100, "fatol": 1e-10, "xatol": 1e-05, "duration": 0.0383915901184082, "fun": "0.507912719340101", "nit": "100", "nfev": "159", "status": "2", "success": "False", "message": "Maximum number of iterations has been exceeded.", "x": "[4.0055901  4.3566564  1.87369009 4.15325319 7.452125   2.2821793 ]", "final_simplex": "(array([[4.0055901 , 4.3566564 , 1.87369009, 4.15325319, 7.452125  ,\n        2.2821793 ],\n       [3.7391136 , 4.37651579, 1.95691407, 4.16673944, 7.42499581,\n        2.08741176],\n       [3.87425677, 4.38342609, 1.87108254, 4.24050271, 7.5090158 ,\n        2.11126373],\n       [3.89995024, 4.35931103, 1.77083726, 4.1820085 , 7.65894322,\n        2.16346621],\n       [3.73633063, 4.56788905, 1.96973504, 3.99413766, 7.32218476,\n        1.94585774],\n       [3.61304041, 4.54593346, 2.09350832, 3.83215683, 7.39916668,\n        1.9316437 ],\n       [3.36772969, 4.66861154, 2.20518709, 3.80303298, 7.16906703,\n        1.82817474]]), array([0.50791272, 0.52117668, 0.52476937, 0.52939029, 0.53121162,\n       0.53644   , 0.54090952]))", "callback": [0.8987329605453384, 0.6995463663457275, 0.6443081798024248, 0.6263653134804061, 0.5758813457800851, 0.5543916509314104, 0.5543916509314104, 0.5543916509314104, 0.5526621446840858, 0.5409095211702852]}, "3": {"maxiter": 100, "fatol": 1e-10, "xatol": 1e-10, "duration": 0.038149118423461914, "fun": "0.507912719340101", "nit": "100", "nfev": "159", "status": "2", "success": "False", "message": "Maximum number of iterations has been exceeded.", "x": "[4.0055901  4.3566564  1.87369009 4.15325319 7.452125   2.2821793 ]", "final_simplex": "(array([[4.0055901 , 4.3566564 , 1.87369009, 4.15325319, 7.452125  ,\n        2.2821793 ],\n       [3.7391136 , 4.37651579, 1.95691407, 4.16673944, 7.42499581,\n        2.08741176],\n       [3.87425677, 4.38342609, 1.87108254, 4.24050271, 7.5090158 ,\n        2.11126373],\n       [3.89995024, 4.35931103, 1.77083726, 4.1820085 , 7.65894322,\n        2.16346621],\n       [3.73633063, 4.56788905, 1.96973504, 3.99413766, 7.32218476,\n        1.94585774],\n       [3.61304041, 4.54593346, 2.09350832, 3.83215683, 7.39916668,\n        1.9316437 ],\n       [3.36772969, 4.66861154, 2.20518709, 3.80303298, 7.16906703,\n        1.82817474]]), array([0.50791272, 0.52117668, 0.52476937, 0.52939029, 0.53121162,\n       0.53644   , 0.54090952]))", "callback": [0.8987329605453384, 0.6995463663457275, 0.6443081798024248, 0.6263653134804061, 0.5758813457800851, 0.5543916509314104, 0.5543916509314104, 0.5543916509314104, 0.5526621446840858, 0.5409095211702852]}, "4": {"maxiter": 500, "fatol": 1e-05, "xatol": 1e-05, "duration": 0.15276598930358887, "fun": "0.46307054874656794", "nit": "404", "nfev": "648", "status": "0", "success": "True", "message": "Optimization terminated successfully.", "x": "[4.06543042 3.52799083 1.29976326 4.07285702 7.14528509 2.20610559]", "final_simplex": "(array([[4.06543042, 3.52799083, 1.29976326, 4.07285702, 7.14528509,\n        2.20610559],\n       [4.06543782, 3.52799435, 1.29976143, 4.07285667, 7.14527689,\n        2.20609782],\n       [4.0654314 , 3.52799012, 1.29975844, 4.07285395, 7.14528002,\n        2.2061047 ],\n       [4.06543272, 3.5279995 , 1.29976108, 4.07285387, 7.14528017,\n        2.20609985],\n       [4.06543097, 3.52799284, 1.29976464, 4.07286025, 7.1452755 ,\n        2.20610085],\n       [4.06544003, 3.52799729, 1.29975541, 4.07285756, 7.14527979,\n        2.20609635],\n       [4.06543678, 3.52799596, 1.29976559, 4.07285784, 7.14528847,\n        2.20611205]]), array([0.46307055, 0.46307055, 0.46307055, 0.46307055, 0.46307055,\n       0.46307055, 0.46307055]))", "callback": [0.8987329605453384, 0.6995463663457275, 0.6443081798024248, 0.6263653134804061, 0.5758813457800851, 0.5543916509314104, 0.5543916509314104, 0.5543916509314104, 0.5526621446840858, 0.5409095211702852, 0.507912719340101, 0.5040962790868231, 0.4997264822503027, 0.4970272840635883, 0.4925509112777402, 0.4909577209032451, 0.48643277558097775, 0.48136356631871413, 0.4765372916030538, 0.473784817751401, 0.47200101008316875, 0.4678864563876878, 0.46543081655045615, 0.46397707267341515, 0.46350984942630624, 0.46324235013196924, 0.4631167352152, 0.46308382033580753, 0.46307298875326663, 0.4630708714079089, 0.4630706578511409, 0.4630705901584454, 0.46307055770266514, 0.4630705546421038, 0.4630705533383407, 0.46307055188489665, 0.4630705497854656, 0.4630705489786001, 0.4630705488285418, 0.46307054875240594, 0.4630705487484482]}, "5": {"maxiter": 500, "fatol": 1e-05, "xatol": 1e-10, "duration": 0.19310498237609863, "fun": "0.46307054874244524", "nit": "500", "nfev": "830", "status": "2", "success": "False", "message": "Maximum number of iterations has been exceeded.", "x": "[4.06543306 3.52799047 1.2997584  4.07286048 7.14528147 2.20610189]", "final_simplex": "(array([[4.06543306, 3.52799047, 1.2997584 , 4.07286048, 7.14528147,\n        2.20610189],\n       [4.06543306, 3.52799047, 1.29975841, 4.07286048, 7.14528147,\n        2.20610189],\n       [4.06543306, 3.52799047, 1.29975841, 4.07286048, 7.14528146,\n        2.20610189],\n       [4.06543306, 3.52799047, 1.29975841, 4.07286049, 7.14528146,\n        2.20610189],\n       [4.06543306, 3.52799047, 1.2997584 , 4.07286048, 7.14528147,\n        2.20610189],\n       [4.06543306, 3.52799047, 1.2997584 , 4.07286048, 7.14528146,\n        2.20610189],\n       [4.06543306, 3.52799048, 1.29975841, 4.07286048, 7.14528147,\n        2.20610189]]), array([0.46307055, 0.46307055, 0.46307055, 0.46307055, 0.46307055,\n       0.46307055, 0.46307055]))", "callback": [0.8987329605453384, 0.6995463663457275, 0.6443081798024248, 0.6263653134804061, 0.5758813457800851, 0.5543916509314104, 0.5543916509314104, 0.5543916509314104, 0.5526621446840858, 0.5409095211702852, 0.507912719340101, 0.5040962790868231, 0.4997264822503027, 0.4970272840635883, 0.4925509112777402, 0.4909577209032451, 0.48643277558097775, 0.48136356631871413, 0.4765372916030538, 0.473784817751401, 0.47200101008316875, 0.4678864563876878, 0.46543081655045615, 0.46397707267341515, 0.46350984942630624, 0.46324235013196924, 0.4631167352152, 0.46308382033580753, 0.46307298875326663, 0.4630708714079089, 0.4630706578511409, 0.4630705901584454, 0.46307055770266514, 0.4630705546421038, 0.4630705533383407, 0.46307055188489665, 0.4630705497854656, 0.4630705489786001, 0.4630705488285418, 0.46307054875240594, 0.4630705487484482, 0.46307054874485853, 0.46307054874294307, 0.4630705487425756, 0.46307054874248277, 0.4630705487424558, 0.4630705487424488, 0.4630705487424466, 0.4630705487424456, 0.46307054874244535]}, "6": {"maxiter": 500, "fatol": 1e-10, "xatol": 1e-05, "duration": 0.16233587265014648, "fun": "0.46307054874656794", "nit": "404", "nfev": "648", "status": "0", "success": "True", "message": "Optimization terminated successfully.", "x": "[4.06543042 3.52799083 1.29976326 4.07285702 7.14528509 2.20610559]", "final_simplex": "(array([[4.06543042, 3.52799083, 1.29976326, 4.07285702, 7.14528509,\n        2.20610559],\n       [4.06543782, 3.52799435, 1.29976143, 4.07285667, 7.14527689,\n        2.20609782],\n       [4.0654314 , 3.52799012, 1.29975844, 4.07285395, 7.14528002,\n        2.2061047 ],\n       [4.06543272, 3.5279995 , 1.29976108, 4.07285387, 7.14528017,\n        2.20609985],\n       [4.06543097, 3.52799284, 1.29976464, 4.07286025, 7.1452755 ,\n        2.20610085],\n       [4.06544003, 3.52799729, 1.29975541, 4.07285756, 7.14527979,\n        2.20609635],\n       [4.06543678, 3.52799596, 1.29976559, 4.07285784, 7.14528847,\n        2.20611205]]), array([0.46307055, 0.46307055, 0.46307055, 0.46307055, 0.46307055,\n       0.46307055, 0.46307055]))", "callback": [0.8987329605453384, 0.6995463663457275, 0.6443081798024248, 0.6263653134804061, 0.5758813457800851, 0.5543916509314104, 0.5543916509314104, 0.5543916509314104, 0.5526621446840858, 0.5409095211702852, 0.507912719340101, 0.5040962790868231, 0.4997264822503027, 0.4970272840635883, 0.4925509112777402, 0.4909577209032451, 0.48643277558097775, 0.48136356631871413, 0.4765372916030538, 0.473784817751401, 0.47200101008316875, 0.4678864563876878, 0.46543081655045615, 0.46397707267341515, 0.46350984942630624, 0.46324235013196924, 0.4631167352152, 0.46308382033580753, 0.46307298875326663, 0.4630708714079089, 0.4630706578511409, 0.4630705901584454, 0.46307055770266514, 0.4630705546421038, 0.4630705533383407, 0.46307055188489665, 0.4630705497854656, 0.4630705489786001, 0.4630705488285418, 0.46307054875240594, 0.4630705487484482]}, "7": {"maxiter": 500, "fatol": 1e-10, "xatol": 1e-10, "duration": 0.19826292991638184, "fun": "0.46307054874244524", "nit": "500", "nfev": "830", "status": "2", "success": "False", "message": "Maximum number of iterations has been exceeded.", "x": "[4.06543306 3.52799047 1.2997584  4.07286048 7.14528147 2.20610189]", "final_simplex": "(array([[4.06543306, 3.52799047, 1.2997584 , 4.07286048, 7.14528147,\n        2.20610189],\n       [4.06543306, 3.52799047, 1.29975841, 4.07286048, 7.14528147,\n        2.20610189],\n       [4.06543306, 3.52799047, 1.29975841, 4.07286048, 7.14528146,\n        2.20610189],\n       [4.06543306, 3.52799047, 1.29975841, 4.07286049, 7.14528146,\n        2.20610189],\n       [4.06543306, 3.52799047, 1.2997584 , 4.07286048, 7.14528147,\n        2.20610189],\n       [4.06543306, 3.52799047, 1.2997584 , 4.07286048, 7.14528146,\n        2.20610189],\n       [4.06543306, 3.52799048, 1.29975841, 4.07286048, 7.14528147,\n        2.20610189]]), array([0.46307055, 0.46307055, 0.46307055, 0.46307055, 0.46307055,\n       0.46307055, 0.46307055]))", "callback": [0.8987329605453384, 0.6995463663457275, 0.6443081798024248, 0.6263653134804061, 0.5758813457800851, 0.5543916509314104, 0.5543916509314104, 0.5543916509314104, 0.5526621446840858, 0.5409095211702852, 0.507912719340101, 0.5040962790868231, 0.4997264822503027, 0.4970272840635883, 0.4925509112777402, 0.4909577209032451, 0.48643277558097775, 0.48136356631871413, 0.4765372916030538, 0.473784817751401, 0.47200101008316875, 0.4678864563876878, 0.46543081655045615, 0.46397707267341515, 0.46350984942630624, 0.46324235013196924, 0.4631167352152, 0.46308382033580753, 0.46307298875326663, 0.4630708714079089, 0.4630706578511409, 0.4630705901584454, 0.46307055770266514, 0.4630705546421038, 0.4630705533383407, 0.46307055188489665, 0.4630705497854656, 0.4630705489786001, 0.4630705488285418, 0.46307054875240594, 0.4630705487484482, 0.46307054874485853, 0.46307054874294307, 0.4630705487425756, 0.46307054874248277, 0.4630705487424558, 0.4630705487424488, 0.4630705487424466, 0.4630705487424456, 0.46307054874244535]}, "8": {"maxiter": 1000, "fatol": 1e-05, "xatol": 1e-05, "duration": 0.15625, "fun": "0.46307054874656794", "nit": "404", "nfev": "648", "status": "0", "success": "True", "message": "Optimization terminated successfully.", "x": "[4.06543042 3.52799083 1.29976326 4.07285702 7.14528509 2.20610559]", "final_simplex": "(array([[4.06543042, 3.52799083, 1.29976326, 4.07285702, 7.14528509,\n        2.20610559],\n       [4.06543782, 3.52799435, 1.29976143, 4.07285667, 7.14527689,\n        2.20609782],\n       [4.0654314 , 3.52799012, 1.29975844, 4.07285395, 7.14528002,\n        2.2061047 ],\n       [4.06543272, 3.5279995 , 1.29976108, 4.07285387, 7.14528017,\n        2.20609985],\n       [4.06543097, 3.52799284, 1.29976464, 4.07286025, 7.1452755 ,\n        2.20610085],\n       [4.06544003, 3.52799729, 1.29975541, 4.07285756, 7.14527979,\n        2.20609635],\n       [4.06543678, 3.52799596, 1.29976559, 4.07285784, 7.14528847,\n        2.20611205]]), array([0.46307055, 0.46307055, 0.46307055, 0.46307055, 0.46307055,\n       0.46307055, 0.46307055]))", "callback": [0.8987329605453384, 0.6995463663457275, 0.6443081798024248, 0.6263653134804061, 0.5758813457800851, 0.5543916509314104, 0.5543916509314104, 0.5543916509314104, 0.5526621446840858, 0.5409095211702852, 0.507912719340101, 0.5040962790868231, 0.4997264822503027, 0.4970272840635883, 0.4925509112777402, 0.4909577209032451, 0.48643277558097775, 0.48136356631871413, 0.4765372916030538, 0.473784817751401, 0.47200101008316875, 0.4678864563876878, 0.46543081655045615, 0.46397707267341515, 0.46350984942630624, 0.46324235013196924, 0.4631167352152, 0.46308382033580753, 0.46307298875326663, 0.4630708714079089, 0.4630706578511409, 0.4630705901584454, 0.46307055770266514, 0.4630705546421038, 0.4630705533383407, 0.46307055188489665, 0.4630705497854656, 0.4630705489786001, 0.4630705488285418, 0.46307054875240594, 0.4630705487484482]}, "9": {"maxiter": 1000, "fatol": 1e-05, "xatol": 1e-10, "duration": 0.20913195610046387, "fun": "0.46307054874244524", "nit": "509", "nfev": "883", "status": "0", "success": "True", "message": "Optimization terminated successfully.", "x": "[4.06543306 3.52799047 1.2997584  4.07286048 7.14528147 2.20610189]", "final_simplex": "(array([[4.06543306, 3.52799047, 1.2997584 , 4.07286048, 7.14528147,\n        2.20610189],\n       [4.06543306, 3.52799047, 1.2997584 , 4.07286048, 7.14528147,\n        2.20610189],\n       [4.06543306, 3.52799047, 1.2997584 , 4.07286048, 7.14528147,\n        2.20610189],\n       [4.06543306, 3.52799047, 1.2997584 , 4.07286048, 7.14528147,\n        2.20610189],\n       [4.06543306, 3.52799047, 1.2997584 , 4.07286048, 7.14528147,\n        2.20610189],\n       [4.06543306, 3.52799047, 1.2997584 , 4.07286048, 7.14528147,\n        2.20610189],\n       [4.06543306, 3.52799047, 1.2997584 , 4.07286048, 7.14528147,\n        2.20610189]]), array([0.46307055, 0.46307055, 0.46307055, 0.46307055, 0.46307055,\n       0.46307055, 0.46307055]))", "callback": [0.8987329605453384, 0.6995463663457275, 0.6443081798024248, 0.6263653134804061, 0.5758813457800851, 0.5543916509314104, 0.5543916509314104, 0.5543916509314104, 0.5526621446840858, 0.5409095211702852, 0.507912719340101, 0.5040962790868231, 0.4997264822503027, 0.4970272840635883, 0.4925509112777402, 0.4909577209032451, 0.48643277558097775, 0.48136356631871413, 0.4765372916030538, 0.473784817751401, 0.47200101008316875, 0.4678864563876878, 0.46543081655045615, 0.46397707267341515, 0.46350984942630624, 0.46324235013196924, 0.4631167352152, 0.46308382033580753, 0.46307298875326663, 0.4630708714079089, 0.4630706578511409, 0.4630705901584454, 0.46307055770266514, 0.4630705546421038, 0.4630705533383407, 0.46307055188489665, 0.4630705497854656, 0.4630705489786001, 0.4630705488285418, 0.46307054875240594, 0.4630705487484482, 0.46307054874485853, 0.46307054874294307, 0.4630705487425756, 0.46307054874248277, 0.4630705487424558, 0.4630705487424488, 0.4630705487424466, 0.4630705487424456, 0.46307054874244535, 0.46307054874244524]}, "10": {"maxiter": 1000, "fatol": 1e-10, "xatol": 1e-05, "duration": 0.1515789031982422, "fun": "0.46307054874656794", "nit": "404", "nfev": "648", "status": "0", "success": "True", "message": "Optimization terminated successfully.", "x": "[4.06543042 3.52799083 1.29976326 4.07285702 7.14528509 2.20610559]", "final_simplex": "(array([[4.06543042, 3.52799083, 1.29976326, 4.07285702, 7.14528509,\n        2.20610559],\n       [4.06543782, 3.52799435, 1.29976143, 4.07285667, 7.14527689,\n        2.20609782],\n       [4.0654314 , 3.52799012, 1.29975844, 4.07285395, 7.14528002,\n        2.2061047 ],\n       [4.06543272, 3.5279995 , 1.29976108, 4.07285387, 7.14528017,\n        2.20609985],\n       [4.06543097, 3.52799284, 1.29976464, 4.07286025, 7.1452755 ,\n        2.20610085],\n       [4.06544003, 3.52799729, 1.29975541, 4.07285756, 7.14527979,\n        2.20609635],\n       [4.06543678, 3.52799596, 1.29976559, 4.07285784, 7.14528847,\n        2.20611205]]), array([0.46307055, 0.46307055, 0.46307055, 0.46307055, 0.46307055,\n       0.46307055, 0.46307055]))", "callback": [0.8987329605453384, 0.6995463663457275, 0.6443081798024248, 0.6263653134804061, 0.5758813457800851, 0.5543916509314104, 0.5543916509314104, 0.5543916509314104, 0.5526621446840858, 0.5409095211702852, 0.507912719340101, 0.5040962790868231, 0.4997264822503027, 0.4970272840635883, 0.4925509112777402, 0.4909577209032451, 0.48643277558097775, 0.48136356631871413, 0.4765372916030538, 0.473784817751401, 0.47200101008316875, 0.4678864563876878, 0.46543081655045615, 0.46397707267341515, 0.46350984942630624, 0.46324235013196924, 0.4631167352152, 0.46308382033580753, 0.46307298875326663, 0.4630708714079089, 0.4630706578511409, 0.4630705901584454, 0.46307055770266514, 0.4630705546421038, 0.4630705533383407, 0.46307055188489665, 0.4630705497854656, 0.4630705489786001, 0.4630705488285418, 0.46307054875240594, 0.4630705487484482]}, "11": {"maxiter": 1000, "fatol": 1e-10, "xatol": 1e-10, "duration": 0.2045750617980957, "fun": "0.46307054874244524", "nit": "509", "nfev": "883", "status": "0", "success": "True", "message": "Optimization terminated successfully.", "x": "[4.06543306 3.52799047 1.2997584  4.07286048 7.14528147 2.20610189]", "final_simplex": "(array([[4.06543306, 3.52799047, 1.2997584 , 4.07286048, 7.14528147,\n        2.20610189],\n       [4.06543306, 3.52799047, 1.2997584 , 4.07286048, 7.14528147,\n        2.20610189],\n       [4.06543306, 3.52799047, 1.2997584 , 4.07286048, 7.14528147,\n        2.20610189],\n       [4.06543306, 3.52799047, 1.2997584 , 4.07286048, 7.14528147,\n        2.20610189],\n       [4.06543306, 3.52799047, 1.2997584 , 4.07286048, 7.14528147,\n        2.20610189],\n       [4.06543306, 3.52799047, 1.2997584 , 4.07286048, 7.14528147,\n        2.20610189],\n       [4.06543306, 3.52799047, 1.2997584 , 4.07286048, 7.14528147,\n        2.20610189]]), array([0.46307055, 0.46307055, 0.46307055, 0.46307055, 0.46307055,\n       0.46307055, 0.46307055]))", "callback": [0.8987329605453384, 0.6995463663457275, 0.6443081798024248, 0.6263653134804061, 0.5758813457800851, 0.5543916509314104, 0.5543916509314104, 0.5543916509314104, 0.5526621446840858, 0.5409095211702852, 0.507912719340101, 0.5040962790868231, 0.4997264822503027, 0.4970272840635883, 0.4925509112777402, 0.4909577209032451, 0.48643277558097775, 0.48136356631871413, 0.4765372916030538, 0.473784817751401, 0.47200101008316875, 0.4678864563876878, 0.46543081655045615, 0.46397707267341515, 0.46350984942630624, 0.46324235013196924, 0.4631167352152, 0.46308382033580753, 0.46307298875326663, 0.4630708714079089, 0.4630706578511409, 0.4630705901584454, 0.46307055770266514, 0.4630705546421038, 0.4630705533383407, 0.46307055188489665, 0.4630705497854656, 0.4630705489786001, 0.4630705488285418, 0.46307054875240594, 0.4630705487484482, 0.46307054874485853, 0.46307054874294307, 0.4630705487425756, 0.46307054874248277, 0.4630705487424558, 0.4630705487424488, 0.4630705487424466, 0.4630705487424456, 0.46307054874244535, 0.46307054874244524]}}, "bfgs": {"type": "gradient", "0": {"maxiter": 100, "gtol": 1e-05, "xrtol": 1e-05, "eps": 1e-05, "duration": 0.044313907623291016, "fun": "0.463070549195406", "jac": "[-9.60933555e-06 -1.71140879e-06  6.89145407e-06 -1.30847555e-06\n -1.33648648e-07  2.82760482e-06]", "hess_inv": "[[ 6.91666926 -3.93502151 -2.56063622 -2.07125914  3.18307821  1.42365277]\n [-3.93502151 12.44385292  7.01863518  0.09573503 -0.75892291 -1.07182399]\n [-2.56063622  7.01863518  9.0675613   1.47264326  0.29160234  1.4621728 ]\n [-2.07125914  0.09573503  1.47264326  7.64267627 -3.71178999 -1.87219493]\n [ 3.18307821 -0.75892291  0.29160234 -3.71178999 10.16532128  6.45441503]\n [ 1.42365277 -1.07182399  1.4621728  -1.87219493  6.45441503  8.56261624]]", "nfev": "182", "njev": "26", "status": "0", "success": "True", "message": "Optimization terminated successfully.", "x": "[2.21768404 6.66961373 4.44139709 4.07287334 7.14526447 2.20610516]", "nit": "22", "callback": [0.7551439729665235, 0.7164818448586794, 0.5445277839644214, 0.5071480827795409, 0.5021688325251803, 0.4969747100937356, 0.48945128347704514, 0.48542136132167857, 0.4826600987337829, 0.4785378093311221, 0.47448578523618334, 0.4702388454741544, 0.46633002197945106, 0.46506297940677466, 0.4635846959678934, 0.4633771004918442, 0.463175110344785, 0.4630988445892801, 0.4630744875881879, 0.46307084546685673, 0.4630705596375493, 0.463070549195406]}, "1": {"maxiter": 100, "gtol": 1e-05, "xrtol": 1e-05, "eps": 1e-10, "duration": 0.04322504997253418, "fun": "0.46307054950340176", "jac": "[-7.77156053e-06  1.11022293e-06  6.66133760e-06  0.00000000e+00\n  1.11022293e-06  7.77156053e-06]", "hess_inv": "[[ 6.91932605 -3.95871912 -2.57219749 -2.07446938  3.14172385  1.39135968]\n [-3.95871912 12.40247648  6.90358929  0.14930013 -0.77809173 -1.10354739]\n [-2.57219749  6.90358929  8.87940246  1.52780413  0.19589624  1.35061437]\n [-2.07446938  0.14930013  1.52780413  7.64461396 -3.65243012 -1.80830182]\n [ 3.14172385 -0.77809173  0.19589624 -3.65243012 10.13994504  6.4283126 ]\n [ 1.39135968 -1.10354739  1.35061437 -1.80830182  6.4283126   8.53252691]]", "nfev": "182", "njev": "26", "status": "0", "success": "True", "message": "Optimization terminated successfully.", "x": "[2.21768564 6.66964492 4.4414294  4.07286684 7.14530523 2.20614715]", "nit": "22", "callback": [0.7551452736019919, 0.7164837542688984, 0.544513055942409, 0.5071466465796464, 0.5021666671760969, 0.4969724400790051, 0.48944863224497903, 0.4854195339983699, 0.48265758244701795, 0.4785357272496502, 0.47448531398509763, 0.47023494704118673, 0.4663296173328896, 0.4650626879659061, 0.4635844789673408, 0.4633770395739846, 0.4631752045118761, 0.46309882982032724, 0.4630744926866267, 0.46307084637203844, 0.4630705598044401, 0.46307054950340176]}, "2": {"maxiter": 100, "gtol": 1e-05, "xrtol": 1e-10, "eps": 1e-05, "duration": 0.04371309280395508, "fun": "0.463070549195406", "jac": "[-9.60933555e-06 -1.71140879e-06  6.89145407e-06 -1.30847555e-06\n -1.33648648e-07  2.82760482e-06]", "hess_inv": "[[ 6.91666926 -3.93502151 -2.56063622 -2.07125914  3.18307821  1.42365277]\n [-3.93502151 12.44385292  7.01863518  0.09573503 -0.75892291 -1.07182399]\n [-2.56063622  7.01863518  9.0675613   1.47264326  0.29160234  1.4621728 ]\n [-2.07125914  0.09573503  1.47264326  7.64267627 -3.71178999 -1.87219493]\n [ 3.18307821 -0.75892291  0.29160234 -3.71178999 10.16532128  6.45441503]\n [ 1.42365277 -1.07182399  1.4621728  -1.87219493  6.45441503  8.56261624]]", "nfev": "182", "njev": "26", "status": "0", "success": "True", "message": "Optimization terminated successfully.", "x": "[2.21768404 6.66961373 4.44139709 4.07287334 7.14526447 2.20610516]", "nit": "22", "callback": [0.7551439729665235, 0.7164818448586794, 0.5445277839644214, 0.5071480827795409, 0.5021688325251803, 0.4969747100937356, 0.48945128347704514, 0.48542136132167857, 0.4826600987337829, 0.4785378093311221, 0.47448578523618334, 0.4702388454741544, 0.46633002197945106, 0.46506297940677466, 0.4635846959678934, 0.4633771004918442, 0.463175110344785, 0.4630988445892801, 0.4630744875881879, 0.46307084546685673, 0.4630705596375493, 0.463070549195406]}, "3": {"maxiter": 100, "gtol": 1e-05, "xrtol": 1e-10, "eps": 1e-10, "duration": 0.043096065521240234, "fun": "0.46307054950340176", "jac": "[-7.77156053e-06  1.11022293e-06  6.66133760e-06  0.00000000e+00\n  1.11022293e-06  7.77156053e-06]", "hess_inv": "[[ 6.91932605 -3.95871912 -2.57219749 -2.07446938  3.14172385  1.39135968]\n [-3.95871912 12.40247648  6.90358929  0.14930013 -0.77809173 -1.10354739]\n [-2.57219749  6.90358929  8.87940246  1.52780413  0.19589624  1.35061437]\n [-2.07446938  0.14930013  1.52780413  7.64461396 -3.65243012 -1.80830182]\n [ 3.14172385 -0.77809173  0.19589624 -3.65243012 10.13994504  6.4283126 ]\n [ 1.39135968 -1.10354739  1.35061437 -1.80830182  6.4283126   8.53252691]]", "nfev": "182", "njev": "26", "status": "0", "success": "True", "message": "Optimization terminated successfully.", "x": "[2.21768564 6.66964492 4.4414294  4.07286684 7.14530523 2.20614715]", "nit": "22", "callback": [0.7551452736019919, 0.7164837542688984, 0.544513055942409, 0.5071466465796464, 0.5021666671760969, 0.4969724400790051, 0.48944863224497903, 0.4854195339983699, 0.48265758244701795, 0.4785357272496502, 0.47448531398509763, 0.47023494704118673, 0.4663296173328896, 0.4650626879659061, 0.4635844789673408, 0.4633770395739846, 0.4631752045118761, 0.46309882982032724, 0.4630744926866267, 0.46307084637203844, 0.4630705598044401, 0.46307054950340176]}, "4": {"maxiter": 100, "gtol": 1e-10, "xrtol": 1e-05, "eps": 1e-05, "duration": 0.04522514343261719, "fun": "0.46307054878097687", "jac": "[-5.13578069e-07 -3.05422354e-07 -1.77968751e-07  7.88069610e-07\n  4.75819384e-07  2.52864396e-07]", "hess_inv": "[[ 6.34160306 -2.9226086  -1.72273122 -1.7043977   2.88275633  1.82714745]\n [-2.9226086  11.39487235  5.84823966 -0.1996048  -0.59622352 -1.48278704]\n [-1.72273122  5.84823966  7.97331909  1.08376068  0.57709354  0.99866717]\n [-1.7043977  -0.1996048   1.08376068  7.57617317 -3.69514219 -1.98650576]\n [ 2.88275633 -0.59622352  0.57709354 -3.69514219 10.19115708  6.5157122 ]\n [ 1.82714745 -1.48278704  0.99866717 -1.98650576  6.5157122   8.40172869]]", "nfev": "189", "njev": "27", "status": "0", "success": "True", "message": "Optimization terminated successfully.", "x": "[2.21774484 6.6695687  4.44133427 4.07286418 7.14526528 2.20608782]", "nit": "23", "callback": [0.7551439729665235, 0.7164818448586794, 0.5445277839644214, 0.5071480827795409, 0.5021688325251803, 0.4969747100937356, 0.48945128347704514, 0.48542136132167857, 0.4826600987337829, 0.4785378093311221, 0.47448578523618334, 0.4702388454741544, 0.46633002197945106, 0.46506297940677466, 0.4635846959678934, 0.4633771004918442, 0.463175110344785, 0.4630988445892801, 0.4630744875881879, 0.46307084546685673, 0.4630705596375493, 0.463070549195406, 0.46307054878097687]}, "5": {"maxiter": 100, "gtol": 1e-10, "xrtol": 1e-05, "eps": 1e-10, "duration": 0.04786086082458496, "fun": "0.46307054876756115", "jac": "[ 1.11022293e-06  0.00000000e+00  0.00000000e+00  0.00000000e+00\n -2.22044587e-06  0.00000000e+00]", "hess_inv": "[[ 8.30356382 -4.41823907 -3.25380185 -1.68710785  2.94929944  1.23391716]\n [-4.41823907 11.72283709  5.91890482 -0.26937176 -1.54125494 -2.22807582]\n [-3.25380185  5.91890482  7.66290822  0.87280479 -0.59646633 -0.05915893]\n [-1.68710785 -0.26937176  0.87280479  7.66035614 -4.05806172 -2.30774685]\n [ 2.94929944 -1.54125494 -0.59646633 -4.05806172  9.82133988  5.61980073]\n [ 1.23391716 -2.22807582 -0.05915893 -2.30774685  5.61980073  7.12764139]]", "nfev": "196", "njev": "28", "status": "0", "success": "True", "message": "Optimization terminated successfully.", "x": "[2.21776389 6.66957717 4.44134762 4.07287065 7.14527925 2.20609798]", "nit": "24", "callback": [0.7551452736019919, 0.7164837542688984, 0.544513055942409, 0.5071466465796464, 0.5021666671760969, 0.4969724400790051, 0.48944863224497903, 0.4854195339983699, 0.48265758244701795, 0.4785357272496502, 0.47448531398509763, 0.47023494704118673, 0.4663296173328896, 0.4650626879659061, 0.4635844789673408, 0.4633770395739846, 0.4631752045118761, 0.46309882982032724, 0.4630744926866267, 0.46307084637203844, 0.4630705598044401, 0.46307054950340176, 0.4630705487717187, 0.46307054876756115]}, "6": {"maxiter": 100, "gtol": 1e-10, "xrtol": 1e-10, "eps": 1e-05, "duration": 0.09783816337585449, "fun": "0.4630705487805017", "jac": "[-3.21165317e-07 -2.08055795e-07 -1.02107212e-07  5.02919928e-07\n  3.06055181e-07  1.55153668e-07]", "hess_inv": "[[ 6.40199459 -2.6334321  -1.72917259 -1.95562393  2.74402357  1.64420517]\n [-2.6334321  11.63361943  5.57524052 -0.55447358 -0.78212989 -1.79280379]\n [-1.72917259  5.57524052  7.81035607  1.3286208   0.70113897  1.14297574]\n [-1.95562393 -0.55447358  1.3286208   7.98018185 -3.4749009  -1.64615215]\n [ 2.74402357 -0.78212989  0.70113897 -3.4749009  10.30935413  6.69907607]\n [ 1.64420517 -1.79280379  1.14297574 -1.64615215  6.69907607  8.67584136]]", "nfev": "402", "njev": "56", "status": "2", "success": "False", "message": "Desired error not necessarily achieved due to precision loss.", "x": "[2.21774562 6.66957021 4.44133446 4.07286233 7.14526438 2.20608653]", "nit": "25", "callback": [0.7551439729665235, 0.7164818448586794, 0.5445277839644214, 0.5071480827795409, 0.5021688325251803, 0.4969747100937356, 0.48945128347704514, 0.48542136132167857, 0.4826600987337829, 0.4785378093311221, 0.47448578523618334, 0.4702388454741544, 0.46633002197945106, 0.46506297940677466, 0.4635846959678934, 0.4633771004918442, 0.463175110344785, 0.4630988445892801, 0.4630744875881879, 0.46307084546685673, 0.4630705596375493, 0.463070549195406, 0.46307054878097687, 0.46307054878054854, 0.4630705487805017]}, "7": {"maxiter": 100, "gtol": 1e-10, "xrtol": 1e-10, "eps": 1e-10, "duration": 0.12330007553100586, "fun": "0.4630705487521771", "jac": "[ 0.00000000e+00  1.11022293e-06 -1.11022293e-06  0.00000000e+00\n  1.11022293e-06  0.00000000e+00]", "hess_inv": "[[  4.14788593   4.86912492   2.73114664  11.63152049  -6.59541605\n   -0.93252145]\n [  4.86912492   8.4669314    2.858864    15.90175406  -8.4907671\n   -0.19986993]\n [  2.73114664   2.858864     2.01885952   7.55257384  -4.31741557\n   -0.7326653 ]\n [ 11.63152049  15.90175406   7.55257384  34.7357246  -19.20199336\n   -1.86676606]\n [ -6.59541605  -8.4907671   -4.31741557 -19.20199336  10.8214462\n    1.16087953]\n [ -0.93252145  -0.19986993  -0.7326653   -1.86676606   1.16087953\n    0.61319391]]", "nfev": "434", "njev": "62", "status": "0", "success": "True", "message": "Optimization terminated successfully.", "x": "[2.21775788 6.66957498 4.44134177 4.07285994 7.14528766 2.20610369]", "nit": "32", "callback": [0.7551452736019919, 0.7164837542688984, 0.544513055942409, 0.5071466465796464, 0.5021666671760969, 0.4969724400790051, 0.48944863224497903, 0.4854195339983699, 0.48265758244701795, 0.4785357272496502, 0.47448531398509763, 0.47023494704118673, 0.4663296173328896, 0.4650626879659061, 0.4635844789673408, 0.4633770395739846, 0.4631752045118761, 0.46309882982032724, 0.4630744926866267, 0.46307084637203844, 0.4630705598044401, 0.46307054950340176, 0.4630705487717187, 0.46307054876756115, 0.46307054876747056, 0.4630705487673379, 0.46307054876708165, 0.46307054875328824, 0.46307054875264564, 0.46307054875219567, 0.4630705487521771, 0.4630705487521771]}, "8": {"maxiter": 500, "gtol": 1e-05, "xrtol": 1e-05, "eps": 1e-05, "duration": 0.05374407768249512, "fun": "0.463070549195406", "jac": "[-9.60933555e-06 -1.71140879e-06  6.89145407e-06 -1.30847555e-06\n -1.33648648e-07  2.82760482e-06]", "hess_inv": "[[ 6.91666926 -3.93502151 -2.56063622 -2.07125914  3.18307821  1.42365277]\n [-3.93502151 12.44385292  7.01863518  0.09573503 -0.75892291 -1.07182399]\n [-2.56063622  7.01863518  9.0675613   1.47264326  0.29160234  1.4621728 ]\n [-2.07125914  0.09573503  1.47264326  7.64267627 -3.71178999 -1.87219493]\n [ 3.18307821 -0.75892291  0.29160234 -3.71178999 10.16532128  6.45441503]\n [ 1.42365277 -1.07182399  1.4621728  -1.87219493  6.45441503  8.56261624]]", "nfev": "182", "njev": "26", "status": "0", "success": "True", "message": "Optimization terminated successfully.", "x": "[2.21768404 6.66961373 4.44139709 4.07287334 7.14526447 2.20610516]", "nit": "22", "callback": [0.7551439729665235, 0.7164818448586794, 0.5445277839644214, 0.5071480827795409, 0.5021688325251803, 0.4969747100937356, 0.48945128347704514, 0.48542136132167857, 0.4826600987337829, 0.4785378093311221, 0.47448578523618334, 0.4702388454741544, 0.46633002197945106, 0.46506297940677466, 0.4635846959678934, 0.4633771004918442, 0.463175110344785, 0.4630988445892801, 0.4630744875881879, 0.46307084546685673, 0.4630705596375493, 0.463070549195406]}, "9": {"maxiter": 500, "gtol": 1e-05, "xrtol": 1e-05, "eps": 1e-10, "duration": 0.05701804161071777, "fun": "0.46307054950340176", "jac": "[-7.77156053e-06  1.11022293e-06  6.66133760e-06  0.00000000e+00\n  1.11022293e-06  7.77156053e-06]", "hess_inv": "[[ 6.91932605 -3.95871912 -2.57219749 -2.07446938  3.14172385  1.39135968]\n [-3.95871912 12.40247648  6.90358929  0.14930013 -0.77809173 -1.10354739]\n [-2.57219749  6.90358929  8.87940246  1.52780413  0.19589624  1.35061437]\n [-2.07446938  0.14930013  1.52780413  7.64461396 -3.65243012 -1.80830182]\n [ 3.14172385 -0.77809173  0.19589624 -3.65243012 10.13994504  6.4283126 ]\n [ 1.39135968 -1.10354739  1.35061437 -1.80830182  6.4283126   8.53252691]]", "nfev": "182", "njev": "26", "status": "0", "success": "True", "message": "Optimization terminated successfully.", "x": "[2.21768564 6.66964492 4.4414294  4.07286684 7.14530523 2.20614715]", "nit": "22", "callback": [0.7551452736019919, 0.7164837542688984, 0.544513055942409, 0.5071466465796464, 0.5021666671760969, 0.4969724400790051, 0.48944863224497903, 0.4854195339983699, 0.48265758244701795, 0.4785357272496502, 0.47448531398509763, 0.47023494704118673, 0.4663296173328896, 0.4650626879659061, 0.4635844789673408, 0.4633770395739846, 0.4631752045118761, 0.46309882982032724, 0.4630744926866267, 0.46307084637203844, 0.4630705598044401, 0.46307054950340176]}, "10": {"maxiter": 500, "gtol": 1e-05, "xrtol": 1e-10, "eps": 1e-05, "duration": 0.053818702697753906, "fun": "0.463070549195406", "jac": "[-9.60933555e-06 -1.71140879e-06  6.89145407e-06 -1.30847555e-06\n -1.33648648e-07  2.82760482e-06]", "hess_inv": "[[ 6.91666926 -3.93502151 -2.56063622 -2.07125914  3.18307821  1.42365277]\n [-3.93502151 12.44385292  7.01863518  0.09573503 -0.75892291 -1.07182399]\n [-2.56063622  7.01863518  9.0675613   1.47264326  0.29160234  1.4621728 ]\n [-2.07125914  0.09573503  1.47264326  7.64267627 -3.71178999 -1.87219493]\n [ 3.18307821 -0.75892291  0.29160234 -3.71178999 10.16532128  6.45441503]\n [ 1.42365277 -1.07182399  1.4621728  -1.87219493  6.45441503  8.56261624]]", "nfev": "182", "njev": "26", "status": "0", "success": "True", "message": "Optimization terminated successfully.", "x": "[2.21768404 6.66961373 4.44139709 4.07287334 7.14526447 2.20610516]", "nit": "22", "callback": [0.7551439729665235, 0.7164818448586794, 0.5445277839644214, 0.5071480827795409, 0.5021688325251803, 0.4969747100937356, 0.48945128347704514, 0.48542136132167857, 0.4826600987337829, 0.4785378093311221, 0.47448578523618334, 0.4702388454741544, 0.46633002197945106, 0.46506297940677466, 0.4635846959678934, 0.4633771004918442, 0.463175110344785, 0.4630988445892801, 0.4630744875881879, 0.46307084546685673, 0.4630705596375493, 0.463070549195406]}, "11": {"maxiter": 500, "gtol": 1e-05, "xrtol": 1e-10, "eps": 1e-10, "duration": 0.050248146057128906, "fun": "0.46307054950340176", "jac": "[-7.77156053e-06  1.11022293e-06  6.66133760e-06  0.00000000e+00\n  1.11022293e-06  7.77156053e-06]", "hess_inv": "[[ 6.91932605 -3.95871912 -2.57219749 -2.07446938  3.14172385  1.39135968]\n [-3.95871912 12.40247648  6.90358929  0.14930013 -0.77809173 -1.10354739]\n [-2.57219749  6.90358929  8.87940246  1.52780413  0.19589624  1.35061437]\n [-2.07446938  0.14930013  1.52780413  7.64461396 -3.65243012 -1.80830182]\n [ 3.14172385 -0.77809173  0.19589624 -3.65243012 10.13994504  6.4283126 ]\n [ 1.39135968 -1.10354739  1.35061437 -1.80830182  6.4283126   8.53252691]]", "nfev": "182", "njev": "26", "status": "0", "success": "True", "message": "Optimization terminated successfully.", "x": "[2.21768564 6.66964492 4.4414294  4.07286684 7.14530523 2.20614715]", "nit": "22", "callback": [0.7551452736019919, 0.7164837542688984, 0.544513055942409, 0.5071466465796464, 0.5021666671760969, 0.4969724400790051, 0.48944863224497903, 0.4854195339983699, 0.48265758244701795, 0.4785357272496502, 0.47448531398509763, 0.47023494704118673, 0.4663296173328896, 0.4650626879659061, 0.4635844789673408, 0.4633770395739846, 0.4631752045118761, 0.46309882982032724, 0.4630744926866267, 0.46307084637203844, 0.4630705598044401, 0.463070549503