{"date": "2024/09/25/, 03:30:01", "conf_id": 124, "data_type": "orthogonal\n", "num_data_points": 3, "s_rank": 0, "unitary": "[[-0.24866696+0.58742286j,-0.44704345-0.43151574j,-0.35669027-0.20570733j,-0.10517633+0.1626036j],[0.10596805-0.19687975j,-0.30269685-0.15056416j,0.18246286+0.30440582j,-0.83484447-0.11310748j],[0.26054512-0.52548482j,0.0285017-0.50723956j,-0.43110112+0.17165838j,0.15243271+0.39915801j],[0.42978035+0.11991271j,-0.17224126-0.46030424j,0.6827807-0.15164662j,0.26483638+0.0061855j]]", "databatch_0": {"databatch": "[[[-0.25551544-0.54937119j,-0.14339042+0.35521646j,0.0941586+0.2098336j,0.31833203-0.08425044j],[-0.20528667-0.28220408j,-0.0416916+0.21666012j,0.07646757+0.1081692j,0.17059189-0.082888j],[-0.09783011+0.19516273j,0.13237447-0.03908722j,0.03813604-0.07357302j,-0.09507716-0.07097859j],[-0.07370107-0.04176076j,0.01253654+0.05206937j,0.02775928+0.01622973j,0.02938117-0.03544494j]],[[-0.11192615+0.18030757j,0.13160032-0.02616294j,0.04340995-0.0678621j,-0.0857831-0.07710195j],[0.39822239-0.1571974j,-0.24454592-0.11603708j,-0.15195789+0.05761818j,0.04607999+0.22807374j],[-0.14475948+0.39418264j,0.24455209-0.10334761j,0.05697199-0.14887182j,-0.19707854-0.11509182j],[-0.32791345+0.17754089j,0.22358283+0.07478199j,0.125376-0.06570132j,-0.06367825-0.19239857j]],[[-0.1150112-0.14753266j,-0.01847541+0.11681861j,0.04289507+0.05658901j,0.08991756-0.04744718j],[0.12859313+0.18967957j,0.03207581-0.14128965j,-0.04783351-0.07265616j,-0.11376457+0.0506894j],[-0.24241783-0.0288119j,0.09136627+0.1243974j,0.09186411+0.01218244j,0.0385638-0.12695083j],[0.37119871+0.50874417j,0.07467708-0.39110077j,-0.13827632-0.19500806j,-0.30764171+0.15002452j]]]", "initial param values": "[4.28889938,2.08923643,5.69441099,5.65063099,3.07613864,1.69050849]", "nelder_mead": {"type": "gradient-free", "0": {"maxiter": 100, "fatol": 1e-05, "xatol": 1e-05, "duration": 0.03955388069152832, "fun": "0.36294356944499484", "nit": "100", "nfev": "162", "status": "2", "success": "False", "message": "Maximum number of iterations has been exceeded.", "x": "[5.56695897 1.73907929 4.35384556 4.6444525  3.14450337 2.20552833]", "final_simplex": "(array([[5.56695897, 1.73907929, 4.35384556, 4.6444525 , 3.14450337,\n        2.20552833],\n       [5.53997552, 1.72053331, 4.3674712 , 4.67678447, 3.120816  ,\n        2.1991524 ],\n       [5.55821738, 1.68476803, 4.39694436, 4.67292687, 3.09401838,\n        2.24395361],\n       [5.53163577, 1.69757733, 4.43795337, 4.64466082, 3.09123514,\n        2.23362773],\n       [5.60416434, 1.6521007 , 4.44566089, 4.65313641, 3.15391492,\n        2.24837529],\n       [5.57476039, 1.71542317, 4.37293249, 4.63017787, 3.09737988,\n        2.21808077],\n       [5.55471081, 1.68331365, 4.44231677, 4.66912796, 3.10385721,\n        2.23663072]]), array([0.36294357, 0.36305542, 0.36322529, 0.36326931, 0.36345075,\n       0.36375516, 0.36382412]))", "callback": [0.7274553752233439, 0.42420659112711656, 0.40076994762571905, 0.3910461774595929, 0.38689345710457756, 0.3797514949035493, 0.37058221718092665, 0.3667912577212368, 0.3653701154562655, 0.363755157557176]}, "1": {"maxiter": 100, "fatol": 1e-05, "xatol": 1e-10, "duration": 0.03738117218017578, "fun": "0.36294356944499484", "nit": "100", "nfev": "162", "status": "2", "success": "False", "message": "Maximum number of iterations has been exceeded.", "x": "[5.56695897 1.73907929 4.35384556 4.6444525  3.14450337 2.20552833]", "final_simplex": "(array([[5.56695897, 1.73907929, 4.35384556, 4.6444525 , 3.14450337,\n        2.20552833],\n       [5.53997552, 1.72053331, 4.3674712 , 4.67678447, 3.120816  ,\n        2.1991524 ],\n       [5.55821738, 1.68476803, 4.39694436, 4.67292687, 3.09401838,\n        2.24395361],\n       [5.53163577, 1.69757733, 4.43795337, 4.64466082, 3.09123514,\n        2.23362773],\n       [5.60416434, 1.6521007 , 4.44566089, 4.65313641, 3.15391492,\n        2.24837529],\n       [5.57476039, 1.71542317, 4.37293249, 4.63017787, 3.09737988,\n        2.21808077],\n       [5.55471081, 1.68331365, 4.44231677, 4.66912796, 3.10385721,\n        2.23663072]]), array([0.36294357, 0.36305542, 0.36322529, 0.36326931, 0.36345075,\n       0.36375516, 0.36382412]))", "callback": [0.7274553752233439, 0.42420659112711656, 0.40076994762571905, 0.3910461774595929, 0.38689345710457756, 0.3797514949035493, 0.37058221718092665, 0.3667912577212368, 0.3653701154562655, 0.363755157557176]}, "2": {"maxiter": 100, "fatol": 1e-10, "xatol": 1e-05, "duration": 0.035843849182128906, "fun": "0.36294356944499484", "nit": "100", "nfev": "162", "status": "2", "success": "False", "message": "Maximum number of iterations has been exceeded.", "x": "[5.56695897 1.73907929 4.35384556 4.6444525  3.14450337 2.20552833]", "final_simplex": "(array([[5.56695897, 1.73907929, 4.35384556, 4.6444525 , 3.14450337,\n        2.20552833],\n       [5.53997552, 1.72053331, 4.3674712 , 4.67678447, 3.120816  ,\n        2.1991524 ],\n       [5.55821738, 1.68476803, 4.39694436, 4.67292687, 3.09401838,\n        2.24395361],\n       [5.53163577, 1.69757733, 4.43795337, 4.64466082, 3.09123514,\n        2.23362773],\n       [5.60416434, 1.6521007 , 4.44566089, 4.65313641, 3.15391492,\n        2.24837529],\n       [5.57476039, 1.71542317, 4.37293249, 4.63017787, 3.09737988,\n        2.21808077],\n       [5.55471081, 1.68331365, 4.44231677, 4.66912796, 3.10385721,\n        2.23663072]]), array([0.36294357, 0.36305542, 0.36322529, 0.36326931, 0.36345075,\n       0.36375516, 0.36382412]))", "callback": [0.7274553752233439, 0.42420659112711656, 0.40076994762571905, 0.3910461774595929, 0.38689345710457756, 0.3797514949035493, 0.37058221718092665, 0.3667912577212368, 0.3653701154562655, 0.363755157557176]}, "3": {"maxiter": 100, "fatol": 1e-10, "xatol": 1e-10, "duration": 0.03750777244567871, "fun": "0.36294356944499484", "nit": "100", "nfev": "162", "status": "2", "success": "False", "message": "Maximum number of iterations has been exceeded.", "x": "[5.56695897 1.73907929 4.35384556 4.6444525  3.14450337 2.20552833]", "final_simplex": "(array([[5.56695897, 1.73907929, 4.35384556, 4.6444525 , 3.14450337,\n        2.20552833],\n       [5.53997552, 1.72053331, 4.3674712 , 4.67678447, 3.120816  ,\n        2.1991524 ],\n       [5.55821738, 1.68476803, 4.39694436, 4.67292687, 3.09401838,\n        2.24395361],\n       [5.53163577, 1.69757733, 4.43795337, 4.64466082, 3.09123514,\n        2.23362773],\n       [5.60416434, 1.6521007 , 4.44566089, 4.65313641, 3.15391492,\n        2.24837529],\n       [5.57476039, 1.71542317, 4.37293249, 4.63017787, 3.09737988,\n        2.21808077],\n       [5.55471081, 1.68331365, 4.44231677, 4.66912796, 3.10385721,\n        2.23663072]]), array([0.36294357, 0.36305542, 0.36322529, 0.36326931, 0.36345075,\n       0.36375516, 0.36382412]))", "callback": [0.7274553752233439, 0.42420659112711656, 0.40076994762571905, 0.3910461774595929, 0.38689345710457756, 0.3797514949035493, 0.37058221718092665, 0.3667912577212368, 0.3653701154562655, 0.363755157557176]}, "4": {"maxiter": 500, "fatol": 1e-05, "xatol": 1e-05, "duration": 0.15009117126464844, "fun": "0.21721897064106876", "nit": "411", "nfev": "647", "status": "0", "success": "True", "message": "Optimization terminated successfully.", "x": "[ 5.37605465 -0.75873121  4.16345078  4.21586903  5.2147953   1.00487953]", "final_simplex": "(array([[ 5.37605465, -0.75873121,  4.16345078,  4.21586903,  5.2147953 ,\n         1.00487953],\n       [ 5.37604987, -0.75873004,  4.1634512 ,  4.215874  ,  5.21479377,\n         1.00487816],\n       [ 5.37605177, -0.75872245,  4.16345109,  4.21587891,  5.21479002,\n         1.0048842 ],\n       [ 5.37605259, -0.75873451,  4.16344616,  4.21587114,  5.21480025,\n         1.00487964],\n       [ 5.37605058, -0.75872252,  4.16344655,  4.21587452,  5.21479504,\n         1.00488517],\n       [ 5.37605532, -0.75873248,  4.16345642,  4.21587576,  5.21480231,\n         1.00488534],\n       [ 5.37605027, -0.75872139,  4.16344446,  4.21587458,  5.21479291,\n         1.00487707]]), array([0.21721897, 0.21721897, 0.21721897, 0.21721897, 0.21721897,\n       0.21721897, 0.21721897]))", "callback": [0.7274553752233439, 0.42420659112711656, 0.40076994762571905, 0.3910461774595929, 0.38689345710457756, 0.3797514949035493, 0.37058221718092665, 0.3667912577212368, 0.3653701154562655, 0.363755157557176, 0.3615646918695056, 0.3569015128577421, 0.352536990432225, 0.3486415994445403, 0.3413110337101245, 0.3359033837253388, 0.3293285364757691, 0.2879618976015429, 0.2605048491635178, 0.24143017586023507, 0.2299193772733069, 0.22595329804754882, 0.21893991697142878, 0.21840998976792925, 0.21760037762974527, 0.21730138208126182, 0.21724615510919143, 0.2172236769218342, 0.21722018763920659, 0.21721951243623028, 0.21721914643855544, 0.21721904876665266, 0.21721900406907924, 0.21721898487727753, 0.21721898022747232, 0.2172189757469517, 0.21721897207600904, 0.21721897114274624, 0.21721897083749686, 0.21721897068930252, 0.21721897065008322, 0.21721897064106876]}, "5": {"maxiter": 500, "fatol": 1e-05, "xatol": 1e-10, "duration": 0.18973684310913086, "fun": "0.21721897063917572", "nit": "500", "nfev": "828", "status": "2", "success": "False", "message": "Maximum number of iterations has been exceeded.", "x": "[ 5.37605473 -0.75872978  4.16345255  4.21587203  5.2147951   1.00487846]", "final_simplex": "(array([[ 5.37605473, -0.75872978,  4.16345255,  4.21587203,  5.2147951 ,\n         1.00487846],\n       [ 5.37605473, -0.75872977,  4.16345255,  4.21587203,  5.2147951 ,\n         1.00487847],\n       [ 5.37605473, -0.75872977,  4.16345255,  4.21587203,  5.2147951 ,\n         1.00487847],\n       [ 5.37605472, -0.75872978,  4.16345255,  4.21587203,  5.2147951 ,\n         1.00487847],\n       [ 5.37605473, -0.75872977,  4.16345255,  4.21587203,  5.2147951 ,\n         1.00487847],\n       [ 5.37605473, -0.75872977,  4.16345255,  4.21587203,  5.2147951 ,\n         1.00487847],\n       [ 5.37605473, -0.75872978,  4.16345255,  4.21587203,  5.2147951 ,\n         1.00487847]]), array([0.21721897, 0.21721897, 0.21721897, 0.21721897, 0.21721897,\n       0.21721897, 0.21721897]))", "callback": [0.7274553752233439, 0.42420659112711656, 0.40076994762571905, 0.3910461774595929, 0.38689345710457756, 0.3797514949035493, 0.37058221718092665, 0.3667912577212368, 0.3653701154562655, 0.363755157557176, 0.3615646918695056, 0.3569015128577421, 0.352536990432225, 0.3486415994445403, 0.3413110337101245, 0.3359033837253388, 0.3293285364757691, 0.2879618976015429, 0.2605048491635178, 0.24143017586023507, 0.2299193772733069, 0.22595329804754882, 0.21893991697142878, 0.21840998976792925, 0.21760037762974527, 0.21730138208126182, 0.21724615510919143, 0.2172236769218342, 0.21722018763920659, 0.21721951243623028, 0.21721914643855544, 0.21721904876665266, 0.21721900406907924, 0.21721898487727753, 0.21721898022747232, 0.2172189757469517, 0.21721897207600904, 0.21721897114274624, 0.21721897083749686, 0.21721897068930252, 0.21721897065008322, 0.21721897064106876, 0.21721897063989193, 0.2172189706393569, 0.21721897063923257, 0.21721897063919082, 0.2172189706391784, 0.21721897063917617, 0.21721897063917606, 0.21721897063917572]}, "6": {"maxiter": 500, "fatol": 1e-10, "xatol": 1e-05, "duration": 0.15799498558044434, "fun": "0.21721897064106876", "nit": "411", "nfev": "647", "status": "0", "success": "True", "message": "Optimization terminated successfully.", "x": "[ 5.37605465 -0.75873121  4.16345078  4.21586903  5.2147953   1.00487953]", "final_simplex": "(array([[ 5.37605465, -0.75873121,  4.16345078,  4.21586903,  5.2147953 ,\n         1.00487953],\n       [ 5.37604987, -0.75873004,  4.1634512 ,  4.215874  ,  5.21479377,\n         1.00487816],\n       [ 5.37605177, -0.75872245,  4.16345109,  4.21587891,  5.21479002,\n         1.0048842 ],\n       [ 5.37605259, -0.75873451,  4.16344616,  4.21587114,  5.21480025,\n         1.00487964],\n       [ 5.37605058, -0.75872252,  4.16344655,  4.21587452,  5.21479504,\n         1.00488517],\n       [ 5.37605532, -0.75873248,  4.16345642,  4.21587576,  5.21480231,\n         1.00488534],\n       [ 5.37605027, -0.75872139,  4.16344446,  4.21587458,  5.21479291,\n         1.00487707]]), array([0.21721897, 0.21721897, 0.21721897, 0.21721897, 0.21721897,\n       0.21721897, 0.21721897]))", "callback": [0.7274553752233439, 0.42420659112711656, 0.40076994762571905, 0.3910461774595929, 0.38689345710457756, 0.3797514949035493, 0.37058221718092665, 0.3667912577212368, 0.3653701154562655, 0.363755157557176, 0.3615646918695056, 0.3569015128577421, 0.352536990432225, 0.3486415994445403, 0.3413110337101245, 0.3359033837253388, 0.3293285364757691, 0.2879618976015429, 0.2605048491635178, 0.24143017586023507, 0.2299193772733069, 0.22595329804754882, 0.21893991697142878, 0.21840998976792925, 0.21760037762974527, 0.21730138208126182, 0.21724615510919143, 0.2172236769218342, 0.21722018763920659, 0.21721951243623028, 0.21721914643855544, 0.21721904876665266, 0.21721900406907924, 0.21721898487727753, 0.21721898022747232, 0.2172189757469517, 0.21721897207600904, 0.21721897114274624, 0.21721897083749686, 0.21721897068930252, 0.21721897065008322, 0.21721897064106876]}, "7": {"maxiter": 500, "fatol": 1e-10, "xatol": 1e-10, "duration": 0.19386982917785645, "fun": "0.21721897063917572", "nit": "500", "nfev": "828", "status": "2", "success": "False", "message": "Maximum number of iterations has been exceeded.", "x": "[ 5.37605473 -0.75872978  4.16345255  4.21587203  5.2147951   1.00487846]", "final_simplex": "(array([[ 5.37605473, -0.75872978,  4.16345255,  4.21587203,  5.2147951 ,\n         1.00487846],\n       [ 5.37605473, -0.75872977,  4.16345255,  4.21587203,  5.2147951 ,\n         1.00487847],\n       [ 5.37605473, -0.75872977,  4.16345255,  4.21587203,  5.2147951 ,\n         1.00487847],\n       [ 5.37605472, -0.75872978,  4.16345255,  4.21587203,  5.2147951 ,\n         1.00487847],\n       [ 5.37605473, -0.75872977,  4.16345255,  4.21587203,  5.2147951 ,\n         1.00487847],\n       [ 5.37605473, -0.75872977,  4.16345255,  4.21587203,  5.2147951 ,\n         1.00487847],\n       [ 5.37605473, -0.75872978,  4.16345255,  4.21587203,  5.2147951 ,\n         1.00487847]]), array([0.21721897, 0.21721897, 0.21721897, 0.21721897, 0.21721897,\n       0.21721897, 0.21721897]))", "callback": [0.7274553752233439, 0.42420659112711656, 0.40076994762571905, 0.3910461774595929, 0.38689345710457756, 0.3797514949035493, 0.37058221718092665, 0.3667912577212368, 0.3653701154562655, 0.363755157557176, 0.3615646918695056, 0.3569015128577421, 0.352536990432225, 0.3486415994445403, 0.3413110337101245, 0.3359033837253388, 0.3293285364757691, 0.2879618976015429, 0.2605048491635178, 0.24143017586023507, 0.2299193772733069, 0.22595329804754882, 0.21893991697142878, 0.21840998976792925, 0.21760037762974527, 0.21730138208126182, 0.21724615510919143, 0.2172236769218342, 0.21722018763920659, 0.21721951243623028, 0.21721914643855544, 0.21721904876665266, 0.21721900406907924, 0.21721898487727753, 0.21721898022747232, 0.2172189757469517, 0.21721897207600904, 0.21721897114274624, 0.21721897083749686, 0.21721897068930252, 0.21721897065008322, 0.21721897064106876, 0.21721897063989193, 0.2172189706393569, 0.21721897063923257, 0.21721897063919082, 0.2172189706391784, 0.21721897063917617, 0.21721897063917606, 0.21721897063917572]}, "8": {"maxiter": 1000, "fatol": 1e-05, "xatol": 1e-05, "duration": 0.1506028175354004, "fun": "0.21721897064106876", "nit": "411", "nfev": "647", "status": "0", "success": "True", "message": "Optimization terminated successfully.", "x": "[ 5.37605465 -0.75873121  4.16345078  4.21586903  5.2147953   1.00487953]", "final_simplex": "(array([[ 5.37605465, -0.75873121,  4.16345078,  4.21586903,  5.2147953 ,\n         1.00487953],\n       [ 5.37604987, -0.75873004,  4.1634512 ,  4.215874  ,  5.21479377,\n         1.00487816],\n       [ 5.37605177, -0.75872245,  4.16345109,  4.21587891,  5.21479002,\n         1.0048842 ],\n       [ 5.37605259, -0.75873451,  4.16344616,  4.21587114,  5.21480025,\n         1.00487964],\n       [ 5.37605058, -0.75872252,  4.16344655,  4.21587452,  5.21479504,\n         1.00488517],\n       [ 5.37605532, -0.75873248,  4.16345642,  4.21587576,  5.21480231,\n         1.00488534],\n       [ 5.37605027, -0.75872139,  4.16344446,  4.21587458,  5.21479291,\n         1.00487707]]), array([0.21721897, 0.21721897, 0.21721897, 0.21721897, 0.21721897,\n       0.21721897, 0.21721897]))", "callback": [0.7274553752233439, 0.42420659112711656, 0.40076994762571905, 0.3910461774595929, 0.38689345710457756, 0.3797514949035493, 0.37058221718092665, 0.3667912577212368, 0.3653701154562655, 0.363755157557176, 0.3615646918695056, 0.3569015128577421, 0.352536990432225, 0.3486415994445403, 0.3413110337101245, 0.3359033837253388, 0.3293285364757691, 0.2879618976015429, 0.2605048491635178, 0.24143017586023507, 0.2299193772733069, 0.22595329804754882, 0.21893991697142878, 0.21840998976792925, 0.21760037762974527, 0.21730138208126182, 0.21724615510919143, 0.2172236769218342, 0.21722018763920659, 0.21721951243623028, 0.21721914643855544, 0.21721904876665266, 0.21721900406907924, 0.21721898487727753, 0.21721898022747232, 0.2172189757469517, 0.21721897207600904, 0.21721897114274624, 0.21721897083749686, 0.21721897068930252, 0.21721897065008322, 0.21721897064106876]}, "9": {"maxiter": 1000, "fatol": 1e-05, "xatol": 1e-10, "duration": 0.20710110664367676, "fun": "0.2172189706391756", "nit": "515", "nfev": "881", "status": "0", "success": "True", "message": "Optimization terminated successfully.", "x": "[ 5.37605473 -0.75872977  4.16345255  4.21587203  5.2147951   1.00487847]", "final_simplex": "(array([[ 5.37605473, -0.75872977,  4.16345255,  4.21587203,  5.2147951 ,\n         1.00487847],\n       [ 5.37605473, -0.75872977,  4.16345255,  4.21587203,  5.2147951 ,\n         1.00487847],\n       [ 5.37605473, -0.75872977,  4.16345255,  4.21587203,  5.2147951 ,\n         1.00487847],\n       [ 5.37605473, -0.75872977,  4.16345255,  4.21587203,  5.2147951 ,\n         1.00487847],\n       [ 5.37605473, -0.75872977,  4.16345255,  4.21587203,  5.2147951 ,\n         1.00487847],\n       [ 5.37605473, -0.75872977,  4.16345255,  4.21587203,  5.2147951 ,\n         1.00487847],\n       [ 5.37605473, -0.75872977,  4.16345255,  4.21587203,  5.2147951 ,\n         1.00487847]]), array([0.21721897, 0.21721897, 0.21721897, 0.21721897, 0.21721897,\n       0.21721897, 0.21721897]))", "callback": [0.7274553752233439, 0.42420659112711656, 0.40076994762571905, 0.3910461774595929, 0.38689345710457756, 0.3797514949035493, 0.37058221718092665, 0.3667912577212368, 0.3653701154562655, 0.363755157557176, 0.3615646918695056, 0.3569015128577421, 0.352536990432225, 0.3486415994445403, 0.3413110337101245, 0.3359033837253388, 0.3293285364757691, 0.2879618976015429, 0.2605048491635178, 0.24143017586023507, 0.2299193772733069, 0.22595329804754882, 0.21893991697142878, 0.21840998976792925, 0.21760037762974527, 0.21730138208126182, 0.21724615510919143, 0.2172236769218342, 0.21722018763920659, 0.21721951243623028, 0.21721914643855544, 0.21721904876665266, 0.21721900406907924, 0.21721898487727753, 0.21721898022747232, 0.2172189757469517, 0.21721897207600904, 0.21721897114274624, 0.21721897083749686, 0.21721897068930252, 0.21721897065008322, 0.21721897064106876, 0.21721897063989193, 0.2172189706393569, 0.21721897063923257, 0.21721897063919082, 0.2172189706391784, 0.21721897063917617, 0.21721897063917606, 0.21721897063917572, 0.21721897063917572, 0.2172189706391756]}, "10": {"maxiter": 1000, "fatol": 1e-10, "xatol": 1e-05, "duration": 0.15173888206481934, "fun": "0.21721897064106876", "nit": "411", "nfev": "647", "status": "0", "success": "True", "message": "Optimization terminated successfully.", "x": "[ 5.37605465 -0.75873121  4.16345078  4.21586903  5.2147953   1.00487953]", "final_simplex": "(array([[ 5.37605465, -0.75873121,  4.16345078,  4.21586903,  5.2147953 ,\n         1.00487953],\n       [ 5.37604987, -0.75873004,  4.1634512 ,  4.215874  ,  5.21479377,\n         1.00487816],\n       [ 5.37605177, -0.75872245,  4.16345109,  4.21587891,  5.21479002,\n         1.0048842 ],\n       [ 5.37605259, -0.75873451,  4.16344616,  4.21587114,  5.21480025,\n         1.00487964],\n       [ 5.37605058, -0.75872252,  4.16344655,  4.21587452,  5.21479504,\n         1.00488517],\n       [ 5.37605532, -0.75873248,  4.16345642,  4.21587576,  5.21480231,\n         1.00488534],\n       [ 5.37605027, -0.75872139,  4.16344446,  4.21587458,  5.21479291,\n         1.00487707]]), array([0.21721897, 0.21721897, 0.21721897, 0.21721897, 0.21721897,\n       0.21721897, 0.21721897]))", "callback": [0.7274553752233439, 0.42420659112711656, 0.40076994762571905, 0.3910461774595929, 0.38689345710457756, 0.3797514949035493, 0.37058221718092665, 0.3667912577212368, 0.3653701154562655, 0.363755157557176, 0.3615646918695056, 0.3569015128577421, 0.352536990432225, 0.3486415994445403, 0.3413110337101245, 0.3359033837253388, 0.3293285364757691, 0.2879618976015429, 0.2605048491635178, 0.24143017586023507, 0.2299193772733069, 0.22595329804754882, 0.21893991697142878, 0.21840998976792925, 0.21760037762974527, 0.21730138208126182, 0.21724615510919143, 0.2172236769218342, 0.21722018763920659, 0.21721951243623028, 0.21721914643855544, 0.21721904876665266, 0.21721900406907924, 0.21721898487727753, 0.21721898022747232, 0.2172189757469517, 0.21721897207600904, 0.21721897114274624, 0.21721897083749686, 0.21721897068930252, 0.21721897065008322, 0.21721897064106876]}, "11": {"maxiter": 1000, "fatol": 1e-10, "xatol": 1e-10, "duration": 0.20125293731689453, "fun": "0.2172189706391756", "nit": "515", "nfev": "881", "status": "0", "success": "True", "message": "Optimization terminated successfully.", "x": "[ 5.37605473 -0.75872977  4.16345255  4.21587203  5.2147951   1.00487847]", "final_simplex": "(array([[ 5.37605473, -0.75872977,  4.16345255,  4.21587203,  5.2147951 ,\n         1.00487847],\n       [ 5.37605473, -0.75872977,  4.16345255,  4.21587203,  5.2147951 ,\n         1.00487847],\n       [ 5.37605473, -0.75872977,  4.16345255,  4.21587203,  5.2147951 ,\n         1.00487847],\n       [ 5.37605473, -0.75872977,  4.16345255,  4.21587203,  5.2147951 ,\n         1.00487847],\n       [ 5.37605473, -0.75872977,  4.16345255,  4.21587203,  5.2147951 ,\n         1.00487847],\n       [ 5.37605473, -0.75872977,  4.16345255,  4.21587203,  5.2147951 ,\n         1.00487847],\n       [ 5.37605473, -0.75872977,  4.16345255,  4.21587203,  5.2147951 ,\n         1.00487847]]), array([0.21721897, 0.21721897, 0.21721897, 0.21721897, 0.21721897,\n       0.21721897, 0.21721897]))", "callback": [0.7274553752233439, 0.42420659112711656, 0.40076994762571905, 0.3910461774595929, 0.38689345710457756, 0.3797514949035493, 0.37058221718092665, 0.3667912577212368, 0.3653701154562655, 0.363755157557176, 0.3615646918695056, 0.3569015128577421, 0.352536990432225, 0.3486415994445403, 0.3413110337101245, 0.3359033837253388, 0.3293285364757691, 0.2879618976015429, 0.2605048491635178, 0.24143017586023507, 0.2299193772733069, 0.22595329804754882, 0.21893991697142878, 0.21840998976792925, 0.21760037762974527, 0.21730138208126182, 0.21724615510919143, 0.2172236769218342, 0.21722018763920659, 0.21721951243623028, 0.21721914643855544, 0.21721904876665266, 0.21721900406907924, 0.21721898487727753, 0.21721898022747232, 0.2172189757469517, 0.21721897207600904, 0.21721897114274624, 0.21721897083749686, 0.21721897068930252, 0.21721897065008322, 0.21721897064106876, 0.21721897063989193, 0.2172189706393569, 0.21721897063923257, 0.21721897063919082, 0.2172189706391784, 0.21721897063917617, 0.21721897063917606, 0.21721897063917572, 0.21721897063917572, 0.2172189706391756]}}, "bfgs": {"type": "gradient", "0": {"maxiter": 100, "gtol": 1e-05, "xrtol": 1e-05, "eps": 1e-05, "duration": 0.04517984390258789, "fun": "0.21721897093646192", "jac": "[ 7.57751639e-06 -6.48757714e-06 -8.05366884e-07  1.53759228e-06\n -1.15912835e-06  2.97981639e-06]", "hess_inv": "[[ 3.58760676 -0.07155083  0.62017374 -0.50101799  0.85183733 -0.19493422]\n [-0.07155083 11.52746389 -1.68392171  5.42766852 -5.90549034  3.81494757]\n [ 0.62017374 -1.68392171  5.80044083  1.63691248 -0.37782103  0.45404392]\n [-0.50101799  5.42766852  1.63691248  7.24012333 -3.69459053  3.03935837]\n [ 0.85183733 -5.90549034 -0.37782103 -3.69459053  7.63680671 -0.36970504]\n [-0.19493422  3.81494757  0.45404392  3.03935837 -0.36970504  5.96167555]]", "nfev": "189", "njev": "27", "status": "0", "success": "True", "message": "Optimization terminated successfully.", "x": "[ 5.37608004 -0.75880718  4.16346277  4.21583501  5.2148343   1.0048576 ]", "nit": "25", "callback": [0.6913812030293589, 0.6071831489578532, 0.5526456550443226, 0.5113288925204662, 0.4451507364606888, 0.35470806551860246, 0.33590898521871504, 0.33098235320664526, 0.32197267218709136, 0.3076728837036158, 0.298173867080355, 0.26609839229449495, 0.24401765996867653, 0.22678697333101017, 0.22118750220149763, 0.21931224117588177, 0.21841533968895932, 0.21731297598086752, 0.2172285080558103, 0.21722180947699854, 0.21722016911060493, 0.2172195582015508, 0.21721906696929028, 0.2172189814997294, 0.21721897093646192]}, "1": {"maxiter": 100, "gtol": 1e-05, "xrtol": 1e-05, "eps": 1e-10, "duration": 0.04448580741882324, "fun": "0.21721897080580632", "jac": "[ 3.33066880e-06 -8.88178346e-06 -1.11022293e-06 -1.11022293e-06\n -4.44089173e-06  0.00000000e+00]", "hess_inv": "[[ 3.60757086 -0.19738112  0.57581323 -0.66678025  1.02708354 -0.19683271]\n [-0.19738112 11.44729811 -1.74936767  5.27767326 -5.84626898  3.79169285]\n [ 0.57581323 -1.74936767  5.73133773  1.56679743 -0.36136049  0.3617023 ]\n [-0.66678025  5.27767326  1.56679743  7.08429706 -3.68861117  2.90573187]\n [ 1.02708354 -5.84626898 -0.36136049 -3.68861117  7.77630212 -0.23263237]\n [-0.19683271  3.79169285  0.3617023   2.90573187 -0.23263237  5.99608122]]", "nfev": "189", "njev": "27", "status": "0", "success": "True", "message": "Optimization terminated successfully.", "x": "[ 5.37606029 -0.75878781  4.16346025  4.21585012  5.21481117  1.0048591 ]", "nit": "25", "callback": [0.6913813713232663, 0.6071831423159266, 0.552644460002673, 0.5113285713236679, 0.445151541805064, 0.3547108311247301, 0.3359109640921699, 0.3309843120957553, 0.3219742914926389, 0.3076738036861699, 0.29817493772086845, 0.2660997958957826, 0.24402404236571085, 0.22678794814122805, 0.22118773263060676, 0.21931196612760573, 0.21841489359213373, 0.21731292998601714, 0.21722851703250223, 0.2172217977777825, 0.21722016735282246, 0.2172195551416385, 0.21721906571442562, 0.2172189813417117, 0.21721897080580632]}, "2": {"maxiter": 100, "gtol": 1e-05, "xrtol": 1e-10, "eps": 1e-05, "duration": 0.04469609260559082, "fun": "0.21721897093646192", "jac": "[ 7.57751639e-06 -6.48757714e-06 -8.05366884e-07  1.53759228e-06\n -1.15912835e-06  2.97981639e-06]", "hess_inv": "[[ 3.58760676 -0.07155083  0.62017374 -0.50101799  0.85183733 -0.19493422]\n [-0.07155083 11.52746389 -1.68392171  5.42766852 -5.90549034  3.81494757]\n [ 0.62017374 -1.68392171  5.80044083  1.63691248 -0.37782103  0.45404392]\n [-0.50101799  5.42766852  1.63691248  7.24012333 -3.69459053  3.03935837]\n [ 0.85183733 -5.90549034 -0.37782103 -3.69459053  7.63680671 -0.36970504]\n [-0.19493422  3.81494757  0.45404392  3.03935837 -0.36970504  5.96167555]]", "nfev": "189", "njev": "27", "status": "0", "success": "True", "message": "Optimization terminated successfully.", "x": "[ 5.37608004 -0.75880718  4.16346277  4.21583501  5.2148343   1.0048576 ]", "nit": "25", "callback": [0.6913812030293589, 0.6071831489578532, 0.5526456550443226, 0.5113288925204662, 0.4451507364606888, 0.35470806551860246, 0.33590898521871504, 0.33098235320664526, 0.32197267218709136, 0.3076728837036158, 0.298173867080355, 0.26609839229449495, 0.24401765996867653, 0.22678697333101017, 0.22118750220149763, 0.21931224117588177, 0.21841533968895932, 0.21731297598086752, 0.2172285080558103, 0.21722180947699854, 0.21722016911060493, 0.2172195582015508, 0.21721906696929028, 0.2172189814997294, 0.21721897093646192]}, "3": {"maxiter": 100, "gtol": 1e-05, "xrtol": 1e-10, "eps": 1e-10, "duration": 0.04482674598693848, "fun": "0.21721897080580632", "jac": "[ 3.33066880e-06 -8.88178346e-06 -1.11022293e-06 -1.11022293e-06\n -4.44089173e-06  0.00000000e+00]", "hess_inv": "[[ 3.60757086 -0.19738112  0.57581323 -0.66678025  1.02708354 -0.19683271]\n [-0.19738112 11.44729811 -1.74936767  5.27767326 -5.84626898  3.79169285]\n [ 0.57581323 -1.74936767  5.73133773  1.56679743 -0.36136049  0.3617023 ]\n [-0.66678025  5.27767326  1.56679743  7.08429706 -3.68861117  2.90573187]\n [ 1.02708354 -5.84626898 -0.36136049 -3.68861117  7.77630212 -0.23263237]\n [-0.19683271  3.79169285  0.3617023   2.90573187 -0.23263237  5.99608122]]", "nfev": "189", "njev": "27", "status": "0", "success": "True", "message": "Optimization terminated successfully.", "x": "[ 5.37606029 -0.75878781  4.16346025  4.21585012  5.21481117  1.0048591 ]", "nit": "25", "callback": [0.6913813713232663, 0.6071831423159266, 0.552644460002673, 0.5113285713236679, 0.445151541805064, 0.3547108311247301, 0.3359109640921699, 0.3309843120957553, 0.3219742914926389, 0.3076738036861699, 0.29817493772086845, 0.2660997958957826, 0.24402404236571085, 0.22678794814122805, 0.22118773263060676, 0.21931196612760573, 0.21841489359213373, 0.21731292998601714, 0.21722851703250223, 0.2172217977777825, 0.21722016735282246, 0.2172195551416385, 0.21721906571442562, 0.2172189813417117, 0.21721897080580632]}, "4": {"maxiter": 100, "gtol": 1e-10, "xrtol": 1e-05, "eps": 1e-05, "duration": 0.04631304740905762, "fun": "0.21721897068148166", "jac": "[ 7.76001485e-07 -1.10864651e-06 -2.77666778e-07  7.95064015e-07\n -5.84821080e-07  3.46545015e-07]", "hess_inv": "[[ 3.81794664 -0.63860099  0.68289979 -0.87094601  1.33301435 -0.23277107]\n [-0.63860099 12.77146515 -1.93288794  6.07160959 -6.84107181  3.90420724]\n [ 0.68289979 -1.93288794  5.75869693  1.37020938 -0.09187744  0.44132179]\n [-0.87094601  6.07160959  1.37020938  7.365995   -4.03031809  3.09330164]\n [ 1.33301435 -6.84107181 -0.09187744 -4.03031809  8.23404349 -0.44237714]\n [-0.23277107  3.90420724  0.44132179  3.09330164 -0.44237714  5.96779141]]", "nfev": "196", "njev": "28", "status": "0", "success": "True", "message": "Optimization terminated successfully.", "x": "[ 5.3760511  -0.75874994  4.16344617  4.21585689  5.21479681  1.004862  ]", "nit": "26", "callback": [0.6913812030293589, 0.6071831489578532, 0.5526456550443226, 0.5113288925204662, 0.4451507364606888, 0.35470806551860246, 0.33590898521871504, 0.33098235320664526, 0.32197267218709136, 0.3076728837036158, 0.298173867080355, 0.26609839229449495, 0.24401765996867653, 0.22678697333101017, 0.22118750220149763, 0.21931224117588177, 0.21841533968895932, 0.21731297598086752, 0.2172285080558103, 0.21722180947699854, 0.21722016911060493, 0.2172195582015508, 0.21721906696929028, 0.2172189814997294, 0.21721897093646192, 0.21721897068148166]}, "5": {"maxiter": 100, "gtol": 1e-10, "xrtol": 1e-05, "eps": 1e-10, "duration": 0.05082893371582031, "fun": "0.21721897068080198", "jac": "[-5.55111466e-06  2.22044587e-06  2.22044587e-06  2.22044587e-06\n  2.22044587e-06  0.00000000e+00]", "hess_inv": "[[ 3.69869600e+00 -5.53066294e-01  5.37822494e-01 -8.58877686e-01\n   1.01593641e+00 -3.79908551e-01]\n [-5.53066294e-01  1.01619411e+01 -8.72441551e-01  4.85602109e+00\n  -5.03001647e+00  3.07108242e+00]\n [ 5.37822494e-01 -8.72441551e-01  5.52617310e+00  1.99310881e+00\n  -6.75084893e-01  7.87069696e-01]\n [-8.58877686e-01  4.85602109e+00  1.99310881e+00  6.94354393e+00\n  -3.19693009e+00  2.71344734e+00]\n [ 1.01593641e+00 -5.03001647e+00 -6.75084893e-01 -3.19693009e+00\n   7.03648320e+00  2.37498168e-03]\n [-3.79908551e-01  3.07108242e+00  7.87069696e-01  2.71344734e+00\n   2.37498168e-03  5.51455115e+00]]", "nfev": "217", "njev": "31", "status": "0", "success": "True", "message": "Optimization terminated successfully.", "x": "[ 5.37604789 -0.75873363  4.16346272  4.21588015  5.2148056   1.004885  ]", "nit": "27", "callback": [0.6913813713232663, 0.6071831423159266, 0.552644460002673, 0.5113285713236679, 0.445151541805064, 0.3547108311247301, 0.3359109640921699, 0.3309843120957553, 0.3219742914926389, 0.3076738036861699, 0.29817493772086845, 0.2660997958957826, 0.24402404236571085, 0.22678794814122805, 0.22118773263060676, 0.21931196612760573, 0.21841489359213373, 0.21731292998601714, 0.21722851703250223, 0.2172217977777825, 0.21722016735282246, 0.2172195551416385, 0.21721906571442562, 0.2172189813417117, 0.21721897080580632, 0.21721897072484164, 0.21721897068080198]}, "6": {"maxiter": 100, "gtol": 1e-10, "xrtol": 1e-10, "eps": 1e-05, "duration": 0.0813448429107666, "fun": "0.21721897068097584", "jac": "[ 4.56668037e-07 -6.64823752e-07 -1.74860126e-07  4.82724971e-07\n -3.52595730e-07  2.11530793e-07]", "hess_inv": "[[ 3.84048281 -0.70769058  0.7451323  -0.67875754  1.25896025 -0.15940154]\n [-0.70769058 12.9591596  -2.08135519  5.67535253 -6.70596937  3.75371949]\n [ 0.7451323  -2.08135519  5.81377781  1.47945246 -0.07077847  0.50891189]\n [-0.67875754  5.67535253  1.47945246  7.2812913  -3.79435323  3.10459162]\n [ 1.25896025 -6.70596937 -0.07077847 -3.79435323  8.02734568 -0.38934802]\n [-0.15940154  3.75371949  0.50891189  3.10459162 -0.38934802  5.97066444]]", "nfev": "348", "njev": "48", "status": "2", "success": "False", "message": "Desired error not necessarily achieved due to precision loss.", "x": "[ 5.37605015 -0.75874801  4.16344505  4.21585621  5.21479652  1.00486191]", "nit": "28", "callback": [0.6913812030293589, 0.6071831489578532, 0.5526456550443226, 0.5113288925204662, 0.4451507364606888, 0.35470806551860246, 0.33590898521871504, 0.33098235320664526, 0.32197267218709136, 0.3076728837036158, 0.298173867080355, 0.26609839229449495, 0.24401765996867653, 0.22678697333101017, 0.22118750220149763, 0.21931224117588177, 0.21841533968895932, 0.21731297598086752, 0.2172285080558103, 0.21722180947699854, 0.21722016911060493, 0.2172195582015508, 0.21721906696929028, 0.2172189814997294, 0.21721897093646192, 0.21721897068148166, 0.2172189706809785, 0.21721897068097584]}, "7": {"maxiter": 100, "gtol": 1e-10, "xrtol": 1e-10, "eps": 1e-10, "duration": 0.0644078254699707, "fun": "0.21721897068080176", "jac": "[-3.33066880e-06  2.22044587e-06  4.44089173e-06  4.44089173e-06\n  4.44089173e-06  0.00000000e+00]", "hess_inv": "[[  4.37793782 -11.82721849   4.01359221  -7.67156115   9.64759122\n   -4.20481106]\n [-11.82721849  82.20102401 -16.64596636  53.62457248 -57.21157158\n   30.75392082]\n [  4.01359221 -16.64596636   8.04506747  -9.44588372  10.31868533\n   -5.74532203]\n [ -7.67156115  53.62457248  -9.44588372  39.33951015 -38.87383456\n   21.07070378]\n [  9.64759122 -57.21157158  10.31868533 -38.87383456  44.634786\n  -20.26726296]\n [ -4.20481106  30.75392082  -5.74532203  21.07070378 -20.26726296\n   15.91506232]]", "nfev": "287", "njev": "41", "status": "0", "success": "True", "message": "Optimization terminated successfully.", "x": "[ 5.37604789 -0.75873363  4.16346272  4.21588015  5.2148056   1.004885  ]", "nit": "28", "callback": [0.6913813713232663, 0.6071831423159266, 0.552644460002673, 0.5113285713236679, 0.445151541805064, 0.3547108311247301, 0.3359109640921699, 0.3309843120957553, 0.3219742914926389, 0.3076738036861699, 0.29817493772086845, 0.2660997958957826, 0.24402404236571085, 0.22678794814122805, 0.22118773263060676, 0.21931196612760573, 0.21841489359213373, 0.21731292998601714, 0.21722851703250223, 0.2172217977777825, 0.21722016735282246, 0.2172195551416385, 0.21721906571442562, 0.2172189813417117, 0.21721897080580632, 0.21721897072484164, 0.21721897068080198, 0.21721897068080176]}, "8": {"maxiter": 500, "gtol": 1e-05, "xrtol": 1e-05, "eps": 1e-05, "duration": 0.0431361198425293, "fun": "0.21721897093646192", "jac": "[ 7.57751639e-06 -6.48757714e-06 -8.05366884e-07  1.53759228e-06\n -1.15912835e-06  2.97981639e-06]", "hess_inv": "[[ 3.58760676 -0.07155083  0.62017374 -0.50101799  0.85183733 -0.19493422]\n [-0.07155083 11.52746389 -1.68392171  5.42766852 -5.90549034  3.81494757]\n [ 0.62017374 -1.68392171  5.80044083  1.63691248 -0.37782103  0.45404392]\n [-0.50101799  5.42766852  1.63691248  7.24012333 -3.69459053  3.03935837]\n [ 0.85183733 -5.90549034 -0.37782103 -3.69459053  7.63680671 -0.36970504]\n [-0.19493422  3.81494757  0.45404392  3.03935837 -0.36970504  5.96167555]]", "nfev": "189", "njev": "27", "status": "0", "success": "True", "message": "Optimization terminated successfully.", "x": "[ 5.37608004 -0.75880718  4.16346277  4.21583501  5.2148343   1.0048576 ]", "nit": "25", "callback": [0.6913812030293589, 0.6071831489578532, 0.5526456550443226, 0.5113288925204662, 0.4451507364606888, 0.35470806551860246, 0.33590898521871504, 0.33098235320664526, 0.32197267218709136, 0.3076728837036158, 0.298173867080355, 0.26609839229449495, 0.24401765996867653, 0.22678697333101017, 0.22118750220149763, 0.21931224117588177, 0.21841533968895932, 0.21731297598086752, 0.2172285080558103, 0.21722180947699854, 0.21722016911060493, 0.2172195582015508, 0.21721906696929028, 0.2172189814997294, 0.21721897093646192]}, "9": {"maxiter": 500, "gtol": 1e-05, "xrtol": 1e-05, "eps": 1e-10, "duration": 0.04260611534118652, "fun": "0.21721897080580632", "jac": "[ 3.33066880e-06 -8.88178346e-06 -1.11022293e-06 -1.11022293e-06\n -4.44089173e-06  0.00000000e+00]", "hess_inv": "[[ 3.60757086 -0.19738112  0.57581323 -0.66678025  1.02708354 -0.19683271]\n [-0.19738112 11.44729811 -1.74936767  5.27767326 -5.84626898  3.79169285]\n [ 0.57581323 -1.74936767  5.73133773  1.56679743 -0.36136049  0.3617023 ]\n [-0.66678025  5.27767326  1.56679743  7.08429706 -3.68861117  2.90573187]\n [ 1.02708354 -5.84626898 -0.36136049 -3.68861117  7.77630212 -0.23263237]\n [-0.19683271  3.79169285  0.3617023   2.90573187 -0.23263237  5.99608122]]", "nfev": "189", "njev": "27", "status": "0", "success": "True", "message": "Optimization terminated successfully.", "x": "[ 5.37606029 -0.75878781  4.16346025  4.21585012  5.21481117  1.0048591 ]", "nit": "25", "callback": [0.6913813713232663, 0.6071831423159266, 0.552644460002673, 0.5113285713236679, 0.445151541805064, 0.3547108311247301, 0.3359109640921699, 0.3309843120957553, 0.3219742914926389, 0.3076738036861699, 0.29817493772086845, 0.2660997958957826, 0.24402404236571085, 0.22678794814122805, 0.22118773263060676, 0.21931196612760573, 0.21841489359213373, 0.21731292998601714, 0.21722851703250223, 0.2172217977777825, 0.21722016735282246, 0.2172195551416385, 0.21721906571442562, 0.2172189813417117, 0.21721897080580632]}, "10": {"maxiter": 500, "gtol": 1e-05, "xrtol": 1e-10, "eps": 1e-05, "duration": 0.04244399070739746, "fun": "0.21721897093646192", "jac": "[ 7.57751639e-06 -6.48757714e-06 -8.05366884e-07  1.53759228e-06\n -1.15912835e-06  2.97981639e-06]", "hess_inv": "[[ 3.58760676 -0.07155083  0.62017374 -0.50101799  0.85183733 -0.19493422]\n [-0.07155083 11.52746389 -1.68392171  5.42766852 -5.90549034  3.81494757]\n [ 0.62017374 -1.68392171  5.80044083  1.63691248 -0.37782103  0.45404392]\n [-0.50101799  5.42766852  1.63691248  7.24012333 -3.69459053  3.03935837]\n [ 0.85183733 -5.90549034 -0.37782103 -3.69459053  7.63680671 -0.36970504]\n [-0.19493422  3.81494757  0.45404392  3.03935837 -0.36970504  5.96167555]]", "nfev": "189", "njev": "27", "status": "0", "success": "True", "message": "Optimization terminated successfully.", "x": "[ 5.37608004 -0.75880718  4.16346277  4.21583501  5.2148343   1.0048576 ]", "nit": "25", "callback": [0.6913812030293589, 0.6071831489578532, 0.5526456550443226, 0.5113288925204662, 0.4451507364606888, 0.35470806551860246, 0.33590898521871504, 0.33098235320664526, 0.32197267218709136, 0.3076728837036158, 0.298173867080355, 0.26609839229449495, 0.24401765996867653, 0.22678697333101017, 0.22118750220149763, 0.21931224117588177, 0.21841533968895932, 0.21731297598086752, 0.2172285080558103, 0.21722180947699854, 0