{"date": "2024/09/24/, 22:35:56", "conf_id": 67, "data_type": "random\n", "num_data_points": 4, "s_rank": 0, "unitary": "[[0.18663085-0.53122324j,-0.11886349-0.70040876j,0.28555095-0.02789305j,-0.12262021-0.2844587j],[-0.16702216+0.27758472j,0.27526351-0.29738586j,-0.01109314+0.22495461j,-0.77239203+0.28900673j],[0.61935415+0.12301792j,-0.31269928-0.03315917j,-0.61902762-0.19039079j,-0.27120731-0.0968989j],[0.42341754+0.0023929j,-0.05847358+0.47832119j,0.64900495-0.16218422j,-0.37182676-0.05229966j]]", "databatch_0": {"databatch": "[[[-0.26953656-0.0718235j,-0.09649597-0.1695193j,0.27493874+0.00875846j,0.23695886+0.13278952j],[-0.13759196+0.10902168j,0.07860828-0.24013504j,0.15517214-0.39968932j,0.19556089-0.08612958j],[0.04394352-0.16396636j,0.13842088-0.19125223j,-0.04063948+0.05019817j,-0.06837212+0.129284j],[0.10924401-0.11094174j,0.2721773-0.36014437j,-0.12383248-0.21848138j,-0.08683701+0.04229169j]],[[-0.18126536+0.42414132j,-0.11427336+0.1879013j,-0.28479382+0.1936631j,-0.03533004+0.3165002j],[0.16043341+0.02884426j,0.06062423+0.07557419j,0.02566509+0.17404859j,0.07347837-0.03830168j],[-0.02967191-0.02630431j,0.06065383-0.09097631j,0.19231343-0.12610955j,0.01738026+0.07038935j],[0.43853397+0.05964946j,0.12157193+0.08634981j,0.06993788+0.2105447j,0.3015426-0.12306792j]],[[0.23507862-0.14608585j,0.38404437-0.12602723j,-0.1029551-0.16281527j,0.44985745+0.03121515j],[0.28372472+0.00505889j,0.30618445+0.12742913j,0.08347198-0.07644589j,0.1697276+0.36268924j],[0.08112885+0.00323961j,0.17457401+0.01302248j,-0.0579564-0.13108583j,0.23017151+0.01502646j],[-0.02107934+0.04404778j,0.00257673+0.10484017j,0.07505021-0.07894862j,0.05453213+0.1291798j]],[[0.14519359+0.09938133j,0.13087327+0.14850629j,-0.09702872+0.09027571j,-0.02760974+0.09838082j],[-0.09155372-0.21319323j,-0.03675155-0.13807194j,0.22522014-0.09285619j,0.20225-0.15292795j],[0.03071209-0.44083218j,0.24507695-0.44204078j,0.28874656+0.03898278j,0.23008184-0.15823633j],[0.0035472+0.09197211j,-0.04071262-0.06923871j,-0.13775263+0.08013823j,-0.18872246+0.12009085j]]]", "initial param values": "[1.08145469,2.0553976,3.25849563,5.59734952,1.06200813,2.95019968]", "nelder_mead": {"type": "gradient-free", "0": {"maxiter": 100, "fatol": 1e-05, "xatol": 1e-05, "duration": 0.03923201560974121, "fun": "0.2759556894830242", "nit": "100", "nfev": "155", "status": "2", "success": "False", "message": "Maximum number of iterations has been exceeded.", "x": "[1.5114631  0.80952042 3.37391337 8.64736828 0.76824351 2.65661708]", "final_simplex": "(array([[1.5114631 , 0.80952042, 3.37391337, 8.64736828, 0.76824351,\n        2.65661708],\n       [1.51529857, 0.79296013, 3.34031337, 8.70238431, 0.73892614,\n        2.7245572 ],\n       [1.5318083 , 0.74948917, 3.37938521, 8.65760658, 0.74244324,\n        2.70023855],\n       [1.50240623, 0.84098191, 3.3627407 , 8.62911115, 0.76734892,\n        2.68780086],\n       [1.47161508, 0.89420239, 3.40970652, 8.58944225, 0.72369021,\n        2.70368794],\n       [1.53479276, 0.75118627, 3.39945432, 8.7001256 , 0.74628726,\n        2.6678462 ],\n       [1.50375736, 0.81258549, 3.45103933, 8.69191623, 0.73259014,\n        2.66115974]]), array([0.27595569, 0.27600762, 0.27617011, 0.27620101, 0.27623209,\n       0.27695596, 0.2771742 ]))", "callback": [0.8634198534504491, 0.5662258879229268, 0.4136917903119669, 0.3832493489691673, 0.3372798511954589, 0.3232906145148017, 0.30712325882377134, 0.29025467726838783, 0.27888889573703424, 0.2775972415421033]}, "1": {"maxiter": 100, "fatol": 1e-05, "xatol": 1e-10, "duration": 0.03574013710021973, "fun": "0.2759556894830242", "nit": "100", "nfev": "155", "status": "2", "success": "False", "message": "Maximum number of iterations has been exceeded.", "x": "[1.5114631  0.80952042 3.37391337 8.64736828 0.76824351 2.65661708]", "final_simplex": "(array([[1.5114631 , 0.80952042, 3.37391337, 8.64736828, 0.76824351,\n        2.65661708],\n       [1.51529857, 0.79296013, 3.34031337, 8.70238431, 0.73892614,\n        2.7245572 ],\n       [1.5318083 , 0.74948917, 3.37938521, 8.65760658, 0.74244324,\n        2.70023855],\n       [1.50240623, 0.84098191, 3.3627407 , 8.62911115, 0.76734892,\n        2.68780086],\n       [1.47161508, 0.89420239, 3.40970652, 8.58944225, 0.72369021,\n        2.70368794],\n       [1.53479276, 0.75118627, 3.39945432, 8.7001256 , 0.74628726,\n        2.6678462 ],\n       [1.50375736, 0.81258549, 3.45103933, 8.69191623, 0.73259014,\n        2.66115974]]), array([0.27595569, 0.27600762, 0.27617011, 0.27620101, 0.27623209,\n       0.27695596, 0.2771742 ]))", "callback": [0.8634198534504491, 0.5662258879229268, 0.4136917903119669, 0.3832493489691673, 0.3372798511954589, 0.3232906145148017, 0.30712325882377134, 0.29025467726838783, 0.27888889573703424, 0.2775972415421033]}, "2": {"maxiter": 100, "fatol": 1e-10, "xatol": 1e-05, "duration": 0.03585195541381836, "fun": "0.2759556894830242", "nit": "100", "nfev": "155", "status": "2", "success": "False", "message": "Maximum number of iterations has been exceeded.", "x": "[1.5114631  0.80952042 3.37391337 8.64736828 0.76824351 2.65661708]", "final_simplex": "(array([[1.5114631 , 0.80952042, 3.37391337, 8.64736828, 0.76824351,\n        2.65661708],\n       [1.51529857, 0.79296013, 3.34031337, 8.70238431, 0.73892614,\n        2.7245572 ],\n       [1.5318083 , 0.74948917, 3.37938521, 8.65760658, 0.74244324,\n        2.70023855],\n       [1.50240623, 0.84098191, 3.3627407 , 8.62911115, 0.76734892,\n        2.68780086],\n       [1.47161508, 0.89420239, 3.40970652, 8.58944225, 0.72369021,\n        2.70368794],\n       [1.53479276, 0.75118627, 3.39945432, 8.7001256 , 0.74628726,\n        2.6678462 ],\n       [1.50375736, 0.81258549, 3.45103933, 8.69191623, 0.73259014,\n        2.66115974]]), array([0.27595569, 0.27600762, 0.27617011, 0.27620101, 0.27623209,\n       0.27695596, 0.2771742 ]))", "callback": [0.8634198534504491, 0.5662258879229268, 0.4136917903119669, 0.3832493489691673, 0.3372798511954589, 0.3232906145148017, 0.30712325882377134, 0.29025467726838783, 0.27888889573703424, 0.2775972415421033]}, "3": {"maxiter": 100, "fatol": 1e-10, "xatol": 1e-10, "duration": 0.03532290458679199, "fun": "0.2759556894830242", "nit": "100", "nfev": "155", "status": "2", "success": "False", "message": "Maximum number of iterations has been exceeded.", "x": "[1.5114631  0.80952042 3.37391337 8.64736828 0.76824351 2.65661708]", "final_simplex": "(array([[1.5114631 , 0.80952042, 3.37391337, 8.64736828, 0.76824351,\n        2.65661708],\n       [1.51529857, 0.79296013, 3.34031337, 8.70238431, 0.73892614,\n        2.7245572 ],\n       [1.5318083 , 0.74948917, 3.37938521, 8.65760658, 0.74244324,\n        2.70023855],\n       [1.50240623, 0.84098191, 3.3627407 , 8.62911115, 0.76734892,\n        2.68780086],\n       [1.47161508, 0.89420239, 3.40970652, 8.58944225, 0.72369021,\n        2.70368794],\n       [1.53479276, 0.75118627, 3.39945432, 8.7001256 , 0.74628726,\n        2.6678462 ],\n       [1.50375736, 0.81258549, 3.45103933, 8.69191623, 0.73259014,\n        2.66115974]]), array([0.27595569, 0.27600762, 0.27617011, 0.27620101, 0.27623209,\n       0.27695596, 0.2771742 ]))", "callback": [0.8634198534504491, 0.5662258879229268, 0.4136917903119669, 0.3832493489691673, 0.3372798511954589, 0.3232906145148017, 0.30712325882377134, 0.29025467726838783, 0.27888889573703424, 0.2775972415421033]}, "4": {"maxiter": 500, "fatol": 1e-05, "xatol": 1e-05, "duration": 0.1527867317199707, "fun": "0.25527060491743836", "nit": "405", "nfev": "638", "status": "0", "success": "True", "message": "Optimization terminated successfully.", "x": "[1.20719277 0.68700468 3.31109953 8.74050467 0.52418585 2.45546237]", "final_simplex": "(array([[1.20719277, 0.68700468, 3.31109953, 8.74050467, 0.52418585,\n        2.45546237],\n       [1.20719299, 0.68700732, 3.31110452, 8.74050366, 0.52419197,\n        2.45546633],\n       [1.20720067, 0.68700294, 3.31110332, 8.74050794, 0.52418189,\n        2.45546103],\n       [1.20719462, 0.68700342, 3.31110531, 8.74050254, 0.5241862 ,\n        2.45546065],\n       [1.20719727, 0.68700833, 3.31110479, 8.74050087, 0.52418849,\n        2.4554663 ],\n       [1.20719386, 0.68700221, 3.31110546, 8.7405073 , 0.52418298,\n        2.4554636 ],\n       [1.20719303, 0.68700264, 3.31110305, 8.74050754, 0.52417794,\n        2.4554546 ]]), array([0.2552706, 0.2552706, 0.2552706, 0.2552706, 0.2552706, 0.2552706,\n       0.2552706]))", "callback": [0.8634198534504491, 0.5662258879229268, 0.4136917903119669, 0.3832493489691673, 0.3372798511954589, 0.3232906145148017, 0.30712325882377134, 0.29025467726838783, 0.27888889573703424, 0.2775972415421033, 0.2759556894830242, 0.274939067856074, 0.2745973609437895, 0.27357381981336215, 0.2726166552943514, 0.2689595082160612, 0.2643092839546842, 0.2567349697871506, 0.25640518194623696, 0.2560320941868678, 0.2560027160654076, 0.2559783279565948, 0.255967416429691, 0.2559245724478274, 0.25583347882155727, 0.2556564043206834, 0.2555593445605546, 0.25540597252475516, 0.255370457733055, 0.25529420413312764, 0.25527947690947483, 0.25527159008830114, 0.25527110800384467, 0.25527073833465563, 0.2552706252028403, 0.2552706085311307, 0.2552706059143359, 0.25527060514998545, 0.2552706049814266, 0.2552706049324457, 0.25527060491911624]}, "5": {"maxiter": 500, "fatol": 1e-05, "xatol": 1e-10, "duration": 0.19144177436828613, "fun": "0.2552706049116594", "nit": "500", "nfev": "843", "status": "2", "success": "False", "message": "Maximum number of iterations has been exceeded.", "x": "[1.20719828 0.68700251 3.31110034 8.74050577 0.52418816 2.45546375]", "final_simplex": "(array([[1.20719828, 0.68700251, 3.31110034, 8.74050577, 0.52418816,\n        2.45546375],\n       [1.20719828, 0.68700251, 3.31110034, 8.74050577, 0.52418816,\n        2.45546375],\n       [1.20719828, 0.68700251, 3.31110034, 8.74050577, 0.52418816,\n        2.45546375],\n       [1.20719828, 0.68700251, 3.31110034, 8.74050577, 0.52418816,\n        2.45546375],\n       [1.20719828, 0.68700251, 3.31110034, 8.74050577, 0.52418816,\n        2.45546375],\n       [1.20719828, 0.68700251, 3.31110034, 8.74050577, 0.52418816,\n        2.45546375],\n       [1.20719828, 0.68700251, 3.31110034, 8.74050577, 0.52418816,\n        2.45546375]]), array([0.2552706, 0.2552706, 0.2552706, 0.2552706, 0.2552706, 0.2552706,\n       0.2552706]))", "callback": [0.8634198534504491, 0.5662258879229268, 0.4136917903119669, 0.3832493489691673, 0.3372798511954589, 0.3232906145148017, 0.30712325882377134, 0.29025467726838783, 0.27888889573703424, 0.2775972415421033, 0.2759556894830242, 0.274939067856074, 0.2745973609437895, 0.27357381981336215, 0.2726166552943514, 0.2689595082160612, 0.2643092839546842, 0.2567349697871506, 0.25640518194623696, 0.2560320941868678, 0.2560027160654076, 0.2559783279565948, 0.255967416429691, 0.2559245724478274, 0.25583347882155727, 0.2556564043206834, 0.2555593445605546, 0.25540597252475516, 0.255370457733055, 0.25529420413312764, 0.25527947690947483, 0.25527159008830114, 0.25527110800384467, 0.25527073833465563, 0.2552706252028403, 0.2552706085311307, 0.2552706059143359, 0.25527060514998545, 0.2552706049814266, 0.2552706049324457, 0.25527060491911624, 0.2552706049130672, 0.25527060491213893, 0.25527060491174725, 0.25527060491167697, 0.2552706049116641, 0.25527060491166087, 0.25527060491165965, 0.25527060491165954, 0.2552706049116594]}, "6": {"maxiter": 500, "fatol": 1e-10, "xatol": 1e-05, "duration": 0.15528106689453125, "fun": "0.25527060491743836", "nit": "405", "nfev": "638", "status": "0", "success": "True", "message": "Optimization terminated successfully.", "x": "[1.20719277 0.68700468 3.31109953 8.74050467 0.52418585 2.45546237]", "final_simplex": "(array([[1.20719277, 0.68700468, 3.31109953, 8.74050467, 0.52418585,\n        2.45546237],\n       [1.20719299, 0.68700732, 3.31110452, 8.74050366, 0.52419197,\n        2.45546633],\n       [1.20720067, 0.68700294, 3.31110332, 8.74050794, 0.52418189,\n        2.45546103],\n       [1.20719462, 0.68700342, 3.31110531, 8.74050254, 0.5241862 ,\n        2.45546065],\n       [1.20719727, 0.68700833, 3.31110479, 8.74050087, 0.52418849,\n        2.4554663 ],\n       [1.20719386, 0.68700221, 3.31110546, 8.7405073 , 0.52418298,\n        2.4554636 ],\n       [1.20719303, 0.68700264, 3.31110305, 8.74050754, 0.52417794,\n        2.4554546 ]]), array([0.2552706, 0.2552706, 0.2552706, 0.2552706, 0.2552706, 0.2552706,\n       0.2552706]))", "callback": [0.8634198534504491, 0.5662258879229268, 0.4136917903119669, 0.3832493489691673, 0.3372798511954589, 0.3232906145148017, 0.30712325882377134, 0.29025467726838783, 0.27888889573703424, 0.2775972415421033, 0.2759556894830242, 0.274939067856074, 0.2745973609437895, 0.27357381981336215, 0.2726166552943514, 0.2689595082160612, 0.2643092839546842, 0.2567349697871506, 0.25640518194623696, 0.2560320941868678, 0.2560027160654076, 0.2559783279565948, 0.255967416429691, 0.2559245724478274, 0.25583347882155727, 0.2556564043206834, 0.2555593445605546, 0.25540597252475516, 0.255370457733055, 0.25529420413312764, 0.25527947690947483, 0.25527159008830114, 0.25527110800384467, 0.25527073833465563, 0.2552706252028403, 0.2552706085311307, 0.2552706059143359, 0.25527060514998545, 0.2552706049814266, 0.2552706049324457, 0.25527060491911624]}, "7": {"maxiter": 500, "fatol": 1e-10, "xatol": 1e-10, "duration": 0.1974022388458252, "fun": "0.2552706049116594", "nit": "500", "nfev": "843", "status": "2", "success": "False", "message": "Maximum number of iterations has been exceeded.", "x": "[1.20719828 0.68700251 3.31110034 8.74050577 0.52418816 2.45546375]", "final_simplex": "(array([[1.20719828, 0.68700251, 3.31110034, 8.74050577, 0.52418816,\n        2.45546375],\n       [1.20719828, 0.68700251, 3.31110034, 8.74050577, 0.52418816,\n        2.45546375],\n       [1.20719828, 0.68700251, 3.31110034, 8.74050577, 0.52418816,\n        2.45546375],\n       [1.20719828, 0.68700251, 3.31110034, 8.74050577, 0.52418816,\n        2.45546375],\n       [1.20719828, 0.68700251, 3.31110034, 8.74050577, 0.52418816,\n        2.45546375],\n       [1.20719828, 0.68700251, 3.31110034, 8.74050577, 0.52418816,\n        2.45546375],\n       [1.20719828, 0.68700251, 3.31110034, 8.74050577, 0.52418816,\n        2.45546375]]), array([0.2552706, 0.2552706, 0.2552706, 0.2552706, 0.2552706, 0.2552706,\n       0.2552706]))", "callback": [0.8634198534504491, 0.5662258879229268, 0.4136917903119669, 0.3832493489691673, 0.3372798511954589, 0.3232906145148017, 0.30712325882377134, 0.29025467726838783, 0.27888889573703424, 0.2775972415421033, 0.2759556894830242, 0.274939067856074, 0.2745973609437895, 0.27357381981336215, 0.2726166552943514, 0.2689595082160612, 0.2643092839546842, 0.2567349697871506, 0.25640518194623696, 0.2560320941868678, 0.2560027160654076, 0.2559783279565948, 0.255967416429691, 0.2559245724478274, 0.25583347882155727, 0.2556564043206834, 0.2555593445605546, 0.25540597252475516, 0.255370457733055, 0.25529420413312764, 0.25527947690947483, 0.25527159008830114, 0.25527110800384467, 0.25527073833465563, 0.2552706252028403, 0.2552706085311307, 0.2552706059143359, 0.25527060514998545, 0.2552706049814266, 0.2552706049324457, 0.25527060491911624, 0.2552706049130672, 0.25527060491213893, 0.25527060491174725, 0.25527060491167697, 0.2552706049116641, 0.25527060491166087, 0.25527060491165965, 0.25527060491165954, 0.2552706049116594]}, "8": {"maxiter": 1000, "fatol": 1e-05, "xatol": 1e-05, "duration": 0.14345812797546387, "fun": "0.25527060491743836", "nit": "405", "nfev": "638", "status": "0", "success": "True", "message": "Optimization terminated successfully.", "x": "[1.20719277 0.68700468 3.31109953 8.74050467 0.52418585 2.45546237]", "final_simplex": "(array([[1.20719277, 0.68700468, 3.31109953, 8.74050467, 0.52418585,\n        2.45546237],\n       [1.20719299, 0.68700732, 3.31110452, 8.74050366, 0.52419197,\n        2.45546633],\n       [1.20720067, 0.68700294, 3.31110332, 8.74050794, 0.52418189,\n        2.45546103],\n       [1.20719462, 0.68700342, 3.31110531, 8.74050254, 0.5241862 ,\n        2.45546065],\n       [1.20719727, 0.68700833, 3.31110479, 8.74050087, 0.52418849,\n        2.4554663 ],\n       [1.20719386, 0.68700221, 3.31110546, 8.7405073 , 0.52418298,\n        2.4554636 ],\n       [1.20719303, 0.68700264, 3.31110305, 8.74050754, 0.52417794,\n        2.4554546 ]]), array([0.2552706, 0.2552706, 0.2552706, 0.2552706, 0.2552706, 0.2552706,\n       0.2552706]))", "callback": [0.8634198534504491, 0.5662258879229268, 0.4136917903119669, 0.3832493489691673, 0.3372798511954589, 0.3232906145148017, 0.30712325882377134, 0.29025467726838783, 0.27888889573703424, 0.2775972415421033, 0.2759556894830242, 0.274939067856074, 0.2745973609437895, 0.27357381981336215, 0.2726166552943514, 0.2689595082160612, 0.2643092839546842, 0.2567349697871506, 0.25640518194623696, 0.2560320941868678, 0.2560027160654076, 0.2559783279565948, 0.255967416429691, 0.2559245724478274, 0.25583347882155727, 0.2556564043206834, 0.2555593445605546, 0.25540597252475516, 0.255370457733055, 0.25529420413312764, 0.25527947690947483, 0.25527159008830114, 0.25527110800384467, 0.25527073833465563, 0.2552706252028403, 0.2552706085311307, 0.2552706059143359, 0.25527060514998545, 0.2552706049814266, 0.2552706049324457, 0.25527060491911624]}, "9": {"maxiter": 1000, "fatol": 1e-05, "xatol": 1e-10, "duration": 0.21500110626220703, "fun": "0.2552706049116594", "nit": "506", "nfev": "864", "status": "0", "success": "True", "message": "Optimization terminated successfully.", "x": "[1.20719828 0.68700251 3.31110034 8.74050577 0.52418816 2.45546375]", "final_simplex": "(array([[1.20719828, 0.68700251, 3.31110034, 8.74050577, 0.52418816,\n        2.45546375],\n       [1.20719828, 0.68700251, 3.31110034, 8.74050577, 0.52418816,\n        2.45546375],\n       [1.20719828, 0.68700251, 3.31110034, 8.74050577, 0.52418816,\n        2.45546375],\n       [1.20719828, 0.68700251, 3.31110034, 8.74050577, 0.52418816,\n        2.45546375],\n       [1.20719828, 0.68700251, 3.31110034, 8.74050577, 0.52418816,\n        2.45546375],\n       [1.20719828, 0.68700251, 3.31110034, 8.74050577, 0.52418816,\n        2.45546375],\n       [1.20719828, 0.68700251, 3.31110034, 8.74050577, 0.52418816,\n        2.45546375]]), array([0.2552706, 0.2552706, 0.2552706, 0.2552706, 0.2552706, 0.2552706,\n       0.2552706]))", "callback": [0.8634198534504491, 0.5662258879229268, 0.4136917903119669, 0.3832493489691673, 0.3372798511954589, 0.3232906145148017, 0.30712325882377134, 0.29025467726838783, 0.27888889573703424, 0.2775972415421033, 0.2759556894830242, 0.274939067856074, 0.2745973609437895, 0.27357381981336215, 0.2726166552943514, 0.2689595082160612, 0.2643092839546842, 0.2567349697871506, 0.25640518194623696, 0.2560320941868678, 0.2560027160654076, 0.2559783279565948, 0.255967416429691, 0.2559245724478274, 0.25583347882155727, 0.2556564043206834, 0.2555593445605546, 0.25540597252475516, 0.255370457733055, 0.25529420413312764, 0.25527947690947483, 0.25527159008830114, 0.25527110800384467, 0.25527073833465563, 0.2552706252028403, 0.2552706085311307, 0.2552706059143359, 0.25527060514998545, 0.2552706049814266, 0.2552706049324457, 0.25527060491911624, 0.2552706049130672, 0.25527060491213893, 0.25527060491174725, 0.25527060491167697, 0.2552706049116641, 0.25527060491166087, 0.25527060491165965, 0.25527060491165954, 0.2552706049116594, 0.2552706049116594]}, "10": {"maxiter": 1000, "fatol": 1e-10, "xatol": 1e-05, "duration": 0.15638399124145508, "fun": "0.25527060491743836", "nit": "405", "nfev": "638", "status": "0", "success": "True", "message": "Optimization terminated successfully.", "x": "[1.20719277 0.68700468 3.31109953 8.74050467 0.52418585 2.45546237]", "final_simplex": "(array([[1.20719277, 0.68700468, 3.31109953, 8.74050467, 0.52418585,\n        2.45546237],\n       [1.20719299, 0.68700732, 3.31110452, 8.74050366, 0.52419197,\n        2.45546633],\n       [1.20720067, 0.68700294, 3.31110332, 8.74050794, 0.52418189,\n        2.45546103],\n       [1.20719462, 0.68700342, 3.31110531, 8.74050254, 0.5241862 ,\n        2.45546065],\n       [1.20719727, 0.68700833, 3.31110479, 8.74050087, 0.52418849,\n        2.4554663 ],\n       [1.20719386, 0.68700221, 3.31110546, 8.7405073 , 0.52418298,\n        2.4554636 ],\n       [1.20719303, 0.68700264, 3.31110305, 8.74050754, 0.52417794,\n        2.4554546 ]]), array([0.2552706, 0.2552706, 0.2552706, 0.2552706, 0.2552706, 0.2552706,\n       0.2552706]))", "callback": [0.8634198534504491, 0.5662258879229268, 0.4136917903119669, 0.3832493489691673, 0.3372798511954589, 0.3232906145148017, 0.30712325882377134, 0.29025467726838783, 0.27888889573703424, 0.2775972415421033, 0.2759556894830242, 0.274939067856074, 0.2745973609437895, 0.27357381981336215, 0.2726166552943514, 0.2689595082160612, 0.2643092839546842, 0.2567349697871506, 0.25640518194623696, 0.2560320941868678, 0.2560027160654076, 0.2559783279565948, 0.255967416429691, 0.2559245724478274, 0.25583347882155727, 0.2556564043206834, 0.2555593445605546, 0.25540597252475516, 0.255370457733055, 0.25529420413312764, 0.25527947690947483, 0.25527159008830114, 0.25527110800384467, 0.25527073833465563, 0.2552706252028403, 0.2552706085311307, 0.2552706059143359, 0.25527060514998545, 0.2552706049814266, 0.2552706049324457, 0.25527060491911624]}, "11": {"maxiter": 1000, "fatol": 1e-10, "xatol": 1e-10, "duration": 0.201948881149292, "fun": "0.2552706049116594", "nit": "506", "nfev": "864", "status": "0", "success": "True", "message": "Optimization terminated successfully.", "x": "[1.20719828 0.68700251 3.31110034 8.74050577 0.52418816 2.45546375]", "final_simplex": "(array([[1.20719828, 0.68700251, 3.31110034, 8.74050577, 0.52418816,\n        2.45546375],\n       [1.20719828, 0.68700251, 3.31110034, 8.74050577, 0.52418816,\n        2.45546375],\n       [1.20719828, 0.68700251, 3.31110034, 8.74050577, 0.52418816,\n        2.45546375],\n       [1.20719828, 0.68700251, 3.31110034, 8.74050577, 0.52418816,\n        2.45546375],\n       [1.20719828, 0.68700251, 3.31110034, 8.74050577, 0.52418816,\n        2.45546375],\n       [1.20719828, 0.68700251, 3.31110034, 8.74050577, 0.52418816,\n        2.45546375],\n       [1.20719828, 0.68700251, 3.31110034, 8.74050577, 0.52418816,\n        2.45546375]]), array([0.2552706, 0.2552706, 0.2552706, 0.2552706, 0.2552706, 0.2552706,\n       0.2552706]))", "callback": [0.8634198534504491, 0.5662258879229268, 0.4136917903119669, 0.3832493489691673, 0.3372798511954589, 0.3232906145148017, 0.30712325882377134, 0.29025467726838783, 0.27888889573703424, 0.2775972415421033, 0.2759556894830242, 0.274939067856074, 0.2745973609437895, 0.27357381981336215, 0.2726166552943514, 0.2689595082160612, 0.2643092839546842, 0.2567349697871506, 0.25640518194623696, 0.2560320941868678, 0.2560027160654076, 0.2559783279565948, 0.255967416429691, 0.2559245724478274, 0.25583347882155727, 0.2556564043206834, 0.2555593445605546, 0.25540597252475516, 0.255370457733055, 0.25529420413312764, 0.25527947690947483, 0.25527159008830114, 0.25527110800384467, 0.25527073833465563, 0.2552706252028403, 0.2552706085311307, 0.2552706059143359, 0.25527060514998545, 0.2552706049814266, 0.2552706049324457, 0.25527060491911624, 0.2552706049130672, 0.25527060491213893, 0.25527060491174725, 0.25527060491167697, 0.2552706049116641, 0.25527060491166087, 0.25527060491165965, 0.25527060491165954, 0.2552706049116594, 0.2552706049116594]}}, "bfgs": {"type": "gradient", "0": {"maxiter": 100, "gtol": 1e-05, "xrtol": 1e-05, "eps": 1e-05, "duration": 0.052371978759765625, "fun": "0.25527060498588305", "jac": "[ 2.65187872e-07  1.09992015e-06  6.29185593e-07 -2.22615260e-06\n -2.90145685e-07  2.51532128e-07]", "hess_inv": "[[ 4.51230664 -0.73122041 -1.14928127 -0.72507271 -3.04466163 -1.59845041]\n [-0.73122041  4.10832277  0.0356617  -0.91298168  1.15823205  1.19039954]\n [-1.14928127  0.0356617   4.70200525 -0.69749843  3.50046612  2.0247161 ]\n [-0.72507271 -0.91298168 -0.69749843  3.79241324  0.51432981  0.13257383]\n [-3.04466163  1.15823205  3.50046612  0.51432981 14.48641639  9.43693008]\n [-1.59845041  1.19039954  2.0247161   0.13257383  9.43693008  9.12090714]]", "nfev": "217", "njev": "31", "status": "0", "success": "True", "message": "Optimization terminated successfully.", "x": "[1.20720359 0.687002   3.3110903  8.7404941  0.52415075 2.45543463]", "nit": "24", "callback": [0.8994788776372875, 0.658592888855196, 0.6404158048470274, 0.4745342893819905, 0.42354778367304835, 0.3563134158165039, 0.33961995492723895, 0.3238444132340669, 0.30082995675192814, 0.28218455397821285, 0.27516892588513076, 0.2689366676438898, 0.26310858599498343, 0.26172439920088075, 0.2603784435880059, 0.2589511300012819, 0.2569361380500853, 0.25572155515611494, 0.2553313421035106, 0.25527283617146457, 0.2552707495088481, 0.25527061654983685, 0.2552706053332967, 0.25527060498588305]}, "1": {"maxiter": 100, "gtol": 1e-05, "xrtol": 1e-05, "eps": 1e-10, "duration": 0.04874992370605469, "fun": "0.2552706051656193", "jac": "[ 0.00000000e+00  2.22044587e-06 -9.99200639e-06 -2.22044587e-06\n  5.55111466e-06 -6.66133760e-06]", "hess_inv": "[[ 4.46301483 -0.9032145  -1.12423118 -0.57610381 -3.18770971 -1.65405172]\n [-0.9032145   4.06250402 -0.18615011 -0.85206996  1.03617064  1.13873276]\n [-1.12423118 -0.18615011  5.18973448 -0.44740165  3.51046451  2.16535918]\n [-0.57610381 -0.85206996 -0.44740165  3.41119193  0.49211629  0.15381281]\n [-3.18770971  1.03617064  3.51046451  0.49211629 14.33251231  9.68258459]\n [-1.65405172  1.13873276  2.16535918  0.15381281  9.68258459  9.62717906]]", "nfev": "210", "njev": "30", "status": "0", "success": "True", "message": "Optimization terminated successfully.", "x": "[1.20720396 0.68701945 3.31106469 8.74049341 0.5241782  2.45544391]", "nit": "23", "callback": [0.8994731511056823, 0.6585974792111338, 0.6406178764236258, 0.4762785792858131, 0.4193721063796144, 0.352930521017775, 0.33953687127932897, 0.3184945591310554, 0.2967737013222709, 0.28272258599370514, 0.27540629139695927, 0.26821344612775566, 0.26292914497619846, 0.26178654684726654, 0.2601765383613761, 0.2585969408631421, 0.2565964251446994, 0.2556137230841212, 0.2552899527522451, 0.2552713761860057, 0.2552706484059575, 0.25527060977879157, 0.2552706051656193]}, "2": {"maxiter": 100, "gtol": 1e-05, "xrtol": 1e-10, "eps": 1e-05, "duration": 0.051779747009277344, "fun": "0.25527060498588305", "jac": "[ 2.65187872e-07  1.09992015e-06  6.29185593e-07 -2.22615260e-06\n -2.90145685e-07  2.51532128e-07]", "hess_inv": "[[ 4.51230664 -0.73122041 -1.14928127 -0.72507271 -3.04466163 -1.59845041]\n [-0.73122041  4.10832277  0.0356617  -0.91298168  1.15823205  1.19039954]\n [-1.14928127  0.0356617   4.70200525 -0.69749843  3.50046612  2.0247161 ]\n [-0.72507271 -0.91298168 -0.69749843  3.79241324  0.51432981  0.13257383]\n [-3.04466163  1.15823205  3.50046612  0.51432981 14.48641639  9.43693008]\n [-1.59845041  1.19039954  2.0247161   0.13257383  9.43693008  9.12090714]]", "nfev": "217", "njev": "31", "status": "0", "success": "True", "message": "Optimization terminated successfully.", "x": "[1.20720359 0.687002   3.3110903  8.7404941  0.52415075 2.45543463]", "nit": "24", "callback": [0.8994788776372875, 0.658592888855196, 0.6404158048470274, 0.4745342893819905, 0.42354778367304835, 0.3563134158165039, 0.33961995492723895, 0.3238444132340669, 0.30082995675192814, 0.28218455397821285, 0.27516892588513076, 0.2689366676438898, 0.26310858599498343, 0.26172439920088075, 0.2603784435880059, 0.2589511300012819, 0.2569361380500853, 0.25572155515611494, 0.2553313421035106, 0.25527283617146457, 0.2552707495088481, 0.25527061654983685, 0.2552706053332967, 0.25527060498588305]}, "3": {"maxiter": 100, "gtol": 1e-05, "xrtol": 1e-10, "eps": 1e-10, "duration": 0.04763293266296387, "fun": "0.2552706051656193", "jac": "[ 0.00000000e+00  2.22044587e-06 -9.99200639e-06 -2.22044587e-06\n  5.55111466e-06 -6.66133760e-06]", "hess_inv": "[[ 4.46301483 -0.9032145  -1.12423118 -0.57610381 -3.18770971 -1.65405172]\n [-0.9032145   4.06250402 -0.18615011 -0.85206996  1.03617064  1.13873276]\n [-1.12423118 -0.18615011  5.18973448 -0.44740165  3.51046451  2.16535918]\n [-0.57610381 -0.85206996 -0.44740165  3.41119193  0.49211629  0.15381281]\n [-3.18770971  1.03617064  3.51046451  0.49211629 14.33251231  9.68258459]\n [-1.65405172  1.13873276  2.16535918  0.15381281  9.68258459  9.62717906]]", "nfev": "210", "njev": "30", "status": "0", "success": "True", "message": "Optimization terminated successfully.", "x": "[1.20720396 0.68701945 3.31106469 8.74049341 0.5241782  2.45544391]", "nit": "23", "callback": [0.8994731511056823, 0.6585974792111338, 0.6406178764236258, 0.4762785792858131, 0.4193721063796144, 0.352930521017775, 0.33953687127932897, 0.3184945591310554, 0.2967737013222709, 0.28272258599370514, 0.27540629139695927, 0.26821344612775566, 0.26292914497619846, 0.26178654684726654, 0.2601765383613761, 0.2585969408631421, 0.2565964251446994, 0.2556137230841212, 0.2552899527522451, 0.2552713761860057, 0.2552706484059575, 0.25527060977879157, 0.2552706051656193]}, "4": {"maxiter": 100, "gtol": 1e-10, "xrtol": 1e-05, "eps": 1e-05, "duration": 0.04984402656555176, "fun": "0.25527060498588305", "jac": "[ 2.65187872e-07  1.09992015e-06  6.29185593e-07 -2.22615260e-06\n -2.90145685e-07  2.51532128e-07]", "hess_inv": "[[ 4.51230664 -0.73122041 -1.14928127 -0.72507271 -3.04466163 -1.59845041]\n [-0.73122041  4.10832277  0.0356617  -0.91298168  1.15823205  1.19039954]\n [-1.14928127  0.0356617   4.70200525 -0.69749843  3.50046612  2.0247161 ]\n [-0.72507271 -0.91298168 -0.69749843  3.79241324  0.51432981  0.13257383]\n [-3.04466163  1.15823205  3.50046612  0.51432981 14.48641639  9.43693008]\n [-1.59845041  1.19039954  2.0247161   0.13257383  9.43693008  9.12090714]]", "nfev": "217", "njev": "31", "status": "0", "success": "True", "message": "Optimization terminated successfully.", "x": "[1.20720359 0.687002   3.3110903  8.7404941  0.52415075 2.45543463]", "nit": "24", "callback": [0.8994788776372875, 0.658592888855196, 0.6404158048470274, 0.4745342893819905, 0.42354778367304835, 0.3563134158165039, 0.33961995492723895, 0.3238444132340669, 0.30082995675192814, 0.28218455397821285, 0.27516892588513076, 0.2689366676438898, 0.26310858599498343, 0.26172439920088075, 0.2603784435880059, 0.2589511300012819, 0.2569361380500853, 0.25572155515611494, 0.2553313421035106, 0.25527283617146457, 0.2552707495088481, 0.25527061654983685, 0.2552706053332967, 0.25527060498588305]}, "5": {"maxiter": 100, "gtol": 1e-10, "xrtol": 1e-05, "eps": 1e-10, "duration": 0.04961991310119629, "fun": "0.2552706049248197", "jac": "[-1.11022293e-06 -1.11022293e-06 -1.11022293e-06 -2.22044587e-06\n  1.11022293e-06  0.00000000e+00]", "hess_inv": "[[ 4.56712504 -0.77647021 -1.1852025  -0.60014376 -3.14049049 -1.71834851]\n [-0.77647021  4.19829561 -0.13072241 -0.87424657  1.15423106  1.14144306]\n [-1.1852025  -0.13072241  4.31714702 -0.48299006  3.05844916  1.63566974]\n [-0.60014376 -0.87424657 -0.48299006  3.41402707  0.45800809  0.13763607]\n [-3.14049049  1.15423106  3.05844916  0.45800809 14.15566378  9.38835545]\n [-1.71834851  1.14144306  1.63566974  0.13763607  9.38835545  9.31250983]]", "nfev": "217", "njev": "31", "status": "0", "success": "True", "message": "Optimization terminated successfully.", "x": "[1.2071985  0.68700808 3.31110097 8.74049648 0.52419117 2.45546795]", "nit": "24", "callback": [0.8994731511056823, 0.6585974792111338, 0.6406178764236258, 0.4762785792858131, 0.4193721063796144, 0.352930521017775, 0.33953687127932897, 0.3184945591310554, 0.2967737013222709, 0.28272258599370514, 0.27540629139695927, 0.26821344612775566, 0.26292914497619846, 0.26178654684726654, 0.2601765383613761, 0.2585969408631421, 0.2565964251446994, 0.2556137230841212, 0.2552899527522451, 0.2552713761860057, 0.2552706484059575, 0.25527060977879157, 0.2552706051656193, 0.2552706049248197]}, "6": {"maxiter": 100, "gtol": 1e-10, "xrtol": 1e-10, "eps": 1e-05, "duration": 0.10054969787597656, "fun": "0.25527060497746534", "jac": "[-1.11044507e-07 -8.33777491e-08 -2.59781086e-07 -9.06164033e-08\n -3.51940699e-08  1.85595983e-07]", "hess_inv": "[[ 4.48936755 -0.71060114 -1.22212976 -0.64622107 -2.92023933 -1.51676287]\n [-0.71060114  4.65770872 -0.03258183 -1.23501694  1.73677163  1.66043039]\n [-1.22212976 -0.03258183  4.50214475 -0.38784473  3.7331007   2.15615001]\n [-0.64622107 -1.23501694 -0.38784473  3.60354953 -0.23602739 -0.38313558]\n [-2.92023933  1.73677163  3.7331007  -0.23602739 14.64037079  9.65775451]\n [-1.51676287  1.66043039  2.15615001 -0.38313558  9.65775451  9.34904208]]", "nfev": "445", "njev": "62", "status": "2", "success": "False", "message": "Desired error not necessarily achieved due to precision loss.", "x": "[1.20720181 0.68699448 3.31108677 8.74050381 0.52414906 2.45543235]", "nit": "25", "callback": [0.8994788776372875, 0.658592888855196, 0.6404158048470274, 0.4745342893819905, 0.42354778367304835, 0.3563134158165039, 0.33961995492723895, 0.3238444132340669, 0.30082995675192814, 0.28218455397821285, 0.27516892588513076, 0.2689366676438898, 0.26310858599498343, 0.26172439920088075, 0.2603784435880059, 0.2589511300012819, 0.2569361380500853, 0.25572155515611494, 0.2553313421035106, 0.25527283617146457, 0.2552707495088481, 0.25527061654983685, 0.2552706053332967, 0.25527060498588305, 0.25527060497746534]}, "7": {"maxiter": 100, "gtol": 1e-10, "xrtol": 1e-10, "eps": 1e-10, "duration": 0.0734107494354248, "fun": "0.25527060491381937", "jac": "[0.00000000e+00 1.11022293e-06 0.00000000e+00 2.22044587e-06\n 1.11022293e-06 0.00000000e+00]", "hess_inv": "[[ 1.66420791  1.09472513 -0.54747907 -2.11402329 -0.20060936  0.08655265]\n [ 1.09472513  3.51232115  1.31117868 -4.66938635  2.14257119  3.96252663]\n [-0.54747907  1.31117868  3.1331736  -2.34958564  2.81678317  4.81631641]\n [-2.11402329 -4.66938635 -2.34958564  7.75845702 -3.68053734 -6.85831723]\n [-0.20060936  2.14257119  2.81678317 -3.68053734  4.80022387  6.20142871]\n [ 0.08655265  3.96252663  4.81631641 -6.85831723  6.20142871 10.37538014]]", "nfev": "329", "njev": "47", "status": "0", "success": "True", "message": "Optimization terminated successfully.", "x": "[1.20720055 0.68700305 3.31109995 8.74050793 0.52418681 2.45546206]", "nit": "30", "callback": [0.8994731511056823, 0.6585974792111338, 0.6406178764236258, 0.4762785792858131, 0.4193721063796144, 0.352930521017775, 0.33953687127932897, 0.3184945591310554, 0.2967737013222709, 0.28272258599370514, 0.27540629139695927, 0.26821344612775566, 0.26292914497619846, 0.26178654684726654, 0.2601765383613761, 0.2585969408631421, 0.2565964251446994, 0.2556137230841212, 0.2552899527522451, 0.2552713761860057, 0.2552706484059575, 0.25527060977879157, 0.2552706051656193, 0.2552706049248197, 0.2552706049217226, 0.2552706049193747, 0.25527060491644593, 0.2552706049139969, 0.2552706049138195, 0.25527060491381937]}, "8": {"maxiter": 500, "gtol": 1e-05, "xrtol": 1e-05, "eps": 1e-05, "duration": 0.048707008361816406, "fun": "0.25527060498588305", "jac": "[ 2.65187872e-07  1.09992015e-06  6.29185593e-07 -2.22615260e-06\n -2.90145685e-07  2.51532128e-07]", "hess_inv": "[[ 4.51230664 -0.73122041 -1.14928127 -0.72507271 -3.04466163 -1.59845041]\n [-0.73122041  4.10832277  0.0356617  -0.91298168  1.15823205  1.19039954]\n [-1.14928127  0.0356617   4.70200525 -0.69749843  3.50046612  2.0247161 ]\n [-0.72507271 -0.91298168 -0.69749843  3.79241324  0.51432981  0.13257383]\n [-3.04466163  1.15823205  3.50046612  0.51432981 14.48641639  9.43693008]\n [-1.59845041  1.19039954  2.0247161   0.13257383  9.43693008  9.12090714]]", "nfev": "217", "njev": "31", "status": "0", "success": "True", "message": "Optimization terminated successfully.", "x": "[1.20720359 0.687002   3.3110903  8.7404941  0.52415075 2.45543463]", "nit": "24", "callback": [0.8994788776372875, 0.658592888855196, 0.6404158048470274, 0.4745342893819905, 0.42354778367304835, 0.3563134158165039, 0.33961995492723895, 0.3238444132340669, 0.30082995675192814, 0.28218455397821285, 0.27516892588513076, 0.2689366676438898, 0.26310858599498343, 0.26172439920088075, 0.2603784435880059, 0.2589511300012819, 0.2569361380500853, 0.25572155515611494, 0.2553313421035106, 0.25527283617146457, 0.2552707495088481, 0.25527061654983685, 0.2552706053332967, 0.25527060498588305]}, "9": {"maxiter": 500, "gtol": 1e-05, "xrtol": 1e-05, "eps": 1e-10, "duration": 0.04722785949707031, "fun": "0.2552706051656193", "jac": "[ 0.00000000e+00  2.22044587e-06 -9.99200639e-06 -2.22044587e-06\n  5.55111466e-06 -6.66133760e-06]", "hess_inv": "[[ 4.46301483 -0.9032145  -1.12423118 -0.57610381 -3.18770971 -1.65405172]\n [-0.9032145   4.06250402 -0.18615011 -0.85206996  1.03617064  1.13873276]\n [-1.12423118 -0.18615011  5.18973448 -0.44740165  3.51046451  2.16535918]\n [-0.57610381 -0.85206996 -0.44740165  3.41119193  0.49211629  0.15381281]\n [-3.18770971  1.03617064  3.51046451  0.49211629 14.33251231  9.68258459]\n [-1.65405172  1.13873276  2.16535918  0.15381281  9.68258459  9.62717906]]", "nfev": "210", "njev": "30", "status": "0", "success": "True", "message": "Optimization terminated successfully.", "x": "[1.20720396 0.68701945 3.31106469 8.74049341 0.5241782  2.45544391]", "nit": "23", "callback": [0.8994731511056823, 0.6585974792111338, 0.6406178764236258, 0.4762785792858131, 0.4193721063796144, 0.352930521017775, 0.33953687127932897, 0.3184945591310554, 0.2967737013222709, 0.28272258599370514, 0.27540629139695927, 0.26821344612775566, 0.26292914497619846, 0.26178654684726654, 0.2601765383613761, 0.2585969408631421, 0.2565964251446994, 0.2556137230841212, 0.2552899527522451, 0.2552713761860057, 0.2552706484059575, 0.25527060977879157, 0.2552706051656193]}, "10": {"maxiter": 500, "gtol": 1e-05, "xrtol": 1e-10, "eps": 1e-05, "duration": 0.04853200912475586, "fun": "0.25527060498588305", "jac": "[ 2.65187872e-07  1.09992015e-06  6.29185593e-07 -2.22615260e-06\n -2.90145685e-07  2.51532128e-07]", "hess_inv": "[[ 4.51230664 -0.73122041 -1.14928127 -0.72507271 -3.04466163 -1.59845041]\n [-0.73122041  4.10832277  0.0356617  -0.91298168  1.15823205  1.19039954]\n [-1.14928127  0.0356617   4.70200525 -0.69749843  3.50046612  2.0247161 ]\n [-0.72507271 -0.91298168 -0.69749843  3.79241324  0.51432981  0.13257383]\n [-3.04466163  1.15823205  3.50046612  0.51432981 14.48641639  9.43693008]\n [-1.59845041  1.19039954  2.0247161   0.13257383  9.43693008  9.12090714]]", "nfev": "217", "njev": "31", "status": "0", "success": "True", "message": "Optimization terminated successfully.", "x": "[1.20720359 0.687002   3.3110903  8.7404941  0.52415075 2.45543463]", "nit": "24", "callback": [0.8994788776372875, 0.658592888855196, 0.6404158048470274, 0.4745342893819905, 0.42354778367304835, 0.3563134158165039, 0.33961995492723895, 0.3238444132340669, 0.30082995675192814, 0.28218455397821285, 0.27516892588513076, 0.2689366676438898, 0.26310858599498343, 0.26172439920088075, 0.2603784435880059, 0.2589511300012819, 0.2569361380500853, 0.25572155515611494, 0.2553313421035106, 0.25527283617146457, 0.2552707495088481, 0.25527061654983685, 0.2552706053332967, 0.25527060498588305]}, "11": {"maxiter": 500, "gtol": 1e-05, "xrtol": 1e-10, "eps": 1e-10, "duration": 0.04682493209838867, "fun": "0.2552706051656193", "jac": "[ 0.00000000e+00  2.22044587e-06 -9.99200639e-06 -2.22044587e-06\n  5.55111466e-06 -6.66133760e-06]", "hess_inv": "[[ 4.46301483 -0.9032145  -1.12423118 -0.57610381 -3.18770971 -1.65405172]\n [-0.9032145   4.06250402 -0.18615011 -0.85206996  1.03617064  1.13873276]\n [-1.12423118 -0.18615011  5.18973448 -0.44740165  3.51046451  2.16535918]\n [-0.57610381 -0.85206996 -0.44740165  3.41119193  0.49211629  0.15381281]\n [-3.18770971  1.03617064  3.51046451  0.49211629 14.33251231  9.68258459]\n [-1.65405172  1.13873276  2.16535918  0.15381281  9.68258459  9.62717906]]", "nfev": "210", "njev": "30", "status": "0", "success": "True", "message": "Optimization terminated successfully.", "x": "