{"date": "2024/09/25/, 14:24:46", "conf_id": 248, "data_type": "var_s_rank\n", "num_data_points": 1, "s_rank": 0, "unitary": "[[-0.53618537-0.34368723j,-0.12107031-0.46226139j,-0.07699282-0.46603512j,0.36022595-0.11472301j],[0.26026499-0.63450712j,-0.56616638+0.37832564j,-0.14988651+0.08458591j,0.10363514-0.16008501j],[-0.32580188-0.11070003j,-0.36476308-0.23593218j,0.02559343+0.41761608j,-0.25598305+0.6725303j],[0.07406738-0.0126433j,0.28513701+0.19483972j,-0.74939717-0.10299659j,0.29798249+0.46269921j]]", "databatch_0": {"databatch": "[[[-0.15629682+0.20420477j,-0.11861679+0.11147623j,-0.19143771-0.2121463j,0.05266193+0.08051684j],[0.09457882+0.24212315j,-0.00291474+0.04490061j,-0.23412315+0.21867426j,-0.13319111-0.10900205j],[-0.04063276+0.09143523j,0.01456+0.04777372j,-0.16131599-0.05679854j,0.08846897-0.05737675j],[0.4195694+0.03691279j,0.21780712+0.00182194j,-0.06983072+0.54258256j,-0.090539-0.17155206j]]]", "initial param values": "[1.27526141,2.94470939,4.05504341,1.10312586,5.78144279,1.74761404]", "nelder_mead": {"type": "gradient-free", "0": {"maxiter": 100, "fatol": 1e-05, "xatol": 1e-05, "duration": 0.03644895553588867, "fun": "0.13300425282221184", "nit": "100", "nfev": "154", "status": "2", "success": "False", "message": "Maximum number of iterations has been exceeded.", "x": "[ 1.53303171  5.54180292  3.48170997 -1.03353995  6.92799033  2.35324932]", "final_simplex": "(array([[ 1.53303171,  5.54180292,  3.48170997, -1.03353995,  6.92799033,\n         2.35324932],\n       [ 1.4175527 ,  5.11922282,  3.68228271, -0.79762885,  6.8102266 ,\n         2.47025658],\n       [ 1.61422229,  5.21448902,  3.79041654, -0.90300325,  6.93405568,\n         2.37124058],\n       [ 1.2927486 ,  5.41777834,  3.63397268, -0.91606599,  6.7304372 ,\n         2.55357064],\n       [ 1.41777263,  5.30543161,  3.6829706 , -0.75584544,  6.87114454,\n         2.31337857],\n       [ 1.36652915,  5.44828885,  3.55217698, -0.86857334,  6.92829649,\n         2.41659798],\n       [ 1.52296515,  5.41701314,  3.49366375, -0.88404733,  6.85119264,\n         2.30741319]]), array([0.13300425, 0.13325001, 0.13447326, 0.13458372, 0.13755879,\n       0.13824556, 0.13958148]))", "callback": [0.6784582993981454, 0.5375551620205856, 0.4665101596014891, 0.4425988788751948, 0.3497971535778963, 0.24389032542014388, 0.23337680529691518, 0.203182555470789, 0.18395863183013472, 0.14778726222616267]}, "1": {"maxiter": 100, "fatol": 1e-05, "xatol": 1e-10, "duration": 0.03531599044799805, "fun": "0.13300425282221184", "nit": "100", "nfev": "154", "status": "2", "success": "False", "message": "Maximum number of iterations has been exceeded.", "x": "[ 1.53303171  5.54180292  3.48170997 -1.03353995  6.92799033  2.35324932]", "final_simplex": "(array([[ 1.53303171,  5.54180292,  3.48170997, -1.03353995,  6.92799033,\n         2.35324932],\n       [ 1.4175527 ,  5.11922282,  3.68228271, -0.79762885,  6.8102266 ,\n         2.47025658],\n       [ 1.61422229,  5.21448902,  3.79041654, -0.90300325,  6.93405568,\n         2.37124058],\n       [ 1.2927486 ,  5.41777834,  3.63397268, -0.91606599,  6.7304372 ,\n         2.55357064],\n       [ 1.41777263,  5.30543161,  3.6829706 , -0.75584544,  6.87114454,\n         2.31337857],\n       [ 1.36652915,  5.44828885,  3.55217698, -0.86857334,  6.92829649,\n         2.41659798],\n       [ 1.52296515,  5.41701314,  3.49366375, -0.88404733,  6.85119264,\n         2.30741319]]), array([0.13300425, 0.13325001, 0.13447326, 0.13458372, 0.13755879,\n       0.13824556, 0.13958148]))", "callback": [0.6784582993981454, 0.5375551620205856, 0.4665101596014891, 0.4425988788751948, 0.3497971535778963, 0.24389032542014388, 0.23337680529691518, 0.203182555470789, 0.18395863183013472, 0.14778726222616267]}, "2": {"maxiter": 100, "fatol": 1e-10, "xatol": 1e-05, "duration": 0.03551793098449707, "fun": "0.13300425282221184", "nit": "100", "nfev": "154", "status": "2", "success": "False", "message": "Maximum number of iterations has been exceeded.", "x": "[ 1.53303171  5.54180292  3.48170997 -1.03353995  6.92799033  2.35324932]", "final_simplex": "(array([[ 1.53303171,  5.54180292,  3.48170997, -1.03353995,  6.92799033,\n         2.35324932],\n       [ 1.4175527 ,  5.11922282,  3.68228271, -0.79762885,  6.8102266 ,\n         2.47025658],\n       [ 1.61422229,  5.21448902,  3.79041654, -0.90300325,  6.93405568,\n         2.37124058],\n       [ 1.2927486 ,  5.41777834,  3.63397268, -0.91606599,  6.7304372 ,\n         2.55357064],\n       [ 1.41777263,  5.30543161,  3.6829706 , -0.75584544,  6.87114454,\n         2.31337857],\n       [ 1.36652915,  5.44828885,  3.55217698, -0.86857334,  6.92829649,\n         2.41659798],\n       [ 1.52296515,  5.41701314,  3.49366375, -0.88404733,  6.85119264,\n         2.30741319]]), array([0.13300425, 0.13325001, 0.13447326, 0.13458372, 0.13755879,\n       0.13824556, 0.13958148]))", "callback": [0.6784582993981454, 0.5375551620205856, 0.4665101596014891, 0.4425988788751948, 0.3497971535778963, 0.24389032542014388, 0.23337680529691518, 0.203182555470789, 0.18395863183013472, 0.14778726222616267]}, "3": {"maxiter": 100, "fatol": 1e-10, "xatol": 1e-10, "duration": 0.03504490852355957, "fun": "0.13300425282221184", "nit": "100", "nfev": "154", "status": "2", "success": "False", "message": "Maximum number of iterations has been exceeded.", "x": "[ 1.53303171  5.54180292  3.48170997 -1.03353995  6.92799033  2.35324932]", "final_simplex": "(array([[ 1.53303171,  5.54180292,  3.48170997, -1.03353995,  6.92799033,\n         2.35324932],\n       [ 1.4175527 ,  5.11922282,  3.68228271, -0.79762885,  6.8102266 ,\n         2.47025658],\n       [ 1.61422229,  5.21448902,  3.79041654, -0.90300325,  6.93405568,\n         2.37124058],\n       [ 1.2927486 ,  5.41777834,  3.63397268, -0.91606599,  6.7304372 ,\n         2.55357064],\n       [ 1.41777263,  5.30543161,  3.6829706 , -0.75584544,  6.87114454,\n         2.31337857],\n       [ 1.36652915,  5.44828885,  3.55217698, -0.86857334,  6.92829649,\n         2.41659798],\n       [ 1.52296515,  5.41701314,  3.49366375, -0.88404733,  6.85119264,\n         2.30741319]]), array([0.13300425, 0.13325001, 0.13447326, 0.13458372, 0.13755879,\n       0.13824556, 0.13958148]))", "callback": [0.6784582993981454, 0.5375551620205856, 0.4665101596014891, 0.4425988788751948, 0.3497971535778963, 0.24389032542014388, 0.23337680529691518, 0.203182555470789, 0.18395863183013472, 0.14778726222616267]}, "4": {"maxiter": 500, "fatol": 1e-05, "xatol": 1e-05, "duration": 0.12967300415039062, "fun": "0.05550155294327408", "nit": "355", "nfev": "555", "status": "0", "success": "True", "message": "Optimization terminated successfully.", "x": "[ 1.61446551  4.25087537  4.23423451 -1.15574151  7.71377631  1.25059769]", "final_simplex": "(array([[ 1.61446551,  4.25087537,  4.23423451, -1.15574151,  7.71377631,\n         1.25059769],\n       [ 1.61446356,  4.25087688,  4.23423668, -1.1557397 ,  7.71376952,\n         1.25060363],\n       [ 1.61446719,  4.25087111,  4.23423452, -1.15574243,  7.7137748 ,\n         1.25059955],\n       [ 1.61446518,  4.25087089,  4.23423607, -1.15574221,  7.71377866,\n         1.25059077],\n       [ 1.6144631 ,  4.25087698,  4.23423425, -1.15573543,  7.7137715 ,\n         1.25060051],\n       [ 1.61446497,  4.25088093,  4.23423542, -1.15573695,  7.71376927,\n         1.25059994],\n       [ 1.61446897,  4.25086539,  4.2342437 , -1.15574317,  7.71377878,\n         1.25059062]]), array([0.05550155, 0.05550155, 0.05550155, 0.05550155, 0.05550155,\n       0.05550155, 0.05550155]))", "callback": [0.6784582993981454, 0.5375551620205856, 0.4665101596014891, 0.4425988788751948, 0.3497971535778963, 0.24389032542014388, 0.23337680529691518, 0.203182555470789, 0.18395863183013472, 0.14778726222616267, 0.12985743801958172, 0.12240037299189399, 0.11745207006471514, 0.11531509354905167, 0.11126913393778437, 0.09315431067107982, 0.08680002705522427, 0.07458157033874635, 0.06077878037033413, 0.0582536217311973, 0.05559538640665973, 0.05559538640665973, 0.05559538640665973, 0.05552312175269847, 0.05550589333206135, 0.05550386692430642, 0.05550201157784618, 0.0555016482967835, 0.055501556444675026, 0.055501556444675026, 0.05550155435023596, 0.055501553264647896, 0.05550155305811333, 0.05550155298372883, 0.05550155295773296, 0.055501552945858235]}, "5": {"maxiter": 500, "fatol": 1e-05, "xatol": 1e-10, "duration": 0.20098519325256348, "fun": "0.05550155294150816", "nit": "473", "nfev": "807", "status": "0", "success": "True", "message": "Optimization terminated successfully.", "x": "[ 1.61446634  4.25087298  4.2342377  -1.15574092  7.71377717  1.25059521]", "final_simplex": "(array([[ 1.61446634,  4.25087298,  4.2342377 , -1.15574092,  7.71377717,\n         1.25059521],\n       [ 1.61446634,  4.25087298,  4.2342377 , -1.15574092,  7.71377717,\n         1.25059521],\n       [ 1.61446634,  4.25087298,  4.2342377 , -1.15574092,  7.71377717,\n         1.25059521],\n       [ 1.61446634,  4.25087298,  4.2342377 , -1.15574092,  7.71377717,\n         1.25059521],\n       [ 1.61446634,  4.25087298,  4.2342377 , -1.15574092,  7.71377717,\n         1.25059521],\n       [ 1.61446634,  4.25087298,  4.2342377 , -1.15574092,  7.71377717,\n         1.25059521],\n       [ 1.61446634,  4.25087298,  4.2342377 , -1.15574092,  7.71377717,\n         1.25059521]]), array([0.05550155, 0.05550155, 0.05550155, 0.05550155, 0.05550155,\n       0.05550155, 0.05550155]))", "callback": [0.6784582993981454, 0.5375551620205856, 0.4665101596014891, 0.4425988788751948, 0.3497971535778963, 0.24389032542014388, 0.23337680529691518, 0.203182555470789, 0.18395863183013472, 0.14778726222616267, 0.12985743801958172, 0.12240037299189399, 0.11745207006471514, 0.11531509354905167, 0.11126913393778437, 0.09315431067107982, 0.08680002705522427, 0.07458157033874635, 0.06077878037033413, 0.0582536217311973, 0.05559538640665973, 0.05559538640665973, 0.05559538640665973, 0.05552312175269847, 0.05550589333206135, 0.05550386692430642, 0.05550201157784618, 0.0555016482967835, 0.055501556444675026, 0.055501556444675026, 0.05550155435023596, 0.055501553264647896, 0.05550155305811333, 0.05550155298372883, 0.05550155295773296, 0.055501552945858235, 0.05550155294278092, 0.0555015529416385, 0.05550155294161585, 0.0555015529415529, 0.05550155294152215, 0.05550155294151149, 0.05550155294150938, 0.05550155294150816, 0.05550155294150816, 0.05550155294150816, 0.05550155294150816, 0.05550155294150816]}, "6": {"maxiter": 500, "fatol": 1e-10, "xatol": 1e-05, "duration": 0.15733981132507324, "fun": "0.05550155294327408", "nit": "355", "nfev": "555", "status": "0", "success": "True", "message": "Optimization terminated successfully.", "x": "[ 1.61446551  4.25087537  4.23423451 -1.15574151  7.71377631  1.25059769]", "final_simplex": "(array([[ 1.61446551,  4.25087537,  4.23423451, -1.15574151,  7.71377631,\n         1.25059769],\n       [ 1.61446356,  4.25087688,  4.23423668, -1.1557397 ,  7.71376952,\n         1.25060363],\n       [ 1.61446719,  4.25087111,  4.23423452, -1.15574243,  7.7137748 ,\n         1.25059955],\n       [ 1.61446518,  4.25087089,  4.23423607, -1.15574221,  7.71377866,\n         1.25059077],\n       [ 1.6144631 ,  4.25087698,  4.23423425, -1.15573543,  7.7137715 ,\n         1.25060051],\n       [ 1.61446497,  4.25088093,  4.23423542, -1.15573695,  7.71376927,\n         1.25059994],\n       [ 1.61446897,  4.25086539,  4.2342437 , -1.15574317,  7.71377878,\n         1.25059062]]), array([0.05550155, 0.05550155, 0.05550155, 0.05550155, 0.05550155,\n       0.05550155, 0.05550155]))", "callback": [0.6784582993981454, 0.5375551620205856, 0.4665101596014891, 0.4425988788751948, 0.3497971535778963, 0.24389032542014388, 0.23337680529691518, 0.203182555470789, 0.18395863183013472, 0.14778726222616267, 0.12985743801958172, 0.12240037299189399, 0.11745207006471514, 0.11531509354905167, 0.11126913393778437, 0.09315431067107982, 0.08680002705522427, 0.07458157033874635, 0.06077878037033413, 0.0582536217311973, 0.05559538640665973, 0.05559538640665973, 0.05559538640665973, 0.05552312175269847, 0.05550589333206135, 0.05550386692430642, 0.05550201157784618, 0.0555016482967835, 0.055501556444675026, 0.055501556444675026, 0.05550155435023596, 0.055501553264647896, 0.05550155305811333, 0.05550155298372883, 0.05550155295773296, 0.055501552945858235]}, "7": {"maxiter": 500, "fatol": 1e-10, "xatol": 1e-10, "duration": 0.21924090385437012, "fun": "0.05550155294150816", "nit": "473", "nfev": "807", "status": "0", "success": "True", "message": "Optimization terminated successfully.", "x": "[ 1.61446634  4.25087298  4.2342377  -1.15574092  7.71377717  1.25059521]", "final_simplex": "(array([[ 1.61446634,  4.25087298,  4.2342377 , -1.15574092,  7.71377717,\n         1.25059521],\n       [ 1.61446634,  4.25087298,  4.2342377 , -1.15574092,  7.71377717,\n         1.25059521],\n       [ 1.61446634,  4.25087298,  4.2342377 , -1.15574092,  7.71377717,\n         1.25059521],\n       [ 1.61446634,  4.25087298,  4.2342377 , -1.15574092,  7.71377717,\n         1.25059521],\n       [ 1.61446634,  4.25087298,  4.2342377 , -1.15574092,  7.71377717,\n         1.25059521],\n       [ 1.61446634,  4.25087298,  4.2342377 , -1.15574092,  7.71377717,\n         1.25059521],\n       [ 1.61446634,  4.25087298,  4.2342377 , -1.15574092,  7.71377717,\n         1.25059521]]), array([0.05550155, 0.05550155, 0.05550155, 0.05550155, 0.05550155,\n       0.05550155, 0.05550155]))", "callback": [0.6784582993981454, 0.5375551620205856, 0.4665101596014891, 0.4425988788751948, 0.3497971535778963, 0.24389032542014388, 0.23337680529691518, 0.203182555470789, 0.18395863183013472, 0.14778726222616267, 0.12985743801958172, 0.12240037299189399, 0.11745207006471514, 0.11531509354905167, 0.11126913393778437, 0.09315431067107982, 0.08680002705522427, 0.07458157033874635, 0.06077878037033413, 0.0582536217311973, 0.05559538640665973, 0.05559538640665973, 0.05559538640665973, 0.05552312175269847, 0.05550589333206135, 0.05550386692430642, 0.05550201157784618, 0.0555016482967835, 0.055501556444675026, 0.055501556444675026, 0.05550155435023596, 0.055501553264647896, 0.05550155305811333, 0.05550155298372883, 0.05550155295773296, 0.055501552945858235, 0.05550155294278092, 0.0555015529416385, 0.05550155294161585, 0.0555015529415529, 0.05550155294152215, 0.05550155294151149, 0.05550155294150938, 0.05550155294150816, 0.05550155294150816, 0.05550155294150816, 0.05550155294150816, 0.05550155294150816]}, "8": {"maxiter": 1000, "fatol": 1e-05, "xatol": 1e-05, "duration": 0.13316679000854492, "fun": "0.05550155294327408", "nit": "355", "nfev": "555", "status": "0", "success": "True", "message": "Optimization terminated successfully.", "x": "[ 1.61446551  4.25087537  4.23423451 -1.15574151  7.71377631  1.25059769]", "final_simplex": "(array([[ 1.61446551,  4.25087537,  4.23423451, -1.15574151,  7.71377631,\n         1.25059769],\n       [ 1.61446356,  4.25087688,  4.23423668, -1.1557397 ,  7.71376952,\n         1.25060363],\n       [ 1.61446719,  4.25087111,  4.23423452, -1.15574243,  7.7137748 ,\n         1.25059955],\n       [ 1.61446518,  4.25087089,  4.23423607, -1.15574221,  7.71377866,\n         1.25059077],\n       [ 1.6144631 ,  4.25087698,  4.23423425, -1.15573543,  7.7137715 ,\n         1.25060051],\n       [ 1.61446497,  4.25088093,  4.23423542, -1.15573695,  7.71376927,\n         1.25059994],\n       [ 1.61446897,  4.25086539,  4.2342437 , -1.15574317,  7.71377878,\n         1.25059062]]), array([0.05550155, 0.05550155, 0.05550155, 0.05550155, 0.05550155,\n       0.05550155, 0.05550155]))", "callback": [0.6784582993981454, 0.5375551620205856, 0.4665101596014891, 0.4425988788751948, 0.3497971535778963, 0.24389032542014388, 0.23337680529691518, 0.203182555470789, 0.18395863183013472, 0.14778726222616267, 0.12985743801958172, 0.12240037299189399, 0.11745207006471514, 0.11531509354905167, 0.11126913393778437, 0.09315431067107982, 0.08680002705522427, 0.07458157033874635, 0.06077878037033413, 0.0582536217311973, 0.05559538640665973, 0.05559538640665973, 0.05559538640665973, 0.05552312175269847, 0.05550589333206135, 0.05550386692430642, 0.05550201157784618, 0.0555016482967835, 0.055501556444675026, 0.055501556444675026, 0.05550155435023596, 0.055501553264647896, 0.05550155305811333, 0.05550155298372883, 0.05550155295773296, 0.055501552945858235]}, "9": {"maxiter": 1000, "fatol": 1e-05, "xatol": 1e-10, "duration": 0.27321600914001465, "fun": "0.05550155294150816", "nit": "473", "nfev": "807", "status": "0", "success": "True", "message": "Optimization terminated successfully.", "x": "[ 1.61446634  4.25087298  4.2342377  -1.15574092  7.71377717  1.25059521]", "final_simplex": "(array([[ 1.61446634,  4.25087298,  4.2342377 , -1.15574092,  7.71377717,\n         1.25059521],\n       [ 1.61446634,  4.25087298,  4.2342377 , -1.15574092,  7.71377717,\n         1.25059521],\n       [ 1.61446634,  4.25087298,  4.2342377 , -1.15574092,  7.71377717,\n         1.25059521],\n       [ 1.61446634,  4.25087298,  4.2342377 , -1.15574092,  7.71377717,\n         1.25059521],\n       [ 1.61446634,  4.25087298,  4.2342377 , -1.15574092,  7.71377717,\n         1.25059521],\n       [ 1.61446634,  4.25087298,  4.2342377 , -1.15574092,  7.71377717,\n         1.25059521],\n       [ 1.61446634,  4.25087298,  4.2342377 , -1.15574092,  7.71377717,\n         1.25059521]]), array([0.05550155, 0.05550155, 0.05550155, 0.05550155, 0.05550155,\n       0.05550155, 0.05550155]))", "callback": [0.6784582993981454, 0.5375551620205856, 0.4665101596014891, 0.4425988788751948, 0.3497971535778963, 0.24389032542014388, 0.23337680529691518, 0.203182555470789, 0.18395863183013472, 0.14778726222616267, 0.12985743801958172, 0.12240037299189399, 0.11745207006471514, 0.11531509354905167, 0.11126913393778437, 0.09315431067107982, 0.08680002705522427, 0.07458157033874635, 0.06077878037033413, 0.0582536217311973, 0.05559538640665973, 0.05559538640665973, 0.05559538640665973, 0.05552312175269847, 0.05550589333206135, 0.05550386692430642, 0.05550201157784618, 0.0555016482967835, 0.055501556444675026, 0.055501556444675026, 0.05550155435023596, 0.055501553264647896, 0.05550155305811333, 0.05550155298372883, 0.05550155295773296, 0.055501552945858235, 0.05550155294278092, 0.0555015529416385, 0.05550155294161585, 0.0555015529415529, 0.05550155294152215, 0.05550155294151149, 0.05550155294150938, 0.05550155294150816, 0.05550155294150816, 0.05550155294150816, 0.05550155294150816, 0.05550155294150816]}, "10": {"maxiter": 1000, "fatol": 1e-10, "xatol": 1e-05, "duration": 0.15185809135437012, "fun": "0.05550155294327408", "nit": "355", "nfev": "555", "status": "0", "success": "True", "message": "Optimization terminated successfully.", "x": "[ 1.61446551  4.25087537  4.23423451 -1.15574151  7.71377631  1.25059769]", "final_simplex": "(array([[ 1.61446551,  4.25087537,  4.23423451, -1.15574151,  7.71377631,\n         1.25059769],\n       [ 1.61446356,  4.25087688,  4.23423668, -1.1557397 ,  7.71376952,\n         1.25060363],\n       [ 1.61446719,  4.25087111,  4.23423452, -1.15574243,  7.7137748 ,\n         1.25059955],\n       [ 1.61446518,  4.25087089,  4.23423607, -1.15574221,  7.71377866,\n         1.25059077],\n       [ 1.6144631 ,  4.25087698,  4.23423425, -1.15573543,  7.7137715 ,\n         1.25060051],\n       [ 1.61446497,  4.25088093,  4.23423542, -1.15573695,  7.71376927,\n         1.25059994],\n       [ 1.61446897,  4.25086539,  4.2342437 , -1.15574317,  7.71377878,\n         1.25059062]]), array([0.05550155, 0.05550155, 0.05550155, 0.05550155, 0.05550155,\n       0.05550155, 0.05550155]))", "callback": [0.6784582993981454, 0.5375551620205856, 0.4665101596014891, 0.4425988788751948, 0.3497971535778963, 0.24389032542014388, 0.23337680529691518, 0.203182555470789, 0.18395863183013472, 0.14778726222616267, 0.12985743801958172, 0.12240037299189399, 0.11745207006471514, 0.11531509354905167, 0.11126913393778437, 0.09315431067107982, 0.08680002705522427, 0.07458157033874635, 0.06077878037033413, 0.0582536217311973, 0.05559538640665973, 0.05559538640665973, 0.05559538640665973, 0.05552312175269847, 0.05550589333206135, 0.05550386692430642, 0.05550201157784618, 0.0555016482967835, 0.055501556444675026, 0.055501556444675026, 0.05550155435023596, 0.055501553264647896, 0.05550155305811333, 0.05550155298372883, 0.05550155295773296, 0.055501552945858235]}, "11": {"maxiter": 1000, "fatol": 1e-10, "xatol": 1e-10, "duration": 0.20776009559631348, "fun": "0.05550155294150816", "nit": "473", "nfev": "807", "status": "0", "success": "True", "message": "Optimization terminated successfully.", "x": "[ 1.61446634  4.25087298  4.2342377  -1.15574092  7.71377717  1.25059521]", "final_simplex": "(array([[ 1.61446634,  4.25087298,  4.2342377 , -1.15574092,  7.71377717,\n         1.25059521],\n       [ 1.61446634,  4.25087298,  4.2342377 , -1.15574092,  7.71377717,\n         1.25059521],\n       [ 1.61446634,  4.25087298,  4.2342377 , -1.15574092,  7.71377717,\n         1.25059521],\n       [ 1.61446634,  4.25087298,  4.2342377 , -1.15574092,  7.71377717,\n         1.25059521],\n       [ 1.61446634,  4.25087298,  4.2342377 , -1.15574092,  7.71377717,\n         1.25059521],\n       [ 1.61446634,  4.25087298,  4.2342377 , -1.15574092,  7.71377717,\n         1.25059521],\n       [ 1.61446634,  4.25087298,  4.2342377 , -1.15574092,  7.71377717,\n         1.25059521]]), array([0.05550155, 0.05550155, 0.05550155, 0.05550155, 0.05550155,\n       0.05550155, 0.05550155]))", "callback": [0.6784582993981454, 0.5375551620205856, 0.4665101596014891, 0.4425988788751948, 0.3497971535778963, 0.24389032542014388, 0.23337680529691518, 0.203182555470789, 0.18395863183013472, 0.14778726222616267, 0.12985743801958172, 0.12240037299189399, 0.11745207006471514, 0.11531509354905167, 0.11126913393778437, 0.09315431067107982, 0.08680002705522427, 0.07458157033874635, 0.06077878037033413, 0.0582536217311973, 0.05559538640665973, 0.05559538640665973, 0.05559538640665973, 0.05552312175269847, 0.05550589333206135, 0.05550386692430642, 0.05550201157784618, 0.0555016482967835, 0.055501556444675026, 0.055501556444675026, 0.05550155435023596, 0.055501553264647896, 0.05550155305811333, 0.05550155298372883, 0.05550155295773296, 0.055501552945858235, 0.05550155294278092, 0.0555015529416385, 0.05550155294161585, 0.0555015529415529, 0.05550155294152215, 0.05550155294151149, 0.05550155294150938, 0.05550155294150816, 0.05550155294150816, 0.05550155294150816, 0.05550155294150816, 0.05550155294150816]}}, "bfgs": {"type": "gradient", "0": {"maxiter": 100, "gtol": 1e-05, "xrtol": 1e-05, "eps": 1e-05, "duration": 0.04774308204650879, "fun": "0.055501553025252726", "jac": "[-2.69608780e-06 -7.08233472e-07  5.99520433e-09  9.00279851e-07\n -7.58526575e-07 -5.68767256e-08]", "hess_inv": "[[  3.61810693  -3.37431025   1.07861141   2.29773794   2.74193055\n   -3.0911159 ]\n [ -3.37431025  12.92002835  -3.17885408  -2.85512956 -10.28691308\n   11.06158428]\n [  1.07861141  -3.17885408   3.76253759   1.10444599   2.90456861\n   -4.71883596]\n [  2.29773794  -2.85512956   1.10444599   3.96204196   3.47957329\n   -3.97980621]\n [  2.74193055 -10.28691308   2.90456861   3.47957329  13.76339477\n  -14.19424156]\n [ -3.0911159   11.06158428  -4.71883596  -3.97980621 -14.19424156\n   18.84001196]]", "nfev": "161", "njev": "23", "status": "0", "success": "True", "message": "Optimization terminated successfully.", "x": "[1.61444243 4.25089067 4.23422732 1.1557225  4.57215891 4.39221237]", "nit": "21", "callback": [0.316839311494857, 0.2101307988283556, 0.1498011916003713, 0.08492952274187138, 0.07881836710785439, 0.07534176393512548, 0.07308371343182407, 0.06916888181061598, 0.06345425776043201, 0.05976573934036389, 0.0575140942660437, 0.0559464999523156, 0.055568700727183895, 0.05552593600837308, 0.05551147401981682, 0.05550252836898917, 0.05550173185876894, 0.055501616610251214, 0.05550156110935722, 0.055501553781343915, 0.055501553025252726]}, "1": {"maxiter": 100, "gtol": 1e-05, "xrtol": 1e-05, "eps": 1e-10, "duration": 0.05129814147949219, "fun": "0.055501552995120385", "jac": "[-6.66133760e-06 -2.22044587e-06 -1.11022293e-06 -2.22044587e-06\n -2.22044587e-06 -4.44089173e-06]", "hess_inv": "[[  3.58435588  -3.49786698   1.12380297   2.27116439   2.82444107\n   -3.25228974]\n [ -3.49786698  12.72629092  -2.97449139  -2.93774537 -10.05625883\n   10.64223855]\n [  1.12380297  -2.97449139   3.46241152   1.12258166   2.74057637\n   -4.38526476]\n [  2.27116439  -2.93774537   1.12258166   3.93322871   3.53753916\n   -4.09427848]\n [  2.82444107 -10.05625883   2.74057637   3.53753916  13.6615235\n  -13.99428184]\n [ -3.25228974  10.64223855  -4.38526476  -4.09427848 -13.99428184\n   18.4240824 ]]", "nfev": "161", "njev": "23", "status": "0", "success": "True", "message": "Optimization terminated successfully.", "x": "[1.614456   4.25086224 4.2342479  1.15573694 4.57219747 4.39216395]", "nit": "21", "callback": [0.3168409663454451, 0.21012992422748855, 0.14979962365907618, 0.08492908790976972, 0.07881854665025356, 0.07534194044625775, 0.07308387849470566, 0.0691689584167503, 0.06345307471944173, 0.05976438809715079, 0.057514249455241084, 0.055946344838101236, 0.05556861612239361, 0.05552594783370357, 0.055511484550481716, 0.055502530915638615, 0.05550173350157683, 0.055501617175634066, 0.05550156075484047, 0.05550155353083197, 0.055501552995120385]}, "2": {"maxiter": 100, "gtol": 1e-05, "xrtol": 1e-10, "eps": 1e-05, "duration": 0.048828840255737305, "fun": "0.055501553025252726", "jac": "[-2.69608780e-06 -7.08233472e-07  5.99520433e-09  9.00279851e-07\n -7.58526575e-07 -5.68767256e-08]", "hess_inv": "[[  3.61810693  -3.37431025   1.07861141   2.29773794   2.74193055\n   -3.0911159 ]\n [ -3.37431025  12.92002835  -3.17885408  -2.85512956 -10.28691308\n   11.06158428]\n [  1.07861141  -3.17885408   3.76253759   1.10444599   2.90456861\n   -4.71883596]\n [  2.29773794  -2.85512956   1.10444599   3.96204196   3.47957329\n   -3.97980621]\n [  2.74193055 -10.28691308   2.90456861   3.47957329  13.76339477\n  -14.19424156]\n [ -3.0911159   11.06158428  -4.71883596  -3.97980621 -14.19424156\n   18.84001196]]", "nfev": "161", "njev": "23", "status": "0", "success": "True", "message": "Optimization terminated successfully.", "x": "[1.61444243 4.25089067 4.23422732 1.1557225  4.57215891 4.39221237]", "nit": "21", "callback": [0.316839311494857, 0.2101307988283556, 0.1498011916003713, 0.08492952274187138, 0.07881836710785439, 0.07534176393512548, 0.07308371343182407, 0.06916888181061598, 0.06345425776043201, 0.05976573934036389, 0.0575140942660437, 0.0559464999523156, 0.055568700727183895, 0.05552593600837308, 0.05551147401981682, 0.05550252836898917, 0.05550173185876894, 0.055501616610251214, 0.05550156110935722, 0.055501553781343915, 0.055501553025252726]}, "3": {"maxiter": 100, "gtol": 1e-05, "xrtol": 1e-10, "eps": 1e-10, "duration": 0.048277854919433594, "fun": "0.055501552995120385", "jac": "[-6.66133760e-06 -2.22044587e-06 -1.11022293e-06 -2.22044587e-06\n -2.22044587e-06 -4.44089173e-06]", "hess_inv": "[[  3.58435588  -3.49786698   1.12380297   2.27116439   2.82444107\n   -3.25228974]\n [ -3.49786698  12.72629092  -2.97449139  -2.93774537 -10.05625883\n   10.64223855]\n [  1.12380297  -2.97449139   3.46241152   1.12258166   2.74057637\n   -4.38526476]\n [  2.27116439  -2.93774537   1.12258166   3.93322871   3.53753916\n   -4.09427848]\n [  2.82444107 -10.05625883   2.74057637   3.53753916  13.6615235\n  -13.99428184]\n [ -3.25228974  10.64223855  -4.38526476  -4.09427848 -13.99428184\n   18.4240824 ]]", "nfev": "161", "njev": "23", "status": "0", "success": "True", "message": "Optimization terminated successfully.", "x": "[1.614456   4.25086224 4.2342479  1.15573694 4.57219747 4.39216395]", "nit": "21", "callback": [0.3168409663454451, 0.21012992422748855, 0.14979962365907618, 0.08492908790976972, 0.07881854665025356, 0.07534194044625775, 0.07308387849470566, 0.0691689584167503, 0.06345307471944173, 0.05976438809715079, 0.057514249455241084, 0.055946344838101236, 0.05556861612239361, 0.05552594783370357, 0.055511484550481716, 0.055502530915638615, 0.05550173350157683, 0.055501617175634066, 0.05550156075484047, 0.05550155353083197, 0.055501552995120385]}, "4": {"maxiter": 100, "gtol": 1e-10, "xrtol": 1e-05, "eps": 1e-05, "duration": 0.05001378059387207, "fun": "0.055501553025252726", "jac": "[-2.69608780e-06 -7.08233472e-07  5.99520433e-09  9.00279851e-07\n -7.58526575e-07 -5.68767256e-08]", "hess_inv": "[[  3.61810693  -3.37431025   1.07861141   2.29773794   2.74193055\n   -3.0911159 ]\n [ -3.37431025  12.92002835  -3.17885408  -2.85512956 -10.28691308\n   11.06158428]\n [  1.07861141  -3.17885408   3.76253759   1.10444599   2.90456861\n   -4.71883596]\n [  2.29773794  -2.85512956   1.10444599   3.96204196   3.47957329\n   -3.97980621]\n [  2.74193055 -10.28691308   2.90456861   3.47957329  13.76339477\n  -14.19424156]\n [ -3.0911159   11.06158428  -4.71883596  -3.97980621 -14.19424156\n   18.84001196]]", "nfev": "161", "njev": "23", "status": "0", "success": "True", "message": "Optimization terminated successfully.", "x": "[1.61444243 4.25089067 4.23422732 1.1557225  4.57215891 4.39221237]", "nit": "21", "callback": [0.316839311494857, 0.2101307988283556, 0.1498011916003713, 0.08492952274187138, 0.07881836710785439, 0.07534176393512548, 0.07308371343182407, 0.06916888181061598, 0.06345425776043201, 0.05976573934036389, 0.0575140942660437, 0.0559464999523156, 0.055568700727183895, 0.05552593600837308, 0.05551147401981682, 0.05550252836898917, 0.05550173185876894, 0.055501616610251214, 0.05550156110935722, 0.055501553781343915, 0.055501553025252726]}, "5": {"maxiter": 100, "gtol": 1e-10, "xrtol": 1e-05, "eps": 1e-10, "duration": 0.042999982833862305, "fun": "0.055501552995120385", "jac": "[-6.66133760e-06 -2.22044587e-06 -1.11022293e-06 -2.22044587e-06\n -2.22044587e-06 -4.44089173e-06]", "hess_inv": "[[  3.58435588  -3.49786698   1.12380297   2.27116439   2.82444107\n   -3.25228974]\n [ -3.49786698  12.72629092  -2.97449139  -2.93774537 -10.05625883\n   10.64223855]\n [  1.12380297  -2.97449139   3.46241152   1.12258166   2.74057637\n   -4.38526476]\n [  2.27116439  -2.93774537   1.12258166   3.93322871   3.53753916\n   -4.09427848]\n [  2.82444107 -10.05625883   2.74057637   3.53753916  13.6615235\n  -13.99428184]\n [ -3.25228974  10.64223855  -4.38526476  -4.09427848 -13.99428184\n   18.4240824 ]]", "nfev": "161", "njev": "23", "status": "0", "success": "True", "message": "Optimization terminated successfully.", "x": "[1.614456   4.25086224 4.2342479  1.15573694 4.57219747 4.39216395]", "nit": "21", "callback": [0.3168409663454451, 0.21012992422748855, 0.14979962365907618, 0.08492908790976972, 0.07881854665025356, 0.07534194044625775, 0.07308387849470566, 0.0691689584167503, 0.06345307471944173, 0.05976438809715079, 0.057514249455241084, 0.055946344838101236, 0.05556861612239361, 0.05552594783370357, 0.055511484550481716, 0.055502530915638615, 0.05550173350157683, 0.055501617175634066, 0.05550156075484047, 0.05550155353083197, 0.055501552995120385]}, "6": {"maxiter": 100, "gtol": 1e-10, "xrtol": 1e-10, "eps": 1e-05, "duration": 0.11219406127929688, "fun": "0.05550155298320214", "jac": "[ 3.64153152e-09 -7.90478794e-09  1.11022302e-10  1.12909682e-08\n -1.71751502e-08 -1.76525461e-09]", "hess_inv": "[[  4.09107884  -3.70010216   1.12128751   2.46046846   3.39655945\n   -3.63065003]\n [ -3.70010216  13.12983671  -3.1537192   -2.95610132 -10.77100938\n   11.396707  ]\n [  1.12128751  -3.1537192    3.66157548   1.11231557   2.91393943\n   -4.60611166]\n [  2.46046846  -2.95610132   1.11231557   4.02169843   3.66930055\n   -4.12903276]\n [  3.39655945 -10.77100938   2.91393943   3.66930055  14.89825369\n  -15.06723419]\n [ -3.63065003  11.396707    -4.60611166  -4.12903276 -15.06723419\n   19.36981433]]", "nfev": "453", "njev": "63", "status": "2", "success": "False", "message": "Desired error not necessarily achieved due to precision loss.", "x": "[1.6144513  4.25088505 4.23422915 1.15572617 4.57216735 4.39220414]", "nit": "23", "callback": [0.316839311494857, 0.2101307988283556, 0.1498011916003713, 0.08492952274187138, 0.07881836710785439, 0.07534176393512548, 0.07308371343182407, 0.06916888181061598, 0.06345425776043201, 0.05976573934036389, 0.0575140942660437, 0.0559464999523156, 0.055568700727183895, 0.05552593600837308, 0.05551147401981682, 0.05550252836898917, 0.05550173185876894, 0.055501616610251214, 0.05550156110935722, 0.055501553781343915, 0.055501553025252726, 0.05550155298554038, 0.05550155298320214]}, "7": {"maxiter": 100, "gtol": 1e-10, "xrtol": 1e-10, "eps": 1e-10, "duration": 0.05559992790222168, "fun": "0.05550155295325543", "jac": "[0.00000000e+00 1.11022293e-06 3.33066880e-06 2.22044587e-06\n 0.00000000e+00 3.33066880e-06]", "hess_inv": "[[ 5.67790395 -3.68119492  1.18651186  4.13950691  2.88884671 -2.21527733]\n [-3.68119492  7.10583725 -1.48856486 -2.68250979 -4.28359152  2.92272253]\n [ 1.18651186 -1.48856486  3.04640328  0.99843223  1.14027408 -2.26621989]\n [ 4.13950691 -2.68250979  0.99843223  5.36305705  2.94729092 -2.39510222]\n [ 2.88884671 -4.28359152  1.14027408  2.94729092  7.50885893 -5.92295837]\n [-2.21527733  2.92272253 -2.26621989 -2.39510222 -5.92295837  8.40545085]]", "nfev": "238", "njev": "34", "status": "0", "success": "True", "message": "Optimization terminated successfully.", "x": "[1.61446995 4.25087205 4.23424411 1.15574473 4.57218254 4.39218962]", "nit": "23", "callback": [0.3168409663454451, 0.21012992422748855, 0.14979962365907618, 0.08492908790976972, 0.07881854665025356, 0.07534194044625775, 0.07308387849470566, 0.0691689584167503, 0.06345307471944173, 0.05976438809715079, 0.057514249455241084, 0.055946344838101236, 0.05556861612239361, 0.05552594783370357, 0.055511484550481716, 0.055502530915638615, 0.05550173350157683, 0.055501617175634066, 0.05550156075484047, 0.05550155353083197, 0.055501552995120385, 0.05550155295325565, 0.05550155295325543]}, "8": {"maxiter": 500, "gtol": 1e-05, "xrtol": 1e-05, "eps": 1e-05, "duration": 0.038897037506103516, "fun": "0.055501553025252726", "jac": "[-2.69608780e-06 -7.08233472e-07  5.99520433e-09  9.00279851e-07\n -7.58526575e-07 -5.68767256e-08]", "hess_inv": "[[  3.61810693  -3.37431025   1.07861141   2.29773794   2.74193055\n   -3.0911159 ]\n [ -3.37431025  12.92002835  -3.17885408  -2.85512956 -10.28691308\n   11.06158428]\n [  1.07861141  -3.17885408   3.76253759   1.10444599   2.90456861\n   -4.71883596]\n [  2.29773794  -2.85512956   1.10444599   3.96204196   3.47957329\n   -3.97980621]\n [  2.74193055 -10.28691308   2.90456861   3.47957329  13.76339477\n  -14.19424156]\n [ -3.0911159   11.06158428  -4.71883596  -3.97980621 -14.19424156\n   18.84001196]]", "nfev": "161", "njev": "23", "status": "0", "success": "True", "message": "Optimization terminated successfully.", "x": "[1.61444243 4.25089067 4.23422732 1.1557225  4.57215891 4.39221237]", "nit": "21", "callback": [0.316839311494857, 0.2101307988283556, 0.1498011916003713, 0.08492952274187138, 0.07881836710785439, 0.07534176393512548, 0.07308371343182407, 0.06916888181061598, 0.06345425776043201, 0.05976573934036389, 0.0575140942660437, 0.0559464999523156, 0.055568700727183895, 0.05552593600837308, 0.05551147401981682, 0.05550252836898917, 0.05550173185876894, 0.055501616610251214, 0.05550156110935722, 0.055501553781343915, 0.055501553025252726]}, "9": {"maxiter": 500, "gtol": 1e-05, "xrtol": 1e-05, "eps": 1e-10, "duration": 0.038230180740356445, "fun": "0.055501552995120385", "jac": "[-6.66133760e-06 -2.22044587e-06 -1.11022293e-06 -2.22044587e-06\n -2.22044587e-06 -4.44089173e-06]", "hess_inv": "[[  3.58435588  -3.49786698   1.12380297   2.27116439   2.82444107\n   -3.25228974]\n [ -3.49786698  12.72629092  -2.97449139  -2.93774537 -10.05625883\n   10.64223855]\n [  1.12380297  -2.97449139   3.46241152   1.12258166   2.74057637\n   -4.38526476]\n [  2.27116439  -2.93774537   1.12258166   3.93322871   3.53753916\n   -4.09427848]\n [  2.82444107 -10.05625883   2.74057637   3.53753916  13.6615235\n  -13.99428184]\n [ -3.25228974  10.64223855  -4.38526476  -4.09427848 -13.99428184\n   18.4240824 ]]", "nfev": "161", "njev": "23", "status": "0", "success": "True", "message": "Optimization terminated successfully.", "x": "[1.614456   4.25086224 4.2342479  1.15573694 4.57219747 4.39216395]", "nit": "21", "callback": [0.3168409663454451, 0.21012992422748855, 0.14979962365907618, 0.08492908790976972, 0.07881854665025356, 0.07534194044625775, 0.07308387849470566, 0.0691689584167503, 0.06345307471944173, 0.05976438809715079, 0.057514249455241084, 0.055946344838101236, 0.05556861612239361, 0.05552594783370357, 0.055511484550481716, 0.055502530915638615, 0.05550173350157683, 0.055501617175634066, 0.05550156075484047, 0.05550155353083197, 0.055501552995120385]}, "10": {"maxiter": 500, "gtol": 1e-05, "xrtol": 1e-10, "eps": 1e-05, "duration": 0.03835701942443848, "fun": "0.055501553025252726", "jac": "[-2.69608780e-06 -7.08233472e-07  5.99520433e-09  9.00279851e-07\n -7.58526575e-07 -5.68767256e-08]", "hess_inv": "[[  3.61810693  -3.37431025   1.07861141   2.29773794   2.74193055\n   -3.0911159 ]\n [ -3.37431025  12.92002835  -3.17885408  -2.85512956 -10.28691308\n   11.06158428]\n [  1.07861141  -3.17885408   3.76253759   1.10444599   2.90456861\n   -4.71883596]\n [  2.29773794  -2.85512956   1.10444599   3.96204196   3.47957329\n   -3.97980621]\n [  2.74193055 -10.28691308   2.90456861   3.47957329  13.76339477\n  -14.19424156]\n [ -3.0911159   11.06158428  -4.71883596  -3.97980621 -14.19424156\n   18.84001196]]", "nfev": "161", "njev": "23", "status": "0", "success": "True", "message": "Optimization terminated successfully.", "x": "[1.61444243 4.25089067 4.23422732 1.1557225  4.57215891 4.39221237]", "nit": "21", "callback": [0.316839311494857, 0.2101307988283556, 0.1498011916003713, 0.08492952274187138, 0.07881836710785439, 0.07534176393512548, 0.07308371343182407, 0.06916888181061598, 0.06345425776043201, 0.05976573934036389, 0.0575140942660437, 0.0559464999523156, 0.055568700727183895, 0.05552593600837308, 0.05551147401981682, 0.05550252836898917, 0.05550173185876894, 0.055501616610251214, 0.05550156110935722, 0.055501553781343915, 0.055501553025252726]}, "11": {"maxiter": 500, "gtol": 1e-05, "xrtol": 1e-10, "eps": 1e-10, "duration": 0.04228973388671875, "fun": "0.055501552995120385", "jac": "[-6.66133760e-06 -2.22044587e-06 -1.11022293e-06 -2.22044587e-06\n -2.22044587e-06 -4.44089173e-06]", "hess_inv": "[[  3.58435588  -3.49786698   1.12380297   2.27116439   2.82444107\n   -3.25228974]\n [ -3.49786698  12.72629092  -2.97449139  -2.93774537 -10.05625883\n   10.64223855]\n [  1.12380297  -2.97449139   3.46241152   1.12258166   2.74057637\n   -4.38526476]\n [  2.27116439  -2.93774537   1.12258166   3.93322871   3.53753916\n   -4.09427848]\n [  2.82444107 -10.05625883   2.74057637   3.53753916  13.6615235\n  -13.99428184]\n [ -3.25228974  10.64223855  -4.38526476  -4.09427848 -13.99428184\n   18.4240824 ]]", "nfev": "161", "njev": "23", "status": "0", "success": "True", "message": "Optimization terminated successfully.", "x": "[1.614456   4.25086224 4.2342479  1.15573694 4.57219747 4.39216395]", "nit": "21", "callback": [0.3168409663454451, 0.21012992422748855, 0.14979962365907618, 0.08492908790976972, 0.07881854665025356, 0.07534194044625775, 0.07308387849470566, 0.0691689584167503, 0.06345307471944173, 0.05976438809715079, 0.057514249455241084, 0.055946344838101236, 0.05556861612239361, 0.05552594783370357, 0.055511484550481716, 0.055502530915638615, 0.05550173350157683, 0.055501617175634066, 0.05550156075484047, 0.05550155353083197, 0.055501552995120385]}, "12": {"maxiter": 500, "gtol": 1e-10, "xrtol": 1e-05, "eps": 1e-05, "duration": 0.04191899299621582, "fun": "0.055501553025252726", "jac": "[-2.69608780e-06 -7.08233472e-07  5.99520433e-09  9.00279851e-07\n -7.58526575e-07 -5.68767256e-08]", "hess_inv": "[[  3.61810693  -3.37431025   1.0786