{"date": "2024/09/25/, 02:23:38", "conf_id": 111, "data_type": "orthogonal\n", "num_data_points": 2, "s_rank": 0, "unitary": "[[-0.56303964-0.00798273j,-0.21670212-0.15784972j,-0.06047197-0.73952673j,-0.01438004+0.24552571j],[-0.06976756+0.23474685j,-0.01275565-0.5435098j,-0.02703657-0.08917885j,-0.08210486-0.79311774j],[-0.38559961+0.10714929j,0.5933431-0.2687392j,-0.24060861+0.29149289j,-0.45147719+0.26241743j],[-0.50180421+0.45931857j,-0.11617175+0.44134496j,0.49642745+0.22684508j,-0.08544628-0.15407063j]]", "databatch_0": {"databatch": "[[[-0.0874838+0.10897552j,0.12650518-0.06998135j,-0.10310839-0.21462462j,-0.0994503-0.18205146j],[0.08296945+0.19989374j,0.15559608+0.23644125j,0.05177406-0.01778494j,-0.50982211+0.28132139j],[0.08351732-0.06857869j,-0.06441624+0.07858032j,0.1282532+0.06628397j,0.07117206-0.07631153j],[-0.02465852-0.13260776j,0.25864783+0.22451151j,0.21340443-0.28812813j,-0.26893459-0.0266961j]],[[0.08159543-0.05477315j,-0.14104007-0.06650301j,-0.03344885+0.14023668j,0.10318648-0.02950427j],[0.31883341-0.00923392j,-0.11418546+0.05487698j,0.05563314+0.26003814j,-0.04717059+0.22070838j],[0.50490422+0.11332294j,0.08067869-0.1717254j,-0.08230393-0.12632141j,-0.03560193-0.35629359j],[0.00542562+0.32922175j,-0.11499453+0.19942413j,0.10392541+0.24040674j,-0.03882159+0.08975673j]]]", "initial param values": "[5.67448899,4.11185029,2.68327443,5.16722149,2.63933564,1.11132568]", "nelder_mead": {"type": "gradient-free", "0": {"maxiter": 100, "fatol": 1e-05, "xatol": 1e-05, "duration": 0.037378787994384766, "fun": "0.30934308042260694", "nit": "100", "nfev": "153", "status": "2", "success": "False", "message": "Maximum number of iterations has been exceeded.", "x": "[4.13232336 3.1212395  3.3405132  2.99600569 3.22401825 1.65587404]", "final_simplex": "(array([[4.13232336, 3.1212395 , 3.3405132 , 2.99600569, 3.22401825,\n        1.65587404],\n       [4.13174422, 3.15373895, 3.37318711, 2.98097259, 3.25782851,\n        1.64610994],\n       [4.10220117, 3.13687136, 3.32555985, 2.97039476, 3.29887055,\n        1.6357747 ],\n       [4.12868462, 3.14564515, 3.3944901 , 2.9425542 , 3.25911061,\n        1.62294947],\n       [4.10594956, 3.00920144, 3.31138484, 2.97249317, 3.26381738,\n        1.66129815],\n       [4.15665178, 3.15164532, 3.36772727, 3.02026016, 3.261371  ,\n        1.62094755],\n       [4.00811952, 3.11726158, 3.42161296, 2.90234631, 3.2529615 ,\n        1.67130762]]), array([0.30934308, 0.30968827, 0.30970506, 0.3098506 , 0.31064468,\n       0.31074617, 0.31161749]))", "callback": [0.7818171559915525, 0.5338293694296852, 0.4232369532237613, 0.3721651906263941, 0.34694508929619616, 0.3265014032158665, 0.32123783646959436, 0.3151608509712127, 0.3151608509712127, 0.31181401627417704]}, "1": {"maxiter": 100, "fatol": 1e-05, "xatol": 1e-10, "duration": 0.036978960037231445, "fun": "0.30934308042260694", "nit": "100", "nfev": "153", "status": "2", "success": "False", "message": "Maximum number of iterations has been exceeded.", "x": "[4.13232336 3.1212395  3.3405132  2.99600569 3.22401825 1.65587404]", "final_simplex": "(array([[4.13232336, 3.1212395 , 3.3405132 , 2.99600569, 3.22401825,\n        1.65587404],\n       [4.13174422, 3.15373895, 3.37318711, 2.98097259, 3.25782851,\n        1.64610994],\n       [4.10220117, 3.13687136, 3.32555985, 2.97039476, 3.29887055,\n        1.6357747 ],\n       [4.12868462, 3.14564515, 3.3944901 , 2.9425542 , 3.25911061,\n        1.62294947],\n       [4.10594956, 3.00920144, 3.31138484, 2.97249317, 3.26381738,\n        1.66129815],\n       [4.15665178, 3.15164532, 3.36772727, 3.02026016, 3.261371  ,\n        1.62094755],\n       [4.00811952, 3.11726158, 3.42161296, 2.90234631, 3.2529615 ,\n        1.67130762]]), array([0.30934308, 0.30968827, 0.30970506, 0.3098506 , 0.31064468,\n       0.31074617, 0.31161749]))", "callback": [0.7818171559915525, 0.5338293694296852, 0.4232369532237613, 0.3721651906263941, 0.34694508929619616, 0.3265014032158665, 0.32123783646959436, 0.3151608509712127, 0.3151608509712127, 0.31181401627417704]}, "2": {"maxiter": 100, "fatol": 1e-10, "xatol": 1e-05, "duration": 0.03762626647949219, "fun": "0.30934308042260694", "nit": "100", "nfev": "153", "status": "2", "success": "False", "message": "Maximum number of iterations has been exceeded.", "x": "[4.13232336 3.1212395  3.3405132  2.99600569 3.22401825 1.65587404]", "final_simplex": "(array([[4.13232336, 3.1212395 , 3.3405132 , 2.99600569, 3.22401825,\n        1.65587404],\n       [4.13174422, 3.15373895, 3.37318711, 2.98097259, 3.25782851,\n        1.64610994],\n       [4.10220117, 3.13687136, 3.32555985, 2.97039476, 3.29887055,\n        1.6357747 ],\n       [4.12868462, 3.14564515, 3.3944901 , 2.9425542 , 3.25911061,\n        1.62294947],\n       [4.10594956, 3.00920144, 3.31138484, 2.97249317, 3.26381738,\n        1.66129815],\n       [4.15665178, 3.15164532, 3.36772727, 3.02026016, 3.261371  ,\n        1.62094755],\n       [4.00811952, 3.11726158, 3.42161296, 2.90234631, 3.2529615 ,\n        1.67130762]]), array([0.30934308, 0.30968827, 0.30970506, 0.3098506 , 0.31064468,\n       0.31074617, 0.31161749]))", "callback": [0.7818171559915525, 0.5338293694296852, 0.4232369532237613, 0.3721651906263941, 0.34694508929619616, 0.3265014032158665, 0.32123783646959436, 0.3151608509712127, 0.3151608509712127, 0.31181401627417704]}, "3": {"maxiter": 100, "fatol": 1e-10, "xatol": 1e-10, "duration": 0.0353388786315918, "fun": "0.30934308042260694", "nit": "100", "nfev": "153", "status": "2", "success": "False", "message": "Maximum number of iterations has been exceeded.", "x": "[4.13232336 3.1212395  3.3405132  2.99600569 3.22401825 1.65587404]", "final_simplex": "(array([[4.13232336, 3.1212395 , 3.3405132 , 2.99600569, 3.22401825,\n        1.65587404],\n       [4.13174422, 3.15373895, 3.37318711, 2.98097259, 3.25782851,\n        1.64610994],\n       [4.10220117, 3.13687136, 3.32555985, 2.97039476, 3.29887055,\n        1.6357747 ],\n       [4.12868462, 3.14564515, 3.3944901 , 2.9425542 , 3.25911061,\n        1.62294947],\n       [4.10594956, 3.00920144, 3.31138484, 2.97249317, 3.26381738,\n        1.66129815],\n       [4.15665178, 3.15164532, 3.36772727, 3.02026016, 3.261371  ,\n        1.62094755],\n       [4.00811952, 3.11726158, 3.42161296, 2.90234631, 3.2529615 ,\n        1.67130762]]), array([0.30934308, 0.30968827, 0.30970506, 0.3098506 , 0.31064468,\n       0.31074617, 0.31161749]))", "callback": [0.7818171559915525, 0.5338293694296852, 0.4232369532237613, 0.3721651906263941, 0.34694508929619616, 0.3265014032158665, 0.32123783646959436, 0.3151608509712127, 0.3151608509712127, 0.31181401627417704]}, "4": {"maxiter": 500, "fatol": 1e-05, "xatol": 1e-05, "duration": 0.1411430835723877, "fun": "0.30361913525729545", "nit": "388", "nfev": "602", "status": "0", "success": "True", "message": "Optimization terminated successfully.", "x": "[4.13825589 3.12448487 3.31101756 2.86526872 2.55770821 0.94763906]", "final_simplex": "(array([[4.13825589, 3.12448487, 3.31101756, 2.86526872, 2.55770821,\n        0.94763906],\n       [4.13825773, 3.12448335, 3.31101729, 2.86527036, 2.55770121,\n        0.94763282],\n       [4.13825485, 3.12448344, 3.31101654, 2.86526945, 2.55771355,\n        0.94764287],\n       [4.13825531, 3.12448208, 3.31101959, 2.86526903, 2.55771168,\n        0.94764286],\n       [4.13825328, 3.12448368, 3.3110177 , 2.86526909, 2.55771727,\n        0.9476479 ],\n       [4.13825241, 3.12448277, 3.31101726, 2.86526838, 2.55771444,\n        0.94764386],\n       [4.13825505, 3.12448615, 3.31101992, 2.8652694 , 2.55770931,\n        0.94763951]]), array([0.30361914, 0.30361914, 0.30361914, 0.30361914, 0.30361914,\n       0.30361914, 0.30361914]))", "callback": [0.7818171559915525, 0.5338293694296852, 0.4232369532237613, 0.3721651906263941, 0.34694508929619616, 0.3265014032158665, 0.32123783646959436, 0.3151608509712127, 0.3151608509712127, 0.31181401627417704, 0.30900013797906045, 0.3083779451862728, 0.3080777188735213, 0.3079959488397672, 0.30794414806293124, 0.3078952314197221, 0.30776760829734184, 0.30713173562482676, 0.3057221220774402, 0.304592257977903, 0.3040112958018296, 0.30385461437182837, 0.30376887356502413, 0.3036737169530108, 0.3036619571996514, 0.3036360526765288, 0.30362878014486716, 0.30362134681286523, 0.30361995476747494, 0.3036194425801608, 0.3036191717814454, 0.3036191717814454, 0.3036191394470802, 0.3036191367131438, 0.30361913551764586, 0.3036191353757659, 0.3036191352712645, 0.30361913526337014, 0.30361913525739226]}, "5": {"maxiter": 500, "fatol": 1e-05, "xatol": 1e-10, "duration": 0.1880168914794922, "fun": "0.30361913525670614", "nit": "481", "nfev": "817", "status": "0", "success": "True", "message": "Optimization terminated successfully.", "x": "[4.13825594 3.1244827  3.31101739 2.86526903 2.55770879 0.94763994]", "final_simplex": "(array([[4.13825594, 3.1244827 , 3.31101739, 2.86526903, 2.55770879,\n        0.94763994],\n       [4.13825594, 3.1244827 , 3.31101739, 2.86526903, 2.55770879,\n        0.94763994],\n       [4.13825594, 3.1244827 , 3.31101739, 2.86526903, 2.55770879,\n        0.94763994],\n       [4.13825594, 3.1244827 , 3.31101739, 2.86526903, 2.55770879,\n        0.94763994],\n       [4.13825594, 3.1244827 , 3.31101739, 2.86526903, 2.55770879,\n        0.94763994],\n       [4.13825594, 3.1244827 , 3.31101739, 2.86526903, 2.55770879,\n        0.94763994],\n       [4.13825594, 3.1244827 , 3.31101739, 2.86526903, 2.55770879,\n        0.94763994]]), array([0.30361914, 0.30361914, 0.30361914, 0.30361914, 0.30361914,\n       0.30361914, 0.30361914]))", "callback": [0.7818171559915525, 0.5338293694296852, 0.4232369532237613, 0.3721651906263941, 0.34694508929619616, 0.3265014032158665, 0.32123783646959436, 0.3151608509712127, 0.3151608509712127, 0.31181401627417704, 0.30900013797906045, 0.3083779451862728, 0.3080777188735213, 0.3079959488397672, 0.30794414806293124, 0.3078952314197221, 0.30776760829734184, 0.30713173562482676, 0.3057221220774402, 0.304592257977903, 0.3040112958018296, 0.30385461437182837, 0.30376887356502413, 0.3036737169530108, 0.3036619571996514, 0.3036360526765288, 0.30362878014486716, 0.30362134681286523, 0.30361995476747494, 0.3036194425801608, 0.3036191717814454, 0.3036191717814454, 0.3036191394470802, 0.3036191367131438, 0.30361913551764586, 0.3036191353757659, 0.3036191352712645, 0.30361913526337014, 0.30361913525739226, 0.3036191352568709, 0.30361913525676787, 0.3036191352567199, 0.3036191352567106, 0.30361913525670703, 0.30361913525670636, 0.30361913525670625, 0.30361913525670625, 0.30361913525670614, 0.30361913525670614]}, "6": {"maxiter": 500, "fatol": 1e-10, "xatol": 1e-05, "duration": 0.14957499504089355, "fun": "0.30361913525729545", "nit": "388", "nfev": "602", "status": "0", "success": "True", "message": "Optimization terminated successfully.", "x": "[4.13825589 3.12448487 3.31101756 2.86526872 2.55770821 0.94763906]", "final_simplex": "(array([[4.13825589, 3.12448487, 3.31101756, 2.86526872, 2.55770821,\n        0.94763906],\n       [4.13825773, 3.12448335, 3.31101729, 2.86527036, 2.55770121,\n        0.94763282],\n       [4.13825485, 3.12448344, 3.31101654, 2.86526945, 2.55771355,\n        0.94764287],\n       [4.13825531, 3.12448208, 3.31101959, 2.86526903, 2.55771168,\n        0.94764286],\n       [4.13825328, 3.12448368, 3.3110177 , 2.86526909, 2.55771727,\n        0.9476479 ],\n       [4.13825241, 3.12448277, 3.31101726, 2.86526838, 2.55771444,\n        0.94764386],\n       [4.13825505, 3.12448615, 3.31101992, 2.8652694 , 2.55770931,\n        0.94763951]]), array([0.30361914, 0.30361914, 0.30361914, 0.30361914, 0.30361914,\n       0.30361914, 0.30361914]))", "callback": [0.7818171559915525, 0.5338293694296852, 0.4232369532237613, 0.3721651906263941, 0.34694508929619616, 0.3265014032158665, 0.32123783646959436, 0.3151608509712127, 0.3151608509712127, 0.31181401627417704, 0.30900013797906045, 0.3083779451862728, 0.3080777188735213, 0.3079959488397672, 0.30794414806293124, 0.3078952314197221, 0.30776760829734184, 0.30713173562482676, 0.3057221220774402, 0.304592257977903, 0.3040112958018296, 0.30385461437182837, 0.30376887356502413, 0.3036737169530108, 0.3036619571996514, 0.3036360526765288, 0.30362878014486716, 0.30362134681286523, 0.30361995476747494, 0.3036194425801608, 0.3036191717814454, 0.3036191717814454, 0.3036191394470802, 0.3036191367131438, 0.30361913551764586, 0.3036191353757659, 0.3036191352712645, 0.30361913526337014, 0.30361913525739226]}, "7": {"maxiter": 500, "fatol": 1e-10, "xatol": 1e-10, "duration": 0.19633793830871582, "fun": "0.30361913525670614", "nit": "481", "nfev": "817", "status": "0", "success": "True", "message": "Optimization terminated successfully.", "x": "[4.13825594 3.1244827  3.31101739 2.86526903 2.55770879 0.94763994]", "final_simplex": "(array([[4.13825594, 3.1244827 , 3.31101739, 2.86526903, 2.55770879,\n        0.94763994],\n       [4.13825594, 3.1244827 , 3.31101739, 2.86526903, 2.55770879,\n        0.94763994],\n       [4.13825594, 3.1244827 , 3.31101739, 2.86526903, 2.55770879,\n        0.94763994],\n       [4.13825594, 3.1244827 , 3.31101739, 2.86526903, 2.55770879,\n        0.94763994],\n       [4.13825594, 3.1244827 , 3.31101739, 2.86526903, 2.55770879,\n        0.94763994],\n       [4.13825594, 3.1244827 , 3.31101739, 2.86526903, 2.55770879,\n        0.94763994],\n       [4.13825594, 3.1244827 , 3.31101739, 2.86526903, 2.55770879,\n        0.94763994]]), array([0.30361914, 0.30361914, 0.30361914, 0.30361914, 0.30361914,\n       0.30361914, 0.30361914]))", "callback": [0.7818171559915525, 0.5338293694296852, 0.4232369532237613, 0.3721651906263941, 0.34694508929619616, 0.3265014032158665, 0.32123783646959436, 0.3151608509712127, 0.3151608509712127, 0.31181401627417704, 0.30900013797906045, 0.3083779451862728, 0.3080777188735213, 0.3079959488397672, 0.30794414806293124, 0.3078952314197221, 0.30776760829734184, 0.30713173562482676, 0.3057221220774402, 0.304592257977903, 0.3040112958018296, 0.30385461437182837, 0.30376887356502413, 0.3036737169530108, 0.3036619571996514, 0.3036360526765288, 0.30362878014486716, 0.30362134681286523, 0.30361995476747494, 0.3036194425801608, 0.3036191717814454, 0.3036191717814454, 0.3036191394470802, 0.3036191367131438, 0.30361913551764586, 0.3036191353757659, 0.3036191352712645, 0.30361913526337014, 0.30361913525739226, 0.3036191352568709, 0.30361913525676787, 0.3036191352567199, 0.3036191352567106, 0.30361913525670703, 0.30361913525670636, 0.30361913525670625, 0.30361913525670625, 0.30361913525670614, 0.30361913525670614]}, "8": {"maxiter": 1000, "fatol": 1e-05, "xatol": 1e-05, "duration": 0.14050889015197754, "fun": "0.30361913525729545", "nit": "388", "nfev": "602", "status": "0", "success": "True", "message": "Optimization terminated successfully.", "x": "[4.13825589 3.12448487 3.31101756 2.86526872 2.55770821 0.94763906]", "final_simplex": "(array([[4.13825589, 3.12448487, 3.31101756, 2.86526872, 2.55770821,\n        0.94763906],\n       [4.13825773, 3.12448335, 3.31101729, 2.86527036, 2.55770121,\n        0.94763282],\n       [4.13825485, 3.12448344, 3.31101654, 2.86526945, 2.55771355,\n        0.94764287],\n       [4.13825531, 3.12448208, 3.31101959, 2.86526903, 2.55771168,\n        0.94764286],\n       [4.13825328, 3.12448368, 3.3110177 , 2.86526909, 2.55771727,\n        0.9476479 ],\n       [4.13825241, 3.12448277, 3.31101726, 2.86526838, 2.55771444,\n        0.94764386],\n       [4.13825505, 3.12448615, 3.31101992, 2.8652694 , 2.55770931,\n        0.94763951]]), array([0.30361914, 0.30361914, 0.30361914, 0.30361914, 0.30361914,\n       0.30361914, 0.30361914]))", "callback": [0.7818171559915525, 0.5338293694296852, 0.4232369532237613, 0.3721651906263941, 0.34694508929619616, 0.3265014032158665, 0.32123783646959436, 0.3151608509712127, 0.3151608509712127, 0.31181401627417704, 0.30900013797906045, 0.3083779451862728, 0.3080777188735213, 0.3079959488397672, 0.30794414806293124, 0.3078952314197221, 0.30776760829734184, 0.30713173562482676, 0.3057221220774402, 0.304592257977903, 0.3040112958018296, 0.30385461437182837, 0.30376887356502413, 0.3036737169530108, 0.3036619571996514, 0.3036360526765288, 0.30362878014486716, 0.30362134681286523, 0.30361995476747494, 0.3036194425801608, 0.3036191717814454, 0.3036191717814454, 0.3036191394470802, 0.3036191367131438, 0.30361913551764586, 0.3036191353757659, 0.3036191352712645, 0.30361913526337014, 0.30361913525739226]}, "9": {"maxiter": 1000, "fatol": 1e-05, "xatol": 1e-10, "duration": 0.19768190383911133, "fun": "0.30361913525670614", "nit": "481", "nfev": "817", "status": "0", "success": "True", "message": "Optimization terminated successfully.", "x": "[4.13825594 3.1244827  3.31101739 2.86526903 2.55770879 0.94763994]", "final_simplex": "(array([[4.13825594, 3.1244827 , 3.31101739, 2.86526903, 2.55770879,\n        0.94763994],\n       [4.13825594, 3.1244827 , 3.31101739, 2.86526903, 2.55770879,\n        0.94763994],\n       [4.13825594, 3.1244827 , 3.31101739, 2.86526903, 2.55770879,\n        0.94763994],\n       [4.13825594, 3.1244827 , 3.31101739, 2.86526903, 2.55770879,\n        0.94763994],\n       [4.13825594, 3.1244827 , 3.31101739, 2.86526903, 2.55770879,\n        0.94763994],\n       [4.13825594, 3.1244827 , 3.31101739, 2.86526903, 2.55770879,\n        0.94763994],\n       [4.13825594, 3.1244827 , 3.31101739, 2.86526903, 2.55770879,\n        0.94763994]]), array([0.30361914, 0.30361914, 0.30361914, 0.30361914, 0.30361914,\n       0.30361914, 0.30361914]))", "callback": [0.7818171559915525, 0.5338293694296852, 0.4232369532237613, 0.3721651906263941, 0.34694508929619616, 0.3265014032158665, 0.32123783646959436, 0.3151608509712127, 0.3151608509712127, 0.31181401627417704, 0.30900013797906045, 0.3083779451862728, 0.3080777188735213, 0.3079959488397672, 0.30794414806293124, 0.3078952314197221, 0.30776760829734184, 0.30713173562482676, 0.3057221220774402, 0.304592257977903, 0.3040112958018296, 0.30385461437182837, 0.30376887356502413, 0.3036737169530108, 0.3036619571996514, 0.3036360526765288, 0.30362878014486716, 0.30362134681286523, 0.30361995476747494, 0.3036194425801608, 0.3036191717814454, 0.3036191717814454, 0.3036191394470802, 0.3036191367131438, 0.30361913551764586, 0.3036191353757659, 0.3036191352712645, 0.30361913526337014, 0.30361913525739226, 0.3036191352568709, 0.30361913525676787, 0.3036191352567199, 0.3036191352567106, 0.30361913525670703, 0.30361913525670636, 0.30361913525670625, 0.30361913525670625, 0.30361913525670614, 0.30361913525670614]}, "10": {"maxiter": 1000, "fatol": 1e-10, "xatol": 1e-05, "duration": 0.14356088638305664, "fun": "0.30361913525729545", "nit": "388", "nfev": "602", "status": "0", "success": "True", "message": "Optimization terminated successfully.", "x": "[4.13825589 3.12448487 3.31101756 2.86526872 2.55770821 0.94763906]", "final_simplex": "(array([[4.13825589, 3.12448487, 3.31101756, 2.86526872, 2.55770821,\n        0.94763906],\n       [4.13825773, 3.12448335, 3.31101729, 2.86527036, 2.55770121,\n        0.94763282],\n       [4.13825485, 3.12448344, 3.31101654, 2.86526945, 2.55771355,\n        0.94764287],\n       [4.13825531, 3.12448208, 3.31101959, 2.86526903, 2.55771168,\n        0.94764286],\n       [4.13825328, 3.12448368, 3.3110177 , 2.86526909, 2.55771727,\n        0.9476479 ],\n       [4.13825241, 3.12448277, 3.31101726, 2.86526838, 2.55771444,\n        0.94764386],\n       [4.13825505, 3.12448615, 3.31101992, 2.8652694 , 2.55770931,\n        0.94763951]]), array([0.30361914, 0.30361914, 0.30361914, 0.30361914, 0.30361914,\n       0.30361914, 0.30361914]))", "callback": [0.7818171559915525, 0.5338293694296852, 0.4232369532237613, 0.3721651906263941, 0.34694508929619616, 0.3265014032158665, 0.32123783646959436, 0.3151608509712127, 0.3151608509712127, 0.31181401627417704, 0.30900013797906045, 0.3083779451862728, 0.3080777188735213, 0.3079959488397672, 0.30794414806293124, 0.3078952314197221, 0.30776760829734184, 0.30713173562482676, 0.3057221220774402, 0.304592257977903, 0.3040112958018296, 0.30385461437182837, 0.30376887356502413, 0.3036737169530108, 0.3036619571996514, 0.3036360526765288, 0.30362878014486716, 0.30362134681286523, 0.30361995476747494, 0.3036194425801608, 0.3036191717814454, 0.3036191717814454, 0.3036191394470802, 0.3036191367131438, 0.30361913551764586, 0.3036191353757659, 0.3036191352712645, 0.30361913526337014, 0.30361913525739226]}, "11": {"maxiter": 1000, "fatol": 1e-10, "xatol": 1e-10, "duration": 0.18953394889831543, "fun": "0.30361913525670614", "nit": "481", "nfev": "817", "status": "0", "success": "True", "message": "Optimization terminated successfully.", "x": "[4.13825594 3.1244827  3.31101739 2.86526903 2.55770879 0.94763994]", "final_simplex": "(array([[4.13825594, 3.1244827 , 3.31101739, 2.86526903, 2.55770879,\n        0.94763994],\n       [4.13825594, 3.1244827 , 3.31101739, 2.86526903, 2.55770879,\n        0.94763994],\n       [4.13825594, 3.1244827 , 3.31101739, 2.86526903, 2.55770879,\n        0.94763994],\n       [4.13825594, 3.1244827 , 3.31101739, 2.86526903, 2.55770879,\n        0.94763994],\n       [4.13825594, 3.1244827 , 3.31101739, 2.86526903, 2.55770879,\n        0.94763994],\n       [4.13825594, 3.1244827 , 3.31101739, 2.86526903, 2.55770879,\n        0.94763994],\n       [4.13825594, 3.1244827 , 3.31101739, 2.86526903, 2.55770879,\n        0.94763994]]), array([0.30361914, 0.30361914, 0.30361914, 0.30361914, 0.30361914,\n       0.30361914, 0.30361914]))", "callback": [0.7818171559915525, 0.5338293694296852, 0.4232369532237613, 0.3721651906263941, 0.34694508929619616, 0.3265014032158665, 0.32123783646959436, 0.3151608509712127, 0.3151608509712127, 0.31181401627417704, 0.30900013797906045, 0.3083779451862728, 0.3080777188735213, 0.3079959488397672, 0.30794414806293124, 0.3078952314197221, 0.30776760829734184, 0.30713173562482676, 0.3057221220774402, 0.304592257977903, 0.3040112958018296, 0.30385461437182837, 0.30376887356502413, 0.3036737169530108, 0.3036619571996514, 0.3036360526765288, 0.30362878014486716, 0.30362134681286523, 0.30361995476747494, 0.3036194425801608, 0.3036191717814454, 0.3036191717814454, 0.3036191394470802, 0.3036191367131438, 0.30361913551764586, 0.3036191353757659, 0.3036191352712645, 0.30361913526337014, 0.30361913525739226, 0.3036191352568709, 0.30361913525676787, 0.3036191352567199, 0.3036191352567106, 0.30361913525670703, 0.30361913525670636, 0.30361913525670625, 0.30361913525670625, 0.30361913525670614, 0.30361913525670614]}}, "bfgs": {"type": "gradient", "0": {"maxiter": 100, "gtol": 1e-05, "xrtol": 1e-05, "eps": 1e-05, "duration": 0.049198150634765625, "fun": "0.30361913551310704", "jac": "[-3.90087962e-07  1.55612190e-06 -1.03901332e-06 -9.86621895e-07\n -2.94220204e-07  7.77156117e-08]", "hess_inv": "[[ 5.48262885e+00  1.42138775e+00  7.74499106e-01  1.75655671e+00\n  -8.99792418e+00 -8.85612731e+00]\n [ 1.42138775e+00  5.73892564e+00  2.82736933e+00  8.16831583e-01\n  -2.96349867e+00 -4.75824964e+00]\n [ 7.74499106e-01  2.82736933e+00  4.90660901e+00  8.57430054e-03\n  -2.60631883e+00 -2.77220744e+00]\n [ 1.75655671e+00  8.16831583e-01  8.57430054e-03  3.51930829e+00\n  -2.07168264e+00 -1.97215054e+00]\n [-8.99792418e+00 -2.96349867e+00 -2.60631883e+00 -2.07168264e+00\n   5.81188916e+01  5.73179650e+01]\n [-8.85612731e+00 -4.75824964e+00 -2.77220744e+00 -1.97215054e+00\n   5.73179650e+01  6.07853835e+01]]", "nfev": "203", "njev": "29", "status": "0", "success": "True", "message": "Optimization terminated successfully.", "x": "[4.13827052 3.12448873 3.3110131  2.8652639  2.55754748 0.94747388]", "nit": "25", "callback": [0.6089768226197833, 0.49723067302644075, 0.3220363542126451, 0.3166096262999345, 0.3129525779303226, 0.31272156839731236, 0.31254233776629503, 0.3122412100291876, 0.3118442341513614, 0.31165292821821555, 0.3113223409765039, 0.31074472404273035, 0.30985582844532333, 0.308818151259753, 0.3070158182985441, 0.30462062767321985, 0.3039859820694062, 0.3037930721673442, 0.30366739077715454, 0.3036370229524017, 0.3036206714807457, 0.30361924890344927, 0.3036191432042008, 0.30361913602857493, 0.30361913551310704]}, "1": {"maxiter": 100, "gtol": 1e-05, "xrtol": 1e-05, "eps": 1e-10, "duration": 0.04818582534790039, "fun": "0.3036191352919091", "jac": "[-1.11022293e-06  0.00000000e+00 -2.22044587e-06 -1.11022293e-06\n -1.11022293e-06  0.00000000e+00]", "hess_inv": "[[ 5.59370550e+00  1.41089883e+00  7.13382252e-01  1.81249839e+00\n  -9.54463466e+00 -9.51749582e+00]\n [ 1.41089883e+00  5.74249435e+00  2.85075796e+00  8.16442213e-01\n  -2.71567446e+00 -4.52238277e+00]\n [ 7.13382252e-01  2.85075796e+00  4.90655294e+00 -1.10904565e-02\n  -2.23677697e+00 -2.44021022e+00]\n [ 1.81249839e+00  8.16442213e-01 -1.10904565e-02  3.54950792e+00\n  -2.31515958e+00 -2.21757139e+00]\n [-9.54463466e+00 -2.71567446e+00 -2.23677697e+00 -2.31515958e+00\n   6.10893681e+01  6.10497818e+01]\n [-9.51749582e+00 -4.52238277e+00 -2.44021022e+00 -2.21757139e+00\n   6.10497818e+01  6.51458638e+01]]", "nfev": "203", "njev": "29", "status": "0", "success": "True", "message": "Optimization terminated successfully.", "x": "[4.13825978 3.12448405 3.31101437 2.86526434 2.55765494 0.94758761]", "nit": "25", "callback": [0.6089750228191622, 0.49722783983240315, 0.32203116349335614, 0.3166055850263516, 0.3129524604446652, 0.31272150524950404, 0.31254224168594225, 0.31224106976414456, 0.3118441275667483, 0.3116530835759964, 0.31132235901682415, 0.310744359766824, 0.30985319829562197, 0.3088164418805889, 0.30701427552833493, 0.30461829533561313, 0.3039837073177596, 0.30379235185303455, 0.30366741993194823, 0.3036370497074826, 0.3036206502123222, 0.30361925432051473, 0.30361914400957635, 0.3036191357439266, 0.3036191352919091]}, "2": {"maxiter": 100, "gtol": 1e-05, "xrtol": 1e-10, "eps": 1e-05, "duration": 0.04888606071472168, "fun": "0.30361913551310704", "jac": "[-3.90087962e-07  1.55612190e-06 -1.03901332e-06 -9.86621895e-07\n -2.94220204e-07  7.77156117e-08]", "hess_inv": "[[ 5.48262885e+00  1.42138775e+00  7.74499106e-01  1.75655671e+00\n  -8.99792418e+00 -8.85612731e+00]\n [ 1.42138775e+00  5.73892564e+00  2.82736933e+00  8.16831583e-01\n  -2.96349867e+00 -4.75824964e+00]\n [ 7.74499106e-01  2.82736933e+00  4.90660901e+00  8.57430054e-03\n  -2.60631883e+00 -2.77220744e+00]\n [ 1.75655671e+00  8.16831583e-01  8.57430054e-03  3.51930829e+00\n  -2.07168264e+00 -1.97215054e+00]\n [-8.99792418e+00 -2.96349867e+00 -2.60631883e+00 -2.07168264e+00\n   5.81188916e+01  5.73179650e+01]\n [-8.85612731e+00 -4.75824964e+00 -2.77220744e+00 -1.97215054e+00\n   5.73179650e+01  6.07853835e+01]]", "nfev": "203", "njev": "29", "status": "0", "success": "True", "message": "Optimization terminated successfully.", "x": "[4.13827052 3.12448873 3.3110131  2.8652639  2.55754748 0.94747388]", "nit": "25", "callback": [0.6089768226197833, 0.49723067302644075, 0.3220363542126451, 0.3166096262999345, 0.3129525779303226, 0.31272156839731236, 0.31254233776629503, 0.3122412100291876, 0.3118442341513614, 0.31165292821821555, 0.3113223409765039, 0.31074472404273035, 0.30985582844532333, 0.308818151259753, 0.3070158182985441, 0.30462062767321985, 0.3039859820694062, 0.3037930721673442, 0.30366739077715454, 0.3036370229524017, 0.3036206714807457, 0.30361924890344927, 0.3036191432042008, 0.30361913602857493, 0.30361913551310704]}, "3": {"maxiter": 100, "gtol": 1e-05, "xrtol": 1e-10, "eps": 1e-10, "duration": 0.04723787307739258, "fun": "0.3036191352919091", "jac": "[-1.11022293e-06  0.00000000e+00 -2.22044587e-06 -1.11022293e-06\n -1.11022293e-06  0.00000000e+00]", "hess_inv": "[[ 5.59370550e+00  1.41089883e+00  7.13382252e-01  1.81249839e+00\n  -9.54463466e+00 -9.51749582e+00]\n [ 1.41089883e+00  5.74249435e+00  2.85075796e+00  8.16442213e-01\n  -2.71567446e+00 -4.52238277e+00]\n [ 7.13382252e-01  2.85075796e+00  4.90655294e+00 -1.10904565e-02\n  -2.23677697e+00 -2.44021022e+00]\n [ 1.81249839e+00  8.16442213e-01 -1.10904565e-02  3.54950792e+00\n  -2.31515958e+00 -2.21757139e+00]\n [-9.54463466e+00 -2.71567446e+00 -2.23677697e+00 -2.31515958e+00\n   6.10893681e+01  6.10497818e+01]\n [-9.51749582e+00 -4.52238277e+00 -2.44021022e+00 -2.21757139e+00\n   6.10497818e+01  6.51458638e+01]]", "nfev": "203", "njev": "29", "status": "0", "success": "True", "message": "Optimization terminated successfully.", "x": "[4.13825978 3.12448405 3.31101437 2.86526434 2.55765494 0.94758761]", "nit": "25", "callback": [0.6089750228191622, 0.49722783983240315, 0.32203116349335614, 0.3166055850263516, 0.3129524604446652, 0.31272150524950404, 0.31254224168594225, 0.31224106976414456, 0.3118441275667483, 0.3116530835759964, 0.31132235901682415, 0.310744359766824, 0.30985319829562197, 0.3088164418805889, 0.30701427552833493, 0.30461829533561313, 0.3039837073177596, 0.30379235185303455, 0.30366741993194823, 0.3036370497074826, 0.3036206502123222, 0.30361925432051473, 0.30361914400957635, 0.3036191357439266, 0.3036191352919091]}, "4": {"maxiter": 100, "gtol": 1e-10, "xrtol": 1e-05, "eps": 1e-05, "duration": 0.0483090877532959, "fun": "0.30361913551310704", "jac": "[-3.90087962e-07  1.55612190e-06 -1.03901332e-06 -9.86621895e-07\n -2.94220204e-07  7.77156117e-08]", "hess_inv": "[[ 5.48262885e+00  1.42138775e+00  7.74499106e-01  1.75655671e+00\n  -8.99792418e+00 -8.85612731e+00]\n [ 1.42138775e+00  5.73892564e+00  2.82736933e+00  8.16831583e-01\n  -2.96349867e+00 -4.75824964e+00]\n [ 7.74499106e-01  2.82736933e+00  4.90660901e+00  8.57430054e-03\n  -2.60631883e+00 -2.77220744e+00]\n [ 1.75655671e+00  8.16831583e-01  8.57430054e-03  3.51930829e+00\n  -2.07168264e+00 -1.97215054e+00]\n [-8.99792418e+00 -2.96349867e+00 -2.60631883e+00 -2.07168264e+00\n   5.81188916e+01  5.73179650e+01]\n [-8.85612731e+00 -4.75824964e+00 -2.77220744e+00 -1.97215054e+00\n   5.73179650e+01  6.07853835e+01]]", "nfev": "203", "njev": "29", "status": "0", "success": "True", "message": "Optimization terminated successfully.", "x": "[4.13827052 3.12448873 3.3110131  2.8652639  2.55754748 0.94747388]", "nit": "25", "callback": [0.6089768226197833, 0.49723067302644075, 0.3220363542126451, 0.3166096262999345, 0.3129525779303226, 0.31272156839731236, 0.31254233776629503, 0.3122412100291876, 0.3118442341513614, 0.31165292821821555, 0.3113223409765039, 0.31074472404273035, 0.30985582844532333, 0.308818151259753, 0.3070158182985441, 0.30462062767321985, 0.3039859820694062, 0.3037930721673442, 0.30366739077715454, 0.3036370229524017, 0.3036206714807457, 0.30361924890344927, 0.3036191432042008, 0.30361913602857493, 0.30361913551310704]}, "5": {"maxiter": 100, "gtol": 1e-10, "xrtol": 1e-05, "eps": 1e-10, "duration": 0.04933905601501465, "fun": "0.30361913526136963", "jac": "[ 3.33066880e-06 -1.11022293e-06  3.33066880e-06  0.00000000e+00\n  1.11022293e-06 -1.11022293e-06]", "hess_inv": "[[ 5.61654853  1.50160186  0.94198716  1.93122501 -8.30286656 -8.32144251]\n [ 1.50160186  5.43910193  2.48728952  0.7329021  -4.67243604 -6.51655165]\n [ 0.94198716  2.48728952  4.75906239  0.11390101 -3.00426337 -3.3891097 ]\n [ 1.93122501  0.7329021   0.11390101  3.70243196 -1.62151255 -1.64099581]\n [-8.30286656 -4.67243604 -3.00426337 -1.62151255 57.10287426 56.07404553]\n [-8.32144251 -6.51655165 -3.3891097  -1.64099581 56.07404553 59.24107304]]", "nfev": "210", "njev": "30", "status": "0", "success": "True", "message": "Optimization terminated successfully.", "x": "[4.13826103 3.12448687 3.31102277 2.86526905 2.55770065 0.94763128]", "nit": "26", "callback": [0.6089750228191622, 0.49722783983240315, 0.32203116349335614, 0.3166055850263516, 0.3129524604446652, 0.31272150524950404, 0.31254224168594225, 0.31224106976414456, 0.3118441275667483, 0.3116530835759964, 0.31132235901682415, 0.310744359766824, 0.30985319829562197, 0.3088164418805889, 0.30701427552833493, 0.30461829533561313, 0.3039837073177596, 0.30379235185303455, 0.30366741993194823, 0.3036370497074826, 0.3036206502123222, 0.30361925432051473, 0.30361914400957635, 0.3036191357439266, 0.3036191352919091, 0.30361913526136963]}, "6": {"maxiter": 100, "gtol": 1e-10, "xrtol": 1e-10, "eps": 1e-05, "duration": 0.09228110313415527, "fun": "0.30361913547311215", "jac": "[ 6.43929354e-10 -8.88178420e-11  4.44089210e-10 -1.11022302e-10\n  1.55431223e-10 -3.33066907e-11]", "hess_inv": "[[ 5.70268336  1.52330687  0.91204123  1.63965164 -9.17738189 -9.1859467 ]\n [ 1.52330687  6.22191749  2.87478792  0.4648328  -3.83761812 -5.96764983]\n [ 0.91204123  2.87478792  4.95238765 -0.0939141  -2.82388209 -3.16382078]\n [ 1.63965164  0.4648328  -0.0939141   3.60054906 -1.73408972 -1.48653816]\n [-9.17738189 -3.83761812 -2.82388209 -1.73408972 59.04343866 58.5325058 ]\n [-9.1859467  -5.96764983 -3.16382078 -1.48653816 58.5325058  62.34773199]]", "nfev": "403", "njev": "56", "status": "2", "success": "False", "message": "Desired error not necessarily achieved due to precision loss.", "x": "[4.138271   3.12448231 3.31101349 2.86526688 2.55755817 0.94748742]", "nit": "28", "callback": [0.6089768226197833, 0.49723067302644075, 0.3220363542126451, 0.3166096262999345, 0.3129525779303226, 0.31272156839731236, 0.31254233776629503, 0.3122412100291876, 0.3118442341513614, 0.31165292821821555, 0.3113223409765039, 0.31074472404273035, 0.30985582844532333, 0.308818151259753, 0.3070158182985441, 0.30462062767321985, 0.3039859820694062, 0.3037930721673442, 0.30366739077715454, 0.3036370229524017, 0.3036206714807457, 0.30361924890344927, 0.3036191432042008, 0.30361913602857493, 0.30361913551310704, 0.3036191354755846, 0.3036191354732176, 0.30361913547311215]}, "7": {"maxiter": 100, "gtol": 1e-10, "xrtol": 1e-10, "eps": 1e-10, "duration": 0.09341597557067871, "fun": "0.3036191352592996", "jac": "[0. 0. 0. 0. 0. 0.]", "hess_inv": "[[ 6.24686240e-02 -1.35238457e-01 -7.85394159e-03 -8.66951747e-02\n   2.47972363e-01  3.92789964e-01]\n [-1.35238457e-01  2.96139054e-01  1.66149826e-02  1.88561523e-01\n  -5.39870047e-01 -8.57467555e-01]\n [-7.85394159e-03  1.66149826e-02  1.32403444e-03  1.07309759e-02\n  -3.08978124e-02 -4.83361220e-02]\n [-8.66951747e-02  1.88561523e-01  1.07309759e-02  1.21327221e-01\n  -3.46316327e-01 -5.49036550e-01]\n [ 2.47972363e-01 -5.39870047e-01 -3.08978124e-02 -3.46316327e-01\n   9.92228795e-01  1.57010354e+00]\n [ 3.92789964e-01 -8.57467555e-01 -4.83361220e-02 -5.49036550e-01\n   1.57010354e+00  2.49116419e+00]]", "nfev": "406", "njev": "58", "status": "0", "success": "True", "message": "Optimization terminated successfully.", "x": "[4.13825794 3.12448658 3.3110214  2.8652692  2.5577112  0.94764139]", "nit": "38", "callback": [0.6089750228191622, 0.49722783983240315, 0.32203116349335614, 0.3166055850263516, 0.3129524604446652, 0.31272150524950404, 0.31254224168594225, 0.31224106976414456, 0.3118441275667483, 0.3116530835759964, 0.31132235901682415, 0.310744359766824, 0.30985319829562197, 0.3088164418805889, 0.30701427552833493, 0.30461829533561313, 0.3039837073177596, 0.30379235185303455, 0.30366741993194823, 0.3036370497074826, 0.3036206502123222, 0.30361925432051473, 0.30361914400957635, 0.3036191357439266, 0.3036191352919091, 0.30361913526136963, 0.3036191352595068, 0.3036191352594726, 0.3036191352594667, 0.3036191352594647, 0.3036191352594635, 0.30361913525946327, 0.30361913525946127, 0.30361913525945505, 0.30361913525943407, 0.3036191352594163, 0.3036191352592996, 0.3036191352592996]}, "8": {"maxiter": 500, "gtol": 1e-05, "xrtol": 1e-05, "eps": 1e-05, "duration": 0.045870065689086914, "fun": "0.30361913551310704", "jac": "[-3.90087962e-07  1.55612190e-06 -1.03901332e-06 -9.86621895e-07\n -2.94220204e-07  7.77156117e-08]", "hess_inv": "[[ 5.48262885e+00  1.42138775e+00  7.74499106e-01  1.75655671e+00\n  -8.99792418e+00 -8.85612731e+00]\n [ 1.42138775e+00  5.73892564e+00  2.82736933e+00  8.16831583e-01\n  -2.96349867e+00 -4.75824964e+00]\n [ 7.74499106e-01  2.82736933e+00  4.90660901e+00  8.57430054e-03\n  -2.60631883e+00 -2.77220744e+00]\n [ 1.75655671e+00  8.16831583e-01  8.57430054e-03  3.51930829e+00\n  -2.07168264e+00 -1.97215054e+00]\n [-8.99792418e+00 -2.96349867e+00 -2.60631883e+00 -2.07168264e+00\n   5.81188916e+01  5.73179650e+01]\n [-8.85612731e+00 -4.75824964e+00 -2.77220744e+00 -1.97215054e+00\n   5.73179650e+01  6.07853835e+01]]", "nfev": "203", "njev": "29", "status": "0", "success": "True", "message": "Optimization terminated successfully.", "x": "[4.13827052 3.12448873 3.3110131  2.8652639  2.55754748 0.94747388]", "nit": "25", "callback": [0.6089768226197833, 0.49723067302644075, 0.3220363542126451, 0.3166096262999345, 0.3129525779303226, 0.31272156839731236, 0.31254233776629503, 0.3122412100291876, 0.3118442341513614, 0.31165292821821555, 0.3113223409765039, 0.31074472404273035, 0.30985582844532333, 0.308818151259753, 0.3070158182985441, 0.30462062767321985, 0.3039859820694062, 0.3037930721673442, 0.30366739077715454, 0.3036370229524017, 0.3036206714807457, 0.30361924890344927, 0.3036191432042008, 0.30361913602857493, 0.30361913551310704]}, "9": {"maxiter": 500, "gtol": 1e-05, "xrtol": 1e-05, "eps": 1e-10, "duration": 0.04639267921447754, "fun": "0.3036191352919091", "jac": "[-1.11022293e-06  0.00000000e+00 -2.22044587e-06 -1.11022293e-06\n -1.11022293e-06  0.00000000e+00]", "hess_inv": "[[ 5.59370550e+00  1.41089883e+00  7.13382252e-01  1.81249839e+00\n  -9.54463466e+00 -9.51749582e+00]\n [ 1.41089883e+00  5.74249435e+00  2.85075796e+00  8.16442213e-01\n  -2.71567446e+00 -4.52238277e+00]\n [ 7.13382252e-01  2.85075796e+00  4.90655294e+00 -1.10904565e-02\n  -2.23677697e+00 -2.44021022e+00]\n [ 1.81249839e+00  8.16442213e-01 -1.10904565e-02  3.54950792e+00\n  -2.31515958e+00 -2.21757139e+00]\n [-9.54463466e+00 -2.71567446e+00 -2.23677697e+00 -2.31515958e+00\n   6.10893681e+01  6.10497818e+01]\n [-9.51749582e+00 -4.52238277e+00 -2.44021022e+00 -2.21757139e+00\n   6.10497818e+01  6.51458638e+01]]", "nfev": "203", "njev": "29", "status": "0", "success": "True", "message": "Optimization terminated successfully.", "x": "[4.13825978 3.12448405 3.31101437 2.86526434 2.55765494 0.94758761]", "nit": "25", "callback": [0.6089750228191622, 0.49722783983240315, 0.32203116349335614, 0.3166055850263516, 0.3129524604446652, 0.31272150524950404, 0.31254224168594225, 0.31224106976414456, 0.3118441275667483, 0.3116530835759964, 0.31132235901682415, 0.310744359766824, 0.30985319829562197, 0.3088164418805889, 0.30701427552833493, 0.30461829533561313, 0.3039837073177596, 0.30379235185303455, 0.30366741993194823, 0.3036370497074826, 0.3036206502123222, 0.30361925432051473, 0.30361914400957635, 0.3036191357439266, 0.3036191352919091]}, "10": {"maxiter": 500, "gtol": 1e-05, "xrtol": 1e-10, "eps": 1e-05, "duration": 0.04552912712097168, "fun": "0.30361913551310704", "jac": "[-3.90087962e-07  1.55612190e-06 -1.03901332e-06 -9.86621895e-07\n -2.94220204e-07  7.77156117e-08]", "hess_inv": "[[ 5.48262885e+00  1.42138775e+00  7.74499106e-01  1.75655671e+00\n  -8.99792418e+00 -8.85612731e+00]\n [ 1.42138775e+00  5.73892564e+00  2.82736933e+00  8.16831583e-01\n  -2.96349867e+00 -4.75824964e+00]\n [ 7.74499106e-01  2.82736933e+00  4.90660901e+00  8.57430054e-03\n  -2.60631883e+00 -2.77220744e+00]\n [ 1.75655671e+00  8.16831583e-01  8.57430054e-03  3.51930829e+00\n  -2.07168264e+00 -1.97215054e+00]\n [-8.99792418e+00 -2.96349867e+00 -2.60631883e+00 -2.07168264e+00\n   5.81188916e+01  5.73179650e+01]\n [-8.85612731e+00 -4.75824964e+00 -2.77220744e+00 -1.97215054e+00\n   5.73179650e+01  6.07853835e+01]]", "nfev": "203", "njev": "29", "status": "0", "success": "True", "message": "Optimization terminated successfully.", "x": "[4.13827052 3.12448873 3.3110131  2.8652639  2.55754748 0.94747388]", "nit": "25", "callback": [0.6089768226197833, 0.49723067302644075, 0.3220363542126451, 0.3166096262999345, 0.3129525779303226, 0.31272156839731236, 0.31254233776629503, 0.3122412100291876, 0.3118442341513614, 0.31165292821821555, 0.3113223409765039, 0.31074472404273035, 0.30985582844532333, 0.308818151259753, 0.3070158182985441, 0.30462062767321985, 0.3039859820694062, 0.3037930721673442, 0.30366739077715454, 0.30363