{"date": "2024/09/24/, 23:32:45", "conf_id": 78, "data_type": "random\n", "num_data_points": 4, "s_rank": 0, "unitary": "[[-0.53618537-0.34368723j,-0.12107031-0.46226139j,-0.07699282-0.46603512j,0.36022595-0.11472301j],[0.26026499-0.63450712j,-0.56616638+0.37832564j,-0.14988651+0.08458591j,0.10363514-0.16008501j],[-0.32580188-0.11070003j,-0.36476308-0.23593218j,0.02559343+0.41761608j,-0.25598305+0.6725303j],[0.07406738-0.0126433j,0.28513701+0.19483972j,-0.74939717-0.10299659j,0.29798249+0.46269921j]]", "databatch_0": {"databatch": "[[[-0.16262421-0.10900752j,-0.12226794+0.15252754j,-0.32874049+0.02725028j,-0.19628147-0.10427052j],[0.02961531-0.31778382j,-0.0564327+0.03668624j,0.02705555+0.31657333j,0.26808807-0.1346847j],[0.172989-0.1211202j,-0.06852441+0.28967832j,0.17734522-0.0236036j,-0.21197179+0.03161242j],[-0.12415746+0.12795343j,-0.12240322+0.3434386j,0.08787515-0.16061787j,0.21345901+0.11375434j]],[[0.12215813+0.09675964j,0.12135753+0.02945627j,-0.25395056-0.09345272j,0.01004181-0.31702493j],[-0.38655687+0.14428895j,0.13313572-0.04342509j,-0.01572483+0.15587324j,0.2958047+0.00857468j],[-0.09236977+0.0499387j,0.04482439+0.30764496j,-0.03560053+0.07729518j,-0.17259013+0.09740779j],[0.20910725+0.07814966j,-0.34002611-0.00463967j,-0.1609389+0.07825975j,0.27102131+0.24324146j]],[[0.02342763-0.23755576j,0.10569688+0.0396858j,0.10577553+0.1285131j,0.08747028-0.06128159j],[0.07040045+0.23140496j,-0.37999907-0.20959714j,-0.16311825+0.01930481j,-0.07710684-0.28189814j],[-0.01896217+0.01733861j,0.029936-0.16368713j,-0.10373575-0.12711384j,-0.04603498+0.06149735j],[0.3248331-0.05831229j,0.1506217+0.29296822j,0.26402914+0.39733682j,-0.14139024+0.07583381j]],[[-0.04608625-0.24192858j,-0.21842896-0.27711177j,-0.30519605-0.06923872j,-0.07708948-0.11222987j],[0.26798135-0.15057084j,0.46410272-0.11115084j,-0.04929774-0.01892716j,-0.05139916-0.05628364j],[0.08761798+0.12960083j,-0.22390271+0.11454537j,-0.19692032+0.00843321j,-0.14330254+0.05821036j],[-0.12317117+0.31103175j,-0.05552673-0.20246915j,-0.10864612-0.0128902j,0.1610777+0.15209767j]]]", "initial param values": "[2.59747717,2.76481547,2.77285688,5.86432796,5.86428917,4.59277415]", "nelder_mead": {"type": "gradient-free", "0": {"maxiter": 100, "fatol": 1e-05, "xatol": 1e-05, "duration": 0.03867602348327637, "fun": "0.4401441042075227", "nit": "100", "nfev": "151", "status": "2", "success": "False", "message": "Maximum number of iterations has been exceeded.", "x": "[2.06878842 2.76412476 4.00812607 4.74820858 7.87436146 2.50563159]", "final_simplex": "(array([[2.06878842, 2.76412476, 4.00812607, 4.74820858, 7.87436146,\n        2.50563159],\n       [2.15162026, 2.79116077, 3.97795339, 4.72582674, 7.95702157,\n        2.47964776],\n       [2.07225962, 2.75737402, 3.98253044, 4.65107806, 7.91055716,\n        2.49640712],\n       [2.10820065, 2.73904284, 3.98580237, 4.72845203, 7.93453371,\n        2.48559263],\n       [2.16748843, 2.74442282, 4.03722637, 4.68074415, 7.87690021,\n        2.52778062],\n       [2.15974752, 2.73318146, 3.97972349, 4.70154417, 7.93169385,\n        2.58606273],\n       [2.16707273, 2.76055048, 3.95253692, 4.67009891, 7.84739904,\n        2.50154339]]), array([0.4401441 , 0.44039479, 0.44048742, 0.44051632, 0.4406183 ,\n       0.44068213, 0.44178262]))", "callback": [0.7922530740564863, 0.7294980567475777, 0.6535479696738493, 0.5771524803039808, 0.5153182038107206, 0.46341974602993763, 0.4550381319594373, 0.44732983922526026, 0.443987309712057, 0.44178262089759135]}, "1": {"maxiter": 100, "fatol": 1e-05, "xatol": 1e-10, "duration": 0.03777313232421875, "fun": "0.4401441042075227", "nit": "100", "nfev": "151", "status": "2", "success": "False", "message": "Maximum number of iterations has been exceeded.", "x": "[2.06878842 2.76412476 4.00812607 4.74820858 7.87436146 2.50563159]", "final_simplex": "(array([[2.06878842, 2.76412476, 4.00812607, 4.74820858, 7.87436146,\n        2.50563159],\n       [2.15162026, 2.79116077, 3.97795339, 4.72582674, 7.95702157,\n        2.47964776],\n       [2.07225962, 2.75737402, 3.98253044, 4.65107806, 7.91055716,\n        2.49640712],\n       [2.10820065, 2.73904284, 3.98580237, 4.72845203, 7.93453371,\n        2.48559263],\n       [2.16748843, 2.74442282, 4.03722637, 4.68074415, 7.87690021,\n        2.52778062],\n       [2.15974752, 2.73318146, 3.97972349, 4.70154417, 7.93169385,\n        2.58606273],\n       [2.16707273, 2.76055048, 3.95253692, 4.67009891, 7.84739904,\n        2.50154339]]), array([0.4401441 , 0.44039479, 0.44048742, 0.44051632, 0.4406183 ,\n       0.44068213, 0.44178262]))", "callback": [0.7922530740564863, 0.7294980567475777, 0.6535479696738493, 0.5771524803039808, 0.5153182038107206, 0.46341974602993763, 0.4550381319594373, 0.44732983922526026, 0.443987309712057, 0.44178262089759135]}, "2": {"maxiter": 100, "fatol": 1e-10, "xatol": 1e-05, "duration": 0.03679680824279785, "fun": "0.4401441042075227", "nit": "100", "nfev": "151", "status": "2", "success": "False", "message": "Maximum number of iterations has been exceeded.", "x": "[2.06878842 2.76412476 4.00812607 4.74820858 7.87436146 2.50563159]", "final_simplex": "(array([[2.06878842, 2.76412476, 4.00812607, 4.74820858, 7.87436146,\n        2.50563159],\n       [2.15162026, 2.79116077, 3.97795339, 4.72582674, 7.95702157,\n        2.47964776],\n       [2.07225962, 2.75737402, 3.98253044, 4.65107806, 7.91055716,\n        2.49640712],\n       [2.10820065, 2.73904284, 3.98580237, 4.72845203, 7.93453371,\n        2.48559263],\n       [2.16748843, 2.74442282, 4.03722637, 4.68074415, 7.87690021,\n        2.52778062],\n       [2.15974752, 2.73318146, 3.97972349, 4.70154417, 7.93169385,\n        2.58606273],\n       [2.16707273, 2.76055048, 3.95253692, 4.67009891, 7.84739904,\n        2.50154339]]), array([0.4401441 , 0.44039479, 0.44048742, 0.44051632, 0.4406183 ,\n       0.44068213, 0.44178262]))", "callback": [0.7922530740564863, 0.7294980567475777, 0.6535479696738493, 0.5771524803039808, 0.5153182038107206, 0.46341974602993763, 0.4550381319594373, 0.44732983922526026, 0.443987309712057, 0.44178262089759135]}, "3": {"maxiter": 100, "fatol": 1e-10, "xatol": 1e-10, "duration": 0.04058527946472168, "fun": "0.4401441042075227", "nit": "100", "nfev": "151", "status": "2", "success": "False", "message": "Maximum number of iterations has been exceeded.", "x": "[2.06878842 2.76412476 4.00812607 4.74820858 7.87436146 2.50563159]", "final_simplex": "(array([[2.06878842, 2.76412476, 4.00812607, 4.74820858, 7.87436146,\n        2.50563159],\n       [2.15162026, 2.79116077, 3.97795339, 4.72582674, 7.95702157,\n        2.47964776],\n       [2.07225962, 2.75737402, 3.98253044, 4.65107806, 7.91055716,\n        2.49640712],\n       [2.10820065, 2.73904284, 3.98580237, 4.72845203, 7.93453371,\n        2.48559263],\n       [2.16748843, 2.74442282, 4.03722637, 4.68074415, 7.87690021,\n        2.52778062],\n       [2.15974752, 2.73318146, 3.97972349, 4.70154417, 7.93169385,\n        2.58606273],\n       [2.16707273, 2.76055048, 3.95253692, 4.67009891, 7.84739904,\n        2.50154339]]), array([0.4401441 , 0.44039479, 0.44048742, 0.44051632, 0.4406183 ,\n       0.44068213, 0.44178262]))", "callback": [0.7922530740564863, 0.7294980567475777, 0.6535479696738493, 0.5771524803039808, 0.5153182038107206, 0.46341974602993763, 0.4550381319594373, 0.44732983922526026, 0.443987309712057, 0.44178262089759135]}, "4": {"maxiter": 500, "fatol": 1e-05, "xatol": 1e-05, "duration": 0.10224318504333496, "fun": "0.438406248464828", "nit": "241", "nfev": "387", "status": "0", "success": "True", "message": "Optimization terminated successfully.", "x": "[2.09012426 2.86788656 4.08211715 4.72828471 7.91545386 2.50472865]", "final_simplex": "(array([[2.09012426, 2.86788656, 4.08211715, 4.72828471, 7.91545386,\n        2.50472865],\n       [2.09012153, 2.86789121, 4.08211622, 4.72828454, 7.91545981,\n        2.50472467],\n       [2.09012815, 2.86789253, 4.08212457, 4.72828338, 7.91545878,\n        2.50472474],\n       [2.09012111, 2.86788924, 4.08211705, 4.7282798 , 7.91545951,\n        2.50472024],\n       [2.09013394, 2.86788326, 4.08211538, 4.72828755, 7.91545978,\n        2.50472783],\n       [2.09011854, 2.86788681, 4.08211401, 4.72828135, 7.91546366,\n        2.50472489],\n       [2.09012162, 2.86788664, 4.08212117, 4.72828895, 7.91545549,\n        2.50471977]]), array([0.43840625, 0.43840625, 0.43840625, 0.43840625, 0.43840625,\n       0.43840625, 0.43840625]))", "callback": [0.7922530740564863, 0.7294980567475777, 0.6535479696738493, 0.5771524803039808, 0.5153182038107206, 0.46341974602993763, 0.4550381319594373, 0.44732983922526026, 0.443987309712057, 0.44178262089759135, 0.4401441042075227, 0.43869836386502936, 0.4385353304836105, 0.4384402707756285, 0.43841393396407635, 0.4384085622858316, 0.43840675151257613, 0.43840627637528506, 0.43840627637528506, 0.43840626232351276, 0.43840625056754945, 0.43840624885594504, 0.43840624852657584, 0.43840624847386056, 0.438406248464828]}, "5": {"maxiter": 500, "fatol": 1e-05, "xatol": 1e-10, "duration": 0.15929007530212402, "fun": "0.43840624846139287", "nit": "348", "nfev": "614", "status": "0", "success": "True", "message": "Optimization terminated successfully.", "x": "[2.0901278  2.86788492 4.08211496 4.728282   7.91545683 2.50472876]", "final_simplex": "(array([[2.0901278 , 2.86788492, 4.08211496, 4.728282  , 7.91545683,\n        2.50472876],\n       [2.0901278 , 2.86788492, 4.08211496, 4.728282  , 7.91545683,\n        2.50472876],\n       [2.0901278 , 2.86788492, 4.08211496, 4.728282  , 7.91545683,\n        2.50472876],\n       [2.0901278 , 2.86788492, 4.08211496, 4.728282  , 7.91545683,\n        2.50472876],\n       [2.0901278 , 2.86788492, 4.08211496, 4.728282  , 7.91545683,\n        2.50472876],\n       [2.0901278 , 2.86788492, 4.08211496, 4.728282  , 7.91545683,\n        2.50472876],\n       [2.0901278 , 2.86788492, 4.08211496, 4.728282  , 7.91545683,\n        2.50472876]]), array([0.43840625, 0.43840625, 0.43840625, 0.43840625, 0.43840625,\n       0.43840625, 0.43840625]))", "callback": [0.7922530740564863, 0.7294980567475777, 0.6535479696738493, 0.5771524803039808, 0.5153182038107206, 0.46341974602993763, 0.4550381319594373, 0.44732983922526026, 0.443987309712057, 0.44178262089759135, 0.4401441042075227, 0.43869836386502936, 0.4385353304836105, 0.4384402707756285, 0.43841393396407635, 0.4384085622858316, 0.43840675151257613, 0.43840627637528506, 0.43840627637528506, 0.43840626232351276, 0.43840625056754945, 0.43840624885594504, 0.43840624852657584, 0.43840624847386056, 0.438406248464828, 0.4384062484629355, 0.4384062484617479, 0.43840624846155607, 0.4384062484614115, 0.43840624846139775, 0.4384062484613943, 0.4384062484613934, 0.4384062484613931, 0.438406248461393, 0.43840624846139287]}, "6": {"maxiter": 500, "fatol": 1e-10, "xatol": 1e-05, "duration": 0.09925365447998047, "fun": "0.438406248464828", "nit": "241", "nfev": "387", "status": "0", "success": "True", "message": "Optimization terminated successfully.", "x": "[2.09012426 2.86788656 4.08211715 4.72828471 7.91545386 2.50472865]", "final_simplex": "(array([[2.09012426, 2.86788656, 4.08211715, 4.72828471, 7.91545386,\n        2.50472865],\n       [2.09012153, 2.86789121, 4.08211622, 4.72828454, 7.91545981,\n        2.50472467],\n       [2.09012815, 2.86789253, 4.08212457, 4.72828338, 7.91545878,\n        2.50472474],\n       [2.09012111, 2.86788924, 4.08211705, 4.7282798 , 7.91545951,\n        2.50472024],\n       [2.09013394, 2.86788326, 4.08211538, 4.72828755, 7.91545978,\n        2.50472783],\n       [2.09011854, 2.86788681, 4.08211401, 4.72828135, 7.91546366,\n        2.50472489],\n       [2.09012162, 2.86788664, 4.08212117, 4.72828895, 7.91545549,\n        2.50471977]]), array([0.43840625, 0.43840625, 0.43840625, 0.43840625, 0.43840625,\n       0.43840625, 0.43840625]))", "callback": [0.7922530740564863, 0.7294980567475777, 0.6535479696738493, 0.5771524803039808, 0.5153182038107206, 0.46341974602993763, 0.4550381319594373, 0.44732983922526026, 0.443987309712057, 0.44178262089759135, 0.4401441042075227, 0.43869836386502936, 0.4385353304836105, 0.4384402707756285, 0.43841393396407635, 0.4384085622858316, 0.43840675151257613, 0.43840627637528506, 0.43840627637528506, 0.43840626232351276, 0.43840625056754945, 0.43840624885594504, 0.43840624852657584, 0.43840624847386056, 0.438406248464828]}, "7": {"maxiter": 500, "fatol": 1e-10, "xatol": 1e-10, "duration": 0.1729106903076172, "fun": "0.43840624846139287", "nit": "348", "nfev": "614", "status": "0", "success": "True", "message": "Optimization terminated successfully.", "x": "[2.0901278  2.86788492 4.08211496 4.728282   7.91545683 2.50472876]", "final_simplex": "(array([[2.0901278 , 2.86788492, 4.08211496, 4.728282  , 7.91545683,\n        2.50472876],\n       [2.0901278 , 2.86788492, 4.08211496, 4.728282  , 7.91545683,\n        2.50472876],\n       [2.0901278 , 2.86788492, 4.08211496, 4.728282  , 7.91545683,\n        2.50472876],\n       [2.0901278 , 2.86788492, 4.08211496, 4.728282  , 7.91545683,\n        2.50472876],\n       [2.0901278 , 2.86788492, 4.08211496, 4.728282  , 7.91545683,\n        2.50472876],\n       [2.0901278 , 2.86788492, 4.08211496, 4.728282  , 7.91545683,\n        2.50472876],\n       [2.0901278 , 2.86788492, 4.08211496, 4.728282  , 7.91545683,\n        2.50472876]]), array([0.43840625, 0.43840625, 0.43840625, 0.43840625, 0.43840625,\n       0.43840625, 0.43840625]))", "callback": [0.7922530740564863, 0.7294980567475777, 0.6535479696738493, 0.5771524803039808, 0.5153182038107206, 0.46341974602993763, 0.4550381319594373, 0.44732983922526026, 0.443987309712057, 0.44178262089759135, 0.4401441042075227, 0.43869836386502936, 0.4385353304836105, 0.4384402707756285, 0.43841393396407635, 0.4384085622858316, 0.43840675151257613, 0.43840627637528506, 0.43840627637528506, 0.43840626232351276, 0.43840625056754945, 0.43840624885594504, 0.43840624852657584, 0.43840624847386056, 0.438406248464828, 0.4384062484629355, 0.4384062484617479, 0.43840624846155607, 0.4384062484614115, 0.43840624846139775, 0.4384062484613943, 0.4384062484613934, 0.4384062484613931, 0.438406248461393, 0.43840624846139287]}, "8": {"maxiter": 1000, "fatol": 1e-05, "xatol": 1e-05, "duration": 0.10190486907958984, "fun": "0.438406248464828", "nit": "241", "nfev": "387", "status": "0", "success": "True", "message": "Optimization terminated successfully.", "x": "[2.09012426 2.86788656 4.08211715 4.72828471 7.91545386 2.50472865]", "final_simplex": "(array([[2.09012426, 2.86788656, 4.08211715, 4.72828471, 7.91545386,\n        2.50472865],\n       [2.09012153, 2.86789121, 4.08211622, 4.72828454, 7.91545981,\n        2.50472467],\n       [2.09012815, 2.86789253, 4.08212457, 4.72828338, 7.91545878,\n        2.50472474],\n       [2.09012111, 2.86788924, 4.08211705, 4.7282798 , 7.91545951,\n        2.50472024],\n       [2.09013394, 2.86788326, 4.08211538, 4.72828755, 7.91545978,\n        2.50472783],\n       [2.09011854, 2.86788681, 4.08211401, 4.72828135, 7.91546366,\n        2.50472489],\n       [2.09012162, 2.86788664, 4.08212117, 4.72828895, 7.91545549,\n        2.50471977]]), array([0.43840625, 0.43840625, 0.43840625, 0.43840625, 0.43840625,\n       0.43840625, 0.43840625]))", "callback": [0.7922530740564863, 0.7294980567475777, 0.6535479696738493, 0.5771524803039808, 0.5153182038107206, 0.46341974602993763, 0.4550381319594373, 0.44732983922526026, 0.443987309712057, 0.44178262089759135, 0.4401441042075227, 0.43869836386502936, 0.4385353304836105, 0.4384402707756285, 0.43841393396407635, 0.4384085622858316, 0.43840675151257613, 0.43840627637528506, 0.43840627637528506, 0.43840626232351276, 0.43840625056754945, 0.43840624885594504, 0.43840624852657584, 0.43840624847386056, 0.438406248464828]}, "9": {"maxiter": 1000, "fatol": 1e-05, "xatol": 1e-10, "duration": 0.15257525444030762, "fun": "0.43840624846139287", "nit": "348", "nfev": "614", "status": "0", "success": "True", "message": "Optimization terminated successfully.", "x": "[2.0901278  2.86788492 4.08211496 4.728282   7.91545683 2.50472876]", "final_simplex": "(array([[2.0901278 , 2.86788492, 4.08211496, 4.728282  , 7.91545683,\n        2.50472876],\n       [2.0901278 , 2.86788492, 4.08211496, 4.728282  , 7.91545683,\n        2.50472876],\n       [2.0901278 , 2.86788492, 4.08211496, 4.728282  , 7.91545683,\n        2.50472876],\n       [2.0901278 , 2.86788492, 4.08211496, 4.728282  , 7.91545683,\n        2.50472876],\n       [2.0901278 , 2.86788492, 4.08211496, 4.728282  , 7.91545683,\n        2.50472876],\n       [2.0901278 , 2.86788492, 4.08211496, 4.728282  , 7.91545683,\n        2.50472876],\n       [2.0901278 , 2.86788492, 4.08211496, 4.728282  , 7.91545683,\n        2.50472876]]), array([0.43840625, 0.43840625, 0.43840625, 0.43840625, 0.43840625,\n       0.43840625, 0.43840625]))", "callback": [0.7922530740564863, 0.7294980567475777, 0.6535479696738493, 0.5771524803039808, 0.5153182038107206, 0.46341974602993763, 0.4550381319594373, 0.44732983922526026, 0.443987309712057, 0.44178262089759135, 0.4401441042075227, 0.43869836386502936, 0.4385353304836105, 0.4384402707756285, 0.43841393396407635, 0.4384085622858316, 0.43840675151257613, 0.43840627637528506, 0.43840627637528506, 0.43840626232351276, 0.43840625056754945, 0.43840624885594504, 0.43840624852657584, 0.43840624847386056, 0.438406248464828, 0.4384062484629355, 0.4384062484617479, 0.43840624846155607, 0.4384062484614115, 0.43840624846139775, 0.4384062484613943, 0.4384062484613934, 0.4384062484613931, 0.438406248461393, 0.43840624846139287]}, "10": {"maxiter": 1000, "fatol": 1e-10, "xatol": 1e-05, "duration": 0.09194803237915039, "fun": "0.438406248464828", "nit": "241", "nfev": "387", "status": "0", "success": "True", "message": "Optimization terminated successfully.", "x": "[2.09012426 2.86788656 4.08211715 4.72828471 7.91545386 2.50472865]", "final_simplex": "(array([[2.09012426, 2.86788656, 4.08211715, 4.72828471, 7.91545386,\n        2.50472865],\n       [2.09012153, 2.86789121, 4.08211622, 4.72828454, 7.91545981,\n        2.50472467],\n       [2.09012815, 2.86789253, 4.08212457, 4.72828338, 7.91545878,\n        2.50472474],\n       [2.09012111, 2.86788924, 4.08211705, 4.7282798 , 7.91545951,\n        2.50472024],\n       [2.09013394, 2.86788326, 4.08211538, 4.72828755, 7.91545978,\n        2.50472783],\n       [2.09011854, 2.86788681, 4.08211401, 4.72828135, 7.91546366,\n        2.50472489],\n       [2.09012162, 2.86788664, 4.08212117, 4.72828895, 7.91545549,\n        2.50471977]]), array([0.43840625, 0.43840625, 0.43840625, 0.43840625, 0.43840625,\n       0.43840625, 0.43840625]))", "callback": [0.7922530740564863, 0.7294980567475777, 0.6535479696738493, 0.5771524803039808, 0.5153182038107206, 0.46341974602993763, 0.4550381319594373, 0.44732983922526026, 0.443987309712057, 0.44178262089759135, 0.4401441042075227, 0.43869836386502936, 0.4385353304836105, 0.4384402707756285, 0.43841393396407635, 0.4384085622858316, 0.43840675151257613, 0.43840627637528506, 0.43840627637528506, 0.43840626232351276, 0.43840625056754945, 0.43840624885594504, 0.43840624852657584, 0.43840624847386056, 0.438406248464828]}, "11": {"maxiter": 1000, "fatol": 1e-10, "xatol": 1e-10, "duration": 0.14103388786315918, "fun": "0.43840624846139287", "nit": "348", "nfev": "614", "status": "0", "success": "True", "message": "Optimization terminated successfully.", "x": "[2.0901278  2.86788492 4.08211496 4.728282   7.91545683 2.50472876]", "final_simplex": "(array([[2.0901278 , 2.86788492, 4.08211496, 4.728282  , 7.91545683,\n        2.50472876],\n       [2.0901278 , 2.86788492, 4.08211496, 4.728282  , 7.91545683,\n        2.50472876],\n       [2.0901278 , 2.86788492, 4.08211496, 4.728282  , 7.91545683,\n        2.50472876],\n       [2.0901278 , 2.86788492, 4.08211496, 4.728282  , 7.91545683,\n        2.50472876],\n       [2.0901278 , 2.86788492, 4.08211496, 4.728282  , 7.91545683,\n        2.50472876],\n       [2.0901278 , 2.86788492, 4.08211496, 4.728282  , 7.91545683,\n        2.50472876],\n       [2.0901278 , 2.86788492, 4.08211496, 4.728282  , 7.91545683,\n        2.50472876]]), array([0.43840625, 0.43840625, 0.43840625, 0.43840625, 0.43840625,\n       0.43840625, 0.43840625]))", "callback": [0.7922530740564863, 0.7294980567475777, 0.6535479696738493, 0.5771524803039808, 0.5153182038107206, 0.46341974602993763, 0.4550381319594373, 0.44732983922526026, 0.443987309712057, 0.44178262089759135, 0.4401441042075227, 0.43869836386502936, 0.4385353304836105, 0.4384402707756285, 0.43841393396407635, 0.4384085622858316, 0.43840675151257613, 0.43840627637528506, 0.43840627637528506, 0.43840626232351276, 0.43840625056754945, 0.43840624885594504, 0.43840624852657584, 0.43840624847386056, 0.438406248464828, 0.4384062484629355, 0.4384062484617479, 0.43840624846155607, 0.4384062484614115, 0.43840624846139775, 0.4384062484613943, 0.4384062484613934, 0.4384062484613931, 0.438406248461393, 0.43840624846139287]}}, "bfgs": {"type": "gradient", "0": {"maxiter": 100, "gtol": 1e-05, "xrtol": 1e-05, "eps": 1e-05, "duration": 0.04469919204711914, "fun": "0.4384062484930046", "jac": "[ 5.99509331e-07 -6.59261534e-07  1.27686750e-07  1.57984736e-08\n -5.22992760e-07 -4.72877293e-07]", "hess_inv": "[[ 4.56716114 -0.18914175 -0.34570752 -0.68127842 -0.38018104  1.39418339]\n [-0.18914175  4.80772127  2.69277212  0.51725031 -0.14853417 -1.0668471 ]\n [-0.34570752  2.69277212  5.97733864  0.97658924 -1.44087586 -1.15939858]\n [-0.68127842  0.51725031  0.97658924  4.3827589  -0.0466129  -0.0397155 ]\n [-0.38018104 -0.14853417 -1.44087586 -0.0466129   3.9660095  -0.14270229]\n [ 1.39418339 -1.0668471  -1.15939858 -0.0397155  -0.14270229  5.07597602]]", "nfev": "189", "njev": "27", "status": "0", "success": "True", "message": "Optimization terminated successfully.", "x": "[2.09012593 2.86787266 4.08210623 4.72827487 7.91545133 2.50472401]", "nit": "25", "callback": [0.7903027938400661, 0.7383727962776209, 0.7311002242094622, 0.7141827820675544, 0.6928095059831574, 0.6828597091511757, 0.6647677537081216, 0.6377289263382563, 0.6172561627192983, 0.592284274506353, 0.5476592910997917, 0.488412249186033, 0.46362416720207966, 0.4502912247608378, 0.4435418516999048, 0.4409385116091461, 0.4398507196491782, 0.43853537105795803, 0.4384161179176993, 0.4384082452491328, 0.4384071509010904, 0.43840645319586036, 0.43840626435090624, 0.4384062488466103, 0.4384062484930046]}, "1": {"maxiter": 100, "gtol": 1e-05, "xrtol": 1e-05, "eps": 1e-10, "duration": 0.04429793357849121, "fun": "0.43840624846751863", "jac": "[ 0.00000000e+00  2.22044587e-06  0.00000000e+00  0.00000000e+00\n  0.00000000e+00 -1.11022293e-06]", "hess_inv": "[[ 4.65362179 -0.19963732 -0.3176436  -0.60942687 -0.40450261  1.38711002]\n [-0.19963732  4.80140773  2.68556091  0.51116208 -0.14760321 -1.07253967]\n [-0.3176436   2.68556091  5.95984211  1.03657911 -1.41015539 -1.15839664]\n [-0.60942687  0.51116208  1.03657911  4.38095303 -0.123847   -0.05210225]\n [-0.40450261 -0.14760321 -1.41015539 -0.123847    3.91115575 -0.15127594]\n [ 1.38711002 -1.07253967 -1.15839664 -0.05210225 -0.15127594  5.06585839]]", "nfev": "189", "njev": "27", "status": "0", "success": "True", "message": "Optimization terminated successfully.", "x": "[2.09012593 2.86789055 4.08212104 4.72828494 7.91545709 2.50473   ]", "nit": "25", "callback": [0.7903027045914051, 0.7383725888467014, 0.7311001876229571, 0.7141826168774054, 0.692809160078137, 0.6828589637063764, 0.6647658971074571, 0.6377271147147567, 0.6172537442447659, 0.5922804436428315, 0.5476534701858103, 0.4884102396205663, 0.46362597064415434, 0.45029045071434104, 0.44354053665004733, 0.44093868943764347, 0.4398503632700749, 0.4385351688460962, 0.4384161471249798, 0.43840824849209337, 0.4384071541277804, 0.438406456668855, 0.4384062641665635, 0.43840624895824465, 0.43840624846751863]}, "2": {"maxiter": 100, "gtol": 1e-05, "xrtol": 1e-10, "eps": 1e-05, "duration": 0.044302940368652344, "fun": "0.4384062484930046", "jac": "[ 5.99509331e-07 -6.59261534e-07  1.27686750e-07  1.57984736e-08\n -5.22992760e-07 -4.72877293e-07]", "hess_inv": "[[ 4.56716114 -0.18914175 -0.34570752 -0.68127842 -0.38018104  1.39418339]\n [-0.18914175  4.80772127  2.69277212  0.51725031 -0.14853417 -1.0668471 ]\n [-0.34570752  2.69277212  5.97733864  0.97658924 -1.44087586 -1.15939858]\n [-0.68127842  0.51725031  0.97658924  4.3827589  -0.0466129  -0.0397155 ]\n [-0.38018104 -0.14853417 -1.44087586 -0.0466129   3.9660095  -0.14270229]\n [ 1.39418339 -1.0668471  -1.15939858 -0.0397155  -0.14270229  5.07597602]]", "nfev": "189", "njev": "27", "status": "0", "success": "True", "message": "Optimization terminated successfully.", "x": "[2.09012593 2.86787266 4.08210623 4.72827487 7.91545133 2.50472401]", "nit": "25", "callback": [0.7903027938400661, 0.7383727962776209, 0.7311002242094622, 0.7141827820675544, 0.6928095059831574, 0.6828597091511757, 0.6647677537081216, 0.6377289263382563, 0.6172561627192983, 0.592284274506353, 0.5476592910997917, 0.488412249186033, 0.46362416720207966, 0.4502912247608378, 0.4435418516999048, 0.4409385116091461, 0.4398507196491782, 0.43853537105795803, 0.4384161179176993, 0.4384082452491328, 0.4384071509010904, 0.43840645319586036, 0.43840626435090624, 0.4384062488466103, 0.4384062484930046]}, "3": {"maxiter": 100, "gtol": 1e-05, "xrtol": 1e-10, "eps": 1e-10, "duration": 0.043942928314208984, "fun": "0.43840624846751863", "jac": "[ 0.00000000e+00  2.22044587e-06  0.00000000e+00  0.00000000e+00\n  0.00000000e+00 -1.11022293e-06]", "hess_inv": "[[ 4.65362179 -0.19963732 -0.3176436  -0.60942687 -0.40450261  1.38711002]\n [-0.19963732  4.80140773  2.68556091  0.51116208 -0.14760321 -1.07253967]\n [-0.3176436   2.68556091  5.95984211  1.03657911 -1.41015539 -1.15839664]\n [-0.60942687  0.51116208  1.03657911  4.38095303 -0.123847   -0.05210225]\n [-0.40450261 -0.14760321 -1.41015539 -0.123847    3.91115575 -0.15127594]\n [ 1.38711002 -1.07253967 -1.15839664 -0.05210225 -0.15127594  5.06585839]]", "nfev": "189", "njev": "27", "status": "0", "success": "True", "message": "Optimization terminated successfully.", "x": "[2.09012593 2.86789055 4.08212104 4.72828494 7.91545709 2.50473   ]", "nit": "25", "callback": [0.7903027045914051, 0.7383725888467014, 0.7311001876229571, 0.7141826168774054, 0.692809160078137, 0.6828589637063764, 0.6647658971074571, 0.6377271147147567, 0.6172537442447659, 0.5922804436428315, 0.5476534701858103, 0.4884102396205663, 0.46362597064415434, 0.45029045071434104, 0.44354053665004733, 0.44093868943764347, 0.4398503632700749, 0.4385351688460962, 0.4384161471249798, 0.43840824849209337, 0.4384071541277804, 0.438406456668855, 0.4384062641665635, 0.43840624895824465, 0.43840624846751863]}, "4": {"maxiter": 100, "gtol": 1e-10, "xrtol": 1e-05, "eps": 1e-05, "duration": 0.04406118392944336, "fun": "0.4384062484930046", "jac": "[ 5.99509331e-07 -6.59261534e-07  1.27686750e-07  1.57984736e-08\n -5.22992760e-07 -4.72877293e-07]", "hess_inv": "[[ 4.56716114 -0.18914175 -0.34570752 -0.68127842 -0.38018104  1.39418339]\n [-0.18914175  4.80772127  2.69277212  0.51725031 -0.14853417 -1.0668471 ]\n [-0.34570752  2.69277212  5.97733864  0.97658924 -1.44087586 -1.15939858]\n [-0.68127842  0.51725031  0.97658924  4.3827589  -0.0466129  -0.0397155 ]\n [-0.38018104 -0.14853417 -1.44087586 -0.0466129   3.9660095  -0.14270229]\n [ 1.39418339 -1.0668471  -1.15939858 -0.0397155  -0.14270229  5.07597602]]", "nfev": "189", "njev": "27", "status": "0", "success": "True", "message": "Optimization terminated successfully.", "x": "[2.09012593 2.86787266 4.08210623 4.72827487 7.91545133 2.50472401]", "nit": "25", "callback": [0.7903027938400661, 0.7383727962776209, 0.7311002242094622, 0.7141827820675544, 0.6928095059831574, 0.6828597091511757, 0.6647677537081216, 0.6377289263382563, 0.6172561627192983, 0.592284274506353, 0.5476592910997917, 0.488412249186033, 0.46362416720207966, 0.4502912247608378, 0.4435418516999048, 0.4409385116091461, 0.4398507196491782, 0.43853537105795803, 0.4384161179176993, 0.4384082452491328, 0.4384071509010904, 0.43840645319586036, 0.43840626435090624, 0.4384062488466103, 0.4384062484930046]}, "5": {"maxiter": 100, "gtol": 1e-10, "xrtol": 1e-05, "eps": 1e-10, "duration": 0.04293394088745117, "fun": "0.43840624846751863", "jac": "[ 0.00000000e+00  2.22044587e-06  0.00000000e+00  0.00000000e+00\n  0.00000000e+00 -1.11022293e-06]", "hess_inv": "[[ 4.65362179 -0.19963732 -0.3176436  -0.60942687 -0.40450261  1.38711002]\n [-0.19963732  4.80140773  2.68556091  0.51116208 -0.14760321 -1.07253967]\n [-0.3176436   2.68556091  5.95984211  1.03657911 -1.41015539 -1.15839664]\n [-0.60942687  0.51116208  1.03657911  4.38095303 -0.123847   -0.05210225]\n [-0.40450261 -0.14760321 -1.41015539 -0.123847    3.91115575 -0.15127594]\n [ 1.38711002 -1.07253967 -1.15839664 -0.05210225 -0.15127594  5.06585839]]", "nfev": "189", "njev": "27", "status": "0", "success": "True", "message": "Optimization terminated successfully.", "x": "[2.09012593 2.86789055 4.08212104 4.72828494 7.91545709 2.50473   ]", "nit": "25", "callback": [0.7903027045914051, 0.7383725888467014, 0.7311001876229571, 0.7141826168774054, 0.692809160078137, 0.6828589637063764, 0.6647658971074571, 0.6377271147147567, 0.6172537442447659, 0.5922804436428315, 0.5476534701858103, 0.4884102396205663, 0.46362597064415434, 0.45029045071434104, 0.44354053665004733, 0.44093868943764347, 0.4398503632700749, 0.4385351688460962, 0.4384161471249798, 0.43840824849209337, 0.4384071541277804, 0.438406456668855, 0.4384062641665635, 0.43840624895824465, 0.43840624846751863]}, "6": {"maxiter": 100, "gtol": 1e-10, "xrtol": 1e-10, "eps": 1e-05, "duration": 0.04793071746826172, "fun": "0.4384062484847472", "jac": "[1.11022302e-11 1.11022302e-11 6.66133815e-11 1.11022302e-11\n 3.33066907e-11 7.77156117e-11]", "hess_inv": "[[ 4.67952398 -0.31847694 -0.34139529 -0.72810388 -0.51302176  1.33919127]\n [-0.31847694  4.95064584  2.69633862  0.55814424 -0.00668158 -0.99774817]\n [-0.34139529  2.69633862  5.97437647  0.98796234 -1.43353556 -1.15975999]\n [-0.72810388  0.55814424  0.98796234  4.37713321 -0.01336202 -0.01016908]\n [-0.51302176 -0.00668158 -1.43353556 -0.01336202  4.10377555 -0.07070644]\n [ 1.33919127 -0.99774817 -1.15975999 -0.01016908 -0.07070644  5.10833977]]", "nfev": "210", "njev": "30", "status": "0", "success": "True", "message": "Optimization terminated successfully.", "x": "[2.09012329 2.86787529 4.08210611 4.72827545 7.91545394 2.50472505]", "nit": "28", "callback": [0.7903027938400661, 0.7383727962776209, 0.7311002242094622, 0.7141827820675544, 0.6928095059831574, 0.6828597091511757, 0.6647677537081216, 0.6377289263382563, 0.6172561627192983, 0.592284274506353, 0.5476592910997917, 0.488412249186033, 0.46362416720207966, 0.4502912247608378, 0.4435418516999048, 0.4409385116091461, 0.4398507196491782, 0.43853537105795803, 0.4384161179176993, 0.4384082452491328, 0.4384071509010904, 0.43840645319586036, 0.43840626435090624, 0.4384062488466103, 0.4384062484930046, 0.4384062484852004, 0.4384062484847605, 0.4384062484847472]}, "7": {"maxiter": 100, "gtol": 1e-10, "xrtol": 1e-10, "eps": 1e-10, "duration": 0.09208798408508301, "fun": "0.43840624846375553", "jac": "[-1.11022293e-06 -1.11022293e-06 -2.22044587e-06  0.00000000e+00\n -1.11022293e-06  1.11022293e-06]", "hess_inv": "[[ 0.04639124  0.00613712  0.03560256  0.05107834 -0.02560056 -0.03472305]\n [ 0.00613712  0.2785683   0.03615473  0.09610081 -0.04787745 -0.13001596]\n [ 0.03560256  0.03615473  0.51955212  0.01345222 -0.00660223  0.00953088]\n [ 0.05107834  0.09610081  0.01345222  0.10149934 -0.05069358 -0.0970717 ]\n [-0.02560056 -0.04787745 -0.00660223 -0.05069358  0.02550774  0.04858002]\n [-0.03472305 -0.13001596  0.00953088 -0.0970717   0.04858002  0.11006068]]", "nfev": "406", "njev": "58", "status": "0", "success": "True", "message": "Optimization terminated successfully.", "x": "[2.09012617 2.86788706 4.0821163  4.72828463 7.91545601 2.50473107]", "nit": "37", "callback": [0.7903027045914051, 0.7383725888467014, 0.7311001876229571, 0.7141826168774054, 0.692809160078137, 0.6828589637063764, 0.6647658971074571, 0.6377271147147567, 0.6172537442447659, 0.5922804436428315, 0.5476534701858103, 0.4884102396205663, 0.46362597064415434, 0.45029045071434104, 0.44354053665004733, 0.44093868943764347, 0.4398503632700749, 0.4385351688460962, 0.4384161471249798, 0.43840824849209337, 0.4384071541277804, 0.438406456668855, 0.4384062641665635, 0.43840624895824465, 0.43840624846751863, 0.4384062484662804, 0.4384062484658139, 0.4384062484655842, 0.4384062484653285, 0.43840624846497755, 0.43840624846441334, 0.4384062484639297, 0.4384062484639262, 0.4384062484639235, 0.4384062484638802, 0.43840624846375553, 0.43840624846375553]}, "8": {"maxiter": 500, "gtol": 1e-05, "xrtol": 1e-05, "eps": 1e-05, "duration": 0.0436091423034668, "fun": "0.4384062484930046", "jac": "[ 5.99509331e-07 -6.59261534e-07  1.27686750e-07  1.57984736e-08\n -5.22992760e-07 -4.72877293e-07]", "hess_inv": "[[ 4.56716114 -0.18914175 -0.34570752 -0.68127842 -0.38018104  1.39418339]\n [-0.18914175  4.80772127  2.69277212  0.51725031 -0.14853417 -1.0668471 ]\n [-0.34570752  2.69277212  5.97733864  0.97658924 -1.44087586 -1.15939858]\n [-0.68127842  0.51725031  0.97658924  4.3827589  -0.0466129  -0.0397155 ]\n [-0.38018104 -0.14853417 -1.44087586 -0.0466129   3.9660095  -0.14270229]\n [ 1.39418339 -1.0668471  -1.15939858 -0.0397155  -0.14270229  5.07597602]]", "nfev": "189", "njev": "27", "status": "0", "success": "True", "message": "Optimization terminated successfully.", "x": "[2.09012593 2.86787266 4.08210623 4.72827487 7.91545133 2.50472401]", "nit": "25", "callback": [0.7903027938400661, 0.7383727962776209, 0.7311002242094622, 0.7141827820675544, 0.6928095059831574, 0.6828597091511757, 0.6647677537081216, 0.6377289263382563, 0.6172561627192983, 0.592284274506353, 0.5476592910997917, 0.488412249186033, 0.46362416720207966, 0.4502912247608378, 0.4435418516999048, 0.4409385116091461, 0.4398507196491782, 0.43853537105795803, 0.4384161179176993, 0.4384082452491328, 0.4384071509010904, 0.43840645319586036, 0.43840626435090624, 0.4384062488466103, 0.4384062484930046]}, "9": {"maxiter": 500, "gtol": 1e-05, "xrtol": 1e-05, "eps": 1e-10, "duration": 0.04343581199645996, "fun": "0.43840624846751863", "jac": "[ 0.00000000e+00  2.22044587e-06  0.00000000e+00  0.00000000e+00\n  0.00000000e+00 -1.11022293e-06]", "hess_inv": "[[ 4.65362179 -0.19963732 -0.3176436  -0.60942687 -0.40450261  1.38711002]\n [-0.19963732  4.80140773  2.68556091  0.51116208 -0.14760321 -1.07253967]\n [-0.3176436   2.68556091  5.95984211  1.03657911 -1.41015539 -1.15839664]\n [-0.60942687  0.51116208  1.03657911  4.38095303 -0.123847   -0.05210225]\n [-0.40450261 -0.14760321 -1.41015539 -0.123847    3.91115575 -0.15127594]\n [ 1.38711002 -1.07253967 -1.15839664 -0.05210225 -0.15127594  5.06585839]]", "nfev": "189", "njev": "27", "status": "0", "success": "True", "message": "Optimization terminated successfully.", "x": "[2.09012593 2.86789055 4.08212104 4.72828494 7.91545709 2.50473   ]", "nit": "25", "callback": [0.7903027045914051, 0.7383725888467014, 0.7311001876229571, 0.7141826168774054, 0.692809160078137, 0.6828589637063764, 0.6647658971074571, 0.6377271147147567, 0.6172537442447659, 0.5922804436428315, 0.5476534701858103, 0.4884102396205663, 0.46362597064415434, 0.45029045071434104, 0.44354053665004733, 0.44093868943764347, 0.4398503632700749, 0.4385351688460962, 0.4384161471249798, 0.43840824849209337, 0.4384071541277804, 0.438406456668855, 0.4384062641665635, 0.43840624895824465, 0.43840624846751863]}, "10": {"maxiter": 500, "gtol": 1e-05, "xrtol": 1e-10, "eps": 1e-05, "duration": 0.043975114822387695, "fun": "0.4384062484930046", "jac": "[ 5.99509331e-07 -6.59261534e-07  1.27686750e-07  1.57984736e-08\n -5.22992760e-07 -4.72877293e-07]", "hess_inv": "[[ 4.56716114 -0.18914175 -0.34570752 -0.68127842 -0.38018104  1.39418339]\n [-0.18914175  4.80772127  2.69277212  0.51725031 -0.14853417 -1.0668471 ]\n [-0.34570752  2.69277212  5.97733864  0.97658924 -1.44087586 -1.15939858]\n [-0.68127842  0.51725031  0.97658924  4.3827589  -0.0466129  -0.0397155 ]\n [-0.38018104 -0.14853417 -1.44087586 -0.0466129   3.9660095  -0.14270229]\n [ 1.39418339 -1.0668471  -1.15939858 -0.0397155  -0.14270229  5.07597602]]", "nfev": "189", "njev": "27", "status": "0", "success": "True", "message": "Optimization terminated successfully.", "x": "[2.09012593 2.86787266 4.08210623 4.72827487 7.91545133 2.50472401]", "nit": "25", "callback": [0.7903027938400661, 0.7383727962776209, 0.7311002242094622, 0.7141827820675544, 0.6928095059831574, 0.6828597091511757, 0.6647677537081216, 0.6377289263382563, 0.6172561627192983, 0.592284274506353, 0.5476592910997917, 0.488412249186033, 0.46362416720207966, 0.4502912247608378, 0.4435418516999048, 0.4409385116091461, 0.4398507196491782, 0.43853537105795803, 0.4384161179176993, 0.4384082452491328, 0.4384071509010904, 0.43840645319586036, 0.43840626435090624, 0.4384062488466103, 0.4384062484930046]}, "11": {"maxiter": 500, "gtol": 1e-05, "xrtol": 1e-10, "eps": 1e-10, "duration": 0.04392695426940918, "fun": "0.43840624846751863", "jac": "[ 0.00000000e+00  2.22044587e-06  0.00000000e+00  0.00000000e+00\n  0.00000000e+00 -1.11022293e-06]", "hess_inv": "[[ 4.65362179 -0.19963732 -0.3176436  -0.60942687 -0.40450261  1.38711002]\n [-0.19963732  4.80140773  2.68556091  0.51116208 -0.14760321 -1.07253967]\n [-0.3176436   2.68556091  5.95984211  1.03657911 -1.41015539 -1.15839664]\n [-0.60942687  0.51116208  1.03657911  4.38095303 -0.123847   -0.05210225]\n [-0.40450261 -0.14760321 -1.41015539 -0.123847    3.91115575 -0.15127594]\n [ 1.38711002 -1.07253967 -1.15839664 -0.05210225 -0.15127594  5.06585839]]", "nfev": "189", "njev": "27", "status": "0", "success": "True", "message": "Optimization terminated successfully.", "x": "[2.09012593 2.86789055 4.08212104 4.72828494 7.91545709 2.50473   ]", "nit": "25", "callback": [0.7903027045914051, 0.7383725888467014, 0.7311001876229571, 0.7141826168774054, 0.692809160078137, 0.6828589637063764, 0.6647658971074571, 0.6377271147147567, 0.6172537442447659, 0.5922804436428315, 0.5476534701858103, 0.4884102396205663, 0.46362597064415434, 0.45029045071434104, 0.44354053665004733, 0.44093868943764347, 0.4398503632700749, 0.4385351688460962, 0.4384161471249798, 0.43840824849209337, 0.4384071541277804, 0.438406456668855, 0.4384062641665635, 0.43840624895824465, 0.43840624846751863]}, "12": {"maxiter": 500, "gtol": 1e-10, "xrtol": 1e-05, "eps": 1e-05, "duration": 0.04327583312988281, "fun": "0.4384062484930046", "jac": "[ 5.99509331e-07 -6.59261534e-07  1.27686750e-07  1.57984736e-08\n -5.22992760e-07 -4.72877293e-07]", "hess_inv": "[[ 4.56716114 -0.18914175 -0.34570752 -0.68127842 -0.38018104  1.39418339]\n [-0.18914175  4.80772127  2.69277212  0.51725031 -0.14853417 -1.0668471 ]\n [-0.34570752  2.69277212  5.97733864  0.97658924 -1.44087586 -1.15939858]\n [-0.68127842  0.51725031  0.97658924  4.3827589  -0.0466129  -0.0397155 ]\n [-0.38018104 -0.14853417 -1.44087586 -0.0466129   3.9660095  -0.14270229]\n [ 1.39418339 -1.0668471  -1.15939858 -0.0397155  -0.14270229  5.07597602]]", "nfev": "189", "njev": "27", "status": "0", "success": "True", "message": "Optimization terminated successfully.", "x": "[2.09012593 2.86787266 4.08210623 4.72827487 7.91545133 2.50472401]", "nit": "25", "callback": [0.7903027938400661, 0.7383727962776209, 0.7311002242094622, 0.7141827820675544, 0.6928095059831574, 0.6828597091511757, 0.6647677537081216, 0.6377289263382563, 0.6172561627192983, 0.592284274506353, 0.5476592910997917, 0.488412249186033, 0.46362416720207966, 0.4502912247608378, 0.4435418516999048, 0.4409385116091461, 0.4398507196491782, 0.43853537105795803, 0.4384161179176993, 0.4384082452491328, 0.4384071509010904, 0.43840645319586036, 0.43840626435090624, 0.4384062488466103, 0.4384062484930046]}, "13": {"maxiter": 500, "gtol": 1e-10, "xrtol": 1e-05, "eps": 1e-10, "duration": 0.0428559780120