{"date": "2024/09/25/, 05:22:56", "conf_id": 146, "data_type": "orthogonal\n", "num_data_points": 4, "s_rank": 0, "unitary": "[[-0.56303964-0.00798273j,-0.21670212-0.15784972j,-0.06047197-0.73952673j,-0.01438004+0.24552571j],[-0.06976756+0.23474685j,-0.01275565-0.5435098j,-0.02703657-0.08917885j,-0.08210486-0.79311774j],[-0.38559961+0.10714929j,0.5933431-0.2687392j,-0.24060861+0.29149289j,-0.45147719+0.26241743j],[-0.50180421+0.45931857j,-0.11617175+0.44134496j,0.49642745+0.22684508j,-0.08544628-0.15407063j]]", "databatch_0": {"databatch": "[[[0.28076268-0.11031919j,-0.0083403-0.32274269j,-0.46692546-0.04265477j,-0.28640841+0.02456119j],[0.09207359+0.15228376j,-0.31797922-0.0614554j,0.01327512-0.04837102j,-0.13639323-0.1108984j],[0.18570779+0.18093598j,-0.05919371+0.01966099j,-0.04104675-0.2557618j,-0.16011923-0.15516698j],[0.05648759+0.05541818j,0.22098212-0.18539224j,-0.1193029-0.1673538j,-0.02752476-0.10923232j]],[[-0.00813076-0.10730223j,-0.28116212+0.00321994j,-0.03282523+0.22753117j,-0.04842181+0.12581605j],[-0.04290262-0.21824721j,0.26001798-0.05434011j,-0.14555224+0.11379267j,0.06703036+0.15130264j],[0.04317384+0.19692073j,-0.12859333+0.35928708j,0.25602963-0.18092671j,-0.00985917-0.09301114j],[-0.28454753+0.00102246j,0.33817762+0.06134024j,0.25539946+0.02079557j,0.31386796-0.01456839j]],[[0.29020543-0.11099959j,-0.01393488-0.32554387j,-0.47665815-0.04519901j,-0.29593045+0.0248235j],[0.09137113+0.14152583j,-0.29395224-0.06218174j,0.00467208-0.04882305j,-0.13207027-0.10443715j],[0.18339595+0.17905229j,-0.04440435+0.00891716j,-0.04626375-0.25822641j,-0.15677771-0.15704671j],[0.06319858+0.06137168j,0.21395822-0.18072362j,-0.1189435-0.17424645j,-0.03376677-0.11306433j]],[[-0.00394869-0.07566515j,-0.27884815+0.00124857j,-0.01790375+0.19536234j,-0.05030345+0.09764529j],[-0.05130819-0.22708284j,0.31292575-0.0584386j,-0.15009123+0.10384417j,0.08291735+0.15257521j],[0.07656817+0.19050146j,-0.1733146+0.38232928j,0.23605762-0.17815475j,-0.04445617-0.07984072j],[-0.26720424-0.02756616j,0.36154883+0.01986126j,0.20114898+0.02921463j,0.29695397-0.00083081j]]]", "initial param values": "[2.87807261,4.4166764,4.39400018,5.60056054,5.15944444,0.72481869]", "nelder_mead": {"type": "gradient-free", "0": {"maxiter": 100, "fatol": 1e-05, "xatol": 1e-05, "duration": 0.03928208351135254, "fun": "0.5744760843502257", "nit": "100", "nfev": "162", "status": "2", "success": "False", "message": "Maximum number of iterations has been exceeded.", "x": "[2.03893094 3.54152409 3.85762298 7.19766287 3.61472744 0.916046  ]", "final_simplex": "(array([[2.03893094, 3.54152409, 3.85762298, 7.19766287, 3.61472744,\n        0.916046  ],\n       [2.04244994, 3.54398026, 3.85888195, 7.19668344, 3.61982997,\n        0.91503038],\n       [2.03719183, 3.53698079, 3.85590018, 7.2011458 , 3.6188475 ,\n        0.91603347],\n       [2.04197739, 3.54241322, 3.86426694, 7.19704963, 3.61523196,\n        0.91539617],\n       [2.04094   , 3.54466824, 3.8603977 , 7.19397652, 3.61997277,\n        0.91483927],\n       [2.03849686, 3.5460681 , 3.86056374, 7.19229995, 3.62313364,\n        0.91530194],\n       [2.03734751, 3.54392957, 3.86626777, 7.20433075, 3.61953665,\n        0.9140253 ]]), array([0.57447608, 0.57447609, 0.57447706, 0.57447765, 0.57447773,\n       0.574478  , 0.57447871]))", "callback": [0.7542835527583557, 0.6815805336350549, 0.6194679191040404, 0.6030530127237868, 0.5912209212503872, 0.5799784370229277, 0.575848884690719, 0.5747231261949595, 0.574516256163684, 0.574478706451275]}, "1": {"maxiter": 100, "fatol": 1e-05, "xatol": 1e-10, "duration": 0.03777289390563965, "fun": "0.5744760843502257", "nit": "100", "nfev": "162", "status": "2", "success": "False", "message": "Maximum number of iterations has been exceeded.", "x": "[2.03893094 3.54152409 3.85762298 7.19766287 3.61472744 0.916046  ]", "final_simplex": "(array([[2.03893094, 3.54152409, 3.85762298, 7.19766287, 3.61472744,\n        0.916046  ],\n       [2.04244994, 3.54398026, 3.85888195, 7.19668344, 3.61982997,\n        0.91503038],\n       [2.03719183, 3.53698079, 3.85590018, 7.2011458 , 3.6188475 ,\n        0.91603347],\n       [2.04197739, 3.54241322, 3.86426694, 7.19704963, 3.61523196,\n        0.91539617],\n       [2.04094   , 3.54466824, 3.8603977 , 7.19397652, 3.61997277,\n        0.91483927],\n       [2.03849686, 3.5460681 , 3.86056374, 7.19229995, 3.62313364,\n        0.91530194],\n       [2.03734751, 3.54392957, 3.86626777, 7.20433075, 3.61953665,\n        0.9140253 ]]), array([0.57447608, 0.57447609, 0.57447706, 0.57447765, 0.57447773,\n       0.574478  , 0.57447871]))", "callback": [0.7542835527583557, 0.6815805336350549, 0.6194679191040404, 0.6030530127237868, 0.5912209212503872, 0.5799784370229277, 0.575848884690719, 0.5747231261949595, 0.574516256163684, 0.574478706451275]}, "2": {"maxiter": 100, "fatol": 1e-10, "xatol": 1e-05, "duration": 0.03652000427246094, "fun": "0.5744760843502257", "nit": "100", "nfev": "162", "status": "2", "success": "False", "message": "Maximum number of iterations has been exceeded.", "x": "[2.03893094 3.54152409 3.85762298 7.19766287 3.61472744 0.916046  ]", "final_simplex": "(array([[2.03893094, 3.54152409, 3.85762298, 7.19766287, 3.61472744,\n        0.916046  ],\n       [2.04244994, 3.54398026, 3.85888195, 7.19668344, 3.61982997,\n        0.91503038],\n       [2.03719183, 3.53698079, 3.85590018, 7.2011458 , 3.6188475 ,\n        0.91603347],\n       [2.04197739, 3.54241322, 3.86426694, 7.19704963, 3.61523196,\n        0.91539617],\n       [2.04094   , 3.54466824, 3.8603977 , 7.19397652, 3.61997277,\n        0.91483927],\n       [2.03849686, 3.5460681 , 3.86056374, 7.19229995, 3.62313364,\n        0.91530194],\n       [2.03734751, 3.54392957, 3.86626777, 7.20433075, 3.61953665,\n        0.9140253 ]]), array([0.57447608, 0.57447609, 0.57447706, 0.57447765, 0.57447773,\n       0.574478  , 0.57447871]))", "callback": [0.7542835527583557, 0.6815805336350549, 0.6194679191040404, 0.6030530127237868, 0.5912209212503872, 0.5799784370229277, 0.575848884690719, 0.5747231261949595, 0.574516256163684, 0.574478706451275]}, "3": {"maxiter": 100, "fatol": 1e-10, "xatol": 1e-10, "duration": 0.03650212287902832, "fun": "0.5744760843502257", "nit": "100", "nfev": "162", "status": "2", "success": "False", "message": "Maximum number of iterations has been exceeded.", "x": "[2.03893094 3.54152409 3.85762298 7.19766287 3.61472744 0.916046  ]", "final_simplex": "(array([[2.03893094, 3.54152409, 3.85762298, 7.19766287, 3.61472744,\n        0.916046  ],\n       [2.04244994, 3.54398026, 3.85888195, 7.19668344, 3.61982997,\n        0.91503038],\n       [2.03719183, 3.53698079, 3.85590018, 7.2011458 , 3.6188475 ,\n        0.91603347],\n       [2.04197739, 3.54241322, 3.86426694, 7.19704963, 3.61523196,\n        0.91539617],\n       [2.04094   , 3.54466824, 3.8603977 , 7.19397652, 3.61997277,\n        0.91483927],\n       [2.03849686, 3.5460681 , 3.86056374, 7.19229995, 3.62313364,\n        0.91530194],\n       [2.03734751, 3.54392957, 3.86626777, 7.20433075, 3.61953665,\n        0.9140253 ]]), array([0.57447608, 0.57447609, 0.57447706, 0.57447765, 0.57447773,\n       0.574478  , 0.57447871]))", "callback": [0.7542835527583557, 0.6815805336350549, 0.6194679191040404, 0.6030530127237868, 0.5912209212503872, 0.5799784370229277, 0.575848884690719, 0.5747231261949595, 0.574516256163684, 0.574478706451275]}, "4": {"maxiter": 500, "fatol": 1e-05, "xatol": 1e-05, "duration": 0.10542893409729004, "fun": "0.5743981848552849", "nit": "297", "nfev": "480", "status": "0", "success": "True", "message": "Optimization terminated successfully.", "x": "[2.04646615 3.55081182 3.86590044 7.20833506 3.58939442 0.95526129]", "final_simplex": "(array([[2.04646615, 3.55081182, 3.86590044, 7.20833506, 3.58939442,\n        0.95526129],\n       [2.04646624, 3.55081481, 3.86590325, 7.20833849, 3.58938702,\n        0.95526673],\n       [2.04646626, 3.55080811, 3.86589857, 7.20833719, 3.58939344,\n        0.95526052],\n       [2.04646182, 3.55080898, 3.86589833, 7.20833764, 3.58938587,\n        0.9552678 ],\n       [2.0464666 , 3.55081239, 3.8658993 , 7.20833518, 3.58938771,\n        0.95526448],\n       [2.04646474, 3.55081471, 3.86590512, 7.20833913, 3.58938469,\n        0.95526486],\n       [2.046459  , 3.5508125 , 3.8658977 , 7.20834297, 3.58939486,\n        0.95526163]]), array([0.57439818, 0.57439818, 0.57439818, 0.57439818, 0.57439818,\n       0.57439818, 0.57439818]))", "callback": [0.7542835527583557, 0.6815805336350549, 0.6194679191040404, 0.6030530127237868, 0.5912209212503872, 0.5799784370229277, 0.575848884690719, 0.5747231261949595, 0.574516256163684, 0.574478706451275, 0.574474435085206, 0.5744725503225663, 0.5744710900841677, 0.5744641412283508, 0.5744448595368755, 0.5744336528736488, 0.5744244230002982, 0.574411999369472, 0.5743993119134254, 0.5743984331419216, 0.5743982460327994, 0.5743982039096829, 0.5743981936915824, 0.5743981880747842, 0.5743981851803317, 0.5743981851803317, 0.5743981849860283, 0.5743981849099451, 0.5743981848623599, 0.5743981848570979]}, "5": {"maxiter": 500, "fatol": 1e-05, "xatol": 1e-10, "duration": 0.15861105918884277, "fun": "0.5743981848535153", "nit": "390", "nfev": "701", "status": "0", "success": "True", "message": "Optimization terminated successfully.", "x": "[2.04646357 3.55081085 3.86590098 7.20833869 3.58939246 0.95526348]", "final_simplex": "(array([[2.04646357, 3.55081085, 3.86590098, 7.20833869, 3.58939246,\n        0.95526348],\n       [2.04646357, 3.55081085, 3.86590098, 7.20833869, 3.58939246,\n        0.95526348],\n       [2.04646357, 3.55081085, 3.86590098, 7.20833869, 3.58939246,\n        0.95526348],\n       [2.04646357, 3.55081085, 3.86590098, 7.20833869, 3.58939246,\n        0.95526348],\n       [2.04646357, 3.55081085, 3.86590098, 7.20833869, 3.58939246,\n        0.95526348],\n       [2.04646357, 3.55081085, 3.86590098, 7.20833869, 3.58939246,\n        0.95526348],\n       [2.04646357, 3.55081085, 3.86590098, 7.20833869, 3.58939246,\n        0.95526348]]), array([0.57439818, 0.57439818, 0.57439818, 0.57439818, 0.57439818,\n       0.57439818, 0.57439818]))", "callback": [0.7542835527583557, 0.6815805336350549, 0.6194679191040404, 0.6030530127237868, 0.5912209212503872, 0.5799784370229277, 0.575848884690719, 0.5747231261949595, 0.574516256163684, 0.574478706451275, 0.574474435085206, 0.5744725503225663, 0.5744710900841677, 0.5744641412283508, 0.5744448595368755, 0.5744336528736488, 0.5744244230002982, 0.574411999369472, 0.5743993119134254, 0.5743984331419216, 0.5743982460327994, 0.5743982039096829, 0.5743981936915824, 0.5743981880747842, 0.5743981851803317, 0.5743981851803317, 0.5743981849860283, 0.5743981849099451, 0.5743981848623599, 0.5743981848570979, 0.5743981848542967, 0.574398184853743, 0.5743981848535941, 0.5743981848535241, 0.5743981848535176, 0.5743981848535158, 0.5743981848535156, 0.5743981848535153, 0.5743981848535153]}, "6": {"maxiter": 500, "fatol": 1e-10, "xatol": 1e-05, "duration": 0.11173391342163086, "fun": "0.5743981848552849", "nit": "297", "nfev": "480", "status": "0", "success": "True", "message": "Optimization terminated successfully.", "x": "[2.04646615 3.55081182 3.86590044 7.20833506 3.58939442 0.95526129]", "final_simplex": "(array([[2.04646615, 3.55081182, 3.86590044, 7.20833506, 3.58939442,\n        0.95526129],\n       [2.04646624, 3.55081481, 3.86590325, 7.20833849, 3.58938702,\n        0.95526673],\n       [2.04646626, 3.55080811, 3.86589857, 7.20833719, 3.58939344,\n        0.95526052],\n       [2.04646182, 3.55080898, 3.86589833, 7.20833764, 3.58938587,\n        0.9552678 ],\n       [2.0464666 , 3.55081239, 3.8658993 , 7.20833518, 3.58938771,\n        0.95526448],\n       [2.04646474, 3.55081471, 3.86590512, 7.20833913, 3.58938469,\n        0.95526486],\n       [2.046459  , 3.5508125 , 3.8658977 , 7.20834297, 3.58939486,\n        0.95526163]]), array([0.57439818, 0.57439818, 0.57439818, 0.57439818, 0.57439818,\n       0.57439818, 0.57439818]))", "callback": [0.7542835527583557, 0.6815805336350549, 0.6194679191040404, 0.6030530127237868, 0.5912209212503872, 0.5799784370229277, 0.575848884690719, 0.5747231261949595, 0.574516256163684, 0.574478706451275, 0.574474435085206, 0.5744725503225663, 0.5744710900841677, 0.5744641412283508, 0.5744448595368755, 0.5744336528736488, 0.5744244230002982, 0.574411999369472, 0.5743993119134254, 0.5743984331419216, 0.5743982460327994, 0.5743982039096829, 0.5743981936915824, 0.5743981880747842, 0.5743981851803317, 0.5743981851803317, 0.5743981849860283, 0.5743981849099451, 0.5743981848623599, 0.5743981848570979]}, "7": {"maxiter": 500, "fatol": 1e-10, "xatol": 1e-10, "duration": 0.17490816116333008, "fun": "0.5743981848535153", "nit": "390", "nfev": "701", "status": "0", "success": "True", "message": "Optimization terminated successfully.", "x": "[2.04646357 3.55081085 3.86590098 7.20833869 3.58939246 0.95526348]", "final_simplex": "(array([[2.04646357, 3.55081085, 3.86590098, 7.20833869, 3.58939246,\n        0.95526348],\n       [2.04646357, 3.55081085, 3.86590098, 7.20833869, 3.58939246,\n        0.95526348],\n       [2.04646357, 3.55081085, 3.86590098, 7.20833869, 3.58939246,\n        0.95526348],\n       [2.04646357, 3.55081085, 3.86590098, 7.20833869, 3.58939246,\n        0.95526348],\n       [2.04646357, 3.55081085, 3.86590098, 7.20833869, 3.58939246,\n        0.95526348],\n       [2.04646357, 3.55081085, 3.86590098, 7.20833869, 3.58939246,\n        0.95526348],\n       [2.04646357, 3.55081085, 3.86590098, 7.20833869, 3.58939246,\n        0.95526348]]), array([0.57439818, 0.57439818, 0.57439818, 0.57439818, 0.57439818,\n       0.57439818, 0.57439818]))", "callback": [0.7542835527583557, 0.6815805336350549, 0.6194679191040404, 0.6030530127237868, 0.5912209212503872, 0.5799784370229277, 0.575848884690719, 0.5747231261949595, 0.574516256163684, 0.574478706451275, 0.574474435085206, 0.5744725503225663, 0.5744710900841677, 0.5744641412283508, 0.5744448595368755, 0.5744336528736488, 0.5744244230002982, 0.574411999369472, 0.5743993119134254, 0.5743984331419216, 0.5743982460327994, 0.5743982039096829, 0.5743981936915824, 0.5743981880747842, 0.5743981851803317, 0.5743981851803317, 0.5743981849860283, 0.5743981849099451, 0.5743981848623599, 0.5743981848570979, 0.5743981848542967, 0.574398184853743, 0.5743981848535941, 0.5743981848535241, 0.5743981848535176, 0.5743981848535158, 0.5743981848535156, 0.5743981848535153, 0.5743981848535153]}, "8": {"maxiter": 1000, "fatol": 1e-05, "xatol": 1e-05, "duration": 0.11332201957702637, "fun": "0.5743981848552849", "nit": "297", "nfev": "480", "status": "0", "success": "True", "message": "Optimization terminated successfully.", "x": "[2.04646615 3.55081182 3.86590044 7.20833506 3.58939442 0.95526129]", "final_simplex": "(array([[2.04646615, 3.55081182, 3.86590044, 7.20833506, 3.58939442,\n        0.95526129],\n       [2.04646624, 3.55081481, 3.86590325, 7.20833849, 3.58938702,\n        0.95526673],\n       [2.04646626, 3.55080811, 3.86589857, 7.20833719, 3.58939344,\n        0.95526052],\n       [2.04646182, 3.55080898, 3.86589833, 7.20833764, 3.58938587,\n        0.9552678 ],\n       [2.0464666 , 3.55081239, 3.8658993 , 7.20833518, 3.58938771,\n        0.95526448],\n       [2.04646474, 3.55081471, 3.86590512, 7.20833913, 3.58938469,\n        0.95526486],\n       [2.046459  , 3.5508125 , 3.8658977 , 7.20834297, 3.58939486,\n        0.95526163]]), array([0.57439818, 0.57439818, 0.57439818, 0.57439818, 0.57439818,\n       0.57439818, 0.57439818]))", "callback": [0.7542835527583557, 0.6815805336350549, 0.6194679191040404, 0.6030530127237868, 0.5912209212503872, 0.5799784370229277, 0.575848884690719, 0.5747231261949595, 0.574516256163684, 0.574478706451275, 0.574474435085206, 0.5744725503225663, 0.5744710900841677, 0.5744641412283508, 0.5744448595368755, 0.5744336528736488, 0.5744244230002982, 0.574411999369472, 0.5743993119134254, 0.5743984331419216, 0.5743982460327994, 0.5743982039096829, 0.5743981936915824, 0.5743981880747842, 0.5743981851803317, 0.5743981851803317, 0.5743981849860283, 0.5743981849099451, 0.5743981848623599, 0.5743981848570979]}, "9": {"maxiter": 1000, "fatol": 1e-05, "xatol": 1e-10, "duration": 0.15908384323120117, "fun": "0.5743981848535153", "nit": "390", "nfev": "701", "status": "0", "success": "True", "message": "Optimization terminated successfully.", "x": "[2.04646357 3.55081085 3.86590098 7.20833869 3.58939246 0.95526348]", "final_simplex": "(array([[2.04646357, 3.55081085, 3.86590098, 7.20833869, 3.58939246,\n        0.95526348],\n       [2.04646357, 3.55081085, 3.86590098, 7.20833869, 3.58939246,\n        0.95526348],\n       [2.04646357, 3.55081085, 3.86590098, 7.20833869, 3.58939246,\n        0.95526348],\n       [2.04646357, 3.55081085, 3.86590098, 7.20833869, 3.58939246,\n        0.95526348],\n       [2.04646357, 3.55081085, 3.86590098, 7.20833869, 3.58939246,\n        0.95526348],\n       [2.04646357, 3.55081085, 3.86590098, 7.20833869, 3.58939246,\n        0.95526348],\n       [2.04646357, 3.55081085, 3.86590098, 7.20833869, 3.58939246,\n        0.95526348]]), array([0.57439818, 0.57439818, 0.57439818, 0.57439818, 0.57439818,\n       0.57439818, 0.57439818]))", "callback": [0.7542835527583557, 0.6815805336350549, 0.6194679191040404, 0.6030530127237868, 0.5912209212503872, 0.5799784370229277, 0.575848884690719, 0.5747231261949595, 0.574516256163684, 0.574478706451275, 0.574474435085206, 0.5744725503225663, 0.5744710900841677, 0.5744641412283508, 0.5744448595368755, 0.5744336528736488, 0.5744244230002982, 0.574411999369472, 0.5743993119134254, 0.5743984331419216, 0.5743982460327994, 0.5743982039096829, 0.5743981936915824, 0.5743981880747842, 0.5743981851803317, 0.5743981851803317, 0.5743981849860283, 0.5743981849099451, 0.5743981848623599, 0.5743981848570979, 0.5743981848542967, 0.574398184853743, 0.5743981848535941, 0.5743981848535241, 0.5743981848535176, 0.5743981848535158, 0.5743981848535156, 0.5743981848535153, 0.5743981848535153]}, "10": {"maxiter": 1000, "fatol": 1e-10, "xatol": 1e-05, "duration": 0.11701607704162598, "fun": "0.5743981848552849", "nit": "297", "nfev": "480", "status": "0", "success": "True", "message": "Optimization terminated successfully.", "x": "[2.04646615 3.55081182 3.86590044 7.20833506 3.58939442 0.95526129]", "final_simplex": "(array([[2.04646615, 3.55081182, 3.86590044, 7.20833506, 3.58939442,\n        0.95526129],\n       [2.04646624, 3.55081481, 3.86590325, 7.20833849, 3.58938702,\n        0.95526673],\n       [2.04646626, 3.55080811, 3.86589857, 7.20833719, 3.58939344,\n        0.95526052],\n       [2.04646182, 3.55080898, 3.86589833, 7.20833764, 3.58938587,\n        0.9552678 ],\n       [2.0464666 , 3.55081239, 3.8658993 , 7.20833518, 3.58938771,\n        0.95526448],\n       [2.04646474, 3.55081471, 3.86590512, 7.20833913, 3.58938469,\n        0.95526486],\n       [2.046459  , 3.5508125 , 3.8658977 , 7.20834297, 3.58939486,\n        0.95526163]]), array([0.57439818, 0.57439818, 0.57439818, 0.57439818, 0.57439818,\n       0.57439818, 0.57439818]))", "callback": [0.7542835527583557, 0.6815805336350549, 0.6194679191040404, 0.6030530127237868, 0.5912209212503872, 0.5799784370229277, 0.575848884690719, 0.5747231261949595, 0.574516256163684, 0.574478706451275, 0.574474435085206, 0.5744725503225663, 0.5744710900841677, 0.5744641412283508, 0.5744448595368755, 0.5744336528736488, 0.5744244230002982, 0.574411999369472, 0.5743993119134254, 0.5743984331419216, 0.5743982460327994, 0.5743982039096829, 0.5743981936915824, 0.5743981880747842, 0.5743981851803317, 0.5743981851803317, 0.5743981849860283, 0.5743981849099451, 0.5743981848623599, 0.5743981848570979]}, "11": {"maxiter": 1000, "fatol": 1e-10, "xatol": 1e-10, "duration": 0.16112899780273438, "fun": "0.5743981848535153", "nit": "390", "nfev": "701", "status": "0", "success": "True", "message": "Optimization terminated successfully.", "x": "[2.04646357 3.55081085 3.86590098 7.20833869 3.58939246 0.95526348]", "final_simplex": "(array([[2.04646357, 3.55081085, 3.86590098, 7.20833869, 3.58939246,\n        0.95526348],\n       [2.04646357, 3.55081085, 3.86590098, 7.20833869, 3.58939246,\n        0.95526348],\n       [2.04646357, 3.55081085, 3.86590098, 7.20833869, 3.58939246,\n        0.95526348],\n       [2.04646357, 3.55081085, 3.86590098, 7.20833869, 3.58939246,\n        0.95526348],\n       [2.04646357, 3.55081085, 3.86590098, 7.20833869, 3.58939246,\n        0.95526348],\n       [2.04646357, 3.55081085, 3.86590098, 7.20833869, 3.58939246,\n        0.95526348],\n       [2.04646357, 3.55081085, 3.86590098, 7.20833869, 3.58939246,\n        0.95526348]]), array([0.57439818, 0.57439818, 0.57439818, 0.57439818, 0.57439818,\n       0.57439818, 0.57439818]))", "callback": [0.7542835527583557, 0.6815805336350549, 0.6194679191040404, 0.6030530127237868, 0.5912209212503872, 0.5799784370229277, 0.575848884690719, 0.5747231261949595, 0.574516256163684, 0.574478706451275, 0.574474435085206, 0.5744725503225663, 0.5744710900841677, 0.5744641412283508, 0.5744448595368755, 0.5744336528736488, 0.5744244230002982, 0.574411999369472, 0.5743993119134254, 0.5743984331419216, 0.5743982460327994, 0.5743982039096829, 0.5743981936915824, 0.5743981880747842, 0.5743981851803317, 0.5743981851803317, 0.5743981849860283, 0.5743981849099451, 0.5743981848623599, 0.5743981848570979, 0.5743981848542967, 0.574398184853743, 0.5743981848535941, 0.5743981848535241, 0.5743981848535176, 0.5743981848535158, 0.5743981848535156, 0.5743981848535153, 0.5743981848535153]}}, "bfgs": {"type": "gradient", "0": {"maxiter": 100, "gtol": 1e-05, "xrtol": 1e-05, "eps": 1e-05, "duration": 0.04448890686035156, "fun": "0.5743981848880015", "jac": "[ 3.64419606e-07 -4.40314452e-07  9.41757783e-07 -1.68393077e-06\n -1.01896269e-07 -5.24302823e-07]", "hess_inv": "[[ 6.61257113  0.64632998  1.21619012  0.4127317  -0.65779562  0.99627265]\n [ 0.64632998  7.93619622  4.13098079 -2.79064521 -0.58871378  0.2198447 ]\n [ 1.21619012  4.13098079  7.09545784 -0.36273626 -0.34471816 -0.10994871]\n [ 0.4127317  -2.79064521 -0.36273626  7.63071345 -2.81025133  2.14508845]\n [-0.65779562 -0.58871378 -0.34471816 -2.81025133 11.02993125 -8.05347405]\n [ 0.99627265  0.2198447  -0.10994871  2.14508845 -8.05347405 10.6069725 ]]", "nfev": "182", "njev": "26", "status": "0", "success": "True", "message": "Optimization terminated successfully.", "x": "[2.04645633 3.55080429 3.8658953  7.20832172 3.58940053 0.95524861]", "nit": "24", "callback": [0.6923278515299872, 0.6776403927453423, 0.6529558488144429, 0.631437862881606, 0.6284633871411024, 0.6231798971942215, 0.6140231425949071, 0.6003201928163895, 0.592765217907613, 0.5863883476794486, 0.578902782261674, 0.5780345432935555, 0.5770487322796491, 0.5761446751162037, 0.5753690621638018, 0.5749182386377978, 0.5746960382764532, 0.5745808449146401, 0.5744853071973204, 0.5744173439542231, 0.574399992532912, 0.5743982417339154, 0.5743981856699965, 0.5743981848880015]}, "1": {"maxiter": 100, "gtol": 1e-05, "xrtol": 1e-05, "eps": 1e-10, "duration": 0.043974876403808594, "fun": "0.5743981848863051", "jac": "[-2.22044587e-06 -2.22044587e-06  0.00000000e+00 -4.44089173e-06\n -1.11022293e-06 -2.22044587e-06]", "hess_inv": "[[ 6.68167661  0.69554036  1.29602838  0.43456928 -0.63543912  0.96943907]\n [ 0.69554036  7.9281406   4.16813159 -2.77018233 -0.57737471  0.17286421]\n [ 1.29602838  4.16813159  7.1695581  -0.35184906 -0.3133337  -0.15651417]\n [ 0.43456928 -2.77018233 -0.35184906  7.62895048 -2.80608388  2.15742   ]\n [-0.63543912 -0.57737471 -0.3133337  -2.80608388 11.04582819 -8.08007075]\n [ 0.96943907  0.17286421 -0.15651417  2.15742    -8.08007075 10.61616424]]", "nfev": "182", "njev": "26", "status": "0", "success": "True", "message": "Optimization terminated successfully.", "x": "[2.04645575 3.55080942 3.86590213 7.2083208  3.58940453 0.95524667]", "nit": "24", "callback": [0.6923283094942473, 0.6776408037283816, 0.6529561865678076, 0.6314384541584043, 0.628464174893961, 0.6231809622279698, 0.6140244675304913, 0.6003219526564241, 0.5927660466588887, 0.5863887325359051, 0.5789022712687917, 0.5780340371706185, 0.5770484912328274, 0.5761440960142301, 0.5753689141738534, 0.5749180866506958, 0.574696092044957, 0.5745808675984891, 0.5744853578842188, 0.5744173401020567, 0.5743999888433085, 0.5743982420349789, 0.5743981854309982, 0.5743981848863051]}, "2": {"maxiter": 100, "gtol": 1e-05, "xrtol": 1e-10, "eps": 1e-05, "duration": 0.043435096740722656, "fun": "0.5743981848880015", "jac": "[ 3.64419606e-07 -4.40314452e-07  9.41757783e-07 -1.68393077e-06\n -1.01896269e-07 -5.24302823e-07]", "hess_inv": "[[ 6.61257113  0.64632998  1.21619012  0.4127317  -0.65779562  0.99627265]\n [ 0.64632998  7.93619622  4.13098079 -2.79064521 -0.58871378  0.2198447 ]\n [ 1.21619012  4.13098079  7.09545784 -0.36273626 -0.34471816 -0.10994871]\n [ 0.4127317  -2.79064521 -0.36273626  7.63071345 -2.81025133  2.14508845]\n [-0.65779562 -0.58871378 -0.34471816 -2.81025133 11.02993125 -8.05347405]\n [ 0.99627265  0.2198447  -0.10994871  2.14508845 -8.05347405 10.6069725 ]]", "nfev": "182", "njev": "26", "status": "0", "success": "True", "message": "Optimization terminated successfully.", "x": "[2.04645633 3.55080429 3.8658953  7.20832172 3.58940053 0.95524861]", "nit": "24", "callback": [0.6923278515299872, 0.6776403927453423, 0.6529558488144429, 0.631437862881606, 0.6284633871411024, 0.6231798971942215, 0.6140231425949071, 0.6003201928163895, 0.592765217907613, 0.5863883476794486, 0.578902782261674, 0.5780345432935555, 0.5770487322796491, 0.5761446751162037, 0.5753690621638018, 0.5749182386377978, 0.5746960382764532, 0.5745808449146401, 0.5744853071973204, 0.5744173439542231, 0.574399992532912, 0.5743982417339154, 0.5743981856699965, 0.5743981848880015]}, "3": {"maxiter": 100, "gtol": 1e-05, "xrtol": 1e-10, "eps": 1e-10, "duration": 0.04250502586364746, "fun": "0.5743981848863051", "jac": "[-2.22044587e-06 -2.22044587e-06  0.00000000e+00 -4.44089173e-06\n -1.11022293e-06 -2.22044587e-06]", "hess_inv": "[[ 6.68167661  0.69554036  1.29602838  0.43456928 -0.63543912  0.96943907]\n [ 0.69554036  7.9281406   4.16813159 -2.77018233 -0.57737471  0.17286421]\n [ 1.29602838  4.16813159  7.1695581  -0.35184906 -0.3133337  -0.15651417]\n [ 0.43456928 -2.77018233 -0.35184906  7.62895048 -2.80608388  2.15742   ]\n [-0.63543912 -0.57737471 -0.3133337  -2.80608388 11.04582819 -8.08007075]\n [ 0.96943907  0.17286421 -0.15651417  2.15742    -8.08007075 10.61616424]]", "nfev": "182", "njev": "26", "status": "0", "success": "True", "message": "Optimization terminated successfully.", "x": "[2.04645575 3.55080942 3.86590213 7.2083208  3.58940453 0.95524667]", "nit": "24", "callback": [0.6923283094942473, 0.6776408037283816, 0.6529561865678076, 0.6314384541584043, 0.628464174893961, 0.6231809622279698, 0.6140244675304913, 0.6003219526564241, 0.5927660466588887, 0.5863887325359051, 0.5789022712687917, 0.5780340371706185, 0.5770484912328274, 0.5761440960142301, 0.5753689141738534, 0.5749180866506958, 0.574696092044957, 0.5745808675984891, 0.5744853578842188, 0.5744173401020567, 0.5743999888433085, 0.5743982420349789, 0.5743981854309982, 0.5743981848863051]}, "4": {"maxiter": 100, "gtol": 1e-10, "xrtol": 1e-05, "eps": 1e-05, "duration": 0.04462790489196777, "fun": "0.574398184874243", "jac": "[-1.49613655e-07 -7.07989223e-08  9.34252675e-08 -1.35291778e-07\n -1.31039624e-07 -1.28608235e-07]", "hess_inv": "[[ 6.63094138  0.54285052  1.195813    0.40943841 -0.7509239   1.06429112]\n [ 0.54285052  7.63769433  3.81772633 -2.14398795 -0.99955607  0.65779407]\n [ 1.195813    3.81772633  6.91019079 -0.05405319 -0.69569456  0.21335501]\n [ 0.40943841 -2.14398795 -0.05405319  7.18370114 -2.12694513  1.54776236]\n [-0.7509239  -0.99955607 -0.69569456 -2.12694513 10.50926885 -7.52686246]\n [ 1.06429112  0.65779407  0.21335501  1.54776236 -7.52686246 10.09390183]]", "nfev": "189", "njev": "27", "status": "0", "success": "True", "message": "Optimization terminated successfully.", "x": "[2.0464542  3.55080049 3.86588998 7.20833337 3.58939457 0.95525544]", "nit": "25", "callback": [0.6923278515299872, 0.6776403927453423, 0.6529558488144429, 0.631437862881606, 0.6284633871411024, 0.6231798971942215, 0.6140231425949071, 0.6003201928163895, 0.592765217907613, 0.5863883476794486, 0.578902782261674, 0.5780345432935555, 0.5770487322796491, 0.5761446751162037, 0.5753690621638018, 0.5749182386377978, 0.5746960382764532, 0.5745808449146401, 0.5744853071973204, 0.5744173439542231, 0.574399992532912, 0.5743982417339154, 0.5743981856699965, 0.5743981848880015, 0.574398184874243]}, "5": {"maxiter": 100, "gtol": 1e-10, "xrtol": 1e-05, "eps": 1e-10, "duration": 0.0447239875793457, "fun": "0.5743981848844666", "jac": "[1.11022293e-06 3.33066880e-06 0.00000000e+00 2.22044587e-06\n 2.22044587e-06 1.11022293e-06]", "hess_inv": "[[ 6.22819588  1.41600854  1.33633095 -0.31793504  0.50293984 -0.10216916]\n [ 1.41600854  9.37445191  4.89756417 -1.73956616 -0.42358447  0.51304667]\n [ 1.33633095  4.89756417  7.4089692  -0.33547869  0.18646373 -0.47848294]\n [-0.31793504 -1.73956616 -0.33547869  6.39074579 -1.04197706  0.46591605]\n [ 0.50293984 -0.42358447  0.18646373 -1.04197706  9.67445603 -6.42183227]\n [-0.10216916  0.51304667 -0.47848294  0.46591605 -6.42183227  8.8001983 ]]", "nfev": "189", "njev": "27", "status": "0", "success": "True", "message": "Optimization terminated successfully.", "x": "[2.04647164 3.55082632 3.86591363 7.20834449 3.58939656 0.95526206]", "nit": "25", "callback": [0.6923283094942473, 0.6776408037283816, 0.6529561865678076, 0.6314384541584043, 0.628464174893961, 0.6231809622279698, 0.6140244675304913, 0.6003219526564241, 0.5927660466588887, 0.5863887325359051, 0.5789022712687917, 0.5780340371706185, 0.5770484912328274, 0.5761440960142301, 0.5753689141738534, 0.5749180866506958, 0.574696092044957, 0.5745808675984891, 0.5744853578842188, 0.5744173401020567, 0.5743999888433085, 0.5743982420349789, 0.5743981854309982, 0.5743981848863051, 0.5743981848844666]}, "6": {"maxiter": 100, "gtol": 1e-10, "xrtol": 1e-10, "eps": 1e-05, "duration": 0.1003577709197998, "fun": "0.5743981848718749", "jac": "[-3.21964677e-10  3.44169138e-10  2.22044605e-10  6.21724894e-10\n -7.99360578e-10 -2.44249065e-10]", "hess_inv": "[[ 6.9043876   0.32395836  0.78766679  0.86929838 -0.63814693  1.39927269]\n [ 0.32395836  7.61935147  3.84584254 -2.18316873 -1.08470884  0.57887694]\n [ 0.78766679  3.84584254  7.04267553 -0.22939006 -0.84784125  0.01701468]\n [ 0.86929838 -2.18316873 -0.22939006  7.45388727 -1.99827981  1.82598909]\n [-0.63814693 -1.08470884 -0.84784125 -1.99827981 10.59628221 -7.4345756 ]\n [ 1.39927269  0.57887694  0.01701468  1.82598909 -7.4345756  10.33770268]]", "nfev": "432", "njev": "60", "status": "2", "success": "False", "message": "Desired error not necessarily achieved due to precision loss.", "x": "[2.04645541 3.55080038 3.86588959 7.20833439 3.58939459 0.95525633]", "nit": "27", "callback": [0.6923278515299872, 0.6776403927453423, 0.6529558488144429, 0.631437862881606, 0.6284633871411024, 0.6231798971942215, 0.6140231425949071, 0.6003201928163895, 0.592765217907613, 0.5863883476794486, 0.578902782261674, 0.5780345432935555, 0.5770487322796491, 0.5761446751162037, 0.5753690621638018, 0.5749182386377978, 0.5746960382764532, 0.5745808449146401, 0.5744853071973204, 0.5744173439542231, 0.574399992532912, 0.5743982417339154, 0.5743981856699965, 0.5743981848880015, 0.574398184874243, 0.5743981848721152, 0.5743981848718749]}, "7": {"maxiter": 100, "gtol": 1e-10, "xrtol": 1e-10, "eps": 1e-10, "duration": 0.1043848991394043, "fun": "0.5743981848590599", "jac": "[1.11022293e-06 1.11022293e-06 1.11022293e-06 1.11022293e-06\n 0.00000000e+00 1.11022293e-06]", "hess_inv": "[[  4.80577047  -6.74541255   1.9750636  -21.93563181 -23.93529233\n    9.17943091]\n [ -6.74541255   9.83493669  -2.9409421   30.94398894  34.50927588\n  -13.02120074]\n [  1.9750636   -2.9409421    1.44372035  -9.68046527 -10.351553\n    3.84052144]\n [-21.93563181  30.94398894  -9.68046527 101.00304267 109.85795904\n  -42.05848057]\n [-23.93529233  34.50927588 -10.351553   109.85795904 121.75270108\n  -46.11808254]\n [  9.17943091 -13.02120074   3.84052144 -42.05848057 -46.11808254\n   17.66072809]]", "nfev": "441", "njev": "63", "status": "0", "success": "True", "message": "Optimization terminated successfully.", "x": "[2.04646841 3.55081225 3.86590568 7.20834414 3.5893852  0.95526954]", "nit": "38", "callback": [0.6923283094942473, 0.6776408037283816, 0.6529561865678076, 0.6314384541584043, 0.628464174893961, 0.6231809622279698, 0.6140244675304913, 0.6003219526564241, 0.5927660466588887, 0.5863887325359051, 0.5789022712687917, 0.5780340371706185, 0.5770484912328274, 0.5761440960142301, 0.5753689141738534, 0.5749180866506958, 0.574696092044957, 0.5745808675984891, 0.5744853578842188, 0.5744173401020567, 0.5743999888433085, 0.5743982420349789, 0.5743981854309982, 0.5743981848863051, 0.5743981848844666, 0.5743981848724897, 0.5743981848672237, 0.5743981848671464, 0.574398184867106, 0.5743981848670638, 0.5743981848669135, 0.5743981848620386, 0.5743981848614857, 0.5743981848614357, 0.5743981848598432, 0.5743981848596632, 0.5743981848590599, 0.5743981848590599]}, "8": {"maxiter": 500, "gtol": 1e-05, "xrtol": 1e-05, "eps": 1e-05, "duration": 0.042595863342285156, "fun": "0.5743981848880015", "jac": "[ 3.64419606e-07 -4.40314452e-07  9.41757783e-07 -1.68393077e-06\n -1.01896269e-07 -5.24302823e-07]", "hess_inv": "[[ 6.61257113  0.64632998  1.21619012  0.4127317  -0.65779562  0.99627265]\n [ 0.64632998  7.93619622  4.13098079 -2.79064521 -0.58871378  0.2198447 ]\n [ 1.21619012  4.13098079  7.09545784 -0.36273626 -0.34471816 -0.10994871]\n [ 0.4127317  -2.79064521 -0.36273626  7.63071345 -2.81025133  2.14508845]\n [-0.65779562 -0.58871378 -0.34471816 -2.81025133 11.02993125 -8.05347405]\n [ 0.99627265  0.2198447  -0.10994871  2.14508845 -8.05347405 10.6069725 ]]", "nfev": "182", "njev": "26", "status": "0", "success": "True", "message": "Optimization terminated successfully.", "x": "[2.04645633 3.55080429 3.8658953  7.20832172 3.58940053 0.95524861]", "nit": "24", "callback": [0.6923278515299872, 0.6776403927453423, 0.6529558488144429, 0.631437862881606, 0.6284633871411024, 0.6231798971942215, 0.6140231425949071, 0.6003201928163895, 0.592765217907613, 0.5863883476794486, 0.578902782261674, 0.5780345432935555, 0.5770487322796491, 0.5761446751162037, 0.5753690621638018, 0.5749182386377978, 0.5746960382764532, 0.5745808449146401, 0.5744853071973204, 0.5744173439542231, 0.574399992532912, 0.5743982417339154, 0.5743981856699965, 0.5743981848880015]}, "9": {"maxiter": 500, "gtol": 1e-05, "xrtol": 1e-05, "eps": 1e-10, "duration": 0.04390716552734375, "fun": "0.5743981848863051", "jac": "[-2.22044587e-06 -2.22044587e-06  0.00000000e+00 -4.44089173e-06\n -1.11022293e-06 -2.22044587e-06]", "hess_inv": "[[ 6.68167661  0.69554036  1.29602838  0.43456928 -0.63543912  0.96943907]\n [ 0.69554036  7.9281406   4.16813159 -2.77018233 -0.57737471  0.17286421]\n [ 1.29602838  4.16813159  7.1695581  -0.35184906 -0.3133337  -0.15651417]\n [ 0.43456928 -2.77018233 -0.35184906  7.62895048 -2.80608388  2.15742   ]\n [-0.63543912 -0.57737471 -0.3133337  -2.80608388 11.04582819 -8.08007075]\n [ 0.96943907  0.17286421 -0.15651417  2.15742    -8.08007075 10.61616424]]", "nfev": "182", "njev": "26", "status": "0", "success": "True", "message": "Optimization terminated successfully.", "x": "[2.04645575 3.55080942 3.86590213 7.2083208  3.58940453 0.95524667]", "nit": "24", "callback": [0.6923283094942473, 0.6776408037283816, 0.6529561865678076, 0.6314384541584043, 0.628464174893961, 0.6231809622279698, 0.6140244675304913, 0.6003219526564241, 0.5927660466588887, 0.5863887325359051, 0.5789022712687917, 0.5780340371706185, 0.5770484912328274, 0.5761440960142301, 0.5753689141738534, 0.5749180866506958, 0.574696092044957, 0.5745808675984891, 0.5744853578842188, 0.5744173401020567, 0.5743999888433085, 0.5743982420349789, 0.5743981854309982, 0.5743981848863051]}, "10": {"maxiter": 500, "gtol": 1e-05, "xrtol": 1e-10, "eps": 1e-05, "duration": 0.043009042739868164, "fun": "0.5743981848880015", "jac": "[ 3.64419606e-07 -4.40314452e-07  9.41757783e-07 -1.68393077e-06\n -1.01896269e-07 -5.24302823e-07]", "hess_inv": "[[ 6.61257113  0.64632998  1.21619012  0.4127317  -0.65779562  0.99627265]\n [ 0.64632998  7.93619622  4.13098079 -2.79064521 -0.58871378  0.2198447 ]\n [ 1.21619012  4.13098079  7.09545784 -0.36273626 -0.34471816 -0.10994871]\n [ 0.4127317  -2.79064521 -0.36273626  7.63071345 -2.81025133  2.14508845]\n [-0.65779562 -0.58871378 -0.34471816 -2.81025133 11.02993125 -8.05347405]\n [ 0.99627265  0.2198447  -0.10994871  2.14508845 -8.05347405 10.6069725 ]]", "nfev": "182", "njev": "26", "status": "0", "success": "True", "message": "Optimization terminated successfully.", "x": "[2.04645633 3.55080429 3.8658953  7.20832172 3.58940053 0.95524861]", "nit": "24", "callback": [0.6923278515299872, 0.6776403927453423, 0.6529558488144429, 0.631437862881606, 0.6284633871411024, 0.6231798971942215, 0.6140231425949071, 0.6003201928163895, 0.592765217907613, 0.5863883476794486, 0.578902782261674, 0.5780345432935555, 0.5770487322796491, 0.5761446751162037, 0.5753690621638018, 0.5749182386377978, 0.5746960382764532, 0.5745808449146401, 0.5744853071973204, 0.5744173439542231, 0.574399992532912, 0.5743982417339154, 0.5743981856699965, 0.5743981848880015]}, "11": {"maxiter": 500, "gtol": 1e-05, "xrtol": 1e-10, "eps": 1e-10, "duration": 0.0429539680480957, "fun": "0.5743981848863051", "jac": "[-2.22044587e-06 -2.22044587e-06  0.00000000e+00 -4.44089173e-06\n -1.11022293e-06 -2.22044587e-06]", "hess_inv": "[[ 6.68167661  0.69554036  1.29602838  0.43456928 -0.63543912  0.96943907]\n [ 0.69554036  7.9281406   4.16813159 -2.77018233 -0.57737471  0.17286421]\n [ 1.29602838  4.16813159  7.1695581  -0.35184906 -0.3133337  -0.15651417]\n [ 0.43456928 -2.77018233 -0.35184906  7.62895048 -2.80608388  2.15742   ]\n [-0.63543912 -0.57737471 -0.3133337  -2.80608388 11.04582819 -8.08007075]\n [ 0.96943907  0.17286421 -0.15651417  2.15742    -8.08007075 10.61616424]]", "nfev": "182", "njev": "26", "status": "0", "success": "True", "message": "Optimization terminated successfully.", "x": "[2.04645575 3.55080942 3.86590213 7.2083208  3.58940453 0.95524667]", "nit": "24", "callback": [0.6923283094942473, 0.6776408037283816, 0.6529561865678076, 0.6314384541584043, 0.628464174893961, 0.6231809622279698, 0.6140244675304913, 0.6003219526564241, 0.5927660466588887, 0.5863887325359051, 0.5789022712687917, 0.5780340371706185, 0.5770484912328274, 0.5761440960142301, 0.5753689141738534, 0.5749180866506958, 0.574696092044957, 0.5745808675984891, 0.5744853578842188, 0.5744173401020567, 0.5743999888433085, 0.5743982420349789, 0.5743981854309982, 0.5743981848863051]}, "12": {"maxiter": 500, "gtol": 1e-10, "xrtol": 1e-05, "eps": 1e-05, "duration": 0.044053077697753906, "fun": "0.574398184874243", "jac": "[-1.49613655e-07 -7.07989223e-08  9.34252675e-08 -1.35291778e-07\n -1.31039624e-07 -1.28608235e-07]", "hess_inv": "[[ 6.63094138  0.54285052  1.195813    0.40943841 -0.7509239   1.06429112]\n [ 0.54285052  7.63769433  3.81772633 -2.14398795 -0.99955607  0.65779407]\n [ 1.195813    3.81772633  6.91019079 -0.05405319 -0.69569456  0.21335501]\n [ 0.40943841 -2.14398795 -0.05405319  7.18370114 -2.12694513  1.54776236]\n [-0.7509239  -0.99955607 -0.69569456 -2.12694513 10.50926885 -7.52686246]\n [ 1.06429112  0.65779407  0.21335501  1.54776236 -7.52686246 10.09390183]]", "nfev": "189", "njev": "27", "status": "0", "success": "True", "message": "Optimization terminated successfully.", "x": "[2.0464542  3.55080049 3.86588998 7.20833337 3.58939457 0.95525544]", "nit": "25", "callback": [0.6923278515299872, 0.6776403927453423, 0.6529558488144429, 0.631437862881606, 0.6284633871411024, 0.6231798971942215, 0.6140231425949071, 0.6003201928163895, 0.592765217907613, 0.5863883476794486, 0.578