{"date": "2024/09/25/, 19:12:44", "conf_id": 299, "data_type": "var_s_rank\n", "num_data_points": 3, "s_rank": 0, "unitary": "[[-0.24866696+0.58742286j,-0.44704345-0.43151574j,-0.35669027-0.20570733j,-0.10517633+0.1626036j],[0.10596805-0.19687975j,-0.30269685-0.15056416j,0.18246286+0.30440582j,-0.83484447-0.11310748j],[0.26054512-0.52548482j,0.0285017-0.50723956j,-0.43110112+0.17165838j,0.15243271+0.39915801j],[0.42978035+0.11991271j,-0.17224126-0.46030424j,0.6827807-0.15164662j,0.26483638+0.0061855j]]", "databatch_0": {"databatch": "[[[0.04843418-0.11926948j,-0.07366928+0.2954317j,0.08291767-0.19616349j,-0.3677845-0.10233785j],[-0.31951241+0.01762718j,-0.35434806-0.05583549j,0.13876759-0.16446157j,-0.01499743+0.06355707j],[0.25994408+0.06850786j,0.07993356-0.03757828j,0.13115647+0.17053366j,-0.01011225+0.30568671j],[-0.18236+0.1482347j,0.12357216-0.01986114j,0.31452374+0.11169638j,-0.11121954-0.0584808j]],[[-0.06349454-0.21783549j,-0.17294076+0.07154836j,0.03478441-0.02973237j,0.02098576-0.03962114j],[0.0509269-0.02181658j,0.040153-0.07030849j,0.17392226+0.4378664j,0.01153005+0.01142131j],[0.06727389-0.04198454j,-0.06549274-0.27721984j,0.08836741+0.09591946j,0.06368785-0.12514736j],[-0.35570023-0.31111886j,-0.47558941+0.14327838j,0.2444279+0.0849174j,-0.00049564+0.12796928j]],[[0.01163371+0.08171858j,-0.04391302-0.08410472j,-0.25926347-0.13842059j,-0.32179184+0.35686598j],[0.18698689-0.22675853j,-0.28031354-0.16049924j,0.34301785-0.02944874j,0.17426873-0.16021533j],[0.098722-0.00187964j,0.14002817-0.0920851j,-0.00625759+0.01767539j,-0.08444209-0.13362467j],[-0.20390578-0.01529539j,-0.28754693+0.05053128j,-0.17296242+0.04386485j,0.24067279+0.14707493j]]]", "initial param values": "[1.19070026,1.82171928,5.46128658,4.61378022,5.8000791,6.09027919]", "nelder_mead": {"type": "gradient-free", "0": {"maxiter": 100, "fatol": 1e-05, "xatol": 1e-05, "duration": 0.043647050857543945, "fun": "0.6108100616152483", "nit": "100", "nfev": "160", "status": "2", "success": "False", "message": "Maximum number of iterations has been exceeded.", "x": "[0.1320425  4.24508117 7.05570191 2.94908141 4.40872262 5.75482549]", "final_simplex": "(array([[ 0.1320425 ,  4.24508117,  7.05570191,  2.94908141,  4.40872262,\n         5.75482549],\n       [ 0.11526288,  4.26961056,  6.94538929,  2.88265954,  4.6391756 ,\n         5.84045516],\n       [ 0.14497366,  4.14852207,  7.22757988,  3.02988843,  4.44987499,\n         5.64686292],\n       [-0.11764951,  4.78186365,  7.173885  ,  2.36665743,  4.85610291,\n         5.55693439],\n       [-0.10891115,  4.77410148,  7.16500172,  2.39442534,  4.69943588,\n         5.70058532],\n       [ 0.03048061,  4.39273768,  7.26084527,  2.84642932,  4.55930522,\n         5.53567645],\n       [ 0.21561574,  4.03545061,  7.11627866,  3.14886201,  4.51519093,\n         5.58918779]]), array([0.61081006, 0.61141501, 0.61450918, 0.61564561, 0.61596703,\n       0.61724143, 0.61737509]))", "callback": [0.9459565565663692, 0.793556781382467, 0.7023126066735188, 0.7023126066735188, 0.7011554587097326, 0.7003337063514783, 0.6961740481322716, 0.6890534349538113, 0.663272082838902, 0.6156456079036574]}, "1": {"maxiter": 100, "fatol": 1e-05, "xatol": 1e-10, "duration": 0.047067880630493164, "fun": "0.6108100616152483", "nit": "100", "nfev": "160", "status": "2", "success": "False", "message": "Maximum number of iterations has been exceeded.", "x": "[0.1320425  4.24508117 7.05570191 2.94908141 4.40872262 5.75482549]", "final_simplex": "(array([[ 0.1320425 ,  4.24508117,  7.05570191,  2.94908141,  4.40872262,\n         5.75482549],\n       [ 0.11526288,  4.26961056,  6.94538929,  2.88265954,  4.6391756 ,\n         5.84045516],\n       [ 0.14497366,  4.14852207,  7.22757988,  3.02988843,  4.44987499,\n         5.64686292],\n       [-0.11764951,  4.78186365,  7.173885  ,  2.36665743,  4.85610291,\n         5.55693439],\n       [-0.10891115,  4.77410148,  7.16500172,  2.39442534,  4.69943588,\n         5.70058532],\n       [ 0.03048061,  4.39273768,  7.26084527,  2.84642932,  4.55930522,\n         5.53567645],\n       [ 0.21561574,  4.03545061,  7.11627866,  3.14886201,  4.51519093,\n         5.58918779]]), array([0.61081006, 0.61141501, 0.61450918, 0.61564561, 0.61596703,\n       0.61724143, 0.61737509]))", "callback": [0.9459565565663692, 0.793556781382467, 0.7023126066735188, 0.7023126066735188, 0.7011554587097326, 0.7003337063514783, 0.6961740481322716, 0.6890534349538113, 0.663272082838902, 0.6156456079036574]}, "2": {"maxiter": 100, "fatol": 1e-10, "xatol": 1e-05, "duration": 0.044992685317993164, "fun": "0.6108100616152483", "nit": "100", "nfev": "160", "status": "2", "success": "False", "message": "Maximum number of iterations has been exceeded.", "x": "[0.1320425  4.24508117 7.05570191 2.94908141 4.40872262 5.75482549]", "final_simplex": "(array([[ 0.1320425 ,  4.24508117,  7.05570191,  2.94908141,  4.40872262,\n         5.75482549],\n       [ 0.11526288,  4.26961056,  6.94538929,  2.88265954,  4.6391756 ,\n         5.84045516],\n       [ 0.14497366,  4.14852207,  7.22757988,  3.02988843,  4.44987499,\n         5.64686292],\n       [-0.11764951,  4.78186365,  7.173885  ,  2.36665743,  4.85610291,\n         5.55693439],\n       [-0.10891115,  4.77410148,  7.16500172,  2.39442534,  4.69943588,\n         5.70058532],\n       [ 0.03048061,  4.39273768,  7.26084527,  2.84642932,  4.55930522,\n         5.53567645],\n       [ 0.21561574,  4.03545061,  7.11627866,  3.14886201,  4.51519093,\n         5.58918779]]), array([0.61081006, 0.61141501, 0.61450918, 0.61564561, 0.61596703,\n       0.61724143, 0.61737509]))", "callback": [0.9459565565663692, 0.793556781382467, 0.7023126066735188, 0.7023126066735188, 0.7011554587097326, 0.7003337063514783, 0.6961740481322716, 0.6890534349538113, 0.663272082838902, 0.6156456079036574]}, "3": {"maxiter": 100, "fatol": 1e-10, "xatol": 1e-10, "duration": 0.04214191436767578, "fun": "0.6108100616152483", "nit": "100", "nfev": "160", "status": "2", "success": "False", "message": "Maximum number of iterations has been exceeded.", "x": "[0.1320425  4.24508117 7.05570191 2.94908141 4.40872262 5.75482549]", "final_simplex": "(array([[ 0.1320425 ,  4.24508117,  7.05570191,  2.94908141,  4.40872262,\n         5.75482549],\n       [ 0.11526288,  4.26961056,  6.94538929,  2.88265954,  4.6391756 ,\n         5.84045516],\n       [ 0.14497366,  4.14852207,  7.22757988,  3.02988843,  4.44987499,\n         5.64686292],\n       [-0.11764951,  4.78186365,  7.173885  ,  2.36665743,  4.85610291,\n         5.55693439],\n       [-0.10891115,  4.77410148,  7.16500172,  2.39442534,  4.69943588,\n         5.70058532],\n       [ 0.03048061,  4.39273768,  7.26084527,  2.84642932,  4.55930522,\n         5.53567645],\n       [ 0.21561574,  4.03545061,  7.11627866,  3.14886201,  4.51519093,\n         5.58918779]]), array([0.61081006, 0.61141501, 0.61450918, 0.61564561, 0.61596703,\n       0.61724143, 0.61737509]))", "callback": [0.9459565565663692, 0.793556781382467, 0.7023126066735188, 0.7023126066735188, 0.7011554587097326, 0.7003337063514783, 0.6961740481322716, 0.6890534349538113, 0.663272082838902, 0.6156456079036574]}, "4": {"maxiter": 500, "fatol": 1e-05, "xatol": 1e-05, "duration": 0.19394278526306152, "fun": "0.5261647872099329", "nit": "500", "nfev": "760", "status": "2", "success": "False", "message": "Maximum number of iterations has been exceeded.", "x": "[0.70006502 4.67244208 7.4648838  2.49997099 4.76722071 5.10421822]", "final_simplex": "(array([[0.70006502, 4.67244208, 7.4648838 , 2.49997099, 4.76722071,\n        5.10421822],\n       [0.79044377, 4.65727533, 7.43478501, 2.56849689, 4.71237511,\n        5.03225503],\n       [0.72448796, 4.72431058, 7.47128724, 2.43234492, 4.71743438,\n        5.01698393],\n       [0.80177886, 4.76108266, 7.37711432, 2.59532665, 4.66357664,\n        4.8901995 ],\n       [0.8587904 , 4.76365317, 7.26040723, 2.65732442, 4.6006006 ,\n        4.9854457 ],\n       [0.75141567, 4.72303183, 7.41034967, 2.55976591, 4.69223174,\n        4.95066144],\n       [0.75347266, 4.6480427 , 7.49255711, 2.54468618, 4.6904    ,\n        5.02190819]]), array([0.52616479, 0.52620849, 0.52677144, 0.52722107, 0.52788306,\n       0.52828135, 0.52829997]))", "callback": [0.9459565565663692, 0.793556781382467, 0.7023126066735188, 0.7023126066735188, 0.7011554587097326, 0.7003337063514783, 0.6961740481322716, 0.6890534349538113, 0.663272082838902, 0.6156456079036574, 0.6082236679151809, 0.6070982573645185, 0.6033124032969157, 0.5982901391531419, 0.5930321620758472, 0.5923176629535261, 0.5920760969215497, 0.5918767591131799, 0.5899744075158797, 0.5803218143371476, 0.5725044982038017, 0.5719295936287929, 0.566791819944787, 0.5590266713714735, 0.5587433490721381, 0.5578187859646924, 0.5569815024278, 0.5555203097047305, 0.5529897101185282, 0.5492308831960762, 0.5492308831960762, 0.5486737152698002, 0.5485294874845428, 0.5485163641337221, 0.5485118767746191, 0.5485038751026032, 0.5484881116808704, 0.5484564243669958, 0.5484437114784446, 0.548412431525169, 0.548319303767494, 0.5480994484627959, 0.5476634836751717, 0.5465948207729021, 0.5428235525573124, 0.5360422157494507, 0.5345465335300625, 0.5319314920330527, 0.5300228788954742, 0.5262084929566311]}, "5": {"maxiter": 500, "fatol": 1e-05, "xatol": 1e-10, "duration": 0.18003606796264648, "fun": "0.5261647872099329", "nit": "500", "nfev": "760", "status": "2", "success": "False", "message": "Maximum number of iterations has been exceeded.", "x": "[0.70006502 4.67244208 7.4648838  2.49997099 4.76722071 5.10421822]", "final_simplex": "(array([[0.70006502, 4.67244208, 7.4648838 , 2.49997099, 4.76722071,\n        5.10421822],\n       [0.79044377, 4.65727533, 7.43478501, 2.56849689, 4.71237511,\n        5.03225503],\n       [0.72448796, 4.72431058, 7.47128724, 2.43234492, 4.71743438,\n        5.01698393],\n       [0.80177886, 4.76108266, 7.37711432, 2.59532665, 4.66357664,\n        4.8901995 ],\n       [0.8587904 , 4.76365317, 7.26040723, 2.65732442, 4.6006006 ,\n        4.9854457 ],\n       [0.75141567, 4.72303183, 7.41034967, 2.55976591, 4.69223174,\n        4.95066144],\n       [0.75347266, 4.6480427 , 7.49255711, 2.54468618, 4.6904    ,\n        5.02190819]]), array([0.52616479, 0.52620849, 0.52677144, 0.52722107, 0.52788306,\n       0.52828135, 0.52829997]))", "callback": [0.9459565565663692, 0.793556781382467, 0.7023126066735188, 0.7023126066735188, 0.7011554587097326, 0.7003337063514783, 0.6961740481322716, 0.6890534349538113, 0.663272082838902, 0.6156456079036574, 0.6082236679151809, 0.6070982573645185, 0.6033124032969157, 0.5982901391531419, 0.5930321620758472, 0.5923176629535261, 0.5920760969215497, 0.5918767591131799, 0.5899744075158797, 0.5803218143371476, 0.5725044982038017, 0.5719295936287929, 0.566791819944787, 0.5590266713714735, 0.5587433490721381, 0.5578187859646924, 0.5569815024278, 0.5555203097047305, 0.5529897101185282, 0.5492308831960762, 0.5492308831960762, 0.5486737152698002, 0.5485294874845428, 0.5485163641337221, 0.5485118767746191, 0.5485038751026032, 0.5484881116808704, 0.5484564243669958, 0.5484437114784446, 0.548412431525169, 0.548319303767494, 0.5480994484627959, 0.5476634836751717, 0.5465948207729021, 0.5428235525573124, 0.5360422157494507, 0.5345465335300625, 0.5319314920330527, 0.5300228788954742, 0.5262084929566311]}, "6": {"maxiter": 500, "fatol": 1e-10, "xatol": 1e-05, "duration": 0.20819616317749023, "fun": "0.5261647872099329", "nit": "500", "nfev": "760", "status": "2", "success": "False", "message": "Maximum number of iterations has been exceeded.", "x": "[0.70006502 4.67244208 7.4648838  2.49997099 4.76722071 5.10421822]", "final_simplex": "(array([[0.70006502, 4.67244208, 7.4648838 , 2.49997099, 4.76722071,\n        5.10421822],\n       [0.79044377, 4.65727533, 7.43478501, 2.56849689, 4.71237511,\n        5.03225503],\n       [0.72448796, 4.72431058, 7.47128724, 2.43234492, 4.71743438,\n        5.01698393],\n       [0.80177886, 4.76108266, 7.37711432, 2.59532665, 4.66357664,\n        4.8901995 ],\n       [0.8587904 , 4.76365317, 7.26040723, 2.65732442, 4.6006006 ,\n        4.9854457 ],\n       [0.75141567, 4.72303183, 7.41034967, 2.55976591, 4.69223174,\n        4.95066144],\n       [0.75347266, 4.6480427 , 7.49255711, 2.54468618, 4.6904    ,\n        5.02190819]]), array([0.52616479, 0.52620849, 0.52677144, 0.52722107, 0.52788306,\n       0.52828135, 0.52829997]))", "callback": [0.9459565565663692, 0.793556781382467, 0.7023126066735188, 0.7023126066735188, 0.7011554587097326, 0.7003337063514783, 0.6961740481322716, 0.6890534349538113, 0.663272082838902, 0.6156456079036574, 0.6082236679151809, 0.6070982573645185, 0.6033124032969157, 0.5982901391531419, 0.5930321620758472, 0.5923176629535261, 0.5920760969215497, 0.5918767591131799, 0.5899744075158797, 0.5803218143371476, 0.5725044982038017, 0.5719295936287929, 0.566791819944787, 0.5590266713714735, 0.5587433490721381, 0.5578187859646924, 0.5569815024278, 0.5555203097047305, 0.5529897101185282, 0.5492308831960762, 0.5492308831960762, 0.5486737152698002, 0.5485294874845428, 0.5485163641337221, 0.5485118767746191, 0.5485038751026032, 0.5484881116808704, 0.5484564243669958, 0.5484437114784446, 0.548412431525169, 0.548319303767494, 0.5480994484627959, 0.5476634836751717, 0.5465948207729021, 0.5428235525573124, 0.5360422157494507, 0.5345465335300625, 0.5319314920330527, 0.5300228788954742, 0.5262084929566311]}, "7": {"maxiter": 500, "fatol": 1e-10, "xatol": 1e-10, "duration": 0.1778261661529541, "fun": "0.5261647872099329", "nit": "500", "nfev": "760", "status": "2", "success": "False", "message": "Maximum number of iterations has been exceeded.", "x": "[0.70006502 4.67244208 7.4648838  2.49997099 4.76722071 5.10421822]", "final_simplex": "(array([[0.70006502, 4.67244208, 7.4648838 , 2.49997099, 4.76722071,\n        5.10421822],\n       [0.79044377, 4.65727533, 7.43478501, 2.56849689, 4.71237511,\n        5.03225503],\n       [0.72448796, 4.72431058, 7.47128724, 2.43234492, 4.71743438,\n        5.01698393],\n       [0.80177886, 4.76108266, 7.37711432, 2.59532665, 4.66357664,\n        4.8901995 ],\n       [0.8587904 , 4.76365317, 7.26040723, 2.65732442, 4.6006006 ,\n        4.9854457 ],\n       [0.75141567, 4.72303183, 7.41034967, 2.55976591, 4.69223174,\n        4.95066144],\n       [0.75347266, 4.6480427 , 7.49255711, 2.54468618, 4.6904    ,\n        5.02190819]]), array([0.52616479, 0.52620849, 0.52677144, 0.52722107, 0.52788306,\n       0.52828135, 0.52829997]))", "callback": [0.9459565565663692, 0.793556781382467, 0.7023126066735188, 0.7023126066735188, 0.7011554587097326, 0.7003337063514783, 0.6961740481322716, 0.6890534349538113, 0.663272082838902, 0.6156456079036574, 0.6082236679151809, 0.6070982573645185, 0.6033124032969157, 0.5982901391531419, 0.5930321620758472, 0.5923176629535261, 0.5920760969215497, 0.5918767591131799, 0.5899744075158797, 0.5803218143371476, 0.5725044982038017, 0.5719295936287929, 0.566791819944787, 0.5590266713714735, 0.5587433490721381, 0.5578187859646924, 0.5569815024278, 0.5555203097047305, 0.5529897101185282, 0.5492308831960762, 0.5492308831960762, 0.5486737152698002, 0.5485294874845428, 0.5485163641337221, 0.5485118767746191, 0.5485038751026032, 0.5484881116808704, 0.5484564243669958, 0.5484437114784446, 0.548412431525169, 0.548319303767494, 0.5480994484627959, 0.5476634836751717, 0.5465948207729021, 0.5428235525573124, 0.5360422157494507, 0.5345465335300625, 0.5319314920330527, 0.5300228788954742, 0.5262084929566311]}, "8": {"maxiter": 1000, "fatol": 1e-05, "xatol": 1e-05, "duration": 0.3293120861053467, "fun": "0.4716818812770823", "nit": "752", "nfev": "1160", "status": "0", "success": "True", "message": "Optimization terminated successfully.", "x": "[1.05079711 4.75771851 7.89787786 2.35380231 5.67128059 5.58559852]", "final_simplex": "(array([[1.05079711, 4.75771851, 7.89787786, 2.35380231, 5.67128059,\n        5.58559852],\n       [1.05080085, 4.75770873, 7.89787948, 2.35380232, 5.67127897,\n        5.58560668],\n       [1.05080404, 4.75771627, 7.89788196, 2.35380169, 5.67127427,\n        5.58560026],\n       [1.05079612, 4.75771328, 7.89788472, 2.35379941, 5.67128239,\n        5.58560347],\n       [1.05080116, 4.75771392, 7.89788119, 2.35380406, 5.67128412,\n        5.58560852],\n       [1.05080484, 4.75771501, 7.89788264, 2.35379917, 5.67128083,\n        5.5856026 ],\n       [1.05079887, 4.757714  , 7.89788333, 2.35380429, 5.67128016,\n        5.58559434]]), array([0.47168188, 0.47168188, 0.47168188, 0.47168188, 0.47168188,\n       0.47168188, 0.47168188]))", "callback": [0.9459565565663692, 0.793556781382467, 0.7023126066735188, 0.7023126066735188, 0.7011554587097326, 0.7003337063514783, 0.6961740481322716, 0.6890534349538113, 0.663272082838902, 0.6156456079036574, 0.6082236679151809, 0.6070982573645185, 0.6033124032969157, 0.5982901391531419, 0.5930321620758472, 0.5923176629535261, 0.5920760969215497, 0.5918767591131799, 0.5899744075158797, 0.5803218143371476, 0.5725044982038017, 0.5719295936287929, 0.566791819944787, 0.5590266713714735, 0.5587433490721381, 0.5578187859646924, 0.5569815024278, 0.5555203097047305, 0.5529897101185282, 0.5492308831960762, 0.5492308831960762, 0.5486737152698002, 0.5485294874845428, 0.5485163641337221, 0.5485118767746191, 0.5485038751026032, 0.5484881116808704, 0.5484564243669958, 0.5484437114784446, 0.548412431525169, 0.548319303767494, 0.5480994484627959, 0.5476634836751717, 0.5465948207729021, 0.5428235525573124, 0.5360422157494507, 0.5345465335300625, 0.5319314920330527, 0.5300228788954742, 0.5262084929566311, 0.5235616477938607, 0.515830079784412, 0.5095989499612932, 0.5003993637797923, 0.4924622862183715, 0.48793944610194007, 0.48065419867659864, 0.4735869042069192, 0.4726406692440759, 0.47191740622291645, 0.4717053460473528, 0.4716944571091488, 0.47168483188317134, 0.4716822382556499, 0.47168200664319326, 0.47168192497764994, 0.4716818999097654, 0.4716818872672861, 0.4716818853242638, 0.4716818831076802, 0.47168188197844885, 0.4716818818659463, 0.47168188142713463, 0.471681881345433, 0.4716818812871485, 0.4716818812770823]}, "9": {"maxiter": 1000, "fatol": 1e-05, "xatol": 1e-10, "duration": 0.3757190704345703, "fun": "0.47168188127139143", "nit": "876", "nfev": "1408", "status": "0", "success": "True", "message": "Optimization terminated successfully.", "x": "[1.05079762 4.7577181  7.89787622 2.35380001 5.67127343 5.58559785]", "final_simplex": "(array([[1.05079762, 4.7577181 , 7.89787622, 2.35380001, 5.67127343,\n        5.58559785],\n       [1.05079762, 4.7577181 , 7.89787622, 2.35380001, 5.67127343,\n        5.58559785],\n       [1.05079762, 4.7577181 , 7.89787622, 2.35380001, 5.67127343,\n        5.58559785],\n       [1.05079762, 4.7577181 , 7.89787622, 2.35380001, 5.67127343,\n        5.58559785],\n       [1.05079762, 4.7577181 , 7.89787622, 2.35380001, 5.67127343,\n        5.58559785],\n       [1.05079762, 4.7577181 , 7.89787622, 2.35380001, 5.67127343,\n        5.58559785],\n       [1.05079762, 4.7577181 , 7.89787622, 2.35380001, 5.67127343,\n        5.58559785]]), array([0.47168188, 0.47168188, 0.47168188, 0.47168188, 0.47168188,\n       0.47168188, 0.47168188]))", "callback": [0.9459565565663692, 0.793556781382467, 0.7023126066735188, 0.7023126066735188, 0.7011554587097326, 0.7003337063514783, 0.6961740481322716, 0.6890534349538113, 0.663272082838902, 0.6156456079036574, 0.6082236679151809, 0.6070982573645185, 0.6033124032969157, 0.5982901391531419, 0.5930321620758472, 0.5923176629535261, 0.5920760969215497, 0.5918767591131799, 0.5899744075158797, 0.5803218143371476, 0.5725044982038017, 0.5719295936287929, 0.566791819944787, 0.5590266713714735, 0.5587433490721381, 0.5578187859646924, 0.5569815024278, 0.5555203097047305, 0.5529897101185282, 0.5492308831960762, 0.5492308831960762, 0.5486737152698002, 0.5485294874845428, 0.5485163641337221, 0.5485118767746191, 0.5485038751026032, 0.5484881116808704, 0.5484564243669958, 0.5484437114784446, 0.548412431525169, 0.548319303767494, 0.5480994484627959, 0.5476634836751717, 0.5465948207729021, 0.5428235525573124, 0.5360422157494507, 0.5345465335300625, 0.5319314920330527, 0.5300228788954742, 0.5262084929566311, 0.5235616477938607, 0.515830079784412, 0.5095989499612932, 0.5003993637797923, 0.4924622862183715, 0.48793944610194007, 0.48065419867659864, 0.4735869042069192, 0.4726406692440759, 0.47191740622291645, 0.4717053460473528, 0.4716944571091488, 0.47168483188317134, 0.4716822382556499, 0.47168200664319326, 0.47168192497764994, 0.4716818999097654, 0.4716818872672861, 0.4716818853242638, 0.4716818831076802, 0.47168188197844885, 0.4716818818659463, 0.47168188142713463, 0.471681881345433, 0.4716818812871485, 0.4716818812770823, 0.47168188127290056, 0.4716818812714906, 0.4716818812714648, 0.4716818812714283, 0.4716818812714004, 0.47168188127139243, 0.4716818812713921, 0.47168188127139155, 0.47168188127139155, 0.47168188127139155, 0.47168188127139143, 0.47168188127139143]}, "10": {"maxiter": 1000, "fatol": 1e-10, "xatol": 1e-05, "duration": 0.3710510730743408, "fun": "0.4716818812770823", "nit": "752", "nfev": "1160", "status": "0", "success": "True", "message": "Optimization terminated successfully.", "x": "[1.05079711 4.75771851 7.89787786 2.35380231 5.67128059 5.58559852]", "final_simplex": "(array([[1.05079711, 4.75771851, 7.89787786, 2.35380231, 5.67128059,\n        5.58559852],\n       [1.05080085, 4.75770873, 7.89787948, 2.35380232, 5.67127897,\n        5.58560668],\n       [1.05080404, 4.75771627, 7.89788196, 2.35380169, 5.67127427,\n        5.58560026],\n       [1.05079612, 4.75771328, 7.89788472, 2.35379941, 5.67128239,\n        5.58560347],\n       [1.05080116, 4.75771392, 7.89788119, 2.35380406, 5.67128412,\n        5.58560852],\n       [1.05080484, 4.75771501, 7.89788264, 2.35379917, 5.67128083,\n        5.5856026 ],\n       [1.05079887, 4.757714  , 7.89788333, 2.35380429, 5.67128016,\n        5.58559434]]), array([0.47168188, 0.47168188, 0.47168188, 0.47168188, 0.47168188,\n       0.47168188, 0.47168188]))", "callback": [0.9459565565663692, 0.793556781382467, 0.7023126066735188, 0.7023126066735188, 0.7011554587097326, 0.7003337063514783, 0.6961740481322716, 0.6890534349538113, 0.663272082838902, 0.6156456079036574, 0.6082236679151809, 0.6070982573645185, 0.6033124032969157, 0.5982901391531419, 0.5930321620758472, 0.5923176629535261, 0.5920760969215497, 0.5918767591131799, 0.5899744075158797, 0.5803218143371476, 0.5725044982038017, 0.5719295936287929, 0.566791819944787, 0.5590266713714735, 0.5587433490721381, 0.5578187859646924, 0.5569815024278, 0.5555203097047305, 0.5529897101185282, 0.5492308831960762, 0.5492308831960762, 0.5486737152698002, 0.5485294874845428, 0.5485163641337221, 0.5485118767746191, 0.5485038751026032, 0.5484881116808704, 0.5484564243669958, 0.5484437114784446, 0.548412431525169, 0.548319303767494, 0.5480994484627959, 0.5476634836751717, 0.5465948207729021, 0.5428235525573124, 0.5360422157494507, 0.5345465335300625, 0.5319314920330527, 0.5300228788954742, 0.5262084929566311, 0.5235616477938607, 0.515830079784412, 0.5095989499612932, 0.5003993637797923, 0.4924622862183715, 0.48793944610194007, 0.48065419867659864, 0.4735869042069192, 0.4726406692440759, 0.47191740622291645, 0.4717053460473528, 0.4716944571091488, 0.47168483188317134, 0.4716822382556499, 0.47168200664319326, 0.47168192497764994, 0.4716818999097654, 0.4716818872672861, 0.4716818853242638, 0.4716818831076802, 0.47168188197844885, 0.4716818818659463, 0.47168188142713463, 0.471681881345433, 0.4716818812871485, 0.4716818812770823]}, "11": {"maxiter": 1000, "fatol": 1e-10, "xatol": 1e-10, "duration": 0.34801673889160156, "fun": "0.47168188127139143", "nit": "876", "nfev": "1408", "status": "0", "success": "True", "message": "Optimization terminated successfully.", "x": "[1.05079762 4.7577181  7.89787622 2.35380001 5.67127343 5.58559785]", "final_simplex": "(array([[1.05079762, 4.7577181 , 7.89787622, 2.35380001, 5.67127343,\n        5.58559785],\n       [1.05079762, 4.7577181 , 7.89787622, 2.35380001, 5.67127343,\n        5.58559785],\n       [1.05079762, 4.7577181 , 7.89787622, 2.35380001, 5.67127343,\n        5.58559785],\n       [1.05079762, 4.7577181 , 7.89787622, 2.35380001, 5.67127343,\n        5.58559785],\n       [1.05079762, 4.7577181 , 7.89787622, 2.35380001, 5.67127343,\n        5.58559785],\n       [1.05079762, 4.7577181 , 7.89787622, 2.35380001, 5.67127343,\n        5.58559785],\n       [1.05079762, 4.7577181 , 7.89787622, 2.35380001, 5.67127343,\n        5.58559785]]), array([0.47168188, 0.47168188, 0.47168188, 0.47168188, 0.47168188,\n       0.47168188, 0.47168188]))", "callback": [0.9459565565663692, 0.793556781382467, 0.7023126066735188, 0.7023126066735188, 0.7011554587097326, 0.7003337063514783, 0.6961740481322716, 0.6890534349538113, 0.663272082838902, 0.6156456079036574, 0.6082236679151809, 0.6070982573645185, 0.6033124032969157, 0.5982901391531419, 0.5930321620758472, 0.5923176629535261, 0.5920760969215497, 0.5918767591131799, 0.5899744075158797, 0.5803218143371476, 0.5725044982038017, 0.5719295936287929, 0.566791819944787, 0.5590266713714735, 0.5587433490721381, 0.5578187859646924, 0.5569815024278, 0.5555203097047305, 0.5529897101185282, 0.5492308831960762, 0.5492308831960762, 0.5486737152698002, 0.5485294874845428, 0.5485163641337221, 0.5485118767746191, 0.5485038751026032, 0.5484881116808704, 0.5484564243669958, 0.5484437114784446, 0.548412431525169, 0.548319303767494, 0.5480994484627959, 0.5476634836751717, 0.5465948207729021, 0.5428235525573124, 0.5360422157494507, 0.5345465335300625, 0.5319314920330527, 0.5300228788954742, 0.5262084929566311, 0.5235616477938607, 0.515830079784412, 0.5095989499612932, 0.5003993637797923, 0.4924622862183715, 0.48793944610194007, 0.48065419867659864, 0.4735869042069192, 0.4726406692440759, 0.47191740622291645, 0.4717053460473528, 0.4716944571091488, 0.47168483188317134, 0.4716822382556499, 0.47168200664319326, 0.47168192497764994, 0.4716818999097654, 0.4716818872672861, 0.4716818853242638, 0.4716818831076802, 0.47168188197844885, 0.4716818818659463, 0.47168188142713463, 0.471681881345433, 0.4716818812871485, 0.4716818812770823, 0.47168188127290056, 0.4716818812714906, 0.4716818812714648, 0.4716818812714283, 0.4716818812714004, 0.47168188127139243, 0.4716818812713921, 0.47168188127139155, 0.47168188127139155, 0.47168188127139155, 0.47168188127139143, 0.47168188127139143]}}, "bfgs": {"type": "gradient", "0": {"maxiter": 100, "gtol": 1e-05, "xrtol": 1e-05, "eps": 1e-05, "duration": 0.08835768699645996, "fun": "0.47168188145924006", "jac": "[-3.56770169e-07 -1.34541267e-06  6.45740128e-06  1.51728630e-06\n -1.51475499e-06 -7.55073781e-07]", "hess_inv": "[[ 5.92854776  1.8485285   0.25632784 -1.30539339 -3.09045379 -3.75999535]\n [ 1.8485285   7.50580785 -2.38245812 -0.10768171 -4.01788683 -5.94361845]\n [ 0.25632784 -2.38245812  8.04137544 -2.59812701  0.66857851 -1.44105822]\n [-1.30539339 -0.10768171 -2.59812701  5.14338272  0.40024205  1.85407751]\n [-3.09045379 -4.01788683  0.66857851  0.40024205 11.4609885   9.83912352]\n [-3.75999535 -5.94361845 -1.44105822  1.85407751  9.83912352 15.00802717]]", "nfev": "364", "njev": "52", "status": "0", "success": "True", "message": "Optimization terminated successfully.", "x": "[ -1.0507952  -10.95025816   4.75632511   2.35378867  11.95443541\n   5.58556389]", "nit": "30", "callback": [0.9489663159520171, 0.872354737327667, 0.6647966467739117, 0.6647068351388612, 0.6501628588520165, 0.6254223577590998, 0.6068227589841546, 0.6059044397672049, 0.6047758922925861, 0.6026398100233841, 0.5725683524990004, 0.5688554750623114, 0.5375372029882541, 0.516080418949761, 0.506774435611691, 0.5003779624588072, 0.4969280671812092, 0.49328287363743106, 0.48811061342937734, 0.4846714601660097, 0.48268259864898344, 0.48062134888040986, 0.4775607654831532, 0.47422323514588094, 0.472076220553304, 0.4717316478643634, 0.47168549536539095, 0.4716820042847226, 0.471681885243486, 0.47168188145924006]}, "1": {"maxiter": 100, "gtol": 1e-05, "xrtol": 1e-05, "eps": 1e-10, "duration": 0.07368278503417969, "fun": "0.4716818817954923", "jac": "[-2.22044587e-06  1.11022293e-06  8.88178346e-06  8.88178346e-06\n  0.00000000e+00 -3.33066880e-06]", "hess_inv": "[[ 5.49870786 -1.18793448 -0.45087177  2.17093989  2.11452459  2.48669208]\n [-1.18793448  7.8223476  -2.96080732 -1.16199953 -4.08083875 -6.03155909]\n [-0.45087177 -2.96080732  8.26070072 -2.57621299  2.68329591  0.50037833]\n [ 2.17093989 -1.16199953 -2.57621299  5.57031381  0.8989934   2.39202006]\n [ 2.11452459 -4.08083875  2.68329591  0.8989934  11.11921692  8.21601173]\n [ 2.48669208 -6.03155909  0.50037833  2.39202006  8.21601173 12.74691051]]", "nfev": "301", "njev": "43", "status": "0", "success": "True", "message": "Optimization terminated successfully.", "x": "[1.05075924 4.75775212 7.89791544 2.35379892 5.67122155 5.58550093]", "nit": "27", "callback": [0.948966758094806, 0.8721672599141227, 0.8716616784601828, 0.8003341354524217, 0.7750946511748501, 0.7563253218833518, 0.727721171522506, 0.6834625260597247, 0.6457739999084036, 0.6383124975066161, 0.6249294057814214, 0.601170931745272, 0.5042207379791122, 0.49817817041353407, 0.49151467790013537, 0.4833662498735637, 0.47806541671307834, 0.4758687313697433, 0.4746597877994082, 0.4728875201134355, 0.47177495349363174, 0.47168433904690976, 0.4716826416532297, 0.47168221291291457, 0.4716819940455611, 0.4716818919267778, 0.4716818817954923]}, "2": {"maxiter": 100, "gtol": 1e-05, "xrtol": 1e-10, "eps": 1e-05, "duration": 0.0912938117980957, "fun": "0.47168188145924006", "jac": "[-3.56770169e-07 -1.34541267e-06  6.45740128e-06  1.51728630e-06\n -1.51475499e-06 -7.55073781e-07]", "hess_inv": "[[ 5.92854776  1.8485285   0.25632784 -1.30539339 -3.09045379 -3.75999535]\n [ 1.8485285   7.50580785 -2.38245812 -0.10768171 -4.01788683 -5.94361845]\n [ 0.25632784 -2.38245812  8.04137544 -2.59812701  0.66857851 -1.44105822]\n [-1.30539339 -0.10768171 -2.59812701  5.14338272  0.40024205  1.85407751]\n [-3.09045379 -4.01788683  0.66857851  0.40024205 11.4609885   9.83912352]\n [-3.75999535 -5.94361845 -1.44105822  1.85407751  9.83912352 15.00802717]]", "nfev": "364", "njev": "52", "status": "0", "success": "True", "message": "Optimization terminated successfully.", "x": "[ -1.0507952  -10.95025816   4.75632511   2.35378867  11.95443541\n   5.58556389]", "nit": "30", "callback": [0.9489663159520171, 0.872354737327667, 0.6647966467739117, 0.6647068351388612, 0.6501628588520165, 0.6254223577590998, 0.6068227589841546, 0.6059044397672049, 0.6047758922925861, 0.6026398100233841, 0.5725683524990004, 0.5688554750623114, 0.5375372029882541, 0.516080418949761, 0.506774435611691, 0.5003779624588072, 0.4969280671812092, 0.49328287363743106, 0.48811061342937734, 0.4846714601660097, 0.48268259864898344, 0.48062134888040986, 0.4775607654831532, 0.47422323514588094, 0.472076220553304, 0.4717316478643634, 0.47168549536539095, 0.4716820042847226, 0.471681885243486, 0.47168188145924006]}, "3": {"maxiter": 100, "gtol": 1e-05, "xrtol": 1e-10, "eps": 1e-10, "duration": 0.07438397407531738, "fun": "0.4716818817954923", "jac": "[-2.22044587e-06  1.11022293e-06  8.88178346e-06  8.88178346e-06\n  0.00000000e+00 -3.33066880e-06]", "hess_inv": "[[ 5.49870786 -1.18793448 -0.45087177  2.17093989  2.11452459  2.48669208]\n [-1.18793448  7.8223476  -2.96080732 -1.16199953 -4.08083875 -6.03155909]\n [-0.45087177 -2.96080732  8.26070072 -2.57621299  2.68329591  0.50037833]\n [ 2.17093989 -1.16199953 -2.57621299  5.57031381  0.8989934   2.39202006]\n [ 2.11452459 -4.08083875  2.68329591  0.8989934  11.11921692  8.21601173]\n [ 2.48669208 -6.03155909  0.50037833  2.39202006  8.21601173 12.74691051]]", "nfev": "301", "njev": "43", "status": "0", "success": "True", "message": "Optimization terminated successfully.", "x": "[1.05075924 4.75775212 7.89791544 2.35379892 5.67122155 5.58550093]", "nit": "27", "callback": [0.948966758094806, 0.8721672599141227, 0.8716616784601828, 0.8003341354524217, 0.7750946511748501, 0.7563253218833518, 0.727721171522506, 0.6834625260597247, 0.6457739999084036, 0.6383124975066161, 0.6249294057814214, 0.601170931745272, 0.5042207379791122, 0.49817817041353407, 0.49151467790013537, 0.4833662498735637, 0.47806541671307834, 0.4758687313697433, 0.4746597877994082, 0.4728875201134355, 0.47177495349363174, 0.47168433904690976, 0.4716826416532297, 0.47168221291291457, 0.4716819940455611, 0.4716818919267778, 0.4716818817954923]}, "4": {"maxiter": 100, "gtol": 1e-10, "xrtol": 1e-05, "eps": 1e-05, "duration": 0.09121322631835938, "fun": "0.471681881289821", "jac": "[ 3.38618023e-08 -3.39994699e-07  3.16158211e-07  5.39679412e-07\n  2.25885977e-07 -1.83897342e-07]", "hess_inv": "[[ 5.98725443  1.78401244  0.37085349 -1.31827694 -2.95997577 -3.74807236]\n [ 1.78401244  7.4801607  -2.16270411 -0.16696768 -4.30456707 -6.13596567]\n [ 0.37085349 -2.16270411  7.02759767 -2.36035012  1.43605636 -0.77615454]\n [-1.31827694 -0.16696768 -2.36035012  5.09034036  0.26260557  1.71510835]\n [-2.95997577 -4.30456707  1.43605636  0.26260557 11.53831715  9.599598  ]\n [-3.74807236 -6.13596567 -0.77615454  1.71510835  9.599598   14.67767412]]", "nfev": "371", "njev": "53", "status": "0", "success": "True", "message": "Optimization terminated successfully.", "x": "[ -1.05079837 -10.9502444    4.75628212   2.35379719  11.95444361\n   5.58558233]", "nit": "31", "callback": [0.9489663159520171, 0.872354737327667, 0.6647966467739117, 0.6647068351388612, 0.6501628588520165, 0.6254223577590998, 0.6068227589841546, 0.6059044397672049, 0.6047758922925861, 0.6026398100233841, 0.5725683524990004, 0.5688554750623114, 0.5375372029882541, 0.516080418949761, 0.506774435611691, 0.5003779624588072, 0.4969280671812092, 0.49328287363743106, 0.48811061342937734, 0.4846714601660097, 0.48268259864898344, 0.48062134888040986, 0.4775607654831532, 0.47422323514588094, 0.472076220553304, 0.4717316478643634, 0.47168549536539095, 0.4716820042847226, 0.471681885243486, 0.47168188145924006, 0.471681881289821]}, "5": {"maxiter": 100, "gtol": 1e-10, "xrtol": 1e-05, "eps": 1e-10, "duration": 0.07248711585998535, "fun": "0.47168188144869727", "jac": "[-3.33066880e-06  2.22044587e-06 -1.11022293e-06 -1.11022293e-06\n  2.22044587e-06 -2.22044587e-06]", "hess_inv": "[[ 5.44572859 -1.28551897 -0.37259031  2.16556637  2.31077329  2.61922119]\n [-1.28551897  7.66189657 -2.71240141 -1.13466023 -3.80123613 -5.91553066]\n [-0.37259031 -2.71240141  8.7079742  -2.36713183  1.95106055 -0.38729868]\n [ 2.16556637 -1.13466023 -2.36713183  5.64163746  0.76087651  2.15825968]\n [ 2.31077329 -3.80123613  1.95106055  0.76087651 10.73971341  8.26862832]\n [ 2.61922119 -5.91553066 -0.38729868  2.15825968  8.26862832 13.26567267]]", "nfev": "308", "njev": "44", "status": "0", "success": "True", "message": "Optimization terminated successfully.", "x": "[1.05076556 4.75775522 7.89786001 2.35378309 5.67123435 5.58554177]", "nit": "28", "callback": [0.948966758094806, 0.8721672599141227, 0.8716616784601828, 0.8003341354524217, 0.7750946511748501, 0.7563253218833518, 0.727721171522506, 0.6834625260597247, 0.6457739999084036, 0.6383124975066161, 0.6249294057814214, 0.601170931745272, 0.5042207379791122, 0.49817817041353407, 0.49151467790013537, 0.4833662498735637, 0.47806541671307834, 0.4758687313697433, 0.4746597877994082, 0.4728875201134355, 0.47177495349363174, 0.47168433904690976, 0.4716826416532297, 0.47168221291291457, 0.4716819940455611, 0.4716818919267778, 0.4716818817954923, 0.47168188144869727]}, "6": {"maxiter": 100, "gtol": 1e-10, "xrtol": 1e-10, "eps": 1e-05, "duration": 0.12385296821594238, "fun": "0.471681881289821", "jac": "[ 3.38618023e-08 -3.39994699e-07  3.16158211e-07  5.39679412e-07\n  2.25885977e-07 -1.83897342e-07]", "hess_inv": "[[ 5.96464422  1.80267508  0.23119454 -1.26695707 -2.89853928 -3.65529662]\n [ 1.80267508  7.74401796 -2.6334899  -0.17634732 -4.36559295 -6.07662874]\n [ 0.23119454 -2.6334899   7.39486584 -2.11256967  1.8371865  -0.48832871]\n [-1.26695707 -0.17634732 -2.11256967  4.97775122  0.12194093  1.52058048]\n [-2.89853928 -4.36559295  1.8371865   0.12194093 11.37176295  9.3424871 ]\n [-3.65529662 -6.07662874 -0.48832871  1.52058048  9.3424871  14.3631393 ]]", "nfev": "516", "njev": "72", "status": "2", "success": "False", "message": "Desired error not necessarily achieved due to precision loss.", "x": "[ -1.05079837 -10.9502444    4.75628212   2.35379719  11.95444361\n   5.58558233]", "nit": "31", "callback": [0.9489663159520171, 0.872354737327667, 0.6647966467739117, 0.6647068351388612, 0.6501628588520165, 0.6254223577590998, 0.6068227589841546, 0.6059044397672049, 0.6047758922925861, 0.6026398100233841, 0.5725683524990004, 0.5688554750623114, 0.5375372029882541, 0.516080418949761, 0.506774435611691, 0.5003779624588072, 0.4969280671812092, 0.49328287363743106, 0.48811061342937734, 0.4846714601660097, 0.48268259864898344, 0.48062134888040986, 0.4775607654831532, 0.47422323514588094, 0.472076220553304, 0.4717316478643634, 0.47168549536539095, 0.4716820042847226, 0.471681885243486, 0.47168188145924006, 0.471681881289821]}, "7": {"maxiter": 100, "gtol": 1e-10, "xrtol": 1e-10, "eps": 1e-10, "duration": 0.19112896919250488, "fun": "0.471681881278029", "jac": "[1.11022293e-06 0.00000000e+00 0.00000000e+00 2.22044587e-06\n 0.00000000e+00 0.00000000e+00]", "hess_inv": "[[ 2.75763766e+01  6.25534884e+01 -4.70397421e+00 -4.47408444e-02\n   2.00115828e+01  7.64705785e+00]\n [ 6.25534884e+01  1.55288263e+02 -6.28479953e+00 -1.58324819e+00\n   4.74568945e+01  1.82480129e+01]\n [-4.70397421e+00 -6.28479953e+00  4.29840105e+00  2.11245744e-01\n  -2.25437121e+00 -2.87238129e+00]\n [-4.47408444e-02 -1.58324819e+00  2.11245744e-01  7.85923049e-01\n  -7.58532823e-01 -8.56649216e-01]\n [ 2.00115828e+01  4.74568945e+01 -2.25437121e+00 -7.58532823e-01\n   1.65968289e+01  4.92903056e+00]\n [ 7.64705785e+00  1.82480129e+01 -2.87238129e+00 -8.56649216e-01\n   4.92903056e+00  4.43098450e+00]]", "nfev": "392", "njev": "56", "status": "0", "success": "True", "message": "Optimization terminated successfully.", "x": "[1.05079976 4.75771393 7.89787385 2.35380453 5.67128118 5.58561065]", "nit": "35", "callback": [0.948966758094806, 0.8721672599141227, 0.8716616784601828, 0.8003341354524217, 0.7750946511748501, 0.7563253218833518, 0.727721171522506, 0.6834625260597247, 0.6457739999084036, 0.6383124975066161, 0.6249294057814214, 0.601170931745272, 0.5042207379791122, 0.49817817041353407, 0.49151467790013537, 0.4833662498735637, 0.47806541671307834, 0.4758687313697433, 0.4746597877994082, 0.4728875201134355, 0.47177495349363174, 0.47168433904690976, 0.4716826416532297, 0.47168221291291457, 0.4716819940455611, 0.4716818919267778, 0.4716818817954923, 0.47168188144869727, 0.47168188134282685, 0.47168188130284594, 0.47168188128088506, 0.4716818812786513, 0.47168188127802935, 0.4716818812780291, 0.471681881278029]}, "8": {"maxiter": 500, "gtol": 1e-05, "xrtol": 1e-05, "eps": 1e-05, "duration": 0.09887099266052246, "fun": "0.47168188145924006", "jac": "[-3.56770169e-07 -1.34541267e-06  6.45740128e-06  1.51728630e-06\n -1.51475499e-06 -7.55073781e-07]", "hess_inv": "[[ 5.92854776  1.8485285   0.25632784 -1.30539339 -3.09045379 -3.75999535]\n [ 1.8485285   7.50580785 -2.38245812 -0.10768171 -4.01788683 -5.94361845]\n [ 0.25632784 -2.38245812  8.04137544 -2.59812701  0.66857851 -1.44105822]\n [-1.30539339 -0.10768171 -2.59812701  5.14338272  0.40024205  1.85407751]\n [-3.09045379 -4.01788683  0.66857851  0.40024205 11.4609885   9.83912352]\n [-3.75999535 -5.94361845 -1.44105822  1.85407751  9.83912352 15.00802717]]", "nfev": "364", "njev": "52", "status": "0", "success": "True", "message": "Optimization terminated successfully.", "x": "[ -1.0507952  -10.95025816   4.75632511   2.35378867  11.95443541\n   5.58556389]", "nit": "30", "callback": [0.9489663159520171, 0.872354737327667, 0.6647966467739117, 0.6647068351388612, 0.6501628588520165, 0.6254223577590998, 0.6068227589841546, 0.6059044397672049, 0