{"date": "2024/09/25/, 04:41:59", "conf_id": 138, "data_type": "orthogonal\n", "num_data_points": 3, "s_rank": 0, "unitary": "[[-0.53618537-0.34368723j,-0.12107031-0.46226139j,-0.07699282-0.46603512j,0.36022595-0.11472301j],[0.26026499-0.63450712j,-0.56616638+0.37832564j,-0.14988651+0.08458591j,0.10363514-0.16008501j],[-0.32580188-0.11070003j,-0.36476308-0.23593218j,0.02559343+0.41761608j,-0.25598305+0.6725303j],[0.07406738-0.0126433j,0.28513701+0.19483972j,-0.74939717-0.10299659j,0.29798249+0.46269921j]]", "databatch_0": {"databatch": "[[[1.30713432e-01+4.60714144e-01j,-2.09776313e-01+1.20433088e-01j,-1.06863341e-01+5.27052167e-02j,4.04168146e-02-5.53789869e-02j],[3.66927329e-02+2.11246766e-01j,-2.56540108e-01+2.35586970e-01j,3.42530995e-02+3.28686745e-03j,9.59718299e-02+4.15760112e-02j],[2.75142338e-01+2.87612778e-01j,1.07339708e-01+5.24110475e-02j,2.29419407e-01-3.35309500e-03j,-2.50377741e-01-1.61352934e-01j],[-2.09997307e-01+6.79438534e-02j,1.93260962e-01+1.19125429e-02j,-7.24699737e-02+1.06299942e-01j,-1.07164113e-01+2.92464260e-01j]],[[1.16830852e-01+3.03332692e-01j,-1.68933070e-01+4.86091276e-02j,-5.13137545e-02+1.39929047e-02j,4.01994266e-02+1.46598266e-02j],[6.49458683e-02+6.38496430e-02j,-2.76834414e-01+1.86445037e-01j,-3.52168823e-02-2.96195958e-02j,1.41546685e-01+8.05019912e-03j],[1.35665598e-01+3.32802771e-01j,2.47043719e-01-6.58737041e-02j,2.14845971e-01+3.99922531e-02j,-3.20537190e-01-3.71196311e-02j],[-2.18850140e-01+1.99363220e-01j,3.56815632e-01-1.69034277e-02j,-2.01369157e-03+1.43781169e-01j,-2.50929636e-01+2.67520681e-01j]],[[1.19124685e-01+9.74344162e-02j,-5.22901974e-02-7.92459208e-02j,-2.53879140e-01-4.48069509e-02j,-2.75291791e-02+6.38500490e-02j],[-2.76646168e-05-1.11340255e-01j,-2.58035856e-01+2.38515078e-01j,1.19563081e-01-9.65218965e-02j,1.15405780e-01+1.35202242e-01j],[-7.84694375e-02+2.36924240e-01j,2.30448529e-01-1.63735720e-01j,2.50822477e-01+1.87240278e-05j,-3.09866694e-01+3.57489288e-02j],[-1.32274896e-01+2.40564961e-01j,3.62350314e-01+5.92324385e-02j,1.66149526e-02+1.86959806e-01j,-2.74690681e-01+2.85749976e-01j]]]", "initial param values": "[1.21134358,0.67932044,0.53490576,1.3197019,5.16330488,5.64470571]", "nelder_mead": {"type": "gradient-free", "0": {"maxiter": 100, "fatol": 1e-05, "xatol": 1e-05, "duration": 0.0382838249206543, "fun": "0.5791339459866742", "nit": "100", "nfev": "154", "status": "2", "success": "False", "message": "Maximum number of iterations has been exceeded.", "x": "[-0.68794292  1.35033734  0.81532468  0.60159379  4.34667364  4.54966427]", "final_simplex": "(array([[-0.68794292,  1.35033734,  0.81532468,  0.60159379,  4.34667364,\n         4.54966427],\n       [-0.66767902,  1.29488031,  0.7887271 ,  0.81376133,  4.35212396,\n         4.79251315],\n       [-0.65384278,  1.36971875,  0.81111279,  0.50156216,  4.32163805,\n         4.6566712 ],\n       [-0.62868039,  1.32969721,  0.78848307,  0.69201337,  4.26940168,\n         4.7256438 ],\n       [-0.55191603,  1.30328344,  0.78382651,  0.72261957,  4.4559872 ,\n         4.61326481],\n       [-0.77722141,  1.36301787,  0.78743639,  0.71962732,  4.4189239 ,\n         4.77813872],\n       [-0.66087081,  1.36421309,  0.80644754,  0.63661656,  4.3299899 ,\n         4.61586721]]), array([0.57913395, 0.57968896, 0.5801902 , 0.58174671, 0.58246255,\n       0.58349359, 0.58379966]))", "callback": [0.8467511629944715, 0.7986419417524807, 0.716029666846574, 0.6848802676928827, 0.6699805864663946, 0.6571414140223237, 0.6324356547420023, 0.6045543709242336, 0.5922608351180623, 0.5837996647455017]}, "1": {"maxiter": 100, "fatol": 1e-05, "xatol": 1e-10, "duration": 0.03789091110229492, "fun": "0.5791339459866742", "nit": "100", "nfev": "154", "status": "2", "success": "False", "message": "Maximum number of iterations has been exceeded.", "x": "[-0.68794292  1.35033734  0.81532468  0.60159379  4.34667364  4.54966427]", "final_simplex": "(array([[-0.68794292,  1.35033734,  0.81532468,  0.60159379,  4.34667364,\n         4.54966427],\n       [-0.66767902,  1.29488031,  0.7887271 ,  0.81376133,  4.35212396,\n         4.79251315],\n       [-0.65384278,  1.36971875,  0.81111279,  0.50156216,  4.32163805,\n         4.6566712 ],\n       [-0.62868039,  1.32969721,  0.78848307,  0.69201337,  4.26940168,\n         4.7256438 ],\n       [-0.55191603,  1.30328344,  0.78382651,  0.72261957,  4.4559872 ,\n         4.61326481],\n       [-0.77722141,  1.36301787,  0.78743639,  0.71962732,  4.4189239 ,\n         4.77813872],\n       [-0.66087081,  1.36421309,  0.80644754,  0.63661656,  4.3299899 ,\n         4.61586721]]), array([0.57913395, 0.57968896, 0.5801902 , 0.58174671, 0.58246255,\n       0.58349359, 0.58379966]))", "callback": [0.8467511629944715, 0.7986419417524807, 0.716029666846574, 0.6848802676928827, 0.6699805864663946, 0.6571414140223237, 0.6324356547420023, 0.6045543709242336, 0.5922608351180623, 0.5837996647455017]}, "2": {"maxiter": 100, "fatol": 1e-10, "xatol": 1e-05, "duration": 0.03757596015930176, "fun": "0.5791339459866742", "nit": "100", "nfev": "154", "status": "2", "success": "False", "message": "Maximum number of iterations has been exceeded.", "x": "[-0.68794292  1.35033734  0.81532468  0.60159379  4.34667364  4.54966427]", "final_simplex": "(array([[-0.68794292,  1.35033734,  0.81532468,  0.60159379,  4.34667364,\n         4.54966427],\n       [-0.66767902,  1.29488031,  0.7887271 ,  0.81376133,  4.35212396,\n         4.79251315],\n       [-0.65384278,  1.36971875,  0.81111279,  0.50156216,  4.32163805,\n         4.6566712 ],\n       [-0.62868039,  1.32969721,  0.78848307,  0.69201337,  4.26940168,\n         4.7256438 ],\n       [-0.55191603,  1.30328344,  0.78382651,  0.72261957,  4.4559872 ,\n         4.61326481],\n       [-0.77722141,  1.36301787,  0.78743639,  0.71962732,  4.4189239 ,\n         4.77813872],\n       [-0.66087081,  1.36421309,  0.80644754,  0.63661656,  4.3299899 ,\n         4.61586721]]), array([0.57913395, 0.57968896, 0.5801902 , 0.58174671, 0.58246255,\n       0.58349359, 0.58379966]))", "callback": [0.8467511629944715, 0.7986419417524807, 0.716029666846574, 0.6848802676928827, 0.6699805864663946, 0.6571414140223237, 0.6324356547420023, 0.6045543709242336, 0.5922608351180623, 0.5837996647455017]}, "3": {"maxiter": 100, "fatol": 1e-10, "xatol": 1e-10, "duration": 0.03584718704223633, "fun": "0.5791339459866742", "nit": "100", "nfev": "154", "status": "2", "success": "False", "message": "Maximum number of iterations has been exceeded.", "x": "[-0.68794292  1.35033734  0.81532468  0.60159379  4.34667364  4.54966427]", "final_simplex": "(array([[-0.68794292,  1.35033734,  0.81532468,  0.60159379,  4.34667364,\n         4.54966427],\n       [-0.66767902,  1.29488031,  0.7887271 ,  0.81376133,  4.35212396,\n         4.79251315],\n       [-0.65384278,  1.36971875,  0.81111279,  0.50156216,  4.32163805,\n         4.6566712 ],\n       [-0.62868039,  1.32969721,  0.78848307,  0.69201337,  4.26940168,\n         4.7256438 ],\n       [-0.55191603,  1.30328344,  0.78382651,  0.72261957,  4.4559872 ,\n         4.61326481],\n       [-0.77722141,  1.36301787,  0.78743639,  0.71962732,  4.4189239 ,\n         4.77813872],\n       [-0.66087081,  1.36421309,  0.80644754,  0.63661656,  4.3299899 ,\n         4.61586721]]), array([0.57913395, 0.57968896, 0.5801902 , 0.58174671, 0.58246255,\n       0.58349359, 0.58379966]))", "callback": [0.8467511629944715, 0.7986419417524807, 0.716029666846574, 0.6848802676928827, 0.6699805864663946, 0.6571414140223237, 0.6324356547420023, 0.6045543709242336, 0.5922608351180623, 0.5837996647455017]}, "4": {"maxiter": 500, "fatol": 1e-05, "xatol": 1e-05, "duration": 0.14867401123046875, "fun": "0.31883010812419943", "nit": "408", "nfev": "651", "status": "0", "success": "True", "message": "Optimization terminated successfully.", "x": "[-1.60032253 -0.39653433  1.20388802  1.23506142  4.69258302  5.38106525]", "final_simplex": "(array([[-1.60032253, -0.39653433,  1.20388802,  1.23506142,  4.69258302,\n         5.38106525],\n       [-1.60032577, -0.39654183,  1.20389091,  1.23506605,  4.69257661,\n         5.38106984],\n       [-1.60032536, -0.39653445,  1.20388723,  1.23506819,  4.69258362,\n         5.38106735],\n       [-1.60032029, -0.39653242,  1.20388736,  1.2350633 ,  4.69257574,\n         5.38106838],\n       [-1.60032185, -0.39653231,  1.20389184,  1.23506641,  4.69257641,\n         5.38107111],\n       [-1.60032592, -0.39653447,  1.20388968,  1.23506186,  4.69257704,\n         5.3810688 ],\n       [-1.60032786, -0.39652912,  1.20388918,  1.23506587,  4.69258094,\n         5.38105953]]), array([0.31883011, 0.31883011, 0.31883011, 0.31883011, 0.31883011,\n       0.31883011, 0.31883011]))", "callback": [0.8467511629944715, 0.7986419417524807, 0.716029666846574, 0.6848802676928827, 0.6699805864663946, 0.6571414140223237, 0.6324356547420023, 0.6045543709242336, 0.5922608351180623, 0.5837996647455017, 0.5732519617311678, 0.5470630671148091, 0.48244385703177795, 0.4176951106921042, 0.338357251077379, 0.3299508908597595, 0.32001145933230635, 0.31949849381170237, 0.3190395458160852, 0.31892245125356455, 0.31888852371684007, 0.31888124783676564, 0.31887969837378727, 0.3188792363308316, 0.3188780907150005, 0.31887650672920254, 0.31887135886419593, 0.3188670896896898, 0.31885755536271454, 0.31884501723432745, 0.3188369893967411, 0.31883145564871773, 0.3188305679283744, 0.31883025239323715, 0.31883014947007793, 0.31883011360749036, 0.31883011081712986, 0.31883010869156536, 0.31883010834012004, 0.31883010819607127, 0.3188301081244136]}, "5": {"maxiter": 500, "fatol": 1e-05, "xatol": 1e-10, "duration": 0.18290019035339355, "fun": "0.31883010811532386", "nit": "500", "nfev": "805", "status": "2", "success": "False", "message": "Maximum number of iterations has been exceeded.", "x": "[-1.60032105 -0.39653735  1.20389157  1.23506681  4.6925807   5.38106484]", "final_simplex": "(array([[-1.60032105, -0.39653735,  1.20389157,  1.23506681,  4.6925807 ,\n         5.38106484],\n       [-1.60032102, -0.39653736,  1.20389156,  1.23506681,  4.69258072,\n         5.38106483],\n       [-1.60032106, -0.39653732,  1.20389156,  1.23506684,  4.69258067,\n         5.38106486],\n       [-1.60032103, -0.39653732,  1.20389157,  1.2350668 ,  4.69258066,\n         5.38106484],\n       [-1.60032104, -0.39653733,  1.20389155,  1.23506677,  4.69258069,\n         5.38106484],\n       [-1.60032106, -0.39653733,  1.20389154,  1.23506682,  4.69258068,\n         5.38106481],\n       [-1.60032106, -0.39653737,  1.20389154,  1.23506682,  4.69258067,\n         5.38106486]]), array([0.31883011, 0.31883011, 0.31883011, 0.31883011, 0.31883011,\n       0.31883011, 0.31883011]))", "callback": [0.8467511629944715, 0.7986419417524807, 0.716029666846574, 0.6848802676928827, 0.6699805864663946, 0.6571414140223237, 0.6324356547420023, 0.6045543709242336, 0.5922608351180623, 0.5837996647455017, 0.5732519617311678, 0.5470630671148091, 0.48244385703177795, 0.4176951106921042, 0.338357251077379, 0.3299508908597595, 0.32001145933230635, 0.31949849381170237, 0.3190395458160852, 0.31892245125356455, 0.31888852371684007, 0.31888124783676564, 0.31887969837378727, 0.3188792363308316, 0.3188780907150005, 0.31887650672920254, 0.31887135886419593, 0.3188670896896898, 0.31885755536271454, 0.31884501723432745, 0.3188369893967411, 0.31883145564871773, 0.3188305679283744, 0.31883025239323715, 0.31883014947007793, 0.31883011360749036, 0.31883011081712986, 0.31883010869156536, 0.31883010834012004, 0.31883010819607127, 0.3188301081244136, 0.31883010811937706, 0.3188301081174957, 0.3188301081156131, 0.3188301081155748, 0.31883010811539725, 0.3188301081153476, 0.3188301081153301, 0.31883010811532586, 0.31883010811532475]}, "6": {"maxiter": 500, "fatol": 1e-10, "xatol": 1e-05, "duration": 0.1606309413909912, "fun": "0.31883010812419943", "nit": "408", "nfev": "651", "status": "0", "success": "True", "message": "Optimization terminated successfully.", "x": "[-1.60032253 -0.39653433  1.20388802  1.23506142  4.69258302  5.38106525]", "final_simplex": "(array([[-1.60032253, -0.39653433,  1.20388802,  1.23506142,  4.69258302,\n         5.38106525],\n       [-1.60032577, -0.39654183,  1.20389091,  1.23506605,  4.69257661,\n         5.38106984],\n       [-1.60032536, -0.39653445,  1.20388723,  1.23506819,  4.69258362,\n         5.38106735],\n       [-1.60032029, -0.39653242,  1.20388736,  1.2350633 ,  4.69257574,\n         5.38106838],\n       [-1.60032185, -0.39653231,  1.20389184,  1.23506641,  4.69257641,\n         5.38107111],\n       [-1.60032592, -0.39653447,  1.20388968,  1.23506186,  4.69257704,\n         5.3810688 ],\n       [-1.60032786, -0.39652912,  1.20388918,  1.23506587,  4.69258094,\n         5.38105953]]), array([0.31883011, 0.31883011, 0.31883011, 0.31883011, 0.31883011,\n       0.31883011, 0.31883011]))", "callback": [0.8467511629944715, 0.7986419417524807, 0.716029666846574, 0.6848802676928827, 0.6699805864663946, 0.6571414140223237, 0.6324356547420023, 0.6045543709242336, 0.5922608351180623, 0.5837996647455017, 0.5732519617311678, 0.5470630671148091, 0.48244385703177795, 0.4176951106921042, 0.338357251077379, 0.3299508908597595, 0.32001145933230635, 0.31949849381170237, 0.3190395458160852, 0.31892245125356455, 0.31888852371684007, 0.31888124783676564, 0.31887969837378727, 0.3188792363308316, 0.3188780907150005, 0.31887650672920254, 0.31887135886419593, 0.3188670896896898, 0.31885755536271454, 0.31884501723432745, 0.3188369893967411, 0.31883145564871773, 0.3188305679283744, 0.31883025239323715, 0.31883014947007793, 0.31883011360749036, 0.31883011081712986, 0.31883010869156536, 0.31883010834012004, 0.31883010819607127, 0.3188301081244136]}, "7": {"maxiter": 500, "fatol": 1e-10, "xatol": 1e-10, "duration": 0.1898810863494873, "fun": "0.31883010811532386", "nit": "500", "nfev": "805", "status": "2", "success": "False", "message": "Maximum number of iterations has been exceeded.", "x": "[-1.60032105 -0.39653735  1.20389157  1.23506681  4.6925807   5.38106484]", "final_simplex": "(array([[-1.60032105, -0.39653735,  1.20389157,  1.23506681,  4.6925807 ,\n         5.38106484],\n       [-1.60032102, -0.39653736,  1.20389156,  1.23506681,  4.69258072,\n         5.38106483],\n       [-1.60032106, -0.39653732,  1.20389156,  1.23506684,  4.69258067,\n         5.38106486],\n       [-1.60032103, -0.39653732,  1.20389157,  1.2350668 ,  4.69258066,\n         5.38106484],\n       [-1.60032104, -0.39653733,  1.20389155,  1.23506677,  4.69258069,\n         5.38106484],\n       [-1.60032106, -0.39653733,  1.20389154,  1.23506682,  4.69258068,\n         5.38106481],\n       [-1.60032106, -0.39653737,  1.20389154,  1.23506682,  4.69258067,\n         5.38106486]]), array([0.31883011, 0.31883011, 0.31883011, 0.31883011, 0.31883011,\n       0.31883011, 0.31883011]))", "callback": [0.8467511629944715, 0.7986419417524807, 0.716029666846574, 0.6848802676928827, 0.6699805864663946, 0.6571414140223237, 0.6324356547420023, 0.6045543709242336, 0.5922608351180623, 0.5837996647455017, 0.5732519617311678, 0.5470630671148091, 0.48244385703177795, 0.4176951106921042, 0.338357251077379, 0.3299508908597595, 0.32001145933230635, 0.31949849381170237, 0.3190395458160852, 0.31892245125356455, 0.31888852371684007, 0.31888124783676564, 0.31887969837378727, 0.3188792363308316, 0.3188780907150005, 0.31887650672920254, 0.31887135886419593, 0.3188670896896898, 0.31885755536271454, 0.31884501723432745, 0.3188369893967411, 0.31883145564871773, 0.3188305679283744, 0.31883025239323715, 0.31883014947007793, 0.31883011360749036, 0.31883011081712986, 0.31883010869156536, 0.31883010834012004, 0.31883010819607127, 0.3188301081244136, 0.31883010811937706, 0.3188301081174957, 0.3188301081156131, 0.3188301081155748, 0.31883010811539725, 0.3188301081153476, 0.3188301081153301, 0.31883010811532586, 0.31883010811532475]}, "8": {"maxiter": 1000, "fatol": 1e-05, "xatol": 1e-05, "duration": 0.15195107460021973, "fun": "0.31883010812419943", "nit": "408", "nfev": "651", "status": "0", "success": "True", "message": "Optimization terminated successfully.", "x": "[-1.60032253 -0.39653433  1.20388802  1.23506142  4.69258302  5.38106525]", "final_simplex": "(array([[-1.60032253, -0.39653433,  1.20388802,  1.23506142,  4.69258302,\n         5.38106525],\n       [-1.60032577, -0.39654183,  1.20389091,  1.23506605,  4.69257661,\n         5.38106984],\n       [-1.60032536, -0.39653445,  1.20388723,  1.23506819,  4.69258362,\n         5.38106735],\n       [-1.60032029, -0.39653242,  1.20388736,  1.2350633 ,  4.69257574,\n         5.38106838],\n       [-1.60032185, -0.39653231,  1.20389184,  1.23506641,  4.69257641,\n         5.38107111],\n       [-1.60032592, -0.39653447,  1.20388968,  1.23506186,  4.69257704,\n         5.3810688 ],\n       [-1.60032786, -0.39652912,  1.20388918,  1.23506587,  4.69258094,\n         5.38105953]]), array([0.31883011, 0.31883011, 0.31883011, 0.31883011, 0.31883011,\n       0.31883011, 0.31883011]))", "callback": [0.8467511629944715, 0.7986419417524807, 0.716029666846574, 0.6848802676928827, 0.6699805864663946, 0.6571414140223237, 0.6324356547420023, 0.6045543709242336, 0.5922608351180623, 0.5837996647455017, 0.5732519617311678, 0.5470630671148091, 0.48244385703177795, 0.4176951106921042, 0.338357251077379, 0.3299508908597595, 0.32001145933230635, 0.31949849381170237, 0.3190395458160852, 0.31892245125356455, 0.31888852371684007, 0.31888124783676564, 0.31887969837378727, 0.3188792363308316, 0.3188780907150005, 0.31887650672920254, 0.31887135886419593, 0.3188670896896898, 0.31885755536271454, 0.31884501723432745, 0.3188369893967411, 0.31883145564871773, 0.3188305679283744, 0.31883025239323715, 0.31883014947007793, 0.31883011360749036, 0.31883011081712986, 0.31883010869156536, 0.31883010834012004, 0.31883010819607127, 0.3188301081244136]}, "9": {"maxiter": 1000, "fatol": 1e-05, "xatol": 1e-10, "duration": 0.21679997444152832, "fun": "0.31883010811532364", "nit": "533", "nfev": "910", "status": "0", "success": "True", "message": "Optimization terminated successfully.", "x": "[-1.60032105 -0.39653734  1.20389157  1.23506681  4.6925807   5.38106484]", "final_simplex": "(array([[-1.60032105, -0.39653734,  1.20389157,  1.23506681,  4.6925807 ,\n         5.38106484],\n       [-1.60032105, -0.39653734,  1.20389157,  1.23506681,  4.6925807 ,\n         5.38106484],\n       [-1.60032105, -0.39653734,  1.20389157,  1.23506681,  4.6925807 ,\n         5.38106484],\n       [-1.60032105, -0.39653734,  1.20389157,  1.23506681,  4.6925807 ,\n         5.38106484],\n       [-1.60032105, -0.39653734,  1.20389157,  1.23506681,  4.6925807 ,\n         5.38106484],\n       [-1.60032105, -0.39653734,  1.20389157,  1.23506681,  4.6925807 ,\n         5.38106484],\n       [-1.60032105, -0.39653734,  1.20389157,  1.23506681,  4.6925807 ,\n         5.38106484]]), array([0.31883011, 0.31883011, 0.31883011, 0.31883011, 0.31883011,\n       0.31883011, 0.31883011]))", "callback": [0.8467511629944715, 0.7986419417524807, 0.716029666846574, 0.6848802676928827, 0.6699805864663946, 0.6571414140223237, 0.6324356547420023, 0.6045543709242336, 0.5922608351180623, 0.5837996647455017, 0.5732519617311678, 0.5470630671148091, 0.48244385703177795, 0.4176951106921042, 0.338357251077379, 0.3299508908597595, 0.32001145933230635, 0.31949849381170237, 0.3190395458160852, 0.31892245125356455, 0.31888852371684007, 0.31888124783676564, 0.31887969837378727, 0.3188792363308316, 0.3188780907150005, 0.31887650672920254, 0.31887135886419593, 0.3188670896896898, 0.31885755536271454, 0.31884501723432745, 0.3188369893967411, 0.31883145564871773, 0.3188305679283744, 0.31883025239323715, 0.31883014947007793, 0.31883011360749036, 0.31883011081712986, 0.31883010869156536, 0.31883010834012004, 0.31883010819607127, 0.3188301081244136, 0.31883010811937706, 0.3188301081174957, 0.3188301081156131, 0.3188301081155748, 0.31883010811539725, 0.3188301081153476, 0.3188301081153301, 0.31883010811532586, 0.31883010811532475, 0.31883010811532386, 0.31883010811532386, 0.31883010811532364, 0.31883010811532364]}, "10": {"maxiter": 1000, "fatol": 1e-10, "xatol": 1e-05, "duration": 0.15245485305786133, "fun": "0.31883010812419943", "nit": "408", "nfev": "651", "status": "0", "success": "True", "message": "Optimization terminated successfully.", "x": "[-1.60032253 -0.39653433  1.20388802  1.23506142  4.69258302  5.38106525]", "final_simplex": "(array([[-1.60032253, -0.39653433,  1.20388802,  1.23506142,  4.69258302,\n         5.38106525],\n       [-1.60032577, -0.39654183,  1.20389091,  1.23506605,  4.69257661,\n         5.38106984],\n       [-1.60032536, -0.39653445,  1.20388723,  1.23506819,  4.69258362,\n         5.38106735],\n       [-1.60032029, -0.39653242,  1.20388736,  1.2350633 ,  4.69257574,\n         5.38106838],\n       [-1.60032185, -0.39653231,  1.20389184,  1.23506641,  4.69257641,\n         5.38107111],\n       [-1.60032592, -0.39653447,  1.20388968,  1.23506186,  4.69257704,\n         5.3810688 ],\n       [-1.60032786, -0.39652912,  1.20388918,  1.23506587,  4.69258094,\n         5.38105953]]), array([0.31883011, 0.31883011, 0.31883011, 0.31883011, 0.31883011,\n       0.31883011, 0.31883011]))", "callback": [0.8467511629944715, 0.7986419417524807, 0.716029666846574, 0.6848802676928827, 0.6699805864663946, 0.6571414140223237, 0.6324356547420023, 0.6045543709242336, 0.5922608351180623, 0.5837996647455017, 0.5732519617311678, 0.5470630671148091, 0.48244385703177795, 0.4176951106921042, 0.338357251077379, 0.3299508908597595, 0.32001145933230635, 0.31949849381170237, 0.3190395458160852, 0.31892245125356455, 0.31888852371684007, 0.31888124783676564, 0.31887969837378727, 0.3188792363308316, 0.3188780907150005, 0.31887650672920254, 0.31887135886419593, 0.3188670896896898, 0.31885755536271454, 0.31884501723432745, 0.3188369893967411, 0.31883145564871773, 0.3188305679283744, 0.31883025239323715, 0.31883014947007793, 0.31883011360749036, 0.31883011081712986, 0.31883010869156536, 0.31883010834012004, 0.31883010819607127, 0.3188301081244136]}, "11": {"maxiter": 1000, "fatol": 1e-10, "xatol": 1e-10, "duration": 0.20981192588806152, "fun": "0.31883010811532364", "nit": "533", "nfev": "910", "status": "0", "success": "True", "message": "Optimization terminated successfully.", "x": "[-1.60032105 -0.39653734  1.20389157  1.23506681  4.6925807   5.38106484]", "final_simplex": "(array([[-1.60032105, -0.39653734,  1.20389157,  1.23506681,  4.6925807 ,\n         5.38106484],\n       [-1.60032105, -0.39653734,  1.20389157,  1.23506681,  4.6925807 ,\n         5.38106484],\n       [-1.60032105, -0.39653734,  1.20389157,  1.23506681,  4.6925807 ,\n         5.38106484],\n       [-1.60032105, -0.39653734,  1.20389157,  1.23506681,  4.6925807 ,\n         5.38106484],\n       [-1.60032105, -0.39653734,  1.20389157,  1.23506681,  4.6925807 ,\n         5.38106484],\n       [-1.60032105, -0.39653734,  1.20389157,  1.23506681,  4.6925807 ,\n         5.38106484],\n       [-1.60032105, -0.39653734,  1.20389157,  1.23506681,  4.6925807 ,\n         5.38106484]]), array([0.31883011, 0.31883011, 0.31883011, 0.31883011, 0.31883011,\n       0.31883011, 0.31883011]))", "callback": [0.8467511629944715, 0.7986419417524807, 0.716029666846574, 0.6848802676928827, 0.6699805864663946, 0.6571414140223237, 0.6324356547420023, 0.6045543709242336, 0.5922608351180623, 0.5837996647455017, 0.5732519617311678, 0.5470630671148091, 0.48244385703177795, 0.4176951106921042, 0.338357251077379, 0.3299508908597595, 0.32001145933230635, 0.31949849381170237, 0.3190395458160852, 0.31892245125356455, 0.31888852371684007, 0.31888124783676564, 0.31887969837378727, 0.3188792363308316, 0.3188780907150005, 0.31887650672920254, 0.31887135886419593, 0.3188670896896898, 0.31885755536271454, 0.31884501723432745, 0.3188369893967411, 0.31883145564871773, 0.3188305679283744, 0.31883025239323715, 0.31883014947007793, 0.31883011360749036, 0.31883011081712986, 0.31883010869156536, 0.31883010834012004, 0.31883010819607127, 0.3188301081244136, 0.31883010811937706, 0.3188301081174957, 0.3188301081156131, 0.3188301081155748, 0.31883010811539725, 0.3188301081153476, 0.3188301081153301, 0.31883010811532586, 0.31883010811532475, 0.31883010811532386, 0.31883010811532386, 0.31883010811532364, 0.31883010811532364]}}, "bfgs": {"type": "gradient", "0": {"maxiter": 100, "gtol": 1e-05, "xrtol": 1e-05, "eps": 1e-05, "duration": 0.05182003974914551, "fun": "0.3188301081363317", "jac": "[ 4.31521485e-07  2.05291339e-07  3.47366580e-07  1.64734892e-07\n -1.11699539e-06 -1.78890236e-07]", "hess_inv": "[[ 3.65999129  0.45525761  0.37040297 -0.99030803  0.03243404 -0.74204773]\n [ 0.45525761  4.13948243  0.29721183 -1.05124391 -1.03123993 -1.10192744]\n [ 0.37040297  0.29721183  3.78844904  0.35926429 -0.52247462 -0.08982746]\n [-0.99030803 -1.05124391  0.35926429  4.32763251  0.91855256  0.29600901]\n [ 0.03243404 -1.03123993 -0.52247462  0.91855256  4.28501081 -0.91197943]\n [-0.74204773 -1.10192744 -0.08982746  0.29600901 -0.91197943  3.83546614]]", "nfev": "217", "njev": "31", "status": "0", "success": "True", "message": "Optimization terminated successfully.", "x": "[-1.60032366 -0.39653857  1.20388802  1.23506077  4.69257194  5.38106236]", "nit": "28", "callback": [0.7286321534255965, 0.6970694358795944, 0.6851353980811501, 0.6638877161307115, 0.6400028371559168, 0.6319892554624083, 0.6193708254142352, 0.6032552721443243, 0.5852685635996313, 0.5670453972218428, 0.5510249772247922, 0.5246187376486633, 0.48702608206853304, 0.45184386937364673, 0.3966714839062102, 0.37744258237477013, 0.34680450515007, 0.3271316119249611, 0.3251412527627128, 0.3219666512559569, 0.31930302158635515, 0.319038968146803, 0.31891540056716516, 0.3188620588295513, 0.31883315501393017, 0.31883024711581875, 0.3188301094499315, 0.3188301081363317]}, "1": {"maxiter": 100, "gtol": 1e-05, "xrtol": 1e-05, "eps": 1e-10, "duration": 0.05112910270690918, "fun": "0.31883010815202495", "jac": "[-2.22044587e-06  2.22044587e-06  0.00000000e+00 -1.11022293e-06\n -1.11022293e-06  0.00000000e+00]", "hess_inv": "[[ 3.61181675  0.45127967  0.36333909 -1.01050532 -0.01203487 -0.72964341]\n [ 0.45127967  4.1421426   0.29343702 -1.04937818 -1.03608815 -1.10988451]\n [ 0.36333909  0.29343702  3.79113373  0.3534867  -0.52904578 -0.07975083]\n [-1.01050532 -1.04937818  0.3534867   4.32122467  0.89900118  0.29744003]\n [-0.01203487 -1.03608815 -0.52904578  0.89900118  4.24669239 -0.89555372]\n [-0.72964341 -1.10988451 -0.07975083  0.29744003 -0.89555372  3.85199539]]", "nfev": "217", "njev": "31", "status": "0", "success": "True", "message": "Optimization terminated successfully.", "x": "[-1.60032435 -0.39653331  1.20389181  1.2350573   4.69256546  5.38106441]", "nit": "28", "callback": [0.728631648257771, 0.6970691191775344, 0.6851352128550754, 0.6638880166092131, 0.6400035870092988, 0.6319895783754954, 0.6193703178866479, 0.6032548146704291, 0.5852692020757844, 0.5670491180343775, 0.5510288800028249, 0.5246246703117221, 0.4870339185477236, 0.4518456567621356, 0.39665728345795703, 0.3774664534493506, 0.3468688854424433, 0.3271289635069653, 0.325143294725597, 0.32197403087607857, 0.31930318935307767, 0.31903914189366134, 0.31891538696283883, 0.3188620479076011, 0.3188331654492399, 0.3188302459791208, 0.31883010926113986, 0.31883010815202495]}, "2": {"maxiter": 100, "gtol": 1e-05, "xrtol": 1e-10, "eps": 1e-05, "duration": 0.05119824409484863, "fun": "0.3188301081363317", "jac": "[ 4.31521485e-07  2.05291339e-07  3.47366580e-07  1.64734892e-07\n -1.11699539e-06 -1.78890236e-07]", "hess_inv": "[[ 3.65999129  0.45525761  0.37040297 -0.99030803  0.03243404 -0.74204773]\n [ 0.45525761  4.13948243  0.29721183 -1.05124391 -1.03123993 -1.10192744]\n [ 0.37040297  0.29721183  3.78844904  0.35926429 -0.52247462 -0.08982746]\n [-0.99030803 -1.05124391  0.35926429  4.32763251  0.91855256  0.29600901]\n [ 0.03243404 -1.03123993 -0.52247462  0.91855256  4.28501081 -0.91197943]\n [-0.74204773 -1.10192744 -0.08982746  0.29600901 -0.91197943  3.83546614]]", "nfev": "217", "njev": "31", "status": "0", "success": "True", "message": "Optimization terminated successfully.", "x": "[-1.60032366 -0.39653857  1.20388802  1.23506077  4.69257194  5.38106236]", "nit": "28", "callback": [0.7286321534255965, 0.6970694358795944, 0.6851353980811501, 0.6638877161307115, 0.6400028371559168, 0.6319892554624083, 0.6193708254142352, 0.6032552721443243, 0.5852685635996313, 0.5670453972218428, 0.5510249772247922, 0.5246187376486633, 0.48702608206853304, 0.45184386937364673, 0.3966714839062102, 0.37744258237477013, 0.34680450515007, 0.3271316119249611, 0.3251412527627128, 0.3219666512559569, 0.31930302158635515, 0.319038968146803, 0.31891540056716516, 0.3188620588295513, 0.31883315501393017, 0.31883024711581875, 0.3188301094499315, 0.3188301081363317]}, "3": {"maxiter": 100, "gtol": 1e-05, "xrtol": 1e-10, "eps": 1e-10, "duration": 0.05230522155761719, "fun": "0.31883010815202495", "jac": "[-2.22044587e-06  2.22044587e-06  0.00000000e+00 -1.11022293e-06\n -1.11022293e-06  0.00000000e+00]", "hess_inv": "[[ 3.61181675  0.45127967  0.36333909 -1.01050532 -0.01203487 -0.72964341]\n [ 0.45127967  4.1421426   0.29343702 -1.04937818 -1.03608815 -1.10988451]\n [ 0.36333909  0.29343702  3.79113373  0.3534867  -0.52904578 -0.07975083]\n [-1.01050532 -1.04937818  0.3534867   4.32122467  0.89900118  0.29744003]\n [-0.01203487 -1.03608815 -0.52904578  0.89900118  4.24669239 -0.89555372]\n [-0.72964341 -1.10988451 -0.07975083  0.29744003 -0.89555372  3.85199539]]", "nfev": "217", "njev": "31", "status": "0", "success": "True", "message": "Optimization terminated successfully.", "x": "[-1.60032435 -0.39653331  1.20389181  1.2350573   4.69256546  5.38106441]", "nit": "28", "callback": [0.728631648257771, 0.6970691191775344, 0.6851352128550754, 0.6638880166092131, 0.6400035870092988, 0.6319895783754954, 0.6193703178866479, 0.6032548146704291, 0.5852692020757844, 0.5670491180343775, 0.5510288800028249, 0.5246246703117221, 0.4870339185477236, 0.4518456567621356, 0.39665728345795703, 0.3774664534493506, 0.3468688854424433, 0.3271289635069653, 0.325143294725597, 0.32197403087607857, 0.31930318935307767, 0.31903914189366134, 0.31891538696283883, 0.3188620479076011, 0.3188331654492399, 0.3188302459791208, 0.31883010926113986, 0.31883010815202495]}, "4": {"maxiter": 100, "gtol": 1e-10, "xrtol": 1e-05, "eps": 1e-05, "duration": 0.05311298370361328, "fun": "0.3188301081335144", "jac": "[ 2.37809772e-08  7.77156117e-09 -1.17683641e-09  1.82520665e-08\n -1.65312208e-08 -1.58206781e-08]", "hess_inv": "[[ 3.62528341  0.45292833  0.39115037 -1.01743095 -0.02566888 -0.70295692]\n [ 0.45292833  4.16694722  0.33902786 -1.08107598 -1.1321155  -1.0773258 ]\n [ 0.39115037  0.33902786  3.83520706  0.33448216 -0.62966755 -0.08102961]\n [-1.01743095 -1.08107598  0.33448216  4.33484502  0.97149527  0.30426791]\n [-0.02566888 -1.1321155  -0.62966755  0.97149527  4.52822153 -0.92370357]\n [-0.70295692 -1.0773258  -0.08102961  0.30426791 -0.92370357  3.80892707]]", "nfev": "224", "njev": "32", "status": "0", "success": "True", "message": "Optimization terminated successfully.", "x": "[-1.60032544 -0.39654101  1.20388568  1.23506174  4.69257713  5.38106251]", "nit": "29", "callback": [0.7286321534255965, 0.6970694358795944, 0.6851353980811501, 0.6638877161307115, 0.6400028371559168, 0.6319892554624083, 0.6193708254142352, 0.6032552721443243, 0.5852685635996313, 0.5670453972218428, 0.5510249772247922, 0.5246187376486633, 0.48702608206853304, 0.45184386937364673, 0.3966714839062102, 0.37744258237477013, 0.34680450515007, 0.3271316119249611, 0.3251412527627128, 0.3219666512559569, 0.31930302158635515, 0.319038968146803, 0.31891540056716516, 0.3188620588295513, 0.31883315501393017, 0.31883024711581875, 0.3188301094499315, 0.3188301081363317, 0.3188301081335144]}, "5": {"maxiter": 100, "gtol": 1e-10, "xrtol": 1e-05, "eps": 1e-10, "duration": 0.052693843841552734, "fun": "0.3188301081341235", "jac": "[ 0.00000000e+00 -3.33066880e-06  0.00000000e+00 -2.22044587e-06\n -3.33066880e-06 -3.33066880e-06]", "hess_inv": "[[ 3.61018538  0.39669984  0.21129187 -0.92008926  0.25331181 -0.84608919]\n [ 0.39669984  4.33330857  0.54147177 -1.25387515 -1.54598472 -0.92197619]\n [ 0.21129187  0.54147177  3.72964699  0.23929723 -0.62548231 -0.13226173]\n [-0.92008926 -1.25387515  0.23929723  4.4803855   1.22161288  0.21326933]\n [ 0.25331181 -1.54598472 -0.62548231  1.22161288  4.77349156 -0.95987092]\n [-0.84608919 -0.92197619 -0.13226173  0.21326933 -0.95987092  3.80763008]]", "nfev": "224", "njev": "32", "status": "0", "success": "True", "message": "Optimization terminated successfully.", "x": "[-1.60031795 -0.39654516  1.20389065  1.23506438  4.69257611  5.38106375]", "nit": "29", "callback": [0.728631648257771, 0.6970691191775344, 0.6851352128550754, 0.6638880166092131, 0.6400035870092988, 0.6319895783754954, 0.6193703178866479, 0.6032548146704291, 0.5852692020757844, 0.5670491180343775, 0.5510288800028249, 0.5246246703117221, 0.4870339185477236, 0.4518456567621356, 0.39665728345795703, 0.3774664534493506, 0.3468688854424433, 0.3271289635069653, 0.325143294725597, 0.32197403087607857, 0.31930318935307767, 0.31903914189366134, 0.31891538696283883, 0.3188620479076011, 0.3188331654492399, 0.3188302459791208, 0.31883010926113986, 0.31883010815202495, 0.3188301081341235]}, "6": {"maxiter": 100, "gtol": 1e-10, "xrtol": 1e-10, "eps": 1e-05, "duration": 0.08550596237182617, "fun": "0.3188301081335144", "jac": "[ 2.37809772e-08  7.77156117e-09 -1.17683641e-09  1.82520665e-08\n -1.65312208e-08 -1.58206781e-08]", "hess_inv": "[[ 3.6568997   0.48372558  0.41338517 -1.01830392 -0.07385395 -0.71905823]\n [ 0.48372558  4.19186125  0.35291026 -1.07536484 -1.16137203 -1.09838383]\n [ 0.41338517  0.35291026  3.83895276  0.34390182 -0.63651868 -0.10057065]\n [-1.01830392 -1.07536484  0.34390182  4.32640307  0.95001355  0.31164614]\n [-0.07385395 -1.16137203 -0.63651868  0.95001355  4.54018986 -0.88048118]\n [-0.71905823 -1.09838383 -0.10057065  0.31164614 -0.88048118  3.8114484 ]]", "nfev": "369", "njev": "51", "status": "2", "success": "False", "message": "Desired error not necessarily achieved due to precision loss.", "x": "[-1.60032544 -0.39654101  1.20388568  1.23506174  4.69257713  5.38106251]", "nit": "29", "callback": [0.7286321534255965, 0.6970694358795944, 0.6851353980811501, 0.6638877161307115, 0.6400028371559168, 0.6319892554624083, 0.6193708254142352, 0.6032552721443243, 0.5852685635996313, 0.5670453972218428, 0.5510249772247922, 0.5246187376486633, 0.48702608206853304, 0.45184386937364673, 0.3966714839062102, 0.37744258237477013, 0.34680450515007, 0.3271316119249611, 0.3251412527627128, 0.3219666512559569, 0.31930302158635515, 0.319038968146803, 0.31891540056716516, 0.3188620588295513, 0.31883315501393017, 0.31883024711581875, 0.3188301094499315, 0.3188301081363317, 0.3188301081335144]}, "7": {"maxiter": 100, "gtol": 1e-10, "xrtol": 1e-10, "eps": 1e-10, "duration": 0.09664320945739746, "fun": "0.31883010812670065", "jac": "[ 1.11022293e-06  0.00000000e+00  0.00000000e+00 -3.33066880e-06\n -1.11022293e-06  0.00000000e+00]", "hess_inv": "[[ 2.4104186  -0.01470333 -1.16819846 -2.12614418  2.71246952 -1.94385167]\n [-0.01470333  0.59302181 -0.14184719 -0.23369582 -0.28796812  0.36924766]\n [-1.16819846 -0.14184719  0.64713054  1.12438113 -1.26690338  0.8821536 ]\n [-2.12614418 -0.23369582  1.12438113  2.32948121 -2.25234624  1.56485005]\n [ 2.71246952 -0.28796812 -1.26690338 -2.25234624  3.25765431 -2.40398813]\n [-1.94385167  0.36924766  0.8821536   1.56485005 -2.40398813  1.82656123]]", "nfev": "434", "njev": "62", "status": "0", "success": "True", "message": "Optimization terminated successfully.", "x": "[-1.60031956 -0.39654037  1.20389008  1.23506443  4.69257299  5.38106859]", "nit": "36", "callback": [0.728631648257771, 0.6970691191775344, 0.6851352128550754, 0.6638880166092131, 0.6400035870092988, 0.6319895783754954, 0.6193703178866479, 0.6032548146704291, 0.5852692020757844, 0.5670491180343775, 0.5510288800028249, 0.5246246703117221, 0.4870339185477236, 0.4518456567621356, 0.39665728345795703, 0.3774664534493506, 0.3468688854424433, 0.3271289635069653, 0.325143294725597, 0.32197403087607857, 0.31930318935307767, 0.31903914189366134, 0.31891538696283883, 0.3188620479076011, 0.3188331654492399, 0.3188302459791208, 0.31883010926113986, 0.31883010815202495, 0.3188301081341235, 0.31883010813397517, 0.3188301081339465, 0.318830108133909, 0.31883010813360235, 0.3188301081267211, 0.31883010812670065, 0.31883010812670065]}, "8": {"maxiter": 500, "gtol": 1e-05, "xrtol": 1e-05, "eps": 1e-05, "duration": 0.0490880012512207, "fun": "0.3188301081363317", "jac": "[ 4.31521485e-07  2.05291339e-07  3.47366580e-07  1.64734892e-07\n -1.11699539e-06 -1.78890236e-07]", "hess_inv": "[[ 3.65999129  0.45525761  0.37040297 -0.99030803  0.03243404 -0.74204773]\n [ 0.45525761  4.13948243  0.29721183 -1.05124391 -1.03123993 -1.10192744]\n [ 0.37040297  0.29721183  3.78844904  0.35926429 -0.52247462 -0.08982746]\n [-0.99030803 -1.05124391  0.35926429  4.32763251  0.91855256  0.29600901]\n [ 0.03243404 -1.03123993 -0.52247462  0.91855256  4.28501081 -0.91197943]\n [-0.74204773 -1.10192744 -0.08982746  0.29600901 -0.91197943  3.83546614]]", "nfev": "217", "njev": "31", "status": "0", "success": "True", "message": "Optimization terminated successfully.", "x": "[-1.60032366 -0.39653857  1.20388802  1.23506077  4.69257194  5.38106236]", "nit": "28", "callback": [0.7286321534255965, 0.6970694358795944, 0.6851353980811501, 0.6638877161307115, 0.6400028371559168, 0.6319892554624083, 0.6193708254142352, 0.6032552721443243, 0.5852685635996313, 0.5670453972218428, 0.5510249772247922, 0.5246187376486633, 0.48702608206853304, 0.45184386937364673, 0.3966714839062102, 0.37744258237477013, 0.34680450515007, 0.3271316119249611, 0.3251412527627128, 0.3219666512559569, 0.31930302158635515, 0.319038968146803, 0.31891540056716516, 0.3188620588295513, 0.31883315501393017, 0.31883024711581875, 0.3188301094499315, 0.3188301081363317]}, "9": {"maxiter": 500, "gtol": 1e-05, "xrtol": 1e-05, "eps": 1e-10, "duration": 0.04860186576843262, "fun": "0.31883010815202495", "jac": "[-2.22044587e-06  2.22044587e-06  0.00000000e+00 -1.11022293e-06\n -1.11022293e-06  0.00000000e+00]", "hess_inv": "[[ 3.61181675  0.45127967  0.36333909 -1.01050532 -0.01203487 -0.72964341]\n [ 0.45127967  4.1421426   0.29343702 -1.04937818 -1.03608815 -1.10988451]\n [ 0.36333909  0.29343702  3.79113373  0.3534867  -0.52904578 -0.07975083]\n [-1.01050532 -1.04937818  0.3534867   4.32122467  0.89900118  0.29744003]\n [-0.01203487 -1.03608815 -0.52904578  0.89900118  4.24669239 -0.89555372]\n [-0.72964341 -1.10988451 -0.07975083  0.29744003 -0.89555372  3.85199539]]", "nfev": "217", "njev": "31", "status": "0", "success": "True", "message": "Optimization terminated successfully.", "x": "[-1.60032435 -0.39653331  1.20389181  1.2350573   4.69256546  5.38106441]", "nit": "28", "callback": [0.728631648257771, 0.6970691191775344, 0.6851352128550754, 0.6638880166092131, 0.6400035870092988, 0.6319895783754954, 0.6193703178866479, 0.6032548146704291, 0.5852692020757844, 0.5670491180343775, 0.5510288800028249, 0.5246246703117221, 0.4870339185477236, 0.4518456567621356, 0.39665728345795703, 0.3774664534493506, 0.3468688854424433, 0.3271289635069653, 0.325143294725597, 0.32197403087607857, 0.31930318935307767, 0.31903914189366134, 0.31891538696283883, 0.3188620479076011, 0.3188331654492399, 0.3188302459791208, 0.31883010926113986, 0.31883010815202495]}, "10": {"maxiter": 500, "gtol": 1e-05, "xrtol": 1e-10, "eps": 1e-05, "duration": 0.04909992218017578, "fun": "0.3188301081363317", "jac": "[ 4.31521485e-07  2.05291339e-07  3.47366580e-07  1.64734892e-07\n -1.11699539e-06 -1.78890236e-07]", "hess_inv": "[[ 3.65999129  0.45525761  0.37040297 -0.99030803  0.03243404 -0.74204773]\n [ 0.45525761  4.13948243  0.29721183 -1.05124391 -1.03123993 -1.10192744]\n [ 0.37040297  0.29721183  3.78844904  0.35926429 -0.52247462