{"date": "2024/09/25/, 04:11:22", "conf_id": 132, "data_type": "orthogonal\n", "num_data_points": 3, "s_rank": 0, "unitary": "[[0.18663085-0.53122324j,-0.11886349-0.70040876j,0.28555095-0.02789305j,-0.12262021-0.2844587j],[-0.16702216+0.27758472j,0.27526351-0.29738586j,-0.01109314+0.22495461j,-0.77239203+0.28900673j],[0.61935415+0.12301792j,-0.31269928-0.03315917j,-0.61902762-0.19039079j,-0.27120731-0.0968989j],[0.42341754+0.0023929j,-0.05847358+0.47832119j,0.64900495-0.16218422j,-0.37182676-0.05229966j]]", "databatch_0": {"databatch": "[[[0.01336225+0.04785404j,-0.06582951+0.00594111j,-0.1356178+0.24132394j,-0.20327226-0.20050254j],[0.01839783-0.11303805j,-0.122143-0.0284869j,0.34015842-0.07226358j,-0.10354107+0.080036j],[-0.13206119+0.31898441j,-0.08346673+0.33710613j,-0.20113544-0.19429963j,-0.00289441-0.20900667j],[-0.07239978+0.15353277j,0.19315135+0.01997146j,0.00533412+0.3112485j,0.22524594+0.3037284j]],[[-0.0306955+0.20607042j,0.06516831+0.19666657j,0.01618203-0.27671749j,0.19900569+0.02520161j],[-0.06462319-0.24044615j,-0.14273228-0.30524708j,0.00577038-0.05574163j,0.18036136-0.1527919j],[-0.00982819+0.37144551j,-0.11609408+0.11789978j,0.33999355+0.25029725j,0.08655062-0.24275082j],[0.14647959-0.02903348j,0.16526235-0.04858096j,-0.01049198-0.26198257j,0.17610958+0.0141476j]],[[-0.01116375+0.12381649j,-0.13970208+0.01560805j,0.05398139+0.26321013j,-0.137343-0.25012223j],[-0.25457445-0.18991637j,-0.05525703-0.08179853j,-0.16267165+0.17608797j,0.01030729+0.30628318j],[0.12021938+0.15988958j,0.1222806-0.16321721j,-0.08069577+0.00779716j,0.39827047-0.33199644j],[-0.09953953-0.18921262j,-0.26802918-0.03433259j,0.07003633-0.0966999j,-0.22364168-0.09559571j]]]", "initial param values": "[4.32319918,5.0415058,5.78930763,3.39527698,4.92130616,4.28777502]", "nelder_mead": {"type": "gradient-free", "0": {"maxiter": 100, "fatol": 1e-05, "xatol": 1e-05, "duration": 0.035537004470825195, "fun": "0.2807341946230132", "nit": "100", "nfev": "156", "status": "2", "success": "False", "message": "Maximum number of iterations has been exceeded.", "x": "[4.80060129 3.98065264 6.5620731  3.31690856 3.72968697 5.6106485 ]", "final_simplex": "(array([[4.80060129, 3.98065264, 6.5620731 , 3.31690856, 3.72968697,\n        5.6106485 ],\n       [4.79969453, 3.9824726 , 6.57161625, 3.31309703, 3.71890752,\n        5.61099515],\n       [4.80540793, 3.97834001, 6.57246599, 3.31252448, 3.72388179,\n        5.61090361],\n       [4.80156305, 3.98010049, 6.56664944, 3.31344351, 3.72037889,\n        5.61194037],\n       [4.80784786, 3.9885954 , 6.56109943, 3.30760435, 3.72401741,\n        5.60801606],\n       [4.80182512, 3.9847372 , 6.57079221, 3.30953051, 3.72622362,\n        5.60967021],\n       [4.80124164, 3.98947062, 6.56938573, 3.31451126, 3.71130797,\n        5.59977037]]), array([0.28073419, 0.28073691, 0.28074262, 0.28074379, 0.28074717,\n       0.28074861, 0.28074983]))", "callback": [0.7121307187644905, 0.4696919505607178, 0.2893031140846539, 0.2893031140846539, 0.28522965210449325, 0.2824923926303117, 0.28101388662668014, 0.28101388662668014, 0.28080719817874267, 0.2807498294914085]}, "1": {"maxiter": 100, "fatol": 1e-05, "xatol": 1e-10, "duration": 0.03691387176513672, "fun": "0.2807341946230132", "nit": "100", "nfev": "156", "status": "2", "success": "False", "message": "Maximum number of iterations has been exceeded.", "x": "[4.80060129 3.98065264 6.5620731  3.31690856 3.72968697 5.6106485 ]", "final_simplex": "(array([[4.80060129, 3.98065264, 6.5620731 , 3.31690856, 3.72968697,\n        5.6106485 ],\n       [4.79969453, 3.9824726 , 6.57161625, 3.31309703, 3.71890752,\n        5.61099515],\n       [4.80540793, 3.97834001, 6.57246599, 3.31252448, 3.72388179,\n        5.61090361],\n       [4.80156305, 3.98010049, 6.56664944, 3.31344351, 3.72037889,\n        5.61194037],\n       [4.80784786, 3.9885954 , 6.56109943, 3.30760435, 3.72401741,\n        5.60801606],\n       [4.80182512, 3.9847372 , 6.57079221, 3.30953051, 3.72622362,\n        5.60967021],\n       [4.80124164, 3.98947062, 6.56938573, 3.31451126, 3.71130797,\n        5.59977037]]), array([0.28073419, 0.28073691, 0.28074262, 0.28074379, 0.28074717,\n       0.28074861, 0.28074983]))", "callback": [0.7121307187644905, 0.4696919505607178, 0.2893031140846539, 0.2893031140846539, 0.28522965210449325, 0.2824923926303117, 0.28101388662668014, 0.28101388662668014, 0.28080719817874267, 0.2807498294914085]}, "2": {"maxiter": 100, "fatol": 1e-10, "xatol": 1e-05, "duration": 0.0359349250793457, "fun": "0.2807341946230132", "nit": "100", "nfev": "156", "status": "2", "success": "False", "message": "Maximum number of iterations has been exceeded.", "x": "[4.80060129 3.98065264 6.5620731  3.31690856 3.72968697 5.6106485 ]", "final_simplex": "(array([[4.80060129, 3.98065264, 6.5620731 , 3.31690856, 3.72968697,\n        5.6106485 ],\n       [4.79969453, 3.9824726 , 6.57161625, 3.31309703, 3.71890752,\n        5.61099515],\n       [4.80540793, 3.97834001, 6.57246599, 3.31252448, 3.72388179,\n        5.61090361],\n       [4.80156305, 3.98010049, 6.56664944, 3.31344351, 3.72037889,\n        5.61194037],\n       [4.80784786, 3.9885954 , 6.56109943, 3.30760435, 3.72401741,\n        5.60801606],\n       [4.80182512, 3.9847372 , 6.57079221, 3.30953051, 3.72622362,\n        5.60967021],\n       [4.80124164, 3.98947062, 6.56938573, 3.31451126, 3.71130797,\n        5.59977037]]), array([0.28073419, 0.28073691, 0.28074262, 0.28074379, 0.28074717,\n       0.28074861, 0.28074983]))", "callback": [0.7121307187644905, 0.4696919505607178, 0.2893031140846539, 0.2893031140846539, 0.28522965210449325, 0.2824923926303117, 0.28101388662668014, 0.28101388662668014, 0.28080719817874267, 0.2807498294914085]}, "3": {"maxiter": 100, "fatol": 1e-10, "xatol": 1e-10, "duration": 0.03458404541015625, "fun": "0.2807341946230132", "nit": "100", "nfev": "156", "status": "2", "success": "False", "message": "Maximum number of iterations has been exceeded.", "x": "[4.80060129 3.98065264 6.5620731  3.31690856 3.72968697 5.6106485 ]", "final_simplex": "(array([[4.80060129, 3.98065264, 6.5620731 , 3.31690856, 3.72968697,\n        5.6106485 ],\n       [4.79969453, 3.9824726 , 6.57161625, 3.31309703, 3.71890752,\n        5.61099515],\n       [4.80540793, 3.97834001, 6.57246599, 3.31252448, 3.72388179,\n        5.61090361],\n       [4.80156305, 3.98010049, 6.56664944, 3.31344351, 3.72037889,\n        5.61194037],\n       [4.80784786, 3.9885954 , 6.56109943, 3.30760435, 3.72401741,\n        5.60801606],\n       [4.80182512, 3.9847372 , 6.57079221, 3.30953051, 3.72622362,\n        5.60967021],\n       [4.80124164, 3.98947062, 6.56938573, 3.31451126, 3.71130797,\n        5.59977037]]), array([0.28073419, 0.28073691, 0.28074262, 0.28074379, 0.28074717,\n       0.28074861, 0.28074983]))", "callback": [0.7121307187644905, 0.4696919505607178, 0.2893031140846539, 0.2893031140846539, 0.28522965210449325, 0.2824923926303117, 0.28101388662668014, 0.28101388662668014, 0.28080719817874267, 0.2807498294914085]}, "4": {"maxiter": 500, "fatol": 1e-05, "xatol": 1e-05, "duration": 0.11766576766967773, "fun": "0.2770841366057665", "nit": "318", "nfev": "502", "status": "0", "success": "True", "message": "Optimization terminated successfully.", "x": "[4.88185833 3.96342281 6.57135908 3.39648793 4.44112917 6.34052295]", "final_simplex": "(array([[4.88185833, 3.96342281, 6.57135908, 3.39648793, 4.44112917,\n        6.34052295],\n       [4.88185965, 3.96342035, 6.57135892, 3.39648571, 4.44113413,\n        6.34052999],\n       [4.88185655, 3.96342376, 6.57135866, 3.39648659, 4.44113287,\n        6.34052747],\n       [4.8818566 , 3.96342089, 6.57136129, 3.39648475, 4.44112001,\n        6.34051759],\n       [4.88185975, 3.96342108, 6.5713579 , 3.39648818, 4.44113216,\n        6.3405308 ],\n       [4.8818584 , 3.96342478, 6.57135643, 3.39648412, 4.44112219,\n        6.34051651],\n       [4.88185608, 3.96342146, 6.57135826, 3.39648424, 4.44112864,\n        6.340524  ]]), array([0.27708414, 0.27708414, 0.27708414, 0.27708414, 0.27708414,\n       0.27708414, 0.27708414]))", "callback": [0.7121307187644905, 0.4696919505607178, 0.2893031140846539, 0.2893031140846539, 0.28522965210449325, 0.2824923926303117, 0.28101388662668014, 0.28101388662668014, 0.28080719817874267, 0.2807498294914085, 0.28073147007203636, 0.28069541666773434, 0.28057242606905863, 0.2803107295945746, 0.2789408522788833, 0.27818171474082487, 0.27763595311187916, 0.277428960263717, 0.27716469401984467, 0.27711557541928444, 0.277091013441379, 0.27708531362144295, 0.2770843355273098, 0.2770841873177434, 0.27708415270782993, 0.2770841418498283, 0.2770841389903821, 0.2770841378358453, 0.277084136880568, 0.2770841366542731, 0.2770841366198913, 0.2770841366087945]}, "5": {"maxiter": 500, "fatol": 1e-05, "xatol": 1e-10, "duration": 0.16459989547729492, "fun": "0.27708413660484954", "nit": "421", "nfev": "732", "status": "0", "success": "True", "message": "Optimization terminated successfully.", "x": "[4.88185967 3.96342209 6.57135971 3.39648721 4.44112944 6.34052506]", "final_simplex": "(array([[4.88185967, 3.96342209, 6.57135971, 3.39648721, 4.44112944,\n        6.34052506],\n       [4.88185967, 3.96342209, 6.57135971, 3.39648721, 4.44112944,\n        6.34052506],\n       [4.88185967, 3.96342209, 6.57135971, 3.39648721, 4.44112944,\n        6.34052506],\n       [4.88185967, 3.96342209, 6.57135971, 3.39648721, 4.44112944,\n        6.34052506],\n       [4.88185967, 3.96342209, 6.57135971, 3.39648721, 4.44112944,\n        6.34052506],\n       [4.88185967, 3.96342209, 6.57135971, 3.39648721, 4.44112944,\n        6.34052506],\n       [4.88185967, 3.96342209, 6.57135971, 3.39648721, 4.44112944,\n        6.34052506]]), array([0.27708414, 0.27708414, 0.27708414, 0.27708414, 0.27708414,\n       0.27708414, 0.27708414]))", "callback": [0.7121307187644905, 0.4696919505607178, 0.2893031140846539, 0.2893031140846539, 0.28522965210449325, 0.2824923926303117, 0.28101388662668014, 0.28101388662668014, 0.28080719817874267, 0.2807498294914085, 0.28073147007203636, 0.28069541666773434, 0.28057242606905863, 0.2803107295945746, 0.2789408522788833, 0.27818171474082487, 0.27763595311187916, 0.277428960263717, 0.27716469401984467, 0.27711557541928444, 0.277091013441379, 0.27708531362144295, 0.2770843355273098, 0.2770841873177434, 0.27708415270782993, 0.2770841418498283, 0.2770841389903821, 0.2770841378358453, 0.277084136880568, 0.2770841366542731, 0.2770841366198913, 0.2770841366087945, 0.2770841366055308, 0.27708413660496445, 0.2770841366048781, 0.2770841366048623, 0.27708413660485653, 0.2770841366048521, 0.2770841366048503, 0.2770841366048499, 0.27708413660484954, 0.27708413660484954, 0.27708413660484954]}, "6": {"maxiter": 500, "fatol": 1e-10, "xatol": 1e-05, "duration": 0.11573290824890137, "fun": "0.2770841366057665", "nit": "318", "nfev": "502", "status": "0", "success": "True", "message": "Optimization terminated successfully.", "x": "[4.88185833 3.96342281 6.57135908 3.39648793 4.44112917 6.34052295]", "final_simplex": "(array([[4.88185833, 3.96342281, 6.57135908, 3.39648793, 4.44112917,\n        6.34052295],\n       [4.88185965, 3.96342035, 6.57135892, 3.39648571, 4.44113413,\n        6.34052999],\n       [4.88185655, 3.96342376, 6.57135866, 3.39648659, 4.44113287,\n        6.34052747],\n       [4.8818566 , 3.96342089, 6.57136129, 3.39648475, 4.44112001,\n        6.34051759],\n       [4.88185975, 3.96342108, 6.5713579 , 3.39648818, 4.44113216,\n        6.3405308 ],\n       [4.8818584 , 3.96342478, 6.57135643, 3.39648412, 4.44112219,\n        6.34051651],\n       [4.88185608, 3.96342146, 6.57135826, 3.39648424, 4.44112864,\n        6.340524  ]]), array([0.27708414, 0.27708414, 0.27708414, 0.27708414, 0.27708414,\n       0.27708414, 0.27708414]))", "callback": [0.7121307187644905, 0.4696919505607178, 0.2893031140846539, 0.2893031140846539, 0.28522965210449325, 0.2824923926303117, 0.28101388662668014, 0.28101388662668014, 0.28080719817874267, 0.2807498294914085, 0.28073147007203636, 0.28069541666773434, 0.28057242606905863, 0.2803107295945746, 0.2789408522788833, 0.27818171474082487, 0.27763595311187916, 0.277428960263717, 0.27716469401984467, 0.27711557541928444, 0.277091013441379, 0.27708531362144295, 0.2770843355273098, 0.2770841873177434, 0.27708415270782993, 0.2770841418498283, 0.2770841389903821, 0.2770841378358453, 0.277084136880568, 0.2770841366542731, 0.2770841366198913, 0.2770841366087945]}, "7": {"maxiter": 500, "fatol": 1e-10, "xatol": 1e-10, "duration": 0.1790332794189453, "fun": "0.27708413660484954", "nit": "421", "nfev": "732", "status": "0", "success": "True", "message": "Optimization terminated successfully.", "x": "[4.88185967 3.96342209 6.57135971 3.39648721 4.44112944 6.34052506]", "final_simplex": "(array([[4.88185967, 3.96342209, 6.57135971, 3.39648721, 4.44112944,\n        6.34052506],\n       [4.88185967, 3.96342209, 6.57135971, 3.39648721, 4.44112944,\n        6.34052506],\n       [4.88185967, 3.96342209, 6.57135971, 3.39648721, 4.44112944,\n        6.34052506],\n       [4.88185967, 3.96342209, 6.57135971, 3.39648721, 4.44112944,\n        6.34052506],\n       [4.88185967, 3.96342209, 6.57135971, 3.39648721, 4.44112944,\n        6.34052506],\n       [4.88185967, 3.96342209, 6.57135971, 3.39648721, 4.44112944,\n        6.34052506],\n       [4.88185967, 3.96342209, 6.57135971, 3.39648721, 4.44112944,\n        6.34052506]]), array([0.27708414, 0.27708414, 0.27708414, 0.27708414, 0.27708414,\n       0.27708414, 0.27708414]))", "callback": [0.7121307187644905, 0.4696919505607178, 0.2893031140846539, 0.2893031140846539, 0.28522965210449325, 0.2824923926303117, 0.28101388662668014, 0.28101388662668014, 0.28080719817874267, 0.2807498294914085, 0.28073147007203636, 0.28069541666773434, 0.28057242606905863, 0.2803107295945746, 0.2789408522788833, 0.27818171474082487, 0.27763595311187916, 0.277428960263717, 0.27716469401984467, 0.27711557541928444, 0.277091013441379, 0.27708531362144295, 0.2770843355273098, 0.2770841873177434, 0.27708415270782993, 0.2770841418498283, 0.2770841389903821, 0.2770841378358453, 0.277084136880568, 0.2770841366542731, 0.2770841366198913, 0.2770841366087945, 0.2770841366055308, 0.27708413660496445, 0.2770841366048781, 0.2770841366048623, 0.27708413660485653, 0.2770841366048521, 0.2770841366048503, 0.2770841366048499, 0.27708413660484954, 0.27708413660484954, 0.27708413660484954]}, "8": {"maxiter": 1000, "fatol": 1e-05, "xatol": 1e-05, "duration": 0.11636614799499512, "fun": "0.2770841366057665", "nit": "318", "nfev": "502", "status": "0", "success": "True", "message": "Optimization terminated successfully.", "x": "[4.88185833 3.96342281 6.57135908 3.39648793 4.44112917 6.34052295]", "final_simplex": "(array([[4.88185833, 3.96342281, 6.57135908, 3.39648793, 4.44112917,\n        6.34052295],\n       [4.88185965, 3.96342035, 6.57135892, 3.39648571, 4.44113413,\n        6.34052999],\n       [4.88185655, 3.96342376, 6.57135866, 3.39648659, 4.44113287,\n        6.34052747],\n       [4.8818566 , 3.96342089, 6.57136129, 3.39648475, 4.44112001,\n        6.34051759],\n       [4.88185975, 3.96342108, 6.5713579 , 3.39648818, 4.44113216,\n        6.3405308 ],\n       [4.8818584 , 3.96342478, 6.57135643, 3.39648412, 4.44112219,\n        6.34051651],\n       [4.88185608, 3.96342146, 6.57135826, 3.39648424, 4.44112864,\n        6.340524  ]]), array([0.27708414, 0.27708414, 0.27708414, 0.27708414, 0.27708414,\n       0.27708414, 0.27708414]))", "callback": [0.7121307187644905, 0.4696919505607178, 0.2893031140846539, 0.2893031140846539, 0.28522965210449325, 0.2824923926303117, 0.28101388662668014, 0.28101388662668014, 0.28080719817874267, 0.2807498294914085, 0.28073147007203636, 0.28069541666773434, 0.28057242606905863, 0.2803107295945746, 0.2789408522788833, 0.27818171474082487, 0.27763595311187916, 0.277428960263717, 0.27716469401984467, 0.27711557541928444, 0.277091013441379, 0.27708531362144295, 0.2770843355273098, 0.2770841873177434, 0.27708415270782993, 0.2770841418498283, 0.2770841389903821, 0.2770841378358453, 0.277084136880568, 0.2770841366542731, 0.2770841366198913, 0.2770841366087945]}, "9": {"maxiter": 1000, "fatol": 1e-05, "xatol": 1e-10, "duration": 0.17100882530212402, "fun": "0.27708413660484954", "nit": "421", "nfev": "732", "status": "0", "success": "True", "message": "Optimization terminated successfully.", "x": "[4.88185967 3.96342209 6.57135971 3.39648721 4.44112944 6.34052506]", "final_simplex": "(array([[4.88185967, 3.96342209, 6.57135971, 3.39648721, 4.44112944,\n        6.34052506],\n       [4.88185967, 3.96342209, 6.57135971, 3.39648721, 4.44112944,\n        6.34052506],\n       [4.88185967, 3.96342209, 6.57135971, 3.39648721, 4.44112944,\n        6.34052506],\n       [4.88185967, 3.96342209, 6.57135971, 3.39648721, 4.44112944,\n        6.34052506],\n       [4.88185967, 3.96342209, 6.57135971, 3.39648721, 4.44112944,\n        6.34052506],\n       [4.88185967, 3.96342209, 6.57135971, 3.39648721, 4.44112944,\n        6.34052506],\n       [4.88185967, 3.96342209, 6.57135971, 3.39648721, 4.44112944,\n        6.34052506]]), array([0.27708414, 0.27708414, 0.27708414, 0.27708414, 0.27708414,\n       0.27708414, 0.27708414]))", "callback": [0.7121307187644905, 0.4696919505607178, 0.2893031140846539, 0.2893031140846539, 0.28522965210449325, 0.2824923926303117, 0.28101388662668014, 0.28101388662668014, 0.28080719817874267, 0.2807498294914085, 0.28073147007203636, 0.28069541666773434, 0.28057242606905863, 0.2803107295945746, 0.2789408522788833, 0.27818171474082487, 0.27763595311187916, 0.277428960263717, 0.27716469401984467, 0.27711557541928444, 0.277091013441379, 0.27708531362144295, 0.2770843355273098, 0.2770841873177434, 0.27708415270782993, 0.2770841418498283, 0.2770841389903821, 0.2770841378358453, 0.277084136880568, 0.2770841366542731, 0.2770841366198913, 0.2770841366087945, 0.2770841366055308, 0.27708413660496445, 0.2770841366048781, 0.2770841366048623, 0.27708413660485653, 0.2770841366048521, 0.2770841366048503, 0.2770841366048499, 0.27708413660484954, 0.27708413660484954, 0.27708413660484954]}, "10": {"maxiter": 1000, "fatol": 1e-10, "xatol": 1e-05, "duration": 0.12053394317626953, "fun": "0.2770841366057665", "nit": "318", "nfev": "502", "status": "0", "success": "True", "message": "Optimization terminated successfully.", "x": "[4.88185833 3.96342281 6.57135908 3.39648793 4.44112917 6.34052295]", "final_simplex": "(array([[4.88185833, 3.96342281, 6.57135908, 3.39648793, 4.44112917,\n        6.34052295],\n       [4.88185965, 3.96342035, 6.57135892, 3.39648571, 4.44113413,\n        6.34052999],\n       [4.88185655, 3.96342376, 6.57135866, 3.39648659, 4.44113287,\n        6.34052747],\n       [4.8818566 , 3.96342089, 6.57136129, 3.39648475, 4.44112001,\n        6.34051759],\n       [4.88185975, 3.96342108, 6.5713579 , 3.39648818, 4.44113216,\n        6.3405308 ],\n       [4.8818584 , 3.96342478, 6.57135643, 3.39648412, 4.44112219,\n        6.34051651],\n       [4.88185608, 3.96342146, 6.57135826, 3.39648424, 4.44112864,\n        6.340524  ]]), array([0.27708414, 0.27708414, 0.27708414, 0.27708414, 0.27708414,\n       0.27708414, 0.27708414]))", "callback": [0.7121307187644905, 0.4696919505607178, 0.2893031140846539, 0.2893031140846539, 0.28522965210449325, 0.2824923926303117, 0.28101388662668014, 0.28101388662668014, 0.28080719817874267, 0.2807498294914085, 0.28073147007203636, 0.28069541666773434, 0.28057242606905863, 0.2803107295945746, 0.2789408522788833, 0.27818171474082487, 0.27763595311187916, 0.277428960263717, 0.27716469401984467, 0.27711557541928444, 0.277091013441379, 0.27708531362144295, 0.2770843355273098, 0.2770841873177434, 0.27708415270782993, 0.2770841418498283, 0.2770841389903821, 0.2770841378358453, 0.277084136880568, 0.2770841366542731, 0.2770841366198913, 0.2770841366087945]}, "11": {"maxiter": 1000, "fatol": 1e-10, "xatol": 1e-10, "duration": 0.16675281524658203, "fun": "0.27708413660484954", "nit": "421", "nfev": "732", "status": "0", "success": "True", "message": "Optimization terminated successfully.", "x": "[4.88185967 3.96342209 6.57135971 3.39648721 4.44112944 6.34052506]", "final_simplex": "(array([[4.88185967, 3.96342209, 6.57135971, 3.39648721, 4.44112944,\n        6.34052506],\n       [4.88185967, 3.96342209, 6.57135971, 3.39648721, 4.44112944,\n        6.34052506],\n       [4.88185967, 3.96342209, 6.57135971, 3.39648721, 4.44112944,\n        6.34052506],\n       [4.88185967, 3.96342209, 6.57135971, 3.39648721, 4.44112944,\n        6.34052506],\n       [4.88185967, 3.96342209, 6.57135971, 3.39648721, 4.44112944,\n        6.34052506],\n       [4.88185967, 3.96342209, 6.57135971, 3.39648721, 4.44112944,\n        6.34052506],\n       [4.88185967, 3.96342209, 6.57135971, 3.39648721, 4.44112944,\n        6.34052506]]), array([0.27708414, 0.27708414, 0.27708414, 0.27708414, 0.27708414,\n       0.27708414, 0.27708414]))", "callback": [0.7121307187644905, 0.4696919505607178, 0.2893031140846539, 0.2893031140846539, 0.28522965210449325, 0.2824923926303117, 0.28101388662668014, 0.28101388662668014, 0.28080719817874267, 0.2807498294914085, 0.28073147007203636, 0.28069541666773434, 0.28057242606905863, 0.2803107295945746, 0.2789408522788833, 0.27818171474082487, 0.27763595311187916, 0.277428960263717, 0.27716469401984467, 0.27711557541928444, 0.277091013441379, 0.27708531362144295, 0.2770843355273098, 0.2770841873177434, 0.27708415270782993, 0.2770841418498283, 0.2770841389903821, 0.2770841378358453, 0.277084136880568, 0.2770841366542731, 0.2770841366198913, 0.2770841366087945, 0.2770841366055308, 0.27708413660496445, 0.2770841366048781, 0.2770841366048623, 0.27708413660485653, 0.2770841366048521, 0.2770841366048503, 0.2770841366048499, 0.27708413660484954, 0.27708413660484954, 0.27708413660484954]}}, "bfgs": {"type": "gradient", "0": {"maxiter": 100, "gtol": 1e-05, "xrtol": 1e-05, "eps": 1e-05, "duration": 0.04006075859069824, "fun": "0.277084137125693", "jac": "[ 4.25881552e-07 -1.49040780e-06 -7.01660952e-07 -3.97688549e-06\n -1.22937216e-06  1.15052412e-06]", "hess_inv": "[[ 4.07130533 -0.17589794 -0.24663926  0.73070262  5.89136616  5.77241613]\n [-0.17589794  3.15399029 -0.30104851 -1.50689106 -1.28390334 -1.64649918]\n [-0.24663926 -0.30104851  3.42192607 -0.59168444  1.2563506   2.41187304]\n [ 0.73070262 -1.50689106 -0.59168444  4.11835249  4.08161165  4.17866073]\n [ 5.89136616 -1.28390334  1.2563506   4.08161165 61.69692257 62.22451394]\n [ 5.77241613 -1.64649918  2.41187304  4.17866073 62.22451394 65.48904393]]", "nfev": "168", "njev": "24", "status": "0", "success": "True", "message": "Optimization terminated successfully.", "x": "[4.88183254 3.96341716 6.57134875 3.39646552 4.44089796 6.34029493]", "nit": "22", "callback": [0.6119507597593186, 0.5087721754576102, 0.3504173352191279, 0.30939924109688255, 0.2881813075415445, 0.2846173498054064, 0.28117582386828766, 0.281106441035333, 0.2810057178849309, 0.2808979936087157, 0.2807156683717863, 0.28040823700684336, 0.2799282719272732, 0.27932584342135913, 0.2786412055492081, 0.277714046616529, 0.2773527405400086, 0.2771532078841129, 0.27708877059893533, 0.2770842807320014, 0.27708413889372974, 0.277084137125693]}, "1": {"maxiter": 100, "gtol": 1e-05, "xrtol": 1e-05, "eps": 1e-10, "duration": 0.0397491455078125, "fun": "0.2770841366523139", "jac": "[ 3.33066880e-06 -1.11022293e-06 -1.11022293e-06 -6.66133760e-06\n -1.11022293e-06  2.22044587e-06]", "hess_inv": "[[ 4.06992844 -0.1828119  -0.23807756  0.74416694  5.96436116  5.84961006]\n [-0.1828119   3.12819567 -0.29885185 -1.47602067 -1.14574493 -1.51119499]\n [-0.23807756 -0.29885185  3.45413331 -0.5728818   1.45108338  2.62949116]\n [ 0.74416694 -1.47602067 -0.5728818   4.10181262  4.05218724  4.16533339]\n [ 5.96436116 -1.14574493  1.45108338  4.05218724 62.2753711  62.96146753]\n [ 5.84961006 -1.51119499  2.62949116  4.16533339 62.96146753 66.39812805]]", "nfev": "168", "njev": "24", "status": "0", "success": "True", "message": "Optimization terminated successfully.", "x": "[4.88186749 3.96341878 6.57135713 3.39647546 4.44112323 6.34052087]", "nit": "22", "callback": [0.6119479110181791, 0.5087697348516482, 0.3504157029448778, 0.3093972819197587, 0.28818114470205847, 0.2846172042680376, 0.28117568604785104, 0.28110627373656116, 0.28100546366734125, 0.28089754943429124, 0.2807151757151528, 0.2804079078777272, 0.2799282058032704, 0.2793245746568851, 0.2786413150598559, 0.27771498769765435, 0.27735247302152566, 0.27715380437131387, 0.2770888777461812, 0.27708428809044283, 0.2770841407367248, 0.2770841366523139]}, "2": {"maxiter": 100, "gtol": 1e-05, "xrtol": 1e-10, "eps": 1e-05, "duration": 0.039489030838012695, "fun": "0.277084137125693", "jac": "[ 4.25881552e-07 -1.49040780e-06 -7.01660952e-07 -3.97688549e-06\n -1.22937216e-06  1.15052412e-06]", "hess_inv": "[[ 4.07130533 -0.17589794 -0.24663926  0.73070262  5.89136616  5.77241613]\n [-0.17589794  3.15399029 -0.30104851 -1.50689106 -1.28390334 -1.64649918]\n [-0.24663926 -0.30104851  3.42192607 -0.59168444  1.2563506   2.41187304]\n [ 0.73070262 -1.50689106 -0.59168444  4.11835249  4.08161165  4.17866073]\n [ 5.89136616 -1.28390334  1.2563506   4.08161165 61.69692257 62.22451394]\n [ 5.77241613 -1.64649918  2.41187304  4.17866073 62.22451394 65.48904393]]", "nfev": "168", "njev": "24", "status": "0", "success": "True", "message": "Optimization terminated successfully.", "x": "[4.88183254 3.96341716 6.57134875 3.39646552 4.44089796 6.34029493]", "nit": "22", "callback": [0.6119507597593186, 0.5087721754576102, 0.3504173352191279, 0.30939924109688255, 0.2881813075415445, 0.2846173498054064, 0.28117582386828766, 0.281106441035333, 0.2810057178849309, 0.2808979936087157, 0.2807156683717863, 0.28040823700684336, 0.2799282719272732, 0.27932584342135913, 0.2786412055492081, 0.277714046616529, 0.2773527405400086, 0.2771532078841129, 0.27708877059893533, 0.2770842807320014, 0.27708413889372974, 0.277084137125693]}, "3": {"maxiter": 100, "gtol": 1e-05, "xrtol": 1e-10, "eps": 1e-10, "duration": 0.039481163024902344, "fun": "0.2770841366523139", "jac": "[ 3.33066880e-06 -1.11022293e-06 -1.11022293e-06 -6.66133760e-06\n -1.11022293e-06  2.22044587e-06]", "hess_inv": "[[ 4.06992844 -0.1828119  -0.23807756  0.74416694  5.96436116  5.84961006]\n [-0.1828119   3.12819567 -0.29885185 -1.47602067 -1.14574493 -1.51119499]\n [-0.23807756 -0.29885185  3.45413331 -0.5728818   1.45108338  2.62949116]\n [ 0.74416694 -1.47602067 -0.5728818   4.10181262  4.05218724  4.16533339]\n [ 5.96436116 -1.14574493  1.45108338  4.05218724 62.2753711  62.96146753]\n [ 5.84961006 -1.51119499  2.62949116  4.16533339 62.96146753 66.39812805]]", "nfev": "168", "njev": "24", "status": "0", "success": "True", "message": "Optimization terminated successfully.", "x": "[4.88186749 3.96341878 6.57135713 3.39647546 4.44112323 6.34052087]", "nit": "22", "callback": [0.6119479110181791, 0.5087697348516482, 0.3504157029448778, 0.3093972819197587, 0.28818114470205847, 0.2846172042680376, 0.28117568604785104, 0.28110627373656116, 0.28100546366734125, 0.28089754943429124, 0.2807151757151528, 0.2804079078777272, 0.2799282058032704, 0.2793245746568851, 0.2786413150598559, 0.27771498769765435, 0.27735247302152566, 0.27715380437131387, 0.2770888777461812, 0.27708428809044283, 0.2770841407367248, 0.2770841366523139]}, "4": {"maxiter": 100, "gtol": 1e-10, "xrtol": 1e-05, "eps": 1e-05, "duration": 0.04145359992980957, "fun": "0.27708413703307044", "jac": "[-2.85083068e-07 -5.32485167e-07 -3.12494475e-07  4.23150404e-07\n -2.29627428e-07  3.21276339e-07]", "hess_inv": "[[ 4.0626651  -0.18028259 -0.25854784  0.71008778  5.73524199  5.59959872]\n [-0.18028259  3.1602932  -0.29104728 -1.56697097 -1.32870687 -1.67604016]\n [-0.25854784 -0.29104728  3.43569874 -0.71344915  1.10593531  2.28310259]\n [ 0.71008778 -1.56697097 -0.71344915  4.35786396  3.50881974  3.42794906]\n [ 5.73524199 -1.32870687  1.10593531  3.50881974 59.01480623 59.33656554]\n [ 5.59959872 -1.67604016  2.28310259  3.42794906 59.33656554 62.42906414]]", "nfev": "175", "njev": "25", "status": "0", "success": "True", "message": "Optimization terminated successfully.", "x": "[4.8818338  3.9634158  6.57134673 3.39648008 4.44091255 6.34030641]", "nit": "23", "callback": [0.6119507597593186, 0.5087721754576102, 0.3504173352191279, 0.30939924109688255, 0.2881813075415445, 0.2846173498054064, 0.28117582386828766, 0.281106441035333, 0.2810057178849309, 0.2808979936087157, 0.2807156683717863, 0.28040823700684336, 0.2799282719272732, 0.27932584342135913, 0.2786412055492081, 0.277714046616529, 0.2773527405400086, 0.2771532078841129, 0.27708877059893533, 0.2770842807320014, 0.27708413889372974, 0.277084137125693, 0.27708413703307044]}, "5": {"maxiter": 100, "gtol": 1e-10, "xrtol": 1e-05, "eps": 1e-10, "duration": 0.043627023696899414, "fun": "0.2770841366317912", "jac": "[ 2.22044587e-06 -1.11022293e-06 -1.11022293e-06 -1.11022293e-06\n  0.00000000e+00 -1.11022293e-06]", "hess_inv": "[[ 4.15939416 -0.13174352 -0.09733063  0.61000415  7.07693204  7.14507962]\n [-0.13174352  3.14528332 -0.26999495 -1.53925555 -0.83345421 -1.16150398]\n [-0.09733063 -0.26999495  3.45582845 -0.72698107  1.8237718   3.00396051]\n [ 0.61000415 -1.53925555 -0.72698107  4.28823483  2.74092281  2.65392846]\n [ 7.07693204 -0.83345421  1.8237718   2.74092281 67.47398166 68.64173645]\n [ 7.14507962 -1.16150398  3.00396051  2.65392846 68.64173645 72.56182055]]", "nfev": "182", "njev": "26", "status": "0", "success": "True", "message": "Optimization terminated successfully.", "x": "[4.88186263 3.96341744 6.57135561 3.39648115 4.44110126 6.34049695]", "nit": "23", "callback": [0.6119479110181791, 0.5087697348516482, 0.3504157029448778, 0.3093972819197587, 0.28818114470205847, 0.2846172042680376, 0.28117568604785104, 0.28110627373656116, 0.28100546366734125, 0.28089754943429124, 0.2807151757151528, 0.2804079078777272, 0.2799282058032704, 0.2793245746568851, 0.2786413150598559, 0.27771498769765435, 0.27735247302152566, 0.27715380437131387, 0.2770888777461812, 0.27708428809044283, 0.2770841407367248, 0.2770841366523139, 0.2770841366317912]}, "6": {"maxiter": 100, "gtol": 1e-10, "xrtol": 1e-10, "eps": 1e-05, "duration": 0.11033821105957031, "fun": "0.27708413703307044", "jac": "[-2.85083068e-07 -5.32485167e-07 -3.12494475e-07  4.23150404e-07\n -2.29627428e-07  3.21276339e-07]", "hess_inv": "[[ 4.07415713 -0.14254204 -0.25838023  0.74334745  5.71704646  5.54812965]\n [-0.14254204  3.06520217 -0.37207994 -1.01935618 -0.72429926 -1.1605985 ]\n [-0.25838023 -0.37207994  3.40531403 -0.54967829  1.35304985  2.53729539]\n [ 0.74334745 -1.01935618 -0.54967829  3.57670397  2.12685964  1.90904749]\n [ 5.71704646 -0.72429926  1.35304985  2.12685964 57.02971111 57.34257874]\n [ 5.54812965 -1.1605985   2.53729539  1.90904749 57.34257874 60.5206419 ]]", "nfev": "467", "njev": "65", "status": "2", "success": "False", "message": "Desired error not necessarily achieved due to precision loss.", "x": "[4.8818338  3.9634158  6.57134673 3.39648008 4.44091255 6.34030641]", "nit": "23", "callback": [0.6119507597593186, 0.5087721754576102, 0.3504173352191279, 0.30939924109688255, 0.2881813075415445, 0.2846173498054064, 0.28117582386828766, 0.281106441035333, 0.2810057178849309, 0.2808979936087157, 0.2807156683717863, 0.28040823700684336, 0.2799282719272732, 0.27932584342135913, 0.2786412055492081, 0.277714046616529, 0.2773527405400086, 0.2771532078841129, 0.27708877059893533, 0.2770842807320014, 0.27708413889372974, 0.277084137125693, 0.27708413703307044]}, "7": {"maxiter": 100, "gtol": 1e-10, "xrtol": 1e-10, "eps": 1e-10, "duration": 0.11366510391235352, "fun": "0.277084136608322", "jac": "[0.00000000e+00 0.00000000e+00 2.22044587e-06 2.22044587e-06\n 2.22044587e-06 2.22044587e-06]", "hess_inv": "[[ 0.98634884 -0.69809884  0.09077086  0.26724688 -0.72201952  0.26673269]\n [-0.69809884  0.76327194  0.13360554 -0.23106842  0.21405605 -0.11360911]\n [ 0.09077086  0.13360554  0.35721767  0.037063   -0.42668345 -0.05352797]\n [ 0.26724688 -0.23106842  0.037063    0.17603214 -0.22300488  0.00178158]\n [-0.72201952  0.21405605 -0.42668345 -0.22300488  1.07800327 -0.24802299]\n [ 0.26673269 -0.11360911 -0.05352797  0.00178158 -0.24802299  0.26401723]]", "nfev": "488", "njev": "68", "status": "2", "success": "False", "message": "Desired error not necessarily achieved due to precision loss.", "x": "[4.88185621 3.96341938 6.57136063 3.39648722 4.44111988 6.34051803]", "nit": "29", "callback": [0.6119479110181791, 0.5087697348516482, 0.3504157029448778, 0.3093972819197587, 0.28818114470205847, 0.2846172042680376, 0.28117568604785104, 0.28110627373656116, 0.28100546366734125, 0.28089754943429124, 0.2807151757151528, 0.2804079078777272, 0.2799282058032704, 0.2793245746568851, 0.2786413150598559, 0.27771498769765435, 0.27735247302152566, 0.27715380437131387, 0.2770888777461812, 0.27708428809044283, 0.2770841407367248, 0.2770841366523139, 0.2770841366317912, 0.2770841366109583, 0.27708413660893727, 0.2770841366085611, 0.27708413660845055, 0.2770841366083726, 0.277084136608322]}, "8": {"maxiter": 500, "gtol": 1e-05, "xrtol": 1e-05, "eps": 1e-05, "duration": 0.03971076011657715, "fun": "0.277084137125693", "jac": "[ 4.25881552e-07 -1.49040780e-06 -7.01660952e-07 -3.97688549e-06\n -1.22937216e-06  1.15052412e-06]", "hess_inv": "[[ 4.07130533 -0.17589794 -0.24663926  0.73070262  5.89136616  5.77241613]\n [-0.17589794  3.15399029 -0.30104851 -1.50689106 -1.28390334 -1.64649918]\n [-0.24663926 -0.30104851  3.42192607 -0.59168444  1.2563506   2.41187304]\n [ 0.73070262 -1.50689106 -0.59168444  4.11835249  4.08161165  4.17866073]\n [ 5.89136616 -1.28390334  1.2563506   4.08161165 61.69692257 62.22451394]\n [ 5.77241613 -1.64649918  2.41187304  4.17866073 62.22451394 65.48904393]]", "nfev": "168", "njev": "24", "status": "0", "success": "True", "message": "Optimization terminated successfully.", "x": "[4.88183254 3.96341716 6.57134875 3.39646552 4.44089796 6.34029493]", "nit": "22", "callback": [0.6119507597593186, 0.5087721754576102, 0.3504173352191279, 0.30939924109688255, 0.2881813075415445, 0.2846173498054064, 0.28117582386828766, 0.281106441035333, 0.2810057178849309, 0.2808979936087157, 0.2807156683717863, 0.28040823700684336, 0.2799282719272732, 0.27932584342135913, 0.2786412055492081, 0.277714046616529, 0.2773527405400086, 0.2771532078841129, 0.27708877059893533, 0.2770842807320014, 0.27708413889372974, 0.277084137125693]}, "9": {"maxiter": 500, "gtol": 1e-05, "xrtol": 1e-05, "eps": 1e-10, "duration": 0.03899097442626953, "fun": "0.2770841366523139", "jac": "[ 3.33066880e-06 -1.11022293e-06 -1.11022293e-06 -6.66133760e-06\n -1.11022293e-06  2.22044587e-06]", "hess_inv": "[[ 4.06992844 -0.1828119  -0.23807756  0.74416694  5.96436116  5.84961006]\n [-0.1828119   3.12819567 -0.29885185 -1.47602067 -1.14574493 -1.51119499]\n [-0.23807756 -0.29885185  3.45413331 -0.5728818   1.45108338  2.62949116]\n [ 0.74416694 -1.47602067 -0.5728818   4.10181262  4.05218724  4.16533339]\n [ 5.96436116 -1.14574493  1.45108338  4.05218724 62.2753711  62.96146753]\n [ 5.84961006 -1.51119499  2.62949116  4.16533339 62.96146753 66.39812805]]", "nfev": "168", "njev": "24", "status": "0", "success": "True", "message": "Optimization terminated successfully.", "x": "[4.88186749 3.96341878 6.57135713 3.39647546 4.44112323 6.34052087]", "nit": "22", "callback": [0.6119479110181791, 0.5087697348516482, 0.3504157029448778, 0.3093972819197587, 0.28818114470205847, 0.2846172042680376, 0.28117568604785104, 0.28110627373656116, 0.28100546366734125, 0.28089754943429124, 0.2807151757151528, 0.2804079078777272, 0.2799282058032704, 0.2793245746568851, 0.2786413150598559, 0.27771498769765435, 0.27735247302152566, 0.27715380437131387, 0.2770888777461812, 0.27708428809044283, 0.2770841407367248, 0.2770841366523139]}, "10": {"maxiter": 500, "gtol": 1e-05, "xrtol": 1e-10, "eps": 1e-05, "duration": 0.039177894592285156, "fun": "0.277084137125693", "jac": "[ 4.25881552e-07 -1.49040780e-06 -7.01660952e-07 -3.97688549e-06\n -1.22937216e-06  1.15052412e-06]", "hess_inv": "[[ 4.07130533 -0.17589794 -0.24663926  0.73070262  5.89136616  5.77241613]\n [-0.17589794  3.15399029 -0.30104851 -1.50689106 -1.28390334 -1.64649918]\n [-0.24663926 -0.30104851  3.42192607 -0.59168444  1.2563506   2.41187304]\n [ 0.73070262 -1.50689106 -0.59168444  4.11835249  4.08161165  4.17866073]\n [ 5.89136616 -1.28390334  1.2563506   4.08161165 61.69692257 62.22451394]\n [ 5.77241613 -1.64649918  2.41187304  4.17866073 62.22451394 65.48904393]]", "nfev": "168", "njev": "24", "status": "0", "success": "True", "message": "Optimization terminated successfully.", "x": "[4.88183254 3.96341716 6.57134875 3.39646552 4.44089796 6.34029493]", "nit": "22", "callback": [0.6119507597593186, 0.5087721754576102, 0.3504173352191279, 0.30939924109688255, 0.2881813075415445, 0.2846173498054064, 0.28117582386828766, 0.281106441035333, 0.2810057178849309, 0.2808979936087157, 0.2807156683717863, 0.28040823700684336, 0.2799282719272732, 0.27932584342135913, 0.2786412055492081, 0.277714046616529, 0.2773527405400086, 0.2771532078841129, 0.27708877059893533, 0.2770842807320014, 0.27708413889372974, 0.277084137125693]}, "11": {"maxiter": 500, "gtol": 1e-05, "xrtol": 1e-10, "eps": 1e-10, "duration": 0.039752960205078125, "fun": "0.2770841366523139", "jac": "[ 3.33066880e-06 -1.11022293e-06 -1.11022293e-06 -6.66133760e-06\n -1.11022293e-06  2.22044587e-06]", "hess_inv": "[[ 4.06992844 -0.1828119  -0.23807756  0.74416694  5.96436116  5.84961006]\n [-0.1828119   3.12819567 -0.29885185 -1.47602067 -1.14574493 -1.51119499]\n [-0.23807756 -0.29885185  3.45413331 -0.5728818   1.45108338  2.62949116]\n [ 0.74416694 -1.47602067 -0.5728818   4.10181262  4.05218724  4.16533339]\n [ 5.96436116 -1.14574493  1.45108338  4.05218724 62.2753711  62.96146753]\n [ 5.84961006 -1.51119499  2.62949116  4.16533339 62.96146753 66.39812805]]", "nfev": "168", "njev": "24", "status": "0", "success": "True", "message": "Optimization terminated successfully.", "x": "[4.88186749 3.96341878 6.57135713 3.39647546 4.44112323 6.34052087]", "nit": "22", "callback": [0.6119479110181791, 0.5087697348516482, 0.3504157029448778, 0.3093972819197587, 0.28818114470205847, 0.2846172042680376, 0.28117568604785104, 0.28110627373656116, 0.28100546366734125, 0.28089754943429124, 0.2807151757151528, 0.2804079078777272, 0.2799282058032704, 0.2793245746568851, 0.2786413150598559, 0.27771498769765435, 0.27735247302152566, 0.27715380437131387, 0.2770888777461812, 0.27708428809044283, 0.2770841407367248, 0.2770841366523139]}, "12": {"maxiter": 500, "gtol": 1e-10, "xrtol": 1e-05, "eps": 1e-05, "duration": 0.040914058685302734, "fun": "0.27708413703307044", "jac": "[-2.85083068e-07 -5.32485167e-07 -3.12494475e-07  4.23150404e-07\n -2.29627428e-07  3.21276339e-07]", "hess_inv": "[[ 4.0626651  -0.18028259 -0.25854784  0.71008778  5.73524199  5.59959872]\n [-0.18028259  3.1602932  -0.29104728 -1.56697097 -1.32870687 -1.67604016]\n [-0.25854784 -0.29104728  3.43569874 -0.71344915  1.10593531  2.28310259]\n [ 0.71008778 -1.56697097 -0.71344915  4.35786396  3.50881974  3.42794906]\n [ 5.73524199 -1.32870687  1.10593531  3.50881974 59.01480623 59.33656554]\n [ 5.59959872 -1.67604016  2.28310259  3.42794906 59.33656554 62.42906414]]", "nfev": "175", "njev": "25", "status": "0", "success": "True", "message": "Optimization terminated successfully.", "x": "[4.8818338  3.9634158  6.57134673 3.39648008 4.44091255 6.34030641]", "nit": "23", "callback": [0.6119507597593186, 0.5087721754576102, 0.3504173352191279, 0.30939924109688255, 0.2881813075415445, 0.2846173498054064, 0.28117582386828766, 0.281106441035333, 0.2810057178849309, 0.2808979936087157, 0.2807156683717863, 0.28040823700684336, 0.2799282719272732, 0.27932584342135913, 0.2786412055492081, 0.277714046616529, 0.2773527405400086, 0.2771532078841129, 0.27708877059893533, 0.2770842807320014, 0.27708413889372974, 0.277084137125693, 0.27708413703307044]}, "13": {"maxiter": 500, "gtol": 1e-10, "xrtol