{"date": "2024/09/25/, 20:31:50", "conf_id": 311, "data_type": "var_s_rank\n", "num_data_points": 4, "s_rank": 0, "unitary": "[[-0.56303964-0.00798273j,-0.21670212-0.15784972j,-0.06047197-0.73952673j,-0.01438004+0.24552571j],[-0.06976756+0.23474685j,-0.01275565-0.5435098j,-0.02703657-0.08917885j,-0.08210486-0.79311774j],[-0.38559961+0.10714929j,0.5933431-0.2687392j,-0.24060861+0.29149289j,-0.45147719+0.26241743j],[-0.50180421+0.45931857j,-0.11617175+0.44134496j,0.49642745+0.22684508j,-0.08544628-0.15407063j]]", "databatch_0": {"databatch": "[[[0.38445201-0.12383804j,-0.01661095+0.19626534j,0.04275376+0.29942142j,0.07154232+0.14107791j],[0.32263382-0.11923866j,-0.13247018-0.06867135j,0.10894137+0.14210944j,-0.05952447-0.10504585j],[0.1930812+0.07342762j,0.27258926-0.05701464j,-0.03444003+0.16292678j,-0.39118406+0.03547135j],[0.05829488-0.14747408j,0.11146329+0.1379524j,-0.15787747-0.32511933j,-0.01544304-0.06809272j]],[[0.07905436+0.12826864j,0.06536579-0.093526j,-0.00179638+0.14047022j,0.40745539-0.19396048j],[0.06054196+0.17971749j,-0.00813215+0.04957619j,-0.05615522+0.12929892j,0.38890488+0.01754155j],[-0.04612788-0.151793j,-0.09419421-0.02308093j,0.06009679-0.12969977j,-0.44607409-0.02767487j],[0.16244183-0.05971408j,0.07526225-0.08687952j,0.13412933+0.066353j,0.06236918-0.45473444j]],[[0.1045494+0.16770941j,-0.21579076-0.22078454j,-0.05071254-0.35031096j,-0.19721555+0.00754822j],[0.21548228+0.08629443j,-0.35872825-0.09194116j,0.00528453-0.17907672j,-0.00287586-0.05577959j],[-0.1139981+0.15745263j,0.13770391-0.18781532j,-0.08460753+0.10420629j,0.01193951+0.20375831j],[-0.29310354-0.07490381j,0.36068142+0.09706902j,-0.11453745+0.2353255j,-0.03521757+0.15061319j]],[[-0.19709533-0.03677552j,0.26893668+0.10248673j,0.03592212+0.00676681j,0.09119216-0.04318104j],[-0.02467959-0.0746978j,-0.18035072-0.03452573j,-0.09948112-0.04361709j,-0.00374046+0.06338358j],[-0.21327111-0.19514035j,-0.39599771+0.47386766j,-0.25592295+0.14613797j,0.1742931+0.15786718j],[-0.16595898-0.34244626j,0.04971928-0.0276778j,-0.04788323-0.201911j,0.05368525+0.09295781j]]]", "initial param values": "[4.15451275,2.79476291,0.33112192,5.52610956,0.49609035,3.71329351]", "nelder_mead": {"type": "gradient-free", "0": {"maxiter": 100, "fatol": 1e-05, "xatol": 1e-05, "duration": 0.055883169174194336, "fun": "0.6096345877140803", "nit": "100", "nfev": "156", "status": "2", "success": "False", "message": "Maximum number of iterations has been exceeded.", "x": "[5.18933846 0.77639674 0.53346951 4.49894877 0.05346454 4.19091928]", "final_simplex": "(array([[ 5.18933846,  0.77639674,  0.53346951,  4.49894877,  0.05346454,\n         4.19091928],\n       [ 5.50894989,  0.75003599,  0.53659773,  4.32101777, -0.04235369,\n         4.35186616],\n       [ 5.31329064,  0.74425324,  0.50851361,  4.61055242,  0.12316774,\n         4.14285522],\n       [ 5.27237402,  0.74583922,  0.52151471,  4.64201378,  0.13426698,\n         4.09445847],\n       [ 5.34813976,  0.68659876,  0.54354331,  4.42117123, -0.01243776,\n         4.33242574],\n       [ 5.46912774,  0.85034515,  0.51855798,  4.22934033,  0.01455906,\n         4.30557434],\n       [ 5.33604151,  0.6918861 ,  0.53820115,  4.3825507 ,  0.06216618,\n         4.17577195]]), array([0.60963459, 0.60993596, 0.60998494, 0.61004539, 0.61034183,\n       0.61127714, 0.61152216]))", "callback": [0.8008020671867987, 0.7461195434984551, 0.6849401625015379, 0.6386999152738726, 0.635831425008043, 0.6340960011180327, 0.6332747409776709, 0.6289856136402665, 0.6154379362831844, 0.6112771425736487]}, "1": {"maxiter": 100, "fatol": 1e-05, "xatol": 1e-10, "duration": 0.05655813217163086, "fun": "0.6096345877140803", "nit": "100", "nfev": "156", "status": "2", "success": "False", "message": "Maximum number of iterations has been exceeded.", "x": "[5.18933846 0.77639674 0.53346951 4.49894877 0.05346454 4.19091928]", "final_simplex": "(array([[ 5.18933846,  0.77639674,  0.53346951,  4.49894877,  0.05346454,\n         4.19091928],\n       [ 5.50894989,  0.75003599,  0.53659773,  4.32101777, -0.04235369,\n         4.35186616],\n       [ 5.31329064,  0.74425324,  0.50851361,  4.61055242,  0.12316774,\n         4.14285522],\n       [ 5.27237402,  0.74583922,  0.52151471,  4.64201378,  0.13426698,\n         4.09445847],\n       [ 5.34813976,  0.68659876,  0.54354331,  4.42117123, -0.01243776,\n         4.33242574],\n       [ 5.46912774,  0.85034515,  0.51855798,  4.22934033,  0.01455906,\n         4.30557434],\n       [ 5.33604151,  0.6918861 ,  0.53820115,  4.3825507 ,  0.06216618,\n         4.17577195]]), array([0.60963459, 0.60993596, 0.60998494, 0.61004539, 0.61034183,\n       0.61127714, 0.61152216]))", "callback": [0.8008020671867987, 0.7461195434984551, 0.6849401625015379, 0.6386999152738726, 0.635831425008043, 0.6340960011180327, 0.6332747409776709, 0.6289856136402665, 0.6154379362831844, 0.6112771425736487]}, "2": {"maxiter": 100, "fatol": 1e-10, "xatol": 1e-05, "duration": 0.05011391639709473, "fun": "0.6096345877140803", "nit": "100", "nfev": "156", "status": "2", "success": "False", "message": "Maximum number of iterations has been exceeded.", "x": "[5.18933846 0.77639674 0.53346951 4.49894877 0.05346454 4.19091928]", "final_simplex": "(array([[ 5.18933846,  0.77639674,  0.53346951,  4.49894877,  0.05346454,\n         4.19091928],\n       [ 5.50894989,  0.75003599,  0.53659773,  4.32101777, -0.04235369,\n         4.35186616],\n       [ 5.31329064,  0.74425324,  0.50851361,  4.61055242,  0.12316774,\n         4.14285522],\n       [ 5.27237402,  0.74583922,  0.52151471,  4.64201378,  0.13426698,\n         4.09445847],\n       [ 5.34813976,  0.68659876,  0.54354331,  4.42117123, -0.01243776,\n         4.33242574],\n       [ 5.46912774,  0.85034515,  0.51855798,  4.22934033,  0.01455906,\n         4.30557434],\n       [ 5.33604151,  0.6918861 ,  0.53820115,  4.3825507 ,  0.06216618,\n         4.17577195]]), array([0.60963459, 0.60993596, 0.60998494, 0.61004539, 0.61034183,\n       0.61127714, 0.61152216]))", "callback": [0.8008020671867987, 0.7461195434984551, 0.6849401625015379, 0.6386999152738726, 0.635831425008043, 0.6340960011180327, 0.6332747409776709, 0.6289856136402665, 0.6154379362831844, 0.6112771425736487]}, "3": {"maxiter": 100, "fatol": 1e-10, "xatol": 1e-10, "duration": 0.05035281181335449, "fun": "0.6096345877140803", "nit": "100", "nfev": "156", "status": "2", "success": "False", "message": "Maximum number of iterations has been exceeded.", "x": "[5.18933846 0.77639674 0.53346951 4.49894877 0.05346454 4.19091928]", "final_simplex": "(array([[ 5.18933846,  0.77639674,  0.53346951,  4.49894877,  0.05346454,\n         4.19091928],\n       [ 5.50894989,  0.75003599,  0.53659773,  4.32101777, -0.04235369,\n         4.35186616],\n       [ 5.31329064,  0.74425324,  0.50851361,  4.61055242,  0.12316774,\n         4.14285522],\n       [ 5.27237402,  0.74583922,  0.52151471,  4.64201378,  0.13426698,\n         4.09445847],\n       [ 5.34813976,  0.68659876,  0.54354331,  4.42117123, -0.01243776,\n         4.33242574],\n       [ 5.46912774,  0.85034515,  0.51855798,  4.22934033,  0.01455906,\n         4.30557434],\n       [ 5.33604151,  0.6918861 ,  0.53820115,  4.3825507 ,  0.06216618,\n         4.17577195]]), array([0.60963459, 0.60993596, 0.60998494, 0.61004539, 0.61034183,\n       0.61127714, 0.61152216]))", "callback": [0.8008020671867987, 0.7461195434984551, 0.6849401625015379, 0.6386999152738726, 0.635831425008043, 0.6340960011180327, 0.6332747409776709, 0.6289856136402665, 0.6154379362831844, 0.6112771425736487]}, "4": {"maxiter": 500, "fatol": 1e-05, "xatol": 1e-05, "duration": 0.24824905395507812, "fun": "0.3896361186375896", "nit": "500", "nfev": "768", "status": "2", "success": "False", "message": "Maximum number of iterations has been exceeded.", "x": "[ 7.1397577  -0.53704941  0.86135464  4.06958946 -2.39446955  2.45683692]", "final_simplex": "(array([[ 7.1397577 , -0.53704941,  0.86135464,  4.06958946, -2.39446955,\n         2.45683692],\n       [ 7.135101  , -0.52786708,  0.8567251 ,  4.06997467, -2.39906412,\n         2.44767423],\n       [ 7.13548519, -0.53696205,  0.86288372,  4.0645591 , -2.39067121,\n         2.45604332],\n       [ 7.13419921, -0.53821413,  0.86482432,  4.06586779, -2.39489935,\n         2.45481048],\n       [ 7.13611542, -0.53530957,  0.85754371,  4.06982191, -2.39475174,\n         2.45517332],\n       [ 7.13780068, -0.54242168,  0.87089265,  4.06426662, -2.38393927,\n         2.46285605],\n       [ 7.13555026, -0.53743543,  0.86647994,  4.06601903, -2.38705268,\n         2.46138997]]), array([0.38963612, 0.38963791, 0.38963909, 0.38964022, 0.38964152,\n       0.3896426 , 0.38964296]))", "callback": [0.8008020671867987, 0.7461195434984551, 0.6849401625015379, 0.6386999152738726, 0.635831425008043, 0.6340960011180327, 0.6332747409776709, 0.6289856136402665, 0.6154379362831844, 0.6112771425736487, 0.6092774205872492, 0.6068159124960976, 0.605191382454848, 0.6035130188800663, 0.602161703317664, 0.5919569005755978, 0.5351453989823566, 0.5255098071674054, 0.5016210142500734, 0.49137749766736216, 0.48173266203759035, 0.4383244421775493, 0.4262435077102298, 0.41737590684392445, 0.41473660335848594, 0.41036925773830224, 0.40827708726203205, 0.406372988878249, 0.4044477562601707, 0.39972448026211493, 0.39866837201126715, 0.39724919092598754, 0.39686678338484405, 0.396750798276432, 0.39672176164893236, 0.39671305059640016, 0.39670900792471864, 0.3966974511345751, 0.3966414651386939, 0.3964893480755425, 0.3960933690579158, 0.3946577000127409, 0.39387249999720964, 0.393046952483044, 0.3916134061114367, 0.3902281228897144, 0.38992596861709705, 0.38968431299404793, 0.38966157336511376, 0.3896429556082325]}, "5": {"maxiter": 500, "fatol": 1e-05, "xatol": 1e-10, "duration": 0.2813377380371094, "fun": "0.3896361186375896", "nit": "500", "nfev": "768", "status": "2", "success": "False", "message": "Maximum number of iterations has been exceeded.", "x": "[ 7.1397577  -0.53704941  0.86135464  4.06958946 -2.39446955  2.45683692]", "final_simplex": "(array([[ 7.1397577 , -0.53704941,  0.86135464,  4.06958946, -2.39446955,\n         2.45683692],\n       [ 7.135101  , -0.52786708,  0.8567251 ,  4.06997467, -2.39906412,\n         2.44767423],\n       [ 7.13548519, -0.53696205,  0.86288372,  4.0645591 , -2.39067121,\n         2.45604332],\n       [ 7.13419921, -0.53821413,  0.86482432,  4.06586779, -2.39489935,\n         2.45481048],\n       [ 7.13611542, -0.53530957,  0.85754371,  4.06982191, -2.39475174,\n         2.45517332],\n       [ 7.13780068, -0.54242168,  0.87089265,  4.06426662, -2.38393927,\n         2.46285605],\n       [ 7.13555026, -0.53743543,  0.86647994,  4.06601903, -2.38705268,\n         2.46138997]]), array([0.38963612, 0.38963791, 0.38963909, 0.38964022, 0.38964152,\n       0.3896426 , 0.38964296]))", "callback": [0.8008020671867987, 0.7461195434984551, 0.6849401625015379, 0.6386999152738726, 0.635831425008043, 0.6340960011180327, 0.6332747409776709, 0.6289856136402665, 0.6154379362831844, 0.6112771425736487, 0.6092774205872492, 0.6068159124960976, 0.605191382454848, 0.6035130188800663, 0.602161703317664, 0.5919569005755978, 0.5351453989823566, 0.5255098071674054, 0.5016210142500734, 0.49137749766736216, 0.48173266203759035, 0.4383244421775493, 0.4262435077102298, 0.41737590684392445, 0.41473660335848594, 0.41036925773830224, 0.40827708726203205, 0.406372988878249, 0.4044477562601707, 0.39972448026211493, 0.39866837201126715, 0.39724919092598754, 0.39686678338484405, 0.396750798276432, 0.39672176164893236, 0.39671305059640016, 0.39670900792471864, 0.3966974511345751, 0.3966414651386939, 0.3964893480755425, 0.3960933690579158, 0.3946577000127409, 0.39387249999720964, 0.393046952483044, 0.3916134061114367, 0.3902281228897144, 0.38992596861709705, 0.38968431299404793, 0.38966157336511376, 0.3896429556082325]}, "6": {"maxiter": 500, "fatol": 1e-10, "xatol": 1e-05, "duration": 0.25504612922668457, "fun": "0.3896361186375896", "nit": "500", "nfev": "768", "status": "2", "success": "False", "message": "Maximum number of iterations has been exceeded.", "x": "[ 7.1397577  -0.53704941  0.86135464  4.06958946 -2.39446955  2.45683692]", "final_simplex": "(array([[ 7.1397577 , -0.53704941,  0.86135464,  4.06958946, -2.39446955,\n         2.45683692],\n       [ 7.135101  , -0.52786708,  0.8567251 ,  4.06997467, -2.39906412,\n         2.44767423],\n       [ 7.13548519, -0.53696205,  0.86288372,  4.0645591 , -2.39067121,\n         2.45604332],\n       [ 7.13419921, -0.53821413,  0.86482432,  4.06586779, -2.39489935,\n         2.45481048],\n       [ 7.13611542, -0.53530957,  0.85754371,  4.06982191, -2.39475174,\n         2.45517332],\n       [ 7.13780068, -0.54242168,  0.87089265,  4.06426662, -2.38393927,\n         2.46285605],\n       [ 7.13555026, -0.53743543,  0.86647994,  4.06601903, -2.38705268,\n         2.46138997]]), array([0.38963612, 0.38963791, 0.38963909, 0.38964022, 0.38964152,\n       0.3896426 , 0.38964296]))", "callback": [0.8008020671867987, 0.7461195434984551, 0.6849401625015379, 0.6386999152738726, 0.635831425008043, 0.6340960011180327, 0.6332747409776709, 0.6289856136402665, 0.6154379362831844, 0.6112771425736487, 0.6092774205872492, 0.6068159124960976, 0.605191382454848, 0.6035130188800663, 0.602161703317664, 0.5919569005755978, 0.5351453989823566, 0.5255098071674054, 0.5016210142500734, 0.49137749766736216, 0.48173266203759035, 0.4383244421775493, 0.4262435077102298, 0.41737590684392445, 0.41473660335848594, 0.41036925773830224, 0.40827708726203205, 0.406372988878249, 0.4044477562601707, 0.39972448026211493, 0.39866837201126715, 0.39724919092598754, 0.39686678338484405, 0.396750798276432, 0.39672176164893236, 0.39671305059640016, 0.39670900792471864, 0.3966974511345751, 0.3966414651386939, 0.3964893480755425, 0.3960933690579158, 0.3946577000127409, 0.39387249999720964, 0.393046952483044, 0.3916134061114367, 0.3902281228897144, 0.38992596861709705, 0.38968431299404793, 0.38966157336511376, 0.3896429556082325]}, "7": {"maxiter": 500, "fatol": 1e-10, "xatol": 1e-10, "duration": 0.2522459030151367, "fun": "0.3896361186375896", "nit": "500", "nfev": "768", "status": "2", "success": "False", "message": "Maximum number of iterations has been exceeded.", "x": "[ 7.1397577  -0.53704941  0.86135464  4.06958946 -2.39446955  2.45683692]", "final_simplex": "(array([[ 7.1397577 , -0.53704941,  0.86135464,  4.06958946, -2.39446955,\n         2.45683692],\n       [ 7.135101  , -0.52786708,  0.8567251 ,  4.06997467, -2.39906412,\n         2.44767423],\n       [ 7.13548519, -0.53696205,  0.86288372,  4.0645591 , -2.39067121,\n         2.45604332],\n       [ 7.13419921, -0.53821413,  0.86482432,  4.06586779, -2.39489935,\n         2.45481048],\n       [ 7.13611542, -0.53530957,  0.85754371,  4.06982191, -2.39475174,\n         2.45517332],\n       [ 7.13780068, -0.54242168,  0.87089265,  4.06426662, -2.38393927,\n         2.46285605],\n       [ 7.13555026, -0.53743543,  0.86647994,  4.06601903, -2.38705268,\n         2.46138997]]), array([0.38963612, 0.38963791, 0.38963909, 0.38964022, 0.38964152,\n       0.3896426 , 0.38964296]))", "callback": [0.8008020671867987, 0.7461195434984551, 0.6849401625015379, 0.6386999152738726, 0.635831425008043, 0.6340960011180327, 0.6332747409776709, 0.6289856136402665, 0.6154379362831844, 0.6112771425736487, 0.6092774205872492, 0.6068159124960976, 0.605191382454848, 0.6035130188800663, 0.602161703317664, 0.5919569005755978, 0.5351453989823566, 0.5255098071674054, 0.5016210142500734, 0.49137749766736216, 0.48173266203759035, 0.4383244421775493, 0.4262435077102298, 0.41737590684392445, 0.41473660335848594, 0.41036925773830224, 0.40827708726203205, 0.406372988878249, 0.4044477562601707, 0.39972448026211493, 0.39866837201126715, 0.39724919092598754, 0.39686678338484405, 0.396750798276432, 0.39672176164893236, 0.39671305059640016, 0.39670900792471864, 0.3966974511345751, 0.3966414651386939, 0.3964893480755425, 0.3960933690579158, 0.3946577000127409, 0.39387249999720964, 0.393046952483044, 0.3916134061114367, 0.3902281228897144, 0.38992596861709705, 0.38968431299404793, 0.38966157336511376, 0.3896429556082325]}, "8": {"maxiter": 1000, "fatol": 1e-05, "xatol": 1e-05, "duration": 0.3203010559082031, "fun": "0.3896270121106331", "nit": "651", "nfev": "1006", "status": "0", "success": "True", "message": "Optimization terminated successfully.", "x": "[ 7.14432999 -0.53285875  0.86335301  4.06525324 -2.39700329  2.44897047]", "final_simplex": "(array([[ 7.14432999, -0.53285875,  0.86335301,  4.06525324, -2.39700329,\n         2.44897047],\n       [ 7.14433027, -0.53285709,  0.8633484 ,  4.06525586, -2.39700459,\n         2.44896874],\n       [ 7.14432387, -0.53285781,  0.86334811,  4.06525294, -2.3970054 ,\n         2.44896793],\n       [ 7.14432911, -0.53286155,  0.86335237,  4.06525662, -2.39700316,\n         2.44896947],\n       [ 7.14433065, -0.53285912,  0.86335272,  4.0652535 , -2.39699816,\n         2.44897135],\n       [ 7.14433275, -0.53286684,  0.86335298,  4.06525027, -2.39699847,\n         2.44897643],\n       [ 7.14432944, -0.53286359,  0.86335421,  4.06525085, -2.3969982 ,\n         2.44897896]]), array([0.38962701, 0.38962701, 0.38962701, 0.38962701, 0.38962701,\n       0.38962701, 0.38962701]))", "callback": [0.8008020671867987, 0.7461195434984551, 0.6849401625015379, 0.6386999152738726, 0.635831425008043, 0.6340960011180327, 0.6332747409776709, 0.6289856136402665, 0.6154379362831844, 0.6112771425736487, 0.6092774205872492, 0.6068159124960976, 0.605191382454848, 0.6035130188800663, 0.602161703317664, 0.5919569005755978, 0.5351453989823566, 0.5255098071674054, 0.5016210142500734, 0.49137749766736216, 0.48173266203759035, 0.4383244421775493, 0.4262435077102298, 0.41737590684392445, 0.41473660335848594, 0.41036925773830224, 0.40827708726203205, 0.406372988878249, 0.4044477562601707, 0.39972448026211493, 0.39866837201126715, 0.39724919092598754, 0.39686678338484405, 0.396750798276432, 0.39672176164893236, 0.39671305059640016, 0.39670900792471864, 0.3966974511345751, 0.3966414651386939, 0.3964893480755425, 0.3960933690579158, 0.3946577000127409, 0.39387249999720964, 0.393046952483044, 0.3916134061114367, 0.3902281228897144, 0.38992596861709705, 0.38968431299404793, 0.38966157336511376, 0.3896429556082325, 0.3896361186375896, 0.38962922246693144, 0.38962833442692413, 0.3896275636710158, 0.38962712735092797, 0.3896270519160492, 0.3896270187136385, 0.38962701484085005, 0.3896270134301262, 0.38962701252774723, 0.38962701252774723, 0.38962701228669083, 0.38962701216121187, 0.3896270121198332, 0.3896270121112987, 0.3896270121106331]}, "9": {"maxiter": 1000, "fatol": 1e-05, "xatol": 1e-10, "duration": 0.3992760181427002, "fun": "0.38962701210579653", "nit": "773", "nfev": "1263", "status": "0", "success": "True", "message": "Optimization terminated successfully.", "x": "[ 7.14432995 -0.53286114  0.86335356  4.06524893 -2.3970061   2.44896728]", "final_simplex": "(array([[ 7.14432995, -0.53286114,  0.86335356,  4.06524893, -2.3970061 ,\n         2.44896728],\n       [ 7.14432995, -0.53286114,  0.86335356,  4.06524893, -2.3970061 ,\n         2.44896728],\n       [ 7.14432995, -0.53286114,  0.86335356,  4.06524893, -2.3970061 ,\n         2.44896728],\n       [ 7.14432995, -0.53286114,  0.86335356,  4.06524893, -2.3970061 ,\n         2.44896728],\n       [ 7.14432995, -0.53286114,  0.86335356,  4.06524893, -2.3970061 ,\n         2.44896728],\n       [ 7.14432995, -0.53286114,  0.86335356,  4.06524893, -2.3970061 ,\n         2.44896728],\n       [ 7.14432995, -0.53286114,  0.86335356,  4.06524893, -2.3970061 ,\n         2.44896728]]), array([0.38962701, 0.38962701, 0.38962701, 0.38962701, 0.38962701,\n       0.38962701, 0.38962701]))", "callback": [0.8008020671867987, 0.7461195434984551, 0.6849401625015379, 0.6386999152738726, 0.635831425008043, 0.6340960011180327, 0.6332747409776709, 0.6289856136402665, 0.6154379362831844, 0.6112771425736487, 0.6092774205872492, 0.6068159124960976, 0.605191382454848, 0.6035130188800663, 0.602161703317664, 0.5919569005755978, 0.5351453989823566, 0.5255098071674054, 0.5016210142500734, 0.49137749766736216, 0.48173266203759035, 0.4383244421775493, 0.4262435077102298, 0.41737590684392445, 0.41473660335848594, 0.41036925773830224, 0.40827708726203205, 0.406372988878249, 0.4044477562601707, 0.39972448026211493, 0.39866837201126715, 0.39724919092598754, 0.39686678338484405, 0.396750798276432, 0.39672176164893236, 0.39671305059640016, 0.39670900792471864, 0.3966974511345751, 0.3966414651386939, 0.3964893480755425, 0.3960933690579158, 0.3946577000127409, 0.39387249999720964, 0.393046952483044, 0.3916134061114367, 0.3902281228897144, 0.38992596861709705, 0.38968431299404793, 0.38966157336511376, 0.3896429556082325, 0.3896361186375896, 0.38962922246693144, 0.38962833442692413, 0.3896275636710158, 0.38962712735092797, 0.3896270519160492, 0.3896270187136385, 0.38962701484085005, 0.3896270134301262, 0.38962701252774723, 0.38962701252774723, 0.38962701228669083, 0.38962701216121187, 0.3896270121198332, 0.3896270121112987, 0.3896270121106331, 0.3896270121074775, 0.38962701210634965, 0.3896270121060045, 0.3896270121059504, 0.3896270121058142, 0.38962701210580875, 0.3896270121058003, 0.3896270121057981, 0.389627012105797, 0.38962701210579676, 0.38962701210579653, 0.38962701210579653]}, "10": {"maxiter": 1000, "fatol": 1e-10, "xatol": 1e-05, "duration": 0.3055379390716553, "fun": "0.3896270121106331", "nit": "651", "nfev": "1006", "status": "0", "success": "True", "message": "Optimization terminated successfully.", "x": "[ 7.14432999 -0.53285875  0.86335301  4.06525324 -2.39700329  2.44897047]", "final_simplex": "(array([[ 7.14432999, -0.53285875,  0.86335301,  4.06525324, -2.39700329,\n         2.44897047],\n       [ 7.14433027, -0.53285709,  0.8633484 ,  4.06525586, -2.39700459,\n         2.44896874],\n       [ 7.14432387, -0.53285781,  0.86334811,  4.06525294, -2.3970054 ,\n         2.44896793],\n       [ 7.14432911, -0.53286155,  0.86335237,  4.06525662, -2.39700316,\n         2.44896947],\n       [ 7.14433065, -0.53285912,  0.86335272,  4.0652535 , -2.39699816,\n         2.44897135],\n       [ 7.14433275, -0.53286684,  0.86335298,  4.06525027, -2.39699847,\n         2.44897643],\n       [ 7.14432944, -0.53286359,  0.86335421,  4.06525085, -2.3969982 ,\n         2.44897896]]), array([0.38962701, 0.38962701, 0.38962701, 0.38962701, 0.38962701,\n       0.38962701, 0.38962701]))", "callback": [0.8008020671867987, 0.7461195434984551, 0.6849401625015379, 0.6386999152738726, 0.635831425008043, 0.6340960011180327, 0.6332747409776709, 0.6289856136402665, 0.6154379362831844, 0.6112771425736487, 0.6092774205872492, 0.6068159124960976, 0.605191382454848, 0.6035130188800663, 0.602161703317664, 0.5919569005755978, 0.5351453989823566, 0.5255098071674054, 0.5016210142500734, 0.49137749766736216, 0.48173266203759035, 0.4383244421775493, 0.4262435077102298, 0.41737590684392445, 0.41473660335848594, 0.41036925773830224, 0.40827708726203205, 0.406372988878249, 0.4044477562601707, 0.39972448026211493, 0.39866837201126715, 0.39724919092598754, 0.39686678338484405, 0.396750798276432, 0.39672176164893236, 0.39671305059640016, 0.39670900792471864, 0.3966974511345751, 0.3966414651386939, 0.3964893480755425, 0.3960933690579158, 0.3946577000127409, 0.39387249999720964, 0.393046952483044, 0.3916134061114367, 0.3902281228897144, 0.38992596861709705, 0.38968431299404793, 0.38966157336511376, 0.3896429556082325, 0.3896361186375896, 0.38962922246693144, 0.38962833442692413, 0.3896275636710158, 0.38962712735092797, 0.3896270519160492, 0.3896270187136385, 0.38962701484085005, 0.3896270134301262, 0.38962701252774723, 0.38962701252774723, 0.38962701228669083, 0.38962701216121187, 0.3896270121198332, 0.3896270121112987, 0.3896270121106331]}, "11": {"maxiter": 1000, "fatol": 1e-10, "xatol": 1e-10, "duration": 0.3704981803894043, "fun": "0.38962701210579653", "nit": "773", "nfev": "1263", "status": "0", "success": "True", "message": "Optimization terminated successfully.", "x": "[ 7.14432995 -0.53286114  0.86335356  4.06524893 -2.3970061   2.44896728]", "final_simplex": "(array([[ 7.14432995, -0.53286114,  0.86335356,  4.06524893, -2.3970061 ,\n         2.44896728],\n       [ 7.14432995, -0.53286114,  0.86335356,  4.06524893, -2.3970061 ,\n         2.44896728],\n       [ 7.14432995, -0.53286114,  0.86335356,  4.06524893, -2.3970061 ,\n         2.44896728],\n       [ 7.14432995, -0.53286114,  0.86335356,  4.06524893, -2.3970061 ,\n         2.44896728],\n       [ 7.14432995, -0.53286114,  0.86335356,  4.06524893, -2.3970061 ,\n         2.44896728],\n       [ 7.14432995, -0.53286114,  0.86335356,  4.06524893, -2.3970061 ,\n         2.44896728],\n       [ 7.14432995, -0.53286114,  0.86335356,  4.06524893, -2.3970061 ,\n         2.44896728]]), array([0.38962701, 0.38962701, 0.38962701, 0.38962701, 0.38962701,\n       0.38962701, 0.38962701]))", "callback": [0.8008020671867987, 0.7461195434984551, 0.6849401625015379, 0.6386999152738726, 0.635831425008043, 0.6340960011180327, 0.6332747409776709, 0.6289856136402665, 0.6154379362831844, 0.6112771425736487, 0.6092774205872492, 0.6068159124960976, 0.605191382454848, 0.6035130188800663, 0.602161703317664, 0.5919569005755978, 0.5351453989823566, 0.5255098071674054, 0.5016210142500734, 0.49137749766736216, 0.48173266203759035, 0.4383244421775493, 0.4262435077102298, 0.41737590684392445, 0.41473660335848594, 0.41036925773830224, 0.40827708726203205, 0.406372988878249, 0.4044477562601707, 0.39972448026211493, 0.39866837201126715, 0.39724919092598754, 0.39686678338484405, 0.396750798276432, 0.39672176164893236, 0.39671305059640016, 0.39670900792471864, 0.3966974511345751, 0.3966414651386939, 0.3964893480755425, 0.3960933690579158, 0.3946577000127409, 0.39387249999720964, 0.393046952483044, 0.3916134061114367, 0.3902281228897144, 0.38992596861709705, 0.38968431299404793, 0.38966157336511376, 0.3896429556082325, 0.3896361186375896, 0.38962922246693144, 0.38962833442692413, 0.3896275636710158, 0.38962712735092797, 0.3896270519160492, 0.3896270187136385, 0.38962701484085005, 0.3896270134301262, 0.38962701252774723, 0.38962701252774723, 0.38962701228669083, 0.38962701216121187, 0.3896270121198332, 0.3896270121112987, 0.3896270121106331, 0.3896270121074775, 0.38962701210634965, 0.3896270121060045, 0.3896270121059504, 0.3896270121058142, 0.38962701210580875, 0.3896270121058003, 0.3896270121057981, 0.389627012105797, 0.38962701210579676, 0.38962701210579653, 0.38962701210579653]}}, "bfgs": {"type": "gradient", "0": {"maxiter": 100, "gtol": 1e-05, "xrtol": 1e-05, "eps": 1e-05, "duration": 0.06615114212036133, "fun": "0.38962701224900875", "jac": "[-2.62467825e-06 -2.46322962e-06 -4.76210182e-06 -1.93844940e-08\n -1.40567558e-06  1.72613035e-06]", "hess_inv": "[[ 4.71233042 -0.15430187 -0.16888451  0.6076205   0.4364345   0.55291604]\n [-0.15430187 12.22393652 -9.97453358  3.63547875 -4.75717961 -7.4642752 ]\n [-0.16888451 -9.97453358 12.7390228  -5.61978497  4.70083131  6.31447491]\n [ 0.6076205   3.63547875 -5.61978497  6.37673333 -2.39411306 -2.95565297]\n [ 0.4364345  -4.75717961  4.70083131 -2.39411306 10.75311883  8.22349556]\n [ 0.55291604 -7.4642752   6.31447491 -2.95565297  8.22349556 11.14623143]]", "nfev": "217", "njev": "31", "status": "0", "success": "True", "message": "Optimization terminated successfully.", "x": "[ 5.42202229  2.60874192 -2.27827388  4.06526127 -2.39703113  2.44895188]", "nit": "28", "callback": [0.7530440467682404, 0.7209506173398506, 0.6923684270779005, 0.6801391655642789, 0.6567076502607059, 0.6159695301297671, 0.5987753624445941, 0.5767742557899194, 0.5603366730364634, 0.5307737419721783, 0.48020763615227313, 0.46688058658408427, 0.45269608409004913, 0.43119847764398334, 0.4206136030122746, 0.41423020469169514, 0.40503108010301325, 0.3936647915676157, 0.39191251824896, 0.3910471797680918, 0.39024517367217515, 0.38994115152651276, 0.38966709328424143, 0.3896348231613931, 0.3896282336436393, 0.389627124191551, 0.3896270163132214, 0.38962701224900875]}, "1": {"maxiter": 100, "gtol": 1e-05, "xrtol": 1e-05, "eps": 1e-10, "duration": 0.0682518482208252, "fun": "0.3896270121935085", "jac": "[ 0.00000000e+00 -2.22044587e-06 -1.11022293e-06  1.11022293e-06\n  0.00000000e+00  1.11022293e-06]", "hess_inv": "[[  4.71943123  -0.18381957  -0.1138213    0.59942453   0.41434932\n    0.61829983]\n [ -0.18381957  12.33346888 -10.17140398   3.65688125  -4.71779251\n   -7.69546709]\n [ -0.1138213  -10.17140398  13.03176225  -5.67136121   4.71386322\n    6.63971056]\n [  0.59942453   3.65688125  -5.67136121   6.36555979  -2.34168785\n   -3.0327987 ]\n [  0.41434932  -4.71779251   4.71386322  -2.34168785  10.61498884\n    8.29484189]\n [  0.61829983  -7.69546709   6.63971056  -3.0327987    8.29484189\n   11.48594216]]", "nfev": "217", "njev": "31", "status": "0", "success": "True", "message": "Optimization terminated successfully.", "x": "[ 5.4220418   2.60870548 -2.27823397  4.06525442 -2.39698397  2.44900289]", "nit": "28", "callback": [0.7530442892380849, 0.7209506706026082, 0.6923685104706689, 0.6801396779833317, 0.6567090026814901, 0.6159720580309382, 0.5987736391963401, 0.5767722068669163, 0.5603375700637108, 0.5307756185693121, 0.4802162640399613, 0.4668885630584275, 0.45269390152076816, 0.43118798383210233, 0.42062875718545756, 0.4142359470142676, 0.4050539651292535, 0.3936840958946134, 0.3919137614368611, 0.3910508543514102, 0.39024581143992865, 0.38994244875100814, 0.3896672337516449, 0.38963485288641, 0.38962824021270726, 0.3896271223466069, 0.3896270162314708, 0.3896270121935085]}, "2": {"maxiter": 100, "gtol": 1e-05, "xrtol": 1e-10, "eps": 1e-05, "duration": 0.06525802612304688, "fun": "0.38962701224900875", "jac": "[-2.62467825e-06 -2.46322962e-06 -4.76210182e-06 -1.93844940e-08\n -1.40567558e-06  1.72613035e-06]", "hess_inv": "[[ 4.71233042 -0.15430187 -0.16888451  0.6076205   0.4364345   0.55291604]\n [-0.15430187 12.22393652 -9.97453358  3.63547875 -4.75717961 -7.4642752 ]\n [-0.16888451 -9.97453358 12.7390228  -5.61978497  4.70083131  6.31447491]\n [ 0.6076205   3.63547875 -5.61978497  6.37673333 -2.39411306 -2.95565297]\n [ 0.4364345  -4.75717961  4.70083131 -2.39411306 10.75311883  8.22349556]\n [ 0.55291604 -7.4642752   6.31447491 -2.95565297  8.22349556 11.14623143]]", "nfev": "217", "njev": "31", "status": "0", "success": "True", "message": "Optimization terminated successfully.", "x": "[ 5.42202229  2.60874192 -2.27827388  4.06526127 -2.39703113  2.44895188]", "nit": "28", "callback": [0.7530440467682404, 0.7209506173398506, 0.6923684270779005, 0.6801391655642789, 0.6567076502607059, 0.6159695301297671, 0.5987753624445941, 0.5767742557899194, 0.5603366730364634, 0.5307737419721783, 0.48020763615227313, 0.46688058658408427, 0.45269608409004913, 0.43119847764398334, 0.4206136030122746, 0.41423020469169514, 0.40503108010301325, 0.3936647915676157, 0.39191251824896, 0.3910471797680918, 0.39024517367217515, 0.38994115152651276, 0.38966709328424143, 0.3896348231613931, 0.3896282336436393, 0.389627124191551, 0.3896270163132214, 0.38962701224900875]}, "3": {"maxiter": 100, "gtol": 1e-05, "xrtol": 1e-10, "eps": 1e-10, "duration": 0.06510782241821289, "fun": "0.3896270121935085", "jac": "[ 0.00000000e+00 -2.22044587e-06 -1.11022293e-06  1.11022293e-06\n  0.00000000e+00  1.11022293e-06]", "hess_inv": "[[  4.71943123  -0.18381957  -0.1138213    0.59942453   0.41434932\n    0.61829983]\n [ -0.18381957  12.33346888 -10.17140398   3.65688125  -4.71779251\n   -7.69546709]\n [ -0.1138213  -10.17140398  13.03176225  -5.67136121   4.71386322\n    6.63971056]\n [  0.59942453   3.65688125  -5.67136121   6.36555979  -2.34168785\n   -3.0327987 ]\n [  0.41434932  -4.71779251   4.71386322  -2.34168785  10.61498884\n    8.29484189]\n [  0.61829983  -7.69546709   6.63971056  -3.0327987    8.29484189\n   11.48594216]]", "nfev": "217", "njev": "31", "status": "0", "success": "True", "message": "Optimization terminated successfully.", "x": "[ 5.4220418   2.60870548 -2.27823397  4.06525442 -2.39698397  2.44900289]", "nit": "28", "callback": [0.7530442892380849, 0.7209506706026082, 0.6923685104706689, 0.6801396779833317, 0.6567090026814901, 0.6159720580309382, 0.5987736391963401, 0.5767722068669163, 0.5603375700637108, 0.5307756185693121, 0.4802162640399613, 0.4668885630584275, 0.45269390152076816, 0.43118798383210233, 0.42062875718545756, 0.4142359470142676, 0.4050539651292535, 0.3936840958946134, 0.3919137614368611, 0.3910508543514102, 0.39024581143992865, 0.38994244875100814, 0.3896672337516449, 0.38963485288641, 0.38962824021270726, 0.3896271223466069, 0.3896270162314708, 0.3896270121935085]}, "4": {"maxiter": 100, "gtol": 1e-10, "xrtol": 1e-05, "eps": 1e-05, "duration": 0.07422614097595215, "fun": "0.3896270121233486", "jac": "[ 6.11399820e-08  4.09217105e-07  6.16606766e-07  3.16857651e-07\n -8.38995540e-08  6.81177337e-07]", "hess_inv": "[[ 4.88520458 -0.09319437  0.09010719  0.51826792  0.35854163  0.47115461]\n [-0.09319437 11.69844265 -9.34924103  3.29261049 -4.15875076 -7.11815416]\n [ 0.09010719 -9.34924103 12.60631148 -5.44996051  3.97344796  5.82611292]\n [ 0.51826792  3.29261049 -5.44996051  6.24580315 -1.9976948  -2.70001446]\n [ 0.35854163 -4.15875076  3.97344796 -1.9976948  10.07201527  7.83125061]\n [ 0.47115461 -7.11815416  5.82611292 -2.70001446  7.83125061 10.9278307 ]]", "nfev": "224", "njev": "32", "status": "0", "success": "True", "message": "Optimization terminated successfully.", "x": "[ 5.42203502  2.60873247 -2.27824122  4.06524676 -2.39702091  2.44895542]", "nit": "29", "callback": [0.7530440467682404, 0.7209506173398506, 0.6923684270779005, 0.6801391655642789, 0.6567076502607059, 0.6159695301297671, 0.5987753624445941, 0.5767742557899194, 0.5603366730364634, 0.5307737419721783, 0.48020763615227313, 0.46688058658408427, 0.45269608409004913, 0.43119847764398334, 0.4206136030122746, 0.41423020469169514, 0.40503108010301325, 0.3936647915676157, 0.39191251824896, 0.3910471797680918, 0.39024517367217515, 0.38994115152651276, 0.38966709328424143, 0.3896348231613931, 0.3896282336436393, 0.389627124191551, 0.3896270163132214, 0.38962701224900875, 0.3896270121233486]}, "5": {"maxiter": 100, "gtol": 1e-10, "xrtol": 1e-05, "eps": 1e-10, "duration": 0.06935286521911621, "fun": "0.38962701212458484", "jac": "[-1.11022293e-06  0.00000000e+00 -2.22044587e-06  0.00000000e+00\n  0.00000000e+00  1.11022293e-06]", "hess_inv": "[[  4.64647928   0.02705403  -0.26169852   0.57807175   0.32834882\n    0.40984661]\n [  0.02705403  12.65579176 -10.0747038    3.63699296  -5.06240851\n   -7.93767858]\n [ -0.26169852 -10.0747038   12.84940209  -5.68567822   4.75008457\n    6.51699925]\n [  0.57807175   3.63699296  -5.68567822   6.36645708  -2.31490866\n   -3.01983059]\n [  0.32834882  -5.06240851   4.75008457  -2.31490866  10.89122832\n    8.58686042]\n [  0.40984661  -7.93767858   6.51699925  -3.01983059   8.58686042\n   11.65610446]]", "nfev": "224", "njev": "32", "status": "0", "success": "True", "message": "Optimization terminated successfully.", "x": "[ 5.42204047  2.60872717 -2.278243    4.06525246 -2.3969969   2.44898292]", "nit": "29", "callback": [0.7530442892380849, 0.7209506706026082, 0.6923685104706689, 0.6801396779833317, 0.6567090026814901, 0.6159720580309382, 0.5987736391963401, 0.5767722068669163, 0.5603375700637108, 0.5307756185693121, 0.4802162640399613, 0.4668885630584275, 0.45269390152076816, 0.43118798383210233, 0.42062875718545756, 0.4142359470142676, 0.4050539651292535, 0.3936840958946134, 0.3919137614368611, 0.3910508543514102, 0.39024581143992865, 0.38994244875100814, 0.3896672337516449, 0.38963485288641, 0.38962824021270726, 0.3896271223466069, 0.3896270162314708, 0.3896270121935085, 0.38962701212458484]}, "6": {"maxiter": 100, "gtol": 1e-10, "xrtol": 1e-10, "eps": 1e-05, "duration": 0.14647388458251953, "fun": "0.3896270121233486", "jac": "[ 6.11399820e-08  4.09217105e-07  6.16606766e-07  3.16857651e-07\n -8.38995540e-08  6.81177337e-07]", "hess_inv": "[[ 4.87007526  0.18022934 -0.21187651  0.58938571  0.07471763  0.03134531]\n [ 0.18022934 11.30077075 -8.45189542  2.94079848 -3.73739148 -6.71864849]\n [-0.21187651 -8.45189542 11.15543852 -4.96728229  3.03337772  4.62373962]\n [ 0.58938571  2.94079848 -4.96728229  6.10327046 -1.63074208 -2.18345346]\n [ 0.07471763 -3.73739148  3.03337772 -1.63074208  9.6257581   7.4023257 ]\n [ 0.03134531 -6.71864849  4.62373962 -2.18345346  7.4023257  10.68421282]]", "nfev": "403", "njev": "56", "status": "2", "success": "False", "message": "Desired error not necessarily achieved due to precision loss.", "x": "[ 5.42203502  2.60873247 -2.27824122  4.06524676 -2.39702091  2.44895542]", "nit": "29", "callback": [0.7530440467682404, 0.7209506173398506, 0.6923684270779005, 0.6801391655642789, 0.6567076502607059, 0.6159695301297671, 0.5987753624445941, 0.5767742557899194, 0.5603366730364634, 0.5307737419721783, 0.48020763615227313, 0.46688058658408427, 0.45269608409004913, 0.43119847764398334, 0.4206136030122746, 0.41423020469169514, 0.40503108010301325, 0.3936647915676157, 0.39191251824896, 0.3910471797680918, 0.39024517367217515, 0.38994115152651276, 0.38966709328424143, 0.3896348231613931, 0.3896282336436393, 0.389627124191551, 0.3896270163132214, 0.38962701224900875, 0.3896270121233486]}, "7": {"maxiter": 100, "gtol": 1e-10, "xrtol": 1e-10, "eps": 1e-10, "duration": 0.09575295448303223, "fun": "0.38962701211724904", "jac": "[-1.11022293e-06  1.11022293e-06  2.22044587e-06  0.00000000e+00\n  0.00000000e+00  0.00000000e+00]", "hess_inv": "[[ 3.41721433e+00  5.38476646e-01 -3.12599717e+00  1.98455016e+00\n   1.53575304e+00  1.94448033e+00]\n [ 5.38476646e-01  8.59092845e+00 -3.64800759e+00  6.76809560e-01\n  -4.26907273e+00 -7.18151236e+00]\n [-3.12599717e+00 -3.64800759e+00  1.19002853e+01 -8.47757431e+00\n   1.78965612e+00  3.21485796e-01]\n [ 1.98455016e+00  6.76809560e-01 -8.47757431e+00  1.00245416e+01\n   8.19801627e-03  1.78706797e+00]\n [ 1.53575304e+00 -4.26907273e+00  1.78965612e+00  8.19801627e-03\n   1.05237502e+01  9.07208284e+00]\n [ 1.94448033e+00 -7.18151236e+00  3.21485796e-01  1.78706797e+00\n   9.07208284e+00  1.40666716e+01]]", "nfev": "301", "njev": "43", "status": "0", "success": "True", "message": "Optimization terminated successfully.", "x": "[ 5.42204357  2.60873087 -2.278229    4.06524218 -2.39700586  2.44896892]", "nit": "31", "callback": [0.7530442892380849, 0.7209506706026082, 0.6923685104706689, 0.6801396779833317, 0.6567090026814901, 0.6159720580309382, 0.5987736391963401, 0.5767722068669163, 0.5603375700637108, 0.5307756185693121, 0.4802162640399613, 0.4668885630584275, 0.45269390152076816, 0.43118798383210233, 0.42062875718545756, 0.4142359470142676, 0.4050539651292535, 0.3936840958946134, 0.3919137614368611, 0.3910508543514102, 0.39024581143992865, 0.38994244875100814, 0.3896672337516449, 0.38963485288641, 0.38962824021270726, 0.3896271223466069, 0.3896270162314708, 0.3896270121935085, 0.38962701212458484, 0.38962701211724915, 0.38962701211724904]}, "8": {"maxiter": 500, "gtol": 1e-05, "xrtol": 1e-05, "eps": 1e-05, "duration": 0.07385420799255371, "fun": "0.38962701224900875", "jac": "[-2.62467825e-06 -2.46322962e-06 -4.76210182e-06 -1.93844940e-08\n -1.40567558e-06  1.72613035e-06]", "hess_inv": "[[ 4.71233042 -0.15430187 -0.16888451  0.6076205   0.4364345   0.55291604]\n [-0.15430187 12.22393652 -9.97453358  3.63547875 -4.75717961 -7.4642752 ]\n [-0.16888451 -9.97453358 12.7390228  -5.61978497  4.70083131  6.31447491]\n [ 0.6076205   3.63547875 -5.61978497  6.37673333 -2.39411306 -2.95565297]\n [ 0.4364345  -4.75717961  4.70083131 -2.39411306 10.75311883  8.22349556]\n [ 0.55291604 -7.4642752   6.31447491 -2.95565297  8.22349556 11.14623143]]", "nfev": "217", "njev": "31", "status": "0", "success": "True", "message": "Optimization terminated successfully.", "x": "[ 5.42202229  2.60874192 -2.27827388  4.06526127 -2.39703113  2.44895188]", "nit": "28", "callback": [0.7530440467682404, 0.720