{"date": "2024/09/25/, 04:26:53", "conf_id": 135, "data_type": "orthogonal\n", "num_data_points": 3, "s_rank": 0, "unitary": "[[-0.45070455-0.02711853j,0.78437395-0.06613086j,0.06358678+0.19963393j,-0.07343613+0.35668523j],[-0.01890143-0.03813363j,0.32408202+0.25557629j,0.05872864-0.68979805j,0.55466693-0.20227297j],[-0.11215405+0.64023111j,-0.13344055+0.29565494j,-0.49012687-0.19046288j,-0.04241254+0.44046348j],[0.55771659+0.24656916j,0.31851997-0.05798805j,0.28761525-0.34294258j,-0.56718418+0.03616933j]]", "databatch_0": {"databatch": "[[[-0.00577645-0.01386275j,-0.2995872-0.09268407j,0.03806915+0.13017391j,-0.34611229+0.10935352j],[-0.03513688+0.43195546j,0.10722565+0.04710141j,-0.20658637+0.06482678j,0.25229739+0.18983441j],[0.01722167+0.10674339j,-0.22956215+0.0094312j,0.29542731+0.33588222j,-0.00249941-0.0576035j],[0.13913547+0.03596401j,-0.14850363+0.10257104j,-0.08274366+0.21657883j,-0.09874196-0.13620405j]],[[0.12411819-0.10809198j,-0.21712344-0.03306271j,0.20712048+0.09076393j,-0.28436373-0.0008203j],[-0.06015916+0.33256807j,0.24779538-0.06152061j,-0.34075667-0.07467373j,0.28299617+0.07995766j],[0.07954668-0.05558144j,-0.20380344-0.07533694j,0.25304212+0.27576853j,-0.11709023-0.19975427j],[0.1633452-0.00950758j,-0.12778052+0.02583359j,-0.03815818+0.22662536j,-0.09801713-0.22042383j]],[[-0.08438319-0.05315352j,-0.30126936-0.06117496j,0.04973316+0.1860144j,-0.32769337+0.07507244j],[-0.05504439+0.4019512j,0.08669791+0.05840496j,-0.22769923+0.08664632j,0.31846898+0.20516654j],[0.11375791+0.0954128j,-0.24493008+0.05094389j,0.2394961+0.34835217j,-0.04560323-0.01647771j],[0.10969502+0.04063768j,-0.14017091-0.01632315j,0.00309471+0.23287007j,-0.06123309-0.0989283j]]]", "initial param values": "[2.16309594,4.71588662,2.94835096,3.20268204,0.94055838,3.89591714]", "nelder_mead": {"type": "gradient-free", "0": {"maxiter": 100, "fatol": 1e-05, "xatol": 1e-05, "duration": 0.03867602348327637, "fun": "0.30199759525556613", "nit": "100", "nfev": "149", "status": "2", "success": "False", "message": "Maximum number of iterations has been exceeded.", "x": "[1.03419776 7.22901147 0.63788003 4.81302825 1.20043574 2.54205135]", "final_simplex": "(array([[1.03419776, 7.22901147, 0.63788003, 4.81302825, 1.20043574,\n        2.54205135],\n       [1.06942732, 7.33121711, 0.65640134, 4.86916252, 1.18632144,\n        2.48627458],\n       [0.93325563, 7.16227669, 0.84324629, 4.861471  , 1.21770832,\n        2.60111115],\n       [1.0943853 , 7.33279968, 0.62934851, 4.74471084, 1.21262887,\n        2.71689384],\n       [0.96641242, 6.99997837, 0.86201797, 5.02054037, 1.14445251,\n        2.60118767],\n       [1.17379374, 7.03746632, 0.74654193, 4.70598133, 1.16608449,\n        2.42664801],\n       [1.22150463, 7.19554926, 0.92810631, 4.84679909, 1.0754909 ,\n        2.53951863]]), array([0.3019976 , 0.30851879, 0.30946551, 0.31140721, 0.31184381,\n       0.31507237, 0.31715936]))", "callback": [0.9775147555250384, 0.9140288801564819, 0.6016247174251295, 0.583666213769813, 0.49851401111150007, 0.40281003771571344, 0.3713866257055749, 0.3554233036077378, 0.337787721227472, 0.3114072122545489]}, "1": {"maxiter": 100, "fatol": 1e-05, "xatol": 1e-10, "duration": 0.03688383102416992, "fun": "0.30199759525556613", "nit": "100", "nfev": "149", "status": "2", "success": "False", "message": "Maximum number of iterations has been exceeded.", "x": "[1.03419776 7.22901147 0.63788003 4.81302825 1.20043574 2.54205135]", "final_simplex": "(array([[1.03419776, 7.22901147, 0.63788003, 4.81302825, 1.20043574,\n        2.54205135],\n       [1.06942732, 7.33121711, 0.65640134, 4.86916252, 1.18632144,\n        2.48627458],\n       [0.93325563, 7.16227669, 0.84324629, 4.861471  , 1.21770832,\n        2.60111115],\n       [1.0943853 , 7.33279968, 0.62934851, 4.74471084, 1.21262887,\n        2.71689384],\n       [0.96641242, 6.99997837, 0.86201797, 5.02054037, 1.14445251,\n        2.60118767],\n       [1.17379374, 7.03746632, 0.74654193, 4.70598133, 1.16608449,\n        2.42664801],\n       [1.22150463, 7.19554926, 0.92810631, 4.84679909, 1.0754909 ,\n        2.53951863]]), array([0.3019976 , 0.30851879, 0.30946551, 0.31140721, 0.31184381,\n       0.31507237, 0.31715936]))", "callback": [0.9775147555250384, 0.9140288801564819, 0.6016247174251295, 0.583666213769813, 0.49851401111150007, 0.40281003771571344, 0.3713866257055749, 0.3554233036077378, 0.337787721227472, 0.3114072122545489]}, "2": {"maxiter": 100, "fatol": 1e-10, "xatol": 1e-05, "duration": 0.03657126426696777, "fun": "0.30199759525556613", "nit": "100", "nfev": "149", "status": "2", "success": "False", "message": "Maximum number of iterations has been exceeded.", "x": "[1.03419776 7.22901147 0.63788003 4.81302825 1.20043574 2.54205135]", "final_simplex": "(array([[1.03419776, 7.22901147, 0.63788003, 4.81302825, 1.20043574,\n        2.54205135],\n       [1.06942732, 7.33121711, 0.65640134, 4.86916252, 1.18632144,\n        2.48627458],\n       [0.93325563, 7.16227669, 0.84324629, 4.861471  , 1.21770832,\n        2.60111115],\n       [1.0943853 , 7.33279968, 0.62934851, 4.74471084, 1.21262887,\n        2.71689384],\n       [0.96641242, 6.99997837, 0.86201797, 5.02054037, 1.14445251,\n        2.60118767],\n       [1.17379374, 7.03746632, 0.74654193, 4.70598133, 1.16608449,\n        2.42664801],\n       [1.22150463, 7.19554926, 0.92810631, 4.84679909, 1.0754909 ,\n        2.53951863]]), array([0.3019976 , 0.30851879, 0.30946551, 0.31140721, 0.31184381,\n       0.31507237, 0.31715936]))", "callback": [0.9775147555250384, 0.9140288801564819, 0.6016247174251295, 0.583666213769813, 0.49851401111150007, 0.40281003771571344, 0.3713866257055749, 0.3554233036077378, 0.337787721227472, 0.3114072122545489]}, "3": {"maxiter": 100, "fatol": 1e-10, "xatol": 1e-10, "duration": 0.03547072410583496, "fun": "0.30199759525556613", "nit": "100", "nfev": "149", "status": "2", "success": "False", "message": "Maximum number of iterations has been exceeded.", "x": "[1.03419776 7.22901147 0.63788003 4.81302825 1.20043574 2.54205135]", "final_simplex": "(array([[1.03419776, 7.22901147, 0.63788003, 4.81302825, 1.20043574,\n        2.54205135],\n       [1.06942732, 7.33121711, 0.65640134, 4.86916252, 1.18632144,\n        2.48627458],\n       [0.93325563, 7.16227669, 0.84324629, 4.861471  , 1.21770832,\n        2.60111115],\n       [1.0943853 , 7.33279968, 0.62934851, 4.74471084, 1.21262887,\n        2.71689384],\n       [0.96641242, 6.99997837, 0.86201797, 5.02054037, 1.14445251,\n        2.60118767],\n       [1.17379374, 7.03746632, 0.74654193, 4.70598133, 1.16608449,\n        2.42664801],\n       [1.22150463, 7.19554926, 0.92810631, 4.84679909, 1.0754909 ,\n        2.53951863]]), array([0.3019976 , 0.30851879, 0.30946551, 0.31140721, 0.31184381,\n       0.31507237, 0.31715936]))", "callback": [0.9775147555250384, 0.9140288801564819, 0.6016247174251295, 0.583666213769813, 0.49851401111150007, 0.40281003771571344, 0.3713866257055749, 0.3554233036077378, 0.337787721227472, 0.3114072122545489]}, "4": {"maxiter": 500, "fatol": 1e-05, "xatol": 1e-05, "duration": 0.14131593704223633, "fun": "0.2552434372401634", "nit": "390", "nfev": "599", "status": "0", "success": "True", "message": "Optimization terminated successfully.", "x": "[0.7031926  7.85897713 0.93628953 4.52882078 0.31305395 3.01403394]", "final_simplex": "(array([[0.7031926 , 7.85897713, 0.93628953, 4.52882078, 0.31305395,\n        3.01403394],\n       [0.70319236, 7.85897286, 0.93628471, 4.52882276, 0.31305814,\n        3.01402867],\n       [0.70318695, 7.85897562, 0.93629436, 4.52882205, 0.31304944,\n        3.01403611],\n       [0.70319323, 7.8589805 , 0.93628312, 4.52882231, 0.31305455,\n        3.01402964],\n       [0.70319239, 7.85897686, 0.93629831, 4.52882081, 0.31305004,\n        3.01403224],\n       [0.70319202, 7.8589764 , 0.93628987, 4.52881602, 0.3130485 ,\n        3.01403024],\n       [0.70319511, 7.85896916, 0.93629492, 4.52882259, 0.31304673,\n        3.01402529]]), array([0.25524344, 0.25524344, 0.25524344, 0.25524344, 0.25524344,\n       0.25524344, 0.25524344]))", "callback": [0.9775147555250384, 0.9140288801564819, 0.6016247174251295, 0.583666213769813, 0.49851401111150007, 0.40281003771571344, 0.3713866257055749, 0.3554233036077378, 0.337787721227472, 0.3114072122545489, 0.30199759525556613, 0.30199759525556613, 0.30103453812217307, 0.29650689249932594, 0.2928882621153259, 0.2811192442452338, 0.27573459364565645, 0.26347967227160085, 0.25817672087042043, 0.257503918615997, 0.25566575918931, 0.2554216143032847, 0.25539608490513677, 0.2552876555153776, 0.25524932032469916, 0.25524512292532286, 0.2552439662984479, 0.2552436521279552, 0.255243453117148, 0.255243453117148, 0.2552434411221678, 0.2552434397844894, 0.25524343786798165, 0.2552434375582432, 0.25524343741594924, 0.255243437392905, 0.2552434373390068, 0.2552434372933027, 0.2552434372464588]}, "5": {"maxiter": 500, "fatol": 1e-05, "xatol": 1e-10, "duration": 0.18886923789978027, "fun": "0.25524343723707477", "nit": "496", "nfev": "830", "status": "0", "success": "True", "message": "Optimization terminated successfully.", "x": "[0.70319361 7.85897231 0.93629186 4.52882411 0.31305256 3.01403114]", "final_simplex": "(array([[0.70319361, 7.85897231, 0.93629186, 4.52882411, 0.31305256,\n        3.01403114],\n       [0.70319361, 7.85897231, 0.93629186, 4.52882411, 0.31305256,\n        3.01403114],\n       [0.70319361, 7.85897231, 0.93629186, 4.52882411, 0.31305256,\n        3.01403114],\n       [0.70319361, 7.85897231, 0.93629186, 4.52882411, 0.31305256,\n        3.01403114],\n       [0.70319361, 7.85897231, 0.93629186, 4.52882411, 0.31305256,\n        3.01403114],\n       [0.70319361, 7.85897231, 0.93629186, 4.52882411, 0.31305256,\n        3.01403114],\n       [0.70319361, 7.85897231, 0.93629186, 4.52882411, 0.31305256,\n        3.01403114]]), array([0.25524344, 0.25524344, 0.25524344, 0.25524344, 0.25524344,\n       0.25524344, 0.25524344]))", "callback": [0.9775147555250384, 0.9140288801564819, 0.6016247174251295, 0.583666213769813, 0.49851401111150007, 0.40281003771571344, 0.3713866257055749, 0.3554233036077378, 0.337787721227472, 0.3114072122545489, 0.30199759525556613, 0.30199759525556613, 0.30103453812217307, 0.29650689249932594, 0.2928882621153259, 0.2811192442452338, 0.27573459364565645, 0.26347967227160085, 0.25817672087042043, 0.257503918615997, 0.25566575918931, 0.2554216143032847, 0.25539608490513677, 0.2552876555153776, 0.25524932032469916, 0.25524512292532286, 0.2552439662984479, 0.2552436521279552, 0.255243453117148, 0.255243453117148, 0.2552434411221678, 0.2552434397844894, 0.25524343786798165, 0.2552434375582432, 0.25524343741594924, 0.255243437392905, 0.2552434373390068, 0.2552434372933027, 0.2552434372464588, 0.2552434372399124, 0.2552434372379677, 0.25524343723740117, 0.25524343723710563, 0.25524343723708964, 0.2552434372370782, 0.25524343723707565, 0.2552434372370751, 0.255243437237075, 0.25524343723707477, 0.25524343723707477]}, "6": {"maxiter": 500, "fatol": 1e-10, "xatol": 1e-05, "duration": 0.14785504341125488, "fun": "0.2552434372401634", "nit": "390", "nfev": "599", "status": "0", "success": "True", "message": "Optimization terminated successfully.", "x": "[0.7031926  7.85897713 0.93628953 4.52882078 0.31305395 3.01403394]", "final_simplex": "(array([[0.7031926 , 7.85897713, 0.93628953, 4.52882078, 0.31305395,\n        3.01403394],\n       [0.70319236, 7.85897286, 0.93628471, 4.52882276, 0.31305814,\n        3.01402867],\n       [0.70318695, 7.85897562, 0.93629436, 4.52882205, 0.31304944,\n        3.01403611],\n       [0.70319323, 7.8589805 , 0.93628312, 4.52882231, 0.31305455,\n        3.01402964],\n       [0.70319239, 7.85897686, 0.93629831, 4.52882081, 0.31305004,\n        3.01403224],\n       [0.70319202, 7.8589764 , 0.93628987, 4.52881602, 0.3130485 ,\n        3.01403024],\n       [0.70319511, 7.85896916, 0.93629492, 4.52882259, 0.31304673,\n        3.01402529]]), array([0.25524344, 0.25524344, 0.25524344, 0.25524344, 0.25524344,\n       0.25524344, 0.25524344]))", "callback": [0.9775147555250384, 0.9140288801564819, 0.6016247174251295, 0.583666213769813, 0.49851401111150007, 0.40281003771571344, 0.3713866257055749, 0.3554233036077378, 0.337787721227472, 0.3114072122545489, 0.30199759525556613, 0.30199759525556613, 0.30103453812217307, 0.29650689249932594, 0.2928882621153259, 0.2811192442452338, 0.27573459364565645, 0.26347967227160085, 0.25817672087042043, 0.257503918615997, 0.25566575918931, 0.2554216143032847, 0.25539608490513677, 0.2552876555153776, 0.25524932032469916, 0.25524512292532286, 0.2552439662984479, 0.2552436521279552, 0.255243453117148, 0.255243453117148, 0.2552434411221678, 0.2552434397844894, 0.25524343786798165, 0.2552434375582432, 0.25524343741594924, 0.255243437392905, 0.2552434373390068, 0.2552434372933027, 0.2552434372464588]}, "7": {"maxiter": 500, "fatol": 1e-10, "xatol": 1e-10, "duration": 0.19809722900390625, "fun": "0.25524343723707477", "nit": "496", "nfev": "830", "status": "0", "success": "True", "message": "Optimization terminated successfully.", "x": "[0.70319361 7.85897231 0.93629186 4.52882411 0.31305256 3.01403114]", "final_simplex": "(array([[0.70319361, 7.85897231, 0.93629186, 4.52882411, 0.31305256,\n        3.01403114],\n       [0.70319361, 7.85897231, 0.93629186, 4.52882411, 0.31305256,\n        3.01403114],\n       [0.70319361, 7.85897231, 0.93629186, 4.52882411, 0.31305256,\n        3.01403114],\n       [0.70319361, 7.85897231, 0.93629186, 4.52882411, 0.31305256,\n        3.01403114],\n       [0.70319361, 7.85897231, 0.93629186, 4.52882411, 0.31305256,\n        3.01403114],\n       [0.70319361, 7.85897231, 0.93629186, 4.52882411, 0.31305256,\n        3.01403114],\n       [0.70319361, 7.85897231, 0.93629186, 4.52882411, 0.31305256,\n        3.01403114]]), array([0.25524344, 0.25524344, 0.25524344, 0.25524344, 0.25524344,\n       0.25524344, 0.25524344]))", "callback": [0.9775147555250384, 0.9140288801564819, 0.6016247174251295, 0.583666213769813, 0.49851401111150007, 0.40281003771571344, 0.3713866257055749, 0.3554233036077378, 0.337787721227472, 0.3114072122545489, 0.30199759525556613, 0.30199759525556613, 0.30103453812217307, 0.29650689249932594, 0.2928882621153259, 0.2811192442452338, 0.27573459364565645, 0.26347967227160085, 0.25817672087042043, 0.257503918615997, 0.25566575918931, 0.2554216143032847, 0.25539608490513677, 0.2552876555153776, 0.25524932032469916, 0.25524512292532286, 0.2552439662984479, 0.2552436521279552, 0.255243453117148, 0.255243453117148, 0.2552434411221678, 0.2552434397844894, 0.25524343786798165, 0.2552434375582432, 0.25524343741594924, 0.255243437392905, 0.2552434373390068, 0.2552434372933027, 0.2552434372464588, 0.2552434372399124, 0.2552434372379677, 0.25524343723740117, 0.25524343723710563, 0.25524343723708964, 0.2552434372370782, 0.25524343723707565, 0.2552434372370751, 0.255243437237075, 0.25524343723707477, 0.25524343723707477]}, "8": {"maxiter": 1000, "fatol": 1e-05, "xatol": 1e-05, "duration": 0.13878202438354492, "fun": "0.2552434372401634", "nit": "390", "nfev": "599", "status": "0", "success": "True", "message": "Optimization terminated successfully.", "x": "[0.7031926  7.85897713 0.93628953 4.52882078 0.31305395 3.01403394]", "final_simplex": "(array([[0.7031926 , 7.85897713, 0.93628953, 4.52882078, 0.31305395,\n        3.01403394],\n       [0.70319236, 7.85897286, 0.93628471, 4.52882276, 0.31305814,\n        3.01402867],\n       [0.70318695, 7.85897562, 0.93629436, 4.52882205, 0.31304944,\n        3.01403611],\n       [0.70319323, 7.8589805 , 0.93628312, 4.52882231, 0.31305455,\n        3.01402964],\n       [0.70319239, 7.85897686, 0.93629831, 4.52882081, 0.31305004,\n        3.01403224],\n       [0.70319202, 7.8589764 , 0.93628987, 4.52881602, 0.3130485 ,\n        3.01403024],\n       [0.70319511, 7.85896916, 0.93629492, 4.52882259, 0.31304673,\n        3.01402529]]), array([0.25524344, 0.25524344, 0.25524344, 0.25524344, 0.25524344,\n       0.25524344, 0.25524344]))", "callback": [0.9775147555250384, 0.9140288801564819, 0.6016247174251295, 0.583666213769813, 0.49851401111150007, 0.40281003771571344, 0.3713866257055749, 0.3554233036077378, 0.337787721227472, 0.3114072122545489, 0.30199759525556613, 0.30199759525556613, 0.30103453812217307, 0.29650689249932594, 0.2928882621153259, 0.2811192442452338, 0.27573459364565645, 0.26347967227160085, 0.25817672087042043, 0.257503918615997, 0.25566575918931, 0.2554216143032847, 0.25539608490513677, 0.2552876555153776, 0.25524932032469916, 0.25524512292532286, 0.2552439662984479, 0.2552436521279552, 0.255243453117148, 0.255243453117148, 0.2552434411221678, 0.2552434397844894, 0.25524343786798165, 0.2552434375582432, 0.25524343741594924, 0.255243437392905, 0.2552434373390068, 0.2552434372933027, 0.2552434372464588]}, "9": {"maxiter": 1000, "fatol": 1e-05, "xatol": 1e-10, "duration": 0.19796395301818848, "fun": "0.25524343723707477", "nit": "496", "nfev": "830", "status": "0", "success": "True", "message": "Optimization terminated successfully.", "x": "[0.70319361 7.85897231 0.93629186 4.52882411 0.31305256 3.01403114]", "final_simplex": "(array([[0.70319361, 7.85897231, 0.93629186, 4.52882411, 0.31305256,\n        3.01403114],\n       [0.70319361, 7.85897231, 0.93629186, 4.52882411, 0.31305256,\n        3.01403114],\n       [0.70319361, 7.85897231, 0.93629186, 4.52882411, 0.31305256,\n        3.01403114],\n       [0.70319361, 7.85897231, 0.93629186, 4.52882411, 0.31305256,\n        3.01403114],\n       [0.70319361, 7.85897231, 0.93629186, 4.52882411, 0.31305256,\n        3.01403114],\n       [0.70319361, 7.85897231, 0.93629186, 4.52882411, 0.31305256,\n        3.01403114],\n       [0.70319361, 7.85897231, 0.93629186, 4.52882411, 0.31305256,\n        3.01403114]]), array([0.25524344, 0.25524344, 0.25524344, 0.25524344, 0.25524344,\n       0.25524344, 0.25524344]))", "callback": [0.9775147555250384, 0.9140288801564819, 0.6016247174251295, 0.583666213769813, 0.49851401111150007, 0.40281003771571344, 0.3713866257055749, 0.3554233036077378, 0.337787721227472, 0.3114072122545489, 0.30199759525556613, 0.30199759525556613, 0.30103453812217307, 0.29650689249932594, 0.2928882621153259, 0.2811192442452338, 0.27573459364565645, 0.26347967227160085, 0.25817672087042043, 0.257503918615997, 0.25566575918931, 0.2554216143032847, 0.25539608490513677, 0.2552876555153776, 0.25524932032469916, 0.25524512292532286, 0.2552439662984479, 0.2552436521279552, 0.255243453117148, 0.255243453117148, 0.2552434411221678, 0.2552434397844894, 0.25524343786798165, 0.2552434375582432, 0.25524343741594924, 0.255243437392905, 0.2552434373390068, 0.2552434372933027, 0.2552434372464588, 0.2552434372399124, 0.2552434372379677, 0.25524343723740117, 0.25524343723710563, 0.25524343723708964, 0.2552434372370782, 0.25524343723707565, 0.2552434372370751, 0.255243437237075, 0.25524343723707477, 0.25524343723707477]}, "10": {"maxiter": 1000, "fatol": 1e-10, "xatol": 1e-05, "duration": 0.14283108711242676, "fun": "0.2552434372401634", "nit": "390", "nfev": "599", "status": "0", "success": "True", "message": "Optimization terminated successfully.", "x": "[0.7031926  7.85897713 0.93628953 4.52882078 0.31305395 3.01403394]", "final_simplex": "(array([[0.7031926 , 7.85897713, 0.93628953, 4.52882078, 0.31305395,\n        3.01403394],\n       [0.70319236, 7.85897286, 0.93628471, 4.52882276, 0.31305814,\n        3.01402867],\n       [0.70318695, 7.85897562, 0.93629436, 4.52882205, 0.31304944,\n        3.01403611],\n       [0.70319323, 7.8589805 , 0.93628312, 4.52882231, 0.31305455,\n        3.01402964],\n       [0.70319239, 7.85897686, 0.93629831, 4.52882081, 0.31305004,\n        3.01403224],\n       [0.70319202, 7.8589764 , 0.93628987, 4.52881602, 0.3130485 ,\n        3.01403024],\n       [0.70319511, 7.85896916, 0.93629492, 4.52882259, 0.31304673,\n        3.01402529]]), array([0.25524344, 0.25524344, 0.25524344, 0.25524344, 0.25524344,\n       0.25524344, 0.25524344]))", "callback": [0.9775147555250384, 0.9140288801564819, 0.6016247174251295, 0.583666213769813, 0.49851401111150007, 0.40281003771571344, 0.3713866257055749, 0.3554233036077378, 0.337787721227472, 0.3114072122545489, 0.30199759525556613, 0.30199759525556613, 0.30103453812217307, 0.29650689249932594, 0.2928882621153259, 0.2811192442452338, 0.27573459364565645, 0.26347967227160085, 0.25817672087042043, 0.257503918615997, 0.25566575918931, 0.2554216143032847, 0.25539608490513677, 0.2552876555153776, 0.25524932032469916, 0.25524512292532286, 0.2552439662984479, 0.2552436521279552, 0.255243453117148, 0.255243453117148, 0.2552434411221678, 0.2552434397844894, 0.25524343786798165, 0.2552434375582432, 0.25524343741594924, 0.255243437392905, 0.2552434373390068, 0.2552434372933027, 0.2552434372464588]}, "11": {"maxiter": 1000, "fatol": 1e-10, "xatol": 1e-10, "duration": 0.19846606254577637, "fun": "0.25524343723707477", "nit": "496", "nfev": "830", "status": "0", "success": "True", "message": "Optimization terminated successfully.", "x": "[0.70319361 7.85897231 0.93629186 4.52882411 0.31305256 3.01403114]", "final_simplex": "(array([[0.70319361, 7.85897231, 0.93629186, 4.52882411, 0.31305256,\n        3.01403114],\n       [0.70319361, 7.85897231, 0.93629186, 4.52882411, 0.31305256,\n        3.01403114],\n       [0.70319361, 7.85897231, 0.93629186, 4.52882411, 0.31305256,\n        3.01403114],\n       [0.70319361, 7.85897231, 0.93629186, 4.52882411, 0.31305256,\n        3.01403114],\n       [0.70319361, 7.85897231, 0.93629186, 4.52882411, 0.31305256,\n        3.01403114],\n       [0.70319361, 7.85897231, 0.93629186, 4.52882411, 0.31305256,\n        3.01403114],\n       [0.70319361, 7.85897231, 0.93629186, 4.52882411, 0.31305256,\n        3.01403114]]), array([0.25524344, 0.25524344, 0.25524344, 0.25524344, 0.25524344,\n       0.25524344, 0.25524344]))", "callback": [0.9775147555250384, 0.9140288801564819, 0.6016247174251295, 0.583666213769813, 0.49851401111150007, 0.40281003771571344, 0.3713866257055749, 0.3554233036077378, 0.337787721227472, 0.3114072122545489, 0.30199759525556613, 0.30199759525556613, 0.30103453812217307, 0.29650689249932594, 0.2928882621153259, 0.2811192442452338, 0.27573459364565645, 0.26347967227160085, 0.25817672087042043, 0.257503918615997, 0.25566575918931, 0.2554216143032847, 0.25539608490513677, 0.2552876555153776, 0.25524932032469916, 0.25524512292532286, 0.2552439662984479, 0.2552436521279552, 0.255243453117148, 0.255243453117148, 0.2552434411221678, 0.2552434397844894, 0.25524343786798165, 0.2552434375582432, 0.25524343741594924, 0.255243437392905, 0.2552434373390068, 0.2552434372933027, 0.2552434372464588, 0.2552434372399124, 0.2552434372379677, 0.25524343723740117, 0.25524343723710563, 0.25524343723708964, 0.2552434372370782, 0.25524343723707565, 0.2552434372370751, 0.255243437237075, 0.25524343723707477, 0.25524343723707477]}}, "bfgs": {"type": "gradient", "0": {"maxiter": 100, "gtol": 1e-05, "xrtol": 1e-05, "eps": 1e-05, "duration": 0.07584619522094727, "fun": "0.2552434375418131", "jac": "[-4.64659422e-06  8.37304670e-06  3.24026361e-06 -2.66902056e-06\n  9.40153511e-06  4.70609107e-06]", "hess_inv": "[[ 4.00180823  1.63891106  1.61247311 -1.53186102 -2.13114693  2.47845458]\n [ 1.63891106 11.94547965 -4.93793683 -4.59341687 -3.37460656  2.64436888]\n [ 1.61247311 -4.93793683 12.04190183  0.35124685 -4.82862682  2.85576719]\n [-1.53186102 -4.59341687  0.35124685  4.92971228  2.03428887 -2.14872446]\n [-2.13114693 -3.37460656 -4.82862682  2.03428887  8.66578112 -2.44496893]\n [ 2.47845458  2.64436888  2.85576719 -2.14872446 -2.44496893  5.50899734]]", "nfev": "322", "njev": "46", "status": "0", "success": "True", "message": "Optimization terminated successfully.", "x": "[-0.70320509  4.71742391  4.07784325  4.52880095  0.31307724  3.01403776]", "nit": "35", "callback": [0.7905900702398249, 0.6433478576896576, 0.5528301079045084, 0.5280607466873761, 0.48594016580858557, 0.4225194036145068, 0.3590871756922799, 0.32149617031998234, 0.3129421154862323, 0.3095313202269342, 0.30657764898359563, 0.3037205494987134, 0.30359288513311766, 0.303554800189592, 0.3034819423103282, 0.30215463539661247, 0.30175358349976555, 0.30097637246590037, 0.29951052369420406, 0.2970582443676161, 0.29346889017979383, 0.2872681445863391, 0.2766257384177395, 0.2616914555222034, 0.2567845128133287, 0.25601755766660084, 0.25578824362084884, 0.25564693524787374, 0.2555511461990768, 0.25540042885385794, 0.25526529574269974, 0.25524594942187206, 0.2552435498691876, 0.2552434398097815, 0.2552434375418131]}, "1": {"maxiter": 100, "gtol": 1e-05, "xrtol": 1e-05, "eps": 1e-10, "duration": 0.07702183723449707, "fun": "0.2552434372561615", "jac": "[-2.22044587e-06 -3.33066880e-06  0.00000000e+00 -6.66133760e-06\n -4.44089173e-06 -2.22044587e-06]", "hess_inv": "[[ 4.1240445   1.89262213  1.40402602 -1.60071498 -2.01398475  2.64733213]\n [ 1.89262213 10.9700846  -4.03663743 -4.13258997 -4.2176198   2.44309316]\n [ 1.40402602 -4.03663743 11.1603122  -0.06058448 -3.94004991  3.09190498]\n [-1.60071498 -4.13258997 -0.06058448  4.75768674  2.41650114 -1.95887759]\n [-2.01398475 -4.2176198  -3.94004991  2.41650114  7.77417424 -2.75947891]\n [ 2.64733213  2.44309316  3.09190498 -1.95887759 -2.75947891  5.46447288]]", "nfev": "329", "njev": "47", "status": "0", "success": "True", "message": "Optimization terminated successfully.", "x": "[-0.70319209  4.71738076  4.07789723  4.52881529  0.31304121  3.01403776]", "nit": "36", "callback": [0.790588775952843, 0.6432583715538309, 0.5527675859606773, 0.528002051156303, 0.48588394265619383, 0.42245026489279713, 0.3589845095963683, 0.321477690878215, 0.3129375134127037, 0.30952858725069776, 0.30657141072096794, 0.3037227711005269, 0.30359250481910083, 0.3035545468636206, 0.30348174370368974, 0.3021405425387411, 0.30173888853513786, 0.30096024625101825, 0.29948987894413737, 0.29702500373170027, 0.2934291013487548, 0.2872216735274883, 0.2765824698065379, 0.2616956167669725, 0.25683974150393174, 0.2560667766463035, 0.25580106856846196, 0.25566640674422025, 0.2555579247668064, 0.25539316555908564, 0.25526671343272855, 0.25524576829557466, 0.25524355271578714, 0.25524344152942646, 0.255243437649744, 0.2552434372561615]}, "2": {"maxiter": 100, "gtol": 1e-05, "xrtol": 1e-10, "eps": 1e-05, "duration": 0.07599997520446777, "fun": "0.2552434375418131", "jac": "[-4.64659422e-06  8.37304670e-06  3.24026361e-06 -2.66902056e-06\n  9.40153511e-06  4.70609107e-06]", "hess_inv": "[[ 4.00180823  1.63891106  1.61247311 -1.53186102 -2.13114693  2.47845458]\n [ 1.63891106 11.94547965 -4.93793683 -4.59341687 -3.37460656  2.64436888]\n [ 1.61247311 -4.93793683 12.04190183  0.35124685 -4.82862682  2.85576719]\n [-1.53186102 -4.59341687  0.35124685  4.92971228  2.03428887 -2.14872446]\n [-2.13114693 -3.37460656 -4.82862682  2.03428887  8.66578112 -2.44496893]\n [ 2.47845458  2.64436888  2.85576719 -2.14872446 -2.44496893  5.50899734]]", "nfev": "322", "njev": "46", "status": "0", "success": "True", "message": "Optimization terminated successfully.", "x": "[-0.70320509  4.71742391  4.07784325  4.52880095  0.31307724  3.01403776]", "nit": "35", "callback": [0.7905900702398249, 0.6433478576896576, 0.5528301079045084, 0.5280607466873761, 0.48594016580858557, 0.4225194036145068, 0.3590871756922799, 0.32149617031998234, 0.3129421154862323, 0.3095313202269342, 0.30657764898359563, 0.3037205494987134, 0.30359288513311766, 0.303554800189592, 0.3034819423103282, 0.30215463539661247, 0.30175358349976555, 0.30097637246590037, 0.29951052369420406, 0.2970582443676161, 0.29346889017979383, 0.2872681445863391, 0.2766257384177395, 0.2616914555222034, 0.2567845128133287, 0.25601755766660084, 0.25578824362084884, 0.25564693524787374, 0.2555511461990768, 0.25540042885385794, 0.25526529574269974, 0.25524594942187206, 0.2552435498691876, 0.2552434398097815, 0.2552434375418131]}, "3": {"maxiter": 100, "gtol": 1e-05, "xrtol": 1e-10, "eps": 1e-10, "duration": 0.07664179801940918, "fun": "0.2552434372561615", "jac": "[-2.22044587e-06 -3.33066880e-06  0.00000000e+00 -6.66133760e-06\n -4.44089173e-06 -2.22044587e-06]", "hess_inv": "[[ 4.1240445   1.89262213  1.40402602 -1.60071498 -2.01398475  2.64733213]\n [ 1.89262213 10.9700846  -4.03663743 -4.13258997 -4.2176198   2.44309316]\n [ 1.40402602 -4.03663743 11.1603122  -0.06058448 -3.94004991  3.09190498]\n [-1.60071498 -4.13258997 -0.06058448  4.75768674  2.41650114 -1.95887759]\n [-2.01398475 -4.2176198  -3.94004991  2.41650114  7.77417424 -2.75947891]\n [ 2.64733213  2.44309316  3.09190498 -1.95887759 -2.75947891  5.46447288]]", "nfev": "329", "njev": "47", "status": "0", "success": "True", "message": "Optimization terminated successfully.", "x": "[-0.70319209  4.71738076  4.07789723  4.52881529  0.31304121  3.01403776]", "nit": "36", "callback": [0.790588775952843, 0.6432583715538309, 0.5527675859606773, 0.528002051156303, 0.48588394265619383, 0.42245026489279713, 0.3589845095963683, 0.321477690878215, 0.3129375134127037, 0.30952858725069776, 0.30657141072096794, 0.3037227711005269, 0.30359250481910083, 0.3035545468636206, 0.30348174370368974, 0.3021405425387411, 0.30173888853513786, 0.30096024625101825, 0.29948987894413737, 0.29702500373170027, 0.2934291013487548, 0.2872216735274883, 0.2765824698065379, 0.2616956167669725, 0.25683974150393174, 0.2560667766463035, 0.25580106856846196, 0.25566640674422025, 0.2555579247668064, 0.25539316555908564, 0.25526671343272855, 0.25524576829557466, 0.25524355271578714, 0.25524344152942646, 0.255243437649744, 0.2552434372561615]}, "4": {"maxiter": 100, "gtol": 1e-10, "xrtol": 1e-05, "eps": 1e-05, "duration": 0.07744216918945312, "fun": "0.2552434372692507", "jac": "[ 4.22695212e-07 -1.71329617e-07 -3.76110254e-07  2.31803465e-07\n  9.38804590e-08  3.33832961e-07]", "hess_inv": "[[ 4.23178914  2.09228867  1.6468534  -1.74469742 -2.29800687  2.86394013]\n [ 2.09228867 10.92205474 -3.82307088 -4.06878968 -4.39168227  2.53081643]\n [ 1.6468534  -3.82307088 11.4751675  -0.19625421 -4.47774338  3.39045419]\n [-1.74469742 -4.06878968 -0.19625421  4.66166763  2.52761007 -2.0752871 ]\n [-2.29800687 -4.39168227 -4.47774338  2.52761007  8.53985564 -3.03817072]\n [ 2.86394013  2.53081643  3.39045419 -2.0752871  -3.03817072  5.75716826]]", "nfev": "329", "njev": "47", "status": "0", "success": "True", "message": "Optimization terminated successfully.", "x": "[-0.70320481  4.71737308  4.07787135  4.52882599  0.3130586   3.01401482]", "nit": "36", "callback": [0.7905900702398249, 0.6433478576896576, 0.5528301079045084, 0.5280607466873761, 0.48594016580858557, 0.4225194036145068, 0.3590871756922799, 0.32149617031998234, 0.3129421154862323, 0.3095313202269342, 0.30657764898359563, 0.3037205494987134, 0.30359288513311766, 0.303554800189592, 0.3034819423103282, 0.30215463539661247, 0.30175358349976555, 0.30097637246590037, 0.29951052369420406, 0.2970582443676161, 0.29346889017979383, 0.2872681445863391, 0.2766257384177395, 0.2616914555222034, 0.2567845128133287, 0.25601755766660084, 0.25578824362084884, 0.25564693524787374, 0.2555511461990768, 0.25540042885385794, 0.25526529574269974, 0.25524594942187206, 0.2552435498691876, 0.2552434398097815, 0.2552434375418131, 0.2552434372692507]}, "5": {"maxiter": 100, "gtol": 1e-10, "xrtol": 1e-05, "eps": 1e-10, "duration": 0.07672119140625, "fun": "0.25524343725544973", "jac": "[ 0.00000000e+00  1.11022293e-06 -1.11022293e-06  1.11022293e-06\n -1.11022293e-06  1.11022293e-06]", "hess_inv": "[[ 4.18883825  1.71146161  1.48394409 -1.39141038 -2.04847076  2.60419997]\n [ 1.71146161 11.439005   -4.07408709 -4.83778525 -4.33408612  2.54786763]\n [ 1.48394409 -4.07408709 10.33871535  0.79118564 -2.92938622  3.11697544]\n [-1.39141038 -4.83778525  0.79118564  5.05086545  1.62567245 -2.14870134]\n [-2.04847076 -4.33408612 -2.92938622  1.62567245  6.58706748 -2.82610844]\n [ 2.60419997  2.54786763  3.11697544 -2.14870134 -2.82610844  5.48652748]]", "nfev": "336", "njev": "48", "status": "0", "success": "True", "message": "Optimization terminated successfully.", "x": "[-0.70318967  4.71737684  4.07788613  4.52883218  0.31305604  3.01403734]", "nit": "37", "callback": [0.790588775952843, 0.6432583715538309, 0.5527675859606773, 0.528002051156303, 0.48588394265619383, 0.42245026489279713, 0.3589845095963683, 0.321477690878215, 0.3129375134127037, 0.30952858725069776, 0.30657141072096794, 0.3037227711005269, 0.30359250481910083, 0.3035545468636206, 0.30348174370368974, 0.3021405425387411, 0.30173888853513786, 0.30096024625101825, 0.29948987894413737, 0.29702500373170027, 0.2934291013487548, 0.2872216735274883, 0.2765824698065379, 0.2616956167669725, 0.25683974150393174, 0.2560667766463035, 0.25580106856846196, 0.25566640674422025, 0.2555579247668064, 0.25539316555908564, 0.25526671343272855, 0.25524576829557466, 0.25524355271578714, 0.25524344152942646, 0.255243437649744, 0.2552434372561615, 0.25524343725544973]}, "6": {"maxiter": 100, "gtol": 1e-10, "xrtol": 1e-10, "eps": 1e-05, "duration": 0.11912679672241211, "fun": "0.2552434372692507", "jac": "[ 4.22695212e-07 -1.71329617e-07 -3.76110254e-07  2.31803465e-07\n  9.38804590e-08  3.33832961e-07]", "hess_inv": "[[ 4.23084975  2.1780684   1.60038231 -1.78722218 -2.26730608  2.90237602]\n [ 2.1780684  10.89396239 -3.98168909 -4.00795634 -4.26303745  2.56924607]\n [ 1.60038231 -3.98168909 11.65914682 -0.14407667 -4.61274264  3.29060628]\n [-1.78722218 -4.00795634 -0.14407667  4.60853807  2.48145683 -2.07301393]\n [-2.26730608 -4.26303745 -4.61274264  2.48145683  8.63800356 -2.9613622 ]\n [ 2.90237602  2.56924607  3.29060628 -2.07301393 -2.9613622   5.79758075]]", "nfev": "535", "njev": "75", "status": "2", "success": "False", "message": "Desired error not necessarily achieved due to precision loss.", "x": "[-0.70320481  4.71737308  4.07787135  4.52882599  0.3130586   3.01401482]", "nit": "36", "callback": [0.7905900702398249, 0.6433478576896576, 0.5528301079045084, 0.5280607466873761, 0.48594016580858557, 0.4225194036145068, 0.3590871756922799, 0.32149617031998234, 0.3129421154862323, 0.3095313202269342, 0.30657764898359563, 0.3037205494987134, 0.30359288513311766, 0.303554800189592, 0.3034819423103282, 0.30215463539661247, 0.30175358349976555, 0.30097637246590037, 0.29951052369420406, 0.2970582443676161, 0.29346889017979383, 0.2872681445863391, 0.2766257384177395, 0.2616914555222034, 0.2567845128133287, 0.25601755766660084, 0.25578824362084884, 0.25564693524787374, 0.2555511461990768, 0.25540042885385794, 0.25526529574269974, 0.25524594942187206, 0.2552435498691876, 0.2552434398097815, 0.2552434375418131, 0.2552434372692507]}, "7": {"maxiter": 100, "gtol": 1e-10, "xrtol": 1e-10, "eps": 1e-10, "duration": 0.09047603607177734, "fun": "0.2552434372554496", "jac": "[1.11022293e-06 1.11022293e-06 0.00000000e+00 2.22044587e-06\n 0.00000000e+00 1.11022293e-06]", "hess_inv": "[[ 4.09424079  1.51766868  1.79184891 -1.62273659 -2.17113136  2.52778627]\n [ 1.51766868 12.31478437 -2.9811103  -6.88691319 -6.26233815  2.73081307]\n [ 1.79184891 -2.9811103   9.50436192  0.97209603 -3.13911595  3.4889759 ]\n [-1.62273659 -6.88691319  0.97209603  6.43473409  3.40118169 -2.75571947]\n [-2.17113136 -6.26233815 -3.13911595  3.40118169  8.63752351 -3.37248503]\n [ 2.52778627  2.73081307  3.4889759  -2.75571947 -3.37248503  5.51535282]]", "nfev": "406", "njev": "58", "status": "0", "success": "True", "message": "Optimization terminated successfully.", "x": "[-0.70318967  4.71737684  4.07788613  4.52883218  0.31305604  3.01403734]", "nit": "38", "callback": [0.790588775952843, 0.6432583715538309, 0.5527675859606773, 0.528002051156303, 0.48588394265619383, 0.42245026489279713, 0.3589845095963683, 0.321477690878215, 0.3129375134127037, 0.30952858725069776, 0.30657141072096794, 0.3037227711005269, 0.30359250481910083, 0.3035545468636206, 0.30348174370368974, 0.3021405425387411, 0.30173888853513786, 0.30096024625101825, 0.29948987894413737, 0.29702500373170027, 0.2934291013487548, 0.2872216735274883, 0.2765824698065379, 0.2616956167669725, 0.25683974150393174, 0.2560667766463035, 0.25580106856846196, 0.25566640674422025, 0.2555579247668064, 0.25539316555908564, 0.25526671343272855, 0.25524576829557466, 0.25524355271578714, 0.25524344152942646, 0.255243437649744, 0.2552434372561615, 0.25524343725544973, 0.2552434372554496]}, "8": {"maxiter": 500, "gtol": 1e-05, "xrtol": 1e-05, "eps": 1e-05, "duration": 0.07246112823486328, "fun": "0.2552434375418131", "jac": "[-4.64659422e-06  8.37304670e-06  3.24026361e-06 -2.66902056e-06\n  9.40153511e-06  4.70609107e-06]", "hess_inv": "[[ 4.00180823  1.63891106  1.61247311 -1.53186102 -2.13114693  2.47845458]\n [ 1.63891106 11.94547965 -4.93793683 -4.59341687 -3.37460656  2.64436888]\n [ 1.61247311 -4.93793683 12.04190183  0.35124685 -4.82862682  2.85576719]\n [-1.53186102 -4.59341687  0.35124685  4.92971228  2.03428887 -2.14872446]\n [-2.13114693 -3.37460656 -4.82862682  2.03428887  8.66578112 -2.44496893]\n [ 2.47845458  2.64436888  2.85576719 -2.14872446 -2.44496893  5.50899734]]", "nfev": "322", "njev": "46", "status": "0", "success": "True", "message": "Optimization terminated successfully.", "x": "[-0.70320509  4.71742391  4.07784325  4.52880095  0.31307724  3.01403776]", "nit": "35", "callback": [0.7905900702398249, 0.6433478576896576, 0.5528301079045084, 0.5280607466873761, 0.48594016580858557, 0.4225194036145068, 0.3590871756922799, 0.32149617031998234, 0.3129421154862323, 0.3095313202269342, 0.30657764898359563, 0.3037205494987134, 0.30359288513311766, 0.303554800189592, 0.3034819423103282, 0.30215463539661247, 0.30175358349976555, 0.30097637246590037, 0.29951052369420406, 0.2970582443676161, 0.29346889017979383, 0.2872681445863391, 0.2766257384177395, 0.2616914555222034, 0.2567845128133287, 0.25601755766660084, 0.25578824362084884, 0.25564693524787374, 0.2555511461990768, 0.25540042885385794, 0.25526529574269974, 0.25524594942187206, 0.2552435498691876, 0.2552434398097815, 0.2552434375418131]}, "9": {"maxiter": 500, "gtol": 1e-05, "xrtol": 1e-05, "eps": 1e-10, "duration": 0.07321596145629883, "fun": "0.2552434372561615", "jac": "[-2.22044587e-06 -3.33066880e-06  0.00000000e+00 -6.66133760e-06\n -4.44089173e-06 -2.22044587e-06]", "hess_inv": "[[ 4.1240445   1.89262213  1.40402602 -1.60071498 -2.01398475  2.64733213]\n [ 1.89262213 10.9700846  -4.03663743 -4.13258997 -4.2176198   2.44309316]\n [ 1.40402602 -4.03663743 11.1603122  -0.06058448 -3.94004991  3.09190498]\n [-1.60071498 -4.13258997 -0.06058448  4.75768674  2.41650114 -1.95887759]\n [-2.01398475 -4.2176198  -3.94004991  2.41650114  7.77417424 -2.75947891]\n [ 2.64733213  2.44309316  3.09190498 -1.95887759 -2.75947891  5.46447288]]", "nfev": "329", "njev": "47", "status": "0", "success": "True", "message": "Optimization terminated successfully.", "x": "[-0.70319209  4.71738076  4.07789723  4.52881529  0.31304121  3.01403776]", "nit": "36", "callback": [0.790588775952843, 0.6432583715538309, 0.5527675859606773, 0.528002051156303, 0.48588394265619383, 0.42245026489279713, 0.3589845095963683, 0.321477690878215, 0.3129375134127037, 0.30952858725069776, 0.30657141072096794, 0.3037227711005269, 0.30359250481910083, 0.3035545468636206, 0.30348174370368974, 0.3021405425387411, 0.30173888853513786, 0.30096024625101825, 0.29948987894413737, 0.29702500373170027, 0.2934291013487548, 0.2872216735274883, 0.2765824698065379, 0.2616956167669725, 0.25683974150393174, 0.2560667766463035, 0.25580106856846196, 0.25566640674422025, 0.2555579247668064, 0.25539316555908564, 0.25526671343272855, 0.25524576829557466, 0.25524355271578714, 0.25524344152942646, 0.255243437649744, 0.2552434372561615]}, "10": {"maxiter": 500, "gtol": 1e-05, "xrtol": 1e-10, "eps": 1e-05, "duration": 0.07185506820678711, "fun": "0.2552434375418131", "jac": "[-4.64659422e-06  8.37304670e-06  3.24026361e-06 -2.66902056e-06\n  9.40153511e-06  4.70609107e-06]", "hess_inv": "[[ 4.00180823  1.63891106  1.61247311 -1.53186102 -2.13114693  2.47845458]\n [ 1.63891106 11.94547965 -4.93793683 -4.59341687 -3.37460656  2.6