{"date": "2024/09/25/, 19:46:22", "conf_id": 304, "data_type": "var_s_rank\n", "num_data_points": 4, "s_rank": 0, "unitary": "[[-0.24866696+0.58742286j,-0.44704345-0.43151574j,-0.35669027-0.20570733j,-0.10517633+0.1626036j],[0.10596805-0.19687975j,-0.30269685-0.15056416j,0.18246286+0.30440582j,-0.83484447-0.11310748j],[0.26054512-0.52548482j,0.0285017-0.50723956j,-0.43110112+0.17165838j,0.15243271+0.39915801j],[0.42978035+0.11991271j,-0.17224126-0.46030424j,0.6827807-0.15164662j,0.26483638+0.0061855j]]", "databatch_0": {"databatch": "[[[-1.35009199e-01-0.08451137j,-1.97424357e-01-0.03758283j,-1.26398498e-02-0.11733843j,1.03007922e-01+0.19578212j],[5.38786359e-02-0.17536267j,-1.69039098e-02-0.23085373j,1.26803374e-01-0.04896592j,-1.87208666e-01+0.17285141j],[3.50557656e-01+0.11799993j,4.66197916e-01-0.0216875j,9.18903880e-02+0.2582017j,-3.38344486e-01-0.38659509j],[-2.71747923e-02+0.02559773j,-2.02378549e-02+0.04253516j,-2.73563084e-02-0.00409733j,5.05060659e-02-0.01173821j]],[[1.09610037e-01+0.18163853j,-2.24357380e-01+0.31166887j,-1.66364461e-01+0.05337279j,-1.60662302e-01+0.44421631j],[-8.45884504e-02-0.05345757j,2.88013504e-02-0.17882872j,5.88924941e-02-0.05764461j,-2.60548603e-02-0.22127889j],[-1.75604461e-01+0.07786171j,-2.54530994e-01-0.23690038j,-2.90748331e-02-0.15550411j,-3.80827238e-01-0.19471674j],[5.60519066e-02+0.07627654j,-8.70852656e-02+0.14756376j,-7.17643560e-02+0.03044532j,-5.34211685e-02+0.20388415j]],[[-1.95873097e-01+0.3628445j,1.86935310e-01-0.15045877j,-1.92300202e-01-0.2397514j,-1.15754081e-01-0.15214282j],[-3.23399616e-01-0.25474601j,1.16016581e-01+0.20961886j,2.68729488e-01-0.14813777j,1.69458028e-01-0.08783189j],[-6.96840482e-02-0.22568791j,-1.35338528e-02+0.13679152j,1.75171762e-01+0.01763097j,1.08642202e-01+0.01375381j],[-1.06356927e-02+0.28054178j,6.89966971e-02-0.14809754j,-1.89531999e-01-0.08869174j,-1.16439398e-01-0.05816871j]],[[-5.21436611e-02+0.18560041j,-1.52289740e-01+0.05555405j,5.02206003e-02+0.13699895j,1.09199607e-01-0.08502688j],[-2.26433094e-01-0.32160087j,1.08313719e-01-0.31248606j,-2.81425613e-01-0.09705158j,-6.17540139e-03+0.28228996j],[-3.29440035e-04-0.39690343j,2.70747540e-01-0.19513713j,-1.76028713e-01-0.24342633j,-1.68900773e-01+0.22947439j],[-7.10262352e-02+0.05749942j,-7.41263750e-02-0.02024252j,-1.81154834e-02+0.06675065j,6.55357762e-02-0.00296462j]]]", "initial param values": "[1.37756595,1.87922881,2.93525368,5.3766523,4.34495924,1.09103629]", "nelder_mead": {"type": "gradient-free", "0": {"maxiter": 100, "fatol": 1e-05, "xatol": 1e-05, "duration": 0.042275190353393555, "fun": "0.3562572233313409", "nit": "100", "nfev": "156", "status": "2", "success": "False", "message": "Maximum number of iterations has been exceeded.", "x": "[1.64089205 0.09438488 3.29545594 4.42482043 4.6145968  1.66775326]", "final_simplex": "(array([[1.64089205, 0.09438488, 3.29545594, 4.42482043, 4.6145968 ,\n        1.66775326],\n       [1.64790373, 0.09933553, 3.29631711, 4.41478606, 4.61066789,\n        1.66858816],\n       [1.62536026, 0.11754367, 3.32039092, 4.37059095, 4.63444015,\n        1.67113323],\n       [1.64597872, 0.09502438, 3.28392385, 4.36856722, 4.61443378,\n        1.67782943],\n       [1.65299511, 0.12301474, 3.27952659, 4.38536778, 4.58020763,\n        1.66456001],\n       [1.62677905, 0.10812089, 3.2896387 , 4.40236629, 4.63282671,\n        1.67845487],\n       [1.64775064, 0.07313532, 3.27211582, 4.42911481, 4.57657423,\n        1.68602961]]), array([0.35625722, 0.35641434, 0.35642778, 0.35647866, 0.35648451,\n       0.35652818, 0.35662525]))", "callback": [0.6699955615967993, 0.538545008257816, 0.5037374895406722, 0.44364223337605746, 0.36786824634587545, 0.36786824634587545, 0.361703535152049, 0.35849465499347244, 0.3567397770471872, 0.3567006574352607]}, "1": {"maxiter": 100, "fatol": 1e-05, "xatol": 1e-10, "duration": 0.0381166934967041, "fun": "0.3562572233313409", "nit": "100", "nfev": "156", "status": "2", "success": "False", "message": "Maximum number of iterations has been exceeded.", "x": "[1.64089205 0.09438488 3.29545594 4.42482043 4.6145968  1.66775326]", "final_simplex": "(array([[1.64089205, 0.09438488, 3.29545594, 4.42482043, 4.6145968 ,\n        1.66775326],\n       [1.64790373, 0.09933553, 3.29631711, 4.41478606, 4.61066789,\n        1.66858816],\n       [1.62536026, 0.11754367, 3.32039092, 4.37059095, 4.63444015,\n        1.67113323],\n       [1.64597872, 0.09502438, 3.28392385, 4.36856722, 4.61443378,\n        1.67782943],\n       [1.65299511, 0.12301474, 3.27952659, 4.38536778, 4.58020763,\n        1.66456001],\n       [1.62677905, 0.10812089, 3.2896387 , 4.40236629, 4.63282671,\n        1.67845487],\n       [1.64775064, 0.07313532, 3.27211582, 4.42911481, 4.57657423,\n        1.68602961]]), array([0.35625722, 0.35641434, 0.35642778, 0.35647866, 0.35648451,\n       0.35652818, 0.35662525]))", "callback": [0.6699955615967993, 0.538545008257816, 0.5037374895406722, 0.44364223337605746, 0.36786824634587545, 0.36786824634587545, 0.361703535152049, 0.35849465499347244, 0.3567397770471872, 0.3567006574352607]}, "2": {"maxiter": 100, "fatol": 1e-10, "xatol": 1e-05, "duration": 0.03795790672302246, "fun": "0.3562572233313409", "nit": "100", "nfev": "156", "status": "2", "success": "False", "message": "Maximum number of iterations has been exceeded.", "x": "[1.64089205 0.09438488 3.29545594 4.42482043 4.6145968  1.66775326]", "final_simplex": "(array([[1.64089205, 0.09438488, 3.29545594, 4.42482043, 4.6145968 ,\n        1.66775326],\n       [1.64790373, 0.09933553, 3.29631711, 4.41478606, 4.61066789,\n        1.66858816],\n       [1.62536026, 0.11754367, 3.32039092, 4.37059095, 4.63444015,\n        1.67113323],\n       [1.64597872, 0.09502438, 3.28392385, 4.36856722, 4.61443378,\n        1.67782943],\n       [1.65299511, 0.12301474, 3.27952659, 4.38536778, 4.58020763,\n        1.66456001],\n       [1.62677905, 0.10812089, 3.2896387 , 4.40236629, 4.63282671,\n        1.67845487],\n       [1.64775064, 0.07313532, 3.27211582, 4.42911481, 4.57657423,\n        1.68602961]]), array([0.35625722, 0.35641434, 0.35642778, 0.35647866, 0.35648451,\n       0.35652818, 0.35662525]))", "callback": [0.6699955615967993, 0.538545008257816, 0.5037374895406722, 0.44364223337605746, 0.36786824634587545, 0.36786824634587545, 0.361703535152049, 0.35849465499347244, 0.3567397770471872, 0.3567006574352607]}, "3": {"maxiter": 100, "fatol": 1e-10, "xatol": 1e-10, "duration": 0.03768014907836914, "fun": "0.3562572233313409", "nit": "100", "nfev": "156", "status": "2", "success": "False", "message": "Maximum number of iterations has been exceeded.", "x": "[1.64089205 0.09438488 3.29545594 4.42482043 4.6145968  1.66775326]", "final_simplex": "(array([[1.64089205, 0.09438488, 3.29545594, 4.42482043, 4.6145968 ,\n        1.66775326],\n       [1.64790373, 0.09933553, 3.29631711, 4.41478606, 4.61066789,\n        1.66858816],\n       [1.62536026, 0.11754367, 3.32039092, 4.37059095, 4.63444015,\n        1.67113323],\n       [1.64597872, 0.09502438, 3.28392385, 4.36856722, 4.61443378,\n        1.67782943],\n       [1.65299511, 0.12301474, 3.27952659, 4.38536778, 4.58020763,\n        1.66456001],\n       [1.62677905, 0.10812089, 3.2896387 , 4.40236629, 4.63282671,\n        1.67845487],\n       [1.64775064, 0.07313532, 3.27211582, 4.42911481, 4.57657423,\n        1.68602961]]), array([0.35625722, 0.35641434, 0.35642778, 0.35647866, 0.35648451,\n       0.35652818, 0.35662525]))", "callback": [0.6699955615967993, 0.538545008257816, 0.5037374895406722, 0.44364223337605746, 0.36786824634587545, 0.36786824634587545, 0.361703535152049, 0.35849465499347244, 0.3567397770471872, 0.3567006574352607]}, "4": {"maxiter": 500, "fatol": 1e-05, "xatol": 1e-05, "duration": 0.18401718139648438, "fun": "0.26955049821214483", "nit": "500", "nfev": "773", "status": "2", "success": "False", "message": "Maximum number of iterations has been exceeded.", "x": "[ 0.37292973  0.14173674  2.0500343   4.54129803  4.54856497 -0.20501856]", "final_simplex": "(array([[ 0.37292973,  0.14173674,  2.0500343 ,  4.54129803,  4.54856497,\n        -0.20501856],\n       [ 0.37292688,  0.14173755,  2.05003217,  4.54129883,  4.54856621,\n        -0.2050164 ],\n       [ 0.37292914,  0.14174198,  2.0500294 ,  4.54130155,  4.54856439,\n        -0.20501858],\n       [ 0.37293018,  0.14174038,  2.0500244 ,  4.54130499,  4.54856434,\n        -0.20501844],\n       [ 0.3729256 ,  0.14174519,  2.05002185,  4.54130283,  4.54855969,\n        -0.20502116],\n       [ 0.37292386,  0.14175761,  2.05001054,  4.54129903,  4.54856308,\n        -0.20502752],\n       [ 0.37292519,  0.14176336,  2.05000592,  4.54129788,  4.54856141,\n        -0.20502368]]), array([0.2695505, 0.2695505, 0.2695505, 0.2695505, 0.2695505, 0.2695505,\n       0.2695505]))", "callback": [0.6699955615967993, 0.538545008257816, 0.5037374895406722, 0.44364223337605746, 0.36786824634587545, 0.36786824634587545, 0.361703535152049, 0.35849465499347244, 0.3567397770471872, 0.3567006574352607, 0.3562572233313409, 0.35613527438666126, 0.3554659495702409, 0.35344984795537515, 0.3493306120902605, 0.3461823509620141, 0.33838940198257206, 0.31596242958193044, 0.29537297137638696, 0.28265252571566446, 0.27902360968286577, 0.2785390619161596, 0.2779838272335857, 0.2769101435478102, 0.2719371001517541, 0.2707043097035182, 0.2699721544524728, 0.26980402964898476, 0.26974788032367647, 0.26968679655893757, 0.2696555706800573, 0.26960187176973305, 0.2695620398975874, 0.2695545062251645, 0.26955179459964784, 0.2695510468876253, 0.2695507149322732, 0.2695505705615917, 0.26955053053541667, 0.26955051231927774, 0.2695505060603398, 0.26955050109865597, 0.2695504999625008, 0.26955049920214313, 0.26955049867780956, 0.26955049849080126, 0.2695504983125694, 0.26955049824456845, 0.26955049823254784, 0.26955049821624466]}, "5": {"maxiter": 500, "fatol": 1e-05, "xatol": 1e-10, "duration": 0.1806042194366455, "fun": "0.26955049821214483", "nit": "500", "nfev": "773", "status": "2", "success": "False", "message": "Maximum number of iterations has been exceeded.", "x": "[ 0.37292973  0.14173674  2.0500343   4.54129803  4.54856497 -0.20501856]", "final_simplex": "(array([[ 0.37292973,  0.14173674,  2.0500343 ,  4.54129803,  4.54856497,\n        -0.20501856],\n       [ 0.37292688,  0.14173755,  2.05003217,  4.54129883,  4.54856621,\n        -0.2050164 ],\n       [ 0.37292914,  0.14174198,  2.0500294 ,  4.54130155,  4.54856439,\n        -0.20501858],\n       [ 0.37293018,  0.14174038,  2.0500244 ,  4.54130499,  4.54856434,\n        -0.20501844],\n       [ 0.3729256 ,  0.14174519,  2.05002185,  4.54130283,  4.54855969,\n        -0.20502116],\n       [ 0.37292386,  0.14175761,  2.05001054,  4.54129903,  4.54856308,\n        -0.20502752],\n       [ 0.37292519,  0.14176336,  2.05000592,  4.54129788,  4.54856141,\n        -0.20502368]]), array([0.2695505, 0.2695505, 0.2695505, 0.2695505, 0.2695505, 0.2695505,\n       0.2695505]))", "callback": [0.6699955615967993, 0.538545008257816, 0.5037374895406722, 0.44364223337605746, 0.36786824634587545, 0.36786824634587545, 0.361703535152049, 0.35849465499347244, 0.3567397770471872, 0.3567006574352607, 0.3562572233313409, 0.35613527438666126, 0.3554659495702409, 0.35344984795537515, 0.3493306120902605, 0.3461823509620141, 0.33838940198257206, 0.31596242958193044, 0.29537297137638696, 0.28265252571566446, 0.27902360968286577, 0.2785390619161596, 0.2779838272335857, 0.2769101435478102, 0.2719371001517541, 0.2707043097035182, 0.2699721544524728, 0.26980402964898476, 0.26974788032367647, 0.26968679655893757, 0.2696555706800573, 0.26960187176973305, 0.2695620398975874, 0.2695545062251645, 0.26955179459964784, 0.2695510468876253, 0.2695507149322732, 0.2695505705615917, 0.26955053053541667, 0.26955051231927774, 0.2695505060603398, 0.26955050109865597, 0.2695504999625008, 0.26955049920214313, 0.26955049867780956, 0.26955049849080126, 0.2695504983125694, 0.26955049824456845, 0.26955049823254784, 0.26955049821624466]}, "6": {"maxiter": 500, "fatol": 1e-10, "xatol": 1e-05, "duration": 0.18987274169921875, "fun": "0.26955049821214483", "nit": "500", "nfev": "773", "status": "2", "success": "False", "message": "Maximum number of iterations has been exceeded.", "x": "[ 0.37292973  0.14173674  2.0500343   4.54129803  4.54856497 -0.20501856]", "final_simplex": "(array([[ 0.37292973,  0.14173674,  2.0500343 ,  4.54129803,  4.54856497,\n        -0.20501856],\n       [ 0.37292688,  0.14173755,  2.05003217,  4.54129883,  4.54856621,\n        -0.2050164 ],\n       [ 0.37292914,  0.14174198,  2.0500294 ,  4.54130155,  4.54856439,\n        -0.20501858],\n       [ 0.37293018,  0.14174038,  2.0500244 ,  4.54130499,  4.54856434,\n        -0.20501844],\n       [ 0.3729256 ,  0.14174519,  2.05002185,  4.54130283,  4.54855969,\n        -0.20502116],\n       [ 0.37292386,  0.14175761,  2.05001054,  4.54129903,  4.54856308,\n        -0.20502752],\n       [ 0.37292519,  0.14176336,  2.05000592,  4.54129788,  4.54856141,\n        -0.20502368]]), array([0.2695505, 0.2695505, 0.2695505, 0.2695505, 0.2695505, 0.2695505,\n       0.2695505]))", "callback": [0.6699955615967993, 0.538545008257816, 0.5037374895406722, 0.44364223337605746, 0.36786824634587545, 0.36786824634587545, 0.361703535152049, 0.35849465499347244, 0.3567397770471872, 0.3567006574352607, 0.3562572233313409, 0.35613527438666126, 0.3554659495702409, 0.35344984795537515, 0.3493306120902605, 0.3461823509620141, 0.33838940198257206, 0.31596242958193044, 0.29537297137638696, 0.28265252571566446, 0.27902360968286577, 0.2785390619161596, 0.2779838272335857, 0.2769101435478102, 0.2719371001517541, 0.2707043097035182, 0.2699721544524728, 0.26980402964898476, 0.26974788032367647, 0.26968679655893757, 0.2696555706800573, 0.26960187176973305, 0.2695620398975874, 0.2695545062251645, 0.26955179459964784, 0.2695510468876253, 0.2695507149322732, 0.2695505705615917, 0.26955053053541667, 0.26955051231927774, 0.2695505060603398, 0.26955050109865597, 0.2695504999625008, 0.26955049920214313, 0.26955049867780956, 0.26955049849080126, 0.2695504983125694, 0.26955049824456845, 0.26955049823254784, 0.26955049821624466]}, "7": {"maxiter": 500, "fatol": 1e-10, "xatol": 1e-10, "duration": 0.17399311065673828, "fun": "0.26955049821214483", "nit": "500", "nfev": "773", "status": "2", "success": "False", "message": "Maximum number of iterations has been exceeded.", "x": "[ 0.37292973  0.14173674  2.0500343   4.54129803  4.54856497 -0.20501856]", "final_simplex": "(array([[ 0.37292973,  0.14173674,  2.0500343 ,  4.54129803,  4.54856497,\n        -0.20501856],\n       [ 0.37292688,  0.14173755,  2.05003217,  4.54129883,  4.54856621,\n        -0.2050164 ],\n       [ 0.37292914,  0.14174198,  2.0500294 ,  4.54130155,  4.54856439,\n        -0.20501858],\n       [ 0.37293018,  0.14174038,  2.0500244 ,  4.54130499,  4.54856434,\n        -0.20501844],\n       [ 0.3729256 ,  0.14174519,  2.05002185,  4.54130283,  4.54855969,\n        -0.20502116],\n       [ 0.37292386,  0.14175761,  2.05001054,  4.54129903,  4.54856308,\n        -0.20502752],\n       [ 0.37292519,  0.14176336,  2.05000592,  4.54129788,  4.54856141,\n        -0.20502368]]), array([0.2695505, 0.2695505, 0.2695505, 0.2695505, 0.2695505, 0.2695505,\n       0.2695505]))", "callback": [0.6699955615967993, 0.538545008257816, 0.5037374895406722, 0.44364223337605746, 0.36786824634587545, 0.36786824634587545, 0.361703535152049, 0.35849465499347244, 0.3567397770471872, 0.3567006574352607, 0.3562572233313409, 0.35613527438666126, 0.3554659495702409, 0.35344984795537515, 0.3493306120902605, 0.3461823509620141, 0.33838940198257206, 0.31596242958193044, 0.29537297137638696, 0.28265252571566446, 0.27902360968286577, 0.2785390619161596, 0.2779838272335857, 0.2769101435478102, 0.2719371001517541, 0.2707043097035182, 0.2699721544524728, 0.26980402964898476, 0.26974788032367647, 0.26968679655893757, 0.2696555706800573, 0.26960187176973305, 0.2695620398975874, 0.2695545062251645, 0.26955179459964784, 0.2695510468876253, 0.2695507149322732, 0.2695505705615917, 0.26955053053541667, 0.26955051231927774, 0.2695505060603398, 0.26955050109865597, 0.2695504999625008, 0.26955049920214313, 0.26955049867780956, 0.26955049849080126, 0.2695504983125694, 0.26955049824456845, 0.26955049823254784, 0.26955049821624466]}, "8": {"maxiter": 1000, "fatol": 1e-05, "xatol": 1e-05, "duration": 0.18557190895080566, "fun": "0.2695504982110227", "nit": "509", "nfev": "788", "status": "0", "success": "True", "message": "Optimization terminated successfully.", "x": "[ 0.37292945  0.14173821  2.05003026  4.54129953  4.54856522 -0.20501685]", "final_simplex": "(array([[ 0.37292945,  0.14173821,  2.05003026,  4.54129953,  4.54856522,\n        -0.20501685],\n       [ 0.37292788,  0.14174525,  2.05002387,  4.54129965,  4.54856404,\n        -0.20501924],\n       [ 0.3729322 ,  0.14173942,  2.05002919,  4.54130128,  4.54856402,\n        -0.20501772],\n       [ 0.37293048,  0.14173428,  2.05003516,  4.54130165,  4.54856461,\n        -0.20501453],\n       [ 0.37292954,  0.14174024,  2.05002722,  4.54130245,  4.54856464,\n        -0.20501802],\n       [ 0.37293081,  0.14173675,  2.05003358,  4.54129999,  4.54856687,\n        -0.2050156 ],\n       [ 0.37292973,  0.14173674,  2.0500343 ,  4.54129803,  4.54856497,\n        -0.20501856]]), array([0.2695505, 0.2695505, 0.2695505, 0.2695505, 0.2695505, 0.2695505,\n       0.2695505]))", "callback": [0.6699955615967993, 0.538545008257816, 0.5037374895406722, 0.44364223337605746, 0.36786824634587545, 0.36786824634587545, 0.361703535152049, 0.35849465499347244, 0.3567397770471872, 0.3567006574352607, 0.3562572233313409, 0.35613527438666126, 0.3554659495702409, 0.35344984795537515, 0.3493306120902605, 0.3461823509620141, 0.33838940198257206, 0.31596242958193044, 0.29537297137638696, 0.28265252571566446, 0.27902360968286577, 0.2785390619161596, 0.2779838272335857, 0.2769101435478102, 0.2719371001517541, 0.2707043097035182, 0.2699721544524728, 0.26980402964898476, 0.26974788032367647, 0.26968679655893757, 0.2696555706800573, 0.26960187176973305, 0.2695620398975874, 0.2695545062251645, 0.26955179459964784, 0.2695510468876253, 0.2695507149322732, 0.2695505705615917, 0.26955053053541667, 0.26955051231927774, 0.2695505060603398, 0.26955050109865597, 0.2695504999625008, 0.26955049920214313, 0.26955049867780956, 0.26955049849080126, 0.2695504983125694, 0.26955049824456845, 0.26955049823254784, 0.26955049821624466, 0.26955049821214483]}, "9": {"maxiter": 1000, "fatol": 1e-05, "xatol": 1e-10, "duration": 0.22615408897399902, "fun": "0.26955049821038013", "nit": "599", "nfev": "989", "status": "0", "success": "True", "message": "Optimization terminated successfully.", "x": "[ 0.37293103  0.14174066  2.05002953  4.54130035  4.54856312 -0.20501567]", "final_simplex": "(array([[ 0.37293103,  0.14174066,  2.05002953,  4.54130035,  4.54856312,\n        -0.20501567],\n       [ 0.37293103,  0.14174066,  2.05002953,  4.54130035,  4.54856312,\n        -0.20501567],\n       [ 0.37293103,  0.14174066,  2.05002953,  4.54130035,  4.54856312,\n        -0.20501567],\n       [ 0.37293103,  0.14174066,  2.05002953,  4.54130035,  4.54856312,\n        -0.20501567],\n       [ 0.37293103,  0.14174066,  2.05002953,  4.54130035,  4.54856312,\n        -0.20501567],\n       [ 0.37293103,  0.14174066,  2.05002953,  4.54130035,  4.54856312,\n        -0.20501567],\n       [ 0.37293103,  0.14174066,  2.05002953,  4.54130035,  4.54856312,\n        -0.20501567]]), array([0.2695505, 0.2695505, 0.2695505, 0.2695505, 0.2695505, 0.2695505,\n       0.2695505]))", "callback": [0.6699955615967993, 0.538545008257816, 0.5037374895406722, 0.44364223337605746, 0.36786824634587545, 0.36786824634587545, 0.361703535152049, 0.35849465499347244, 0.3567397770471872, 0.3567006574352607, 0.3562572233313409, 0.35613527438666126, 0.3554659495702409, 0.35344984795537515, 0.3493306120902605, 0.3461823509620141, 0.33838940198257206, 0.31596242958193044, 0.29537297137638696, 0.28265252571566446, 0.27902360968286577, 0.2785390619161596, 0.2779838272335857, 0.2769101435478102, 0.2719371001517541, 0.2707043097035182, 0.2699721544524728, 0.26980402964898476, 0.26974788032367647, 0.26968679655893757, 0.2696555706800573, 0.26960187176973305, 0.2695620398975874, 0.2695545062251645, 0.26955179459964784, 0.2695510468876253, 0.2695507149322732, 0.2695505705615917, 0.26955053053541667, 0.26955051231927774, 0.2695505060603398, 0.26955050109865597, 0.2695504999625008, 0.26955049920214313, 0.26955049867780956, 0.26955049849080126, 0.2695504983125694, 0.26955049824456845, 0.26955049823254784, 0.26955049821624466, 0.26955049821214483, 0.2695504982105734, 0.2695504982105734, 0.2695504982104002, 0.26955049821039745, 0.26955049821038357, 0.2695504982103809, 0.26955049821038024, 0.26955049821038013, 0.26955049821038013]}, "10": {"maxiter": 1000, "fatol": 1e-10, "xatol": 1e-05, "duration": 0.1793668270111084, "fun": "0.2695504982110227", "nit": "509", "nfev": "788", "status": "0", "success": "True", "message": "Optimization terminated successfully.", "x": "[ 0.37292945  0.14173821  2.05003026  4.54129953  4.54856522 -0.20501685]", "final_simplex": "(array([[ 0.37292945,  0.14173821,  2.05003026,  4.54129953,  4.54856522,\n        -0.20501685],\n       [ 0.37292788,  0.14174525,  2.05002387,  4.54129965,  4.54856404,\n        -0.20501924],\n       [ 0.3729322 ,  0.14173942,  2.05002919,  4.54130128,  4.54856402,\n        -0.20501772],\n       [ 0.37293048,  0.14173428,  2.05003516,  4.54130165,  4.54856461,\n        -0.20501453],\n       [ 0.37292954,  0.14174024,  2.05002722,  4.54130245,  4.54856464,\n        -0.20501802],\n       [ 0.37293081,  0.14173675,  2.05003358,  4.54129999,  4.54856687,\n        -0.2050156 ],\n       [ 0.37292973,  0.14173674,  2.0500343 ,  4.54129803,  4.54856497,\n        -0.20501856]]), array([0.2695505, 0.2695505, 0.2695505, 0.2695505, 0.2695505, 0.2695505,\n       0.2695505]))", "callback": [0.6699955615967993, 0.538545008257816, 0.5037374895406722, 0.44364223337605746, 0.36786824634587545, 0.36786824634587545, 0.361703535152049, 0.35849465499347244, 0.3567397770471872, 0.3567006574352607, 0.3562572233313409, 0.35613527438666126, 0.3554659495702409, 0.35344984795537515, 0.3493306120902605, 0.3461823509620141, 0.33838940198257206, 0.31596242958193044, 0.29537297137638696, 0.28265252571566446, 0.27902360968286577, 0.2785390619161596, 0.2779838272335857, 0.2769101435478102, 0.2719371001517541, 0.2707043097035182, 0.2699721544524728, 0.26980402964898476, 0.26974788032367647, 0.26968679655893757, 0.2696555706800573, 0.26960187176973305, 0.2695620398975874, 0.2695545062251645, 0.26955179459964784, 0.2695510468876253, 0.2695507149322732, 0.2695505705615917, 0.26955053053541667, 0.26955051231927774, 0.2695505060603398, 0.26955050109865597, 0.2695504999625008, 0.26955049920214313, 0.26955049867780956, 0.26955049849080126, 0.2695504983125694, 0.26955049824456845, 0.26955049823254784, 0.26955049821624466, 0.26955049821214483]}, "11": {"maxiter": 1000, "fatol": 1e-10, "xatol": 1e-10, "duration": 0.22705793380737305, "fun": "0.26955049821038013", "nit": "599", "nfev": "989", "status": "0", "success": "True", "message": "Optimization terminated successfully.", "x": "[ 0.37293103  0.14174066  2.05002953  4.54130035  4.54856312 -0.20501567]", "final_simplex": "(array([[ 0.37293103,  0.14174066,  2.05002953,  4.54130035,  4.54856312,\n        -0.20501567],\n       [ 0.37293103,  0.14174066,  2.05002953,  4.54130035,  4.54856312,\n        -0.20501567],\n       [ 0.37293103,  0.14174066,  2.05002953,  4.54130035,  4.54856312,\n        -0.20501567],\n       [ 0.37293103,  0.14174066,  2.05002953,  4.54130035,  4.54856312,\n        -0.20501567],\n       [ 0.37293103,  0.14174066,  2.05002953,  4.54130035,  4.54856312,\n        -0.20501567],\n       [ 0.37293103,  0.14174066,  2.05002953,  4.54130035,  4.54856312,\n        -0.20501567],\n       [ 0.37293103,  0.14174066,  2.05002953,  4.54130035,  4.54856312,\n        -0.20501567]]), array([0.2695505, 0.2695505, 0.2695505, 0.2695505, 0.2695505, 0.2695505,\n       0.2695505]))", "callback": [0.6699955615967993, 0.538545008257816, 0.5037374895406722, 0.44364223337605746, 0.36786824634587545, 0.36786824634587545, 0.361703535152049, 0.35849465499347244, 0.3567397770471872, 0.3567006574352607, 0.3562572233313409, 0.35613527438666126, 0.3554659495702409, 0.35344984795537515, 0.3493306120902605, 0.3461823509620141, 0.33838940198257206, 0.31596242958193044, 0.29537297137638696, 0.28265252571566446, 0.27902360968286577, 0.2785390619161596, 0.2779838272335857, 0.2769101435478102, 0.2719371001517541, 0.2707043097035182, 0.2699721544524728, 0.26980402964898476, 0.26974788032367647, 0.26968679655893757, 0.2696555706800573, 0.26960187176973305, 0.2695620398975874, 0.2695545062251645, 0.26955179459964784, 0.2695510468876253, 0.2695507149322732, 0.2695505705615917, 0.26955053053541667, 0.26955051231927774, 0.2695505060603398, 0.26955050109865597, 0.2695504999625008, 0.26955049920214313, 0.26955049867780956, 0.26955049849080126, 0.2695504983125694, 0.26955049824456845, 0.26955049823254784, 0.26955049821624466, 0.26955049821214483, 0.2695504982105734, 0.2695504982105734, 0.2695504982104002, 0.26955049821039745, 0.26955049821038357, 0.2695504982103809, 0.26955049821038024, 0.26955049821038013, 0.26955049821038013]}}, "bfgs": {"type": "gradient", "0": {"maxiter": 100, "gtol": 1e-05, "xrtol": 1e-05, "eps": 1e-05, "duration": 0.05570793151855469, "fun": "0.26955049833041855", "jac": "[ 4.93795005e-06 -1.29407596e-06  3.69393405e-07 -4.00202094e-07\n -1.20747856e-07 -4.52028415e-06]", "hess_inv": "[[ 7.68230440e+00 -5.91113047e+00  8.37822079e+00  5.21048488e-01\n  -9.69240999e-01  6.71147145e+00]\n [-5.91113047e+00  4.98451521e+01 -5.26297685e+01  2.09214097e+00\n  -8.15268595e+00 -1.61848035e+01]\n [ 8.37822079e+00 -5.26297685e+01  6.30331022e+01 -5.19304761e+00\n   6.54358950e+00  2.15012559e+01]\n [ 5.21048488e-01  2.09214097e+00 -5.19304761e+00  5.00072559e+00\n  -6.32589562e-01 -4.63185412e-01]\n [-9.69240999e-01 -8.15268595e+00  6.54358950e+00 -6.32589562e-01\n   6.10445461e+00 -6.66909503e-03]\n [ 6.71147145e+00 -1.61848035e+01  2.15012559e+01 -4.63185412e-01\n  -6.66909503e-03  1.42450074e+01]]", "nfev": "231", "njev": "33", "status": "0", "success": "True", "message": "Optimization terminated successfully.", "x": "[ 0.37293601  0.14172448  2.05002995  4.5412952   4.54856866 -0.20504672]", "nit": "30", "callback": [0.5341944265231875, 0.5153172103840973, 0.4267184351242209, 0.4057100441522431, 0.3996841762136585, 0.3933981614509253, 0.3823590950008975, 0.3629373488003551, 0.33379404223783005, 0.32212415241780723, 0.30758407040331925, 0.2986567813929947, 0.2867944704608376, 0.2766921043767656, 0.275129514727818, 0.2741481874698506, 0.27387460281513665, 0.2733704547646746, 0.2724680630010745, 0.27115548307164117, 0.2704023796081745, 0.269865084869509, 0.269602704549618, 0.2695719697660992, 0.2695611283081698, 0.2695539910435043, 0.2695511549015859, 0.2695505754013392, 0.2695505020312584, 0.26955049833041855]}, "1": {"maxiter": 100, "gtol": 1e-05, "xrtol": 1e-05, "eps": 1e-10, "duration": 0.05428004264831543, "fun": "0.2695504990837735", "jac": "[ 6.66133760e-06  2.22044587e-06 -1.11022293e-06  0.00000000e+00\n -3.33066880e-06 -7.77156053e-06]", "hess_inv": "[[  7.89253803  -7.23514474   9.85772548   0.462492    -0.76379632\n    7.24434782]\n [ -7.23514474  57.70404445 -61.5994361    2.3893809   -9.45541897\n  -19.73369497]\n [  9.85772548 -61.5994361   73.20224418  -5.54269457   8.01223374\n   25.43092195]\n [  0.462492     2.3893809   -5.54269457   5.00423647  -0.68662089\n   -0.6233979 ]\n [ -0.76379632  -9.45541897   8.01223374  -0.68662089   6.33062962\n    0.55004235]\n [  7.24434782 -19.73369497  25.43092195  -0.6233979    0.55004235\n   15.62253249]]", "nfev": "231", "njev": "33", "status": "0", "success": "True", "message": "Optimization terminated successfully.", "x": "[ 0.37291016  0.14199672  2.04974261  4.54130718  4.54851986 -0.20513948]", "nit": "30", "callback": [0.534193881913762, 0.5153161525649126, 0.42671308919691053, 0.40571080046497177, 0.3996854917260748, 0.3933986816548698, 0.3823586998026747, 0.3629381283595624, 0.3337923709029095, 0.3221239961919019, 0.30758144511423247, 0.2986535318488921, 0.2867972632339043, 0.2766925290187314, 0.27512886434749384, 0.27414783068108284, 0.2738741399727923, 0.273369826990147, 0.2724674221904593, 0.2711550934233413, 0.270402139201006, 0.2698646286742894, 0.2696027971843473, 0.26957197582578996, 0.26956117998694695, 0.26955396516501684, 0.26955116520595346, 0.2695505820989448, 0.26955050427058436, 0.2695504990837735]}, "2": {"maxiter": 100, "gtol": 1e-05, "xrtol": 1e-10, "eps": 1e-05, "duration": 0.053379058837890625, "fun": "0.26955049833041855", "jac": "[ 4.93795005e-06 -1.29407596e-06  3.69393405e-07 -4.00202094e-07\n -1.20747856e-07 -4.52028415e-06]", "hess_inv": "[[ 7.68230440e+00 -5.91113047e+00  8.37822079e+00  5.21048488e-01\n  -9.69240999e-01  6.71147145e+00]\n [-5.91113047e+00  4.98451521e+01 -5.26297685e+01  2.09214097e+00\n  -8.15268595e+00 -1.61848035e+01]\n [ 8.37822079e+00 -5.26297685e+01  6.30331022e+01 -5.19304761e+00\n   6.54358950e+00  2.15012559e+01]\n [ 5.21048488e-01  2.09214097e+00 -5.19304761e+00  5.00072559e+00\n  -6.32589562e-01 -4.63185412e-01]\n [-9.69240999e-01 -8.15268595e+00  6.54358950e+00 -6.32589562e-01\n   6.10445461e+00 -6.66909503e-03]\n [ 6.71147145e+00 -1.61848035e+01  2.15012559e+01 -4.63185412e-01\n  -6.66909503e-03  1.42450074e+01]]", "nfev": "231", "njev": "33", "status": "0", "success": "True", "message": "Optimization terminated successfully.", "x": "[ 0.37293601  0.14172448  2.05002995  4.5412952   4.54856866 -0.20504672]", "nit": "30", "callback": [0.5341944265231875, 0.5153172103840973, 0.4267184351242209, 0.4057100441522431, 0.3996841762136585, 0.3933981614509253, 0.3823590950008975, 0.3629373488003551, 0.33379404223783005, 0.32212415241780723, 0.30758407040331925, 0.2986567813929947, 0.2867944704608376, 0.2766921043767656, 0.275129514727818, 0.2741481874698506, 0.27387460281513665, 0.2733704547646746, 0.2724680630010745, 0.27115548307164117, 0.2704023796081745, 0.269865084869509, 0.269602704549618, 0.2695719697660992, 0.2695611283081698, 0.2695539910435043, 0.2695511549015859, 0.2695505754013392, 0.2695505020312584, 0.26955049833041855]}, "3": {"maxiter": 100, "gtol": 1e-05, "xrtol": 1e-10, "eps": 1e-10, "duration": 0.05325508117675781, "fun": "0.2695504990837735", "jac": "[ 6.66133760e-06  2.22044587e-06 -1.11022293e-06  0.00000000e+00\n -3.33066880e-06 -7.77156053e-06]", "hess_inv": "[[  7.89253803  -7.23514474   9.85772548   0.462492    -0.76379632\n    7.24434782]\n [ -7.23514474  57.70404445 -61.5994361    2.3893809   -9.45541897\n  -19.73369497]\n [  9.85772548 -61.5994361   73.20224418  -5.54269457   8.01223374\n   25.43092195]\n [  0.462492     2.3893809   -5.54269457   5.00423647  -0.68662089\n   -0.6233979 ]\n [ -0.76379632  -9.45541897   8.01223374  -0.68662089   6.33062962\n    0.55004235]\n [  7.24434782 -19.73369497  25.43092195  -0.6233979    0.55004235\n   15.62253249]]", "nfev": "231", "njev": "33", "status": "0", "success": "True", "message": "Optimization terminated successfully.", "x": "[ 0.37291016  0.14199672  2.04974261  4.54130718  4.54851986 -0.20513948]", "nit": "30", "callback": [0.534193881913762, 0.5153161525649126, 0.42671308919691053, 0.40571080046497177, 0.3996854917260748, 0.3933986816548698, 0.3823586998026747, 0.3629381283595624, 0.3337923709029095, 0.3221239961919019, 0.30758144511423247, 0.2986535318488921, 0.2867972632339043, 0.2766925290187314, 0.27512886434749384, 0.27414783068108284, 0.2738741399727923, 0.273369826990147, 0.2724674221904593, 0.2711550934233413, 0.270402139201006, 0.2698646286742894, 0.2696027971843473, 0.26957197582578996, 0.26956117998694695, 0.26955396516501684, 0.26955116520595346, 0.2695505820989448, 0.26955050427058436, 0.2695504990837735]}, "4": {"maxiter": 100, "gtol": 1e-10, "xrtol": 1e-05, "eps": 1e-05, "duration": 0.054780006408691406, "fun": "0.26955049824867483", "jac": "[ 1.44328993e-10 -1.68753900e-09  9.17044218e-09  2.39808173e-09\n -5.17030863e-08 -2.47246668e-08]", "hess_inv": "[[  8.23415433  -6.96637659   9.36661977   0.46261604  -0.89024219\n    6.5500179 ]\n [ -6.96637659  51.13583663 -53.61538131   2.21210355  -8.02855974\n  -15.25318379]\n [  9.36661977 -53.61538131  63.67190473  -5.30796259   6.35381859\n   20.43377152]\n [  0.46261604   2.21210355  -5.30796259   5.00681949  -0.64402705\n   -0.45315177]\n [ -0.89024219  -8.02855974   6.35381859  -0.64402705   5.9933647\n   -0.25955309]\n [  6.5500179  -15.25318379  20.43377152  -0.45315177  -0.25955309\n   13.75672626]]", "nfev": "245", "njev": "35", "status": "0", "success": "True", "message": "Optimization terminated successfully.", "x": "[ 0.37291256  0.14177583  2.04998181  4.54129762  4.54855961 -0.20504438]", "nit": "32", "callback": [0.5341944265231875, 0.5153172103840973, 0.4267184351242209, 0.4057100441522431, 0.3996841762136585, 0.3933981614509253, 0.3823590950008975, 0.3629373488003551, 0.33379404223783005, 0.32212415241780723, 0.30758407040331925, 0.2986567813929947, 0.2867944704608376, 0.2766921043767656, 0.275129514727818, 0.2741481874698506, 0.27387460281513665, 0.2733704547646746, 0.2724680630010745, 0.27115548307164117, 0.2704023796081745, 0.269865084869509, 0.269602704549618, 0.2695719697660992, 0.2695611283081698, 0.2695539910435043, 0.2695511549015859, 0.2695505754013392, 0.2695505020312584, 0.26955049833041855, 0.26955049825323263, 0.26955049824867483]}, "5": {"maxiter": 100, "gtol": 1e-10, "xrtol": 1e-05, "eps": 1e-10, "duration": 0.10647106170654297, "fun": "0.26955049821852994", "jac": "[2.22044587e-06 1.11022293e-06 0.00000000e+00 2.22044587e-06\n 2.22044587e-06 1.11022293e-06]", "hess_inv": "[[  5.54798744  -2.20202221   4.21042249  -1.08612881  -1.20032431\n    3.01864206]\n [ -2.20202221  53.37530472 -57.0925141    4.25790208  -6.64354011\n  -14.13327737]\n [  4.21042249 -57.0925141   68.56391218  -7.60692112   4.84368732\n   19.38541333]\n [ -1.08612881   4.25790208  -7.60692112   3.68900392  -0.52279247\n   -2.78342058]\n [ -1.20032431  -6.64354011   4.84368732  -0.52279247   5.60876858\n   -0.89738674]\n [  3.01864206 -14.13327737  19.38541333  -2.78342058  -0.89738674\n   10.20054435]]", "nfev": "481", "njev": "67", "status": "2", "success": "False", "message": "Desired error not necessarily achieved due to precision loss.", "x": "[ 0.37293677  0.14171744  2.05005928  4.54129627  4.54856498 -0.2050082 ]", "nit": "32", "callback": [0.534193881913762, 0.5153161525649126, 0.42671308919691053, 0.40571080046497177, 0.3996854917260748, 0.3933986816548698, 0.3823586998026747, 0.3629381283595624, 0.3337923709029095, 0.3221239961919019, 0.30758144511423247, 0.2986535318488921, 0.2867972632339043, 0.2766925290187314, 0.27512886434749384, 0.27414783068108284, 0.2738741399727923, 0.273369826990147, 0.2724674221904593, 0.2711550934233413, 0.270402139201006, 0.2698646286742894, 0.2696027971843473, 0.26957197582578996, 0.26956117998694695, 0.26955396516501684, 0.26955116520595346, 0.2695505820989448, 0.26955050427058436, 0.2695504990837735, 0.2695504982349397, 0.26955049821852994]}, "6": {"maxiter": 100, "gtol": 1e-10, "xrtol": 1e-10, "eps": 1e-05, "duration": 0.08927297592163086, "fun": "0.26955049824829325", "jac": "[-1.73194792e-09  7.66053887e-10  1.24344979e-09  1.13242749e-09\n -2.67563749e-09  3.10862447e-10]", "hess_inv": "[[  8.18576737  -6.88182847   9.30698969   0.46853838  -0.92545606\n    6.57753102]\n [ -6.88182847  51.11372982 -53.49847968   2.22042638  -8.30114927\n  -15.32165686]\n [  9.30698969 -53.49847968  63.49771349  -5.31441767   6.44749983\n   20.41061939]\n [  0.46853838   2.22042638  -5.31441767   5.00647057  -0.66316814\n   -0.4679854 ]\n [ -0.92545606  -8.30114927   6.44749983  -0.66316814   6.57008424\n   -0.09313993]\n [  6.57753102 -15.32165686  20.41061939  -0.4679854   -0.09313993\n   13.71474053]]", "nfev": "396", "njev": "55", "status": "2", "success": "False", "message": "Desired error not necessarily achieved due to precision loss.", "x": "[ 0.37291257  0.1417756   2.04998199  4.54129761  4.54855987 -0.20504425]", "nit": "33", "callback": [0.5341944265231875, 0.5153172103840973, 0.4267184351242209, 0.4057100441522431, 0.3996841762136585, 0.3933981614509253, 0.3823590950008975, 0.3629373488003551, 0.33379404223783005, 0.32212415241780723, 0.30758407040331925, 0.2986567813929947, 0.2867944704608376, 0.2766921043767656, 0.275129514727818, 0.2741481874698506, 0.27387460281513665, 0.2733704547646746, 0.2724680630010745, 0.27115548307164117, 0.2704023796081745, 0.269865084869509, 0.269602704549618, 0.2695719697660992, 0.2695611283081698, 0.2695539910435043, 0.2695511549015859, 0.2695505754013392, 0.2695505020312584, 0.26955049833041855, 0.26955049825323263, 0.26955049824867483, 0.26955049824829325]}, "7": {"maxiter": 100, "gtol": 1e-10, "xrtol": 1e-10, "eps": 1e-10, "duration": 0.11554574966430664, "fun": "0.26955049821852994", "jac": "[2.22044587e-06 1.11022293e-06 0.00000000e+00 2.22044587e-06\n 2.22044587e-06 1.11022293e-06]", "hess_inv": "[[  5.54798744  -2.20202221   4.21042249  -1.08612881  -1.20032431\n    3.01864206]\n [ -2.20202221  53.37530472 -57.0925141    4.25790208  -6.64354011\n  -14.13327737]\n [  4.21042249 -57.0925141   68.56391218  -7.60692112   4.84368732\n   19.38541333]\n [ -1.08612881   4.25790208  -7.60692112   3.68900392  -0.52279247\n   -2.78342058]\n [ -1.20032431  -6.64354011   4.84368732  -0.52279247   5.60876858\n   -0.89738674]\n [  3.01864206 -14.13327737  19.38541333  -2.78342058  -0.89738674\n   10.20054435]]", "nfev": "481", "njev": "67", "status": "2", "success": "False", "message": "Desired error not necessarily achieved due to precision loss.", "x": "[ 0.37293677  0.14171744  2.05005928  4.54129627  4.54856498 -0.2050082 ]", "nit": "32", "callback": [0.534193881913762, 0.5153161525649126, 0.42671308919691053, 0.40571080046497177, 0.3996854917260748, 0.3933986816548698, 0.3823586998026747, 0.3629381283595624, 0.3337923709029095, 0.3221239961919019, 0.30758144511423247, 0.2986535318488921, 0.2867972632339043, 0.2766925290187314, 0.27512886434749384, 0.27414783068108284, 0.2738741399727923, 0.273369826990147, 0.2724674221904593, 0.2711550934233413, 0.270402139201006, 0.2698646286742894, 0.2696027971843473, 0.26957197582578996, 0.26956117998694695, 0.26955396516501684, 0.26955116520595346, 0.2695505820989448, 0.26955050427058436, 0.2695504990837735, 0.2695504982349397, 0.26955049821852994]}, "8": {"maxiter": 500, "gtol": 1e-05, "xrtol": 1e-05, "eps": 1e-05, "duration": 0.05425906181335449, "fun": "0.26955049833041855", "jac": "[ 4.93795005e-06 -1.29407596e-06  3.69393405e-07 -4.00202094e-07\n -1.20747856e-07 -4.52028415e-06]", "hess_inv": "[[ 7.68230440e+00 -5.91113047e+00  8.37822079e+00  5.21048488e-01\n  -9.69240999e-01  6.71147145e+00]\n [-5.91113047e+00  4.98451521e+01 -5.26297685e+01  2.09214097e+00\n  -8.15268595e+00 -1.61848035e+01]\n [ 8.37822079e+00 -5.26297685e+01  6.30331022e+01 -5.19304761e+00\n   6.54358950e+00  2.15012559e+01]\n [ 5.21048488e-01  2.09214097e+00 -5.19304761e+00  5.00072559e+00\n  -6.32589562e-01 -4.63185412e-01]\n [-9.69240999e-01 -8.15268595e+00  6.54358950e+00 -6.32589562e-01\n   6.10445461e+00 -6.66909503e-03]\n [ 6.71147145e+00 -1.61848035e+01  2.15012559e+01 -4.63185412e-01\n  -6.66909503e-03  1.42450074e+01]]", "nfev": "231", "njev": "33", "status": "0", "success": "True", "message": "Optimization terminated successfully.", "x": "[ 0.37293601  0.14172448  2.05002995  4.5412952   4.54856866 -0.20504672]", "nit": "30", "callback": [0.5341944265231875, 0.5153172103840973, 0.4267184351242209, 0.4057100441522431, 0.3996841762136585, 0.3933981614509253, 0.3823590950008975, 0.3629373488003551, 0.33379404223783005, 0.32212415241780723, 0.30758407040331925, 0.2986567813929947, 0.2867944704608376, 0.2766921043767656, 0.275129514727818, 0.27414