{"date": "2024/09/25/, 01:57:50", "conf_id": 106, "data_type": "orthogonal\n", "num_data_points": 2, "s_rank": 0, "unitary": "[[-0.56303964-0.00798273j,-0.21670212-0.15784972j,-0.06047197-0.73952673j,-0.01438004+0.24552571j],[-0.06976756+0.23474685j,-0.01275565-0.5435098j,-0.02703657-0.08917885j,-0.08210486-0.79311774j],[-0.38559961+0.10714929j,0.5933431-0.2687392j,-0.24060861+0.29149289j,-0.45147719+0.26241743j],[-0.50180421+0.45931857j,-0.11617175+0.44134496j,0.49642745+0.22684508j,-0.08544628-0.15407063j]]", "databatch_0": {"databatch": "[[[0.21111312+0.02412484j,0.06854931-0.08382615j,-0.08678296+0.07994843j,0.021764-0.1194962j],[-0.13380031+0.13757152j,-0.49264698+0.07659093j,-0.08436569-0.10368493j,0.26468912+0.00885417j],[-0.11795164-0.00537136j,0.29251735-0.02985249j,0.09194684-0.06241286j,-0.11516594+0.14653056j],[-0.35826514+0.19432923j,0.18589671+0.32207558j,0.07890324-0.20638909j,0.00577628+0.20074431j]],[[-0.21799626-0.24874728j,0.1041453-0.33627001j,0.2194552-0.0566099j,-0.1935023+0.28893367j],[-0.12378466+0.14602154j,0.20049569-0.00597005j,0.00763241-0.12122285j,0.03095307+0.13905931j],[0.02052119+0.27884791j,0.45555079-0.15640675j,-0.0787806-0.1286441j,0.0735674+0.13208443j],[-0.13816506-0.15545472j,-0.23665418-0.09323547j,0.09516303-0.01623964j,-0.02868021+0.09264213j]]]", "initial param values": "[2.52303016,2.68849219,4.25533605,0.73406862,2.53350681,4.91843751]", "nelder_mead": {"type": "gradient-free", "0": {"maxiter": 100, "fatol": 1e-05, "xatol": 1e-05, "duration": 0.03848910331726074, "fun": "0.5589602500309103", "nit": "100", "nfev": "153", "status": "2", "success": "False", "message": "Maximum number of iterations has been exceeded.", "x": "[3.12907903 2.8973424  6.46818594 0.5636661  4.02489934 1.02689772]", "final_simplex": "(array([[3.12907903, 2.8973424 , 6.46818594, 0.5636661 , 4.02489934,\n        1.02689772],\n       [3.07101169, 2.89578911, 6.43847599, 0.56212198, 4.00321847,\n        1.08905799],\n       [3.1008253 , 2.88803846, 6.51027747, 0.55367285, 4.0748154 ,\n        0.9924747 ],\n       [3.06571557, 2.90909259, 6.46930897, 0.5472771 , 4.07174399,\n        1.03152063],\n       [3.12488097, 2.88029971, 6.50221623, 0.54841217, 4.10038623,\n        0.97273197],\n       [3.10349075, 2.87323615, 6.45601401, 0.54958327, 4.08825259,\n        1.09291289],\n       [3.05722463, 2.92930518, 6.43219836, 0.5421202 , 4.12055981,\n        0.9616814 ]]), array([0.55896025, 0.5590887 , 0.55912136, 0.55929463, 0.55948197,\n       0.55953549, 0.55961436]))", "callback": [0.8985222525223416, 0.748841036842575, 0.7202159568370305, 0.692579877735956, 0.6740575856351863, 0.6393089876977082, 0.608489108016323, 0.5648788485259569, 0.5620946557215037, 0.5589602500309103]}, "1": {"maxiter": 100, "fatol": 1e-05, "xatol": 1e-10, "duration": 0.03677797317504883, "fun": "0.5589602500309103", "nit": "100", "nfev": "153", "status": "2", "success": "False", "message": "Maximum number of iterations has been exceeded.", "x": "[3.12907903 2.8973424  6.46818594 0.5636661  4.02489934 1.02689772]", "final_simplex": "(array([[3.12907903, 2.8973424 , 6.46818594, 0.5636661 , 4.02489934,\n        1.02689772],\n       [3.07101169, 2.89578911, 6.43847599, 0.56212198, 4.00321847,\n        1.08905799],\n       [3.1008253 , 2.88803846, 6.51027747, 0.55367285, 4.0748154 ,\n        0.9924747 ],\n       [3.06571557, 2.90909259, 6.46930897, 0.5472771 , 4.07174399,\n        1.03152063],\n       [3.12488097, 2.88029971, 6.50221623, 0.54841217, 4.10038623,\n        0.97273197],\n       [3.10349075, 2.87323615, 6.45601401, 0.54958327, 4.08825259,\n        1.09291289],\n       [3.05722463, 2.92930518, 6.43219836, 0.5421202 , 4.12055981,\n        0.9616814 ]]), array([0.55896025, 0.5590887 , 0.55912136, 0.55929463, 0.55948197,\n       0.55953549, 0.55961436]))", "callback": [0.8985222525223416, 0.748841036842575, 0.7202159568370305, 0.692579877735956, 0.6740575856351863, 0.6393089876977082, 0.608489108016323, 0.5648788485259569, 0.5620946557215037, 0.5589602500309103]}, "2": {"maxiter": 100, "fatol": 1e-10, "xatol": 1e-05, "duration": 0.035485029220581055, "fun": "0.5589602500309103", "nit": "100", "nfev": "153", "status": "2", "success": "False", "message": "Maximum number of iterations has been exceeded.", "x": "[3.12907903 2.8973424  6.46818594 0.5636661  4.02489934 1.02689772]", "final_simplex": "(array([[3.12907903, 2.8973424 , 6.46818594, 0.5636661 , 4.02489934,\n        1.02689772],\n       [3.07101169, 2.89578911, 6.43847599, 0.56212198, 4.00321847,\n        1.08905799],\n       [3.1008253 , 2.88803846, 6.51027747, 0.55367285, 4.0748154 ,\n        0.9924747 ],\n       [3.06571557, 2.90909259, 6.46930897, 0.5472771 , 4.07174399,\n        1.03152063],\n       [3.12488097, 2.88029971, 6.50221623, 0.54841217, 4.10038623,\n        0.97273197],\n       [3.10349075, 2.87323615, 6.45601401, 0.54958327, 4.08825259,\n        1.09291289],\n       [3.05722463, 2.92930518, 6.43219836, 0.5421202 , 4.12055981,\n        0.9616814 ]]), array([0.55896025, 0.5590887 , 0.55912136, 0.55929463, 0.55948197,\n       0.55953549, 0.55961436]))", "callback": [0.8985222525223416, 0.748841036842575, 0.7202159568370305, 0.692579877735956, 0.6740575856351863, 0.6393089876977082, 0.608489108016323, 0.5648788485259569, 0.5620946557215037, 0.5589602500309103]}, "3": {"maxiter": 100, "fatol": 1e-10, "xatol": 1e-10, "duration": 0.0345461368560791, "fun": "0.5589602500309103", "nit": "100", "nfev": "153", "status": "2", "success": "False", "message": "Maximum number of iterations has been exceeded.", "x": "[3.12907903 2.8973424  6.46818594 0.5636661  4.02489934 1.02689772]", "final_simplex": "(array([[3.12907903, 2.8973424 , 6.46818594, 0.5636661 , 4.02489934,\n        1.02689772],\n       [3.07101169, 2.89578911, 6.43847599, 0.56212198, 4.00321847,\n        1.08905799],\n       [3.1008253 , 2.88803846, 6.51027747, 0.55367285, 4.0748154 ,\n        0.9924747 ],\n       [3.06571557, 2.90909259, 6.46930897, 0.5472771 , 4.07174399,\n        1.03152063],\n       [3.12488097, 2.88029971, 6.50221623, 0.54841217, 4.10038623,\n        0.97273197],\n       [3.10349075, 2.87323615, 6.45601401, 0.54958327, 4.08825259,\n        1.09291289],\n       [3.05722463, 2.92930518, 6.43219836, 0.5421202 , 4.12055981,\n        0.9616814 ]]), array([0.55896025, 0.5590887 , 0.55912136, 0.55929463, 0.55948197,\n       0.55953549, 0.55961436]))", "callback": [0.8985222525223416, 0.748841036842575, 0.7202159568370305, 0.692579877735956, 0.6740575856351863, 0.6393089876977082, 0.608489108016323, 0.5648788485259569, 0.5620946557215037, 0.5589602500309103]}, "4": {"maxiter": 500, "fatol": 1e-05, "xatol": 1e-05, "duration": 0.17606210708618164, "fun": "0.5298638251683248", "nit": "500", "nfev": "774", "status": "2", "success": "False", "message": "Maximum number of iterations has been exceeded.", "x": "[3.43158347 0.97397943 4.53652194 0.97663985 4.22561167 0.9120815 ]", "final_simplex": "(array([[3.43158347, 0.97397943, 4.53652194, 0.97663985, 4.22561167,\n        0.9120815 ],\n       [3.43159684, 0.97401459, 4.53655123, 0.97664596, 4.22561671,\n        0.91206646],\n       [3.43157808, 0.97397956, 4.53651214, 0.97666778, 4.22561954,\n        0.9120718 ],\n       [3.43158846, 0.97402091, 4.53656523, 0.97664433, 4.22563207,\n        0.91206946],\n       [3.43158854, 0.97403773, 4.53657755, 0.97664526, 4.22561395,\n        0.91208199],\n       [3.43158002, 0.97403027, 4.53657385, 0.97664582, 4.2256239 ,\n        0.91206176],\n       [3.4315937 , 0.97401319, 4.53652283, 0.9766523 , 4.22563009,\n        0.91207899]]), array([0.52986383, 0.52986383, 0.52986383, 0.52986383, 0.52986383,\n       0.52986383, 0.52986383]))", "callback": [0.8985222525223416, 0.748841036842575, 0.7202159568370305, 0.692579877735956, 0.6740575856351863, 0.6393089876977082, 0.608489108016323, 0.5648788485259569, 0.5620946557215037, 0.5589602500309103, 0.5589602500309103, 0.5580066475035723, 0.5556294438298027, 0.5519132149168995, 0.5425669437008285, 0.5408900012921065, 0.53990038380315, 0.5384365914035614, 0.5377328276675153, 0.5376428177452225, 0.5376319614677578, 0.5376241473258008, 0.5376241473258008, 0.5376156217643133, 0.5375777654837024, 0.5374299739654793, 0.5368035183142582, 0.5354601838842996, 0.5347236410693301, 0.5324399586727706, 0.5312193514020082, 0.5310976609043843, 0.5309481295762561, 0.5306553425837031, 0.5302563058312081, 0.530179370139479, 0.5301368274994125, 0.5300664913760256, 0.5299349890834855, 0.5298821837701635, 0.5298653985634156, 0.5298653985634156, 0.529864221568472, 0.5298639365425692, 0.529863846755092, 0.5298638305718343, 0.5298638275312685, 0.5298638262571116, 0.5298638253385357, 0.529863825184705]}, "5": {"maxiter": 500, "fatol": 1e-05, "xatol": 1e-10, "duration": 0.17887091636657715, "fun": "0.5298638251683248", "nit": "500", "nfev": "774", "status": "2", "success": "False", "message": "Maximum number of iterations has been exceeded.", "x": "[3.43158347 0.97397943 4.53652194 0.97663985 4.22561167 0.9120815 ]", "final_simplex": "(array([[3.43158347, 0.97397943, 4.53652194, 0.97663985, 4.22561167,\n        0.9120815 ],\n       [3.43159684, 0.97401459, 4.53655123, 0.97664596, 4.22561671,\n        0.91206646],\n       [3.43157808, 0.97397956, 4.53651214, 0.97666778, 4.22561954,\n        0.9120718 ],\n       [3.43158846, 0.97402091, 4.53656523, 0.97664433, 4.22563207,\n        0.91206946],\n       [3.43158854, 0.97403773, 4.53657755, 0.97664526, 4.22561395,\n        0.91208199],\n       [3.43158002, 0.97403027, 4.53657385, 0.97664582, 4.2256239 ,\n        0.91206176],\n       [3.4315937 , 0.97401319, 4.53652283, 0.9766523 , 4.22563009,\n        0.91207899]]), array([0.52986383, 0.52986383, 0.52986383, 0.52986383, 0.52986383,\n       0.52986383, 0.52986383]))", "callback": [0.8985222525223416, 0.748841036842575, 0.7202159568370305, 0.692579877735956, 0.6740575856351863, 0.6393089876977082, 0.608489108016323, 0.5648788485259569, 0.5620946557215037, 0.5589602500309103, 0.5589602500309103, 0.5580066475035723, 0.5556294438298027, 0.5519132149168995, 0.5425669437008285, 0.5408900012921065, 0.53990038380315, 0.5384365914035614, 0.5377328276675153, 0.5376428177452225, 0.5376319614677578, 0.5376241473258008, 0.5376241473258008, 0.5376156217643133, 0.5375777654837024, 0.5374299739654793, 0.5368035183142582, 0.5354601838842996, 0.5347236410693301, 0.5324399586727706, 0.5312193514020082, 0.5310976609043843, 0.5309481295762561, 0.5306553425837031, 0.5302563058312081, 0.530179370139479, 0.5301368274994125, 0.5300664913760256, 0.5299349890834855, 0.5298821837701635, 0.5298653985634156, 0.5298653985634156, 0.529864221568472, 0.5298639365425692, 0.529863846755092, 0.5298638305718343, 0.5298638275312685, 0.5298638262571116, 0.5298638253385357, 0.529863825184705]}, "6": {"maxiter": 500, "fatol": 1e-10, "xatol": 1e-05, "duration": 0.19327998161315918, "fun": "0.5298638251683248", "nit": "500", "nfev": "774", "status": "2", "success": "False", "message": "Maximum number of iterations has been exceeded.", "x": "[3.43158347 0.97397943 4.53652194 0.97663985 4.22561167 0.9120815 ]", "final_simplex": "(array([[3.43158347, 0.97397943, 4.53652194, 0.97663985, 4.22561167,\n        0.9120815 ],\n       [3.43159684, 0.97401459, 4.53655123, 0.97664596, 4.22561671,\n        0.91206646],\n       [3.43157808, 0.97397956, 4.53651214, 0.97666778, 4.22561954,\n        0.9120718 ],\n       [3.43158846, 0.97402091, 4.53656523, 0.97664433, 4.22563207,\n        0.91206946],\n       [3.43158854, 0.97403773, 4.53657755, 0.97664526, 4.22561395,\n        0.91208199],\n       [3.43158002, 0.97403027, 4.53657385, 0.97664582, 4.2256239 ,\n        0.91206176],\n       [3.4315937 , 0.97401319, 4.53652283, 0.9766523 , 4.22563009,\n        0.91207899]]), array([0.52986383, 0.52986383, 0.52986383, 0.52986383, 0.52986383,\n       0.52986383, 0.52986383]))", "callback": [0.8985222525223416, 0.748841036842575, 0.7202159568370305, 0.692579877735956, 0.6740575856351863, 0.6393089876977082, 0.608489108016323, 0.5648788485259569, 0.5620946557215037, 0.5589602500309103, 0.5589602500309103, 0.5580066475035723, 0.5556294438298027, 0.5519132149168995, 0.5425669437008285, 0.5408900012921065, 0.53990038380315, 0.5384365914035614, 0.5377328276675153, 0.5376428177452225, 0.5376319614677578, 0.5376241473258008, 0.5376241473258008, 0.5376156217643133, 0.5375777654837024, 0.5374299739654793, 0.5368035183142582, 0.5354601838842996, 0.5347236410693301, 0.5324399586727706, 0.5312193514020082, 0.5310976609043843, 0.5309481295762561, 0.5306553425837031, 0.5302563058312081, 0.530179370139479, 0.5301368274994125, 0.5300664913760256, 0.5299349890834855, 0.5298821837701635, 0.5298653985634156, 0.5298653985634156, 0.529864221568472, 0.5298639365425692, 0.529863846755092, 0.5298638305718343, 0.5298638275312685, 0.5298638262571116, 0.5298638253385357, 0.529863825184705]}, "7": {"maxiter": 500, "fatol": 1e-10, "xatol": 1e-10, "duration": 0.18248891830444336, "fun": "0.5298638251683248", "nit": "500", "nfev": "774", "status": "2", "success": "False", "message": "Maximum number of iterations has been exceeded.", "x": "[3.43158347 0.97397943 4.53652194 0.97663985 4.22561167 0.9120815 ]", "final_simplex": "(array([[3.43158347, 0.97397943, 4.53652194, 0.97663985, 4.22561167,\n        0.9120815 ],\n       [3.43159684, 0.97401459, 4.53655123, 0.97664596, 4.22561671,\n        0.91206646],\n       [3.43157808, 0.97397956, 4.53651214, 0.97666778, 4.22561954,\n        0.9120718 ],\n       [3.43158846, 0.97402091, 4.53656523, 0.97664433, 4.22563207,\n        0.91206946],\n       [3.43158854, 0.97403773, 4.53657755, 0.97664526, 4.22561395,\n        0.91208199],\n       [3.43158002, 0.97403027, 4.53657385, 0.97664582, 4.2256239 ,\n        0.91206176],\n       [3.4315937 , 0.97401319, 4.53652283, 0.9766523 , 4.22563009,\n        0.91207899]]), array([0.52986383, 0.52986383, 0.52986383, 0.52986383, 0.52986383,\n       0.52986383, 0.52986383]))", "callback": [0.8985222525223416, 0.748841036842575, 0.7202159568370305, 0.692579877735956, 0.6740575856351863, 0.6393089876977082, 0.608489108016323, 0.5648788485259569, 0.5620946557215037, 0.5589602500309103, 0.5589602500309103, 0.5580066475035723, 0.5556294438298027, 0.5519132149168995, 0.5425669437008285, 0.5408900012921065, 0.53990038380315, 0.5384365914035614, 0.5377328276675153, 0.5376428177452225, 0.5376319614677578, 0.5376241473258008, 0.5376241473258008, 0.5376156217643133, 0.5375777654837024, 0.5374299739654793, 0.5368035183142582, 0.5354601838842996, 0.5347236410693301, 0.5324399586727706, 0.5312193514020082, 0.5310976609043843, 0.5309481295762561, 0.5306553425837031, 0.5302563058312081, 0.530179370139479, 0.5301368274994125, 0.5300664913760256, 0.5299349890834855, 0.5298821837701635, 0.5298653985634156, 0.5298653985634156, 0.529864221568472, 0.5298639365425692, 0.529863846755092, 0.5298638305718343, 0.5298638275312685, 0.5298638262571116, 0.5298638253385357, 0.529863825184705]}, "8": {"maxiter": 1000, "fatol": 1e-05, "xatol": 1e-05, "duration": 0.19131898880004883, "fun": "0.5298638251342294", "nit": "524", "nfev": "815", "status": "0", "success": "True", "message": "Optimization terminated successfully.", "x": "[3.43159067 0.97396324 4.53650029 0.97665061 4.22561964 0.91207822]", "final_simplex": "(array([[3.43159067, 0.97396324, 4.53650029, 0.97665061, 4.22561964,\n        0.91207822],\n       [3.43159102, 0.97396831, 4.53650211, 0.97665234, 4.22561801,\n        0.91207942],\n       [3.43158924, 0.9739582 , 4.53649323, 0.97665305, 4.22562062,\n        0.91207923],\n       [3.43158848, 0.97395835, 4.53649342, 0.97665354, 4.22561658,\n        0.91207888],\n       [3.43159407, 0.97396247, 4.53649666, 0.97665641, 4.22562057,\n        0.91207394],\n       [3.43158865, 0.97396388, 4.5364971 , 0.97665321, 4.22562144,\n        0.91207342],\n       [3.43158673, 0.97397086, 4.53650697, 0.97665377, 4.22561886,\n        0.9120756 ]]), array([0.52986383, 0.52986383, 0.52986383, 0.52986383, 0.52986383,\n       0.52986383, 0.52986383]))", "callback": [0.8985222525223416, 0.748841036842575, 0.7202159568370305, 0.692579877735956, 0.6740575856351863, 0.6393089876977082, 0.608489108016323, 0.5648788485259569, 0.5620946557215037, 0.5589602500309103, 0.5589602500309103, 0.5580066475035723, 0.5556294438298027, 0.5519132149168995, 0.5425669437008285, 0.5408900012921065, 0.53990038380315, 0.5384365914035614, 0.5377328276675153, 0.5376428177452225, 0.5376319614677578, 0.5376241473258008, 0.5376241473258008, 0.5376156217643133, 0.5375777654837024, 0.5374299739654793, 0.5368035183142582, 0.5354601838842996, 0.5347236410693301, 0.5324399586727706, 0.5312193514020082, 0.5310976609043843, 0.5309481295762561, 0.5306553425837031, 0.5302563058312081, 0.530179370139479, 0.5301368274994125, 0.5300664913760256, 0.5299349890834855, 0.5298821837701635, 0.5298653985634156, 0.5298653985634156, 0.529864221568472, 0.5298639365425692, 0.529863846755092, 0.5298638305718343, 0.5298638275312685, 0.5298638262571116, 0.5298638253385357, 0.529863825184705, 0.5298638251481111, 0.5298638251390657, 0.529863825134665]}, "9": {"maxiter": 1000, "fatol": 1e-05, "xatol": 1e-10, "duration": 0.24516010284423828, "fun": "0.5298638251324037", "nit": "634", "nfev": "1050", "status": "0", "success": "True", "message": "Optimization terminated successfully.", "x": "[3.43159291 0.97396341 4.53650154 0.97665373 4.2256185  0.91207786]", "final_simplex": "(array([[3.43159291, 0.97396341, 4.53650154, 0.97665373, 4.2256185 ,\n        0.91207786],\n       [3.43159291, 0.97396341, 4.53650154, 0.97665373, 4.2256185 ,\n        0.91207786],\n       [3.43159291, 0.97396341, 4.53650154, 0.97665373, 4.2256185 ,\n        0.91207786],\n       [3.43159291, 0.97396341, 4.53650154, 0.97665373, 4.2256185 ,\n        0.91207786],\n       [3.43159291, 0.97396341, 4.53650154, 0.97665373, 4.2256185 ,\n        0.91207786],\n       [3.43159291, 0.97396341, 4.53650154, 0.97665373, 4.2256185 ,\n        0.91207786],\n       [3.43159291, 0.97396341, 4.53650154, 0.97665373, 4.2256185 ,\n        0.91207786]]), array([0.52986383, 0.52986383, 0.52986383, 0.52986383, 0.52986383,\n       0.52986383, 0.52986383]))", "callback": [0.8985222525223416, 0.748841036842575, 0.7202159568370305, 0.692579877735956, 0.6740575856351863, 0.6393089876977082, 0.608489108016323, 0.5648788485259569, 0.5620946557215037, 0.5589602500309103, 0.5589602500309103, 0.5580066475035723, 0.5556294438298027, 0.5519132149168995, 0.5425669437008285, 0.5408900012921065, 0.53990038380315, 0.5384365914035614, 0.5377328276675153, 0.5376428177452225, 0.5376319614677578, 0.5376241473258008, 0.5376241473258008, 0.5376156217643133, 0.5375777654837024, 0.5374299739654793, 0.5368035183142582, 0.5354601838842996, 0.5347236410693301, 0.5324399586727706, 0.5312193514020082, 0.5310976609043843, 0.5309481295762561, 0.5306553425837031, 0.5302563058312081, 0.530179370139479, 0.5301368274994125, 0.5300664913760256, 0.5299349890834855, 0.5298821837701635, 0.5298653985634156, 0.5298653985634156, 0.529864221568472, 0.5298639365425692, 0.529863846755092, 0.5298638305718343, 0.5298638275312685, 0.5298638262571116, 0.5298638253385357, 0.529863825184705, 0.5298638251481111, 0.5298638251390657, 0.529863825134665, 0.5298638251333453, 0.5298638251328129, 0.5298638251325329, 0.5298638251324261, 0.5298638251324193, 0.5298638251324086, 0.5298638251324046, 0.5298638251324039, 0.5298638251324037, 0.5298638251324037, 0.5298638251324037]}, "10": {"maxiter": 1000, "fatol": 1e-10, "xatol": 1e-05, "duration": 0.1875467300415039, "fun": "0.5298638251342294", "nit": "524", "nfev": "815", "status": "0", "success": "True", "message": "Optimization terminated successfully.", "x": "[3.43159067 0.97396324 4.53650029 0.97665061 4.22561964 0.91207822]", "final_simplex": "(array([[3.43159067, 0.97396324, 4.53650029, 0.97665061, 4.22561964,\n        0.91207822],\n       [3.43159102, 0.97396831, 4.53650211, 0.97665234, 4.22561801,\n        0.91207942],\n       [3.43158924, 0.9739582 , 4.53649323, 0.97665305, 4.22562062,\n        0.91207923],\n       [3.43158848, 0.97395835, 4.53649342, 0.97665354, 4.22561658,\n        0.91207888],\n       [3.43159407, 0.97396247, 4.53649666, 0.97665641, 4.22562057,\n        0.91207394],\n       [3.43158865, 0.97396388, 4.5364971 , 0.97665321, 4.22562144,\n        0.91207342],\n       [3.43158673, 0.97397086, 4.53650697, 0.97665377, 4.22561886,\n        0.9120756 ]]), array([0.52986383, 0.52986383, 0.52986383, 0.52986383, 0.52986383,\n       0.52986383, 0.52986383]))", "callback": [0.8985222525223416, 0.748841036842575, 0.7202159568370305, 0.692579877735956, 0.6740575856351863, 0.6393089876977082, 0.608489108016323, 0.5648788485259569, 0.5620946557215037, 0.5589602500309103, 0.5589602500309103, 0.5580066475035723, 0.5556294438298027, 0.5519132149168995, 0.5425669437008285, 0.5408900012921065, 0.53990038380315, 0.5384365914035614, 0.5377328276675153, 0.5376428177452225, 0.5376319614677578, 0.5376241473258008, 0.5376241473258008, 0.5376156217643133, 0.5375777654837024, 0.5374299739654793, 0.5368035183142582, 0.5354601838842996, 0.5347236410693301, 0.5324399586727706, 0.5312193514020082, 0.5310976609043843, 0.5309481295762561, 0.5306553425837031, 0.5302563058312081, 0.530179370139479, 0.5301368274994125, 0.5300664913760256, 0.5299349890834855, 0.5298821837701635, 0.5298653985634156, 0.5298653985634156, 0.529864221568472, 0.5298639365425692, 0.529863846755092, 0.5298638305718343, 0.5298638275312685, 0.5298638262571116, 0.5298638253385357, 0.529863825184705, 0.5298638251481111, 0.5298638251390657, 0.529863825134665]}, "11": {"maxiter": 1000, "fatol": 1e-10, "xatol": 1e-10, "duration": 0.24042987823486328, "fun": "0.5298638251324037", "nit": "634", "nfev": "1050", "status": "0", "success": "True", "message": "Optimization terminated successfully.", "x": "[3.43159291 0.97396341 4.53650154 0.97665373 4.2256185  0.91207786]", "final_simplex": "(array([[3.43159291, 0.97396341, 4.53650154, 0.97665373, 4.2256185 ,\n        0.91207786],\n       [3.43159291, 0.97396341, 4.53650154, 0.97665373, 4.2256185 ,\n        0.91207786],\n       [3.43159291, 0.97396341, 4.53650154, 0.97665373, 4.2256185 ,\n        0.91207786],\n       [3.43159291, 0.97396341, 4.53650154, 0.97665373, 4.2256185 ,\n        0.91207786],\n       [3.43159291, 0.97396341, 4.53650154, 0.97665373, 4.2256185 ,\n        0.91207786],\n       [3.43159291, 0.97396341, 4.53650154, 0.97665373, 4.2256185 ,\n        0.91207786],\n       [3.43159291, 0.97396341, 4.53650154, 0.97665373, 4.2256185 ,\n        0.91207786]]), array([0.52986383, 0.52986383, 0.52986383, 0.52986383, 0.52986383,\n       0.52986383, 0.52986383]))", "callback": [0.8985222525223416, 0.748841036842575, 0.7202159568370305, 0.692579877735956, 0.6740575856351863, 0.6393089876977082, 0.608489108016323, 0.5648788485259569, 0.5620946557215037, 0.5589602500309103, 0.5589602500309103, 0.5580066475035723, 0.5556294438298027, 0.5519132149168995, 0.5425669437008285, 0.5408900012921065, 0.53990038380315, 0.5384365914035614, 0.5377328276675153, 0.5376428177452225, 0.5376319614677578, 0.5376241473258008, 0.5376241473258008, 0.5376156217643133, 0.5375777654837024, 0.5374299739654793, 0.5368035183142582, 0.5354601838842996, 0.5347236410693301, 0.5324399586727706, 0.5312193514020082, 0.5310976609043843, 0.5309481295762561, 0.5306553425837031, 0.5302563058312081, 0.530179370139479, 0.5301368274994125, 0.5300664913760256, 0.5299349890834855, 0.5298821837701635, 0.5298653985634156, 0.5298653985634156, 0.529864221568472, 0.5298639365425692, 0.529863846755092, 0.5298638305718343, 0.5298638275312685, 0.5298638262571116, 0.5298638253385357, 0.529863825184705, 0.5298638251481111, 0.5298638251390657, 0.529863825134665, 0.5298638251333453, 0.5298638251328129, 0.5298638251325329, 0.5298638251324261, 0.5298638251324193, 0.5298638251324086, 0.5298638251324046, 0.5298638251324039, 0.5298638251324037, 0.5298638251324037, 0.5298638251324037]}}, "bfgs": {"type": "gradient", "0": {"maxiter": 100, "gtol": 1e-05, "xrtol": 1e-05, "eps": 1e-05, "duration": 0.05178380012512207, "fun": "0.529863825184159", "jac": "[-2.42673659e-06 -7.48046070e-07  1.59594560e-06  2.56610289e-06\n  9.25259869e-07 -1.95687910e-07]", "hess_inv": "[[ 5.20896152  1.64684252  3.45469315  0.19932904  0.13324146 -0.61404641]\n [ 1.64684252 64.18286642 66.04698122  3.3469608   0.56026488 -2.76962431]\n [ 3.45469315 66.04698122 75.6242692   3.6759958  -1.01052704 -3.88750353]\n [ 0.19932904  3.3469608   3.6759958   4.57199153  0.28477201 -0.34798744]\n [ 0.13324146  0.56026488 -1.01052704  0.28477201  6.47940984 -2.92069742]\n [-0.61404641 -2.76962431 -3.88750353 -0.34798744 -2.92069742  6.637275  ]]", "nfev": "224", "njev": "32", "status": "0", "success": "True", "message": "Optimization terminated successfully.", "x": "[ 3.43157569  0.97392297  4.53646395 -0.97664944  1.08402597  4.05366501]", "nit": "28", "callback": [0.7918058067329845, 0.7451772221887352, 0.7093267961627179, 0.646803220570547, 0.6129579280003613, 0.602326898962394, 0.583393053256822, 0.559170892219811, 0.5507939850946929, 0.5408159423231474, 0.537460891098781, 0.5351608428286349, 0.5338703922036023, 0.5331689579651351, 0.5327935338565504, 0.5326083151929668, 0.532490608280189, 0.5323912104981444, 0.5322177787413944, 0.5319104864017706, 0.5313922206335264, 0.5306699414960154, 0.5301577573048182, 0.5298995704626674, 0.5298695948255134, 0.5298639664456009, 0.5298638296431372, 0.529863825184159]}, "1": {"maxiter": 100, "gtol": 1e-05, "xrtol": 1e-05, "eps": 1e-10, "duration": 0.051458120346069336, "fun": "0.5298638252148611", "jac": "[-2.22044587e-06 -2.22044587e-06  2.22044587e-06  4.44089173e-06\n  2.22044587e-06  0.00000000e+00]", "hess_inv": "[[ 5.20361223  1.59111217  3.39323476  0.19067071  0.15379534 -0.62447753]\n [ 1.59111217 64.36418002 66.14982037  3.37562485  0.62282303 -2.79133719]\n [ 3.39323476 66.14982037 75.64459631  3.69962819 -0.95729067 -3.91521802]\n [ 0.19067071  3.37562485  3.69962819  4.57669775  0.29132537 -0.34708892]\n [ 0.15379534  0.62282303 -0.95729067  0.29132537  6.46566798 -2.91526807]\n [-0.62447753 -2.79133719 -3.91521802 -0.34708892 -2.91526807  6.64239621]]", "nfev": "224", "njev": "32", "status": "0", "success": "True", "message": "Optimization terminated successfully.", "x": "[ 3.43158517  0.9740239   4.53657389 -0.97663514  1.08403334  4.05366351]", "nit": "28", "callback": [0.791807350091941, 0.7451769063774991, 0.7093270671027945, 0.646803862663944, 0.612956728233033, 0.6023261747592306, 0.5833930366807382, 0.5591709476760762, 0.5507939340540287, 0.5408183722175856, 0.5374613395532015, 0.5351617670572395, 0.5338707612082007, 0.533169252913344, 0.532793748199037, 0.5326085475875051, 0.5324908245383444, 0.5323914663865424, 0.5322180899061257, 0.5319107022207354, 0.5313924712888582, 0.5306700118932162, 0.5301576995495432, 0.5298992087033125, 0.5298694626406083, 0.5298639560797667, 0.5298638289958625, 0.5298638252148611]}, "2": {"maxiter": 100, "gtol": 1e-05, "xrtol": 1e-10, "eps": 1e-05, "duration": 0.05212211608886719, "fun": "0.529863825184159", "jac": "[-2.42673659e-06 -7.48046070e-07  1.59594560e-06  2.56610289e-06\n  9.25259869e-07 -1.95687910e-07]", "hess_inv": "[[ 5.20896152  1.64684252  3.45469315  0.19932904  0.13324146 -0.61404641]\n [ 1.64684252 64.18286642 66.04698122  3.3469608   0.56026488 -2.76962431]\n [ 3.45469315 66.04698122 75.6242692   3.6759958  -1.01052704 -3.88750353]\n [ 0.19932904  3.3469608   3.6759958   4.57199153  0.28477201 -0.34798744]\n [ 0.13324146  0.56026488 -1.01052704  0.28477201  6.47940984 -2.92069742]\n [-0.61404641 -2.76962431 -3.88750353 -0.34798744 -2.92069742  6.637275  ]]", "nfev": "224", "njev": "32", "status": "0", "success": "True", "message": "Optimization terminated successfully.", "x": "[ 3.43157569  0.97392297  4.53646395 -0.97664944  1.08402597  4.05366501]", "nit": "28", "callback": [0.7918058067329845, 0.7451772221887352, 0.7093267961627179, 0.646803220570547, 0.6129579280003613, 0.602326898962394, 0.583393053256822, 0.559170892219811, 0.5507939850946929, 0.5408159423231474, 0.537460891098781, 0.5351608428286349, 0.5338703922036023, 0.5331689579651351, 0.5327935338565504, 0.5326083151929668, 0.532490608280189, 0.5323912104981444, 0.5322177787413944, 0.5319104864017706, 0.5313922206335264, 0.5306699414960154, 0.5301577573048182, 0.5298995704626674, 0.5298695948255134, 0.5298639664456009, 0.5298638296431372, 0.529863825184159]}, "3": {"maxiter": 100, "gtol": 1e-05, "xrtol": 1e-10, "eps": 1e-10, "duration": 0.051490068435668945, "fun": "0.5298638252148611", "jac": "[-2.22044587e-06 -2.22044587e-06  2.22044587e-06  4.44089173e-06\n  2.22044587e-06  0.00000000e+00]", "hess_inv": "[[ 5.20361223  1.59111217  3.39323476  0.19067071  0.15379534 -0.62447753]\n [ 1.59111217 64.36418002 66.14982037  3.37562485  0.62282303 -2.79133719]\n [ 3.39323476 66.14982037 75.64459631  3.69962819 -0.95729067 -3.91521802]\n [ 0.19067071  3.37562485  3.69962819  4.57669775  0.29132537 -0.34708892]\n [ 0.15379534  0.62282303 -0.95729067  0.29132537  6.46566798 -2.91526807]\n [-0.62447753 -2.79133719 -3.91521802 -0.34708892 -2.91526807  6.64239621]]", "nfev": "224", "njev": "32", "status": "0", "success": "True", "message": "Optimization terminated successfully.", "x": "[ 3.43158517  0.9740239   4.53657389 -0.97663514  1.08403334  4.05366351]", "nit": "28", "callback": [0.791807350091941, 0.7451769063774991, 0.7093270671027945, 0.646803862663944, 0.612956728233033, 0.6023261747592306, 0.5833930366807382, 0.5591709476760762, 0.5507939340540287, 0.5408183722175856, 0.5374613395532015, 0.5351617670572395, 0.5338707612082007, 0.533169252913344, 0.532793748199037, 0.5326085475875051, 0.5324908245383444, 0.5323914663865424, 0.5322180899061257, 0.5319107022207354, 0.5313924712888582, 0.5306700118932162, 0.5301576995495432, 0.5298992087033125, 0.5298694626406083, 0.5298639560797667, 0.5298638289958625, 0.5298638252148611]}, "4": {"maxiter": 100, "gtol": 1e-10, "xrtol": 1e-05, "eps": 1e-05, "duration": 0.05374288558959961, "fun": "0.5298638251825332", "jac": "[-1.97375449e-06 -6.25854923e-07  1.30846445e-06  2.08153494e-06\n  6.79234446e-07 -2.03725925e-07]", "hess_inv": "[[ 5.15823826  2.10488033  3.80773073  0.30475622  0.13781475 -0.64547731]\n [ 2.10488033 60.08585096 62.72506823  2.4009428   0.48932784 -2.46613155]\n [ 3.80773073 62.72506823 73.62558359  2.92166415 -0.94089728 -3.73606665]\n [ 0.30475622  2.4009428   2.92166415  4.3537846   0.27071872 -0.27964128]\n [ 0.13781475  0.48932784 -0.94089728  0.27071872  6.50145024 -2.9327622 ]\n [-0.64547731 -2.46613155 -3.73606665 -0.27964128 -2.9327622   6.62768477]]", "nfev": "238", "njev": "34", "status": "0", "success": "True", "message": "Optimization terminated successfully.", "x": "[ 3.43157709  0.97391148  4.53645013 -0.97665218  1.08402495  4.05366648]", "nit": "29", "callback": [0.7918058067329845, 0.7451772221887352, 0.7093267961627179, 0.646803220570547, 0.6129579280003613, 0.602326898962394, 0.583393053256822, 0.559170892219811, 0.5507939850946929, 0.5408159423231474, 0.537460891098781, 0.5351608428286349, 0.5338703922036023, 0.5331689579651351, 0.5327935338565504, 0.5326083151929668, 0.532490608280189, 0.5323912104981444, 0.5322177787413944, 0.5319104864017706, 0.5313922206335264, 0.5306699414960154, 0.5301577573048182, 0.5298995704626674, 0.5298695948255134, 0.5298639664456009, 0.5298638296431372, 0.529863825184159, 0.5298638251825332]}, "5": {"maxiter": 100, "gtol": 1e-10, "xrtol": 1e-05, "eps": 1e-10, "duration": 0.05122208595275879, "fun": "0.5298638251592709", "jac": "[1.11022293e-06 3.33066880e-06 0.00000000e+00 0.00000000e+00\n 0.00000000e+00 2.22044587e-06]", "hess_inv": "[[ 5.14914384  1.89156923  3.60403163  0.33480168  0.19852237 -0.67123376]\n [ 1.89156923 63.22715522 64.8954606   2.45474066  0.18919749 -2.42936453]\n [ 3.60403163 64.8954606  74.84490971  3.16397349 -1.0974976  -3.75257918]\n [ 0.33480168  2.45474066  3.16397349  4.22573644  0.21816914 -0.24852896]\n [ 0.19852237  0.18919749 -1.0974976   0.21816914  6.4960738  -2.91425015]\n [-0.67123376 -2.42936453 -3.75257918 -0.24852896 -2.91425015  6.62306914]]", "nfev": "231", "njev": "33", "status": "0", "success": "True", "message": "Optimization terminated successfully.", "x": "[ 3.43159088  0.97401307  4.53654818 -0.97665523  1.08402125  4.05367254]", "nit": "29", "callback": [0.791807350091941, 0.7451769063774991, 0.7093270671027945, 0.646803862663944, 0.612956728233033, 0.6023261747592306, 0.5833930366807382, 0.5591709476760762, 0.5507939340540287, 0.5408183722175856, 0.5374613395532015, 0.5351617670572395, 0.5338707612082007, 0.533169252913344, 0.532793748199037, 0.5326085475875051, 0.5324908245383444, 0.5323914663865424, 0.5322180899061257, 0.5319107022207354, 0.5313924712888582, 0.5306700118932162, 0.5301576995495432, 0.5298992087033125, 0.5298694626406083, 0.5298639560797667, 0.5298638289958625, 0.5298638252148611, 0.5298638251592709]}, "6": {"maxiter": 100, "gtol": 1e-10, "xrtol": 1e-10, "eps": 1e-05, "duration": 0.11121416091918945, "fun": "0.5298638251825332", "jac": "[-1.97375449e-06 -6.25854923e-07  1.30846445e-06  2.08153494e-06\n  6.79234446e-07 -2.03725925e-07]", "hess_inv": "[[ 5.18579398  1.92937504  3.5103459   0.25227816  0.22114314 -0.58862081]\n [ 1.92937504 61.11250372 64.66671278  2.73293469 -0.22945415 -2.87939521]\n [ 3.5103459  64.66671278 76.81017496  3.4891862  -1.74205528 -4.32298349]\n [ 0.25227816  2.73293469  3.4891862   4.45367026  0.10739115 -0.38918092]\n [ 0.22114314 -0.22945415 -1.74205528  0.10739115  6.36549048 -2.86632405]\n [-0.58862081 -2.87939521 -4.32298349 -0.38918092 -2.86632405  6.71631043]]", "nfev": "501", "njev": "70", "status": "2", "success": "False", "message": "Desired error not necessarily achieved due to precision loss.", "x": "[ 3.43157709  0.97391148  4.53645013 -0.97665218  1.08402495  4.05366648]", "nit": "29", "callback": [0.7918058067329845, 0.7451772221887352, 0.7093267961627179, 0.646803220570547, 0.6129579280003613, 0.602326898962394, 0.583393053256822, 0.559170892219811, 0.5507939850946929, 0.5408159423231474, 0.537460891098781, 0.5351608428286349, 0.5338703922036023, 0.5331689579651351, 0.5327935338565504, 0.5326083151929668, 0.532490608280189, 0.5323912104981444, 0.5322177787413944, 0.5319104864017706, 0.5313922206335264, 0.5306699414960154, 0.5301577573048182, 0.5298995704626674, 0.5298695948255134, 0.5298639664456009, 0.5298638296431372, 0.529863825184159, 0.5298638251825332]}, "7": {"maxiter": 100, "gtol": 1e-10, "xrtol": 1e-10, "eps": 1e-10, "duration": 0.08020925521850586, "fun": "0.5298638251463508", "jac": "[ 0.00000000e+00  1.11022293e-06  0.00000000e+00 -2.22044587e-06\n  1.11022293e-06  0.00000000e+00]", "hess_inv": "[[ 1.8993354  -0.22699855 -0.53902597 -1.08584077 -1.1549381   0.42457244]\n [-0.22699855  4.02472767  0.36153157 -0.66753508 -2.74308567 -1.07627886]\n [-0.53902597  0.36153157  1.33566003  0.60867859 -1.80916339 -0.41988096]\n [-1.08584077 -0.66753508  0.60867859  1.16970235  0.43151291 -0.13516307]\n [-1.1549381  -2.74308567 -1.80916339  0.43151291  7.75165391  0.06284467]\n [ 0.42457244 -1.07627886 -0.41988096 -0.13516307  0.06284467  1.26810761]]", "nfev": "357", "njev": "51", "status": "0", "success": "True", "message": "Optimization terminated successfully.", "x": "[ 3.43159558  0.97400188  4.53654223 -0.97665361  1.08402977  4.0536679 ]", "nit": "36", "callback": [0.791807350091941, 0.7451769063774991, 0.7093270671027945, 0.646803862663944, 0.612956728233033, 0.6023261747592306, 0.5833930366807382, 0.5591709476760762, 0.5507939340540287, 0.5408183722175856, 0.5374613395532015, 0.5351617670572395, 0.5338707612082007, 0.533169252913344, 0.532793748199037, 0.5326085475875051, 0.5324908245383444, 0.5323914663865424, 0.5322180899061257, 0.5319107022207354, 0.5313924712888582, 0.5306700118932162, 0.5301576995495432, 0.5298992087033125, 0.5298694626406083, 0.5298639560797667, 0.5298638289958625, 0.5298638252148611, 0.5298638251592709, 0.5298638251587617, 0.5298638251500077, 0.5298638251489605, 0.529863825148503, 0.5298638251466927, 0.5298638251463508, 0.5298638251463508]}, "8": {"maxiter": 500, "gtol": 1e-05, "xrtol": 1e-05, "eps": 1e-05, "duration": 0.05034899711608887, "fun": "0.529863825184159", "jac": "[-2.42673659e-06 -7.48046070e-07  1.59594560e-06  2.56610289e-06\n  9.25259869e-07 -1.95687910e-07]", "hess_inv": "[[ 5.20896152  1.64684252  3.45469315  0.19932904  0.13324146 -0.61404641]\n [ 1.64684252 64.18286642 66.04698122  3.3469608   0.56026488 -2.76962431]\n [ 3.45469315 66.04698122 75.6242692   3.6759958  -1.01052704 -3.88750353]\n [ 0.19932904  3.3469608   3.6759958   4.57199153  0.28477201 -0.34798744]\n [ 0.13324146  0.56026488 -1.01052704  0.28477201  6.47940984 -2.92069742]\n [-0.61404641 -2.76962431 -3.88750353 -0.34798744 -2.92069742  6.637275  ]]", "nfev": "224", "njev": "32", "status": "0", "success": "True", "message": "Optimization terminated successfully.", "x": "[ 3.43157569  0.97392297  4.53646395 -0.97664944  1.08402597  4.05366501]", "nit": "28", "callback": [0.7918058067329845, 0.7451772221887352, 0.7093267961627179, 0.646803220570547, 0.6129579280003613, 0.602326898962394, 0.583393053256822, 0.559170892219811, 0.5507939850946929, 0.5408159423231474, 0.537460891098781, 0.5351608428286349, 0.5338703922036023, 0.5331689579651351, 0.5327935338565504, 0.5326083151929668, 0.532490608280189, 0.5323912104981444, 0.5322177787413944, 0.5319104864017706, 0.5313922206335264, 0.5306699414960154, 0.5301577573048182, 0.5298995704626674, 0.5298695948255134, 0.5298639664456009, 0.5298638296431372, 0.529863825184159]}, "9": {"maxiter": 500, "gtol": 1e-05, "xrtol": 1e-05, "eps": 1e-10, "duration": 0.050106048583984375, "fun": "0.5298638252148611", "jac": "[-2.22044587e-06 -2.22044587e-06  2.22044587e-06  4.44089173e-06\n  2.22044587e-06  0.00000000e+00]", "hess_inv": "[[ 5.20361223  1.59111217  3.39323476  0.19067071  0.15379534 -0.62447753]\n [ 1.59111217 64.36418002 66.14982037  3.37562485  0.62282303 -2.79133719]\n [ 3.39323476 66.14982037 75.64459631  3.69962819 -0.95729067 -3.91521802]\n [ 0.19067071  3.37562485  3.69962819  4.57669775  0.29132537 -0.34708892]\n [ 0.15379534  0.62282303 -0.95729067  0.29132537  6.46566798 -2.91526807]\n [-0.62447753 -2.79133719 -3.91521802 -0.34708892 -2.91526807  6.64239621]]", "nfev": "224", "njev": "32", "status": "0", "success": "True", "message": "Optimization terminated successfully.", "x": "[ 3.43158517  0.9740239   4.53657389 -0.97663514  1.08403334  4.05366351]", "nit": "28", "callback": [0.791807350091941, 0.7451769063774991, 0.7093270671027945, 0.646803862663944, 0.612956728233033, 0.6023261747592306, 0.5833930366807382, 0.5591709476760762, 0.5507939340540287, 0.5408183722175856, 0.5374613395532015, 0.5351617670572395, 0.5338707612082007, 0.533169252913344, 0.532793748199037, 0.5326085475875051, 0.5324908245383444, 0.5323914663865424, 0.5322180899061257, 0.5319107022207354, 0.5313924712888582, 0.5306700118932162, 0.5301576995495432, 0.5298992087033125, 0.5298694626406083, 0.5298639560797667, 0.5298638289958625, 0.5298638252148611]}, "10": {"maxiter": 500, "gtol": 1e-05, "xrtol": 1e-10, "eps": 1e-05, "duration": 0.04994916915893555, "fun": "0.529863825184159", "jac": "[-2.42673659e-06 -7.48046070e-07  1.59594560e-06  2.56610289e-06\n  9.25259869e-07 -1.95687910e-07]", "hess_inv": "[[ 5.20896152  1.64684252  3.45469315  0.19932904  0.13324146 -0.61404641]\n [ 1.64684252 64.18286642 66.04698122  3.3469608   0.56026488 -2.76962431]\n [ 3.45469315 66.04698122 75.6242692   3.6759958  -1.01052704 -3.88750353]\n [ 0.19932904  3.3469608   3.6759958   4.57199153  0.28477201 -0.34798744]\n [ 0.13324146  0.56026488 -1.01052704  0.28477201  6.47940984 -2.92069742]\n [-0.61404641 -2.76962431 -3.88750353 -0.34798744 -2.92069742  6.637275  ]]", "nfev": "224", "njev": "32", "status": "0", "success": "True", "message": "Optimization terminated successfully.", "x": "[ 3.43157569  0.97392297  4.53646395 -0.97664944  1.08402597  4.05366501]", "nit": "28", "cal