{"date": "2024/09/25/, 17:02:17", "conf_id": 275, "data_type": "var_s_rank\n", "num_data_points": 2, "s_rank": 0, "unitary": "[[-0.45070455-0.02711853j,0.78437395-0.06613086j,0.06358678+0.19963393j,-0.07343613+0.35668523j],[-0.01890143-0.03813363j,0.32408202+0.25557629j,0.05872864-0.68979805j,0.55466693-0.20227297j],[-0.11215405+0.64023111j,-0.13344055+0.29565494j,-0.49012687-0.19046288j,-0.04241254+0.44046348j],[0.55771659+0.24656916j,0.31851997-0.05798805j,0.28761525-0.34294258j,-0.56718418+0.03616933j]]", "databatch_0": {"databatch": "[[[3.64597514e-02+0.02911573j,-6.44361995e-02+0.21871751j,-1.20100923e-01-0.22339137j,-2.84144989e-04-0.32802113j],[1.01100656e-01+0.31526015j,1.96944300e-01-0.27727565j,5.84625345e-02+0.09054718j,-6.83066837e-02-0.17080935j],[-2.27982712e-02+0.06062316j,-1.00907367e-01+0.14276576j,1.86507216e-01+0.23547542j,-1.84208809e-01-0.11517531j],[2.43857839e-01-0.07740173j,2.81642889e-01-0.17660397j,3.25089581e-03+0.05806314j,2.47245675e-01-0.30082794j]],[[-1.61215085e-01-0.32409326j,1.42046915e-01+0.13475279j,-2.05182012e-01+0.14219395j,1.25212056e-01-0.28732443j],[1.78347435e-01-0.05529972j,-4.18274331e-01+0.27987665j,1.30300719e-01-0.20632305j,2.63476001e-01+0.13334206j],[2.62722542e-01-0.10052223j,-8.11441032e-02+0.14847678j,-2.26069341e-01+0.01582065j,2.05355239e-02+0.02206319j],[1.03449681e-01-0.03531195j,-1.12644677e-02-0.21848798j,5.54806476e-02-0.00952165j,-1.09854028e-01-0.01072414j]]]", "initial param values": "[2.31532196,5.06663003,4.01647657,4.34932713,2.26441801,3.13859461]", "nelder_mead": {"type": "gradient-free", "0": {"maxiter": 100, "fatol": 1e-05, "xatol": 1e-05, "duration": 0.03822493553161621, "fun": "0.38728941168004416", "nit": "100", "nfev": "156", "status": "2", "success": "False", "message": "Maximum number of iterations has been exceeded.", "x": "[5.28525636 4.05517328 3.9010689  4.64165652 0.50556424 2.24124431]", "final_simplex": "(array([[5.28525636, 4.05517328, 3.9010689 , 4.64165652, 0.50556424,\n        2.24124431],\n       [5.32409573, 4.08387109, 3.76029882, 4.59506826, 0.55875678,\n        2.23566365],\n       [5.35302103, 4.09444005, 3.82402209, 4.61113166, 0.47710335,\n        2.27207237],\n       [5.30505544, 4.0174616 , 3.83929949, 4.55993596, 0.5257074 ,\n        2.26846386],\n       [5.29241366, 4.08803924, 3.87332546, 4.56518647, 0.53044062,\n        2.2364527 ],\n       [5.26287781, 4.05571598, 3.82961988, 4.52146695, 0.56213241,\n        2.31552566],\n       [5.36006756, 4.1005624 , 3.83124566, 4.5975887 , 0.52827318,\n        2.25470143]]), array([0.38728941, 0.38751399, 0.38760473, 0.387925  , 0.3879312 ,\n       0.38840744, 0.38862544]))", "callback": [0.9109804630874807, 0.8233231532873275, 0.7503205270326728, 0.6762939344586134, 0.6056943171170223, 0.5016309491569517, 0.4362986182141819, 0.40366543332441285, 0.3920135811277944, 0.38862543965055774]}, "1": {"maxiter": 100, "fatol": 1e-05, "xatol": 1e-10, "duration": 0.03692293167114258, "fun": "0.38728941168004416", "nit": "100", "nfev": "156", "status": "2", "success": "False", "message": "Maximum number of iterations has been exceeded.", "x": "[5.28525636 4.05517328 3.9010689  4.64165652 0.50556424 2.24124431]", "final_simplex": "(array([[5.28525636, 4.05517328, 3.9010689 , 4.64165652, 0.50556424,\n        2.24124431],\n       [5.32409573, 4.08387109, 3.76029882, 4.59506826, 0.55875678,\n        2.23566365],\n       [5.35302103, 4.09444005, 3.82402209, 4.61113166, 0.47710335,\n        2.27207237],\n       [5.30505544, 4.0174616 , 3.83929949, 4.55993596, 0.5257074 ,\n        2.26846386],\n       [5.29241366, 4.08803924, 3.87332546, 4.56518647, 0.53044062,\n        2.2364527 ],\n       [5.26287781, 4.05571598, 3.82961988, 4.52146695, 0.56213241,\n        2.31552566],\n       [5.36006756, 4.1005624 , 3.83124566, 4.5975887 , 0.52827318,\n        2.25470143]]), array([0.38728941, 0.38751399, 0.38760473, 0.387925  , 0.3879312 ,\n       0.38840744, 0.38862544]))", "callback": [0.9109804630874807, 0.8233231532873275, 0.7503205270326728, 0.6762939344586134, 0.6056943171170223, 0.5016309491569517, 0.4362986182141819, 0.40366543332441285, 0.3920135811277944, 0.38862543965055774]}, "2": {"maxiter": 100, "fatol": 1e-10, "xatol": 1e-05, "duration": 0.03651094436645508, "fun": "0.38728941168004416", "nit": "100", "nfev": "156", "status": "2", "success": "False", "message": "Maximum number of iterations has been exceeded.", "x": "[5.28525636 4.05517328 3.9010689  4.64165652 0.50556424 2.24124431]", "final_simplex": "(array([[5.28525636, 4.05517328, 3.9010689 , 4.64165652, 0.50556424,\n        2.24124431],\n       [5.32409573, 4.08387109, 3.76029882, 4.59506826, 0.55875678,\n        2.23566365],\n       [5.35302103, 4.09444005, 3.82402209, 4.61113166, 0.47710335,\n        2.27207237],\n       [5.30505544, 4.0174616 , 3.83929949, 4.55993596, 0.5257074 ,\n        2.26846386],\n       [5.29241366, 4.08803924, 3.87332546, 4.56518647, 0.53044062,\n        2.2364527 ],\n       [5.26287781, 4.05571598, 3.82961988, 4.52146695, 0.56213241,\n        2.31552566],\n       [5.36006756, 4.1005624 , 3.83124566, 4.5975887 , 0.52827318,\n        2.25470143]]), array([0.38728941, 0.38751399, 0.38760473, 0.387925  , 0.3879312 ,\n       0.38840744, 0.38862544]))", "callback": [0.9109804630874807, 0.8233231532873275, 0.7503205270326728, 0.6762939344586134, 0.6056943171170223, 0.5016309491569517, 0.4362986182141819, 0.40366543332441285, 0.3920135811277944, 0.38862543965055774]}, "3": {"maxiter": 100, "fatol": 1e-10, "xatol": 1e-10, "duration": 0.03696775436401367, "fun": "0.38728941168004416", "nit": "100", "nfev": "156", "status": "2", "success": "False", "message": "Maximum number of iterations has been exceeded.", "x": "[5.28525636 4.05517328 3.9010689  4.64165652 0.50556424 2.24124431]", "final_simplex": "(array([[5.28525636, 4.05517328, 3.9010689 , 4.64165652, 0.50556424,\n        2.24124431],\n       [5.32409573, 4.08387109, 3.76029882, 4.59506826, 0.55875678,\n        2.23566365],\n       [5.35302103, 4.09444005, 3.82402209, 4.61113166, 0.47710335,\n        2.27207237],\n       [5.30505544, 4.0174616 , 3.83929949, 4.55993596, 0.5257074 ,\n        2.26846386],\n       [5.29241366, 4.08803924, 3.87332546, 4.56518647, 0.53044062,\n        2.2364527 ],\n       [5.26287781, 4.05571598, 3.82961988, 4.52146695, 0.56213241,\n        2.31552566],\n       [5.36006756, 4.1005624 , 3.83124566, 4.5975887 , 0.52827318,\n        2.25470143]]), array([0.38728941, 0.38751399, 0.38760473, 0.387925  , 0.3879312 ,\n       0.38840744, 0.38862544]))", "callback": [0.9109804630874807, 0.8233231532873275, 0.7503205270326728, 0.6762939344586134, 0.6056943171170223, 0.5016309491569517, 0.4362986182141819, 0.40366543332441285, 0.3920135811277944, 0.38862543965055774]}, "4": {"maxiter": 500, "fatol": 1e-05, "xatol": 1e-05, "duration": 0.10684418678283691, "fun": "0.38464184468269713", "nit": "298", "nfev": "469", "status": "0", "success": "True", "message": "Optimization terminated successfully.", "x": "[5.21030284 4.17309135 3.78199687 4.6461838  0.49592881 2.23735966]", "final_simplex": "(array([[5.21030284, 4.17309135, 3.78199687, 4.6461838 , 0.49592881,\n        2.23735966],\n       [5.21030389, 4.1730988 , 3.78199611, 4.64618641, 0.49592828,\n        2.23736328],\n       [5.21029764, 4.17309987, 3.78199633, 4.64618749, 0.49593007,\n        2.23735914],\n       [5.21029533, 4.17309718, 3.78199738, 4.64618496, 0.49592651,\n        2.23736512],\n       [5.21029903, 4.1730994 , 3.78199128, 4.64618269, 0.49593423,\n        2.23736025],\n       [5.21029822, 4.17308918, 3.78200527, 4.64617448, 0.49592666,\n        2.237361  ],\n       [5.21030014, 4.1730995 , 3.78199778, 4.6461826 , 0.49592286,\n        2.2373568 ]]), array([0.38464184, 0.38464184, 0.38464184, 0.38464184, 0.38464184,\n       0.38464184, 0.38464184]))", "callback": [0.9109804630874807, 0.8233231532873275, 0.7503205270326728, 0.6762939344586134, 0.6056943171170223, 0.5016309491569517, 0.4362986182141819, 0.40366543332441285, 0.3920135811277944, 0.38862543965055774, 0.3868415987079997, 0.38603320270990626, 0.38496674457069857, 0.3848128256563821, 0.3846939014224492, 0.38465771543723426, 0.3846512256250745, 0.38464994573625255, 0.3846472535623583, 0.38464644672155435, 0.3846441304762329, 0.3846424256072125, 0.38464198866126564, 0.3846419229158212, 0.38464186048129145, 0.3846418475034564, 0.38464184599671947, 0.38464184487872244, 0.3846418447298994, 0.3846418446860089]}, "5": {"maxiter": 500, "fatol": 1e-05, "xatol": 1e-10, "duration": 0.15543794631958008, "fun": "0.38464184467727724", "nit": "401", "nfev": "693", "status": "0", "success": "True", "message": "Optimization terminated successfully.", "x": "[5.21030007 4.17309345 3.78199849 4.64618305 0.49593067 2.237364  ]", "final_simplex": "(array([[5.21030007, 4.17309345, 3.78199849, 4.64618305, 0.49593067,\n        2.237364  ],\n       [5.21030007, 4.17309345, 3.78199849, 4.64618305, 0.49593067,\n        2.237364  ],\n       [5.21030007, 4.17309345, 3.78199849, 4.64618305, 0.49593067,\n        2.237364  ],\n       [5.21030007, 4.17309345, 3.78199849, 4.64618305, 0.49593067,\n        2.237364  ],\n       [5.21030007, 4.17309345, 3.78199849, 4.64618305, 0.49593067,\n        2.237364  ],\n       [5.21030007, 4.17309345, 3.78199849, 4.64618305, 0.49593067,\n        2.237364  ],\n       [5.21030007, 4.17309345, 3.78199849, 4.64618305, 0.49593067,\n        2.237364  ]]), array([0.38464184, 0.38464184, 0.38464184, 0.38464184, 0.38464184,\n       0.38464184, 0.38464184]))", "callback": [0.9109804630874807, 0.8233231532873275, 0.7503205270326728, 0.6762939344586134, 0.6056943171170223, 0.5016309491569517, 0.4362986182141819, 0.40366543332441285, 0.3920135811277944, 0.38862543965055774, 0.3868415987079997, 0.38603320270990626, 0.38496674457069857, 0.3848128256563821, 0.3846939014224492, 0.38465771543723426, 0.3846512256250745, 0.38464994573625255, 0.3846472535623583, 0.38464644672155435, 0.3846441304762329, 0.3846424256072125, 0.38464198866126564, 0.3846419229158212, 0.38464186048129145, 0.3846418475034564, 0.38464184599671947, 0.38464184487872244, 0.3846418447298994, 0.3846418446860089, 0.38464184467984386, 0.38464184467766716, 0.3846418446773934, 0.38464184467729423, 0.38464184467728324, 0.3846418446772797, 0.3846418446772776, 0.38464184467727747, 0.38464184467727736, 0.38464184467727736, 0.38464184467727724]}, "6": {"maxiter": 500, "fatol": 1e-10, "xatol": 1e-05, "duration": 0.10563516616821289, "fun": "0.38464184468269713", "nit": "298", "nfev": "469", "status": "0", "success": "True", "message": "Optimization terminated successfully.", "x": "[5.21030284 4.17309135 3.78199687 4.6461838  0.49592881 2.23735966]", "final_simplex": "(array([[5.21030284, 4.17309135, 3.78199687, 4.6461838 , 0.49592881,\n        2.23735966],\n       [5.21030389, 4.1730988 , 3.78199611, 4.64618641, 0.49592828,\n        2.23736328],\n       [5.21029764, 4.17309987, 3.78199633, 4.64618749, 0.49593007,\n        2.23735914],\n       [5.21029533, 4.17309718, 3.78199738, 4.64618496, 0.49592651,\n        2.23736512],\n       [5.21029903, 4.1730994 , 3.78199128, 4.64618269, 0.49593423,\n        2.23736025],\n       [5.21029822, 4.17308918, 3.78200527, 4.64617448, 0.49592666,\n        2.237361  ],\n       [5.21030014, 4.1730995 , 3.78199778, 4.6461826 , 0.49592286,\n        2.2373568 ]]), array([0.38464184, 0.38464184, 0.38464184, 0.38464184, 0.38464184,\n       0.38464184, 0.38464184]))", "callback": [0.9109804630874807, 0.8233231532873275, 0.7503205270326728, 0.6762939344586134, 0.6056943171170223, 0.5016309491569517, 0.4362986182141819, 0.40366543332441285, 0.3920135811277944, 0.38862543965055774, 0.3868415987079997, 0.38603320270990626, 0.38496674457069857, 0.3848128256563821, 0.3846939014224492, 0.38465771543723426, 0.3846512256250745, 0.38464994573625255, 0.3846472535623583, 0.38464644672155435, 0.3846441304762329, 0.3846424256072125, 0.38464198866126564, 0.3846419229158212, 0.38464186048129145, 0.3846418475034564, 0.38464184599671947, 0.38464184487872244, 0.3846418447298994, 0.3846418446860089]}, "7": {"maxiter": 500, "fatol": 1e-10, "xatol": 1e-10, "duration": 0.16602802276611328, "fun": "0.38464184467727724", "nit": "401", "nfev": "693", "status": "0", "success": "True", "message": "Optimization terminated successfully.", "x": "[5.21030007 4.17309345 3.78199849 4.64618305 0.49593067 2.237364  ]", "final_simplex": "(array([[5.21030007, 4.17309345, 3.78199849, 4.64618305, 0.49593067,\n        2.237364  ],\n       [5.21030007, 4.17309345, 3.78199849, 4.64618305, 0.49593067,\n        2.237364  ],\n       [5.21030007, 4.17309345, 3.78199849, 4.64618305, 0.49593067,\n        2.237364  ],\n       [5.21030007, 4.17309345, 3.78199849, 4.64618305, 0.49593067,\n        2.237364  ],\n       [5.21030007, 4.17309345, 3.78199849, 4.64618305, 0.49593067,\n        2.237364  ],\n       [5.21030007, 4.17309345, 3.78199849, 4.64618305, 0.49593067,\n        2.237364  ],\n       [5.21030007, 4.17309345, 3.78199849, 4.64618305, 0.49593067,\n        2.237364  ]]), array([0.38464184, 0.38464184, 0.38464184, 0.38464184, 0.38464184,\n       0.38464184, 0.38464184]))", "callback": [0.9109804630874807, 0.8233231532873275, 0.7503205270326728, 0.6762939344586134, 0.6056943171170223, 0.5016309491569517, 0.4362986182141819, 0.40366543332441285, 0.3920135811277944, 0.38862543965055774, 0.3868415987079997, 0.38603320270990626, 0.38496674457069857, 0.3848128256563821, 0.3846939014224492, 0.38465771543723426, 0.3846512256250745, 0.38464994573625255, 0.3846472535623583, 0.38464644672155435, 0.3846441304762329, 0.3846424256072125, 0.38464198866126564, 0.3846419229158212, 0.38464186048129145, 0.3846418475034564, 0.38464184599671947, 0.38464184487872244, 0.3846418447298994, 0.3846418446860089, 0.38464184467984386, 0.38464184467766716, 0.3846418446773934, 0.38464184467729423, 0.38464184467728324, 0.3846418446772797, 0.3846418446772776, 0.38464184467727747, 0.38464184467727736, 0.38464184467727736, 0.38464184467727724]}, "8": {"maxiter": 1000, "fatol": 1e-05, "xatol": 1e-05, "duration": 0.10751891136169434, "fun": "0.38464184468269713", "nit": "298", "nfev": "469", "status": "0", "success": "True", "message": "Optimization terminated successfully.", "x": "[5.21030284 4.17309135 3.78199687 4.6461838  0.49592881 2.23735966]", "final_simplex": "(array([[5.21030284, 4.17309135, 3.78199687, 4.6461838 , 0.49592881,\n        2.23735966],\n       [5.21030389, 4.1730988 , 3.78199611, 4.64618641, 0.49592828,\n        2.23736328],\n       [5.21029764, 4.17309987, 3.78199633, 4.64618749, 0.49593007,\n        2.23735914],\n       [5.21029533, 4.17309718, 3.78199738, 4.64618496, 0.49592651,\n        2.23736512],\n       [5.21029903, 4.1730994 , 3.78199128, 4.64618269, 0.49593423,\n        2.23736025],\n       [5.21029822, 4.17308918, 3.78200527, 4.64617448, 0.49592666,\n        2.237361  ],\n       [5.21030014, 4.1730995 , 3.78199778, 4.6461826 , 0.49592286,\n        2.2373568 ]]), array([0.38464184, 0.38464184, 0.38464184, 0.38464184, 0.38464184,\n       0.38464184, 0.38464184]))", "callback": [0.9109804630874807, 0.8233231532873275, 0.7503205270326728, 0.6762939344586134, 0.6056943171170223, 0.5016309491569517, 0.4362986182141819, 0.40366543332441285, 0.3920135811277944, 0.38862543965055774, 0.3868415987079997, 0.38603320270990626, 0.38496674457069857, 0.3848128256563821, 0.3846939014224492, 0.38465771543723426, 0.3846512256250745, 0.38464994573625255, 0.3846472535623583, 0.38464644672155435, 0.3846441304762329, 0.3846424256072125, 0.38464198866126564, 0.3846419229158212, 0.38464186048129145, 0.3846418475034564, 0.38464184599671947, 0.38464184487872244, 0.3846418447298994, 0.3846418446860089]}, "9": {"maxiter": 1000, "fatol": 1e-05, "xatol": 1e-10, "duration": 0.1506178379058838, "fun": "0.38464184467727724", "nit": "401", "nfev": "693", "status": "0", "success": "True", "message": "Optimization terminated successfully.", "x": "[5.21030007 4.17309345 3.78199849 4.64618305 0.49593067 2.237364  ]", "final_simplex": "(array([[5.21030007, 4.17309345, 3.78199849, 4.64618305, 0.49593067,\n        2.237364  ],\n       [5.21030007, 4.17309345, 3.78199849, 4.64618305, 0.49593067,\n        2.237364  ],\n       [5.21030007, 4.17309345, 3.78199849, 4.64618305, 0.49593067,\n        2.237364  ],\n       [5.21030007, 4.17309345, 3.78199849, 4.64618305, 0.49593067,\n        2.237364  ],\n       [5.21030007, 4.17309345, 3.78199849, 4.64618305, 0.49593067,\n        2.237364  ],\n       [5.21030007, 4.17309345, 3.78199849, 4.64618305, 0.49593067,\n        2.237364  ],\n       [5.21030007, 4.17309345, 3.78199849, 4.64618305, 0.49593067,\n        2.237364  ]]), array([0.38464184, 0.38464184, 0.38464184, 0.38464184, 0.38464184,\n       0.38464184, 0.38464184]))", "callback": [0.9109804630874807, 0.8233231532873275, 0.7503205270326728, 0.6762939344586134, 0.6056943171170223, 0.5016309491569517, 0.4362986182141819, 0.40366543332441285, 0.3920135811277944, 0.38862543965055774, 0.3868415987079997, 0.38603320270990626, 0.38496674457069857, 0.3848128256563821, 0.3846939014224492, 0.38465771543723426, 0.3846512256250745, 0.38464994573625255, 0.3846472535623583, 0.38464644672155435, 0.3846441304762329, 0.3846424256072125, 0.38464198866126564, 0.3846419229158212, 0.38464186048129145, 0.3846418475034564, 0.38464184599671947, 0.38464184487872244, 0.3846418447298994, 0.3846418446860089, 0.38464184467984386, 0.38464184467766716, 0.3846418446773934, 0.38464184467729423, 0.38464184467728324, 0.3846418446772797, 0.3846418446772776, 0.38464184467727747, 0.38464184467727736, 0.38464184467727736, 0.38464184467727724]}, "10": {"maxiter": 1000, "fatol": 1e-10, "xatol": 1e-05, "duration": 0.10713815689086914, "fun": "0.38464184468269713", "nit": "298", "nfev": "469", "status": "0", "success": "True", "message": "Optimization terminated successfully.", "x": "[5.21030284 4.17309135 3.78199687 4.6461838  0.49592881 2.23735966]", "final_simplex": "(array([[5.21030284, 4.17309135, 3.78199687, 4.6461838 , 0.49592881,\n        2.23735966],\n       [5.21030389, 4.1730988 , 3.78199611, 4.64618641, 0.49592828,\n        2.23736328],\n       [5.21029764, 4.17309987, 3.78199633, 4.64618749, 0.49593007,\n        2.23735914],\n       [5.21029533, 4.17309718, 3.78199738, 4.64618496, 0.49592651,\n        2.23736512],\n       [5.21029903, 4.1730994 , 3.78199128, 4.64618269, 0.49593423,\n        2.23736025],\n       [5.21029822, 4.17308918, 3.78200527, 4.64617448, 0.49592666,\n        2.237361  ],\n       [5.21030014, 4.1730995 , 3.78199778, 4.6461826 , 0.49592286,\n        2.2373568 ]]), array([0.38464184, 0.38464184, 0.38464184, 0.38464184, 0.38464184,\n       0.38464184, 0.38464184]))", "callback": [0.9109804630874807, 0.8233231532873275, 0.7503205270326728, 0.6762939344586134, 0.6056943171170223, 0.5016309491569517, 0.4362986182141819, 0.40366543332441285, 0.3920135811277944, 0.38862543965055774, 0.3868415987079997, 0.38603320270990626, 0.38496674457069857, 0.3848128256563821, 0.3846939014224492, 0.38465771543723426, 0.3846512256250745, 0.38464994573625255, 0.3846472535623583, 0.38464644672155435, 0.3846441304762329, 0.3846424256072125, 0.38464198866126564, 0.3846419229158212, 0.38464186048129145, 0.3846418475034564, 0.38464184599671947, 0.38464184487872244, 0.3846418447298994, 0.3846418446860089]}, "11": {"maxiter": 1000, "fatol": 1e-10, "xatol": 1e-10, "duration": 0.17066001892089844, "fun": "0.38464184467727724", "nit": "401", "nfev": "693", "status": "0", "success": "True", "message": "Optimization terminated successfully.", "x": "[5.21030007 4.17309345 3.78199849 4.64618305 0.49593067 2.237364  ]", "final_simplex": "(array([[5.21030007, 4.17309345, 3.78199849, 4.64618305, 0.49593067,\n        2.237364  ],\n       [5.21030007, 4.17309345, 3.78199849, 4.64618305, 0.49593067,\n        2.237364  ],\n       [5.21030007, 4.17309345, 3.78199849, 4.64618305, 0.49593067,\n        2.237364  ],\n       [5.21030007, 4.17309345, 3.78199849, 4.64618305, 0.49593067,\n        2.237364  ],\n       [5.21030007, 4.17309345, 3.78199849, 4.64618305, 0.49593067,\n        2.237364  ],\n       [5.21030007, 4.17309345, 3.78199849, 4.64618305, 0.49593067,\n        2.237364  ],\n       [5.21030007, 4.17309345, 3.78199849, 4.64618305, 0.49593067,\n        2.237364  ]]), array([0.38464184, 0.38464184, 0.38464184, 0.38464184, 0.38464184,\n       0.38464184, 0.38464184]))", "callback": [0.9109804630874807, 0.8233231532873275, 0.7503205270326728, 0.6762939344586134, 0.6056943171170223, 0.5016309491569517, 0.4362986182141819, 0.40366543332441285, 0.3920135811277944, 0.38862543965055774, 0.3868415987079997, 0.38603320270990626, 0.38496674457069857, 0.3848128256563821, 0.3846939014224492, 0.38465771543723426, 0.3846512256250745, 0.38464994573625255, 0.3846472535623583, 0.38464644672155435, 0.3846441304762329, 0.3846424256072125, 0.38464198866126564, 0.3846419229158212, 0.38464186048129145, 0.3846418475034564, 0.38464184599671947, 0.38464184487872244, 0.3846418447298994, 0.3846418446860089, 0.38464184467984386, 0.38464184467766716, 0.3846418446773934, 0.38464184467729423, 0.38464184467728324, 0.3846418446772797, 0.3846418446772776, 0.38464184467727747, 0.38464184467727736, 0.38464184467727736, 0.38464184467727724]}}, "bfgs": {"type": "gradient", "0": {"maxiter": 100, "gtol": 1e-05, "xrtol": 1e-05, "eps": 1e-05, "duration": 0.042218923568725586, "fun": "0.3846418447472594", "jac": "[ 3.30960814e-06  4.43756143e-06 -1.59094959e-08  1.76056947e-06\n -1.41413548e-06  1.34491307e-06]", "hess_inv": "[[ 4.3432491  -1.45126292 -0.43719358  0.76530588 -0.2981034   0.20639842]\n [-1.45126292  5.98979865 -1.22119767  0.74908468  0.16618916 -0.61869713]\n [-0.43719358 -1.22119767  4.76926456  0.05668588 -0.79811962  0.26093113]\n [ 0.76530588  0.74908468  0.05668588  5.43405481  0.25525353 -0.5137864 ]\n [-0.2981034   0.16618916 -0.79811962  0.25525353  3.70799584  0.04992196]\n [ 0.20639842 -0.61869713  0.26093113 -0.5137864   0.04992196  3.22046439]]", "nfev": "175", "njev": "25", "status": "0", "success": "True", "message": "Optimization terminated successfully.", "x": "[5.21030669 4.17311654 3.78198937 4.64619226 0.49592052 2.23736057]", "nit": "21", "callback": [0.8224676710625661, 0.7887605285202256, 0.657937960532053, 0.586734669782247, 0.5291957788838831, 0.49977495473102185, 0.45232207110314704, 0.40898521304301183, 0.39606902609409667, 0.38965164012393383, 0.3856024029624955, 0.3848398986603483, 0.38474201096295346, 0.3846819215592999, 0.38464988898738095, 0.3846457223220724, 0.38464400131674614, 0.38464268079624175, 0.3846419705963947, 0.3846418513031584, 0.3846418447472594]}, "1": {"maxiter": 100, "gtol": 1e-05, "xrtol": 1e-05, "eps": 1e-10, "duration": 0.04108595848083496, "fun": "0.3846418448248974", "jac": "[6.66133760e-06 4.44089173e-06 3.33066880e-06 1.11022293e-06\n 0.00000000e+00 0.00000000e+00]", "hess_inv": "[[ 4.31202374 -1.48970507 -0.44416798  0.72925887 -0.31638039  0.22049461]\n [-1.48970507  6.00998367 -1.2081133   0.77923816  0.17077447 -0.62042364]\n [-0.44416798 -1.2081133   4.77324786  0.07607361 -0.79524635  0.25936656]\n [ 0.72925887  0.77923816  0.07607361  5.48586956  0.26780125 -0.51689588]\n [-0.31638039  0.17077447 -0.79524635  0.26780125  3.70669995  0.05269357]\n [ 0.22049461 -0.62042364  0.25936656 -0.51689588  0.05269357  3.21528692]]", "nfev": "175", "njev": "25", "status": "0", "success": "True", "message": "Optimization terminated successfully.", "x": "[5.21032088 4.17312033 3.78199693 4.64620268 0.49592906 2.23736359]", "nit": "21", "callback": [0.8224669337454518, 0.7887601686959855, 0.6579327264787846, 0.5867286894164844, 0.5291951201158104, 0.49977744187779916, 0.45232688982475655, 0.40898442205305896, 0.39607033474950104, 0.3896522910774295, 0.38560134999616624, 0.38483995838467344, 0.3847420357466226, 0.384681934373338, 0.38464987190057187, 0.3846457155322648, 0.38464399586788267, 0.3846426768703042, 0.38464197348920526, 0.384641851321434, 0.3846418448248974]}, "2": {"maxiter": 100, "gtol": 1e-05, "xrtol": 1e-10, "eps": 1e-05, "duration": 0.04194211959838867, "fun": "0.3846418447472594", "jac": "[ 3.30960814e-06  4.43756143e-06 -1.59094959e-08  1.76056947e-06\n -1.41413548e-06  1.34491307e-06]", "hess_inv": "[[ 4.3432491  -1.45126292 -0.43719358  0.76530588 -0.2981034   0.20639842]\n [-1.45126292  5.98979865 -1.22119767  0.74908468  0.16618916 -0.61869713]\n [-0.43719358 -1.22119767  4.76926456  0.05668588 -0.79811962  0.26093113]\n [ 0.76530588  0.74908468  0.05668588  5.43405481  0.25525353 -0.5137864 ]\n [-0.2981034   0.16618916 -0.79811962  0.25525353  3.70799584  0.04992196]\n [ 0.20639842 -0.61869713  0.26093113 -0.5137864   0.04992196  3.22046439]]", "nfev": "175", "njev": "25", "status": "0", "success": "True", "message": "Optimization terminated successfully.", "x": "[5.21030669 4.17311654 3.78198937 4.64619226 0.49592052 2.23736057]", "nit": "21", "callback": [0.8224676710625661, 0.7887605285202256, 0.657937960532053, 0.586734669782247, 0.5291957788838831, 0.49977495473102185, 0.45232207110314704, 0.40898521304301183, 0.39606902609409667, 0.38965164012393383, 0.3856024029624955, 0.3848398986603483, 0.38474201096295346, 0.3846819215592999, 0.38464988898738095, 0.3846457223220724, 0.38464400131674614, 0.38464268079624175, 0.3846419705963947, 0.3846418513031584, 0.3846418447472594]}, "3": {"maxiter": 100, "gtol": 1e-05, "xrtol": 1e-10, "eps": 1e-10, "duration": 0.04079008102416992, "fun": "0.3846418448248974", "jac": "[6.66133760e-06 4.44089173e-06 3.33066880e-06 1.11022293e-06\n 0.00000000e+00 0.00000000e+00]", "hess_inv": "[[ 4.31202374 -1.48970507 -0.44416798  0.72925887 -0.31638039  0.22049461]\n [-1.48970507  6.00998367 -1.2081133   0.77923816  0.17077447 -0.62042364]\n [-0.44416798 -1.2081133   4.77324786  0.07607361 -0.79524635  0.25936656]\n [ 0.72925887  0.77923816  0.07607361  5.48586956  0.26780125 -0.51689588]\n [-0.31638039  0.17077447 -0.79524635  0.26780125  3.70669995  0.05269357]\n [ 0.22049461 -0.62042364  0.25936656 -0.51689588  0.05269357  3.21528692]]", "nfev": "175", "njev": "25", "status": "0", "success": "True", "message": "Optimization terminated successfully.", "x": "[5.21032088 4.17312033 3.78199693 4.64620268 0.49592906 2.23736359]", "nit": "21", "callback": [0.8224669337454518, 0.7887601686959855, 0.6579327264787846, 0.5867286894164844, 0.5291951201158104, 0.49977744187779916, 0.45232688982475655, 0.40898442205305896, 0.39607033474950104, 0.3896522910774295, 0.38560134999616624, 0.38483995838467344, 0.3847420357466226, 0.384681934373338, 0.38464987190057187, 0.3846457155322648, 0.38464399586788267, 0.3846426768703042, 0.38464197348920526, 0.384641851321434, 0.3846418448248974]}, "4": {"maxiter": 100, "gtol": 1e-10, "xrtol": 1e-05, "eps": 1e-05, "duration": 0.04505324363708496, "fun": "0.38464184469281326", "jac": "[-9.82214310e-08  1.92657001e-07  1.90958360e-09  2.63966626e-07\n -1.13808962e-07  1.73261405e-07]", "hess_inv": "[[ 4.44534298 -1.12957377 -0.50357618  0.99339186 -0.36991904  0.22951772]\n [-1.12957377  6.28172212 -1.34369091  0.85944337  0.09785036 -0.62031364]\n [-0.50357618 -1.34369091  4.80201818 -0.01856098 -0.77039307  0.2548415 ]\n [ 0.99339186  0.85944337 -0.01856098  5.43085784  0.22794594 -0.52490197]\n [-0.36991904  0.09785036 -0.77039307  0.22794594  3.72394554  0.04995595]\n [ 0.22951772 -0.62031364  0.2548415  -0.52490197  0.04995595  3.21801672]]", "nfev": "182", "njev": "26", "status": "0", "success": "True", "message": "Optimization terminated successfully.", "x": "[5.2102944  4.17309184 3.78199568 4.64617662 0.4959261  2.23735923]", "nit": "22", "callback": [0.8224676710625661, 0.7887605285202256, 0.657937960532053, 0.586734669782247, 0.5291957788838831, 0.49977495473102185, 0.45232207110314704, 0.40898521304301183, 0.39606902609409667, 0.38965164012393383, 0.3856024029624955, 0.3848398986603483, 0.38474201096295346, 0.3846819215592999, 0.38464988898738095, 0.3846457223220724, 0.38464400131674614, 0.38464268079624175, 0.3846419705963947, 0.3846418513031584, 0.3846418447472594, 0.38464184469281326]}, "5": {"maxiter": 100, "gtol": 1e-10, "xrtol": 1e-05, "eps": 1e-10, "duration": 0.042436838150024414, "fun": "0.3846418446958799", "jac": "[ 0.00000000e+00  0.00000000e+00 -1.11022293e-06  1.11022293e-06\n  1.11022293e-06  3.33066880e-06]", "hess_inv": "[[ 4.74798011 -1.22625599 -0.33794694  0.97428576 -0.39166088  0.20232082]\n [-1.22625599  6.15757498 -1.18727539  0.88079379  0.12525625 -0.62957709]\n [-0.33794694 -1.18727539  4.63727302 -0.03788977 -0.81368599  0.26176713]\n [ 0.97428576  0.88079379 -0.03788977  5.43725102  0.22538564 -0.51978352]\n [-0.39166088  0.12525625 -0.81368599  0.22538564  3.71969925  0.05583591]\n [ 0.20232082 -0.62957709  0.26176713 -0.51978352  0.05583591  3.21575644]]", "nfev": "182", "njev": "26", "status": "0", "success": "True", "message": "Optimization terminated successfully.", "x": "[5.21029474 4.17310413 3.78198905 4.64618636 0.49593357 2.23736475]", "nit": "22", "callback": [0.8224669337454518, 0.7887601686959855, 0.6579327264787846, 0.5867286894164844, 0.5291951201158104, 0.49977744187779916, 0.45232688982475655, 0.40898442205305896, 0.39607033474950104, 0.3896522910774295, 0.38560134999616624, 0.38483995838467344, 0.3847420357466226, 0.384681934373338, 0.38464987190057187, 0.3846457155322648, 0.38464399586788267, 0.3846426768703042, 0.38464197348920526, 0.384641851321434, 0.3846418448248974, 0.3846418446958799]}, "6": {"maxiter": 100, "gtol": 1e-10, "xrtol": 1e-10, "eps": 1e-05, "duration": 0.10092020034790039, "fun": "0.38464184469281326", "jac": "[-9.82214310e-08  1.92657001e-07  1.90958360e-09  2.63966626e-07\n -1.13808962e-07  1.73261405e-07]", "hess_inv": "[[ 4.36598868 -1.14822355 -0.4788422   1.01462699 -0.36428045  0.24186249]\n [-1.14822355  6.52732579 -1.3662571   1.08132535  0.0452798  -0.58018834]\n [-0.4788422  -1.3662571   4.79753052 -0.04980183 -0.76603218  0.24676799]\n [ 1.01462699  1.08132535 -0.04980183  5.6133527   0.17967651 -0.49590942]\n [-0.36428045  0.0452798  -0.76603218  0.17967651  3.73516451  0.04105349]\n [ 0.24186249 -0.58018834  0.24676799 -0.49590942  0.04105349  3.22163911]]", "nfev": "439", "njev": "61", "status": "2", "success": "False", "message": "Desired error not necessarily achieved due to precision loss.", "x": "[5.2102944  4.17309184 3.78199568 4.64617662 0.4959261  2.23735923]", "nit": "22", "callback": [0.8224676710625661, 0.7887605285202256, 0.657937960532053, 0.586734669782247, 0.5291957788838831, 0.49977495473102185, 0.45232207110314704, 0.40898521304301183, 0.39606902609409667, 0.38965164012393383, 0.3856024029624955, 0.3848398986603483, 0.38474201096295346, 0.3846819215592999, 0.38464988898738095, 0.3846457223220724, 0.38464400131674614, 0.38464268079624175, 0.3846419705963947, 0.3846418513031584, 0.3846418447472594, 0.38464184469281326]}, "7": {"maxiter": 100, "gtol": 1e-10, "xrtol": 1e-10, "eps": 1e-10, "duration": 0.06723213195800781, "fun": "0.3846418446899694", "jac": "[ 0.00000000e+00  1.11022293e-06 -1.11022293e-06  0.00000000e+00\n -1.11022293e-06 -1.11022293e-06]", "hess_inv": "[[ 1.24701083  0.6945209  -0.04075127  0.18103944 -0.41353949 -0.59466053]\n [ 0.6945209   2.09921429  0.29481497  1.18151163  0.11788723 -0.81449409]\n [-0.04075127  0.29481497  0.53002492 -0.24547972 -0.28803413  0.47934961]\n [ 0.18103944  1.18151163 -0.24547972  5.40992449  0.32215658 -1.12408898]\n [-0.41353949  0.11788723 -0.28803413  0.32215658  3.55997821 -0.44982076]\n [-0.59466053 -0.81449409  0.47934961 -1.12408898 -0.44982076  1.41679024]]", "nfev": "294", "njev": "42", "status": "0", "success": "True", "message": "Optimization terminated successfully.", "x": "[5.21029603 4.17310456 3.78199233 4.6461829  0.4959296  2.23736162]", "nit": "27", "callback": [0.8224669337454518, 0.7887601686959855, 0.6579327264787846, 0.5867286894164844, 0.5291951201158104, 0.49977744187779916, 0.45232688982475655, 0.40898442205305896, 0.39607033474950104, 0.3896522910774295, 0.38560134999616624, 0.38483995838467344, 0.3847420357466226, 0.384681934373338, 0.38464987190057187, 0.3846457155322648, 0.38464399586788267, 0.3846426768703042, 0.38464197348920526, 0.384641851321434, 0.3846418448248974, 0.3846418446958799, 0.38464184469379226, 0.3846418446913562, 0.3846418446901929, 0.38464184468996954, 0.3846418446899694]}, "8": {"maxiter": 500, "gtol": 1e-05, "xrtol": 1e-05, "eps": 1e-05, "duration": 0.040273189544677734, "fun": "0.3846418447472594", "jac": "[ 3.30960814e-06  4.43756143e-06 -1.59094959e-08  1.76056947e-06\n -1.41413548e-06  1.34491307e-06]", "hess_inv": "[[ 4.3432491  -1.45126292 -0.43719358  0.76530588 -0.2981034   0.20639842]\n [-1.45126292  5.98979865 -1.22119767  0.74908468  0.16618916 -0.61869713]\n [-0.43719358 -1.22119767  4.76926456  0.05668588 -0.79811962  0.26093113]\n [ 0.76530588  0.74908468  0.05668588  5.43405481  0.25525353 -0.5137864 ]\n [-0.2981034   0.16618916 -0.79811962  0.25525353  3.70799584  0.04992196]\n [ 0.20639842 -0.61869713  0.26093113 -0.5137864   0.04992196  3.22046439]]", "nfev": "175", "njev": "25", "status": "0", "success": "True", "message": "Optimization terminated successfully.", "x": "[5.21030669 4.17311654 3.78198937 4.64619226 0.49592052 2.23736057]", "nit": "21", "callback": [0.8224676710625661, 0.7887605285202256, 0.657937960532053, 0.586734669782247, 0.5291957788838831, 0.49977495473102185, 0.45232207110314704, 0.40898521304301183, 0.39606902609409667, 0.38965164012393383, 0.3856024029624955, 0.3848398986603483, 0.38474201096295346, 0.3846819215592999, 0.38464988898738095, 0.3846457223220724, 0.38464400131674614, 0.38464268079624175, 0.3846419705963947, 0.3846418513031584, 0.3846418447472594]}, "9": {"maxiter": 500, "gtol": 1e-05, "xrtol": 1e-05, "eps": 1e-10, "duration": 0.043203115463256836, "fun": "0.3846418448248974", "jac": "[6.66133760e-06 4.44089173e-06 3.33066880e-06 1.11022293e-06\n 0.00000000e+00 0.00000000e+00]", "hess_inv": "[[ 4.31202374 -1.48970507 -0.44416798  0.72925887 -0.31638039  0.22049461]\n [-1.48970507  6.00998367 -1.2081133   0.77923816  0.17077447 -0.62042364]\n [-0.44416798 -1.2081133   4.77324786  0.07607361 -0.79524635  0.25936656]\n [ 0.72925887  0.77923816  0.07607361  5.48586956  0.26780125 -0.51689588]\n [-0.31638039  0.17077447 -0.79524635  0.26780125  3.70669995  0.05269357]\n [ 0.22049461 -0.62042364  0.25936656 -0.51689588  0.05269357  3.21528692]]", "nfev": "175", "njev": "25", "status": "0", "success": "True", "message": "Optimization terminated successfully.", "x": "[5.21032088 4.17312033 3.78199693 4.64620268 0.49592906 2.23736359]", "nit": "21", "callback": [0.8224669337454518, 0.7887601686959855, 0.6579327264787846, 0.5867286894164844, 0.5291951201158104, 0.49977744187779916, 0.45232688982475655, 0.40898442205305896, 0.39607033474950104, 0.3896522910774295, 0.38560134999616624, 0.38483995838467344, 0.3847420357466226, 0.384681934373338, 0.38464987190057187, 0.3846457155322648, 0.38464399586788267, 0.3846426768703042, 0.38464197348920526, 0.384641851321434, 0.3846418448248974]}, "10": {"maxiter": 500, "gtol": 1e-05, "xrtol": 1e-10, "eps": 1e-05, "duration": 0.040778160095214844, "fun": "0.3846418447472594", "jac": "[ 3.30960814e-06  4.43756143e-06 -1.59094959e-08  1.76056947e-06\n -1.41413548e-06  1.34491307e-06]", "hess_inv": "[[ 4.3432491  -1.45126292 -0.43719358  0.76530588 -0.2981034   0.20639842]\n [-1.45126292  5.98979865 -1.22119767  0.74908468  0.16618916 -0.61869713]\n [-0.43719358 -1.22119767  4.76926456  0.05668588 -0.79811962  0.26093113]\n [ 0.76530588  0.74908468  0.05668588  5.43405481  0.25525353 -0.5137864 ]\n [-0.2981034   0.16618916 -0.79811962  0.25525353  3.70799584  0.04992196]\n [ 0.20639842 -0.61869713  0.26093113 -0.5137864   0.04992196  3.22046439]]", "nfev": "175", "njev": "25", "status": "0", "success": "True", "message": "Optimization terminated successfully.", "x": "[5.21030669 4.17311654 3.78198937 4.64619226 0.49592052 2.23736057]", "nit": "21", "callback": [0.8224676710625661, 0.7887605285202256, 0.657937960532053, 0.586734669782247, 0.5291957788838831, 0.49977495473102185, 0.45232207110314704, 0.40898521304301183, 0.39606902609409667, 0.38965164012393383, 0.3856024029624955, 0.3848398986603483, 0.38474201096295346, 0.3846819215592999, 0.38464988898738095, 0.3846457223220724, 0.38464400131674614, 0.38464268079624175, 0.3846419705963947, 0.3846418513031584, 0.3846418447472594]}, "11": {"maxiter": 500, "gtol": 1e-05, "xrtol": 1e-10, "eps": 1e-10, "duration": 0.040701866149902344, "fun": "0.3846418448248974", "jac": "[6.66133760e-06 4.44089173e-06 3.33066880e-06 1.11022293e-06\n 0.00000000e+00 0.00000000e+00]", "hess_inv": "[[ 4.31202374 -1.48970507 -0.44416798  0.72925887 -0.31638039  0.22049461]\n [-1.48970507  6.00998367 -1.2081133   0.77923816  0.17077447 -0.62042364]\n [-0.44416798 -1.2081133   4.77324786  0.07607361 -0.79524635  0.25936656]\n [ 0.72925887  0.77923816  0.07607361  5.48586956  0.26780125 -0.51689588]\n [-0.31638039  0.17077447 -0.79524635  0.26780125  3.70669995  0.05269357]\n [ 0.22049461 -0.62042364  0.25936656 -0.51689588  0.05269357  3.21528692]]", "nfev": "175", "njev": "25", "status": "0", "success": "True", "message": "Optimization terminated successfully.", "x": "[5.21032088 4.17312033 3.78199693 4.64620268 0.49592906 2.23736359]", "nit": "21", "callback": [0.8224669337454518, 0.7887601686959855, 0.6579327264787846, 0.5867286894164844, 0.5291951201158104, 0.49977744187779916, 0.45232688982475655, 0.40898442205305896, 0.39607033474950104, 0.3896522910774295, 0.38560134999616624, 0.38483995838467344, 0.3847420357466226, 0.384681934373338, 0.38464987190057187, 0.3846457155322648, 0.38464399586788267, 0.3846426768703042, 0.38464197348920526, 0.384641851321434, 0.3846418448248974]}, "12": {"maxiter": 500, "gtol": 1e-10, "xrtol": 1e-05, "eps": 1e-05, "duration": 0.04214000701904297, "fun": "0.38464184469281326", "jac": "[-9.82214310e-08  1.92657001e-07  1.90958360e-09  2.63966626e-07\n -1.13808962e-07  1.73261405e-07]", "hess_inv": "[[ 4.44534298 -1.12957377 -0.50357618  0.99339186 -0.36991904  0.22951772]\n [-1.12957377  6.28172212 -1.34369091  0.85944337  0.09785036 -0.62031364]\n [-0.50357618 -1.34369091  4.80201818 -0.01856098 -0.77039307  0.2548415 ]\n [ 0.99339186  0.85944337 -0.01856098  5.43085784  0.22794594 -0.52490197]\n [-0.36991904  0.09785036 -0.77039307  0.22794594  3.72394554  0.04995595]\n [ 0.22951772 -0.62031364  0.2548415  -0.52490197  0.04995595  3.21801672]]", "nfev": "182", "njev": "26", "status": "0", "success": "True", "message": "Optimization terminated successfully.", "x": "[5.2102944  4.17309184 3.78199568 4.64617662 0.4959261  2.23735923]", "nit": "22", "callback": [0.8224676710625661, 0.7887605285202256, 0.657937960532053, 0.586734669782247, 0.5291957788838831, 0.49977495473102185, 0.45232207110314704, 0.40898521304301183, 0.39606902609409667, 0.38965164012393383, 0.3856024029624955, 0.3848398986603483, 0.38474201096295346, 0.3846819215592999, 0.38464988898738095, 0.3846457223220724, 0.38464400131674614, 0.38464268079624175, 0.3846419705963947, 0.3846418513031584, 0.3846418447472594, 0.38464184469281326]}, "13": {"maxiter": 500, "gtol": 1e-10, "xrtol": 1e-05, "eps": 1e-10, "duration": 0.04351496696472168, "fun": "0.3846418446958799", "jac": "[ 0.00000000e+00  0.00000000e+00 -1.11022293e-06  1.11022293e-06\n  1.11022293e-06  3.33066880e-06]", "hess_inv": "[[ 4.74798011 -1.22625599 -0.33794694  0.97428576 -0.39166088  0.20232082]\n [-1.22625599  6.15757498 -1.18727539  0.88079379  0.12525625 -0.62957709]\n [-0.33794694 -1.18727539  4.63727302 -0.03788977 -0.81368599  0.26176713]\n [ 0.97428576  0.88079379 -0.03788977  5.43725102  0.22538564 -0.51978352]\n [-0.39166088  0.12525625 -0.81368599  0.22538564  3.71969925  0.05583591]\n [ 0.20232082 -0.62957709  0.26176713 -0.51978352  0.05583591  3.21575644]]", "nfev": "182", "njev": "26", "status": "0", "success": "True", "message": "Optimization terminated successfully.", "x": "[5.21029474 4.17310413 3.78198905 4.64618636 0.49593357 2