{"date": "2024/09/25/, 07:10:03", "conf_id": 167, "data_type": "non_lin_ind\n", "num_data_points": 1, "s_rank": 0, "unitary": "[[0.18663085-0.53122324j,-0.11886349-0.70040876j,0.28555095-0.02789305j,-0.12262021-0.2844587j],[-0.16702216+0.27758472j,0.27526351-0.29738586j,-0.01109314+0.22495461j,-0.77239203+0.28900673j],[0.61935415+0.12301792j,-0.31269928-0.03315917j,-0.61902762-0.19039079j,-0.27120731-0.0968989j],[0.42341754+0.0023929j,-0.05847358+0.47832119j,0.64900495-0.16218422j,-0.37182676-0.05229966j]]", "databatch_0": {"databatch": "[[[0.26663444+0.01610209j,-0.15343577+0.16056337j,0.08061016-0.15405849j,0.21344834-0.09039906j],[-0.06506037-0.10826157j,-0.20082291+0.21957529j,0.15132428+0.13211228j,-0.0834131-0.12790692j],[-0.10545486-0.237839j,-0.14431091-0.02226238j,-0.10047174+0.25005237j,-0.11798457-0.18417766j],[0.26742042+0.00973143j,0.16279034+0.33911994j,0.07950044-0.41378536j,0.14761366-0.0726673j]]]", "initial param values": "[3.75393453,6.03301286,4.36500781,1.46338937,5.11696578,4.09476713]", "nelder_mead": {"type": "gradient-free", "0": {"maxiter": 100, "fatol": 1e-05, "xatol": 1e-05, "duration": 0.03949308395385742, "fun": "0.4681772814718258", "nit": "100", "nfev": "159", "status": "2", "success": "False", "message": "Maximum number of iterations has been exceeded.", "x": "[3.83986016 8.2715295  3.59444147 1.80870065 6.16765227 2.46118503]", "final_simplex": "(array([[3.83986016, 8.2715295 , 3.59444147, 1.80870065, 6.16765227,\n        2.46118503],\n       [3.95084696, 8.37208245, 3.63556987, 1.76115323, 6.19532403,\n        2.38865396],\n       [3.86086359, 8.43361866, 3.39350112, 1.74228763, 6.419582  ,\n        2.52206235],\n       [3.82916576, 8.16670693, 3.41993925, 1.74533266, 6.45913542,\n        2.55785766],\n       [3.91348384, 8.27938034, 3.41324322, 1.7147431 , 6.40336137,\n        2.50127521],\n       [3.99833398, 8.29740102, 3.47555945, 1.64505898, 6.24641842,\n        2.58899718],\n       [3.95565717, 8.26598929, 3.35743688, 1.69763719, 6.32912031,\n        2.52243347]]), array([0.46817728, 0.47711585, 0.48525446, 0.48578499, 0.48956573,\n       0.49324058, 0.49399702]))", "callback": [0.9144923944281057, 0.7588344990324986, 0.7281596657406191, 0.5780565021462234, 0.5541025849599869, 0.5347713287805826, 0.5205261725833207, 0.5121340616713497, 0.506013044473587, 0.49324058217859923]}, "1": {"maxiter": 100, "fatol": 1e-05, "xatol": 1e-10, "duration": 0.039090871810913086, "fun": "0.4681772814718258", "nit": "100", "nfev": "159", "status": "2", "success": "False", "message": "Maximum number of iterations has been exceeded.", "x": "[3.83986016 8.2715295  3.59444147 1.80870065 6.16765227 2.46118503]", "final_simplex": "(array([[3.83986016, 8.2715295 , 3.59444147, 1.80870065, 6.16765227,\n        2.46118503],\n       [3.95084696, 8.37208245, 3.63556987, 1.76115323, 6.19532403,\n        2.38865396],\n       [3.86086359, 8.43361866, 3.39350112, 1.74228763, 6.419582  ,\n        2.52206235],\n       [3.82916576, 8.16670693, 3.41993925, 1.74533266, 6.45913542,\n        2.55785766],\n       [3.91348384, 8.27938034, 3.41324322, 1.7147431 , 6.40336137,\n        2.50127521],\n       [3.99833398, 8.29740102, 3.47555945, 1.64505898, 6.24641842,\n        2.58899718],\n       [3.95565717, 8.26598929, 3.35743688, 1.69763719, 6.32912031,\n        2.52243347]]), array([0.46817728, 0.47711585, 0.48525446, 0.48578499, 0.48956573,\n       0.49324058, 0.49399702]))", "callback": [0.9144923944281057, 0.7588344990324986, 0.7281596657406191, 0.5780565021462234, 0.5541025849599869, 0.5347713287805826, 0.5205261725833207, 0.5121340616713497, 0.506013044473587, 0.49324058217859923]}, "2": {"maxiter": 100, "fatol": 1e-10, "xatol": 1e-05, "duration": 0.03791618347167969, "fun": "0.4681772814718258", "nit": "100", "nfev": "159", "status": "2", "success": "False", "message": "Maximum number of iterations has been exceeded.", "x": "[3.83986016 8.2715295  3.59444147 1.80870065 6.16765227 2.46118503]", "final_simplex": "(array([[3.83986016, 8.2715295 , 3.59444147, 1.80870065, 6.16765227,\n        2.46118503],\n       [3.95084696, 8.37208245, 3.63556987, 1.76115323, 6.19532403,\n        2.38865396],\n       [3.86086359, 8.43361866, 3.39350112, 1.74228763, 6.419582  ,\n        2.52206235],\n       [3.82916576, 8.16670693, 3.41993925, 1.74533266, 6.45913542,\n        2.55785766],\n       [3.91348384, 8.27938034, 3.41324322, 1.7147431 , 6.40336137,\n        2.50127521],\n       [3.99833398, 8.29740102, 3.47555945, 1.64505898, 6.24641842,\n        2.58899718],\n       [3.95565717, 8.26598929, 3.35743688, 1.69763719, 6.32912031,\n        2.52243347]]), array([0.46817728, 0.47711585, 0.48525446, 0.48578499, 0.48956573,\n       0.49324058, 0.49399702]))", "callback": [0.9144923944281057, 0.7588344990324986, 0.7281596657406191, 0.5780565021462234, 0.5541025849599869, 0.5347713287805826, 0.5205261725833207, 0.5121340616713497, 0.506013044473587, 0.49324058217859923]}, "3": {"maxiter": 100, "fatol": 1e-10, "xatol": 1e-10, "duration": 0.0365290641784668, "fun": "0.4681772814718258", "nit": "100", "nfev": "159", "status": "2", "success": "False", "message": "Maximum number of iterations has been exceeded.", "x": "[3.83986016 8.2715295  3.59444147 1.80870065 6.16765227 2.46118503]", "final_simplex": "(array([[3.83986016, 8.2715295 , 3.59444147, 1.80870065, 6.16765227,\n        2.46118503],\n       [3.95084696, 8.37208245, 3.63556987, 1.76115323, 6.19532403,\n        2.38865396],\n       [3.86086359, 8.43361866, 3.39350112, 1.74228763, 6.419582  ,\n        2.52206235],\n       [3.82916576, 8.16670693, 3.41993925, 1.74533266, 6.45913542,\n        2.55785766],\n       [3.91348384, 8.27938034, 3.41324322, 1.7147431 , 6.40336137,\n        2.50127521],\n       [3.99833398, 8.29740102, 3.47555945, 1.64505898, 6.24641842,\n        2.58899718],\n       [3.95565717, 8.26598929, 3.35743688, 1.69763719, 6.32912031,\n        2.52243347]]), array([0.46817728, 0.47711585, 0.48525446, 0.48578499, 0.48956573,\n       0.49324058, 0.49399702]))", "callback": [0.9144923944281057, 0.7588344990324986, 0.7281596657406191, 0.5780565021462234, 0.5541025849599869, 0.5347713287805826, 0.5205261725833207, 0.5121340616713497, 0.506013044473587, 0.49324058217859923]}, "4": {"maxiter": 500, "fatol": 1e-05, "xatol": 1e-05, "duration": 0.18043112754821777, "fun": "0.22884221726456722", "nit": "500", "nfev": "779", "status": "2", "success": "False", "message": "Maximum number of iterations has been exceeded.", "x": "[ 4.32835428 10.76737047  6.45396994  1.94329562  6.36632762  2.02256623]", "final_simplex": "(array([[ 4.32835428, 10.76737047,  6.45396994,  1.94329562,  6.36632762,\n         2.02256623],\n       [ 4.32834703, 10.7673566 ,  6.45395585,  1.94331149,  6.36631939,\n         2.02256599],\n       [ 4.32834616, 10.76736221,  6.45394748,  1.94330329,  6.36631244,\n         2.02255593],\n       [ 4.32834371, 10.76736813,  6.45396433,  1.94329558,  6.36631717,\n         2.02254722],\n       [ 4.32835022, 10.76737354,  6.45395723,  1.94329918,  6.36631148,\n         2.02255219],\n       [ 4.3283362 , 10.76737589,  6.45396763,  1.94329103,  6.36631921,\n         2.02255191],\n       [ 4.32834554, 10.76735068,  6.45394219,  1.94331096,  6.3663209 ,\n         2.02255153]]), array([0.22884222, 0.22884222, 0.22884222, 0.22884222, 0.22884222,\n       0.22884222, 0.22884222]))", "callback": [0.9144923944281057, 0.7588344990324986, 0.7281596657406191, 0.5780565021462234, 0.5541025849599869, 0.5347713287805826, 0.5205261725833207, 0.5121340616713497, 0.506013044473587, 0.49324058217859923, 0.4527881683255496, 0.4129209640082361, 0.403656361552985, 0.3963264777544073, 0.3346417257972434, 0.2840620857962466, 0.2544979716368079, 0.24344241341521877, 0.23973520877044496, 0.2388665914477005, 0.23849558493233025, 0.2382641962765214, 0.2382641962765214, 0.23825449157826462, 0.23825299924475052, 0.23825039342546928, 0.23824975307280838, 0.23824713746055226, 0.23823722757261978, 0.2382165434689274, 0.23811259712889232, 0.23797744102253937, 0.2373890442245612, 0.235208512044774, 0.2317460680686847, 0.23051539715695613, 0.22978663626894136, 0.22962275291290235, 0.22925372244708953, 0.22911791657070923, 0.2289162215884536, 0.2288804688498991, 0.22884724167454507, 0.22884361285431154, 0.22884258823887327, 0.2288423044962954, 0.22884223499042322, 0.22884222266109533, 0.2288422179391406, 0.22884221734031507]}, "5": {"maxiter": 500, "fatol": 1e-05, "xatol": 1e-10, "duration": 0.17781305313110352, "fun": "0.22884221726456722", "nit": "500", "nfev": "779", "status": "2", "success": "False", "message": "Maximum number of iterations has been exceeded.", "x": "[ 4.32835428 10.76737047  6.45396994  1.94329562  6.36632762  2.02256623]", "final_simplex": "(array([[ 4.32835428, 10.76737047,  6.45396994,  1.94329562,  6.36632762,\n         2.02256623],\n       [ 4.32834703, 10.7673566 ,  6.45395585,  1.94331149,  6.36631939,\n         2.02256599],\n       [ 4.32834616, 10.76736221,  6.45394748,  1.94330329,  6.36631244,\n         2.02255593],\n       [ 4.32834371, 10.76736813,  6.45396433,  1.94329558,  6.36631717,\n         2.02254722],\n       [ 4.32835022, 10.76737354,  6.45395723,  1.94329918,  6.36631148,\n         2.02255219],\n       [ 4.3283362 , 10.76737589,  6.45396763,  1.94329103,  6.36631921,\n         2.02255191],\n       [ 4.32834554, 10.76735068,  6.45394219,  1.94331096,  6.3663209 ,\n         2.02255153]]), array([0.22884222, 0.22884222, 0.22884222, 0.22884222, 0.22884222,\n       0.22884222, 0.22884222]))", "callback": [0.9144923944281057, 0.7588344990324986, 0.7281596657406191, 0.5780565021462234, 0.5541025849599869, 0.5347713287805826, 0.5205261725833207, 0.5121340616713497, 0.506013044473587, 0.49324058217859923, 0.4527881683255496, 0.4129209640082361, 0.403656361552985, 0.3963264777544073, 0.3346417257972434, 0.2840620857962466, 0.2544979716368079, 0.24344241341521877, 0.23973520877044496, 0.2388665914477005, 0.23849558493233025, 0.2382641962765214, 0.2382641962765214, 0.23825449157826462, 0.23825299924475052, 0.23825039342546928, 0.23824975307280838, 0.23824713746055226, 0.23823722757261978, 0.2382165434689274, 0.23811259712889232, 0.23797744102253937, 0.2373890442245612, 0.235208512044774, 0.2317460680686847, 0.23051539715695613, 0.22978663626894136, 0.22962275291290235, 0.22925372244708953, 0.22911791657070923, 0.2289162215884536, 0.2288804688498991, 0.22884724167454507, 0.22884361285431154, 0.22884258823887327, 0.2288423044962954, 0.22884223499042322, 0.22884222266109533, 0.2288422179391406, 0.22884221734031507]}, "6": {"maxiter": 500, "fatol": 1e-10, "xatol": 1e-05, "duration": 0.23114395141601562, "fun": "0.22884221726456722", "nit": "500", "nfev": "779", "status": "2", "success": "False", "message": "Maximum number of iterations has been exceeded.", "x": "[ 4.32835428 10.76737047  6.45396994  1.94329562  6.36632762  2.02256623]", "final_simplex": "(array([[ 4.32835428, 10.76737047,  6.45396994,  1.94329562,  6.36632762,\n         2.02256623],\n       [ 4.32834703, 10.7673566 ,  6.45395585,  1.94331149,  6.36631939,\n         2.02256599],\n       [ 4.32834616, 10.76736221,  6.45394748,  1.94330329,  6.36631244,\n         2.02255593],\n       [ 4.32834371, 10.76736813,  6.45396433,  1.94329558,  6.36631717,\n         2.02254722],\n       [ 4.32835022, 10.76737354,  6.45395723,  1.94329918,  6.36631148,\n         2.02255219],\n       [ 4.3283362 , 10.76737589,  6.45396763,  1.94329103,  6.36631921,\n         2.02255191],\n       [ 4.32834554, 10.76735068,  6.45394219,  1.94331096,  6.3663209 ,\n         2.02255153]]), array([0.22884222, 0.22884222, 0.22884222, 0.22884222, 0.22884222,\n       0.22884222, 0.22884222]))", "callback": [0.9144923944281057, 0.7588344990324986, 0.7281596657406191, 0.5780565021462234, 0.5541025849599869, 0.5347713287805826, 0.5205261725833207, 0.5121340616713497, 0.506013044473587, 0.49324058217859923, 0.4527881683255496, 0.4129209640082361, 0.403656361552985, 0.3963264777544073, 0.3346417257972434, 0.2840620857962466, 0.2544979716368079, 0.24344241341521877, 0.23973520877044496, 0.2388665914477005, 0.23849558493233025, 0.2382641962765214, 0.2382641962765214, 0.23825449157826462, 0.23825299924475052, 0.23825039342546928, 0.23824975307280838, 0.23824713746055226, 0.23823722757261978, 0.2382165434689274, 0.23811259712889232, 0.23797744102253937, 0.2373890442245612, 0.235208512044774, 0.2317460680686847, 0.23051539715695613, 0.22978663626894136, 0.22962275291290235, 0.22925372244708953, 0.22911791657070923, 0.2289162215884536, 0.2288804688498991, 0.22884724167454507, 0.22884361285431154, 0.22884258823887327, 0.2288423044962954, 0.22884223499042322, 0.22884222266109533, 0.2288422179391406, 0.22884221734031507]}, "7": {"maxiter": 500, "fatol": 1e-10, "xatol": 1e-10, "duration": 0.18187689781188965, "fun": "0.22884221726456722", "nit": "500", "nfev": "779", "status": "2", "success": "False", "message": "Maximum number of iterations has been exceeded.", "x": "[ 4.32835428 10.76737047  6.45396994  1.94329562  6.36632762  2.02256623]", "final_simplex": "(array([[ 4.32835428, 10.76737047,  6.45396994,  1.94329562,  6.36632762,\n         2.02256623],\n       [ 4.32834703, 10.7673566 ,  6.45395585,  1.94331149,  6.36631939,\n         2.02256599],\n       [ 4.32834616, 10.76736221,  6.45394748,  1.94330329,  6.36631244,\n         2.02255593],\n       [ 4.32834371, 10.76736813,  6.45396433,  1.94329558,  6.36631717,\n         2.02254722],\n       [ 4.32835022, 10.76737354,  6.45395723,  1.94329918,  6.36631148,\n         2.02255219],\n       [ 4.3283362 , 10.76737589,  6.45396763,  1.94329103,  6.36631921,\n         2.02255191],\n       [ 4.32834554, 10.76735068,  6.45394219,  1.94331096,  6.3663209 ,\n         2.02255153]]), array([0.22884222, 0.22884222, 0.22884222, 0.22884222, 0.22884222,\n       0.22884222, 0.22884222]))", "callback": [0.9144923944281057, 0.7588344990324986, 0.7281596657406191, 0.5780565021462234, 0.5541025849599869, 0.5347713287805826, 0.5205261725833207, 0.5121340616713497, 0.506013044473587, 0.49324058217859923, 0.4527881683255496, 0.4129209640082361, 0.403656361552985, 0.3963264777544073, 0.3346417257972434, 0.2840620857962466, 0.2544979716368079, 0.24344241341521877, 0.23973520877044496, 0.2388665914477005, 0.23849558493233025, 0.2382641962765214, 0.2382641962765214, 0.23825449157826462, 0.23825299924475052, 0.23825039342546928, 0.23824975307280838, 0.23824713746055226, 0.23823722757261978, 0.2382165434689274, 0.23811259712889232, 0.23797744102253937, 0.2373890442245612, 0.235208512044774, 0.2317460680686847, 0.23051539715695613, 0.22978663626894136, 0.22962275291290235, 0.22925372244708953, 0.22911791657070923, 0.2289162215884536, 0.2288804688498991, 0.22884724167454507, 0.22884361285431154, 0.22884258823887327, 0.2288423044962954, 0.22884223499042322, 0.22884222266109533, 0.2288422179391406, 0.22884221734031507]}, "8": {"maxiter": 1000, "fatol": 1e-05, "xatol": 1e-05, "duration": 0.18836188316345215, "fun": "0.22884221725747877", "nit": "510", "nfev": "797", "status": "0", "success": "True", "message": "Optimization terminated successfully.", "x": "[ 4.3283492  10.76736747  6.4539606   1.94330064  6.36631843  2.02255808]", "final_simplex": "(array([[ 4.3283492 , 10.76736747,  6.4539606 ,  1.94330064,  6.36631843,\n         2.02255808],\n       [ 4.32834949, 10.76736923,  6.45396709,  1.94329894,  6.36632141,\n         2.02256244],\n       [ 4.32834795, 10.76736238,  6.45395992,  1.9433053 ,  6.36632014,\n         2.02256278],\n       [ 4.32834865, 10.76736567,  6.45396493,  1.94330141,  6.36632352,\n         2.02256005],\n       [ 4.32834709, 10.76736493,  6.45395958,  1.94330025,  6.3663178 ,\n         2.02255357],\n       [ 4.32834279, 10.76736819,  6.45396133,  1.94329813,  6.36631963,\n         2.02255681],\n       [ 4.32835428, 10.76737047,  6.45396994,  1.94329562,  6.36632762,\n         2.02256623]]), array([0.22884222, 0.22884222, 0.22884222, 0.22884222, 0.22884222,\n       0.22884222, 0.22884222]))", "callback": [0.9144923944281057, 0.7588344990324986, 0.7281596657406191, 0.5780565021462234, 0.5541025849599869, 0.5347713287805826, 0.5205261725833207, 0.5121340616713497, 0.506013044473587, 0.49324058217859923, 0.4527881683255496, 0.4129209640082361, 0.403656361552985, 0.3963264777544073, 0.3346417257972434, 0.2840620857962466, 0.2544979716368079, 0.24344241341521877, 0.23973520877044496, 0.2388665914477005, 0.23849558493233025, 0.2382641962765214, 0.2382641962765214, 0.23825449157826462, 0.23825299924475052, 0.23825039342546928, 0.23824975307280838, 0.23824713746055226, 0.23823722757261978, 0.2382165434689274, 0.23811259712889232, 0.23797744102253937, 0.2373890442245612, 0.235208512044774, 0.2317460680686847, 0.23051539715695613, 0.22978663626894136, 0.22962275291290235, 0.22925372244708953, 0.22911791657070923, 0.2289162215884536, 0.2288804688498991, 0.22884724167454507, 0.22884361285431154, 0.22884258823887327, 0.2288423044962954, 0.22884223499042322, 0.22884222266109533, 0.2288422179391406, 0.22884221734031507, 0.22884221726456722]}, "9": {"maxiter": 1000, "fatol": 1e-05, "xatol": 1e-10, "duration": 0.24642515182495117, "fun": "0.2288422172547523", "nit": "639", "nfev": "1060", "status": "0", "success": "True", "message": "Optimization terminated successfully.", "x": "[ 4.32835043 10.7673666   6.45396214  1.9432997   6.36632053  2.02256137]", "final_simplex": "(array([[ 4.32835043, 10.7673666 ,  6.45396214,  1.9432997 ,  6.36632053,\n         2.02256137],\n       [ 4.32835043, 10.7673666 ,  6.45396214,  1.9432997 ,  6.36632053,\n         2.02256137],\n       [ 4.32835043, 10.7673666 ,  6.45396214,  1.9432997 ,  6.36632053,\n         2.02256137],\n       [ 4.32835043, 10.7673666 ,  6.45396214,  1.9432997 ,  6.36632053,\n         2.02256137],\n       [ 4.32835043, 10.7673666 ,  6.45396214,  1.9432997 ,  6.36632053,\n         2.02256137],\n       [ 4.32835043, 10.7673666 ,  6.45396214,  1.9432997 ,  6.36632053,\n         2.02256137],\n       [ 4.32835043, 10.7673666 ,  6.45396214,  1.9432997 ,  6.36632053,\n         2.02256137]]), array([0.22884222, 0.22884222, 0.22884222, 0.22884222, 0.22884222,\n       0.22884222, 0.22884222]))", "callback": [0.9144923944281057, 0.7588344990324986, 0.7281596657406191, 0.5780565021462234, 0.5541025849599869, 0.5347713287805826, 0.5205261725833207, 0.5121340616713497, 0.506013044473587, 0.49324058217859923, 0.4527881683255496, 0.4129209640082361, 0.403656361552985, 0.3963264777544073, 0.3346417257972434, 0.2840620857962466, 0.2544979716368079, 0.24344241341521877, 0.23973520877044496, 0.2388665914477005, 0.23849558493233025, 0.2382641962765214, 0.2382641962765214, 0.23825449157826462, 0.23825299924475052, 0.23825039342546928, 0.23824975307280838, 0.23824713746055226, 0.23823722757261978, 0.2382165434689274, 0.23811259712889232, 0.23797744102253937, 0.2373890442245612, 0.235208512044774, 0.2317460680686847, 0.23051539715695613, 0.22978663626894136, 0.22962275291290235, 0.22925372244708953, 0.22911791657070923, 0.2289162215884536, 0.2288804688498991, 0.22884724167454507, 0.22884361285431154, 0.22884258823887327, 0.2288423044962954, 0.22884223499042322, 0.22884222266109533, 0.2288422179391406, 0.22884221734031507, 0.22884221726456722, 0.22884221725695042, 0.2288422172552167, 0.228842217254972, 0.2288422172548501, 0.22884221725481912, 0.2288422172547956, 0.22884221725476894, 0.2288422172547615, 0.22884221725475495, 0.2288422172547533, 0.22884221725475273, 0.2288422172547525, 0.2288422172547524]}, "10": {"maxiter": 1000, "fatol": 1e-10, "xatol": 1e-05, "duration": 0.1805248260498047, "fun": "0.22884221725747877", "nit": "510", "nfev": "797", "status": "0", "success": "True", "message": "Optimization terminated successfully.", "x": "[ 4.3283492  10.76736747  6.4539606   1.94330064  6.36631843  2.02255808]", "final_simplex": "(array([[ 4.3283492 , 10.76736747,  6.4539606 ,  1.94330064,  6.36631843,\n         2.02255808],\n       [ 4.32834949, 10.76736923,  6.45396709,  1.94329894,  6.36632141,\n         2.02256244],\n       [ 4.32834795, 10.76736238,  6.45395992,  1.9433053 ,  6.36632014,\n         2.02256278],\n       [ 4.32834865, 10.76736567,  6.45396493,  1.94330141,  6.36632352,\n         2.02256005],\n       [ 4.32834709, 10.76736493,  6.45395958,  1.94330025,  6.3663178 ,\n         2.02255357],\n       [ 4.32834279, 10.76736819,  6.45396133,  1.94329813,  6.36631963,\n         2.02255681],\n       [ 4.32835428, 10.76737047,  6.45396994,  1.94329562,  6.36632762,\n         2.02256623]]), array([0.22884222, 0.22884222, 0.22884222, 0.22884222, 0.22884222,\n       0.22884222, 0.22884222]))", "callback": [0.9144923944281057, 0.7588344990324986, 0.7281596657406191, 0.5780565021462234, 0.5541025849599869, 0.5347713287805826, 0.5205261725833207, 0.5121340616713497, 0.506013044473587, 0.49324058217859923, 0.4527881683255496, 0.4129209640082361, 0.403656361552985, 0.3963264777544073, 0.3346417257972434, 0.2840620857962466, 0.2544979716368079, 0.24344241341521877, 0.23973520877044496, 0.2388665914477005, 0.23849558493233025, 0.2382641962765214, 0.2382641962765214, 0.23825449157826462, 0.23825299924475052, 0.23825039342546928, 0.23824975307280838, 0.23824713746055226, 0.23823722757261978, 0.2382165434689274, 0.23811259712889232, 0.23797744102253937, 0.2373890442245612, 0.235208512044774, 0.2317460680686847, 0.23051539715695613, 0.22978663626894136, 0.22962275291290235, 0.22925372244708953, 0.22911791657070923, 0.2289162215884536, 0.2288804688498991, 0.22884724167454507, 0.22884361285431154, 0.22884258823887327, 0.2288423044962954, 0.22884223499042322, 0.22884222266109533, 0.2288422179391406, 0.22884221734031507, 0.22884221726456722]}, "11": {"maxiter": 1000, "fatol": 1e-10, "xatol": 1e-10, "duration": 0.24045372009277344, "fun": "0.2288422172547523", "nit": "639", "nfev": "1060", "status": "0", "success": "True", "message": "Optimization terminated successfully.", "x": "[ 4.32835043 10.7673666   6.45396214  1.9432997   6.36632053  2.02256137]", "final_simplex": "(array([[ 4.32835043, 10.7673666 ,  6.45396214,  1.9432997 ,  6.36632053,\n         2.02256137],\n       [ 4.32835043, 10.7673666 ,  6.45396214,  1.9432997 ,  6.36632053,\n         2.02256137],\n       [ 4.32835043, 10.7673666 ,  6.45396214,  1.9432997 ,  6.36632053,\n         2.02256137],\n       [ 4.32835043, 10.7673666 ,  6.45396214,  1.9432997 ,  6.36632053,\n         2.02256137],\n       [ 4.32835043, 10.7673666 ,  6.45396214,  1.9432997 ,  6.36632053,\n         2.02256137],\n       [ 4.32835043, 10.7673666 ,  6.45396214,  1.9432997 ,  6.36632053,\n         2.02256137],\n       [ 4.32835043, 10.7673666 ,  6.45396214,  1.9432997 ,  6.36632053,\n         2.02256137]]), array([0.22884222, 0.22884222, 0.22884222, 0.22884222, 0.22884222,\n       0.22884222, 0.22884222]))", "callback": [0.9144923944281057, 0.7588344990324986, 0.7281596657406191, 0.5780565021462234, 0.5541025849599869, 0.5347713287805826, 0.5205261725833207, 0.5121340616713497, 0.506013044473587, 0.49324058217859923, 0.4527881683255496, 0.4129209640082361, 0.403656361552985, 0.3963264777544073, 0.3346417257972434, 0.2840620857962466, 0.2544979716368079, 0.24344241341521877, 0.23973520877044496, 0.2388665914477005, 0.23849558493233025, 0.2382641962765214, 0.2382641962765214, 0.23825449157826462, 0.23825299924475052, 0.23825039342546928, 0.23824975307280838, 0.23824713746055226, 0.23823722757261978, 0.2382165434689274, 0.23811259712889232, 0.23797744102253937, 0.2373890442245612, 0.235208512044774, 0.2317460680686847, 0.23051539715695613, 0.22978663626894136, 0.22962275291290235, 0.22925372244708953, 0.22911791657070923, 0.2289162215884536, 0.2288804688498991, 0.22884724167454507, 0.22884361285431154, 0.22884258823887327, 0.2288423044962954, 0.22884223499042322, 0.22884222266109533, 0.2288422179391406, 0.22884221734031507, 0.22884221726456722, 0.22884221725695042, 0.2288422172552167, 0.228842217254972, 0.2288422172548501, 0.22884221725481912, 0.2288422172547956, 0.22884221725476894, 0.2288422172547615, 0.22884221725475495, 0.2288422172547533, 0.22884221725475273, 0.2288422172547525, 0.2288422172547524]}}, "bfgs": {"type": "gradient", "0": {"maxiter": 100, "gtol": 1e-05, "xrtol": 1e-05, "eps": 1e-05, "duration": 0.06669282913208008, "fun": "0.22884221770831192", "jac": "[-8.71231975e-06 -7.89475152e-06  5.52985435e-06 -2.63431499e-06\n  4.77754503e-06  6.73716638e-06]", "hess_inv": "[[ 3.49238602 -1.00554328 -1.18234527  0.33517534 -0.13740274 -0.02654898]\n [-1.00554328  6.60120779  4.9442299  -4.78133794  1.73829171  0.26390935]\n [-1.18234527  4.9442299   7.14766433 -4.88308606  1.49532754 -0.28264362]\n [ 0.33517534 -4.78133794 -4.88308606  7.08143227 -1.18401902  0.43843715]\n [-0.13740274  1.73829171  1.49532754 -1.18401902  3.23095598  0.8158566 ]\n [-0.02654898  0.26390935 -0.28264362  0.43843715  0.8158566   2.8979211 ]]", "nfev": "287", "njev": "41", "status": "0", "success": "True", "message": "Optimization terminated successfully.", "x": "[1.95478423 7.62576861 3.31240052 1.94328524 6.36634077 2.02258345]", "nit": "34", "callback": [0.9225489162034514, 0.7665926757991247, 0.7551086210107093, 0.7356306943306128, 0.6993069712714404, 0.6424567313267674, 0.6185214876120222, 0.5999521228545401, 0.5692269090010111, 0.5395076771544439, 0.5302052896099859, 0.5160502110014948, 0.5069888509910836, 0.49716789401553363, 0.4790164668879593, 0.44754294288756, 0.4001815751722332, 0.38094939660301996, 0.3592112767934922, 0.32482498346753474, 0.2735945203130077, 0.25665875907809466, 0.2369672694793491, 0.23024855827437507, 0.22900401304699602, 0.22888610044341273, 0.2288454085416065, 0.2288424997350894, 0.22884234851931862, 0.22884232860688902, 0.22884229415007873, 0.2288422437293648, 0.22884222147513522, 0.22884221770831192]}, "1": {"maxiter": 100, "gtol": 1e-05, "xrtol": 1e-05, "eps": 1e-10, "duration": 0.06966304779052734, "fun": "0.2288422173389527", "jac": "[1.11022293e-06 5.55111466e-06 0.00000000e+00 0.00000000e+00\n 1.11022293e-06 5.55111466e-06]", "hess_inv": "[[ 4.12050093 -0.60458906 -1.57311144  0.33710524 -0.51512742 -0.38922895]\n [-0.60458906  5.777753    4.07211313 -3.81459216  1.61517483  0.44803129]\n [-1.57311144  4.07211313  6.9347887  -4.23881226  1.8163992   0.25761742]\n [ 0.33710524 -3.81459216 -4.23881226  6.093934   -1.29345669  0.01122621]\n [-0.51512742  1.61517483  1.8163992  -1.29345669  3.4409701   1.00091339]\n [-0.38922895  0.44803129  0.25761742  0.01122621  1.00091339  2.95438706]]", "nfev": "294", "njev": "42", "status": "0", "success": "True", "message": "Optimization terminated successfully.", "x": "[1.95482876 7.62580249 3.31239088 1.94327617 6.36633328 2.0225746 ]", "nit": "35", "callback": [0.9225495968223398, 0.7665920084782621, 0.755108445120283, 0.7356307174533256, 0.699306957355994, 0.6424561414377161, 0.6185216266554113, 0.5999522596035256, 0.5692289533861163, 0.5395127078989141, 0.530208588078805, 0.5160546858608288, 0.506995653980965, 0.4971706414630249, 0.47901156215596497, 0.44752734883668166, 0.4001306698007743, 0.3809116731784412, 0.3592276868715142, 0.3248956590275196, 0.27363518634569695, 0.25695521324885884, 0.23719698137845535, 0.23026708619207303, 0.2290036718238485, 0.22888633192571206, 0.22884533106412508, 0.22884248564826504, 0.22884232493572398, 0.22884230889159518, 0.22884228200158752, 0.22884224268528108, 0.22884222203193005, 0.22884221811005956, 0.2288422173389527]}, "2": {"maxiter": 100, "gtol": 1e-05, "xrtol": 1e-10, "eps": 1e-05, "duration": 0.06648898124694824, "fun": "0.22884221770831192", "jac": "[-8.71231975e-06 -7.89475152e-06  5.52985435e-06 -2.63431499e-06\n  4.77754503e-06  6.73716638e-06]", "hess_inv": "[[ 3.49238602 -1.00554328 -1.18234527  0.33517534 -0.13740274 -0.02654898]\n [-1.00554328  6.60120779  4.9442299  -4.78133794  1.73829171  0.26390935]\n [-1.18234527  4.9442299   7.14766433 -4.88308606  1.49532754 -0.28264362]\n [ 0.33517534 -4.78133794 -4.88308606  7.08143227 -1.18401902  0.43843715]\n [-0.13740274  1.73829171  1.49532754 -1.18401902  3.23095598  0.8158566 ]\n [-0.02654898  0.26390935 -0.28264362  0.43843715  0.8158566   2.8979211 ]]", "nfev": "287", "njev": "41", "status": "0", "success": "True", "message": "Optimization terminated successfully.", "x": "[1.95478423 7.62576861 3.31240052 1.94328524 6.36634077 2.02258345]", "nit": "34", "callback": [0.9225489162034514, 0.7665926757991247, 0.7551086210107093, 0.7356306943306128, 0.6993069712714404, 0.6424567313267674, 0.6185214876120222, 0.5999521228545401, 0.5692269090010111, 0.5395076771544439, 0.5302052896099859, 0.5160502110014948, 0.5069888509910836, 0.49716789401553363, 0.4790164668879593, 0.44754294288756, 0.4001815751722332, 0.38094939660301996, 0.3592112767934922, 0.32482498346753474, 0.2735945203130077, 0.25665875907809466, 0.2369672694793491, 0.23024855827437507, 0.22900401304699602, 0.22888610044341273, 0.2288454085416065, 0.2288424997350894, 0.22884234851931862, 0.22884232860688902, 0.22884229415007873, 0.2288422437293648, 0.22884222147513522, 0.22884221770831192]}, "3": {"maxiter": 100, "gtol": 1e-05, "xrtol": 1e-10, "eps": 1e-10, "duration": 0.06658196449279785, "fun": "0.2288422173389527", "jac": "[1.11022293e-06 5.55111466e-06 0.00000000e+00 0.00000000e+00\n 1.11022293e-06 5.55111466e-06]", "hess_inv": "[[ 4.12050093 -0.60458906 -1.57311144  0.33710524 -0.51512742 -0.38922895]\n [-0.60458906  5.777753    4.07211313 -3.81459216  1.61517483  0.44803129]\n [-1.57311144  4.07211313  6.9347887  -4.23881226  1.8163992   0.25761742]\n [ 0.33710524 -3.81459216 -4.23881226  6.093934   -1.29345669  0.01122621]\n [-0.51512742  1.61517483  1.8163992  -1.29345669  3.4409701   1.00091339]\n [-0.38922895  0.44803129  0.25761742  0.01122621  1.00091339  2.95438706]]", "nfev": "294", "njev": "42", "status": "0", "success": "True", "message": "Optimization terminated successfully.", "x": "[1.95482876 7.62580249 3.31239088 1.94327617 6.36633328 2.0225746 ]", "nit": "35", "callback": [0.9225495968223398, 0.7665920084782621, 0.755108445120283, 0.7356307174533256, 0.699306957355994, 0.6424561414377161, 0.6185216266554113, 0.5999522596035256, 0.5692289533861163, 0.5395127078989141, 0.530208588078805, 0.5160546858608288, 0.506995653980965, 0.4971706414630249, 0.47901156215596497, 0.44752734883668166, 0.4001306698007743, 0.3809116731784412, 0.3592276868715142, 0.3248956590275196, 0.27363518634569695, 0.25695521324885884, 0.23719698137845535, 0.23026708619207303, 0.2290036718238485, 0.22888633192571206, 0.22884533106412508, 0.22884248564826504, 0.22884232493572398, 0.22884230889159518, 0.22884228200158752, 0.22884224268528108, 0.22884222203193005, 0.22884221811005956, 0.2288422173389527]}, "4": {"maxiter": 100, "gtol": 1e-10, "xrtol": 1e-05, "eps": 1e-05, "duration": 0.06593513488769531, "fun": "0.22884221728613674", "jac": "[-8.94484486e-07  3.05078185e-07  4.37139214e-07 -5.66502401e-07\n  1.99840144e-08  3.25517391e-07]", "hess_inv": "[[ 4.11711289 -0.69577975 -1.48269627  0.23182577 -0.56270096 -0.52659557]\n [-0.69577975  5.9166672   4.25533218 -4.12031243  1.57086596  0.23621513]\n [-1.48269627  4.25533218  6.94418441 -4.37451434  1.72779401  0.09966071]\n [ 0.23182577 -4.12031243 -4.37451434  6.49322148 -1.15058924  0.33398742]\n [-0.56270096  1.57086596  1.72779401 -1.15058924  3.51823536  1.14485677]\n [-0.52659557  0.23621513  0.09966071  0.33398742  1.14485677  3.24029288]]", "nfev": "294", "njev": "42", "status": "0", "success": "True", "message": "Optimization terminated successfully.", "x": "[1.95482965 7.62576578 3.31236235 1.94329927 6.36631116 2.02255375]", "nit": "35", "callback": [0.9225489162034514, 0.7665926757991247, 0.7551086210107093, 0.7356306943306128, 0.6993069712714404, 0.6424567313267674, 0.6185214876120222, 0.5999521228545401, 0.5692269090010111, 0.5395076771544439, 0.5302052896099859, 0.5160502110014948, 0.5069888509910836, 0.49716789401553363, 0.4790164668879593, 0.44754294288756, 0.4001815751722332, 0.38094939660301996, 0.3592112767934922, 0.32482498346753474, 0.2735945203130077, 0.25665875907809466, 0.2369672694793491, 0.23024855827437507, 0.22900401304699602, 0.22888610044341273, 0.2288454085416065, 0.2288424997350894, 0.22884234851931862, 0.22884232860688902, 0.22884229415007873, 0.2288422437293648, 0.22884222147513522, 0.22884221770831192, 0.22884221728613674]}, "5": {"maxiter": 100, "gtol": 1e-10, "xrtol": 1e-05, "eps": 1e-10, "duration": 0.06743717193603516, "fun": "0.2288422173389527", "jac": "[1.11022293e-06 5.55111466e-06 0.00000000e+00 0.00000000e+00\n 1.11022293e-06 5.55111466e-06]", "hess_inv": "[[ 4.12050093 -0.60458906 -1.57311144  0.33710524 -0.51512742 -0.38922895]\n [-0.60458906  5.777753    4.07211313 -3.81459216  1.61517483  0.44803129]\n [-1.57311144  4.07211313  6.9347887  -4.23881226  1.8163992   0.25761742]\n [ 0.33710524 -3.81459216 -4.23881226  6.093934   -1.29345669  0.01122621]\n [-0.51512742  1.61517483  1.8163992  -1.29345669  3.4409701   1.00091339]\n [-0.38922895  0.44803129  0.25761742  0.01122621  1.00091339  2.95438706]]", "nfev": "294", "njev": "42", "status": "0", "success": "True", "message": "Optimization terminated successfully.", "x": "[1.95482876 7.62580249 3.31239088 1.94327617 6.36633328 2.0225746 ]", "nit": "35", "callback": [0.9225495968223398, 0.7665920084782621, 0.755108445120283, 0.7356307174533256, 0.699306957355994, 0.6424561414377161, 0.6185216266554113, 0.5999522596035256, 0.5692289533861163, 0.5395127078989141, 0.530208588078805, 0.5160546858608288, 0.506995653980965, 0.4971706414630249, 0.47901156215596497, 0.44752734883668166, 0.4001306698007743, 0.3809116731784412, 0.3592276868715142, 0.3248956590275196, 0.27363518634569695, 0.25695521324885884, 0.23719698137845535, 0.23026708619207303, 0.2290036718238485, 0.22888633192571206, 0.22884533106412508, 0.22884248564826504, 0.22884232493572398, 0.22884230889159518, 0.22884228200158752, 0.22884224268528108, 0.22884222203193005, 0.22884221811005956, 0.2288422173389527]}, "6": {"maxiter": 100, "gtol": 1e-10, "xrtol": 1e-10, "eps": 1e-05, "duration": 0.1143500804901123, "fun": "0.22884221728613674", "jac": "[-8.94484486e-07  3.05078185e-07  4.37139214e-07 -5.66502401e-07\n  1.99840144e-08  3.25517391e-07]", "hess_inv": "[[ 4.45228092 -1.04597786 -1.97562825  0.61556873 -0.76409413 -0.65859935]\n [-1.04597786  5.95904869  4.562816   -4.24598318  1.79807162  0.45971895]\n [-1.97562825  4.562816    7.53598557 -4.7622808   2.03474913  0.34870253]\n [ 0.61556873 -4.24598318 -4.7622808   6.69834569 -1.3954488   0.11003308]\n [-0.76409413  1.79807162  2.03474913 -1.3954488   3.63837647  1.21973505]\n [-0.65859935  0.45971895  0.34870253  0.11003308  1.21973505  3.26964321]]", "nfev": "515", "njev": "72", "status": "2", "success": "False", "message": "Desired error not necessarily achieved due to precision loss.", "x": "[1.95482965 7.62576578 3.31236235 1.94329927 6.36631116 2.02255375]", "nit": "35", "callback": [0.9225489162034514, 0.7665926757991247, 0.7551086210107093, 0.7356306943306128, 0.6993069712714404, 0.6424567313267674, 0.6185214876120222, 0.5999521228545401, 0.5692269090010111, 0.5395076771544439, 0.5302052896099859, 0.5160502110014948, 0.5069888509910836, 0.49716789401553363, 0.4790164668879593, 0.44754294288756, 0.4001815751722332, 0.38094939660301996, 0.3592112767934922, 0.32482498346753474, 0.2735945203130077, 0.25665875907809466, 0.2369672694793491, 0.23024855827437507, 0.22900401304699602, 0.22888610044341273, 0.2288454085416065, 0.2288424997350894, 0.22884234851931862, 0.22884232860688902, 0.22884229415007873, 0.2288422437293648, 0.22884222147513522, 0.22884221770831192, 0.22884221728613674]}, "7": {"maxiter": 100, "gtol": 1e-10, "xrtol": 1e-10, "eps": 1e-10, "duration": 0.14148569107055664, "fun": "0.22884221726262732", "jac": "[1.11022293e-06 1.11022293e-06 1.11022293e-06 2.22044587e-06\n 1.11022293e-06 0.00000000e+00]", "hess_inv": "[[ 3.32726158 -2.25032945 -2.94907162  1.69171942 -0.98842882 -0.49283844]\n [-2.25032945  2.65825908  2.16128155 -2.00628824  0.52856272  1.18526655]\n [-2.94907162  2.16128155  3.2746983  -2.01813965  0.95043567  1.06385468]\n [ 1.69171942 -2.00628824 -2.01813965  2.32014849 -1.5397415  -1.85111098]\n [-0.98842882  0.52856272  0.95043567 -1.5397415   2.59653192  1.00368996]\n [-0.49283844  1.18526655  1.06385468 -1.85111098  1.00368996  2.55751123]]", "nfev": "651", "njev": "92", "status": "2", "success": "False", "message": "Desired error not necessarily achieved due to precision loss.", "x": "[1.95482811 7.62577518 3.31237272 1.94329543 6.36631887 2.02256109]", "nit": "40", "callback": [0.9225495968223398, 0.7665920084782621, 0.755108445120283, 0.7356307174533256, 0.699306957355994, 0.6424561414377161, 0.6185216266554113, 0.5999522596035256, 0.5692289533861163, 0.5395127078989141, 0.530208588078805, 0.5160546858608288, 0.506995653980965, 0.4971706414630249, 0.47901156215596497, 0.44752734883668166, 0.4001306698007743, 0.3809116731784412, 0.3592276868715142, 0.3248956590275196, 0.27363518634569695, 0.25695521324885884, 0.23719698137845535, 0.23026708619207303, 0.2290036718238485, 0.22888633192571206, 0.22884533106412508, 0.22884248564826504, 0.22884232493572398, 0.22884230889159518, 0.22884228200158752, 0.22884224268528108, 0.22884222203193005, 0.22884221811005956, 0.2288422173389527, 0.22884221733149557, 0.22884221727898557, 0.22884221726264575, 0.2288422172626281, 0.22884221726262732]}, "8": {"maxiter": 500, "gtol": 1e-05, "xrtol": 1e-05, "eps": 1e-05, "duration": 0.06369996070861816, "fun": "0.22884221770831192", "jac": "[-8.71231975e-06 -7.89475152e-06  5.52985435e-06 -2.63431499e-06\n  4.77754503e-06  6.73716638e-06]", "hess_inv": "[[ 3.49238602 -1.00554328 -1.18234527  0.33517534 -0.13740274 -0.02654898]\n [-1.00554328  6.60120779  4.9442299  -4.78133794  1.73829171  0.26390935]\n [-1.18234527  4.9442299   7.14766433 -4.88308606  1.49532754 -0.28264362]\n [ 0.33517534 -4.78133794 -4.88308606  7.08143227 -1.18401902  0.43843715]\n [-0.13740274  1.73829171  1.49532754 -1.18401902  3.23095598  0.8158566 ]\n [-0.02654898  0.26390935 -0.28264362  0.43843715  0.8158566   2.8979211 ]]", "nfev": "287", "njev": "41", "status": "0", "success": "True", "message": "Optimization terminated successfully.", "x": "[1.95478423 7.62576861 3.31240052 1.94328524 6.36634077 2.02258345]", "nit": "34", "callback": [0.9225489162034514, 0.7665926757991247, 0.7551086210107093, 0.7356306943306128, 0.6993069712714404, 0.6424567313267674, 0.6185214876120222, 0.5999521228545401, 0.5692269090010111, 0.5395076771544439, 0.5302052896099859, 0.5160502110014948, 0.5069888509910836, 0.49716789401553363, 0.4790164668879593, 0.44754294288756, 0.4001815751722332, 0.38094939660301996, 0.3592112767934922, 0.32482498346753474, 0.2735945203130077, 0.25665875907809466, 0.2369672694793491, 0.23024855827437507, 0.22900401304699602, 0.22888610044341273, 0.2288454085416065, 0.2288424997350894, 0.22884234851931862, 0.22884232860688902, 0.22884229415007873, 0.2288422437293648, 0.22884222147513522, 0.22884221770831192]}, "9": {"maxiter": 500, "gtol": 1e-05, "xrtol": 1e-05, "eps": 1e-10, "duration": 0.06596708297729492, "fun": "0.2288422173389527", "jac": "[1.11022293e-06 5.55111466e-06 0.00000000e+00 0.00000000e+00\n 1.11022293e-06 5.55111466e-06]", "hess_inv": "[[ 4.12050093 -0.60458906 -1.57311144  0.33710524 -0.51512742 -0.38922895]\n [-0.60458906  5.777753    4.07211313 -3.81459216  1.61517483  0.44803129]\n [-1.57311144  4.07211313  6.9347887  -4.23881226  1.8163992   0.25761742]\n [ 0.33710524 -3.81459216 -4.23881226  6.093934   -1.29345669  0.01122621]\n [-0.51512742  1.61517483  1.8163992  -1.29345669  3.4409701   1.00091339]\n [-0.38922895  0.44803129  0.25761742  0.01122621  1.00091339  2.95438706]]", "nfev": "294", "njev": "42", "status": "0", "success": "True", "message": "Optimization terminated successfully.", "x": "[1.95482876 7.62580249 3.31239088 1.94327617 6.36633328 2.0225746 ]", "nit": "35", "callback": [0.9225495968223398, 0.7665920084782621, 0.755108445120283, 0.7356307174533256, 0.699306957355994, 0.6424561414