{"date": "2024/09/25/, 01:16:21", "conf_id": 98, "data_type": "orthogonal\n", "num_data_points": 1, "s_rank": 0, "unitary": "[[-0.53618537-0.34368723j,-0.12107031-0.46226139j,-0.07699282-0.46603512j,0.36022595-0.11472301j],[0.26026499-0.63450712j,-0.56616638+0.37832564j,-0.14988651+0.08458591j,0.10363514-0.16008501j],[-0.32580188-0.11070003j,-0.36476308-0.23593218j,0.02559343+0.41761608j,-0.25598305+0.6725303j],[0.07406738-0.0126433j,0.28513701+0.19483972j,-0.74939717-0.10299659j,0.29798249+0.46269921j]]", "databatch_0": {"databatch": "[[[0.18059596+0.03612055j,0.0633663+0.05256721j,0.01814459+0.11792943j,-0.10467535+0.25950842j],[0.26342182-0.16433242j,0.1157567+0.21081648j,-0.00224914+0.24534898j,0.17032621+0.12674349j],[0.02918039+0.08693152j,0.11946505-0.21811979j,-0.1329684-0.17759444j,0.36376698-0.28624151j],[-0.02822168-0.1047428j,0.07978793-0.14091717j,-0.16485002-0.31688485j,-0.14116487+0.29664812j]]]", "initial param values": "[3.31080254,4.91541725,4.82629638,2.33589285,5.48494355,0.75380973]", "nelder_mead": {"type": "gradient-free", "0": {"maxiter": 100, "fatol": 1e-05, "xatol": 1e-05, "duration": 0.04009103775024414, "fun": "0.6200223283083048", "nit": "100", "nfev": "158", "status": "2", "success": "False", "message": "Maximum number of iterations has been exceeded.", "x": "[1.35983026 2.44534546 4.60499742 2.36498665 6.17226792 0.9385809 ]", "final_simplex": "(array([[1.35983026, 2.44534546, 4.60499742, 2.36498665, 6.17226792,\n        0.9385809 ],\n       [1.46506382, 2.44762671, 4.67018229, 2.35651046, 6.18824449,\n        0.93153063],\n       [1.40609468, 2.56031059, 4.57962744, 2.35066115, 6.21693759,\n        0.93058142],\n       [1.35753289, 2.43206768, 4.61025015, 2.33756577, 6.16972431,\n        0.94324303],\n       [1.4632515 , 2.4551042 , 4.64302617, 2.34862273, 6.33341347,\n        0.92540738],\n       [1.48845853, 2.40189495, 4.66685154, 2.3713898 , 6.18124631,\n        0.93131667],\n       [1.27714523, 2.49588192, 4.5427799 , 2.30602556, 6.30396226,\n        0.94005792]]), array([0.62002233, 0.62093021, 0.62168995, 0.62255836, 0.62292483,\n       0.62304237, 0.62335541]))", "callback": [0.9436541124324358, 0.7991743703145349, 0.747382235859439, 0.7413096885373458, 0.7349208406254519, 0.7132077690757496, 0.6605933701393449, 0.6394119636435207, 0.6251274163335665, 0.6229248343332625]}, "1": {"maxiter": 100, "fatol": 1e-05, "xatol": 1e-10, "duration": 0.03807401657104492, "fun": "0.6200223283083048", "nit": "100", "nfev": "158", "status": "2", "success": "False", "message": "Maximum number of iterations has been exceeded.", "x": "[1.35983026 2.44534546 4.60499742 2.36498665 6.17226792 0.9385809 ]", "final_simplex": "(array([[1.35983026, 2.44534546, 4.60499742, 2.36498665, 6.17226792,\n        0.9385809 ],\n       [1.46506382, 2.44762671, 4.67018229, 2.35651046, 6.18824449,\n        0.93153063],\n       [1.40609468, 2.56031059, 4.57962744, 2.35066115, 6.21693759,\n        0.93058142],\n       [1.35753289, 2.43206768, 4.61025015, 2.33756577, 6.16972431,\n        0.94324303],\n       [1.4632515 , 2.4551042 , 4.64302617, 2.34862273, 6.33341347,\n        0.92540738],\n       [1.48845853, 2.40189495, 4.66685154, 2.3713898 , 6.18124631,\n        0.93131667],\n       [1.27714523, 2.49588192, 4.5427799 , 2.30602556, 6.30396226,\n        0.94005792]]), array([0.62002233, 0.62093021, 0.62168995, 0.62255836, 0.62292483,\n       0.62304237, 0.62335541]))", "callback": [0.9436541124324358, 0.7991743703145349, 0.747382235859439, 0.7413096885373458, 0.7349208406254519, 0.7132077690757496, 0.6605933701393449, 0.6394119636435207, 0.6251274163335665, 0.6229248343332625]}, "2": {"maxiter": 100, "fatol": 1e-10, "xatol": 1e-05, "duration": 0.036657094955444336, "fun": "0.6200223283083048", "nit": "100", "nfev": "158", "status": "2", "success": "False", "message": "Maximum number of iterations has been exceeded.", "x": "[1.35983026 2.44534546 4.60499742 2.36498665 6.17226792 0.9385809 ]", "final_simplex": "(array([[1.35983026, 2.44534546, 4.60499742, 2.36498665, 6.17226792,\n        0.9385809 ],\n       [1.46506382, 2.44762671, 4.67018229, 2.35651046, 6.18824449,\n        0.93153063],\n       [1.40609468, 2.56031059, 4.57962744, 2.35066115, 6.21693759,\n        0.93058142],\n       [1.35753289, 2.43206768, 4.61025015, 2.33756577, 6.16972431,\n        0.94324303],\n       [1.4632515 , 2.4551042 , 4.64302617, 2.34862273, 6.33341347,\n        0.92540738],\n       [1.48845853, 2.40189495, 4.66685154, 2.3713898 , 6.18124631,\n        0.93131667],\n       [1.27714523, 2.49588192, 4.5427799 , 2.30602556, 6.30396226,\n        0.94005792]]), array([0.62002233, 0.62093021, 0.62168995, 0.62255836, 0.62292483,\n       0.62304237, 0.62335541]))", "callback": [0.9436541124324358, 0.7991743703145349, 0.747382235859439, 0.7413096885373458, 0.7349208406254519, 0.7132077690757496, 0.6605933701393449, 0.6394119636435207, 0.6251274163335665, 0.6229248343332625]}, "3": {"maxiter": 100, "fatol": 1e-10, "xatol": 1e-10, "duration": 0.03703188896179199, "fun": "0.6200223283083048", "nit": "100", "nfev": "158", "status": "2", "success": "False", "message": "Maximum number of iterations has been exceeded.", "x": "[1.35983026 2.44534546 4.60499742 2.36498665 6.17226792 0.9385809 ]", "final_simplex": "(array([[1.35983026, 2.44534546, 4.60499742, 2.36498665, 6.17226792,\n        0.9385809 ],\n       [1.46506382, 2.44762671, 4.67018229, 2.35651046, 6.18824449,\n        0.93153063],\n       [1.40609468, 2.56031059, 4.57962744, 2.35066115, 6.21693759,\n        0.93058142],\n       [1.35753289, 2.43206768, 4.61025015, 2.33756577, 6.16972431,\n        0.94324303],\n       [1.4632515 , 2.4551042 , 4.64302617, 2.34862273, 6.33341347,\n        0.92540738],\n       [1.48845853, 2.40189495, 4.66685154, 2.3713898 , 6.18124631,\n        0.93131667],\n       [1.27714523, 2.49588192, 4.5427799 , 2.30602556, 6.30396226,\n        0.94005792]]), array([0.62002233, 0.62093021, 0.62168995, 0.62255836, 0.62292483,\n       0.62304237, 0.62335541]))", "callback": [0.9436541124324358, 0.7991743703145349, 0.747382235859439, 0.7413096885373458, 0.7349208406254519, 0.7132077690757496, 0.6605933701393449, 0.6394119636435207, 0.6251274163335665, 0.6229248343332625]}, "4": {"maxiter": 500, "fatol": 1e-05, "xatol": 1e-05, "duration": 0.17615413665771484, "fun": "0.47151566369891806", "nit": "500", "nfev": "755", "status": "2", "success": "False", "message": "Maximum number of iterations has been exceeded.", "x": "[ 0.90553849  2.71609793  4.31355103  1.96071449  5.41977189 -0.34253053]", "final_simplex": "(array([[ 0.90553849,  2.71609793,  4.31355103,  1.96071449,  5.41977189,\n        -0.34253053],\n       [ 0.91182868,  2.73897592,  4.31501681,  2.004662  ,  5.41631725,\n        -0.36832671],\n       [ 0.89104468,  2.74079318,  4.31792427,  1.97253996,  5.40738774,\n        -0.32289986],\n       [ 0.89869558,  2.70212711,  4.32847246,  2.00132022,  5.3828824 ,\n        -0.32008464],\n       [ 0.90511853,  2.73682506,  4.30558649,  1.98968286,  5.40694976,\n        -0.36223495],\n       [ 0.9209996 ,  2.75052291,  4.2839628 ,  1.98653676,  5.4098064 ,\n        -0.35311337],\n       [ 0.91980173,  2.7220258 ,  4.31737836,  2.00937563,  5.42382397,\n        -0.34276577]]), array([0.47151566, 0.47154319, 0.47172025, 0.47172183, 0.47185287,\n       0.47186721, 0.47196284]))", "callback": [0.9436541124324358, 0.7991743703145349, 0.747382235859439, 0.7413096885373458, 0.7349208406254519, 0.7132077690757496, 0.6605933701393449, 0.6394119636435207, 0.6251274163335665, 0.6229248343332625, 0.6180993450291905, 0.6113611241791528, 0.566073189050964, 0.5498403018347628, 0.5483223351061008, 0.5469713086478348, 0.5463999836994248, 0.546363134412224, 0.5462824334331708, 0.5462726834977696, 0.54625696232971, 0.5462525680631767, 0.5462510438848096, 0.5462498898465311, 0.54624887139882, 0.5462464435640157, 0.5462428210800452, 0.5462209108294886, 0.5461017334259274, 0.5455658591107191, 0.5437136512506517, 0.5419186705325572, 0.5349934171140127, 0.51633261367565, 0.5042037005561391, 0.5015607272261232, 0.4970477081361466, 0.49590161504546615, 0.49412620986444855, 0.4895687190402199, 0.48310486682312215, 0.4802016702580455, 0.47862546788896365, 0.4782759897923441, 0.47624416223183674, 0.4746508963289844, 0.4726650930961279, 0.47225738238467607, 0.47225738238467607, 0.47196284477830774]}, "5": {"maxiter": 500, "fatol": 1e-05, "xatol": 1e-10, "duration": 0.17518401145935059, "fun": "0.47151566369891806", "nit": "500", "nfev": "755", "status": "2", "success": "False", "message": "Maximum number of iterations has been exceeded.", "x": "[ 0.90553849  2.71609793  4.31355103  1.96071449  5.41977189 -0.34253053]", "final_simplex": "(array([[ 0.90553849,  2.71609793,  4.31355103,  1.96071449,  5.41977189,\n        -0.34253053],\n       [ 0.91182868,  2.73897592,  4.31501681,  2.004662  ,  5.41631725,\n        -0.36832671],\n       [ 0.89104468,  2.74079318,  4.31792427,  1.97253996,  5.40738774,\n        -0.32289986],\n       [ 0.89869558,  2.70212711,  4.32847246,  2.00132022,  5.3828824 ,\n        -0.32008464],\n       [ 0.90511853,  2.73682506,  4.30558649,  1.98968286,  5.40694976,\n        -0.36223495],\n       [ 0.9209996 ,  2.75052291,  4.2839628 ,  1.98653676,  5.4098064 ,\n        -0.35311337],\n       [ 0.91980173,  2.7220258 ,  4.31737836,  2.00937563,  5.42382397,\n        -0.34276577]]), array([0.47151566, 0.47154319, 0.47172025, 0.47172183, 0.47185287,\n       0.47186721, 0.47196284]))", "callback": [0.9436541124324358, 0.7991743703145349, 0.747382235859439, 0.7413096885373458, 0.7349208406254519, 0.7132077690757496, 0.6605933701393449, 0.6394119636435207, 0.6251274163335665, 0.6229248343332625, 0.6180993450291905, 0.6113611241791528, 0.566073189050964, 0.5498403018347628, 0.5483223351061008, 0.5469713086478348, 0.5463999836994248, 0.546363134412224, 0.5462824334331708, 0.5462726834977696, 0.54625696232971, 0.5462525680631767, 0.5462510438848096, 0.5462498898465311, 0.54624887139882, 0.5462464435640157, 0.5462428210800452, 0.5462209108294886, 0.5461017334259274, 0.5455658591107191, 0.5437136512506517, 0.5419186705325572, 0.5349934171140127, 0.51633261367565, 0.5042037005561391, 0.5015607272261232, 0.4970477081361466, 0.49590161504546615, 0.49412620986444855, 0.4895687190402199, 0.48310486682312215, 0.4802016702580455, 0.47862546788896365, 0.4782759897923441, 0.47624416223183674, 0.4746508963289844, 0.4726650930961279, 0.47225738238467607, 0.47225738238467607, 0.47196284477830774]}, "6": {"maxiter": 500, "fatol": 1e-10, "xatol": 1e-05, "duration": 0.1879889965057373, "fun": "0.47151566369891806", "nit": "500", "nfev": "755", "status": "2", "success": "False", "message": "Maximum number of iterations has been exceeded.", "x": "[ 0.90553849  2.71609793  4.31355103  1.96071449  5.41977189 -0.34253053]", "final_simplex": "(array([[ 0.90553849,  2.71609793,  4.31355103,  1.96071449,  5.41977189,\n        -0.34253053],\n       [ 0.91182868,  2.73897592,  4.31501681,  2.004662  ,  5.41631725,\n        -0.36832671],\n       [ 0.89104468,  2.74079318,  4.31792427,  1.97253996,  5.40738774,\n        -0.32289986],\n       [ 0.89869558,  2.70212711,  4.32847246,  2.00132022,  5.3828824 ,\n        -0.32008464],\n       [ 0.90511853,  2.73682506,  4.30558649,  1.98968286,  5.40694976,\n        -0.36223495],\n       [ 0.9209996 ,  2.75052291,  4.2839628 ,  1.98653676,  5.4098064 ,\n        -0.35311337],\n       [ 0.91980173,  2.7220258 ,  4.31737836,  2.00937563,  5.42382397,\n        -0.34276577]]), array([0.47151566, 0.47154319, 0.47172025, 0.47172183, 0.47185287,\n       0.47186721, 0.47196284]))", "callback": [0.9436541124324358, 0.7991743703145349, 0.747382235859439, 0.7413096885373458, 0.7349208406254519, 0.7132077690757496, 0.6605933701393449, 0.6394119636435207, 0.6251274163335665, 0.6229248343332625, 0.6180993450291905, 0.6113611241791528, 0.566073189050964, 0.5498403018347628, 0.5483223351061008, 0.5469713086478348, 0.5463999836994248, 0.546363134412224, 0.5462824334331708, 0.5462726834977696, 0.54625696232971, 0.5462525680631767, 0.5462510438848096, 0.5462498898465311, 0.54624887139882, 0.5462464435640157, 0.5462428210800452, 0.5462209108294886, 0.5461017334259274, 0.5455658591107191, 0.5437136512506517, 0.5419186705325572, 0.5349934171140127, 0.51633261367565, 0.5042037005561391, 0.5015607272261232, 0.4970477081361466, 0.49590161504546615, 0.49412620986444855, 0.4895687190402199, 0.48310486682312215, 0.4802016702580455, 0.47862546788896365, 0.4782759897923441, 0.47624416223183674, 0.4746508963289844, 0.4726650930961279, 0.47225738238467607, 0.47225738238467607, 0.47196284477830774]}, "7": {"maxiter": 500, "fatol": 1e-10, "xatol": 1e-10, "duration": 0.17516303062438965, "fun": "0.47151566369891806", "nit": "500", "nfev": "755", "status": "2", "success": "False", "message": "Maximum number of iterations has been exceeded.", "x": "[ 0.90553849  2.71609793  4.31355103  1.96071449  5.41977189 -0.34253053]", "final_simplex": "(array([[ 0.90553849,  2.71609793,  4.31355103,  1.96071449,  5.41977189,\n        -0.34253053],\n       [ 0.91182868,  2.73897592,  4.31501681,  2.004662  ,  5.41631725,\n        -0.36832671],\n       [ 0.89104468,  2.74079318,  4.31792427,  1.97253996,  5.40738774,\n        -0.32289986],\n       [ 0.89869558,  2.70212711,  4.32847246,  2.00132022,  5.3828824 ,\n        -0.32008464],\n       [ 0.90511853,  2.73682506,  4.30558649,  1.98968286,  5.40694976,\n        -0.36223495],\n       [ 0.9209996 ,  2.75052291,  4.2839628 ,  1.98653676,  5.4098064 ,\n        -0.35311337],\n       [ 0.91980173,  2.7220258 ,  4.31737836,  2.00937563,  5.42382397,\n        -0.34276577]]), array([0.47151566, 0.47154319, 0.47172025, 0.47172183, 0.47185287,\n       0.47186721, 0.47196284]))", "callback": [0.9436541124324358, 0.7991743703145349, 0.747382235859439, 0.7413096885373458, 0.7349208406254519, 0.7132077690757496, 0.6605933701393449, 0.6394119636435207, 0.6251274163335665, 0.6229248343332625, 0.6180993450291905, 0.6113611241791528, 0.566073189050964, 0.5498403018347628, 0.5483223351061008, 0.5469713086478348, 0.5463999836994248, 0.546363134412224, 0.5462824334331708, 0.5462726834977696, 0.54625696232971, 0.5462525680631767, 0.5462510438848096, 0.5462498898465311, 0.54624887139882, 0.5462464435640157, 0.5462428210800452, 0.5462209108294886, 0.5461017334259274, 0.5455658591107191, 0.5437136512506517, 0.5419186705325572, 0.5349934171140127, 0.51633261367565, 0.5042037005561391, 0.5015607272261232, 0.4970477081361466, 0.49590161504546615, 0.49412620986444855, 0.4895687190402199, 0.48310486682312215, 0.4802016702580455, 0.47862546788896365, 0.4782759897923441, 0.47624416223183674, 0.4746508963289844, 0.4726650930961279, 0.47225738238467607, 0.47225738238467607, 0.47196284477830774]}, "8": {"maxiter": 1000, "fatol": 1e-05, "xatol": 1e-05, "duration": 0.27802586555480957, "fun": "0.3984846582190036", "nit": "771", "nfev": "1175", "status": "0", "success": "True", "message": "Optimization terminated successfully.", "x": "[ 1.71117389  2.88734512  4.60063044  1.77294657  4.78572624 -0.93360045]", "final_simplex": "(array([[ 1.71117389,  2.88734512,  4.60063044,  1.77294657,  4.78572624,\n        -0.93360045],\n       [ 1.71117829,  2.88734026,  4.60063129,  1.77294465,  4.78572504,\n        -0.93360945],\n       [ 1.71116603,  2.88733866,  4.60062181,  1.77294544,  4.78572912,\n        -0.93359995],\n       [ 1.71117728,  2.88734369,  4.60062826,  1.77294538,  4.78572976,\n        -0.93359586],\n       [ 1.71117018,  2.88734654,  4.60062727,  1.77295138,  4.78572751,\n        -0.9336081 ],\n       [ 1.71118109,  2.88734885,  4.60062684,  1.77294648,  4.78572278,\n        -0.9336059 ],\n       [ 1.71117749,  2.88734042,  4.60062663,  1.77294719,  4.78572326,\n        -0.93359884]]), array([0.39848466, 0.39848466, 0.39848466, 0.39848466, 0.39848466,\n       0.39848466, 0.39848466]))", "callback": [0.9436541124324358, 0.7991743703145349, 0.747382235859439, 0.7413096885373458, 0.7349208406254519, 0.7132077690757496, 0.6605933701393449, 0.6394119636435207, 0.6251274163335665, 0.6229248343332625, 0.6180993450291905, 0.6113611241791528, 0.566073189050964, 0.5498403018347628, 0.5483223351061008, 0.5469713086478348, 0.5463999836994248, 0.546363134412224, 0.5462824334331708, 0.5462726834977696, 0.54625696232971, 0.5462525680631767, 0.5462510438848096, 0.5462498898465311, 0.54624887139882, 0.5462464435640157, 0.5462428210800452, 0.5462209108294886, 0.5461017334259274, 0.5455658591107191, 0.5437136512506517, 0.5419186705325572, 0.5349934171140127, 0.51633261367565, 0.5042037005561391, 0.5015607272261232, 0.4970477081361466, 0.49590161504546615, 0.49412620986444855, 0.4895687190402199, 0.48310486682312215, 0.4802016702580455, 0.47862546788896365, 0.4782759897923441, 0.47624416223183674, 0.4746508963289844, 0.4726650930961279, 0.47225738238467607, 0.47225738238467607, 0.47196284477830774, 0.4713799009513584, 0.4698422214524717, 0.4677327249548525, 0.45835180623511296, 0.44757004958945423, 0.43758505708908946, 0.41537280651817876, 0.40616130361729785, 0.4016600856681113, 0.4003074033217855, 0.4001948424788556, 0.39924068252513756, 0.39875330425766553, 0.3985500637309468, 0.39851858001590656, 0.3984968418047451, 0.398488027933112, 0.3984853544954027, 0.3984848094402338, 0.3984846924725731, 0.3984846676164038, 0.398484659898959, 0.398484658857149, 0.3984846584564312, 0.39848465830606095, 0.39848465828527035, 0.3984846582272199, 0.3984846582190036]}, "9": {"maxiter": 1000, "fatol": 1e-05, "xatol": 1e-10, "duration": 0.3285708427429199, "fun": "0.3984846582114031", "nit": "895", "nfev": "1431", "status": "0", "success": "True", "message": "Optimization terminated successfully.", "x": "[ 1.71117057  2.88734509  4.60062999  1.77294188  4.78572863 -0.93360391]", "final_simplex": "(array([[ 1.71117057,  2.88734509,  4.60062999,  1.77294188,  4.78572863,\n        -0.93360391],\n       [ 1.71117057,  2.88734509,  4.60062999,  1.77294188,  4.78572863,\n        -0.93360391],\n       [ 1.71117057,  2.88734509,  4.60062999,  1.77294188,  4.78572863,\n        -0.93360391],\n       [ 1.71117057,  2.88734509,  4.60062999,  1.77294188,  4.78572863,\n        -0.93360391],\n       [ 1.71117057,  2.88734509,  4.60062999,  1.77294188,  4.78572863,\n        -0.93360391],\n       [ 1.71117057,  2.88734509,  4.60062999,  1.77294188,  4.78572863,\n        -0.93360391],\n       [ 1.71117057,  2.88734509,  4.60062999,  1.77294188,  4.78572863,\n        -0.93360391]]), array([0.39848466, 0.39848466, 0.39848466, 0.39848466, 0.39848466,\n       0.39848466, 0.39848466]))", "callback": [0.9436541124324358, 0.7991743703145349, 0.747382235859439, 0.7413096885373458, 0.7349208406254519, 0.7132077690757496, 0.6605933701393449, 0.6394119636435207, 0.6251274163335665, 0.6229248343332625, 0.6180993450291905, 0.6113611241791528, 0.566073189050964, 0.5498403018347628, 0.5483223351061008, 0.5469713086478348, 0.5463999836994248, 0.546363134412224, 0.5462824334331708, 0.5462726834977696, 0.54625696232971, 0.5462525680631767, 0.5462510438848096, 0.5462498898465311, 0.54624887139882, 0.5462464435640157, 0.5462428210800452, 0.5462209108294886, 0.5461017334259274, 0.5455658591107191, 0.5437136512506517, 0.5419186705325572, 0.5349934171140127, 0.51633261367565, 0.5042037005561391, 0.5015607272261232, 0.4970477081361466, 0.49590161504546615, 0.49412620986444855, 0.4895687190402199, 0.48310486682312215, 0.4802016702580455, 0.47862546788896365, 0.4782759897923441, 0.47624416223183674, 0.4746508963289844, 0.4726650930961279, 0.47225738238467607, 0.47225738238467607, 0.47196284477830774, 0.4713799009513584, 0.4698422214524717, 0.4677327249548525, 0.45835180623511296, 0.44757004958945423, 0.43758505708908946, 0.41537280651817876, 0.40616130361729785, 0.4016600856681113, 0.4003074033217855, 0.4001948424788556, 0.39924068252513756, 0.39875330425766553, 0.3985500637309468, 0.39851858001590656, 0.3984968418047451, 0.398488027933112, 0.3984853544954027, 0.3984848094402338, 0.3984846924725731, 0.3984846676164038, 0.398484659898959, 0.398484658857149, 0.3984846584564312, 0.39848465830606095, 0.39848465828527035, 0.3984846582272199, 0.3984846582172721, 0.3984846582137206, 0.39848465821247225, 0.39848465821174794, 0.39848465821174794, 0.39848465821143064, 0.39848465821143064, 0.3984846582114131, 0.39848465821140444, 0.39848465821140333, 0.3984846582114032, 0.3984846582114031, 0.3984846582114031]}, "10": {"maxiter": 1000, "fatol": 1e-10, "xatol": 1e-05, "duration": 0.26784300804138184, "fun": "0.3984846582190036", "nit": "771", "nfev": "1175", "status": "0", "success": "True", "message": "Optimization terminated successfully.", "x": "[ 1.71117389  2.88734512  4.60063044  1.77294657  4.78572624 -0.93360045]", "final_simplex": "(array([[ 1.71117389,  2.88734512,  4.60063044,  1.77294657,  4.78572624,\n        -0.93360045],\n       [ 1.71117829,  2.88734026,  4.60063129,  1.77294465,  4.78572504,\n        -0.93360945],\n       [ 1.71116603,  2.88733866,  4.60062181,  1.77294544,  4.78572912,\n        -0.93359995],\n       [ 1.71117728,  2.88734369,  4.60062826,  1.77294538,  4.78572976,\n        -0.93359586],\n       [ 1.71117018,  2.88734654,  4.60062727,  1.77295138,  4.78572751,\n        -0.9336081 ],\n       [ 1.71118109,  2.88734885,  4.60062684,  1.77294648,  4.78572278,\n        -0.9336059 ],\n       [ 1.71117749,  2.88734042,  4.60062663,  1.77294719,  4.78572326,\n        -0.93359884]]), array([0.39848466, 0.39848466, 0.39848466, 0.39848466, 0.39848466,\n       0.39848466, 0.39848466]))", "callback": [0.9436541124324358, 0.7991743703145349, 0.747382235859439, 0.7413096885373458, 0.7349208406254519, 0.7132077690757496, 0.6605933701393449, 0.6394119636435207, 0.6251274163335665, 0.6229248343332625, 0.6180993450291905, 0.6113611241791528, 0.566073189050964, 0.5498403018347628, 0.5483223351061008, 0.5469713086478348, 0.5463999836994248, 0.546363134412224, 0.5462824334331708, 0.5462726834977696, 0.54625696232971, 0.5462525680631767, 0.5462510438848096, 0.5462498898465311, 0.54624887139882, 0.5462464435640157, 0.5462428210800452, 0.5462209108294886, 0.5461017334259274, 0.5455658591107191, 0.5437136512506517, 0.5419186705325572, 0.5349934171140127, 0.51633261367565, 0.5042037005561391, 0.5015607272261232, 0.4970477081361466, 0.49590161504546615, 0.49412620986444855, 0.4895687190402199, 0.48310486682312215, 0.4802016702580455, 0.47862546788896365, 0.4782759897923441, 0.47624416223183674, 0.4746508963289844, 0.4726650930961279, 0.47225738238467607, 0.47225738238467607, 0.47196284477830774, 0.4713799009513584, 0.4698422214524717, 0.4677327249548525, 0.45835180623511296, 0.44757004958945423, 0.43758505708908946, 0.41537280651817876, 0.40616130361729785, 0.4016600856681113, 0.4003074033217855, 0.4001948424788556, 0.39924068252513756, 0.39875330425766553, 0.3985500637309468, 0.39851858001590656, 0.3984968418047451, 0.398488027933112, 0.3984853544954027, 0.3984848094402338, 0.3984846924725731, 0.3984846676164038, 0.398484659898959, 0.398484658857149, 0.3984846584564312, 0.39848465830606095, 0.39848465828527035, 0.3984846582272199, 0.3984846582190036]}, "11": {"maxiter": 1000, "fatol": 1e-10, "xatol": 1e-10, "duration": 0.3159339427947998, "fun": "0.3984846582114031", "nit": "895", "nfev": "1431", "status": "0", "success": "True", "message": "Optimization terminated successfully.", "x": "[ 1.71117057  2.88734509  4.60062999  1.77294188  4.78572863 -0.93360391]", "final_simplex": "(array([[ 1.71117057,  2.88734509,  4.60062999,  1.77294188,  4.78572863,\n        -0.93360391],\n       [ 1.71117057,  2.88734509,  4.60062999,  1.77294188,  4.78572863,\n        -0.93360391],\n       [ 1.71117057,  2.88734509,  4.60062999,  1.77294188,  4.78572863,\n        -0.93360391],\n       [ 1.71117057,  2.88734509,  4.60062999,  1.77294188,  4.78572863,\n        -0.93360391],\n       [ 1.71117057,  2.88734509,  4.60062999,  1.77294188,  4.78572863,\n        -0.93360391],\n       [ 1.71117057,  2.88734509,  4.60062999,  1.77294188,  4.78572863,\n        -0.93360391],\n       [ 1.71117057,  2.88734509,  4.60062999,  1.77294188,  4.78572863,\n        -0.93360391]]), array([0.39848466, 0.39848466, 0.39848466, 0.39848466, 0.39848466,\n       0.39848466, 0.39848466]))", "callback": [0.9436541124324358, 0.7991743703145349, 0.747382235859439, 0.7413096885373458, 0.7349208406254519, 0.7132077690757496, 0.6605933701393449, 0.6394119636435207, 0.6251274163335665, 0.6229248343332625, 0.6180993450291905, 0.6113611241791528, 0.566073189050964, 0.5498403018347628, 0.5483223351061008, 0.5469713086478348, 0.5463999836994248, 0.546363134412224, 0.5462824334331708, 0.5462726834977696, 0.54625696232971, 0.5462525680631767, 0.5462510438848096, 0.5462498898465311, 0.54624887139882, 0.5462464435640157, 0.5462428210800452, 0.5462209108294886, 0.5461017334259274, 0.5455658591107191, 0.5437136512506517, 0.5419186705325572, 0.5349934171140127, 0.51633261367565, 0.5042037005561391, 0.5015607272261232, 0.4970477081361466, 0.49590161504546615, 0.49412620986444855, 0.4895687190402199, 0.48310486682312215, 0.4802016702580455, 0.47862546788896365, 0.4782759897923441, 0.47624416223183674, 0.4746508963289844, 0.4726650930961279, 0.47225738238467607, 0.47225738238467607, 0.47196284477830774, 0.4713799009513584, 0.4698422214524717, 0.4677327249548525, 0.45835180623511296, 0.44757004958945423, 0.43758505708908946, 0.41537280651817876, 0.40616130361729785, 0.4016600856681113, 0.4003074033217855, 0.4001948424788556, 0.39924068252513756, 0.39875330425766553, 0.3985500637309468, 0.39851858001590656, 0.3984968418047451, 0.398488027933112, 0.3984853544954027, 0.3984848094402338, 0.3984846924725731, 0.3984846676164038, 0.398484659898959, 0.398484658857149, 0.3984846584564312, 0.39848465830606095, 0.39848465828527035, 0.3984846582272199, 0.3984846582172721, 0.3984846582137206, 0.39848465821247225, 0.39848465821174794, 0.39848465821174794, 0.39848465821143064, 0.39848465821143064, 0.3984846582114131, 0.39848465821140444, 0.39848465821140333, 0.3984846582114032, 0.3984846582114031, 0.3984846582114031]}}, "bfgs": {"type": "gradient", "0": {"maxiter": 100, "gtol": 1e-05, "xrtol": 1e-05, "eps": 1e-05, "duration": 0.045205116271972656, "fun": "0.3984846588230343", "jac": "[ 7.03310743e-06 -9.05215902e-06  9.83646498e-07 -2.69256839e-06\n -8.49672555e-06  3.21287441e-06]", "hess_inv": "[[ 5.700668    1.81900628  0.1746051  -0.82400469 -1.83130353 -2.44552921]\n [ 1.81900628  4.61065678  0.43473137 -0.71361083 -0.81863084 -2.43369471]\n [ 0.1746051   0.43473137  4.56454764  2.09384229 -0.94930186 -0.27090064]\n [-0.82400469 -0.71361083  2.09384229  5.20325549  0.26283723  0.66809213]\n [-1.83130353 -0.81863084 -0.94930186  0.26283723  4.76714337  1.95605281]\n [-2.44552921 -2.43369471 -0.27090064  0.66809213  1.95605281  5.37316009]]", "nfev": "203", "njev": "29", "status": "0", "success": "True", "message": "Optimization terminated successfully.", "x": "[ 1.71120911  2.88731021  4.6006254   1.772918    4.78567376 -0.93360576]", "nit": "20", "callback": [0.7388913571392994, 0.7337001219875204, 0.6874077762651254, 0.6384415215994388, 0.4751679047571644, 0.46474508394858627, 0.4479061779948804, 0.42406925193697065, 0.4089619982188245, 0.40133323310579816, 0.40036854236407315, 0.39985312429124464, 0.3991101599263641, 0.39867159942923747, 0.39856311910097453, 0.3985167196847864, 0.3984933510025682, 0.3984857190378944, 0.3984847010814825, 0.3984846588230343]}, "1": {"maxiter": 100, "gtol": 1e-05, "xrtol": 1e-05, "eps": 1e-10, "duration": 0.04574298858642578, "fun": "0.3984846587623103", "jac": "[ 8.88178346e-06 -6.66133760e-06  5.55111466e-06 -3.33066880e-06\n -7.77156053e-06  5.55111466e-06]", "hess_inv": "[[ 5.6943656   1.81618902  0.14950822 -0.84239868 -1.83930008 -2.45420085]\n [ 1.81618902  4.61119116  0.43673486 -0.71143302 -0.81690594 -2.43286516]\n [ 0.14950822  0.43673486  4.59729923  2.11565461 -0.95282925 -0.2273579 ]\n [-0.84239868 -0.71143302  2.11565461  5.21607428  0.25844963  0.70431869]\n [-1.83930008 -0.81690594 -0.95282925  0.25844963  4.75628691  1.96086565]\n [-2.45420085 -2.43286516 -0.2273579   0.70431869  1.96086565  5.39798409]]", "nfev": "203", "njev": "29", "status": "0", "success": "True", "message": "Optimization terminated successfully.", "x": "[ 1.7112082   2.8873166   4.60065292  1.77293282  4.78568019 -0.93359333]", "nit": "20", "callback": [0.7388896354167314, 0.7336994868805677, 0.6874149303478909, 0.6384384547743376, 0.47535409722480637, 0.46488693762596733, 0.44800174484785593, 0.42414403660103106, 0.4090131821883989, 0.40133853239133044, 0.4003668456723112, 0.39985416631283355, 0.39911361301409487, 0.3986716019847263, 0.3985631092648505, 0.39851671156077084, 0.3984934063879525, 0.3984857250146352, 0.3984847027689564, 0.3984846587623103]}, "2": {"maxiter": 100, "gtol": 1e-05, "xrtol": 1e-10, "eps": 1e-05, "duration": 0.045189857482910156, "fun": "0.3984846588230343", "jac": "[ 7.03310743e-06 -9.05215902e-06  9.83646498e-07 -2.69256839e-06\n -8.49672555e-06  3.21287441e-06]", "hess_inv": "[[ 5.700668    1.81900628  0.1746051  -0.82400469 -1.83130353 -2.44552921]\n [ 1.81900628  4.61065678  0.43473137 -0.71361083 -0.81863084 -2.43369471]\n [ 0.1746051   0.43473137  4.56454764  2.09384229 -0.94930186 -0.27090064]\n [-0.82400469 -0.71361083  2.09384229  5.20325549  0.26283723  0.66809213]\n [-1.83130353 -0.81863084 -0.94930186  0.26283723  4.76714337  1.95605281]\n [-2.44552921 -2.43369471 -0.27090064  0.66809213  1.95605281  5.37316009]]", "nfev": "203", "njev": "29", "status": "0", "success": "True", "message": "Optimization terminated successfully.", "x": "[ 1.71120911  2.88731021  4.6006254   1.772918    4.78567376 -0.93360576]", "nit": "20", "callback": [0.7388913571392994, 0.7337001219875204, 0.6874077762651254, 0.6384415215994388, 0.4751679047571644, 0.46474508394858627, 0.4479061779948804, 0.42406925193697065, 0.4089619982188245, 0.40133323310579816, 0.40036854236407315, 0.39985312429124464, 0.3991101599263641, 0.39867159942923747, 0.39856311910097453, 0.3985167196847864, 0.3984933510025682, 0.3984857190378944, 0.3984847010814825, 0.3984846588230343]}, "3": {"maxiter": 100, "gtol": 1e-05, "xrtol": 1e-10, "eps": 1e-10, "duration": 0.045411109924316406, "fun": "0.3984846587623103", "jac": "[ 8.88178346e-06 -6.66133760e-06  5.55111466e-06 -3.33066880e-06\n -7.77156053e-06  5.55111466e-06]", "hess_inv": "[[ 5.6943656   1.81618902  0.14950822 -0.84239868 -1.83930008 -2.45420085]\n [ 1.81618902  4.61119116  0.43673486 -0.71143302 -0.81690594 -2.43286516]\n [ 0.14950822  0.43673486  4.59729923  2.11565461 -0.95282925 -0.2273579 ]\n [-0.84239868 -0.71143302  2.11565461  5.21607428  0.25844963  0.70431869]\n [-1.83930008 -0.81690594 -0.95282925  0.25844963  4.75628691  1.96086565]\n [-2.45420085 -2.43286516 -0.2273579   0.70431869  1.96086565  5.39798409]]", "nfev": "203", "njev": "29", "status": "0", "success": "True", "message": "Optimization terminated successfully.", "x": "[ 1.7112082   2.8873166   4.60065292  1.77293282  4.78568019 -0.93359333]", "nit": "20", "callback": [0.7388896354167314, 0.7336994868805677, 0.6874149303478909, 0.6384384547743376, 0.47535409722480637, 0.46488693762596733, 0.44800174484785593, 0.42414403660103106, 0.4090131821883989, 0.40133853239133044, 0.4003668456723112, 0.39985416631283355, 0.39911361301409487, 0.3986716019847263, 0.3985631092648505, 0.39851671156077084, 0.3984934063879525, 0.3984857250146352, 0.3984847027689564, 0.3984846587623103]}, "4": {"maxiter": 100, "gtol": 1e-10, "xrtol": 1e-05, "eps": 1e-05, "duration": 0.04683279991149902, "fun": "0.39848465823890433", "jac": "[ 1.38444811e-08  7.75934872e-08  1.63080660e-07 -2.09954276e-07\n -8.33444425e-07  5.63182834e-07]", "hess_inv": "[[ 5.92269545  1.64438044  0.18720045 -0.89744812 -2.08114976 -2.43975347]\n [ 1.64438044  4.73850756  0.43930465 -0.65806371 -0.65646648 -2.41256238]\n [ 0.18720045  0.43930465  4.54317755  2.09305666 -0.91109749 -0.30973309]\n [-0.89744812 -0.65806371  2.09305666  5.22703198  0.33746465  0.67217627]\n [-2.08114976 -0.65646648 -0.91109749  0.33746465  4.92406987  2.04242904]\n [-2.43975347 -2.41256238 -0.30973309  0.67217627  2.04242904  5.30387221]]", "nfev": "210", "njev": "30", "status": "0", "success": "True", "message": "Optimization terminated successfully.", "x": "[ 1.7111699   2.88734151  4.60062248  1.77293108  4.78571954 -0.93360801]", "nit": "21", "callback": [0.7388913571392994, 0.7337001219875204, 0.6874077762651254, 0.6384415215994388, 0.4751679047571644, 0.46474508394858627, 0.4479061779948804, 0.42406925193697065, 0.4089619982188245, 0.40133323310579816, 0.40036854236407315, 0.39985312429124464, 0.3991101599263641, 0.39867159942923747, 0.39856311910097453, 0.3985167196847864, 0.3984933510025682, 0.3984857190378944, 0.3984847010814825, 0.3984846588230343, 0.39848465823890433]}, "5": {"maxiter": 100, "gtol": 1e-10, "xrtol": 1e-05, "eps": 1e-10, "duration": 0.051527976989746094, "fun": "0.398484658230437", "jac": "[-4.44089173e-06 -1.11022293e-06 -1.11022293e-06 -3.33066880e-06\n -3.33066880e-06 -1.11022293e-06]", "hess_inv": "[[ 6.03615949  1.65936264  0.22804366 -0.92074508 -2.11306465 -2.49329244]\n [ 1.65936264  4.6780599   0.3756534  -0.68181406 -0.67449745 -2.43469319]\n [ 0.22804366  0.3756534   4.49205645  2.06649942 -0.93305698 -0.33362746]\n [-0.92074508 -0.68181406  2.06649942  5.22616096  0.34209342  0.68869616]\n [-2.11306465 -0.67449745 -0.93305698  0.34209342  4.92012022  2.05741688]\n [-2.49329244 -2.43469319 -0.33362746  0.68869616  2.05741688  5.32568517]]", "nfev": "210", "njev": "30", "status": "0", "success": "True", "message": "Optimization terminated successfully.", "x": "[ 1.71115873  2.88733694  4.60062995  1.77294122  4.7857276  -0.93359684]", "nit": "21", "callback": [0.7388896354167314, 0.7336994868805677, 0.6874149303478909, 0.6384384547743376, 0.47535409722480637, 0.46488693762596733, 0.44800174484785593, 0.42414403660103106, 0.4090131821883989, 0.40133853239133044, 0.4003668456723112, 0.39985416631283355, 0.39911361301409487, 0.3986716019847263, 0.3985631092648505, 0.39851671156077084, 0.3984934063879525, 0.3984857250146352, 0.3984847027689564, 0.3984846587623103, 0.398484658230437]}, "6": {"maxiter": 100, "gtol": 1e-10, "xrtol": 1e-10, "eps": 1e-05, "duration": 0.05479001998901367, "fun": "0.3984846582347996", "jac": "[-1.11022302e-11 -1.11022302e-11  0.00000000e+00  0.00000000e+00\n  0.00000000e+00 -2.22044605e-11]", "hess_inv": "[[ 5.989503    1.85519155  0.22632177 -1.02046747 -2.29705498 -2.57849151]\n [ 1.85519155  5.01733077  0.41056728 -0.88001732 -0.89705023 -2.76143782]\n [ 0.22632177  0.41056728  4.55165238  2.07670213 -0.97202792 -0.30161766]\n [-1.02046747 -0.88001732  2.07670213  5.3798065   0.56546975  0.88177776]\n [-2.29705498 -0.89705023 -0.97202792  0.56546975  5.37238888  2.26297868]\n [-2.57849151 -2.76143782 -0.30161766  0.88177776  2.26297868  5.63247487]]", "nfev": "238", "njev": "34", "status": "0", "success": "True", "message": "Optimization terminated successfully.", "x": "[ 1.71116898  2.88734164  4.60062147  1.77293193  4.78572317 -0.93360886]", "nit": "25", "callback": [0.7388913571392994, 0.7337001219875204, 0.6874077762651254, 0.6384415215994388, 0.4751679047571644, 0.46474508394858627, 0.4479061779948804, 0.42406925193697065, 0.4089619982188245, 0.40133323310579816, 0.40036854236407315, 0.39985312429124464, 0.3991101599263641, 0.39867159942923747, 0.39856311910097453, 0.3985167196847864, 0.3984933510025682, 0.3984857190378944, 0.3984847010814825, 0.3984846588230343, 0.39848465823890433, 0.3984846582348852, 0.39848465823481194, 0.3984846582348004, 0.3984846582347996]}, "7": {"maxiter": 100, "gtol": 1e-10, "xrtol": 1e-10, "eps": 1e-10, "duration": 0.06547379493713379, "fun": "0.39848465821378953", "jac": "[ 1.11022293e-06  2.22044587e-06  1.11022293e-06 -2.22044587e-06\n  1.11022293e-06  1.11022293e-06]", "hess_inv": "[[ 2.95257081  0.63483312  0.97424683  1.06197243 -1.32040112 -2.92692207]\n [ 0.63483312  2.38188339 -0.02285833  1.02035606 -1.53386363 -2.24974049]\n [ 0.97424683 -0.02285833  2.46205297  0.38203514 -1.4975627  -0.20278401]\n [ 1.06197243  1.02035606  0.38203514  0.73786333 -0.87803322 -1.64335689]\n [-1.32040112 -1.53386363 -1.4975627  -0.87803322  2.16246989  1.77296322]\n [-2.92692207 -2.24974049 -0.20278401 -1.64335689  1.77296322  4.29011804]]", "nfev": "294", "njev": "42", "status": "2", "success": "False", "message": "Desired error not necessarily achieved due to precision loss.", "x": "[ 1.71117313  2.88734423  4.60063243  1.77294305  4.78572693 -0.93360212]", "nit": "26", "callback": [0.7388896354167314, 0.7336994868805677, 0.6874149303478909, 0.6384384547743376, 0.47535409722480637, 0.46488693762596733, 0.44800174484785593, 0.42414403660103106, 0.4090131821883989, 0.40133853239133044, 0.4003668456723112, 0.39985416631283355, 0.39911361301409487, 0.3986716019847263, 0.3985631092648505, 0.39851671156077084, 0.3984934063879525, 0.3984857250146352, 0.3984847027689564, 0.3984846587623103, 0.398484658230437, 0.39848465822078327, 0.3984846582138092, 0.3984846582137912, 0.39848465821378953, 0.39848465821378953]}, "8": {"maxiter": 500, "gtol": 1e-05, "xrtol": 1e-05, "eps": 1e-05, "duration": 0.04456186294555664, "fun": "0.3984846588230343", "jac": "[ 7.03310743e-06 -9.05215902e-06  9.83646498e-07 -2.69256839e-06\n -8.49672555e-06  3.21287441e-06]", "hess_inv": "[[ 5.700668    1.81900628  0.1746051  -0.82400469 -1.83130353 -2.44552921]\n [ 1.81900628  4.61065678  0.43473137 -0.71361083 -0.81863084 -2.43369471]\n [ 0.1746051   0.43473137  4.56454764  2.09384229 -0.94930186 -0.27090064]\n [-0.82400469 -0.71361083  2.09384229  5.20325549  0.26283723  0.66809213]\n [-1.83130353 -0.81863084 -0.94930186  0.26283723  4.76714337  1.95605281]\n [-2.44552921 -2.43369471 -0.27090064  0.66809213  1.95605281  5.37316009]]", "nfev": "203", "njev": "29", "status": "0", "success": "True", "message": "Optimization terminated successfully.", "x": "[ 1.71120911  2.88731021  4.6006254   1.772918    4.78567376 -0.93360576]", "nit": "20", "callback": [0.7388913571392994, 0.7337001219875204, 0.6874077762651254, 0.6384415215994388, 0.4751679047571644, 0.46474508394858627, 0.4479061779948804, 0.42406925193697065, 0.4089619982188245, 0.40133323310579816, 0.40036854236407315, 0.39985312429124464, 0.3991101599263641, 0.39867159942923747, 0.39856311910097453, 0.3985167196847864, 0.3984933510025682, 0.3984857190378944, 0.3984847010814825, 0.3984846588230343]}, "9": {"maxiter": 500, "gtol": 1e-05, "xrtol": 1e-05, "eps": 1e-10, "duration": 0.04481792449951172, "fun": "0.3984846587623103", "jac": "[ 8.88178346e-06 -6.66133760e-06  5.55111466e-06 -3.33066880e-06\n -7.77156053e-06  5.55111466e-06]", "hess_inv": "[[ 5.6943656   1.81618902  0.14950822 -0.84239868 -1.83930008 -2.45420085]\n [ 1.81618902  4.61119116  0.43673486 -0.71143302 -0.81690594 -2.43286516]\n [ 0.14950822  0.43673486  4.59729923  2.11565461 -0.95282925 -0.2273579 ]\n [-0.84239868 -0.71143302  2.11565461  5.21607428  0.25844963  0.70431869]\n [-1.83930008 -0.81690594 -0.95282925  0.25844963  4.75628691  1.96086565]\n [-2.45420085 -2.43286516 -0.2273579   0.70431869  1.96086565  5.39798409]]", "nfev": "203", "njev": "29", "status": "0", "success": "True", "message": "Optimization terminated successfully.", "x": "[ 1.7112082   2.8873166   4.60065292  1.77293282  4.78568019 -0.93359333]", "nit": "20", "callback": [0.7388896354167314, 0.7336994868805677, 0.6874149303478909, 0.6384384547743376, 0.47535409722480637, 0.46488693762596733, 0.44800174484785593, 0.42414403660103106, 0.4090131821883989, 0.40133853239133044, 0.4003668456723112, 0.39985416631283355, 0.39911361301409487, 0.3986716019847263, 0.3985631092648505, 0.39851671156077084, 0.3984934063879525, 0.3984857250146352, 0.3984847027689564, 0.3984846587623103]}, "10": {"maxiter": 500, "gtol": 1e-05, "xrtol": 1e-10, "eps": 1e-05, "duration": 0.04542207717895508, "fun": "0.3984846588230343", "jac": "[ 7.03310743e-06 -9.05215902e-06 