{"date": "2024/09/25/, 01:52:45", "conf_id": 105, "data_type": "orthogonal\n", "num_data_points": 2, "s_rank": 0, "unitary": "[[-0.45070455-0.02711853j,0.78437395-0.06613086j,0.06358678+0.19963393j,-0.07343613+0.35668523j],[-0.01890143-0.03813363j,0.32408202+0.25557629j,0.05872864-0.68979805j,0.55466693-0.20227297j],[-0.11215405+0.64023111j,-0.13344055+0.29565494j,-0.49012687-0.19046288j,-0.04241254+0.44046348j],[0.55771659+0.24656916j,0.31851997-0.05798805j,0.28761525-0.34294258j,-0.56718418+0.03616933j]]", "databatch_0": {"databatch": "[[[0.0556459-0.06134498j,-0.00164538+0.01330292j,0.05922075-0.23326163j,-0.09441412-0.10214579j],[-0.13063802+0.09710181j,-0.16466485-0.18747984j,-0.46940843-0.11626154j,-0.22409034+0.11783611j],[-0.0262069-0.03559992j,-0.09094946-0.06051151j,-0.29254107-0.29351439j,-0.25049402+0.01597899j],[-0.0741422+0.1442502j,-0.08292858-0.02618086j,-0.18283733+0.3993971j,0.11446554+0.20108418j]],[[-0.06447+0.13310794j,-0.0048807+0.04127871j,-0.04491662+0.58347385j,0.25755665+0.22297361j],[-0.01459435+0.11424152j,-0.13234616-0.06898532j,-0.1296214+0.07641763j,-0.02865899+0.05195927j],[-0.03288786-0.19340747j,0.21298099-0.02083245j,0.14607999-0.38342899j,-0.08073418-0.17151445j],[-0.0084157-0.06667426j,0.18372397+0.07400079j,0.24922802+0.1566405j,0.19139502-0.02408451j]]]", "initial param values": "[4.67244585,4.43920731,1.19451998,3.75673878,4.41731607,0.09062365]", "nelder_mead": {"type": "gradient-free", "0": {"maxiter": 100, "fatol": 1e-05, "xatol": 1e-05, "duration": 0.0393221378326416, "fun": "0.2452449493255081", "nit": "100", "nfev": "158", "status": "2", "success": "False", "message": "Maximum number of iterations has been exceeded.", "x": "[3.79147187 2.23220082 1.45440087 3.2506976  2.72125719 0.1617264 ]", "final_simplex": "(array([[3.79147187, 2.23220082, 1.45440087, 3.2506976 , 2.72125719,\n        0.1617264 ],\n       [3.81865021, 2.29931635, 1.46931863, 3.41456088, 2.76333568,\n        0.15540068],\n       [3.81040406, 2.19912594, 1.49003234, 3.33091673, 2.68473749,\n        0.15878839],\n       [3.86388716, 2.27314004, 1.48614054, 3.30854367, 2.67572747,\n        0.15627263],\n       [3.84710194, 2.27684542, 1.4644205 , 3.26191288, 2.78018783,\n        0.15827023],\n       [3.78871285, 2.2421993 , 1.49074401, 3.33191359, 2.75365692,\n        0.15648826],\n       [3.7729169 , 2.30726513, 1.49125893, 3.29020037, 2.72756853,\n        0.15679715]]), array([0.24524495, 0.24640345, 0.24749213, 0.24776327, 0.24779616,\n       0.24786053, 0.24786919]))", "callback": [0.867489874498107, 0.7092491029301484, 0.6587639779158786, 0.4693318927998984, 0.4072205099954753, 0.3135572065213278, 0.27856124708876084, 0.2567719536095071, 0.250158234525905, 0.24786919446047861]}, "1": {"maxiter": 100, "fatol": 1e-05, "xatol": 1e-10, "duration": 0.038583993911743164, "fun": "0.2452449493255081", "nit": "100", "nfev": "158", "status": "2", "success": "False", "message": "Maximum number of iterations has been exceeded.", "x": "[3.79147187 2.23220082 1.45440087 3.2506976  2.72125719 0.1617264 ]", "final_simplex": "(array([[3.79147187, 2.23220082, 1.45440087, 3.2506976 , 2.72125719,\n        0.1617264 ],\n       [3.81865021, 2.29931635, 1.46931863, 3.41456088, 2.76333568,\n        0.15540068],\n       [3.81040406, 2.19912594, 1.49003234, 3.33091673, 2.68473749,\n        0.15878839],\n       [3.86388716, 2.27314004, 1.48614054, 3.30854367, 2.67572747,\n        0.15627263],\n       [3.84710194, 2.27684542, 1.4644205 , 3.26191288, 2.78018783,\n        0.15827023],\n       [3.78871285, 2.2421993 , 1.49074401, 3.33191359, 2.75365692,\n        0.15648826],\n       [3.7729169 , 2.30726513, 1.49125893, 3.29020037, 2.72756853,\n        0.15679715]]), array([0.24524495, 0.24640345, 0.24749213, 0.24776327, 0.24779616,\n       0.24786053, 0.24786919]))", "callback": [0.867489874498107, 0.7092491029301484, 0.6587639779158786, 0.4693318927998984, 0.4072205099954753, 0.3135572065213278, 0.27856124708876084, 0.2567719536095071, 0.250158234525905, 0.24786919446047861]}, "2": {"maxiter": 100, "fatol": 1e-10, "xatol": 1e-05, "duration": 0.03750205039978027, "fun": "0.2452449493255081", "nit": "100", "nfev": "158", "status": "2", "success": "False", "message": "Maximum number of iterations has been exceeded.", "x": "[3.79147187 2.23220082 1.45440087 3.2506976  2.72125719 0.1617264 ]", "final_simplex": "(array([[3.79147187, 2.23220082, 1.45440087, 3.2506976 , 2.72125719,\n        0.1617264 ],\n       [3.81865021, 2.29931635, 1.46931863, 3.41456088, 2.76333568,\n        0.15540068],\n       [3.81040406, 2.19912594, 1.49003234, 3.33091673, 2.68473749,\n        0.15878839],\n       [3.86388716, 2.27314004, 1.48614054, 3.30854367, 2.67572747,\n        0.15627263],\n       [3.84710194, 2.27684542, 1.4644205 , 3.26191288, 2.78018783,\n        0.15827023],\n       [3.78871285, 2.2421993 , 1.49074401, 3.33191359, 2.75365692,\n        0.15648826],\n       [3.7729169 , 2.30726513, 1.49125893, 3.29020037, 2.72756853,\n        0.15679715]]), array([0.24524495, 0.24640345, 0.24749213, 0.24776327, 0.24779616,\n       0.24786053, 0.24786919]))", "callback": [0.867489874498107, 0.7092491029301484, 0.6587639779158786, 0.4693318927998984, 0.4072205099954753, 0.3135572065213278, 0.27856124708876084, 0.2567719536095071, 0.250158234525905, 0.24786919446047861]}, "3": {"maxiter": 100, "fatol": 1e-10, "xatol": 1e-10, "duration": 0.037093162536621094, "fun": "0.2452449493255081", "nit": "100", "nfev": "158", "status": "2", "success": "False", "message": "Maximum number of iterations has been exceeded.", "x": "[3.79147187 2.23220082 1.45440087 3.2506976  2.72125719 0.1617264 ]", "final_simplex": "(array([[3.79147187, 2.23220082, 1.45440087, 3.2506976 , 2.72125719,\n        0.1617264 ],\n       [3.81865021, 2.29931635, 1.46931863, 3.41456088, 2.76333568,\n        0.15540068],\n       [3.81040406, 2.19912594, 1.49003234, 3.33091673, 2.68473749,\n        0.15878839],\n       [3.86388716, 2.27314004, 1.48614054, 3.30854367, 2.67572747,\n        0.15627263],\n       [3.84710194, 2.27684542, 1.4644205 , 3.26191288, 2.78018783,\n        0.15827023],\n       [3.78871285, 2.2421993 , 1.49074401, 3.33191359, 2.75365692,\n        0.15648826],\n       [3.7729169 , 2.30726513, 1.49125893, 3.29020037, 2.72756853,\n        0.15679715]]), array([0.24524495, 0.24640345, 0.24749213, 0.24776327, 0.24779616,\n       0.24786053, 0.24786919]))", "callback": [0.867489874498107, 0.7092491029301484, 0.6587639779158786, 0.4693318927998984, 0.4072205099954753, 0.3135572065213278, 0.27856124708876084, 0.2567719536095071, 0.250158234525905, 0.24786919446047861]}, "4": {"maxiter": 500, "fatol": 1e-05, "xatol": 1e-05, "duration": 0.1727161407470703, "fun": "0.1402838547642491", "nit": "489", "nfev": "758", "status": "0", "success": "True", "message": "Optimization terminated successfully.", "x": "[3.91173943 1.36361641 0.47583945 3.79553767 3.78836575 1.26410055]", "final_simplex": "(array([[3.91173943, 1.36361641, 0.47583945, 3.79553767, 3.78836575,\n        1.26410055],\n       [3.91174827, 1.36362151, 0.47583743, 3.79553575, 3.78836677,\n        1.26409827],\n       [3.91174478, 1.3636137 , 0.47583493, 3.79553225, 3.78837193,\n        1.2641049 ],\n       [3.9117414 , 1.36360971, 0.47583173, 3.79553895, 3.78836875,\n        1.26410343],\n       [3.91174553, 1.36360835, 0.47583064, 3.79553802, 3.78835842,\n        1.26409431],\n       [3.91174299, 1.36361145, 0.47583747, 3.79553762, 3.78836883,\n        1.26410489],\n       [3.91174555, 1.36361524, 0.47583561, 3.79553718, 3.78836369,\n        1.26410277]]), array([0.14028385, 0.14028385, 0.14028385, 0.14028385, 0.14028385,\n       0.14028385, 0.14028385]))", "callback": [0.867489874498107, 0.7092491029301484, 0.6587639779158786, 0.4693318927998984, 0.4072205099954753, 0.3135572065213278, 0.27856124708876084, 0.2567719536095071, 0.250158234525905, 0.24786919446047861, 0.24427309233255246, 0.21690221200090298, 0.19939740209420442, 0.1939422833973955, 0.18899346204478917, 0.18866519258228787, 0.1884286488011726, 0.18836864026742206, 0.1883218064256521, 0.18826328290797256, 0.1881920053697801, 0.1878786669050535, 0.18748005572646453, 0.1869812906867182, 0.1848659046672836, 0.1832683090464169, 0.18120941410150937, 0.17691244707268905, 0.17031038666601284, 0.1581579949096068, 0.14807290890324998, 0.14301001133387103, 0.14115683067273832, 0.14070642950300127, 0.14046996155941516, 0.14030421167538387, 0.14030421167538387, 0.1402919464353296, 0.14028598381169444, 0.1402842409324534, 0.14028395989218345, 0.14028386340509236, 0.14028386030975293, 0.1402838564757286, 0.14028385542091748, 0.14028385495637474, 0.1402838548518437, 0.14028385479425998, 0.1402838547685944]}, "5": {"maxiter": 500, "fatol": 1e-05, "xatol": 1e-10, "duration": 0.17865204811096191, "fun": "0.1402838547576022", "nit": "500", "nfev": "773", "status": "2", "success": "False", "message": "Maximum number of iterations has been exceeded.", "x": "[3.91174022 1.36361597 0.4758367  3.79553536 3.78836856 1.26409761]", "final_simplex": "(array([[3.91174022, 1.36361597, 0.4758367 , 3.79553536, 3.78836856,\n        1.26409761],\n       [3.91174192, 1.3636118 , 0.47583494, 3.79553624, 3.7883698 ,\n        1.26409934],\n       [3.91174276, 1.36361937, 0.47583749, 3.79553643, 3.78836675,\n        1.26409553],\n       [3.91174241, 1.36361915, 0.47584055, 3.79553381, 3.788371  ,\n        1.26409612],\n       [3.91174426, 1.36361654, 0.47583463, 3.79553441, 3.78836364,\n        1.26408999],\n       [3.91174492, 1.36361821, 0.47583421, 3.79553317, 3.78837061,\n        1.26409489],\n       [3.91174551, 1.36362268, 0.47584039, 3.79553181, 3.78836858,\n        1.26409715]]), array([0.14028385, 0.14028385, 0.14028385, 0.14028385, 0.14028385,\n       0.14028385, 0.14028385]))", "callback": [0.867489874498107, 0.7092491029301484, 0.6587639779158786, 0.4693318927998984, 0.4072205099954753, 0.3135572065213278, 0.27856124708876084, 0.2567719536095071, 0.250158234525905, 0.24786919446047861, 0.24427309233255246, 0.21690221200090298, 0.19939740209420442, 0.1939422833973955, 0.18899346204478917, 0.18866519258228787, 0.1884286488011726, 0.18836864026742206, 0.1883218064256521, 0.18826328290797256, 0.1881920053697801, 0.1878786669050535, 0.18748005572646453, 0.1869812906867182, 0.1848659046672836, 0.1832683090464169, 0.18120941410150937, 0.17691244707268905, 0.17031038666601284, 0.1581579949096068, 0.14807290890324998, 0.14301001133387103, 0.14115683067273832, 0.14070642950300127, 0.14046996155941516, 0.14030421167538387, 0.14030421167538387, 0.1402919464353296, 0.14028598381169444, 0.1402842409324534, 0.14028395989218345, 0.14028386340509236, 0.14028386030975293, 0.1402838564757286, 0.14028385542091748, 0.14028385495637474, 0.1402838548518437, 0.14028385479425998, 0.1402838547685944, 0.1402838547576285]}, "6": {"maxiter": 500, "fatol": 1e-10, "xatol": 1e-05, "duration": 0.18604803085327148, "fun": "0.1402838547642491", "nit": "489", "nfev": "758", "status": "0", "success": "True", "message": "Optimization terminated successfully.", "x": "[3.91173943 1.36361641 0.47583945 3.79553767 3.78836575 1.26410055]", "final_simplex": "(array([[3.91173943, 1.36361641, 0.47583945, 3.79553767, 3.78836575,\n        1.26410055],\n       [3.91174827, 1.36362151, 0.47583743, 3.79553575, 3.78836677,\n        1.26409827],\n       [3.91174478, 1.3636137 , 0.47583493, 3.79553225, 3.78837193,\n        1.2641049 ],\n       [3.9117414 , 1.36360971, 0.47583173, 3.79553895, 3.78836875,\n        1.26410343],\n       [3.91174553, 1.36360835, 0.47583064, 3.79553802, 3.78835842,\n        1.26409431],\n       [3.91174299, 1.36361145, 0.47583747, 3.79553762, 3.78836883,\n        1.26410489],\n       [3.91174555, 1.36361524, 0.47583561, 3.79553718, 3.78836369,\n        1.26410277]]), array([0.14028385, 0.14028385, 0.14028385, 0.14028385, 0.14028385,\n       0.14028385, 0.14028385]))", "callback": [0.867489874498107, 0.7092491029301484, 0.6587639779158786, 0.4693318927998984, 0.4072205099954753, 0.3135572065213278, 0.27856124708876084, 0.2567719536095071, 0.250158234525905, 0.24786919446047861, 0.24427309233255246, 0.21690221200090298, 0.19939740209420442, 0.1939422833973955, 0.18899346204478917, 0.18866519258228787, 0.1884286488011726, 0.18836864026742206, 0.1883218064256521, 0.18826328290797256, 0.1881920053697801, 0.1878786669050535, 0.18748005572646453, 0.1869812906867182, 0.1848659046672836, 0.1832683090464169, 0.18120941410150937, 0.17691244707268905, 0.17031038666601284, 0.1581579949096068, 0.14807290890324998, 0.14301001133387103, 0.14115683067273832, 0.14070642950300127, 0.14046996155941516, 0.14030421167538387, 0.14030421167538387, 0.1402919464353296, 0.14028598381169444, 0.1402842409324534, 0.14028395989218345, 0.14028386340509236, 0.14028386030975293, 0.1402838564757286, 0.14028385542091748, 0.14028385495637474, 0.1402838548518437, 0.14028385479425998, 0.1402838547685944]}, "7": {"maxiter": 500, "fatol": 1e-10, "xatol": 1e-10, "duration": 0.18014812469482422, "fun": "0.1402838547576022", "nit": "500", "nfev": "773", "status": "2", "success": "False", "message": "Maximum number of iterations has been exceeded.", "x": "[3.91174022 1.36361597 0.4758367  3.79553536 3.78836856 1.26409761]", "final_simplex": "(array([[3.91174022, 1.36361597, 0.4758367 , 3.79553536, 3.78836856,\n        1.26409761],\n       [3.91174192, 1.3636118 , 0.47583494, 3.79553624, 3.7883698 ,\n        1.26409934],\n       [3.91174276, 1.36361937, 0.47583749, 3.79553643, 3.78836675,\n        1.26409553],\n       [3.91174241, 1.36361915, 0.47584055, 3.79553381, 3.788371  ,\n        1.26409612],\n       [3.91174426, 1.36361654, 0.47583463, 3.79553441, 3.78836364,\n        1.26408999],\n       [3.91174492, 1.36361821, 0.47583421, 3.79553317, 3.78837061,\n        1.26409489],\n       [3.91174551, 1.36362268, 0.47584039, 3.79553181, 3.78836858,\n        1.26409715]]), array([0.14028385, 0.14028385, 0.14028385, 0.14028385, 0.14028385,\n       0.14028385, 0.14028385]))", "callback": [0.867489874498107, 0.7092491029301484, 0.6587639779158786, 0.4693318927998984, 0.4072205099954753, 0.3135572065213278, 0.27856124708876084, 0.2567719536095071, 0.250158234525905, 0.24786919446047861, 0.24427309233255246, 0.21690221200090298, 0.19939740209420442, 0.1939422833973955, 0.18899346204478917, 0.18866519258228787, 0.1884286488011726, 0.18836864026742206, 0.1883218064256521, 0.18826328290797256, 0.1881920053697801, 0.1878786669050535, 0.18748005572646453, 0.1869812906867182, 0.1848659046672836, 0.1832683090464169, 0.18120941410150937, 0.17691244707268905, 0.17031038666601284, 0.1581579949096068, 0.14807290890324998, 0.14301001133387103, 0.14115683067273832, 0.14070642950300127, 0.14046996155941516, 0.14030421167538387, 0.14030421167538387, 0.1402919464353296, 0.14028598381169444, 0.1402842409324534, 0.14028395989218345, 0.14028386340509236, 0.14028386030975293, 0.1402838564757286, 0.14028385542091748, 0.14028385495637474, 0.1402838548518437, 0.14028385479425998, 0.1402838547685944, 0.1402838547576285]}, "8": {"maxiter": 1000, "fatol": 1e-05, "xatol": 1e-05, "duration": 0.1776418685913086, "fun": "0.1402838547642491", "nit": "489", "nfev": "758", "status": "0", "success": "True", "message": "Optimization terminated successfully.", "x": "[3.91173943 1.36361641 0.47583945 3.79553767 3.78836575 1.26410055]", "final_simplex": "(array([[3.91173943, 1.36361641, 0.47583945, 3.79553767, 3.78836575,\n        1.26410055],\n       [3.91174827, 1.36362151, 0.47583743, 3.79553575, 3.78836677,\n        1.26409827],\n       [3.91174478, 1.3636137 , 0.47583493, 3.79553225, 3.78837193,\n        1.2641049 ],\n       [3.9117414 , 1.36360971, 0.47583173, 3.79553895, 3.78836875,\n        1.26410343],\n       [3.91174553, 1.36360835, 0.47583064, 3.79553802, 3.78835842,\n        1.26409431],\n       [3.91174299, 1.36361145, 0.47583747, 3.79553762, 3.78836883,\n        1.26410489],\n       [3.91174555, 1.36361524, 0.47583561, 3.79553718, 3.78836369,\n        1.26410277]]), array([0.14028385, 0.14028385, 0.14028385, 0.14028385, 0.14028385,\n       0.14028385, 0.14028385]))", "callback": [0.867489874498107, 0.7092491029301484, 0.6587639779158786, 0.4693318927998984, 0.4072205099954753, 0.3135572065213278, 0.27856124708876084, 0.2567719536095071, 0.250158234525905, 0.24786919446047861, 0.24427309233255246, 0.21690221200090298, 0.19939740209420442, 0.1939422833973955, 0.18899346204478917, 0.18866519258228787, 0.1884286488011726, 0.18836864026742206, 0.1883218064256521, 0.18826328290797256, 0.1881920053697801, 0.1878786669050535, 0.18748005572646453, 0.1869812906867182, 0.1848659046672836, 0.1832683090464169, 0.18120941410150937, 0.17691244707268905, 0.17031038666601284, 0.1581579949096068, 0.14807290890324998, 0.14301001133387103, 0.14115683067273832, 0.14070642950300127, 0.14046996155941516, 0.14030421167538387, 0.14030421167538387, 0.1402919464353296, 0.14028598381169444, 0.1402842409324534, 0.14028395989218345, 0.14028386340509236, 0.14028386030975293, 0.1402838564757286, 0.14028385542091748, 0.14028385495637474, 0.1402838548518437, 0.14028385479425998, 0.1402838547685944]}, "9": {"maxiter": 1000, "fatol": 1e-05, "xatol": 1e-10, "duration": 0.22841429710388184, "fun": "0.14028385475488836", "nit": "592", "nfev": "981", "status": "0", "success": "True", "message": "Optimization terminated successfully.", "x": "[3.91174506 1.36361568 0.47583649 3.79553446 3.7883688  1.26409575]", "final_simplex": "(array([[3.91174506, 1.36361568, 0.47583649, 3.79553446, 3.7883688 ,\n        1.26409575],\n       [3.91174506, 1.36361568, 0.47583649, 3.79553446, 3.7883688 ,\n        1.26409575],\n       [3.91174506, 1.36361568, 0.47583649, 3.79553446, 3.7883688 ,\n        1.26409575],\n       [3.91174506, 1.36361568, 0.47583649, 3.79553446, 3.7883688 ,\n        1.26409575],\n       [3.91174506, 1.36361568, 0.47583649, 3.79553446, 3.7883688 ,\n        1.26409575],\n       [3.91174506, 1.36361568, 0.47583649, 3.79553446, 3.7883688 ,\n        1.26409575],\n       [3.91174506, 1.36361568, 0.47583649, 3.79553446, 3.7883688 ,\n        1.26409575]]), array([0.14028385, 0.14028385, 0.14028385, 0.14028385, 0.14028385,\n       0.14028385, 0.14028385]))", "callback": [0.867489874498107, 0.7092491029301484, 0.6587639779158786, 0.4693318927998984, 0.4072205099954753, 0.3135572065213278, 0.27856124708876084, 0.2567719536095071, 0.250158234525905, 0.24786919446047861, 0.24427309233255246, 0.21690221200090298, 0.19939740209420442, 0.1939422833973955, 0.18899346204478917, 0.18866519258228787, 0.1884286488011726, 0.18836864026742206, 0.1883218064256521, 0.18826328290797256, 0.1881920053697801, 0.1878786669050535, 0.18748005572646453, 0.1869812906867182, 0.1848659046672836, 0.1832683090464169, 0.18120941410150937, 0.17691244707268905, 0.17031038666601284, 0.1581579949096068, 0.14807290890324998, 0.14301001133387103, 0.14115683067273832, 0.14070642950300127, 0.14046996155941516, 0.14030421167538387, 0.14030421167538387, 0.1402919464353296, 0.14028598381169444, 0.1402842409324534, 0.14028395989218345, 0.14028386340509236, 0.14028386030975293, 0.1402838564757286, 0.14028385542091748, 0.14028385495637474, 0.1402838548518437, 0.14028385479425998, 0.1402838547685944, 0.1402838547576285, 0.14028385475652672, 0.14028385475534333, 0.14028385475497873, 0.14028385475491612, 0.14028385475489324, 0.14028385475488991, 0.1402838547548887, 0.14028385475488836, 0.14028385475488836, 0.14028385475488836]}, "10": {"maxiter": 1000, "fatol": 1e-10, "xatol": 1e-05, "duration": 0.17494487762451172, "fun": "0.1402838547642491", "nit": "489", "nfev": "758", "status": "0", "success": "True", "message": "Optimization terminated successfully.", "x": "[3.91173943 1.36361641 0.47583945 3.79553767 3.78836575 1.26410055]", "final_simplex": "(array([[3.91173943, 1.36361641, 0.47583945, 3.79553767, 3.78836575,\n        1.26410055],\n       [3.91174827, 1.36362151, 0.47583743, 3.79553575, 3.78836677,\n        1.26409827],\n       [3.91174478, 1.3636137 , 0.47583493, 3.79553225, 3.78837193,\n        1.2641049 ],\n       [3.9117414 , 1.36360971, 0.47583173, 3.79553895, 3.78836875,\n        1.26410343],\n       [3.91174553, 1.36360835, 0.47583064, 3.79553802, 3.78835842,\n        1.26409431],\n       [3.91174299, 1.36361145, 0.47583747, 3.79553762, 3.78836883,\n        1.26410489],\n       [3.91174555, 1.36361524, 0.47583561, 3.79553718, 3.78836369,\n        1.26410277]]), array([0.14028385, 0.14028385, 0.14028385, 0.14028385, 0.14028385,\n       0.14028385, 0.14028385]))", "callback": [0.867489874498107, 0.7092491029301484, 0.6587639779158786, 0.4693318927998984, 0.4072205099954753, 0.3135572065213278, 0.27856124708876084, 0.2567719536095071, 0.250158234525905, 0.24786919446047861, 0.24427309233255246, 0.21690221200090298, 0.19939740209420442, 0.1939422833973955, 0.18899346204478917, 0.18866519258228787, 0.1884286488011726, 0.18836864026742206, 0.1883218064256521, 0.18826328290797256, 0.1881920053697801, 0.1878786669050535, 0.18748005572646453, 0.1869812906867182, 0.1848659046672836, 0.1832683090464169, 0.18120941410150937, 0.17691244707268905, 0.17031038666601284, 0.1581579949096068, 0.14807290890324998, 0.14301001133387103, 0.14115683067273832, 0.14070642950300127, 0.14046996155941516, 0.14030421167538387, 0.14030421167538387, 0.1402919464353296, 0.14028598381169444, 0.1402842409324534, 0.14028395989218345, 0.14028386340509236, 0.14028386030975293, 0.1402838564757286, 0.14028385542091748, 0.14028385495637474, 0.1402838548518437, 0.14028385479425998, 0.1402838547685944]}, "11": {"maxiter": 1000, "fatol": 1e-10, "xatol": 1e-10, "duration": 0.22453927993774414, "fun": "0.14028385475488836", "nit": "592", "nfev": "981", "status": "0", "success": "True", "message": "Optimization terminated successfully.", "x": "[3.91174506 1.36361568 0.47583649 3.79553446 3.7883688  1.26409575]", "final_simplex": "(array([[3.91174506, 1.36361568, 0.47583649, 3.79553446, 3.7883688 ,\n        1.26409575],\n       [3.91174506, 1.36361568, 0.47583649, 3.79553446, 3.7883688 ,\n        1.26409575],\n       [3.91174506, 1.36361568, 0.47583649, 3.79553446, 3.7883688 ,\n        1.26409575],\n       [3.91174506, 1.36361568, 0.47583649, 3.79553446, 3.7883688 ,\n        1.26409575],\n       [3.91174506, 1.36361568, 0.47583649, 3.79553446, 3.7883688 ,\n        1.26409575],\n       [3.91174506, 1.36361568, 0.47583649, 3.79553446, 3.7883688 ,\n        1.26409575],\n       [3.91174506, 1.36361568, 0.47583649, 3.79553446, 3.7883688 ,\n        1.26409575]]), array([0.14028385, 0.14028385, 0.14028385, 0.14028385, 0.14028385,\n       0.14028385, 0.14028385]))", "callback": [0.867489874498107, 0.7092491029301484, 0.6587639779158786, 0.4693318927998984, 0.4072205099954753, 0.3135572065213278, 0.27856124708876084, 0.2567719536095071, 0.250158234525905, 0.24786919446047861, 0.24427309233255246, 0.21690221200090298, 0.19939740209420442, 0.1939422833973955, 0.18899346204478917, 0.18866519258228787, 0.1884286488011726, 0.18836864026742206, 0.1883218064256521, 0.18826328290797256, 0.1881920053697801, 0.1878786669050535, 0.18748005572646453, 0.1869812906867182, 0.1848659046672836, 0.1832683090464169, 0.18120941410150937, 0.17691244707268905, 0.17031038666601284, 0.1581579949096068, 0.14807290890324998, 0.14301001133387103, 0.14115683067273832, 0.14070642950300127, 0.14046996155941516, 0.14030421167538387, 0.14030421167538387, 0.1402919464353296, 0.14028598381169444, 0.1402842409324534, 0.14028395989218345, 0.14028386340509236, 0.14028386030975293, 0.1402838564757286, 0.14028385542091748, 0.14028385495637474, 0.1402838548518437, 0.14028385479425998, 0.1402838547685944, 0.1402838547576285, 0.14028385475652672, 0.14028385475534333, 0.14028385475497873, 0.14028385475491612, 0.14028385475489324, 0.14028385475488991, 0.1402838547548887, 0.14028385475488836, 0.14028385475488836, 0.14028385475488836]}}, "bfgs": {"type": "gradient", "0": {"maxiter": 100, "gtol": 1e-05, "xrtol": 1e-05, "eps": 1e-05, "duration": 0.044476985931396484, "fun": "0.1402838548692732", "jac": "[-1.19443344e-06 -3.07078807e-06  4.78387330e-06  3.55881991e-07\n  4.45603554e-06  2.78621570e-07]", "hess_inv": "[[ 4.46936523  0.53608014  0.13597411 -0.80466106 -0.16022688 -1.05758645]\n [ 0.53608014  7.5363463   5.38631097 -0.97881335 -1.82199195 -1.65882214]\n [ 0.13597411  5.38631097  6.47837011 -1.02462359 -2.20991133 -0.96575727]\n [-0.80466106 -0.97881335 -1.02462359  3.1898404  -1.24055169 -0.17332167]\n [-0.16022688 -1.82199195 -2.20991133 -1.24055169 10.91674151  6.23734004]\n [-1.05758645 -1.65882214 -0.96575727 -0.17332167  6.23734004  7.19770318]]", "nfev": "189", "njev": "27", "status": "0", "success": "True", "message": "Optimization terminated successfully.", "x": "[3.91173281 1.36358883 0.47582329 3.79552872 3.78840798 1.26411932]", "nit": "23", "callback": [0.5419564743262328, 0.5037613586032524, 0.43008417221011175, 0.3077270746038776, 0.2576655368144182, 0.2138259233162454, 0.19302373940208217, 0.17794963533025143, 0.17235331902315254, 0.16610677192101053, 0.15629868104142353, 0.14761265958451952, 0.14365255198916826, 0.14041000783734114, 0.14032336710808457, 0.1402918735484352, 0.1402876257554091, 0.1402869307708452, 0.1402858941336631, 0.14028469518767483, 0.14028400363964688, 0.14028386348527966, 0.1402838548692732]}, "1": {"maxiter": 100, "gtol": 1e-05, "xrtol": 1e-05, "eps": 1e-10, "duration": 0.044779062271118164, "fun": "0.1402838549917863", "jac": "[ 5.55111466e-06 -1.11022293e-06  7.77156053e-06  5.55111466e-06\n  2.22044587e-06  5.55111466e-06]", "hess_inv": "[[ 4.50644634  0.57369612  0.13591944 -0.7900185  -0.18486131 -1.03176656]\n [ 0.57369612  7.4981901   5.3576413  -0.94922138 -1.87622359 -1.660646  ]\n [ 0.13591944  5.3576413   6.4470509  -1.03423325 -2.15865349 -0.92630978]\n [-0.7900185  -0.94922138 -1.03423325  3.18169559 -1.20755064 -0.13400257]\n [-0.18486131 -1.87622359 -2.15865349 -1.20755064 10.87657256  6.18442294]\n [-1.03176656 -1.660646   -0.92630978 -0.13400257  6.18442294  7.18429461]]", "nfev": "189", "njev": "27", "status": "0", "success": "True", "message": "Optimization terminated successfully.", "x": "[3.91175178 1.36361826 0.4758517  3.79553953 3.7884137  1.26414365]", "nit": "23", "callback": [0.5419528685560819, 0.5037502443023514, 0.43006040993137784, 0.30769635350732094, 0.2576137138628951, 0.21381685722701294, 0.193003690203297, 0.17794845224768774, 0.17235188051510986, 0.16610386563175406, 0.15629471490694913, 0.14761192660129696, 0.1436505454061533, 0.14041032882448157, 0.1403234088297277, 0.14029188383927282, 0.14028760033860155, 0.14028690911113217, 0.1402858833271562, 0.1402846778859297, 0.1402839997276435, 0.1402838646750959, 0.1402838549917863]}, "2": {"maxiter": 100, "gtol": 1e-05, "xrtol": 1e-10, "eps": 1e-05, "duration": 0.044081926345825195, "fun": "0.1402838548692732", "jac": "[-1.19443344e-06 -3.07078807e-06  4.78387330e-06  3.55881991e-07\n  4.45603554e-06  2.78621570e-07]", "hess_inv": "[[ 4.46936523  0.53608014  0.13597411 -0.80466106 -0.16022688 -1.05758645]\n [ 0.53608014  7.5363463   5.38631097 -0.97881335 -1.82199195 -1.65882214]\n [ 0.13597411  5.38631097  6.47837011 -1.02462359 -2.20991133 -0.96575727]\n [-0.80466106 -0.97881335 -1.02462359  3.1898404  -1.24055169 -0.17332167]\n [-0.16022688 -1.82199195 -2.20991133 -1.24055169 10.91674151  6.23734004]\n [-1.05758645 -1.65882214 -0.96575727 -0.17332167  6.23734004  7.19770318]]", "nfev": "189", "njev": "27", "status": "0", "success": "True", "message": "Optimization terminated successfully.", "x": "[3.91173281 1.36358883 0.47582329 3.79552872 3.78840798 1.26411932]", "nit": "23", "callback": [0.5419564743262328, 0.5037613586032524, 0.43008417221011175, 0.3077270746038776, 0.2576655368144182, 0.2138259233162454, 0.19302373940208217, 0.17794963533025143, 0.17235331902315254, 0.16610677192101053, 0.15629868104142353, 0.14761265958451952, 0.14365255198916826, 0.14041000783734114, 0.14032336710808457, 0.1402918735484352, 0.1402876257554091, 0.1402869307708452, 0.1402858941336631, 0.14028469518767483, 0.14028400363964688, 0.14028386348527966, 0.1402838548692732]}, "3": {"maxiter": 100, "gtol": 1e-05, "xrtol": 1e-10, "eps": 1e-10, "duration": 0.04424786567687988, "fun": "0.1402838549917863", "jac": "[ 5.55111466e-06 -1.11022293e-06  7.77156053e-06  5.55111466e-06\n  2.22044587e-06  5.55111466e-06]", "hess_inv": "[[ 4.50644634  0.57369612  0.13591944 -0.7900185  -0.18486131 -1.03176656]\n [ 0.57369612  7.4981901   5.3576413  -0.94922138 -1.87622359 -1.660646  ]\n [ 0.13591944  5.3576413   6.4470509  -1.03423325 -2.15865349 -0.92630978]\n [-0.7900185  -0.94922138 -1.03423325  3.18169559 -1.20755064 -0.13400257]\n [-0.18486131 -1.87622359 -2.15865349 -1.20755064 10.87657256  6.18442294]\n [-1.03176656 -1.660646   -0.92630978 -0.13400257  6.18442294  7.18429461]]", "nfev": "189", "njev": "27", "status": "0", "success": "True", "message": "Optimization terminated successfully.", "x": "[3.91175178 1.36361826 0.4758517  3.79553953 3.7884137  1.26414365]", "nit": "23", "callback": [0.5419528685560819, 0.5037502443023514, 0.43006040993137784, 0.30769635350732094, 0.2576137138628951, 0.21381685722701294, 0.193003690203297, 0.17794845224768774, 0.17235188051510986, 0.16610386563175406, 0.15629471490694913, 0.14761192660129696, 0.1436505454061533, 0.14041032882448157, 0.1403234088297277, 0.14029188383927282, 0.14028760033860155, 0.14028690911113217, 0.1402858833271562, 0.1402846778859297, 0.1402839997276435, 0.1402838646750959, 0.1402838549917863]}, "4": {"maxiter": 100, "gtol": 1e-10, "xrtol": 1e-05, "eps": 1e-05, "duration": 0.04586911201477051, "fun": "0.14028385480351435", "jac": "[ 7.52176099e-08  2.25941488e-07 -7.83151322e-08 -8.29336599e-09\n  1.06747944e-07  3.34809958e-07]", "hess_inv": "[[ 4.51836159  0.58099995  0.11163304 -0.77041881 -0.44807118 -1.25785902]\n [ 0.58099995  7.5610404   5.35806042 -0.93274047 -2.19800267 -1.93922856]\n [ 0.11163304  5.35806042  6.48832651 -1.03635124 -2.10726616 -0.90110348]\n [-0.77041881 -0.93274047 -1.03635124  3.20070207 -1.34190159 -0.22710828]\n [-0.44807118 -2.19800267 -2.10726616 -1.34190159 11.84542265  6.75571587]\n [-1.25785902 -1.93922856 -0.90110348 -0.22710828  6.75571587  7.44805965]]", "nfev": "196", "njev": "28", "status": "0", "success": "True", "message": "Optimization terminated successfully.", "x": "[3.91174208 1.36359778 0.47581885 3.7955348  3.78835659 1.26408408]", "nit": "24", "callback": [0.5419564743262328, 0.5037613586032524, 0.43008417221011175, 0.3077270746038776, 0.2576655368144182, 0.2138259233162454, 0.19302373940208217, 0.17794963533025143, 0.17235331902315254, 0.16610677192101053, 0.15629868104142353, 0.14761265958451952, 0.14365255198916826, 0.14041000783734114, 0.14032336710808457, 0.1402918735484352, 0.1402876257554091, 0.1402869307708452, 0.1402858941336631, 0.14028469518767483, 0.14028400363964688, 0.14028386348527966, 0.1402838548692732, 0.14028385480351435]}, "5": {"maxiter": 100, "gtol": 1e-10, "xrtol": 1e-05, "eps": 1e-10, "duration": 0.046276092529296875, "fun": "0.1402838547641605", "jac": "[-1.11022293e-06  1.11022293e-06  2.22044587e-06  2.22044587e-06\n  0.00000000e+00 -2.22044587e-06]", "hess_inv": "[[ 4.27435107  0.10969173 -0.33345891 -0.79617413 -0.44200284 -1.25460892]\n [ 0.10969173  6.73096222  4.30982936 -0.98854097 -2.88439463 -2.65086749]\n [-0.33345891  4.30982936  5.33760198 -1.01645363 -2.78937186 -1.34576389]\n [-0.79617413 -0.98854097 -1.01645363  3.18548858 -1.1086668  -0.03107865]\n [-0.44200284 -2.88439463 -2.78937186 -1.1086668  11.25992596  6.96639745]\n [-1.25460892 -2.65086749 -1.34576389 -0.03107865  6.96639745  8.32671396]]", "nfev": "203", "njev": "29", "status": "0", "success": "True", "message": "Optimization terminated successfully.", "x": "[3.91174313 1.36361824 0.47583616 3.7955357  3.78837711 1.26409661]", "nit": "25", "callback": [0.5419528685560819, 0.5037502443023514, 0.43006040993137784, 0.30769635350732094, 0.2576137138628951, 0.21381685722701294, 0.193003690203297, 0.17794845224768774, 0.17235188051510986, 0.16610386563175406, 0.15629471490694913, 0.14761192660129696, 0.1436505454061533, 0.14041032882448157, 0.1403234088297277, 0.14029188383927282, 0.14028760033860155, 0.14028690911113217, 0.1402858833271562, 0.1402846778859297, 0.1402839997276435, 0.1402838646750959, 0.1402838549917863, 0.1402838547766987, 0.1402838547641605]}, "6": {"maxiter": 100, "gtol": 1e-10, "xrtol": 1e-10, "eps": 1e-05, "duration": 0.07338404655456543, "fun": "0.14028385480351435", "jac": "[ 7.52176099e-08  2.25941488e-07 -7.83151322e-08 -8.29336599e-09\n  1.06747944e-07  3.34809958e-07]", "hess_inv": "[[ 4.50443959  0.55256912  0.11197639 -0.76531821 -0.47502601 -1.29536289]\n [ 0.55256912  7.51912429  5.36557797 -0.93764684 -2.14089263 -1.91842107]\n [ 0.11197639  5.36557797  6.49119609 -1.04294661 -2.0592463  -0.85905543]\n [-0.76531821 -0.93764684 -1.04294661  3.21337633 -1.4384757  -0.30580869]\n [-0.47502601 -2.14089263 -2.0592463  -1.4384757  12.57240902  7.35973789]\n [-1.29536289 -1.91842107 -0.85905543 -0.30580869  7.35973789  7.9346184 ]]", "nfev": "327", "njev": "45", "status": "2", "success": "False", "message": "Desired error not necessarily achieved due to precision loss.", "x": "[3.91174208 1.36359778 0.47581885 3.7955348  3.78835659 1.26408408]", "nit": "24", "callback": [0.5419564743262328, 0.5037613586032524, 0.43008417221011175, 0.3077270746038776, 0.2576655368144182, 0.2138259233162454, 0.19302373940208217, 0.17794963533025143, 0.17235331902315254, 0.16610677192101053, 0.15629868104142353, 0.14761265958451952, 0.14365255198916826, 0.14041000783734114, 0.14032336710808457, 0.1402918735484352, 0.1402876257554091, 0.1402869307708452, 0.1402858941336631, 0.14028469518767483, 0.14028400363964688, 0.14028386348527966, 0.1402838548692732, 0.14028385480351435]}, "7": {"maxiter": 100, "gtol": 1e-10, "xrtol": 1e-10, "eps": 1e-10, "duration": 0.06280016899108887, "fun": "0.1402838547641605", "jac": "[ 0.00000000e+00  0.00000000e+00  0.00000000e+00  0.00000000e+00\n  2.22044587e-06 -2.22044587e-06]", "hess_inv": "[[ 4.52167979  0.44999961  0.14602315 -1.00117454  0.48047397 -0.94212855]\n [ 0.44999961  4.38587947  2.2015356  -1.38373343 -0.4910246  -0.35834818]\n [ 0.14602315  2.2015356   3.54368258 -1.5251804   0.10498638  1.09260367]\n [-1.00117454 -1.38373343 -1.5251804   3.35085596 -1.82806822 -0.21518551]\n [ 0.48047397 -0.4910246   0.10498638 -1.82806822 14.25139175  7.38765924]\n [-0.94212855 -0.35834818  1.09260367 -0.21518551  7.38765924  7.48839172]]", "nfev": "280", "njev": "40", "status": "0", "success": "True", "message": "Optimization terminated successfully.", "x": "[3.91174313 1.36361824 0.47583616 3.7955357  3.78837711 1.26409661]", "nit": "26", "callback": [0.5419528685560819, 0.5037502443023514, 0.43006040993137784, 0.30769635350732094, 0.2576137138628951, 0.21381685722701294, 0.193003690203297, 0.17794845224768774, 0.17235188051510986, 0.16610386563175406, 0.15629471490694913, 0.14761192660129696, 0.1436505454061533, 0.14041032882448157, 0.1403234088297277, 0.14029188383927282, 0.14028760033860155, 0.14028690911113217, 0.1402858833271562, 0.1402846778859297, 0.1402839997276435, 0.1402838646750959, 0.1402838549917863, 0.1402838547766987, 0.1402838547641605, 0.1402838547641605]}, "8": {"maxiter": 500, "gtol": 1e-05, "xrtol": 1e-05, "eps": 1e-05, "duration": 0.04234790802001953, "fun": "0.1402838548692732", "jac": "[-1.19443344e-06 -3.07078807e-06  4.78387330e-06  3.55881991e-07\n  4.45603554e-06  2.78621570e-07]", "hess_inv": "[[ 4.46936523  0.53608014  0.13597411 -0.80466106 -0.16022688 -1.05758645]\n [ 0.53608014  7.5363463   5.38631097 -0.97881335 -1.82199195 -1.65882214]\n [ 0.13597411  5.38631097  6.47837011 -1.02462359 -2.20991133 -0.96575727]\n [-0.80466106 -0.97881335 -1.02462359  3.1898404  -1.24055169 -0.17332167]\n [-0.16022688 -1.82199195 -2.20991133 -1.24055169 10.91674151  6.23734004]\n [-1.05758645 -1.65882214 -0.96575727 -0.17332167  6.23734004  7.19770318]]", "nfev": "189", "njev": "27", "status": "0", "success": "True", "message": "Optimization terminated successfully.", "x": "[3.91173281 1.36358883 0.47582329 3.79552872 3.78840798 1.26411932]", "nit": "23", "callback": [0.5419564743262328, 0.5037613586032524, 0.43008417221011175, 0.3077270746038776, 0.2576655368144182, 0.2138259233162454, 0.19302373940208217, 0.17794963533025143, 0.17235331902315254, 0.16610677192101053, 0.15629868104142353, 0.14761265958451952, 0.14365255198916826, 0.14041000783734114, 0.14032336710808457, 0.1402918735484352, 0.1402876257554091, 0.1402869307708452, 0.1402858941336631, 0.14028469518767483, 0.14028400363964688, 0.14028386348527966, 0.1402838548692732]}, "9": {"maxiter": 500, "gtol": 1e-05, "xrtol": 1e-05, "eps": 1e-10, "duration": 0.042131900787353516, "fun": "0.1402838549917863", "jac": "[ 5.55111466e-06 -1.11022293e-06  7.77156053e-06  5.55111466e-06\n  2.22044587e-06  5.55111466e-06]", "hess_inv": "[[ 4.50644634  0.57369612  0.13591944 -0.7900185  -0.18486131 -1.03176656]\n [ 0.57369612  7.4981901   5.3576413  -0.94922138 -1.87622359 -1.660646  ]\n [ 0.13591944  5.3576413   6.4470509  -1.03423325 -2.15865349 -0.92630978]\n [-0.7900185  -0.94922138 -1.03423325  3.18169559 -1.20755064 -0.13400257]\n [-0.18486131 -1.87622359 -2.15865349 -1.20755064 10.87657256  6.18442294]\n [-1.03176656 -1.660646   -0.92630978 -0.13400257  6.18442294  7.18429461]]", "nfev": "189", "njev": "27", "status": "0", "success": "True", "message": "Optimization terminated successfully.", "x": "[3.91175178 1.36361826 0.4758517  3.79553953 3.7884137  1.26414365]", "nit": "23", "callback": [0.5419528685560819, 0.5037502443023514, 0.43006040993137784, 0.30769635350732094, 0.2576137138628951, 0.21381685722701294, 0.193003690203297, 0.17794845224768774, 0.17235188051510986, 0.16610386563175406, 0.15629471490694913, 0.14761192660129696, 0.1436505454061533, 0.14041032882448157, 0.1403234088297277, 0.14029188383927282, 0.14028760033860155, 0.14028690911113217, 0.1402858833271562, 0.1402846778859297, 0.1402839997276435, 0.1402838646750959, 0.1402838549917863]}, "10": {"maxiter": 500, "gtol": 1e-05, "xrtol": 1e-10, "eps": 1e-05, "duration": 0.04180407524108887, "fun": "0.1402838548692732", "jac": "[-1.19443344e-06 -3.07078807e-06  4.78387330e-06  3.55881991e-07\n  4.45603554e-06  2.78621570e-07]", "hess_inv": "[[ 4.46936523  0.53608014  0.13597411 -0.80466106 -0.16022688 -1.05758645]\n [ 0.53608014  7.5363463   5.38631097 -0.97881335 -1.82199195 -1.65882214]\n [ 0.13597411  5.38631097  6.47837011 -1.02462359 -2.20991133 -0.96575727]\n [-0.80466106 -0.97881335 -1.02462359  3.1898404  -1.24055169 -0.17332167]\n [-0.16022688 -1.82199195 -2.20991133 -1.24055169 10.91674151  6.23734004]\n [-1.05758645 -1.65882214 -0.96575727 -0.17332167  6.23734004  7.19770318]]", "nfev": "189", "njev": "27", "status": "0", "success": "True", "message": "Optimization terminated successfully.", "x": "[3.91173281 1.36358883 0.47582329 3.79552872 3.78840798 1.26411932]", "nit": "23", "callback": [0.5419564743262328, 0.5037613586032524, 0.43008417221011175, 0.3077270746038776, 0.2576655368144182, 0.2138259233162454, 0.19302373940208217, 0.17794963533025143, 0.17235331902315254, 0.16610677192101053, 0.15629868104142353, 0.14761265958451952, 0.14365255198916826, 0.14041000783734114, 0.14032336710808457, 0.1402918735484352, 0.1402876257554091, 0.1402869307708452, 0.1402858941336631, 0.14028469518767483, 0.14028400363964688, 0.14028386348527966, 0.1402838548692732]}, "11": {"maxiter": 500, "gtol": 1e-05, "xrtol": 1e-10, "eps": 1e-10, "duration": 0.042368173599243164, "fun": "0.1402838549917863", "jac": "[ 5.55111466e-06 -1.11022293e-06  7.77156053e-06  5.55111466e-06\n  2.22044587e-06  5.55111466e-06]", "hess_inv": "[[ 4.50644634  0.57369612  0.13591944 -0.7900185  -0.18486131 -1.03176656]\n [ 0.57369612  7.4981901   5.3576413  -0.94922138 -1.87622359 -1.660646  ]\n [ 0.13591944  5.3576413   6.4470509  -1.03423325 -2.15865349 -0.92630978]\n [-0.7900185  -0.94922138 -1.03423325  3.18169559 -1.20