{"date": "2024/09/25/, 17:12:42", "conf_id": 277, "data_type": "var_s_rank\n", "num_data_points": 2, "s_rank": 0, "unitary": "[[0.18663085-0.53122324j,-0.11886349-0.70040876j,0.28555095-0.02789305j,-0.12262021-0.2844587j],[-0.16702216+0.27758472j,0.27526351-0.29738586j,-0.01109314+0.22495461j,-0.77239203+0.28900673j],[0.61935415+0.12301792j,-0.31269928-0.03315917j,-0.61902762-0.19039079j,-0.27120731-0.0968989j],[0.42341754+0.0023929j,-0.05847358+0.47832119j,0.64900495-0.16218422j,-0.37182676-0.05229966j]]", "databatch_0": {"databatch": "[[[-9.48355605e-02+0.21722333j,-6.05944286e-02-0.33045429j,-1.19475686e-01-0.16201183j,-3.78126371e-01+0.18364701j],[-9.54503934e-02-0.14133631j,-2.57348022e-02-0.02034172j,2.26964815e-01-0.16053366j,9.82782393e-03-0.08625485j],[-2.75929156e-02-0.1506639j,-6.95414242e-06+0.2566585j,3.65400237e-02-0.04989627j,-3.07209898e-01+0.13237132j],[3.37307364e-01-0.02307217j,1.40064013e-01+0.00645438j,2.90846588e-01+0.0902372j,-2.36133775e-01+0.1059048j]],[[3.84702222e-01-0.03315332j,1.03243373e-01-0.28449256j,-6.23588844e-02+0.01445097j,-1.59208804e-01+0.0517206j],[1.33140065e-01-0.07710358j,-2.01714850e-01+0.10751866j,1.10352423e-01-0.24931015j,-1.43206235e-01+0.09010173j],[2.83596938e-01+0.07318398j,-2.98206793e-01+0.28876252j,-1.00711152e-01+0.13887258j,1.99282778e-01+0.02438415j],[-2.48275178e-02+0.19852966j,1.97359815e-01-0.16605341j,1.86614510e-02+0.06614025j,2.48183568e-01+0.21818871j]]]", "initial param values": "[5.73656594,5.838651,5.24874875,2.62881463,1.05876495,0.52921128]", "nelder_mead": {"type": "gradient-free", "0": {"maxiter": 100, "fatol": 1e-05, "xatol": 1e-05, "duration": 0.03814983367919922, "fun": "0.3028851841802148", "nit": "100", "nfev": "157", "status": "2", "success": "False", "message": "Maximum number of iterations has been exceeded.", "x": "[ 4.83673728  4.07515366  6.34979553  2.97068367 -0.84036168  1.1560542 ]", "final_simplex": "(array([[ 4.83673728,  4.07515366,  6.34979553,  2.97068367, -0.84036168,\n         1.1560542 ],\n       [ 4.84681143,  4.09373646,  6.33618713,  2.98802826, -0.85489632,\n         1.15521293],\n       [ 4.84981086,  4.08861508,  6.35921331,  2.95569591, -0.82979556,\n         1.14998582],\n       [ 4.87218737,  4.10768576,  6.33994353,  2.98260668, -0.84218674,\n         1.15003659],\n       [ 4.85272311,  4.09100402,  6.32992765,  2.9535315 , -0.84157841,\n         1.15196962],\n       [ 4.83516309,  4.09529203,  6.34763505,  2.96324603, -0.85837379,\n         1.15852003],\n       [ 4.82150693,  4.10832262,  6.35686147,  2.95958736, -0.82324457,\n         1.15108949]]), array([0.30288518, 0.30295256, 0.30308406, 0.30311191, 0.30313314,\n       0.30314961, 0.3031983 ]))", "callback": [0.9410207771033464, 0.8912682162844991, 0.7289320803316162, 0.5175186573834794, 0.39023106229004545, 0.3262573131931814, 0.3145228702133057, 0.3066018217801708, 0.30386625168322523, 0.303133137715089]}, "1": {"maxiter": 100, "fatol": 1e-05, "xatol": 1e-10, "duration": 0.03710508346557617, "fun": "0.3028851841802148", "nit": "100", "nfev": "157", "status": "2", "success": "False", "message": "Maximum number of iterations has been exceeded.", "x": "[ 4.83673728  4.07515366  6.34979553  2.97068367 -0.84036168  1.1560542 ]", "final_simplex": "(array([[ 4.83673728,  4.07515366,  6.34979553,  2.97068367, -0.84036168,\n         1.1560542 ],\n       [ 4.84681143,  4.09373646,  6.33618713,  2.98802826, -0.85489632,\n         1.15521293],\n       [ 4.84981086,  4.08861508,  6.35921331,  2.95569591, -0.82979556,\n         1.14998582],\n       [ 4.87218737,  4.10768576,  6.33994353,  2.98260668, -0.84218674,\n         1.15003659],\n       [ 4.85272311,  4.09100402,  6.32992765,  2.9535315 , -0.84157841,\n         1.15196962],\n       [ 4.83516309,  4.09529203,  6.34763505,  2.96324603, -0.85837379,\n         1.15852003],\n       [ 4.82150693,  4.10832262,  6.35686147,  2.95958736, -0.82324457,\n         1.15108949]]), array([0.30288518, 0.30295256, 0.30308406, 0.30311191, 0.30313314,\n       0.30314961, 0.3031983 ]))", "callback": [0.9410207771033464, 0.8912682162844991, 0.7289320803316162, 0.5175186573834794, 0.39023106229004545, 0.3262573131931814, 0.3145228702133057, 0.3066018217801708, 0.30386625168322523, 0.303133137715089]}, "2": {"maxiter": 100, "fatol": 1e-10, "xatol": 1e-05, "duration": 0.036875009536743164, "fun": "0.3028851841802148", "nit": "100", "nfev": "157", "status": "2", "success": "False", "message": "Maximum number of iterations has been exceeded.", "x": "[ 4.83673728  4.07515366  6.34979553  2.97068367 -0.84036168  1.1560542 ]", "final_simplex": "(array([[ 4.83673728,  4.07515366,  6.34979553,  2.97068367, -0.84036168,\n         1.1560542 ],\n       [ 4.84681143,  4.09373646,  6.33618713,  2.98802826, -0.85489632,\n         1.15521293],\n       [ 4.84981086,  4.08861508,  6.35921331,  2.95569591, -0.82979556,\n         1.14998582],\n       [ 4.87218737,  4.10768576,  6.33994353,  2.98260668, -0.84218674,\n         1.15003659],\n       [ 4.85272311,  4.09100402,  6.32992765,  2.9535315 , -0.84157841,\n         1.15196962],\n       [ 4.83516309,  4.09529203,  6.34763505,  2.96324603, -0.85837379,\n         1.15852003],\n       [ 4.82150693,  4.10832262,  6.35686147,  2.95958736, -0.82324457,\n         1.15108949]]), array([0.30288518, 0.30295256, 0.30308406, 0.30311191, 0.30313314,\n       0.30314961, 0.3031983 ]))", "callback": [0.9410207771033464, 0.8912682162844991, 0.7289320803316162, 0.5175186573834794, 0.39023106229004545, 0.3262573131931814, 0.3145228702133057, 0.3066018217801708, 0.30386625168322523, 0.303133137715089]}, "3": {"maxiter": 100, "fatol": 1e-10, "xatol": 1e-10, "duration": 0.03669595718383789, "fun": "0.3028851841802148", "nit": "100", "nfev": "157", "status": "2", "success": "False", "message": "Maximum number of iterations has been exceeded.", "x": "[ 4.83673728  4.07515366  6.34979553  2.97068367 -0.84036168  1.1560542 ]", "final_simplex": "(array([[ 4.83673728,  4.07515366,  6.34979553,  2.97068367, -0.84036168,\n         1.1560542 ],\n       [ 4.84681143,  4.09373646,  6.33618713,  2.98802826, -0.85489632,\n         1.15521293],\n       [ 4.84981086,  4.08861508,  6.35921331,  2.95569591, -0.82979556,\n         1.14998582],\n       [ 4.87218737,  4.10768576,  6.33994353,  2.98260668, -0.84218674,\n         1.15003659],\n       [ 4.85272311,  4.09100402,  6.32992765,  2.9535315 , -0.84157841,\n         1.15196962],\n       [ 4.83516309,  4.09529203,  6.34763505,  2.96324603, -0.85837379,\n         1.15852003],\n       [ 4.82150693,  4.10832262,  6.35686147,  2.95958736, -0.82324457,\n         1.15108949]]), array([0.30288518, 0.30295256, 0.30308406, 0.30311191, 0.30313314,\n       0.30314961, 0.3031983 ]))", "callback": [0.9410207771033464, 0.8912682162844991, 0.7289320803316162, 0.5175186573834794, 0.39023106229004545, 0.3262573131931814, 0.3145228702133057, 0.3066018217801708, 0.30386625168322523, 0.303133137715089]}, "4": {"maxiter": 500, "fatol": 1e-05, "xatol": 1e-05, "duration": 0.16620707511901855, "fun": "0.28608056402404713", "nit": "466", "nfev": "718", "status": "0", "success": "True", "message": "Optimization terminated successfully.", "x": "[4.90327297 3.99456403 6.39423215 2.80490773 0.47804776 2.49466052]", "final_simplex": "(array([[4.90327297, 3.99456403, 6.39423215, 2.80490773, 0.47804776,\n        2.49466052],\n       [4.90327087, 3.99456696, 6.39423089, 2.80490911, 0.47804493,\n        2.49465706],\n       [4.90327081, 3.99456791, 6.39423229, 2.80490563, 0.47804301,\n        2.49465497],\n       [4.90327136, 3.99456495, 6.39423324, 2.80490752, 0.47805521,\n        2.49466596],\n       [4.90327273, 3.9945623 , 6.39423259, 2.80490639, 0.47805451,\n        2.49466574],\n       [4.90326834, 3.99456384, 6.39423167, 2.8049069 , 0.47805055,\n        2.49466297],\n       [4.90327262, 3.99456236, 6.39423563, 2.80490774, 0.47805017,\n        2.49466238]]), array([0.28608056, 0.28608056, 0.28608056, 0.28608056, 0.28608056,\n       0.28608056, 0.28608056]))", "callback": [0.9410207771033464, 0.8912682162844991, 0.7289320803316162, 0.5175186573834794, 0.39023106229004545, 0.3262573131931814, 0.3145228702133057, 0.3066018217801708, 0.30386625168322523, 0.303133137715089, 0.3028851841802148, 0.30274150382799525, 0.30271357208041394, 0.30271357208041394, 0.30271291770313047, 0.3026935205094997, 0.3026720579633724, 0.30263186066619796, 0.30252362993565074, 0.3023917382969591, 0.30178430359976327, 0.3014971339313699, 0.3009533898672053, 0.2987185236577574, 0.2968297130020031, 0.2941028057925996, 0.28930742712566504, 0.2868726753860362, 0.2864676497516341, 0.286236431470523, 0.2861559904210521, 0.286118631705204, 0.2861031741433375, 0.28609077194104926, 0.2860840772879276, 0.28608182045865715, 0.2860811196128977, 0.2860806523198849, 0.2860805985119974, 0.28608057278322496, 0.28608057022499855, 0.28608056585075414, 0.28608056440794005, 0.28608056418385575, 0.28608056405667603, 0.2860805640319046, 0.28608056402545157]}, "5": {"maxiter": 500, "fatol": 1e-05, "xatol": 1e-10, "duration": 0.17572402954101562, "fun": "0.2860805640230806", "nit": "500", "nfev": "775", "status": "2", "success": "False", "message": "Maximum number of iterations has been exceeded.", "x": "[4.90327185 3.9945656  6.39423203 2.80490708 0.47804479 2.49465694]", "final_simplex": "(array([[4.90327185, 3.9945656 , 6.39423203, 2.80490708, 0.47804479,\n        2.49465694],\n       [4.90327181, 3.99456567, 6.39423218, 2.80490689, 0.47804455,\n        2.49465681],\n       [4.90327194, 3.994566  , 6.39423196, 2.80490686, 0.47804364,\n        2.49465589],\n       [4.90327162, 3.99456578, 6.39423202, 2.80490698, 0.47804399,\n        2.49465639],\n       [4.90327164, 3.99456571, 6.39423186, 2.80490676, 0.47804438,\n        2.49465665],\n       [4.90327207, 3.99456541, 6.39423212, 2.80490696, 0.4780438 ,\n        2.49465627],\n       [4.90327194, 3.99456568, 6.39423187, 2.80490724, 0.47804488,\n        2.4946571 ]]), array([0.28608056, 0.28608056, 0.28608056, 0.28608056, 0.28608056,\n       0.28608056, 0.28608056]))", "callback": [0.9410207771033464, 0.8912682162844991, 0.7289320803316162, 0.5175186573834794, 0.39023106229004545, 0.3262573131931814, 0.3145228702133057, 0.3066018217801708, 0.30386625168322523, 0.303133137715089, 0.3028851841802148, 0.30274150382799525, 0.30271357208041394, 0.30271357208041394, 0.30271291770313047, 0.3026935205094997, 0.3026720579633724, 0.30263186066619796, 0.30252362993565074, 0.3023917382969591, 0.30178430359976327, 0.3014971339313699, 0.3009533898672053, 0.2987185236577574, 0.2968297130020031, 0.2941028057925996, 0.28930742712566504, 0.2868726753860362, 0.2864676497516341, 0.286236431470523, 0.2861559904210521, 0.286118631705204, 0.2861031741433375, 0.28609077194104926, 0.2860840772879276, 0.28608182045865715, 0.2860811196128977, 0.2860806523198849, 0.2860805985119974, 0.28608057278322496, 0.28608057022499855, 0.28608056585075414, 0.28608056440794005, 0.28608056418385575, 0.28608056405667603, 0.2860805640319046, 0.28608056402545157, 0.2860805640233647, 0.2860805640232249, 0.2860805640231321]}, "6": {"maxiter": 500, "fatol": 1e-10, "xatol": 1e-05, "duration": 0.17096376419067383, "fun": "0.28608056402404713", "nit": "466", "nfev": "718", "status": "0", "success": "True", "message": "Optimization terminated successfully.", "x": "[4.90327297 3.99456403 6.39423215 2.80490773 0.47804776 2.49466052]", "final_simplex": "(array([[4.90327297, 3.99456403, 6.39423215, 2.80490773, 0.47804776,\n        2.49466052],\n       [4.90327087, 3.99456696, 6.39423089, 2.80490911, 0.47804493,\n        2.49465706],\n       [4.90327081, 3.99456791, 6.39423229, 2.80490563, 0.47804301,\n        2.49465497],\n       [4.90327136, 3.99456495, 6.39423324, 2.80490752, 0.47805521,\n        2.49466596],\n       [4.90327273, 3.9945623 , 6.39423259, 2.80490639, 0.47805451,\n        2.49466574],\n       [4.90326834, 3.99456384, 6.39423167, 2.8049069 , 0.47805055,\n        2.49466297],\n       [4.90327262, 3.99456236, 6.39423563, 2.80490774, 0.47805017,\n        2.49466238]]), array([0.28608056, 0.28608056, 0.28608056, 0.28608056, 0.28608056,\n       0.28608056, 0.28608056]))", "callback": [0.9410207771033464, 0.8912682162844991, 0.7289320803316162, 0.5175186573834794, 0.39023106229004545, 0.3262573131931814, 0.3145228702133057, 0.3066018217801708, 0.30386625168322523, 0.303133137715089, 0.3028851841802148, 0.30274150382799525, 0.30271357208041394, 0.30271357208041394, 0.30271291770313047, 0.3026935205094997, 0.3026720579633724, 0.30263186066619796, 0.30252362993565074, 0.3023917382969591, 0.30178430359976327, 0.3014971339313699, 0.3009533898672053, 0.2987185236577574, 0.2968297130020031, 0.2941028057925996, 0.28930742712566504, 0.2868726753860362, 0.2864676497516341, 0.286236431470523, 0.2861559904210521, 0.286118631705204, 0.2861031741433375, 0.28609077194104926, 0.2860840772879276, 0.28608182045865715, 0.2860811196128977, 0.2860806523198849, 0.2860805985119974, 0.28608057278322496, 0.28608057022499855, 0.28608056585075414, 0.28608056440794005, 0.28608056418385575, 0.28608056405667603, 0.2860805640319046, 0.28608056402545157]}, "7": {"maxiter": 500, "fatol": 1e-10, "xatol": 1e-10, "duration": 0.17738103866577148, "fun": "0.2860805640230806", "nit": "500", "nfev": "775", "status": "2", "success": "False", "message": "Maximum number of iterations has been exceeded.", "x": "[4.90327185 3.9945656  6.39423203 2.80490708 0.47804479 2.49465694]", "final_simplex": "(array([[4.90327185, 3.9945656 , 6.39423203, 2.80490708, 0.47804479,\n        2.49465694],\n       [4.90327181, 3.99456567, 6.39423218, 2.80490689, 0.47804455,\n        2.49465681],\n       [4.90327194, 3.994566  , 6.39423196, 2.80490686, 0.47804364,\n        2.49465589],\n       [4.90327162, 3.99456578, 6.39423202, 2.80490698, 0.47804399,\n        2.49465639],\n       [4.90327164, 3.99456571, 6.39423186, 2.80490676, 0.47804438,\n        2.49465665],\n       [4.90327207, 3.99456541, 6.39423212, 2.80490696, 0.4780438 ,\n        2.49465627],\n       [4.90327194, 3.99456568, 6.39423187, 2.80490724, 0.47804488,\n        2.4946571 ]]), array([0.28608056, 0.28608056, 0.28608056, 0.28608056, 0.28608056,\n       0.28608056, 0.28608056]))", "callback": [0.9410207771033464, 0.8912682162844991, 0.7289320803316162, 0.5175186573834794, 0.39023106229004545, 0.3262573131931814, 0.3145228702133057, 0.3066018217801708, 0.30386625168322523, 0.303133137715089, 0.3028851841802148, 0.30274150382799525, 0.30271357208041394, 0.30271357208041394, 0.30271291770313047, 0.3026935205094997, 0.3026720579633724, 0.30263186066619796, 0.30252362993565074, 0.3023917382969591, 0.30178430359976327, 0.3014971339313699, 0.3009533898672053, 0.2987185236577574, 0.2968297130020031, 0.2941028057925996, 0.28930742712566504, 0.2868726753860362, 0.2864676497516341, 0.286236431470523, 0.2861559904210521, 0.286118631705204, 0.2861031741433375, 0.28609077194104926, 0.2860840772879276, 0.28608182045865715, 0.2860811196128977, 0.2860806523198849, 0.2860805985119974, 0.28608057278322496, 0.28608057022499855, 0.28608056585075414, 0.28608056440794005, 0.28608056418385575, 0.28608056405667603, 0.2860805640319046, 0.28608056402545157, 0.2860805640233647, 0.2860805640232249, 0.2860805640231321]}, "8": {"maxiter": 1000, "fatol": 1e-05, "xatol": 1e-05, "duration": 0.16236400604248047, "fun": "0.28608056402404713", "nit": "466", "nfev": "718", "status": "0", "success": "True", "message": "Optimization terminated successfully.", "x": "[4.90327297 3.99456403 6.39423215 2.80490773 0.47804776 2.49466052]", "final_simplex": "(array([[4.90327297, 3.99456403, 6.39423215, 2.80490773, 0.47804776,\n        2.49466052],\n       [4.90327087, 3.99456696, 6.39423089, 2.80490911, 0.47804493,\n        2.49465706],\n       [4.90327081, 3.99456791, 6.39423229, 2.80490563, 0.47804301,\n        2.49465497],\n       [4.90327136, 3.99456495, 6.39423324, 2.80490752, 0.47805521,\n        2.49466596],\n       [4.90327273, 3.9945623 , 6.39423259, 2.80490639, 0.47805451,\n        2.49466574],\n       [4.90326834, 3.99456384, 6.39423167, 2.8049069 , 0.47805055,\n        2.49466297],\n       [4.90327262, 3.99456236, 6.39423563, 2.80490774, 0.47805017,\n        2.49466238]]), array([0.28608056, 0.28608056, 0.28608056, 0.28608056, 0.28608056,\n       0.28608056, 0.28608056]))", "callback": [0.9410207771033464, 0.8912682162844991, 0.7289320803316162, 0.5175186573834794, 0.39023106229004545, 0.3262573131931814, 0.3145228702133057, 0.3066018217801708, 0.30386625168322523, 0.303133137715089, 0.3028851841802148, 0.30274150382799525, 0.30271357208041394, 0.30271357208041394, 0.30271291770313047, 0.3026935205094997, 0.3026720579633724, 0.30263186066619796, 0.30252362993565074, 0.3023917382969591, 0.30178430359976327, 0.3014971339313699, 0.3009533898672053, 0.2987185236577574, 0.2968297130020031, 0.2941028057925996, 0.28930742712566504, 0.2868726753860362, 0.2864676497516341, 0.286236431470523, 0.2861559904210521, 0.286118631705204, 0.2861031741433375, 0.28609077194104926, 0.2860840772879276, 0.28608182045865715, 0.2860811196128977, 0.2860806523198849, 0.2860805985119974, 0.28608057278322496, 0.28608057022499855, 0.28608056585075414, 0.28608056440794005, 0.28608056418385575, 0.28608056405667603, 0.2860805640319046, 0.28608056402545157]}, "9": {"maxiter": 1000, "fatol": 1e-05, "xatol": 1e-10, "duration": 0.24554991722106934, "fun": "0.2860805640229488", "nit": "617", "nfev": "1006", "status": "0", "success": "True", "message": "Optimization terminated successfully.", "x": "[4.90327158 3.99456562 6.39423196 2.80490715 0.47804288 2.49465449]", "final_simplex": "(array([[4.90327158, 3.99456562, 6.39423196, 2.80490715, 0.47804288,\n        2.49465449],\n       [4.90327158, 3.99456562, 6.39423196, 2.80490715, 0.47804288,\n        2.49465449],\n       [4.90327158, 3.99456562, 6.39423196, 2.80490715, 0.47804288,\n        2.49465449],\n       [4.90327158, 3.99456562, 6.39423196, 2.80490715, 0.47804288,\n        2.49465449],\n       [4.90327158, 3.99456562, 6.39423196, 2.80490715, 0.47804288,\n        2.49465449],\n       [4.90327158, 3.99456562, 6.39423196, 2.80490715, 0.47804288,\n        2.49465449],\n       [4.90327158, 3.99456562, 6.39423196, 2.80490715, 0.47804288,\n        2.49465449]]), array([0.28608056, 0.28608056, 0.28608056, 0.28608056, 0.28608056,\n       0.28608056, 0.28608056]))", "callback": [0.9410207771033464, 0.8912682162844991, 0.7289320803316162, 0.5175186573834794, 0.39023106229004545, 0.3262573131931814, 0.3145228702133057, 0.3066018217801708, 0.30386625168322523, 0.303133137715089, 0.3028851841802148, 0.30274150382799525, 0.30271357208041394, 0.30271357208041394, 0.30271291770313047, 0.3026935205094997, 0.3026720579633724, 0.30263186066619796, 0.30252362993565074, 0.3023917382969591, 0.30178430359976327, 0.3014971339313699, 0.3009533898672053, 0.2987185236577574, 0.2968297130020031, 0.2941028057925996, 0.28930742712566504, 0.2868726753860362, 0.2864676497516341, 0.286236431470523, 0.2861559904210521, 0.286118631705204, 0.2861031741433375, 0.28609077194104926, 0.2860840772879276, 0.28608182045865715, 0.2860811196128977, 0.2860806523198849, 0.2860805985119974, 0.28608057278322496, 0.28608057022499855, 0.28608056585075414, 0.28608056440794005, 0.28608056418385575, 0.28608056405667603, 0.2860805640319046, 0.28608056402545157, 0.2860805640233647, 0.2860805640232249, 0.2860805640231321, 0.2860805640230806, 0.2860805640230695, 0.2860805640230516, 0.28608056402299986, 0.2860805640229628, 0.28608056402295734, 0.2860805640229518, 0.28608056402294957, 0.2860805640229491, 0.2860805640229489, 0.2860805640229489, 0.2860805640229488]}, "10": {"maxiter": 1000, "fatol": 1e-10, "xatol": 1e-05, "duration": 0.16903400421142578, "fun": "0.28608056402404713", "nit": "466", "nfev": "718", "status": "0", "success": "True", "message": "Optimization terminated successfully.", "x": "[4.90327297 3.99456403 6.39423215 2.80490773 0.47804776 2.49466052]", "final_simplex": "(array([[4.90327297, 3.99456403, 6.39423215, 2.80490773, 0.47804776,\n        2.49466052],\n       [4.90327087, 3.99456696, 6.39423089, 2.80490911, 0.47804493,\n        2.49465706],\n       [4.90327081, 3.99456791, 6.39423229, 2.80490563, 0.47804301,\n        2.49465497],\n       [4.90327136, 3.99456495, 6.39423324, 2.80490752, 0.47805521,\n        2.49466596],\n       [4.90327273, 3.9945623 , 6.39423259, 2.80490639, 0.47805451,\n        2.49466574],\n       [4.90326834, 3.99456384, 6.39423167, 2.8049069 , 0.47805055,\n        2.49466297],\n       [4.90327262, 3.99456236, 6.39423563, 2.80490774, 0.47805017,\n        2.49466238]]), array([0.28608056, 0.28608056, 0.28608056, 0.28608056, 0.28608056,\n       0.28608056, 0.28608056]))", "callback": [0.9410207771033464, 0.8912682162844991, 0.7289320803316162, 0.5175186573834794, 0.39023106229004545, 0.3262573131931814, 0.3145228702133057, 0.3066018217801708, 0.30386625168322523, 0.303133137715089, 0.3028851841802148, 0.30274150382799525, 0.30271357208041394, 0.30271357208041394, 0.30271291770313047, 0.3026935205094997, 0.3026720579633724, 0.30263186066619796, 0.30252362993565074, 0.3023917382969591, 0.30178430359976327, 0.3014971339313699, 0.3009533898672053, 0.2987185236577574, 0.2968297130020031, 0.2941028057925996, 0.28930742712566504, 0.2868726753860362, 0.2864676497516341, 0.286236431470523, 0.2861559904210521, 0.286118631705204, 0.2861031741433375, 0.28609077194104926, 0.2860840772879276, 0.28608182045865715, 0.2860811196128977, 0.2860806523198849, 0.2860805985119974, 0.28608057278322496, 0.28608057022499855, 0.28608056585075414, 0.28608056440794005, 0.28608056418385575, 0.28608056405667603, 0.2860805640319046, 0.28608056402545157]}, "11": {"maxiter": 1000, "fatol": 1e-10, "xatol": 1e-10, "duration": 0.2341477870941162, "fun": "0.2860805640229488", "nit": "617", "nfev": "1006", "status": "0", "success": "True", "message": "Optimization terminated successfully.", "x": "[4.90327158 3.99456562 6.39423196 2.80490715 0.47804288 2.49465449]", "final_simplex": "(array([[4.90327158, 3.99456562, 6.39423196, 2.80490715, 0.47804288,\n        2.49465449],\n       [4.90327158, 3.99456562, 6.39423196, 2.80490715, 0.47804288,\n        2.49465449],\n       [4.90327158, 3.99456562, 6.39423196, 2.80490715, 0.47804288,\n        2.49465449],\n       [4.90327158, 3.99456562, 6.39423196, 2.80490715, 0.47804288,\n        2.49465449],\n       [4.90327158, 3.99456562, 6.39423196, 2.80490715, 0.47804288,\n        2.49465449],\n       [4.90327158, 3.99456562, 6.39423196, 2.80490715, 0.47804288,\n        2.49465449],\n       [4.90327158, 3.99456562, 6.39423196, 2.80490715, 0.47804288,\n        2.49465449]]), array([0.28608056, 0.28608056, 0.28608056, 0.28608056, 0.28608056,\n       0.28608056, 0.28608056]))", "callback": [0.9410207771033464, 0.8912682162844991, 0.7289320803316162, 0.5175186573834794, 0.39023106229004545, 0.3262573131931814, 0.3145228702133057, 0.3066018217801708, 0.30386625168322523, 0.303133137715089, 0.3028851841802148, 0.30274150382799525, 0.30271357208041394, 0.30271357208041394, 0.30271291770313047, 0.3026935205094997, 0.3026720579633724, 0.30263186066619796, 0.30252362993565074, 0.3023917382969591, 0.30178430359976327, 0.3014971339313699, 0.3009533898672053, 0.2987185236577574, 0.2968297130020031, 0.2941028057925996, 0.28930742712566504, 0.2868726753860362, 0.2864676497516341, 0.286236431470523, 0.2861559904210521, 0.286118631705204, 0.2861031741433375, 0.28609077194104926, 0.2860840772879276, 0.28608182045865715, 0.2860811196128977, 0.2860806523198849, 0.2860805985119974, 0.28608057278322496, 0.28608057022499855, 0.28608056585075414, 0.28608056440794005, 0.28608056418385575, 0.28608056405667603, 0.2860805640319046, 0.28608056402545157, 0.2860805640233647, 0.2860805640232249, 0.2860805640231321, 0.2860805640230806, 0.2860805640230695, 0.2860805640230516, 0.28608056402299986, 0.2860805640229628, 0.28608056402295734, 0.2860805640229518, 0.28608056402294957, 0.2860805640229491, 0.2860805640229489, 0.2860805640229489, 0.2860805640229488]}}, "bfgs": {"type": "gradient", "0": {"maxiter": 100, "gtol": 1e-05, "xrtol": 1e-05, "eps": 1e-05, "duration": 0.04627394676208496, "fun": "0.28608056431510553", "jac": "[-1.57293067e-06  9.87565585e-07 -1.34624534e-06 -4.62963001e-09\n -7.57838237e-08 -1.76447745e-07]", "hess_inv": "[[ 2.93499122 -0.07208963 -0.11608954 -0.38727945  0.47867187  0.72681005]\n [-0.07208963  3.53373177 -0.73848658  0.24274467 -4.1871972  -4.5825268 ]\n [-0.11608954 -0.73848658  3.04670245 -0.1950015   1.83233888  1.67051724]\n [-0.38727945  0.24274467 -0.1950015   2.87385806 -1.29149247 -1.32997287]\n [ 0.47867187 -4.1871972   1.83233888 -1.29149247 32.2454921  31.10859252]\n [ 0.72681005 -4.5825268   1.67051724 -1.32997287 31.10859252 32.80526453]]", "nfev": "196", "njev": "28", "status": "0", "success": "True", "message": "Optimization terminated successfully.", "x": "[4.90325969 3.994584   6.39421511 2.80490743 0.47790829 2.49451739]", "nit": "23", "callback": [0.6177027902721812, 0.6033560813971953, 0.5762242636868311, 0.5285154085511031, 0.4600848115312083, 0.40999620485052213, 0.36375844886304953, 0.3030363777587495, 0.2922190436578789, 0.2909652934016642, 0.2907935099665493, 0.2905094062240172, 0.290090687784748, 0.289617508282041, 0.2888404392374878, 0.2876577714670341, 0.2865603866747767, 0.286156803744138, 0.2860886284394486, 0.28608331347020355, 0.2860806858103878, 0.28608056885075084, 0.28608056431510553]}, "1": {"maxiter": 100, "gtol": 1e-05, "xrtol": 1e-05, "eps": 1e-10, "duration": 0.04700493812561035, "fun": "0.2860805640442631", "jac": "[-3.33066880e-06 -1.11022293e-06 -1.11022293e-06 -1.11022293e-06\n -1.11022293e-06 -1.11022293e-06]", "hess_inv": "[[ 2.95547684 -0.05605594 -0.10828194 -0.37266847  0.5264269   0.77076523]\n [-0.05605594  3.54482647 -0.7300752   0.25398682 -4.14024404 -4.53983234]\n [-0.10828194 -0.7300752   3.0458924  -0.1847832   1.81261773  1.65048304]\n [-0.37266847  0.25398682 -0.1847832   2.87977014 -1.19367478 -1.23754353]\n [ 0.5264269  -4.14024404  1.81261773 -1.19367478 31.77450313 30.63985514]\n [ 0.77076523 -4.53983234  1.65048304 -1.23754353 30.63985514 32.34027522]]", "nfev": "196", "njev": "28", "status": "0", "success": "True", "message": "Optimization terminated successfully.", "x": "[4.90326378 3.99456169 6.39422605 2.80490759 0.47804496 2.49465822]", "nit": "23", "callback": [0.6177031336133936, 0.6033564892328701, 0.5762246040671661, 0.5285155071918367, 0.46008463915137354, 0.4099954198577819, 0.36375767694582317, 0.30303532159905333, 0.2922193978881962, 0.29096491200391883, 0.2907931190381604, 0.29050896529375714, 0.29009033260369876, 0.2896174038332797, 0.2888412153448827, 0.28766019207836724, 0.2865622349694179, 0.28615739864816514, 0.28608865505001757, 0.2860833263339415, 0.2860806873855912, 0.28608056775112833, 0.2860805640442631]}, "2": {"maxiter": 100, "gtol": 1e-05, "xrtol": 1e-10, "eps": 1e-05, "duration": 0.046195030212402344, "fun": "0.28608056431510553", "jac": "[-1.57293067e-06  9.87565585e-07 -1.34624534e-06 -4.62963001e-09\n -7.57838237e-08 -1.76447745e-07]", "hess_inv": "[[ 2.93499122 -0.07208963 -0.11608954 -0.38727945  0.47867187  0.72681005]\n [-0.07208963  3.53373177 -0.73848658  0.24274467 -4.1871972  -4.5825268 ]\n [-0.11608954 -0.73848658  3.04670245 -0.1950015   1.83233888  1.67051724]\n [-0.38727945  0.24274467 -0.1950015   2.87385806 -1.29149247 -1.32997287]\n [ 0.47867187 -4.1871972   1.83233888 -1.29149247 32.2454921  31.10859252]\n [ 0.72681005 -4.5825268   1.67051724 -1.32997287 31.10859252 32.80526453]]", "nfev": "196", "njev": "28", "status": "0", "success": "True", "message": "Optimization terminated successfully.", "x": "[4.90325969 3.994584   6.39421511 2.80490743 0.47790829 2.49451739]", "nit": "23", "callback": [0.6177027902721812, 0.6033560813971953, 0.5762242636868311, 0.5285154085511031, 0.4600848115312083, 0.40999620485052213, 0.36375844886304953, 0.3030363777587495, 0.2922190436578789, 0.2909652934016642, 0.2907935099665493, 0.2905094062240172, 0.290090687784748, 0.289617508282041, 0.2888404392374878, 0.2876577714670341, 0.2865603866747767, 0.286156803744138, 0.2860886284394486, 0.28608331347020355, 0.2860806858103878, 0.28608056885075084, 0.28608056431510553]}, "3": {"maxiter": 100, "gtol": 1e-05, "xrtol": 1e-10, "eps": 1e-10, "duration": 0.04590106010437012, "fun": "0.2860805640442631", "jac": "[-3.33066880e-06 -1.11022293e-06 -1.11022293e-06 -1.11022293e-06\n -1.11022293e-06 -1.11022293e-06]", "hess_inv": "[[ 2.95547684 -0.05605594 -0.10828194 -0.37266847  0.5264269   0.77076523]\n [-0.05605594  3.54482647 -0.7300752   0.25398682 -4.14024404 -4.53983234]\n [-0.10828194 -0.7300752   3.0458924  -0.1847832   1.81261773  1.65048304]\n [-0.37266847  0.25398682 -0.1847832   2.87977014 -1.19367478 -1.23754353]\n [ 0.5264269  -4.14024404  1.81261773 -1.19367478 31.77450313 30.63985514]\n [ 0.77076523 -4.53983234  1.65048304 -1.23754353 30.63985514 32.34027522]]", "nfev": "196", "njev": "28", "status": "0", "success": "True", "message": "Optimization terminated successfully.", "x": "[4.90326378 3.99456169 6.39422605 2.80490759 0.47804496 2.49465822]", "nit": "23", "callback": [0.6177031336133936, 0.6033564892328701, 0.5762246040671661, 0.5285155071918367, 0.46008463915137354, 0.4099954198577819, 0.36375767694582317, 0.30303532159905333, 0.2922193978881962, 0.29096491200391883, 0.2907931190381604, 0.29050896529375714, 0.29009033260369876, 0.2896174038332797, 0.2888412153448827, 0.28766019207836724, 0.2865622349694179, 0.28615739864816514, 0.28608865505001757, 0.2860833263339415, 0.2860806873855912, 0.28608056775112833, 0.2860805640442631]}, "4": {"maxiter": 100, "gtol": 1e-10, "xrtol": 1e-05, "eps": 1e-05, "duration": 0.0485539436340332, "fun": "0.286080564238971", "jac": "[-1.00297548e-07 -3.05311332e-09 -6.11843909e-08 -1.04494191e-07\n  1.77635684e-10 -2.59570143e-08]", "hess_inv": "[[ 2.93458674 -0.14526607 -0.07894429 -0.45421495  0.66160341  0.91876472]\n [-0.14526607  3.65549246 -0.83430411  0.29468448 -4.50684995 -4.91829242]\n [-0.07894429 -0.83430411  3.11269123 -0.25232519  2.07965874  1.93021267]\n [-0.45421495  0.29468448 -0.25232519  2.86726529 -1.43523219 -1.48111747]\n [ 0.66160341 -4.50684995  2.07965874 -1.43523219 33.08276498 31.98802922]\n [ 0.91876472 -4.91829242  1.93021267 -1.48111747 31.98802922 33.72898748]]", "nfev": "203", "njev": "29", "status": "0", "success": "True", "message": "Optimization terminated successfully.", "x": "[4.90326455 3.99457783 6.3942205  2.80490573 0.47792472 2.49453465]", "nit": "24", "callback": [0.6177027902721812, 0.6033560813971953, 0.5762242636868311, 0.5285154085511031, 0.4600848115312083, 0.40999620485052213, 0.36375844886304953, 0.3030363777587495, 0.2922190436578789, 0.2909652934016642, 0.2907935099665493, 0.2905094062240172, 0.290090687784748, 0.289617508282041, 0.2888404392374878, 0.2876577714670341, 0.2865603866747767, 0.286156803744138, 0.2860886284394486, 0.28608331347020355, 0.2860806858103878, 0.28608056885075084, 0.28608056431510553, 0.286080564238971]}, "5": {"maxiter": 100, "gtol": 1e-10, "xrtol": 1e-05, "eps": 1e-10, "duration": 0.05267214775085449, "fun": "0.2860805640436006", "jac": "[-2.22044587e-06 -1.11022293e-06 -3.33066880e-06 -2.22044587e-06\n -1.11022293e-06  1.11022293e-06]", "hess_inv": "[[ 2.93420628 -0.21917854 -0.0374094  -0.524755    0.78506168  1.05132076]\n [-0.21917854  3.71558683 -0.85352783  0.32767728 -5.3273537  -5.74839844]\n [-0.0374094  -0.85352783  3.12263916 -0.25976561  2.43824278  2.2919986 ]\n [-0.524755    0.32767728 -0.25976561  2.87388747 -2.10976196 -2.16223321]\n [ 0.78506168 -5.3273537   2.43824278 -2.10976196 35.70024539 34.72179935]\n [ 1.05132076 -5.74839844  2.2919986  -2.16223321 34.72179935 36.58110597]]", "nfev": "224", "njev": "32", "status": "0", "success": "True", "message": "Optimization terminated successfully.", "x": "[4.90326654 3.9945593  6.3942279  2.80490677 0.47806392 2.49467747]", "nit": "24", "callback": [0.6177031336133936, 0.6033564892328701, 0.5762246040671661, 0.5285155071918367, 0.46008463915137354, 0.4099954198577819, 0.36375767694582317, 0.30303532159905333, 0.2922193978881962, 0.29096491200391883, 0.2907931190381604, 0.29050896529375714, 0.29009033260369876, 0.2896174038332797, 0.2888412153448827, 0.28766019207836724, 0.2865622349694179, 0.28615739864816514, 0.28608865505001757, 0.2860833263339415, 0.2860806873855912, 0.28608056775112833, 0.2860805640442631, 0.2860805640436006]}, "6": {"maxiter": 100, "gtol": 1e-10, "xrtol": 1e-10, "eps": 1e-05, "duration": 0.05087113380432129, "fun": "0.28608056423441286", "jac": "[ 5.55111512e-11  0.00000000e+00 -2.22044605e-11  1.11022302e-11\n  1.11022302e-11  0.00000000e+00]", "hess_inv": "[[ 2.97049016 -0.1747205  -0.05015126 -0.45892743  0.69863933  0.95058679]\n [-0.1747205   3.65685192 -0.84678854  0.26067317 -4.53259238 -4.93985045]\n [-0.05015126 -0.84678854  3.13341458 -0.21918135  2.18676055  2.04452314]\n [-0.45892743  0.26067317 -0.21918135  2.91104238 -0.95780329 -0.93281015]\n [ 0.69863933 -4.53259238  2.18676055 -0.95780329 35.18398671 34.37987498]\n [ 0.95058679 -4.93985045  2.04452314 -0.93281015 34.37987498 36.4529402 ]]", "nfev": "224", "njev": "32", "status": "0", "success": "True", "message": "Optimization terminated successfully.", "x": "[4.90326483 3.99457767 6.39422072 2.80490596 0.4779257  2.4945357 ]", "nit": "27", "callback": [0.6177027902721812, 0.6033560813971953, 0.5762242636868311, 0.5285154085511031, 0.4600848115312083, 0.40999620485052213, 0.36375844886304953, 0.3030363777587495, 0.2922190436578789, 0.2909652934016642, 0.2907935099665493, 0.2905094062240172, 0.290090687784748, 0.289617508282041, 0.2888404392374878, 0.2876577714670341, 0.2865603866747767, 0.286156803744138, 0.2860886284394486, 0.28608331347020355, 0.2860806858103878, 0.28608056885075084, 0.28608056431510553, 0.286080564238971, 0.28608056423466777, 0.28608056423442674, 0.28608056423441286]}, "7": {"maxiter": 100, "gtol": 1e-10, "xrtol": 1e-10, "eps": 1e-10, "duration": 0.13244390487670898, "fun": "0.286080564028551", "jac": "[ 0.00000000e+00 -1.11022293e-06  1.11022293e-06  2.22044587e-06\n  1.11022293e-06  0.00000000e+00]", "hess_inv": "[[ 0.11830872 -0.30926475 -0.05061272 -0.23883388  0.25307187  0.34506672]\n [-0.30926475  1.05383415 -0.00924289  0.800932   -0.88684445 -1.09646122]\n [-0.05061272 -0.00924289  0.15284685 -0.02646787 -0.00414742 -0.02450987]\n [-0.23883388  0.800932   -0.02646787  0.66926228 -0.66482781 -0.89571953]\n [ 0.25307187 -0.88684445 -0.00414742 -0.66482781  0.81326642  0.91530563]\n [ 0.34506672 -1.09646122 -0.02450987 -0.89571953  0.91530563  1.22819725]]", "nfev": "589", "njev": "83", "status": "0", "success": "True", "message": "Optimization terminated successfully.", "x": "[4.90326901 3.99456429 6.3942318  2.80490624 0.47805872 2.49467094]", "nit": "33", "callback": [0.6177031336133936, 0.6033564892328701, 0.5762246040671661, 0.5285155071918367, 0.46008463915137354, 0.4099954198577819, 0.36375767694582317, 0.30303532159905333, 0.2922193978881962, 0.29096491200391883, 0.2907931190381604, 0.29050896529375714, 0.29009033260369876, 0.2896174038332797, 0.2888412153448827, 0.28766019207836724, 0.2865622349694179, 0.28615739864816514, 0.28608865505001757, 0.2860833263339415, 0.2860806873855912, 0.28608056775112833, 0.2860805640442631, 0.2860805640436006, 0.2860805640429692, 0.2860805640370123, 0.2860805640294073, 0.2860805640293793, 0.286080564029326, 0.2860805640293085, 0.28608056402928284, 0.2860805640285511, 0.286080564028551]}, "8": {"maxiter": 500, "gtol": 1e-05, "xrtol": 1e-05, "eps": 1e-05, "duration": 0.045313119888305664, "fun": "0.28608056431510553", "jac": "[-1.57293067e-06  9.87565585e-07 -1.34624534e-06 -4.62963001e-09\n -7.57838237e-08 -1.76447745e-07]", "hess_inv": "[[ 2.93499122 -0.07208963 -0.11608954 -0.38727945  0.47867187  0.72681005]\n [-0.07208963  3.53373177 -0.73848658  0.24274467 -4.1871972  -4.5825268 ]\n [-0.11608954 -0.73848658  3.04670245 -0.1950015   1.83233888  1.67051724]\n [-0.38727945  0.24274467 -0.1950015   2.87385806 -1.29149247 -1.32997287]\n [ 0.47867187 -4.1871972   1.83233888 -1.29149247 32.2454921  31.10859252]\n [ 0.72681005 -4.5825268   1.67051724 -1.32997287 31.10859252 32.80526453]]", "nfev": "196", "njev": "28", "status": "0", "success": "True", "message": "Optimization terminated successfully.", "x": "[4.90325969 3.994584   6.39421511 2.80490743 0.47790829 2.49451739]", "nit": "23", "callback": [0.6177027902721812, 0.6033560813971953, 0.5762242636868311, 0.5285154085511031, 0.4600848115312083, 0.40999620485052213, 0.36375844886304953, 0.3030363777587495, 0.2922190436578789, 0.2909652934016642, 0.2907935099665493, 0.2905094062240172, 0.290090687784748, 0.289617508282041, 0.2888404392374878, 0.2876577714670341, 0.2865603866747767, 0.286156803744138, 0.2860886284394486, 0.28608331347020355, 0.2860806858103878, 0.28608056885075084, 0.28608056431510553]}, "9": {"maxiter": 500, "gtol": 1e-05, "xrtol": 1e-05, "eps": 1e-10, "duration": 0.043888092041015625, "fun": "0.2860805640442631", "jac": "[-3.33066880e-06 -1.11022293e-06 -1.11022293e-06 -1.11022293e-06\n -1.11022293e-06 -1.11022293e-06]", "hess_inv": "[[ 2.95547684 -0.05605594 -0.10828194 -0.37266847  0.5264269   0.77076523]\n [-0.05605594  3.54482647 -0.7300752   0.25398682 -4.14024404 -4.53983234]\n [-0.10828194 -0.7300752   3.0458924  -0.1847832   1.81261773  1.65048304]\n [-0.37266847  0.25398682 -0.1847832   2.87977014 -1.19367478 -1.23754353]\n [ 0.5264269  -4.14024404  1.81261773 -1.19367478 31.77450313 30.63985514]\n [ 0.77076523 -4.53983234  1.65048304 -1.23754353 30.63985514 32.34027522]]", "nfev": "196", "njev": "28", "status": "0", "success": "True", "message": "Optimization terminated successfully.", "x": "[4.90326378 3.99456169 6.39422605 2.80490759 0.47804496 2.49465822]", "nit": "23", "callback": [0.6177031336133936, 0.6033564892328701, 0.5762246040671661, 0.5285155071918367, 0.46008463915137354, 0.4099954198577819, 0.36375767694582317, 0.30303532159905333, 0.2922193978881962, 0.29096491200391883, 0.2907931190381604, 0.29050896529375714, 0.29009033260369876, 0.2896174038332797, 0.2888412153448827, 0.28766019207836724, 0.2865622349694179, 0.28615739864816514, 0.28608865505001757, 0.2860833263339415, 0.2860806873855912, 0.28608056775112833, 0.2860805640442631]}, "10": {"maxiter": 500, "gtol": 1e-05, "xrtol": 1e-10, "eps": 1e-05, "duration": 0.04468798637390137, "fun": "0.28608056431510553", "jac": "[-1.57293067e-06  9.87565585e-07 -1.34624534e-06 -4.62963001e-09\n -7.57838237e-08 -1.76447745e-07]", "hess_inv": "[[ 2.93499122 -0.07208963 -0.11608954 -0.38727945  0.47867187  0.72681005]\n [-0.07208963  3.53373177 -0.73848658  0.24274467 -4.1871972  -4.5825268 ]\n [-0.11608954 -0.73848658  3.04670245 -0.1950015   1.83233888  1.67051724]\n [-0.38727945  0.24274467 -0.1950015   2.87385806 -1.29149247 -1.32997287]\n [ 0.47867187 -4.1871972   1.83233888 -1.29149247 32.2454921  31.10859252]\n [ 0.72681005 -4.5825268   1.67051724 -1.32997287 31.10859252 32.80526453]]", "nfev": "196", "njev": "28", "status": "0", "success": "True", "message": "Optimization terminated successfully.", "x": "[4.90325969 3.994584   6.39421511 2.80490743 0.47790829 2.49451739]", "nit": "23", "callback": [0.6177027902721812, 0.6033560813971953, 0.5762242636868311, 0.5285154085511031, 0.4600848115312083, 0.40999620485052213, 0.36375844886304953, 0.3030363777587495, 0.2922190436578789, 0.2909652934016642, 0.2907935099665493, 0.2905094062240172, 0.290090687784748, 0.289617508282041, 0.2888404392374878, 0.2876577714670341, 0.2865603866747767, 0.286156803744138, 0.2860886284394486, 0.28608331347020355, 0.2860806858103878, 0.28608056885075084, 0.28608056431510553]}, "11": {"maxiter": 500, "gtol": 1e-05, "xrtol": 1e-10, "eps": 1e-10, "duration": 0.04487180709838867, "fun": "0.2860805640442631", "jac": "[-3.33066880e-06 -1.11022293e-06 -1.11022293e-06 -1.11022293e-06\n -1.11022293e-06 -1.11022293e-06]", "hess_inv": "[[ 2.95547684 -0.05605594 -0.10828194 -0.