{"date": "2024/09/25/, 06:49:27", "conf_id": 163, "data_type": "non_lin_ind\n", "num_data_points": 1, "s_rank": 0, "unitary": "[[-0.53618537-0.34368723j,-0.12107031-0.46226139j,-0.07699282-0.46603512j,0.36022595-0.11472301j],[0.26026499-0.63450712j,-0.56616638+0.37832564j,-0.14988651+0.08458591j,0.10363514-0.16008501j],[-0.32580188-0.11070003j,-0.36476308-0.23593218j,0.02559343+0.41761608j,-0.25598305+0.6725303j],[0.07406738-0.0126433j,0.28513701+0.19483972j,-0.74939717-0.10299659j,0.29798249+0.46269921j]]", "databatch_0": {"databatch": "[[[0.23805876-0.58251039j,-0.19290298+0.38200611j,0.11313044+0.00579448j,0.11941404+0.06648482j],[-0.09781163-0.17985597j,0.05657474+0.12721854j,0.02473914-0.0273174j,0.04132655-0.01641265j],[-0.07991925-0.0047963j,0.05391831+0.00757609j,-0.00393928-0.01386367j,0.00311309-0.01710819j],[0.42741252+0.14657487j,-0.28181455-0.12249262j,0.00052238+0.08133706j,-0.04272377+0.08835005j]]]", "initial param values": "[5.56424887,2.89564195,2.71937176,0.30207774,3.19908582,3.01006533]", "nelder_mead": {"type": "gradient-free", "0": {"maxiter": 100, "fatol": 1e-05, "xatol": 1e-05, "duration": 0.03488016128540039, "fun": "0.07069714642073832", "nit": "100", "nfev": "151", "status": "2", "success": "False", "message": "Maximum number of iterations has been exceeded.", "x": "[7.46866055 2.23848361 3.1111402  0.37071348 3.88765475 1.62799861]", "final_simplex": "(array([[7.46866055, 2.23848361, 3.1111402 , 0.37071348, 3.88765475,\n        1.62799861],\n       [7.41807702, 2.28209575, 3.12512909, 0.36084189, 3.80312201,\n        1.65790996],\n       [7.49111606, 2.22261948, 3.16753146, 0.37561232, 3.83482372,\n        1.55845178],\n       [7.45905857, 2.21059702, 3.28319033, 0.35986437, 3.90679042,\n        1.51941612],\n       [7.45858279, 2.24876599, 3.14635872, 0.36357547, 3.85684407,\n        1.52707423],\n       [7.48838832, 2.30630216, 3.20717926, 0.36208395, 3.95183671,\n        1.42867636],\n       [7.45352601, 2.29244865, 3.11633822, 0.35767994, 3.76909197,\n        1.69487292]]), array([0.07069715, 0.07168111, 0.07173871, 0.07196176, 0.07236678,\n       0.07275955, 0.07302411]))", "callback": [0.46011537313560924, 0.15470604021565348, 0.12358155243632829, 0.10819484055907891, 0.10379224483785265, 0.09783941223757575, 0.0923623657825855, 0.07925313944400414, 0.0744048045332869, 0.07173870561969131]}, "1": {"maxiter": 100, "fatol": 1e-05, "xatol": 1e-10, "duration": 0.03471708297729492, "fun": "0.07069714642073832", "nit": "100", "nfev": "151", "status": "2", "success": "False", "message": "Maximum number of iterations has been exceeded.", "x": "[7.46866055 2.23848361 3.1111402  0.37071348 3.88765475 1.62799861]", "final_simplex": "(array([[7.46866055, 2.23848361, 3.1111402 , 0.37071348, 3.88765475,\n        1.62799861],\n       [7.41807702, 2.28209575, 3.12512909, 0.36084189, 3.80312201,\n        1.65790996],\n       [7.49111606, 2.22261948, 3.16753146, 0.37561232, 3.83482372,\n        1.55845178],\n       [7.45905857, 2.21059702, 3.28319033, 0.35986437, 3.90679042,\n        1.51941612],\n       [7.45858279, 2.24876599, 3.14635872, 0.36357547, 3.85684407,\n        1.52707423],\n       [7.48838832, 2.30630216, 3.20717926, 0.36208395, 3.95183671,\n        1.42867636],\n       [7.45352601, 2.29244865, 3.11633822, 0.35767994, 3.76909197,\n        1.69487292]]), array([0.07069715, 0.07168111, 0.07173871, 0.07196176, 0.07236678,\n       0.07275955, 0.07302411]))", "callback": [0.46011537313560924, 0.15470604021565348, 0.12358155243632829, 0.10819484055907891, 0.10379224483785265, 0.09783941223757575, 0.0923623657825855, 0.07925313944400414, 0.0744048045332869, 0.07173870561969131]}, "2": {"maxiter": 100, "fatol": 1e-10, "xatol": 1e-05, "duration": 0.0343470573425293, "fun": "0.07069714642073832", "nit": "100", "nfev": "151", "status": "2", "success": "False", "message": "Maximum number of iterations has been exceeded.", "x": "[7.46866055 2.23848361 3.1111402  0.37071348 3.88765475 1.62799861]", "final_simplex": "(array([[7.46866055, 2.23848361, 3.1111402 , 0.37071348, 3.88765475,\n        1.62799861],\n       [7.41807702, 2.28209575, 3.12512909, 0.36084189, 3.80312201,\n        1.65790996],\n       [7.49111606, 2.22261948, 3.16753146, 0.37561232, 3.83482372,\n        1.55845178],\n       [7.45905857, 2.21059702, 3.28319033, 0.35986437, 3.90679042,\n        1.51941612],\n       [7.45858279, 2.24876599, 3.14635872, 0.36357547, 3.85684407,\n        1.52707423],\n       [7.48838832, 2.30630216, 3.20717926, 0.36208395, 3.95183671,\n        1.42867636],\n       [7.45352601, 2.29244865, 3.11633822, 0.35767994, 3.76909197,\n        1.69487292]]), array([0.07069715, 0.07168111, 0.07173871, 0.07196176, 0.07236678,\n       0.07275955, 0.07302411]))", "callback": [0.46011537313560924, 0.15470604021565348, 0.12358155243632829, 0.10819484055907891, 0.10379224483785265, 0.09783941223757575, 0.0923623657825855, 0.07925313944400414, 0.0744048045332869, 0.07173870561969131]}, "3": {"maxiter": 100, "fatol": 1e-10, "xatol": 1e-10, "duration": 0.03490114212036133, "fun": "0.07069714642073832", "nit": "100", "nfev": "151", "status": "2", "success": "False", "message": "Maximum number of iterations has been exceeded.", "x": "[7.46866055 2.23848361 3.1111402  0.37071348 3.88765475 1.62799861]", "final_simplex": "(array([[7.46866055, 2.23848361, 3.1111402 , 0.37071348, 3.88765475,\n        1.62799861],\n       [7.41807702, 2.28209575, 3.12512909, 0.36084189, 3.80312201,\n        1.65790996],\n       [7.49111606, 2.22261948, 3.16753146, 0.37561232, 3.83482372,\n        1.55845178],\n       [7.45905857, 2.21059702, 3.28319033, 0.35986437, 3.90679042,\n        1.51941612],\n       [7.45858279, 2.24876599, 3.14635872, 0.36357547, 3.85684407,\n        1.52707423],\n       [7.48838832, 2.30630216, 3.20717926, 0.36208395, 3.95183671,\n        1.42867636],\n       [7.45352601, 2.29244865, 3.11633822, 0.35767994, 3.76909197,\n        1.69487292]]), array([0.07069715, 0.07168111, 0.07173871, 0.07196176, 0.07236678,\n       0.07275955, 0.07302411]))", "callback": [0.46011537313560924, 0.15470604021565348, 0.12358155243632829, 0.10819484055907891, 0.10379224483785265, 0.09783941223757575, 0.0923623657825855, 0.07925313944400414, 0.0744048045332869, 0.07173870561969131]}, "4": {"maxiter": 500, "fatol": 1e-05, "xatol": 1e-05, "duration": 0.1278676986694336, "fun": "0.04924928114712779", "nit": "348", "nfev": "554", "status": "0", "success": "True", "message": "Optimization terminated successfully.", "x": "[7.99824299 1.27752729 4.22984208 1.38416845 5.25690064 0.02069056]", "final_simplex": "(array([[7.99824299, 1.27752729, 4.22984208, 1.38416845, 5.25690064,\n        0.02069056],\n       [7.9982462 , 1.27752427, 4.22984752, 1.3841751 , 5.25690396,\n        0.02068596],\n       [7.99824704, 1.27752366, 4.22984824, 1.38417604, 5.25690418,\n        0.02068466],\n       [7.99824553, 1.27752524, 4.22984604, 1.38417316, 5.25690183,\n        0.02068754],\n       [7.99824634, 1.27752287, 4.22984974, 1.38417666, 5.25690555,\n        0.02068339],\n       [7.99824586, 1.27752505, 4.22984411, 1.38417239, 5.25690162,\n        0.02068937],\n       [7.99824546, 1.2775233 , 4.22984968, 1.38417535, 5.25690579,\n        0.02068373]]), array([0.04924928, 0.04924928, 0.04924928, 0.04924928, 0.04924928,\n       0.04924928, 0.04924928]))", "callback": [0.46011537313560924, 0.15470604021565348, 0.12358155243632829, 0.10819484055907891, 0.10379224483785265, 0.09783941223757575, 0.0923623657825855, 0.07925313944400414, 0.0744048045332869, 0.07173870561969131, 0.0688447954439746, 0.06613344770058904, 0.0643279670592678, 0.06309048323382616, 0.062260258423401105, 0.05945132439785028, 0.05348955691836288, 0.05236829956132649, 0.050383839488670534, 0.049318081668732416, 0.049318081668732416, 0.04927439205798345, 0.04926060750028283, 0.049253321926560734, 0.0492507482726503, 0.04924955451947832, 0.04924932793422154, 0.04924928968738562, 0.04924928309235033, 0.04924928143580265, 0.049249281337547135, 0.04924928117763416, 0.049249281151528046, 0.049249281148510904, 0.04924928114736182]}, "5": {"maxiter": 500, "fatol": 1e-05, "xatol": 1e-10, "duration": 0.1697230339050293, "fun": "0.049249281147053625", "nit": "424", "nfev": "750", "status": "0", "success": "True", "message": "Optimization terminated successfully.", "x": "[7.99824486 1.27752508 4.22984565 1.38417248 5.25690286 0.02068752]", "final_simplex": "(array([[7.99824486, 1.27752508, 4.22984565, 1.38417248, 5.25690286,\n        0.02068752],\n       [7.99824486, 1.27752508, 4.22984565, 1.38417248, 5.25690286,\n        0.02068752],\n       [7.99824486, 1.27752508, 4.22984565, 1.38417248, 5.25690286,\n        0.02068752],\n       [7.99824486, 1.27752508, 4.22984565, 1.38417248, 5.25690286,\n        0.02068752],\n       [7.99824486, 1.27752508, 4.22984565, 1.38417248, 5.25690286,\n        0.02068752],\n       [7.99824486, 1.27752508, 4.22984565, 1.38417248, 5.25690286,\n        0.02068752],\n       [7.99824486, 1.27752508, 4.22984565, 1.38417248, 5.25690286,\n        0.02068752]]), array([0.04924928, 0.04924928, 0.04924928, 0.04924928, 0.04924928,\n       0.04924928, 0.04924928]))", "callback": [0.46011537313560924, 0.15470604021565348, 0.12358155243632829, 0.10819484055907891, 0.10379224483785265, 0.09783941223757575, 0.0923623657825855, 0.07925313944400414, 0.0744048045332869, 0.07173870561969131, 0.0688447954439746, 0.06613344770058904, 0.0643279670592678, 0.06309048323382616, 0.062260258423401105, 0.05945132439785028, 0.05348955691836288, 0.05236829956132649, 0.050383839488670534, 0.049318081668732416, 0.049318081668732416, 0.04927439205798345, 0.04926060750028283, 0.049253321926560734, 0.0492507482726503, 0.04924955451947832, 0.04924932793422154, 0.04924928968738562, 0.04924928309235033, 0.04924928143580265, 0.049249281337547135, 0.04924928117763416, 0.049249281151528046, 0.049249281148510904, 0.04924928114736182, 0.04924928114710103, 0.04924928114705951, 0.04924928114705507, 0.04924928114705418, 0.04924928114705385, 0.049249281147053736, 0.049249281147053736, 0.049249281147053625]}, "6": {"maxiter": 500, "fatol": 1e-10, "xatol": 1e-05, "duration": 0.12691187858581543, "fun": "0.04924928114712779", "nit": "348", "nfev": "554", "status": "0", "success": "True", "message": "Optimization terminated successfully.", "x": "[7.99824299 1.27752729 4.22984208 1.38416845 5.25690064 0.02069056]", "final_simplex": "(array([[7.99824299, 1.27752729, 4.22984208, 1.38416845, 5.25690064,\n        0.02069056],\n       [7.9982462 , 1.27752427, 4.22984752, 1.3841751 , 5.25690396,\n        0.02068596],\n       [7.99824704, 1.27752366, 4.22984824, 1.38417604, 5.25690418,\n        0.02068466],\n       [7.99824553, 1.27752524, 4.22984604, 1.38417316, 5.25690183,\n        0.02068754],\n       [7.99824634, 1.27752287, 4.22984974, 1.38417666, 5.25690555,\n        0.02068339],\n       [7.99824586, 1.27752505, 4.22984411, 1.38417239, 5.25690162,\n        0.02068937],\n       [7.99824546, 1.2775233 , 4.22984968, 1.38417535, 5.25690579,\n        0.02068373]]), array([0.04924928, 0.04924928, 0.04924928, 0.04924928, 0.04924928,\n       0.04924928, 0.04924928]))", "callback": [0.46011537313560924, 0.15470604021565348, 0.12358155243632829, 0.10819484055907891, 0.10379224483785265, 0.09783941223757575, 0.0923623657825855, 0.07925313944400414, 0.0744048045332869, 0.07173870561969131, 0.0688447954439746, 0.06613344770058904, 0.0643279670592678, 0.06309048323382616, 0.062260258423401105, 0.05945132439785028, 0.05348955691836288, 0.05236829956132649, 0.050383839488670534, 0.049318081668732416, 0.049318081668732416, 0.04927439205798345, 0.04926060750028283, 0.049253321926560734, 0.0492507482726503, 0.04924955451947832, 0.04924932793422154, 0.04924928968738562, 0.04924928309235033, 0.04924928143580265, 0.049249281337547135, 0.04924928117763416, 0.049249281151528046, 0.049249281148510904, 0.04924928114736182]}, "7": {"maxiter": 500, "fatol": 1e-10, "xatol": 1e-10, "duration": 0.22053289413452148, "fun": "0.049249281147053625", "nit": "424", "nfev": "750", "status": "0", "success": "True", "message": "Optimization terminated successfully.", "x": "[7.99824486 1.27752508 4.22984565 1.38417248 5.25690286 0.02068752]", "final_simplex": "(array([[7.99824486, 1.27752508, 4.22984565, 1.38417248, 5.25690286,\n        0.02068752],\n       [7.99824486, 1.27752508, 4.22984565, 1.38417248, 5.25690286,\n        0.02068752],\n       [7.99824486, 1.27752508, 4.22984565, 1.38417248, 5.25690286,\n        0.02068752],\n       [7.99824486, 1.27752508, 4.22984565, 1.38417248, 5.25690286,\n        0.02068752],\n       [7.99824486, 1.27752508, 4.22984565, 1.38417248, 5.25690286,\n        0.02068752],\n       [7.99824486, 1.27752508, 4.22984565, 1.38417248, 5.25690286,\n        0.02068752],\n       [7.99824486, 1.27752508, 4.22984565, 1.38417248, 5.25690286,\n        0.02068752]]), array([0.04924928, 0.04924928, 0.04924928, 0.04924928, 0.04924928,\n       0.04924928, 0.04924928]))", "callback": [0.46011537313560924, 0.15470604021565348, 0.12358155243632829, 0.10819484055907891, 0.10379224483785265, 0.09783941223757575, 0.0923623657825855, 0.07925313944400414, 0.0744048045332869, 0.07173870561969131, 0.0688447954439746, 0.06613344770058904, 0.0643279670592678, 0.06309048323382616, 0.062260258423401105, 0.05945132439785028, 0.05348955691836288, 0.05236829956132649, 0.050383839488670534, 0.049318081668732416, 0.049318081668732416, 0.04927439205798345, 0.04926060750028283, 0.049253321926560734, 0.0492507482726503, 0.04924955451947832, 0.04924932793422154, 0.04924928968738562, 0.04924928309235033, 0.04924928143580265, 0.049249281337547135, 0.04924928117763416, 0.049249281151528046, 0.049249281148510904, 0.04924928114736182, 0.04924928114710103, 0.04924928114705951, 0.04924928114705507, 0.04924928114705418, 0.04924928114705385, 0.049249281147053736, 0.049249281147053736, 0.049249281147053625]}, "8": {"maxiter": 1000, "fatol": 1e-05, "xatol": 1e-05, "duration": 0.12769579887390137, "fun": "0.04924928114712779", "nit": "348", "nfev": "554", "status": "0", "success": "True", "message": "Optimization terminated successfully.", "x": "[7.99824299 1.27752729 4.22984208 1.38416845 5.25690064 0.02069056]", "final_simplex": "(array([[7.99824299, 1.27752729, 4.22984208, 1.38416845, 5.25690064,\n        0.02069056],\n       [7.9982462 , 1.27752427, 4.22984752, 1.3841751 , 5.25690396,\n        0.02068596],\n       [7.99824704, 1.27752366, 4.22984824, 1.38417604, 5.25690418,\n        0.02068466],\n       [7.99824553, 1.27752524, 4.22984604, 1.38417316, 5.25690183,\n        0.02068754],\n       [7.99824634, 1.27752287, 4.22984974, 1.38417666, 5.25690555,\n        0.02068339],\n       [7.99824586, 1.27752505, 4.22984411, 1.38417239, 5.25690162,\n        0.02068937],\n       [7.99824546, 1.2775233 , 4.22984968, 1.38417535, 5.25690579,\n        0.02068373]]), array([0.04924928, 0.04924928, 0.04924928, 0.04924928, 0.04924928,\n       0.04924928, 0.04924928]))", "callback": [0.46011537313560924, 0.15470604021565348, 0.12358155243632829, 0.10819484055907891, 0.10379224483785265, 0.09783941223757575, 0.0923623657825855, 0.07925313944400414, 0.0744048045332869, 0.07173870561969131, 0.0688447954439746, 0.06613344770058904, 0.0643279670592678, 0.06309048323382616, 0.062260258423401105, 0.05945132439785028, 0.05348955691836288, 0.05236829956132649, 0.050383839488670534, 0.049318081668732416, 0.049318081668732416, 0.04927439205798345, 0.04926060750028283, 0.049253321926560734, 0.0492507482726503, 0.04924955451947832, 0.04924932793422154, 0.04924928968738562, 0.04924928309235033, 0.04924928143580265, 0.049249281337547135, 0.04924928117763416, 0.049249281151528046, 0.049249281148510904, 0.04924928114736182]}, "9": {"maxiter": 1000, "fatol": 1e-05, "xatol": 1e-10, "duration": 0.1779499053955078, "fun": "0.049249281147053625", "nit": "424", "nfev": "750", "status": "0", "success": "True", "message": "Optimization terminated successfully.", "x": "[7.99824486 1.27752508 4.22984565 1.38417248 5.25690286 0.02068752]", "final_simplex": "(array([[7.99824486, 1.27752508, 4.22984565, 1.38417248, 5.25690286,\n        0.02068752],\n       [7.99824486, 1.27752508, 4.22984565, 1.38417248, 5.25690286,\n        0.02068752],\n       [7.99824486, 1.27752508, 4.22984565, 1.38417248, 5.25690286,\n        0.02068752],\n       [7.99824486, 1.27752508, 4.22984565, 1.38417248, 5.25690286,\n        0.02068752],\n       [7.99824486, 1.27752508, 4.22984565, 1.38417248, 5.25690286,\n        0.02068752],\n       [7.99824486, 1.27752508, 4.22984565, 1.38417248, 5.25690286,\n        0.02068752],\n       [7.99824486, 1.27752508, 4.22984565, 1.38417248, 5.25690286,\n        0.02068752]]), array([0.04924928, 0.04924928, 0.04924928, 0.04924928, 0.04924928,\n       0.04924928, 0.04924928]))", "callback": [0.46011537313560924, 0.15470604021565348, 0.12358155243632829, 0.10819484055907891, 0.10379224483785265, 0.09783941223757575, 0.0923623657825855, 0.07925313944400414, 0.0744048045332869, 0.07173870561969131, 0.0688447954439746, 0.06613344770058904, 0.0643279670592678, 0.06309048323382616, 0.062260258423401105, 0.05945132439785028, 0.05348955691836288, 0.05236829956132649, 0.050383839488670534, 0.049318081668732416, 0.049318081668732416, 0.04927439205798345, 0.04926060750028283, 0.049253321926560734, 0.0492507482726503, 0.04924955451947832, 0.04924932793422154, 0.04924928968738562, 0.04924928309235033, 0.04924928143580265, 0.049249281337547135, 0.04924928117763416, 0.049249281151528046, 0.049249281148510904, 0.04924928114736182, 0.04924928114710103, 0.04924928114705951, 0.04924928114705507, 0.04924928114705418, 0.04924928114705385, 0.049249281147053736, 0.049249281147053736, 0.049249281147053625]}, "10": {"maxiter": 1000, "fatol": 1e-10, "xatol": 1e-05, "duration": 0.12974810600280762, "fun": "0.04924928114712779", "nit": "348", "nfev": "554", "status": "0", "success": "True", "message": "Optimization terminated successfully.", "x": "[7.99824299 1.27752729 4.22984208 1.38416845 5.25690064 0.02069056]", "final_simplex": "(array([[7.99824299, 1.27752729, 4.22984208, 1.38416845, 5.25690064,\n        0.02069056],\n       [7.9982462 , 1.27752427, 4.22984752, 1.3841751 , 5.25690396,\n        0.02068596],\n       [7.99824704, 1.27752366, 4.22984824, 1.38417604, 5.25690418,\n        0.02068466],\n       [7.99824553, 1.27752524, 4.22984604, 1.38417316, 5.25690183,\n        0.02068754],\n       [7.99824634, 1.27752287, 4.22984974, 1.38417666, 5.25690555,\n        0.02068339],\n       [7.99824586, 1.27752505, 4.22984411, 1.38417239, 5.25690162,\n        0.02068937],\n       [7.99824546, 1.2775233 , 4.22984968, 1.38417535, 5.25690579,\n        0.02068373]]), array([0.04924928, 0.04924928, 0.04924928, 0.04924928, 0.04924928,\n       0.04924928, 0.04924928]))", "callback": [0.46011537313560924, 0.15470604021565348, 0.12358155243632829, 0.10819484055907891, 0.10379224483785265, 0.09783941223757575, 0.0923623657825855, 0.07925313944400414, 0.0744048045332869, 0.07173870561969131, 0.0688447954439746, 0.06613344770058904, 0.0643279670592678, 0.06309048323382616, 0.062260258423401105, 0.05945132439785028, 0.05348955691836288, 0.05236829956132649, 0.050383839488670534, 0.049318081668732416, 0.049318081668732416, 0.04927439205798345, 0.04926060750028283, 0.049253321926560734, 0.0492507482726503, 0.04924955451947832, 0.04924932793422154, 0.04924928968738562, 0.04924928309235033, 0.04924928143580265, 0.049249281337547135, 0.04924928117763416, 0.049249281151528046, 0.049249281148510904, 0.04924928114736182]}, "11": {"maxiter": 1000, "fatol": 1e-10, "xatol": 1e-10, "duration": 0.17213106155395508, "fun": "0.049249281147053625", "nit": "424", "nfev": "750", "status": "0", "success": "True", "message": "Optimization terminated successfully.", "x": "[7.99824486 1.27752508 4.22984565 1.38417248 5.25690286 0.02068752]", "final_simplex": "(array([[7.99824486, 1.27752508, 4.22984565, 1.38417248, 5.25690286,\n        0.02068752],\n       [7.99824486, 1.27752508, 4.22984565, 1.38417248, 5.25690286,\n        0.02068752],\n       [7.99824486, 1.27752508, 4.22984565, 1.38417248, 5.25690286,\n        0.02068752],\n       [7.99824486, 1.27752508, 4.22984565, 1.38417248, 5.25690286,\n        0.02068752],\n       [7.99824486, 1.27752508, 4.22984565, 1.38417248, 5.25690286,\n        0.02068752],\n       [7.99824486, 1.27752508, 4.22984565, 1.38417248, 5.25690286,\n        0.02068752],\n       [7.99824486, 1.27752508, 4.22984565, 1.38417248, 5.25690286,\n        0.02068752]]), array([0.04924928, 0.04924928, 0.04924928, 0.04924928, 0.04924928,\n       0.04924928, 0.04924928]))", "callback": [0.46011537313560924, 0.15470604021565348, 0.12358155243632829, 0.10819484055907891, 0.10379224483785265, 0.09783941223757575, 0.0923623657825855, 0.07925313944400414, 0.0744048045332869, 0.07173870561969131, 0.0688447954439746, 0.06613344770058904, 0.0643279670592678, 0.06309048323382616, 0.062260258423401105, 0.05945132439785028, 0.05348955691836288, 0.05236829956132649, 0.050383839488670534, 0.049318081668732416, 0.049318081668732416, 0.04927439205798345, 0.04926060750028283, 0.049253321926560734, 0.0492507482726503, 0.04924955451947832, 0.04924932793422154, 0.04924928968738562, 0.04924928309235033, 0.04924928143580265, 0.049249281337547135, 0.04924928117763416, 0.049249281151528046, 0.049249281148510904, 0.04924928114736182, 0.04924928114710103, 0.04924928114705951, 0.04924928114705507, 0.04924928114705418, 0.04924928114705385, 0.049249281147053736, 0.049249281147053736, 0.049249281147053625]}}, "bfgs": {"type": "gradient", "0": {"maxiter": 100, "gtol": 1e-05, "xrtol": 1e-05, "eps": 1e-05, "duration": 0.03665804862976074, "fun": "0.049249281345294826", "jac": "[-3.87369026e-06 -2.09632312e-07  3.09090531e-06  3.33951755e-06\n -6.14212015e-06  5.93647353e-07]", "hess_inv": "[[ 5.42721082 -0.84011918  1.05042335  2.97181037  0.51997537 -3.11880678]\n [-0.84011918  4.05294912  1.91589145 -2.16051495 -2.70499086 -0.19196254]\n [ 1.05042335  1.91589145  3.45357442  0.18874059 -2.25781166 -1.28380632]\n [ 2.97181037 -2.16051495  0.18874059  4.47107204  1.44444539 -1.99461715]\n [ 0.51997537 -2.70499086 -2.25781166  1.44444539  4.39447326 -0.25988531]\n [-3.11880678 -0.19196254 -1.28380632 -1.99461715 -0.25988531  4.03354827]]", "nfev": "154", "njev": "22", "status": "0", "success": "True", "message": "Optimization terminated successfully.", "x": "[7.90240024 2.3380572  2.56524151 1.13086229 3.61571332 2.06936051]", "nit": "21", "callback": [0.3272754565870405, 0.27035521303498267, 0.18933998167523958, 0.16678572413273773, 0.14827333542169807, 0.11939301127387036, 0.10961924503329412, 0.10207988635319765, 0.09153508611366024, 0.07937401379925002, 0.0703600941949949, 0.06197033472772795, 0.05747108787551691, 0.0546989958086006, 0.05102219256792795, 0.04961704724882188, 0.049322064389063947, 0.04925426764793528, 0.04924986716379065, 0.049249289572990795, 0.049249281345294826]}, "1": {"maxiter": 100, "gtol": 1e-05, "xrtol": 1e-05, "eps": 1e-10, "duration": 0.03615999221801758, "fun": "0.049249281387742205", "jac": "[-2.22044587e-06  2.22044587e-06  7.77156053e-06  0.00000000e+00\n  0.00000000e+00  2.22044587e-06]", "hess_inv": "[[ 5.46924159 -0.82994871  1.07178832  2.98380501  0.50149826 -3.13668787]\n [-0.82994871  3.98949201  1.8941694  -2.12741174 -2.67538441 -0.18531134]\n [ 1.07178832  1.8941694   3.45261758  0.20623162 -2.25214128 -1.2866469 ]\n [ 2.98380501 -2.12741174  0.20623162  4.46215206  1.42631252 -2.00549929]\n [ 0.50149826 -2.67538441 -2.25214128  1.42631252  4.38459177 -0.26132576]\n [-3.13668787 -0.18531134 -1.2866469  -2.00549929 -0.26132576  4.04121175]]", "nfev": "154", "njev": "22", "status": "0", "success": "True", "message": "Optimization terminated successfully.", "x": "[7.90241459 2.33804617 2.56530216 1.13084836 3.61574412 2.0692994 ]", "nit": "21", "callback": [0.32727519866423127, 0.27035805978721905, 0.189343352989511, 0.16678607784042343, 0.14827681268197557, 0.11939606378551948, 0.10962319156079592, 0.10208150608511501, 0.09155075637174637, 0.0793788398233164, 0.07036759654195923, 0.061973445096426105, 0.05747505817301535, 0.05470385197219585, 0.05102737273688662, 0.04961669971199556, 0.04932114950746924, 0.04925429743007881, 0.04924986576785295, 0.0492492879935047, 0.049249281387742205]}, "2": {"maxiter": 100, "gtol": 1e-05, "xrtol": 1e-10, "eps": 1e-05, "duration": 0.036656856536865234, "fun": "0.049249281345294826", "jac": "[-3.87369026e-06 -2.09632312e-07  3.09090531e-06  3.33951755e-06\n -6.14212015e-06  5.93647353e-07]", "hess_inv": "[[ 5.42721082 -0.84011918  1.05042335  2.97181037  0.51997537 -3.11880678]\n [-0.84011918  4.05294912  1.91589145 -2.16051495 -2.70499086 -0.19196254]\n [ 1.05042335  1.91589145  3.45357442  0.18874059 -2.25781166 -1.28380632]\n [ 2.97181037 -2.16051495  0.18874059  4.47107204  1.44444539 -1.99461715]\n [ 0.51997537 -2.70499086 -2.25781166  1.44444539  4.39447326 -0.25988531]\n [-3.11880678 -0.19196254 -1.28380632 -1.99461715 -0.25988531  4.03354827]]", "nfev": "154", "njev": "22", "status": "0", "success": "True", "message": "Optimization terminated successfully.", "x": "[7.90240024 2.3380572  2.56524151 1.13086229 3.61571332 2.06936051]", "nit": "21", "callback": [0.3272754565870405, 0.27035521303498267, 0.18933998167523958, 0.16678572413273773, 0.14827333542169807, 0.11939301127387036, 0.10961924503329412, 0.10207988635319765, 0.09153508611366024, 0.07937401379925002, 0.0703600941949949, 0.06197033472772795, 0.05747108787551691, 0.0546989958086006, 0.05102219256792795, 0.04961704724882188, 0.049322064389063947, 0.04925426764793528, 0.04924986716379065, 0.049249289572990795, 0.049249281345294826]}, "3": {"maxiter": 100, "gtol": 1e-05, "xrtol": 1e-10, "eps": 1e-10, "duration": 0.035488128662109375, "fun": "0.049249281387742205", "jac": "[-2.22044587e-06  2.22044587e-06  7.77156053e-06  0.00000000e+00\n  0.00000000e+00  2.22044587e-06]", "hess_inv": "[[ 5.46924159 -0.82994871  1.07178832  2.98380501  0.50149826 -3.13668787]\n [-0.82994871  3.98949201  1.8941694  -2.12741174 -2.67538441 -0.18531134]\n [ 1.07178832  1.8941694   3.45261758  0.20623162 -2.25214128 -1.2866469 ]\n [ 2.98380501 -2.12741174  0.20623162  4.46215206  1.42631252 -2.00549929]\n [ 0.50149826 -2.67538441 -2.25214128  1.42631252  4.38459177 -0.26132576]\n [-3.13668787 -0.18531134 -1.2866469  -2.00549929 -0.26132576  4.04121175]]", "nfev": "154", "njev": "22", "status": "0", "success": "True", "message": "Optimization terminated successfully.", "x": "[7.90241459 2.33804617 2.56530216 1.13084836 3.61574412 2.0692994 ]", "nit": "21", "callback": [0.32727519866423127, 0.27035805978721905, 0.189343352989511, 0.16678607784042343, 0.14827681268197557, 0.11939606378551948, 0.10962319156079592, 0.10208150608511501, 0.09155075637174637, 0.0793788398233164, 0.07036759654195923, 0.061973445096426105, 0.05747505817301535, 0.05470385197219585, 0.05102737273688662, 0.04961669971199556, 0.04932114950746924, 0.04925429743007881, 0.04924986576785295, 0.0492492879935047, 0.049249281387742205]}, "4": {"maxiter": 100, "gtol": 1e-10, "xrtol": 1e-05, "eps": 1e-05, "duration": 0.03781008720397949, "fun": "0.049249281169206904", "jac": "[ 1.79227744e-06  4.13469259e-07 -7.21045446e-07 -4.12425649e-07\n  1.64390723e-07  1.23794308e-06]", "hess_inv": "[[ 5.55090832 -1.07314031  0.87110641  3.12614573  0.80258379 -3.18871181]\n [-1.07314031  4.42232124  2.27010694 -2.33872142 -3.25581492 -0.07896599]\n [ 0.87110641  2.27010694  3.70964602 -0.0615388  -2.66314029 -1.17805961]\n [ 3.12614573 -2.33872142 -0.0615388   4.48167427  1.82687953 -2.0516144 ]\n [ 0.80258379 -3.25581492 -2.66314029  1.82687953  5.03525161 -0.42454975]\n [-3.18871181 -0.07896599 -1.17805961 -2.0516144  -0.42454975  4.06803396]]", "nfev": "161", "njev": "23", "status": "0", "success": "True", "message": "Optimization terminated successfully.", "x": "[7.90241521 2.33803482 2.56521845 1.13087157 3.61574905 2.06935361]", "nit": "22", "callback": [0.3272754565870405, 0.27035521303498267, 0.18933998167523958, 0.16678572413273773, 0.14827333542169807, 0.11939301127387036, 0.10961924503329412, 0.10207988635319765, 0.09153508611366024, 0.07937401379925002, 0.0703600941949949, 0.06197033472772795, 0.05747108787551691, 0.0546989958086006, 0.05102219256792795, 0.04961704724882188, 0.049322064389063947, 0.04925426764793528, 0.04924986716379065, 0.049249289572990795, 0.049249281345294826, 0.049249281169206904]}, "5": {"maxiter": 100, "gtol": 1e-10, "xrtol": 1e-05, "eps": 1e-10, "duration": 0.038433074951171875, "fun": "0.04924928121362415", "jac": "[ 5.55111466e-06  2.22044587e-06  2.22044587e-06  0.00000000e+00\n  1.11022293e-06 -3.33066880e-06]", "hess_inv": "[[ 5.60359493 -1.09529398  0.82134926  3.15440838  0.76035009 -3.20360998]\n [-1.09529398  4.51339216  2.38455295 -2.46775226 -3.18508968 -0.05172763]\n [ 0.82134926  2.38455295  3.80152933 -0.2066434  -2.69220665 -1.12247913]\n [ 3.15440838 -2.46775226 -0.2066434   4.60246572  1.78915163 -2.05876142]\n [ 0.76035009 -3.18508968 -2.69220665  1.78915163  4.86803142 -0.40445129]\n [-3.20360998 -0.05172763 -1.12247913 -2.05876142 -0.40445129  4.06136573]]", "nfev": "161", "njev": "23", "status": "0", "success": "True", "message": "Optimization terminated successfully.", "x": "[7.90243019 2.3380153  2.56527164 1.13086702 3.6157747  2.0692921 ]", "nit": "22", "callback": [0.32727519866423127, 0.27035805978721905, 0.189343352989511, 0.16678607784042343, 0.14827681268197557, 0.11939606378551948, 0.10962319156079592, 0.10208150608511501, 0.09155075637174637, 0.0793788398233164, 0.07036759654195923, 0.061973445096426105, 0.05747505817301535, 0.05470385197219585, 0.05102737273688662, 0.04961669971199556, 0.04932114950746924, 0.04925429743007881, 0.04924986576785295, 0.0492492879935047, 0.049249281387742205, 0.04924928121362415]}, "6": {"maxiter": 100, "gtol": 1e-10, "xrtol": 1e-10, "eps": 1e-05, "duration": 0.0706329345703125, "fun": "0.049249281169204906", "jac": "[ 1.58530966e-06  4.54691840e-07 -7.33890726e-07 -2.58459920e-07\n  1.03173026e-07  1.13810072e-06]", "hess_inv": "[[ 5.78244091 -0.74154939  0.46054216  3.54924714  0.2981893  -2.65449095]\n [-0.74154939  4.28268977  2.26060305 -2.43742638 -3.12693125 -0.07018421]\n [ 0.46054216  2.26060305  4.0922985  -0.31813271 -2.61033543 -1.47931067]\n [ 3.54924714 -2.43742638 -0.31813271  4.59136246  1.91556026 -1.88647755]\n [ 0.2981893  -3.12693125 -2.61033543  1.91556026  4.96303053 -0.52736755]\n [-2.65449095 -0.07018421 -1.47931067 -1.88647755 -0.52736755  4.39165718]]", "nfev": "304", "njev": "42", "status": "2", "success": "False", "message": "Desired error not necessarily achieved due to precision loss.", "x": "[7.90241477 2.33803494 2.56521865 1.13087152 3.61574894 2.06935348]", "nit": "23", "callback": [0.3272754565870405, 0.27035521303498267, 0.18933998167523958, 0.16678572413273773, 0.14827333542169807, 0.11939301127387036, 0.10961924503329412, 0.10207988635319765, 0.09153508611366024, 0.07937401379925002, 0.0703600941949949, 0.06197033472772795, 0.05747108787551691, 0.0546989958086006, 0.05102219256792795, 0.04961704724882188, 0.049322064389063947, 0.04925426764793528, 0.04924986716379065, 0.049249289572990795, 0.049249281345294826, 0.049249281169206904, 0.049249281169204906]}, "7": {"maxiter": 100, "gtol": 1e-10, "xrtol": 1e-10, "eps": 1e-10, "duration": 0.06327390670776367, "fun": "0.04924928116330718", "jac": "[0.00000000e+00 2.22044587e-06 1.11022293e-06 2.22044587e-06\n 5.55111466e-06 2.22044587e-06]", "hess_inv": "[[ 7.6903178  -3.92785993  2.06412401  4.02832752 -2.0536349  -4.75812329]\n [-3.92785993  5.45284842  0.69745744 -2.89215983 -0.43138897  2.45195469]\n [ 2.06412401  0.69745744  3.66400678  1.51856269 -1.86351243 -1.71139111]\n [ 4.02832752 -2.89215983  1.51856269  3.93573819 -1.50345866 -3.13839419]\n [-2.0536349  -0.43138897 -1.86351243 -1.50345866  2.41760676  0.89728681]\n [-4.75812329  2.45195469 -1.71139111 -3.13839419  0.89728681  4.40381418]]", "nfev": "273", "njev": "39", "status": "0", "success": "True", "message": "Optimization terminated successfully.", "x": "[7.90240642 2.338009   2.56524958 1.1308567  3.61578822 2.06931534]", "nit": "26", "callback": [0.32727519866423127, 0.27035805978721905, 0.189343352989511, 0.16678607784042343, 0.14827681268197557, 0.11939606378551948, 0.10962319156079592, 0.10208150608511501, 0.09155075637174637, 0.0793788398233164, 0.07036759654195923, 0.061973445096426105, 0.05747505817301535, 0.05470385197219585, 0.05102737273688662, 0.04961669971199556, 0.04932114950746924, 0.04925429743007881, 0.04924986576785295, 0.0492492879935047, 0.049249281387742205, 0.04924928121362415, 0.04924928118871319, 0.04924928118208116, 0.0492492811633074, 0.04924928116330718]}, "8": {"maxiter": 500, "gtol": 1e-05, "xrtol": 1e-05, "eps": 1e-05, "duration": 0.03679704666137695, "fun": "0.049249281345294826", "jac": "[-3.87369026e-06 -2.09632312e-07  3.09090531e-06  3.33951755e-06\n -6.14212015e-06  5.93647353e-07]", "hess_inv": "[[ 5.42721082 -0.84011918  1.05042335  2.97181037  0.51997537 -3.11880678]\n [-0.84011918  4.05294912  1.91589145 -2.16051495 -2.70499086 -0.19196254]\n [ 1.05042335  1.91589145  3.45357442  0.18874059 -2.25781166 -1.28380632]\n [ 2.97181037 -2.16051495  0.18874059  4.47107204  1.44444539 -1.99461715]\n [ 0.51997537 -2.70499086 -2.25781166  1.44444539  4.39447326 -0.25988531]\n [-3.11880678 -0.19196254 -1.28380632 -1.99461715 -0.25988531  4.03354827]]", "nfev": "154", "njev": "22", "status": "0", "success": "True", "message": "Optimization terminated successfully.", "x": "[7.90240024 2.3380572  2.56524151 1.13086229 3.61571332 2.06936051]", "nit": "21", "callback": [0.3272754565870405, 0.27035521303498267, 0.18933998167523958, 0.16678572413273773, 0.14827333542169807, 0.11939301127387036, 0.10961924503329412, 0.10207988635319765, 0.09153508611366024, 0.07937401379925002, 0.0703600941949949, 0.06197033472772795, 0.05747108787551691, 0.0546989958086006, 0.05102219256792795, 0.04961704724882188, 0.049322064389063947, 0.04925426764793528, 0.04924986716379065, 0.049249289572990795, 0.049249281345294826]}, "9": {"maxiter": 500, "gtol": 1e-05, "xrtol": 1e-05, "eps": 1e-10, "duration": 0.03562283515930176, "fun": "0.049249281387742205", "jac": "[-2.22044587e-06  2.22044587e-06  7.77156053e-06  0.00000000e+00\n  0.00000000e+00  2.22044587e-06]", "hess_inv": "[[ 5.46924159 -0.82994871  1.07178832  2.98380501  0.50149826 -3.13668787]\n [-0.82994871  3.98949201  1.8941694  -2.12741174 -2.67538441 -0.18531134]\n [ 1.07178832  1.8941694   3.45261758  0.20623162 -2.25214128 -1.2866469 ]\n [ 2.98380501 -2.12741174  0.20623162  4.46215206  1.42631252 -2.00549929]\n [ 0.50149826 -2.67538441 -2.25214128  1.42631252  4.38459177 -0.26132576]\n [-3.13668787 -0.18531134 -1.2866469  -2.00549929 -0.26132576  4.04121175]]", "nfev": "154", "njev": "22", "status": "0", "success": "True", "message": "Optimization terminated successfully.", "x": "[7.90241459 2.33804617 2.56530216 1.13084836 3.61574412 2.0692994 ]", "nit": "21", "callback": [0.32727519866423127, 0.27035805978721905, 0.189343352989511, 0.16678607784042343, 0.14827681268197557, 0.11939606378551948, 0.10962319156079592, 0.10208150608511501, 0.09155075637174637, 0.0793788398233164, 0.07036759654195923, 0.061973445096426105, 0.05747505817301535, 0.05470385197219585, 0.05102737273688662, 0.04961669971199556, 0.04932114950746924, 0.04925429743007881, 0.04924986576785295, 0.0492492879935047, 0.049249281387742205]}, "10": {"maxiter": 500, "gtol": 1e-05, "xrtol": 1e-10, "eps": 1e-05, "duration": 0.03573298454284668, "fun": "0.049249281345294826", "jac": "[-3.87369026e-06 -2.09632312e-07  3.09090531e-06  3.33951755e-06\n -6.14212015e-06  5.93647353e-07]", "hess_inv": "[[ 5.42721082 -0.84011918  1.05042335  2.97181037  0.51997537 -3.11880678]\n [-0.84011918  4.05294912  1.91589145 -2.16051495 -2.70499086 -0.19196254]\n [ 1.05042335  1.91589145  3.45357442  0.18874059 -2.25781166 -1.28380632]\n [ 2.97181037 -2.16051495  0.18874059  4.47107204  1.44444539 -1.99461715]\n [ 0.51997537 -2.70499086 -2.25781166  1.44444539  4.39447326 -0.25988531]\n [-3.11880678 -0.19196254 -1.28380632 -1.99461715 -0.25988531  4.03354827]]", "nfev": "154", "njev": "22", "status": "0", "success": "True", "message": "Optimization terminated successfully.", "x": "[7.90240024 2.3380572  2.56524151 1.13086229 3.61571332 2.06936051]", "nit": "21", "callback": [0.3272754565870405, 0.27035521303498267, 0.18933998167523958, 0.16678572413273773, 0.14827333542169807, 0.11939301127387036, 0.10961924503329412, 0.10207988635319765, 0.09153508611366024, 0.07937401379925002, 0.0703600941949949, 0.06197033472772795, 0.05747108787551691, 0.0546989958086006, 0.05102219256792795, 0.04961704724882188, 0.049322064389063947, 0.04925426764793528, 0.04924986716379065, 0.049249289572990795, 0.049249281345294826]}, "11": {"maxiter": 500, "gtol": 1e-05, "xrtol": 1e-10, "eps": 1e-10, "duration": 0.03608417510986328, "fun": "0.049249281387742205", "jac": "[-2.22044587e-06  2.22044587e-06  7.77156053e-06  0.00000000e+00\n  0.00000000e+00  2.22044587e-06]", "hess_inv": "[[ 5.46924159 -0.82994871  1.07178832  2.98380501  0.50149826 -3.13668787]\n [-0.82994871  3.98949201  1.8941694  -2.12741174 -2.67538441 -0.18531134]\n [ 1.07178832  1.8941694   3.45261758  0.20623162 -2.25214128 -1.2866469 ]\n [ 2.98380501 -2.12741174  0.20623162  4.46215206  1.42631252 -2.00549929]\n [ 0.50149826 -2.67538441 -2.25214128  1.42631252  4.38459177 -0.26132576]\n [-3.13668787 -0.18531134 -1.2866469  -2.00549929 -0.26132576  4.04121175]]", "nfev": "154", "njev": "22", "status": "0", "success": "True", "message": "Optimization terminated successfully.", "x": "[7.90241459 2.33804617 2.56530216 1.13084836 3.61574412 2.0692994 ]", "nit": "21", "callback": [0.32727519866423127, 0.27035805978721905, 0.189343352989511, 0.16678607784042343, 0.14827681268197557, 0.11939606378551948, 0.10962319156079592, 0.10208150608511501, 0.09155075637174637, 0.0793788398233164, 0.07036759654195923, 0.061973445096426105, 0.05747505817301535, 0.05470385197219585, 0.05102737273688662, 0.04961669971199556, 0.04932114950746924, 0.04925429743007881, 0.04924986576785295, 0.0492492879935047, 0.049249281387742205]}, "12": {"maxiter": 500, "gtol": 1e-10, "xrtol": 1e-05, "eps": 1e-05, "duration": 0.03748607635498047, "fun": "0.049249281169206904", "jac": "[ 1.79227744e-06  4.13469259e-07 -7.21045446e-07 -4.12425649e-07\n  1.64390723e-07  1.23794308e-06]", "hess_inv": "[[ 5.55090832 -1.07314031  0.87110641  3.12614573  0.80258379 -3.18871181]\n [-1.07314031  4.42232124  2.27010694 -2.33872142 -3.25581492 -0.07896599]\n [ 0.87110641  2.27010694  3.70964602 -0.0615388  -2.66314029 -1.17805961]\n [ 3.12614573 -2.33872142 -0.0615388   4.48167427  1.82687953 -2.0516144 ]\n [ 0.80258379 -3.25581492 -2.66314029  1.82687953  5.03525161 -0.42454975]\n [-3.18871181 -0.07896599 -1.17805961 -2.0516144  -0.42454975  4.06803396]]", "nfev": "161", "njev": "23", "status": "0", "success": "True", "message": "Optimization terminated successfully.", "x": "[7.90241521 2.33803482 2.56521845 1.13087157 3.61574905 2.06935361]", "nit": "22", "callback": [0.3272754565870405, 0.27035521303498267, 0.18933998167523958, 0.16678572413273773, 0.14827333542169807, 0.11939301127387036, 0.10961924503329412, 0.10207988635319765, 0.09153508611366024, 0.07937401379925002, 0.0703600941949949, 0.06197033472772795, 0.05747108787551691, 0.0546989958086006, 0.05102219256792795, 0.04961704724882188, 0.049322064389063947, 0.04925426764793528, 0.04924986716379065, 0.049249289572990795, 0.049249281345294826, 0.049249281169206904]}, "13": {"maxiter": 500, "gtol": 1e-10, "xrtol": 1e-05, "eps": 1e-10, "duration": 0.03752613067626953, "fun": "0.04924928121362415", "jac": "[ 5.55111466e-06  2.22044587e-06  2.22044587e-06  0.00000000e+00\n  1.11022293e-06 -3.33066880e-06]", "hess_inv": "[[ 5.60359493 -1.09529398  0.82134926  3.15440838  0.76035009 -3.20360998]\n [-1.09529398  4.51339216  2.38455295 -2.46775226