{"date": "2024/09/25/, 03:40:18", "conf_id": 126, "data_type": "orthogonal\n", "num_data_points": 3, "s_rank": 0, "unitary": "[[-0.56303964-0.00798273j,-0.21670212-0.15784972j,-0.06047197-0.73952673j,-0.01438004+0.24552571j],[-0.06976756+0.23474685j,-0.01275565-0.5435098j,-0.02703657-0.08917885j,-0.08210486-0.79311774j],[-0.38559961+0.10714929j,0.5933431-0.2687392j,-0.24060861+0.29149289j,-0.45147719+0.26241743j],[-0.50180421+0.45931857j,-0.11617175+0.44134496j,0.49642745+0.22684508j,-0.08544628-0.15407063j]]", "databatch_0": {"databatch": "[[[0.04804076-0.06889969j,-0.21254684+0.13659231j,0.00312228+0.0905295j,0.07998054+0.01124071j],[0.16237045+0.02678512j,-0.19384791+0.06368157j,-0.00178149-0.36558875j,-0.12963408+0.36869867j],[0.05738307-0.08890696j,-0.3218323+0.14596674j,0.01577492+0.19736783j,0.11377725-0.03755114j],[-0.03810542+0.11458132j,0.36149746-0.08044215j,0.06060554-0.38044303j,-0.22356941+0.13965472j]],[[-0.17188884-0.08210638j,0.6141918+0.00825951j,-0.3646357+0.02831976j,0.32490263-0.10682452j],[0.03476163+0.00146082j,-0.120478+0.03101667j,0.05961502-0.0065174j,-0.04219567+0.02757876j],[0.02968989+0.12598824j,-0.19899553-0.29097926j,0.16624473+0.09816817j,-0.20944581-0.07961531j],[-0.06872491+0.03312861j,0.1947938-0.15041097j,-0.07110049+0.05622502j,0.02856455-0.09449501j]],[[0.06211017-0.05948006j,-0.22657491+0.15480659j,0.03362336+0.03520828j,0.03947957+0.04890078j],[0.19073966-0.00803156j,-0.3058599+0.21059499j,0.07168058-0.38162058j,-0.14248693+0.39851692j],[0.07514452-0.06434859j,-0.33919871+0.13935053j,0.06146587+0.12641718j,0.04520346+0.00691829j],[-0.0403409+0.06874339j,0.32989839-0.02185616j,0.01252204-0.30654369j,-0.1336069+0.1139875j]]]", "initial param values": "[4.59881377,3.46757742,3.25337259,4.44029164,3.35439007,5.46428305]", "nelder_mead": {"type": "gradient-free", "0": {"maxiter": 100, "fatol": 1e-05, "xatol": 1e-05, "duration": 0.04015517234802246, "fun": "0.27670906575170395", "nit": "100", "nfev": "161", "status": "2", "success": "False", "message": "Maximum number of iterations has been exceeded.", "x": "[4.39951104 3.35110084 2.98434357 4.29586429 2.65613231 3.20987502]", "final_simplex": "(array([[4.39951104, 3.35110084, 2.98434357, 4.29586429, 2.65613231,\n        3.20987502],\n       [4.34898681, 3.37709445, 2.98879896, 4.28585284, 2.62835307,\n        3.2545412 ],\n       [4.33999469, 3.33222625, 2.98456196, 4.28681212, 2.61688361,\n        3.27135416],\n       [4.29400349, 3.29160325, 2.95946994, 4.33115573, 2.55298459,\n        3.1882266 ],\n       [4.39094159, 3.36189328, 2.98342768, 4.29030832, 2.69391895,\n        3.26803722],\n       [4.3080178 , 3.33397952, 2.96638589, 4.24485883, 2.59851353,\n        3.24655902],\n       [4.34030796, 3.33321645, 2.9334054 , 4.30407371, 2.57975398,\n        3.2066379 ]]), array([0.27670907, 0.27672422, 0.2767317 , 0.27686942, 0.27715219,\n       0.27716658, 0.27717955]))", "callback": [0.5238410411389087, 0.38081803902917144, 0.3627834986981836, 0.3551805762200583, 0.34832141244880643, 0.3235748704663718, 0.2974099301667509, 0.28311939860217317, 0.2786006577015968, 0.27715218656025453]}, "1": {"maxiter": 100, "fatol": 1e-05, "xatol": 1e-10, "duration": 0.03973722457885742, "fun": "0.27670906575170395", "nit": "100", "nfev": "161", "status": "2", "success": "False", "message": "Maximum number of iterations has been exceeded.", "x": "[4.39951104 3.35110084 2.98434357 4.29586429 2.65613231 3.20987502]", "final_simplex": "(array([[4.39951104, 3.35110084, 2.98434357, 4.29586429, 2.65613231,\n        3.20987502],\n       [4.34898681, 3.37709445, 2.98879896, 4.28585284, 2.62835307,\n        3.2545412 ],\n       [4.33999469, 3.33222625, 2.98456196, 4.28681212, 2.61688361,\n        3.27135416],\n       [4.29400349, 3.29160325, 2.95946994, 4.33115573, 2.55298459,\n        3.1882266 ],\n       [4.39094159, 3.36189328, 2.98342768, 4.29030832, 2.69391895,\n        3.26803722],\n       [4.3080178 , 3.33397952, 2.96638589, 4.24485883, 2.59851353,\n        3.24655902],\n       [4.34030796, 3.33321645, 2.9334054 , 4.30407371, 2.57975398,\n        3.2066379 ]]), array([0.27670907, 0.27672422, 0.2767317 , 0.27686942, 0.27715219,\n       0.27716658, 0.27717955]))", "callback": [0.5238410411389087, 0.38081803902917144, 0.3627834986981836, 0.3551805762200583, 0.34832141244880643, 0.3235748704663718, 0.2974099301667509, 0.28311939860217317, 0.2786006577015968, 0.27715218656025453]}, "2": {"maxiter": 100, "fatol": 1e-10, "xatol": 1e-05, "duration": 0.03816390037536621, "fun": "0.27670906575170395", "nit": "100", "nfev": "161", "status": "2", "success": "False", "message": "Maximum number of iterations has been exceeded.", "x": "[4.39951104 3.35110084 2.98434357 4.29586429 2.65613231 3.20987502]", "final_simplex": "(array([[4.39951104, 3.35110084, 2.98434357, 4.29586429, 2.65613231,\n        3.20987502],\n       [4.34898681, 3.37709445, 2.98879896, 4.28585284, 2.62835307,\n        3.2545412 ],\n       [4.33999469, 3.33222625, 2.98456196, 4.28681212, 2.61688361,\n        3.27135416],\n       [4.29400349, 3.29160325, 2.95946994, 4.33115573, 2.55298459,\n        3.1882266 ],\n       [4.39094159, 3.36189328, 2.98342768, 4.29030832, 2.69391895,\n        3.26803722],\n       [4.3080178 , 3.33397952, 2.96638589, 4.24485883, 2.59851353,\n        3.24655902],\n       [4.34030796, 3.33321645, 2.9334054 , 4.30407371, 2.57975398,\n        3.2066379 ]]), array([0.27670907, 0.27672422, 0.2767317 , 0.27686942, 0.27715219,\n       0.27716658, 0.27717955]))", "callback": [0.5238410411389087, 0.38081803902917144, 0.3627834986981836, 0.3551805762200583, 0.34832141244880643, 0.3235748704663718, 0.2974099301667509, 0.28311939860217317, 0.2786006577015968, 0.27715218656025453]}, "3": {"maxiter": 100, "fatol": 1e-10, "xatol": 1e-10, "duration": 0.036708831787109375, "fun": "0.27670906575170395", "nit": "100", "nfev": "161", "status": "2", "success": "False", "message": "Maximum number of iterations has been exceeded.", "x": "[4.39951104 3.35110084 2.98434357 4.29586429 2.65613231 3.20987502]", "final_simplex": "(array([[4.39951104, 3.35110084, 2.98434357, 4.29586429, 2.65613231,\n        3.20987502],\n       [4.34898681, 3.37709445, 2.98879896, 4.28585284, 2.62835307,\n        3.2545412 ],\n       [4.33999469, 3.33222625, 2.98456196, 4.28681212, 2.61688361,\n        3.27135416],\n       [4.29400349, 3.29160325, 2.95946994, 4.33115573, 2.55298459,\n        3.1882266 ],\n       [4.39094159, 3.36189328, 2.98342768, 4.29030832, 2.69391895,\n        3.26803722],\n       [4.3080178 , 3.33397952, 2.96638589, 4.24485883, 2.59851353,\n        3.24655902],\n       [4.34030796, 3.33321645, 2.9334054 , 4.30407371, 2.57975398,\n        3.2066379 ]]), array([0.27670907, 0.27672422, 0.2767317 , 0.27686942, 0.27715219,\n       0.27716658, 0.27717955]))", "callback": [0.5238410411389087, 0.38081803902917144, 0.3627834986981836, 0.3551805762200583, 0.34832141244880643, 0.3235748704663718, 0.2974099301667509, 0.28311939860217317, 0.2786006577015968, 0.27715218656025453]}, "4": {"maxiter": 500, "fatol": 1e-05, "xatol": 1e-05, "duration": 0.10230207443237305, "fun": "0.2762085685726662", "nit": "273", "nfev": "444", "status": "0", "success": "True", "message": "Optimization terminated successfully.", "x": "[4.35676976 3.33870647 3.01387293 4.30463738 2.63937543 3.20056299]", "final_simplex": "(array([[4.35676976, 3.33870647, 3.01387293, 4.30463738, 2.63937543,\n        3.20056299],\n       [4.35676943, 3.3387084 , 3.01387563, 4.30463439, 2.6393766 ,\n        3.20056943],\n       [4.35676989, 3.3386974 , 3.01386787, 4.30464212, 2.6393797 ,\n        3.20056411],\n       [4.35676716, 3.33870521, 3.01386963, 4.30463659, 2.63937056,\n        3.20057139],\n       [4.3567649 , 3.33870613, 3.01387366, 4.30464058, 2.63937207,\n        3.20056836],\n       [4.35677099, 3.33870225, 3.01387723, 4.30464186, 2.63937672,\n        3.200563  ],\n       [4.35676746, 3.33870283, 3.01387825, 4.30463685, 2.63937697,\n        3.20056191]]), array([0.27620857, 0.27620857, 0.27620857, 0.27620857, 0.27620857,\n       0.27620857, 0.27620857]))", "callback": [0.5238410411389087, 0.38081803902917144, 0.3627834986981836, 0.3551805762200583, 0.34832141244880643, 0.3235748704663718, 0.2974099301667509, 0.28311939860217317, 0.2786006577015968, 0.27715218656025453, 0.27665946563737265, 0.27629341184004286, 0.2762248555881953, 0.27621056327571025, 0.27620894838969756, 0.27620870776849227, 0.2762086187701308, 0.27620860228438715, 0.27620858769455037, 0.2762085855917439, 0.2762085780295823, 0.27620857132488297, 0.27620857035330315, 0.27620856884560185, 0.27620856862012333, 0.27620856862012333, 0.2762085685904515, 0.27620856857282394]}, "5": {"maxiter": 500, "fatol": 1e-05, "xatol": 1e-10, "duration": 0.1517019271850586, "fun": "0.27620856856801057", "nit": "371", "nfev": "668", "status": "0", "success": "True", "message": "Optimization terminated successfully.", "x": "[4.35676932 3.33870155 3.0138717  4.30463716 2.6393768  3.20056601]", "final_simplex": "(array([[4.35676932, 3.33870155, 3.0138717 , 4.30463716, 2.6393768 ,\n        3.20056601],\n       [4.35676932, 3.33870155, 3.0138717 , 4.30463716, 2.6393768 ,\n        3.20056601],\n       [4.35676932, 3.33870155, 3.0138717 , 4.30463716, 2.6393768 ,\n        3.20056601],\n       [4.35676932, 3.33870155, 3.0138717 , 4.30463716, 2.6393768 ,\n        3.20056601],\n       [4.35676932, 3.33870155, 3.0138717 , 4.30463716, 2.6393768 ,\n        3.20056601],\n       [4.35676932, 3.33870155, 3.0138717 , 4.30463716, 2.6393768 ,\n        3.20056601],\n       [4.35676932, 3.33870155, 3.0138717 , 4.30463716, 2.6393768 ,\n        3.20056601]]), array([0.27620857, 0.27620857, 0.27620857, 0.27620857, 0.27620857,\n       0.27620857, 0.27620857]))", "callback": [0.5238410411389087, 0.38081803902917144, 0.3627834986981836, 0.3551805762200583, 0.34832141244880643, 0.3235748704663718, 0.2974099301667509, 0.28311939860217317, 0.2786006577015968, 0.27715218656025453, 0.27665946563737265, 0.27629341184004286, 0.2762248555881953, 0.27621056327571025, 0.27620894838969756, 0.27620870776849227, 0.2762086187701308, 0.27620860228438715, 0.27620858769455037, 0.2762085855917439, 0.2762085780295823, 0.27620857132488297, 0.27620857035330315, 0.27620856884560185, 0.27620856862012333, 0.27620856862012333, 0.2762085685904515, 0.27620856857282394, 0.2762085685690937, 0.27620856856815157, 0.2762085685680504, 0.2762085685680211, 0.27620856856801634, 0.27620856856801235, 0.27620856856801146, 0.2762085685680109, 0.27620856856801057, 0.27620856856801057]}, "6": {"maxiter": 500, "fatol": 1e-10, "xatol": 1e-05, "duration": 0.10298418998718262, "fun": "0.2762085685726662", "nit": "273", "nfev": "444", "status": "0", "success": "True", "message": "Optimization terminated successfully.", "x": "[4.35676976 3.33870647 3.01387293 4.30463738 2.63937543 3.20056299]", "final_simplex": "(array([[4.35676976, 3.33870647, 3.01387293, 4.30463738, 2.63937543,\n        3.20056299],\n       [4.35676943, 3.3387084 , 3.01387563, 4.30463439, 2.6393766 ,\n        3.20056943],\n       [4.35676989, 3.3386974 , 3.01386787, 4.30464212, 2.6393797 ,\n        3.20056411],\n       [4.35676716, 3.33870521, 3.01386963, 4.30463659, 2.63937056,\n        3.20057139],\n       [4.3567649 , 3.33870613, 3.01387366, 4.30464058, 2.63937207,\n        3.20056836],\n       [4.35677099, 3.33870225, 3.01387723, 4.30464186, 2.63937672,\n        3.200563  ],\n       [4.35676746, 3.33870283, 3.01387825, 4.30463685, 2.63937697,\n        3.20056191]]), array([0.27620857, 0.27620857, 0.27620857, 0.27620857, 0.27620857,\n       0.27620857, 0.27620857]))", "callback": [0.5238410411389087, 0.38081803902917144, 0.3627834986981836, 0.3551805762200583, 0.34832141244880643, 0.3235748704663718, 0.2974099301667509, 0.28311939860217317, 0.2786006577015968, 0.27715218656025453, 0.27665946563737265, 0.27629341184004286, 0.2762248555881953, 0.27621056327571025, 0.27620894838969756, 0.27620870776849227, 0.2762086187701308, 0.27620860228438715, 0.27620858769455037, 0.2762085855917439, 0.2762085780295823, 0.27620857132488297, 0.27620857035330315, 0.27620856884560185, 0.27620856862012333, 0.27620856862012333, 0.2762085685904515, 0.27620856857282394]}, "7": {"maxiter": 500, "fatol": 1e-10, "xatol": 1e-10, "duration": 0.1651170253753662, "fun": "0.27620856856801057", "nit": "371", "nfev": "668", "status": "0", "success": "True", "message": "Optimization terminated successfully.", "x": "[4.35676932 3.33870155 3.0138717  4.30463716 2.6393768  3.20056601]", "final_simplex": "(array([[4.35676932, 3.33870155, 3.0138717 , 4.30463716, 2.6393768 ,\n        3.20056601],\n       [4.35676932, 3.33870155, 3.0138717 , 4.30463716, 2.6393768 ,\n        3.20056601],\n       [4.35676932, 3.33870155, 3.0138717 , 4.30463716, 2.6393768 ,\n        3.20056601],\n       [4.35676932, 3.33870155, 3.0138717 , 4.30463716, 2.6393768 ,\n        3.20056601],\n       [4.35676932, 3.33870155, 3.0138717 , 4.30463716, 2.6393768 ,\n        3.20056601],\n       [4.35676932, 3.33870155, 3.0138717 , 4.30463716, 2.6393768 ,\n        3.20056601],\n       [4.35676932, 3.33870155, 3.0138717 , 4.30463716, 2.6393768 ,\n        3.20056601]]), array([0.27620857, 0.27620857, 0.27620857, 0.27620857, 0.27620857,\n       0.27620857, 0.27620857]))", "callback": [0.5238410411389087, 0.38081803902917144, 0.3627834986981836, 0.3551805762200583, 0.34832141244880643, 0.3235748704663718, 0.2974099301667509, 0.28311939860217317, 0.2786006577015968, 0.27715218656025453, 0.27665946563737265, 0.27629341184004286, 0.2762248555881953, 0.27621056327571025, 0.27620894838969756, 0.27620870776849227, 0.2762086187701308, 0.27620860228438715, 0.27620858769455037, 0.2762085855917439, 0.2762085780295823, 0.27620857132488297, 0.27620857035330315, 0.27620856884560185, 0.27620856862012333, 0.27620856862012333, 0.2762085685904515, 0.27620856857282394, 0.2762085685690937, 0.27620856856815157, 0.2762085685680504, 0.2762085685680211, 0.27620856856801634, 0.27620856856801235, 0.27620856856801146, 0.2762085685680109, 0.27620856856801057, 0.27620856856801057]}, "8": {"maxiter": 1000, "fatol": 1e-05, "xatol": 1e-05, "duration": 0.10641717910766602, "fun": "0.2762085685726662", "nit": "273", "nfev": "444", "status": "0", "success": "True", "message": "Optimization terminated successfully.", "x": "[4.35676976 3.33870647 3.01387293 4.30463738 2.63937543 3.20056299]", "final_simplex": "(array([[4.35676976, 3.33870647, 3.01387293, 4.30463738, 2.63937543,\n        3.20056299],\n       [4.35676943, 3.3387084 , 3.01387563, 4.30463439, 2.6393766 ,\n        3.20056943],\n       [4.35676989, 3.3386974 , 3.01386787, 4.30464212, 2.6393797 ,\n        3.20056411],\n       [4.35676716, 3.33870521, 3.01386963, 4.30463659, 2.63937056,\n        3.20057139],\n       [4.3567649 , 3.33870613, 3.01387366, 4.30464058, 2.63937207,\n        3.20056836],\n       [4.35677099, 3.33870225, 3.01387723, 4.30464186, 2.63937672,\n        3.200563  ],\n       [4.35676746, 3.33870283, 3.01387825, 4.30463685, 2.63937697,\n        3.20056191]]), array([0.27620857, 0.27620857, 0.27620857, 0.27620857, 0.27620857,\n       0.27620857, 0.27620857]))", "callback": [0.5238410411389087, 0.38081803902917144, 0.3627834986981836, 0.3551805762200583, 0.34832141244880643, 0.3235748704663718, 0.2974099301667509, 0.28311939860217317, 0.2786006577015968, 0.27715218656025453, 0.27665946563737265, 0.27629341184004286, 0.2762248555881953, 0.27621056327571025, 0.27620894838969756, 0.27620870776849227, 0.2762086187701308, 0.27620860228438715, 0.27620858769455037, 0.2762085855917439, 0.2762085780295823, 0.27620857132488297, 0.27620857035330315, 0.27620856884560185, 0.27620856862012333, 0.27620856862012333, 0.2762085685904515, 0.27620856857282394]}, "9": {"maxiter": 1000, "fatol": 1e-05, "xatol": 1e-10, "duration": 0.152968168258667, "fun": "0.27620856856801057", "nit": "371", "nfev": "668", "status": "0", "success": "True", "message": "Optimization terminated successfully.", "x": "[4.35676932 3.33870155 3.0138717  4.30463716 2.6393768  3.20056601]", "final_simplex": "(array([[4.35676932, 3.33870155, 3.0138717 , 4.30463716, 2.6393768 ,\n        3.20056601],\n       [4.35676932, 3.33870155, 3.0138717 , 4.30463716, 2.6393768 ,\n        3.20056601],\n       [4.35676932, 3.33870155, 3.0138717 , 4.30463716, 2.6393768 ,\n        3.20056601],\n       [4.35676932, 3.33870155, 3.0138717 , 4.30463716, 2.6393768 ,\n        3.20056601],\n       [4.35676932, 3.33870155, 3.0138717 , 4.30463716, 2.6393768 ,\n        3.20056601],\n       [4.35676932, 3.33870155, 3.0138717 , 4.30463716, 2.6393768 ,\n        3.20056601],\n       [4.35676932, 3.33870155, 3.0138717 , 4.30463716, 2.6393768 ,\n        3.20056601]]), array([0.27620857, 0.27620857, 0.27620857, 0.27620857, 0.27620857,\n       0.27620857, 0.27620857]))", "callback": [0.5238410411389087, 0.38081803902917144, 0.3627834986981836, 0.3551805762200583, 0.34832141244880643, 0.3235748704663718, 0.2974099301667509, 0.28311939860217317, 0.2786006577015968, 0.27715218656025453, 0.27665946563737265, 0.27629341184004286, 0.2762248555881953, 0.27621056327571025, 0.27620894838969756, 0.27620870776849227, 0.2762086187701308, 0.27620860228438715, 0.27620858769455037, 0.2762085855917439, 0.2762085780295823, 0.27620857132488297, 0.27620857035330315, 0.27620856884560185, 0.27620856862012333, 0.27620856862012333, 0.2762085685904515, 0.27620856857282394, 0.2762085685690937, 0.27620856856815157, 0.2762085685680504, 0.2762085685680211, 0.27620856856801634, 0.27620856856801235, 0.27620856856801146, 0.2762085685680109, 0.27620856856801057, 0.27620856856801057]}, "10": {"maxiter": 1000, "fatol": 1e-10, "xatol": 1e-05, "duration": 0.10672712326049805, "fun": "0.2762085685726662", "nit": "273", "nfev": "444", "status": "0", "success": "True", "message": "Optimization terminated successfully.", "x": "[4.35676976 3.33870647 3.01387293 4.30463738 2.63937543 3.20056299]", "final_simplex": "(array([[4.35676976, 3.33870647, 3.01387293, 4.30463738, 2.63937543,\n        3.20056299],\n       [4.35676943, 3.3387084 , 3.01387563, 4.30463439, 2.6393766 ,\n        3.20056943],\n       [4.35676989, 3.3386974 , 3.01386787, 4.30464212, 2.6393797 ,\n        3.20056411],\n       [4.35676716, 3.33870521, 3.01386963, 4.30463659, 2.63937056,\n        3.20057139],\n       [4.3567649 , 3.33870613, 3.01387366, 4.30464058, 2.63937207,\n        3.20056836],\n       [4.35677099, 3.33870225, 3.01387723, 4.30464186, 2.63937672,\n        3.200563  ],\n       [4.35676746, 3.33870283, 3.01387825, 4.30463685, 2.63937697,\n        3.20056191]]), array([0.27620857, 0.27620857, 0.27620857, 0.27620857, 0.27620857,\n       0.27620857, 0.27620857]))", "callback": [0.5238410411389087, 0.38081803902917144, 0.3627834986981836, 0.3551805762200583, 0.34832141244880643, 0.3235748704663718, 0.2974099301667509, 0.28311939860217317, 0.2786006577015968, 0.27715218656025453, 0.27665946563737265, 0.27629341184004286, 0.2762248555881953, 0.27621056327571025, 0.27620894838969756, 0.27620870776849227, 0.2762086187701308, 0.27620860228438715, 0.27620858769455037, 0.2762085855917439, 0.2762085780295823, 0.27620857132488297, 0.27620857035330315, 0.27620856884560185, 0.27620856862012333, 0.27620856862012333, 0.2762085685904515, 0.27620856857282394]}, "11": {"maxiter": 1000, "fatol": 1e-10, "xatol": 1e-10, "duration": 0.15659499168395996, "fun": "0.27620856856801057", "nit": "371", "nfev": "668", "status": "0", "success": "True", "message": "Optimization terminated successfully.", "x": "[4.35676932 3.33870155 3.0138717  4.30463716 2.6393768  3.20056601]", "final_simplex": "(array([[4.35676932, 3.33870155, 3.0138717 , 4.30463716, 2.6393768 ,\n        3.20056601],\n       [4.35676932, 3.33870155, 3.0138717 , 4.30463716, 2.6393768 ,\n        3.20056601],\n       [4.35676932, 3.33870155, 3.0138717 , 4.30463716, 2.6393768 ,\n        3.20056601],\n       [4.35676932, 3.33870155, 3.0138717 , 4.30463716, 2.6393768 ,\n        3.20056601],\n       [4.35676932, 3.33870155, 3.0138717 , 4.30463716, 2.6393768 ,\n        3.20056601],\n       [4.35676932, 3.33870155, 3.0138717 , 4.30463716, 2.6393768 ,\n        3.20056601],\n       [4.35676932, 3.33870155, 3.0138717 , 4.30463716, 2.6393768 ,\n        3.20056601]]), array([0.27620857, 0.27620857, 0.27620857, 0.27620857, 0.27620857,\n       0.27620857, 0.27620857]))", "callback": [0.5238410411389087, 0.38081803902917144, 0.3627834986981836, 0.3551805762200583, 0.34832141244880643, 0.3235748704663718, 0.2974099301667509, 0.28311939860217317, 0.2786006577015968, 0.27715218656025453, 0.27665946563737265, 0.27629341184004286, 0.2762248555881953, 0.27621056327571025, 0.27620894838969756, 0.27620870776849227, 0.2762086187701308, 0.27620860228438715, 0.27620858769455037, 0.2762085855917439, 0.2762085780295823, 0.27620857132488297, 0.27620857035330315, 0.27620856884560185, 0.27620856862012333, 0.27620856862012333, 0.2762085685904515, 0.27620856857282394, 0.2762085685690937, 0.27620856856815157, 0.2762085685680504, 0.2762085685680211, 0.27620856856801634, 0.27620856856801235, 0.27620856856801146, 0.2762085685680109, 0.27620856856801057, 0.27620856856801057]}}, "bfgs": {"type": "gradient", "0": {"maxiter": 100, "gtol": 1e-05, "xrtol": 1e-05, "eps": 1e-05, "duration": 0.03664398193359375, "fun": "0.27620856865872057", "jac": "[-2.89651636e-06  2.29266606e-06  5.07544007e-06  1.07562848e-06\n -7.18503035e-07 -5.77093928e-07]", "hess_inv": "[[ 5.3801143   0.85711876  1.72245763 -0.47573374  3.19812628 -1.15526734]\n [ 0.85711876  5.16199936  2.35944283 -1.17659906  1.13213592  1.70877212]\n [ 1.72245763  2.35944283  4.428915   -0.66632018  1.88505974  0.35267621]\n [-0.47573374 -1.17659906 -0.66632018  3.5200599  -0.60955683 -1.05360603]\n [ 3.19812628  1.13213592  1.88505974 -0.60955683  6.62800351  0.67644984]\n [-1.15526734  1.70877212  0.35267621 -1.05360603  0.67644984  6.74708839]]", "nfev": "154", "njev": "22", "status": "0", "success": "True", "message": "Optimization terminated successfully.", "x": "[4.35674518 3.33870648 3.0138778  4.304638   2.6393539  3.20056298]", "nit": "18", "callback": [0.4023570874489927, 0.3911862010651994, 0.36401637284417354, 0.3346696060088048, 0.3154055868436755, 0.28807627277012304, 0.28016196874590904, 0.2790303434369864, 0.2773858738301308, 0.27668031322624, 0.2764927601823569, 0.27632010978591326, 0.27627214619604823, 0.27623227530940697, 0.27621367102433736, 0.27620892016597587, 0.2762085789796903, 0.27620856865872057]}, "1": {"maxiter": 100, "gtol": 1e-05, "xrtol": 1e-05, "eps": 1e-10, "duration": 0.03718400001525879, "fun": "0.2762085686948751", "jac": "[-6.66133760e-06  0.00000000e+00  2.22044587e-06  0.00000000e+00\n -3.33066880e-06 -3.33066880e-06]", "hess_inv": "[[ 5.41362309  0.88878484  1.72807603 -0.47044921  3.20837335 -1.15919227]\n [ 0.88878484  5.17887029  2.36677554 -1.17585384  1.15913     1.70546239]\n [ 1.72807603  2.36677554  4.42855627 -0.66344543  1.87938784  0.34839203]\n [-0.47044921 -1.17585384 -0.66344543  3.51979317 -0.6035698  -1.05335065]\n [ 3.20837335  1.15913     1.87938784 -0.6035698   6.60675182  0.67105063]\n [-1.15919227  1.70546239  0.34839203 -1.05335065  0.67105063  6.7439171 ]]", "nfev": "154", "njev": "22", "status": "0", "success": "True", "message": "Optimization terminated successfully.", "x": "[4.35674467 3.33871029 3.01388393 4.30463687 2.6393536  3.20056095]", "nit": "18", "callback": [0.4023571442524295, 0.3911863136330038, 0.3640154376398186, 0.3346673110174585, 0.315404418598625, 0.2880756950761657, 0.2801623543044546, 0.27903076074598, 0.2773859416798957, 0.2766804249560946, 0.27649274948854163, 0.2763202720897556, 0.2762721764037327, 0.27623231364696055, 0.27621371074330414, 0.2762089266384943, 0.27620857933828535, 0.2762085686948751]}, "2": {"maxiter": 100, "gtol": 1e-05, "xrtol": 1e-10, "eps": 1e-05, "duration": 0.03715991973876953, "fun": "0.27620856865872057", "jac": "[-2.89651636e-06  2.29266606e-06  5.07544007e-06  1.07562848e-06\n -7.18503035e-07 -5.77093928e-07]", "hess_inv": "[[ 5.3801143   0.85711876  1.72245763 -0.47573374  3.19812628 -1.15526734]\n [ 0.85711876  5.16199936  2.35944283 -1.17659906  1.13213592  1.70877212]\n [ 1.72245763  2.35944283  4.428915   -0.66632018  1.88505974  0.35267621]\n [-0.47573374 -1.17659906 -0.66632018  3.5200599  -0.60955683 -1.05360603]\n [ 3.19812628  1.13213592  1.88505974 -0.60955683  6.62800351  0.67644984]\n [-1.15526734  1.70877212  0.35267621 -1.05360603  0.67644984  6.74708839]]", "nfev": "154", "njev": "22", "status": "0", "success": "True", "message": "Optimization terminated successfully.", "x": "[4.35674518 3.33870648 3.0138778  4.304638   2.6393539  3.20056298]", "nit": "18", "callback": [0.4023570874489927, 0.3911862010651994, 0.36401637284417354, 0.3346696060088048, 0.3154055868436755, 0.28807627277012304, 0.28016196874590904, 0.2790303434369864, 0.2773858738301308, 0.27668031322624, 0.2764927601823569, 0.27632010978591326, 0.27627214619604823, 0.27623227530940697, 0.27621367102433736, 0.27620892016597587, 0.2762085789796903, 0.27620856865872057]}, "3": {"maxiter": 100, "gtol": 1e-05, "xrtol": 1e-10, "eps": 1e-10, "duration": 0.03739333152770996, "fun": "0.2762085686948751", "jac": "[-6.66133760e-06  0.00000000e+00  2.22044587e-06  0.00000000e+00\n -3.33066880e-06 -3.33066880e-06]", "hess_inv": "[[ 5.41362309  0.88878484  1.72807603 -0.47044921  3.20837335 -1.15919227]\n [ 0.88878484  5.17887029  2.36677554 -1.17585384  1.15913     1.70546239]\n [ 1.72807603  2.36677554  4.42855627 -0.66344543  1.87938784  0.34839203]\n [-0.47044921 -1.17585384 -0.66344543  3.51979317 -0.6035698  -1.05335065]\n [ 3.20837335  1.15913     1.87938784 -0.6035698   6.60675182  0.67105063]\n [-1.15919227  1.70546239  0.34839203 -1.05335065  0.67105063  6.7439171 ]]", "nfev": "154", "njev": "22", "status": "0", "success": "True", "message": "Optimization terminated successfully.", "x": "[4.35674467 3.33871029 3.01388393 4.30463687 2.6393536  3.20056095]", "nit": "18", "callback": [0.4023571442524295, 0.3911863136330038, 0.3640154376398186, 0.3346673110174585, 0.315404418598625, 0.2880756950761657, 0.2801623543044546, 0.27903076074598, 0.2773859416798957, 0.2766804249560946, 0.27649274948854163, 0.2763202720897556, 0.2762721764037327, 0.27623231364696055, 0.27621371074330414, 0.2762089266384943, 0.27620857933828535, 0.2762085686948751]}, "4": {"maxiter": 100, "gtol": 1e-10, "xrtol": 1e-05, "eps": 1e-05, "duration": 0.03814101219177246, "fun": "0.2762085686184612", "jac": "[-2.30049313e-07 -7.69495578e-08  4.15256718e-07 -2.18713936e-09\n  2.17015295e-07 -9.30477917e-08]", "hess_inv": "[[ 5.39123153  0.75867586  1.67169372 -0.48272889  3.23983224 -1.15958138]\n [ 0.75867586  5.45440764  2.65814282 -1.17122141  1.07198035  1.75775687]\n [ 1.67169372  2.65814282  4.6214527  -0.64910444  1.77510356  0.37518262]\n [-0.48272889 -1.17122141 -0.64910444  3.51893831 -0.60561286 -1.04983859]\n [ 3.23983224  1.07198035  1.77510356 -0.60561286  6.61948132  0.65451086]\n [-1.15958138  1.75775687  0.37518262 -1.04983859  0.65451086  6.74856171]]", "nfev": "161", "njev": "23", "status": "0", "success": "True", "message": "Optimization terminated successfully.", "x": "[4.35675275 3.33868573 3.01385528 4.30463775 2.6393576  3.20055918]", "nit": "19", "callback": [0.4023570874489927, 0.3911862010651994, 0.36401637284417354, 0.3346696060088048, 0.3154055868436755, 0.28807627277012304, 0.28016196874590904, 0.2790303434369864, 0.2773858738301308, 0.27668031322624, 0.2764927601823569, 0.27632010978591326, 0.27627214619604823, 0.27623227530940697, 0.27621367102433736, 0.27620892016597587, 0.2762085789796903, 0.27620856865872057, 0.2762085686184612]}, "5": {"maxiter": 100, "gtol": 1e-10, "xrtol": 1e-05, "eps": 1e-10, "duration": 0.03800702095031738, "fun": "0.2762085686262279", "jac": "[-1.11022293e-06 -1.11022293e-06  1.11022293e-06 -1.11022293e-06\n  1.11022293e-06  0.00000000e+00]", "hess_inv": "[[ 5.41278769  0.36691723  1.51267816 -0.51235152  3.41378272 -1.16342306]\n [ 0.36691723  4.87845355  2.1775246  -1.09313216  0.67020157  1.48772366]\n [ 1.51267816  2.1775246   4.32352321 -0.63456351  1.70339197  0.25803572]\n [-0.51235152 -1.09313216 -0.63456351  3.53504893 -0.68508038 -1.07003799]\n [ 3.41378272  0.67020157  1.70339197 -0.68508038  7.03931432  0.75223254]\n [-1.16342306  1.48772366  0.25803572 -1.07003799  0.75223254  6.74054875]]", "nfev": "161", "njev": "23", "status": "0", "success": "True", "message": "Optimization terminated successfully.", "x": "[4.35678486 3.33871509 3.01389094 4.30462903 2.63939851 3.20057758]", "nit": "19", "callback": [0.4023571442524295, 0.3911863136330038, 0.3640154376398186, 0.3346673110174585, 0.315404418598625, 0.2880756950761657, 0.2801623543044546, 0.27903076074598, 0.2773859416798957, 0.2766804249560946, 0.27649274948854163, 0.2763202720897556, 0.2762721764037327, 0.27623231364696055, 0.27621371074330414, 0.2762089266384943, 0.27620857933828535, 0.2762085686948751, 0.2762085686262279]}, "6": {"maxiter": 100, "gtol": 1e-10, "xrtol": 1e-10, "eps": 1e-05, "duration": 0.10263895988464355, "fun": "0.2762085686184612", "jac": "[-2.30049313e-07 -7.69495578e-08  4.15256718e-07 -2.18713936e-09\n  2.17015295e-07 -9.30477917e-08]", "hess_inv": "[[ 5.35967126  0.79578254  1.66679397 -0.47727968  3.17349635 -1.13978505]\n [ 0.79578254  5.48818085  2.81860266 -1.18456501  1.22968515  1.72828344]\n [ 1.66679397  2.81860266  4.92988403 -0.66212269  1.9241208   0.36586809]\n [-0.47727968 -1.18456501 -0.66212269  3.51861912 -0.60130304 -1.05270116]\n [ 3.17349635  1.22968515  1.9241208  -0.60130304  6.56214124  0.68973731]\n [-1.13978505  1.72828344  0.36586809 -1.05270116  0.68973731  6.73664069]]", "nfev": "439", "njev": "61", "status": "2", "success": "False", "message": "Desired error not necessarily achieved due to precision loss.", "x": "[4.35675275 3.33868573 3.01385528 4.30463775 2.6393576  3.20055918]", "nit": "19", "callback": [0.4023570874489927, 0.3911862010651994, 0.36401637284417354, 0.3346696060088048, 0.3154055868436755, 0.28807627277012304, 0.28016196874590904, 0.2790303434369864, 0.2773858738301308, 0.27668031322624, 0.2764927601823569, 0.27632010978591326, 0.27627214619604823, 0.27623227530940697, 0.27621367102433736, 0.27620892016597587, 0.2762085789796903, 0.27620856865872057, 0.2762085686184612]}, "7": {"maxiter": 100, "gtol": 1e-10, "xrtol": 1e-10, "eps": 1e-10, "duration": 0.06492018699645996, "fun": "0.2762085686120189", "jac": "[6.66133760e-06 3.33066880e-06 0.00000000e+00 2.22044587e-06\n 0.00000000e+00 0.00000000e+00]", "hess_inv": "[[  2.44704036  -1.20477229   0.31243897   0.58173191   0.0985927\n   -0.50145912]\n [ -1.20477229  34.51679281  42.34690551 -12.98726356  -5.17243762\n   32.74647382]\n [  0.31243897  42.34690551  57.99263235 -16.5647049   -5.57831406\n   41.3782558 ]\n [  0.58173191 -12.98726356 -16.5647049    8.03968321   2.48497923\n  -13.51950385]\n [  0.0985927   -5.17243762  -5.57831406   2.48497923   3.50254771\n   -3.30253921]\n [ -0.50145912  32.74647382  41.3782558  -13.51950385  -3.30253921\n   37.61611002]]", "nfev": "280", "njev": "40", "status": "0", "success": "True", "message": "Optimization terminated successfully.", "x": "[4.35678905 3.33871017 3.01387838 4.3046347  2.63939783 3.20056781]", "nit": "22", "callback": [0.4023571442524295, 0.3911863136330038, 0.3640154376398186, 0.3346673110174585, 0.315404418598625, 0.2880756950761657, 0.2801623543044546, 0.27903076074598, 0.2773859416798957, 0.2766804249560946, 0.27649274948854163, 0.2763202720897556, 0.2762721764037327, 0.27623231364696055, 0.27621371074330414, 0.2762089266384943, 0.27620857933828535, 0.2762085686948751, 0.2762085686262279, 0.2762085686177248, 0.2762085686120189, 0.2762085686120189]}, "8": {"maxiter": 500, "gtol": 1e-05, "xrtol": 1e-05, "eps": 1e-05, "duration": 0.03619790077209473, "fun": "0.27620856865872057", "jac": "[-2.89651636e-06  2.29266606e-06  5.07544007e-06  1.07562848e-06\n -7.18503035e-07 -5.77093928e-07]", "hess_inv": "[[ 5.3801143   0.85711876  1.72245763 -0.47573374  3.19812628 -1.15526734]\n [ 0.85711876  5.16199936  2.35944283 -1.17659906  1.13213592  1.70877212]\n [ 1.72245763  2.35944283  4.428915   -0.66632018  1.88505974  0.35267621]\n [-0.47573374 -1.17659906 -0.66632018  3.5200599  -0.60955683 -1.05360603]\n [ 3.19812628  1.13213592  1.88505974 -0.60955683  6.62800351  0.67644984]\n [-1.15526734  1.70877212  0.35267621 -1.05360603  0.67644984  6.74708839]]", "nfev": "154", "njev": "22", "status": "0", "success": "True", "message": "Optimization terminated successfully.", "x": "[4.35674518 3.33870648 3.0138778  4.304638   2.6393539  3.20056298]", "nit": "18", "callback": [0.4023570874489927, 0.3911862010651994, 0.36401637284417354, 0.3346696060088048, 0.3154055868436755, 0.28807627277012304, 0.28016196874590904, 0.2790303434369864, 0.2773858738301308, 0.27668031322624, 0.2764927601823569, 0.27632010978591326, 0.27627214619604823, 0.27623227530940697, 0.27621367102433736, 0.27620892016597587, 0.2762085789796903, 0.27620856865872057]}, "9": {"maxiter": 500, "gtol": 1e-05, "xrtol": 1e-05, "eps": 1e-10, "duration": 0.036582231521606445, "fun": "0.2762085686948751", "jac": "[-6.66133760e-06  0.00000000e+00  2.22044587e-06  0.00000000e+00\n -3.33066880e-06 -3.33066880e-06]", "hess_inv": "[[ 5.41362309  0.88878484  1.72807603 -0.47044921  3.20837335 -1.15919227]\n [ 0.88878484  5.17887029  2.36677554 -1.17585384  1.15913     1.70546239]\n [ 1.72807603  2.36677554  4.42855627 -0.66344543  1.87938784  0.34839203]\n [-0.47044921 -1.17585384 -0.66344543  3.51979317 -0.6035698  -1.05335065]\n [ 3.20837335  1.15913     1.87938784 -0.6035698   6.60675182  0.67105063]\n [-1.15919227  1.70546239  0.34839203 -1.05335065  0.67105063  6.7439171 ]]", "nfev": "154", "njev": "22", "status": "0", "success": "True", "message": "Optimization terminated successfully.", "x": "[4.35674467 3.33871029 3.01388393 4.30463687 2.6393536  3.20056095]", "nit": "18", "callback": [0.4023571442524295, 0.3911863136330038, 0.3640154376398186, 0.3346673110174585, 0.315404418598625, 0.2880756950761657, 0.2801623543044546, 0.27903076074598, 0.2773859416798957, 0.2766804249560946, 0.27649274948854163, 0.2763202720897556, 0.2762721764037327, 0.27623231364696055, 0.27621371074330414, 0.2762089266384943, 0.27620857933828535, 0.2762085686948751]}, "10": {"maxiter": 500, "gtol": 1e-05, "xrtol": 1e-10, "eps": 1e-05, "duration": 0.03609108924865723, "fun": "0.27620856865872057", "jac": "[-2.89651636e-06  2.29266606e-06  5.07544007e-06  1.07562848e-06\n -7.18503035e-07 -5.77093928e-07]", "hess_inv": "[[ 5.3801143   0.85711876  1.72245763 -0.47573374  3.19812628 -1.15526734]\n [ 0.85711876  5.16199936  2.35944283 -1.17659906  1.13213592  1.70877212]\n [ 1.72245763  2.35944283  4.428915   -0.66632018  1.88505974  0.35267621]\n [-0.47573374 -1.17659906 -0.66632018  3.5200599  -0.60955683 -1.05360603]\n [ 3.19812628  1.13213592  1.88505974 -0.60955683  6.62800351  0.67644984]\n [-1.15526734  1.70877212  0.35267621 -1.05360603  0.67644984  6.74708839]]", "nfev": "154", "njev": "22", "status": "0", "success": "True", "message": "Optimization terminated successfully.", "x": "[4.35674518 3.33870648 3.0138778  4.304638   2.6393539  3.20056298]", "nit": "18", "callback": [0.4023570874489927, 0.3911862010651994, 0.36401637284417354, 0.3346696060088048, 0.3154055868436755, 0.28807627277012304, 0.28016196874590904, 0.2790303434369864, 0.2773858738301308, 0.27668031322624, 0.2764927601823569, 0.27632010978591326, 0.27627214619604823, 0.27623227530940697, 0.27621367102433736, 0.27620892016597587, 0.2762085789796903, 0.27620856865872057]}, "11": {"maxiter": 500, "gtol": 1e-05, "xrtol": 1e-10, "eps": 1e-10, "duration": 0.03560805320739746, "fun": "0.2762085686948751", "jac": "[-6.66133760e-06  0.00000000e+00  2.22044587e-06  0.00000000e+00\n -3.33066880e-06 -3.33066880e-06]", "hess_inv": "[[ 5.41362309  0.88878484  1.72807603 -0.47044921  3.20837335 -1.15919227]\n [ 0.88878484  5.17887029  2.36677554 -1.17585384  1.15913     1.70546239]\n [ 1.72807603  2.36677554  4.42855627 -0.66344543  1.87938784  0.34839203]\n [-0.47044921 -1.17585384 -0.66344543  3.51979317 -0.6035698  -1.05335065]\n [ 3.20837335  1.15913     1.87938784 -0.6035698   6.60675182  0.67105063]\n [-1.15919227  1.70546239  0.34839203 -1.05335065  0.67105063  6.7439171 ]]", "nfev": "154", "njev": "22", "status": "0", "success": "True", "message": "Optimization terminated successfully.", "x": "[4.35674467 3.33871029 3.01388393 4.30463687 2.6393536  3.20056095]", "nit": "18", "callback": [0.4023571442524295, 0.3911863136330038, 0.3640154376398186, 0.3346673110174585, 0.315404418598625, 0.2880756950761657, 0.2801623543044546, 0.27903076074598, 0.2773859416798957, 0.2766804249560946, 0.27649274948854163, 0.2763202720897556, 0.2762721764037327, 0.27623231364696055, 0.27621371074330414, 0.2762089266384943, 0.27620857933828535, 0.2762085686948751]}, "12": {"maxiter": 500, "gtol": 1e-10, "xrtol": 1e-05, "eps": 1e-05, "duration": 0.03992915153503418, "fun": "0.2762085686184612", "jac": "[-2.30049313e-07 -7.69495578e-08  4.15256718e-07 -2.18713936e-09\n  2.17015295e-07 -9.30477917e-08]", "hess_inv": "[[ 5.39123153  0.75867586  1.67169372 -0.48272889  3.23983224 -1.15958138]\n [ 0.75867586  5.45440764  2.65814282 -1.17122141  1.07198035  1.75775687]\n [ 1.67169372  2.65814282  4.6214527  -0.64910444  1.77510356  0.37518262]\n [-0.48272889 -1.17122141 -0.64910444  3.51893831 -0.60561286 -1.04983859]\n [ 3.23983224  1.07198035  1.77510356 -0.60561286  6.61948132  0.65451086]\n [-1.15958138  1.75775687  0.37518262 -1.04983859  0.65451086  6.74856171]]", "nfev": "161", "njev": "23", "status": "0", "success": "True", "message": "Optimization terminated successfully.", "x": "[4.35675275 3.33868573 3.01385528 4.30463775 2.6393576  3.20055918]", "nit": "19", "callback": [0.4023570874489927, 0.3911862010651994, 0.36401637284417354, 0.3346696060088048, 0.3154055868436755, 0.28807627277012304, 0.28016196874590904, 0.2790303434369864, 0.2773858738301308, 0.27668031322624, 0.2764927601823569, 0.27632010978591326, 0.27627214619604823, 0.27623227530940697, 0.27621367102433736, 0.27620892016597587, 0.2762085789796903, 0.27620856865872057, 0.2762085686184612]}, "13": {"maxiter": 500, "gtol": 1e-10, "xrtol": 1e-05, "eps": 1e-10, "duration": 0.03879499435424805, "fun": "0.2762085686262279", "jac": "[-1.11022293e-06 -1.11022293e-06  1.11022293e-06 -1.11022293e-06\n  1.11022293e-06  0.00000000e+00]", "hess_inv": "[[ 5.41278769  0.36691723  1.51267816 -0.51235152  3.41378272 -1.16342306]\n [ 0.36691723  4.87845355  2.1775246  -1.09313216  0.67020157  1.48772366]\n [ 1.51267816  2.1775246   4.32352321 -0.63456351  1.70339197  0.25803572]\n [-0.51235152 -1.09313216 -0.63456351  3.53504893 -0.68508038 -1.07003799]\n [ 3.41378272  0.67020157  1.70339197 -0.68508038  7.03931432  0.75223254]\n [-1.16342306  1.48772366  0.25803572 -1.07003799  0.75223254  6.74054875]]", "nfev": "161", "njev": "23", "status": "0", "success": "True", "message": "Optimization terminated successfully.", "x": "[4.35678486 3.33871509 3.01389094 4.30462903 2.63939851 3.20057758]", "nit": "19", "callback": [0.4023571442524295, 0.3911863136330038, 0.3640154376398186, 0.3346673110174585, 0.315404418598625, 0.2880756950761657, 0.2801623543044546, 0.27903076074598, 0.2773859416798957, 0.2766804249560946, 0.27649274948854163, 0.2763202720897556, 0.2762721764037327, 0.27623231364696055, 0.27621371074330414, 0.2762089266384943, 0.27620857933828535, 0.2762085686948751, 0.2762085686262279]}, "14": {"maxiter": 500, "gtol": 1e-10, "xrtol": 1e-10, "eps": 1e-05, "duration": 0.10199308395385742, "fun": "0.2762085686184612", "jac": "[-2.30049313e-07 -7.69495578e-08  4.15256718e-07 -2.18713936e-09\n  2.17015295e-07 -9.30477917e-08]", "hess_inv": "[[ 5.35967126  0.79578254  1.66679397 -0.47727968  3.17349635 -1.13978505]\n [ 0.79578254  5.48818085  2.81860266 -1.18456501  1.22968515  1.72828344]\n [ 1.66679397  2.81860266  4.92988403 -0.66212269  1.9241208   0.36586809]\n 