{"date": "2024/09/24/, 18:26:26", "conf_id": 20, "data_type": "random\n", "num_data_points": 2, "s_rank": 0, "unitary": "[[-0.45070455-0.02711853j,0.78437395-0.06613086j,0.06358678+0.19963393j,-0.07343613+0.35668523j],[-0.01890143-0.03813363j,0.32408202+0.25557629j,0.05872864-0.68979805j,0.55466693-0.20227297j],[-0.11215405+0.64023111j,-0.13344055+0.29565494j,-0.49012687-0.19046288j,-0.04241254+0.44046348j],[0.55771659+0.24656916j,0.31851997-0.05798805j,0.28761525-0.34294258j,-0.56718418+0.03616933j]]", "databatch_0": {"databatch": "[[[0.0574941+0.27191649j,-0.03828138-0.02951819j,0.09104237+0.11543044j,0.03547516-0.17983907j],[0.55888957+0.3092445j,-0.10887831+0.02209086j,0.3375126+0.01551426j,-0.25904754-0.33221467j],[-0.10820122-0.03164467j,0.01789542-0.00801392j,-0.05872171+0.01037813j,0.05745461+0.04719355j],[-0.20498101+0.18191094j,0.00662293-0.04720515j,-0.05451123+0.13432779j,0.17142274-0.05732334j]],[[-0.136856-0.02592408j,-0.03424675-0.10063785j,-0.02968067-0.03172417j,-0.01737855+0.01410467j],[0.05201387+0.30408559j,-0.18239109+0.14889246j,-0.04289321+0.08613089j,0.04271113+0.02516281j],[0.20030685+0.13759281j,-0.01605496+0.18476916j,0.02509427+0.07151948j,0.03766409-0.01030649j],[-0.47715508+0.43012638j,-0.46508728-0.15514464j,-0.19931902+0.02043208j,0.00328243+0.10317409j]]]", "initial param values": "[5.52222078,3.89097999,3.56530618,4.03368935,5.07902263,4.44945987]", "nelder_mead": {"type": "gradient-free", "0": {"maxiter": 100, "fatol": 1e-05, "xatol": 1e-05, "duration": 0.03581500053405762, "fun": "0.1419204086202609", "nit": "100", "nfev": "158", "status": "2", "success": "False", "message": "Maximum number of iterations has been exceeded.", "x": "[7.7600597  1.84358101 4.77805389 1.34228709 5.0325843  3.11251794]", "final_simplex": "(array([[7.7600597 , 1.84358101, 4.77805389, 1.34228709, 5.0325843 ,\n        3.11251794],\n       [7.62837341, 1.94337011, 5.10609872, 1.24224501, 4.96590048,\n        3.02195937],\n       [7.71230207, 1.91505046, 5.05914383, 1.06585349, 5.04889395,\n        3.09000407],\n       [7.83373487, 1.67136645, 5.18578778, 1.05020131, 5.08773369,\n        2.88171918],\n       [7.74649377, 1.79950636, 4.82916634, 1.26719318, 5.03331717,\n        2.98830884],\n       [7.65072563, 1.85327419, 4.95689895, 1.3192197 , 5.17982466,\n        3.03387983],\n       [7.81449144, 1.9198066 , 4.97638832, 1.22188643, 4.96432638,\n        2.97538416]]), array([0.14192041, 0.14363614, 0.14389154, 0.14594906, 0.14654479,\n       0.14704082, 0.14901531]))", "callback": [0.7907455504519323, 0.639099354471275, 0.6000645443170627, 0.5399753488586477, 0.45959941105215796, 0.4255985474130577, 0.32074286537306995, 0.21738587404139187, 0.16626094630727317, 0.14654478579710994]}, "1": {"maxiter": 100, "fatol": 1e-05, "xatol": 1e-10, "duration": 0.03585314750671387, "fun": "0.1419204086202609", "nit": "100", "nfev": "158", "status": "2", "success": "False", "message": "Maximum number of iterations has been exceeded.", "x": "[7.7600597  1.84358101 4.77805389 1.34228709 5.0325843  3.11251794]", "final_simplex": "(array([[7.7600597 , 1.84358101, 4.77805389, 1.34228709, 5.0325843 ,\n        3.11251794],\n       [7.62837341, 1.94337011, 5.10609872, 1.24224501, 4.96590048,\n        3.02195937],\n       [7.71230207, 1.91505046, 5.05914383, 1.06585349, 5.04889395,\n        3.09000407],\n       [7.83373487, 1.67136645, 5.18578778, 1.05020131, 5.08773369,\n        2.88171918],\n       [7.74649377, 1.79950636, 4.82916634, 1.26719318, 5.03331717,\n        2.98830884],\n       [7.65072563, 1.85327419, 4.95689895, 1.3192197 , 5.17982466,\n        3.03387983],\n       [7.81449144, 1.9198066 , 4.97638832, 1.22188643, 4.96432638,\n        2.97538416]]), array([0.14192041, 0.14363614, 0.14389154, 0.14594906, 0.14654479,\n       0.14704082, 0.14901531]))", "callback": [0.7907455504519323, 0.639099354471275, 0.6000645443170627, 0.5399753488586477, 0.45959941105215796, 0.4255985474130577, 0.32074286537306995, 0.21738587404139187, 0.16626094630727317, 0.14654478579710994]}, "2": {"maxiter": 100, "fatol": 1e-10, "xatol": 1e-05, "duration": 0.03523826599121094, "fun": "0.1419204086202609", "nit": "100", "nfev": "158", "status": "2", "success": "False", "message": "Maximum number of iterations has been exceeded.", "x": "[7.7600597  1.84358101 4.77805389 1.34228709 5.0325843  3.11251794]", "final_simplex": "(array([[7.7600597 , 1.84358101, 4.77805389, 1.34228709, 5.0325843 ,\n        3.11251794],\n       [7.62837341, 1.94337011, 5.10609872, 1.24224501, 4.96590048,\n        3.02195937],\n       [7.71230207, 1.91505046, 5.05914383, 1.06585349, 5.04889395,\n        3.09000407],\n       [7.83373487, 1.67136645, 5.18578778, 1.05020131, 5.08773369,\n        2.88171918],\n       [7.74649377, 1.79950636, 4.82916634, 1.26719318, 5.03331717,\n        2.98830884],\n       [7.65072563, 1.85327419, 4.95689895, 1.3192197 , 5.17982466,\n        3.03387983],\n       [7.81449144, 1.9198066 , 4.97638832, 1.22188643, 4.96432638,\n        2.97538416]]), array([0.14192041, 0.14363614, 0.14389154, 0.14594906, 0.14654479,\n       0.14704082, 0.14901531]))", "callback": [0.7907455504519323, 0.639099354471275, 0.6000645443170627, 0.5399753488586477, 0.45959941105215796, 0.4255985474130577, 0.32074286537306995, 0.21738587404139187, 0.16626094630727317, 0.14654478579710994]}, "3": {"maxiter": 100, "fatol": 1e-10, "xatol": 1e-10, "duration": 0.03459906578063965, "fun": "0.1419204086202609", "nit": "100", "nfev": "158", "status": "2", "success": "False", "message": "Maximum number of iterations has been exceeded.", "x": "[7.7600597  1.84358101 4.77805389 1.34228709 5.0325843  3.11251794]", "final_simplex": "(array([[7.7600597 , 1.84358101, 4.77805389, 1.34228709, 5.0325843 ,\n        3.11251794],\n       [7.62837341, 1.94337011, 5.10609872, 1.24224501, 4.96590048,\n        3.02195937],\n       [7.71230207, 1.91505046, 5.05914383, 1.06585349, 5.04889395,\n        3.09000407],\n       [7.83373487, 1.67136645, 5.18578778, 1.05020131, 5.08773369,\n        2.88171918],\n       [7.74649377, 1.79950636, 4.82916634, 1.26719318, 5.03331717,\n        2.98830884],\n       [7.65072563, 1.85327419, 4.95689895, 1.3192197 , 5.17982466,\n        3.03387983],\n       [7.81449144, 1.9198066 , 4.97638832, 1.22188643, 4.96432638,\n        2.97538416]]), array([0.14192041, 0.14363614, 0.14389154, 0.14594906, 0.14654479,\n       0.14704082, 0.14901531]))", "callback": [0.7907455504519323, 0.639099354471275, 0.6000645443170627, 0.5399753488586477, 0.45959941105215796, 0.4255985474130577, 0.32074286537306995, 0.21738587404139187, 0.16626094630727317, 0.14654478579710994]}, "4": {"maxiter": 500, "fatol": 1e-05, "xatol": 1e-05, "duration": 0.12896108627319336, "fun": "0.09096274339062382", "nit": "368", "nfev": "585", "status": "0", "success": "True", "message": "Optimization terminated successfully.", "x": "[7.89506546 1.52874621 5.50097867 1.1182166  4.72049178 3.71600428]", "final_simplex": "(array([[7.89506546, 1.52874621, 5.50097867, 1.1182166 , 4.72049178,\n        3.71600428],\n       [7.89506513, 1.52874987, 5.50098644, 1.11821248, 4.72048785,\n        3.71600444],\n       [7.89507373, 1.52874319, 5.5009851 , 1.11820943, 4.72048951,\n        3.71600464],\n       [7.89507487, 1.528751  , 5.50098551, 1.11820942, 4.72049362,\n        3.71600116],\n       [7.89506926, 1.52874511, 5.50098095, 1.11820959, 4.72048261,\n        3.71600854],\n       [7.89506737, 1.52874928, 5.50098554, 1.118217  , 4.72049246,\n        3.71599692],\n       [7.89506844, 1.52874438, 5.50097341, 1.11821019, 4.72050088,\n        3.71599616]]), array([0.09096274, 0.09096274, 0.09096274, 0.09096274, 0.09096274,\n       0.09096274, 0.09096274]))", "callback": [0.7907455504519323, 0.639099354471275, 0.6000645443170627, 0.5399753488586477, 0.45959941105215796, 0.4255985474130577, 0.32074286537306995, 0.21738587404139187, 0.16626094630727317, 0.14654478579710994, 0.14077031733599277, 0.12559260846832854, 0.11265845403233499, 0.09611724409271594, 0.09523691128980716, 0.09186514353150599, 0.09127085721922246, 0.09114992690407064, 0.09102860556607406, 0.09099698135934775, 0.09098166263139673, 0.09097413856763459, 0.09096637105499095, 0.09096409842508157, 0.09096409453909682, 0.09096349448913332, 0.09096334176242515, 0.09096324608279638, 0.09096315429799262, 0.0909629283214296, 0.09096279056833645, 0.09096276576713724, 0.09096275381042851, 0.09096274562014006, 0.0909627436091599, 0.09096274343572053, 0.09096274339848942]}, "5": {"maxiter": 500, "fatol": 1e-05, "xatol": 1e-10, "duration": 0.1907792091369629, "fun": "0.09096274338337595", "nit": "500", "nfev": "842", "status": "2", "success": "False", "message": "Maximum number of iterations has been exceeded.", "x": "[7.89506869 1.52874613 5.50097913 1.11821376 4.72049245 3.71601121]", "final_simplex": "(array([[7.89506869, 1.52874613, 5.50097913, 1.11821376, 4.72049245,\n        3.71601121],\n       [7.89506869, 1.52874613, 5.50097913, 1.11821376, 4.72049245,\n        3.71601121],\n       [7.89506869, 1.52874613, 5.50097913, 1.11821376, 4.72049245,\n        3.71601121],\n       [7.89506869, 1.52874613, 5.50097913, 1.11821376, 4.72049245,\n        3.71601121],\n       [7.89506869, 1.52874613, 5.50097913, 1.11821376, 4.72049245,\n        3.71601121],\n       [7.89506869, 1.52874613, 5.50097913, 1.11821376, 4.72049245,\n        3.71601121],\n       [7.89506869, 1.52874613, 5.50097913, 1.11821376, 4.72049245,\n        3.71601121]]), array([0.09096274, 0.09096274, 0.09096274, 0.09096274, 0.09096274,\n       0.09096274, 0.09096274]))", "callback": [0.7907455504519323, 0.639099354471275, 0.6000645443170627, 0.5399753488586477, 0.45959941105215796, 0.4255985474130577, 0.32074286537306995, 0.21738587404139187, 0.16626094630727317, 0.14654478579710994, 0.14077031733599277, 0.12559260846832854, 0.11265845403233499, 0.09611724409271594, 0.09523691128980716, 0.09186514353150599, 0.09127085721922246, 0.09114992690407064, 0.09102860556607406, 0.09099698135934775, 0.09098166263139673, 0.09097413856763459, 0.09096637105499095, 0.09096409842508157, 0.09096409453909682, 0.09096349448913332, 0.09096334176242515, 0.09096324608279638, 0.09096315429799262, 0.0909629283214296, 0.09096279056833645, 0.09096276576713724, 0.09096275381042851, 0.09096274562014006, 0.0909627436091599, 0.09096274343572053, 0.09096274339848942, 0.09096274339062382, 0.09096274338603294, 0.09096274338471388, 0.09096274338366894, 0.09096274338347643, 0.09096274338341981, 0.09096274338338994, 0.0909627433833815, 0.09096274338337751, 0.0909627433833764, 0.09096274338337618, 0.09096274338337595, 0.09096274338337595]}, "6": {"maxiter": 500, "fatol": 1e-10, "xatol": 1e-05, "duration": 0.13046813011169434, "fun": "0.09096274339062382", "nit": "368", "nfev": "585", "status": "0", "success": "True", "message": "Optimization terminated successfully.", "x": "[7.89506546 1.52874621 5.50097867 1.1182166  4.72049178 3.71600428]", "final_simplex": "(array([[7.89506546, 1.52874621, 5.50097867, 1.1182166 , 4.72049178,\n        3.71600428],\n       [7.89506513, 1.52874987, 5.50098644, 1.11821248, 4.72048785,\n        3.71600444],\n       [7.89507373, 1.52874319, 5.5009851 , 1.11820943, 4.72048951,\n        3.71600464],\n       [7.89507487, 1.528751  , 5.50098551, 1.11820942, 4.72049362,\n        3.71600116],\n       [7.89506926, 1.52874511, 5.50098095, 1.11820959, 4.72048261,\n        3.71600854],\n       [7.89506737, 1.52874928, 5.50098554, 1.118217  , 4.72049246,\n        3.71599692],\n       [7.89506844, 1.52874438, 5.50097341, 1.11821019, 4.72050088,\n        3.71599616]]), array([0.09096274, 0.09096274, 0.09096274, 0.09096274, 0.09096274,\n       0.09096274, 0.09096274]))", "callback": [0.7907455504519323, 0.639099354471275, 0.6000645443170627, 0.5399753488586477, 0.45959941105215796, 0.4255985474130577, 0.32074286537306995, 0.21738587404139187, 0.16626094630727317, 0.14654478579710994, 0.14077031733599277, 0.12559260846832854, 0.11265845403233499, 0.09611724409271594, 0.09523691128980716, 0.09186514353150599, 0.09127085721922246, 0.09114992690407064, 0.09102860556607406, 0.09099698135934775, 0.09098166263139673, 0.09097413856763459, 0.09096637105499095, 0.09096409842508157, 0.09096409453909682, 0.09096349448913332, 0.09096334176242515, 0.09096324608279638, 0.09096315429799262, 0.0909629283214296, 0.09096279056833645, 0.09096276576713724, 0.09096275381042851, 0.09096274562014006, 0.0909627436091599, 0.09096274343572053, 0.09096274339848942]}, "7": {"maxiter": 500, "fatol": 1e-10, "xatol": 1e-10, "duration": 0.18808388710021973, "fun": "0.09096274338337595", "nit": "500", "nfev": "842", "status": "2", "success": "False", "message": "Maximum number of iterations has been exceeded.", "x": "[7.89506869 1.52874613 5.50097913 1.11821376 4.72049245 3.71601121]", "final_simplex": "(array([[7.89506869, 1.52874613, 5.50097913, 1.11821376, 4.72049245,\n        3.71601121],\n       [7.89506869, 1.52874613, 5.50097913, 1.11821376, 4.72049245,\n        3.71601121],\n       [7.89506869, 1.52874613, 5.50097913, 1.11821376, 4.72049245,\n        3.71601121],\n       [7.89506869, 1.52874613, 5.50097913, 1.11821376, 4.72049245,\n        3.71601121],\n       [7.89506869, 1.52874613, 5.50097913, 1.11821376, 4.72049245,\n        3.71601121],\n       [7.89506869, 1.52874613, 5.50097913, 1.11821376, 4.72049245,\n        3.71601121],\n       [7.89506869, 1.52874613, 5.50097913, 1.11821376, 4.72049245,\n        3.71601121]]), array([0.09096274, 0.09096274, 0.09096274, 0.09096274, 0.09096274,\n       0.09096274, 0.09096274]))", "callback": [0.7907455504519323, 0.639099354471275, 0.6000645443170627, 0.5399753488586477, 0.45959941105215796, 0.4255985474130577, 0.32074286537306995, 0.21738587404139187, 0.16626094630727317, 0.14654478579710994, 0.14077031733599277, 0.12559260846832854, 0.11265845403233499, 0.09611724409271594, 0.09523691128980716, 0.09186514353150599, 0.09127085721922246, 0.09114992690407064, 0.09102860556607406, 0.09099698135934775, 0.09098166263139673, 0.09097413856763459, 0.09096637105499095, 0.09096409842508157, 0.09096409453909682, 0.09096349448913332, 0.09096334176242515, 0.09096324608279638, 0.09096315429799262, 0.0909629283214296, 0.09096279056833645, 0.09096276576713724, 0.09096275381042851, 0.09096274562014006, 0.0909627436091599, 0.09096274343572053, 0.09096274339848942, 0.09096274339062382, 0.09096274338603294, 0.09096274338471388, 0.09096274338366894, 0.09096274338347643, 0.09096274338341981, 0.09096274338338994, 0.0909627433833815, 0.09096274338337751, 0.0909627433833764, 0.09096274338337618, 0.09096274338337595, 0.09096274338337595]}, "8": {"maxiter": 1000, "fatol": 1e-05, "xatol": 1e-05, "duration": 0.13242506980895996, "fun": "0.09096274339062382", "nit": "368", "nfev": "585", "status": "0", "success": "True", "message": "Optimization terminated successfully.", "x": "[7.89506546 1.52874621 5.50097867 1.1182166  4.72049178 3.71600428]", "final_simplex": "(array([[7.89506546, 1.52874621, 5.50097867, 1.1182166 , 4.72049178,\n        3.71600428],\n       [7.89506513, 1.52874987, 5.50098644, 1.11821248, 4.72048785,\n        3.71600444],\n       [7.89507373, 1.52874319, 5.5009851 , 1.11820943, 4.72048951,\n        3.71600464],\n       [7.89507487, 1.528751  , 5.50098551, 1.11820942, 4.72049362,\n        3.71600116],\n       [7.89506926, 1.52874511, 5.50098095, 1.11820959, 4.72048261,\n        3.71600854],\n       [7.89506737, 1.52874928, 5.50098554, 1.118217  , 4.72049246,\n        3.71599692],\n       [7.89506844, 1.52874438, 5.50097341, 1.11821019, 4.72050088,\n        3.71599616]]), array([0.09096274, 0.09096274, 0.09096274, 0.09096274, 0.09096274,\n       0.09096274, 0.09096274]))", "callback": [0.7907455504519323, 0.639099354471275, 0.6000645443170627, 0.5399753488586477, 0.45959941105215796, 0.4255985474130577, 0.32074286537306995, 0.21738587404139187, 0.16626094630727317, 0.14654478579710994, 0.14077031733599277, 0.12559260846832854, 0.11265845403233499, 0.09611724409271594, 0.09523691128980716, 0.09186514353150599, 0.09127085721922246, 0.09114992690407064, 0.09102860556607406, 0.09099698135934775, 0.09098166263139673, 0.09097413856763459, 0.09096637105499095, 0.09096409842508157, 0.09096409453909682, 0.09096349448913332, 0.09096334176242515, 0.09096324608279638, 0.09096315429799262, 0.0909629283214296, 0.09096279056833645, 0.09096276576713724, 0.09096275381042851, 0.09096274562014006, 0.0909627436091599, 0.09096274343572053, 0.09096274339848942]}, "9": {"maxiter": 1000, "fatol": 1e-05, "xatol": 1e-10, "duration": 0.19855523109436035, "fun": "0.09096274338337595", "nit": "504", "nfev": "855", "status": "0", "success": "True", "message": "Optimization terminated successfully.", "x": "[7.89506869 1.52874613 5.50097913 1.11821376 4.72049245 3.71601121]", "final_simplex": "(array([[7.89506869, 1.52874613, 5.50097913, 1.11821376, 4.72049245,\n        3.71601121],\n       [7.89506869, 1.52874613, 5.50097913, 1.11821376, 4.72049245,\n        3.71601121],\n       [7.89506869, 1.52874613, 5.50097913, 1.11821376, 4.72049245,\n        3.71601121],\n       [7.89506869, 1.52874613, 5.50097913, 1.11821376, 4.72049245,\n        3.71601121],\n       [7.89506869, 1.52874613, 5.50097913, 1.11821376, 4.72049245,\n        3.71601121],\n       [7.89506869, 1.52874613, 5.50097913, 1.11821376, 4.72049245,\n        3.71601121],\n       [7.89506869, 1.52874613, 5.50097913, 1.11821376, 4.72049245,\n        3.71601121]]), array([0.09096274, 0.09096274, 0.09096274, 0.09096274, 0.09096274,\n       0.09096274, 0.09096274]))", "callback": [0.7907455504519323, 0.639099354471275, 0.6000645443170627, 0.5399753488586477, 0.45959941105215796, 0.4255985474130577, 0.32074286537306995, 0.21738587404139187, 0.16626094630727317, 0.14654478579710994, 0.14077031733599277, 0.12559260846832854, 0.11265845403233499, 0.09611724409271594, 0.09523691128980716, 0.09186514353150599, 0.09127085721922246, 0.09114992690407064, 0.09102860556607406, 0.09099698135934775, 0.09098166263139673, 0.09097413856763459, 0.09096637105499095, 0.09096409842508157, 0.09096409453909682, 0.09096349448913332, 0.09096334176242515, 0.09096324608279638, 0.09096315429799262, 0.0909629283214296, 0.09096279056833645, 0.09096276576713724, 0.09096275381042851, 0.09096274562014006, 0.0909627436091599, 0.09096274343572053, 0.09096274339848942, 0.09096274339062382, 0.09096274338603294, 0.09096274338471388, 0.09096274338366894, 0.09096274338347643, 0.09096274338341981, 0.09096274338338994, 0.0909627433833815, 0.09096274338337751, 0.0909627433833764, 0.09096274338337618, 0.09096274338337595, 0.09096274338337595, 0.09096274338337595]}, "10": {"maxiter": 1000, "fatol": 1e-10, "xatol": 1e-05, "duration": 0.17708110809326172, "fun": "0.09096274339062382", "nit": "368", "nfev": "585", "status": "0", "success": "True", "message": "Optimization terminated successfully.", "x": "[7.89506546 1.52874621 5.50097867 1.1182166  4.72049178 3.71600428]", "final_simplex": "(array([[7.89506546, 1.52874621, 5.50097867, 1.1182166 , 4.72049178,\n        3.71600428],\n       [7.89506513, 1.52874987, 5.50098644, 1.11821248, 4.72048785,\n        3.71600444],\n       [7.89507373, 1.52874319, 5.5009851 , 1.11820943, 4.72048951,\n        3.71600464],\n       [7.89507487, 1.528751  , 5.50098551, 1.11820942, 4.72049362,\n        3.71600116],\n       [7.89506926, 1.52874511, 5.50098095, 1.11820959, 4.72048261,\n        3.71600854],\n       [7.89506737, 1.52874928, 5.50098554, 1.118217  , 4.72049246,\n        3.71599692],\n       [7.89506844, 1.52874438, 5.50097341, 1.11821019, 4.72050088,\n        3.71599616]]), array([0.09096274, 0.09096274, 0.09096274, 0.09096274, 0.09096274,\n       0.09096274, 0.09096274]))", "callback": [0.7907455504519323, 0.639099354471275, 0.6000645443170627, 0.5399753488586477, 0.45959941105215796, 0.4255985474130577, 0.32074286537306995, 0.21738587404139187, 0.16626094630727317, 0.14654478579710994, 0.14077031733599277, 0.12559260846832854, 0.11265845403233499, 0.09611724409271594, 0.09523691128980716, 0.09186514353150599, 0.09127085721922246, 0.09114992690407064, 0.09102860556607406, 0.09099698135934775, 0.09098166263139673, 0.09097413856763459, 0.09096637105499095, 0.09096409842508157, 0.09096409453909682, 0.09096349448913332, 0.09096334176242515, 0.09096324608279638, 0.09096315429799262, 0.0909629283214296, 0.09096279056833645, 0.09096276576713724, 0.09096275381042851, 0.09096274562014006, 0.0909627436091599, 0.09096274343572053, 0.09096274339848942]}, "11": {"maxiter": 1000, "fatol": 1e-10, "xatol": 1e-10, "duration": 0.1938920021057129, "fun": "0.09096274338337595", "nit": "504", "nfev": "855", "status": "0", "success": "True", "message": "Optimization terminated successfully.", "x": "[7.89506869 1.52874613 5.50097913 1.11821376 4.72049245 3.71601121]", "final_simplex": "(array([[7.89506869, 1.52874613, 5.50097913, 1.11821376, 4.72049245,\n        3.71601121],\n       [7.89506869, 1.52874613, 5.50097913, 1.11821376, 4.72049245,\n        3.71601121],\n       [7.89506869, 1.52874613, 5.50097913, 1.11821376, 4.72049245,\n        3.71601121],\n       [7.89506869, 1.52874613, 5.50097913, 1.11821376, 4.72049245,\n        3.71601121],\n       [7.89506869, 1.52874613, 5.50097913, 1.11821376, 4.72049245,\n        3.71601121],\n       [7.89506869, 1.52874613, 5.50097913, 1.11821376, 4.72049245,\n        3.71601121],\n       [7.89506869, 1.52874613, 5.50097913, 1.11821376, 4.72049245,\n        3.71601121]]), array([0.09096274, 0.09096274, 0.09096274, 0.09096274, 0.09096274,\n       0.09096274, 0.09096274]))", "callback": [0.7907455504519323, 0.639099354471275, 0.6000645443170627, 0.5399753488586477, 0.45959941105215796, 0.4255985474130577, 0.32074286537306995, 0.21738587404139187, 0.16626094630727317, 0.14654478579710994, 0.14077031733599277, 0.12559260846832854, 0.11265845403233499, 0.09611724409271594, 0.09523691128980716, 0.09186514353150599, 0.09127085721922246, 0.09114992690407064, 0.09102860556607406, 0.09099698135934775, 0.09098166263139673, 0.09097413856763459, 0.09096637105499095, 0.09096409842508157, 0.09096409453909682, 0.09096349448913332, 0.09096334176242515, 0.09096324608279638, 0.09096315429799262, 0.0909629283214296, 0.09096279056833645, 0.09096276576713724, 0.09096275381042851, 0.09096274562014006, 0.0909627436091599, 0.09096274343572053, 0.09096274339848942, 0.09096274339062382, 0.09096274338603294, 0.09096274338471388, 0.09096274338366894, 0.09096274338347643, 0.09096274338341981, 0.09096274338338994, 0.0909627433833815, 0.09096274338337751, 0.0909627433833764, 0.09096274338337618, 0.09096274338337595, 0.09096274338337595, 0.09096274338337595]}}, "bfgs": {"type": "gradient", "0": {"maxiter": 100, "gtol": 1e-05, "xrtol": 1e-05, "eps": 1e-05, "duration": 0.0625460147857666, "fun": "0.09096274341120036", "jac": "[-1.49646961e-07 -2.28816965e-07  1.84152693e-07  4.89608354e-09\n -4.99433828e-07 -1.45872203e-07]", "hess_inv": "[[ 3.64075498 -0.21286704  2.37237143 -1.44116963 -0.41906264  0.86803696]\n [-0.21286704  3.34589732  0.53541426 -0.08141125  0.71755336 -1.93438265]\n [ 2.37237143  0.53541426  9.01844919 -2.10633263 -2.69580064  1.42136332]\n [-1.44116963 -0.08141125 -2.10633263  3.72283542  1.4942227  -0.68759013]\n [-0.41906264  0.71755336 -2.69580064  1.4942227   5.31855708 -3.4656746 ]\n [ 0.86803696 -1.93438265  1.42136332 -0.68759013 -3.4656746   8.02477078]]", "nfev": "259", "njev": "37", "status": "0", "success": "True", "message": "Optimization terminated successfully.", "x": "[ 7.89506226  1.52873986 -0.7822094   1.11820968  4.72048341  3.71601241]", "nit": "29", "callback": [0.6520880630035804, 0.5984632759714656, 0.5835707182683103, 0.5559085615532284, 0.5126871317807545, 0.4914488548484084, 0.42128933241359656, 0.4137572028725762, 0.40125251771806136, 0.37854545954812124, 0.337734920325903, 0.28729401091939655, 0.24867646394948717, 0.22105175889942652, 0.19153070946205664, 0.14850228022428402, 0.12290124403567348, 0.11102001999197664, 0.10002435092999262, 0.09741048673773378, 0.0956491564597528, 0.09415984586038695, 0.09199824661138001, 0.09107083069507893, 0.09097443799173621, 0.09096290344445279, 0.09096276012229843, 0.09096274425176365, 0.09096274341120036]}, "1": {"maxiter": 100, "gtol": 1e-05, "xrtol": 1e-05, "eps": 1e-10, "duration": 0.06569814682006836, "fun": "0.09096274355556311", "jac": "[-4.44089173e-06 -9.99200639e-06  0.00000000e+00 -4.44089173e-06\n -2.22044587e-06 -8.88178346e-06]", "hess_inv": "[[ 3.46972129 -0.0306019   2.14502612 -1.29484294 -0.49473281  0.77614253]\n [-0.0306019   3.50003484  0.92335832 -0.13976168  0.52332521 -1.54462895]\n [ 2.14502612  0.92335832  8.69016542 -1.85005889 -2.85485595  1.37052915]\n [-1.29484294 -0.13976168 -1.85005889  3.62106919  1.45535272 -0.48002046]\n [-0.49473281  0.52332521 -2.85485595  1.45535272  5.47341327 -3.71301929]\n [ 0.77614253 -1.54462895  1.37052915 -0.48002046 -3.71301929  8.27545156]]", "nfev": "259", "njev": "37", "status": "0", "success": "True", "message": "Optimization terminated successfully.", "x": "[ 7.89505623  1.52873132 -0.78222421  1.11821343  4.72050059  3.7159805 ]", "nit": "29", "callback": [0.6520872619176485, 0.5984618791417196, 0.5835691213377547, 0.5559068155143855, 0.5126849687884463, 0.4914458832595612, 0.42129452414395563, 0.4137625480189624, 0.4012663610863374, 0.37857859716952236, 0.337801019107584, 0.28740540456391406, 0.2488813734008969, 0.22119313552992081, 0.1919277859002282, 0.14907502174178489, 0.12301776250911534, 0.11119639747515686, 0.10003823678350887, 0.09742346603318541, 0.09566330198747064, 0.09417208452889791, 0.09200340345103941, 0.09106902937674344, 0.090974302450055, 0.09096290756066105, 0.09096276127616021, 0.0909627446586383, 0.09096274355556311]}, "2": {"maxiter": 100, "gtol": 1e-05, "xrtol": 1e-10, "eps": 1e-05, "duration": 0.05917620658874512, "fun": "0.09096274341120036", "jac": "[-1.49646961e-07 -2.28816965e-07  1.84152693e-07  4.89608354e-09\n -4.99433828e-07 -1.45872203e-07]", "hess_inv": "[[ 3.64075498 -0.21286704  2.37237143 -1.44116963 -0.41906264  0.86803696]\n [-0.21286704  3.34589732  0.53541426 -0.08141125  0.71755336 -1.93438265]\n [ 2.37237143  0.53541426  9.01844919 -2.10633263 -2.69580064  1.42136332]\n [-1.44116963 -0.08141125 -2.10633263  3.72283542  1.4942227  -0.68759013]\n [-0.41906264  0.71755336 -2.69580064  1.4942227   5.31855708 -3.4656746 ]\n [ 0.86803696 -1.93438265  1.42136332 -0.68759013 -3.4656746   8.02477078]]", "nfev": "259", "njev": "37", "status": "0", "success": "True", "message": "Optimization terminated successfully.", "x": "[ 7.89506226  1.52873986 -0.7822094   1.11820968  4.72048341  3.71601241]", "nit": "29", "callback": [0.6520880630035804, 0.5984632759714656, 0.5835707182683103, 0.5559085615532284, 0.5126871317807545, 0.4914488548484084, 0.42128933241359656, 0.4137572028725762, 0.40125251771806136, 0.37854545954812124, 0.337734920325903, 0.28729401091939655, 0.24867646394948717, 0.22105175889942652, 0.19153070946205664, 0.14850228022428402, 0.12290124403567348, 0.11102001999197664, 0.10002435092999262, 0.09741048673773378, 0.0956491564597528, 0.09415984586038695, 0.09199824661138001, 0.09107083069507893, 0.09097443799173621, 0.09096290344445279, 0.09096276012229843, 0.09096274425176365, 0.09096274341120036]}, "3": {"maxiter": 100, "gtol": 1e-05, "xrtol": 1e-10, "eps": 1e-10, "duration": 0.05816507339477539, "fun": "0.09096274355556311", "jac": "[-4.44089173e-06 -9.99200639e-06  0.00000000e+00 -4.44089173e-06\n -2.22044587e-06 -8.88178346e-06]", "hess_inv": "[[ 3.46972129 -0.0306019   2.14502612 -1.29484294 -0.49473281  0.77614253]\n [-0.0306019   3.50003484  0.92335832 -0.13976168  0.52332521 -1.54462895]\n [ 2.14502612  0.92335832  8.69016542 -1.85005889 -2.85485595  1.37052915]\n [-1.29484294 -0.13976168 -1.85005889  3.62106919  1.45535272 -0.48002046]\n [-0.49473281  0.52332521 -2.85485595  1.45535272  5.47341327 -3.71301929]\n [ 0.77614253 -1.54462895  1.37052915 -0.48002046 -3.71301929  8.27545156]]", "nfev": "259", "njev": "37", "status": "0", "success": "True", "message": "Optimization terminated successfully.", "x": "[ 7.89505623  1.52873132 -0.78222421  1.11821343  4.72050059  3.7159805 ]", "nit": "29", "callback": [0.6520872619176485, 0.5984618791417196, 0.5835691213377547, 0.5559068155143855, 0.5126849687884463, 0.4914458832595612, 0.42129452414395563, 0.4137625480189624, 0.4012663610863374, 0.37857859716952236, 0.337801019107584, 0.28740540456391406, 0.2488813734008969, 0.22119313552992081, 0.1919277859002282, 0.14907502174178489, 0.12301776250911534, 0.11119639747515686, 0.10003823678350887, 0.09742346603318541, 0.09566330198747064, 0.09417208452889791, 0.09200340345103941, 0.09106902937674344, 0.090974302450055, 0.09096290756066105, 0.09096276127616021, 0.0909627446586383, 0.09096274355556311]}, "4": {"maxiter": 100, "gtol": 1e-10, "xrtol": 1e-05, "eps": 1e-05, "duration": 0.05804181098937988, "fun": "0.09096274341120036", "jac": "[-1.49646961e-07 -2.28816965e-07  1.84152693e-07  4.89608354e-09\n -4.99433828e-07 -1.45872203e-07]", "hess_inv": "[[ 3.64075498 -0.21286704  2.37237143 -1.44116963 -0.41906264  0.86803696]\n [-0.21286704  3.34589732  0.53541426 -0.08141125  0.71755336 -1.93438265]\n [ 2.37237143  0.53541426  9.01844919 -2.10633263 -2.69580064  1.42136332]\n [-1.44116963 -0.08141125 -2.10633263  3.72283542  1.4942227  -0.68759013]\n [-0.41906264  0.71755336 -2.69580064  1.4942227   5.31855708 -3.4656746 ]\n [ 0.86803696 -1.93438265  1.42136332 -0.68759013 -3.4656746   8.02477078]]", "nfev": "259", "njev": "37", "status": "0", "success": "True", "message": "Optimization terminated successfully.", "x": "[ 7.89506226  1.52873986 -0.7822094   1.11820968  4.72048341  3.71601241]", "nit": "29", "callback": [0.6520880630035804, 0.5984632759714656, 0.5835707182683103, 0.5559085615532284, 0.5126871317807545, 0.4914488548484084, 0.42128933241359656, 0.4137572028725762, 0.40125251771806136, 0.37854545954812124, 0.337734920325903, 0.28729401091939655, 0.24867646394948717, 0.22105175889942652, 0.19153070946205664, 0.14850228022428402, 0.12290124403567348, 0.11102001999197664, 0.10002435092999262, 0.09741048673773378, 0.0956491564597528, 0.09415984586038695, 0.09199824661138001, 0.09107083069507893, 0.09097443799173621, 0.09096290344445279, 0.09096276012229843, 0.09096274425176365, 0.09096274341120036]}, "5": {"maxiter": 100, "gtol": 1e-10, "xrtol": 1e-05, "eps": 1e-10, "duration": 0.06047201156616211, "fun": "0.09096274339178612", "jac": "[-1.11022293e-06 -3.33066880e-06 -3.33066880e-06 -3.33066880e-06\n -1.11022293e-06  0.00000000e+00]", "hess_inv": "[[ 3.43921061 -0.20416337  1.90533457 -1.35596433 -0.28088904  0.48628492]\n [-0.20416337  3.27120137  0.76654981 -0.22357827  0.62471991 -2.1027588 ]\n [ 1.90533457  0.76654981  8.72690963 -1.91042026 -2.94889488  0.82870204]\n [-1.35596433 -0.22357827 -1.91042026  3.59042841  1.49580931 -0.68121723]\n [-0.28088904  0.62471991 -2.94889488  1.49580931  5.61391719 -3.28499255]\n [ 0.48628492 -2.1027588   0.82870204 -0.68121723 -3.28499255  7.09029463]]", "nfev": "266", "njev": "38", "status": "0", "success": "True", "message": "Optimization terminated successfully.", "x": "[ 7.89506713  1.52874482 -0.78221576  1.11821839  4.72049552  3.71601431]", "nit": "30", "callback": [0.6520872619176485, 0.5984618791417196, 0.5835691213377547, 0.5559068155143855, 0.5126849687884463, 0.4914458832595612, 0.42129452414395563, 0.4137625480189624, 0.4012663610863374, 0.37857859716952236, 0.337801019107584, 0.28740540456391406, 0.2488813734008969, 0.22119313552992081, 0.1919277859002282, 0.14907502174178489, 0.12301776250911534, 0.11119639747515686, 0.10003823678350887, 0.09742346603318541, 0.09566330198747064, 0.09417208452889791, 0.09200340345103941, 0.09106902937674344, 0.090974302450055, 0.09096290756066105, 0.09096276127616021, 0.0909627446586383, 0.09096274355556311, 0.09096274339178612]}, "6": {"maxiter": 100, "gtol": 1e-10, "xrtol": 1e-10, "eps": 1e-05, "duration": 0.09961819648742676, "fun": "0.09096274340577748", "jac": "[-2.19269047e-08 -3.61932706e-08  3.68594044e-08  4.48086013e-08\n  3.25295346e-08  8.64863736e-09]", "hess_inv": "[[ 3.63655697 -0.17508275  2.27121431 -1.40227823 -0.3027492   0.82041734]\n [-0.17508275  3.38044132  0.40240395 -0.13631625  0.81377842 -2.00253276]\n [ 2.27121431  0.40240395  9.35353967 -1.91955092 -2.85784923  1.58107831]\n [-1.40227823 -0.13631625 -1.91955092  3.55664004  1.19981111 -0.59682113]\n [-0.3027492   0.81377842 -2.85784923  1.19981111  5.22495071 -3.53683177]\n [ 0.82041734 -2.00253276  1.58107831 -0.59682113 -3.53683177  8.09961575]]", "nfev": "446", "njev": "62", "status": "2", "success": "False", "message": "Desired error not necessarily achieved due to precision loss.", "x": "[ 7.89506226  1.52874055 -0.78221176  1.11821044  4.72048623  3.71601124]", "nit": "30", "callback": [0.6520880630035804, 0.5984632759714656, 0.5835707182683103, 0.5559085615532284, 0.5126871317807545, 0.4914488548484084, 0.42128933241359656, 0.4137572028725762, 0.40125251771806136, 0.37854545954812124, 0.337734920325903, 0.28729401091939655, 0.24867646394948717, 0.22105175889942652, 0.19153070946205664, 0.14850228022428402, 0.12290124403567348, 0.11102001999197664, 0.10002435092999262, 0.09741048673773378, 0.0956491564597528, 0.09415984586038695, 0.09199824661138001, 0.09107083069507893, 0.09097443799173621, 0.09096290344445279, 0.09096276012229843, 0.09096274425176365, 0.09096274341120036, 0.09096274340577748]}, "7": {"maxiter": 100, "gtol": 1e-10, "xrtol": 1e-10, "eps": 1e-10, "duration": 0.08618497848510742, "fun": "0.09096274339140586", "jac": "[ 2.22044587e-06  2.22044587e-06 -1.11022293e-06  0.00000000e+00\n -1.11022293e-06  3.33066880e-06]", "hess_inv": "[[ 2.54020932 -0.25298228 -0.56406408 -1.13324552  0.30629938 -1.13516173]\n [-0.25298228  1.39187942 -0.57483653 -0.33943919  0.26931802  0.49054437]\n [-0.56406408 -0.57483653  0.88259665  0.84847352 -0.42440583  0.01801059]\n [-1.13324552 -0.33943919  0.84847352  1.31534605 -1.28899312  0.90664438]\n [ 0.30629938  0.26931802 -0.42440583 -1.28899312  2.83416673 -1.78091203]\n [-1.13516173  0.49054437  0.01801059  0.90664438 -1.78091203  1.80457716]]", "nfev": "385", "njev": "55", "status": "0", "success": "True", "message": "Optimization terminated successfully.", "x": "[ 7.89506766  1.52874604 -0.78221383  1.11821878  4.72049551  3.71601441]", "nit": "34", "callback": [0.6520872619176485, 0.5984618791417196, 0.5835691213377547, 0.5559068155143855, 0.5126849687884463, 0.4914458832595612, 0.42129452414395563, 0.4137625480189624, 0.4012663610863374, 0.37857859716952236, 0.337801019107584, 0.28740540456391406, 0.2488813734008969, 0.22119313552992081, 0.1919277859002282, 0.14907502174178489, 0.12301776250911534, 0.11119639747515686, 0.10003823678350887, 0.09742346603318541, 0.09566330198747064, 0.09417208452889791, 0.09200340345103941, 0.09106902937674344, 0.090974302450055, 0.09096290756066105, 0.09096276127616021, 0.0909627446586383, 0.09096274355556311, 0.09096274339178612, 0.09096274339160682, 0.09096274339149979, 0.09096274339140586, 0.09096274339140586]}, "8": {"maxiter": 500, "gtol": 1e-05, "xrtol": 1e-05, "eps": 1e-05, "duration": 0.058216094970703125, "fun": "0.09096274341120036", "jac": "[-1.49646961e-07 -2.28816965e-07  1.84152693e-07  4.89608354e-09\n -4.99433828e-07 -1.45872203e-07]", "hess_inv": "[[ 3.64075498 -0.21286704  2.37237143 -1.44116963 -0.41906264  0.86803696]\n [-0.21286704  3.34589732  0.53541426 -0.08141125  0.71755336 -1.93438265]\n [ 2.37237143  0.53541426  9.01844919 -2.10633263 -2.69580064  1.42136332]\n [-1.44116963 -0.08141125 -2.10633263  3.72283542  1.4942227  -0.68759013]\n [-0.41906264  0.71755336 -2.69580064  1.4942227   5.31855708 -3.4656746 ]\n [ 0.86803696 -1.93438265  1.42136332 -0.68759013 -3.4656746   8.02477078]]", "nfev": "259", "njev": "37", "status": "0", "success": "True", "message": "Optimization terminated successfully.", "x": "[ 7.89506226  1.52873986 -0.7822094   1.11820968  4.72048341  3.71601241]", "nit": "29", "callback": [0.6520880630035804, 0.5984632759714656, 0.5835707182683103, 0.5559085615532284, 0.5126871317807545, 0.4914488548484084, 0.42128933241359656, 0.4137572028725762, 0.40125251771806136, 0.37854545954812124, 0.337734920325903, 0.28729401091939655, 0.24867646394948717, 0.22105175889942652, 0.19153070946205664, 0.14850228022428402, 0.12290124403567348, 0.11102001999197664, 0.10002435092999262, 0.09741048673773378, 0.0956491564597528, 0.09415984586038695, 0.09199824661138001, 0.09107083069507893, 0.09097443799173621, 0.09096290344445279, 0.09096276012229843, 0.09096274425176365, 0.09096274341120036]}, "9": {"maxiter": 500, "gtol": 1e-05, "xrtol": 1e-05, "eps": 1e-10, "duration": 0.057496070861816406, "fun": "0.09096274355556311", "jac": "[-4.44089173e-06 -9.99200639e-06  0.00000000e+00 -4.44089173e-06\n -2.22044587e-06 -8.88178346e-06]", "hess_inv": "[[ 3.46972129 -0.0306019   2.14502612 -1.29484294 -0.49473281  0.77614253]\n [-0.0306019   3.50003484  0.92335832 -0.13976168  0.52332521 -1.54462895]\n [ 2.14502612  0.92335832  8.69016542 -1.85005889 -2.85485595  1.37052915]\n [-1.29484294 -0.13976168 -1.85005889  3.62106919  1.45535272 -0.48002046]\n [-0.49473281  0.52332521 -2.85485595  1.45535272  5.47341327 -3.71301929]\n [ 0.77614253 -1.54462895  1.37052915 -0.48002046 -3.71301929  8.27545156]]", "nfev": "259", "njev": "37", "status": "0", "success": "True", "message": "Optimization terminated successfully.", "x": "[ 7.89505623  1.52873132 -0.78222421  1.11821343  4.72050059  3.7159805 ]", "nit": "29", "callback": [0.6520872619176485, 0.5984618791417196, 0.5835691213377547, 0.5559068155143855, 0.5126849687884463, 0.4914458832595612, 0.42129452414395563, 0.4137625480189624, 0.4012663610863374, 0.37857859716952236, 0.337801019107584, 0.28740540456391406, 0.2488813734008969, 0.22119313552992081, 0.1919277859002282, 0.14907502174178489, 0.12301776250911534, 0.11119639747515686, 0.10003823678350887, 0.09742346603318541, 0.09566330198747064, 0.09417208452889791, 0.09200340345103941, 0.09106902937674344, 0.090974302450055, 0.09096290756066105, 0.09096276127616021, 0.0909627446586383, 0.09096274355556311]}, "10": {"maxiter": 500, "gtol": 1e-05, "xrtol": 1e-10, "eps": 1e-05, "duration": 0.058515310287475586, "fun": "0.09096274341120036", "jac": "[-1.49646961e-07 -2.28816965e-07  1.84152693e-07  4.89608354e-09\n -4.99433828e-07 -1.45872203e-07]", "hess_inv": "[[ 3.64075498 -0.21286704  2.37237143 -1.44116963 -0.41906264  0.86803696]\n [-0.21286704  3.34589732  0.53541426 -0.08141125  0.71755336 -1.93438265]\n [ 2.37237143  0.53541426  9.01844919 -2.10633263 -2.69580064  1.42136332]\n [-1.44116963 -0.08141125 -2.10633263  3.72283542  1.4942227  -0.68759013]\n [-0.41906264  0.71755336 -2.69580064  1.4942227   5.31855708 -3.4656746 ]\n [ 0.86803696 -1.93438265  1.42136332 -0.68759013 -3.4656746   8.02477078]]", "nfev": "259", "njev": "37", "status": "0", "success": "True", "message": "Optimization terminated successfully.", "x": "[ 7.89506226  1.52873986 -0.7822094   1.11820968  4.72048341  3.71601241]", "nit": "29", "callback": [0.6520880630035804, 0.5984632759714656, 0.5835707182683103, 0.5559085615532284, 0.5126871317807545, 0.4914488548484084, 0.42128933241359656, 0.4137572028725762, 0.40125251771806136, 0.37854545954812124, 0.337734920325903, 0.28729401091939655, 0.24867646394948717, 0.22105175889942652, 0.19153070946205664, 0.14850228022428402, 0.12290124403567348, 0.11102001999197664, 0.10002435092999262, 0.09741048673773378, 0.0956491564597528, 0.09415984586038695, 0.09199824661138001, 0.09107083069507893, 0.09097443799173621, 0.09096290344445279, 0.09096276012229843, 0.09096274425176365, 0.09096274341120036]}, "11": {"maxiter": 500, "gtol": 1e-05, "xrtol": 1e-10, "eps": 1e-10, "duration": 0.057917118072509766, "fun": "0.09096274355556311", "jac": "[-4.44089173e-06 -9.99200639e-06  0.00000000e+00 -4.44089173e-06\n -2.22044587e-06 -8.88178346e-06]", "hess_inv": "[[ 3.46972129 -0.0306019   2.14502612 -1.29484294 -0.49473281  0.77614253]\n 