{"date": "2024/09/24/, 20:00:28", "conf_id": 37, "data_type": "random\n", "num_data_points": 2, "s_rank": 0, "unitary": "[[0.18663085-0.53122324j,-0.11886349-0.70040876j,0.28555095-0.02789305j,-0.12262021-0.2844587j],[-0.16702216+0.27758472j,0.27526351-0.29738586j,-0.01109314+0.22495461j,-0.77239203+0.28900673j],[0.61935415+0.12301792j,-0.31269928-0.03315917j,-0.61902762-0.19039079j,-0.27120731-0.0968989j],[0.42341754+0.0023929j,-0.05847358+0.47832119j,0.64900495-0.16218422j,-0.37182676-0.05229966j]]", "databatch_0": {"databatch": "[[[1.58260329e-01+0.19208322j,-4.48926703e-02+0.11868492j,3.20929884e-01-0.06315613j,-3.61161496e-02+0.2272266j],[1.52154610e-01-0.1132775j,3.67174806e-01-0.12786947j,3.30860934e-02+0.24066506j,-2.85245625e-01+0.06762229j],[-3.68683645e-01-0.05392451j,2.52459235e-01+0.10478888j,-1.98238557e-02+0.04098787j,1.78901123e-01+0.03078689j],[-8.06745598e-02+0.09229628j,-3.79853551e-02-0.08686366j,-1.26819205e-01+0.27140622j,2.14627809e-01+0.14672863j]],[[-8.77343388e-02-0.01486056j,1.88656925e-03+0.17919683j,1.62114917e-01+0.14656712j,-1.23270987e-02+0.36990845j],[1.24486970e-01+0.27097241j,9.72241981e-02-0.15424294j,-7.34369239e-02-0.17330637j,-1.11060443e-01+0.12984945j],[4.01795083e-03-0.1809424j,3.42433863e-01-0.01831319j,-3.16248987e-01+0.09721685j,-3.61972236e-06+0.0324652j],[-6.05847368e-02+0.22562335j,8.11730976e-02+0.08821623j,-2.51694938e-01+0.39537027j,1.79484479e-01-0.08202524j]]]", "initial param values": "[4.47586134,1.6797932,3.36474213,3.82564528,1.29030556,3.00147055]", "nelder_mead": {"type": "gradient-free", "0": {"maxiter": 100, "fatol": 1e-05, "xatol": 1e-05, "duration": 0.03766989707946777, "fun": "0.29927500290105213", "nit": "100", "nfev": "152", "status": "2", "success": "False", "message": "Maximum number of iterations has been exceeded.", "x": "[7.48503322 0.78336759 3.32596706 2.75055584 0.84975655 2.94068866]", "final_simplex": "(array([[7.48503322, 0.78336759, 3.32596706, 2.75055584, 0.84975655,\n        2.94068866],\n       [7.50465727, 0.82612858, 3.28844672, 2.69991033, 0.85882437,\n        2.91074924],\n       [7.49992331, 0.84183944, 3.32914841, 2.70821765, 0.83211768,\n        2.95497398],\n       [7.47133975, 0.76463935, 3.37781989, 2.70876963, 0.84700456,\n        2.91667066],\n       [7.47826179, 0.76383174, 3.30108799, 2.67226464, 0.89610967,\n        2.94073284],\n       [7.44508091, 0.79209669, 3.36913286, 2.69876582, 0.86140385,\n        2.91151993],\n       [7.54873036, 0.78827638, 3.35264726, 2.72129138, 0.8358833 ,\n        2.91610376]]), array([0.299275  , 0.29941013, 0.29959553, 0.29961885, 0.29972841,\n       0.30028572, 0.300382  ]))", "callback": [0.9877595985539289, 0.7688164356193123, 0.50529474350123, 0.46489673155138256, 0.36657488648871817, 0.34345217997165967, 0.32485650508665764, 0.3081565518472156, 0.30370836405968304, 0.29959553355080193]}, "1": {"maxiter": 100, "fatol": 1e-05, "xatol": 1e-10, "duration": 0.03540182113647461, "fun": "0.29927500290105213", "nit": "100", "nfev": "152", "status": "2", "success": "False", "message": "Maximum number of iterations has been exceeded.", "x": "[7.48503322 0.78336759 3.32596706 2.75055584 0.84975655 2.94068866]", "final_simplex": "(array([[7.48503322, 0.78336759, 3.32596706, 2.75055584, 0.84975655,\n        2.94068866],\n       [7.50465727, 0.82612858, 3.28844672, 2.69991033, 0.85882437,\n        2.91074924],\n       [7.49992331, 0.84183944, 3.32914841, 2.70821765, 0.83211768,\n        2.95497398],\n       [7.47133975, 0.76463935, 3.37781989, 2.70876963, 0.84700456,\n        2.91667066],\n       [7.47826179, 0.76383174, 3.30108799, 2.67226464, 0.89610967,\n        2.94073284],\n       [7.44508091, 0.79209669, 3.36913286, 2.69876582, 0.86140385,\n        2.91151993],\n       [7.54873036, 0.78827638, 3.35264726, 2.72129138, 0.8358833 ,\n        2.91610376]]), array([0.299275  , 0.29941013, 0.29959553, 0.29961885, 0.29972841,\n       0.30028572, 0.300382  ]))", "callback": [0.9877595985539289, 0.7688164356193123, 0.50529474350123, 0.46489673155138256, 0.36657488648871817, 0.34345217997165967, 0.32485650508665764, 0.3081565518472156, 0.30370836405968304, 0.29959553355080193]}, "2": {"maxiter": 100, "fatol": 1e-10, "xatol": 1e-05, "duration": 0.03607916831970215, "fun": "0.29927500290105213", "nit": "100", "nfev": "152", "status": "2", "success": "False", "message": "Maximum number of iterations has been exceeded.", "x": "[7.48503322 0.78336759 3.32596706 2.75055584 0.84975655 2.94068866]", "final_simplex": "(array([[7.48503322, 0.78336759, 3.32596706, 2.75055584, 0.84975655,\n        2.94068866],\n       [7.50465727, 0.82612858, 3.28844672, 2.69991033, 0.85882437,\n        2.91074924],\n       [7.49992331, 0.84183944, 3.32914841, 2.70821765, 0.83211768,\n        2.95497398],\n       [7.47133975, 0.76463935, 3.37781989, 2.70876963, 0.84700456,\n        2.91667066],\n       [7.47826179, 0.76383174, 3.30108799, 2.67226464, 0.89610967,\n        2.94073284],\n       [7.44508091, 0.79209669, 3.36913286, 2.69876582, 0.86140385,\n        2.91151993],\n       [7.54873036, 0.78827638, 3.35264726, 2.72129138, 0.8358833 ,\n        2.91610376]]), array([0.299275  , 0.29941013, 0.29959553, 0.29961885, 0.29972841,\n       0.30028572, 0.300382  ]))", "callback": [0.9877595985539289, 0.7688164356193123, 0.50529474350123, 0.46489673155138256, 0.36657488648871817, 0.34345217997165967, 0.32485650508665764, 0.3081565518472156, 0.30370836405968304, 0.29959553355080193]}, "3": {"maxiter": 100, "fatol": 1e-10, "xatol": 1e-10, "duration": 0.035550832748413086, "fun": "0.29927500290105213", "nit": "100", "nfev": "152", "status": "2", "success": "False", "message": "Maximum number of iterations has been exceeded.", "x": "[7.48503322 0.78336759 3.32596706 2.75055584 0.84975655 2.94068866]", "final_simplex": "(array([[7.48503322, 0.78336759, 3.32596706, 2.75055584, 0.84975655,\n        2.94068866],\n       [7.50465727, 0.82612858, 3.28844672, 2.69991033, 0.85882437,\n        2.91074924],\n       [7.49992331, 0.84183944, 3.32914841, 2.70821765, 0.83211768,\n        2.95497398],\n       [7.47133975, 0.76463935, 3.37781989, 2.70876963, 0.84700456,\n        2.91667066],\n       [7.47826179, 0.76383174, 3.30108799, 2.67226464, 0.89610967,\n        2.94073284],\n       [7.44508091, 0.79209669, 3.36913286, 2.69876582, 0.86140385,\n        2.91151993],\n       [7.54873036, 0.78827638, 3.35264726, 2.72129138, 0.8358833 ,\n        2.91610376]]), array([0.299275  , 0.29941013, 0.29959553, 0.29961885, 0.29972841,\n       0.30028572, 0.300382  ]))", "callback": [0.9877595985539289, 0.7688164356193123, 0.50529474350123, 0.46489673155138256, 0.36657488648871817, 0.34345217997165967, 0.32485650508665764, 0.3081565518472156, 0.30370836405968304, 0.29959553355080193]}, "4": {"maxiter": 500, "fatol": 1e-05, "xatol": 1e-05, "duration": 0.1372547149658203, "fun": "0.28717358117138714", "nit": "364", "nfev": "571", "status": "0", "success": "True", "message": "Optimization terminated successfully.", "x": "[7.43254931 0.76797014 3.21142534 2.59765025 0.34626286 2.4637052 ]", "final_simplex": "(array([[7.43254931, 0.76797014, 3.21142534, 2.59765025, 0.34626286,\n        2.4637052 ],\n       [7.43254695, 0.76797378, 3.21142333, 2.59764856, 0.34625753,\n        2.46370187],\n       [7.43254658, 0.76797427, 3.21142601, 2.59764899, 0.3462675 ,\n        2.46370938],\n       [7.43254615, 0.76796988, 3.2114234 , 2.59765098, 0.3462608 ,\n        2.46370128],\n       [7.43254876, 0.76797592, 3.21141966, 2.59764739, 0.34626708,\n        2.46371301],\n       [7.43254707, 0.76796771, 3.2114224 , 2.59764694, 0.34626173,\n        2.46370694],\n       [7.43254793, 0.76797173, 3.21142633, 2.59765293, 0.34626534,\n        2.46371159]]), array([0.28717358, 0.28717358, 0.28717358, 0.28717358, 0.28717358,\n       0.28717358, 0.28717358]))", "callback": [0.9877595985539289, 0.7688164356193123, 0.50529474350123, 0.46489673155138256, 0.36657488648871817, 0.34345217997165967, 0.32485650508665764, 0.3081565518472156, 0.30370836405968304, 0.29959553355080193, 0.29893634638620104, 0.29852526918974864, 0.29834137765599644, 0.29762546173844784, 0.29653480550911226, 0.2916085736357049, 0.28828284223585054, 0.28795218080594265, 0.2876680476759814, 0.2873635848717112, 0.2873173289714597, 0.28730782773122543, 0.28727306876250935, 0.28721032423233794, 0.2871963837099465, 0.2871785645550604, 0.28717432975292034, 0.28717376321940313, 0.2871736495593765, 0.28717359357683114, 0.287173583795304, 0.2871735823146795, 0.2871735818873342, 0.28717358148106453, 0.28717358122045844, 0.2871735811913494, 0.28717358117640235]}, "5": {"maxiter": 500, "fatol": 1e-05, "xatol": 1e-10, "duration": 0.1866450309753418, "fun": "0.28717358116682645", "nit": "500", "nfev": "814", "status": "2", "success": "False", "message": "Maximum number of iterations has been exceeded.", "x": "[7.43255239 0.76797271 3.21142233 2.59764878 0.34626499 2.4637055 ]", "final_simplex": "(array([[7.43255239, 0.76797271, 3.21142233, 2.59764878, 0.34626499,\n        2.4637055 ],\n       [7.43255239, 0.76797271, 3.21142233, 2.59764878, 0.34626499,\n        2.4637055 ],\n       [7.43255239, 0.76797271, 3.21142233, 2.59764878, 0.34626499,\n        2.4637055 ],\n       [7.43255239, 0.76797271, 3.21142233, 2.59764878, 0.34626499,\n        2.4637055 ],\n       [7.43255239, 0.76797271, 3.21142233, 2.59764878, 0.34626499,\n        2.4637055 ],\n       [7.43255239, 0.76797271, 3.21142233, 2.59764878, 0.34626499,\n        2.4637055 ],\n       [7.43255239, 0.76797271, 3.21142233, 2.59764878, 0.34626499,\n        2.4637055 ]]), array([0.28717358, 0.28717358, 0.28717358, 0.28717358, 0.28717358,\n       0.28717358, 0.28717358]))", "callback": [0.9877595985539289, 0.7688164356193123, 0.50529474350123, 0.46489673155138256, 0.36657488648871817, 0.34345217997165967, 0.32485650508665764, 0.3081565518472156, 0.30370836405968304, 0.29959553355080193, 0.29893634638620104, 0.29852526918974864, 0.29834137765599644, 0.29762546173844784, 0.29653480550911226, 0.2916085736357049, 0.28828284223585054, 0.28795218080594265, 0.2876680476759814, 0.2873635848717112, 0.2873173289714597, 0.28730782773122543, 0.28727306876250935, 0.28721032423233794, 0.2871963837099465, 0.2871785645550604, 0.28717432975292034, 0.28717376321940313, 0.2871736495593765, 0.28717359357683114, 0.287173583795304, 0.2871735823146795, 0.2871735818873342, 0.28717358148106453, 0.28717358122045844, 0.2871735811913494, 0.28717358117640235, 0.28717358116889646, 0.28717358116762715, 0.28717358116709946, 0.2871735811669094, 0.2871735811668815, 0.2871735811668631, 0.2871735811668428, 0.2871735811668331, 0.28717358116682923, 0.2871735811668279, 0.2871735811668271, 0.2871735811668268, 0.28717358116682656]}, "6": {"maxiter": 500, "fatol": 1e-10, "xatol": 1e-05, "duration": 0.1368560791015625, "fun": "0.28717358117138714", "nit": "364", "nfev": "571", "status": "0", "success": "True", "message": "Optimization terminated successfully.", "x": "[7.43254931 0.76797014 3.21142534 2.59765025 0.34626286 2.4637052 ]", "final_simplex": "(array([[7.43254931, 0.76797014, 3.21142534, 2.59765025, 0.34626286,\n        2.4637052 ],\n       [7.43254695, 0.76797378, 3.21142333, 2.59764856, 0.34625753,\n        2.46370187],\n       [7.43254658, 0.76797427, 3.21142601, 2.59764899, 0.3462675 ,\n        2.46370938],\n       [7.43254615, 0.76796988, 3.2114234 , 2.59765098, 0.3462608 ,\n        2.46370128],\n       [7.43254876, 0.76797592, 3.21141966, 2.59764739, 0.34626708,\n        2.46371301],\n       [7.43254707, 0.76796771, 3.2114224 , 2.59764694, 0.34626173,\n        2.46370694],\n       [7.43254793, 0.76797173, 3.21142633, 2.59765293, 0.34626534,\n        2.46371159]]), array([0.28717358, 0.28717358, 0.28717358, 0.28717358, 0.28717358,\n       0.28717358, 0.28717358]))", "callback": [0.9877595985539289, 0.7688164356193123, 0.50529474350123, 0.46489673155138256, 0.36657488648871817, 0.34345217997165967, 0.32485650508665764, 0.3081565518472156, 0.30370836405968304, 0.29959553355080193, 0.29893634638620104, 0.29852526918974864, 0.29834137765599644, 0.29762546173844784, 0.29653480550911226, 0.2916085736357049, 0.28828284223585054, 0.28795218080594265, 0.2876680476759814, 0.2873635848717112, 0.2873173289714597, 0.28730782773122543, 0.28727306876250935, 0.28721032423233794, 0.2871963837099465, 0.2871785645550604, 0.28717432975292034, 0.28717376321940313, 0.2871736495593765, 0.28717359357683114, 0.287173583795304, 0.2871735823146795, 0.2871735818873342, 0.28717358148106453, 0.28717358122045844, 0.2871735811913494, 0.28717358117640235]}, "7": {"maxiter": 500, "fatol": 1e-10, "xatol": 1e-10, "duration": 0.1954190731048584, "fun": "0.28717358116682645", "nit": "500", "nfev": "814", "status": "2", "success": "False", "message": "Maximum number of iterations has been exceeded.", "x": "[7.43255239 0.76797271 3.21142233 2.59764878 0.34626499 2.4637055 ]", "final_simplex": "(array([[7.43255239, 0.76797271, 3.21142233, 2.59764878, 0.34626499,\n        2.4637055 ],\n       [7.43255239, 0.76797271, 3.21142233, 2.59764878, 0.34626499,\n        2.4637055 ],\n       [7.43255239, 0.76797271, 3.21142233, 2.59764878, 0.34626499,\n        2.4637055 ],\n       [7.43255239, 0.76797271, 3.21142233, 2.59764878, 0.34626499,\n        2.4637055 ],\n       [7.43255239, 0.76797271, 3.21142233, 2.59764878, 0.34626499,\n        2.4637055 ],\n       [7.43255239, 0.76797271, 3.21142233, 2.59764878, 0.34626499,\n        2.4637055 ],\n       [7.43255239, 0.76797271, 3.21142233, 2.59764878, 0.34626499,\n        2.4637055 ]]), array([0.28717358, 0.28717358, 0.28717358, 0.28717358, 0.28717358,\n       0.28717358, 0.28717358]))", "callback": [0.9877595985539289, 0.7688164356193123, 0.50529474350123, 0.46489673155138256, 0.36657488648871817, 0.34345217997165967, 0.32485650508665764, 0.3081565518472156, 0.30370836405968304, 0.29959553355080193, 0.29893634638620104, 0.29852526918974864, 0.29834137765599644, 0.29762546173844784, 0.29653480550911226, 0.2916085736357049, 0.28828284223585054, 0.28795218080594265, 0.2876680476759814, 0.2873635848717112, 0.2873173289714597, 0.28730782773122543, 0.28727306876250935, 0.28721032423233794, 0.2871963837099465, 0.2871785645550604, 0.28717432975292034, 0.28717376321940313, 0.2871736495593765, 0.28717359357683114, 0.287173583795304, 0.2871735823146795, 0.2871735818873342, 0.28717358148106453, 0.28717358122045844, 0.2871735811913494, 0.28717358117640235, 0.28717358116889646, 0.28717358116762715, 0.28717358116709946, 0.2871735811669094, 0.2871735811668815, 0.2871735811668631, 0.2871735811668428, 0.2871735811668331, 0.28717358116682923, 0.2871735811668279, 0.2871735811668271, 0.2871735811668268, 0.28717358116682656]}, "8": {"maxiter": 1000, "fatol": 1e-05, "xatol": 1e-05, "duration": 0.13009095191955566, "fun": "0.28717358117138714", "nit": "364", "nfev": "571", "status": "0", "success": "True", "message": "Optimization terminated successfully.", "x": "[7.43254931 0.76797014 3.21142534 2.59765025 0.34626286 2.4637052 ]", "final_simplex": "(array([[7.43254931, 0.76797014, 3.21142534, 2.59765025, 0.34626286,\n        2.4637052 ],\n       [7.43254695, 0.76797378, 3.21142333, 2.59764856, 0.34625753,\n        2.46370187],\n       [7.43254658, 0.76797427, 3.21142601, 2.59764899, 0.3462675 ,\n        2.46370938],\n       [7.43254615, 0.76796988, 3.2114234 , 2.59765098, 0.3462608 ,\n        2.46370128],\n       [7.43254876, 0.76797592, 3.21141966, 2.59764739, 0.34626708,\n        2.46371301],\n       [7.43254707, 0.76796771, 3.2114224 , 2.59764694, 0.34626173,\n        2.46370694],\n       [7.43254793, 0.76797173, 3.21142633, 2.59765293, 0.34626534,\n        2.46371159]]), array([0.28717358, 0.28717358, 0.28717358, 0.28717358, 0.28717358,\n       0.28717358, 0.28717358]))", "callback": [0.9877595985539289, 0.7688164356193123, 0.50529474350123, 0.46489673155138256, 0.36657488648871817, 0.34345217997165967, 0.32485650508665764, 0.3081565518472156, 0.30370836405968304, 0.29959553355080193, 0.29893634638620104, 0.29852526918974864, 0.29834137765599644, 0.29762546173844784, 0.29653480550911226, 0.2916085736357049, 0.28828284223585054, 0.28795218080594265, 0.2876680476759814, 0.2873635848717112, 0.2873173289714597, 0.28730782773122543, 0.28727306876250935, 0.28721032423233794, 0.2871963837099465, 0.2871785645550604, 0.28717432975292034, 0.28717376321940313, 0.2871736495593765, 0.28717359357683114, 0.287173583795304, 0.2871735823146795, 0.2871735818873342, 0.28717358148106453, 0.28717358122045844, 0.2871735811913494, 0.28717358117640235]}, "9": {"maxiter": 1000, "fatol": 1e-05, "xatol": 1e-10, "duration": 0.2178480625152588, "fun": "0.28717358116682645", "nit": "512", "nfev": "863", "status": "0", "success": "True", "message": "Optimization terminated successfully.", "x": "[7.43255239 0.76797271 3.21142233 2.59764878 0.34626499 2.4637055 ]", "final_simplex": "(array([[7.43255239, 0.76797271, 3.21142233, 2.59764878, 0.34626499,\n        2.4637055 ],\n       [7.43255239, 0.76797271, 3.21142233, 2.59764878, 0.34626499,\n        2.4637055 ],\n       [7.43255239, 0.76797271, 3.21142233, 2.59764878, 0.34626499,\n        2.4637055 ],\n       [7.43255239, 0.76797271, 3.21142233, 2.59764878, 0.34626499,\n        2.4637055 ],\n       [7.43255239, 0.76797271, 3.21142233, 2.59764878, 0.34626499,\n        2.4637055 ],\n       [7.43255239, 0.76797271, 3.21142233, 2.59764878, 0.34626499,\n        2.4637055 ],\n       [7.43255239, 0.76797271, 3.21142233, 2.59764878, 0.34626499,\n        2.4637055 ]]), array([0.28717358, 0.28717358, 0.28717358, 0.28717358, 0.28717358,\n       0.28717358, 0.28717358]))", "callback": [0.9877595985539289, 0.7688164356193123, 0.50529474350123, 0.46489673155138256, 0.36657488648871817, 0.34345217997165967, 0.32485650508665764, 0.3081565518472156, 0.30370836405968304, 0.29959553355080193, 0.29893634638620104, 0.29852526918974864, 0.29834137765599644, 0.29762546173844784, 0.29653480550911226, 0.2916085736357049, 0.28828284223585054, 0.28795218080594265, 0.2876680476759814, 0.2873635848717112, 0.2873173289714597, 0.28730782773122543, 0.28727306876250935, 0.28721032423233794, 0.2871963837099465, 0.2871785645550604, 0.28717432975292034, 0.28717376321940313, 0.2871736495593765, 0.28717359357683114, 0.287173583795304, 0.2871735823146795, 0.2871735818873342, 0.28717358148106453, 0.28717358122045844, 0.2871735811913494, 0.28717358117640235, 0.28717358116889646, 0.28717358116762715, 0.28717358116709946, 0.2871735811669094, 0.2871735811668815, 0.2871735811668631, 0.2871735811668428, 0.2871735811668331, 0.28717358116682923, 0.2871735811668279, 0.2871735811668271, 0.2871735811668268, 0.28717358116682656, 0.28717358116682645, 0.28717358116682645]}, "10": {"maxiter": 1000, "fatol": 1e-10, "xatol": 1e-05, "duration": 0.18373894691467285, "fun": "0.28717358117138714", "nit": "364", "nfev": "571", "status": "0", "success": "True", "message": "Optimization terminated successfully.", "x": "[7.43254931 0.76797014 3.21142534 2.59765025 0.34626286 2.4637052 ]", "final_simplex": "(array([[7.43254931, 0.76797014, 3.21142534, 2.59765025, 0.34626286,\n        2.4637052 ],\n       [7.43254695, 0.76797378, 3.21142333, 2.59764856, 0.34625753,\n        2.46370187],\n       [7.43254658, 0.76797427, 3.21142601, 2.59764899, 0.3462675 ,\n        2.46370938],\n       [7.43254615, 0.76796988, 3.2114234 , 2.59765098, 0.3462608 ,\n        2.46370128],\n       [7.43254876, 0.76797592, 3.21141966, 2.59764739, 0.34626708,\n        2.46371301],\n       [7.43254707, 0.76796771, 3.2114224 , 2.59764694, 0.34626173,\n        2.46370694],\n       [7.43254793, 0.76797173, 3.21142633, 2.59765293, 0.34626534,\n        2.46371159]]), array([0.28717358, 0.28717358, 0.28717358, 0.28717358, 0.28717358,\n       0.28717358, 0.28717358]))", "callback": [0.9877595985539289, 0.7688164356193123, 0.50529474350123, 0.46489673155138256, 0.36657488648871817, 0.34345217997165967, 0.32485650508665764, 0.3081565518472156, 0.30370836405968304, 0.29959553355080193, 0.29893634638620104, 0.29852526918974864, 0.29834137765599644, 0.29762546173844784, 0.29653480550911226, 0.2916085736357049, 0.28828284223585054, 0.28795218080594265, 0.2876680476759814, 0.2873635848717112, 0.2873173289714597, 0.28730782773122543, 0.28727306876250935, 0.28721032423233794, 0.2871963837099465, 0.2871785645550604, 0.28717432975292034, 0.28717376321940313, 0.2871736495593765, 0.28717359357683114, 0.287173583795304, 0.2871735823146795, 0.2871735818873342, 0.28717358148106453, 0.28717358122045844, 0.2871735811913494, 0.28717358117640235]}, "11": {"maxiter": 1000, "fatol": 1e-10, "xatol": 1e-10, "duration": 0.20311522483825684, "fun": "0.28717358116682645", "nit": "512", "nfev": "863", "status": "0", "success": "True", "message": "Optimization terminated successfully.", "x": "[7.43255239 0.76797271 3.21142233 2.59764878 0.34626499 2.4637055 ]", "final_simplex": "(array([[7.43255239, 0.76797271, 3.21142233, 2.59764878, 0.34626499,\n        2.4637055 ],\n       [7.43255239, 0.76797271, 3.21142233, 2.59764878, 0.34626499,\n        2.4637055 ],\n       [7.43255239, 0.76797271, 3.21142233, 2.59764878, 0.34626499,\n        2.4637055 ],\n       [7.43255239, 0.76797271, 3.21142233, 2.59764878, 0.34626499,\n        2.4637055 ],\n       [7.43255239, 0.76797271, 3.21142233, 2.59764878, 0.34626499,\n        2.4637055 ],\n       [7.43255239, 0.76797271, 3.21142233, 2.59764878, 0.34626499,\n        2.4637055 ],\n       [7.43255239, 0.76797271, 3.21142233, 2.59764878, 0.34626499,\n        2.4637055 ]]), array([0.28717358, 0.28717358, 0.28717358, 0.28717358, 0.28717358,\n       0.28717358, 0.28717358]))", "callback": [0.9877595985539289, 0.7688164356193123, 0.50529474350123, 0.46489673155138256, 0.36657488648871817, 0.34345217997165967, 0.32485650508665764, 0.3081565518472156, 0.30370836405968304, 0.29959553355080193, 0.29893634638620104, 0.29852526918974864, 0.29834137765599644, 0.29762546173844784, 0.29653480550911226, 0.2916085736357049, 0.28828284223585054, 0.28795218080594265, 0.2876680476759814, 0.2873635848717112, 0.2873173289714597, 0.28730782773122543, 0.28727306876250935, 0.28721032423233794, 0.2871963837099465, 0.2871785645550604, 0.28717432975292034, 0.28717376321940313, 0.2871736495593765, 0.28717359357683114, 0.287173583795304, 0.2871735823146795, 0.2871735818873342, 0.28717358148106453, 0.28717358122045844, 0.2871735811913494, 0.28717358117640235, 0.28717358116889646, 0.28717358116762715, 0.28717358116709946, 0.2871735811669094, 0.2871735811668815, 0.2871735811668631, 0.2871735811668428, 0.2871735811668331, 0.28717358116682923, 0.2871735811668279, 0.2871735811668271, 0.2871735811668268, 0.28717358116682656, 0.28717358116682645, 0.28717358116682645]}}, "bfgs": {"type": "gradient", "0": {"maxiter": 100, "gtol": 1e-05, "xrtol": 1e-05, "eps": 1e-05, "duration": 0.05198383331298828, "fun": "0.28717358130087123", "jac": "[-1.11777254e-06 -1.78786985e-06 -1.82901472e-06 -1.22934996e-07\n -1.11218812e-06  1.06822329e-06]", "hess_inv": "[[ 2.80156829 -0.15153145  0.29253846  0.19277648  0.14328245  0.14641031]\n [-0.15153145  3.58419138 -1.52495645  0.55269996 -0.61634166  0.16646001]\n [ 0.29253846 -1.52495645  3.69784459  0.35330957  1.08559454  0.9384784 ]\n [ 0.19277648  0.55269996  0.35330957  3.19583375  0.13495743  0.26881234]\n [ 0.14328245 -0.61634166  1.08559454  0.13495743 10.82296114  9.23856902]\n [ 0.14641031  0.16646001  0.9384784   0.26881234  9.23856902 11.02783784]]", "nfev": "217", "njev": "31", "status": "0", "success": "True", "message": "Optimization terminated successfully.", "x": "[7.43254226 0.76796607 3.21140849 2.59763796 0.34622404 2.46366502]", "nit": "19", "callback": [0.713993880571171, 0.7128518484464402, 0.5252460412718734, 0.4243918319222102, 0.39563245372900646, 0.3497301650406567, 0.3133285264240798, 0.30007347689004127, 0.2898481308070249, 0.2891750584514987, 0.2888234611653058, 0.2882789273029933, 0.28784352032637683, 0.2875966579457433, 0.2872855307560763, 0.28719375089082355, 0.2871740698732623, 0.28717358546776617, 0.28717358130087123]}, "1": {"maxiter": 100, "gtol": 1e-05, "xrtol": 1e-05, "eps": 1e-10, "duration": 0.051981210708618164, "fun": "0.28717358123051606", "jac": "[-3.33066880e-06 -3.33066880e-06 -4.44089173e-06 -2.22044587e-06\n -4.44089173e-06  1.11022293e-06]", "hess_inv": "[[ 2.80314539 -0.15053675  0.29354361  0.19596485  0.13137109  0.13462704]\n [-0.15053675  3.57875992 -1.52062766  0.54540142 -0.59531646  0.18343701]\n [ 0.29354361 -1.52062766  3.69590289  0.36209271  1.04992872  0.90746052]\n [ 0.19596485  0.54540142  0.36209271  3.1938014   0.14828792  0.27789131]\n [ 0.13137109 -0.59531646  1.04992872  0.14828792 10.75216931  9.18886813]\n [ 0.13462704  0.18343701  0.90746052  0.27789131  9.18886813 10.99190575]]", "nfev": "217", "njev": "31", "status": "0", "success": "True", "message": "Optimization terminated successfully.", "x": "[7.432544   0.76797099 3.21140958 2.59764357 0.34623971 2.4636849 ]", "nit": "19", "callback": [0.7139934857166624, 0.7128514624454896, 0.5252423352796693, 0.42438823179586804, 0.39563503864219984, 0.349737985471014, 0.31333080175238903, 0.30007537032950493, 0.28984757493097024, 0.2891754314871424, 0.28882360497726944, 0.2882790218934911, 0.28784442661886267, 0.2875971014220642, 0.28728584519098055, 0.287193762261183, 0.28717406691464953, 0.28717358456886977, 0.28717358123051606]}, "2": {"maxiter": 100, "gtol": 1e-05, "xrtol": 1e-10, "eps": 1e-05, "duration": 0.05209016799926758, "fun": "0.28717358130087123", "jac": "[-1.11777254e-06 -1.78786985e-06 -1.82901472e-06 -1.22934996e-07\n -1.11218812e-06  1.06822329e-06]", "hess_inv": "[[ 2.80156829 -0.15153145  0.29253846  0.19277648  0.14328245  0.14641031]\n [-0.15153145  3.58419138 -1.52495645  0.55269996 -0.61634166  0.16646001]\n [ 0.29253846 -1.52495645  3.69784459  0.35330957  1.08559454  0.9384784 ]\n [ 0.19277648  0.55269996  0.35330957  3.19583375  0.13495743  0.26881234]\n [ 0.14328245 -0.61634166  1.08559454  0.13495743 10.82296114  9.23856902]\n [ 0.14641031  0.16646001  0.9384784   0.26881234  9.23856902 11.02783784]]", "nfev": "217", "njev": "31", "status": "0", "success": "True", "message": "Optimization terminated successfully.", "x": "[7.43254226 0.76796607 3.21140849 2.59763796 0.34622404 2.46366502]", "nit": "19", "callback": [0.713993880571171, 0.7128518484464402, 0.5252460412718734, 0.4243918319222102, 0.39563245372900646, 0.3497301650406567, 0.3133285264240798, 0.30007347689004127, 0.2898481308070249, 0.2891750584514987, 0.2888234611653058, 0.2882789273029933, 0.28784352032637683, 0.2875966579457433, 0.2872855307560763, 0.28719375089082355, 0.2871740698732623, 0.28717358546776617, 0.28717358130087123]}, "3": {"maxiter": 100, "gtol": 1e-05, "xrtol": 1e-10, "eps": 1e-10, "duration": 0.05242133140563965, "fun": "0.28717358123051606", "jac": "[-3.33066880e-06 -3.33066880e-06 -4.44089173e-06 -2.22044587e-06\n -4.44089173e-06  1.11022293e-06]", "hess_inv": "[[ 2.80314539 -0.15053675  0.29354361  0.19596485  0.13137109  0.13462704]\n [-0.15053675  3.57875992 -1.52062766  0.54540142 -0.59531646  0.18343701]\n [ 0.29354361 -1.52062766  3.69590289  0.36209271  1.04992872  0.90746052]\n [ 0.19596485  0.54540142  0.36209271  3.1938014   0.14828792  0.27789131]\n [ 0.13137109 -0.59531646  1.04992872  0.14828792 10.75216931  9.18886813]\n [ 0.13462704  0.18343701  0.90746052  0.27789131  9.18886813 10.99190575]]", "nfev": "217", "njev": "31", "status": "0", "success": "True", "message": "Optimization terminated successfully.", "x": "[7.432544   0.76797099 3.21140958 2.59764357 0.34623971 2.4636849 ]", "nit": "19", "callback": [0.7139934857166624, 0.7128514624454896, 0.5252423352796693, 0.42438823179586804, 0.39563503864219984, 0.349737985471014, 0.31333080175238903, 0.30007537032950493, 0.28984757493097024, 0.2891754314871424, 0.28882360497726944, 0.2882790218934911, 0.28784442661886267, 0.2875971014220642, 0.28728584519098055, 0.287193762261183, 0.28717406691464953, 0.28717358456886977, 0.28717358123051606]}, "4": {"maxiter": 100, "gtol": 1e-10, "xrtol": 1e-05, "eps": 1e-05, "duration": 0.052870988845825195, "fun": "0.28717358125838843", "jac": "[ 1.06181730e-07 -1.72162284e-07  1.08246745e-07 -3.97459843e-08\n  1.28475008e-07 -1.21458399e-07]", "hess_inv": "[[ 2.83549917 -0.11696377  0.33831175  0.21444891  0.23749625  0.22828114]\n [-0.11696377  3.61464469 -1.47834961  0.57431998 -0.55626053  0.20665265]\n [ 0.33831175 -1.47834961  3.75959336  0.38254355  1.21249818  1.04869202]\n [ 0.21444891  0.57431998  0.38254355  3.20963216  0.19167323  0.31693937]\n [ 0.23749625 -0.55626053  1.21249818  0.19167323 10.81396508  9.14017448]\n [ 0.22828114  0.20665265  1.04869202  0.31693937  9.14017448 10.83330417]]", "nfev": "224", "njev": "32", "status": "0", "success": "True", "message": "Optimization terminated successfully.", "x": "[7.43254588 0.76796892 3.21141338 2.59764019 0.34622781 2.4636662 ]", "nit": "20", "callback": [0.713993880571171, 0.7128518484464402, 0.5252460412718734, 0.4243918319222102, 0.39563245372900646, 0.3497301650406567, 0.3133285264240798, 0.30007347689004127, 0.2898481308070249, 0.2891750584514987, 0.2888234611653058, 0.2882789273029933, 0.28784352032637683, 0.2875966579457433, 0.2872855307560763, 0.28719375089082355, 0.2871740698732623, 0.28717358546776617, 0.28717358130087123, 0.28717358125838843]}, "5": {"maxiter": 100, "gtol": 1e-10, "xrtol": 1e-05, "eps": 1e-10, "duration": 0.05971717834472656, "fun": "0.2871735811727527", "jac": "[ 0.00000000e+00 -1.11022293e-06 -1.11022293e-06  1.11022293e-06\n  0.00000000e+00  0.00000000e+00]", "hess_inv": "[[ 2.91784996 -0.05981784  0.45357965  0.31311839  0.63507027  0.60898144]\n [-0.05981784  3.51685032 -1.36044964  0.64456237 -0.36983916  0.29462545]\n [ 0.45357965 -1.36044964  3.91073545  0.5239099   1.79616296  1.6356539 ]\n [ 0.31311839  0.64456237  0.5239099   3.31313958  0.67115594  0.77522092]\n [ 0.63507027 -0.36983916  1.79616296  0.67115594 12.7404023  10.93042294]\n [ 0.60898144  0.29462545  1.6356539   0.77522092 10.93042294 12.43222379]]", "nfev": "231", "njev": "33", "status": "0", "success": "True", "message": "Optimization terminated successfully.", "x": "[7.43254947 0.76797287 3.21141783 2.59764928 0.34626057 2.4637027 ]", "nit": "20", "callback": [0.7139934857166624, 0.7128514624454896, 0.5252423352796693, 0.42438823179586804, 0.39563503864219984, 0.349737985471014, 0.31333080175238903, 0.30007537032950493, 0.28984757493097024, 0.2891754314871424, 0.28882360497726944, 0.2882790218934911, 0.28784442661886267, 0.2875971014220642, 0.28728584519098055, 0.287193762261183, 0.28717406691464953, 0.28717358456886977, 0.28717358123051606, 0.2871735811727527]}, "6": {"maxiter": 100, "gtol": 1e-10, "xrtol": 1e-10, "eps": 1e-05, "duration": 0.10046100616455078, "fun": "0.28717358125838843", "jac": "[ 1.06181730e-07 -1.72162284e-07  1.08246745e-07 -3.97459843e-08\n  1.28475008e-07 -1.21458399e-07]", "hess_inv": "[[ 2.74734283e+00  9.96781716e-03  1.80587403e-01  2.24912923e-01\n   1.19794787e-01  2.27081324e-01]\n [ 9.96781716e-03  3.86963981e+00 -1.33795437e+00  7.03686012e-01\n  -4.44507414e-01  2.69362246e-01]\n [ 1.80587403e-01 -1.33795437e+00  3.49457465e+00  3.72658387e-01\n   1.01334536e+00  1.03446707e+00]\n [ 2.24912923e-01  7.03686012e-01  3.72658387e-01  3.25604388e+00\n   1.86600555e-01  3.37202070e-01]\n [ 1.19794787e-01 -4.44507414e-01  1.01334536e+00  1.86600555e-01\n   1.06644269e+01  9.13053198e+00]\n [ 2.27081324e-01  2.69362246e-01  1.03446707e+00  3.37202070e-01\n   9.13053198e+00  1.08417830e+01]]", "nfev": "424", "njev": "59", "status": "2", "success": "False", "message": "Desired error not necessarily achieved due to precision loss.", "x": "[7.43254588 0.76796892 3.21141338 2.59764019 0.34622781 2.4636662 ]", "nit": "20", "callback": [0.713993880571171, 0.7128518484464402, 0.5252460412718734, 0.4243918319222102, 0.39563245372900646, 0.3497301650406567, 0.3133285264240798, 0.30007347689004127, 0.2898481308070249, 0.2891750584514987, 0.2888234611653058, 0.2882789273029933, 0.28784352032637683, 0.2875966579457433, 0.2872855307560763, 0.28719375089082355, 0.2871740698732623, 0.28717358546776617, 0.28717358130087123, 0.28717358125838843]}, "7": {"maxiter": 100, "gtol": 1e-10, "xrtol": 1e-10, "eps": 1e-10, "duration": 0.0976860523223877, "fun": "0.28717358116979796", "jac": "[0.00000000e+00 1.11022293e-06 0.00000000e+00 0.00000000e+00\n 1.11022293e-06 0.00000000e+00]", "hess_inv": "[[ 0.86892094 -0.07857464  0.43683408 -0.683626    0.24399968 -0.15699103]\n [-0.07857464  0.0405957  -0.00270497  0.04483626 -0.00880847  0.03944768]\n [ 0.43683408 -0.00270497  0.28408719 -0.36365566  0.14102946 -0.04833672]\n [-0.683626    0.04483626 -0.36365566  0.55065522 -0.20290921  0.10399712]\n [ 0.24399968 -0.00880847  0.14102946 -0.20290921  0.08169915 -0.02625722]\n [-0.15699103  0.03944768 -0.04833672  0.10399712 -0.02625722  0.06909601]]", "nfev": "420", "njev": "60", "status": "0", "success": "True", "message": "Optimization terminated successfully.", "x": "[7.43255062 0.76797453 3.21142061 2.59764591 0.34626156 2.46370367]", "nit": "28", "callback": [0.7139934857166624, 0.7128514624454896, 0.5252423352796693, 0.42438823179586804, 0.39563503864219984, 0.349737985471014, 0.31333080175238903, 0.30007537032950493, 0.28984757493097024, 0.2891754314871424, 0.28882360497726944, 0.2882790218934911, 0.28784442661886267, 0.2875971014220642, 0.28728584519098055, 0.287193762261183, 0.28717406691464953, 0.28717358456886977, 0.28717358123051606, 0.2871735811727527, 0.2871735811704377, 0.2871735811704357, 0.28717358117043235, 0.2871735811704228, 0.28717358117038727, 0.2871735811703131, 0.28717358116979796, 0.28717358116979796]}, "8": {"maxiter": 500, "gtol": 1e-05, "xrtol": 1e-05, "eps": 1e-05, "duration": 0.048510074615478516, "fun": "0.28717358130087123", "jac": "[-1.11777254e-06 -1.78786985e-06 -1.82901472e-06 -1.22934996e-07\n -1.11218812e-06  1.06822329e-06]", "hess_inv": "[[ 2.80156829 -0.15153145  0.29253846  0.19277648  0.14328245  0.14641031]\n [-0.15153145  3.58419138 -1.52495645  0.55269996 -0.61634166  0.16646001]\n [ 0.29253846 -1.52495645  3.69784459  0.35330957  1.08559454  0.9384784 ]\n [ 0.19277648  0.55269996  0.35330957  3.19583375  0.13495743  0.26881234]\n [ 0.14328245 -0.61634166  1.08559454  0.13495743 10.82296114  9.23856902]\n [ 0.14641031  0.16646001  0.9384784   0.26881234  9.23856902 11.02783784]]", "nfev": "217", "njev": "31", "status": "0", "success": "True", "message": "Optimization terminated successfully.", "x": "[7.43254226 0.76796607 3.21140849 2.59763796 0.34622404 2.46366502]", "nit": "19", "callback": [0.713993880571171, 0.7128518484464402, 0.5252460412718734, 0.4243918319222102, 0.39563245372900646, 0.3497301650406567, 0.3133285264240798, 0.30007347689004127, 0.2898481308070249, 0.2891750584514987, 0.2888234611653058, 0.2882789273029933, 0.28784352032637683, 0.2875966579457433, 0.2872855307560763, 0.28719375089082355, 0.2871740698732623, 0.28717358546776617, 0.28717358130087123]}, "9": {"maxiter": 500, "gtol": 1e-05, "xrtol": 1e-05, "eps": 1e-10, "duration": 0.04957890510559082, "fun": "0.28717358123051606", "jac": "[-3.33066880e-06 -3.33066880e-06 -4.44089173e-06 -2.22044587e-06\n -4.44089173e-06  1.11022293e-06]", "hess_inv": "[[ 2.80314539 -0.15053675  0.29354361  0.19596485  0.13137109  0.13462704]\n [-0.15053675  3.57875992 -1.52062766  0.54540142 -0.59531646  0.18343701]\n [ 0.29354361 -1.52062766  3.69590289  0.36209271  1.04992872  0.90746052]\n [ 0.19596485  0.54540142  0.36209271  3.1938014   0.14828792  0.27789131]\n [ 0.13137109 -0.59531646  1.04992872  0.14828792 10.75216931  9.18886813]\n [ 0.13462704  0.18343701  0.90746052  0.27789131  9.18886813 10.99190575]]", "nfev": "217", "njev": "31", "status": "0", "success": "True", "message": "Optimization terminated successfully.", "x": "[7.432544   0.76797099 3.21140958 2.59764357 0.34623971 2.4636849 ]", "nit": "19", "callback": [0.7139934857166624, 0.7128514624454896, 0.5252423352796693, 0.42438823179586804, 0.39563503864219984, 0.349737985471014, 0.31333080175238903, 0.30007537032950493, 0.28984757493097024, 0.2891754314871424, 0.28882360497726944, 0.2882790218934911, 0.28784442661886267, 0.2875971014220642, 0.28728584519098055, 0.287193762261183, 0.28717406691464953, 0.28717358456886977, 0.28717358123051606]}, "10": {"maxiter": 500, "gtol": 1e-05, "xrtol": 1e-10, "eps": 1e-05, "duration": 0.0500340461730957, "fun": "0.28717358130087123", "jac": "[-1.11777254e-06 -1.78786985e-06 -1.82901472e-06 -1.22934996e-07\n -1.11218812e-06  1.06822329e-06]", "hess_inv": "[[ 2.80156829 -0.15153145  0.29253846  0.19277648  0.14328245  0.14641031]\n [-0.15153145  3.58419138 -1.52495645  0.55269996 -0.61634166  0.16646001]\n [ 0.29253846 -1.52495645  3.69784459  0.35330957  1.08559454  0.9384784 ]\n [ 0.19277648  0.55269996  0.35330957  3.19583375  0.13495743  0.26881234]\n [ 0.14328245 -0.61634166  1.08559454  0.13495743 10.82296114  9.23856902]\n [ 0.14641031  0.16646001  0.9384784   0.26881234  9.23856902 11.02783784]]", "nfev": "217", "njev": "31", "status": "0", "success": "True", "message": "Optimization terminated successfully.", "x": "[7.43254226 0.76796607 3.21140849 2.59763796 0.34622404 2.46366502]", "nit": "19", "callback": [0.713993880571171, 0.7128518484464402, 0.5252460412718734, 0.4243918319222102, 0.39563245372900646, 0.3497301650406567, 0.3133285264240798, 0.30007347689004127, 0.2898481308070249, 0.2891750584514987, 0.2888234611653058, 0.2882789273029933, 0.28784352032637683, 0.2875966579457433, 0.2872855307560763, 0.28719375089082355, 0.2871740698732623, 0.28717358546776617, 0.28717358130087123]}, "11": {"maxiter": 500, "gtol": 1e-05, "xrtol": 1e-10, "eps": 1e-10, "duration": 0.050611019134521484, "fun": "0.28717358123051606", "jac": "[-3.33066880e-06 -3.33066880e-06 -4.44089173e-06 -2.22044587e-06\n -4.44089173e-06  1.11022293e-06]", "hess_inv": "[[ 2.80314539 -0.15053675  0.29354361  0.19596485  0.13137109  0.13462704]\n [-0.15053675  3.57875992 -1.52062766  0.54540142 -0.59531646  0.18343701]\n [ 0.29354361 -1.52062766  3.69590289  0.36209271  1.04992872  0.90746052]\n [ 0.19596485  0.54540142  0.36209271  3.1938014   0.14828792  0.27789131]\n [ 0.13137109 -0.59531646  1.04992872  0.14828792 10.75216931  9.18886813]\n [ 0.13462704  0.18343701  0.90746052  0.27789131  9.18886813 10.99190575]]", "nfev": "217", "njev": "31", "status": "0", "success": "True", "message": "Optimization terminated successfully.", "x": "[7.432544   0.76797099 3.21140958 2.59764357 0.34623971 2.4636849 ]", "nit": "19", "callback": [0.7139934857166624, 0.7128514624454896, 0.5252423352796693, 0.42438823179586804, 0.39563503864219984, 0.349737985471014, 0.31333080175238903, 0.30007537032950493, 0.28984757493097024, 0.2891754314871424, 0.28882360497726944, 0.2882790218934911, 0.28784442661886267, 0.2875971014220642, 0.28728584519098055, 0.287193762261183, 0.28717406691464953, 0.28717358456886977, 0.28717358123051606]}, "12": {"maxiter": 500, "gtol": 1e-10, "xrtol": 1e-05, "eps": 1e-05, "duration": 0.05371904373168945, "fun": "0.28717358125838843", "jac": "[ 1.06181730e-07 -1.72162284e-07  1.08246745e-07 -3.97459843e-08\n  1.28475008e-07 -1.21458399e-07]", "hess_inv": "[[ 2.83549917 -0.11696377  0.33831175  0.21444891  0.23749625  0.22828114]\n [-0.11696377  3.61464469 -1.47834961  0.57431998 -0.55626053  0.20665265]\n [ 0.33831175 -1.47834961  3.75959336  0.38254355  1.21249818  1.04869202]\n [ 0.21444891  0.57431998  0.38254355  3.20963216  0.19167323  0.31693937]\n [ 0.23749625 -0.55626053  1.21249818  0.19167323 10.81396508  9.14017448]\n [ 0.22828114  0.20665265  1.04869202  0.31693937  9.14017448 10.83330417]]", "nfev": "224", "njev": "32", "status": "0", "success": "True", "message": "Optimization terminated successfully.", "x": "[7.43254588 0.76796892 3.21141338 2.59764019 0.34622781 2.4636662 ]", "nit": "20", "callback": [0.713993880571171, 0.7128518484464402, 0.5252460412718734, 0.4243918319222102, 0.39563245372900646, 0.3497301650406567, 0.3133285264240798