{"date": "2024/09/25/, 12:25:48", "conf_id": 227, "data_type": "non_lin_ind\n", "num_data_points": 4, "s_rank": 0, "unitary": "[[0.18663085-0.53122324j,-0.11886349-0.70040876j,0.28555095-0.02789305j,-0.12262021-0.2844587j],[-0.16702216+0.27758472j,0.27526351-0.29738586j,-0.01109314+0.22495461j,-0.77239203+0.28900673j],[0.61935415+0.12301792j,-0.31269928-0.03315917j,-0.61902762-0.19039079j,-0.27120731-0.0968989j],[0.42341754+0.0023929j,-0.05847358+0.47832119j,0.64900495-0.16218422j,-0.37182676-0.05229966j]]", "databatch_0": {"databatch": "[[[-0.26608811-6.07507909e-01j,0.03514275-1.18142102e-01j,0.31621599+2.37305360e-02j,-0.33049984-1.11707427e-01j],[-0.05072125+2.96693615e-01j,0.00233526-5.43820669e-03j,-0.11287296-7.02698988e-02j,0.0901055+5.22440260e-02j],[0.08679704+2.98128594e-01j,-0.01520607+1.88302031e-02j,-0.13928416-2.21350280e-02j,0.12027387+3.98105470e-02j],[-0.19616115+1.10048368e-01j,-0.02518237-2.97387417e-02j,-0.00052837-9.99989789e-02j,-0.03616052+8.45929876e-02j]],[[-0.10435285+2.45525077e-02j,0.30024102+1.01811945e-01j,0.26662583+3.27339448e-01j,-0.11729543+5.53806046e-01j],[-0.0958532-2.06123978e-01j,0.23382661-1.12725210e-01j,0.13534284-3.07281297e-02j,-0.02315995+1.86337588e-01j],[-0.08752682-6.58015395e-02j,0.0195232-1.66947723e-01j,0.01980495-1.41350500e-01j,0.10659338-1.12369160e-02j],[-0.06870899-4.94092432e-02j,0.16343603-1.32452785e-01j,0.18226998-4.53956022e-02j,0.13399715+1.97385481e-01j]],[[0.08116301+6.75752481e-02j,-0.27995403+5.12480939e-02j,-0.27523126+8.00897009e-02j,-0.50519166-4.25595972e-01j],[-0.10370575-3.44477840e-02j,0.03075117-2.06149082e-01j,0.00775064-1.50566061e-01j,0.36888403-3.06661354e-01j],[-0.07248198-2.47769911e-03j,0.01020809-1.00415118e-01j,0.01772206-7.30696811e-02j,0.15515338-1.42688163e-01j],[-0.01764326-1.68938320e-02j,-0.03375913-1.02326418e-02j,-0.03054026+1.88902721e-02j,-0.05621747-9.62963986e-02j]],[[-0.19174769-1.37084265e-01j,-0.09420794+1.33101171e-01j,-0.06379106+1.90296205e-01j,0.14924269-1.02564494e-01j],[-0.42987113-3.64633515e-04j,0.02802771+3.66986389e-01j,0.09341905+3.90690363e-01j,0.06225319-1.22271861e-01j],[-0.17260534+1.75929772e-01j,0.15700076+1.43274152e-01j,0.19274059+1.20142156e-01j,-0.04632212-6.57217501e-02j],[-0.25064739+6.68653354e-02j,0.06473416+2.00863744e-01j,0.11466525+2.06088041e-01j,0.01192023-1.12986410e-01j]]]", "initial param values": "[4.50982667,3.53001503,2.02636601,4.18226647,6.03392177,4.80804188]", "nelder_mead": {"type": "gradient-free", "0": {"maxiter": 100, "fatol": 1e-05, "xatol": 1e-05, "duration": 0.03820610046386719, "fun": "0.2336432075765562", "nit": "100", "nfev": "151", "status": "2", "success": "False", "message": "Maximum number of iterations has been exceeded.", "x": "[4.22654221 0.95836398 1.3468303  4.35755179 7.14529813 6.73937312]", "final_simplex": "(array([[4.22654221, 0.95836398, 1.3468303 , 4.35755179, 7.14529813,\n        6.73937312],\n       [4.19007473, 0.926548  , 1.47419209, 4.52259579, 7.09748095,\n        6.56059288],\n       [4.42480753, 1.38860029, 1.25764227, 4.24514753, 6.74022044,\n        6.64513978],\n       [4.33381185, 0.91609211, 1.43858769, 4.43946811, 7.1656592 ,\n        6.60443042],\n       [4.42612086, 1.54764504, 1.21774869, 4.16626552, 6.64390234,\n        6.67662782],\n       [4.41785543, 1.43286383, 1.2934034 , 4.28592579, 6.5698511 ,\n        6.72182689],\n       [4.16996599, 1.0473769 , 1.4088743 , 4.32559864, 7.00985783,\n        6.56115115]]), array([0.23364321, 0.23498033, 0.23746912, 0.24141875, 0.24301333,\n       0.24700104, 0.24725464]))", "callback": [0.6745694588983462, 0.5898005393639527, 0.5191704847552736, 0.4318224756670169, 0.3917052774444384, 0.34890396816696145, 0.3213566805499064, 0.31303490611345164, 0.29765635524940937, 0.23498033284003628]}, "1": {"maxiter": 100, "fatol": 1e-05, "xatol": 1e-10, "duration": 0.038526058197021484, "fun": "0.2336432075765562", "nit": "100", "nfev": "151", "status": "2", "success": "False", "message": "Maximum number of iterations has been exceeded.", "x": "[4.22654221 0.95836398 1.3468303  4.35755179 7.14529813 6.73937312]", "final_simplex": "(array([[4.22654221, 0.95836398, 1.3468303 , 4.35755179, 7.14529813,\n        6.73937312],\n       [4.19007473, 0.926548  , 1.47419209, 4.52259579, 7.09748095,\n        6.56059288],\n       [4.42480753, 1.38860029, 1.25764227, 4.24514753, 6.74022044,\n        6.64513978],\n       [4.33381185, 0.91609211, 1.43858769, 4.43946811, 7.1656592 ,\n        6.60443042],\n       [4.42612086, 1.54764504, 1.21774869, 4.16626552, 6.64390234,\n        6.67662782],\n       [4.41785543, 1.43286383, 1.2934034 , 4.28592579, 6.5698511 ,\n        6.72182689],\n       [4.16996599, 1.0473769 , 1.4088743 , 4.32559864, 7.00985783,\n        6.56115115]]), array([0.23364321, 0.23498033, 0.23746912, 0.24141875, 0.24301333,\n       0.24700104, 0.24725464]))", "callback": [0.6745694588983462, 0.5898005393639527, 0.5191704847552736, 0.4318224756670169, 0.3917052774444384, 0.34890396816696145, 0.3213566805499064, 0.31303490611345164, 0.29765635524940937, 0.23498033284003628]}, "2": {"maxiter": 100, "fatol": 1e-10, "xatol": 1e-05, "duration": 0.040949106216430664, "fun": "0.2336432075765562", "nit": "100", "nfev": "151", "status": "2", "success": "False", "message": "Maximum number of iterations has been exceeded.", "x": "[4.22654221 0.95836398 1.3468303  4.35755179 7.14529813 6.73937312]", "final_simplex": "(array([[4.22654221, 0.95836398, 1.3468303 , 4.35755179, 7.14529813,\n        6.73937312],\n       [4.19007473, 0.926548  , 1.47419209, 4.52259579, 7.09748095,\n        6.56059288],\n       [4.42480753, 1.38860029, 1.25764227, 4.24514753, 6.74022044,\n        6.64513978],\n       [4.33381185, 0.91609211, 1.43858769, 4.43946811, 7.1656592 ,\n        6.60443042],\n       [4.42612086, 1.54764504, 1.21774869, 4.16626552, 6.64390234,\n        6.67662782],\n       [4.41785543, 1.43286383, 1.2934034 , 4.28592579, 6.5698511 ,\n        6.72182689],\n       [4.16996599, 1.0473769 , 1.4088743 , 4.32559864, 7.00985783,\n        6.56115115]]), array([0.23364321, 0.23498033, 0.23746912, 0.24141875, 0.24301333,\n       0.24700104, 0.24725464]))", "callback": [0.6745694588983462, 0.5898005393639527, 0.5191704847552736, 0.4318224756670169, 0.3917052774444384, 0.34890396816696145, 0.3213566805499064, 0.31303490611345164, 0.29765635524940937, 0.23498033284003628]}, "3": {"maxiter": 100, "fatol": 1e-10, "xatol": 1e-10, "duration": 0.03701186180114746, "fun": "0.2336432075765562", "nit": "100", "nfev": "151", "status": "2", "success": "False", "message": "Maximum number of iterations has been exceeded.", "x": "[4.22654221 0.95836398 1.3468303  4.35755179 7.14529813 6.73937312]", "final_simplex": "(array([[4.22654221, 0.95836398, 1.3468303 , 4.35755179, 7.14529813,\n        6.73937312],\n       [4.19007473, 0.926548  , 1.47419209, 4.52259579, 7.09748095,\n        6.56059288],\n       [4.42480753, 1.38860029, 1.25764227, 4.24514753, 6.74022044,\n        6.64513978],\n       [4.33381185, 0.91609211, 1.43858769, 4.43946811, 7.1656592 ,\n        6.60443042],\n       [4.42612086, 1.54764504, 1.21774869, 4.16626552, 6.64390234,\n        6.67662782],\n       [4.41785543, 1.43286383, 1.2934034 , 4.28592579, 6.5698511 ,\n        6.72182689],\n       [4.16996599, 1.0473769 , 1.4088743 , 4.32559864, 7.00985783,\n        6.56115115]]), array([0.23364321, 0.23498033, 0.23746912, 0.24141875, 0.24301333,\n       0.24700104, 0.24725464]))", "callback": [0.6745694588983462, 0.5898005393639527, 0.5191704847552736, 0.4318224756670169, 0.3917052774444384, 0.34890396816696145, 0.3213566805499064, 0.31303490611345164, 0.29765635524940937, 0.23498033284003628]}, "4": {"maxiter": 500, "fatol": 1e-05, "xatol": 1e-05, "duration": 0.15725398063659668, "fun": "0.11589127404240374", "nit": "422", "nfev": "659", "status": "0", "success": "True", "message": "Optimization terminated successfully.", "x": "[ 4.13819105 -0.10039826  0.45341637  4.82438797  8.06571728  6.23112759]", "final_simplex": "(array([[ 4.13819105, -0.10039826,  0.45341637,  4.82438797,  8.06571728,\n         6.23112759],\n       [ 4.13818936, -0.10039311,  0.4534156 ,  4.82438793,  8.06571555,\n         6.23113169],\n       [ 4.13819338, -0.10040634,  0.45341008,  4.82438646,  8.06572388,\n         6.2311275 ],\n       [ 4.1381912 , -0.1003993 ,  0.45341536,  4.82438973,  8.06571929,\n         6.23113059],\n       [ 4.13818893, -0.10039849,  0.45341595,  4.82438626,  8.06571703,\n         6.23112762],\n       [ 4.13819018, -0.1003918 ,  0.45341931,  4.8243898 ,  8.06571071,\n         6.23113427],\n       [ 4.13818847, -0.1003999 ,  0.45341343,  4.82438759,  8.06571934,\n         6.23112689]]), array([0.11589127, 0.11589127, 0.11589127, 0.11589127, 0.11589127,\n       0.11589127, 0.11589127]))", "callback": [0.6745694588983462, 0.5898005393639527, 0.5191704847552736, 0.4318224756670169, 0.3917052774444384, 0.34890396816696145, 0.3213566805499064, 0.31303490611345164, 0.29765635524940937, 0.23498033284003628, 0.22736443792701033, 0.2073277561981821, 0.19064924646598203, 0.1820552734251416, 0.17341635219027307, 0.17232246086826097, 0.17086520529271443, 0.1700813801794624, 0.16517719427492972, 0.14995902712848697, 0.134707125406197, 0.12207250425403404, 0.11933910959517458, 0.1185195249868275, 0.11755406266823776, 0.1170314806724494, 0.11618811541314988, 0.11609242907212425, 0.11592618079564954, 0.11590324953974418, 0.1158937250301445, 0.11589180804154531, 0.11589141761946764, 0.11589130460762087, 0.11589130460762087, 0.11589128285758243, 0.11589127586177717, 0.11589127586177717, 0.11589127490016493, 0.1158912740931779, 0.11589127406987032, 0.11589127405007438, 0.11589127404240374]}, "5": {"maxiter": 500, "fatol": 1e-05, "xatol": 1e-10, "duration": 0.19706392288208008, "fun": "0.11589127403774535", "nit": "500", "nfev": "782", "status": "2", "success": "False", "message": "Maximum number of iterations has been exceeded.", "x": "[ 4.1381943  -0.1003944   0.45341494  4.82438714  8.0657157   6.23112985]", "final_simplex": "(array([[ 4.1381943 , -0.1003944 ,  0.45341494,  4.82438714,  8.0657157 ,\n         6.23112985],\n       [ 4.13819427, -0.10039438,  0.45341495,  4.82438716,  8.0657157 ,\n         6.2311298 ],\n       [ 4.13819429, -0.10039447,  0.45341487,  4.82438711,  8.06571575,\n         6.23112978],\n       [ 4.13819428, -0.10039438,  0.45341488,  4.82438711,  8.0657157 ,\n         6.23112984],\n       [ 4.13819426, -0.10039432,  0.45341493,  4.82438707,  8.06571562,\n         6.23112984],\n       [ 4.13819433, -0.10039436,  0.45341492,  4.82438712,  8.06571567,\n         6.23112978],\n       [ 4.13819426, -0.10039442,  0.4534149 ,  4.82438712,  8.06571569,\n         6.2311298 ]]), array([0.11589127, 0.11589127, 0.11589127, 0.11589127, 0.11589127,\n       0.11589127, 0.11589127]))", "callback": [0.6745694588983462, 0.5898005393639527, 0.5191704847552736, 0.4318224756670169, 0.3917052774444384, 0.34890396816696145, 0.3213566805499064, 0.31303490611345164, 0.29765635524940937, 0.23498033284003628, 0.22736443792701033, 0.2073277561981821, 0.19064924646598203, 0.1820552734251416, 0.17341635219027307, 0.17232246086826097, 0.17086520529271443, 0.1700813801794624, 0.16517719427492972, 0.14995902712848697, 0.134707125406197, 0.12207250425403404, 0.11933910959517458, 0.1185195249868275, 0.11755406266823776, 0.1170314806724494, 0.11618811541314988, 0.11609242907212425, 0.11592618079564954, 0.11590324953974418, 0.1158937250301445, 0.11589180804154531, 0.11589141761946764, 0.11589130460762087, 0.11589130460762087, 0.11589128285758243, 0.11589127586177717, 0.11589127586177717, 0.11589127490016493, 0.1158912740931779, 0.11589127406987032, 0.11589127405007438, 0.11589127404240374, 0.11589127403895505, 0.11589127403804278, 0.1158912740378144, 0.1158912740377831, 0.11589127403775368, 0.11589127403774879, 0.1158912740377468]}, "6": {"maxiter": 500, "fatol": 1e-10, "xatol": 1e-05, "duration": 0.1788630485534668, "fun": "0.11589127404240374", "nit": "422", "nfev": "659", "status": "0", "success": "True", "message": "Optimization terminated successfully.", "x": "[ 4.13819105 -0.10039826  0.45341637  4.82438797  8.06571728  6.23112759]", "final_simplex": "(array([[ 4.13819105, -0.10039826,  0.45341637,  4.82438797,  8.06571728,\n         6.23112759],\n       [ 4.13818936, -0.10039311,  0.4534156 ,  4.82438793,  8.06571555,\n         6.23113169],\n       [ 4.13819338, -0.10040634,  0.45341008,  4.82438646,  8.06572388,\n         6.2311275 ],\n       [ 4.1381912 , -0.1003993 ,  0.45341536,  4.82438973,  8.06571929,\n         6.23113059],\n       [ 4.13818893, -0.10039849,  0.45341595,  4.82438626,  8.06571703,\n         6.23112762],\n       [ 4.13819018, -0.1003918 ,  0.45341931,  4.8243898 ,  8.06571071,\n         6.23113427],\n       [ 4.13818847, -0.1003999 ,  0.45341343,  4.82438759,  8.06571934,\n         6.23112689]]), array([0.11589127, 0.11589127, 0.11589127, 0.11589127, 0.11589127,\n       0.11589127, 0.11589127]))", "callback": [0.6745694588983462, 0.5898005393639527, 0.5191704847552736, 0.4318224756670169, 0.3917052774444384, 0.34890396816696145, 0.3213566805499064, 0.31303490611345164, 0.29765635524940937, 0.23498033284003628, 0.22736443792701033, 0.2073277561981821, 0.19064924646598203, 0.1820552734251416, 0.17341635219027307, 0.17232246086826097, 0.17086520529271443, 0.1700813801794624, 0.16517719427492972, 0.14995902712848697, 0.134707125406197, 0.12207250425403404, 0.11933910959517458, 0.1185195249868275, 0.11755406266823776, 0.1170314806724494, 0.11618811541314988, 0.11609242907212425, 0.11592618079564954, 0.11590324953974418, 0.1158937250301445, 0.11589180804154531, 0.11589141761946764, 0.11589130460762087, 0.11589130460762087, 0.11589128285758243, 0.11589127586177717, 0.11589127586177717, 0.11589127490016493, 0.1158912740931779, 0.11589127406987032, 0.11589127405007438, 0.11589127404240374]}, "7": {"maxiter": 500, "fatol": 1e-10, "xatol": 1e-10, "duration": 0.19905900955200195, "fun": "0.11589127403774535", "nit": "500", "nfev": "782", "status": "2", "success": "False", "message": "Maximum number of iterations has been exceeded.", "x": "[ 4.1381943  -0.1003944   0.45341494  4.82438714  8.0657157   6.23112985]", "final_simplex": "(array([[ 4.1381943 , -0.1003944 ,  0.45341494,  4.82438714,  8.0657157 ,\n         6.23112985],\n       [ 4.13819427, -0.10039438,  0.45341495,  4.82438716,  8.0657157 ,\n         6.2311298 ],\n       [ 4.13819429, -0.10039447,  0.45341487,  4.82438711,  8.06571575,\n         6.23112978],\n       [ 4.13819428, -0.10039438,  0.45341488,  4.82438711,  8.0657157 ,\n         6.23112984],\n       [ 4.13819426, -0.10039432,  0.45341493,  4.82438707,  8.06571562,\n         6.23112984],\n       [ 4.13819433, -0.10039436,  0.45341492,  4.82438712,  8.06571567,\n         6.23112978],\n       [ 4.13819426, -0.10039442,  0.4534149 ,  4.82438712,  8.06571569,\n         6.2311298 ]]), array([0.11589127, 0.11589127, 0.11589127, 0.11589127, 0.11589127,\n       0.11589127, 0.11589127]))", "callback": [0.6745694588983462, 0.5898005393639527, 0.5191704847552736, 0.4318224756670169, 0.3917052774444384, 0.34890396816696145, 0.3213566805499064, 0.31303490611345164, 0.29765635524940937, 0.23498033284003628, 0.22736443792701033, 0.2073277561981821, 0.19064924646598203, 0.1820552734251416, 0.17341635219027307, 0.17232246086826097, 0.17086520529271443, 0.1700813801794624, 0.16517719427492972, 0.14995902712848697, 0.134707125406197, 0.12207250425403404, 0.11933910959517458, 0.1185195249868275, 0.11755406266823776, 0.1170314806724494, 0.11618811541314988, 0.11609242907212425, 0.11592618079564954, 0.11590324953974418, 0.1158937250301445, 0.11589180804154531, 0.11589141761946764, 0.11589130460762087, 0.11589130460762087, 0.11589128285758243, 0.11589127586177717, 0.11589127586177717, 0.11589127490016493, 0.1158912740931779, 0.11589127406987032, 0.11589127405007438, 0.11589127404240374, 0.11589127403895505, 0.11589127403804278, 0.1158912740378144, 0.1158912740377831, 0.11589127403775368, 0.11589127403774879, 0.1158912740377468]}, "8": {"maxiter": 1000, "fatol": 1e-05, "xatol": 1e-05, "duration": 0.17283415794372559, "fun": "0.11589127404240374", "nit": "422", "nfev": "659", "status": "0", "success": "True", "message": "Optimization terminated successfully.", "x": "[ 4.13819105 -0.10039826  0.45341637  4.82438797  8.06571728  6.23112759]", "final_simplex": "(array([[ 4.13819105, -0.10039826,  0.45341637,  4.82438797,  8.06571728,\n         6.23112759],\n       [ 4.13818936, -0.10039311,  0.4534156 ,  4.82438793,  8.06571555,\n         6.23113169],\n       [ 4.13819338, -0.10040634,  0.45341008,  4.82438646,  8.06572388,\n         6.2311275 ],\n       [ 4.1381912 , -0.1003993 ,  0.45341536,  4.82438973,  8.06571929,\n         6.23113059],\n       [ 4.13818893, -0.10039849,  0.45341595,  4.82438626,  8.06571703,\n         6.23112762],\n       [ 4.13819018, -0.1003918 ,  0.45341931,  4.8243898 ,  8.06571071,\n         6.23113427],\n       [ 4.13818847, -0.1003999 ,  0.45341343,  4.82438759,  8.06571934,\n         6.23112689]]), array([0.11589127, 0.11589127, 0.11589127, 0.11589127, 0.11589127,\n       0.11589127, 0.11589127]))", "callback": [0.6745694588983462, 0.5898005393639527, 0.5191704847552736, 0.4318224756670169, 0.3917052774444384, 0.34890396816696145, 0.3213566805499064, 0.31303490611345164, 0.29765635524940937, 0.23498033284003628, 0.22736443792701033, 0.2073277561981821, 0.19064924646598203, 0.1820552734251416, 0.17341635219027307, 0.17232246086826097, 0.17086520529271443, 0.1700813801794624, 0.16517719427492972, 0.14995902712848697, 0.134707125406197, 0.12207250425403404, 0.11933910959517458, 0.1185195249868275, 0.11755406266823776, 0.1170314806724494, 0.11618811541314988, 0.11609242907212425, 0.11592618079564954, 0.11590324953974418, 0.1158937250301445, 0.11589180804154531, 0.11589141761946764, 0.11589130460762087, 0.11589130460762087, 0.11589128285758243, 0.11589127586177717, 0.11589127586177717, 0.11589127490016493, 0.1158912740931779, 0.11589127406987032, 0.11589127405007438, 0.11589127404240374]}, "9": {"maxiter": 1000, "fatol": 1e-05, "xatol": 1e-10, "duration": 0.2258281707763672, "fun": "0.1158912740377448", "nit": "550", "nfev": "920", "status": "0", "success": "True", "message": "Optimization terminated successfully.", "x": "[ 4.13819432 -0.10039436  0.45341496  4.82438713  8.0657157   6.23112983]", "final_simplex": "(array([[ 4.13819432, -0.10039436,  0.45341496,  4.82438713,  8.0657157 ,\n         6.23112983],\n       [ 4.13819432, -0.10039436,  0.45341496,  4.82438713,  8.0657157 ,\n         6.23112983],\n       [ 4.13819432, -0.10039436,  0.45341496,  4.82438713,  8.0657157 ,\n         6.23112983],\n       [ 4.13819432, -0.10039436,  0.45341496,  4.82438713,  8.0657157 ,\n         6.23112983],\n       [ 4.13819432, -0.10039436,  0.45341496,  4.82438713,  8.0657157 ,\n         6.23112983],\n       [ 4.13819432, -0.10039436,  0.45341496,  4.82438713,  8.0657157 ,\n         6.23112983],\n       [ 4.13819432, -0.10039436,  0.45341496,  4.82438713,  8.0657157 ,\n         6.23112983]]), array([0.11589127, 0.11589127, 0.11589127, 0.11589127, 0.11589127,\n       0.11589127, 0.11589127]))", "callback": [0.6745694588983462, 0.5898005393639527, 0.5191704847552736, 0.4318224756670169, 0.3917052774444384, 0.34890396816696145, 0.3213566805499064, 0.31303490611345164, 0.29765635524940937, 0.23498033284003628, 0.22736443792701033, 0.2073277561981821, 0.19064924646598203, 0.1820552734251416, 0.17341635219027307, 0.17232246086826097, 0.17086520529271443, 0.1700813801794624, 0.16517719427492972, 0.14995902712848697, 0.134707125406197, 0.12207250425403404, 0.11933910959517458, 0.1185195249868275, 0.11755406266823776, 0.1170314806724494, 0.11618811541314988, 0.11609242907212425, 0.11592618079564954, 0.11590324953974418, 0.1158937250301445, 0.11589180804154531, 0.11589141761946764, 0.11589130460762087, 0.11589130460762087, 0.11589128285758243, 0.11589127586177717, 0.11589127586177717, 0.11589127490016493, 0.1158912740931779, 0.11589127406987032, 0.11589127405007438, 0.11589127404240374, 0.11589127403895505, 0.11589127403804278, 0.1158912740378144, 0.1158912740377831, 0.11589127403775368, 0.11589127403774879, 0.1158912740377468, 0.11589127403774535, 0.11589127403774524, 0.1158912740377448, 0.1158912740377448, 0.1158912740377448]}, "10": {"maxiter": 1000, "fatol": 1e-10, "xatol": 1e-05, "duration": 0.1678600311279297, "fun": "0.11589127404240374", "nit": "422", "nfev": "659", "status": "0", "success": "True", "message": "Optimization terminated successfully.", "x": "[ 4.13819105 -0.10039826  0.45341637  4.82438797  8.06571728  6.23112759]", "final_simplex": "(array([[ 4.13819105, -0.10039826,  0.45341637,  4.82438797,  8.06571728,\n         6.23112759],\n       [ 4.13818936, -0.10039311,  0.4534156 ,  4.82438793,  8.06571555,\n         6.23113169],\n       [ 4.13819338, -0.10040634,  0.45341008,  4.82438646,  8.06572388,\n         6.2311275 ],\n       [ 4.1381912 , -0.1003993 ,  0.45341536,  4.82438973,  8.06571929,\n         6.23113059],\n       [ 4.13818893, -0.10039849,  0.45341595,  4.82438626,  8.06571703,\n         6.23112762],\n       [ 4.13819018, -0.1003918 ,  0.45341931,  4.8243898 ,  8.06571071,\n         6.23113427],\n       [ 4.13818847, -0.1003999 ,  0.45341343,  4.82438759,  8.06571934,\n         6.23112689]]), array([0.11589127, 0.11589127, 0.11589127, 0.11589127, 0.11589127,\n       0.11589127, 0.11589127]))", "callback": [0.6745694588983462, 0.5898005393639527, 0.5191704847552736, 0.4318224756670169, 0.3917052774444384, 0.34890396816696145, 0.3213566805499064, 0.31303490611345164, 0.29765635524940937, 0.23498033284003628, 0.22736443792701033, 0.2073277561981821, 0.19064924646598203, 0.1820552734251416, 0.17341635219027307, 0.17232246086826097, 0.17086520529271443, 0.1700813801794624, 0.16517719427492972, 0.14995902712848697, 0.134707125406197, 0.12207250425403404, 0.11933910959517458, 0.1185195249868275, 0.11755406266823776, 0.1170314806724494, 0.11618811541314988, 0.11609242907212425, 0.11592618079564954, 0.11590324953974418, 0.1158937250301445, 0.11589180804154531, 0.11589141761946764, 0.11589130460762087, 0.11589130460762087, 0.11589128285758243, 0.11589127586177717, 0.11589127586177717, 0.11589127490016493, 0.1158912740931779, 0.11589127406987032, 0.11589127405007438, 0.11589127404240374]}, "11": {"maxiter": 1000, "fatol": 1e-10, "xatol": 1e-10, "duration": 0.22692298889160156, "fun": "0.1158912740377448", "nit": "550", "nfev": "920", "status": "0", "success": "True", "message": "Optimization terminated successfully.", "x": "[ 4.13819432 -0.10039436  0.45341496  4.82438713  8.0657157   6.23112983]", "final_simplex": "(array([[ 4.13819432, -0.10039436,  0.45341496,  4.82438713,  8.0657157 ,\n         6.23112983],\n       [ 4.13819432, -0.10039436,  0.45341496,  4.82438713,  8.0657157 ,\n         6.23112983],\n       [ 4.13819432, -0.10039436,  0.45341496,  4.82438713,  8.0657157 ,\n         6.23112983],\n       [ 4.13819432, -0.10039436,  0.45341496,  4.82438713,  8.0657157 ,\n         6.23112983],\n       [ 4.13819432, -0.10039436,  0.45341496,  4.82438713,  8.0657157 ,\n         6.23112983],\n       [ 4.13819432, -0.10039436,  0.45341496,  4.82438713,  8.0657157 ,\n         6.23112983],\n       [ 4.13819432, -0.10039436,  0.45341496,  4.82438713,  8.0657157 ,\n         6.23112983]]), array([0.11589127, 0.11589127, 0.11589127, 0.11589127, 0.11589127,\n       0.11589127, 0.11589127]))", "callback": [0.6745694588983462, 0.5898005393639527, 0.5191704847552736, 0.4318224756670169, 0.3917052774444384, 0.34890396816696145, 0.3213566805499064, 0.31303490611345164, 0.29765635524940937, 0.23498033284003628, 0.22736443792701033, 0.2073277561981821, 0.19064924646598203, 0.1820552734251416, 0.17341635219027307, 0.17232246086826097, 0.17086520529271443, 0.1700813801794624, 0.16517719427492972, 0.14995902712848697, 0.134707125406197, 0.12207250425403404, 0.11933910959517458, 0.1185195249868275, 0.11755406266823776, 0.1170314806724494, 0.11618811541314988, 0.11609242907212425, 0.11592618079564954, 0.11590324953974418, 0.1158937250301445, 0.11589180804154531, 0.11589141761946764, 0.11589130460762087, 0.11589130460762087, 0.11589128285758243, 0.11589127586177717, 0.11589127586177717, 0.11589127490016493, 0.1158912740931779, 0.11589127406987032, 0.11589127405007438, 0.11589127404240374, 0.11589127403895505, 0.11589127403804278, 0.1158912740378144, 0.1158912740377831, 0.11589127403775368, 0.11589127403774879, 0.1158912740377468, 0.11589127403774535, 0.11589127403774524, 0.1158912740377448, 0.1158912740377448, 0.1158912740377448]}}, "bfgs": {"type": "gradient", "0": {"maxiter": 100, "gtol": 1e-05, "xrtol": 1e-05, "eps": 1e-05, "duration": 0.05708122253417969, "fun": "0.11589127409431421", "jac": "[-5.96667160e-07  6.83375578e-07 -1.44152468e-06  1.38901113e-06\n -5.64215341e-08  2.05446771e-07]", "hess_inv": "[[ 2.93579389 -0.99103176 -0.08891895  0.3437164   0.7841598   0.40070937]\n [-0.99103176 14.1135531   6.48873907  0.41383351 -9.11464289  5.31165453]\n [-0.08891895  6.48873907  6.50690028  1.514548   -4.36008121  2.51496616]\n [ 0.3437164   0.41383351  1.514548    2.71161289 -0.57184596  0.39598395]\n [ 0.7841598  -9.11464289 -4.36008121 -0.57184596  9.19977839 -4.26178291]\n [ 0.40070937  5.31165453  2.51496616  0.39598395 -4.26178291  5.58823391]]", "nfev": "189", "njev": "27", "status": "0", "success": "True", "message": "Optimization terminated successfully.", "x": "[ 4.13818668 -0.10041424  0.4533948   4.82438024  8.06572159  6.23111735]", "nit": "23", "callback": [0.5981433008272254, 0.4127583373380017, 0.3528630984705048, 0.3151376112203268, 0.28312806797708956, 0.2748817710364222, 0.26418657990724137, 0.2522549294251585, 0.23796125934553602, 0.21594464931338342, 0.1925087017489927, 0.16264210795957634, 0.13128571893078977, 0.12495769969903359, 0.11942266864540585, 0.11714266913384452, 0.11661041668870942, 0.11596985232254209, 0.11590519955282752, 0.11589285146731076, 0.11589133998769685, 0.1158912746816726, 0.11589127409431421]}, "1": {"maxiter": 100, "gtol": 1e-05, "xrtol": 1e-05, "eps": 1e-10, "duration": 0.05207395553588867, "fun": "0.11589127404635302", "jac": "[ 1.11022293e-06  0.00000000e+00  0.00000000e+00 -1.11022293e-06\n  0.00000000e+00  0.00000000e+00]", "hess_inv": "[[ 2.86282083 -1.37490592 -0.22113265  0.41553458  1.23826736  0.0148123 ]\n [-1.37490592 14.33375211  5.96831167  0.14695139 -9.08459808  5.28410843]\n [-0.22113265  5.96831167  6.00490027  1.10241961 -3.62131895  2.14379239]\n [ 0.41553458  0.14695139  1.10241961  3.03521687 -0.33953884  0.37297061]\n [ 1.23826736 -9.08459808 -3.62131895 -0.33953884  8.5383735  -3.9639372 ]\n [ 0.0148123   5.28410843  2.14379239  0.37297061 -3.9639372   5.13654855]]", "nfev": "196", "njev": "28", "status": "0", "success": "True", "message": "Optimization terminated successfully.", "x": "[ 4.1381985  -0.10039497  0.45341778  4.82438626  8.06572033  6.23113197]", "nit": "23", "callback": [0.5981438257663867, 0.4127838813397525, 0.35287704793930164, 0.3151766142477861, 0.28309677308490055, 0.27488399062435886, 0.2641118541846108, 0.2522597168078027, 0.23786954063924037, 0.2158111119214029, 0.19224322921388481, 0.16208875797646294, 0.13134004399521193, 0.12498110742925206, 0.11946505072209679, 0.11704144100062752, 0.11619362777702646, 0.11593970129119746, 0.11590166606683638, 0.11589135968675868, 0.11589127829640355, 0.11589127422920398, 0.11589127404635302]}, "2": {"maxiter": 100, "gtol": 1e-05, "xrtol": 1e-10, "eps": 1e-05, "duration": 0.05091094970703125, "fun": "0.11589127409431421", "jac": "[-5.96667160e-07  6.83375578e-07 -1.44152468e-06  1.38901113e-06\n -5.64215341e-08  2.05446771e-07]", "hess_inv": "[[ 2.93579389 -0.99103176 -0.08891895  0.3437164   0.7841598   0.40070937]\n [-0.99103176 14.1135531   6.48873907  0.41383351 -9.11464289  5.31165453]\n [-0.08891895  6.48873907  6.50690028  1.514548   -4.36008121  2.51496616]\n [ 0.3437164   0.41383351  1.514548    2.71161289 -0.57184596  0.39598395]\n [ 0.7841598  -9.11464289 -4.36008121 -0.57184596  9.19977839 -4.26178291]\n [ 0.40070937  5.31165453  2.51496616  0.39598395 -4.26178291  5.58823391]]", "nfev": "189", "njev": "27", "status": "0", "success": "True", "message": "Optimization terminated successfully.", "x": "[ 4.13818668 -0.10041424  0.4533948   4.82438024  8.06572159  6.23111735]", "nit": "23", "callback": [0.5981433008272254, 0.4127583373380017, 0.3528630984705048, 0.3151376112203268, 0.28312806797708956, 0.2748817710364222, 0.26418657990724137, 0.2522549294251585, 0.23796125934553602, 0.21594464931338342, 0.1925087017489927, 0.16264210795957634, 0.13128571893078977, 0.12495769969903359, 0.11942266864540585, 0.11714266913384452, 0.11661041668870942, 0.11596985232254209, 0.11590519955282752, 0.11589285146731076, 0.11589133998769685, 0.1158912746816726, 0.11589127409431421]}, "3": {"maxiter": 100, "gtol": 1e-05, "xrtol": 1e-10, "eps": 1e-10, "duration": 0.0490260124206543, "fun": "0.11589127404635302", "jac": "[ 1.11022293e-06  0.00000000e+00  0.00000000e+00 -1.11022293e-06\n  0.00000000e+00  0.00000000e+00]", "hess_inv": "[[ 2.86282083 -1.37490592 -0.22113265  0.41553458  1.23826736  0.0148123 ]\n [-1.37490592 14.33375211  5.96831167  0.14695139 -9.08459808  5.28410843]\n [-0.22113265  5.96831167  6.00490027  1.10241961 -3.62131895  2.14379239]\n [ 0.41553458  0.14695139  1.10241961  3.03521687 -0.33953884  0.37297061]\n [ 1.23826736 -9.08459808 -3.62131895 -0.33953884  8.5383735  -3.9639372 ]\n [ 0.0148123   5.28410843  2.14379239  0.37297061 -3.9639372   5.13654855]]", "nfev": "196", "njev": "28", "status": "0", "success": "True", "message": "Optimization terminated successfully.", "x": "[ 4.1381985  -0.10039497  0.45341778  4.82438626  8.06572033  6.23113197]", "nit": "23", "callback": [0.5981438257663867, 0.4127838813397525, 0.35287704793930164, 0.3151766142477861, 0.28309677308490055, 0.27488399062435886, 0.2641118541846108, 0.2522597168078027, 0.23786954063924037, 0.2158111119214029, 0.19224322921388481, 0.16208875797646294, 0.13134004399521193, 0.12498110742925206, 0.11946505072209679, 0.11704144100062752, 0.11619362777702646, 0.11593970129119746, 0.11590166606683638, 0.11589135968675868, 0.11589127829640355, 0.11589127422920398, 0.11589127404635302]}, "4": {"maxiter": 100, "gtol": 1e-10, "xrtol": 1e-05, "eps": 1e-05, "duration": 0.05347585678100586, "fun": "0.11589127408910926", "jac": "[ 1.26831878e-07 -6.20725693e-08 -9.43689571e-09  2.23410179e-07\n -6.01629857e-08  7.52065077e-08]", "hess_inv": "[[ 2.94963746 -1.1344673  -0.09497043  0.34504649  0.89097406  0.32400495]\n [-1.1344673  14.22253492  6.30101988  0.57369478 -9.22431061  5.37582724]\n [-0.09497043  6.30101988  6.46401045  1.54554092 -4.22547383  2.41565192]\n [ 0.34504649  0.57369478  1.54554092  2.68984683 -0.68729742  0.48072926]\n [ 0.89097406 -9.22431061 -4.22547383 -0.68729742  9.30208746 -4.32469586]\n [ 0.32400495  5.37582724  2.41565192  0.48072926 -4.32469586  5.62567741]]", "nfev": "196", "njev": "28", "status": "0", "success": "True", "message": "Optimization terminated successfully.", "x": "[ 4.13818859 -0.10041798  0.45339687  4.82437841  8.0657247   6.23111529]", "nit": "24", "callback": [0.5981433008272254, 0.4127583373380017, 0.3528630984705048, 0.3151376112203268, 0.28312806797708956, 0.2748817710364222, 0.26418657990724137, 0.2522549294251585, 0.23796125934553602, 0.21594464931338342, 0.1925087017489927, 0.16264210795957634, 0.13128571893078977, 0.12495769969903359, 0.11942266864540585, 0.11714266913384452, 0.11661041668870942, 0.11596985232254209, 0.11590519955282752, 0.11589285146731076, 0.11589133998769685, 0.1158912746816726, 0.11589127409431421, 0.11589127408910926]}, "5": {"maxiter": 100, "gtol": 1e-10, "xrtol": 1e-05, "eps": 1e-10, "duration": 0.05442094802856445, "fun": "0.11589127404635302", "jac": "[ 1.11022293e-06  0.00000000e+00  0.00000000e+00 -1.11022293e-06\n  0.00000000e+00  0.00000000e+00]", "hess_inv": "[[ 2.86282083 -1.37490592 -0.22113265  0.41553458  1.23826736  0.0148123 ]\n [-1.37490592 14.33375211  5.96831167  0.14695139 -9.08459808  5.28410843]\n [-0.22113265  5.96831167  6.00490027  1.10241961 -3.62131895  2.14379239]\n [ 0.41553458  0.14695139  1.10241961  3.03521687 -0.33953884  0.37297061]\n [ 1.23826736 -9.08459808 -3.62131895 -0.33953884  8.5383735  -3.9639372 ]\n [ 0.0148123   5.28410843  2.14379239  0.37297061 -3.9639372   5.13654855]]", "nfev": "196", "njev": "28", "status": "0", "success": "True", "message": "Optimization terminated successfully.", "x": "[ 4.1381985  -0.10039497  0.45341778  4.82438626  8.06572033  6.23113197]", "nit": "23", "callback": [0.5981438257663867, 0.4127838813397525, 0.35287704793930164, 0.3151766142477861, 0.28309677308490055, 0.27488399062435886, 0.2641118541846108, 0.2522597168078027, 0.23786954063924037, 0.2158111119214029, 0.19224322921388481, 0.16208875797646294, 0.13134004399521193, 0.12498110742925206, 0.11946505072209679, 0.11704144100062752, 0.11619362777702646, 0.11593970129119746, 0.11590166606683638, 0.11589135968675868, 0.11589127829640355, 0.11589127422920398, 0.11589127404635302]}, "6": {"maxiter": 100, "gtol": 1e-10, "xrtol": 1e-10, "eps": 1e-05, "duration": 0.0980081558227539, "fun": "0.11589127408910926", "jac": "[ 1.26831878e-07 -6.20725693e-08 -9.43689571e-09  2.23410179e-07\n -6.01629857e-08  7.52065077e-08]", "hess_inv": "[[ 2.75117286 -0.93859789 -0.26720847  0.30698236  0.79008678  0.33751621]\n [-0.93859789 14.21827383  6.42798242  0.83490829 -9.34309363  5.55959145]\n [-0.26720847  6.42798242  6.32432442  1.46160933 -4.26333688  2.38252203]\n [ 0.30698236  0.83490829  1.46160933  2.94712622 -0.96496134  0.71649313]\n [ 0.79008678 -9.34309363 -4.26333688 -0.96496134  9.50299997 -4.54547843]\n [ 0.33751621  5.55959145  2.38252203  0.71649313 -4.54547843  5.83025102]]", "nfev": "348", "njev": "48", "status": "2", "success": "False", "message": "Desired error not necessarily achieved due to precision loss.", "x": "[ 4.13818859 -0.10041798  0.45339687  4.82437841  8.0657247   6.23111529]", "nit": "24", "callback": [0.5981433008272254, 0.4127583373380017, 0.3528630984705048, 0.3151376112203268, 0.28312806797708956, 0.2748817710364222, 0.26418657990724137, 0.2522549294251585, 0.23796125934553602, 0.21594464931338342, 0.1925087017489927, 0.16264210795957634, 0.13128571893078977, 0.12495769969903359, 0.11942266864540585, 0.11714266913384452, 0.11661041668870942, 0.11596985232254209, 0.11590519955282752, 0.11589285146731076, 0.11589133998769685, 0.1158912746816726, 0.11589127409431421, 0.11589127408910926]}, "7": {"maxiter": 100, "gtol": 1e-10, "xrtol": 1e-10, "eps": 1e-10, "duration": 0.07989001274108887, "fun": "0.11589127404287003", "jac": "[ 0.00000000e+00 -1.11022309e-06  0.00000000e+00 -4.44089173e-06\n -1.11022293e-06  1.11022293e-06]", "hess_inv": "[[ 0.10568621  0.03498345  0.17121576 -0.19669621  0.05473815 -0.26462793]\n [ 0.03498345  0.24573658  0.16374036 -0.38781617 -0.10941614 -0.31077849]\n [ 0.17121576  0.16374036  0.34067382 -0.47240042  0.03614652 -0.54622304]\n [-0.19669621 -0.38781617 -0.47240042  0.84700475  0.06070182  0.80871221]\n [ 0.05473815 -0.10941614  0.03614652  0.06070182  0.10464631 -0.0231942 ]\n [-0.26462793 -0.31077849 -0.54622304  0.80871221 -0.0231942   0.89287933]]", "nfev": "329", "njev": "47", "status": "0", "success": "True", "message": "Optimization terminated successfully.", "x": "[ 4.13819536 -0.10039282  0.45341934  4.82438874  8.06571861  6.23113177]", "nit": "32", "callback": [0.5981438257663867, 0.4127838813397525, 0.35287704793930164, 0.3151766142477861, 0.28309677308490055, 0.27488399062435886, 0.2641118541846108, 0.2522597168078027, 0.23786954063924037, 0.2158111119214029, 0.19224322921388481, 0.16208875797646294, 0.13134004399521193, 0.12498110742925206, 0.11946505072209679, 0.11704144100062752, 0.11619362777702646, 0.11593970129119746, 0.11590166606683638, 0.11589135968675868, 0.11589127829640355, 0.11589127422920398, 0.11589127404635302, 0.11589127404368849, 0.11589127404362731, 0.11589127404359822, 0.11589127404358246, 0.11589127404355848, 0.11589127404351707, 0.11589127404343913, 0.11589127404287014, 0.11589127404287003]}, "8": {"maxiter": 500, "gtol": 1e-05, "xrtol": 1e-05, "eps": 1e-05, "duration": 0.05116915702819824, "fun": "0.11589127409431421", "jac": "[-5.96667160e-07  6.83375578e-07 -1.44152468e-06  1.38901113e-06\n -5.64215341e-08  2.05446771e-07]", "hess_inv": "[[ 2.93579389 -0.99103176 -0.08891895  0.3437164   0.7841598   0.40070937]\n [-0.99103176 14.1135531   6.48873907  0.41383351 -9.11464289  5.31165453]\n [-0.08891895  6.48873907  6.50690028  1.514548   -4.36008121  2.51496616]\n [ 0.3437164   0.41383351  1.514548    2.71161289 -0.57184596  0.39598395]\n [ 0.7841598  -9.11464289 -4.36008121 -0.57184596  9.19977839 -4.26178291]\n [ 0.40070937  5.31165453  2.51496616  0.39598395 -4.26178291  5.58823391]]", "nfev": "189", "njev": "27", "status": "0", "success": "True", "message": "Optimization terminated successfully.", "x": "[ 4.13818668 -0.10041424  0.4533948   4.82438024  8.06572159  6.23111735]", "nit": "23", "callback": [0.5981433008272254, 0.4127583373380017, 0.3528630984705048, 0.3151376112203268, 0.28312806797708956, 0.2748817710364222, 0.26418657990724137, 0.2522549294251585, 0.23796125934553602, 0.21594464931338342, 0.1925087017489927, 0.16264210795957634, 0.13128571893078977, 0.12495769969903359, 0.11942266864540585, 0.11714266913384452, 0.11661041668870942, 0.11596985232254209, 0.11590519955282752, 0.11589285146731076, 0.11589133998769685, 0.1158912746816726, 0.11589127409431421]}, "9": {"maxiter": 500, "gtol": 1e-05, "xrtol": 1e-05, "eps": 1e-10, "duration": 0.048864126205444336, "fun": "0.11589127404635302", "jac": "[ 1.11022293e-06  0.00000000e+00  0.00000000e+00 -1.11022293e-06\n  0.00000000e+00  0.00000000e+00]", "hess_inv": "[[ 2.86282083 -1.37490592 -0.22113265  0.41553458  1.23826736  0.0148123 ]\n [-1.37490592 14.33375211  5.96831167  0.14695139 -9.08459808  5.28410843]\n [-0.22113265  5.96831167  6.00490027  1.10241961 -3.62131895  2.14379239]\n [ 0.41553458  0.14695139  1.10241961  3.03521687 -0.33953884  0.37297061]\n [ 1.23826736 -9.08459808 -3.62131895 -0.33953884  8.5383735  -3.9639372 ]\n [ 0.0148123   5.28410843  2.14379239  0.37297061 -3.9639372   5.13654855]]", "nfev": "196", "njev": "28", "status": "0", "success": "True", "message": "Optimization terminated successfully.", "x": "[ 4.1381985  -0.10039497  0.45341778  4.82438626  8.06572033  6.23113197]", "nit": "23", "callback": [0.5981438257663867, 0.4127838813397525, 0.35287704793930164, 0.3151766142477861, 0.28309677308490055, 0.27488399062435886, 0.2641118541846108, 0.2522597168078027, 0.23786954063924037, 0.2158111119214029, 0.19224322921388481, 0.16208875797646294, 0.13134004399521193, 0.12498110742925206, 0.11946505072209679, 0.11704144100062752, 0.11619362777702646, 0.11593970129119746, 0.11590166606683638, 0.11589135968675868, 0.11589127829640355, 0.11589127422920398, 0.11589127404635302]}, "10": {"maxiter": 500, "gtol": 1e-05, "xrtol": 1e-10, "eps": 1e-05, "duration": 0.04717278480529785, "fun": "0.11589127409431421", "jac": "[-5.96667160e-07  6.83375578e-07 -1.44152468e-06  1.38901113e-06\n -5.64215341e-08  2.05446771e-07]", "hess_inv": "[[ 2.93579389 -0.99103176 -0.08891895  0.3437164   0.7841598   0.40070937]\n [-0.99103176 14.1135531   6.48873907  0.41383351 -9.11464289  5.31165453]\n [-0.08891895  6.48873907  6.50690028  1.514548   -4.36008121  2.51496616]\n [ 0.3437164   0.41383351  1.514548    2.71161289 -0.57184596  0.39598395]\n [ 0.7841598  -9.11464289 -4.36008121 -0.57184596  9.19977839 -4.26178291]\n [ 0.40070937  5.31165453  2.51496616  0.39598395 -4.26178291  5.58823391]]", "nfev": "189", "njev": "27", "status": "0", "success": "True", "message": "Optimization terminated successfully.", "x": "[ 4.13818668 -0.10041424  0.4533948   4.82438024  8.06572159  6.23111735]", "nit": "23", "callback": [0.5981433008272254, 0.412758337338