{"date": "2024/09/25/, 17:54:48", "conf_id": 285, "data_type": "var_s_rank\n", "num_data_points": 3, "s_rank": 0, "unitary": "[[-0.45070455-0.02711853j,0.78437395-0.06613086j,0.06358678+0.19963393j,-0.07343613+0.35668523j],[-0.01890143-0.03813363j,0.32408202+0.25557629j,0.05872864-0.68979805j,0.55466693-0.20227297j],[-0.11215405+0.64023111j,-0.13344055+0.29565494j,-0.49012687-0.19046288j,-0.04241254+0.44046348j],[0.55771659+0.24656916j,0.31851997-0.05798805j,0.28761525-0.34294258j,-0.56718418+0.03616933j]]", "databatch_0": {"databatch": "[[[-0.16233762-0.02383985j,0.02099231+0.23263705j,0.05996201+0.10438443j,-0.17487462+0.16406198j],[-0.11161631-0.27501649j,-0.32133826+0.16829029j,-0.13827267+0.05159926j,-0.22684418-0.0466554j],[-0.26265586-0.08545127j,-0.16377553+0.10000086j,-0.37628961-0.1472995j,0.43045841-0.0358204j],[-0.04791018+0.0755372j,0.12116975-0.01743981j,0.01762-0.09717148j,0.18988208+0.14022419j]],[[0.03391277+0.30257454j,0.18272043-0.22432525j,-0.03917827+0.1204817j,-0.21070506-0.04357725j],[0.24559983-0.08783923j,-0.01029712+0.24830778j,0.10935226-0.28040082j,0.10621282+0.01771901j],[0.16181809+0.34956806j,0.12730407+0.33356529j,0.12168217+0.01795082j,-0.01376139-0.10751057j],[-0.03266088-0.2017066j,-0.34069765-0.07150241j,-0.02208976+0.16995857j,0.08958868+0.16185381j]],[[0.01062822-0.05067265j,0.11649066-0.10478037j,0.15232825+0.29461771j,-0.0739835-0.11834072j],[-0.01297241+0.01801152j,-0.06386441+0.02081704j,-0.00849177-0.141937j,0.00842611+0.0592368j],[0.06234082-0.09617617j,0.32409535-0.12353425j,0.0797423+0.72986025j,-0.05845855-0.30336759j],[-0.0273662+0.00687865j,-0.07913159-0.03209089j,0.1080369-0.14491954j,-0.04034336+0.06448152j]]]", "initial param values": "[3.27863434,1.88442057,5.44950235,5.30399118,5.23026331,5.31745335]", "nelder_mead": {"type": "gradient-free", "0": {"maxiter": 100, "fatol": 1e-05, "xatol": 1e-05, "duration": 0.038568973541259766, "fun": "0.5200895066966242", "nit": "100", "nfev": "157", "status": "2", "success": "False", "message": "Maximum number of iterations has been exceeded.", "x": "[2.39420076 1.20120272 0.96724491 4.27981594 7.76281592 9.43975624]", "final_simplex": "(array([[2.39420076, 1.20120272, 0.96724491, 4.27981594, 7.76281592,\n        9.43975624],\n       [2.25868066, 1.18750981, 0.71546771, 4.29478462, 7.86674955,\n        9.66749802],\n       [2.51032608, 1.35915313, 1.18726172, 4.31789575, 7.58333026,\n        9.27759108],\n       [2.49823069, 1.37773181, 0.87592863, 4.0742166 , 7.71053004,\n        9.39208514],\n       [2.40447146, 1.3583166 , 0.74986576, 4.18536985, 7.80313334,\n        9.50172801],\n       [2.58187366, 1.47562962, 1.03485956, 4.22906391, 7.57215809,\n        9.14777397],\n       [2.33991371, 1.23000761, 0.59938612, 4.07279046, 7.99930425,\n        9.74405891]]), array([0.52008951, 0.53366256, 0.5399616 , 0.54499341, 0.54938404,\n       0.55304205, 0.55674844]))", "callback": [0.8185455911923938, 0.722054948586762, 0.6596040712060274, 0.62590312234977, 0.620513367556969, 0.6140516957914679, 0.6101469209312049, 0.6064989114121728, 0.5903249573966463, 0.5449934092330695]}, "1": {"maxiter": 100, "fatol": 1e-05, "xatol": 1e-10, "duration": 0.03734278678894043, "fun": "0.5200895066966242", "nit": "100", "nfev": "157", "status": "2", "success": "False", "message": "Maximum number of iterations has been exceeded.", "x": "[2.39420076 1.20120272 0.96724491 4.27981594 7.76281592 9.43975624]", "final_simplex": "(array([[2.39420076, 1.20120272, 0.96724491, 4.27981594, 7.76281592,\n        9.43975624],\n       [2.25868066, 1.18750981, 0.71546771, 4.29478462, 7.86674955,\n        9.66749802],\n       [2.51032608, 1.35915313, 1.18726172, 4.31789575, 7.58333026,\n        9.27759108],\n       [2.49823069, 1.37773181, 0.87592863, 4.0742166 , 7.71053004,\n        9.39208514],\n       [2.40447146, 1.3583166 , 0.74986576, 4.18536985, 7.80313334,\n        9.50172801],\n       [2.58187366, 1.47562962, 1.03485956, 4.22906391, 7.57215809,\n        9.14777397],\n       [2.33991371, 1.23000761, 0.59938612, 4.07279046, 7.99930425,\n        9.74405891]]), array([0.52008951, 0.53366256, 0.5399616 , 0.54499341, 0.54938404,\n       0.55304205, 0.55674844]))", "callback": [0.8185455911923938, 0.722054948586762, 0.6596040712060274, 0.62590312234977, 0.620513367556969, 0.6140516957914679, 0.6101469209312049, 0.6064989114121728, 0.5903249573966463, 0.5449934092330695]}, "2": {"maxiter": 100, "fatol": 1e-10, "xatol": 1e-05, "duration": 0.03649497032165527, "fun": "0.5200895066966242", "nit": "100", "nfev": "157", "status": "2", "success": "False", "message": "Maximum number of iterations has been exceeded.", "x": "[2.39420076 1.20120272 0.96724491 4.27981594 7.76281592 9.43975624]", "final_simplex": "(array([[2.39420076, 1.20120272, 0.96724491, 4.27981594, 7.76281592,\n        9.43975624],\n       [2.25868066, 1.18750981, 0.71546771, 4.29478462, 7.86674955,\n        9.66749802],\n       [2.51032608, 1.35915313, 1.18726172, 4.31789575, 7.58333026,\n        9.27759108],\n       [2.49823069, 1.37773181, 0.87592863, 4.0742166 , 7.71053004,\n        9.39208514],\n       [2.40447146, 1.3583166 , 0.74986576, 4.18536985, 7.80313334,\n        9.50172801],\n       [2.58187366, 1.47562962, 1.03485956, 4.22906391, 7.57215809,\n        9.14777397],\n       [2.33991371, 1.23000761, 0.59938612, 4.07279046, 7.99930425,\n        9.74405891]]), array([0.52008951, 0.53366256, 0.5399616 , 0.54499341, 0.54938404,\n       0.55304205, 0.55674844]))", "callback": [0.8185455911923938, 0.722054948586762, 0.6596040712060274, 0.62590312234977, 0.620513367556969, 0.6140516957914679, 0.6101469209312049, 0.6064989114121728, 0.5903249573966463, 0.5449934092330695]}, "3": {"maxiter": 100, "fatol": 1e-10, "xatol": 1e-10, "duration": 0.03653597831726074, "fun": "0.5200895066966242", "nit": "100", "nfev": "157", "status": "2", "success": "False", "message": "Maximum number of iterations has been exceeded.", "x": "[2.39420076 1.20120272 0.96724491 4.27981594 7.76281592 9.43975624]", "final_simplex": "(array([[2.39420076, 1.20120272, 0.96724491, 4.27981594, 7.76281592,\n        9.43975624],\n       [2.25868066, 1.18750981, 0.71546771, 4.29478462, 7.86674955,\n        9.66749802],\n       [2.51032608, 1.35915313, 1.18726172, 4.31789575, 7.58333026,\n        9.27759108],\n       [2.49823069, 1.37773181, 0.87592863, 4.0742166 , 7.71053004,\n        9.39208514],\n       [2.40447146, 1.3583166 , 0.74986576, 4.18536985, 7.80313334,\n        9.50172801],\n       [2.58187366, 1.47562962, 1.03485956, 4.22906391, 7.57215809,\n        9.14777397],\n       [2.33991371, 1.23000761, 0.59938612, 4.07279046, 7.99930425,\n        9.74405891]]), array([0.52008951, 0.53366256, 0.5399616 , 0.54499341, 0.54938404,\n       0.55304205, 0.55674844]))", "callback": [0.8185455911923938, 0.722054948586762, 0.6596040712060274, 0.62590312234977, 0.620513367556969, 0.6140516957914679, 0.6101469209312049, 0.6064989114121728, 0.5903249573966463, 0.5449934092330695]}, "4": {"maxiter": 500, "fatol": 1e-05, "xatol": 1e-05, "duration": 0.1785140037536621, "fun": "0.2921384771595531", "nit": "500", "nfev": "772", "status": "2", "success": "False", "message": "Maximum number of iterations has been exceeded.", "x": "[1.16019317 0.95445419 1.00773276 4.44321666 7.14334581 8.54372354]", "final_simplex": "(array([[1.16019317, 0.95445419, 1.00773276, 4.44321666, 7.14334581,\n        8.54372354],\n       [1.1602006 , 0.95444863, 1.00772835, 4.44322127, 7.14334264,\n        8.54371831],\n       [1.16019082, 0.95445153, 1.00772905, 4.44321713, 7.143343  ,\n        8.54372353],\n       [1.16018942, 0.95445145, 1.0077331 , 4.44321705, 7.14334617,\n        8.54372944],\n       [1.16019712, 0.95445   , 1.00772898, 4.44322225, 7.14334912,\n        8.54371465],\n       [1.16019335, 0.95445901, 1.00772605, 4.44321535, 7.14334897,\n        8.54372917],\n       [1.16019823, 0.95444655, 1.00773311, 4.44321141, 7.14334647,\n        8.54372877]]), array([0.29213848, 0.29213848, 0.29213848, 0.29213848, 0.29213848,\n       0.29213848, 0.29213848]))", "callback": [0.8185455911923938, 0.722054948586762, 0.6596040712060274, 0.62590312234977, 0.620513367556969, 0.6140516957914679, 0.6101469209312049, 0.6064989114121728, 0.5903249573966463, 0.5449934092330695, 0.5195022345487776, 0.5108711423751988, 0.4931753958121744, 0.4794788556930918, 0.46730867562225564, 0.43319380538401253, 0.4049050565550548, 0.3900781896500304, 0.3861001537489487, 0.37920684458436915, 0.37606383874310734, 0.37525546741831584, 0.3744285429079238, 0.37361156969367093, 0.37259131143860114, 0.3721646633212964, 0.37038050353869945, 0.3642629384887409, 0.3385146924241713, 0.30898949312451096, 0.2987602203802808, 0.29709552611735945, 0.2931103427098619, 0.29241928743319046, 0.2922601614054092, 0.29216375784949167, 0.2921463681833881, 0.29213974369936935, 0.2921387524788909, 0.29213853575872484, 0.29213849933674163, 0.29213848440999346, 0.2921384810501042, 0.2921384778059367, 0.2921384778059367, 0.2921384774799235, 0.292138477261473, 0.2921384772325778, 0.29213847719199404, 0.2921384771696721]}, "5": {"maxiter": 500, "fatol": 1e-05, "xatol": 1e-10, "duration": 0.1718142032623291, "fun": "0.2921384771595531", "nit": "500", "nfev": "772", "status": "2", "success": "False", "message": "Maximum number of iterations has been exceeded.", "x": "[1.16019317 0.95445419 1.00773276 4.44321666 7.14334581 8.54372354]", "final_simplex": "(array([[1.16019317, 0.95445419, 1.00773276, 4.44321666, 7.14334581,\n        8.54372354],\n       [1.1602006 , 0.95444863, 1.00772835, 4.44322127, 7.14334264,\n        8.54371831],\n       [1.16019082, 0.95445153, 1.00772905, 4.44321713, 7.143343  ,\n        8.54372353],\n       [1.16018942, 0.95445145, 1.0077331 , 4.44321705, 7.14334617,\n        8.54372944],\n       [1.16019712, 0.95445   , 1.00772898, 4.44322225, 7.14334912,\n        8.54371465],\n       [1.16019335, 0.95445901, 1.00772605, 4.44321535, 7.14334897,\n        8.54372917],\n       [1.16019823, 0.95444655, 1.00773311, 4.44321141, 7.14334647,\n        8.54372877]]), array([0.29213848, 0.29213848, 0.29213848, 0.29213848, 0.29213848,\n       0.29213848, 0.29213848]))", "callback": [0.8185455911923938, 0.722054948586762, 0.6596040712060274, 0.62590312234977, 0.620513367556969, 0.6140516957914679, 0.6101469209312049, 0.6064989114121728, 0.5903249573966463, 0.5449934092330695, 0.5195022345487776, 0.5108711423751988, 0.4931753958121744, 0.4794788556930918, 0.46730867562225564, 0.43319380538401253, 0.4049050565550548, 0.3900781896500304, 0.3861001537489487, 0.37920684458436915, 0.37606383874310734, 0.37525546741831584, 0.3744285429079238, 0.37361156969367093, 0.37259131143860114, 0.3721646633212964, 0.37038050353869945, 0.3642629384887409, 0.3385146924241713, 0.30898949312451096, 0.2987602203802808, 0.29709552611735945, 0.2931103427098619, 0.29241928743319046, 0.2922601614054092, 0.29216375784949167, 0.2921463681833881, 0.29213974369936935, 0.2921387524788909, 0.29213853575872484, 0.29213849933674163, 0.29213848440999346, 0.2921384810501042, 0.2921384778059367, 0.2921384778059367, 0.2921384774799235, 0.292138477261473, 0.2921384772325778, 0.29213847719199404, 0.2921384771696721]}, "6": {"maxiter": 500, "fatol": 1e-10, "xatol": 1e-05, "duration": 0.20918488502502441, "fun": "0.2921384771595531", "nit": "500", "nfev": "772", "status": "2", "success": "False", "message": "Maximum number of iterations has been exceeded.", "x": "[1.16019317 0.95445419 1.00773276 4.44321666 7.14334581 8.54372354]", "final_simplex": "(array([[1.16019317, 0.95445419, 1.00773276, 4.44321666, 7.14334581,\n        8.54372354],\n       [1.1602006 , 0.95444863, 1.00772835, 4.44322127, 7.14334264,\n        8.54371831],\n       [1.16019082, 0.95445153, 1.00772905, 4.44321713, 7.143343  ,\n        8.54372353],\n       [1.16018942, 0.95445145, 1.0077331 , 4.44321705, 7.14334617,\n        8.54372944],\n       [1.16019712, 0.95445   , 1.00772898, 4.44322225, 7.14334912,\n        8.54371465],\n       [1.16019335, 0.95445901, 1.00772605, 4.44321535, 7.14334897,\n        8.54372917],\n       [1.16019823, 0.95444655, 1.00773311, 4.44321141, 7.14334647,\n        8.54372877]]), array([0.29213848, 0.29213848, 0.29213848, 0.29213848, 0.29213848,\n       0.29213848, 0.29213848]))", "callback": [0.8185455911923938, 0.722054948586762, 0.6596040712060274, 0.62590312234977, 0.620513367556969, 0.6140516957914679, 0.6101469209312049, 0.6064989114121728, 0.5903249573966463, 0.5449934092330695, 0.5195022345487776, 0.5108711423751988, 0.4931753958121744, 0.4794788556930918, 0.46730867562225564, 0.43319380538401253, 0.4049050565550548, 0.3900781896500304, 0.3861001537489487, 0.37920684458436915, 0.37606383874310734, 0.37525546741831584, 0.3744285429079238, 0.37361156969367093, 0.37259131143860114, 0.3721646633212964, 0.37038050353869945, 0.3642629384887409, 0.3385146924241713, 0.30898949312451096, 0.2987602203802808, 0.29709552611735945, 0.2931103427098619, 0.29241928743319046, 0.2922601614054092, 0.29216375784949167, 0.2921463681833881, 0.29213974369936935, 0.2921387524788909, 0.29213853575872484, 0.29213849933674163, 0.29213848440999346, 0.2921384810501042, 0.2921384778059367, 0.2921384778059367, 0.2921384774799235, 0.292138477261473, 0.2921384772325778, 0.29213847719199404, 0.2921384771696721]}, "7": {"maxiter": 500, "fatol": 1e-10, "xatol": 1e-10, "duration": 0.16762399673461914, "fun": "0.2921384771595531", "nit": "500", "nfev": "772", "status": "2", "success": "False", "message": "Maximum number of iterations has been exceeded.", "x": "[1.16019317 0.95445419 1.00773276 4.44321666 7.14334581 8.54372354]", "final_simplex": "(array([[1.16019317, 0.95445419, 1.00773276, 4.44321666, 7.14334581,\n        8.54372354],\n       [1.1602006 , 0.95444863, 1.00772835, 4.44322127, 7.14334264,\n        8.54371831],\n       [1.16019082, 0.95445153, 1.00772905, 4.44321713, 7.143343  ,\n        8.54372353],\n       [1.16018942, 0.95445145, 1.0077331 , 4.44321705, 7.14334617,\n        8.54372944],\n       [1.16019712, 0.95445   , 1.00772898, 4.44322225, 7.14334912,\n        8.54371465],\n       [1.16019335, 0.95445901, 1.00772605, 4.44321535, 7.14334897,\n        8.54372917],\n       [1.16019823, 0.95444655, 1.00773311, 4.44321141, 7.14334647,\n        8.54372877]]), array([0.29213848, 0.29213848, 0.29213848, 0.29213848, 0.29213848,\n       0.29213848, 0.29213848]))", "callback": [0.8185455911923938, 0.722054948586762, 0.6596040712060274, 0.62590312234977, 0.620513367556969, 0.6140516957914679, 0.6101469209312049, 0.6064989114121728, 0.5903249573966463, 0.5449934092330695, 0.5195022345487776, 0.5108711423751988, 0.4931753958121744, 0.4794788556930918, 0.46730867562225564, 0.43319380538401253, 0.4049050565550548, 0.3900781896500304, 0.3861001537489487, 0.37920684458436915, 0.37606383874310734, 0.37525546741831584, 0.3744285429079238, 0.37361156969367093, 0.37259131143860114, 0.3721646633212964, 0.37038050353869945, 0.3642629384887409, 0.3385146924241713, 0.30898949312451096, 0.2987602203802808, 0.29709552611735945, 0.2931103427098619, 0.29241928743319046, 0.2922601614054092, 0.29216375784949167, 0.2921463681833881, 0.29213974369936935, 0.2921387524788909, 0.29213853575872484, 0.29213849933674163, 0.29213848440999346, 0.2921384810501042, 0.2921384778059367, 0.2921384778059367, 0.2921384774799235, 0.292138477261473, 0.2921384772325778, 0.29213847719199404, 0.2921384771696721]}, "8": {"maxiter": 1000, "fatol": 1e-05, "xatol": 1e-05, "duration": 0.16765785217285156, "fun": "0.2921384771595531", "nit": "500", "nfev": "772", "status": "0", "success": "True", "message": "Optimization terminated successfully.", "x": "[1.16019317 0.95445419 1.00773276 4.44321666 7.14334581 8.54372354]", "final_simplex": "(array([[1.16019317, 0.95445419, 1.00773276, 4.44321666, 7.14334581,\n        8.54372354],\n       [1.1602006 , 0.95444863, 1.00772835, 4.44322127, 7.14334264,\n        8.54371831],\n       [1.16019082, 0.95445153, 1.00772905, 4.44321713, 7.143343  ,\n        8.54372353],\n       [1.16018942, 0.95445145, 1.0077331 , 4.44321705, 7.14334617,\n        8.54372944],\n       [1.16019712, 0.95445   , 1.00772898, 4.44322225, 7.14334912,\n        8.54371465],\n       [1.16019335, 0.95445901, 1.00772605, 4.44321535, 7.14334897,\n        8.54372917],\n       [1.16019823, 0.95444655, 1.00773311, 4.44321141, 7.14334647,\n        8.54372877]]), array([0.29213848, 0.29213848, 0.29213848, 0.29213848, 0.29213848,\n       0.29213848, 0.29213848]))", "callback": [0.8185455911923938, 0.722054948586762, 0.6596040712060274, 0.62590312234977, 0.620513367556969, 0.6140516957914679, 0.6101469209312049, 0.6064989114121728, 0.5903249573966463, 0.5449934092330695, 0.5195022345487776, 0.5108711423751988, 0.4931753958121744, 0.4794788556930918, 0.46730867562225564, 0.43319380538401253, 0.4049050565550548, 0.3900781896500304, 0.3861001537489487, 0.37920684458436915, 0.37606383874310734, 0.37525546741831584, 0.3744285429079238, 0.37361156969367093, 0.37259131143860114, 0.3721646633212964, 0.37038050353869945, 0.3642629384887409, 0.3385146924241713, 0.30898949312451096, 0.2987602203802808, 0.29709552611735945, 0.2931103427098619, 0.29241928743319046, 0.2922601614054092, 0.29216375784949167, 0.2921463681833881, 0.29213974369936935, 0.2921387524788909, 0.29213853575872484, 0.29213849933674163, 0.29213848440999346, 0.2921384810501042, 0.2921384778059367, 0.2921384778059367, 0.2921384774799235, 0.292138477261473, 0.2921384772325778, 0.29213847719199404, 0.2921384771696721]}, "9": {"maxiter": 1000, "fatol": 1e-05, "xatol": 1e-10, "duration": 0.2345588207244873, "fun": "0.29213847715622876", "nit": "601", "nfev": "990", "status": "0", "success": "True", "message": "Optimization terminated successfully.", "x": "[1.16019642 0.95445288 1.00772989 4.44321835 7.14334757 8.54372302]", "final_simplex": "(array([[1.16019642, 0.95445288, 1.00772989, 4.44321835, 7.14334757,\n        8.54372302],\n       [1.16019642, 0.95445288, 1.00772989, 4.44321835, 7.14334757,\n        8.54372302],\n       [1.16019642, 0.95445288, 1.00772989, 4.44321835, 7.14334757,\n        8.54372302],\n       [1.16019642, 0.95445288, 1.00772989, 4.44321835, 7.14334757,\n        8.54372302],\n       [1.16019642, 0.95445288, 1.00772989, 4.44321835, 7.14334757,\n        8.54372302],\n       [1.16019642, 0.95445288, 1.00772989, 4.44321835, 7.14334757,\n        8.54372302],\n       [1.16019642, 0.95445288, 1.00772989, 4.44321835, 7.14334757,\n        8.54372302]]), array([0.29213848, 0.29213848, 0.29213848, 0.29213848, 0.29213848,\n       0.29213848, 0.29213848]))", "callback": [0.8185455911923938, 0.722054948586762, 0.6596040712060274, 0.62590312234977, 0.620513367556969, 0.6140516957914679, 0.6101469209312049, 0.6064989114121728, 0.5903249573966463, 0.5449934092330695, 0.5195022345487776, 0.5108711423751988, 0.4931753958121744, 0.4794788556930918, 0.46730867562225564, 0.43319380538401253, 0.4049050565550548, 0.3900781896500304, 0.3861001537489487, 0.37920684458436915, 0.37606383874310734, 0.37525546741831584, 0.3744285429079238, 0.37361156969367093, 0.37259131143860114, 0.3721646633212964, 0.37038050353869945, 0.3642629384887409, 0.3385146924241713, 0.30898949312451096, 0.2987602203802808, 0.29709552611735945, 0.2931103427098619, 0.29241928743319046, 0.2922601614054092, 0.29216375784949167, 0.2921463681833881, 0.29213974369936935, 0.2921387524788909, 0.29213853575872484, 0.29213849933674163, 0.29213848440999346, 0.2921384810501042, 0.2921384778059367, 0.2921384778059367, 0.2921384774799235, 0.292138477261473, 0.2921384772325778, 0.29213847719199404, 0.2921384771696721, 0.292138477159117, 0.2921384771568266, 0.29213847715650976, 0.2921384771562825, 0.2921384771562394, 0.2921384771562314, 0.2921384771562293, 0.29213847715622887, 0.29213847715622876, 0.29213847715622876, 0.29213847715622876]}, "10": {"maxiter": 1000, "fatol": 1e-10, "xatol": 1e-05, "duration": 0.18159103393554688, "fun": "0.2921384771595531", "nit": "500", "nfev": "772", "status": "0", "success": "True", "message": "Optimization terminated successfully.", "x": "[1.16019317 0.95445419 1.00773276 4.44321666 7.14334581 8.54372354]", "final_simplex": "(array([[1.16019317, 0.95445419, 1.00773276, 4.44321666, 7.14334581,\n        8.54372354],\n       [1.1602006 , 0.95444863, 1.00772835, 4.44322127, 7.14334264,\n        8.54371831],\n       [1.16019082, 0.95445153, 1.00772905, 4.44321713, 7.143343  ,\n        8.54372353],\n       [1.16018942, 0.95445145, 1.0077331 , 4.44321705, 7.14334617,\n        8.54372944],\n       [1.16019712, 0.95445   , 1.00772898, 4.44322225, 7.14334912,\n        8.54371465],\n       [1.16019335, 0.95445901, 1.00772605, 4.44321535, 7.14334897,\n        8.54372917],\n       [1.16019823, 0.95444655, 1.00773311, 4.44321141, 7.14334647,\n        8.54372877]]), array([0.29213848, 0.29213848, 0.29213848, 0.29213848, 0.29213848,\n       0.29213848, 0.29213848]))", "callback": [0.8185455911923938, 0.722054948586762, 0.6596040712060274, 0.62590312234977, 0.620513367556969, 0.6140516957914679, 0.6101469209312049, 0.6064989114121728, 0.5903249573966463, 0.5449934092330695, 0.5195022345487776, 0.5108711423751988, 0.4931753958121744, 0.4794788556930918, 0.46730867562225564, 0.43319380538401253, 0.4049050565550548, 0.3900781896500304, 0.3861001537489487, 0.37920684458436915, 0.37606383874310734, 0.37525546741831584, 0.3744285429079238, 0.37361156969367093, 0.37259131143860114, 0.3721646633212964, 0.37038050353869945, 0.3642629384887409, 0.3385146924241713, 0.30898949312451096, 0.2987602203802808, 0.29709552611735945, 0.2931103427098619, 0.29241928743319046, 0.2922601614054092, 0.29216375784949167, 0.2921463681833881, 0.29213974369936935, 0.2921387524788909, 0.29213853575872484, 0.29213849933674163, 0.29213848440999346, 0.2921384810501042, 0.2921384778059367, 0.2921384778059367, 0.2921384774799235, 0.292138477261473, 0.2921384772325778, 0.29213847719199404, 0.2921384771696721]}, "11": {"maxiter": 1000, "fatol": 1e-10, "xatol": 1e-10, "duration": 0.22079801559448242, "fun": "0.29213847715622876", "nit": "601", "nfev": "990", "status": "0", "success": "True", "message": "Optimization terminated successfully.", "x": "[1.16019642 0.95445288 1.00772989 4.44321835 7.14334757 8.54372302]", "final_simplex": "(array([[1.16019642, 0.95445288, 1.00772989, 4.44321835, 7.14334757,\n        8.54372302],\n       [1.16019642, 0.95445288, 1.00772989, 4.44321835, 7.14334757,\n        8.54372302],\n       [1.16019642, 0.95445288, 1.00772989, 4.44321835, 7.14334757,\n        8.54372302],\n       [1.16019642, 0.95445288, 1.00772989, 4.44321835, 7.14334757,\n        8.54372302],\n       [1.16019642, 0.95445288, 1.00772989, 4.44321835, 7.14334757,\n        8.54372302],\n       [1.16019642, 0.95445288, 1.00772989, 4.44321835, 7.14334757,\n        8.54372302],\n       [1.16019642, 0.95445288, 1.00772989, 4.44321835, 7.14334757,\n        8.54372302]]), array([0.29213848, 0.29213848, 0.29213848, 0.29213848, 0.29213848,\n       0.29213848, 0.29213848]))", "callback": [0.8185455911923938, 0.722054948586762, 0.6596040712060274, 0.62590312234977, 0.620513367556969, 0.6140516957914679, 0.6101469209312049, 0.6064989114121728, 0.5903249573966463, 0.5449934092330695, 0.5195022345487776, 0.5108711423751988, 0.4931753958121744, 0.4794788556930918, 0.46730867562225564, 0.43319380538401253, 0.4049050565550548, 0.3900781896500304, 0.3861001537489487, 0.37920684458436915, 0.37606383874310734, 0.37525546741831584, 0.3744285429079238, 0.37361156969367093, 0.37259131143860114, 0.3721646633212964, 0.37038050353869945, 0.3642629384887409, 0.3385146924241713, 0.30898949312451096, 0.2987602203802808, 0.29709552611735945, 0.2931103427098619, 0.29241928743319046, 0.2922601614054092, 0.29216375784949167, 0.2921463681833881, 0.29213974369936935, 0.2921387524788909, 0.29213853575872484, 0.29213849933674163, 0.29213848440999346, 0.2921384810501042, 0.2921384778059367, 0.2921384778059367, 0.2921384774799235, 0.292138477261473, 0.2921384772325778, 0.29213847719199404, 0.2921384771696721, 0.292138477159117, 0.2921384771568266, 0.29213847715650976, 0.2921384771562825, 0.2921384771562394, 0.2921384771562314, 0.2921384771562293, 0.29213847715622887, 0.29213847715622876, 0.29213847715622876, 0.29213847715622876]}}, "bfgs": {"type": "gradient", "0": {"maxiter": 100, "gtol": 1e-05, "xrtol": 1e-05, "eps": 1e-05, "duration": 0.04560279846191406, "fun": "0.29213847755588007", "jac": "[ 1.90572003e-06  3.39372974e-06 -9.71794867e-06 -2.96638270e-06\n -9.07958153e-06  8.75975958e-06]", "hess_inv": "[[ 4.42163072  0.70476456  0.73413248  0.73694425  0.53360363  1.08564099]\n [ 0.70476456  3.81973226 -1.33174111  0.82753287  1.44488792  0.19554544]\n [ 0.73413248 -1.33174111  3.95960776 -1.28706319 -0.69559008  1.88003735]\n [ 0.73694425  0.82753287 -1.28706319  3.95804543  0.09849427 -1.24953247]\n [ 0.53360363  1.44488792 -0.69559008  0.09849427  4.02343112  1.85521376]\n [ 1.08564099  0.19554544  1.88003735 -1.24953247  1.85521376  5.56895937]]", "nfev": "189", "njev": "27", "status": "0", "success": "True", "message": "Optimization terminated successfully.", "x": "[5.12298769 4.09605789 4.14929364 4.44320287 7.14332457 8.54374121]", "nit": "23", "callback": [0.8014263904092663, 0.6981073968487592, 0.6144118649078885, 0.5761347445678902, 0.5447805472678615, 0.48706135296303166, 0.393099153250391, 0.32423779481624315, 0.30116594716948164, 0.2940451465603151, 0.2927327995321364, 0.2922816039482198, 0.2922138891215963, 0.2921608953132625, 0.2921437773094616, 0.292139773794302, 0.29213897382975385, 0.2921386233242903, 0.2921385386094134, 0.29213851439645555, 0.29213849507114087, 0.2921384812713418, 0.29213847755588007]}, "1": {"maxiter": 100, "gtol": 1e-05, "xrtol": 1e-05, "eps": 1e-10, "duration": 0.045423030853271484, "fun": "0.2921384773164072", "jac": "[-4.44089173e-06 -4.44089173e-06 -3.33066880e-06 -6.66133760e-06\n -3.33066880e-06 -2.22044587e-06]", "hess_inv": "[[ 4.34149623  1.20194914  0.15640972  0.95822379  0.3050304   1.13182702]\n [ 1.20194914  4.48063865 -1.86151964  0.92057005  1.57965571  0.90705409]\n [ 0.15640972 -1.86151964  4.30100967 -1.31706072 -0.91081088  1.14765413]\n [ 0.95822379  0.92057005 -1.31706072  3.75195498  0.1904786  -0.81473324]\n [ 0.3050304   1.57965571 -0.91081088  0.1904786   3.79403472  1.70790302]\n [ 1.13182702  0.90705409  1.14765413 -0.81473324  1.70790302  5.67006748]]", "nfev": "196", "njev": "28", "status": "0", "success": "True", "message": "Optimization terminated successfully.", "x": "[5.12296222 4.09602145 4.1493235  4.44320074 7.14332931 8.54370807]", "nit": "24", "callback": [0.8014262758789201, 0.6981062235835707, 0.6144115625018942, 0.5761355637244536, 0.5447839321951027, 0.48706883898388875, 0.3931135607700288, 0.32425037121352596, 0.3011693299591268, 0.29404515544922927, 0.29273274332621424, 0.29228154191850775, 0.29221384111227744, 0.2921608995616136, 0.29214376389708485, 0.29213976706777445, 0.2921389706302412, 0.29213862287293824, 0.29213853854839955, 0.2921385151317576, 0.2921384946370055, 0.29213848195818803, 0.29213847751518973, 0.2921384773164072]}, "2": {"maxiter": 100, "gtol": 1e-05, "xrtol": 1e-10, "eps": 1e-05, "duration": 0.04285120964050293, "fun": "0.29213847755588007", "jac": "[ 1.90572003e-06  3.39372974e-06 -9.71794867e-06 -2.96638270e-06\n -9.07958153e-06  8.75975958e-06]", "hess_inv": "[[ 4.42163072  0.70476456  0.73413248  0.73694425  0.53360363  1.08564099]\n [ 0.70476456  3.81973226 -1.33174111  0.82753287  1.44488792  0.19554544]\n [ 0.73413248 -1.33174111  3.95960776 -1.28706319 -0.69559008  1.88003735]\n [ 0.73694425  0.82753287 -1.28706319  3.95804543  0.09849427 -1.24953247]\n [ 0.53360363  1.44488792 -0.69559008  0.09849427  4.02343112  1.85521376]\n [ 1.08564099  0.19554544  1.88003735 -1.24953247  1.85521376  5.56895937]]", "nfev": "189", "njev": "27", "status": "0", "success": "True", "message": "Optimization terminated successfully.", "x": "[5.12298769 4.09605789 4.14929364 4.44320287 7.14332457 8.54374121]", "nit": "23", "callback": [0.8014263904092663, 0.6981073968487592, 0.6144118649078885, 0.5761347445678902, 0.5447805472678615, 0.48706135296303166, 0.393099153250391, 0.32423779481624315, 0.30116594716948164, 0.2940451465603151, 0.2927327995321364, 0.2922816039482198, 0.2922138891215963, 0.2921608953132625, 0.2921437773094616, 0.292139773794302, 0.29213897382975385, 0.2921386233242903, 0.2921385386094134, 0.29213851439645555, 0.29213849507114087, 0.2921384812713418, 0.29213847755588007]}, "3": {"maxiter": 100, "gtol": 1e-05, "xrtol": 1e-10, "eps": 1e-10, "duration": 0.044670820236206055, "fun": "0.2921384773164072", "jac": "[-4.44089173e-06 -4.44089173e-06 -3.33066880e-06 -6.66133760e-06\n -3.33066880e-06 -2.22044587e-06]", "hess_inv": "[[ 4.34149623  1.20194914  0.15640972  0.95822379  0.3050304   1.13182702]\n [ 1.20194914  4.48063865 -1.86151964  0.92057005  1.57965571  0.90705409]\n [ 0.15640972 -1.86151964  4.30100967 -1.31706072 -0.91081088  1.14765413]\n [ 0.95822379  0.92057005 -1.31706072  3.75195498  0.1904786  -0.81473324]\n [ 0.3050304   1.57965571 -0.91081088  0.1904786   3.79403472  1.70790302]\n [ 1.13182702  0.90705409  1.14765413 -0.81473324  1.70790302  5.67006748]]", "nfev": "196", "njev": "28", "status": "0", "success": "True", "message": "Optimization terminated successfully.", "x": "[5.12296222 4.09602145 4.1493235  4.44320074 7.14332931 8.54370807]", "nit": "24", "callback": [0.8014262758789201, 0.6981062235835707, 0.6144115625018942, 0.5761355637244536, 0.5447839321951027, 0.48706883898388875, 0.3931135607700288, 0.32425037121352596, 0.3011693299591268, 0.29404515544922927, 0.29273274332621424, 0.29228154191850775, 0.29221384111227744, 0.2921608995616136, 0.29214376389708485, 0.29213976706777445, 0.2921389706302412, 0.29213862287293824, 0.29213853854839955, 0.2921385151317576, 0.2921384946370055, 0.29213848195818803, 0.29213847751518973, 0.2921384773164072]}, "4": {"maxiter": 100, "gtol": 1e-10, "xrtol": 1e-05, "eps": 1e-05, "duration": 0.04503917694091797, "fun": "0.29213847721053965", "jac": "[ 2.99826830e-07 -3.71269682e-07 -1.22797328e-06 -1.42856837e-06\n -1.03566045e-06  1.16018306e-06]", "hess_inv": "[[ 4.46796621  0.80713887  0.62148281  0.69359844  0.47696434  1.22949858]\n [ 0.80713887  4.02767328 -1.58177849  0.64458214  1.29121413  0.59085822]\n [ 0.62148281 -1.58177849  4.23340661 -1.18716513 -0.55968467  1.5351669 ]\n [ 0.69359844  0.64458214 -1.18716513  3.5820332   0.01514107 -1.01394243]\n [ 0.47696434  1.29121413 -0.55968467  0.01514107  4.04804292  1.80051896]\n [ 1.22949858  0.59085822  1.5351669  -1.01394243  1.80051896  5.68665601]]", "nfev": "196", "njev": "28", "status": "0", "success": "True", "message": "Optimization terminated successfully.", "x": "[5.12297809 4.09603577 4.14931692 4.44320747 7.14333487 8.5437153 ]", "nit": "24", "callback": [0.8014263904092663, 0.6981073968487592, 0.6144118649078885, 0.5761347445678902, 0.5447805472678615, 0.48706135296303166, 0.393099153250391, 0.32423779481624315, 0.30116594716948164, 0.2940451465603151, 0.2927327995321364, 0.2922816039482198, 0.2922138891215963, 0.2921608953132625, 0.2921437773094616, 0.292139773794302, 0.29213897382975385, 0.2921386233242903, 0.2921385386094134, 0.29213851439645555, 0.29213849507114087, 0.2921384812713418, 0.29213847755588007, 0.29213847721053965]}, "5": {"maxiter": 100, "gtol": 1e-10, "xrtol": 1e-05, "eps": 1e-10, "duration": 0.04484105110168457, "fun": "0.2921384773164072", "jac": "[-4.44089173e-06 -4.44089173e-06 -3.33066880e-06 -6.66133760e-06\n -3.33066880e-06 -2.22044587e-06]", "hess_inv": "[[ 4.34149623  1.20194914  0.15640972  0.95822379  0.3050304   1.13182702]\n [ 1.20194914  4.48063865 -1.86151964  0.92057005  1.57965571  0.90705409]\n [ 0.15640972 -1.86151964  4.30100967 -1.31706072 -0.91081088  1.14765413]\n [ 0.95822379  0.92057005 -1.31706072  3.75195498  0.1904786  -0.81473324]\n [ 0.3050304   1.57965571 -0.91081088  0.1904786   3.79403472  1.70790302]\n [ 1.13182702  0.90705409  1.14765413 -0.81473324  1.70790302  5.67006748]]", "nfev": "196", "njev": "28", "status": "0", "success": "True", "message": "Optimization terminated successfully.", "x": "[5.12296222 4.09602145 4.1493235  4.44320074 7.14332931 8.54370807]", "nit": "24", "callback": [0.8014262758789201, 0.6981062235835707, 0.6144115625018942, 0.5761355637244536, 0.5447839321951027, 0.48706883898388875, 0.3931135607700288, 0.32425037121352596, 0.3011693299591268, 0.29404515544922927, 0.29273274332621424, 0.29228154191850775, 0.29221384111227744, 0.2921608995616136, 0.29214376389708485, 0.29213976706777445, 0.2921389706302412, 0.29213862287293824, 0.29213853854839955, 0.2921385151317576, 0.2921384946370055, 0.29213848195818803, 0.29213847751518973, 0.2921384773164072]}, "6": {"maxiter": 100, "gtol": 1e-10, "xrtol": 1e-10, "eps": 1e-05, "duration": 0.05081295967102051, "fun": "0.29213847719289987", "jac": "[ 1.11022302e-11  0.00000000e+00 -1.11022302e-11  3.33066907e-11\n  1.11022302e-11  0.00000000e+00]", "hess_inv": "[[ 4.44851485  0.73879588  0.67152404  0.61582157  0.47116356  1.24944868]\n [ 0.73879588  4.12107622 -1.55458525  0.71753865  1.37589978  0.60770839]\n [ 0.67152404 -1.55458525  4.17592563 -1.10216214 -0.57915072  1.46476208]\n [ 0.61582157  0.71753865 -1.10216214  3.93092372  0.19730407 -1.31722797]\n [ 0.47116356  1.37589978 -0.57915072  0.19730407  4.11007651  1.6845865 ]\n [ 1.24944868  0.60770839  1.46476208 -1.31722797  1.6845865   6.03224918]]", "nfev": "224", "njev": "32", "status": "0", "success": "True", "message": "Optimization terminated successfully.", "x": "[5.12297779 4.09603691 4.1493174  4.44321364 7.14333713 8.5437097 ]", "nit": "28", "callback": [0.8014263904092663, 0.6981073968487592, 0.6144118649078885, 0.5761347445678902, 0.5447805472678615, 0.48706135296303166, 0.393099153250391, 0.32423779481624315, 0.30116594716948164, 0.2940451465603151, 0.2927327995321364, 0.2922816039482198, 0.2922138891215963, 0.2921608953132625, 0.2921437773094616, 0.292139773794302, 0.29213897382975385, 0.2921386233242903, 0.2921385386094134, 0.29213851439645555, 0.29213849507114087, 0.2921384812713418, 0.29213847755588007, 0.29213847721053965, 0.29213847719419805, 0.2921384771929545, 0.292138477192902, 0.29213847719289987]}, "7": {"maxiter": 100, "gtol": 1e-10, "xrtol": 1e-10, "eps": 1e-10, "duration": 0.06357693672180176, "fun": "0.29213847715801056", "jac": "[-1.11022293e-06  0.00000000e+00  0.00000000e+00  0.00000000e+00\n -1.11022293e-06  0.00000000e+00]", "hess_inv": "[[ 1.24019877 -0.77164849  0.93307913 -0.18760161 -0.97053861  0.01915115]\n [-0.77164849  1.32735795 -1.68650318  0.31751282  0.1178282   0.53336308]\n [ 0.93307913 -1.68650318  3.24760327 -0.85957121 -0.94239162 -0.61734348]\n [-0.18760161  0.31751282 -0.85957121  2.3803755  -0.31521527 -0.64855791]\n [-0.97053861  0.1178282  -0.94239162 -0.31521527  3.00621465  0.51052424]\n [ 0.01915115  0.53336308 -0.61734348 -0.64855791  0.51052424  1.77121008]]", "nfev": "287", "njev": "41", "status": "0", "success": "True", "message": "Optimization terminated successfully.", "x": "[5.12298714 4.09604448 4.14932146 4.4432181  7.14334475 8.54372293]", "nit": "30", "callback": [0.8014262758789201, 0.6981062235835707, 0.6144115625018942, 0.5761355637244536, 0.5447839321951027, 0.48706883898388875, 0.3931135607700288, 0.32425037121352596, 0.3011693299591268, 0.29404515544922927, 0.29273274332621424, 0.29228154191850775, 0.29221384111227744, 0.2921608995616136, 0.29214376389708485, 0.29213976706777445, 0.2921389706302412, 0.29213862287293824, 0.29213853854839955, 0.2921385151317576, 0.2921384946370055, 0.29213848195818803, 0.29213847751518973, 0.2921384773164072, 0.2921384771828611, 0.2921384771641665, 0.29213847715873376, 0.29213847715807306, 0.29213847715801056, 0.29213847715801056]}, "8": {"maxiter": 500, "gtol": 1e-05, "xrtol": 1e-05, "eps": 1e-05, "duration": 0.04195594787597656, "fun": "0.29213847755588007", "jac": "[ 1.90572003e-06  3.39372974e-06 -9.71794867e-06 -2.96638270e-06\n -9.07958153e-06  8.75975958e-06]", "hess_inv": "[[ 4.42163072  0.70476456  0.73413248  0.73694425  0.53360363  1.08564099]\n [ 0.70476456  3.81973226 -1.33174111  0.82753287  1.44488792  0.19554544]\n [ 0.73413248 -1.33174111  3.95960776 -1.28706319 -0.69559008  1.88003735]\n [ 0.73694425  0.82753287 -1.28706319  3.95804543  0.09849427 -1.24953247]\n [ 0.53360363  1.44488792 -0.69559008  0.09849427  4.02343112  1.85521376]\n [ 1.08564099  0.19554544  1.88003735 -1.24953247  1.85521376  5.56895937]]", "nfev": "189", "njev": "27", "status": "0", "success": "True", "message": "Optimization terminated successfully.", "x": "[5.12298769 4.09605789 4.14929364 4.44320287 7.14332457 8.54374121]", "nit": "23", "callback": [0.8014263904092663, 0.6981073968487592, 0.6144118649078885, 0.5761347445678902, 0.5447805472678615, 0.48706135296303166, 0.393099153250391, 0.32423779481624315, 0.30116594716948164, 0.2940451465603151, 0.2927327995321364, 0.2922816039482198, 0.2922138891215963, 0.2921608953132625, 0.2921437773094616, 0.292139773794302, 0.29213897382975385, 0.2921386233242903, 0.2921385386094134, 0.29213851439645555, 0.29213849507114087, 0.2921384812713418, 0.29213847755588007]}, "9": {"maxiter": 500, "gtol": 1e-05, "xrtol": 1e-05, "eps": 1e-10, "duration": 0.0437169075012207, "fun": "0.2921384773164072", "jac": "[-4.44089173e-06 -4.44089173e-06 -3.33066880e-06 -6.66133760e-06\n -3.33066880e-06 -2.22044587e-06]", "hess_inv": "[[ 4.34149623  1.20194914  0.15640972  0.95822379  0.3050304   1.13182702]\n [ 1.20194914  4.48063865 -1.86151964  0.92057005  1.57965571  0.90705409]\n [ 0.15640972 -1.86151964  4.30100967 -1.31706072 -0.91081088  1.14765413]\n [ 0.95822379  0.92057005 -1.31706072  3.75195498  0.1904786  -0.81473324]\n [ 0.3050304   1.57965571 -0.91081088  0.1904786   3.79403472  1.70790302]\n [ 1.13182702  0.90705409  1.14765413 -0.81473324  1.70790302  5.67006748]]", "nfev": "196", "njev": "28", "status": "0", "success": "True", "message": "Optimization terminated successfully.", "x": "[5.12296222 4.09602145 4.1493235  4.44320074 7.14332931 8.54370807]", "nit": "24", "callback": [0.8014262758789201, 0.6981062235835707, 0.6144115625018942, 0.5761355637244536, 0.5447839321951027, 0.48706883898388875, 0.3931135607700288, 0.32425037121352596, 0.3011693299591268, 0.29404515544922927, 0.29273274332621424, 0.29228154191850775, 0.29221384111227744, 0.2921608995616136, 0.29214376389708485, 0.29213976706777445, 0.2921389706302412, 0.29213862287293824, 0.29213853854839955, 0.2921385151317576, 0.2921384946370055, 0.29213848195818803, 0.29213847751518973, 0.2921384773164072]}, "10": {"maxiter": 500, "gtol": 1e-05, "xrtol": 1e-10, "eps": 1e-05, "duration": 0.04235696792602539, "fun": "0.29213847755588007", "jac": "[ 1.90572003e-06  3.39372974e-06 -9.71794867e-06 -2.96638270e-06\n -9.07958153e-06  8.75975958e-06]", "hess_inv": "[[ 4.42163072  0.70476456  0.73413248  0.73694425  0.53360363  1.08564099]\n [ 0.70476456  3.81973226 -1.33174111  0.82753287  1.44488792  0.19554544]\n [ 0.73413248 -1.33174111  3.95960776 -1.28706319 -0.69559008  1.88003735]\n [ 0.73694425  0.82753287 -1.28706319  3.95804543  0.09849427 -1.24953247]\n [ 0.53360363  1.44488792 -0.69559008  0.09849427  4.02343112  1.85521376]\n [ 1.08564099  0.19554544  1.88003735 -1.24953247  1.85521376  5.56895937]]", "nfev": "189", "njev": "27", "status": "0", "success": "True", "message": "Optimization terminated successfully.", "x": "[5.12298769 4.09605789 4.14929364 4.44320287 7.14332457 8.54374121]", "nit": "23", "callback": [0.8014263904092663, 0.6981073968487592, 0.6144118649078885, 0.5761347445678902, 0.5447805472678615, 0.48706135296303166, 0.393099153250391, 0.32423779481624315, 0.30116594716948164, 0.2940451465603151, 0.2927327995321364, 0.2922816039482198, 0.2922138891215963, 0.2921608953132625, 0.2921437773094616, 0.292139773794302, 0.29213897382975385, 0.2921386233242903, 0.2921385386094134, 0.29213851439645555, 0.29213849507114087, 0.2921384812713418, 0.29213847755588007]}, "11": {"maxi