{"date": "2024/09/25/, 08:33:49", "conf_id": 183, "data_type": "non_lin_ind\n", "num_data_points": 2, "s_rank": 0, "unitary": "[[-0.53618537-0.34368723j,-0.12107031-0.46226139j,-0.07699282-0.46603512j,0.36022595-0.11472301j],[0.26026499-0.63450712j,-0.56616638+0.37832564j,-0.14988651+0.08458591j,0.10363514-0.16008501j],[-0.32580188-0.11070003j,-0.36476308-0.23593218j,0.02559343+0.41761608j,-0.25598305+0.6725303j],[0.07406738-0.0126433j,0.28513701+0.19483972j,-0.74939717-0.10299659j,0.29798249+0.46269921j]]", "databatch_0": {"databatch": "[[[0.12026644+1.12852273e-01j,0.0548213+5.66087158e-02j,-0.04254117+2.16257163e-01j,0.03836582+3.83649563e-01j],[-0.10438623+5.78652980e-03j,-0.04995264+3.76862413e-04j,-0.08058074-1.14135871e-01j,-0.19276223-1.50266934e-01j],[0.04601604+2.10691937e-01j,0.01714848+1.01608302e-01j,-0.20602047+2.01536643e-01j,-0.2428161+4.41850189e-01j],[0.18152518-1.84081167e-02j,0.08705713-4.63840320e-03j,0.14958102+1.92561319e-01j,0.34803737+2.46610800e-01j]],[[-0.02306061-4.14608237e-01j,0.0239691-2.03690730e-02j,0.13721948-1.42769757e-01j,0.1107417-7.58161955e-02j],[0.20026584+1.70833132e-01j,-0.00114457+1.99067676e-02j,0.00544672+1.25409433e-01j,-0.01367878+8.39690432e-02j],[0.28223988-4.63876072e-01j,0.0409168-4.19703094e-03j,0.25361854-5.22181292e-02j,0.17549424+3.21772128e-04j],[-0.36275832-2.81867737e-01j,0.00040881-3.47965767e-02j,-0.0194913-2.18204006e-01j,0.01715491-1.47481417e-01j]]]", "initial param values": "[4.67351573,5.77750225,0.12551991,1.08383586,0.03637002,0.84687936]", "nelder_mead": {"type": "gradient-free", "0": {"maxiter": 100, "fatol": 1e-05, "xatol": 1e-05, "duration": 0.037558794021606445, "fun": "0.04475127953923419", "nit": "100", "nfev": "157", "status": "2", "success": "False", "message": "Maximum number of iterations has been exceeded.", "x": "[ 2.05405595  2.88446179 -0.00519028 -1.3949641   0.16873598  0.63785328]", "final_simplex": "(array([[ 2.05405595e+00,  2.88446179e+00, -5.19027916e-03,\n        -1.39496410e+00,  1.68735985e-01,  6.37853283e-01],\n       [ 2.08629149e+00,  2.94172494e+00, -2.32073722e-03,\n        -1.36266123e+00,  1.67121826e-01,  6.40848220e-01],\n       [ 2.02580729e+00,  2.89867130e+00, -2.79407096e-03,\n        -1.41276228e+00,  1.69530853e-01,  6.37093720e-01],\n       [ 1.98823820e+00,  2.87395975e+00, -1.03168521e-02,\n        -1.47842998e+00,  1.72999975e-01,  6.32021099e-01],\n       [ 2.00684664e+00,  2.82594751e+00, -1.32759459e-02,\n        -1.51830445e+00,  1.75246841e-01,  6.27859555e-01],\n       [ 2.08573395e+00,  2.97004487e+00, -4.02526886e-03,\n        -1.38031889e+00,  1.67870974e-01,  6.41674117e-01],\n       [ 2.04716489e+00,  2.93768404e+00, -5.20392028e-03,\n        -1.40806495e+00,  1.69394307e-01,  6.35729202e-01]]), array([0.04475128, 0.04498182, 0.04507983, 0.04510912, 0.04514376,\n       0.04536579, 0.04537633]))", "callback": [0.6266535492953806, 0.2820293802078727, 0.2659271582243, 0.2585566411000364, 0.24824743133251426, 0.2167996691029226, 0.13078153463867892, 0.06048592506795114, 0.046823651931069854, 0.04537633252319784]}, "1": {"maxiter": 100, "fatol": 1e-05, "xatol": 1e-10, "duration": 0.036862850189208984, "fun": "0.04475127953923419", "nit": "100", "nfev": "157", "status": "2", "success": "False", "message": "Maximum number of iterations has been exceeded.", "x": "[ 2.05405595  2.88446179 -0.00519028 -1.3949641   0.16873598  0.63785328]", "final_simplex": "(array([[ 2.05405595e+00,  2.88446179e+00, -5.19027916e-03,\n        -1.39496410e+00,  1.68735985e-01,  6.37853283e-01],\n       [ 2.08629149e+00,  2.94172494e+00, -2.32073722e-03,\n        -1.36266123e+00,  1.67121826e-01,  6.40848220e-01],\n       [ 2.02580729e+00,  2.89867130e+00, -2.79407096e-03,\n        -1.41276228e+00,  1.69530853e-01,  6.37093720e-01],\n       [ 1.98823820e+00,  2.87395975e+00, -1.03168521e-02,\n        -1.47842998e+00,  1.72999975e-01,  6.32021099e-01],\n       [ 2.00684664e+00,  2.82594751e+00, -1.32759459e-02,\n        -1.51830445e+00,  1.75246841e-01,  6.27859555e-01],\n       [ 2.08573395e+00,  2.97004487e+00, -4.02526886e-03,\n        -1.38031889e+00,  1.67870974e-01,  6.41674117e-01],\n       [ 2.04716489e+00,  2.93768404e+00, -5.20392028e-03,\n        -1.40806495e+00,  1.69394307e-01,  6.35729202e-01]]), array([0.04475128, 0.04498182, 0.04507983, 0.04510912, 0.04514376,\n       0.04536579, 0.04537633]))", "callback": [0.6266535492953806, 0.2820293802078727, 0.2659271582243, 0.2585566411000364, 0.24824743133251426, 0.2167996691029226, 0.13078153463867892, 0.06048592506795114, 0.046823651931069854, 0.04537633252319784]}, "2": {"maxiter": 100, "fatol": 1e-10, "xatol": 1e-05, "duration": 0.03793621063232422, "fun": "0.04475127953923419", "nit": "100", "nfev": "157", "status": "2", "success": "False", "message": "Maximum number of iterations has been exceeded.", "x": "[ 2.05405595  2.88446179 -0.00519028 -1.3949641   0.16873598  0.63785328]", "final_simplex": "(array([[ 2.05405595e+00,  2.88446179e+00, -5.19027916e-03,\n        -1.39496410e+00,  1.68735985e-01,  6.37853283e-01],\n       [ 2.08629149e+00,  2.94172494e+00, -2.32073722e-03,\n        -1.36266123e+00,  1.67121826e-01,  6.40848220e-01],\n       [ 2.02580729e+00,  2.89867130e+00, -2.79407096e-03,\n        -1.41276228e+00,  1.69530853e-01,  6.37093720e-01],\n       [ 1.98823820e+00,  2.87395975e+00, -1.03168521e-02,\n        -1.47842998e+00,  1.72999975e-01,  6.32021099e-01],\n       [ 2.00684664e+00,  2.82594751e+00, -1.32759459e-02,\n        -1.51830445e+00,  1.75246841e-01,  6.27859555e-01],\n       [ 2.08573395e+00,  2.97004487e+00, -4.02526886e-03,\n        -1.38031889e+00,  1.67870974e-01,  6.41674117e-01],\n       [ 2.04716489e+00,  2.93768404e+00, -5.20392028e-03,\n        -1.40806495e+00,  1.69394307e-01,  6.35729202e-01]]), array([0.04475128, 0.04498182, 0.04507983, 0.04510912, 0.04514376,\n       0.04536579, 0.04537633]))", "callback": [0.6266535492953806, 0.2820293802078727, 0.2659271582243, 0.2585566411000364, 0.24824743133251426, 0.2167996691029226, 0.13078153463867892, 0.06048592506795114, 0.046823651931069854, 0.04537633252319784]}, "3": {"maxiter": 100, "fatol": 1e-10, "xatol": 1e-10, "duration": 0.0369417667388916, "fun": "0.04475127953923419", "nit": "100", "nfev": "157", "status": "2", "success": "False", "message": "Maximum number of iterations has been exceeded.", "x": "[ 2.05405595  2.88446179 -0.00519028 -1.3949641   0.16873598  0.63785328]", "final_simplex": "(array([[ 2.05405595e+00,  2.88446179e+00, -5.19027916e-03,\n        -1.39496410e+00,  1.68735985e-01,  6.37853283e-01],\n       [ 2.08629149e+00,  2.94172494e+00, -2.32073722e-03,\n        -1.36266123e+00,  1.67121826e-01,  6.40848220e-01],\n       [ 2.02580729e+00,  2.89867130e+00, -2.79407096e-03,\n        -1.41276228e+00,  1.69530853e-01,  6.37093720e-01],\n       [ 1.98823820e+00,  2.87395975e+00, -1.03168521e-02,\n        -1.47842998e+00,  1.72999975e-01,  6.32021099e-01],\n       [ 2.00684664e+00,  2.82594751e+00, -1.32759459e-02,\n        -1.51830445e+00,  1.75246841e-01,  6.27859555e-01],\n       [ 2.08573395e+00,  2.97004487e+00, -4.02526886e-03,\n        -1.38031889e+00,  1.67870974e-01,  6.41674117e-01],\n       [ 2.04716489e+00,  2.93768404e+00, -5.20392028e-03,\n        -1.40806495e+00,  1.69394307e-01,  6.35729202e-01]]), array([0.04475128, 0.04498182, 0.04507983, 0.04510912, 0.04514376,\n       0.04536579, 0.04537633]))", "callback": [0.6266535492953806, 0.2820293802078727, 0.2659271582243, 0.2585566411000364, 0.24824743133251426, 0.2167996691029226, 0.13078153463867892, 0.06048592506795114, 0.046823651931069854, 0.04537633252319784]}, "4": {"maxiter": 500, "fatol": 1e-05, "xatol": 1e-05, "duration": 0.14893507957458496, "fun": "0.00017079519286056222", "nit": "409", "nfev": "636", "status": "0", "success": "True", "message": "Optimization terminated successfully.", "x": "[ 1.37904658  3.59182727  0.02911999 -1.81420663  0.16567079  1.66114973]", "final_simplex": "(array([[ 1.37904658,  3.59182727,  0.02911999, -1.81420663,  0.16567079,\n         1.66114973],\n       [ 1.37904616,  3.59182652,  0.02912112, -1.81420882,  0.16567081,\n         1.66115037],\n       [ 1.3790509 ,  3.59181972,  0.02912454, -1.81420541,  0.16567054,\n         1.66114478],\n       [ 1.37905488,  3.59182197,  0.02912314, -1.81420389,  0.16567055,\n         1.66114488],\n       [ 1.37905581,  3.59182013,  0.02912452, -1.81419972,  0.16567032,\n         1.66114287],\n       [ 1.37905127,  3.59181949,  0.0291204 , -1.81420811,  0.16567093,\n         1.66114465],\n       [ 1.37904904,  3.59182626,  0.02911866, -1.81420495,  0.16567076,\n         1.66115197]]), array([0.0001708, 0.0001708, 0.0001708, 0.0001708, 0.0001708, 0.0001708,\n       0.0001708]))", "callback": [0.6266535492953806, 0.2820293802078727, 0.2659271582243, 0.2585566411000364, 0.24824743133251426, 0.2167996691029226, 0.13078153463867892, 0.06048592506795114, 0.046823651931069854, 0.04537633252319784, 0.044399512094610016, 0.04420092687907151, 0.04408143824053257, 0.04371531194097589, 0.042363831167614774, 0.03442937230522136, 0.013167112856963925, 0.006488431117228299, 0.005431543691476137, 0.005073985461961028, 0.004862380244437081, 0.004709518047516514, 0.004651341340918047, 0.004580414993644366, 0.004289149648409318, 0.0031101342402808374, 0.001694714680331999, 0.0013940487775815358, 0.0007804875401704603, 0.0002653092160534998, 0.0002266129618720969, 0.00018280664705583316, 0.0001722627909879204, 0.00017096189049481403, 0.00017082339243845723, 0.00017080025735594084, 0.00017079614443926694, 0.0001707955090315405, 0.00017079526575436432, 0.00017079520261997772, 0.00017079519286056222]}, "5": {"maxiter": 500, "fatol": 1e-05, "xatol": 1e-10, "duration": 0.19303297996520996, "fun": "0.0001707951915158601", "nit": "500", "nfev": "834", "status": "2", "success": "False", "message": "Maximum number of iterations has been exceeded.", "x": "[ 1.37905007  3.5918249   0.02912251 -1.81420416  0.16567059  1.66114613]", "final_simplex": "(array([[ 1.37905007,  3.5918249 ,  0.02912251, -1.81420416,  0.16567059,\n         1.66114613],\n       [ 1.37905007,  3.5918249 ,  0.02912251, -1.81420416,  0.16567059,\n         1.66114613],\n       [ 1.37905007,  3.5918249 ,  0.02912251, -1.81420416,  0.16567059,\n         1.66114613],\n       [ 1.37905007,  3.5918249 ,  0.02912251, -1.81420416,  0.16567059,\n         1.66114613],\n       [ 1.37905007,  3.5918249 ,  0.02912251, -1.81420416,  0.16567059,\n         1.66114613],\n       [ 1.37905007,  3.5918249 ,  0.02912251, -1.81420416,  0.16567059,\n         1.66114613],\n       [ 1.37905007,  3.5918249 ,  0.02912251, -1.81420416,  0.16567059,\n         1.66114613]]), array([0.0001708, 0.0001708, 0.0001708, 0.0001708, 0.0001708, 0.0001708,\n       0.0001708]))", "callback": [0.6266535492953806, 0.2820293802078727, 0.2659271582243, 0.2585566411000364, 0.24824743133251426, 0.2167996691029226, 0.13078153463867892, 0.06048592506795114, 0.046823651931069854, 0.04537633252319784, 0.044399512094610016, 0.04420092687907151, 0.04408143824053257, 0.04371531194097589, 0.042363831167614774, 0.03442937230522136, 0.013167112856963925, 0.006488431117228299, 0.005431543691476137, 0.005073985461961028, 0.004862380244437081, 0.004709518047516514, 0.004651341340918047, 0.004580414993644366, 0.004289149648409318, 0.0031101342402808374, 0.001694714680331999, 0.0013940487775815358, 0.0007804875401704603, 0.0002653092160534998, 0.0002266129618720969, 0.00018280664705583316, 0.0001722627909879204, 0.00017096189049481403, 0.00017082339243845723, 0.00017080025735594084, 0.00017079614443926694, 0.0001707955090315405, 0.00017079526575436432, 0.00017079520261997772, 0.00017079519286056222, 0.00017079519286056222, 0.00017079519235707608, 0.00017079519162721546, 0.00017079519153451184, 0.00017079519151996791, 0.0001707951915169703, 0.0001707951915164152, 0.0001707951915159711, 0.0001707951915159711]}, "6": {"maxiter": 500, "fatol": 1e-10, "xatol": 1e-05, "duration": 0.15879487991333008, "fun": "0.00017079519286056222", "nit": "409", "nfev": "636", "status": "0", "success": "True", "message": "Optimization terminated successfully.", "x": "[ 1.37904658  3.59182727  0.02911999 -1.81420663  0.16567079  1.66114973]", "final_simplex": "(array([[ 1.37904658,  3.59182727,  0.02911999, -1.81420663,  0.16567079,\n         1.66114973],\n       [ 1.37904616,  3.59182652,  0.02912112, -1.81420882,  0.16567081,\n         1.66115037],\n       [ 1.3790509 ,  3.59181972,  0.02912454, -1.81420541,  0.16567054,\n         1.66114478],\n       [ 1.37905488,  3.59182197,  0.02912314, -1.81420389,  0.16567055,\n         1.66114488],\n       [ 1.37905581,  3.59182013,  0.02912452, -1.81419972,  0.16567032,\n         1.66114287],\n       [ 1.37905127,  3.59181949,  0.0291204 , -1.81420811,  0.16567093,\n         1.66114465],\n       [ 1.37904904,  3.59182626,  0.02911866, -1.81420495,  0.16567076,\n         1.66115197]]), array([0.0001708, 0.0001708, 0.0001708, 0.0001708, 0.0001708, 0.0001708,\n       0.0001708]))", "callback": [0.6266535492953806, 0.2820293802078727, 0.2659271582243, 0.2585566411000364, 0.24824743133251426, 0.2167996691029226, 0.13078153463867892, 0.06048592506795114, 0.046823651931069854, 0.04537633252319784, 0.044399512094610016, 0.04420092687907151, 0.04408143824053257, 0.04371531194097589, 0.042363831167614774, 0.03442937230522136, 0.013167112856963925, 0.006488431117228299, 0.005431543691476137, 0.005073985461961028, 0.004862380244437081, 0.004709518047516514, 0.004651341340918047, 0.004580414993644366, 0.004289149648409318, 0.0031101342402808374, 0.001694714680331999, 0.0013940487775815358, 0.0007804875401704603, 0.0002653092160534998, 0.0002266129618720969, 0.00018280664705583316, 0.0001722627909879204, 0.00017096189049481403, 0.00017082339243845723, 0.00017080025735594084, 0.00017079614443926694, 0.0001707955090315405, 0.00017079526575436432, 0.00017079520261997772, 0.00017079519286056222]}, "7": {"maxiter": 500, "fatol": 1e-10, "xatol": 1e-10, "duration": 0.19815897941589355, "fun": "0.0001707951915158601", "nit": "500", "nfev": "834", "status": "2", "success": "False", "message": "Maximum number of iterations has been exceeded.", "x": "[ 1.37905007  3.5918249   0.02912251 -1.81420416  0.16567059  1.66114613]", "final_simplex": "(array([[ 1.37905007,  3.5918249 ,  0.02912251, -1.81420416,  0.16567059,\n         1.66114613],\n       [ 1.37905007,  3.5918249 ,  0.02912251, -1.81420416,  0.16567059,\n         1.66114613],\n       [ 1.37905007,  3.5918249 ,  0.02912251, -1.81420416,  0.16567059,\n         1.66114613],\n       [ 1.37905007,  3.5918249 ,  0.02912251, -1.81420416,  0.16567059,\n         1.66114613],\n       [ 1.37905007,  3.5918249 ,  0.02912251, -1.81420416,  0.16567059,\n         1.66114613],\n       [ 1.37905007,  3.5918249 ,  0.02912251, -1.81420416,  0.16567059,\n         1.66114613],\n       [ 1.37905007,  3.5918249 ,  0.02912251, -1.81420416,  0.16567059,\n         1.66114613]]), array([0.0001708, 0.0001708, 0.0001708, 0.0001708, 0.0001708, 0.0001708,\n       0.0001708]))", "callback": [0.6266535492953806, 0.2820293802078727, 0.2659271582243, 0.2585566411000364, 0.24824743133251426, 0.2167996691029226, 0.13078153463867892, 0.06048592506795114, 0.046823651931069854, 0.04537633252319784, 0.044399512094610016, 0.04420092687907151, 0.04408143824053257, 0.04371531194097589, 0.042363831167614774, 0.03442937230522136, 0.013167112856963925, 0.006488431117228299, 0.005431543691476137, 0.005073985461961028, 0.004862380244437081, 0.004709518047516514, 0.004651341340918047, 0.004580414993644366, 0.004289149648409318, 0.0031101342402808374, 0.001694714680331999, 0.0013940487775815358, 0.0007804875401704603, 0.0002653092160534998, 0.0002266129618720969, 0.00018280664705583316, 0.0001722627909879204, 0.00017096189049481403, 0.00017082339243845723, 0.00017080025735594084, 0.00017079614443926694, 0.0001707955090315405, 0.00017079526575436432, 0.00017079520261997772, 0.00017079519286056222, 0.00017079519286056222, 0.00017079519235707608, 0.00017079519162721546, 0.00017079519153451184, 0.00017079519151996791, 0.0001707951915169703, 0.0001707951915164152, 0.0001707951915159711, 0.0001707951915159711]}, "8": {"maxiter": 1000, "fatol": 1e-05, "xatol": 1e-05, "duration": 0.1485581398010254, "fun": "0.00017079519286056222", "nit": "409", "nfev": "636", "status": "0", "success": "True", "message": "Optimization terminated successfully.", "x": "[ 1.37904658  3.59182727  0.02911999 -1.81420663  0.16567079  1.66114973]", "final_simplex": "(array([[ 1.37904658,  3.59182727,  0.02911999, -1.81420663,  0.16567079,\n         1.66114973],\n       [ 1.37904616,  3.59182652,  0.02912112, -1.81420882,  0.16567081,\n         1.66115037],\n       [ 1.3790509 ,  3.59181972,  0.02912454, -1.81420541,  0.16567054,\n         1.66114478],\n       [ 1.37905488,  3.59182197,  0.02912314, -1.81420389,  0.16567055,\n         1.66114488],\n       [ 1.37905581,  3.59182013,  0.02912452, -1.81419972,  0.16567032,\n         1.66114287],\n       [ 1.37905127,  3.59181949,  0.0291204 , -1.81420811,  0.16567093,\n         1.66114465],\n       [ 1.37904904,  3.59182626,  0.02911866, -1.81420495,  0.16567076,\n         1.66115197]]), array([0.0001708, 0.0001708, 0.0001708, 0.0001708, 0.0001708, 0.0001708,\n       0.0001708]))", "callback": [0.6266535492953806, 0.2820293802078727, 0.2659271582243, 0.2585566411000364, 0.24824743133251426, 0.2167996691029226, 0.13078153463867892, 0.06048592506795114, 0.046823651931069854, 0.04537633252319784, 0.044399512094610016, 0.04420092687907151, 0.04408143824053257, 0.04371531194097589, 0.042363831167614774, 0.03442937230522136, 0.013167112856963925, 0.006488431117228299, 0.005431543691476137, 0.005073985461961028, 0.004862380244437081, 0.004709518047516514, 0.004651341340918047, 0.004580414993644366, 0.004289149648409318, 0.0031101342402808374, 0.001694714680331999, 0.0013940487775815358, 0.0007804875401704603, 0.0002653092160534998, 0.0002266129618720969, 0.00018280664705583316, 0.0001722627909879204, 0.00017096189049481403, 0.00017082339243845723, 0.00017080025735594084, 0.00017079614443926694, 0.0001707955090315405, 0.00017079526575436432, 0.00017079520261997772, 0.00017079519286056222]}, "9": {"maxiter": 1000, "fatol": 1e-05, "xatol": 1e-10, "duration": 0.20334482192993164, "fun": "0.0001707951915158601", "nit": "507", "nfev": "856", "status": "0", "success": "True", "message": "Optimization terminated successfully.", "x": "[ 1.37905007  3.5918249   0.02912251 -1.81420416  0.16567059  1.66114613]", "final_simplex": "(array([[ 1.37905007,  3.5918249 ,  0.02912251, -1.81420416,  0.16567059,\n         1.66114613],\n       [ 1.37905007,  3.5918249 ,  0.02912251, -1.81420416,  0.16567059,\n         1.66114613],\n       [ 1.37905007,  3.5918249 ,  0.02912251, -1.81420416,  0.16567059,\n         1.66114613],\n       [ 1.37905007,  3.5918249 ,  0.02912251, -1.81420416,  0.16567059,\n         1.66114613],\n       [ 1.37905007,  3.5918249 ,  0.02912251, -1.81420416,  0.16567059,\n         1.66114613],\n       [ 1.37905007,  3.5918249 ,  0.02912251, -1.81420416,  0.16567059,\n         1.66114613],\n       [ 1.37905007,  3.5918249 ,  0.02912251, -1.81420416,  0.16567059,\n         1.66114613]]), array([0.0001708, 0.0001708, 0.0001708, 0.0001708, 0.0001708, 0.0001708,\n       0.0001708]))", "callback": [0.6266535492953806, 0.2820293802078727, 0.2659271582243, 0.2585566411000364, 0.24824743133251426, 0.2167996691029226, 0.13078153463867892, 0.06048592506795114, 0.046823651931069854, 0.04537633252319784, 0.044399512094610016, 0.04420092687907151, 0.04408143824053257, 0.04371531194097589, 0.042363831167614774, 0.03442937230522136, 0.013167112856963925, 0.006488431117228299, 0.005431543691476137, 0.005073985461961028, 0.004862380244437081, 0.004709518047516514, 0.004651341340918047, 0.004580414993644366, 0.004289149648409318, 0.0031101342402808374, 0.001694714680331999, 0.0013940487775815358, 0.0007804875401704603, 0.0002653092160534998, 0.0002266129618720969, 0.00018280664705583316, 0.0001722627909879204, 0.00017096189049481403, 0.00017082339243845723, 0.00017080025735594084, 0.00017079614443926694, 0.0001707955090315405, 0.00017079526575436432, 0.00017079520261997772, 0.00017079519286056222, 0.00017079519286056222, 0.00017079519235707608, 0.00017079519162721546, 0.00017079519153451184, 0.00017079519151996791, 0.0001707951915169703, 0.0001707951915164152, 0.0001707951915159711, 0.0001707951915159711, 0.0001707951915158601]}, "10": {"maxiter": 1000, "fatol": 1e-10, "xatol": 1e-05, "duration": 0.14879894256591797, "fun": "0.00017079519286056222", "nit": "409", "nfev": "636", "status": "0", "success": "True", "message": "Optimization terminated successfully.", "x": "[ 1.37904658  3.59182727  0.02911999 -1.81420663  0.16567079  1.66114973]", "final_simplex": "(array([[ 1.37904658,  3.59182727,  0.02911999, -1.81420663,  0.16567079,\n         1.66114973],\n       [ 1.37904616,  3.59182652,  0.02912112, -1.81420882,  0.16567081,\n         1.66115037],\n       [ 1.3790509 ,  3.59181972,  0.02912454, -1.81420541,  0.16567054,\n         1.66114478],\n       [ 1.37905488,  3.59182197,  0.02912314, -1.81420389,  0.16567055,\n         1.66114488],\n       [ 1.37905581,  3.59182013,  0.02912452, -1.81419972,  0.16567032,\n         1.66114287],\n       [ 1.37905127,  3.59181949,  0.0291204 , -1.81420811,  0.16567093,\n         1.66114465],\n       [ 1.37904904,  3.59182626,  0.02911866, -1.81420495,  0.16567076,\n         1.66115197]]), array([0.0001708, 0.0001708, 0.0001708, 0.0001708, 0.0001708, 0.0001708,\n       0.0001708]))", "callback": [0.6266535492953806, 0.2820293802078727, 0.2659271582243, 0.2585566411000364, 0.24824743133251426, 0.2167996691029226, 0.13078153463867892, 0.06048592506795114, 0.046823651931069854, 0.04537633252319784, 0.044399512094610016, 0.04420092687907151, 0.04408143824053257, 0.04371531194097589, 0.042363831167614774, 0.03442937230522136, 0.013167112856963925, 0.006488431117228299, 0.005431543691476137, 0.005073985461961028, 0.004862380244437081, 0.004709518047516514, 0.004651341340918047, 0.004580414993644366, 0.004289149648409318, 0.0031101342402808374, 0.001694714680331999, 0.0013940487775815358, 0.0007804875401704603, 0.0002653092160534998, 0.0002266129618720969, 0.00018280664705583316, 0.0001722627909879204, 0.00017096189049481403, 0.00017082339243845723, 0.00017080025735594084, 0.00017079614443926694, 0.0001707955090315405, 0.00017079526575436432, 0.00017079520261997772, 0.00017079519286056222]}, "11": {"maxiter": 1000, "fatol": 1e-10, "xatol": 1e-10, "duration": 0.19803309440612793, "fun": "0.0001707951915158601", "nit": "507", "nfev": "856", "status": "0", "success": "True", "message": "Optimization terminated successfully.", "x": "[ 1.37905007  3.5918249   0.02912251 -1.81420416  0.16567059  1.66114613]", "final_simplex": "(array([[ 1.37905007,  3.5918249 ,  0.02912251, -1.81420416,  0.16567059,\n         1.66114613],\n       [ 1.37905007,  3.5918249 ,  0.02912251, -1.81420416,  0.16567059,\n         1.66114613],\n       [ 1.37905007,  3.5918249 ,  0.02912251, -1.81420416,  0.16567059,\n         1.66114613],\n       [ 1.37905007,  3.5918249 ,  0.02912251, -1.81420416,  0.16567059,\n         1.66114613],\n       [ 1.37905007,  3.5918249 ,  0.02912251, -1.81420416,  0.16567059,\n         1.66114613],\n       [ 1.37905007,  3.5918249 ,  0.02912251, -1.81420416,  0.16567059,\n         1.66114613],\n       [ 1.37905007,  3.5918249 ,  0.02912251, -1.81420416,  0.16567059,\n         1.66114613]]), array([0.0001708, 0.0001708, 0.0001708, 0.0001708, 0.0001708, 0.0001708,\n       0.0001708]))", "callback": [0.6266535492953806, 0.2820293802078727, 0.2659271582243, 0.2585566411000364, 0.24824743133251426, 0.2167996691029226, 0.13078153463867892, 0.06048592506795114, 0.046823651931069854, 0.04537633252319784, 0.044399512094610016, 0.04420092687907151, 0.04408143824053257, 0.04371531194097589, 0.042363831167614774, 0.03442937230522136, 0.013167112856963925, 0.006488431117228299, 0.005431543691476137, 0.005073985461961028, 0.004862380244437081, 0.004709518047516514, 0.004651341340918047, 0.004580414993644366, 0.004289149648409318, 0.0031101342402808374, 0.001694714680331999, 0.0013940487775815358, 0.0007804875401704603, 0.0002653092160534998, 0.0002266129618720969, 0.00018280664705583316, 0.0001722627909879204, 0.00017096189049481403, 0.00017082339243845723, 0.00017080025735594084, 0.00017079614443926694, 0.0001707955090315405, 0.00017079526575436432, 0.00017079520261997772, 0.00017079519286056222, 0.00017079519286056222, 0.00017079519235707608, 0.00017079519162721546, 0.00017079519153451184, 0.00017079519151996791, 0.0001707951915169703, 0.0001707951915164152, 0.0001707951915159711, 0.0001707951915159711, 0.0001707951915158601]}}, "bfgs": {"type": "gradient", "0": {"maxiter": 100, "gtol": 1e-05, "xrtol": 1e-05, "eps": 1e-05, "duration": 0.03494906425476074, "fun": "0.0001707952502835175", "jac": "[-3.01803027e-07 -4.42668124e-07  9.62008251e-08 -1.17407195e-06\n  8.60866933e-08  7.83939580e-07]", "hess_inv": "[[ 7.40076226  3.56317049 -2.08395136  0.75379905 -0.25068281 -6.77291667]\n [ 3.56317049  6.34944249 -5.99062946  4.08647107  0.57584143 -5.61292873]\n [-2.08395136 -5.99062946 11.42679974 -8.3517484  -2.31443469  5.80760242]\n [ 0.75379905  4.08647107 -8.3517484   8.06591882  1.90255891 -4.03099248]\n [-0.25068281  0.57584143 -2.31443469  1.90255891  1.61956885 -0.78051628]\n [-6.77291667 -5.61292873  5.80760242 -4.03099248 -0.78051628  9.42345081]]", "nfev": "147", "njev": "21", "status": "0", "success": "True", "message": "Optimization terminated successfully.", "x": "[ 5.17108072  4.9369847   0.65607186  0.42793278 -0.42722621 -0.69011082]", "nit": "18", "callback": [0.09696089313333978, 0.06355661350385289, 0.0369629473932096, 0.029427632424225636, 0.017684279756137844, 0.006332952520822888, 0.0020093993707055446, 0.00024292589921981467, 0.00018300671776949606, 0.00017572162415213644, 0.00017536917576466138, 0.00017474135453099393, 0.00017365162331206552, 0.00017201341282091498, 0.00017105141853313022, 0.00017085003815453526, 0.00017079683948451052, 0.0001707952502835175]}, "1": {"maxiter": 100, "gtol": 1e-05, "xrtol": 1e-05, "eps": 1e-10, "duration": 0.0353391170501709, "fun": "0.00017079522746998865", "jac": "[ 2.22044587e-06 -1.11022293e-06  2.22044587e-06  3.33066880e-06\n  2.22044587e-06  3.33066880e-06]", "hess_inv": "[[ 7.47565218  3.49474101 -2.09179104  0.73026097 -0.19262142 -6.79371876]\n [ 3.49474101  6.24619588 -5.89389885  3.99083938  0.59637813 -5.50984453]\n [-2.09179104 -5.89389885 11.22554753 -8.20776636 -2.30534406  5.73804154]\n [ 0.73026097  3.99083938 -8.20776636  7.94538049  1.904125   -3.94681364]\n [-0.19262142  0.59637813 -2.30534406  1.904125    1.61847321 -0.82616376]\n [-6.79371876 -5.50984453  5.73804154 -3.94681364 -0.82616376  9.38289568]]", "nfev": "147", "njev": "21", "status": "0", "success": "True", "message": "Optimization terminated successfully.", "x": "[ 5.17110092  4.93698597  0.65606335  0.42794572 -0.42725078 -0.69009804]", "nit": "18", "callback": [0.09695978316608322, 0.06355516761159385, 0.03696387961099967, 0.02942777474251812, 0.01768376141422534, 0.00633318485681178, 0.002009022141628014, 0.00024286595768863162, 0.00018302685254911744, 0.00017573002481929834, 0.00017537654769905764, 0.00017475022350676994, 0.0001736634172485596, 0.00017203033228951892, 0.00017105801638994667, 0.00017085361003355004, 0.0001707968554878203, 0.00017079522746998865]}, "2": {"maxiter": 100, "gtol": 1e-05, "xrtol": 1e-10, "eps": 1e-05, "duration": 0.034728050231933594, "fun": "0.0001707952502835175", "jac": "[-3.01803027e-07 -4.42668124e-07  9.62008251e-08 -1.17407195e-06\n  8.60866933e-08  7.83939580e-07]", "hess_inv": "[[ 7.40076226  3.56317049 -2.08395136  0.75379905 -0.25068281 -6.77291667]\n [ 3.56317049  6.34944249 -5.99062946  4.08647107  0.57584143 -5.61292873]\n [-2.08395136 -5.99062946 11.42679974 -8.3517484  -2.31443469  5.80760242]\n [ 0.75379905  4.08647107 -8.3517484   8.06591882  1.90255891 -4.03099248]\n [-0.25068281  0.57584143 -2.31443469  1.90255891  1.61956885 -0.78051628]\n [-6.77291667 -5.61292873  5.80760242 -4.03099248 -0.78051628  9.42345081]]", "nfev": "147", "njev": "21", "status": "0", "success": "True", "message": "Optimization terminated successfully.", "x": "[ 5.17108072  4.9369847   0.65607186  0.42793278 -0.42722621 -0.69011082]", "nit": "18", "callback": [0.09696089313333978, 0.06355661350385289, 0.0369629473932096, 0.029427632424225636, 0.017684279756137844, 0.006332952520822888, 0.0020093993707055446, 0.00024292589921981467, 0.00018300671776949606, 0.00017572162415213644, 0.00017536917576466138, 0.00017474135453099393, 0.00017365162331206552, 0.00017201341282091498, 0.00017105141853313022, 0.00017085003815453526, 0.00017079683948451052, 0.0001707952502835175]}, "3": {"maxiter": 100, "gtol": 1e-05, "xrtol": 1e-10, "eps": 1e-10, "duration": 0.03428316116333008, "fun": "0.00017079522746998865", "jac": "[ 2.22044587e-06 -1.11022293e-06  2.22044587e-06  3.33066880e-06\n  2.22044587e-06  3.33066880e-06]", "hess_inv": "[[ 7.47565218  3.49474101 -2.09179104  0.73026097 -0.19262142 -6.79371876]\n [ 3.49474101  6.24619588 -5.89389885  3.99083938  0.59637813 -5.50984453]\n [-2.09179104 -5.89389885 11.22554753 -8.20776636 -2.30534406  5.73804154]\n [ 0.73026097  3.99083938 -8.20776636  7.94538049  1.904125   -3.94681364]\n [-0.19262142  0.59637813 -2.30534406  1.904125    1.61847321 -0.82616376]\n [-6.79371876 -5.50984453  5.73804154 -3.94681364 -0.82616376  9.38289568]]", "nfev": "147", "njev": "21", "status": "0", "success": "True", "message": "Optimization terminated successfully.", "x": "[ 5.17110092  4.93698597  0.65606335  0.42794572 -0.42725078 -0.69009804]", "nit": "18", "callback": [0.09695978316608322, 0.06355516761159385, 0.03696387961099967, 0.02942777474251812, 0.01768376141422534, 0.00633318485681178, 0.002009022141628014, 0.00024286595768863162, 0.00018302685254911744, 0.00017573002481929834, 0.00017537654769905764, 0.00017475022350676994, 0.0001736634172485596, 0.00017203033228951892, 0.00017105801638994667, 0.00017085361003355004, 0.0001707968554878203, 0.00017079522746998865]}, "4": {"maxiter": 100, "gtol": 1e-10, "xrtol": 1e-05, "eps": 1e-05, "duration": 0.03679990768432617, "fun": "0.00017079520785967528", "jac": "[ 5.39457368e-08 -1.08790754e-07 -1.08946185e-07 -1.29007915e-07\n  9.67559366e-08  3.66484620e-08]", "hess_inv": "[[ 7.82989729  4.08415733 -2.85456617  1.36789553 -0.10294948 -7.4629257 ]\n [ 4.08415733  6.90381281 -6.91485142  4.78814465  0.78220231 -6.40512744]\n [-2.85456617 -6.91485142 12.8089789  -9.44814211 -2.58364341  7.04007801]\n [ 1.36789553  4.78814465 -9.44814211  8.92007044  2.12912927 -4.99285737]\n [-0.10294948  0.78220231 -2.58364341  2.12912927  1.66109176 -1.03378559]\n [-7.4629257  -6.40512744  7.04007801 -4.99285737 -1.03378559 10.50642341]]", "nfev": "154", "njev": "22", "status": "0", "success": "True", "message": "Optimization terminated successfully.", "x": "[ 5.17109263  4.93700023  0.65605032  0.42795042 -0.42722248 -0.69013059]", "nit": "19", "callback": [0.09696089313333978, 0.06355661350385289, 0.0369629473932096, 0.029427632424225636, 0.017684279756137844, 0.006332952520822888, 0.0020093993707055446, 0.00024292589921981467, 0.00018300671776949606, 0.00017572162415213644, 0.00017536917576466138, 0.00017474135453099393, 0.00017365162331206552, 0.00017201341282091498, 0.00017105141853313022, 0.00017085003815453526, 0.00017079683948451052, 0.0001707952502835175, 0.00017079520785967528]}, "5": {"maxiter": 100, "gtol": 1e-10, "xrtol": 1e-05, "eps": 1e-10, "duration": 0.03630375862121582, "fun": "0.0001707952117621092", "jac": "[-1.11022293e-06  0.00000000e+00 -1.11022293e-06 -5.55111466e-06\n -3.33066880e-06 -3.33066880e-06]", "hess_inv": "[[ 8.32041902  4.31952488 -3.02603421  1.16556948 -0.10490036 -7.982819  ]\n [ 4.31952488  6.92700118 -6.81926016  4.51481838  0.75774165 -6.59168471]\n [-3.02603421 -6.81926016 12.25734058 -8.67867235 -2.39431572  7.0614926 ]\n [ 1.16556948  4.51481838 -8.67867235  8.09100344  1.88912289 -4.62247685]\n [-0.10490036  0.75774165 -2.39431572  1.88912289  1.58152117 -0.9977787 ]\n [-7.982819   -6.59168471  7.0614926  -4.62247685 -0.9977787  11.00637341]]", "nfev": "154", "njev": "22", "status": "0", "success": "True", "message": "Optimization terminated successfully.", "x": "[ 5.1711169   4.93700445  0.65604598  0.42795166 -0.42725087 -0.69012235]", "nit": "19", "callback": [0.09695978316608322, 0.06355516761159385, 0.03696387961099967, 0.02942777474251812, 0.01768376141422534, 0.00633318485681178, 0.002009022141628014, 0.00024286595768863162, 0.00018302685254911744, 0.00017573002481929834, 0.00017537654769905764, 0.00017475022350676994, 0.0001736634172485596, 0.00017203033228951892, 0.00017105801638994667, 0.00017085361003355004, 0.0001707968554878203, 0.00017079522746998865, 0.0001707952117621092]}, "6": {"maxiter": 100, "gtol": 1e-10, "xrtol": 1e-10, "eps": 1e-05, "duration": 0.09812283515930176, "fun": "0.00017079520162321948", "jac": "[-2.67519340e-07  9.30988620e-07  1.53319579e-06  1.64185332e-06\n -3.62376795e-08  2.64832600e-07]", "hess_inv": "[[  4132.4350909    -931.67293296  -3378.21989285   2957.07144834\n   -9962.3465423    6402.69470689]\n [  -931.67293296    219.23486704    758.87763358   -665.913358\n    2261.24135919  -1460.98051669]\n [ -3378.21989285    758.87763358   2774.7863058   -2427.5054606\n    8149.03280464  -5237.81111196]\n [  2957.07144834   -665.913358    -2427.5054606    2124.7687978\n   -7133.95609195   4585.97111436]\n [ -9962.3465423    2261.24135919   8149.03280464  -7133.95609195\n   24060.03758558 -15480.48419678]\n [  6402.69470689  -1460.98051669  -5237.81111196   4585.97111436\n  -15480.48419678   9969.99912201]]", "nfev": "417", "njev": "58", "status": "2", "success": "False", "message": "Desired error not necessarily achieved due to precision loss.", "x": "[ 5.1711812   4.93698095  0.65597635  0.42801746 -0.42743961 -0.6899904 ]", "nit": "29", "callback": [0.09696089313333978, 0.06355661350385289, 0.0369629473932096, 0.029427632424225636, 0.017684279756137844, 0.006332952520822888, 0.0020093993707055446, 0.00024292589921981467, 0.00018300671776949606, 0.00017572162415213644, 0.00017536917576466138, 0.00017474135453099393, 0.00017365162331206552, 0.00017201341282091498, 0.00017105141853313022, 0.00017085003815453526, 0.00017079683948451052, 0.0001707952502835175, 0.00017079520785967528, 0.0001707952069109897, 0.00017079520685636673, 0.00017079520667184767, 0.00017079520645091328, 0.0001707952060682194, 0.00017079520549134752, 0.0001707952046563488, 0.00017079520348728394, 0.00017079520219065447, 0.00017079520162321948]}, "7": {"maxiter": 100, "gtol": 1e-10, "xrtol": 1e-10, "eps": 1e-10, "duration": 0.06488800048828125, "fun": "0.000170795203522367", "jac": "[ 0.00000000e+00 -2.22044587e-06  0.00000000e+00  0.00000000e+00\n -1.11022293e-06 -1.11022293e-06]", "hess_inv": "[[  8.07253647   7.6394208   -9.61089052   6.94486824   1.61282556\n  -10.36864616]\n [  7.6394208   18.49483398 -23.55695666  16.69989122   4.02841037\n  -16.65094046]\n [ -9.61089052 -23.55695666  33.66572996 -22.74855408  -5.92925512\n   22.26175407]\n [  6.94486824  16.69989122 -22.74855408  16.40465931   3.80978802\n  -16.06826353]\n [  1.61282556   4.02841037  -5.92925512   3.80978802   1.99037051\n   -4.14261219]\n [-10.36864616 -16.65094046  22.26175407 -16.06826353  -4.14261219\n   19.48709004]]", "nfev": "271", "njev": "37", "status": "2", "success": "False", "message": "Desired error not necessarily achieved due to precision loss.", "x": "[ 5.17111734  4.93701038  0.65603498  0.42796088 -0.42724824 -0.6901273 ]", "nit": "20", "callback": [0.09695978316608322, 0.06355516761159385, 0.03696387961099967, 0.02942777474251812, 0.01768376141422534, 0.00633318485681178, 0.002009022141628014, 0.00024286595768863162, 0.00018302685254911744, 0.00017573002481929834, 0.00017537654769905764, 0.00017475022350676994, 0.0001736634172485596, 0.00017203033228951892, 0.00017105801638994667, 0.00017085361003355004, 0.0001707968554878203, 0.00017079522746998865, 0.0001707952117621092, 0.000170795203522367]}, "8": {"maxiter": 500, "gtol": 1e-05, "xrtol": 1e-05, "eps": 1e-05, "duration": 0.03394818305969238, "fun": "0.0001707952502835175", "jac": "[-3.01803027e-07 -4.42668124e-07  9.62008251e-08 -1.17407195e-06\n  8.60866933e-08  7.83939580e-07]", "hess_inv": "[[ 7.40076226  3.56317049 -2.08395136  0.75379905 -0.25068281 -6.77291667]\n [ 3.56317049  6.34944249 -5.99062946  4.08647107  0.57584143 -5.61292873]\n [-2.08395136 -5.99062946 11.42679974 -8.3517484  -2.31443469  5.80760242]\n [ 0.75379905  4.08647107 -8.3517484   8.06591882  1.90255891 -4.03099248]\n [-0.25068281  0.57584143 -2.31443469  1.90255891  1.61956885 -0.78051628]\n [-6.77291667 -5.61292873  5.80760242 -4.03099248 -0.78051628  9.42345081]]", "nfev": "147", "njev": "21", "status": "0", "success": "True", "message": "Optimization terminated successfully.", "x": "[ 5.17108072  4.9369847   0.65607186  0.42793278 -0.42722621 -0.69011082]", "nit": "18", "callback": [0.09696089313333978, 0.06355661350385289, 0.0369629473932096, 0.029427632424225636, 0.017684279756137844, 0.006332952520822888, 0.0020093993707055446, 0.00024292589921981467, 0.00018300671776949606, 0.00017572162415213644, 0.00017536917576466138, 0.00017474135453099393, 0.00017365162331206552, 0.00017201341282091498, 0.00017105141853313022, 0.00017085003815453526, 0.00017079683948451052, 0.0001707952502835175]}, "9": {"maxiter": 500, "gtol": 1e-05, "xrtol": 1e-05, "eps": 1e-10, "duration": 0.03400897979736328, "fun": "0.00017079522746998865", "jac": "[ 2.22044587e-06 -1.11022293e-06  2.22044587e-06  3.33066880e-06\n  2.22044587e-06  3.33066880e-06]", "hess_inv": "[[ 7.47565218  3.49474101 -2.09179104  0.73026097 -0.19262142 -6.79371876]\n [ 3.49474101  6.24619588 -5.89389885  3.99083938  0.59637813 -5.50984453]\n [-2.09179104 -5.89389885 11.22554753 -8.20776636 -2.30534406  5.73804154]\n [ 0.73026097  3.99083938 -8.20776636  7.94538049  1.904125   -3.94681364]\n [-0.19262142  0.59637813 -2.30534406  1.904125    1.61847321 -0.82616376]\n [-6.79371876 -5.50984453  5.73804154 -3.94681364 -0.82616376  9.38289568]]", "nfev": "147", "njev": "21", "status": "0", "success": "True", "message": "Optimization terminated successfully.", "x": "[ 5.17110092  4.93698597  0.65606335  0.42794572 -0.42725078 -0.69009804]", "nit": "18", "callback": [0.09695978316608322, 0.06355516761159385, 0.03696387961099967, 0.02942777474251812, 0.01768376141422534, 0.00633318485681178, 0.002009022141628014, 0.00024286595768863162, 0.00018302685254911744, 0.00017573002481929834, 0.00017537654769905764, 0.00017475022350676994, 0.0001736634172485596, 0.00017203033228951892, 0.00017105801638994667, 0.00017085361003355004, 0.0001707968554878203, 0.00017079522746998865]}, "10": {"maxiter": 500, "gtol": 1e-05, "xrtol": 1e-10, "eps": 1e-05, "duration": 0.03410506248474121, "fun": "0.0001707952502835175", "jac": "[-3.01803027e-07 -4.42668124e-07  9.62008251e-08 -1.17407195e-06\n  8.60866933e-08  7.83939580e-07]", "hess_inv": "[[ 7.40076226  3.56317049 -2.08395136  0.75379905 -0.25068281 -6.77291667]\n [ 3.56317049  6.34944249 -5.99062946  4.08647107  0.57584143 -5.61292873]\n [-2.08395136 -5.99062946 11.42679974 -8.3517484  -2.31443469  5.80760242]\n [ 0.75379905  4.08647107 -8.3517484   8.06591882  1.90255891 -4.03099248]\n [-0.25068281  0.57584143 -2.31443469  1.90255891  1.61956885 -0.78051628]\n [-6.77291667 -5.61292873  5.80760242 -4.03099248 -0.78051628  9.42345081]]", "nfev": "147", "njev": "21", "status": "0", "success": "True", "message": "Optimization terminated successfully.", "x": "[ 5.17108072  4.9369847   0.65607186  0.42793278 -0.42722621 -0.69011082]", "nit": "18", "callback": [0.09696089313333978, 0.06355661350385289, 0.0369629473932096, 0.029427632424225636, 0.017684279756137844, 0.00633295252082