{"date": "2024/09/24/, 18:10:01", "conf_id": 17, "data_type": "random\n", "num_data_points": 1, "s_rank": 0, "unitary": "[[0.18663085-0.53122324j,-0.11886349-0.70040876j,0.28555095-0.02789305j,-0.12262021-0.2844587j],[-0.16702216+0.27758472j,0.27526351-0.29738586j,-0.01109314+0.22495461j,-0.77239203+0.28900673j],[0.61935415+0.12301792j,-0.31269928-0.03315917j,-0.61902762-0.19039079j,-0.27120731-0.0968989j],[0.42341754+0.0023929j,-0.05847358+0.47832119j,0.64900495-0.16218422j,-0.37182676-0.05229966j]]", "databatch_0": {"databatch": "[[[-0.09982213+0.05819637j,0.31559628+0.24783365j,-0.05027755+0.05376914j,0.03308919+0.03876535j],[-0.39564916+0.05259059j,-0.09499137-0.27218948j,0.30705689-0.14329855j,-0.09573405+0.15976143j],[-0.09081101-0.07081308j,0.07351958-0.1239636j,-0.31941774-0.14176635j,-0.06290594+0.04970175j],[-0.23544923+0.10103484j,0.03443063-0.16947653j,0.03709228-0.12486005j,-0.25406452-0.29331742j]]]", "initial param values": "[0.97447852,5.6960494,3.70313695,5.12290797,3.39356075,5.89819353]", "nelder_mead": {"type": "gradient-free", "0": {"maxiter": 100, "fatol": 1e-05, "xatol": 1e-05, "duration": 0.04385089874267578, "fun": "0.2605325792493126", "nit": "100", "nfev": "158", "status": "2", "success": "False", "message": "Maximum number of iterations has been exceeded.", "x": "[1.24908174 7.24197016 3.49399572 3.79516503 4.12117838 5.99268465]", "final_simplex": "(array([[1.24908174, 7.24197016, 3.49399572, 3.79516503, 4.12117838,\n        5.99268465],\n       [1.2561771 , 7.25666335, 3.47427472, 3.80090396, 4.13656202,\n        5.99077165],\n       [1.25207774, 7.25027419, 3.45696848, 3.78670963, 4.089872  ,\n        5.94470211],\n       [1.25538516, 7.25224721, 3.46234408, 3.81166414, 4.12129157,\n        5.96825876],\n       [1.24942092, 7.23583741, 3.47038841, 3.81090569, 4.11672374,\n        5.94673856],\n       [1.24230716, 7.25680423, 3.49286034, 3.8107597 , 4.12122448,\n        5.95672517],\n       [1.23987204, 7.24859206, 3.46729059, 3.79458411, 4.05827028,\n        5.93621481]]), array([0.26053258, 0.26058799, 0.2605894 , 0.26060874, 0.26074128,\n       0.26074767, 0.26080482]))", "callback": [0.6894813066740807, 0.3203111201279466, 0.2826591643711891, 0.2826591643711891, 0.277150142131972, 0.2748161239867355, 0.2722924614628939, 0.26606778606378023, 0.26126769252140736, 0.2608048168684064]}, "1": {"maxiter": 100, "fatol": 1e-05, "xatol": 1e-10, "duration": 0.039147138595581055, "fun": "0.2605325792493126", "nit": "100", "nfev": "158", "status": "2", "success": "False", "message": "Maximum number of iterations has been exceeded.", "x": "[1.24908174 7.24197016 3.49399572 3.79516503 4.12117838 5.99268465]", "final_simplex": "(array([[1.24908174, 7.24197016, 3.49399572, 3.79516503, 4.12117838,\n        5.99268465],\n       [1.2561771 , 7.25666335, 3.47427472, 3.80090396, 4.13656202,\n        5.99077165],\n       [1.25207774, 7.25027419, 3.45696848, 3.78670963, 4.089872  ,\n        5.94470211],\n       [1.25538516, 7.25224721, 3.46234408, 3.81166414, 4.12129157,\n        5.96825876],\n       [1.24942092, 7.23583741, 3.47038841, 3.81090569, 4.11672374,\n        5.94673856],\n       [1.24230716, 7.25680423, 3.49286034, 3.8107597 , 4.12122448,\n        5.95672517],\n       [1.23987204, 7.24859206, 3.46729059, 3.79458411, 4.05827028,\n        5.93621481]]), array([0.26053258, 0.26058799, 0.2605894 , 0.26060874, 0.26074128,\n       0.26074767, 0.26080482]))", "callback": [0.6894813066740807, 0.3203111201279466, 0.2826591643711891, 0.2826591643711891, 0.277150142131972, 0.2748161239867355, 0.2722924614628939, 0.26606778606378023, 0.26126769252140736, 0.2608048168684064]}, "2": {"maxiter": 100, "fatol": 1e-10, "xatol": 1e-05, "duration": 0.037301063537597656, "fun": "0.2605325792493126", "nit": "100", "nfev": "158", "status": "2", "success": "False", "message": "Maximum number of iterations has been exceeded.", "x": "[1.24908174 7.24197016 3.49399572 3.79516503 4.12117838 5.99268465]", "final_simplex": "(array([[1.24908174, 7.24197016, 3.49399572, 3.79516503, 4.12117838,\n        5.99268465],\n       [1.2561771 , 7.25666335, 3.47427472, 3.80090396, 4.13656202,\n        5.99077165],\n       [1.25207774, 7.25027419, 3.45696848, 3.78670963, 4.089872  ,\n        5.94470211],\n       [1.25538516, 7.25224721, 3.46234408, 3.81166414, 4.12129157,\n        5.96825876],\n       [1.24942092, 7.23583741, 3.47038841, 3.81090569, 4.11672374,\n        5.94673856],\n       [1.24230716, 7.25680423, 3.49286034, 3.8107597 , 4.12122448,\n        5.95672517],\n       [1.23987204, 7.24859206, 3.46729059, 3.79458411, 4.05827028,\n        5.93621481]]), array([0.26053258, 0.26058799, 0.2605894 , 0.26060874, 0.26074128,\n       0.26074767, 0.26080482]))", "callback": [0.6894813066740807, 0.3203111201279466, 0.2826591643711891, 0.2826591643711891, 0.277150142131972, 0.2748161239867355, 0.2722924614628939, 0.26606778606378023, 0.26126769252140736, 0.2608048168684064]}, "3": {"maxiter": 100, "fatol": 1e-10, "xatol": 1e-10, "duration": 0.03706002235412598, "fun": "0.2605325792493126", "nit": "100", "nfev": "158", "status": "2", "success": "False", "message": "Maximum number of iterations has been exceeded.", "x": "[1.24908174 7.24197016 3.49399572 3.79516503 4.12117838 5.99268465]", "final_simplex": "(array([[1.24908174, 7.24197016, 3.49399572, 3.79516503, 4.12117838,\n        5.99268465],\n       [1.2561771 , 7.25666335, 3.47427472, 3.80090396, 4.13656202,\n        5.99077165],\n       [1.25207774, 7.25027419, 3.45696848, 3.78670963, 4.089872  ,\n        5.94470211],\n       [1.25538516, 7.25224721, 3.46234408, 3.81166414, 4.12129157,\n        5.96825876],\n       [1.24942092, 7.23583741, 3.47038841, 3.81090569, 4.11672374,\n        5.94673856],\n       [1.24230716, 7.25680423, 3.49286034, 3.8107597 , 4.12122448,\n        5.95672517],\n       [1.23987204, 7.24859206, 3.46729059, 3.79458411, 4.05827028,\n        5.93621481]]), array([0.26053258, 0.26058799, 0.2605894 , 0.26060874, 0.26074128,\n       0.26074767, 0.26080482]))", "callback": [0.6894813066740807, 0.3203111201279466, 0.2826591643711891, 0.2826591643711891, 0.277150142131972, 0.2748161239867355, 0.2722924614628939, 0.26606778606378023, 0.26126769252140736, 0.2608048168684064]}, "4": {"maxiter": 500, "fatol": 1e-05, "xatol": 1e-05, "duration": 0.13283920288085938, "fun": "0.2556454399216046", "nit": "361", "nfev": "571", "status": "0", "success": "True", "message": "Optimization terminated successfully.", "x": "[1.40994328 7.2338107  3.48887197 3.84061724 4.00640309 5.83678258]", "final_simplex": "(array([[1.40994328, 7.2338107 , 3.48887197, 3.84061724, 4.00640309,\n        5.83678258],\n       [1.40993787, 7.23381307, 3.48887144, 3.84062541, 4.00640397,\n        5.83678481],\n       [1.40994234, 7.2338127 , 3.48887597, 3.84062005, 4.00640163,\n        5.83678545],\n       [1.40994104, 7.2338144 , 3.48887389, 3.84062343, 4.00641042,\n        5.83678916],\n       [1.40994292, 7.23381929, 3.48887543, 3.84062408, 4.00640693,\n        5.83678095],\n       [1.4099402 , 7.23381054, 3.48887642, 3.84061445, 4.00640609,\n        5.8367877 ],\n       [1.40993626, 7.23381832, 3.48887509, 3.84061787, 4.00640865,\n        5.83679104]]), array([0.25564544, 0.25564544, 0.25564544, 0.25564544, 0.25564544,\n       0.25564544, 0.25564544]))", "callback": [0.6894813066740807, 0.3203111201279466, 0.2826591643711891, 0.2826591643711891, 0.277150142131972, 0.2748161239867355, 0.2722924614628939, 0.26606778606378023, 0.26126769252140736, 0.2608048168684064, 0.2605325792493126, 0.2604726338990996, 0.26041487894018456, 0.2601907225587008, 0.2599821273568008, 0.25949569852323595, 0.2589468189811418, 0.2582537181620691, 0.2577351653616683, 0.25683808713211687, 0.256425518908473, 0.2560565463880433, 0.2557767098303676, 0.2556954127839234, 0.2556531354153768, 0.2556479083380727, 0.25564612566761, 0.25564568355256057, 0.25564547525539794, 0.25564544702865655, 0.2556454422499447, 0.2556454405553834, 0.25564544024522273, 0.2556454400847423, 0.2556454399720557, 0.25564543993497757, 0.2556454399216046]}, "5": {"maxiter": 500, "fatol": 1e-05, "xatol": 1e-10, "duration": 0.18695497512817383, "fun": "0.2556454399109993", "nit": "470", "nfev": "801", "status": "0", "success": "True", "message": "Optimization terminated successfully.", "x": "[1.40994199 7.23381196 3.48886824 3.84062125 4.00639494 5.83677231]", "final_simplex": "(array([[1.40994199, 7.23381196, 3.48886824, 3.84062125, 4.00639494,\n        5.83677231],\n       [1.40994199, 7.23381196, 3.48886824, 3.84062125, 4.00639494,\n        5.83677231],\n       [1.40994199, 7.23381196, 3.48886824, 3.84062125, 4.00639494,\n        5.83677231],\n       [1.40994199, 7.23381196, 3.48886824, 3.84062125, 4.00639494,\n        5.83677231],\n       [1.40994199, 7.23381196, 3.48886824, 3.84062125, 4.00639494,\n        5.83677231],\n       [1.40994199, 7.23381196, 3.48886824, 3.84062125, 4.00639494,\n        5.83677231],\n       [1.40994199, 7.23381196, 3.48886824, 3.84062125, 4.00639494,\n        5.83677231]]), array([0.25564544, 0.25564544, 0.25564544, 0.25564544, 0.25564544,\n       0.25564544, 0.25564544]))", "callback": [0.6894813066740807, 0.3203111201279466, 0.2826591643711891, 0.2826591643711891, 0.277150142131972, 0.2748161239867355, 0.2722924614628939, 0.26606778606378023, 0.26126769252140736, 0.2608048168684064, 0.2605325792493126, 0.2604726338990996, 0.26041487894018456, 0.2601907225587008, 0.2599821273568008, 0.25949569852323595, 0.2589468189811418, 0.2582537181620691, 0.2577351653616683, 0.25683808713211687, 0.256425518908473, 0.2560565463880433, 0.2557767098303676, 0.2556954127839234, 0.2556531354153768, 0.2556479083380727, 0.25564612566761, 0.25564568355256057, 0.25564547525539794, 0.25564544702865655, 0.2556454422499447, 0.2556454405553834, 0.25564544024522273, 0.2556454400847423, 0.2556454399720557, 0.25564543993497757, 0.2556454399216046, 0.2556454399132462, 0.2556454399119841, 0.25564543991133215, 0.2556454399110901, 0.25564543991101585, 0.25564543991100463, 0.2556454399110005, 0.25564543991099975, 0.2556454399109993, 0.2556454399109993]}, "6": {"maxiter": 500, "fatol": 1e-10, "xatol": 1e-05, "duration": 0.1421833038330078, "fun": "0.2556454399216046", "nit": "361", "nfev": "571", "status": "0", "success": "True", "message": "Optimization terminated successfully.", "x": "[1.40994328 7.2338107  3.48887197 3.84061724 4.00640309 5.83678258]", "final_simplex": "(array([[1.40994328, 7.2338107 , 3.48887197, 3.84061724, 4.00640309,\n        5.83678258],\n       [1.40993787, 7.23381307, 3.48887144, 3.84062541, 4.00640397,\n        5.83678481],\n       [1.40994234, 7.2338127 , 3.48887597, 3.84062005, 4.00640163,\n        5.83678545],\n       [1.40994104, 7.2338144 , 3.48887389, 3.84062343, 4.00641042,\n        5.83678916],\n       [1.40994292, 7.23381929, 3.48887543, 3.84062408, 4.00640693,\n        5.83678095],\n       [1.4099402 , 7.23381054, 3.48887642, 3.84061445, 4.00640609,\n        5.8367877 ],\n       [1.40993626, 7.23381832, 3.48887509, 3.84061787, 4.00640865,\n        5.83679104]]), array([0.25564544, 0.25564544, 0.25564544, 0.25564544, 0.25564544,\n       0.25564544, 0.25564544]))", "callback": [0.6894813066740807, 0.3203111201279466, 0.2826591643711891, 0.2826591643711891, 0.277150142131972, 0.2748161239867355, 0.2722924614628939, 0.26606778606378023, 0.26126769252140736, 0.2608048168684064, 0.2605325792493126, 0.2604726338990996, 0.26041487894018456, 0.2601907225587008, 0.2599821273568008, 0.25949569852323595, 0.2589468189811418, 0.2582537181620691, 0.2577351653616683, 0.25683808713211687, 0.256425518908473, 0.2560565463880433, 0.2557767098303676, 0.2556954127839234, 0.2556531354153768, 0.2556479083380727, 0.25564612566761, 0.25564568355256057, 0.25564547525539794, 0.25564544702865655, 0.2556454422499447, 0.2556454405553834, 0.25564544024522273, 0.2556454400847423, 0.2556454399720557, 0.25564543993497757, 0.2556454399216046]}, "7": {"maxiter": 500, "fatol": 1e-10, "xatol": 1e-10, "duration": 0.18637800216674805, "fun": "0.2556454399109993", "nit": "470", "nfev": "801", "status": "0", "success": "True", "message": "Optimization terminated successfully.", "x": "[1.40994199 7.23381196 3.48886824 3.84062125 4.00639494 5.83677231]", "final_simplex": "(array([[1.40994199, 7.23381196, 3.48886824, 3.84062125, 4.00639494,\n        5.83677231],\n       [1.40994199, 7.23381196, 3.48886824, 3.84062125, 4.00639494,\n        5.83677231],\n       [1.40994199, 7.23381196, 3.48886824, 3.84062125, 4.00639494,\n        5.83677231],\n       [1.40994199, 7.23381196, 3.48886824, 3.84062125, 4.00639494,\n        5.83677231],\n       [1.40994199, 7.23381196, 3.48886824, 3.84062125, 4.00639494,\n        5.83677231],\n       [1.40994199, 7.23381196, 3.48886824, 3.84062125, 4.00639494,\n        5.83677231],\n       [1.40994199, 7.23381196, 3.48886824, 3.84062125, 4.00639494,\n        5.83677231]]), array([0.25564544, 0.25564544, 0.25564544, 0.25564544, 0.25564544,\n       0.25564544, 0.25564544]))", "callback": [0.6894813066740807, 0.3203111201279466, 0.2826591643711891, 0.2826591643711891, 0.277150142131972, 0.2748161239867355, 0.2722924614628939, 0.26606778606378023, 0.26126769252140736, 0.2608048168684064, 0.2605325792493126, 0.2604726338990996, 0.26041487894018456, 0.2601907225587008, 0.2599821273568008, 0.25949569852323595, 0.2589468189811418, 0.2582537181620691, 0.2577351653616683, 0.25683808713211687, 0.256425518908473, 0.2560565463880433, 0.2557767098303676, 0.2556954127839234, 0.2556531354153768, 0.2556479083380727, 0.25564612566761, 0.25564568355256057, 0.25564547525539794, 0.25564544702865655, 0.2556454422499447, 0.2556454405553834, 0.25564544024522273, 0.2556454400847423, 0.2556454399720557, 0.25564543993497757, 0.2556454399216046, 0.2556454399132462, 0.2556454399119841, 0.25564543991133215, 0.2556454399110901, 0.25564543991101585, 0.25564543991100463, 0.2556454399110005, 0.25564543991099975, 0.2556454399109993, 0.2556454399109993]}, "8": {"maxiter": 1000, "fatol": 1e-05, "xatol": 1e-05, "duration": 0.13744187355041504, "fun": "0.2556454399216046", "nit": "361", "nfev": "571", "status": "0", "success": "True", "message": "Optimization terminated successfully.", "x": "[1.40994328 7.2338107  3.48887197 3.84061724 4.00640309 5.83678258]", "final_simplex": "(array([[1.40994328, 7.2338107 , 3.48887197, 3.84061724, 4.00640309,\n        5.83678258],\n       [1.40993787, 7.23381307, 3.48887144, 3.84062541, 4.00640397,\n        5.83678481],\n       [1.40994234, 7.2338127 , 3.48887597, 3.84062005, 4.00640163,\n        5.83678545],\n       [1.40994104, 7.2338144 , 3.48887389, 3.84062343, 4.00641042,\n        5.83678916],\n       [1.40994292, 7.23381929, 3.48887543, 3.84062408, 4.00640693,\n        5.83678095],\n       [1.4099402 , 7.23381054, 3.48887642, 3.84061445, 4.00640609,\n        5.8367877 ],\n       [1.40993626, 7.23381832, 3.48887509, 3.84061787, 4.00640865,\n        5.83679104]]), array([0.25564544, 0.25564544, 0.25564544, 0.25564544, 0.25564544,\n       0.25564544, 0.25564544]))", "callback": [0.6894813066740807, 0.3203111201279466, 0.2826591643711891, 0.2826591643711891, 0.277150142131972, 0.2748161239867355, 0.2722924614628939, 0.26606778606378023, 0.26126769252140736, 0.2608048168684064, 0.2605325792493126, 0.2604726338990996, 0.26041487894018456, 0.2601907225587008, 0.2599821273568008, 0.25949569852323595, 0.2589468189811418, 0.2582537181620691, 0.2577351653616683, 0.25683808713211687, 0.256425518908473, 0.2560565463880433, 0.2557767098303676, 0.2556954127839234, 0.2556531354153768, 0.2556479083380727, 0.25564612566761, 0.25564568355256057, 0.25564547525539794, 0.25564544702865655, 0.2556454422499447, 0.2556454405553834, 0.25564544024522273, 0.2556454400847423, 0.2556454399720557, 0.25564543993497757, 0.2556454399216046]}, "9": {"maxiter": 1000, "fatol": 1e-05, "xatol": 1e-10, "duration": 0.20108270645141602, "fun": "0.2556454399109993", "nit": "470", "nfev": "801", "status": "0", "success": "True", "message": "Optimization terminated successfully.", "x": "[1.40994199 7.23381196 3.48886824 3.84062125 4.00639494 5.83677231]", "final_simplex": "(array([[1.40994199, 7.23381196, 3.48886824, 3.84062125, 4.00639494,\n        5.83677231],\n       [1.40994199, 7.23381196, 3.48886824, 3.84062125, 4.00639494,\n        5.83677231],\n       [1.40994199, 7.23381196, 3.48886824, 3.84062125, 4.00639494,\n        5.83677231],\n       [1.40994199, 7.23381196, 3.48886824, 3.84062125, 4.00639494,\n        5.83677231],\n       [1.40994199, 7.23381196, 3.48886824, 3.84062125, 4.00639494,\n        5.83677231],\n       [1.40994199, 7.23381196, 3.48886824, 3.84062125, 4.00639494,\n        5.83677231],\n       [1.40994199, 7.23381196, 3.48886824, 3.84062125, 4.00639494,\n        5.83677231]]), array([0.25564544, 0.25564544, 0.25564544, 0.25564544, 0.25564544,\n       0.25564544, 0.25564544]))", "callback": [0.6894813066740807, 0.3203111201279466, 0.2826591643711891, 0.2826591643711891, 0.277150142131972, 0.2748161239867355, 0.2722924614628939, 0.26606778606378023, 0.26126769252140736, 0.2608048168684064, 0.2605325792493126, 0.2604726338990996, 0.26041487894018456, 0.2601907225587008, 0.2599821273568008, 0.25949569852323595, 0.2589468189811418, 0.2582537181620691, 0.2577351653616683, 0.25683808713211687, 0.256425518908473, 0.2560565463880433, 0.2557767098303676, 0.2556954127839234, 0.2556531354153768, 0.2556479083380727, 0.25564612566761, 0.25564568355256057, 0.25564547525539794, 0.25564544702865655, 0.2556454422499447, 0.2556454405553834, 0.25564544024522273, 0.2556454400847423, 0.2556454399720557, 0.25564543993497757, 0.2556454399216046, 0.2556454399132462, 0.2556454399119841, 0.25564543991133215, 0.2556454399110901, 0.25564543991101585, 0.25564543991100463, 0.2556454399110005, 0.25564543991099975, 0.2556454399109993, 0.2556454399109993]}, "10": {"maxiter": 1000, "fatol": 1e-10, "xatol": 1e-05, "duration": 0.15043187141418457, "fun": "0.2556454399216046", "nit": "361", "nfev": "571", "status": "0", "success": "True", "message": "Optimization terminated successfully.", "x": "[1.40994328 7.2338107  3.48887197 3.84061724 4.00640309 5.83678258]", "final_simplex": "(array([[1.40994328, 7.2338107 , 3.48887197, 3.84061724, 4.00640309,\n        5.83678258],\n       [1.40993787, 7.23381307, 3.48887144, 3.84062541, 4.00640397,\n        5.83678481],\n       [1.40994234, 7.2338127 , 3.48887597, 3.84062005, 4.00640163,\n        5.83678545],\n       [1.40994104, 7.2338144 , 3.48887389, 3.84062343, 4.00641042,\n        5.83678916],\n       [1.40994292, 7.23381929, 3.48887543, 3.84062408, 4.00640693,\n        5.83678095],\n       [1.4099402 , 7.23381054, 3.48887642, 3.84061445, 4.00640609,\n        5.8367877 ],\n       [1.40993626, 7.23381832, 3.48887509, 3.84061787, 4.00640865,\n        5.83679104]]), array([0.25564544, 0.25564544, 0.25564544, 0.25564544, 0.25564544,\n       0.25564544, 0.25564544]))", "callback": [0.6894813066740807, 0.3203111201279466, 0.2826591643711891, 0.2826591643711891, 0.277150142131972, 0.2748161239867355, 0.2722924614628939, 0.26606778606378023, 0.26126769252140736, 0.2608048168684064, 0.2605325792493126, 0.2604726338990996, 0.26041487894018456, 0.2601907225587008, 0.2599821273568008, 0.25949569852323595, 0.2589468189811418, 0.2582537181620691, 0.2577351653616683, 0.25683808713211687, 0.256425518908473, 0.2560565463880433, 0.2557767098303676, 0.2556954127839234, 0.2556531354153768, 0.2556479083380727, 0.25564612566761, 0.25564568355256057, 0.25564547525539794, 0.25564544702865655, 0.2556454422499447, 0.2556454405553834, 0.25564544024522273, 0.2556454400847423, 0.2556454399720557, 0.25564543993497757, 0.2556454399216046]}, "11": {"maxiter": 1000, "fatol": 1e-10, "xatol": 1e-10, "duration": 0.189835786819458, "fun": "0.2556454399109993", "nit": "470", "nfev": "801", "status": "0", "success": "True", "message": "Optimization terminated successfully.", "x": "[1.40994199 7.23381196 3.48886824 3.84062125 4.00639494 5.83677231]", "final_simplex": "(array([[1.40994199, 7.23381196, 3.48886824, 3.84062125, 4.00639494,\n        5.83677231],\n       [1.40994199, 7.23381196, 3.48886824, 3.84062125, 4.00639494,\n        5.83677231],\n       [1.40994199, 7.23381196, 3.48886824, 3.84062125, 4.00639494,\n        5.83677231],\n       [1.40994199, 7.23381196, 3.48886824, 3.84062125, 4.00639494,\n        5.83677231],\n       [1.40994199, 7.23381196, 3.48886824, 3.84062125, 4.00639494,\n        5.83677231],\n       [1.40994199, 7.23381196, 3.48886824, 3.84062125, 4.00639494,\n        5.83677231],\n       [1.40994199, 7.23381196, 3.48886824, 3.84062125, 4.00639494,\n        5.83677231]]), array([0.25564544, 0.25564544, 0.25564544, 0.25564544, 0.25564544,\n       0.25564544, 0.25564544]))", "callback": [0.6894813066740807, 0.3203111201279466, 0.2826591643711891, 0.2826591643711891, 0.277150142131972, 0.2748161239867355, 0.2722924614628939, 0.26606778606378023, 0.26126769252140736, 0.2608048168684064, 0.2605325792493126, 0.2604726338990996, 0.26041487894018456, 0.2601907225587008, 0.2599821273568008, 0.25949569852323595, 0.2589468189811418, 0.2582537181620691, 0.2577351653616683, 0.25683808713211687, 0.256425518908473, 0.2560565463880433, 0.2557767098303676, 0.2556954127839234, 0.2556531354153768, 0.2556479083380727, 0.25564612566761, 0.25564568355256057, 0.25564547525539794, 0.25564544702865655, 0.2556454422499447, 0.2556454405553834, 0.25564544024522273, 0.2556454400847423, 0.2556454399720557, 0.25564543993497757, 0.2556454399216046, 0.2556454399132462, 0.2556454399119841, 0.25564543991133215, 0.2556454399110901, 0.25564543991101585, 0.25564543991100463, 0.2556454399110005, 0.25564543991099975, 0.2556454399109993, 0.2556454399109993]}}, "bfgs": {"type": "gradient", "0": {"maxiter": 100, "gtol": 1e-05, "xrtol": 1e-05, "eps": 1e-05, "duration": 0.03816795349121094, "fun": "0.25564544023023916", "jac": "[ 6.12151441e-06 -1.31886724e-06  3.91253696e-07  5.89306381e-08\n -2.43159937e-06 -8.93529695e-07]", "hess_inv": "[[ 2.02409576  0.69240432 -0.18301059  0.73942704 -0.19496885 -0.28247368]\n [ 0.69240432  2.25304905 -0.14421137 -0.16475472  0.83553825  0.68870179]\n [-0.18301059 -0.14421137  3.68162707  0.27271713  2.22717229  2.26030897]\n [ 0.73942704 -0.16475472  0.27271713  3.20484907  0.83206331  0.33503893]\n [-0.19496885  0.83553825  2.22717229  0.83206331  6.89962364  6.01222623]\n [-0.28247368  0.68870179  2.26030897  0.33503893  6.01222623  7.98637805]]", "nfev": "140", "njev": "20", "status": "0", "success": "True", "message": "Optimization terminated successfully.", "x": "[1.40996248 7.23379844 3.4888416  3.8406171  4.00632915 5.83670236]", "nit": "15", "callback": [0.32598480759835147, 0.3087310905535898, 0.28163430945921686, 0.2655363261206021, 0.2623311952477586, 0.2591514187337586, 0.2586707346594661, 0.25779399262158764, 0.2564076505699344, 0.2556637449779404, 0.25564827738764473, 0.2556454683177305, 0.25564544796061006, 0.25564544166579584, 0.25564544023023916]}, "1": {"maxiter": 100, "gtol": 1e-05, "xrtol": 1e-05, "eps": 1e-10, "duration": 0.033288002014160156, "fun": "0.25564543995157074", "jac": "[ 6.66133760e-06  2.22044587e-06 -1.11022293e-06 -3.33066880e-06\n  1.11022293e-06  1.11022293e-06]", "hess_inv": "[[ 2.07676878  0.66179384 -0.07720737  0.75090889 -0.35950159 -0.42091826]\n [ 0.66179384  2.24116321 -0.12979747 -0.2166458   0.79514023  0.64555913]\n [-0.07720737 -0.12979747  3.77166694  0.43159252  2.39895531  2.41750844]\n [ 0.75090889 -0.2166458   0.43159252  3.14644366  0.60060158  0.11111683]\n [-0.35950159  0.79514023  2.39895531  0.60060158  6.86600271  5.90809677]\n [-0.42091826  0.64555913  2.41750844  0.11111683  5.90809677  7.83894574]]", "nfev": "140", "njev": "20", "status": "0", "success": "True", "message": "Optimization terminated successfully.", "x": "[1.40995505 7.23381502 3.48886739 3.84061728 4.00639825 5.83677386]", "nit": "15", "callback": [0.3259829163528398, 0.30872911077102616, 0.2816327099311513, 0.26553536915484877, 0.2623304425557962, 0.25915098524254554, 0.2586702117282009, 0.2577933858837378, 0.2564074440061238, 0.25566377167199983, 0.2556482788255159, 0.2556454725688151, 0.25564544811713585, 0.2556454418072812, 0.25564543995157074]}, "2": {"maxiter": 100, "gtol": 1e-05, "xrtol": 1e-10, "eps": 1e-05, "duration": 0.03387904167175293, "fun": "0.25564544023023916", "jac": "[ 6.12151441e-06 -1.31886724e-06  3.91253696e-07  5.89306381e-08\n -2.43159937e-06 -8.93529695e-07]", "hess_inv": "[[ 2.02409576  0.69240432 -0.18301059  0.73942704 -0.19496885 -0.28247368]\n [ 0.69240432  2.25304905 -0.14421137 -0.16475472  0.83553825  0.68870179]\n [-0.18301059 -0.14421137  3.68162707  0.27271713  2.22717229  2.26030897]\n [ 0.73942704 -0.16475472  0.27271713  3.20484907  0.83206331  0.33503893]\n [-0.19496885  0.83553825  2.22717229  0.83206331  6.89962364  6.01222623]\n [-0.28247368  0.68870179  2.26030897  0.33503893  6.01222623  7.98637805]]", "nfev": "140", "njev": "20", "status": "0", "success": "True", "message": "Optimization terminated successfully.", "x": "[1.40996248 7.23379844 3.4888416  3.8406171  4.00632915 5.83670236]", "nit": "15", "callback": [0.32598480759835147, 0.3087310905535898, 0.28163430945921686, 0.2655363261206021, 0.2623311952477586, 0.2591514187337586, 0.2586707346594661, 0.25779399262158764, 0.2564076505699344, 0.2556637449779404, 0.25564827738764473, 0.2556454683177305, 0.25564544796061006, 0.25564544166579584, 0.25564544023023916]}, "3": {"maxiter": 100, "gtol": 1e-05, "xrtol": 1e-10, "eps": 1e-10, "duration": 0.03287196159362793, "fun": "0.25564543995157074", "jac": "[ 6.66133760e-06  2.22044587e-06 -1.11022293e-06 -3.33066880e-06\n  1.11022293e-06  1.11022293e-06]", "hess_inv": "[[ 2.07676878  0.66179384 -0.07720737  0.75090889 -0.35950159 -0.42091826]\n [ 0.66179384  2.24116321 -0.12979747 -0.2166458   0.79514023  0.64555913]\n [-0.07720737 -0.12979747  3.77166694  0.43159252  2.39895531  2.41750844]\n [ 0.75090889 -0.2166458   0.43159252  3.14644366  0.60060158  0.11111683]\n [-0.35950159  0.79514023  2.39895531  0.60060158  6.86600271  5.90809677]\n [-0.42091826  0.64555913  2.41750844  0.11111683  5.90809677  7.83894574]]", "nfev": "140", "njev": "20", "status": "0", "success": "True", "message": "Optimization terminated successfully.", "x": "[1.40995505 7.23381502 3.48886739 3.84061728 4.00639825 5.83677386]", "nit": "15", "callback": [0.3259829163528398, 0.30872911077102616, 0.2816327099311513, 0.26553536915484877, 0.2623304425557962, 0.25915098524254554, 0.2586702117282009, 0.2577933858837378, 0.2564074440061238, 0.25566377167199983, 0.2556482788255159, 0.2556454725688151, 0.25564544811713585, 0.2556454418072812, 0.25564543995157074]}, "4": {"maxiter": 100, "gtol": 1e-10, "xrtol": 1e-05, "eps": 1e-05, "duration": 0.03335976600646973, "fun": "0.25564544023023916", "jac": "[ 6.12151441e-06 -1.31886724e-06  3.91253696e-07  5.89306381e-08\n -2.43159937e-06 -8.93529695e-07]", "hess_inv": "[[ 2.02409576  0.69240432 -0.18301059  0.73942704 -0.19496885 -0.28247368]\n [ 0.69240432  2.25304905 -0.14421137 -0.16475472  0.83553825  0.68870179]\n [-0.18301059 -0.14421137  3.68162707  0.27271713  2.22717229  2.26030897]\n [ 0.73942704 -0.16475472  0.27271713  3.20484907  0.83206331  0.33503893]\n [-0.19496885  0.83553825  2.22717229  0.83206331  6.89962364  6.01222623]\n [-0.28247368  0.68870179  2.26030897  0.33503893  6.01222623  7.98637805]]", "nfev": "140", "njev": "20", "status": "0", "success": "True", "message": "Optimization terminated successfully.", "x": "[1.40996248 7.23379844 3.4888416  3.8406171  4.00632915 5.83670236]", "nit": "15", "callback": [0.32598480759835147, 0.3087310905535898, 0.28163430945921686, 0.2655363261206021, 0.2623311952477586, 0.2591514187337586, 0.2586707346594661, 0.25779399262158764, 0.2564076505699344, 0.2556637449779404, 0.25564827738764473, 0.2556454683177305, 0.25564544796061006, 0.25564544166579584, 0.25564544023023916]}, "5": {"maxiter": 100, "gtol": 1e-10, "xrtol": 1e-05, "eps": 1e-10, "duration": 0.03285574913024902, "fun": "0.25564543995157074", "jac": "[ 6.66133760e-06  2.22044587e-06 -1.11022293e-06 -3.33066880e-06\n  1.11022293e-06  1.11022293e-06]", "hess_inv": "[[ 2.07676878  0.66179384 -0.07720737  0.75090889 -0.35950159 -0.42091826]\n [ 0.66179384  2.24116321 -0.12979747 -0.2166458   0.79514023  0.64555913]\n [-0.07720737 -0.12979747  3.77166694  0.43159252  2.39895531  2.41750844]\n [ 0.75090889 -0.2166458   0.43159252  3.14644366  0.60060158  0.11111683]\n [-0.35950159  0.79514023  2.39895531  0.60060158  6.86600271  5.90809677]\n [-0.42091826  0.64555913  2.41750844  0.11111683  5.90809677  7.83894574]]", "nfev": "140", "njev": "20", "status": "0", "success": "True", "message": "Optimization terminated successfully.", "x": "[1.40995505 7.23381502 3.48886739 3.84061728 4.00639825 5.83677386]", "nit": "15", "callback": [0.3259829163528398, 0.30872911077102616, 0.2816327099311513, 0.26553536915484877, 0.2623304425557962, 0.25915098524254554, 0.2586702117282009, 0.2577933858837378, 0.2564074440061238, 0.25566377167199983, 0.2556482788255159, 0.2556454725688151, 0.25564544811713585, 0.2556454418072812, 0.25564543995157074]}, "6": {"maxiter": 100, "gtol": 1e-10, "xrtol": 1e-10, "eps": 1e-05, "duration": 0.09299421310424805, "fun": "0.2556454399946235", "jac": "[ 1.70385928e-07 -3.15836246e-07  8.67528271e-08 -1.99817940e-07\n  3.39950290e-07 -9.93316540e-08]", "hess_inv": "[[ 3.0181773  -0.14550388 -0.29564134  0.48757082 -0.30725062 -0.97730362]\n [-0.14550388  3.16540999 -0.02596594  0.19623725  0.54575159  1.03403976]\n [-0.29564134 -0.02596594  2.99052798  0.22796685  1.57785391  1.79896413]\n [ 0.48757082  0.19623725  0.22796685  3.3457839   0.48522099  0.25563235]\n [-0.30725062  0.54575159  1.57785391  0.48522099  7.06492366  6.07035735]\n [-0.97730362  1.03403976  1.79896413  0.25563235  6.07035735  8.36315083]]", "nfev": "368", "njev": "51", "status": "2", "success": "False", "message": "Desired error not necessarily achieved due to precision loss.", "x": "[1.40994077 7.23380383 3.48885277 3.84061377 4.00636373 5.83673922]", "nit": "18", "callback": [0.32598480759835147, 0.3087310905535898, 0.28163430945921686, 0.2655363261206021, 0.2623311952477586, 0.2591514187337586, 0.2586707346594661, 0.25779399262158764, 0.2564076505699344, 0.2556637449779404, 0.25564827738764473, 0.2556454683177305, 0.25564544796061006, 0.25564544166579584, 0.25564544023023916, 0.25564544003114886, 0.25564544000305867, 0.2556454399946235]}, "7": {"maxiter": 100, "gtol": 1e-10, "xrtol": 1e-10, "eps": 1e-10, "duration": 0.11961817741394043, "fun": "0.25564543991843125", "jac": "[-1.11022293e-06  1.11022293e-06  4.44089173e-06  3.33066880e-06\n  2.22044587e-06  1.11022293e-06]", "hess_inv": "[[  6.65892744 -11.89644388   3.66238978  -0.22591367   6.80755119\n    4.42414531]\n [-11.89644388  21.65311649  -6.54294333   0.31200042 -12.45300758\n   -7.87747382]\n [  3.66238978  -6.54294333   2.09679631  -0.13271708   3.76455431\n    2.39424782]\n [ -0.22591367   0.31200042  -0.13271708   0.09845689  -0.19204927\n   -0.22160948]\n [  6.80755119 -12.45300758   3.76455431  -0.19204927   7.21968125\n    4.49950074]\n [  4.42414531  -7.87747382   2.39424782  -0.22160948   4.49950074\n    3.11012334]]", "nfev": "502", "njev": "70", "status": "2", "success": "False", "message": "Desired error not necessarily achieved due to precision loss.", "x": "[1.40993887 7.23381053 3.4888714  3.84062486 4.00639349 5.8367705 ]", "nit": "25", "callback": [0.3259829163528398, 0.30872911077102616, 0.2816327099311513, 0.26553536915484877, 0.2623304425557962, 0.25915098524254554, 0.2586702117282009, 0.2577933858837378, 0.2564074440061238, 0.25566377167199983, 0.2556482788255159, 0.2556454725688151, 0.25564544811713585, 0.2556454418072812, 0.25564543995157074, 0.25564543993075006, 0.2556454399289073, 0.25564543992771305, 0.25564543992630895, 0.2556454399247138, 0.2556454399242972, 0.2556454399240927, 0.25564543991907684, 0.2556454399186495, 0.25564543991843125]}, "8": {"maxiter": 500, "gtol": 1e-05, "xrtol": 1e-05, "eps": 1e-05, "duration": 0.036595821380615234, "fun": "0.25564544023023916", "jac": "[ 6.12151441e-06 -1.31886724e-06  3.91253696e-07  5.89306381e-08\n -2.43159937e-06 -8.93529695e-07]", "hess_inv": "[[ 2.02409576  0.69240432 -0.18301059  0.73942704 -0.19496885 -0.28247368]\n [ 0.69240432  2.25304905 -0.14421137 -0.16475472  0.83553825  0.68870179]\n [-0.18301059 -0.14421137  3.68162707  0.27271713  2.22717229  2.26030897]\n [ 0.73942704 -0.16475472  0.27271713  3.20484907  0.83206331  0.33503893]\n [-0.19496885  0.83553825  2.22717229  0.83206331  6.89962364  6.01222623]\n [-0.28247368  0.68870179  2.26030897  0.33503893  6.01222623  7.98637805]]", "nfev": "140", "njev": "20", "status": "0", "success": "True", "message": "Optimization terminated successfully.", "x": "[1.40996248 7.23379844 3.4888416  3.8406171  4.00632915 5.83670236]", "nit": "15", "callback": [0.32598480759835147, 0.3087310905535898, 0.28163430945921686, 0.2655363261206021, 0.2623311952477586, 0.2591514187337586, 0.2586707346594661, 0.25779399262158764, 0.2564076505699344, 0.2556637449779404, 0.25564827738764473, 0.2556454683177305, 0.25564544796061006, 0.25564544166579584, 0.25564544023023916]}, "9": {"maxiter": 500, "gtol": 1e-05, "xrtol": 1e-05, "eps": 1e-10, "duration": 0.03323078155517578, "fun": "0.25564543995157074", "jac": "[ 6.66133760e-06  2.22044587e-06 -1.11022293e-06 -3.33066880e-06\n  1.11022293e-06  1.11022293e-06]", "hess_inv": "[[ 2.07676878  0.66179384 -0.07720737  0.75090889 -0.35950159 -0.42091826]\n [ 0.66179384  2.24116321 -0.12979747 -0.2166458   0.79514023  0.64555913]\n [-0.07720737 -0.12979747  3.77166694  0.43159252  2.39895531  2.41750844]\n [ 0.75090889 -0.2166458   0.43159252  3.14644366  0.60060158  0.11111683]\n [-0.35950159  0.79514023  2.39895531  0.60060158  6.86600271  5.90809677]\n [-0.42091826  0.64555913  2.41750844  0.11111683  5.90809677  7.83894574]]", "nfev": "140", "njev": "20", "status": "0", "success": "True", "message": "Optimization terminated successfully.", "x": "[1.40995505 7.23381502 3.48886739 3.84061728 4.00639825 5.83677386]", "nit": "15", "callback": [0.3259829163528398, 0.30872911077102616, 0.2816327099311513, 0.26553536915484877, 0.2623304425557962, 0.25915098524254554, 0.2586702117282009, 0.2577933858837378, 0.2564074440061238, 0.25566377167199983, 0.2556482788255159, 0.2556454725688151, 0.25564544811713585, 0.2556454418072812, 0.25564543995157074]}, "10": {"maxiter": 500, "gtol": 1e-05, "xrtol": 1e-10, "eps": 1e-05, "duration": 0.03335690498352051, "fun": "0.25564544023023916", "jac": "[ 6.12151441e-06 -1.31886724e-06  3.91253696e-07  5.89306381e-08\n -2.43159937e-06 -8.93529695e-07]", "hess_inv": "[[ 2.02409576  0.69240432 -0.18301059  0.73942704 -0.19496885 -0.28247368]\n [ 0.69240432  2.25304905 -0.14421137 -0.16475472  0.83553825  0.68870179]\n [-0.18301059 -0.14421137  3.68162707  0.27271713  2.22717229  2.26030897]\n [ 0.73942704 -0.16475472  0.27271713  3.20484907  0.83206331  0.33503893]\n [-0.19496885  0.83553825  2.22717229  0.83206331  6.89962364  6.01222623]\n [-0.28247368  0.68870179  2.26030897  0.33503893  6.01222623  7.98637805]]", "nfev": "140", "njev": "20", "status": "0", "success": "True", "message": "Optimization terminated successfully.", "x": "[1.40996248 7.23379844 3.4888416  3.8406171  4.00632915 5.83670236]", "nit": "15", "callback": [0.32598480759835147, 0.3087310905535898, 0.28163430945921686, 0.2655363261206021, 0.2623311952477586, 0.2591514187337586, 0.2586707346594661, 0.25779399262158764, 0.2564076505699344, 0.2556637449779404, 0.25564827738764473, 0.2556454683177305, 0.25564544796061006, 0.25564544166579584, 0.25564544023023916]}, "11": {"maxiter": 500, "gtol": 1e-05, "xrtol": 1e-10, "eps": 1e-10, "duration": 0.03438377380371094, "fun": "0.25564543995157074", "jac": "[ 6.66133760e-06  2.22044587e-06 -1.11022293e-06 -3.33066880e-06\n  1.11022293e-06  1.11022293e-06]", "hess_inv": "[[ 2.07676878  0.66179384 -0.07720737  0.75090889 -0.35950159 -0.42091826]\n [ 0.66179384  2.24116321 -0.12979747 -0.2166458   0.79514023  0.64555913]\n [-0.07720737 -0.12979747  3.77166694  0.43159252  2.39895531  2.41750844]\n [ 0.75090889 -0.2166458   0.43159252  3.14644366  0.60060158  0.11111683]\n [-0.35950159  0.79514023  2.39895531  0.60060158  6.86600271  5.90809677]\n [-0.42091826  0.64555913  2.41750844  0.11111683  5.90809677  7.83894574]]", "nfev": "140", "njev": "20", "status": "0", "success": "True", "message": "Optimization terminated successfully.", "x": "[1.40995505 7.23381502 3.48886739 3.84061728 4.00639825 5.83677386]", "nit": "15", "callback": [0.3259829163528398, 0.30872911077102616, 0.2816327099311513, 0.26553536915484877, 0.2623304425557962, 0.25915098524254554, 0.2586702117282009, 0.2577933858837378, 0.2564074440061238, 0.25566377167199983, 0.2556482788255159, 0.2556454725688151, 0.25564544811713585, 0.2556454418072812, 0.25564543995157074]}, "12": {"maxiter": 500, "gtol": 1e-10, "xrtol": 1e-05, "eps": 1e-05, "duration": 0.03323507308959961, "fun": "0.25564544023023916", "jac": "[ 6.12151441e-06 -1.31886724e-06  3.91253696e-07  5.89306381e-08\n -2.43159937e-06 -8.93529695e-07]", "hess_inv": "[[ 2.02409576  0.69240432 -0.18301059  0.73942704 -0.19496885 -0.28247368]\n [ 0.69240432  2.25304905 -0.14421137 -0.16475472  0.83553825  0.68870179]\n [-0.18301059 -0.14421137  3.68162707  0.27271713  2.22717229  2.26030897]\n [ 0.73942704 -0.16475472  0.27271713  3.20484907  0.83206331  0.33503893]\n [-0.19496885  0.83553825  2.22717229  0.83206331  6.89962364  6.01222623]\n [-0.28247368  0.68870179  2.26030897  0.33503893  6.01222623  7.98637805]]", "nfev": "140", "njev": "20", "status": "0", "success": "True", "message": "Optimization terminated successfully.", "x": "[1.40996248 7.23379844 3.4888416  3.8406171  4.00632915 5.83670236]", "nit": "15", "callback": [0.32598480759835147, 0.3087310905535898, 0.28163430945921686, 0.2655363261206021, 0.2623311952477586, 0.2591514187337586, 0.2586707346594661, 0.25779399262158764, 0.2564076505699344, 0.2556637449779404, 0.25564827738764473, 0.2556454683177305, 0.25564544796061006, 0.25564544166579584, 0.25564544023023916]}, "13": {"maxiter": 500, "gtol": 1e-10, "xrtol": 1e-05, "eps": 1e-10, "duration": 0.03324007987976074, "fun": "0.25564543995157074", "jac": "[ 6.66133760e-06  2.22044587e-06 -1.11022293e-06 -3.33066880e-06\n  1.11022293e-06  1.11022293e-06]", "hess_inv": "[[ 2.07676878  0.66179384 -0.07720737  0.75090889 -0.35950159 -0.42091826]\n [ 0.66179384  2.24116321 -0.12979747 -0.2166458   0.79514023  0.64555913]\n [-0.07720737 -0.12979747  3.77166694  0.43159252  2.39895531  2.41750844]\n [ 0.75090889 -0.2166458   0.43159252  3.14644366  0.60060158  0.11111683]\n [-0.35950159  0.79514023  2.39895531  0.60060158  6.86600271  5.90809677]\n [-0.42091826  0.64555913  2.41750844  0.11111683  5.90809677  7.83894574]]", "nfev": "140", "njev": "20", "status": "0", "success": "True", "message": "Optimization terminated successfully.", "x": "[1.40995505 7.23381502 3.48886739 3.84061728 4.00639825 5.83677386]", "nit": "15", "callback": [0.3259829163528398, 0.30872911077102616, 0.2816327099311513, 0.26553536915484877, 0.2623304425557962, 0.25915098524254554, 0.2586702117282009, 0.2577933858837378, 0.2564074440061238, 0.25566377167199983, 0.2556482788255159, 0.2556454725688151, 0.25564544811713585, 0.2556454418072812, 0.25564543995157074]}, "14": {"maxiter": 500, "gtol": 1e-10, "xrtol": 1e-10, "eps": 1e-05, "duration": 0.0852499008178711, "fun": "0.2556454399946235", "jac": "[ 1.70385928e-07 -3.15836246e-07  8.67528271e-08 -1.99817940e-07\n  3.39950290e-07 -9.93316540e-08]", "hess_inv": "[[ 3.0181773  -0.14550388 -0.29564134  0.48757082 -0.30725062 -0.97730362]\n [-0.14550388  3.16540999 -0.02596594  0.19623725  0.54575159  1.03403976]\n [-0.29564134 -0.02596594  2.99052798  0.22796685  1.57785391  1.79896413]\n [ 0.48757082  0.19623725  0.22796685  3.3457839   0.48522099  0.25563235]\n [-0.30725062  0.54575159  1.57785391  0.4