{"date": "2024/09/24/, 21:08:18", "conf_id": 50, "data_type": "random\n", "num_data_points": 3, "s_rank": 0, "unitary": "[[-0.45070455-0.02711853j,0.78437395-0.06613086j,0.06358678+0.19963393j,-0.07343613+0.35668523j],[-0.01890143-0.03813363j,0.32408202+0.25557629j,0.05872864-0.68979805j,0.55466693-0.20227297j],[-0.11215405+0.64023111j,-0.13344055+0.29565494j,-0.49012687-0.19046288j,-0.04241254+0.44046348j],[0.55771659+0.24656916j,0.31851997-0.05798805j,0.28761525-0.34294258j,-0.56718418+0.03616933j]]", "databatch_0": {"databatch": "[[[0.17169138+0.0032253j,-0.21125431-0.13231515j,-0.10757787+0.27244574j,-0.39299202+0.02197387j],[0.4298209+0.04391027j,0.18346149-0.19765001j,0.19383095-0.06972737j,0.14518632+0.01659745j],[0.10108983-0.18415601j,-0.09137902+0.12640409j,0.10494116+0.10337539j,0.24102169-0.08713682j],[-0.06367861+0.15721196j,0.1665488+0.05934726j,0.05269729-0.15551918j,0.2667977+0.17448947j]],[[0.20286344+0.08471483j,-0.01658492+0.02100048j,-0.14862499+0.11365928j,0.22501839+0.20174769j],[-0.07884111+0.05260706j,0.0489256+0.34598758j,-0.27275408-0.12674328j,-0.31180655-0.1156763j],[0.10270647+0.12847758j,0.19705939-0.07315132j,-0.17624371+0.07297107j,0.12127104+0.07569555j],[0.30552451+0.06560561j,-0.2919602+0.15649027j,-0.3383254+0.0033148j,0.16706486-0.12098036j]],[[-0.14948022-0.11613755j,0.08250564+0.13472076j,-0.08640891+0.14668822j,0.2989034+0.21575955j],[0.01379574-0.06829535j,-0.12381217+0.30496695j,-0.04862966+0.23564996j,-0.38347211-0.10808747j],[0.51799676-0.18973918j,0.03774041-0.06326495j,0.11516927+0.10797122j,0.15672152-0.01783334j],[0.21673172+0.06754172j,-0.06118646-0.02319229j,-0.0726866-0.04393183j,-0.07991108+0.12469169j]]]", "initial param values": "[0.49637235,1.08911332,3.27100187,1.15731998,5.2335883,3.48839451]", "nelder_mead": {"type": "gradient-free", "0": {"maxiter": 100, "fatol": 1e-05, "xatol": 1e-05, "duration": 0.04013371467590332, "fun": "0.6037849256652559", "nit": "100", "nfev": "155", "status": "2", "success": "False", "message": "Maximum number of iterations has been exceeded.", "x": "[0.62767723 0.4951855  3.53144309 2.63616063 4.14210438 1.36278265]", "final_simplex": "(array([[0.62767723, 0.4951855 , 3.53144309, 2.63616063, 4.14210438,\n        1.36278265],\n       [0.57346164, 0.51497819, 3.49442931, 2.57822395, 4.31825003,\n        1.6130951 ],\n       [0.58204558, 0.56525331, 3.44131429, 2.48760414, 4.38328409,\n        1.66412598],\n       [0.60274936, 0.47949264, 3.47736392, 2.59950938, 4.22800834,\n        1.50929232],\n       [0.57346831, 0.50713428, 3.53499707, 2.55615812, 4.35305853,\n        1.61947748],\n       [0.60872368, 0.49550699, 3.51665786, 2.51660594, 4.31565017,\n        1.63904408],\n       [0.59302575, 0.521571  , 3.39664341, 2.47811758, 4.48486923,\n        1.70671312]]), array([0.60378493, 0.6040953 , 0.60487952, 0.60520309, 0.6054046 ,\n       0.60549473, 0.60550278]))", "callback": [0.7630001426792699, 0.708085144776984, 0.6853063083593575, 0.6745595303841481, 0.654943676843444, 0.6241614493876335, 0.6104455642527826, 0.6097160190680997, 0.6077554384221739, 0.6058320205549106]}, "1": {"maxiter": 100, "fatol": 1e-05, "xatol": 1e-10, "duration": 0.03913688659667969, "fun": "0.6037849256652559", "nit": "100", "nfev": "155", "status": "2", "success": "False", "message": "Maximum number of iterations has been exceeded.", "x": "[0.62767723 0.4951855  3.53144309 2.63616063 4.14210438 1.36278265]", "final_simplex": "(array([[0.62767723, 0.4951855 , 3.53144309, 2.63616063, 4.14210438,\n        1.36278265],\n       [0.57346164, 0.51497819, 3.49442931, 2.57822395, 4.31825003,\n        1.6130951 ],\n       [0.58204558, 0.56525331, 3.44131429, 2.48760414, 4.38328409,\n        1.66412598],\n       [0.60274936, 0.47949264, 3.47736392, 2.59950938, 4.22800834,\n        1.50929232],\n       [0.57346831, 0.50713428, 3.53499707, 2.55615812, 4.35305853,\n        1.61947748],\n       [0.60872368, 0.49550699, 3.51665786, 2.51660594, 4.31565017,\n        1.63904408],\n       [0.59302575, 0.521571  , 3.39664341, 2.47811758, 4.48486923,\n        1.70671312]]), array([0.60378493, 0.6040953 , 0.60487952, 0.60520309, 0.6054046 ,\n       0.60549473, 0.60550278]))", "callback": [0.7630001426792699, 0.708085144776984, 0.6853063083593575, 0.6745595303841481, 0.654943676843444, 0.6241614493876335, 0.6104455642527826, 0.6097160190680997, 0.6077554384221739, 0.6058320205549106]}, "2": {"maxiter": 100, "fatol": 1e-10, "xatol": 1e-05, "duration": 0.038779258728027344, "fun": "0.6037849256652559", "nit": "100", "nfev": "155", "status": "2", "success": "False", "message": "Maximum number of iterations has been exceeded.", "x": "[0.62767723 0.4951855  3.53144309 2.63616063 4.14210438 1.36278265]", "final_simplex": "(array([[0.62767723, 0.4951855 , 3.53144309, 2.63616063, 4.14210438,\n        1.36278265],\n       [0.57346164, 0.51497819, 3.49442931, 2.57822395, 4.31825003,\n        1.6130951 ],\n       [0.58204558, 0.56525331, 3.44131429, 2.48760414, 4.38328409,\n        1.66412598],\n       [0.60274936, 0.47949264, 3.47736392, 2.59950938, 4.22800834,\n        1.50929232],\n       [0.57346831, 0.50713428, 3.53499707, 2.55615812, 4.35305853,\n        1.61947748],\n       [0.60872368, 0.49550699, 3.51665786, 2.51660594, 4.31565017,\n        1.63904408],\n       [0.59302575, 0.521571  , 3.39664341, 2.47811758, 4.48486923,\n        1.70671312]]), array([0.60378493, 0.6040953 , 0.60487952, 0.60520309, 0.6054046 ,\n       0.60549473, 0.60550278]))", "callback": [0.7630001426792699, 0.708085144776984, 0.6853063083593575, 0.6745595303841481, 0.654943676843444, 0.6241614493876335, 0.6104455642527826, 0.6097160190680997, 0.6077554384221739, 0.6058320205549106]}, "3": {"maxiter": 100, "fatol": 1e-10, "xatol": 1e-10, "duration": 0.042649030685424805, "fun": "0.6037849256652559", "nit": "100", "nfev": "155", "status": "2", "success": "False", "message": "Maximum number of iterations has been exceeded.", "x": "[0.62767723 0.4951855  3.53144309 2.63616063 4.14210438 1.36278265]", "final_simplex": "(array([[0.62767723, 0.4951855 , 3.53144309, 2.63616063, 4.14210438,\n        1.36278265],\n       [0.57346164, 0.51497819, 3.49442931, 2.57822395, 4.31825003,\n        1.6130951 ],\n       [0.58204558, 0.56525331, 3.44131429, 2.48760414, 4.38328409,\n        1.66412598],\n       [0.60274936, 0.47949264, 3.47736392, 2.59950938, 4.22800834,\n        1.50929232],\n       [0.57346831, 0.50713428, 3.53499707, 2.55615812, 4.35305853,\n        1.61947748],\n       [0.60872368, 0.49550699, 3.51665786, 2.51660594, 4.31565017,\n        1.63904408],\n       [0.59302575, 0.521571  , 3.39664341, 2.47811758, 4.48486923,\n        1.70671312]]), array([0.60378493, 0.6040953 , 0.60487952, 0.60520309, 0.6054046 ,\n       0.60549473, 0.60550278]))", "callback": [0.7630001426792699, 0.708085144776984, 0.6853063083593575, 0.6745595303841481, 0.654943676843444, 0.6241614493876335, 0.6104455642527826, 0.6097160190680997, 0.6077554384221739, 0.6058320205549106]}, "4": {"maxiter": 500, "fatol": 1e-05, "xatol": 1e-05, "duration": 0.2103259563446045, "fun": "0.5373983814824701", "nit": "500", "nfev": "754", "status": "2", "success": "False", "message": "Maximum number of iterations has been exceeded.", "x": "[ 1.10981127  1.11224524  3.1248222   3.54070069  1.95445966 -0.86437626]", "final_simplex": "(array([[ 1.10981127,  1.11224524,  3.1248222 ,  3.54070069,  1.95445966,\n        -0.86437626],\n       [ 1.10981142,  1.11225421,  3.12483553,  3.54069967,  1.95444192,\n        -0.864379  ],\n       [ 1.10982585,  1.11225199,  3.12482541,  3.54068767,  1.95442972,\n        -0.86439273],\n       [ 1.10980429,  1.1122482 ,  3.12482333,  3.54068669,  1.95444516,\n        -0.86436653],\n       [ 1.10982702,  1.11222948,  3.12484864,  3.54070804,  1.95444502,\n        -0.86438323],\n       [ 1.10980918,  1.11225494,  3.12481998,  3.54070304,  1.95444694,\n        -0.86437388],\n       [ 1.10981578,  1.11223992,  3.12482064,  3.54070657,  1.95440609,\n        -0.86442392]]), array([0.53739838, 0.53739838, 0.53739838, 0.53739838, 0.53739838,\n       0.53739838, 0.53739838]))", "callback": [0.7630001426792699, 0.708085144776984, 0.6853063083593575, 0.6745595303841481, 0.654943676843444, 0.6241614493876335, 0.6104455642527826, 0.6097160190680997, 0.6077554384221739, 0.6058320205549106, 0.6036407257875682, 0.5955447233989719, 0.5488969236632808, 0.544405398083891, 0.5439267336548883, 0.5425267637282625, 0.5416525890535797, 0.541411916643785, 0.5411305972457732, 0.5409742247193983, 0.5408998449868625, 0.5408526185879019, 0.5408215791773361, 0.5407819859321454, 0.5406720714715962, 0.540579989164506, 0.5402218167835382, 0.5391939723656403, 0.5376495262526366, 0.5374904580877009, 0.537438214133783, 0.5374262751916803, 0.5374233665186472, 0.5374190501569716, 0.5374089004324125, 0.5374053209027032, 0.5374019428790169, 0.5373995807673637, 0.5373990788343812, 0.5373985563718209, 0.5373985148429101, 0.5373984599147237, 0.5373984162442327, 0.5373983969335434, 0.537398386679445, 0.5373983844111603, 0.5373983840873249, 0.537398382595782, 0.5373983816599466, 0.5373983815286301]}, "5": {"maxiter": 500, "fatol": 1e-05, "xatol": 1e-10, "duration": 0.19634771347045898, "fun": "0.5373983814824701", "nit": "500", "nfev": "754", "status": "2", "success": "False", "message": "Maximum number of iterations has been exceeded.", "x": "[ 1.10981127  1.11224524  3.1248222   3.54070069  1.95445966 -0.86437626]", "final_simplex": "(array([[ 1.10981127,  1.11224524,  3.1248222 ,  3.54070069,  1.95445966,\n        -0.86437626],\n       [ 1.10981142,  1.11225421,  3.12483553,  3.54069967,  1.95444192,\n        -0.864379  ],\n       [ 1.10982585,  1.11225199,  3.12482541,  3.54068767,  1.95442972,\n        -0.86439273],\n       [ 1.10980429,  1.1122482 ,  3.12482333,  3.54068669,  1.95444516,\n        -0.86436653],\n       [ 1.10982702,  1.11222948,  3.12484864,  3.54070804,  1.95444502,\n        -0.86438323],\n       [ 1.10980918,  1.11225494,  3.12481998,  3.54070304,  1.95444694,\n        -0.86437388],\n       [ 1.10981578,  1.11223992,  3.12482064,  3.54070657,  1.95440609,\n        -0.86442392]]), array([0.53739838, 0.53739838, 0.53739838, 0.53739838, 0.53739838,\n       0.53739838, 0.53739838]))", "callback": [0.7630001426792699, 0.708085144776984, 0.6853063083593575, 0.6745595303841481, 0.654943676843444, 0.6241614493876335, 0.6104455642527826, 0.6097160190680997, 0.6077554384221739, 0.6058320205549106, 0.6036407257875682, 0.5955447233989719, 0.5488969236632808, 0.544405398083891, 0.5439267336548883, 0.5425267637282625, 0.5416525890535797, 0.541411916643785, 0.5411305972457732, 0.5409742247193983, 0.5408998449868625, 0.5408526185879019, 0.5408215791773361, 0.5407819859321454, 0.5406720714715962, 0.540579989164506, 0.5402218167835382, 0.5391939723656403, 0.5376495262526366, 0.5374904580877009, 0.537438214133783, 0.5374262751916803, 0.5374233665186472, 0.5374190501569716, 0.5374089004324125, 0.5374053209027032, 0.5374019428790169, 0.5373995807673637, 0.5373990788343812, 0.5373985563718209, 0.5373985148429101, 0.5373984599147237, 0.5373984162442327, 0.5373983969335434, 0.537398386679445, 0.5373983844111603, 0.5373983840873249, 0.537398382595782, 0.5373983816599466, 0.5373983815286301]}, "6": {"maxiter": 500, "fatol": 1e-10, "xatol": 1e-05, "duration": 0.22405409812927246, "fun": "0.5373983814824701", "nit": "500", "nfev": "754", "status": "2", "success": "False", "message": "Maximum number of iterations has been exceeded.", "x": "[ 1.10981127  1.11224524  3.1248222   3.54070069  1.95445966 -0.86437626]", "final_simplex": "(array([[ 1.10981127,  1.11224524,  3.1248222 ,  3.54070069,  1.95445966,\n        -0.86437626],\n       [ 1.10981142,  1.11225421,  3.12483553,  3.54069967,  1.95444192,\n        -0.864379  ],\n       [ 1.10982585,  1.11225199,  3.12482541,  3.54068767,  1.95442972,\n        -0.86439273],\n       [ 1.10980429,  1.1122482 ,  3.12482333,  3.54068669,  1.95444516,\n        -0.86436653],\n       [ 1.10982702,  1.11222948,  3.12484864,  3.54070804,  1.95444502,\n        -0.86438323],\n       [ 1.10980918,  1.11225494,  3.12481998,  3.54070304,  1.95444694,\n        -0.86437388],\n       [ 1.10981578,  1.11223992,  3.12482064,  3.54070657,  1.95440609,\n        -0.86442392]]), array([0.53739838, 0.53739838, 0.53739838, 0.53739838, 0.53739838,\n       0.53739838, 0.53739838]))", "callback": [0.7630001426792699, 0.708085144776984, 0.6853063083593575, 0.6745595303841481, 0.654943676843444, 0.6241614493876335, 0.6104455642527826, 0.6097160190680997, 0.6077554384221739, 0.6058320205549106, 0.6036407257875682, 0.5955447233989719, 0.5488969236632808, 0.544405398083891, 0.5439267336548883, 0.5425267637282625, 0.5416525890535797, 0.541411916643785, 0.5411305972457732, 0.5409742247193983, 0.5408998449868625, 0.5408526185879019, 0.5408215791773361, 0.5407819859321454, 0.5406720714715962, 0.540579989164506, 0.5402218167835382, 0.5391939723656403, 0.5376495262526366, 0.5374904580877009, 0.537438214133783, 0.5374262751916803, 0.5374233665186472, 0.5374190501569716, 0.5374089004324125, 0.5374053209027032, 0.5374019428790169, 0.5373995807673637, 0.5373990788343812, 0.5373985563718209, 0.5373985148429101, 0.5373984599147237, 0.5373984162442327, 0.5373983969335434, 0.537398386679445, 0.5373983844111603, 0.5373983840873249, 0.537398382595782, 0.5373983816599466, 0.5373983815286301]}, "7": {"maxiter": 500, "fatol": 1e-10, "xatol": 1e-10, "duration": 0.17231202125549316, "fun": "0.5373983814824701", "nit": "500", "nfev": "754", "status": "2", "success": "False", "message": "Maximum number of iterations has been exceeded.", "x": "[ 1.10981127  1.11224524  3.1248222   3.54070069  1.95445966 -0.86437626]", "final_simplex": "(array([[ 1.10981127,  1.11224524,  3.1248222 ,  3.54070069,  1.95445966,\n        -0.86437626],\n       [ 1.10981142,  1.11225421,  3.12483553,  3.54069967,  1.95444192,\n        -0.864379  ],\n       [ 1.10982585,  1.11225199,  3.12482541,  3.54068767,  1.95442972,\n        -0.86439273],\n       [ 1.10980429,  1.1122482 ,  3.12482333,  3.54068669,  1.95444516,\n        -0.86436653],\n       [ 1.10982702,  1.11222948,  3.12484864,  3.54070804,  1.95444502,\n        -0.86438323],\n       [ 1.10980918,  1.11225494,  3.12481998,  3.54070304,  1.95444694,\n        -0.86437388],\n       [ 1.10981578,  1.11223992,  3.12482064,  3.54070657,  1.95440609,\n        -0.86442392]]), array([0.53739838, 0.53739838, 0.53739838, 0.53739838, 0.53739838,\n       0.53739838, 0.53739838]))", "callback": [0.7630001426792699, 0.708085144776984, 0.6853063083593575, 0.6745595303841481, 0.654943676843444, 0.6241614493876335, 0.6104455642527826, 0.6097160190680997, 0.6077554384221739, 0.6058320205549106, 0.6036407257875682, 0.5955447233989719, 0.5488969236632808, 0.544405398083891, 0.5439267336548883, 0.5425267637282625, 0.5416525890535797, 0.541411916643785, 0.5411305972457732, 0.5409742247193983, 0.5408998449868625, 0.5408526185879019, 0.5408215791773361, 0.5407819859321454, 0.5406720714715962, 0.540579989164506, 0.5402218167835382, 0.5391939723656403, 0.5376495262526366, 0.5374904580877009, 0.537438214133783, 0.5374262751916803, 0.5374233665186472, 0.5374190501569716, 0.5374089004324125, 0.5374053209027032, 0.5374019428790169, 0.5373995807673637, 0.5373990788343812, 0.5373985563718209, 0.5373985148429101, 0.5373984599147237, 0.5373984162442327, 0.5373983969335434, 0.537398386679445, 0.5373983844111603, 0.5373983840873249, 0.537398382595782, 0.5373983816599466, 0.5373983815286301]}, "8": {"maxiter": 1000, "fatol": 1e-05, "xatol": 1e-05, "duration": 0.2028961181640625, "fun": "0.537398381419423", "nit": "541", "nfev": "817", "status": "0", "success": "True", "message": "Optimization terminated successfully.", "x": "[ 1.10980691  1.11224927  3.12483794  3.54068536  1.95443825 -0.86440056]", "final_simplex": "(array([[ 1.10980691,  1.11224927,  3.12483794,  3.54068536,  1.95443825,\n        -0.86440056],\n       [ 1.10980772,  1.11225129,  3.12483625,  3.54068464,  1.95444456,\n        -0.86439237],\n       [ 1.1098068 ,  1.11224976,  3.12483896,  3.54068248,  1.95444554,\n        -0.86439157],\n       [ 1.10981001,  1.11225014,  3.12484048,  3.54068331,  1.95443673,\n        -0.86440114],\n       [ 1.10980567,  1.11224594,  3.12483801,  3.54068383,  1.95444181,\n        -0.86439267],\n       [ 1.10981085,  1.11224704,  3.12484086,  3.54068726,  1.95444415,\n        -0.86439422],\n       [ 1.10980676,  1.11225084,  3.12484063,  3.54068454,  1.95444005,\n        -0.8643942 ]]), array([0.53739838, 0.53739838, 0.53739838, 0.53739838, 0.53739838,\n       0.53739838, 0.53739838]))", "callback": [0.7630001426792699, 0.708085144776984, 0.6853063083593575, 0.6745595303841481, 0.654943676843444, 0.6241614493876335, 0.6104455642527826, 0.6097160190680997, 0.6077554384221739, 0.6058320205549106, 0.6036407257875682, 0.5955447233989719, 0.5488969236632808, 0.544405398083891, 0.5439267336548883, 0.5425267637282625, 0.5416525890535797, 0.541411916643785, 0.5411305972457732, 0.5409742247193983, 0.5408998449868625, 0.5408526185879019, 0.5408215791773361, 0.5407819859321454, 0.5406720714715962, 0.540579989164506, 0.5402218167835382, 0.5391939723656403, 0.5376495262526366, 0.5374904580877009, 0.537438214133783, 0.5374262751916803, 0.5374233665186472, 0.5374190501569716, 0.5374089004324125, 0.5374053209027032, 0.5374019428790169, 0.5373995807673637, 0.5373990788343812, 0.5373985563718209, 0.5373985148429101, 0.5373984599147237, 0.5373984162442327, 0.5373983969335434, 0.537398386679445, 0.5373983844111603, 0.5373983840873249, 0.537398382595782, 0.5373983816599466, 0.5373983815286301, 0.5373983814729282, 0.537398381444554, 0.5373983814297387, 0.537398381421208, 0.537398381419423]}, "9": {"maxiter": 1000, "fatol": 1e-05, "xatol": 1e-10, "duration": 0.24339675903320312, "fun": "0.537398381418351", "nit": "631", "nfev": "1029", "status": "0", "success": "True", "message": "Optimization terminated successfully.", "x": "[ 1.10980792  1.11224896  3.12483653  3.54068306  1.95443706 -0.86440074]", "final_simplex": "(array([[ 1.10980792,  1.11224896,  3.12483653,  3.54068306,  1.95443706,\n        -0.86440074],\n       [ 1.10980792,  1.11224896,  3.12483653,  3.54068306,  1.95443706,\n        -0.86440074],\n       [ 1.10980792,  1.11224896,  3.12483653,  3.54068306,  1.95443706,\n        -0.86440074],\n       [ 1.10980792,  1.11224896,  3.12483653,  3.54068306,  1.95443706,\n        -0.86440074],\n       [ 1.10980792,  1.11224896,  3.12483653,  3.54068306,  1.95443706,\n        -0.86440074],\n       [ 1.10980792,  1.11224896,  3.12483653,  3.54068306,  1.95443706,\n        -0.86440074],\n       [ 1.10980792,  1.11224896,  3.12483653,  3.54068306,  1.95443706,\n        -0.86440074]]), array([0.53739838, 0.53739838, 0.53739838, 0.53739838, 0.53739838,\n       0.53739838, 0.53739838]))", "callback": [0.7630001426792699, 0.708085144776984, 0.6853063083593575, 0.6745595303841481, 0.654943676843444, 0.6241614493876335, 0.6104455642527826, 0.6097160190680997, 0.6077554384221739, 0.6058320205549106, 0.6036407257875682, 0.5955447233989719, 0.5488969236632808, 0.544405398083891, 0.5439267336548883, 0.5425267637282625, 0.5416525890535797, 0.541411916643785, 0.5411305972457732, 0.5409742247193983, 0.5408998449868625, 0.5408526185879019, 0.5408215791773361, 0.5407819859321454, 0.5406720714715962, 0.540579989164506, 0.5402218167835382, 0.5391939723656403, 0.5376495262526366, 0.5374904580877009, 0.537438214133783, 0.5374262751916803, 0.5374233665186472, 0.5374190501569716, 0.5374089004324125, 0.5374053209027032, 0.5374019428790169, 0.5373995807673637, 0.5373990788343812, 0.5373985563718209, 0.5373985148429101, 0.5373984599147237, 0.5373984162442327, 0.5373983969335434, 0.537398386679445, 0.5373983844111603, 0.5373983840873249, 0.537398382595782, 0.5373983816599466, 0.5373983815286301, 0.5373983814729282, 0.537398381444554, 0.5373983814297387, 0.537398381421208, 0.537398381419423, 0.5373983814186858, 0.5373983814183998, 0.5373983814183629, 0.5373983814183529, 0.5373983814183523, 0.5373983814183514, 0.537398381418351, 0.537398381418351, 0.537398381418351]}, "10": {"maxiter": 1000, "fatol": 1e-10, "xatol": 1e-05, "duration": 0.1873149871826172, "fun": "0.537398381419423", "nit": "541", "nfev": "817", "status": "0", "success": "True", "message": "Optimization terminated successfully.", "x": "[ 1.10980691  1.11224927  3.12483794  3.54068536  1.95443825 -0.86440056]", "final_simplex": "(array([[ 1.10980691,  1.11224927,  3.12483794,  3.54068536,  1.95443825,\n        -0.86440056],\n       [ 1.10980772,  1.11225129,  3.12483625,  3.54068464,  1.95444456,\n        -0.86439237],\n       [ 1.1098068 ,  1.11224976,  3.12483896,  3.54068248,  1.95444554,\n        -0.86439157],\n       [ 1.10981001,  1.11225014,  3.12484048,  3.54068331,  1.95443673,\n        -0.86440114],\n       [ 1.10980567,  1.11224594,  3.12483801,  3.54068383,  1.95444181,\n        -0.86439267],\n       [ 1.10981085,  1.11224704,  3.12484086,  3.54068726,  1.95444415,\n        -0.86439422],\n       [ 1.10980676,  1.11225084,  3.12484063,  3.54068454,  1.95444005,\n        -0.8643942 ]]), array([0.53739838, 0.53739838, 0.53739838, 0.53739838, 0.53739838,\n       0.53739838, 0.53739838]))", "callback": [0.7630001426792699, 0.708085144776984, 0.6853063083593575, 0.6745595303841481, 0.654943676843444, 0.6241614493876335, 0.6104455642527826, 0.6097160190680997, 0.6077554384221739, 0.6058320205549106, 0.6036407257875682, 0.5955447233989719, 0.5488969236632808, 0.544405398083891, 0.5439267336548883, 0.5425267637282625, 0.5416525890535797, 0.541411916643785, 0.5411305972457732, 0.5409742247193983, 0.5408998449868625, 0.5408526185879019, 0.5408215791773361, 0.5407819859321454, 0.5406720714715962, 0.540579989164506, 0.5402218167835382, 0.5391939723656403, 0.5376495262526366, 0.5374904580877009, 0.537438214133783, 0.5374262751916803, 0.5374233665186472, 0.5374190501569716, 0.5374089004324125, 0.5374053209027032, 0.5374019428790169, 0.5373995807673637, 0.5373990788343812, 0.5373985563718209, 0.5373985148429101, 0.5373984599147237, 0.5373984162442327, 0.5373983969335434, 0.537398386679445, 0.5373983844111603, 0.5373983840873249, 0.537398382595782, 0.5373983816599466, 0.5373983815286301, 0.5373983814729282, 0.537398381444554, 0.5373983814297387, 0.537398381421208, 0.537398381419423]}, "11": {"maxiter": 1000, "fatol": 1e-10, "xatol": 1e-10, "duration": 0.2318589687347412, "fun": "0.537398381418351", "nit": "631", "nfev": "1029", "status": "0", "success": "True", "message": "Optimization terminated successfully.", "x": "[ 1.10980792  1.11224896  3.12483653  3.54068306  1.95443706 -0.86440074]", "final_simplex": "(array([[ 1.10980792,  1.11224896,  3.12483653,  3.54068306,  1.95443706,\n        -0.86440074],\n       [ 1.10980792,  1.11224896,  3.12483653,  3.54068306,  1.95443706,\n        -0.86440074],\n       [ 1.10980792,  1.11224896,  3.12483653,  3.54068306,  1.95443706,\n        -0.86440074],\n       [ 1.10980792,  1.11224896,  3.12483653,  3.54068306,  1.95443706,\n        -0.86440074],\n       [ 1.10980792,  1.11224896,  3.12483653,  3.54068306,  1.95443706,\n        -0.86440074],\n       [ 1.10980792,  1.11224896,  3.12483653,  3.54068306,  1.95443706,\n        -0.86440074],\n       [ 1.10980792,  1.11224896,  3.12483653,  3.54068306,  1.95443706,\n        -0.86440074]]), array([0.53739838, 0.53739838, 0.53739838, 0.53739838, 0.53739838,\n       0.53739838, 0.53739838]))", "callback": [0.7630001426792699, 0.708085144776984, 0.6853063083593575, 0.6745595303841481, 0.654943676843444, 0.6241614493876335, 0.6104455642527826, 0.6097160190680997, 0.6077554384221739, 0.6058320205549106, 0.6036407257875682, 0.5955447233989719, 0.5488969236632808, 0.544405398083891, 0.5439267336548883, 0.5425267637282625, 0.5416525890535797, 0.541411916643785, 0.5411305972457732, 0.5409742247193983, 0.5408998449868625, 0.5408526185879019, 0.5408215791773361, 0.5407819859321454, 0.5406720714715962, 0.540579989164506, 0.5402218167835382, 0.5391939723656403, 0.5376495262526366, 0.5374904580877009, 0.537438214133783, 0.5374262751916803, 0.5374233665186472, 0.5374190501569716, 0.5374089004324125, 0.5374053209027032, 0.5374019428790169, 0.5373995807673637, 0.5373990788343812, 0.5373985563718209, 0.5373985148429101, 0.5373984599147237, 0.5373984162442327, 0.5373983969335434, 0.537398386679445, 0.5373983844111603, 0.5373983840873249, 0.537398382595782, 0.5373983816599466, 0.5373983815286301, 0.5373983814729282, 0.537398381444554, 0.5373983814297387, 0.537398381421208, 0.537398381419423, 0.5373983814186858, 0.5373983814183998, 0.5373983814183629, 0.5373983814183529, 0.5373983814183523, 0.5373983814183514, 0.537398381418351, 0.537398381418351, 0.537398381418351]}}, "bfgs": {"type": "gradient", "0": {"maxiter": 100, "gtol": 1e-05, "xrtol": 1e-05, "eps": 1e-05, "duration": 0.04176473617553711, "fun": "0.5373983814632246", "jac": "[-4.73399098e-07  5.32240918e-07  9.80815429e-07 -1.87561078e-06\n  5.62994096e-07  4.55080418e-07]", "hess_inv": "[[ 4.43374104 -0.09067254 -0.1603891  -0.19725573 -1.36286781 -2.72642469]\n [-0.09067254  6.0274023  -2.53930679  1.92325512  0.96159058  1.28811678]\n [-0.1603891  -2.53930679  5.92798115 -0.3932668  -0.84806028 -0.68943661]\n [-0.19725573  1.92325512 -0.3932668   6.03421868  0.90322542  1.1233524 ]\n [-1.36286781  0.96159058 -0.84806028  0.90322542 27.57173108 24.93872446]\n [-2.72642469  1.28811678 -0.68943661  1.1233524  24.93872446 27.89763151]]", "nfev": "182", "njev": "26", "status": "0", "success": "True", "message": "Optimization terminated successfully.", "x": "[1.10980574 1.11223906 3.12484148 2.74248604 5.09599946 2.27716089]", "nit": "22", "callback": [0.6721225893407607, 0.589542320509745, 0.5679130267645514, 0.5574913161327089, 0.5477603066732026, 0.5419888694992017, 0.5408567074593256, 0.5395733253714874, 0.5391902887624804, 0.5390090988407665, 0.5388495929472652, 0.5386070989644964, 0.5383583750639869, 0.5381913038527015, 0.5380201052615889, 0.5378226862688991, 0.5375880482094875, 0.5374419386271136, 0.5374009725615596, 0.5373984395148665, 0.5373983823503534, 0.5373983814632246]}, "1": {"maxiter": 100, "gtol": 1e-05, "xrtol": 1e-05, "eps": 1e-10, "duration": 0.04188990592956543, "fun": "0.5373983814782861", "jac": "[2.22044587e-06 4.44089173e-06 2.22044587e-06 0.00000000e+00\n 4.44089173e-06 4.44089173e-06]", "hess_inv": "[[ 4.47109786e+00 -1.59123935e-02 -1.98017908e-01 -2.07481089e-01\n  -1.29562311e+00 -2.66787104e+00]\n [-1.59123935e-02  5.99678472e+00 -2.50136680e+00  1.84698849e+00\n   1.02370768e+00  1.33957403e+00]\n [-1.98017908e-01 -2.50136680e+00  5.88787911e+00 -3.41973448e-01\n  -8.73101632e-01 -7.09019623e-01]\n [-2.07481089e-01  1.84698849e+00 -3.41973448e-01  6.01605014e+00\n   8.53883810e-01  1.08144675e+00]\n [-1.29562311e+00  1.02370768e+00 -8.73101632e-01  8.53883810e-01\n   2.74701148e+01  2.48522739e+01]\n [-2.66787104e+00  1.33957403e+00 -7.09019623e-01  1.08144675e+00\n   2.48522739e+01  2.78264846e+01]]", "nfev": "182", "njev": "26", "status": "0", "success": "True", "message": "Optimization terminated successfully.", "x": "[1.10981303 1.11225207 3.12484189 2.74248736 5.09608041 2.27723632]", "nit": "22", "callback": [0.6721227376745498, 0.5895426539263924, 0.5679139783179421, 0.5574922241140181, 0.547761221389276, 0.5419889714923145, 0.5408569436673865, 0.5395731972936071, 0.5391905364247542, 0.5390092884829105, 0.538849867093232, 0.5386074556896618, 0.538358622519896, 0.5381915199135239, 0.538020338450272, 0.5378227381671346, 0.5375883934018384, 0.5374420055218581, 0.5374009737078418, 0.5373984395971694, 0.5373983824758108, 0.5373983814782861]}, "2": {"maxiter": 100, "gtol": 1e-05, "xrtol": 1e-10, "eps": 1e-05, "duration": 0.04080820083618164, "fun": "0.5373983814632246", "jac": "[-4.73399098e-07  5.32240918e-07  9.80815429e-07 -1.87561078e-06\n  5.62994096e-07  4.55080418e-07]", "hess_inv": "[[ 4.43374104 -0.09067254 -0.1603891  -0.19725573 -1.36286781 -2.72642469]\n [-0.09067254  6.0274023  -2.53930679  1.92325512  0.96159058  1.28811678]\n [-0.1603891  -2.53930679  5.92798115 -0.3932668  -0.84806028 -0.68943661]\n [-0.19725573  1.92325512 -0.3932668   6.03421868  0.90322542  1.1233524 ]\n [-1.36286781  0.96159058 -0.84806028  0.90322542 27.57173108 24.93872446]\n [-2.72642469  1.28811678 -0.68943661  1.1233524  24.93872446 27.89763151]]", "nfev": "182", "njev": "26", "status": "0", "success": "True", "message": "Optimization terminated successfully.", "x": "[1.10980574 1.11223906 3.12484148 2.74248604 5.09599946 2.27716089]", "nit": "22", "callback": [0.6721225893407607, 0.589542320509745, 0.5679130267645514, 0.5574913161327089, 0.5477603066732026, 0.5419888694992017, 0.5408567074593256, 0.5395733253714874, 0.5391902887624804, 0.5390090988407665, 0.5388495929472652, 0.5386070989644964, 0.5383583750639869, 0.5381913038527015, 0.5380201052615889, 0.5378226862688991, 0.5375880482094875, 0.5374419386271136, 0.5374009725615596, 0.5373984395148665, 0.5373983823503534, 0.5373983814632246]}, "3": {"maxiter": 100, "gtol": 1e-05, "xrtol": 1e-10, "eps": 1e-10, "duration": 0.04117703437805176, "fun": "0.5373983814782861", "jac": "[2.22044587e-06 4.44089173e-06 2.22044587e-06 0.00000000e+00\n 4.44089173e-06 4.44089173e-06]", "hess_inv": "[[ 4.47109786e+00 -1.59123935e-02 -1.98017908e-01 -2.07481089e-01\n  -1.29562311e+00 -2.66787104e+00]\n [-1.59123935e-02  5.99678472e+00 -2.50136680e+00  1.84698849e+00\n   1.02370768e+00  1.33957403e+00]\n [-1.98017908e-01 -2.50136680e+00  5.88787911e+00 -3.41973448e-01\n  -8.73101632e-01 -7.09019623e-01]\n [-2.07481089e-01  1.84698849e+00 -3.41973448e-01  6.01605014e+00\n   8.53883810e-01  1.08144675e+00]\n [-1.29562311e+00  1.02370768e+00 -8.73101632e-01  8.53883810e-01\n   2.74701148e+01  2.48522739e+01]\n [-2.66787104e+00  1.33957403e+00 -7.09019623e-01  1.08144675e+00\n   2.48522739e+01  2.78264846e+01]]", "nfev": "182", "njev": "26", "status": "0", "success": "True", "message": "Optimization terminated successfully.", "x": "[1.10981303 1.11225207 3.12484189 2.74248736 5.09608041 2.27723632]", "nit": "22", "callback": [0.6721227376745498, 0.5895426539263924, 0.5679139783179421, 0.5574922241140181, 0.547761221389276, 0.5419889714923145, 0.5408569436673865, 0.5395731972936071, 0.5391905364247542, 0.5390092884829105, 0.538849867093232, 0.5386074556896618, 0.538358622519896, 0.5381915199135239, 0.538020338450272, 0.5378227381671346, 0.5375883934018384, 0.5374420055218581, 0.5374009737078418, 0.5373984395971694, 0.5373983824758108, 0.5373983814782861]}, "4": {"maxiter": 100, "gtol": 1e-10, "xrtol": 1e-05, "eps": 1e-05, "duration": 0.04384803771972656, "fun": "0.5373983814627774", "jac": "[-2.46735965e-07  4.57878180e-07  8.27227176e-07 -1.54469770e-06\n  4.97046848e-07  3.75144360e-07]", "hess_inv": "[[ 4.56418642e+00 -1.59700403e-02 -3.24122451e-01  6.32968466e-02\n  -2.08925151e+00 -3.45693465e+00]\n [-1.59700403e-02  6.02680537e+00 -2.59572733e+00  2.20876861e+00\n   2.59714885e-01  5.59591927e-01]\n [-3.24122451e-01 -2.59572733e+00  6.10134519e+00 -8.37657200e-01\n   3.09826532e-01  4.94538392e-01]\n [ 6.32968466e-02  2.20876861e+00 -8.37657200e-01  6.12635027e+00\n   3.50702315e-01  6.38901135e-01]\n [-2.08925151e+00  2.59714885e-01  3.09826532e-01  3.50702315e-01\n   2.97322660e+01  2.69621675e+01]\n [-3.45693465e+00  5.59591927e-01  4.94538392e-01  6.38901135e-01\n   2.69621675e+01  2.97705157e+01]]", "nfev": "196", "njev": "28", "status": "0", "success": "True", "message": "Optimization terminated successfully.", "x": "[1.10980679 1.11223966 3.12484015 2.74248814 5.0959936  2.277155  ]", "nit": "23", "callback": [0.6721225893407607, 0.589542320509745, 0.5679130267645514, 0.5574913161327089, 0.5477603066732026, 0.5419888694992017, 0.5408567074593256, 0.5395733253714874, 0.5391902887624804, 0.5390090988407665, 0.5388495929472652, 0.5386070989644964, 0.5383583750639869, 0.5381913038527015, 0.5380201052615889, 0.5378226862688991, 0.5375880482094875, 0.5374419386271136, 0.5374009725615596, 0.5373984395148665, 0.5373983823503534, 0.5373983814632246, 0.5373983814627774]}, "5": {"maxiter": 100, "gtol": 1e-10, "xrtol": 1e-05, "eps": 1e-10, "duration": 0.04558205604553223, "fun": "0.5373983814674046", "jac": "[ 2.22044587e-06  2.22044587e-06  2.22044587e-06 -2.22044587e-06\n  0.00000000e+00  0.00000000e+00]", "hess_inv": "[[  7.33238991   0.97896232  -3.29061141  -0.99149406 -13.10356542\n  -13.98915587]\n [  0.97896232   5.66303247  -3.29307527   1.31079111  -7.00224136\n   -6.55066295]\n [ -3.29061141  -3.29307527   9.11214528   0.61540162  13.52510669\n   13.17716821]\n [ -0.99149406   1.31079111   0.61540162   6.1286455    2.56893372\n    2.65015733]\n [-13.10356542  -7.00224136  13.52510669   2.56893372  53.58678968\n   48.76739452]\n [-13.98915587  -6.55066295  13.17716821   2.65015733  48.76739452\n   49.62117212]]", "nfev": "203", "njev": "29", "status": "0", "success": "True", "message": "Optimization terminated successfully.", "x": "[1.10981786 1.11225389 3.12483661 2.74248609 5.09606123 2.27721798]", "nit": "23", "callback": [0.6721227376745498, 0.5895426539263924, 0.5679139783179421, 0.5574922241140181, 0.547761221389276, 0.5419889714923145, 0.5408569436673865, 0.5395731972936071, 0.5391905364247542, 0.5390092884829105, 0.538849867093232, 0.5386074556896618, 0.538358622519896, 0.5381915199135239, 0.538020338450272, 0.5378227381671346, 0.5375883934018384, 0.5374420055218581, 0.5374009737078418, 0.5373984395971694, 0.5373983824758108, 0.5373983814782861, 0.5373983814674046]}, "6": {"maxiter": 100, "gtol": 1e-10, "xrtol": 1e-10, "eps": 1e-05, "duration": 0.09718608856201172, "fun": "0.5373983814627774", "jac": "[-2.46735965e-07  4.57878180e-07  8.27227176e-07 -1.54469770e-06\n  4.97046848e-07  3.75144360e-07]", "hess_inv": "[[ 4.01564979e+00 -1.92092719e-01 -4.32489755e-02 -4.35980614e-01\n  -1.15474966e+00 -2.36495167e+00]\n [-1.92092719e-01  6.00527732e+00 -2.60867480e+00  2.19868028e+00\n   2.50737969e-02  4.11005397e-01]\n [-4.32489755e-02 -2.60867480e+00  6.26122197e+00 -1.02436894e+00\n   1.40587165e+00  1.40543306e+00]\n [-4.35980614e-01  2.19868028e+00 -1.02436894e+00  6.31625281e+00\n  -1.09219985e+00 -5.08427567e-01]\n [-1.15474966e+00  2.50737969e-02  1.40587165e+00 -1.09219985e+00\n   3.63036725e+01  3.27234207e+01]\n [-2.36495167e+00  4.11005397e-01  1.40543306e+00 -5.08427567e-01\n   3.27234207e+01  3.47123712e+01]]", "nfev": "439", "njev": "61", "status": "2", "success": "False", "message": "Desired error not necessarily achieved due to precision loss.", "x": "[1.10980679 1.11223966 3.12484015 2.74248814 5.0959936  2.277155  ]", "nit": "23", "callback": [0.6721225893407607, 0.589542320509745, 0.5679130267645514, 0.5574913161327089, 0.5477603066732026, 0.5419888694992017, 0.5408567074593256, 0.5395733253714874, 0.5391902887624804, 0.5390090988407665, 0.5388495929472652, 0.5386070989644964, 0.5383583750639869, 0.5381913038527015, 0.5380201052615889, 0.5378226862688991, 0.5375880482094875, 0.5374419386271136, 0.5374009725615596, 0.5373984395148665, 0.5373983823503534, 0.5373983814632246, 0.5373983814627774]}, "7": {"maxiter": 100, "gtol": 1e-10, "xrtol": 1e-10, "eps": 1e-10, "duration": 0.05416393280029297, "fun": "0.5373983814362269", "jac": "[0. 0. 0. 0. 0. 0.]", "hess_inv": "[[ 3.94388383e+00 -4.11138289e-01 -1.39478716e+00 -4.04038987e+00\n   4.77918720e-01 -7.74222015e-01]\n [-4.11138289e-01  3.84930604e+00 -2.19988989e+00 -2.64211631e+00\n  -4.31442200e-02 -5.44504647e-01]\n [-1.39478716e+00 -2.19988989e+00  4.26855739e+00  2.55207609e+00\n   5.39598985e-03  1.02007129e+00]\n [-4.04038987e+00 -2.64211631e+00  2.55207609e+00  1.16530341e+01\n  -1.46223349e+00  3.66101043e-01]\n [ 4.77918720e-01 -4.31442200e-02  5.39598985e-03 -1.46223349e+00\n   8.94033711e-01  2.10832198e-01]\n [-7.74222015e-01 -5.44504647e-01  1.02007129e+00  3.66101043e-01\n   2.10832198e-01  3.23971407e+00]]", "nfev": "238", "njev": "34", "status": "0", "success": "True", "message": "Optimization terminated successfully.", "x": "[1.10981205 1.1122548  3.12483112 2.74250688 5.09605439 2.27721518]", "nit": "27", "callback": [0.6721227376745498, 0.5895426539263924, 0.5679139783179421, 0.5574922241140181, 0.547761221389276, 0.5419889714923145, 0.5408569436673865, 0.5395731972936071, 0.5391905364247542, 0.5390092884829105, 0.538849867093232, 0.5386074556896618, 0.538358622519896, 0.5381915199135239, 0.538020338450272, 0.5378227381671346, 0.5375883934018384, 0.5374420055218581, 0.5374009737078418, 0.5373984395971694, 0.5373983824758108, 0.5373983814782861, 0.5373983814674046, 0.5373983814539174, 0.5373983814399528, 0.5373983814376326, 0.5373983814362269]}, "8": {"maxiter": 500, "gtol": 1e-05, "xrtol": 1e-05, "eps": 1e-05, "duration": 0.041647911071777344, "fun": "0.5373983814632246", "jac": "[-4.73399098e-07  5.32240918e-07  9.80815429e-07 -1.87561078e-06\n  5.62994096e-07  4.55080418e-07]", "hess_inv": "[[ 4.43374104 -0.09067254 -0.1603891  -0.19725573 -1.36286781 -2.72642469]\n [-0.09067254  6.0274023  -2.53930679  1.92325512  0.96159058  1.28811678]\n [-0.1603891  -2.53930679  5.92798115 -0.3932668  -0.84806028 -0.68943661]\n [-0.19725573  1.92325512 -0.3932668   6.03421868  0.90322542  1.1233524 ]\n [-1.36286781  0.96159058 -0.84806028  0.90322542 27.57173108 24.93872446]\n [-2.72642469  1.28811678 -0.68943661  1.1233524  24.93872446 27.89763151]]", "nfev": "182", "njev": "26", "status": "0", "success": "True", "message": "Optimization terminated successfully.", "x": "[1.10980574 1.11223906 3.12484148 2.74248604 5.09599946 2.27716089]", "nit": "22", "callback": [0.6721225893407607, 0.589542320509745, 0.5679130267645514, 0.5574913161327089, 0.5477603066732026, 0.5419888694992017, 0.5408567074593256, 0.5395733253714874, 0.5391902887624804, 0.5390090988407665, 0.5388495929472652, 0.5386070989644964, 0.5383583750639869, 0.5381913038527015, 0.5380201052615889, 0.5378226862688991, 0.5375880482094875, 0.5374419386271136, 0.5374009725615596, 0.5373984395148665, 0.5373983823503534, 0.5373983814632246]}, "9": {"maxiter": 500, "gtol": 1e-05, "xrtol": 1e-05, "eps": 1e-10, "duration": 0.04148983955383301, "fun": "0.5373983814782861", "jac": "[2.22044587e-06 4.44089173e-06 2.22044587e-06 0.00000000e+00\n 4.44089173e-06 4.44089173e-06]", "hess_inv": "[[ 4.47109786e+00 -1.59123935e-02 -1.98017908e-01 -2.07481089e-01\n  -1.29562311e+00 -2.66787104e+00]\n [-1.59123935e-02  5.99678472e+00 -2.50136680e+00  1.84698849e+00\n   1.02370768e+00  1.33957403e+00]\n [-1.98017908e-01 -2.50136680e+00  5.88787911e+00 -3.41973448e-01\n  -8.73101632e-01 -7.09019623e-01]\n [-2.07481089e-01  1.84698849e+00 -3.41973448e-01  6.01605014e+00\n   8.53883810e-01  1.08144675e+00]\n [-1.29562311e+00  1.02370768e+00 -8.73101632e-01  8.53883810e-01\n   2.74701148e+01  2.48522739e+01]\n [-2.66787104e+00  1.33957403e+00 -7.09019623e-01  1.08144675e+00\n   2.48522739e+01  2.78264846e+01]]", "nfev": "182", "njev": "26", "status": "0", "success": "True", "message": "Optimization terminated successfully.", "x": "[1.10981303 1.11225207 3.12484189 2.74248736 5.09608041 2.27723632]", "nit": "22", "callback": [0.6721227376745498, 0.5895426539263924, 0.5679139783179421, 0.5574922241140181, 0.547761221389276, 0.5419889714923145, 0.5408569436673865, 0.5395731972936071, 0.5391905364247542, 0.5390092884829105, 0.538849867093232, 0.5386074556896618, 0.538358622519896, 0.5381915199135239, 0.538020338450272, 0.5378227381671346, 0.5375883934018384, 0.5374420055218581, 0.5374009737078418, 0.5373984395971694, 0.5373983824758108, 0.5373983814782861]}, "10": {"maxiter": 500, "gtol": 1e-05, "xrtol": 1e-10, "eps": 1e-05, "duration": 0.04074597358703613, "fun": "0.5373983814632246", "jac": "[-4.73399098e-07  5.32240918e-07  9.80815429e-07 -1.87561078e-06\n  5.62994096e-07  4.55080418e-07]", "hess_inv": "[[ 4.43374104 -0.09067254 -0.1603891  -0.19725573 -1.36286781 -2.72642469]\n [-0.09067254  6.0274023  -2.53930679  1.92325512  0.96159058  1.28811678]\n [-0.1603891  -2.53930679  5.9279811