{"date": "2024/09/24/, 21:33:48", "conf_id": 55, "data_type": "random\n", "num_data_points": 3, "s_rank": 0, "unitary": "[[-0.45070455-0.02711853j,0.78437395-0.06613086j,0.06358678+0.19963393j,-0.07343613+0.35668523j],[-0.01890143-0.03813363j,0.32408202+0.25557629j,0.05872864-0.68979805j,0.55466693-0.20227297j],[-0.11215405+0.64023111j,-0.13344055+0.29565494j,-0.49012687-0.19046288j,-0.04241254+0.44046348j],[0.55771659+0.24656916j,0.31851997-0.05798805j,0.28761525-0.34294258j,-0.56718418+0.03616933j]]", "databatch_0": {"databatch": "[[[0.16591758+0.10359211j,0.12714801-0.33797494j,-0.14755372+0.26512931j,-0.12167902-0.1621587j],[0.01834109+0.01748145j,-0.11227512+0.01807709j,-0.12319391+0.05246243j,0.04973551-0.05886307j],[0.01904323+0.1246023j,0.08682745-0.49699245j,-0.18183156-0.19366382j,0.01782743+0.01559097j],[-0.04832557-0.22724783j,-0.16230789-0.06904318j,0.34761719-0.16062738j,-0.2602866+0.14036941j]],[[0.22772544+0.26089126j,0.35036643+0.09412843j,-0.212952-0.42769885j,-0.33087407-0.02301024j],[-0.17399143+0.05396575j,0.05991071+0.11951773j,0.15717068+0.00167947j,0.111499-0.01124593j],[0.00275837-0.21574226j,-0.06402877-0.24605883j,-0.09049194+0.34426891j,0.06122095+0.13054401j],[0.14149074-0.1197463j,0.07772512-0.06255709j,-0.05221469-0.1089467j,0.02214686+0.0613094j]],[[-0.21691658-0.2570036j,0.14552326-0.24255224j,0.1613657+0.08873902j,-0.00539885+0.07952252j],[0.10181841+0.11730585j,-0.20765469-0.38027328j,-0.13761043+0.15913706j,-0.27881674+0.18243712j],[0.18810853-0.32741386j,-0.17204037+0.0390316j,-0.13879166-0.15982275j,0.13895497-0.15788541j],[0.04000549-0.09099016j,0.27721143+0.10997941j,0.05780773-0.14070064j,-0.07990684+0.09158886j]]]", "initial param values": "[3.43051043,3.55597402,1.95355707,2.18823027,1.78183122,3.92361488]", "nelder_mead": {"type": "gradient-free", "0": {"maxiter": 100, "fatol": 1e-05, "xatol": 1e-05, "duration": 0.03997802734375, "fun": "0.5117655652667392", "nit": "100", "nfev": "161", "status": "2", "success": "False", "message": "Maximum number of iterations has been exceeded.", "x": "[1.6337299  1.35278486 1.40370982 3.09171385 2.24829705 4.44902733]", "final_simplex": "(array([[1.6337299 , 1.35278486, 1.40370982, 3.09171385, 2.24829705,\n        4.44902733],\n       [1.64664469, 1.35500856, 1.4086087 , 3.09581479, 2.24833762,\n        4.4331363 ],\n       [1.62876778, 1.34583209, 1.40528094, 3.09936241, 2.24161848,\n        4.40514514],\n       [1.61599794, 1.35530322, 1.41502728, 3.10679051, 2.2348105 ,\n        4.42392805],\n       [1.6290492 , 1.33942128, 1.4071409 , 3.10592407, 2.24238049,\n        4.43085849],\n       [1.6399339 , 1.35061601, 1.39800422, 3.10280876, 2.24684228,\n        4.43390968],\n       [1.64304118, 1.36816515, 1.41236783, 3.09579945, 2.2410509 ,\n        4.44583866]]), array([0.51176557, 0.51177523, 0.51178379, 0.51180233, 0.51181434,\n       0.51181517, 0.51182669]))", "callback": [0.7602168023434956, 0.6416789402106922, 0.5389093561992322, 0.5341125732832821, 0.5237751930830026, 0.5147634774543195, 0.5138310047631651, 0.5121843639052315, 0.5118795940396199, 0.5118151664293238]}, "1": {"maxiter": 100, "fatol": 1e-05, "xatol": 1e-10, "duration": 0.0378270149230957, "fun": "0.5117655652667392", "nit": "100", "nfev": "161", "status": "2", "success": "False", "message": "Maximum number of iterations has been exceeded.", "x": "[1.6337299  1.35278486 1.40370982 3.09171385 2.24829705 4.44902733]", "final_simplex": "(array([[1.6337299 , 1.35278486, 1.40370982, 3.09171385, 2.24829705,\n        4.44902733],\n       [1.64664469, 1.35500856, 1.4086087 , 3.09581479, 2.24833762,\n        4.4331363 ],\n       [1.62876778, 1.34583209, 1.40528094, 3.09936241, 2.24161848,\n        4.40514514],\n       [1.61599794, 1.35530322, 1.41502728, 3.10679051, 2.2348105 ,\n        4.42392805],\n       [1.6290492 , 1.33942128, 1.4071409 , 3.10592407, 2.24238049,\n        4.43085849],\n       [1.6399339 , 1.35061601, 1.39800422, 3.10280876, 2.24684228,\n        4.43390968],\n       [1.64304118, 1.36816515, 1.41236783, 3.09579945, 2.2410509 ,\n        4.44583866]]), array([0.51176557, 0.51177523, 0.51178379, 0.51180233, 0.51181434,\n       0.51181517, 0.51182669]))", "callback": [0.7602168023434956, 0.6416789402106922, 0.5389093561992322, 0.5341125732832821, 0.5237751930830026, 0.5147634774543195, 0.5138310047631651, 0.5121843639052315, 0.5118795940396199, 0.5118151664293238]}, "2": {"maxiter": 100, "fatol": 1e-10, "xatol": 1e-05, "duration": 0.03674912452697754, "fun": "0.5117655652667392", "nit": "100", "nfev": "161", "status": "2", "success": "False", "message": "Maximum number of iterations has been exceeded.", "x": "[1.6337299  1.35278486 1.40370982 3.09171385 2.24829705 4.44902733]", "final_simplex": "(array([[1.6337299 , 1.35278486, 1.40370982, 3.09171385, 2.24829705,\n        4.44902733],\n       [1.64664469, 1.35500856, 1.4086087 , 3.09581479, 2.24833762,\n        4.4331363 ],\n       [1.62876778, 1.34583209, 1.40528094, 3.09936241, 2.24161848,\n        4.40514514],\n       [1.61599794, 1.35530322, 1.41502728, 3.10679051, 2.2348105 ,\n        4.42392805],\n       [1.6290492 , 1.33942128, 1.4071409 , 3.10592407, 2.24238049,\n        4.43085849],\n       [1.6399339 , 1.35061601, 1.39800422, 3.10280876, 2.24684228,\n        4.43390968],\n       [1.64304118, 1.36816515, 1.41236783, 3.09579945, 2.2410509 ,\n        4.44583866]]), array([0.51176557, 0.51177523, 0.51178379, 0.51180233, 0.51181434,\n       0.51181517, 0.51182669]))", "callback": [0.7602168023434956, 0.6416789402106922, 0.5389093561992322, 0.5341125732832821, 0.5237751930830026, 0.5147634774543195, 0.5138310047631651, 0.5121843639052315, 0.5118795940396199, 0.5118151664293238]}, "3": {"maxiter": 100, "fatol": 1e-10, "xatol": 1e-10, "duration": 0.0367889404296875, "fun": "0.5117655652667392", "nit": "100", "nfev": "161", "status": "2", "success": "False", "message": "Maximum number of iterations has been exceeded.", "x": "[1.6337299  1.35278486 1.40370982 3.09171385 2.24829705 4.44902733]", "final_simplex": "(array([[1.6337299 , 1.35278486, 1.40370982, 3.09171385, 2.24829705,\n        4.44902733],\n       [1.64664469, 1.35500856, 1.4086087 , 3.09581479, 2.24833762,\n        4.4331363 ],\n       [1.62876778, 1.34583209, 1.40528094, 3.09936241, 2.24161848,\n        4.40514514],\n       [1.61599794, 1.35530322, 1.41502728, 3.10679051, 2.2348105 ,\n        4.42392805],\n       [1.6290492 , 1.33942128, 1.4071409 , 3.10592407, 2.24238049,\n        4.43085849],\n       [1.6399339 , 1.35061601, 1.39800422, 3.10280876, 2.24684228,\n        4.43390968],\n       [1.64304118, 1.36816515, 1.41236783, 3.09579945, 2.2410509 ,\n        4.44583866]]), array([0.51176557, 0.51177523, 0.51178379, 0.51180233, 0.51181434,\n       0.51181517, 0.51182669]))", "callback": [0.7602168023434956, 0.6416789402106922, 0.5389093561992322, 0.5341125732832821, 0.5237751930830026, 0.5147634774543195, 0.5138310047631651, 0.5121843639052315, 0.5118795940396199, 0.5118151664293238]}, "4": {"maxiter": 500, "fatol": 1e-05, "xatol": 1e-05, "duration": 0.18303704261779785, "fun": "0.31575668195253037", "nit": "500", "nfev": "771", "status": "2", "success": "False", "message": "Maximum number of iterations has been exceeded.", "x": "[1.40240237 1.26967644 0.82161625 1.7470375  4.12368256 5.20212836]", "final_simplex": "(array([[1.40240237, 1.26967644, 0.82161625, 1.7470375 , 4.12368256,\n        5.20212836],\n       [1.40245201, 1.26973349, 0.82154413, 1.74696855, 4.12364468,\n        5.20210034],\n       [1.40237766, 1.26971903, 0.82152169, 1.74692281, 4.12369045,\n        5.2020948 ],\n       [1.40243052, 1.26974662, 0.82155368, 1.7469819 , 4.12368137,\n        5.20215388],\n       [1.40239155, 1.26977076, 0.82154898, 1.74695435, 4.12375597,\n        5.2021098 ],\n       [1.40241462, 1.26975334, 0.82151574, 1.74700491, 4.12372404,\n        5.20211923],\n       [1.40250549, 1.2697127 , 0.82157627, 1.74698657, 4.12367845,\n        5.20210751]]), array([0.31575668, 0.31575668, 0.31575668, 0.31575668, 0.31575668,\n       0.31575668, 0.31575668]))", "callback": [0.7602168023434956, 0.6416789402106922, 0.5389093561992322, 0.5341125732832821, 0.5237751930830026, 0.5147634774543195, 0.5138310047631651, 0.5121843639052315, 0.5118795940396199, 0.5118151664293238, 0.5117591355301407, 0.5115789178843895, 0.5095541739713823, 0.4764288745688948, 0.4582138781330457, 0.4350604044719578, 0.4257627562037163, 0.41961404662186885, 0.4072629041080842, 0.40321691211758504, 0.4000829357521546, 0.3948838886506799, 0.38720145542754814, 0.3780179834141274, 0.37074896691462944, 0.35966221371116414, 0.3422406808506889, 0.3246421795256422, 0.32159641395919814, 0.31970390035818774, 0.3194936888140246, 0.31945449613460974, 0.3194029557506207, 0.3193372107593285, 0.3192143974218208, 0.31879198552220867, 0.31728373362302575, 0.31613341100589143, 0.31590696003648144, 0.3157924324785255, 0.3157726218239474, 0.31576426462904805, 0.315759548790699, 0.3157582832349829, 0.3157574278219849, 0.315756932042189, 0.3157567614085064, 0.31575670439403103, 0.31575668684455227, 0.3157566828794577]}, "5": {"maxiter": 500, "fatol": 1e-05, "xatol": 1e-10, "duration": 0.17855429649353027, "fun": "0.31575668195253037", "nit": "500", "nfev": "771", "status": "2", "success": "False", "message": "Maximum number of iterations has been exceeded.", "x": "[1.40240237 1.26967644 0.82161625 1.7470375  4.12368256 5.20212836]", "final_simplex": "(array([[1.40240237, 1.26967644, 0.82161625, 1.7470375 , 4.12368256,\n        5.20212836],\n       [1.40245201, 1.26973349, 0.82154413, 1.74696855, 4.12364468,\n        5.20210034],\n       [1.40237766, 1.26971903, 0.82152169, 1.74692281, 4.12369045,\n        5.2020948 ],\n       [1.40243052, 1.26974662, 0.82155368, 1.7469819 , 4.12368137,\n        5.20215388],\n       [1.40239155, 1.26977076, 0.82154898, 1.74695435, 4.12375597,\n        5.2021098 ],\n       [1.40241462, 1.26975334, 0.82151574, 1.74700491, 4.12372404,\n        5.20211923],\n       [1.40250549, 1.2697127 , 0.82157627, 1.74698657, 4.12367845,\n        5.20210751]]), array([0.31575668, 0.31575668, 0.31575668, 0.31575668, 0.31575668,\n       0.31575668, 0.31575668]))", "callback": [0.7602168023434956, 0.6416789402106922, 0.5389093561992322, 0.5341125732832821, 0.5237751930830026, 0.5147634774543195, 0.5138310047631651, 0.5121843639052315, 0.5118795940396199, 0.5118151664293238, 0.5117591355301407, 0.5115789178843895, 0.5095541739713823, 0.4764288745688948, 0.4582138781330457, 0.4350604044719578, 0.4257627562037163, 0.41961404662186885, 0.4072629041080842, 0.40321691211758504, 0.4000829357521546, 0.3948838886506799, 0.38720145542754814, 0.3780179834141274, 0.37074896691462944, 0.35966221371116414, 0.3422406808506889, 0.3246421795256422, 0.32159641395919814, 0.31970390035818774, 0.3194936888140246, 0.31945449613460974, 0.3194029557506207, 0.3193372107593285, 0.3192143974218208, 0.31879198552220867, 0.31728373362302575, 0.31613341100589143, 0.31590696003648144, 0.3157924324785255, 0.3157726218239474, 0.31576426462904805, 0.315759548790699, 0.3157582832349829, 0.3157574278219849, 0.315756932042189, 0.3157567614085064, 0.31575670439403103, 0.31575668684455227, 0.3157566828794577]}, "6": {"maxiter": 500, "fatol": 1e-10, "xatol": 1e-05, "duration": 0.19098687171936035, "fun": "0.31575668195253037", "nit": "500", "nfev": "771", "status": "2", "success": "False", "message": "Maximum number of iterations has been exceeded.", "x": "[1.40240237 1.26967644 0.82161625 1.7470375  4.12368256 5.20212836]", "final_simplex": "(array([[1.40240237, 1.26967644, 0.82161625, 1.7470375 , 4.12368256,\n        5.20212836],\n       [1.40245201, 1.26973349, 0.82154413, 1.74696855, 4.12364468,\n        5.20210034],\n       [1.40237766, 1.26971903, 0.82152169, 1.74692281, 4.12369045,\n        5.2020948 ],\n       [1.40243052, 1.26974662, 0.82155368, 1.7469819 , 4.12368137,\n        5.20215388],\n       [1.40239155, 1.26977076, 0.82154898, 1.74695435, 4.12375597,\n        5.2021098 ],\n       [1.40241462, 1.26975334, 0.82151574, 1.74700491, 4.12372404,\n        5.20211923],\n       [1.40250549, 1.2697127 , 0.82157627, 1.74698657, 4.12367845,\n        5.20210751]]), array([0.31575668, 0.31575668, 0.31575668, 0.31575668, 0.31575668,\n       0.31575668, 0.31575668]))", "callback": [0.7602168023434956, 0.6416789402106922, 0.5389093561992322, 0.5341125732832821, 0.5237751930830026, 0.5147634774543195, 0.5138310047631651, 0.5121843639052315, 0.5118795940396199, 0.5118151664293238, 0.5117591355301407, 0.5115789178843895, 0.5095541739713823, 0.4764288745688948, 0.4582138781330457, 0.4350604044719578, 0.4257627562037163, 0.41961404662186885, 0.4072629041080842, 0.40321691211758504, 0.4000829357521546, 0.3948838886506799, 0.38720145542754814, 0.3780179834141274, 0.37074896691462944, 0.35966221371116414, 0.3422406808506889, 0.3246421795256422, 0.32159641395919814, 0.31970390035818774, 0.3194936888140246, 0.31945449613460974, 0.3194029557506207, 0.3193372107593285, 0.3192143974218208, 0.31879198552220867, 0.31728373362302575, 0.31613341100589143, 0.31590696003648144, 0.3157924324785255, 0.3157726218239474, 0.31576426462904805, 0.315759548790699, 0.3157582832349829, 0.3157574278219849, 0.315756932042189, 0.3157567614085064, 0.31575670439403103, 0.31575668684455227, 0.3157566828794577]}, "7": {"maxiter": 500, "fatol": 1e-10, "xatol": 1e-10, "duration": 0.17920994758605957, "fun": "0.31575668195253037", "nit": "500", "nfev": "771", "status": "2", "success": "False", "message": "Maximum number of iterations has been exceeded.", "x": "[1.40240237 1.26967644 0.82161625 1.7470375  4.12368256 5.20212836]", "final_simplex": "(array([[1.40240237, 1.26967644, 0.82161625, 1.7470375 , 4.12368256,\n        5.20212836],\n       [1.40245201, 1.26973349, 0.82154413, 1.74696855, 4.12364468,\n        5.20210034],\n       [1.40237766, 1.26971903, 0.82152169, 1.74692281, 4.12369045,\n        5.2020948 ],\n       [1.40243052, 1.26974662, 0.82155368, 1.7469819 , 4.12368137,\n        5.20215388],\n       [1.40239155, 1.26977076, 0.82154898, 1.74695435, 4.12375597,\n        5.2021098 ],\n       [1.40241462, 1.26975334, 0.82151574, 1.74700491, 4.12372404,\n        5.20211923],\n       [1.40250549, 1.2697127 , 0.82157627, 1.74698657, 4.12367845,\n        5.20210751]]), array([0.31575668, 0.31575668, 0.31575668, 0.31575668, 0.31575668,\n       0.31575668, 0.31575668]))", "callback": [0.7602168023434956, 0.6416789402106922, 0.5389093561992322, 0.5341125732832821, 0.5237751930830026, 0.5147634774543195, 0.5138310047631651, 0.5121843639052315, 0.5118795940396199, 0.5118151664293238, 0.5117591355301407, 0.5115789178843895, 0.5095541739713823, 0.4764288745688948, 0.4582138781330457, 0.4350604044719578, 0.4257627562037163, 0.41961404662186885, 0.4072629041080842, 0.40321691211758504, 0.4000829357521546, 0.3948838886506799, 0.38720145542754814, 0.3780179834141274, 0.37074896691462944, 0.35966221371116414, 0.3422406808506889, 0.3246421795256422, 0.32159641395919814, 0.31970390035818774, 0.3194936888140246, 0.31945449613460974, 0.3194029557506207, 0.3193372107593285, 0.3192143974218208, 0.31879198552220867, 0.31728373362302575, 0.31613341100589143, 0.31590696003648144, 0.3157924324785255, 0.3157726218239474, 0.31576426462904805, 0.315759548790699, 0.3157582832349829, 0.3157574278219849, 0.315756932042189, 0.3157567614085064, 0.31575670439403103, 0.31575668684455227, 0.3157566828794577]}, "8": {"maxiter": 1000, "fatol": 1e-05, "xatol": 1e-05, "duration": 0.19978904724121094, "fun": "0.3157566810828999", "nit": "557", "nfev": "858", "status": "0", "success": "True", "message": "Optimization terminated successfully.", "x": "[1.4023921  1.26969905 0.82158869 1.74698298 4.12368755 5.20206366]", "final_simplex": "(array([[1.4023921 , 1.26969905, 0.82158869, 1.74698298, 4.12368755,\n        5.20206366],\n       [1.40239672, 1.26970417, 0.82158442, 1.74698633, 4.12368577,\n        5.20207031],\n       [1.40239952, 1.26970232, 0.82159036, 1.74698369, 4.12368414,\n        5.20206502],\n       [1.40239425, 1.26970619, 0.82158817, 1.74698613, 4.12368616,\n        5.2020643 ],\n       [1.40239315, 1.2697004 , 0.82158917, 1.74698646, 4.12368349,\n        5.202061  ],\n       [1.40239607, 1.26970007, 0.82158749, 1.74698345, 4.12368854,\n        5.20206104],\n       [1.40239808, 1.2697008 , 0.82158674, 1.74698266, 4.12368197,\n        5.20205959]]), array([0.31575668, 0.31575668, 0.31575668, 0.31575668, 0.31575668,\n       0.31575668, 0.31575668]))", "callback": [0.7602168023434956, 0.6416789402106922, 0.5389093561992322, 0.5341125732832821, 0.5237751930830026, 0.5147634774543195, 0.5138310047631651, 0.5121843639052315, 0.5118795940396199, 0.5118151664293238, 0.5117591355301407, 0.5115789178843895, 0.5095541739713823, 0.4764288745688948, 0.4582138781330457, 0.4350604044719578, 0.4257627562037163, 0.41961404662186885, 0.4072629041080842, 0.40321691211758504, 0.4000829357521546, 0.3948838886506799, 0.38720145542754814, 0.3780179834141274, 0.37074896691462944, 0.35966221371116414, 0.3422406808506889, 0.3246421795256422, 0.32159641395919814, 0.31970390035818774, 0.3194936888140246, 0.31945449613460974, 0.3194029557506207, 0.3193372107593285, 0.3192143974218208, 0.31879198552220867, 0.31728373362302575, 0.31613341100589143, 0.31590696003648144, 0.3157924324785255, 0.3157726218239474, 0.31576426462904805, 0.315759548790699, 0.3157582832349829, 0.3157574278219849, 0.315756932042189, 0.3157567614085064, 0.31575670439403103, 0.31575668684455227, 0.3157566828794577, 0.3157566818780472, 0.3157566812820648, 0.31575668123918765, 0.3157566811240652, 0.3157566810833714, 0.3157566810833714]}, "9": {"maxiter": 1000, "fatol": 1e-05, "xatol": 1e-10, "duration": 0.27494096755981445, "fun": "0.315756681078045", "nit": "663", "nfev": "1082", "status": "0", "success": "True", "message": "Optimization terminated successfully.", "x": "[1.40239373 1.26970178 0.82158864 1.74698485 4.12368389 5.20206768]", "final_simplex": "(array([[1.40239373, 1.26970178, 0.82158864, 1.74698485, 4.12368389,\n        5.20206768],\n       [1.40239373, 1.26970178, 0.82158864, 1.74698485, 4.12368389,\n        5.20206768],\n       [1.40239373, 1.26970178, 0.82158864, 1.74698485, 4.12368389,\n        5.20206768],\n       [1.40239373, 1.26970178, 0.82158864, 1.74698485, 4.12368389,\n        5.20206768],\n       [1.40239373, 1.26970178, 0.82158864, 1.74698485, 4.12368389,\n        5.20206768],\n       [1.40239373, 1.26970178, 0.82158864, 1.74698485, 4.12368389,\n        5.20206768],\n       [1.40239373, 1.26970178, 0.82158864, 1.74698485, 4.12368389,\n        5.20206768]]), array([0.31575668, 0.31575668, 0.31575668, 0.31575668, 0.31575668,\n       0.31575668, 0.31575668]))", "callback": [0.7602168023434956, 0.6416789402106922, 0.5389093561992322, 0.5341125732832821, 0.5237751930830026, 0.5147634774543195, 0.5138310047631651, 0.5121843639052315, 0.5118795940396199, 0.5118151664293238, 0.5117591355301407, 0.5115789178843895, 0.5095541739713823, 0.4764288745688948, 0.4582138781330457, 0.4350604044719578, 0.4257627562037163, 0.41961404662186885, 0.4072629041080842, 0.40321691211758504, 0.4000829357521546, 0.3948838886506799, 0.38720145542754814, 0.3780179834141274, 0.37074896691462944, 0.35966221371116414, 0.3422406808506889, 0.3246421795256422, 0.32159641395919814, 0.31970390035818774, 0.3194936888140246, 0.31945449613460974, 0.3194029557506207, 0.3193372107593285, 0.3192143974218208, 0.31879198552220867, 0.31728373362302575, 0.31613341100589143, 0.31590696003648144, 0.3157924324785255, 0.3157726218239474, 0.31576426462904805, 0.315759548790699, 0.3157582832349829, 0.3157574278219849, 0.315756932042189, 0.3157567614085064, 0.31575670439403103, 0.31575668684455227, 0.3157566828794577, 0.3157566818780472, 0.3157566812820648, 0.31575668123918765, 0.3157566811240652, 0.3157566810833714, 0.3157566810833714, 0.31575668108117927, 0.3157566810786433, 0.31575668107819166, 0.31575668107807664, 0.3157566810780562, 0.31575668107804666, 0.315756681078046, 0.31575668107804533, 0.3157566810780451, 0.315756681078045, 0.315756681078045]}, "10": {"maxiter": 1000, "fatol": 1e-10, "xatol": 1e-05, "duration": 0.20550084114074707, "fun": "0.3157566810828999", "nit": "557", "nfev": "858", "status": "0", "success": "True", "message": "Optimization terminated successfully.", "x": "[1.4023921  1.26969905 0.82158869 1.74698298 4.12368755 5.20206366]", "final_simplex": "(array([[1.4023921 , 1.26969905, 0.82158869, 1.74698298, 4.12368755,\n        5.20206366],\n       [1.40239672, 1.26970417, 0.82158442, 1.74698633, 4.12368577,\n        5.20207031],\n       [1.40239952, 1.26970232, 0.82159036, 1.74698369, 4.12368414,\n        5.20206502],\n       [1.40239425, 1.26970619, 0.82158817, 1.74698613, 4.12368616,\n        5.2020643 ],\n       [1.40239315, 1.2697004 , 0.82158917, 1.74698646, 4.12368349,\n        5.202061  ],\n       [1.40239607, 1.26970007, 0.82158749, 1.74698345, 4.12368854,\n        5.20206104],\n       [1.40239808, 1.2697008 , 0.82158674, 1.74698266, 4.12368197,\n        5.20205959]]), array([0.31575668, 0.31575668, 0.31575668, 0.31575668, 0.31575668,\n       0.31575668, 0.31575668]))", "callback": [0.7602168023434956, 0.6416789402106922, 0.5389093561992322, 0.5341125732832821, 0.5237751930830026, 0.5147634774543195, 0.5138310047631651, 0.5121843639052315, 0.5118795940396199, 0.5118151664293238, 0.5117591355301407, 0.5115789178843895, 0.5095541739713823, 0.4764288745688948, 0.4582138781330457, 0.4350604044719578, 0.4257627562037163, 0.41961404662186885, 0.4072629041080842, 0.40321691211758504, 0.4000829357521546, 0.3948838886506799, 0.38720145542754814, 0.3780179834141274, 0.37074896691462944, 0.35966221371116414, 0.3422406808506889, 0.3246421795256422, 0.32159641395919814, 0.31970390035818774, 0.3194936888140246, 0.31945449613460974, 0.3194029557506207, 0.3193372107593285, 0.3192143974218208, 0.31879198552220867, 0.31728373362302575, 0.31613341100589143, 0.31590696003648144, 0.3157924324785255, 0.3157726218239474, 0.31576426462904805, 0.315759548790699, 0.3157582832349829, 0.3157574278219849, 0.315756932042189, 0.3157567614085064, 0.31575670439403103, 0.31575668684455227, 0.3157566828794577, 0.3157566818780472, 0.3157566812820648, 0.31575668123918765, 0.3157566811240652, 0.3157566810833714, 0.3157566810833714]}, "11": {"maxiter": 1000, "fatol": 1e-10, "xatol": 1e-10, "duration": 0.2465372085571289, "fun": "0.315756681078045", "nit": "663", "nfev": "1082", "status": "0", "success": "True", "message": "Optimization terminated successfully.", "x": "[1.40239373 1.26970178 0.82158864 1.74698485 4.12368389 5.20206768]", "final_simplex": "(array([[1.40239373, 1.26970178, 0.82158864, 1.74698485, 4.12368389,\n        5.20206768],\n       [1.40239373, 1.26970178, 0.82158864, 1.74698485, 4.12368389,\n        5.20206768],\n       [1.40239373, 1.26970178, 0.82158864, 1.74698485, 4.12368389,\n        5.20206768],\n       [1.40239373, 1.26970178, 0.82158864, 1.74698485, 4.12368389,\n        5.20206768],\n       [1.40239373, 1.26970178, 0.82158864, 1.74698485, 4.12368389,\n        5.20206768],\n       [1.40239373, 1.26970178, 0.82158864, 1.74698485, 4.12368389,\n        5.20206768],\n       [1.40239373, 1.26970178, 0.82158864, 1.74698485, 4.12368389,\n        5.20206768]]), array([0.31575668, 0.31575668, 0.31575668, 0.31575668, 0.31575668,\n       0.31575668, 0.31575668]))", "callback": [0.7602168023434956, 0.6416789402106922, 0.5389093561992322, 0.5341125732832821, 0.5237751930830026, 0.5147634774543195, 0.5138310047631651, 0.5121843639052315, 0.5118795940396199, 0.5118151664293238, 0.5117591355301407, 0.5115789178843895, 0.5095541739713823, 0.4764288745688948, 0.4582138781330457, 0.4350604044719578, 0.4257627562037163, 0.41961404662186885, 0.4072629041080842, 0.40321691211758504, 0.4000829357521546, 0.3948838886506799, 0.38720145542754814, 0.3780179834141274, 0.37074896691462944, 0.35966221371116414, 0.3422406808506889, 0.3246421795256422, 0.32159641395919814, 0.31970390035818774, 0.3194936888140246, 0.31945449613460974, 0.3194029557506207, 0.3193372107593285, 0.3192143974218208, 0.31879198552220867, 0.31728373362302575, 0.31613341100589143, 0.31590696003648144, 0.3157924324785255, 0.3157726218239474, 0.31576426462904805, 0.315759548790699, 0.3157582832349829, 0.3157574278219849, 0.315756932042189, 0.3157567614085064, 0.31575670439403103, 0.31575668684455227, 0.3157566828794577, 0.3157566818780472, 0.3157566812820648, 0.31575668123918765, 0.3157566811240652, 0.3157566810833714, 0.3157566810833714, 0.31575668108117927, 0.3157566810786433, 0.31575668107819166, 0.31575668107807664, 0.3157566810780562, 0.31575668107804666, 0.315756681078046, 0.31575668107804533, 0.3157566810780451, 0.315756681078045, 0.315756681078045]}}, "bfgs": {"type": "gradient", "0": {"maxiter": 100, "gtol": 1e-05, "xrtol": 1e-05, "eps": 1e-05, "duration": 0.06181621551513672, "fun": "0.3157566810967666", "jac": "[ 8.27538038e-07 -2.36455300e-07 -8.36264391e-07 -1.01407771e-07\n  2.04336548e-06 -4.09450251e-08]", "hess_inv": "[[ 4.63703025  0.55473168 -0.72222651  0.01047402 -0.76872767 -0.64699023]\n [ 0.55473168  3.49643637 -0.94433723  0.25714376  0.43209192  0.32696032]\n [-0.72222651 -0.94433723  3.61977737 -0.60787     0.04768783  0.00630463]\n [ 0.01047402  0.25714376 -0.60787     3.71463301  0.31037762 -0.79276538]\n [-0.76872767  0.43209192  0.04768783  0.31037762  3.47445878  0.00509408]\n [-0.64699023  0.32696032  0.00630463 -0.79276538  0.00509408  4.46178388]]", "nfev": "266", "njev": "38", "status": "0", "success": "True", "message": "Optimization terminated successfully.", "x": "[1.40239297 1.26969615 0.8215828  4.53619663 0.98209225 2.06046984]", "nit": "31", "callback": [0.6519591298985199, 0.6291108084951691, 0.6280023583127561, 0.6259568345987443, 0.6225177640047421, 0.6179083578322093, 0.6055723008652223, 0.599369017181534, 0.5899060590486573, 0.5722612463033718, 0.5409702714303719, 0.506706949737493, 0.5040251278347019, 0.5020192474833682, 0.48376247415840057, 0.466991418173909, 0.43717755735733943, 0.40189829753235407, 0.37940746479746945, 0.3605859328139268, 0.3313362041619413, 0.31797831867431503, 0.3169862861135647, 0.3161859749336825, 0.31587853994804416, 0.31576904183669896, 0.31576152916590416, 0.3157579923495284, 0.31575677552334236, 0.3157566828201793, 0.3157566810967666]}, "1": {"maxiter": 100, "gtol": 1e-05, "xrtol": 1e-05, "eps": 1e-10, "duration": 0.06100797653198242, "fun": "0.3157566811031396", "jac": "[-4.44089173e-06 -1.11022293e-06 -5.55111466e-06 -3.33066880e-06\n  0.00000000e+00 -3.33066880e-06]", "hess_inv": "[[ 4.79529038  0.62396388 -0.64878465  0.02724578 -0.82646352 -0.58014222]\n [ 0.62396388  3.51633928 -0.89751319  0.24585601  0.33318617  0.36467717]\n [-0.64878465 -0.89751319  3.65626918 -0.61883566  0.07759639  0.02715521]\n [ 0.02724578  0.24585601 -0.61883566  3.57036858  0.27059188 -0.79496986]\n [-0.82646352  0.33318617  0.07759639  0.27059188  3.58289064  0.02015711]\n [-0.58014222  0.36467717  0.02715521 -0.79496986  0.02015711  4.51547929]]", "nfev": "266", "njev": "38", "status": "0", "success": "True", "message": "Optimization terminated successfully.", "x": "[1.40238493 1.26970086 0.82158064 4.53620383 0.98209758 2.06047285]", "nit": "31", "callback": [0.6519596914270092, 0.6291107675295502, 0.628002322928209, 0.6259567907287364, 0.6225175961821416, 0.6179081057725235, 0.6055690239196767, 0.59936571764838, 0.5899019918623127, 0.572255053049286, 0.5409619403585937, 0.5067076774347268, 0.5040297749790217, 0.5020230979929103, 0.4837638360258384, 0.46686193296374034, 0.436794146412545, 0.4020374812856412, 0.3799585317244195, 0.3608985565617536, 0.3315691082373965, 0.31778723998495184, 0.3167711293927401, 0.3161392254247303, 0.3158566169119572, 0.3157679792822715, 0.31576118357701555, 0.31575788296802176, 0.3157567491452218, 0.31575668276568125, 0.3157566811031396]}, "2": {"maxiter": 100, "gtol": 1e-05, "xrtol": 1e-10, "eps": 1e-05, "duration": 0.06029701232910156, "fun": "0.3157566810967666", "jac": "[ 8.27538038e-07 -2.36455300e-07 -8.36264391e-07 -1.01407771e-07\n  2.04336548e-06 -4.09450251e-08]", "hess_inv": "[[ 4.63703025  0.55473168 -0.72222651  0.01047402 -0.76872767 -0.64699023]\n [ 0.55473168  3.49643637 -0.94433723  0.25714376  0.43209192  0.32696032]\n [-0.72222651 -0.94433723  3.61977737 -0.60787     0.04768783  0.00630463]\n [ 0.01047402  0.25714376 -0.60787     3.71463301  0.31037762 -0.79276538]\n [-0.76872767  0.43209192  0.04768783  0.31037762  3.47445878  0.00509408]\n [-0.64699023  0.32696032  0.00630463 -0.79276538  0.00509408  4.46178388]]", "nfev": "266", "njev": "38", "status": "0", "success": "True", "message": "Optimization terminated successfully.", "x": "[1.40239297 1.26969615 0.8215828  4.53619663 0.98209225 2.06046984]", "nit": "31", "callback": [0.6519591298985199, 0.6291108084951691, 0.6280023583127561, 0.6259568345987443, 0.6225177640047421, 0.6179083578322093, 0.6055723008652223, 0.599369017181534, 0.5899060590486573, 0.5722612463033718, 0.5409702714303719, 0.506706949737493, 0.5040251278347019, 0.5020192474833682, 0.48376247415840057, 0.466991418173909, 0.43717755735733943, 0.40189829753235407, 0.37940746479746945, 0.3605859328139268, 0.3313362041619413, 0.31797831867431503, 0.3169862861135647, 0.3161859749336825, 0.31587853994804416, 0.31576904183669896, 0.31576152916590416, 0.3157579923495284, 0.31575677552334236, 0.3157566828201793, 0.3157566810967666]}, "3": {"maxiter": 100, "gtol": 1e-05, "xrtol": 1e-10, "eps": 1e-10, "duration": 0.05947089195251465, "fun": "0.3157566811031396", "jac": "[-4.44089173e-06 -1.11022293e-06 -5.55111466e-06 -3.33066880e-06\n  0.00000000e+00 -3.33066880e-06]", "hess_inv": "[[ 4.79529038  0.62396388 -0.64878465  0.02724578 -0.82646352 -0.58014222]\n [ 0.62396388  3.51633928 -0.89751319  0.24585601  0.33318617  0.36467717]\n [-0.64878465 -0.89751319  3.65626918 -0.61883566  0.07759639  0.02715521]\n [ 0.02724578  0.24585601 -0.61883566  3.57036858  0.27059188 -0.79496986]\n [-0.82646352  0.33318617  0.07759639  0.27059188  3.58289064  0.02015711]\n [-0.58014222  0.36467717  0.02715521 -0.79496986  0.02015711  4.51547929]]", "nfev": "266", "njev": "38", "status": "0", "success": "True", "message": "Optimization terminated successfully.", "x": "[1.40238493 1.26970086 0.82158064 4.53620383 0.98209758 2.06047285]", "nit": "31", "callback": [0.6519596914270092, 0.6291107675295502, 0.628002322928209, 0.6259567907287364, 0.6225175961821416, 0.6179081057725235, 0.6055690239196767, 0.59936571764838, 0.5899019918623127, 0.572255053049286, 0.5409619403585937, 0.5067076774347268, 0.5040297749790217, 0.5020230979929103, 0.4837638360258384, 0.46686193296374034, 0.436794146412545, 0.4020374812856412, 0.3799585317244195, 0.3608985565617536, 0.3315691082373965, 0.31778723998495184, 0.3167711293927401, 0.3161392254247303, 0.3158566169119572, 0.3157679792822715, 0.31576118357701555, 0.31575788296802176, 0.3157567491452218, 0.31575668276568125, 0.3157566811031396]}, "4": {"maxiter": 100, "gtol": 1e-10, "xrtol": 1e-05, "eps": 1e-05, "duration": 0.06373095512390137, "fun": "0.31575668109510957", "jac": "[ 5.66513503e-07 -1.75059967e-07 -5.96245275e-07 -4.07673895e-08\n  1.43164369e-06 -2.11053397e-08]", "hess_inv": "[[ 4.69607498  0.5697778  -0.77658397  0.02773867 -0.64791224 -0.66486705]\n [ 0.5697778   3.43206208 -0.8733941   0.26910976  0.38596544  0.3069381 ]\n [-0.77658397 -0.8733941   3.5644051  -0.63317058  0.0320799   0.04199012]\n [ 0.02773867  0.26910976 -0.63317058  3.71884182  0.35423618 -0.79627679]\n [-0.64791224  0.38596544  0.0320799   0.35423618  3.63493819 -0.04892554]\n [-0.66486705  0.3069381   0.04199012 -0.79627679 -0.04892554  4.4636892 ]]", "nfev": "280", "njev": "40", "status": "0", "success": "True", "message": "Optimization terminated successfully.", "x": "[1.40239204 1.26969581 0.82158379 4.53619637 0.98209023 2.0604701 ]", "nit": "32", "callback": [0.6519591298985199, 0.6291108084951691, 0.6280023583127561, 0.6259568345987443, 0.6225177640047421, 0.6179083578322093, 0.6055723008652223, 0.599369017181534, 0.5899060590486573, 0.5722612463033718, 0.5409702714303719, 0.506706949737493, 0.5040251278347019, 0.5020192474833682, 0.48376247415840057, 0.466991418173909, 0.43717755735733943, 0.40189829753235407, 0.37940746479746945, 0.3605859328139268, 0.3313362041619413, 0.31797831867431503, 0.3169862861135647, 0.3161859749336825, 0.31587853994804416, 0.31576904183669896, 0.31576152916590416, 0.3157579923495284, 0.31575677552334236, 0.3157566828201793, 0.3157566810967666, 0.31575668109510957]}, "5": {"maxiter": 100, "gtol": 1e-10, "xrtol": 1e-05, "eps": 1e-10, "duration": 0.06314873695373535, "fun": "0.31575668108838084", "jac": "[ 0.00000000e+00 -1.11022293e-06 -1.11022293e-06  4.44089173e-06\n  3.33066880e-06  0.00000000e+00]", "hess_inv": "[[ 4.4309731   0.55003865 -0.95390718 -0.11249796 -0.79823129 -0.77804344]\n [ 0.55003865  3.53291606 -0.90882254  0.20520289  0.28592806  0.4429444 ]\n [-0.95390718 -0.90882254  3.48181988 -0.75558048  0.01632692  0.05119097]\n [-0.11249796  0.20520289 -0.75558048  3.52155494  0.30205573 -0.91699806]\n [-0.79823129  0.28592806  0.01632692  0.30205573  3.66961505 -0.16322338]\n [-0.77804344  0.4429444   0.05119097 -0.91699806 -0.16322338  4.85210357]]", "nfev": "280", "njev": "40", "status": "0", "success": "True", "message": "Optimization terminated successfully.", "x": "[1.40238913 1.26970208 0.82158473 4.5362053  0.98209665 2.06047649]", "nit": "32", "callback": [0.6519596914270092, 0.6291107675295502, 0.628002322928209, 0.6259567907287364, 0.6225175961821416, 0.6179081057725235, 0.6055690239196767, 0.59936571764838, 0.5899019918623127, 0.572255053049286, 0.5409619403585937, 0.5067076774347268, 0.5040297749790217, 0.5020230979929103, 0.4837638360258384, 0.46686193296374034, 0.436794146412545, 0.4020374812856412, 0.3799585317244195, 0.3608985565617536, 0.3315691082373965, 0.31778723998495184, 0.3167711293927401, 0.3161392254247303, 0.3158566169119572, 0.3157679792822715, 0.31576118357701555, 0.31575788296802176, 0.3157567491452218, 0.31575668276568125, 0.3157566811031396, 0.31575668108838084]}, "6": {"maxiter": 100, "gtol": 1e-10, "xrtol": 1e-10, "eps": 1e-05, "duration": 0.09614706039428711, "fun": "0.31575668109507304", "jac": "[ 3.61899399e-07 -1.10556009e-07 -3.81872312e-07 -2.83995050e-08\n  9.15956200e-07 -1.41553436e-08]", "hess_inv": "[[ 4.62662966  0.54871438 -0.76194987  0.07469604 -0.71252526 -0.6473152 ]\n [ 0.54871438  3.42598683 -0.87321782  0.2881644   0.37260146  0.31213966]\n [-0.76194987 -0.87321782  3.61188014 -0.69899081 -0.02819774  0.03980328]\n [ 0.07469604  0.2881644  -0.69899081  3.74874476  0.47965349 -0.80982864]\n [-0.71252526  0.37260146 -0.02819774  0.47965349  3.68281854 -0.0348051 ]\n [-0.6473152   0.31213966  0.03980328 -0.80982864 -0.0348051   4.45929767]]", "nfev": "430", "njev": "60", "status": "2", "success": "False", "message": "Desired error not necessarily achieved due to precision loss.", "x": "[1.40239133 1.26969554 0.82158467 4.53619602 0.9820885  2.0604703 ]", "nit": "33", "callback": [0.6519591298985199, 0.6291108084951691, 0.6280023583127561, 0.6259568345987443, 0.6225177640047421, 0.6179083578322093, 0.6055723008652223, 0.599369017181534, 0.5899060590486573, 0.5722612463033718, 0.5409702714303719, 0.506706949737493, 0.5040251278347019, 0.5020192474833682, 0.48376247415840057, 0.466991418173909, 0.43717755735733943, 0.40189829753235407, 0.37940746479746945, 0.3605859328139268, 0.3313362041619413, 0.31797831867431503, 0.3169862861135647, 0.3161859749336825, 0.31587853994804416, 0.31576904183669896, 0.31576152916590416, 0.3157579923495284, 0.31575677552334236, 0.3157566828201793, 0.3157566810967666, 0.31575668109510957, 0.31575668109507304]}, "7": {"maxiter": 100, "gtol": 1e-10, "xrtol": 1e-10, "eps": 1e-10, "duration": 0.08697867393493652, "fun": "0.3157566810799146", "jac": "[1.11022293e-06 1.11022293e-06 0.00000000e+00 0.00000000e+00\n 0.00000000e+00 0.00000000e+00]", "hess_inv": "[[ 7.50790763  3.24347137 -2.13413796 -2.63632851 -1.24809625  0.06798509]\n [ 3.24347137  5.25639282 -1.48570452 -1.04424833 -0.56585925  0.10892332]\n [-2.13413796 -1.48570452  2.74787998  0.16826261  0.87965277 -0.7647403 ]\n [-2.63632851 -1.04424833  0.16826261  1.80958051 -0.29004311  0.58748873]\n [-1.24809625 -0.56585925  0.87965277 -0.29004311  2.21610634 -0.81533836]\n [ 0.06798509  0.10892332 -0.7647403   0.58748873 -0.81533836  1.32346395]]", "nfev": "357", "njev": "51", "status": "0", "success": "True", "message": "Optimization terminated successfully.", "x": "[1.40239539 1.26970444 0.82158765 4.53620163 0.98209148 2.06047726]", "nit": "35", "callback": [0.6519596914270092, 0.6291107675295502, 0.628002322928209, 0.6259567907287364, 0.6225175961821416, 0.6179081057725235, 0.6055690239196767, 0.59936571764838, 0.5899019918623127, 0.572255053049286, 0.5409619403585937, 0.5067076774347268, 0.5040297749790217, 0.5020230979929103, 0.4837638360258384, 0.46686193296374034, 0.436794146412545, 0.4020374812856412, 0.3799585317244195, 0.3608985565617536, 0.3315691082373965, 0.31778723998495184, 0.3167711293927401, 0.3161392254247303, 0.3158566169119572, 0.3157679792822715, 0.31576118357701555, 0.31575788296802176, 0.3157567491452218, 0.31575668276568125, 0.3157566811031396, 0.31575668108838084, 0.3157566810815614, 0.3157566810799147, 0.3157566810799146]}, "8": {"maxiter": 500, "gtol": 1e-05, "xrtol": 1e-05, "eps": 1e-05, "duration": 0.06532621383666992, "fun": "0.3157566810967666", "jac": "[ 8.27538038e-07 -2.36455300e-07 -8.36264391e-07 -1.01407771e-07\n  2.04336548e-06 -4.09450251e-08]", "hess_inv": "[[ 4.63703025  0.55473168 -0.72222651  0.01047402 -0.76872767 -0.64699023]\n [ 0.55473168  3.49643637 -0.94433723  0.25714376  0.43209192  0.32696032]\n [-0.72222651 -0.94433723  3.61977737 -0.60787     0.04768783  0.00630463]\n [ 0.01047402  0.25714376 -0.60787     3.71463301  0.31037762 -0.79276538]\n [-0.76872767  0.43209192  0.04768783  0.31037762  3.47445878  0.00509408]\n [-0.64699023  0.32696032  0.00630463 -0.79276538  0.00509408  4.46178388]]", "nfev": "266", "njev": "38", "status": "0", "success": "True", "message": "Optimization terminated successfully.", "x": "[1.40239297 1.26969615 0.8215828  4.53619663 0.98209225 2.06046984]", "nit": "31", "callback": [0.6519591298985199, 0.6291108084951691, 0.6280023583127561, 0.6259568345987443, 0.6225177640047421, 0.6179083578322093, 0.6055723008652223, 0.599369017181534, 0.5899060590486573, 0.5722612463033718, 0.5409702714303719, 0.506706949737493, 0.5040251278347019, 0.5020192474833682, 0.48376247415840057, 0.466991418173909, 0.43717755735733943, 0.40189829753235407, 0.37940746479746945, 0.3605859328139268, 0.3313362041619413, 0.31797831867431503, 0.3169862861135647, 0.3161859749336825, 0.31587853994804416, 0.31576904183669896, 0.31576152916590416, 0.3157579923495284, 0.31575677552334236, 0.3157566828201793, 0.3157566810967666]}, "9": {"maxiter": 500, "gtol": 1e-05, "xrtol": 1e-05, "eps": 1e-10, "duration": 0.06476378440856934, "fun": "0.3157566811031396", "jac": "[-4.44089173e-06 -1.11022293e-06 -5.55111466e-06 -3.33066880e-06\n  0.00000000e+00 -3.33066880e-06]", "hess_inv": "[[ 4.79529038  0.62396388 -0.64878465  0.02724578 -0.82646352 -0.58014222]\n [ 0.62396388  3.51633928 -0.89751319  0.24585601  0.33318617  0.36467717]\n [-0.64878465 -0.89751319  3.65626918 -0.61883566  0.07759639  0.02715521]\n [ 0.02724578  0.24585601 -0.61883566  3.57036858  0.27059188 -0.79496986]\n [-0.82646352  0.33318617  0.07759639  0.27059188  3.58289064  0.02015711]\n [-0.58014222  0.36467717  0.02715521 -0.79496986  0.02015711  4.51547929]]", "nfev": "266", "njev": "38", "status": "0", "success": "True", "message": "Optimization terminated successfully.", "x": "[1.40238493 1.26970086 0.82158064 4.53620383 0.98209758 2.06047285]", "nit": "31", "callback": [0.6519596914270092, 0.6291107675295502, 0.628002322928209, 0.6259567907287364, 0.6225175961821416, 0.6179081057725235, 0.6055690239196767, 0.59936571764838