{"date": "2024/09/25/, 08:43:56", "conf_id": 185, "data_type": "non_lin_ind\n", "num_data_points": 2, "s_rank": 0, "unitary": "[[-0.45070455-0.02711853j,0.78437395-0.06613086j,0.06358678+0.19963393j,-0.07343613+0.35668523j],[-0.01890143-0.03813363j,0.32408202+0.25557629j,0.05872864-0.68979805j,0.55466693-0.20227297j],[-0.11215405+0.64023111j,-0.13344055+0.29565494j,-0.49012687-0.19046288j,-0.04241254+0.44046348j],[0.55771659+0.24656916j,0.31851997-0.05798805j,0.28761525-0.34294258j,-0.56718418+0.03616933j]]", "databatch_0": {"databatch": "[[[0.1554689+0.23704122j,0.00892417-0.22918824j,-0.18423892-0.16545514j,-0.34320769+0.20308263j],[0.16883331+0.11273051j,-0.21272096-0.16907664j,-0.25516239+0.1601761j,-0.24420619-0.27142604j],[0.11729229+0.06347009j,-0.01311748-0.2083949j,-0.26062198-0.12409082j,0.28365888+0.17997325j],[-0.01386841-0.03987817j,-0.06130721+0.03613253j,0.00374831+0.10704483j,0.00486052-0.17791306j]],[[0.02660846+0.11817287j,-0.15453612+0.24885516j,0.27823008-0.26533902j,0.28730576+0.03253989j],[0.09893326+0.04372903j,0.06192809-0.11317103j,-0.18090692+0.06641651j,-0.15137314-0.14381956j],[0.0499104+0.08256097j,0.21367164+0.25445325j,-0.13612535-0.43302466j,0.24066829-0.29581399j],[0.01488763-0.02947908j,0.04480447-0.14103747j,-0.12785394+0.14924114j,-0.16018663-0.02390657j]]]", "initial param values": "[0.4787616,4.74937171,2.39675262,0.43523748,4.07768281,0.99476976]", "nelder_mead": {"type": "gradient-free", "0": {"maxiter": 100, "fatol": 1e-05, "xatol": 1e-05, "duration": 0.03760504722595215, "fun": "0.4387434777778839", "nit": "100", "nfev": "157", "status": "2", "success": "False", "message": "Maximum number of iterations has been exceeded.", "x": "[ 0.28361619  7.04561696  0.73738155  1.44546718  4.10230818 -0.52707512]", "final_simplex": "(array([[ 0.28361619,  7.04561696,  0.73738155,  1.44546718,  4.10230818,\n        -0.52707512],\n       [ 0.27694025,  7.25509018,  0.38328468,  1.52456749,  4.06228161,\n        -0.5732376 ],\n       [ 0.27097068,  7.37573677,  0.52619908,  1.4364783 ,  4.21680544,\n        -0.44744408],\n       [ 0.27044611,  7.22643305,  0.62838045,  1.44328354,  4.26657385,\n        -0.50441583],\n       [ 0.31114948,  7.32344105,  0.54053992,  1.35719756,  4.26237468,\n        -0.33058177],\n       [ 0.26928856,  7.52310552,  0.30249307,  1.46450306,  4.21030381,\n        -0.42650098],\n       [ 0.24881359,  7.22971585,  0.47838981,  1.58288459,  4.19084536,\n        -0.70504048]]), array([0.43874348, 0.44069321, 0.44087424, 0.44160231, 0.44292643,\n       0.44310097, 0.44447494]))", "callback": [0.6790904799918964, 0.6197245275537991, 0.5949654225233214, 0.5817972127780194, 0.5218587271562037, 0.5112437456521767, 0.5030512832403351, 0.4889227970608563, 0.4752995889870949, 0.4416023131773067]}, "1": {"maxiter": 100, "fatol": 1e-05, "xatol": 1e-10, "duration": 0.036451101303100586, "fun": "0.4387434777778839", "nit": "100", "nfev": "157", "status": "2", "success": "False", "message": "Maximum number of iterations has been exceeded.", "x": "[ 0.28361619  7.04561696  0.73738155  1.44546718  4.10230818 -0.52707512]", "final_simplex": "(array([[ 0.28361619,  7.04561696,  0.73738155,  1.44546718,  4.10230818,\n        -0.52707512],\n       [ 0.27694025,  7.25509018,  0.38328468,  1.52456749,  4.06228161,\n        -0.5732376 ],\n       [ 0.27097068,  7.37573677,  0.52619908,  1.4364783 ,  4.21680544,\n        -0.44744408],\n       [ 0.27044611,  7.22643305,  0.62838045,  1.44328354,  4.26657385,\n        -0.50441583],\n       [ 0.31114948,  7.32344105,  0.54053992,  1.35719756,  4.26237468,\n        -0.33058177],\n       [ 0.26928856,  7.52310552,  0.30249307,  1.46450306,  4.21030381,\n        -0.42650098],\n       [ 0.24881359,  7.22971585,  0.47838981,  1.58288459,  4.19084536,\n        -0.70504048]]), array([0.43874348, 0.44069321, 0.44087424, 0.44160231, 0.44292643,\n       0.44310097, 0.44447494]))", "callback": [0.6790904799918964, 0.6197245275537991, 0.5949654225233214, 0.5817972127780194, 0.5218587271562037, 0.5112437456521767, 0.5030512832403351, 0.4889227970608563, 0.4752995889870949, 0.4416023131773067]}, "2": {"maxiter": 100, "fatol": 1e-10, "xatol": 1e-05, "duration": 0.03621983528137207, "fun": "0.4387434777778839", "nit": "100", "nfev": "157", "status": "2", "success": "False", "message": "Maximum number of iterations has been exceeded.", "x": "[ 0.28361619  7.04561696  0.73738155  1.44546718  4.10230818 -0.52707512]", "final_simplex": "(array([[ 0.28361619,  7.04561696,  0.73738155,  1.44546718,  4.10230818,\n        -0.52707512],\n       [ 0.27694025,  7.25509018,  0.38328468,  1.52456749,  4.06228161,\n        -0.5732376 ],\n       [ 0.27097068,  7.37573677,  0.52619908,  1.4364783 ,  4.21680544,\n        -0.44744408],\n       [ 0.27044611,  7.22643305,  0.62838045,  1.44328354,  4.26657385,\n        -0.50441583],\n       [ 0.31114948,  7.32344105,  0.54053992,  1.35719756,  4.26237468,\n        -0.33058177],\n       [ 0.26928856,  7.52310552,  0.30249307,  1.46450306,  4.21030381,\n        -0.42650098],\n       [ 0.24881359,  7.22971585,  0.47838981,  1.58288459,  4.19084536,\n        -0.70504048]]), array([0.43874348, 0.44069321, 0.44087424, 0.44160231, 0.44292643,\n       0.44310097, 0.44447494]))", "callback": [0.6790904799918964, 0.6197245275537991, 0.5949654225233214, 0.5817972127780194, 0.5218587271562037, 0.5112437456521767, 0.5030512832403351, 0.4889227970608563, 0.4752995889870949, 0.4416023131773067]}, "3": {"maxiter": 100, "fatol": 1e-10, "xatol": 1e-10, "duration": 0.035301923751831055, "fun": "0.4387434777778839", "nit": "100", "nfev": "157", "status": "2", "success": "False", "message": "Maximum number of iterations has been exceeded.", "x": "[ 0.28361619  7.04561696  0.73738155  1.44546718  4.10230818 -0.52707512]", "final_simplex": "(array([[ 0.28361619,  7.04561696,  0.73738155,  1.44546718,  4.10230818,\n        -0.52707512],\n       [ 0.27694025,  7.25509018,  0.38328468,  1.52456749,  4.06228161,\n        -0.5732376 ],\n       [ 0.27097068,  7.37573677,  0.52619908,  1.4364783 ,  4.21680544,\n        -0.44744408],\n       [ 0.27044611,  7.22643305,  0.62838045,  1.44328354,  4.26657385,\n        -0.50441583],\n       [ 0.31114948,  7.32344105,  0.54053992,  1.35719756,  4.26237468,\n        -0.33058177],\n       [ 0.26928856,  7.52310552,  0.30249307,  1.46450306,  4.21030381,\n        -0.42650098],\n       [ 0.24881359,  7.22971585,  0.47838981,  1.58288459,  4.19084536,\n        -0.70504048]]), array([0.43874348, 0.44069321, 0.44087424, 0.44160231, 0.44292643,\n       0.44310097, 0.44447494]))", "callback": [0.6790904799918964, 0.6197245275537991, 0.5949654225233214, 0.5817972127780194, 0.5218587271562037, 0.5112437456521767, 0.5030512832403351, 0.4889227970608563, 0.4752995889870949, 0.4416023131773067]}, "4": {"maxiter": 500, "fatol": 1e-05, "xatol": 1e-05, "duration": 0.1748061180114746, "fun": "0.31657617932428606", "nit": "500", "nfev": "780", "status": "2", "success": "False", "message": "Maximum number of iterations has been exceeded.", "x": "[ 1.34630605  7.96984649  0.63908596  1.85281946  4.835935   -0.19318989]", "final_simplex": "(array([[ 1.34630605,  7.96984649,  0.63908596,  1.85281946,  4.835935  ,\n        -0.19318989],\n       [ 1.34630189,  7.9698394 ,  0.63908913,  1.85281958,  4.83593592,\n        -0.19318228],\n       [ 1.34630508,  7.96985138,  0.63907946,  1.85281556,  4.83593063,\n        -0.19318434],\n       [ 1.34630656,  7.96985433,  0.6390855 ,  1.85281667,  4.83594067,\n        -0.19317774],\n       [ 1.34630839,  7.96985139,  0.63907948,  1.85281243,  4.83593531,\n        -0.19318364],\n       [ 1.34630848,  7.96984579,  0.63908756,  1.85281354,  4.83593484,\n        -0.19318838],\n       [ 1.34629847,  7.96984958,  0.63908314,  1.85281427,  4.83592782,\n        -0.19319055]]), array([0.31657618, 0.31657618, 0.31657618, 0.31657618, 0.31657618,\n       0.31657618, 0.31657618]))", "callback": [0.6790904799918964, 0.6197245275537991, 0.5949654225233214, 0.5817972127780194, 0.5218587271562037, 0.5112437456521767, 0.5030512832403351, 0.4889227970608563, 0.4752995889870949, 0.4416023131773067, 0.4387434777778839, 0.43728693450532075, 0.4361818892960978, 0.43365511760583375, 0.43011650168059323, 0.417957917419158, 0.3922275618146698, 0.3684232151463305, 0.3485339658964547, 0.34409539571543113, 0.3422907953654778, 0.34108192850898567, 0.3406867144689343, 0.34057827240720506, 0.3404936515043928, 0.3404159484881535, 0.3402652024366717, 0.33987664189568445, 0.33845454161672284, 0.33452732271787944, 0.32907992276944786, 0.32439128070958745, 0.32024361188132067, 0.317426626855964, 0.3168102537601678, 0.3167246521020093, 0.31664543607110696, 0.3166175629620276, 0.3165925499606663, 0.3165801160566639, 0.31657677533818895, 0.31657677533818895, 0.3165763375909775, 0.31657625280896595, 0.3165761945328823, 0.31657618319565883, 0.3165761807751688, 0.31657617969707275, 0.316576179400743, 0.3165761793382865]}, "5": {"maxiter": 500, "fatol": 1e-05, "xatol": 1e-10, "duration": 0.17870783805847168, "fun": "0.31657617932428606", "nit": "500", "nfev": "780", "status": "2", "success": "False", "message": "Maximum number of iterations has been exceeded.", "x": "[ 1.34630605  7.96984649  0.63908596  1.85281946  4.835935   -0.19318989]", "final_simplex": "(array([[ 1.34630605,  7.96984649,  0.63908596,  1.85281946,  4.835935  ,\n        -0.19318989],\n       [ 1.34630189,  7.9698394 ,  0.63908913,  1.85281958,  4.83593592,\n        -0.19318228],\n       [ 1.34630508,  7.96985138,  0.63907946,  1.85281556,  4.83593063,\n        -0.19318434],\n       [ 1.34630656,  7.96985433,  0.6390855 ,  1.85281667,  4.83594067,\n        -0.19317774],\n       [ 1.34630839,  7.96985139,  0.63907948,  1.85281243,  4.83593531,\n        -0.19318364],\n       [ 1.34630848,  7.96984579,  0.63908756,  1.85281354,  4.83593484,\n        -0.19318838],\n       [ 1.34629847,  7.96984958,  0.63908314,  1.85281427,  4.83592782,\n        -0.19319055]]), array([0.31657618, 0.31657618, 0.31657618, 0.31657618, 0.31657618,\n       0.31657618, 0.31657618]))", "callback": [0.6790904799918964, 0.6197245275537991, 0.5949654225233214, 0.5817972127780194, 0.5218587271562037, 0.5112437456521767, 0.5030512832403351, 0.4889227970608563, 0.4752995889870949, 0.4416023131773067, 0.4387434777778839, 0.43728693450532075, 0.4361818892960978, 0.43365511760583375, 0.43011650168059323, 0.417957917419158, 0.3922275618146698, 0.3684232151463305, 0.3485339658964547, 0.34409539571543113, 0.3422907953654778, 0.34108192850898567, 0.3406867144689343, 0.34057827240720506, 0.3404936515043928, 0.3404159484881535, 0.3402652024366717, 0.33987664189568445, 0.33845454161672284, 0.33452732271787944, 0.32907992276944786, 0.32439128070958745, 0.32024361188132067, 0.317426626855964, 0.3168102537601678, 0.3167246521020093, 0.31664543607110696, 0.3166175629620276, 0.3165925499606663, 0.3165801160566639, 0.31657677533818895, 0.31657677533818895, 0.3165763375909775, 0.31657625280896595, 0.3165761945328823, 0.31657618319565883, 0.3165761807751688, 0.31657617969707275, 0.316576179400743, 0.3165761793382865]}, "6": {"maxiter": 500, "fatol": 1e-10, "xatol": 1e-05, "duration": 0.19936800003051758, "fun": "0.31657617932428606", "nit": "500", "nfev": "780", "status": "2", "success": "False", "message": "Maximum number of iterations has been exceeded.", "x": "[ 1.34630605  7.96984649  0.63908596  1.85281946  4.835935   -0.19318989]", "final_simplex": "(array([[ 1.34630605,  7.96984649,  0.63908596,  1.85281946,  4.835935  ,\n        -0.19318989],\n       [ 1.34630189,  7.9698394 ,  0.63908913,  1.85281958,  4.83593592,\n        -0.19318228],\n       [ 1.34630508,  7.96985138,  0.63907946,  1.85281556,  4.83593063,\n        -0.19318434],\n       [ 1.34630656,  7.96985433,  0.6390855 ,  1.85281667,  4.83594067,\n        -0.19317774],\n       [ 1.34630839,  7.96985139,  0.63907948,  1.85281243,  4.83593531,\n        -0.19318364],\n       [ 1.34630848,  7.96984579,  0.63908756,  1.85281354,  4.83593484,\n        -0.19318838],\n       [ 1.34629847,  7.96984958,  0.63908314,  1.85281427,  4.83592782,\n        -0.19319055]]), array([0.31657618, 0.31657618, 0.31657618, 0.31657618, 0.31657618,\n       0.31657618, 0.31657618]))", "callback": [0.6790904799918964, 0.6197245275537991, 0.5949654225233214, 0.5817972127780194, 0.5218587271562037, 0.5112437456521767, 0.5030512832403351, 0.4889227970608563, 0.4752995889870949, 0.4416023131773067, 0.4387434777778839, 0.43728693450532075, 0.4361818892960978, 0.43365511760583375, 0.43011650168059323, 0.417957917419158, 0.3922275618146698, 0.3684232151463305, 0.3485339658964547, 0.34409539571543113, 0.3422907953654778, 0.34108192850898567, 0.3406867144689343, 0.34057827240720506, 0.3404936515043928, 0.3404159484881535, 0.3402652024366717, 0.33987664189568445, 0.33845454161672284, 0.33452732271787944, 0.32907992276944786, 0.32439128070958745, 0.32024361188132067, 0.317426626855964, 0.3168102537601678, 0.3167246521020093, 0.31664543607110696, 0.3166175629620276, 0.3165925499606663, 0.3165801160566639, 0.31657677533818895, 0.31657677533818895, 0.3165763375909775, 0.31657625280896595, 0.3165761945328823, 0.31657618319565883, 0.3165761807751688, 0.31657617969707275, 0.316576179400743, 0.3165761793382865]}, "7": {"maxiter": 500, "fatol": 1e-10, "xatol": 1e-10, "duration": 0.19104695320129395, "fun": "0.31657617932428606", "nit": "500", "nfev": "780", "status": "2", "success": "False", "message": "Maximum number of iterations has been exceeded.", "x": "[ 1.34630605  7.96984649  0.63908596  1.85281946  4.835935   -0.19318989]", "final_simplex": "(array([[ 1.34630605,  7.96984649,  0.63908596,  1.85281946,  4.835935  ,\n        -0.19318989],\n       [ 1.34630189,  7.9698394 ,  0.63908913,  1.85281958,  4.83593592,\n        -0.19318228],\n       [ 1.34630508,  7.96985138,  0.63907946,  1.85281556,  4.83593063,\n        -0.19318434],\n       [ 1.34630656,  7.96985433,  0.6390855 ,  1.85281667,  4.83594067,\n        -0.19317774],\n       [ 1.34630839,  7.96985139,  0.63907948,  1.85281243,  4.83593531,\n        -0.19318364],\n       [ 1.34630848,  7.96984579,  0.63908756,  1.85281354,  4.83593484,\n        -0.19318838],\n       [ 1.34629847,  7.96984958,  0.63908314,  1.85281427,  4.83592782,\n        -0.19319055]]), array([0.31657618, 0.31657618, 0.31657618, 0.31657618, 0.31657618,\n       0.31657618, 0.31657618]))", "callback": [0.6790904799918964, 0.6197245275537991, 0.5949654225233214, 0.5817972127780194, 0.5218587271562037, 0.5112437456521767, 0.5030512832403351, 0.4889227970608563, 0.4752995889870949, 0.4416023131773067, 0.4387434777778839, 0.43728693450532075, 0.4361818892960978, 0.43365511760583375, 0.43011650168059323, 0.417957917419158, 0.3922275618146698, 0.3684232151463305, 0.3485339658964547, 0.34409539571543113, 0.3422907953654778, 0.34108192850898567, 0.3406867144689343, 0.34057827240720506, 0.3404936515043928, 0.3404159484881535, 0.3402652024366717, 0.33987664189568445, 0.33845454161672284, 0.33452732271787944, 0.32907992276944786, 0.32439128070958745, 0.32024361188132067, 0.317426626855964, 0.3168102537601678, 0.3167246521020093, 0.31664543607110696, 0.3166175629620276, 0.3165925499606663, 0.3165801160566639, 0.31657677533818895, 0.31657677533818895, 0.3165763375909775, 0.31657625280896595, 0.3165761945328823, 0.31657618319565883, 0.3165761807751688, 0.31657617969707275, 0.316576179400743, 0.3165761793382865]}, "8": {"maxiter": 1000, "fatol": 1e-05, "xatol": 1e-05, "duration": 0.18951106071472168, "fun": "0.3165761793235966", "nit": "501", "nfev": "782", "status": "0", "success": "True", "message": "Optimization terminated successfully.", "x": "[ 1.34630227  7.96984886  0.63908383  1.85281524  4.83593161 -0.19318747]", "final_simplex": "(array([[ 1.34630227,  7.96984886,  0.63908383,  1.85281524,  4.83593161,\n        -0.19318747],\n       [ 1.34630605,  7.96984649,  0.63908596,  1.85281946,  4.835935  ,\n        -0.19318989],\n       [ 1.34630189,  7.9698394 ,  0.63908913,  1.85281958,  4.83593592,\n        -0.19318228],\n       [ 1.34630508,  7.96985138,  0.63907946,  1.85281556,  4.83593063,\n        -0.19318434],\n       [ 1.34630656,  7.96985433,  0.6390855 ,  1.85281667,  4.83594067,\n        -0.19317774],\n       [ 1.34630839,  7.96985139,  0.63907948,  1.85281243,  4.83593531,\n        -0.19318364],\n       [ 1.34630848,  7.96984579,  0.63908756,  1.85281354,  4.83593484,\n        -0.19318838]]), array([0.31657618, 0.31657618, 0.31657618, 0.31657618, 0.31657618,\n       0.31657618, 0.31657618]))", "callback": [0.6790904799918964, 0.6197245275537991, 0.5949654225233214, 0.5817972127780194, 0.5218587271562037, 0.5112437456521767, 0.5030512832403351, 0.4889227970608563, 0.4752995889870949, 0.4416023131773067, 0.4387434777778839, 0.43728693450532075, 0.4361818892960978, 0.43365511760583375, 0.43011650168059323, 0.417957917419158, 0.3922275618146698, 0.3684232151463305, 0.3485339658964547, 0.34409539571543113, 0.3422907953654778, 0.34108192850898567, 0.3406867144689343, 0.34057827240720506, 0.3404936515043928, 0.3404159484881535, 0.3402652024366717, 0.33987664189568445, 0.33845454161672284, 0.33452732271787944, 0.32907992276944786, 0.32439128070958745, 0.32024361188132067, 0.317426626855964, 0.3168102537601678, 0.3167246521020093, 0.31664543607110696, 0.3166175629620276, 0.3165925499606663, 0.3165801160566639, 0.31657677533818895, 0.31657677533818895, 0.3165763375909775, 0.31657625280896595, 0.3165761945328823, 0.31657618319565883, 0.3165761807751688, 0.31657617969707275, 0.316576179400743, 0.3165761793382865, 0.3165761793235966]}, "9": {"maxiter": 1000, "fatol": 1e-05, "xatol": 1e-10, "duration": 0.2395799160003662, "fun": "0.3165761793201515", "nit": "608", "nfev": "1020", "status": "0", "success": "True", "message": "Optimization terminated successfully.", "x": "[ 1.34630526  7.96985089  0.63908109  1.85281718  4.83593415 -0.19318731]", "final_simplex": "(array([[ 1.34630526,  7.96985089,  0.63908109,  1.85281718,  4.83593415,\n        -0.19318731],\n       [ 1.34630526,  7.96985089,  0.63908109,  1.85281718,  4.83593415,\n        -0.19318731],\n       [ 1.34630526,  7.96985089,  0.63908109,  1.85281718,  4.83593415,\n        -0.19318731],\n       [ 1.34630526,  7.96985089,  0.63908109,  1.85281718,  4.83593415,\n        -0.19318731],\n       [ 1.34630526,  7.96985089,  0.63908109,  1.85281718,  4.83593415,\n        -0.19318731],\n       [ 1.34630526,  7.96985089,  0.63908109,  1.85281718,  4.83593415,\n        -0.19318731],\n       [ 1.34630526,  7.96985089,  0.63908109,  1.85281718,  4.83593415,\n        -0.19318731]]), array([0.31657618, 0.31657618, 0.31657618, 0.31657618, 0.31657618,\n       0.31657618, 0.31657618]))", "callback": [0.6790904799918964, 0.6197245275537991, 0.5949654225233214, 0.5817972127780194, 0.5218587271562037, 0.5112437456521767, 0.5030512832403351, 0.4889227970608563, 0.4752995889870949, 0.4416023131773067, 0.4387434777778839, 0.43728693450532075, 0.4361818892960978, 0.43365511760583375, 0.43011650168059323, 0.417957917419158, 0.3922275618146698, 0.3684232151463305, 0.3485339658964547, 0.34409539571543113, 0.3422907953654778, 0.34108192850898567, 0.3406867144689343, 0.34057827240720506, 0.3404936515043928, 0.3404159484881535, 0.3402652024366717, 0.33987664189568445, 0.33845454161672284, 0.33452732271787944, 0.32907992276944786, 0.32439128070958745, 0.32024361188132067, 0.317426626855964, 0.3168102537601678, 0.3167246521020093, 0.31664543607110696, 0.3166175629620276, 0.3165925499606663, 0.3165801160566639, 0.31657677533818895, 0.31657677533818895, 0.3165763375909775, 0.31657625280896595, 0.3165761945328823, 0.31657618319565883, 0.3165761807751688, 0.31657617969707275, 0.316576179400743, 0.3165761793382865, 0.3165761793225308, 0.3165761793209523, 0.3165761793201748, 0.3165761793201748, 0.31657617932017057, 0.3165761793201547, 0.3165761793201536, 0.31657617932015236, 0.3165761793201518, 0.3165761793201515, 0.3165761793201515]}, "10": {"maxiter": 1000, "fatol": 1e-10, "xatol": 1e-05, "duration": 0.18391013145446777, "fun": "0.3165761793235966", "nit": "501", "nfev": "782", "status": "0", "success": "True", "message": "Optimization terminated successfully.", "x": "[ 1.34630227  7.96984886  0.63908383  1.85281524  4.83593161 -0.19318747]", "final_simplex": "(array([[ 1.34630227,  7.96984886,  0.63908383,  1.85281524,  4.83593161,\n        -0.19318747],\n       [ 1.34630605,  7.96984649,  0.63908596,  1.85281946,  4.835935  ,\n        -0.19318989],\n       [ 1.34630189,  7.9698394 ,  0.63908913,  1.85281958,  4.83593592,\n        -0.19318228],\n       [ 1.34630508,  7.96985138,  0.63907946,  1.85281556,  4.83593063,\n        -0.19318434],\n       [ 1.34630656,  7.96985433,  0.6390855 ,  1.85281667,  4.83594067,\n        -0.19317774],\n       [ 1.34630839,  7.96985139,  0.63907948,  1.85281243,  4.83593531,\n        -0.19318364],\n       [ 1.34630848,  7.96984579,  0.63908756,  1.85281354,  4.83593484,\n        -0.19318838]]), array([0.31657618, 0.31657618, 0.31657618, 0.31657618, 0.31657618,\n       0.31657618, 0.31657618]))", "callback": [0.6790904799918964, 0.6197245275537991, 0.5949654225233214, 0.5817972127780194, 0.5218587271562037, 0.5112437456521767, 0.5030512832403351, 0.4889227970608563, 0.4752995889870949, 0.4416023131773067, 0.4387434777778839, 0.43728693450532075, 0.4361818892960978, 0.43365511760583375, 0.43011650168059323, 0.417957917419158, 0.3922275618146698, 0.3684232151463305, 0.3485339658964547, 0.34409539571543113, 0.3422907953654778, 0.34108192850898567, 0.3406867144689343, 0.34057827240720506, 0.3404936515043928, 0.3404159484881535, 0.3402652024366717, 0.33987664189568445, 0.33845454161672284, 0.33452732271787944, 0.32907992276944786, 0.32439128070958745, 0.32024361188132067, 0.317426626855964, 0.3168102537601678, 0.3167246521020093, 0.31664543607110696, 0.3166175629620276, 0.3165925499606663, 0.3165801160566639, 0.31657677533818895, 0.31657677533818895, 0.3165763375909775, 0.31657625280896595, 0.3165761945328823, 0.31657618319565883, 0.3165761807751688, 0.31657617969707275, 0.316576179400743, 0.3165761793382865, 0.3165761793235966]}, "11": {"maxiter": 1000, "fatol": 1e-10, "xatol": 1e-10, "duration": 0.23578715324401855, "fun": "0.3165761793201515", "nit": "608", "nfev": "1020", "status": "0", "success": "True", "message": "Optimization terminated successfully.", "x": "[ 1.34630526  7.96985089  0.63908109  1.85281718  4.83593415 -0.19318731]", "final_simplex": "(array([[ 1.34630526,  7.96985089,  0.63908109,  1.85281718,  4.83593415,\n        -0.19318731],\n       [ 1.34630526,  7.96985089,  0.63908109,  1.85281718,  4.83593415,\n        -0.19318731],\n       [ 1.34630526,  7.96985089,  0.63908109,  1.85281718,  4.83593415,\n        -0.19318731],\n       [ 1.34630526,  7.96985089,  0.63908109,  1.85281718,  4.83593415,\n        -0.19318731],\n       [ 1.34630526,  7.96985089,  0.63908109,  1.85281718,  4.83593415,\n        -0.19318731],\n       [ 1.34630526,  7.96985089,  0.63908109,  1.85281718,  4.83593415,\n        -0.19318731],\n       [ 1.34630526,  7.96985089,  0.63908109,  1.85281718,  4.83593415,\n        -0.19318731]]), array([0.31657618, 0.31657618, 0.31657618, 0.31657618, 0.31657618,\n       0.31657618, 0.31657618]))", "callback": [0.6790904799918964, 0.6197245275537991, 0.5949654225233214, 0.5817972127780194, 0.5218587271562037, 0.5112437456521767, 0.5030512832403351, 0.4889227970608563, 0.4752995889870949, 0.4416023131773067, 0.4387434777778839, 0.43728693450532075, 0.4361818892960978, 0.43365511760583375, 0.43011650168059323, 0.417957917419158, 0.3922275618146698, 0.3684232151463305, 0.3485339658964547, 0.34409539571543113, 0.3422907953654778, 0.34108192850898567, 0.3406867144689343, 0.34057827240720506, 0.3404936515043928, 0.3404159484881535, 0.3402652024366717, 0.33987664189568445, 0.33845454161672284, 0.33452732271787944, 0.32907992276944786, 0.32439128070958745, 0.32024361188132067, 0.317426626855964, 0.3168102537601678, 0.3167246521020093, 0.31664543607110696, 0.3166175629620276, 0.3165925499606663, 0.3165801160566639, 0.31657677533818895, 0.31657677533818895, 0.3165763375909775, 0.31657625280896595, 0.3165761945328823, 0.31657618319565883, 0.3165761807751688, 0.31657617969707275, 0.316576179400743, 0.3165761793382865, 0.3165761793225308, 0.3165761793209523, 0.3165761793201748, 0.3165761793201748, 0.31657617932017057, 0.3165761793201547, 0.3165761793201536, 0.31657617932015236, 0.3165761793201518, 0.3165761793201515, 0.3165761793201515]}}, "bfgs": {"type": "gradient", "0": {"maxiter": 100, "gtol": 1e-05, "xrtol": 1e-05, "eps": 1e-05, "duration": 0.0503840446472168, "fun": "0.3165761796505784", "jac": "[ 4.54560833e-06  8.43658476e-07 -4.29615232e-06 -8.20132851e-07\n  6.39416298e-06  1.12226894e-06]", "hess_inv": "[[ 7.26149931e+00  9.24641693e+00 -4.74613572e+00 -1.46772431e+00\n   8.77031351e-01 -2.99453904e+00]\n [ 9.24641693e+00  2.30661770e+01 -1.17858689e+01 -3.16512568e+00\n  -4.92502959e-03 -5.24215307e+00]\n [-4.74613572e+00 -1.17858689e+01  1.17195164e+01  2.73374829e+00\n   4.17168742e+00  6.77204048e+00]\n [-1.46772431e+00 -3.16512568e+00  2.73374829e+00  3.39187158e+00\n   1.22992008e-01  9.54926269e-01]\n [ 8.77031351e-01 -4.92502959e-03  4.17168742e+00  1.22992008e-01\n   8.65974613e+00  6.05248389e+00]\n [-2.99453904e+00 -5.24215307e+00  6.77204048e+00  9.54926269e-01\n   6.05248389e+00  1.02433387e+01]]", "nfev": "210", "njev": "30", "status": "0", "success": "True", "message": "Optimization terminated successfully.", "x": "[ 1.34635774  7.96994013  0.63902201  1.85279126  4.83594998 -0.1932035 ]", "nit": "28", "callback": [0.6776146707415739, 0.6308870481950273, 0.6086454161800507, 0.5894845521492306, 0.5558069850441307, 0.5192530521591139, 0.5120290827912305, 0.5037597877765998, 0.4613268747965289, 0.42606490067481995, 0.3717722702611945, 0.35608099222331346, 0.34564660602794905, 0.34006941016167236, 0.33651719801977586, 0.33042772972973555, 0.32284975305400965, 0.32036105276575155, 0.3180035145510871, 0.31755462294719417, 0.3171248935388916, 0.31676432270819954, 0.31660411552241796, 0.3165780835300239, 0.3165768383884412, 0.3165762912556027, 0.31657618811360766, 0.3165761796505784]}, "1": {"maxiter": 100, "gtol": 1e-05, "xrtol": 1e-05, "eps": 1e-10, "duration": 0.0511479377746582, "fun": "0.3165761796053409", "jac": "[ 0.00000000e+00  1.11022293e-06 -5.55111466e-06  1.11022293e-06\n  6.66133760e-06 -2.22044587e-06]", "hess_inv": "[[  7.23686644   9.70675938  -5.2180714   -1.54658927   0.97572249\n   -3.10442179]\n [  9.70675938  25.32758981 -13.43783829  -3.57652451   0.78432102\n   -5.41156729]\n [ -5.2180714  -13.43783829  12.78198175   3.03429017   3.61339477\n    6.96826672]\n [ -1.54658927  -3.57652451   3.03429017   3.48458621  -0.05239393\n    0.94431218]\n [  0.97572249   0.78432102   3.61339477  -0.05239393   9.04702237\n    6.16836522]\n [ -3.10442179  -5.41156729   6.96826672   0.94431218   6.16836522\n   10.50986268]]", "nfev": "210", "njev": "30", "status": "0", "success": "True", "message": "Optimization terminated successfully.", "x": "[ 1.34635015  7.96992722  0.63903591  1.85280376  4.83596215 -0.19319313]", "nit": "28", "callback": [0.6776146862894092, 0.630887134628393, 0.6086450743753116, 0.5894840214258605, 0.5558074611169471, 0.5192552415288529, 0.5120298892796107, 0.5037610670854653, 0.46134050641479996, 0.4260721376894745, 0.37177116428256174, 0.35610037071094536, 0.34559955685075594, 0.34006400853401864, 0.3364925132692874, 0.3303835487342752, 0.32283985875945165, 0.3203667126330494, 0.31797423809641157, 0.3175533710440325, 0.3170969753256534, 0.31675140918059885, 0.3165993983689277, 0.3165778085902651, 0.3165767492024767, 0.31657626058642374, 0.3165761843972247, 0.3165761796053409]}, "2": {"maxiter": 100, "gtol": 1e-05, "xrtol": 1e-10, "eps": 1e-05, "duration": 0.049746036529541016, "fun": "0.3165761796505784", "jac": "[ 4.54560833e-06  8.43658476e-07 -4.29615232e-06 -8.20132851e-07\n  6.39416298e-06  1.12226894e-06]", "hess_inv": "[[ 7.26149931e+00  9.24641693e+00 -4.74613572e+00 -1.46772431e+00\n   8.77031351e-01 -2.99453904e+00]\n [ 9.24641693e+00  2.30661770e+01 -1.17858689e+01 -3.16512568e+00\n  -4.92502959e-03 -5.24215307e+00]\n [-4.74613572e+00 -1.17858689e+01  1.17195164e+01  2.73374829e+00\n   4.17168742e+00  6.77204048e+00]\n [-1.46772431e+00 -3.16512568e+00  2.73374829e+00  3.39187158e+00\n   1.22992008e-01  9.54926269e-01]\n [ 8.77031351e-01 -4.92502959e-03  4.17168742e+00  1.22992008e-01\n   8.65974613e+00  6.05248389e+00]\n [-2.99453904e+00 -5.24215307e+00  6.77204048e+00  9.54926269e-01\n   6.05248389e+00  1.02433387e+01]]", "nfev": "210", "njev": "30", "status": "0", "success": "True", "message": "Optimization terminated successfully.", "x": "[ 1.34635774  7.96994013  0.63902201  1.85279126  4.83594998 -0.1932035 ]", "nit": "28", "callback": [0.6776146707415739, 0.6308870481950273, 0.6086454161800507, 0.5894845521492306, 0.5558069850441307, 0.5192530521591139, 0.5120290827912305, 0.5037597877765998, 0.4613268747965289, 0.42606490067481995, 0.3717722702611945, 0.35608099222331346, 0.34564660602794905, 0.34006941016167236, 0.33651719801977586, 0.33042772972973555, 0.32284975305400965, 0.32036105276575155, 0.3180035145510871, 0.31755462294719417, 0.3171248935388916, 0.31676432270819954, 0.31660411552241796, 0.3165780835300239, 0.3165768383884412, 0.3165762912556027, 0.31657618811360766, 0.3165761796505784]}, "3": {"maxiter": 100, "gtol": 1e-05, "xrtol": 1e-10, "eps": 1e-10, "duration": 0.05048799514770508, "fun": "0.3165761796053409", "jac": "[ 0.00000000e+00  1.11022293e-06 -5.55111466e-06  1.11022293e-06\n  6.66133760e-06 -2.22044587e-06]", "hess_inv": "[[  7.23686644   9.70675938  -5.2180714   -1.54658927   0.97572249\n   -3.10442179]\n [  9.70675938  25.32758981 -13.43783829  -3.57652451   0.78432102\n   -5.41156729]\n [ -5.2180714  -13.43783829  12.78198175   3.03429017   3.61339477\n    6.96826672]\n [ -1.54658927  -3.57652451   3.03429017   3.48458621  -0.05239393\n    0.94431218]\n [  0.97572249   0.78432102   3.61339477  -0.05239393   9.04702237\n    6.16836522]\n [ -3.10442179  -5.41156729   6.96826672   0.94431218   6.16836522\n   10.50986268]]", "nfev": "210", "njev": "30", "status": "0", "success": "True", "message": "Optimization terminated successfully.", "x": "[ 1.34635015  7.96992722  0.63903591  1.85280376  4.83596215 -0.19319313]", "nit": "28", "callback": [0.6776146862894092, 0.630887134628393, 0.6086450743753116, 0.5894840214258605, 0.5558074611169471, 0.5192552415288529, 0.5120298892796107, 0.5037610670854653, 0.46134050641479996, 0.4260721376894745, 0.37177116428256174, 0.35610037071094536, 0.34559955685075594, 0.34006400853401864, 0.3364925132692874, 0.3303835487342752, 0.32283985875945165, 0.3203667126330494, 0.31797423809641157, 0.3175533710440325, 0.3170969753256534, 0.31675140918059885, 0.3165993983689277, 0.3165778085902651, 0.3165767492024767, 0.31657626058642374, 0.3165761843972247, 0.3165761796053409]}, "4": {"maxiter": 100, "gtol": 1e-10, "xrtol": 1e-05, "eps": 1e-05, "duration": 0.10685300827026367, "fun": "0.31657617937667704", "jac": "[ 1.51412216e-07  3.60089736e-07  9.02933284e-07 -7.70283837e-07\n -6.13953333e-08 -1.10111920e-07]", "hess_inv": "[[ 6.93522545  7.89084008 -3.71896297 -1.39190567  0.88016712 -2.23044288]\n [ 7.89084008 19.92783819 -9.8082821  -2.77731927 -0.70883566 -4.43284386]\n [-3.71896297 -9.8082821  10.60394796  2.42313136  4.82631991  6.54325666]\n [-1.39190567 -2.77731927  2.42313136  3.37807202  0.09928806  0.7067694 ]\n [ 0.88016712 -0.70883566  4.82631991  0.09928806  8.86830481  6.72702863]\n [-2.23044288 -4.43284386  6.54325666  0.7067694   6.72702863 10.69882526]]", "nfev": "467", "njev": "65", "status": "2", "success": "False", "message": "Desired error not necessarily achieved due to precision loss.", "x": "[ 1.34630111  7.96985473  0.63905912  1.85280998  4.83590601 -0.19321411]", "nit": "29", "callback": [0.6776146707415739, 0.6308870481950273, 0.6086454161800507, 0.5894845521492306, 0.5558069850441307, 0.5192530521591139, 0.5120290827912305, 0.5037597877765998, 0.4613268747965289, 0.42606490067481995, 0.3717722702611945, 0.35608099222331346, 0.34564660602794905, 0.34006941016167236, 0.33651719801977586, 0.33042772972973555, 0.32284975305400965, 0.32036105276575155, 0.3180035145510871, 0.31755462294719417, 0.3171248935388916, 0.31676432270819954, 0.31660411552241796, 0.3165780835300239, 0.3165768383884412, 0.3165762912556027, 0.31657618811360766, 0.3165761796505784, 0.31657617937667704]}, "5": {"maxiter": 100, "gtol": 1e-10, "xrtol": 1e-05, "eps": 1e-10, "duration": 0.05389404296875, "fun": "0.31657617933711635", "jac": "[ 1.11022293e-06  0.00000000e+00 -1.11022293e-06  0.00000000e+00\n -2.22044587e-06  1.11022293e-06]", "hess_inv": "[[ 7.91490432  9.87745864 -3.88155719 -1.28397997  2.82638912 -0.84689732]\n [ 9.87745864 23.22661268 -9.02239154 -2.52634618  3.84467696 -0.51445769]\n [-3.88155719 -9.02239154  7.99540745  1.81019455  2.51590618  3.36147691]\n [-1.28397997 -2.52634618  1.81019455  3.18478774 -0.45316352 -0.09940203]\n [ 2.82638912  3.84467696  2.51590618 -0.45316352 11.06578638  7.19234323]\n [-0.84689732 -0.51445769  3.36147691 -0.09940203  7.19234323  9.38062691]]", "nfev": "231", "njev": "33", "status": "0", "success": "True", "message": "Optimization terminated successfully.", "x": "[ 1.34630563  7.9698349   0.63909065  1.8528192   4.83593215 -0.19318382]", "nit": "30", "callback": [0.6776146862894092, 0.630887134628393, 0.6086450743753116, 0.5894840214258605, 0.5558074611169471, 0.5192552415288529, 0.5120298892796107, 0.5037610670854653, 0.46134050641479996, 0.4260721376894745, 0.37177116428256174, 0.35610037071094536, 0.34559955685075594, 0.34006400853401864, 0.3364925132692874, 0.3303835487342752, 0.32283985875945165, 0.3203667126330494, 0.31797423809641157, 0.3175533710440325, 0.3170969753256534, 0.31675140918059885, 0.3165993983689277, 0.3165778085902651, 0.3165767492024767, 0.31657626058642374, 0.3165761843972247, 0.3165761796053409, 0.3165761793397972, 0.31657617933711635]}, "6": {"maxiter": 100, "gtol": 1e-10, "xrtol": 1e-10, "eps": 1e-05, "duration": 0.10730481147766113, "fun": "0.31657617937667704", "jac": "[ 1.51412216e-07  3.60089736e-07  9.02933284e-07 -7.70283837e-07\n -6.13953333e-08 -1.10111920e-07]", "hess_inv": "[[ 6.93522545  7.89084008 -3.71896297 -1.39190567  0.88016712 -2.23044288]\n [ 7.89084008 19.92783819 -9.8082821  -2.77731927 -0.70883566 -4.43284386]\n [-3.71896297 -9.8082821  10.60394796  2.42313136  4.82631991  6.54325666]\n [-1.39190567 -2.77731927  2.42313136  3.37807202  0.09928806  0.7067694 ]\n [ 0.88016712 -0.70883566  4.82631991  0.09928806  8.86830481  6.72702863]\n [-2.23044288 -4.43284386  6.54325666  0.7067694   6.72702863 10.69882526]]", "nfev": "467", "njev": "65", "status": "2", "success": "False", "message": "Desired error not necessarily achieved due to precision loss.", "x": "[ 1.34630111  7.96985473  0.63905912  1.85280998  4.83590601 -0.19321411]", "nit": "29", "callback": [0.6776146707415739, 0.6308870481950273, 0.6086454161800507, 0.5894845521492306, 0.5558069850441307, 0.5192530521591139, 0.5120290827912305, 0.5037597877765998, 0.4613268747965289, 0.42606490067481995, 0.3717722702611945, 0.35608099222331346, 0.34564660602794905, 0.34006941016167236, 0.33651719801977586, 0.33042772972973555, 0.32284975305400965, 0.32036105276575155, 0.3180035145510871, 0.31755462294719417, 0.3171248935388916, 0.31676432270819954, 0.31660411552241796, 0.3165780835300239, 0.3165768383884412, 0.3165762912556027, 0.31657618811360766, 0.3165761796505784, 0.31657617937667704]}, "7": {"maxiter": 100, "gtol": 1e-10, "xrtol": 1e-10, "eps": 1e-10, "duration": 0.12411212921142578, "fun": "0.3165761793313411", "jac": "[1.11022293e-06 0.00000000e+00 2.22044587e-06 2.22044587e-06\n 1.11022293e-06 2.22044587e-06]", "hess_inv": "[[ 1.04763656  0.28870922 -0.63546284  0.0465465   0.42759217 -0.9011346 ]\n [ 0.28870922  0.82123    -0.18799536  0.07908317 -0.2031137   0.24767648]\n [-0.63546284 -0.18799536  0.65955713 -0.00789659 -0.61592874  0.49451313]\n [ 0.0465465   0.07908317 -0.00789659  0.04002337 -0.04323553 -0.03301125]\n [ 0.42759217 -0.2031137  -0.61592874 -0.04323553  1.86951954 -1.64496521]\n [-0.9011346   0.24767648  0.49451313 -0.03301125 -1.64496521  2.57000059]]", "nfev": "544", "njev": "76", "status": "2", "success": "False", "message": "Desired error not necessarily achieved due to precision loss.", "x": "[ 1.34630217  7.96983217  0.63909156  1.85281919  4.83593615 -0.19318363]", "nit": "35", "callback": [0.6776146862894092, 0.630887134628393, 0.6086450743753116, 0.5894840214258605, 0.5558074611169471, 0.5192552415288529, 0.5120298892796107, 0.5037610670854653, 0.46134050641479996, 0.4260721376894745, 0.37177116428256174, 0.35610037071094536, 0.34559955685075594, 0.34006400853401864, 0.3364925132692874, 0.3303835487342752, 0.32283985875945165, 0.3203667126330494, 0.31797423809641157, 0.3175533710440325, 0.3170969753256534, 0.31675140918059885, 0.3165993983689277, 0.3165778085902651, 0.3165767492024767, 0.31657626058642374, 0.3165761843972247, 0.3165761796053409, 0.3165761793397972, 0.31657617933711635, 0.3165761793365478, 0.3165761793359039, 0.3165761793348354, 0.316576179333356, 0.3165761793313411]}, "8": {"maxiter": 500, "gtol": 1e-05, "xrtol": 1e-05, "eps": 1e-05, "duration": 0.047385215759277344, "fun": "0.3165761796505784", "jac": "[ 4.54560833e-06  8.43658476e-07 -4.29615232e-06 -8.20132851e-07\n  6.39416298e-06  1.12226894e-06]", "hess_inv": "[[ 7.26149931e+00  9.24641693e+00 -4.74613572e+00 -1.46772431e+00\n   8.77031351e-01 -2.99453904e+00]\n [ 9.24641693e+00  2.30661770e+01 -1.17858689e+01 -3.16512568e+00\n  -4.92502959e-03 -5.24215307e+00]\n [-4.74613572e+00 -1.17858689e+01  1.17195164e+01  2.73374829e+00\n   4.17168742e+00  6.77204048e+00]\n [-1.46772431e+00 -3.16512568e+00  2.73374829e+00  3.39187158e+00\n   1.22992008e-01  9.54926269e-01]\n [ 8.77031351e-01 -4.92502959e-03  4.17168742e+00  1.22992008e-01\n   8.65974613e+00  6.05248389e+00]\n [-2.99453904e+00 -5.24215307e+00  6.77204048e+00  9.54926269e-01\n   6.05248389e+00  1.02433387e+01]]", "nfev": "210", "njev": "30", "status": "0", "success": "True", "message": "Optimization terminated successfully.", "x": "[ 1.34635774  7.96994013  0.63902201  1.85279126  4.83594998 -0.1932035 ]", "nit": "28", "callback": [0.6776146707415739, 0.6308870481950273, 0.6086454161800507, 0.5894845521492306, 0.5558069850441307, 0.5192530521591139, 0.5120290827912305, 0.5037597877765998, 0.4613268747965289, 0.42606490067481995, 0.3717722702611945, 0.35608099222331346, 0.34564660602794905, 0.34006941016167236, 0.33651719801977586, 0.33042772972973555, 0.32284975305400965, 0.32036105276575155, 0.3180035145510871, 0.31755462294719417, 0.3171248935388916, 0.31676432270819954, 0.31660411552241796, 0.3165780835300239, 0.3165768383884412, 0.3165762912556027, 0.31657618811360766, 0.3165761796505784]}, "9": {"maxiter": 500, "gtol": 1e-05, "xrtol": 1e-05, "eps": 1e-10, "duration": 0.04729199409484863, "fun": "0.3165761796053409", "jac": "[ 0.00000000e+00  1.11022293e-06 -5.55111466e-06  1.11022293e-06\n  6.66133760e-06 -2.22044587e-06]", "hess_inv": "[[  7.23686644   9.70675938  -5.2180714   -1.54658927   0.97572249\n   -3.10442179]\n [  9.70675938  25.32758981 -13.43783829  -3.57652451   0.78432102\n   -5.41156729]\n [ -5.2180714  -13.43783829  12.78198175   3.03429017   3.61339477\n    6.96826672]\n [ -1.54658927  -3.57652451   3.03429017   3.48458621  -0.05239393\n    0.94431218]\n [  0.97572249   0.78432102   3.61339477  -0.05239393   9.04702237\n    6.16836522]\n [ -3.10442179  -5.41156729   6.96826672   0.94431218   6.16836522\n   10.50986268]]", "nfev": "210", "njev": "30", "status": "0", "success": "True", "message": "Optimization terminated successfully.", "x": "[ 1.34635015  7.96992722  0.63903591  1.85280376  4.83596215 -0.19319313]", "nit": "28", "callback": [0.6776146862894092, 0.6308871346283