{"date": "2024/09/25/, 21:06:30", "conf_id": 316, "data_type": "var_s_rank\n", "num_data_points": 4, "s_rank": 0, "unitary": "[[-0.56303964-0.00798273j,-0.21670212-0.15784972j,-0.06047197-0.73952673j,-0.01438004+0.24552571j],[-0.06976756+0.23474685j,-0.01275565-0.5435098j,-0.02703657-0.08917885j,-0.08210486-0.79311774j],[-0.38559961+0.10714929j,0.5933431-0.2687392j,-0.24060861+0.29149289j,-0.45147719+0.26241743j],[-0.50180421+0.45931857j,-0.11617175+0.44134496j,0.49642745+0.22684508j,-0.08544628-0.15407063j]]", "databatch_0": {"databatch": "[[[-0.05215768-0.18596051j,0.30333771+0.20874572j,-0.27093521-0.02921405j,0.26348808-0.05539906j],[0.08150127-0.02746551j,0.05503076+0.10827021j,-0.24022868+0.05890912j,-0.32125694-0.10885881j],[-0.09003207+0.08631183j,-0.06317875+0.09143514j,0.07372246-0.22987957j,-0.30949236+0.00889083j],[-0.29572837+0.07254392j,0.09507441-0.2987916j,0.05640764-0.24772682j,0.13300821+0.16323197j]],[[0.1129292+0.01440681j,0.015037+0.01136934j,0.0603598+0.21278493j,-0.19580092+0.45465032j],[0.0512604-0.18965323j,-0.00940122-0.0509087j,0.06102659-0.00288244j,0.28400961+0.02095746j],[-0.01126405-0.05943187j,-0.0185663-0.01112924j,-0.04627161+0.00938998j,-0.00578245-0.09460828j],[-0.11603784-0.40288123j,-0.13751332-0.09476037j,-0.21269257+0.12990713j,-0.06039582-0.5308851j]],[[-0.08366208-0.06298937j,0.04876579-0.00423675j,0.0082236+0.16880283j,0.18689009+0.03462018j],[-0.30944922+0.17918397j,-0.06328279+0.2212672j,-0.30429479-0.08129421j,0.21025361-0.30005976j],[-0.0436611+0.03817085j,-0.25286666-0.09359052j,-0.40211503+0.00549146j,-0.00491048+0.10168109j],[-0.00298293-0.39697667j,-0.18410245+0.10439187j,-0.04535609+0.1674247j,-0.1055414+0.12609741j]],[[-0.21871805+0.24033645j,0.30883979-0.13205255j,-0.20373003-0.18139821j,0.26594558+0.10118247j],[0.29492219-0.04698769j,0.26211971-0.13289117j,0.12449859-0.05127921j,0.14055494+0.29032662j],[0.06050797+0.27722996j,-0.04046319+0.05582956j,-0.19179176-0.22748421j,0.0462333-0.1015375j],[-0.04106235-0.07595248j,0.01773081-0.01261166j,0.20971168-0.05619816j,0.17282506-0.23935295j]]]", "initial param values": "[3.74355577,2.19456627,0.41880071,5.19377818,2.36934516,3.86066628]", "nelder_mead": {"type": "gradient-free", "0": {"maxiter": 100, "fatol": 1e-05, "xatol": 1e-05, "duration": 0.05933380126953125, "fun": "0.47824929822687345", "nit": "100", "nfev": "153", "status": "2", "success": "False", "message": "Maximum number of iterations has been exceeded.", "x": "[ 6.8479313  -0.34369554  0.97414406  8.09729846 -0.72740336  4.79303616]", "final_simplex": "(array([[ 6.8479313 , -0.34369554,  0.97414406,  8.09729846, -0.72740336,\n         4.79303616],\n       [ 6.76737632, -0.26326415,  0.94782013,  7.79099218, -0.61437804,\n         4.83522002],\n       [ 6.80448585, -0.31586901,  0.94758797,  7.83407372, -0.6405811 ,\n         4.7068609 ],\n       [ 6.76034638, -0.30449409,  0.96424889,  7.96019984, -0.66436365,\n         4.65373798],\n       [ 6.9635841 , -0.40385449,  0.97605632,  8.00069291, -0.75613533,\n         4.74481312],\n       [ 6.77488668, -0.52433941,  0.96731573,  8.02875632, -0.75843386,\n         4.84016812],\n       [ 6.85069748, -0.34926502,  0.9720131 ,  7.85978561, -0.73620325,\n         4.93250558]]), array([0.4782493 , 0.48028672, 0.4835413 , 0.48432858, 0.48443546,\n       0.48801391, 0.48853241]))", "callback": [0.9405486775872929, 0.8476266656820703, 0.7347567336180707, 0.7123430702138328, 0.6722707824596311, 0.6462211204904622, 0.5721853284532353, 0.5118248128216186, 0.5036072862640314, 0.492064774770511]}, "1": {"maxiter": 100, "fatol": 1e-05, "xatol": 1e-10, "duration": 0.04954028129577637, "fun": "0.47824929822687345", "nit": "100", "nfev": "153", "status": "2", "success": "False", "message": "Maximum number of iterations has been exceeded.", "x": "[ 6.8479313  -0.34369554  0.97414406  8.09729846 -0.72740336  4.79303616]", "final_simplex": "(array([[ 6.8479313 , -0.34369554,  0.97414406,  8.09729846, -0.72740336,\n         4.79303616],\n       [ 6.76737632, -0.26326415,  0.94782013,  7.79099218, -0.61437804,\n         4.83522002],\n       [ 6.80448585, -0.31586901,  0.94758797,  7.83407372, -0.6405811 ,\n         4.7068609 ],\n       [ 6.76034638, -0.30449409,  0.96424889,  7.96019984, -0.66436365,\n         4.65373798],\n       [ 6.9635841 , -0.40385449,  0.97605632,  8.00069291, -0.75613533,\n         4.74481312],\n       [ 6.77488668, -0.52433941,  0.96731573,  8.02875632, -0.75843386,\n         4.84016812],\n       [ 6.85069748, -0.34926502,  0.9720131 ,  7.85978561, -0.73620325,\n         4.93250558]]), array([0.4782493 , 0.48028672, 0.4835413 , 0.48432858, 0.48443546,\n       0.48801391, 0.48853241]))", "callback": [0.9405486775872929, 0.8476266656820703, 0.7347567336180707, 0.7123430702138328, 0.6722707824596311, 0.6462211204904622, 0.5721853284532353, 0.5118248128216186, 0.5036072862640314, 0.492064774770511]}, "2": {"maxiter": 100, "fatol": 1e-10, "xatol": 1e-05, "duration": 0.049939870834350586, "fun": "0.47824929822687345", "nit": "100", "nfev": "153", "status": "2", "success": "False", "message": "Maximum number of iterations has been exceeded.", "x": "[ 6.8479313  -0.34369554  0.97414406  8.09729846 -0.72740336  4.79303616]", "final_simplex": "(array([[ 6.8479313 , -0.34369554,  0.97414406,  8.09729846, -0.72740336,\n         4.79303616],\n       [ 6.76737632, -0.26326415,  0.94782013,  7.79099218, -0.61437804,\n         4.83522002],\n       [ 6.80448585, -0.31586901,  0.94758797,  7.83407372, -0.6405811 ,\n         4.7068609 ],\n       [ 6.76034638, -0.30449409,  0.96424889,  7.96019984, -0.66436365,\n         4.65373798],\n       [ 6.9635841 , -0.40385449,  0.97605632,  8.00069291, -0.75613533,\n         4.74481312],\n       [ 6.77488668, -0.52433941,  0.96731573,  8.02875632, -0.75843386,\n         4.84016812],\n       [ 6.85069748, -0.34926502,  0.9720131 ,  7.85978561, -0.73620325,\n         4.93250558]]), array([0.4782493 , 0.48028672, 0.4835413 , 0.48432858, 0.48443546,\n       0.48801391, 0.48853241]))", "callback": [0.9405486775872929, 0.8476266656820703, 0.7347567336180707, 0.7123430702138328, 0.6722707824596311, 0.6462211204904622, 0.5721853284532353, 0.5118248128216186, 0.5036072862640314, 0.492064774770511]}, "3": {"maxiter": 100, "fatol": 1e-10, "xatol": 1e-10, "duration": 0.046689748764038086, "fun": "0.47824929822687345", "nit": "100", "nfev": "153", "status": "2", "success": "False", "message": "Maximum number of iterations has been exceeded.", "x": "[ 6.8479313  -0.34369554  0.97414406  8.09729846 -0.72740336  4.79303616]", "final_simplex": "(array([[ 6.8479313 , -0.34369554,  0.97414406,  8.09729846, -0.72740336,\n         4.79303616],\n       [ 6.76737632, -0.26326415,  0.94782013,  7.79099218, -0.61437804,\n         4.83522002],\n       [ 6.80448585, -0.31586901,  0.94758797,  7.83407372, -0.6405811 ,\n         4.7068609 ],\n       [ 6.76034638, -0.30449409,  0.96424889,  7.96019984, -0.66436365,\n         4.65373798],\n       [ 6.9635841 , -0.40385449,  0.97605632,  8.00069291, -0.75613533,\n         4.74481312],\n       [ 6.77488668, -0.52433941,  0.96731573,  8.02875632, -0.75843386,\n         4.84016812],\n       [ 6.85069748, -0.34926502,  0.9720131 ,  7.85978561, -0.73620325,\n         4.93250558]]), array([0.4782493 , 0.48028672, 0.4835413 , 0.48432858, 0.48443546,\n       0.48801391, 0.48853241]))", "callback": [0.9405486775872929, 0.8476266656820703, 0.7347567336180707, 0.7123430702138328, 0.6722707824596311, 0.6462211204904622, 0.5721853284532353, 0.5118248128216186, 0.5036072862640314, 0.492064774770511]}, "4": {"maxiter": 500, "fatol": 1e-05, "xatol": 1e-05, "duration": 0.21017885208129883, "fun": "0.39370207122752754", "nit": "428", "nfev": "670", "status": "0", "success": "True", "message": "Optimization terminated successfully.", "x": "[ 7.17362265 -0.02286719  0.5333891   8.22683389  0.15801747  5.01798146]", "final_simplex": "(array([[ 7.17362265, -0.02286719,  0.5333891 ,  8.22683389,  0.15801747,\n         5.01798146],\n       [ 7.1736249 , -0.02287365,  0.53338972,  8.22683086,  0.15802167,\n         5.01798657],\n       [ 7.17362114, -0.02287234,  0.5333879 ,  8.22683181,  0.1580152 ,\n         5.01798869],\n       [ 7.1736233 , -0.02286756,  0.53338708,  8.22682921,  0.15801706,\n         5.01798482],\n       [ 7.17361989, -0.02287064,  0.5333921 ,  8.22682913,  0.15801867,\n         5.01798612],\n       [ 7.17361808, -0.0228757 ,  0.53339354,  8.22682835,  0.15801749,\n         5.01798423],\n       [ 7.17361981, -0.02286936,  0.53337964,  8.22683342,  0.1580188 ,\n         5.01798386]]), array([0.39370207, 0.39370207, 0.39370207, 0.39370207, 0.39370207,\n       0.39370207, 0.39370207]))", "callback": [0.9405486775872929, 0.8476266656820703, 0.7347567336180707, 0.7123430702138328, 0.6722707824596311, 0.6462211204904622, 0.5721853284532353, 0.5118248128216186, 0.5036072862640314, 0.492064774770511, 0.47824929822687345, 0.44852866892473864, 0.4293211319708783, 0.41156899609924236, 0.4001340026005896, 0.39699519290358, 0.3961475572984382, 0.39598287200010296, 0.39596938029304574, 0.395956215480606, 0.3959465950627271, 0.3959091807577557, 0.3957978865627829, 0.39566400118030287, 0.39527512186018643, 0.3948649665210806, 0.39419863352340023, 0.39408972648966567, 0.39385623889671584, 0.39378414601819733, 0.3937329926832702, 0.39371507073913525, 0.3937050993810717, 0.3937025081834371, 0.39370214803447323, 0.3937021146508658, 0.39370208704204057, 0.3937020753553039, 0.3937020731562666, 0.3937020716346855, 0.39370207136985136, 0.3937020712642768, 0.39370207124453693]}, "5": {"maxiter": 500, "fatol": 1e-05, "xatol": 1e-10, "duration": 0.3407399654388428, "fun": "0.3937020712180179", "nit": "500", "nfev": "780", "status": "2", "success": "False", "message": "Maximum number of iterations has been exceeded.", "x": "[ 7.17362852 -0.02287144  0.53339115  8.22683808  0.1580203   5.01798189]", "final_simplex": "(array([[ 7.17362852, -0.02287144,  0.53339115,  8.22683808,  0.1580203 ,\n         5.01798189],\n       [ 7.17362836, -0.0228714 ,  0.5333912 ,  8.22683804,  0.15802038,\n         5.01798204],\n       [ 7.17362856, -0.02287149,  0.53339159,  8.22683795,  0.15802045,\n         5.01798193],\n       [ 7.17362836, -0.02287134,  0.53339112,  8.2268378 ,  0.15802046,\n         5.01798175],\n       [ 7.17362842, -0.02287125,  0.53339134,  8.22683813,  0.15802024,\n         5.01798171],\n       [ 7.17362815, -0.02287167,  0.5333914 ,  8.22683806,  0.15802033,\n         5.01798196],\n       [ 7.17362859, -0.02287121,  0.53339091,  8.22683823,  0.15802072,\n         5.01798208]]), array([0.39370207, 0.39370207, 0.39370207, 0.39370207, 0.39370207,\n       0.39370207, 0.39370207]))", "callback": [0.9405486775872929, 0.8476266656820703, 0.7347567336180707, 0.7123430702138328, 0.6722707824596311, 0.6462211204904622, 0.5721853284532353, 0.5118248128216186, 0.5036072862640314, 0.492064774770511, 0.47824929822687345, 0.44852866892473864, 0.4293211319708783, 0.41156899609924236, 0.4001340026005896, 0.39699519290358, 0.3961475572984382, 0.39598287200010296, 0.39596938029304574, 0.395956215480606, 0.3959465950627271, 0.3959091807577557, 0.3957978865627829, 0.39566400118030287, 0.39527512186018643, 0.3948649665210806, 0.39419863352340023, 0.39408972648966567, 0.39385623889671584, 0.39378414601819733, 0.3937329926832702, 0.39371507073913525, 0.3937050993810717, 0.3937025081834371, 0.39370214803447323, 0.3937021146508658, 0.39370208704204057, 0.3937020753553039, 0.3937020731562666, 0.3937020716346855, 0.39370207136985136, 0.3937020712642768, 0.39370207124453693, 0.3937020712246113, 0.39370207121915224, 0.39370207121837364, 0.39370207121817224, 0.39370207121808287, 0.3937020712180541, 0.393702071218035]}, "6": {"maxiter": 500, "fatol": 1e-10, "xatol": 1e-05, "duration": 0.2411201000213623, "fun": "0.39370207122752754", "nit": "428", "nfev": "670", "status": "0", "success": "True", "message": "Optimization terminated successfully.", "x": "[ 7.17362265 -0.02286719  0.5333891   8.22683389  0.15801747  5.01798146]", "final_simplex": "(array([[ 7.17362265, -0.02286719,  0.5333891 ,  8.22683389,  0.15801747,\n         5.01798146],\n       [ 7.1736249 , -0.02287365,  0.53338972,  8.22683086,  0.15802167,\n         5.01798657],\n       [ 7.17362114, -0.02287234,  0.5333879 ,  8.22683181,  0.1580152 ,\n         5.01798869],\n       [ 7.1736233 , -0.02286756,  0.53338708,  8.22682921,  0.15801706,\n         5.01798482],\n       [ 7.17361989, -0.02287064,  0.5333921 ,  8.22682913,  0.15801867,\n         5.01798612],\n       [ 7.17361808, -0.0228757 ,  0.53339354,  8.22682835,  0.15801749,\n         5.01798423],\n       [ 7.17361981, -0.02286936,  0.53337964,  8.22683342,  0.1580188 ,\n         5.01798386]]), array([0.39370207, 0.39370207, 0.39370207, 0.39370207, 0.39370207,\n       0.39370207, 0.39370207]))", "callback": [0.9405486775872929, 0.8476266656820703, 0.7347567336180707, 0.7123430702138328, 0.6722707824596311, 0.6462211204904622, 0.5721853284532353, 0.5118248128216186, 0.5036072862640314, 0.492064774770511, 0.47824929822687345, 0.44852866892473864, 0.4293211319708783, 0.41156899609924236, 0.4001340026005896, 0.39699519290358, 0.3961475572984382, 0.39598287200010296, 0.39596938029304574, 0.395956215480606, 0.3959465950627271, 0.3959091807577557, 0.3957978865627829, 0.39566400118030287, 0.39527512186018643, 0.3948649665210806, 0.39419863352340023, 0.39408972648966567, 0.39385623889671584, 0.39378414601819733, 0.3937329926832702, 0.39371507073913525, 0.3937050993810717, 0.3937025081834371, 0.39370214803447323, 0.3937021146508658, 0.39370208704204057, 0.3937020753553039, 0.3937020731562666, 0.3937020716346855, 0.39370207136985136, 0.3937020712642768, 0.39370207124453693]}, "7": {"maxiter": 500, "fatol": 1e-10, "xatol": 1e-10, "duration": 0.26776790618896484, "fun": "0.3937020712180179", "nit": "500", "nfev": "780", "status": "2", "success": "False", "message": "Maximum number of iterations has been exceeded.", "x": "[ 7.17362852 -0.02287144  0.53339115  8.22683808  0.1580203   5.01798189]", "final_simplex": "(array([[ 7.17362852, -0.02287144,  0.53339115,  8.22683808,  0.1580203 ,\n         5.01798189],\n       [ 7.17362836, -0.0228714 ,  0.5333912 ,  8.22683804,  0.15802038,\n         5.01798204],\n       [ 7.17362856, -0.02287149,  0.53339159,  8.22683795,  0.15802045,\n         5.01798193],\n       [ 7.17362836, -0.02287134,  0.53339112,  8.2268378 ,  0.15802046,\n         5.01798175],\n       [ 7.17362842, -0.02287125,  0.53339134,  8.22683813,  0.15802024,\n         5.01798171],\n       [ 7.17362815, -0.02287167,  0.5333914 ,  8.22683806,  0.15802033,\n         5.01798196],\n       [ 7.17362859, -0.02287121,  0.53339091,  8.22683823,  0.15802072,\n         5.01798208]]), array([0.39370207, 0.39370207, 0.39370207, 0.39370207, 0.39370207,\n       0.39370207, 0.39370207]))", "callback": [0.9405486775872929, 0.8476266656820703, 0.7347567336180707, 0.7123430702138328, 0.6722707824596311, 0.6462211204904622, 0.5721853284532353, 0.5118248128216186, 0.5036072862640314, 0.492064774770511, 0.47824929822687345, 0.44852866892473864, 0.4293211319708783, 0.41156899609924236, 0.4001340026005896, 0.39699519290358, 0.3961475572984382, 0.39598287200010296, 0.39596938029304574, 0.395956215480606, 0.3959465950627271, 0.3959091807577557, 0.3957978865627829, 0.39566400118030287, 0.39527512186018643, 0.3948649665210806, 0.39419863352340023, 0.39408972648966567, 0.39385623889671584, 0.39378414601819733, 0.3937329926832702, 0.39371507073913525, 0.3937050993810717, 0.3937025081834371, 0.39370214803447323, 0.3937021146508658, 0.39370208704204057, 0.3937020753553039, 0.3937020731562666, 0.3937020716346855, 0.39370207136985136, 0.3937020712642768, 0.39370207124453693, 0.3937020712246113, 0.39370207121915224, 0.39370207121837364, 0.39370207121817224, 0.39370207121808287, 0.3937020712180541, 0.393702071218035]}, "8": {"maxiter": 1000, "fatol": 1e-05, "xatol": 1e-05, "duration": 0.23581790924072266, "fun": "0.39370207122752754", "nit": "428", "nfev": "670", "status": "0", "success": "True", "message": "Optimization terminated successfully.", "x": "[ 7.17362265 -0.02286719  0.5333891   8.22683389  0.15801747  5.01798146]", "final_simplex": "(array([[ 7.17362265, -0.02286719,  0.5333891 ,  8.22683389,  0.15801747,\n         5.01798146],\n       [ 7.1736249 , -0.02287365,  0.53338972,  8.22683086,  0.15802167,\n         5.01798657],\n       [ 7.17362114, -0.02287234,  0.5333879 ,  8.22683181,  0.1580152 ,\n         5.01798869],\n       [ 7.1736233 , -0.02286756,  0.53338708,  8.22682921,  0.15801706,\n         5.01798482],\n       [ 7.17361989, -0.02287064,  0.5333921 ,  8.22682913,  0.15801867,\n         5.01798612],\n       [ 7.17361808, -0.0228757 ,  0.53339354,  8.22682835,  0.15801749,\n         5.01798423],\n       [ 7.17361981, -0.02286936,  0.53337964,  8.22683342,  0.1580188 ,\n         5.01798386]]), array([0.39370207, 0.39370207, 0.39370207, 0.39370207, 0.39370207,\n       0.39370207, 0.39370207]))", "callback": [0.9405486775872929, 0.8476266656820703, 0.7347567336180707, 0.7123430702138328, 0.6722707824596311, 0.6462211204904622, 0.5721853284532353, 0.5118248128216186, 0.5036072862640314, 0.492064774770511, 0.47824929822687345, 0.44852866892473864, 0.4293211319708783, 0.41156899609924236, 0.4001340026005896, 0.39699519290358, 0.3961475572984382, 0.39598287200010296, 0.39596938029304574, 0.395956215480606, 0.3959465950627271, 0.3959091807577557, 0.3957978865627829, 0.39566400118030287, 0.39527512186018643, 0.3948649665210806, 0.39419863352340023, 0.39408972648966567, 0.39385623889671584, 0.39378414601819733, 0.3937329926832702, 0.39371507073913525, 0.3937050993810717, 0.3937025081834371, 0.39370214803447323, 0.3937021146508658, 0.39370208704204057, 0.3937020753553039, 0.3937020731562666, 0.3937020716346855, 0.39370207136985136, 0.3937020712642768, 0.39370207124453693]}, "9": {"maxiter": 1000, "fatol": 1e-05, "xatol": 1e-10, "duration": 0.30745697021484375, "fun": "0.39370207121801126", "nit": "556", "nfev": "934", "status": "0", "success": "True", "message": "Optimization terminated successfully.", "x": "[ 7.17362856 -0.02287156  0.53339133  8.22683797  0.1580204   5.01798185]", "final_simplex": "(array([[ 7.17362856, -0.02287156,  0.53339133,  8.22683797,  0.1580204 ,\n         5.01798185],\n       [ 7.17362856, -0.02287156,  0.53339133,  8.22683797,  0.1580204 ,\n         5.01798185],\n       [ 7.17362856, -0.02287156,  0.53339133,  8.22683797,  0.1580204 ,\n         5.01798185],\n       [ 7.17362856, -0.02287156,  0.53339133,  8.22683797,  0.1580204 ,\n         5.01798185],\n       [ 7.17362856, -0.02287156,  0.53339133,  8.22683797,  0.1580204 ,\n         5.01798185],\n       [ 7.17362856, -0.02287156,  0.53339133,  8.22683797,  0.1580204 ,\n         5.01798185],\n       [ 7.17362856, -0.02287156,  0.53339133,  8.22683797,  0.1580204 ,\n         5.01798185]]), array([0.39370207, 0.39370207, 0.39370207, 0.39370207, 0.39370207,\n       0.39370207, 0.39370207]))", "callback": [0.9405486775872929, 0.8476266656820703, 0.7347567336180707, 0.7123430702138328, 0.6722707824596311, 0.6462211204904622, 0.5721853284532353, 0.5118248128216186, 0.5036072862640314, 0.492064774770511, 0.47824929822687345, 0.44852866892473864, 0.4293211319708783, 0.41156899609924236, 0.4001340026005896, 0.39699519290358, 0.3961475572984382, 0.39598287200010296, 0.39596938029304574, 0.395956215480606, 0.3959465950627271, 0.3959091807577557, 0.3957978865627829, 0.39566400118030287, 0.39527512186018643, 0.3948649665210806, 0.39419863352340023, 0.39408972648966567, 0.39385623889671584, 0.39378414601819733, 0.3937329926832702, 0.39371507073913525, 0.3937050993810717, 0.3937025081834371, 0.39370214803447323, 0.3937021146508658, 0.39370208704204057, 0.3937020753553039, 0.3937020731562666, 0.3937020716346855, 0.39370207136985136, 0.3937020712642768, 0.39370207124453693, 0.3937020712246113, 0.39370207121915224, 0.39370207121837364, 0.39370207121817224, 0.39370207121808287, 0.3937020712180541, 0.393702071218035, 0.3937020712180179, 0.39370207121801304, 0.3937020712180117, 0.3937020712180116, 0.3937020712180115, 0.3937020712180114]}, "10": {"maxiter": 1000, "fatol": 1e-10, "xatol": 1e-05, "duration": 0.2190690040588379, "fun": "0.39370207122752754", "nit": "428", "nfev": "670", "status": "0", "success": "True", "message": "Optimization terminated successfully.", "x": "[ 7.17362265 -0.02286719  0.5333891   8.22683389  0.15801747  5.01798146]", "final_simplex": "(array([[ 7.17362265, -0.02286719,  0.5333891 ,  8.22683389,  0.15801747,\n         5.01798146],\n       [ 7.1736249 , -0.02287365,  0.53338972,  8.22683086,  0.15802167,\n         5.01798657],\n       [ 7.17362114, -0.02287234,  0.5333879 ,  8.22683181,  0.1580152 ,\n         5.01798869],\n       [ 7.1736233 , -0.02286756,  0.53338708,  8.22682921,  0.15801706,\n         5.01798482],\n       [ 7.17361989, -0.02287064,  0.5333921 ,  8.22682913,  0.15801867,\n         5.01798612],\n       [ 7.17361808, -0.0228757 ,  0.53339354,  8.22682835,  0.15801749,\n         5.01798423],\n       [ 7.17361981, -0.02286936,  0.53337964,  8.22683342,  0.1580188 ,\n         5.01798386]]), array([0.39370207, 0.39370207, 0.39370207, 0.39370207, 0.39370207,\n       0.39370207, 0.39370207]))", "callback": [0.9405486775872929, 0.8476266656820703, 0.7347567336180707, 0.7123430702138328, 0.6722707824596311, 0.6462211204904622, 0.5721853284532353, 0.5118248128216186, 0.5036072862640314, 0.492064774770511, 0.47824929822687345, 0.44852866892473864, 0.4293211319708783, 0.41156899609924236, 0.4001340026005896, 0.39699519290358, 0.3961475572984382, 0.39598287200010296, 0.39596938029304574, 0.395956215480606, 0.3959465950627271, 0.3959091807577557, 0.3957978865627829, 0.39566400118030287, 0.39527512186018643, 0.3948649665210806, 0.39419863352340023, 0.39408972648966567, 0.39385623889671584, 0.39378414601819733, 0.3937329926832702, 0.39371507073913525, 0.3937050993810717, 0.3937025081834371, 0.39370214803447323, 0.3937021146508658, 0.39370208704204057, 0.3937020753553039, 0.3937020731562666, 0.3937020716346855, 0.39370207136985136, 0.3937020712642768, 0.39370207124453693]}, "11": {"maxiter": 1000, "fatol": 1e-10, "xatol": 1e-10, "duration": 0.282120943069458, "fun": "0.39370207121801126", "nit": "556", "nfev": "934", "status": "0", "success": "True", "message": "Optimization terminated successfully.", "x": "[ 7.17362856 -0.02287156  0.53339133  8.22683797  0.1580204   5.01798185]", "final_simplex": "(array([[ 7.17362856, -0.02287156,  0.53339133,  8.22683797,  0.1580204 ,\n         5.01798185],\n       [ 7.17362856, -0.02287156,  0.53339133,  8.22683797,  0.1580204 ,\n         5.01798185],\n       [ 7.17362856, -0.02287156,  0.53339133,  8.22683797,  0.1580204 ,\n         5.01798185],\n       [ 7.17362856, -0.02287156,  0.53339133,  8.22683797,  0.1580204 ,\n         5.01798185],\n       [ 7.17362856, -0.02287156,  0.53339133,  8.22683797,  0.1580204 ,\n         5.01798185],\n       [ 7.17362856, -0.02287156,  0.53339133,  8.22683797,  0.1580204 ,\n         5.01798185],\n       [ 7.17362856, -0.02287156,  0.53339133,  8.22683797,  0.1580204 ,\n         5.01798185]]), array([0.39370207, 0.39370207, 0.39370207, 0.39370207, 0.39370207,\n       0.39370207, 0.39370207]))", "callback": [0.9405486775872929, 0.8476266656820703, 0.7347567336180707, 0.7123430702138328, 0.6722707824596311, 0.6462211204904622, 0.5721853284532353, 0.5118248128216186, 0.5036072862640314, 0.492064774770511, 0.47824929822687345, 0.44852866892473864, 0.4293211319708783, 0.41156899609924236, 0.4001340026005896, 0.39699519290358, 0.3961475572984382, 0.39598287200010296, 0.39596938029304574, 0.395956215480606, 0.3959465950627271, 0.3959091807577557, 0.3957978865627829, 0.39566400118030287, 0.39527512186018643, 0.3948649665210806, 0.39419863352340023, 0.39408972648966567, 0.39385623889671584, 0.39378414601819733, 0.3937329926832702, 0.39371507073913525, 0.3937050993810717, 0.3937025081834371, 0.39370214803447323, 0.3937021146508658, 0.39370208704204057, 0.3937020753553039, 0.3937020731562666, 0.3937020716346855, 0.39370207136985136, 0.3937020712642768, 0.39370207124453693, 0.3937020712246113, 0.39370207121915224, 0.39370207121837364, 0.39370207121817224, 0.39370207121808287, 0.3937020712180541, 0.393702071218035, 0.3937020712180179, 0.39370207121801304, 0.3937020712180117, 0.3937020712180116, 0.3937020712180115, 0.3937020712180114]}}, "bfgs": {"type": "gradient", "0": {"maxiter": 100, "gtol": 1e-05, "xrtol": 1e-05, "eps": 1e-05, "duration": 0.12972187995910645, "fun": "0.393702071482831", "jac": "[ 4.14339674e-06  7.34187156e-06  8.29092350e-06 -4.07524015e-06\n -6.19808649e-06  5.39210898e-06]", "hess_inv": "[[ 4.37694572  0.8621988  -0.02918277  0.69528324  1.27667083 -1.05223912]\n [ 0.8621988   7.59214996 -4.01356208  1.03479911  1.47227933 -0.89530339]\n [-0.02918277 -4.01356208  7.30686243 -0.97166084 -1.48982496 -1.78280345]\n [ 0.69528324  1.03479911 -0.97166084  3.68626783  0.36462974  0.27457026]\n [ 1.27667083  1.47227933 -1.48982496  0.36462974  4.46559962  1.14836419]\n [-1.05223912 -0.89530339 -1.78280345  0.27457026  1.14836419  5.55400856]]", "nfev": "420", "njev": "60", "status": "0", "success": "True", "message": "Optimization terminated successfully.", "x": "[ 7.17362771 -0.02287625  0.53342445  8.22681528  0.15798841  5.01797344]", "nit": "35", "callback": [0.9390783987209818, 0.730097205947214, 0.7281123894588777, 0.6612068484646204, 0.6525378109184837, 0.6440921067277496, 0.6420613881935173, 0.6388749766980156, 0.637019572564907, 0.6367249343973146, 0.6362531472513424, 0.6358425193446915, 0.6357723799681982, 0.6357063982011568, 0.6356451580094484, 0.6355538581868274, 0.6354796884924127, 0.6354514609223434, 0.6354404138012053, 0.6354305376060826, 0.5389160386942237, 0.5389131096085409, 0.5313149375263075, 0.48192774989728204, 0.43707260281566374, 0.4098351382912446, 0.4022836151835355, 0.3970146912402317, 0.39467435721704436, 0.393757709970193, 0.39371694724604533, 0.3937061629104881, 0.39370250404528484, 0.393702085554441, 0.393702071482831]}, "1": {"maxiter": 100, "gtol": 1e-05, "xrtol": 1e-05, "eps": 1e-10, "duration": 0.12423992156982422, "fun": "0.3937020712391124", "jac": "[ 2.22044587e-06  2.22044602e-06  3.33066880e-06  0.00000000e+00\n -2.22044587e-06  1.11022293e-06]", "hess_inv": "[[ 4.32836456  1.0802565  -0.08986045  0.67413557  1.1165324  -1.22218907]\n [ 1.0802565   7.13429331 -3.87877164  1.1680836   1.58107039 -0.85689116]\n [-0.08986045 -3.87877164  6.73660416 -1.07244997 -1.52514366 -1.88584825]\n [ 0.67413557  1.1680836  -1.07244997  3.74678826  0.49232623  0.27839406]\n [ 1.1165324   1.58107039 -1.52514366  0.49232623  4.71548981  1.19592973]\n [-1.22218907 -0.85689116 -1.88584825  0.27839406  1.19592973  5.73364226]]", "nfev": "413", "njev": "59", "status": "0", "success": "True", "message": "Optimization terminated successfully.", "x": "[ 7.17363028 -0.02287008  0.53340068  8.22683856  0.15801129  5.01797696]", "nit": "35", "callback": [0.9390796200654373, 0.7300951064189765, 0.728129403101637, 0.6616254589506054, 0.6528984969795346, 0.644105834966554, 0.6420918279125116, 0.6389162575345335, 0.6370184081544263, 0.6367255625795782, 0.6362553426480472, 0.6358415324714897, 0.6357725039618909, 0.6357060433610805, 0.6356445643200712, 0.6355529807383276, 0.6354792544200367, 0.635451413482668, 0.635440489424305, 0.6354305660760272, 0.5385530320881844, 0.5385497716842838, 0.530058243606259, 0.4713904017850241, 0.43008497437221427, 0.4231781171823732, 0.4111635978996848, 0.3967092401039862, 0.3944889371953333, 0.3937715391468102, 0.39372240181214546, 0.39370903147713954, 0.39370299665275865, 0.393702082148352, 0.3937020712391124]}, "2": {"maxiter": 100, "gtol": 1e-05, "xrtol": 1e-10, "eps": 1e-05, "duration": 0.13219785690307617, "fun": "0.393702071482831", "jac": "[ 4.14339674e-06  7.34187156e-06  8.29092350e-06 -4.07524015e-06\n -6.19808649e-06  5.39210898e-06]", "hess_inv": "[[ 4.37694572  0.8621988  -0.02918277  0.69528324  1.27667083 -1.05223912]\n [ 0.8621988   7.59214996 -4.01356208  1.03479911  1.47227933 -0.89530339]\n [-0.02918277 -4.01356208  7.30686243 -0.97166084 -1.48982496 -1.78280345]\n [ 0.69528324  1.03479911 -0.97166084  3.68626783  0.36462974  0.27457026]\n [ 1.27667083  1.47227933 -1.48982496  0.36462974  4.46559962  1.14836419]\n [-1.05223912 -0.89530339 -1.78280345  0.27457026  1.14836419  5.55400856]]", "nfev": "420", "njev": "60", "status": "0", "success": "True", "message": "Optimization terminated successfully.", "x": "[ 7.17362771 -0.02287625  0.53342445  8.22681528  0.15798841  5.01797344]", "nit": "35", "callback": [0.9390783987209818, 0.730097205947214, 0.7281123894588777, 0.6612068484646204, 0.6525378109184837, 0.6440921067277496, 0.6420613881935173, 0.6388749766980156, 0.637019572564907, 0.6367249343973146, 0.6362531472513424, 0.6358425193446915, 0.6357723799681982, 0.6357063982011568, 0.6356451580094484, 0.6355538581868274, 0.6354796884924127, 0.6354514609223434, 0.6354404138012053, 0.6354305376060826, 0.5389160386942237, 0.5389131096085409, 0.5313149375263075, 0.48192774989728204, 0.43707260281566374, 0.4098351382912446, 0.4022836151835355, 0.3970146912402317, 0.39467435721704436, 0.393757709970193, 0.39371694724604533, 0.3937061629104881, 0.39370250404528484, 0.393702085554441, 0.393702071482831]}, "3": {"maxiter": 100, "gtol": 1e-05, "xrtol": 1e-10, "eps": 1e-10, "duration": 0.13901376724243164, "fun": "0.3937020712391124", "jac": "[ 2.22044587e-06  2.22044602e-06  3.33066880e-06  0.00000000e+00\n -2.22044587e-06  1.11022293e-06]", "hess_inv": "[[ 4.32836456  1.0802565  -0.08986045  0.67413557  1.1165324  -1.22218907]\n [ 1.0802565   7.13429331 -3.87877164  1.1680836   1.58107039 -0.85689116]\n [-0.08986045 -3.87877164  6.73660416 -1.07244997 -1.52514366 -1.88584825]\n [ 0.67413557  1.1680836  -1.07244997  3.74678826  0.49232623  0.27839406]\n [ 1.1165324   1.58107039 -1.52514366  0.49232623  4.71548981  1.19592973]\n [-1.22218907 -0.85689116 -1.88584825  0.27839406  1.19592973  5.73364226]]", "nfev": "413", "njev": "59", "status": "0", "success": "True", "message": "Optimization terminated successfully.", "x": "[ 7.17363028 -0.02287008  0.53340068  8.22683856  0.15801129  5.01797696]", "nit": "35", "callback": [0.9390796200654373, 0.7300951064189765, 0.728129403101637, 0.6616254589506054, 0.6528984969795346, 0.644105834966554, 0.6420918279125116, 0.6389162575345335, 0.6370184081544263, 0.6367255625795782, 0.6362553426480472, 0.6358415324714897, 0.6357725039618909, 0.6357060433610805, 0.6356445643200712, 0.6355529807383276, 0.6354792544200367, 0.635451413482668, 0.635440489424305, 0.6354305660760272, 0.5385530320881844, 0.5385497716842838, 0.530058243606259, 0.4713904017850241, 0.43008497437221427, 0.4231781171823732, 0.4111635978996848, 0.3967092401039862, 0.3944889371953333, 0.3937715391468102, 0.39372240181214546, 0.39370903147713954, 0.39370299665275865, 0.393702082148352, 0.3937020712391124]}, "4": {"maxiter": 100, "gtol": 1e-10, "xrtol": 1e-05, "eps": 1e-05, "duration": 0.14887332916259766, "fun": "0.39370207125506596", "jac": "[-7.99227351e-07 -7.03559433e-07 -6.51556586e-07  3.38229444e-07\n  4.58855176e-08 -5.61484192e-07]", "hess_inv": "[[ 4.48311511  0.85843469  0.09129651  0.56641532  1.14384328 -1.07601113]\n [ 0.85843469  7.54632771 -4.16296533  1.06142072  1.53038506 -0.88173149]\n [ 0.09129651 -4.16296533  6.98524256 -1.0482537  -1.47192513 -1.76958004]\n [ 0.56641532  1.06142072 -1.0482537   3.83210469  0.50023187  0.29731632]\n [ 1.14384328  1.53038506 -1.47192513  0.50023187  4.56973694  1.16331505]\n [-1.07601113 -0.88173149 -1.76958004  0.29731632  1.16331505  5.55580548]]", "nfev": "427", "njev": "61", "status": "0", "success": "True", "message": "Optimization terminated successfully.", "x": "[ 7.17361728 -0.02288213  0.53339287  8.22683095  0.15800873  5.01797751]", "nit": "36", "callback": [0.9390783987209818, 0.730097205947214, 0.7281123894588777, 0.6612068484646204, 0.6525378109184837, 0.6440921067277496, 0.6420613881935173, 0.6388749766980156, 0.637019572564907, 0.6367249343973146, 0.6362531472513424, 0.6358425193446915, 0.6357723799681982, 0.6357063982011568, 0.6356451580094484, 0.6355538581868274, 0.6354796884924127, 0.6354514609223434, 0.6354404138012053, 0.6354305376060826, 0.5389160386942237, 0.5389131096085409, 0.5313149375263075, 0.48192774989728204, 0.43707260281566374, 0.4098351382912446, 0.4022836151835355, 0.3970146912402317, 0.39467435721704436, 0.393757709970193, 0.39371694724604533, 0.3937061629104881, 0.39370250404528484, 0.393702085554441, 0.393702071482831, 0.39370207125506596]}, "5": {"maxiter": 100, "gtol": 1e-10, "xrtol": 1e-05, "eps": 1e-10, "duration": 0.14484286308288574, "fun": "0.39370207122415735", "jac": "[-2.22044587e-06 -1.11022301e-06 -1.11022293e-06 -1.11022293e-06\n -1.11022293e-06 -1.11022293e-06]", "hess_inv": "[[ 4.23177456  1.06464243 -0.24898971  0.67289879  1.20598699 -1.14580306]\n [ 1.06464243  7.1506273  -3.99315343  1.18457787  1.63837175 -0.80077928]\n [-0.24898971 -3.99315343  6.89125448 -1.15297254 -1.57917852 -1.96575299]\n [ 0.67289879  1.18457787 -1.15297254  3.76155105  0.53139664  0.31811432]\n [ 1.20598699  1.63837175 -1.57917852  0.53139664  4.7299669   1.22460701]\n [-1.14580306 -0.80077928 -1.96575299  0.31811432  1.22460701  5.77479676]]", "nfev": "420", "njev": "60", "status": "0", "success": "True", "message": "Optimization terminated successfully.", "x": "[ 7.1736233  -0.02287049  0.53338582  8.2268391   0.15801938  5.01798414]", "nit": "36", "callback": [0.9390796200654373, 0.7300951064189765, 0.728129403101637, 0.6616254589506054, 0.6528984969795346, 0.644105834966554, 0.6420918279125116, 0.6389162575345335, 0.6370184081544263, 0.6367255625795782, 0.6362553426480472, 0.6358415324714897, 0.6357725039618909, 0.6357060433610805, 0.6356445643200712, 0.6355529807383276, 0.6354792544200367, 0.635451413482668, 0.635440489424305, 0.6354305660760272, 0.5385530320881844, 0.5385497716842838, 0.530058243606259, 0.4713904017850241, 0.43008497437221427, 0.4231781171823732, 0.4111635978996848, 0.3967092401039862, 0.3944889371953333, 0.3937715391468102, 0.39372240181214546, 0.39370903147713954, 0.39370299665275865, 0.393702082148352, 0.3937020712391124, 0.39370207122415735]}, "6": {"maxiter": 100, "gtol": 1e-10, "xrtol": 1e-10, "eps": 1e-05, "duration": 0.17050909996032715, "fun": "0.39370207124256373", "jac": "[-1.11022302e-11  0.00000000e+00  1.11022302e-11 -1.11022302e-11\n  0.00000000e+00  2.22044605e-11]", "hess_inv": "[[ 4.30502517  1.03694522 -0.24533522  0.62727346  1.24164669 -1.0932733 ]\n [ 1.03694522  7.23206726 -4.0046291   1.31804986  1.65389523 -0.9196014 ]\n [-0.24533522 -4.0046291   6.75678521 -1.1644399  -1.6144752  -1.78972245]\n [ 0.62727346  1.31804986 -1.1644399   3.82883521  0.5915435   0.27956967]\n [ 1.24164669  1.65389523 -1.6144752   0.5915435   4.75358498  1.16957273]\n [-1.0932733  -0.9196014  -1.78972245  0.27956967  1.16957273  5.5855336 ]]", "nfev": "448", "njev": "64", "status": "0", "success": "True", "message": "Optimization terminated successfully.", "x": "[ 7.17362039 -0.02287987  0.53339371  8.22683043  0.15801006  5.01797782]", "nit": "39", "callback": [0.9390783987209818, 0.730097205947214, 0.7281123894588777, 0.6612068484646204, 0.6525378109184837, 0.6440921067277496, 0.6420613881935173, 0.6388749766980156, 0.637019572564907, 0.6367249343973146, 0.6362531472513424, 0.6358425193446915, 0.6357723799681982, 0.6357063982011568, 0.6356451580094484, 0.6355538581868274, 0.6354796884924127, 0.6354514609223434, 0.6354404138012053, 0.6354305376060826, 0.5389160386942237, 0.5389131096085409, 0.5313149375263075, 0.48192774989728204, 0.43707260281566374, 0.4098351382912446, 0.4022836151835355, 0.3970146912402317, 0.39467435721704436, 0.393757709970193, 0.39371694724604533, 0.3937061629104881, 0.39370250404528484, 0.393702085554441, 0.393702071482831, 0.39370207125506596, 0.3937020712426039, 0.39370207124257073, 0.39370207124256373]}, "7": {"maxiter": 100, "gtol": 1e-10, "xrtol": 1e-10, "eps": 1e-10, "duration": 0.22789502143859863, "fun": "0.39370207122221823", "jac": "[-1.11022293e-06  0.00000000e+00  0.00000000e+00  0.00000000e+00\n -1.11022293e-06 -1.11022293e-06]", "hess_inv": "[[ 0.18400955  0.33137211 -1.19537063  1.02145794  0.16289088 -0.16028664]\n [ 0.33137211  0.61883828 -2.20942167  1.88636672  0.30578972 -0.30095976]\n [-1.19537063 -2.20942167  7.92438096 -6.76506454 -1.09610595  1.07379588]\n [ 1.02145794  1.88636672 -6.76506454  5.77827231  0.93442305 -0.91758678]\n [ 0.16289088  0.30578972 -1.09610595  0.93442305  0.15510436 -0.14970475]\n [-0.16028664 -0.30095976  1.07379588 -0.91758678 -0.14970475  0.14733071]]", "nfev": "616", "njev": "88", "status": "2", "success": "False", "message": "Desired error not necessarily achieved due to precision loss.", "x": "[ 7.17362326 -0.022871    0.53338835  8.22683684  0.15801968  5.0179849 ]", "nit": "46", "callback": [0.9390796200654373, 0.7300951064189765, 0.728129403101637, 0.6616254589506054, 0.6528984969795346, 0.644105834966554, 0.6420918279125116, 0.6389162575345335, 0.6370184081544263, 0.6367255625795782, 0.6362553426480472, 0.6358415324714897, 0.6357725039618909, 0.6357060433610805, 0.6356445643200712, 0.6355529807383276, 0.6354792544200367, 0.635451413482668, 0.635440489424305, 0.6354305660760272, 0.5385530320881844, 0.5385497716842838, 0.530058243606259, 0.4713904017850241, 0.43008497437221427, 0.4231781171823732, 0.4111635978996848, 0.3967092401039862, 0.3944889371953333, 0.3937715391468102, 0.39372240181214546, 0.39370903147713954, 0.39370299665275865, 0.393702082148352, 0.3937020712391124, 0.39370207122415735, 0.3937020712241488, 0.39370207122414225, 0.39370207122413925, 0.39370207122413625, 0.39370207122413436, 0.3937020712241319, 0.39370207122242995, 0.39370207122224476, 0.39370207122221823, 0.39370207122221823]}, "8": {"maxiter": 500, "gtol": 1e-05, "xrtol": 1e-05, "eps": 1e-05, "duration": 0.15490007400512695, "fun": "0.393702071482831", "jac": "[ 4.14339674e-06  7.34187156e-06  8.29092350e-06 -4.07524015e-06\n -6.19808649e-06  5.39210898e-06]", "hess_inv": "[[ 4.37694572  0.8621988  -0.02918277  0.69528324  1.27667083 -1.05223912]\n [ 0.8621988   7.59214996 -4.01356208  1.03479911  1.47227933 -0.89530339]\n [-0.02918277 -4.01356208  7.30686243 -0.97166084 -1.48982496 -1.78280345]\n [ 0.69528324  1.03479911 -0.97166084  3.68626783  0.36462974  0.27457026]\n [ 1.27667083  1.47227933 -1.48982496  0.36462974  4.46559962  1.14836419]\n [-1.05223912 -0.89530339 -1.78280345  0.27457026  1.14836419  5.55400856]]", "nfev": "420", "njev": "60", "status": "0", "success": "True", "message": "Optimization terminated successfully.", "x": "[ 7.17362771 -0.02287625  0.53342445  8.22681528  0.15798841  5.01797344]", "nit": "35", "callback": [0.9390783987209818, 0.730097205947214, 0.7281123894588777, 0.6612068484646204, 0.6525378109184837, 0.6440921067277496, 0.6420613881935173, 0.6388749766980156, 0.637019572564907, 0.6367249343973146, 0.6362531472513424, 0.6358425193446915, 0.6357723799681982, 0.6357063982011568, 0.6356451580094484, 0.6355538581868274, 0.6354796884924127, 0.6354514609223434, 0.6354404138012053, 0.6354305376060826, 0.5389160386942237, 0.5389131096085409, 0.5313149375263075, 0.48192774989728204, 0.43707260281566374, 0.4098351382912446, 0.4022836151835355, 0.3970146912402317, 0.39467435721704436, 0.393757709970193, 0.39371694724604533, 0.3937061629104881, 0.39370250404528484, 0.393702085554441, 0.393702071482831]}, "9": {"maxiter": 500, "gtol": 1e-05, "xrtol": 1e-05, "eps": 1e-10, "duration": 0.14244508743286133, "fun": "0.3937020712391124", "jac": "[ 2.22044587e-06  2.22044602e-06  3.33066880e-06  0.00000000e+00\n -2.22044587e-06  1.11022293e-06]", "hess_inv": "[[ 4.32836456  1.0802565  -0.08986045  0.67413557  1.1165324  -1.22218907]\n [ 1.0802565   7.13429331 -3.87877164  1.1680836   1.58107039 -0.85689116]\n [-0.08986045 -3.87877164  6.7366041