{"date": "2024/09/24/, 20:10:42", "conf_id": 39, "data_type": "random\n", "num_data_points": 2, "s_rank": 0, "unitary": "[[-0.24866696+0.58742286j,-0.44704345-0.43151574j,-0.35669027-0.20570733j,-0.10517633+0.1626036j],[0.10596805-0.19687975j,-0.30269685-0.15056416j,0.18246286+0.30440582j,-0.83484447-0.11310748j],[0.26054512-0.52548482j,0.0285017-0.50723956j,-0.43110112+0.17165838j,0.15243271+0.39915801j],[0.42978035+0.11991271j,-0.17224126-0.46030424j,0.6827807-0.15164662j,0.26483638+0.0061855j]]", "databatch_0": {"databatch": "[[[0.2899831+0.09661422j,-0.09012481-0.09409548j,0.11340146+0.15212825j,0.09672928-0.34383353j],[0.00829794-0.12135414j,0.3339525-0.06584563j,0.33165659-0.13895769j,0.25902902+0.03472306j],[-0.12374551+0.11325095j,0.10047156+0.19538283j,-0.12170282-0.03747861j,0.04648265-0.08858834j],[-0.00086499+0.12874709j,0.03097833+0.11905253j,-0.28579563-0.26169346j,0.0786504+0.32720753j]],[[0.04863785+0.12629008j,-0.01092007+0.14590644j,0.28195926-0.19060785j,-0.13925513-0.18000978j],[0.18858471+0.10598429j,0.4217282-0.11926141j,0.11960021+0.21158929j,-0.12085393-0.08953473j],[0.3498209-0.00487951j,-0.14855322-0.03162362j,0.05698042-0.04587108j,0.27806977+0.16053985j],[-0.0631952-0.22324966j,0.02639835+0.34773753j,0.14295883+0.07003408j,-0.02764561+0.12886509j]]]", "initial param values": "[0.0552571,1.38471499,4.20050331,6.21619755,5.75015748,4.09104595]", "nelder_mead": {"type": "gradient-free", "0": {"maxiter": 100, "fatol": 1e-05, "xatol": 1e-05, "duration": 0.03971600532531738, "fun": "0.6162187604402553", "nit": "100", "nfev": "163", "status": "2", "success": "False", "message": "Maximum number of iterations has been exceeded.", "x": "[0.06320437 1.56763982 3.04683225 7.65028215 2.74773683 5.10830864]", "final_simplex": "(array([[0.06320437, 1.56763982, 3.04683225, 7.65028215, 2.74773683,\n        5.10830864],\n       [0.06322243, 1.57173764, 3.05503881, 7.6397611 , 2.7440979 ,\n        5.10237597],\n       [0.06369767, 1.57121134, 3.03186371, 7.63748326, 2.72311764,\n        5.1035583 ],\n       [0.0630035 , 1.57522489, 3.05777268, 7.63449412, 2.73765632,\n        5.11654847],\n       [0.06340793, 1.5742495 , 3.04300819, 7.63984215, 2.73047167,\n        5.09333598],\n       [0.0632367 , 1.57609259, 3.03835865, 7.644456  , 2.7410656 ,\n        5.10625417],\n       [0.06312361, 1.57025385, 3.06279632, 7.6260881 , 2.7555129 ,\n        5.0903325 ]]), array([0.61621876, 0.6162236 , 0.61623708, 0.6162451 , 0.61625295,\n       0.61628523, 0.61628944]))", "callback": [0.8877171450809044, 0.7655800092141214, 0.6510085889460122, 0.6501583842356474, 0.6240824708858616, 0.6220219609007308, 0.6186294786897901, 0.6167544152445871, 0.6164461457934649, 0.6163082328097121]}, "1": {"maxiter": 100, "fatol": 1e-05, "xatol": 1e-10, "duration": 0.03824591636657715, "fun": "0.6162187604402553", "nit": "100", "nfev": "163", "status": "2", "success": "False", "message": "Maximum number of iterations has been exceeded.", "x": "[0.06320437 1.56763982 3.04683225 7.65028215 2.74773683 5.10830864]", "final_simplex": "(array([[0.06320437, 1.56763982, 3.04683225, 7.65028215, 2.74773683,\n        5.10830864],\n       [0.06322243, 1.57173764, 3.05503881, 7.6397611 , 2.7440979 ,\n        5.10237597],\n       [0.06369767, 1.57121134, 3.03186371, 7.63748326, 2.72311764,\n        5.1035583 ],\n       [0.0630035 , 1.57522489, 3.05777268, 7.63449412, 2.73765632,\n        5.11654847],\n       [0.06340793, 1.5742495 , 3.04300819, 7.63984215, 2.73047167,\n        5.09333598],\n       [0.0632367 , 1.57609259, 3.03835865, 7.644456  , 2.7410656 ,\n        5.10625417],\n       [0.06312361, 1.57025385, 3.06279632, 7.6260881 , 2.7555129 ,\n        5.0903325 ]]), array([0.61621876, 0.6162236 , 0.61623708, 0.6162451 , 0.61625295,\n       0.61628523, 0.61628944]))", "callback": [0.8877171450809044, 0.7655800092141214, 0.6510085889460122, 0.6501583842356474, 0.6240824708858616, 0.6220219609007308, 0.6186294786897901, 0.6167544152445871, 0.6164461457934649, 0.6163082328097121]}, "2": {"maxiter": 100, "fatol": 1e-10, "xatol": 1e-05, "duration": 0.038320064544677734, "fun": "0.6162187604402553", "nit": "100", "nfev": "163", "status": "2", "success": "False", "message": "Maximum number of iterations has been exceeded.", "x": "[0.06320437 1.56763982 3.04683225 7.65028215 2.74773683 5.10830864]", "final_simplex": "(array([[0.06320437, 1.56763982, 3.04683225, 7.65028215, 2.74773683,\n        5.10830864],\n       [0.06322243, 1.57173764, 3.05503881, 7.6397611 , 2.7440979 ,\n        5.10237597],\n       [0.06369767, 1.57121134, 3.03186371, 7.63748326, 2.72311764,\n        5.1035583 ],\n       [0.0630035 , 1.57522489, 3.05777268, 7.63449412, 2.73765632,\n        5.11654847],\n       [0.06340793, 1.5742495 , 3.04300819, 7.63984215, 2.73047167,\n        5.09333598],\n       [0.0632367 , 1.57609259, 3.03835865, 7.644456  , 2.7410656 ,\n        5.10625417],\n       [0.06312361, 1.57025385, 3.06279632, 7.6260881 , 2.7555129 ,\n        5.0903325 ]]), array([0.61621876, 0.6162236 , 0.61623708, 0.6162451 , 0.61625295,\n       0.61628523, 0.61628944]))", "callback": [0.8877171450809044, 0.7655800092141214, 0.6510085889460122, 0.6501583842356474, 0.6240824708858616, 0.6220219609007308, 0.6186294786897901, 0.6167544152445871, 0.6164461457934649, 0.6163082328097121]}, "3": {"maxiter": 100, "fatol": 1e-10, "xatol": 1e-10, "duration": 0.037611961364746094, "fun": "0.6162187604402553", "nit": "100", "nfev": "163", "status": "2", "success": "False", "message": "Maximum number of iterations has been exceeded.", "x": "[0.06320437 1.56763982 3.04683225 7.65028215 2.74773683 5.10830864]", "final_simplex": "(array([[0.06320437, 1.56763982, 3.04683225, 7.65028215, 2.74773683,\n        5.10830864],\n       [0.06322243, 1.57173764, 3.05503881, 7.6397611 , 2.7440979 ,\n        5.10237597],\n       [0.06369767, 1.57121134, 3.03186371, 7.63748326, 2.72311764,\n        5.1035583 ],\n       [0.0630035 , 1.57522489, 3.05777268, 7.63449412, 2.73765632,\n        5.11654847],\n       [0.06340793, 1.5742495 , 3.04300819, 7.63984215, 2.73047167,\n        5.09333598],\n       [0.0632367 , 1.57609259, 3.03835865, 7.644456  , 2.7410656 ,\n        5.10625417],\n       [0.06312361, 1.57025385, 3.06279632, 7.6260881 , 2.7555129 ,\n        5.0903325 ]]), array([0.61621876, 0.6162236 , 0.61623708, 0.6162451 , 0.61625295,\n       0.61628523, 0.61628944]))", "callback": [0.8877171450809044, 0.7655800092141214, 0.6510085889460122, 0.6501583842356474, 0.6240824708858616, 0.6220219609007308, 0.6186294786897901, 0.6167544152445871, 0.6164461457934649, 0.6163082328097121]}, "4": {"maxiter": 500, "fatol": 1e-05, "xatol": 1e-05, "duration": 0.18715214729309082, "fun": "0.48572140707497347", "nit": "500", "nfev": "791", "status": "2", "success": "False", "message": "Maximum number of iterations has been exceeded.", "x": "[ 1.21993436 -0.00889399  4.68255484  8.06770065  2.85560209  5.58402856]", "final_simplex": "(array([[ 1.21993436, -0.00889399,  4.68255484,  8.06770065,  2.85560209,\n         5.58402856],\n       [ 1.21994155, -0.00889682,  4.68256784,  8.06770641,  2.8556081 ,\n         5.58404007],\n       [ 1.21993741, -0.00888718,  4.68255282,  8.06770766,  2.85559759,\n         5.58402912],\n       [ 1.21993604, -0.00888794,  4.68255149,  8.06770828,  2.85560595,\n         5.58403292],\n       [ 1.21993759, -0.00889501,  4.68255459,  8.06770773,  2.85559619,\n         5.5840413 ],\n       [ 1.21993907, -0.00888785,  4.68254983,  8.06770249,  2.85560557,\n         5.58404513],\n       [ 1.21994314, -0.00890265,  4.68255324,  8.06771031,  2.85560653,\n         5.58402963]]), array([0.48572141, 0.48572141, 0.48572141, 0.48572141, 0.48572141,\n       0.48572141, 0.48572141]))", "callback": [0.8877171450809044, 0.7655800092141214, 0.6510085889460122, 0.6501583842356474, 0.6240824708858616, 0.6220219609007308, 0.6186294786897901, 0.6167544152445871, 0.6164461457934649, 0.6163082328097121, 0.616114104603299, 0.6157853373540412, 0.6139854720330831, 0.6087736500211816, 0.6077364569405708, 0.6065326057812251, 0.6056815686385434, 0.6049892226235395, 0.6031570502206478, 0.6021073573921034, 0.6018591622441599, 0.6015603014986134, 0.6014331518979854, 0.6014230881767973, 0.6013935985020271, 0.6012664295620598, 0.6003242978470632, 0.5985260979871905, 0.5950551799703414, 0.5790797619137238, 0.5634618396261345, 0.5462094603473883, 0.5171580270454659, 0.494835058502498, 0.48962404880322874, 0.48689885304352043, 0.48609891202112765, 0.4858429574005837, 0.48578449560816805, 0.4857512091421048, 0.48573069872688635, 0.4857239704891715, 0.4857222326367, 0.48572157867170296, 0.48572142497848625, 0.4857214152258318, 0.4857214087530328, 0.4857214072643362, 0.48572140713770917, 0.4857214071119147]}, "5": {"maxiter": 500, "fatol": 1e-05, "xatol": 1e-10, "duration": 0.18257617950439453, "fun": "0.48572140707497347", "nit": "500", "nfev": "791", "status": "2", "success": "False", "message": "Maximum number of iterations has been exceeded.", "x": "[ 1.21993436 -0.00889399  4.68255484  8.06770065  2.85560209  5.58402856]", "final_simplex": "(array([[ 1.21993436, -0.00889399,  4.68255484,  8.06770065,  2.85560209,\n         5.58402856],\n       [ 1.21994155, -0.00889682,  4.68256784,  8.06770641,  2.8556081 ,\n         5.58404007],\n       [ 1.21993741, -0.00888718,  4.68255282,  8.06770766,  2.85559759,\n         5.58402912],\n       [ 1.21993604, -0.00888794,  4.68255149,  8.06770828,  2.85560595,\n         5.58403292],\n       [ 1.21993759, -0.00889501,  4.68255459,  8.06770773,  2.85559619,\n         5.5840413 ],\n       [ 1.21993907, -0.00888785,  4.68254983,  8.06770249,  2.85560557,\n         5.58404513],\n       [ 1.21994314, -0.00890265,  4.68255324,  8.06771031,  2.85560653,\n         5.58402963]]), array([0.48572141, 0.48572141, 0.48572141, 0.48572141, 0.48572141,\n       0.48572141, 0.48572141]))", "callback": [0.8877171450809044, 0.7655800092141214, 0.6510085889460122, 0.6501583842356474, 0.6240824708858616, 0.6220219609007308, 0.6186294786897901, 0.6167544152445871, 0.6164461457934649, 0.6163082328097121, 0.616114104603299, 0.6157853373540412, 0.6139854720330831, 0.6087736500211816, 0.6077364569405708, 0.6065326057812251, 0.6056815686385434, 0.6049892226235395, 0.6031570502206478, 0.6021073573921034, 0.6018591622441599, 0.6015603014986134, 0.6014331518979854, 0.6014230881767973, 0.6013935985020271, 0.6012664295620598, 0.6003242978470632, 0.5985260979871905, 0.5950551799703414, 0.5790797619137238, 0.5634618396261345, 0.5462094603473883, 0.5171580270454659, 0.494835058502498, 0.48962404880322874, 0.48689885304352043, 0.48609891202112765, 0.4858429574005837, 0.48578449560816805, 0.4857512091421048, 0.48573069872688635, 0.4857239704891715, 0.4857222326367, 0.48572157867170296, 0.48572142497848625, 0.4857214152258318, 0.4857214087530328, 0.4857214072643362, 0.48572140713770917, 0.4857214071119147]}, "6": {"maxiter": 500, "fatol": 1e-10, "xatol": 1e-05, "duration": 0.19333624839782715, "fun": "0.48572140707497347", "nit": "500", "nfev": "791", "status": "2", "success": "False", "message": "Maximum number of iterations has been exceeded.", "x": "[ 1.21993436 -0.00889399  4.68255484  8.06770065  2.85560209  5.58402856]", "final_simplex": "(array([[ 1.21993436, -0.00889399,  4.68255484,  8.06770065,  2.85560209,\n         5.58402856],\n       [ 1.21994155, -0.00889682,  4.68256784,  8.06770641,  2.8556081 ,\n         5.58404007],\n       [ 1.21993741, -0.00888718,  4.68255282,  8.06770766,  2.85559759,\n         5.58402912],\n       [ 1.21993604, -0.00888794,  4.68255149,  8.06770828,  2.85560595,\n         5.58403292],\n       [ 1.21993759, -0.00889501,  4.68255459,  8.06770773,  2.85559619,\n         5.5840413 ],\n       [ 1.21993907, -0.00888785,  4.68254983,  8.06770249,  2.85560557,\n         5.58404513],\n       [ 1.21994314, -0.00890265,  4.68255324,  8.06771031,  2.85560653,\n         5.58402963]]), array([0.48572141, 0.48572141, 0.48572141, 0.48572141, 0.48572141,\n       0.48572141, 0.48572141]))", "callback": [0.8877171450809044, 0.7655800092141214, 0.6510085889460122, 0.6501583842356474, 0.6240824708858616, 0.6220219609007308, 0.6186294786897901, 0.6167544152445871, 0.6164461457934649, 0.6163082328097121, 0.616114104603299, 0.6157853373540412, 0.6139854720330831, 0.6087736500211816, 0.6077364569405708, 0.6065326057812251, 0.6056815686385434, 0.6049892226235395, 0.6031570502206478, 0.6021073573921034, 0.6018591622441599, 0.6015603014986134, 0.6014331518979854, 0.6014230881767973, 0.6013935985020271, 0.6012664295620598, 0.6003242978470632, 0.5985260979871905, 0.5950551799703414, 0.5790797619137238, 0.5634618396261345, 0.5462094603473883, 0.5171580270454659, 0.494835058502498, 0.48962404880322874, 0.48689885304352043, 0.48609891202112765, 0.4858429574005837, 0.48578449560816805, 0.4857512091421048, 0.48573069872688635, 0.4857239704891715, 0.4857222326367, 0.48572157867170296, 0.48572142497848625, 0.4857214152258318, 0.4857214087530328, 0.4857214072643362, 0.48572140713770917, 0.4857214071119147]}, "7": {"maxiter": 500, "fatol": 1e-10, "xatol": 1e-10, "duration": 0.18205714225769043, "fun": "0.48572140707497347", "nit": "500", "nfev": "791", "status": "2", "success": "False", "message": "Maximum number of iterations has been exceeded.", "x": "[ 1.21993436 -0.00889399  4.68255484  8.06770065  2.85560209  5.58402856]", "final_simplex": "(array([[ 1.21993436, -0.00889399,  4.68255484,  8.06770065,  2.85560209,\n         5.58402856],\n       [ 1.21994155, -0.00889682,  4.68256784,  8.06770641,  2.8556081 ,\n         5.58404007],\n       [ 1.21993741, -0.00888718,  4.68255282,  8.06770766,  2.85559759,\n         5.58402912],\n       [ 1.21993604, -0.00888794,  4.68255149,  8.06770828,  2.85560595,\n         5.58403292],\n       [ 1.21993759, -0.00889501,  4.68255459,  8.06770773,  2.85559619,\n         5.5840413 ],\n       [ 1.21993907, -0.00888785,  4.68254983,  8.06770249,  2.85560557,\n         5.58404513],\n       [ 1.21994314, -0.00890265,  4.68255324,  8.06771031,  2.85560653,\n         5.58402963]]), array([0.48572141, 0.48572141, 0.48572141, 0.48572141, 0.48572141,\n       0.48572141, 0.48572141]))", "callback": [0.8877171450809044, 0.7655800092141214, 0.6510085889460122, 0.6501583842356474, 0.6240824708858616, 0.6220219609007308, 0.6186294786897901, 0.6167544152445871, 0.6164461457934649, 0.6163082328097121, 0.616114104603299, 0.6157853373540412, 0.6139854720330831, 0.6087736500211816, 0.6077364569405708, 0.6065326057812251, 0.6056815686385434, 0.6049892226235395, 0.6031570502206478, 0.6021073573921034, 0.6018591622441599, 0.6015603014986134, 0.6014331518979854, 0.6014230881767973, 0.6013935985020271, 0.6012664295620598, 0.6003242978470632, 0.5985260979871905, 0.5950551799703414, 0.5790797619137238, 0.5634618396261345, 0.5462094603473883, 0.5171580270454659, 0.494835058502498, 0.48962404880322874, 0.48689885304352043, 0.48609891202112765, 0.4858429574005837, 0.48578449560816805, 0.4857512091421048, 0.48573069872688635, 0.4857239704891715, 0.4857222326367, 0.48572157867170296, 0.48572142497848625, 0.4857214152258318, 0.4857214087530328, 0.4857214072643362, 0.48572140713770917, 0.4857214071119147]}, "8": {"maxiter": 1000, "fatol": 1e-05, "xatol": 1e-05, "duration": 0.18953824043273926, "fun": "0.485721407072772", "nit": "515", "nfev": "813", "status": "0", "success": "True", "message": "Optimization terminated successfully.", "x": "[ 1.21993292 -0.00889528  4.68255593  8.06770404  2.85560346  5.58403116]", "final_simplex": "(array([[ 1.21993292, -0.00889528,  4.68255593,  8.06770404,  2.85560346,\n         5.58403116],\n       [ 1.21993579, -0.00889772,  4.68256437,  8.06770231,  2.85560282,\n         5.58403328],\n       [ 1.21993372, -0.0088985 ,  4.68256369,  8.0676975 ,  2.85560656,\n         5.5840356 ],\n       [ 1.21993699, -0.00889531,  4.68256247,  8.06770491,  2.85560586,\n         5.58403477],\n       [ 1.21993436, -0.00889399,  4.68255484,  8.06770065,  2.85560209,\n         5.58402856],\n       [ 1.21993758, -0.0089008 ,  4.68256186,  8.06770417,  2.85560367,\n         5.58403379],\n       [ 1.2199347 , -0.00889826,  4.68256539,  8.06770138,  2.85560707,\n         5.58402876]]), array([0.48572141, 0.48572141, 0.48572141, 0.48572141, 0.48572141,\n       0.48572141, 0.48572141]))", "callback": [0.8877171450809044, 0.7655800092141214, 0.6510085889460122, 0.6501583842356474, 0.6240824708858616, 0.6220219609007308, 0.6186294786897901, 0.6167544152445871, 0.6164461457934649, 0.6163082328097121, 0.616114104603299, 0.6157853373540412, 0.6139854720330831, 0.6087736500211816, 0.6077364569405708, 0.6065326057812251, 0.6056815686385434, 0.6049892226235395, 0.6031570502206478, 0.6021073573921034, 0.6018591622441599, 0.6015603014986134, 0.6014331518979854, 0.6014230881767973, 0.6013935985020271, 0.6012664295620598, 0.6003242978470632, 0.5985260979871905, 0.5950551799703414, 0.5790797619137238, 0.5634618396261345, 0.5462094603473883, 0.5171580270454659, 0.494835058502498, 0.48962404880322874, 0.48689885304352043, 0.48609891202112765, 0.4858429574005837, 0.48578449560816805, 0.4857512091421048, 0.48573069872688635, 0.4857239704891715, 0.4857222326367, 0.48572157867170296, 0.48572142497848625, 0.4857214152258318, 0.4857214087530328, 0.4857214072643362, 0.48572140713770917, 0.4857214071119147, 0.48572140707497347, 0.485721407072772]}, "9": {"maxiter": 1000, "fatol": 1e-05, "xatol": 1e-10, "duration": 0.2677450180053711, "fun": "0.48572140706819145", "nit": "639", "nfev": "1061", "status": "0", "success": "True", "message": "Optimization terminated successfully.", "x": "[ 1.21992965 -0.0088957   4.68256043  8.06770058  2.85560256  5.58403108]", "final_simplex": "(array([[ 1.21992965, -0.0088957 ,  4.68256043,  8.06770058,  2.85560256,\n         5.58403108],\n       [ 1.21992965, -0.0088957 ,  4.68256043,  8.06770058,  2.85560256,\n         5.58403108],\n       [ 1.21992965, -0.0088957 ,  4.68256043,  8.06770058,  2.85560256,\n         5.58403108],\n       [ 1.21992965, -0.0088957 ,  4.68256043,  8.06770058,  2.85560256,\n         5.58403108],\n       [ 1.21992965, -0.0088957 ,  4.68256043,  8.06770058,  2.85560256,\n         5.58403108],\n       [ 1.21992965, -0.0088957 ,  4.68256043,  8.06770058,  2.85560256,\n         5.58403108],\n       [ 1.21992965, -0.0088957 ,  4.68256043,  8.06770058,  2.85560256,\n         5.58403108]]), array([0.48572141, 0.48572141, 0.48572141, 0.48572141, 0.48572141,\n       0.48572141, 0.48572141]))", "callback": [0.8877171450809044, 0.7655800092141214, 0.6510085889460122, 0.6501583842356474, 0.6240824708858616, 0.6220219609007308, 0.6186294786897901, 0.6167544152445871, 0.6164461457934649, 0.6163082328097121, 0.616114104603299, 0.6157853373540412, 0.6139854720330831, 0.6087736500211816, 0.6077364569405708, 0.6065326057812251, 0.6056815686385434, 0.6049892226235395, 0.6031570502206478, 0.6021073573921034, 0.6018591622441599, 0.6015603014986134, 0.6014331518979854, 0.6014230881767973, 0.6013935985020271, 0.6012664295620598, 0.6003242978470632, 0.5985260979871905, 0.5950551799703414, 0.5790797619137238, 0.5634618396261345, 0.5462094603473883, 0.5171580270454659, 0.494835058502498, 0.48962404880322874, 0.48689885304352043, 0.48609891202112765, 0.4858429574005837, 0.48578449560816805, 0.4857512091421048, 0.48573069872688635, 0.4857239704891715, 0.4857222326367, 0.48572157867170296, 0.48572142497848625, 0.4857214152258318, 0.4857214087530328, 0.4857214072643362, 0.48572140713770917, 0.4857214071119147, 0.48572140707497347, 0.485721407072772, 0.4857214070707261, 0.48572140706903344, 0.4857214070683724, 0.4857214070682411, 0.4857214070682053, 0.4857214070681958, 0.4857214070681931, 0.4857214070681919, 0.4857214070681919, 0.48572140706819167, 0.48572140706819145, 0.48572140706819145]}, "10": {"maxiter": 1000, "fatol": 1e-10, "xatol": 1e-05, "duration": 0.19030189514160156, "fun": "0.485721407072772", "nit": "515", "nfev": "813", "status": "0", "success": "True", "message": "Optimization terminated successfully.", "x": "[ 1.21993292 -0.00889528  4.68255593  8.06770404  2.85560346  5.58403116]", "final_simplex": "(array([[ 1.21993292, -0.00889528,  4.68255593,  8.06770404,  2.85560346,\n         5.58403116],\n       [ 1.21993579, -0.00889772,  4.68256437,  8.06770231,  2.85560282,\n         5.58403328],\n       [ 1.21993372, -0.0088985 ,  4.68256369,  8.0676975 ,  2.85560656,\n         5.5840356 ],\n       [ 1.21993699, -0.00889531,  4.68256247,  8.06770491,  2.85560586,\n         5.58403477],\n       [ 1.21993436, -0.00889399,  4.68255484,  8.06770065,  2.85560209,\n         5.58402856],\n       [ 1.21993758, -0.0089008 ,  4.68256186,  8.06770417,  2.85560367,\n         5.58403379],\n       [ 1.2199347 , -0.00889826,  4.68256539,  8.06770138,  2.85560707,\n         5.58402876]]), array([0.48572141, 0.48572141, 0.48572141, 0.48572141, 0.48572141,\n       0.48572141, 0.48572141]))", "callback": [0.8877171450809044, 0.7655800092141214, 0.6510085889460122, 0.6501583842356474, 0.6240824708858616, 0.6220219609007308, 0.6186294786897901, 0.6167544152445871, 0.6164461457934649, 0.6163082328097121, 0.616114104603299, 0.6157853373540412, 0.6139854720330831, 0.6087736500211816, 0.6077364569405708, 0.6065326057812251, 0.6056815686385434, 0.6049892226235395, 0.6031570502206478, 0.6021073573921034, 0.6018591622441599, 0.6015603014986134, 0.6014331518979854, 0.6014230881767973, 0.6013935985020271, 0.6012664295620598, 0.6003242978470632, 0.5985260979871905, 0.5950551799703414, 0.5790797619137238, 0.5634618396261345, 0.5462094603473883, 0.5171580270454659, 0.494835058502498, 0.48962404880322874, 0.48689885304352043, 0.48609891202112765, 0.4858429574005837, 0.48578449560816805, 0.4857512091421048, 0.48573069872688635, 0.4857239704891715, 0.4857222326367, 0.48572157867170296, 0.48572142497848625, 0.4857214152258318, 0.4857214087530328, 0.4857214072643362, 0.48572140713770917, 0.4857214071119147, 0.48572140707497347, 0.485721407072772]}, "11": {"maxiter": 1000, "fatol": 1e-10, "xatol": 1e-10, "duration": 0.24058961868286133, "fun": "0.48572140706819145", "nit": "639", "nfev": "1061", "status": "0", "success": "True", "message": "Optimization terminated successfully.", "x": "[ 1.21992965 -0.0088957   4.68256043  8.06770058  2.85560256  5.58403108]", "final_simplex": "(array([[ 1.21992965, -0.0088957 ,  4.68256043,  8.06770058,  2.85560256,\n         5.58403108],\n       [ 1.21992965, -0.0088957 ,  4.68256043,  8.06770058,  2.85560256,\n         5.58403108],\n       [ 1.21992965, -0.0088957 ,  4.68256043,  8.06770058,  2.85560256,\n         5.58403108],\n       [ 1.21992965, -0.0088957 ,  4.68256043,  8.06770058,  2.85560256,\n         5.58403108],\n       [ 1.21992965, -0.0088957 ,  4.68256043,  8.06770058,  2.85560256,\n         5.58403108],\n       [ 1.21992965, -0.0088957 ,  4.68256043,  8.06770058,  2.85560256,\n         5.58403108],\n       [ 1.21992965, -0.0088957 ,  4.68256043,  8.06770058,  2.85560256,\n         5.58403108]]), array([0.48572141, 0.48572141, 0.48572141, 0.48572141, 0.48572141,\n       0.48572141, 0.48572141]))", "callback": [0.8877171450809044, 0.7655800092141214, 0.6510085889460122, 0.6501583842356474, 0.6240824708858616, 0.6220219609007308, 0.6186294786897901, 0.6167544152445871, 0.6164461457934649, 0.6163082328097121, 0.616114104603299, 0.6157853373540412, 0.6139854720330831, 0.6087736500211816, 0.6077364569405708, 0.6065326057812251, 0.6056815686385434, 0.6049892226235395, 0.6031570502206478, 0.6021073573921034, 0.6018591622441599, 0.6015603014986134, 0.6014331518979854, 0.6014230881767973, 0.6013935985020271, 0.6012664295620598, 0.6003242978470632, 0.5985260979871905, 0.5950551799703414, 0.5790797619137238, 0.5634618396261345, 0.5462094603473883, 0.5171580270454659, 0.494835058502498, 0.48962404880322874, 0.48689885304352043, 0.48609891202112765, 0.4858429574005837, 0.48578449560816805, 0.4857512091421048, 0.48573069872688635, 0.4857239704891715, 0.4857222326367, 0.48572157867170296, 0.48572142497848625, 0.4857214152258318, 0.4857214087530328, 0.4857214072643362, 0.48572140713770917, 0.4857214071119147, 0.48572140707497347, 0.485721407072772, 0.4857214070707261, 0.48572140706903344, 0.4857214070683724, 0.4857214070682411, 0.4857214070682053, 0.4857214070681958, 0.4857214070681931, 0.4857214070681919, 0.4857214070681919, 0.48572140706819167, 0.48572140706819145, 0.48572140706819145]}}, "bfgs": {"type": "gradient", "0": {"maxiter": 100, "gtol": 1e-05, "xrtol": 1e-05, "eps": 1e-05, "duration": 0.04544687271118164, "fun": "0.48572140725153257", "jac": "[ 1.94196881e-06  5.17756948e-06 -2.62683209e-06  5.76811932e-06\n  6.01036998e-06  3.82056609e-06]", "hess_inv": "[[ 4.90218067 -0.7551993   0.8569739  -1.47229285  1.02191901  2.14014157]\n [-0.7551993   4.85706936 -2.20316234 -0.28131983 -1.09211046 -1.93542047]\n [ 0.8569739  -2.20316234  5.35563352 -0.03944756  1.27338303  2.55071829]\n [-1.47229285 -0.28131983 -0.03944756  4.3046693  -0.58254892 -0.70373425]\n [ 1.02191901 -1.09211046  1.27338303 -0.58254892  4.76100791  1.79413428]\n [ 2.14014157 -1.93542047  2.55071829 -0.70373425  1.79413428  7.57367607]]", "nfev": "196", "njev": "28", "status": "0", "success": "True", "message": "Optimization terminated successfully.", "x": "[ 1.21993392 -0.00887918  4.68254444  4.4986868   5.99721722  2.44245793]", "nit": "20", "callback": [0.7085040469574903, 0.6141089781877145, 0.5917713947963947, 0.5575698748211468, 0.5440708167636569, 0.5371040391298956, 0.524387542907362, 0.505119124176977, 0.49698672108109576, 0.4916168874537433, 0.4859803255778664, 0.4857651287338244, 0.4857381677883209, 0.4857283733637816, 0.4857225710036541, 0.48572192393805713, 0.4857216713117367, 0.4857214831256961, 0.48572141471267793, 0.48572140725153257]}, "1": {"maxiter": 100, "gtol": 1e-05, "xrtol": 1e-05, "eps": 1e-10, "duration": 0.04421186447143555, "fun": "0.4857214072821139", "jac": "[-3.33066880e-06  1.11022303e-06 -4.44089173e-06  2.22044587e-06\n  6.66133760e-06 -3.33066880e-06]", "hess_inv": "[[ 4.23698162 -0.13742729  0.32378495 -1.13198868  1.02561242  1.69936998]\n [-0.13742729  4.27298568 -1.46896651 -0.32202356 -1.08068992 -1.13180761]\n [ 0.32378495 -1.46896651  4.485742    0.19786387  0.89104724  1.76706428]\n [-1.13198868 -0.32202356  0.19786387  4.02259256 -0.19276797  0.08590435]\n [ 1.02561242 -1.08068992  0.89104724 -0.19276797  4.37507387  2.78076757]\n [ 1.69936998 -1.13180761  1.76706428  0.08590435  2.78076757  7.02135085]]", "nfev": "189", "njev": "27", "status": "0", "success": "True", "message": "Optimization terminated successfully.", "x": "[ 1.21990617 -0.00888289  4.6825388   4.49868764  5.99721153  2.44241238]", "nit": "22", "callback": [0.7085036845524713, 0.6608935555113826, 0.5967906725429136, 0.5799245757580401, 0.5528450232040957, 0.5331608344928269, 0.5272526314137437, 0.5162846792574997, 0.49819370817900355, 0.4936494922104748, 0.4881294775637306, 0.48664712960124046, 0.4858892978900804, 0.48577698836066074, 0.48574877396302896, 0.48573495120374033, 0.48572377241887454, 0.4857217782942297, 0.48572150868926023, 0.48572144431599473, 0.48572141156722193, 0.4857214072821139]}, "2": {"maxiter": 100, "gtol": 1e-05, "xrtol": 1e-10, "eps": 1e-05, "duration": 0.045127153396606445, "fun": "0.48572140725153257", "jac": "[ 1.94196881e-06  5.17756948e-06 -2.62683209e-06  5.76811932e-06\n  6.01036998e-06  3.82056609e-06]", "hess_inv": "[[ 4.90218067 -0.7551993   0.8569739  -1.47229285  1.02191901  2.14014157]\n [-0.7551993   4.85706936 -2.20316234 -0.28131983 -1.09211046 -1.93542047]\n [ 0.8569739  -2.20316234  5.35563352 -0.03944756  1.27338303  2.55071829]\n [-1.47229285 -0.28131983 -0.03944756  4.3046693  -0.58254892 -0.70373425]\n [ 1.02191901 -1.09211046  1.27338303 -0.58254892  4.76100791  1.79413428]\n [ 2.14014157 -1.93542047  2.55071829 -0.70373425  1.79413428  7.57367607]]", "nfev": "196", "njev": "28", "status": "0", "success": "True", "message": "Optimization terminated successfully.", "x": "[ 1.21993392 -0.00887918  4.68254444  4.4986868   5.99721722  2.44245793]", "nit": "20", "callback": [0.7085040469574903, 0.6141089781877145, 0.5917713947963947, 0.5575698748211468, 0.5440708167636569, 0.5371040391298956, 0.524387542907362, 0.505119124176977, 0.49698672108109576, 0.4916168874537433, 0.4859803255778664, 0.4857651287338244, 0.4857381677883209, 0.4857283733637816, 0.4857225710036541, 0.48572192393805713, 0.4857216713117367, 0.4857214831256961, 0.48572141471267793, 0.48572140725153257]}, "3": {"maxiter": 100, "gtol": 1e-05, "xrtol": 1e-10, "eps": 1e-10, "duration": 0.04248499870300293, "fun": "0.4857214072821139", "jac": "[-3.33066880e-06  1.11022303e-06 -4.44089173e-06  2.22044587e-06\n  6.66133760e-06 -3.33066880e-06]", "hess_inv": "[[ 4.23698162 -0.13742729  0.32378495 -1.13198868  1.02561242  1.69936998]\n [-0.13742729  4.27298568 -1.46896651 -0.32202356 -1.08068992 -1.13180761]\n [ 0.32378495 -1.46896651  4.485742    0.19786387  0.89104724  1.76706428]\n [-1.13198868 -0.32202356  0.19786387  4.02259256 -0.19276797  0.08590435]\n [ 1.02561242 -1.08068992  0.89104724 -0.19276797  4.37507387  2.78076757]\n [ 1.69936998 -1.13180761  1.76706428  0.08590435  2.78076757  7.02135085]]", "nfev": "189", "njev": "27", "status": "0", "success": "True", "message": "Optimization terminated successfully.", "x": "[ 1.21990617 -0.00888289  4.6825388   4.49868764  5.99721153  2.44241238]", "nit": "22", "callback": [0.7085036845524713, 0.6608935555113826, 0.5967906725429136, 0.5799245757580401, 0.5528450232040957, 0.5331608344928269, 0.5272526314137437, 0.5162846792574997, 0.49819370817900355, 0.4936494922104748, 0.4881294775637306, 0.48664712960124046, 0.4858892978900804, 0.48577698836066074, 0.48574877396302896, 0.48573495120374033, 0.48572377241887454, 0.4857217782942297, 0.48572150868926023, 0.48572144431599473, 0.48572141156722193, 0.4857214072821139]}, "4": {"maxiter": 100, "gtol": 1e-10, "xrtol": 1e-05, "eps": 1e-05, "duration": 0.04490995407104492, "fun": "0.48572140708797107", "jac": "[ 3.18634008e-07 -1.03950182e-07 -7.08455517e-07  7.96029909e-09\n  2.07356354e-07  6.66489086e-07]", "hess_inv": "[[ 4.84838659 -0.72626791  0.94280788 -1.32253378  1.0067047   2.16437715]\n [-0.72626791  4.96438288 -2.19701331 -0.10082236 -0.93710405 -1.77072349]\n [ 0.94280788 -2.19701331  5.2409479  -0.16726824  1.36016778  2.5877152 ]\n [-1.32253378 -0.10082236 -0.16726824  4.44232257 -0.22827059 -0.39361992]\n [ 1.0067047  -0.93710405  1.36016778 -0.22827059  4.93214781  2.0133635 ]\n [ 2.16437715 -1.77072349  2.5877152  -0.39361992  2.0133635   7.81983845]]", "nfev": "203", "njev": "29", "status": "0", "success": "True", "message": "Optimization terminated successfully.", "x": "[ 1.21992405 -0.00889627  4.68255066  4.4986667   5.99718767  2.44242999]", "nit": "21", "callback": [0.7085040469574903, 0.6141089781877145, 0.5917713947963947, 0.5575698748211468, 0.5440708167636569, 0.5371040391298956, 0.524387542907362, 0.505119124176977, 0.49698672108109576, 0.4916168874537433, 0.4859803255778664, 0.4857651287338244, 0.4857381677883209, 0.4857283733637816, 0.4857225710036541, 0.48572192393805713, 0.4857216713117367, 0.4857214831256961, 0.48572141471267793, 0.48572140725153257, 0.48572140708797107]}, "5": {"maxiter": 100, "gtol": 1e-10, "xrtol": 1e-05, "eps": 1e-10, "duration": 0.04380011558532715, "fun": "0.48572140707595435", "jac": "[0.00000000e+00 1.11022303e-06 0.00000000e+00 2.22044587e-06\n 2.22044587e-06 1.11022293e-06]", "hess_inv": "[[ 4.50373336 -0.3629946   0.51425801 -1.32286496  1.00008777  2.19867788]\n [-0.3629946   4.39293197 -1.73335403 -0.18445396 -0.96324604 -1.42482275]\n [ 0.51425801 -1.73335403  4.47095516  0.02678069  1.01272444  2.31215922]\n [-1.32286496 -0.18445396  0.02678069  4.15114966 -0.14222737 -0.22787629]\n [ 1.00008777 -0.96324604  1.01272444 -0.14222737  4.24771716  2.55804269]\n [ 2.19867788 -1.42482275  2.31215922 -0.22787629  2.55804269  7.72015865]]", "nfev": "196", "njev": "28", "status": "0", "success": "True", "message": "Optimization terminated successfully.", "x": "[ 1.21992745 -0.0088946   4.68256318  4.49867453  5.99720097  2.44244073]", "nit": "23", "callback": [0.7085036845524713, 0.6608935555113826, 0.5967906725429136, 0.5799245757580401, 0.5528450232040957, 0.5331608344928269, 0.5272526314137437, 0.5162846792574997, 0.49819370817900355, 0.4936494922104748, 0.4881294775637306, 0.48664712960124046, 0.4858892978900804, 0.48577698836066074, 0.48574877396302896, 0.48573495120374033, 0.48572377241887454, 0.4857217782942297, 0.48572150868926023, 0.48572144431599473, 0.48572141156722193, 0.4857214072821139, 0.48572140707595435]}, "6": {"maxiter": 100, "gtol": 1e-10, "xrtol": 1e-10, "eps": 1e-05, "duration": 0.0897216796875, "fun": "0.48572140708797107", "jac": "[ 3.18634008e-07 -1.03950182e-07 -7.08455517e-07  7.96029909e-09\n  2.07356354e-07  6.66489086e-07]", "hess_inv": "[[ 4.94190971 -0.66546396  0.89299955 -1.24902421  1.16779491  2.37566828]\n [-0.66546396  4.8946458  -2.21958278 -0.17941406 -0.96090559 -1.69118315]\n [ 0.89299955 -2.21958278  5.26659337 -0.19506734  1.2859183   2.48037996]\n [-1.24902421 -0.17941406 -0.19506734  4.35392157 -0.25031993 -0.2944327 ]\n [ 1.16779491 -0.96090559  1.2859183  -0.25031993  5.05842358  2.30927834]\n [ 2.37566828 -1.69118315  2.48037996 -0.2944327   2.30927834  8.2665891 ]]", "nfev": "404", "njev": "56", "status": "2", "success": "False", "message": "Desired error not necessarily achieved due to precision loss.", "x": "[ 1.21992405 -0.00889627  4.68255066  4.4986667   5.99718767  2.44242999]", "nit": "21", "callback": [0.7085040469574903, 0.6141089781877145, 0.5917713947963947, 0.5575698748211468, 0.5440708167636569, 0.5371040391298956, 0.524387542907362, 0.505119124176977, 0.49698672108109576, 0.4916168874537433, 0.4859803255778664, 0.4857651287338244, 0.4857381677883209, 0.4857283733637816, 0.4857225710036541, 0.48572192393805713, 0.4857216713117367, 0.4857214831256961, 0.48572141471267793, 0.48572140725153257, 0.48572140708797107]}, "7": {"maxiter": 100, "gtol": 1e-10, "xrtol": 1e-10, "eps": 1e-10, "duration": 0.09378600120544434, "fun": "0.4857214070695781", "jac": "[ 0.00000000e+00  0.00000000e+00  2.22044587e-06  2.22044587e-06\n -1.11022293e-06  1.11022293e-06]", "hess_inv": "[[ 5.73988588  0.36368051  0.33977922 -3.36694327 -0.85193504  1.16013882]\n [ 0.36368051  4.06955827 -1.68042978 -0.54673129 -0.66762366 -0.18947241]\n [ 0.33977922 -1.68042978  2.23078804 -1.1999552  -0.53946885  1.34624031]\n [-3.36694327 -0.54673129 -1.1999552   5.00127852 -0.40284082 -2.14400142]\n [-0.85193504 -0.66762366 -0.53946885 -0.40284082  2.46878967 -1.01819968]\n [ 1.16013882 -0.18947241  1.34624031 -2.14400142 -1.01819968  2.18487616]]", "nfev": "420", "njev": "60", "status": "0", "success": "True", "message": "Optimization terminated successfully.", "x": "[ 1.21992913 -0.00889614  4.68256304  4.4986685   5.99719439  2.44243768]", "nit": "27", "callback": [0.7085036845524713, 0.6608935555113826, 0.5967906725429136, 0.5799245757580401, 0.5528450232040957, 0.5331608344928269, 0.5272526314137437, 0.5162846792574997, 0.49819370817900355, 0.4936494922104748, 0.4881294775637306, 0.48664712960124046, 0.4858892978900804, 0.48577698836066074, 0.48574877396302896, 0.48573495120374033, 0.48572377241887454, 0.4857217782942297, 0.48572150868926023, 0.48572144431599473, 0.48572141156722193, 0.4857214072821139, 0.48572140707595435, 0.4857214070699317, 0.48572140706958467, 0.4857214070695782, 0.4857214070695781]}, "8": {"maxiter": 500, "gtol": 1e-05, "xrtol": 1e-05, "eps": 1e-05, "duration": 0.04884696006774902, "fun": "0.48572140725153257", "jac": "[ 1.94196881e-06  5.17756948e-06 -2.62683209e-06  5.76811932e-06\n  6.01036998e-06  3.82056609e-06]", "hess_inv": "[[ 4.90218067 -0.7551993   0.8569739  -1.47229285  1.02191901  2.14014157]\n [-0.7551993   4.85706936 -2.20316234 -0.28131983 -1.09211046 -1.93542047]\n [ 0.8569739  -2.20316234  5.35563352 -0.03944756  1.27338303  2.55071829]\n [-1.47229285 -0.28131983 -0.03944756  4.3046693  -0.58254892 -0.70373425]\n [ 1.02191901 -1.09211046  1.27338303 -0.58254892  4.76100791  1.79413428]\n [ 2.14014157 -1.93542047  2.55071829 -0.70373425  1.79413428  7.57367607]]", "nfev": "196", "njev": "28", "status": "0", "success": "True", "message": "Optimization terminated successfully.", "x": "[ 1.21993392 -0.00887918  4.68254444  4.4986868   5.99721722  2.44245793]", "nit": "20", "callback": [0.7085040469574903, 0.6141089781877145, 0.5917713947963947, 0.5575698748211468, 0.5440708167636569, 0.5371040391298956, 0.524387542907362, 0.505119124176977, 0.49698672108109576, 0.4916168874537433, 0.4859803255778664, 0.4857651287338244, 0.4857381677883209, 0.4857283733637816, 0.4857225710036541, 0.48572192393805713, 0.4857216713117367, 0.4857214831256961, 0.48572141471267793, 0.48572140725153257]}, "9": {"maxiter": 500, "gtol": 1e-05, "xrtol": 1e-05, "eps": 1e-10, "duration": 0.04639792442321777, "fun": "0.4857214072821139", "jac": "[-3.33066880e-06  1.11022303e-06 -4.44089173e-06  2.22044587e-06\n  6.66133760e-06 -3.33066880e-06]", "hess_inv": "[[ 4.23698162 -0.13742729  0.32378495 -1.13198868  1.02561242  1.69936998]\n [-0.13742729  4.27298568 -1.46896651 -0.32202356 -1.08068992 -1.13180761]\n [ 0.32378495 -1.46896651  4.485742    0.19786387  0.89104724  1.76706428]\n [-1.13198868 -0.32202356  0.19786387  4.02259256 -0.19276797  0.08590435]\n [ 1.02561242 -1.08068992  0.89104724 -0.19276797  4.37507387  2.78076757]\n [ 1.69936998 -1.13180761  1.76706428  0.08590435  2.78076757  7.02135085]]", "nfev": "189", "njev": "27", "status": "0", "success": "True", "message": "Optimization terminated successfully.", "x": "[ 1.21990617 -0.00888289  4.6825388   4.49868764  5.99721153  2.44241238]", "nit": "22", "callback": [0.7085036845524713, 0.6608935555113826, 0.5967906725429136, 0.5799245757580401, 0.5528450232040957, 0.5331608344928269, 0.5272526314137437, 0.5162846792574997, 0.49819370817900355, 0.4936494922104748, 0.4881294775637306, 0.48664712960124046, 0.4858892978900804, 0.48577698836066074, 0.48574877396302896, 0.48573495120374033, 0.48572377241887454, 0.4857217782942297, 0.48572150868926023, 0.48572144431599473, 0.48572141156722193, 0.4857214072821139]}, "10": {"maxiter": 500, "gtol": 1e-05, "xrtol": 1e-10, "eps": 1e-05, "duration": 0.047394752502441406, "fun": "0.48572140725153257", "jac": "[ 1.94196881e-06  5.17756948e-06 -2.62683209e-06  5.76811932e-06\n  6.01036998e-06  3.82056609e-06]", "hess_inv": "[[ 4.90218067 -0.7551993   0.8569739  -1.47229285  1.02191901  2.14014157]\n [-0.7551993   4.85706936 -2.20316234 -0.28131983 -1.09211046 -1.93542047]\n [ 0.8569739  -2.20316234  5.35563352 -0.03944756  1.27338303  2.55071829]\n [-1.47229285 -0.28131983 -0.03944756  4.3046693  -0.58254892 -0.70373425]\n [ 1.02191901 -1.09211046  1.27338303 -0.58254892  4.76100791  1.79413428]\n [ 2.14014157 -1.93542047  2.55071829 -0.70373425  1.79413428  7.57367607]]", "nfev": "196", "njev": "28", "status": "0", "success": "True", "message": "Optimization terminated successfully.", "x": "[ 1.21993392 -0.00887918  4.68254444  4.4986868   5.99721722  2.44245793]", "nit": "20", "callback": [0.7085040469574903, 0.6141089781877145, 0.5917713947963947, 0.5575698748211468, 0.5440708167636569, 0.5371040391298956, 0.524387542907362, 0.505119124176977, 0.49698672108109576, 0.4916168874537433, 0.4859803255778664, 0.4857651287338244, 0.4857381677883209, 0.4857283733637816, 0.4857225710036541, 0.48572192393805713, 0.4857216713117367, 0.4857214831256961, 0.48572141471267793, 0.48572140725153257]}, "11": {"maxiter": 500, "gtol": 1e-05, "xrtol": 1e-10, "eps": 1e-10, "duration": 0.04683709144592285, "fun": "0.4857214072821139", "jac": "[-3.33066880e-06  1.11022303e-06 -4.44089173e-06  2.22044587e-06\n  6.66133760e-06 -3.33066880e-06]", "hess_inv": "[[ 4.23698162 -0.13742729  0.32378495 -1.13198868  1.02561242  1.69936998]\n [-0.13742729  4.27298568 -1.46896651 -0.32202356 -1.08068992 -1.13180761]\n [ 0.32378495 -1.46896651  4.485742    0.19786387  0.8910