{"date": "2024/09/25/, 01:47:32", "conf_id": 104, "data_type": "orthogonal\n", "num_data_points": 2, "s_rank": 0, "unitary": "[[-0.24866696+0.58742286j,-0.44704345-0.43151574j,-0.35669027-0.20570733j,-0.10517633+0.1626036j],[0.10596805-0.19687975j,-0.30269685-0.15056416j,0.18246286+0.30440582j,-0.83484447-0.11310748j],[0.26054512-0.52548482j,0.0285017-0.50723956j,-0.43110112+0.17165838j,0.15243271+0.39915801j],[0.42978035+0.11991271j,-0.17224126-0.46030424j,0.6827807-0.15164662j,0.26483638+0.0061855j]]", "databatch_0": {"databatch": "[[[0.00231017+0.21119175j,0.44122276-0.33729492j,-0.00492852-0.09808047j,-0.03705075-0.11923419j],[0.15697709+0.02239006j,-0.19992862-0.36590344j,-0.07334247-0.00753721j,-0.09270571+0.01388451j],[-0.13187487-0.00353795j,0.2001267+0.28335318j,0.0613355-0.00076352j,0.07529654-0.02031458j],[-0.15721682+0.07777117j,0.41128784+0.2087485j,0.07162547-0.03900348j,0.07589015-0.07065932j]],[[-0.10953962+0.09499935j,0.37253085+0.08120195j,0.04915948-0.04613761j,0.04596869-0.07234895j],[-0.02945535-0.21771047j,-0.41222578+0.40473501j,0.01765955+0.10061364j,0.05352981+0.11833252j],[-0.01876124+0.13418476j,0.31218117-0.17169591j,0.00626727-0.06268659j,-0.01208259-0.07918132j],[-0.00767845-0.17382069j,-0.3540535+0.28977845j,0.00674051+0.08061936j,0.03376681+0.0971576j]]]", "initial param values": "[4.8453189,0.1356467,5.16453406,0.44339632,4.00897588,0.9101171]", "nelder_mead": {"type": "gradient-free", "0": {"maxiter": 100, "fatol": 1e-05, "xatol": 1e-05, "duration": 0.03865790367126465, "fun": "0.44986705859159404", "nit": "100", "nfev": "154", "status": "2", "success": "False", "message": "Maximum number of iterations has been exceeded.", "x": "[ 3.86463993  0.04240256  4.79098672  1.01418411  7.43956774 -0.01045566]", "final_simplex": "(array([[ 3.86463993e+00,  4.24025628e-02,  4.79098672e+00,\n         1.01418411e+00,  7.43956774e+00, -1.04556640e-02],\n       [ 3.81671300e+00,  4.65563541e-02,  4.88382622e+00,\n         9.82993845e-01,  7.41671800e+00,  1.89371473e-02],\n       [ 3.91944646e+00,  3.72501055e-02,  4.86520438e+00,\n         1.03694060e+00,  7.59132470e+00, -6.92296129e-02],\n       [ 3.91431688e+00,  3.29041144e-02,  4.81586393e+00,\n         1.06649468e+00,  7.56653839e+00, -1.13211191e-01],\n       [ 3.85197581e+00,  3.85337706e-02,  4.68383692e+00,\n         1.05200558e+00,  7.58000302e+00, -7.21890737e-02],\n       [ 3.95195693e+00,  4.25238679e-02,  4.72494398e+00,\n         1.01411741e+00,  7.39274821e+00, -6.47286497e-03],\n       [ 3.92916761e+00,  3.37058100e-02,  4.85356742e+00,\n         1.06726391e+00,  7.62583408e+00, -1.17888224e-01]]), array([0.44986706, 0.45085918, 0.45175143, 0.45190291, 0.45228608,\n       0.45289884, 0.45316671]))", "callback": [0.7485350969271423, 0.6974527336121135, 0.6543095823820768, 0.5393717818350179, 0.5262258039855771, 0.5170441645982706, 0.5123089114396933, 0.5063641374751475, 0.4756250360587989, 0.45416647621512696]}, "1": {"maxiter": 100, "fatol": 1e-05, "xatol": 1e-10, "duration": 0.03733563423156738, "fun": "0.44986705859159404", "nit": "100", "nfev": "154", "status": "2", "success": "False", "message": "Maximum number of iterations has been exceeded.", "x": "[ 3.86463993  0.04240256  4.79098672  1.01418411  7.43956774 -0.01045566]", "final_simplex": "(array([[ 3.86463993e+00,  4.24025628e-02,  4.79098672e+00,\n         1.01418411e+00,  7.43956774e+00, -1.04556640e-02],\n       [ 3.81671300e+00,  4.65563541e-02,  4.88382622e+00,\n         9.82993845e-01,  7.41671800e+00,  1.89371473e-02],\n       [ 3.91944646e+00,  3.72501055e-02,  4.86520438e+00,\n         1.03694060e+00,  7.59132470e+00, -6.92296129e-02],\n       [ 3.91431688e+00,  3.29041144e-02,  4.81586393e+00,\n         1.06649468e+00,  7.56653839e+00, -1.13211191e-01],\n       [ 3.85197581e+00,  3.85337706e-02,  4.68383692e+00,\n         1.05200558e+00,  7.58000302e+00, -7.21890737e-02],\n       [ 3.95195693e+00,  4.25238679e-02,  4.72494398e+00,\n         1.01411741e+00,  7.39274821e+00, -6.47286497e-03],\n       [ 3.92916761e+00,  3.37058100e-02,  4.85356742e+00,\n         1.06726391e+00,  7.62583408e+00, -1.17888224e-01]]), array([0.44986706, 0.45085918, 0.45175143, 0.45190291, 0.45228608,\n       0.45289884, 0.45316671]))", "callback": [0.7485350969271423, 0.6974527336121135, 0.6543095823820768, 0.5393717818350179, 0.5262258039855771, 0.5170441645982706, 0.5123089114396933, 0.5063641374751475, 0.4756250360587989, 0.45416647621512696]}, "2": {"maxiter": 100, "fatol": 1e-10, "xatol": 1e-05, "duration": 0.0377810001373291, "fun": "0.44986705859159404", "nit": "100", "nfev": "154", "status": "2", "success": "False", "message": "Maximum number of iterations has been exceeded.", "x": "[ 3.86463993  0.04240256  4.79098672  1.01418411  7.43956774 -0.01045566]", "final_simplex": "(array([[ 3.86463993e+00,  4.24025628e-02,  4.79098672e+00,\n         1.01418411e+00,  7.43956774e+00, -1.04556640e-02],\n       [ 3.81671300e+00,  4.65563541e-02,  4.88382622e+00,\n         9.82993845e-01,  7.41671800e+00,  1.89371473e-02],\n       [ 3.91944646e+00,  3.72501055e-02,  4.86520438e+00,\n         1.03694060e+00,  7.59132470e+00, -6.92296129e-02],\n       [ 3.91431688e+00,  3.29041144e-02,  4.81586393e+00,\n         1.06649468e+00,  7.56653839e+00, -1.13211191e-01],\n       [ 3.85197581e+00,  3.85337706e-02,  4.68383692e+00,\n         1.05200558e+00,  7.58000302e+00, -7.21890737e-02],\n       [ 3.95195693e+00,  4.25238679e-02,  4.72494398e+00,\n         1.01411741e+00,  7.39274821e+00, -6.47286497e-03],\n       [ 3.92916761e+00,  3.37058100e-02,  4.85356742e+00,\n         1.06726391e+00,  7.62583408e+00, -1.17888224e-01]]), array([0.44986706, 0.45085918, 0.45175143, 0.45190291, 0.45228608,\n       0.45289884, 0.45316671]))", "callback": [0.7485350969271423, 0.6974527336121135, 0.6543095823820768, 0.5393717818350179, 0.5262258039855771, 0.5170441645982706, 0.5123089114396933, 0.5063641374751475, 0.4756250360587989, 0.45416647621512696]}, "3": {"maxiter": 100, "fatol": 1e-10, "xatol": 1e-10, "duration": 0.035650014877319336, "fun": "0.44986705859159404", "nit": "100", "nfev": "154", "status": "2", "success": "False", "message": "Maximum number of iterations has been exceeded.", "x": "[ 3.86463993  0.04240256  4.79098672  1.01418411  7.43956774 -0.01045566]", "final_simplex": "(array([[ 3.86463993e+00,  4.24025628e-02,  4.79098672e+00,\n         1.01418411e+00,  7.43956774e+00, -1.04556640e-02],\n       [ 3.81671300e+00,  4.65563541e-02,  4.88382622e+00,\n         9.82993845e-01,  7.41671800e+00,  1.89371473e-02],\n       [ 3.91944646e+00,  3.72501055e-02,  4.86520438e+00,\n         1.03694060e+00,  7.59132470e+00, -6.92296129e-02],\n       [ 3.91431688e+00,  3.29041144e-02,  4.81586393e+00,\n         1.06649468e+00,  7.56653839e+00, -1.13211191e-01],\n       [ 3.85197581e+00,  3.85337706e-02,  4.68383692e+00,\n         1.05200558e+00,  7.58000302e+00, -7.21890737e-02],\n       [ 3.95195693e+00,  4.25238679e-02,  4.72494398e+00,\n         1.01411741e+00,  7.39274821e+00, -6.47286497e-03],\n       [ 3.92916761e+00,  3.37058100e-02,  4.85356742e+00,\n         1.06726391e+00,  7.62583408e+00, -1.17888224e-01]]), array([0.44986706, 0.45085918, 0.45175143, 0.45190291, 0.45228608,\n       0.45289884, 0.45316671]))", "callback": [0.7485350969271423, 0.6974527336121135, 0.6543095823820768, 0.5393717818350179, 0.5262258039855771, 0.5170441645982706, 0.5123089114396933, 0.5063641374751475, 0.4756250360587989, 0.45416647621512696]}, "4": {"maxiter": 500, "fatol": 1e-05, "xatol": 1e-05, "duration": 0.17516374588012695, "fun": "0.1914705020965708", "nit": "500", "nfev": "751", "status": "2", "success": "False", "message": "Maximum number of iterations has been exceeded.", "x": "[ 4.02144338 -1.0959545   3.33241324  2.32141268  7.71064443  0.50941082]", "final_simplex": "(array([[ 4.02144338, -1.0959545 ,  3.33241324,  2.32141268,  7.71064443,\n         0.50941082],\n       [ 4.01676302, -1.02966282,  3.36149649,  2.35477209,  7.73473253,\n         0.57315701],\n       [ 4.02599357, -1.1087752 ,  3.33653244,  2.38370293,  7.70545083,\n         0.54152488],\n       [ 4.0171382 , -1.06085148,  3.38458076,  2.31839629,  7.72638092,\n         0.54055909],\n       [ 4.06405236, -1.036397  ,  3.40242477,  2.34339533,  7.68592721,\n         0.45380204],\n       [ 3.98433055, -1.17909943,  3.32856832,  2.34251242,  7.61955779,\n         0.4300833 ],\n       [ 3.98151322, -1.03632987,  3.38376279,  2.34032671,  7.71294993,\n         0.5467141 ]]), array([0.1914705 , 0.19150953, 0.19158238, 0.19164611, 0.19196084,\n       0.19208006, 0.1921389 ]))", "callback": [0.7485350969271423, 0.6974527336121135, 0.6543095823820768, 0.5393717818350179, 0.5262258039855771, 0.5170441645982706, 0.5123089114396933, 0.5063641374751475, 0.4756250360587989, 0.45416647621512696, 0.44986705859159404, 0.44932845667712373, 0.44705124711598443, 0.4407011269239669, 0.4015766610046514, 0.35644842222455586, 0.3026405223334059, 0.23416570583643104, 0.22558748524415217, 0.22393779234756994, 0.22363236386897378, 0.22342743475578652, 0.22314444069539374, 0.22230000640664882, 0.2213101885674068, 0.22055554730228977, 0.220441856574502, 0.22041960389720894, 0.22041080652679657, 0.22040929565287892, 0.2204089934196083, 0.22040826811373004, 0.220406553822862, 0.2204013957733465, 0.2203896186169202, 0.22035818458714496, 0.22029965874483315, 0.22026483297985378, 0.2201972531588049, 0.2201204233493388, 0.2198161466714429, 0.21959858661760245, 0.2188082600858231, 0.21795597876524275, 0.21331608482684283, 0.2072145954650615, 0.2028387103449184, 0.19954554345251085, 0.1938413243090915, 0.19164611404755139]}, "5": {"maxiter": 500, "fatol": 1e-05, "xatol": 1e-10, "duration": 0.17333316802978516, "fun": "0.1914705020965708", "nit": "500", "nfev": "751", "status": "2", "success": "False", "message": "Maximum number of iterations has been exceeded.", "x": "[ 4.02144338 -1.0959545   3.33241324  2.32141268  7.71064443  0.50941082]", "final_simplex": "(array([[ 4.02144338, -1.0959545 ,  3.33241324,  2.32141268,  7.71064443,\n         0.50941082],\n       [ 4.01676302, -1.02966282,  3.36149649,  2.35477209,  7.73473253,\n         0.57315701],\n       [ 4.02599357, -1.1087752 ,  3.33653244,  2.38370293,  7.70545083,\n         0.54152488],\n       [ 4.0171382 , -1.06085148,  3.38458076,  2.31839629,  7.72638092,\n         0.54055909],\n       [ 4.06405236, -1.036397  ,  3.40242477,  2.34339533,  7.68592721,\n         0.45380204],\n       [ 3.98433055, -1.17909943,  3.32856832,  2.34251242,  7.61955779,\n         0.4300833 ],\n       [ 3.98151322, -1.03632987,  3.38376279,  2.34032671,  7.71294993,\n         0.5467141 ]]), array([0.1914705 , 0.19150953, 0.19158238, 0.19164611, 0.19196084,\n       0.19208006, 0.1921389 ]))", "callback": [0.7485350969271423, 0.6974527336121135, 0.6543095823820768, 0.5393717818350179, 0.5262258039855771, 0.5170441645982706, 0.5123089114396933, 0.5063641374751475, 0.4756250360587989, 0.45416647621512696, 0.44986705859159404, 0.44932845667712373, 0.44705124711598443, 0.4407011269239669, 0.4015766610046514, 0.35644842222455586, 0.3026405223334059, 0.23416570583643104, 0.22558748524415217, 0.22393779234756994, 0.22363236386897378, 0.22342743475578652, 0.22314444069539374, 0.22230000640664882, 0.2213101885674068, 0.22055554730228977, 0.220441856574502, 0.22041960389720894, 0.22041080652679657, 0.22040929565287892, 0.2204089934196083, 0.22040826811373004, 0.220406553822862, 0.2204013957733465, 0.2203896186169202, 0.22035818458714496, 0.22029965874483315, 0.22026483297985378, 0.2201972531588049, 0.2201204233493388, 0.2198161466714429, 0.21959858661760245, 0.2188082600858231, 0.21795597876524275, 0.21331608482684283, 0.2072145954650615, 0.2028387103449184, 0.19954554345251085, 0.1938413243090915, 0.19164611404755139]}, "6": {"maxiter": 500, "fatol": 1e-10, "xatol": 1e-05, "duration": 0.22149395942687988, "fun": "0.1914705020965708", "nit": "500", "nfev": "751", "status": "2", "success": "False", "message": "Maximum number of iterations has been exceeded.", "x": "[ 4.02144338 -1.0959545   3.33241324  2.32141268  7.71064443  0.50941082]", "final_simplex": "(array([[ 4.02144338, -1.0959545 ,  3.33241324,  2.32141268,  7.71064443,\n         0.50941082],\n       [ 4.01676302, -1.02966282,  3.36149649,  2.35477209,  7.73473253,\n         0.57315701],\n       [ 4.02599357, -1.1087752 ,  3.33653244,  2.38370293,  7.70545083,\n         0.54152488],\n       [ 4.0171382 , -1.06085148,  3.38458076,  2.31839629,  7.72638092,\n         0.54055909],\n       [ 4.06405236, -1.036397  ,  3.40242477,  2.34339533,  7.68592721,\n         0.45380204],\n       [ 3.98433055, -1.17909943,  3.32856832,  2.34251242,  7.61955779,\n         0.4300833 ],\n       [ 3.98151322, -1.03632987,  3.38376279,  2.34032671,  7.71294993,\n         0.5467141 ]]), array([0.1914705 , 0.19150953, 0.19158238, 0.19164611, 0.19196084,\n       0.19208006, 0.1921389 ]))", "callback": [0.7485350969271423, 0.6974527336121135, 0.6543095823820768, 0.5393717818350179, 0.5262258039855771, 0.5170441645982706, 0.5123089114396933, 0.5063641374751475, 0.4756250360587989, 0.45416647621512696, 0.44986705859159404, 0.44932845667712373, 0.44705124711598443, 0.4407011269239669, 0.4015766610046514, 0.35644842222455586, 0.3026405223334059, 0.23416570583643104, 0.22558748524415217, 0.22393779234756994, 0.22363236386897378, 0.22342743475578652, 0.22314444069539374, 0.22230000640664882, 0.2213101885674068, 0.22055554730228977, 0.220441856574502, 0.22041960389720894, 0.22041080652679657, 0.22040929565287892, 0.2204089934196083, 0.22040826811373004, 0.220406553822862, 0.2204013957733465, 0.2203896186169202, 0.22035818458714496, 0.22029965874483315, 0.22026483297985378, 0.2201972531588049, 0.2201204233493388, 0.2198161466714429, 0.21959858661760245, 0.2188082600858231, 0.21795597876524275, 0.21331608482684283, 0.2072145954650615, 0.2028387103449184, 0.19954554345251085, 0.1938413243090915, 0.19164611404755139]}, "7": {"maxiter": 500, "fatol": 1e-10, "xatol": 1e-10, "duration": 0.17873573303222656, "fun": "0.1914705020965708", "nit": "500", "nfev": "751", "status": "2", "success": "False", "message": "Maximum number of iterations has been exceeded.", "x": "[ 4.02144338 -1.0959545   3.33241324  2.32141268  7.71064443  0.50941082]", "final_simplex": "(array([[ 4.02144338, -1.0959545 ,  3.33241324,  2.32141268,  7.71064443,\n         0.50941082],\n       [ 4.01676302, -1.02966282,  3.36149649,  2.35477209,  7.73473253,\n         0.57315701],\n       [ 4.02599357, -1.1087752 ,  3.33653244,  2.38370293,  7.70545083,\n         0.54152488],\n       [ 4.0171382 , -1.06085148,  3.38458076,  2.31839629,  7.72638092,\n         0.54055909],\n       [ 4.06405236, -1.036397  ,  3.40242477,  2.34339533,  7.68592721,\n         0.45380204],\n       [ 3.98433055, -1.17909943,  3.32856832,  2.34251242,  7.61955779,\n         0.4300833 ],\n       [ 3.98151322, -1.03632987,  3.38376279,  2.34032671,  7.71294993,\n         0.5467141 ]]), array([0.1914705 , 0.19150953, 0.19158238, 0.19164611, 0.19196084,\n       0.19208006, 0.1921389 ]))", "callback": [0.7485350969271423, 0.6974527336121135, 0.6543095823820768, 0.5393717818350179, 0.5262258039855771, 0.5170441645982706, 0.5123089114396933, 0.5063641374751475, 0.4756250360587989, 0.45416647621512696, 0.44986705859159404, 0.44932845667712373, 0.44705124711598443, 0.4407011269239669, 0.4015766610046514, 0.35644842222455586, 0.3026405223334059, 0.23416570583643104, 0.22558748524415217, 0.22393779234756994, 0.22363236386897378, 0.22342743475578652, 0.22314444069539374, 0.22230000640664882, 0.2213101885674068, 0.22055554730228977, 0.220441856574502, 0.22041960389720894, 0.22041080652679657, 0.22040929565287892, 0.2204089934196083, 0.22040826811373004, 0.220406553822862, 0.2204013957733465, 0.2203896186169202, 0.22035818458714496, 0.22029965874483315, 0.22026483297985378, 0.2201972531588049, 0.2201204233493388, 0.2198161466714429, 0.21959858661760245, 0.2188082600858231, 0.21795597876524275, 0.21331608482684283, 0.2072145954650615, 0.2028387103449184, 0.19954554345251085, 0.1938413243090915, 0.19164611404755139]}, "8": {"maxiter": 1000, "fatol": 1e-05, "xatol": 1e-05, "duration": 0.2693607807159424, "fun": "0.16559560718540467", "nit": "728", "nfev": "1126", "status": "0", "success": "True", "message": "Optimization terminated successfully.", "x": "[ 4.44815336 -1.49616477  3.24643468  2.00033441  6.92330296  0.06656353]", "final_simplex": "(array([[ 4.44815336, -1.49616477,  3.24643468,  2.00033441,  6.92330296,\n         0.06656353],\n       [ 4.44815167, -1.49615989,  3.24643237,  2.00033569,  6.92331241,\n         0.06656479],\n       [ 4.44815454, -1.49616903,  3.24643158,  2.00032649,  6.92330129,\n         0.06656298],\n       [ 4.44815654, -1.49616027,  3.2464363 ,  2.00033392,  6.92330565,\n         0.06656243],\n       [ 4.44815587, -1.49616383,  3.2464338 ,  2.00033748,  6.92330571,\n         0.06656805],\n       [ 4.44814795, -1.49615958,  3.24643433,  2.00032994,  6.92330602,\n         0.06656825],\n       [ 4.44815518, -1.49615781,  3.24643337,  2.00033719,  6.92330167,\n         0.06655951]]), array([0.16559561, 0.16559561, 0.16559561, 0.16559561, 0.16559561,\n       0.16559561, 0.16559561]))", "callback": [0.7485350969271423, 0.6974527336121135, 0.6543095823820768, 0.5393717818350179, 0.5262258039855771, 0.5170441645982706, 0.5123089114396933, 0.5063641374751475, 0.4756250360587989, 0.45416647621512696, 0.44986705859159404, 0.44932845667712373, 0.44705124711598443, 0.4407011269239669, 0.4015766610046514, 0.35644842222455586, 0.3026405223334059, 0.23416570583643104, 0.22558748524415217, 0.22393779234756994, 0.22363236386897378, 0.22342743475578652, 0.22314444069539374, 0.22230000640664882, 0.2213101885674068, 0.22055554730228977, 0.220441856574502, 0.22041960389720894, 0.22041080652679657, 0.22040929565287892, 0.2204089934196083, 0.22040826811373004, 0.220406553822862, 0.2204013957733465, 0.2203896186169202, 0.22035818458714496, 0.22029965874483315, 0.22026483297985378, 0.2201972531588049, 0.2201204233493388, 0.2198161466714429, 0.21959858661760245, 0.2188082600858231, 0.21795597876524275, 0.21331608482684283, 0.2072145954650615, 0.2028387103449184, 0.19954554345251085, 0.1938413243090915, 0.19164611404755139, 0.19070573922529954, 0.1903530065727641, 0.18948933222480613, 0.18312575692803823, 0.17635611194543122, 0.17102536813925995, 0.1670700514674459, 0.16607168383390758, 0.1656548688370394, 0.1656076384847578, 0.16559932793202126, 0.1655969924205818, 0.16559621998585983, 0.1655960133876513, 0.16559575177356767, 0.1655956445811151, 0.16559562114237758, 0.1655956125144331, 0.16559560995819655, 0.16559560773116144, 0.16559560732443124, 0.16559560722945954, 0.16559560719023614]}, "9": {"maxiter": 1000, "fatol": 1e-05, "xatol": 1e-10, "duration": 0.3130819797515869, "fun": "0.16559560718178112", "nit": "825", "nfev": "1348", "status": "0", "success": "True", "message": "Optimization terminated successfully.", "x": "[ 4.44815438 -1.49616349  3.24643099  2.00033441  6.92330463  0.06656417]", "final_simplex": "(array([[ 4.44815438, -1.49616349,  3.24643099,  2.00033441,  6.92330463,\n         0.06656417],\n       [ 4.44815438, -1.49616349,  3.24643099,  2.00033441,  6.92330463,\n         0.06656417],\n       [ 4.44815438, -1.49616349,  3.24643099,  2.00033441,  6.92330463,\n         0.06656417],\n       [ 4.44815438, -1.49616349,  3.24643099,  2.00033441,  6.92330463,\n         0.06656417],\n       [ 4.44815438, -1.49616349,  3.24643099,  2.00033441,  6.92330463,\n         0.06656417],\n       [ 4.44815438, -1.49616349,  3.24643099,  2.00033441,  6.92330463,\n         0.06656417],\n       [ 4.44815438, -1.49616349,  3.24643099,  2.00033441,  6.92330463,\n         0.06656417]]), array([0.16559561, 0.16559561, 0.16559561, 0.16559561, 0.16559561,\n       0.16559561, 0.16559561]))", "callback": [0.7485350969271423, 0.6974527336121135, 0.6543095823820768, 0.5393717818350179, 0.5262258039855771, 0.5170441645982706, 0.5123089114396933, 0.5063641374751475, 0.4756250360587989, 0.45416647621512696, 0.44986705859159404, 0.44932845667712373, 0.44705124711598443, 0.4407011269239669, 0.4015766610046514, 0.35644842222455586, 0.3026405223334059, 0.23416570583643104, 0.22558748524415217, 0.22393779234756994, 0.22363236386897378, 0.22342743475578652, 0.22314444069539374, 0.22230000640664882, 0.2213101885674068, 0.22055554730228977, 0.220441856574502, 0.22041960389720894, 0.22041080652679657, 0.22040929565287892, 0.2204089934196083, 0.22040826811373004, 0.220406553822862, 0.2204013957733465, 0.2203896186169202, 0.22035818458714496, 0.22029965874483315, 0.22026483297985378, 0.2201972531588049, 0.2201204233493388, 0.2198161466714429, 0.21959858661760245, 0.2188082600858231, 0.21795597876524275, 0.21331608482684283, 0.2072145954650615, 0.2028387103449184, 0.19954554345251085, 0.1938413243090915, 0.19164611404755139, 0.19070573922529954, 0.1903530065727641, 0.18948933222480613, 0.18312575692803823, 0.17635611194543122, 0.17102536813925995, 0.1670700514674459, 0.16607168383390758, 0.1656548688370394, 0.1656076384847578, 0.16559932793202126, 0.1655969924205818, 0.16559621998585983, 0.1655960133876513, 0.16559575177356767, 0.1655956445811151, 0.16559562114237758, 0.1655956125144331, 0.16559560995819655, 0.16559560773116144, 0.16559560732443124, 0.16559560722945954, 0.16559560719023614, 0.1655956071842718, 0.16559560718237643, 0.16559560718187216, 0.16559560718180288, 0.16559560718178623, 0.16559560718178246, 0.16559560718178146, 0.16559560718178123, 0.16559560718178112, 0.16559560718178112]}, "10": {"maxiter": 1000, "fatol": 1e-10, "xatol": 1e-05, "duration": 0.25812506675720215, "fun": "0.16559560718540467", "nit": "728", "nfev": "1126", "status": "0", "success": "True", "message": "Optimization terminated successfully.", "x": "[ 4.44815336 -1.49616477  3.24643468  2.00033441  6.92330296  0.06656353]", "final_simplex": "(array([[ 4.44815336, -1.49616477,  3.24643468,  2.00033441,  6.92330296,\n         0.06656353],\n       [ 4.44815167, -1.49615989,  3.24643237,  2.00033569,  6.92331241,\n         0.06656479],\n       [ 4.44815454, -1.49616903,  3.24643158,  2.00032649,  6.92330129,\n         0.06656298],\n       [ 4.44815654, -1.49616027,  3.2464363 ,  2.00033392,  6.92330565,\n         0.06656243],\n       [ 4.44815587, -1.49616383,  3.2464338 ,  2.00033748,  6.92330571,\n         0.06656805],\n       [ 4.44814795, -1.49615958,  3.24643433,  2.00032994,  6.92330602,\n         0.06656825],\n       [ 4.44815518, -1.49615781,  3.24643337,  2.00033719,  6.92330167,\n         0.06655951]]), array([0.16559561, 0.16559561, 0.16559561, 0.16559561, 0.16559561,\n       0.16559561, 0.16559561]))", "callback": [0.7485350969271423, 0.6974527336121135, 0.6543095823820768, 0.5393717818350179, 0.5262258039855771, 0.5170441645982706, 0.5123089114396933, 0.5063641374751475, 0.4756250360587989, 0.45416647621512696, 0.44986705859159404, 0.44932845667712373, 0.44705124711598443, 0.4407011269239669, 0.4015766610046514, 0.35644842222455586, 0.3026405223334059, 0.23416570583643104, 0.22558748524415217, 0.22393779234756994, 0.22363236386897378, 0.22342743475578652, 0.22314444069539374, 0.22230000640664882, 0.2213101885674068, 0.22055554730228977, 0.220441856574502, 0.22041960389720894, 0.22041080652679657, 0.22040929565287892, 0.2204089934196083, 0.22040826811373004, 0.220406553822862, 0.2204013957733465, 0.2203896186169202, 0.22035818458714496, 0.22029965874483315, 0.22026483297985378, 0.2201972531588049, 0.2201204233493388, 0.2198161466714429, 0.21959858661760245, 0.2188082600858231, 0.21795597876524275, 0.21331608482684283, 0.2072145954650615, 0.2028387103449184, 0.19954554345251085, 0.1938413243090915, 0.19164611404755139, 0.19070573922529954, 0.1903530065727641, 0.18948933222480613, 0.18312575692803823, 0.17635611194543122, 0.17102536813925995, 0.1670700514674459, 0.16607168383390758, 0.1656548688370394, 0.1656076384847578, 0.16559932793202126, 0.1655969924205818, 0.16559621998585983, 0.1655960133876513, 0.16559575177356767, 0.1655956445811151, 0.16559562114237758, 0.1655956125144331, 0.16559560995819655, 0.16559560773116144, 0.16559560732443124, 0.16559560722945954, 0.16559560719023614]}, "11": {"maxiter": 1000, "fatol": 1e-10, "xatol": 1e-10, "duration": 0.3040812015533447, "fun": "0.16559560718178112", "nit": "825", "nfev": "1348", "status": "0", "success": "True", "message": "Optimization terminated successfully.", "x": "[ 4.44815438 -1.49616349  3.24643099  2.00033441  6.92330463  0.06656417]", "final_simplex": "(array([[ 4.44815438, -1.49616349,  3.24643099,  2.00033441,  6.92330463,\n         0.06656417],\n       [ 4.44815438, -1.49616349,  3.24643099,  2.00033441,  6.92330463,\n         0.06656417],\n       [ 4.44815438, -1.49616349,  3.24643099,  2.00033441,  6.92330463,\n         0.06656417],\n       [ 4.44815438, -1.49616349,  3.24643099,  2.00033441,  6.92330463,\n         0.06656417],\n       [ 4.44815438, -1.49616349,  3.24643099,  2.00033441,  6.92330463,\n         0.06656417],\n       [ 4.44815438, -1.49616349,  3.24643099,  2.00033441,  6.92330463,\n         0.06656417],\n       [ 4.44815438, -1.49616349,  3.24643099,  2.00033441,  6.92330463,\n         0.06656417]]), array([0.16559561, 0.16559561, 0.16559561, 0.16559561, 0.16559561,\n       0.16559561, 0.16559561]))", "callback": [0.7485350969271423, 0.6974527336121135, 0.6543095823820768, 0.5393717818350179, 0.5262258039855771, 0.5170441645982706, 0.5123089114396933, 0.5063641374751475, 0.4756250360587989, 0.45416647621512696, 0.44986705859159404, 0.44932845667712373, 0.44705124711598443, 0.4407011269239669, 0.4015766610046514, 0.35644842222455586, 0.3026405223334059, 0.23416570583643104, 0.22558748524415217, 0.22393779234756994, 0.22363236386897378, 0.22342743475578652, 0.22314444069539374, 0.22230000640664882, 0.2213101885674068, 0.22055554730228977, 0.220441856574502, 0.22041960389720894, 0.22041080652679657, 0.22040929565287892, 0.2204089934196083, 0.22040826811373004, 0.220406553822862, 0.2204013957733465, 0.2203896186169202, 0.22035818458714496, 0.22029965874483315, 0.22026483297985378, 0.2201972531588049, 0.2201204233493388, 0.2198161466714429, 0.21959858661760245, 0.2188082600858231, 0.21795597876524275, 0.21331608482684283, 0.2072145954650615, 0.2028387103449184, 0.19954554345251085, 0.1938413243090915, 0.19164611404755139, 0.19070573922529954, 0.1903530065727641, 0.18948933222480613, 0.18312575692803823, 0.17635611194543122, 0.17102536813925995, 0.1670700514674459, 0.16607168383390758, 0.1656548688370394, 0.1656076384847578, 0.16559932793202126, 0.1655969924205818, 0.16559621998585983, 0.1655960133876513, 0.16559575177356767, 0.1655956445811151, 0.16559562114237758, 0.1655956125144331, 0.16559560995819655, 0.16559560773116144, 0.16559560732443124, 0.16559560722945954, 0.16559560719023614, 0.1655956071842718, 0.16559560718237643, 0.16559560718187216, 0.16559560718180288, 0.16559560718178623, 0.16559560718178246, 0.16559560718178146, 0.16559560718178123, 0.16559560718178112, 0.16559560718178112]}}, "bfgs": {"type": "gradient", "0": {"maxiter": 100, "gtol": 1e-05, "xrtol": 1e-05, "eps": 1e-05, "duration": 0.05506396293640137, "fun": "0.1655956076291305", "jac": "[-2.85734769e-06 -6.16617868e-08 -8.81570372e-06 -1.51947344e-06\n  8.14280865e-06  2.98653324e-06]", "hess_inv": "[[ 5.88220639 -3.63793148 -1.06866093 -2.85537634 -4.04190034 -3.00423937]\n [-3.63793148  7.51770464  1.58295366  3.60010265  4.34240096  3.35417597]\n [-1.06866093  1.58295366  3.2924407  -0.45861791  0.65885411  0.46503348]\n [-2.85537634  3.60010265 -0.45861791  7.07626621  3.77521073  1.90219462]\n [-4.04190034  4.34240096  0.65885411  3.77521073  7.68563733  3.68777662]\n [-3.00423937  3.35417597  0.46503348  1.90219462  3.68777662  5.03075018]]", "nfev": "245", "njev": "35", "status": "0", "success": "True", "message": "Optimization terminated successfully.", "x": "[4.44811129 4.78704149 3.24640046 2.00036383 6.92337054 0.06660331]", "nit": "30", "callback": [0.4642860783173919, 0.37420612764852024, 0.3519611486866787, 0.32590686252665224, 0.3223676210273896, 0.31961045548084366, 0.31850922124635206, 0.3172256890888281, 0.3153454430998063, 0.3127329522191531, 0.30890560368918907, 0.303153552183796, 0.29418607199340163, 0.28738592119943873, 0.27548898788329523, 0.2539750817569494, 0.2224326068965431, 0.21363696220045303, 0.20365004028429512, 0.18948082096615837, 0.17114387234376593, 0.1675007493261511, 0.16644135838763308, 0.16600793773592293, 0.16568959691822094, 0.16559858160595264, 0.16559662607048176, 0.16559595484945, 0.16559562508396886, 0.1655956076291305]}, "1": {"maxiter": 100, "gtol": 1e-05, "xrtol": 1e-05, "eps": 1e-10, "duration": 0.05534529685974121, "fun": "0.16559560798531558", "jac": "[-4.44089173e-06  2.22044587e-06 -8.88178346e-06 -1.11022293e-06\n  7.77156053e-06  2.22044617e-06]", "hess_inv": "[[ 5.94734565 -3.66658324 -1.0700062  -2.90310337 -4.0762871  -3.02914612]\n [-3.66658324  7.50480723  1.60039691  3.61209953  4.31935692  3.32923154]\n [-1.0700062   1.60039691  3.30688657 -0.45773353  0.65534533  0.44890168]\n [-2.90310337  3.61209953 -0.45773353  7.11334996  3.7926017   1.91988681]\n [-4.0762871   4.31935692  0.65534533  3.7926017   7.67117347  3.66817325]\n [-3.02914612  3.32923154  0.44890168  1.91988681  3.66817325  5.01585122]]", "nfev": "245", "njev": "35", "status": "0", "success": "True", "message": "Optimization terminated successfully.", "x": "[4.44808716 4.78708167 3.24640733 2.00039958 6.92341436 0.06663336]", "nit": "30", "callback": [0.46428550210721276, 0.3742054863354104, 0.35196057304274364, 0.3259059475463555, 0.322366754601886, 0.3196097360315189, 0.3185089704364429, 0.317224609394946, 0.3153451939361638, 0.31273190066983547, 0.30890225147291006, 0.30314882618475447, 0.29417988245731963, 0.287383891455127, 0.27549157835653104, 0.2539848357980008, 0.22245024354978105, 0.2136618232602825, 0.20365266301226514, 0.1894858925640357, 0.1711482387834271, 0.16751976935284163, 0.1664484110033888, 0.16601054543250837, 0.16569415595606507, 0.1655986893205006, 0.16559662672325326, 0.16559597383624258, 0.16559562883018597, 0.16559560798531558]}, "2": {"maxiter": 100, "gtol": 1e-05, "xrtol": 1e-10, "eps": 1e-05, "duration": 0.05707097053527832, "fun": "0.1655956076291305", "jac": "[-2.85734769e-06 -6.16617868e-08 -8.81570372e-06 -1.51947344e-06\n  8.14280865e-06  2.98653324e-06]", "hess_inv": "[[ 5.88220639 -3.63793148 -1.06866093 -2.85537634 -4.04190034 -3.00423937]\n [-3.63793148  7.51770464  1.58295366  3.60010265  4.34240096  3.35417597]\n [-1.06866093  1.58295366  3.2924407  -0.45861791  0.65885411  0.46503348]\n [-2.85537634  3.60010265 -0.45861791  7.07626621  3.77521073  1.90219462]\n [-4.04190034  4.34240096  0.65885411  3.77521073  7.68563733  3.68777662]\n [-3.00423937  3.35417597  0.46503348  1.90219462  3.68777662  5.03075018]]", "nfev": "245", "njev": "35", "status": "0", "success": "True", "message": "Optimization terminated successfully.", "x": "[4.44811129 4.78704149 3.24640046 2.00036383 6.92337054 0.06660331]", "nit": "30", "callback": [0.4642860783173919, 0.37420612764852024, 0.3519611486866787, 0.32590686252665224, 0.3223676210273896, 0.31961045548084366, 0.31850922124635206, 0.3172256890888281, 0.3153454430998063, 0.3127329522191531, 0.30890560368918907, 0.303153552183796, 0.29418607199340163, 0.28738592119943873, 0.27548898788329523, 0.2539750817569494, 0.2224326068965431, 0.21363696220045303, 0.20365004028429512, 0.18948082096615837, 0.17114387234376593, 0.1675007493261511, 0.16644135838763308, 0.16600793773592293, 0.16568959691822094, 0.16559858160595264, 0.16559662607048176, 0.16559595484945, 0.16559562508396886, 0.1655956076291305]}, "3": {"maxiter": 100, "gtol": 1e-05, "xrtol": 1e-10, "eps": 1e-10, "duration": 0.05491805076599121, "fun": "0.16559560798531558", "jac": "[-4.44089173e-06  2.22044587e-06 -8.88178346e-06 -1.11022293e-06\n  7.77156053e-06  2.22044617e-06]", "hess_inv": "[[ 5.94734565 -3.66658324 -1.0700062  -2.90310337 -4.0762871  -3.02914612]\n [-3.66658324  7.50480723  1.60039691  3.61209953  4.31935692  3.32923154]\n [-1.0700062   1.60039691  3.30688657 -0.45773353  0.65534533  0.44890168]\n [-2.90310337  3.61209953 -0.45773353  7.11334996  3.7926017   1.91988681]\n [-4.0762871   4.31935692  0.65534533  3.7926017   7.67117347  3.66817325]\n [-3.02914612  3.32923154  0.44890168  1.91988681  3.66817325  5.01585122]]", "nfev": "245", "njev": "35", "status": "0", "success": "True", "message": "Optimization terminated successfully.", "x": "[4.44808716 4.78708167 3.24640733 2.00039958 6.92341436 0.06663336]", "nit": "30", "callback": [0.46428550210721276, 0.3742054863354104, 0.35196057304274364, 0.3259059475463555, 0.322366754601886, 0.3196097360315189, 0.3185089704364429, 0.317224609394946, 0.3153451939361638, 0.31273190066983547, 0.30890225147291006, 0.30314882618475447, 0.29417988245731963, 0.287383891455127, 0.27549157835653104, 0.2539848357980008, 0.22245024354978105, 0.2136618232602825, 0.20365266301226514, 0.1894858925640357, 0.1711482387834271, 0.16751976935284163, 0.1664484110033888, 0.16601054543250837, 0.16569415595606507, 0.1655986893205006, 0.16559662672325326, 0.16559597383624258, 0.16559562883018597, 0.16559560798531558]}, "4": {"maxiter": 100, "gtol": 1e-10, "xrtol": 1e-05, "eps": 1e-05, "duration": 0.05816388130187988, "fun": "0.1655956072466972", "jac": "[ 1.42108547e-09 -1.77635684e-08 -3.53161944e-08 -3.03090886e-08\n  2.45248266e-08 -9.83657600e-09]", "hess_inv": "[[ 6.50200107 -4.04960415 -0.76415382 -3.37185932 -4.99154809 -3.61849766]\n [-4.04960415  7.62107657  1.22389595  3.88404443  4.99055011  3.75647744]\n [-0.76415382  1.22389595  3.29564177 -0.76823258  0.21256138  0.15949117]\n [-3.37185932  3.88404443 -0.76823258  7.48509622  4.57576856  2.41319861]\n [-4.99154809  4.99055011  0.21256138  4.57576856  9.12907744  4.62606062]\n [-3.61849766  3.75647744  0.15949117  2.41319861  4.62606062  5.63811098]]", "nfev": "259", "njev": "37", "status": "0", "success": "True", "message": "Optimization terminated successfully.", "x": "[4.44816921 4.78699522 3.24642404 2.00031457 6.92327726 0.06654377]", "nit": "32", "callback": [0.4642860783173919, 0.37420612764852024, 0.3519611486866787, 0.32590686252665224, 0.3223676210273896, 0.31961045548084366, 0.31850922124635206, 0.3172256890888281, 0.3153454430998063, 0.3127329522191531, 0.30890560368918907, 0.303153552183796, 0.29418607199340163, 0.28738592119943873, 0.27548898788329523, 0.2539750817569494, 0.2224326068965431, 0.21363696220045303, 0.20365004028429512, 0.18948082096615837, 0.17114387234376593, 0.1675007493261511, 0.16644135838763308, 0.16600793773592293, 0.16568959691822094, 0.16559858160595264, 0.16559662607048176, 0.16559595484945, 0.16559562508396886, 0.1655956076291305, 0.16559560725346634, 0.1655956072466972]}, "5": {"maxiter": 100, "gtol": 1e-10, "xrtol": 1e-05, "eps": 1e-10, "duration": 0.07634186744689941, "fun": "0.16559560721043876", "jac": "[ 4.44089173e-06 -2.22044587e-06  0.00000000e+00  1.11022293e-06\n  3.33066880e-06  2.22044617e-06]", "hess_inv": "[[ 1.38313049e+01 -1.34064656e+01 -8.42869117e-01 -1.21953304e+01\n  -1.62941587e+01 -1.11362435e+01]\n [-1.34064656e+01  1.87825802e+01  7.91922701e-01  1.43145028e+01\n   1.91110187e+01  1.30563024e+01]\n [-8.42869117e-01  7.91922701e-01  2.93683800e+00 -1.25052298e+00\n   1.00548307e-01  2.20799558e-02]\n [-1.21953304e+01  1.43145028e+01 -1.25052298e+00  1.72199215e+01\n   1.78604068e+01  1.11573205e+01]\n [-1.62941587e+01  1.91110187e+01  1.00548307e-01  1.78604068e+01\n   2.64743510e+01  1.61065768e+01]\n [-1.11362435e+01  1.30563024e+01  2.20799558e-02  1.11573205e+01\n   1.61065768e+01  1.32326204e+01]]", "nfev": "343", "njev": "49", "status": "0", "success": "True", "message": "Optimization terminated successfully.", "x": "[4.44816318 4.78700937 3.2464237  2.00033451 6.92330628 0.0665645 ]", "nit": "32", "callback": [0.46428550210721276, 0.3742054863354104, 0.35196057304274364, 0.3259059475463555, 0.322366754601886, 0.3196097360315189, 0.3185089704364429, 0.317224609394946, 0.3153451939361638, 0.31273190066983547, 0.30890225147291006, 0.30314882618475447, 0.29417988245731963, 0.287383891455127, 0.27549157835653104, 0.2539848357980008, 0.22245024354978105, 0.2136618232602825, 0.20365266301226514, 0.1894858925640357, 0.1711482387834271, 0.16751976935284163, 0.1664484110033888, 0.16601054543250837, 0.16569415595606507, 0.1655986893205006, 0.16559662672325326, 0.16559597383624258, 0.16559562883018597, 0.16559560798531558, 0.16559560721043876, 0.16559560721043876]}, "6": {"maxiter": 100, "gtol": 1e-10, "xrtol": 1e-10, "eps": 1e-05, "duration": 0.09438109397888184, "fun": "0.1655956072458311", "jac": "[ 1.55431223e-10  9.99200722e-11  5.55111512e-11 -7.77156117e-11\n  1.44328993e-10 -4.44089210e-11]", "hess_inv": "[[ 6.32588857 -4.06830341 -0.83332476 -3.18453114 -5.02616099 -3.54835994]\n [-4.06830341  7.91751819  1.43608504  3.97383374  5.07876544  3.81437086]\n [-0.83332476  1.43608504  3.41374993 -0.64896271  0.30146844  0.23424254]\n [-3.18453114  3.97383374 -0.64896271  7.30116985  4.64622599  2.35379597]\n [-5.02616099  5.07876544  0.30146844  4.64622599  9.07550443  4.63369603]\n [-3.54835994  3.81437086  0.23424254  2.35379597  4.63369603  5.61245692]]", "nfev": "424", "njev": "59", "status": "2", "success": "False", "message": "Desired error not necessarily achieved due to precision loss.", "x": "[4.44816909 4.78699545 3.24642416 2.00031475 6.92327733 0.06654386]", "nit": "34", "callback": [0.4642860783173919, 0.37420612764852024, 0.3519611486866787, 0.32590686252665224, 0.3223676210273896, 0.31961045548084366, 0.31850922124635206, 0.3172256890888281, 0.3153454430998063, 0.3127329522191531, 0.30890560368918907, 0.303153552183796, 0.29418607199340163, 0.28738592119943873, 0.27548898788329523, 0.2539750817569494, 0.2224326068965431, 0.21363696220045303, 0.20365004028429512, 0.18948082096615837, 0.17114387234376593, 0.1675007493261511, 0.16644135838763308, 0.16600793773592293, 0.16568959691822094, 0.16559858160595264, 0.16559662607048176, 0.16559595484945, 0.16559562508396886, 0.1655956076291305, 0.16559560725346634, 0.1655956072466972, 0.16559560724585187, 0.1655956072458311]}, "7": {"maxiter": 100, "gtol": 1e-10, "xrtol": 1e-10, "eps": 1e-10, "duration": 0.08092999458312988, "fun": "0.16559560721043876", "jac": "[ 4.44089173e-06 -2.22044587e-06  0.00000000e+00  1.11022293e-06\n  3.33066880e-06  2.22044617e-06]", "hess_inv": "[[ 1.38313049e+01 -1.34064656e+01 -8.42869117e-01 -1.21953304e+01\n  -1.62941587e+01 -1.11362435e+01]\n [-1.34064656e+01  1.87825802e+01  7.91922701e-01  1.43145028e+01\n   1.91110187e+01  1.30563024e+01]\n [-8.42869117e-01  7.91922701e-01  2.93683800e+00 -1.25052298e+00\n   1.00548307e-01  2.20799558e-02]\n [-1.21953304e+01  1.43145028e+01 -1.25052298e+00  1.72199215e+01\n   1.78604068e+01  1.11573205e+01]\n [-1.62941587e+01  1.91110187e+01  1.00548307e-01  1.78604068e+01\n   2.64743510e+01  1.61065768e+01]\n [-1.11362435e+01  1.30563024e+01  2.20799558e-02  1.11573205e+01\n   1.61065768e+01  1.32326204e+01]]", "nfev": "343", "njev": "49", "status": "0", "success": "True", "message": "Optimization terminated successfully.", "x": "[4.44816318 4.78700937 3.2464237  2.00033451 6.92330628 0.0665645 ]", "nit": "32", "callback": [0.46428550210721276, 0.3742054863354104, 0.35196057304274364, 0.3259059475463555, 0.322366754601886, 0.3196097360315189, 0.3185089704364429, 0.317224609394946, 0.3153451939361638, 0.31273190066983547, 0.30890225147291006, 0.30314882618475447, 0.29417988245731963, 0.287383891455127, 0.27549157835653104, 0.2539848357980008, 0.22245024354978105, 0.2136618232602825, 0.20365266301226514, 0.1894858925640357, 0.1711482387834271, 0.16751976935284163, 0.1664484110033888, 0.16601054543250837, 0.16569415595606507, 0.1655986893205006, 0.16559662672325326, 0.16559597383624258, 0.16559562883018597, 0.16559560798531558, 0.16559560721043876, 0.1655