{"date": "2024/09/25/, 12:08:47", "conf_id": 224, "data_type": "non_lin_ind\n", "num_data_points": 4, "s_rank": 0, "unitary": "[[-0.24866696+0.58742286j,-0.44704345-0.43151574j,-0.35669027-0.20570733j,-0.10517633+0.1626036j],[0.10596805-0.19687975j,-0.30269685-0.15056416j,0.18246286+0.30440582j,-0.83484447-0.11310748j],[0.26054512-0.52548482j,0.0285017-0.50723956j,-0.43110112+0.17165838j,0.15243271+0.39915801j],[0.42978035+0.11991271j,-0.17224126-0.46030424j,0.6827807-0.15164662j,0.26483638+0.0061855j]]", "databatch_0": {"databatch": "[[[0.16667098-2.29780303e-01j,-0.09413769-6.12070098e-02j,0.16644579-2.58877153e-01j,-0.0412864-9.18798858e-03j],[0.27490345+4.09323352e-01j,0.15615636-1.16859669e-01j,0.32248319+4.26374214e-01j,0.03969682-6.18208955e-02j],[0.00250035+1.57985343e-01j,0.06236166-4.17548934e-03j,0.01231645+1.70868315e-01j,0.02145472-9.69422782e-03j],[0.21602037-1.71601675e-01j,-0.07214996-8.18763749e-02j,0.22340574-1.98900105e-01j,-0.03625248-1.93799955e-02j]],[[-0.1074565-2.20564150e-01j,0.14337474-1.29759536e-01j,0.03325467-1.75950874e-01j,-0.13588589-2.03907132e-01j],[0.4239749-4.31821957e-02j,0.12575663+3.11462017e-01j,0.26699607+1.59552960e-01j,0.4138327-9.95100638e-02j],[0.12150454+6.23462598e-02j,-0.02052299+1.05662573e-01j,0.04394243+8.94631900e-02j,0.12860347+4.54351807e-02j],[-0.04301597-2.34539060e-01j,0.1680991-8.40469427e-02j,0.07706681-1.56038526e-01j,-0.07397933-2.26367176e-01j]],[[-0.32341242-2.30797785e-01j,-0.10365269-1.33709768e-02j,-0.02520125-6.87992449e-02j,-0.12382633-1.44810991e-02j],[0.56993804-3.89190886e-01j,0.08385148-1.61010479e-01j,0.12726918+9.20363978e-05j,0.09773805-1.93240806e-01j],[0.2210968-5.20670226e-03j,0.05062606-2.86562592e-02j,0.03419623+2.22244488e-02j,0.05998099-3.48981115e-02j],[-0.24251607-3.00498182e-01j,-0.09354598-3.95776883e-02j,-0.00563157-7.09870691e-02j,-0.11214215-4.58836001e-02j]],[[-0.09217612-1.09641670e-02j,0.21323693-6.07769850e-02j,0.01775546+7.29758821e-02j,-0.34907597-6.64960700e-02j],[0.07305682-1.43737719e-01j,-0.02854653+3.84083771e-01j,-0.12962232-1.47332694e-02j,0.3173927-5.29392409e-01j],[0.04471135-2.58959487e-02j,-0.07467+9.82693541e-02j,-0.03227491-2.65707421e-02j,0.1776635-8.69472125e-02j],[-0.08343028-3.43283639e-02j,0.2154931-1.22882735e-03j,-0.00242934+7.29532778e-02j,-0.3094351-1.53383485e-01j]]]", "initial param values": "[0.18618202,4.46648073,5.5429978,2.88088909,3.923048,2.85026712]", "nelder_mead": {"type": "gradient-free", "0": {"maxiter": 100, "fatol": 1e-05, "xatol": 1e-05, "duration": 0.0723729133605957, "fun": "0.34147158783195863", "nit": "100", "nfev": "155", "status": "2", "success": "False", "message": "Maximum number of iterations has been exceeded.", "x": "[0.07691259 4.41885928 7.36719881 2.40741675 4.19701893 6.1421875 ]", "final_simplex": "(array([[0.07691259, 4.41885928, 7.36719881, 2.40741675, 4.19701893,\n        6.1421875 ],\n       [0.11369614, 4.58665423, 7.05118627, 2.51660538, 3.65236365,\n        5.49078691],\n       [0.07303862, 4.13123891, 7.51899619, 2.46040609, 4.30225728,\n        6.14743   ],\n       [0.1176492 , 4.43438508, 6.9484929 , 2.5148973 , 3.62981241,\n        5.47893306],\n       [0.09726169, 4.19290131, 7.12360492, 2.53640196, 3.90891821,\n        5.83272338],\n       [0.12590203, 4.43789064, 6.94127144, 2.62219898, 3.389048  ,\n        5.27046322],\n       [0.1159256 , 4.13520404, 7.16654582, 2.61129799, 3.61804638,\n        5.45099329]]), array([0.34147159, 0.35667728, 0.35819253, 0.36838339, 0.37918398,\n       0.38205701, 0.38287138]))", "callback": [0.9102162930829236, 0.5992340614321312, 0.4292364778277593, 0.42840414272278227, 0.4230619202857262, 0.4225828510352456, 0.42142113276756454, 0.41527575474627965, 0.40792308696323165, 0.37918398345116]}, "1": {"maxiter": 100, "fatol": 1e-05, "xatol": 1e-10, "duration": 0.05374002456665039, "fun": "0.34147158783195863", "nit": "100", "nfev": "155", "status": "2", "success": "False", "message": "Maximum number of iterations has been exceeded.", "x": "[0.07691259 4.41885928 7.36719881 2.40741675 4.19701893 6.1421875 ]", "final_simplex": "(array([[0.07691259, 4.41885928, 7.36719881, 2.40741675, 4.19701893,\n        6.1421875 ],\n       [0.11369614, 4.58665423, 7.05118627, 2.51660538, 3.65236365,\n        5.49078691],\n       [0.07303862, 4.13123891, 7.51899619, 2.46040609, 4.30225728,\n        6.14743   ],\n       [0.1176492 , 4.43438508, 6.9484929 , 2.5148973 , 3.62981241,\n        5.47893306],\n       [0.09726169, 4.19290131, 7.12360492, 2.53640196, 3.90891821,\n        5.83272338],\n       [0.12590203, 4.43789064, 6.94127144, 2.62219898, 3.389048  ,\n        5.27046322],\n       [0.1159256 , 4.13520404, 7.16654582, 2.61129799, 3.61804638,\n        5.45099329]]), array([0.34147159, 0.35667728, 0.35819253, 0.36838339, 0.37918398,\n       0.38205701, 0.38287138]))", "callback": [0.9102162930829236, 0.5992340614321312, 0.4292364778277593, 0.42840414272278227, 0.4230619202857262, 0.4225828510352456, 0.42142113276756454, 0.41527575474627965, 0.40792308696323165, 0.37918398345116]}, "2": {"maxiter": 100, "fatol": 1e-10, "xatol": 1e-05, "duration": 0.052004098892211914, "fun": "0.34147158783195863", "nit": "100", "nfev": "155", "status": "2", "success": "False", "message": "Maximum number of iterations has been exceeded.", "x": "[0.07691259 4.41885928 7.36719881 2.40741675 4.19701893 6.1421875 ]", "final_simplex": "(array([[0.07691259, 4.41885928, 7.36719881, 2.40741675, 4.19701893,\n        6.1421875 ],\n       [0.11369614, 4.58665423, 7.05118627, 2.51660538, 3.65236365,\n        5.49078691],\n       [0.07303862, 4.13123891, 7.51899619, 2.46040609, 4.30225728,\n        6.14743   ],\n       [0.1176492 , 4.43438508, 6.9484929 , 2.5148973 , 3.62981241,\n        5.47893306],\n       [0.09726169, 4.19290131, 7.12360492, 2.53640196, 3.90891821,\n        5.83272338],\n       [0.12590203, 4.43789064, 6.94127144, 2.62219898, 3.389048  ,\n        5.27046322],\n       [0.1159256 , 4.13520404, 7.16654582, 2.61129799, 3.61804638,\n        5.45099329]]), array([0.34147159, 0.35667728, 0.35819253, 0.36838339, 0.37918398,\n       0.38205701, 0.38287138]))", "callback": [0.9102162930829236, 0.5992340614321312, 0.4292364778277593, 0.42840414272278227, 0.4230619202857262, 0.4225828510352456, 0.42142113276756454, 0.41527575474627965, 0.40792308696323165, 0.37918398345116]}, "3": {"maxiter": 100, "fatol": 1e-10, "xatol": 1e-10, "duration": 0.05252790451049805, "fun": "0.34147158783195863", "nit": "100", "nfev": "155", "status": "2", "success": "False", "message": "Maximum number of iterations has been exceeded.", "x": "[0.07691259 4.41885928 7.36719881 2.40741675 4.19701893 6.1421875 ]", "final_simplex": "(array([[0.07691259, 4.41885928, 7.36719881, 2.40741675, 4.19701893,\n        6.1421875 ],\n       [0.11369614, 4.58665423, 7.05118627, 2.51660538, 3.65236365,\n        5.49078691],\n       [0.07303862, 4.13123891, 7.51899619, 2.46040609, 4.30225728,\n        6.14743   ],\n       [0.1176492 , 4.43438508, 6.9484929 , 2.5148973 , 3.62981241,\n        5.47893306],\n       [0.09726169, 4.19290131, 7.12360492, 2.53640196, 3.90891821,\n        5.83272338],\n       [0.12590203, 4.43789064, 6.94127144, 2.62219898, 3.389048  ,\n        5.27046322],\n       [0.1159256 , 4.13520404, 7.16654582, 2.61129799, 3.61804638,\n        5.45099329]]), array([0.34147159, 0.35667728, 0.35819253, 0.36838339, 0.37918398,\n       0.38205701, 0.38287138]))", "callback": [0.9102162930829236, 0.5992340614321312, 0.4292364778277593, 0.42840414272278227, 0.4230619202857262, 0.4225828510352456, 0.42142113276756454, 0.41527575474627965, 0.40792308696323165, 0.37918398345116]}, "4": {"maxiter": 500, "fatol": 1e-05, "xatol": 1e-05, "duration": 0.2698519229888916, "fun": "0.060017324317183096", "nit": "500", "nfev": "791", "status": "2", "success": "False", "message": "Maximum number of iterations has been exceeded.", "x": "[ 0.13394894 11.59832015  2.08071985  0.41886176  4.73445088  5.88217452]", "final_simplex": "(array([[ 0.13394894, 11.59832015,  2.08071985,  0.41886176,  4.73445088,\n         5.88217452],\n       [ 0.13394568, 11.59861202,  2.08035687,  0.41898839,  4.73431504,\n         5.88209724],\n       [ 0.13394444, 11.59849191,  2.08057455,  0.41894512,  4.73436744,\n         5.88217559],\n       [ 0.1339531 , 11.59796705,  2.08106601,  0.41889243,  4.73425585,\n         5.88230567],\n       [ 0.1339513 , 11.59850427,  2.08062269,  0.41880942,  4.73438477,\n         5.88223203],\n       [ 0.13394693, 11.59841308,  2.08070918,  0.41892385,  4.7344997 ,\n         5.88197922],\n       [ 0.13394754, 11.59831198,  2.080693  ,  0.41893807,  4.7343493 ,\n         5.88217694]]), array([0.06001732, 0.06001733, 0.06001733, 0.06001733, 0.06001733,\n       0.06001734, 0.06001734]))", "callback": [0.9102162930829236, 0.5992340614321312, 0.4292364778277593, 0.42840414272278227, 0.4230619202857262, 0.4225828510352456, 0.42142113276756454, 0.41527575474627965, 0.40792308696323165, 0.37918398345116, 0.33110052519318156, 0.30676525370600594, 0.28587335661845037, 0.24891561710212762, 0.20280115005032417, 0.12499613973144108, 0.085633625694014, 0.07449528867089861, 0.07129669481535483, 0.07087986818511927, 0.07004597928250633, 0.0692584041958142, 0.06407880488052908, 0.06119823676993341, 0.06030052080401904, 0.060121902732969246, 0.06006180698896357, 0.06005370537997845, 0.06005246993757374, 0.06005230850971688, 0.06005225767889999, 0.06005219687167496, 0.06005215301949507, 0.06005208451741262, 0.06005186633044257, 0.0600516416084762, 0.06005076036961943, 0.06004875224427808, 0.060042173195423265, 0.06002585730380172, 0.06001948964179338, 0.06001819874398584, 0.06001747226255327, 0.06001737392439055, 0.06001735949548226, 0.060017348258040615, 0.06001734465805719, 0.06001734360293076, 0.06001734229883504, 0.06001733804506448]}, "5": {"maxiter": 500, "fatol": 1e-05, "xatol": 1e-10, "duration": 0.41019415855407715, "fun": "0.060017324317183096", "nit": "500", "nfev": "791", "status": "2", "success": "False", "message": "Maximum number of iterations has been exceeded.", "x": "[ 0.13394894 11.59832015  2.08071985  0.41886176  4.73445088  5.88217452]", "final_simplex": "(array([[ 0.13394894, 11.59832015,  2.08071985,  0.41886176,  4.73445088,\n         5.88217452],\n       [ 0.13394568, 11.59861202,  2.08035687,  0.41898839,  4.73431504,\n         5.88209724],\n       [ 0.13394444, 11.59849191,  2.08057455,  0.41894512,  4.73436744,\n         5.88217559],\n       [ 0.1339531 , 11.59796705,  2.08106601,  0.41889243,  4.73425585,\n         5.88230567],\n       [ 0.1339513 , 11.59850427,  2.08062269,  0.41880942,  4.73438477,\n         5.88223203],\n       [ 0.13394693, 11.59841308,  2.08070918,  0.41892385,  4.7344997 ,\n         5.88197922],\n       [ 0.13394754, 11.59831198,  2.080693  ,  0.41893807,  4.7343493 ,\n         5.88217694]]), array([0.06001732, 0.06001733, 0.06001733, 0.06001733, 0.06001733,\n       0.06001734, 0.06001734]))", "callback": [0.9102162930829236, 0.5992340614321312, 0.4292364778277593, 0.42840414272278227, 0.4230619202857262, 0.4225828510352456, 0.42142113276756454, 0.41527575474627965, 0.40792308696323165, 0.37918398345116, 0.33110052519318156, 0.30676525370600594, 0.28587335661845037, 0.24891561710212762, 0.20280115005032417, 0.12499613973144108, 0.085633625694014, 0.07449528867089861, 0.07129669481535483, 0.07087986818511927, 0.07004597928250633, 0.0692584041958142, 0.06407880488052908, 0.06119823676993341, 0.06030052080401904, 0.060121902732969246, 0.06006180698896357, 0.06005370537997845, 0.06005246993757374, 0.06005230850971688, 0.06005225767889999, 0.06005219687167496, 0.06005215301949507, 0.06005208451741262, 0.06005186633044257, 0.0600516416084762, 0.06005076036961943, 0.06004875224427808, 0.060042173195423265, 0.06002585730380172, 0.06001948964179338, 0.06001819874398584, 0.06001747226255327, 0.06001737392439055, 0.06001735949548226, 0.060017348258040615, 0.06001734465805719, 0.06001734360293076, 0.06001734229883504, 0.06001733804506448]}, "6": {"maxiter": 500, "fatol": 1e-10, "xatol": 1e-05, "duration": 0.3817727565765381, "fun": "0.060017324317183096", "nit": "500", "nfev": "791", "status": "2", "success": "False", "message": "Maximum number of iterations has been exceeded.", "x": "[ 0.13394894 11.59832015  2.08071985  0.41886176  4.73445088  5.88217452]", "final_simplex": "(array([[ 0.13394894, 11.59832015,  2.08071985,  0.41886176,  4.73445088,\n         5.88217452],\n       [ 0.13394568, 11.59861202,  2.08035687,  0.41898839,  4.73431504,\n         5.88209724],\n       [ 0.13394444, 11.59849191,  2.08057455,  0.41894512,  4.73436744,\n         5.88217559],\n       [ 0.1339531 , 11.59796705,  2.08106601,  0.41889243,  4.73425585,\n         5.88230567],\n       [ 0.1339513 , 11.59850427,  2.08062269,  0.41880942,  4.73438477,\n         5.88223203],\n       [ 0.13394693, 11.59841308,  2.08070918,  0.41892385,  4.7344997 ,\n         5.88197922],\n       [ 0.13394754, 11.59831198,  2.080693  ,  0.41893807,  4.7343493 ,\n         5.88217694]]), array([0.06001732, 0.06001733, 0.06001733, 0.06001733, 0.06001733,\n       0.06001734, 0.06001734]))", "callback": [0.9102162930829236, 0.5992340614321312, 0.4292364778277593, 0.42840414272278227, 0.4230619202857262, 0.4225828510352456, 0.42142113276756454, 0.41527575474627965, 0.40792308696323165, 0.37918398345116, 0.33110052519318156, 0.30676525370600594, 0.28587335661845037, 0.24891561710212762, 0.20280115005032417, 0.12499613973144108, 0.085633625694014, 0.07449528867089861, 0.07129669481535483, 0.07087986818511927, 0.07004597928250633, 0.0692584041958142, 0.06407880488052908, 0.06119823676993341, 0.06030052080401904, 0.060121902732969246, 0.06006180698896357, 0.06005370537997845, 0.06005246993757374, 0.06005230850971688, 0.06005225767889999, 0.06005219687167496, 0.06005215301949507, 0.06005208451741262, 0.06005186633044257, 0.0600516416084762, 0.06005076036961943, 0.06004875224427808, 0.060042173195423265, 0.06002585730380172, 0.06001948964179338, 0.06001819874398584, 0.06001747226255327, 0.06001737392439055, 0.06001735949548226, 0.060017348258040615, 0.06001734465805719, 0.06001734360293076, 0.06001734229883504, 0.06001733804506448]}, "7": {"maxiter": 500, "fatol": 1e-10, "xatol": 1e-10, "duration": 0.3533639907836914, "fun": "0.060017324317183096", "nit": "500", "nfev": "791", "status": "2", "success": "False", "message": "Maximum number of iterations has been exceeded.", "x": "[ 0.13394894 11.59832015  2.08071985  0.41886176  4.73445088  5.88217452]", "final_simplex": "(array([[ 0.13394894, 11.59832015,  2.08071985,  0.41886176,  4.73445088,\n         5.88217452],\n       [ 0.13394568, 11.59861202,  2.08035687,  0.41898839,  4.73431504,\n         5.88209724],\n       [ 0.13394444, 11.59849191,  2.08057455,  0.41894512,  4.73436744,\n         5.88217559],\n       [ 0.1339531 , 11.59796705,  2.08106601,  0.41889243,  4.73425585,\n         5.88230567],\n       [ 0.1339513 , 11.59850427,  2.08062269,  0.41880942,  4.73438477,\n         5.88223203],\n       [ 0.13394693, 11.59841308,  2.08070918,  0.41892385,  4.7344997 ,\n         5.88197922],\n       [ 0.13394754, 11.59831198,  2.080693  ,  0.41893807,  4.7343493 ,\n         5.88217694]]), array([0.06001732, 0.06001733, 0.06001733, 0.06001733, 0.06001733,\n       0.06001734, 0.06001734]))", "callback": [0.9102162930829236, 0.5992340614321312, 0.4292364778277593, 0.42840414272278227, 0.4230619202857262, 0.4225828510352456, 0.42142113276756454, 0.41527575474627965, 0.40792308696323165, 0.37918398345116, 0.33110052519318156, 0.30676525370600594, 0.28587335661845037, 0.24891561710212762, 0.20280115005032417, 0.12499613973144108, 0.085633625694014, 0.07449528867089861, 0.07129669481535483, 0.07087986818511927, 0.07004597928250633, 0.0692584041958142, 0.06407880488052908, 0.06119823676993341, 0.06030052080401904, 0.060121902732969246, 0.06006180698896357, 0.06005370537997845, 0.06005246993757374, 0.06005230850971688, 0.06005225767889999, 0.06005219687167496, 0.06005215301949507, 0.06005208451741262, 0.06005186633044257, 0.0600516416084762, 0.06005076036961943, 0.06004875224427808, 0.060042173195423265, 0.06002585730380172, 0.06001948964179338, 0.06001819874398584, 0.06001747226255327, 0.06001737392439055, 0.06001735949548226, 0.060017348258040615, 0.06001734465805719, 0.06001734360293076, 0.06001734229883504, 0.06001733804506448]}, "8": {"maxiter": 1000, "fatol": 1e-05, "xatol": 1e-05, "duration": 0.5762102603912354, "fun": "0.008097564450851635", "nit": "960", "nfev": "1502", "status": "0", "success": "True", "message": "Optimization terminated successfully.", "x": "[ 0.80310898 11.78720219  1.82556019  0.78152239  5.29863069  5.63453336]", "final_simplex": "(array([[ 0.80310898, 11.78720219,  1.82556019,  0.78152239,  5.29863069,\n         5.63453336],\n       [ 0.80311071, 11.78720636,  1.82555328,  0.781526  ,  5.29862937,\n         5.63453248],\n       [ 0.8031112 , 11.78720677,  1.82555337,  0.78152642,  5.2986308 ,\n         5.6345318 ],\n       [ 0.8031092 , 11.78720646,  1.82555242,  0.78152547,  5.29862757,\n         5.63453362],\n       [ 0.80310893, 11.78720136,  1.82556273,  0.78152026,  5.29863141,\n         5.63453351],\n       [ 0.80311058, 11.7872015 ,  1.82555894,  0.7815247 ,  5.29863083,\n         5.63453321],\n       [ 0.80311047, 11.78720624,  1.82555345,  0.78152567,  5.29863207,\n         5.63453004]]), array([0.00809756, 0.00809756, 0.00809756, 0.00809756, 0.00809756,\n       0.00809756, 0.00809756]))", "callback": [0.9102162930829236, 0.5992340614321312, 0.4292364778277593, 0.42840414272278227, 0.4230619202857262, 0.4225828510352456, 0.42142113276756454, 0.41527575474627965, 0.40792308696323165, 0.37918398345116, 0.33110052519318156, 0.30676525370600594, 0.28587335661845037, 0.24891561710212762, 0.20280115005032417, 0.12499613973144108, 0.085633625694014, 0.07449528867089861, 0.07129669481535483, 0.07087986818511927, 0.07004597928250633, 0.0692584041958142, 0.06407880488052908, 0.06119823676993341, 0.06030052080401904, 0.060121902732969246, 0.06006180698896357, 0.06005370537997845, 0.06005246993757374, 0.06005230850971688, 0.06005225767889999, 0.06005219687167496, 0.06005215301949507, 0.06005208451741262, 0.06005186633044257, 0.0600516416084762, 0.06005076036961943, 0.06004875224427808, 0.060042173195423265, 0.06002585730380172, 0.06001948964179338, 0.06001819874398584, 0.06001747226255327, 0.06001737392439055, 0.06001735949548226, 0.060017348258040615, 0.06001734465805719, 0.06001734360293076, 0.06001734229883504, 0.06001733804506448, 0.060017315774635094, 0.06001721421372208, 0.06001688402059524, 0.06001658367760343, 0.06001616492787354, 0.06001444813422796, 0.060012963992742474, 0.0600114075429562, 0.06000919753782785, 0.06000788103586352, 0.06000619375451033, 0.06000368060214778, 0.0599958723640468, 0.05998194644707566, 0.05990710638854613, 0.05974086315547267, 0.059352012979718816, 0.058745453632313316, 0.05790699967129931, 0.05728622386502469, 0.05644949903985863, 0.05412747931234374, 0.044437114599394145, 0.04350516980284569, 0.041342637915821934, 0.03789819024372343, 0.028594362549064112, 0.018112713310976192, 0.00895418809788806, 0.00895418809788806, 0.008405293751500897, 0.008162204725038813, 0.008121451382044786, 0.008101060620691936, 0.008100230779512163, 0.00809838837282717, 0.008097712124574996, 0.00809758997205412, 0.008097573168600158, 0.008097566327228023, 0.00809756505475967, 0.008097564613795072, 0.008097564494553344, 0.008097564454030093, 0.008097564453494188, 0.008097564451437722]}, "9": {"maxiter": 1000, "fatol": 1e-05, "xatol": 1e-10, "duration": 0.5898659229278564, "fun": "0.008097564450673445", "nit": "1000", "nfev": "1573", "status": "2", "success": "False", "message": "Maximum number of iterations has been exceeded.", "x": "[ 0.80310947 11.78720386  1.82555682  0.78152421  5.29862954  5.63453343]", "final_simplex": "(array([[ 0.80310947, 11.78720386,  1.82555682,  0.78152421,  5.29862954,\n         5.63453343],\n       [ 0.80310945, 11.78720369,  1.82555716,  0.78152404,  5.29862962,\n         5.63453348],\n       [ 0.80310947, 11.78720394,  1.82555679,  0.78152418,  5.29862958,\n         5.63453338],\n       [ 0.80310944, 11.78720375,  1.82555704,  0.78152408,  5.29862963,\n         5.6345334 ],\n       [ 0.80310956, 11.78720397,  1.82555674,  0.78152424,  5.29862964,\n         5.63453331],\n       [ 0.80310952, 11.7872039 ,  1.82555674,  0.78152427,  5.29862958,\n         5.63453337],\n       [ 0.80310944, 11.78720369,  1.82555712,  0.78152403,  5.29862951,\n         5.63453353]]), array([0.00809756, 0.00809756, 0.00809756, 0.00809756, 0.00809756,\n       0.00809756, 0.00809756]))", "callback": [0.9102162930829236, 0.5992340614321312, 0.4292364778277593, 0.42840414272278227, 0.4230619202857262, 0.4225828510352456, 0.42142113276756454, 0.41527575474627965, 0.40792308696323165, 0.37918398345116, 0.33110052519318156, 0.30676525370600594, 0.28587335661845037, 0.24891561710212762, 0.20280115005032417, 0.12499613973144108, 0.085633625694014, 0.07449528867089861, 0.07129669481535483, 0.07087986818511927, 0.07004597928250633, 0.0692584041958142, 0.06407880488052908, 0.06119823676993341, 0.06030052080401904, 0.060121902732969246, 0.06006180698896357, 0.06005370537997845, 0.06005246993757374, 0.06005230850971688, 0.06005225767889999, 0.06005219687167496, 0.06005215301949507, 0.06005208451741262, 0.06005186633044257, 0.0600516416084762, 0.06005076036961943, 0.06004875224427808, 0.060042173195423265, 0.06002585730380172, 0.06001948964179338, 0.06001819874398584, 0.06001747226255327, 0.06001737392439055, 0.06001735949548226, 0.060017348258040615, 0.06001734465805719, 0.06001734360293076, 0.06001734229883504, 0.06001733804506448, 0.060017315774635094, 0.06001721421372208, 0.06001688402059524, 0.06001658367760343, 0.06001616492787354, 0.06001444813422796, 0.060012963992742474, 0.0600114075429562, 0.06000919753782785, 0.06000788103586352, 0.06000619375451033, 0.06000368060214778, 0.0599958723640468, 0.05998194644707566, 0.05990710638854613, 0.05974086315547267, 0.059352012979718816, 0.058745453632313316, 0.05790699967129931, 0.05728622386502469, 0.05644949903985863, 0.05412747931234374, 0.044437114599394145, 0.04350516980284569, 0.041342637915821934, 0.03789819024372343, 0.028594362549064112, 0.018112713310976192, 0.00895418809788806, 0.00895418809788806, 0.008405293751500897, 0.008162204725038813, 0.008121451382044786, 0.008101060620691936, 0.008100230779512163, 0.00809838837282717, 0.008097712124574996, 0.00809758997205412, 0.008097573168600158, 0.008097566327228023, 0.00809756505475967, 0.008097564613795072, 0.008097564494553344, 0.008097564454030093, 0.008097564453494188, 0.008097564451437722, 0.008097564450805006, 0.008097564450712191, 0.008097564450683659, 0.008097564450675221]}, "10": {"maxiter": 1000, "fatol": 1e-10, "xatol": 1e-05, "duration": 0.5037670135498047, "fun": "0.008097564450851635", "nit": "960", "nfev": "1502", "status": "0", "success": "True", "message": "Optimization terminated successfully.", "x": "[ 0.80310898 11.78720219  1.82556019  0.78152239  5.29863069  5.63453336]", "final_simplex": "(array([[ 0.80310898, 11.78720219,  1.82556019,  0.78152239,  5.29863069,\n         5.63453336],\n       [ 0.80311071, 11.78720636,  1.82555328,  0.781526  ,  5.29862937,\n         5.63453248],\n       [ 0.8031112 , 11.78720677,  1.82555337,  0.78152642,  5.2986308 ,\n         5.6345318 ],\n       [ 0.8031092 , 11.78720646,  1.82555242,  0.78152547,  5.29862757,\n         5.63453362],\n       [ 0.80310893, 11.78720136,  1.82556273,  0.78152026,  5.29863141,\n         5.63453351],\n       [ 0.80311058, 11.7872015 ,  1.82555894,  0.7815247 ,  5.29863083,\n         5.63453321],\n       [ 0.80311047, 11.78720624,  1.82555345,  0.78152567,  5.29863207,\n         5.63453004]]), array([0.00809756, 0.00809756, 0.00809756, 0.00809756, 0.00809756,\n       0.00809756, 0.00809756]))", "callback": [0.9102162930829236, 0.5992340614321312, 0.4292364778277593, 0.42840414272278227, 0.4230619202857262, 0.4225828510352456, 0.42142113276756454, 0.41527575474627965, 0.40792308696323165, 0.37918398345116, 0.33110052519318156, 0.30676525370600594, 0.28587335661845037, 0.24891561710212762, 0.20280115005032417, 0.12499613973144108, 0.085633625694014, 0.07449528867089861, 0.07129669481535483, 0.07087986818511927, 0.07004597928250633, 0.0692584041958142, 0.06407880488052908, 0.06119823676993341, 0.06030052080401904, 0.060121902732969246, 0.06006180698896357, 0.06005370537997845, 0.06005246993757374, 0.06005230850971688, 0.06005225767889999, 0.06005219687167496, 0.06005215301949507, 0.06005208451741262, 0.06005186633044257, 0.0600516416084762, 0.06005076036961943, 0.06004875224427808, 0.060042173195423265, 0.06002585730380172, 0.06001948964179338, 0.06001819874398584, 0.06001747226255327, 0.06001737392439055, 0.06001735949548226, 0.060017348258040615, 0.06001734465805719, 0.06001734360293076, 0.06001734229883504, 0.06001733804506448, 0.060017315774635094, 0.06001721421372208, 0.06001688402059524, 0.06001658367760343, 0.06001616492787354, 0.06001444813422796, 0.060012963992742474, 0.0600114075429562, 0.06000919753782785, 0.06000788103586352, 0.06000619375451033, 0.06000368060214778, 0.0599958723640468, 0.05998194644707566, 0.05990710638854613, 0.05974086315547267, 0.059352012979718816, 0.058745453632313316, 0.05790699967129931, 0.05728622386502469, 0.05644949903985863, 0.05412747931234374, 0.044437114599394145, 0.04350516980284569, 0.041342637915821934, 0.03789819024372343, 0.028594362549064112, 0.018112713310976192, 0.00895418809788806, 0.00895418809788806, 0.008405293751500897, 0.008162204725038813, 0.008121451382044786, 0.008101060620691936, 0.008100230779512163, 0.00809838837282717, 0.008097712124574996, 0.00809758997205412, 0.008097573168600158, 0.008097566327228023, 0.00809756505475967, 0.008097564613795072, 0.008097564494553344, 0.008097564454030093, 0.008097564453494188, 0.008097564451437722]}, "11": {"maxiter": 1000, "fatol": 1e-10, "xatol": 1e-10, "duration": 0.5346219539642334, "fun": "0.008097564450673445", "nit": "1000", "nfev": "1573", "status": "2", "success": "False", "message": "Maximum number of iterations has been exceeded.", "x": "[ 0.80310947 11.78720386  1.82555682  0.78152421  5.29862954  5.63453343]", "final_simplex": "(array([[ 0.80310947, 11.78720386,  1.82555682,  0.78152421,  5.29862954,\n         5.63453343],\n       [ 0.80310945, 11.78720369,  1.82555716,  0.78152404,  5.29862962,\n         5.63453348],\n       [ 0.80310947, 11.78720394,  1.82555679,  0.78152418,  5.29862958,\n         5.63453338],\n       [ 0.80310944, 11.78720375,  1.82555704,  0.78152408,  5.29862963,\n         5.6345334 ],\n       [ 0.80310956, 11.78720397,  1.82555674,  0.78152424,  5.29862964,\n         5.63453331],\n       [ 0.80310952, 11.7872039 ,  1.82555674,  0.78152427,  5.29862958,\n         5.63453337],\n       [ 0.80310944, 11.78720369,  1.82555712,  0.78152403,  5.29862951,\n         5.63453353]]), array([0.00809756, 0.00809756, 0.00809756, 0.00809756, 0.00809756,\n       0.00809756, 0.00809756]))", "callback": [0.9102162930829236, 0.5992340614321312, 0.4292364778277593, 0.42840414272278227, 0.4230619202857262, 0.4225828510352456, 0.42142113276756454, 0.41527575474627965, 0.40792308696323165, 0.37918398345116, 0.33110052519318156, 0.30676525370600594, 0.28587335661845037, 0.24891561710212762, 0.20280115005032417, 0.12499613973144108, 0.085633625694014, 0.07449528867089861, 0.07129669481535483, 0.07087986818511927, 0.07004597928250633, 0.0692584041958142, 0.06407880488052908, 0.06119823676993341, 0.06030052080401904, 0.060121902732969246, 0.06006180698896357, 0.06005370537997845, 0.06005246993757374, 0.06005230850971688, 0.06005225767889999, 0.06005219687167496, 0.06005215301949507, 0.06005208451741262, 0.06005186633044257, 0.0600516416084762, 0.06005076036961943, 0.06004875224427808, 0.060042173195423265, 0.06002585730380172, 0.06001948964179338, 0.06001819874398584, 0.06001747226255327, 0.06001737392439055, 0.06001735949548226, 0.060017348258040615, 0.06001734465805719, 0.06001734360293076, 0.06001734229883504, 0.06001733804506448, 0.060017315774635094, 0.06001721421372208, 0.06001688402059524, 0.06001658367760343, 0.06001616492787354, 0.06001444813422796, 0.060012963992742474, 0.0600114075429562, 0.06000919753782785, 0.06000788103586352, 0.06000619375451033, 0.06000368060214778, 0.0599958723640468, 0.05998194644707566, 0.05990710638854613, 0.05974086315547267, 0.059352012979718816, 0.058745453632313316, 0.05790699967129931, 0.05728622386502469, 0.05644949903985863, 0.05412747931234374, 0.044437114599394145, 0.04350516980284569, 0.041342637915821934, 0.03789819024372343, 0.028594362549064112, 0.018112713310976192, 0.00895418809788806, 0.00895418809788806, 0.008405293751500897, 0.008162204725038813, 0.008121451382044786, 0.008101060620691936, 0.008100230779512163, 0.00809838837282717, 0.008097712124574996, 0.00809758997205412, 0.008097573168600158, 0.008097566327228023, 0.00809756505475967, 0.008097564613795072, 0.008097564494553344, 0.008097564454030093, 0.008097564453494188, 0.008097564451437722, 0.008097564450805006, 0.008097564450712191, 0.008097564450683659, 0.008097564450675221]}}, "bfgs": {"type": "gradient", "0": {"maxiter": 100, "gtol": 1e-05, "xrtol": 1e-05, "eps": 1e-05, "duration": 0.046610116958618164, "fun": "0.008097564554737757", "jac": "[ 8.61449800e-06  1.90479854e-06  2.58001398e-06  5.94387872e-06\n -1.96763716e-06  5.02897723e-07]", "hess_inv": "[[ 4.17554245  0.30954781 -0.18628258 -0.31146399  2.45858652 -1.25466597]\n [ 0.30954781  3.252175   -0.13131079 -2.56140801  0.06919383 -0.07296692]\n [-0.18628258 -0.13131079  1.59369351  0.43575091 -0.39246535 -0.78269196]\n [-0.31146399 -2.56140801  0.43575091  4.19243626 -0.19746841 -0.3047749 ]\n [ 2.45858652  0.06919383 -0.39246535 -0.19746841  3.80983099 -0.3565428 ]\n [-1.25466597 -0.07296692 -0.78269196 -0.3047749  -0.3565428   2.44207412]]", "nfev": "147", "njev": "21", "status": "0", "success": "True", "message": "Optimization terminated successfully.", "x": "[2.42131927 5.26439373 4.94049113 1.66856402 3.63424758 3.26195119]", "nit": "15", "callback": [0.43329059723976415, 0.41721509073961194, 0.26533697962234293, 0.08017741090026698, 0.046035614729308616, 0.023932159482714987, 0.011808515593417113, 0.00931897143204985, 0.00815661042005944, 0.008131089810488268, 0.0081142773331907, 0.008102675383014457, 0.008098053390613758, 0.008097581965004097, 0.008097564554737757]}, "1": {"maxiter": 100, "gtol": 1e-05, "xrtol": 1e-05, "eps": 1e-10, "duration": 0.05204033851623535, "fun": "0.008097564463876106", "jac": "[-2.22044587e-06  0.00000000e+00  2.22044587e-06  2.22044587e-06\n  4.44089173e-06  2.22044587e-06]", "hess_inv": "[[ 4.45873957  0.08314135 -0.11663905 -0.14950408  2.46127365 -1.35016097]\n [ 0.08314135  3.12926248 -0.09472557 -2.47120531  0.01406119  0.05889849]\n [-0.11663905 -0.09472557  1.5834299   0.41273504 -0.36727734 -0.82452378]\n [-0.14950408 -2.47120531  0.41273504  4.12160203 -0.15366045 -0.38249499]\n [ 2.46127365  0.01406119 -0.36727734 -0.15366045  3.81732888 -0.33921483]\n [-1.35016097  0.05889849 -0.82452378 -0.38249499 -0.33921483  2.43285064]]", "nfev": "154", "njev": "22", "status": "0", "success": "True", "message": "Optimization terminated successfully.", "x": "[2.42130962 5.26446358 4.94056708 1.66857632 3.63428466 3.26200525]", "nit": "16", "callback": [0.4332932839664586, 0.41721780282803855, 0.26533934085526045, 0.08017732516742626, 0.04603644448447852, 0.023932098770229837, 0.011808396964866241, 0.00931875511649638, 0.008156590581039902, 0.008131061437729903, 0.008114258194777957, 0.008102681111655685, 0.008098051329774036, 0.008097582063818276, 0.008097564719232064, 0.008097564463876106]}, "2": {"maxiter": 100, "gtol": 1e-05, "xrtol": 1e-10, "eps": 1e-05, "duration": 0.05134892463684082, "fun": "0.008097564554737757", "jac": "[ 8.61449800e-06  1.90479854e-06  2.58001398e-06  5.94387872e-06\n -1.96763716e-06  5.02897723e-07]", "hess_inv": "[[ 4.17554245  0.30954781 -0.18628258 -0.31146399  2.45858652 -1.25466597]\n [ 0.30954781  3.252175   -0.13131079 -2.56140801  0.06919383 -0.07296692]\n [-0.18628258 -0.13131079  1.59369351  0.43575091 -0.39246535 -0.78269196]\n [-0.31146399 -2.56140801  0.43575091  4.19243626 -0.19746841 -0.3047749 ]\n [ 2.45858652  0.06919383 -0.39246535 -0.19746841  3.80983099 -0.3565428 ]\n [-1.25466597 -0.07296692 -0.78269196 -0.3047749  -0.3565428   2.44207412]]", "nfev": "147", "njev": "21", "status": "0", "success": "True", "message": "Optimization terminated successfully.", "x": "[2.42131927 5.26439373 4.94049113 1.66856402 3.63424758 3.26195119]", "nit": "15", "callback": [0.43329059723976415, 0.41721509073961194, 0.26533697962234293, 0.08017741090026698, 0.046035614729308616, 0.023932159482714987, 0.011808515593417113, 0.00931897143204985, 0.00815661042005944, 0.008131089810488268, 0.0081142773331907, 0.008102675383014457, 0.008098053390613758, 0.008097581965004097, 0.008097564554737757]}, "3": {"maxiter": 100, "gtol": 1e-05, "xrtol": 1e-10, "eps": 1e-10, "duration": 0.052706003189086914, "fun": "0.008097564463876106", "jac": "[-2.22044587e-06  0.00000000e+00  2.22044587e-06  2.22044587e-06\n  4.44089173e-06  2.22044587e-06]", "hess_inv": "[[ 4.45873957  0.08314135 -0.11663905 -0.14950408  2.46127365 -1.35016097]\n [ 0.08314135  3.12926248 -0.09472557 -2.47120531  0.01406119  0.05889849]\n [-0.11663905 -0.09472557  1.5834299   0.41273504 -0.36727734 -0.82452378]\n [-0.14950408 -2.47120531  0.41273504  4.12160203 -0.15366045 -0.38249499]\n [ 2.46127365  0.01406119 -0.36727734 -0.15366045  3.81732888 -0.33921483]\n [-1.35016097  0.05889849 -0.82452378 -0.38249499 -0.33921483  2.43285064]]", "nfev": "154", "njev": "22", "status": "0", "success": "True", "message": "Optimization terminated successfully.", "x": "[2.42130962 5.26446358 4.94056708 1.66857632 3.63428466 3.26200525]", "nit": "16", "callback": [0.4332932839664586, 0.41721780282803855, 0.26533934085526045, 0.08017732516742626, 0.04603644448447852, 0.023932098770229837, 0.011808396964866241, 0.00931875511649638, 0.008156590581039902, 0.008131061437729903, 0.008114258194777957, 0.008102681111655685, 0.008098051329774036, 0.008097582063818276, 0.008097564719232064, 0.008097564463876106]}, "4": {"maxiter": 100, "gtol": 1e-10, "xrtol": 1e-05, "eps": 1e-05, "duration": 0.05977201461791992, "fun": "0.008097564481562403", "jac": "[-7.66975372e-07  8.35198577e-07  4.02133882e-06  8.65618688e-07\n  1.71671566e-06  1.87634352e-06]", "hess_inv": "[[ 4.42374889  0.14058057 -0.12380025 -0.14357293  2.49950648 -1.31376552]\n [ 0.14058057  3.27988952 -0.16000197 -2.67063803 -0.00476791  0.00850974]\n [-0.12380025 -0.16000197  1.60722745  0.47721235 -0.37485394 -0.80410908]\n [-0.14357293 -2.67063803  0.47721235  4.30570712 -0.16711624 -0.34714221]\n [ 2.49950648 -0.00476791 -0.37485394 -0.16711624  3.79223064 -0.34450644]\n [-1.31376552  0.00850974 -0.80410908 -0.34714221 -0.34450644  2.43666266]]", "nfev": "154", "njev": "22", "status": "0", "success": "True", "message": "Optimization terminated successfully.", "x": "[2.42128764 5.26440255 4.94048519 1.66854336 3.63423566 3.26196472]", "nit": "16", "callback": [0.43329059723976415, 0.41721509073961194, 0.26533697962234293, 0.08017741090026698, 0.046035614729308616, 0.023932159482714987, 0.011808515593417113, 0.00931897143204985, 0.00815661042005944, 0.008131089810488268, 0.0081142773331907, 0.008102675383014457, 0.008098053390613758, 0.008097581965004097, 0.008097564554737757, 0.008097564481562403]}, "5": {"maxiter": 100, "gtol": 1e-10, "xrtol": 1e-05, "eps": 1e-10, "duration": 0.05789327621459961, "fun": "0.008097564463876106", "jac": "[-2.22044587e-06  0.00000000e+00  2.22044587e-06  2.22044587e-06\n  4.44089173e-06  2.22044587e-06]", "hess_inv": "[[ 4.45873957  0.08314135 -0.11663905 -0.14950408  2.46127365 -1.35016097]\n [ 0.08314135  3.12926248 -0.09472557 -2.47120531  0.01406119  0.05889849]\n [-0.11663905 -0.09472557  1.5834299   0.41273504 -0.36727734 -0.82452378]\n [-0.14950408 -2.47120531  0.41273504  4.12160203 -0.15366045 -0.38249499]\n [ 2.46127365  0.01406119 -0.36727734 -0.15366045  3.81732888 -0.33921483]\n [-1.35016097  0.05889849 -0.82452378 -0.38249499 -0.33921483  2.43285064]]", "nfev": "154", "njev": "22", "status": "0", "success": "True", "message": "Optimization terminated successfully.", "x": "[2.42130962 5.26446358 4.94056708 1.66857632 3.63428466 3.26200525]", "nit": "16", "callback": [0.4332932839664586, 0.41721780282803855, 0.26533934085526045, 0.08017732516742626, 0.04603644448447852, 0.023932098770229837, 0.011808396964866241, 0.00931875511649638, 0.008156590581039902, 0.008131061437729903, 0.008114258194777957, 0.008102681111655685, 0.008098051329774036, 0.008097582063818276, 0.008097564719232064, 0.008097564463876106]}, "6": {"maxiter": 100, "gtol": 1e-10, "xrtol": 1e-10, "eps": 1e-05, "duration": 0.15746498107910156, "fun": "0.008097564480832653", "jac": "[-1.73128178e-07  1.88756788e-06  3.25650618e-06  1.10861320e-06\n  9.13824572e-07  2.19293472e-06]", "hess_inv": "[[ 4.28910128  0.24785377  0.74551827  0.35428751  2.93166152 -1.06503917]\n [ 0.24785377  2.53582634  1.1985966  -1.33196746  0.96939625 -0.07505437]\n [ 0.74551827  1.1985966   6.31929671  3.42620101  2.08688688  0.28804018]\n [ 0.35428751 -1.33196746  3.42620101  5.89927012  1.2382742   0.54569364]\n [ 2.93166152  0.96939625  2.08688688  1.2382742   5.00570639  0.33832651]\n [-1.06503917 -0.07505437  0.28804018  0.54569364  0.33832651  2.51565767]]", "nfev": "431", "njev": "60", "status": "2", "success": "False", "message": "Desired error not necessarily achieved due to precision loss.", "x": "[2.42128728 5.26440332 4.9404813  1.66854016 3.63423321 3.26196445]", "nit": "17", "callback": [0.43329059723976415, 0.41721509073961194, 0.26533697962234293, 0.08017741090026698, 0.046035614729308616, 0.023932159482714987, 0.011808515593417113, 0.00931897143204985, 0.00815661042005944, 0.008131089810488268, 0.0081142773331907, 0.008102675383014457, 0.008098053390613758, 0.008097581965004097, 0.008097564554737757, 0.008097564481562403, 0.008097564480832653]}, "7": {"maxiter": 100, "gtol": 1e-10, "xrtol": 1e-10, "eps": 1e-10, "duration": 0.13920187950134277, "fun": "0.008097564453293904", "jac": "[ 0.00000000e+00  1.11022293e-06 -1.11022293e-06  0.00000000e+00\n  1.11022293e-06  0.00000000e+00]", "hess_inv": "[[ 5.23360053 -0.91384001  0.10812164  1.6506461   4.98976181 -1.11935967]\n [-0.91384001  2.03900532 -0.02878813 -1.54980374 -0.19648983  0.76675625]\n [ 0.10812164 -0.02878813  1.60172203  0.47584559 -0.02544321 -0.89628842]\n [ 1.6506461  -1.54980374  0.47584559  3.99041395  1.82923359 -1.16964275]\n [ 4.98976181 -0.19648983 -0.02544321  1.82923359  8.8179283  -0.75537269]\n [-1.11935967  0.76675625 -0.89628842 -1.16964275 -0.75537269  2.09790598]]", "nfev": "336", "njev": "48", "status": "0", "success": "True", "message": "Optimization terminated successfully.", "x": "[2.42130878 5.26446801 4.94056618 1.66856917 3.63427605 3.26200329]", "nit": "18", "callback": [0.4332932839664586, 0.41721780282803855, 0.26533934085526045, 0.08017732516742626, 0.04603644448447852, 0.023932098770229837, 0.011808396964866241, 0.00931875511649638, 0.008156590581039902, 0.008131061437729903, 0.008114258194777957, 0.008102681111655685, 0.008098051329774036, 0.008097582063818276, 0.008097564719232064, 0.008097564463876106, 0.008097564453293904, 0.008097564453293904]}, "8": {"maxiter": 500, "gtol": 1e-05, "xrtol": 1e-05, "eps": 1e-05, "duration": 0.052464962005615234, "fun": "0.008097564554737757", "jac": "[ 8.61449800e-06  1.90479854e-06  2.58001398e-06  5.94387872e-06\n -1.96763716e-06  5.02897723e-07]", "hess_inv": "[[ 4.17554245  0.30954781 -0.18628258 -0.31146399  2.45858652 -1.25466597]\n [ 0.30954781  3.252175   -0.13131079 -2.56140801  0.06919383 -0.07296692]\n [-0.18628258 -0.13131079  1.59369351  0.43575091 -0.39246535 -0.78269196]\n [-0.31146399 -2.561