{"date": "2024/09/25/, 18:38:41", "conf_id": 293, "data_type": "var_s_rank\n", "num_data_points": 3, "s_rank": 0, "unitary": "[[-0.53618537-0.34368723j,-0.12107031-0.46226139j,-0.07699282-0.46603512j,0.36022595-0.11472301j],[0.26026499-0.63450712j,-0.56616638+0.37832564j,-0.14988651+0.08458591j,0.10363514-0.16008501j],[-0.32580188-0.11070003j,-0.36476308-0.23593218j,0.02559343+0.41761608j,-0.25598305+0.6725303j],[0.07406738-0.0126433j,0.28513701+0.19483972j,-0.74939717-0.10299659j,0.29798249+0.46269921j]]", "databatch_0": {"databatch": "[[[-0.14823512-0.14824569j,0.31054139-0.31421246j,-0.20793035+0.13904218j,-0.21460212-0.10703075j],[-0.05408428-0.07331355j,-0.31286879+0.02390852j,-0.18059781-0.06650018j,0.09416627-0.01257372j],[-0.0481474+0.08492443j,0.02212719+0.25087816j,0.31464176-0.11525556j,-0.08221583+0.23824947j],[0.06130852-0.1616395j,-0.00574203-0.16220744j,0.32144946-0.03096004j,-0.27907786+0.02857751j]],[[0.1323097-0.08688305j,0.07219385-0.104177j,0.17102628-0.25334767j,0.28463217+0.09258854j],[0.21511676-0.08010606j,-0.39879353+0.06361881j,0.05827291+0.05795531j,-0.00273387+0.09057573j],[-0.08021973-0.01343772j,-0.09679921+0.05509101j,0.09760954+0.2954342j,0.34205595+0.0709146j],[-0.15845751+0.32116479j,-0.14565066+0.07829776j,-0.05409341-0.36323521j,0.07010291+0.10896834j]],[[0.03019322-0.11967716j,0.12391585-0.04128252j,-0.22494226+0.26376932j,0.00937885-0.14993485j],[-0.20560998-0.07339097j,0.26544952+0.25922729j,-0.04178499+0.22125408j,-0.15585121+0.33780727j],[-0.10597055+0.05785752j,0.00224231-0.00239052j,0.2242928-0.00519325j,-0.05181839+0.1547473j],[-0.02341513-0.05534586j,0.05800386-0.34380646j,0.10999995+0.4002528j,0.03371584-0.24569517j]]]", "initial param values": "[0.01378065,4.04341221,0.03151588,4.57740026,4.37269991,1.62142379]", "nelder_mead": {"type": "gradient-free", "0": {"maxiter": 100, "fatol": 1e-05, "xatol": 1e-05, "duration": 0.039225101470947266, "fun": "0.6939252559672171", "nit": "100", "nfev": "166", "status": "2", "success": "False", "message": "Maximum number of iterations has been exceeded.", "x": "[ 0.010581    7.51449941  0.02819286  8.71323955  5.23504649 -0.07021513]", "final_simplex": "(array([[ 0.010581  ,  7.51449941,  0.02819286,  8.71323955,  5.23504649,\n        -0.07021513],\n       [ 0.01060163,  7.51670715,  0.02824238,  8.71703547,  5.23313394,\n        -0.07546681],\n       [ 0.0105986 ,  7.52559322,  0.02823806,  8.72573709,  5.23299941,\n        -0.07957454],\n       [ 0.01059441,  7.52421566,  0.02828209,  8.72149139,  5.23171402,\n        -0.08020916],\n       [ 0.01060907,  7.51776358,  0.0282478 ,  8.72465922,  5.22753236,\n        -0.07656668],\n       [ 0.01060958,  7.51726524,  0.02820943,  8.72633317,  5.23417756,\n        -0.07692748],\n       [ 0.01061114,  7.51324923,  0.02823808,  8.71792709,  5.22453635,\n        -0.07321655]]), array([0.69392526, 0.69392898, 0.69392949, 0.69393014, 0.69393159,\n       0.69393293, 0.69393312]))", "callback": [0.9377545891619574, 0.8728529430673931, 0.8318508235204476, 0.7216095320434421, 0.7216095320434421, 0.7009301610850012, 0.6958209552319417, 0.6940746568841599, 0.6939582231056715, 0.6939331164468954]}, "1": {"maxiter": 100, "fatol": 1e-05, "xatol": 1e-10, "duration": 0.03788900375366211, "fun": "0.6939252559672171", "nit": "100", "nfev": "166", "status": "2", "success": "False", "message": "Maximum number of iterations has been exceeded.", "x": "[ 0.010581    7.51449941  0.02819286  8.71323955  5.23504649 -0.07021513]", "final_simplex": "(array([[ 0.010581  ,  7.51449941,  0.02819286,  8.71323955,  5.23504649,\n        -0.07021513],\n       [ 0.01060163,  7.51670715,  0.02824238,  8.71703547,  5.23313394,\n        -0.07546681],\n       [ 0.0105986 ,  7.52559322,  0.02823806,  8.72573709,  5.23299941,\n        -0.07957454],\n       [ 0.01059441,  7.52421566,  0.02828209,  8.72149139,  5.23171402,\n        -0.08020916],\n       [ 0.01060907,  7.51776358,  0.0282478 ,  8.72465922,  5.22753236,\n        -0.07656668],\n       [ 0.01060958,  7.51726524,  0.02820943,  8.72633317,  5.23417756,\n        -0.07692748],\n       [ 0.01061114,  7.51324923,  0.02823808,  8.71792709,  5.22453635,\n        -0.07321655]]), array([0.69392526, 0.69392898, 0.69392949, 0.69393014, 0.69393159,\n       0.69393293, 0.69393312]))", "callback": [0.9377545891619574, 0.8728529430673931, 0.8318508235204476, 0.7216095320434421, 0.7216095320434421, 0.7009301610850012, 0.6958209552319417, 0.6940746568841599, 0.6939582231056715, 0.6939331164468954]}, "2": {"maxiter": 100, "fatol": 1e-10, "xatol": 1e-05, "duration": 0.03731679916381836, "fun": "0.6939252559672171", "nit": "100", "nfev": "166", "status": "2", "success": "False", "message": "Maximum number of iterations has been exceeded.", "x": "[ 0.010581    7.51449941  0.02819286  8.71323955  5.23504649 -0.07021513]", "final_simplex": "(array([[ 0.010581  ,  7.51449941,  0.02819286,  8.71323955,  5.23504649,\n        -0.07021513],\n       [ 0.01060163,  7.51670715,  0.02824238,  8.71703547,  5.23313394,\n        -0.07546681],\n       [ 0.0105986 ,  7.52559322,  0.02823806,  8.72573709,  5.23299941,\n        -0.07957454],\n       [ 0.01059441,  7.52421566,  0.02828209,  8.72149139,  5.23171402,\n        -0.08020916],\n       [ 0.01060907,  7.51776358,  0.0282478 ,  8.72465922,  5.22753236,\n        -0.07656668],\n       [ 0.01060958,  7.51726524,  0.02820943,  8.72633317,  5.23417756,\n        -0.07692748],\n       [ 0.01061114,  7.51324923,  0.02823808,  8.71792709,  5.22453635,\n        -0.07321655]]), array([0.69392526, 0.69392898, 0.69392949, 0.69393014, 0.69393159,\n       0.69393293, 0.69393312]))", "callback": [0.9377545891619574, 0.8728529430673931, 0.8318508235204476, 0.7216095320434421, 0.7216095320434421, 0.7009301610850012, 0.6958209552319417, 0.6940746568841599, 0.6939582231056715, 0.6939331164468954]}, "3": {"maxiter": 100, "fatol": 1e-10, "xatol": 1e-10, "duration": 0.037178993225097656, "fun": "0.6939252559672171", "nit": "100", "nfev": "166", "status": "2", "success": "False", "message": "Maximum number of iterations has been exceeded.", "x": "[ 0.010581    7.51449941  0.02819286  8.71323955  5.23504649 -0.07021513]", "final_simplex": "(array([[ 0.010581  ,  7.51449941,  0.02819286,  8.71323955,  5.23504649,\n        -0.07021513],\n       [ 0.01060163,  7.51670715,  0.02824238,  8.71703547,  5.23313394,\n        -0.07546681],\n       [ 0.0105986 ,  7.52559322,  0.02823806,  8.72573709,  5.23299941,\n        -0.07957454],\n       [ 0.01059441,  7.52421566,  0.02828209,  8.72149139,  5.23171402,\n        -0.08020916],\n       [ 0.01060907,  7.51776358,  0.0282478 ,  8.72465922,  5.22753236,\n        -0.07656668],\n       [ 0.01060958,  7.51726524,  0.02820943,  8.72633317,  5.23417756,\n        -0.07692748],\n       [ 0.01061114,  7.51324923,  0.02823808,  8.71792709,  5.22453635,\n        -0.07321655]]), array([0.69392526, 0.69392898, 0.69392949, 0.69393014, 0.69393159,\n       0.69393293, 0.69393312]))", "callback": [0.9377545891619574, 0.8728529430673931, 0.8318508235204476, 0.7216095320434421, 0.7216095320434421, 0.7009301610850012, 0.6958209552319417, 0.6940746568841599, 0.6939582231056715, 0.6939331164468954]}, "4": {"maxiter": 500, "fatol": 1e-05, "xatol": 1e-05, "duration": 0.17603182792663574, "fun": "0.4628328137794613", "nit": "500", "nfev": "776", "status": "2", "success": "False", "message": "Maximum number of iterations has been exceeded.", "x": "[-1.3663962   6.06049435  1.3786267   7.96340662  4.82990408 -0.64945432]", "final_simplex": "(array([[-1.3663962 ,  6.06049435,  1.3786267 ,  7.96340662,  4.82990408,\n        -0.64945432],\n       [-1.36629222,  6.06085385,  1.37852795,  7.96345573,  4.8301256 ,\n        -0.64968807],\n       [-1.36642054,  6.0606615 ,  1.37864399,  7.96354407,  4.83010329,\n        -0.64916241],\n       [-1.36631342,  6.06060798,  1.37854475,  7.96357906,  4.83001065,\n        -0.64937899],\n       [-1.36619485,  6.06086449,  1.37842559,  7.96375983,  4.83012739,\n        -0.64922946],\n       [-1.36630197,  6.060902  ,  1.37853158,  7.96376606,  4.82989604,\n        -0.64934778],\n       [-1.36634019,  6.06070086,  1.37857073,  7.96335929,  4.82987474,\n        -0.64931147]]), array([0.46283281, 0.46283285, 0.46283286, 0.46283286, 0.46283287,\n       0.46283287, 0.46283287]))", "callback": [0.9377545891619574, 0.8728529430673931, 0.8318508235204476, 0.7216095320434421, 0.7216095320434421, 0.7009301610850012, 0.6958209552319417, 0.6940746568841599, 0.6939582231056715, 0.6939331164468954, 0.6939252559672171, 0.6939155337417438, 0.6938881064222515, 0.693885782663481, 0.6938833382580771, 0.6938825811899043, 0.6938823976726289, 0.693881798860267, 0.6938802224411837, 0.693873564435606, 0.6938527932032605, 0.6938185804361032, 0.6937230038416431, 0.6935003251119944, 0.693389977309917, 0.6930621336434322, 0.6919657687166192, 0.6870155716999313, 0.66552199533776, 0.6340317744156698, 0.629672769185639, 0.5964188345012011, 0.5843725193376796, 0.5752574519515155, 0.5533752340574576, 0.48754094354486144, 0.46823970230691303, 0.46449291302759355, 0.4634427250064549, 0.46319823377400027, 0.4629591480562183, 0.46285990746426486, 0.4628337640110499, 0.4628337640110499, 0.46283304704576567, 0.46283296401678287, 0.46283293397043035, 0.46283291712237284, 0.4628328994036237, 0.46283288112359255]}, "5": {"maxiter": 500, "fatol": 1e-05, "xatol": 1e-10, "duration": 0.17795991897583008, "fun": "0.4628328137794613", "nit": "500", "nfev": "776", "status": "2", "success": "False", "message": "Maximum number of iterations has been exceeded.", "x": "[-1.3663962   6.06049435  1.3786267   7.96340662  4.82990408 -0.64945432]", "final_simplex": "(array([[-1.3663962 ,  6.06049435,  1.3786267 ,  7.96340662,  4.82990408,\n        -0.64945432],\n       [-1.36629222,  6.06085385,  1.37852795,  7.96345573,  4.8301256 ,\n        -0.64968807],\n       [-1.36642054,  6.0606615 ,  1.37864399,  7.96354407,  4.83010329,\n        -0.64916241],\n       [-1.36631342,  6.06060798,  1.37854475,  7.96357906,  4.83001065,\n        -0.64937899],\n       [-1.36619485,  6.06086449,  1.37842559,  7.96375983,  4.83012739,\n        -0.64922946],\n       [-1.36630197,  6.060902  ,  1.37853158,  7.96376606,  4.82989604,\n        -0.64934778],\n       [-1.36634019,  6.06070086,  1.37857073,  7.96335929,  4.82987474,\n        -0.64931147]]), array([0.46283281, 0.46283285, 0.46283286, 0.46283286, 0.46283287,\n       0.46283287, 0.46283287]))", "callback": [0.9377545891619574, 0.8728529430673931, 0.8318508235204476, 0.7216095320434421, 0.7216095320434421, 0.7009301610850012, 0.6958209552319417, 0.6940746568841599, 0.6939582231056715, 0.6939331164468954, 0.6939252559672171, 0.6939155337417438, 0.6938881064222515, 0.693885782663481, 0.6938833382580771, 0.6938825811899043, 0.6938823976726289, 0.693881798860267, 0.6938802224411837, 0.693873564435606, 0.6938527932032605, 0.6938185804361032, 0.6937230038416431, 0.6935003251119944, 0.693389977309917, 0.6930621336434322, 0.6919657687166192, 0.6870155716999313, 0.66552199533776, 0.6340317744156698, 0.629672769185639, 0.5964188345012011, 0.5843725193376796, 0.5752574519515155, 0.5533752340574576, 0.48754094354486144, 0.46823970230691303, 0.46449291302759355, 0.4634427250064549, 0.46319823377400027, 0.4629591480562183, 0.46285990746426486, 0.4628337640110499, 0.4628337640110499, 0.46283304704576567, 0.46283296401678287, 0.46283293397043035, 0.46283291712237284, 0.4628328994036237, 0.46283288112359255]}, "6": {"maxiter": 500, "fatol": 1e-10, "xatol": 1e-05, "duration": 0.1880488395690918, "fun": "0.4628328137794613", "nit": "500", "nfev": "776", "status": "2", "success": "False", "message": "Maximum number of iterations has been exceeded.", "x": "[-1.3663962   6.06049435  1.3786267   7.96340662  4.82990408 -0.64945432]", "final_simplex": "(array([[-1.3663962 ,  6.06049435,  1.3786267 ,  7.96340662,  4.82990408,\n        -0.64945432],\n       [-1.36629222,  6.06085385,  1.37852795,  7.96345573,  4.8301256 ,\n        -0.64968807],\n       [-1.36642054,  6.0606615 ,  1.37864399,  7.96354407,  4.83010329,\n        -0.64916241],\n       [-1.36631342,  6.06060798,  1.37854475,  7.96357906,  4.83001065,\n        -0.64937899],\n       [-1.36619485,  6.06086449,  1.37842559,  7.96375983,  4.83012739,\n        -0.64922946],\n       [-1.36630197,  6.060902  ,  1.37853158,  7.96376606,  4.82989604,\n        -0.64934778],\n       [-1.36634019,  6.06070086,  1.37857073,  7.96335929,  4.82987474,\n        -0.64931147]]), array([0.46283281, 0.46283285, 0.46283286, 0.46283286, 0.46283287,\n       0.46283287, 0.46283287]))", "callback": [0.9377545891619574, 0.8728529430673931, 0.8318508235204476, 0.7216095320434421, 0.7216095320434421, 0.7009301610850012, 0.6958209552319417, 0.6940746568841599, 0.6939582231056715, 0.6939331164468954, 0.6939252559672171, 0.6939155337417438, 0.6938881064222515, 0.693885782663481, 0.6938833382580771, 0.6938825811899043, 0.6938823976726289, 0.693881798860267, 0.6938802224411837, 0.693873564435606, 0.6938527932032605, 0.6938185804361032, 0.6937230038416431, 0.6935003251119944, 0.693389977309917, 0.6930621336434322, 0.6919657687166192, 0.6870155716999313, 0.66552199533776, 0.6340317744156698, 0.629672769185639, 0.5964188345012011, 0.5843725193376796, 0.5752574519515155, 0.5533752340574576, 0.48754094354486144, 0.46823970230691303, 0.46449291302759355, 0.4634427250064549, 0.46319823377400027, 0.4629591480562183, 0.46285990746426486, 0.4628337640110499, 0.4628337640110499, 0.46283304704576567, 0.46283296401678287, 0.46283293397043035, 0.46283291712237284, 0.4628328994036237, 0.46283288112359255]}, "7": {"maxiter": 500, "fatol": 1e-10, "xatol": 1e-10, "duration": 0.17928099632263184, "fun": "0.4628328137794613", "nit": "500", "nfev": "776", "status": "2", "success": "False", "message": "Maximum number of iterations has been exceeded.", "x": "[-1.3663962   6.06049435  1.3786267   7.96340662  4.82990408 -0.64945432]", "final_simplex": "(array([[-1.3663962 ,  6.06049435,  1.3786267 ,  7.96340662,  4.82990408,\n        -0.64945432],\n       [-1.36629222,  6.06085385,  1.37852795,  7.96345573,  4.8301256 ,\n        -0.64968807],\n       [-1.36642054,  6.0606615 ,  1.37864399,  7.96354407,  4.83010329,\n        -0.64916241],\n       [-1.36631342,  6.06060798,  1.37854475,  7.96357906,  4.83001065,\n        -0.64937899],\n       [-1.36619485,  6.06086449,  1.37842559,  7.96375983,  4.83012739,\n        -0.64922946],\n       [-1.36630197,  6.060902  ,  1.37853158,  7.96376606,  4.82989604,\n        -0.64934778],\n       [-1.36634019,  6.06070086,  1.37857073,  7.96335929,  4.82987474,\n        -0.64931147]]), array([0.46283281, 0.46283285, 0.46283286, 0.46283286, 0.46283287,\n       0.46283287, 0.46283287]))", "callback": [0.9377545891619574, 0.8728529430673931, 0.8318508235204476, 0.7216095320434421, 0.7216095320434421, 0.7009301610850012, 0.6958209552319417, 0.6940746568841599, 0.6939582231056715, 0.6939331164468954, 0.6939252559672171, 0.6939155337417438, 0.6938881064222515, 0.693885782663481, 0.6938833382580771, 0.6938825811899043, 0.6938823976726289, 0.693881798860267, 0.6938802224411837, 0.693873564435606, 0.6938527932032605, 0.6938185804361032, 0.6937230038416431, 0.6935003251119944, 0.693389977309917, 0.6930621336434322, 0.6919657687166192, 0.6870155716999313, 0.66552199533776, 0.6340317744156698, 0.629672769185639, 0.5964188345012011, 0.5843725193376796, 0.5752574519515155, 0.5533752340574576, 0.48754094354486144, 0.46823970230691303, 0.46449291302759355, 0.4634427250064549, 0.46319823377400027, 0.4629591480562183, 0.46285990746426486, 0.4628337640110499, 0.4628337640110499, 0.46283304704576567, 0.46283296401678287, 0.46283293397043035, 0.46283291712237284, 0.4628328994036237, 0.46283288112359255]}, "8": {"maxiter": 1000, "fatol": 1e-05, "xatol": 1e-05, "duration": 0.3707120418548584, "fun": "0.43931600332092235", "nit": "888", "nfev": "1355", "status": "0", "success": "True", "message": "Optimization terminated successfully.", "x": "[-1.65713347  6.08331026  1.02544319  7.83620479  4.95889841 -0.62590886]", "final_simplex": "(array([[-1.65713347,  6.08331026,  1.02544319,  7.83620479,  4.95889841,\n        -0.62590886],\n       [-1.65713742,  6.08330515,  1.02544058,  7.83620255,  4.95889865,\n        -0.62590695],\n       [-1.65713343,  6.0833074 ,  1.02544605,  7.83620072,  4.95889683,\n        -0.62590178],\n       [-1.65713555,  6.08331332,  1.02544296,  7.83620656,  4.95889873,\n        -0.62590447],\n       [-1.6571348 ,  6.08330209,  1.02544303,  7.83620592,  4.95889333,\n        -0.62590175],\n       [-1.65713691,  6.08330356,  1.02545136,  7.83620256,  4.95889157,\n        -0.6259085 ],\n       [-1.65713128,  6.08331066,  1.02544508,  7.83620754,  4.95890077,\n        -0.62590559]]), array([0.439316, 0.439316, 0.439316, 0.439316, 0.439316, 0.439316,\n       0.439316]))", "callback": [0.9377545891619574, 0.8728529430673931, 0.8318508235204476, 0.7216095320434421, 0.7216095320434421, 0.7009301610850012, 0.6958209552319417, 0.6940746568841599, 0.6939582231056715, 0.6939331164468954, 0.6939252559672171, 0.6939155337417438, 0.6938881064222515, 0.693885782663481, 0.6938833382580771, 0.6938825811899043, 0.6938823976726289, 0.693881798860267, 0.6938802224411837, 0.693873564435606, 0.6938527932032605, 0.6938185804361032, 0.6937230038416431, 0.6935003251119944, 0.693389977309917, 0.6930621336434322, 0.6919657687166192, 0.6870155716999313, 0.66552199533776, 0.6340317744156698, 0.629672769185639, 0.5964188345012011, 0.5843725193376796, 0.5752574519515155, 0.5533752340574576, 0.48754094354486144, 0.46823970230691303, 0.46449291302759355, 0.4634427250064549, 0.46319823377400027, 0.4629591480562183, 0.46285990746426486, 0.4628337640110499, 0.4628337640110499, 0.46283304704576567, 0.46283296401678287, 0.46283293397043035, 0.46283291712237284, 0.4628328994036237, 0.46283288112359255, 0.4628328137794613, 0.46283262932616764, 0.4628321116638854, 0.46283136780400713, 0.4628295952217507, 0.46282696805003776, 0.46282076498400615, 0.46279682547498435, 0.4627552502102984, 0.46267828628574703, 0.46255797766949813, 0.46227755488691136, 0.46167821118851093, 0.4613224847423807, 0.4606939934369233, 0.45816164335660725, 0.45631104549986834, 0.4531602462868506, 0.45054741322178515, 0.44694842746427776, 0.4450347221132992, 0.4423076236170851, 0.44082938458867604, 0.4400896486674738, 0.43973100870244297, 0.4393810673608737, 0.4393562724546185, 0.43932503778807697, 0.43931762828689336, 0.4393169545619514, 0.4393164050983238, 0.4393161445443371, 0.4393160746750593, 0.439316021698287, 0.43931600605648713, 0.4393160040049614, 0.4393160034744815, 0.4393160033635163, 0.439316003324438]}, "9": {"maxiter": 1000, "fatol": 1e-05, "xatol": 1e-10, "duration": 0.37462282180786133, "fun": "0.4393160033180963", "nit": "989", "nfev": "1577", "status": "0", "success": "True", "message": "Optimization terminated successfully.", "x": "[-1.65713493  6.08330685  1.02544462  7.83620288  4.95889513 -0.62590609]", "final_simplex": "(array([[-1.65713493,  6.08330685,  1.02544462,  7.83620288,  4.95889513,\n        -0.62590609],\n       [-1.65713493,  6.08330685,  1.02544462,  7.83620288,  4.95889513,\n        -0.62590609],\n       [-1.65713493,  6.08330685,  1.02544462,  7.83620288,  4.95889513,\n        -0.62590609],\n       [-1.65713493,  6.08330685,  1.02544462,  7.83620288,  4.95889513,\n        -0.62590609],\n       [-1.65713493,  6.08330685,  1.02544462,  7.83620288,  4.95889513,\n        -0.62590609],\n       [-1.65713493,  6.08330685,  1.02544462,  7.83620288,  4.95889513,\n        -0.62590609],\n       [-1.65713493,  6.08330685,  1.02544462,  7.83620288,  4.95889513,\n        -0.62590609]]), array([0.439316, 0.439316, 0.439316, 0.439316, 0.439316, 0.439316,\n       0.439316]))", "callback": [0.9377545891619574, 0.8728529430673931, 0.8318508235204476, 0.7216095320434421, 0.7216095320434421, 0.7009301610850012, 0.6958209552319417, 0.6940746568841599, 0.6939582231056715, 0.6939331164468954, 0.6939252559672171, 0.6939155337417438, 0.6938881064222515, 0.693885782663481, 0.6938833382580771, 0.6938825811899043, 0.6938823976726289, 0.693881798860267, 0.6938802224411837, 0.693873564435606, 0.6938527932032605, 0.6938185804361032, 0.6937230038416431, 0.6935003251119944, 0.693389977309917, 0.6930621336434322, 0.6919657687166192, 0.6870155716999313, 0.66552199533776, 0.6340317744156698, 0.629672769185639, 0.5964188345012011, 0.5843725193376796, 0.5752574519515155, 0.5533752340574576, 0.48754094354486144, 0.46823970230691303, 0.46449291302759355, 0.4634427250064549, 0.46319823377400027, 0.4629591480562183, 0.46285990746426486, 0.4628337640110499, 0.4628337640110499, 0.46283304704576567, 0.46283296401678287, 0.46283293397043035, 0.46283291712237284, 0.4628328994036237, 0.46283288112359255, 0.4628328137794613, 0.46283262932616764, 0.4628321116638854, 0.46283136780400713, 0.4628295952217507, 0.46282696805003776, 0.46282076498400615, 0.46279682547498435, 0.4627552502102984, 0.46267828628574703, 0.46255797766949813, 0.46227755488691136, 0.46167821118851093, 0.4613224847423807, 0.4606939934369233, 0.45816164335660725, 0.45631104549986834, 0.4531602462868506, 0.45054741322178515, 0.44694842746427776, 0.4450347221132992, 0.4423076236170851, 0.44082938458867604, 0.4400896486674738, 0.43973100870244297, 0.4393810673608737, 0.4393562724546185, 0.43932503778807697, 0.43931762828689336, 0.4393169545619514, 0.4393164050983238, 0.4393161445443371, 0.4393160746750593, 0.439316021698287, 0.43931600605648713, 0.4393160040049614, 0.4393160034744815, 0.4393160033635163, 0.439316003324438, 0.43931600331933873, 0.4393160033183583, 0.43931600331820564, 0.4393160033181247, 0.43931600331810583, 0.4393160033180976, 0.4393160033180966, 0.4393160033180964, 0.4393160033180963, 0.4393160033180963]}, "10": {"maxiter": 1000, "fatol": 1e-10, "xatol": 1e-05, "duration": 0.32827210426330566, "fun": "0.43931600332092235", "nit": "888", "nfev": "1355", "status": "0", "success": "True", "message": "Optimization terminated successfully.", "x": "[-1.65713347  6.08331026  1.02544319  7.83620479  4.95889841 -0.62590886]", "final_simplex": "(array([[-1.65713347,  6.08331026,  1.02544319,  7.83620479,  4.95889841,\n        -0.62590886],\n       [-1.65713742,  6.08330515,  1.02544058,  7.83620255,  4.95889865,\n        -0.62590695],\n       [-1.65713343,  6.0833074 ,  1.02544605,  7.83620072,  4.95889683,\n        -0.62590178],\n       [-1.65713555,  6.08331332,  1.02544296,  7.83620656,  4.95889873,\n        -0.62590447],\n       [-1.6571348 ,  6.08330209,  1.02544303,  7.83620592,  4.95889333,\n        -0.62590175],\n       [-1.65713691,  6.08330356,  1.02545136,  7.83620256,  4.95889157,\n        -0.6259085 ],\n       [-1.65713128,  6.08331066,  1.02544508,  7.83620754,  4.95890077,\n        -0.62590559]]), array([0.439316, 0.439316, 0.439316, 0.439316, 0.439316, 0.439316,\n       0.439316]))", "callback": [0.9377545891619574, 0.8728529430673931, 0.8318508235204476, 0.7216095320434421, 0.7216095320434421, 0.7009301610850012, 0.6958209552319417, 0.6940746568841599, 0.6939582231056715, 0.6939331164468954, 0.6939252559672171, 0.6939155337417438, 0.6938881064222515, 0.693885782663481, 0.6938833382580771, 0.6938825811899043, 0.6938823976726289, 0.693881798860267, 0.6938802224411837, 0.693873564435606, 0.6938527932032605, 0.6938185804361032, 0.6937230038416431, 0.6935003251119944, 0.693389977309917, 0.6930621336434322, 0.6919657687166192, 0.6870155716999313, 0.66552199533776, 0.6340317744156698, 0.629672769185639, 0.5964188345012011, 0.5843725193376796, 0.5752574519515155, 0.5533752340574576, 0.48754094354486144, 0.46823970230691303, 0.46449291302759355, 0.4634427250064549, 0.46319823377400027, 0.4629591480562183, 0.46285990746426486, 0.4628337640110499, 0.4628337640110499, 0.46283304704576567, 0.46283296401678287, 0.46283293397043035, 0.46283291712237284, 0.4628328994036237, 0.46283288112359255, 0.4628328137794613, 0.46283262932616764, 0.4628321116638854, 0.46283136780400713, 0.4628295952217507, 0.46282696805003776, 0.46282076498400615, 0.46279682547498435, 0.4627552502102984, 0.46267828628574703, 0.46255797766949813, 0.46227755488691136, 0.46167821118851093, 0.4613224847423807, 0.4606939934369233, 0.45816164335660725, 0.45631104549986834, 0.4531602462868506, 0.45054741322178515, 0.44694842746427776, 0.4450347221132992, 0.4423076236170851, 0.44082938458867604, 0.4400896486674738, 0.43973100870244297, 0.4393810673608737, 0.4393562724546185, 0.43932503778807697, 0.43931762828689336, 0.4393169545619514, 0.4393164050983238, 0.4393161445443371, 0.4393160746750593, 0.439316021698287, 0.43931600605648713, 0.4393160040049614, 0.4393160034744815, 0.4393160033635163, 0.439316003324438]}, "11": {"maxiter": 1000, "fatol": 1e-10, "xatol": 1e-10, "duration": 0.38854098320007324, "fun": "0.4393160033180963", "nit": "989", "nfev": "1577", "status": "0", "success": "True", "message": "Optimization terminated successfully.", "x": "[-1.65713493  6.08330685  1.02544462  7.83620288  4.95889513 -0.62590609]", "final_simplex": "(array([[-1.65713493,  6.08330685,  1.02544462,  7.83620288,  4.95889513,\n        -0.62590609],\n       [-1.65713493,  6.08330685,  1.02544462,  7.83620288,  4.95889513,\n        -0.62590609],\n       [-1.65713493,  6.08330685,  1.02544462,  7.83620288,  4.95889513,\n        -0.62590609],\n       [-1.65713493,  6.08330685,  1.02544462,  7.83620288,  4.95889513,\n        -0.62590609],\n       [-1.65713493,  6.08330685,  1.02544462,  7.83620288,  4.95889513,\n        -0.62590609],\n       [-1.65713493,  6.08330685,  1.02544462,  7.83620288,  4.95889513,\n        -0.62590609],\n       [-1.65713493,  6.08330685,  1.02544462,  7.83620288,  4.95889513,\n        -0.62590609]]), array([0.439316, 0.439316, 0.439316, 0.439316, 0.439316, 0.439316,\n       0.439316]))", "callback": [0.9377545891619574, 0.8728529430673931, 0.8318508235204476, 0.7216095320434421, 0.7216095320434421, 0.7009301610850012, 0.6958209552319417, 0.6940746568841599, 0.6939582231056715, 0.6939331164468954, 0.6939252559672171, 0.6939155337417438, 0.6938881064222515, 0.693885782663481, 0.6938833382580771, 0.6938825811899043, 0.6938823976726289, 0.693881798860267, 0.6938802224411837, 0.693873564435606, 0.6938527932032605, 0.6938185804361032, 0.6937230038416431, 0.6935003251119944, 0.693389977309917, 0.6930621336434322, 0.6919657687166192, 0.6870155716999313, 0.66552199533776, 0.6340317744156698, 0.629672769185639, 0.5964188345012011, 0.5843725193376796, 0.5752574519515155, 0.5533752340574576, 0.48754094354486144, 0.46823970230691303, 0.46449291302759355, 0.4634427250064549, 0.46319823377400027, 0.4629591480562183, 0.46285990746426486, 0.4628337640110499, 0.4628337640110499, 0.46283304704576567, 0.46283296401678287, 0.46283293397043035, 0.46283291712237284, 0.4628328994036237, 0.46283288112359255, 0.4628328137794613, 0.46283262932616764, 0.4628321116638854, 0.46283136780400713, 0.4628295952217507, 0.46282696805003776, 0.46282076498400615, 0.46279682547498435, 0.4627552502102984, 0.46267828628574703, 0.46255797766949813, 0.46227755488691136, 0.46167821118851093, 0.4613224847423807, 0.4606939934369233, 0.45816164335660725, 0.45631104549986834, 0.4531602462868506, 0.45054741322178515, 0.44694842746427776, 0.4450347221132992, 0.4423076236170851, 0.44082938458867604, 0.4400896486674738, 0.43973100870244297, 0.4393810673608737, 0.4393562724546185, 0.43932503778807697, 0.43931762828689336, 0.4393169545619514, 0.4393164050983238, 0.4393161445443371, 0.4393160746750593, 0.439316021698287, 0.43931600605648713, 0.4393160040049614, 0.4393160034744815, 0.4393160033635163, 0.439316003324438, 0.43931600331933873, 0.4393160033183583, 0.43931600331820564, 0.4393160033181247, 0.43931600331810583, 0.4393160033180976, 0.4393160033180966, 0.4393160033180964, 0.4393160033180963, 0.4393160033180963]}}, "bfgs": {"type": "gradient", "0": {"maxiter": 100, "gtol": 1e-05, "xrtol": 1e-05, "eps": 1e-05, "duration": 0.047815799713134766, "fun": "0.43931600344180344", "jac": "[-3.19932969e-06 -5.46562795e-07 -3.27540217e-06  1.95169436e-06\n -3.03734815e-06  1.58029145e-07]", "hess_inv": "[[ 3.61376498  0.10768064 -0.03737642  0.7560464  -0.16810167  0.73693789]\n [ 0.10768064  5.52209493  0.02074748  1.5977807   1.79540481 -0.64328479]\n [-0.03737642  0.02074748  4.39771801  1.01896895 -1.83910868 -0.93036503]\n [ 0.7560464   1.5977807   1.01896895  4.56444984  0.08642983  0.1274197 ]\n [-0.16810167  1.79540481 -1.83910868  0.08642983  4.7574157  -0.03575279]\n [ 0.73693789 -0.64328479 -0.93036503  0.1274197  -0.03575279  4.94248531]]", "nfev": "189", "njev": "27", "status": "0", "success": "True", "message": "Optimization terminated successfully.", "x": "[-1.65715314  6.08328859  1.02543228  7.83619502  4.95887727 -0.62590753]", "nit": "20", "callback": [0.9059371750904182, 0.893638235412449, 0.7252103115355675, 0.7130725903354478, 0.6269977830400018, 0.5503239916032425, 0.5183926800500829, 0.4791787189393477, 0.45596719719398837, 0.4424134105046257, 0.4396737342470193, 0.43952723295421336, 0.4394206415189764, 0.43933578943741036, 0.43931889466430984, 0.439316798497173, 0.4393163501199756, 0.4393160562467232, 0.4393160072987581, 0.43931600344180344]}, "1": {"maxiter": 100, "gtol": 1e-05, "xrtol": 1e-05, "eps": 1e-10, "duration": 0.04717278480529785, "fun": "0.43931600345064215", "jac": "[-3.33066880e-06 -2.22044587e-06 -4.44089173e-06  2.22044587e-06\n -4.44089173e-06  1.11022293e-06]", "hess_inv": "[[ 3.61059096  0.09773834 -0.02499003  0.74679658 -0.19000426  0.69835175]\n [ 0.09773834  5.52070612  0.03885211  1.58832567  1.76283217 -0.72818129]\n [-0.02499003  0.03885211  4.41125765  1.02984403 -1.83175373 -0.95021778]\n [ 0.74679658  1.58832567  1.02984403  4.54949642  0.05853494  0.07884719]\n [-0.19000426  1.76283217 -1.83175373  0.05853494  4.70728071 -0.10444671]\n [ 0.69835175 -0.72818129 -0.95021778  0.07884719 -0.10444671  4.94477957]]", "nfev": "189", "njev": "27", "status": "0", "success": "True", "message": "Optimization terminated successfully.", "x": "[-1.65715166  6.08328431  1.02543366  7.83619694  4.95887439 -0.62590111]", "nit": "20", "callback": [0.905934041977915, 0.8936366406349812, 0.7251897603490745, 0.7130503142668949, 0.6269620723047893, 0.5502458952621598, 0.5183428962496266, 0.47916099973625614, 0.4559580202272552, 0.44241193976825943, 0.4396741091943862, 0.43952745893983247, 0.4394207827986406, 0.439335816447996, 0.4393189123066237, 0.43931679726013984, 0.4393163492707267, 0.43931605425291653, 0.43931600675034865, 0.43931600345064215]}, "2": {"maxiter": 100, "gtol": 1e-05, "xrtol": 1e-10, "eps": 1e-05, "duration": 0.045629024505615234, "fun": "0.43931600344180344", "jac": "[-3.19932969e-06 -5.46562795e-07 -3.27540217e-06  1.95169436e-06\n -3.03734815e-06  1.58029145e-07]", "hess_inv": "[[ 3.61376498  0.10768064 -0.03737642  0.7560464  -0.16810167  0.73693789]\n [ 0.10768064  5.52209493  0.02074748  1.5977807   1.79540481 -0.64328479]\n [-0.03737642  0.02074748  4.39771801  1.01896895 -1.83910868 -0.93036503]\n [ 0.7560464   1.5977807   1.01896895  4.56444984  0.08642983  0.1274197 ]\n [-0.16810167  1.79540481 -1.83910868  0.08642983  4.7574157  -0.03575279]\n [ 0.73693789 -0.64328479 -0.93036503  0.1274197  -0.03575279  4.94248531]]", "nfev": "189", "njev": "27", "status": "0", "success": "True", "message": "Optimization terminated successfully.", "x": "[-1.65715314  6.08328859  1.02543228  7.83619502  4.95887727 -0.62590753]", "nit": "20", "callback": [0.9059371750904182, 0.893638235412449, 0.7252103115355675, 0.7130725903354478, 0.6269977830400018, 0.5503239916032425, 0.5183926800500829, 0.4791787189393477, 0.45596719719398837, 0.4424134105046257, 0.4396737342470193, 0.43952723295421336, 0.4394206415189764, 0.43933578943741036, 0.43931889466430984, 0.439316798497173, 0.4393163501199756, 0.4393160562467232, 0.4393160072987581, 0.43931600344180344]}, "3": {"maxiter": 100, "gtol": 1e-05, "xrtol": 1e-10, "eps": 1e-10, "duration": 0.04319119453430176, "fun": "0.43931600345064215", "jac": "[-3.33066880e-06 -2.22044587e-06 -4.44089173e-06  2.22044587e-06\n -4.44089173e-06  1.11022293e-06]", "hess_inv": "[[ 3.61059096  0.09773834 -0.02499003  0.74679658 -0.19000426  0.69835175]\n [ 0.09773834  5.52070612  0.03885211  1.58832567  1.76283217 -0.72818129]\n [-0.02499003  0.03885211  4.41125765  1.02984403 -1.83175373 -0.95021778]\n [ 0.74679658  1.58832567  1.02984403  4.54949642  0.05853494  0.07884719]\n [-0.19000426  1.76283217 -1.83175373  0.05853494  4.70728071 -0.10444671]\n [ 0.69835175 -0.72818129 -0.95021778  0.07884719 -0.10444671  4.94477957]]", "nfev": "189", "njev": "27", "status": "0", "success": "True", "message": "Optimization terminated successfully.", "x": "[-1.65715166  6.08328431  1.02543366  7.83619694  4.95887439 -0.62590111]", "nit": "20", "callback": [0.905934041977915, 0.8936366406349812, 0.7251897603490745, 0.7130503142668949, 0.6269620723047893, 0.5502458952621598, 0.5183428962496266, 0.47916099973625614, 0.4559580202272552, 0.44241193976825943, 0.4396741091943862, 0.43952745893983247, 0.4394207827986406, 0.439335816447996, 0.4393189123066237, 0.43931679726013984, 0.4393163492707267, 0.43931605425291653, 0.43931600675034865, 0.43931600345064215]}, "4": {"maxiter": 100, "gtol": 1e-10, "xrtol": 1e-05, "eps": 1e-05, "duration": 0.04405808448791504, "fun": "0.4393160033477259", "jac": "[-1.95066185e-07 -5.63105118e-08 -1.52855506e-07  1.34836586e-07\n -8.49431636e-08  2.17770246e-07]", "hess_inv": "[[ 3.77152207e+00  1.93990561e-01  4.89218677e-02  7.36461329e-01\n   3.36622692e-04  7.94578819e-01]\n [ 1.93990561e-01  5.56527524e+00  5.83524662e-02  1.59190129e+00\n   1.89492375e+00 -5.80551776e-01]\n [ 4.89218677e-02  5.83524662e-02  4.42207187e+00  1.01975614e+00\n  -1.72945051e+00 -8.24636475e-01]\n [ 7.36461329e-01  1.59190129e+00  1.01975614e+00  4.56109370e+00\n   5.67036853e-02  8.29255946e-02]\n [ 3.36622692e-04  1.89492375e+00 -1.72945051e+00  5.67036853e-02\n   4.92383227e+00 -3.10787578e-02]\n [ 7.94578819e-01 -5.80551776e-01 -8.24636475e-01  8.29255946e-02\n  -3.10787578e-02  4.72266138e+00]]", "nfev": "196", "njev": "28", "status": "0", "success": "True", "message": "Optimization terminated successfully.", "x": "[-1.65714237  6.08329518  1.02543984  7.83619285  4.95888749 -0.62590901]", "nit": "21", "callback": [0.9059371750904182, 0.893638235412449, 0.7252103115355675, 0.7130725903354478, 0.6269977830400018, 0.5503239916032425, 0.5183926800500829, 0.4791787189393477, 0.45596719719398837, 0.4424134105046257, 0.4396737342470193, 0.43952723295421336, 0.4394206415189764, 0.43933578943741036, 0.43931889466430984, 0.439316798497173, 0.4393163501199756, 0.4393160562467232, 0.4393160072987581, 0.43931600344180344, 0.4393160033477259]}, "5": {"maxiter": 100, "gtol": 1e-10, "xrtol": 1e-05, "eps": 1e-10, "duration": 0.0450439453125, "fun": "0.4393160033241369", "jac": "[-1.11022293e-06  0.00000000e+00  2.22044587e-06 -1.11022293e-06\n -1.11022293e-06  0.00000000e+00]", "hess_inv": "[[ 3.77070981  0.32536393  0.10287939  0.75471281  0.07450513  0.68146506]\n [ 0.32536393  5.65237765  0.10591554  1.59157106  2.08759159 -0.43570372]\n [ 0.10287939  0.10591554  4.44480438  1.03137907 -1.6511632  -0.77453355]\n [ 0.75471281  1.59157106  1.03137907  4.54955364  0.06947294  0.0912183 ]\n [ 0.07450513  2.08759159 -1.6511632   0.06947294  5.13054344 -0.04780036]\n [ 0.68146506 -0.43570372 -0.77453355  0.0912183  -0.04780036  4.42467133]]", "nfev": "196", "njev": "28", "status": "0", "success": "True", "message": "Optimization terminated successfully.", "x": "[-1.65714002  6.08330464  1.02544521  7.83619767  4.95889462 -0.62590858]", "nit": "21", "callback": [0.905934041977915, 0.8936366406349812, 0.7251897603490745, 0.7130503142668949, 0.6269620723047893, 0.5502458952621598, 0.5183428962496266, 0.47916099973625614, 0.4559580202272552, 0.44241193976825943, 0.4396741091943862, 0.43952745893983247, 0.4394207827986406, 0.439335816447996, 0.4393189123066237, 0.43931679726013984, 0.4393163492707267, 0.43931605425291653, 0.43931600675034865, 0.43931600345064215, 0.4393160033241369]}, "6": {"maxiter": 100, "gtol": 1e-10, "xrtol": 1e-10, "eps": 1e-05, "duration": 0.08884096145629883, "fun": "0.4393160033464415", "jac": "[-1.73194792e-09 -1.50990331e-09  1.77635684e-09  1.26565425e-09\n  3.18634008e-09  1.06248343e-08]", "hess_inv": "[[ 3.80646739  0.23636139  0.10280858  0.71104805  0.00862302  0.65197573]\n [ 0.23636139  5.60788245  0.11070248  1.56904388  1.91582842 -0.69486094]\n [ 0.10280858  0.11070248  4.48487944  0.99277224 -1.69991519 -0.95626655]\n [ 0.71104805  1.56904388  0.99277224  4.57218807  0.04055572  0.13287069]\n [ 0.00862302  1.91582842 -1.69991519  0.04055572  4.91191806 -0.13840353]\n [ 0.65197573 -0.69486094 -0.95626655  0.13287069 -0.13840353  4.91090362]]", "nfev": "382", "njev": "53", "status": "2", "success": "False", "message": "Desired error not necessarily achieved due to precision loss.", "x": "[-1.65714184  6.08329565  1.02544048  7.83619259  4.95888779 -0.62591012]", "nit": "22", "callback": [0.9059371750904182, 0.893638235412449, 0.7252103115355675, 0.7130725903354478, 0.6269977830400018, 0.5503239916032425, 0.5183926800500829, 0.4791787189393477, 0.45596719719398837, 0.4424134105046257, 0.4396737342470193, 0.43952723295421336, 0.4394206415189764, 0.43933578943741036, 0.43931889466430984, 0.439316798497173, 0.4393163501199756, 0.4393160562467232, 0.4393160072987581, 0.43931600344180344, 0.4393160033477259, 0.4393160033464415]}, "7": {"maxiter": 100, "gtol": 1e-10, "xrtol": 1e-10, "eps": 1e-10, "duration": 0.10958218574523926, "fun": "0.4393160033191267", "jac": "[-1.11022293e-06  2.22044587e-06  0.00000000e+00  0.00000000e+00\n  2.22044587e-06  1.11022293e-06]", "hess_inv": "[[106.96818923  -7.57234192 -37.23151032 -16.24575272   7.26824606\n   92.11640689]\n [ -7.57234192   0.96876305   2.56450876   1.22296621  -0.61871363\n   -5.98773247]\n [-37.23151032   2.56450876  13.73347288   4.88048533  -2.57088401\n  -32.09313396]\n [-16.24575272   1.22296621   4.88048533   3.24217073  -1.06229647\n  -13.96018496]\n [  7.26824606  -0.61871363  -2.57088401  -1.06229647   0.70527063\n    5.94266188]\n [ 92.11640689  -5.98773247 -32.09313396 -13.96018496   5.94266188\n   80.17816763]]", "nfev": "441", "njev": "63", "status": "0", "success": "True", "message": "Optimization terminated successfully.", "x": "[-1.6571356   6.08330779  1.02544287  7.83620168  4.9588979  -0.62590654]", "nit": "27", "callback": [0.905934041977915, 0.8936366406349812, 0.7251897603490745, 0.7130503142668949, 0.6269620723047893, 0.5502458952621598, 0.5183428962496266, 0.47916099973625614, 0.4559580202272552, 0.44241193976825943, 0.4396741091943862, 0.43952745893983247, 0.4394207827986406, 0.439335816447996, 0.4393189123066237, 0.43931679726013984, 0.4393163492707267, 0.43931605425291653, 0.43931600675034865, 0.43931600345064215, 0.4393160033241369, 0.43931600332248666, 0.4393160033191571, 0.43931600331912846, 0.4393160033191271, 0.4393160033191267, 0.4393160033191267]}, "8": {"maxiter": 500, "gtol": 1e-05, "xrtol": 1e-05, "eps": 1e-05, "duration": 0.04807400703430176, "fun": "0.43931600344180344", "jac": "[-3.19932969e-06 -5.46562795e-07 -3.27540217e-06  1.95169436e-06\n -3.03734815e-06  1.58029145e-07]", "hess_inv": "[[ 3.61376498  0.10768064 -0.03737642  0.7560464  -0.16810167  0.73693789]\n [ 0.10768064  5.52209493  0.02074748  1.5977807   1.79540481 -0.64328479]\n [-0.03737642  0.02074748  4.39771801  1.01896895 -1.83910868 -0.93036503]\n [ 0.7560464   1.5977807   1.01896895  4.56444984  0.08642983  0.1274197 ]\n [-0.16810167  1.79540481 -1.83910868  0.08642983  4.7574157  -0.03575279]\n [ 0.73693789 -0.64328479 -0.93036503  0.1274197  -0.03575279  4.94248531]]", "nfev": "189", "njev": "27", "status": "0", "success": "True", "message": "Optimization terminated successfully.", "x": "[-1.65715314  6.08328859  1.02543228  7.83619502  4.95887727 -0.62590753]", "nit": "20", "callback": [0.90593717