{"date": "2024/09/25/, 06:03:44", "conf_id": 154, "data_type": "orthogonal\n", "num_data_points": 4, "s_rank": 0, "unitary": "[[-0.24866696+0.58742286j,-0.44704345-0.43151574j,-0.35669027-0.20570733j,-0.10517633+0.1626036j],[0.10596805-0.19687975j,-0.30269685-0.15056416j,0.18246286+0.30440582j,-0.83484447-0.11310748j],[0.26054512-0.52548482j,0.0285017-0.50723956j,-0.43110112+0.17165838j,0.15243271+0.39915801j],[0.42978035+0.11991271j,-0.17224126-0.46030424j,0.6827807-0.15164662j,0.26483638+0.0061855j]]", "databatch_0": {"databatch": "[[[-0.06438931-0.1990247j,-0.06294762+0.28097051j,-0.35290137-0.14369511j,-0.05579116+0.15077484j],[-0.02885879+0.34892587j,0.12722434+0.27970134j,-0.32590319+0.0442127j,0.0023024+0.23287477j],[-0.32727689-0.01713337j,0.14457257+0.17336926j,0.07403873+0.04484238j,-0.04457533+0.11839951j],[-0.06675201+0.13867542j,-0.07617709-0.16459955j,-0.03202823+0.22344441j,0.02833484-0.18083102j]],[[-0.43300607-0.1100209j,0.05191511+0.05201639j,0.25746512+0.10396939j,-0.09133558-0.02724812j],[0.22693924+0.00589894j,-0.02896627+0.09778348j,-0.22802079+0.15770373j,0.02422354+0.02114548j],[-0.00206728-0.37045145j,0.14590476-0.20182853j,-0.00749529+0.1586297j,0.20852206-0.12025749j],[-0.32255267-0.29121662j,0.10332041+0.15525702j,-0.2249202+0.07747052j,0.04794281+0.06357752j]],[[-0.17068466+0.12228874j,0.13722385-0.30786284j,-0.06020077-0.41883179j,0.1998088+0.00521281j],[0.19699123+0.2142005j,-0.03239522+0.19666441j,0.13781826+0.02839266j,-0.14650692+0.11816277j],[0.0680212+0.00249579j,0.24758416+0.05178781j,0.25910697-0.26186906j,0.0420725+0.2147562j],[0.06910453-0.16727242j,0.24215506-0.01987372j,0.10345963-0.22230416j,0.12996685+0.15049176j]],[[-0.06906645-0.08509239j,-0.43302699-0.17833654j,-0.19214998-0.15043578j,-0.10629115-0.26291299j],[0.06753785+0.21791418j,-0.16797627+0.01132271j,-0.14785658+0.42486922j,-0.06189286-0.16097035j],[0.14777054-0.01535013j,-0.18879235-0.19535419j,0.06468019+0.15844501j,-0.01681879-0.2274684j],[0.15679419+0.00280246j,-0.05771706-0.03864868j,0.31480928-0.04094167j,-0.08937106-0.02851751j]]]", "initial param values": "[2.77831313,0.3780174,1.70969119,3.37246881,2.2242863,3.21641478]", "nelder_mead": {"type": "gradient-free", "0": {"maxiter": 100, "fatol": 1e-05, "xatol": 1e-05, "duration": 0.03736305236816406, "fun": "0.47146040052487603", "nit": "100", "nfev": "152", "status": "2", "success": "False", "message": "Maximum number of iterations has been exceeded.", "x": "[ 4.88423127  0.54566404 -0.72662534  4.01822957  1.988225    2.1181413 ]", "final_simplex": "(array([[ 4.88423127,  0.54566404, -0.72662534,  4.01822957,  1.988225  ,\n         2.1181413 ],\n       [ 4.82161701,  0.54921881, -0.70699927,  4.0531768 ,  1.94808259,\n         2.17147697],\n       [ 4.81986414,  0.54752122, -0.73201815,  4.09861785,  1.99900937,\n         2.15007409],\n       [ 4.84432943,  0.54246256, -0.70372782,  4.0786504 ,  1.99049852,\n         2.15672162],\n       [ 4.75382543,  0.55614738, -0.76152966,  4.06151535,  1.98444031,\n         2.24663703],\n       [ 4.78851099,  0.54191596, -0.68013114,  4.09452967,  2.02830832,\n         2.14769382],\n       [ 4.89137856,  0.53659736, -0.69192187,  4.04832952,  1.97889626,\n         2.13223134]]), array([0.4714604 , 0.47146624, 0.47163417, 0.47166747, 0.47196032,\n       0.47207328, 0.47222047]))", "callback": [0.9271858082818738, 0.8357346612797794, 0.7311991675108804, 0.6997225248155562, 0.6631595989961987, 0.639952448281234, 0.5363965960287995, 0.4820422158293802, 0.473522595099366, 0.4724153346036194]}, "1": {"maxiter": 100, "fatol": 1e-05, "xatol": 1e-10, "duration": 0.03692221641540527, "fun": "0.47146040052487603", "nit": "100", "nfev": "152", "status": "2", "success": "False", "message": "Maximum number of iterations has been exceeded.", "x": "[ 4.88423127  0.54566404 -0.72662534  4.01822957  1.988225    2.1181413 ]", "final_simplex": "(array([[ 4.88423127,  0.54566404, -0.72662534,  4.01822957,  1.988225  ,\n         2.1181413 ],\n       [ 4.82161701,  0.54921881, -0.70699927,  4.0531768 ,  1.94808259,\n         2.17147697],\n       [ 4.81986414,  0.54752122, -0.73201815,  4.09861785,  1.99900937,\n         2.15007409],\n       [ 4.84432943,  0.54246256, -0.70372782,  4.0786504 ,  1.99049852,\n         2.15672162],\n       [ 4.75382543,  0.55614738, -0.76152966,  4.06151535,  1.98444031,\n         2.24663703],\n       [ 4.78851099,  0.54191596, -0.68013114,  4.09452967,  2.02830832,\n         2.14769382],\n       [ 4.89137856,  0.53659736, -0.69192187,  4.04832952,  1.97889626,\n         2.13223134]]), array([0.4714604 , 0.47146624, 0.47163417, 0.47166747, 0.47196032,\n       0.47207328, 0.47222047]))", "callback": [0.9271858082818738, 0.8357346612797794, 0.7311991675108804, 0.6997225248155562, 0.6631595989961987, 0.639952448281234, 0.5363965960287995, 0.4820422158293802, 0.473522595099366, 0.4724153346036194]}, "2": {"maxiter": 100, "fatol": 1e-10, "xatol": 1e-05, "duration": 0.037177085876464844, "fun": "0.47146040052487603", "nit": "100", "nfev": "152", "status": "2", "success": "False", "message": "Maximum number of iterations has been exceeded.", "x": "[ 4.88423127  0.54566404 -0.72662534  4.01822957  1.988225    2.1181413 ]", "final_simplex": "(array([[ 4.88423127,  0.54566404, -0.72662534,  4.01822957,  1.988225  ,\n         2.1181413 ],\n       [ 4.82161701,  0.54921881, -0.70699927,  4.0531768 ,  1.94808259,\n         2.17147697],\n       [ 4.81986414,  0.54752122, -0.73201815,  4.09861785,  1.99900937,\n         2.15007409],\n       [ 4.84432943,  0.54246256, -0.70372782,  4.0786504 ,  1.99049852,\n         2.15672162],\n       [ 4.75382543,  0.55614738, -0.76152966,  4.06151535,  1.98444031,\n         2.24663703],\n       [ 4.78851099,  0.54191596, -0.68013114,  4.09452967,  2.02830832,\n         2.14769382],\n       [ 4.89137856,  0.53659736, -0.69192187,  4.04832952,  1.97889626,\n         2.13223134]]), array([0.4714604 , 0.47146624, 0.47163417, 0.47166747, 0.47196032,\n       0.47207328, 0.47222047]))", "callback": [0.9271858082818738, 0.8357346612797794, 0.7311991675108804, 0.6997225248155562, 0.6631595989961987, 0.639952448281234, 0.5363965960287995, 0.4820422158293802, 0.473522595099366, 0.4724153346036194]}, "3": {"maxiter": 100, "fatol": 1e-10, "xatol": 1e-10, "duration": 0.03684520721435547, "fun": "0.47146040052487603", "nit": "100", "nfev": "152", "status": "2", "success": "False", "message": "Maximum number of iterations has been exceeded.", "x": "[ 4.88423127  0.54566404 -0.72662534  4.01822957  1.988225    2.1181413 ]", "final_simplex": "(array([[ 4.88423127,  0.54566404, -0.72662534,  4.01822957,  1.988225  ,\n         2.1181413 ],\n       [ 4.82161701,  0.54921881, -0.70699927,  4.0531768 ,  1.94808259,\n         2.17147697],\n       [ 4.81986414,  0.54752122, -0.73201815,  4.09861785,  1.99900937,\n         2.15007409],\n       [ 4.84432943,  0.54246256, -0.70372782,  4.0786504 ,  1.99049852,\n         2.15672162],\n       [ 4.75382543,  0.55614738, -0.76152966,  4.06151535,  1.98444031,\n         2.24663703],\n       [ 4.78851099,  0.54191596, -0.68013114,  4.09452967,  2.02830832,\n         2.14769382],\n       [ 4.89137856,  0.53659736, -0.69192187,  4.04832952,  1.97889626,\n         2.13223134]]), array([0.4714604 , 0.47146624, 0.47163417, 0.47166747, 0.47196032,\n       0.47207328, 0.47222047]))", "callback": [0.9271858082818738, 0.8357346612797794, 0.7311991675108804, 0.6997225248155562, 0.6631595989961987, 0.639952448281234, 0.5363965960287995, 0.4820422158293802, 0.473522595099366, 0.4724153346036194]}, "4": {"maxiter": 500, "fatol": 1e-05, "xatol": 1e-05, "duration": 0.15133166313171387, "fun": "0.4585144058095221", "nit": "417", "nfev": "648", "status": "0", "success": "True", "message": "Optimization terminated successfully.", "x": "[ 4.86259387  0.94306069 -0.65464643  4.10983297  2.09835857  2.0441071 ]", "final_simplex": "(array([[ 4.86259387,  0.94306069, -0.65464643,  4.10983297,  2.09835857,\n         2.0441071 ],\n       [ 4.86259212,  0.94306222, -0.65463883,  4.10984047,  2.09835766,\n         2.0441068 ],\n       [ 4.86259324,  0.94306095, -0.65464946,  4.10982828,  2.09835632,\n         2.04410266],\n       [ 4.86259686,  0.94306492, -0.65464083,  4.10983691,  2.09835712,\n         2.04410073],\n       [ 4.86259238,  0.9430606 , -0.65463852,  4.10983492,  2.0983597 ,\n         2.04410516],\n       [ 4.86259522,  0.94306375, -0.6546483 ,  4.10982655,  2.0983598 ,\n         2.0441056 ],\n       [ 4.86259048,  0.94306182, -0.65464913,  4.10983264,  2.09836319,\n         2.0441087 ]]), array([0.45851441, 0.45851441, 0.45851441, 0.45851441, 0.45851441,\n       0.45851441, 0.45851441]))", "callback": [0.9271858082818738, 0.8357346612797794, 0.7311991675108804, 0.6997225248155562, 0.6631595989961987, 0.639952448281234, 0.5363965960287995, 0.4820422158293802, 0.473522595099366, 0.4724153346036194, 0.47146040052487603, 0.4704369678891396, 0.4697029309170243, 0.46943339260211303, 0.4692909489764432, 0.469258144344992, 0.46923588843673447, 0.4691093561605826, 0.4688462737947058, 0.4686705540127548, 0.4685267516967596, 0.4682763136780371, 0.46751742484355496, 0.46589208337925214, 0.4643057162974248, 0.4625969676684726, 0.4593738477681394, 0.4589749602710632, 0.45859937221749625, 0.4585636844079386, 0.4585256125337931, 0.45851934221911783, 0.458517069468508, 0.4585150479099016, 0.45851454251746515, 0.45851445985393857, 0.458514414387469, 0.4585144062581752, 0.4585144062581752, 0.4585144059296179, 0.45851440582162484, 0.45851440581126934]}, "5": {"maxiter": 500, "fatol": 1e-05, "xatol": 1e-10, "duration": 0.1817770004272461, "fun": "0.45851440580759806", "nit": "500", "nfev": "792", "status": "2", "success": "False", "message": "Maximum number of iterations has been exceeded.", "x": "[ 4.8625912   0.94306281 -0.65464436  4.10983278  2.0983581   2.04410683]", "final_simplex": "(array([[ 4.8625912 ,  0.94306281, -0.65464436,  4.10983278,  2.0983581 ,\n         2.04410683],\n       [ 4.8625912 ,  0.94306281, -0.65464436,  4.10983278,  2.09835808,\n         2.04410681],\n       [ 4.8625912 ,  0.9430628 , -0.65464433,  4.10983282,  2.09835808,\n         2.04410681],\n       [ 4.86259119,  0.9430628 , -0.65464436,  4.10983277,  2.09835808,\n         2.04410682],\n       [ 4.86259119,  0.9430628 , -0.65464439,  4.10983277,  2.0983581 ,\n         2.04410684],\n       [ 4.86259119,  0.9430628 , -0.65464437,  4.10983278,  2.09835808,\n         2.04410683],\n       [ 4.8625912 ,  0.94306279, -0.65464436,  4.10983279,  2.09835809,\n         2.04410683]]), array([0.45851441, 0.45851441, 0.45851441, 0.45851441, 0.45851441,\n       0.45851441, 0.45851441]))", "callback": [0.9271858082818738, 0.8357346612797794, 0.7311991675108804, 0.6997225248155562, 0.6631595989961987, 0.639952448281234, 0.5363965960287995, 0.4820422158293802, 0.473522595099366, 0.4724153346036194, 0.47146040052487603, 0.4704369678891396, 0.4697029309170243, 0.46943339260211303, 0.4692909489764432, 0.469258144344992, 0.46923588843673447, 0.4691093561605826, 0.4688462737947058, 0.4686705540127548, 0.4685267516967596, 0.4682763136780371, 0.46751742484355496, 0.46589208337925214, 0.4643057162974248, 0.4625969676684726, 0.4593738477681394, 0.4589749602710632, 0.45859937221749625, 0.4585636844079386, 0.4585256125337931, 0.45851934221911783, 0.458517069468508, 0.4585150479099016, 0.45851454251746515, 0.45851445985393857, 0.458514414387469, 0.4585144062581752, 0.4585144062581752, 0.4585144059296179, 0.45851440582162484, 0.45851440581126934, 0.4585144058087157, 0.4585144058079852, 0.4585144058077816, 0.45851440580764546, 0.45851440580761305, 0.45851440580760183, 0.45851440580759895, 0.4585144058075983]}, "6": {"maxiter": 500, "fatol": 1e-10, "xatol": 1e-05, "duration": 0.16033291816711426, "fun": "0.4585144058095221", "nit": "417", "nfev": "648", "status": "0", "success": "True", "message": "Optimization terminated successfully.", "x": "[ 4.86259387  0.94306069 -0.65464643  4.10983297  2.09835857  2.0441071 ]", "final_simplex": "(array([[ 4.86259387,  0.94306069, -0.65464643,  4.10983297,  2.09835857,\n         2.0441071 ],\n       [ 4.86259212,  0.94306222, -0.65463883,  4.10984047,  2.09835766,\n         2.0441068 ],\n       [ 4.86259324,  0.94306095, -0.65464946,  4.10982828,  2.09835632,\n         2.04410266],\n       [ 4.86259686,  0.94306492, -0.65464083,  4.10983691,  2.09835712,\n         2.04410073],\n       [ 4.86259238,  0.9430606 , -0.65463852,  4.10983492,  2.0983597 ,\n         2.04410516],\n       [ 4.86259522,  0.94306375, -0.6546483 ,  4.10982655,  2.0983598 ,\n         2.0441056 ],\n       [ 4.86259048,  0.94306182, -0.65464913,  4.10983264,  2.09836319,\n         2.0441087 ]]), array([0.45851441, 0.45851441, 0.45851441, 0.45851441, 0.45851441,\n       0.45851441, 0.45851441]))", "callback": [0.9271858082818738, 0.8357346612797794, 0.7311991675108804, 0.6997225248155562, 0.6631595989961987, 0.639952448281234, 0.5363965960287995, 0.4820422158293802, 0.473522595099366, 0.4724153346036194, 0.47146040052487603, 0.4704369678891396, 0.4697029309170243, 0.46943339260211303, 0.4692909489764432, 0.469258144344992, 0.46923588843673447, 0.4691093561605826, 0.4688462737947058, 0.4686705540127548, 0.4685267516967596, 0.4682763136780371, 0.46751742484355496, 0.46589208337925214, 0.4643057162974248, 0.4625969676684726, 0.4593738477681394, 0.4589749602710632, 0.45859937221749625, 0.4585636844079386, 0.4585256125337931, 0.45851934221911783, 0.458517069468508, 0.4585150479099016, 0.45851454251746515, 0.45851445985393857, 0.458514414387469, 0.4585144062581752, 0.4585144062581752, 0.4585144059296179, 0.45851440582162484, 0.45851440581126934]}, "7": {"maxiter": 500, "fatol": 1e-10, "xatol": 1e-10, "duration": 0.18891119956970215, "fun": "0.45851440580759806", "nit": "500", "nfev": "792", "status": "2", "success": "False", "message": "Maximum number of iterations has been exceeded.", "x": "[ 4.8625912   0.94306281 -0.65464436  4.10983278  2.0983581   2.04410683]", "final_simplex": "(array([[ 4.8625912 ,  0.94306281, -0.65464436,  4.10983278,  2.0983581 ,\n         2.04410683],\n       [ 4.8625912 ,  0.94306281, -0.65464436,  4.10983278,  2.09835808,\n         2.04410681],\n       [ 4.8625912 ,  0.9430628 , -0.65464433,  4.10983282,  2.09835808,\n         2.04410681],\n       [ 4.86259119,  0.9430628 , -0.65464436,  4.10983277,  2.09835808,\n         2.04410682],\n       [ 4.86259119,  0.9430628 , -0.65464439,  4.10983277,  2.0983581 ,\n         2.04410684],\n       [ 4.86259119,  0.9430628 , -0.65464437,  4.10983278,  2.09835808,\n         2.04410683],\n       [ 4.8625912 ,  0.94306279, -0.65464436,  4.10983279,  2.09835809,\n         2.04410683]]), array([0.45851441, 0.45851441, 0.45851441, 0.45851441, 0.45851441,\n       0.45851441, 0.45851441]))", "callback": [0.9271858082818738, 0.8357346612797794, 0.7311991675108804, 0.6997225248155562, 0.6631595989961987, 0.639952448281234, 0.5363965960287995, 0.4820422158293802, 0.473522595099366, 0.4724153346036194, 0.47146040052487603, 0.4704369678891396, 0.4697029309170243, 0.46943339260211303, 0.4692909489764432, 0.469258144344992, 0.46923588843673447, 0.4691093561605826, 0.4688462737947058, 0.4686705540127548, 0.4685267516967596, 0.4682763136780371, 0.46751742484355496, 0.46589208337925214, 0.4643057162974248, 0.4625969676684726, 0.4593738477681394, 0.4589749602710632, 0.45859937221749625, 0.4585636844079386, 0.4585256125337931, 0.45851934221911783, 0.458517069468508, 0.4585150479099016, 0.45851454251746515, 0.45851445985393857, 0.458514414387469, 0.4585144062581752, 0.4585144062581752, 0.4585144059296179, 0.45851440582162484, 0.45851440581126934, 0.4585144058087157, 0.4585144058079852, 0.4585144058077816, 0.45851440580764546, 0.45851440580761305, 0.45851440580760183, 0.45851440580759895, 0.4585144058075983]}, "8": {"maxiter": 1000, "fatol": 1e-05, "xatol": 1e-05, "duration": 0.15048599243164062, "fun": "0.4585144058095221", "nit": "417", "nfev": "648", "status": "0", "success": "True", "message": "Optimization terminated successfully.", "x": "[ 4.86259387  0.94306069 -0.65464643  4.10983297  2.09835857  2.0441071 ]", "final_simplex": "(array([[ 4.86259387,  0.94306069, -0.65464643,  4.10983297,  2.09835857,\n         2.0441071 ],\n       [ 4.86259212,  0.94306222, -0.65463883,  4.10984047,  2.09835766,\n         2.0441068 ],\n       [ 4.86259324,  0.94306095, -0.65464946,  4.10982828,  2.09835632,\n         2.04410266],\n       [ 4.86259686,  0.94306492, -0.65464083,  4.10983691,  2.09835712,\n         2.04410073],\n       [ 4.86259238,  0.9430606 , -0.65463852,  4.10983492,  2.0983597 ,\n         2.04410516],\n       [ 4.86259522,  0.94306375, -0.6546483 ,  4.10982655,  2.0983598 ,\n         2.0441056 ],\n       [ 4.86259048,  0.94306182, -0.65464913,  4.10983264,  2.09836319,\n         2.0441087 ]]), array([0.45851441, 0.45851441, 0.45851441, 0.45851441, 0.45851441,\n       0.45851441, 0.45851441]))", "callback": [0.9271858082818738, 0.8357346612797794, 0.7311991675108804, 0.6997225248155562, 0.6631595989961987, 0.639952448281234, 0.5363965960287995, 0.4820422158293802, 0.473522595099366, 0.4724153346036194, 0.47146040052487603, 0.4704369678891396, 0.4697029309170243, 0.46943339260211303, 0.4692909489764432, 0.469258144344992, 0.46923588843673447, 0.4691093561605826, 0.4688462737947058, 0.4686705540127548, 0.4685267516967596, 0.4682763136780371, 0.46751742484355496, 0.46589208337925214, 0.4643057162974248, 0.4625969676684726, 0.4593738477681394, 0.4589749602710632, 0.45859937221749625, 0.4585636844079386, 0.4585256125337931, 0.45851934221911783, 0.458517069468508, 0.4585150479099016, 0.45851454251746515, 0.45851445985393857, 0.458514414387469, 0.4585144062581752, 0.4585144062581752, 0.4585144059296179, 0.45851440582162484, 0.45851440581126934]}, "9": {"maxiter": 1000, "fatol": 1e-05, "xatol": 1e-10, "duration": 0.2104020118713379, "fun": "0.45851440580759795", "nit": "529", "nfev": "887", "status": "0", "success": "True", "message": "Optimization terminated successfully.", "x": "[ 4.8625912   0.94306281 -0.65464435  4.10983278  2.0983581   2.04410683]", "final_simplex": "(array([[ 4.8625912 ,  0.94306281, -0.65464435,  4.10983278,  2.0983581 ,\n         2.04410683],\n       [ 4.8625912 ,  0.94306281, -0.65464435,  4.10983278,  2.0983581 ,\n         2.04410683],\n       [ 4.8625912 ,  0.94306281, -0.65464435,  4.10983278,  2.0983581 ,\n         2.04410683],\n       [ 4.8625912 ,  0.94306281, -0.65464435,  4.10983278,  2.0983581 ,\n         2.04410683],\n       [ 4.8625912 ,  0.94306281, -0.65464435,  4.10983278,  2.0983581 ,\n         2.04410683],\n       [ 4.8625912 ,  0.94306281, -0.65464435,  4.10983278,  2.0983581 ,\n         2.04410683],\n       [ 4.8625912 ,  0.94306281, -0.65464435,  4.10983278,  2.0983581 ,\n         2.04410683]]), array([0.45851441, 0.45851441, 0.45851441, 0.45851441, 0.45851441,\n       0.45851441, 0.45851441]))", "callback": [0.9271858082818738, 0.8357346612797794, 0.7311991675108804, 0.6997225248155562, 0.6631595989961987, 0.639952448281234, 0.5363965960287995, 0.4820422158293802, 0.473522595099366, 0.4724153346036194, 0.47146040052487603, 0.4704369678891396, 0.4697029309170243, 0.46943339260211303, 0.4692909489764432, 0.469258144344992, 0.46923588843673447, 0.4691093561605826, 0.4688462737947058, 0.4686705540127548, 0.4685267516967596, 0.4682763136780371, 0.46751742484355496, 0.46589208337925214, 0.4643057162974248, 0.4625969676684726, 0.4593738477681394, 0.4589749602710632, 0.45859937221749625, 0.4585636844079386, 0.4585256125337931, 0.45851934221911783, 0.458517069468508, 0.4585150479099016, 0.45851454251746515, 0.45851445985393857, 0.458514414387469, 0.4585144062581752, 0.4585144062581752, 0.4585144059296179, 0.45851440582162484, 0.45851440581126934, 0.4585144058087157, 0.4585144058079852, 0.4585144058077816, 0.45851440580764546, 0.45851440580761305, 0.45851440580760183, 0.45851440580759895, 0.4585144058075983, 0.45851440580759806, 0.45851440580759795, 0.45851440580759795]}, "10": {"maxiter": 1000, "fatol": 1e-10, "xatol": 1e-05, "duration": 0.14952588081359863, "fun": "0.4585144058095221", "nit": "417", "nfev": "648", "status": "0", "success": "True", "message": "Optimization terminated successfully.", "x": "[ 4.86259387  0.94306069 -0.65464643  4.10983297  2.09835857  2.0441071 ]", "final_simplex": "(array([[ 4.86259387,  0.94306069, -0.65464643,  4.10983297,  2.09835857,\n         2.0441071 ],\n       [ 4.86259212,  0.94306222, -0.65463883,  4.10984047,  2.09835766,\n         2.0441068 ],\n       [ 4.86259324,  0.94306095, -0.65464946,  4.10982828,  2.09835632,\n         2.04410266],\n       [ 4.86259686,  0.94306492, -0.65464083,  4.10983691,  2.09835712,\n         2.04410073],\n       [ 4.86259238,  0.9430606 , -0.65463852,  4.10983492,  2.0983597 ,\n         2.04410516],\n       [ 4.86259522,  0.94306375, -0.6546483 ,  4.10982655,  2.0983598 ,\n         2.0441056 ],\n       [ 4.86259048,  0.94306182, -0.65464913,  4.10983264,  2.09836319,\n         2.0441087 ]]), array([0.45851441, 0.45851441, 0.45851441, 0.45851441, 0.45851441,\n       0.45851441, 0.45851441]))", "callback": [0.9271858082818738, 0.8357346612797794, 0.7311991675108804, 0.6997225248155562, 0.6631595989961987, 0.639952448281234, 0.5363965960287995, 0.4820422158293802, 0.473522595099366, 0.4724153346036194, 0.47146040052487603, 0.4704369678891396, 0.4697029309170243, 0.46943339260211303, 0.4692909489764432, 0.469258144344992, 0.46923588843673447, 0.4691093561605826, 0.4688462737947058, 0.4686705540127548, 0.4685267516967596, 0.4682763136780371, 0.46751742484355496, 0.46589208337925214, 0.4643057162974248, 0.4625969676684726, 0.4593738477681394, 0.4589749602710632, 0.45859937221749625, 0.4585636844079386, 0.4585256125337931, 0.45851934221911783, 0.458517069468508, 0.4585150479099016, 0.45851454251746515, 0.45851445985393857, 0.458514414387469, 0.4585144062581752, 0.4585144062581752, 0.4585144059296179, 0.45851440582162484, 0.45851440581126934]}, "11": {"maxiter": 1000, "fatol": 1e-10, "xatol": 1e-10, "duration": 0.20664501190185547, "fun": "0.45851440580759795", "nit": "529", "nfev": "887", "status": "0", "success": "True", "message": "Optimization terminated successfully.", "x": "[ 4.8625912   0.94306281 -0.65464435  4.10983278  2.0983581   2.04410683]", "final_simplex": "(array([[ 4.8625912 ,  0.94306281, -0.65464435,  4.10983278,  2.0983581 ,\n         2.04410683],\n       [ 4.8625912 ,  0.94306281, -0.65464435,  4.10983278,  2.0983581 ,\n         2.04410683],\n       [ 4.8625912 ,  0.94306281, -0.65464435,  4.10983278,  2.0983581 ,\n         2.04410683],\n       [ 4.8625912 ,  0.94306281, -0.65464435,  4.10983278,  2.0983581 ,\n         2.04410683],\n       [ 4.8625912 ,  0.94306281, -0.65464435,  4.10983278,  2.0983581 ,\n         2.04410683],\n       [ 4.8625912 ,  0.94306281, -0.65464435,  4.10983278,  2.0983581 ,\n         2.04410683],\n       [ 4.8625912 ,  0.94306281, -0.65464435,  4.10983278,  2.0983581 ,\n         2.04410683]]), array([0.45851441, 0.45851441, 0.45851441, 0.45851441, 0.45851441,\n       0.45851441, 0.45851441]))", "callback": [0.9271858082818738, 0.8357346612797794, 0.7311991675108804, 0.6997225248155562, 0.6631595989961987, 0.639952448281234, 0.5363965960287995, 0.4820422158293802, 0.473522595099366, 0.4724153346036194, 0.47146040052487603, 0.4704369678891396, 0.4697029309170243, 0.46943339260211303, 0.4692909489764432, 0.469258144344992, 0.46923588843673447, 0.4691093561605826, 0.4688462737947058, 0.4686705540127548, 0.4685267516967596, 0.4682763136780371, 0.46751742484355496, 0.46589208337925214, 0.4643057162974248, 0.4625969676684726, 0.4593738477681394, 0.4589749602710632, 0.45859937221749625, 0.4585636844079386, 0.4585256125337931, 0.45851934221911783, 0.458517069468508, 0.4585150479099016, 0.45851454251746515, 0.45851445985393857, 0.458514414387469, 0.4585144062581752, 0.4585144062581752, 0.4585144059296179, 0.45851440582162484, 0.45851440581126934, 0.4585144058087157, 0.4585144058079852, 0.4585144058077816, 0.45851440580764546, 0.45851440580761305, 0.45851440580760183, 0.45851440580759895, 0.4585144058075983, 0.45851440580759806, 0.45851440580759795, 0.45851440580759795]}}, "bfgs": {"type": "gradient", "0": {"maxiter": 100, "gtol": 1e-05, "xrtol": 1e-05, "eps": 1e-05, "duration": 0.05945324897766113, "fun": "0.458514405923823", "jac": "[-2.06542561e-06  2.68429723e-07 -1.76925141e-07  1.95060634e-06\n -4.47053505e-06  1.22136745e-06]", "hess_inv": "[[ 7.51821478  0.62718551  0.61774966  0.71132812 -3.78120722 -6.29352587]\n [ 0.62718551  5.94908995  1.27314995  1.25293128  1.44204077 -1.69705495]\n [ 0.61774966  1.27314995 19.36463582 15.424586    0.11564482 -3.28155955]\n [ 0.71132812  1.25293128 15.424586   17.17377974  0.67794285 -2.85100004]\n [-3.78120722  1.44204077  0.11564482  0.67794285  7.51226157  5.46209619]\n [-6.29352587 -1.69705495 -3.28155955 -2.85100004  5.46209619 11.48886195]]", "nfev": "238", "njev": "34", "status": "0", "success": "True", "message": "Optimization terminated successfully.", "x": "[ 4.86258576  0.94304579 -0.65465231  4.10982782  2.09832319  2.04409892]", "nit": "28", "callback": [0.7239015853438667, 0.7162678033839874, 0.648825382080237, 0.6107772409060126, 0.5961277924998384, 0.5930449813980561, 0.5877068602609108, 0.5805759347169859, 0.5776769105937559, 0.5734166046622404, 0.5668302594129739, 0.5572115877640125, 0.5481301909774624, 0.5394391209168466, 0.5260497766536443, 0.5069910667555585, 0.4821413583821754, 0.4620860572756631, 0.4603706506801437, 0.4587415408346135, 0.4586393589302884, 0.458603873812498, 0.4585493673180684, 0.45851649200909206, 0.4585146502013826, 0.45851442400958864, 0.4585144109005058, 0.458514405923823]}, "1": {"maxiter": 100, "gtol": 1e-05, "xrtol": 1e-05, "eps": 1e-10, "duration": 0.05710625648498535, "fun": "0.45851440583493386", "jac": "[-3.33066880e-06 -1.11022293e-06 -2.22044587e-06 -1.11022293e-06\n -3.33066880e-06  0.00000000e+00]", "hess_inv": "[[ 7.39351718  0.49312138  0.67524331  0.74295373 -3.78563878 -6.09393559]\n [ 0.49312138  5.84769779  1.42808968  1.37267352  1.4722981  -1.49430933]\n [ 0.67524331  1.42808968 20.40615015 16.40369653 -0.0547619  -3.56217133]\n [ 0.74295373  1.37267352 16.40369653 18.09617778  0.48029297 -3.0999017 ]\n [-3.78563878  1.4722981  -0.0547619   0.48029297  7.57649961  5.46986132]\n [-6.09393559 -1.49430933 -3.56217133 -3.0999017   5.46986132 11.16838308]]", "nfev": "238", "njev": "34", "status": "0", "success": "True", "message": "Optimization terminated successfully.", "x": "[ 4.86258247  0.94305844 -0.65464559  4.10983544  2.09834641  2.04410793]", "nit": "28", "callback": [0.7239006916745332, 0.7162672885683774, 0.6488279532297234, 0.6107722261020136, 0.596128017421727, 0.5930448858620607, 0.5877062114062557, 0.5805750305061308, 0.5776765743548292, 0.5734155219966364, 0.5668288959036775, 0.5572112640074984, 0.5481312753218296, 0.5394385017469094, 0.5260473119387798, 0.5069807758521363, 0.48211549621270033, 0.46207214939865027, 0.4603739885879998, 0.4587397727102419, 0.45863989703596275, 0.45860419236858885, 0.4585492363181365, 0.458516330892469, 0.45851464399892317, 0.45851442610950277, 0.458514411657299, 0.45851440583493386]}, "2": {"maxiter": 100, "gtol": 1e-05, "xrtol": 1e-10, "eps": 1e-05, "duration": 0.05631422996520996, "fun": "0.458514405923823", "jac": "[-2.06542561e-06  2.68429723e-07 -1.76925141e-07  1.95060634e-06\n -4.47053505e-06  1.22136745e-06]", "hess_inv": "[[ 7.51821478  0.62718551  0.61774966  0.71132812 -3.78120722 -6.29352587]\n [ 0.62718551  5.94908995  1.27314995  1.25293128  1.44204077 -1.69705495]\n [ 0.61774966  1.27314995 19.36463582 15.424586    0.11564482 -3.28155955]\n [ 0.71132812  1.25293128 15.424586   17.17377974  0.67794285 -2.85100004]\n [-3.78120722  1.44204077  0.11564482  0.67794285  7.51226157  5.46209619]\n [-6.29352587 -1.69705495 -3.28155955 -2.85100004  5.46209619 11.48886195]]", "nfev": "238", "njev": "34", "status": "0", "success": "True", "message": "Optimization terminated successfully.", "x": "[ 4.86258576  0.94304579 -0.65465231  4.10982782  2.09832319  2.04409892]", "nit": "28", "callback": [0.7239015853438667, 0.7162678033839874, 0.648825382080237, 0.6107772409060126, 0.5961277924998384, 0.5930449813980561, 0.5877068602609108, 0.5805759347169859, 0.5776769105937559, 0.5734166046622404, 0.5668302594129739, 0.5572115877640125, 0.5481301909774624, 0.5394391209168466, 0.5260497766536443, 0.5069910667555585, 0.4821413583821754, 0.4620860572756631, 0.4603706506801437, 0.4587415408346135, 0.4586393589302884, 0.458603873812498, 0.4585493673180684, 0.45851649200909206, 0.4585146502013826, 0.45851442400958864, 0.4585144109005058, 0.458514405923823]}, "3": {"maxiter": 100, "gtol": 1e-05, "xrtol": 1e-10, "eps": 1e-10, "duration": 0.056912899017333984, "fun": "0.45851440583493386", "jac": "[-3.33066880e-06 -1.11022293e-06 -2.22044587e-06 -1.11022293e-06\n -3.33066880e-06  0.00000000e+00]", "hess_inv": "[[ 7.39351718  0.49312138  0.67524331  0.74295373 -3.78563878 -6.09393559]\n [ 0.49312138  5.84769779  1.42808968  1.37267352  1.4722981  -1.49430933]\n [ 0.67524331  1.42808968 20.40615015 16.40369653 -0.0547619  -3.56217133]\n [ 0.74295373  1.37267352 16.40369653 18.09617778  0.48029297 -3.0999017 ]\n [-3.78563878  1.4722981  -0.0547619   0.48029297  7.57649961  5.46986132]\n [-6.09393559 -1.49430933 -3.56217133 -3.0999017   5.46986132 11.16838308]]", "nfev": "238", "njev": "34", "status": "0", "success": "True", "message": "Optimization terminated successfully.", "x": "[ 4.86258247  0.94305844 -0.65464559  4.10983544  2.09834641  2.04410793]", "nit": "28", "callback": [0.7239006916745332, 0.7162672885683774, 0.6488279532297234, 0.6107722261020136, 0.596128017421727, 0.5930448858620607, 0.5877062114062557, 0.5805750305061308, 0.5776765743548292, 0.5734155219966364, 0.5668288959036775, 0.5572112640074984, 0.5481312753218296, 0.5394385017469094, 0.5260473119387798, 0.5069807758521363, 0.48211549621270033, 0.46207214939865027, 0.4603739885879998, 0.4587397727102419, 0.45863989703596275, 0.45860419236858885, 0.4585492363181365, 0.458516330892469, 0.45851464399892317, 0.45851442610950277, 0.458514411657299, 0.45851440583493386]}, "4": {"maxiter": 100, "gtol": 1e-10, "xrtol": 1e-05, "eps": 1e-05, "duration": 0.05797886848449707, "fun": "0.4585144058608217", "jac": "[-2.52375898e-07 -1.09645626e-07 -1.03150821e-07  2.32536213e-07\n -5.59718938e-07  2.95452551e-07]", "hess_inv": "[[ 7.38664674  0.47183887  0.49946317  0.64099923 -3.82010111 -6.08789942]\n [ 0.47183887  5.7657644   1.12375403  1.16010362  1.40219614 -1.45029805]\n [ 0.49946317  1.12375403 20.23195615 16.34070865 -0.52752618 -3.49362187]\n [ 0.64099923  1.16010362 16.34070865 18.12125698  0.04539724 -3.14033282]\n [-3.82010111  1.40219614 -0.52752618  0.04539724  7.88067988  5.77082733]\n [-6.08789942 -1.45029805 -3.49362187 -3.14033282  5.77082733 11.3293059 ]]", "nfev": "245", "njev": "35", "status": "0", "success": "True", "message": "Optimization terminated successfully.", "x": "[ 4.86259009  0.9430512  -0.65467797  4.10980041  2.09834292  2.04410421]", "nit": "29", "callback": [0.7239015853438667, 0.7162678033839874, 0.648825382080237, 0.6107772409060126, 0.5961277924998384, 0.5930449813980561, 0.5877068602609108, 0.5805759347169859, 0.5776769105937559, 0.5734166046622404, 0.5668302594129739, 0.5572115877640125, 0.5481301909774624, 0.5394391209168466, 0.5260497766536443, 0.5069910667555585, 0.4821413583821754, 0.4620860572756631, 0.4603706506801437, 0.4587415408346135, 0.4586393589302884, 0.458603873812498, 0.4585493673180684, 0.45851649200909206, 0.4585146502013826, 0.45851442400958864, 0.4585144109005058, 0.458514405923823, 0.4585144058608217]}, "5": {"maxiter": 100, "gtol": 1e-10, "xrtol": 1e-05, "eps": 1e-10, "duration": 0.0602869987487793, "fun": "0.45851440582665925", "jac": "[ 0.00000000e+00  0.00000000e+00 -1.11022293e-06  1.11022293e-06\n -2.22044587e-06  0.00000000e+00]", "hess_inv": "[[ 7.26540694  0.33992484  0.09105957  0.2062294  -3.81998131 -5.8987807 ]\n [ 0.33992484  5.66452278  0.72971764  0.73092426  1.42816696 -1.26311697]\n [ 0.09105957  0.72971764 17.74435939 13.95699683 -0.24256303 -2.69443638]\n [ 0.2062294   0.73092426 13.95699683 15.84782575  0.32496463 -2.29042687]\n [-3.81998131  1.42816696 -0.24256303  0.32496463  8.03259831  5.8528672 ]\n [-5.8987807  -1.26311697 -2.69443638 -2.29042687  5.8528672  11.10611747]]", "nfev": "252", "njev": "36", "status": "0", "success": "True", "message": "Optimization terminated successfully.", "x": "[ 4.86258622  0.9430629  -0.65462874  4.10985106  2.09835112  2.04410486]", "nit": "29", "callback": [0.7239006916745332, 0.7162672885683774, 0.6488279532297234, 0.6107722261020136, 0.596128017421727, 0.5930448858620607, 0.5877062114062557, 0.5805750305061308, 0.5776765743548292, 0.5734155219966364, 0.5668288959036775, 0.5572112640074984, 0.5481312753218296, 0.5394385017469094, 0.5260473119387798, 0.5069807758521363, 0.48211549621270033, 0.46207214939865027, 0.4603739885879998, 0.4587397727102419, 0.45863989703596275, 0.45860419236858885, 0.4585492363181365, 0.458516330892469, 0.45851464399892317, 0.45851442610950277, 0.458514411657299, 0.45851440583493386, 0.45851440582665925]}, "6": {"maxiter": 100, "gtol": 1e-10, "xrtol": 1e-10, "eps": 1e-05, "duration": 0.06285715103149414, "fun": "0.45851440585694014", "jac": "[-1.11022302e-11 -1.11022302e-11  0.00000000e+00  0.00000000e+00\n -1.11022302e-11 -2.22044605e-11]", "hess_inv": "[[ 7.55294142  0.67920013  0.43851792  0.51389204 -3.60942062 -6.24997417]\n [ 0.67920013  6.02426582  1.05605767  1.00998527  1.65963533 -1.65586768]\n [ 0.43851792  1.05605767 20.284191   16.40994082 -0.58443093 -3.42742558]\n [ 0.51389204  1.00998527 16.40994082 18.23372138 -0.09062503 -3.00656803]\n [-3.60942062  1.65963533 -0.58443093 -0.09062503  8.11117934  5.54542683]\n [-6.24997417 -1.65586768 -3.42742558 -3.00656803  5.54542683 11.47667071]]", "nfev": "266", "njev": "38", "status": "0", "success": "True", "message": "Optimization terminated successfully.", "x": "[ 4.86259183  0.94305333 -0.65467882  4.1097989   2.09834508  2.04410251]", "nit": "32", "callback": [0.7239015853438667, 0.7162678033839874, 0.648825382080237, 0.6107772409060126, 0.5961277924998384, 0.5930449813980561, 0.5877068602609108, 0.5805759347169859, 0.5776769105937559, 0.5734166046622404, 0.5668302594129739, 0.5572115877640125, 0.5481301909774624, 0.5394391209168466, 0.5260497766536443, 0.5069910667555585, 0.4821413583821754, 0.4620860572756631, 0.4603706506801437, 0.4587415408346135, 0.4586393589302884, 0.458603873812498, 0.4585493673180684, 0.45851649200909206, 0.4585146502013826, 0.45851442400958864, 0.4585144109005058, 0.458514405923823, 0.4585144058608217, 0.45851440585715086, 0.45851440585694725, 0.45851440585694014]}, "7": {"maxiter": 100, "gtol": 1e-10, "xrtol": 1e-10, "eps": 1e-10, "duration": 0.08486318588256836, "fun": "0.4585144058175825", "jac": "[0. 0. 0. 0. 0. 0.]", "hess_inv": "[[ 6.42408681  5.31691629  0.78539042 -2.97059341  1.38525536 -4.50212245]\n [ 5.31691629  5.8899334  -1.07942551 -3.79269553  1.79147265 -3.74460782]\n [ 0.78539042 -1.07942551  7.57813908  2.61922903 -2.00988913 -3.34496422]\n [-2.97059341 -3.79269553  2.61922903  5.91686771 -2.44746236  0.05637643]\n [ 1.38525536  1.79147265 -2.00988913 -2.44746236  2.04574052 -0.73140613]\n [-4.50212245 -3.74460782 -3.34496422  0.05637643 -0.73140613  7.01957479]]", "nfev": "371", "njev": "53", "status": "0", "success": "True", "message": "Optimization terminated successfully.", "x": "[ 4.86258822  0.94306863 -0.65462794  4.10984557  2.09836163  2.04410469]", "nit": "34", "callback": [0.7239006916745332, 0.7162672885683774, 0.6488279532297234, 0.6107722261020136, 0.596128017421727, 0.5930448858620607, 0.5877062114062557, 0.5805750305061308, 0.5776765743548292, 0.5734155219966364, 0.5668288959036775, 0.5572112640074984, 0.5481312753218296, 0.5394385017469094, 0.5260473119387798, 0.5069807758521363, 0.48211549621270033, 0.46207214939865027, 0.4603739885879998, 0.4587397727102419, 0.45863989703596275, 0.45860419236858885, 0.4585492363181365, 0.458516330892469, 0.45851464399892317, 0.45851442610950277, 0.458514411657299, 0.45851440583493386, 0.45851440582665925, 0.45851440582406267, 0.4585144058197357, 0.45851440581881453, 0.4585144058175825, 0.4585144058175825]}, "8": {"maxiter": 500, "gtol": 1e-05, "xrtol": 1e-05, "eps": 1e-05, "duration": 0.0541079044342041, "fun": "0.458514405923823", "jac": "[-2.06542561e-06  2.68429723e-07 -1.76925141e-07  1.95060634e-06\n -4.47053505e-06  1.22136745e-06]", "hess_inv": "[[ 7.51821478  0.62718551  0.61774966  0.71132812 -3.78120722 -6.29352587]\n [ 0.62718551  5.94908995  1.27314995  1.25293128  1.44204077 -1.69705495]\n [ 0.61774966  1.27314995 19.36463582 15.424586    0.11564482 -3.28155955]\n [ 0.71132812  1.25293128 15.424586   17.17377974  0.67794285 -2.85100004]\n [-3.78120722  1.44204077  0.11564482  0.67794285  7.51226157  5.46209619]\n [-6.29352587 -1.69705495 -3.28155955 -2.85100004  5.46209619 11.48886195]]", "nfev": "238", "njev": "34", "status": "0", "success": "True", "message": "Optimization terminated successfully.", "x": "[ 4.86258576  0.94304579 -0.65465231  4.10982782  2.09832319  2.04409892]", "nit": "28", "callback": [0.7239015853438667, 0.7162678033839874, 0.648825382080237, 0.6107772409060126, 0.5961277924998384, 0.5930449813980561, 0.5877068602609108, 0.5805759347169859, 0.5776769105937559, 0.5734166046622404, 0.5668302594129739, 0.5572115877640125, 0.5481301909774624, 0.5394391209168466, 0.5260497766536443, 0.5069910667555585, 0.4821413583821754, 0.4620860572756631, 0.4603706506801437, 0.4587415408346135, 0.4586393589302884, 0.458603873812498, 0.4585493673180684, 0.45851649200909206, 0.4585146502013826, 0.45851442400958864, 0.4585144109005058, 0.458514405923823]}, "9": {"maxiter": 500, "gtol": 1e-05, "xrtol": 1e-05, "eps": 1e-10, "duration": 0.054010868072509766, "fun": "0.45851440583493386", "jac": "[-3.33066880e-06 -1.11022293e-06 -2.22044587e-06 -1.11022293e-06\n -3.33066880e-06  0.00000000e+00]", "hess_inv": "[[ 7.39351718  0.49312138  0.67524331  0.74295373 -3.78563878 -6.09393559]\n [ 0.49312138  5.84769779  1.42808968  1.37267352  1.4722981  -1.49430933]\n [ 0.67524331  1.42808968 20.40615015 16.40369653 -0.0547619  -3.56217133]\n [ 0.74295373  1.37267352 16.40369653 18.09617778  0.48029297 -3.0999017 ]\n [-3.78563878  1.4722981  -0.0547619   0.48029297  7.57649961  5.46986132]\n [-6.09393559 -1.49430933 -3.56217133 -3.0999017   5.46986132 11.16838308]]", "nfev": "238", "njev": "34", "status": "0", "success": "True", "message": "Optimization terminated successfully.", "x": "[ 4.86258247  0.94305844 -0.65464559  4.10983544  2.09834641  2.04410793]", "nit": "28", "callback": [0.7239006916745332, 0.7162672885683774, 0.6488279532297234, 0.6107722261020136, 0.596128017421727, 0.5930448858620607, 0.5877062114062557, 0.5805750305061308, 0.5776765743548292, 0.5734155219966364, 0.5668288959036775, 0.5572112640074984, 0.5481312753218296, 0.5394385017469094, 0.5260473119387798, 0.5069807758521363, 0.48211549621270033, 0.46207214939865027, 0.4603739885879998, 0.4587397727102419, 0.45863989703596275, 0.45860419236858885, 0.4585492363181365, 0.458516330892469, 0.45851464399892317, 0.45851442610950277, 0.458514411657299, 0.45851440583493386]}, "10": {"maxiter": 500, "gtol": 1e-05, "xrtol": 1e-10, "eps": 1e-05, "duration": 0.05349993705749512, "fun": "0.458514405923823", "jac": "[-2.06542561e-06  2.68429723e-07 -1.76925141e-07  1.95060634e-06\n -4.47053505e-06  1.22136745e-06]", "hess_inv": "[[ 7.51821478  0.62718551  0.61774966  0.71132812 -3.78120722 -6.29352587]\n [ 0.62718551  5.94908995  1.27314995  1.25293128  1.44204077 -1.69705495]\n [ 0.61774966  1.27314995 19.36463582 15.424586    0.11564482 -3.28155955]\n [ 0.71132812  1.25293128 15.424586   17.17377974  0.67794285 -2.85100004]\n [-3.78120722  1.44204077  0.11564482  0.67794285  7.51226157  5.46209619]\n [-6.293525