{"date": "2024/09/12/, 02:03:09", "conf_id": 30, "data_type": "random\n", "num_data_points": 2, "s_rank": 0, "unitary": "[[-0.45070455-0.02711853j,0.78437395-0.06613086j,0.06358678+0.19963393j,-0.07343613+0.35668523j],[-0.01890143-0.03813363j,0.32408202+0.25557629j,0.05872864-0.68979805j,0.55466693-0.20227297j],[-0.11215405+0.64023111j,-0.13344055+0.29565494j,-0.49012687-0.19046288j,-0.04241254+0.44046348j],[0.55771659+0.24656916j,0.31851997-0.05798805j,0.28761525-0.34294258j,-0.56718418+0.03616933j]]", "databatch_0": {"databatch": "[[[-0.0779512+0.17058044j,-0.2648647-0.02934216j,-0.05751179+0.14710999j,0.08781596+0.27454089j],[0.10279813+0.02315208j,-0.28872821-0.11699758j,-0.30792178+0.10987042j,0.14834643+0.11756917j],[-0.14125582-0.19919366j,-0.1373623+0.06774381j,-0.04063293+0.3209736j,-0.22335527-0.25204515j],[0.11212276-0.14854455j,0.11255005-0.10596502j,-0.15061384-0.12015637j,0.33704261+0.15644393j]],[[0.13334929-0.00945854j,-0.13555577+0.08033427j,0.25266927+0.027441j,-0.02407518-0.14516955j],[0.13743407+0.03762556j,-0.00757683-0.29500802j,0.28039991-0.09903875j,-0.09738428+0.23483749j],[-0.35529068-0.16965373j,0.25147201+0.00450129j,0.43608067+0.02872624j,0.33320977-0.12735869j],[0.03147809+0.0786476j,-0.09567823-0.19694754j,0.07721524-0.08056247j,0.05792725+0.05616959j]]]", "initial param values": "[2.15850559,5.82089137,1.13209469,5.64416182,2.59790027,4.36789872]", "nelder_mead": {"type": "gradient-free", "0": {"maxiter": 100, "fatol": 1e-05, "xatol": 1e-05, "duration": 0.04337120056152344, "fun": "0.3987492283145062", "nit": "100", "nfev": "153", "status": "2", "success": "False", "message": "Maximum number of iterations has been exceeded.", "x": "[1.39016374 7.29670452 0.63426273 1.77979617 4.16852134 5.22288376]", "final_simplex": "(array([[1.39016374, 7.29670452, 0.63426273, 1.77979617, 4.16852134,\n        5.22288376],\n       [1.37148247, 7.22093534, 0.63264862, 1.75370687, 4.17206305,\n        5.2397756 ],\n       [1.36671236, 7.32056641, 0.66288709, 1.73651808, 4.10939942,\n        5.20757834],\n       [1.36771752, 7.37256023, 0.6178711 , 1.795031  , 4.1621916 ,\n        5.27512455],\n       [1.28854856, 7.33510559, 0.61342298, 1.79165885, 4.24706093,\n        5.21419051],\n       [1.34853774, 7.30277728, 0.64473985, 1.7197022 , 4.14782152,\n        5.29129834],\n       [1.37040545, 7.22156323, 0.64964059, 1.80732956, 4.1088891 ,\n        5.29643905]]), array([0.39874923, 0.39928413, 0.39948059, 0.39956178, 0.39962234,\n       0.39974304, 0.39980702]))", "callback": [0.7131488892943285, 0.6864851320986232, 0.6187847947687515, 0.5982937834941022, 0.54190135353827, 0.4774865428050543, 0.4103371288320957, 0.40527615555500895, 0.3997430379008947]}, "1": {"maxiter": 100, "fatol": 1e-05, "xatol": 1e-10, "duration": 0.04339194297790527, "fun": "0.3987492283145062", "nit": "100", "nfev": "153", "status": "2", "success": "False", "message": "Maximum number of iterations has been exceeded.", "x": "[1.39016374 7.29670452 0.63426273 1.77979617 4.16852134 5.22288376]", "final_simplex": "(array([[1.39016374, 7.29670452, 0.63426273, 1.77979617, 4.16852134,\n        5.22288376],\n       [1.37148247, 7.22093534, 0.63264862, 1.75370687, 4.17206305,\n        5.2397756 ],\n       [1.36671236, 7.32056641, 0.66288709, 1.73651808, 4.10939942,\n        5.20757834],\n       [1.36771752, 7.37256023, 0.6178711 , 1.795031  , 4.1621916 ,\n        5.27512455],\n       [1.28854856, 7.33510559, 0.61342298, 1.79165885, 4.24706093,\n        5.21419051],\n       [1.34853774, 7.30277728, 0.64473985, 1.7197022 , 4.14782152,\n        5.29129834],\n       [1.37040545, 7.22156323, 0.64964059, 1.80732956, 4.1088891 ,\n        5.29643905]]), array([0.39874923, 0.39928413, 0.39948059, 0.39956178, 0.39962234,\n       0.39974304, 0.39980702]))", "callback": [0.7131488892943285, 0.6864851320986232, 0.6187847947687515, 0.5982937834941022, 0.54190135353827, 0.4774865428050543, 0.4103371288320957, 0.40527615555500895, 0.3997430379008947]}, "2": {"maxiter": 100, "fatol": 1e-10, "xatol": 1e-05, "duration": 0.04190802574157715, "fun": "0.3987492283145062", "nit": "100", "nfev": "153", "status": "2", "success": "False", "message": "Maximum number of iterations has been exceeded.", "x": "[1.39016374 7.29670452 0.63426273 1.77979617 4.16852134 5.22288376]", "final_simplex": "(array([[1.39016374, 7.29670452, 0.63426273, 1.77979617, 4.16852134,\n        5.22288376],\n       [1.37148247, 7.22093534, 0.63264862, 1.75370687, 4.17206305,\n        5.2397756 ],\n       [1.36671236, 7.32056641, 0.66288709, 1.73651808, 4.10939942,\n        5.20757834],\n       [1.36771752, 7.37256023, 0.6178711 , 1.795031  , 4.1621916 ,\n        5.27512455],\n       [1.28854856, 7.33510559, 0.61342298, 1.79165885, 4.24706093,\n        5.21419051],\n       [1.34853774, 7.30277728, 0.64473985, 1.7197022 , 4.14782152,\n        5.29129834],\n       [1.37040545, 7.22156323, 0.64964059, 1.80732956, 4.1088891 ,\n        5.29643905]]), array([0.39874923, 0.39928413, 0.39948059, 0.39956178, 0.39962234,\n       0.39974304, 0.39980702]))", "callback": [0.7131488892943285, 0.6864851320986232, 0.6187847947687515, 0.5982937834941022, 0.54190135353827, 0.4774865428050543, 0.4103371288320957, 0.40527615555500895, 0.3997430379008947]}, "3": {"maxiter": 100, "fatol": 1e-10, "xatol": 1e-10, "duration": 0.0410308837890625, "fun": "0.3987492283145062", "nit": "100", "nfev": "153", "status": "2", "success": "False", "message": "Maximum number of iterations has been exceeded.", "x": "[1.39016374 7.29670452 0.63426273 1.77979617 4.16852134 5.22288376]", "final_simplex": "(array([[1.39016374, 7.29670452, 0.63426273, 1.77979617, 4.16852134,\n        5.22288376],\n       [1.37148247, 7.22093534, 0.63264862, 1.75370687, 4.17206305,\n        5.2397756 ],\n       [1.36671236, 7.32056641, 0.66288709, 1.73651808, 4.10939942,\n        5.20757834],\n       [1.36771752, 7.37256023, 0.6178711 , 1.795031  , 4.1621916 ,\n        5.27512455],\n       [1.28854856, 7.33510559, 0.61342298, 1.79165885, 4.24706093,\n        5.21419051],\n       [1.34853774, 7.30277728, 0.64473985, 1.7197022 , 4.14782152,\n        5.29129834],\n       [1.37040545, 7.22156323, 0.64964059, 1.80732956, 4.1088891 ,\n        5.29643905]]), array([0.39874923, 0.39928413, 0.39948059, 0.39956178, 0.39962234,\n       0.39974304, 0.39980702]))", "callback": [0.7131488892943285, 0.6864851320986232, 0.6187847947687515, 0.5982937834941022, 0.54190135353827, 0.4774865428050543, 0.4103371288320957, 0.40527615555500895, 0.3997430379008947]}, "4": {"maxiter": 500, "fatol": 1e-05, "xatol": 1e-05, "duration": 0.15060687065124512, "fun": "0.39573863006171295", "nit": "351", "nfev": "566", "status": "0", "success": "True", "message": "Optimization terminated successfully.", "x": "[1.34866927 7.34642895 0.46713001 1.72512033 4.09394345 5.10821926]", "final_simplex": "(array([[1.34866927, 7.34642895, 0.46713001, 1.72512033, 4.09394345,\n        5.10821926],\n       [1.34866643, 7.34643102, 0.46712171, 1.72512142, 4.09394124,\n        5.10821362],\n       [1.34867286, 7.34642618, 0.46713511, 1.72512893, 4.09394449,\n        5.10822402],\n       [1.3486627 , 7.3464223 , 0.46713255, 1.72512441, 4.09394183,\n        5.10821873],\n       [1.34867427, 7.3464244 , 0.46712808, 1.72512131, 4.09394058,\n        5.10821481],\n       [1.34866841, 7.34643236, 0.4671288 , 1.7251226 , 4.09394011,\n        5.1082179 ],\n       [1.3486671 , 7.34641908, 0.46712461, 1.72511936, 4.09394416,\n        5.10822067]]), array([0.39573863, 0.39573863, 0.39573863, 0.39573863, 0.39573863,\n       0.39573863, 0.39573863]))", "callback": [0.7131488892943285, 0.6864851320986232, 0.6187847947687515, 0.5982937834941022, 0.54190135353827, 0.4774865428050543, 0.4103371288320957, 0.40527615555500895, 0.3997430379008947, 0.39867586611864014, 0.39809860245076445, 0.39807841593666105, 0.3980450662942422, 0.3979485115192183, 0.3976587599107073, 0.39670733427908633, 0.3963463494795325, 0.39591141448332823, 0.3957736018553468, 0.39574797340338996, 0.395741088000494, 0.39573877503916244, 0.39573877503916244, 0.39573866668776525, 0.39573864634153266, 0.3957386350736095, 0.3957386317853514, 0.39573863104326024, 0.395738630769368, 0.39573863059134395, 0.39573863045939095, 0.3957386303268895, 0.3957386300992326, 0.39573863007799115, 0.39573863006171295]}, "5": {"maxiter": 500, "fatol": 1e-05, "xatol": 1e-10, "duration": 0.2152101993560791, "fun": "0.3957386300438417", "nit": "475", "nfev": "815", "status": "0", "success": "True", "message": "Optimization terminated successfully.", "x": "[1.34866753 7.34642623 0.46712755 1.72512404 4.093954   5.10821801]", "final_simplex": "(array([[1.34866753, 7.34642623, 0.46712755, 1.72512404, 4.093954  ,\n        5.10821801],\n       [1.34866753, 7.34642623, 0.46712755, 1.72512404, 4.093954  ,\n        5.10821801],\n       [1.34866753, 7.34642623, 0.46712755, 1.72512404, 4.093954  ,\n        5.10821801],\n       [1.34866753, 7.34642623, 0.46712755, 1.72512404, 4.093954  ,\n        5.10821801],\n       [1.34866753, 7.34642623, 0.46712755, 1.72512404, 4.093954  ,\n        5.10821801],\n       [1.34866753, 7.34642623, 0.46712755, 1.72512404, 4.093954  ,\n        5.10821801],\n       [1.34866753, 7.34642623, 0.46712755, 1.72512404, 4.093954  ,\n        5.10821801]]), array([0.39573863, 0.39573863, 0.39573863, 0.39573863, 0.39573863,\n       0.39573863, 0.39573863]))", "callback": [0.7131488892943285, 0.6864851320986232, 0.6187847947687515, 0.5982937834941022, 0.54190135353827, 0.4774865428050543, 0.4103371288320957, 0.40527615555500895, 0.3997430379008947, 0.39867586611864014, 0.39809860245076445, 0.39807841593666105, 0.3980450662942422, 0.3979485115192183, 0.3976587599107073, 0.39670733427908633, 0.3963463494795325, 0.39591141448332823, 0.3957736018553468, 0.39574797340338996, 0.395741088000494, 0.39573877503916244, 0.39573877503916244, 0.39573866668776525, 0.39573864634153266, 0.3957386350736095, 0.3957386317853514, 0.39573863104326024, 0.395738630769368, 0.39573863059134395, 0.39573863045939095, 0.3957386303268895, 0.3957386300992326, 0.39573863007799115, 0.39573863006171295, 0.3957386300533192, 0.3957386300495146, 0.3957386300469422, 0.3957386300444363, 0.39573863004405907, 0.3957386300438759, 0.39573863004384746, 0.3957386300438437, 0.39573863004384224, 0.3957386300438418, 0.3957386300438418, 0.3957386300438417]}, "6": {"maxiter": 500, "fatol": 1e-10, "xatol": 1e-05, "duration": 0.1536870002746582, "fun": "0.39573863006171295", "nit": "351", "nfev": "566", "status": "0", "success": "True", "message": "Optimization terminated successfully.", "x": "[1.34866927 7.34642895 0.46713001 1.72512033 4.09394345 5.10821926]", "final_simplex": "(array([[1.34866927, 7.34642895, 0.46713001, 1.72512033, 4.09394345,\n        5.10821926],\n       [1.34866643, 7.34643102, 0.46712171, 1.72512142, 4.09394124,\n        5.10821362],\n       [1.34867286, 7.34642618, 0.46713511, 1.72512893, 4.09394449,\n        5.10822402],\n       [1.3486627 , 7.3464223 , 0.46713255, 1.72512441, 4.09394183,\n        5.10821873],\n       [1.34867427, 7.3464244 , 0.46712808, 1.72512131, 4.09394058,\n        5.10821481],\n       [1.34866841, 7.34643236, 0.4671288 , 1.7251226 , 4.09394011,\n        5.1082179 ],\n       [1.3486671 , 7.34641908, 0.46712461, 1.72511936, 4.09394416,\n        5.10822067]]), array([0.39573863, 0.39573863, 0.39573863, 0.39573863, 0.39573863,\n       0.39573863, 0.39573863]))", "callback": [0.7131488892943285, 0.6864851320986232, 0.6187847947687515, 0.5982937834941022, 0.54190135353827, 0.4774865428050543, 0.4103371288320957, 0.40527615555500895, 0.3997430379008947, 0.39867586611864014, 0.39809860245076445, 0.39807841593666105, 0.3980450662942422, 0.3979485115192183, 0.3976587599107073, 0.39670733427908633, 0.3963463494795325, 0.39591141448332823, 0.3957736018553468, 0.39574797340338996, 0.395741088000494, 0.39573877503916244, 0.39573877503916244, 0.39573866668776525, 0.39573864634153266, 0.3957386350736095, 0.3957386317853514, 0.39573863104326024, 0.395738630769368, 0.39573863059134395, 0.39573863045939095, 0.3957386303268895, 0.3957386300992326, 0.39573863007799115, 0.39573863006171295]}, "7": {"maxiter": 500, "fatol": 1e-10, "xatol": 1e-10, "duration": 0.2217268943786621, "fun": "0.3957386300438417", "nit": "475", "nfev": "815", "status": "0", "success": "True", "message": "Optimization terminated successfully.", "x": "[1.34866753 7.34642623 0.46712755 1.72512404 4.093954   5.10821801]", "final_simplex": "(array([[1.34866753, 7.34642623, 0.46712755, 1.72512404, 4.093954  ,\n        5.10821801],\n       [1.34866753, 7.34642623, 0.46712755, 1.72512404, 4.093954  ,\n        5.10821801],\n       [1.34866753, 7.34642623, 0.46712755, 1.72512404, 4.093954  ,\n        5.10821801],\n       [1.34866753, 7.34642623, 0.46712755, 1.72512404, 4.093954  ,\n        5.10821801],\n       [1.34866753, 7.34642623, 0.46712755, 1.72512404, 4.093954  ,\n        5.10821801],\n       [1.34866753, 7.34642623, 0.46712755, 1.72512404, 4.093954  ,\n        5.10821801],\n       [1.34866753, 7.34642623, 0.46712755, 1.72512404, 4.093954  ,\n        5.10821801]]), array([0.39573863, 0.39573863, 0.39573863, 0.39573863, 0.39573863,\n       0.39573863, 0.39573863]))", "callback": [0.7131488892943285, 0.6864851320986232, 0.6187847947687515, 0.5982937834941022, 0.54190135353827, 0.4774865428050543, 0.4103371288320957, 0.40527615555500895, 0.3997430379008947, 0.39867586611864014, 0.39809860245076445, 0.39807841593666105, 0.3980450662942422, 0.3979485115192183, 0.3976587599107073, 0.39670733427908633, 0.3963463494795325, 0.39591141448332823, 0.3957736018553468, 0.39574797340338996, 0.395741088000494, 0.39573877503916244, 0.39573877503916244, 0.39573866668776525, 0.39573864634153266, 0.3957386350736095, 0.3957386317853514, 0.39573863104326024, 0.395738630769368, 0.39573863059134395, 0.39573863045939095, 0.3957386303268895, 0.3957386300992326, 0.39573863007799115, 0.39573863006171295, 0.3957386300533192, 0.3957386300495146, 0.3957386300469422, 0.3957386300444363, 0.39573863004405907, 0.3957386300438759, 0.39573863004384746, 0.3957386300438437, 0.39573863004384224, 0.3957386300438418, 0.3957386300438418, 0.3957386300438417]}, "8": {"maxiter": 1000, "fatol": 1e-05, "xatol": 1e-05, "duration": 0.1533372402191162, "fun": "0.39573863006171295", "nit": "351", "nfev": "566", "status": "0", "success": "True", "message": "Optimization terminated successfully.", "x": "[1.34866927 7.34642895 0.46713001 1.72512033 4.09394345 5.10821926]", "final_simplex": "(array([[1.34866927, 7.34642895, 0.46713001, 1.72512033, 4.09394345,\n        5.10821926],\n       [1.34866643, 7.34643102, 0.46712171, 1.72512142, 4.09394124,\n        5.10821362],\n       [1.34867286, 7.34642618, 0.46713511, 1.72512893, 4.09394449,\n        5.10822402],\n       [1.3486627 , 7.3464223 , 0.46713255, 1.72512441, 4.09394183,\n        5.10821873],\n       [1.34867427, 7.3464244 , 0.46712808, 1.72512131, 4.09394058,\n        5.10821481],\n       [1.34866841, 7.34643236, 0.4671288 , 1.7251226 , 4.09394011,\n        5.1082179 ],\n       [1.3486671 , 7.34641908, 0.46712461, 1.72511936, 4.09394416,\n        5.10822067]]), array([0.39573863, 0.39573863, 0.39573863, 0.39573863, 0.39573863,\n       0.39573863, 0.39573863]))", "callback": [0.7131488892943285, 0.6864851320986232, 0.6187847947687515, 0.5982937834941022, 0.54190135353827, 0.4774865428050543, 0.4103371288320957, 0.40527615555500895, 0.3997430379008947, 0.39867586611864014, 0.39809860245076445, 0.39807841593666105, 0.3980450662942422, 0.3979485115192183, 0.3976587599107073, 0.39670733427908633, 0.3963463494795325, 0.39591141448332823, 0.3957736018553468, 0.39574797340338996, 0.395741088000494, 0.39573877503916244, 0.39573877503916244, 0.39573866668776525, 0.39573864634153266, 0.3957386350736095, 0.3957386317853514, 0.39573863104326024, 0.395738630769368, 0.39573863059134395, 0.39573863045939095, 0.3957386303268895, 0.3957386300992326, 0.39573863007799115, 0.39573863006171295]}, "9": {"maxiter": 1000, "fatol": 1e-05, "xatol": 1e-10, "duration": 0.223618745803833, "fun": "0.3957386300438417", "nit": "475", "nfev": "815", "status": "0", "success": "True", "message": "Optimization terminated successfully.", "x": "[1.34866753 7.34642623 0.46712755 1.72512404 4.093954   5.10821801]", "final_simplex": "(array([[1.34866753, 7.34642623, 0.46712755, 1.72512404, 4.093954  ,\n        5.10821801],\n       [1.34866753, 7.34642623, 0.46712755, 1.72512404, 4.093954  ,\n        5.10821801],\n       [1.34866753, 7.34642623, 0.46712755, 1.72512404, 4.093954  ,\n        5.10821801],\n       [1.34866753, 7.34642623, 0.46712755, 1.72512404, 4.093954  ,\n        5.10821801],\n       [1.34866753, 7.34642623, 0.46712755, 1.72512404, 4.093954  ,\n        5.10821801],\n       [1.34866753, 7.34642623, 0.46712755, 1.72512404, 4.093954  ,\n        5.10821801],\n       [1.34866753, 7.34642623, 0.46712755, 1.72512404, 4.093954  ,\n        5.10821801]]), array([0.39573863, 0.39573863, 0.39573863, 0.39573863, 0.39573863,\n       0.39573863, 0.39573863]))", "callback": [0.7131488892943285, 0.6864851320986232, 0.6187847947687515, 0.5982937834941022, 0.54190135353827, 0.4774865428050543, 0.4103371288320957, 0.40527615555500895, 0.3997430379008947, 0.39867586611864014, 0.39809860245076445, 0.39807841593666105, 0.3980450662942422, 0.3979485115192183, 0.3976587599107073, 0.39670733427908633, 0.3963463494795325, 0.39591141448332823, 0.3957736018553468, 0.39574797340338996, 0.395741088000494, 0.39573877503916244, 0.39573877503916244, 0.39573866668776525, 0.39573864634153266, 0.3957386350736095, 0.3957386317853514, 0.39573863104326024, 0.395738630769368, 0.39573863059134395, 0.39573863045939095, 0.3957386303268895, 0.3957386300992326, 0.39573863007799115, 0.39573863006171295, 0.3957386300533192, 0.3957386300495146, 0.3957386300469422, 0.3957386300444363, 0.39573863004405907, 0.3957386300438759, 0.39573863004384746, 0.3957386300438437, 0.39573863004384224, 0.3957386300438418, 0.3957386300438418, 0.3957386300438417]}, "10": {"maxiter": 1000, "fatol": 1e-10, "xatol": 1e-05, "duration": 0.15799999237060547, "fun": "0.39573863006171295", "nit": "351", "nfev": "566", "status": "0", "success": "True", "message": "Optimization terminated successfully.", "x": "[1.34866927 7.34642895 0.46713001 1.72512033 4.09394345 5.10821926]", "final_simplex": "(array([[1.34866927, 7.34642895, 0.46713001, 1.72512033, 4.09394345,\n        5.10821926],\n       [1.34866643, 7.34643102, 0.46712171, 1.72512142, 4.09394124,\n        5.10821362],\n       [1.34867286, 7.34642618, 0.46713511, 1.72512893, 4.09394449,\n        5.10822402],\n       [1.3486627 , 7.3464223 , 0.46713255, 1.72512441, 4.09394183,\n        5.10821873],\n       [1.34867427, 7.3464244 , 0.46712808, 1.72512131, 4.09394058,\n        5.10821481],\n       [1.34866841, 7.34643236, 0.4671288 , 1.7251226 , 4.09394011,\n        5.1082179 ],\n       [1.3486671 , 7.34641908, 0.46712461, 1.72511936, 4.09394416,\n        5.10822067]]), array([0.39573863, 0.39573863, 0.39573863, 0.39573863, 0.39573863,\n       0.39573863, 0.39573863]))", "callback": [0.7131488892943285, 0.6864851320986232, 0.6187847947687515, 0.5982937834941022, 0.54190135353827, 0.4774865428050543, 0.4103371288320957, 0.40527615555500895, 0.3997430379008947, 0.39867586611864014, 0.39809860245076445, 0.39807841593666105, 0.3980450662942422, 0.3979485115192183, 0.3976587599107073, 0.39670733427908633, 0.3963463494795325, 0.39591141448332823, 0.3957736018553468, 0.39574797340338996, 0.395741088000494, 0.39573877503916244, 0.39573877503916244, 0.39573866668776525, 0.39573864634153266, 0.3957386350736095, 0.3957386317853514, 0.39573863104326024, 0.395738630769368, 0.39573863059134395, 0.39573863045939095, 0.3957386303268895, 0.3957386300992326, 0.39573863007799115, 0.39573863006171295]}, "11": {"maxiter": 1000, "fatol": 1e-10, "xatol": 1e-10, "duration": 0.22037386894226074, "fun": "0.3957386300438417", "nit": "475", "nfev": "815", "status": "0", "success": "True", "message": "Optimization terminated successfully.", "x": "[1.34866753 7.34642623 0.46712755 1.72512404 4.093954   5.10821801]", "final_simplex": "(array([[1.34866753, 7.34642623, 0.46712755, 1.72512404, 4.093954  ,\n        5.10821801],\n       [1.34866753, 7.34642623, 0.46712755, 1.72512404, 4.093954  ,\n        5.10821801],\n       [1.34866753, 7.34642623, 0.46712755, 1.72512404, 4.093954  ,\n        5.10821801],\n       [1.34866753, 7.34642623, 0.46712755, 1.72512404, 4.093954  ,\n        5.10821801],\n       [1.34866753, 7.34642623, 0.46712755, 1.72512404, 4.093954  ,\n        5.10821801],\n       [1.34866753, 7.34642623, 0.46712755, 1.72512404, 4.093954  ,\n        5.10821801],\n       [1.34866753, 7.34642623, 0.46712755, 1.72512404, 4.093954  ,\n        5.10821801]]), array([0.39573863, 0.39573863, 0.39573863, 0.39573863, 0.39573863,\n       0.39573863, 0.39573863]))", "callback": [0.7131488892943285, 0.6864851320986232, 0.6187847947687515, 0.5982937834941022, 0.54190135353827, 0.4774865428050543, 0.4103371288320957, 0.40527615555500895, 0.3997430379008947, 0.39867586611864014, 0.39809860245076445, 0.39807841593666105, 0.3980450662942422, 0.3979485115192183, 0.3976587599107073, 0.39670733427908633, 0.3963463494795325, 0.39591141448332823, 0.3957736018553468, 0.39574797340338996, 0.395741088000494, 0.39573877503916244, 0.39573877503916244, 0.39573866668776525, 0.39573864634153266, 0.3957386350736095, 0.3957386317853514, 0.39573863104326024, 0.395738630769368, 0.39573863059134395, 0.39573863045939095, 0.3957386303268895, 0.3957386300992326, 0.39573863007799115, 0.39573863006171295, 0.3957386300533192, 0.3957386300495146, 0.3957386300469422, 0.3957386300444363, 0.39573863004405907, 0.3957386300438759, 0.39573863004384746, 0.3957386300438437, 0.39573863004384224, 0.3957386300438418, 0.3957386300438418, 0.3957386300438417]}}, "bfgs": {"type": "gradient", "0": {"maxiter": 100, "gtol": 1e-05, "xrtol": 1e-05, "eps": 1e-05, "duration": 0.06774783134460449, "fun": "0.39573863005673293", "jac": "[ 2.11397566e-07  8.19178059e-07  6.22457641e-07 -5.70810066e-07\n  7.14495130e-07  3.11806136e-07]", "hess_inv": "[[ 3.60351662  0.1656613  -0.73581594  0.29013009 -0.55380832 -1.07126065]\n [ 0.1656613   4.50381442 -1.81435663  0.72005373 -0.53527955 -1.79856487]\n [-0.73581594 -1.81435663  7.19455693 -2.83653582  1.03238342  4.33977658]\n [ 0.29013009  0.72005373 -2.83653582  4.54682626 -0.12313239 -1.7318282 ]\n [-0.55380832 -0.53527955  1.03238342 -0.12313239  5.17654818  1.74479379]\n [-1.07126065 -1.79856487  4.33977658 -1.7318282   1.74479379  6.38583094]]", "nfev": "238", "njev": "34", "status": "0", "success": "True", "message": "Optimization terminated successfully.", "x": "[1.34866447 7.34642579 0.46712446 4.55805542 0.95235825 1.96661985]", "nit": "25", "callback": [0.5310670242493399, 0.39583455027936454]}, "1": {"maxiter": 100, "gtol": 1e-05, "xrtol": 1e-05, "eps": 1e-10, "duration": 0.06445598602294922, "fun": "0.3957386303586333", "jac": "[ 6.66133760e-06 -1.11022293e-06 -9.99200639e-06  0.00000000e+00\n -1.11022293e-06  4.44089173e-06]", "hess_inv": "[[ 3.53595186  0.21239246 -0.60473768  0.28011811 -0.48722563 -1.04265948]\n [ 0.21239246  4.55686169 -2.05451832  0.86147591 -0.55527362 -1.89781319]\n [-0.60473768 -2.05451832  7.41007376 -3.15899952  0.93949147  4.54200135]\n [ 0.28011811  0.86147591 -3.15899952  4.78934816 -0.12365199 -1.91133213]\n [-0.48722563 -0.55527362  0.93949147 -0.12365199  5.14319182  1.73877662]\n [-1.04265948 -1.89781319  4.54200135 -1.91133213  1.73877662  6.520458  ]]", "nfev": "231", "njev": "33", "status": "0", "success": "True", "message": "Optimization terminated successfully.", "x": "[1.34869503 7.34642925 0.46707847 4.55807909 0.95235598 1.96661284]", "nit": "24", "callback": [0.5310678001117038, 0.3958346324841846]}, "2": {"maxiter": 100, "gtol": 1e-05, "xrtol": 1e-10, "eps": 1e-05, "duration": 0.06606006622314453, "fun": "0.39573863005673293", "jac": "[ 2.11397566e-07  8.19178059e-07  6.22457641e-07 -5.70810066e-07\n  7.14495130e-07  3.11806136e-07]", "hess_inv": "[[ 3.60351662  0.1656613  -0.73581594  0.29013009 -0.55380832 -1.07126065]\n [ 0.1656613   4.50381442 -1.81435663  0.72005373 -0.53527955 -1.79856487]\n [-0.73581594 -1.81435663  7.19455693 -2.83653582  1.03238342  4.33977658]\n [ 0.29013009  0.72005373 -2.83653582  4.54682626 -0.12313239 -1.7318282 ]\n [-0.55380832 -0.53527955  1.03238342 -0.12313239  5.17654818  1.74479379]\n [-1.07126065 -1.79856487  4.33977658 -1.7318282   1.74479379  6.38583094]]", "nfev": "238", "njev": "34", "status": "0", "success": "True", "message": "Optimization terminated successfully.", "x": "[1.34866447 7.34642579 0.46712446 4.55805542 0.95235825 1.96661985]", "nit": "25", "callback": [0.5310670242493399, 0.39583455027936454]}, "3": {"maxiter": 100, "gtol": 1e-05, "xrtol": 1e-10, "eps": 1e-10, "duration": 0.06395268440246582, "fun": "0.3957386303586333", "jac": "[ 6.66133760e-06 -1.11022293e-06 -9.99200639e-06  0.00000000e+00\n -1.11022293e-06  4.44089173e-06]", "hess_inv": "[[ 3.53595186  0.21239246 -0.60473768  0.28011811 -0.48722563 -1.04265948]\n [ 0.21239246  4.55686169 -2.05451832  0.86147591 -0.55527362 -1.89781319]\n [-0.60473768 -2.05451832  7.41007376 -3.15899952  0.93949147  4.54200135]\n [ 0.28011811  0.86147591 -3.15899952  4.78934816 -0.12365199 -1.91133213]\n [-0.48722563 -0.55527362  0.93949147 -0.12365199  5.14319182  1.73877662]\n [-1.04265948 -1.89781319  4.54200135 -1.91133213  1.73877662  6.520458  ]]", "nfev": "231", "njev": "33", "status": "0", "success": "True", "message": "Optimization terminated successfully.", "x": "[1.34869503 7.34642925 0.46707847 4.55807909 0.95235598 1.96661284]", "nit": "24", "callback": [0.5310678001117038, 0.3958346324841846]}, "4": {"maxiter": 100, "gtol": 1e-10, "xrtol": 1e-05, "eps": 1e-05, "duration": 0.06604790687561035, "fun": "0.39573863005673293", "jac": "[ 2.11397566e-07  8.19178059e-07  6.22457641e-07 -5.70810066e-07\n  7.14495130e-07  3.11806136e-07]", "hess_inv": "[[ 3.60351662  0.1656613  -0.73581594  0.29013009 -0.55380832 -1.07126065]\n [ 0.1656613   4.50381442 -1.81435663  0.72005373 -0.53527955 -1.79856487]\n [-0.73581594 -1.81435663  7.19455693 -2.83653582  1.03238342  4.33977658]\n [ 0.29013009  0.72005373 -2.83653582  4.54682626 -0.12313239 -1.7318282 ]\n [-0.55380832 -0.53527955  1.03238342 -0.12313239  5.17654818  1.74479379]\n [-1.07126065 -1.79856487  4.33977658 -1.7318282   1.74479379  6.38583094]]", "nfev": "238", "njev": "34", "status": "0", "success": "True", "message": "Optimization terminated successfully.", "x": "[1.34866447 7.34642579 0.46712446 4.55805542 0.95235825 1.96661985]", "nit": "25", "callback": [0.5310670242493399, 0.39583455027936454]}, "5": {"maxiter": 100, "gtol": 1e-10, "xrtol": 1e-05, "eps": 1e-10, "duration": 0.06557607650756836, "fun": "0.3957386300546253", "jac": "[ 0.00000000e+00  0.00000000e+00  0.00000000e+00 -2.22044587e-06\n  1.11022293e-06  1.11022293e-06]", "hess_inv": "[[ 3.63633578  0.14832172 -0.69434363  0.24189972 -0.55793697 -1.04778306]\n [ 0.14832172  4.47544734 -1.8318244   0.72210549 -0.54797835 -1.78823297]\n [-0.69434363 -1.8318244   7.26610773 -2.90328611  1.05380989  4.40272022]\n [ 0.24189972  0.72210549 -2.90328611  4.58462838 -0.14739191 -1.76703817]\n [-0.55793697 -0.54797835  1.05380989 -0.14739191  5.18129649  1.77527341]\n [-1.04778306 -1.78823297  4.40272022 -1.76703817  1.77527341  6.4283148 ]]", "nfev": "238", "njev": "34", "status": "0", "success": "True", "message": "Optimization terminated successfully.", "x": "[1.34866807 7.34642226 0.46713528 4.55805696 0.95236749 1.96663525]", "nit": "25", "callback": [0.5310678001117038, 0.3958346324841846]}, "6": {"maxiter": 100, "gtol": 1e-10, "xrtol": 1e-10, "eps": 1e-05, "duration": 0.13671088218688965, "fun": "0.39573863005673293", "jac": "[ 2.11397566e-07  8.19178059e-07  6.22457641e-07 -5.70810066e-07\n  7.14495130e-07  3.11806136e-07]", "hess_inv": "[[ 3.61426404  0.19482627 -0.6980493   0.24561993 -0.49055932 -1.00586936]\n [ 0.19482627  4.52284924 -1.90953562  0.75029413 -0.53545917 -1.81521791]\n [-0.6980493  -1.90953562  6.67726161 -2.496306    0.68963486  3.93126721]\n [ 0.24561993  0.75029413 -2.496306    4.35170604  0.04661758 -1.51495402]\n [-0.49055932 -0.53545917  0.68963486  0.04661758  5.05765003  1.57479818]\n [-1.00586936 -1.81521791  3.93126721 -1.51495402  1.57479818  6.15690154]]", "nfev": "509", "njev": "71", "status": "2", "success": "False", "message": "Desired error not necessarily achieved due to precision loss.", "x": "[1.34866447 7.34642579 0.46712446 4.55805542 0.95235825 1.96661985]", "nit": "25", "callback": [0.5310670242493399, 0.39583455027936454]}, "7": {"maxiter": 100, "gtol": 1e-10, "xrtol": 1e-10, "eps": 1e-10, "duration": 0.0904998779296875, "fun": "0.39573863004806564", "jac": "[3.33066880e-06 2.22044587e-06 2.22044587e-06 3.33066880e-06\n 0.00000000e+00 1.11022293e-06]", "hess_inv": "[[12.74978815 -0.73208545 -4.42230951 -7.66408383 -8.90291158 -8.93530621]\n [-0.73208545  4.45459624 -1.54205487  1.15686086 -0.11444974 -1.37585272]\n [-4.42230951 -1.54205487  5.43843959  0.74298686  1.39359876  3.79975422]\n [-7.66408383  1.15686086  0.74298686 10.35191822  6.68717664  4.90713664]\n [-8.90291158 -0.11444974  1.39359876  6.68717664  9.98484197  5.65583851]\n [-8.93530621 -1.37585272  3.79975422  4.90713664  5.65583851  9.23019915]]", "nfev": "336", "njev": "48", "status": "0", "success": "True", "message": "Optimization terminated successfully.", "x": "[1.34867164 7.34642559 0.46712717 4.55806475 0.95235994 1.96662417]", "nit": "28", "callback": [0.5310678001117038, 0.3958346324841846]}, "8": {"maxiter": 500, "gtol": 1e-05, "xrtol": 1e-05, "eps": 1e-05, "duration": 0.06447386741638184, "fun": "0.39573863005673293", "jac": "[ 2.11397566e-07  8.19178059e-07  6.22457641e-07 -5.70810066e-07\n  7.14495130e-07  3.11806136e-07]", "hess_inv": "[[ 3.60351662  0.1656613  -0.73581594  0.29013009 -0.55380832 -1.07126065]\n [ 0.1656613   4.50381442 -1.81435663  0.72005373 -0.53527955 -1.79856487]\n [-0.73581594 -1.81435663  7.19455693 -2.83653582  1.03238342  4.33977658]\n [ 0.29013009  0.72005373 -2.83653582  4.54682626 -0.12313239 -1.7318282 ]\n [-0.55380832 -0.53527955  1.03238342 -0.12313239  5.17654818  1.74479379]\n [-1.07126065 -1.79856487  4.33977658 -1.7318282   1.74479379  6.38583094]]", "nfev": "238", "njev": "34", "status": "0", "success": "True", "message": "Optimization terminated successfully.", "x": "[1.34866447 7.34642579 0.46712446 4.55805542 0.95235825 1.96661985]", "nit": "25", "callback": [0.5310670242493399, 0.39583455027936454]}, "9": {"maxiter": 500, "gtol": 1e-05, "xrtol": 1e-05, "eps": 1e-10, "duration": 0.06268191337585449, "fun": "0.3957386303586333", "jac": "[ 6.66133760e-06 -1.11022293e-06 -9.99200639e-06  0.00000000e+00\n -1.11022293e-06  4.44089173e-06]", "hess_inv": "[[ 3.53595186  0.21239246 -0.60473768  0.28011811 -0.48722563 -1.04265948]\n [ 0.21239246  4.55686169 -2.05451832  0.86147591 -0.55527362 -1.89781319]\n [-0.60473768 -2.05451832  7.41007376 -3.15899952  0.93949147  4.54200135]\n [ 0.28011811  0.86147591 -3.15899952  4.78934816 -0.12365199 -1.91133213]\n [-0.48722563 -0.55527362  0.93949147 -0.12365199  5.14319182  1.73877662]\n [-1.04265948 -1.89781319  4.54200135 -1.91133213  1.73877662  6.520458  ]]", "nfev": "231", "njev": "33", "status": "0", "success": "True", "message": "Optimization terminated successfully.", "x": "[1.34869503 7.34642925 0.46707847 4.55807909 0.95235598 1.96661284]", "nit": "24", "callback": [0.5310678001117038, 0.3958346324841846]}, "10": {"maxiter": 500, "gtol": 1e-05, "xrtol": 1e-10, "eps": 1e-05, "duration": 0.06441378593444824, "fun": "0.39573863005673293", "jac": "[ 2.11397566e-07  8.19178059e-07  6.22457641e-07 -5.70810066e-07\n  7.14495130e-07  3.11806136e-07]", "hess_inv": "[[ 3.60351662  0.1656613  -0.73581594  0.29013009 -0.55380832 -1.07126065]\n [ 0.1656613   4.50381442 -1.81435663  0.72005373 -0.53527955 -1.79856487]\n [-0.73581594 -1.81435663  7.19455693 -2.83653582  1.03238342  4.33977658]\n [ 0.29013009  0.72005373 -2.83653582  4.54682626 -0.12313239 -1.7318282 ]\n [-0.55380832 -0.53527955  1.03238342 -0.12313239  5.17654818  1.74479379]\n [-1.07126065 -1.79856487  4.33977658 -1.7318282   1.74479379  6.38583094]]", "nfev": "238", "njev": "34", "status": "0", "success": "True", "message": "Optimization terminated successfully.", "x": "[1.34866447 7.34642579 0.46712446 4.55805542 0.95235825 1.96661985]", "nit": "25", "callback": [0.5310670242493399, 0.39583455027936454]}, "11": {"maxiter": 500, "gtol": 1e-05, "xrtol": 1e-10, "eps": 1e-10, "duration": 0.06256890296936035, "fun": "0.3957386303586333", "jac": "[ 6.66133760e-06 -1.11022293e-06 -9.99200639e-06  0.00000000e+00\n -1.11022293e-06  4.44089173e-06]", "hess_inv": "[[ 3.53595186  0.21239246 -0.60473768  0.28011811 -0.48722563 -1.04265948]\n [ 0.21239246  4.55686169 -2.05451832  0.86147591 -0.55527362 -1.89781319]\n [-0.60473768 -2.05451832  7.41007376 -3.15899952  0.93949147  4.54200135]\n [ 0.28011811  0.86147591 -3.15899952  4.78934816 -0.12365199 -1.91133213]\n [-0.48722563 -0.55527362  0.93949147 -0.12365199  5.14319182  1.73877662]\n [-1.04265948 -1.89781319  4.54200135 -1.91133213  1.73877662  6.520458  ]]", "nfev": "231", "njev": "33", "status": "0", "success": "True", "message": "Optimization terminated successfully.", "x": "[1.34869503 7.34642925 0.46707847 4.55807909 0.95235598 1.96661284]", "nit": "24", "callback": [0.5310678001117038, 0.3958346324841846]}, "12": {"maxiter": 500, "gtol": 1e-10, "xrtol": 1e-05, "eps": 1e-05, "duration": 0.06436705589294434, "fun": "0.39573863005673293", "jac": "[ 2.11397566e-07  8.19178059e-07  6.22457641e-07 -5.70810066e-07\n  7.14495130e-07  3.11806136e-07]", "hess_inv": "[[ 3.60351662  0.1656613  -0.73581594  0.29013009 -0.55380832 -1.07126065]\n [ 0.1656613   4.50381442 -1.81435663  0.72005373 -0.53527955 -1.79856487]\n [-0.73581594 -1.81435663  7.19455693 -2.83653582  1.03238342  4.33977658]\n [ 0.29013009  0.72005373 -2.83653582  4.54682626 -0.12313239 -1.7318282 ]\n [-0.55380832 -0.53527955  1.03238342 -0.12313239  5.17654818  1.74479379]\n [-1.07126065 -1.79856487  4.33977658 -1.7318282   1.74479379  6.38583094]]", "nfev": "238", "njev": "34", "status": "0", "success": "True", "message": "Optimization terminated successfully.", "x": "[1.34866447 7.34642579 0.46712446 4.55805542 0.95235825 1.96661985]", "nit": "25", "callback": [0.5310670242493399, 0.39583455027936454]}, "13": {"maxiter": 500, "gtol": 1e-10, "xrtol": 1e-05, "eps": 1e-10, "duration": 0.06430888175964355, "fun": "0.3957386300546253", "jac": "[ 0.00000000e+00  0.00000000e+00  0.00000000e+00 -2.22044587e-06\n  1.11022293e-06  1.11022293e-06]", "hess_inv": "[[ 3.63633578  0.14832172 -0.69434363  0.24189972 -0.55793697 -1.04778306]\n [ 0.14832172  4.47544734 -1.8318244   0.72210549 -0.54797835 -1.78823297]\n [-0.69434363 -1.8318244   7.26610773 -2.90328611  1.05380989  4.40272022]\n [ 0.24189972  0.72210549 -2.90328611  4.58462838 -0.14739191 -1.76703817]\n [-0.55793697 -0.54797835  1.05380989 -0.14739191  5.18129649  1.77527341]\n [-1.04778306 -1.78823297  4.40272022 -1.76703817  1.77527341  6.4283148 ]]", "nfev": "238", "njev": "34", "status": "0", "success": "True", "message": "Optimization terminated successfully.", "x": "[1.34866807 7.34642226 0.46713528 4.55805696 0.95236749 1.96663525]", "nit": "25", "callback": [0.5310678001117038, 0.3958346324841846]}, "14": {"maxiter": 500, "gtol": 1e-10, "xrtol": 1e-10, "eps": 1e-05, "duration": 0.136549711227417, "fun": "0.39573863005673293", "jac": "[ 2.11397566e-07  8.19178059e-07  6.22457641e-07 -5.70810066e-07\n  7.14495130e-07  3.11806136e-07]", "hess_inv": "[[ 3.61426404  0.19482627 -0.6980493   0.24561993 -0.49055932 -1.00586936]\n [ 0.19482627  4.52284924 -1.90953562  0.75029413 -0.53545917 -1.81521791]\n [-0.6980493  -1.90953562  6.67726161 -2.496306    0.68963486  3.93126721]\n [ 0.24561993  0.75029413 -2.496306    4.35170604  0.04661758 -1.51495402]\n [-0.49055932 -0.53545917  0.68963486  0.04661758  5.05765003  1.57479818]\n [-1.00586936 -1.81521791  3.93126721 -1.51495402  1.57479818  6.15690154]]", "nfev": "509", "njev": "71", "status": "2", "success": "False", "message": "Desired error not necessarily achieved due to precision loss.", "x": "[1.34866447 7.34642579 0.46712446 4.55805542 0.95235825 1.96661985]", "nit": "25", "callback": [0.5310670242493399, 0.39583455027936454]}, "15": {"maxiter": 500, "gtol": 1e-10, "xrtol": 1e-10, "eps": 1e-10, "duration": 0.0902252197265625, "fun": "0.39573863004806564", "jac": "[3.33066880e-06 2.22044587e-06 2.22044587e-06 3.33066880e-06\n 0.00000000e+00 1.11022293e-06]", "hess_inv": "[[12.74978815 -0.73208545 -4.42230951 -7.66408383 -8.90291158 -8.93530621]\n [-0.73208545  4.45459624 -1.54205487  1.15686086 -0.11444974 -1.37585272]\n [-4.42230951 -1.54205487  5.43843959  0.74298686  1.39359876  3.79975422]\n [-7.66408383  1.15686086  0.74298686 10.35191822  6.68717664  4.90713664]\n [-8.90291158 -0.11444974  1.39359876  6.68717664  9.98484197  5.65583851]\n [-8.93530621 -1.37585272  3.79975422  4.90713664  5.65583851  9.23019915]]", "nfev": "336", "njev": "48", "status": "0", "success": "True", "message": "Optimization terminated successfully.", "x": "[1.34867164 7.34642559 0.46712717 4.55806475 0.95235994 1.96662417]", "nit": "28", "callback": [0.5310678001117038, 0.3958346324841846]}, "16": {"maxiter": 1000, "gtol": 1e-05, "xrtol": 1e-05, "eps": 1e-05, "duration": 0.06409287452697754, "fun": "0.39573863005673293", "jac": "[ 2.11397566e-07  8.19178059e-07  6.22457641e-07 -5.70810066e-07\n  7.14495130e-07  3.11806136e-07]", "hess_inv": "[[ 3.60351662  0.1656613  -0.73581594  0.29013009 -0.55380832 -1.07126065]\n [ 0.1656613   4.50381442 -1.81435663  0.72005373 -0.53527955 -1.79856487]\n [-0.73581594 -1.81435663  7.19455693 -2.83653582  1.03238342  4.33977658]\n [ 0.29013009  0.72005373 -2.83653582  4.54682626 -0.12313239 -1.7318282 ]\n [-0.55380832 -0.53527955  1.03238342 -0.12313239  5.17654818  1.74479379]\n [-1.07126065 -1.79856487  4.33977658 -1.7318282   1.74479379  6.38583094]]", "nfev": "238", "njev": "34", "status": "0", "success": "True", "message": "Optimization terminated successfully.", "x": "[1.34866447 7.34642579 0.46712446 4.55805542 0.95235825 1.96661985]", "nit": "25", "callback": [0.5310670242493399, 0.39583455027936454]}, "17": {"maxiter": 1000, "gtol": 1e-05, "xrtol": 1e-05, "eps": 1e-10, "duration": 0.06222414970397949, "fun": "0.3957386303586333", "jac": "[ 6.66133760e-06 -1.11022293e-06 -9.99200639e-06  0.00000000e+00\n -1.11022293e-06  4.44089173e-06]", "hess_inv": "[[ 3.53595186  0.21239246 -0.60473768  0.28011811 -0.48722563 -1.04265948]\n [ 0.21239246  4.55686169 -2.05451832  0.86147591 -0.55527362 -1.89781319]\n [-0.60473768 -2.05451832  7.41007376 -3.15899952  0.93949147  4.54200135]\n [ 0.28011811  0.86147591 -3.15899952  4.78934816 -0.12365199 -1.91133213]\n [-0.48722563 -0.55527362  0.93949147 -0.12365199  5.14319182  1.73877662]\n [-1.04265948 -1.89781319  4.54200135 -1.91133213  1.73877662  6.520458  ]]", "nfev": "231", "njev": "33", "status": "0", "success": "True", "message": "Optimization terminated successfully.", "x": "[1.34869503 7.34642925 0.46707847 4.55807909 0.95235598 1.96661284]", "nit": "24", "callback": [0.5310678001117038, 0.3958346324841846]}, "18": {"maxiter": 1000, "gtol": 1e-05, "xrtol": 1e-10, "eps": 1e-05, "duration": 0.06422185897827148, "fun": "0.39573863005673293", "jac": "[ 2.11397566e-07  8.19178059e-07  6.22457641e-07 -5.70810066e-07\n  7.14495130e-07  3.11806136e-07]", "hess_inv": "[[ 3.60351662  0.1656613  -0.73581594  0.29013009 -0.55380832 -1.07126065]\n [ 0.1656613   4.50381442 -1.81435663  0.72005373 -0.53527955 -1.79856487]\n [-0.73581594 -1.81435663  7.19455693 -2.83653582  1.03238342  4.33977658]\n [ 0.29013009  0.72005373 -2.83653582  4.54682626 -0.12313239 -1.7318282 ]\n [-0.55380832 -0.53527955  1.03238342 -0.12313