{"date": "2024/09/24/, 04:02:34", "conf_id": 248, "data_type": "var_s_rank\n", "num_data_points": 1, "s_rank": 0, "unitary": "[[-0.53618537-0.34368723j,-0.12107031-0.46226139j,-0.07699282-0.46603512j,0.36022595-0.11472301j],[0.26026499-0.63450712j,-0.56616638+0.37832564j,-0.14988651+0.08458591j,0.10363514-0.16008501j],[-0.32580188-0.11070003j,-0.36476308-0.23593218j,0.02559343+0.41761608j,-0.25598305+0.6725303j],[0.07406738-0.0126433j,0.28513701+0.19483972j,-0.74939717-0.10299659j,0.29798249+0.46269921j]]", "databatch_0": {"databatch": "[[[-0.15629682+0.20420477j,-0.11861679+0.11147623j,-0.19143771-0.2121463j,0.05266193+0.08051684j],[0.09457882+0.24212315j,-0.00291474+0.04490061j,-0.23412315+0.21867426j,-0.13319111-0.10900205j],[-0.04063276+0.09143523j,0.01456+0.04777372j,-0.16131599-0.05679854j,0.08846897-0.05737675j],[0.4195694+0.03691279j,0.21780712+0.00182194j,-0.06983072+0.54258256j,-0.090539-0.17155206j]]]", "initial param values": "[6.22749548,5.41272374,3.7823565,2.38160297,6.21361884,1.73768717]", "nelder_mead": {"type": "gradient-free", "0": {"maxiter": 100, "fatol": 1e-05, "xatol": 1e-05, "duration": 0.03562808036804199, "fun": "0.18433502957147796", "nit": "100", "nfev": "152", "status": "2", "success": "False", "message": "Maximum number of iterations has been exceeded.", "x": "[8.81290577 2.88985606 4.63815894 2.43730714 4.73531128 2.36632769]", "final_simplex": "(array([[8.81290577, 2.88985606, 4.63815894, 2.43730714, 4.73531128,\n        2.36632769],\n       [8.61769018, 2.99018029, 4.54223097, 2.5712588 , 4.85112154,\n        2.28443313],\n       [8.58053428, 3.24869563, 4.51387523, 2.47463877, 4.72286158,\n        2.28035946],\n       [8.52123672, 3.23480454, 4.62116837, 2.47283502, 4.76474694,\n        2.23998232],\n       [8.43832413, 3.16279667, 4.65226705, 2.37680008, 4.73278168,\n        2.26280491],\n       [8.60694682, 3.1762374 , 4.71613615, 2.27892937, 4.71819975,\n        2.27527328],\n       [8.50845885, 3.17531551, 4.72072989, 2.40082038, 4.74036223,\n        2.23411249]]), array([0.18433503, 0.18703992, 0.19185736, 0.19719576, 0.19823687,\n       0.19892894, 0.20078352]))", "callback": [0.40002341019270293, 0.3320334685428261, 0.3118874924526147, 0.3007330321331201, 0.2952107748040902, 0.2678111623734065, 0.23312094713321363, 0.22956670738876506, 0.20690718771604055]}, "1": {"maxiter": 100, "fatol": 1e-05, "xatol": 1e-10, "duration": 0.03526902198791504, "fun": "0.18433502957147796", "nit": "100", "nfev": "152", "status": "2", "success": "False", "message": "Maximum number of iterations has been exceeded.", "x": "[8.81290577 2.88985606 4.63815894 2.43730714 4.73531128 2.36632769]", "final_simplex": "(array([[8.81290577, 2.88985606, 4.63815894, 2.43730714, 4.73531128,\n        2.36632769],\n       [8.61769018, 2.99018029, 4.54223097, 2.5712588 , 4.85112154,\n        2.28443313],\n       [8.58053428, 3.24869563, 4.51387523, 2.47463877, 4.72286158,\n        2.28035946],\n       [8.52123672, 3.23480454, 4.62116837, 2.47283502, 4.76474694,\n        2.23998232],\n       [8.43832413, 3.16279667, 4.65226705, 2.37680008, 4.73278168,\n        2.26280491],\n       [8.60694682, 3.1762374 , 4.71613615, 2.27892937, 4.71819975,\n        2.27527328],\n       [8.50845885, 3.17531551, 4.72072989, 2.40082038, 4.74036223,\n        2.23411249]]), array([0.18433503, 0.18703992, 0.19185736, 0.19719576, 0.19823687,\n       0.19892894, 0.20078352]))", "callback": [0.40002341019270293, 0.3320334685428261, 0.3118874924526147, 0.3007330321331201, 0.2952107748040902, 0.2678111623734065, 0.23312094713321363, 0.22956670738876506, 0.20690718771604055]}, "2": {"maxiter": 100, "fatol": 1e-10, "xatol": 1e-05, "duration": 0.033521175384521484, "fun": "0.18433502957147796", "nit": "100", "nfev": "152", "status": "2", "success": "False", "message": "Maximum number of iterations has been exceeded.", "x": "[8.81290577 2.88985606 4.63815894 2.43730714 4.73531128 2.36632769]", "final_simplex": "(array([[8.81290577, 2.88985606, 4.63815894, 2.43730714, 4.73531128,\n        2.36632769],\n       [8.61769018, 2.99018029, 4.54223097, 2.5712588 , 4.85112154,\n        2.28443313],\n       [8.58053428, 3.24869563, 4.51387523, 2.47463877, 4.72286158,\n        2.28035946],\n       [8.52123672, 3.23480454, 4.62116837, 2.47283502, 4.76474694,\n        2.23998232],\n       [8.43832413, 3.16279667, 4.65226705, 2.37680008, 4.73278168,\n        2.26280491],\n       [8.60694682, 3.1762374 , 4.71613615, 2.27892937, 4.71819975,\n        2.27527328],\n       [8.50845885, 3.17531551, 4.72072989, 2.40082038, 4.74036223,\n        2.23411249]]), array([0.18433503, 0.18703992, 0.19185736, 0.19719576, 0.19823687,\n       0.19892894, 0.20078352]))", "callback": [0.40002341019270293, 0.3320334685428261, 0.3118874924526147, 0.3007330321331201, 0.2952107748040902, 0.2678111623734065, 0.23312094713321363, 0.22956670738876506, 0.20690718771604055]}, "3": {"maxiter": 100, "fatol": 1e-10, "xatol": 1e-10, "duration": 0.03402590751647949, "fun": "0.18433502957147796", "nit": "100", "nfev": "152", "status": "2", "success": "False", "message": "Maximum number of iterations has been exceeded.", "x": "[8.81290577 2.88985606 4.63815894 2.43730714 4.73531128 2.36632769]", "final_simplex": "(array([[8.81290577, 2.88985606, 4.63815894, 2.43730714, 4.73531128,\n        2.36632769],\n       [8.61769018, 2.99018029, 4.54223097, 2.5712588 , 4.85112154,\n        2.28443313],\n       [8.58053428, 3.24869563, 4.51387523, 2.47463877, 4.72286158,\n        2.28035946],\n       [8.52123672, 3.23480454, 4.62116837, 2.47283502, 4.76474694,\n        2.23998232],\n       [8.43832413, 3.16279667, 4.65226705, 2.37680008, 4.73278168,\n        2.26280491],\n       [8.60694682, 3.1762374 , 4.71613615, 2.27892937, 4.71819975,\n        2.27527328],\n       [8.50845885, 3.17531551, 4.72072989, 2.40082038, 4.74036223,\n        2.23411249]]), array([0.18433503, 0.18703992, 0.19185736, 0.19719576, 0.19823687,\n       0.19892894, 0.20078352]))", "callback": [0.40002341019270293, 0.3320334685428261, 0.3118874924526147, 0.3007330321331201, 0.2952107748040902, 0.2678111623734065, 0.23312094713321363, 0.22956670738876506, 0.20690718771604055]}, "4": {"maxiter": 500, "fatol": 1e-05, "xatol": 1e-05, "duration": 0.16573166847229004, "fun": "0.05550161557627331", "nit": "500", "nfev": "759", "status": "2", "success": "False", "message": "Maximum number of iterations has been exceeded.", "x": "[7.89737894 4.25088014 4.23443091 1.15570781 4.57247145 4.39133383]", "final_simplex": "(array([[7.89737894, 4.25088014, 4.23443091, 1.15570781, 4.57247145,\n        4.39133383],\n       [7.89707462, 4.2513115 , 4.23415328, 1.15575132, 4.57182947,\n        4.39269853],\n       [7.89777927, 4.2510058 , 4.23475781, 1.15557466, 4.57196464,\n        4.39181136],\n       [7.89722779, 4.25183044, 4.23431976, 1.15507857, 4.5714001 ,\n        4.39304116],\n       [7.89769421, 4.25145457, 4.23374652, 1.15608206, 4.57150876,\n        4.39264777],\n       [7.89787875, 4.25023925, 4.23458871, 1.15650256, 4.57386744,\n        4.39048934],\n       [7.89743039, 4.25038607, 4.2344063 , 1.15582713, 4.57176952,\n        4.3931194 ]]), array([0.05550162, 0.05550162, 0.05550164, 0.05550165, 0.05550166,\n       0.05550172, 0.05550173]))", "callback": [0.40002341019270293, 0.3320334685428261, 0.3118874924526147, 0.3007330321331201, 0.2952107748040902, 0.2678111623734065, 0.23312094713321363, 0.22956670738876506, 0.20690718771604055, 0.17928489142482062, 0.16981017646824315, 0.1626826883384922, 0.15935318340198124, 0.15792981119867, 0.15721748477080477, 0.15643898398930567, 0.15643898398930567, 0.15620082848760553, 0.15548021931463374, 0.1524758251694176, 0.14323368205163345, 0.13062395829123108, 0.12248257024476239, 0.11566178987341091, 0.11271222142842918, 0.10397588968978155, 0.09216395389256093, 0.08438764740700566, 0.07394259029900951, 0.06990596386927472, 0.06839832914412713, 0.06751353785538683, 0.06612066696590735, 0.06501931009424, 0.06501931009424, 0.06391872745191063, 0.061550478789531016, 0.058387990922015076, 0.05776654513642454, 0.057026530273412424, 0.05647406742753314, 0.055853121515245796, 0.05569618144340305, 0.05555150412387233, 0.055522264889261375, 0.055510791621040334, 0.055504039872886546, 0.05550186155200809, 0.05550172819530408]}, "5": {"maxiter": 500, "fatol": 1e-05, "xatol": 1e-10, "duration": 0.16733789443969727, "fun": "0.05550161557627331", "nit": "500", "nfev": "759", "status": "2", "success": "False", "message": "Maximum number of iterations has been exceeded.", "x": "[7.89737894 4.25088014 4.23443091 1.15570781 4.57247145 4.39133383]", "final_simplex": "(array([[7.89737894, 4.25088014, 4.23443091, 1.15570781, 4.57247145,\n        4.39133383],\n       [7.89707462, 4.2513115 , 4.23415328, 1.15575132, 4.57182947,\n        4.39269853],\n       [7.89777927, 4.2510058 , 4.23475781, 1.15557466, 4.57196464,\n        4.39181136],\n       [7.89722779, 4.25183044, 4.23431976, 1.15507857, 4.5714001 ,\n        4.39304116],\n       [7.89769421, 4.25145457, 4.23374652, 1.15608206, 4.57150876,\n        4.39264777],\n       [7.89787875, 4.25023925, 4.23458871, 1.15650256, 4.57386744,\n        4.39048934],\n       [7.89743039, 4.25038607, 4.2344063 , 1.15582713, 4.57176952,\n        4.3931194 ]]), array([0.05550162, 0.05550162, 0.05550164, 0.05550165, 0.05550166,\n       0.05550172, 0.05550173]))", "callback": [0.40002341019270293, 0.3320334685428261, 0.3118874924526147, 0.3007330321331201, 0.2952107748040902, 0.2678111623734065, 0.23312094713321363, 0.22956670738876506, 0.20690718771604055, 0.17928489142482062, 0.16981017646824315, 0.1626826883384922, 0.15935318340198124, 0.15792981119867, 0.15721748477080477, 0.15643898398930567, 0.15643898398930567, 0.15620082848760553, 0.15548021931463374, 0.1524758251694176, 0.14323368205163345, 0.13062395829123108, 0.12248257024476239, 0.11566178987341091, 0.11271222142842918, 0.10397588968978155, 0.09216395389256093, 0.08438764740700566, 0.07394259029900951, 0.06990596386927472, 0.06839832914412713, 0.06751353785538683, 0.06612066696590735, 0.06501931009424, 0.06501931009424, 0.06391872745191063, 0.061550478789531016, 0.058387990922015076, 0.05776654513642454, 0.057026530273412424, 0.05647406742753314, 0.055853121515245796, 0.05569618144340305, 0.05555150412387233, 0.055522264889261375, 0.055510791621040334, 0.055504039872886546, 0.05550186155200809, 0.05550172819530408]}, "6": {"maxiter": 500, "fatol": 1e-10, "xatol": 1e-05, "duration": 0.16629981994628906, "fun": "0.05550161557627331", "nit": "500", "nfev": "759", "status": "2", "success": "False", "message": "Maximum number of iterations has been exceeded.", "x": "[7.89737894 4.25088014 4.23443091 1.15570781 4.57247145 4.39133383]", "final_simplex": "(array([[7.89737894, 4.25088014, 4.23443091, 1.15570781, 4.57247145,\n        4.39133383],\n       [7.89707462, 4.2513115 , 4.23415328, 1.15575132, 4.57182947,\n        4.39269853],\n       [7.89777927, 4.2510058 , 4.23475781, 1.15557466, 4.57196464,\n        4.39181136],\n       [7.89722779, 4.25183044, 4.23431976, 1.15507857, 4.5714001 ,\n        4.39304116],\n       [7.89769421, 4.25145457, 4.23374652, 1.15608206, 4.57150876,\n        4.39264777],\n       [7.89787875, 4.25023925, 4.23458871, 1.15650256, 4.57386744,\n        4.39048934],\n       [7.89743039, 4.25038607, 4.2344063 , 1.15582713, 4.57176952,\n        4.3931194 ]]), array([0.05550162, 0.05550162, 0.05550164, 0.05550165, 0.05550166,\n       0.05550172, 0.05550173]))", "callback": [0.40002341019270293, 0.3320334685428261, 0.3118874924526147, 0.3007330321331201, 0.2952107748040902, 0.2678111623734065, 0.23312094713321363, 0.22956670738876506, 0.20690718771604055, 0.17928489142482062, 0.16981017646824315, 0.1626826883384922, 0.15935318340198124, 0.15792981119867, 0.15721748477080477, 0.15643898398930567, 0.15643898398930567, 0.15620082848760553, 0.15548021931463374, 0.1524758251694176, 0.14323368205163345, 0.13062395829123108, 0.12248257024476239, 0.11566178987341091, 0.11271222142842918, 0.10397588968978155, 0.09216395389256093, 0.08438764740700566, 0.07394259029900951, 0.06990596386927472, 0.06839832914412713, 0.06751353785538683, 0.06612066696590735, 0.06501931009424, 0.06501931009424, 0.06391872745191063, 0.061550478789531016, 0.058387990922015076, 0.05776654513642454, 0.057026530273412424, 0.05647406742753314, 0.055853121515245796, 0.05569618144340305, 0.05555150412387233, 0.055522264889261375, 0.055510791621040334, 0.055504039872886546, 0.05550186155200809, 0.05550172819530408]}, "7": {"maxiter": 500, "fatol": 1e-10, "xatol": 1e-10, "duration": 0.2187788486480713, "fun": "0.05550161557627331", "nit": "500", "nfev": "759", "status": "2", "success": "False", "message": "Maximum number of iterations has been exceeded.", "x": "[7.89737894 4.25088014 4.23443091 1.15570781 4.57247145 4.39133383]", "final_simplex": "(array([[7.89737894, 4.25088014, 4.23443091, 1.15570781, 4.57247145,\n        4.39133383],\n       [7.89707462, 4.2513115 , 4.23415328, 1.15575132, 4.57182947,\n        4.39269853],\n       [7.89777927, 4.2510058 , 4.23475781, 1.15557466, 4.57196464,\n        4.39181136],\n       [7.89722779, 4.25183044, 4.23431976, 1.15507857, 4.5714001 ,\n        4.39304116],\n       [7.89769421, 4.25145457, 4.23374652, 1.15608206, 4.57150876,\n        4.39264777],\n       [7.89787875, 4.25023925, 4.23458871, 1.15650256, 4.57386744,\n        4.39048934],\n       [7.89743039, 4.25038607, 4.2344063 , 1.15582713, 4.57176952,\n        4.3931194 ]]), array([0.05550162, 0.05550162, 0.05550164, 0.05550165, 0.05550166,\n       0.05550172, 0.05550173]))", "callback": [0.40002341019270293, 0.3320334685428261, 0.3118874924526147, 0.3007330321331201, 0.2952107748040902, 0.2678111623734065, 0.23312094713321363, 0.22956670738876506, 0.20690718771604055, 0.17928489142482062, 0.16981017646824315, 0.1626826883384922, 0.15935318340198124, 0.15792981119867, 0.15721748477080477, 0.15643898398930567, 0.15643898398930567, 0.15620082848760553, 0.15548021931463374, 0.1524758251694176, 0.14323368205163345, 0.13062395829123108, 0.12248257024476239, 0.11566178987341091, 0.11271222142842918, 0.10397588968978155, 0.09216395389256093, 0.08438764740700566, 0.07394259029900951, 0.06990596386927472, 0.06839832914412713, 0.06751353785538683, 0.06612066696590735, 0.06501931009424, 0.06501931009424, 0.06391872745191063, 0.061550478789531016, 0.058387990922015076, 0.05776654513642454, 0.057026530273412424, 0.05647406742753314, 0.055853121515245796, 0.05569618144340305, 0.05555150412387233, 0.055522264889261375, 0.055510791621040334, 0.055504039872886546, 0.05550186155200809, 0.05550172819530408]}, "8": {"maxiter": 1000, "fatol": 1e-05, "xatol": 1e-05, "duration": 0.20833206176757812, "fun": "0.05550155295605563", "nit": "595", "nfev": "913", "status": "0", "success": "True", "message": "Optimization terminated successfully.", "x": "[7.89764454 4.25088109 4.23424056 1.15573302 4.57217447 4.3921948 ]", "final_simplex": "(array([[7.89764454, 4.25088109, 4.23424056, 1.15573302, 4.57217447,\n        4.3921948 ],\n       [7.89764608, 4.25087979, 4.23424103, 1.15573668, 4.57217431,\n        4.39218871],\n       [7.89764211, 4.25087741, 4.2342372 , 1.15573747, 4.57217403,\n        4.39219838],\n       [7.89764454, 4.25087483, 4.23424131, 1.15573404, 4.57217377,\n        4.39219583],\n       [7.89765074, 4.25087534, 4.23423929, 1.15573857, 4.57216826,\n        4.39220074],\n       [7.89764592, 4.25088422, 4.23423934, 1.15573296, 4.57216571,\n        4.39220384],\n       [7.89764376, 4.25088256, 4.23423468, 1.15572984, 4.57216819,\n        4.39220193]]), array([0.05550155, 0.05550155, 0.05550155, 0.05550155, 0.05550155,\n       0.05550155, 0.05550155]))", "callback": [0.40002341019270293, 0.3320334685428261, 0.3118874924526147, 0.3007330321331201, 0.2952107748040902, 0.2678111623734065, 0.23312094713321363, 0.22956670738876506, 0.20690718771604055, 0.17928489142482062, 0.16981017646824315, 0.1626826883384922, 0.15935318340198124, 0.15792981119867, 0.15721748477080477, 0.15643898398930567, 0.15643898398930567, 0.15620082848760553, 0.15548021931463374, 0.1524758251694176, 0.14323368205163345, 0.13062395829123108, 0.12248257024476239, 0.11566178987341091, 0.11271222142842918, 0.10397588968978155, 0.09216395389256093, 0.08438764740700566, 0.07394259029900951, 0.06990596386927472, 0.06839832914412713, 0.06751353785538683, 0.06612066696590735, 0.06501931009424, 0.06501931009424, 0.06391872745191063, 0.061550478789531016, 0.058387990922015076, 0.05776654513642454, 0.057026530273412424, 0.05647406742753314, 0.055853121515245796, 0.05569618144340305, 0.05555150412387233, 0.055522264889261375, 0.055510791621040334, 0.055504039872886546, 0.05550186155200809, 0.05550172819530408, 0.05550159217832573, 0.05550156436720943, 0.055501558645369764, 0.05550155667701806, 0.05550155514011135, 0.055501554095281014, 0.05550155341459739, 0.055501552980959934, 0.05550155297702308, 0.05550155295852566]}, "9": {"maxiter": 1000, "fatol": 1e-05, "xatol": 1e-10, "duration": 0.2936837673187256, "fun": "0.0555015529415086", "nit": "766", "nfev": "1220", "status": "0", "success": "True", "message": "Optimization terminated successfully.", "x": "[7.89765162 4.25087291 4.23423768 1.15574094 4.57218457 4.39218777]", "final_simplex": "(array([[7.89765162, 4.25087291, 4.23423768, 1.15574094, 4.57218457,\n        4.39218777],\n       [7.89765162, 4.25087291, 4.23423768, 1.15574094, 4.57218457,\n        4.39218777],\n       [7.89765162, 4.25087291, 4.23423768, 1.15574094, 4.57218457,\n        4.39218777],\n       [7.89765162, 4.25087291, 4.23423768, 1.15574094, 4.57218457,\n        4.39218777],\n       [7.89765162, 4.25087291, 4.23423768, 1.15574094, 4.57218457,\n        4.39218777],\n       [7.89765162, 4.25087291, 4.23423768, 1.15574094, 4.57218457,\n        4.39218777],\n       [7.89765162, 4.25087291, 4.23423768, 1.15574094, 4.57218457,\n        4.39218777]]), array([0.05550155, 0.05550155, 0.05550155, 0.05550155, 0.05550155,\n       0.05550155, 0.05550155]))", "callback": [0.40002341019270293, 0.3320334685428261, 0.3118874924526147, 0.3007330321331201, 0.2952107748040902, 0.2678111623734065, 0.23312094713321363, 0.22956670738876506, 0.20690718771604055, 0.17928489142482062, 0.16981017646824315, 0.1626826883384922, 0.15935318340198124, 0.15792981119867, 0.15721748477080477, 0.15643898398930567, 0.15643898398930567, 0.15620082848760553, 0.15548021931463374, 0.1524758251694176, 0.14323368205163345, 0.13062395829123108, 0.12248257024476239, 0.11566178987341091, 0.11271222142842918, 0.10397588968978155, 0.09216395389256093, 0.08438764740700566, 0.07394259029900951, 0.06990596386927472, 0.06839832914412713, 0.06751353785538683, 0.06612066696590735, 0.06501931009424, 0.06501931009424, 0.06391872745191063, 0.061550478789531016, 0.058387990922015076, 0.05776654513642454, 0.057026530273412424, 0.05647406742753314, 0.055853121515245796, 0.05569618144340305, 0.05555150412387233, 0.055522264889261375, 0.055510791621040334, 0.055504039872886546, 0.05550186155200809, 0.05550172819530408, 0.05550159217832573, 0.05550156436720943, 0.055501558645369764, 0.05550155667701806, 0.05550155514011135, 0.055501554095281014, 0.05550155341459739, 0.055501552980959934, 0.05550155297702308, 0.05550155295852566, 0.0555015529515448, 0.05550155294698522, 0.05550155294377879, 0.055501552942848864, 0.05550155294211723, 0.05550155294168535, 0.05550155294159864, 0.05550155294152603, 0.05550155294151904, 0.05550155294151338, 0.05550155294151049, 0.055501552941509935, 0.05550155294150938, 0.0555015529415086, 0.0555015529415086, 0.0555015529415086, 0.0555015529415086]}, "10": {"maxiter": 1000, "fatol": 1e-10, "xatol": 1e-05, "duration": 0.20762276649475098, "fun": "0.05550155295605563", "nit": "595", "nfev": "913", "status": "0", "success": "True", "message": "Optimization terminated successfully.", "x": "[7.89764454 4.25088109 4.23424056 1.15573302 4.57217447 4.3921948 ]", "final_simplex": "(array([[7.89764454, 4.25088109, 4.23424056, 1.15573302, 4.57217447,\n        4.3921948 ],\n       [7.89764608, 4.25087979, 4.23424103, 1.15573668, 4.57217431,\n        4.39218871],\n       [7.89764211, 4.25087741, 4.2342372 , 1.15573747, 4.57217403,\n        4.39219838],\n       [7.89764454, 4.25087483, 4.23424131, 1.15573404, 4.57217377,\n        4.39219583],\n       [7.89765074, 4.25087534, 4.23423929, 1.15573857, 4.57216826,\n        4.39220074],\n       [7.89764592, 4.25088422, 4.23423934, 1.15573296, 4.57216571,\n        4.39220384],\n       [7.89764376, 4.25088256, 4.23423468, 1.15572984, 4.57216819,\n        4.39220193]]), array([0.05550155, 0.05550155, 0.05550155, 0.05550155, 0.05550155,\n       0.05550155, 0.05550155]))", "callback": [0.40002341019270293, 0.3320334685428261, 0.3118874924526147, 0.3007330321331201, 0.2952107748040902, 0.2678111623734065, 0.23312094713321363, 0.22956670738876506, 0.20690718771604055, 0.17928489142482062, 0.16981017646824315, 0.1626826883384922, 0.15935318340198124, 0.15792981119867, 0.15721748477080477, 0.15643898398930567, 0.15643898398930567, 0.15620082848760553, 0.15548021931463374, 0.1524758251694176, 0.14323368205163345, 0.13062395829123108, 0.12248257024476239, 0.11566178987341091, 0.11271222142842918, 0.10397588968978155, 0.09216395389256093, 0.08438764740700566, 0.07394259029900951, 0.06990596386927472, 0.06839832914412713, 0.06751353785538683, 0.06612066696590735, 0.06501931009424, 0.06501931009424, 0.06391872745191063, 0.061550478789531016, 0.058387990922015076, 0.05776654513642454, 0.057026530273412424, 0.05647406742753314, 0.055853121515245796, 0.05569618144340305, 0.05555150412387233, 0.055522264889261375, 0.055510791621040334, 0.055504039872886546, 0.05550186155200809, 0.05550172819530408, 0.05550159217832573, 0.05550156436720943, 0.055501558645369764, 0.05550155667701806, 0.05550155514011135, 0.055501554095281014, 0.05550155341459739, 0.055501552980959934, 0.05550155297702308, 0.05550155295852566]}, "11": {"maxiter": 1000, "fatol": 1e-10, "xatol": 1e-10, "duration": 0.2744128704071045, "fun": "0.0555015529415086", "nit": "766", "nfev": "1220", "status": "0", "success": "True", "message": "Optimization terminated successfully.", "x": "[7.89765162 4.25087291 4.23423768 1.15574094 4.57218457 4.39218777]", "final_simplex": "(array([[7.89765162, 4.25087291, 4.23423768, 1.15574094, 4.57218457,\n        4.39218777],\n       [7.89765162, 4.25087291, 4.23423768, 1.15574094, 4.57218457,\n        4.39218777],\n       [7.89765162, 4.25087291, 4.23423768, 1.15574094, 4.57218457,\n        4.39218777],\n       [7.89765162, 4.25087291, 4.23423768, 1.15574094, 4.57218457,\n        4.39218777],\n       [7.89765162, 4.25087291, 4.23423768, 1.15574094, 4.57218457,\n        4.39218777],\n       [7.89765162, 4.25087291, 4.23423768, 1.15574094, 4.57218457,\n        4.39218777],\n       [7.89765162, 4.25087291, 4.23423768, 1.15574094, 4.57218457,\n        4.39218777]]), array([0.05550155, 0.05550155, 0.05550155, 0.05550155, 0.05550155,\n       0.05550155, 0.05550155]))", "callback": [0.40002341019270293, 0.3320334685428261, 0.3118874924526147, 0.3007330321331201, 0.2952107748040902, 0.2678111623734065, 0.23312094713321363, 0.22956670738876506, 0.20690718771604055, 0.17928489142482062, 0.16981017646824315, 0.1626826883384922, 0.15935318340198124, 0.15792981119867, 0.15721748477080477, 0.15643898398930567, 0.15643898398930567, 0.15620082848760553, 0.15548021931463374, 0.1524758251694176, 0.14323368205163345, 0.13062395829123108, 0.12248257024476239, 0.11566178987341091, 0.11271222142842918, 0.10397588968978155, 0.09216395389256093, 0.08438764740700566, 0.07394259029900951, 0.06990596386927472, 0.06839832914412713, 0.06751353785538683, 0.06612066696590735, 0.06501931009424, 0.06501931009424, 0.06391872745191063, 0.061550478789531016, 0.058387990922015076, 0.05776654513642454, 0.057026530273412424, 0.05647406742753314, 0.055853121515245796, 0.05569618144340305, 0.05555150412387233, 0.055522264889261375, 0.055510791621040334, 0.055504039872886546, 0.05550186155200809, 0.05550172819530408, 0.05550159217832573, 0.05550156436720943, 0.055501558645369764, 0.05550155667701806, 0.05550155514011135, 0.055501554095281014, 0.05550155341459739, 0.055501552980959934, 0.05550155297702308, 0.05550155295852566, 0.0555015529515448, 0.05550155294698522, 0.05550155294377879, 0.055501552942848864, 0.05550155294211723, 0.05550155294168535, 0.05550155294159864, 0.05550155294152603, 0.05550155294151904, 0.05550155294151338, 0.05550155294151049, 0.055501552941509935, 0.05550155294150938, 0.0555015529415086, 0.0555015529415086, 0.0555015529415086, 0.0555015529415086]}}, "bfgs": {"type": "gradient", "0": {"maxiter": 100, "gtol": 1e-05, "xrtol": 1e-05, "eps": 1e-05, "duration": 0.04072093963623047, "fun": "0.05550155313627847", "jac": "[ 9.97056882e-06  2.61222155e-06  2.47847298e-06 -6.77580214e-07\n -1.68459691e-06  1.81891169e-06]", "hess_inv": "[[  3.76852206  -3.45962083   1.00215375   2.16261247   3.14894503\n   -3.51031719]\n [ -3.45962083  11.44015649  -2.79498842  -2.17583662  -8.24620299\n    8.70177508]\n [  1.00215375  -2.79498842   3.71534881   0.99518389   2.21796538\n   -3.96638226]\n [  2.16261247  -2.17583662   0.99518389   3.55376673   2.71002698\n   -3.3212935 ]\n [  3.14894503  -8.24620299   2.21796538   2.71002698  12.18296378\n  -12.12309354]\n [ -3.51031719   8.70177508  -3.96638226  -3.3212935  -12.12309354\n   16.34700409]]", "nfev": "175", "njev": "25", "status": "0", "success": "True", "message": "Optimization terminated successfully.", "x": "[7.8976585  4.25091569 4.23422843 1.15573115 4.57212422 4.3922495 ]", "nit": "21", "callback": [0.05565426078157176, 0.055501558067868384]}, "1": {"maxiter": 100, "gtol": 1e-05, "xrtol": 1e-05, "eps": 1e-10, "duration": 0.0400540828704834, "fun": "0.05550155321192518", "jac": "[8.88178346e-06 1.11022293e-06 2.22044587e-06 5.55111466e-06\n 3.33066880e-06 3.33066880e-06]", "hess_inv": "[[  3.75874674  -3.42292498   0.98682332   2.14806796   3.10686818\n   -3.47788784]\n [ -3.42292498  11.37545658  -2.80402967  -2.15590873  -8.11872814\n    8.62249534]\n [  0.98682332  -2.80402967   3.71060415   1.00190047   2.2460942\n   -3.99851217]\n [  2.14806796  -2.15590873   1.00190047   3.58359451   2.74182912\n   -3.38227573]\n [  3.10686818  -8.11872814   2.2460942    2.74182912  12.03629058\n  -12.07549844]\n [ -3.47788784   8.62249534  -3.99851217  -3.38227573 -12.07549844\n   16.37412732]]", "nfev": "175", "njev": "25", "status": "0", "success": "True", "message": "Optimization terminated successfully.", "x": "[7.89768817 4.25087649 4.23424645 1.15576924 4.57217602 4.39219971]", "nit": "21", "callback": [0.055654080567997366, 0.0555015597334132]}, "2": {"maxiter": 100, "gtol": 1e-05, "xrtol": 1e-10, "eps": 1e-05, "duration": 0.04088711738586426, "fun": "0.05550155313627847", "jac": "[ 9.97056882e-06  2.61222155e-06  2.47847298e-06 -6.77580214e-07\n -1.68459691e-06  1.81891169e-06]", "hess_inv": "[[  3.76852206  -3.45962083   1.00215375   2.16261247   3.14894503\n   -3.51031719]\n [ -3.45962083  11.44015649  -2.79498842  -2.17583662  -8.24620299\n    8.70177508]\n [  1.00215375  -2.79498842   3.71534881   0.99518389   2.21796538\n   -3.96638226]\n [  2.16261247  -2.17583662   0.99518389   3.55376673   2.71002698\n   -3.3212935 ]\n [  3.14894503  -8.24620299   2.21796538   2.71002698  12.18296378\n  -12.12309354]\n [ -3.51031719   8.70177508  -3.96638226  -3.3212935  -12.12309354\n   16.34700409]]", "nfev": "175", "njev": "25", "status": "0", "success": "True", "message": "Optimization terminated successfully.", "x": "[7.8976585  4.25091569 4.23422843 1.15573115 4.57212422 4.3922495 ]", "nit": "21", "callback": [0.05565426078157176, 0.055501558067868384]}, "3": {"maxiter": 100, "gtol": 1e-05, "xrtol": 1e-10, "eps": 1e-10, "duration": 0.039839982986450195, "fun": "0.05550155321192518", "jac": "[8.88178346e-06 1.11022293e-06 2.22044587e-06 5.55111466e-06\n 3.33066880e-06 3.33066880e-06]", "hess_inv": "[[  3.75874674  -3.42292498   0.98682332   2.14806796   3.10686818\n   -3.47788784]\n [ -3.42292498  11.37545658  -2.80402967  -2.15590873  -8.11872814\n    8.62249534]\n [  0.98682332  -2.80402967   3.71060415   1.00190047   2.2460942\n   -3.99851217]\n [  2.14806796  -2.15590873   1.00190047   3.58359451   2.74182912\n   -3.38227573]\n [  3.10686818  -8.11872814   2.2460942    2.74182912  12.03629058\n  -12.07549844]\n [ -3.47788784   8.62249534  -3.99851217  -3.38227573 -12.07549844\n   16.37412732]]", "nfev": "175", "njev": "25", "status": "0", "success": "True", "message": "Optimization terminated successfully.", "x": "[7.89768817 4.25087649 4.23424645 1.15576924 4.57217602 4.39219971]", "nit": "21", "callback": [0.055654080567997366, 0.0555015597334132]}, "4": {"maxiter": 100, "gtol": 1e-10, "xrtol": 1e-05, "eps": 1e-05, "duration": 0.04104495048522949, "fun": "0.05550155299235571", "jac": "[ 2.31903385e-07  5.15243404e-07  2.94020364e-07  1.49436019e-08\n -4.40414372e-07 -1.10700338e-07]", "hess_inv": "[[  4.078414    -3.13134569   1.00639574   2.25345978   2.65760484\n   -2.99318462]\n [ -3.13134569  11.13460946  -2.81692607  -2.16307043  -8.11309529\n    8.80809587]\n [  1.00639574  -2.81692607   3.71433751   0.99305039   2.237683\n   -3.97716535]\n [  2.25345978  -2.16307043   0.99305039   3.56973452   2.64949516\n   -3.22610006]\n [  2.65760484  -8.11309529   2.237683     2.64949516  12.30810007\n  -12.50132733]\n [ -2.99318462   8.80809587  -3.97716535  -3.22610006 -12.50132733\n   16.91161744]]", "nfev": "182", "njev": "26", "status": "0", "success": "True", "message": "Optimization terminated successfully.", "x": "[7.89763497 4.25089365 4.23422822 1.15572462 4.57215863 4.39221218]", "nit": "22", "callback": [0.05565426078157176, 0.055501558067868384]}, "5": {"maxiter": 100, "gtol": 1e-10, "xrtol": 1e-05, "eps": 1e-10, "duration": 0.04105091094970703, "fun": "0.05550155304075899", "jac": "[-1.11022293e-06  0.00000000e+00  1.11022293e-06 -2.22044587e-06\n -4.44089173e-06  0.00000000e+00]", "hess_inv": "[[  4.74757789  -4.05964629   1.11544978   2.60050921   3.43204925\n   -3.52686489]\n [ -4.05964629  11.74177257  -2.83596544  -2.3388238   -8.17282799\n    8.44933532]\n [  1.11544978  -2.83596544   3.6680454    0.9344357    2.10746623\n   -3.76638973]\n [  2.60050921  -2.3388238    0.9344357    3.52148959   2.50515119\n   -2.89657593]\n [  3.43204925  -8.17282799   2.10746623   2.50515119  11.59111995\n  -11.36383166]\n [ -3.52686489   8.44933532  -3.76638973  -2.89657593 -11.36383166\n   15.4172229 ]]", "nfev": "182", "njev": "26", "status": "0", "success": "True", "message": "Optimization terminated successfully.", "x": "[7.89763391 4.25091787 4.23423189 1.15572842 4.57213527 4.39223259]", "nit": "22", "callback": [0.055654080567997366, 0.0555015597334132]}, "6": {"maxiter": 100, "gtol": 1e-10, "xrtol": 1e-10, "eps": 1e-05, "duration": 0.04794597625732422, "fun": "0.05550155298325454", "jac": "[-1.11022302e-11 -2.22044605e-11 -2.22044605e-11 -1.11022302e-11\n -1.11022302e-11 -2.22044605e-11]", "hess_inv": "[[  4.30529985  -3.78992591   1.19291461   2.58549374   3.34641304\n   -3.80496642]\n [ -3.78992591  13.50348283  -3.23861267  -2.91331527 -10.53380727\n   11.28577652]\n [  1.19291461  -3.23861267   3.81862338   1.19124368   2.65290495\n   -4.43333835]\n [  2.58549374  -2.91331527   1.19124368   3.942332     3.39354362\n   -4.06339602]\n [  3.34641304 -10.53380727   2.65290495   3.39354362  14.76522596\n  -14.98289677]\n [ -3.80496642  11.28577652  -4.43333835  -4.06339602 -14.98289677\n   19.43879926]]", "nfev": "210", "njev": "30", "status": "0", "success": "True", "message": "Optimization terminated successfully.", "x": "[7.89763658 4.25088503 4.23422915 1.15572614 4.57216744 4.39220407]", "nit": "26", "callback": [0.05565426078157176, 0.055501558067868384]}, "7": {"maxiter": 100, "gtol": 1e-10, "xrtol": 1e-10, "eps": 1e-10, "duration": 0.07258391380310059, "fun": "0.05550155294849657", "jac": "[ 3.33066880e-06 -1.11022293e-06 -2.22044587e-06  2.22044587e-06\n -4.44089173e-06 -1.11022293e-06]", "hess_inv": "[[ 1.37880279 -0.62968438  1.38065068  0.09927467  1.28213585 -2.2114022 ]\n [-0.62968438  3.88285218 -1.96133708 -0.7089398  -2.45730166  1.62490726]\n [ 1.38065068 -1.96133708  3.99770228  1.46980543  1.67055475 -4.16927987]\n [ 0.09927467 -0.7089398   1.46980543  1.00606984  0.73791645 -2.03237793]\n [ 1.28213585 -2.45730166  1.67055475  0.73791645  5.02516389 -4.59583016]\n [-2.2114022   1.62490726 -4.16927987 -2.03237793 -4.59583016  9.07859045]]", "nfev": "322", "njev": "46", "status": "0", "success": "True", "message": "Optimization terminated successfully.", "x": "[7.89764603 4.2508852  4.2342354  1.15573558 4.57217352 4.39219906]", "nit": "27", "callback": [0.055654080567997366, 0.0555015597334132]}, "8": {"maxiter": 500, "gtol": 1e-05, "xrtol": 1e-05, "eps": 1e-05, "duration": 0.03954792022705078, "fun": "0.05550155313627847", "jac": "[ 9.97056882e-06  2.61222155e-06  2.47847298e-06 -6.77580214e-07\n -1.68459691e-06  1.81891169e-06]", "hess_inv": "[[  3.76852206  -3.45962083   1.00215375   2.16261247   3.14894503\n   -3.51031719]\n [ -3.45962083  11.44015649  -2.79498842  -2.17583662  -8.24620299\n    8.70177508]\n [  1.00215375  -2.79498842   3.71534881   0.99518389   2.21796538\n   -3.96638226]\n [  2.16261247  -2.17583662   0.99518389   3.55376673   2.71002698\n   -3.3212935 ]\n [  3.14894503  -8.24620299   2.21796538   2.71002698  12.18296378\n  -12.12309354]\n [ -3.51031719   8.70177508  -3.96638226  -3.3212935  -12.12309354\n   16.34700409]]", "nfev": "175", "njev": "25", "status": "0", "success": "True", "message": "Optimization terminated successfully.", "x": "[7.8976585  4.25091569 4.23422843 1.15573115 4.57212422 4.3922495 ]", "nit": "21", "callback": [0.05565426078157176, 0.055501558067868384]}, "9": {"maxiter": 500, "gtol": 1e-05, "xrtol": 1e-05, "eps": 1e-10, "duration": 0.0395658016204834, "fun": "0.05550155321192518", "jac": "[8.88178346e-06 1.11022293e-06 2.22044587e-06 5.55111466e-06\n 3.33066880e-06 3.33066880e-06]", "hess_inv": "[[  3.75874674  -3.42292498   0.98682332   2.14806796   3.10686818\n   -3.47788784]\n [ -3.42292498  11.37545658  -2.80402967  -2.15590873  -8.11872814\n    8.62249534]\n [  0.98682332  -2.80402967   3.71060415   1.00190047   2.2460942\n   -3.99851217]\n [  2.14806796  -2.15590873   1.00190047   3.58359451   2.74182912\n   -3.38227573]\n [  3.10686818  -8.11872814   2.2460942    2.74182912  12.03629058\n  -12.07549844]\n [ -3.47788784   8.62249534  -3.99851217  -3.38227573 -12.07549844\n   16.37412732]]", "nfev": "175", "njev": "25", "status": "0", "success": "True", "message": "Optimization terminated successfully.", "x": "[7.89768817 4.25087649 4.23424645 1.15576924 4.57217602 4.39219971]", "nit": "21", "callback": [0.055654080567997366, 0.0555015597334132]}, "10": {"maxiter": 500, "gtol": 1e-05, "xrtol": 1e-10, "eps": 1e-05, "duration": 0.03981971740722656, "fun": "0.05550155313627847", "jac": "[ 9.97056882e-06  2.61222155e-06  2.47847298e-06 -6.77580214e-07\n -1.68459691e-06  1.81891169e-06]", "hess_inv": "[[  3.76852206  -3.45962083   1.00215375   2.16261247   3.14894503\n   -3.51031719]\n [ -3.45962083  11.44015649  -2.79498842  -2.17583662  -8.24620299\n    8.70177508]\n [  1.00215375  -2.79498842   3.71534881   0.99518389   2.21796538\n   -3.96638226]\n [  2.16261247  -2.17583662   0.99518389   3.55376673   2.71002698\n   -3.3212935 ]\n [  3.14894503  -8.24620299   2.21796538   2.71002698  12.18296378\n  -12.12309354]\n [ -3.51031719   8.70177508  -3.96638226  -3.3212935  -12.12309354\n   16.34700409]]", "nfev": "175", "njev": "25", "status": "0", "success": "True", "message": "Optimization terminated successfully.", "x": "[7.8976585  4.25091569 4.23422843 1.15573115 4.57212422 4.3922495 ]", "nit": "21", "callback": [0.05565426078157176, 0.055501558067868384]}, "11": {"maxiter": 500, "gtol": 1e-05, "xrtol": 1e-10, "eps": 1e-10, "duration": 0.03957009315490723, "fun": "0.05550155321192518", "jac": "[8.88178346e-06 1.11022293e-06 2.22044587e-06 5.55111466e-06\n 3.33066880e-06 3.33066880e-06]", "hess_inv": "[[  3.75874674  -3.42292498   0.98682332   2.14806796   3.10686818\n   -3.47788784]\n [ -3.42292498  11.37545658  -2.80402967  -2.15590873  -8.11872814\n    8.62249534]\n [  0.98682332  -2.80402967   3.71060415   1.00190047   2.2460942\n   -3.99851217]\n [  2.14806796  -2.15590873   1.00190047   3.58359451   2.74182912\n   -3.38227573]\n [  3.10686818  -8.11872814   2.2460942    2.74182912  12.03629058\n  -12.07549844]\n [ -3.47788784   8.62249534  -3.99851217  -3.38227573 -12.07549844\n   16.37412732]]", "nfev": "175", "njev": "25", "status": "0", "success": "True", "message": "Optimization terminated successfully.", "x": "[7.89768817 4.25087649 4.23424645 1.15576924 4.57217602 4.39219971]", "nit": "21", "callback": [0.055654080567997366, 0.0555015597334132]}, "12": {"maxiter": 500, "gtol": 1e-10, "xrtol": 1e-05, "eps": 1e-05, "duration": 0.04128694534301758, "fun": "0.05550155299235571", "jac": "[ 2.31903385e-07  5.15243404e-07  2.94020364e-07  1.49436019e-08\n -4.40414372e-07 -1.10700338e-07]", "hess_inv": "[[  4.078414    -3.13134569   1.00639574   2.25345978   2.65760484\n   -2.99318462]\n [ -3.13134569  11.13460946  -2.81692607  -2.16307043  -8.11309529\n    8.80809587]\n [  1.00639574  -2.81692607   3.71433751   0.99305039   2.237683\n   -3.97716535]\n [  2.25345978  -2.16307043   0.99305039   3.56973452   2.64949516\n   -3.22610006]\n [  2.65760484  -8.11309529   2.237683     2.64949516  12.30810007\n  -12.50132733]\n [ -2.99318462   8.80809587  -3.97716535  -3.22610006 -12.50132733\n   16.91161744]]", "nfev": "182", "njev": "26", "status": "0", "success": "True", "message": "Optimization terminated successfully.", "x": "[7.89763497 4.25089365 4.23422822 1.15572462 4.57215863 4.39221218]", "nit": "22", "callback": [0.05565426078157176, 0.055501558067868384]}, "13": {"maxiter": 500, "gtol": 1e-10, "xrtol": 1e-05, "eps": 1e-10, "duration": 0.04100680351257324, "fun": "0.05550155304075899", "jac": "[-1.11022293e-06  0.00000000e+00  1.11022293e-06 -2.22044587e-06\n -4.44089173e-06  0.00000000e+00]", "hess_inv": "[[  4.74757789  -4.05964629   1.11544978   2.60050921   3.43204925\n   -3.52686489]\n [ -4.05964629  11.74177257  -2.83596544  -2.3388238   -8.17282799\n    8.44933532]\n [  1.11544978  -2.83596544   3.6680454    0.9344357    2.10746623\n   -3.76638973]\n [  2.60050921  -2.3388238    0.9344357    3.52148959   2.50515119\n   -2.89657593]\n [  3.43204925  -8.17282799   2.10746623   2.50515119  11.59111995\n  -11.36383166]\n [ -3.52686489   8.44933532  -3.76638973  -2.89657593 -11.36383166\n   15.4172229 ]]", "nfev": "182", "njev": "26", "status": "0", "success": "True", "message": "Optimization terminated successfully.", "x": "[7.89763391 4.25091787 4.23423189 1.15572842 4.57213527 4.39223259]", "nit": "22", "callback": [0.055654080567997366, 0.0555015597334132]}, "14": {"maxiter": 500, "gtol": 1e-10, "xrtol": 1e-10, "eps": 1e-05, "duration": 0.046903133392333984, "fun": "0.05550155298325454", "jac": "[-1.11022302e-11 -2.22044605e-11 -2.22044605e-11 -1.11022302e-11\n -1.11022302e-11 -2.22044605e-11]", "hess_inv": "[[  4.30529985  -3.78992591   1.19291461   2.58549374   3.34641304\n   -3.80496642]\n [ -3.78992591  13.50348283  -3.23861267  -2.91331527 -10.53380727\n   11.28577652]\n [  1.19291461  -3.23861267   3.81862338   1.19124368   2.65290495\n   -4.43333835]\n [  2.58549374  -2.91331527   1.19124368   3.942332     3.39354362\n   -4.06339602]\n [  3.34641304 -10.53380727   2.65290495   3.39354362  14.76522596\n  -14.98289677]\n [ -3.80496642  11.28577652  -4.43333835  -4.06339602 -14.98289677\n   19.43879926]]", "nfev": "210", "njev": "30", "status": "0", "success": "True", "message": "Optimization terminated successfully.", "x": "[7.89763658 4.25088503 4.23422915 1.15572614 4.57216744 4.39220407]", "nit": "26", "callback": [0.05565426078157176, 0.055501558067868384]}, "15": {"maxiter": 500, "gtol": 1e-10, "xrtol":