{"date": "2024/09/24/, 02:26:18", "conf_id": 208, "data_type": "non_lin_ind\n", "num_data_points": 3, "s_rank": 0, "unitary": "[[-0.53618537-0.34368723j,-0.12107031-0.46226139j,-0.07699282-0.46603512j,0.36022595-0.11472301j],[0.26026499-0.63450712j,-0.56616638+0.37832564j,-0.14988651+0.08458591j,0.10363514-0.16008501j],[-0.32580188-0.11070003j,-0.36476308-0.23593218j,0.02559343+0.41761608j,-0.25598305+0.6725303j],[0.07406738-0.0126433j,0.28513701+0.19483972j,-0.74939717-0.10299659j,0.29798249+0.46269921j]]", "databatch_0": {"databatch": "[[[-0.01165151+0.43988553j,0.00516587+0.11941376j,-0.05207404+0.15143414j,-0.02478084-0.02382261j],[0.45469054+0.22206367j,0.22721576+0.03728627j,0.18177551+0.20910215j,-0.07579384+0.12350305j],[-0.26543499-0.24934742j,-0.11321282-0.04728417j,-0.09135828-0.14214155j,0.03249791-0.04749554j],[0.32047395-0.06686616j,0.14393003-0.07086901j,0.1803185+0.04624162j,0.00306616+0.10628069j]],[[0.19977521-0.06701726j,0.27238617-0.21122246j,-0.16663187+0.00099448j,0.0591803+0.27237054j],[0.05764616-0.03507326j,0.08644628+0.03351282j,0.00705328-0.44733551j,0.02332229+0.39053409j],[-0.10117067+0.08519238j,-0.12820893+0.14253965j,0.11980929+0.14161994j,-0.12234054-0.26460475j],[0.01551087-0.01388589j,0.07159706+0.03988058j,-0.15032299-0.30899596j,0.12334152+0.22557703j]],[[-0.05699436+0.13980771j,-0.25283994+0.13192018j,0.23482807+0.19986219j,-0.06739728+0.01604791j],[-0.26632758-0.16041638j,-0.14597325-0.33915402j,-0.30060114+0.17117886j,-0.05758363-0.27405352j],[0.11984596-0.04100853j,0.18543048+0.00870166j,-0.04785127-0.14842986j,0.07791469+0.07938109j],[-0.24306191-0.02070986j,-0.21644317-0.20372134j,-0.17150472+0.23510198j,-0.13637783-0.16297743j]]]", "initial param values": "[0.68746813,3.83761467,4.48606348,5.87563819,4.25935986,0.32970002]", "nelder_mead": {"type": "gradient-free", "0": {"maxiter": 100, "fatol": 1e-05, "xatol": 1e-05, "duration": 0.038089752197265625, "fun": "0.31257665141976754", "nit": "100", "nfev": "162", "status": "2", "success": "False", "message": "Maximum number of iterations has been exceeded.", "x": "[1.44981259 1.51335269 2.64154123 5.95736955 2.95551948 0.53848912]", "final_simplex": "(array([[1.44981259, 1.51335269, 2.64154123, 5.95736955, 2.95551948,\n        0.53848912],\n       [1.45802635, 1.49923424, 2.69631503, 5.92615336, 2.95013813,\n        0.53880453],\n       [1.47416888, 1.47987602, 2.69264484, 5.8593933 , 2.88305488,\n        0.54341487],\n       [1.45302794, 1.51937668, 2.64854152, 5.95783919, 2.90765954,\n        0.54064191],\n       [1.46125984, 1.57339211, 2.66294557, 5.96345756, 2.93634022,\n        0.53555087],\n       [1.43571939, 1.60096313, 2.6140228 , 6.02388254, 2.98126686,\n        0.53467344],\n       [1.45224838, 1.46791815, 2.68746476, 5.8796753 , 2.91867131,\n        0.54200899]]), array([0.31257665, 0.31261734, 0.31267803, 0.31268728, 0.31276736,\n       0.31277096, 0.31283207]))", "callback": [0.5796670624543436, 0.5031797826408189, 0.43022190256995463, 0.40427645274569424, 0.35049955334091343, 0.34160059874684434, 0.32252650674420735, 0.3158832952054631, 0.3129659108761328]}, "1": {"maxiter": 100, "fatol": 1e-05, "xatol": 1e-10, "duration": 0.03690481185913086, "fun": "0.31257665141976754", "nit": "100", "nfev": "162", "status": "2", "success": "False", "message": "Maximum number of iterations has been exceeded.", "x": "[1.44981259 1.51335269 2.64154123 5.95736955 2.95551948 0.53848912]", "final_simplex": "(array([[1.44981259, 1.51335269, 2.64154123, 5.95736955, 2.95551948,\n        0.53848912],\n       [1.45802635, 1.49923424, 2.69631503, 5.92615336, 2.95013813,\n        0.53880453],\n       [1.47416888, 1.47987602, 2.69264484, 5.8593933 , 2.88305488,\n        0.54341487],\n       [1.45302794, 1.51937668, 2.64854152, 5.95783919, 2.90765954,\n        0.54064191],\n       [1.46125984, 1.57339211, 2.66294557, 5.96345756, 2.93634022,\n        0.53555087],\n       [1.43571939, 1.60096313, 2.6140228 , 6.02388254, 2.98126686,\n        0.53467344],\n       [1.45224838, 1.46791815, 2.68746476, 5.8796753 , 2.91867131,\n        0.54200899]]), array([0.31257665, 0.31261734, 0.31267803, 0.31268728, 0.31276736,\n       0.31277096, 0.31283207]))", "callback": [0.5796670624543436, 0.5031797826408189, 0.43022190256995463, 0.40427645274569424, 0.35049955334091343, 0.34160059874684434, 0.32252650674420735, 0.3158832952054631, 0.3129659108761328]}, "2": {"maxiter": 100, "fatol": 1e-10, "xatol": 1e-05, "duration": 0.03589987754821777, "fun": "0.31257665141976754", "nit": "100", "nfev": "162", "status": "2", "success": "False", "message": "Maximum number of iterations has been exceeded.", "x": "[1.44981259 1.51335269 2.64154123 5.95736955 2.95551948 0.53848912]", "final_simplex": "(array([[1.44981259, 1.51335269, 2.64154123, 5.95736955, 2.95551948,\n        0.53848912],\n       [1.45802635, 1.49923424, 2.69631503, 5.92615336, 2.95013813,\n        0.53880453],\n       [1.47416888, 1.47987602, 2.69264484, 5.8593933 , 2.88305488,\n        0.54341487],\n       [1.45302794, 1.51937668, 2.64854152, 5.95783919, 2.90765954,\n        0.54064191],\n       [1.46125984, 1.57339211, 2.66294557, 5.96345756, 2.93634022,\n        0.53555087],\n       [1.43571939, 1.60096313, 2.6140228 , 6.02388254, 2.98126686,\n        0.53467344],\n       [1.45224838, 1.46791815, 2.68746476, 5.8796753 , 2.91867131,\n        0.54200899]]), array([0.31257665, 0.31261734, 0.31267803, 0.31268728, 0.31276736,\n       0.31277096, 0.31283207]))", "callback": [0.5796670624543436, 0.5031797826408189, 0.43022190256995463, 0.40427645274569424, 0.35049955334091343, 0.34160059874684434, 0.32252650674420735, 0.3158832952054631, 0.3129659108761328]}, "3": {"maxiter": 100, "fatol": 1e-10, "xatol": 1e-10, "duration": 0.03655409812927246, "fun": "0.31257665141976754", "nit": "100", "nfev": "162", "status": "2", "success": "False", "message": "Maximum number of iterations has been exceeded.", "x": "[1.44981259 1.51335269 2.64154123 5.95736955 2.95551948 0.53848912]", "final_simplex": "(array([[1.44981259, 1.51335269, 2.64154123, 5.95736955, 2.95551948,\n        0.53848912],\n       [1.45802635, 1.49923424, 2.69631503, 5.92615336, 2.95013813,\n        0.53880453],\n       [1.47416888, 1.47987602, 2.69264484, 5.8593933 , 2.88305488,\n        0.54341487],\n       [1.45302794, 1.51937668, 2.64854152, 5.95783919, 2.90765954,\n        0.54064191],\n       [1.46125984, 1.57339211, 2.66294557, 5.96345756, 2.93634022,\n        0.53555087],\n       [1.43571939, 1.60096313, 2.6140228 , 6.02388254, 2.98126686,\n        0.53467344],\n       [1.45224838, 1.46791815, 2.68746476, 5.8796753 , 2.91867131,\n        0.54200899]]), array([0.31257665, 0.31261734, 0.31267803, 0.31268728, 0.31276736,\n       0.31277096, 0.31283207]))", "callback": [0.5796670624543436, 0.5031797826408189, 0.43022190256995463, 0.40427645274569424, 0.35049955334091343, 0.34160059874684434, 0.32252650674420735, 0.3158832952054631, 0.3129659108761328]}, "4": {"maxiter": 500, "fatol": 1e-05, "xatol": 1e-05, "duration": 0.1739661693572998, "fun": "0.22191467977672596", "nit": "500", "nfev": "773", "status": "2", "success": "False", "message": "Maximum number of iterations has been exceeded.", "x": "[ 1.58231767  2.22309337  2.87385397  7.07285133  4.86000988 -0.80463886]", "final_simplex": "(array([[ 1.58231767,  2.22309337,  2.87385397,  7.07285133,  4.86000988,\n        -0.80463886],\n       [ 1.58228294,  2.2230471 ,  2.873921  ,  7.07288719,  4.86003023,\n        -0.80474095],\n       [ 1.58234125,  2.22305493,  2.87390652,  7.07291249,  4.86012677,\n        -0.8047537 ],\n       [ 1.58240954,  2.22313735,  2.87398676,  7.07288537,  4.86006942,\n        -0.80462349],\n       [ 1.58237664,  2.22305594,  2.8739326 ,  7.07280114,  4.86010841,\n        -0.80467855],\n       [ 1.58234172,  2.2231442 ,  2.87390976,  7.07281929,  4.86009202,\n        -0.80468638],\n       [ 1.58225461,  2.2230754 ,  2.87391504,  7.07293963,  4.86004675,\n        -0.80466638]]), array([0.22191468, 0.22191468, 0.22191468, 0.22191468, 0.22191468,\n       0.22191468, 0.22191468]))", "callback": [0.5796670624543436, 0.5031797826408189, 0.43022190256995463, 0.40427645274569424, 0.35049955334091343, 0.34160059874684434, 0.32252650674420735, 0.3158832952054631, 0.3129659108761328, 0.31257665141976754, 0.3123408462691387, 0.3123180682465634, 0.31225836849728095, 0.3118965953878722, 0.31054050499002583, 0.3082227152604292, 0.3042261467622187, 0.29523213063232945, 0.289797707090495, 0.2842676588642611, 0.2823797749603689, 0.27996171371463063, 0.27568721408867336, 0.27150693099438505, 0.26909030533901335, 0.2689430458195581, 0.2678427716871048, 0.2663696900045607, 0.26600203593185145, 0.2658811990121661, 0.26542998807270113, 0.26348047844864386, 0.2615204264850678, 0.25588353673621833, 0.24869854191021068, 0.24625475526572915, 0.24151845915159564, 0.23111074087486394, 0.22354208258212271, 0.22278851018405765, 0.22222566507419295, 0.22195939847422508, 0.22193267758745894, 0.22191883972927684, 0.22191531405939224, 0.2219148735154186, 0.2219147045535491, 0.22191469609905157, 0.22191468123113667]}, "5": {"maxiter": 500, "fatol": 1e-05, "xatol": 1e-10, "duration": 0.17255401611328125, "fun": "0.22191467977672596", "nit": "500", "nfev": "773", "status": "2", "success": "False", "message": "Maximum number of iterations has been exceeded.", "x": "[ 1.58231767  2.22309337  2.87385397  7.07285133  4.86000988 -0.80463886]", "final_simplex": "(array([[ 1.58231767,  2.22309337,  2.87385397,  7.07285133,  4.86000988,\n        -0.80463886],\n       [ 1.58228294,  2.2230471 ,  2.873921  ,  7.07288719,  4.86003023,\n        -0.80474095],\n       [ 1.58234125,  2.22305493,  2.87390652,  7.07291249,  4.86012677,\n        -0.8047537 ],\n       [ 1.58240954,  2.22313735,  2.87398676,  7.07288537,  4.86006942,\n        -0.80462349],\n       [ 1.58237664,  2.22305594,  2.8739326 ,  7.07280114,  4.86010841,\n        -0.80467855],\n       [ 1.58234172,  2.2231442 ,  2.87390976,  7.07281929,  4.86009202,\n        -0.80468638],\n       [ 1.58225461,  2.2230754 ,  2.87391504,  7.07293963,  4.86004675,\n        -0.80466638]]), array([0.22191468, 0.22191468, 0.22191468, 0.22191468, 0.22191468,\n       0.22191468, 0.22191468]))", "callback": [0.5796670624543436, 0.5031797826408189, 0.43022190256995463, 0.40427645274569424, 0.35049955334091343, 0.34160059874684434, 0.32252650674420735, 0.3158832952054631, 0.3129659108761328, 0.31257665141976754, 0.3123408462691387, 0.3123180682465634, 0.31225836849728095, 0.3118965953878722, 0.31054050499002583, 0.3082227152604292, 0.3042261467622187, 0.29523213063232945, 0.289797707090495, 0.2842676588642611, 0.2823797749603689, 0.27996171371463063, 0.27568721408867336, 0.27150693099438505, 0.26909030533901335, 0.2689430458195581, 0.2678427716871048, 0.2663696900045607, 0.26600203593185145, 0.2658811990121661, 0.26542998807270113, 0.26348047844864386, 0.2615204264850678, 0.25588353673621833, 0.24869854191021068, 0.24625475526572915, 0.24151845915159564, 0.23111074087486394, 0.22354208258212271, 0.22278851018405765, 0.22222566507419295, 0.22195939847422508, 0.22193267758745894, 0.22191883972927684, 0.22191531405939224, 0.2219148735154186, 0.2219147045535491, 0.22191469609905157, 0.22191468123113667]}, "6": {"maxiter": 500, "fatol": 1e-10, "xatol": 1e-05, "duration": 0.18064308166503906, "fun": "0.22191467977672596", "nit": "500", "nfev": "773", "status": "2", "success": "False", "message": "Maximum number of iterations has been exceeded.", "x": "[ 1.58231767  2.22309337  2.87385397  7.07285133  4.86000988 -0.80463886]", "final_simplex": "(array([[ 1.58231767,  2.22309337,  2.87385397,  7.07285133,  4.86000988,\n        -0.80463886],\n       [ 1.58228294,  2.2230471 ,  2.873921  ,  7.07288719,  4.86003023,\n        -0.80474095],\n       [ 1.58234125,  2.22305493,  2.87390652,  7.07291249,  4.86012677,\n        -0.8047537 ],\n       [ 1.58240954,  2.22313735,  2.87398676,  7.07288537,  4.86006942,\n        -0.80462349],\n       [ 1.58237664,  2.22305594,  2.8739326 ,  7.07280114,  4.86010841,\n        -0.80467855],\n       [ 1.58234172,  2.2231442 ,  2.87390976,  7.07281929,  4.86009202,\n        -0.80468638],\n       [ 1.58225461,  2.2230754 ,  2.87391504,  7.07293963,  4.86004675,\n        -0.80466638]]), array([0.22191468, 0.22191468, 0.22191468, 0.22191468, 0.22191468,\n       0.22191468, 0.22191468]))", "callback": [0.5796670624543436, 0.5031797826408189, 0.43022190256995463, 0.40427645274569424, 0.35049955334091343, 0.34160059874684434, 0.32252650674420735, 0.3158832952054631, 0.3129659108761328, 0.31257665141976754, 0.3123408462691387, 0.3123180682465634, 0.31225836849728095, 0.3118965953878722, 0.31054050499002583, 0.3082227152604292, 0.3042261467622187, 0.29523213063232945, 0.289797707090495, 0.2842676588642611, 0.2823797749603689, 0.27996171371463063, 0.27568721408867336, 0.27150693099438505, 0.26909030533901335, 0.2689430458195581, 0.2678427716871048, 0.2663696900045607, 0.26600203593185145, 0.2658811990121661, 0.26542998807270113, 0.26348047844864386, 0.2615204264850678, 0.25588353673621833, 0.24869854191021068, 0.24625475526572915, 0.24151845915159564, 0.23111074087486394, 0.22354208258212271, 0.22278851018405765, 0.22222566507419295, 0.22195939847422508, 0.22193267758745894, 0.22191883972927684, 0.22191531405939224, 0.2219148735154186, 0.2219147045535491, 0.22191469609905157, 0.22191468123113667]}, "7": {"maxiter": 500, "fatol": 1e-10, "xatol": 1e-10, "duration": 0.1862778663635254, "fun": "0.22191467977672596", "nit": "500", "nfev": "773", "status": "2", "success": "False", "message": "Maximum number of iterations has been exceeded.", "x": "[ 1.58231767  2.22309337  2.87385397  7.07285133  4.86000988 -0.80463886]", "final_simplex": "(array([[ 1.58231767,  2.22309337,  2.87385397,  7.07285133,  4.86000988,\n        -0.80463886],\n       [ 1.58228294,  2.2230471 ,  2.873921  ,  7.07288719,  4.86003023,\n        -0.80474095],\n       [ 1.58234125,  2.22305493,  2.87390652,  7.07291249,  4.86012677,\n        -0.8047537 ],\n       [ 1.58240954,  2.22313735,  2.87398676,  7.07288537,  4.86006942,\n        -0.80462349],\n       [ 1.58237664,  2.22305594,  2.8739326 ,  7.07280114,  4.86010841,\n        -0.80467855],\n       [ 1.58234172,  2.2231442 ,  2.87390976,  7.07281929,  4.86009202,\n        -0.80468638],\n       [ 1.58225461,  2.2230754 ,  2.87391504,  7.07293963,  4.86004675,\n        -0.80466638]]), array([0.22191468, 0.22191468, 0.22191468, 0.22191468, 0.22191468,\n       0.22191468, 0.22191468]))", "callback": [0.5796670624543436, 0.5031797826408189, 0.43022190256995463, 0.40427645274569424, 0.35049955334091343, 0.34160059874684434, 0.32252650674420735, 0.3158832952054631, 0.3129659108761328, 0.31257665141976754, 0.3123408462691387, 0.3123180682465634, 0.31225836849728095, 0.3118965953878722, 0.31054050499002583, 0.3082227152604292, 0.3042261467622187, 0.29523213063232945, 0.289797707090495, 0.2842676588642611, 0.2823797749603689, 0.27996171371463063, 0.27568721408867336, 0.27150693099438505, 0.26909030533901335, 0.2689430458195581, 0.2678427716871048, 0.2663696900045607, 0.26600203593185145, 0.2658811990121661, 0.26542998807270113, 0.26348047844864386, 0.2615204264850678, 0.25588353673621833, 0.24869854191021068, 0.24625475526572915, 0.24151845915159564, 0.23111074087486394, 0.22354208258212271, 0.22278851018405765, 0.22222566507419295, 0.22195939847422508, 0.22193267758745894, 0.22191883972927684, 0.22191531405939224, 0.2219148735154186, 0.2219147045535491, 0.22191469609905157, 0.22191468123113667]}, "8": {"maxiter": 1000, "fatol": 1e-05, "xatol": 1e-05, "duration": 0.18911409378051758, "fun": "0.2219146791995995", "nit": "534", "nfev": "831", "status": "0", "success": "True", "message": "Optimization terminated successfully.", "x": "[ 1.58234736  2.22307888  2.87390876  7.07286643  4.86005088 -0.80468386]", "final_simplex": "(array([[ 1.58234736,  2.22307888,  2.87390876,  7.07286643,  4.86005088,\n        -0.80468386],\n       [ 1.58234365,  2.22308101,  2.87391189,  7.07287218,  4.860053  ,\n        -0.80468578],\n       [ 1.58234693,  2.22308216,  2.87391301,  7.07286788,  4.86005085,\n        -0.80468039],\n       [ 1.58235019,  2.2230755 ,  2.87391505,  7.0728691 ,  4.86005721,\n        -0.8046874 ],\n       [ 1.58234213,  2.22307322,  2.8739093 ,  7.07287058,  4.8600477 ,\n        -0.80468862],\n       [ 1.58234638,  2.22307809,  2.8739084 ,  7.07287071,  4.86004544,\n        -0.80467765],\n       [ 1.58235473,  2.22308031,  2.87391389,  7.07286492,  4.86005344,\n        -0.80468486]]), array([0.22191468, 0.22191468, 0.22191468, 0.22191468, 0.22191468,\n       0.22191468, 0.22191468]))", "callback": [0.5796670624543436, 0.5031797826408189, 0.43022190256995463, 0.40427645274569424, 0.35049955334091343, 0.34160059874684434, 0.32252650674420735, 0.3158832952054631, 0.3129659108761328, 0.31257665141976754, 0.3123408462691387, 0.3123180682465634, 0.31225836849728095, 0.3118965953878722, 0.31054050499002583, 0.3082227152604292, 0.3042261467622187, 0.29523213063232945, 0.289797707090495, 0.2842676588642611, 0.2823797749603689, 0.27996171371463063, 0.27568721408867336, 0.27150693099438505, 0.26909030533901335, 0.2689430458195581, 0.2678427716871048, 0.2663696900045607, 0.26600203593185145, 0.2658811990121661, 0.26542998807270113, 0.26348047844864386, 0.2615204264850678, 0.25588353673621833, 0.24869854191021068, 0.24625475526572915, 0.24151845915159564, 0.23111074087486394, 0.22354208258212271, 0.22278851018405765, 0.22222566507419295, 0.22195939847422508, 0.22193267758745894, 0.22191883972927684, 0.22191531405939224, 0.2219148735154186, 0.2219147045535491, 0.22191469609905157, 0.22191468123113667, 0.22191467960595945, 0.22191467925074038, 0.22191467921008223, 0.22191467920053387]}, "9": {"maxiter": 1000, "fatol": 1e-05, "xatol": 1e-10, "duration": 0.3016688823699951, "fun": "0.22191467919714514", "nit": "633", "nfev": "1056", "status": "0", "success": "True", "message": "Optimization terminated successfully.", "x": "[ 1.58234569  2.22307585  2.87391167  7.07286942  4.86005437 -0.80468912]", "final_simplex": "(array([[ 1.58234569,  2.22307585,  2.87391167,  7.07286942,  4.86005437,\n        -0.80468912],\n       [ 1.58234569,  2.22307585,  2.87391167,  7.07286942,  4.86005437,\n        -0.80468912],\n       [ 1.58234569,  2.22307585,  2.87391167,  7.07286942,  4.86005437,\n        -0.80468912],\n       [ 1.58234569,  2.22307585,  2.87391167,  7.07286942,  4.86005437,\n        -0.80468912],\n       [ 1.58234569,  2.22307585,  2.87391167,  7.07286942,  4.86005437,\n        -0.80468912],\n       [ 1.58234569,  2.22307585,  2.87391167,  7.07286942,  4.86005437,\n        -0.80468912],\n       [ 1.58234569,  2.22307585,  2.87391167,  7.07286942,  4.86005437,\n        -0.80468912]]), array([0.22191468, 0.22191468, 0.22191468, 0.22191468, 0.22191468,\n       0.22191468, 0.22191468]))", "callback": [0.5796670624543436, 0.5031797826408189, 0.43022190256995463, 0.40427645274569424, 0.35049955334091343, 0.34160059874684434, 0.32252650674420735, 0.3158832952054631, 0.3129659108761328, 0.31257665141976754, 0.3123408462691387, 0.3123180682465634, 0.31225836849728095, 0.3118965953878722, 0.31054050499002583, 0.3082227152604292, 0.3042261467622187, 0.29523213063232945, 0.289797707090495, 0.2842676588642611, 0.2823797749603689, 0.27996171371463063, 0.27568721408867336, 0.27150693099438505, 0.26909030533901335, 0.2689430458195581, 0.2678427716871048, 0.2663696900045607, 0.26600203593185145, 0.2658811990121661, 0.26542998807270113, 0.26348047844864386, 0.2615204264850678, 0.25588353673621833, 0.24869854191021068, 0.24625475526572915, 0.24151845915159564, 0.23111074087486394, 0.22354208258212271, 0.22278851018405765, 0.22222566507419295, 0.22195939847422508, 0.22193267758745894, 0.22191883972927684, 0.22191531405939224, 0.2219148735154186, 0.2219147045535491, 0.22191469609905157, 0.22191468123113667, 0.22191467960595945, 0.22191467925074038, 0.22191467921008223, 0.22191467920053387, 0.22191467919806163, 0.22191467919735575, 0.2219146791971749, 0.22191467919715324, 0.2219146791971468, 0.2219146791971457, 0.22191467919714547, 0.22191467919714514, 0.22191467919714514, 0.22191467919714514]}, "10": {"maxiter": 1000, "fatol": 1e-10, "xatol": 1e-05, "duration": 0.20242619514465332, "fun": "0.2219146791995995", "nit": "534", "nfev": "831", "status": "0", "success": "True", "message": "Optimization terminated successfully.", "x": "[ 1.58234736  2.22307888  2.87390876  7.07286643  4.86005088 -0.80468386]", "final_simplex": "(array([[ 1.58234736,  2.22307888,  2.87390876,  7.07286643,  4.86005088,\n        -0.80468386],\n       [ 1.58234365,  2.22308101,  2.87391189,  7.07287218,  4.860053  ,\n        -0.80468578],\n       [ 1.58234693,  2.22308216,  2.87391301,  7.07286788,  4.86005085,\n        -0.80468039],\n       [ 1.58235019,  2.2230755 ,  2.87391505,  7.0728691 ,  4.86005721,\n        -0.8046874 ],\n       [ 1.58234213,  2.22307322,  2.8739093 ,  7.07287058,  4.8600477 ,\n        -0.80468862],\n       [ 1.58234638,  2.22307809,  2.8739084 ,  7.07287071,  4.86004544,\n        -0.80467765],\n       [ 1.58235473,  2.22308031,  2.87391389,  7.07286492,  4.86005344,\n        -0.80468486]]), array([0.22191468, 0.22191468, 0.22191468, 0.22191468, 0.22191468,\n       0.22191468, 0.22191468]))", "callback": [0.5796670624543436, 0.5031797826408189, 0.43022190256995463, 0.40427645274569424, 0.35049955334091343, 0.34160059874684434, 0.32252650674420735, 0.3158832952054631, 0.3129659108761328, 0.31257665141976754, 0.3123408462691387, 0.3123180682465634, 0.31225836849728095, 0.3118965953878722, 0.31054050499002583, 0.3082227152604292, 0.3042261467622187, 0.29523213063232945, 0.289797707090495, 0.2842676588642611, 0.2823797749603689, 0.27996171371463063, 0.27568721408867336, 0.27150693099438505, 0.26909030533901335, 0.2689430458195581, 0.2678427716871048, 0.2663696900045607, 0.26600203593185145, 0.2658811990121661, 0.26542998807270113, 0.26348047844864386, 0.2615204264850678, 0.25588353673621833, 0.24869854191021068, 0.24625475526572915, 0.24151845915159564, 0.23111074087486394, 0.22354208258212271, 0.22278851018405765, 0.22222566507419295, 0.22195939847422508, 0.22193267758745894, 0.22191883972927684, 0.22191531405939224, 0.2219148735154186, 0.2219147045535491, 0.22191469609905157, 0.22191468123113667, 0.22191467960595945, 0.22191467925074038, 0.22191467921008223, 0.22191467920053387]}, "11": {"maxiter": 1000, "fatol": 1e-10, "xatol": 1e-10, "duration": 0.24128007888793945, "fun": "0.22191467919714514", "nit": "633", "nfev": "1056", "status": "0", "success": "True", "message": "Optimization terminated successfully.", "x": "[ 1.58234569  2.22307585  2.87391167  7.07286942  4.86005437 -0.80468912]", "final_simplex": "(array([[ 1.58234569,  2.22307585,  2.87391167,  7.07286942,  4.86005437,\n        -0.80468912],\n       [ 1.58234569,  2.22307585,  2.87391167,  7.07286942,  4.86005437,\n        -0.80468912],\n       [ 1.58234569,  2.22307585,  2.87391167,  7.07286942,  4.86005437,\n        -0.80468912],\n       [ 1.58234569,  2.22307585,  2.87391167,  7.07286942,  4.86005437,\n        -0.80468912],\n       [ 1.58234569,  2.22307585,  2.87391167,  7.07286942,  4.86005437,\n        -0.80468912],\n       [ 1.58234569,  2.22307585,  2.87391167,  7.07286942,  4.86005437,\n        -0.80468912],\n       [ 1.58234569,  2.22307585,  2.87391167,  7.07286942,  4.86005437,\n        -0.80468912]]), array([0.22191468, 0.22191468, 0.22191468, 0.22191468, 0.22191468,\n       0.22191468, 0.22191468]))", "callback": [0.5796670624543436, 0.5031797826408189, 0.43022190256995463, 0.40427645274569424, 0.35049955334091343, 0.34160059874684434, 0.32252650674420735, 0.3158832952054631, 0.3129659108761328, 0.31257665141976754, 0.3123408462691387, 0.3123180682465634, 0.31225836849728095, 0.3118965953878722, 0.31054050499002583, 0.3082227152604292, 0.3042261467622187, 0.29523213063232945, 0.289797707090495, 0.2842676588642611, 0.2823797749603689, 0.27996171371463063, 0.27568721408867336, 0.27150693099438505, 0.26909030533901335, 0.2689430458195581, 0.2678427716871048, 0.2663696900045607, 0.26600203593185145, 0.2658811990121661, 0.26542998807270113, 0.26348047844864386, 0.2615204264850678, 0.25588353673621833, 0.24869854191021068, 0.24625475526572915, 0.24151845915159564, 0.23111074087486394, 0.22354208258212271, 0.22278851018405765, 0.22222566507419295, 0.22195939847422508, 0.22193267758745894, 0.22191883972927684, 0.22191531405939224, 0.2219148735154186, 0.2219147045535491, 0.22191469609905157, 0.22191468123113667, 0.22191467960595945, 0.22191467925074038, 0.22191467921008223, 0.22191467920053387, 0.22191467919806163, 0.22191467919735575, 0.2219146791971749, 0.22191467919715324, 0.2219146791971468, 0.2219146791971457, 0.22191467919714547, 0.22191467919714514, 0.22191467919714514, 0.22191467919714514]}}, "bfgs": {"type": "gradient", "0": {"maxiter": 100, "gtol": 1e-05, "xrtol": 1e-05, "eps": 1e-05, "duration": 0.048972129821777344, "fun": "0.22191467928944375", "jac": "[-2.54607446e-07  1.25510713e-07 -3.74145159e-09 -1.02706732e-07\n  7.39297512e-08  8.44768699e-08]", "hess_inv": "[[ 6.30254258  4.10953296  0.96779777 -1.92093118 -0.48970857  5.26816935]\n [ 4.10953296 10.53739342  1.11726922  0.33439299 -2.54832042 10.5060386 ]\n [ 0.96779777  1.11726922  4.9878554   0.64647155  3.37976021 -1.54003129]\n [-1.92093118  0.33439299  0.64647155  4.01162605  0.05871102 -0.39757914]\n [-0.48970857 -2.54832042  3.37976021  0.05871102  9.19296319 -8.98150295]\n [ 5.26816935 10.5060386  -1.54003129 -0.39757914 -8.98150295 18.51560551]]", "nfev": "210", "njev": "30", "status": "0", "success": "True", "message": "Optimization terminated successfully.", "x": "[ 1.5823218   2.22304037  2.87389817  7.07286672  4.86005325 -0.80472666]", "nit": "24", "callback": [0.24588528580618652, 0.22191985013993787]}, "1": {"maxiter": 100, "gtol": 1e-05, "xrtol": 1e-05, "eps": 1e-10, "duration": 0.04903888702392578, "fun": "0.22191467920328556", "jac": "[ 1.11022293e-06  0.00000000e+00  1.11022293e-06  0.00000000e+00\n -1.11022293e-06  0.00000000e+00]", "hess_inv": "[[ 6.26538419  4.04095392  1.04711742 -1.94659341 -0.33052208  5.07670891]\n [ 4.04095392 10.52721554  1.10001823  0.36320456 -2.56020815 10.49140641]\n [ 1.04711742  1.10001823  5.16666021  0.49808093  3.55917872 -1.70078652]\n [-1.94659341  0.36320456  0.49808093  3.98044216 -0.21981313 -0.14045682]\n [-0.33052208 -2.56020815  3.55917872 -0.21981313  9.33182898 -9.08657156]\n [ 5.07670891 10.49140641 -1.70078652 -0.14045682 -9.08657156 18.56260161]]", "nfev": "210", "njev": "30", "status": "0", "success": "True", "message": "Optimization terminated successfully.", "x": "[ 1.58235176  2.22307862  2.87391557  7.0728665   4.86005799 -0.8046911 ]", "nit": "24", "callback": [0.245878333095915, 0.22191985735932784]}, "2": {"maxiter": 100, "gtol": 1e-05, "xrtol": 1e-10, "eps": 1e-05, "duration": 0.04816102981567383, "fun": "0.22191467928944375", "jac": "[-2.54607446e-07  1.25510713e-07 -3.74145159e-09 -1.02706732e-07\n  7.39297512e-08  8.44768699e-08]", "hess_inv": "[[ 6.30254258  4.10953296  0.96779777 -1.92093118 -0.48970857  5.26816935]\n [ 4.10953296 10.53739342  1.11726922  0.33439299 -2.54832042 10.5060386 ]\n [ 0.96779777  1.11726922  4.9878554   0.64647155  3.37976021 -1.54003129]\n [-1.92093118  0.33439299  0.64647155  4.01162605  0.05871102 -0.39757914]\n [-0.48970857 -2.54832042  3.37976021  0.05871102  9.19296319 -8.98150295]\n [ 5.26816935 10.5060386  -1.54003129 -0.39757914 -8.98150295 18.51560551]]", "nfev": "210", "njev": "30", "status": "0", "success": "True", "message": "Optimization terminated successfully.", "x": "[ 1.5823218   2.22304037  2.87389817  7.07286672  4.86005325 -0.80472666]", "nit": "24", "callback": [0.24588528580618652, 0.22191985013993787]}, "3": {"maxiter": 100, "gtol": 1e-05, "xrtol": 1e-10, "eps": 1e-10, "duration": 0.04867815971374512, "fun": "0.22191467920328556", "jac": "[ 1.11022293e-06  0.00000000e+00  1.11022293e-06  0.00000000e+00\n -1.11022293e-06  0.00000000e+00]", "hess_inv": "[[ 6.26538419  4.04095392  1.04711742 -1.94659341 -0.33052208  5.07670891]\n [ 4.04095392 10.52721554  1.10001823  0.36320456 -2.56020815 10.49140641]\n [ 1.04711742  1.10001823  5.16666021  0.49808093  3.55917872 -1.70078652]\n [-1.94659341  0.36320456  0.49808093  3.98044216 -0.21981313 -0.14045682]\n [-0.33052208 -2.56020815  3.55917872 -0.21981313  9.33182898 -9.08657156]\n [ 5.07670891 10.49140641 -1.70078652 -0.14045682 -9.08657156 18.56260161]]", "nfev": "210", "njev": "30", "status": "0", "success": "True", "message": "Optimization terminated successfully.", "x": "[ 1.58235176  2.22307862  2.87391557  7.0728665   4.86005799 -0.8046911 ]", "nit": "24", "callback": [0.245878333095915, 0.22191985735932784]}, "4": {"maxiter": 100, "gtol": 1e-10, "xrtol": 1e-05, "eps": 1e-05, "duration": 0.04805731773376465, "fun": "0.22191467928944375", "jac": "[-2.54607446e-07  1.25510713e-07 -3.74145159e-09 -1.02706732e-07\n  7.39297512e-08  8.44768699e-08]", "hess_inv": "[[ 6.30254258  4.10953296  0.96779777 -1.92093118 -0.48970857  5.26816935]\n [ 4.10953296 10.53739342  1.11726922  0.33439299 -2.54832042 10.5060386 ]\n [ 0.96779777  1.11726922  4.9878554   0.64647155  3.37976021 -1.54003129]\n [-1.92093118  0.33439299  0.64647155  4.01162605  0.05871102 -0.39757914]\n [-0.48970857 -2.54832042  3.37976021  0.05871102  9.19296319 -8.98150295]\n [ 5.26816935 10.5060386  -1.54003129 -0.39757914 -8.98150295 18.51560551]]", "nfev": "210", "njev": "30", "status": "0", "success": "True", "message": "Optimization terminated successfully.", "x": "[ 1.5823218   2.22304037  2.87389817  7.07286672  4.86005325 -0.80472666]", "nit": "24", "callback": [0.24588528580618652, 0.22191985013993787]}, "5": {"maxiter": 100, "gtol": 1e-10, "xrtol": 1e-05, "eps": 1e-10, "duration": 0.047631025314331055, "fun": "0.22191467920328556", "jac": "[ 1.11022293e-06  0.00000000e+00  1.11022293e-06  0.00000000e+00\n -1.11022293e-06  0.00000000e+00]", "hess_inv": "[[ 6.26538419  4.04095392  1.04711742 -1.94659341 -0.33052208  5.07670891]\n [ 4.04095392 10.52721554  1.10001823  0.36320456 -2.56020815 10.49140641]\n [ 1.04711742  1.10001823  5.16666021  0.49808093  3.55917872 -1.70078652]\n [-1.94659341  0.36320456  0.49808093  3.98044216 -0.21981313 -0.14045682]\n [-0.33052208 -2.56020815  3.55917872 -0.21981313  9.33182898 -9.08657156]\n [ 5.07670891 10.49140641 -1.70078652 -0.14045682 -9.08657156 18.56260161]]", "nfev": "210", "njev": "30", "status": "0", "success": "True", "message": "Optimization terminated successfully.", "x": "[ 1.58235176  2.22307862  2.87391557  7.0728665   4.86005799 -0.8046911 ]", "nit": "24", "callback": [0.245878333095915, 0.22191985735932784]}, "6": {"maxiter": 100, "gtol": 1e-10, "xrtol": 1e-10, "eps": 1e-05, "duration": 0.09323501586914062, "fun": "0.22191467928944375", "jac": "[-2.54607446e-07  1.25510713e-07 -3.74145159e-09 -1.02706732e-07\n  7.39297512e-08  8.44768699e-08]", "hess_inv": "[[ 6.30543167  4.10216665  0.96400456 -1.90546836 -0.48297939  5.26068938]\n [ 4.10216665 10.55492221  1.12400695  0.30608419 -2.5620074  10.52372525]\n [ 0.96400456  1.12400695  4.98596693  0.65219664  3.37905023 -1.53345317]\n [-1.90546836  0.30608419  0.65219664  3.9957647   0.06393929 -0.42532599]\n [-0.48297939 -2.5620074   3.37905023  0.06393929  9.19902546 -8.99508932]\n [ 5.26068938 10.52372525 -1.53345317 -0.42532599 -8.99508932 18.53344061]]", "nfev": "411", "njev": "57", "status": "2", "success": "False", "message": "Desired error not necessarily achieved due to precision loss.", "x": "[ 1.5823218   2.22304037  2.87389817  7.07286672  4.86005325 -0.80472666]", "nit": "24", "callback": [0.24588528580618652, 0.22191985013993787]}, "7": {"maxiter": 100, "gtol": 1e-10, "xrtol": 1e-10, "eps": 1e-10, "duration": 0.0738217830657959, "fun": "0.22191467920155672", "jac": "[ 0.00000000e+00  1.11022293e-06  1.11022293e-06 -1.11022293e-06\n -1.11022293e-06 -1.11022293e-06]", "hess_inv": "[[ 36.97113254  34.89442874  13.30729909 -16.4614771   -0.84075557\n   30.61175924]\n [ 34.89442874  33.62748215  12.80032654 -15.58474913  -0.7356787\n   29.12293184]\n [ 13.30729909  12.80032654   8.37886176  -4.28992704   3.04043791\n    9.62874426]\n [-16.4614771  -15.58474913  -4.28992704   9.50378469   1.56023181\n  -15.35461039]\n [ -0.84075557  -0.7356787    3.04043791   1.56023181   5.94547557\n   -4.46562238]\n [ 30.61175924  29.12293184   9.62874426 -15.35461039  -4.46562238\n   29.45145947]]", "nfev": "329", "njev": "47", "status": "2", "success": "False", "message": "Desired error not necessarily achieved due to precision loss.", "x": "[ 1.5823453   2.22307289  2.8739138   7.07286835  4.86006151 -0.80469981]", "nit": "27", "callback": [0.245878333095915, 0.22191985735932784]}, "8": {"maxiter": 500, "gtol": 1e-05, "xrtol": 1e-05, "eps": 1e-05, "duration": 0.04706311225891113, "fun": "0.22191467928944375", "jac": "[-2.54607446e-07  1.25510713e-07 -3.74145159e-09 -1.02706732e-07\n  7.39297512e-08  8.44768699e-08]", "hess_inv": "[[ 6.30254258  4.10953296  0.96779777 -1.92093118 -0.48970857  5.26816935]\n [ 4.10953296 10.53739342  1.11726922  0.33439299 -2.54832042 10.5060386 ]\n [ 0.96779777  1.11726922  4.9878554   0.64647155  3.37976021 -1.54003129]\n [-1.92093118  0.33439299  0.64647155  4.01162605  0.05871102 -0.39757914]\n [-0.48970857 -2.54832042  3.37976021  0.05871102  9.19296319 -8.98150295]\n [ 5.26816935 10.5060386  -1.54003129 -0.39757914 -8.98150295 18.51560551]]", "nfev": "210", "njev": "30", "status": "0", "success": "True", "message": "Optimization terminated successfully.", "x": "[ 1.5823218   2.22304037  2.87389817  7.07286672  4.86005325 -0.80472666]", "nit": "24", "callback": [0.24588528580618652, 0.22191985013993787]}, "9": {"maxiter": 500, "gtol": 1e-05, "xrtol": 1e-05, "eps": 1e-10, "duration": 0.04806232452392578, "fun": "0.22191467920328556", "jac": "[ 1.11022293e-06  0.00000000e+00  1.11022293e-06  0.00000000e+00\n -1.11022293e-06  0.00000000e+00]", "hess_inv": "[[ 6.26538419  4.04095392  1.04711742 -1.94659341 -0.33052208  5.07670891]\n [ 4.04095392 10.52721554  1.10001823  0.36320456 -2.56020815 10.49140641]\n [ 1.04711742  1.10001823  5.16666021  0.49808093  3.55917872 -1.70078652]\n [-1.94659341  0.36320456  0.49808093  3.98044216 -0.21981313 -0.14045682]\n [-0.33052208 -2.56020815  3.55917872 -0.21981313  9.33182898 -9.08657156]\n [ 5.07670891 10.49140641 -1.70078652 -0.14045682 -9.08657156 18.56260161]]", "nfev": "210", "njev": "30", "status": "0", "success": "True", "message": "Optimization terminated successfully.", "x": "[ 1.58235176  2.22307862  2.87391557  7.0728665   4.86005799 -0.8046911 ]", "nit": "24", "callback": [0.245878333095915, 0.22191985735932784]}, "10": {"maxiter": 500, "gtol": 1e-05, "xrtol": 1e-10, "eps": 1e-05, "duration": 0.04849100112915039, "fun": "0.22191467928944375", "jac": "[-2.54607446e-07  1.25510713e-07 -3.74145159e-09 -1.02706732e-07\n  7.39297512e-08  8.44768699e-08]", "hess_inv": "[[ 6.30254258  4.10953296  0.96779777 -1.92093118 -0.48970857  5.26816935]\n [ 4.10953296 10.53739342  1.11726922  0.33439299 -2.54832042 10.5060386 ]\n [ 0.96779777  1.11726922  4.9878554   0.64647155  3.37976021 -1.54003129]\n [-1.92093118  0.33439299  0.64647155  4.01162605  0.05871102 -0.39757914]\n [-0.48970857 -2.54832042  3.37976021  0.05871102  9.19296319 -8.98150295]\n [ 5.26816935 10.5060386  -1.54003129 -0.39757914 -8.98150295 18.51560551]]", "nfev": "210", "njev": "30", "status": "0", "success": "True", "message": "Optimization terminated successfully.", "x": "[ 1.5823218   2.22304037  2.87389817  7.07286672  4.86005325 -0.80472666]", "nit": "24", "callback": [0.24588528580618652, 0.22191985013993787]}, "11": {"maxiter": 500, "gtol": 1e-05, "xrtol": 1e-10, "eps": 1e-10, "duration": 0.04783511161804199, "fun": "0.22191467920328556", "jac": "[ 1.11022293e-06  0.00000000e+00  1.11022293e-06  0.00000000e+00\n -1.11022293e-06  0.00000000e+00]", "hess_inv": "[[ 6.26538419  4.04095392  1.04711742 -1.94659341 -0.33052208  5.07670891]\n [ 4.04095392 10.52721554  1.10001823  0.36320456 -2.56020815 10.49140641]\n [ 1.04711742  1.10001823  5.16666021  0.49808093  3.55917872 -1.70078652]\n [-1.94659341  0.36320456  0.49808093  3.98044216 -0.21981313 -0.14045682]\n [-0.33052208 -2.56020815  3.55917872 -0.21981313  9.33182898 -9.08657156]\n [ 5.07670891 10.49140641 -1.70078652 -0.14045682 -9.08657156 18.56260161]]", "nfev": "210", "njev": "30", "status": "0", "success": "True", "message": "Optimization terminated successfully.", "x": "[ 1.58235176  2.22307862  2.87391557  7.0728665   4.86005799 -0.8046911 ]", "nit": "24", "callback": [0.245878333095915, 0.22191985735932784]}, "12": {"maxiter": 500, "gtol": 1e-10, "xrtol": 1e-05, "eps": 1e-05, "duration": 0.04752683639526367, "fun": "0.22191467928944375", "jac": "[-2.54607446e-07  1.25510713e-07 -3.74145159e-09 -1.02706732e-07\n  7.39297512e-08  8.44768699e-08]", "hess_inv": "[[ 6.30254258  4.10953296  0.96779777 -1.92093118 -0.48970857  5.26816935]\n [ 4.10953296 10.53739342  1.11726922  0.33439299 -2.54832042 10.5060386 ]\n [ 0.96779777  1.11726922  4.9878554   0.64647155  3.37976021 -1.54003129]\n [-1.92093118  0.33439299  0.64647155  4.01162605  0.05871102 -0.39757914]\n [-0.48970857 -2.54832042  3.37976021  0.05871102  9.19296319 -8.98150295]\n [ 5.26816935 10.5060386  -1.54003129 -0.39757914 -8.98150295 18.51560551]]", "nfev": "210", "njev": "30", "status": "0", "success": "True", "message": "Optimization terminated successfully.", "x": "[ 1.5823218   2.22304037  2.87389817  7.07286672  4.86005325 -0.80472666]", "nit": "24", "callback": [0.24588528580618652, 0.22191985013993787]}, "13": {"maxiter": 500, "gtol": 1e-10, "xrtol": 1e-05, "eps": 1e-10, "duration": 0.048003196716308594, "fun": "0.22191467920328556", "jac": "[ 1.11022293e-06  0.00000000e+00  1.11022293e-06  0.00000000e+00\n -1.11022293e-06  0.00000000e+00]", "hess_inv": "[[ 6.26538419  4.04095392  1.04711742 -1.94659341 -0.33052208  5.07670891]\n [ 4.04095392 10.52721554  1.10001823  0.36320456 -2.56020815 10.49140641]\n [ 1.04711742  1.10001823  5.16666021  0.49808093  3.55917872 -1.70078652]\n [-1.94659341  0.36320456  0.49808093  3.98044216 -0.21981313 -0.14045682]\n [-0.33052208 -2.56020815  3.55917872 -0.21981313  9.33182898 -9.08657156]\n [ 5.07670891 10.49140641 -1.70078652 -0.14045682 -9.08657156 18.56260161]]", "nfev": "210", "njev": "30", "status": "0", "success": "True", "message": "Optimization terminated successfully.", "x": "[ 1.58235176  2.22307862  2.87391557  7.0728665   4.86005799 -0.8046911 ]", "nit": "24", "callback": [0.245878333095915, 0.22191985735932784]}, "14": {"maxiter": 500, "gtol": 1e-10, "xrtol": 1e-10, "eps": 1e-05, "duration": 0.09229207038879395, "fun": "0.22191467928944375", "jac": "[-2.54607446e-07  1.25510713e-07 -3.74145159e-09 -1.02706732e-07\n  7.39297512e-08  8.44768699e-08]", "hess_inv": "[[ 6.30543167  4.10216665  0.96400456 -1.90546836 -0.48297939  5.26068938]\n [ 4.10216665 10.55492221  1.12400695  0.30608419 -2.5620074  10.52372525]\n [ 0.96400456  1.12400695  4.98596693  0.65219664  3.37905023 -1.53345317]\n [-1.90546836  0.30608419  0.65219664  3.9957647   0.06393929 -0.42532599]\n [-0.48297939 -2.5620074   3.37905023  0.06393929  9.19902546 -8.99508932]\n [ 5.26068938 10.52372525 -1.53345317 -0.42532599 -8.99508932 18.53344061]]", "nfev": "411", "njev": "57", "status": "2", "success": "False", "message": "Desired error not necessarily achieved due to precision loss.", "x": "[ 1.5823218   2.22304037  2.87389817  7.07286672  4.86005325 -0.80472666]", "nit": "24", "callback": [0.24588528580618652, 0.22191985013993787]}, "15": {"maxiter": 500, "gtol": 1e-10, "xrtol": 1e-10, "eps": 1e-10, "duration": 0.07488489151000977, "fun": "0.22191467920155672", "jac": "[ 0.00000000e+00  1.11022293e-06  1.11022293e-06 -1.11022293e-06\n -1.11022293e-06 -1.11022293e-06]", "hess_inv": "[[ 36.97113254  34.89442874  13.30729909 -16.461477