{"date": "2024/10/08/, 20:39:13", "conf_id": 28, "data_type": "random\n", "num_data_points": 2, "s_rank": 0, "unitary": "[[-0.53618537-0.34368723j,-0.12107031-0.46226139j,-0.07699282-0.46603512j,0.36022595-0.11472301j],[0.26026499-0.63450712j,-0.56616638+0.37832564j,-0.14988651+0.08458591j,0.10363514-0.16008501j],[-0.32580188-0.11070003j,-0.36476308-0.23593218j,0.02559343+0.41761608j,-0.25598305+0.6725303j],[0.07406738-0.0126433j,0.28513701+0.19483972j,-0.74939717-0.10299659j,0.29798249+0.46269921j]]", "databatch_0": {"databatch": "[[[2.78743414e-01+0.07382166j,-2.49752120e-01+0.11808011j,-1.10473855e-01-0.47296656j,-6.25341296e-02+0.10575807j],[-5.39107080e-02-0.14446834j,-1.89642480e-02+0.03835783j,-2.64002094e-04+0.03398402j,1.57446329e-01-0.29974955j],[1.28636622e-03+0.01497286j,-1.06409636e-01-0.00205637j,9.42635252e-02-0.14458711j,-7.99052289e-03-0.19766753j],[-1.65057661e-01-0.0636643j,-4.95115694e-02+0.09689637j,2.17952341e-02-0.10601316j,-2.31410428e-01-0.50916721j]],[[-8.22791846e-02+0.18330686j,1.40896208e-01+0.26073833j,1.42642718e-01-0.3226968j,3.20300048e-04-0.3901239j],[-2.71128866e-02+0.05710871j,-5.07091251e-02+0.13992289j,1.90779929e-01+0.03430144j,2.11503622e-01-0.25088662j],[7.97536593e-02+0.02701607j,1.52271258e-01-0.17055012j,-3.40092890e-01-0.08341821j,-2.72315797e-01+0.24291544j],[-2.59148375e-02+0.07629723j,8.07764686e-02-0.05165997j,-2.23800388e-01-0.08759361j,-4.66906838e-02+0.18149963j]]]", "initial param values": "[1.0371952,1.44731116,1.38463083,5.21933933,4.4221684,1.59613552]", "nelder_mead": {"type": "gradient-free", "0": {"maxiter": 100, "fatol": 1e-05, "xatol": 1e-05, "duration": 0.06618404388427734, "fun": "0.3489616503839512", "nit": "100", "nfev": "158", "status": "2", "success": "False", "message": "Maximum number of iterations has been exceeded.", "x": "[ 1.76316467  2.81803727 -0.58346224  6.78008966  9.69769065 -0.06398668]", "final_simplex": "(array([[ 1.76316467,  2.81803727, -0.58346224,  6.78008966,  9.69769065,\n        -0.06398668],\n       [ 1.76980265,  2.95322408, -0.62876857,  6.75209227,  9.67316574,\n        -0.16211956],\n       [ 1.78620696,  3.03367327, -0.69741774,  6.68895525,  9.91008436,\n        -0.17413394],\n       [ 1.83728458,  3.04438016, -0.7255433 ,  6.6808166 , 10.04027197,\n        -0.25952672],\n       [ 1.64846097,  2.83721081, -0.51556259,  6.75716026,  9.53693714,\n         0.05703782],\n       [ 1.83999803,  2.98162848, -0.66953037,  6.70659814,  9.73322705,\n        -0.2553503 ],\n       [ 1.67004958,  3.03045589, -0.60747738,  6.63547704,  9.71118801,\n        -0.08129762]]), array([0.34896165, 0.3522575 , 0.35227098, 0.35367211, 0.35445235,\n       0.35484744, 0.35745642]))", "callback": [0.8734495575205717, 0.7400284855066479, 0.568884052761392, 0.5365030011652017, 0.45082281698102167, 0.4267999376026381, 0.4177252058736811, 0.3979973705534954, 0.38198561898360905, 0.35745642056251525]}, "1": {"maxiter": 100, "fatol": 1e-05, "xatol": 1e-10, "duration": 0.06320691108703613, "fun": "0.3489616503839512", "nit": "100", "nfev": "158", "status": "2", "success": "False", "message": "Maximum number of iterations has been exceeded.", "x": "[ 1.76316467  2.81803727 -0.58346224  6.78008966  9.69769065 -0.06398668]", "final_simplex": "(array([[ 1.76316467,  2.81803727, -0.58346224,  6.78008966,  9.69769065,\n        -0.06398668],\n       [ 1.76980265,  2.95322408, -0.62876857,  6.75209227,  9.67316574,\n        -0.16211956],\n       [ 1.78620696,  3.03367327, -0.69741774,  6.68895525,  9.91008436,\n        -0.17413394],\n       [ 1.83728458,  3.04438016, -0.7255433 ,  6.6808166 , 10.04027197,\n        -0.25952672],\n       [ 1.64846097,  2.83721081, -0.51556259,  6.75716026,  9.53693714,\n         0.05703782],\n       [ 1.83999803,  2.98162848, -0.66953037,  6.70659814,  9.73322705,\n        -0.2553503 ],\n       [ 1.67004958,  3.03045589, -0.60747738,  6.63547704,  9.71118801,\n        -0.08129762]]), array([0.34896165, 0.3522575 , 0.35227098, 0.35367211, 0.35445235,\n       0.35484744, 0.35745642]))", "callback": [0.8734495575205717, 0.7400284855066479, 0.568884052761392, 0.5365030011652017, 0.45082281698102167, 0.4267999376026381, 0.4177252058736811, 0.3979973705534954, 0.38198561898360905, 0.35745642056251525]}, "2": {"maxiter": 100, "fatol": 1e-10, "xatol": 1e-05, "duration": 0.04735994338989258, "fun": "0.3489616503839512", "nit": "100", "nfev": "158", "status": "2", "success": "False", "message": "Maximum number of iterations has been exceeded.", "x": "[ 1.76316467  2.81803727 -0.58346224  6.78008966  9.69769065 -0.06398668]", "final_simplex": "(array([[ 1.76316467,  2.81803727, -0.58346224,  6.78008966,  9.69769065,\n        -0.06398668],\n       [ 1.76980265,  2.95322408, -0.62876857,  6.75209227,  9.67316574,\n        -0.16211956],\n       [ 1.78620696,  3.03367327, -0.69741774,  6.68895525,  9.91008436,\n        -0.17413394],\n       [ 1.83728458,  3.04438016, -0.7255433 ,  6.6808166 , 10.04027197,\n        -0.25952672],\n       [ 1.64846097,  2.83721081, -0.51556259,  6.75716026,  9.53693714,\n         0.05703782],\n       [ 1.83999803,  2.98162848, -0.66953037,  6.70659814,  9.73322705,\n        -0.2553503 ],\n       [ 1.67004958,  3.03045589, -0.60747738,  6.63547704,  9.71118801,\n        -0.08129762]]), array([0.34896165, 0.3522575 , 0.35227098, 0.35367211, 0.35445235,\n       0.35484744, 0.35745642]))", "callback": [0.8734495575205717, 0.7400284855066479, 0.568884052761392, 0.5365030011652017, 0.45082281698102167, 0.4267999376026381, 0.4177252058736811, 0.3979973705534954, 0.38198561898360905, 0.35745642056251525]}, "3": {"maxiter": 100, "fatol": 1e-10, "xatol": 1e-10, "duration": 0.04283618927001953, "fun": "0.3489616503839512", "nit": "100", "nfev": "158", "status": "2", "success": "False", "message": "Maximum number of iterations has been exceeded.", "x": "[ 1.76316467  2.81803727 -0.58346224  6.78008966  9.69769065 -0.06398668]", "final_simplex": "(array([[ 1.76316467,  2.81803727, -0.58346224,  6.78008966,  9.69769065,\n        -0.06398668],\n       [ 1.76980265,  2.95322408, -0.62876857,  6.75209227,  9.67316574,\n        -0.16211956],\n       [ 1.78620696,  3.03367327, -0.69741774,  6.68895525,  9.91008436,\n        -0.17413394],\n       [ 1.83728458,  3.04438016, -0.7255433 ,  6.6808166 , 10.04027197,\n        -0.25952672],\n       [ 1.64846097,  2.83721081, -0.51556259,  6.75716026,  9.53693714,\n         0.05703782],\n       [ 1.83999803,  2.98162848, -0.66953037,  6.70659814,  9.73322705,\n        -0.2553503 ],\n       [ 1.67004958,  3.03045589, -0.60747738,  6.63547704,  9.71118801,\n        -0.08129762]]), array([0.34896165, 0.3522575 , 0.35227098, 0.35367211, 0.35445235,\n       0.35484744, 0.35745642]))", "callback": [0.8734495575205717, 0.7400284855066479, 0.568884052761392, 0.5365030011652017, 0.45082281698102167, 0.4267999376026381, 0.4177252058736811, 0.3979973705534954, 0.38198561898360905, 0.35745642056251525]}, "4": {"maxiter": 500, "fatol": 1e-05, "xatol": 1e-05, "duration": 0.25687623023986816, "fun": "0.2941046509323979", "nit": "500", "nfev": "769", "status": "2", "success": "False", "message": "Maximum number of iterations has been exceeded.", "x": "[ 1.58505868  2.61433994 -1.10544786  6.81085195 10.18587689 -0.58431837]", "final_simplex": "(array([[ 1.58505868,  2.61433994, -1.10544786,  6.81085195, 10.18587689,\n        -0.58431837],\n       [ 1.58532309,  2.61307509, -1.10553888,  6.80998737, 10.18615827,\n        -0.58489802],\n       [ 1.58637818,  2.6155698 , -1.10527456,  6.81182239, 10.18610815,\n        -0.58492149],\n       [ 1.58408725,  2.61404669, -1.10430924,  6.80950862, 10.18497735,\n        -0.58540831],\n       [ 1.58556573,  2.6148637 , -1.1053745 ,  6.81061355, 10.18757157,\n        -0.58639474],\n       [ 1.58370764,  2.61374578, -1.10395697,  6.80918937, 10.1849712 ,\n        -0.58407075],\n       [ 1.58516201,  2.61392857, -1.1046647 ,  6.80941781, 10.18380857,\n        -0.58391596]]), array([0.29410465, 0.29410468, 0.29410478, 0.29410478, 0.29410481,\n       0.29410487, 0.29410502]))", "callback": [0.8734495575205717, 0.7400284855066479, 0.568884052761392, 0.5365030011652017, 0.45082281698102167, 0.4267999376026381, 0.4177252058736811, 0.3979973705534954, 0.38198561898360905, 0.35745642056251525, 0.3477461587722236, 0.3446337683040215, 0.3440630416789622, 0.34389327615690557, 0.34349267650285364, 0.3417593302167279, 0.34138487535337236, 0.34123921154677017, 0.34123921154677017, 0.3411590176421977, 0.340929914165934, 0.3399074996166045, 0.33506592660826995, 0.331869258937175, 0.3271801874334558, 0.32352917000906645, 0.3179618729735084, 0.31335732642965675, 0.31021324743016043, 0.3083818079942968, 0.30793603653379387, 0.30773974831363793, 0.3076606096851736, 0.3074305536287738, 0.30714086363774273, 0.30685718466810463, 0.30516028305041343, 0.30140513125200463, 0.295767986700779, 0.2957257692956773, 0.2947528342039982, 0.2942736422202772, 0.29423656532871223, 0.2941791408700387, 0.29415275618453984, 0.2941370277405446, 0.2941155719113693, 0.2941087219665036, 0.2941050810321715, 0.2941050201740216]}, "5": {"maxiter": 500, "fatol": 1e-05, "xatol": 1e-10, "duration": 0.28728389739990234, "fun": "0.2941046509323979", "nit": "500", "nfev": "769", "status": "2", "success": "False", "message": "Maximum number of iterations has been exceeded.", "x": "[ 1.58505868  2.61433994 -1.10544786  6.81085195 10.18587689 -0.58431837]", "final_simplex": "(array([[ 1.58505868,  2.61433994, -1.10544786,  6.81085195, 10.18587689,\n        -0.58431837],\n       [ 1.58532309,  2.61307509, -1.10553888,  6.80998737, 10.18615827,\n        -0.58489802],\n       [ 1.58637818,  2.6155698 , -1.10527456,  6.81182239, 10.18610815,\n        -0.58492149],\n       [ 1.58408725,  2.61404669, -1.10430924,  6.80950862, 10.18497735,\n        -0.58540831],\n       [ 1.58556573,  2.6148637 , -1.1053745 ,  6.81061355, 10.18757157,\n        -0.58639474],\n       [ 1.58370764,  2.61374578, -1.10395697,  6.80918937, 10.1849712 ,\n        -0.58407075],\n       [ 1.58516201,  2.61392857, -1.1046647 ,  6.80941781, 10.18380857,\n        -0.58391596]]), array([0.29410465, 0.29410468, 0.29410478, 0.29410478, 0.29410481,\n       0.29410487, 0.29410502]))", "callback": [0.8734495575205717, 0.7400284855066479, 0.568884052761392, 0.5365030011652017, 0.45082281698102167, 0.4267999376026381, 0.4177252058736811, 0.3979973705534954, 0.38198561898360905, 0.35745642056251525, 0.3477461587722236, 0.3446337683040215, 0.3440630416789622, 0.34389327615690557, 0.34349267650285364, 0.3417593302167279, 0.34138487535337236, 0.34123921154677017, 0.34123921154677017, 0.3411590176421977, 0.340929914165934, 0.3399074996166045, 0.33506592660826995, 0.331869258937175, 0.3271801874334558, 0.32352917000906645, 0.3179618729735084, 0.31335732642965675, 0.31021324743016043, 0.3083818079942968, 0.30793603653379387, 0.30773974831363793, 0.3076606096851736, 0.3074305536287738, 0.30714086363774273, 0.30685718466810463, 0.30516028305041343, 0.30140513125200463, 0.295767986700779, 0.2957257692956773, 0.2947528342039982, 0.2942736422202772, 0.29423656532871223, 0.2941791408700387, 0.29415275618453984, 0.2941370277405446, 0.2941155719113693, 0.2941087219665036, 0.2941050810321715, 0.2941050201740216]}, "6": {"maxiter": 500, "fatol": 1e-10, "xatol": 1e-05, "duration": 0.29493093490600586, "fun": "0.2941046509323979", "nit": "500", "nfev": "769", "status": "2", "success": "False", "message": "Maximum number of iterations has been exceeded.", "x": "[ 1.58505868  2.61433994 -1.10544786  6.81085195 10.18587689 -0.58431837]", "final_simplex": "(array([[ 1.58505868,  2.61433994, -1.10544786,  6.81085195, 10.18587689,\n        -0.58431837],\n       [ 1.58532309,  2.61307509, -1.10553888,  6.80998737, 10.18615827,\n        -0.58489802],\n       [ 1.58637818,  2.6155698 , -1.10527456,  6.81182239, 10.18610815,\n        -0.58492149],\n       [ 1.58408725,  2.61404669, -1.10430924,  6.80950862, 10.18497735,\n        -0.58540831],\n       [ 1.58556573,  2.6148637 , -1.1053745 ,  6.81061355, 10.18757157,\n        -0.58639474],\n       [ 1.58370764,  2.61374578, -1.10395697,  6.80918937, 10.1849712 ,\n        -0.58407075],\n       [ 1.58516201,  2.61392857, -1.1046647 ,  6.80941781, 10.18380857,\n        -0.58391596]]), array([0.29410465, 0.29410468, 0.29410478, 0.29410478, 0.29410481,\n       0.29410487, 0.29410502]))", "callback": [0.8734495575205717, 0.7400284855066479, 0.568884052761392, 0.5365030011652017, 0.45082281698102167, 0.4267999376026381, 0.4177252058736811, 0.3979973705534954, 0.38198561898360905, 0.35745642056251525, 0.3477461587722236, 0.3446337683040215, 0.3440630416789622, 0.34389327615690557, 0.34349267650285364, 0.3417593302167279, 0.34138487535337236, 0.34123921154677017, 0.34123921154677017, 0.3411590176421977, 0.340929914165934, 0.3399074996166045, 0.33506592660826995, 0.331869258937175, 0.3271801874334558, 0.32352917000906645, 0.3179618729735084, 0.31335732642965675, 0.31021324743016043, 0.3083818079942968, 0.30793603653379387, 0.30773974831363793, 0.3076606096851736, 0.3074305536287738, 0.30714086363774273, 0.30685718466810463, 0.30516028305041343, 0.30140513125200463, 0.295767986700779, 0.2957257692956773, 0.2947528342039982, 0.2942736422202772, 0.29423656532871223, 0.2941791408700387, 0.29415275618453984, 0.2941370277405446, 0.2941155719113693, 0.2941087219665036, 0.2941050810321715, 0.2941050201740216]}, "7": {"maxiter": 500, "fatol": 1e-10, "xatol": 1e-10, "duration": 0.27575016021728516, "fun": "0.2941046509323979", "nit": "500", "nfev": "769", "status": "2", "success": "False", "message": "Maximum number of iterations has been exceeded.", "x": "[ 1.58505868  2.61433994 -1.10544786  6.81085195 10.18587689 -0.58431837]", "final_simplex": "(array([[ 1.58505868,  2.61433994, -1.10544786,  6.81085195, 10.18587689,\n        -0.58431837],\n       [ 1.58532309,  2.61307509, -1.10553888,  6.80998737, 10.18615827,\n        -0.58489802],\n       [ 1.58637818,  2.6155698 , -1.10527456,  6.81182239, 10.18610815,\n        -0.58492149],\n       [ 1.58408725,  2.61404669, -1.10430924,  6.80950862, 10.18497735,\n        -0.58540831],\n       [ 1.58556573,  2.6148637 , -1.1053745 ,  6.81061355, 10.18757157,\n        -0.58639474],\n       [ 1.58370764,  2.61374578, -1.10395697,  6.80918937, 10.1849712 ,\n        -0.58407075],\n       [ 1.58516201,  2.61392857, -1.1046647 ,  6.80941781, 10.18380857,\n        -0.58391596]]), array([0.29410465, 0.29410468, 0.29410478, 0.29410478, 0.29410481,\n       0.29410487, 0.29410502]))", "callback": [0.8734495575205717, 0.7400284855066479, 0.568884052761392, 0.5365030011652017, 0.45082281698102167, 0.4267999376026381, 0.4177252058736811, 0.3979973705534954, 0.38198561898360905, 0.35745642056251525, 0.3477461587722236, 0.3446337683040215, 0.3440630416789622, 0.34389327615690557, 0.34349267650285364, 0.3417593302167279, 0.34138487535337236, 0.34123921154677017, 0.34123921154677017, 0.3411590176421977, 0.340929914165934, 0.3399074996166045, 0.33506592660826995, 0.331869258937175, 0.3271801874334558, 0.32352917000906645, 0.3179618729735084, 0.31335732642965675, 0.31021324743016043, 0.3083818079942968, 0.30793603653379387, 0.30773974831363793, 0.3076606096851736, 0.3074305536287738, 0.30714086363774273, 0.30685718466810463, 0.30516028305041343, 0.30140513125200463, 0.295767986700779, 0.2957257692956773, 0.2947528342039982, 0.2942736422202772, 0.29423656532871223, 0.2941791408700387, 0.29415275618453984, 0.2941370277405446, 0.2941155719113693, 0.2941087219665036, 0.2941050810321715, 0.2941050201740216]}, "8": {"maxiter": 1000, "fatol": 1e-05, "xatol": 1e-05, "duration": 0.3783888816833496, "fun": "0.29410398195713783", "nit": "621", "nfev": "958", "status": "0", "success": "True", "message": "Optimization terminated successfully.", "x": "[ 1.58583357  2.61343485 -1.10506063  6.8117753  10.18712273 -0.58639629]", "final_simplex": "(array([[ 1.58583357,  2.61343485, -1.10506063,  6.8117753 , 10.18712273,\n        -0.58639629],\n       [ 1.58583217,  2.61343444, -1.105061  ,  6.81177311, 10.18712663,\n        -0.586399  ],\n       [ 1.58582963,  2.61343429, -1.1050575 ,  6.81177457, 10.18712605,\n        -0.58640173],\n       [ 1.58583433,  2.6134374 , -1.10506078,  6.81177642, 10.18712794,\n        -0.58639769],\n       [ 1.58582426,  2.61343274, -1.10505373,  6.81176761, 10.1871134 ,\n        -0.586389  ],\n       [ 1.58583252,  2.61343405, -1.10505871,  6.81177198, 10.18712004,\n        -0.58639164],\n       [ 1.58583259,  2.61343369, -1.1050637 ,  6.81177785, 10.18712549,\n        -0.58639772]]), array([0.29410398, 0.29410398, 0.29410398, 0.29410398, 0.29410398,\n       0.29410398, 0.29410398]))", "callback": [0.8734495575205717, 0.7400284855066479, 0.568884052761392, 0.5365030011652017, 0.45082281698102167, 0.4267999376026381, 0.4177252058736811, 0.3979973705534954, 0.38198561898360905, 0.35745642056251525, 0.3477461587722236, 0.3446337683040215, 0.3440630416789622, 0.34389327615690557, 0.34349267650285364, 0.3417593302167279, 0.34138487535337236, 0.34123921154677017, 0.34123921154677017, 0.3411590176421977, 0.340929914165934, 0.3399074996166045, 0.33506592660826995, 0.331869258937175, 0.3271801874334558, 0.32352917000906645, 0.3179618729735084, 0.31335732642965675, 0.31021324743016043, 0.3083818079942968, 0.30793603653379387, 0.30773974831363793, 0.3076606096851736, 0.3074305536287738, 0.30714086363774273, 0.30685718466810463, 0.30516028305041343, 0.30140513125200463, 0.295767986700779, 0.2957257692956773, 0.2947528342039982, 0.2942736422202772, 0.29423656532871223, 0.2941791408700387, 0.29415275618453984, 0.2941370277405446, 0.2941155719113693, 0.2941087219665036, 0.2941050810321715, 0.2941050201740216, 0.29410461733726556, 0.29410430851477276, 0.29410404849664573, 0.29410403695269394, 0.29410399253821096, 0.2941039837052418, 0.2941039827913787, 0.29410398231180523, 0.29410398202695776, 0.2941039819903094, 0.29410398197023013, 0.29410398195980036, 0.29410398195713783]}, "9": {"maxiter": 1000, "fatol": 1e-05, "xatol": 1e-10, "duration": 0.4341268539428711, "fun": "0.29410398195295595", "nit": "737", "nfev": "1208", "status": "0", "success": "True", "message": "Optimization terminated successfully.", "x": "[ 1.58582984  2.61343877 -1.10505956  6.81177468 10.18712238 -0.58639773]", "final_simplex": "(array([[ 1.58582984,  2.61343877, -1.10505956,  6.81177468, 10.18712238,\n        -0.58639773],\n       [ 1.58582984,  2.61343877, -1.10505956,  6.81177468, 10.18712238,\n        -0.58639773],\n       [ 1.58582984,  2.61343877, -1.10505956,  6.81177468, 10.18712238,\n        -0.58639773],\n       [ 1.58582984,  2.61343877, -1.10505956,  6.81177468, 10.18712238,\n        -0.58639773],\n       [ 1.58582984,  2.61343877, -1.10505956,  6.81177468, 10.18712238,\n        -0.58639773],\n       [ 1.58582984,  2.61343877, -1.10505956,  6.81177468, 10.18712238,\n        -0.58639773],\n       [ 1.58582984,  2.61343877, -1.10505956,  6.81177468, 10.18712238,\n        -0.58639773]]), array([0.29410398, 0.29410398, 0.29410398, 0.29410398, 0.29410398,\n       0.29410398, 0.29410398]))", "callback": [0.8734495575205717, 0.7400284855066479, 0.568884052761392, 0.5365030011652017, 0.45082281698102167, 0.4267999376026381, 0.4177252058736811, 0.3979973705534954, 0.38198561898360905, 0.35745642056251525, 0.3477461587722236, 0.3446337683040215, 0.3440630416789622, 0.34389327615690557, 0.34349267650285364, 0.3417593302167279, 0.34138487535337236, 0.34123921154677017, 0.34123921154677017, 0.3411590176421977, 0.340929914165934, 0.3399074996166045, 0.33506592660826995, 0.331869258937175, 0.3271801874334558, 0.32352917000906645, 0.3179618729735084, 0.31335732642965675, 0.31021324743016043, 0.3083818079942968, 0.30793603653379387, 0.30773974831363793, 0.3076606096851736, 0.3074305536287738, 0.30714086363774273, 0.30685718466810463, 0.30516028305041343, 0.30140513125200463, 0.295767986700779, 0.2957257692956773, 0.2947528342039982, 0.2942736422202772, 0.29423656532871223, 0.2941791408700387, 0.29415275618453984, 0.2941370277405446, 0.2941155719113693, 0.2941087219665036, 0.2941050810321715, 0.2941050201740216, 0.29410461733726556, 0.29410430851477276, 0.29410404849664573, 0.29410403695269394, 0.29410399253821096, 0.2941039837052418, 0.2941039827913787, 0.29410398231180523, 0.29410398202695776, 0.2941039819903094, 0.29410398197023013, 0.29410398195980036, 0.29410398195713783, 0.29410398195519594, 0.29410398195453435, 0.29410398195358556, 0.29410398195301457, 0.29410398195297915, 0.2941039819529675, 0.2941039819529574, 0.2941039819529566, 0.2941039819529564, 0.29410398195295606, 0.29410398195295595]}, "10": {"maxiter": 1000, "fatol": 1e-10, "xatol": 1e-05, "duration": 0.31058621406555176, "fun": "0.29410398195713783", "nit": "621", "nfev": "958", "status": "0", "success": "True", "message": "Optimization terminated successfully.", "x": "[ 1.58583357  2.61343485 -1.10506063  6.8117753  10.18712273 -0.58639629]", "final_simplex": "(array([[ 1.58583357,  2.61343485, -1.10506063,  6.8117753 , 10.18712273,\n        -0.58639629],\n       [ 1.58583217,  2.61343444, -1.105061  ,  6.81177311, 10.18712663,\n        -0.586399  ],\n       [ 1.58582963,  2.61343429, -1.1050575 ,  6.81177457, 10.18712605,\n        -0.58640173],\n       [ 1.58583433,  2.6134374 , -1.10506078,  6.81177642, 10.18712794,\n        -0.58639769],\n       [ 1.58582426,  2.61343274, -1.10505373,  6.81176761, 10.1871134 ,\n        -0.586389  ],\n       [ 1.58583252,  2.61343405, -1.10505871,  6.81177198, 10.18712004,\n        -0.58639164],\n       [ 1.58583259,  2.61343369, -1.1050637 ,  6.81177785, 10.18712549,\n        -0.58639772]]), array([0.29410398, 0.29410398, 0.29410398, 0.29410398, 0.29410398,\n       0.29410398, 0.29410398]))", "callback": [0.8734495575205717, 0.7400284855066479, 0.568884052761392, 0.5365030011652017, 0.45082281698102167, 0.4267999376026381, 0.4177252058736811, 0.3979973705534954, 0.38198561898360905, 0.35745642056251525, 0.3477461587722236, 0.3446337683040215, 0.3440630416789622, 0.34389327615690557, 0.34349267650285364, 0.3417593302167279, 0.34138487535337236, 0.34123921154677017, 0.34123921154677017, 0.3411590176421977, 0.340929914165934, 0.3399074996166045, 0.33506592660826995, 0.331869258937175, 0.3271801874334558, 0.32352917000906645, 0.3179618729735084, 0.31335732642965675, 0.31021324743016043, 0.3083818079942968, 0.30793603653379387, 0.30773974831363793, 0.3076606096851736, 0.3074305536287738, 0.30714086363774273, 0.30685718466810463, 0.30516028305041343, 0.30140513125200463, 0.295767986700779, 0.2957257692956773, 0.2947528342039982, 0.2942736422202772, 0.29423656532871223, 0.2941791408700387, 0.29415275618453984, 0.2941370277405446, 0.2941155719113693, 0.2941087219665036, 0.2941050810321715, 0.2941050201740216, 0.29410461733726556, 0.29410430851477276, 0.29410404849664573, 0.29410403695269394, 0.29410399253821096, 0.2941039837052418, 0.2941039827913787, 0.29410398231180523, 0.29410398202695776, 0.2941039819903094, 0.29410398197023013, 0.29410398195980036, 0.29410398195713783]}, "11": {"maxiter": 1000, "fatol": 1e-10, "xatol": 1e-10, "duration": 0.4445779323577881, "fun": "0.29410398195295595", "nit": "737", "nfev": "1208", "status": "0", "success": "True", "message": "Optimization terminated successfully.", "x": "[ 1.58582984  2.61343877 -1.10505956  6.81177468 10.18712238 -0.58639773]", "final_simplex": "(array([[ 1.58582984,  2.61343877, -1.10505956,  6.81177468, 10.18712238,\n        -0.58639773],\n       [ 1.58582984,  2.61343877, -1.10505956,  6.81177468, 10.18712238,\n        -0.58639773],\n       [ 1.58582984,  2.61343877, -1.10505956,  6.81177468, 10.18712238,\n        -0.58639773],\n       [ 1.58582984,  2.61343877, -1.10505956,  6.81177468, 10.18712238,\n        -0.58639773],\n       [ 1.58582984,  2.61343877, -1.10505956,  6.81177468, 10.18712238,\n        -0.58639773],\n       [ 1.58582984,  2.61343877, -1.10505956,  6.81177468, 10.18712238,\n        -0.58639773],\n       [ 1.58582984,  2.61343877, -1.10505956,  6.81177468, 10.18712238,\n        -0.58639773]]), array([0.29410398, 0.29410398, 0.29410398, 0.29410398, 0.29410398,\n       0.29410398, 0.29410398]))", "callback": [0.8734495575205717, 0.7400284855066479, 0.568884052761392, 0.5365030011652017, 0.45082281698102167, 0.4267999376026381, 0.4177252058736811, 0.3979973705534954, 0.38198561898360905, 0.35745642056251525, 0.3477461587722236, 0.3446337683040215, 0.3440630416789622, 0.34389327615690557, 0.34349267650285364, 0.3417593302167279, 0.34138487535337236, 0.34123921154677017, 0.34123921154677017, 0.3411590176421977, 0.340929914165934, 0.3399074996166045, 0.33506592660826995, 0.331869258937175, 0.3271801874334558, 0.32352917000906645, 0.3179618729735084, 0.31335732642965675, 0.31021324743016043, 0.3083818079942968, 0.30793603653379387, 0.30773974831363793, 0.3076606096851736, 0.3074305536287738, 0.30714086363774273, 0.30685718466810463, 0.30516028305041343, 0.30140513125200463, 0.295767986700779, 0.2957257692956773, 0.2947528342039982, 0.2942736422202772, 0.29423656532871223, 0.2941791408700387, 0.29415275618453984, 0.2941370277405446, 0.2941155719113693, 0.2941087219665036, 0.2941050810321715, 0.2941050201740216, 0.29410461733726556, 0.29410430851477276, 0.29410404849664573, 0.29410403695269394, 0.29410399253821096, 0.2941039837052418, 0.2941039827913787, 0.29410398231180523, 0.29410398202695776, 0.2941039819903094, 0.29410398197023013, 0.29410398195980036, 0.29410398195713783, 0.29410398195519594, 0.29410398195453435, 0.29410398195358556, 0.29410398195301457, 0.29410398195297915, 0.2941039819529675, 0.2941039819529574, 0.2941039819529566, 0.2941039819529564, 0.29410398195295606, 0.29410398195295595]}}, "bfgs": {"type": "gradient", "0": {"maxiter": 100, "gtol": 1e-05, "xrtol": 1e-05, "eps": 1e-05, "duration": 0.10097479820251465, "fun": "0.42251433081584877", "jac": "[ 1.59308122e-06 -6.93538560e-06  5.91156013e-06 -1.97191152e-06\n -1.03737019e-06 -1.59365854e-06]", "hess_inv": "[[ 5.53734925  0.49786295  0.94057811 -2.66778147  0.93133106  0.31097932]\n [ 0.49786295  4.31999599  0.79923932 -2.12343476  0.6325043   0.51121722]\n [ 0.94057811  0.79923932  4.74773278 -2.89375017 -0.17217489  0.52008026]\n [-2.66778147 -2.12343476 -2.89375017  6.4873636  -0.33555023 -0.52022   ]\n [ 0.93133106  0.6325043  -0.17217489 -0.33555023  4.77355405  1.37045828]\n [ 0.31097932  0.51121722  0.52008026 -0.52022     1.37045828  4.25340395]]", "nfev": "280", "njev": "40", "status": "0", "success": "True", "message": "Optimization terminated successfully.", "x": "[4.85896547 3.09520394 1.26384673 4.54155665 1.33227024 5.79725888]", "nit": "31", "callback": [0.8037287114246848, 0.8010988513858497, 0.7969357661099618, 0.7932452507461087, 0.7907570016099973, 0.7865736973398328, 0.7810501728606704, 0.7785740893554527, 0.7745472938384501, 0.7673602011605922, 0.7022715592818213, 0.7007255648099187, 0.6430774563536741, 0.6074562300471837, 0.5678719517142318, 0.5359666183616475, 0.49148193248614125, 0.47347871349495496, 0.45608087838614464, 0.44911302109048623, 0.43726512077515745, 0.42469221980742144, 0.4237043711091677, 0.4229754370789198, 0.422613860475221, 0.4225604193757162, 0.4225303994590276, 0.4225180592317115, 0.42251469056001434, 0.42251434473845717, 0.42251433081584877]}, "1": {"maxiter": 100, "gtol": 1e-05, "xrtol": 1e-05, "eps": 1e-10, "duration": 0.10095500946044922, "fun": "0.4225143308393544", "jac": "[-1.11022293e-06 -7.77156053e-06  6.66133760e-06 -4.44089173e-06\n -2.22044587e-06 -4.44089173e-06]", "hess_inv": "[[ 5.57529248  0.52774064  0.93914089 -2.71317613  0.92281388  0.29824016]\n [ 0.52774064  4.34637926  0.82674673 -2.14038514  0.65143051  0.50691723]\n [ 0.93914089  0.82674673  4.6662612  -2.83881544 -0.19109564  0.49215913]\n [-2.71317613 -2.14038514 -2.83881544  6.48775621 -0.30744663 -0.47882905]\n [ 0.92281388  0.65143051 -0.19109564 -0.30744663  4.76714892  1.36699873]\n [ 0.29824016  0.50691723  0.49215913 -0.47882905  1.36699873  4.24774782]]", "nfev": "280", "njev": "40", "status": "0", "success": "True", "message": "Optimization terminated successfully.", "x": "[4.85897    3.09521145 1.26385695 4.54154473 1.33227529 5.79726271]", "nit": "31", "callback": [0.803729033415721, 0.8011002060379575, 0.7969379219434481, 0.7932454911355693, 0.7907584361357467, 0.7865764712044128, 0.7810529404060667, 0.7785752467602127, 0.7745471090505928, 0.7673543801199121, 0.702261956606387, 0.7007189083874403, 0.6431652462618387, 0.6074612346577426, 0.5678986056392039, 0.5360401552358218, 0.49145958271408285, 0.47378141826058673, 0.45625379633501595, 0.44929421872881514, 0.43744137323505305, 0.42472459993888245, 0.42371644538805864, 0.42298665090800025, 0.42261894989334303, 0.42256082353878, 0.4225318161242734, 0.42251817445880646, 0.4225147396134801, 0.4225143469117305, 0.4225143308393544]}, "2": {"maxiter": 100, "gtol": 1e-05, "xrtol": 1e-10, "eps": 1e-05, "duration": 0.08831000328063965, "fun": "0.42251433081584877", "jac": "[ 1.59308122e-06 -6.93538560e-06  5.91156013e-06 -1.97191152e-06\n -1.03737019e-06 -1.59365854e-06]", "hess_inv": "[[ 5.53734925  0.49786295  0.94057811 -2.66778147  0.93133106  0.31097932]\n [ 0.49786295  4.31999599  0.79923932 -2.12343476  0.6325043   0.51121722]\n [ 0.94057811  0.79923932  4.74773278 -2.89375017 -0.17217489  0.52008026]\n [-2.66778147 -2.12343476 -2.89375017  6.4873636  -0.33555023 -0.52022   ]\n [ 0.93133106  0.6325043  -0.17217489 -0.33555023  4.77355405  1.37045828]\n [ 0.31097932  0.51121722  0.52008026 -0.52022     1.37045828  4.25340395]]", "nfev": "280", "njev": "40", "status": "0", "success": "True", "message": "Optimization terminated successfully.", "x": "[4.85896547 3.09520394 1.26384673 4.54155665 1.33227024 5.79725888]", "nit": "31", "callback": [0.8037287114246848, 0.8010988513858497, 0.7969357661099618, 0.7932452507461087, 0.7907570016099973, 0.7865736973398328, 0.7810501728606704, 0.7785740893554527, 0.7745472938384501, 0.7673602011605922, 0.7022715592818213, 0.7007255648099187, 0.6430774563536741, 0.6074562300471837, 0.5678719517142318, 0.5359666183616475, 0.49148193248614125, 0.47347871349495496, 0.45608087838614464, 0.44911302109048623, 0.43726512077515745, 0.42469221980742144, 0.4237043711091677, 0.4229754370789198, 0.422613860475221, 0.4225604193757162, 0.4225303994590276, 0.4225180592317115, 0.42251469056001434, 0.42251434473845717, 0.42251433081584877]}, "3": {"maxiter": 100, "gtol": 1e-05, "xrtol": 1e-10, "eps": 1e-10, "duration": 0.15509986877441406, "fun": "0.4225143308393544", "jac": "[-1.11022293e-06 -7.77156053e-06  6.66133760e-06 -4.44089173e-06\n -2.22044587e-06 -4.44089173e-06]", "hess_inv": "[[ 5.57529248  0.52774064  0.93914089 -2.71317613  0.92281388  0.29824016]\n [ 0.52774064  4.34637926  0.82674673 -2.14038514  0.65143051  0.50691723]\n [ 0.93914089  0.82674673  4.6662612  -2.83881544 -0.19109564  0.49215913]\n [-2.71317613 -2.14038514 -2.83881544  6.48775621 -0.30744663 -0.47882905]\n [ 0.92281388  0.65143051 -0.19109564 -0.30744663  4.76714892  1.36699873]\n [ 0.29824016  0.50691723  0.49215913 -0.47882905  1.36699873  4.24774782]]", "nfev": "280", "njev": "40", "status": "0", "success": "True", "message": "Optimization terminated successfully.", "x": "[4.85897    3.09521145 1.26385695 4.54154473 1.33227529 5.79726271]", "nit": "31", "callback": [0.803729033415721, 0.8011002060379575, 0.7969379219434481, 0.7932454911355693, 0.7907584361357467, 0.7865764712044128, 0.7810529404060667, 0.7785752467602127, 0.7745471090505928, 0.7673543801199121, 0.702261956606387, 0.7007189083874403, 0.6431652462618387, 0.6074612346577426, 0.5678986056392039, 0.5360401552358218, 0.49145958271408285, 0.47378141826058673, 0.45625379633501595, 0.44929421872881514, 0.43744137323505305, 0.42472459993888245, 0.42371644538805864, 0.42298665090800025, 0.42261894989334303, 0.42256082353878, 0.4225318161242734, 0.42251817445880646, 0.4225147396134801, 0.4225143469117305, 0.4225143308393544]}, "4": {"maxiter": 100, "gtol": 1e-10, "xrtol": 1e-05, "eps": 1e-05, "duration": 0.09783387184143066, "fun": "0.4225143305491704", "jac": "[ 4.67970107e-07 -7.52720108e-07 -9.98423566e-08 -5.63493696e-07\n  2.23598917e-07 -2.65831801e-07]", "hess_inv": "[[ 5.35986605  0.46303376  1.0501201  -2.59285437  0.91029739  0.41019366]\n [ 0.46303376  4.51196866  0.51248828 -2.0115952   0.72642474  0.52194044]\n [ 1.0501201   0.51248828  5.15805605 -3.09060239 -0.31121477  0.47240687]\n [-2.59285437 -2.0115952  -3.09060239  6.50319194 -0.27876498 -0.56637826]\n [ 0.91029739  0.72642474 -0.31121477 -0.27876498  4.81941677  1.37790263]\n [ 0.41019366  0.52194044  0.47240687 -0.56637826  1.37790263  4.19832725]]", "nfev": "287", "njev": "41", "status": "0", "success": "True", "message": "Optimization terminated successfully.", "x": "[4.85895042 3.09522908 1.26381246 4.54157673 1.33228231 5.79726606]", "nit": "32", "callback": [0.8037287114246848, 0.8010988513858497, 0.7969357661099618, 0.7932452507461087, 0.7907570016099973, 0.7865736973398328, 0.7810501728606704, 0.7785740893554527, 0.7745472938384501, 0.7673602011605922, 0.7022715592818213, 0.7007255648099187, 0.6430774563536741, 0.6074562300471837, 0.5678719517142318, 0.5359666183616475, 0.49148193248614125, 0.47347871349495496, 0.45608087838614464, 0.44911302109048623, 0.43726512077515745, 0.42469221980742144, 0.4237043711091677, 0.4229754370789198, 0.422613860475221, 0.4225604193757162, 0.4225303994590276, 0.4225180592317115, 0.42251469056001434, 0.42251434473845717, 0.42251433081584877, 0.4225143305491704]}, "5": {"maxiter": 100, "gtol": 1e-10, "xrtol": 1e-05, "eps": 1e-10, "duration": 0.11262392997741699, "fun": "0.4225143305595389", "jac": "[1.11022293e-06 0.00000000e+00 0.00000000e+00 0.00000000e+00\n 2.22044587e-06 1.11022293e-06]", "hess_inv": "[[ 5.47271812  0.5508511   0.90330541 -2.57009729  0.99429912  0.44377001]\n [ 0.5508511   4.54692701  0.52773558 -1.99688287  0.81688944  0.6067389 ]\n [ 0.90330541  0.52773558  5.11206052 -3.05111589 -0.43710375  0.34508327]\n [-2.57009729 -1.99688287 -3.05111589  6.43827984 -0.25208222 -0.56856096]\n [ 0.99429912  0.81688944 -0.43710375 -0.25208222  4.87754904  1.38259706]\n [ 0.44377001  0.6067389   0.34508327 -0.56856096  1.38259706  4.12674197]]", "nfev": "287", "njev": "41", "status": "0", "success": "True", "message": "Optimization terminated successfully.", "x": "[4.85896711 3.09523952 1.26381502 4.54157219 1.33230151 5.79728449]", "nit": "32", "callback": [0.803729033415721, 0.8011002060379575, 0.7969379219434481, 0.7932454911355693, 0.7907584361357467, 0.7865764712044128, 0.7810529404060667, 0.7785752467602127, 0.7745471090505928, 0.7673543801199121, 0.702261956606387, 0.7007189083874403, 0.6431652462618387, 0.6074612346577426, 0.5678986056392039, 0.5360401552358218, 0.49145958271408285, 0.47378141826058673, 0.45625379633501595, 0.44929421872881514, 0.43744137323505305, 0.42472459993888245, 0.42371644538805864, 0.42298665090800025, 0.42261894989334303, 0.42256082353878, 0.4225318161242734, 0.42251817445880646, 0.4225147396134801, 0.4225143469117305, 0.4225143308393544, 0.4225143305595389]}, "6": {"maxiter": 100, "gtol": 1e-10, "xrtol": 1e-10, "eps": 1e-05, "duration": 0.19135785102844238, "fun": "0.422514330544822", "jac": "[ 2.94431146e-08 -5.18918242e-08 -6.62803146e-08 -6.37490061e-08\n  6.00408612e-08  4.50750548e-09]", "hess_inv": "[[ 5.83170462  0.14173438  1.21729771 -3.00797571  1.10076409  0.39654439]\n [ 0.14173438  4.68144207  0.48138348 -1.75227266  0.56143633  0.52634215]\n [ 1.21729771  0.48138348  5.06828117 -3.19905381 -0.16519029  0.48936855]\n [-3.00797571 -1.75227266 -3.19905381  6.85732343 -0.46200521 -0.55595309]\n [ 1.10076409  0.56143633 -0.16519029 -0.46200521  4.83441934  1.34314803]\n [ 0.39654439  0.52634215  0.48936855 -0.55595309  1.34314803  4.18014412]]", "nfev": "551", "njev": "77", "status": "2", "success": "False", "message": "Desired error not necessarily achieved due to precision loss.", "x": "[4.85894642 3.09523149 1.26381099 4.54158007 1.33228156 5.79726691]", "nit": "33", "callback": [0.8037287114246848, 0.8010988513858497, 0.7969357661099618, 0.7932452507461087, 0.7907570016099973, 0.7865736973398328, 0.7810501728606704, 0.7785740893554527, 0.7745472938384501, 0.7673602011605922, 0.7022715592818213, 0.7007255648099187, 0.6430774563536741, 0.6074562300471837, 0.5678719517142318, 0.5359666183616475, 0.49148193248614125, 0.47347871349495496, 0.45608087838614464, 0.44911302109048623, 0.43726512077515745, 0.42469221980742144, 0.4237043711091677, 0.4229754370789198, 0.422613860475221, 0.4225604193757162, 0.4225303994590276, 0.4225180592317115, 0.42251469056001434, 0.42251434473845717, 0.42251433081584877, 0.4225143305491704, 0.422514330544822]}, "7": {"maxiter": 100, "gtol": 1e-10, "xrtol": 1e-10, "eps": 1e-10, "duration": 0.19040799140930176, "fun": "0.4225143305320842", "jac": "[ 0.00000000e+00  0.00000000e+00 -1.11022293e-06  0.00000000e+00\n  0.00000000e+00  0.00000000e+00]", "hess_inv": "[[ 2.4208291  -1.22911569  1.60495056 -1.46630396 -0.68369591 -1.29744822]\n [-1.22911569  1.2212482  -0.56818355  0.80616088  0.09758348  0.91893655]\n [ 1.60495056 -0.56818355  2.32245155 -2.69535989 -1.62428669 -0.25676008]\n [-1.46630396  0.80616088 -2.69535989  4.3531792   1.48094778 -0.71411705]\n [-0.68369591  0.09758348 -1.62428669  1.48094778  3.41365742  0.36580162]\n [-1.29744822  0.91893655 -0.25676008 -0.71411705  0.36580162  2.05910671]]", "nfev": "474", "njev": "66", "status": "2", "success": "False", "message": "Desired error not necessarily achieved due to precision loss.", "x": "[4.85895588 3.09523647 1.26381146 4.54157843 1.33228669 5.79727521]", "nit": "36", "callback": [0.803729033415721, 0.8011002060379575, 0.7969379219434481, 0.7932454911355693, 0.7907584361357467, 0.7865764712044128, 0.7810529404060667, 0.7785752467602127, 0.7745471090505928, 0.7673543801199121, 0.702261956606387, 0.7007189083874403, 0.6431652462618387, 0.6074612346577426, 0.5678986056392039, 0.5360401552358218, 0.49145958271408285, 0.47378141826058673, 0.45625379633501595, 0.44929421872881514, 0.43744137323505305, 0.42472459993888245, 0.42371644538805864, 0.42298665090800025, 0.42261894989334303, 0.42256082353878, 0.4225318161242734, 0.42251817445880646, 0.4225147396134801, 0.4225143469117305, 0.4225143308393544, 0.4225143305595389, 0.4225143305334741, 0.42251433053235243, 0.42251433053212595, 0.4225143305320842]}, "8": {"maxiter": 500, "gtol": 1e-05, "xrtol": 1e-05, "eps": 1e-05, "duration": 0.09831881523132324, "fun": "0.42251433081584877", "jac": "[ 1.59308122e-06 -6.93538560e-06  5.91156013e-06 -1.97191152e-06\n -1.03737019e-06 -1.59365854e-06]", "hess_inv": "[[ 5.53734925  0.49786295  0.94057811 -2.66778147  0.93133106  0.31097932]\n [ 0.49786295  4.31999599  0.79923932 -2.12343476  0.6325043   0.51121722]\n [ 0.94057811  0.79923932  4.74773278 -2.89375017 -0.17217489  0.52008026]\n [-2.66778147 -2.12343476 -2.89375017  6.4873636  -0.33555023 -0.52022   ]\n [ 0.93133106  0.6325043  -0.17217489 -0.33555023  4.77355405  1.37045828]\n [ 0.31097932  0.51121722  0.52008026 -0.52022     1.37045828  4.25340395]]", "nfev": "280", "njev": "40", "status": "0", "success": "True", "message": "Optimization terminated successfully.", "x": "[4.85896547 3.09520394 1.26384673 4.54155665 1.33227024 5.79725888]", "nit": "31", "callback": [0.8037287114246848, 0.8010988513858497, 0.7969357661099618, 0.7932452507461087, 0.7907570016099973, 0.7865736973398328, 0.7810501728606704, 0.7785740893554527, 0.7745472938384501, 0.7673602011605922, 0.7022715592818213, 0.7007255648099187, 0.6430774563536741, 0.6074562300471837, 0.5678719517142318, 0.5359666183616475, 0.49148193248614125, 0.47347871349495496, 0.45608087838614464, 0.44911302109048623, 0.43726512077515745, 0.42469221980742144, 0.4237043711091677, 0.4229754370789198, 0.422613860475221, 0.4225604193757162, 0.4225303994590276, 0.4225180592317115, 0.42251469056001434, 0.42251434473845717, 0.42251433081584877]}, "9": {"maxiter": 500, "gtol": 1e-05