{"date": "2024/09/25/, 10:17:22", "conf_id": 203, "data_type": "non_lin_ind\n", "num_data_points": 3, "s_rank": 0, "unitary": "[[-0.53618537-0.34368723j,-0.12107031-0.46226139j,-0.07699282-0.46603512j,0.36022595-0.11472301j],[0.26026499-0.63450712j,-0.56616638+0.37832564j,-0.14988651+0.08458591j,0.10363514-0.16008501j],[-0.32580188-0.11070003j,-0.36476308-0.23593218j,0.02559343+0.41761608j,-0.25598305+0.6725303j],[0.07406738-0.0126433j,0.28513701+0.19483972j,-0.74939717-0.10299659j,0.29798249+0.46269921j]]", "databatch_0": {"databatch": "[[[-0.27358051+0.04310618j,0.09220478-0.11341888j,0.03386677+0.38450541j,0.28599796+0.18152067j],[0.12214084+0.14605996j,-0.09947015-0.01426317j,0.21472683-0.15591147j,0.00590668-0.2327992j],[0.16632001-0.20258038j,0.00615466+0.13819702j,-0.26582736-0.25056245j,-0.31640634+0.05156795j],[0.08557177+0.15173771j,-0.0871156-0.02939065j,0.21913671-0.10452327j,0.04406755-0.20845834j]],[[-0.10787328+0.10107062j,-0.06306902-0.23563275j,0.04686055+0.34874354j,-0.39139517+0.05869756j],[0.09772943+0.02786696j,-0.11662836+0.1204941j,0.18904796-0.15092868j,0.17298738+0.2100099j],[0.0126918-0.13932272j,0.19282336+0.12693073j,-0.2525179-0.21710275j,0.23981354-0.28771829j],[0.08328494+0.04133974j,-0.12498497+0.08898966j,0.19520482-0.10431511j,0.1206711+0.21773563j]],[[0.0119794+0.2408871j,-0.31118846+0.20957382j,0.14600368+0.00261684j,0.30616495-0.21866759j],[0.13778928-0.09222987j,0.23358502+0.10937771j,-0.05007753-0.08700753j,-0.23717053-0.10320074j],[-0.16000548-0.16278491j,0.08819081-0.34394054j,-0.10487904+0.08999659j,-0.07891826+0.34721019j],[0.13931766-0.06003868j,0.19194076+0.13728776j,-0.03056914-0.08661403j,-0.19619478-0.13232742j]]]", "initial param values": "[0.39514924,0.84172178,2.43437531,5.08275783,4.8632348,0.87063172]", "nelder_mead": {"type": "gradient-free", "0": {"maxiter": 100, "fatol": 1e-05, "xatol": 1e-05, "duration": 0.03803586959838867, "fun": "0.038995031738275454", "nit": "100", "nfev": "161", "status": "2", "success": "False", "message": "Maximum number of iterations has been exceeded.", "x": "[0.59048474 1.34418001 0.55585331 2.7743202  4.30915424 1.35546206]", "final_simplex": "(array([[0.59048474, 1.34418001, 0.55585331, 2.7743202 , 4.30915424,\n        1.35546206],\n       [0.59712544, 1.39367655, 0.44625819, 2.68388574, 4.31246734,\n        1.36059326],\n       [0.59386399, 1.44709085, 0.45798055, 2.68695155, 4.34979255,\n        1.33898053],\n       [0.59589528, 1.44488551, 0.51434052, 2.78675356, 4.38260635,\n        1.30160946],\n       [0.59573146, 1.49734247, 0.49098879, 2.78192156, 4.35438249,\n        1.29070754],\n       [0.59548678, 1.50560649, 0.48502584, 2.73947847, 4.37089272,\n        1.28983203],\n       [0.60141722, 1.50932844, 0.45137783, 2.80109135, 4.36002041,\n        1.29738852]]), array([0.03899503, 0.04032432, 0.04142121, 0.04216668, 0.04304135,\n       0.04307926, 0.04377752]))", "callback": [0.7390362027309794, 0.5169361367045742, 0.46722025852690596, 0.21535028720585636, 0.07238709278496136, 0.05201473959612324, 0.04843723799968791, 0.04748198448900409, 0.04701566236352761, 0.04493656148192693]}, "1": {"maxiter": 100, "fatol": 1e-05, "xatol": 1e-10, "duration": 0.03870105743408203, "fun": "0.038995031738275454", "nit": "100", "nfev": "161", "status": "2", "success": "False", "message": "Maximum number of iterations has been exceeded.", "x": "[0.59048474 1.34418001 0.55585331 2.7743202  4.30915424 1.35546206]", "final_simplex": "(array([[0.59048474, 1.34418001, 0.55585331, 2.7743202 , 4.30915424,\n        1.35546206],\n       [0.59712544, 1.39367655, 0.44625819, 2.68388574, 4.31246734,\n        1.36059326],\n       [0.59386399, 1.44709085, 0.45798055, 2.68695155, 4.34979255,\n        1.33898053],\n       [0.59589528, 1.44488551, 0.51434052, 2.78675356, 4.38260635,\n        1.30160946],\n       [0.59573146, 1.49734247, 0.49098879, 2.78192156, 4.35438249,\n        1.29070754],\n       [0.59548678, 1.50560649, 0.48502584, 2.73947847, 4.37089272,\n        1.28983203],\n       [0.60141722, 1.50932844, 0.45137783, 2.80109135, 4.36002041,\n        1.29738852]]), array([0.03899503, 0.04032432, 0.04142121, 0.04216668, 0.04304135,\n       0.04307926, 0.04377752]))", "callback": [0.7390362027309794, 0.5169361367045742, 0.46722025852690596, 0.21535028720585636, 0.07238709278496136, 0.05201473959612324, 0.04843723799968791, 0.04748198448900409, 0.04701566236352761, 0.04493656148192693]}, "2": {"maxiter": 100, "fatol": 1e-10, "xatol": 1e-05, "duration": 0.039022207260131836, "fun": "0.038995031738275454", "nit": "100", "nfev": "161", "status": "2", "success": "False", "message": "Maximum number of iterations has been exceeded.", "x": "[0.59048474 1.34418001 0.55585331 2.7743202  4.30915424 1.35546206]", "final_simplex": "(array([[0.59048474, 1.34418001, 0.55585331, 2.7743202 , 4.30915424,\n        1.35546206],\n       [0.59712544, 1.39367655, 0.44625819, 2.68388574, 4.31246734,\n        1.36059326],\n       [0.59386399, 1.44709085, 0.45798055, 2.68695155, 4.34979255,\n        1.33898053],\n       [0.59589528, 1.44488551, 0.51434052, 2.78675356, 4.38260635,\n        1.30160946],\n       [0.59573146, 1.49734247, 0.49098879, 2.78192156, 4.35438249,\n        1.29070754],\n       [0.59548678, 1.50560649, 0.48502584, 2.73947847, 4.37089272,\n        1.28983203],\n       [0.60141722, 1.50932844, 0.45137783, 2.80109135, 4.36002041,\n        1.29738852]]), array([0.03899503, 0.04032432, 0.04142121, 0.04216668, 0.04304135,\n       0.04307926, 0.04377752]))", "callback": [0.7390362027309794, 0.5169361367045742, 0.46722025852690596, 0.21535028720585636, 0.07238709278496136, 0.05201473959612324, 0.04843723799968791, 0.04748198448900409, 0.04701566236352761, 0.04493656148192693]}, "3": {"maxiter": 100, "fatol": 1e-10, "xatol": 1e-10, "duration": 0.03756213188171387, "fun": "0.038995031738275454", "nit": "100", "nfev": "161", "status": "2", "success": "False", "message": "Maximum number of iterations has been exceeded.", "x": "[0.59048474 1.34418001 0.55585331 2.7743202  4.30915424 1.35546206]", "final_simplex": "(array([[0.59048474, 1.34418001, 0.55585331, 2.7743202 , 4.30915424,\n        1.35546206],\n       [0.59712544, 1.39367655, 0.44625819, 2.68388574, 4.31246734,\n        1.36059326],\n       [0.59386399, 1.44709085, 0.45798055, 2.68695155, 4.34979255,\n        1.33898053],\n       [0.59589528, 1.44488551, 0.51434052, 2.78675356, 4.38260635,\n        1.30160946],\n       [0.59573146, 1.49734247, 0.49098879, 2.78192156, 4.35438249,\n        1.29070754],\n       [0.59548678, 1.50560649, 0.48502584, 2.73947847, 4.37089272,\n        1.28983203],\n       [0.60141722, 1.50932844, 0.45137783, 2.80109135, 4.36002041,\n        1.29738852]]), array([0.03899503, 0.04032432, 0.04142121, 0.04216668, 0.04304135,\n       0.04307926, 0.04377752]))", "callback": [0.7390362027309794, 0.5169361367045742, 0.46722025852690596, 0.21535028720585636, 0.07238709278496136, 0.05201473959612324, 0.04843723799968791, 0.04748198448900409, 0.04701566236352761, 0.04493656148192693]}, "4": {"maxiter": 500, "fatol": 1e-05, "xatol": 1e-05, "duration": 0.18152713775634766, "fun": "0.00035038028000755617", "nit": "494", "nfev": "781", "status": "0", "success": "True", "message": "Optimization terminated successfully.", "x": "[ 0.82645787 -0.33395037  1.21116621  2.08904694  3.4684308   1.64216754]", "final_simplex": "(array([[ 0.82645787, -0.33395037,  1.21116621,  2.08904694,  3.4684308 ,\n         1.64216754],\n       [ 0.82645717, -0.33394597,  1.21116369,  2.08904901,  3.46843131,\n         1.64216501],\n       [ 0.82645758, -0.33395255,  1.2111674 ,  2.08904565,  3.46843066,\n         1.64216864],\n       [ 0.82645809, -0.33395775,  1.21117046,  2.08904284,  3.4684301 ,\n         1.64217086],\n       [ 0.82645757, -0.33395563,  1.21116918,  2.08904407,  3.46843004,\n         1.64216976],\n       [ 0.82645794, -0.33395277,  1.21116714,  2.08904567,  3.46843011,\n         1.64216864],\n       [ 0.82645767, -0.3339519 ,  1.21116704,  2.08904638,  3.46843065,\n         1.64216815]]), array([0.00035038, 0.00035038, 0.00035038, 0.00035038, 0.00035038,\n       0.00035038, 0.00035038]))", "callback": [0.7390362027309794, 0.5169361367045742, 0.46722025852690596, 0.21535028720585636, 0.07238709278496136, 0.05201473959612324, 0.04843723799968791, 0.04748198448900409, 0.04701566236352761, 0.04493656148192693, 0.037059884064780224, 0.027957956108208948, 0.027508260588842037, 0.0261105192521085, 0.024710971400027426, 0.02303959206512729, 0.017345430633170067, 0.008462104529761927, 0.00743167248852894, 0.00661204492025691, 0.00574766123637227, 0.0048070866709863935, 0.0041621041039076045, 0.004075025663581755, 0.004052923765062388, 0.004039306778391372, 0.004029543145783521, 0.0040189854083402254, 0.003980299341303617, 0.003898217261769865, 0.0036255663556238327, 0.003152808611310065, 0.0024752638449373476, 0.0015774173391035484, 0.0008200961878580548, 0.0006048171842909511, 0.00037987525753313545, 0.0003585884583583443, 0.00035156573730044105, 0.0003508562385845515, 0.0003504647800700589, 0.00035040415587062057, 0.00035038597052527987, 0.00035038143228172114, 0.00035038040053991804, 0.00035038029871836684, 0.0003503802822139024, 0.0003503802805499001, 0.000350380280096374, 0.0003503802800185474]}, "5": {"maxiter": 500, "fatol": 1e-05, "xatol": 1e-10, "duration": 0.18323111534118652, "fun": "0.0003503802800022271", "nit": "500", "nfev": "793", "status": "2", "success": "False", "message": "Maximum number of iterations has been exceeded.", "x": "[ 0.82645743 -0.33394924  1.21116557  2.08904738  3.46843096  1.64216671]", "final_simplex": "(array([[ 0.82645743, -0.33394924,  1.21116557,  2.08904738,  3.46843096,\n         1.64216671],\n       [ 0.82645761, -0.33395374,  1.21116812,  2.08904506,  3.46843038,\n         1.64216893],\n       [ 0.82645783, -0.33395447,  1.21116857,  2.08904463,  3.46843043,\n         1.64216931],\n       [ 0.82645759, -0.33395202,  1.21116714,  2.08904595,  3.46843069,\n         1.64216826],\n       [ 0.82645752, -0.33395224,  1.21116747,  2.08904581,  3.46843081,\n         1.6421682 ],\n       [ 0.82645769, -0.3339522 ,  1.21116719,  2.08904604,  3.46843058,\n         1.64216828],\n       [ 0.82645787, -0.33395037,  1.21116621,  2.08904694,  3.4684308 ,\n         1.64216754]]), array([0.00035038, 0.00035038, 0.00035038, 0.00035038, 0.00035038,\n       0.00035038, 0.00035038]))", "callback": [0.7390362027309794, 0.5169361367045742, 0.46722025852690596, 0.21535028720585636, 0.07238709278496136, 0.05201473959612324, 0.04843723799968791, 0.04748198448900409, 0.04701566236352761, 0.04493656148192693, 0.037059884064780224, 0.027957956108208948, 0.027508260588842037, 0.0261105192521085, 0.024710971400027426, 0.02303959206512729, 0.017345430633170067, 0.008462104529761927, 0.00743167248852894, 0.00661204492025691, 0.00574766123637227, 0.0048070866709863935, 0.0041621041039076045, 0.004075025663581755, 0.004052923765062388, 0.004039306778391372, 0.004029543145783521, 0.0040189854083402254, 0.003980299341303617, 0.003898217261769865, 0.0036255663556238327, 0.003152808611310065, 0.0024752638449373476, 0.0015774173391035484, 0.0008200961878580548, 0.0006048171842909511, 0.00037987525753313545, 0.0003585884583583443, 0.00035156573730044105, 0.0003508562385845515, 0.0003504647800700589, 0.00035040415587062057, 0.00035038597052527987, 0.00035038143228172114, 0.00035038040053991804, 0.00035038029871836684, 0.0003503802822139024, 0.0003503802805499001, 0.000350380280096374, 0.0003503802800185474]}, "6": {"maxiter": 500, "fatol": 1e-10, "xatol": 1e-05, "duration": 0.19576287269592285, "fun": "0.00035038028000755617", "nit": "494", "nfev": "781", "status": "0", "success": "True", "message": "Optimization terminated successfully.", "x": "[ 0.82645787 -0.33395037  1.21116621  2.08904694  3.4684308   1.64216754]", "final_simplex": "(array([[ 0.82645787, -0.33395037,  1.21116621,  2.08904694,  3.4684308 ,\n         1.64216754],\n       [ 0.82645717, -0.33394597,  1.21116369,  2.08904901,  3.46843131,\n         1.64216501],\n       [ 0.82645758, -0.33395255,  1.2111674 ,  2.08904565,  3.46843066,\n         1.64216864],\n       [ 0.82645809, -0.33395775,  1.21117046,  2.08904284,  3.4684301 ,\n         1.64217086],\n       [ 0.82645757, -0.33395563,  1.21116918,  2.08904407,  3.46843004,\n         1.64216976],\n       [ 0.82645794, -0.33395277,  1.21116714,  2.08904567,  3.46843011,\n         1.64216864],\n       [ 0.82645767, -0.3339519 ,  1.21116704,  2.08904638,  3.46843065,\n         1.64216815]]), array([0.00035038, 0.00035038, 0.00035038, 0.00035038, 0.00035038,\n       0.00035038, 0.00035038]))", "callback": [0.7390362027309794, 0.5169361367045742, 0.46722025852690596, 0.21535028720585636, 0.07238709278496136, 0.05201473959612324, 0.04843723799968791, 0.04748198448900409, 0.04701566236352761, 0.04493656148192693, 0.037059884064780224, 0.027957956108208948, 0.027508260588842037, 0.0261105192521085, 0.024710971400027426, 0.02303959206512729, 0.017345430633170067, 0.008462104529761927, 0.00743167248852894, 0.00661204492025691, 0.00574766123637227, 0.0048070866709863935, 0.0041621041039076045, 0.004075025663581755, 0.004052923765062388, 0.004039306778391372, 0.004029543145783521, 0.0040189854083402254, 0.003980299341303617, 0.003898217261769865, 0.0036255663556238327, 0.003152808611310065, 0.0024752638449373476, 0.0015774173391035484, 0.0008200961878580548, 0.0006048171842909511, 0.00037987525753313545, 0.0003585884583583443, 0.00035156573730044105, 0.0003508562385845515, 0.0003504647800700589, 0.00035040415587062057, 0.00035038597052527987, 0.00035038143228172114, 0.00035038040053991804, 0.00035038029871836684, 0.0003503802822139024, 0.0003503802805499001, 0.000350380280096374, 0.0003503802800185474]}, "7": {"maxiter": 500, "fatol": 1e-10, "xatol": 1e-10, "duration": 0.18692684173583984, "fun": "0.0003503802800022271", "nit": "500", "nfev": "793", "status": "2", "success": "False", "message": "Maximum number of iterations has been exceeded.", "x": "[ 0.82645743 -0.33394924  1.21116557  2.08904738  3.46843096  1.64216671]", "final_simplex": "(array([[ 0.82645743, -0.33394924,  1.21116557,  2.08904738,  3.46843096,\n         1.64216671],\n       [ 0.82645761, -0.33395374,  1.21116812,  2.08904506,  3.46843038,\n         1.64216893],\n       [ 0.82645783, -0.33395447,  1.21116857,  2.08904463,  3.46843043,\n         1.64216931],\n       [ 0.82645759, -0.33395202,  1.21116714,  2.08904595,  3.46843069,\n         1.64216826],\n       [ 0.82645752, -0.33395224,  1.21116747,  2.08904581,  3.46843081,\n         1.6421682 ],\n       [ 0.82645769, -0.3339522 ,  1.21116719,  2.08904604,  3.46843058,\n         1.64216828],\n       [ 0.82645787, -0.33395037,  1.21116621,  2.08904694,  3.4684308 ,\n         1.64216754]]), array([0.00035038, 0.00035038, 0.00035038, 0.00035038, 0.00035038,\n       0.00035038, 0.00035038]))", "callback": [0.7390362027309794, 0.5169361367045742, 0.46722025852690596, 0.21535028720585636, 0.07238709278496136, 0.05201473959612324, 0.04843723799968791, 0.04748198448900409, 0.04701566236352761, 0.04493656148192693, 0.037059884064780224, 0.027957956108208948, 0.027508260588842037, 0.0261105192521085, 0.024710971400027426, 0.02303959206512729, 0.017345430633170067, 0.008462104529761927, 0.00743167248852894, 0.00661204492025691, 0.00574766123637227, 0.0048070866709863935, 0.0041621041039076045, 0.004075025663581755, 0.004052923765062388, 0.004039306778391372, 0.004029543145783521, 0.0040189854083402254, 0.003980299341303617, 0.003898217261769865, 0.0036255663556238327, 0.003152808611310065, 0.0024752638449373476, 0.0015774173391035484, 0.0008200961878580548, 0.0006048171842909511, 0.00037987525753313545, 0.0003585884583583443, 0.00035156573730044105, 0.0003508562385845515, 0.0003504647800700589, 0.00035040415587062057, 0.00035038597052527987, 0.00035038143228172114, 0.00035038040053991804, 0.00035038029871836684, 0.0003503802822139024, 0.0003503802805499001, 0.000350380280096374, 0.0003503802800185474]}, "8": {"maxiter": 1000, "fatol": 1e-05, "xatol": 1e-05, "duration": 0.18986892700195312, "fun": "0.00035038028000755617", "nit": "494", "nfev": "781", "status": "0", "success": "True", "message": "Optimization terminated successfully.", "x": "[ 0.82645787 -0.33395037  1.21116621  2.08904694  3.4684308   1.64216754]", "final_simplex": "(array([[ 0.82645787, -0.33395037,  1.21116621,  2.08904694,  3.4684308 ,\n         1.64216754],\n       [ 0.82645717, -0.33394597,  1.21116369,  2.08904901,  3.46843131,\n         1.64216501],\n       [ 0.82645758, -0.33395255,  1.2111674 ,  2.08904565,  3.46843066,\n         1.64216864],\n       [ 0.82645809, -0.33395775,  1.21117046,  2.08904284,  3.4684301 ,\n         1.64217086],\n       [ 0.82645757, -0.33395563,  1.21116918,  2.08904407,  3.46843004,\n         1.64216976],\n       [ 0.82645794, -0.33395277,  1.21116714,  2.08904567,  3.46843011,\n         1.64216864],\n       [ 0.82645767, -0.3339519 ,  1.21116704,  2.08904638,  3.46843065,\n         1.64216815]]), array([0.00035038, 0.00035038, 0.00035038, 0.00035038, 0.00035038,\n       0.00035038, 0.00035038]))", "callback": [0.7390362027309794, 0.5169361367045742, 0.46722025852690596, 0.21535028720585636, 0.07238709278496136, 0.05201473959612324, 0.04843723799968791, 0.04748198448900409, 0.04701566236352761, 0.04493656148192693, 0.037059884064780224, 0.027957956108208948, 0.027508260588842037, 0.0261105192521085, 0.024710971400027426, 0.02303959206512729, 0.017345430633170067, 0.008462104529761927, 0.00743167248852894, 0.00661204492025691, 0.00574766123637227, 0.0048070866709863935, 0.0041621041039076045, 0.004075025663581755, 0.004052923765062388, 0.004039306778391372, 0.004029543145783521, 0.0040189854083402254, 0.003980299341303617, 0.003898217261769865, 0.0036255663556238327, 0.003152808611310065, 0.0024752638449373476, 0.0015774173391035484, 0.0008200961878580548, 0.0006048171842909511, 0.00037987525753313545, 0.0003585884583583443, 0.00035156573730044105, 0.0003508562385845515, 0.0003504647800700589, 0.00035040415587062057, 0.00035038597052527987, 0.00035038143228172114, 0.00035038040053991804, 0.00035038029871836684, 0.0003503802822139024, 0.0003503802805499001, 0.000350380280096374, 0.0003503802800185474]}, "9": {"maxiter": 1000, "fatol": 1e-05, "xatol": 1e-10, "duration": 0.23427700996398926, "fun": "0.000350380279996898", "nit": "569", "nfev": "983", "status": "0", "success": "True", "message": "Optimization terminated successfully.", "x": "[ 0.82645755 -0.33394891  1.21116515  2.08904762  3.46843074  1.64216661]", "final_simplex": "(array([[ 0.82645755, -0.33394891,  1.21116515,  2.08904762,  3.46843074,\n         1.64216661],\n       [ 0.82645755, -0.33394891,  1.21116515,  2.08904762,  3.46843074,\n         1.64216661],\n       [ 0.82645755, -0.33394891,  1.21116515,  2.08904762,  3.46843074,\n         1.64216661],\n       [ 0.82645755, -0.33394891,  1.21116515,  2.08904762,  3.46843074,\n         1.64216661],\n       [ 0.82645755, -0.33394891,  1.21116515,  2.08904762,  3.46843074,\n         1.64216661],\n       [ 0.82645755, -0.33394891,  1.21116515,  2.08904762,  3.46843074,\n         1.64216661],\n       [ 0.82645755, -0.33394891,  1.21116515,  2.08904762,  3.46843074,\n         1.64216661]]), array([0.00035038, 0.00035038, 0.00035038, 0.00035038, 0.00035038,\n       0.00035038, 0.00035038]))", "callback": [0.7390362027309794, 0.5169361367045742, 0.46722025852690596, 0.21535028720585636, 0.07238709278496136, 0.05201473959612324, 0.04843723799968791, 0.04748198448900409, 0.04701566236352761, 0.04493656148192693, 0.037059884064780224, 0.027957956108208948, 0.027508260588842037, 0.0261105192521085, 0.024710971400027426, 0.02303959206512729, 0.017345430633170067, 0.008462104529761927, 0.00743167248852894, 0.00661204492025691, 0.00574766123637227, 0.0048070866709863935, 0.0041621041039076045, 0.004075025663581755, 0.004052923765062388, 0.004039306778391372, 0.004029543145783521, 0.0040189854083402254, 0.003980299341303617, 0.003898217261769865, 0.0036255663556238327, 0.003152808611310065, 0.0024752638449373476, 0.0015774173391035484, 0.0008200961878580548, 0.0006048171842909511, 0.00037987525753313545, 0.0003585884583583443, 0.00035156573730044105, 0.0003508562385845515, 0.0003504647800700589, 0.00035040415587062057, 0.00035038597052527987, 0.00035038143228172114, 0.00035038040053991804, 0.00035038029871836684, 0.0003503802822139024, 0.0003503802805499001, 0.000350380280096374, 0.0003503802800185474, 0.0003503802800012279, 0.0003503802799992295, 0.0003503802799973421, 0.00035038027999700905, 0.000350380279996898, 0.000350380279996898, 0.000350380279996898]}, "10": {"maxiter": 1000, "fatol": 1e-10, "xatol": 1e-05, "duration": 0.1839451789855957, "fun": "0.00035038028000755617", "nit": "494", "nfev": "781", "status": "0", "success": "True", "message": "Optimization terminated successfully.", "x": "[ 0.82645787 -0.33395037  1.21116621  2.08904694  3.4684308   1.64216754]", "final_simplex": "(array([[ 0.82645787, -0.33395037,  1.21116621,  2.08904694,  3.4684308 ,\n         1.64216754],\n       [ 0.82645717, -0.33394597,  1.21116369,  2.08904901,  3.46843131,\n         1.64216501],\n       [ 0.82645758, -0.33395255,  1.2111674 ,  2.08904565,  3.46843066,\n         1.64216864],\n       [ 0.82645809, -0.33395775,  1.21117046,  2.08904284,  3.4684301 ,\n         1.64217086],\n       [ 0.82645757, -0.33395563,  1.21116918,  2.08904407,  3.46843004,\n         1.64216976],\n       [ 0.82645794, -0.33395277,  1.21116714,  2.08904567,  3.46843011,\n         1.64216864],\n       [ 0.82645767, -0.3339519 ,  1.21116704,  2.08904638,  3.46843065,\n         1.64216815]]), array([0.00035038, 0.00035038, 0.00035038, 0.00035038, 0.00035038,\n       0.00035038, 0.00035038]))", "callback": [0.7390362027309794, 0.5169361367045742, 0.46722025852690596, 0.21535028720585636, 0.07238709278496136, 0.05201473959612324, 0.04843723799968791, 0.04748198448900409, 0.04701566236352761, 0.04493656148192693, 0.037059884064780224, 0.027957956108208948, 0.027508260588842037, 0.0261105192521085, 0.024710971400027426, 0.02303959206512729, 0.017345430633170067, 0.008462104529761927, 0.00743167248852894, 0.00661204492025691, 0.00574766123637227, 0.0048070866709863935, 0.0041621041039076045, 0.004075025663581755, 0.004052923765062388, 0.004039306778391372, 0.004029543145783521, 0.0040189854083402254, 0.003980299341303617, 0.003898217261769865, 0.0036255663556238327, 0.003152808611310065, 0.0024752638449373476, 0.0015774173391035484, 0.0008200961878580548, 0.0006048171842909511, 0.00037987525753313545, 0.0003585884583583443, 0.00035156573730044105, 0.0003508562385845515, 0.0003504647800700589, 0.00035040415587062057, 0.00035038597052527987, 0.00035038143228172114, 0.00035038040053991804, 0.00035038029871836684, 0.0003503802822139024, 0.0003503802805499001, 0.000350380280096374, 0.0003503802800185474]}, "11": {"maxiter": 1000, "fatol": 1e-10, "xatol": 1e-10, "duration": 0.2304060459136963, "fun": "0.000350380279996898", "nit": "569", "nfev": "983", "status": "0", "success": "True", "message": "Optimization terminated successfully.", "x": "[ 0.82645755 -0.33394891  1.21116515  2.08904762  3.46843074  1.64216661]", "final_simplex": "(array([[ 0.82645755, -0.33394891,  1.21116515,  2.08904762,  3.46843074,\n         1.64216661],\n       [ 0.82645755, -0.33394891,  1.21116515,  2.08904762,  3.46843074,\n         1.64216661],\n       [ 0.82645755, -0.33394891,  1.21116515,  2.08904762,  3.46843074,\n         1.64216661],\n       [ 0.82645755, -0.33394891,  1.21116515,  2.08904762,  3.46843074,\n         1.64216661],\n       [ 0.82645755, -0.33394891,  1.21116515,  2.08904762,  3.46843074,\n         1.64216661],\n       [ 0.82645755, -0.33394891,  1.21116515,  2.08904762,  3.46843074,\n         1.64216661],\n       [ 0.82645755, -0.33394891,  1.21116515,  2.08904762,  3.46843074,\n         1.64216661]]), array([0.00035038, 0.00035038, 0.00035038, 0.00035038, 0.00035038,\n       0.00035038, 0.00035038]))", "callback": [0.7390362027309794, 0.5169361367045742, 0.46722025852690596, 0.21535028720585636, 0.07238709278496136, 0.05201473959612324, 0.04843723799968791, 0.04748198448900409, 0.04701566236352761, 0.04493656148192693, 0.037059884064780224, 0.027957956108208948, 0.027508260588842037, 0.0261105192521085, 0.024710971400027426, 0.02303959206512729, 0.017345430633170067, 0.008462104529761927, 0.00743167248852894, 0.00661204492025691, 0.00574766123637227, 0.0048070866709863935, 0.0041621041039076045, 0.004075025663581755, 0.004052923765062388, 0.004039306778391372, 0.004029543145783521, 0.0040189854083402254, 0.003980299341303617, 0.003898217261769865, 0.0036255663556238327, 0.003152808611310065, 0.0024752638449373476, 0.0015774173391035484, 0.0008200961878580548, 0.0006048171842909511, 0.00037987525753313545, 0.0003585884583583443, 0.00035156573730044105, 0.0003508562385845515, 0.0003504647800700589, 0.00035040415587062057, 0.00035038597052527987, 0.00035038143228172114, 0.00035038040053991804, 0.00035038029871836684, 0.0003503802822139024, 0.0003503802805499001, 0.000350380280096374, 0.0003503802800185474, 0.0003503802800012279, 0.0003503802799992295, 0.0003503802799973421, 0.00035038027999700905, 0.000350380279996898, 0.000350380279996898, 0.000350380279996898]}}, "bfgs": {"type": "gradient", "0": {"maxiter": 100, "gtol": 1e-05, "xrtol": 1e-05, "eps": 1e-05, "duration": 0.03743696212768555, "fun": "0.000350381040778891", "jac": "[ 2.17627028e-06 -8.48034976e-06  4.10116385e-08  6.81988910e-06\n  9.20130638e-07 -2.28768116e-06]", "hess_inv": "[[ 7.84199674  1.17826717 -3.15823684 -7.1038672  -2.73693905 -2.14169258]\n [ 1.17826717  8.14856671 -4.85412622 -3.96775651  6.12661337 -0.75573687]\n [-3.15823684 -4.85412622  5.72774176  5.6306844  -2.12665557  2.21097826]\n [-7.1038672  -3.96775651  5.6306844  10.29847655  0.62272864  3.19901645]\n [-2.73693905  6.12661337 -2.12665557  0.62272864  8.87397864  1.52955714]\n [-2.14169258 -0.75573687  2.21097826  3.19901645  1.52955714  2.66912225]]", "nfev": "154", "njev": "22", "status": "0", "success": "True", "message": "Optimization terminated successfully.", "x": "[ 1.44092339  1.29236548  0.56082999  2.75321481  1.92331707 -0.82515421]", "nit": "19", "callback": [0.3188494276671431, 0.2523793329957825, 0.1703466523689302, 0.06585907857835915, 0.047124065150057626, 0.023335598309374816, 0.008892762036961988, 0.0043870330127231405, 0.0018053845508555488, 0.0005532141123086864, 0.0004462839372191274, 0.00040058767363759795, 0.00039565530810803384, 0.0003865828836510099, 0.0003711174146102669, 0.0003529485958692069, 0.0003509514562565208, 0.00035040619491055747, 0.000350381040778891]}, "1": {"maxiter": 100, "gtol": 1e-05, "xrtol": 1e-05, "eps": 1e-10, "duration": 0.039070844650268555, "fun": "0.000350380946066875", "jac": "[ 2.22044587e-06 -1.11022293e-06 -5.55111466e-06 -9.99200639e-06\n -2.22044587e-06  2.22044587e-06]", "hess_inv": "[[ 8.99100658  2.61736575 -4.63106784 -9.17207386 -2.26082068 -2.74452521]\n [ 2.61736575  9.67788024 -6.51466659 -6.42933228  6.47151613 -1.51931705]\n [-4.63106784 -6.51466659  7.47968705  8.22316503 -2.57094456  2.97592822]\n [-9.17207386 -6.42933228  8.22316503 13.92243864 -0.11090705  4.30373764]\n [-2.26082068  6.47151613 -2.57094456 -0.11090705  8.83430479  1.26817833]\n [-2.74452521 -1.51931705  2.97592822  4.30373764  1.26817833  2.97491519]]", "nfev": "161", "njev": "23", "status": "0", "success": "True", "message": "Optimization terminated successfully.", "x": "[ 1.44098433  1.29245416  0.56068203  2.75306194  1.92352274 -0.82501937]", "nit": "20", "callback": [0.31884918168076426, 0.25237799031857877, 0.17034399208345297, 0.06585610308401924, 0.04712223961811368, 0.02332611223671044, 0.008888119511582082, 0.004386549435092868, 0.0018039026952031412, 0.0005542920086525349, 0.00044578680748996735, 0.00040066295920071493, 0.00039572562412504286, 0.0003866329422574921, 0.0003711032521941382, 0.00035292794183394705, 0.0003509606695401013, 0.00035040257385487994, 0.00035038097798045786, 0.000350380946066875]}, "2": {"maxiter": 100, "gtol": 1e-05, "xrtol": 1e-10, "eps": 1e-05, "duration": 0.037248849868774414, "fun": "0.000350381040778891", "jac": "[ 2.17627028e-06 -8.48034976e-06  4.10116385e-08  6.81988910e-06\n  9.20130638e-07 -2.28768116e-06]", "hess_inv": "[[ 7.84199674  1.17826717 -3.15823684 -7.1038672  -2.73693905 -2.14169258]\n [ 1.17826717  8.14856671 -4.85412622 -3.96775651  6.12661337 -0.75573687]\n [-3.15823684 -4.85412622  5.72774176  5.6306844  -2.12665557  2.21097826]\n [-7.1038672  -3.96775651  5.6306844  10.29847655  0.62272864  3.19901645]\n [-2.73693905  6.12661337 -2.12665557  0.62272864  8.87397864  1.52955714]\n [-2.14169258 -0.75573687  2.21097826  3.19901645  1.52955714  2.66912225]]", "nfev": "154", "njev": "22", "status": "0", "success": "True", "message": "Optimization terminated successfully.", "x": "[ 1.44092339  1.29236548  0.56082999  2.75321481  1.92331707 -0.82515421]", "nit": "19", "callback": [0.3188494276671431, 0.2523793329957825, 0.1703466523689302, 0.06585907857835915, 0.047124065150057626, 0.023335598309374816, 0.008892762036961988, 0.0043870330127231405, 0.0018053845508555488, 0.0005532141123086864, 0.0004462839372191274, 0.00040058767363759795, 0.00039565530810803384, 0.0003865828836510099, 0.0003711174146102669, 0.0003529485958692069, 0.0003509514562565208, 0.00035040619491055747, 0.000350381040778891]}, "3": {"maxiter": 100, "gtol": 1e-05, "xrtol": 1e-10, "eps": 1e-10, "duration": 0.03855586051940918, "fun": "0.000350380946066875", "jac": "[ 2.22044587e-06 -1.11022293e-06 -5.55111466e-06 -9.99200639e-06\n -2.22044587e-06  2.22044587e-06]", "hess_inv": "[[ 8.99100658  2.61736575 -4.63106784 -9.17207386 -2.26082068 -2.74452521]\n [ 2.61736575  9.67788024 -6.51466659 -6.42933228  6.47151613 -1.51931705]\n [-4.63106784 -6.51466659  7.47968705  8.22316503 -2.57094456  2.97592822]\n [-9.17207386 -6.42933228  8.22316503 13.92243864 -0.11090705  4.30373764]\n [-2.26082068  6.47151613 -2.57094456 -0.11090705  8.83430479  1.26817833]\n [-2.74452521 -1.51931705  2.97592822  4.30373764  1.26817833  2.97491519]]", "nfev": "161", "njev": "23", "status": "0", "success": "True", "message": "Optimization terminated successfully.", "x": "[ 1.44098433  1.29245416  0.56068203  2.75306194  1.92352274 -0.82501937]", "nit": "20", "callback": [0.31884918168076426, 0.25237799031857877, 0.17034399208345297, 0.06585610308401924, 0.04712223961811368, 0.02332611223671044, 0.008888119511582082, 0.004386549435092868, 0.0018039026952031412, 0.0005542920086525349, 0.00044578680748996735, 0.00040066295920071493, 0.00039572562412504286, 0.0003866329422574921, 0.0003711032521941382, 0.00035292794183394705, 0.0003509606695401013, 0.00035040257385487994, 0.00035038097798045786, 0.000350380946066875]}, "4": {"maxiter": 100, "gtol": 1e-10, "xrtol": 1e-05, "eps": 1e-05, "duration": 0.0400691032409668, "fun": "0.00035038035980772264", "jac": "[-2.12152518e-07 -1.33516531e-06 -1.45359280e-06 -5.71587222e-07\n  4.43323156e-07  2.17340590e-06]", "hess_inv": "[[ 8.13952777  2.1236966  -3.77650478 -7.77063775 -2.21453114 -2.38967553]\n [ 2.1236966   9.8541384  -6.16152324 -5.78186526  6.78546292 -1.3976193 ]\n [-3.77650478 -6.16152324  6.67637959  6.85917004 -2.69662832  2.66107601]\n [-7.77063775 -5.78186526  6.85917004 11.71887415 -0.30580254  3.72767167]\n [-2.21453114  6.78546292 -2.69662832 -0.30580254  8.996784    1.18465912]\n [-2.38967553 -1.3976193   2.66107601  3.72767167  1.18465912  2.83773605]]", "nfev": "168", "njev": "24", "status": "0", "success": "True", "message": "Optimization terminated successfully.", "x": "[ 1.44097341  1.29247467  0.56074747  2.7531113   1.92337607 -0.82518099]", "nit": "21", "callback": [0.3188494276671431, 0.2523793329957825, 0.1703466523689302, 0.06585907857835915, 0.047124065150057626, 0.023335598309374816, 0.008892762036961988, 0.0043870330127231405, 0.0018053845508555488, 0.0005532141123086864, 0.0004462839372191274, 0.00040058767363759795, 0.00039565530810803384, 0.0003865828836510099, 0.0003711174146102669, 0.0003529485958692069, 0.0003509514562565208, 0.00035040619491055747, 0.000350381040778891, 0.00035038037575596537, 0.00035038035980772264]}, "5": {"maxiter": 100, "gtol": 1e-10, "xrtol": 1e-05, "eps": 1e-10, "duration": 0.04058504104614258, "fun": "0.00035038089748062884", "jac": "[ 1.11022293e-06 -2.22044587e-06 -4.44089173e-06 -7.77156053e-06\n -2.22044587e-06  4.44089173e-06]", "hess_inv": "[[ 6.01263     0.60798748 -1.88658378 -4.8149155  -2.15577903 -1.35450563]\n [ 0.60798748  8.89562533 -5.05919055 -3.81232382  6.96075643 -0.679513  ]\n [-1.88658378 -5.05919055  5.22436587  4.43101519 -2.95675847  1.76275408]\n [-4.8149155  -3.81232382  4.43101519  7.72969026 -0.49994318  2.32535696]\n [-2.15577903  6.96075643 -2.95675847 -0.49994318  9.1358694   1.14766289]\n [-1.35450563 -0.679513    1.76275408  2.32535696  1.14766289  2.34293081]]", "nfev": "168", "njev": "24", "status": "0", "success": "True", "message": "Optimization terminated successfully.", "x": "[ 1.44098102  1.29245232  0.5606848   2.75306656  1.92352314 -0.8250179 ]", "nit": "21", "callback": [0.31884918168076426, 0.25237799031857877, 0.17034399208345297, 0.06585610308401924, 0.04712223961811368, 0.02332611223671044, 0.008888119511582082, 0.004386549435092868, 0.0018039026952031412, 0.0005542920086525349, 0.00044578680748996735, 0.00040066295920071493, 0.00039572562412504286, 0.0003866329422574921, 0.0003711032521941382, 0.00035292794183394705, 0.0003509606695401013, 0.00035040257385487994, 0.00035038097798045786, 0.000350380946066875, 0.00035038089748062884]}, "6": {"maxiter": 100, "gtol": 1e-10, "xrtol": 1e-10, "eps": 1e-05, "duration": 0.08684396743774414, "fun": "0.00035038033988976647", "jac": "[ 6.51589893e-08  1.31450406e-08 -2.10848006e-06  3.08963966e-07\n  6.80400181e-07  2.40358844e-06]", "hess_inv": "[[ 12.71615428  14.13315308  -6.58029139 -13.11419102  -8.98387552\n  -18.5735475 ]\n [ 14.13315308  34.78219233  -9.98015658 -18.12272902 -16.38093534\n  -43.46274911]\n [ -6.58029139  -9.98015658   6.48710592   9.22496874   4.36762694\n   12.37297161]\n [-13.11419102 -18.12272902   9.22496874  17.5250093    8.98859278\n   22.53194996]\n [ -8.98387552 -16.38093534   4.36762694   8.98859278  14.54140762\n   25.41851364]\n [-18.5735475  -43.46274911  12.37297161  22.53194996  25.41851364\n   60.009141  ]]", "nfev": "375", "njev": "52", "status": "2", "success": "False", "message": "Desired error not necessarily achieved due to precision loss.", "x": "[ 1.44097966  1.29249847  0.56073988  2.75310229  1.92337234 -0.82520409]", "nit": "23", "callback": [0.3188494276671431, 0.2523793329957825, 0.1703466523689302, 0.06585907857835915, 0.047124065150057626, 0.023335598309374816, 0.008892762036961988, 0.0043870330127231405, 0.0018053845508555488, 0.0005532141123086864, 0.0004462839372191274, 0.00040058767363759795, 0.00039565530810803384, 0.0003865828836510099, 0.0003711174146102669, 0.0003529485958692069, 0.0003509514562565208, 0.00035040619491055747, 0.000350381040778891, 0.00035038037575596537, 0.00035038035980772264, 0.00035038034459200507, 0.00035038033988976647]}, "7": {"maxiter": 100, "gtol": 1e-10, "xrtol": 1e-10, "eps": 1e-10, "duration": 0.07305908203125, "fun": "0.00035038042001611647", "jac": "[6.66133760e-06 4.44089173e-06 6.66133760e-06 4.44089173e-06\n 6.66133760e-06 0.00000000e+00]", "hess_inv": "[[ 62.98197591   6.8396858  -40.05530212 -69.49935288  -6.44304839\n   -3.37342719]\n [  6.8396858    1.17390366  -4.50629617  -7.80858511  -0.57052058\n   -0.60538625]\n [-40.05530212  -4.50629617  25.85570296  43.92959697   3.80780272\n    2.17834365]\n [-69.49935288  -7.80858511  43.92959697  77.59832723   6.62963511\n    3.82282283]\n [ -6.44304839  -0.57052058   3.80780272   6.62963511   2.23059466\n    0.5238311 ]\n [ -3.37342719  -0.60538625   2.17834365   3.82282283   0.5238311\n    0.8398511 ]]", "nfev": "315", "njev": "45", "status": "0", "success": "True", "message": "Optimization terminated successfully.", "x": "[ 1.44092874  1.29246109  0.5607484   2.7531612   1.92354039 -0.82501526]", "nit": "28", "callback": [0.31884918168076426, 0.25237799031857877, 0.17034399208345297, 0.06585610308401924, 0.04712223961811368, 0.02332611223671044, 0.008888119511582082, 0.004386549435092868, 0.0018039026952031412, 0.0005542920086525349, 0.00044578680748996735, 0.00040066295920071493, 0.00039572562412504286, 0.0003866329422574921, 0.0003711032521941382, 0.00035292794183394705, 0.0003509606695401013, 0.00035040257385487994, 0.00035038097798045786, 0.000350380946066875, 0.00035038089748062884, 0.0003503808212040882, 0.00035038068997605976, 0.0003503804969881008, 0.0003503804432088975, 0.0003503804200163385, 0.00035038042001611647, 0.00035038042001611647]}, "8": {"maxiter": 500, "gtol": 1e-05, "xrtol": 1e-05, "eps": 1e-05, "duration": 0.03575587272644043, "fun": "0.000350381040778891", "jac": "[ 2.17627028e-06 -8.48034976e-06  4.10116385e-08  6.81988910e-06\n  9.20130638e-07 -2.28768116e-06]", "hess_inv": "[[ 7.84199674  1.17826717 -3.15823684 -7.1038672  -2.73693905 -2.14169258]\n [ 1.17826717  8.14856671 -4.85412622 -3.96775651  6.12661337 -0.75573687]\n [-3.15823684 -4.85412622  5.72774176  5.6306844  -2.12665557  2.21097826]\n [-7.1038672  -3.96775651  5.6306844  10.29847655  0.62272864  3.19901645]\n [-2.73693905  6.12661337 -2.12665557  0.62272864  8.87397864  1.52955714]\n [-2.14169258 -0.75573687  2.21097826  3.19901645  1.52955714  2.66912225]]", "nfev": "154", "njev": "22", "status": "0", "success": "True", "message": "Optimization terminated successfully.", "x": "[ 1.44092339  1.29236548  0.56082999  2.75321481  1.92331707 -0.82515421]", "nit": "19", "callback": [0.3188494276671431, 0.2523793329957825, 0.1703466523689302, 0.06585907857835915, 0.047124065150057626, 0.023335598309374816, 0.008892762036961988, 0.0043870330127231405, 0.0018053845508555488, 0.0005532141123086864, 0.0004462839372191274, 0.00040058767363759795, 0.00039565530810803384, 0.0003865828836510099, 0.0003711174146102669, 0.0003529485958692069, 0.0003509514562565208, 0.00035040619491055747, 0.000350381040778891]}, "9": {"maxiter": 500, "gtol": 1e-05, "xrtol": 1e-05, "eps": 1e-10, "duration": 0.03736305236816406, "fun": "0.000350380946066875", "jac": "[ 2.22044587e-06 -1.11022293e-06 -5.55111466e-06 -9.99200639e-06\n -2.22044587e-06  2.22044587e-06]", "hess_inv": "[[ 8.99100658  2.61736575 -4.63106784 -9.17207386 -2.26082068 -2.74452521]\n [ 2.61736575  9.67788024 -6.51466659 -6.42933228  6.47151613 -1.51931705]\n [-4.63106784 -6.51466659  7.47968705  8.22316503 -2.57094456  2.97592822]\n [-9.17207386 -6.42933228  8.22316503 13.92243864 -0.11090705  4.30373764]\n [-2.26082068  6.47151613 -2.57094456 -0.11090705  8.83430479  1.26817833]\n [-2.74452521 -1.51931705  2.97592822  4.30373764  1.26817833  2.97491519]]", "nfev": "161", "njev": "23", "status": "0", "success": "True", "message": "Optimization terminated successfully.", "x": "[ 1.44098433  1.29245416  0.56068203  2.75306194  1.92352274 -0.82501937]", "nit": "20", "callback": [0.31884918168076426, 0.25237799031857877, 0.17034399208345297, 0.06585610308401924, 0.04712223961811368, 0.02332611223671044, 0.008888119511582082, 0.004386549435092868, 0.0018039026952031412, 0.0005542920086525349, 0.00044578680748996735, 0.00040066295920071493, 0.00039572562412504286, 0.0003866329422574921, 0.0003711032521941382, 0.00035292794183394705, 0.0003509606695401013, 0.00035040257385487994, 0.00035038097798045786, 0.000350380946066875]}, "10": {"maxiter": 500, "gtol": 1e-05, "xrtol": 1e-10, "eps": 1e-05, "duration": 0.036376237869262695, "fun": "0.000350381040778891", "jac": "[ 2.17627028e-06 -8.48034976e-06  4.10116385e-08  6.81988910e-06\n  9.20130638e-07 -2.28768116e-06]", "hess_inv": "[[ 7.84199674  1.17826717 -3.15823684 -7.1038672  -2.73693905 -2.14169258]\n [ 1.17826717  8.14856671 -4.85412622 -3.96775651  6.12661337 -0.75573