{"date": "2024/10/08/, 19:17:26", "conf_id": 23, "data_type": "random\n", "num_data_points": 2, "s_rank": 0, "unitary": "[[-0.53618537-0.34368723j,-0.12107031-0.46226139j,-0.07699282-0.46603512j,0.36022595-0.11472301j],[0.26026499-0.63450712j,-0.56616638+0.37832564j,-0.14988651+0.08458591j,0.10363514-0.16008501j],[-0.32580188-0.11070003j,-0.36476308-0.23593218j,0.02559343+0.41761608j,-0.25598305+0.6725303j],[0.07406738-0.0126433j,0.28513701+0.19483972j,-0.74939717-0.10299659j,0.29798249+0.46269921j]]", "databatch_0": {"databatch": "[[[-0.28604775+0.05366445j,0.08347066-0.12062127j,-0.17962117+0.18971649j,0.28679751+0.04425749j],[-0.21966528+0.38703982j,-0.05848338-0.21654165j,0.04427476+0.39703389j,0.33476697-0.29126304j],[0.16507617-0.02211605j,-0.0513085+0.06643749j,0.10832281-0.10304958j,-0.16257696-0.03386719j],[0.1186124-0.053574j,-0.02350962+0.06123944j,0.05797882-0.10143185j,-0.12929584+0.01110588j]],[[-0.08743311-0.10669002j,-0.35090993-0.00787388j,-0.08023911-0.01943367j,-0.07050058+0.05487746j],[0.15501397+0.04392438j,0.34163819-0.2266341j,0.08988668-0.03491891j,0.03095928-0.09965475j],[0.25452536+0.00653973j,0.43428543-0.48076713j,0.12393958-0.08866222j,0.00837057-0.16469398j],[-0.07487098-0.07586981j,-0.27057167+0.01892079j,-0.06312417-0.00924163j,-0.05034094+0.04724457j]]]", "initial param values": "[6.211978,5.65158414,3.79019399,2.50176007,5.30919363,0.37269116]", "nelder_mead": {"type": "gradient-free", "0": {"maxiter": 100, "fatol": 1e-05, "xatol": 1e-05, "duration": 0.054403066635131836, "fun": "0.21378738992918545", "nit": "100", "nfev": "153", "status": "2", "success": "False", "message": "Maximum number of iterations has been exceeded.", "x": "[6.87826376 5.05724519 2.23674489 2.82998377 4.89531484 0.19394307]", "final_simplex": "(array([[6.87826376, 5.05724519, 2.23674489, 2.82998377, 4.89531484,\n        0.19394307],\n       [6.84779237, 4.9993038 , 2.30933211, 2.78862796, 4.92786885,\n        0.21636476],\n       [6.87427283, 4.97072445, 2.36250549, 2.7863246 , 4.92789261,\n        0.21990193],\n       [6.85799762, 5.1883522 , 2.16123007, 2.76206908, 4.86262726,\n        0.19814953],\n       [6.84056191, 5.0042879 , 2.34702106, 2.79246527, 4.89608002,\n        0.21272046],\n       [6.82345373, 4.96900876, 2.34747378, 2.80924558, 4.88599509,\n        0.21518376],\n       [6.90895324, 5.23298574, 2.11528933, 2.81435931, 4.87592657,\n        0.18041676]]), array([0.21378739, 0.21429913, 0.21462427, 0.21482257, 0.21489003,\n       0.21503455, 0.21526836]))", "callback": [0.5649824775098866, 0.29225154389766816, 0.2546485130970516, 0.24979630888119408, 0.24420125173284457, 0.24159273045698937, 0.23811465492717243, 0.23416132202267037, 0.2181474739502729, 0.2148225704911596]}, "1": {"maxiter": 100, "fatol": 1e-05, "xatol": 1e-10, "duration": 0.051573991775512695, "fun": "0.21378738992918545", "nit": "100", "nfev": "153", "status": "2", "success": "False", "message": "Maximum number of iterations has been exceeded.", "x": "[6.87826376 5.05724519 2.23674489 2.82998377 4.89531484 0.19394307]", "final_simplex": "(array([[6.87826376, 5.05724519, 2.23674489, 2.82998377, 4.89531484,\n        0.19394307],\n       [6.84779237, 4.9993038 , 2.30933211, 2.78862796, 4.92786885,\n        0.21636476],\n       [6.87427283, 4.97072445, 2.36250549, 2.7863246 , 4.92789261,\n        0.21990193],\n       [6.85799762, 5.1883522 , 2.16123007, 2.76206908, 4.86262726,\n        0.19814953],\n       [6.84056191, 5.0042879 , 2.34702106, 2.79246527, 4.89608002,\n        0.21272046],\n       [6.82345373, 4.96900876, 2.34747378, 2.80924558, 4.88599509,\n        0.21518376],\n       [6.90895324, 5.23298574, 2.11528933, 2.81435931, 4.87592657,\n        0.18041676]]), array([0.21378739, 0.21429913, 0.21462427, 0.21482257, 0.21489003,\n       0.21503455, 0.21526836]))", "callback": [0.5649824775098866, 0.29225154389766816, 0.2546485130970516, 0.24979630888119408, 0.24420125173284457, 0.24159273045698937, 0.23811465492717243, 0.23416132202267037, 0.2181474739502729, 0.2148225704911596]}, "2": {"maxiter": 100, "fatol": 1e-10, "xatol": 1e-05, "duration": 0.05479884147644043, "fun": "0.21378738992918545", "nit": "100", "nfev": "153", "status": "2", "success": "False", "message": "Maximum number of iterations has been exceeded.", "x": "[6.87826376 5.05724519 2.23674489 2.82998377 4.89531484 0.19394307]", "final_simplex": "(array([[6.87826376, 5.05724519, 2.23674489, 2.82998377, 4.89531484,\n        0.19394307],\n       [6.84779237, 4.9993038 , 2.30933211, 2.78862796, 4.92786885,\n        0.21636476],\n       [6.87427283, 4.97072445, 2.36250549, 2.7863246 , 4.92789261,\n        0.21990193],\n       [6.85799762, 5.1883522 , 2.16123007, 2.76206908, 4.86262726,\n        0.19814953],\n       [6.84056191, 5.0042879 , 2.34702106, 2.79246527, 4.89608002,\n        0.21272046],\n       [6.82345373, 4.96900876, 2.34747378, 2.80924558, 4.88599509,\n        0.21518376],\n       [6.90895324, 5.23298574, 2.11528933, 2.81435931, 4.87592657,\n        0.18041676]]), array([0.21378739, 0.21429913, 0.21462427, 0.21482257, 0.21489003,\n       0.21503455, 0.21526836]))", "callback": [0.5649824775098866, 0.29225154389766816, 0.2546485130970516, 0.24979630888119408, 0.24420125173284457, 0.24159273045698937, 0.23811465492717243, 0.23416132202267037, 0.2181474739502729, 0.2148225704911596]}, "3": {"maxiter": 100, "fatol": 1e-10, "xatol": 1e-10, "duration": 0.05948805809020996, "fun": "0.21378738992918545", "nit": "100", "nfev": "153", "status": "2", "success": "False", "message": "Maximum number of iterations has been exceeded.", "x": "[6.87826376 5.05724519 2.23674489 2.82998377 4.89531484 0.19394307]", "final_simplex": "(array([[6.87826376, 5.05724519, 2.23674489, 2.82998377, 4.89531484,\n        0.19394307],\n       [6.84779237, 4.9993038 , 2.30933211, 2.78862796, 4.92786885,\n        0.21636476],\n       [6.87427283, 4.97072445, 2.36250549, 2.7863246 , 4.92789261,\n        0.21990193],\n       [6.85799762, 5.1883522 , 2.16123007, 2.76206908, 4.86262726,\n        0.19814953],\n       [6.84056191, 5.0042879 , 2.34702106, 2.79246527, 4.89608002,\n        0.21272046],\n       [6.82345373, 4.96900876, 2.34747378, 2.80924558, 4.88599509,\n        0.21518376],\n       [6.90895324, 5.23298574, 2.11528933, 2.81435931, 4.87592657,\n        0.18041676]]), array([0.21378739, 0.21429913, 0.21462427, 0.21482257, 0.21489003,\n       0.21503455, 0.21526836]))", "callback": [0.5649824775098866, 0.29225154389766816, 0.2546485130970516, 0.24979630888119408, 0.24420125173284457, 0.24159273045698937, 0.23811465492717243, 0.23416132202267037, 0.2181474739502729, 0.2148225704911596]}, "4": {"maxiter": 500, "fatol": 1e-05, "xatol": 1e-05, "duration": 0.28633594512939453, "fun": "0.13241477164735815", "nit": "458", "nfev": "703", "status": "0", "success": "True", "message": "Optimization terminated successfully.", "x": "[ 6.57956066  4.8799005   2.60476479  1.94313436  3.89325971 -0.95015219]", "final_simplex": "(array([[ 6.57956066,  4.8799005 ,  2.60476479,  1.94313436,  3.89325971,\n        -0.95015219],\n       [ 6.5795622 ,  4.87990247,  2.60476109,  1.94313336,  3.89326043,\n        -0.95015209],\n       [ 6.57956148,  4.87990118,  2.60476233,  1.94313472,  3.89325894,\n        -0.95015168],\n       [ 6.57956023,  4.87989326,  2.60477305,  1.94313244,  3.89325963,\n        -0.95015107],\n       [ 6.57956129,  4.87989578,  2.60476853,  1.94313422,  3.89325977,\n        -0.95015249],\n       [ 6.57956166,  4.87990188,  2.60476286,  1.94313312,  3.89325723,\n        -0.95015265],\n       [ 6.57956446,  4.8799025 ,  2.60476129,  1.94313577,  3.89325987,\n        -0.95015091]]), array([0.13241477, 0.13241477, 0.13241477, 0.13241477, 0.13241477,\n       0.13241477, 0.13241477]))", "callback": [0.5649824775098866, 0.29225154389766816, 0.2546485130970516, 0.24979630888119408, 0.24420125173284457, 0.24159273045698937, 0.23811465492717243, 0.23416132202267037, 0.2181474739502729, 0.2148225704911596, 0.21378738992918545, 0.2127890791580469, 0.212203232212671, 0.21065460592823804, 0.20886078052398238, 0.20762772100435956, 0.207299065213276, 0.20704394245096824, 0.20670525927893646, 0.20560657324860343, 0.2031472691714139, 0.1999524636366956, 0.19263586789747844, 0.1692217989695548, 0.15405700599581518, 0.14225470997072864, 0.14110883047527678, 0.13477702578876682, 0.1334652203111304, 0.13279757831613737, 0.1325009970373674, 0.13249013582194458, 0.13245864833345067, 0.1324265666294806, 0.13241893066830723, 0.1324163906699125, 0.13241530109224153, 0.13241490075417817, 0.1324147989879555, 0.13241477687435144, 0.13241477360257436, 0.13241477222574927, 0.13241477175059624, 0.13241477166968463, 0.1324147716508054, 0.13241477164757642]}, "5": {"maxiter": 500, "fatol": 1e-05, "xatol": 1e-10, "duration": 0.30420589447021484, "fun": "0.1324147716468902", "nit": "500", "nfev": "776", "status": "2", "success": "False", "message": "Maximum number of iterations has been exceeded.", "x": "[ 6.57956177  4.87990079  2.6047643   1.94313319  3.89326004 -0.95015113]", "final_simplex": "(array([[ 6.57956177,  4.87990079,  2.6047643 ,  1.94313319,  3.89326004,\n        -0.95015113],\n       [ 6.57956169,  4.87990057,  2.60476452,  1.94313319,  3.89325997,\n        -0.95015118],\n       [ 6.57956174,  4.87990063,  2.60476444,  1.94313329,  3.89326004,\n        -0.95015113],\n       [ 6.57956178,  4.87990058,  2.60476448,  1.94313323,  3.89326   ,\n        -0.95015109],\n       [ 6.57956178,  4.87990063,  2.60476449,  1.94313322,  3.89325999,\n        -0.95015114],\n       [ 6.57956174,  4.87990085,  2.60476425,  1.94313331,  3.89325998,\n        -0.95015111],\n       [ 6.57956169,  4.87990052,  2.60476463,  1.94313318,  3.89326003,\n        -0.9501511 ]]), array([0.13241477, 0.13241477, 0.13241477, 0.13241477, 0.13241477,\n       0.13241477, 0.13241477]))", "callback": [0.5649824775098866, 0.29225154389766816, 0.2546485130970516, 0.24979630888119408, 0.24420125173284457, 0.24159273045698937, 0.23811465492717243, 0.23416132202267037, 0.2181474739502729, 0.2148225704911596, 0.21378738992918545, 0.2127890791580469, 0.212203232212671, 0.21065460592823804, 0.20886078052398238, 0.20762772100435956, 0.207299065213276, 0.20704394245096824, 0.20670525927893646, 0.20560657324860343, 0.2031472691714139, 0.1999524636366956, 0.19263586789747844, 0.1692217989695548, 0.15405700599581518, 0.14225470997072864, 0.14110883047527678, 0.13477702578876682, 0.1334652203111304, 0.13279757831613737, 0.1325009970373674, 0.13249013582194458, 0.13245864833345067, 0.1324265666294806, 0.13241893066830723, 0.1324163906699125, 0.13241530109224153, 0.13241490075417817, 0.1324147989879555, 0.13241477687435144, 0.13241477360257436, 0.13241477222574927, 0.13241477175059624, 0.13241477166968463, 0.1324147716508054, 0.13241477164757642, 0.13241477164707638, 0.13241477164693038, 0.13241477164689786, 0.13241477164689097]}, "6": {"maxiter": 500, "fatol": 1e-10, "xatol": 1e-05, "duration": 0.28580594062805176, "fun": "0.13241477164735815", "nit": "458", "nfev": "703", "status": "0", "success": "True", "message": "Optimization terminated successfully.", "x": "[ 6.57956066  4.8799005   2.60476479  1.94313436  3.89325971 -0.95015219]", "final_simplex": "(array([[ 6.57956066,  4.8799005 ,  2.60476479,  1.94313436,  3.89325971,\n        -0.95015219],\n       [ 6.5795622 ,  4.87990247,  2.60476109,  1.94313336,  3.89326043,\n        -0.95015209],\n       [ 6.57956148,  4.87990118,  2.60476233,  1.94313472,  3.89325894,\n        -0.95015168],\n       [ 6.57956023,  4.87989326,  2.60477305,  1.94313244,  3.89325963,\n        -0.95015107],\n       [ 6.57956129,  4.87989578,  2.60476853,  1.94313422,  3.89325977,\n        -0.95015249],\n       [ 6.57956166,  4.87990188,  2.60476286,  1.94313312,  3.89325723,\n        -0.95015265],\n       [ 6.57956446,  4.8799025 ,  2.60476129,  1.94313577,  3.89325987,\n        -0.95015091]]), array([0.13241477, 0.13241477, 0.13241477, 0.13241477, 0.13241477,\n       0.13241477, 0.13241477]))", "callback": [0.5649824775098866, 0.29225154389766816, 0.2546485130970516, 0.24979630888119408, 0.24420125173284457, 0.24159273045698937, 0.23811465492717243, 0.23416132202267037, 0.2181474739502729, 0.2148225704911596, 0.21378738992918545, 0.2127890791580469, 0.212203232212671, 0.21065460592823804, 0.20886078052398238, 0.20762772100435956, 0.207299065213276, 0.20704394245096824, 0.20670525927893646, 0.20560657324860343, 0.2031472691714139, 0.1999524636366956, 0.19263586789747844, 0.1692217989695548, 0.15405700599581518, 0.14225470997072864, 0.14110883047527678, 0.13477702578876682, 0.1334652203111304, 0.13279757831613737, 0.1325009970373674, 0.13249013582194458, 0.13245864833345067, 0.1324265666294806, 0.13241893066830723, 0.1324163906699125, 0.13241530109224153, 0.13241490075417817, 0.1324147989879555, 0.13241477687435144, 0.13241477360257436, 0.13241477222574927, 0.13241477175059624, 0.13241477166968463, 0.1324147716508054, 0.13241477164757642]}, "7": {"maxiter": 500, "fatol": 1e-10, "xatol": 1e-10, "duration": 0.30297183990478516, "fun": "0.1324147716468902", "nit": "500", "nfev": "776", "status": "2", "success": "False", "message": "Maximum number of iterations has been exceeded.", "x": "[ 6.57956177  4.87990079  2.6047643   1.94313319  3.89326004 -0.95015113]", "final_simplex": "(array([[ 6.57956177,  4.87990079,  2.6047643 ,  1.94313319,  3.89326004,\n        -0.95015113],\n       [ 6.57956169,  4.87990057,  2.60476452,  1.94313319,  3.89325997,\n        -0.95015118],\n       [ 6.57956174,  4.87990063,  2.60476444,  1.94313329,  3.89326004,\n        -0.95015113],\n       [ 6.57956178,  4.87990058,  2.60476448,  1.94313323,  3.89326   ,\n        -0.95015109],\n       [ 6.57956178,  4.87990063,  2.60476449,  1.94313322,  3.89325999,\n        -0.95015114],\n       [ 6.57956174,  4.87990085,  2.60476425,  1.94313331,  3.89325998,\n        -0.95015111],\n       [ 6.57956169,  4.87990052,  2.60476463,  1.94313318,  3.89326003,\n        -0.9501511 ]]), array([0.13241477, 0.13241477, 0.13241477, 0.13241477, 0.13241477,\n       0.13241477, 0.13241477]))", "callback": [0.5649824775098866, 0.29225154389766816, 0.2546485130970516, 0.24979630888119408, 0.24420125173284457, 0.24159273045698937, 0.23811465492717243, 0.23416132202267037, 0.2181474739502729, 0.2148225704911596, 0.21378738992918545, 0.2127890791580469, 0.212203232212671, 0.21065460592823804, 0.20886078052398238, 0.20762772100435956, 0.207299065213276, 0.20704394245096824, 0.20670525927893646, 0.20560657324860343, 0.2031472691714139, 0.1999524636366956, 0.19263586789747844, 0.1692217989695548, 0.15405700599581518, 0.14225470997072864, 0.14110883047527678, 0.13477702578876682, 0.1334652203111304, 0.13279757831613737, 0.1325009970373674, 0.13249013582194458, 0.13245864833345067, 0.1324265666294806, 0.13241893066830723, 0.1324163906699125, 0.13241530109224153, 0.13241490075417817, 0.1324147989879555, 0.13241477687435144, 0.13241477360257436, 0.13241477222574927, 0.13241477175059624, 0.13241477166968463, 0.1324147716508054, 0.13241477164757642, 0.13241477164707638, 0.13241477164693038, 0.13241477164689786, 0.13241477164689097]}, "8": {"maxiter": 1000, "fatol": 1e-05, "xatol": 1e-05, "duration": 0.2436983585357666, "fun": "0.13241477164735815", "nit": "458", "nfev": "703", "status": "0", "success": "True", "message": "Optimization terminated successfully.", "x": "[ 6.57956066  4.8799005   2.60476479  1.94313436  3.89325971 -0.95015219]", "final_simplex": "(array([[ 6.57956066,  4.8799005 ,  2.60476479,  1.94313436,  3.89325971,\n        -0.95015219],\n       [ 6.5795622 ,  4.87990247,  2.60476109,  1.94313336,  3.89326043,\n        -0.95015209],\n       [ 6.57956148,  4.87990118,  2.60476233,  1.94313472,  3.89325894,\n        -0.95015168],\n       [ 6.57956023,  4.87989326,  2.60477305,  1.94313244,  3.89325963,\n        -0.95015107],\n       [ 6.57956129,  4.87989578,  2.60476853,  1.94313422,  3.89325977,\n        -0.95015249],\n       [ 6.57956166,  4.87990188,  2.60476286,  1.94313312,  3.89325723,\n        -0.95015265],\n       [ 6.57956446,  4.8799025 ,  2.60476129,  1.94313577,  3.89325987,\n        -0.95015091]]), array([0.13241477, 0.13241477, 0.13241477, 0.13241477, 0.13241477,\n       0.13241477, 0.13241477]))", "callback": [0.5649824775098866, 0.29225154389766816, 0.2546485130970516, 0.24979630888119408, 0.24420125173284457, 0.24159273045698937, 0.23811465492717243, 0.23416132202267037, 0.2181474739502729, 0.2148225704911596, 0.21378738992918545, 0.2127890791580469, 0.212203232212671, 0.21065460592823804, 0.20886078052398238, 0.20762772100435956, 0.207299065213276, 0.20704394245096824, 0.20670525927893646, 0.20560657324860343, 0.2031472691714139, 0.1999524636366956, 0.19263586789747844, 0.1692217989695548, 0.15405700599581518, 0.14225470997072864, 0.14110883047527678, 0.13477702578876682, 0.1334652203111304, 0.13279757831613737, 0.1325009970373674, 0.13249013582194458, 0.13245864833345067, 0.1324265666294806, 0.13241893066830723, 0.1324163906699125, 0.13241530109224153, 0.13241490075417817, 0.1324147989879555, 0.13241477687435144, 0.13241477360257436, 0.13241477222574927, 0.13241477175059624, 0.13241477166968463, 0.1324147716508054, 0.13241477164757642]}, "9": {"maxiter": 1000, "fatol": 1e-05, "xatol": 1e-10, "duration": 0.3091700077056885, "fun": "0.1324147716468893", "nit": "541", "nfev": "899", "status": "0", "success": "True", "message": "Optimization terminated successfully.", "x": "[ 6.57956174  4.87990079  2.60476428  1.94313325  3.89325999 -0.95015116]", "final_simplex": "(array([[ 6.57956174,  4.87990079,  2.60476428,  1.94313325,  3.89325999,\n        -0.95015116],\n       [ 6.57956174,  4.87990079,  2.60476428,  1.94313325,  3.89325999,\n        -0.95015116],\n       [ 6.57956174,  4.87990079,  2.60476428,  1.94313325,  3.89325999,\n        -0.95015116],\n       [ 6.57956174,  4.87990079,  2.60476428,  1.94313325,  3.89325999,\n        -0.95015116],\n       [ 6.57956174,  4.87990079,  2.60476428,  1.94313325,  3.89325999,\n        -0.95015116],\n       [ 6.57956174,  4.87990079,  2.60476428,  1.94313325,  3.89325999,\n        -0.95015116],\n       [ 6.57956174,  4.87990079,  2.60476428,  1.94313325,  3.89325999,\n        -0.95015116]]), array([0.13241477, 0.13241477, 0.13241477, 0.13241477, 0.13241477,\n       0.13241477, 0.13241477]))", "callback": [0.5649824775098866, 0.29225154389766816, 0.2546485130970516, 0.24979630888119408, 0.24420125173284457, 0.24159273045698937, 0.23811465492717243, 0.23416132202267037, 0.2181474739502729, 0.2148225704911596, 0.21378738992918545, 0.2127890791580469, 0.212203232212671, 0.21065460592823804, 0.20886078052398238, 0.20762772100435956, 0.207299065213276, 0.20704394245096824, 0.20670525927893646, 0.20560657324860343, 0.2031472691714139, 0.1999524636366956, 0.19263586789747844, 0.1692217989695548, 0.15405700599581518, 0.14225470997072864, 0.14110883047527678, 0.13477702578876682, 0.1334652203111304, 0.13279757831613737, 0.1325009970373674, 0.13249013582194458, 0.13245864833345067, 0.1324265666294806, 0.13241893066830723, 0.1324163906699125, 0.13241530109224153, 0.13241490075417817, 0.1324147989879555, 0.13241477687435144, 0.13241477360257436, 0.13241477222574927, 0.13241477175059624, 0.13241477166968463, 0.1324147716508054, 0.13241477164757642, 0.13241477164707638, 0.13241477164693038, 0.13241477164689786, 0.13241477164689097, 0.13241477164688997, 0.13241477164688942, 0.13241477164688942, 0.1324147716468893, 0.1324147716468893]}, "10": {"maxiter": 1000, "fatol": 1e-10, "xatol": 1e-05, "duration": 0.24562311172485352, "fun": "0.13241477164735815", "nit": "458", "nfev": "703", "status": "0", "success": "True", "message": "Optimization terminated successfully.", "x": "[ 6.57956066  4.8799005   2.60476479  1.94313436  3.89325971 -0.95015219]", "final_simplex": "(array([[ 6.57956066,  4.8799005 ,  2.60476479,  1.94313436,  3.89325971,\n        -0.95015219],\n       [ 6.5795622 ,  4.87990247,  2.60476109,  1.94313336,  3.89326043,\n        -0.95015209],\n       [ 6.57956148,  4.87990118,  2.60476233,  1.94313472,  3.89325894,\n        -0.95015168],\n       [ 6.57956023,  4.87989326,  2.60477305,  1.94313244,  3.89325963,\n        -0.95015107],\n       [ 6.57956129,  4.87989578,  2.60476853,  1.94313422,  3.89325977,\n        -0.95015249],\n       [ 6.57956166,  4.87990188,  2.60476286,  1.94313312,  3.89325723,\n        -0.95015265],\n       [ 6.57956446,  4.8799025 ,  2.60476129,  1.94313577,  3.89325987,\n        -0.95015091]]), array([0.13241477, 0.13241477, 0.13241477, 0.13241477, 0.13241477,\n       0.13241477, 0.13241477]))", "callback": [0.5649824775098866, 0.29225154389766816, 0.2546485130970516, 0.24979630888119408, 0.24420125173284457, 0.24159273045698937, 0.23811465492717243, 0.23416132202267037, 0.2181474739502729, 0.2148225704911596, 0.21378738992918545, 0.2127890791580469, 0.212203232212671, 0.21065460592823804, 0.20886078052398238, 0.20762772100435956, 0.207299065213276, 0.20704394245096824, 0.20670525927893646, 0.20560657324860343, 0.2031472691714139, 0.1999524636366956, 0.19263586789747844, 0.1692217989695548, 0.15405700599581518, 0.14225470997072864, 0.14110883047527678, 0.13477702578876682, 0.1334652203111304, 0.13279757831613737, 0.1325009970373674, 0.13249013582194458, 0.13245864833345067, 0.1324265666294806, 0.13241893066830723, 0.1324163906699125, 0.13241530109224153, 0.13241490075417817, 0.1324147989879555, 0.13241477687435144, 0.13241477360257436, 0.13241477222574927, 0.13241477175059624, 0.13241477166968463, 0.1324147716508054, 0.13241477164757642]}, "11": {"maxiter": 1000, "fatol": 1e-10, "xatol": 1e-10, "duration": 0.30291318893432617, "fun": "0.1324147716468893", "nit": "541", "nfev": "899", "status": "0", "success": "True", "message": "Optimization terminated successfully.", "x": "[ 6.57956174  4.87990079  2.60476428  1.94313325  3.89325999 -0.95015116]", "final_simplex": "(array([[ 6.57956174,  4.87990079,  2.60476428,  1.94313325,  3.89325999,\n        -0.95015116],\n       [ 6.57956174,  4.87990079,  2.60476428,  1.94313325,  3.89325999,\n        -0.95015116],\n       [ 6.57956174,  4.87990079,  2.60476428,  1.94313325,  3.89325999,\n        -0.95015116],\n       [ 6.57956174,  4.87990079,  2.60476428,  1.94313325,  3.89325999,\n        -0.95015116],\n       [ 6.57956174,  4.87990079,  2.60476428,  1.94313325,  3.89325999,\n        -0.95015116],\n       [ 6.57956174,  4.87990079,  2.60476428,  1.94313325,  3.89325999,\n        -0.95015116],\n       [ 6.57956174,  4.87990079,  2.60476428,  1.94313325,  3.89325999,\n        -0.95015116]]), array([0.13241477, 0.13241477, 0.13241477, 0.13241477, 0.13241477,\n       0.13241477, 0.13241477]))", "callback": [0.5649824775098866, 0.29225154389766816, 0.2546485130970516, 0.24979630888119408, 0.24420125173284457, 0.24159273045698937, 0.23811465492717243, 0.23416132202267037, 0.2181474739502729, 0.2148225704911596, 0.21378738992918545, 0.2127890791580469, 0.212203232212671, 0.21065460592823804, 0.20886078052398238, 0.20762772100435956, 0.207299065213276, 0.20704394245096824, 0.20670525927893646, 0.20560657324860343, 0.2031472691714139, 0.1999524636366956, 0.19263586789747844, 0.1692217989695548, 0.15405700599581518, 0.14225470997072864, 0.14110883047527678, 0.13477702578876682, 0.1334652203111304, 0.13279757831613737, 0.1325009970373674, 0.13249013582194458, 0.13245864833345067, 0.1324265666294806, 0.13241893066830723, 0.1324163906699125, 0.13241530109224153, 0.13241490075417817, 0.1324147989879555, 0.13241477687435144, 0.13241477360257436, 0.13241477222574927, 0.13241477175059624, 0.13241477166968463, 0.1324147716508054, 0.13241477164757642, 0.13241477164707638, 0.13241477164693038, 0.13241477164689786, 0.13241477164689097, 0.13241477164688997, 0.13241477164688942, 0.13241477164688942, 0.1324147716468893, 0.1324147716468893]}}, "bfgs": {"type": "gradient", "0": {"maxiter": 100, "gtol": 1e-05, "xrtol": 1e-05, "eps": 1e-05, "duration": 0.07052302360534668, "fun": "0.13241477174930405", "jac": "[ 5.31796829e-07 -4.33941771e-07  6.45949960e-07  4.46909176e-07\n  3.39506201e-07 -1.11421983e-06]", "hess_inv": "[[  4.86638443   6.41781809  -7.25140133   2.13045802  -0.14835434\n    1.82153034]\n [  6.41781809  52.74128914 -54.87461049   5.81729527  -0.93900368\n   -0.7447754 ]\n [ -7.25140133 -54.87461049  61.63416314  -7.6460838    1.34730655\n    1.48431844]\n [  2.13045802   5.81729527  -7.6460838    6.97879745   0.32782701\n    1.11317875]\n [ -0.14835434  -0.93900368   1.34730655   0.32782701   2.89320666\n    1.34081946]\n [  1.82153034  -0.7447754    1.48431844   1.11317875   1.34081946\n    4.05622425]]", "nfev": "196", "njev": "28", "status": "0", "success": "True", "message": "Optimization terminated successfully.", "x": "[ 6.5795398   4.87982026  2.60484495  1.94311653  3.89325097 -0.95017   ]", "nit": "26", "callback": [0.2965700206254849, 0.25554242924275505, 0.20874772034002342, 0.2030037084659424, 0.19595113633577643, 0.18392493983299796, 0.16860340041419952, 0.15603636321163494, 0.13834836418249874, 0.13333692702005762, 0.13285316417192405, 0.13261285994246608, 0.1324498067321318, 0.13242023581824214, 0.13241706121584818, 0.13241687279041858, 0.1324168257461602, 0.1324167428089138, 0.1324165933817243, 0.13241632781275536, 0.13241588355189104, 0.13241527420913357, 0.13241496748599646, 0.13241480378423454, 0.1324147737272019, 0.13241477174930405]}, "1": {"maxiter": 100, "gtol": 1e-05, "xrtol": 1e-05, "eps": 1e-10, "duration": 0.06655573844909668, "fun": "0.13241477207494534", "jac": "[ 0.00000000e+00 -3.33066880e-06  0.00000000e+00  0.00000000e+00\n -1.11022293e-06  0.00000000e+00]", "hess_inv": "[[  4.42797876   5.17180992  -5.95148284   1.62891734  -0.35364465\n    1.54820557]\n [  5.17180992  49.09014931 -50.41573258   3.56042269  -1.38419361\n   -0.56189955]\n [ -5.95148284 -50.41573258  56.33983362  -5.26441195   1.80872629\n    1.28846733]\n [  1.62891734   3.56042269  -5.26441195   6.40419851   0.12405149\n    0.80638993]\n [ -0.35364465  -1.38419361   1.80872629   0.12405149   2.77609556\n    1.21034218]\n [  1.54820557  -0.56189955   1.28846733   0.80638993   1.21034218\n    3.88715931]]", "nfev": "196", "njev": "28", "status": "0", "success": "True", "message": "Optimization terminated successfully.", "x": "[ 6.57953356  4.87967293  2.60500765  1.94310665  3.89325595 -0.95015552]", "nit": "26", "callback": [0.29656928180348907, 0.25554260161506503, 0.20874870446486216, 0.20300528186565425, 0.19595303222622174, 0.1839259450522741, 0.16860704754717204, 0.1560401353589913, 0.13835302832035223, 0.13333990359626213, 0.1328540626479333, 0.13261328509998482, 0.1324501097696077, 0.13242028724662003, 0.13241707175065054, 0.13241688288532694, 0.13241683604348697, 0.13241675191685665, 0.13241659656985905, 0.13241631814912702, 0.1324158533663966, 0.13241525223191053, 0.1324149741847812, 0.13241479078915708, 0.1324147726388295, 0.13241477207494534]}, "2": {"maxiter": 100, "gtol": 1e-05, "xrtol": 1e-10, "eps": 1e-05, "duration": 0.06641626358032227, "fun": "0.13241477174930405", "jac": "[ 5.31796829e-07 -4.33941771e-07  6.45949960e-07  4.46909176e-07\n  3.39506201e-07 -1.11421983e-06]", "hess_inv": "[[  4.86638443   6.41781809  -7.25140133   2.13045802  -0.14835434\n    1.82153034]\n [  6.41781809  52.74128914 -54.87461049   5.81729527  -0.93900368\n   -0.7447754 ]\n [ -7.25140133 -54.87461049  61.63416314  -7.6460838    1.34730655\n    1.48431844]\n [  2.13045802   5.81729527  -7.6460838    6.97879745   0.32782701\n    1.11317875]\n [ -0.14835434  -0.93900368   1.34730655   0.32782701   2.89320666\n    1.34081946]\n [  1.82153034  -0.7447754    1.48431844   1.11317875   1.34081946\n    4.05622425]]", "nfev": "196", "njev": "28", "status": "0", "success": "True", "message": "Optimization terminated successfully.", "x": "[ 6.5795398   4.87982026  2.60484495  1.94311653  3.89325097 -0.95017   ]", "nit": "26", "callback": [0.2965700206254849, 0.25554242924275505, 0.20874772034002342, 0.2030037084659424, 0.19595113633577643, 0.18392493983299796, 0.16860340041419952, 0.15603636321163494, 0.13834836418249874, 0.13333692702005762, 0.13285316417192405, 0.13261285994246608, 0.1324498067321318, 0.13242023581824214, 0.13241706121584818, 0.13241687279041858, 0.1324168257461602, 0.1324167428089138, 0.1324165933817243, 0.13241632781275536, 0.13241588355189104, 0.13241527420913357, 0.13241496748599646, 0.13241480378423454, 0.1324147737272019, 0.13241477174930405]}, "3": {"maxiter": 100, "gtol": 1e-05, "xrtol": 1e-10, "eps": 1e-10, "duration": 0.07226228713989258, "fun": "0.13241477207494534", "jac": "[ 0.00000000e+00 -3.33066880e-06  0.00000000e+00  0.00000000e+00\n -1.11022293e-06  0.00000000e+00]", "hess_inv": "[[  4.42797876   5.17180992  -5.95148284   1.62891734  -0.35364465\n    1.54820557]\n [  5.17180992  49.09014931 -50.41573258   3.56042269  -1.38419361\n   -0.56189955]\n [ -5.95148284 -50.41573258  56.33983362  -5.26441195   1.80872629\n    1.28846733]\n [  1.62891734   3.56042269  -5.26441195   6.40419851   0.12405149\n    0.80638993]\n [ -0.35364465  -1.38419361   1.80872629   0.12405149   2.77609556\n    1.21034218]\n [  1.54820557  -0.56189955   1.28846733   0.80638993   1.21034218\n    3.88715931]]", "nfev": "196", "njev": "28", "status": "0", "success": "True", "message": "Optimization terminated successfully.", "x": "[ 6.57953356  4.87967293  2.60500765  1.94310665  3.89325595 -0.95015552]", "nit": "26", "callback": [0.29656928180348907, 0.25554260161506503, 0.20874870446486216, 0.20300528186565425, 0.19595303222622174, 0.1839259450522741, 0.16860704754717204, 0.1560401353589913, 0.13835302832035223, 0.13333990359626213, 0.1328540626479333, 0.13261328509998482, 0.1324501097696077, 0.13242028724662003, 0.13241707175065054, 0.13241688288532694, 0.13241683604348697, 0.13241675191685665, 0.13241659656985905, 0.13241631814912702, 0.1324158533663966, 0.13241525223191053, 0.1324149741847812, 0.13241479078915708, 0.1324147726388295, 0.13241477207494534]}, "4": {"maxiter": 100, "gtol": 1e-10, "xrtol": 1e-05, "eps": 1e-05, "duration": 0.07323026657104492, "fun": "0.13241477169745752", "jac": "[ 1.11644027e-07 -1.69197989e-08  4.88498131e-08  1.37867495e-07\n  9.62785407e-08 -2.25963692e-07]", "hess_inv": "[[  5.00352036   7.54677157  -8.46153741   2.24730221  -0.16501284\n    1.840331  ]\n [  7.54677157  61.22646689 -64.10103199   7.04835816  -1.04030826\n   -0.76006437]\n [ -8.46153741 -64.10103199  71.64331314  -8.92204992   1.4617035\n    1.47314504]\n [  2.24730221   7.04835816  -8.92204992   6.98877797   0.30170798\n    1.1857935 ]\n [ -0.16501284  -1.04030826   1.4617035    0.30170798   2.89364255\n    1.34607055]\n [  1.840331    -0.76006437   1.47314504   1.1857935    1.34607055\n    4.02304258]]", "nfev": "203", "njev": "29", "status": "0", "success": "True", "message": "Optimization terminated successfully.", "x": "[ 6.57954698  4.87988058  2.60478049  1.94312225  3.89325004 -0.95016876]", "nit": "27", "callback": [0.2965700206254849, 0.25554242924275505, 0.20874772034002342, 0.2030037084659424, 0.19595113633577643, 0.18392493983299796, 0.16860340041419952, 0.15603636321163494, 0.13834836418249874, 0.13333692702005762, 0.13285316417192405, 0.13261285994246608, 0.1324498067321318, 0.13242023581824214, 0.13241706121584818, 0.13241687279041858, 0.1324168257461602, 0.1324167428089138, 0.1324165933817243, 0.13241632781275536, 0.13241588355189104, 0.13241527420913357, 0.13241496748599646, 0.13241480378423454, 0.1324147737272019, 0.13241477174930405, 0.13241477169745752]}, "5": {"maxiter": 100, "gtol": 1e-10, "xrtol": 1e-05, "eps": 1e-10, "duration": 0.07847023010253906, "fun": "0.1324147716728814", "jac": "[ 0.00000000e+00  1.11022293e-06  2.22044587e-06  0.00000000e+00\n  0.00000000e+00 -2.22044587e-06]", "hess_inv": "[[  4.89753079   8.97346615 -10.02670401   1.54093743  -0.86781265\n    1.17181447]\n [  8.97346615  55.61084254 -58.10894851   6.41992125  -1.31072679\n    1.26894208]\n [-10.02670401 -58.10894851  65.14113431  -8.10002936   1.60966734\n   -0.98477524]\n [  1.54093743   6.41992125  -8.10002936   5.04245249  -0.61416159\n    0.45984982]\n [ -0.86781265  -1.31072679   1.60966734  -0.61416159   2.07799691\n    0.14806601]\n [  1.17181447   1.26894208  -0.98477524   0.45984982   0.14806601\n    2.06594024]]", "nfev": "238", "njev": "34", "status": "0", "success": "True", "message": "Optimization terminated successfully.", "x": "[ 6.57956876  4.87988342  2.60478676  1.94313822  3.89325584 -0.95015059]", "nit": "29", "callback": [0.29656928180348907, 0.25554260161506503, 0.20874870446486216, 0.20300528186565425, 0.19595303222622174, 0.1839259450522741, 0.16860704754717204, 0.1560401353589913, 0.13835302832035223, 0.13333990359626213, 0.1328540626479333, 0.13261328509998482, 0.1324501097696077, 0.13242028724662003, 0.13241707175065054, 0.13241688288532694, 0.13241683604348697, 0.13241675191685665, 0.13241659656985905, 0.13241631814912702, 0.1324158533663966, 0.13241525223191053, 0.1324149741847812, 0.13241479078915708, 0.1324147726388295, 0.13241477207494534, 0.13241477187742756, 0.13241477175963268, 0.1324147716728814]}, "6": {"maxiter": 100, "gtol": 1e-10, "xrtol": 1e-10, "eps": 1e-05, "duration": 0.08694601058959961, "fun": "0.13241477169661264", "jac": "[ 4.14113188e-09 -8.88178420e-10 -1.66533454e-10  4.91828800e-09\n  3.95239397e-09 -8.04911693e-09]", "hess_inv": "[[  4.86558622   6.6252758   -7.31550511   2.01910758  -0.14288057\n    1.97983429]\n [  6.6252758   59.51004407 -60.83429042   4.27265652  -1.197412\n    0.63613118]\n [ -7.31550511 -60.83429042  66.47328895  -5.80035453   1.58184511\n   -0.12756674]\n [  2.01910758   4.27265652  -5.80035453   6.96960681   0.42244128\n    1.27341834]\n [ -0.14288057  -1.197412     1.58184511   0.42244128   2.91150612\n    1.29499217]\n [  1.97983429   0.63613118  -0.12756674   1.27341834   1.29499217\n    3.95227481]]", "nfev": "224", "njev": "32", "status": "2", "success": "False", "message": "Desired error not necessarily achieved due to precision loss.", "x": "[ 6.5795471   4.87988312  2.60477801  1.94312182  3.89324995 -0.95016842]", "nit": "29", "callback": [0.2965700206254849, 0.25554242924275505, 0.20874772034002342, 0.2030037084659424, 0.19595113633577643, 0.18392493983299796, 0.16860340041419952, 0.15603636321163494, 0.13834836418249874, 0.13333692702005762, 0.13285316417192405, 0.13261285994246608, 0.1324498067321318, 0.13242023581824214, 0.13241706121584818, 0.13241687279041858, 0.1324168257461602, 0.1324167428089138, 0.1324165933817243, 0.13241632781275536, 0.13241588355189104, 0.13241527420913357, 0.13241496748599646, 0.13241480378423454, 0.1324147737272019, 0.13241477174930405, 0.13241477169745752, 0.13241477169661264, 0.13241477169661264]}, "7": {"maxiter": 100, "gtol": 1e-10, "xrtol": 1e-10, "eps": 1e-10, "duration": 0.18058109283447266, "fun": "0.13241477165435533", "jac": "[-1.11022293e-06 -1.11022293e-06 -1.11022293e-06  1.11022293e-06\n -2.22044587e-06  0.00000000e+00]", "hess_inv": "[[ 1.00916696e+01 -4.24967864e+00 -6.18626828e+00  3.57509565e+00\n  -8.68964265e-01 -6.34678613e-01]\n [-4.24967864e+00  1.94362506e+00  2.44513309e+00 -1.41815454e+00\n   4.57688089e-01  5.10452246e-03]\n [-6.18626828e+00  2.44513309e+00  4.02660856e+00 -2.30464538e+00\n   4.05988964e-01  7.28329448e-01]\n [ 3.57509565e+00 -1.41815454e+00 -2.30464538e+00  1.37220417e+00\n  -2.51110750e-01 -5.41659317e-01]\n [-8.68964265e-01  4.57688089e-01  4.05988964e-01 -2.51110750e-01\n   2.11907033e-01 -1.15696214e-01]\n [-6.34678613e-01  5.10452246e-03  7.28329448e-01 -5.41659317e-01\n  -1.15696214e-01  9.90400839e-01]]", "nfev": "504", "njev": "72", "status": "2", "success": "False", "message": "Desired error not necessarily achieved due to precision loss.", "x": "[ 6.57956765  4.87990559  2.60476174  1.94313633  3.8932567  -0.95014783]", "nit": "37", "callback": [0.29656928180348907, 0.25554260161506503, 0.20874870446486216, 0.20300528186565425, 0.19595303222622174, 0.1839259450522741, 0.16860704754717204, 0.1560401353589913, 0.13835302832035223, 0.13333990359626213, 0.1328540626479333, 0.13261328509998482, 0.1324501097696077, 0.13242028724662003, 0.13241707175065054, 0.13241688288532694, 0.13241683604348697, 0.13241675191685665, 0.13241659656985905, 0.13241631814912702, 0.1324158533663966, 0.13241525223191053, 0.1324149741847812, 0.13241479078915708, 0.1324147726388295, 0.13241477207494534, 0.13241477187742756, 0.13241477175963268, 0.1324147716728814, 0.1324147716669668, 0.13241477166252236, 0.1324147716604036, 0.13241477165815418, 0.13241477165512283, 0.13241477165512028, 0.13241477165435533, 0.13241477165435533]}, "8": {"maxiter": 500, "gtol": 1e-05, "xrtol": 1e-05, "eps": 1e-05, "duration": 0.06494784355163574, "fun": "0.13241477174930405", "jac": "[ 5.31796829e-07 -4.33941771e-07  6.45949960e-07  4.46909176e-07\n  3.39506201e-07 -1.11421983e-06]", "hess_inv": "[[  4.86638443   6.41781809  -7.25140133   2.13045802  -0.14835434\n    1.82153034]\n [  6.41781809  52.74128914 -54.87461049   5.81729527  -0.93900368\n   -0.7447754 ]\n [ -7.25140133 -54.87461049  61.63416314  -7.6460838    1.34730655\n    1.48431844]\n [  2.13045802   5.81729527  -7.6460838    6.97879745   0.32782701\n    1.11317875]\n [ -0.14835434  -0.93900368   1.34730655   0.32782701   2.89320666\n    1.34081946]\n [  1.82153034  -0.7447754    1.48431844   1.11317875   1.34081946\n    4.05622425]]", "nfev": "196", "njev": "28", "status": "0", "success": "True", "message": "Optimization terminated successfully.", "x": "[ 6.5795398   4.87982026  2.60484495  1.94311653  3.89325097 -0.95017   ]", "nit": "26", "callback": [0.2965700206254849, 0.25554242924275505, 0.20874772034002342, 0.2030037084659424, 0.19595113633577643, 0.18392493983299796, 0.16860340041419952, 0.15603636321163494, 0.13834836418249874, 0.13333692702005762, 0.13285316417192405, 0.13261285994246608, 0.1324498067321318, 0.13242023581824214, 0.13241706121584818, 0.13241687279041858, 0.1324168257461602, 0.1324167428089138, 0.1324165933817243, 0.13241632781275536, 0.13241588355189104, 0.13241527420913357, 0.13241496748599646, 0.13241480378423454, 0.1324147737272019, 0.13241477174930405]}, "9": {"maxiter": 500, "gtol": 1e-05, "xrtol": 1e-05, "eps": 1e-10, "duration": 0.06679296493530273, "fun": "0.13241477207494534", "jac": "[ 0.00000000e+00 -3.33066880e-06  0.00000000e+00  0.00000000e+00\n -1.11022293e-06  0.00000000e+00]", "hess_inv": "[[  4.42797876   5.17180992  -5.95148284   1.62891734  -0.35364465\n    1.54820557]\n [  5.17180992  49.09014931 -50.41573258   3.56042269  -1.38419361\n   -0.56189955]\n [ -5.95148284 -50.41573258  56.33983362  -5.26441195   1.80872629\n    1.28846733]\n [  1.62891734   3.56042269  -5.26441195   6.40419851   0.12405149\n    0.80638993]\n [ -0.35364465  -1.38419361   1.80872629   0.12405149   2.77609556\n    1.21034218]\n [  1.54820557  -0.56189955   1.28846733   0.80638993   1.21034218\n    3.88715931]]", "nfev": "196", "njev": "28", "status": "0", "success": "True", "message": "Optimization terminated successfully.", "x": "[ 6.57953356  4.87967293  2.60500765  1.94310665  3.89325595 -0.95015552]", "nit": "26", "callback": [0.29656928180348907, 0.25554260161506503, 0.20874870446486216, 0.20300528186565425, 0.19595303222622174, 0.1839259450522741, 0.16860704754717204, 0.1560401353589913, 0.13835302832035223, 0.13333990359626213, 0.1328540626479333, 0.13261328509998482, 0.1324501097696077, 0.13242028724662003, 0.13241707175065054, 0.13241688288532694, 0.13241683604348697, 0.13241675191685665, 0.13241659656985905, 0.13241631814912702, 0.1324158533663966, 0.13241525223191053, 0.1324149741847812, 0.13241479078915708, 0.1324147726388295, 0.13241477207494534]}, "10": {"maxiter": 500, "gtol": 1e-05, "xrtol": 1e-10, "eps": 1e-05, "duration": 0.06641387939453125, "fun": "0.13241477174930405", "jac": "[ 5.31796829e-07 -4.33941771e-07  6.45949960e-07  4.46909176e-07\n  3.39506201e-07 -1.11421983e-06]", "hess_inv": "[[  4.86638443   6.41781809  -7.25140133   2.13045802  -0