{"date": "2024/10/08/, 15:27:14", "conf_id": 8, "data_type": "random\n", "num_data_points": 1, "s_rank": 0, "unitary": "[[-0.53618537-0.34368723j,-0.12107031-0.46226139j,-0.07699282-0.46603512j,0.36022595-0.11472301j],[0.26026499-0.63450712j,-0.56616638+0.37832564j,-0.14988651+0.08458591j,0.10363514-0.16008501j],[-0.32580188-0.11070003j,-0.36476308-0.23593218j,0.02559343+0.41761608j,-0.25598305+0.6725303j],[0.07406738-0.0126433j,0.28513701+0.19483972j,-0.74939717-0.10299659j,0.29798249+0.46269921j]]", "databatch_0": {"databatch": "[[[0.18664674-0.20586671j,0.0082868+0.05830784j,0.24829257-0.29379374j,-0.01400689-0.0178309j],[-0.33694511+0.19352878j,0.01374088+0.17041161j,0.02493475+0.36437238j,-0.01675287+0.14985817j],[0.26392997+0.05129105j,-0.16856768-0.23678552j,-0.19455295+0.21013692j,-0.02182336-0.16448424j],[0.22927016-0.06827879j,-0.20484602-0.09937959j,-0.02442271+0.20243956j,-0.0746889-0.10936305j]]]", "initial param values": "[4.73949982,4.9818261,1.22223352,5.04745207,3.25714968,5.99357404]", "nelder_mead": {"type": "gradient-free", "0": {"maxiter": 100, "fatol": 1e-05, "xatol": 1e-05, "duration": 0.07064294815063477, "fun": "0.17809538664054048", "nit": "100", "nfev": "161", "status": "2", "success": "False", "message": "Maximum number of iterations has been exceeded.", "x": "[4.10802411 5.28785579 1.52733537 7.64101563 4.56527705 6.44319792]", "final_simplex": "(array([[4.10802411, 5.28785579, 1.52733537, 7.64101563, 4.56527705,\n        6.44319792],\n       [4.08692201, 5.27480394, 1.52793276, 7.63300826, 4.55365013,\n        6.4673313 ],\n       [4.09181194, 5.28246658, 1.52696994, 7.6171426 , 4.56383301,\n        6.46620458],\n       [4.09733629, 5.29394845, 1.53531347, 7.63395767, 4.56752176,\n        6.45517447],\n       [4.10815829, 5.31809334, 1.5384816 , 7.64650209, 4.5827261 ,\n        6.46210843],\n       [4.08846283, 5.27329508, 1.53452743, 7.64876069, 4.57281379,\n        6.4668071 ],\n       [4.08717686, 5.30523576, 1.53673912, 7.64106565, 4.5816937 ,\n        6.46030487]]), array([0.17809539, 0.17824669, 0.17831436, 0.17842808, 0.17846531,\n       0.17847019, 0.17847084]))", "callback": [0.9875120951217754, 0.6448607652613236, 0.4874631304611736, 0.4005469277727193, 0.3667976283137717, 0.2957731470060785, 0.1909390192920899, 0.18185428609190268, 0.1789204050898069, 0.17847495063582808]}, "1": {"maxiter": 100, "fatol": 1e-05, "xatol": 1e-10, "duration": 0.06198000907897949, "fun": "0.17809538664054048", "nit": "100", "nfev": "161", "status": "2", "success": "False", "message": "Maximum number of iterations has been exceeded.", "x": "[4.10802411 5.28785579 1.52733537 7.64101563 4.56527705 6.44319792]", "final_simplex": "(array([[4.10802411, 5.28785579, 1.52733537, 7.64101563, 4.56527705,\n        6.44319792],\n       [4.08692201, 5.27480394, 1.52793276, 7.63300826, 4.55365013,\n        6.4673313 ],\n       [4.09181194, 5.28246658, 1.52696994, 7.6171426 , 4.56383301,\n        6.46620458],\n       [4.09733629, 5.29394845, 1.53531347, 7.63395767, 4.56752176,\n        6.45517447],\n       [4.10815829, 5.31809334, 1.5384816 , 7.64650209, 4.5827261 ,\n        6.46210843],\n       [4.08846283, 5.27329508, 1.53452743, 7.64876069, 4.57281379,\n        6.4668071 ],\n       [4.08717686, 5.30523576, 1.53673912, 7.64106565, 4.5816937 ,\n        6.46030487]]), array([0.17809539, 0.17824669, 0.17831436, 0.17842808, 0.17846531,\n       0.17847019, 0.17847084]))", "callback": [0.9875120951217754, 0.6448607652613236, 0.4874631304611736, 0.4005469277727193, 0.3667976283137717, 0.2957731470060785, 0.1909390192920899, 0.18185428609190268, 0.1789204050898069, 0.17847495063582808]}, "2": {"maxiter": 100, "fatol": 1e-10, "xatol": 1e-05, "duration": 0.06408381462097168, "fun": "0.17809538664054048", "nit": "100", "nfev": "161", "status": "2", "success": "False", "message": "Maximum number of iterations has been exceeded.", "x": "[4.10802411 5.28785579 1.52733537 7.64101563 4.56527705 6.44319792]", "final_simplex": "(array([[4.10802411, 5.28785579, 1.52733537, 7.64101563, 4.56527705,\n        6.44319792],\n       [4.08692201, 5.27480394, 1.52793276, 7.63300826, 4.55365013,\n        6.4673313 ],\n       [4.09181194, 5.28246658, 1.52696994, 7.6171426 , 4.56383301,\n        6.46620458],\n       [4.09733629, 5.29394845, 1.53531347, 7.63395767, 4.56752176,\n        6.45517447],\n       [4.10815829, 5.31809334, 1.5384816 , 7.64650209, 4.5827261 ,\n        6.46210843],\n       [4.08846283, 5.27329508, 1.53452743, 7.64876069, 4.57281379,\n        6.4668071 ],\n       [4.08717686, 5.30523576, 1.53673912, 7.64106565, 4.5816937 ,\n        6.46030487]]), array([0.17809539, 0.17824669, 0.17831436, 0.17842808, 0.17846531,\n       0.17847019, 0.17847084]))", "callback": [0.9875120951217754, 0.6448607652613236, 0.4874631304611736, 0.4005469277727193, 0.3667976283137717, 0.2957731470060785, 0.1909390192920899, 0.18185428609190268, 0.1789204050898069, 0.17847495063582808]}, "3": {"maxiter": 100, "fatol": 1e-10, "xatol": 1e-10, "duration": 0.06205892562866211, "fun": "0.17809538664054048", "nit": "100", "nfev": "161", "status": "2", "success": "False", "message": "Maximum number of iterations has been exceeded.", "x": "[4.10802411 5.28785579 1.52733537 7.64101563 4.56527705 6.44319792]", "final_simplex": "(array([[4.10802411, 5.28785579, 1.52733537, 7.64101563, 4.56527705,\n        6.44319792],\n       [4.08692201, 5.27480394, 1.52793276, 7.63300826, 4.55365013,\n        6.4673313 ],\n       [4.09181194, 5.28246658, 1.52696994, 7.6171426 , 4.56383301,\n        6.46620458],\n       [4.09733629, 5.29394845, 1.53531347, 7.63395767, 4.56752176,\n        6.45517447],\n       [4.10815829, 5.31809334, 1.5384816 , 7.64650209, 4.5827261 ,\n        6.46210843],\n       [4.08846283, 5.27329508, 1.53452743, 7.64876069, 4.57281379,\n        6.4668071 ],\n       [4.08717686, 5.30523576, 1.53673912, 7.64106565, 4.5816937 ,\n        6.46030487]]), array([0.17809539, 0.17824669, 0.17831436, 0.17842808, 0.17846531,\n       0.17847019, 0.17847084]))", "callback": [0.9875120951217754, 0.6448607652613236, 0.4874631304611736, 0.4005469277727193, 0.3667976283137717, 0.2957731470060785, 0.1909390192920899, 0.18185428609190268, 0.1789204050898069, 0.17847495063582808]}, "4": {"maxiter": 500, "fatol": 1e-05, "xatol": 1e-05, "duration": 0.18658804893493652, "fun": "0.16825625692490598", "nit": "304", "nfev": "495", "status": "0", "success": "True", "message": "Optimization terminated successfully.", "x": "[4.07949823 5.09904557 1.10605883 7.76096436 4.81242522 6.36719294]", "final_simplex": "(array([[4.07949823, 5.09904557, 1.10605883, 7.76096436, 4.81242522,\n        6.36719294],\n       [4.07949614, 5.09904752, 1.10606094, 7.76096076, 4.81242697,\n        6.36719403],\n       [4.07949937, 5.09904367, 1.10606303, 7.76096336, 4.81242562,\n        6.36719592],\n       [4.07949524, 5.09904069, 1.10606248, 7.76096256, 4.81242455,\n        6.36719426],\n       [4.07950045, 5.09905028, 1.10606102, 7.76096645, 4.81242763,\n        6.3671908 ],\n       [4.07949738, 5.09904436, 1.10606506, 7.76096394, 4.81242128,\n        6.36719895],\n       [4.07949739, 5.09903897, 1.10605212, 7.76097108, 4.81243246,\n        6.36719289]]), array([0.16825626, 0.16825626, 0.16825626, 0.16825626, 0.16825626,\n       0.16825626, 0.16825626]))", "callback": [0.9875120951217754, 0.6448607652613236, 0.4874631304611736, 0.4005469277727193, 0.3667976283137717, 0.2957731470060785, 0.1909390192920899, 0.18185428609190268, 0.1789204050898069, 0.17847495063582808, 0.17809538664054048, 0.17729757439388705, 0.175959975428028, 0.17373811477626633, 0.17299225830858256, 0.17110342970760284, 0.16865525041234564, 0.16843048801786276, 0.16828231523902992, 0.1682678124272674, 0.16825996659900255, 0.16825692880991217, 0.16825640312852053, 0.1682562724355745, 0.16825626067523325, 0.1682562588877804, 0.16825625777838915, 0.16825625717602433, 0.16825625696638324, 0.1682562569385766, 0.16825625692540414]}, "5": {"maxiter": 500, "fatol": 1e-05, "xatol": 1e-10, "duration": 0.3165249824523926, "fun": "0.16825625692062018", "nit": "424", "nfev": "750", "status": "0", "success": "True", "message": "Optimization terminated successfully.", "x": "[4.07949579 5.09904705 1.10606161 7.76096526 4.81242664 6.36719457]", "final_simplex": "(array([[4.07949579, 5.09904705, 1.10606161, 7.76096526, 4.81242664,\n        6.36719457],\n       [4.07949579, 5.09904705, 1.10606161, 7.76096526, 4.81242664,\n        6.36719457],\n       [4.07949579, 5.09904705, 1.10606161, 7.76096526, 4.81242664,\n        6.36719457],\n       [4.07949579, 5.09904705, 1.10606161, 7.76096526, 4.81242664,\n        6.36719457],\n       [4.07949579, 5.09904705, 1.10606161, 7.76096526, 4.81242664,\n        6.36719457],\n       [4.07949579, 5.09904705, 1.10606161, 7.76096526, 4.81242664,\n        6.36719457],\n       [4.07949579, 5.09904705, 1.10606161, 7.76096526, 4.81242664,\n        6.36719457]]), array([0.16825626, 0.16825626, 0.16825626, 0.16825626, 0.16825626,\n       0.16825626, 0.16825626]))", "callback": [0.9875120951217754, 0.6448607652613236, 0.4874631304611736, 0.4005469277727193, 0.3667976283137717, 0.2957731470060785, 0.1909390192920899, 0.18185428609190268, 0.1789204050898069, 0.17847495063582808, 0.17809538664054048, 0.17729757439388705, 0.175959975428028, 0.17373811477626633, 0.17299225830858256, 0.17110342970760284, 0.16865525041234564, 0.16843048801786276, 0.16828231523902992, 0.1682678124272674, 0.16825996659900255, 0.16825692880991217, 0.16825640312852053, 0.1682562724355745, 0.16825626067523325, 0.1682562588877804, 0.16825625777838915, 0.16825625717602433, 0.16825625696638324, 0.1682562569385766, 0.16825625692540414, 0.16825625692272406, 0.16825625692131463, 0.16825625692085122, 0.16825625692075108, 0.1682562569206707, 0.1682562569206293, 0.1682562569206223, 0.16825625692062063, 0.1682562569206204, 0.1682562569206204, 0.16825625692062018, 0.16825625692062018]}, "6": {"maxiter": 500, "fatol": 1e-10, "xatol": 1e-05, "duration": 0.20318388938903809, "fun": "0.16825625692490598", "nit": "304", "nfev": "495", "status": "0", "success": "True", "message": "Optimization terminated successfully.", "x": "[4.07949823 5.09904557 1.10605883 7.76096436 4.81242522 6.36719294]", "final_simplex": "(array([[4.07949823, 5.09904557, 1.10605883, 7.76096436, 4.81242522,\n        6.36719294],\n       [4.07949614, 5.09904752, 1.10606094, 7.76096076, 4.81242697,\n        6.36719403],\n       [4.07949937, 5.09904367, 1.10606303, 7.76096336, 4.81242562,\n        6.36719592],\n       [4.07949524, 5.09904069, 1.10606248, 7.76096256, 4.81242455,\n        6.36719426],\n       [4.07950045, 5.09905028, 1.10606102, 7.76096645, 4.81242763,\n        6.3671908 ],\n       [4.07949738, 5.09904436, 1.10606506, 7.76096394, 4.81242128,\n        6.36719895],\n       [4.07949739, 5.09903897, 1.10605212, 7.76097108, 4.81243246,\n        6.36719289]]), array([0.16825626, 0.16825626, 0.16825626, 0.16825626, 0.16825626,\n       0.16825626, 0.16825626]))", "callback": [0.9875120951217754, 0.6448607652613236, 0.4874631304611736, 0.4005469277727193, 0.3667976283137717, 0.2957731470060785, 0.1909390192920899, 0.18185428609190268, 0.1789204050898069, 0.17847495063582808, 0.17809538664054048, 0.17729757439388705, 0.175959975428028, 0.17373811477626633, 0.17299225830858256, 0.17110342970760284, 0.16865525041234564, 0.16843048801786276, 0.16828231523902992, 0.1682678124272674, 0.16825996659900255, 0.16825692880991217, 0.16825640312852053, 0.1682562724355745, 0.16825626067523325, 0.1682562588877804, 0.16825625777838915, 0.16825625717602433, 0.16825625696638324, 0.1682562569385766, 0.16825625692540414]}, "7": {"maxiter": 500, "fatol": 1e-10, "xatol": 1e-10, "duration": 0.28634214401245117, "fun": "0.16825625692062018", "nit": "424", "nfev": "750", "status": "0", "success": "True", "message": "Optimization terminated successfully.", "x": "[4.07949579 5.09904705 1.10606161 7.76096526 4.81242664 6.36719457]", "final_simplex": "(array([[4.07949579, 5.09904705, 1.10606161, 7.76096526, 4.81242664,\n        6.36719457],\n       [4.07949579, 5.09904705, 1.10606161, 7.76096526, 4.81242664,\n        6.36719457],\n       [4.07949579, 5.09904705, 1.10606161, 7.76096526, 4.81242664,\n        6.36719457],\n       [4.07949579, 5.09904705, 1.10606161, 7.76096526, 4.81242664,\n        6.36719457],\n       [4.07949579, 5.09904705, 1.10606161, 7.76096526, 4.81242664,\n        6.36719457],\n       [4.07949579, 5.09904705, 1.10606161, 7.76096526, 4.81242664,\n        6.36719457],\n       [4.07949579, 5.09904705, 1.10606161, 7.76096526, 4.81242664,\n        6.36719457]]), array([0.16825626, 0.16825626, 0.16825626, 0.16825626, 0.16825626,\n       0.16825626, 0.16825626]))", "callback": [0.9875120951217754, 0.6448607652613236, 0.4874631304611736, 0.4005469277727193, 0.3667976283137717, 0.2957731470060785, 0.1909390192920899, 0.18185428609190268, 0.1789204050898069, 0.17847495063582808, 0.17809538664054048, 0.17729757439388705, 0.175959975428028, 0.17373811477626633, 0.17299225830858256, 0.17110342970760284, 0.16865525041234564, 0.16843048801786276, 0.16828231523902992, 0.1682678124272674, 0.16825996659900255, 0.16825692880991217, 0.16825640312852053, 0.1682562724355745, 0.16825626067523325, 0.1682562588877804, 0.16825625777838915, 0.16825625717602433, 0.16825625696638324, 0.1682562569385766, 0.16825625692540414, 0.16825625692272406, 0.16825625692131463, 0.16825625692085122, 0.16825625692075108, 0.1682562569206707, 0.1682562569206293, 0.1682562569206223, 0.16825625692062063, 0.1682562569206204, 0.1682562569206204, 0.16825625692062018, 0.16825625692062018]}, "8": {"maxiter": 1000, "fatol": 1e-05, "xatol": 1e-05, "duration": 0.18759417533874512, "fun": "0.16825625692490598", "nit": "304", "nfev": "495", "status": "0", "success": "True", "message": "Optimization terminated successfully.", "x": "[4.07949823 5.09904557 1.10605883 7.76096436 4.81242522 6.36719294]", "final_simplex": "(array([[4.07949823, 5.09904557, 1.10605883, 7.76096436, 4.81242522,\n        6.36719294],\n       [4.07949614, 5.09904752, 1.10606094, 7.76096076, 4.81242697,\n        6.36719403],\n       [4.07949937, 5.09904367, 1.10606303, 7.76096336, 4.81242562,\n        6.36719592],\n       [4.07949524, 5.09904069, 1.10606248, 7.76096256, 4.81242455,\n        6.36719426],\n       [4.07950045, 5.09905028, 1.10606102, 7.76096645, 4.81242763,\n        6.3671908 ],\n       [4.07949738, 5.09904436, 1.10606506, 7.76096394, 4.81242128,\n        6.36719895],\n       [4.07949739, 5.09903897, 1.10605212, 7.76097108, 4.81243246,\n        6.36719289]]), array([0.16825626, 0.16825626, 0.16825626, 0.16825626, 0.16825626,\n       0.16825626, 0.16825626]))", "callback": [0.9875120951217754, 0.6448607652613236, 0.4874631304611736, 0.4005469277727193, 0.3667976283137717, 0.2957731470060785, 0.1909390192920899, 0.18185428609190268, 0.1789204050898069, 0.17847495063582808, 0.17809538664054048, 0.17729757439388705, 0.175959975428028, 0.17373811477626633, 0.17299225830858256, 0.17110342970760284, 0.16865525041234564, 0.16843048801786276, 0.16828231523902992, 0.1682678124272674, 0.16825996659900255, 0.16825692880991217, 0.16825640312852053, 0.1682562724355745, 0.16825626067523325, 0.1682562588877804, 0.16825625777838915, 0.16825625717602433, 0.16825625696638324, 0.1682562569385766, 0.16825625692540414]}, "9": {"maxiter": 1000, "fatol": 1e-05, "xatol": 1e-10, "duration": 0.26949286460876465, "fun": "0.16825625692062018", "nit": "424", "nfev": "750", "status": "0", "success": "True", "message": "Optimization terminated successfully.", "x": "[4.07949579 5.09904705 1.10606161 7.76096526 4.81242664 6.36719457]", "final_simplex": "(array([[4.07949579, 5.09904705, 1.10606161, 7.76096526, 4.81242664,\n        6.36719457],\n       [4.07949579, 5.09904705, 1.10606161, 7.76096526, 4.81242664,\n        6.36719457],\n       [4.07949579, 5.09904705, 1.10606161, 7.76096526, 4.81242664,\n        6.36719457],\n       [4.07949579, 5.09904705, 1.10606161, 7.76096526, 4.81242664,\n        6.36719457],\n       [4.07949579, 5.09904705, 1.10606161, 7.76096526, 4.81242664,\n        6.36719457],\n       [4.07949579, 5.09904705, 1.10606161, 7.76096526, 4.81242664,\n        6.36719457],\n       [4.07949579, 5.09904705, 1.10606161, 7.76096526, 4.81242664,\n        6.36719457]]), array([0.16825626, 0.16825626, 0.16825626, 0.16825626, 0.16825626,\n       0.16825626, 0.16825626]))", "callback": [0.9875120951217754, 0.6448607652613236, 0.4874631304611736, 0.4005469277727193, 0.3667976283137717, 0.2957731470060785, 0.1909390192920899, 0.18185428609190268, 0.1789204050898069, 0.17847495063582808, 0.17809538664054048, 0.17729757439388705, 0.175959975428028, 0.17373811477626633, 0.17299225830858256, 0.17110342970760284, 0.16865525041234564, 0.16843048801786276, 0.16828231523902992, 0.1682678124272674, 0.16825996659900255, 0.16825692880991217, 0.16825640312852053, 0.1682562724355745, 0.16825626067523325, 0.1682562588877804, 0.16825625777838915, 0.16825625717602433, 0.16825625696638324, 0.1682562569385766, 0.16825625692540414, 0.16825625692272406, 0.16825625692131463, 0.16825625692085122, 0.16825625692075108, 0.1682562569206707, 0.1682562569206293, 0.1682562569206223, 0.16825625692062063, 0.1682562569206204, 0.1682562569206204, 0.16825625692062018, 0.16825625692062018]}, "10": {"maxiter": 1000, "fatol": 1e-10, "xatol": 1e-05, "duration": 0.1766219139099121, "fun": "0.16825625692490598", "nit": "304", "nfev": "495", "status": "0", "success": "True", "message": "Optimization terminated successfully.", "x": "[4.07949823 5.09904557 1.10605883 7.76096436 4.81242522 6.36719294]", "final_simplex": "(array([[4.07949823, 5.09904557, 1.10605883, 7.76096436, 4.81242522,\n        6.36719294],\n       [4.07949614, 5.09904752, 1.10606094, 7.76096076, 4.81242697,\n        6.36719403],\n       [4.07949937, 5.09904367, 1.10606303, 7.76096336, 4.81242562,\n        6.36719592],\n       [4.07949524, 5.09904069, 1.10606248, 7.76096256, 4.81242455,\n        6.36719426],\n       [4.07950045, 5.09905028, 1.10606102, 7.76096645, 4.81242763,\n        6.3671908 ],\n       [4.07949738, 5.09904436, 1.10606506, 7.76096394, 4.81242128,\n        6.36719895],\n       [4.07949739, 5.09903897, 1.10605212, 7.76097108, 4.81243246,\n        6.36719289]]), array([0.16825626, 0.16825626, 0.16825626, 0.16825626, 0.16825626,\n       0.16825626, 0.16825626]))", "callback": [0.9875120951217754, 0.6448607652613236, 0.4874631304611736, 0.4005469277727193, 0.3667976283137717, 0.2957731470060785, 0.1909390192920899, 0.18185428609190268, 0.1789204050898069, 0.17847495063582808, 0.17809538664054048, 0.17729757439388705, 0.175959975428028, 0.17373811477626633, 0.17299225830858256, 0.17110342970760284, 0.16865525041234564, 0.16843048801786276, 0.16828231523902992, 0.1682678124272674, 0.16825996659900255, 0.16825692880991217, 0.16825640312852053, 0.1682562724355745, 0.16825626067523325, 0.1682562588877804, 0.16825625777838915, 0.16825625717602433, 0.16825625696638324, 0.1682562569385766, 0.16825625692540414]}, "11": {"maxiter": 1000, "fatol": 1e-10, "xatol": 1e-10, "duration": 0.296983003616333, "fun": "0.16825625692062018", "nit": "424", "nfev": "750", "status": "0", "success": "True", "message": "Optimization terminated successfully.", "x": "[4.07949579 5.09904705 1.10606161 7.76096526 4.81242664 6.36719457]", "final_simplex": "(array([[4.07949579, 5.09904705, 1.10606161, 7.76096526, 4.81242664,\n        6.36719457],\n       [4.07949579, 5.09904705, 1.10606161, 7.76096526, 4.81242664,\n        6.36719457],\n       [4.07949579, 5.09904705, 1.10606161, 7.76096526, 4.81242664,\n        6.36719457],\n       [4.07949579, 5.09904705, 1.10606161, 7.76096526, 4.81242664,\n        6.36719457],\n       [4.07949579, 5.09904705, 1.10606161, 7.76096526, 4.81242664,\n        6.36719457],\n       [4.07949579, 5.09904705, 1.10606161, 7.76096526, 4.81242664,\n        6.36719457],\n       [4.07949579, 5.09904705, 1.10606161, 7.76096526, 4.81242664,\n        6.36719457]]), array([0.16825626, 0.16825626, 0.16825626, 0.16825626, 0.16825626,\n       0.16825626, 0.16825626]))", "callback": [0.9875120951217754, 0.6448607652613236, 0.4874631304611736, 0.4005469277727193, 0.3667976283137717, 0.2957731470060785, 0.1909390192920899, 0.18185428609190268, 0.1789204050898069, 0.17847495063582808, 0.17809538664054048, 0.17729757439388705, 0.175959975428028, 0.17373811477626633, 0.17299225830858256, 0.17110342970760284, 0.16865525041234564, 0.16843048801786276, 0.16828231523902992, 0.1682678124272674, 0.16825996659900255, 0.16825692880991217, 0.16825640312852053, 0.1682562724355745, 0.16825626067523325, 0.1682562588877804, 0.16825625777838915, 0.16825625717602433, 0.16825625696638324, 0.1682562569385766, 0.16825625692540414, 0.16825625692272406, 0.16825625692131463, 0.16825625692085122, 0.16825625692075108, 0.1682562569206707, 0.1682562569206293, 0.1682562569206223, 0.16825625692062063, 0.1682562569206204, 0.1682562569206204, 0.16825625692062018, 0.16825625692062018]}}, "bfgs": {"type": "gradient", "0": {"maxiter": 100, "gtol": 1e-05, "xrtol": 1e-05, "eps": 1e-05, "duration": 0.07788586616516113, "fun": "0.16825625698773794", "jac": "[-3.30293570e-06  2.71808132e-06  2.09852136e-06 -1.45783385e-07\n  3.05233616e-07 -5.55266944e-07]", "hess_inv": "[[ 2.82489601  1.25008482  0.64085404 -0.07010039 -0.34305451  0.1085855 ]\n [ 1.25008482  6.60264281  4.34616651 -0.88159218 -1.84760067  0.40139475]\n [ 0.64085404  4.34616651  8.53776369 -2.20203193 -4.60373815  1.87666539]\n [-0.07010039 -0.88159218 -2.20203193  3.04225943  1.24986396 -0.44575833]\n [-0.34305451 -1.84760067 -4.60373815  1.24986396  4.84164055 -1.35517058]\n [ 0.1085855   0.40139475  1.87666539 -0.44575833 -1.35517058  2.94172447]]", "nfev": "217", "njev": "31", "status": "0", "success": "True", "message": "Optimization terminated successfully.", "x": "[4.07948364 5.09905824 1.10607827 7.76095556 4.81241479 6.36719132]", "nit": "19", "callback": [0.471914545067212, 0.47163706873893774, 0.32590547351808863, 0.2557008160866081, 0.23165390592375046, 0.21119381124470216, 0.2015106449781935, 0.1878931977867575, 0.1799583657970052, 0.1739932680869407, 0.1709185970114172, 0.16923145576606646, 0.1684666294799031, 0.16832762884993346, 0.16827337200725367, 0.16825842292678117, 0.16825643137426216, 0.16825627755037842, 0.16825625698773794]}, "1": {"maxiter": 100, "gtol": 1e-05, "xrtol": 1e-05, "eps": 1e-10, "duration": 0.07654595375061035, "fun": "0.1682562570172561", "jac": "[-1.11022293e-06  4.44089173e-06 -3.33066880e-06  4.44089173e-06\n -5.55111466e-06  4.44089173e-06]", "hess_inv": "[[ 2.75544568  1.23596659  0.5901824  -0.02712219 -0.36272665  0.12697451]\n [ 1.23596659  6.61630188  4.36614757 -0.84294059 -1.81528451  0.34970337]\n [ 0.5901824   4.36614757  8.66797303 -2.19911334 -4.53563718  1.75348115]\n [-0.02712219 -0.84294059 -2.19911334  3.05900394  1.23145009 -0.40658635]\n [-0.36272665 -1.81528451 -4.53563718  1.23145009  4.83380677 -1.35064843]\n [ 0.12697451  0.34970337  1.75348115 -0.40658635 -1.35064843  2.9474493 ]]", "nfev": "217", "njev": "31", "status": "0", "success": "True", "message": "Optimization terminated successfully.", "x": "[4.07949353 5.09906065 1.1060732  7.76096619 4.81240846 6.36721159]", "nit": "19", "callback": [0.4719393943543324, 0.4716625604363459, 0.3261372302690029, 0.2557833734785431, 0.23168811129857836, 0.21123332956343066, 0.20154554939795244, 0.187912609356914, 0.17997055363586612, 0.17401445145152994, 0.1709227621764331, 0.16923692645687338, 0.16846679011835164, 0.16832781979816192, 0.16827335828016476, 0.16825837251128473, 0.1682563824484684, 0.16825627707853208, 0.1682562570172561]}, "2": {"maxiter": 100, "gtol": 1e-05, "xrtol": 1e-10, "eps": 1e-05, "duration": 0.0883631706237793, "fun": "0.16825625698773794", "jac": "[-3.30293570e-06  2.71808132e-06  2.09852136e-06 -1.45783385e-07\n  3.05233616e-07 -5.55266944e-07]", "hess_inv": "[[ 2.82489601  1.25008482  0.64085404 -0.07010039 -0.34305451  0.1085855 ]\n [ 1.25008482  6.60264281  4.34616651 -0.88159218 -1.84760067  0.40139475]\n [ 0.64085404  4.34616651  8.53776369 -2.20203193 -4.60373815  1.87666539]\n [-0.07010039 -0.88159218 -2.20203193  3.04225943  1.24986396 -0.44575833]\n [-0.34305451 -1.84760067 -4.60373815  1.24986396  4.84164055 -1.35517058]\n [ 0.1085855   0.40139475  1.87666539 -0.44575833 -1.35517058  2.94172447]]", "nfev": "217", "njev": "31", "status": "0", "success": "True", "message": "Optimization terminated successfully.", "x": "[4.07948364 5.09905824 1.10607827 7.76095556 4.81241479 6.36719132]", "nit": "19", "callback": [0.471914545067212, 0.47163706873893774, 0.32590547351808863, 0.2557008160866081, 0.23165390592375046, 0.21119381124470216, 0.2015106449781935, 0.1878931977867575, 0.1799583657970052, 0.1739932680869407, 0.1709185970114172, 0.16923145576606646, 0.1684666294799031, 0.16832762884993346, 0.16827337200725367, 0.16825842292678117, 0.16825643137426216, 0.16825627755037842, 0.16825625698773794]}, "3": {"maxiter": 100, "gtol": 1e-05, "xrtol": 1e-10, "eps": 1e-10, "duration": 0.09476900100708008, "fun": "0.1682562570172561", "jac": "[-1.11022293e-06  4.44089173e-06 -3.33066880e-06  4.44089173e-06\n -5.55111466e-06  4.44089173e-06]", "hess_inv": "[[ 2.75544568  1.23596659  0.5901824  -0.02712219 -0.36272665  0.12697451]\n [ 1.23596659  6.61630188  4.36614757 -0.84294059 -1.81528451  0.34970337]\n [ 0.5901824   4.36614757  8.66797303 -2.19911334 -4.53563718  1.75348115]\n [-0.02712219 -0.84294059 -2.19911334  3.05900394  1.23145009 -0.40658635]\n [-0.36272665 -1.81528451 -4.53563718  1.23145009  4.83380677 -1.35064843]\n [ 0.12697451  0.34970337  1.75348115 -0.40658635 -1.35064843  2.9474493 ]]", "nfev": "217", "njev": "31", "status": "0", "success": "True", "message": "Optimization terminated successfully.", "x": "[4.07949353 5.09906065 1.1060732  7.76096619 4.81240846 6.36721159]", "nit": "19", "callback": [0.4719393943543324, 0.4716625604363459, 0.3261372302690029, 0.2557833734785431, 0.23168811129857836, 0.21123332956343066, 0.20154554939795244, 0.187912609356914, 0.17997055363586612, 0.17401445145152994, 0.1709227621764331, 0.16923692645687338, 0.16846679011835164, 0.16832781979816192, 0.16827335828016476, 0.16825837251128473, 0.1682563824484684, 0.16825627707853208, 0.1682562570172561]}, "4": {"maxiter": 100, "gtol": 1e-10, "xrtol": 1e-05, "eps": 1e-05, "duration": 0.08350992202758789, "fun": "0.16825625695034263", "jac": "[ 2.24487096e-08  4.70778971e-07  4.66293670e-09 -1.60849112e-07\n -1.68554060e-07  1.01141318e-08]", "hess_inv": "[[ 2.84686596  1.13408087  0.5084282  -0.03326355 -0.2821725   0.09297847]\n [ 1.13408087  6.68252255  4.4476129  -0.81539867 -1.85263526  0.3525416 ]\n [ 0.5084282   4.4476129   8.66508444 -2.13148891 -4.61557993  1.82342452]\n [-0.03326355 -0.81539867 -2.13148891  2.97642646  1.19706889 -0.40768168]\n [-0.2821725  -1.85263526 -4.61557993  1.19706889  4.82236801 -1.32044051]\n [ 0.09297847  0.3525416   1.82342452 -0.40768168 -1.32044051  2.92046426]]", "nfev": "224", "njev": "32", "status": "0", "success": "True", "message": "Optimization terminated successfully.", "x": "[4.07948903 5.09903513 1.10605179 7.76096199 4.81242654 6.36718881]", "nit": "20", "callback": [0.471914545067212, 0.47163706873893774, 0.32590547351808863, 0.2557008160866081, 0.23165390592375046, 0.21119381124470216, 0.2015106449781935, 0.1878931977867575, 0.1799583657970052, 0.1739932680869407, 0.1709185970114172, 0.16923145576606646, 0.1684666294799031, 0.16832762884993346, 0.16827337200725367, 0.16825842292678117, 0.16825643137426216, 0.16825627755037842, 0.16825625698773794, 0.16825625695034263]}, "5": {"maxiter": 100, "gtol": 1e-10, "xrtol": 1e-05, "eps": 1e-10, "duration": 0.08892583847045898, "fun": "0.16825625694429325", "jac": "[-1.11022293e-06  1.11022293e-06  1.11022293e-06 -1.11022293e-06\n  1.11022293e-06  3.33066880e-06]", "hess_inv": "[[ 2.73806354  1.13536469  0.52997284 -0.06521098 -0.26710847  0.05638129]\n [ 1.13536469  6.66547465  4.43568714 -0.75769771 -1.80780413  0.29459228]\n [ 0.52997284  4.43568714  8.73614547 -2.12867777 -4.56583917  1.74295036]\n [-0.06521098 -0.75769771 -2.12867777  3.12353284  1.17667799 -0.39015614]\n [-0.26710847 -1.80780413 -4.56583917  1.17667799  4.77982102 -1.26791772]\n [ 0.05638129  0.29459228  1.74295036 -0.39015614 -1.26791772  2.85861199]]", "nfev": "224", "njev": "32", "status": "0", "success": "True", "message": "Optimization terminated successfully.", "x": "[4.07949185 5.09903911 1.10605955 7.76095679 4.81242792 6.36719815]", "nit": "20", "callback": [0.4719393943543324, 0.4716625604363459, 0.3261372302690029, 0.2557833734785431, 0.23168811129857836, 0.21123332956343066, 0.20154554939795244, 0.187912609356914, 0.17997055363586612, 0.17401445145152994, 0.1709227621764331, 0.16923692645687338, 0.16846679011835164, 0.16832781979816192, 0.16827335828016476, 0.16825837251128473, 0.1682563824484684, 0.16825627707853208, 0.1682562570172561, 0.16825625694429325]}, "6": {"maxiter": 100, "gtol": 1e-10, "xrtol": 1e-10, "eps": 1e-05, "duration": 0.15631890296936035, "fun": "0.16825625695034263", "jac": "[ 2.24487096e-08  4.70778971e-07  4.66293670e-09 -1.60849112e-07\n -1.68554060e-07  1.01141318e-08]", "hess_inv": "[[ 2.76301464  1.2001306   0.6244764  -0.04852187 -0.31272926  0.09566691]\n [ 1.2001306   7.65913397  5.39368742 -1.10006478 -2.36267606  0.4779916 ]\n [ 0.6244764   5.39368742  9.55088529 -2.40960853 -5.11199416  1.94836862]\n [-0.04852187 -1.10006478 -2.40960853  3.05922131  1.34555927 -0.44398617]\n [-0.31272926 -2.36267606 -5.11199416  1.34555927  5.08856408 -1.38569903]\n [ 0.09566691  0.4779916   1.94836862 -0.44398617 -1.38569903  2.9361985 ]]", "nfev": "410", "njev": "57", "status": "2", "success": "False", "message": "Desired error not necessarily achieved due to precision loss.", "x": "[4.07948903 5.09903513 1.10605179 7.76096199 4.81242654 6.36718881]", "nit": "20", "callback": [0.471914545067212, 0.47163706873893774, 0.32590547351808863, 0.2557008160866081, 0.23165390592375046, 0.21119381124470216, 0.2015106449781935, 0.1878931977867575, 0.1799583657970052, 0.1739932680869407, 0.1709185970114172, 0.16923145576606646, 0.1684666294799031, 0.16832762884993346, 0.16827337200725367, 0.16825842292678117, 0.16825643137426216, 0.16825627755037842, 0.16825625698773794, 0.16825625695034263]}, "7": {"maxiter": 100, "gtol": 1e-10, "xrtol": 1e-10, "eps": 1e-10, "duration": 0.14374613761901855, "fun": "0.16825625692421964", "jac": "[1.11022293e-06 2.22044587e-06 0.00000000e+00 0.00000000e+00\n 2.22044587e-06 1.11022293e-06]", "hess_inv": "[[ 1.39230077e+00 -1.00871322e-01  4.86457637e-01  1.13219632e+00\n  -5.98495353e-01  1.67177857e-03]\n [-1.00871322e-01  3.75622836e-01  7.03215973e-02  2.79482152e-04\n   1.99699783e-01 -1.59075651e-01]\n [ 4.86457637e-01  7.03215973e-02  5.41068957e-01  5.72312560e-01\n   3.25632543e-01 -1.96747214e-01]\n [ 1.13219632e+00  2.79482152e-04  5.72312560e-01  1.10933022e+00\n  -3.21620350e-01 -1.07429210e-01]\n [-5.98495353e-01  1.99699783e-01  3.25632543e-01 -3.21620350e-01\n   1.37897719e+00 -4.15254133e-01]\n [ 1.67177857e-03 -1.59075651e-01 -1.96747214e-01 -1.07429210e-01\n  -4.15254133e-01  2.02929643e-01]]", "nfev": "378", "njev": "54", "status": "0", "success": "True", "message": "Optimization terminated successfully.", "x": "[4.0794927  5.09904169 1.10605787 7.76096461 4.81242756 6.36719294]", "nit": "26", "callback": [0.4719393943543324, 0.4716625604363459, 0.3261372302690029, 0.2557833734785431, 0.23168811129857836, 0.21123332956343066, 0.20154554939795244, 0.187912609356914, 0.17997055363586612, 0.17401445145152994, 0.1709227621764331, 0.16923692645687338, 0.16846679011835164, 0.16832781979816192, 0.16827335828016476, 0.16825837251128473, 0.1682563824484684, 0.16825627707853208, 0.1682562570172561, 0.16825625694429325, 0.16825625694427926, 0.1682562569442585, 0.16825625694170765, 0.16825625692423363, 0.16825625692421964, 0.16825625692421964]}, "8": {"maxiter": 500, "gtol": 1e-05, "xrtol": 1e-05, "eps": 1e-05, "duration": 0.08059430122375488, "fun": "0.16825625698773794", "jac": "[-3.30293570e-06  2.71808132e-06  2.09852136e-06 -1.45783385e-07\n  3.05233616e-07 -5.55266944e-07]", "hess_inv": "[[ 2.82489601  1.25008482  0.64085404 -0.07010039 -0.34305451  0.1085855 ]\n [ 1.25008482  6.60264281  4.34616651 -0.88159218 -1.84760067  0.40139475]\n [ 0.64085404  4.34616651  8.53776369 -2.20203193 -4.60373815  1.87666539]\n [-0.07010039 -0.88159218 -2.20203193  3.04225943  1.24986396 -0.44575833]\n [-0.34305451 -1.84760067 -4.60373815  1.24986396  4.84164055 -1.35517058]\n [ 0.1085855   0.40139475  1.87666539 -0.44575833 -1.35517058  2.94172447]]", "nfev": "217", "njev": "31", "status": "0", "success": "True", "message": "Optimization terminated successfully.", "x": "[4.07948364 5.09905824 1.10607827 7.76095556 4.81241479 6.36719132]", "nit": "19", "callback": [0.471914545067212, 0.47163706873893774, 0.32590547351808863, 0.2557008160866081, 0.23165390592375046, 0.21119381124470216, 0.2015106449781935, 0.1878931977867575, 0.1799583657970052, 0.1739932680869407, 0.1709185970114172, 0.16923145576606646, 0.1684666294799031, 0.16832762884993346, 0.16827337200725367, 0.16825842292678117, 0.16825643137426216, 0.16825627755037842, 0.16825625698773794]}, "9": {"maxiter": 500, "gtol": 1e-05, "xrtol": 1e-05, "eps": 1e-10, "duration": 0.08054208755493164, "fun": "0.1682562570172561", "jac": "[-1.11022293e-06  4.44089173e-06 -3.33066880e-06  4.44089173e-06\n -5.55111466e-06  4.44089173e-06]", "hess_inv": "[[ 2.75544568  1.23596659  0.5901824  -0.02712219 -0.36272665  0.12697451]\n [ 1.23596659  6.61630188  4.36614757 -0.84294059 -1.81528451  0.34970337]\n [ 0.5901824   4.36614757  8.66797303 -2.19911334 -4.53563718  1.75348115]\n [-0.02712219 -0.84294059 -2.19911334  3.05900394  1.23145009 -0.40658635]\n [-0.36272665 -1.81528451 -4.53563718  1.23145009  4.83380677 -1.35064843]\n [ 0.12697451  0.34970337  1.75348115 -0.40658635 -1.35064843  2.9474493 ]]", "nfev": "217", "njev": "31", "status": "0", "success": "True", "message": "Optimization terminated successfully.", "x": "[4.07949353 5.09906065 1.1060732  7.76096619 4.81240846 6.36721159]", "nit": "19", "callback": [0.4719393943543324, 0.4716625604363459, 0.3261372302690029, 0.2557833734785431, 0.23168811129857836, 0.21123332956343066, 0.20154554939795244, 0.187912609356914, 0.17997055363586612, 0.17401445145152994, 0.1709227621764331, 0.16923692645687338, 0.16846679011835164, 0.16832781979816192, 0.16827335828016476, 0.16825837251128473, 0.1682563824484684, 0.16825627707853208, 0.1682562570172561]}, "10": {"maxiter": 500, "gtol": 1e-05, "xrtol": 1e-10, "eps": 1e-05, "duration": 0.08562803268432617, "fun": "0.16825625698773794", "jac": "[-3.30293570e-06  2.71808132e-06  2.09852136e-06 -1.45783385e-07\n  3.05233616e-07 -5.55266944e-07]", "hess_inv": "[[ 2.82489601  1.25008482  0.64085404 -0.07010039 -0.34305451  0.1085855 ]\n [ 1.25008482  6.60264281  4.34616651 -0.88159218 -1.84760067  0.40139475]\n [ 0.64085404  4.34616651  8.53776369 -2.20203193 -4.60373815  1.87666539]\n [-0.07010039 -0.88159218 -2.20203193  3.04225943  1.24986396 -0.44575833]\n [-0.34305451 -1.84760067 -4.60373815  1.24986396  4.84164055 -1.35517058]\n [ 0.1085855   0.40139475  1.87666539 -0.44575833 -1.35517058  2.94172447]]", "nfev": "217", "njev": "31", "status": "0", "success": "True", "message": "Optimization terminated successfully.", "x": "[4.07948364 5.09905824 1.10607827 7.76095556 4.81241479 6.36719132]", "nit": "19", "callback": [0.471914545067212, 0.47163706873893774, 0.32590547351808863, 0.2557008160866081, 0.23165390592375046, 0.21119381124470216, 0.2015106449781935, 0.1878931977867575, 0.1799583657970052, 0.1739932680869407, 0.1709185970114172, 0.16923145576606646, 0.1684666294799031, 0.16832762884993346, 0.16827337200725367, 0.16825842292678117, 0.16825643137426216, 0.16825627755037842, 0.16825625698773794]}, "11": {"maxiter": 500, "gtol": 1e-05, "xrtol": 1e-10, "eps": 1e-10, "duration": 0.08154582977294922, "fun": "0.1682562570172561", "jac": "[-1.11022293e-06  4.44089173e-06 -3.33066880e-06  4.44089173e-06\n -5.55111466e-06  4.44089173e-06]", "hess_inv": "[[ 2.75544568  1.23596659  0.5901824  -0.02712219 -0.36272665  0.12697451]\n [ 1.23596659  6.61630188  4.36614757 -0.84294059 -1.81528451  0.34970337]\n [ 0.5901824   4.36614757  8.66797303 -2.19911334 -4.53563718  1.75348115]\n [-0.02712219 -0.84294059 -2.19911334  3.05900394  1.23145009 -0.40658635]\n [-0.36272665 -1.81528451 -4.53563718  1.23145009  4.83380677 -1.35064843]\n [ 0.12697451  0.34970337  1.75348115 -0.40658635 -1.35064843  2.9474493 ]]", "nfev": "217", "njev": "31", "status": "0", "success": "True", "message": "Optimization terminated successfully.", "x": "[4.07949353 5.09906065 1.1060732  7.76096619 4.81240846 6.36721159]", "nit": "19", "callback": [0.4719393943543324, 0.4716625604363459, 0.3261372302690029, 0.2557833734785431, 0.23168811129857836, 0.21123332956343066, 0.20154554939795244, 0.187912609356914, 0.17997055363586612, 0.17401445145152994, 0.1709227621764331, 0.16923692645687338, 0.16846679011835164, 0.16832781979816192, 0.16827335828016476, 0.16825837251128473, 0.1682563824484684, 0.16825627707853208, 0.1682562570172561]}, "12": {"maxiter": 500, "gtol": 1e-10, "xrtol": 1e-05, "eps": 1e-05, "duration": 0.0700993537902832, "fun": "0.16825625695034263", "jac": "[ 2.24487096e-08  4.70778971e-07  4.66293670e-09 -1.60849112e-07\n -1.68554060e-07  1.01141318e-08]", "hess_inv": "[[ 2.84686596  1.13408087  0.5084282  -0.03326355 -0.2821725   0.09297847]\n [ 1.13408087  6.68252255  4.4476129  -0.81539867 -1.85263526  0.3525416 ]\n [ 0.5084282   4.4476129   8.66508444 -2.13148891 -4.61557993  1.82342452]\n [-0.03326355 -0.81539867 -2.13148891  2.97642646  1.19706889 -0.40768168]\n [-0.2821725  -1.85263526 -4.61557993  1.19706889  4.82236801 -1.32044051]\n [ 0.09297847  0.3525416   1.82342452 -0.40768168 -1.32044051  2.92046426]]", "nfev": "224", "njev": "32", "status": "0", "success": "True", "message": "Optimization terminated successfully.", "x": "[4.07948903 5.09903513 1.10605179 7.76096199 4.81242654 6.36718881]", "nit": "20", "callback": [0.471914545067212, 0.47163706873893774, 0.32590547351808863, 0.2557008160866081, 0.23165390592375046, 0.21119381124470216, 0.2015106449781935, 0.1878931977867575, 0.1799583657970052, 0.1739932680869407, 0.1709185970114172, 0.16923145576606646, 0.1684666294799031, 0.16832762884993346, 0.16827337200725367, 0.16825842292678117, 0.16825643137426216, 0.16825627755037842, 0.16825625698773794, 0.16825625695034263]}, "13": {"maxiter": 500, "gtol": 1e-10, "xrtol": 1e-05, "eps": 1e-10, "duration": 0.09186196327209473, "fun": "0.16825625694429325", "jac": "[-1.11022293e-06  1.11022293e-06  1.11022293e-06 -1.11022293e-06\n  1.11022293e-06  3.33066880e-06]", "hess_inv": "[[ 2.73806354  1.13536469  0.52997284 -0.06521098 -0.26710847  0.05638129]\n [ 1.13536469  6.66547465  4.43568714 -0.75769771 -1.80780413  0.29459228]\n [ 0.52997284  4.43568714  8.73614547 -2.12867777 -4.56583917  1.74295036]\n [-0.06521098 -0.75769771 -2.12867777  3.12353284  1.17667799 -0.39015614]\n [-0.26710847 -1.80780413 -4.56583917  1.17667799  4.77982102 -1.26791772]\n [ 0.05638129  0.29459228  1.74295036 -0.39015614 -1.26791772  2.85861199]]", "nfev": "224", "njev": "32", "status": "0", "success": "True", "message": "Optimization terminated successfully.", "x": "[4.07949185 5.09903911 1.10605955 7.76095679 4.81242792 6.36719815]", "nit": "20", "callback": [0.4719393943543324, 0.4716625604363459, 0.3261372302690029, 0.2557833734785431, 0.23168811129857836, 0.21123332956343066, 0.20154554939795244, 0.187912609356914, 0.17997055363586612, 0.17401445145152994, 0.1709227621764331, 0.16923692645687338, 0.16846679011835164, 0.16832781979816192, 0.16827335828016476, 0.16825837251128473, 0.1682563824484684, 0.16825627707853208, 0.1682562570172561, 0.16825625694429325]}, "14": {"maxiter": 500, "gtol": 1e-10, "xrtol": 1e-10, "eps": 1e-05