{"date": "2024/10/08/, 14:09:51", "conf_id": 3, "data_type": "random\n", "num_data_points": 1, "s_rank": 0, "unitary": "[[-0.53618537-0.34368723j,-0.12107031-0.46226139j,-0.07699282-0.46603512j,0.36022595-0.11472301j],[0.26026499-0.63450712j,-0.56616638+0.37832564j,-0.14988651+0.08458591j,0.10363514-0.16008501j],[-0.32580188-0.11070003j,-0.36476308-0.23593218j,0.02559343+0.41761608j,-0.25598305+0.6725303j],[0.07406738-0.0126433j,0.28513701+0.19483972j,-0.74939717-0.10299659j,0.29798249+0.46269921j]]", "databatch_0": {"databatch": "[[[0.06318202-0.11875141j,-0.09598484+0.10659092j,0.20844971+0.08357694j,-0.23608642+0.01980526j],[-0.03545851-0.14932089j,-0.00179743+0.16364685j,0.24149981-0.08564091j,-0.18719829+0.19499707j],[-0.01601117-0.27916861j,-0.05538858+0.29299214j,0.46052399-0.07665005j,-0.39797126+0.29013259j],[-0.01037376-0.06809724j,-0.00681803+0.07313637j,0.11117486-0.02943376j,-0.09090355+0.08034647j]]]", "initial param values": "[5.30841433,4.26684489,3.36493539,5.64135511,1.50702174,1.35242559]", "nelder_mead": {"type": "gradient-free", "0": {"maxiter": 100, "fatol": 1e-05, "xatol": 1e-05, "duration": 0.05097794532775879, "fun": "0.006377747448021109", "nit": "100", "nfev": "161", "status": "2", "success": "False", "message": "Maximum number of iterations has been exceeded.", "x": "[7.62458173 2.11098494 3.33988954 4.57196141 2.41138767 1.01471791]", "final_simplex": "(array([[7.62458173, 2.11098494, 3.33988954, 4.57196141, 2.41138767,\n        1.01471791],\n       [7.63245123, 2.11436121, 3.33103077, 4.59929652, 2.43964114,\n        0.97597   ],\n       [7.60775086, 2.19837071, 3.36050247, 4.57316953, 2.41976514,\n        0.98112929],\n       [7.59112778, 2.22869791, 3.29986898, 4.53722708, 2.41451673,\n        1.00324203],\n       [7.62294766, 2.17430596, 3.31195577, 4.63803445, 2.42004967,\n        0.98058055],\n       [7.65122297, 2.14769645, 3.28644301, 4.57412365, 2.4671083 ,\n        0.96245289],\n       [7.56115313, 2.12146329, 3.33559742, 4.55598036, 2.42057195,\n        1.02057473]]), array([0.00637775, 0.00775194, 0.00819166, 0.00827261, 0.00888682,\n       0.00904517, 0.00906078]))", "callback": [0.9427459529859182, 0.6035017189724561, 0.5112122644189032, 0.45934367332258075, 0.29677301979181037, 0.1349842778824175, 0.057385921258002126, 0.021996561928037006, 0.014312953975474274, 0.009636457854140135]}, "1": {"maxiter": 100, "fatol": 1e-05, "xatol": 1e-10, "duration": 0.05574393272399902, "fun": "0.006377747448021109", "nit": "100", "nfev": "161", "status": "2", "success": "False", "message": "Maximum number of iterations has been exceeded.", "x": "[7.62458173 2.11098494 3.33988954 4.57196141 2.41138767 1.01471791]", "final_simplex": "(array([[7.62458173, 2.11098494, 3.33988954, 4.57196141, 2.41138767,\n        1.01471791],\n       [7.63245123, 2.11436121, 3.33103077, 4.59929652, 2.43964114,\n        0.97597   ],\n       [7.60775086, 2.19837071, 3.36050247, 4.57316953, 2.41976514,\n        0.98112929],\n       [7.59112778, 2.22869791, 3.29986898, 4.53722708, 2.41451673,\n        1.00324203],\n       [7.62294766, 2.17430596, 3.31195577, 4.63803445, 2.42004967,\n        0.98058055],\n       [7.65122297, 2.14769645, 3.28644301, 4.57412365, 2.4671083 ,\n        0.96245289],\n       [7.56115313, 2.12146329, 3.33559742, 4.55598036, 2.42057195,\n        1.02057473]]), array([0.00637775, 0.00775194, 0.00819166, 0.00827261, 0.00888682,\n       0.00904517, 0.00906078]))", "callback": [0.9427459529859182, 0.6035017189724561, 0.5112122644189032, 0.45934367332258075, 0.29677301979181037, 0.1349842778824175, 0.057385921258002126, 0.021996561928037006, 0.014312953975474274, 0.009636457854140135]}, "2": {"maxiter": 100, "fatol": 1e-10, "xatol": 1e-05, "duration": 0.04366016387939453, "fun": "0.006377747448021109", "nit": "100", "nfev": "161", "status": "2", "success": "False", "message": "Maximum number of iterations has been exceeded.", "x": "[7.62458173 2.11098494 3.33988954 4.57196141 2.41138767 1.01471791]", "final_simplex": "(array([[7.62458173, 2.11098494, 3.33988954, 4.57196141, 2.41138767,\n        1.01471791],\n       [7.63245123, 2.11436121, 3.33103077, 4.59929652, 2.43964114,\n        0.97597   ],\n       [7.60775086, 2.19837071, 3.36050247, 4.57316953, 2.41976514,\n        0.98112929],\n       [7.59112778, 2.22869791, 3.29986898, 4.53722708, 2.41451673,\n        1.00324203],\n       [7.62294766, 2.17430596, 3.31195577, 4.63803445, 2.42004967,\n        0.98058055],\n       [7.65122297, 2.14769645, 3.28644301, 4.57412365, 2.4671083 ,\n        0.96245289],\n       [7.56115313, 2.12146329, 3.33559742, 4.55598036, 2.42057195,\n        1.02057473]]), array([0.00637775, 0.00775194, 0.00819166, 0.00827261, 0.00888682,\n       0.00904517, 0.00906078]))", "callback": [0.9427459529859182, 0.6035017189724561, 0.5112122644189032, 0.45934367332258075, 0.29677301979181037, 0.1349842778824175, 0.057385921258002126, 0.021996561928037006, 0.014312953975474274, 0.009636457854140135]}, "3": {"maxiter": 100, "fatol": 1e-10, "xatol": 1e-10, "duration": 0.0456850528717041, "fun": "0.006377747448021109", "nit": "100", "nfev": "161", "status": "2", "success": "False", "message": "Maximum number of iterations has been exceeded.", "x": "[7.62458173 2.11098494 3.33988954 4.57196141 2.41138767 1.01471791]", "final_simplex": "(array([[7.62458173, 2.11098494, 3.33988954, 4.57196141, 2.41138767,\n        1.01471791],\n       [7.63245123, 2.11436121, 3.33103077, 4.59929652, 2.43964114,\n        0.97597   ],\n       [7.60775086, 2.19837071, 3.36050247, 4.57316953, 2.41976514,\n        0.98112929],\n       [7.59112778, 2.22869791, 3.29986898, 4.53722708, 2.41451673,\n        1.00324203],\n       [7.62294766, 2.17430596, 3.31195577, 4.63803445, 2.42004967,\n        0.98058055],\n       [7.65122297, 2.14769645, 3.28644301, 4.57412365, 2.4671083 ,\n        0.96245289],\n       [7.56115313, 2.12146329, 3.33559742, 4.55598036, 2.42057195,\n        1.02057473]]), array([0.00637775, 0.00775194, 0.00819166, 0.00827261, 0.00888682,\n       0.00904517, 0.00906078]))", "callback": [0.9427459529859182, 0.6035017189724561, 0.5112122644189032, 0.45934367332258075, 0.29677301979181037, 0.1349842778824175, 0.057385921258002126, 0.021996561928037006, 0.014312953975474274, 0.009636457854140135]}, "4": {"maxiter": 500, "fatol": 1e-05, "xatol": 1e-05, "duration": 0.1048281192779541, "fun": "0.0025549996177705037", "nit": "227", "nfev": "374", "status": "0", "success": "True", "message": "Optimization terminated successfully.", "x": "[7.72936716 2.1857219  3.41893513 4.60864266 2.3037545  1.04603816]", "final_simplex": "(array([[7.72936716, 2.1857219 , 3.41893513, 4.60864266, 2.3037545 ,\n        1.04603816],\n       [7.72936584, 2.18572972, 3.41893476, 4.60864044, 2.30375115,\n        1.04603911],\n       [7.72936329, 2.18572583, 3.41892987, 4.60863921, 2.30375763,\n        1.04603477],\n       [7.72936075, 2.18572949, 3.41893222, 4.60863904, 2.30375662,\n        1.04603646],\n       [7.72937031, 2.18572761, 3.41893047, 4.6086461 , 2.30375416,\n        1.04603548],\n       [7.72936456, 2.18572576, 3.41893466, 4.60864046, 2.30375792,\n        1.04603242],\n       [7.72936724, 2.18572517, 3.41893568, 4.60864588, 2.30375083,\n        1.04603747]]), array([0.002555, 0.002555, 0.002555, 0.002555, 0.002555, 0.002555,\n       0.002555]))", "callback": [0.9427459529859182, 0.6035017189724561, 0.5112122644189032, 0.45934367332258075, 0.29677301979181037, 0.1349842778824175, 0.057385921258002126, 0.021996561928037006, 0.014312953975474274, 0.009636457854140135, 0.006377747448021109, 0.004373632461128429, 0.0028577769827706767, 0.0026241583584412087, 0.0025641693936007126, 0.0025566409336877927, 0.0025552560536052926, 0.0025550458812296784, 0.0025550086185924803, 0.002555000414191877, 0.0025549999156808667, 0.002554999645260514, 0.0025549996209961456]}, "5": {"maxiter": 500, "fatol": 1e-05, "xatol": 1e-10, "duration": 0.1656649112701416, "fun": "0.002554999614386766", "nit": "313", "nfev": "578", "status": "0", "success": "True", "message": "Optimization terminated successfully.", "x": "[7.7293665  2.18572803 3.41893364 4.60864048 2.30375453 1.04603616]", "final_simplex": "(array([[7.7293665 , 2.18572803, 3.41893364, 4.60864048, 2.30375453,\n        1.04603616],\n       [7.7293665 , 2.18572803, 3.41893364, 4.60864048, 2.30375453,\n        1.04603616],\n       [7.7293665 , 2.18572803, 3.41893364, 4.60864048, 2.30375453,\n        1.04603616],\n       [7.7293665 , 2.18572803, 3.41893364, 4.60864048, 2.30375453,\n        1.04603616],\n       [7.7293665 , 2.18572803, 3.41893364, 4.60864048, 2.30375453,\n        1.04603616],\n       [7.7293665 , 2.18572803, 3.41893364, 4.60864048, 2.30375453,\n        1.04603616],\n       [7.7293665 , 2.18572803, 3.41893364, 4.60864048, 2.30375453,\n        1.04603616]]), array([0.002555, 0.002555, 0.002555, 0.002555, 0.002555, 0.002555,\n       0.002555]))", "callback": [0.9427459529859182, 0.6035017189724561, 0.5112122644189032, 0.45934367332258075, 0.29677301979181037, 0.1349842778824175, 0.057385921258002126, 0.021996561928037006, 0.014312953975474274, 0.009636457854140135, 0.006377747448021109, 0.004373632461128429, 0.0028577769827706767, 0.0026241583584412087, 0.0025641693936007126, 0.0025566409336877927, 0.0025552560536052926, 0.0025550458812296784, 0.0025550086185924803, 0.002555000414191877, 0.0025549999156808667, 0.002554999645260514, 0.0025549996209961456, 0.002554999616108722, 0.002554999614645226, 0.002554999614436282, 0.0025549996143909848, 0.00255499961438721, 0.002554999614386988, 0.002554999614386988, 0.002554999614386988, 0.002554999614386766]}, "6": {"maxiter": 500, "fatol": 1e-10, "xatol": 1e-05, "duration": 0.1261279582977295, "fun": "0.0025549996177705037", "nit": "227", "nfev": "374", "status": "0", "success": "True", "message": "Optimization terminated successfully.", "x": "[7.72936716 2.1857219  3.41893513 4.60864266 2.3037545  1.04603816]", "final_simplex": "(array([[7.72936716, 2.1857219 , 3.41893513, 4.60864266, 2.3037545 ,\n        1.04603816],\n       [7.72936584, 2.18572972, 3.41893476, 4.60864044, 2.30375115,\n        1.04603911],\n       [7.72936329, 2.18572583, 3.41892987, 4.60863921, 2.30375763,\n        1.04603477],\n       [7.72936075, 2.18572949, 3.41893222, 4.60863904, 2.30375662,\n        1.04603646],\n       [7.72937031, 2.18572761, 3.41893047, 4.6086461 , 2.30375416,\n        1.04603548],\n       [7.72936456, 2.18572576, 3.41893466, 4.60864046, 2.30375792,\n        1.04603242],\n       [7.72936724, 2.18572517, 3.41893568, 4.60864588, 2.30375083,\n        1.04603747]]), array([0.002555, 0.002555, 0.002555, 0.002555, 0.002555, 0.002555,\n       0.002555]))", "callback": [0.9427459529859182, 0.6035017189724561, 0.5112122644189032, 0.45934367332258075, 0.29677301979181037, 0.1349842778824175, 0.057385921258002126, 0.021996561928037006, 0.014312953975474274, 0.009636457854140135, 0.006377747448021109, 0.004373632461128429, 0.0028577769827706767, 0.0026241583584412087, 0.0025641693936007126, 0.0025566409336877927, 0.0025552560536052926, 0.0025550458812296784, 0.0025550086185924803, 0.002555000414191877, 0.0025549999156808667, 0.002554999645260514, 0.0025549996209961456]}, "7": {"maxiter": 500, "fatol": 1e-10, "xatol": 1e-10, "duration": 0.19652915000915527, "fun": "0.002554999614386766", "nit": "313", "nfev": "578", "status": "0", "success": "True", "message": "Optimization terminated successfully.", "x": "[7.7293665  2.18572803 3.41893364 4.60864048 2.30375453 1.04603616]", "final_simplex": "(array([[7.7293665 , 2.18572803, 3.41893364, 4.60864048, 2.30375453,\n        1.04603616],\n       [7.7293665 , 2.18572803, 3.41893364, 4.60864048, 2.30375453,\n        1.04603616],\n       [7.7293665 , 2.18572803, 3.41893364, 4.60864048, 2.30375453,\n        1.04603616],\n       [7.7293665 , 2.18572803, 3.41893364, 4.60864048, 2.30375453,\n        1.04603616],\n       [7.7293665 , 2.18572803, 3.41893364, 4.60864048, 2.30375453,\n        1.04603616],\n       [7.7293665 , 2.18572803, 3.41893364, 4.60864048, 2.30375453,\n        1.04603616],\n       [7.7293665 , 2.18572803, 3.41893364, 4.60864048, 2.30375453,\n        1.04603616]]), array([0.002555, 0.002555, 0.002555, 0.002555, 0.002555, 0.002555,\n       0.002555]))", "callback": [0.9427459529859182, 0.6035017189724561, 0.5112122644189032, 0.45934367332258075, 0.29677301979181037, 0.1349842778824175, 0.057385921258002126, 0.021996561928037006, 0.014312953975474274, 0.009636457854140135, 0.006377747448021109, 0.004373632461128429, 0.0028577769827706767, 0.0026241583584412087, 0.0025641693936007126, 0.0025566409336877927, 0.0025552560536052926, 0.0025550458812296784, 0.0025550086185924803, 0.002555000414191877, 0.0025549999156808667, 0.002554999645260514, 0.0025549996209961456, 0.002554999616108722, 0.002554999614645226, 0.002554999614436282, 0.0025549996143909848, 0.00255499961438721, 0.002554999614386988, 0.002554999614386988, 0.002554999614386988, 0.002554999614386766]}, "8": {"maxiter": 1000, "fatol": 1e-05, "xatol": 1e-05, "duration": 0.10301804542541504, "fun": "0.0025549996177705037", "nit": "227", "nfev": "374", "status": "0", "success": "True", "message": "Optimization terminated successfully.", "x": "[7.72936716 2.1857219  3.41893513 4.60864266 2.3037545  1.04603816]", "final_simplex": "(array([[7.72936716, 2.1857219 , 3.41893513, 4.60864266, 2.3037545 ,\n        1.04603816],\n       [7.72936584, 2.18572972, 3.41893476, 4.60864044, 2.30375115,\n        1.04603911],\n       [7.72936329, 2.18572583, 3.41892987, 4.60863921, 2.30375763,\n        1.04603477],\n       [7.72936075, 2.18572949, 3.41893222, 4.60863904, 2.30375662,\n        1.04603646],\n       [7.72937031, 2.18572761, 3.41893047, 4.6086461 , 2.30375416,\n        1.04603548],\n       [7.72936456, 2.18572576, 3.41893466, 4.60864046, 2.30375792,\n        1.04603242],\n       [7.72936724, 2.18572517, 3.41893568, 4.60864588, 2.30375083,\n        1.04603747]]), array([0.002555, 0.002555, 0.002555, 0.002555, 0.002555, 0.002555,\n       0.002555]))", "callback": [0.9427459529859182, 0.6035017189724561, 0.5112122644189032, 0.45934367332258075, 0.29677301979181037, 0.1349842778824175, 0.057385921258002126, 0.021996561928037006, 0.014312953975474274, 0.009636457854140135, 0.006377747448021109, 0.004373632461128429, 0.0028577769827706767, 0.0026241583584412087, 0.0025641693936007126, 0.0025566409336877927, 0.0025552560536052926, 0.0025550458812296784, 0.0025550086185924803, 0.002555000414191877, 0.0025549999156808667, 0.002554999645260514, 0.0025549996209961456]}, "9": {"maxiter": 1000, "fatol": 1e-05, "xatol": 1e-10, "duration": 0.17628192901611328, "fun": "0.002554999614386766", "nit": "313", "nfev": "578", "status": "0", "success": "True", "message": "Optimization terminated successfully.", "x": "[7.7293665  2.18572803 3.41893364 4.60864048 2.30375453 1.04603616]", "final_simplex": "(array([[7.7293665 , 2.18572803, 3.41893364, 4.60864048, 2.30375453,\n        1.04603616],\n       [7.7293665 , 2.18572803, 3.41893364, 4.60864048, 2.30375453,\n        1.04603616],\n       [7.7293665 , 2.18572803, 3.41893364, 4.60864048, 2.30375453,\n        1.04603616],\n       [7.7293665 , 2.18572803, 3.41893364, 4.60864048, 2.30375453,\n        1.04603616],\n       [7.7293665 , 2.18572803, 3.41893364, 4.60864048, 2.30375453,\n        1.04603616],\n       [7.7293665 , 2.18572803, 3.41893364, 4.60864048, 2.30375453,\n        1.04603616],\n       [7.7293665 , 2.18572803, 3.41893364, 4.60864048, 2.30375453,\n        1.04603616]]), array([0.002555, 0.002555, 0.002555, 0.002555, 0.002555, 0.002555,\n       0.002555]))", "callback": [0.9427459529859182, 0.6035017189724561, 0.5112122644189032, 0.45934367332258075, 0.29677301979181037, 0.1349842778824175, 0.057385921258002126, 0.021996561928037006, 0.014312953975474274, 0.009636457854140135, 0.006377747448021109, 0.004373632461128429, 0.0028577769827706767, 0.0026241583584412087, 0.0025641693936007126, 0.0025566409336877927, 0.0025552560536052926, 0.0025550458812296784, 0.0025550086185924803, 0.002555000414191877, 0.0025549999156808667, 0.002554999645260514, 0.0025549996209961456, 0.002554999616108722, 0.002554999614645226, 0.002554999614436282, 0.0025549996143909848, 0.00255499961438721, 0.002554999614386988, 0.002554999614386988, 0.002554999614386988, 0.002554999614386766]}, "10": {"maxiter": 1000, "fatol": 1e-10, "xatol": 1e-05, "duration": 0.10457515716552734, "fun": "0.0025549996177705037", "nit": "227", "nfev": "374", "status": "0", "success": "True", "message": "Optimization terminated successfully.", "x": "[7.72936716 2.1857219  3.41893513 4.60864266 2.3037545  1.04603816]", "final_simplex": "(array([[7.72936716, 2.1857219 , 3.41893513, 4.60864266, 2.3037545 ,\n        1.04603816],\n       [7.72936584, 2.18572972, 3.41893476, 4.60864044, 2.30375115,\n        1.04603911],\n       [7.72936329, 2.18572583, 3.41892987, 4.60863921, 2.30375763,\n        1.04603477],\n       [7.72936075, 2.18572949, 3.41893222, 4.60863904, 2.30375662,\n        1.04603646],\n       [7.72937031, 2.18572761, 3.41893047, 4.6086461 , 2.30375416,\n        1.04603548],\n       [7.72936456, 2.18572576, 3.41893466, 4.60864046, 2.30375792,\n        1.04603242],\n       [7.72936724, 2.18572517, 3.41893568, 4.60864588, 2.30375083,\n        1.04603747]]), array([0.002555, 0.002555, 0.002555, 0.002555, 0.002555, 0.002555,\n       0.002555]))", "callback": [0.9427459529859182, 0.6035017189724561, 0.5112122644189032, 0.45934367332258075, 0.29677301979181037, 0.1349842778824175, 0.057385921258002126, 0.021996561928037006, 0.014312953975474274, 0.009636457854140135, 0.006377747448021109, 0.004373632461128429, 0.0028577769827706767, 0.0026241583584412087, 0.0025641693936007126, 0.0025566409336877927, 0.0025552560536052926, 0.0025550458812296784, 0.0025550086185924803, 0.002555000414191877, 0.0025549999156808667, 0.002554999645260514, 0.0025549996209961456]}, "11": {"maxiter": 1000, "fatol": 1e-10, "xatol": 1e-10, "duration": 0.18348097801208496, "fun": "0.002554999614386766", "nit": "313", "nfev": "578", "status": "0", "success": "True", "message": "Optimization terminated successfully.", "x": "[7.7293665  2.18572803 3.41893364 4.60864048 2.30375453 1.04603616]", "final_simplex": "(array([[7.7293665 , 2.18572803, 3.41893364, 4.60864048, 2.30375453,\n        1.04603616],\n       [7.7293665 , 2.18572803, 3.41893364, 4.60864048, 2.30375453,\n        1.04603616],\n       [7.7293665 , 2.18572803, 3.41893364, 4.60864048, 2.30375453,\n        1.04603616],\n       [7.7293665 , 2.18572803, 3.41893364, 4.60864048, 2.30375453,\n        1.04603616],\n       [7.7293665 , 2.18572803, 3.41893364, 4.60864048, 2.30375453,\n        1.04603616],\n       [7.7293665 , 2.18572803, 3.41893364, 4.60864048, 2.30375453,\n        1.04603616],\n       [7.7293665 , 2.18572803, 3.41893364, 4.60864048, 2.30375453,\n        1.04603616]]), array([0.002555, 0.002555, 0.002555, 0.002555, 0.002555, 0.002555,\n       0.002555]))", "callback": [0.9427459529859182, 0.6035017189724561, 0.5112122644189032, 0.45934367332258075, 0.29677301979181037, 0.1349842778824175, 0.057385921258002126, 0.021996561928037006, 0.014312953975474274, 0.009636457854140135, 0.006377747448021109, 0.004373632461128429, 0.0028577769827706767, 0.0026241583584412087, 0.0025641693936007126, 0.0025566409336877927, 0.0025552560536052926, 0.0025550458812296784, 0.0025550086185924803, 0.002555000414191877, 0.0025549999156808667, 0.002554999645260514, 0.0025549996209961456, 0.002554999616108722, 0.002554999614645226, 0.002554999614436282, 0.0025549996143909848, 0.00255499961438721, 0.002554999614386988, 0.002554999614386988, 0.002554999614386988, 0.002554999614386766]}}, "bfgs": {"type": "gradient", "0": {"maxiter": 100, "gtol": 1e-05, "xrtol": 1e-05, "eps": 1e-05, "duration": 0.058364152908325195, "fun": "0.0025549996963221133", "jac": "[-2.52247112e-06  1.68121073e-06  5.30396838e-06 -4.84415841e-06\n  5.15617549e-06  3.40373285e-06]", "hess_inv": "[[ 3.10405644 -0.49164796  0.2491182  -1.12041112  1.25696524  0.40621056]\n [-0.49164796  1.84507929  0.07590841  0.58922683 -0.52655141  0.8110572 ]\n [ 0.2491182   0.07590841  3.20600724 -0.42786943 -1.22086253  1.2784049 ]\n [-1.12041112  0.58922683 -0.42786943  2.34169542 -0.35134555 -0.24962492]\n [ 1.25696524 -0.52655141 -1.22086253 -0.35134555  3.06757726 -1.00357571]\n [ 0.40621056  0.8110572   1.2784049  -0.24962492 -1.00357571  2.8927749 ]]", "nfev": "161", "njev": "23", "status": "0", "success": "True", "message": "Optimization terminated successfully.", "x": "[4.82043006 4.75646004 0.60446609 4.95001179 2.61425548 1.44730272]", "nit": "15", "callback": [0.3141601591167106, 0.30523389527924705, 0.2198765555229253, 0.07732698580203046, 0.021902575245662526, 0.00735657771305509, 0.0051406154313806685, 0.002816490826949347, 0.002596841477033651, 0.002557268423275194, 0.002555853376188133, 0.002555440132437692, 0.0025550804299649954, 0.0025550058384401497, 0.0025549996963221133]}, "1": {"maxiter": 100, "gtol": 1e-05, "xrtol": 1e-05, "eps": 1e-10, "duration": 0.04379391670227051, "fun": "0.0025549999132352674", "jac": "[-2.22044587e-06  5.55111466e-06  7.77156053e-06 -6.66133760e-06\n  7.77156053e-06  3.33066880e-06]", "hess_inv": "[[ 3.09264289 -0.50695479  0.28124934 -1.11208841  1.28523066  0.42437404]\n [-0.50695479  1.86090257  0.06053899  0.59290485 -0.55144643  0.80849505]\n [ 0.28124934  0.06053899  3.18288741 -0.47056527 -1.19706643  1.29310138]\n [-1.11208841  0.59290485 -0.47056527  2.32574517 -0.34791597 -0.26947107]\n [ 1.28523066 -0.55144643 -1.19706643 -0.34791597  3.07579577 -1.00237335]\n [ 0.42437404  0.80849505  1.29310138 -0.26947107 -1.00237335  2.91350809]]", "nfev": "161", "njev": "23", "status": "0", "success": "True", "message": "Optimization terminated successfully.", "x": "[4.82043459 4.7564026  0.60452017 4.95004989 2.61429152 1.44736351]", "nit": "15", "callback": [0.31415231638080343, 0.30522649427854964, 0.21987415922902886, 0.0773319206045533, 0.021911979913936452, 0.007357986784853443, 0.0051416496218337215, 0.0028166764379540243, 0.0025968240864900904, 0.002557265689818844, 0.0025558483688162825, 0.002555437907832525, 0.002555079831922158, 0.0025550060004000397, 0.0025549999132352674]}, "2": {"maxiter": 100, "gtol": 1e-05, "xrtol": 1e-10, "eps": 1e-05, "duration": 0.04747200012207031, "fun": "0.0025549996963221133", "jac": "[-2.52247112e-06  1.68121073e-06  5.30396838e-06 -4.84415841e-06\n  5.15617549e-06  3.40373285e-06]", "hess_inv": "[[ 3.10405644 -0.49164796  0.2491182  -1.12041112  1.25696524  0.40621056]\n [-0.49164796  1.84507929  0.07590841  0.58922683 -0.52655141  0.8110572 ]\n [ 0.2491182   0.07590841  3.20600724 -0.42786943 -1.22086253  1.2784049 ]\n [-1.12041112  0.58922683 -0.42786943  2.34169542 -0.35134555 -0.24962492]\n [ 1.25696524 -0.52655141 -1.22086253 -0.35134555  3.06757726 -1.00357571]\n [ 0.40621056  0.8110572   1.2784049  -0.24962492 -1.00357571  2.8927749 ]]", "nfev": "161", "njev": "23", "status": "0", "success": "True", "message": "Optimization terminated successfully.", "x": "[4.82043006 4.75646004 0.60446609 4.95001179 2.61425548 1.44730272]", "nit": "15", "callback": [0.3141601591167106, 0.30523389527924705, 0.2198765555229253, 0.07732698580203046, 0.021902575245662526, 0.00735657771305509, 0.0051406154313806685, 0.002816490826949347, 0.002596841477033651, 0.002557268423275194, 0.002555853376188133, 0.002555440132437692, 0.0025550804299649954, 0.0025550058384401497, 0.0025549996963221133]}, "3": {"maxiter": 100, "gtol": 1e-05, "xrtol": 1e-10, "eps": 1e-10, "duration": 0.04733395576477051, "fun": "0.0025549999132352674", "jac": "[-2.22044587e-06  5.55111466e-06  7.77156053e-06 -6.66133760e-06\n  7.77156053e-06  3.33066880e-06]", "hess_inv": "[[ 3.09264289 -0.50695479  0.28124934 -1.11208841  1.28523066  0.42437404]\n [-0.50695479  1.86090257  0.06053899  0.59290485 -0.55144643  0.80849505]\n [ 0.28124934  0.06053899  3.18288741 -0.47056527 -1.19706643  1.29310138]\n [-1.11208841  0.59290485 -0.47056527  2.32574517 -0.34791597 -0.26947107]\n [ 1.28523066 -0.55144643 -1.19706643 -0.34791597  3.07579577 -1.00237335]\n [ 0.42437404  0.80849505  1.29310138 -0.26947107 -1.00237335  2.91350809]]", "nfev": "161", "njev": "23", "status": "0", "success": "True", "message": "Optimization terminated successfully.", "x": "[4.82043459 4.7564026  0.60452017 4.95004989 2.61429152 1.44736351]", "nit": "15", "callback": [0.31415231638080343, 0.30522649427854964, 0.21987415922902886, 0.0773319206045533, 0.021911979913936452, 0.007357986784853443, 0.0051416496218337215, 0.0028166764379540243, 0.0025968240864900904, 0.002557265689818844, 0.0025558483688162825, 0.002555437907832525, 0.002555079831922158, 0.0025550060004000397, 0.0025549999132352674]}, "4": {"maxiter": 100, "gtol": 1e-10, "xrtol": 1e-05, "eps": 1e-05, "duration": 0.05455899238586426, "fun": "0.002554999643557654", "jac": "[-3.33499894e-07 -1.42186263e-06  9.64894831e-08  1.52966528e-07\n  8.06510414e-07  1.19420029e-06]", "hess_inv": "[[ 2.94071505 -0.41259143  0.21357645 -1.0278211   1.19971847  0.3881318 ]\n [-0.41259143  1.82912239  0.1641045   0.50237692 -0.49197353  0.87693428]\n [ 0.21357645  0.1641045   3.42422743 -0.54151355 -1.2114515   1.4562902 ]\n [-1.0278211   0.50237692 -0.54151355  2.36843061 -0.33184331 -0.34703506]\n [ 1.19971847 -0.49197353 -1.2114515  -0.33184331  3.0496301  -0.99231566]\n [ 0.3881318   0.87693428  1.4562902  -0.34703506 -0.99231566  3.03707898]]", "nfev": "168", "njev": "24", "status": "0", "success": "True", "message": "Optimization terminated successfully.", "x": "[4.82042455 4.75645704 0.60444686 4.95002559 2.6142518  1.4472876 ]", "nit": "16", "callback": [0.3141601591167106, 0.30523389527924705, 0.2198765555229253, 0.07732698580203046, 0.021902575245662526, 0.00735657771305509, 0.0051406154313806685, 0.002816490826949347, 0.002596841477033651, 0.002557268423275194, 0.002555853376188133, 0.002555440132437692, 0.0025550804299649954, 0.0025550058384401497, 0.0025549996963221133, 0.002554999643557654]}, "5": {"maxiter": 100, "gtol": 1e-10, "xrtol": 1e-05, "eps": 1e-10, "duration": 0.04812908172607422, "fun": "0.0025549996217706372", "jac": "[ 2.22044587e-06 -1.11022293e-06  1.11022293e-06  2.22044587e-06\n  0.00000000e+00  4.44089173e-06]", "hess_inv": "[[ 2.79777309 -0.39527661  0.23878809 -0.99672443  1.16142421  0.43321599]\n [-0.39527661  1.89985938  0.23622328  0.45352851 -0.48236185  0.93951519]\n [ 0.23878809  0.23622328  3.49027333 -0.64190009 -1.17129896  1.55830949]\n [-0.99672443  0.45352851 -0.64190009  2.39328714 -0.3256144  -0.4311625 ]\n [ 1.16142421 -0.48236185 -1.17129896 -0.3256144   3.02987582 -0.9619579 ]\n [ 0.43321599  0.93951519  1.55830949 -0.4311625  -0.9619579   3.13544883]]", "nfev": "168", "njev": "24", "status": "0", "success": "True", "message": "Optimization terminated successfully.", "x": "[4.82042403 4.75639298 0.6044919  4.95007006 2.61428337 1.44734131]", "nit": "16", "callback": [0.31415231638080343, 0.30522649427854964, 0.21987415922902886, 0.0773319206045533, 0.021911979913936452, 0.007357986784853443, 0.0051416496218337215, 0.0028166764379540243, 0.0025968240864900904, 0.002557265689818844, 0.0025558483688162825, 0.002555437907832525, 0.002555079831922158, 0.0025550060004000397, 0.0025549999132352674, 0.0025549996217706372]}, "6": {"maxiter": 100, "gtol": 1e-10, "xrtol": 1e-10, "eps": 1e-05, "duration": 0.12855887413024902, "fun": "0.002554999643557654", "jac": "[-3.33499894e-07 -1.42186263e-06  9.64894831e-08  1.52966528e-07\n  8.06510414e-07  1.19420029e-06]", "hess_inv": "[[ 2.98042843 -0.44737599  0.29000382 -1.08872647  1.24677902  0.47331978]\n [-0.44737599  1.77942383  0.00870292  0.61057869 -0.50398744  0.76842878]\n [ 0.29000382  0.00870292  3.47369872 -0.59819393 -1.08865723  1.58283593]\n [-1.08872647  0.61057869 -0.59819393  2.42430053 -0.4240013  -0.45449122]\n [ 1.24677902 -0.50398744 -1.08865723 -0.4240013   3.09475681 -0.87902067]\n [ 0.47331978  0.76842878  1.58283593 -0.45449122 -0.87902067  3.20548605]]", "nfev": "411", "njev": "57", "status": "2", "success": "False", "message": "Desired error not necessarily achieved due to precision loss.", "x": "[4.82042455 4.75645704 0.60444686 4.95002559 2.6142518  1.4472876 ]", "nit": "16", "callback": [0.3141601591167106, 0.30523389527924705, 0.2198765555229253, 0.07732698580203046, 0.021902575245662526, 0.00735657771305509, 0.0051406154313806685, 0.002816490826949347, 0.002596841477033651, 0.002557268423275194, 0.002555853376188133, 0.002555440132437692, 0.0025550804299649954, 0.0025550058384401497, 0.0025549996963221133, 0.002554999643557654]}, "7": {"maxiter": 100, "gtol": 1e-10, "xrtol": 1e-10, "eps": 1e-10, "duration": 0.07125711441040039, "fun": "0.0025549996204685677", "jac": "[-1.11022293e-06  1.11022293e-06 -1.11022293e-06  0.00000000e+00\n  0.00000000e+00  1.11022293e-06]", "hess_inv": "[[ 0.14726847 -0.27257241 -0.35046456 -0.24468456  0.14534231 -0.31391076]\n [-0.27257241  1.36837215  0.79172046  0.71961417 -1.19242907  0.64179973]\n [-0.35046456  0.79172046  2.24255074 -0.543573   -0.76113256  1.02113159]\n [-0.24468456  0.71961417 -0.543573    2.06207512  0.08851795 -0.07412177]\n [ 0.14534231 -1.19242907 -0.76113256  0.08851795  2.21843379 -1.46210373]\n [-0.31391076  0.64179973  1.02113159 -0.07412177 -1.46210373  1.76237946]]", "nfev": "238", "njev": "34", "status": "2", "success": "False", "message": "Desired error not necessarily achieved due to precision loss.", "x": "[4.82042139 4.75639201 0.60448728 4.95007095 2.61428426 1.44733587]", "nit": "19", "callback": [0.31415231638080343, 0.30522649427854964, 0.21987415922902886, 0.0773319206045533, 0.021911979913936452, 0.007357986784853443, 0.0051416496218337215, 0.0028166764379540243, 0.0025968240864900904, 0.002557265689818844, 0.0025558483688162825, 0.002555437907832525, 0.002555079831922158, 0.0025550060004000397, 0.0025549999132352674, 0.0025549996217706372, 0.0025549996204832226, 0.0025549996204685677, 0.0025549996204685677]}, "8": {"maxiter": 500, "gtol": 1e-05, "xrtol": 1e-05, "eps": 1e-05, "duration": 0.04636526107788086, "fun": "0.0025549996963221133", "jac": "[-2.52247112e-06  1.68121073e-06  5.30396838e-06 -4.84415841e-06\n  5.15617549e-06  3.40373285e-06]", "hess_inv": "[[ 3.10405644 -0.49164796  0.2491182  -1.12041112  1.25696524  0.40621056]\n [-0.49164796  1.84507929  0.07590841  0.58922683 -0.52655141  0.8110572 ]\n [ 0.2491182   0.07590841  3.20600724 -0.42786943 -1.22086253  1.2784049 ]\n [-1.12041112  0.58922683 -0.42786943  2.34169542 -0.35134555 -0.24962492]\n [ 1.25696524 -0.52655141 -1.22086253 -0.35134555  3.06757726 -1.00357571]\n [ 0.40621056  0.8110572   1.2784049  -0.24962492 -1.00357571  2.8927749 ]]", "nfev": "161", "njev": "23", "status": "0", "success": "True", "message": "Optimization terminated successfully.", "x": "[4.82043006 4.75646004 0.60446609 4.95001179 2.61425548 1.44730272]", "nit": "15", "callback": [0.3141601591167106, 0.30523389527924705, 0.2198765555229253, 0.07732698580203046, 0.021902575245662526, 0.00735657771305509, 0.0051406154313806685, 0.002816490826949347, 0.002596841477033651, 0.002557268423275194, 0.002555853376188133, 0.002555440132437692, 0.0025550804299649954, 0.0025550058384401497, 0.0025549996963221133]}, "9": {"maxiter": 500, "gtol": 1e-05, "xrtol": 1e-05, "eps": 1e-10, "duration": 0.04533720016479492, "fun": "0.0025549999132352674", "jac": "[-2.22044587e-06  5.55111466e-06  7.77156053e-06 -6.66133760e-06\n  7.77156053e-06  3.33066880e-06]", "hess_inv": "[[ 3.09264289 -0.50695479  0.28124934 -1.11208841  1.28523066  0.42437404]\n [-0.50695479  1.86090257  0.06053899  0.59290485 -0.55144643  0.80849505]\n [ 0.28124934  0.06053899  3.18288741 -0.47056527 -1.19706643  1.29310138]\n [-1.11208841  0.59290485 -0.47056527  2.32574517 -0.34791597 -0.26947107]\n [ 1.28523066 -0.55144643 -1.19706643 -0.34791597  3.07579577 -1.00237335]\n [ 0.42437404  0.80849505  1.29310138 -0.26947107 -1.00237335  2.91350809]]", "nfev": "161", "njev": "23", "status": "0", "success": "True", "message": "Optimization terminated successfully.", "x": "[4.82043459 4.7564026  0.60452017 4.95004989 2.61429152 1.44736351]", "nit": "15", "callback": [0.31415231638080343, 0.30522649427854964, 0.21987415922902886, 0.0773319206045533, 0.021911979913936452, 0.007357986784853443, 0.0051416496218337215, 0.0028166764379540243, 0.0025968240864900904, 0.002557265689818844, 0.0025558483688162825, 0.002555437907832525, 0.002555079831922158, 0.0025550060004000397, 0.0025549999132352674]}, "10": {"maxiter": 500, "gtol": 1e-05, "xrtol": 1e-10, "eps": 1e-05, "duration": 0.04948306083679199, "fun": "0.0025549996963221133", "jac": "[-2.52247112e-06  1.68121073e-06  5.30396838e-06 -4.84415841e-06\n  5.15617549e-06  3.40373285e-06]", "hess_inv": "[[ 3.10405644 -0.49164796  0.2491182  -1.12041112  1.25696524  0.40621056]\n [-0.49164796  1.84507929  0.07590841  0.58922683 -0.52655141  0.8110572 ]\n [ 0.2491182   0.07590841  3.20600724 -0.42786943 -1.22086253  1.2784049 ]\n [-1.12041112  0.58922683 -0.42786943  2.34169542 -0.35134555 -0.24962492]\n [ 1.25696524 -0.52655141 -1.22086253 -0.35134555  3.06757726 -1.00357571]\n [ 0.40621056  0.8110572   1.2784049  -0.24962492 -1.00357571  2.8927749 ]]", "nfev": "161", "njev": "23", "status": "0", "success": "True", "message": "Optimization terminated successfully.", "x": "[4.82043006 4.75646004 0.60446609 4.95001179 2.61425548 1.44730272]", "nit": "15", "callback": [0.3141601591167106, 0.30523389527924705, 0.2198765555229253, 0.07732698580203046, 0.021902575245662526, 0.00735657771305509, 0.0051406154313806685, 0.002816490826949347, 0.002596841477033651, 0.002557268423275194, 0.002555853376188133, 0.002555440132437692, 0.0025550804299649954, 0.0025550058384401497, 0.0025549996963221133]}, "11": {"maxiter": 500, "gtol": 1e-05, "xrtol": 1e-10, "eps": 1e-10, "duration": 0.05462312698364258, "fun": "0.0025549999132352674", "jac": "[-2.22044587e-06  5.55111466e-06  7.77156053e-06 -6.66133760e-06\n  7.77156053e-06  3.33066880e-06]", "hess_inv": "[[ 3.09264289 -0.50695479  0.28124934 -1.11208841  1.28523066  0.42437404]\n [-0.50695479  1.86090257  0.06053899  0.59290485 -0.55144643  0.80849505]\n [ 0.28124934  0.06053899  3.18288741 -0.47056527 -1.19706643  1.29310138]\n [-1.11208841  0.59290485 -0.47056527  2.32574517 -0.34791597 -0.26947107]\n [ 1.28523066 -0.55144643 -1.19706643 -0.34791597  3.07579577 -1.00237335]\n [ 0.42437404  0.80849505  1.29310138 -0.26947107 -1.00237335  2.91350809]]", "nfev": "161", "njev": "23", "status": "0", "success": "True", "message": "Optimization terminated successfully.", "x": "[4.82043459 4.7564026  0.60452017 4.95004989 2.61429152 1.44736351]", "nit": "15", "callback": [0.31415231638080343, 0.30522649427854964, 0.21987415922902886, 0.0773319206045533, 0.021911979913936452, 0.007357986784853443, 0.0051416496218337215, 0.0028166764379540243, 0.0025968240864900904, 0.002557265689818844, 0.0025558483688162825, 0.002555437907832525, 0.002555079831922158, 0.0025550060004000397, 0.0025549999132352674]}, "12": {"maxiter": 500, "gtol": 1e-10, "xrtol": 1e-05, "eps": 1e-05, "duration": 0.06372785568237305, "fun": "0.002554999643557654", "jac": "[-3.33499894e-07 -1.42186263e-06  9.64894831e-08  1.52966528e-07\n  8.06510414e-07  1.19420029e-06]", "hess_inv": "[[ 2.94071505 -0.41259143  0.21357645 -1.0278211   1.19971847  0.3881318 ]\n [-0.41259143  1.82912239  0.1641045   0.50237692 -0.49197353  0.87693428]\n [ 0.21357645  0.1641045   3.42422743 -0.54151355 -1.2114515   1.4562902 ]\n [-1.0278211   0.50237692 -0.54151355  2.36843061 -0.33184331 -0.34703506]\n [ 1.19971847 -0.49197353 -1.2114515  -0.33184331  3.0496301  -0.99231566]\n [ 0.3881318   0.87693428  1.4562902  -0.34703506 -0.99231566  3.03707898]]", "nfev": "168", "njev": "24", "status": "0", "success": "True", "message": "Optimization terminated successfully.", "x": "[4.82042455 4.75645704 0.60444686 4.95002559 2.6142518  1.4472876 ]", "nit": "16", "callback": [0.3141601591167106, 0.30523389527924705, 0.2198765555229253, 0.07732698580203046, 0.021902575245662526, 0.00735657771305509, 0.0051406154313806685, 0.002816490826949347, 0.002596841477033651, 0.002557268423275194, 0.002555853376188133, 0.002555440132437692, 0.0025550804299649954, 0.0025550058384401497, 0.0025549996963221133, 0.002554999643557654]}, "13": {"maxiter": 500, "gtol": 1e-10, "xrtol": 1e-05, "eps": 1e-10, "duration": 0.04919695854187012, "fun": "0.0025549996217706372", "jac": "[ 2.22044587e-06 -1.11022293e-06  1.11022293e-06  2.22044587e-06\n  0.00000000e+00  4.44089173e-06]", "hess_inv": "[[ 2.79777309 -0.39527661  0.23878809 -0.99672443  1.16142421  0.43321599]\n [-0.39527661  1.89985938  0.23622328  0.45352851 -0.48236185  0.93951519]\n [ 0.23878809  0.23622328  3.49027333 -0.64190009 -1.17129896  1.55830949]\n [-0.99672443  0.45352851 -0.64190009  2.39328714 -0.3256144  -0.4311625 ]\n [ 1.16142421 -0.48236185 -1.17129896 -0.3256144   3.02987582 -0.9619579 ]\n [ 0.43321599  0.93951519  1.55830949 -0.4311625  -0.9619579   3.13544883]]", "nfev": "168", "njev": "24", "status": "0", "success": "True", "message": "Optimization terminated successfully.", "x": "[4.82042403 4.75639298 0.6044919  4.95007006 2.61428337 1.44734131]", "nit": "16", "callback": [0.31415231638080343, 0.30522649427854964, 0.21987415922902886, 0.0773319206045533, 0.021911979913936452, 0.007357986784853443, 0.0051416496218337215, 0.0028166764379540243, 0.0025968240864900904, 0.002557265689818844, 0.0025558483688162825, 0.002555437907832525, 0.002555079831922158, 0.0025550060004000397, 0.0025549999132352674, 0.0025549996217706372]}, "14": {"maxiter": 500, "gtol": 1e-10, "xrtol": 1e-10, "eps": 1e-05, "duration": 0.13234901428222656, "fun": "0.002554999643557654", "jac": "[-3.33499894e-07 -1.42186263e-06  9.64894831e-08  1.52966528e-07\n  8.06510414e-07  1.19420029e-06]", "hess_inv": "[[ 2.98042843 -0.44737599  0.29000382 -1.08872647  1.24677902  0.47331978]\n [-0.44737599  1.77942383  0.00870292  0.61057869 -0.50398744  0.76842878]\n [ 0.29000382  0.00870292  3.47369872 -0.59819393 -1.08865723  1.58283593]\n [-1.08872647  0.61057869 -0.59819393  2.42430053 -0.4240013  -0.45449122]\n [ 1.24677902 -0.50398744 -1.08865723 -0.4240013   3.09475681 -0.87902067]\n [ 0.47331978  0.76842878  1.58283593 -0.45449122 -0.87902067  3.20548605]]", "nfev": "411", "njev": "57", "status": "2", "success": "False", "message": "Desired error not necessarily achieved due to precision loss.", "x": "[4.82042455 4.75645704 0.60444686 4.95002559 2.6142518  1.4472876 ]", "nit": "16", "callback": [0.3141601591167106, 0.30523389527924705, 0.2198765555229253, 0.07732698580203046, 0.021902575245662526, 0.00735657771305509, 0.0051406154313806685, 0.002816490826949347, 0.002596841477033651, 0.002557268423275194, 0.002555853376188133, 0.002555440132437692, 0.0025550804299649954, 0.0025550058384401497, 0.0025549996963221133, 0.002554999643557654]}, "15": {"maxiter": 500, "gtol": 1e-10, "xrtol": 1e-10, "eps": 1e-10, "duration": 0.0772409439086914, "fun": "0.0025549996204685677", "jac": "[-1.11022293e-06  1.11022293e-06 -1.11022293e-06  0.00000000e+00\n  0.00000000e+00  1.11022293e-06]", "hess_inv": "[[ 0.14726847 -0.27257241 -0.35046456 -0.24468456  0.14534231 -0.31391076]\n [-0.27257241  1.36837215  0.79172046  0.71961417 -1.19242907  0.64179973]\n [-0.35046456  0.79172046  2.24255074 -0.543573   -0.76113256  1.02113159]\n [-0.24468456  0.71961417 -0.543573    2.06207512  0.08851795 -0.07412177]\n [ 0.14534231 -1.19242907 -0.76113256  0.08851795  2.21843379 -1.46210373]\n [-0.31391076  0.64179973  1.02113159 -0.07412177 -1.46210373  1.76237946]]", "nfev": "238", "njev": "34", "status": "2", "success": "False", "message": "Desired error not necessarily achieved due to precision loss.", "x": "[4.82042139 4.75639201 0.60448728 4.95007095 2.61428426 1.44733587]", "nit": "19", "callback": [0.31415231638080343, 0.30522649427854964, 0.21987415922902886, 0.0773319206045533, 0.021911979913936452, 0.00735798