{"date": "2024/09/24/, 04:22:18", "conf_id": 256, "data_type": "var_s_rank\n", "num_data_points": 1, "s_rank": 0, "unitary": "[[-0.56303964-0.00798273j,-0.21670212-0.15784972j,-0.06047197-0.73952673j,-0.01438004+0.24552571j],[-0.06976756+0.23474685j,-0.01275565-0.5435098j,-0.02703657-0.08917885j,-0.08210486-0.79311774j],[-0.38559961+0.10714929j,0.5933431-0.2687392j,-0.24060861+0.29149289j,-0.45147719+0.26241743j],[-0.50180421+0.45931857j,-0.11617175+0.44134496j,0.49642745+0.22684508j,-0.08544628-0.15407063j]]", "databatch_0": {"databatch": "[[[0.15758169+0.20037282j,0.11813582+0.12441986j,-0.18360921-0.1091173j,-0.13445053-0.2448809j],[-0.07914145+0.12782374j,0.0190313-0.03085235j,-0.29826253+0.27685366j,0.24007566-0.0187934j],[0.1928609-0.36194185j,-0.13770237+0.20917887j,-0.12705847+0.05225859j,0.07160814-0.14852335j],[0.19204467+0.15574711j,0.24959781+0.32659992j,-0.0038747+0.02115685j,0.0641556+0.15081562j]]]", "initial param values": "[1.19968194,5.49768768,0.71677606,4.09445922,4.17720849,6.20710274]", "nelder_mead": {"type": "gradient-free", "0": {"maxiter": 100, "fatol": 1e-05, "xatol": 1e-05, "duration": 0.03835892677307129, "fun": "0.5449262187357699", "nit": "100", "nfev": "165", "status": "2", "success": "False", "message": "Maximum number of iterations has been exceeded.", "x": "[1.28522229 6.17304718 0.38566544 3.92839557 3.42533617 8.40579075]", "final_simplex": "(array([[1.28522229, 6.17304718, 0.38566544, 3.92839557, 3.42533617,\n        8.40579075],\n       [1.27744628, 6.14493742, 0.38178539, 3.90221246, 3.47830516,\n        8.42168946],\n       [1.27683028, 6.1692764 , 0.39443296, 3.90190585, 3.44870114,\n        8.43310769],\n       [1.30662424, 6.20999933, 0.33233055, 3.90999076, 3.48078846,\n        8.44226809],\n       [1.29901599, 6.18082662, 0.34733364, 3.93029877, 3.52272487,\n        8.4744204 ],\n       [1.31134086, 6.13811908, 0.34358944, 3.88881264, 3.44495452,\n        8.47242484],\n       [1.35112114, 6.20655089, 0.31771891, 3.89350053, 3.37395527,\n        8.34511577]]), array([0.54492622, 0.54500528, 0.54505157, 0.54506786, 0.5453719 ,\n       0.54539672, 0.54553229]))", "callback": [0.6285170565754788, 0.6090780012709152, 0.570655144750758, 0.5618505030240147, 0.5610591537004096, 0.5598893525428565, 0.5577774009970141, 0.5519140702631726, 0.5453718998014938]}, "1": {"maxiter": 100, "fatol": 1e-05, "xatol": 1e-10, "duration": 0.03694295883178711, "fun": "0.5449262187357699", "nit": "100", "nfev": "165", "status": "2", "success": "False", "message": "Maximum number of iterations has been exceeded.", "x": "[1.28522229 6.17304718 0.38566544 3.92839557 3.42533617 8.40579075]", "final_simplex": "(array([[1.28522229, 6.17304718, 0.38566544, 3.92839557, 3.42533617,\n        8.40579075],\n       [1.27744628, 6.14493742, 0.38178539, 3.90221246, 3.47830516,\n        8.42168946],\n       [1.27683028, 6.1692764 , 0.39443296, 3.90190585, 3.44870114,\n        8.43310769],\n       [1.30662424, 6.20999933, 0.33233055, 3.90999076, 3.48078846,\n        8.44226809],\n       [1.29901599, 6.18082662, 0.34733364, 3.93029877, 3.52272487,\n        8.4744204 ],\n       [1.31134086, 6.13811908, 0.34358944, 3.88881264, 3.44495452,\n        8.47242484],\n       [1.35112114, 6.20655089, 0.31771891, 3.89350053, 3.37395527,\n        8.34511577]]), array([0.54492622, 0.54500528, 0.54505157, 0.54506786, 0.5453719 ,\n       0.54539672, 0.54553229]))", "callback": [0.6285170565754788, 0.6090780012709152, 0.570655144750758, 0.5618505030240147, 0.5610591537004096, 0.5598893525428565, 0.5577774009970141, 0.5519140702631726, 0.5453718998014938]}, "2": {"maxiter": 100, "fatol": 1e-10, "xatol": 1e-05, "duration": 0.03617691993713379, "fun": "0.5449262187357699", "nit": "100", "nfev": "165", "status": "2", "success": "False", "message": "Maximum number of iterations has been exceeded.", "x": "[1.28522229 6.17304718 0.38566544 3.92839557 3.42533617 8.40579075]", "final_simplex": "(array([[1.28522229, 6.17304718, 0.38566544, 3.92839557, 3.42533617,\n        8.40579075],\n       [1.27744628, 6.14493742, 0.38178539, 3.90221246, 3.47830516,\n        8.42168946],\n       [1.27683028, 6.1692764 , 0.39443296, 3.90190585, 3.44870114,\n        8.43310769],\n       [1.30662424, 6.20999933, 0.33233055, 3.90999076, 3.48078846,\n        8.44226809],\n       [1.29901599, 6.18082662, 0.34733364, 3.93029877, 3.52272487,\n        8.4744204 ],\n       [1.31134086, 6.13811908, 0.34358944, 3.88881264, 3.44495452,\n        8.47242484],\n       [1.35112114, 6.20655089, 0.31771891, 3.89350053, 3.37395527,\n        8.34511577]]), array([0.54492622, 0.54500528, 0.54505157, 0.54506786, 0.5453719 ,\n       0.54539672, 0.54553229]))", "callback": [0.6285170565754788, 0.6090780012709152, 0.570655144750758, 0.5618505030240147, 0.5610591537004096, 0.5598893525428565, 0.5577774009970141, 0.5519140702631726, 0.5453718998014938]}, "3": {"maxiter": 100, "fatol": 1e-10, "xatol": 1e-10, "duration": 0.036885976791381836, "fun": "0.5449262187357699", "nit": "100", "nfev": "165", "status": "2", "success": "False", "message": "Maximum number of iterations has been exceeded.", "x": "[1.28522229 6.17304718 0.38566544 3.92839557 3.42533617 8.40579075]", "final_simplex": "(array([[1.28522229, 6.17304718, 0.38566544, 3.92839557, 3.42533617,\n        8.40579075],\n       [1.27744628, 6.14493742, 0.38178539, 3.90221246, 3.47830516,\n        8.42168946],\n       [1.27683028, 6.1692764 , 0.39443296, 3.90190585, 3.44870114,\n        8.43310769],\n       [1.30662424, 6.20999933, 0.33233055, 3.90999076, 3.48078846,\n        8.44226809],\n       [1.29901599, 6.18082662, 0.34733364, 3.93029877, 3.52272487,\n        8.4744204 ],\n       [1.31134086, 6.13811908, 0.34358944, 3.88881264, 3.44495452,\n        8.47242484],\n       [1.35112114, 6.20655089, 0.31771891, 3.89350053, 3.37395527,\n        8.34511577]]), array([0.54492622, 0.54500528, 0.54505157, 0.54506786, 0.5453719 ,\n       0.54539672, 0.54553229]))", "callback": [0.6285170565754788, 0.6090780012709152, 0.570655144750758, 0.5618505030240147, 0.5610591537004096, 0.5598893525428565, 0.5577774009970141, 0.5519140702631726, 0.5453718998014938]}, "4": {"maxiter": 500, "fatol": 1e-05, "xatol": 1e-05, "duration": 0.10972166061401367, "fun": "0.5445277278206662", "nit": "304", "nfev": "496", "status": "0", "success": "True", "message": "Optimization terminated successfully.", "x": "[1.26251244 6.19168675 0.33782813 3.92222843 3.42205126 8.38045702]", "final_simplex": "(array([[1.26251244, 6.19168675, 0.33782813, 3.92222843, 3.42205126,\n        8.38045702],\n       [1.26251058, 6.19168356, 0.33783458, 3.92223254, 3.42205409,\n        8.38045546],\n       [1.26251867, 6.19168588, 0.33783234, 3.92222979, 3.42204597,\n        8.38045151],\n       [1.26251475, 6.19169234, 0.33782763, 3.92223301, 3.42205491,\n        8.38045305],\n       [1.26251289, 6.19169368, 0.33782749, 3.92223301, 3.42205112,\n        8.38045509],\n       [1.26250655, 6.19168781, 0.33782924, 3.922235  , 3.42204785,\n        8.38045246],\n       [1.26251437, 6.19168937, 0.33783017, 3.922226  , 3.42204746,\n        8.38045271]]), array([0.54452773, 0.54452773, 0.54452773, 0.54452773, 0.54452773,\n       0.54452773, 0.54452773]))", "callback": [0.6285170565754788, 0.6090780012709152, 0.570655144750758, 0.5618505030240147, 0.5610591537004096, 0.5598893525428565, 0.5577774009970141, 0.5519140702631726, 0.5453718998014938, 0.5449090236318848, 0.5447632322818354, 0.5447061989557918, 0.5446963412477259, 0.544683764367871, 0.5446430140318668, 0.5446025232310394, 0.5445810480126898, 0.5445645236640354, 0.5445460904665297, 0.5445361393318107, 0.5445307700743254, 0.5445282523980132, 0.5445280487043312, 0.5445277571521467, 0.5445277328609848, 0.5445277287507698, 0.5445277279273176, 0.5445277279273176, 0.5445277278367706, 0.5445277278228583]}, "5": {"maxiter": 500, "fatol": 1e-05, "xatol": 1e-10, "duration": 0.16662335395812988, "fun": "0.5445277278165994", "nit": "427", "nfev": "760", "status": "0", "success": "True", "message": "Optimization terminated successfully.", "x": "[1.2625136  6.19168545 0.33782887 3.9222333  3.4220525  8.38045687]", "final_simplex": "(array([[1.2625136 , 6.19168545, 0.33782887, 3.9222333 , 3.4220525 ,\n        8.38045687],\n       [1.2625136 , 6.19168545, 0.33782887, 3.9222333 , 3.4220525 ,\n        8.38045687],\n       [1.2625136 , 6.19168545, 0.33782887, 3.9222333 , 3.4220525 ,\n        8.38045687],\n       [1.2625136 , 6.19168545, 0.33782887, 3.9222333 , 3.4220525 ,\n        8.38045687],\n       [1.2625136 , 6.19168545, 0.33782887, 3.9222333 , 3.4220525 ,\n        8.38045687],\n       [1.2625136 , 6.19168545, 0.33782887, 3.9222333 , 3.4220525 ,\n        8.38045687],\n       [1.2625136 , 6.19168545, 0.33782887, 3.9222333 , 3.4220525 ,\n        8.38045687]]), array([0.54452773, 0.54452773, 0.54452773, 0.54452773, 0.54452773,\n       0.54452773, 0.54452773]))", "callback": [0.6285170565754788, 0.6090780012709152, 0.570655144750758, 0.5618505030240147, 0.5610591537004096, 0.5598893525428565, 0.5577774009970141, 0.5519140702631726, 0.5453718998014938, 0.5449090236318848, 0.5447632322818354, 0.5447061989557918, 0.5446963412477259, 0.544683764367871, 0.5446430140318668, 0.5446025232310394, 0.5445810480126898, 0.5445645236640354, 0.5445460904665297, 0.5445361393318107, 0.5445307700743254, 0.5445282523980132, 0.5445280487043312, 0.5445277571521467, 0.5445277328609848, 0.5445277287507698, 0.5445277279273176, 0.5445277279273176, 0.5445277278367706, 0.5445277278228583, 0.544527727817786, 0.5445277278169789, 0.5445277278167582, 0.5445277278167074, 0.5445277278166558, 0.5445277278166156, 0.5445277278166056, 0.5445277278166019, 0.5445277278166001, 0.5445277278165994, 0.5445277278165994, 0.5445277278165994]}, "6": {"maxiter": 500, "fatol": 1e-10, "xatol": 1e-05, "duration": 0.10872912406921387, "fun": "0.5445277278206662", "nit": "304", "nfev": "496", "status": "0", "success": "True", "message": "Optimization terminated successfully.", "x": "[1.26251244 6.19168675 0.33782813 3.92222843 3.42205126 8.38045702]", "final_simplex": "(array([[1.26251244, 6.19168675, 0.33782813, 3.92222843, 3.42205126,\n        8.38045702],\n       [1.26251058, 6.19168356, 0.33783458, 3.92223254, 3.42205409,\n        8.38045546],\n       [1.26251867, 6.19168588, 0.33783234, 3.92222979, 3.42204597,\n        8.38045151],\n       [1.26251475, 6.19169234, 0.33782763, 3.92223301, 3.42205491,\n        8.38045305],\n       [1.26251289, 6.19169368, 0.33782749, 3.92223301, 3.42205112,\n        8.38045509],\n       [1.26250655, 6.19168781, 0.33782924, 3.922235  , 3.42204785,\n        8.38045246],\n       [1.26251437, 6.19168937, 0.33783017, 3.922226  , 3.42204746,\n        8.38045271]]), array([0.54452773, 0.54452773, 0.54452773, 0.54452773, 0.54452773,\n       0.54452773, 0.54452773]))", "callback": [0.6285170565754788, 0.6090780012709152, 0.570655144750758, 0.5618505030240147, 0.5610591537004096, 0.5598893525428565, 0.5577774009970141, 0.5519140702631726, 0.5453718998014938, 0.5449090236318848, 0.5447632322818354, 0.5447061989557918, 0.5446963412477259, 0.544683764367871, 0.5446430140318668, 0.5446025232310394, 0.5445810480126898, 0.5445645236640354, 0.5445460904665297, 0.5445361393318107, 0.5445307700743254, 0.5445282523980132, 0.5445280487043312, 0.5445277571521467, 0.5445277328609848, 0.5445277287507698, 0.5445277279273176, 0.5445277279273176, 0.5445277278367706, 0.5445277278228583]}, "7": {"maxiter": 500, "fatol": 1e-10, "xatol": 1e-10, "duration": 0.1783769130706787, "fun": "0.5445277278165994", "nit": "427", "nfev": "760", "status": "0", "success": "True", "message": "Optimization terminated successfully.", "x": "[1.2625136  6.19168545 0.33782887 3.9222333  3.4220525  8.38045687]", "final_simplex": "(array([[1.2625136 , 6.19168545, 0.33782887, 3.9222333 , 3.4220525 ,\n        8.38045687],\n       [1.2625136 , 6.19168545, 0.33782887, 3.9222333 , 3.4220525 ,\n        8.38045687],\n       [1.2625136 , 6.19168545, 0.33782887, 3.9222333 , 3.4220525 ,\n        8.38045687],\n       [1.2625136 , 6.19168545, 0.33782887, 3.9222333 , 3.4220525 ,\n        8.38045687],\n       [1.2625136 , 6.19168545, 0.33782887, 3.9222333 , 3.4220525 ,\n        8.38045687],\n       [1.2625136 , 6.19168545, 0.33782887, 3.9222333 , 3.4220525 ,\n        8.38045687],\n       [1.2625136 , 6.19168545, 0.33782887, 3.9222333 , 3.4220525 ,\n        8.38045687]]), array([0.54452773, 0.54452773, 0.54452773, 0.54452773, 0.54452773,\n       0.54452773, 0.54452773]))", "callback": [0.6285170565754788, 0.6090780012709152, 0.570655144750758, 0.5618505030240147, 0.5610591537004096, 0.5598893525428565, 0.5577774009970141, 0.5519140702631726, 0.5453718998014938, 0.5449090236318848, 0.5447632322818354, 0.5447061989557918, 0.5446963412477259, 0.544683764367871, 0.5446430140318668, 0.5446025232310394, 0.5445810480126898, 0.5445645236640354, 0.5445460904665297, 0.5445361393318107, 0.5445307700743254, 0.5445282523980132, 0.5445280487043312, 0.5445277571521467, 0.5445277328609848, 0.5445277287507698, 0.5445277279273176, 0.5445277279273176, 0.5445277278367706, 0.5445277278228583, 0.544527727817786, 0.5445277278169789, 0.5445277278167582, 0.5445277278167074, 0.5445277278166558, 0.5445277278166156, 0.5445277278166056, 0.5445277278166019, 0.5445277278166001, 0.5445277278165994, 0.5445277278165994, 0.5445277278165994]}, "8": {"maxiter": 1000, "fatol": 1e-05, "xatol": 1e-05, "duration": 0.1199638843536377, "fun": "0.5445277278206662", "nit": "304", "nfev": "496", "status": "0", "success": "True", "message": "Optimization terminated successfully.", "x": "[1.26251244 6.19168675 0.33782813 3.92222843 3.42205126 8.38045702]", "final_simplex": "(array([[1.26251244, 6.19168675, 0.33782813, 3.92222843, 3.42205126,\n        8.38045702],\n       [1.26251058, 6.19168356, 0.33783458, 3.92223254, 3.42205409,\n        8.38045546],\n       [1.26251867, 6.19168588, 0.33783234, 3.92222979, 3.42204597,\n        8.38045151],\n       [1.26251475, 6.19169234, 0.33782763, 3.92223301, 3.42205491,\n        8.38045305],\n       [1.26251289, 6.19169368, 0.33782749, 3.92223301, 3.42205112,\n        8.38045509],\n       [1.26250655, 6.19168781, 0.33782924, 3.922235  , 3.42204785,\n        8.38045246],\n       [1.26251437, 6.19168937, 0.33783017, 3.922226  , 3.42204746,\n        8.38045271]]), array([0.54452773, 0.54452773, 0.54452773, 0.54452773, 0.54452773,\n       0.54452773, 0.54452773]))", "callback": [0.6285170565754788, 0.6090780012709152, 0.570655144750758, 0.5618505030240147, 0.5610591537004096, 0.5598893525428565, 0.5577774009970141, 0.5519140702631726, 0.5453718998014938, 0.5449090236318848, 0.5447632322818354, 0.5447061989557918, 0.5446963412477259, 0.544683764367871, 0.5446430140318668, 0.5446025232310394, 0.5445810480126898, 0.5445645236640354, 0.5445460904665297, 0.5445361393318107, 0.5445307700743254, 0.5445282523980132, 0.5445280487043312, 0.5445277571521467, 0.5445277328609848, 0.5445277287507698, 0.5445277279273176, 0.5445277279273176, 0.5445277278367706, 0.5445277278228583]}, "9": {"maxiter": 1000, "fatol": 1e-05, "xatol": 1e-10, "duration": 0.16628098487854004, "fun": "0.5445277278165994", "nit": "427", "nfev": "760", "status": "0", "success": "True", "message": "Optimization terminated successfully.", "x": "[1.2625136  6.19168545 0.33782887 3.9222333  3.4220525  8.38045687]", "final_simplex": "(array([[1.2625136 , 6.19168545, 0.33782887, 3.9222333 , 3.4220525 ,\n        8.38045687],\n       [1.2625136 , 6.19168545, 0.33782887, 3.9222333 , 3.4220525 ,\n        8.38045687],\n       [1.2625136 , 6.19168545, 0.33782887, 3.9222333 , 3.4220525 ,\n        8.38045687],\n       [1.2625136 , 6.19168545, 0.33782887, 3.9222333 , 3.4220525 ,\n        8.38045687],\n       [1.2625136 , 6.19168545, 0.33782887, 3.9222333 , 3.4220525 ,\n        8.38045687],\n       [1.2625136 , 6.19168545, 0.33782887, 3.9222333 , 3.4220525 ,\n        8.38045687],\n       [1.2625136 , 6.19168545, 0.33782887, 3.9222333 , 3.4220525 ,\n        8.38045687]]), array([0.54452773, 0.54452773, 0.54452773, 0.54452773, 0.54452773,\n       0.54452773, 0.54452773]))", "callback": [0.6285170565754788, 0.6090780012709152, 0.570655144750758, 0.5618505030240147, 0.5610591537004096, 0.5598893525428565, 0.5577774009970141, 0.5519140702631726, 0.5453718998014938, 0.5449090236318848, 0.5447632322818354, 0.5447061989557918, 0.5446963412477259, 0.544683764367871, 0.5446430140318668, 0.5446025232310394, 0.5445810480126898, 0.5445645236640354, 0.5445460904665297, 0.5445361393318107, 0.5445307700743254, 0.5445282523980132, 0.5445280487043312, 0.5445277571521467, 0.5445277328609848, 0.5445277287507698, 0.5445277279273176, 0.5445277279273176, 0.5445277278367706, 0.5445277278228583, 0.544527727817786, 0.5445277278169789, 0.5445277278167582, 0.5445277278167074, 0.5445277278166558, 0.5445277278166156, 0.5445277278166056, 0.5445277278166019, 0.5445277278166001, 0.5445277278165994, 0.5445277278165994, 0.5445277278165994]}, "10": {"maxiter": 1000, "fatol": 1e-10, "xatol": 1e-05, "duration": 0.11325216293334961, "fun": "0.5445277278206662", "nit": "304", "nfev": "496", "status": "0", "success": "True", "message": "Optimization terminated successfully.", "x": "[1.26251244 6.19168675 0.33782813 3.92222843 3.42205126 8.38045702]", "final_simplex": "(array([[1.26251244, 6.19168675, 0.33782813, 3.92222843, 3.42205126,\n        8.38045702],\n       [1.26251058, 6.19168356, 0.33783458, 3.92223254, 3.42205409,\n        8.38045546],\n       [1.26251867, 6.19168588, 0.33783234, 3.92222979, 3.42204597,\n        8.38045151],\n       [1.26251475, 6.19169234, 0.33782763, 3.92223301, 3.42205491,\n        8.38045305],\n       [1.26251289, 6.19169368, 0.33782749, 3.92223301, 3.42205112,\n        8.38045509],\n       [1.26250655, 6.19168781, 0.33782924, 3.922235  , 3.42204785,\n        8.38045246],\n       [1.26251437, 6.19168937, 0.33783017, 3.922226  , 3.42204746,\n        8.38045271]]), array([0.54452773, 0.54452773, 0.54452773, 0.54452773, 0.54452773,\n       0.54452773, 0.54452773]))", "callback": [0.6285170565754788, 0.6090780012709152, 0.570655144750758, 0.5618505030240147, 0.5610591537004096, 0.5598893525428565, 0.5577774009970141, 0.5519140702631726, 0.5453718998014938, 0.5449090236318848, 0.5447632322818354, 0.5447061989557918, 0.5446963412477259, 0.544683764367871, 0.5446430140318668, 0.5446025232310394, 0.5445810480126898, 0.5445645236640354, 0.5445460904665297, 0.5445361393318107, 0.5445307700743254, 0.5445282523980132, 0.5445280487043312, 0.5445277571521467, 0.5445277328609848, 0.5445277287507698, 0.5445277279273176, 0.5445277279273176, 0.5445277278367706, 0.5445277278228583]}, "11": {"maxiter": 1000, "fatol": 1e-10, "xatol": 1e-10, "duration": 0.18773984909057617, "fun": "0.5445277278165994", "nit": "427", "nfev": "760", "status": "0", "success": "True", "message": "Optimization terminated successfully.", "x": "[1.2625136  6.19168545 0.33782887 3.9222333  3.4220525  8.38045687]", "final_simplex": "(array([[1.2625136 , 6.19168545, 0.33782887, 3.9222333 , 3.4220525 ,\n        8.38045687],\n       [1.2625136 , 6.19168545, 0.33782887, 3.9222333 , 3.4220525 ,\n        8.38045687],\n       [1.2625136 , 6.19168545, 0.33782887, 3.9222333 , 3.4220525 ,\n        8.38045687],\n       [1.2625136 , 6.19168545, 0.33782887, 3.9222333 , 3.4220525 ,\n        8.38045687],\n       [1.2625136 , 6.19168545, 0.33782887, 3.9222333 , 3.4220525 ,\n        8.38045687],\n       [1.2625136 , 6.19168545, 0.33782887, 3.9222333 , 3.4220525 ,\n        8.38045687],\n       [1.2625136 , 6.19168545, 0.33782887, 3.9222333 , 3.4220525 ,\n        8.38045687]]), array([0.54452773, 0.54452773, 0.54452773, 0.54452773, 0.54452773,\n       0.54452773, 0.54452773]))", "callback": [0.6285170565754788, 0.6090780012709152, 0.570655144750758, 0.5618505030240147, 0.5610591537004096, 0.5598893525428565, 0.5577774009970141, 0.5519140702631726, 0.5453718998014938, 0.5449090236318848, 0.5447632322818354, 0.5447061989557918, 0.5446963412477259, 0.544683764367871, 0.5446430140318668, 0.5446025232310394, 0.5445810480126898, 0.5445645236640354, 0.5445460904665297, 0.5445361393318107, 0.5445307700743254, 0.5445282523980132, 0.5445280487043312, 0.5445277571521467, 0.5445277328609848, 0.5445277287507698, 0.5445277279273176, 0.5445277279273176, 0.5445277278367706, 0.5445277278228583, 0.544527727817786, 0.5445277278169789, 0.5445277278167582, 0.5445277278167074, 0.5445277278166558, 0.5445277278166156, 0.5445277278166056, 0.5445277278166019, 0.5445277278166001, 0.5445277278165994, 0.5445277278165994, 0.5445277278165994]}}, "bfgs": {"type": "gradient", "0": {"maxiter": 100, "gtol": 1e-05, "xrtol": 1e-05, "eps": 1e-05, "duration": 0.050769805908203125, "fun": "0.601148374317731", "jac": "[-1.52327040e-06  1.67246217e-06  1.15272236e-06  5.59796653e-07\n  1.01912923e-06  2.72004641e-08]", "hess_inv": "[[ 5.8586535   0.89070105 -0.7386342   1.72919116 -0.90163859 -0.81791966]\n [ 0.89070105  6.74506987  0.37859422 -0.26207343 -2.13841359 -2.32172646]\n [-0.7386342   0.37859422  5.74202712 -1.69894995  0.35173357  1.43439873]\n [ 1.72919116 -0.26207343 -1.69894995  5.7432163  -0.35617164 -0.2252389 ]\n [-0.90163859 -2.13841359  0.35173357 -0.35617164  7.7828082  -2.61780929]\n [-0.81791966 -2.32172646  1.43439873 -0.2252389  -2.61780929  7.77591437]]", "nfev": "210", "njev": "30", "status": "0", "success": "True", "message": "Optimization terminated successfully.", "x": "[-1.83797077  6.58137661  1.2403767   5.23256684 -0.36042374 11.57547272]", "nit": "23", "callback": [0.6029631349458309, 0.601148538419674]}, "1": {"maxiter": 100, "gtol": 1e-05, "xrtol": 1e-05, "eps": 1e-10, "duration": 0.04992794990539551, "fun": "0.6011483743164027", "jac": "[-1.11022293e-06  1.11022293e-06  2.22044587e-06  1.11022293e-06\n  0.00000000e+00  0.00000000e+00]", "hess_inv": "[[ 5.88926095  0.76464381 -0.80110071  1.72097269 -0.89594004 -0.83177227]\n [ 0.76464381  6.58710375  0.33344117 -0.07941844 -1.87361103 -2.20686657]\n [-0.80110071  0.33344117  5.75347419 -1.65859295  0.42427178  1.44368379]\n [ 1.72097269 -0.07941844 -1.65859295  5.66530324 -0.35445655 -0.28824127]\n [-0.89594004 -1.87361103  0.42427178 -0.35445655  7.72452982 -2.69881187]\n [-0.83177227 -2.20686657  1.44368379 -0.28824127 -2.69881187  7.77179621]]", "nfev": "210", "njev": "30", "status": "0", "success": "True", "message": "Optimization terminated successfully.", "x": "[-1.83796866  6.58136655  1.24038009  5.23257499 -0.36041885 11.57547496]", "nit": "23", "callback": [0.6029359805639116, 0.6011485140423587]}, "2": {"maxiter": 100, "gtol": 1e-05, "xrtol": 1e-10, "eps": 1e-05, "duration": 0.04777383804321289, "fun": "0.601148374317731", "jac": "[-1.52327040e-06  1.67246217e-06  1.15272236e-06  5.59796653e-07\n  1.01912923e-06  2.72004641e-08]", "hess_inv": "[[ 5.8586535   0.89070105 -0.7386342   1.72919116 -0.90163859 -0.81791966]\n [ 0.89070105  6.74506987  0.37859422 -0.26207343 -2.13841359 -2.32172646]\n [-0.7386342   0.37859422  5.74202712 -1.69894995  0.35173357  1.43439873]\n [ 1.72919116 -0.26207343 -1.69894995  5.7432163  -0.35617164 -0.2252389 ]\n [-0.90163859 -2.13841359  0.35173357 -0.35617164  7.7828082  -2.61780929]\n [-0.81791966 -2.32172646  1.43439873 -0.2252389  -2.61780929  7.77591437]]", "nfev": "210", "njev": "30", "status": "0", "success": "True", "message": "Optimization terminated successfully.", "x": "[-1.83797077  6.58137661  1.2403767   5.23256684 -0.36042374 11.57547272]", "nit": "23", "callback": [0.6029631349458309, 0.601148538419674]}, "3": {"maxiter": 100, "gtol": 1e-05, "xrtol": 1e-10, "eps": 1e-10, "duration": 0.050498247146606445, "fun": "0.6011483743164027", "jac": "[-1.11022293e-06  1.11022293e-06  2.22044587e-06  1.11022293e-06\n  0.00000000e+00  0.00000000e+00]", "hess_inv": "[[ 5.88926095  0.76464381 -0.80110071  1.72097269 -0.89594004 -0.83177227]\n [ 0.76464381  6.58710375  0.33344117 -0.07941844 -1.87361103 -2.20686657]\n [-0.80110071  0.33344117  5.75347419 -1.65859295  0.42427178  1.44368379]\n [ 1.72097269 -0.07941844 -1.65859295  5.66530324 -0.35445655 -0.28824127]\n [-0.89594004 -1.87361103  0.42427178 -0.35445655  7.72452982 -2.69881187]\n [-0.83177227 -2.20686657  1.44368379 -0.28824127 -2.69881187  7.77179621]]", "nfev": "210", "njev": "30", "status": "0", "success": "True", "message": "Optimization terminated successfully.", "x": "[-1.83796866  6.58136655  1.24038009  5.23257499 -0.36041885 11.57547496]", "nit": "23", "callback": [0.6029359805639116, 0.6011485140423587]}, "4": {"maxiter": 100, "gtol": 1e-10, "xrtol": 1e-05, "eps": 1e-05, "duration": 0.04908919334411621, "fun": "0.601148374317731", "jac": "[-1.52327040e-06  1.67246217e-06  1.15272236e-06  5.59796653e-07\n  1.01912923e-06  2.72004641e-08]", "hess_inv": "[[ 5.8586535   0.89070105 -0.7386342   1.72919116 -0.90163859 -0.81791966]\n [ 0.89070105  6.74506987  0.37859422 -0.26207343 -2.13841359 -2.32172646]\n [-0.7386342   0.37859422  5.74202712 -1.69894995  0.35173357  1.43439873]\n [ 1.72919116 -0.26207343 -1.69894995  5.7432163  -0.35617164 -0.2252389 ]\n [-0.90163859 -2.13841359  0.35173357 -0.35617164  7.7828082  -2.61780929]\n [-0.81791966 -2.32172646  1.43439873 -0.2252389  -2.61780929  7.77591437]]", "nfev": "210", "njev": "30", "status": "0", "success": "True", "message": "Optimization terminated successfully.", "x": "[-1.83797077  6.58137661  1.2403767   5.23256684 -0.36042374 11.57547272]", "nit": "23", "callback": [0.6029631349458309, 0.601148538419674]}, "5": {"maxiter": 100, "gtol": 1e-10, "xrtol": 1e-05, "eps": 1e-10, "duration": 0.04794001579284668, "fun": "0.6011483743164027", "jac": "[-1.11022293e-06  1.11022293e-06  2.22044587e-06  1.11022293e-06\n  0.00000000e+00  0.00000000e+00]", "hess_inv": "[[ 5.88926095  0.76464381 -0.80110071  1.72097269 -0.89594004 -0.83177227]\n [ 0.76464381  6.58710375  0.33344117 -0.07941844 -1.87361103 -2.20686657]\n [-0.80110071  0.33344117  5.75347419 -1.65859295  0.42427178  1.44368379]\n [ 1.72097269 -0.07941844 -1.65859295  5.66530324 -0.35445655 -0.28824127]\n [-0.89594004 -1.87361103  0.42427178 -0.35445655  7.72452982 -2.69881187]\n [-0.83177227 -2.20686657  1.44368379 -0.28824127 -2.69881187  7.77179621]]", "nfev": "210", "njev": "30", "status": "0", "success": "True", "message": "Optimization terminated successfully.", "x": "[-1.83796866  6.58136655  1.24038009  5.23257499 -0.36041885 11.57547496]", "nit": "23", "callback": [0.6029359805639116, 0.6011485140423587]}, "6": {"maxiter": 100, "gtol": 1e-10, "xrtol": 1e-10, "eps": 1e-05, "duration": 0.053008079528808594, "fun": "0.6011483743025933", "jac": "[ 7.77156117e-11 -6.66133815e-11  9.99200722e-11 -5.55111512e-11\n -7.77156117e-11 -1.11022302e-11]", "hess_inv": "[[ 6.17521386  0.57162953 -1.06543131  1.83503175 -1.11084885 -0.67381424]\n [ 0.57162953  7.06040904  0.70919866 -0.35484057 -1.91977628 -2.45344362]\n [-1.06543131  0.70919866  6.08655613 -1.80896423  0.5664744   1.28846312]\n [ 1.83503175 -0.35484057 -1.80896423  5.74819796 -0.44331405 -0.20568288]\n [-1.11084885 -1.91977628  0.5664744  -0.44331405  7.91143962 -2.72962959]\n [-0.67381424 -2.45344362  1.28846312 -0.20568288 -2.72962959  7.81630137]]", "nfev": "231", "njev": "33", "status": "0", "success": "True", "message": "Optimization terminated successfully.", "x": "[-1.83796084  6.58136702  1.24036726  5.23256947 -0.36043079 11.57547699]", "nit": "26", "callback": [0.6029631349458309, 0.601148538419674]}, "7": {"maxiter": 100, "gtol": 1e-10, "xrtol": 1e-10, "eps": 1e-10, "duration": 0.07084226608276367, "fun": "0.6011483743031356", "jac": "[ 1.11022293e-06 -2.22044587e-06  0.00000000e+00 -2.22044587e-06\n  1.11022293e-06  0.00000000e+00]", "hess_inv": "[[ 8.3695605  -2.63064775 -1.24096775  2.55799748 -5.7445311   9.98527361]\n [-2.63064775  3.2842853   1.12053268  0.11570175  1.94180926 -5.04600513]\n [-1.24096775  1.12053268  0.74139105 -0.04148263  1.10239473 -2.26271104]\n [ 2.55799748  0.11570175 -0.04148263  5.14939259 -1.69700468  2.48070732]\n [-5.7445311   1.94180926  1.10239473 -1.69700468  9.30456395 -7.4470938 ]\n [ 9.98527361 -5.04600513 -2.26271104  2.48070732 -7.4470938  14.19384848]]", "nfev": "308", "njev": "44", "status": "0", "success": "True", "message": "Optimization terminated successfully.", "x": "[-1.83795242  6.58136062  1.24036501  5.23257413 -0.3604264  11.57548173]", "nit": "28", "callback": [0.6029359805639116, 0.6011485140423587]}, "8": {"maxiter": 500, "gtol": 1e-05, "xrtol": 1e-05, "eps": 1e-05, "duration": 0.05066108703613281, "fun": "0.601148374317731", "jac": "[-1.52327040e-06  1.67246217e-06  1.15272236e-06  5.59796653e-07\n  1.01912923e-06  2.72004641e-08]", "hess_inv": "[[ 5.8586535   0.89070105 -0.7386342   1.72919116 -0.90163859 -0.81791966]\n [ 0.89070105  6.74506987  0.37859422 -0.26207343 -2.13841359 -2.32172646]\n [-0.7386342   0.37859422  5.74202712 -1.69894995  0.35173357  1.43439873]\n [ 1.72919116 -0.26207343 -1.69894995  5.7432163  -0.35617164 -0.2252389 ]\n [-0.90163859 -2.13841359  0.35173357 -0.35617164  7.7828082  -2.61780929]\n [-0.81791966 -2.32172646  1.43439873 -0.2252389  -2.61780929  7.77591437]]", "nfev": "210", "njev": "30", "status": "0", "success": "True", "message": "Optimization terminated successfully.", "x": "[-1.83797077  6.58137661  1.2403767   5.23256684 -0.36042374 11.57547272]", "nit": "23", "callback": [0.6029631349458309, 0.601148538419674]}, "9": {"maxiter": 500, "gtol": 1e-05, "xrtol": 1e-05, "eps": 1e-10, "duration": 0.04857230186462402, "fun": "0.6011483743164027", "jac": "[-1.11022293e-06  1.11022293e-06  2.22044587e-06  1.11022293e-06\n  0.00000000e+00  0.00000000e+00]", "hess_inv": "[[ 5.88926095  0.76464381 -0.80110071  1.72097269 -0.89594004 -0.83177227]\n [ 0.76464381  6.58710375  0.33344117 -0.07941844 -1.87361103 -2.20686657]\n [-0.80110071  0.33344117  5.75347419 -1.65859295  0.42427178  1.44368379]\n [ 1.72097269 -0.07941844 -1.65859295  5.66530324 -0.35445655 -0.28824127]\n [-0.89594004 -1.87361103  0.42427178 -0.35445655  7.72452982 -2.69881187]\n [-0.83177227 -2.20686657  1.44368379 -0.28824127 -2.69881187  7.77179621]]", "nfev": "210", "njev": "30", "status": "0", "success": "True", "message": "Optimization terminated successfully.", "x": "[-1.83796866  6.58136655  1.24038009  5.23257499 -0.36041885 11.57547496]", "nit": "23", "callback": [0.6029359805639116, 0.6011485140423587]}, "10": {"maxiter": 500, "gtol": 1e-05, "xrtol": 1e-10, "eps": 1e-05, "duration": 0.048156023025512695, "fun": "0.601148374317731", "jac": "[-1.52327040e-06  1.67246217e-06  1.15272236e-06  5.59796653e-07\n  1.01912923e-06  2.72004641e-08]", "hess_inv": "[[ 5.8586535   0.89070105 -0.7386342   1.72919116 -0.90163859 -0.81791966]\n [ 0.89070105  6.74506987  0.37859422 -0.26207343 -2.13841359 -2.32172646]\n [-0.7386342   0.37859422  5.74202712 -1.69894995  0.35173357  1.43439873]\n [ 1.72919116 -0.26207343 -1.69894995  5.7432163  -0.35617164 -0.2252389 ]\n [-0.90163859 -2.13841359  0.35173357 -0.35617164  7.7828082  -2.61780929]\n [-0.81791966 -2.32172646  1.43439873 -0.2252389  -2.61780929  7.77591437]]", "nfev": "210", "njev": "30", "status": "0", "success": "True", "message": "Optimization terminated successfully.", "x": "[-1.83797077  6.58137661  1.2403767   5.23256684 -0.36042374 11.57547272]", "nit": "23", "callback": [0.6029631349458309, 0.601148538419674]}, "11": {"maxiter": 500, "gtol": 1e-05, "xrtol": 1e-10, "eps": 1e-10, "duration": 0.04825425148010254, "fun": "0.6011483743164027", "jac": "[-1.11022293e-06  1.11022293e-06  2.22044587e-06  1.11022293e-06\n  0.00000000e+00  0.00000000e+00]", "hess_inv": "[[ 5.88926095  0.76464381 -0.80110071  1.72097269 -0.89594004 -0.83177227]\n [ 0.76464381  6.58710375  0.33344117 -0.07941844 -1.87361103 -2.20686657]\n [-0.80110071  0.33344117  5.75347419 -1.65859295  0.42427178  1.44368379]\n [ 1.72097269 -0.07941844 -1.65859295  5.66530324 -0.35445655 -0.28824127]\n [-0.89594004 -1.87361103  0.42427178 -0.35445655  7.72452982 -2.69881187]\n [-0.83177227 -2.20686657  1.44368379 -0.28824127 -2.69881187  7.77179621]]", "nfev": "210", "njev": "30", "status": "0", "success": "True", "message": "Optimization terminated successfully.", "x": "[-1.83796866  6.58136655  1.24038009  5.23257499 -0.36041885 11.57547496]", "nit": "23", "callback": [0.6029359805639116, 0.6011485140423587]}, "12": {"maxiter": 500, "gtol": 1e-10, "xrtol": 1e-05, "eps": 1e-05, "duration": 0.050785064697265625, "fun": "0.601148374317731", "jac": "[-1.52327040e-06  1.67246217e-06  1.15272236e-06  5.59796653e-07\n  1.01912923e-06  2.72004641e-08]", "hess_inv": "[[ 5.8586535   0.89070105 -0.7386342   1.72919116 -0.90163859 -0.81791966]\n [ 0.89070105  6.74506987  0.37859422 -0.26207343 -2.13841359 -2.32172646]\n [-0.7386342   0.37859422  5.74202712 -1.69894995  0.35173357  1.43439873]\n [ 1.72919116 -0.26207343 -1.69894995  5.7432163  -0.35617164 -0.2252389 ]\n [-0.90163859 -2.13841359  0.35173357 -0.35617164  7.7828082  -2.61780929]\n [-0.81791966 -2.32172646  1.43439873 -0.2252389  -2.61780929  7.77591437]]", "nfev": "210", "njev": "30", "status": "0", "success": "True", "message": "Optimization terminated successfully.", "x": "[-1.83797077  6.58137661  1.2403767   5.23256684 -0.36042374 11.57547272]", "nit": "23", "callback": [0.6029631349458309, 0.601148538419674]}, "13": {"maxiter": 500, "gtol": 1e-10, "xrtol": 1e-05, "eps": 1e-10, "duration": 0.05361509323120117, "fun": "0.6011483743164027", "jac": "[-1.11022293e-06  1.11022293e-06  2.22044587e-06  1.11022293e-06\n  0.00000000e+00  0.00000000e+00]", "hess_inv": "[[ 5.88926095  0.76464381 -0.80110071  1.72097269 -0.89594004 -0.83177227]\n [ 0.76464381  6.58710375  0.33344117 -0.07941844 -1.87361103 -2.20686657]\n [-0.80110071  0.33344117  5.75347419 -1.65859295  0.42427178  1.44368379]\n [ 1.72097269 -0.07941844 -1.65859295  5.66530324 -0.35445655 -0.28824127]\n [-0.89594004 -1.87361103  0.42427178 -0.35445655  7.72452982 -2.69881187]\n [-0.83177227 -2.20686657  1.44368379 -0.28824127 -2.69881187  7.77179621]]", "nfev": "210", "njev": "30", "status": "0", "success": "True", "message": "Optimization terminated successfully.", "x": "[-1.83796866  6.58136655  1.24038009  5.23257499 -0.36041885 11.57547496]", "nit": "23", "callback": [0.6029359805639116, 0.6011485140423587]}, "14": {"maxiter": 500, "gtol": 1e-10, "xrtol": 1e-10, "eps": 1e-05, "duration": 0.0535128116607666, "fun": "0.6011483743025933", "jac": "[ 7.77156117e-11 -6.66133815e-11  9.99200722e-11 -5.55111512e-11\n -7.77156117e-11 -1.11022302e-11]", "hess_inv": "[[ 6.17521386  0.57162953 -1.06543131  1.83503175 -1.11084885 -0.67381424]\n [ 0.57162953  7.06040904  0.70919866 -0.35484057 -1.91977628 -2.45344362]\n [-1.06543131  0.70919866  6.08655613 -1.80896423  0.5664744   1.28846312]\n [ 1.83503175 -0.35484057 -1.80896423  5.74819796 -0.44331405 -0.20568288]\n [-1.11084885 -1.91977628  0.5664744  -0.44331405  7.91143962 -2.72962959]\n [-0.67381424 -2.45344362  1.28846312 -0.20568288 -2.72962959  7.81630137]]", "nfev": "231", "njev": "33", "status": "0", "success": "True", "message": "Optimization terminated successfully.", "x": "[-1.83796084  6.58136702  1.24036726  5.23256947 -0.36043079 11.57547699]", "nit": "26", "callback": [0.6029631349458309, 0.601148538419674]}, "15": {"maxiter": 500, "gtol": 1e-10, "xrtol": 1e-10, "eps": 1e-10, "duration": 0.06910395622253418, "fun": "0.6011483743031356", "jac": "[ 1.11022293e-06 -2.22044587e-06  0.00000000e+00 -2.22044587e-06\n  1.11022293e-06  0.00000000e+00]", "hess_inv": "[[ 8.3695605  -2.63064775 -1.24096775  2.55799748 -5.7445311   9.98527361]\n [-2.63064775  3.2842853   1.12053268  0.11570175  1.94180926 -5.04600513]\n [-1.24096775  1.12053268  0.74139105 -0.04148263  1.10239473 -2.26271104]\n [ 2.55799748  0.11570175 -0.04148263  5.14939259 -1.69700468  2.48070732]\n [-5.7445311   1.94180926  1.10239473 -1.69700468  9.30456395 -7.4470938 ]\n [ 9.98527361 -5.04600513 -2.26271104  2.48070732 -7.4470938  14.19384848]]", "nfev": "308", "njev": "44", "status": "0", "success": "True", "message": "Optimization terminated successfully.", "x": "[-1.83795242  6.58136062  1.24036501  5.23257413 -0.3604264  11.57548173]", "nit": "28", "callback": [0.6029359805639116, 0.6011485140423587]}, "16": {"maxiter": 1000, "gtol": 1e-05, "xrtol": 1e-05, "eps": 1e-05, "duration": 0.04787588119506836, "fun": "0.601148374317731", "jac": "[-1.52327040e-06  1.67246217e-06  1.15272236e-06  5.59796653e-07\n  1.01912923e-06  2.72004641e-08]", "hess_inv": "[[ 5.8586535   0.89070105 -0.7386342   1.72919116 -0.90163859 -0.81791966]\n [ 0.89070105  6.74506987  0.37859422 -0.26207343 -2.13841359 -2.32172646]\n [-0.7386342   0.37859422  5.74202712 -1.69894995  0.35173357  1.43439873]\n [ 1.72919116 -0.26207343 -1.69894995  5.7432163  -0.35617164 -0.2252389 ]\n [-0.90163859 -2.13841359  0.35173357 -0.35617164  7.7828082  -2.61780929]\n [-0.81791966 -2.32172646  1.43439873 -0.2252389  -2.61780929  7.77591437]]", "nfev": "210", "njev": "30", "status": "0", "success": "True", "message": "Optimization terminated successfully.", "x": "[-1.83797077  6.58137661  1.2403767   5.23256684 -0.36042374 11.57547272]", "nit": "23", "callback": [0.6029631349458309, 0.601148538419674]}, "17": {"maxiter": 1000, "gtol": 1e-05, "xrtol": 1e-05, "eps": 1e-10, "duration": 0.04732394218444824, "fun": "0.6011483743164027", "jac": "[-1.11022293e-06  1.11022293e-06  2.22044587e-06  1.11022293e-06\n  0.00000000e+00  0.00000000e+00]", "hess_inv": "[[ 5.88926095  0.76464381 -0.80110071  1.72097269 -0.89594004 -0.83177227]\n [ 0.76464381  6.58710375  0.33344117 -0.07941844 -1.87361103 -2.20686657]\n [-0.80110071  0.33344117  5.75347419 -1.65859295  0.42427178  1.44368379]\n [ 1.72097269 -0.07941844 -1.65859295  5.66530324 -0.35445655 -0.28824127]\n [-0.89594004 -1.87361103  0.42427178 -0.35445655  7.72452982 -2.69881187]\n [-0.83177227 -2.20686657  1.44368379 -0.28824127 -2.69881187  7.77179621]]", "nfev": "210", "njev": "30", "status": "0", "success": "True", "message": "Optimization terminated successfully.", "x": "[-1.83796866  6.58136655  1.24038009  5.23257499 -0.36041885 11.57547496]", "nit": "23", "callback": [0.6029359805639116, 0.6011485140423587]}, "18": {"maxiter": 1000, "gtol": 1e-05, "xrtol": 1e-10, "eps": 1e-05, "duration": 0.04686164855957031, "fun": "0.601148374317731", "jac": "[-1.52327040e-06  1.67246217e-06  1.15272236e-06  5.59796653e-07\n  1.01912923e-06  2.72004641e-08]", "hess_inv": "[[ 5.8586535   0.89070105 -0.7386342   1.72919116 -0.90163859 -0.81791966]\n [ 0.89070105  6.74506987  0.37859422 -0.26207343 -2.13841359 -2.32172646]\n [-0.7386342   0.37859422  5.74202712 -1.69894995  0.35173357  1.43439873]\n [ 1.72919116 -0.26207343 -1.69894995  5.7432163  -0.35617164 -0.2252389 ]\n [-0.90163859 -2.13841359  0.35173357 -0.35617164  7.7828082  -2.61780929]\n [-0.81791966 -2.32172646  1.43439873 -0.2252389  -2.61780929  7.77591437]]", "nfev": "210", "njev": "30", "status": "0", "success": "True", "message": "Optimization terminated successfully.", "x": "[-1.83797077  6.58137661  1.2403767   5.23256684 -0.36042374 11.57547272]", "nit": "23", "callback": [0.6029631349458309, 0.601148538419674]}, "19": {"maxiter": 1000, "gtol": 1e-05, "xrtol": 1e-10, "eps": 1e-10, "duration": 0.04701995849609375, "fun": "0.6011483743164027", "jac": "[-1.11022293e-06  1.11022293e-06  2.22044587e-06  1.11022293e-06\n  0.00000000e+00  0.00000000e+00]", "hess_inv": "[[ 5.88926095  0.76464381 -0.80110071  1.72097269 -0.89594004 -0.83177227]\n [ 0.76464381  6.58710375  0.33344117 -0.07941844 -1.87361103 -2.20686657]\n [-0.80110071  0.33344117  5.75347419 -1.65859295  0.42427178  1.44368379]\n [ 1.72097269 -0.07941844 -1.65859295  5.66530324 -0.35445655 -0.28824127]\n [-0.89594004 -1.87361103  0.42427178 -0.35445655  7.72452982 -2.69881187]\n [-0.83177227 -2.20686657  1.44368379 -0.28824127 -2.69881187  7.77179621]]", "nfev": "210", "njev": "30", "status": "0", "success": "True", "message": "Optimization terminated successfully.", "x": "[-1.83796866  6.58136655  1.24038009  5.23257499 -0.36041885