{"date": "2024/09/24/, 03:38:25", "conf_id": 238, "data_type": "non_lin_ind\n", "num_data_points": 4, "s_rank": 0, "unitary": "[[-0.53618537-0.34368723j,-0.12107031-0.46226139j,-0.07699282-0.46603512j,0.36022595-0.11472301j],[0.26026499-0.63450712j,-0.56616638+0.37832564j,-0.14988651+0.08458591j,0.10363514-0.16008501j],[-0.32580188-0.11070003j,-0.36476308-0.23593218j,0.02559343+0.41761608j,-0.25598305+0.6725303j],[0.07406738-0.0126433j,0.28513701+0.19483972j,-0.74939717-0.10299659j,0.29798249+0.46269921j]]", "databatch_0": {"databatch": "[[[-0.06329327+0.03510555j,0.26498795+0.08987323j,-0.05317634-0.16713451j,0.25364311-0.15873234j],[-0.27464659+0.12325447j,-0.23703535+0.02558355j,-0.24635223-0.00240002j,0.20943871-0.19582833j],[0.3470815-0.01574972j,-0.09939505-0.0834244j,-0.25101386-0.3357274j,-0.00132785+0.02767923j],[0.34415706-0.03900406j,0.00540555-0.12598361j,0.02298707+0.17991341j,0.14771845-0.03429692j]],[[-0.05613575+0.18946684j,0.00218121-0.21756121j,0.13915275+0.16631218j,0.09084713+0.17837818j],[0.06370754+0.13802731j,0.00216768-0.11652584j,0.07350363-0.02181695j,0.07173074+0.22718768j],[0.130782-0.00293641j,-0.08474053+0.07888366j,-0.08551723-0.18527536j,0.19630542-0.31892298j],[-0.04541965+0.14708256j,-0.22122533-0.24317213j,0.35141307+0.43120721j,-0.18785944-0.19568157j]],[[0.12407029+0.02350778j,-0.06127487-0.14855917j,-0.00464615+0.37622406j,0.10797405+0.30705463j],[-0.01381516+0.24227855j,0.1445605+0.08466704j,-0.07134715+0.06767191j,0.37887434+0.11321461j],[-0.07362459-0.03404213j,0.01312802-0.00713942j,-0.0033499-0.23695155j,-0.15136759-0.19556762j],[0.04132652-0.24146913j,-0.15646344-0.14426909j,0.20135531+0.34201105j,-0.25001893+0.09099331j]],[[-0.27496493+0.48904304j,-0.16617213+0.26224993j,-0.14404931-0.37980685j,0.06788398+0.03052839j],[0.02061246-0.31449269j,0.01736732-0.1292709j,0.0790761+0.23952894j,-0.11413802-0.10793575j],[-0.21544851-0.16805008j,-0.07177709-0.03813275j,0.18845024+0.04590699j,-0.04577542+0.13539385j],[-0.00597075-0.03049451j,-0.10466631-0.0382135j,-0.08884603-0.04561438j,-0.06403969-0.21652352j]]]", "initial param values": "[0.42749156,2.22181035,2.92800163,5.24559576,2.48492913,5.63536803]", "nelder_mead": {"type": "gradient-free", "0": {"maxiter": 100, "fatol": 1e-05, "xatol": 1e-05, "duration": 0.03838205337524414, "fun": "0.623300669672563", "nit": "100", "nfev": "158", "status": "2", "success": "False", "message": "Maximum number of iterations has been exceeded.", "x": "[0.52625664 2.46181774 4.30967381 4.61183744 1.77198205 2.9302087 ]", "final_simplex": "(array([[0.52625664, 2.46181774, 4.30967381, 4.61183744, 1.77198205,\n        2.9302087 ],\n       [0.52910926, 2.4389573 , 4.23187799, 4.59541607, 1.82894341,\n        2.98662948],\n       [0.54078747, 2.39122556, 4.34220062, 4.61520924, 1.73255849,\n        2.95823403],\n       [0.53889012, 2.35958755, 4.31501111, 4.67374916, 1.76146104,\n        2.91543264],\n       [0.54517755, 2.34779958, 4.3262995 , 4.72551437, 1.71357007,\n        2.89396541],\n       [0.52034018, 2.42967759, 4.26233914, 4.73957735, 1.79457529,\n        2.94953736],\n       [0.51555614, 2.47915876, 4.25306398, 4.59696173, 1.79362162,\n        2.96901287]]), array([0.62330067, 0.62348533, 0.62359098, 0.62440679, 0.62444339,\n       0.62455656, 0.62465273]))", "callback": [0.8773942195628961, 0.8060711095490571, 0.7211997199005991, 0.6450777996379325, 0.6450777996379325, 0.6391790701657348, 0.6282765486161724, 0.6259844532951492, 0.6249877394034778]}, "1": {"maxiter": 100, "fatol": 1e-05, "xatol": 1e-10, "duration": 0.035733938217163086, "fun": "0.623300669672563", "nit": "100", "nfev": "158", "status": "2", "success": "False", "message": "Maximum number of iterations has been exceeded.", "x": "[0.52625664 2.46181774 4.30967381 4.61183744 1.77198205 2.9302087 ]", "final_simplex": "(array([[0.52625664, 2.46181774, 4.30967381, 4.61183744, 1.77198205,\n        2.9302087 ],\n       [0.52910926, 2.4389573 , 4.23187799, 4.59541607, 1.82894341,\n        2.98662948],\n       [0.54078747, 2.39122556, 4.34220062, 4.61520924, 1.73255849,\n        2.95823403],\n       [0.53889012, 2.35958755, 4.31501111, 4.67374916, 1.76146104,\n        2.91543264],\n       [0.54517755, 2.34779958, 4.3262995 , 4.72551437, 1.71357007,\n        2.89396541],\n       [0.52034018, 2.42967759, 4.26233914, 4.73957735, 1.79457529,\n        2.94953736],\n       [0.51555614, 2.47915876, 4.25306398, 4.59696173, 1.79362162,\n        2.96901287]]), array([0.62330067, 0.62348533, 0.62359098, 0.62440679, 0.62444339,\n       0.62455656, 0.62465273]))", "callback": [0.8773942195628961, 0.8060711095490571, 0.7211997199005991, 0.6450777996379325, 0.6450777996379325, 0.6391790701657348, 0.6282765486161724, 0.6259844532951492, 0.6249877394034778]}, "2": {"maxiter": 100, "fatol": 1e-10, "xatol": 1e-05, "duration": 0.03488731384277344, "fun": "0.623300669672563", "nit": "100", "nfev": "158", "status": "2", "success": "False", "message": "Maximum number of iterations has been exceeded.", "x": "[0.52625664 2.46181774 4.30967381 4.61183744 1.77198205 2.9302087 ]", "final_simplex": "(array([[0.52625664, 2.46181774, 4.30967381, 4.61183744, 1.77198205,\n        2.9302087 ],\n       [0.52910926, 2.4389573 , 4.23187799, 4.59541607, 1.82894341,\n        2.98662948],\n       [0.54078747, 2.39122556, 4.34220062, 4.61520924, 1.73255849,\n        2.95823403],\n       [0.53889012, 2.35958755, 4.31501111, 4.67374916, 1.76146104,\n        2.91543264],\n       [0.54517755, 2.34779958, 4.3262995 , 4.72551437, 1.71357007,\n        2.89396541],\n       [0.52034018, 2.42967759, 4.26233914, 4.73957735, 1.79457529,\n        2.94953736],\n       [0.51555614, 2.47915876, 4.25306398, 4.59696173, 1.79362162,\n        2.96901287]]), array([0.62330067, 0.62348533, 0.62359098, 0.62440679, 0.62444339,\n       0.62455656, 0.62465273]))", "callback": [0.8773942195628961, 0.8060711095490571, 0.7211997199005991, 0.6450777996379325, 0.6450777996379325, 0.6391790701657348, 0.6282765486161724, 0.6259844532951492, 0.6249877394034778]}, "3": {"maxiter": 100, "fatol": 1e-10, "xatol": 1e-10, "duration": 0.03554821014404297, "fun": "0.623300669672563", "nit": "100", "nfev": "158", "status": "2", "success": "False", "message": "Maximum number of iterations has been exceeded.", "x": "[0.52625664 2.46181774 4.30967381 4.61183744 1.77198205 2.9302087 ]", "final_simplex": "(array([[0.52625664, 2.46181774, 4.30967381, 4.61183744, 1.77198205,\n        2.9302087 ],\n       [0.52910926, 2.4389573 , 4.23187799, 4.59541607, 1.82894341,\n        2.98662948],\n       [0.54078747, 2.39122556, 4.34220062, 4.61520924, 1.73255849,\n        2.95823403],\n       [0.53889012, 2.35958755, 4.31501111, 4.67374916, 1.76146104,\n        2.91543264],\n       [0.54517755, 2.34779958, 4.3262995 , 4.72551437, 1.71357007,\n        2.89396541],\n       [0.52034018, 2.42967759, 4.26233914, 4.73957735, 1.79457529,\n        2.94953736],\n       [0.51555614, 2.47915876, 4.25306398, 4.59696173, 1.79362162,\n        2.96901287]]), array([0.62330067, 0.62348533, 0.62359098, 0.62440679, 0.62444339,\n       0.62455656, 0.62465273]))", "callback": [0.8773942195628961, 0.8060711095490571, 0.7211997199005991, 0.6450777996379325, 0.6450777996379325, 0.6391790701657348, 0.6282765486161724, 0.6259844532951492, 0.6249877394034778]}, "4": {"maxiter": 500, "fatol": 1e-05, "xatol": 1e-05, "duration": 0.13026690483093262, "fun": "0.4745997951248905", "nit": "371", "nfev": "587", "status": "0", "success": "True", "message": "Optimization terminated successfully.", "x": "[1.77215394 2.69650332 4.08589397 4.91101648 1.73928827 2.8104387 ]", "final_simplex": "(array([[1.77215394, 2.69650332, 4.08589397, 4.91101648, 1.73928827,\n        2.8104387 ],\n       [1.77215054, 2.69650601, 4.08590168, 4.91101571, 1.73928965,\n        2.81043463],\n       [1.77214956, 2.6965074 , 4.08589604, 4.91101797, 1.73929399,\n        2.81044035],\n       [1.77215118, 2.69650993, 4.08590086, 4.91101604, 1.73928742,\n        2.81043779],\n       [1.77215914, 2.69650653, 4.08590084, 4.91101273, 1.7392929 ,\n        2.81043988],\n       [1.77215537, 2.69651043, 4.08589619, 4.91101506, 1.7392919 ,\n        2.81043589],\n       [1.77215476, 2.6965049 , 4.08589942, 4.91102264, 1.73929073,\n        2.81043166]]), array([0.4745998, 0.4745998, 0.4745998, 0.4745998, 0.4745998, 0.4745998,\n       0.4745998]))", "callback": [0.8773942195628961, 0.8060711095490571, 0.7211997199005991, 0.6450777996379325, 0.6450777996379325, 0.6391790701657348, 0.6282765486161724, 0.6259844532951492, 0.6249877394034778, 0.6232770569858511, 0.6168098164915408, 0.5951698444494662, 0.5569468693558183, 0.5481812536593842, 0.5323849524081293, 0.5188610599305521, 0.49435399552536097, 0.4807334275229165, 0.47635226962677324, 0.4753437342867852, 0.4747413411109439, 0.47464846818043527, 0.4746095253530588, 0.4746065377940152, 0.47460326498842254, 0.47460204106456516, 0.47460110287735024, 0.47460036301278063, 0.47460013147697633, 0.4745998957927948, 0.47459983698547703, 0.47459980237591615, 0.4745997962402131, 0.4745997957065209, 0.4745997952049852, 0.47459979514471673, 0.4745997951248905]}, "5": {"maxiter": 500, "fatol": 1e-05, "xatol": 1e-10, "duration": 0.17523813247680664, "fun": "0.47459979512067996", "nit": "461", "nfev": "795", "status": "0", "success": "True", "message": "Optimization terminated successfully.", "x": "[1.77215356 2.69650037 4.08589917 4.91101398 1.73928886 2.81043682]", "final_simplex": "(array([[1.77215356, 2.69650037, 4.08589917, 4.91101398, 1.73928886,\n        2.81043682],\n       [1.77215356, 2.69650037, 4.08589917, 4.91101398, 1.73928886,\n        2.81043682],\n       [1.77215356, 2.69650037, 4.08589917, 4.91101398, 1.73928886,\n        2.81043682],\n       [1.77215356, 2.69650037, 4.08589917, 4.91101398, 1.73928886,\n        2.81043682],\n       [1.77215356, 2.69650037, 4.08589917, 4.91101398, 1.73928886,\n        2.81043682],\n       [1.77215356, 2.69650037, 4.08589917, 4.91101398, 1.73928886,\n        2.81043682],\n       [1.77215356, 2.69650037, 4.08589917, 4.91101398, 1.73928886,\n        2.81043682]]), array([0.4745998, 0.4745998, 0.4745998, 0.4745998, 0.4745998, 0.4745998,\n       0.4745998]))", "callback": [0.8773942195628961, 0.8060711095490571, 0.7211997199005991, 0.6450777996379325, 0.6450777996379325, 0.6391790701657348, 0.6282765486161724, 0.6259844532951492, 0.6249877394034778, 0.6232770569858511, 0.6168098164915408, 0.5951698444494662, 0.5569468693558183, 0.5481812536593842, 0.5323849524081293, 0.5188610599305521, 0.49435399552536097, 0.4807334275229165, 0.47635226962677324, 0.4753437342867852, 0.4747413411109439, 0.47464846818043527, 0.4746095253530588, 0.4746065377940152, 0.47460326498842254, 0.47460204106456516, 0.47460110287735024, 0.47460036301278063, 0.47460013147697633, 0.4745998957927948, 0.47459983698547703, 0.47459980237591615, 0.4745997962402131, 0.4745997957065209, 0.4745997952049852, 0.47459979514471673, 0.4745997951248905, 0.47459979512162664, 0.4745997951209313, 0.4745997951207208, 0.47459979512069206, 0.47459979512068196, 0.4745997951206805, 0.4745997951206802, 0.47459979512067996, 0.47459979512067996]}, "6": {"maxiter": 500, "fatol": 1e-10, "xatol": 1e-05, "duration": 0.13266897201538086, "fun": "0.4745997951248905", "nit": "371", "nfev": "587", "status": "0", "success": "True", "message": "Optimization terminated successfully.", "x": "[1.77215394 2.69650332 4.08589397 4.91101648 1.73928827 2.8104387 ]", "final_simplex": "(array([[1.77215394, 2.69650332, 4.08589397, 4.91101648, 1.73928827,\n        2.8104387 ],\n       [1.77215054, 2.69650601, 4.08590168, 4.91101571, 1.73928965,\n        2.81043463],\n       [1.77214956, 2.6965074 , 4.08589604, 4.91101797, 1.73929399,\n        2.81044035],\n       [1.77215118, 2.69650993, 4.08590086, 4.91101604, 1.73928742,\n        2.81043779],\n       [1.77215914, 2.69650653, 4.08590084, 4.91101273, 1.7392929 ,\n        2.81043988],\n       [1.77215537, 2.69651043, 4.08589619, 4.91101506, 1.7392919 ,\n        2.81043589],\n       [1.77215476, 2.6965049 , 4.08589942, 4.91102264, 1.73929073,\n        2.81043166]]), array([0.4745998, 0.4745998, 0.4745998, 0.4745998, 0.4745998, 0.4745998,\n       0.4745998]))", "callback": [0.8773942195628961, 0.8060711095490571, 0.7211997199005991, 0.6450777996379325, 0.6450777996379325, 0.6391790701657348, 0.6282765486161724, 0.6259844532951492, 0.6249877394034778, 0.6232770569858511, 0.6168098164915408, 0.5951698444494662, 0.5569468693558183, 0.5481812536593842, 0.5323849524081293, 0.5188610599305521, 0.49435399552536097, 0.4807334275229165, 0.47635226962677324, 0.4753437342867852, 0.4747413411109439, 0.47464846818043527, 0.4746095253530588, 0.4746065377940152, 0.47460326498842254, 0.47460204106456516, 0.47460110287735024, 0.47460036301278063, 0.47460013147697633, 0.4745998957927948, 0.47459983698547703, 0.47459980237591615, 0.4745997962402131, 0.4745997957065209, 0.4745997952049852, 0.47459979514471673, 0.4745997951248905]}, "7": {"maxiter": 500, "fatol": 1e-10, "xatol": 1e-10, "duration": 0.2303478717803955, "fun": "0.47459979512067996", "nit": "461", "nfev": "795", "status": "0", "success": "True", "message": "Optimization terminated successfully.", "x": "[1.77215356 2.69650037 4.08589917 4.91101398 1.73928886 2.81043682]", "final_simplex": "(array([[1.77215356, 2.69650037, 4.08589917, 4.91101398, 1.73928886,\n        2.81043682],\n       [1.77215356, 2.69650037, 4.08589917, 4.91101398, 1.73928886,\n        2.81043682],\n       [1.77215356, 2.69650037, 4.08589917, 4.91101398, 1.73928886,\n        2.81043682],\n       [1.77215356, 2.69650037, 4.08589917, 4.91101398, 1.73928886,\n        2.81043682],\n       [1.77215356, 2.69650037, 4.08589917, 4.91101398, 1.73928886,\n        2.81043682],\n       [1.77215356, 2.69650037, 4.08589917, 4.91101398, 1.73928886,\n        2.81043682],\n       [1.77215356, 2.69650037, 4.08589917, 4.91101398, 1.73928886,\n        2.81043682]]), array([0.4745998, 0.4745998, 0.4745998, 0.4745998, 0.4745998, 0.4745998,\n       0.4745998]))", "callback": [0.8773942195628961, 0.8060711095490571, 0.7211997199005991, 0.6450777996379325, 0.6450777996379325, 0.6391790701657348, 0.6282765486161724, 0.6259844532951492, 0.6249877394034778, 0.6232770569858511, 0.6168098164915408, 0.5951698444494662, 0.5569468693558183, 0.5481812536593842, 0.5323849524081293, 0.5188610599305521, 0.49435399552536097, 0.4807334275229165, 0.47635226962677324, 0.4753437342867852, 0.4747413411109439, 0.47464846818043527, 0.4746095253530588, 0.4746065377940152, 0.47460326498842254, 0.47460204106456516, 0.47460110287735024, 0.47460036301278063, 0.47460013147697633, 0.4745998957927948, 0.47459983698547703, 0.47459980237591615, 0.4745997962402131, 0.4745997957065209, 0.4745997952049852, 0.47459979514471673, 0.4745997951248905, 0.47459979512162664, 0.4745997951209313, 0.4745997951207208, 0.47459979512069206, 0.47459979512068196, 0.4745997951206805, 0.4745997951206802, 0.47459979512067996, 0.47459979512067996]}, "8": {"maxiter": 1000, "fatol": 1e-05, "xatol": 1e-05, "duration": 0.13303399085998535, "fun": "0.4745997951248905", "nit": "371", "nfev": "587", "status": "0", "success": "True", "message": "Optimization terminated successfully.", "x": "[1.77215394 2.69650332 4.08589397 4.91101648 1.73928827 2.8104387 ]", "final_simplex": "(array([[1.77215394, 2.69650332, 4.08589397, 4.91101648, 1.73928827,\n        2.8104387 ],\n       [1.77215054, 2.69650601, 4.08590168, 4.91101571, 1.73928965,\n        2.81043463],\n       [1.77214956, 2.6965074 , 4.08589604, 4.91101797, 1.73929399,\n        2.81044035],\n       [1.77215118, 2.69650993, 4.08590086, 4.91101604, 1.73928742,\n        2.81043779],\n       [1.77215914, 2.69650653, 4.08590084, 4.91101273, 1.7392929 ,\n        2.81043988],\n       [1.77215537, 2.69651043, 4.08589619, 4.91101506, 1.7392919 ,\n        2.81043589],\n       [1.77215476, 2.6965049 , 4.08589942, 4.91102264, 1.73929073,\n        2.81043166]]), array([0.4745998, 0.4745998, 0.4745998, 0.4745998, 0.4745998, 0.4745998,\n       0.4745998]))", "callback": [0.8773942195628961, 0.8060711095490571, 0.7211997199005991, 0.6450777996379325, 0.6450777996379325, 0.6391790701657348, 0.6282765486161724, 0.6259844532951492, 0.6249877394034778, 0.6232770569858511, 0.6168098164915408, 0.5951698444494662, 0.5569468693558183, 0.5481812536593842, 0.5323849524081293, 0.5188610599305521, 0.49435399552536097, 0.4807334275229165, 0.47635226962677324, 0.4753437342867852, 0.4747413411109439, 0.47464846818043527, 0.4746095253530588, 0.4746065377940152, 0.47460326498842254, 0.47460204106456516, 0.47460110287735024, 0.47460036301278063, 0.47460013147697633, 0.4745998957927948, 0.47459983698547703, 0.47459980237591615, 0.4745997962402131, 0.4745997957065209, 0.4745997952049852, 0.47459979514471673, 0.4745997951248905]}, "9": {"maxiter": 1000, "fatol": 1e-05, "xatol": 1e-10, "duration": 0.18200278282165527, "fun": "0.47459979512067996", "nit": "461", "nfev": "795", "status": "0", "success": "True", "message": "Optimization terminated successfully.", "x": "[1.77215356 2.69650037 4.08589917 4.91101398 1.73928886 2.81043682]", "final_simplex": "(array([[1.77215356, 2.69650037, 4.08589917, 4.91101398, 1.73928886,\n        2.81043682],\n       [1.77215356, 2.69650037, 4.08589917, 4.91101398, 1.73928886,\n        2.81043682],\n       [1.77215356, 2.69650037, 4.08589917, 4.91101398, 1.73928886,\n        2.81043682],\n       [1.77215356, 2.69650037, 4.08589917, 4.91101398, 1.73928886,\n        2.81043682],\n       [1.77215356, 2.69650037, 4.08589917, 4.91101398, 1.73928886,\n        2.81043682],\n       [1.77215356, 2.69650037, 4.08589917, 4.91101398, 1.73928886,\n        2.81043682],\n       [1.77215356, 2.69650037, 4.08589917, 4.91101398, 1.73928886,\n        2.81043682]]), array([0.4745998, 0.4745998, 0.4745998, 0.4745998, 0.4745998, 0.4745998,\n       0.4745998]))", "callback": [0.8773942195628961, 0.8060711095490571, 0.7211997199005991, 0.6450777996379325, 0.6450777996379325, 0.6391790701657348, 0.6282765486161724, 0.6259844532951492, 0.6249877394034778, 0.6232770569858511, 0.6168098164915408, 0.5951698444494662, 0.5569468693558183, 0.5481812536593842, 0.5323849524081293, 0.5188610599305521, 0.49435399552536097, 0.4807334275229165, 0.47635226962677324, 0.4753437342867852, 0.4747413411109439, 0.47464846818043527, 0.4746095253530588, 0.4746065377940152, 0.47460326498842254, 0.47460204106456516, 0.47460110287735024, 0.47460036301278063, 0.47460013147697633, 0.4745998957927948, 0.47459983698547703, 0.47459980237591615, 0.4745997962402131, 0.4745997957065209, 0.4745997952049852, 0.47459979514471673, 0.4745997951248905, 0.47459979512162664, 0.4745997951209313, 0.4745997951207208, 0.47459979512069206, 0.47459979512068196, 0.4745997951206805, 0.4745997951206802, 0.47459979512067996, 0.47459979512067996]}, "10": {"maxiter": 1000, "fatol": 1e-10, "xatol": 1e-05, "duration": 0.15178799629211426, "fun": "0.4745997951248905", "nit": "371", "nfev": "587", "status": "0", "success": "True", "message": "Optimization terminated successfully.", "x": "[1.77215394 2.69650332 4.08589397 4.91101648 1.73928827 2.8104387 ]", "final_simplex": "(array([[1.77215394, 2.69650332, 4.08589397, 4.91101648, 1.73928827,\n        2.8104387 ],\n       [1.77215054, 2.69650601, 4.08590168, 4.91101571, 1.73928965,\n        2.81043463],\n       [1.77214956, 2.6965074 , 4.08589604, 4.91101797, 1.73929399,\n        2.81044035],\n       [1.77215118, 2.69650993, 4.08590086, 4.91101604, 1.73928742,\n        2.81043779],\n       [1.77215914, 2.69650653, 4.08590084, 4.91101273, 1.7392929 ,\n        2.81043988],\n       [1.77215537, 2.69651043, 4.08589619, 4.91101506, 1.7392919 ,\n        2.81043589],\n       [1.77215476, 2.6965049 , 4.08589942, 4.91102264, 1.73929073,\n        2.81043166]]), array([0.4745998, 0.4745998, 0.4745998, 0.4745998, 0.4745998, 0.4745998,\n       0.4745998]))", "callback": [0.8773942195628961, 0.8060711095490571, 0.7211997199005991, 0.6450777996379325, 0.6450777996379325, 0.6391790701657348, 0.6282765486161724, 0.6259844532951492, 0.6249877394034778, 0.6232770569858511, 0.6168098164915408, 0.5951698444494662, 0.5569468693558183, 0.5481812536593842, 0.5323849524081293, 0.5188610599305521, 0.49435399552536097, 0.4807334275229165, 0.47635226962677324, 0.4753437342867852, 0.4747413411109439, 0.47464846818043527, 0.4746095253530588, 0.4746065377940152, 0.47460326498842254, 0.47460204106456516, 0.47460110287735024, 0.47460036301278063, 0.47460013147697633, 0.4745998957927948, 0.47459983698547703, 0.47459980237591615, 0.4745997962402131, 0.4745997957065209, 0.4745997952049852, 0.47459979514471673, 0.4745997951248905]}, "11": {"maxiter": 1000, "fatol": 1e-10, "xatol": 1e-10, "duration": 0.18993210792541504, "fun": "0.47459979512067996", "nit": "461", "nfev": "795", "status": "0", "success": "True", "message": "Optimization terminated successfully.", "x": "[1.77215356 2.69650037 4.08589917 4.91101398 1.73928886 2.81043682]", "final_simplex": "(array([[1.77215356, 2.69650037, 4.08589917, 4.91101398, 1.73928886,\n        2.81043682],\n       [1.77215356, 2.69650037, 4.08589917, 4.91101398, 1.73928886,\n        2.81043682],\n       [1.77215356, 2.69650037, 4.08589917, 4.91101398, 1.73928886,\n        2.81043682],\n       [1.77215356, 2.69650037, 4.08589917, 4.91101398, 1.73928886,\n        2.81043682],\n       [1.77215356, 2.69650037, 4.08589917, 4.91101398, 1.73928886,\n        2.81043682],\n       [1.77215356, 2.69650037, 4.08589917, 4.91101398, 1.73928886,\n        2.81043682],\n       [1.77215356, 2.69650037, 4.08589917, 4.91101398, 1.73928886,\n        2.81043682]]), array([0.4745998, 0.4745998, 0.4745998, 0.4745998, 0.4745998, 0.4745998,\n       0.4745998]))", "callback": [0.8773942195628961, 0.8060711095490571, 0.7211997199005991, 0.6450777996379325, 0.6450777996379325, 0.6391790701657348, 0.6282765486161724, 0.6259844532951492, 0.6249877394034778, 0.6232770569858511, 0.6168098164915408, 0.5951698444494662, 0.5569468693558183, 0.5481812536593842, 0.5323849524081293, 0.5188610599305521, 0.49435399552536097, 0.4807334275229165, 0.47635226962677324, 0.4753437342867852, 0.4747413411109439, 0.47464846818043527, 0.4746095253530588, 0.4746065377940152, 0.47460326498842254, 0.47460204106456516, 0.47460110287735024, 0.47460036301278063, 0.47460013147697633, 0.4745998957927948, 0.47459983698547703, 0.47459980237591615, 0.4745997962402131, 0.4745997957065209, 0.4745997952049852, 0.47459979514471673, 0.4745997951248905, 0.47459979512162664, 0.4745997951209313, 0.4745997951207208, 0.47459979512069206, 0.47459979512068196, 0.4745997951206805, 0.4745997951206802, 0.47459979512067996, 0.47459979512067996]}}, "bfgs": {"type": "gradient", "0": {"maxiter": 100, "gtol": 1e-05, "xrtol": 1e-05, "eps": 1e-05, "duration": 0.05348515510559082, "fun": "0.5163329627476445", "jac": "[-1.30049305e-06 -9.65294511e-07  1.09273701e-06  1.07688303e-06\n  8.87068197e-09 -3.79229981e-07]", "hess_inv": "[[  5.09267654  -0.47334197   0.23486713  -0.24820328   2.60434898\n   -0.46616824]\n [ -0.47334197   7.75751904   2.71100769   0.47807472  -2.41380381\n    3.8844246 ]\n [  0.23486713   2.71100769   6.39156319   0.73423647  -0.95907377\n    2.45298792]\n [ -0.24820328   0.47807472   0.73423647   5.44528728  -0.79818624\n    1.54089483]\n [  2.60434898  -2.41380381  -0.95907377  -0.79818624  12.75861168\n  -10.48975515]\n [ -0.46616824   3.8844246    2.45298792   1.54089483 -10.48975515\n   16.64091049]]", "nfev": "224", "njev": "32", "status": "0", "success": "True", "message": "Optimization terminated successfully.", "x": "[-1.97760871  1.8240888   0.66750081  5.61354489  1.94127892  5.05406113]", "nit": "27", "callback": [0.5512881804975243, 0.5167027796248038]}, "1": {"maxiter": 100, "gtol": 1e-05, "xrtol": 1e-05, "eps": 1e-10, "duration": 0.052826881408691406, "fun": "0.5163329627315048", "jac": "[-3.33066880e-06 -3.33066880e-06  0.00000000e+00  0.00000000e+00\n -2.22044587e-06 -2.22044587e-06]", "hess_inv": "[[  5.05868347  -0.44143168   0.24027747  -0.20361797   2.57128209\n   -0.40001606]\n [ -0.44143168   7.8236441    2.75434272   0.50584892  -2.41562457\n    3.97662123]\n [  0.24027747   2.75434272   6.39982479   0.801232    -1.02109206\n    2.60469756]\n [ -0.20361797   0.50584892   0.801232     5.45825213  -0.86260237\n    1.64520031]\n [  2.57128209  -2.41562457  -1.02109206  -0.86260237  12.86189944\n  -10.65039949]\n [ -0.40001606   3.97662123   2.60469756   1.64520031 -10.65039949\n   16.96473276]]", "nfev": "224", "njev": "32", "status": "0", "success": "True", "message": "Optimization terminated successfully.", "x": "[-1.9776042   1.82409775  0.66750693  5.61355404  1.94127192  5.05407367]", "nit": "27", "callback": [0.5513683518495689, 0.5166876180273455]}, "2": {"maxiter": 100, "gtol": 1e-05, "xrtol": 1e-10, "eps": 1e-05, "duration": 0.05149698257446289, "fun": "0.5163329627476445", "jac": "[-1.30049305e-06 -9.65294511e-07  1.09273701e-06  1.07688303e-06\n  8.87068197e-09 -3.79229981e-07]", "hess_inv": "[[  5.09267654  -0.47334197   0.23486713  -0.24820328   2.60434898\n   -0.46616824]\n [ -0.47334197   7.75751904   2.71100769   0.47807472  -2.41380381\n    3.8844246 ]\n [  0.23486713   2.71100769   6.39156319   0.73423647  -0.95907377\n    2.45298792]\n [ -0.24820328   0.47807472   0.73423647   5.44528728  -0.79818624\n    1.54089483]\n [  2.60434898  -2.41380381  -0.95907377  -0.79818624  12.75861168\n  -10.48975515]\n [ -0.46616824   3.8844246    2.45298792   1.54089483 -10.48975515\n   16.64091049]]", "nfev": "224", "njev": "32", "status": "0", "success": "True", "message": "Optimization terminated successfully.", "x": "[-1.97760871  1.8240888   0.66750081  5.61354489  1.94127892  5.05406113]", "nit": "27", "callback": [0.5512881804975243, 0.5167027796248038]}, "3": {"maxiter": 100, "gtol": 1e-05, "xrtol": 1e-10, "eps": 1e-10, "duration": 0.05258321762084961, "fun": "0.5163329627315048", "jac": "[-3.33066880e-06 -3.33066880e-06  0.00000000e+00  0.00000000e+00\n -2.22044587e-06 -2.22044587e-06]", "hess_inv": "[[  5.05868347  -0.44143168   0.24027747  -0.20361797   2.57128209\n   -0.40001606]\n [ -0.44143168   7.8236441    2.75434272   0.50584892  -2.41562457\n    3.97662123]\n [  0.24027747   2.75434272   6.39982479   0.801232    -1.02109206\n    2.60469756]\n [ -0.20361797   0.50584892   0.801232     5.45825213  -0.86260237\n    1.64520031]\n [  2.57128209  -2.41562457  -1.02109206  -0.86260237  12.86189944\n  -10.65039949]\n [ -0.40001606   3.97662123   2.60469756   1.64520031 -10.65039949\n   16.96473276]]", "nfev": "224", "njev": "32", "status": "0", "success": "True", "message": "Optimization terminated successfully.", "x": "[-1.9776042   1.82409775  0.66750693  5.61355404  1.94127192  5.05407367]", "nit": "27", "callback": [0.5513683518495689, 0.5166876180273455]}, "4": {"maxiter": 100, "gtol": 1e-10, "xrtol": 1e-05, "eps": 1e-05, "duration": 0.05461311340332031, "fun": "0.5163329627293964", "jac": "[-3.69815290e-08 -6.08513240e-08  2.98649994e-08  1.23789867e-08\n -3.25517391e-08 -5.40456568e-08]", "hess_inv": "[[  5.23265439  -0.41672879   0.12554176  -0.4094054    2.58928164\n   -0.42731746]\n [ -0.41672879   7.65780636   2.62939664   0.36592306  -2.39592886\n    3.72418488]\n [  0.12554176   2.62939664   6.46554314   0.84581761  -0.93999556\n    2.36898035]\n [ -0.4094054    0.36592306   0.84581761   5.61295017  -0.77165521\n    1.42877058]\n [  2.58928164  -2.39592886  -0.93999556  -0.77165521  12.75554789\n  -10.45954023]\n [ -0.42731746   3.72418488   2.36898035   1.42877058 -10.45954023\n   16.39918995]]", "nfev": "231", "njev": "33", "status": "0", "success": "True", "message": "Optimization terminated successfully.", "x": "[-1.97760219  1.82409382  0.66749644  5.61353829  1.94127775  5.05406636]", "nit": "28", "callback": [0.5512881804975243, 0.5167027796248038]}, "5": {"maxiter": 100, "gtol": 1e-10, "xrtol": 1e-05, "eps": 1e-10, "duration": 0.058196306228637695, "fun": "0.5163329627152002", "jac": "[-1.11022293e-06  0.00000000e+00  0.00000000e+00  1.11022293e-06\n -1.11022293e-06 -1.11022293e-06]", "hess_inv": "[[  5.69445969  -0.36199384  -0.12043381  -0.71497691   2.69331668\n   -0.51386299]\n [ -0.36199384   7.19098631   2.08126611  -0.03604579  -2.43943299\n    3.21862306]\n [ -0.12043381   2.08126611   5.99071481   0.62419493  -1.12849934\n    1.94238735]\n [ -0.71497691  -0.03604579   0.62419493   5.51396691  -0.98980855\n    1.18349282]\n [  2.69331668  -2.43943299  -1.12849934  -0.98980855  12.88294963\n  -10.71745846]\n [ -0.51386299   3.21862306   1.94238735   1.18349282 -10.71745846\n   16.12422062]]", "nfev": "238", "njev": "34", "status": "0", "success": "True", "message": "Optimization terminated successfully.", "x": "[-1.97759709  1.82410545  0.66750955  5.61355339  1.9412737   5.05408028]", "nit": "28", "callback": [0.5513683518495689, 0.5166876180273455]}, "6": {"maxiter": 100, "gtol": 1e-10, "xrtol": 1e-10, "eps": 1e-05, "duration": 0.058210134506225586, "fun": "0.5163329627282282", "jac": "[-1.11022302e-11 -1.11022302e-11 -3.33066907e-11  1.11022302e-11\n  1.11022302e-11  0.00000000e+00]", "hess_inv": "[[  5.39059156  -0.09806494   0.41532353  -0.29996204   2.40076045\n   -0.03748579]\n [ -0.09806494   7.96052474   2.92835532   0.40226319  -2.63025452\n    4.08412995]\n [  0.41532353   2.92835532   6.90322646   0.97351728  -1.21016497\n    2.70474076]\n [ -0.29996204   0.40226319   0.97351728   5.62975558  -0.84916231\n    1.44845526]\n [  2.40076045  -2.63025452  -1.21016497  -0.84916231  12.93295724\n  -10.73454727]\n [ -0.03748579   4.08412995   2.70474076   1.44845526 -10.73454727\n   16.81887538]]", "nfev": "252", "njev": "36", "status": "0", "success": "True", "message": "Optimization terminated successfully.", "x": "[-1.97760194  1.82409435  0.66749652  5.61353826  1.94127757  5.05406708]", "nit": "31", "callback": [0.5512881804975243, 0.5167027796248038, 0.5163329627282314]}, "7": {"maxiter": 100, "gtol": 1e-10, "xrtol": 1e-10, "eps": 1e-10, "duration": 0.07523798942565918, "fun": "0.5163329627105078", "jac": "[0. 0. 0. 0. 0. 0.]", "hess_inv": "[[ 0.63388372 -0.47426328 -1.04207485 -0.39891394  0.5283396   0.71167285]\n [-0.47426328  0.74710865  0.9097295   0.10438498 -0.37709964 -0.64447421]\n [-1.04207485  0.9097295   1.7865842   0.59082322 -0.88094767 -1.24141714]\n [-0.39891394  0.10438498  0.59082322  0.34739829 -0.34189494 -0.39161637]\n [ 0.5283396  -0.37709964 -0.88094767 -0.34189494  0.4676698   0.60360072]\n [ 0.71167285 -0.64447421 -1.24141714 -0.39161637  0.60360072  0.87221304]]", "nfev": "322", "njev": "46", "status": "0", "success": "True", "message": "Optimization terminated successfully.", "x": "[-1.97758887  1.82410471  0.6675117   5.61354576  1.94128032  5.05408104]", "nit": "36", "callback": [0.5513683518495689, 0.5166876180273455, 0.5163329627134674]}, "8": {"maxiter": 500, "gtol": 1e-05, "xrtol": 1e-05, "eps": 1e-05, "duration": 0.05257701873779297, "fun": "0.5163329627476445", "jac": "[-1.30049305e-06 -9.65294511e-07  1.09273701e-06  1.07688303e-06\n  8.87068197e-09 -3.79229981e-07]", "hess_inv": "[[  5.09267654  -0.47334197   0.23486713  -0.24820328   2.60434898\n   -0.46616824]\n [ -0.47334197   7.75751904   2.71100769   0.47807472  -2.41380381\n    3.8844246 ]\n [  0.23486713   2.71100769   6.39156319   0.73423647  -0.95907377\n    2.45298792]\n [ -0.24820328   0.47807472   0.73423647   5.44528728  -0.79818624\n    1.54089483]\n [  2.60434898  -2.41380381  -0.95907377  -0.79818624  12.75861168\n  -10.48975515]\n [ -0.46616824   3.8844246    2.45298792   1.54089483 -10.48975515\n   16.64091049]]", "nfev": "224", "njev": "32", "status": "0", "success": "True", "message": "Optimization terminated successfully.", "x": "[-1.97760871  1.8240888   0.66750081  5.61354489  1.94127892  5.05406113]", "nit": "27", "callback": [0.5512881804975243, 0.5167027796248038]}, "9": {"maxiter": 500, "gtol": 1e-05, "xrtol": 1e-05, "eps": 1e-10, "duration": 0.05174660682678223, "fun": "0.5163329627315048", "jac": "[-3.33066880e-06 -3.33066880e-06  0.00000000e+00  0.00000000e+00\n -2.22044587e-06 -2.22044587e-06]", "hess_inv": "[[  5.05868347  -0.44143168   0.24027747  -0.20361797   2.57128209\n   -0.40001606]\n [ -0.44143168   7.8236441    2.75434272   0.50584892  -2.41562457\n    3.97662123]\n [  0.24027747   2.75434272   6.39982479   0.801232    -1.02109206\n    2.60469756]\n [ -0.20361797   0.50584892   0.801232     5.45825213  -0.86260237\n    1.64520031]\n [  2.57128209  -2.41562457  -1.02109206  -0.86260237  12.86189944\n  -10.65039949]\n [ -0.40001606   3.97662123   2.60469756   1.64520031 -10.65039949\n   16.96473276]]", "nfev": "224", "njev": "32", "status": "0", "success": "True", "message": "Optimization terminated successfully.", "x": "[-1.9776042   1.82409775  0.66750693  5.61355404  1.94127192  5.05407367]", "nit": "27", "callback": [0.5513683518495689, 0.5166876180273455]}, "10": {"maxiter": 500, "gtol": 1e-05, "xrtol": 1e-10, "eps": 1e-05, "duration": 0.05058097839355469, "fun": "0.5163329627476445", "jac": "[-1.30049305e-06 -9.65294511e-07  1.09273701e-06  1.07688303e-06\n  8.87068197e-09 -3.79229981e-07]", "hess_inv": "[[  5.09267654  -0.47334197   0.23486713  -0.24820328   2.60434898\n   -0.46616824]\n [ -0.47334197   7.75751904   2.71100769   0.47807472  -2.41380381\n    3.8844246 ]\n [  0.23486713   2.71100769   6.39156319   0.73423647  -0.95907377\n    2.45298792]\n [ -0.24820328   0.47807472   0.73423647   5.44528728  -0.79818624\n    1.54089483]\n [  2.60434898  -2.41380381  -0.95907377  -0.79818624  12.75861168\n  -10.48975515]\n [ -0.46616824   3.8844246    2.45298792   1.54089483 -10.48975515\n   16.64091049]]", "nfev": "224", "njev": "32", "status": "0", "success": "True", "message": "Optimization terminated successfully.", "x": "[-1.97760871  1.8240888   0.66750081  5.61354489  1.94127892  5.05406113]", "nit": "27", "callback": [0.5512881804975243, 0.5167027796248038]}, "11": {"maxiter": 500, "gtol": 1e-05, "xrtol": 1e-10, "eps": 1e-10, "duration": 0.051466941833496094, "fun": "0.5163329627315048", "jac": "[-3.33066880e-06 -3.33066880e-06  0.00000000e+00  0.00000000e+00\n -2.22044587e-06 -2.22044587e-06]", "hess_inv": "[[  5.05868347  -0.44143168   0.24027747  -0.20361797   2.57128209\n   -0.40001606]\n [ -0.44143168   7.8236441    2.75434272   0.50584892  -2.41562457\n    3.97662123]\n [  0.24027747   2.75434272   6.39982479   0.801232    -1.02109206\n    2.60469756]\n [ -0.20361797   0.50584892   0.801232     5.45825213  -0.86260237\n    1.64520031]\n [  2.57128209  -2.41562457  -1.02109206  -0.86260237  12.86189944\n  -10.65039949]\n [ -0.40001606   3.97662123   2.60469756   1.64520031 -10.65039949\n   16.96473276]]", "nfev": "224", "njev": "32", "status": "0", "success": "True", "message": "Optimization terminated successfully.", "x": "[-1.9776042   1.82409775  0.66750693  5.61355404  1.94127192  5.05407367]", "nit": "27", "callback": [0.5513683518495689, 0.5166876180273455]}, "12": {"maxiter": 500, "gtol": 1e-10, "xrtol": 1e-05, "eps": 1e-05, "duration": 0.05206894874572754, "fun": "0.5163329627293964", "jac": "[-3.69815290e-08 -6.08513240e-08  2.98649994e-08  1.23789867e-08\n -3.25517391e-08 -5.40456568e-08]", "hess_inv": "[[  5.23265439  -0.41672879   0.12554176  -0.4094054    2.58928164\n   -0.42731746]\n [ -0.41672879   7.65780636   2.62939664   0.36592306  -2.39592886\n    3.72418488]\n [  0.12554176   2.62939664   6.46554314   0.84581761  -0.93999556\n    2.36898035]\n [ -0.4094054    0.36592306   0.84581761   5.61295017  -0.77165521\n    1.42877058]\n [  2.58928164  -2.39592886  -0.93999556  -0.77165521  12.75554789\n  -10.45954023]\n [ -0.42731746   3.72418488   2.36898035   1.42877058 -10.45954023\n   16.39918995]]", "nfev": "231", "njev": "33", "status": "0", "success": "True", "message": "Optimization terminated successfully.", "x": "[-1.97760219  1.82409382  0.66749644  5.61353829  1.94127775  5.05406636]", "nit": "28", "callback": [0.5512881804975243, 0.5167027796248038]}, "13": {"maxiter": 500, "gtol": 1e-10, "xrtol": 1e-05, "eps": 1e-10, "duration": 0.055373191833496094, "fun": "0.5163329627152002", "jac": "[-1.11022293e-06  0.00000000e+00  0.00000000e+00  1.11022293e-06\n -1.11022293e-06 -1.11022293e-06]", "hess_inv": "[[  5.69445969  -0.36199384  -0.12043381  -0.71497691   2.69331668\n   -0.51386299]\n [ -0.36199384   7.19098631   2.08126611  -0.03604579  -2.43943299\n    3.21862306]\n [ -0.12043381   2.08126611   5.99071481   0.62419493  -1.12849934\n    1.94238735]\n [ -0.71497691  -0.03604579   0.62419493   5.51396691  -0.98980855\n    1.18349282]\n [  2.69331668  -2.43943299  -1.12849934  -0.98980855  12.88294963\n  -10.71745846]\n [ -0.51386299   3.21862306   1.94238735   1.18349282 -10.71745846\n   16.12422062]]", "nfev": "238", "njev": "34", "status": "0", "success": "True", "message": "Optimization terminated successfully.", "x": "[-1.97759709  1.82410545  0.66750955  5.61355339  1.9412737   5.05408028]", "nit": "28", "callback": [0.5513683518495689, 0.5166876180273455]}, "14": {"maxiter": 500, "gtol": 1e-10, "xrtol": 1e-10, "eps": 1e-05, "duration": 0.05781102180480957, "fun": "0.5163329627282282", "jac": "[-1.11022302e-11 -1.11022302e-11 -3.33066907e-11  1.11022302e-11\n  1.11022302e-11  0.00000000e+00]", "hess_inv": "[[  5.39059156  -0.09806494   0.41532353  -0.29996204   2.40076045\n   -0.03748579]\n [ -0.09806494   7.96052474   2.92835532   0.40226319  -2.63025452\n    4.08412995]\n [  0.41532353   2.92835532   6.90322646   0.97351728  -1.21016497\n    2.70474076]\n [ -0.29996204   0.40226319   0.97351728   5.62975558  -0.84916231\n    1.44845526]\n [  2.40076045  -2.63025452  -1.21016497  -0.84916231  12.93295724\n  -10.73454727]\n [ -0.03748579   4.08412995   2.70474076   1.44845526 -10.73454727\n   16.81887538]]", "nfev": "252", "njev": "36", "status": "0", "success": "True", "message": "Optimization terminated successfully.", "x": "[-1.97760194  1.82409435  0.66749652  5.61353826  1.94127757  5.05406708]", "nit": "31", "callback": [0.5512881804975243, 0.5167027796248038, 0.5163329627282314]}, "15": {"maxiter": 500, "gtol": 1e-10, "xrtol": 1e-10, "eps": 1e-10, "duration": 0.07350587844848633, "fun": "0.5163329627105078", "jac": "[0. 0. 0. 0. 0. 0.]", "hess_inv": "[[ 0.63388372 -0.47426328 -1.04207485 -0.39891394  0.5283396   0.71167285]\n [-0.47426328  0.74710865  0.9097295   0.10438498 -0.37709964 -0.64447421]\n [-1.04207485  0.9097295   1.7865842   0.59082322 -0.88094767 -1.24141714]\n [-0.39891394  0.10438498  0.59082322  0.34739829 -0.34189494 -0.39161637]\n [ 0.5283396  -0.37709964 -0.88094767 -0.34189494  0.4676698   0.60360072]\n [ 0.71167285 -0.64447421 -1.24141714 -0.39161637  0.60360072  0.87221304]]", "nfev": "322", "njev": "46", "status": "0", "success": "True", "message": "Optimization terminated successfully.", "x": "[-1.97758887  1.82410471  0.6675117   5.61354576  1.94128032  5.05408104]", "nit": "36", "callback": [0.5513683518495689, 0.5166876180273455, 0.5163329627134674]}, "16": {"maxiter": 1000, "gtol": 1e-05, "xrtol": 1e-05, "eps": 1e-05, "duration": 0.05151009559631348, "fun": "0.5163329627476445", "jac": "[-1.30049305e-06 -9.65294511e-07  1.09273701e-06  1.07688303e-06\n  8.87068197e-09 -3.79229981e-07]", "hess_inv": "[[  5.09267654  -0.47334197   0.23486713  -0.24820328   2.60434898\n   -0.46616824]\n [ -0.47334197   7.75751904   2.71100769   0.47807472  -2.41380381\n    3.8844246 ]\n [  0.23486713   2.71100769   6.39156319   0.73423647  -0.95907377\n    2.45298792]\n [ -0.24820328   0.47807472   0.73423647   5.44528728  -0.79818624\n    1.54089483]\n [  2.60434898  -2.41380381  -0.95907377  -0.79818624  12.75861168\n  -10.48975515]\n [ -0.46616824   3.8844246    2.45298792   1.54089483 -10.48975515\n   16.64091049]]", "nfev": "224", "njev": "32", "status": "0", "success": "True", "message": "Optimization terminated successfully.", "x": "[-1.97760871  1.8240888   0.66750081  5.61354489  1.94127892  5.05406113]", "nit": "27", "callback": [0.5512881804975243, 0.516702