{"date": "2024/09/24/, 05:59:48", "conf_id": 296, "data_type": "var_s_rank\n", "num_data_points": 3, "s_rank": 0, "unitary": "[[-0.56303964-0.00798273j,-0.21670212-0.15784972j,-0.06047197-0.73952673j,-0.01438004+0.24552571j],[-0.06976756+0.23474685j,-0.01275565-0.5435098j,-0.02703657-0.08917885j,-0.08210486-0.79311774j],[-0.38559961+0.10714929j,0.5933431-0.2687392j,-0.24060861+0.29149289j,-0.45147719+0.26241743j],[-0.50180421+0.45931857j,-0.11617175+0.44134496j,0.49642745+0.22684508j,-0.08544628-0.15407063j]]", "databatch_0": {"databatch": "[[[-0.29196982-0.24811495j,-0.1409524-0.03604546j,-0.13613331-0.16950996j,0.18777828-0.02026723j],[-0.17337115-0.02429138j,-0.31121608+0.18519762j,0.25754802+0.184028j,-0.23090329+0.12792461j],[-0.12869207+0.02533415j,-0.04379106-0.06088411j,-0.27868726+0.17720863j,-0.06512824+0.22678169j],[-0.21128717+0.20082618j,0.06156038-0.36393471j,-0.0047962-0.00284701j,0.03144508-0.08722529j]],[[0.06209473+0.30018387j,0.15833891+0.1000541j,-0.13197333+0.00958242j,0.13260259+0.1644849j],[0.00485271-0.27375559j,0.05715049-0.05463873j,0.28847873+0.17910185j,0.1683628+0.39038095j],[0.18103703+0.22954817j,-0.33859464-0.09473264j,0.09849959+0.05392646j,-0.12628148+0.10551347j],[0.0286474+0.23303026j,-0.15074317-0.04227608j,-0.19001047+0.0432814j,0.04105254-0.25193552j]],[[-0.01761755+0.20400188j,0.04990124+0.25857459j,-0.03893197+0.15804789j,-0.23223303-0.08967005j],[0.01032815+0.18666514j,0.12542083+0.18023642j,0.23279219-0.42458015j,-0.24721356+0.18285381j],[-0.12461466-0.09643279j,0.09360033-0.39381215j,-0.11420862+0.03122088j,0.06304481-0.00209304j],[-0.04158649+0.01897865j,-0.04823797+0.11150488j,0.18942442-0.09567333j,0.13444665-0.31849997j]]]", "initial param values": "[1.38618973,5.99775635,5.0737136,3.93364832,4.02036532,4.69038967]", "nelder_mead": {"type": "gradient-free", "0": {"maxiter": 100, "fatol": 1e-05, "xatol": 1e-05, "duration": 0.038420915603637695, "fun": "0.5637613835139117", "nit": "100", "nfev": "159", "status": "2", "success": "False", "message": "Maximum number of iterations has been exceeded.", "x": "[1.03215439 6.26219553 6.5720359  4.17449135 3.46467599 2.07527331]", "final_simplex": "(array([[1.03215439, 6.26219553, 6.5720359 , 4.17449135, 3.46467599,\n        2.07527331],\n       [1.02523698, 6.30391208, 6.53651906, 4.22513758, 3.50171127,\n        2.09414438],\n       [1.03684657, 6.26909663, 6.57086505, 4.17822387, 3.52161032,\n        2.07791425],\n       [1.06544913, 6.29240642, 6.53811739, 4.13525286, 3.53538315,\n        2.11998535],\n       [1.06680319, 6.34535609, 6.54622982, 4.17188   , 3.52521956,\n        2.1018532 ],\n       [1.02879388, 6.30012783, 6.49580744, 4.14795066, 3.55272999,\n        2.07852396],\n       [1.06195377, 6.27756917, 6.54448701, 4.18332428, 3.47009989,\n        2.08990819]]), array([0.56376138, 0.5638302 , 0.56387586, 0.56391086, 0.56392694,\n       0.56398839, 0.56412864]))", "callback": [0.6852323610485368, 0.6152178450506676, 0.5949826659512827, 0.5844315509188482, 0.5767053443988202, 0.5674865950263168, 0.566545627825854, 0.5654229361966194, 0.5638758580468441]}, "1": {"maxiter": 100, "fatol": 1e-05, "xatol": 1e-10, "duration": 0.03556108474731445, "fun": "0.5637613835139117", "nit": "100", "nfev": "159", "status": "2", "success": "False", "message": "Maximum number of iterations has been exceeded.", "x": "[1.03215439 6.26219553 6.5720359  4.17449135 3.46467599 2.07527331]", "final_simplex": "(array([[1.03215439, 6.26219553, 6.5720359 , 4.17449135, 3.46467599,\n        2.07527331],\n       [1.02523698, 6.30391208, 6.53651906, 4.22513758, 3.50171127,\n        2.09414438],\n       [1.03684657, 6.26909663, 6.57086505, 4.17822387, 3.52161032,\n        2.07791425],\n       [1.06544913, 6.29240642, 6.53811739, 4.13525286, 3.53538315,\n        2.11998535],\n       [1.06680319, 6.34535609, 6.54622982, 4.17188   , 3.52521956,\n        2.1018532 ],\n       [1.02879388, 6.30012783, 6.49580744, 4.14795066, 3.55272999,\n        2.07852396],\n       [1.06195377, 6.27756917, 6.54448701, 4.18332428, 3.47009989,\n        2.08990819]]), array([0.56376138, 0.5638302 , 0.56387586, 0.56391086, 0.56392694,\n       0.56398839, 0.56412864]))", "callback": [0.6852323610485368, 0.6152178450506676, 0.5949826659512827, 0.5844315509188482, 0.5767053443988202, 0.5674865950263168, 0.566545627825854, 0.5654229361966194, 0.5638758580468441]}, "2": {"maxiter": 100, "fatol": 1e-10, "xatol": 1e-05, "duration": 0.036109209060668945, "fun": "0.5637613835139117", "nit": "100", "nfev": "159", "status": "2", "success": "False", "message": "Maximum number of iterations has been exceeded.", "x": "[1.03215439 6.26219553 6.5720359  4.17449135 3.46467599 2.07527331]", "final_simplex": "(array([[1.03215439, 6.26219553, 6.5720359 , 4.17449135, 3.46467599,\n        2.07527331],\n       [1.02523698, 6.30391208, 6.53651906, 4.22513758, 3.50171127,\n        2.09414438],\n       [1.03684657, 6.26909663, 6.57086505, 4.17822387, 3.52161032,\n        2.07791425],\n       [1.06544913, 6.29240642, 6.53811739, 4.13525286, 3.53538315,\n        2.11998535],\n       [1.06680319, 6.34535609, 6.54622982, 4.17188   , 3.52521956,\n        2.1018532 ],\n       [1.02879388, 6.30012783, 6.49580744, 4.14795066, 3.55272999,\n        2.07852396],\n       [1.06195377, 6.27756917, 6.54448701, 4.18332428, 3.47009989,\n        2.08990819]]), array([0.56376138, 0.5638302 , 0.56387586, 0.56391086, 0.56392694,\n       0.56398839, 0.56412864]))", "callback": [0.6852323610485368, 0.6152178450506676, 0.5949826659512827, 0.5844315509188482, 0.5767053443988202, 0.5674865950263168, 0.566545627825854, 0.5654229361966194, 0.5638758580468441]}, "3": {"maxiter": 100, "fatol": 1e-10, "xatol": 1e-10, "duration": 0.037870168685913086, "fun": "0.5637613835139117", "nit": "100", "nfev": "159", "status": "2", "success": "False", "message": "Maximum number of iterations has been exceeded.", "x": "[1.03215439 6.26219553 6.5720359  4.17449135 3.46467599 2.07527331]", "final_simplex": "(array([[1.03215439, 6.26219553, 6.5720359 , 4.17449135, 3.46467599,\n        2.07527331],\n       [1.02523698, 6.30391208, 6.53651906, 4.22513758, 3.50171127,\n        2.09414438],\n       [1.03684657, 6.26909663, 6.57086505, 4.17822387, 3.52161032,\n        2.07791425],\n       [1.06544913, 6.29240642, 6.53811739, 4.13525286, 3.53538315,\n        2.11998535],\n       [1.06680319, 6.34535609, 6.54622982, 4.17188   , 3.52521956,\n        2.1018532 ],\n       [1.02879388, 6.30012783, 6.49580744, 4.14795066, 3.55272999,\n        2.07852396],\n       [1.06195377, 6.27756917, 6.54448701, 4.18332428, 3.47009989,\n        2.08990819]]), array([0.56376138, 0.5638302 , 0.56387586, 0.56391086, 0.56392694,\n       0.56398839, 0.56412864]))", "callback": [0.6852323610485368, 0.6152178450506676, 0.5949826659512827, 0.5844315509188482, 0.5767053443988202, 0.5674865950263168, 0.566545627825854, 0.5654229361966194, 0.5638758580468441]}, "4": {"maxiter": 500, "fatol": 1e-05, "xatol": 1e-05, "duration": 0.09610581398010254, "fun": "0.5630828205582727", "nit": "260", "nfev": "429", "status": "0", "success": "True", "message": "Optimization terminated successfully.", "x": "[0.98085243 6.34652389 6.51008951 4.17431243 3.55510846 2.13878801]", "final_simplex": "(array([[0.98085243, 6.34652389, 6.51008951, 4.17431243, 3.55510846,\n        2.13878801],\n       [0.98085688, 6.3465226 , 6.51009075, 4.17430869, 3.55510887,\n        2.13879075],\n       [0.98085532, 6.34651873, 6.51009503, 4.17430724, 3.55510452,\n        2.13878692],\n       [0.98086002, 6.34651997, 6.51009193, 4.17430492, 3.5551035 ,\n        2.13878642],\n       [0.98085632, 6.34651523, 6.51009371, 4.17430997, 3.55510494,\n        2.13878362],\n       [0.98085597, 6.34651781, 6.51008966, 4.17430497, 3.55511003,\n        2.13879301],\n       [0.98085519, 6.3465145 , 6.51009416, 4.17430943, 3.55510224,\n        2.13878984]]), array([0.56308282, 0.56308282, 0.56308282, 0.56308282, 0.56308282,\n       0.56308282, 0.56308282]))", "callback": [0.6852323610485368, 0.6152178450506676, 0.5949826659512827, 0.5844315509188482, 0.5767053443988202, 0.5674865950263168, 0.566545627825854, 0.5654229361966194, 0.5638758580468441, 0.5636391681196957, 0.5634671131990452, 0.563227491881632, 0.5631238545818544, 0.5630899675545171, 0.5630867454002333, 0.5630843663530318, 0.5630831649408139, 0.5630830008594816, 0.5630828772933512, 0.5630828391269833, 0.5630828231112508, 0.5630828210371781, 0.563082820703279, 0.5630828206068963, 0.5630828205634106, 0.5630828205582727]}, "5": {"maxiter": 500, "fatol": 1e-05, "xatol": 1e-10, "duration": 0.14879417419433594, "fun": "0.5630828205553275", "nit": "366", "nfev": "671", "status": "0", "success": "True", "message": "Optimization terminated successfully.", "x": "[0.98085506 6.34652211 6.51008777 4.17430764 3.55510777 2.13878742]", "final_simplex": "(array([[0.98085506, 6.34652211, 6.51008777, 4.17430764, 3.55510777,\n        2.13878742],\n       [0.98085506, 6.34652211, 6.51008777, 4.17430764, 3.55510777,\n        2.13878742],\n       [0.98085506, 6.34652211, 6.51008777, 4.17430764, 3.55510777,\n        2.13878742],\n       [0.98085506, 6.34652211, 6.51008777, 4.17430764, 3.55510777,\n        2.13878742],\n       [0.98085506, 6.34652211, 6.51008777, 4.17430764, 3.55510777,\n        2.13878742],\n       [0.98085506, 6.34652211, 6.51008777, 4.17430764, 3.55510777,\n        2.13878742],\n       [0.98085506, 6.34652211, 6.51008777, 4.17430764, 3.55510777,\n        2.13878742]]), array([0.56308282, 0.56308282, 0.56308282, 0.56308282, 0.56308282,\n       0.56308282, 0.56308282]))", "callback": [0.6852323610485368, 0.6152178450506676, 0.5949826659512827, 0.5844315509188482, 0.5767053443988202, 0.5674865950263168, 0.566545627825854, 0.5654229361966194, 0.5638758580468441, 0.5636391681196957, 0.5634671131990452, 0.563227491881632, 0.5631238545818544, 0.5630899675545171, 0.5630867454002333, 0.5630843663530318, 0.5630831649408139, 0.5630830008594816, 0.5630828772933512, 0.5630828391269833, 0.5630828231112508, 0.5630828210371781, 0.563082820703279, 0.5630828206068963, 0.5630828205634106, 0.5630828205582727, 0.5630828205560594, 0.5630828205556482, 0.5630828205554139, 0.5630828205553637, 0.5630828205553371, 0.5630828205553324, 0.5630828205553282, 0.5630828205553278, 0.5630828205553275, 0.5630828205553275]}, "6": {"maxiter": 500, "fatol": 1e-10, "xatol": 1e-05, "duration": 0.09535884857177734, "fun": "0.5630828205582727", "nit": "260", "nfev": "429", "status": "0", "success": "True", "message": "Optimization terminated successfully.", "x": "[0.98085243 6.34652389 6.51008951 4.17431243 3.55510846 2.13878801]", "final_simplex": "(array([[0.98085243, 6.34652389, 6.51008951, 4.17431243, 3.55510846,\n        2.13878801],\n       [0.98085688, 6.3465226 , 6.51009075, 4.17430869, 3.55510887,\n        2.13879075],\n       [0.98085532, 6.34651873, 6.51009503, 4.17430724, 3.55510452,\n        2.13878692],\n       [0.98086002, 6.34651997, 6.51009193, 4.17430492, 3.5551035 ,\n        2.13878642],\n       [0.98085632, 6.34651523, 6.51009371, 4.17430997, 3.55510494,\n        2.13878362],\n       [0.98085597, 6.34651781, 6.51008966, 4.17430497, 3.55511003,\n        2.13879301],\n       [0.98085519, 6.3465145 , 6.51009416, 4.17430943, 3.55510224,\n        2.13878984]]), array([0.56308282, 0.56308282, 0.56308282, 0.56308282, 0.56308282,\n       0.56308282, 0.56308282]))", "callback": [0.6852323610485368, 0.6152178450506676, 0.5949826659512827, 0.5844315509188482, 0.5767053443988202, 0.5674865950263168, 0.566545627825854, 0.5654229361966194, 0.5638758580468441, 0.5636391681196957, 0.5634671131990452, 0.563227491881632, 0.5631238545818544, 0.5630899675545171, 0.5630867454002333, 0.5630843663530318, 0.5630831649408139, 0.5630830008594816, 0.5630828772933512, 0.5630828391269833, 0.5630828231112508, 0.5630828210371781, 0.563082820703279, 0.5630828206068963, 0.5630828205634106, 0.5630828205582727]}, "7": {"maxiter": 500, "fatol": 1e-10, "xatol": 1e-10, "duration": 0.14907121658325195, "fun": "0.5630828205553275", "nit": "366", "nfev": "671", "status": "0", "success": "True", "message": "Optimization terminated successfully.", "x": "[0.98085506 6.34652211 6.51008777 4.17430764 3.55510777 2.13878742]", "final_simplex": "(array([[0.98085506, 6.34652211, 6.51008777, 4.17430764, 3.55510777,\n        2.13878742],\n       [0.98085506, 6.34652211, 6.51008777, 4.17430764, 3.55510777,\n        2.13878742],\n       [0.98085506, 6.34652211, 6.51008777, 4.17430764, 3.55510777,\n        2.13878742],\n       [0.98085506, 6.34652211, 6.51008777, 4.17430764, 3.55510777,\n        2.13878742],\n       [0.98085506, 6.34652211, 6.51008777, 4.17430764, 3.55510777,\n        2.13878742],\n       [0.98085506, 6.34652211, 6.51008777, 4.17430764, 3.55510777,\n        2.13878742],\n       [0.98085506, 6.34652211, 6.51008777, 4.17430764, 3.55510777,\n        2.13878742]]), array([0.56308282, 0.56308282, 0.56308282, 0.56308282, 0.56308282,\n       0.56308282, 0.56308282]))", "callback": [0.6852323610485368, 0.6152178450506676, 0.5949826659512827, 0.5844315509188482, 0.5767053443988202, 0.5674865950263168, 0.566545627825854, 0.5654229361966194, 0.5638758580468441, 0.5636391681196957, 0.5634671131990452, 0.563227491881632, 0.5631238545818544, 0.5630899675545171, 0.5630867454002333, 0.5630843663530318, 0.5630831649408139, 0.5630830008594816, 0.5630828772933512, 0.5630828391269833, 0.5630828231112508, 0.5630828210371781, 0.563082820703279, 0.5630828206068963, 0.5630828205634106, 0.5630828205582727, 0.5630828205560594, 0.5630828205556482, 0.5630828205554139, 0.5630828205553637, 0.5630828205553371, 0.5630828205553324, 0.5630828205553282, 0.5630828205553278, 0.5630828205553275, 0.5630828205553275]}, "8": {"maxiter": 1000, "fatol": 1e-05, "xatol": 1e-05, "duration": 0.10993099212646484, "fun": "0.5630828205582727", "nit": "260", "nfev": "429", "status": "0", "success": "True", "message": "Optimization terminated successfully.", "x": "[0.98085243 6.34652389 6.51008951 4.17431243 3.55510846 2.13878801]", "final_simplex": "(array([[0.98085243, 6.34652389, 6.51008951, 4.17431243, 3.55510846,\n        2.13878801],\n       [0.98085688, 6.3465226 , 6.51009075, 4.17430869, 3.55510887,\n        2.13879075],\n       [0.98085532, 6.34651873, 6.51009503, 4.17430724, 3.55510452,\n        2.13878692],\n       [0.98086002, 6.34651997, 6.51009193, 4.17430492, 3.5551035 ,\n        2.13878642],\n       [0.98085632, 6.34651523, 6.51009371, 4.17430997, 3.55510494,\n        2.13878362],\n       [0.98085597, 6.34651781, 6.51008966, 4.17430497, 3.55511003,\n        2.13879301],\n       [0.98085519, 6.3465145 , 6.51009416, 4.17430943, 3.55510224,\n        2.13878984]]), array([0.56308282, 0.56308282, 0.56308282, 0.56308282, 0.56308282,\n       0.56308282, 0.56308282]))", "callback": [0.6852323610485368, 0.6152178450506676, 0.5949826659512827, 0.5844315509188482, 0.5767053443988202, 0.5674865950263168, 0.566545627825854, 0.5654229361966194, 0.5638758580468441, 0.5636391681196957, 0.5634671131990452, 0.563227491881632, 0.5631238545818544, 0.5630899675545171, 0.5630867454002333, 0.5630843663530318, 0.5630831649408139, 0.5630830008594816, 0.5630828772933512, 0.5630828391269833, 0.5630828231112508, 0.5630828210371781, 0.563082820703279, 0.5630828206068963, 0.5630828205634106, 0.5630828205582727]}, "9": {"maxiter": 1000, "fatol": 1e-05, "xatol": 1e-10, "duration": 0.15178227424621582, "fun": "0.5630828205553275", "nit": "366", "nfev": "671", "status": "0", "success": "True", "message": "Optimization terminated successfully.", "x": "[0.98085506 6.34652211 6.51008777 4.17430764 3.55510777 2.13878742]", "final_simplex": "(array([[0.98085506, 6.34652211, 6.51008777, 4.17430764, 3.55510777,\n        2.13878742],\n       [0.98085506, 6.34652211, 6.51008777, 4.17430764, 3.55510777,\n        2.13878742],\n       [0.98085506, 6.34652211, 6.51008777, 4.17430764, 3.55510777,\n        2.13878742],\n       [0.98085506, 6.34652211, 6.51008777, 4.17430764, 3.55510777,\n        2.13878742],\n       [0.98085506, 6.34652211, 6.51008777, 4.17430764, 3.55510777,\n        2.13878742],\n       [0.98085506, 6.34652211, 6.51008777, 4.17430764, 3.55510777,\n        2.13878742],\n       [0.98085506, 6.34652211, 6.51008777, 4.17430764, 3.55510777,\n        2.13878742]]), array([0.56308282, 0.56308282, 0.56308282, 0.56308282, 0.56308282,\n       0.56308282, 0.56308282]))", "callback": [0.6852323610485368, 0.6152178450506676, 0.5949826659512827, 0.5844315509188482, 0.5767053443988202, 0.5674865950263168, 0.566545627825854, 0.5654229361966194, 0.5638758580468441, 0.5636391681196957, 0.5634671131990452, 0.563227491881632, 0.5631238545818544, 0.5630899675545171, 0.5630867454002333, 0.5630843663530318, 0.5630831649408139, 0.5630830008594816, 0.5630828772933512, 0.5630828391269833, 0.5630828231112508, 0.5630828210371781, 0.563082820703279, 0.5630828206068963, 0.5630828205634106, 0.5630828205582727, 0.5630828205560594, 0.5630828205556482, 0.5630828205554139, 0.5630828205553637, 0.5630828205553371, 0.5630828205553324, 0.5630828205553282, 0.5630828205553278, 0.5630828205553275, 0.5630828205553275]}, "10": {"maxiter": 1000, "fatol": 1e-10, "xatol": 1e-05, "duration": 0.0953371524810791, "fun": "0.5630828205582727", "nit": "260", "nfev": "429", "status": "0", "success": "True", "message": "Optimization terminated successfully.", "x": "[0.98085243 6.34652389 6.51008951 4.17431243 3.55510846 2.13878801]", "final_simplex": "(array([[0.98085243, 6.34652389, 6.51008951, 4.17431243, 3.55510846,\n        2.13878801],\n       [0.98085688, 6.3465226 , 6.51009075, 4.17430869, 3.55510887,\n        2.13879075],\n       [0.98085532, 6.34651873, 6.51009503, 4.17430724, 3.55510452,\n        2.13878692],\n       [0.98086002, 6.34651997, 6.51009193, 4.17430492, 3.5551035 ,\n        2.13878642],\n       [0.98085632, 6.34651523, 6.51009371, 4.17430997, 3.55510494,\n        2.13878362],\n       [0.98085597, 6.34651781, 6.51008966, 4.17430497, 3.55511003,\n        2.13879301],\n       [0.98085519, 6.3465145 , 6.51009416, 4.17430943, 3.55510224,\n        2.13878984]]), array([0.56308282, 0.56308282, 0.56308282, 0.56308282, 0.56308282,\n       0.56308282, 0.56308282]))", "callback": [0.6852323610485368, 0.6152178450506676, 0.5949826659512827, 0.5844315509188482, 0.5767053443988202, 0.5674865950263168, 0.566545627825854, 0.5654229361966194, 0.5638758580468441, 0.5636391681196957, 0.5634671131990452, 0.563227491881632, 0.5631238545818544, 0.5630899675545171, 0.5630867454002333, 0.5630843663530318, 0.5630831649408139, 0.5630830008594816, 0.5630828772933512, 0.5630828391269833, 0.5630828231112508, 0.5630828210371781, 0.563082820703279, 0.5630828206068963, 0.5630828205634106, 0.5630828205582727]}, "11": {"maxiter": 1000, "fatol": 1e-10, "xatol": 1e-10, "duration": 0.15636014938354492, "fun": "0.5630828205553275", "nit": "366", "nfev": "671", "status": "0", "success": "True", "message": "Optimization terminated successfully.", "x": "[0.98085506 6.34652211 6.51008777 4.17430764 3.55510777 2.13878742]", "final_simplex": "(array([[0.98085506, 6.34652211, 6.51008777, 4.17430764, 3.55510777,\n        2.13878742],\n       [0.98085506, 6.34652211, 6.51008777, 4.17430764, 3.55510777,\n        2.13878742],\n       [0.98085506, 6.34652211, 6.51008777, 4.17430764, 3.55510777,\n        2.13878742],\n       [0.98085506, 6.34652211, 6.51008777, 4.17430764, 3.55510777,\n        2.13878742],\n       [0.98085506, 6.34652211, 6.51008777, 4.17430764, 3.55510777,\n        2.13878742],\n       [0.98085506, 6.34652211, 6.51008777, 4.17430764, 3.55510777,\n        2.13878742],\n       [0.98085506, 6.34652211, 6.51008777, 4.17430764, 3.55510777,\n        2.13878742]]), array([0.56308282, 0.56308282, 0.56308282, 0.56308282, 0.56308282,\n       0.56308282, 0.56308282]))", "callback": [0.6852323610485368, 0.6152178450506676, 0.5949826659512827, 0.5844315509188482, 0.5767053443988202, 0.5674865950263168, 0.566545627825854, 0.5654229361966194, 0.5638758580468441, 0.5636391681196957, 0.5634671131990452, 0.563227491881632, 0.5631238545818544, 0.5630899675545171, 0.5630867454002333, 0.5630843663530318, 0.5630831649408139, 0.5630830008594816, 0.5630828772933512, 0.5630828391269833, 0.5630828231112508, 0.5630828210371781, 0.563082820703279, 0.5630828206068963, 0.5630828205634106, 0.5630828205582727, 0.5630828205560594, 0.5630828205556482, 0.5630828205554139, 0.5630828205553637, 0.5630828205553371, 0.5630828205553324, 0.5630828205553282, 0.5630828205553278, 0.5630828205553275, 0.5630828205553275]}}, "bfgs": {"type": "gradient", "0": {"maxiter": 100, "gtol": 1e-05, "xrtol": 1e-05, "eps": 1e-05, "duration": 0.05549120903015137, "fun": "0.5630828205856855", "jac": "[-6.89426294e-07  1.77946546e-07 -2.33146835e-07 -1.54154467e-06\n  4.58788563e-07 -2.64899214e-07]", "hess_inv": "[[ 5.86810061  0.38731575 -0.38399902 -2.20087141 -0.46581675 -0.42897176]\n [ 0.38731575 10.26402387 -7.3317871  -0.22366069  5.82162578  3.38311628]\n [-0.38399902 -7.3317871  10.70277297  0.6297507  -6.40527143 -4.14040277]\n [-2.20087141 -0.22366069  0.6297507   5.3363064   0.24254856  0.14602024]\n [-0.46581675  5.82162578 -6.40527143  0.24254856 11.84571611  6.86396887]\n [-0.42897176  3.38311628 -4.14040277  0.14602024  6.86396887  8.39311187]]", "nfev": "189", "njev": "27", "status": "0", "success": "True", "message": "Optimization terminated successfully.", "x": "[0.98085197 6.34651746 6.51008635 4.17429566 3.55509817 2.13877641]", "nit": "23", "callback": [0.5903432732678924, 0.5631019140075906]}, "1": {"maxiter": 100, "gtol": 1e-05, "xrtol": 1e-05, "eps": 1e-10, "duration": 0.04746079444885254, "fun": "0.563082820591952", "jac": "[-2.22044587e-06 -4.44089173e-06 -2.22044587e-06  0.00000000e+00\n -2.22044587e-06 -2.22044587e-06]", "hess_inv": "[[ 5.8838522   0.36951861 -0.37896656 -2.20174826 -0.48453329 -0.43877654]\n [ 0.36951861 10.26068702 -7.32096949 -0.22298765  5.82077757  3.38652857]\n [-0.37896656 -7.32096949 10.67776519  0.62545533 -6.37674825 -4.12300253]\n [-2.20174826 -0.22298765  0.62545533  5.34188414  0.24544978  0.15067961]\n [-0.48453329  5.82077757 -6.37674825  0.24544978 11.87288795  6.88133218]\n [-0.43877654  3.38652857 -4.12300253  0.15067961  6.88133218  8.40387056]]", "nfev": "189", "njev": "27", "status": "0", "success": "True", "message": "Optimization terminated successfully.", "x": "[0.98085187 6.34650932 6.51008938 4.17430074 3.55508924 2.13877448]", "nit": "23", "callback": [0.5903432881663531, 0.5631016930232913]}, "2": {"maxiter": 100, "gtol": 1e-05, "xrtol": 1e-10, "eps": 1e-05, "duration": 0.07962203025817871, "fun": "0.5630828205856855", "jac": "[-6.89426294e-07  1.77946546e-07 -2.33146835e-07 -1.54154467e-06\n  4.58788563e-07 -2.64899214e-07]", "hess_inv": "[[ 5.86810061  0.38731575 -0.38399902 -2.20087141 -0.46581675 -0.42897176]\n [ 0.38731575 10.26402387 -7.3317871  -0.22366069  5.82162578  3.38311628]\n [-0.38399902 -7.3317871  10.70277297  0.6297507  -6.40527143 -4.14040277]\n [-2.20087141 -0.22366069  0.6297507   5.3363064   0.24254856  0.14602024]\n [-0.46581675  5.82162578 -6.40527143  0.24254856 11.84571611  6.86396887]\n [-0.42897176  3.38311628 -4.14040277  0.14602024  6.86396887  8.39311187]]", "nfev": "189", "njev": "27", "status": "0", "success": "True", "message": "Optimization terminated successfully.", "x": "[0.98085197 6.34651746 6.51008635 4.17429566 3.55509817 2.13877641]", "nit": "23", "callback": [0.5903432732678924, 0.5631019140075906]}, "3": {"maxiter": 100, "gtol": 1e-05, "xrtol": 1e-10, "eps": 1e-10, "duration": 0.04621601104736328, "fun": "0.563082820591952", "jac": "[-2.22044587e-06 -4.44089173e-06 -2.22044587e-06  0.00000000e+00\n -2.22044587e-06 -2.22044587e-06]", "hess_inv": "[[ 5.8838522   0.36951861 -0.37896656 -2.20174826 -0.48453329 -0.43877654]\n [ 0.36951861 10.26068702 -7.32096949 -0.22298765  5.82077757  3.38652857]\n [-0.37896656 -7.32096949 10.67776519  0.62545533 -6.37674825 -4.12300253]\n [-2.20174826 -0.22298765  0.62545533  5.34188414  0.24544978  0.15067961]\n [-0.48453329  5.82077757 -6.37674825  0.24544978 11.87288795  6.88133218]\n [-0.43877654  3.38652857 -4.12300253  0.15067961  6.88133218  8.40387056]]", "nfev": "189", "njev": "27", "status": "0", "success": "True", "message": "Optimization terminated successfully.", "x": "[0.98085187 6.34650932 6.51008938 4.17430074 3.55508924 2.13877448]", "nit": "23", "callback": [0.5903432881663531, 0.5631016930232913]}, "4": {"maxiter": 100, "gtol": 1e-10, "xrtol": 1e-05, "eps": 1e-05, "duration": 0.04536604881286621, "fun": "0.5630828205856855", "jac": "[-6.89426294e-07  1.77946546e-07 -2.33146835e-07 -1.54154467e-06\n  4.58788563e-07 -2.64899214e-07]", "hess_inv": "[[ 5.86810061  0.38731575 -0.38399902 -2.20087141 -0.46581675 -0.42897176]\n [ 0.38731575 10.26402387 -7.3317871  -0.22366069  5.82162578  3.38311628]\n [-0.38399902 -7.3317871  10.70277297  0.6297507  -6.40527143 -4.14040277]\n [-2.20087141 -0.22366069  0.6297507   5.3363064   0.24254856  0.14602024]\n [-0.46581675  5.82162578 -6.40527143  0.24254856 11.84571611  6.86396887]\n [-0.42897176  3.38311628 -4.14040277  0.14602024  6.86396887  8.39311187]]", "nfev": "189", "njev": "27", "status": "0", "success": "True", "message": "Optimization terminated successfully.", "x": "[0.98085197 6.34651746 6.51008635 4.17429566 3.55509817 2.13877641]", "nit": "23", "callback": [0.5903432732678924, 0.5631019140075906]}, "5": {"maxiter": 100, "gtol": 1e-10, "xrtol": 1e-05, "eps": 1e-10, "duration": 0.048406124114990234, "fun": "0.563082820591952", "jac": "[-2.22044587e-06 -4.44089173e-06 -2.22044587e-06  0.00000000e+00\n -2.22044587e-06 -2.22044587e-06]", "hess_inv": "[[ 5.8838522   0.36951861 -0.37896656 -2.20174826 -0.48453329 -0.43877654]\n [ 0.36951861 10.26068702 -7.32096949 -0.22298765  5.82077757  3.38652857]\n [-0.37896656 -7.32096949 10.67776519  0.62545533 -6.37674825 -4.12300253]\n [-2.20174826 -0.22298765  0.62545533  5.34188414  0.24544978  0.15067961]\n [-0.48453329  5.82077757 -6.37674825  0.24544978 11.87288795  6.88133218]\n [-0.43877654  3.38652857 -4.12300253  0.15067961  6.88133218  8.40387056]]", "nfev": "189", "njev": "27", "status": "0", "success": "True", "message": "Optimization terminated successfully.", "x": "[0.98085187 6.34650932 6.51008938 4.17430074 3.55508924 2.13877448]", "nit": "23", "callback": [0.5903432881663531, 0.5631016930232913]}, "6": {"maxiter": 100, "gtol": 1e-10, "xrtol": 1e-10, "eps": 1e-05, "duration": 0.08411693572998047, "fun": "0.563082820575922", "jac": "[-8.17124146e-09  1.04360964e-08 -1.86073379e-08 -3.33066907e-09\n -1.21680443e-08  2.71782596e-08]", "hess_inv": "[[ 5.87055528  0.35273723 -0.35373086 -2.14349051 -0.5009757  -0.43440533]\n [ 0.35273723 10.63873128 -7.71446033 -0.73131046  6.21356483  3.51779758]\n [-0.35373086 -7.71446033 11.05851484  1.21785821 -6.79773149 -4.23083234]\n [-2.14349051 -0.73131046  1.21785821  5.86043309 -0.29832456 -0.14071947]\n [-0.5009757   6.21356483 -6.79773149 -0.29832456 12.25267842  6.99673482]\n [-0.43440533  3.51779758 -4.23083234 -0.14071947  6.99673482  8.37370242]]", "nfev": "348", "njev": "48", "status": "2", "success": "False", "message": "Desired error not necessarily achieved due to precision loss.", "x": "[0.98085265 6.34651124 6.51009361 4.1743037  3.55509114 2.13877355]", "nit": "24", "callback": [0.5903432732678924, 0.5631019140075906]}, "7": {"maxiter": 100, "gtol": 1e-10, "xrtol": 1e-10, "eps": 1e-10, "duration": 0.06763696670532227, "fun": "0.5630828205665754", "jac": "[0. 0. 0. 0. 0. 0.]", "hess_inv": "[[  0.53152633  -2.55261027   2.55551778  -0.33449306   0.58563284\n   -0.58677107]\n [ -2.55261027  71.49302916 -71.60587015   1.75983844  -2.66849258\n    2.74401444]\n [  2.55551778 -71.60587015  71.74273734  -1.75265121   2.6677644\n   -2.75612747]\n [ -0.33449306   1.75983844  -1.75265121   1.15577917   0.41549519\n   -0.42310777]\n [  0.58563284  -2.66849258   2.6677644    0.41549519   1.59345019\n   -1.59002145]\n [ -0.58677107   2.74401444  -2.75612747  -0.42310777  -1.59002145\n    1.59939626]]", "nfev": "266", "njev": "38", "status": "0", "success": "True", "message": "Optimization terminated successfully.", "x": "[0.98085182 6.34653654 6.51007741 4.17430743 3.555116   2.13879084]", "nit": "30", "callback": [0.5903432881663531, 0.5631016930232913, 0.5630828205665754]}, "8": {"maxiter": 500, "gtol": 1e-05, "xrtol": 1e-05, "eps": 1e-05, "duration": 0.04969024658203125, "fun": "0.5630828205856855", "jac": "[-6.89426294e-07  1.77946546e-07 -2.33146835e-07 -1.54154467e-06\n  4.58788563e-07 -2.64899214e-07]", "hess_inv": "[[ 5.86810061  0.38731575 -0.38399902 -2.20087141 -0.46581675 -0.42897176]\n [ 0.38731575 10.26402387 -7.3317871  -0.22366069  5.82162578  3.38311628]\n [-0.38399902 -7.3317871  10.70277297  0.6297507  -6.40527143 -4.14040277]\n [-2.20087141 -0.22366069  0.6297507   5.3363064   0.24254856  0.14602024]\n [-0.46581675  5.82162578 -6.40527143  0.24254856 11.84571611  6.86396887]\n [-0.42897176  3.38311628 -4.14040277  0.14602024  6.86396887  8.39311187]]", "nfev": "189", "njev": "27", "status": "0", "success": "True", "message": "Optimization terminated successfully.", "x": "[0.98085197 6.34651746 6.51008635 4.17429566 3.55509817 2.13877641]", "nit": "23", "callback": [0.5903432732678924, 0.5631019140075906]}, "9": {"maxiter": 500, "gtol": 1e-05, "xrtol": 1e-05, "eps": 1e-10, "duration": 0.0442807674407959, "fun": "0.563082820591952", "jac": "[-2.22044587e-06 -4.44089173e-06 -2.22044587e-06  0.00000000e+00\n -2.22044587e-06 -2.22044587e-06]", "hess_inv": "[[ 5.8838522   0.36951861 -0.37896656 -2.20174826 -0.48453329 -0.43877654]\n [ 0.36951861 10.26068702 -7.32096949 -0.22298765  5.82077757  3.38652857]\n [-0.37896656 -7.32096949 10.67776519  0.62545533 -6.37674825 -4.12300253]\n [-2.20174826 -0.22298765  0.62545533  5.34188414  0.24544978  0.15067961]\n [-0.48453329  5.82077757 -6.37674825  0.24544978 11.87288795  6.88133218]\n [-0.43877654  3.38652857 -4.12300253  0.15067961  6.88133218  8.40387056]]", "nfev": "189", "njev": "27", "status": "0", "success": "True", "message": "Optimization terminated successfully.", "x": "[0.98085187 6.34650932 6.51008938 4.17430074 3.55508924 2.13877448]", "nit": "23", "callback": [0.5903432881663531, 0.5631016930232913]}, "10": {"maxiter": 500, "gtol": 1e-05, "xrtol": 1e-10, "eps": 1e-05, "duration": 0.04410696029663086, "fun": "0.5630828205856855", "jac": "[-6.89426294e-07  1.77946546e-07 -2.33146835e-07 -1.54154467e-06\n  4.58788563e-07 -2.64899214e-07]", "hess_inv": "[[ 5.86810061  0.38731575 -0.38399902 -2.20087141 -0.46581675 -0.42897176]\n [ 0.38731575 10.26402387 -7.3317871  -0.22366069  5.82162578  3.38311628]\n [-0.38399902 -7.3317871  10.70277297  0.6297507  -6.40527143 -4.14040277]\n [-2.20087141 -0.22366069  0.6297507   5.3363064   0.24254856  0.14602024]\n [-0.46581675  5.82162578 -6.40527143  0.24254856 11.84571611  6.86396887]\n [-0.42897176  3.38311628 -4.14040277  0.14602024  6.86396887  8.39311187]]", "nfev": "189", "njev": "27", "status": "0", "success": "True", "message": "Optimization terminated successfully.", "x": "[0.98085197 6.34651746 6.51008635 4.17429566 3.55509817 2.13877641]", "nit": "23", "callback": [0.5903432732678924, 0.5631019140075906]}, "11": {"maxiter": 500, "gtol": 1e-05, "xrtol": 1e-10, "eps": 1e-10, "duration": 0.0460050106048584, "fun": "0.563082820591952", "jac": "[-2.22044587e-06 -4.44089173e-06 -2.22044587e-06  0.00000000e+00\n -2.22044587e-06 -2.22044587e-06]", "hess_inv": "[[ 5.8838522   0.36951861 -0.37896656 -2.20174826 -0.48453329 -0.43877654]\n [ 0.36951861 10.26068702 -7.32096949 -0.22298765  5.82077757  3.38652857]\n [-0.37896656 -7.32096949 10.67776519  0.62545533 -6.37674825 -4.12300253]\n [-2.20174826 -0.22298765  0.62545533  5.34188414  0.24544978  0.15067961]\n [-0.48453329  5.82077757 -6.37674825  0.24544978 11.87288795  6.88133218]\n [-0.43877654  3.38652857 -4.12300253  0.15067961  6.88133218  8.40387056]]", "nfev": "189", "njev": "27", "status": "0", "success": "True", "message": "Optimization terminated successfully.", "x": "[0.98085187 6.34650932 6.51008938 4.17430074 3.55508924 2.13877448]", "nit": "23", "callback": [0.5903432881663531, 0.5631016930232913]}, "12": {"maxiter": 500, "gtol": 1e-10, "xrtol": 1e-05, "eps": 1e-05, "duration": 0.04462909698486328, "fun": "0.5630828205856855", "jac": "[-6.89426294e-07  1.77946546e-07 -2.33146835e-07 -1.54154467e-06\n  4.58788563e-07 -2.64899214e-07]", "hess_inv": "[[ 5.86810061  0.38731575 -0.38399902 -2.20087141 -0.46581675 -0.42897176]\n [ 0.38731575 10.26402387 -7.3317871  -0.22366069  5.82162578  3.38311628]\n [-0.38399902 -7.3317871  10.70277297  0.6297507  -6.40527143 -4.14040277]\n [-2.20087141 -0.22366069  0.6297507   5.3363064   0.24254856  0.14602024]\n [-0.46581675  5.82162578 -6.40527143  0.24254856 11.84571611  6.86396887]\n [-0.42897176  3.38311628 -4.14040277  0.14602024  6.86396887  8.39311187]]", "nfev": "189", "njev": "27", "status": "0", "success": "True", "message": "Optimization terminated successfully.", "x": "[0.98085197 6.34651746 6.51008635 4.17429566 3.55509817 2.13877641]", "nit": "23", "callback": [0.5903432732678924, 0.5631019140075906]}, "13": {"maxiter": 500, "gtol": 1e-10, "xrtol": 1e-05, "eps": 1e-10, "duration": 0.043540000915527344, "fun": "0.563082820591952", "jac": "[-2.22044587e-06 -4.44089173e-06 -2.22044587e-06  0.00000000e+00\n -2.22044587e-06 -2.22044587e-06]", "hess_inv": "[[ 5.8838522   0.36951861 -0.37896656 -2.20174826 -0.48453329 -0.43877654]\n [ 0.36951861 10.26068702 -7.32096949 -0.22298765  5.82077757  3.38652857]\n [-0.37896656 -7.32096949 10.67776519  0.62545533 -6.37674825 -4.12300253]\n [-2.20174826 -0.22298765  0.62545533  5.34188414  0.24544978  0.15067961]\n [-0.48453329  5.82077757 -6.37674825  0.24544978 11.87288795  6.88133218]\n [-0.43877654  3.38652857 -4.12300253  0.15067961  6.88133218  8.40387056]]", "nfev": "189", "njev": "27", "status": "0", "success": "True", "message": "Optimization terminated successfully.", "x": "[0.98085187 6.34650932 6.51008938 4.17430074 3.55508924 2.13877448]", "nit": "23", "callback": [0.5903432881663531, 0.5631016930232913]}, "14": {"maxiter": 500, "gtol": 1e-10, "xrtol": 1e-10, "eps": 1e-05, "duration": 0.08025503158569336, "fun": "0.563082820575922", "jac": "[-8.17124146e-09  1.04360964e-08 -1.86073379e-08 -3.33066907e-09\n -1.21680443e-08  2.71782596e-08]", "hess_inv": "[[ 5.87055528  0.35273723 -0.35373086 -2.14349051 -0.5009757  -0.43440533]\n [ 0.35273723 10.63873128 -7.71446033 -0.73131046  6.21356483  3.51779758]\n [-0.35373086 -7.71446033 11.05851484  1.21785821 -6.79773149 -4.23083234]\n [-2.14349051 -0.73131046  1.21785821  5.86043309 -0.29832456 -0.14071947]\n [-0.5009757   6.21356483 -6.79773149 -0.29832456 12.25267842  6.99673482]\n [-0.43440533  3.51779758 -4.23083234 -0.14071947  6.99673482  8.37370242]]", "nfev": "348", "njev": "48", "status": "2", "success": "False", "message": "Desired error not necessarily achieved due to precision loss.", "x": "[0.98085265 6.34651124 6.51009361 4.1743037  3.55509114 2.13877355]", "nit": "24", "callback": [0.5903432732678924, 0.5631019140075906]}, "15": {"maxiter": 500, "gtol": 1e-10, "xrtol": 1e-10, "eps": 1e-10, "duration": 0.06173825263977051, "fun": "0.5630828205665754", "jac": "[0. 0. 0. 0. 0. 0.]", "hess_inv": "[[  0.53152633  -2.55261027   2.55551778  -0.33449306   0.58563284\n   -0.58677107]\n [ -2.55261027  71.49302916 -71.60587015   1.75983844  -2.66849258\n    2.74401444]\n [  2.55551778 -71.60587015  71.74273734  -1.75265121   2.6677644\n   -2.75612747]\n [ -0.33449306   1.75983844  -1.75265121   1.15577917   0.41549519\n   -0.42310777]\n [  0.58563284  -2.66849258   2.6677644    0.41549519   1.59345019\n   -1.59002145]\n [ -0.58677107   2.74401444  -2.75612747  -0.42310777  -1.59002145\n    1.59939626]]", "nfev": "266", "njev": "38", "status": "0", "success": "True", "message": "Optimization terminated successfully.", "x": "[0.98085182 6.34653654 6.51007741 4.17430743 3.555116   2.13879084]", "nit": "30", "callback": [0.5903432881663531, 0.5631016930232913, 0.5630828205665754]}, "16": {"maxiter": 1000, "gtol": 1e-05, "xrtol": 1e-05, "eps": 1e-05, "duration": 0.042968034744262695, "fun": "0.5630828205856855", "jac": "[-6.89426294e-07  1.77946546e-07 -2.33146835e-07 -1.54154467e-06\n  4.58788563e-07 -2.64899214e-07]", "hess_inv": "[[ 5.86810061  0.38731575 -0.38399902 -2.20087141 -0.46581675 -0.42897176]\n [ 0.38731575 10.26402387 -7.3317871  -0.22366069  5.82162578  3.38311628]\n [-0.38399902 -7.3317871  10.70277297  0.6297507  -6.40527143 -4.14040277]\n [-2.20087141 -0.22366069  0.6297507   5.3363064   0.24254856  0.14602024]\n [-0.46581675  5.82162578 -6.40527143  0.24254856 11.84571611  6.86396887]\n [-0.42897176  3.38311628 -4.14040277  0.14602024  6.86396887  8.39311187]]", "nfev": "189", "njev": "27", "status": "0", "success": "True", "message": "Optimization terminated successfully.", "x": "[0.98085197 6.34651746 6.51008635 4.17429566 3.55509817 2.13877641]", "nit": "23", "callback": [0.5903432732678924, 0.5631019140075906]}, "17": {"maxiter": 1000, "gtol": 1e-05, "xrtol": 1e-05, "eps": 1e-10, "duration": 0.0431370735168457, "fun": "0.563082820591952", "jac": "[-2.22044587e-06 -4.44089173e-06 -2.22044587e-06  0.00000000e+00\n -2.22044587e-06 -2.22044587e-06]", "hess_inv": "[[ 5.8838522   0.36951861 -0.37896656 -2.20174826 -0.48453329 -0.43877654]\n [ 0.36951861 10.26068702 -7.32096949 -0.22298765  5.82077757  3.38652857]\n [-0.37896656 -7.32096949 10.67776519  0.62545533 -6.37674825 -4.12300253]\n [-2.20174826 -0.22298765  0.62545533  5.34188414  0.24544978  0.15067961]\n [-0.48453329  5.82077757 -6.37674825  0.24544978 11.87288795  6.88133218]\n [-0.43877654  3.38652857 -4.12300253  0.15067961  6.88133218  8.40387056]]", "nfev": "189", "njev": "27", "status": "0", "success": "True", "message": "Optimization terminated successfully.", "x": "[0.98085187 6.34650932 6.51008938 4.17430074 3.55508924 2.13877448]", "nit": "23", "callback": [0.5903432881663531, 0.5631016930232913]}, "18": {"maxiter": 1000, "gtol": 1e-05, "xrtol": 1e-10, "eps": 1e-05, "duration": 0.04262113571166992, "fun": "0.5630828205856855", "jac": "[-6.89426294e-07  1.77946546e-07 -2.33146835e-07 -1.54154467e-06\n  4.58788563e-07 -2.64899214e-07]", "hess_inv": "[[ 5.86810061  0.38731575 -0.38399902 -2.20087141 -0.46581675 -0.42897176]\n [ 0.38731575 10.26402387 -7.3317871  -0.22366069  5.82162578  3.38311628]\n [-0.38399902 -7.3317871  10.70277297  0.6297507  -6.40527143 -4.14040277]\n [-2.20087141 -0.22366069  0.6297507   5.3363064   0.24254856  0.14602024]\n [-0.46581675  5.82162578 -6.40527143  0.24254856 11.84571611  6.86396887]\n [-0.42897176  3.38311628 -4.14040277  0.14602024  6.86396887  8.39311187]]", "nfev": "189", "njev": "27", "status": "0", "success": "True", "message": "Optimization terminated successfully.", "x": "[0.98085197 6.34651746 6.51008635 4.17429566 3.55509817 2.13877641]", "nit": "23", "callback": [0.5903432732678924, 0.5631019140075906]}, "19": {"maxiter": 1000, "gtol": 1e-05, "xrtol": 1e-10, "eps": 1e-10, "duration": 0.04304695129394531, "fun": "0.563082820591952", "jac": "[-2.22044587e-06 -4.44089173e-06 -2.22044587e-06  0.00000000e+00\n -2.22044587e-06 -2.22044587e-06]", "hess_inv": "[[ 5.8838522   0.36951861 -0.37896656 -2.20174826 -0.48453329 -0.43877654]\n [ 0.36951861 10.26068702 -7.32096949 -0.22298765  5.82077757  3.38652857]\n [-0.37896656 -7.32096949 10.67776519  0.62545533 -6.37674825 -4.12300253]\n [-2.20174826 -0.22298765  0.62545533  5.34188414  0.24544978  0.15067961]\n [-0.48453329  5.82077757 -6.37674825  0.24544978 11.87288795  6.88133218]\n [-0.43877654  3.38652857 -4.12300253  0.15067961  6.88133218  8.40387056]]", "nfev": "189", "njev": "27", "status": "0", "success": "True", "message": "Optimization terminated successfully.", "x": "[0.98085187 6.34650932 6.51008938 4.17430074 3.55508924 2.13877448]", "nit": "23", "callback": [0.5903432881663531, 0.5631016930232913]}, "20": {"maxiter": 1000, "g