{"date": "2024/10/08/, 16:45:37", "conf_id": 13, "data_type": "random\n", "num_data_points": 1, "s_rank": 0, "unitary": "[[-0.53618537-0.34368723j,-0.12107031-0.46226139j,-0.07699282-0.46603512j,0.36022595-0.11472301j],[0.26026499-0.63450712j,-0.56616638+0.37832564j,-0.14988651+0.08458591j,0.10363514-0.16008501j],[-0.32580188-0.11070003j,-0.36476308-0.23593218j,0.02559343+0.41761608j,-0.25598305+0.6725303j],[0.07406738-0.0126433j,0.28513701+0.19483972j,-0.74939717-0.10299659j,0.29798249+0.46269921j]]", "databatch_0": {"databatch": "[[[0.03386451-0.29063616j,0.03494863+0.20100588j,-0.12103969-0.06421604j,0.05662808+0.1485876j],[-0.02014732+0.2390612j,-0.0330027-0.25721012j,-0.02834007+0.04165106j,0.02908734-0.11375536j],[-0.23095248+0.02254899j,-0.12915466-0.09076911j,-0.06336128+0.17123259j,0.01964623-0.43139411j],[-0.02129171-0.10640433j,-0.03705718+0.04149013j,0.13324082+0.50036246j,0.32341188+0.03745139j]]]", "initial param values": "[3.44387789,4.10393375,6.02209638,5.58409797,5.73654335,5.82521098]", "nelder_mead": {"type": "gradient-free", "0": {"maxiter": 100, "fatol": 1e-05, "xatol": 1e-05, "duration": 0.03836798667907715, "fun": "0.40722049614871836", "nit": "100", "nfev": "156", "status": "2", "success": "False", "message": "Maximum number of iterations has been exceeded.", "x": "[3.06121825 4.5174406  5.30010889 8.19715071 5.11309769 4.6659649 ]", "final_simplex": "(array([[3.06121825, 4.5174406 , 5.30010889, 8.19715071, 5.11309769,\n        4.6659649 ],\n       [3.07746395, 4.5048442 , 5.26942121, 8.20360063, 5.14386922,\n        4.65736841],\n       [3.08398907, 4.52083738, 5.33416977, 8.14811742, 5.0940054 ,\n        4.66173713],\n       [3.07119159, 4.51998609, 5.28833591, 8.19556573, 5.13502964,\n        4.66109905],\n       [3.05393729, 4.53862248, 5.2807961 , 8.20488928, 5.13431853,\n        4.65105939],\n       [3.08054394, 4.51226497, 5.27714685, 8.17782371, 5.13261854,\n        4.68403997],\n       [3.08804922, 4.49168026, 5.23573381, 8.208871  , 5.13287979,\n        4.68210924]]), array([0.4072205 , 0.40733396, 0.40734675, 0.40734897, 0.40740308,\n       0.40742112, 0.40750524]))", "callback": [0.8992629304175613, 0.6405651979304878, 0.5495891953991834, 0.49856987573911704, 0.4779843722968171, 0.4390138440614383, 0.41114603311024844, 0.40921163137942784, 0.40780373739365705, 0.40734675153444166]}, "1": {"maxiter": 100, "fatol": 1e-05, "xatol": 1e-10, "duration": 0.03285408020019531, "fun": "0.40722049614871836", "nit": "100", "nfev": "156", "status": "2", "success": "False", "message": "Maximum number of iterations has been exceeded.", "x": "[3.06121825 4.5174406  5.30010889 8.19715071 5.11309769 4.6659649 ]", "final_simplex": "(array([[3.06121825, 4.5174406 , 5.30010889, 8.19715071, 5.11309769,\n        4.6659649 ],\n       [3.07746395, 4.5048442 , 5.26942121, 8.20360063, 5.14386922,\n        4.65736841],\n       [3.08398907, 4.52083738, 5.33416977, 8.14811742, 5.0940054 ,\n        4.66173713],\n       [3.07119159, 4.51998609, 5.28833591, 8.19556573, 5.13502964,\n        4.66109905],\n       [3.05393729, 4.53862248, 5.2807961 , 8.20488928, 5.13431853,\n        4.65105939],\n       [3.08054394, 4.51226497, 5.27714685, 8.17782371, 5.13261854,\n        4.68403997],\n       [3.08804922, 4.49168026, 5.23573381, 8.208871  , 5.13287979,\n        4.68210924]]), array([0.4072205 , 0.40733396, 0.40734675, 0.40734897, 0.40740308,\n       0.40742112, 0.40750524]))", "callback": [0.8992629304175613, 0.6405651979304878, 0.5495891953991834, 0.49856987573911704, 0.4779843722968171, 0.4390138440614383, 0.41114603311024844, 0.40921163137942784, 0.40780373739365705, 0.40734675153444166]}, "2": {"maxiter": 100, "fatol": 1e-10, "xatol": 1e-05, "duration": 0.046302080154418945, "fun": "0.40722049614871836", "nit": "100", "nfev": "156", "status": "2", "success": "False", "message": "Maximum number of iterations has been exceeded.", "x": "[3.06121825 4.5174406  5.30010889 8.19715071 5.11309769 4.6659649 ]", "final_simplex": "(array([[3.06121825, 4.5174406 , 5.30010889, 8.19715071, 5.11309769,\n        4.6659649 ],\n       [3.07746395, 4.5048442 , 5.26942121, 8.20360063, 5.14386922,\n        4.65736841],\n       [3.08398907, 4.52083738, 5.33416977, 8.14811742, 5.0940054 ,\n        4.66173713],\n       [3.07119159, 4.51998609, 5.28833591, 8.19556573, 5.13502964,\n        4.66109905],\n       [3.05393729, 4.53862248, 5.2807961 , 8.20488928, 5.13431853,\n        4.65105939],\n       [3.08054394, 4.51226497, 5.27714685, 8.17782371, 5.13261854,\n        4.68403997],\n       [3.08804922, 4.49168026, 5.23573381, 8.208871  , 5.13287979,\n        4.68210924]]), array([0.4072205 , 0.40733396, 0.40734675, 0.40734897, 0.40740308,\n       0.40742112, 0.40750524]))", "callback": [0.8992629304175613, 0.6405651979304878, 0.5495891953991834, 0.49856987573911704, 0.4779843722968171, 0.4390138440614383, 0.41114603311024844, 0.40921163137942784, 0.40780373739365705, 0.40734675153444166]}, "3": {"maxiter": 100, "fatol": 1e-10, "xatol": 1e-10, "duration": 0.04568195343017578, "fun": "0.40722049614871836", "nit": "100", "nfev": "156", "status": "2", "success": "False", "message": "Maximum number of iterations has been exceeded.", "x": "[3.06121825 4.5174406  5.30010889 8.19715071 5.11309769 4.6659649 ]", "final_simplex": "(array([[3.06121825, 4.5174406 , 5.30010889, 8.19715071, 5.11309769,\n        4.6659649 ],\n       [3.07746395, 4.5048442 , 5.26942121, 8.20360063, 5.14386922,\n        4.65736841],\n       [3.08398907, 4.52083738, 5.33416977, 8.14811742, 5.0940054 ,\n        4.66173713],\n       [3.07119159, 4.51998609, 5.28833591, 8.19556573, 5.13502964,\n        4.66109905],\n       [3.05393729, 4.53862248, 5.2807961 , 8.20488928, 5.13431853,\n        4.65105939],\n       [3.08054394, 4.51226497, 5.27714685, 8.17782371, 5.13261854,\n        4.68403997],\n       [3.08804922, 4.49168026, 5.23573381, 8.208871  , 5.13287979,\n        4.68210924]]), array([0.4072205 , 0.40733396, 0.40734675, 0.40734897, 0.40740308,\n       0.40742112, 0.40750524]))", "callback": [0.8992629304175613, 0.6405651979304878, 0.5495891953991834, 0.49856987573911704, 0.4779843722968171, 0.4390138440614383, 0.41114603311024844, 0.40921163137942784, 0.40780373739365705, 0.40734675153444166]}, "4": {"maxiter": 500, "fatol": 1e-05, "xatol": 1e-05, "duration": 0.15016412734985352, "fun": "0.26776920400346116", "nit": "428", "nfev": "673", "status": "0", "success": "True", "message": "Optimization terminated successfully.", "x": "[2.02527373 2.84919868 3.68147108 7.9925351  5.33800199 5.30874734]", "final_simplex": "(array([[2.02527373, 2.84919868, 3.68147108, 7.9925351 , 5.33800199,\n        5.30874734],\n       [2.02526989, 2.84920183, 3.68147934, 7.99253612, 5.33799617,\n        5.30874654],\n       [2.0252656 , 2.84919847, 3.68146907, 7.99253531, 5.33800412,\n        5.30874615],\n       [2.02527181, 2.84919688, 3.68146985, 7.99253528, 5.33799818,\n        5.30874427],\n       [2.0252678 , 2.84920157, 3.68146901, 7.99253211, 5.33800784,\n        5.30874637],\n       [2.02526707, 2.84920074, 3.68146912, 7.99253671, 5.33799812,\n        5.30875484],\n       [2.0252732 , 2.84920525, 3.68146941, 7.99254172, 5.3380016 ,\n        5.30874088]]), array([0.2677692, 0.2677692, 0.2677692, 0.2677692, 0.2677692, 0.2677692,\n       0.2677692]))", "callback": [0.8992629304175613, 0.6405651979304878, 0.5495891953991834, 0.49856987573911704, 0.4779843722968171, 0.4390138440614383, 0.41114603311024844, 0.40921163137942784, 0.40780373739365705, 0.40734675153444166, 0.40722049614871836, 0.4070829424147231, 0.4068267163684456, 0.4063386690505617, 0.4056356474016187, 0.4022124695032083, 0.3954351500378299, 0.37862202413810286, 0.35974514442914973, 0.3395079623849141, 0.3268427544970217, 0.2979928763323316, 0.2909817510797681, 0.28813572592428205, 0.2856893644201042, 0.281922328239129, 0.2808609213026779, 0.2755777548863887, 0.2693989300632841, 0.2686845244587349, 0.26789225910477177, 0.26779103468356624, 0.26777312156987654, 0.2677699747695622, 0.267769295947215, 0.26776923533216723, 0.26776921562396994, 0.2677692084689285, 0.26776920659173065, 0.2677692053960984, 0.26776920428942075, 0.26776920406944527, 0.2677692040126455]}, "5": {"maxiter": 500, "fatol": 1e-05, "xatol": 1e-10, "duration": 0.1997237205505371, "fun": "0.26776920399945414", "nit": "500", "nfev": "794", "status": "2", "success": "False", "message": "Maximum number of iterations has been exceeded.", "x": "[2.02526863 2.84919876 3.68147096 7.9925355  5.33800177 5.30874846]", "final_simplex": "(array([[2.02526863, 2.84919876, 3.68147096, 7.9925355 , 5.33800177,\n        5.30874846],\n       [2.02526858, 2.84919877, 3.68147089, 7.99253546, 5.33800178,\n        5.30874842],\n       [2.02526868, 2.84919867, 3.6814708 , 7.99253546, 5.33800188,\n        5.30874844],\n       [2.02526857, 2.84919881, 3.68147089, 7.99253543, 5.33800187,\n        5.3087485 ],\n       [2.02526857, 2.84919872, 3.68147082, 7.99253545, 5.3380018 ,\n        5.30874853],\n       [2.02526865, 2.84919869, 3.6814709 , 7.99253541, 5.3380018 ,\n        5.30874847],\n       [2.02526865, 2.84919885, 3.68147102, 7.99253544, 5.33800169,\n        5.30874842]]), array([0.2677692, 0.2677692, 0.2677692, 0.2677692, 0.2677692, 0.2677692,\n       0.2677692]))", "callback": [0.8992629304175613, 0.6405651979304878, 0.5495891953991834, 0.49856987573911704, 0.4779843722968171, 0.4390138440614383, 0.41114603311024844, 0.40921163137942784, 0.40780373739365705, 0.40734675153444166, 0.40722049614871836, 0.4070829424147231, 0.4068267163684456, 0.4063386690505617, 0.4056356474016187, 0.4022124695032083, 0.3954351500378299, 0.37862202413810286, 0.35974514442914973, 0.3395079623849141, 0.3268427544970217, 0.2979928763323316, 0.2909817510797681, 0.28813572592428205, 0.2856893644201042, 0.281922328239129, 0.2808609213026779, 0.2755777548863887, 0.2693989300632841, 0.2686845244587349, 0.26789225910477177, 0.26779103468356624, 0.26777312156987654, 0.2677699747695622, 0.267769295947215, 0.26776923533216723, 0.26776921562396994, 0.2677692084689285, 0.26776920659173065, 0.2677692053960984, 0.26776920428942075, 0.26776920406944527, 0.2677692040126455, 0.267769204002097, 0.2677692039998716, 0.26776920399960524, 0.26776920399948057, 0.2677692039994799, 0.2677692039994627, 0.2677692039994555]}, "6": {"maxiter": 500, "fatol": 1e-10, "xatol": 1e-05, "duration": 0.16120195388793945, "fun": "0.26776920400346116", "nit": "428", "nfev": "673", "status": "0", "success": "True", "message": "Optimization terminated successfully.", "x": "[2.02527373 2.84919868 3.68147108 7.9925351  5.33800199 5.30874734]", "final_simplex": "(array([[2.02527373, 2.84919868, 3.68147108, 7.9925351 , 5.33800199,\n        5.30874734],\n       [2.02526989, 2.84920183, 3.68147934, 7.99253612, 5.33799617,\n        5.30874654],\n       [2.0252656 , 2.84919847, 3.68146907, 7.99253531, 5.33800412,\n        5.30874615],\n       [2.02527181, 2.84919688, 3.68146985, 7.99253528, 5.33799818,\n        5.30874427],\n       [2.0252678 , 2.84920157, 3.68146901, 7.99253211, 5.33800784,\n        5.30874637],\n       [2.02526707, 2.84920074, 3.68146912, 7.99253671, 5.33799812,\n        5.30875484],\n       [2.0252732 , 2.84920525, 3.68146941, 7.99254172, 5.3380016 ,\n        5.30874088]]), array([0.2677692, 0.2677692, 0.2677692, 0.2677692, 0.2677692, 0.2677692,\n       0.2677692]))", "callback": [0.8992629304175613, 0.6405651979304878, 0.5495891953991834, 0.49856987573911704, 0.4779843722968171, 0.4390138440614383, 0.41114603311024844, 0.40921163137942784, 0.40780373739365705, 0.40734675153444166, 0.40722049614871836, 0.4070829424147231, 0.4068267163684456, 0.4063386690505617, 0.4056356474016187, 0.4022124695032083, 0.3954351500378299, 0.37862202413810286, 0.35974514442914973, 0.3395079623849141, 0.3268427544970217, 0.2979928763323316, 0.2909817510797681, 0.28813572592428205, 0.2856893644201042, 0.281922328239129, 0.2808609213026779, 0.2755777548863887, 0.2693989300632841, 0.2686845244587349, 0.26789225910477177, 0.26779103468356624, 0.26777312156987654, 0.2677699747695622, 0.267769295947215, 0.26776923533216723, 0.26776921562396994, 0.2677692084689285, 0.26776920659173065, 0.2677692053960984, 0.26776920428942075, 0.26776920406944527, 0.2677692040126455]}, "7": {"maxiter": 500, "fatol": 1e-10, "xatol": 1e-10, "duration": 0.1970221996307373, "fun": "0.26776920399945414", "nit": "500", "nfev": "794", "status": "2", "success": "False", "message": "Maximum number of iterations has been exceeded.", "x": "[2.02526863 2.84919876 3.68147096 7.9925355  5.33800177 5.30874846]", "final_simplex": "(array([[2.02526863, 2.84919876, 3.68147096, 7.9925355 , 5.33800177,\n        5.30874846],\n       [2.02526858, 2.84919877, 3.68147089, 7.99253546, 5.33800178,\n        5.30874842],\n       [2.02526868, 2.84919867, 3.6814708 , 7.99253546, 5.33800188,\n        5.30874844],\n       [2.02526857, 2.84919881, 3.68147089, 7.99253543, 5.33800187,\n        5.3087485 ],\n       [2.02526857, 2.84919872, 3.68147082, 7.99253545, 5.3380018 ,\n        5.30874853],\n       [2.02526865, 2.84919869, 3.6814709 , 7.99253541, 5.3380018 ,\n        5.30874847],\n       [2.02526865, 2.84919885, 3.68147102, 7.99253544, 5.33800169,\n        5.30874842]]), array([0.2677692, 0.2677692, 0.2677692, 0.2677692, 0.2677692, 0.2677692,\n       0.2677692]))", "callback": [0.8992629304175613, 0.6405651979304878, 0.5495891953991834, 0.49856987573911704, 0.4779843722968171, 0.4390138440614383, 0.41114603311024844, 0.40921163137942784, 0.40780373739365705, 0.40734675153444166, 0.40722049614871836, 0.4070829424147231, 0.4068267163684456, 0.4063386690505617, 0.4056356474016187, 0.4022124695032083, 0.3954351500378299, 0.37862202413810286, 0.35974514442914973, 0.3395079623849141, 0.3268427544970217, 0.2979928763323316, 0.2909817510797681, 0.28813572592428205, 0.2856893644201042, 0.281922328239129, 0.2808609213026779, 0.2755777548863887, 0.2693989300632841, 0.2686845244587349, 0.26789225910477177, 0.26779103468356624, 0.26777312156987654, 0.2677699747695622, 0.267769295947215, 0.26776923533216723, 0.26776921562396994, 0.2677692084689285, 0.26776920659173065, 0.2677692053960984, 0.26776920428942075, 0.26776920406944527, 0.2677692040126455, 0.267769204002097, 0.2677692039998716, 0.26776920399960524, 0.26776920399948057, 0.2677692039994799, 0.2677692039994627, 0.2677692039994555]}, "8": {"maxiter": 1000, "fatol": 1e-05, "xatol": 1e-05, "duration": 0.16035103797912598, "fun": "0.26776920400346116", "nit": "428", "nfev": "673", "status": "0", "success": "True", "message": "Optimization terminated successfully.", "x": "[2.02527373 2.84919868 3.68147108 7.9925351  5.33800199 5.30874734]", "final_simplex": "(array([[2.02527373, 2.84919868, 3.68147108, 7.9925351 , 5.33800199,\n        5.30874734],\n       [2.02526989, 2.84920183, 3.68147934, 7.99253612, 5.33799617,\n        5.30874654],\n       [2.0252656 , 2.84919847, 3.68146907, 7.99253531, 5.33800412,\n        5.30874615],\n       [2.02527181, 2.84919688, 3.68146985, 7.99253528, 5.33799818,\n        5.30874427],\n       [2.0252678 , 2.84920157, 3.68146901, 7.99253211, 5.33800784,\n        5.30874637],\n       [2.02526707, 2.84920074, 3.68146912, 7.99253671, 5.33799812,\n        5.30875484],\n       [2.0252732 , 2.84920525, 3.68146941, 7.99254172, 5.3380016 ,\n        5.30874088]]), array([0.2677692, 0.2677692, 0.2677692, 0.2677692, 0.2677692, 0.2677692,\n       0.2677692]))", "callback": [0.8992629304175613, 0.6405651979304878, 0.5495891953991834, 0.49856987573911704, 0.4779843722968171, 0.4390138440614383, 0.41114603311024844, 0.40921163137942784, 0.40780373739365705, 0.40734675153444166, 0.40722049614871836, 0.4070829424147231, 0.4068267163684456, 0.4063386690505617, 0.4056356474016187, 0.4022124695032083, 0.3954351500378299, 0.37862202413810286, 0.35974514442914973, 0.3395079623849141, 0.3268427544970217, 0.2979928763323316, 0.2909817510797681, 0.28813572592428205, 0.2856893644201042, 0.281922328239129, 0.2808609213026779, 0.2755777548863887, 0.2693989300632841, 0.2686845244587349, 0.26789225910477177, 0.26779103468356624, 0.26777312156987654, 0.2677699747695622, 0.267769295947215, 0.26776923533216723, 0.26776921562396994, 0.2677692084689285, 0.26776920659173065, 0.2677692053960984, 0.26776920428942075, 0.26776920406944527, 0.2677692040126455]}, "9": {"maxiter": 1000, "fatol": 1e-05, "xatol": 1e-10, "duration": 0.23299002647399902, "fun": "0.26776920399945237", "nit": "545", "nfev": "919", "status": "0", "success": "True", "message": "Optimization terminated successfully.", "x": "[2.02526862 2.84919876 3.68147083 7.99253549 5.33800187 5.30874847]", "final_simplex": "(array([[2.02526862, 2.84919876, 3.68147083, 7.99253549, 5.33800187,\n        5.30874847],\n       [2.02526862, 2.84919876, 3.68147083, 7.99253549, 5.33800187,\n        5.30874847],\n       [2.02526862, 2.84919876, 3.68147083, 7.99253549, 5.33800187,\n        5.30874847],\n       [2.02526862, 2.84919876, 3.68147083, 7.99253549, 5.33800187,\n        5.30874847],\n       [2.02526862, 2.84919876, 3.68147083, 7.99253549, 5.33800187,\n        5.30874847],\n       [2.02526862, 2.84919876, 3.68147083, 7.99253549, 5.33800187,\n        5.30874847],\n       [2.02526862, 2.84919876, 3.68147083, 7.99253549, 5.33800187,\n        5.30874847]]), array([0.2677692, 0.2677692, 0.2677692, 0.2677692, 0.2677692, 0.2677692,\n       0.2677692]))", "callback": [0.8992629304175613, 0.6405651979304878, 0.5495891953991834, 0.49856987573911704, 0.4779843722968171, 0.4390138440614383, 0.41114603311024844, 0.40921163137942784, 0.40780373739365705, 0.40734675153444166, 0.40722049614871836, 0.4070829424147231, 0.4068267163684456, 0.4063386690505617, 0.4056356474016187, 0.4022124695032083, 0.3954351500378299, 0.37862202413810286, 0.35974514442914973, 0.3395079623849141, 0.3268427544970217, 0.2979928763323316, 0.2909817510797681, 0.28813572592428205, 0.2856893644201042, 0.281922328239129, 0.2808609213026779, 0.2755777548863887, 0.2693989300632841, 0.2686845244587349, 0.26789225910477177, 0.26779103468356624, 0.26777312156987654, 0.2677699747695622, 0.267769295947215, 0.26776923533216723, 0.26776921562396994, 0.2677692084689285, 0.26776920659173065, 0.2677692053960984, 0.26776920428942075, 0.26776920406944527, 0.2677692040126455, 0.267769204002097, 0.2677692039998716, 0.26776920399960524, 0.26776920399948057, 0.2677692039994799, 0.2677692039994627, 0.2677692039994555, 0.2677692039994539, 0.2677692039994529, 0.2677692039994526, 0.2677692039994526, 0.26776920399945237]}, "10": {"maxiter": 1000, "fatol": 1e-10, "xatol": 1e-05, "duration": 0.17017602920532227, "fun": "0.26776920400346116", "nit": "428", "nfev": "673", "status": "0", "success": "True", "message": "Optimization terminated successfully.", "x": "[2.02527373 2.84919868 3.68147108 7.9925351  5.33800199 5.30874734]", "final_simplex": "(array([[2.02527373, 2.84919868, 3.68147108, 7.9925351 , 5.33800199,\n        5.30874734],\n       [2.02526989, 2.84920183, 3.68147934, 7.99253612, 5.33799617,\n        5.30874654],\n       [2.0252656 , 2.84919847, 3.68146907, 7.99253531, 5.33800412,\n        5.30874615],\n       [2.02527181, 2.84919688, 3.68146985, 7.99253528, 5.33799818,\n        5.30874427],\n       [2.0252678 , 2.84920157, 3.68146901, 7.99253211, 5.33800784,\n        5.30874637],\n       [2.02526707, 2.84920074, 3.68146912, 7.99253671, 5.33799812,\n        5.30875484],\n       [2.0252732 , 2.84920525, 3.68146941, 7.99254172, 5.3380016 ,\n        5.30874088]]), array([0.2677692, 0.2677692, 0.2677692, 0.2677692, 0.2677692, 0.2677692,\n       0.2677692]))", "callback": [0.8992629304175613, 0.6405651979304878, 0.5495891953991834, 0.49856987573911704, 0.4779843722968171, 0.4390138440614383, 0.41114603311024844, 0.40921163137942784, 0.40780373739365705, 0.40734675153444166, 0.40722049614871836, 0.4070829424147231, 0.4068267163684456, 0.4063386690505617, 0.4056356474016187, 0.4022124695032083, 0.3954351500378299, 0.37862202413810286, 0.35974514442914973, 0.3395079623849141, 0.3268427544970217, 0.2979928763323316, 0.2909817510797681, 0.28813572592428205, 0.2856893644201042, 0.281922328239129, 0.2808609213026779, 0.2755777548863887, 0.2693989300632841, 0.2686845244587349, 0.26789225910477177, 0.26779103468356624, 0.26777312156987654, 0.2677699747695622, 0.267769295947215, 0.26776923533216723, 0.26776921562396994, 0.2677692084689285, 0.26776920659173065, 0.2677692053960984, 0.26776920428942075, 0.26776920406944527, 0.2677692040126455]}, "11": {"maxiter": 1000, "fatol": 1e-10, "xatol": 1e-10, "duration": 0.22486019134521484, "fun": "0.26776920399945237", "nit": "545", "nfev": "919", "status": "0", "success": "True", "message": "Optimization terminated successfully.", "x": "[2.02526862 2.84919876 3.68147083 7.99253549 5.33800187 5.30874847]", "final_simplex": "(array([[2.02526862, 2.84919876, 3.68147083, 7.99253549, 5.33800187,\n        5.30874847],\n       [2.02526862, 2.84919876, 3.68147083, 7.99253549, 5.33800187,\n        5.30874847],\n       [2.02526862, 2.84919876, 3.68147083, 7.99253549, 5.33800187,\n        5.30874847],\n       [2.02526862, 2.84919876, 3.68147083, 7.99253549, 5.33800187,\n        5.30874847],\n       [2.02526862, 2.84919876, 3.68147083, 7.99253549, 5.33800187,\n        5.30874847],\n       [2.02526862, 2.84919876, 3.68147083, 7.99253549, 5.33800187,\n        5.30874847],\n       [2.02526862, 2.84919876, 3.68147083, 7.99253549, 5.33800187,\n        5.30874847]]), array([0.2677692, 0.2677692, 0.2677692, 0.2677692, 0.2677692, 0.2677692,\n       0.2677692]))", "callback": [0.8992629304175613, 0.6405651979304878, 0.5495891953991834, 0.49856987573911704, 0.4779843722968171, 0.4390138440614383, 0.41114603311024844, 0.40921163137942784, 0.40780373739365705, 0.40734675153444166, 0.40722049614871836, 0.4070829424147231, 0.4068267163684456, 0.4063386690505617, 0.4056356474016187, 0.4022124695032083, 0.3954351500378299, 0.37862202413810286, 0.35974514442914973, 0.3395079623849141, 0.3268427544970217, 0.2979928763323316, 0.2909817510797681, 0.28813572592428205, 0.2856893644201042, 0.281922328239129, 0.2808609213026779, 0.2755777548863887, 0.2693989300632841, 0.2686845244587349, 0.26789225910477177, 0.26779103468356624, 0.26777312156987654, 0.2677699747695622, 0.267769295947215, 0.26776923533216723, 0.26776921562396994, 0.2677692084689285, 0.26776920659173065, 0.2677692053960984, 0.26776920428942075, 0.26776920406944527, 0.2677692040126455, 0.267769204002097, 0.2677692039998716, 0.26776920399960524, 0.26776920399948057, 0.2677692039994799, 0.2677692039994627, 0.2677692039994555, 0.2677692039994539, 0.2677692039994529, 0.2677692039994526, 0.2677692039994526, 0.26776920399945237]}}, "bfgs": {"type": "gradient", "0": {"maxiter": 100, "gtol": 1e-05, "xrtol": 1e-05, "eps": 1e-05, "duration": 0.048388004302978516, "fun": "0.26776920405599136", "jac": "[ 1.78744797e-06  7.21644966e-10  7.58615393e-07  6.35602682e-08\n  1.34702249e-06 -2.83255641e-06]", "hess_inv": "[[ 4.09128212 -0.18695339 -1.13042056 -0.54298665  1.3609478   2.76975835]\n [-0.18695339  3.68787214  2.23767433  0.89641645 -0.65166472 -0.67308786]\n [-1.13042056  2.23767433  8.65416396 -1.03209087 -5.61777519 -2.41925874]\n [-0.54298665  0.89641645 -1.03209087  3.40344224  0.85452746 -0.32905312]\n [ 1.3609478  -0.65166472 -5.61777519  0.85452746  6.62041774  2.55121449]\n [ 2.76975835 -0.67308786 -2.41925874 -0.32905312  2.55121449  4.65717125]]", "nfev": "189", "njev": "27", "status": "0", "success": "True", "message": "Optimization terminated successfully.", "x": "[4.25790726 5.99078444 6.82306699 7.99252907 5.33799351 5.30872931]", "nit": "21", "callback": [0.6795809462904334, 0.6651472539547999, 0.5337596300263487, 0.48945918052484916, 0.43028127035570685, 0.41022781615098847, 0.3862375297425431, 0.35188078263435074, 0.33003696839641383, 0.2975893995632809, 0.2757054204343181, 0.2720764012165501, 0.2689723138721932, 0.26859102032936133, 0.2683823537827206, 0.2680627381027214, 0.267815953815855, 0.26777429798802943, 0.26776934556710685, 0.2677692062654793, 0.26776920405599136]}, "1": {"maxiter": 100, "gtol": 1e-05, "xrtol": 1e-05, "eps": 1e-10, "duration": 0.04880785942077637, "fun": "0.2677692040823113", "jac": "[ 3.33066880e-06  1.11022293e-06  4.44089173e-06  5.55111466e-06\n  3.33066880e-06 -2.22044587e-06]", "hess_inv": "[[ 4.06676151 -0.18395933 -1.1232612  -0.56263378  1.36066186  2.75500773]\n [-0.18395933  3.69640261  2.22698551  0.91286057 -0.64653202 -0.669536  ]\n [-1.1232612   2.22698551  8.77180127 -1.09945251 -5.72526709 -2.42999129]\n [-0.56263378  0.91286057 -1.09945251  3.45140469  0.91941802 -0.33000767]\n [ 1.36066186 -0.64653202 -5.72526709  0.91941802  6.70742751  2.56134274]\n [ 2.75500773 -0.669536   -2.42999129 -0.33000767  2.56134274  4.64821733]]", "nfev": "189", "njev": "27", "status": "0", "success": "True", "message": "Optimization terminated successfully.", "x": "[4.25792003 5.99080808 6.82307731 7.99255008 5.33800445 5.30874278]", "nit": "21", "callback": [0.6795825350998907, 0.6651485816541695, 0.5337606424581018, 0.4894727394602961, 0.4302973797525602, 0.4102321910494118, 0.38626403971945056, 0.35190372734666453, 0.33008957907248493, 0.29775082856899115, 0.275679032406409, 0.27206558270918046, 0.2689706830412907, 0.2685910315417147, 0.2683823854114423, 0.26806297196583284, 0.26781640010054675, 0.26777435316966713, 0.2677693442448257, 0.2677692064691989, 0.2677692040823113]}, "2": {"maxiter": 100, "gtol": 1e-05, "xrtol": 1e-10, "eps": 1e-05, "duration": 0.04177284240722656, "fun": "0.26776920405599136", "jac": "[ 1.78744797e-06  7.21644966e-10  7.58615393e-07  6.35602682e-08\n  1.34702249e-06 -2.83255641e-06]", "hess_inv": "[[ 4.09128212 -0.18695339 -1.13042056 -0.54298665  1.3609478   2.76975835]\n [-0.18695339  3.68787214  2.23767433  0.89641645 -0.65166472 -0.67308786]\n [-1.13042056  2.23767433  8.65416396 -1.03209087 -5.61777519 -2.41925874]\n [-0.54298665  0.89641645 -1.03209087  3.40344224  0.85452746 -0.32905312]\n [ 1.3609478  -0.65166472 -5.61777519  0.85452746  6.62041774  2.55121449]\n [ 2.76975835 -0.67308786 -2.41925874 -0.32905312  2.55121449  4.65717125]]", "nfev": "189", "njev": "27", "status": "0", "success": "True", "message": "Optimization terminated successfully.", "x": "[4.25790726 5.99078444 6.82306699 7.99252907 5.33799351 5.30872931]", "nit": "21", "callback": [0.6795809462904334, 0.6651472539547999, 0.5337596300263487, 0.48945918052484916, 0.43028127035570685, 0.41022781615098847, 0.3862375297425431, 0.35188078263435074, 0.33003696839641383, 0.2975893995632809, 0.2757054204343181, 0.2720764012165501, 0.2689723138721932, 0.26859102032936133, 0.2683823537827206, 0.2680627381027214, 0.267815953815855, 0.26777429798802943, 0.26776934556710685, 0.2677692062654793, 0.26776920405599136]}, "3": {"maxiter": 100, "gtol": 1e-05, "xrtol": 1e-10, "eps": 1e-10, "duration": 0.049128055572509766, "fun": "0.2677692040823113", "jac": "[ 3.33066880e-06  1.11022293e-06  4.44089173e-06  5.55111466e-06\n  3.33066880e-06 -2.22044587e-06]", "hess_inv": "[[ 4.06676151 -0.18395933 -1.1232612  -0.56263378  1.36066186  2.75500773]\n [-0.18395933  3.69640261  2.22698551  0.91286057 -0.64653202 -0.669536  ]\n [-1.1232612   2.22698551  8.77180127 -1.09945251 -5.72526709 -2.42999129]\n [-0.56263378  0.91286057 -1.09945251  3.45140469  0.91941802 -0.33000767]\n [ 1.36066186 -0.64653202 -5.72526709  0.91941802  6.70742751  2.56134274]\n [ 2.75500773 -0.669536   -2.42999129 -0.33000767  2.56134274  4.64821733]]", "nfev": "189", "njev": "27", "status": "0", "success": "True", "message": "Optimization terminated successfully.", "x": "[4.25792003 5.99080808 6.82307731 7.99255008 5.33800445 5.30874278]", "nit": "21", "callback": [0.6795825350998907, 0.6651485816541695, 0.5337606424581018, 0.4894727394602961, 0.4302973797525602, 0.4102321910494118, 0.38626403971945056, 0.35190372734666453, 0.33008957907248493, 0.29775082856899115, 0.275679032406409, 0.27206558270918046, 0.2689706830412907, 0.2685910315417147, 0.2683823854114423, 0.26806297196583284, 0.26781640010054675, 0.26777435316966713, 0.2677693442448257, 0.2677692064691989, 0.2677692040823113]}, "4": {"maxiter": 100, "gtol": 1e-10, "xrtol": 1e-05, "eps": 1e-05, "duration": 0.04357719421386719, "fun": "0.26776920404230065", "jac": "[ 3.53261864e-07 -1.79412041e-07  4.32542890e-08 -1.49658064e-08\n  2.50588439e-07 -4.13102885e-07]", "hess_inv": "[[ 4.05528227 -0.19397938 -1.08464438 -0.57838139  1.30183642  2.79359847]\n [-0.19397938  3.72267839  2.31196881  0.89171949 -0.67471017 -0.76590151]\n [-1.08464438  2.31196881  8.71404075 -0.98308972 -5.56340376 -2.62566189]\n [-0.57838139  0.89171949 -0.98308972  3.36877755  0.7957063  -0.3115702 ]\n [ 1.30183642 -0.67471017 -5.56340376  0.7957063   6.52701866  2.62136595]\n [ 2.79359847 -0.76590151 -2.62566189 -0.3115702   2.62136595  4.90396982]]", "nfev": "196", "njev": "28", "status": "0", "success": "True", "message": "Optimization terminated successfully.", "x": "[4.25790703 5.99078171 6.82306244 7.99252868 5.33799399 5.30873669]", "nit": "22", "callback": [0.6795809462904334, 0.6651472539547999, 0.5337596300263487, 0.48945918052484916, 0.43028127035570685, 0.41022781615098847, 0.3862375297425431, 0.35188078263435074, 0.33003696839641383, 0.2975893995632809, 0.2757054204343181, 0.2720764012165501, 0.2689723138721932, 0.26859102032936133, 0.2683823537827206, 0.2680627381027214, 0.267815953815855, 0.26777429798802943, 0.26776934556710685, 0.2677692062654793, 0.26776920405599136, 0.26776920404230065]}, "5": {"maxiter": 100, "gtol": 1e-10, "xrtol": 1e-05, "eps": 1e-10, "duration": 0.05065011978149414, "fun": "0.2677692040101579", "jac": "[-1.11022293e-06  0.00000000e+00 -3.33066880e-06  1.11022293e-06\n -4.44089173e-06  0.00000000e+00]", "hess_inv": "[[ 4.00487411 -0.32496387 -1.17126873 -0.76098469  1.27809979  2.74501134]\n [-0.32496387  3.96747894  3.06007919  0.80664858 -1.12930611 -1.10280434]\n [-1.17126873  3.06007919 10.23413047 -0.70325662 -6.25815249 -3.09087992]\n [-0.76098469  0.80664858 -0.70325662  3.01745386  0.48282766 -0.60162438]\n [ 1.27809979 -1.12930611 -6.25815249  0.48282766  6.74386669  2.75220907]\n [ 2.74501134 -1.10280434 -3.09087992 -0.60162438  2.75220907  4.93107377]]", "nfev": "196", "njev": "28", "status": "0", "success": "True", "message": "Optimization terminated successfully.", "x": "[4.25791831 5.99078801 6.82305025 7.99253515 5.33801021 5.30875371]", "nit": "22", "callback": [0.6795825350998907, 0.6651485816541695, 0.5337606424581018, 0.4894727394602961, 0.4302973797525602, 0.4102321910494118, 0.38626403971945056, 0.35190372734666453, 0.33008957907248493, 0.29775082856899115, 0.275679032406409, 0.27206558270918046, 0.2689706830412907, 0.2685910315417147, 0.2683823854114423, 0.26806297196583284, 0.26781640010054675, 0.26777435316966713, 0.2677693442448257, 0.2677692064691989, 0.2677692040823113, 0.2677692040101579]}, "6": {"maxiter": 100, "gtol": 1e-10, "xrtol": 1e-10, "eps": 1e-05, "duration": 0.056314945220947266, "fun": "0.2677692040414478", "jac": "[-1.11022302e-11 -2.22044605e-11 -1.11022302e-11  3.33066907e-11\n -4.44089210e-11  0.00000000e+00]", "hess_inv": "[[ 4.36201042 -0.53797138 -1.28075951 -0.74718688  1.5430987   2.79435239]\n [-0.53797138  4.12219366  2.45626227  1.10175677 -0.86606272 -0.80298206]\n [-1.28075951  2.45626227  8.63318819 -0.86584936 -5.63144642 -2.4400517 ]\n [-0.74718688  1.10175677 -0.86584936  3.46607957  0.68115053 -0.36636605]\n [ 1.5430987  -0.86606272 -5.63144642  0.68115053  6.73121627  2.43296036]\n [ 2.79435239 -0.80298206 -2.4400517  -0.36636605  2.43296036  4.97643651]]", "nfev": "224", "njev": "32", "status": "0", "success": "True", "message": "Optimization terminated successfully.", "x": "[4.25790618 5.99078244 6.82306339 7.99252891 5.33799282 5.30873712]", "nit": "26", "callback": [0.6795809462904334, 0.6651472539547999, 0.5337596300263487, 0.48945918052484916, 0.43028127035570685, 0.41022781615098847, 0.3862375297425431, 0.35188078263435074, 0.33003696839641383, 0.2975893995632809, 0.2757054204343181, 0.2720764012165501, 0.2689723138721932, 0.26859102032936133, 0.2683823537827206, 0.2680627381027214, 0.267815953815855, 0.26777429798802943, 0.26776934556710685, 0.2677692062654793, 0.26776920405599136, 0.26776920404230065, 0.2677692040415739, 0.26776920404146254, 0.2677692040414479, 0.2677692040414478]}, "7": {"maxiter": 100, "gtol": 1e-10, "xrtol": 1e-10, "eps": 1e-10, "duration": 0.06756997108459473, "fun": "0.2677692040101578", "jac": "[1.11022293e-06 2.22044587e-06 1.11022293e-06 2.22044587e-06\n 1.11022293e-06 2.22044587e-06]", "hess_inv": "[[ 3.92471861 -0.79134124 -1.80280406 -1.06404808  1.34526116  2.95230187]\n [-0.79134124  4.0388261   3.1217936   1.37273343 -1.92974547 -1.68755276]\n [-1.80280406  3.1217936  10.27087951  0.03410458 -7.32712349 -3.8602632 ]\n [-1.06404808  1.37273343  0.03410458  3.82002789 -0.25962118 -1.31581633]\n [ 1.34526116 -1.92974547 -7.32712349 -0.25962118  7.19711732  3.34453385]\n [ 2.95230187 -1.68755276 -3.8602632  -1.31581633  3.34453385  5.54660811]]", "nfev": "266", "njev": "38", "status": "0", "success": "True", "message": "Optimization terminated successfully.", "x": "[4.25791831 5.99078801 6.82305025 7.99253515 5.33801021 5.30875371]", "nit": "23", "callback": [0.6795825350998907, 0.6651485816541695, 0.5337606424581018, 0.4894727394602961, 0.4302973797525602, 0.4102321910494118, 0.38626403971945056, 0.35190372734666453, 0.33008957907248493, 0.29775082856899115, 0.275679032406409, 0.27206558270918046, 0.2689706830412907, 0.2685910315417147, 0.2683823854114423, 0.26806297196583284, 0.26781640010054675, 0.26777435316966713, 0.2677693442448257, 0.2677692064691989, 0.2677692040823113, 0.2677692040101579, 0.2677692040101578]}, "8": {"maxiter": 500, "gtol": 1e-05, "xrtol": 1e-05, "eps": 1e-05, "duration": 0.0545041561126709, "fun": "0.26776920405599136", "jac": "[ 1.78744797e-06  7.21644966e-10  7.58615393e-07  6.35602682e-08\n  1.34702249e-06 -2.83255641e-06]", "hess_inv": "[[ 4.09128212 -0.18695339 -1.13042056 -0.54298665  1.3609478   2.76975835]\n [-0.18695339  3.68787214  2.23767433  0.89641645 -0.65166472 -0.67308786]\n [-1.13042056  2.23767433  8.65416396 -1.03209087 -5.61777519 -2.41925874]\n [-0.54298665  0.89641645 -1.03209087  3.40344224  0.85452746 -0.32905312]\n [ 1.3609478  -0.65166472 -5.61777519  0.85452746  6.62041774  2.55121449]\n [ 2.76975835 -0.67308786 -2.41925874 -0.32905312  2.55121449  4.65717125]]", "nfev": "189", "njev": "27", "status": "0", "success": "True", "message": "Optimization terminated successfully.", "x": "[4.25790726 5.99078444 6.82306699 7.99252907 5.33799351 5.30872931]", "nit": "21", "callback": [0.6795809462904334, 0.6651472539547999, 0.5337596300263487, 0.48945918052484916, 0.43028127035570685, 0.41022781615098847, 0.3862375297425431, 0.35188078263435074, 0.33003696839641383, 0.2975893995632809, 0.2757054204343181, 0.2720764012165501, 0.2689723138721932, 0.26859102032936133, 0.2683823537827206, 0.2680627381027214, 0.267815953815855, 0.26777429798802943, 0.26776934556710685, 0.2677692062654793, 0.26776920405599136]}, "9": {"maxiter": 500, "gtol": 1e-05, "xrtol": 1e-05, "eps": 1e-10, "duration": 0.04311418533325195, "fun": "0.2677692040823113", "jac": "[ 3.33066880e-06  1.11022293e-06  4.44089173e-06  5.55111466e-06\n  3.33066880e-06 -2.22044587e-06]", "hess_inv": "[[ 4.06676151 -0.18395933 -1.1232612  -0.56263378  1.36066186  2.75500773]\n [-0.18395933  3.69640261  2.22698551  0.91286057 -0.64653202 -0.669536  ]\n [-1.1232612   2.22698551  8.77180127 -1.09945251 -5.72526709 -2.42999129]\n [-0.56263378  0.91286057 -1.09945251  3.45140469  0.91941802 -0.33000767]\n [ 1.36066186 -0.64653202 -5.72526709  0.91941802  6.70742751  2.56134274]\n [ 2.75500773 -0.669536   -2.42999129 -0.33000767  2.56134274  4.64821733]]", "nfev": "189", "njev": "27", "status": "0", "success": "True", "message": "Optimization terminated successfully.", "x": "[4.25792003 5.99080808 6.82307731 7.99255008 5.33800445 5.30874278]", "nit": "21", "callback": [0.6795825350998907, 0.6651485816541695, 0.5337606424581018, 0.4894727394602961, 0.4302973797525602, 0.4102321910494118, 0.38626403971945056, 0.35190372734666453, 0.33008957907248493, 0.29775082856899115, 0.275679032406409, 0.27206558270918046, 0.2689706830412907, 0.2685910315417147, 0.2683823854114423, 0.26806297196583284, 0.26781640010054675, 0.26777435316966713, 0.2677693442448257, 0.2677692064691989, 0.2677692040823113]}, "10": {"maxiter": 500, "gtol": 1e-05, "xrtol": 1e-10, "eps": 1e-05, "duration": 0.048368215560913086, "fun": "0.26776920405599136", "jac": "[ 1.78744797e-06  7.21644966e-10  7.58615393e-07  6.35602682e-08\n  1.34702249e-06 -2.83255641e-06]", "hess_inv": "[[ 4.09128212 -0.18695339 -1.13042056 -0.54298665  1.3609478   2.76975835]\n [-0.18695339  3.68787214  2.23767433  0.89641645 -0.65166472 -0.67308786]\n [-1.13042056  2.23767433  8.65416396 -1.03209087 -5.61777519 -2.41925874]\n [-0.54298665  0.89641645 -1.03209087  3.40344224  0.85452746 -0.32905312]\n [ 1.3609478  -0.65166472 -5.61777519  0.85452746  6.62041774  2.55121449]\n [ 2.76975835 -0.67308786 -2.41925874 -0.32905312  2.55121449  4.65717125]]", "nfev": "189", "njev": "27", "status": "0", "success": "True", "message": "Optimization terminated successfully.", "x": "[4.25790726 5.99078444 6.82306699 7.99252907 5.33799351 5.30872931]", "nit": "21", "callback": [0.6795809462904334, 0.6651472539547999, 0.5337596300263487, 0.48945918052484916, 0.43028127035570685, 0.41022781615098847, 0.3862375297425431, 0.35188078263435074, 0.33003696839641383, 0.2975893995632809, 0.2757054204343181, 0.2720764012165501, 0.2689723138721932, 0.26859102032936133, 0.2683823537827206, 0.2680627381027214, 0.267815953815855, 0.26777429798802943, 0.26776934556710685, 0.2677692062654793, 0.26776920405599136]}, "11": {"maxiter": 500, "gtol": 1e-05, "xrtol": 1e-10, "eps": 1e-10, "duration": 0.048703908920288086, "fun": "0.2677692040823113", "jac": "[ 3.33066880e-06  1.11022293e-06  4.44089173e-06  5.55111466e-06\n  3.33066880e-06 -2.22044587e-06]", "hess_inv": "[[ 4.06676151 -0.18395933 -1.1232612  -0.56263378  1.36066186  2.75500773]\n [-0.18395933  3.69640261  2.22698551  0.91286057 -0.64653202 -0.669536  ]\n [-1.1232612   2.22698551  8.77180127 -1.09945251 -5.72526709 -2.42999129]\n [-0.56263378  0.91286057 -1.09945251  3.45140469  0.91941802 -0.33000767]\n [ 1.36066186 -0.64653202 -5.72526709  0.91941802  6.70742751  2.56134274]\n [ 2.75500773 -0.669536   -2.42999129 -0.33000767  2.56134274  4.64821733]]", "nfev": "189", "njev": "27", "status": "0", "success": "True", "message": "Optimization terminated successfully.", "x": "[4.25792003 5.99080808 6.82307731 7.99255008 5.33800445 5.30874278]", "nit": "21", "callback": [0.6795825350998907, 0.6651485816541695, 0.5337606424581018, 0.4894727394602961, 0.4302973797525602, 0.4102321910494118, 0.38626403971945056, 0.35190372734666453, 0.33008957907248493, 0.29775082856899115, 0.275679032406409, 0.27206558270918046, 0.2689706830412907, 0.2685910315417147, 0.2683823854114423, 0.26806297196583284, 0.26781640010054675, 0.26777435316966713, 0.2677693442448257, 0.2677692064691989, 0.2677692040823113]}, "12": {"maxiter": 500, "gtol": 1e-10, "xrtol": 1e-05, "eps": 1e-05, "duration": 0.043801069259643555, "fun": "0.26776920404230065", "jac": "[ 3.53261864e-07 -1.79412041e-07  4.32542890e-08 -1.49658064e-08\n  2.50588439e-07 -4.13102885e-07]", "hess_inv": "[[ 4.05528227 -0.19397938 -1.08464438 -0.57838139  1.30183642  2.79359847]\n [-0.19397938  3.72267839  2.31196881  0.89171949 -0.67471017 -0.76590151]\n [-1.08464438  2.31196881  8.71404075 -0.98308972 -5.56340376 -2.62566189]\n [-0.57838139  0.89171949 -0.98308972  3.36877755  0.7957063  -0.3115702 ]\n [ 1.30183642 -0.67471017 -5.56340376  0.7957063   6.52701866  2.62136595]\n [ 2.79359847 -0.76590151 -2.62566189 -0.3115702   2.62136595  4.90396982]]", "nfev": "196", "njev": "28", "status": "0", "success": "True", "message": "Optimization terminated successfully.", "x": "[4.25790703