{"date": "2024/10/08/, 15:10:30", "conf_id": 7, "data_type": "random\n", "num_data_points": 1, "s_rank": 0, "unitary": "[[0.18663085-0.53122324j,-0.11886349-0.70040876j,0.28555095-0.02789305j,-0.12262021-0.2844587j],[-0.16702216+0.27758472j,0.27526351-0.29738586j,-0.01109314+0.22495461j,-0.77239203+0.28900673j],[0.61935415+0.12301792j,-0.31269928-0.03315917j,-0.61902762-0.19039079j,-0.27120731-0.0968989j],[0.42341754+0.0023929j,-0.05847358+0.47832119j,0.64900495-0.16218422j,-0.37182676-0.05229966j]]", "databatch_0": {"databatch": "[[[0.15886146+0.0610829j,0.07932448+0.02639176j,0.07338829+0.00374489j,-0.07714906-0.02806378j],[0.48686462+0.0135062j,0.14521341+0.04967288j,0.0622276+0.10469281j,-0.21623799-0.10218724j],[0.38315917-0.12754217j,0.16841432-0.08746805j,0.0978711-0.12289051j,-0.16188911+0.06284061j],[-0.20485272+0.24791507j,0.10587479+0.22720328j,0.39303651+0.18255967j,-0.0976712-0.03953698j]]]", "initial param values": "[4.7666043,4.27893741,2.19316767,4.50048926,3.47808154,3.5163981]", "nelder_mead": {"type": "gradient-free", "0": {"maxiter": 100, "fatol": 1e-05, "xatol": 1e-05, "duration": 0.07536005973815918, "fun": "0.12149720303061307", "nit": "100", "nfev": "170", "status": "2", "success": "False", "message": "Maximum number of iterations has been exceeded.", "x": "[ 5.22820067  4.37221656 -0.18803767  3.41701122  4.21594231  5.8880325 ]", "final_simplex": "(array([[ 5.22820067,  4.37221656, -0.18803767,  3.41701122,  4.21594231,\n         5.8880325 ],\n       [ 5.23631014,  4.35277189, -0.17038058,  3.41570215,  4.20840768,\n         5.88855516],\n       [ 5.23059929,  4.35922487, -0.17714104,  3.39449519,  4.20961929,\n         5.89796227],\n       [ 5.21801043,  4.35642898, -0.19463025,  3.39952174,  4.23024477,\n         5.89572144],\n       [ 5.21931568,  4.3677123 , -0.17720089,  3.4075339 ,  4.21766219,\n         5.88782259],\n       [ 5.23820987,  4.3683172 , -0.19457033,  3.41362365,  4.21019899,\n         5.90151126],\n       [ 5.23684577,  4.35301776, -0.1910795 ,  3.40969279,  4.22071386,\n         5.90087951]]), array([0.1214972 , 0.12150249, 0.12150611, 0.12151105, 0.12152376,\n       0.12155529, 0.1215847 ]))", "callback": [0.9568372738550421, 0.6771923466411469, 0.6041795530916825, 0.31176137841676066, 0.245917174037786, 0.20469983928338453, 0.14684081491433376, 0.12342394057379846, 0.1229403014133521, 0.12150610724322719]}, "1": {"maxiter": 100, "fatol": 1e-05, "xatol": 1e-10, "duration": 0.06026172637939453, "fun": "0.12149720303061307", "nit": "100", "nfev": "170", "status": "2", "success": "False", "message": "Maximum number of iterations has been exceeded.", "x": "[ 5.22820067  4.37221656 -0.18803767  3.41701122  4.21594231  5.8880325 ]", "final_simplex": "(array([[ 5.22820067,  4.37221656, -0.18803767,  3.41701122,  4.21594231,\n         5.8880325 ],\n       [ 5.23631014,  4.35277189, -0.17038058,  3.41570215,  4.20840768,\n         5.88855516],\n       [ 5.23059929,  4.35922487, -0.17714104,  3.39449519,  4.20961929,\n         5.89796227],\n       [ 5.21801043,  4.35642898, -0.19463025,  3.39952174,  4.23024477,\n         5.89572144],\n       [ 5.21931568,  4.3677123 , -0.17720089,  3.4075339 ,  4.21766219,\n         5.88782259],\n       [ 5.23820987,  4.3683172 , -0.19457033,  3.41362365,  4.21019899,\n         5.90151126],\n       [ 5.23684577,  4.35301776, -0.1910795 ,  3.40969279,  4.22071386,\n         5.90087951]]), array([0.1214972 , 0.12150249, 0.12150611, 0.12151105, 0.12152376,\n       0.12155529, 0.1215847 ]))", "callback": [0.9568372738550421, 0.6771923466411469, 0.6041795530916825, 0.31176137841676066, 0.245917174037786, 0.20469983928338453, 0.14684081491433376, 0.12342394057379846, 0.1229403014133521, 0.12150610724322719]}, "2": {"maxiter": 100, "fatol": 1e-10, "xatol": 1e-05, "duration": 0.05017423629760742, "fun": "0.12149720303061307", "nit": "100", "nfev": "170", "status": "2", "success": "False", "message": "Maximum number of iterations has been exceeded.", "x": "[ 5.22820067  4.37221656 -0.18803767  3.41701122  4.21594231  5.8880325 ]", "final_simplex": "(array([[ 5.22820067,  4.37221656, -0.18803767,  3.41701122,  4.21594231,\n         5.8880325 ],\n       [ 5.23631014,  4.35277189, -0.17038058,  3.41570215,  4.20840768,\n         5.88855516],\n       [ 5.23059929,  4.35922487, -0.17714104,  3.39449519,  4.20961929,\n         5.89796227],\n       [ 5.21801043,  4.35642898, -0.19463025,  3.39952174,  4.23024477,\n         5.89572144],\n       [ 5.21931568,  4.3677123 , -0.17720089,  3.4075339 ,  4.21766219,\n         5.88782259],\n       [ 5.23820987,  4.3683172 , -0.19457033,  3.41362365,  4.21019899,\n         5.90151126],\n       [ 5.23684577,  4.35301776, -0.1910795 ,  3.40969279,  4.22071386,\n         5.90087951]]), array([0.1214972 , 0.12150249, 0.12150611, 0.12151105, 0.12152376,\n       0.12155529, 0.1215847 ]))", "callback": [0.9568372738550421, 0.6771923466411469, 0.6041795530916825, 0.31176137841676066, 0.245917174037786, 0.20469983928338453, 0.14684081491433376, 0.12342394057379846, 0.1229403014133521, 0.12150610724322719]}, "3": {"maxiter": 100, "fatol": 1e-10, "xatol": 1e-10, "duration": 0.055506229400634766, "fun": "0.12149720303061307", "nit": "100", "nfev": "170", "status": "2", "success": "False", "message": "Maximum number of iterations has been exceeded.", "x": "[ 5.22820067  4.37221656 -0.18803767  3.41701122  4.21594231  5.8880325 ]", "final_simplex": "(array([[ 5.22820067,  4.37221656, -0.18803767,  3.41701122,  4.21594231,\n         5.8880325 ],\n       [ 5.23631014,  4.35277189, -0.17038058,  3.41570215,  4.20840768,\n         5.88855516],\n       [ 5.23059929,  4.35922487, -0.17714104,  3.39449519,  4.20961929,\n         5.89796227],\n       [ 5.21801043,  4.35642898, -0.19463025,  3.39952174,  4.23024477,\n         5.89572144],\n       [ 5.21931568,  4.3677123 , -0.17720089,  3.4075339 ,  4.21766219,\n         5.88782259],\n       [ 5.23820987,  4.3683172 , -0.19457033,  3.41362365,  4.21019899,\n         5.90151126],\n       [ 5.23684577,  4.35301776, -0.1910795 ,  3.40969279,  4.22071386,\n         5.90087951]]), array([0.1214972 , 0.12150249, 0.12150611, 0.12151105, 0.12152376,\n       0.12155529, 0.1215847 ]))", "callback": [0.9568372738550421, 0.6771923466411469, 0.6041795530916825, 0.31176137841676066, 0.245917174037786, 0.20469983928338453, 0.14684081491433376, 0.12342394057379846, 0.1229403014133521, 0.12150610724322719]}, "4": {"maxiter": 500, "fatol": 1e-05, "xatol": 1e-05, "duration": 0.2325119972229004, "fun": "0.10962969440550452", "nit": "445", "nfev": "710", "status": "0", "success": "True", "message": "Optimization terminated successfully.", "x": "[ 5.28795762  4.64673332 -0.42351218  3.44708106  2.77960842  4.53131415]", "final_simplex": "(array([[ 5.28795762,  4.64673332, -0.42351218,  3.44708106,  2.77960842,\n         4.53131415],\n       [ 5.28795862,  4.64673176, -0.42350963,  3.44708073,  2.77961159,\n         4.53131938],\n       [ 5.28795763,  4.64673086, -0.42350918,  3.44708071,  2.77961363,\n         4.5313204 ],\n       [ 5.28795806,  4.64673269, -0.42351043,  3.44708193,  2.77960862,\n         4.53131589],\n       [ 5.28795823,  4.64673189, -0.42351146,  3.44708121,  2.77960856,\n         4.53131627],\n       [ 5.28795865,  4.64673228, -0.42351085,  3.44708059,  2.77960329,\n         4.53131029],\n       [ 5.28795681,  4.64673357, -0.4235121 ,  3.44708134,  2.77960503,\n         4.5313113 ]]), array([0.10962969, 0.10962969, 0.10962969, 0.10962969, 0.10962969,\n       0.10962969, 0.10962969]))", "callback": [0.9568372738550421, 0.6771923466411469, 0.6041795530916825, 0.31176137841676066, 0.245917174037786, 0.20469983928338453, 0.14684081491433376, 0.12342394057379846, 0.1229403014133521, 0.12150610724322719, 0.12146847041735076, 0.12141024736853201, 0.12129398268868852, 0.12071618510442372, 0.12015233095133704, 0.11837953019505532, 0.1177662835976453, 0.11742972518592565, 0.1169671491796701, 0.11670289341606421, 0.11582659812515805, 0.1151015547899541, 0.11440818207754289, 0.11239467153532978, 0.11135591947283996, 0.11013204556026657, 0.10988394320509742, 0.10970379246516881, 0.1096476349528912, 0.10963418537596714, 0.10963135875763363, 0.1096301918898901, 0.10962974850873264, 0.10962970634854885, 0.10962970067959721, 0.10962969799621103, 0.10962969687222468, 0.10962969556033042, 0.10962969510278109, 0.10962969479041751, 0.1096296945152544, 0.1096296944555657, 0.10962969441180337, 0.10962969440836756, 0.10962969440550452]}, "5": {"maxiter": 500, "fatol": 1e-05, "xatol": 1e-10, "duration": 0.26658201217651367, "fun": "0.10962969440526404", "nit": "500", "nfev": "799", "status": "2", "success": "False", "message": "Maximum number of iterations has been exceeded.", "x": "[ 5.28795854  4.64673287 -0.42351125  3.44708074  2.77960868  4.53131545]", "final_simplex": "(array([[ 5.28795854,  4.64673287, -0.42351125,  3.44708074,  2.77960868,\n         4.53131545],\n       [ 5.28795856,  4.6467329 , -0.42351129,  3.44708072,  2.77960857,\n         4.53131537],\n       [ 5.28795858,  4.64673293, -0.42351134,  3.44708074,  2.77960835,\n         4.53131514],\n       [ 5.28795853,  4.64673293, -0.42351136,  3.44708075,  2.77960846,\n         4.53131519],\n       [ 5.28795854,  4.6467329 , -0.42351134,  3.44708072,  2.77960845,\n         4.53131521],\n       [ 5.28795853,  4.64673291, -0.4235113 ,  3.44708074,  2.77960847,\n         4.53131523],\n       [ 5.28795856,  4.64673291, -0.4235113 ,  3.44708073,  2.77960856,\n         4.53131533]]), array([0.10962969, 0.10962969, 0.10962969, 0.10962969, 0.10962969,\n       0.10962969, 0.10962969]))", "callback": [0.9568372738550421, 0.6771923466411469, 0.6041795530916825, 0.31176137841676066, 0.245917174037786, 0.20469983928338453, 0.14684081491433376, 0.12342394057379846, 0.1229403014133521, 0.12150610724322719, 0.12146847041735076, 0.12141024736853201, 0.12129398268868852, 0.12071618510442372, 0.12015233095133704, 0.11837953019505532, 0.1177662835976453, 0.11742972518592565, 0.1169671491796701, 0.11670289341606421, 0.11582659812515805, 0.1151015547899541, 0.11440818207754289, 0.11239467153532978, 0.11135591947283996, 0.11013204556026657, 0.10988394320509742, 0.10970379246516881, 0.1096476349528912, 0.10963418537596714, 0.10963135875763363, 0.1096301918898901, 0.10962974850873264, 0.10962970634854885, 0.10962970067959721, 0.10962969799621103, 0.10962969687222468, 0.10962969556033042, 0.10962969510278109, 0.10962969479041751, 0.1096296945152544, 0.1096296944555657, 0.10962969441180337, 0.10962969440836756, 0.10962969440550452, 0.10962969440532666, 0.10962969440529224, 0.10962969440527115, 0.10962969440526571, 0.10962969440526404]}, "6": {"maxiter": 500, "fatol": 1e-10, "xatol": 1e-05, "duration": 0.24808192253112793, "fun": "0.10962969440550452", "nit": "445", "nfev": "710", "status": "0", "success": "True", "message": "Optimization terminated successfully.", "x": "[ 5.28795762  4.64673332 -0.42351218  3.44708106  2.77960842  4.53131415]", "final_simplex": "(array([[ 5.28795762,  4.64673332, -0.42351218,  3.44708106,  2.77960842,\n         4.53131415],\n       [ 5.28795862,  4.64673176, -0.42350963,  3.44708073,  2.77961159,\n         4.53131938],\n       [ 5.28795763,  4.64673086, -0.42350918,  3.44708071,  2.77961363,\n         4.5313204 ],\n       [ 5.28795806,  4.64673269, -0.42351043,  3.44708193,  2.77960862,\n         4.53131589],\n       [ 5.28795823,  4.64673189, -0.42351146,  3.44708121,  2.77960856,\n         4.53131627],\n       [ 5.28795865,  4.64673228, -0.42351085,  3.44708059,  2.77960329,\n         4.53131029],\n       [ 5.28795681,  4.64673357, -0.4235121 ,  3.44708134,  2.77960503,\n         4.5313113 ]]), array([0.10962969, 0.10962969, 0.10962969, 0.10962969, 0.10962969,\n       0.10962969, 0.10962969]))", "callback": [0.9568372738550421, 0.6771923466411469, 0.6041795530916825, 0.31176137841676066, 0.245917174037786, 0.20469983928338453, 0.14684081491433376, 0.12342394057379846, 0.1229403014133521, 0.12150610724322719, 0.12146847041735076, 0.12141024736853201, 0.12129398268868852, 0.12071618510442372, 0.12015233095133704, 0.11837953019505532, 0.1177662835976453, 0.11742972518592565, 0.1169671491796701, 0.11670289341606421, 0.11582659812515805, 0.1151015547899541, 0.11440818207754289, 0.11239467153532978, 0.11135591947283996, 0.11013204556026657, 0.10988394320509742, 0.10970379246516881, 0.1096476349528912, 0.10963418537596714, 0.10963135875763363, 0.1096301918898901, 0.10962974850873264, 0.10962970634854885, 0.10962970067959721, 0.10962969799621103, 0.10962969687222468, 0.10962969556033042, 0.10962969510278109, 0.10962969479041751, 0.1096296945152544, 0.1096296944555657, 0.10962969441180337, 0.10962969440836756, 0.10962969440550452]}, "7": {"maxiter": 500, "fatol": 1e-10, "xatol": 1e-10, "duration": 0.2781047821044922, "fun": "0.10962969440526404", "nit": "500", "nfev": "799", "status": "2", "success": "False", "message": "Maximum number of iterations has been exceeded.", "x": "[ 5.28795854  4.64673287 -0.42351125  3.44708074  2.77960868  4.53131545]", "final_simplex": "(array([[ 5.28795854,  4.64673287, -0.42351125,  3.44708074,  2.77960868,\n         4.53131545],\n       [ 5.28795856,  4.6467329 , -0.42351129,  3.44708072,  2.77960857,\n         4.53131537],\n       [ 5.28795858,  4.64673293, -0.42351134,  3.44708074,  2.77960835,\n         4.53131514],\n       [ 5.28795853,  4.64673293, -0.42351136,  3.44708075,  2.77960846,\n         4.53131519],\n       [ 5.28795854,  4.6467329 , -0.42351134,  3.44708072,  2.77960845,\n         4.53131521],\n       [ 5.28795853,  4.64673291, -0.4235113 ,  3.44708074,  2.77960847,\n         4.53131523],\n       [ 5.28795856,  4.64673291, -0.4235113 ,  3.44708073,  2.77960856,\n         4.53131533]]), array([0.10962969, 0.10962969, 0.10962969, 0.10962969, 0.10962969,\n       0.10962969, 0.10962969]))", "callback": [0.9568372738550421, 0.6771923466411469, 0.6041795530916825, 0.31176137841676066, 0.245917174037786, 0.20469983928338453, 0.14684081491433376, 0.12342394057379846, 0.1229403014133521, 0.12150610724322719, 0.12146847041735076, 0.12141024736853201, 0.12129398268868852, 0.12071618510442372, 0.12015233095133704, 0.11837953019505532, 0.1177662835976453, 0.11742972518592565, 0.1169671491796701, 0.11670289341606421, 0.11582659812515805, 0.1151015547899541, 0.11440818207754289, 0.11239467153532978, 0.11135591947283996, 0.11013204556026657, 0.10988394320509742, 0.10970379246516881, 0.1096476349528912, 0.10963418537596714, 0.10963135875763363, 0.1096301918898901, 0.10962974850873264, 0.10962970634854885, 0.10962970067959721, 0.10962969799621103, 0.10962969687222468, 0.10962969556033042, 0.10962969510278109, 0.10962969479041751, 0.1096296945152544, 0.1096296944555657, 0.10962969441180337, 0.10962969440836756, 0.10962969440550452, 0.10962969440532666, 0.10962969440529224, 0.10962969440527115, 0.10962969440526571, 0.10962969440526404]}, "8": {"maxiter": 1000, "fatol": 1e-05, "xatol": 1e-05, "duration": 0.25101613998413086, "fun": "0.10962969440550452", "nit": "445", "nfev": "710", "status": "0", "success": "True", "message": "Optimization terminated successfully.", "x": "[ 5.28795762  4.64673332 -0.42351218  3.44708106  2.77960842  4.53131415]", "final_simplex": "(array([[ 5.28795762,  4.64673332, -0.42351218,  3.44708106,  2.77960842,\n         4.53131415],\n       [ 5.28795862,  4.64673176, -0.42350963,  3.44708073,  2.77961159,\n         4.53131938],\n       [ 5.28795763,  4.64673086, -0.42350918,  3.44708071,  2.77961363,\n         4.5313204 ],\n       [ 5.28795806,  4.64673269, -0.42351043,  3.44708193,  2.77960862,\n         4.53131589],\n       [ 5.28795823,  4.64673189, -0.42351146,  3.44708121,  2.77960856,\n         4.53131627],\n       [ 5.28795865,  4.64673228, -0.42351085,  3.44708059,  2.77960329,\n         4.53131029],\n       [ 5.28795681,  4.64673357, -0.4235121 ,  3.44708134,  2.77960503,\n         4.5313113 ]]), array([0.10962969, 0.10962969, 0.10962969, 0.10962969, 0.10962969,\n       0.10962969, 0.10962969]))", "callback": [0.9568372738550421, 0.6771923466411469, 0.6041795530916825, 0.31176137841676066, 0.245917174037786, 0.20469983928338453, 0.14684081491433376, 0.12342394057379846, 0.1229403014133521, 0.12150610724322719, 0.12146847041735076, 0.12141024736853201, 0.12129398268868852, 0.12071618510442372, 0.12015233095133704, 0.11837953019505532, 0.1177662835976453, 0.11742972518592565, 0.1169671491796701, 0.11670289341606421, 0.11582659812515805, 0.1151015547899541, 0.11440818207754289, 0.11239467153532978, 0.11135591947283996, 0.11013204556026657, 0.10988394320509742, 0.10970379246516881, 0.1096476349528912, 0.10963418537596714, 0.10963135875763363, 0.1096301918898901, 0.10962974850873264, 0.10962970634854885, 0.10962970067959721, 0.10962969799621103, 0.10962969687222468, 0.10962969556033042, 0.10962969510278109, 0.10962969479041751, 0.1096296945152544, 0.1096296944555657, 0.10962969441180337, 0.10962969440836756, 0.10962969440550452]}, "9": {"maxiter": 1000, "fatol": 1e-05, "xatol": 1e-10, "duration": 0.3339228630065918, "fun": "0.10962969440526393", "nit": "548", "nfev": "939", "status": "0", "success": "True", "message": "Optimization terminated successfully.", "x": "[ 5.28795854  4.64673289 -0.42351128  3.44708074  2.77960859  4.53131536]", "final_simplex": "(array([[ 5.28795854,  4.64673289, -0.42351128,  3.44708074,  2.77960859,\n         4.53131536],\n       [ 5.28795854,  4.64673289, -0.42351128,  3.44708074,  2.77960859,\n         4.53131536],\n       [ 5.28795854,  4.64673289, -0.42351128,  3.44708074,  2.77960859,\n         4.53131536],\n       [ 5.28795854,  4.64673289, -0.42351128,  3.44708074,  2.77960859,\n         4.53131536],\n       [ 5.28795854,  4.64673289, -0.42351128,  3.44708074,  2.77960859,\n         4.53131536],\n       [ 5.28795854,  4.64673289, -0.42351128,  3.44708074,  2.77960859,\n         4.53131536],\n       [ 5.28795854,  4.64673289, -0.42351128,  3.44708074,  2.77960859,\n         4.53131536]]), array([0.10962969, 0.10962969, 0.10962969, 0.10962969, 0.10962969,\n       0.10962969, 0.10962969]))", "callback": [0.9568372738550421, 0.6771923466411469, 0.6041795530916825, 0.31176137841676066, 0.245917174037786, 0.20469983928338453, 0.14684081491433376, 0.12342394057379846, 0.1229403014133521, 0.12150610724322719, 0.12146847041735076, 0.12141024736853201, 0.12129398268868852, 0.12071618510442372, 0.12015233095133704, 0.11837953019505532, 0.1177662835976453, 0.11742972518592565, 0.1169671491796701, 0.11670289341606421, 0.11582659812515805, 0.1151015547899541, 0.11440818207754289, 0.11239467153532978, 0.11135591947283996, 0.11013204556026657, 0.10988394320509742, 0.10970379246516881, 0.1096476349528912, 0.10963418537596714, 0.10963135875763363, 0.1096301918898901, 0.10962974850873264, 0.10962970634854885, 0.10962970067959721, 0.10962969799621103, 0.10962969687222468, 0.10962969556033042, 0.10962969510278109, 0.10962969479041751, 0.1096296945152544, 0.1096296944555657, 0.10962969441180337, 0.10962969440836756, 0.10962969440550452, 0.10962969440532666, 0.10962969440529224, 0.10962969440527115, 0.10962969440526571, 0.10962969440526404, 0.10962969440526404, 0.10962969440526393, 0.10962969440526393, 0.10962969440526393, 0.10962969440526393]}, "10": {"maxiter": 1000, "fatol": 1e-10, "xatol": 1e-05, "duration": 0.22773098945617676, "fun": "0.10962969440550452", "nit": "445", "nfev": "710", "status": "0", "success": "True", "message": "Optimization terminated successfully.", "x": "[ 5.28795762  4.64673332 -0.42351218  3.44708106  2.77960842  4.53131415]", "final_simplex": "(array([[ 5.28795762,  4.64673332, -0.42351218,  3.44708106,  2.77960842,\n         4.53131415],\n       [ 5.28795862,  4.64673176, -0.42350963,  3.44708073,  2.77961159,\n         4.53131938],\n       [ 5.28795763,  4.64673086, -0.42350918,  3.44708071,  2.77961363,\n         4.5313204 ],\n       [ 5.28795806,  4.64673269, -0.42351043,  3.44708193,  2.77960862,\n         4.53131589],\n       [ 5.28795823,  4.64673189, -0.42351146,  3.44708121,  2.77960856,\n         4.53131627],\n       [ 5.28795865,  4.64673228, -0.42351085,  3.44708059,  2.77960329,\n         4.53131029],\n       [ 5.28795681,  4.64673357, -0.4235121 ,  3.44708134,  2.77960503,\n         4.5313113 ]]), array([0.10962969, 0.10962969, 0.10962969, 0.10962969, 0.10962969,\n       0.10962969, 0.10962969]))", "callback": [0.9568372738550421, 0.6771923466411469, 0.6041795530916825, 0.31176137841676066, 0.245917174037786, 0.20469983928338453, 0.14684081491433376, 0.12342394057379846, 0.1229403014133521, 0.12150610724322719, 0.12146847041735076, 0.12141024736853201, 0.12129398268868852, 0.12071618510442372, 0.12015233095133704, 0.11837953019505532, 0.1177662835976453, 0.11742972518592565, 0.1169671491796701, 0.11670289341606421, 0.11582659812515805, 0.1151015547899541, 0.11440818207754289, 0.11239467153532978, 0.11135591947283996, 0.11013204556026657, 0.10988394320509742, 0.10970379246516881, 0.1096476349528912, 0.10963418537596714, 0.10963135875763363, 0.1096301918898901, 0.10962974850873264, 0.10962970634854885, 0.10962970067959721, 0.10962969799621103, 0.10962969687222468, 0.10962969556033042, 0.10962969510278109, 0.10962969479041751, 0.1096296945152544, 0.1096296944555657, 0.10962969441180337, 0.10962969440836756, 0.10962969440550452]}, "11": {"maxiter": 1000, "fatol": 1e-10, "xatol": 1e-10, "duration": 0.30419421195983887, "fun": "0.10962969440526393", "nit": "548", "nfev": "939", "status": "0", "success": "True", "message": "Optimization terminated successfully.", "x": "[ 5.28795854  4.64673289 -0.42351128  3.44708074  2.77960859  4.53131536]", "final_simplex": "(array([[ 5.28795854,  4.64673289, -0.42351128,  3.44708074,  2.77960859,\n         4.53131536],\n       [ 5.28795854,  4.64673289, -0.42351128,  3.44708074,  2.77960859,\n         4.53131536],\n       [ 5.28795854,  4.64673289, -0.42351128,  3.44708074,  2.77960859,\n         4.53131536],\n       [ 5.28795854,  4.64673289, -0.42351128,  3.44708074,  2.77960859,\n         4.53131536],\n       [ 5.28795854,  4.64673289, -0.42351128,  3.44708074,  2.77960859,\n         4.53131536],\n       [ 5.28795854,  4.64673289, -0.42351128,  3.44708074,  2.77960859,\n         4.53131536],\n       [ 5.28795854,  4.64673289, -0.42351128,  3.44708074,  2.77960859,\n         4.53131536]]), array([0.10962969, 0.10962969, 0.10962969, 0.10962969, 0.10962969,\n       0.10962969, 0.10962969]))", "callback": [0.9568372738550421, 0.6771923466411469, 0.6041795530916825, 0.31176137841676066, 0.245917174037786, 0.20469983928338453, 0.14684081491433376, 0.12342394057379846, 0.1229403014133521, 0.12150610724322719, 0.12146847041735076, 0.12141024736853201, 0.12129398268868852, 0.12071618510442372, 0.12015233095133704, 0.11837953019505532, 0.1177662835976453, 0.11742972518592565, 0.1169671491796701, 0.11670289341606421, 0.11582659812515805, 0.1151015547899541, 0.11440818207754289, 0.11239467153532978, 0.11135591947283996, 0.11013204556026657, 0.10988394320509742, 0.10970379246516881, 0.1096476349528912, 0.10963418537596714, 0.10963135875763363, 0.1096301918898901, 0.10962974850873264, 0.10962970634854885, 0.10962970067959721, 0.10962969799621103, 0.10962969687222468, 0.10962969556033042, 0.10962969510278109, 0.10962969479041751, 0.1096296945152544, 0.1096296944555657, 0.10962969441180337, 0.10962969440836756, 0.10962969440550452, 0.10962969440532666, 0.10962969440529224, 0.10962969440527115, 0.10962969440526571, 0.10962969440526404, 0.10962969440526404, 0.10962969440526393, 0.10962969440526393, 0.10962969440526393, 0.10962969440526393]}}, "bfgs": {"type": "gradient", "0": {"maxiter": 100, "gtol": 1e-05, "xrtol": 1e-05, "eps": 1e-05, "duration": 0.07564806938171387, "fun": "0.10962969528918287", "jac": "[-4.01515488e-06  2.70832246e-06 -8.21853696e-07 -1.26095800e-06\n -3.50208751e-06  3.90352195e-06]", "hess_inv": "[[  4.25625318   2.57033601  -3.19281344  -0.46961324 -13.25602419\n  -10.38882784]\n [  2.57033601   8.63926024  -8.3379574    1.49882028 -24.92853704\n  -23.51195707]\n [ -3.19281344  -8.3379574   12.69719485   0.22777121  32.64374336\n   31.65868956]\n [ -0.46961324   1.49882028   0.22777121   3.8017236   -1.40005065\n   -1.14516568]\n [-13.25602419 -24.92853704  32.64374336  -1.40005065 122.25229646\n  112.66719965]\n [-10.38882784 -23.51195707  31.65868956  -1.14516568 112.66719965\n  107.77124958]]", "nfev": "266", "njev": "38", "status": "0", "success": "True", "message": "Optimization terminated successfully.", "x": "[ 5.2879841   4.64683119 -0.42365124  3.44708294  2.77915191  4.53088534]", "nit": "26", "callback": [0.8917043591399705, 0.38397907069453185, 0.3783837469746757, 0.18568583221723522, 0.14991997896165432, 0.12114655780392591, 0.11890293425277432, 0.11782040739400235, 0.11736251386066376, 0.11658479785216791, 0.11555985135712421, 0.1151549469435762, 0.11451431372069587, 0.11346741515418968, 0.11179644690783397, 0.11018583944835425, 0.109782596801548, 0.10964783283995183, 0.10963391727676863, 0.10963173074912591, 0.10963010770248638, 0.10962973283393573, 0.10962969968936076, 0.10962969746705054, 0.10962969578020065, 0.10962969528918287]}, "1": {"maxiter": 100, "gtol": 1e-05, "xrtol": 1e-05, "eps": 1e-10, "duration": 0.09190201759338379, "fun": "0.10962969517377796", "jac": "[-2.22044587e-06 -3.33066880e-06 -7.77156053e-06  6.66133760e-06\n  4.44089173e-06  1.11022293e-06]", "hess_inv": "[[ 5.52933226 -0.79186972 -1.12103778  0.42327346 -8.65566989 -5.92461081]\n [-0.79186972  4.78733501 -1.72081927  1.52438964 -0.86919938 -0.84791081]\n [-1.12103778 -1.72081927  4.21377842 -0.43386037  5.27654012  5.39108292]\n [ 0.42327346  1.52438964 -0.43386037  3.9363072  -4.71425775 -3.59486322]\n [-8.65566989 -0.86919938  5.27654012 -4.71425775 34.7655671  29.2306563 ]\n [-5.92461081 -0.84791081  5.39108292 -3.59486322 29.2306563  28.16889352]]", "nfev": "266", "njev": "38", "status": "0", "success": "True", "message": "Optimization terminated successfully.", "x": "[ 5.28790422  4.64667255 -0.42343993  3.44709185  2.77997805  4.53163552]", "nit": "26", "callback": [0.8916818170047356, 0.38396842137984344, 0.37837200848320507, 0.18565068748912106, 0.14988752392878646, 0.12114601035494621, 0.11890356111702893, 0.11782082970256003, 0.11736234887659358, 0.11658405393671478, 0.11555951762003436, 0.11515607860425736, 0.11451626925225922, 0.11347028129285075, 0.11180225450045622, 0.11019162687594597, 0.10978383103800149, 0.10964832380797751, 0.10963395406669796, 0.10963173558786388, 0.10963012707434105, 0.10962972829310014, 0.10962970268162553, 0.10962969761997188, 0.10962969645269172, 0.10962969517377796]}, "2": {"maxiter": 100, "gtol": 1e-05, "xrtol": 1e-10, "eps": 1e-05, "duration": 0.08961677551269531, "fun": "0.10962969528918287", "jac": "[-4.01515488e-06  2.70832246e-06 -8.21853696e-07 -1.26095800e-06\n -3.50208751e-06  3.90352195e-06]", "hess_inv": "[[  4.25625318   2.57033601  -3.19281344  -0.46961324 -13.25602419\n  -10.38882784]\n [  2.57033601   8.63926024  -8.3379574    1.49882028 -24.92853704\n  -23.51195707]\n [ -3.19281344  -8.3379574   12.69719485   0.22777121  32.64374336\n   31.65868956]\n [ -0.46961324   1.49882028   0.22777121   3.8017236   -1.40005065\n   -1.14516568]\n [-13.25602419 -24.92853704  32.64374336  -1.40005065 122.25229646\n  112.66719965]\n [-10.38882784 -23.51195707  31.65868956  -1.14516568 112.66719965\n  107.77124958]]", "nfev": "266", "njev": "38", "status": "0", "success": "True", "message": "Optimization terminated successfully.", "x": "[ 5.2879841   4.64683119 -0.42365124  3.44708294  2.77915191  4.53088534]", "nit": "26", "callback": [0.8917043591399705, 0.38397907069453185, 0.3783837469746757, 0.18568583221723522, 0.14991997896165432, 0.12114655780392591, 0.11890293425277432, 0.11782040739400235, 0.11736251386066376, 0.11658479785216791, 0.11555985135712421, 0.1151549469435762, 0.11451431372069587, 0.11346741515418968, 0.11179644690783397, 0.11018583944835425, 0.109782596801548, 0.10964783283995183, 0.10963391727676863, 0.10963173074912591, 0.10963010770248638, 0.10962973283393573, 0.10962969968936076, 0.10962969746705054, 0.10962969578020065, 0.10962969528918287]}, "3": {"maxiter": 100, "gtol": 1e-05, "xrtol": 1e-10, "eps": 1e-10, "duration": 0.08609414100646973, "fun": "0.10962969517377796", "jac": "[-2.22044587e-06 -3.33066880e-06 -7.77156053e-06  6.66133760e-06\n  4.44089173e-06  1.11022293e-06]", "hess_inv": "[[ 5.52933226 -0.79186972 -1.12103778  0.42327346 -8.65566989 -5.92461081]\n [-0.79186972  4.78733501 -1.72081927  1.52438964 -0.86919938 -0.84791081]\n [-1.12103778 -1.72081927  4.21377842 -0.43386037  5.27654012  5.39108292]\n [ 0.42327346  1.52438964 -0.43386037  3.9363072  -4.71425775 -3.59486322]\n [-8.65566989 -0.86919938  5.27654012 -4.71425775 34.7655671  29.2306563 ]\n [-5.92461081 -0.84791081  5.39108292 -3.59486322 29.2306563  28.16889352]]", "nfev": "266", "njev": "38", "status": "0", "success": "True", "message": "Optimization terminated successfully.", "x": "[ 5.28790422  4.64667255 -0.42343993  3.44709185  2.77997805  4.53163552]", "nit": "26", "callback": [0.8916818170047356, 0.38396842137984344, 0.37837200848320507, 0.18565068748912106, 0.14988752392878646, 0.12114601035494621, 0.11890356111702893, 0.11782082970256003, 0.11736234887659358, 0.11658405393671478, 0.11555951762003436, 0.11515607860425736, 0.11451626925225922, 0.11347028129285075, 0.11180225450045622, 0.11019162687594597, 0.10978383103800149, 0.10964832380797751, 0.10963395406669796, 0.10963173558786388, 0.10963012707434105, 0.10962972829310014, 0.10962970268162553, 0.10962969761997188, 0.10962969645269172, 0.10962969517377796]}, "4": {"maxiter": 100, "gtol": 1e-10, "xrtol": 1e-05, "eps": 1e-05, "duration": 0.09374189376831055, "fun": "0.10962969515584553", "jac": "[-3.32966987e-07 -1.50379709e-07 -1.48592250e-07  4.62696548e-07\n -6.75148826e-07  6.60094202e-07]", "hess_inv": "[[ 4.06564582e+00  1.97409335e+00 -2.67045297e+00 -4.93733069e-01\n  -1.14359327e+01 -9.09214467e+00]\n [ 1.97409335e+00  9.27178597e+00 -8.79460786e+00  1.65034703e+00\n  -2.48235956e+01 -2.35403264e+01]\n [-2.67045297e+00 -8.79460786e+00  1.30156503e+01  1.03880756e-01\n   3.23336540e+01  3.15241005e+01]\n [-4.93733069e-01  1.65034703e+00  1.03880756e-01  3.81929819e+00\n  -1.67759655e+00 -1.35226929e+00]\n [-1.14359327e+01 -2.48235956e+01  3.23336540e+01 -1.67759655e+00\n   1.17376834e+02  1.09424547e+02]\n [-9.09214467e+00 -2.35403264e+01  3.15241005e+01 -1.35226929e+00\n   1.09424547e+02  1.05629754e+02]]", "nfev": "273", "njev": "39", "status": "0", "success": "True", "message": "Optimization terminated successfully.", "x": "[ 5.2879877   4.64681381 -0.42363713  3.4470808   2.77918161  4.53090768]", "nit": "27", "callback": [0.8917043591399705, 0.38397907069453185, 0.3783837469746757, 0.18568583221723522, 0.14991997896165432, 0.12114655780392591, 0.11890293425277432, 0.11782040739400235, 0.11736251386066376, 0.11658479785216791, 0.11555985135712421, 0.1151549469435762, 0.11451431372069587, 0.11346741515418968, 0.11179644690783397, 0.11018583944835425, 0.109782596801548, 0.10964783283995183, 0.10963391727676863, 0.10963173074912591, 0.10963010770248638, 0.10962973283393573, 0.10962969968936076, 0.10962969746705054, 0.10962969578020065, 0.10962969528918287, 0.10962969515584553]}, "5": {"maxiter": 100, "gtol": 1e-10, "xrtol": 1e-05, "eps": 1e-10, "duration": 0.09582114219665527, "fun": "0.10962969459824434", "jac": "[ 1.11022293e-06  2.22044587e-06  3.33066880e-06 -3.33066880e-06\n  3.33066880e-06 -1.11022293e-06]", "hess_inv": "[[ 3.55796449  0.82109812 -0.61416525 -0.81739416 -5.79494442 -3.47976326]\n [ 0.82109812  4.33321352 -2.13987852  1.59360773 -4.94776025 -3.97906527]\n [-0.61416525 -2.13987852  3.81529665 -0.33667778  4.90486179  5.27810156]\n [-0.81739416  1.59360773 -0.33667778  3.99773838 -0.71472477 -0.38972889]\n [-5.79494442 -4.94776025  4.90486179 -0.71472477 33.63324706 27.27783194]\n [-3.47976326 -3.97906527  5.27810156 -0.38972889 27.27783194 25.6443113 ]]", "nfev": "280", "njev": "40", "status": "0", "success": "True", "message": "Optimization terminated successfully.", "x": "[ 5.28794512  4.64668795 -0.42344417  3.44706971  2.77981194  4.53150854]", "nit": "28", "callback": [0.8916818170047356, 0.38396842137984344, 0.37837200848320507, 0.18565068748912106, 0.14988752392878646, 0.12114601035494621, 0.11890356111702893, 0.11782082970256003, 0.11736234887659358, 0.11658405393671478, 0.11555951762003436, 0.11515607860425736, 0.11451626925225922, 0.11347028129285075, 0.11180225450045622, 0.11019162687594597, 0.10978383103800149, 0.10964832380797751, 0.10963395406669796, 0.10963173558786388, 0.10963012707434105, 0.10962972829310014, 0.10962970268162553, 0.10962969761997188, 0.10962969645269172, 0.10962969517377796, 0.10962969474395079, 0.10962969459824434]}, "6": {"maxiter": 100, "gtol": 1e-10, "xrtol": 1e-10, "eps": 1e-05, "duration": 0.16369271278381348, "fun": "0.10962969514085419", "jac": "[ 1.27675648e-09 -7.43849427e-09 -2.99760217e-10  1.03250741e-08\n  4.96269692e-09 -5.82867088e-09]", "hess_inv": "[[  4.02231211   2.05713376  -2.68087639  -0.20988932 -11.81367038\n   -9.29432487]\n [  2.05713376   9.63612512  -9.00613693   2.20262176 -26.36863213\n  -24.44732212]\n [ -2.68087639  -9.00613693  13.07244477  -0.5036056   33.40656031\n   32.08237149]\n [ -0.20988932   2.20262176  -0.5036056    3.42454783  -3.28830044\n   -2.62575057]\n [-11.81367038 -26.36863213  33.40656031  -3.28830044 123.44947308\n  113.25909766]\n [ -9.29432487 -24.44732212  32.08237149  -2.62575057 113.25909766\n  107.96239821]]", "nfev": "502", "njev": "70", "status": "2", "success": "False", "message": "Desired error not necessarily achieved due to precision loss.", "x": "[ 5.28798718  4.64681193 -0.42363582  3.44707893  2.77918884  4.53091214]", "nit": "29", "callback": [0.8917043591399705, 0.38397907069453185, 0.3783837469746757, 0.18568583221723522, 0.14991997896165432, 0.12114655780392591, 0.11890293425277432, 0.11782040739400235, 0.11736251386066376, 0.11658479785216791, 0.11555985135712421, 0.1151549469435762, 0.11451431372069587, 0.11346741515418968, 0.11179644690783397, 0.11018583944835425, 0.109782596801548, 0.10964783283995183, 0.10963391727676863, 0.10963173074912591, 0.10963010770248638, 0.10962973283393573, 0.10962969968936076, 0.10962969746705054, 0.10962969578020065, 0.10962969528918287, 0.10962969515584553, 0.10962969514410548, 0.10962969514085419]}, "7": {"maxiter": 100, "gtol": 1e-10, "xrtol": 1e-10, "eps": 1e-10, "duration": 0.12150406837463379, "fun": "0.10962969452122195", "jac": "[2.22044587e-06 2.22044587e-06 0.00000000e+00 1.11022293e-06\n 1.11022293e-06 2.22044587e-06]", "hess_inv": "[[ 3.11576023  1.98101164 -1.76446606  0.72700772 -2.27196921 -1.04329286]\n [ 1.98101164  9.32305441 -7.12266493  4.58330044 -5.59808621 -6.18154544]\n [-1.76446606 -7.12266493  6.88255642 -3.52836575  3.52765781  4.5182909 ]\n [ 0.72700772  4.58330044 -3.52836575  4.10377617 -3.70789442 -3.76794147]\n [-2.27196921 -5.59808621  3.52765781 -3.70789442  6.80346481  3.803194  ]\n [-1.04329286 -6.18154544  4.5182909  -3.76794147  3.803194    5.23054422]]", "nfev": "385", "njev": "55", "status": "0", "success": "True", "message": "Optimization terminated successfully.", "x": "[ 5.28795039  4.6467035  -0.42346631  3.4470825   2.77976857  4.53147257]", "nit": "33", "callback": [0.8916818170047356, 0.38396842137984344, 0.37837200848320507, 0.18565068748912106, 0.14988752392878646, 0.12114601035494621, 0.11890356111702893, 0.11782082970256003, 0.11736234887659358, 0.11658405393671478, 0.11555951762003436, 0.11515607860425736, 0.11451626925225922, 0.11347028129285075, 0.11180225450045622, 0.11019162687594597, 0.10978383103800149, 0.10964832380797751, 0.10963395406669796, 0.10963173558786388, 0.10963012707434105, 0.10962972829310014, 0.10962970268162553, 0.10962969761997188, 0.10962969645269172, 0.10962969517377796, 0.10962969474395079, 0.10962969459824434, 0.10962969457311711, 0.10962969455397753, 0.10962969453049487, 0.10962969452122207, 0.10962969452122195]}, "8": {"maxiter": 500, "gtol": 1e-05, "xrtol": 1e-05, "eps": 1e-05, "duration": 0.08512997627258301, "fun": "0.10962969528918287", "jac": "[-4.01515488e-06  2.70832246e-06 -8.21853696e-07 -1.26095800e-06\n -3.50208751e-06  3.90352195e-06]", "hess_inv": "[[  4.25625318   2.57033601  -3.19281344  -0.46961324 -13.25602419\n  -10.38882784]\n [  2.57033601   8.63926024  -8.3379574    1.49882028 -24.92853704\n  -23.51195707]\n [ -3.19281344  -8.3379574   12.69719485   0.22777121  32.64374336\n   31.65868956]\n [ -0.46961324   1.49882028   0.22777121   3.8017236   -1.40005065\n   -1.14516568]\n [-13.25602419 -24.92853704  32.64374336  -1.40005065 122.25229646\n  112.66719965]\n [-10.38882784 -23.51195707  31.65868956  -1.14516568 112.66719965\n  107.77124958]]", "nfev": "266", "njev": "38", "status": "0", "success": "True", "message": "Optimization terminated successfully.", "x": "[ 5.2879841   4.64683119 -0.42365124  3.44708294  2.77915191  4.53088534]", "nit": "26", "callback": [0.8917043591399705, 0.38397907069453185, 0.3783837469746757, 0.18568583221723522, 0.14991997896165432, 0.12114655780392591, 0.11890293425277432, 0.11782040739400235, 0.11736251386066376, 0.11658479785216791, 0.11555985135712421, 0.1151549469435762, 0.11451431372069587, 0.11346741515418968, 0.11179644690783397, 0.11018583944835425, 0.109782596801548, 0.10964783283995183, 0.10963391727676863, 0.10963173074912591, 0.10963010770248638, 0.10962973283393573, 0.10962969968936076, 0.10962969746705054, 0.10962969578020065, 0.10962969528918287]}, "9": {"maxiter": 500, "gtol": 1e-05, "xrtol": 1e-05, "eps": 1e-10, "duration": 0.07918286323547363, "fun": "0.10962969517377796", "jac": "[-2.22044587e-06 -3.33066880e-06 -7.77156053e-06  6.66133760e-06\n  4.44089173e-06  1.11022293e-06]", "hess_inv": "[[ 5.52933226 -0.79186972 -1.12103778  0.42327346 -8.65566989 -5.92461081]\n [-0.79186972  4.78733501 -1.72081927  1.52438964 -0.86919938 -0.84791081]\n [-1.12103778 -1.72081927  4.21377842 -0.43386037  5.27654012  5.39108292]\n [ 0.42327346  1.52438964 -0.43386037  3.9363072  -4.71425775 -3.59486322]\n [-8.65566989 -0.86919938  5.27654012 -4.71425775 34.7655671  29.2306563 ]\n [-5.92461081 -0.84791081  5.39108292 -3.59486322 29.2306563  28.16889352]]", "nfev": "266", "njev": "38", "status": "0", "success": "True", "message": "Optimization terminated successfully.", "x": "[ 5.28790422  4.64667255 -0.42343993  3.44709185  2.77997805  4.53163552]", "nit": "26", "callback": [0.8916818170047356, 0.38396842137984344, 0.37837200848320507, 0.18565068748912106, 0.14988752392878646, 0.12114601035494621, 0.11890356111702893, 0.11782082970256003, 0.11736234887659358, 0.11658405393671478, 0.11555951762003436, 0.11515607860425736, 0.11451626925225922, 0.11347028129285075, 0.11180225450045622, 0.11019162687594597, 0.10978383103800149, 0.10964832380797751, 0.10963395406669796, 0.10963173558786388, 0.10963012707434105, 0.10962972829310014, 0.10962970268162553, 0.10962969761997188, 0.10962969645269172, 0.10962969517377796]}, "10": {"maxiter": 500, "gtol": 1e-05, "xrtol": 1e-10, "eps": 1e-05, "duration": 0.08670997619628906, "fun": "0.10962969528918287", "jac": "[-4.01515488e-06  2.70832246e-06 -8.21853696e-07 -1.26095800e-06\n -3.50208751e-06  3.90352195e-06]", "hess_inv": "[[  4.25625318   2.57033601  -3.19281344  -0.46961324 -13.25602419\n  -10.38882784]\n [  2.57033601   8.63926024  -8.3379574    1.49882028 -24.92853704\n  -23.51195707]\n [ -3.19281344  -8.3379574   12.69719485   0.22777121  32.64374336\n   31.65868956]\n [ -0.46961324   1.49882028   0.22777121   3.8017236   -1.40005065\n   -1.14516568]\n [-13.25602419 -24.92853704  32.64374336  -1.40005065 122.25229646\n  112.66719965]\n [-10.38882784 -23.51195707  31.65868956  -1.14516568 112.66719965\n  107.77124958]]", "nfev": "266", "njev": "38", "status": "0", "success": "True", "message": "Optimization terminated successfully.", "x": "[ 5.2879841   4.64683119 -