{"date": "2024/10/28/, 03:47:38", "conf_id": 169, "data_type": "non_lin_ind\n", "num_data_points": 1, "s_rank": 0, "unitary": "[[-0.24866696+0.58742286j,-0.44704345-0.43151574j,-0.35669027-0.20570733j,-0.10517633+0.1626036j],[0.10596805-0.19687975j,-0.30269685-0.15056416j,0.18246286+0.30440582j,-0.83484447-0.11310748j],[0.26054512-0.52548482j,0.0285017-0.50723956j,-0.43110112+0.17165838j,0.15243271+0.39915801j],[0.42978035+0.11991271j,-0.17224126-0.46030424j,0.6827807-0.15164662j,0.26483638+0.0061855j]]", "databatch_0": {"databatch": "[[[0.01750602+0.15971235j,-0.19372642-0.00475543j,-0.03211975+0.11018197j,0.27987757+0.21892037j],[-0.08449866+0.09002898j,-0.10782936-0.11708023j,-0.08224733+0.04307587j,0.02985764+0.2938544j],[-0.26454564-0.08214738j,0.14614665-0.30141141j,-0.15089204-0.12912798j,-0.54423631+0.28227839j],[-0.0520687-0.04822767j,0.07739916-0.06866029j,-0.02737267-0.05284654j,-0.19248525+0.0130356j]]]", "initial param values": "[3.72299766,3.90701198,1.78368661,0.28461202,1.15767073,0.21376244]", "nelder_mead": {"type": "gradient-free", "0": {"maxiter": 100, "fatol": 1e-05, "xatol": 1e-05, "duration": 0.12239599227905273, "fun": "0.23332380635700112", "nit": "100", "nfev": "156", "status": "2", "success": "False", "message": "Maximum number of iterations has been exceeded.", "x": "[ 5.61829599  6.27084133  2.25017199  0.60375308  0.75225194 -0.18222156]", "final_simplex": "(array([[ 5.61829599,  6.27084133,  2.25017199,  0.60375308,  0.75225194,\n        -0.18222156],\n       [ 5.68671485,  6.38719448,  2.11333897,  0.60373154,  0.48063404,\n        -0.12080654],\n       [ 5.64240845,  6.36090542,  2.16546863,  0.59126317,  0.57353934,\n        -0.13077344],\n       [ 5.60099251,  6.0873681 ,  2.36033986,  0.58575819,  0.50966109,\n        -0.11429962],\n       [ 5.80963202,  6.66472063,  1.90128967,  0.61042199,  0.68240949,\n        -0.17183602],\n       [ 5.70689001,  6.45878754,  2.07307551,  0.59398395,  0.49297657,\n        -0.1191505 ],\n       [ 5.58786576,  6.3616806 ,  2.0520187 ,  0.57546982,  0.61756638,\n        -0.11984823]]), array([0.23332381, 0.24083699, 0.24111254, 0.24388137, 0.24417769,\n       0.24559827, 0.24683236]))", "callback": [0.5699629627441726, 0.5232454617977205, 0.47967544374551085, 0.3128738271580518, 0.29990613415194445, 0.29218321628946176, 0.26993302620452897, 0.26715381654891635, 0.25939562125558, 0.24683235854108188]}, "1": {"maxiter": 100, "fatol": 1e-05, "xatol": 1e-10, "duration": 0.1191105842590332, "fun": "0.23332380635700112", "nit": "100", "nfev": "156", "status": "2", "success": "False", "message": "Maximum number of iterations has been exceeded.", "x": "[ 5.61829599  6.27084133  2.25017199  0.60375308  0.75225194 -0.18222156]", "final_simplex": "(array([[ 5.61829599,  6.27084133,  2.25017199,  0.60375308,  0.75225194,\n        -0.18222156],\n       [ 5.68671485,  6.38719448,  2.11333897,  0.60373154,  0.48063404,\n        -0.12080654],\n       [ 5.64240845,  6.36090542,  2.16546863,  0.59126317,  0.57353934,\n        -0.13077344],\n       [ 5.60099251,  6.0873681 ,  2.36033986,  0.58575819,  0.50966109,\n        -0.11429962],\n       [ 5.80963202,  6.66472063,  1.90128967,  0.61042199,  0.68240949,\n        -0.17183602],\n       [ 5.70689001,  6.45878754,  2.07307551,  0.59398395,  0.49297657,\n        -0.1191505 ],\n       [ 5.58786576,  6.3616806 ,  2.0520187 ,  0.57546982,  0.61756638,\n        -0.11984823]]), array([0.23332381, 0.24083699, 0.24111254, 0.24388137, 0.24417769,\n       0.24559827, 0.24683236]))", "callback": [0.5699629627441726, 0.5232454617977205, 0.47967544374551085, 0.3128738271580518, 0.29990613415194445, 0.29218321628946176, 0.26993302620452897, 0.26715381654891635, 0.25939562125558, 0.24683235854108188]}, "2": {"maxiter": 100, "fatol": 1e-10, "xatol": 1e-05, "duration": 0.11901021003723145, "fun": "0.23332380635700112", "nit": "100", "nfev": "156", "status": "2", "success": "False", "message": "Maximum number of iterations has been exceeded.", "x": "[ 5.61829599  6.27084133  2.25017199  0.60375308  0.75225194 -0.18222156]", "final_simplex": "(array([[ 5.61829599,  6.27084133,  2.25017199,  0.60375308,  0.75225194,\n        -0.18222156],\n       [ 5.68671485,  6.38719448,  2.11333897,  0.60373154,  0.48063404,\n        -0.12080654],\n       [ 5.64240845,  6.36090542,  2.16546863,  0.59126317,  0.57353934,\n        -0.13077344],\n       [ 5.60099251,  6.0873681 ,  2.36033986,  0.58575819,  0.50966109,\n        -0.11429962],\n       [ 5.80963202,  6.66472063,  1.90128967,  0.61042199,  0.68240949,\n        -0.17183602],\n       [ 5.70689001,  6.45878754,  2.07307551,  0.59398395,  0.49297657,\n        -0.1191505 ],\n       [ 5.58786576,  6.3616806 ,  2.0520187 ,  0.57546982,  0.61756638,\n        -0.11984823]]), array([0.23332381, 0.24083699, 0.24111254, 0.24388137, 0.24417769,\n       0.24559827, 0.24683236]))", "callback": [0.5699629627441726, 0.5232454617977205, 0.47967544374551085, 0.3128738271580518, 0.29990613415194445, 0.29218321628946176, 0.26993302620452897, 0.26715381654891635, 0.25939562125558, 0.24683235854108188]}, "3": {"maxiter": 100, "fatol": 1e-10, "xatol": 1e-10, "duration": 0.11955952644348145, "fun": "0.23332380635700112", "nit": "100", "nfev": "156", "status": "2", "success": "False", "message": "Maximum number of iterations has been exceeded.", "x": "[ 5.61829599  6.27084133  2.25017199  0.60375308  0.75225194 -0.18222156]", "final_simplex": "(array([[ 5.61829599,  6.27084133,  2.25017199,  0.60375308,  0.75225194,\n        -0.18222156],\n       [ 5.68671485,  6.38719448,  2.11333897,  0.60373154,  0.48063404,\n        -0.12080654],\n       [ 5.64240845,  6.36090542,  2.16546863,  0.59126317,  0.57353934,\n        -0.13077344],\n       [ 5.60099251,  6.0873681 ,  2.36033986,  0.58575819,  0.50966109,\n        -0.11429962],\n       [ 5.80963202,  6.66472063,  1.90128967,  0.61042199,  0.68240949,\n        -0.17183602],\n       [ 5.70689001,  6.45878754,  2.07307551,  0.59398395,  0.49297657,\n        -0.1191505 ],\n       [ 5.58786576,  6.3616806 ,  2.0520187 ,  0.57546982,  0.61756638,\n        -0.11984823]]), array([0.23332381, 0.24083699, 0.24111254, 0.24388137, 0.24417769,\n       0.24559827, 0.24683236]))", "callback": [0.5699629627441726, 0.5232454617977205, 0.47967544374551085, 0.3128738271580518, 0.29990613415194445, 0.29218321628946176, 0.26993302620452897, 0.26715381654891635, 0.25939562125558, 0.24683235854108188]}, "4": {"maxiter": 500, "fatol": 1e-05, "xatol": 1e-05, "duration": 0.7086031436920166, "fun": "0.005418649671559916", "nit": "500", "nfev": "758", "status": "2", "success": "False", "message": "Maximum number of iterations has been exceeded.", "x": "[ 4.52636637  4.85489505  2.14449232  1.88334115  1.77193366 -1.15694824]", "final_simplex": "(array([[ 4.52636637,  4.85489505,  2.14449232,  1.88334115,  1.77193366,\n        -1.15694824],\n       [ 4.53090099,  4.85642218,  2.147169  ,  1.88358692,  1.77098816,\n        -1.15549734],\n       [ 4.56211656,  4.87777267,  2.16553356,  1.8645358 ,  1.74079783,\n        -1.13242289],\n       [ 4.5463404 ,  4.86887859,  2.15477302,  1.87261089,  1.75373992,\n        -1.14600572],\n       [ 4.56611543,  4.88440406,  2.16604433,  1.86178697,  1.73708536,\n        -1.13211581],\n       [ 4.51167617,  4.84368392,  2.13943865,  1.89180528,  1.78724868,\n        -1.16720974],\n       [ 4.58611837,  4.89323486,  2.17472535,  1.85921459,  1.72126085,\n        -1.11686998]]), array([0.00541865, 0.00541898, 0.00542006, 0.00542058, 0.00542422,\n       0.00542488, 0.00542501]))", "callback": [0.5699629627441726, 0.5232454617977205, 0.47967544374551085, 0.3128738271580518, 0.29990613415194445, 0.29218321628946176, 0.26993302620452897, 0.26715381654891635, 0.25939562125558, 0.24683235854108188, 0.22744403680505787, 0.22034535957375168, 0.21498760439744957, 0.18603397830514667, 0.14335790049840058, 0.07385850469741362, 0.03099610633757277, 0.01858956180929172, 0.011880086378079469, 0.007226925706557252, 0.006882956538354357, 0.006380020659200292, 0.006079549348799174, 0.005678030332036288, 0.005542698785841016, 0.005501005944120063, 0.0054733798165810255, 0.005470961743366476, 0.005470505949428883, 0.005470343194640126, 0.005470328620260867, 0.005470324792100634, 0.00547032225308508, 0.005470320081705227, 0.0054703180832699205, 0.005470316101147565, 0.00547030964855566, 0.005470280056826149, 0.005470227280662376, 0.005470086011814201, 0.005469737887019432, 0.005469197415788329, 0.005468478322673054, 0.005468135220096926, 0.005467625104790819, 0.005465731713507727, 0.005463249728585806, 0.0054554469204805, 0.005443578128526028, 0.005418649671559916]}, "5": {"maxiter": 500, "fatol": 1e-05, "xatol": 1e-10, "duration": 0.6582779884338379, "fun": "0.005418649671559916", "nit": "500", "nfev": "758", "status": "2", "success": "False", "message": "Maximum number of iterations has been exceeded.", "x": "[ 4.52636637  4.85489505  2.14449232  1.88334115  1.77193366 -1.15694824]", "final_simplex": "(array([[ 4.52636637,  4.85489505,  2.14449232,  1.88334115,  1.77193366,\n        -1.15694824],\n       [ 4.53090099,  4.85642218,  2.147169  ,  1.88358692,  1.77098816,\n        -1.15549734],\n       [ 4.56211656,  4.87777267,  2.16553356,  1.8645358 ,  1.74079783,\n        -1.13242289],\n       [ 4.5463404 ,  4.86887859,  2.15477302,  1.87261089,  1.75373992,\n        -1.14600572],\n       [ 4.56611543,  4.88440406,  2.16604433,  1.86178697,  1.73708536,\n        -1.13211581],\n       [ 4.51167617,  4.84368392,  2.13943865,  1.89180528,  1.78724868,\n        -1.16720974],\n       [ 4.58611837,  4.89323486,  2.17472535,  1.85921459,  1.72126085,\n        -1.11686998]]), array([0.00541865, 0.00541898, 0.00542006, 0.00542058, 0.00542422,\n       0.00542488, 0.00542501]))", "callback": [0.5699629627441726, 0.5232454617977205, 0.47967544374551085, 0.3128738271580518, 0.29990613415194445, 0.29218321628946176, 0.26993302620452897, 0.26715381654891635, 0.25939562125558, 0.24683235854108188, 0.22744403680505787, 0.22034535957375168, 0.21498760439744957, 0.18603397830514667, 0.14335790049840058, 0.07385850469741362, 0.03099610633757277, 0.01858956180929172, 0.011880086378079469, 0.007226925706557252, 0.006882956538354357, 0.006380020659200292, 0.006079549348799174, 0.005678030332036288, 0.005542698785841016, 0.005501005944120063, 0.0054733798165810255, 0.005470961743366476, 0.005470505949428883, 0.005470343194640126, 0.005470328620260867, 0.005470324792100634, 0.00547032225308508, 0.005470320081705227, 0.0054703180832699205, 0.005470316101147565, 0.00547030964855566, 0.005470280056826149, 0.005470227280662376, 0.005470086011814201, 0.005469737887019432, 0.005469197415788329, 0.005468478322673054, 0.005468135220096926, 0.005467625104790819, 0.005465731713507727, 0.005463249728585806, 0.0054554469204805, 0.005443578128526028, 0.005418649671559916]}, "6": {"maxiter": 500, "fatol": 1e-10, "xatol": 1e-05, "duration": 0.7188601493835449, "fun": "0.005418649671559916", "nit": "500", "nfev": "758", "status": "2", "success": "False", "message": "Maximum number of iterations has been exceeded.", "x": "[ 4.52636637  4.85489505  2.14449232  1.88334115  1.77193366 -1.15694824]", "final_simplex": "(array([[ 4.52636637,  4.85489505,  2.14449232,  1.88334115,  1.77193366,\n        -1.15694824],\n       [ 4.53090099,  4.85642218,  2.147169  ,  1.88358692,  1.77098816,\n        -1.15549734],\n       [ 4.56211656,  4.87777267,  2.16553356,  1.8645358 ,  1.74079783,\n        -1.13242289],\n       [ 4.5463404 ,  4.86887859,  2.15477302,  1.87261089,  1.75373992,\n        -1.14600572],\n       [ 4.56611543,  4.88440406,  2.16604433,  1.86178697,  1.73708536,\n        -1.13211581],\n       [ 4.51167617,  4.84368392,  2.13943865,  1.89180528,  1.78724868,\n        -1.16720974],\n       [ 4.58611837,  4.89323486,  2.17472535,  1.85921459,  1.72126085,\n        -1.11686998]]), array([0.00541865, 0.00541898, 0.00542006, 0.00542058, 0.00542422,\n       0.00542488, 0.00542501]))", "callback": [0.5699629627441726, 0.5232454617977205, 0.47967544374551085, 0.3128738271580518, 0.29990613415194445, 0.29218321628946176, 0.26993302620452897, 0.26715381654891635, 0.25939562125558, 0.24683235854108188, 0.22744403680505787, 0.22034535957375168, 0.21498760439744957, 0.18603397830514667, 0.14335790049840058, 0.07385850469741362, 0.03099610633757277, 0.01858956180929172, 0.011880086378079469, 0.007226925706557252, 0.006882956538354357, 0.006380020659200292, 0.006079549348799174, 0.005678030332036288, 0.005542698785841016, 0.005501005944120063, 0.0054733798165810255, 0.005470961743366476, 0.005470505949428883, 0.005470343194640126, 0.005470328620260867, 0.005470324792100634, 0.00547032225308508, 0.005470320081705227, 0.0054703180832699205, 0.005470316101147565, 0.00547030964855566, 0.005470280056826149, 0.005470227280662376, 0.005470086011814201, 0.005469737887019432, 0.005469197415788329, 0.005468478322673054, 0.005468135220096926, 0.005467625104790819, 0.005465731713507727, 0.005463249728585806, 0.0054554469204805, 0.005443578128526028, 0.005418649671559916]}, "7": {"maxiter": 500, "fatol": 1e-10, "xatol": 1e-10, "duration": 0.6713860034942627, "fun": "0.005418649671559916", "nit": "500", "nfev": "758", "status": "2", "success": "False", "message": "Maximum number of iterations has been exceeded.", "x": "[ 4.52636637  4.85489505  2.14449232  1.88334115  1.77193366 -1.15694824]", "final_simplex": "(array([[ 4.52636637,  4.85489505,  2.14449232,  1.88334115,  1.77193366,\n        -1.15694824],\n       [ 4.53090099,  4.85642218,  2.147169  ,  1.88358692,  1.77098816,\n        -1.15549734],\n       [ 4.56211656,  4.87777267,  2.16553356,  1.8645358 ,  1.74079783,\n        -1.13242289],\n       [ 4.5463404 ,  4.86887859,  2.15477302,  1.87261089,  1.75373992,\n        -1.14600572],\n       [ 4.56611543,  4.88440406,  2.16604433,  1.86178697,  1.73708536,\n        -1.13211581],\n       [ 4.51167617,  4.84368392,  2.13943865,  1.89180528,  1.78724868,\n        -1.16720974],\n       [ 4.58611837,  4.89323486,  2.17472535,  1.85921459,  1.72126085,\n        -1.11686998]]), array([0.00541865, 0.00541898, 0.00542006, 0.00542058, 0.00542422,\n       0.00542488, 0.00542501]))", "callback": [0.5699629627441726, 0.5232454617977205, 0.47967544374551085, 0.3128738271580518, 0.29990613415194445, 0.29218321628946176, 0.26993302620452897, 0.26715381654891635, 0.25939562125558, 0.24683235854108188, 0.22744403680505787, 0.22034535957375168, 0.21498760439744957, 0.18603397830514667, 0.14335790049840058, 0.07385850469741362, 0.03099610633757277, 0.01858956180929172, 0.011880086378079469, 0.007226925706557252, 0.006882956538354357, 0.006380020659200292, 0.006079549348799174, 0.005678030332036288, 0.005542698785841016, 0.005501005944120063, 0.0054733798165810255, 0.005470961743366476, 0.005470505949428883, 0.005470343194640126, 0.005470328620260867, 0.005470324792100634, 0.00547032225308508, 0.005470320081705227, 0.0054703180832699205, 0.005470316101147565, 0.00547030964855566, 0.005470280056826149, 0.005470227280662376, 0.005470086011814201, 0.005469737887019432, 0.005469197415788329, 0.005468478322673054, 0.005468135220096926, 0.005467625104790819, 0.005465731713507727, 0.005463249728585806, 0.0054554469204805, 0.005443578128526028, 0.005418649671559916]}, "8": {"maxiter": 1000, "fatol": 1e-05, "xatol": 1e-05, "duration": 1.1108856201171875, "fun": "0.005391222218811165", "nit": "817", "nfev": "1259", "status": "0", "success": "True", "message": "Optimization terminated successfully.", "x": "[ 4.2462507   4.56327656  1.90209988  2.07074544  2.0392698  -1.32576784]", "final_simplex": "(array([[ 4.2462507 ,  4.56327656,  1.90209988,  2.07074544,  2.0392698 ,\n        -1.32576784],\n       [ 4.24624745,  4.56327198,  1.90209571,  2.07074777,  2.03927288,\n        -1.32576979],\n       [ 4.24624593,  4.56327023,  1.90209405,  2.07074893,  2.03927498,\n        -1.32577086],\n       [ 4.24625016,  4.56327644,  1.90209939,  2.07074513,  2.03927037,\n        -1.32576804],\n       [ 4.24625186,  4.56327832,  1.90210094,  2.07074439,  2.03926882,\n        -1.32576737],\n       [ 4.24624727,  4.56327201,  1.90209578,  2.07074791,  2.03927383,\n        -1.32576971],\n       [ 4.24625678,  4.56328526,  1.90210727,  2.07073986,  2.03926343,\n        -1.32576434]]), array([0.00539122, 0.00539122, 0.00539122, 0.00539122, 0.00539122,\n       0.00539122, 0.00539122]))", "callback": [0.5699629627441726, 0.5232454617977205, 0.47967544374551085, 0.3128738271580518, 0.29990613415194445, 0.29218321628946176, 0.26993302620452897, 0.26715381654891635, 0.25939562125558, 0.24683235854108188, 0.22744403680505787, 0.22034535957375168, 0.21498760439744957, 0.18603397830514667, 0.14335790049840058, 0.07385850469741362, 0.03099610633757277, 0.01858956180929172, 0.011880086378079469, 0.007226925706557252, 0.006882956538354357, 0.006380020659200292, 0.006079549348799174, 0.005678030332036288, 0.005542698785841016, 0.005501005944120063, 0.0054733798165810255, 0.005470961743366476, 0.005470505949428883, 0.005470343194640126, 0.005470328620260867, 0.005470324792100634, 0.00547032225308508, 0.005470320081705227, 0.0054703180832699205, 0.005470316101147565, 0.00547030964855566, 0.005470280056826149, 0.005470227280662376, 0.005470086011814201, 0.005469737887019432, 0.005469197415788329, 0.005468478322673054, 0.005468135220096926, 0.005467625104790819, 0.005465731713507727, 0.005463249728585806, 0.0054554469204805, 0.005443578128526028, 0.005418649671559916, 0.005418649671559916, 0.0054140763490128085, 0.00541236374510945, 0.005411294885841245, 0.005410520394975804, 0.0054096387266409085, 0.005409095708732603, 0.0054061235067709434, 0.005401417665952479, 0.005398829848266562, 0.00539459694417721, 0.005393631330903537, 0.00539266820027362, 0.0053923940685518534, 0.005392175875287952, 0.005391651676445619, 0.00539133971205763, 0.005391275383987093, 0.00539124852708972, 0.005391230573731365, 0.005391226715522945, 0.00539122481448151, 0.005391223142517054, 0.005391222824126296, 0.005391222491697767, 0.005391222353043457, 0.005391222242091209, 0.005391222231219794, 0.005391222221546421, 0.005391222219609082, 0.00539122221900179, 0.005391222218817049]}, "9": {"maxiter": 1000, "fatol": 1e-05, "xatol": 1e-10, "duration": 1.5244090557098389, "fun": "0.0053912222187852965", "nit": "901", "nfev": "1469", "status": "0", "success": "True", "message": "Optimization terminated successfully.", "x": "[ 4.24624971  4.56327557  1.90209886  2.0707458   2.03927054 -1.3257685 ]", "final_simplex": "(array([[ 4.24624971,  4.56327557,  1.90209886,  2.0707458 ,  2.03927054,\n        -1.3257685 ],\n       [ 4.24624971,  4.56327557,  1.90209886,  2.0707458 ,  2.03927054,\n        -1.3257685 ],\n       [ 4.24624971,  4.56327557,  1.90209886,  2.0707458 ,  2.03927054,\n        -1.3257685 ],\n       [ 4.24624971,  4.56327557,  1.90209886,  2.0707458 ,  2.03927054,\n        -1.3257685 ],\n       [ 4.24624971,  4.56327557,  1.90209886,  2.0707458 ,  2.03927054,\n        -1.3257685 ],\n       [ 4.24624971,  4.56327557,  1.90209886,  2.0707458 ,  2.03927054,\n        -1.3257685 ],\n       [ 4.24624971,  4.56327557,  1.90209886,  2.0707458 ,  2.03927054,\n        -1.3257685 ]]), array([0.00539122, 0.00539122, 0.00539122, 0.00539122, 0.00539122,\n       0.00539122, 0.00539122]))", "callback": [0.5699629627441726, 0.5232454617977205, 0.47967544374551085, 0.3128738271580518, 0.29990613415194445, 0.29218321628946176, 0.26993302620452897, 0.26715381654891635, 0.25939562125558, 0.24683235854108188, 0.22744403680505787, 0.22034535957375168, 0.21498760439744957, 0.18603397830514667, 0.14335790049840058, 0.07385850469741362, 0.03099610633757277, 0.01858956180929172, 0.011880086378079469, 0.007226925706557252, 0.006882956538354357, 0.006380020659200292, 0.006079549348799174, 0.005678030332036288, 0.005542698785841016, 0.005501005944120063, 0.0054733798165810255, 0.005470961743366476, 0.005470505949428883, 0.005470343194640126, 0.005470328620260867, 0.005470324792100634, 0.00547032225308508, 0.005470320081705227, 0.0054703180832699205, 0.005470316101147565, 0.00547030964855566, 0.005470280056826149, 0.005470227280662376, 0.005470086011814201, 0.005469737887019432, 0.005469197415788329, 0.005468478322673054, 0.005468135220096926, 0.005467625104790819, 0.005465731713507727, 0.005463249728585806, 0.0054554469204805, 0.005443578128526028, 0.005418649671559916, 0.005418649671559916, 0.0054140763490128085, 0.00541236374510945, 0.005411294885841245, 0.005410520394975804, 0.0054096387266409085, 0.005409095708732603, 0.0054061235067709434, 0.005401417665952479, 0.005398829848266562, 0.00539459694417721, 0.005393631330903537, 0.00539266820027362, 0.0053923940685518534, 0.005392175875287952, 0.005391651676445619, 0.00539133971205763, 0.005391275383987093, 0.00539124852708972, 0.005391230573731365, 0.005391226715522945, 0.00539122481448151, 0.005391223142517054, 0.005391222824126296, 0.005391222491697767, 0.005391222353043457, 0.005391222242091209, 0.005391222231219794, 0.005391222221546421, 0.005391222219609082, 0.00539122221900179, 0.005391222218817049, 0.005391222218803282, 0.005391222218789737, 0.00539122221878674, 0.005391222218785741, 0.0053912222187852965, 0.0053912222187852965, 0.0053912222187852965, 0.0053912222187852965, 0.0053912222187852965]}, "10": {"maxiter": 1000, "fatol": 1e-10, "xatol": 1e-05, "duration": 1.107461929321289, "fun": "0.005391222218811165", "nit": "817", "nfev": "1259", "status": "0", "success": "True", "message": "Optimization terminated successfully.", "x": "[ 4.2462507   4.56327656  1.90209988  2.07074544  2.0392698  -1.32576784]", "final_simplex": "(array([[ 4.2462507 ,  4.56327656,  1.90209988,  2.07074544,  2.0392698 ,\n        -1.32576784],\n       [ 4.24624745,  4.56327198,  1.90209571,  2.07074777,  2.03927288,\n        -1.32576979],\n       [ 4.24624593,  4.56327023,  1.90209405,  2.07074893,  2.03927498,\n        -1.32577086],\n       [ 4.24625016,  4.56327644,  1.90209939,  2.07074513,  2.03927037,\n        -1.32576804],\n       [ 4.24625186,  4.56327832,  1.90210094,  2.07074439,  2.03926882,\n        -1.32576737],\n       [ 4.24624727,  4.56327201,  1.90209578,  2.07074791,  2.03927383,\n        -1.32576971],\n       [ 4.24625678,  4.56328526,  1.90210727,  2.07073986,  2.03926343,\n        -1.32576434]]), array([0.00539122, 0.00539122, 0.00539122, 0.00539122, 0.00539122,\n       0.00539122, 0.00539122]))", "callback": [0.5699629627441726, 0.5232454617977205, 0.47967544374551085, 0.3128738271580518, 0.29990613415194445, 0.29218321628946176, 0.26993302620452897, 0.26715381654891635, 0.25939562125558, 0.24683235854108188, 0.22744403680505787, 0.22034535957375168, 0.21498760439744957, 0.18603397830514667, 0.14335790049840058, 0.07385850469741362, 0.03099610633757277, 0.01858956180929172, 0.011880086378079469, 0.007226925706557252, 0.006882956538354357, 0.006380020659200292, 0.006079549348799174, 0.005678030332036288, 0.005542698785841016, 0.005501005944120063, 0.0054733798165810255, 0.005470961743366476, 0.005470505949428883, 0.005470343194640126, 0.005470328620260867, 0.005470324792100634, 0.00547032225308508, 0.005470320081705227, 0.0054703180832699205, 0.005470316101147565, 0.00547030964855566, 0.005470280056826149, 0.005470227280662376, 0.005470086011814201, 0.005469737887019432, 0.005469197415788329, 0.005468478322673054, 0.005468135220096926, 0.005467625104790819, 0.005465731713507727, 0.005463249728585806, 0.0054554469204805, 0.005443578128526028, 0.005418649671559916, 0.005418649671559916, 0.0054140763490128085, 0.00541236374510945, 0.005411294885841245, 0.005410520394975804, 0.0054096387266409085, 0.005409095708732603, 0.0054061235067709434, 0.005401417665952479, 0.005398829848266562, 0.00539459694417721, 0.005393631330903537, 0.00539266820027362, 0.0053923940685518534, 0.005392175875287952, 0.005391651676445619, 0.00539133971205763, 0.005391275383987093, 0.00539124852708972, 0.005391230573731365, 0.005391226715522945, 0.00539122481448151, 0.005391223142517054, 0.005391222824126296, 0.005391222491697767, 0.005391222353043457, 0.005391222242091209, 0.005391222231219794, 0.005391222221546421, 0.005391222219609082, 0.00539122221900179, 0.005391222218817049]}, "11": {"maxiter": 1000, "fatol": 1e-10, "xatol": 1e-10, "duration": 1.8094067573547363, "fun": "0.0053912222187852965", "nit": "901", "nfev": "1469", "status": "0", "success": "True", "message": "Optimization terminated successfully.", "x": "[ 4.24624971  4.56327557  1.90209886  2.0707458   2.03927054 -1.3257685 ]", "final_simplex": "(array([[ 4.24624971,  4.56327557,  1.90209886,  2.0707458 ,  2.03927054,\n        -1.3257685 ],\n       [ 4.24624971,  4.56327557,  1.90209886,  2.0707458 ,  2.03927054,\n        -1.3257685 ],\n       [ 4.24624971,  4.56327557,  1.90209886,  2.0707458 ,  2.03927054,\n        -1.3257685 ],\n       [ 4.24624971,  4.56327557,  1.90209886,  2.0707458 ,  2.03927054,\n        -1.3257685 ],\n       [ 4.24624971,  4.56327557,  1.90209886,  2.0707458 ,  2.03927054,\n        -1.3257685 ],\n       [ 4.24624971,  4.56327557,  1.90209886,  2.0707458 ,  2.03927054,\n        -1.3257685 ],\n       [ 4.24624971,  4.56327557,  1.90209886,  2.0707458 ,  2.03927054,\n        -1.3257685 ]]), array([0.00539122, 0.00539122, 0.00539122, 0.00539122, 0.00539122,\n       0.00539122, 0.00539122]))", "callback": [0.5699629627441726, 0.5232454617977205, 0.47967544374551085, 0.3128738271580518, 0.29990613415194445, 0.29218321628946176, 0.26993302620452897, 0.26715381654891635, 0.25939562125558, 0.24683235854108188, 0.22744403680505787, 0.22034535957375168, 0.21498760439744957, 0.18603397830514667, 0.14335790049840058, 0.07385850469741362, 0.03099610633757277, 0.01858956180929172, 0.011880086378079469, 0.007226925706557252, 0.006882956538354357, 0.006380020659200292, 0.006079549348799174, 0.005678030332036288, 0.005542698785841016, 0.005501005944120063, 0.0054733798165810255, 0.005470961743366476, 0.005470505949428883, 0.005470343194640126, 0.005470328620260867, 0.005470324792100634, 0.00547032225308508, 0.005470320081705227, 0.0054703180832699205, 0.005470316101147565, 0.00547030964855566, 0.005470280056826149, 0.005470227280662376, 0.005470086011814201, 0.005469737887019432, 0.005469197415788329, 0.005468478322673054, 0.005468135220096926, 0.005467625104790819, 0.005465731713507727, 0.005463249728585806, 0.0054554469204805, 0.005443578128526028, 0.005418649671559916, 0.005418649671559916, 0.0054140763490128085, 0.00541236374510945, 0.005411294885841245, 0.005410520394975804, 0.0054096387266409085, 0.005409095708732603, 0.0054061235067709434, 0.005401417665952479, 0.005398829848266562, 0.00539459694417721, 0.005393631330903537, 0.00539266820027362, 0.0053923940685518534, 0.005392175875287952, 0.005391651676445619, 0.00539133971205763, 0.005391275383987093, 0.00539124852708972, 0.005391230573731365, 0.005391226715522945, 0.00539122481448151, 0.005391223142517054, 0.005391222824126296, 0.005391222491697767, 0.005391222353043457, 0.005391222242091209, 0.005391222231219794, 0.005391222221546421, 0.005391222219609082, 0.00539122221900179, 0.005391222218817049, 0.005391222218803282, 0.005391222218789737, 0.00539122221878674, 0.005391222218785741, 0.0053912222187852965, 0.0053912222187852965, 0.0053912222187852965, 0.0053912222187852965, 0.0053912222187852965]}}, "bfgs": {"type": "gradient", "0": {"maxiter": 100, "gtol": 1e-05, "xrtol": 1e-05, "eps": 1e-05, "duration": 0.8441786766052246, "fun": "0.00539122431077077", "jac": "[-2.24335106e-05  9.38338296e-06  1.59736113e-05  8.32857117e-06\n -1.76321180e-06 -1.58327795e-06]", "hess_inv": "[[ 1259.20724493  1745.87239398  1530.53885012 -1054.07984707\n  -1355.20602737   772.74084063]\n [ 1745.87239398  2429.1779637   2128.46554635 -1466.39363956\n  -1881.52268938  1073.10845275]\n [ 1530.53885012  2128.46554635  1868.07593503 -1285.25180895\n  -1649.30106139   942.14785123]\n [-1054.07984707 -1466.39363956 -1285.25180895   888.97410529\n   1138.34658641  -649.74151345]\n [-1355.20602737 -1881.52268938 -1649.30106139  1138.34658641\n   1464.31637146  -833.06580952]\n [  772.74084063  1073.10845275   942.14785123  -649.74151345\n   -833.06580952   478.64170746]]", "nfev": "578", "njev": "81", "status": "2", "success": "False", "message": "Desired error not necessarily achieved due to precision loss.", "x": "[ 4.24451529  4.56097321  1.90009236  2.07215576  2.0411076  -1.32680563]", "nit": "41", "callback": [0.3364676300671313, 0.2019812819743666, 0.15944478931089967, 0.09919322340394521, 0.05041000100977322, 0.0340991565915002, 0.012990380277087543, 0.005952659537682092, 0.0056481071950919, 0.005464517374375921, 0.005416308922769009, 0.005407285236604165, 0.0054065841435659845, 0.005406541910784379, 0.0054065360752311165, 0.005406526430241643, 0.0054065096297117865, 0.005406479693366828, 0.005406426022080635, 0.005406330158249983, 0.005406160762723933, 0.005405865749929406, 0.005405356948700257, 0.005404467752403441, 0.005402862808900899, 0.005401056019551875, 0.005399012160514527, 0.005396031145150193, 0.005395450849568606, 0.005394503294626318, 0.00539389819006042, 0.005393744192178973, 0.005393358372288493, 0.005392765057665061, 0.00539205203199189, 0.005391513870054543, 0.005391494352248616, 0.005391339084402924, 0.005391225891204332, 0.005391224314130749, 0.00539122431077077]}, "1": {"maxiter": 100, "gtol": 1e-05, "xrtol": 1e-05, "eps": 1e-10, "duration": 0.3232278823852539, "fun": "0.005391222969125087", "jac": "[ 0.00000000e+00  5.55111466e-06 -1.11022293e-06  3.33066880e-06\n  1.11022293e-06  0.00000000e+00]", "hess_inv": "[[ 422.02873108  576.51164806  510.03135608 -349.03855455 -454.67410434\n   260.78318884]\n [ 576.51164806  794.56678908  701.35787744 -481.3224382  -623.94462844\n   357.21123346]\n [ 510.03135608  701.35787744  621.67380979 -425.54345173 -551.92660317\n   317.52106577]\n [-349.03855455 -481.3224382  -425.54345173  294.75555407  379.7731919\n  -217.33121708]\n [-454.67410434 -623.94462844 -551.92660317  379.7731919   495.81605301\n  -281.3144208 ]\n [ 260.78318884  357.21123346  317.52106577 -217.33121708 -281.3144208\n   166.19002596]]", "nfev": "420", "njev": "60", "status": "0", "success": "True", "message": "Optimization terminated successfully.", "x": "[ 4.24482117  4.56129569  1.90035178  2.0719429   2.04081407 -1.32665137]", "nit": "38", "callback": [0.33646651973458697, 0.20197976726360634, 0.15944295148045062, 0.0991918434429695, 0.05040766716978329, 0.03409252759961945, 0.012979825390544542, 0.00595198112799511, 0.005647794854424681, 0.005464354735968957, 0.005416229645430759, 0.005407290732230896, 0.005406586506613853, 0.005406545385527539, 0.005406539559736245, 0.005406530419396649, 0.005406462819998348, 0.005406088693466815, 0.00540321894826179, 0.0054012142276328445, 0.005399773628318227, 0.0053981917259627865, 0.005396855065601169, 0.00539575822824756, 0.0053947677056626064, 0.005394011919662489, 0.005392876911207378, 0.005391995378994818, 0.005391654451715411, 0.005391525098803696, 0.00539141457658221, 0.005391342017895484, 0.005391298976507697, 0.005391245152938318, 0.005391230245364698, 0.005391223447690718, 0.0053912233778397045, 0.005391222969125087]}, "2": {"maxiter": 100, "gtol": 1e-05, "xrtol": 1e-10, "eps": 1e-05, "duration": 0.609266996383667, "fun": "0.00539122431077077", "jac": "[-2.24335106e-05  9.38338296e-06  1.59736113e-05  8.32857117e-06\n -1.76321180e-06 -1.58327795e-06]", "hess_inv": "[[ 1259.20724493  1745.87239398  1530.53885012 -1054.07984707\n  -1355.20602737   772.74084063]\n [ 1745.87239398  2429.1779637   2128.46554635 -1466.39363956\n  -1881.52268938  1073.10845275]\n [ 1530.53885012  2128.46554635  1868.07593503 -1285.25180895\n  -1649.30106139   942.14785123]\n [-1054.07984707 -1466.39363956 -1285.25180895   888.97410529\n   1138.34658641  -649.74151345]\n [-1355.20602737 -1881.52268938 -1649.30106139  1138.34658641\n   1464.31637146  -833.06580952]\n [  772.74084063  1073.10845275   942.14785123  -649.74151345\n   -833.06580952   478.64170746]]", "nfev": "578", "njev": "81", "status": "2", "success": "False", "message": "Desired error not necessarily achieved due to precision loss.", "x": "[ 4.24451529  4.56097321  1.90009236  2.07215576  2.0411076  -1.32680563]", "nit": "41", "callback": [0.3364676300671313, 0.2019812819743666, 0.15944478931089967, 0.09919322340394521, 0.05041000100977322, 0.0340991565915002, 0.012990380277087543, 0.005952659537682092, 0.0056481071950919, 0.005464517374375921, 0.005416308922769009, 0.005407285236604165, 0.0054065841435659845, 0.005406541910784379, 0.0054065360752311165, 0.005406526430241643, 0.0054065096297117865, 0.005406479693366828, 0.005406426022080635, 0.005406330158249983, 0.005406160762723933, 0.005405865749929406, 0.005405356948700257, 0.005404467752403441, 0.005402862808900899, 0.005401056019551875, 0.005399012160514527, 0.005396031145150193, 0.005395450849568606, 0.005394503294626318, 0.00539389819006042, 0.005393744192178973, 0.005393358372288493, 0.005392765057665061, 0.00539205203199189, 0.005391513870054543, 0.005391494352248616, 0.005391339084402924, 0.005391225891204332, 0.005391224314130749, 0.00539122431077077]}, "3": {"maxiter": 100, "gtol": 1e-05, "xrtol": 1e-10, "eps": 1e-10, "duration": 0.5220029354095459, "fun": "0.005391222969125087", "jac": "[ 0.00000000e+00  5.55111466e-06 -1.11022293e-06  3.33066880e-06\n  1.11022293e-06  0.00000000e+00]", "hess_inv": "[[ 422.02873108  576.51164806  510.03135608 -349.03855455 -454.67410434\n   260.78318884]\n [ 576.51164806  794.56678908  701.35787744 -481.3224382  -623.94462844\n   357.21123346]\n [ 510.03135608  701.35787744  621.67380979 -425.54345173 -551.92660317\n   317.52106577]\n [-349.03855455 -481.3224382  -425.54345173  294.75555407  379.7731919\n  -217.33121708]\n [-454.67410434 -623.94462844 -551.92660317  379.7731919   495.81605301\n  -281.3144208 ]\n [ 260.78318884  357.21123346  317.52106577 -217.33121708 -281.3144208\n   166.19002596]]", "nfev": "420", "njev": "60", "status": "0", "success": "True", "message": "Optimization terminated successfully.", "x": "[ 4.24482117  4.56129569  1.90035178  2.0719429   2.04081407 -1.32665137]", "nit": "38", "callback": [0.33646651973458697, 0.20197976726360634, 0.15944295148045062, 0.0991918434429695, 0.05040766716978329, 0.03409252759961945, 0.012979825390544542, 0.00595198112799511, 0.005647794854424681, 0.005464354735968957, 0.005416229645430759, 0.005407290732230896, 0.005406586506613853, 0.005406545385527539, 0.005406539559736245, 0.005406530419396649, 0.005406462819998348, 0.005406088693466815, 0.00540321894826179, 0.0054012142276328445, 0.005399773628318227, 0.0053981917259627865, 0.005396855065601169, 0.00539575822824756, 0.0053947677056626064, 0.005394011919662489, 0.005392876911207378, 0.005391995378994818, 0.005391654451715411, 0.005391525098803696, 0.00539141457658221, 0.005391342017895484, 0.005391298976507697, 0.005391245152938318, 0.005391230245364698, 0.005391223447690718, 0.0053912233778397045, 0.005391222969125087]}, "4": {"maxiter": 100, "gtol": 1e-10, "xrtol": 1e-05, "eps": 1e-05, "duration": 0.44600749015808105, "fun": "0.00539122431077077", "jac": "[-2.24335106e-05  9.38338296e-06  1.59736113e-05  8.32857117e-06\n -1.76321180e-06 -1.58327795e-06]", "hess_inv": "[[ 1259.20724493  1745.87239398  1530.53885012 -1054.07984707\n  -1355.20602737   772.74084063]\n [ 1745.87239398  2429.1779637   2128.46554635 -1466.39363956\n  -1881.52268938  1073.10845275]\n [ 1530.53885012  2128.46554635  1868.07593503 -1285.25180895\n  -1649.30106139   942.14785123]\n [-1054.07984707 -1466.39363956 -1285.25180895   888.97410529\n   1138.34658641  -649.74151345]\n [-1355.20602737 -1881.52268938 -1649.30106139  1138.34658641\n   1464.31637146  -833.06580952]\n [  772.74084063  1073.10845275   942.14785123  -649.74151345\n   -833.06580952   478.64170746]]", "nfev": "578", "njev": "81", "status": "2", "success": "False", "message": "Desired error not necessarily achieved due to precision loss.", "x": "[ 4.24451529  4.56097321  1.90009236  2.07215576  2.0411076  -1.32680563]", "nit": "41", "callback": [0.3364676300671313, 0.2019812819743666, 0.15944478931089967, 0.09919322340394521, 0.05041000100977322, 0.0340991565915002, 0.012990380277087543, 0.005952659537682092, 0.0056481071950919, 0.005464517374375921, 0.005416308922769009, 0.005407285236604165, 0.0054065841435659845, 0.005406541910784379, 0.0054065360752311165, 0.005406526430241643, 0.0054065096297117865, 0.005406479693366828, 0.005406426022080635, 0.005406330158249983, 0.005406160762723933, 0.005405865749929406, 0.005405356948700257, 0.005404467752403441, 0.005402862808900899, 0.005401056019551875, 0.005399012160514527, 0.005396031145150193, 0.005395450849568606, 0.005394503294626318, 0.00539389819006042, 0.005393744192178973, 0.005393358372288493, 0.005392765057665061, 0.00539205203199189, 0.005391513870054543, 0.005391494352248616, 0.005391339084402924, 0.005391225891204332, 0.005391224314130749, 0.00539122431077077]}, "5": {"maxiter": 100, "gtol": 1e-10, "xrtol": 1e-05, "eps": 1e-10, "duration": 0.553962230682373, "fun": "0.005391222969125087", "jac": "[ 0.00000000e+00  5.55111466e-06 -1.11022293e-06  3.33066880e-06\n  1.11022293e-06  0.00000000e+00]", "hess_inv": "[[ 149.46238749  190.89986195  171.26738028 -115.62731116 -155.44508294\n   100.71141672]\n [ 190.89986195  250.0806006   223.05036891 -152.17299409 -201.47944298\n   129.86025899]\n [ 171.26738028  223.05036891  201.50221596 -136.41184719 -180.81058928\n   117.76617357]\n [-115.62731116 -152.17299409 -136.41184719   95.9544851   124.40666139\n   -79.35404667]\n [-155.44508294 -201.47944298 -180.81058928  124.40666139  168.02878165\n  -104.85296217]\n [ 100.71141672  129.86025899  117.76617357  -79.35404667 -104.85296217\n    72.93420713]]", "nfev": "705", "njev": "99", "status": "2", "success": "False", "message": "Desired error not necessarily achieved due to precision loss.", "x": "[ 4.24482117  4.56129569  1.90035178  2.0719429   2.04081407 -1.32665137]", "nit": "38", "callback": [0.33646651973458697, 0.20197976726360634, 0.15944295148045062, 0.0991918434429695, 0.05040766716978329, 0.03409252759961945, 0.012979825390544542, 0.00595198112799511, 0.005647794854424681, 0.005464354735968957, 0.005416229645430759, 0.005407290732230896, 0.005406586506613853, 0.005406545385527539, 0.005406539559736245, 0.005406530419396649, 0.005406462819998348, 0.005406088693466815, 0.00540321894826179, 0.0054012142276328445, 0.005399773628318227, 0.0053981917259627865, 0.005396855065601169, 0.00539575822824756, 0.0053947677056626064, 0.005394011919662489, 0.005392876911207378, 0.005391995378994818, 0.005391654451715411, 0.005391525098803696, 0.00539141457658221, 0.005391342017895484, 0.005391298976507697, 0.005391245152938318, 0.005391230245364698, 0.005391223447690718, 0.0053912233778397045, 0.005391222969125087]}, "6": {"maxiter": 100, "gtol": 1e-10, "xrtol": 1e-10, "eps": 1e-05, "duration": 0.4485800266265869, "fun": "0.00539122431077077", "jac": "[-2.24335106e-05  9.38338296e-06  1.59736113e-05  8.32857117e-06\n -1.76321180e-06 -1.58327795e-06]", "hess_inv": "[[ 1259.20724493  1745.87239398  1530.53885012 -1054.07984707\n  -1355.20602737   772.74084063]\n [ 1745.87239398  2429.1779637   2128.46554635 -1466.39363956\n  -1881.52268938  1073.10845275]\n [ 1530.53885012  2128.46554635  1868.07593503 -1285.25180895\n  -1649.30106139   942.14785123]\n [-1054.07984707 -1466.39363956 -1285.25180895   888.97410529\n   1138.34658641  -649.74151345]\n [-1355.20602737 -1881.52268938 -1649.30106139  1138.34658641\n   1464.31637146  -833.06580952]\n [  772.74084063  1073.10845275   942.14785123  -649.74151345\n   -833.06580952   478.64170746]]", "nfev": "578", "njev": "81", "status": "2", "success": "False", "message": "Desired error not necessarily achieved due to precision loss.", "x": "[ 4.24451529  4.56097321  1.90009236  2.07215576  2.0411076  -1.32680563]", "nit": "41", "callback": [0.336467630067131