{"date": "2024/09/12/, 00:59:01", "conf_id": 9, "data_type": "random\n", "num_data_points": 1, "s_rank": 0, "unitary": "[[-0.24866696+0.58742286j,-0.44704345-0.43151574j,-0.35669027-0.20570733j,-0.10517633+0.1626036j],[0.10596805-0.19687975j,-0.30269685-0.15056416j,0.18246286+0.30440582j,-0.83484447-0.11310748j],[0.26054512-0.52548482j,0.0285017-0.50723956j,-0.43110112+0.17165838j,0.15243271+0.39915801j],[0.42978035+0.11991271j,-0.17224126-0.46030424j,0.6827807-0.15164662j,0.26483638+0.0061855j]]", "databatch_0": {"databatch": "[[[-0.05012474+0.22127544j,0.12734145-0.15668901j,0.02782199+0.05051984j,-0.16151511+0.37167767j],[0.14567095+0.110306j,-0.11281021-0.05375086j,-0.01639116-0.04239441j,0.27927989+0.50898365j],[0.18634099-0.03919098j,-0.20605792-0.02393237j,0.0197494-0.07138802j,0.27750977+0.10162602j],[-0.12051519+0.06068917j,0.06497505-0.01559109j,0.00380134-0.00675199j,-0.37686039+0.1232733j]]]", "initial param values": "[1.16109373,2.58149263,0.74576046,2.9720546,1.93914668,1.2030567]", "nelder_mead": {"type": "gradient-free", "0": {"maxiter": 100, "fatol": 1e-05, "xatol": 1e-05, "duration": 0.04479384422302246, "fun": "0.26702916166920243", "nit": "100", "nfev": "155", "status": "2", "success": "False", "message": "Maximum number of iterations has been exceeded.", "x": "[1.61965641 1.54992396 0.36135466 3.90619151 3.92296076 1.10586107]", "final_simplex": "(array([[1.61965641, 1.54992396, 0.36135466, 3.90619151, 3.92296076,\n        1.10586107],\n       [1.59689731, 1.43366598, 0.39060387, 3.81600883, 3.93458529,\n        1.07601204],\n       [1.62945545, 1.57739471, 0.42719729, 3.9716399 , 3.66465297,\n        1.03803199],\n       [1.58315993, 1.63205936, 0.40057883, 4.04313207, 3.68263563,\n        1.02893569],\n       [1.58559321, 1.5741002 , 0.41690461, 3.9143325 , 3.74640495,\n        1.03073039],\n       [1.54325634, 1.54250882, 0.40319635, 4.02453741, 3.86293048,\n        1.03351753],\n       [1.62140492, 1.51305447, 0.42169984, 3.92064202, 3.74270148,\n        1.00116194]]), array([0.26702916, 0.26747073, 0.26765822, 0.26769148, 0.26825823,\n       0.26884548, 0.2694321 ]))", "callback": [0.5238247854141126, 0.3661943392002618, 0.3351001460478633, 0.29684386315886746, 0.2871217520008852, 0.2801104751453223, 0.27610103719459034, 0.27332499751264583, 0.2699287085024724]}, "1": {"maxiter": 100, "fatol": 1e-05, "xatol": 1e-10, "duration": 0.043463945388793945, "fun": "0.26702916166920243", "nit": "100", "nfev": "155", "status": "2", "success": "False", "message": "Maximum number of iterations has been exceeded.", "x": "[1.61965641 1.54992396 0.36135466 3.90619151 3.92296076 1.10586107]", "final_simplex": "(array([[1.61965641, 1.54992396, 0.36135466, 3.90619151, 3.92296076,\n        1.10586107],\n       [1.59689731, 1.43366598, 0.39060387, 3.81600883, 3.93458529,\n        1.07601204],\n       [1.62945545, 1.57739471, 0.42719729, 3.9716399 , 3.66465297,\n        1.03803199],\n       [1.58315993, 1.63205936, 0.40057883, 4.04313207, 3.68263563,\n        1.02893569],\n       [1.58559321, 1.5741002 , 0.41690461, 3.9143325 , 3.74640495,\n        1.03073039],\n       [1.54325634, 1.54250882, 0.40319635, 4.02453741, 3.86293048,\n        1.03351753],\n       [1.62140492, 1.51305447, 0.42169984, 3.92064202, 3.74270148,\n        1.00116194]]), array([0.26702916, 0.26747073, 0.26765822, 0.26769148, 0.26825823,\n       0.26884548, 0.2694321 ]))", "callback": [0.5238247854141126, 0.3661943392002618, 0.3351001460478633, 0.29684386315886746, 0.2871217520008852, 0.2801104751453223, 0.27610103719459034, 0.27332499751264583, 0.2699287085024724]}, "2": {"maxiter": 100, "fatol": 1e-10, "xatol": 1e-05, "duration": 0.042833805084228516, "fun": "0.26702916166920243", "nit": "100", "nfev": "155", "status": "2", "success": "False", "message": "Maximum number of iterations has been exceeded.", "x": "[1.61965641 1.54992396 0.36135466 3.90619151 3.92296076 1.10586107]", "final_simplex": "(array([[1.61965641, 1.54992396, 0.36135466, 3.90619151, 3.92296076,\n        1.10586107],\n       [1.59689731, 1.43366598, 0.39060387, 3.81600883, 3.93458529,\n        1.07601204],\n       [1.62945545, 1.57739471, 0.42719729, 3.9716399 , 3.66465297,\n        1.03803199],\n       [1.58315993, 1.63205936, 0.40057883, 4.04313207, 3.68263563,\n        1.02893569],\n       [1.58559321, 1.5741002 , 0.41690461, 3.9143325 , 3.74640495,\n        1.03073039],\n       [1.54325634, 1.54250882, 0.40319635, 4.02453741, 3.86293048,\n        1.03351753],\n       [1.62140492, 1.51305447, 0.42169984, 3.92064202, 3.74270148,\n        1.00116194]]), array([0.26702916, 0.26747073, 0.26765822, 0.26769148, 0.26825823,\n       0.26884548, 0.2694321 ]))", "callback": [0.5238247854141126, 0.3661943392002618, 0.3351001460478633, 0.29684386315886746, 0.2871217520008852, 0.2801104751453223, 0.27610103719459034, 0.27332499751264583, 0.2699287085024724]}, "3": {"maxiter": 100, "fatol": 1e-10, "xatol": 1e-10, "duration": 0.04214596748352051, "fun": "0.26702916166920243", "nit": "100", "nfev": "155", "status": "2", "success": "False", "message": "Maximum number of iterations has been exceeded.", "x": "[1.61965641 1.54992396 0.36135466 3.90619151 3.92296076 1.10586107]", "final_simplex": "(array([[1.61965641, 1.54992396, 0.36135466, 3.90619151, 3.92296076,\n        1.10586107],\n       [1.59689731, 1.43366598, 0.39060387, 3.81600883, 3.93458529,\n        1.07601204],\n       [1.62945545, 1.57739471, 0.42719729, 3.9716399 , 3.66465297,\n        1.03803199],\n       [1.58315993, 1.63205936, 0.40057883, 4.04313207, 3.68263563,\n        1.02893569],\n       [1.58559321, 1.5741002 , 0.41690461, 3.9143325 , 3.74640495,\n        1.03073039],\n       [1.54325634, 1.54250882, 0.40319635, 4.02453741, 3.86293048,\n        1.03351753],\n       [1.62140492, 1.51305447, 0.42169984, 3.92064202, 3.74270148,\n        1.00116194]]), array([0.26702916, 0.26747073, 0.26765822, 0.26769148, 0.26825823,\n       0.26884548, 0.2694321 ]))", "callback": [0.5238247854141126, 0.3661943392002618, 0.3351001460478633, 0.29684386315886746, 0.2871217520008852, 0.2801104751453223, 0.27610103719459034, 0.27332499751264583, 0.2699287085024724]}, "4": {"maxiter": 500, "fatol": 1e-05, "xatol": 1e-05, "duration": 0.19854211807250977, "fun": "0.18339171946466593", "nit": "468", "nfev": "729", "status": "0", "success": "True", "message": "Optimization terminated successfully.", "x": "[ 0.76006442  0.71981328 -1.25814208  4.50369876  6.09251187  1.92117992]", "final_simplex": "(array([[ 0.76006442,  0.71981328, -1.25814208,  4.50369876,  6.09251187,\n         1.92117992],\n       [ 0.76006329,  0.71981289, -1.25814163,  4.50370231,  6.09251934,\n         1.9211818 ],\n       [ 0.76006853,  0.7198115 , -1.25813685,  4.50369926,  6.09250942,\n         1.92118331],\n       [ 0.76006409,  0.71981249, -1.25813519,  4.50369524,  6.09251138,\n         1.92118218],\n       [ 0.76006278,  0.71980652, -1.25813308,  4.50369612,  6.09251383,\n         1.92118568],\n       [ 0.7600641 ,  0.71980785, -1.25813429,  4.50369677,  6.09251519,\n         1.92118296],\n       [ 0.76006525,  0.71981085, -1.25813606,  4.50369367,  6.09251251,\n         1.9211829 ]]), array([0.18339172, 0.18339172, 0.18339172, 0.18339172, 0.18339172,\n       0.18339172, 0.18339172]))", "callback": [0.5238247854141126, 0.3661943392002618, 0.3351001460478633, 0.29684386315886746, 0.2871217520008852, 0.2801104751453223, 0.27610103719459034, 0.27332499751264583, 0.2699287085024724, 0.2643453174110748, 0.2613002048666624, 0.251915203722779, 0.24880858341455592, 0.23996149360379437, 0.23146820107726573, 0.22620596545433902, 0.2246248010220676, 0.22173348811847227, 0.21437927913644794, 0.21223390410177811, 0.20898214907284207, 0.20581539374502344, 0.20213596943098988, 0.20029834941374203, 0.19439247784007352, 0.1903318609305762, 0.18699330598031194, 0.1844174635920901, 0.18377307253877906, 0.1835841294606012, 0.18350292613330754, 0.18347409031686102, 0.1834384880817792, 0.18342556246821629, 0.1834028466283335, 0.18339459717950202, 0.18339389270276674, 0.18339215870200642, 0.1833918238525274, 0.18339174461855257, 0.18339172313682028, 0.18339172102742884, 0.18339171974015755, 0.1833917195250263, 0.18339171947771726, 0.18339171946779897]}, "5": {"maxiter": 500, "fatol": 1e-05, "xatol": 1e-10, "duration": 0.21810507774353027, "fun": "0.18339171946263388", "nit": "500", "nfev": "781", "status": "2", "success": "False", "message": "Maximum number of iterations has been exceeded.", "x": "[ 0.76006156  0.71981243 -1.25814273  4.50370075  6.09251657  1.92118138]", "final_simplex": "(array([[ 0.76006156,  0.71981243, -1.25814273,  4.50370075,  6.09251657,\n         1.92118138],\n       [ 0.76006148,  0.71981284, -1.25814325,  4.50370131,  6.09251724,\n         1.9211814 ],\n       [ 0.76006108,  0.71981224, -1.2581423 ,  4.50370071,  6.09251707,\n         1.92118129],\n       [ 0.76006121,  0.71981218, -1.25814357,  4.50370175,  6.09251777,\n         1.92118156],\n       [ 0.76006131,  0.71981262, -1.25814316,  4.50370129,  6.09251728,\n         1.92118114],\n       [ 0.76006189,  0.71981221, -1.25814194,  4.50370096,  6.09251595,\n         1.92118167],\n       [ 0.76006229,  0.71981231, -1.25814231,  4.50370071,  6.09251654,\n         1.92118164]]), array([0.18339172, 0.18339172, 0.18339172, 0.18339172, 0.18339172,\n       0.18339172, 0.18339172]))", "callback": [0.5238247854141126, 0.3661943392002618, 0.3351001460478633, 0.29684386315886746, 0.2871217520008852, 0.2801104751453223, 0.27610103719459034, 0.27332499751264583, 0.2699287085024724, 0.2643453174110748, 0.2613002048666624, 0.251915203722779, 0.24880858341455592, 0.23996149360379437, 0.23146820107726573, 0.22620596545433902, 0.2246248010220676, 0.22173348811847227, 0.21437927913644794, 0.21223390410177811, 0.20898214907284207, 0.20581539374502344, 0.20213596943098988, 0.20029834941374203, 0.19439247784007352, 0.1903318609305762, 0.18699330598031194, 0.1844174635920901, 0.18377307253877906, 0.1835841294606012, 0.18350292613330754, 0.18347409031686102, 0.1834384880817792, 0.18342556246821629, 0.1834028466283335, 0.18339459717950202, 0.18339389270276674, 0.18339215870200642, 0.1833918238525274, 0.18339174461855257, 0.18339172313682028, 0.18339172102742884, 0.18339171974015755, 0.1833917195250263, 0.18339171947771726, 0.18339171946779897, 0.18339171946364896, 0.183391719462641, 0.183391719462641]}, "6": {"maxiter": 500, "fatol": 1e-10, "xatol": 1e-05, "duration": 0.20775294303894043, "fun": "0.18339171946466593", "nit": "468", "nfev": "729", "status": "0", "success": "True", "message": "Optimization terminated successfully.", "x": "[ 0.76006442  0.71981328 -1.25814208  4.50369876  6.09251187  1.92117992]", "final_simplex": "(array([[ 0.76006442,  0.71981328, -1.25814208,  4.50369876,  6.09251187,\n         1.92117992],\n       [ 0.76006329,  0.71981289, -1.25814163,  4.50370231,  6.09251934,\n         1.9211818 ],\n       [ 0.76006853,  0.7198115 , -1.25813685,  4.50369926,  6.09250942,\n         1.92118331],\n       [ 0.76006409,  0.71981249, -1.25813519,  4.50369524,  6.09251138,\n         1.92118218],\n       [ 0.76006278,  0.71980652, -1.25813308,  4.50369612,  6.09251383,\n         1.92118568],\n       [ 0.7600641 ,  0.71980785, -1.25813429,  4.50369677,  6.09251519,\n         1.92118296],\n       [ 0.76006525,  0.71981085, -1.25813606,  4.50369367,  6.09251251,\n         1.9211829 ]]), array([0.18339172, 0.18339172, 0.18339172, 0.18339172, 0.18339172,\n       0.18339172, 0.18339172]))", "callback": [0.5238247854141126, 0.3661943392002618, 0.3351001460478633, 0.29684386315886746, 0.2871217520008852, 0.2801104751453223, 0.27610103719459034, 0.27332499751264583, 0.2699287085024724, 0.2643453174110748, 0.2613002048666624, 0.251915203722779, 0.24880858341455592, 0.23996149360379437, 0.23146820107726573, 0.22620596545433902, 0.2246248010220676, 0.22173348811847227, 0.21437927913644794, 0.21223390410177811, 0.20898214907284207, 0.20581539374502344, 0.20213596943098988, 0.20029834941374203, 0.19439247784007352, 0.1903318609305762, 0.18699330598031194, 0.1844174635920901, 0.18377307253877906, 0.1835841294606012, 0.18350292613330754, 0.18347409031686102, 0.1834384880817792, 0.18342556246821629, 0.1834028466283335, 0.18339459717950202, 0.18339389270276674, 0.18339215870200642, 0.1833918238525274, 0.18339174461855257, 0.18339172313682028, 0.18339172102742884, 0.18339171974015755, 0.1833917195250263, 0.18339171947771726, 0.18339171946779897]}, "7": {"maxiter": 500, "fatol": 1e-10, "xatol": 1e-10, "duration": 0.2171339988708496, "fun": "0.18339171946263388", "nit": "500", "nfev": "781", "status": "2", "success": "False", "message": "Maximum number of iterations has been exceeded.", "x": "[ 0.76006156  0.71981243 -1.25814273  4.50370075  6.09251657  1.92118138]", "final_simplex": "(array([[ 0.76006156,  0.71981243, -1.25814273,  4.50370075,  6.09251657,\n         1.92118138],\n       [ 0.76006148,  0.71981284, -1.25814325,  4.50370131,  6.09251724,\n         1.9211814 ],\n       [ 0.76006108,  0.71981224, -1.2581423 ,  4.50370071,  6.09251707,\n         1.92118129],\n       [ 0.76006121,  0.71981218, -1.25814357,  4.50370175,  6.09251777,\n         1.92118156],\n       [ 0.76006131,  0.71981262, -1.25814316,  4.50370129,  6.09251728,\n         1.92118114],\n       [ 0.76006189,  0.71981221, -1.25814194,  4.50370096,  6.09251595,\n         1.92118167],\n       [ 0.76006229,  0.71981231, -1.25814231,  4.50370071,  6.09251654,\n         1.92118164]]), array([0.18339172, 0.18339172, 0.18339172, 0.18339172, 0.18339172,\n       0.18339172, 0.18339172]))", "callback": [0.5238247854141126, 0.3661943392002618, 0.3351001460478633, 0.29684386315886746, 0.2871217520008852, 0.2801104751453223, 0.27610103719459034, 0.27332499751264583, 0.2699287085024724, 0.2643453174110748, 0.2613002048666624, 0.251915203722779, 0.24880858341455592, 0.23996149360379437, 0.23146820107726573, 0.22620596545433902, 0.2246248010220676, 0.22173348811847227, 0.21437927913644794, 0.21223390410177811, 0.20898214907284207, 0.20581539374502344, 0.20213596943098988, 0.20029834941374203, 0.19439247784007352, 0.1903318609305762, 0.18699330598031194, 0.1844174635920901, 0.18377307253877906, 0.1835841294606012, 0.18350292613330754, 0.18347409031686102, 0.1834384880817792, 0.18342556246821629, 0.1834028466283335, 0.18339459717950202, 0.18339389270276674, 0.18339215870200642, 0.1833918238525274, 0.18339174461855257, 0.18339172313682028, 0.18339172102742884, 0.18339171974015755, 0.1833917195250263, 0.18339171947771726, 0.18339171946779897, 0.18339171946364896, 0.183391719462641, 0.183391719462641]}, "8": {"maxiter": 1000, "fatol": 1e-05, "xatol": 1e-05, "duration": 0.20605087280273438, "fun": "0.18339171946466593", "nit": "468", "nfev": "729", "status": "0", "success": "True", "message": "Optimization terminated successfully.", "x": "[ 0.76006442  0.71981328 -1.25814208  4.50369876  6.09251187  1.92117992]", "final_simplex": "(array([[ 0.76006442,  0.71981328, -1.25814208,  4.50369876,  6.09251187,\n         1.92117992],\n       [ 0.76006329,  0.71981289, -1.25814163,  4.50370231,  6.09251934,\n         1.9211818 ],\n       [ 0.76006853,  0.7198115 , -1.25813685,  4.50369926,  6.09250942,\n         1.92118331],\n       [ 0.76006409,  0.71981249, -1.25813519,  4.50369524,  6.09251138,\n         1.92118218],\n       [ 0.76006278,  0.71980652, -1.25813308,  4.50369612,  6.09251383,\n         1.92118568],\n       [ 0.7600641 ,  0.71980785, -1.25813429,  4.50369677,  6.09251519,\n         1.92118296],\n       [ 0.76006525,  0.71981085, -1.25813606,  4.50369367,  6.09251251,\n         1.9211829 ]]), array([0.18339172, 0.18339172, 0.18339172, 0.18339172, 0.18339172,\n       0.18339172, 0.18339172]))", "callback": [0.5238247854141126, 0.3661943392002618, 0.3351001460478633, 0.29684386315886746, 0.2871217520008852, 0.2801104751453223, 0.27610103719459034, 0.27332499751264583, 0.2699287085024724, 0.2643453174110748, 0.2613002048666624, 0.251915203722779, 0.24880858341455592, 0.23996149360379437, 0.23146820107726573, 0.22620596545433902, 0.2246248010220676, 0.22173348811847227, 0.21437927913644794, 0.21223390410177811, 0.20898214907284207, 0.20581539374502344, 0.20213596943098988, 0.20029834941374203, 0.19439247784007352, 0.1903318609305762, 0.18699330598031194, 0.1844174635920901, 0.18377307253877906, 0.1835841294606012, 0.18350292613330754, 0.18347409031686102, 0.1834384880817792, 0.18342556246821629, 0.1834028466283335, 0.18339459717950202, 0.18339389270276674, 0.18339215870200642, 0.1833918238525274, 0.18339174461855257, 0.18339172313682028, 0.18339172102742884, 0.18339171974015755, 0.1833917195250263, 0.18339171947771726, 0.18339171946779897]}, "9": {"maxiter": 1000, "fatol": 1e-05, "xatol": 1e-10, "duration": 0.2667841911315918, "fun": "0.1833917194625787", "nit": "574", "nfev": "958", "status": "0", "success": "True", "message": "Optimization terminated successfully.", "x": "[ 0.76006106  0.71981185 -1.25814252  4.5037009   6.0925175   1.92118196]", "final_simplex": "(array([[ 0.76006106,  0.71981185, -1.25814252,  4.5037009 ,  6.0925175 ,\n         1.92118196],\n       [ 0.76006106,  0.71981185, -1.25814252,  4.5037009 ,  6.0925175 ,\n         1.92118196],\n       [ 0.76006106,  0.71981185, -1.25814252,  4.5037009 ,  6.0925175 ,\n         1.92118196],\n       [ 0.76006106,  0.71981185, -1.25814252,  4.5037009 ,  6.0925175 ,\n         1.92118196],\n       [ 0.76006106,  0.71981185, -1.25814252,  4.5037009 ,  6.0925175 ,\n         1.92118196],\n       [ 0.76006106,  0.71981185, -1.25814252,  4.5037009 ,  6.0925175 ,\n         1.92118196],\n       [ 0.76006106,  0.71981185, -1.25814252,  4.5037009 ,  6.0925175 ,\n         1.92118196]]), array([0.18339172, 0.18339172, 0.18339172, 0.18339172, 0.18339172,\n       0.18339172, 0.18339172]))", "callback": [0.5238247854141126, 0.3661943392002618, 0.3351001460478633, 0.29684386315886746, 0.2871217520008852, 0.2801104751453223, 0.27610103719459034, 0.27332499751264583, 0.2699287085024724, 0.2643453174110748, 0.2613002048666624, 0.251915203722779, 0.24880858341455592, 0.23996149360379437, 0.23146820107726573, 0.22620596545433902, 0.2246248010220676, 0.22173348811847227, 0.21437927913644794, 0.21223390410177811, 0.20898214907284207, 0.20581539374502344, 0.20213596943098988, 0.20029834941374203, 0.19439247784007352, 0.1903318609305762, 0.18699330598031194, 0.1844174635920901, 0.18377307253877906, 0.1835841294606012, 0.18350292613330754, 0.18347409031686102, 0.1834384880817792, 0.18342556246821629, 0.1834028466283335, 0.18339459717950202, 0.18339389270276674, 0.18339215870200642, 0.1833918238525274, 0.18339174461855257, 0.18339172313682028, 0.18339172102742884, 0.18339171974015755, 0.1833917195250263, 0.18339171947771726, 0.18339171946779897, 0.18339171946364896, 0.183391719462641, 0.183391719462641, 0.18339171946263344, 0.18339171946260135, 0.18339171946258415, 0.18339171946258015, 0.18339171946257915, 0.18339171946257893, 0.1833917194625787, 0.1833917194625787]}, "10": {"maxiter": 1000, "fatol": 1e-10, "xatol": 1e-05, "duration": 0.20024824142456055, "fun": "0.18339171946466593", "nit": "468", "nfev": "729", "status": "0", "success": "True", "message": "Optimization terminated successfully.", "x": "[ 0.76006442  0.71981328 -1.25814208  4.50369876  6.09251187  1.92117992]", "final_simplex": "(array([[ 0.76006442,  0.71981328, -1.25814208,  4.50369876,  6.09251187,\n         1.92117992],\n       [ 0.76006329,  0.71981289, -1.25814163,  4.50370231,  6.09251934,\n         1.9211818 ],\n       [ 0.76006853,  0.7198115 , -1.25813685,  4.50369926,  6.09250942,\n         1.92118331],\n       [ 0.76006409,  0.71981249, -1.25813519,  4.50369524,  6.09251138,\n         1.92118218],\n       [ 0.76006278,  0.71980652, -1.25813308,  4.50369612,  6.09251383,\n         1.92118568],\n       [ 0.7600641 ,  0.71980785, -1.25813429,  4.50369677,  6.09251519,\n         1.92118296],\n       [ 0.76006525,  0.71981085, -1.25813606,  4.50369367,  6.09251251,\n         1.9211829 ]]), array([0.18339172, 0.18339172, 0.18339172, 0.18339172, 0.18339172,\n       0.18339172, 0.18339172]))", "callback": [0.5238247854141126, 0.3661943392002618, 0.3351001460478633, 0.29684386315886746, 0.2871217520008852, 0.2801104751453223, 0.27610103719459034, 0.27332499751264583, 0.2699287085024724, 0.2643453174110748, 0.2613002048666624, 0.251915203722779, 0.24880858341455592, 0.23996149360379437, 0.23146820107726573, 0.22620596545433902, 0.2246248010220676, 0.22173348811847227, 0.21437927913644794, 0.21223390410177811, 0.20898214907284207, 0.20581539374502344, 0.20213596943098988, 0.20029834941374203, 0.19439247784007352, 0.1903318609305762, 0.18699330598031194, 0.1844174635920901, 0.18377307253877906, 0.1835841294606012, 0.18350292613330754, 0.18347409031686102, 0.1834384880817792, 0.18342556246821629, 0.1834028466283335, 0.18339459717950202, 0.18339389270276674, 0.18339215870200642, 0.1833918238525274, 0.18339174461855257, 0.18339172313682028, 0.18339172102742884, 0.18339171974015755, 0.1833917195250263, 0.18339171947771726, 0.18339171946779897]}, "11": {"maxiter": 1000, "fatol": 1e-10, "xatol": 1e-10, "duration": 0.2659790515899658, "fun": "0.1833917194625787", "nit": "574", "nfev": "958", "status": "0", "success": "True", "message": "Optimization terminated successfully.", "x": "[ 0.76006106  0.71981185 -1.25814252  4.5037009   6.0925175   1.92118196]", "final_simplex": "(array([[ 0.76006106,  0.71981185, -1.25814252,  4.5037009 ,  6.0925175 ,\n         1.92118196],\n       [ 0.76006106,  0.71981185, -1.25814252,  4.5037009 ,  6.0925175 ,\n         1.92118196],\n       [ 0.76006106,  0.71981185, -1.25814252,  4.5037009 ,  6.0925175 ,\n         1.92118196],\n       [ 0.76006106,  0.71981185, -1.25814252,  4.5037009 ,  6.0925175 ,\n         1.92118196],\n       [ 0.76006106,  0.71981185, -1.25814252,  4.5037009 ,  6.0925175 ,\n         1.92118196],\n       [ 0.76006106,  0.71981185, -1.25814252,  4.5037009 ,  6.0925175 ,\n         1.92118196],\n       [ 0.76006106,  0.71981185, -1.25814252,  4.5037009 ,  6.0925175 ,\n         1.92118196]]), array([0.18339172, 0.18339172, 0.18339172, 0.18339172, 0.18339172,\n       0.18339172, 0.18339172]))", "callback": [0.5238247854141126, 0.3661943392002618, 0.3351001460478633, 0.29684386315886746, 0.2871217520008852, 0.2801104751453223, 0.27610103719459034, 0.27332499751264583, 0.2699287085024724, 0.2643453174110748, 0.2613002048666624, 0.251915203722779, 0.24880858341455592, 0.23996149360379437, 0.23146820107726573, 0.22620596545433902, 0.2246248010220676, 0.22173348811847227, 0.21437927913644794, 0.21223390410177811, 0.20898214907284207, 0.20581539374502344, 0.20213596943098988, 0.20029834941374203, 0.19439247784007352, 0.1903318609305762, 0.18699330598031194, 0.1844174635920901, 0.18377307253877906, 0.1835841294606012, 0.18350292613330754, 0.18347409031686102, 0.1834384880817792, 0.18342556246821629, 0.1834028466283335, 0.18339459717950202, 0.18339389270276674, 0.18339215870200642, 0.1833918238525274, 0.18339174461855257, 0.18339172313682028, 0.18339172102742884, 0.18339171974015755, 0.1833917195250263, 0.18339171947771726, 0.18339171946779897, 0.18339171946364896, 0.183391719462641, 0.183391719462641, 0.18339171946263344, 0.18339171946260135, 0.18339171946258415, 0.18339171946258015, 0.18339171946257915, 0.18339171946257893, 0.1833917194625787, 0.1833917194625787]}}, "bfgs": {"type": "gradient", "0": {"maxiter": 100, "gtol": 1e-05, "xrtol": 1e-05, "eps": 1e-05, "duration": 0.07690215110778809, "fun": "0.183391720072146", "jac": "[ 5.12279108e-06 -7.55242535e-06 -1.82294180e-06 -7.62940822e-06\n  2.38941089e-06 -9.25600707e-06]", "hess_inv": "[[ 8.40339047  0.25405181 -6.32242307  2.42250276  8.85738968 -0.62173228]\n [ 0.25405181 12.4544812  -8.97725697  0.52545394 -2.73122879 -6.95784557]\n [-6.32242307 -8.97725697 18.5241273  -6.79768126 -7.47484921  5.92161507]\n [ 2.42250276  0.52545394 -6.79768126  6.21181071  5.22866319 -1.26001294]\n [ 8.85738968 -2.73122879 -7.47484921  5.22866319 16.29257849  0.8829421 ]\n [-0.62173228 -6.95784557  5.92161507 -1.26001294  0.8829421   6.3449202 ]]", "nfev": "266", "njev": "38", "status": "0", "success": "True", "message": "Optimization terminated successfully.", "x": "[-0.75997916  3.861372    1.88344102  4.50367387 -0.19059244  1.92116029]", "nit": "35", "callback": [0.27203965438052746, 0.19558258421707242, 0.1833954570667018]}, "1": {"maxiter": 100, "gtol": 1e-05, "xrtol": 1e-05, "eps": 1e-10, "duration": 0.08083820343017578, "fun": "0.18339171959401368", "jac": "[ 3.33066880e-06 -1.11022293e-06  1.11022293e-06  3.33066880e-06\n  2.22044587e-06  1.11022293e-06]", "hess_inv": "[[ 11.51449192  -0.67157434  -7.56764545   1.83436716  11.83762637\n   -1.88417917]\n [ -0.67157434  10.10048241  -8.3313543    1.71749419  -1.12069544\n   -4.61720102]\n [ -7.56764545  -8.3313543   20.32425263  -7.73943047 -10.73148167\n    5.8356941 ]\n [  1.83436716   1.71749419  -7.73943047   6.71767529   5.10906054\n   -1.71752352]\n [ 11.83762637  -1.12069544 -10.73148167   5.10906054  18.38570202\n   -1.93172829]\n [ -1.88417917  -4.61720102   5.8356941   -1.71752352  -1.93172829\n    4.84529729]]", "nfev": "280", "njev": "40", "status": "0", "success": "True", "message": "Optimization terminated successfully.", "x": "[-0.76001032  3.86140301  1.88340926  4.50372067 -0.19059945  1.92117871]", "nit": "37", "callback": [0.27203935487126385, 0.19920704898657726, 0.1834216466483447]}, "2": {"maxiter": 100, "gtol": 1e-05, "xrtol": 1e-10, "eps": 1e-05, "duration": 0.07660317420959473, "fun": "0.183391720072146", "jac": "[ 5.12279108e-06 -7.55242535e-06 -1.82294180e-06 -7.62940822e-06\n  2.38941089e-06 -9.25600707e-06]", "hess_inv": "[[ 8.40339047  0.25405181 -6.32242307  2.42250276  8.85738968 -0.62173228]\n [ 0.25405181 12.4544812  -8.97725697  0.52545394 -2.73122879 -6.95784557]\n [-6.32242307 -8.97725697 18.5241273  -6.79768126 -7.47484921  5.92161507]\n [ 2.42250276  0.52545394 -6.79768126  6.21181071  5.22866319 -1.26001294]\n [ 8.85738968 -2.73122879 -7.47484921  5.22866319 16.29257849  0.8829421 ]\n [-0.62173228 -6.95784557  5.92161507 -1.26001294  0.8829421   6.3449202 ]]", "nfev": "266", "njev": "38", "status": "0", "success": "True", "message": "Optimization terminated successfully.", "x": "[-0.75997916  3.861372    1.88344102  4.50367387 -0.19059244  1.92116029]", "nit": "35", "callback": [0.27203965438052746, 0.19558258421707242, 0.1833954570667018]}, "3": {"maxiter": 100, "gtol": 1e-05, "xrtol": 1e-10, "eps": 1e-10, "duration": 0.08050084114074707, "fun": "0.18339171959401368", "jac": "[ 3.33066880e-06 -1.11022293e-06  1.11022293e-06  3.33066880e-06\n  2.22044587e-06  1.11022293e-06]", "hess_inv": "[[ 11.51449192  -0.67157434  -7.56764545   1.83436716  11.83762637\n   -1.88417917]\n [ -0.67157434  10.10048241  -8.3313543    1.71749419  -1.12069544\n   -4.61720102]\n [ -7.56764545  -8.3313543   20.32425263  -7.73943047 -10.73148167\n    5.8356941 ]\n [  1.83436716   1.71749419  -7.73943047   6.71767529   5.10906054\n   -1.71752352]\n [ 11.83762637  -1.12069544 -10.73148167   5.10906054  18.38570202\n   -1.93172829]\n [ -1.88417917  -4.61720102   5.8356941   -1.71752352  -1.93172829\n    4.84529729]]", "nfev": "280", "njev": "40", "status": "0", "success": "True", "message": "Optimization terminated successfully.", "x": "[-0.76001032  3.86140301  1.88340926  4.50372067 -0.19059945  1.92117871]", "nit": "37", "callback": [0.27203935487126385, 0.19920704898657726, 0.1834216466483447]}, "4": {"maxiter": 100, "gtol": 1e-10, "xrtol": 1e-05, "eps": 1e-05, "duration": 0.0806269645690918, "fun": "0.18339171951190103", "jac": "[ 4.74820183e-07 -5.15054666e-07 -1.93689509e-07 -3.46267459e-07\n -6.17372820e-07 -3.02791126e-07]", "hess_inv": "[[11.46353426 -0.95426987 -6.64266631  1.71631688 11.90286423 -1.12860944]\n [-0.95426987 12.82345621 -8.79972601  0.73702583 -4.15986624 -6.73135588]\n [-6.64266631 -8.79972601 18.41918289 -6.59019073 -7.6262492   5.98191267]\n [ 1.71631688  0.73702583 -6.59019073  6.24226298  4.33132588 -1.1441936 ]\n [11.90286423 -4.15986624 -7.6262492   4.33132588 18.81866941  0.42315534]\n [-1.12860944 -6.73135588  5.98191267 -1.1441936   0.42315534  6.41906666]]", "nfev": "280", "njev": "40", "status": "0", "success": "True", "message": "Optimization terminated successfully.", "x": "[-0.76008299  3.86141095  1.88346548  4.50368532 -0.19070674  1.92117582]", "nit": "37", "callback": [0.27203965438052746, 0.19558258421707242, 0.1833954570667018]}, "5": {"maxiter": 100, "gtol": 1e-10, "xrtol": 1e-05, "eps": 1e-10, "duration": 0.08384418487548828, "fun": "0.18339171947421884", "jac": "[-1.11022293e-06 -1.11022293e-06 -1.11022293e-06  0.00000000e+00\n  0.00000000e+00 -2.22044587e-06]", "hess_inv": "[[ 9.85219111  0.80025149 -6.2294311   0.537708    9.25704894 -1.79097558]\n [ 0.80025149  9.35846878 -9.47795944  2.7665467   1.06404312 -4.59718222]\n [-6.2294311  -9.47795944 18.55394313 -5.7183337  -8.33275502  5.85020911]\n [ 0.537708    2.7665467  -5.7183337   4.33177277  2.64966617 -1.77969646]\n [ 9.25704894  1.06404312 -8.33275502  2.64966617 14.2426997  -1.84427532]\n [-1.79097558 -4.59718222  5.85020911 -1.77969646 -1.84427532  4.84901182]]", "nfev": "294", "njev": "42", "status": "0", "success": "True", "message": "Optimization terminated successfully.", "x": "[-0.76005234  3.86141393  1.88343535  4.50370095 -0.19065719  1.92117697]", "nit": "39", "callback": [0.27203935487126385, 0.19920704898657726, 0.1834216466483447]}, "6": {"maxiter": 100, "gtol": 1e-10, "xrtol": 1e-10, "eps": 1e-05, "duration": 0.1429588794708252, "fun": "0.18339171949950095", "jac": "[-1.22124533e-10  1.77635684e-10  1.11022302e-10  3.33066907e-11\n  1.33226763e-10  7.77156117e-11]", "hess_inv": "[[11.58848081 -0.93739467 -7.10848363  2.05621593 12.18422012 -1.11679412]\n [-0.93739467 12.90720263 -9.00001734  0.95072935 -3.79625959 -6.72360077]\n [-7.10848363 -9.00001734 19.87860268 -7.78489859 -9.35567781  5.97183178]\n [ 2.05621593  0.95072935 -7.78489859  7.25298089  5.81934263 -1.13422868]\n [12.18422012 -3.79625959 -9.35567781  5.81934263 20.57898908  0.47211491]\n [-1.11679412 -6.72360077  5.97183178 -1.13422868  0.47211491  6.41544455]]", "nfev": "515", "njev": "73", "status": "0", "success": "True", "message": "Optimization terminated successfully.", "x": "[-0.76008244  3.86141228  1.88346134  4.50368916 -0.1907013   1.92117588]", "nit": "41", "callback": [0.27203965438052746, 0.19558258421707242, 0.1833954570667018, 0.18339171949950106]}, "7": {"maxiter": 100, "gtol": 1e-10, "xrtol": 1e-10, "eps": 1e-10, "duration": 0.11652803421020508, "fun": "0.1833917194725152", "jac": "[ 1.11022293e-06  1.11022293e-06  0.00000000e+00 -1.11022293e-06\n  0.00000000e+00 -1.11022293e-06]", "hess_inv": "[[  9.62065501   0.68993867  -6.11542337   0.9046291    8.91894982\n   -1.29817931]\n [  0.68993867  27.04860299 -33.71937239   7.62197036   1.10102907\n  -19.88674592]\n [ -6.11542337 -33.71937239  51.11303539 -11.7649913   -7.76600384\n   26.1178098 ]\n [  0.9046291    7.62197036 -11.7649913    4.53353589   2.67968001\n   -6.03458136]\n [  8.91894982   1.10102907  -7.76600384   2.67968001  13.06155643\n   -0.52994166]\n [ -1.29817931 -19.88674592  26.1178098   -6.03458136  -0.52994166\n   16.52818607]]", "nfev": "420", "njev": "60", "status": "0", "success": "True", "message": "Optimization terminated successfully.", "x": "[-0.76005267  3.86140781  1.88344467  4.50369907 -0.19065876  1.92118404]", "nit": "41", "callback": [0.27203935487126385, 0.19920704898657726, 0.1834216466483447, 0.1833917194725152]}, "8": {"maxiter": 500, "gtol": 1e-05, "xrtol": 1e-05, "eps": 1e-05, "duration": 0.07427811622619629, "fun": "0.183391720072146", "jac": "[ 5.12279108e-06 -7.55242535e-06 -1.82294180e-06 -7.62940822e-06\n  2.38941089e-06 -9.25600707e-06]", "hess_inv": "[[ 8.40339047  0.25405181 -6.32242307  2.42250276  8.85738968 -0.62173228]\n [ 0.25405181 12.4544812  -8.97725697  0.52545394 -2.73122879 -6.95784557]\n [-6.32242307 -8.97725697 18.5241273  -6.79768126 -7.47484921  5.92161507]\n [ 2.42250276  0.52545394 -6.79768126  6.21181071  5.22866319 -1.26001294]\n [ 8.85738968 -2.73122879 -7.47484921  5.22866319 16.29257849  0.8829421 ]\n [-0.62173228 -6.95784557  5.92161507 -1.26001294  0.8829421   6.3449202 ]]", "nfev": "266", "njev": "38", "status": "0", "success": "True", "message": "Optimization terminated successfully.", "x": "[-0.75997916  3.861372    1.88344102  4.50367387 -0.19059244  1.92116029]", "nit": "35", "callback": [0.27203965438052746, 0.19558258421707242, 0.1833954570667018]}, "9": {"maxiter": 500, "gtol": 1e-05, "xrtol": 1e-05, "eps": 1e-10, "duration": 0.07833600044250488, "fun": "0.18339171959401368", "jac": "[ 3.33066880e-06 -1.11022293e-06  1.11022293e-06  3.33066880e-06\n  2.22044587e-06  1.11022293e-06]", "hess_inv": "[[ 11.51449192  -0.67157434  -7.56764545   1.83436716  11.83762637\n   -1.88417917]\n [ -0.67157434  10.10048241  -8.3313543    1.71749419  -1.12069544\n   -4.61720102]\n [ -7.56764545  -8.3313543   20.32425263  -7.73943047 -10.73148167\n    5.8356941 ]\n [  1.83436716   1.71749419  -7.73943047   6.71767529   5.10906054\n   -1.71752352]\n [ 11.83762637  -1.12069544 -10.73148167   5.10906054  18.38570202\n   -1.93172829]\n [ -1.88417917  -4.61720102   5.8356941   -1.71752352  -1.93172829\n    4.84529729]]", "nfev": "280", "njev": "40", "status": "0", "success": "True", "message": "Optimization terminated successfully.", "x": "[-0.76001032  3.86140301  1.88340926  4.50372067 -0.19059945  1.92117871]", "nit": "37", "callback": [0.27203935487126385, 0.19920704898657726, 0.1834216466483447]}, "10": {"maxiter": 500, "gtol": 1e-05, "xrtol": 1e-10, "eps": 1e-05, "duration": 0.0751187801361084, "fun": "0.183391720072146", "jac": "[ 5.12279108e-06 -7.55242535e-06 -1.82294180e-06 -7.62940822e-06\n  2.38941089e-06 -9.25600707e-06]", "hess_inv": "[[ 8.40339047  0.25405181 -6.32242307  2.42250276  8.85738968 -0.62173228]\n [ 0.25405181 12.4544812  -8.97725697  0.52545394 -2.73122879 -6.95784557]\n [-6.32242307 -8.97725697 18.5241273  -6.79768126 -7.47484921  5.92161507]\n [ 2.42250276  0.52545394 -6.79768126  6.21181071  5.22866319 -1.26001294]\n [ 8.85738968 -2.73122879 -7.47484921  5.22866319 16.29257849  0.8829421 ]\n [-0.62173228 -6.95784557  5.92161507 -1.26001294  0.8829421   6.3449202 ]]", "nfev": "266", "njev": "38", "status": "0", "success": "True", "message": "Optimization terminated successfully.", "x": "[-0.75997916  3.861372    1.88344102  4.50367387 -0.19059244  1.92116029]", "nit": "35", "callback": [0.27203965438052746, 0.19558258421707242, 0.1833954570667018]}, "11": {"maxiter": 500, "gtol": 1e-05, "xrtol": 1e-10, "eps": 1e-10, "duration": 0.07805919647216797, "fun": "0.18339171959401368", "jac": "[ 3.33066880e-06 -1.11022293e-06  1.11022293e-06  3.33066880e-06\n  2.22044587e-06  1.11022293e-06]", "hess_inv": "[[ 11.51449192  -0.67157434  -7.56764545   1.83436716  11.83762637\n   -1.88417917]\n [ -0.67157434  10.10048241  -8.3313543    1.71749419  -1.12069544\n   -4.61720102]\n [ -7.56764545  -8.3313543   20.32425263  -7.73943047 -10.73148167\n    5.8356941 ]\n [  1.83436716   1.71749419  -7.73943047   6.71767529   5.10906054\n   -1.71752352]\n [ 11.83762637  -1.12069544 -10.73148167   5.10906054  18.38570202\n   -1.93172829]\n [ -1.88417917  -4.61720102   5.8356941   -1.71752352  -1.93172829\n    4.84529729]]", "nfev": "280", "njev": "40", "status": "0", "success": "True", "message": "Optimization terminated successfully.", "x": "[-0.76001032  3.86140301  1.88340926  4.50372067 -0.19059945  1.92117871]", "nit": "37", "callback": [0.27203935487126385, 0.19920704898657726, 0.1834216466483447]}, "12": {"maxiter": 500, "gtol": 1e-10, "xrtol": 1e-05, "eps": 1e-05, "duration": 0.07770609855651855, "fun": "0.18339171951190103", "jac": "[ 4.74820183e-07 -5.15054666e-07 -1.93689509e-07 -3.46267459e-07\n -6.17372820e-07 -3.02791126e-07]", "hess_inv": "[[11.46353426 -0.95426987 -6.64266631  1.71631688 11.90286423 -1.12860944]\n [-0.95426987 12.82345621 -8.79972601  0.73702583 -4.15986624 -6.73135588]\n [-6.64266631 -8.79972601 18.41918289 -6.59019073 -7.6262492   5.98191267]\n [ 1.71631688  0.73702583 -6.59019073  6.24226298  4.33132588 -1.1441936 ]\n [11.90286423 -4.15986624 -7.6262492   4.33132588 18.81866941  0.42315534]\n [-1.12860944 -6.73135588  5.98191267 -1.1441936   0.42315534  6.41906666]]", "nfev": "280", "njev": "40", "status": "0", "success": "True", "message": "Optimization terminated successfully.", "x": "[-0.76008299  3.86141095  1.88346548  4.50368532 -0.19070674  1.92117582]", "nit": "37", "callback": [0.27203965438052746, 0.19558258421707242, 0.1833954570667018]}, "13": {"maxiter": 500, "gtol": 1e-10, "xrtol": 1e-05, "eps": 1e-10, "duration": 0.0854640007019043, "fun": "0.18339171947421884", "jac": "[-1.11022293e-06 -1.11022293e-06 -1.11022293e-06  0.00000000e+00\n  0.00000000e+00 -2.22044587e-06]", "hess_inv": "[[ 9.85219111  0.80025149 -6.2294311   0.537708    9.25704894 -1.79097558]\n [ 0.80025149  9.35846878 -9.47795944  2.7665467   1.06404312 -4.59718222]\n [-6.2294311  -9.47795944 18.55394313 -5.7183337  -8.33275502  5.85020911]\n [ 0.537708    2.7665467  -5.7183337   4.33177277  2.64966617 -1.77969646]\n [ 9.25704894  1.06404312 -8.33275502  2.64966617 14.2426997  -1.84427532]\n [-1.79097558 -4.59718222  5.85020911 -1.77969646 -1.84427532  4.84901182]]", "nfev": "294", "njev": "42", "status": "0", "success": "True", "message": "Optimization terminated successfully.", "x": "[-0.76005234  3.86141393  1.88343535  4.50370095 -0.19065719  1.92117697]", "nit": "39", "callback": [0.27203935487126385, 0.19920704898657726, 0.1834216466483447]}, "14": {"maxiter": 500, "gtol": 1e-10, "xrtol": 1e-10, "eps": 1e-05, "duration": 0.14744305610656738, "fun": "0.18339171949950095", "jac": "[-1.22124533e-10  1.77635684e-10  1.11022302e-10  3.33066907e-11\n  1.33226763e-10  7.77156117e-11]", "hess_inv": "[[11.58848081 -0.93739467 -7.10848363  2.05621593 12.18422012 -1.11679412]\n [-0.93739467 12.90720263 -9.00001734  0.95072935 -3.79625959 -6.72360077]\n [-7.10848363 -9.00001734 19.87860268 -7.78489859 -9.35567781  5.97183178]\n [ 2.05621593  0.95072935 -7.78489859  7.25298089  5.81934263 -1.13422868]\n [12.18422012 -3.79625959 -9.35567781  5.81934263 20.57898908  0.47211491]\n [-1.11679412 -6.72360077  5.97183178 -1.13422868  0.47211491  6.41544455]]", "nfev": "515", "njev": "73", "status": "0", "success": "True", "message": "Optimization terminated successfully.", "x": "[-0.76008244  3.86141228  1.88346134  4.50368916 -0.1907013   1.92117588]", "nit": "41", "callback": [0.27203965438052746, 0.19558258421707242, 0.1833954570667018, 0.18339171949950106]}, "15": {"maxiter": 500, "gtol": 1e-10, "xrtol": 1e-10, "eps": 1e-10, "duration": 0.11754298210144043, "fun": "0.1833917194725152", "jac": "[ 1.11022293e-06  1.11022293e-06  0.00000000e+00 -1.11022293e-06\n  0.00000000e+00 -1.11022293e-06]", "hess_inv": "[[  9.62065501   0.68993867  -6.11542337   0.9046291    8.91894982\n   -1.29817931]\n [  0.68993867  27.04860299 -33.71937239   7.62197036   1.10102907\n  -19.88674592]\n [ -6.11542337 -33.71937239  51.11303539 -11.7649913   -7.76600384\n   26.1178098 ]\n [  0.9046291    7.62197036 -11.7649913    4.53353589   2.67968001\n   -6.03458136]\n [  8.91894982   1.10102907  -7.76600384   2.67968001  13.06155643\n   -0.52994166]\n [ -1.29817931 -19.88674592  26.1178098   -6.03458136  -0.52994166\n   16.52818607]]", "nfev": "420", "njev": "60", "status": "0", "success": "True", "message": "Optimization terminated successfully.", "x": "[-0.76005267  3.86140781  1.88344467  4.50369907 -0.19065876  1.92118404]", "nit": "41", "callback": [0.27203935487126385, 0.19920704898657726, 0.1834216466483447, 0.1833917194725152]}, "16": {"maxiter": 1000, "gtol": 1e-05, "xrtol": 1e-05, "eps": 1e-05, "duration": 0.07392096519470215, "fun": "0.183391720072146", "jac": "[ 5.12279108e-06 -7.55242535e-06 -1.82294180e-06 -7.62940822e-06\n  2.38941089e-