{"date": "2024/09/25/, 20:25:08", "conf_id": 310, "data_type": "var_s_rank\n", "num_data_points": 4, "s_rank": 0, "unitary": "[[-0.45070455-0.02711853j,0.78437395-0.06613086j,0.06358678+0.19963393j,-0.07343613+0.35668523j],[-0.01890143-0.03813363j,0.32408202+0.25557629j,0.05872864-0.68979805j,0.55466693-0.20227297j],[-0.11215405+0.64023111j,-0.13344055+0.29565494j,-0.49012687-0.19046288j,-0.04241254+0.44046348j],[0.55771659+0.24656916j,0.31851997-0.05798805j,0.28761525-0.34294258j,-0.56718418+0.03616933j]]", "databatch_0": {"databatch": "[[[-0.03616986+0.16386493j,-0.08377936+0.10986799j,0.15197682-0.22356927j,-0.05343702+0.02642501j],[0.00258403+0.10855005j,0.08031332+0.04064602j,-0.19243846-0.26405196j,0.17424432-0.15552459j],[-0.27581182-0.22121257j,0.2426259+0.08963215j,-0.17126878-0.22036361j,-0.12463799+0.16923101j],[-0.48262519+0.09375475j,0.0304491-0.07635732j,0.17010869-0.01228777j,-0.06348732+0.31519915j]],[[0.08712577+0.00730465j,-0.08870287+0.24580868j,0.04890781+0.07691994j,0.00715044-0.03056789j],[-0.19123007+0.05304178j,-0.34231916+0.32910479j,-0.194032+0.01292032j,0.13117853-0.05400521j],[-0.04201601+0.34113699j,-0.27287332+0.2401528j,0.29500219+0.02403473j,0.07513619+0.28330476j],[0.0101678+0.14565809j,0.21549557-0.06217875j,-0.23001488+0.09040161j,0.00715026-0.18819768j]],[[0.21604066+0.19066849j,-0.27184225+0.05224771j,-0.31283477+0.07287943j,-0.03738353-0.10441296j],[-0.25496487+0.05099776j,-0.05825277+0.43306843j,0.02950247-0.12640369j,-0.03099389+0.09179609j],[0.08869312+0.07371122j,-0.03405237-0.0251896j,0.27634531-0.0078059j,0.39512782-0.08465094j],[-0.01335899+0.01870816j,0.01161124-0.23583623j,0.20368459-0.02358329j,-0.28894342+0.05878071j]],[[0.04149301-0.0730146j,0.23862813+0.02838192j,-0.05766303-0.08084539j,-0.14635816+0.03946827j],[-0.15946739-0.03465035j,-0.00403729-0.18616106j,-0.02321051-0.01535638j,0.42470585-0.17275795j],[0.0259005+0.12474819j,-0.29846653-0.23979427j,-0.07033421+0.24562817j,-0.46479558+0.31917882j],[-0.03495193+0.07887451j,-0.16205788-0.14275264j,-0.03993359+0.10134323j,-0.13428481-0.00854749j]]]", "initial param values": "[3.95371426,4.72765613,2.38172337,1.56645125,4.07912048,3.56507223]", "nelder_mead": {"type": "gradient-free", "0": {"maxiter": 100, "fatol": 1e-05, "xatol": 1e-05, "duration": 0.05559206008911133, "fun": "0.36422923335158186", "nit": "100", "nfev": "156", "status": "2", "success": "False", "message": "Maximum number of iterations has been exceeded.", "x": "[5.15448214 4.12115177 3.3410012  1.5729049  4.10300856 4.96914445]", "final_simplex": "(array([[5.15448214, 4.12115177, 3.3410012 , 1.5729049 , 4.10300856,\n        4.96914445],\n       [5.21505107, 4.12614656, 3.23105585, 1.48544575, 4.26832634,\n        4.80306938],\n       [5.22529939, 4.14565358, 3.39973161, 1.42935582, 4.11891399,\n        5.04353372],\n       [5.17153261, 4.13351389, 3.23201109, 1.44267217, 4.23479047,\n        5.06413952],\n       [5.2777282 , 4.16071494, 3.21423086, 1.3636149 , 4.17390345,\n        4.95452963],\n       [5.16200434, 4.07842444, 3.3820526 , 1.43922249, 4.09399248,\n        4.95489846],\n       [5.11673062, 4.2789261 , 3.13889792, 1.47687672, 4.26899383,\n        4.81079233]]), array([0.36422923, 0.36574884, 0.3658796 , 0.36751839, 0.36762802,\n       0.36765503, 0.37108236]))", "callback": [0.6547044826170012, 0.5361096723209509, 0.5105116439319608, 0.4885726578351971, 0.46826490197262116, 0.43350179176405224, 0.40300865449255263, 0.3935621926910329, 0.3811302223861698, 0.3676550295698746]}, "1": {"maxiter": 100, "fatol": 1e-05, "xatol": 1e-10, "duration": 0.05501413345336914, "fun": "0.36422923335158186", "nit": "100", "nfev": "156", "status": "2", "success": "False", "message": "Maximum number of iterations has been exceeded.", "x": "[5.15448214 4.12115177 3.3410012  1.5729049  4.10300856 4.96914445]", "final_simplex": "(array([[5.15448214, 4.12115177, 3.3410012 , 1.5729049 , 4.10300856,\n        4.96914445],\n       [5.21505107, 4.12614656, 3.23105585, 1.48544575, 4.26832634,\n        4.80306938],\n       [5.22529939, 4.14565358, 3.39973161, 1.42935582, 4.11891399,\n        5.04353372],\n       [5.17153261, 4.13351389, 3.23201109, 1.44267217, 4.23479047,\n        5.06413952],\n       [5.2777282 , 4.16071494, 3.21423086, 1.3636149 , 4.17390345,\n        4.95452963],\n       [5.16200434, 4.07842444, 3.3820526 , 1.43922249, 4.09399248,\n        4.95489846],\n       [5.11673062, 4.2789261 , 3.13889792, 1.47687672, 4.26899383,\n        4.81079233]]), array([0.36422923, 0.36574884, 0.3658796 , 0.36751839, 0.36762802,\n       0.36765503, 0.37108236]))", "callback": [0.6547044826170012, 0.5361096723209509, 0.5105116439319608, 0.4885726578351971, 0.46826490197262116, 0.43350179176405224, 0.40300865449255263, 0.3935621926910329, 0.3811302223861698, 0.3676550295698746]}, "2": {"maxiter": 100, "fatol": 1e-10, "xatol": 1e-05, "duration": 0.04970097541809082, "fun": "0.36422923335158186", "nit": "100", "nfev": "156", "status": "2", "success": "False", "message": "Maximum number of iterations has been exceeded.", "x": "[5.15448214 4.12115177 3.3410012  1.5729049  4.10300856 4.96914445]", "final_simplex": "(array([[5.15448214, 4.12115177, 3.3410012 , 1.5729049 , 4.10300856,\n        4.96914445],\n       [5.21505107, 4.12614656, 3.23105585, 1.48544575, 4.26832634,\n        4.80306938],\n       [5.22529939, 4.14565358, 3.39973161, 1.42935582, 4.11891399,\n        5.04353372],\n       [5.17153261, 4.13351389, 3.23201109, 1.44267217, 4.23479047,\n        5.06413952],\n       [5.2777282 , 4.16071494, 3.21423086, 1.3636149 , 4.17390345,\n        4.95452963],\n       [5.16200434, 4.07842444, 3.3820526 , 1.43922249, 4.09399248,\n        4.95489846],\n       [5.11673062, 4.2789261 , 3.13889792, 1.47687672, 4.26899383,\n        4.81079233]]), array([0.36422923, 0.36574884, 0.3658796 , 0.36751839, 0.36762802,\n       0.36765503, 0.37108236]))", "callback": [0.6547044826170012, 0.5361096723209509, 0.5105116439319608, 0.4885726578351971, 0.46826490197262116, 0.43350179176405224, 0.40300865449255263, 0.3935621926910329, 0.3811302223861698, 0.3676550295698746]}, "3": {"maxiter": 100, "fatol": 1e-10, "xatol": 1e-10, "duration": 0.05109906196594238, "fun": "0.36422923335158186", "nit": "100", "nfev": "156", "status": "2", "success": "False", "message": "Maximum number of iterations has been exceeded.", "x": "[5.15448214 4.12115177 3.3410012  1.5729049  4.10300856 4.96914445]", "final_simplex": "(array([[5.15448214, 4.12115177, 3.3410012 , 1.5729049 , 4.10300856,\n        4.96914445],\n       [5.21505107, 4.12614656, 3.23105585, 1.48544575, 4.26832634,\n        4.80306938],\n       [5.22529939, 4.14565358, 3.39973161, 1.42935582, 4.11891399,\n        5.04353372],\n       [5.17153261, 4.13351389, 3.23201109, 1.44267217, 4.23479047,\n        5.06413952],\n       [5.2777282 , 4.16071494, 3.21423086, 1.3636149 , 4.17390345,\n        4.95452963],\n       [5.16200434, 4.07842444, 3.3820526 , 1.43922249, 4.09399248,\n        4.95489846],\n       [5.11673062, 4.2789261 , 3.13889792, 1.47687672, 4.26899383,\n        4.81079233]]), array([0.36422923, 0.36574884, 0.3658796 , 0.36751839, 0.36762802,\n       0.36765503, 0.37108236]))", "callback": [0.6547044826170012, 0.5361096723209509, 0.5105116439319608, 0.4885726578351971, 0.46826490197262116, 0.43350179176405224, 0.40300865449255263, 0.3935621926910329, 0.3811302223861698, 0.3676550295698746]}, "4": {"maxiter": 500, "fatol": 1e-05, "xatol": 1e-05, "duration": 0.15447592735290527, "fun": "0.3613625632067867", "nit": "297", "nfev": "485", "status": "0", "success": "True", "message": "Optimization terminated successfully.", "x": "[5.24726181 4.15808399 3.30499813 1.55319356 4.20819221 4.98022481]", "final_simplex": "(array([[5.24726181, 4.15808399, 3.30499813, 1.55319356, 4.20819221,\n        4.98022481],\n       [5.24726302, 4.15808274, 3.30499721, 1.55319241, 4.20818672,\n        4.98022249],\n       [5.24726095, 4.15808981, 3.30499332, 1.55319417, 4.20818753,\n        4.98022368],\n       [5.24725905, 4.15808657, 3.30499773, 1.55319559, 4.20818784,\n        4.98022766],\n       [5.24726389, 4.15808516, 3.30499831, 1.55318471, 4.20818754,\n        4.98022553],\n       [5.24726184, 4.15808848, 3.30499732, 1.55320225, 4.20818627,\n        4.9802247 ],\n       [5.24726303, 4.15808651, 3.3049941 , 1.55319389, 4.2081883 ,\n        4.98022922]]), array([0.36136256, 0.36136256, 0.36136256, 0.36136256, 0.36136256,\n       0.36136256, 0.36136256]))", "callback": [0.6547044826170012, 0.5361096723209509, 0.5105116439319608, 0.4885726578351971, 0.46826490197262116, 0.43350179176405224, 0.40300865449255263, 0.3935621926910329, 0.3811302223861698, 0.3676550295698746, 0.36422923335158186, 0.3623001089557393, 0.36157458575746837, 0.3614076745620698, 0.36137397120995773, 0.3613662049753896, 0.3613644769912896, 0.36136396005777405, 0.36136310325303245, 0.36136278315315984, 0.3613626342956444, 0.3613625841131405, 0.3613625697699807, 0.361362566133561, 0.36136256485489926, 0.3613625639936986, 0.3613625634509767, 0.36136256336125405, 0.36136256325613303, 0.3613625632148053]}, "5": {"maxiter": 500, "fatol": 1e-05, "xatol": 1e-10, "duration": 0.2514150142669678, "fun": "0.3613625631993459", "nit": "422", "nfev": "741", "status": "0", "success": "True", "message": "Optimization terminated successfully.", "x": "[5.24726442 4.15808754 3.30500237 1.55319307 4.20818881 4.9802267 ]", "final_simplex": "(array([[5.24726442, 4.15808754, 3.30500237, 1.55319307, 4.20818881,\n        4.9802267 ],\n       [5.24726442, 4.15808754, 3.30500237, 1.55319307, 4.20818881,\n        4.9802267 ],\n       [5.24726442, 4.15808754, 3.30500237, 1.55319307, 4.20818881,\n        4.9802267 ],\n       [5.24726442, 4.15808754, 3.30500237, 1.55319307, 4.20818881,\n        4.9802267 ],\n       [5.24726442, 4.15808754, 3.30500237, 1.55319307, 4.20818881,\n        4.9802267 ],\n       [5.24726442, 4.15808754, 3.30500237, 1.55319307, 4.20818881,\n        4.9802267 ],\n       [5.24726442, 4.15808754, 3.30500237, 1.55319307, 4.20818881,\n        4.9802267 ]]), array([0.36136256, 0.36136256, 0.36136256, 0.36136256, 0.36136256,\n       0.36136256, 0.36136256]))", "callback": [0.6547044826170012, 0.5361096723209509, 0.5105116439319608, 0.4885726578351971, 0.46826490197262116, 0.43350179176405224, 0.40300865449255263, 0.3935621926910329, 0.3811302223861698, 0.3676550295698746, 0.36422923335158186, 0.3623001089557393, 0.36157458575746837, 0.3614076745620698, 0.36137397120995773, 0.3613662049753896, 0.3613644769912896, 0.36136396005777405, 0.36136310325303245, 0.36136278315315984, 0.3613626342956444, 0.3613625841131405, 0.3613625697699807, 0.361362566133561, 0.36136256485489926, 0.3613625639936986, 0.3613625634509767, 0.36136256336125405, 0.36136256325613303, 0.3613625632148053, 0.3613625632054407, 0.36136256320219373, 0.36136256320046145, 0.36136256319979765, 0.3613625631994174, 0.36136256319937154, 0.3613625631993579, 0.3613625631993498, 0.361362563199347, 0.36136256319934623, 0.361362563199346, 0.3613625631993459, 0.3613625631993459]}, "6": {"maxiter": 500, "fatol": 1e-10, "xatol": 1e-05, "duration": 0.16867494583129883, "fun": "0.3613625632067867", "nit": "297", "nfev": "485", "status": "0", "success": "True", "message": "Optimization terminated successfully.", "x": "[5.24726181 4.15808399 3.30499813 1.55319356 4.20819221 4.98022481]", "final_simplex": "(array([[5.24726181, 4.15808399, 3.30499813, 1.55319356, 4.20819221,\n        4.98022481],\n       [5.24726302, 4.15808274, 3.30499721, 1.55319241, 4.20818672,\n        4.98022249],\n       [5.24726095, 4.15808981, 3.30499332, 1.55319417, 4.20818753,\n        4.98022368],\n       [5.24725905, 4.15808657, 3.30499773, 1.55319559, 4.20818784,\n        4.98022766],\n       [5.24726389, 4.15808516, 3.30499831, 1.55318471, 4.20818754,\n        4.98022553],\n       [5.24726184, 4.15808848, 3.30499732, 1.55320225, 4.20818627,\n        4.9802247 ],\n       [5.24726303, 4.15808651, 3.3049941 , 1.55319389, 4.2081883 ,\n        4.98022922]]), array([0.36136256, 0.36136256, 0.36136256, 0.36136256, 0.36136256,\n       0.36136256, 0.36136256]))", "callback": [0.6547044826170012, 0.5361096723209509, 0.5105116439319608, 0.4885726578351971, 0.46826490197262116, 0.43350179176405224, 0.40300865449255263, 0.3935621926910329, 0.3811302223861698, 0.3676550295698746, 0.36422923335158186, 0.3623001089557393, 0.36157458575746837, 0.3614076745620698, 0.36137397120995773, 0.3613662049753896, 0.3613644769912896, 0.36136396005777405, 0.36136310325303245, 0.36136278315315984, 0.3613626342956444, 0.3613625841131405, 0.3613625697699807, 0.361362566133561, 0.36136256485489926, 0.3613625639936986, 0.3613625634509767, 0.36136256336125405, 0.36136256325613303, 0.3613625632148053]}, "7": {"maxiter": 500, "fatol": 1e-10, "xatol": 1e-10, "duration": 0.24228310585021973, "fun": "0.3613625631993459", "nit": "422", "nfev": "741", "status": "0", "success": "True", "message": "Optimization terminated successfully.", "x": "[5.24726442 4.15808754 3.30500237 1.55319307 4.20818881 4.9802267 ]", "final_simplex": "(array([[5.24726442, 4.15808754, 3.30500237, 1.55319307, 4.20818881,\n        4.9802267 ],\n       [5.24726442, 4.15808754, 3.30500237, 1.55319307, 4.20818881,\n        4.9802267 ],\n       [5.24726442, 4.15808754, 3.30500237, 1.55319307, 4.20818881,\n        4.9802267 ],\n       [5.24726442, 4.15808754, 3.30500237, 1.55319307, 4.20818881,\n        4.9802267 ],\n       [5.24726442, 4.15808754, 3.30500237, 1.55319307, 4.20818881,\n        4.9802267 ],\n       [5.24726442, 4.15808754, 3.30500237, 1.55319307, 4.20818881,\n        4.9802267 ],\n       [5.24726442, 4.15808754, 3.30500237, 1.55319307, 4.20818881,\n        4.9802267 ]]), array([0.36136256, 0.36136256, 0.36136256, 0.36136256, 0.36136256,\n       0.36136256, 0.36136256]))", "callback": [0.6547044826170012, 0.5361096723209509, 0.5105116439319608, 0.4885726578351971, 0.46826490197262116, 0.43350179176405224, 0.40300865449255263, 0.3935621926910329, 0.3811302223861698, 0.3676550295698746, 0.36422923335158186, 0.3623001089557393, 0.36157458575746837, 0.3614076745620698, 0.36137397120995773, 0.3613662049753896, 0.3613644769912896, 0.36136396005777405, 0.36136310325303245, 0.36136278315315984, 0.3613626342956444, 0.3613625841131405, 0.3613625697699807, 0.361362566133561, 0.36136256485489926, 0.3613625639936986, 0.3613625634509767, 0.36136256336125405, 0.36136256325613303, 0.3613625632148053, 0.3613625632054407, 0.36136256320219373, 0.36136256320046145, 0.36136256319979765, 0.3613625631994174, 0.36136256319937154, 0.3613625631993579, 0.3613625631993498, 0.361362563199347, 0.36136256319934623, 0.361362563199346, 0.3613625631993459, 0.3613625631993459]}, "8": {"maxiter": 1000, "fatol": 1e-05, "xatol": 1e-05, "duration": 0.15662693977355957, "fun": "0.3613625632067867", "nit": "297", "nfev": "485", "status": "0", "success": "True", "message": "Optimization terminated successfully.", "x": "[5.24726181 4.15808399 3.30499813 1.55319356 4.20819221 4.98022481]", "final_simplex": "(array([[5.24726181, 4.15808399, 3.30499813, 1.55319356, 4.20819221,\n        4.98022481],\n       [5.24726302, 4.15808274, 3.30499721, 1.55319241, 4.20818672,\n        4.98022249],\n       [5.24726095, 4.15808981, 3.30499332, 1.55319417, 4.20818753,\n        4.98022368],\n       [5.24725905, 4.15808657, 3.30499773, 1.55319559, 4.20818784,\n        4.98022766],\n       [5.24726389, 4.15808516, 3.30499831, 1.55318471, 4.20818754,\n        4.98022553],\n       [5.24726184, 4.15808848, 3.30499732, 1.55320225, 4.20818627,\n        4.9802247 ],\n       [5.24726303, 4.15808651, 3.3049941 , 1.55319389, 4.2081883 ,\n        4.98022922]]), array([0.36136256, 0.36136256, 0.36136256, 0.36136256, 0.36136256,\n       0.36136256, 0.36136256]))", "callback": [0.6547044826170012, 0.5361096723209509, 0.5105116439319608, 0.4885726578351971, 0.46826490197262116, 0.43350179176405224, 0.40300865449255263, 0.3935621926910329, 0.3811302223861698, 0.3676550295698746, 0.36422923335158186, 0.3623001089557393, 0.36157458575746837, 0.3614076745620698, 0.36137397120995773, 0.3613662049753896, 0.3613644769912896, 0.36136396005777405, 0.36136310325303245, 0.36136278315315984, 0.3613626342956444, 0.3613625841131405, 0.3613625697699807, 0.361362566133561, 0.36136256485489926, 0.3613625639936986, 0.3613625634509767, 0.36136256336125405, 0.36136256325613303, 0.3613625632148053]}, "9": {"maxiter": 1000, "fatol": 1e-05, "xatol": 1e-10, "duration": 0.22714877128601074, "fun": "0.3613625631993459", "nit": "422", "nfev": "741", "status": "0", "success": "True", "message": "Optimization terminated successfully.", "x": "[5.24726442 4.15808754 3.30500237 1.55319307 4.20818881 4.9802267 ]", "final_simplex": "(array([[5.24726442, 4.15808754, 3.30500237, 1.55319307, 4.20818881,\n        4.9802267 ],\n       [5.24726442, 4.15808754, 3.30500237, 1.55319307, 4.20818881,\n        4.9802267 ],\n       [5.24726442, 4.15808754, 3.30500237, 1.55319307, 4.20818881,\n        4.9802267 ],\n       [5.24726442, 4.15808754, 3.30500237, 1.55319307, 4.20818881,\n        4.9802267 ],\n       [5.24726442, 4.15808754, 3.30500237, 1.55319307, 4.20818881,\n        4.9802267 ],\n       [5.24726442, 4.15808754, 3.30500237, 1.55319307, 4.20818881,\n        4.9802267 ],\n       [5.24726442, 4.15808754, 3.30500237, 1.55319307, 4.20818881,\n        4.9802267 ]]), array([0.36136256, 0.36136256, 0.36136256, 0.36136256, 0.36136256,\n       0.36136256, 0.36136256]))", "callback": [0.6547044826170012, 0.5361096723209509, 0.5105116439319608, 0.4885726578351971, 0.46826490197262116, 0.43350179176405224, 0.40300865449255263, 0.3935621926910329, 0.3811302223861698, 0.3676550295698746, 0.36422923335158186, 0.3623001089557393, 0.36157458575746837, 0.3614076745620698, 0.36137397120995773, 0.3613662049753896, 0.3613644769912896, 0.36136396005777405, 0.36136310325303245, 0.36136278315315984, 0.3613626342956444, 0.3613625841131405, 0.3613625697699807, 0.361362566133561, 0.36136256485489926, 0.3613625639936986, 0.3613625634509767, 0.36136256336125405, 0.36136256325613303, 0.3613625632148053, 0.3613625632054407, 0.36136256320219373, 0.36136256320046145, 0.36136256319979765, 0.3613625631994174, 0.36136256319937154, 0.3613625631993579, 0.3613625631993498, 0.361362563199347, 0.36136256319934623, 0.361362563199346, 0.3613625631993459, 0.3613625631993459]}, "10": {"maxiter": 1000, "fatol": 1e-10, "xatol": 1e-05, "duration": 0.16183972358703613, "fun": "0.3613625632067867", "nit": "297", "nfev": "485", "status": "0", "success": "True", "message": "Optimization terminated successfully.", "x": "[5.24726181 4.15808399 3.30499813 1.55319356 4.20819221 4.98022481]", "final_simplex": "(array([[5.24726181, 4.15808399, 3.30499813, 1.55319356, 4.20819221,\n        4.98022481],\n       [5.24726302, 4.15808274, 3.30499721, 1.55319241, 4.20818672,\n        4.98022249],\n       [5.24726095, 4.15808981, 3.30499332, 1.55319417, 4.20818753,\n        4.98022368],\n       [5.24725905, 4.15808657, 3.30499773, 1.55319559, 4.20818784,\n        4.98022766],\n       [5.24726389, 4.15808516, 3.30499831, 1.55318471, 4.20818754,\n        4.98022553],\n       [5.24726184, 4.15808848, 3.30499732, 1.55320225, 4.20818627,\n        4.9802247 ],\n       [5.24726303, 4.15808651, 3.3049941 , 1.55319389, 4.2081883 ,\n        4.98022922]]), array([0.36136256, 0.36136256, 0.36136256, 0.36136256, 0.36136256,\n       0.36136256, 0.36136256]))", "callback": [0.6547044826170012, 0.5361096723209509, 0.5105116439319608, 0.4885726578351971, 0.46826490197262116, 0.43350179176405224, 0.40300865449255263, 0.3935621926910329, 0.3811302223861698, 0.3676550295698746, 0.36422923335158186, 0.3623001089557393, 0.36157458575746837, 0.3614076745620698, 0.36137397120995773, 0.3613662049753896, 0.3613644769912896, 0.36136396005777405, 0.36136310325303245, 0.36136278315315984, 0.3613626342956444, 0.3613625841131405, 0.3613625697699807, 0.361362566133561, 0.36136256485489926, 0.3613625639936986, 0.3613625634509767, 0.36136256336125405, 0.36136256325613303, 0.3613625632148053]}, "11": {"maxiter": 1000, "fatol": 1e-10, "xatol": 1e-10, "duration": 0.23170089721679688, "fun": "0.3613625631993459", "nit": "422", "nfev": "741", "status": "0", "success": "True", "message": "Optimization terminated successfully.", "x": "[5.24726442 4.15808754 3.30500237 1.55319307 4.20818881 4.9802267 ]", "final_simplex": "(array([[5.24726442, 4.15808754, 3.30500237, 1.55319307, 4.20818881,\n        4.9802267 ],\n       [5.24726442, 4.15808754, 3.30500237, 1.55319307, 4.20818881,\n        4.9802267 ],\n       [5.24726442, 4.15808754, 3.30500237, 1.55319307, 4.20818881,\n        4.9802267 ],\n       [5.24726442, 4.15808754, 3.30500237, 1.55319307, 4.20818881,\n        4.9802267 ],\n       [5.24726442, 4.15808754, 3.30500237, 1.55319307, 4.20818881,\n        4.9802267 ],\n       [5.24726442, 4.15808754, 3.30500237, 1.55319307, 4.20818881,\n        4.9802267 ],\n       [5.24726442, 4.15808754, 3.30500237, 1.55319307, 4.20818881,\n        4.9802267 ]]), array([0.36136256, 0.36136256, 0.36136256, 0.36136256, 0.36136256,\n       0.36136256, 0.36136256]))", "callback": [0.6547044826170012, 0.5361096723209509, 0.5105116439319608, 0.4885726578351971, 0.46826490197262116, 0.43350179176405224, 0.40300865449255263, 0.3935621926910329, 0.3811302223861698, 0.3676550295698746, 0.36422923335158186, 0.3623001089557393, 0.36157458575746837, 0.3614076745620698, 0.36137397120995773, 0.3613662049753896, 0.3613644769912896, 0.36136396005777405, 0.36136310325303245, 0.36136278315315984, 0.3613626342956444, 0.3613625841131405, 0.3613625697699807, 0.361362566133561, 0.36136256485489926, 0.3613625639936986, 0.3613625634509767, 0.36136256336125405, 0.36136256325613303, 0.3613625632148053, 0.3613625632054407, 0.36136256320219373, 0.36136256320046145, 0.36136256319979765, 0.3613625631994174, 0.36136256319937154, 0.3613625631993579, 0.3613625631993498, 0.361362563199347, 0.36136256319934623, 0.361362563199346, 0.3613625631993459, 0.3613625631993459]}}, "bfgs": {"type": "gradient", "0": {"maxiter": 100, "gtol": 1e-05, "xrtol": 1e-05, "eps": 1e-05, "duration": 0.04507899284362793, "fun": "0.36136256327069405", "jac": "[-2.47381005e-06 -2.23088215e-07  2.03577155e-06 -1.19138033e-06\n  1.79215531e-06 -1.60864655e-06]", "hess_inv": "[[ 2.92845404e+00 -1.93704805e-01  4.42512649e-01 -4.31889871e-01\n   7.94210445e-01  3.45509235e-01]\n [-1.93704805e-01  4.42676191e+00 -1.63491737e+00  1.62635865e-02\n  -1.36588234e-01  8.21161367e-01]\n [ 4.42512649e-01 -1.63491737e+00  5.35805586e+00  5.05776323e-03\n  -8.35255393e-01  2.13016788e+00]\n [-4.31889871e-01  1.62635865e-02  5.05776323e-03  3.25395108e+00\n  -3.45494666e-01 -1.48773513e-01]\n [ 7.94210445e-01 -1.36588234e-01 -8.35255393e-01 -3.45494666e-01\n   1.69534404e+00 -8.90513342e-01]\n [ 3.45509235e-01  8.21161367e-01  2.13016788e+00 -1.48773513e-01\n  -8.90513342e-01  4.43252575e+00]]", "nfev": "140", "njev": "20", "status": "0", "success": "True", "message": "Optimization terminated successfully.", "x": "[5.24725169 4.1580753  3.3050019  1.55318517 4.20819017 4.98021055]", "nit": "17", "callback": [0.49399771373780144, 0.4475281938239827, 0.42372462262303046, 0.39091982388676527, 0.37701077186922405, 0.36864806055887167, 0.3626976433099034, 0.3617213425679564, 0.36144799175637976, 0.3613971590781231, 0.3613650064525752, 0.3613631000959179, 0.36136285035844906, 0.3613626939778639, 0.3613625841273247, 0.36136256474717565, 0.36136256327069405]}, "1": {"maxiter": 100, "gtol": 1e-05, "xrtol": 1e-05, "eps": 1e-10, "duration": 0.04817390441894531, "fun": "0.3613625632288523", "jac": "[-4.44089173e-06 -1.11022293e-06 -1.11022293e-06 -1.11022293e-06\n  1.11022293e-06 -2.22044587e-06]", "hess_inv": "[[ 2.89667969e+00 -1.96172448e-01  4.05533249e-01 -4.33976394e-01\n   7.92667634e-01  2.92619533e-01]\n [-1.96172448e-01  4.51043534e+00 -1.60164024e+00  3.38700259e-03\n  -1.38955725e-01  8.49012362e-01]\n [ 4.05533249e-01 -1.60164024e+00  5.30195120e+00  3.84273160e-03\n  -8.34830149e-01  2.07770173e+00]\n [-4.33976394e-01  3.38700259e-03  3.84273160e-03  3.25650991e+00\n  -3.46802252e-01 -1.57639482e-01]\n [ 7.92667634e-01 -1.38955725e-01 -8.34830149e-01 -3.46802252e-01\n   1.69402550e+00 -8.93292808e-01]\n [ 2.92619533e-01  8.49012362e-01  2.07770173e+00 -1.57639482e-01\n  -8.93292808e-01  4.35730459e+00]]", "nfev": "140", "njev": "20", "status": "0", "success": "True", "message": "Optimization terminated successfully.", "x": "[5.24725483 4.15808167 3.30500247 1.55319209 4.20819535 4.98021864]", "nit": "17", "callback": [0.49399674866102994, 0.4475268862146494, 0.42372412641489254, 0.39092038113867, 0.3770110385278007, 0.36864880523448007, 0.36269726989340745, 0.3617212234983497, 0.3614479527362928, 0.3613971527109088, 0.36136500970325425, 0.3613631015825177, 0.3613628520911927, 0.36136269347996985, 0.3613625851735044, 0.36136256451740334, 0.3613625632288523]}, "2": {"maxiter": 100, "gtol": 1e-05, "xrtol": 1e-10, "eps": 1e-05, "duration": 0.04297208786010742, "fun": "0.36136256327069405", "jac": "[-2.47381005e-06 -2.23088215e-07  2.03577155e-06 -1.19138033e-06\n  1.79215531e-06 -1.60864655e-06]", "hess_inv": "[[ 2.92845404e+00 -1.93704805e-01  4.42512649e-01 -4.31889871e-01\n   7.94210445e-01  3.45509235e-01]\n [-1.93704805e-01  4.42676191e+00 -1.63491737e+00  1.62635865e-02\n  -1.36588234e-01  8.21161367e-01]\n [ 4.42512649e-01 -1.63491737e+00  5.35805586e+00  5.05776323e-03\n  -8.35255393e-01  2.13016788e+00]\n [-4.31889871e-01  1.62635865e-02  5.05776323e-03  3.25395108e+00\n  -3.45494666e-01 -1.48773513e-01]\n [ 7.94210445e-01 -1.36588234e-01 -8.35255393e-01 -3.45494666e-01\n   1.69534404e+00 -8.90513342e-01]\n [ 3.45509235e-01  8.21161367e-01  2.13016788e+00 -1.48773513e-01\n  -8.90513342e-01  4.43252575e+00]]", "nfev": "140", "njev": "20", "status": "0", "success": "True", "message": "Optimization terminated successfully.", "x": "[5.24725169 4.1580753  3.3050019  1.55318517 4.20819017 4.98021055]", "nit": "17", "callback": [0.49399771373780144, 0.4475281938239827, 0.42372462262303046, 0.39091982388676527, 0.37701077186922405, 0.36864806055887167, 0.3626976433099034, 0.3617213425679564, 0.36144799175637976, 0.3613971590781231, 0.3613650064525752, 0.3613631000959179, 0.36136285035844906, 0.3613626939778639, 0.3613625841273247, 0.36136256474717565, 0.36136256327069405]}, "3": {"maxiter": 100, "gtol": 1e-05, "xrtol": 1e-10, "eps": 1e-10, "duration": 0.04369401931762695, "fun": "0.3613625632288523", "jac": "[-4.44089173e-06 -1.11022293e-06 -1.11022293e-06 -1.11022293e-06\n  1.11022293e-06 -2.22044587e-06]", "hess_inv": "[[ 2.89667969e+00 -1.96172448e-01  4.05533249e-01 -4.33976394e-01\n   7.92667634e-01  2.92619533e-01]\n [-1.96172448e-01  4.51043534e+00 -1.60164024e+00  3.38700259e-03\n  -1.38955725e-01  8.49012362e-01]\n [ 4.05533249e-01 -1.60164024e+00  5.30195120e+00  3.84273160e-03\n  -8.34830149e-01  2.07770173e+00]\n [-4.33976394e-01  3.38700259e-03  3.84273160e-03  3.25650991e+00\n  -3.46802252e-01 -1.57639482e-01]\n [ 7.92667634e-01 -1.38955725e-01 -8.34830149e-01 -3.46802252e-01\n   1.69402550e+00 -8.93292808e-01]\n [ 2.92619533e-01  8.49012362e-01  2.07770173e+00 -1.57639482e-01\n  -8.93292808e-01  4.35730459e+00]]", "nfev": "140", "njev": "20", "status": "0", "success": "True", "message": "Optimization terminated successfully.", "x": "[5.24725483 4.15808167 3.30500247 1.55319209 4.20819535 4.98021864]", "nit": "17", "callback": [0.49399674866102994, 0.4475268862146494, 0.42372412641489254, 0.39092038113867, 0.3770110385278007, 0.36864880523448007, 0.36269726989340745, 0.3617212234983497, 0.3614479527362928, 0.3613971527109088, 0.36136500970325425, 0.3613631015825177, 0.3613628520911927, 0.36136269347996985, 0.3613625851735044, 0.36136256451740334, 0.3613625632288523]}, "4": {"maxiter": 100, "gtol": 1e-10, "xrtol": 1e-05, "eps": 1e-05, "duration": 0.04354095458984375, "fun": "0.36136256327069405", "jac": "[-2.47381005e-06 -2.23088215e-07  2.03577155e-06 -1.19138033e-06\n  1.79215531e-06 -1.60864655e-06]", "hess_inv": "[[ 2.92845404e+00 -1.93704805e-01  4.42512649e-01 -4.31889871e-01\n   7.94210445e-01  3.45509235e-01]\n [-1.93704805e-01  4.42676191e+00 -1.63491737e+00  1.62635865e-02\n  -1.36588234e-01  8.21161367e-01]\n [ 4.42512649e-01 -1.63491737e+00  5.35805586e+00  5.05776323e-03\n  -8.35255393e-01  2.13016788e+00]\n [-4.31889871e-01  1.62635865e-02  5.05776323e-03  3.25395108e+00\n  -3.45494666e-01 -1.48773513e-01]\n [ 7.94210445e-01 -1.36588234e-01 -8.35255393e-01 -3.45494666e-01\n   1.69534404e+00 -8.90513342e-01]\n [ 3.45509235e-01  8.21161367e-01  2.13016788e+00 -1.48773513e-01\n  -8.90513342e-01  4.43252575e+00]]", "nfev": "140", "njev": "20", "status": "0", "success": "True", "message": "Optimization terminated successfully.", "x": "[5.24725169 4.1580753  3.3050019  1.55318517 4.20819017 4.98021055]", "nit": "17", "callback": [0.49399771373780144, 0.4475281938239827, 0.42372462262303046, 0.39091982388676527, 0.37701077186922405, 0.36864806055887167, 0.3626976433099034, 0.3617213425679564, 0.36144799175637976, 0.3613971590781231, 0.3613650064525752, 0.3613631000959179, 0.36136285035844906, 0.3613626939778639, 0.3613625841273247, 0.36136256474717565, 0.36136256327069405]}, "5": {"maxiter": 100, "gtol": 1e-10, "xrtol": 1e-05, "eps": 1e-10, "duration": 0.04227590560913086, "fun": "0.3613625632288523", "jac": "[-4.44089173e-06 -1.11022293e-06 -1.11022293e-06 -1.11022293e-06\n  1.11022293e-06 -2.22044587e-06]", "hess_inv": "[[ 2.89667969e+00 -1.96172448e-01  4.05533249e-01 -4.33976394e-01\n   7.92667634e-01  2.92619533e-01]\n [-1.96172448e-01  4.51043534e+00 -1.60164024e+00  3.38700259e-03\n  -1.38955725e-01  8.49012362e-01]\n [ 4.05533249e-01 -1.60164024e+00  5.30195120e+00  3.84273160e-03\n  -8.34830149e-01  2.07770173e+00]\n [-4.33976394e-01  3.38700259e-03  3.84273160e-03  3.25650991e+00\n  -3.46802252e-01 -1.57639482e-01]\n [ 7.92667634e-01 -1.38955725e-01 -8.34830149e-01 -3.46802252e-01\n   1.69402550e+00 -8.93292808e-01]\n [ 2.92619533e-01  8.49012362e-01  2.07770173e+00 -1.57639482e-01\n  -8.93292808e-01  4.35730459e+00]]", "nfev": "140", "njev": "20", "status": "0", "success": "True", "message": "Optimization terminated successfully.", "x": "[5.24725483 4.15808167 3.30500247 1.55319209 4.20819535 4.98021864]", "nit": "17", "callback": [0.49399674866102994, 0.4475268862146494, 0.42372412641489254, 0.39092038113867, 0.3770110385278007, 0.36864880523448007, 0.36269726989340745, 0.3617212234983497, 0.3614479527362928, 0.3613971527109088, 0.36136500970325425, 0.3613631015825177, 0.3613628520911927, 0.36136269347996985, 0.3613625851735044, 0.36136256451740334, 0.3613625632288523]}, "6": {"maxiter": 100, "gtol": 1e-10, "xrtol": 1e-10, "eps": 1e-05, "duration": 0.1174771785736084, "fun": "0.36136256322248583", "jac": "[-2.46747067e-07  1.44217971e-08  1.90625293e-08  1.49358304e-07\n  8.34854408e-07  3.24795746e-07]", "hess_inv": "[[ 3.21192294 -0.09133886  0.19479755 -0.43464755  0.13022989  0.19577384]\n [-0.09133886  3.94472367 -1.43261863 -0.11444516 -0.53876013  0.57819615]\n [ 0.19479755 -1.43261863  5.40987827  0.07898578 -0.16902814  2.36340494]\n [-0.43464755 -0.11444516  0.07898578  3.21851268 -0.39115411 -0.20279468]\n [ 0.13022989 -0.53876013 -0.16902814 -0.39115411  3.15613991 -0.63019006]\n [ 0.19577384  0.57819615  2.36340494 -0.20279468 -0.63019006  4.42042694]]", "nfev": "403", "njev": "56", "status": "2", "success": "False", "message": "Desired error not necessarily achieved due to precision loss.", "x": "[5.24725839 4.15808206 3.30499499 1.55318912 4.20818734 4.98021682]", "nit": "19", "callback": [0.49399771373780144, 0.4475281938239827, 0.42372462262303046, 0.39091982388676527, 0.37701077186922405, 0.36864806055887167, 0.3626976433099034, 0.3617213425679564, 0.36144799175637976, 0.3613971590781231, 0.3613650064525752, 0.3613631000959179, 0.36136285035844906, 0.3613626939778639, 0.3613625841273247, 0.36136256474717565, 0.36136256327069405, 0.3613625632242251, 0.36136256322248583]}, "7": {"maxiter": 100, "gtol": 1e-10, "xrtol": 1e-10, "eps": 1e-10, "duration": 0.09381985664367676, "fun": "0.3613625632024473", "jac": "[2.22044587e-06 1.11022293e-06 1.11022293e-06 2.22044587e-06\n 1.11022293e-06 0.00000000e+00]", "hess_inv": "[[  1.22672127  -2.55320852   2.60080002   0.20351806   1.049577\n    0.05790655]\n [ -2.55320852  14.67986931 -13.59531789  -0.80803453  -7.35201167\n    1.21125294]\n [  2.60080002 -13.59531789  15.77565766   0.96930821   6.71409354\n    1.92542692]\n [  0.20351806  -0.80803453   0.96930821   0.48160658   0.30654671\n    0.11498249]\n [  1.049577    -7.35201167   6.71409354   0.30654671   4.43197472\n   -0.68041381]\n [  0.05790655   1.21125294   1.92542692   0.11498249  -0.68041381\n    3.1677961 ]]", "nfev": "315", "njev": "45", "status": "0", "success": "True", "message": "Optimization terminated successfully.", "x": "[5.24726711 4.1580893  3.30499954 1.55319168 4.20819148 4.98022487]", "nit": "25", "callback": [0.49399674866102994, 0.4475268862146494, 0.42372412641489254, 0.39092038113867, 0.3770110385278007, 0.36864880523448007, 0.36269726989340745, 0.3617212234983497, 0.3614479527362928, 0.3613971527109088, 0.36136500970325425, 0.3613631015825177, 0.3613628520911927, 0.36136269347996985, 0.3613625851735044, 0.36136256451740334, 0.3613625632288523, 0.36136256322761684, 0.3613625632190456, 0.36136256320972093, 0.3613625632056354, 0.36136256320515125, 0.36136256320446736, 0.3613625632024473, 0.3613625632024473]}, "8": {"maxiter": 500, "gtol": 1e-05, "xrtol": 1e-05, "eps": 1e-05, "duration": 0.04173111915588379, "fun": "0.36136256327069405", "jac": "[-2.47381005e-06 -2.23088215e-07  2.03577155e-06 -1.19138033e-06\n  1.79215531e-06 -1.60864655e-06]", "hess_inv": "[[ 2.92845404e+00 -1.93704805e-01  4.42512649e-01 -4.31889871e-01\n   7.94210445e-01  3.45509235e-01]\n [-1.93704805e-01  4.42676191e+00 -1.63491737e+00  1.62635865e-02\n  -1.36588234e-01  8.21161367e-01]\n [ 4.42512649e-01 -1.63491737e+00  5.35805586e+00  5.05776323e-03\n  -8.35255393e-01  2.13016788e+00]\n [-4.31889871e-01  1.62635865e-02  5.05776323e-03  3.25395108e+00\n  -3.45494666e-01 -1.48773513e-01]\n [ 7.94210445e-01 -1.36588234e-01 -8.35255393e-01 -3.45494666e-01\n   1.69534404e+00 -8.90513342e-01]\n [ 3.45509235e-01  8.21161367e-01  2.13016788e+00 -1.48773513e-01\n  -8.90513342e-01  4.43252575e+00]]", "nfev": "140", "njev": "20", "status": "0", "success": "True", "message": "Optimization terminated successfully.", "x": "[5.24725169 4.1580753  3.3050019  1.55318517 4.20819017 4.98021055]", "nit": "17", "callback": [0.49399771373780144, 0.4475281938239827, 0.42372462262303046, 0.39091982388676527, 0.37701077186922405, 0.36864806055887167, 0.3626976433099034, 0.3617213425679564, 0.36144799175637976, 0.3613971590781231, 0.3613650064525752, 0.3613631000959179, 0.36136285035844906, 0.3613626939778639, 0.3613625841273247, 0.36136256474717565, 0.36136256327069405]}, "9": {"maxiter": 500, "gtol": 1e-05, "xrtol": 1e-05, "eps": 1e-10, "duration": 0.04737091064453125, "fun": "0.3613625632288523", "jac": "[-4.44089173e-06 -1.11022293e-06 -1.11022293e-06 -1.11022293e-06\n  1.11022293e-06 -2.22044587e-06]", "hess_inv": "[[ 2.89667969e+00 -1.96172448e-01  4.05533249e-01 -4.33976394e-01\n   7.92667634e-01  2.92619533e-01]\n [-1.96172448e-01  4.51043534e+00 -1.60164024e+00  3.38700259e-03\n  -1.38955725e-01  8.49012362e-01]\n [ 4.05533249e-01 -1.60164024e+00  5.30195120e+00  3.84273160e-03\n  -8.34830149e-01  2.07770173e+00]\n [-4.33976394e-01  3.38700259e-03  3.84273160e-03  3.25650991e+00\n  -3.46802252e-01 -1.57639482e-01]\n [ 7.92667634e-01 -1.38955725e-01 -8.34830149e-01 -3.46802252e-01\n   1.69402550e+00 -8.93292808e-01]\n [ 2.92619533e-01  8.49012362e-01  2.07770173e+00 -1.57639482e-01\n  -8.93292808e-01  4.35730459e+00]]", "nfev": "140", "njev": "20", "status": "0", "success": "True", "message": "Optimization terminated successfully.", "x": "[5.24725483 4.15808167 3.30500247 1.55319209 4.20819535 4.98021864]", "nit": "17", "callback": [0.49399674866102994, 0.4475268862146494, 0.42372412641489254, 0.39092038113867, 0.3770110385278007, 0.36864880523448007, 0.36269726989340745, 0.3617212234983497, 0.3614479527362928, 0.3613971527109088, 0.36136500970325425, 0.3613631015825177, 0.3613628520911927, 0.36136269347996985, 0.3613625851735044, 0.36136256451740334, 0.3613625632288523]}, "10": {"maxiter": 500, "gtol": 1e-05, "xrtol": 1e-10, "eps": 1e-05, "duration": 0.03950691223144531, "fun": "0.36136256327069405", "jac": "[-2.47381005e-06 -2.23088215e-07  2.03577155e-06 -1.19138033e-06\n  1.79215531e-06 -1.60864655e-06]", "hess_inv": "[[ 2.92845404e+00 -1.93704805e-01  4.42512649e-01 -4.31889871e-01\n   7.94210445e-01  3.45509235e-01]\n [-1.93704805e-01  4.42676191e+00 -1.63491737e+00  1.62635865e-02\n  -1.36588234e-01  8.21161367e-01]\n [ 4.42512649e-01 -1.63491737e+00  5.35805586e+00  5.05776323e-03\n  -8.35255393e-01  2.13016788e+00]\n [-4.31889871e-01  1.62635865e-02  5.05776323e-03  3.25395108e+00\n  -3.45494666e-01 -1.48773513e-01]\n [ 7.94210445e-01 -1.36588234e-01 -8.35255393e-01 -3.45494666e-01\n   1.69534404e+00 -8.90513342e-01]\n [ 3.45509235e-01  8.21161367e-01  2.13016788e+00 -1.48773513e-01\n  -8.90513342e-01  4.43252575e+00]]", "nfev": "140", "njev": "20", "status": "0", "success": "True", "message": "Optimization terminated successfully.", "x": "[5.24725169 4.1580753  3.3050019  1.55318517 4.20819017 4.98021055]", "nit": "17", "callback": [0.49399771373780144, 0.4475281938239827, 0.42372462262303046, 0.39091982388676527, 0.37701077186922405, 0.36864806055887167, 0.3626976433099034, 0.3617213425679564, 0.36144799175637976, 0.3613971590781231, 0.3613650064525752, 0.3613631000959179, 0.36136285035844906, 0.3613626939778639, 0.3613625841273247, 0.36136256474717565, 0.36136256327069405]}, "11": {"maxiter": 500, "gtol": 1e-05, "xrtol": 1e-10, "eps": 1e-10, "duration": 0.04255509376525879, "fun": "0.3613625632288523", "jac": "[-4.44089173e-06 -1.11022293e-06 -1.11022293e-06 -1.11022293e-06\n  1.11022293e-06 -2.22044587e-06]", "hess_inv": "[[ 2.89667969e+00 -1.96172448e-01  4.05533249e-01 -4.33976394e-01\n   7.92667634e-01  2.92619533e-01]\n [-1.96172448e-01  4.51043534e+00 -1.60164024e+00  3.38700259e-03\n  -1.38955725e-01  8.49012362e-01]\n [ 4.05533249e-01 -1.60164024e+00  5.30195120e+00  3.84273160e-03\n  -8.34830149e-01  2.07770173e+00]\n [-4.33976394e-01  3.38700259e-03  3.84273160e-03  3.25650991e+00\n  -3.46802252e-01 -1.57639482e-01]\n [ 7.92667634e-01 -1.38955725e-01 -8.34830149e-01 -3.46802252e-01\n   1.69402550e+00 -8.93292808e-01]\n [ 2.92619533e-01  8.49012362e-01  2.07770173e+00 -1.57639482e-01\n  -8.93292808e-01  4.35730459e+00]]", "nfev": "140", "njev": "20", "status": "0", "success": "True", "message": "Optimization terminated successfully.", "x": "[5.24725483 4.15808167 3.30500247 1.55319209 4.20819535 4.98021864]", "nit": "17", "callback": [0.49399674866102994, 0.4475268862146494, 0.42372412641489254, 0.39092038113867, 0.3770110385278007, 0.36864880523448007, 0.36269726989340745, 0.3617212234983497, 0.3614479527362928, 0.3613971527109088, 0.36136500970325425, 0.3613631015825177, 0.3613628520911927, 0.36136269347996985, 0.3613625851735044, 0.36136256451740334, 0.3613625632288523]}, "12": {"maxiter": 500, "gtol": 1e-10, "xrtol": 1e-05, "eps": 1e-05, "duration": 0.04393887519836426, "fun": "0.36136256327069405", "jac": "[-2.47381005e-06 -2.23088215e-07  2.03577155e-06 -1.19138033e-06\n  1.79215531e-06 -1.60864655e-06]", "hess_inv": "[[ 2.92845404e+00 -1.93704805e-01  4.42512649e-01 -4.31889871e-01\n   7.94210445e-01  3.45509235e-01]\n [-1.93704805e-01  4.42676191e+00 -1.63491737e+00  1.62635865e-02\n  -1.36588234e-01  8.21161367e-01]\n [ 4.42512649e-01 -1.63491737e+00  5.35805586e+00  5.05776323e-03\n  -8.35255393e-01  2.13016788e+00]\n [-4.31889871e-01  1.62635865e-02  5.05776323e-03  3.25395108e+00\n  -3.45494666e-01 -1.48773513e-01]\n [ 7.94210445e-01 -1.36588234e-01 -8.35255393e-01 -3.45494666e-01\n   1.69534