{"date": "2024/10/08/, 14:23:53", "conf_id": 4, "data_type": "random\n", "num_data_points": 1, "s_rank": 0, "unitary": "[[-0.24866696+0.58742286j,-0.44704345-0.43151574j,-0.35669027-0.20570733j,-0.10517633+0.1626036j],[0.10596805-0.19687975j,-0.30269685-0.15056416j,0.18246286+0.30440582j,-0.83484447-0.11310748j],[0.26054512-0.52548482j,0.0285017-0.50723956j,-0.43110112+0.17165838j,0.15243271+0.39915801j],[0.42978035+0.11991271j,-0.17224126-0.46030424j,0.6827807-0.15164662j,0.26483638+0.0061855j]]", "databatch_0": {"databatch": "[[[0.08218006+0.38581094j,-0.1011434-0.50187746j,0.03711803-0.01106927j,0.15583-0.03455803j],[0.04202506+0.03192283j,-0.05408408-0.04202945j,0.00279498-0.00436369j,0.01277446-0.01711239j],[0.27576245+0.18246308j,-0.35527774-0.24073787j,0.01569657-0.02842207j,0.07289535-0.11219766j],[0.25842392+0.12411181j,-0.33360916-0.16476221j,0.01012122-0.0262674j,0.04934375-0.10498455j]]]", "initial param values": "[2.23505875,5.28179,0.37881644,0.66315656,4.57501727,5.9277944]", "nelder_mead": {"type": "gradient-free", "0": {"maxiter": 100, "fatol": 1e-05, "xatol": 1e-05, "duration": 0.058461904525756836, "fun": "0.06435206270375393", "nit": "100", "nfev": "150", "status": "2", "success": "False", "message": "Maximum number of iterations has been exceeded.", "x": "[4.28557466 1.77406029 0.36430541 0.67233976 4.18639967 5.47844539]", "final_simplex": "(array([[4.28557466, 1.77406029, 0.36430541, 0.67233976, 4.18639967,\n        5.47844539],\n       [4.32608655, 1.73159214, 0.37359156, 0.65715723, 4.13809941,\n        5.58142767],\n       [4.33670523, 1.60595213, 0.35662702, 0.68443166, 4.16706992,\n        5.49420163],\n       [4.29589935, 1.68933737, 0.37055381, 0.66934391, 4.07444534,\n        5.60958025],\n       [4.27054247, 1.78024307, 0.36965235, 0.67301574, 4.19324206,\n        5.45078845],\n       [4.29249215, 1.76709391, 0.37566406, 0.6532979 , 4.17443753,\n        5.5274074 ],\n       [4.21306694, 1.7413821 , 0.35715046, 0.69705975, 4.19708771,\n        5.46271836]]), array([0.06435206, 0.06436082, 0.06486765, 0.06505177, 0.06573328,\n       0.06576717, 0.06592552]))", "callback": [0.8486763636436068, 0.6390170286705593, 0.25521014613792126, 0.15656571904318717, 0.12690929789661465, 0.08307537325576819, 0.07195637419789225, 0.07055106015208645, 0.06771068109717593, 0.06593316411231598]}, "1": {"maxiter": 100, "fatol": 1e-05, "xatol": 1e-10, "duration": 0.048870086669921875, "fun": "0.06435206270375393", "nit": "100", "nfev": "150", "status": "2", "success": "False", "message": "Maximum number of iterations has been exceeded.", "x": "[4.28557466 1.77406029 0.36430541 0.67233976 4.18639967 5.47844539]", "final_simplex": "(array([[4.28557466, 1.77406029, 0.36430541, 0.67233976, 4.18639967,\n        5.47844539],\n       [4.32608655, 1.73159214, 0.37359156, 0.65715723, 4.13809941,\n        5.58142767],\n       [4.33670523, 1.60595213, 0.35662702, 0.68443166, 4.16706992,\n        5.49420163],\n       [4.29589935, 1.68933737, 0.37055381, 0.66934391, 4.07444534,\n        5.60958025],\n       [4.27054247, 1.78024307, 0.36965235, 0.67301574, 4.19324206,\n        5.45078845],\n       [4.29249215, 1.76709391, 0.37566406, 0.6532979 , 4.17443753,\n        5.5274074 ],\n       [4.21306694, 1.7413821 , 0.35715046, 0.69705975, 4.19708771,\n        5.46271836]]), array([0.06435206, 0.06436082, 0.06486765, 0.06505177, 0.06573328,\n       0.06576717, 0.06592552]))", "callback": [0.8486763636436068, 0.6390170286705593, 0.25521014613792126, 0.15656571904318717, 0.12690929789661465, 0.08307537325576819, 0.07195637419789225, 0.07055106015208645, 0.06771068109717593, 0.06593316411231598]}, "2": {"maxiter": 100, "fatol": 1e-10, "xatol": 1e-05, "duration": 0.04509377479553223, "fun": "0.06435206270375393", "nit": "100", "nfev": "150", "status": "2", "success": "False", "message": "Maximum number of iterations has been exceeded.", "x": "[4.28557466 1.77406029 0.36430541 0.67233976 4.18639967 5.47844539]", "final_simplex": "(array([[4.28557466, 1.77406029, 0.36430541, 0.67233976, 4.18639967,\n        5.47844539],\n       [4.32608655, 1.73159214, 0.37359156, 0.65715723, 4.13809941,\n        5.58142767],\n       [4.33670523, 1.60595213, 0.35662702, 0.68443166, 4.16706992,\n        5.49420163],\n       [4.29589935, 1.68933737, 0.37055381, 0.66934391, 4.07444534,\n        5.60958025],\n       [4.27054247, 1.78024307, 0.36965235, 0.67301574, 4.19324206,\n        5.45078845],\n       [4.29249215, 1.76709391, 0.37566406, 0.6532979 , 4.17443753,\n        5.5274074 ],\n       [4.21306694, 1.7413821 , 0.35715046, 0.69705975, 4.19708771,\n        5.46271836]]), array([0.06435206, 0.06436082, 0.06486765, 0.06505177, 0.06573328,\n       0.06576717, 0.06592552]))", "callback": [0.8486763636436068, 0.6390170286705593, 0.25521014613792126, 0.15656571904318717, 0.12690929789661465, 0.08307537325576819, 0.07195637419789225, 0.07055106015208645, 0.06771068109717593, 0.06593316411231598]}, "3": {"maxiter": 100, "fatol": 1e-10, "xatol": 1e-10, "duration": 0.044303178787231445, "fun": "0.06435206270375393", "nit": "100", "nfev": "150", "status": "2", "success": "False", "message": "Maximum number of iterations has been exceeded.", "x": "[4.28557466 1.77406029 0.36430541 0.67233976 4.18639967 5.47844539]", "final_simplex": "(array([[4.28557466, 1.77406029, 0.36430541, 0.67233976, 4.18639967,\n        5.47844539],\n       [4.32608655, 1.73159214, 0.37359156, 0.65715723, 4.13809941,\n        5.58142767],\n       [4.33670523, 1.60595213, 0.35662702, 0.68443166, 4.16706992,\n        5.49420163],\n       [4.29589935, 1.68933737, 0.37055381, 0.66934391, 4.07444534,\n        5.60958025],\n       [4.27054247, 1.78024307, 0.36965235, 0.67301574, 4.19324206,\n        5.45078845],\n       [4.29249215, 1.76709391, 0.37566406, 0.6532979 , 4.17443753,\n        5.5274074 ],\n       [4.21306694, 1.7413821 , 0.35715046, 0.69705975, 4.19708771,\n        5.46271836]]), array([0.06435206, 0.06436082, 0.06486765, 0.06505177, 0.06573328,\n       0.06576717, 0.06592552]))", "callback": [0.8486763636436068, 0.6390170286705593, 0.25521014613792126, 0.15656571904318717, 0.12690929789661465, 0.08307537325576819, 0.07195637419789225, 0.07055106015208645, 0.06771068109717593, 0.06593316411231598]}, "4": {"maxiter": 500, "fatol": 1e-05, "xatol": 1e-05, "duration": 0.1547408103942871, "fun": "0.03827141280462698", "nit": "335", "nfev": "528", "status": "0", "success": "True", "message": "Optimization terminated successfully.", "x": "[5.06466557 0.77820712 0.24234878 0.72278039 3.15269616 7.00556025]", "final_simplex": "(array([[5.06466557, 0.77820712, 0.24234878, 0.72278039, 3.15269616,\n        7.00556025],\n       [5.06466556, 0.77820647, 0.24235114, 0.7227784 , 3.15269909,\n        7.0055523 ],\n       [5.06466373, 0.77820382, 0.2423516 , 0.72277839, 3.15269604,\n        7.0055589 ],\n       [5.06466318, 0.77821252, 0.24234884, 0.72278031, 3.15269831,\n        7.0055551 ],\n       [5.06466397, 0.77820446, 0.24235133, 0.72277808, 3.15269067,\n        7.00556326],\n       [5.06466392, 0.77820915, 0.24234765, 0.72278166, 3.15269927,\n        7.00555558],\n       [5.06466382, 0.77820351, 0.24235101, 0.72277927, 3.15269555,\n        7.00555593]]), array([0.03827141, 0.03827141, 0.03827141, 0.03827141, 0.03827141,\n       0.03827141, 0.03827141]))", "callback": [0.8486763636436068, 0.6390170286705593, 0.25521014613792126, 0.15656571904318717, 0.12690929789661465, 0.08307537325576819, 0.07195637419789225, 0.07055106015208645, 0.06771068109717593, 0.06593316411231598, 0.06319886085314941, 0.051002789605427035, 0.045363497636094485, 0.042702185229829936, 0.040063951987859836, 0.039878706391907826, 0.03970681638885787, 0.03958305418522956, 0.039560469643775464, 0.03929042940106853, 0.03856126114161029, 0.03834796269039753, 0.03828542416752234, 0.03827279526261185, 0.03827279526261185, 0.0382716241225014, 0.03827148193965846, 0.03827144024293694, 0.038271416134464276, 0.0382714139084851, 0.03827141300840475, 0.03827141285683, 0.03827141281390389, 0.03827141280582147]}, "5": {"maxiter": 500, "fatol": 1e-05, "xatol": 1e-10, "duration": 0.23290801048278809, "fun": "0.038271412803825844", "nit": "426", "nfev": "747", "status": "0", "success": "True", "message": "Optimization terminated successfully.", "x": "[5.06466551 0.77820549 0.24235029 0.72277911 3.15269694 7.00555762]", "final_simplex": "(array([[5.06466551, 0.77820549, 0.24235029, 0.72277911, 3.15269694,\n        7.00555762],\n       [5.06466551, 0.77820549, 0.24235029, 0.72277911, 3.15269694,\n        7.00555762],\n       [5.06466551, 0.77820549, 0.24235029, 0.72277911, 3.15269694,\n        7.00555762],\n       [5.06466551, 0.77820549, 0.24235029, 0.72277911, 3.15269694,\n        7.00555762],\n       [5.06466551, 0.77820549, 0.24235029, 0.72277911, 3.15269694,\n        7.00555762],\n       [5.06466551, 0.77820549, 0.24235029, 0.72277911, 3.15269694,\n        7.00555762],\n       [5.06466551, 0.77820549, 0.24235029, 0.72277911, 3.15269694,\n        7.00555762]]), array([0.03827141, 0.03827141, 0.03827141, 0.03827141, 0.03827141,\n       0.03827141, 0.03827141]))", "callback": [0.8486763636436068, 0.6390170286705593, 0.25521014613792126, 0.15656571904318717, 0.12690929789661465, 0.08307537325576819, 0.07195637419789225, 0.07055106015208645, 0.06771068109717593, 0.06593316411231598, 0.06319886085314941, 0.051002789605427035, 0.045363497636094485, 0.042702185229829936, 0.040063951987859836, 0.039878706391907826, 0.03970681638885787, 0.03958305418522956, 0.039560469643775464, 0.03929042940106853, 0.03856126114161029, 0.03834796269039753, 0.03828542416752234, 0.03827279526261185, 0.03827279526261185, 0.0382716241225014, 0.03827148193965846, 0.03827144024293694, 0.038271416134464276, 0.0382714139084851, 0.03827141300840475, 0.03827141285683, 0.03827141281390389, 0.03827141280582147, 0.038271412804111726, 0.038271412803861926, 0.03827141280383395, 0.03827141280382751, 0.0382714128038264, 0.038271412803825955, 0.038271412803825844, 0.038271412803825844, 0.038271412803825844]}, "6": {"maxiter": 500, "fatol": 1e-10, "xatol": 1e-05, "duration": 0.16107988357543945, "fun": "0.03827141280462698", "nit": "335", "nfev": "528", "status": "0", "success": "True", "message": "Optimization terminated successfully.", "x": "[5.06466557 0.77820712 0.24234878 0.72278039 3.15269616 7.00556025]", "final_simplex": "(array([[5.06466557, 0.77820712, 0.24234878, 0.72278039, 3.15269616,\n        7.00556025],\n       [5.06466556, 0.77820647, 0.24235114, 0.7227784 , 3.15269909,\n        7.0055523 ],\n       [5.06466373, 0.77820382, 0.2423516 , 0.72277839, 3.15269604,\n        7.0055589 ],\n       [5.06466318, 0.77821252, 0.24234884, 0.72278031, 3.15269831,\n        7.0055551 ],\n       [5.06466397, 0.77820446, 0.24235133, 0.72277808, 3.15269067,\n        7.00556326],\n       [5.06466392, 0.77820915, 0.24234765, 0.72278166, 3.15269927,\n        7.00555558],\n       [5.06466382, 0.77820351, 0.24235101, 0.72277927, 3.15269555,\n        7.00555593]]), array([0.03827141, 0.03827141, 0.03827141, 0.03827141, 0.03827141,\n       0.03827141, 0.03827141]))", "callback": [0.8486763636436068, 0.6390170286705593, 0.25521014613792126, 0.15656571904318717, 0.12690929789661465, 0.08307537325576819, 0.07195637419789225, 0.07055106015208645, 0.06771068109717593, 0.06593316411231598, 0.06319886085314941, 0.051002789605427035, 0.045363497636094485, 0.042702185229829936, 0.040063951987859836, 0.039878706391907826, 0.03970681638885787, 0.03958305418522956, 0.039560469643775464, 0.03929042940106853, 0.03856126114161029, 0.03834796269039753, 0.03828542416752234, 0.03827279526261185, 0.03827279526261185, 0.0382716241225014, 0.03827148193965846, 0.03827144024293694, 0.038271416134464276, 0.0382714139084851, 0.03827141300840475, 0.03827141285683, 0.03827141281390389, 0.03827141280582147]}, "7": {"maxiter": 500, "fatol": 1e-10, "xatol": 1e-10, "duration": 0.21736407279968262, "fun": "0.038271412803825844", "nit": "426", "nfev": "747", "status": "0", "success": "True", "message": "Optimization terminated successfully.", "x": "[5.06466551 0.77820549 0.24235029 0.72277911 3.15269694 7.00555762]", "final_simplex": "(array([[5.06466551, 0.77820549, 0.24235029, 0.72277911, 3.15269694,\n        7.00555762],\n       [5.06466551, 0.77820549, 0.24235029, 0.72277911, 3.15269694,\n        7.00555762],\n       [5.06466551, 0.77820549, 0.24235029, 0.72277911, 3.15269694,\n        7.00555762],\n       [5.06466551, 0.77820549, 0.24235029, 0.72277911, 3.15269694,\n        7.00555762],\n       [5.06466551, 0.77820549, 0.24235029, 0.72277911, 3.15269694,\n        7.00555762],\n       [5.06466551, 0.77820549, 0.24235029, 0.72277911, 3.15269694,\n        7.00555762],\n       [5.06466551, 0.77820549, 0.24235029, 0.72277911, 3.15269694,\n        7.00555762]]), array([0.03827141, 0.03827141, 0.03827141, 0.03827141, 0.03827141,\n       0.03827141, 0.03827141]))", "callback": [0.8486763636436068, 0.6390170286705593, 0.25521014613792126, 0.15656571904318717, 0.12690929789661465, 0.08307537325576819, 0.07195637419789225, 0.07055106015208645, 0.06771068109717593, 0.06593316411231598, 0.06319886085314941, 0.051002789605427035, 0.045363497636094485, 0.042702185229829936, 0.040063951987859836, 0.039878706391907826, 0.03970681638885787, 0.03958305418522956, 0.039560469643775464, 0.03929042940106853, 0.03856126114161029, 0.03834796269039753, 0.03828542416752234, 0.03827279526261185, 0.03827279526261185, 0.0382716241225014, 0.03827148193965846, 0.03827144024293694, 0.038271416134464276, 0.0382714139084851, 0.03827141300840475, 0.03827141285683, 0.03827141281390389, 0.03827141280582147, 0.038271412804111726, 0.038271412803861926, 0.03827141280383395, 0.03827141280382751, 0.0382714128038264, 0.038271412803825955, 0.038271412803825844, 0.038271412803825844, 0.038271412803825844]}, "8": {"maxiter": 1000, "fatol": 1e-05, "xatol": 1e-05, "duration": 0.14184284210205078, "fun": "0.03827141280462698", "nit": "335", "nfev": "528", "status": "0", "success": "True", "message": "Optimization terminated successfully.", "x": "[5.06466557 0.77820712 0.24234878 0.72278039 3.15269616 7.00556025]", "final_simplex": "(array([[5.06466557, 0.77820712, 0.24234878, 0.72278039, 3.15269616,\n        7.00556025],\n       [5.06466556, 0.77820647, 0.24235114, 0.7227784 , 3.15269909,\n        7.0055523 ],\n       [5.06466373, 0.77820382, 0.2423516 , 0.72277839, 3.15269604,\n        7.0055589 ],\n       [5.06466318, 0.77821252, 0.24234884, 0.72278031, 3.15269831,\n        7.0055551 ],\n       [5.06466397, 0.77820446, 0.24235133, 0.72277808, 3.15269067,\n        7.00556326],\n       [5.06466392, 0.77820915, 0.24234765, 0.72278166, 3.15269927,\n        7.00555558],\n       [5.06466382, 0.77820351, 0.24235101, 0.72277927, 3.15269555,\n        7.00555593]]), array([0.03827141, 0.03827141, 0.03827141, 0.03827141, 0.03827141,\n       0.03827141, 0.03827141]))", "callback": [0.8486763636436068, 0.6390170286705593, 0.25521014613792126, 0.15656571904318717, 0.12690929789661465, 0.08307537325576819, 0.07195637419789225, 0.07055106015208645, 0.06771068109717593, 0.06593316411231598, 0.06319886085314941, 0.051002789605427035, 0.045363497636094485, 0.042702185229829936, 0.040063951987859836, 0.039878706391907826, 0.03970681638885787, 0.03958305418522956, 0.039560469643775464, 0.03929042940106853, 0.03856126114161029, 0.03834796269039753, 0.03828542416752234, 0.03827279526261185, 0.03827279526261185, 0.0382716241225014, 0.03827148193965846, 0.03827144024293694, 0.038271416134464276, 0.0382714139084851, 0.03827141300840475, 0.03827141285683, 0.03827141281390389, 0.03827141280582147]}, "9": {"maxiter": 1000, "fatol": 1e-05, "xatol": 1e-10, "duration": 0.2459101676940918, "fun": "0.038271412803825844", "nit": "426", "nfev": "747", "status": "0", "success": "True", "message": "Optimization terminated successfully.", "x": "[5.06466551 0.77820549 0.24235029 0.72277911 3.15269694 7.00555762]", "final_simplex": "(array([[5.06466551, 0.77820549, 0.24235029, 0.72277911, 3.15269694,\n        7.00555762],\n       [5.06466551, 0.77820549, 0.24235029, 0.72277911, 3.15269694,\n        7.00555762],\n       [5.06466551, 0.77820549, 0.24235029, 0.72277911, 3.15269694,\n        7.00555762],\n       [5.06466551, 0.77820549, 0.24235029, 0.72277911, 3.15269694,\n        7.00555762],\n       [5.06466551, 0.77820549, 0.24235029, 0.72277911, 3.15269694,\n        7.00555762],\n       [5.06466551, 0.77820549, 0.24235029, 0.72277911, 3.15269694,\n        7.00555762],\n       [5.06466551, 0.77820549, 0.24235029, 0.72277911, 3.15269694,\n        7.00555762]]), array([0.03827141, 0.03827141, 0.03827141, 0.03827141, 0.03827141,\n       0.03827141, 0.03827141]))", "callback": [0.8486763636436068, 0.6390170286705593, 0.25521014613792126, 0.15656571904318717, 0.12690929789661465, 0.08307537325576819, 0.07195637419789225, 0.07055106015208645, 0.06771068109717593, 0.06593316411231598, 0.06319886085314941, 0.051002789605427035, 0.045363497636094485, 0.042702185229829936, 0.040063951987859836, 0.039878706391907826, 0.03970681638885787, 0.03958305418522956, 0.039560469643775464, 0.03929042940106853, 0.03856126114161029, 0.03834796269039753, 0.03828542416752234, 0.03827279526261185, 0.03827279526261185, 0.0382716241225014, 0.03827148193965846, 0.03827144024293694, 0.038271416134464276, 0.0382714139084851, 0.03827141300840475, 0.03827141285683, 0.03827141281390389, 0.03827141280582147, 0.038271412804111726, 0.038271412803861926, 0.03827141280383395, 0.03827141280382751, 0.0382714128038264, 0.038271412803825955, 0.038271412803825844, 0.038271412803825844, 0.038271412803825844]}, "10": {"maxiter": 1000, "fatol": 1e-10, "xatol": 1e-05, "duration": 0.1733109951019287, "fun": "0.03827141280462698", "nit": "335", "nfev": "528", "status": "0", "success": "True", "message": "Optimization terminated successfully.", "x": "[5.06466557 0.77820712 0.24234878 0.72278039 3.15269616 7.00556025]", "final_simplex": "(array([[5.06466557, 0.77820712, 0.24234878, 0.72278039, 3.15269616,\n        7.00556025],\n       [5.06466556, 0.77820647, 0.24235114, 0.7227784 , 3.15269909,\n        7.0055523 ],\n       [5.06466373, 0.77820382, 0.2423516 , 0.72277839, 3.15269604,\n        7.0055589 ],\n       [5.06466318, 0.77821252, 0.24234884, 0.72278031, 3.15269831,\n        7.0055551 ],\n       [5.06466397, 0.77820446, 0.24235133, 0.72277808, 3.15269067,\n        7.00556326],\n       [5.06466392, 0.77820915, 0.24234765, 0.72278166, 3.15269927,\n        7.00555558],\n       [5.06466382, 0.77820351, 0.24235101, 0.72277927, 3.15269555,\n        7.00555593]]), array([0.03827141, 0.03827141, 0.03827141, 0.03827141, 0.03827141,\n       0.03827141, 0.03827141]))", "callback": [0.8486763636436068, 0.6390170286705593, 0.25521014613792126, 0.15656571904318717, 0.12690929789661465, 0.08307537325576819, 0.07195637419789225, 0.07055106015208645, 0.06771068109717593, 0.06593316411231598, 0.06319886085314941, 0.051002789605427035, 0.045363497636094485, 0.042702185229829936, 0.040063951987859836, 0.039878706391907826, 0.03970681638885787, 0.03958305418522956, 0.039560469643775464, 0.03929042940106853, 0.03856126114161029, 0.03834796269039753, 0.03828542416752234, 0.03827279526261185, 0.03827279526261185, 0.0382716241225014, 0.03827148193965846, 0.03827144024293694, 0.038271416134464276, 0.0382714139084851, 0.03827141300840475, 0.03827141285683, 0.03827141281390389, 0.03827141280582147]}, "11": {"maxiter": 1000, "fatol": 1e-10, "xatol": 1e-10, "duration": 0.2331531047821045, "fun": "0.038271412803825844", "nit": "426", "nfev": "747", "status": "0", "success": "True", "message": "Optimization terminated successfully.", "x": "[5.06466551 0.77820549 0.24235029 0.72277911 3.15269694 7.00555762]", "final_simplex": "(array([[5.06466551, 0.77820549, 0.24235029, 0.72277911, 3.15269694,\n        7.00555762],\n       [5.06466551, 0.77820549, 0.24235029, 0.72277911, 3.15269694,\n        7.00555762],\n       [5.06466551, 0.77820549, 0.24235029, 0.72277911, 3.15269694,\n        7.00555762],\n       [5.06466551, 0.77820549, 0.24235029, 0.72277911, 3.15269694,\n        7.00555762],\n       [5.06466551, 0.77820549, 0.24235029, 0.72277911, 3.15269694,\n        7.00555762],\n       [5.06466551, 0.77820549, 0.24235029, 0.72277911, 3.15269694,\n        7.00555762],\n       [5.06466551, 0.77820549, 0.24235029, 0.72277911, 3.15269694,\n        7.00555762]]), array([0.03827141, 0.03827141, 0.03827141, 0.03827141, 0.03827141,\n       0.03827141, 0.03827141]))", "callback": [0.8486763636436068, 0.6390170286705593, 0.25521014613792126, 0.15656571904318717, 0.12690929789661465, 0.08307537325576819, 0.07195637419789225, 0.07055106015208645, 0.06771068109717593, 0.06593316411231598, 0.06319886085314941, 0.051002789605427035, 0.045363497636094485, 0.042702185229829936, 0.040063951987859836, 0.039878706391907826, 0.03970681638885787, 0.03958305418522956, 0.039560469643775464, 0.03929042940106853, 0.03856126114161029, 0.03834796269039753, 0.03828542416752234, 0.03827279526261185, 0.03827279526261185, 0.0382716241225014, 0.03827148193965846, 0.03827144024293694, 0.038271416134464276, 0.0382714139084851, 0.03827141300840475, 0.03827141285683, 0.03827141281390389, 0.03827141280582147, 0.038271412804111726, 0.038271412803861926, 0.03827141280383395, 0.03827141280382751, 0.0382714128038264, 0.038271412803825955, 0.038271412803825844, 0.038271412803825844, 0.038271412803825844]}}, "bfgs": {"type": "gradient", "0": {"maxiter": 100, "gtol": 1e-05, "xrtol": 1e-05, "eps": 1e-05, "duration": 0.05171394348144531, "fun": "0.038271413004670074", "jac": "[ 2.47191156e-07  2.02545758e-06 -3.51706442e-06 -2.71382916e-07\n -1.51023638e-07 -2.97658564e-06]", "hess_inv": "[[ 2.64332986  0.27175057 -0.03310718 -0.5464853  -1.00711518 -0.20734468]\n [ 0.27175057  3.29767479  1.34057046 -2.47942416  1.94972961  3.39166957]\n [-0.03310718  1.34057046  3.17582328 -2.83868513  1.74799004  2.10057519]\n [-0.5464853  -2.47942416 -2.83868513  5.69079262 -1.69198814 -3.22814305]\n [-1.00711518  1.94972961  1.74799004 -1.69198814  4.33052119  3.44545372]\n [-0.20734468  3.39166957  2.10057519 -3.22814305  3.44545372  6.50962958]]", "nfev": "175", "njev": "25", "status": "0", "success": "True", "message": "Optimization terminated successfully.", "x": "[3.96000985 3.41569231 0.92166174 2.10663002 4.27669412 4.43916807]", "nit": "18", "callback": [0.3748668133606313, 0.3476043162382163, 0.29690845152099277, 0.21833635358737646, 0.18302945684094774, 0.12232652958373424, 0.10432892845530772, 0.08751505446652486, 0.06866752490333528, 0.05766037993361983, 0.04819808282882154, 0.04331733553832573, 0.03894013088869441, 0.03852993542588101, 0.0383169543199946, 0.03827156808984589, 0.03827141928812383, 0.038271413004670074]}, "1": {"maxiter": 100, "gtol": 1e-05, "xrtol": 1e-05, "eps": 1e-10, "duration": 0.055129289627075195, "fun": "0.038271412842848074", "jac": "[ 9.99200639e-06  1.11022293e-06  1.11022293e-06 -2.22044587e-06\n  2.22044587e-06  0.00000000e+00]", "hess_inv": "[[ 2.65978555  0.25521144 -0.02029226 -0.54314859 -1.0059998  -0.2309229 ]\n [ 0.25521144  3.25687609  1.31392755 -2.44668483  1.89737327  3.34168837]\n [-0.02029226  1.31392755  3.1815551  -2.80406544  1.73263644  2.09345155]\n [-0.54314859 -2.44668483 -2.80406544  5.65393562 -1.63240473 -3.19375045]\n [-1.0059998   1.89737327  1.73263644 -1.63240473  4.27869301  3.4087337 ]\n [-0.2309229   3.34168837  2.09345155 -3.19375045  3.4087337   6.45567727]]", "nfev": "175", "njev": "25", "status": "0", "success": "True", "message": "Optimization terminated successfully.", "x": "[3.96002304 3.415744   0.92169857 2.10660141 4.27672789 4.43921522]", "nit": "18", "callback": [0.37486835383717776, 0.3476066733777179, 0.2969117248222245, 0.21833935918192116, 0.1830296646731696, 0.12232434848926454, 0.10432335077231725, 0.08751628044343596, 0.06867031274554958, 0.057661694430644506, 0.048199443500848704, 0.043318236543328115, 0.038941859999577, 0.03853053973082876, 0.038317377029094546, 0.0382715709585042, 0.0382714180041106, 0.038271412842848074]}, "2": {"maxiter": 100, "gtol": 1e-05, "xrtol": 1e-10, "eps": 1e-05, "duration": 0.06024909019470215, "fun": "0.038271413004670074", "jac": "[ 2.47191156e-07  2.02545758e-06 -3.51706442e-06 -2.71382916e-07\n -1.51023638e-07 -2.97658564e-06]", "hess_inv": "[[ 2.64332986  0.27175057 -0.03310718 -0.5464853  -1.00711518 -0.20734468]\n [ 0.27175057  3.29767479  1.34057046 -2.47942416  1.94972961  3.39166957]\n [-0.03310718  1.34057046  3.17582328 -2.83868513  1.74799004  2.10057519]\n [-0.5464853  -2.47942416 -2.83868513  5.69079262 -1.69198814 -3.22814305]\n [-1.00711518  1.94972961  1.74799004 -1.69198814  4.33052119  3.44545372]\n [-0.20734468  3.39166957  2.10057519 -3.22814305  3.44545372  6.50962958]]", "nfev": "175", "njev": "25", "status": "0", "success": "True", "message": "Optimization terminated successfully.", "x": "[3.96000985 3.41569231 0.92166174 2.10663002 4.27669412 4.43916807]", "nit": "18", "callback": [0.3748668133606313, 0.3476043162382163, 0.29690845152099277, 0.21833635358737646, 0.18302945684094774, 0.12232652958373424, 0.10432892845530772, 0.08751505446652486, 0.06866752490333528, 0.05766037993361983, 0.04819808282882154, 0.04331733553832573, 0.03894013088869441, 0.03852993542588101, 0.0383169543199946, 0.03827156808984589, 0.03827141928812383, 0.038271413004670074]}, "3": {"maxiter": 100, "gtol": 1e-05, "xrtol": 1e-10, "eps": 1e-10, "duration": 0.04920029640197754, "fun": "0.038271412842848074", "jac": "[ 9.99200639e-06  1.11022293e-06  1.11022293e-06 -2.22044587e-06\n  2.22044587e-06  0.00000000e+00]", "hess_inv": "[[ 2.65978555  0.25521144 -0.02029226 -0.54314859 -1.0059998  -0.2309229 ]\n [ 0.25521144  3.25687609  1.31392755 -2.44668483  1.89737327  3.34168837]\n [-0.02029226  1.31392755  3.1815551  -2.80406544  1.73263644  2.09345155]\n [-0.54314859 -2.44668483 -2.80406544  5.65393562 -1.63240473 -3.19375045]\n [-1.0059998   1.89737327  1.73263644 -1.63240473  4.27869301  3.4087337 ]\n [-0.2309229   3.34168837  2.09345155 -3.19375045  3.4087337   6.45567727]]", "nfev": "175", "njev": "25", "status": "0", "success": "True", "message": "Optimization terminated successfully.", "x": "[3.96002304 3.415744   0.92169857 2.10660141 4.27672789 4.43921522]", "nit": "18", "callback": [0.37486835383717776, 0.3476066733777179, 0.2969117248222245, 0.21833935918192116, 0.1830296646731696, 0.12232434848926454, 0.10432335077231725, 0.08751628044343596, 0.06867031274554958, 0.057661694430644506, 0.048199443500848704, 0.043318236543328115, 0.038941859999577, 0.03853053973082876, 0.038317377029094546, 0.0382715709585042, 0.0382714180041106, 0.038271412842848074]}, "4": {"maxiter": 100, "gtol": 1e-10, "xrtol": 1e-05, "eps": 1e-05, "duration": 0.05031919479370117, "fun": "0.03827141287514313", "jac": "[-2.41251463e-07  9.43112255e-07  3.78752585e-07  7.96140931e-08\n -1.99962269e-07 -8.33799696e-07]", "hess_inv": "[[ 2.63230841  0.27658951  0.01351933 -0.57139529 -0.97684206 -0.16340494]\n [ 0.27658951  3.50328203  1.46703712 -2.71916823  2.14566723  3.70299931]\n [ 0.01351933  1.46703712  3.08250441 -2.91062042  1.7679158   2.14855022]\n [-0.57139529 -2.71916823 -2.91062042  5.93700211 -1.8760542  -3.5278112 ]\n [-0.97684206  2.14566723  1.7679158  -1.8760542   4.45810557  3.65776668]\n [-0.16340494  3.70299931  2.14855022 -3.5278112   3.65776668  6.86066269]]", "nfev": "182", "njev": "26", "status": "0", "success": "True", "message": "Optimization terminated successfully.", "x": "[3.9600079  3.41570092 0.92167548 2.10661626 4.27670728 4.43918818]", "nit": "19", "callback": [0.3748668133606313, 0.3476043162382163, 0.29690845152099277, 0.21833635358737646, 0.18302945684094774, 0.12232652958373424, 0.10432892845530772, 0.08751505446652486, 0.06866752490333528, 0.05766037993361983, 0.04819808282882154, 0.04331733553832573, 0.03894013088869441, 0.03852993542588101, 0.0383169543199946, 0.03827156808984589, 0.03827141928812383, 0.038271413004670074, 0.03827141287514313]}, "5": {"maxiter": 100, "gtol": 1e-10, "xrtol": 1e-05, "eps": 1e-10, "duration": 0.06009078025817871, "fun": "0.03827141282412838", "jac": "[ 4.44089173e-06  1.11022293e-06 -1.11022293e-06 -1.11022293e-06\n  2.22044587e-06  0.00000000e+00]", "hess_inv": "[[ 2.51341657 -0.03835772 -0.02193528 -0.26465365 -1.15613886 -0.46882902]\n [-0.03835772  3.03706186  1.15475831 -2.11993721  1.80345049  3.11657796]\n [-0.02193528  1.15475831  3.24738285 -2.7030094   1.64341973  1.9843057 ]\n [-0.26465365 -2.11993721 -2.7030094   5.26969227 -1.47691773 -2.89944428]\n [-1.15613886  1.80345049  1.64341973 -1.47691773  4.24104492  3.30624067]\n [-0.46882902  3.11657796  1.9843057  -2.89944428  3.30624067  6.24116182]]", "nfev": "189", "njev": "27", "status": "0", "success": "True", "message": "Optimization terminated successfully.", "x": "[3.96001447 3.41573917 0.92169325 2.10660994 4.27672605 4.43920973]", "nit": "19", "callback": [0.37486835383717776, 0.3476066733777179, 0.2969117248222245, 0.21833935918192116, 0.1830296646731696, 0.12232434848926454, 0.10432335077231725, 0.08751628044343596, 0.06867031274554958, 0.057661694430644506, 0.048199443500848704, 0.043318236543328115, 0.038941859999577, 0.03853053973082876, 0.038317377029094546, 0.0382715709585042, 0.0382714180041106, 0.038271412842848074, 0.03827141282412838]}, "6": {"maxiter": 100, "gtol": 1e-10, "xrtol": 1e-10, "eps": 1e-05, "duration": 0.13015389442443848, "fun": "0.038271412825828466", "jac": "[ 1.46388457e-06  4.06186196e-07  2.58804089e-06  3.57879282e-06\n -4.33775238e-07  3.72349929e-06]", "hess_inv": "[[   6.5792309    27.48209594   16.18499892   14.62791087  -12.72563315\n   -22.93429339]\n [  27.48209594  190.24286547  112.25813209  101.79299991  -78.26690652\n  -151.96088985]\n [  16.18499892  112.25813209   68.73585263   59.23538105  -46.01281127\n   -90.29580033]\n [  14.62791087  101.79299991   59.23538105   63.9427938   -46.16899514\n   -89.31690235]\n [ -12.72563315  -78.26690652  -46.01281127  -46.16899514   37.54384406\n    67.65890626]\n [ -22.93429339 -151.96088985  -90.29580033  -89.31690235   67.65890626\n   130.61900887]]", "nfev": "439", "njev": "61", "status": "2", "success": "False", "message": "Desired error not necessarily achieved due to precision loss.", "x": "[3.95999943 3.41564008 0.92163971 2.10657791 4.27674248 4.43925697]", "nit": "24", "callback": [0.3748668133606313, 0.3476043162382163, 0.29690845152099277, 0.21833635358737646, 0.18302945684094774, 0.12232652958373424, 0.10432892845530772, 0.08751505446652486, 0.06866752490333528, 0.05766037993361983, 0.04819808282882154, 0.04331733553832573, 0.03894013088869441, 0.03852993542588101, 0.0383169543199946, 0.03827156808984589, 0.03827141928812383, 0.038271413004670074, 0.03827141287514313, 0.03827141286463098, 0.03827141285388025, 0.038271412838508434, 0.0382714128275794, 0.038271412825828466]}, "7": {"maxiter": 100, "gtol": 1e-10, "xrtol": 1e-10, "eps": 1e-10, "duration": 0.10039305686950684, "fun": "0.03827141280915747", "jac": "[5.55111466e-06 4.44089173e-06 2.22044587e-06 6.66133760e-06\n 6.66133760e-06 3.33066880e-06]", "hess_inv": "[[ 1.14393735 -0.1217631   0.08212742 -0.24687348  0.99127067  0.74762142]\n [-0.1217631   2.48887917 -0.61560444 -1.19964625 -0.20644807  0.38240574]\n [ 0.08212742 -0.61560444  1.46138565 -0.56467982 -0.26786786 -0.19899745]\n [-0.24687348 -1.19964625 -0.56467982  1.25241882  0.08863837 -0.3250776 ]\n [ 0.99127067 -0.20644807 -0.26786786  0.08863837  1.16621211  0.60208445]\n [ 0.74762142  0.38240574 -0.19899745 -0.3250776   0.60208445  0.85973126]]", "nfev": "329", "njev": "47", "status": "0", "success": "True", "message": "Optimization terminated successfully.", "x": "[3.96001323 3.41572783 0.92169532 2.10661532 4.27672186 4.43920029]", "nit": "25", "callback": [0.37486835383717776, 0.3476066733777179, 0.2969117248222245, 0.21833935918192116, 0.1830296646731696, 0.12232434848926454, 0.10432335077231725, 0.08751628044343596, 0.06867031274554958, 0.057661694430644506, 0.048199443500848704, 0.043318236543328115, 0.038941859999577, 0.03853053973082876, 0.038317377029094546, 0.0382715709585042, 0.0382714180041106, 0.038271412842848074, 0.03827141282412838, 0.038271412823444484, 0.03827141282303481, 0.03827141281969182, 0.038271412814281924, 0.03827141280915791, 0.03827141280915747]}, "8": {"maxiter": 500, "gtol": 1e-05, "xrtol": 1e-05, "eps": 1e-05, "duration": 0.05592918395996094, "fun": "0.038271413004670074", "jac": "[ 2.47191156e-07  2.02545758e-06 -3.51706442e-06 -2.71382916e-07\n -1.51023638e-07 -2.97658564e-06]", "hess_inv": "[[ 2.64332986  0.27175057 -0.03310718 -0.5464853  -1.00711518 -0.20734468]\n [ 0.27175057  3.29767479  1.34057046 -2.47942416  1.94972961  3.39166957]\n [-0.03310718  1.34057046  3.17582328 -2.83868513  1.74799004  2.10057519]\n [-0.5464853  -2.47942416 -2.83868513  5.69079262 -1.69198814 -3.22814305]\n [-1.00711518  1.94972961  1.74799004 -1.69198814  4.33052119  3.44545372]\n [-0.20734468  3.39166957  2.10057519 -3.22814305  3.44545372  6.50962958]]", "nfev": "175", "njev": "25", "status": "0", "success": "True", "message": "Optimization terminated successfully.", "x": "[3.96000985 3.41569231 0.92166174 2.10663002 4.27669412 4.43916807]", "nit": "18", "callback": [0.3748668133606313, 0.3476043162382163, 0.29690845152099277, 0.21833635358737646, 0.18302945684094774, 0.12232652958373424, 0.10432892845530772, 0.08751505446652486, 0.06866752490333528, 0.05766037993361983, 0.04819808282882154, 0.04331733553832573, 0.03894013088869441, 0.03852993542588101, 0.0383169543199946, 0.03827156808984589, 0.03827141928812383, 0.038271413004670074]}, "9": {"maxiter": 500, "gtol": 1e-05, "xrtol": 1e-05, "eps": 1e-10, "duration": 0.0499267578125, "fun": "0.038271412842848074", "jac": "[ 9.99200639e-06  1.11022293e-06  1.11022293e-06 -2.22044587e-06\n  2.22044587e-06  0.00000000e+00]", "hess_inv": "[[ 2.65978555  0.25521144 -0.02029226 -0.54314859 -1.0059998  -0.2309229 ]\n [ 0.25521144  3.25687609  1.31392755 -2.44668483  1.89737327  3.34168837]\n [-0.02029226  1.31392755  3.1815551  -2.80406544  1.73263644  2.09345155]\n [-0.54314859 -2.44668483 -2.80406544  5.65393562 -1.63240473 -3.19375045]\n [-1.0059998   1.89737327  1.73263644 -1.63240473  4.27869301  3.4087337 ]\n [-0.2309229   3.34168837  2.09345155 -3.19375045  3.4087337   6.45567727]]", "nfev": "175", "njev": "25", "status": "0", "success": "True", "message": "Optimization terminated successfully.", "x": "[3.96002304 3.415744   0.92169857 2.10660141 4.27672789 4.43921522]", "nit": "18", "callback": [0.37486835383717776, 0.3476066733777179, 0.2969117248222245, 0.21833935918192116, 0.1830296646731696, 0.12232434848926454, 0.10432335077231725, 0.08751628044343596, 0.06867031274554958, 0.057661694430644506, 0.048199443500848704, 0.043318236543328115, 0.038941859999577, 0.03853053973082876, 0.038317377029094546, 0.0382715709585042, 0.0382714180041106, 0.038271412842848074]}, "10": {"maxiter": 500, "gtol": 1e-05, "xrtol": 1e-10, "eps": 1e-05, "duration": 0.05661797523498535, "fun": "0.038271413004670074", "jac": "[ 2.47191156e-07  2.02545758e-06 -3.51706442e-06 -2.71382916e-07\n -1.51023638e-07 -2.97658564e-06]", "hess_inv": "[[ 2.64332986  0.27175057 -0.03310718 -0.5464853  -1.00711518 -0.20734468]\n [ 0.27175057  3.29767479  1.34057046 -2.47942416  1.94972961  3.39166957]\n [-0.03310718  1.34057046  3.17582328 -2.83868513  1.74799004  2.10057519]\n [-0.5464853  -2.47942416 -2.83868513  5.69079262 -1.69198814 -3.22814305]\n [-1.00711518  1.94972961  1.74799004 -1.69198814  4.33052119  3.44545372]\n [-0.20734468  3.39166957  2.10057519 -3.22814305  3.44545372  6.50962958]]", "nfev": "175", "njev": "25", "status": "0", "success": "True", "message": "Optimization terminated successfully.", "x": "[3.96000985 3.41569231 0.92166174 2.10663002 4.27669412 4.43916807]", "nit": "18", "callback": [0.3748668133606313, 0.3476043162382163, 0.29690845152099277, 0.21833635358737646, 0.18302945684094774, 0.12232652958373424, 0.10432892845530772, 0.08751505446652486, 0.06866752490333528, 0.05766037993361983, 0.04819808282882154, 0.04331733553832573, 0.03894013088869441, 0.03852993542588101, 0.0383169543199946, 0.03827156808984589, 0.03827141928812383, 0.038271413004670074]}, "11": {"maxiter": 500, "gtol": 1e-05, "xrtol": 1e-10, "eps": 1e-10, "duration": 0.05834221839904785, "fun": "0.038271412842848074", "jac": "[ 9.99200639e-06  1.11022293e-06  1.11022293e-06 -2.22044587e-06\n  2.22044587e-06  0.00000000e+00]", "hess_inv": "[[ 2.65978555  0.25521144 -0.02029226 -0.54314859 -1.0059998  -0.2309229 ]\n [ 0.25521144  3.25687609  1.31392755 -2.44668483  1.89737327  3.34168837]\n [-0.02029226  1.31392755  3.1815551  -2.80406544  1.73263644  2.09345155]\n [-0.54314859 -2.44668483 -2.80406544  5.65393562 -1.63240473 -3.19375045]\n [-1.0059998   1.89737327  1.73263644 -1.63240473  4.27869301  3.4087337 ]\n [-0.2309229   3.34168837  2.09345155 -3.19375045  3.4087337   6.45567727]]", "nfev": "175", "njev": "25", "status": "0", "success": "True", "message": "Optimization terminated successfully.", "x": "[3.96002304 3.415744   0.92169857 2.10660141 4.27672789 4.43921522]", "nit": "18", "callback": [0.37486835383717776, 0.3476066733777179, 0.2969117248222245, 0.21833935918192116, 0.1830296646731696, 0.12232434848926454, 0.10432335077231725, 0.08751628044343596, 0.06867031274554958, 0.057661694430644506, 0.048199443500848704, 0.043318236543328115, 0.038941859999577, 0.03853053973082876, 0.038317377029094546, 0.0382715709585042, 0.0382714180041106, 0.038271412842848074]}, "12": {"maxiter": 500, "gtol": 1e-10, "xrtol": 1e-05, "eps": 1e-05, "duration": 0.0597071647644043, "fun": "0.03827141287514313", "jac": "[-2.41251463e-07  9.43112255e-07  3.78752585e-07  7.96140931e-08\n -1.99962269e-07 -8.33799696e-07]", "hess_inv": "[[ 2.63230841  0.27658951  0.01351933 -0.57139529 -0.97684206 -0.16340494]\n [ 0.27658951  3.50328203  1.46703712 -2.71916823  2.14566723  3.70299931]\n [ 0.01351933  1.46703712  3.08250441 -2.91062042  1.7679158   2.14855022]\n [-0.57139529 -2.71916823 -2.91062042  5.93700211 -1.8760542  -3.5278112 ]\n [-0.97684206  2.14566723  1.7679158  -1.8760542   4.45810557  3.65776668]\n [-0.16340494  3.70299931  2.14855022 -3.5278112   3.65776668  6.86066269]]", "nfev": "182", "njev": "26", "status": "0", "success": "True", "message": "Optimization terminated successfully.", "x": "[3.9600079  3.41570092 0.92167548 2.10661626 4.27670728 4.43918818]", "nit": "19", "callback": [0.3748668133606313, 0.3476043162382163, 0.29690845152099277, 0.21833635358737646, 0.18302945684094774, 0.12232652958373424, 0.10432892845530772, 0.08751505446652486, 0.06866752490333528, 0.05766037993361983, 0.04819808282882154, 0.04331733553832573, 0.03894013088869441, 0.03852993542588101, 0.0383169543199946, 0.03827156808984589, 0.03827141928812383, 0.038271413004670074, 0.03827141287514313]}, "13": {"maxiter": 500, "gtol": 1e-10, "xrtol": 1e-05, "eps": 1e-10, "duration": 0.057600975036621094, "fun": "0.03827141282412838", "jac": "[ 4.44089173e-06  1.11022293e-06 -1.11022293e-06 -1.11022293e-06\n  2.22044587e-06  0.00000000e+00]", "hess_inv": "[[ 2.51341657 -0.03835772 -0.02193528 -0.26465365 -1.15613886 -0.46882902]\n [-0.03835772  3.03706186  1.15475831 -2.11993721  1.80345049  3.11657796]\n [-0.02193528  1.15475831  3.24738285 -2.7030094   1.64341973  1.9843057 ]\n [-0.26465365 -2.11993721 -2.7030094   5.26969227 -1.47691773 -2.89944428]\n [-1.15613886  1.80345049  1.64341973 -1.47691773  4.24104492  3.30624067]\n [-0.46882902  3.11657796  1.9843057  -2.89944428  3.30624067  6.24116182]]", "nfev": "189", "njev": "27", "status": "0", "success": "True", "message": "Optimization terminated successfully.", "x": "[3.96001447 3.41573917 0.92169325 2.10660994 4.27672605 4.43920973]", "nit": "19", "callback": [0.37486835383717776, 0.3476066733777179, 0.2969117248222245, 0.21833935918192116, 0.1830296646731696, 0.12232434848926454, 0.10432335077231725, 0.08751628044343596, 0.06867031274554958, 0.05