{"date": "2024/10/08/, 16:13:19", "conf_id": 11, "data_type": "random\n", "num_data_points": 1, "s_rank": 0, "unitary": "[[-0.56303964-0.00798273j,-0.21670212-0.15784972j,-0.06047197-0.73952673j,-0.01438004+0.24552571j],[-0.06976756+0.23474685j,-0.01275565-0.5435098j,-0.02703657-0.08917885j,-0.08210486-0.79311774j],[-0.38559961+0.10714929j,0.5933431-0.2687392j,-0.24060861+0.29149289j,-0.45147719+0.26241743j],[-0.50180421+0.45931857j,-0.11617175+0.44134496j,0.49642745+0.22684508j,-0.08544628-0.15407063j]]", "databatch_0": {"databatch": "[[[-8.22985968e-02+0.0291351j,1.90420483e-01-0.1882464j,-7.48408687e-02-0.0082646j,-4.65823903e-02+0.39050678j],[7.33465532e-02-0.05463021j,4.38038726e-04+0.21991403j,2.68177032e-01-0.15636738j,-5.19274354e-01-0.05624281j],[-1.48989410e-01+0.01910971j,-4.70140139e-02+0.15259522j,-2.12927055e-01-0.02813783j,1.85702715e-01+0.0272768j],[1.05868519e-01+0.09118286j,1.54868276e-01-0.00912822j,2.45774167e-02-0.15346227j,3.83157408e-02+0.36852483j]]]", "initial param values": "[1.56829323,3.50364659,5.02489478,3.61379763,4.29898931,6.00497589]", "nelder_mead": {"type": "gradient-free", "0": {"maxiter": 100, "fatol": 1e-05, "xatol": 1e-05, "duration": 0.06435799598693848, "fun": "0.3611553467612011", "nit": "100", "nfev": "160", "status": "2", "success": "False", "message": "Maximum number of iterations has been exceeded.", "x": "[1.79248834 5.49287613 6.41386042 2.13913373 5.34888094 5.03765071]", "final_simplex": "(array([[1.79248834, 5.49287613, 6.41386042, 2.13913373, 5.34888094,\n        5.03765071],\n       [1.7529614 , 5.47831833, 6.586074  , 2.17032279, 5.03211596,\n        4.81026343],\n       [1.77963288, 5.51604609, 6.53991846, 2.21152087, 5.05921881,\n        4.83159294],\n       [1.84600541, 5.46780922, 6.58664334, 2.19130265, 4.90898907,\n        4.72348074],\n       [1.85041613, 5.47210744, 6.51044726, 2.15216188, 4.80898544,\n        4.61584128],\n       [1.82151231, 5.339612  , 6.47948577, 2.28291629, 4.94022247,\n        4.69122551],\n       [1.8187626 , 5.44266983, 6.40429661, 2.19734935, 5.05828908,\n        4.88615409]]), array([0.36115535, 0.36379426, 0.36517119, 0.36549707, 0.36655293,\n       0.36714549, 0.36732089]))", "callback": [0.73380589667872, 0.6491762962276681, 0.4767093031059636, 0.43805797538627966, 0.3989627602727426, 0.3876493640487688, 0.3824802615701429, 0.37789594741173715, 0.3755398304526224, 0.3698033882503782]}, "1": {"maxiter": 100, "fatol": 1e-05, "xatol": 1e-10, "duration": 0.047953128814697266, "fun": "0.3611553467612011", "nit": "100", "nfev": "160", "status": "2", "success": "False", "message": "Maximum number of iterations has been exceeded.", "x": "[1.79248834 5.49287613 6.41386042 2.13913373 5.34888094 5.03765071]", "final_simplex": "(array([[1.79248834, 5.49287613, 6.41386042, 2.13913373, 5.34888094,\n        5.03765071],\n       [1.7529614 , 5.47831833, 6.586074  , 2.17032279, 5.03211596,\n        4.81026343],\n       [1.77963288, 5.51604609, 6.53991846, 2.21152087, 5.05921881,\n        4.83159294],\n       [1.84600541, 5.46780922, 6.58664334, 2.19130265, 4.90898907,\n        4.72348074],\n       [1.85041613, 5.47210744, 6.51044726, 2.15216188, 4.80898544,\n        4.61584128],\n       [1.82151231, 5.339612  , 6.47948577, 2.28291629, 4.94022247,\n        4.69122551],\n       [1.8187626 , 5.44266983, 6.40429661, 2.19734935, 5.05828908,\n        4.88615409]]), array([0.36115535, 0.36379426, 0.36517119, 0.36549707, 0.36655293,\n       0.36714549, 0.36732089]))", "callback": [0.73380589667872, 0.6491762962276681, 0.4767093031059636, 0.43805797538627966, 0.3989627602727426, 0.3876493640487688, 0.3824802615701429, 0.37789594741173715, 0.3755398304526224, 0.3698033882503782]}, "2": {"maxiter": 100, "fatol": 1e-10, "xatol": 1e-05, "duration": 0.04453778266906738, "fun": "0.3611553467612011", "nit": "100", "nfev": "160", "status": "2", "success": "False", "message": "Maximum number of iterations has been exceeded.", "x": "[1.79248834 5.49287613 6.41386042 2.13913373 5.34888094 5.03765071]", "final_simplex": "(array([[1.79248834, 5.49287613, 6.41386042, 2.13913373, 5.34888094,\n        5.03765071],\n       [1.7529614 , 5.47831833, 6.586074  , 2.17032279, 5.03211596,\n        4.81026343],\n       [1.77963288, 5.51604609, 6.53991846, 2.21152087, 5.05921881,\n        4.83159294],\n       [1.84600541, 5.46780922, 6.58664334, 2.19130265, 4.90898907,\n        4.72348074],\n       [1.85041613, 5.47210744, 6.51044726, 2.15216188, 4.80898544,\n        4.61584128],\n       [1.82151231, 5.339612  , 6.47948577, 2.28291629, 4.94022247,\n        4.69122551],\n       [1.8187626 , 5.44266983, 6.40429661, 2.19734935, 5.05828908,\n        4.88615409]]), array([0.36115535, 0.36379426, 0.36517119, 0.36549707, 0.36655293,\n       0.36714549, 0.36732089]))", "callback": [0.73380589667872, 0.6491762962276681, 0.4767093031059636, 0.43805797538627966, 0.3989627602727426, 0.3876493640487688, 0.3824802615701429, 0.37789594741173715, 0.3755398304526224, 0.3698033882503782]}, "3": {"maxiter": 100, "fatol": 1e-10, "xatol": 1e-10, "duration": 0.04595613479614258, "fun": "0.3611553467612011", "nit": "100", "nfev": "160", "status": "2", "success": "False", "message": "Maximum number of iterations has been exceeded.", "x": "[1.79248834 5.49287613 6.41386042 2.13913373 5.34888094 5.03765071]", "final_simplex": "(array([[1.79248834, 5.49287613, 6.41386042, 2.13913373, 5.34888094,\n        5.03765071],\n       [1.7529614 , 5.47831833, 6.586074  , 2.17032279, 5.03211596,\n        4.81026343],\n       [1.77963288, 5.51604609, 6.53991846, 2.21152087, 5.05921881,\n        4.83159294],\n       [1.84600541, 5.46780922, 6.58664334, 2.19130265, 4.90898907,\n        4.72348074],\n       [1.85041613, 5.47210744, 6.51044726, 2.15216188, 4.80898544,\n        4.61584128],\n       [1.82151231, 5.339612  , 6.47948577, 2.28291629, 4.94022247,\n        4.69122551],\n       [1.8187626 , 5.44266983, 6.40429661, 2.19734935, 5.05828908,\n        4.88615409]]), array([0.36115535, 0.36379426, 0.36517119, 0.36549707, 0.36655293,\n       0.36714549, 0.36732089]))", "callback": [0.73380589667872, 0.6491762962276681, 0.4767093031059636, 0.43805797538627966, 0.3989627602727426, 0.3876493640487688, 0.3824802615701429, 0.37789594741173715, 0.3755398304526224, 0.3698033882503782]}, "4": {"maxiter": 500, "fatol": 1e-05, "xatol": 1e-05, "duration": 0.15869712829589844, "fun": "0.3064057266015481", "nit": "334", "nfev": "530", "status": "0", "success": "True", "message": "Optimization terminated successfully.", "x": "[2.20448586 6.03023082 6.51267347 1.35785384 6.27352175 5.02202761]", "final_simplex": "(array([[2.20448586, 6.03023082, 6.51267347, 1.35785384, 6.27352175,\n        5.02202761],\n       [2.20448126, 6.03022799, 6.51266825, 1.35785521, 6.27351706,\n        5.02202713],\n       [2.20448911, 6.03022977, 6.51266667, 1.35785217, 6.27352087,\n        5.02202721],\n       [2.20449034, 6.03023558, 6.51267087, 1.35785677, 6.27351879,\n        5.02202683],\n       [2.20449254, 6.03023261, 6.51266671, 1.35785356, 6.27351351,\n        5.02202735],\n       [2.20448742, 6.03023482, 6.51267135, 1.35785268, 6.27351986,\n        5.02202715],\n       [2.20448999, 6.03023604, 6.51267159, 1.35785867, 6.27351354,\n        5.02202261]]), array([0.30640573, 0.30640573, 0.30640573, 0.30640573, 0.30640573,\n       0.30640573, 0.30640573]))", "callback": [0.73380589667872, 0.6491762962276681, 0.4767093031059636, 0.43805797538627966, 0.3989627602727426, 0.3876493640487688, 0.3824802615701429, 0.37789594741173715, 0.3755398304526224, 0.3698033882503782, 0.3611553467612011, 0.3427428725552659, 0.32592806629279236, 0.3188406656895, 0.31323347272590807, 0.31007507471430107, 0.30849908857719144, 0.30681372850062105, 0.30681372850062105, 0.30656056430528933, 0.3064652383389306, 0.3064564863593294, 0.30641756319228164, 0.30641012884068974, 0.3064066252358345, 0.30640586243410306, 0.3064057420436611, 0.3064057297450793, 0.30640572798026966, 0.30640572687801415, 0.3064057266858612, 0.3064057266122623, 0.30640572661049903, 0.30640572660210696]}, "5": {"maxiter": 500, "fatol": 1e-05, "xatol": 1e-10, "duration": 0.2427661418914795, "fun": "0.30640572659494925", "nit": "457", "nfev": "789", "status": "0", "success": "True", "message": "Optimization terminated successfully.", "x": "[2.20448466 6.03022879 6.51267257 1.35785951 6.27351316 5.02203121]", "final_simplex": "(array([[2.20448466, 6.03022879, 6.51267257, 1.35785951, 6.27351316,\n        5.02203121],\n       [2.20448466, 6.03022879, 6.51267257, 1.35785951, 6.27351316,\n        5.02203121],\n       [2.20448466, 6.03022879, 6.51267257, 1.35785951, 6.27351316,\n        5.02203121],\n       [2.20448466, 6.03022879, 6.51267257, 1.35785951, 6.27351316,\n        5.02203121],\n       [2.20448466, 6.03022879, 6.51267257, 1.35785951, 6.27351316,\n        5.02203121],\n       [2.20448466, 6.03022879, 6.51267257, 1.35785951, 6.27351316,\n        5.02203121],\n       [2.20448466, 6.03022879, 6.51267257, 1.35785951, 6.27351316,\n        5.02203121]]), array([0.30640573, 0.30640573, 0.30640573, 0.30640573, 0.30640573,\n       0.30640573, 0.30640573]))", "callback": [0.73380589667872, 0.6491762962276681, 0.4767093031059636, 0.43805797538627966, 0.3989627602727426, 0.3876493640487688, 0.3824802615701429, 0.37789594741173715, 0.3755398304526224, 0.3698033882503782, 0.3611553467612011, 0.3427428725552659, 0.32592806629279236, 0.3188406656895, 0.31323347272590807, 0.31007507471430107, 0.30849908857719144, 0.30681372850062105, 0.30681372850062105, 0.30656056430528933, 0.3064652383389306, 0.3064564863593294, 0.30641756319228164, 0.30641012884068974, 0.3064066252358345, 0.30640586243410306, 0.3064057420436611, 0.3064057297450793, 0.30640572798026966, 0.30640572687801415, 0.3064057266858612, 0.3064057266122623, 0.30640572661049903, 0.30640572660210696, 0.30640572659697707, 0.3064057265957776, 0.30640572659500454, 0.30640572659500454, 0.3064057265949949, 0.306405726594956, 0.3064057265949519, 0.30640572659495025, 0.3064057265949496, 0.30640572659494925, 0.30640572659494925, 0.30640572659494925]}, "6": {"maxiter": 500, "fatol": 1e-10, "xatol": 1e-05, "duration": 0.17415094375610352, "fun": "0.3064057266015481", "nit": "334", "nfev": "530", "status": "0", "success": "True", "message": "Optimization terminated successfully.", "x": "[2.20448586 6.03023082 6.51267347 1.35785384 6.27352175 5.02202761]", "final_simplex": "(array([[2.20448586, 6.03023082, 6.51267347, 1.35785384, 6.27352175,\n        5.02202761],\n       [2.20448126, 6.03022799, 6.51266825, 1.35785521, 6.27351706,\n        5.02202713],\n       [2.20448911, 6.03022977, 6.51266667, 1.35785217, 6.27352087,\n        5.02202721],\n       [2.20449034, 6.03023558, 6.51267087, 1.35785677, 6.27351879,\n        5.02202683],\n       [2.20449254, 6.03023261, 6.51266671, 1.35785356, 6.27351351,\n        5.02202735],\n       [2.20448742, 6.03023482, 6.51267135, 1.35785268, 6.27351986,\n        5.02202715],\n       [2.20448999, 6.03023604, 6.51267159, 1.35785867, 6.27351354,\n        5.02202261]]), array([0.30640573, 0.30640573, 0.30640573, 0.30640573, 0.30640573,\n       0.30640573, 0.30640573]))", "callback": [0.73380589667872, 0.6491762962276681, 0.4767093031059636, 0.43805797538627966, 0.3989627602727426, 0.3876493640487688, 0.3824802615701429, 0.37789594741173715, 0.3755398304526224, 0.3698033882503782, 0.3611553467612011, 0.3427428725552659, 0.32592806629279236, 0.3188406656895, 0.31323347272590807, 0.31007507471430107, 0.30849908857719144, 0.30681372850062105, 0.30681372850062105, 0.30656056430528933, 0.3064652383389306, 0.3064564863593294, 0.30641756319228164, 0.30641012884068974, 0.3064066252358345, 0.30640586243410306, 0.3064057420436611, 0.3064057297450793, 0.30640572798026966, 0.30640572687801415, 0.3064057266858612, 0.3064057266122623, 0.30640572661049903, 0.30640572660210696]}, "7": {"maxiter": 500, "fatol": 1e-10, "xatol": 1e-10, "duration": 0.23186302185058594, "fun": "0.30640572659494925", "nit": "457", "nfev": "789", "status": "0", "success": "True", "message": "Optimization terminated successfully.", "x": "[2.20448466 6.03022879 6.51267257 1.35785951 6.27351316 5.02203121]", "final_simplex": "(array([[2.20448466, 6.03022879, 6.51267257, 1.35785951, 6.27351316,\n        5.02203121],\n       [2.20448466, 6.03022879, 6.51267257, 1.35785951, 6.27351316,\n        5.02203121],\n       [2.20448466, 6.03022879, 6.51267257, 1.35785951, 6.27351316,\n        5.02203121],\n       [2.20448466, 6.03022879, 6.51267257, 1.35785951, 6.27351316,\n        5.02203121],\n       [2.20448466, 6.03022879, 6.51267257, 1.35785951, 6.27351316,\n        5.02203121],\n       [2.20448466, 6.03022879, 6.51267257, 1.35785951, 6.27351316,\n        5.02203121],\n       [2.20448466, 6.03022879, 6.51267257, 1.35785951, 6.27351316,\n        5.02203121]]), array([0.30640573, 0.30640573, 0.30640573, 0.30640573, 0.30640573,\n       0.30640573, 0.30640573]))", "callback": [0.73380589667872, 0.6491762962276681, 0.4767093031059636, 0.43805797538627966, 0.3989627602727426, 0.3876493640487688, 0.3824802615701429, 0.37789594741173715, 0.3755398304526224, 0.3698033882503782, 0.3611553467612011, 0.3427428725552659, 0.32592806629279236, 0.3188406656895, 0.31323347272590807, 0.31007507471430107, 0.30849908857719144, 0.30681372850062105, 0.30681372850062105, 0.30656056430528933, 0.3064652383389306, 0.3064564863593294, 0.30641756319228164, 0.30641012884068974, 0.3064066252358345, 0.30640586243410306, 0.3064057420436611, 0.3064057297450793, 0.30640572798026966, 0.30640572687801415, 0.3064057266858612, 0.3064057266122623, 0.30640572661049903, 0.30640572660210696, 0.30640572659697707, 0.3064057265957776, 0.30640572659500454, 0.30640572659500454, 0.3064057265949949, 0.306405726594956, 0.3064057265949519, 0.30640572659495025, 0.3064057265949496, 0.30640572659494925, 0.30640572659494925, 0.30640572659494925]}, "8": {"maxiter": 1000, "fatol": 1e-05, "xatol": 1e-05, "duration": 0.17337298393249512, "fun": "0.3064057266015481", "nit": "334", "nfev": "530", "status": "0", "success": "True", "message": "Optimization terminated successfully.", "x": "[2.20448586 6.03023082 6.51267347 1.35785384 6.27352175 5.02202761]", "final_simplex": "(array([[2.20448586, 6.03023082, 6.51267347, 1.35785384, 6.27352175,\n        5.02202761],\n       [2.20448126, 6.03022799, 6.51266825, 1.35785521, 6.27351706,\n        5.02202713],\n       [2.20448911, 6.03022977, 6.51266667, 1.35785217, 6.27352087,\n        5.02202721],\n       [2.20449034, 6.03023558, 6.51267087, 1.35785677, 6.27351879,\n        5.02202683],\n       [2.20449254, 6.03023261, 6.51266671, 1.35785356, 6.27351351,\n        5.02202735],\n       [2.20448742, 6.03023482, 6.51267135, 1.35785268, 6.27351986,\n        5.02202715],\n       [2.20448999, 6.03023604, 6.51267159, 1.35785867, 6.27351354,\n        5.02202261]]), array([0.30640573, 0.30640573, 0.30640573, 0.30640573, 0.30640573,\n       0.30640573, 0.30640573]))", "callback": [0.73380589667872, 0.6491762962276681, 0.4767093031059636, 0.43805797538627966, 0.3989627602727426, 0.3876493640487688, 0.3824802615701429, 0.37789594741173715, 0.3755398304526224, 0.3698033882503782, 0.3611553467612011, 0.3427428725552659, 0.32592806629279236, 0.3188406656895, 0.31323347272590807, 0.31007507471430107, 0.30849908857719144, 0.30681372850062105, 0.30681372850062105, 0.30656056430528933, 0.3064652383389306, 0.3064564863593294, 0.30641756319228164, 0.30641012884068974, 0.3064066252358345, 0.30640586243410306, 0.3064057420436611, 0.3064057297450793, 0.30640572798026966, 0.30640572687801415, 0.3064057266858612, 0.3064057266122623, 0.30640572661049903, 0.30640572660210696]}, "9": {"maxiter": 1000, "fatol": 1e-05, "xatol": 1e-10, "duration": 0.25252771377563477, "fun": "0.30640572659494925", "nit": "457", "nfev": "789", "status": "0", "success": "True", "message": "Optimization terminated successfully.", "x": "[2.20448466 6.03022879 6.51267257 1.35785951 6.27351316 5.02203121]", "final_simplex": "(array([[2.20448466, 6.03022879, 6.51267257, 1.35785951, 6.27351316,\n        5.02203121],\n       [2.20448466, 6.03022879, 6.51267257, 1.35785951, 6.27351316,\n        5.02203121],\n       [2.20448466, 6.03022879, 6.51267257, 1.35785951, 6.27351316,\n        5.02203121],\n       [2.20448466, 6.03022879, 6.51267257, 1.35785951, 6.27351316,\n        5.02203121],\n       [2.20448466, 6.03022879, 6.51267257, 1.35785951, 6.27351316,\n        5.02203121],\n       [2.20448466, 6.03022879, 6.51267257, 1.35785951, 6.27351316,\n        5.02203121],\n       [2.20448466, 6.03022879, 6.51267257, 1.35785951, 6.27351316,\n        5.02203121]]), array([0.30640573, 0.30640573, 0.30640573, 0.30640573, 0.30640573,\n       0.30640573, 0.30640573]))", "callback": [0.73380589667872, 0.6491762962276681, 0.4767093031059636, 0.43805797538627966, 0.3989627602727426, 0.3876493640487688, 0.3824802615701429, 0.37789594741173715, 0.3755398304526224, 0.3698033882503782, 0.3611553467612011, 0.3427428725552659, 0.32592806629279236, 0.3188406656895, 0.31323347272590807, 0.31007507471430107, 0.30849908857719144, 0.30681372850062105, 0.30681372850062105, 0.30656056430528933, 0.3064652383389306, 0.3064564863593294, 0.30641756319228164, 0.30641012884068974, 0.3064066252358345, 0.30640586243410306, 0.3064057420436611, 0.3064057297450793, 0.30640572798026966, 0.30640572687801415, 0.3064057266858612, 0.3064057266122623, 0.30640572661049903, 0.30640572660210696, 0.30640572659697707, 0.3064057265957776, 0.30640572659500454, 0.30640572659500454, 0.3064057265949949, 0.306405726594956, 0.3064057265949519, 0.30640572659495025, 0.3064057265949496, 0.30640572659494925, 0.30640572659494925, 0.30640572659494925]}, "10": {"maxiter": 1000, "fatol": 1e-10, "xatol": 1e-05, "duration": 0.1777021884918213, "fun": "0.3064057266015481", "nit": "334", "nfev": "530", "status": "0", "success": "True", "message": "Optimization terminated successfully.", "x": "[2.20448586 6.03023082 6.51267347 1.35785384 6.27352175 5.02202761]", "final_simplex": "(array([[2.20448586, 6.03023082, 6.51267347, 1.35785384, 6.27352175,\n        5.02202761],\n       [2.20448126, 6.03022799, 6.51266825, 1.35785521, 6.27351706,\n        5.02202713],\n       [2.20448911, 6.03022977, 6.51266667, 1.35785217, 6.27352087,\n        5.02202721],\n       [2.20449034, 6.03023558, 6.51267087, 1.35785677, 6.27351879,\n        5.02202683],\n       [2.20449254, 6.03023261, 6.51266671, 1.35785356, 6.27351351,\n        5.02202735],\n       [2.20448742, 6.03023482, 6.51267135, 1.35785268, 6.27351986,\n        5.02202715],\n       [2.20448999, 6.03023604, 6.51267159, 1.35785867, 6.27351354,\n        5.02202261]]), array([0.30640573, 0.30640573, 0.30640573, 0.30640573, 0.30640573,\n       0.30640573, 0.30640573]))", "callback": [0.73380589667872, 0.6491762962276681, 0.4767093031059636, 0.43805797538627966, 0.3989627602727426, 0.3876493640487688, 0.3824802615701429, 0.37789594741173715, 0.3755398304526224, 0.3698033882503782, 0.3611553467612011, 0.3427428725552659, 0.32592806629279236, 0.3188406656895, 0.31323347272590807, 0.31007507471430107, 0.30849908857719144, 0.30681372850062105, 0.30681372850062105, 0.30656056430528933, 0.3064652383389306, 0.3064564863593294, 0.30641756319228164, 0.30641012884068974, 0.3064066252358345, 0.30640586243410306, 0.3064057420436611, 0.3064057297450793, 0.30640572798026966, 0.30640572687801415, 0.3064057266858612, 0.3064057266122623, 0.30640572661049903, 0.30640572660210696]}, "11": {"maxiter": 1000, "fatol": 1e-10, "xatol": 1e-10, "duration": 0.22527194023132324, "fun": "0.30640572659494925", "nit": "457", "nfev": "789", "status": "0", "success": "True", "message": "Optimization terminated successfully.", "x": "[2.20448466 6.03022879 6.51267257 1.35785951 6.27351316 5.02203121]", "final_simplex": "(array([[2.20448466, 6.03022879, 6.51267257, 1.35785951, 6.27351316,\n        5.02203121],\n       [2.20448466, 6.03022879, 6.51267257, 1.35785951, 6.27351316,\n        5.02203121],\n       [2.20448466, 6.03022879, 6.51267257, 1.35785951, 6.27351316,\n        5.02203121],\n       [2.20448466, 6.03022879, 6.51267257, 1.35785951, 6.27351316,\n        5.02203121],\n       [2.20448466, 6.03022879, 6.51267257, 1.35785951, 6.27351316,\n        5.02203121],\n       [2.20448466, 6.03022879, 6.51267257, 1.35785951, 6.27351316,\n        5.02203121],\n       [2.20448466, 6.03022879, 6.51267257, 1.35785951, 6.27351316,\n        5.02203121]]), array([0.30640573, 0.30640573, 0.30640573, 0.30640573, 0.30640573,\n       0.30640573, 0.30640573]))", "callback": [0.73380589667872, 0.6491762962276681, 0.4767093031059636, 0.43805797538627966, 0.3989627602727426, 0.3876493640487688, 0.3824802615701429, 0.37789594741173715, 0.3755398304526224, 0.3698033882503782, 0.3611553467612011, 0.3427428725552659, 0.32592806629279236, 0.3188406656895, 0.31323347272590807, 0.31007507471430107, 0.30849908857719144, 0.30681372850062105, 0.30681372850062105, 0.30656056430528933, 0.3064652383389306, 0.3064564863593294, 0.30641756319228164, 0.30641012884068974, 0.3064066252358345, 0.30640586243410306, 0.3064057420436611, 0.3064057297450793, 0.30640572798026966, 0.30640572687801415, 0.3064057266858612, 0.3064057266122623, 0.30640572661049903, 0.30640572660210696, 0.30640572659697707, 0.3064057265957776, 0.30640572659500454, 0.30640572659500454, 0.3064057265949949, 0.306405726594956, 0.3064057265949519, 0.30640572659495025, 0.3064057265949496, 0.30640572659494925, 0.30640572659494925, 0.30640572659494925]}}, "bfgs": {"type": "gradient", "0": {"maxiter": 100, "gtol": 1e-05, "xrtol": 1e-05, "eps": 1e-05, "duration": 0.06303095817565918, "fun": "0.3064057269461443", "jac": "[-4.34328129e-06 -1.26784139e-06 -6.87577773e-06 -4.75052220e-06\n  2.28647101e-06 -1.84040561e-06]", "hess_inv": "[[ 6.59330974  0.67946792 -3.12325607  1.559806   -0.21480286 -0.82575562]\n [ 0.67946792  4.91236751  1.41272672 -0.70757748  0.37719384 -1.57423951]\n [-3.12325607  1.41272672  5.56482209 -3.06538105 -0.11981875  0.31125837]\n [ 1.559806   -0.70757748 -3.06538105  7.18602554  4.85630565  0.28202253]\n [-0.21480286  0.37719384 -0.11981875  4.85630565 10.27445379  0.44075862]\n [-0.82575562 -1.57423951  0.31125837  0.28202253  0.44075862  3.82205756]]", "nfev": "217", "njev": "31", "status": "0", "success": "True", "message": "Optimization terminated successfully.", "x": "[2.20445341 6.03019762 6.51264087 4.92529842 9.41509166 8.16361124]", "nit": "29", "callback": [0.6434988404733707, 0.6104376255810873, 0.5627442265190787, 0.5261380539019707, 0.5098259057657855, 0.48324427929156955, 0.4614388991707219, 0.4579595759016585, 0.45136436217814735, 0.43958208616415106, 0.42955207362109205, 0.42161039899523045, 0.40748695567623117, 0.38394594181426145, 0.356324222755519, 0.3424369491844389, 0.32406323259785164, 0.313629805116059, 0.3088670891810663, 0.3080704931109879, 0.307350244015567, 0.30687046781805305, 0.3065827943982212, 0.30644651572004866, 0.30640895759009323, 0.30640579872244456, 0.30640573188312437, 0.30640572817062006, 0.3064057269461443]}, "1": {"maxiter": 100, "gtol": 1e-05, "xrtol": 1e-05, "eps": 1e-10, "duration": 0.06199979782104492, "fun": "0.30640572698245216", "jac": "[-1.11022293e-06  0.00000000e+00 -7.77156053e-06 -6.66133760e-06\n  1.11022293e-06  3.33066880e-06]", "hess_inv": "[[ 6.41062711  0.67011718 -3.02378765  1.23796029 -0.54701067 -0.89436769]\n [ 0.67011718  5.06640311  1.6023136  -0.77715213  0.32607921 -1.76623849]\n [-3.02378765  1.6023136   5.72258543 -3.13547194 -0.09090762  0.22706853]\n [ 1.23796029 -0.77715213 -3.13547194  7.01577097  4.94122086 -0.19497682]\n [-0.54701067  0.32607921 -0.09090762  4.94122086 10.48577922 -0.10849197]\n [-0.89436769 -1.76623849  0.22706853 -0.19497682 -0.10849197  3.81496337]]", "nfev": "217", "njev": "31", "status": "0", "success": "True", "message": "Optimization terminated successfully.", "x": "[2.20446433 6.03019989 6.51264588 4.92527693 9.41507379 8.16361909]", "nit": "29", "callback": [0.6434973636248835, 0.610436751978227, 0.5627449152697103, 0.5261357273189878, 0.5098253540217081, 0.48324514611316116, 0.46143600669064766, 0.4579572532858742, 0.45136197323216, 0.43957782519033683, 0.4295409387790645, 0.4216094453375445, 0.4075015541977115, 0.38398199932691834, 0.35635501143727755, 0.3424177223285666, 0.32413536034367096, 0.3134353543973837, 0.3088553373268119, 0.3080690405886656, 0.3073168908683438, 0.3068643937059795, 0.3065795683274696, 0.30644539454630804, 0.3064084367625204, 0.30640579080084973, 0.30640573299448415, 0.3064057282028658, 0.30640572698245216]}, "2": {"maxiter": 100, "gtol": 1e-05, "xrtol": 1e-10, "eps": 1e-05, "duration": 0.07055306434631348, "fun": "0.3064057269461443", "jac": "[-4.34328129e-06 -1.26784139e-06 -6.87577773e-06 -4.75052220e-06\n  2.28647101e-06 -1.84040561e-06]", "hess_inv": "[[ 6.59330974  0.67946792 -3.12325607  1.559806   -0.21480286 -0.82575562]\n [ 0.67946792  4.91236751  1.41272672 -0.70757748  0.37719384 -1.57423951]\n [-3.12325607  1.41272672  5.56482209 -3.06538105 -0.11981875  0.31125837]\n [ 1.559806   -0.70757748 -3.06538105  7.18602554  4.85630565  0.28202253]\n [-0.21480286  0.37719384 -0.11981875  4.85630565 10.27445379  0.44075862]\n [-0.82575562 -1.57423951  0.31125837  0.28202253  0.44075862  3.82205756]]", "nfev": "217", "njev": "31", "status": "0", "success": "True", "message": "Optimization terminated successfully.", "x": "[2.20445341 6.03019762 6.51264087 4.92529842 9.41509166 8.16361124]", "nit": "29", "callback": [0.6434988404733707, 0.6104376255810873, 0.5627442265190787, 0.5261380539019707, 0.5098259057657855, 0.48324427929156955, 0.4614388991707219, 0.4579595759016585, 0.45136436217814735, 0.43958208616415106, 0.42955207362109205, 0.42161039899523045, 0.40748695567623117, 0.38394594181426145, 0.356324222755519, 0.3424369491844389, 0.32406323259785164, 0.313629805116059, 0.3088670891810663, 0.3080704931109879, 0.307350244015567, 0.30687046781805305, 0.3065827943982212, 0.30644651572004866, 0.30640895759009323, 0.30640579872244456, 0.30640573188312437, 0.30640572817062006, 0.3064057269461443]}, "3": {"maxiter": 100, "gtol": 1e-05, "xrtol": 1e-10, "eps": 1e-10, "duration": 0.06967496871948242, "fun": "0.30640572698245216", "jac": "[-1.11022293e-06  0.00000000e+00 -7.77156053e-06 -6.66133760e-06\n  1.11022293e-06  3.33066880e-06]", "hess_inv": "[[ 6.41062711  0.67011718 -3.02378765  1.23796029 -0.54701067 -0.89436769]\n [ 0.67011718  5.06640311  1.6023136  -0.77715213  0.32607921 -1.76623849]\n [-3.02378765  1.6023136   5.72258543 -3.13547194 -0.09090762  0.22706853]\n [ 1.23796029 -0.77715213 -3.13547194  7.01577097  4.94122086 -0.19497682]\n [-0.54701067  0.32607921 -0.09090762  4.94122086 10.48577922 -0.10849197]\n [-0.89436769 -1.76623849  0.22706853 -0.19497682 -0.10849197  3.81496337]]", "nfev": "217", "njev": "31", "status": "0", "success": "True", "message": "Optimization terminated successfully.", "x": "[2.20446433 6.03019989 6.51264588 4.92527693 9.41507379 8.16361909]", "nit": "29", "callback": [0.6434973636248835, 0.610436751978227, 0.5627449152697103, 0.5261357273189878, 0.5098253540217081, 0.48324514611316116, 0.46143600669064766, 0.4579572532858742, 0.45136197323216, 0.43957782519033683, 0.4295409387790645, 0.4216094453375445, 0.4075015541977115, 0.38398199932691834, 0.35635501143727755, 0.3424177223285666, 0.32413536034367096, 0.3134353543973837, 0.3088553373268119, 0.3080690405886656, 0.3073168908683438, 0.3068643937059795, 0.3065795683274696, 0.30644539454630804, 0.3064084367625204, 0.30640579080084973, 0.30640573299448415, 0.3064057282028658, 0.30640572698245216]}, "4": {"maxiter": 100, "gtol": 1e-10, "xrtol": 1e-05, "eps": 1e-05, "duration": 0.05979800224304199, "fun": "0.3064057269461443", "jac": "[-4.34328129e-06 -1.26784139e-06 -6.87577773e-06 -4.75052220e-06\n  2.28647101e-06 -1.84040561e-06]", "hess_inv": "[[ 6.59330974  0.67946792 -3.12325607  1.559806   -0.21480286 -0.82575562]\n [ 0.67946792  4.91236751  1.41272672 -0.70757748  0.37719384 -1.57423951]\n [-3.12325607  1.41272672  5.56482209 -3.06538105 -0.11981875  0.31125837]\n [ 1.559806   -0.70757748 -3.06538105  7.18602554  4.85630565  0.28202253]\n [-0.21480286  0.37719384 -0.11981875  4.85630565 10.27445379  0.44075862]\n [-0.82575562 -1.57423951  0.31125837  0.28202253  0.44075862  3.82205756]]", "nfev": "217", "njev": "31", "status": "0", "success": "True", "message": "Optimization terminated successfully.", "x": "[2.20445341 6.03019762 6.51264087 4.92529842 9.41509166 8.16361124]", "nit": "29", "callback": [0.6434988404733707, 0.6104376255810873, 0.5627442265190787, 0.5261380539019707, 0.5098259057657855, 0.48324427929156955, 0.4614388991707219, 0.4579595759016585, 0.45136436217814735, 0.43958208616415106, 0.42955207362109205, 0.42161039899523045, 0.40748695567623117, 0.38394594181426145, 0.356324222755519, 0.3424369491844389, 0.32406323259785164, 0.313629805116059, 0.3088670891810663, 0.3080704931109879, 0.307350244015567, 0.30687046781805305, 0.3065827943982212, 0.30644651572004866, 0.30640895759009323, 0.30640579872244456, 0.30640573188312437, 0.30640572817062006, 0.3064057269461443]}, "5": {"maxiter": 100, "gtol": 1e-10, "xrtol": 1e-05, "eps": 1e-10, "duration": 0.06222391128540039, "fun": "0.30640572698245216", "jac": "[-1.11022293e-06  0.00000000e+00 -7.77156053e-06 -6.66133760e-06\n  1.11022293e-06  3.33066880e-06]", "hess_inv": "[[ 6.41062711  0.67011718 -3.02378765  1.23796029 -0.54701067 -0.89436769]\n [ 0.67011718  5.06640311  1.6023136  -0.77715213  0.32607921 -1.76623849]\n [-3.02378765  1.6023136   5.72258543 -3.13547194 -0.09090762  0.22706853]\n [ 1.23796029 -0.77715213 -3.13547194  7.01577097  4.94122086 -0.19497682]\n [-0.54701067  0.32607921 -0.09090762  4.94122086 10.48577922 -0.10849197]\n [-0.89436769 -1.76623849  0.22706853 -0.19497682 -0.10849197  3.81496337]]", "nfev": "217", "njev": "31", "status": "0", "success": "True", "message": "Optimization terminated successfully.", "x": "[2.20446433 6.03019989 6.51264588 4.92527693 9.41507379 8.16361909]", "nit": "29", "callback": [0.6434973636248835, 0.610436751978227, 0.5627449152697103, 0.5261357273189878, 0.5098253540217081, 0.48324514611316116, 0.46143600669064766, 0.4579572532858742, 0.45136197323216, 0.43957782519033683, 0.4295409387790645, 0.4216094453375445, 0.4075015541977115, 0.38398199932691834, 0.35635501143727755, 0.3424177223285666, 0.32413536034367096, 0.3134353543973837, 0.3088553373268119, 0.3080690405886656, 0.3073168908683438, 0.3068643937059795, 0.3065795683274696, 0.30644539454630804, 0.3064084367625204, 0.30640579080084973, 0.30640573299448415, 0.3064057282028658, 0.30640572698245216]}, "6": {"maxiter": 100, "gtol": 1e-10, "xrtol": 1e-10, "eps": 1e-05, "duration": 0.11378717422485352, "fun": "0.3064057266284087", "jac": "[ 6.63913369e-09 -6.99440506e-10  2.53130850e-09  2.53130850e-09\n -6.65023592e-09  7.41628980e-09]", "hess_inv": "[[ 7.20295889  1.12298615 -2.55040412  1.89272147 -0.41574273 -0.53409771]\n [ 1.12298615  5.40171296  2.0590831  -0.33869915  0.39724834 -1.35926144]\n [-2.55040412  2.0590831   6.30874866 -2.60535029  0.02608245  0.46023631]\n [ 1.89272147 -0.33869915 -2.60535029  7.45720569  4.89881326  0.41163167]\n [-0.41574273  0.39724834  0.02608245  4.89881326 10.40521416  0.47065664]\n [-0.53409771 -1.35926144  0.46023631  0.41163167  0.47065664  3.81137255]]", "nfev": "382", "njev": "53", "status": "2", "success": "False", "message": "Desired error not necessarily achieved due to precision loss.", "x": "[2.20447892 6.03021923 6.51266493 4.92531378 9.41509037 8.16361867]", "nit": "32", "callback": [0.6434988404733707, 0.6104376255810873, 0.5627442265190787, 0.5261380539019707, 0.5098259057657855, 0.48324427929156955, 0.4614388991707219, 0.4579595759016585, 0.45136436217814735, 0.43958208616415106, 0.42955207362109205, 0.42161039899523045, 0.40748695567623117, 0.38394594181426145, 0.356324222755519, 0.3424369491844389, 0.32406323259785164, 0.313629805116059, 0.3088670891810663, 0.3080704931109879, 0.307350244015567, 0.30687046781805305, 0.3065827943982212, 0.30644651572004866, 0.30640895759009323, 0.30640579872244456, 0.30640573188312437, 0.30640572817062006, 0.3064057269461443, 0.30640572666291366, 0.30640572663040133, 0.3064057266284087]}, "7": {"maxiter": 100, "gtol": 1e-10, "xrtol": 1e-10, "eps": 1e-10, "duration": 0.12852811813354492, "fun": "0.30640572663983545", "jac": "[-2.22044587e-06 -1.11022293e-06  3.33066880e-06  2.22044587e-06\n  0.00000000e+00  0.00000000e+00]", "hess_inv": "[[ 0.16413244 -0.30917275 -0.23402429  0.06078276  0.39640051 -0.16669605]\n [-0.30917275  2.21964138  0.32691935  0.17062853 -2.51586349  0.86009223]\n [-0.23402429  0.32691935  0.39533196 -0.10732136 -0.45126638  0.1872923 ]\n [ 0.06078276  0.17062853 -0.10732136  0.08491631 -0.15797887  0.02003871]\n [ 0.39640051 -2.51586349 -0.45126638 -0.15797887  2.87983925 -0.99688711]\n [-0.16669605  0.86009223  0.1872923   0.02003871 -0.99688711  0.3789237 ]]", "nfev": "462", "njev": "66", "status": "0", "success": "True", "message": "Optimization terminated successfully.", "x": "[2.204478   6.03021632 6.51266591 4.92531738 9.41508402 8.16362009]", "nit": "43", "callback": [0.6434973636248835, 0.610436751978227, 0.5627449152697103, 0.5261357273189878, 0.5098253540217081, 0.48324514611316116, 0.46143600669064766, 0.4579572532858742, 0.45136197323216, 0.43957782519033683, 0.4295409387790645, 0.4216094453375445, 0.4075015541977115, 0.38398199932691834, 0.35635501143727755, 0.3424177223285666, 0.32413536034367096, 0.3134353543973837, 0.3088553373268119, 0.3080690405886656, 0.3073168908683438, 0.3068643937059795, 0.3065795683274696, 0.30644539454630804, 0.3064084367625204, 0.30640579080084973, 0.30640573299448415, 0.3064057282028658, 0.30640572698245216, 0.3064057267202931, 0.30640572668775934, 0.3064057266720529, 0.3064057266556198, 0.3064057266528353, 0.30640572665283494, 0.3064057266526732, 0.3064057266524014, 0.30640572665202226, 0.3064057266494351, 0.3064057266455551, 0.3064057266401544, 0.30640572663983545, 0.30640572663983545]}, "8": {"maxiter": 500, "gtol": 1e-05, "xrtol": 1e-05, "eps": 1e-05, "duration": 0.06347990036010742, "fun": "0.3064057269461443", "jac": "[-4.34328129e-06 -1.26784139e-06 -6.87577773e-06 -4.75052220e-06\n  2.28647101e-06 -1.84040561e-06]", "hess_inv": "[[ 6.59330974  0.67946792 -3.12325607  1.559806   -0.21480286 -0.82575562]\n [ 0.67946792  4.91236751  1.41272672 -0.70757748  0.37719384 -1.57423951]\n [-3.12325607  1.41272672  5.56482209 -3.06538105 -0.11981875  0.31125837]\n [ 1.559806   -0.70757748 -3.06538105  7.18602554  4.85630565  0.28202253]\n [-0.21480286  0.37719384 -0.11981875  4.85630565 10.27445379  0.44075862]\n [-0.82575562 -1.57423951  0.31125837  0.28202253  0.44075862  3.82205756]]", "nfev": "217", "njev": "31", "status": "0", "success": "True", "message": "Optimization terminated successfully.", "x": "[2.20445341 6.03019762 6.51264087 4.92529842 9.41509166 8.16361124]", "nit": "29", "callback": [0.6434988404733707, 0.6104376255810873, 0.5627442265190787, 0.5261380539019707, 0.5098259057657855, 0.48324427929156955, 0.4614388991707219, 0.4579595759016585, 0.45136436217814735, 0.43958208616415106, 0.42955207362109205, 0.42161039899523045, 0.40748695567623117, 0.38394594181426145, 0.356324222755519, 0.3424369491844389, 0.32406323259785164, 0.313629805116059, 0.3088670891810663, 0.3080704931109879, 0.307350244015567, 0.30687046781805305, 0.3065827943982212, 0.30644651572004866, 0.30640895759009323, 0.30640579872244456, 0.30640573188312437, 0.30640572817062006, 0.3064057269461443]}, "9": {"maxiter": 500, "gtol": 1e-05, "xrtol": 1e-05, "eps": 1e-10, "duration": 0.06316280364990234, "fun": "0.30640572698245216", "jac": "[-1.11022293e-06  0.00000000e+00 -7.77156053e-06 -6.66133760e-06\n  1.11022293e-06  3.33066880e-06]", "hess_inv": "[[ 6.41062711  0.67011718 -3.02378765  1.23796029 -0.54701067 -0.89436769]\n [ 0.67011718  5.06640311  1.6023136  -0.77715213  0.32607921 -1.76623849]\n [-3.02378765  1.6023136   5.72258543 -3.13547194 -0.09090762  0.22706853]\n [ 1.23796029 -0.77715213 -3.13547194  7.01577097  4.94122086 -0.19497682]\n [-0.54701067  0.32607921 -0.09090762  4.94122086 10.48577922 -0.10849197]\n [-0.89436769 -1.76623849  0.22706853 -0.19497682 -0.10849197  3.81496337]]", "nfev": "217", "njev": "31", "status": "0", "success": "True", "message": "Optimization terminated successfully.", "x": "[2.20446433 6.03019989 6.51264588 4.92527693 9.41507379 8.16361909]", "nit": "29", "callback": [0.6434973636248835, 0.610436751978227, 0.5627449152697103, 0.5261357273189878, 0.5098253540217081, 0.48324514611316116, 0.46143600669064766, 0.4579572532858742, 0.45136197323216, 0.43957782519033683, 0.4295409387790645, 0.4216094453375445, 0.4075015541977115, 0.38398199932691834, 0.35635501143727755, 0.3424177223285666, 0.32413536034367096, 0.3134353543973837, 0.3088553373268119, 0.3080690405886656, 0.3073168908683438, 0.3068643937059795, 0.3065795683274696, 0.30644539454630804, 0.3064084367625204, 0.30640579080084973, 0.30640573299448415, 0.3064057282028658, 0.30640572698245216]}, "10": {"maxiter": 500, "gtol": 1e-05, "xrtol": 1e-10, "eps": 1e-05, "duration": 0.06534600257873535, "fun": "0.3064057269461443", "jac": "[-4.34328129e-06 -1.26784139e-06 -6.87577773e-06 -4.75052220e-06\n  2.28647101e-06 -1.84040561e-06]", "hess_inv": "[[ 6.59330974  0.67946792 -3.12325607  1.559806   -0.21480286 -0.82575562]\n [ 0.67946792  4.91236751  1.41272672 -0.70757748  0.37719384 -1.57423951]\n [-3.12325607  1.41272672  5.56482209 -3.06538105 -0.11981875  0.31125837]\n [ 1.559806   -0.70757748 -3.06538105  7.18602554  4.85630565  0.28202253]\n [-0.21480286  0.37719384 -0.11981875  4.85630565 10.27445379  0.44075862]\n [-0.82575562 -1.57423951  0.31125837  0.28202253  0.44075862  3.82205756]]", "nfev": "217", "njev": "31", "status": "0", "success": "True", "message": "Optimization terminated successfully.", "x": "[2.20445341 6.03019762 6.51264087 4.92529842 9.41509166 8.16361124]", "nit": "29", "callback": [0.6434988404733707, 0.6104376255810873, 0.5627442265190787, 0.5261380539019707, 0.5098259057657855, 0.48324427929156955, 0.4614388991707219, 0.4579595759016585, 0.45136436217814735, 0.43958208616415106, 0.42955207362109205, 0.42161039899523045, 0.40748695567623117, 0.38394594181426145, 0.356324222755519, 0.3424369491844389, 0.32406323259785164, 0.313629805116059, 0.3088670891810663, 0.3080704931109879, 0.307350244015567, 0.30687046781805305, 0.3065827943982212, 0.30644651572004866, 0.30640895759009323, 0.30640579872244456, 0.30640573188312437, 0.30640572817062006, 0.3064057269461443]}, "11": {"maxiter": 500, "gtol": 1e-05, "xrtol": 1e-10, "eps": 1e-10, "duration": 0.07021284103393555, "fun": "0.30640572698245216", "jac": "[-1.11022293e-06  0.00000000e+00 -7.77156053e-06 -6.66133760e-06\n  1.11022293e-06  3.33066880e-06]", "hess_inv": "[[ 6.41062711  0.67011718 -3.02378765  1.23796029 -0.54701067 -0.89436769]\n [ 0.67011718  5.06640311  1.6023136  -0.77715213  0.32607921 -1.76623849]\n [-3.02378765  1.6023136   5.72258543 -3.13547194 -0.09090762  0.22706853]\n [ 1.23796029 -0.77715213 -3.13547194  7.01577097  4.94122086 -0.19497682]\n [-0.54701067  0.32607921 -0.09090762  4.94122086 10.48577922 -0.10849197]\n [-0.89436769 -1.76623849  0.22706853 -0.19497682 -0.10849197  3.81496337]]", "nfev": "217", "njev": "31", "status": "0", "success": "True", "message": "Optimization terminated successfully.", "x": "[2.20446433 6.03019989 6.51264588 4.92527693 9.41507379 8.16361909]", "nit": "29", "callback": [0.6434973636248835, 0.610436751978227, 0.5627449152697103, 0.5261357273189878, 0.5098253540217081, 0.48324514611316116, 0.46143600669064766, 0.4579572532858742, 0.45136197323216, 0.43957782519033683, 0.4295409387790645, 0.4216094453375445, 0.4075015541977115, 0.38398199932691834, 0.35635501143727755, 0.3424177223285666, 0.32413536034367096, 0.3134353543973837, 0.3088553373268119, 0.3080690405886656, 0.3073168908683438, 0.3068643937059795, 0.3065795683274696, 0.30644539454630804, 0.3