{"date": "2024/10/08/, 17:46:38", "conf_id": 17, "data_type": "random\n", "num_data_points": 1, "s_rank": 0, "unitary": "[[0.18663085-0.53122324j,-0.11886349-0.70040876j,0.28555095-0.02789305j,-0.12262021-0.2844587j],[-0.16702216+0.27758472j,0.27526351-0.29738586j,-0.01109314+0.22495461j,-0.77239203+0.28900673j],[0.61935415+0.12301792j,-0.31269928-0.03315917j,-0.61902762-0.19039079j,-0.27120731-0.0968989j],[0.42341754+0.0023929j,-0.05847358+0.47832119j,0.64900495-0.16218422j,-0.37182676-0.05229966j]]", "databatch_0": {"databatch": "[[[-0.09982213+0.05819637j,0.31559628+0.24783365j,-0.05027755+0.05376914j,0.03308919+0.03876535j],[-0.39564916+0.05259059j,-0.09499137-0.27218948j,0.30705689-0.14329855j,-0.09573405+0.15976143j],[-0.09081101-0.07081308j,0.07351958-0.1239636j,-0.31941774-0.14176635j,-0.06290594+0.04970175j],[-0.23544923+0.10103484j,0.03443063-0.16947653j,0.03709228-0.12486005j,-0.25406452-0.29331742j]]]", "initial param values": "[1.94231544,4.98953954,0.99514018,1.25366136,0.02550135,3.68417959]", "nelder_mead": {"type": "gradient-free", "0": {"maxiter": 100, "fatol": 1e-05, "xatol": 1e-05, "duration": 0.05422377586364746, "fun": "0.3828827205844685", "nit": "100", "nfev": "158", "status": "2", "success": "False", "message": "Maximum number of iterations has been exceeded.", "x": "[9.94550420e-01 7.39409980e+00 2.63769377e+00 2.33827780e+00\n 3.25684965e-03 2.08878502e+00]", "final_simplex": "(array([[ 9.94550420e-01,  7.39409980e+00,  2.63769377e+00,\n         2.33827780e+00,  3.25684965e-03,  2.08878502e+00],\n       [ 8.86112029e-01,  7.58461162e+00,  2.85021513e+00,\n         2.31290507e+00,  1.16063148e-03,  1.98335628e+00],\n       [ 9.36547075e-01,  7.36120740e+00,  2.74660887e+00,\n         2.23057597e+00,  1.16874077e-03,  2.19914939e+00],\n       [ 8.95833204e-01,  7.75609403e+00,  2.78829164e+00,\n         2.44022831e+00, -7.84728438e-04,  2.45588431e+00],\n       [ 8.92030282e-01,  7.69542837e+00,  2.79470709e+00,\n         2.19605510e+00,  1.44534862e-03,  2.27749709e+00],\n       [ 8.83412815e-01,  7.70284728e+00,  2.80373175e+00,\n         2.25802249e+00,  1.52799004e-03,  2.41298187e+00],\n       [ 1.13363180e+00,  7.40903664e+00,  2.50315607e+00,\n         2.01434407e+00,  6.69461487e-03,  2.20313959e+00]]), array([0.38288272, 0.38541993, 0.38926496, 0.40648344, 0.41047221,\n       0.41256515, 0.42179672]))", "callback": [0.9640482120167946, 0.8123508638661916, 0.7176130430148273, 0.7046403143476905, 0.6704801662664849, 0.6081324630200975, 0.5670798886404185, 0.5495565017967448, 0.49555858163714017, 0.44302435098463433]}, "1": {"maxiter": 100, "fatol": 1e-05, "xatol": 1e-10, "duration": 0.05302786827087402, "fun": "0.3828827205844685", "nit": "100", "nfev": "158", "status": "2", "success": "False", "message": "Maximum number of iterations has been exceeded.", "x": "[9.94550420e-01 7.39409980e+00 2.63769377e+00 2.33827780e+00\n 3.25684965e-03 2.08878502e+00]", "final_simplex": "(array([[ 9.94550420e-01,  7.39409980e+00,  2.63769377e+00,\n         2.33827780e+00,  3.25684965e-03,  2.08878502e+00],\n       [ 8.86112029e-01,  7.58461162e+00,  2.85021513e+00,\n         2.31290507e+00,  1.16063148e-03,  1.98335628e+00],\n       [ 9.36547075e-01,  7.36120740e+00,  2.74660887e+00,\n         2.23057597e+00,  1.16874077e-03,  2.19914939e+00],\n       [ 8.95833204e-01,  7.75609403e+00,  2.78829164e+00,\n         2.44022831e+00, -7.84728438e-04,  2.45588431e+00],\n       [ 8.92030282e-01,  7.69542837e+00,  2.79470709e+00,\n         2.19605510e+00,  1.44534862e-03,  2.27749709e+00],\n       [ 8.83412815e-01,  7.70284728e+00,  2.80373175e+00,\n         2.25802249e+00,  1.52799004e-03,  2.41298187e+00],\n       [ 1.13363180e+00,  7.40903664e+00,  2.50315607e+00,\n         2.01434407e+00,  6.69461487e-03,  2.20313959e+00]]), array([0.38288272, 0.38541993, 0.38926496, 0.40648344, 0.41047221,\n       0.41256515, 0.42179672]))", "callback": [0.9640482120167946, 0.8123508638661916, 0.7176130430148273, 0.7046403143476905, 0.6704801662664849, 0.6081324630200975, 0.5670798886404185, 0.5495565017967448, 0.49555858163714017, 0.44302435098463433]}, "2": {"maxiter": 100, "fatol": 1e-10, "xatol": 1e-05, "duration": 0.05758786201477051, "fun": "0.3828827205844685", "nit": "100", "nfev": "158", "status": "2", "success": "False", "message": "Maximum number of iterations has been exceeded.", "x": "[9.94550420e-01 7.39409980e+00 2.63769377e+00 2.33827780e+00\n 3.25684965e-03 2.08878502e+00]", "final_simplex": "(array([[ 9.94550420e-01,  7.39409980e+00,  2.63769377e+00,\n         2.33827780e+00,  3.25684965e-03,  2.08878502e+00],\n       [ 8.86112029e-01,  7.58461162e+00,  2.85021513e+00,\n         2.31290507e+00,  1.16063148e-03,  1.98335628e+00],\n       [ 9.36547075e-01,  7.36120740e+00,  2.74660887e+00,\n         2.23057597e+00,  1.16874077e-03,  2.19914939e+00],\n       [ 8.95833204e-01,  7.75609403e+00,  2.78829164e+00,\n         2.44022831e+00, -7.84728438e-04,  2.45588431e+00],\n       [ 8.92030282e-01,  7.69542837e+00,  2.79470709e+00,\n         2.19605510e+00,  1.44534862e-03,  2.27749709e+00],\n       [ 8.83412815e-01,  7.70284728e+00,  2.80373175e+00,\n         2.25802249e+00,  1.52799004e-03,  2.41298187e+00],\n       [ 1.13363180e+00,  7.40903664e+00,  2.50315607e+00,\n         2.01434407e+00,  6.69461487e-03,  2.20313959e+00]]), array([0.38288272, 0.38541993, 0.38926496, 0.40648344, 0.41047221,\n       0.41256515, 0.42179672]))", "callback": [0.9640482120167946, 0.8123508638661916, 0.7176130430148273, 0.7046403143476905, 0.6704801662664849, 0.6081324630200975, 0.5670798886404185, 0.5495565017967448, 0.49555858163714017, 0.44302435098463433]}, "3": {"maxiter": 100, "fatol": 1e-10, "xatol": 1e-10, "duration": 0.04454922676086426, "fun": "0.3828827205844685", "nit": "100", "nfev": "158", "status": "2", "success": "False", "message": "Maximum number of iterations has been exceeded.", "x": "[9.94550420e-01 7.39409980e+00 2.63769377e+00 2.33827780e+00\n 3.25684965e-03 2.08878502e+00]", "final_simplex": "(array([[ 9.94550420e-01,  7.39409980e+00,  2.63769377e+00,\n         2.33827780e+00,  3.25684965e-03,  2.08878502e+00],\n       [ 8.86112029e-01,  7.58461162e+00,  2.85021513e+00,\n         2.31290507e+00,  1.16063148e-03,  1.98335628e+00],\n       [ 9.36547075e-01,  7.36120740e+00,  2.74660887e+00,\n         2.23057597e+00,  1.16874077e-03,  2.19914939e+00],\n       [ 8.95833204e-01,  7.75609403e+00,  2.78829164e+00,\n         2.44022831e+00, -7.84728438e-04,  2.45588431e+00],\n       [ 8.92030282e-01,  7.69542837e+00,  2.79470709e+00,\n         2.19605510e+00,  1.44534862e-03,  2.27749709e+00],\n       [ 8.83412815e-01,  7.70284728e+00,  2.80373175e+00,\n         2.25802249e+00,  1.52799004e-03,  2.41298187e+00],\n       [ 1.13363180e+00,  7.40903664e+00,  2.50315607e+00,\n         2.01434407e+00,  6.69461487e-03,  2.20313959e+00]]), array([0.38288272, 0.38541993, 0.38926496, 0.40648344, 0.41047221,\n       0.41256515, 0.42179672]))", "callback": [0.9640482120167946, 0.8123508638661916, 0.7176130430148273, 0.7046403143476905, 0.6704801662664849, 0.6081324630200975, 0.5670798886404185, 0.5495565017967448, 0.49555858163714017, 0.44302435098463433]}, "4": {"maxiter": 500, "fatol": 1e-05, "xatol": 1e-05, "duration": 0.2252180576324463, "fun": "0.2556454399139171", "nit": "489", "nfev": "768", "status": "0", "success": "True", "message": "Optimization terminated successfully.", "x": "[1.40994504 7.23381383 3.48886732 2.4425645  0.86480225 2.69518074]", "final_simplex": "(array([[1.40994504, 7.23381383, 3.48886732, 2.4425645 , 0.86480225,\n        2.69518074],\n       [1.40993944, 7.23381564, 3.4888717 , 2.4425654 , 0.86480732,\n        2.69518493],\n       [1.40994591, 7.23381434, 3.48886667, 2.442561  , 0.86480416,\n        2.69517903],\n       [1.40994568, 7.23381474, 3.48886857, 2.44256738, 0.86479795,\n        2.69517618],\n       [1.40994191, 7.23380715, 3.48887454, 2.44256296, 0.86480436,\n        2.69518393],\n       [1.40993795, 7.2338179 , 3.4888673 , 2.44256244, 0.86479876,\n        2.69518139],\n       [1.40993706, 7.23381499, 3.48886505, 2.44256588, 0.86479774,\n        2.69517294]]), array([0.25564544, 0.25564544, 0.25564544, 0.25564544, 0.25564544,\n       0.25564544, 0.25564544]))", "callback": [0.9640482120167946, 0.8123508638661916, 0.7176130430148273, 0.7046403143476905, 0.6704801662664849, 0.6081324630200975, 0.5670798886404185, 0.5495565017967448, 0.49555858163714017, 0.44302435098463433, 0.3722814365887822, 0.36719118602736533, 0.36246676023910085, 0.3465006127714586, 0.30845014183272335, 0.2980081198251662, 0.2967223314685632, 0.29617714039776966, 0.2960323494778987, 0.295997016389856, 0.2959925400832554, 0.29598999976670193, 0.29598130522213306, 0.2959669994350007, 0.2959397518438871, 0.2959115088969706, 0.295806326260333, 0.2956501641199346, 0.2952955814643865, 0.29321451295738266, 0.28804497385949723, 0.2801763670125722, 0.26847362215002135, 0.2652482233348392, 0.2606856467392431, 0.25822856384242043, 0.2569501522521136, 0.2559326071976714, 0.2556918632250438, 0.25565403762829864, 0.2556464532005994, 0.25564558950591876, 0.2556455226077229, 0.25564544524762156, 0.2556454430386581, 0.25564544076089846, 0.255645440173879, 0.25564543995373235, 0.2556454399214836]}, "5": {"maxiter": 500, "fatol": 1e-05, "xatol": 1e-10, "duration": 0.25589895248413086, "fun": "0.25564543991149047", "nit": "500", "nfev": "788", "status": "2", "success": "False", "message": "Maximum number of iterations has been exceeded.", "x": "[1.40994266 7.23381176 3.48886973 2.44256342 0.86480268 2.69518035]", "final_simplex": "(array([[1.40994266, 7.23381176, 3.48886973, 2.44256342, 0.86480268,\n        2.69518035],\n       [1.40994116, 7.23381352, 3.48886796, 2.44256384, 0.86480171,\n        2.69517872],\n       [1.40994091, 7.23381246, 3.48886897, 2.44256251, 0.8648031 ,\n        2.69517965],\n       [1.4099432 , 7.23381291, 3.48886691, 2.44256256, 0.8648002 ,\n        2.69517844],\n       [1.40994435, 7.23381111, 3.48886823, 2.44256333, 0.86480424,\n        2.69517957],\n       [1.40994476, 7.23381121, 3.48886826, 2.44256411, 0.86479991,\n        2.69517648],\n       [1.40994359, 7.2338142 , 3.48886791, 2.44256249, 0.86480367,\n        2.69518021]]), array([0.25564544, 0.25564544, 0.25564544, 0.25564544, 0.25564544,\n       0.25564544, 0.25564544]))", "callback": [0.9640482120167946, 0.8123508638661916, 0.7176130430148273, 0.7046403143476905, 0.6704801662664849, 0.6081324630200975, 0.5670798886404185, 0.5495565017967448, 0.49555858163714017, 0.44302435098463433, 0.3722814365887822, 0.36719118602736533, 0.36246676023910085, 0.3465006127714586, 0.30845014183272335, 0.2980081198251662, 0.2967223314685632, 0.29617714039776966, 0.2960323494778987, 0.295997016389856, 0.2959925400832554, 0.29598999976670193, 0.29598130522213306, 0.2959669994350007, 0.2959397518438871, 0.2959115088969706, 0.295806326260333, 0.2956501641199346, 0.2952955814643865, 0.29321451295738266, 0.28804497385949723, 0.2801763670125722, 0.26847362215002135, 0.2652482233348392, 0.2606856467392431, 0.25822856384242043, 0.2569501522521136, 0.2559326071976714, 0.2556918632250438, 0.25565403762829864, 0.2556464532005994, 0.25564558950591876, 0.2556455226077229, 0.25564544524762156, 0.2556454430386581, 0.25564544076089846, 0.255645440173879, 0.25564543995373235, 0.2556454399214836, 0.2556454399129263]}, "6": {"maxiter": 500, "fatol": 1e-10, "xatol": 1e-05, "duration": 0.26666808128356934, "fun": "0.2556454399139171", "nit": "489", "nfev": "768", "status": "0", "success": "True", "message": "Optimization terminated successfully.", "x": "[1.40994504 7.23381383 3.48886732 2.4425645  0.86480225 2.69518074]", "final_simplex": "(array([[1.40994504, 7.23381383, 3.48886732, 2.4425645 , 0.86480225,\n        2.69518074],\n       [1.40993944, 7.23381564, 3.4888717 , 2.4425654 , 0.86480732,\n        2.69518493],\n       [1.40994591, 7.23381434, 3.48886667, 2.442561  , 0.86480416,\n        2.69517903],\n       [1.40994568, 7.23381474, 3.48886857, 2.44256738, 0.86479795,\n        2.69517618],\n       [1.40994191, 7.23380715, 3.48887454, 2.44256296, 0.86480436,\n        2.69518393],\n       [1.40993795, 7.2338179 , 3.4888673 , 2.44256244, 0.86479876,\n        2.69518139],\n       [1.40993706, 7.23381499, 3.48886505, 2.44256588, 0.86479774,\n        2.69517294]]), array([0.25564544, 0.25564544, 0.25564544, 0.25564544, 0.25564544,\n       0.25564544, 0.25564544]))", "callback": [0.9640482120167946, 0.8123508638661916, 0.7176130430148273, 0.7046403143476905, 0.6704801662664849, 0.6081324630200975, 0.5670798886404185, 0.5495565017967448, 0.49555858163714017, 0.44302435098463433, 0.3722814365887822, 0.36719118602736533, 0.36246676023910085, 0.3465006127714586, 0.30845014183272335, 0.2980081198251662, 0.2967223314685632, 0.29617714039776966, 0.2960323494778987, 0.295997016389856, 0.2959925400832554, 0.29598999976670193, 0.29598130522213306, 0.2959669994350007, 0.2959397518438871, 0.2959115088969706, 0.295806326260333, 0.2956501641199346, 0.2952955814643865, 0.29321451295738266, 0.28804497385949723, 0.2801763670125722, 0.26847362215002135, 0.2652482233348392, 0.2606856467392431, 0.25822856384242043, 0.2569501522521136, 0.2559326071976714, 0.2556918632250438, 0.25565403762829864, 0.2556464532005994, 0.25564558950591876, 0.2556455226077229, 0.25564544524762156, 0.2556454430386581, 0.25564544076089846, 0.255645440173879, 0.25564543995373235, 0.2556454399214836]}, "7": {"maxiter": 500, "fatol": 1e-10, "xatol": 1e-10, "duration": 0.24705791473388672, "fun": "0.25564543991149047", "nit": "500", "nfev": "788", "status": "2", "success": "False", "message": "Maximum number of iterations has been exceeded.", "x": "[1.40994266 7.23381176 3.48886973 2.44256342 0.86480268 2.69518035]", "final_simplex": "(array([[1.40994266, 7.23381176, 3.48886973, 2.44256342, 0.86480268,\n        2.69518035],\n       [1.40994116, 7.23381352, 3.48886796, 2.44256384, 0.86480171,\n        2.69517872],\n       [1.40994091, 7.23381246, 3.48886897, 2.44256251, 0.8648031 ,\n        2.69517965],\n       [1.4099432 , 7.23381291, 3.48886691, 2.44256256, 0.8648002 ,\n        2.69517844],\n       [1.40994435, 7.23381111, 3.48886823, 2.44256333, 0.86480424,\n        2.69517957],\n       [1.40994476, 7.23381121, 3.48886826, 2.44256411, 0.86479991,\n        2.69517648],\n       [1.40994359, 7.2338142 , 3.48886791, 2.44256249, 0.86480367,\n        2.69518021]]), array([0.25564544, 0.25564544, 0.25564544, 0.25564544, 0.25564544,\n       0.25564544, 0.25564544]))", "callback": [0.9640482120167946, 0.8123508638661916, 0.7176130430148273, 0.7046403143476905, 0.6704801662664849, 0.6081324630200975, 0.5670798886404185, 0.5495565017967448, 0.49555858163714017, 0.44302435098463433, 0.3722814365887822, 0.36719118602736533, 0.36246676023910085, 0.3465006127714586, 0.30845014183272335, 0.2980081198251662, 0.2967223314685632, 0.29617714039776966, 0.2960323494778987, 0.295997016389856, 0.2959925400832554, 0.29598999976670193, 0.29598130522213306, 0.2959669994350007, 0.2959397518438871, 0.2959115088969706, 0.295806326260333, 0.2956501641199346, 0.2952955814643865, 0.29321451295738266, 0.28804497385949723, 0.2801763670125722, 0.26847362215002135, 0.2652482233348392, 0.2606856467392431, 0.25822856384242043, 0.2569501522521136, 0.2559326071976714, 0.2556918632250438, 0.25565403762829864, 0.2556464532005994, 0.25564558950591876, 0.2556455226077229, 0.25564544524762156, 0.2556454430386581, 0.25564544076089846, 0.255645440173879, 0.25564543995373235, 0.2556454399214836, 0.2556454399129263]}, "8": {"maxiter": 1000, "fatol": 1e-05, "xatol": 1e-05, "duration": 0.2683560848236084, "fun": "0.2556454399139171", "nit": "489", "nfev": "768", "status": "0", "success": "True", "message": "Optimization terminated successfully.", "x": "[1.40994504 7.23381383 3.48886732 2.4425645  0.86480225 2.69518074]", "final_simplex": "(array([[1.40994504, 7.23381383, 3.48886732, 2.4425645 , 0.86480225,\n        2.69518074],\n       [1.40993944, 7.23381564, 3.4888717 , 2.4425654 , 0.86480732,\n        2.69518493],\n       [1.40994591, 7.23381434, 3.48886667, 2.442561  , 0.86480416,\n        2.69517903],\n       [1.40994568, 7.23381474, 3.48886857, 2.44256738, 0.86479795,\n        2.69517618],\n       [1.40994191, 7.23380715, 3.48887454, 2.44256296, 0.86480436,\n        2.69518393],\n       [1.40993795, 7.2338179 , 3.4888673 , 2.44256244, 0.86479876,\n        2.69518139],\n       [1.40993706, 7.23381499, 3.48886505, 2.44256588, 0.86479774,\n        2.69517294]]), array([0.25564544, 0.25564544, 0.25564544, 0.25564544, 0.25564544,\n       0.25564544, 0.25564544]))", "callback": [0.9640482120167946, 0.8123508638661916, 0.7176130430148273, 0.7046403143476905, 0.6704801662664849, 0.6081324630200975, 0.5670798886404185, 0.5495565017967448, 0.49555858163714017, 0.44302435098463433, 0.3722814365887822, 0.36719118602736533, 0.36246676023910085, 0.3465006127714586, 0.30845014183272335, 0.2980081198251662, 0.2967223314685632, 0.29617714039776966, 0.2960323494778987, 0.295997016389856, 0.2959925400832554, 0.29598999976670193, 0.29598130522213306, 0.2959669994350007, 0.2959397518438871, 0.2959115088969706, 0.295806326260333, 0.2956501641199346, 0.2952955814643865, 0.29321451295738266, 0.28804497385949723, 0.2801763670125722, 0.26847362215002135, 0.2652482233348392, 0.2606856467392431, 0.25822856384242043, 0.2569501522521136, 0.2559326071976714, 0.2556918632250438, 0.25565403762829864, 0.2556464532005994, 0.25564558950591876, 0.2556455226077229, 0.25564544524762156, 0.2556454430386581, 0.25564544076089846, 0.255645440173879, 0.25564543995373235, 0.2556454399214836]}, "9": {"maxiter": 1000, "fatol": 1e-05, "xatol": 1e-10, "duration": 0.3181271553039551, "fun": "0.25564543991099953", "nit": "595", "nfev": "998", "status": "0", "success": "True", "message": "Optimization terminated successfully.", "x": "[1.40994196 7.23381197 3.48886825 2.44256405 0.86480228 2.69517966]", "final_simplex": "(array([[1.40994196, 7.23381197, 3.48886825, 2.44256405, 0.86480228,\n        2.69517966],\n       [1.40994196, 7.23381197, 3.48886825, 2.44256405, 0.86480228,\n        2.69517966],\n       [1.40994196, 7.23381197, 3.48886825, 2.44256405, 0.86480228,\n        2.69517966],\n       [1.40994196, 7.23381197, 3.48886825, 2.44256405, 0.86480228,\n        2.69517966],\n       [1.40994196, 7.23381197, 3.48886825, 2.44256405, 0.86480228,\n        2.69517966],\n       [1.40994196, 7.23381197, 3.48886825, 2.44256405, 0.86480228,\n        2.69517966],\n       [1.40994196, 7.23381197, 3.48886825, 2.44256405, 0.86480228,\n        2.69517966]]), array([0.25564544, 0.25564544, 0.25564544, 0.25564544, 0.25564544,\n       0.25564544, 0.25564544]))", "callback": [0.9640482120167946, 0.8123508638661916, 0.7176130430148273, 0.7046403143476905, 0.6704801662664849, 0.6081324630200975, 0.5670798886404185, 0.5495565017967448, 0.49555858163714017, 0.44302435098463433, 0.3722814365887822, 0.36719118602736533, 0.36246676023910085, 0.3465006127714586, 0.30845014183272335, 0.2980081198251662, 0.2967223314685632, 0.29617714039776966, 0.2960323494778987, 0.295997016389856, 0.2959925400832554, 0.29598999976670193, 0.29598130522213306, 0.2959669994350007, 0.2959397518438871, 0.2959115088969706, 0.295806326260333, 0.2956501641199346, 0.2952955814643865, 0.29321451295738266, 0.28804497385949723, 0.2801763670125722, 0.26847362215002135, 0.2652482233348392, 0.2606856467392431, 0.25822856384242043, 0.2569501522521136, 0.2559326071976714, 0.2556918632250438, 0.25565403762829864, 0.2556464532005994, 0.25564558950591876, 0.2556455226077229, 0.25564544524762156, 0.2556454430386581, 0.25564544076089846, 0.255645440173879, 0.25564543995373235, 0.2556454399214836, 0.2556454399129263, 0.25564543991149047, 0.2556454399111501, 0.25564543991104516, 0.25564543991100763, 0.25564543991100486, 0.2556454399110003, 0.25564543991099964, 0.25564543991099964, 0.25564543991099953, 0.25564543991099953]}, "10": {"maxiter": 1000, "fatol": 1e-10, "xatol": 1e-05, "duration": 0.2529418468475342, "fun": "0.2556454399139171", "nit": "489", "nfev": "768", "status": "0", "success": "True", "message": "Optimization terminated successfully.", "x": "[1.40994504 7.23381383 3.48886732 2.4425645  0.86480225 2.69518074]", "final_simplex": "(array([[1.40994504, 7.23381383, 3.48886732, 2.4425645 , 0.86480225,\n        2.69518074],\n       [1.40993944, 7.23381564, 3.4888717 , 2.4425654 , 0.86480732,\n        2.69518493],\n       [1.40994591, 7.23381434, 3.48886667, 2.442561  , 0.86480416,\n        2.69517903],\n       [1.40994568, 7.23381474, 3.48886857, 2.44256738, 0.86479795,\n        2.69517618],\n       [1.40994191, 7.23380715, 3.48887454, 2.44256296, 0.86480436,\n        2.69518393],\n       [1.40993795, 7.2338179 , 3.4888673 , 2.44256244, 0.86479876,\n        2.69518139],\n       [1.40993706, 7.23381499, 3.48886505, 2.44256588, 0.86479774,\n        2.69517294]]), array([0.25564544, 0.25564544, 0.25564544, 0.25564544, 0.25564544,\n       0.25564544, 0.25564544]))", "callback": [0.9640482120167946, 0.8123508638661916, 0.7176130430148273, 0.7046403143476905, 0.6704801662664849, 0.6081324630200975, 0.5670798886404185, 0.5495565017967448, 0.49555858163714017, 0.44302435098463433, 0.3722814365887822, 0.36719118602736533, 0.36246676023910085, 0.3465006127714586, 0.30845014183272335, 0.2980081198251662, 0.2967223314685632, 0.29617714039776966, 0.2960323494778987, 0.295997016389856, 0.2959925400832554, 0.29598999976670193, 0.29598130522213306, 0.2959669994350007, 0.2959397518438871, 0.2959115088969706, 0.295806326260333, 0.2956501641199346, 0.2952955814643865, 0.29321451295738266, 0.28804497385949723, 0.2801763670125722, 0.26847362215002135, 0.2652482233348392, 0.2606856467392431, 0.25822856384242043, 0.2569501522521136, 0.2559326071976714, 0.2556918632250438, 0.25565403762829864, 0.2556464532005994, 0.25564558950591876, 0.2556455226077229, 0.25564544524762156, 0.2556454430386581, 0.25564544076089846, 0.255645440173879, 0.25564543995373235, 0.2556454399214836]}, "11": {"maxiter": 1000, "fatol": 1e-10, "xatol": 1e-10, "duration": 0.29729700088500977, "fun": "0.25564543991099953", "nit": "595", "nfev": "998", "status": "0", "success": "True", "message": "Optimization terminated successfully.", "x": "[1.40994196 7.23381197 3.48886825 2.44256405 0.86480228 2.69517966]", "final_simplex": "(array([[1.40994196, 7.23381197, 3.48886825, 2.44256405, 0.86480228,\n        2.69517966],\n       [1.40994196, 7.23381197, 3.48886825, 2.44256405, 0.86480228,\n        2.69517966],\n       [1.40994196, 7.23381197, 3.48886825, 2.44256405, 0.86480228,\n        2.69517966],\n       [1.40994196, 7.23381197, 3.48886825, 2.44256405, 0.86480228,\n        2.69517966],\n       [1.40994196, 7.23381197, 3.48886825, 2.44256405, 0.86480228,\n        2.69517966],\n       [1.40994196, 7.23381197, 3.48886825, 2.44256405, 0.86480228,\n        2.69517966],\n       [1.40994196, 7.23381197, 3.48886825, 2.44256405, 0.86480228,\n        2.69517966]]), array([0.25564544, 0.25564544, 0.25564544, 0.25564544, 0.25564544,\n       0.25564544, 0.25564544]))", "callback": [0.9640482120167946, 0.8123508638661916, 0.7176130430148273, 0.7046403143476905, 0.6704801662664849, 0.6081324630200975, 0.5670798886404185, 0.5495565017967448, 0.49555858163714017, 0.44302435098463433, 0.3722814365887822, 0.36719118602736533, 0.36246676023910085, 0.3465006127714586, 0.30845014183272335, 0.2980081198251662, 0.2967223314685632, 0.29617714039776966, 0.2960323494778987, 0.295997016389856, 0.2959925400832554, 0.29598999976670193, 0.29598130522213306, 0.2959669994350007, 0.2959397518438871, 0.2959115088969706, 0.295806326260333, 0.2956501641199346, 0.2952955814643865, 0.29321451295738266, 0.28804497385949723, 0.2801763670125722, 0.26847362215002135, 0.2652482233348392, 0.2606856467392431, 0.25822856384242043, 0.2569501522521136, 0.2559326071976714, 0.2556918632250438, 0.25565403762829864, 0.2556464532005994, 0.25564558950591876, 0.2556455226077229, 0.25564544524762156, 0.2556454430386581, 0.25564544076089846, 0.255645440173879, 0.25564543995373235, 0.2556454399214836, 0.2556454399129263, 0.25564543991149047, 0.2556454399111501, 0.25564543991104516, 0.25564543991100763, 0.25564543991100486, 0.2556454399110003, 0.25564543991099964, 0.25564543991099964, 0.25564543991099953, 0.25564543991099953]}}, "bfgs": {"type": "gradient", "0": {"maxiter": 100, "gtol": 1e-05, "xrtol": 1e-05, "eps": 1e-05, "duration": 0.07811903953552246, "fun": "0.2556454402542845", "jac": "[-5.40372191e-06 -7.20423721e-08  6.99951208e-07  4.15253387e-06\n -1.59664504e-06 -1.28480560e-06]", "hess_inv": "[[ 3.20032925 -0.02678899  0.49571926  0.40588133  0.49464994  1.00968835]\n [-0.02678899  3.16003794 -0.30390216 -0.5799799   0.04508145  0.86216289]\n [ 0.49571926 -0.30390216  3.67533035 -0.05457185  2.46487148  2.28215545]\n [ 0.40588133 -0.5799799  -0.05457185  3.20117817  0.02275995 -0.29863259]\n [ 0.49464994  0.04508145  2.46487148  0.02275995  7.57711451  6.37367787]\n [ 1.00968835  0.86216289  2.28215545 -0.29863259  6.37367787  8.92828589]]", "nfev": "210", "njev": "30", "status": "0", "success": "True", "message": "Optimization terminated successfully.", "x": "[4.87321472 4.09220864 0.34724993 2.44256802 0.8647398  2.69511018]", "nit": "22", "callback": [0.7201273710413469, 0.7151550603522085, 0.6734659214775345, 0.6363180655711165, 0.5412985358864251, 0.402290036502971, 0.3691278145208794, 0.3127586663110393, 0.27155527857034445, 0.26930643772645935, 0.2654083849683231, 0.2605766698731802, 0.25955445196949356, 0.2582973247150592, 0.25721542079331594, 0.25642207490822266, 0.25585035966584135, 0.25567672460514446, 0.25564822989976477, 0.25564555576859305, 0.25564544606334894, 0.2556454402542845]}, "1": {"maxiter": 100, "gtol": 1e-05, "xrtol": 1e-05, "eps": 1e-10, "duration": 0.06258487701416016, "fun": "0.2556454405807945", "jac": "[-4.44089173e-06  2.22044587e-06 -3.33066880e-06  0.00000000e+00\n -4.44089173e-06 -6.66133760e-06]", "hess_inv": "[[ 3.08410581  0.04771172  0.38226078  0.32894176  0.96540341  1.56101893]\n [ 0.04771172  3.15199215 -0.16277371 -0.06974005  0.17356287  0.60490495]\n [ 0.38226078 -0.16277371  3.64576833  0.04335171  2.91457538  2.90408079]\n [ 0.32894176 -0.06974005  0.04335171  2.78512255  0.17724349  0.09764737]\n [ 0.96540341  0.17356287  2.91457538  0.17724349  9.29712807  8.17475914]\n [ 1.56101893  0.60490495  2.90408079  0.09764737  8.17475914 10.47094012]]", "nfev": "203", "njev": "29", "status": "0", "success": "True", "message": "Optimization terminated successfully.", "x": "[4.87321989 4.09221303 0.3472321  2.44256588 0.86470397 2.69507079]", "nit": "20", "callback": [0.7201258576061023, 0.7151530222457032, 0.6734619306118576, 0.6363338013954617, 0.5414768107198489, 0.40237215168567164, 0.3699547973436611, 0.3145786130789352, 0.2704699403549091, 0.2635102552735047, 0.26136726755029416, 0.26008723894522956, 0.2582891319818573, 0.25745491539442267, 0.2566939954590801, 0.2557840132776338, 0.2556538615442022, 0.2556456283174662, 0.25564544182255466, 0.2556454405807945]}, "2": {"maxiter": 100, "gtol": 1e-05, "xrtol": 1e-10, "eps": 1e-05, "duration": 0.06238102912902832, "fun": "0.2556454402542845", "jac": "[-5.40372191e-06 -7.20423721e-08  6.99951208e-07  4.15253387e-06\n -1.59664504e-06 -1.28480560e-06]", "hess_inv": "[[ 3.20032925 -0.02678899  0.49571926  0.40588133  0.49464994  1.00968835]\n [-0.02678899  3.16003794 -0.30390216 -0.5799799   0.04508145  0.86216289]\n [ 0.49571926 -0.30390216  3.67533035 -0.05457185  2.46487148  2.28215545]\n [ 0.40588133 -0.5799799  -0.05457185  3.20117817  0.02275995 -0.29863259]\n [ 0.49464994  0.04508145  2.46487148  0.02275995  7.57711451  6.37367787]\n [ 1.00968835  0.86216289  2.28215545 -0.29863259  6.37367787  8.92828589]]", "nfev": "210", "njev": "30", "status": "0", "success": "True", "message": "Optimization terminated successfully.", "x": "[4.87321472 4.09220864 0.34724993 2.44256802 0.8647398  2.69511018]", "nit": "22", "callback": [0.7201273710413469, 0.7151550603522085, 0.6734659214775345, 0.6363180655711165, 0.5412985358864251, 0.402290036502971, 0.3691278145208794, 0.3127586663110393, 0.27155527857034445, 0.26930643772645935, 0.2654083849683231, 0.2605766698731802, 0.25955445196949356, 0.2582973247150592, 0.25721542079331594, 0.25642207490822266, 0.25585035966584135, 0.25567672460514446, 0.25564822989976477, 0.25564555576859305, 0.25564544606334894, 0.2556454402542845]}, "3": {"maxiter": 100, "gtol": 1e-05, "xrtol": 1e-10, "eps": 1e-10, "duration": 0.06228995323181152, "fun": "0.2556454405807945", "jac": "[-4.44089173e-06  2.22044587e-06 -3.33066880e-06  0.00000000e+00\n -4.44089173e-06 -6.66133760e-06]", "hess_inv": "[[ 3.08410581  0.04771172  0.38226078  0.32894176  0.96540341  1.56101893]\n [ 0.04771172  3.15199215 -0.16277371 -0.06974005  0.17356287  0.60490495]\n [ 0.38226078 -0.16277371  3.64576833  0.04335171  2.91457538  2.90408079]\n [ 0.32894176 -0.06974005  0.04335171  2.78512255  0.17724349  0.09764737]\n [ 0.96540341  0.17356287  2.91457538  0.17724349  9.29712807  8.17475914]\n [ 1.56101893  0.60490495  2.90408079  0.09764737  8.17475914 10.47094012]]", "nfev": "203", "njev": "29", "status": "0", "success": "True", "message": "Optimization terminated successfully.", "x": "[4.87321989 4.09221303 0.3472321  2.44256588 0.86470397 2.69507079]", "nit": "20", "callback": [0.7201258576061023, 0.7151530222457032, 0.6734619306118576, 0.6363338013954617, 0.5414768107198489, 0.40237215168567164, 0.3699547973436611, 0.3145786130789352, 0.2704699403549091, 0.2635102552735047, 0.26136726755029416, 0.26008723894522956, 0.2582891319818573, 0.25745491539442267, 0.2566939954590801, 0.2557840132776338, 0.2556538615442022, 0.2556456283174662, 0.25564544182255466, 0.2556454405807945]}, "4": {"maxiter": 100, "gtol": 1e-10, "xrtol": 1e-05, "eps": 1e-05, "duration": 0.06751108169555664, "fun": "0.25564544002956946", "jac": "[-4.93172170e-07  1.36868294e-07 -2.96784819e-07 -3.70803388e-07\n -2.40196751e-07  1.63946634e-07]", "hess_inv": "[[ 2.96790813e+00  5.73509524e-03  4.44502464e-01  5.41065559e-01\n   5.87862921e-01  9.26497416e-01]\n [ 5.73509524e-03  3.19946703e+00 -2.73347481e-01 -6.08384342e-01\n   2.27860583e-01  1.01735851e+00]\n [ 4.44502464e-01 -2.73347481e-01  3.67648102e+00 -2.98274691e-02\n   2.58954558e+00  2.34016167e+00]\n [ 5.41065559e-01 -6.08384342e-01 -2.98274691e-02  3.12459687e+00\n  -7.36982429e-02 -2.81212870e-01]\n [ 5.87862921e-01  2.27860583e-01  2.58954558e+00 -7.36982429e-02\n   8.41163452e+00  7.04621795e+00]\n [ 9.26497416e-01  1.01735851e+00  2.34016167e+00 -2.81212870e-01\n   7.04621795e+00  9.36707745e+00]]", "nfev": "217", "njev": "31", "status": "0", "success": "True", "message": "Optimization terminated successfully.", "x": "[4.87323033 4.09221329 0.34725701 2.44255747 0.86476397 2.69513808]", "nit": "23", "callback": [0.7201273710413469, 0.7151550603522085, 0.6734659214775345, 0.6363180655711165, 0.5412985358864251, 0.402290036502971, 0.3691278145208794, 0.3127586663110393, 0.27155527857034445, 0.26930643772645935, 0.2654083849683231, 0.2605766698731802, 0.25955445196949356, 0.2582973247150592, 0.25721542079331594, 0.25642207490822266, 0.25585035966584135, 0.25567672460514446, 0.25564822989976477, 0.25564555576859305, 0.25564544606334894, 0.2556454402542845, 0.25564544002956946]}, "5": {"maxiter": 100, "gtol": 1e-10, "xrtol": 1e-05, "eps": 1e-10, "duration": 0.06444382667541504, "fun": "0.25564543996146494", "jac": "[2.22044587e-06 1.11022293e-06 2.22044587e-06 1.11022293e-06\n 0.00000000e+00 4.44089173e-06]", "hess_inv": "[[ 2.84101180e+00  1.26090959e-01  9.85154098e-02  2.63143489e-01\n   2.86096476e-02  7.17022800e-01]\n [ 1.26090959e-01  3.14885161e+00 -5.17676529e-04 -8.00415266e-02\n   5.39570894e-01  9.73007162e-01]\n [ 9.85154098e-02 -5.17676529e-04  3.61754092e+00 -1.72385655e-01\n   2.20843276e+00  2.31173822e+00]\n [ 2.63143489e-01 -8.00415266e-02 -1.72385655e-01  2.83118375e+00\n  -2.58369074e-01 -3.10217107e-01]\n [ 2.86096476e-02  5.39570894e-01  2.20843276e+00 -2.58369074e-01\n   6.30767097e+00  5.40444111e+00]\n [ 7.17022800e-01  9.73007162e-01  2.31173822e+00 -3.10217107e-01\n   5.40444111e+00  8.05311152e+00]]", "nfev": "217", "njev": "31", "status": "0", "success": "True", "message": "Optimization terminated successfully.", "x": "[4.87323746 4.09221547 0.34726979 2.44256344 0.86477426 2.69515716]", "nit": "22", "callback": [0.7201258576061023, 0.7151530222457032, 0.6734619306118576, 0.6363338013954617, 0.5414768107198489, 0.40237215168567164, 0.3699547973436611, 0.3145786130789352, 0.2704699403549091, 0.2635102552735047, 0.26136726755029416, 0.26008723894522956, 0.2582891319818573, 0.25745491539442267, 0.2566939954590801, 0.2557840132776338, 0.2556538615442022, 0.2556456283174662, 0.25564544182255466, 0.2556454405807945, 0.25564543996188016, 0.25564543996146494]}, "6": {"maxiter": 100, "gtol": 1e-10, "xrtol": 1e-10, "eps": 1e-05, "duration": 0.12228989601135254, "fun": "0.25564544001424705", "jac": "[ 1.14652732e-07 -5.76538817e-08  7.02549130e-08  5.37792033e-08\n  1.05782050e-07 -1.43673962e-07]", "hess_inv": "[[ 3.03888808e+00  1.82607201e-01  4.86224631e-01  4.45977996e-01\n   8.70157199e-01  1.49202345e+00]\n [ 1.82607201e-01  3.01432310e+00 -1.00961517e-01 -3.65403501e-01\n   3.18192034e-01  8.86627300e-01]\n [ 4.86224631e-01 -1.00961517e-01  3.68777989e+00 -1.53817695e-01\n   2.81821311e+00  2.82891766e+00]\n [ 4.45977996e-01 -3.65403501e-01 -1.53817695e-01  2.84144110e+00\n   6.58765262e-03  1.09347999e-01]\n [ 8.70157199e-01  3.18192034e-01  2.81821311e+00  6.58765262e-03\n   8.93055621e+00  7.77790722e+00]\n [ 1.49202345e+00  8.86627300e-01  2.82891766e+00  1.09347999e-01\n   7.77790722e+00  1.00588570e+01]]", "nfev": "375", "njev": "52", "status": "2", "success": "False", "message": "Desired error not necessarily achieved due to precision loss.", "x": "[4.87323235 4.09221246 0.34725871 2.44255893 0.86476617 2.69513949]", "nit": "24", "callback": [0.7201273710413469, 0.7151550603522085, 0.6734659214775345, 0.6363180655711165, 0.5412985358864251, 0.402290036502971, 0.3691278145208794, 0.3127586663110393, 0.27155527857034445, 0.26930643772645935, 0.2654083849683231, 0.2605766698731802, 0.25955445196949356, 0.2582973247150592, 0.25721542079331594, 0.25642207490822266, 0.25585035966584135, 0.25567672460514446, 0.25564822989976477, 0.25564555576859305, 0.25564544606334894, 0.2556454402542845, 0.25564544002956946, 0.25564544001424705]}, "7": {"maxiter": 100, "gtol": 1e-10, "xrtol": 1e-10, "eps": 1e-10, "duration": 0.17864322662353516, "fun": "0.25564543996146494", "jac": "[2.22044587e-06 1.11022293e-06 2.22044587e-06 1.11022293e-06\n 0.00000000e+00 4.44089173e-06]", "hess_inv": "[[ 3.3533827  -0.46821968 -0.70503739  1.03680229  1.24303271  0.44991458]\n [-0.46821968  3.05885864 -0.41779609 -0.44776209 -1.07552578 -0.62930369]\n [-0.70503739 -0.41779609  2.54155451 -0.4686737  -0.05360853 -0.57996692]\n [ 1.03680229 -0.44776209 -0.4686737   3.63940374  1.7156746   0.58599557]\n [ 1.24303271 -1.07552578 -0.05360853  1.7156746   9.13140622  4.26478946]\n [ 0.44991458 -0.62930369 -0.57996692  0.58599557  4.26478946  3.50091774]]", "nfev": "537", "njev": "75", "status": "2", "success": "False", "message": "Desired error not necessarily achieved due to precision loss.", "x": "[4.87323746 4.09221547 0.34726979 2.44256344 0.86477426 2.69515716]", "nit": "22", "callback": [0.7201258576061023, 0.7151530222457032, 0.6734619306118576, 0.6363338013954617, 0.5414768107198489, 0.40237215168567164, 0.3699547973436611, 0.3145786130789352, 0.2704699403549091, 0.2635102552735047, 0.26136726755029416, 0.26008723894522956, 0.2582891319818573, 0.25745491539442267, 0.2566939954590801, 0.2557840132776338, 0.2556538615442022, 0.2556456283174662, 0.25564544182255466, 0.2556454405807945, 0.25564543996188016, 0.25564543996146494]}, "8": {"maxiter": 500, "gtol": 1e-05, "xrtol": 1e-05, "eps": 1e-05, "duration": 0.07306599617004395, "fun": "0.2556454402542845", "jac": "[-5.40372191e-06 -7.20423721e-08  6.99951208e-07  4.15253387e-06\n -1.59664504e-06 -1.28480560e-06]", "hess_inv": "[[ 3.20032925 -0.02678899  0.49571926  0.40588133  0.49464994  1.00968835]\n [-0.02678899  3.16003794 -0.30390216 -0.5799799   0.04508145  0.86216289]\n [ 0.49571926 -0.30390216  3.67533035 -0.05457185  2.46487148  2.28215545]\n [ 0.40588133 -0.5799799  -0.05457185  3.20117817  0.02275995 -0.29863259]\n [ 0.49464994  0.04508145  2.46487148  0.02275995  7.57711451  6.37367787]\n [ 1.00968835  0.86216289  2.28215545 -0.29863259  6.37367787  8.92828589]]", "nfev": "210", "njev": "30", "status": "0", "success": "True", "message": "Optimization terminated successfully.", "x": "[4.87321472 4.09220864 0.34724993 2.44256802 0.8647398  2.69511018]", "nit": "22", "callback": [0.7201273710413469, 0.7151550603522085, 0.6734659214775345, 0.6363180655711165, 0.5412985358864251, 0.402290036502971, 0.3691278145208794, 0.3127586663110393, 0.27155527857034445, 0.26930643772645935, 0.2654083849683231, 0.2605766698731802, 0.25955445196949356, 0.2582973247150592, 0.25721542079331594, 0.25642207490822266, 0.25585035966584135, 0.25567672460514446, 0.25564822989976477, 0.25564555576859305, 0.25564544606334894, 0.2556454402542845]}, "9": {"maxiter": 500, "gtol": 1e-05, "xrtol": 1e-05, "eps": 1e-10, "duration": 0.05983591079711914, "fun": "0.2556454405807945", "jac": "[-4.44089173e-06  2.22044587e-06 -3.33066880e-06  0.00000000e+00\n -4.44089173e-06 -6.66133760e-06]", "hess_inv": "[[ 3.08410581  0.04771172  0.38226078  0.32894176  0.96540341  1.56101893]\n [ 0.04771172  3.15199215 -0.16277371 -0.06974005  0.17356287  0.60490495]\n [ 0.38226078 -0.16277371  3.64576833  0.04335171  2.91457538  2.90408079]\n [ 0.32894176 -0.06974005  0.04335171  2.78512255  0.17724349  0.09764737]\n [ 0.96540341  0.17356287  2.91457538  0.17724349  9.29712807  8.17475914]\n [ 1.56101893  0.60490495  2.90408079  0.09764737  8.17475914 10.47094012]]", "nfev": "203", "njev": "29", "status": "0", "success": "True", "message": "Optimization terminated successfully.", "x": "[4.87321989 4.09221303 0.3472321  2.44256588 0.86470397 2.69507079]", "nit": "20", "callback": [0.7201258576061023, 0.7151530222457032, 0.6734619306118576, 0.6363338013954617, 0.5414768107198489, 0.40237215168567164, 0.3699547973436611, 0.3145786130789352, 0.2704699403549091, 0.2635102552735047, 0.26136726755029416, 0.26008723894522956, 0.2582891319818573, 0.25745491539442267, 0.2566939954590801, 0.2557840132776338, 0.2556538615442022, 0.2556456283174662, 0.25564544182255466, 0.2556454405807945]}, "10": {"maxiter": 500, "gtol": 1e-05, "xrtol": 1e-10, "eps": 1e-05, "duration": 0.07016801834106445, "fun": "0.2556454402542845", "jac": "[-5.40372191e-06 -7.20423721e-08  6.99951208e-07  4.15253387e-06\n -1.59664504e-06 -1.28480560e-06]", "hess_inv": "[[ 3.20032925 -0.02678899  0.49571926  0.40588133  0.49464994  1.00968835]\n [-0.02678899  3.16003794 -0.30390216 -0.5799799   0.04508145  0.86216289]\n [ 0.49571926 -0.30390216  3.67533035 -0.05457185  2.46487148  2.28215545]\n [ 0.40588133 -0.5799799  -0.05457185  3.20117817  0.02275995 -0.29863259]\n [ 0.49464994  0.04508145  2.46487148  0.02275995  7.57711451  6.37367787]\n [ 1.00968835  0.86216289  2.28215545 -0.29863259  6.37367787  8.92828589]]", "nfev": "210", "njev": "30", "status": "0", "success": "True", "message": "Optimization terminated successfully.", "x": "[4.87321472 4.09220864 0.34724993 2.44256802 0.8647398  2.69511018]", "nit": "22", "callback": [0.7201273710413469, 0.7151550603522085, 0.6734659214775345, 0.6363180655711165, 0.5412985358864251, 0.402290036502971, 0.3691278145208794, 0.3127586663110393, 0.27155527857034445, 0.26930643772645935, 0.2654083849683231, 0.2605766698731802, 0.25955445196949356, 0.2582973247150592, 0.25721542079331594, 0.25642207490822266, 0.25585035966584135, 0.25567672460514446, 0.25564822989976477, 0.25564555576859305, 0.25564544606334894, 0.2556454402542845]}, "11": {"maxiter": 500, "gtol": 1e-0