{"date": "2024/10/08/, 13:56:20", "conf_id": 2, "data_type": "random\n", "num_data_points": 1, "s_rank": 0, "unitary": "[[0.18663085-0.53122324j,-0.11886349-0.70040876j,0.28555095-0.02789305j,-0.12262021-0.2844587j],[-0.16702216+0.27758472j,0.27526351-0.29738586j,-0.01109314+0.22495461j,-0.77239203+0.28900673j],[0.61935415+0.12301792j,-0.31269928-0.03315917j,-0.61902762-0.19039079j,-0.27120731-0.0968989j],[0.42341754+0.0023929j,-0.05847358+0.47832119j,0.64900495-0.16218422j,-0.37182676-0.05229966j]]", "databatch_0": {"databatch": "[[[-0.1875805+0.30741893j,-0.11333682+0.12206049j,-0.07120492-0.20203254j,-0.2769391+0.17236235j],[-0.06182243-0.2550768j,-0.00452656-0.12130828j,0.14082712+0.0673847j,0.05383348-0.23155632j],[0.17541693+0.31435694j,0.05055329+0.15864003j,-0.21085522-0.03730237j,0.01394107+0.32577055j],[-0.30092933+0.00151583j,-0.13653631-0.02703087j,0.11242157-0.13929522j,-0.24410221-0.12129706j]]]", "initial param values": "[3.93322768,2.61586361,1.09068222,6.27050057,1.40293848,4.86963507]", "nelder_mead": {"type": "gradient-free", "0": {"maxiter": 100, "fatol": 1e-05, "xatol": 1e-05, "duration": 0.05407214164733887, "fun": "0.029745919774799567", "nit": "100", "nfev": "157", "status": "2", "success": "False", "message": "Maximum number of iterations has been exceeded.", "x": "[4.95308477 1.65786589 1.70287424 5.78104179 1.16671119 2.13808556]", "final_simplex": "(array([[4.95308477, 1.65786589, 1.70287424, 5.78104179, 1.16671119,\n        2.13808556],\n       [4.92041007, 1.66759575, 1.68939207, 5.71623736, 1.17320937,\n        2.12994354],\n       [4.92227488, 1.65001905, 1.68079865, 5.74615164, 1.17343958,\n        2.13810761],\n       [4.90058301, 1.6403816 , 1.67964741, 5.72425844, 1.17187736,\n        2.12401105],\n       [4.93421544, 1.67955792, 1.6852264 , 5.81831589, 1.17709161,\n        2.09537848],\n       [4.95209473, 1.72023883, 1.69978658, 5.81774633, 1.16374397,\n        2.13694472],\n       [4.93262594, 1.62972657, 1.6867696 , 5.74059156, 1.16152863,\n        2.11776112]]), array([0.02974592, 0.02977125, 0.02981655, 0.02986474, 0.030012  ,\n       0.03004629, 0.03007482]))", "callback": [0.8505757675698802, 0.42530911654452386, 0.24676240787260162, 0.14245994373532478, 0.1108686380581112, 0.09484103738210015, 0.043281849555806495, 0.03972085827230165, 0.03220400039269267, 0.03007482081187407]}, "1": {"maxiter": 100, "fatol": 1e-05, "xatol": 1e-10, "duration": 0.05028486251831055, "fun": "0.029745919774799567", "nit": "100", "nfev": "157", "status": "2", "success": "False", "message": "Maximum number of iterations has been exceeded.", "x": "[4.95308477 1.65786589 1.70287424 5.78104179 1.16671119 2.13808556]", "final_simplex": "(array([[4.95308477, 1.65786589, 1.70287424, 5.78104179, 1.16671119,\n        2.13808556],\n       [4.92041007, 1.66759575, 1.68939207, 5.71623736, 1.17320937,\n        2.12994354],\n       [4.92227488, 1.65001905, 1.68079865, 5.74615164, 1.17343958,\n        2.13810761],\n       [4.90058301, 1.6403816 , 1.67964741, 5.72425844, 1.17187736,\n        2.12401105],\n       [4.93421544, 1.67955792, 1.6852264 , 5.81831589, 1.17709161,\n        2.09537848],\n       [4.95209473, 1.72023883, 1.69978658, 5.81774633, 1.16374397,\n        2.13694472],\n       [4.93262594, 1.62972657, 1.6867696 , 5.74059156, 1.16152863,\n        2.11776112]]), array([0.02974592, 0.02977125, 0.02981655, 0.02986474, 0.030012  ,\n       0.03004629, 0.03007482]))", "callback": [0.8505757675698802, 0.42530911654452386, 0.24676240787260162, 0.14245994373532478, 0.1108686380581112, 0.09484103738210015, 0.043281849555806495, 0.03972085827230165, 0.03220400039269267, 0.03007482081187407]}, "2": {"maxiter": 100, "fatol": 1e-10, "xatol": 1e-05, "duration": 0.05273008346557617, "fun": "0.029745919774799567", "nit": "100", "nfev": "157", "status": "2", "success": "False", "message": "Maximum number of iterations has been exceeded.", "x": "[4.95308477 1.65786589 1.70287424 5.78104179 1.16671119 2.13808556]", "final_simplex": "(array([[4.95308477, 1.65786589, 1.70287424, 5.78104179, 1.16671119,\n        2.13808556],\n       [4.92041007, 1.66759575, 1.68939207, 5.71623736, 1.17320937,\n        2.12994354],\n       [4.92227488, 1.65001905, 1.68079865, 5.74615164, 1.17343958,\n        2.13810761],\n       [4.90058301, 1.6403816 , 1.67964741, 5.72425844, 1.17187736,\n        2.12401105],\n       [4.93421544, 1.67955792, 1.6852264 , 5.81831589, 1.17709161,\n        2.09537848],\n       [4.95209473, 1.72023883, 1.69978658, 5.81774633, 1.16374397,\n        2.13694472],\n       [4.93262594, 1.62972657, 1.6867696 , 5.74059156, 1.16152863,\n        2.11776112]]), array([0.02974592, 0.02977125, 0.02981655, 0.02986474, 0.030012  ,\n       0.03004629, 0.03007482]))", "callback": [0.8505757675698802, 0.42530911654452386, 0.24676240787260162, 0.14245994373532478, 0.1108686380581112, 0.09484103738210015, 0.043281849555806495, 0.03972085827230165, 0.03220400039269267, 0.03007482081187407]}, "3": {"maxiter": 100, "fatol": 1e-10, "xatol": 1e-10, "duration": 0.053293704986572266, "fun": "0.029745919774799567", "nit": "100", "nfev": "157", "status": "2", "success": "False", "message": "Maximum number of iterations has been exceeded.", "x": "[4.95308477 1.65786589 1.70287424 5.78104179 1.16671119 2.13808556]", "final_simplex": "(array([[4.95308477, 1.65786589, 1.70287424, 5.78104179, 1.16671119,\n        2.13808556],\n       [4.92041007, 1.66759575, 1.68939207, 5.71623736, 1.17320937,\n        2.12994354],\n       [4.92227488, 1.65001905, 1.68079865, 5.74615164, 1.17343958,\n        2.13810761],\n       [4.90058301, 1.6403816 , 1.67964741, 5.72425844, 1.17187736,\n        2.12401105],\n       [4.93421544, 1.67955792, 1.6852264 , 5.81831589, 1.17709161,\n        2.09537848],\n       [4.95209473, 1.72023883, 1.69978658, 5.81774633, 1.16374397,\n        2.13694472],\n       [4.93262594, 1.62972657, 1.6867696 , 5.74059156, 1.16152863,\n        2.11776112]]), array([0.02974592, 0.02977125, 0.02981655, 0.02986474, 0.030012  ,\n       0.03004629, 0.03007482]))", "callback": [0.8505757675698802, 0.42530911654452386, 0.24676240787260162, 0.14245994373532478, 0.1108686380581112, 0.09484103738210015, 0.043281849555806495, 0.03972085827230165, 0.03220400039269267, 0.03007482081187407]}, "4": {"maxiter": 500, "fatol": 1e-05, "xatol": 1e-05, "duration": 0.1279590129852295, "fun": "0.025952760386778184", "nit": "258", "nfev": "418", "status": "0", "success": "True", "message": "Optimization terminated successfully.", "x": "[4.80385946 1.47409115 1.76641844 5.86207436 1.42894066 1.87524552]", "final_simplex": "(array([[4.80385946, 1.47409115, 1.76641844, 5.86207436, 1.42894066,\n        1.87524552],\n       [4.80385927, 1.4740952 , 1.7664212 , 5.86208032, 1.42894573,\n        1.87524071],\n       [4.80386261, 1.47409475, 1.76641972, 5.86207586, 1.42893777,\n        1.87524727],\n       [4.80385676, 1.47409344, 1.76642069, 5.86207427, 1.42894783,\n        1.87524012],\n       [4.80385646, 1.47408682, 1.76641989, 5.86207493, 1.42894892,\n        1.87523658],\n       [4.80385861, 1.47409088, 1.7664181 , 5.86207286, 1.42894113,\n        1.87524335],\n       [4.8038599 , 1.47409401, 1.76641895, 5.8620817 , 1.428946  ,\n        1.87524006]]), array([0.02595276, 0.02595276, 0.02595276, 0.02595276, 0.02595276,\n       0.02595276, 0.02595276]))", "callback": [0.8505757675698802, 0.42530911654452386, 0.24676240787260162, 0.14245994373532478, 0.1108686380581112, 0.09484103738210015, 0.043281849555806495, 0.03972085827230165, 0.03220400039269267, 0.03007482081187407, 0.029694024293083765, 0.029258213401321065, 0.028022898657684703, 0.02645258847816101, 0.026016911856052705, 0.025985507592671153, 0.025961861528214225, 0.02595413696323856, 0.025952837676939566, 0.025952786290846852, 0.02595276361083365, 0.02595276131425972, 0.02595276086264664, 0.02595276044870698, 0.025952760397797037, 0.02595276038763794]}, "5": {"maxiter": 500, "fatol": 1e-05, "xatol": 1e-10, "duration": 0.192673921585083, "fun": "0.025952760384526985", "nit": "354", "nfev": "635", "status": "0", "success": "True", "message": "Optimization terminated successfully.", "x": "[4.80385999 1.47409305 1.76642052 5.86207278 1.4289406  1.87524647]", "final_simplex": "(array([[4.80385999, 1.47409305, 1.76642052, 5.86207278, 1.4289406 ,\n        1.87524647],\n       [4.80385999, 1.47409305, 1.76642052, 5.86207278, 1.4289406 ,\n        1.87524647],\n       [4.80385999, 1.47409305, 1.76642052, 5.86207278, 1.4289406 ,\n        1.87524647],\n       [4.80385999, 1.47409305, 1.76642052, 5.86207278, 1.4289406 ,\n        1.87524647],\n       [4.80385999, 1.47409305, 1.76642052, 5.86207278, 1.4289406 ,\n        1.87524647],\n       [4.80385999, 1.47409305, 1.76642052, 5.86207278, 1.4289406 ,\n        1.87524647],\n       [4.80385999, 1.47409305, 1.76642052, 5.86207278, 1.4289406 ,\n        1.87524647]]), array([0.02595276, 0.02595276, 0.02595276, 0.02595276, 0.02595276,\n       0.02595276, 0.02595276]))", "callback": [0.8505757675698802, 0.42530911654452386, 0.24676240787260162, 0.14245994373532478, 0.1108686380581112, 0.09484103738210015, 0.043281849555806495, 0.03972085827230165, 0.03220400039269267, 0.03007482081187407, 0.029694024293083765, 0.029258213401321065, 0.028022898657684703, 0.02645258847816101, 0.026016911856052705, 0.025985507592671153, 0.025961861528214225, 0.02595413696323856, 0.025952837676939566, 0.025952786290846852, 0.02595276361083365, 0.02595276131425972, 0.02595276086264664, 0.02595276044870698, 0.025952760397797037, 0.02595276038763794, 0.02595276038537042, 0.025952760384738482, 0.025952760384574614, 0.025952760384534646, 0.025952760384529316, 0.025952760384527762, 0.025952760384527207, 0.025952760384527096, 0.025952760384527096, 0.025952760384526985]}, "6": {"maxiter": 500, "fatol": 1e-10, "xatol": 1e-05, "duration": 0.12387299537658691, "fun": "0.025952760386778184", "nit": "258", "nfev": "418", "status": "0", "success": "True", "message": "Optimization terminated successfully.", "x": "[4.80385946 1.47409115 1.76641844 5.86207436 1.42894066 1.87524552]", "final_simplex": "(array([[4.80385946, 1.47409115, 1.76641844, 5.86207436, 1.42894066,\n        1.87524552],\n       [4.80385927, 1.4740952 , 1.7664212 , 5.86208032, 1.42894573,\n        1.87524071],\n       [4.80386261, 1.47409475, 1.76641972, 5.86207586, 1.42893777,\n        1.87524727],\n       [4.80385676, 1.47409344, 1.76642069, 5.86207427, 1.42894783,\n        1.87524012],\n       [4.80385646, 1.47408682, 1.76641989, 5.86207493, 1.42894892,\n        1.87523658],\n       [4.80385861, 1.47409088, 1.7664181 , 5.86207286, 1.42894113,\n        1.87524335],\n       [4.8038599 , 1.47409401, 1.76641895, 5.8620817 , 1.428946  ,\n        1.87524006]]), array([0.02595276, 0.02595276, 0.02595276, 0.02595276, 0.02595276,\n       0.02595276, 0.02595276]))", "callback": [0.8505757675698802, 0.42530911654452386, 0.24676240787260162, 0.14245994373532478, 0.1108686380581112, 0.09484103738210015, 0.043281849555806495, 0.03972085827230165, 0.03220400039269267, 0.03007482081187407, 0.029694024293083765, 0.029258213401321065, 0.028022898657684703, 0.02645258847816101, 0.026016911856052705, 0.025985507592671153, 0.025961861528214225, 0.02595413696323856, 0.025952837676939566, 0.025952786290846852, 0.02595276361083365, 0.02595276131425972, 0.02595276086264664, 0.02595276044870698, 0.025952760397797037, 0.02595276038763794]}, "7": {"maxiter": 500, "fatol": 1e-10, "xatol": 1e-10, "duration": 0.17925715446472168, "fun": "0.025952760384526985", "nit": "354", "nfev": "635", "status": "0", "success": "True", "message": "Optimization terminated successfully.", "x": "[4.80385999 1.47409305 1.76642052 5.86207278 1.4289406  1.87524647]", "final_simplex": "(array([[4.80385999, 1.47409305, 1.76642052, 5.86207278, 1.4289406 ,\n        1.87524647],\n       [4.80385999, 1.47409305, 1.76642052, 5.86207278, 1.4289406 ,\n        1.87524647],\n       [4.80385999, 1.47409305, 1.76642052, 5.86207278, 1.4289406 ,\n        1.87524647],\n       [4.80385999, 1.47409305, 1.76642052, 5.86207278, 1.4289406 ,\n        1.87524647],\n       [4.80385999, 1.47409305, 1.76642052, 5.86207278, 1.4289406 ,\n        1.87524647],\n       [4.80385999, 1.47409305, 1.76642052, 5.86207278, 1.4289406 ,\n        1.87524647],\n       [4.80385999, 1.47409305, 1.76642052, 5.86207278, 1.4289406 ,\n        1.87524647]]), array([0.02595276, 0.02595276, 0.02595276, 0.02595276, 0.02595276,\n       0.02595276, 0.02595276]))", "callback": [0.8505757675698802, 0.42530911654452386, 0.24676240787260162, 0.14245994373532478, 0.1108686380581112, 0.09484103738210015, 0.043281849555806495, 0.03972085827230165, 0.03220400039269267, 0.03007482081187407, 0.029694024293083765, 0.029258213401321065, 0.028022898657684703, 0.02645258847816101, 0.026016911856052705, 0.025985507592671153, 0.025961861528214225, 0.02595413696323856, 0.025952837676939566, 0.025952786290846852, 0.02595276361083365, 0.02595276131425972, 0.02595276086264664, 0.02595276044870698, 0.025952760397797037, 0.02595276038763794, 0.02595276038537042, 0.025952760384738482, 0.025952760384574614, 0.025952760384534646, 0.025952760384529316, 0.025952760384527762, 0.025952760384527207, 0.025952760384527096, 0.025952760384527096, 0.025952760384526985]}, "8": {"maxiter": 1000, "fatol": 1e-05, "xatol": 1e-05, "duration": 0.12659788131713867, "fun": "0.025952760386778184", "nit": "258", "nfev": "418", "status": "0", "success": "True", "message": "Optimization terminated successfully.", "x": "[4.80385946 1.47409115 1.76641844 5.86207436 1.42894066 1.87524552]", "final_simplex": "(array([[4.80385946, 1.47409115, 1.76641844, 5.86207436, 1.42894066,\n        1.87524552],\n       [4.80385927, 1.4740952 , 1.7664212 , 5.86208032, 1.42894573,\n        1.87524071],\n       [4.80386261, 1.47409475, 1.76641972, 5.86207586, 1.42893777,\n        1.87524727],\n       [4.80385676, 1.47409344, 1.76642069, 5.86207427, 1.42894783,\n        1.87524012],\n       [4.80385646, 1.47408682, 1.76641989, 5.86207493, 1.42894892,\n        1.87523658],\n       [4.80385861, 1.47409088, 1.7664181 , 5.86207286, 1.42894113,\n        1.87524335],\n       [4.8038599 , 1.47409401, 1.76641895, 5.8620817 , 1.428946  ,\n        1.87524006]]), array([0.02595276, 0.02595276, 0.02595276, 0.02595276, 0.02595276,\n       0.02595276, 0.02595276]))", "callback": [0.8505757675698802, 0.42530911654452386, 0.24676240787260162, 0.14245994373532478, 0.1108686380581112, 0.09484103738210015, 0.043281849555806495, 0.03972085827230165, 0.03220400039269267, 0.03007482081187407, 0.029694024293083765, 0.029258213401321065, 0.028022898657684703, 0.02645258847816101, 0.026016911856052705, 0.025985507592671153, 0.025961861528214225, 0.02595413696323856, 0.025952837676939566, 0.025952786290846852, 0.02595276361083365, 0.02595276131425972, 0.02595276086264664, 0.02595276044870698, 0.025952760397797037, 0.02595276038763794]}, "9": {"maxiter": 1000, "fatol": 1e-05, "xatol": 1e-10, "duration": 0.18430399894714355, "fun": "0.025952760384526985", "nit": "354", "nfev": "635", "status": "0", "success": "True", "message": "Optimization terminated successfully.", "x": "[4.80385999 1.47409305 1.76642052 5.86207278 1.4289406  1.87524647]", "final_simplex": "(array([[4.80385999, 1.47409305, 1.76642052, 5.86207278, 1.4289406 ,\n        1.87524647],\n       [4.80385999, 1.47409305, 1.76642052, 5.86207278, 1.4289406 ,\n        1.87524647],\n       [4.80385999, 1.47409305, 1.76642052, 5.86207278, 1.4289406 ,\n        1.87524647],\n       [4.80385999, 1.47409305, 1.76642052, 5.86207278, 1.4289406 ,\n        1.87524647],\n       [4.80385999, 1.47409305, 1.76642052, 5.86207278, 1.4289406 ,\n        1.87524647],\n       [4.80385999, 1.47409305, 1.76642052, 5.86207278, 1.4289406 ,\n        1.87524647],\n       [4.80385999, 1.47409305, 1.76642052, 5.86207278, 1.4289406 ,\n        1.87524647]]), array([0.02595276, 0.02595276, 0.02595276, 0.02595276, 0.02595276,\n       0.02595276, 0.02595276]))", "callback": [0.8505757675698802, 0.42530911654452386, 0.24676240787260162, 0.14245994373532478, 0.1108686380581112, 0.09484103738210015, 0.043281849555806495, 0.03972085827230165, 0.03220400039269267, 0.03007482081187407, 0.029694024293083765, 0.029258213401321065, 0.028022898657684703, 0.02645258847816101, 0.026016911856052705, 0.025985507592671153, 0.025961861528214225, 0.02595413696323856, 0.025952837676939566, 0.025952786290846852, 0.02595276361083365, 0.02595276131425972, 0.02595276086264664, 0.02595276044870698, 0.025952760397797037, 0.02595276038763794, 0.02595276038537042, 0.025952760384738482, 0.025952760384574614, 0.025952760384534646, 0.025952760384529316, 0.025952760384527762, 0.025952760384527207, 0.025952760384527096, 0.025952760384527096, 0.025952760384526985]}, "10": {"maxiter": 1000, "fatol": 1e-10, "xatol": 1e-05, "duration": 0.11975288391113281, "fun": "0.025952760386778184", "nit": "258", "nfev": "418", "status": "0", "success": "True", "message": "Optimization terminated successfully.", "x": "[4.80385946 1.47409115 1.76641844 5.86207436 1.42894066 1.87524552]", "final_simplex": "(array([[4.80385946, 1.47409115, 1.76641844, 5.86207436, 1.42894066,\n        1.87524552],\n       [4.80385927, 1.4740952 , 1.7664212 , 5.86208032, 1.42894573,\n        1.87524071],\n       [4.80386261, 1.47409475, 1.76641972, 5.86207586, 1.42893777,\n        1.87524727],\n       [4.80385676, 1.47409344, 1.76642069, 5.86207427, 1.42894783,\n        1.87524012],\n       [4.80385646, 1.47408682, 1.76641989, 5.86207493, 1.42894892,\n        1.87523658],\n       [4.80385861, 1.47409088, 1.7664181 , 5.86207286, 1.42894113,\n        1.87524335],\n       [4.8038599 , 1.47409401, 1.76641895, 5.8620817 , 1.428946  ,\n        1.87524006]]), array([0.02595276, 0.02595276, 0.02595276, 0.02595276, 0.02595276,\n       0.02595276, 0.02595276]))", "callback": [0.8505757675698802, 0.42530911654452386, 0.24676240787260162, 0.14245994373532478, 0.1108686380581112, 0.09484103738210015, 0.043281849555806495, 0.03972085827230165, 0.03220400039269267, 0.03007482081187407, 0.029694024293083765, 0.029258213401321065, 0.028022898657684703, 0.02645258847816101, 0.026016911856052705, 0.025985507592671153, 0.025961861528214225, 0.02595413696323856, 0.025952837676939566, 0.025952786290846852, 0.02595276361083365, 0.02595276131425972, 0.02595276086264664, 0.02595276044870698, 0.025952760397797037, 0.02595276038763794]}, "11": {"maxiter": 1000, "fatol": 1e-10, "xatol": 1e-10, "duration": 0.18654704093933105, "fun": "0.025952760384526985", "nit": "354", "nfev": "635", "status": "0", "success": "True", "message": "Optimization terminated successfully.", "x": "[4.80385999 1.47409305 1.76642052 5.86207278 1.4289406  1.87524647]", "final_simplex": "(array([[4.80385999, 1.47409305, 1.76642052, 5.86207278, 1.4289406 ,\n        1.87524647],\n       [4.80385999, 1.47409305, 1.76642052, 5.86207278, 1.4289406 ,\n        1.87524647],\n       [4.80385999, 1.47409305, 1.76642052, 5.86207278, 1.4289406 ,\n        1.87524647],\n       [4.80385999, 1.47409305, 1.76642052, 5.86207278, 1.4289406 ,\n        1.87524647],\n       [4.80385999, 1.47409305, 1.76642052, 5.86207278, 1.4289406 ,\n        1.87524647],\n       [4.80385999, 1.47409305, 1.76642052, 5.86207278, 1.4289406 ,\n        1.87524647],\n       [4.80385999, 1.47409305, 1.76642052, 5.86207278, 1.4289406 ,\n        1.87524647]]), array([0.02595276, 0.02595276, 0.02595276, 0.02595276, 0.02595276,\n       0.02595276, 0.02595276]))", "callback": [0.8505757675698802, 0.42530911654452386, 0.24676240787260162, 0.14245994373532478, 0.1108686380581112, 0.09484103738210015, 0.043281849555806495, 0.03972085827230165, 0.03220400039269267, 0.03007482081187407, 0.029694024293083765, 0.029258213401321065, 0.028022898657684703, 0.02645258847816101, 0.026016911856052705, 0.025985507592671153, 0.025961861528214225, 0.02595413696323856, 0.025952837676939566, 0.025952786290846852, 0.02595276361083365, 0.02595276131425972, 0.02595276086264664, 0.02595276044870698, 0.025952760397797037, 0.02595276038763794, 0.02595276038537042, 0.025952760384738482, 0.025952760384574614, 0.025952760384534646, 0.025952760384529316, 0.025952760384527762, 0.025952760384527207, 0.025952760384527096, 0.025952760384527096, 0.025952760384526985]}}, "bfgs": {"type": "gradient", "0": {"maxiter": 100, "gtol": 1e-05, "xrtol": 1e-05, "eps": 1e-05, "duration": 0.05237889289855957, "fun": "0.02595276048101236", "jac": "[ 1.91314742e-06 -1.13973275e-06  2.84097190e-06 -7.46624984e-07\n  1.93851601e-06  3.43081119e-07]", "hess_inv": "[[ 6.56159511  8.38065215 -3.47471887  0.34718266 -2.83444158  2.14742568]\n [ 8.38065215 18.88797083 -7.58744535  0.05752755 -4.70161515  5.07875852]\n [-3.47471887 -7.58744535  5.22074351 -0.63833897  2.05606847 -2.37778004]\n [ 0.34718266  0.05752755 -0.63833897  3.05684381 -0.49325183  0.25597701]\n [-2.83444158 -4.70161515  2.05606847 -0.49325183  2.56199152 -1.3082196 ]\n [ 2.14742568  5.07875852 -2.37778004  0.25597701 -1.3082196   2.48825649]]", "nfev": "168", "njev": "24", "status": "0", "success": "True", "message": "Optimization terminated successfully.", "x": "[ 5.0846442   1.95302105  1.62420211  6.61241638 -0.14794012  3.38895012]", "nit": "18", "callback": [0.4731073725810895, 0.4304405739592393, 0.1184012063133304, 0.04945307511373431, 0.02725661920821587, 0.026570822016287576, 0.02642292542624758, 0.02638585293533635, 0.026317797537677823, 0.02619908360163814, 0.026034275694455267, 0.025979228141285837, 0.025962343063264504, 0.02595485630563299, 0.02595317086876503, 0.02595279723449395, 0.025952763042913274, 0.02595276048101236]}, "1": {"maxiter": 100, "gtol": 1e-05, "xrtol": 1e-05, "eps": 1e-10, "duration": 0.054509639739990234, "fun": "0.02595276049120887", "jac": "[-2.22044587e-06 -2.22044587e-06  2.22044587e-06 -5.55111466e-06\n -6.66133760e-06 -4.44089173e-06]", "hess_inv": "[[ 6.5009417   8.2917972  -3.43765984  0.36921569 -2.82278423  2.10176131]\n [ 8.2917972  18.82743576 -7.56299958  0.12512085 -4.71639963  5.02652925]\n [-3.43765984 -7.56299958  5.20496433 -0.68604531  2.07337094 -2.34656277]\n [ 0.36921569  0.12512085 -0.68604531  3.07407514 -0.51718137  0.28845525]\n [-2.82278423 -4.71639963  2.07337094 -0.51718137  2.57398122 -1.31194324]\n [ 2.10176131  5.02652925 -2.34656277  0.28845525 -1.31194324  2.45362585]]", "nfev": "168", "njev": "24", "status": "0", "success": "True", "message": "Optimization terminated successfully.", "x": "[ 5.08465696  1.95304296  1.62420197  6.6124292  -0.14790203  3.38890889]", "nit": "18", "callback": [0.4731084541760501, 0.43044474991694726, 0.11841576674801757, 0.049451618099304984, 0.027256758506816414, 0.026570849112343642, 0.026422904587344753, 0.02638581831387299, 0.026317768713488676, 0.02619903485204067, 0.026034187275735254, 0.02597918690341361, 0.025962326751964082, 0.025954865129510507, 0.025953172058405638, 0.0259527989002295, 0.025952763056223405, 0.02595276049120887]}, "2": {"maxiter": 100, "gtol": 1e-05, "xrtol": 1e-10, "eps": 1e-05, "duration": 0.06198406219482422, "fun": "0.02595276048101236", "jac": "[ 1.91314742e-06 -1.13973275e-06  2.84097190e-06 -7.46624984e-07\n  1.93851601e-06  3.43081119e-07]", "hess_inv": "[[ 6.56159511  8.38065215 -3.47471887  0.34718266 -2.83444158  2.14742568]\n [ 8.38065215 18.88797083 -7.58744535  0.05752755 -4.70161515  5.07875852]\n [-3.47471887 -7.58744535  5.22074351 -0.63833897  2.05606847 -2.37778004]\n [ 0.34718266  0.05752755 -0.63833897  3.05684381 -0.49325183  0.25597701]\n [-2.83444158 -4.70161515  2.05606847 -0.49325183  2.56199152 -1.3082196 ]\n [ 2.14742568  5.07875852 -2.37778004  0.25597701 -1.3082196   2.48825649]]", "nfev": "168", "njev": "24", "status": "0", "success": "True", "message": "Optimization terminated successfully.", "x": "[ 5.0846442   1.95302105  1.62420211  6.61241638 -0.14794012  3.38895012]", "nit": "18", "callback": [0.4731073725810895, 0.4304405739592393, 0.1184012063133304, 0.04945307511373431, 0.02725661920821587, 0.026570822016287576, 0.02642292542624758, 0.02638585293533635, 0.026317797537677823, 0.02619908360163814, 0.026034275694455267, 0.025979228141285837, 0.025962343063264504, 0.02595485630563299, 0.02595317086876503, 0.02595279723449395, 0.025952763042913274, 0.02595276048101236]}, "3": {"maxiter": 100, "gtol": 1e-05, "xrtol": 1e-10, "eps": 1e-10, "duration": 0.04937291145324707, "fun": "0.02595276049120887", "jac": "[-2.22044587e-06 -2.22044587e-06  2.22044587e-06 -5.55111466e-06\n -6.66133760e-06 -4.44089173e-06]", "hess_inv": "[[ 6.5009417   8.2917972  -3.43765984  0.36921569 -2.82278423  2.10176131]\n [ 8.2917972  18.82743576 -7.56299958  0.12512085 -4.71639963  5.02652925]\n [-3.43765984 -7.56299958  5.20496433 -0.68604531  2.07337094 -2.34656277]\n [ 0.36921569  0.12512085 -0.68604531  3.07407514 -0.51718137  0.28845525]\n [-2.82278423 -4.71639963  2.07337094 -0.51718137  2.57398122 -1.31194324]\n [ 2.10176131  5.02652925 -2.34656277  0.28845525 -1.31194324  2.45362585]]", "nfev": "168", "njev": "24", "status": "0", "success": "True", "message": "Optimization terminated successfully.", "x": "[ 5.08465696  1.95304296  1.62420197  6.6124292  -0.14790203  3.38890889]", "nit": "18", "callback": [0.4731084541760501, 0.43044474991694726, 0.11841576674801757, 0.049451618099304984, 0.027256758506816414, 0.026570849112343642, 0.026422904587344753, 0.02638581831387299, 0.026317768713488676, 0.02619903485204067, 0.026034187275735254, 0.02597918690341361, 0.025962326751964082, 0.025954865129510507, 0.025953172058405638, 0.0259527989002295, 0.025952763056223405, 0.02595276049120887]}, "4": {"maxiter": 100, "gtol": 1e-10, "xrtol": 1e-05, "eps": 1e-05, "duration": 0.051989078521728516, "fun": "0.025952760406637743", "jac": "[ 5.10491649e-07 -2.44448906e-07 -8.02802269e-08  8.55870930e-08\n  8.53417337e-07  9.95092897e-08]", "hess_inv": "[[ 6.91896654  9.31770034 -4.07137453  0.45861476 -3.10147381  2.4549739 ]\n [ 9.31770034 21.12953226 -9.11057871  0.30662969 -5.28537622  5.88000865]\n [-4.07137453 -9.11057871  6.20897063 -0.81611742  2.47956245 -2.89026277]\n [ 0.45861476  0.30662969 -0.81611742  3.08297511 -0.55323664  0.35084214]\n [-3.10147381 -5.28537622  2.47956245 -0.55323664  2.69861557 -1.53523569]\n [ 2.4549739   5.88000865 -2.89026277  0.35084214 -1.53523569  2.75280411]]", "nfev": "175", "njev": "25", "status": "0", "success": "True", "message": "Optimization terminated successfully.", "x": "[ 5.08465866  1.95306165  1.62417746  6.61242143 -0.14795237  3.38896263]", "nit": "19", "callback": [0.4731073725810895, 0.4304405739592393, 0.1184012063133304, 0.04945307511373431, 0.02725661920821587, 0.026570822016287576, 0.02642292542624758, 0.02638585293533635, 0.026317797537677823, 0.02619908360163814, 0.026034275694455267, 0.025979228141285837, 0.025962343063264504, 0.02595485630563299, 0.02595317086876503, 0.02595279723449395, 0.025952763042913274, 0.02595276048101236, 0.025952760406637743]}, "5": {"maxiter": 100, "gtol": 1e-10, "xrtol": 1e-05, "eps": 1e-10, "duration": 0.06224226951599121, "fun": "0.02595276041758099", "jac": "[3.33066880e-06 3.33066880e-06 3.33066880e-06 1.11022293e-06\n 3.33066880e-06 3.33066880e-06]", "hess_inv": "[[  7.79317223  10.84535182  -5.10957278   0.90469572  -3.28786688\n    3.11827464]\n [ 10.84535182  23.83473621 -10.94205086   1.13815453  -5.62367399\n    7.04951568]\n [ -5.10957278 -10.94205086   7.2220755   -1.46646876   2.69795312\n   -3.63403546]\n [  0.90469572   1.13815453  -1.46646876   3.24341407  -0.69619734\n    0.72630649]\n [ -3.28786688  -5.62367399   2.69795312  -0.69619734   2.73779276\n   -1.68212909]\n [  3.11827464   7.04951568  -3.63403546   0.72630649  -1.68212909\n    3.24799204]]", "nfev": "182", "njev": "26", "status": "0", "success": "True", "message": "Optimization terminated successfully.", "x": "[ 5.08467591  1.95308164  1.62417986  6.61243849 -0.14790923  3.38892334]", "nit": "19", "callback": [0.4731084541760501, 0.43044474991694726, 0.11841576674801757, 0.049451618099304984, 0.027256758506816414, 0.026570849112343642, 0.026422904587344753, 0.02638581831387299, 0.026317768713488676, 0.02619903485204067, 0.026034187275735254, 0.02597918690341361, 0.025962326751964082, 0.025954865129510507, 0.025953172058405638, 0.0259527989002295, 0.025952763056223405, 0.02595276049120887, 0.02595276041758099]}, "6": {"maxiter": 100, "gtol": 1e-10, "xrtol": 1e-10, "eps": 1e-05, "duration": 0.10275888442993164, "fun": "0.02595276040575689", "jac": "[ 8.01692046e-08  1.08479892e-07 -8.40771897e-08  1.10300658e-07\n  3.45712348e-07 -3.16391358e-07]", "hess_inv": "[[ 6.87574452  9.38583793 -4.02255132  0.33469898 -3.39311101  2.67662905]\n [ 9.38583793 22.09478664 -9.33198829 -0.13024384 -6.7333288   7.05202982]\n [-4.02255132 -9.33198829  6.17127753 -0.59983534  3.03874461 -3.31530254]\n [ 0.33469898 -0.13024384 -0.59983534  3.06126161 -0.38511571  0.22337712]\n [-3.39311101 -6.7333288   3.03874461 -0.38511571  3.75417751 -2.33412644]\n [ 2.67662905  7.05202982 -3.31530254  0.22337712 -2.33412644  3.31604041]]", "nfev": "376", "njev": "52", "status": "2", "success": "False", "message": "Desired error not necessarily achieved due to precision loss.", "x": "[ 5.08465964  1.95306592  1.62417569  6.61242142 -0.14795425  3.38896379]", "nit": "20", "callback": [0.4731073725810895, 0.4304405739592393, 0.1184012063133304, 0.04945307511373431, 0.02725661920821587, 0.026570822016287576, 0.02642292542624758, 0.02638585293533635, 0.026317797537677823, 0.02619908360163814, 0.026034275694455267, 0.025979228141285837, 0.025962343063264504, 0.02595485630563299, 0.02595317086876503, 0.02595279723449395, 0.025952763042913274, 0.02595276048101236, 0.025952760406637743, 0.02595276040575689]}, "7": {"maxiter": 100, "gtol": 1e-10, "xrtol": 1e-10, "eps": 1e-10, "duration": 0.23074913024902344, "fun": "0.025952760391313", "jac": "[2.22044587e-06 2.22044587e-06 2.22044587e-06 0.00000000e+00\n 2.22044587e-06 0.00000000e+00]", "hess_inv": "[[ 0.43982244 -0.20661894  0.02640111  0.19689676 -0.26690978  0.0441743 ]\n [-0.20661894  0.11891814 -0.02528006 -0.07833468  0.1246604  -0.03610071]\n [ 0.02640111 -0.02528006  0.01324452  0.00268493 -0.0230673   0.01496149]\n [ 0.19689676 -0.07833468  0.00268493  0.10608514 -0.12850461  0.00851338]\n [-0.26690978  0.1246604  -0.0230673  -0.12850461  0.19422046 -0.03743544]\n [ 0.0441743  -0.03610071  0.01496149  0.00851338 -0.03743544  0.02763214]]", "nfev": "719", "njev": "101", "status": "2", "success": "False", "message": "Desired error not necessarily achieved due to precision loss.", "x": "[ 5.08467076  1.95308287  1.62417246  6.61243431 -0.14791285  3.38892253]", "nit": "33", "callback": [0.4731084541760501, 0.43044474991694726, 0.11841576674801757, 0.049451618099304984, 0.027256758506816414, 0.026570849112343642, 0.026422904587344753, 0.02638581831387299, 0.026317768713488676, 0.02619903485204067, 0.026034187275735254, 0.02597918690341361, 0.025962326751964082, 0.025954865129510507, 0.025953172058405638, 0.0259527989002295, 0.025952763056223405, 0.02595276049120887, 0.02595276041758099, 0.025952760417378706, 0.025952760417003784, 0.025952760412991216, 0.025952760404041153, 0.025952760394337027, 0.025952760393652685, 0.025952760393309404, 0.02595276039306116, 0.025952760392871754, 0.02595276039272232, 0.025952760392155882, 0.02595276039179517, 0.025952760391341645, 0.025952760391313]}, "8": {"maxiter": 500, "gtol": 1e-05, "xrtol": 1e-05, "eps": 1e-05, "duration": 0.05422401428222656, "fun": "0.02595276048101236", "jac": "[ 1.91314742e-06 -1.13973275e-06  2.84097190e-06 -7.46624984e-07\n  1.93851601e-06  3.43081119e-07]", "hess_inv": "[[ 6.56159511  8.38065215 -3.47471887  0.34718266 -2.83444158  2.14742568]\n [ 8.38065215 18.88797083 -7.58744535  0.05752755 -4.70161515  5.07875852]\n [-3.47471887 -7.58744535  5.22074351 -0.63833897  2.05606847 -2.37778004]\n [ 0.34718266  0.05752755 -0.63833897  3.05684381 -0.49325183  0.25597701]\n [-2.83444158 -4.70161515  2.05606847 -0.49325183  2.56199152 -1.3082196 ]\n [ 2.14742568  5.07875852 -2.37778004  0.25597701 -1.3082196   2.48825649]]", "nfev": "168", "njev": "24", "status": "0", "success": "True", "message": "Optimization terminated successfully.", "x": "[ 5.0846442   1.95302105  1.62420211  6.61241638 -0.14794012  3.38895012]", "nit": "18", "callback": [0.4731073725810895, 0.4304405739592393, 0.1184012063133304, 0.04945307511373431, 0.02725661920821587, 0.026570822016287576, 0.02642292542624758, 0.02638585293533635, 0.026317797537677823, 0.02619908360163814, 0.026034275694455267, 0.025979228141285837, 0.025962343063264504, 0.02595485630563299, 0.02595317086876503, 0.02595279723449395, 0.025952763042913274, 0.02595276048101236]}, "9": {"maxiter": 500, "gtol": 1e-05, "xrtol": 1e-05, "eps": 1e-10, "duration": 0.04572272300720215, "fun": "0.02595276049120887", "jac": "[-2.22044587e-06 -2.22044587e-06  2.22044587e-06 -5.55111466e-06\n -6.66133760e-06 -4.44089173e-06]", "hess_inv": "[[ 6.5009417   8.2917972  -3.43765984  0.36921569 -2.82278423  2.10176131]\n [ 8.2917972  18.82743576 -7.56299958  0.12512085 -4.71639963  5.02652925]\n [-3.43765984 -7.56299958  5.20496433 -0.68604531  2.07337094 -2.34656277]\n [ 0.36921569  0.12512085 -0.68604531  3.07407514 -0.51718137  0.28845525]\n [-2.82278423 -4.71639963  2.07337094 -0.51718137  2.57398122 -1.31194324]\n [ 2.10176131  5.02652925 -2.34656277  0.28845525 -1.31194324  2.45362585]]", "nfev": "168", "njev": "24", "status": "0", "success": "True", "message": "Optimization terminated successfully.", "x": "[ 5.08465696  1.95304296  1.62420197  6.6124292  -0.14790203  3.38890889]", "nit": "18", "callback": [0.4731084541760501, 0.43044474991694726, 0.11841576674801757, 0.049451618099304984, 0.027256758506816414, 0.026570849112343642, 0.026422904587344753, 0.02638581831387299, 0.026317768713488676, 0.02619903485204067, 0.026034187275735254, 0.02597918690341361, 0.025962326751964082, 0.025954865129510507, 0.025953172058405638, 0.0259527989002295, 0.025952763056223405, 0.02595276049120887]}, "10": {"maxiter": 500, "gtol": 1e-05, "xrtol": 1e-10, "eps": 1e-05, "duration": 0.053473711013793945, "fun": "0.02595276048101236", "jac": "[ 1.91314742e-06 -1.13973275e-06  2.84097190e-06 -7.46624984e-07\n  1.93851601e-06  3.43081119e-07]", "hess_inv": "[[ 6.56159511  8.38065215 -3.47471887  0.34718266 -2.83444158  2.14742568]\n [ 8.38065215 18.88797083 -7.58744535  0.05752755 -4.70161515  5.07875852]\n [-3.47471887 -7.58744535  5.22074351 -0.63833897  2.05606847 -2.37778004]\n [ 0.34718266  0.05752755 -0.63833897  3.05684381 -0.49325183  0.25597701]\n [-2.83444158 -4.70161515  2.05606847 -0.49325183  2.56199152 -1.3082196 ]\n [ 2.14742568  5.07875852 -2.37778004  0.25597701 -1.3082196   2.48825649]]", "nfev": "168", "njev": "24", "status": "0", "success": "True", "message": "Optimization terminated successfully.", "x": "[ 5.0846442   1.95302105  1.62420211  6.61241638 -0.14794012  3.38895012]", "nit": "18", "callback": [0.4731073725810895, 0.4304405739592393, 0.1184012063133304, 0.04945307511373431, 0.02725661920821587, 0.026570822016287576, 0.02642292542624758, 0.02638585293533635, 0.026317797537677823, 0.02619908360163814, 0.026034275694455267, 0.025979228141285837, 0.025962343063264504, 0.02595485630563299, 0.02595317086876503, 0.02595279723449395, 0.025952763042913274, 0.02595276048101236]}, "11": {"maxiter": 500, "gtol": 1e-05, "xrtol": 1e-10, "eps": 1e-10, "duration": 0.05600619316101074, "fun": "0.02595276049120887", "jac": "[-2.22044587e-06 -2.22044587e-06  2.22044587e-06 -5.55111466e-06\n -6.66133760e-06 -4.44089173e-06]", "hess_inv": "[[ 6.5009417   8.2917972  -3.43765984  0.36921569 -2.82278423  2.10176131]\n [ 8.2917972  18.82743576 -7.56299958  0.12512085 -4.71639963  5.02652925]\n [-3.43765984 -7.56299958  5.20496433 -0.68604531  2.07337094 -2.34656277]\n [ 0.36921569  0.12512085 -0.68604531  3.07407514 -0.51718137  0.28845525]\n [-2.82278423 -4.71639963  2.07337094 -0.51718137  2.57398122 -1.31194324]\n [ 2.10176131  5.02652925 -2.34656277  0.28845525 -1.31194324  2.45362585]]", "nfev": "168", "njev": "24", "status": "0", "success": "True", "message": "Optimization terminated successfully.", "x": "[ 5.08465696  1.95304296  1.62420197  6.6124292  -0.14790203  3.38890889]", "nit": "18", "callback": [0.4731084541760501, 0.43044474991694726, 0.11841576674801757, 0.049451618099304984, 0.027256758506816414, 0.026570849112343642, 0.026422904587344753, 0.02638581831387299, 0.026317768713488676, 0.02619903485204067, 0.026034187275735254, 0.02597918690341361, 0.025962326751964082, 0.025954865129510507, 0.025953172058405638, 0.0259527989002295, 0.025952763056223405, 0.02595276049120887]}, "12": {"maxiter": 500, "gtol": 1e-10, "xrtol": 1e-05, "eps": 1e-05, "duration": 0.05582404136657715, "fun": "0.025952760406637743", "jac": "[ 5.10491649e-07 -2.44448906e-07 -8.02802269e-08  8.55870930e-08\n  8.53417337e-07  9.95092897e-08]", "hess_inv": "[[ 6.91896654  9.31770034 -4.07137453  0.45861476 -3.10147381  2.4549739 ]\n [ 9.31770034 21.12953226 -9.11057871  0.30662969 -5.28537622  5.88000865]\n [-4.07137453 -9.11057871  6.20897063 -0.81611742  2.47956245 -2.89026277]\n [ 0.45861476  0.30662969 -0.81611742  3.08297511 -0.55323664  0.35084214]\n [-3.10147381 -5.28537622  2.47956245 -0.55323664  2.69861557 -1.53523569]\n [ 2.4549739   5.88000865 -2.89026277  0.35084214 -1.53523569  2.75280411]]", "nfev": "175", "njev": "25", "status": "0", "success": "True", "message": "Optimization terminated successfully.", "x": "[ 5.08465866  1.95306165  1.62417746  6.61242143 -0.14795237  3.38896263]", "nit": "19", "callback": [0.4731073725810895, 0.4304405739592393, 0.1184012063133304, 0.04945307511373431, 0.02725661920821587, 0.026570822016287576, 0.02642292542624758, 0.02638585293533635, 0.026317797537677823, 0.02619908360163814, 0.026034275694455267, 0.025979228141285837, 0.025962343063264504, 0.02595485630563299, 0.02595317086876503, 0.02595279723449395, 0.025952763042913274, 0.02595276048101236, 0.025952760406637743]}, "13": {"maxiter": 500, "gtol": 1e-10, "xrtol": 1e-05, "eps": 1e-10, "duration": 0.057650089263916016, "fun": "0.02595276041758099", "jac": "[3.33066880e-06 3.33066880e-06 3.33066880e-06 1.11022293e-06\n 3.33066880e-06 3.33066880e-06]", "hess_inv": "[[  7.79317223  10.84535182  -5.10957278   0.90469572  -3.28786688\n    3.11827464]\n [ 10.84535182  23.83473621 -10.94205086   1.13815453  -5.62367399\n    7.04951568]\n [ -5.10957278 -10.94205086   7.2220755   -1.46646876   2.69795312\n   -3.63403546]\n [  0.90469572   1.13815453  -1.46646876   3.24341407  -0.69619734\n    0.72630649]\n [ -3.28786688  -5.62367399   2.69795312  -0.69619734   2.73779276\n   -1.68212909]\n [  3.11827464   7.04951568  -3.63403546   0.72630649  -1.68212909\n    3.24799204]]", "nfev": "182", "njev": "26", "status": "0", "success": "True", "message": "Optimization terminated successfully.", "x": "[ 5.08467591  1.95308164  1.62417986  6.61243849 -0.14790923  3.38892334]", "nit": "19", "callback": [0.4731084541760501, 0.43044474991694726, 0.11841576674801757, 0.049451618099304984, 0.027256758506816414, 0.026570849112343642, 0.026422904587344753, 0.02638581831387299, 0.026317768713488676, 0.02619903485204067, 0.026034187275735254, 0.02597918690341361, 0.025962326751964082, 0.025954865129510507, 0.025953172058405638, 0.0259527989002295, 0.025952763056223405, 0.02595276049120887, 0.02595276041758099]}, "14": {"maxiter": 500, "gtol": 1e-10, "xrtol": 1e-10, "eps": 1e-05, "duration": 0.10807681083679199, "fun": "0.02595276040575689", "jac": "[ 8.01692046e-08  1.08479892e-07 -8.40771897e-08  1.10300658e-07\n  3.45712348e-07 -3.16391358e-07]", "hess_inv": "[[ 6.87574452  9.38583793 -4.02255132  0.33469898 -3.39311101  2.67662905]\n [ 9.38583793 22.09478664 -9.33198829 -0.13024384 -6.7333288   7.05202982]\n [-4.02255132 -9.33198829  6.17127753 -0.59983534  3.03874461 -3.31530254]\n [ 0.33469898 -0.13024384 -0.59983534  3.06126161 -0.38511571  0.22337712]\n [-3.39311101 -6.7333288   3.03874461 -0.38511571  3.75417751 -2.33412644]\n 