{"date": "2024/10/08/, 20:22:48", "conf_id": 27, "data_type": "random\n", "num_data_points": 2, "s_rank": 0, "unitary": "[[0.18663085-0.53122324j,-0.11886349-0.70040876j,0.28555095-0.02789305j,-0.12262021-0.2844587j],[-0.16702216+0.27758472j,0.27526351-0.29738586j,-0.01109314+0.22495461j,-0.77239203+0.28900673j],[0.61935415+0.12301792j,-0.31269928-0.03315917j,-0.61902762-0.19039079j,-0.27120731-0.0968989j],[0.42341754+0.0023929j,-0.05847358+0.47832119j,0.64900495-0.16218422j,-0.37182676-0.05229966j]]", "databatch_0": {"databatch": "[[[-0.15193678+0.03878013j,0.19996856-0.1580094j,0.24995847+0.05761358j,0.0324961-0.09596735j],[0.06100565+0.00658139j,0.00864953+0.10383486j,-0.01115353+0.2712143j,-0.0183956+0.11294826j],[0.03289048-0.04370833j,-0.16399837+0.15565605j,-0.48418992-0.08136731j,-0.08239542-0.00984264j],[0.21664461-0.34707345j,-0.00804533+0.36318182j,0.11216879-0.08584452j,0.29415003+0.15841393j]],[[-0.11110911+0.13028034j,0.08996033-0.11136097j,-0.2079091-0.03399675j,0.31723626-0.03338481j],[-0.02982013-0.15681622j,-0.09078987+0.14868456j,0.01384315-0.07891936j,-0.02255091+0.32319863j],[0.05123127-0.28403467j,-0.18940223+0.16794912j,0.1372863-0.16793166j,-0.32886214+0.50971646j],[-0.10854235+0.0160624j,0.10796651-0.02019911j,-0.06693685-0.1136696j,0.14548667+0.10850782j]]]", "initial param values": "[6.22989699,2.8230925,0.02402852,5.37840763,4.29428775,2.7486151]", "nelder_mead": {"type": "gradient-free", "0": {"maxiter": 100, "fatol": 1e-05, "xatol": 1e-05, "duration": 0.05775284767150879, "fun": "0.385727497534588", "nit": "100", "nfev": "154", "status": "2", "success": "False", "message": "Maximum number of iterations has been exceeded.", "x": "[6.23613111 0.11442164 0.03523782 3.70965932 6.81191837 3.57357239]", "final_simplex": "(array([[6.23613111, 0.11442164, 0.03523782, 3.70965932, 6.81191837,\n        3.57357239],\n       [6.24834506, 0.13103702, 0.03549553, 3.6853778 , 6.79228682,\n        3.51694122],\n       [6.24857111, 0.10989679, 0.03534486, 3.71561496, 6.81993393,\n        3.54465162],\n       [6.23653657, 0.11451393, 0.03488118, 3.68329577, 6.86844158,\n        3.61256067],\n       [6.2673131 , 0.10231075, 0.03485149, 3.69801597, 6.87845514,\n        3.62213051],\n       [6.24979543, 0.14373932, 0.03537125, 3.72361143, 6.80955639,\n        3.54927773],\n       [6.2553061 , 0.15310139, 0.0347514 , 3.69401936, 6.80367941,\n        3.56680506]]), array([0.3857275 , 0.38574763, 0.38578554, 0.38583121, 0.38583294,\n       0.38590432, 0.38593618]))", "callback": [0.8543537180513701, 0.7643280966122534, 0.6229495735618067, 0.4831520546900564, 0.4065659591859596, 0.3924180207724567, 0.39192246973390077, 0.3900505621835877, 0.3863178336016053, 0.38578554349353367]}, "1": {"maxiter": 100, "fatol": 1e-05, "xatol": 1e-10, "duration": 0.05715203285217285, "fun": "0.385727497534588", "nit": "100", "nfev": "154", "status": "2", "success": "False", "message": "Maximum number of iterations has been exceeded.", "x": "[6.23613111 0.11442164 0.03523782 3.70965932 6.81191837 3.57357239]", "final_simplex": "(array([[6.23613111, 0.11442164, 0.03523782, 3.70965932, 6.81191837,\n        3.57357239],\n       [6.24834506, 0.13103702, 0.03549553, 3.6853778 , 6.79228682,\n        3.51694122],\n       [6.24857111, 0.10989679, 0.03534486, 3.71561496, 6.81993393,\n        3.54465162],\n       [6.23653657, 0.11451393, 0.03488118, 3.68329577, 6.86844158,\n        3.61256067],\n       [6.2673131 , 0.10231075, 0.03485149, 3.69801597, 6.87845514,\n        3.62213051],\n       [6.24979543, 0.14373932, 0.03537125, 3.72361143, 6.80955639,\n        3.54927773],\n       [6.2553061 , 0.15310139, 0.0347514 , 3.69401936, 6.80367941,\n        3.56680506]]), array([0.3857275 , 0.38574763, 0.38578554, 0.38583121, 0.38583294,\n       0.38590432, 0.38593618]))", "callback": [0.8543537180513701, 0.7643280966122534, 0.6229495735618067, 0.4831520546900564, 0.4065659591859596, 0.3924180207724567, 0.39192246973390077, 0.3900505621835877, 0.3863178336016053, 0.38578554349353367]}, "2": {"maxiter": 100, "fatol": 1e-10, "xatol": 1e-05, "duration": 0.049360036849975586, "fun": "0.385727497534588", "nit": "100", "nfev": "154", "status": "2", "success": "False", "message": "Maximum number of iterations has been exceeded.", "x": "[6.23613111 0.11442164 0.03523782 3.70965932 6.81191837 3.57357239]", "final_simplex": "(array([[6.23613111, 0.11442164, 0.03523782, 3.70965932, 6.81191837,\n        3.57357239],\n       [6.24834506, 0.13103702, 0.03549553, 3.6853778 , 6.79228682,\n        3.51694122],\n       [6.24857111, 0.10989679, 0.03534486, 3.71561496, 6.81993393,\n        3.54465162],\n       [6.23653657, 0.11451393, 0.03488118, 3.68329577, 6.86844158,\n        3.61256067],\n       [6.2673131 , 0.10231075, 0.03485149, 3.69801597, 6.87845514,\n        3.62213051],\n       [6.24979543, 0.14373932, 0.03537125, 3.72361143, 6.80955639,\n        3.54927773],\n       [6.2553061 , 0.15310139, 0.0347514 , 3.69401936, 6.80367941,\n        3.56680506]]), array([0.3857275 , 0.38574763, 0.38578554, 0.38583121, 0.38583294,\n       0.38590432, 0.38593618]))", "callback": [0.8543537180513701, 0.7643280966122534, 0.6229495735618067, 0.4831520546900564, 0.4065659591859596, 0.3924180207724567, 0.39192246973390077, 0.3900505621835877, 0.3863178336016053, 0.38578554349353367]}, "3": {"maxiter": 100, "fatol": 1e-10, "xatol": 1e-10, "duration": 0.04973793029785156, "fun": "0.385727497534588", "nit": "100", "nfev": "154", "status": "2", "success": "False", "message": "Maximum number of iterations has been exceeded.", "x": "[6.23613111 0.11442164 0.03523782 3.70965932 6.81191837 3.57357239]", "final_simplex": "(array([[6.23613111, 0.11442164, 0.03523782, 3.70965932, 6.81191837,\n        3.57357239],\n       [6.24834506, 0.13103702, 0.03549553, 3.6853778 , 6.79228682,\n        3.51694122],\n       [6.24857111, 0.10989679, 0.03534486, 3.71561496, 6.81993393,\n        3.54465162],\n       [6.23653657, 0.11451393, 0.03488118, 3.68329577, 6.86844158,\n        3.61256067],\n       [6.2673131 , 0.10231075, 0.03485149, 3.69801597, 6.87845514,\n        3.62213051],\n       [6.24979543, 0.14373932, 0.03537125, 3.72361143, 6.80955639,\n        3.54927773],\n       [6.2553061 , 0.15310139, 0.0347514 , 3.69401936, 6.80367941,\n        3.56680506]]), array([0.3857275 , 0.38574763, 0.38578554, 0.38583121, 0.38583294,\n       0.38590432, 0.38593618]))", "callback": [0.8543537180513701, 0.7643280966122534, 0.6229495735618067, 0.4831520546900564, 0.4065659591859596, 0.3924180207724567, 0.39192246973390077, 0.3900505621835877, 0.3863178336016053, 0.38578554349353367]}, "4": {"maxiter": 500, "fatol": 1e-05, "xatol": 1e-05, "duration": 0.23224496841430664, "fun": "0.3099001258241243", "nit": "500", "nfev": "745", "status": "2", "success": "False", "message": "Maximum number of iterations has been exceeded.", "x": "[ 5.38957471 -1.76019018  0.66623797  3.0701339  12.31163166  8.30900543]", "final_simplex": "(array([[ 5.38957471, -1.76019018,  0.66623797,  3.0701339 , 12.31163166,\n         8.30900543],\n       [ 5.39660979, -1.77082536,  0.63662404,  3.01736477, 12.27278016,\n         8.27446449],\n       [ 5.5446692 , -1.86349325,  0.949958  ,  3.11908426, 10.56973393,\n         6.63301581],\n       [ 5.42733569, -2.06569001,  0.77308799,  2.94744347, 11.63479796,\n         7.52118087],\n       [ 5.51867703, -1.79230899,  0.77555645,  3.11462429, 11.14542218,\n         7.20331768],\n       [ 5.53605887, -1.78101533,  0.86115988,  3.11757248, 10.69205578,\n         6.72140287],\n       [ 5.49636846, -1.85740307,  0.73622689,  3.04820942, 11.20198495,\n         7.15317862]]), array([0.30990013, 0.31326675, 0.31338489, 0.31343329, 0.31578228,\n       0.31612489, 0.31908999]))", "callback": [0.8543537180513701, 0.7643280966122534, 0.6229495735618067, 0.4831520546900564, 0.4065659591859596, 0.3924180207724567, 0.39192246973390077, 0.3900505621835877, 0.3863178336016053, 0.38578554349353367, 0.3856111851597688, 0.3855769851925197, 0.3855760915334314, 0.38556346218570015, 0.3855618647929231, 0.38556125591444146, 0.3855611487986125, 0.3855610214764791, 0.3855609891604964, 0.38556084566134774, 0.38556052796065376, 0.38555909619493767, 0.385556884909388, 0.38555202053987203, 0.38553836987706136, 0.38548172681712045, 0.38524570078575127, 0.38403921627000903, 0.3776352047053445, 0.3721687277618173, 0.36840310140687926, 0.36334429133397717, 0.3595298300480164, 0.35743105438035605, 0.3569764722415276, 0.3544374009707779, 0.3508378431879682, 0.34948181680138624, 0.3487640081002319, 0.34833681192474464, 0.3478487190488011, 0.34666025311292703, 0.34633946430787677, 0.34617242431157924, 0.34603871961207, 0.3458808442388783, 0.34524456808424553, 0.34196010829358225, 0.33227782418673024, 0.3221848313986324]}, "5": {"maxiter": 500, "fatol": 1e-05, "xatol": 1e-10, "duration": 0.3404710292816162, "fun": "0.3099001258241243", "nit": "500", "nfev": "745", "status": "2", "success": "False", "message": "Maximum number of iterations has been exceeded.", "x": "[ 5.38957471 -1.76019018  0.66623797  3.0701339  12.31163166  8.30900543]", "final_simplex": "(array([[ 5.38957471, -1.76019018,  0.66623797,  3.0701339 , 12.31163166,\n         8.30900543],\n       [ 5.39660979, -1.77082536,  0.63662404,  3.01736477, 12.27278016,\n         8.27446449],\n       [ 5.5446692 , -1.86349325,  0.949958  ,  3.11908426, 10.56973393,\n         6.63301581],\n       [ 5.42733569, -2.06569001,  0.77308799,  2.94744347, 11.63479796,\n         7.52118087],\n       [ 5.51867703, -1.79230899,  0.77555645,  3.11462429, 11.14542218,\n         7.20331768],\n       [ 5.53605887, -1.78101533,  0.86115988,  3.11757248, 10.69205578,\n         6.72140287],\n       [ 5.49636846, -1.85740307,  0.73622689,  3.04820942, 11.20198495,\n         7.15317862]]), array([0.30990013, 0.31326675, 0.31338489, 0.31343329, 0.31578228,\n       0.31612489, 0.31908999]))", "callback": [0.8543537180513701, 0.7643280966122534, 0.6229495735618067, 0.4831520546900564, 0.4065659591859596, 0.3924180207724567, 0.39192246973390077, 0.3900505621835877, 0.3863178336016053, 0.38578554349353367, 0.3856111851597688, 0.3855769851925197, 0.3855760915334314, 0.38556346218570015, 0.3855618647929231, 0.38556125591444146, 0.3855611487986125, 0.3855610214764791, 0.3855609891604964, 0.38556084566134774, 0.38556052796065376, 0.38555909619493767, 0.385556884909388, 0.38555202053987203, 0.38553836987706136, 0.38548172681712045, 0.38524570078575127, 0.38403921627000903, 0.3776352047053445, 0.3721687277618173, 0.36840310140687926, 0.36334429133397717, 0.3595298300480164, 0.35743105438035605, 0.3569764722415276, 0.3544374009707779, 0.3508378431879682, 0.34948181680138624, 0.3487640081002319, 0.34833681192474464, 0.3478487190488011, 0.34666025311292703, 0.34633946430787677, 0.34617242431157924, 0.34603871961207, 0.3458808442388783, 0.34524456808424553, 0.34196010829358225, 0.33227782418673024, 0.3221848313986324]}, "6": {"maxiter": 500, "fatol": 1e-10, "xatol": 1e-05, "duration": 0.2838010787963867, "fun": "0.3099001258241243", "nit": "500", "nfev": "745", "status": "2", "success": "False", "message": "Maximum number of iterations has been exceeded.", "x": "[ 5.38957471 -1.76019018  0.66623797  3.0701339  12.31163166  8.30900543]", "final_simplex": "(array([[ 5.38957471, -1.76019018,  0.66623797,  3.0701339 , 12.31163166,\n         8.30900543],\n       [ 5.39660979, -1.77082536,  0.63662404,  3.01736477, 12.27278016,\n         8.27446449],\n       [ 5.5446692 , -1.86349325,  0.949958  ,  3.11908426, 10.56973393,\n         6.63301581],\n       [ 5.42733569, -2.06569001,  0.77308799,  2.94744347, 11.63479796,\n         7.52118087],\n       [ 5.51867703, -1.79230899,  0.77555645,  3.11462429, 11.14542218,\n         7.20331768],\n       [ 5.53605887, -1.78101533,  0.86115988,  3.11757248, 10.69205578,\n         6.72140287],\n       [ 5.49636846, -1.85740307,  0.73622689,  3.04820942, 11.20198495,\n         7.15317862]]), array([0.30990013, 0.31326675, 0.31338489, 0.31343329, 0.31578228,\n       0.31612489, 0.31908999]))", "callback": [0.8543537180513701, 0.7643280966122534, 0.6229495735618067, 0.4831520546900564, 0.4065659591859596, 0.3924180207724567, 0.39192246973390077, 0.3900505621835877, 0.3863178336016053, 0.38578554349353367, 0.3856111851597688, 0.3855769851925197, 0.3855760915334314, 0.38556346218570015, 0.3855618647929231, 0.38556125591444146, 0.3855611487986125, 0.3855610214764791, 0.3855609891604964, 0.38556084566134774, 0.38556052796065376, 0.38555909619493767, 0.385556884909388, 0.38555202053987203, 0.38553836987706136, 0.38548172681712045, 0.38524570078575127, 0.38403921627000903, 0.3776352047053445, 0.3721687277618173, 0.36840310140687926, 0.36334429133397717, 0.3595298300480164, 0.35743105438035605, 0.3569764722415276, 0.3544374009707779, 0.3508378431879682, 0.34948181680138624, 0.3487640081002319, 0.34833681192474464, 0.3478487190488011, 0.34666025311292703, 0.34633946430787677, 0.34617242431157924, 0.34603871961207, 0.3458808442388783, 0.34524456808424553, 0.34196010829358225, 0.33227782418673024, 0.3221848313986324]}, "7": {"maxiter": 500, "fatol": 1e-10, "xatol": 1e-10, "duration": 0.27321600914001465, "fun": "0.3099001258241243", "nit": "500", "nfev": "745", "status": "2", "success": "False", "message": "Maximum number of iterations has been exceeded.", "x": "[ 5.38957471 -1.76019018  0.66623797  3.0701339  12.31163166  8.30900543]", "final_simplex": "(array([[ 5.38957471, -1.76019018,  0.66623797,  3.0701339 , 12.31163166,\n         8.30900543],\n       [ 5.39660979, -1.77082536,  0.63662404,  3.01736477, 12.27278016,\n         8.27446449],\n       [ 5.5446692 , -1.86349325,  0.949958  ,  3.11908426, 10.56973393,\n         6.63301581],\n       [ 5.42733569, -2.06569001,  0.77308799,  2.94744347, 11.63479796,\n         7.52118087],\n       [ 5.51867703, -1.79230899,  0.77555645,  3.11462429, 11.14542218,\n         7.20331768],\n       [ 5.53605887, -1.78101533,  0.86115988,  3.11757248, 10.69205578,\n         6.72140287],\n       [ 5.49636846, -1.85740307,  0.73622689,  3.04820942, 11.20198495,\n         7.15317862]]), array([0.30990013, 0.31326675, 0.31338489, 0.31343329, 0.31578228,\n       0.31612489, 0.31908999]))", "callback": [0.8543537180513701, 0.7643280966122534, 0.6229495735618067, 0.4831520546900564, 0.4065659591859596, 0.3924180207724567, 0.39192246973390077, 0.3900505621835877, 0.3863178336016053, 0.38578554349353367, 0.3856111851597688, 0.3855769851925197, 0.3855760915334314, 0.38556346218570015, 0.3855618647929231, 0.38556125591444146, 0.3855611487986125, 0.3855610214764791, 0.3855609891604964, 0.38556084566134774, 0.38556052796065376, 0.38555909619493767, 0.385556884909388, 0.38555202053987203, 0.38553836987706136, 0.38548172681712045, 0.38524570078575127, 0.38403921627000903, 0.3776352047053445, 0.3721687277618173, 0.36840310140687926, 0.36334429133397717, 0.3595298300480164, 0.35743105438035605, 0.3569764722415276, 0.3544374009707779, 0.3508378431879682, 0.34948181680138624, 0.3487640081002319, 0.34833681192474464, 0.3478487190488011, 0.34666025311292703, 0.34633946430787677, 0.34617242431157924, 0.34603871961207, 0.3458808442388783, 0.34524456808424553, 0.34196010829358225, 0.33227782418673024, 0.3221848313986324]}, "8": {"maxiter": 1000, "fatol": 1e-05, "xatol": 1e-05, "duration": 0.5265679359436035, "fun": "0.25500945361501115", "nit": "1000", "nfev": "1524", "status": "2", "success": "False", "message": "Maximum number of iterations has been exceeded.", "x": "[ 4.71475638 -1.99363307  0.8717062   2.73684286 14.7921832  10.70256406]", "final_simplex": "(array([[ 4.71475638, -1.99363307,  0.8717062 ,  2.73684286, 14.7921832 ,\n        10.70256406],\n       [ 4.714721  , -1.99363858,  0.87169356,  2.73685419, 14.79222165,\n        10.7026102 ],\n       [ 4.71477624, -1.9936618 ,  0.87168801,  2.73688569, 14.79212554,\n        10.70250186],\n       [ 4.71469145, -1.9936777 ,  0.87171985,  2.73682574, 14.79225302,\n        10.70262798],\n       [ 4.71473122, -1.99364431,  0.87169869,  2.7368414 , 14.79214197,\n        10.70252801],\n       [ 4.71473233, -1.99369157,  0.87165907,  2.73684789, 14.79213934,\n        10.70248315],\n       [ 4.71469249, -1.99366901,  0.87172989,  2.73682925, 14.7922301 ,\n        10.70255688]]), array([0.25500945, 0.25500945, 0.25500945, 0.25500945, 0.25500945,\n       0.25500945, 0.25500945]))", "callback": [0.8543537180513701, 0.7643280966122534, 0.6229495735618067, 0.4831520546900564, 0.4065659591859596, 0.3924180207724567, 0.39192246973390077, 0.3900505621835877, 0.3863178336016053, 0.38578554349353367, 0.3856111851597688, 0.3855769851925197, 0.3855760915334314, 0.38556346218570015, 0.3855618647929231, 0.38556125591444146, 0.3855611487986125, 0.3855610214764791, 0.3855609891604964, 0.38556084566134774, 0.38556052796065376, 0.38555909619493767, 0.385556884909388, 0.38555202053987203, 0.38553836987706136, 0.38548172681712045, 0.38524570078575127, 0.38403921627000903, 0.3776352047053445, 0.3721687277618173, 0.36840310140687926, 0.36334429133397717, 0.3595298300480164, 0.35743105438035605, 0.3569764722415276, 0.3544374009707779, 0.3508378431879682, 0.34948181680138624, 0.3487640081002319, 0.34833681192474464, 0.3478487190488011, 0.34666025311292703, 0.34633946430787677, 0.34617242431157924, 0.34603871961207, 0.3458808442388783, 0.34524456808424553, 0.34196010829358225, 0.33227782418673024, 0.3221848313986324, 0.3000355545043225, 0.27580020831734453, 0.2698732172901578, 0.26684625083256497, 0.26469703689791246, 0.2606592878934678, 0.2599708744584034, 0.2596385435839501, 0.2594324373651983, 0.2594007686610953, 0.2593756525020616, 0.2593248887628534, 0.2592582981077458, 0.2591176102908531, 0.25906103503007916, 0.2590522846459846, 0.2590507245494298, 0.2590504379669377, 0.25905035097073625, 0.25905024363658424, 0.25904994254715286, 0.25904955191450596, 0.259048980124577, 0.2590473329375541, 0.2590390916505372, 0.2590161951440636, 0.258979474762946, 0.25895943873943283, 0.2589161322636484, 0.2588818487691562, 0.2588622536024472, 0.258846593914282, 0.25875081973591185, 0.25867178466546226, 0.2585216725455256, 0.2577820436919085, 0.25626098252267837, 0.2556952697258139, 0.25538733095335675, 0.2552624456129631, 0.2550783907921408, 0.2550368713219071, 0.25501787584176894, 0.2550131220141625, 0.2550106500102507, 0.25500967906891114, 0.2550095414383158, 0.2550094640126914, 0.255009455928648, 0.25500945389088836]}, "9": {"maxiter": 1000, "fatol": 1e-05, "xatol": 1e-10, "duration": 0.5247030258178711, "fun": "0.25500945361501115", "nit": "1000", "nfev": "1524", "status": "2", "success": "False", "message": "Maximum number of iterations has been exceeded.", "x": "[ 4.71475638 -1.99363307  0.8717062   2.73684286 14.7921832  10.70256406]", "final_simplex": "(array([[ 4.71475638, -1.99363307,  0.8717062 ,  2.73684286, 14.7921832 ,\n        10.70256406],\n       [ 4.714721  , -1.99363858,  0.87169356,  2.73685419, 14.79222165,\n        10.7026102 ],\n       [ 4.71477624, -1.9936618 ,  0.87168801,  2.73688569, 14.79212554,\n        10.70250186],\n       [ 4.71469145, -1.9936777 ,  0.87171985,  2.73682574, 14.79225302,\n        10.70262798],\n       [ 4.71473122, -1.99364431,  0.87169869,  2.7368414 , 14.79214197,\n        10.70252801],\n       [ 4.71473233, -1.99369157,  0.87165907,  2.73684789, 14.79213934,\n        10.70248315],\n       [ 4.71469249, -1.99366901,  0.87172989,  2.73682925, 14.7922301 ,\n        10.70255688]]), array([0.25500945, 0.25500945, 0.25500945, 0.25500945, 0.25500945,\n       0.25500945, 0.25500945]))", "callback": [0.8543537180513701, 0.7643280966122534, 0.6229495735618067, 0.4831520546900564, 0.4065659591859596, 0.3924180207724567, 0.39192246973390077, 0.3900505621835877, 0.3863178336016053, 0.38578554349353367, 0.3856111851597688, 0.3855769851925197, 0.3855760915334314, 0.38556346218570015, 0.3855618647929231, 0.38556125591444146, 0.3855611487986125, 0.3855610214764791, 0.3855609891604964, 0.38556084566134774, 0.38556052796065376, 0.38555909619493767, 0.385556884909388, 0.38555202053987203, 0.38553836987706136, 0.38548172681712045, 0.38524570078575127, 0.38403921627000903, 0.3776352047053445, 0.3721687277618173, 0.36840310140687926, 0.36334429133397717, 0.3595298300480164, 0.35743105438035605, 0.3569764722415276, 0.3544374009707779, 0.3508378431879682, 0.34948181680138624, 0.3487640081002319, 0.34833681192474464, 0.3478487190488011, 0.34666025311292703, 0.34633946430787677, 0.34617242431157924, 0.34603871961207, 0.3458808442388783, 0.34524456808424553, 0.34196010829358225, 0.33227782418673024, 0.3221848313986324, 0.3000355545043225, 0.27580020831734453, 0.2698732172901578, 0.26684625083256497, 0.26469703689791246, 0.2606592878934678, 0.2599708744584034, 0.2596385435839501, 0.2594324373651983, 0.2594007686610953, 0.2593756525020616, 0.2593248887628534, 0.2592582981077458, 0.2591176102908531, 0.25906103503007916, 0.2590522846459846, 0.2590507245494298, 0.2590504379669377, 0.25905035097073625, 0.25905024363658424, 0.25904994254715286, 0.25904955191450596, 0.259048980124577, 0.2590473329375541, 0.2590390916505372, 0.2590161951440636, 0.258979474762946, 0.25895943873943283, 0.2589161322636484, 0.2588818487691562, 0.2588622536024472, 0.258846593914282, 0.25875081973591185, 0.25867178466546226, 0.2585216725455256, 0.2577820436919085, 0.25626098252267837, 0.2556952697258139, 0.25538733095335675, 0.2552624456129631, 0.2550783907921408, 0.2550368713219071, 0.25501787584176894, 0.2550131220141625, 0.2550106500102507, 0.25500967906891114, 0.2550095414383158, 0.2550094640126914, 0.255009455928648, 0.25500945389088836]}, "10": {"maxiter": 1000, "fatol": 1e-10, "xatol": 1e-05, "duration": 0.49936890602111816, "fun": "0.25500945361501115", "nit": "1000", "nfev": "1524", "status": "2", "success": "False", "message": "Maximum number of iterations has been exceeded.", "x": "[ 4.71475638 -1.99363307  0.8717062   2.73684286 14.7921832  10.70256406]", "final_simplex": "(array([[ 4.71475638, -1.99363307,  0.8717062 ,  2.73684286, 14.7921832 ,\n        10.70256406],\n       [ 4.714721  , -1.99363858,  0.87169356,  2.73685419, 14.79222165,\n        10.7026102 ],\n       [ 4.71477624, -1.9936618 ,  0.87168801,  2.73688569, 14.79212554,\n        10.70250186],\n       [ 4.71469145, -1.9936777 ,  0.87171985,  2.73682574, 14.79225302,\n        10.70262798],\n       [ 4.71473122, -1.99364431,  0.87169869,  2.7368414 , 14.79214197,\n        10.70252801],\n       [ 4.71473233, -1.99369157,  0.87165907,  2.73684789, 14.79213934,\n        10.70248315],\n       [ 4.71469249, -1.99366901,  0.87172989,  2.73682925, 14.7922301 ,\n        10.70255688]]), array([0.25500945, 0.25500945, 0.25500945, 0.25500945, 0.25500945,\n       0.25500945, 0.25500945]))", "callback": [0.8543537180513701, 0.7643280966122534, 0.6229495735618067, 0.4831520546900564, 0.4065659591859596, 0.3924180207724567, 0.39192246973390077, 0.3900505621835877, 0.3863178336016053, 0.38578554349353367, 0.3856111851597688, 0.3855769851925197, 0.3855760915334314, 0.38556346218570015, 0.3855618647929231, 0.38556125591444146, 0.3855611487986125, 0.3855610214764791, 0.3855609891604964, 0.38556084566134774, 0.38556052796065376, 0.38555909619493767, 0.385556884909388, 0.38555202053987203, 0.38553836987706136, 0.38548172681712045, 0.38524570078575127, 0.38403921627000903, 0.3776352047053445, 0.3721687277618173, 0.36840310140687926, 0.36334429133397717, 0.3595298300480164, 0.35743105438035605, 0.3569764722415276, 0.3544374009707779, 0.3508378431879682, 0.34948181680138624, 0.3487640081002319, 0.34833681192474464, 0.3478487190488011, 0.34666025311292703, 0.34633946430787677, 0.34617242431157924, 0.34603871961207, 0.3458808442388783, 0.34524456808424553, 0.34196010829358225, 0.33227782418673024, 0.3221848313986324, 0.3000355545043225, 0.27580020831734453, 0.2698732172901578, 0.26684625083256497, 0.26469703689791246, 0.2606592878934678, 0.2599708744584034, 0.2596385435839501, 0.2594324373651983, 0.2594007686610953, 0.2593756525020616, 0.2593248887628534, 0.2592582981077458, 0.2591176102908531, 0.25906103503007916, 0.2590522846459846, 0.2590507245494298, 0.2590504379669377, 0.25905035097073625, 0.25905024363658424, 0.25904994254715286, 0.25904955191450596, 0.259048980124577, 0.2590473329375541, 0.2590390916505372, 0.2590161951440636, 0.258979474762946, 0.25895943873943283, 0.2589161322636484, 0.2588818487691562, 0.2588622536024472, 0.258846593914282, 0.25875081973591185, 0.25867178466546226, 0.2585216725455256, 0.2577820436919085, 0.25626098252267837, 0.2556952697258139, 0.25538733095335675, 0.2552624456129631, 0.2550783907921408, 0.2550368713219071, 0.25501787584176894, 0.2550131220141625, 0.2550106500102507, 0.25500967906891114, 0.2550095414383158, 0.2550094640126914, 0.255009455928648, 0.25500945389088836]}, "11": {"maxiter": 1000, "fatol": 1e-10, "xatol": 1e-10, "duration": 0.49766016006469727, "fun": "0.25500945361501115", "nit": "1000", "nfev": "1524", "status": "2", "success": "False", "message": "Maximum number of iterations has been exceeded.", "x": "[ 4.71475638 -1.99363307  0.8717062   2.73684286 14.7921832  10.70256406]", "final_simplex": "(array([[ 4.71475638, -1.99363307,  0.8717062 ,  2.73684286, 14.7921832 ,\n        10.70256406],\n       [ 4.714721  , -1.99363858,  0.87169356,  2.73685419, 14.79222165,\n        10.7026102 ],\n       [ 4.71477624, -1.9936618 ,  0.87168801,  2.73688569, 14.79212554,\n        10.70250186],\n       [ 4.71469145, -1.9936777 ,  0.87171985,  2.73682574, 14.79225302,\n        10.70262798],\n       [ 4.71473122, -1.99364431,  0.87169869,  2.7368414 , 14.79214197,\n        10.70252801],\n       [ 4.71473233, -1.99369157,  0.87165907,  2.73684789, 14.79213934,\n        10.70248315],\n       [ 4.71469249, -1.99366901,  0.87172989,  2.73682925, 14.7922301 ,\n        10.70255688]]), array([0.25500945, 0.25500945, 0.25500945, 0.25500945, 0.25500945,\n       0.25500945, 0.25500945]))", "callback": [0.8543537180513701, 0.7643280966122534, 0.6229495735618067, 0.4831520546900564, 0.4065659591859596, 0.3924180207724567, 0.39192246973390077, 0.3900505621835877, 0.3863178336016053, 0.38578554349353367, 0.3856111851597688, 0.3855769851925197, 0.3855760915334314, 0.38556346218570015, 0.3855618647929231, 0.38556125591444146, 0.3855611487986125, 0.3855610214764791, 0.3855609891604964, 0.38556084566134774, 0.38556052796065376, 0.38555909619493767, 0.385556884909388, 0.38555202053987203, 0.38553836987706136, 0.38548172681712045, 0.38524570078575127, 0.38403921627000903, 0.3776352047053445, 0.3721687277618173, 0.36840310140687926, 0.36334429133397717, 0.3595298300480164, 0.35743105438035605, 0.3569764722415276, 0.3544374009707779, 0.3508378431879682, 0.34948181680138624, 0.3487640081002319, 0.34833681192474464, 0.3478487190488011, 0.34666025311292703, 0.34633946430787677, 0.34617242431157924, 0.34603871961207, 0.3458808442388783, 0.34524456808424553, 0.34196010829358225, 0.33227782418673024, 0.3221848313986324, 0.3000355545043225, 0.27580020831734453, 0.2698732172901578, 0.26684625083256497, 0.26469703689791246, 0.2606592878934678, 0.2599708744584034, 0.2596385435839501, 0.2594324373651983, 0.2594007686610953, 0.2593756525020616, 0.2593248887628534, 0.2592582981077458, 0.2591176102908531, 0.25906103503007916, 0.2590522846459846, 0.2590507245494298, 0.2590504379669377, 0.25905035097073625, 0.25905024363658424, 0.25904994254715286, 0.25904955191450596, 0.259048980124577, 0.2590473329375541, 0.2590390916505372, 0.2590161951440636, 0.258979474762946, 0.25895943873943283, 0.2589161322636484, 0.2588818487691562, 0.2588622536024472, 0.258846593914282, 0.25875081973591185, 0.25867178466546226, 0.2585216725455256, 0.2577820436919085, 0.25626098252267837, 0.2556952697258139, 0.25538733095335675, 0.2552624456129631, 0.2550783907921408, 0.2550368713219071, 0.25501787584176894, 0.2550131220141625, 0.2550106500102507, 0.25500967906891114, 0.2550095414383158, 0.2550094640126914, 0.255009455928648, 0.25500945389088836]}}, "bfgs": {"type": "gradient", "0": {"maxiter": 100, "gtol": 1e-05, "xrtol": 1e-05, "eps": 1e-05, "duration": 0.07261800765991211, "fun": "0.2550094530341487", "jac": "[-3.11002335e-06  1.04281028e-06 -1.82751592e-06  1.83995041e-06\n  1.80364612e-06 -5.75628434e-07]", "hess_inv": "[[ 4.84358067 -0.25601728 -0.99312968 -2.65581689 -0.18041967 -1.57074583]\n [-0.25601728  5.34996502  2.23799506 -1.24123707  2.00685254  3.69745659]\n [-0.99312968  2.23799506  5.91569524 -0.51511363  5.97392047  6.07702817]\n [-2.65581689 -1.24123707 -0.51511363  4.92435485 -0.16040366  0.85704628]\n [-0.18041967  2.00685254  5.97392047 -0.16040366 23.47273007 22.59909597]\n [-1.57074583  3.69745659  6.07702817  0.85704628 22.59909597 26.7633906 ]]", "nfev": "217", "njev": "31", "status": "0", "success": "True", "message": "Optimization terminated successfully.", "x": "[ 7.85157287  1.14790444 -2.26988561  2.73691627  8.50905454  4.41943638]", "nit": "25", "callback": [0.7324786722674326, 0.6985970374637624, 0.5335740461425402, 0.4674307422358147, 0.3939787994108672, 0.36890157348431873, 0.34834601346675764, 0.31468082273797315, 0.2796610987731495, 0.26308400921364894, 0.26012480932428683, 0.2596385719588338, 0.258810823132242, 0.2575608042525661, 0.25665845233579143, 0.2560529950299728, 0.2552538576678862, 0.2550510360716496, 0.25502452214577964, 0.2550167451909906, 0.2550140819359432, 0.2550105680191309, 0.25500958693957654, 0.25500945752926396, 0.2550094530341487]}, "1": {"maxiter": 100, "gtol": 1e-05, "xrtol": 1e-05, "eps": 1e-10, "duration": 0.08205103874206543, "fun": "0.2550094530197311", "jac": "[5.55111466e-06 3.33066880e-06 2.22044587e-06 1.11022293e-06\n 3.33066880e-06 0.00000000e+00]", "hess_inv": "[[ 6.30430047 -0.04550248 -0.35885939 -3.92932024  1.05298654 -0.63925968]\n [-0.04550248  4.97540843  2.02143783 -1.71355653  1.6078358   3.20785639]\n [-0.35885939  2.02143783  5.9223733  -1.28032047  5.96389824  5.86839856]\n [-3.92932024 -1.71355653 -1.28032047  5.83785975 -1.63225594 -0.38602021]\n [ 1.05298654  1.6078358   5.96389824 -1.63225594 23.26504984 21.96574439]\n [-0.63925968  3.20785639  5.86839856 -0.38602021 21.96574439 25.75676868]]", "nfev": "224", "njev": "32", "status": "0", "success": "True", "message": "Optimization terminated successfully.", "x": "[ 7.85162214  1.14791828 -2.26986492  2.73687921  8.50909498  4.41946939]", "nit": "26", "callback": [0.7324791594655623, 0.6985969307360447, 0.53360193155532, 0.46744473788695273, 0.3940078562747168, 0.36889567628094455, 0.34835052565459745, 0.3146840657585884, 0.2796349372631265, 0.26307523174201564, 0.2601184648914271, 0.2596320569106343, 0.25880478242392846, 0.25755680013137205, 0.25665774323673296, 0.25605054984391806, 0.2552521823888495, 0.25505146362461417, 0.25502475206565545, 0.25501683279382914, 0.2550141305706287, 0.2550105800066691, 0.2550095858300334, 0.2550094575248022, 0.25500945324866664, 0.2550094530197311]}, "2": {"maxiter": 100, "gtol": 1e-05, "xrtol": 1e-10, "eps": 1e-05, "duration": 0.07426714897155762, "fun": "0.2550094530341487", "jac": "[-3.11002335e-06  1.04281028e-06 -1.82751592e-06  1.83995041e-06\n  1.80364612e-06 -5.75628434e-07]", "hess_inv": "[[ 4.84358067 -0.25601728 -0.99312968 -2.65581689 -0.18041967 -1.57074583]\n [-0.25601728  5.34996502  2.23799506 -1.24123707  2.00685254  3.69745659]\n [-0.99312968  2.23799506  5.91569524 -0.51511363  5.97392047  6.07702817]\n [-2.65581689 -1.24123707 -0.51511363  4.92435485 -0.16040366  0.85704628]\n [-0.18041967  2.00685254  5.97392047 -0.16040366 23.47273007 22.59909597]\n [-1.57074583  3.69745659  6.07702817  0.85704628 22.59909597 26.7633906 ]]", "nfev": "217", "njev": "31", "status": "0", "success": "True", "message": "Optimization terminated successfully.", "x": "[ 7.85157287  1.14790444 -2.26988561  2.73691627  8.50905454  4.41943638]", "nit": "25", "callback": [0.7324786722674326, 0.6985970374637624, 0.5335740461425402, 0.4674307422358147, 0.3939787994108672, 0.36890157348431873, 0.34834601346675764, 0.31468082273797315, 0.2796610987731495, 0.26308400921364894, 0.26012480932428683, 0.2596385719588338, 0.258810823132242, 0.2575608042525661, 0.25665845233579143, 0.2560529950299728, 0.2552538576678862, 0.2550510360716496, 0.25502452214577964, 0.2550167451909906, 0.2550140819359432, 0.2550105680191309, 0.25500958693957654, 0.25500945752926396, 0.2550094530341487]}, "3": {"maxiter": 100, "gtol": 1e-05, "xrtol": 1e-10, "eps": 1e-10, "duration": 0.07175207138061523, "fun": "0.2550094530197311", "jac": "[5.55111466e-06 3.33066880e-06 2.22044587e-06 1.11022293e-06\n 3.33066880e-06 0.00000000e+00]", "hess_inv": "[[ 6.30430047 -0.04550248 -0.35885939 -3.92932024  1.05298654 -0.63925968]\n [-0.04550248  4.97540843  2.02143783 -1.71355653  1.6078358   3.20785639]\n [-0.35885939  2.02143783  5.9223733  -1.28032047  5.96389824  5.86839856]\n [-3.92932024 -1.71355653 -1.28032047  5.83785975 -1.63225594 -0.38602021]\n [ 1.05298654  1.6078358   5.96389824 -1.63225594 23.26504984 21.96574439]\n [-0.63925968  3.20785639  5.86839856 -0.38602021 21.96574439 25.75676868]]", "nfev": "224", "njev": "32", "status": "0", "success": "True", "message": "Optimization terminated successfully.", "x": "[ 7.85162214  1.14791828 -2.26986492  2.73687921  8.50909498  4.41946939]", "nit": "26", "callback": [0.7324791594655623, 0.6985969307360447, 0.53360193155532, 0.46744473788695273, 0.3940078562747168, 0.36889567628094455, 0.34835052565459745, 0.3146840657585884, 0.2796349372631265, 0.26307523174201564, 0.2601184648914271, 0.2596320569106343, 0.25880478242392846, 0.25755680013137205, 0.25665774323673296, 0.25605054984391806, 0.2552521823888495, 0.25505146362461417, 0.25502475206565545, 0.25501683279382914, 0.2550141305706287, 0.2550105800066691, 0.2550095858300334, 0.2550094575248022, 0.25500945324866664, 0.2550094530197311]}, "4": {"maxiter": 100, "gtol": 1e-10, "xrtol": 1e-05, "eps": 1e-05, "duration": 0.0788421630859375, "fun": "0.2550094530324578", "jac": "[-5.22937249e-07  1.66600067e-07 -1.92690308e-07 -3.29047900e-07\n  2.68252087e-07 -1.97175609e-08]", "hess_inv": "[[ 5.31523309 -0.30963678 -0.96000399 -3.12491834 -0.4141792  -1.88782001]\n [-0.30963678  5.35419549  2.24189309 -1.19330023  2.07515402  3.77749969]\n [-0.96000399  2.24189309  5.88653207 -0.52590267  5.78605491  5.87398389]\n [-3.12491834 -1.19330023 -0.52590267  5.37532817  0.19272964  1.29960666]\n [-0.4141792   2.07515402  5.78605491  0.19272964 22.65512552 21.77200071]\n [-1.88782001  3.77749969  5.87398389  1.29960666 21.77200071 25.93875892]]", "nfev": "224", "njev": "32", "status": "0", "success": "True", "message": "Optimization terminated successfully.", "x": "[ 7.85159338  1.14790262 -2.26988626  2.73689734  8.50903298  4.41941057]", "nit": "26", "callback": [0.7324786722674326, 0.6985970374637624, 0.5335740461425402, 0.4674307422358147, 0.3939787994108672, 0.36890157348431873, 0.34834601346675764, 0.31468082273797315, 0.2796610987731495, 0.26308400921364894, 0.26012480932428683, 0.2596385719588338, 0.258810823132242, 0.2575608042525661, 0.25665845233579143, 0.2560529950299728, 0.2552538576678862, 0.2550510360716496, 0.25502452214577964, 0.2550167451909906, 0.2550140819359432, 0.2550105680191309, 0.25500958693957654, 0.25500945752926396, 0.2550094530341487, 0.2550094530324578]}, "5": {"maxiter": 100, "gtol": 1e-10, "xrtol": 1e-05, "eps": 1e-10, "duration": 0.0751957893371582, "fun": "0.2550094530197311", "jac": "[5.55111466e-06 3.33066880e-06 2.22044587e-06 1.11022293e-06\n 3.33066880e-06 0.00000000e+00]", "hess_inv": "[[ 6.30430047 -0.04550248 -0.35885939 -3.92932024  1.05298654 -0.63925968]\n [-0.04550248  4.97540843  2.02143783 -1.71355653  1.6078358   3.20785639]\n [-0.35885939  2.02143783  5.9223733  -1.28032047  5.96389824  5.86839856]\n [-3.92932024 -1.71355653 -1.28032047  5.83785975 -1.63225594 -0.38602021]\n [ 1.05298654  1.6078358   5.96389824 -1.63225594 23.26504984 21.96574439]\n [-0.63925968  3.20785639  5.86839856 -0.38602021 21.96574439 25.75676868]]", "nfev": "224", "njev": "32", "status": "0", "success": "True", "message": "Optimization terminated successfully.", "x": "[ 7.85162214  1.14791828 -2.26986492  2.73687921  8.50909498  4.41946939]", "nit": "26", "callback": [0.7324791594655623, 0.6985969307360447, 0.53360193155532, 0.46744473788695273, 0.3940078562747168, 0.36889567628094455, 0.34835052565459745, 0.3146840657585884, 0.2796349372631265, 0.26307523174201564, 0.2601184648914271, 0.2596320569106343, 0.25880478242392846, 0.25755680013137205, 0.25665774323673296, 0.25605054984391806, 0.2552521823888495, 0.25505146362461417, 0.25502475206565545, 0.25501683279382914, 0.2550141305706287, 0.2550105800066691, 0.2550095858300334, 0.2550094575248022, 0.25500945324866664, 0.2550094530197311]}, "6": {"maxiter": 100, "gtol": 1e-10, "xrtol": 1e-10, "eps": 1e-05, "duration": 0.14913105964660645, "fun": "0.2550094530324578", "jac": "[-5.22937249e-07  1.66600067e-07 -1.92690308e-07 -3.29047900e-07\n  2.68252087e-07 -1.97175609e-08]", "hess_inv": "[[ 5.67317149 -0.58495994 -1.2059263  -3.13561366 -1.37889419 -2.92731262]\n [-0.58495994  5.40029143  2.27149413 -0.96763405  2.41688648  4.17625485]\n [-1.2059263   2.27149413  5.90182712 -0.30914689  6.06333342  6.20216121]\n [-3.13561366 -0.96763405 -0.30914689  5.09027943  0.74693456  1.85669641]\n [-1.37889419  2.41688648  6.06333342  0.74693456 24.28797201 23.60519021]\n [-2.92731262  4.17625485  6.20216121  1.85669641 23.60519021 27.9879119 ]]", "nfev": "467", "njev": "65", "status": "2", "success": "False", "message": "Desired error not necessarily achieved due to precision loss.", "x": "[ 7.85159338  1.14790262 -2.26988626  2.73689734  8.50903298  4.41941057]", "nit": "26", "callback": [0.7324786722674326, 0.6985970374637624, 0.5335740461425402, 0.4674307422358147, 0.3939787994108672, 0.36890157348431873, 0.34834601346675764, 0.31468082273797315, 0.2796610987731495, 0.26308400921364894, 0.26012480932428683, 0.2596385719588338, 0.258810823132242, 0.2575608042525661, 0.25665845233579143, 0.2560529950299728, 0.2552538576678862, 0.2550510360716496, 0.25502452214577964, 0.2550167451909906, 0.2550140819359432, 0.2550105680191309, 0.25500958693957654, 0.25500945752926396, 0.2550094530341487, 0.2550094530324578]}, "7": {"maxiter": 100, "gtol": 1e-10, "xrtol": 1e-10, "eps": 1e-10, "duration": 0.17598795890808105, "fun": "0.25500945292713884", "jac": "[ 1.11022293e-06 -1.11022293e-06 -1.11022293e-06  1.11022293e-06\n -1.11022293e-06  1.11022293e-06]", "hess_inv": "[[  4.2990229   -7.51611062  -3.22744201  -0.48804473  -7.76847207\n  -17.08745745]\n [ -7.51611062  14.37283531   5.80468716  -0.49883176  13.06916795\n   29.96322473]\n [ -3.22744201   5.80468716   5.29766435  -0.11887725   8.46382427\n   15.4973031 ]\n [ -0.48804473  -0.49883176  -0.11887725   2.94855855   1.84326048\n    2.49199881]\n [ -7.76847207  13.06916795   8.46382427   1.84326048  17.15163795\n   33.82527447]\n [-17.08745745  29.96322473  15.4973031    2.49199881  33.82527447\n   77.20414346]]", "nfev": "497", "njev": "71", "status": "0", "success": "True", "message": "Optimization terminated successfully.", "x": "[ 7.85158538  1.14791246 -2.26986716  2.73690544  8.50908977  4.41947743]", "nit": "32", "callback": [0.7324791594655623, 0.6985969307360447, 0.53360193155532, 0.46744473788695273, 0.3940078562747168, 0.36889567628094455, 0.34835052565459745, 0.3146840657585884, 0.2796349372631265, 0.26307523174201564, 0.2601184648914271, 0.2596320569106343, 0.25880478242392846, 0.25755680013137205, 0.25665774323673296, 0.25605054984391806, 0.2552521823888495, 0.25505146362461417, 0.25502475206565545, 0.25501683279382914, 0.2550141305706287, 0.2550105800066691, 0.2550095858300334, 0.2550094575248022, 0.25500945324866664, 0.2550094530197311, 0.25500945301057243, 0.2550094529440359, 0.25500945292714716, 0.25500945292714017, 0.25500945292713884, 0.25500945292713884]}, "8": {"maxiter": 500, "gtol": 1e-05, "xrtol": 1e-05, "eps": 1e-05, "duration": 0.06935906410217285, "fun": "0.2550094530341487", "jac": "[-3.11002