{"date": "2024/10/08/, 17:46:38", "conf_id": 17, "data_type": "random\n", "num_data_points": 1, "s_rank": 0, "unitary": "[[0.18663085-0.53122324j,-0.11886349-0.70040876j,0.28555095-0.02789305j,-0.12262021-0.2844587j],[-0.16702216+0.27758472j,0.27526351-0.29738586j,-0.01109314+0.22495461j,-0.77239203+0.28900673j],[0.61935415+0.12301792j,-0.31269928-0.03315917j,-0.61902762-0.19039079j,-0.27120731-0.0968989j],[0.42341754+0.0023929j,-0.05847358+0.47832119j,0.64900495-0.16218422j,-0.37182676-0.05229966j]]", "databatch_0": {"databatch": "[[[-0.09982213+0.05819637j,0.31559628+0.24783365j,-0.05027755+0.05376914j,0.03308919+0.03876535j],[-0.39564916+0.05259059j,-0.09499137-0.27218948j,0.30705689-0.14329855j,-0.09573405+0.15976143j],[-0.09081101-0.07081308j,0.07351958-0.1239636j,-0.31941774-0.14176635j,-0.06290594+0.04970175j],[-0.23544923+0.10103484j,0.03443063-0.16947653j,0.03709228-0.12486005j,-0.25406452-0.29331742j]]]", "initial param values": "[4.57952575,2.96181796,5.58228417,2.27863233,4.30542132,5.17450564]", "nelder_mead": {"type": "gradient-free", "0": {"maxiter": 100, "fatol": 1e-05, "xatol": 1e-05, "duration": 0.050163984298706055, "fun": "0.3036848212608323", "nit": "100", "nfev": "162", "status": "2", "success": "False", "message": "Maximum number of iterations has been exceeded.", "x": "[4.94914844 4.06112435 6.6247004  2.85583888 1.62770213 3.52716091]", "final_simplex": "(array([[4.94914844, 4.06112435, 6.6247004 , 2.85583888, 1.62770213,\n        3.52716091],\n       [4.9751666 , 4.18674693, 6.56221425, 2.88098371, 1.47318979,\n        3.43651839],\n       [4.96831309, 4.1538879 , 6.62194175, 2.90843355, 1.55746672,\n        3.44912155],\n       [4.9467733 , 4.11295579, 6.55872637, 2.89548793, 1.52144901,\n        3.48823503],\n       [5.0066845 , 4.16663777, 6.54368962, 2.88760029, 1.60678473,\n        3.49579553],\n       [4.9830911 , 4.19013605, 6.58566999, 2.90191891, 1.60793153,\n        3.52701379],\n       [5.02693485, 4.10333644, 6.6339207 , 2.90817743, 1.70232766,\n        3.59986183]]), array([0.30368482, 0.30479937, 0.3063209 , 0.3073732 , 0.3083381 ,\n       0.30971339, 0.31053613]))", "callback": [0.7676741990521683, 0.6453295706221999, 0.4743111448112536, 0.41958896389995737, 0.36757534354541, 0.33573733611258993, 0.31901307747903784, 0.3156493090946739, 0.313472284164548, 0.31053613127493906]}, "1": {"maxiter": 100, "fatol": 1e-05, "xatol": 1e-10, "duration": 0.0462191104888916, "fun": "0.3036848212608323", "nit": "100", "nfev": "162", "status": "2", "success": "False", "message": "Maximum number of iterations has been exceeded.", "x": "[4.94914844 4.06112435 6.6247004  2.85583888 1.62770213 3.52716091]", "final_simplex": "(array([[4.94914844, 4.06112435, 6.6247004 , 2.85583888, 1.62770213,\n        3.52716091],\n       [4.9751666 , 4.18674693, 6.56221425, 2.88098371, 1.47318979,\n        3.43651839],\n       [4.96831309, 4.1538879 , 6.62194175, 2.90843355, 1.55746672,\n        3.44912155],\n       [4.9467733 , 4.11295579, 6.55872637, 2.89548793, 1.52144901,\n        3.48823503],\n       [5.0066845 , 4.16663777, 6.54368962, 2.88760029, 1.60678473,\n        3.49579553],\n       [4.9830911 , 4.19013605, 6.58566999, 2.90191891, 1.60793153,\n        3.52701379],\n       [5.02693485, 4.10333644, 6.6339207 , 2.90817743, 1.70232766,\n        3.59986183]]), array([0.30368482, 0.30479937, 0.3063209 , 0.3073732 , 0.3083381 ,\n       0.30971339, 0.31053613]))", "callback": [0.7676741990521683, 0.6453295706221999, 0.4743111448112536, 0.41958896389995737, 0.36757534354541, 0.33573733611258993, 0.31901307747903784, 0.3156493090946739, 0.313472284164548, 0.31053613127493906]}, "2": {"maxiter": 100, "fatol": 1e-10, "xatol": 1e-05, "duration": 0.048941850662231445, "fun": "0.3036848212608323", "nit": "100", "nfev": "162", "status": "2", "success": "False", "message": "Maximum number of iterations has been exceeded.", "x": "[4.94914844 4.06112435 6.6247004  2.85583888 1.62770213 3.52716091]", "final_simplex": "(array([[4.94914844, 4.06112435, 6.6247004 , 2.85583888, 1.62770213,\n        3.52716091],\n       [4.9751666 , 4.18674693, 6.56221425, 2.88098371, 1.47318979,\n        3.43651839],\n       [4.96831309, 4.1538879 , 6.62194175, 2.90843355, 1.55746672,\n        3.44912155],\n       [4.9467733 , 4.11295579, 6.55872637, 2.89548793, 1.52144901,\n        3.48823503],\n       [5.0066845 , 4.16663777, 6.54368962, 2.88760029, 1.60678473,\n        3.49579553],\n       [4.9830911 , 4.19013605, 6.58566999, 2.90191891, 1.60793153,\n        3.52701379],\n       [5.02693485, 4.10333644, 6.6339207 , 2.90817743, 1.70232766,\n        3.59986183]]), array([0.30368482, 0.30479937, 0.3063209 , 0.3073732 , 0.3083381 ,\n       0.30971339, 0.31053613]))", "callback": [0.7676741990521683, 0.6453295706221999, 0.4743111448112536, 0.41958896389995737, 0.36757534354541, 0.33573733611258993, 0.31901307747903784, 0.3156493090946739, 0.313472284164548, 0.31053613127493906]}, "3": {"maxiter": 100, "fatol": 1e-10, "xatol": 1e-10, "duration": 0.04470014572143555, "fun": "0.3036848212608323", "nit": "100", "nfev": "162", "status": "2", "success": "False", "message": "Maximum number of iterations has been exceeded.", "x": "[4.94914844 4.06112435 6.6247004  2.85583888 1.62770213 3.52716091]", "final_simplex": "(array([[4.94914844, 4.06112435, 6.6247004 , 2.85583888, 1.62770213,\n        3.52716091],\n       [4.9751666 , 4.18674693, 6.56221425, 2.88098371, 1.47318979,\n        3.43651839],\n       [4.96831309, 4.1538879 , 6.62194175, 2.90843355, 1.55746672,\n        3.44912155],\n       [4.9467733 , 4.11295579, 6.55872637, 2.89548793, 1.52144901,\n        3.48823503],\n       [5.0066845 , 4.16663777, 6.54368962, 2.88760029, 1.60678473,\n        3.49579553],\n       [4.9830911 , 4.19013605, 6.58566999, 2.90191891, 1.60793153,\n        3.52701379],\n       [5.02693485, 4.10333644, 6.6339207 , 2.90817743, 1.70232766,\n        3.59986183]]), array([0.30368482, 0.30479937, 0.3063209 , 0.3073732 , 0.3083381 ,\n       0.30971339, 0.31053613]))", "callback": [0.7676741990521683, 0.6453295706221999, 0.4743111448112536, 0.41958896389995737, 0.36757534354541, 0.33573733611258993, 0.31901307747903784, 0.3156493090946739, 0.313472284164548, 0.31053613127493906]}, "4": {"maxiter": 500, "fatol": 1e-05, "xatol": 1e-05, "duration": 0.16049885749816895, "fun": "0.2556454399140282", "nit": "344", "nfev": "555", "status": "0", "success": "True", "message": "Optimization terminated successfully.", "x": "[4.87324358 4.09221979 6.63046122 2.44256598 0.86480428 2.69517804]", "final_simplex": "(array([[4.87324358, 4.09221979, 6.63046122, 2.44256598, 0.86480428,\n        2.69517804],\n       [4.87324367, 4.09222197, 6.63046401, 2.44256543, 0.8648061 ,\n        2.69518415],\n       [4.87324614, 4.09222332, 6.63046127, 2.44256533, 0.86479567,\n        2.69517534],\n       [4.87324074, 4.0922251 , 6.63045608, 2.44256245, 0.86480103,\n        2.69517841],\n       [4.87324397, 4.09221469, 6.63045988, 2.44256051, 0.86480174,\n        2.69518207],\n       [4.87324008, 4.09222342, 6.63046714, 2.44256034, 0.86480871,\n        2.69518505],\n       [4.87324851, 4.0922256 , 6.6304602 , 2.44256074, 0.8648029 ,\n        2.69518189]]), array([0.25564544, 0.25564544, 0.25564544, 0.25564544, 0.25564544,\n       0.25564544, 0.25564544]))", "callback": [0.7676741990521683, 0.6453295706221999, 0.4743111448112536, 0.41958896389995737, 0.36757534354541, 0.33573733611258993, 0.31901307747903784, 0.3156493090946739, 0.313472284164548, 0.31053613127493906, 0.2965047044651603, 0.2737188574251592, 0.26125492733794375, 0.25946387974680074, 0.25688634163460367, 0.25601201145308705, 0.2558800918946189, 0.25576842549982937, 0.25569878794665646, 0.2556667543019826, 0.25565483742319606, 0.2556501770080908, 0.2556473774579714, 0.2556459348903666, 0.25564580266162973, 0.2556455527330227, 0.25564550299666344, 0.25564546625332496, 0.2556454487536719, 0.2556454446960783, 0.25564544112377163, 0.25564544010868273, 0.25564544008978096, 0.255645439924138, 0.25564543991975086]}, "5": {"maxiter": 500, "fatol": 1e-05, "xatol": 1e-10, "duration": 0.22712397575378418, "fun": "0.25564543991099953", "nit": "443", "nfev": "777", "status": "0", "success": "True", "message": "Optimization terminated successfully.", "x": "[4.87324332 4.09221934 6.63046089 2.44256406 0.86480232 2.69517968]", "final_simplex": "(array([[4.87324332, 4.09221934, 6.63046089, 2.44256406, 0.86480232,\n        2.69517968],\n       [4.87324332, 4.09221934, 6.63046089, 2.44256406, 0.86480232,\n        2.69517968],\n       [4.87324332, 4.09221934, 6.63046089, 2.44256406, 0.86480232,\n        2.69517968],\n       [4.87324332, 4.09221934, 6.63046089, 2.44256406, 0.86480232,\n        2.69517968],\n       [4.87324332, 4.09221934, 6.63046089, 2.44256406, 0.86480232,\n        2.69517968],\n       [4.87324332, 4.09221934, 6.63046089, 2.44256406, 0.86480232,\n        2.69517968],\n       [4.87324332, 4.09221934, 6.63046089, 2.44256406, 0.86480232,\n        2.69517968]]), array([0.25564544, 0.25564544, 0.25564544, 0.25564544, 0.25564544,\n       0.25564544, 0.25564544]))", "callback": [0.7676741990521683, 0.6453295706221999, 0.4743111448112536, 0.41958896389995737, 0.36757534354541, 0.33573733611258993, 0.31901307747903784, 0.3156493090946739, 0.313472284164548, 0.31053613127493906, 0.2965047044651603, 0.2737188574251592, 0.26125492733794375, 0.25946387974680074, 0.25688634163460367, 0.25601201145308705, 0.2558800918946189, 0.25576842549982937, 0.25569878794665646, 0.2556667543019826, 0.25565483742319606, 0.2556501770080908, 0.2556473774579714, 0.2556459348903666, 0.25564580266162973, 0.2556455527330227, 0.25564550299666344, 0.25564546625332496, 0.2556454487536719, 0.2556454446960783, 0.25564544112377163, 0.25564544010868273, 0.25564544008978096, 0.255645439924138, 0.25564543991975086, 0.25564543991202526, 0.2556454399111221, 0.25564543991110833, 0.25564543991101707, 0.25564543991100275, 0.25564543991100064, 0.2556454399110001, 0.25564543991099964, 0.25564543991099953, 0.25564543991099953]}, "6": {"maxiter": 500, "fatol": 1e-10, "xatol": 1e-05, "duration": 0.16000795364379883, "fun": "0.2556454399140282", "nit": "344", "nfev": "555", "status": "0", "success": "True", "message": "Optimization terminated successfully.", "x": "[4.87324358 4.09221979 6.63046122 2.44256598 0.86480428 2.69517804]", "final_simplex": "(array([[4.87324358, 4.09221979, 6.63046122, 2.44256598, 0.86480428,\n        2.69517804],\n       [4.87324367, 4.09222197, 6.63046401, 2.44256543, 0.8648061 ,\n        2.69518415],\n       [4.87324614, 4.09222332, 6.63046127, 2.44256533, 0.86479567,\n        2.69517534],\n       [4.87324074, 4.0922251 , 6.63045608, 2.44256245, 0.86480103,\n        2.69517841],\n       [4.87324397, 4.09221469, 6.63045988, 2.44256051, 0.86480174,\n        2.69518207],\n       [4.87324008, 4.09222342, 6.63046714, 2.44256034, 0.86480871,\n        2.69518505],\n       [4.87324851, 4.0922256 , 6.6304602 , 2.44256074, 0.8648029 ,\n        2.69518189]]), array([0.25564544, 0.25564544, 0.25564544, 0.25564544, 0.25564544,\n       0.25564544, 0.25564544]))", "callback": [0.7676741990521683, 0.6453295706221999, 0.4743111448112536, 0.41958896389995737, 0.36757534354541, 0.33573733611258993, 0.31901307747903784, 0.3156493090946739, 0.313472284164548, 0.31053613127493906, 0.2965047044651603, 0.2737188574251592, 0.26125492733794375, 0.25946387974680074, 0.25688634163460367, 0.25601201145308705, 0.2558800918946189, 0.25576842549982937, 0.25569878794665646, 0.2556667543019826, 0.25565483742319606, 0.2556501770080908, 0.2556473774579714, 0.2556459348903666, 0.25564580266162973, 0.2556455527330227, 0.25564550299666344, 0.25564546625332496, 0.2556454487536719, 0.2556454446960783, 0.25564544112377163, 0.25564544010868273, 0.25564544008978096, 0.255645439924138, 0.25564543991975086]}, "7": {"maxiter": 500, "fatol": 1e-10, "xatol": 1e-10, "duration": 0.22190523147583008, "fun": "0.25564543991099953", "nit": "443", "nfev": "777", "status": "0", "success": "True", "message": "Optimization terminated successfully.", "x": "[4.87324332 4.09221934 6.63046089 2.44256406 0.86480232 2.69517968]", "final_simplex": "(array([[4.87324332, 4.09221934, 6.63046089, 2.44256406, 0.86480232,\n        2.69517968],\n       [4.87324332, 4.09221934, 6.63046089, 2.44256406, 0.86480232,\n        2.69517968],\n       [4.87324332, 4.09221934, 6.63046089, 2.44256406, 0.86480232,\n        2.69517968],\n       [4.87324332, 4.09221934, 6.63046089, 2.44256406, 0.86480232,\n        2.69517968],\n       [4.87324332, 4.09221934, 6.63046089, 2.44256406, 0.86480232,\n        2.69517968],\n       [4.87324332, 4.09221934, 6.63046089, 2.44256406, 0.86480232,\n        2.69517968],\n       [4.87324332, 4.09221934, 6.63046089, 2.44256406, 0.86480232,\n        2.69517968]]), array([0.25564544, 0.25564544, 0.25564544, 0.25564544, 0.25564544,\n       0.25564544, 0.25564544]))", "callback": [0.7676741990521683, 0.6453295706221999, 0.4743111448112536, 0.41958896389995737, 0.36757534354541, 0.33573733611258993, 0.31901307747903784, 0.3156493090946739, 0.313472284164548, 0.31053613127493906, 0.2965047044651603, 0.2737188574251592, 0.26125492733794375, 0.25946387974680074, 0.25688634163460367, 0.25601201145308705, 0.2558800918946189, 0.25576842549982937, 0.25569878794665646, 0.2556667543019826, 0.25565483742319606, 0.2556501770080908, 0.2556473774579714, 0.2556459348903666, 0.25564580266162973, 0.2556455527330227, 0.25564550299666344, 0.25564546625332496, 0.2556454487536719, 0.2556454446960783, 0.25564544112377163, 0.25564544010868273, 0.25564544008978096, 0.255645439924138, 0.25564543991975086, 0.25564543991202526, 0.2556454399111221, 0.25564543991110833, 0.25564543991101707, 0.25564543991100275, 0.25564543991100064, 0.2556454399110001, 0.25564543991099964, 0.25564543991099953, 0.25564543991099953]}, "8": {"maxiter": 1000, "fatol": 1e-05, "xatol": 1e-05, "duration": 0.16289210319519043, "fun": "0.2556454399140282", "nit": "344", "nfev": "555", "status": "0", "success": "True", "message": "Optimization terminated successfully.", "x": "[4.87324358 4.09221979 6.63046122 2.44256598 0.86480428 2.69517804]", "final_simplex": "(array([[4.87324358, 4.09221979, 6.63046122, 2.44256598, 0.86480428,\n        2.69517804],\n       [4.87324367, 4.09222197, 6.63046401, 2.44256543, 0.8648061 ,\n        2.69518415],\n       [4.87324614, 4.09222332, 6.63046127, 2.44256533, 0.86479567,\n        2.69517534],\n       [4.87324074, 4.0922251 , 6.63045608, 2.44256245, 0.86480103,\n        2.69517841],\n       [4.87324397, 4.09221469, 6.63045988, 2.44256051, 0.86480174,\n        2.69518207],\n       [4.87324008, 4.09222342, 6.63046714, 2.44256034, 0.86480871,\n        2.69518505],\n       [4.87324851, 4.0922256 , 6.6304602 , 2.44256074, 0.8648029 ,\n        2.69518189]]), array([0.25564544, 0.25564544, 0.25564544, 0.25564544, 0.25564544,\n       0.25564544, 0.25564544]))", "callback": [0.7676741990521683, 0.6453295706221999, 0.4743111448112536, 0.41958896389995737, 0.36757534354541, 0.33573733611258993, 0.31901307747903784, 0.3156493090946739, 0.313472284164548, 0.31053613127493906, 0.2965047044651603, 0.2737188574251592, 0.26125492733794375, 0.25946387974680074, 0.25688634163460367, 0.25601201145308705, 0.2558800918946189, 0.25576842549982937, 0.25569878794665646, 0.2556667543019826, 0.25565483742319606, 0.2556501770080908, 0.2556473774579714, 0.2556459348903666, 0.25564580266162973, 0.2556455527330227, 0.25564550299666344, 0.25564546625332496, 0.2556454487536719, 0.2556454446960783, 0.25564544112377163, 0.25564544010868273, 0.25564544008978096, 0.255645439924138, 0.25564543991975086]}, "9": {"maxiter": 1000, "fatol": 1e-05, "xatol": 1e-10, "duration": 0.24075746536254883, "fun": "0.25564543991099953", "nit": "443", "nfev": "777", "status": "0", "success": "True", "message": "Optimization terminated successfully.", "x": "[4.87324332 4.09221934 6.63046089 2.44256406 0.86480232 2.69517968]", "final_simplex": "(array([[4.87324332, 4.09221934, 6.63046089, 2.44256406, 0.86480232,\n        2.69517968],\n       [4.87324332, 4.09221934, 6.63046089, 2.44256406, 0.86480232,\n        2.69517968],\n       [4.87324332, 4.09221934, 6.63046089, 2.44256406, 0.86480232,\n        2.69517968],\n       [4.87324332, 4.09221934, 6.63046089, 2.44256406, 0.86480232,\n        2.69517968],\n       [4.87324332, 4.09221934, 6.63046089, 2.44256406, 0.86480232,\n        2.69517968],\n       [4.87324332, 4.09221934, 6.63046089, 2.44256406, 0.86480232,\n        2.69517968],\n       [4.87324332, 4.09221934, 6.63046089, 2.44256406, 0.86480232,\n        2.69517968]]), array([0.25564544, 0.25564544, 0.25564544, 0.25564544, 0.25564544,\n       0.25564544, 0.25564544]))", "callback": [0.7676741990521683, 0.6453295706221999, 0.4743111448112536, 0.41958896389995737, 0.36757534354541, 0.33573733611258993, 0.31901307747903784, 0.3156493090946739, 0.313472284164548, 0.31053613127493906, 0.2965047044651603, 0.2737188574251592, 0.26125492733794375, 0.25946387974680074, 0.25688634163460367, 0.25601201145308705, 0.2558800918946189, 0.25576842549982937, 0.25569878794665646, 0.2556667543019826, 0.25565483742319606, 0.2556501770080908, 0.2556473774579714, 0.2556459348903666, 0.25564580266162973, 0.2556455527330227, 0.25564550299666344, 0.25564546625332496, 0.2556454487536719, 0.2556454446960783, 0.25564544112377163, 0.25564544010868273, 0.25564544008978096, 0.255645439924138, 0.25564543991975086, 0.25564543991202526, 0.2556454399111221, 0.25564543991110833, 0.25564543991101707, 0.25564543991100275, 0.25564543991100064, 0.2556454399110001, 0.25564543991099964, 0.25564543991099953, 0.25564543991099953]}, "10": {"maxiter": 1000, "fatol": 1e-10, "xatol": 1e-05, "duration": 0.159621000289917, "fun": "0.2556454399140282", "nit": "344", "nfev": "555", "status": "0", "success": "True", "message": "Optimization terminated successfully.", "x": "[4.87324358 4.09221979 6.63046122 2.44256598 0.86480428 2.69517804]", "final_simplex": "(array([[4.87324358, 4.09221979, 6.63046122, 2.44256598, 0.86480428,\n        2.69517804],\n       [4.87324367, 4.09222197, 6.63046401, 2.44256543, 0.8648061 ,\n        2.69518415],\n       [4.87324614, 4.09222332, 6.63046127, 2.44256533, 0.86479567,\n        2.69517534],\n       [4.87324074, 4.0922251 , 6.63045608, 2.44256245, 0.86480103,\n        2.69517841],\n       [4.87324397, 4.09221469, 6.63045988, 2.44256051, 0.86480174,\n        2.69518207],\n       [4.87324008, 4.09222342, 6.63046714, 2.44256034, 0.86480871,\n        2.69518505],\n       [4.87324851, 4.0922256 , 6.6304602 , 2.44256074, 0.8648029 ,\n        2.69518189]]), array([0.25564544, 0.25564544, 0.25564544, 0.25564544, 0.25564544,\n       0.25564544, 0.25564544]))", "callback": [0.7676741990521683, 0.6453295706221999, 0.4743111448112536, 0.41958896389995737, 0.36757534354541, 0.33573733611258993, 0.31901307747903784, 0.3156493090946739, 0.313472284164548, 0.31053613127493906, 0.2965047044651603, 0.2737188574251592, 0.26125492733794375, 0.25946387974680074, 0.25688634163460367, 0.25601201145308705, 0.2558800918946189, 0.25576842549982937, 0.25569878794665646, 0.2556667543019826, 0.25565483742319606, 0.2556501770080908, 0.2556473774579714, 0.2556459348903666, 0.25564580266162973, 0.2556455527330227, 0.25564550299666344, 0.25564546625332496, 0.2556454487536719, 0.2556454446960783, 0.25564544112377163, 0.25564544010868273, 0.25564544008978096, 0.255645439924138, 0.25564543991975086]}, "11": {"maxiter": 1000, "fatol": 1e-10, "xatol": 1e-10, "duration": 0.21585988998413086, "fun": "0.25564543991099953", "nit": "443", "nfev": "777", "status": "0", "success": "True", "message": "Optimization terminated successfully.", "x": "[4.87324332 4.09221934 6.63046089 2.44256406 0.86480232 2.69517968]", "final_simplex": "(array([[4.87324332, 4.09221934, 6.63046089, 2.44256406, 0.86480232,\n        2.69517968],\n       [4.87324332, 4.09221934, 6.63046089, 2.44256406, 0.86480232,\n        2.69517968],\n       [4.87324332, 4.09221934, 6.63046089, 2.44256406, 0.86480232,\n        2.69517968],\n       [4.87324332, 4.09221934, 6.63046089, 2.44256406, 0.86480232,\n        2.69517968],\n       [4.87324332, 4.09221934, 6.63046089, 2.44256406, 0.86480232,\n        2.69517968],\n       [4.87324332, 4.09221934, 6.63046089, 2.44256406, 0.86480232,\n        2.69517968],\n       [4.87324332, 4.09221934, 6.63046089, 2.44256406, 0.86480232,\n        2.69517968]]), array([0.25564544, 0.25564544, 0.25564544, 0.25564544, 0.25564544,\n       0.25564544, 0.25564544]))", "callback": [0.7676741990521683, 0.6453295706221999, 0.4743111448112536, 0.41958896389995737, 0.36757534354541, 0.33573733611258993, 0.31901307747903784, 0.3156493090946739, 0.313472284164548, 0.31053613127493906, 0.2965047044651603, 0.2737188574251592, 0.26125492733794375, 0.25946387974680074, 0.25688634163460367, 0.25601201145308705, 0.2558800918946189, 0.25576842549982937, 0.25569878794665646, 0.2556667543019826, 0.25565483742319606, 0.2556501770080908, 0.2556473774579714, 0.2556459348903666, 0.25564580266162973, 0.2556455527330227, 0.25564550299666344, 0.25564546625332496, 0.2556454487536719, 0.2556454446960783, 0.25564544112377163, 0.25564544010868273, 0.25564544008978096, 0.255645439924138, 0.25564543991975086, 0.25564543991202526, 0.2556454399111221, 0.25564543991110833, 0.25564543991101707, 0.25564543991100275, 0.25564543991100064, 0.2556454399110001, 0.25564543991099964, 0.25564543991099953, 0.25564543991099953]}}, "bfgs": {"type": "gradient", "0": {"maxiter": 100, "gtol": 1e-05, "xrtol": 1e-05, "eps": 1e-05, "duration": 0.04865288734436035, "fun": "0.2556454405079154", "jac": "[ 2.58251198e-06 -1.07400089e-05  1.32023725e-05 -5.70610226e-07\n -4.80850915e-06 -3.81406018e-07]", "hess_inv": "[[ 2.93898072  0.42015595  0.29689856 -0.33295361  0.71889139  1.32960905]\n [ 0.42015595  2.33456167  0.77901991  0.46234073 -0.22668324  0.44349877]\n [ 0.29689856  0.77901991  2.92153947  0.46969299  2.72452137  2.83821647]\n [-0.33295361  0.46234073  0.46969299  2.74166151  0.38425731  0.15185799]\n [ 0.71889139 -0.22668324  2.72452137  0.38425731  7.24874962  6.64634132]\n [ 1.32960905  0.44349877  2.83821647  0.15185799  6.64634132  9.13048665]]", "nfev": "133", "njev": "19", "status": "0", "success": "True", "message": "Optimization terminated successfully.", "x": "[4.87324084 4.09217579 6.63048162 3.84061244 4.00635055 5.83672555]", "nit": "16", "callback": [0.4411481656699545, 0.3473261201856458, 0.30782631814898176, 0.26405578006831587, 0.25873996187744863, 0.25580678844888316, 0.25567579963243947, 0.25564915839769387, 0.25564576483769785, 0.2556454932776393, 0.25564548327704806, 0.2556454742222507, 0.2556454597489767, 0.2556454473449983, 0.25564544219338436, 0.2556454405079154]}, "1": {"maxiter": 100, "gtol": 1e-05, "xrtol": 1e-05, "eps": 1e-10, "duration": 0.04880094528198242, "fun": "0.2556454404722668", "jac": "[ 7.77156053e-06 -3.33066880e-06  5.55111466e-06  3.33066880e-06\n -5.55111466e-06  9.99200639e-06]", "hess_inv": "[[ 2.81115748  0.88274539  0.65910453  0.29359592  1.97598512  2.7941915 ]\n [ 0.88274539  2.67004233  0.64741074  0.53628894  0.58728178  1.7397529 ]\n [ 0.65910453  0.64741074  2.98375802  0.17608255  3.01049294  3.29934064]\n [ 0.29359592  0.53628894  0.17608255  2.41611059  0.59057818  0.73861027]\n [ 1.97598512  0.58728178  3.01049294  0.59057818  9.14737895 10.03142705]\n [ 2.7941915   1.7397529   3.29934064  0.73861027 10.03142705 14.1087766 ]]", "nfev": "140", "njev": "20", "status": "0", "success": "True", "message": "Optimization terminated successfully.", "x": "[4.87327808 4.0922153  6.63050212 3.8406275  4.00644243 5.83685169]", "nit": "17", "callback": [0.44114734742550177, 0.34732435696384956, 0.30782577317456294, 0.26405691643630236, 0.25874036156853264, 0.25580692141940575, 0.255675804441295, 0.25564916712324126, 0.25564576415335916, 0.25564549162226435, 0.2556454814533048, 0.25564547284328065, 0.2556454592481545, 0.25564544670310896, 0.25564544194934324, 0.2556454405720848, 0.2556454404722668]}, "2": {"maxiter": 100, "gtol": 1e-05, "xrtol": 1e-10, "eps": 1e-05, "duration": 0.03568100929260254, "fun": "0.25564544011273693", "jac": "[ 8.46867021e-07 -5.25255395e-06  4.36900516e-06  2.25680585e-06\n -5.28223021e-06  3.46636053e-06]", "hess_inv": "[[ 2.93270072  0.38322644  0.31749004 -0.38733423  0.67141411  1.17859247]\n [ 0.38322644  2.64978128  0.4494441   0.65838972 -0.14457611  0.83476224]\n [ 0.31749004  0.4494441   3.23551027  0.21134677  2.57435571  2.2504405 ]\n [-0.38733423  0.65838972  0.21134677  2.77056055  0.32320164  0.08370251]\n [ 0.67141411 -0.14457611  2.57435571  0.32320164  7.13500871  6.37284033]\n [ 1.17859247  0.83476224  2.2504405   0.08370251  6.37284033  8.57314903]]", "nfev": "140", "njev": "20", "status": "0", "success": "True", "message": "Optimization terminated successfully.", "x": "[4.87323664 4.09219733 6.63045626 3.84062089 4.0063502  5.83673572]", "nit": "17", "callback": [0.4411481656699545, 0.3473261201856458, 0.30782631814898176, 0.26405578006831587, 0.25873996187744863, 0.25580678844888316, 0.25567579963243947, 0.25564915839769387, 0.25564576483769785, 0.2556454932776393, 0.25564548327704806, 0.2556454742222507, 0.2556454597489767, 0.2556454473449983, 0.25564544219338436, 0.2556454405079154, 0.25564544011273693]}, "3": {"maxiter": 100, "gtol": 1e-05, "xrtol": 1e-10, "eps": 1e-10, "duration": 0.04744696617126465, "fun": "0.2556454404722668", "jac": "[ 7.77156053e-06 -3.33066880e-06  5.55111466e-06  3.33066880e-06\n -5.55111466e-06  9.99200639e-06]", "hess_inv": "[[ 2.81115748  0.88274539  0.65910453  0.29359592  1.97598512  2.7941915 ]\n [ 0.88274539  2.67004233  0.64741074  0.53628894  0.58728178  1.7397529 ]\n [ 0.65910453  0.64741074  2.98375802  0.17608255  3.01049294  3.29934064]\n [ 0.29359592  0.53628894  0.17608255  2.41611059  0.59057818  0.73861027]\n [ 1.97598512  0.58728178  3.01049294  0.59057818  9.14737895 10.03142705]\n [ 2.7941915   1.7397529   3.29934064  0.73861027 10.03142705 14.1087766 ]]", "nfev": "140", "njev": "20", "status": "0", "success": "True", "message": "Optimization terminated successfully.", "x": "[4.87327808 4.0922153  6.63050212 3.8406275  4.00644243 5.83685169]", "nit": "17", "callback": [0.44114734742550177, 0.34732435696384956, 0.30782577317456294, 0.26405691643630236, 0.25874036156853264, 0.25580692141940575, 0.255675804441295, 0.25564916712324126, 0.25564576415335916, 0.25564549162226435, 0.2556454814533048, 0.25564547284328065, 0.2556454592481545, 0.25564544670310896, 0.25564544194934324, 0.2556454405720848, 0.2556454404722668]}, "4": {"maxiter": 100, "gtol": 1e-10, "xrtol": 1e-05, "eps": 1e-05, "duration": 0.03713703155517578, "fun": "0.2556454405079154", "jac": "[ 2.58251198e-06 -1.07400089e-05  1.32023725e-05 -5.70610226e-07\n -4.80850915e-06 -3.81406018e-07]", "hess_inv": "[[ 2.93898072  0.42015595  0.29689856 -0.33295361  0.71889139  1.32960905]\n [ 0.42015595  2.33456167  0.77901991  0.46234073 -0.22668324  0.44349877]\n [ 0.29689856  0.77901991  2.92153947  0.46969299  2.72452137  2.83821647]\n [-0.33295361  0.46234073  0.46969299  2.74166151  0.38425731  0.15185799]\n [ 0.71889139 -0.22668324  2.72452137  0.38425731  7.24874962  6.64634132]\n [ 1.32960905  0.44349877  2.83821647  0.15185799  6.64634132  9.13048665]]", "nfev": "133", "njev": "19", "status": "0", "success": "True", "message": "Optimization terminated successfully.", "x": "[4.87324084 4.09217579 6.63048162 3.84061244 4.00635055 5.83672555]", "nit": "16", "callback": [0.4411481656699545, 0.3473261201856458, 0.30782631814898176, 0.26405578006831587, 0.25873996187744863, 0.25580678844888316, 0.25567579963243947, 0.25564915839769387, 0.25564576483769785, 0.2556454932776393, 0.25564548327704806, 0.2556454742222507, 0.2556454597489767, 0.2556454473449983, 0.25564544219338436, 0.2556454405079154]}, "5": {"maxiter": 100, "gtol": 1e-10, "xrtol": 1e-05, "eps": 1e-10, "duration": 0.04333686828613281, "fun": "0.2556454404722668", "jac": "[ 7.77156053e-06 -3.33066880e-06  5.55111466e-06  3.33066880e-06\n -5.55111466e-06  9.99200639e-06]", "hess_inv": "[[ 2.81115748  0.88274539  0.65910453  0.29359592  1.97598512  2.7941915 ]\n [ 0.88274539  2.67004233  0.64741074  0.53628894  0.58728178  1.7397529 ]\n [ 0.65910453  0.64741074  2.98375802  0.17608255  3.01049294  3.29934064]\n [ 0.29359592  0.53628894  0.17608255  2.41611059  0.59057818  0.73861027]\n [ 1.97598512  0.58728178  3.01049294  0.59057818  9.14737895 10.03142705]\n [ 2.7941915   1.7397529   3.29934064  0.73861027 10.03142705 14.1087766 ]]", "nfev": "140", "njev": "20", "status": "0", "success": "True", "message": "Optimization terminated successfully.", "x": "[4.87327808 4.0922153  6.63050212 3.8406275  4.00644243 5.83685169]", "nit": "17", "callback": [0.44114734742550177, 0.34732435696384956, 0.30782577317456294, 0.26405691643630236, 0.25874036156853264, 0.25580692141940575, 0.255675804441295, 0.25564916712324126, 0.25564576415335916, 0.25564549162226435, 0.2556454814533048, 0.25564547284328065, 0.2556454592481545, 0.25564544670310896, 0.25564544194934324, 0.2556454405720848, 0.2556454404722668]}, "6": {"maxiter": 100, "gtol": 1e-10, "xrtol": 1e-10, "eps": 1e-05, "duration": 0.05201101303100586, "fun": "0.25564544001449674", "jac": "[ 0.00000000e+00  1.11022302e-11  3.33066907e-11 -4.44089210e-11\n  2.22044605e-11 -3.33066907e-11]", "hess_inv": "[[ 2.97190553  0.28370934  0.48075592 -0.38480913  0.77204899  1.33323053]\n [ 0.28370934  3.10598434  0.01325742  0.45209874  0.10177552  0.61246496]\n [ 0.48075592  0.01325742  3.89452634  0.29377015  2.88405562  2.90298014]\n [-0.38480913  0.45209874  0.29377015  2.8526813  -0.04106892 -0.14001126]\n [ 0.77204899  0.10177552  2.88405562 -0.04106892  8.49615682  7.25460522]\n [ 1.33323053  0.61246496  2.90298014 -0.14001126  7.25460522  9.27835024]]", "nfev": "182", "njev": "26", "status": "0", "success": "True", "message": "Optimization terminated successfully.", "x": "[4.87323378 4.09221156 6.63044303 3.84061604 4.0063586  5.83673285]", "nit": "23", "callback": [0.4411481656699545, 0.3473261201856458, 0.30782631814898176, 0.26405578006831587, 0.25873996187744863, 0.25580678844888316, 0.25567579963243947, 0.25564915839769387, 0.25564576483769785, 0.2556454932776393, 0.25564548327704806, 0.2556454742222507, 0.2556454597489767, 0.2556454473449983, 0.25564544219338436, 0.2556454405079154, 0.25564544011273693, 0.25564544002973566, 0.25564544001839573, 0.25564544001517864, 0.2556454400145616, 0.2556454400144996, 0.25564544001449674]}, "7": {"maxiter": 100, "gtol": 1e-10, "xrtol": 1e-10, "eps": 1e-10, "duration": 0.09703397750854492, "fun": "0.2556454399164987", "jac": "[2.22044587e-06 2.22044587e-06 1.11022293e-06 3.33066880e-06\n 1.11022293e-06 2.22044587e-06]", "hess_inv": "[[ 0.11657543 -0.15664667 -0.06205022 -0.01133029  0.08129883 -0.04680418]\n [-0.15664667  0.26534822  0.11491609 -0.05095166 -0.13998425  0.07361266]\n [-0.06205022  0.11491609  0.21664522 -0.22735721 -0.09292707  0.01830708]\n [-0.01133029 -0.05095166 -0.22735721  0.37869116  0.03158992  0.00479224]\n [ 0.08129883 -0.13998425 -0.09292707  0.03158992  0.10927861 -0.05478543]\n [-0.04680418  0.07361266  0.01830708  0.00479224 -0.05478543  0.07630765]]", "nfev": "315", "njev": "45", "status": "0", "success": "True", "message": "Optimization terminated successfully.", "x": "[4.87324522 4.09222071 6.63046548 3.84062204 4.00640317 5.83678175]", "nit": "31", "callback": [0.44114734742550177, 0.34732435696384956, 0.30782577317456294, 0.26405691643630236, 0.25874036156853264, 0.25580692141940575, 0.255675804441295, 0.25564916712324126, 0.25564576415335916, 0.25564549162226435, 0.2556454814533048, 0.25564547284328065, 0.2556454592481545, 0.25564544670310896, 0.25564544194934324, 0.2556454405720848, 0.2556454404722668, 0.25564543992994626, 0.25564543992783795, 0.2556454399208683, 0.2556454399199112, 0.255645439919009, 0.2556454399183665, 0.2556454399179009, 0.2556454399175412, 0.25564543991729316, 0.25564543991720845, 0.25564543991714794, 0.25564543991700583, 0.2556454399164987, 0.2556454399164987]}, "8": {"maxiter": 500, "gtol": 1e-05, "xrtol": 1e-05, "eps": 1e-05, "duration": 0.04201793670654297, "fun": "0.2556454405079154", "jac": "[ 2.58251198e-06 -1.07400089e-05  1.32023725e-05 -5.70610226e-07\n -4.80850915e-06 -3.81406018e-07]", "hess_inv": "[[ 2.93898072  0.42015595  0.29689856 -0.33295361  0.71889139  1.32960905]\n [ 0.42015595  2.33456167  0.77901991  0.46234073 -0.22668324  0.44349877]\n [ 0.29689856  0.77901991  2.92153947  0.46969299  2.72452137  2.83821647]\n [-0.33295361  0.46234073  0.46969299  2.74166151  0.38425731  0.15185799]\n [ 0.71889139 -0.22668324  2.72452137  0.38425731  7.24874962  6.64634132]\n [ 1.32960905  0.44349877  2.83821647  0.15185799  6.64634132  9.13048665]]", "nfev": "133", "njev": "19", "status": "0", "success": "True", "message": "Optimization terminated successfully.", "x": "[4.87324084 4.09217579 6.63048162 3.84061244 4.00635055 5.83672555]", "nit": "16", "callback": [0.4411481656699545, 0.3473261201856458, 0.30782631814898176, 0.26405578006831587, 0.25873996187744863, 0.25580678844888316, 0.25567579963243947, 0.25564915839769387, 0.25564576483769785, 0.2556454932776393, 0.25564548327704806, 0.2556454742222507, 0.2556454597489767, 0.2556454473449983, 0.25564544219338436, 0.2556454405079154]}, "9": {"maxiter": 500, "gtol": 1e-05, "xrtol": 1e-05, "eps": 1e-10, "duration": 0.04207015037536621, "fun": "0.2556454404722668", "jac": "[ 7.77156053e-06 -3.33066880e-06  5.55111466e-06  3.33066880e-06\n -5.55111466e-06  9.99200639e-06]", "hess_inv": "[[ 2.81115748  0.88274539  0.65910453  0.29359592  1.97598512  2.7941915 ]\n [ 0.88274539  2.67004233  0.64741074  0.53628894  0.58728178  1.7397529 ]\n [ 0.65910453  0.64741074  2.98375802  0.17608255  3.01049294  3.29934064]\n [ 0.29359592  0.53628894  0.17608255  2.41611059  0.59057818  0.73861027]\n [ 1.97598512  0.58728178  3.01049294  0.59057818  9.14737895 10.03142705]\n [ 2.7941915   1.7397529   3.29934064  0.73861027 10.03142705 14.1087766 ]]", "nfev": "140", "njev": "20", "status": "0", "success": "True", "message": "Optimization terminated successfully.", "x": "[4.87327808 4.0922153  6.63050212 3.8406275  4.00644243 5.83685169]", "nit": "17", "callback": [0.44114734742550177, 0.34732435696384956, 0.30782577317456294, 0.26405691643630236, 0.25874036156853264, 0.25580692141940575, 0.255675804441295, 0.25564916712324126, 0.25564576415335916, 0.25564549162226435, 0.2556454814533048, 0.25564547284328065, 0.2556454592481545, 0.25564544670310896, 0.25564544194934324, 0.2556454405720848, 0.2556454404722668]}, "10": {"maxiter": 500, "gtol": 1e-05, "xrtol": 1e-10, "eps": 1e-05, "duration": 0.03534722328186035, "fun": "0.25564544011273693", "jac": "[ 8.46867021e-07 -5.25255395e-06  4.36900516e-06  2.25680585e-06\n -5.28223021e-06  3.46636053e-06]", "hess_inv": "[[ 2.93270072  0.38322644  0.31749004 -0.38733423  0.67141411  1.17859247]\n [ 0.38322644  2.64978128  0.4494441   0.65838972 -0.14457611  0.83476224]\n [ 0.31749004  0.4494441   3.23551027  0.21134677  2.57435571  2.2504405 ]\n [-0.38733423  0.65838972  0.21134677  2.77056055  0.32320164  0.08370251]\n [ 0.67141411 -0.14457611  2.57435571  0.32320164  7.13500871  6.37284033]\n [ 1.17859247  0.83476224  2.2504405   0.08370251  6.37284033  8.57314903]]", "nfev": "140", "njev": "20", "status": "0", "success": "True", "message": "Optimization terminated successfully.", "x": "[4.87323664 4.09219733 6.63045626 3.84062089 4.0063502  5.83673572]", "nit": "17", "callback": [0.4411481656699545, 0.3473261201856458, 0.30782631814898176, 0.26405578006831587, 0.25873996187744863, 0.25580678844888316, 0.25567579963243947, 0.25564915839769387, 0.25564576483769785, 0.2556454932776393, 0.25564548327704806, 0.2556454742222507, 0.2556454597489767, 0.2556454473449983, 0.25564544219338436, 0.2556454405079154, 0.25564544011273693]}, "11": {"maxiter": 500, "gtol": 1e-05, "xrtol": 1e-10, "eps": 1e-10, "duration": 0.03677678108215332, "fun": "0.2556454404722668", "jac": "[ 7.77156053e-06 -3.33066880e-06  5.55111466e-06  3.33066880e-06\n -5.55111466e-06  9.99200639e-06]", "hess_inv": "[[ 2.81115748  0.88274539  0.65910453  0.29359592  1.97598512  2.7941915 ]\n [ 0.88274539  2.67004233  0.64741074  0.53628894  0.58728178  1.7397529 ]\n [ 0.65910453  0.64741074  2.98375802  0.17608255  3.01049294  3.29934064]\n [ 0.29359592  0.53628894  0.17608255  2.41611059  0.59057818  0.73861027]\n [ 1.97598512  0.58728178  3.01049294  0.59057818  9.14737895 10.03142705]\n [ 2.7941915   1.7397529   3.29934064  0.73861027 10.03142705 14.1087766 ]]", "nfev": "140", "njev": "20", "status": "0", "success": "True", "message": "Optimization terminated successfully.", "x": "[4.87327808 4.0922153  6.63050212 3.8406275  4.00644243 5.83685169]", "nit": "17", "callback": [0.44114734742550177, 0.34732435696384956, 0.30782577317456294, 0.26405691643630236, 0.25874036156853264, 0.25580692141940575, 0.255675804441295, 0.25564916712324126, 0.25564576415335916, 0.25564549162226435, 0.2556454814533048, 0.25564547284328065, 0.2556454592481545, 0.25564544670310896, 0.25564544194934324, 0.2556454405720848, 0.2556454404722668]}, "12": {"maxiter": 500, "gtol": 1e-10, "xrtol": 1e-05, "eps": 1e-05, "duration": 0.034090280532836914, "fun": "0.2556454405079154", "jac": "[ 2.58251198e-06 -1.07400089e-05  1.32023725e-05 -5.70610226e-07\n -4.80850915e-06 -3.81406018e-07]", "hess_inv": "[[ 2.93898072  0.42015595  0.29689856 -0.33295361  0.71889139  1.32960905]\n [ 0.42015595  2.33456167  0.77901991  0.46234073 -0.22668324  0.44349877]\n [ 0.29689856  0.77901991  2.92153947  0.46969299  2.72452137  2.83821647]\n [-0.33295361  0.46234073  0.46969299  2.74166151  0.38425731  0.15185799]\n [ 0.71889139 -0.22668324  2.72452137  0.38425731  7.24874962  6.64634132]\n [ 1.32960905  0.44349877  2.83821647  0.15185799  6.64634132  9.13048665]]", "nfev": "133", "njev": "19", "status": "0", "success": "True", "message": "Optimization terminated successfully.", "x": "[4.87324084 4.09217579 6.63048162 3.84061244 4.00635055 5.83672555]", "nit": "16", "callback": [0.4411481656699545, 0.3473261201856458, 0.30782631814898176, 0.26405578006831587, 0.25873996187744863, 0.25580678844888316, 0.25567579963243947, 0.25564915839769387, 0.25564576483769785, 0.2556454932776393, 0.25564548327704806, 0.2556454742222507, 0.2556454597489767, 0.2556454473449983, 0.25564544219338436, 0.2556454405079154]}, "13": {"maxiter": 500, "gtol": 1e-10, "xrtol": 1e-05, "eps": 1e-10, "duration": 0.040879011154174805, "fun": "0.2556454404722668", "jac": "[ 7.77156053e-06 -3.33066880e-06  5.55111466e-06  3.33066880e-06\n -5.55111466e-06  9.99200639e-06]", "hess_inv": "[[ 2.81115748  0.88274539  0.65910453  0.29359592  1.97598512  2.7941915 ]\n [ 0.88274539  2.67004233  0.64741074  0.53628894  0.58728178  1.7397529 ]\n [ 0.65910453  0.64741074  2.98375802  0.17608255  3.01049294  3.29934064]\n [ 0.29359592  0.53628894  0.17608255  2.41611059  0.59057818  0.73861027]\n [ 1.97598512  0.58728178  3.01049294  0.59057818  9.14737895 10.03142705]\n [ 2.7941915   1.7397529   3.29934064  0.73861027 10.03142705 14.1087766 ]]", "nfev": "140", "njev": "20", "status": "0", "success": "True", "message": "Optimization terminated successfully.", "x": "[4.87327808 4.0922153  6.63050212 3.8406275  4.00644243 5.83685169]", "nit": "17", "callback": [0.44114734742550177, 0.34732435696384956, 0.30782577317456294, 0.26405691643630236, 0.25874036156853264, 0.25580692141940575, 0.255675804441295, 0.25564916712324126, 0.25564576415335916, 0.25564549162226435, 0.2556454814533048, 0.25564547284328065, 0.2556454592481545, 0.25564544670310896, 0.25564544194934324, 0.2556454405720848, 0.2556454404722668]}, "14": {"maxiter": 500, "gtol": 1e-10, "xrtol": 1e-10, "eps": 1e-05, "duration": 0.05416512489318848, "fun": "0.25564544001449674", "jac": "[ 0.00000000e+00  1.11022302e-11  3.33066907e-11 -4.44089210e-11\n  2.22044605e-11 -3.33066907e-11]", "hess_inv": "[[ 2.97190553  0.28370934