{"date": "2024/09/25/, 12:49:20", "conf_id": 231, "data_type": "non_lin_ind\n", "num_data_points": 4, "s_rank": 0, "unitary": "[[-0.56303964-0.00798273j,-0.21670212-0.15784972j,-0.06047197-0.73952673j,-0.01438004+0.24552571j],[-0.06976756+0.23474685j,-0.01275565-0.5435098j,-0.02703657-0.08917885j,-0.08210486-0.79311774j],[-0.38559961+0.10714929j,0.5933431-0.2687392j,-0.24060861+0.29149289j,-0.45147719+0.26241743j],[-0.50180421+0.45931857j,-0.11617175+0.44134496j,0.49642745+0.22684508j,-0.08544628-0.15407063j]]", "databatch_0": {"databatch": "[[[0.09607932-0.01861148j,-0.27935227+0.08600429j,-0.16922421-0.23962309j,0.11509681+0.03687758j],[-0.04427074+0.09506005j,0.14722708-0.27081012j,0.24363308+0.00947197j,-0.07612142+0.04161632j],[0.08233428-0.00080718j,-0.35177194+0.03878836j,-0.20467348-0.32837885j,0.08720701+0.02338602j],[-0.12674318+0.02882024j,0.42709569-0.01562915j,0.12027719+0.33500516j,-0.10856198-0.0583741j]],[[-0.26267141-0.24674234j,0.10223414-0.02729408j,-0.27789115+0.10006326j,0.3014126+0.12040915j],[0.07714717+0.06735221j,0.01092002-0.04866703j,-0.17600509-0.11260315j,0.22842252-0.02355925j],[0.38091216+0.27816954j,-0.00334163-0.13712294j,-0.27992136-0.25578325j,0.21819216-0.16130383j],[0.05469053-0.09967077j,-0.01070444-0.03159168j,-0.20458583-0.03880905j,0.19694626+0.04577044j]],[[-0.16821916-0.14434089j,-0.37701208-0.45421822j,-0.31030651-0.44223918j,0.15543957+0.1063024j],[0.00544704-0.02274942j,0.03155829-0.12943746j,-0.05340585-0.18810589j,0.00681325-0.02831193j],[-0.02388892+0.16943857j,0.06151103+0.17624745j,-0.06094448+0.09477507j,-0.01432711-0.14522859j],[0.07922936-0.04103903j,0.12564294-0.19486296j,0.06163787-0.25327123j,-0.01507991+0.00249972j]],[[0.23014438-0.04538928j,0.00947021+0.27639267j,0.01532915-0.10811424j,0.05281229+0.07634843j],[-0.0227374+0.10599235j,0.20392995-0.17070747j,-0.25189326+0.09125577j,0.02050897+0.13671967j],[0.38285602+0.25644527j,-0.01071053-0.0363185j,-0.24497522+0.26487632j,-0.27794881-0.02777238j],[-0.03653742-0.1481612j,0.36308002-0.01638322j,-0.18875838-0.0187231j,-0.02155957+0.30888615j]]]", "initial param values": "[3.02723065,2.29038873,2.8829858,0.98670774,5.86675436,2.22097482]", "nelder_mead": {"type": "gradient-free", "0": {"maxiter": 100, "fatol": 1e-05, "xatol": 1e-05, "duration": 0.040680885314941406, "fun": "0.47549633251236134", "nit": "100", "nfev": "156", "status": "2", "success": "False", "message": "Maximum number of iterations has been exceeded.", "x": "[4.37884115 0.9259331  1.87972564 1.25682745 8.47725316 1.44617552]", "final_simplex": "(array([[4.37884115, 0.9259331 , 1.87972564, 1.25682745, 8.47725316,\n        1.44617552],\n       [4.44802916, 0.89663455, 1.86757447, 1.23117232, 8.54481065,\n        1.45904467],\n       [4.48733906, 0.84258746, 1.76765712, 1.26348108, 8.48775335,\n        1.42607607],\n       [4.36900992, 0.79551449, 1.86085696, 1.3284086 , 8.43439248,\n        1.42211084],\n       [4.25980266, 0.8996877 , 1.82248608, 1.32052465, 8.51439996,\n        1.4175116 ],\n       [4.3485253 , 0.89880637, 1.83118358, 1.30169607, 8.60829247,\n        1.44138803],\n       [4.29639377, 0.91161987, 1.88935547, 1.28717903, 8.5562516 ,\n        1.4091968 ]]), array([0.47549633, 0.47558018, 0.47655286, 0.477687  , 0.47784035,\n       0.47791491, 0.47833469]))", "callback": [0.9327008113061392, 0.755630743862256, 0.6636294546334327, 0.6502179115085865, 0.6449029896094116, 0.6108848490864329, 0.49420531109872445, 0.4899463835707354, 0.484478144897712, 0.47935365365498084]}, "1": {"maxiter": 100, "fatol": 1e-05, "xatol": 1e-10, "duration": 0.03975224494934082, "fun": "0.47549633251236134", "nit": "100", "nfev": "156", "status": "2", "success": "False", "message": "Maximum number of iterations has been exceeded.", "x": "[4.37884115 0.9259331  1.87972564 1.25682745 8.47725316 1.44617552]", "final_simplex": "(array([[4.37884115, 0.9259331 , 1.87972564, 1.25682745, 8.47725316,\n        1.44617552],\n       [4.44802916, 0.89663455, 1.86757447, 1.23117232, 8.54481065,\n        1.45904467],\n       [4.48733906, 0.84258746, 1.76765712, 1.26348108, 8.48775335,\n        1.42607607],\n       [4.36900992, 0.79551449, 1.86085696, 1.3284086 , 8.43439248,\n        1.42211084],\n       [4.25980266, 0.8996877 , 1.82248608, 1.32052465, 8.51439996,\n        1.4175116 ],\n       [4.3485253 , 0.89880637, 1.83118358, 1.30169607, 8.60829247,\n        1.44138803],\n       [4.29639377, 0.91161987, 1.88935547, 1.28717903, 8.5562516 ,\n        1.4091968 ]]), array([0.47549633, 0.47558018, 0.47655286, 0.477687  , 0.47784035,\n       0.47791491, 0.47833469]))", "callback": [0.9327008113061392, 0.755630743862256, 0.6636294546334327, 0.6502179115085865, 0.6449029896094116, 0.6108848490864329, 0.49420531109872445, 0.4899463835707354, 0.484478144897712, 0.47935365365498084]}, "2": {"maxiter": 100, "fatol": 1e-10, "xatol": 1e-05, "duration": 0.03646492958068848, "fun": "0.47549633251236134", "nit": "100", "nfev": "156", "status": "2", "success": "False", "message": "Maximum number of iterations has been exceeded.", "x": "[4.37884115 0.9259331  1.87972564 1.25682745 8.47725316 1.44617552]", "final_simplex": "(array([[4.37884115, 0.9259331 , 1.87972564, 1.25682745, 8.47725316,\n        1.44617552],\n       [4.44802916, 0.89663455, 1.86757447, 1.23117232, 8.54481065,\n        1.45904467],\n       [4.48733906, 0.84258746, 1.76765712, 1.26348108, 8.48775335,\n        1.42607607],\n       [4.36900992, 0.79551449, 1.86085696, 1.3284086 , 8.43439248,\n        1.42211084],\n       [4.25980266, 0.8996877 , 1.82248608, 1.32052465, 8.51439996,\n        1.4175116 ],\n       [4.3485253 , 0.89880637, 1.83118358, 1.30169607, 8.60829247,\n        1.44138803],\n       [4.29639377, 0.91161987, 1.88935547, 1.28717903, 8.5562516 ,\n        1.4091968 ]]), array([0.47549633, 0.47558018, 0.47655286, 0.477687  , 0.47784035,\n       0.47791491, 0.47833469]))", "callback": [0.9327008113061392, 0.755630743862256, 0.6636294546334327, 0.6502179115085865, 0.6449029896094116, 0.6108848490864329, 0.49420531109872445, 0.4899463835707354, 0.484478144897712, 0.47935365365498084]}, "3": {"maxiter": 100, "fatol": 1e-10, "xatol": 1e-10, "duration": 0.0362238883972168, "fun": "0.47549633251236134", "nit": "100", "nfev": "156", "status": "2", "success": "False", "message": "Maximum number of iterations has been exceeded.", "x": "[4.37884115 0.9259331  1.87972564 1.25682745 8.47725316 1.44617552]", "final_simplex": "(array([[4.37884115, 0.9259331 , 1.87972564, 1.25682745, 8.47725316,\n        1.44617552],\n       [4.44802916, 0.89663455, 1.86757447, 1.23117232, 8.54481065,\n        1.45904467],\n       [4.48733906, 0.84258746, 1.76765712, 1.26348108, 8.48775335,\n        1.42607607],\n       [4.36900992, 0.79551449, 1.86085696, 1.3284086 , 8.43439248,\n        1.42211084],\n       [4.25980266, 0.8996877 , 1.82248608, 1.32052465, 8.51439996,\n        1.4175116 ],\n       [4.3485253 , 0.89880637, 1.83118358, 1.30169607, 8.60829247,\n        1.44138803],\n       [4.29639377, 0.91161987, 1.88935547, 1.28717903, 8.5562516 ,\n        1.4091968 ]]), array([0.47549633, 0.47558018, 0.47655286, 0.477687  , 0.47784035,\n       0.47791491, 0.47833469]))", "callback": [0.9327008113061392, 0.755630743862256, 0.6636294546334327, 0.6502179115085865, 0.6449029896094116, 0.6108848490864329, 0.49420531109872445, 0.4899463835707354, 0.484478144897712, 0.47935365365498084]}, "4": {"maxiter": 500, "fatol": 1e-05, "xatol": 1e-05, "duration": 0.1383070945739746, "fun": "0.46509517605430817", "nit": "366", "nfev": "579", "status": "0", "success": "True", "message": "Optimization terminated successfully.", "x": "[4.51940992 0.63506876 1.76566543 1.03307513 8.39586457 1.7402567 ]", "final_simplex": "(array([[4.51940992, 0.63506876, 1.76566543, 1.03307513, 8.39586457,\n        1.7402567 ],\n       [4.51941704, 0.63507345, 1.76567317, 1.03307223, 8.39585669,\n        1.74025659],\n       [4.51941518, 0.63506692, 1.76566228, 1.03307326, 8.39586653,\n        1.74025807],\n       [4.51941579, 0.6350657 , 1.76567159, 1.03307037, 8.39586166,\n        1.74026122],\n       [4.51941564, 0.63506115, 1.76566245, 1.03307202, 8.39586544,\n        1.74026175],\n       [4.51941386, 0.63507027, 1.76566967, 1.0330803 , 8.3958616 ,\n        1.74026093],\n       [4.51941813, 0.63507334, 1.76566859, 1.03307001, 8.39585881,\n        1.74026295]]), array([0.46509518, 0.46509518, 0.46509518, 0.46509518, 0.46509518,\n       0.46509518, 0.46509518]))", "callback": [0.9327008113061392, 0.755630743862256, 0.6636294546334327, 0.6502179115085865, 0.6449029896094116, 0.6108848490864329, 0.49420531109872445, 0.4899463835707354, 0.484478144897712, 0.47935365365498084, 0.47501410103202524, 0.47381216409055926, 0.47272735358488693, 0.47120745467864655, 0.47079556816303925, 0.4702628507787503, 0.4695132047189614, 0.4686638473100908, 0.468279046702302, 0.467487802949881, 0.46644007660377274, 0.465786610632537, 0.46545231129805886, 0.4652223286612799, 0.465126126994577, 0.46510242947928293, 0.4650963130401349, 0.4650954339482466, 0.46509525802677276, 0.46509519714751335, 0.46509518230639624, 0.46509517959083724, 0.4650951769235019, 0.4650951762785681, 0.46509517618041185, 0.4650951760848707, 0.4650951760571671]}, "5": {"maxiter": 500, "fatol": 1e-05, "xatol": 1e-10, "duration": 0.19753074645996094, "fun": "0.4650951760482511", "nit": "500", "nfev": "803", "status": "2", "success": "False", "message": "Maximum number of iterations has been exceeded.", "x": "[4.51941586 0.63506632 1.76566768 1.03307338 8.39585598 1.74025969]", "final_simplex": "(array([[4.51941586, 0.63506632, 1.76566768, 1.03307338, 8.39585598,\n        1.74025969],\n       [4.51941586, 0.63506632, 1.76566767, 1.03307338, 8.39585598,\n        1.74025969],\n       [4.51941586, 0.63506633, 1.76566767, 1.03307338, 8.39585598,\n        1.74025969],\n       [4.51941586, 0.63506632, 1.76566767, 1.03307338, 8.39585598,\n        1.74025969],\n       [4.51941586, 0.63506632, 1.76566767, 1.03307338, 8.39585598,\n        1.74025969],\n       [4.51941586, 0.63506632, 1.76566767, 1.03307339, 8.39585598,\n        1.74025969],\n       [4.51941586, 0.63506633, 1.76566768, 1.03307338, 8.39585598,\n        1.74025969]]), array([0.46509518, 0.46509518, 0.46509518, 0.46509518, 0.46509518,\n       0.46509518, 0.46509518]))", "callback": [0.9327008113061392, 0.755630743862256, 0.6636294546334327, 0.6502179115085865, 0.6449029896094116, 0.6108848490864329, 0.49420531109872445, 0.4899463835707354, 0.484478144897712, 0.47935365365498084, 0.47501410103202524, 0.47381216409055926, 0.47272735358488693, 0.47120745467864655, 0.47079556816303925, 0.4702628507787503, 0.4695132047189614, 0.4686638473100908, 0.468279046702302, 0.467487802949881, 0.46644007660377274, 0.465786610632537, 0.46545231129805886, 0.4652223286612799, 0.465126126994577, 0.46510242947928293, 0.4650963130401349, 0.4650954339482466, 0.46509525802677276, 0.46509519714751335, 0.46509518230639624, 0.46509517959083724, 0.4650951769235019, 0.4650951762785681, 0.46509517618041185, 0.4650951760848707, 0.4650951760571671, 0.46509517605209694, 0.4650951760507158, 0.46509517605023, 0.46509517604915285, 0.4650951760486973, 0.46509517604853723, 0.46509517604841444, 0.4650951760482912, 0.4650951760482549, 0.465095176048254, 0.4650951760482521, 0.46509517604825146, 0.46509517604825135]}, "6": {"maxiter": 500, "fatol": 1e-10, "xatol": 1e-05, "duration": 0.15691399574279785, "fun": "0.46509517605430817", "nit": "366", "nfev": "579", "status": "0", "success": "True", "message": "Optimization terminated successfully.", "x": "[4.51940992 0.63506876 1.76566543 1.03307513 8.39586457 1.7402567 ]", "final_simplex": "(array([[4.51940992, 0.63506876, 1.76566543, 1.03307513, 8.39586457,\n        1.7402567 ],\n       [4.51941704, 0.63507345, 1.76567317, 1.03307223, 8.39585669,\n        1.74025659],\n       [4.51941518, 0.63506692, 1.76566228, 1.03307326, 8.39586653,\n        1.74025807],\n       [4.51941579, 0.6350657 , 1.76567159, 1.03307037, 8.39586166,\n        1.74026122],\n       [4.51941564, 0.63506115, 1.76566245, 1.03307202, 8.39586544,\n        1.74026175],\n       [4.51941386, 0.63507027, 1.76566967, 1.0330803 , 8.3958616 ,\n        1.74026093],\n       [4.51941813, 0.63507334, 1.76566859, 1.03307001, 8.39585881,\n        1.74026295]]), array([0.46509518, 0.46509518, 0.46509518, 0.46509518, 0.46509518,\n       0.46509518, 0.46509518]))", "callback": [0.9327008113061392, 0.755630743862256, 0.6636294546334327, 0.6502179115085865, 0.6449029896094116, 0.6108848490864329, 0.49420531109872445, 0.4899463835707354, 0.484478144897712, 0.47935365365498084, 0.47501410103202524, 0.47381216409055926, 0.47272735358488693, 0.47120745467864655, 0.47079556816303925, 0.4702628507787503, 0.4695132047189614, 0.4686638473100908, 0.468279046702302, 0.467487802949881, 0.46644007660377274, 0.465786610632537, 0.46545231129805886, 0.4652223286612799, 0.465126126994577, 0.46510242947928293, 0.4650963130401349, 0.4650954339482466, 0.46509525802677276, 0.46509519714751335, 0.46509518230639624, 0.46509517959083724, 0.4650951769235019, 0.4650951762785681, 0.46509517618041185, 0.4650951760848707, 0.4650951760571671]}, "7": {"maxiter": 500, "fatol": 1e-10, "xatol": 1e-10, "duration": 0.20700693130493164, "fun": "0.4650951760482511", "nit": "500", "nfev": "803", "status": "2", "success": "False", "message": "Maximum number of iterations has been exceeded.", "x": "[4.51941586 0.63506632 1.76566768 1.03307338 8.39585598 1.74025969]", "final_simplex": "(array([[4.51941586, 0.63506632, 1.76566768, 1.03307338, 8.39585598,\n        1.74025969],\n       [4.51941586, 0.63506632, 1.76566767, 1.03307338, 8.39585598,\n        1.74025969],\n       [4.51941586, 0.63506633, 1.76566767, 1.03307338, 8.39585598,\n        1.74025969],\n       [4.51941586, 0.63506632, 1.76566767, 1.03307338, 8.39585598,\n        1.74025969],\n       [4.51941586, 0.63506632, 1.76566767, 1.03307338, 8.39585598,\n        1.74025969],\n       [4.51941586, 0.63506632, 1.76566767, 1.03307339, 8.39585598,\n        1.74025969],\n       [4.51941586, 0.63506633, 1.76566768, 1.03307338, 8.39585598,\n        1.74025969]]), array([0.46509518, 0.46509518, 0.46509518, 0.46509518, 0.46509518,\n       0.46509518, 0.46509518]))", "callback": [0.9327008113061392, 0.755630743862256, 0.6636294546334327, 0.6502179115085865, 0.6449029896094116, 0.6108848490864329, 0.49420531109872445, 0.4899463835707354, 0.484478144897712, 0.47935365365498084, 0.47501410103202524, 0.47381216409055926, 0.47272735358488693, 0.47120745467864655, 0.47079556816303925, 0.4702628507787503, 0.4695132047189614, 0.4686638473100908, 0.468279046702302, 0.467487802949881, 0.46644007660377274, 0.465786610632537, 0.46545231129805886, 0.4652223286612799, 0.465126126994577, 0.46510242947928293, 0.4650963130401349, 0.4650954339482466, 0.46509525802677276, 0.46509519714751335, 0.46509518230639624, 0.46509517959083724, 0.4650951769235019, 0.4650951762785681, 0.46509517618041185, 0.4650951760848707, 0.4650951760571671, 0.46509517605209694, 0.4650951760507158, 0.46509517605023, 0.46509517604915285, 0.4650951760486973, 0.46509517604853723, 0.46509517604841444, 0.4650951760482912, 0.4650951760482549, 0.465095176048254, 0.4650951760482521, 0.46509517604825146, 0.46509517604825135]}, "8": {"maxiter": 1000, "fatol": 1e-05, "xatol": 1e-05, "duration": 0.14231014251708984, "fun": "0.46509517605430817", "nit": "366", "nfev": "579", "status": "0", "success": "True", "message": "Optimization terminated successfully.", "x": "[4.51940992 0.63506876 1.76566543 1.03307513 8.39586457 1.7402567 ]", "final_simplex": "(array([[4.51940992, 0.63506876, 1.76566543, 1.03307513, 8.39586457,\n        1.7402567 ],\n       [4.51941704, 0.63507345, 1.76567317, 1.03307223, 8.39585669,\n        1.74025659],\n       [4.51941518, 0.63506692, 1.76566228, 1.03307326, 8.39586653,\n        1.74025807],\n       [4.51941579, 0.6350657 , 1.76567159, 1.03307037, 8.39586166,\n        1.74026122],\n       [4.51941564, 0.63506115, 1.76566245, 1.03307202, 8.39586544,\n        1.74026175],\n       [4.51941386, 0.63507027, 1.76566967, 1.0330803 , 8.3958616 ,\n        1.74026093],\n       [4.51941813, 0.63507334, 1.76566859, 1.03307001, 8.39585881,\n        1.74026295]]), array([0.46509518, 0.46509518, 0.46509518, 0.46509518, 0.46509518,\n       0.46509518, 0.46509518]))", "callback": [0.9327008113061392, 0.755630743862256, 0.6636294546334327, 0.6502179115085865, 0.6449029896094116, 0.6108848490864329, 0.49420531109872445, 0.4899463835707354, 0.484478144897712, 0.47935365365498084, 0.47501410103202524, 0.47381216409055926, 0.47272735358488693, 0.47120745467864655, 0.47079556816303925, 0.4702628507787503, 0.4695132047189614, 0.4686638473100908, 0.468279046702302, 0.467487802949881, 0.46644007660377274, 0.465786610632537, 0.46545231129805886, 0.4652223286612799, 0.465126126994577, 0.46510242947928293, 0.4650963130401349, 0.4650954339482466, 0.46509525802677276, 0.46509519714751335, 0.46509518230639624, 0.46509517959083724, 0.4650951769235019, 0.4650951762785681, 0.46509517618041185, 0.4650951760848707, 0.4650951760571671]}, "9": {"maxiter": 1000, "fatol": 1e-05, "xatol": 1e-10, "duration": 0.23391103744506836, "fun": "0.4650951760482511", "nit": "523", "nfev": "884", "status": "0", "success": "True", "message": "Optimization terminated successfully.", "x": "[4.51941586 0.63506632 1.76566768 1.03307338 8.39585598 1.74025969]", "final_simplex": "(array([[4.51941586, 0.63506632, 1.76566768, 1.03307338, 8.39585598,\n        1.74025969],\n       [4.51941586, 0.63506632, 1.76566768, 1.03307338, 8.39585598,\n        1.74025969],\n       [4.51941586, 0.63506632, 1.76566768, 1.03307338, 8.39585598,\n        1.74025969],\n       [4.51941586, 0.63506632, 1.76566768, 1.03307338, 8.39585598,\n        1.74025969],\n       [4.51941586, 0.63506632, 1.76566768, 1.03307338, 8.39585598,\n        1.74025969],\n       [4.51941586, 0.63506632, 1.76566768, 1.03307338, 8.39585598,\n        1.74025969],\n       [4.51941586, 0.63506632, 1.76566768, 1.03307338, 8.39585598,\n        1.74025969]]), array([0.46509518, 0.46509518, 0.46509518, 0.46509518, 0.46509518,\n       0.46509518, 0.46509518]))", "callback": [0.9327008113061392, 0.755630743862256, 0.6636294546334327, 0.6502179115085865, 0.6449029896094116, 0.6108848490864329, 0.49420531109872445, 0.4899463835707354, 0.484478144897712, 0.47935365365498084, 0.47501410103202524, 0.47381216409055926, 0.47272735358488693, 0.47120745467864655, 0.47079556816303925, 0.4702628507787503, 0.4695132047189614, 0.4686638473100908, 0.468279046702302, 0.467487802949881, 0.46644007660377274, 0.465786610632537, 0.46545231129805886, 0.4652223286612799, 0.465126126994577, 0.46510242947928293, 0.4650963130401349, 0.4650954339482466, 0.46509525802677276, 0.46509519714751335, 0.46509518230639624, 0.46509517959083724, 0.4650951769235019, 0.4650951762785681, 0.46509517618041185, 0.4650951760848707, 0.4650951760571671, 0.46509517605209694, 0.4650951760507158, 0.46509517605023, 0.46509517604915285, 0.4650951760486973, 0.46509517604853723, 0.46509517604841444, 0.4650951760482912, 0.4650951760482549, 0.465095176048254, 0.4650951760482521, 0.46509517604825146, 0.46509517604825135, 0.4650951760482511, 0.4650951760482511, 0.4650951760482511]}, "10": {"maxiter": 1000, "fatol": 1e-10, "xatol": 1e-05, "duration": 0.15718793869018555, "fun": "0.46509517605430817", "nit": "366", "nfev": "579", "status": "0", "success": "True", "message": "Optimization terminated successfully.", "x": "[4.51940992 0.63506876 1.76566543 1.03307513 8.39586457 1.7402567 ]", "final_simplex": "(array([[4.51940992, 0.63506876, 1.76566543, 1.03307513, 8.39586457,\n        1.7402567 ],\n       [4.51941704, 0.63507345, 1.76567317, 1.03307223, 8.39585669,\n        1.74025659],\n       [4.51941518, 0.63506692, 1.76566228, 1.03307326, 8.39586653,\n        1.74025807],\n       [4.51941579, 0.6350657 , 1.76567159, 1.03307037, 8.39586166,\n        1.74026122],\n       [4.51941564, 0.63506115, 1.76566245, 1.03307202, 8.39586544,\n        1.74026175],\n       [4.51941386, 0.63507027, 1.76566967, 1.0330803 , 8.3958616 ,\n        1.74026093],\n       [4.51941813, 0.63507334, 1.76566859, 1.03307001, 8.39585881,\n        1.74026295]]), array([0.46509518, 0.46509518, 0.46509518, 0.46509518, 0.46509518,\n       0.46509518, 0.46509518]))", "callback": [0.9327008113061392, 0.755630743862256, 0.6636294546334327, 0.6502179115085865, 0.6449029896094116, 0.6108848490864329, 0.49420531109872445, 0.4899463835707354, 0.484478144897712, 0.47935365365498084, 0.47501410103202524, 0.47381216409055926, 0.47272735358488693, 0.47120745467864655, 0.47079556816303925, 0.4702628507787503, 0.4695132047189614, 0.4686638473100908, 0.468279046702302, 0.467487802949881, 0.46644007660377274, 0.465786610632537, 0.46545231129805886, 0.4652223286612799, 0.465126126994577, 0.46510242947928293, 0.4650963130401349, 0.4650954339482466, 0.46509525802677276, 0.46509519714751335, 0.46509518230639624, 0.46509517959083724, 0.4650951769235019, 0.4650951762785681, 0.46509517618041185, 0.4650951760848707, 0.4650951760571671]}, "11": {"maxiter": 1000, "fatol": 1e-10, "xatol": 1e-10, "duration": 0.2145700454711914, "fun": "0.4650951760482511", "nit": "523", "nfev": "884", "status": "0", "success": "True", "message": "Optimization terminated successfully.", "x": "[4.51941586 0.63506632 1.76566768 1.03307338 8.39585598 1.74025969]", "final_simplex": "(array([[4.51941586, 0.63506632, 1.76566768, 1.03307338, 8.39585598,\n        1.74025969],\n       [4.51941586, 0.63506632, 1.76566768, 1.03307338, 8.39585598,\n        1.74025969],\n       [4.51941586, 0.63506632, 1.76566768, 1.03307338, 8.39585598,\n        1.74025969],\n       [4.51941586, 0.63506632, 1.76566768, 1.03307338, 8.39585598,\n        1.74025969],\n       [4.51941586, 0.63506632, 1.76566768, 1.03307338, 8.39585598,\n        1.74025969],\n       [4.51941586, 0.63506632, 1.76566768, 1.03307338, 8.39585598,\n        1.74025969],\n       [4.51941586, 0.63506632, 1.76566768, 1.03307338, 8.39585598,\n        1.74025969]]), array([0.46509518, 0.46509518, 0.46509518, 0.46509518, 0.46509518,\n       0.46509518, 0.46509518]))", "callback": [0.9327008113061392, 0.755630743862256, 0.6636294546334327, 0.6502179115085865, 0.6449029896094116, 0.6108848490864329, 0.49420531109872445, 0.4899463835707354, 0.484478144897712, 0.47935365365498084, 0.47501410103202524, 0.47381216409055926, 0.47272735358488693, 0.47120745467864655, 0.47079556816303925, 0.4702628507787503, 0.4695132047189614, 0.4686638473100908, 0.468279046702302, 0.467487802949881, 0.46644007660377274, 0.465786610632537, 0.46545231129805886, 0.4652223286612799, 0.465126126994577, 0.46510242947928293, 0.4650963130401349, 0.4650954339482466, 0.46509525802677276, 0.46509519714751335, 0.46509518230639624, 0.46509517959083724, 0.4650951769235019, 0.4650951762785681, 0.46509517618041185, 0.4650951760848707, 0.4650951760571671, 0.46509517605209694, 0.4650951760507158, 0.46509517605023, 0.46509517604915285, 0.4650951760486973, 0.46509517604853723, 0.46509517604841444, 0.4650951760482912, 0.4650951760482549, 0.465095176048254, 0.4650951760482521, 0.46509517604825146, 0.46509517604825135, 0.4650951760482511, 0.4650951760482511, 0.4650951760482511]}}, "bfgs": {"type": "gradient", "0": {"maxiter": 100, "gtol": 1e-05, "xrtol": 1e-05, "eps": 1e-05, "duration": 0.058284759521484375, "fun": "0.46509517671358924", "jac": "[-2.27771135e-06  7.26585458e-07 -4.34874359e-06  9.40196809e-06\n -6.77341516e-06  6.02879968e-06]", "hess_inv": "[[ 4.99310318 -0.85225281  1.34765572  1.17845523 -2.08880592  1.33822709]\n [-0.85225281  6.37928374  1.94839404 -1.57674196  0.05066871 -2.29950478]\n [ 1.34765572  1.94839404  8.17628956 -0.31209245 -4.09124727  0.51980981]\n [ 1.17845523 -1.57674196 -0.31209245  4.36331785  0.94647082 -0.47023711]\n [-2.08880592  0.05066871 -4.09124727  0.94647082  8.92563036 -3.07136668]\n [ 1.33822709 -2.29950478  0.51980981 -0.47023711 -3.07136668  5.85909443]]", "nfev": "238", "njev": "34", "status": "0", "success": "True", "message": "Optimization terminated successfully.", "x": "[ 4.51944005  0.63503205  1.76565543  5.2501733   5.25419994 -1.40126635]", "nit": "27", "callback": [0.8840828663240479, 0.8736258236998249, 0.8499166774021197, 0.8188069525304218, 0.8109401730702033, 0.7968674698094986, 0.7759867858757907, 0.7680147363397106, 0.6681528905167844, 0.6480197805674175, 0.6271715508865225, 0.5962369216373817, 0.5519821174995427, 0.5254717941255551, 0.5097292423568283, 0.4926348349006464, 0.47673064609408233, 0.473253272383271, 0.4712966686779152, 0.46801476081912696, 0.4653601274682899, 0.46523692410001694, 0.46513115861193366, 0.46510098620590234, 0.46509544094732436, 0.46509518367014746, 0.46509517671358924]}, "1": {"maxiter": 100, "gtol": 1e-05, "xrtol": 1e-05, "eps": 1e-10, "duration": 0.06215715408325195, "fun": "0.4650951760640698", "jac": "[2.22044587e-06 4.44089173e-06 1.11022293e-06 0.00000000e+00\n 4.44089173e-06 2.22044587e-06]", "hess_inv": "[[ 5.46588495 -0.94126964  0.89969032  2.15804962 -2.73849802  2.38302686]\n [-0.94126964  6.35457999  2.22358619 -1.88043083  0.05842647 -2.28762249]\n [ 0.89969032  2.22358619  8.4717589  -0.85126141 -4.94515508  0.74845113]\n [ 2.15804962 -1.88043083 -0.85126141  6.46977952 -0.61238585  1.62918264]\n [-2.73849802  0.05842647 -4.94515508 -0.61238585 10.12041068 -4.24490884]\n [ 2.38302686 -2.28762249  0.74845113  1.62918264 -4.24490884  7.25176719]]", "nfev": "252", "njev": "36", "status": "0", "success": "True", "message": "Optimization terminated successfully.", "x": "[ 4.51941135  0.63507421  1.76566176  5.25010911  5.2542771  -1.40133891]", "nit": "29", "callback": [0.8840823988608604, 0.8736256588270397, 0.8499162454901146, 0.8188068738882356, 0.8109393735732962, 0.7968645356270179, 0.775977718840587, 0.7680010405549752, 0.6683320100316561, 0.6480704599812317, 0.6273989056430429, 0.5965295468942151, 0.5520480107063541, 0.5254116159818999, 0.509811720357792, 0.4922303432315953, 0.47745998131863165, 0.47339239551833745, 0.47147240741731067, 0.46826322081781857, 0.46542937971568343, 0.4652568605573334, 0.4651450322505635, 0.4651075131229727, 0.4650960941784176, 0.46509525481854275, 0.4650951878027527, 0.46509517742378836, 0.4650951760640698]}, "2": {"maxiter": 100, "gtol": 1e-05, "xrtol": 1e-10, "eps": 1e-05, "duration": 0.05912184715270996, "fun": "0.46509517671358924", "jac": "[-2.27771135e-06  7.26585458e-07 -4.34874359e-06  9.40196809e-06\n -6.77341516e-06  6.02879968e-06]", "hess_inv": "[[ 4.99310318 -0.85225281  1.34765572  1.17845523 -2.08880592  1.33822709]\n [-0.85225281  6.37928374  1.94839404 -1.57674196  0.05066871 -2.29950478]\n [ 1.34765572  1.94839404  8.17628956 -0.31209245 -4.09124727  0.51980981]\n [ 1.17845523 -1.57674196 -0.31209245  4.36331785  0.94647082 -0.47023711]\n [-2.08880592  0.05066871 -4.09124727  0.94647082  8.92563036 -3.07136668]\n [ 1.33822709 -2.29950478  0.51980981 -0.47023711 -3.07136668  5.85909443]]", "nfev": "238", "njev": "34", "status": "0", "success": "True", "message": "Optimization terminated successfully.", "x": "[ 4.51944005  0.63503205  1.76565543  5.2501733   5.25419994 -1.40126635]", "nit": "27", "callback": [0.8840828663240479, 0.8736258236998249, 0.8499166774021197, 0.8188069525304218, 0.8109401730702033, 0.7968674698094986, 0.7759867858757907, 0.7680147363397106, 0.6681528905167844, 0.6480197805674175, 0.6271715508865225, 0.5962369216373817, 0.5519821174995427, 0.5254717941255551, 0.5097292423568283, 0.4926348349006464, 0.47673064609408233, 0.473253272383271, 0.4712966686779152, 0.46801476081912696, 0.4653601274682899, 0.46523692410001694, 0.46513115861193366, 0.46510098620590234, 0.46509544094732436, 0.46509518367014746, 0.46509517671358924]}, "3": {"maxiter": 100, "gtol": 1e-05, "xrtol": 1e-10, "eps": 1e-10, "duration": 0.06069493293762207, "fun": "0.4650951760640698", "jac": "[2.22044587e-06 4.44089173e-06 1.11022293e-06 0.00000000e+00\n 4.44089173e-06 2.22044587e-06]", "hess_inv": "[[ 5.46588495 -0.94126964  0.89969032  2.15804962 -2.73849802  2.38302686]\n [-0.94126964  6.35457999  2.22358619 -1.88043083  0.05842647 -2.28762249]\n [ 0.89969032  2.22358619  8.4717589  -0.85126141 -4.94515508  0.74845113]\n [ 2.15804962 -1.88043083 -0.85126141  6.46977952 -0.61238585  1.62918264]\n [-2.73849802  0.05842647 -4.94515508 -0.61238585 10.12041068 -4.24490884]\n [ 2.38302686 -2.28762249  0.74845113  1.62918264 -4.24490884  7.25176719]]", "nfev": "252", "njev": "36", "status": "0", "success": "True", "message": "Optimization terminated successfully.", "x": "[ 4.51941135  0.63507421  1.76566176  5.25010911  5.2542771  -1.40133891]", "nit": "29", "callback": [0.8840823988608604, 0.8736256588270397, 0.8499162454901146, 0.8188068738882356, 0.8109393735732962, 0.7968645356270179, 0.775977718840587, 0.7680010405549752, 0.6683320100316561, 0.6480704599812317, 0.6273989056430429, 0.5965295468942151, 0.5520480107063541, 0.5254116159818999, 0.509811720357792, 0.4922303432315953, 0.47745998131863165, 0.47339239551833745, 0.47147240741731067, 0.46826322081781857, 0.46542937971568343, 0.4652568605573334, 0.4651450322505635, 0.4651075131229727, 0.4650960941784176, 0.46509525481854275, 0.4650951878027527, 0.46509517742378836, 0.4650951760640698]}, "4": {"maxiter": 100, "gtol": 1e-10, "xrtol": 1e-05, "eps": 1e-05, "duration": 0.05960202217102051, "fun": "0.46509517616118345", "jac": "[-9.00279851e-07  3.35813599e-06 -2.83730817e-06  5.01969577e-06\n -2.16086038e-06  2.77655676e-06]", "hess_inv": "[[ 5.2549283  -1.12160317  1.58258361  1.57268187 -2.44183567  1.76987752]\n [-1.12160317  6.49621619  1.46013519 -1.91784893  0.12989356 -2.53840499]\n [ 1.58258361  1.46013519  8.00745483  0.14086203 -4.84517731  1.2229724 ]\n [ 1.57268187 -1.91784893  0.14086203  4.93096404  0.52918449  0.09713552]\n [-2.44183567  0.12989356 -4.84517731  0.52918449  8.89820897 -3.28965087]\n [ 1.76987752 -2.53840499  1.2229724   0.09713552 -3.28965087  6.30792693]]", "nfev": "245", "njev": "35", "status": "0", "success": "True", "message": "Optimization terminated successfully.", "x": "[ 4.51941772  0.63506534  1.76565128  5.25013553  5.25424834 -1.40131638]", "nit": "28", "callback": [0.8840828663240479, 0.8736258236998249, 0.8499166774021197, 0.8188069525304218, 0.8109401730702033, 0.7968674698094986, 0.7759867858757907, 0.7680147363397106, 0.6681528905167844, 0.6480197805674175, 0.6271715508865225, 0.5962369216373817, 0.5519821174995427, 0.5254717941255551, 0.5097292423568283, 0.4926348349006464, 0.47673064609408233, 0.473253272383271, 0.4712966686779152, 0.46801476081912696, 0.4653601274682899, 0.46523692410001694, 0.46513115861193366, 0.46510098620590234, 0.46509544094732436, 0.46509518367014746, 0.46509517671358924, 0.46509517616118345]}, "5": {"maxiter": 100, "gtol": 1e-10, "xrtol": 1e-05, "eps": 1e-10, "duration": 0.0654299259185791, "fun": "0.465095176053818", "jac": "[0.00000000e+00 0.00000000e+00 0.00000000e+00 2.22044587e-06\n 1.11022293e-06 0.00000000e+00]", "hess_inv": "[[ 5.54641614 -0.63803798  0.86314515  2.19275247 -2.62724387  2.46848578]\n [-0.63803798  6.71048124  1.99096972 -1.52746673 -0.57499593 -1.52177297]\n [ 0.86314515  1.99096972  8.47685698 -0.84013539 -5.12286464  0.76335468]\n [ 2.19275247 -1.52746673 -0.84013539  6.42185608 -0.2667812   1.54040208]\n [-2.62724387 -0.57499593 -5.12286464 -0.2667812   8.86497775 -3.53222544]\n [ 2.46848578 -1.52177297  0.76335468  1.54040208 -3.53222544  7.09153844]]", "nfev": "266", "njev": "38", "status": "0", "success": "True", "message": "Optimization terminated successfully.", "x": "[ 4.51941002  0.63506652  1.76566203  5.2501093   5.25427166 -1.40133879]", "nit": "30", "callback": [0.8840823988608604, 0.8736256588270397, 0.8499162454901146, 0.8188068738882356, 0.8109393735732962, 0.7968645356270179, 0.775977718840587, 0.7680010405549752, 0.6683320100316561, 0.6480704599812317, 0.6273989056430429, 0.5965295468942151, 0.5520480107063541, 0.5254116159818999, 0.509811720357792, 0.4922303432315953, 0.47745998131863165, 0.47339239551833745, 0.47147240741731067, 0.46826322081781857, 0.46542937971568343, 0.4652568605573334, 0.4651450322505635, 0.4651075131229727, 0.4650960941784176, 0.46509525481854275, 0.4650951878027527, 0.46509517742378836, 0.4650951760640698, 0.465095176053818]}, "6": {"maxiter": 100, "gtol": 1e-10, "xrtol": 1e-10, "eps": 1e-05, "duration": 0.11431193351745605, "fun": "0.46509517606151163", "jac": "[ 1.87627691e-09  5.73918690e-07 -3.56692453e-07  4.35018688e-07\n  7.26196880e-08  1.34137146e-07]", "hess_inv": "[[ 5.38880016 -0.97112095  1.34103046  2.09756419 -2.62232778  2.06288879]\n [-0.97112095  6.02823213  1.47425084 -1.81084749 -0.03815514 -2.30534887]\n [ 1.34103046  1.47425084  8.46079394 -0.61467681 -4.72691732  0.83666852]\n [ 2.09756419 -1.81084749 -0.61467681  6.60082266 -0.09047391  1.12851639]\n [-2.62232778 -0.03815514 -4.72691732 -0.09047391  9.36106953 -3.78023541]\n [ 2.06288879 -2.30534887  0.83666852  1.12851639 -3.78023541  6.97370194]]", "nfev": "486", "njev": "68", "status": "2", "success": "False", "message": "Desired error not necessarily achieved due to precision loss.", "x": "[ 4.51940735  0.63506615  1.76565887  5.25010657  5.25426753 -1.40133962]", "nit": "31", "callback": [0.8840828663240479, 0.8736258236998249, 0.8499166774021197, 0.8188069525304218, 0.8109401730702033, 0.7968674698094986, 0.7759867858757907, 0.7680147363397106, 0.6681528905167844, 0.6480197805674175, 0.6271715508865225, 0.5962369216373817, 0.5519821174995427, 0.5254717941255551, 0.5097292423568283, 0.4926348349006464, 0.47673064609408233, 0.473253272383271, 0.4712966686779152, 0.46801476081912696, 0.4653601274682899, 0.46523692410001694, 0.46513115861193366, 0.46510098620590234, 0.46509544094732436, 0.46509518367014746, 0.46509517671358924, 0.46509517616118345, 0.4650951760618086, 0.46509517606155804, 0.46509517606151163]}, "7": {"maxiter": 100, "gtol": 1e-10, "xrtol": 1e-10, "eps": 1e-10, "duration": 0.11056375503540039, "fun": "0.4650951760524462", "jac": "[0. 0. 0. 0. 0. 0.]", "hess_inv": "[[ 1.52313808e-03  4.01453253e-03  2.71038264e-03 -2.52555907e-03\n  -7.21791618e-05 -2.38574162e-04]\n [ 4.01453253e-03  4.16126898e-02  3.03264559e-02 -2.45858654e-02\n  -1.40182145e-02  7.91888736e-03]\n [ 2.71038264e-03  3.03264559e-02  2.49067739e-02 -1.89665540e-02\n  -9.69359019e-03  6.45874319e-03]\n [-2.52555907e-03 -2.45858654e-02 -1.89665540e-02  1.63789340e-02\n   7.06466710e-03 -5.36557496e-03]\n [-7.21791618e-05 -1.40182145e-02 -9.69359019e-03  7.06466710e-03\n   7.48465384e-03 -3.38536413e-03]\n [-2.38574162e-04  7.91888736e-03  6.45874319e-03 -5.36557496e-03\n  -3.38536413e-03  2.94948023e-03]]", "nfev": "469", "njev": "67", "status": "0", "success": "True", "message": "Optimization terminated successfully.", "x": "[ 4.51941138  0.63506642  1.7656646   5.25010631  5.25426867 -1.40133618]", "nit": "44", "callback": [0.8840823988608604, 0.8736256588270397, 0.8499162454901146, 0.8188068738882356, 0.8109393735732962, 0.7968645356270179, 0.775977718840587, 0.7680010405549752, 0.6683320100316561, 0.6480704599812317, 0.6273989056430429, 0.5965295468942151, 0.5520480107063541, 0.5254116159818999, 0.509811720357792, 0.4922303432315953, 0.47745998131863165, 0.47339239551833745, 0.47147240741731067, 0.46826322081781857, 0.46542937971568343, 0.4652568605573334, 0.4651450322505635, 0.4651075131229727, 0.4650960941784176, 0.46509525481854275, 0.4650951878027527, 0.46509517742378836, 0.4650951760640698, 0.465095176053818, 0.46509517605374784, 0.46509517605371864, 0.46509517605370765, 0.46509517605370254, 0.4650951760536963, 0.46509517605364015, 0.4650951760531692, 0.4650951760525003, 0.4650951760524542, 0.46509517605244777, 0.46509517605244655, 0.46509517605244644, 0.4650951760524462, 0.4650951760524462]}, "8": {"maxiter": 500, "gtol": 1e-05, "xrtol": 1e-05, "eps": 1e-05, "duration": 0.060987234115600586, "fun": "0.46509517671358924", "jac": "[-2.27771135e-06  7.26585458e-07 -4.34874359e-06  9.40196809e-06\n -6.77341516e-06  6.02879968e-06]", "hess_inv": "[[ 4.99310318 -0.85225281  1.34765572  1.17845523 -2.08880592  1.33822709]\n [-0.85225281  6.37928374  1.94839404 -1.57674196  0.05066871 -2.29950478]\n [ 1.34765572  1.94839404  8.17628956 -0.31209245 -4.09124727  0.51980981]\n [ 1.17845523 -1.57674196 -0.31209245  4.36331785  0.94647082 -0.47023711]\n [-2.08880592  0.05066871 -4.09124727  0.94647082  8.92563036 -3.07136668]\n [ 1.33822709 -2.29950478  0.51980981 -0.47023711 -3.07136668  5.85909443]]", "nfev": "238", "njev": "34", "status": "0", "success": "True", "message": "Optimization terminated successfully.", "x": "[ 4.51944005  0.63503205  1.76565543  5.2501733   5.25419994 -1.40126635]", "nit": "27", "callback": [0.8840828663240479, 0.8736258236998249, 0.8499166774021197, 0.8188069525304218, 0.8109401730702033, 0.7968674698094986, 0.7759867858757907, 0.7680147363397106, 0.6681528905167844, 0.6480197805674175, 0.6271715508865225, 0.5962369216373817, 0.5519821174995427, 0.5254717941255551, 0.5097292423568283, 0.4926348349006464, 0.47673064609408233, 0.473253272383271, 0.4712966686779152, 0.46801476081912696, 0.4653601274682899, 0.46523692410001694, 0.46513115861193366, 0.46510098620590234, 0.46509544094732436, 0.46509518367014746, 0.46509517671358924]}, "9": {"maxiter": 500, "gtol": 1e-05, "xrtol": 1e-05, "eps": 1e-10, "duration": 0.06579113006591797, "fun": "0.4650951760640698", "jac": "[2.22044587e-06 4.44089173e-06 1.11022293e-06 0.00000000e+00\n 4.44089173e-06 2.22044587e-06]", "hess_inv": "[[ 5.46588495 -0.94126964  0.89969032  2.15804962 -2.73849802  2.38302686]\n [-0.94126964  6.35457999  2.22358619 -1.88043083  0.05842647 -2.28762249]\n [ 0.89969032  2.22358619  8.4717589  -0.85126141 -4.94515508  0.74845113]\n [ 2.15804962 -1.88043083 -0.85126141  6.46977952 -0.61238585  1.62918264]\n [-2.73849802  0.05842647 -4.94515508 -0.61238585 10.12041068 -4.24490884]\n [ 2.38302686 -2.28762249  0.74845113  1.62918264 -4.24490884  7.25176719]]", "nfev": "252", "njev": "36", "status": "0", "success": "True", "message": "Optimization terminated successfully.", "x": "[ 4.51941135  0.63507421  1.76566176  5.25010911  5.2542771  -1.40133891]", "nit": "29", "callback": [0.8840823988608604, 0.8736256588270397, 0.8499162454901146, 0.8188068738882356, 0.8109393735732962, 0.7968645356270179, 0.775977718840587, 0.7680010405549752, 0.6683320100316561, 0.6480704599812317, 0.6273989056430429, 0.5965295468942151, 0.5520480107063541, 0.5254116159818999, 0.509811720357792, 0.4922303432315953, 0.47745998131863165, 0.47339239551833745, 0.47147240741731067, 0.46826322081781857, 0.46542937971568343, 0.4652568605573334, 0.4651450322505635, 0.4651075131229727, 0.4650960941784176, 0.46509525481854275, 0.4650951878027527, 0.46509517742378836, 0.4650951760640698]}, "10": {"maxiter": 500, "gtol": 1e-05, "xrtol": 1e-10, "eps": 1e-05, "duration": 0.06446194648742676, "fun": "0.46509517671358924", "jac": "[-2.27771135e-06  7.26585458e-07 -4.34874359e-06  9.40196809e-06\n -6.77341516e-06  6.02879968e-06]", "hess_inv": "[[ 4.99310318 -0.85225281  1.34765572  1.17845523 -2.08880592  1.33822709]\n [-0.85225281  6.37928374  1.94839404 -1.57674196  0.05066871 -2.29950478]\n [ 1.34765572  1.94839404  8.17628956 -0.31209245 -4.09124727  0.51980981]\n [ 1.17845523 -1.57674196 -0.31209245  4.36331785  0.94647082 -0.47023711]\n [-2.08880592  0.05066871 -4.09124727  0.94647082  8.92563036 -3.07136668]\n [ 1.33822709 -2.29950478  0.51980981 -0.47023711 -3.07136668  5.85909443]]", "nfev": "238", "njev": "34", "status": "0", "success": "True", "message": "Optimization terminated successfully.", "x": "[ 4.51944005  0.63503205  1.76565543  5.2501733   5.25419994 -1.40126635]", "nit": "27", "callback": [0.8840828663240479, 0.8736258236998249, 0.8499166774021197, 0.8188069525304218, 0.8109401730702033, 0.7968674698094986, 0.7759867858757907, 0.7680147363397106, 0.6681528905167844, 0.6480197805674175, 0.6271715508865225, 0.5962369216373817, 0.5519821174995427