{"date": "2024/10/08/, 17:00:11", "conf_id": 14, "data_type": "random\n", "num_data_points": 1, "s_rank": 0, "unitary": "[[-0.24866696+0.58742286j,-0.44704345-0.43151574j,-0.35669027-0.20570733j,-0.10517633+0.1626036j],[0.10596805-0.19687975j,-0.30269685-0.15056416j,0.18246286+0.30440582j,-0.83484447-0.11310748j],[0.26054512-0.52548482j,0.0285017-0.50723956j,-0.43110112+0.17165838j,0.15243271+0.39915801j],[0.42978035+0.11991271j,-0.17224126-0.46030424j,0.6827807-0.15164662j,0.26483638+0.0061855j]]", "databatch_0": {"databatch": "[[[0.15169572-0.09500404j,0.04355583+0.05107387j,-0.1302028+0.01970885j,-0.04737121+0.06704456j],[0.11428584-0.13513436j,0.05028393+0.08793043j,-0.09232017-0.00222247j,-0.07440784+0.08119812j],[-0.65663537-0.21386257j,0.2183777-0.37342643j,0.27817202+0.12417652j,0.13061599+0.12095881j],[0.23683184+0.08193342j,0.03608788+0.05901949j,-0.1232546-0.01767372j,-0.03685959-0.06443045j]]]", "initial param values": "[5.35207679,4.60405653,0.55404657,2.41161901,0.85076139,2.20209178]", "nelder_mead": {"type": "gradient-free", "0": {"maxiter": 100, "fatol": 1e-05, "xatol": 1e-05, "duration": 0.04228496551513672, "fun": "0.06588518824580969", "nit": "100", "nfev": "156", "status": "2", "success": "False", "message": "Maximum number of iterations has been exceeded.", "x": "[4.51805087 2.77165696 0.19659472 1.29344242 1.30825929 4.72692015]", "final_simplex": "(array([[4.51805087, 2.77165696, 0.19659472, 1.29344242, 1.30825929,\n        4.72692015],\n       [4.50741114, 2.79780171, 0.18635409, 1.27119095, 1.31126706,\n        4.77309149],\n       [4.54681   , 2.81880724, 0.18368474, 1.2665821 , 1.30686997,\n        4.77074613],\n       [4.49848409, 2.80528574, 0.17464997, 1.25150232, 1.32025569,\n        4.81513201],\n       [4.51786638, 2.78972383, 0.19298755, 1.25529361, 1.29993337,\n        4.76966048],\n       [4.55684312, 2.80146197, 0.19229498, 1.25748083, 1.28396206,\n        4.76830971],\n       [4.47863881, 2.82574392, 0.21745973, 1.26740728, 1.28483735,\n        4.65871422]]), array([0.06588519, 0.06603733, 0.06632807, 0.06721769, 0.06797378,\n       0.06887106, 0.06900315]))", "callback": [0.7667415318459813, 0.6648231208138156, 0.4728653561003917, 0.3525127353985005, 0.27840856967052985, 0.13036488745337327, 0.07937964955370502, 0.07369737928201558, 0.070802351712416, 0.0688710622670502]}, "1": {"maxiter": 100, "fatol": 1e-05, "xatol": 1e-10, "duration": 0.044924020767211914, "fun": "0.06588518824580969", "nit": "100", "nfev": "156", "status": "2", "success": "False", "message": "Maximum number of iterations has been exceeded.", "x": "[4.51805087 2.77165696 0.19659472 1.29344242 1.30825929 4.72692015]", "final_simplex": "(array([[4.51805087, 2.77165696, 0.19659472, 1.29344242, 1.30825929,\n        4.72692015],\n       [4.50741114, 2.79780171, 0.18635409, 1.27119095, 1.31126706,\n        4.77309149],\n       [4.54681   , 2.81880724, 0.18368474, 1.2665821 , 1.30686997,\n        4.77074613],\n       [4.49848409, 2.80528574, 0.17464997, 1.25150232, 1.32025569,\n        4.81513201],\n       [4.51786638, 2.78972383, 0.19298755, 1.25529361, 1.29993337,\n        4.76966048],\n       [4.55684312, 2.80146197, 0.19229498, 1.25748083, 1.28396206,\n        4.76830971],\n       [4.47863881, 2.82574392, 0.21745973, 1.26740728, 1.28483735,\n        4.65871422]]), array([0.06588519, 0.06603733, 0.06632807, 0.06721769, 0.06797378,\n       0.06887106, 0.06900315]))", "callback": [0.7667415318459813, 0.6648231208138156, 0.4728653561003917, 0.3525127353985005, 0.27840856967052985, 0.13036488745337327, 0.07937964955370502, 0.07369737928201558, 0.070802351712416, 0.0688710622670502]}, "2": {"maxiter": 100, "fatol": 1e-10, "xatol": 1e-05, "duration": 0.04760599136352539, "fun": "0.06588518824580969", "nit": "100", "nfev": "156", "status": "2", "success": "False", "message": "Maximum number of iterations has been exceeded.", "x": "[4.51805087 2.77165696 0.19659472 1.29344242 1.30825929 4.72692015]", "final_simplex": "(array([[4.51805087, 2.77165696, 0.19659472, 1.29344242, 1.30825929,\n        4.72692015],\n       [4.50741114, 2.79780171, 0.18635409, 1.27119095, 1.31126706,\n        4.77309149],\n       [4.54681   , 2.81880724, 0.18368474, 1.2665821 , 1.30686997,\n        4.77074613],\n       [4.49848409, 2.80528574, 0.17464997, 1.25150232, 1.32025569,\n        4.81513201],\n       [4.51786638, 2.78972383, 0.19298755, 1.25529361, 1.29993337,\n        4.76966048],\n       [4.55684312, 2.80146197, 0.19229498, 1.25748083, 1.28396206,\n        4.76830971],\n       [4.47863881, 2.82574392, 0.21745973, 1.26740728, 1.28483735,\n        4.65871422]]), array([0.06588519, 0.06603733, 0.06632807, 0.06721769, 0.06797378,\n       0.06887106, 0.06900315]))", "callback": [0.7667415318459813, 0.6648231208138156, 0.4728653561003917, 0.3525127353985005, 0.27840856967052985, 0.13036488745337327, 0.07937964955370502, 0.07369737928201558, 0.070802351712416, 0.0688710622670502]}, "3": {"maxiter": 100, "fatol": 1e-10, "xatol": 1e-10, "duration": 0.04663825035095215, "fun": "0.06588518824580969", "nit": "100", "nfev": "156", "status": "2", "success": "False", "message": "Maximum number of iterations has been exceeded.", "x": "[4.51805087 2.77165696 0.19659472 1.29344242 1.30825929 4.72692015]", "final_simplex": "(array([[4.51805087, 2.77165696, 0.19659472, 1.29344242, 1.30825929,\n        4.72692015],\n       [4.50741114, 2.79780171, 0.18635409, 1.27119095, 1.31126706,\n        4.77309149],\n       [4.54681   , 2.81880724, 0.18368474, 1.2665821 , 1.30686997,\n        4.77074613],\n       [4.49848409, 2.80528574, 0.17464997, 1.25150232, 1.32025569,\n        4.81513201],\n       [4.51786638, 2.78972383, 0.19298755, 1.25529361, 1.29993337,\n        4.76966048],\n       [4.55684312, 2.80146197, 0.19229498, 1.25748083, 1.28396206,\n        4.76830971],\n       [4.47863881, 2.82574392, 0.21745973, 1.26740728, 1.28483735,\n        4.65871422]]), array([0.06588519, 0.06603733, 0.06632807, 0.06721769, 0.06797378,\n       0.06887106, 0.06900315]))", "callback": [0.7667415318459813, 0.6648231208138156, 0.4728653561003917, 0.3525127353985005, 0.27840856967052985, 0.13036488745337327, 0.07937964955370502, 0.07369737928201558, 0.070802351712416, 0.0688710622670502]}, "4": {"maxiter": 500, "fatol": 1e-05, "xatol": 1e-05, "duration": 0.22080206871032715, "fun": "0.0437155117744531", "nit": "500", "nfev": "775", "status": "2", "success": "False", "message": "Maximum number of iterations has been exceeded.", "x": "[4.68729961 2.92829063 0.92989332 1.78717337 1.59788987 5.44527292]", "final_simplex": "(array([[4.68729961, 2.92829063, 0.92989332, 1.78717337, 1.59788987,\n        5.44527292],\n       [4.68729161, 2.92830226, 0.92988095, 1.78717758, 1.59790559,\n        5.44527012],\n       [4.6872911 , 2.92829666, 0.92987704, 1.78717776, 1.59788475,\n        5.4452372 ],\n       [4.68730489, 2.92830416, 0.92989805, 1.78716809, 1.59789479,\n        5.44525696],\n       [4.68729681, 2.9282878 , 0.92987125, 1.78717625, 1.59789042,\n        5.4452638 ],\n       [4.68727564, 2.92829667, 0.92983531, 1.78716109, 1.59787707,\n        5.44523208],\n       [4.68728868, 2.92829061, 0.92987176, 1.78716893, 1.5978977 ,\n        5.44525717]]), array([0.04371551, 0.04371551, 0.04371551, 0.04371551, 0.04371551,\n       0.04371551, 0.04371551]))", "callback": [0.7667415318459813, 0.6648231208138156, 0.4728653561003917, 0.3525127353985005, 0.27840856967052985, 0.13036488745337327, 0.07937964955370502, 0.07369737928201558, 0.070802351712416, 0.0688710622670502, 0.06473101358327604, 0.0584624028022207, 0.05485426322359788, 0.05449120768463822, 0.054237071337345455, 0.05422380190639642, 0.05421835323771573, 0.054209727163480936, 0.05420938748315818, 0.05420535994602815, 0.05419828471991173, 0.05417963475467491, 0.05412717358701424, 0.05401034164125795, 0.053959029949281256, 0.053933113479638695, 0.053918180219974854, 0.05390169481989304, 0.05381405757247193, 0.053528608877740025, 0.05237935858058007, 0.05068449273142994, 0.047353167845725075, 0.04434146810051953, 0.04398171846893739, 0.04384060670643597, 0.04377938690824934, 0.043748008237458946, 0.04374414005038574, 0.04373193117233731, 0.04372436379389466, 0.043716184699185145, 0.04371609603865789, 0.04371563154223701, 0.04371554617343831, 0.043715527212296434, 0.04371551581815003, 0.04371551235876281, 0.04371551196009116, 0.043715511799681805]}, "5": {"maxiter": 500, "fatol": 1e-05, "xatol": 1e-10, "duration": 0.2171168327331543, "fun": "0.0437155117744531", "nit": "500", "nfev": "775", "status": "2", "success": "False", "message": "Maximum number of iterations has been exceeded.", "x": "[4.68729961 2.92829063 0.92989332 1.78717337 1.59788987 5.44527292]", "final_simplex": "(array([[4.68729961, 2.92829063, 0.92989332, 1.78717337, 1.59788987,\n        5.44527292],\n       [4.68729161, 2.92830226, 0.92988095, 1.78717758, 1.59790559,\n        5.44527012],\n       [4.6872911 , 2.92829666, 0.92987704, 1.78717776, 1.59788475,\n        5.4452372 ],\n       [4.68730489, 2.92830416, 0.92989805, 1.78716809, 1.59789479,\n        5.44525696],\n       [4.68729681, 2.9282878 , 0.92987125, 1.78717625, 1.59789042,\n        5.4452638 ],\n       [4.68727564, 2.92829667, 0.92983531, 1.78716109, 1.59787707,\n        5.44523208],\n       [4.68728868, 2.92829061, 0.92987176, 1.78716893, 1.5978977 ,\n        5.44525717]]), array([0.04371551, 0.04371551, 0.04371551, 0.04371551, 0.04371551,\n       0.04371551, 0.04371551]))", "callback": [0.7667415318459813, 0.6648231208138156, 0.4728653561003917, 0.3525127353985005, 0.27840856967052985, 0.13036488745337327, 0.07937964955370502, 0.07369737928201558, 0.070802351712416, 0.0688710622670502, 0.06473101358327604, 0.0584624028022207, 0.05485426322359788, 0.05449120768463822, 0.054237071337345455, 0.05422380190639642, 0.05421835323771573, 0.054209727163480936, 0.05420938748315818, 0.05420535994602815, 0.05419828471991173, 0.05417963475467491, 0.05412717358701424, 0.05401034164125795, 0.053959029949281256, 0.053933113479638695, 0.053918180219974854, 0.05390169481989304, 0.05381405757247193, 0.053528608877740025, 0.05237935858058007, 0.05068449273142994, 0.047353167845725075, 0.04434146810051953, 0.04398171846893739, 0.04384060670643597, 0.04377938690824934, 0.043748008237458946, 0.04374414005038574, 0.04373193117233731, 0.04372436379389466, 0.043716184699185145, 0.04371609603865789, 0.04371563154223701, 0.04371554617343831, 0.043715527212296434, 0.04371551581815003, 0.04371551235876281, 0.04371551196009116, 0.043715511799681805]}, "6": {"maxiter": 500, "fatol": 1e-10, "xatol": 1e-05, "duration": 0.217667818069458, "fun": "0.0437155117744531", "nit": "500", "nfev": "775", "status": "2", "success": "False", "message": "Maximum number of iterations has been exceeded.", "x": "[4.68729961 2.92829063 0.92989332 1.78717337 1.59788987 5.44527292]", "final_simplex": "(array([[4.68729961, 2.92829063, 0.92989332, 1.78717337, 1.59788987,\n        5.44527292],\n       [4.68729161, 2.92830226, 0.92988095, 1.78717758, 1.59790559,\n        5.44527012],\n       [4.6872911 , 2.92829666, 0.92987704, 1.78717776, 1.59788475,\n        5.4452372 ],\n       [4.68730489, 2.92830416, 0.92989805, 1.78716809, 1.59789479,\n        5.44525696],\n       [4.68729681, 2.9282878 , 0.92987125, 1.78717625, 1.59789042,\n        5.4452638 ],\n       [4.68727564, 2.92829667, 0.92983531, 1.78716109, 1.59787707,\n        5.44523208],\n       [4.68728868, 2.92829061, 0.92987176, 1.78716893, 1.5978977 ,\n        5.44525717]]), array([0.04371551, 0.04371551, 0.04371551, 0.04371551, 0.04371551,\n       0.04371551, 0.04371551]))", "callback": [0.7667415318459813, 0.6648231208138156, 0.4728653561003917, 0.3525127353985005, 0.27840856967052985, 0.13036488745337327, 0.07937964955370502, 0.07369737928201558, 0.070802351712416, 0.0688710622670502, 0.06473101358327604, 0.0584624028022207, 0.05485426322359788, 0.05449120768463822, 0.054237071337345455, 0.05422380190639642, 0.05421835323771573, 0.054209727163480936, 0.05420938748315818, 0.05420535994602815, 0.05419828471991173, 0.05417963475467491, 0.05412717358701424, 0.05401034164125795, 0.053959029949281256, 0.053933113479638695, 0.053918180219974854, 0.05390169481989304, 0.05381405757247193, 0.053528608877740025, 0.05237935858058007, 0.05068449273142994, 0.047353167845725075, 0.04434146810051953, 0.04398171846893739, 0.04384060670643597, 0.04377938690824934, 0.043748008237458946, 0.04374414005038574, 0.04373193117233731, 0.04372436379389466, 0.043716184699185145, 0.04371609603865789, 0.04371563154223701, 0.04371554617343831, 0.043715527212296434, 0.04371551581815003, 0.04371551235876281, 0.04371551196009116, 0.043715511799681805]}, "7": {"maxiter": 500, "fatol": 1e-10, "xatol": 1e-10, "duration": 0.22816181182861328, "fun": "0.0437155117744531", "nit": "500", "nfev": "775", "status": "2", "success": "False", "message": "Maximum number of iterations has been exceeded.", "x": "[4.68729961 2.92829063 0.92989332 1.78717337 1.59788987 5.44527292]", "final_simplex": "(array([[4.68729961, 2.92829063, 0.92989332, 1.78717337, 1.59788987,\n        5.44527292],\n       [4.68729161, 2.92830226, 0.92988095, 1.78717758, 1.59790559,\n        5.44527012],\n       [4.6872911 , 2.92829666, 0.92987704, 1.78717776, 1.59788475,\n        5.4452372 ],\n       [4.68730489, 2.92830416, 0.92989805, 1.78716809, 1.59789479,\n        5.44525696],\n       [4.68729681, 2.9282878 , 0.92987125, 1.78717625, 1.59789042,\n        5.4452638 ],\n       [4.68727564, 2.92829667, 0.92983531, 1.78716109, 1.59787707,\n        5.44523208],\n       [4.68728868, 2.92829061, 0.92987176, 1.78716893, 1.5978977 ,\n        5.44525717]]), array([0.04371551, 0.04371551, 0.04371551, 0.04371551, 0.04371551,\n       0.04371551, 0.04371551]))", "callback": [0.7667415318459813, 0.6648231208138156, 0.4728653561003917, 0.3525127353985005, 0.27840856967052985, 0.13036488745337327, 0.07937964955370502, 0.07369737928201558, 0.070802351712416, 0.0688710622670502, 0.06473101358327604, 0.0584624028022207, 0.05485426322359788, 0.05449120768463822, 0.054237071337345455, 0.05422380190639642, 0.05421835323771573, 0.054209727163480936, 0.05420938748315818, 0.05420535994602815, 0.05419828471991173, 0.05417963475467491, 0.05412717358701424, 0.05401034164125795, 0.053959029949281256, 0.053933113479638695, 0.053918180219974854, 0.05390169481989304, 0.05381405757247193, 0.053528608877740025, 0.05237935858058007, 0.05068449273142994, 0.047353167845725075, 0.04434146810051953, 0.04398171846893739, 0.04384060670643597, 0.04377938690824934, 0.043748008237458946, 0.04374414005038574, 0.04373193117233731, 0.04372436379389466, 0.043716184699185145, 0.04371609603865789, 0.04371563154223701, 0.04371554617343831, 0.043715527212296434, 0.04371551581815003, 0.04371551235876281, 0.04371551196009116, 0.043715511799681805]}, "8": {"maxiter": 1000, "fatol": 1e-05, "xatol": 1e-05, "duration": 0.23416900634765625, "fun": "0.043715511757536296", "nit": "520", "nfev": "809", "status": "0", "success": "True", "message": "Optimization terminated successfully.", "x": "[4.68729156 2.92829764 0.92987775 1.7871717  1.5978909  5.4452545 ]", "final_simplex": "(array([[4.68729156, 2.92829764, 0.92987775, 1.7871717 , 1.5978909 ,\n        5.4452545 ],\n       [4.68729482, 2.92829632, 0.92988157, 1.78717247, 1.59788961,\n        5.44525879],\n       [4.68729293, 2.92830003, 0.92987971, 1.78717155, 1.59788916,\n        5.44525337],\n       [4.68728869, 2.92829604, 0.92987295, 1.78717199, 1.59788749,\n        5.44525082],\n       [4.68729321, 2.92829767, 0.92987874, 1.78717041, 1.59788649,\n        5.44525147],\n       [4.68729278, 2.92829772, 0.92987807, 1.78717399, 1.59788928,\n        5.44525286],\n       [4.68729045, 2.92829783, 0.92987009, 1.78717077, 1.59788715,\n        5.44525114]]), array([0.04371551, 0.04371551, 0.04371551, 0.04371551, 0.04371551,\n       0.04371551, 0.04371551]))", "callback": [0.7667415318459813, 0.6648231208138156, 0.4728653561003917, 0.3525127353985005, 0.27840856967052985, 0.13036488745337327, 0.07937964955370502, 0.07369737928201558, 0.070802351712416, 0.0688710622670502, 0.06473101358327604, 0.0584624028022207, 0.05485426322359788, 0.05449120768463822, 0.054237071337345455, 0.05422380190639642, 0.05421835323771573, 0.054209727163480936, 0.05420938748315818, 0.05420535994602815, 0.05419828471991173, 0.05417963475467491, 0.05412717358701424, 0.05401034164125795, 0.053959029949281256, 0.053933113479638695, 0.053918180219974854, 0.05390169481989304, 0.05381405757247193, 0.053528608877740025, 0.05237935858058007, 0.05068449273142994, 0.047353167845725075, 0.04434146810051953, 0.04398171846893739, 0.04384060670643597, 0.04377938690824934, 0.043748008237458946, 0.04374414005038574, 0.04373193117233731, 0.04372436379389466, 0.043716184699185145, 0.04371609603865789, 0.04371563154223701, 0.04371554617343831, 0.043715527212296434, 0.04371551581815003, 0.04371551235876281, 0.04371551196009116, 0.043715511799681805, 0.04371551176760313, 0.043715511761049375]}, "9": {"maxiter": 1000, "fatol": 1e-05, "xatol": 1e-10, "duration": 0.28668689727783203, "fun": "0.043715511756128755", "nit": "633", "nfev": "1045", "status": "0", "success": "True", "message": "Optimization terminated successfully.", "x": "[4.68729158 2.92829747 0.92988153 1.78717305 1.59788985 5.44525674]", "final_simplex": "(array([[4.68729158, 2.92829747, 0.92988153, 1.78717305, 1.59788985,\n        5.44525674],\n       [4.68729158, 2.92829747, 0.92988153, 1.78717305, 1.59788985,\n        5.44525674],\n       [4.68729158, 2.92829747, 0.92988153, 1.78717305, 1.59788985,\n        5.44525674],\n       [4.68729158, 2.92829747, 0.92988153, 1.78717305, 1.59788985,\n        5.44525674],\n       [4.68729158, 2.92829747, 0.92988153, 1.78717305, 1.59788985,\n        5.44525674],\n       [4.68729158, 2.92829747, 0.92988153, 1.78717305, 1.59788985,\n        5.44525674],\n       [4.68729158, 2.92829747, 0.92988153, 1.78717305, 1.59788985,\n        5.44525674]]), array([0.04371551, 0.04371551, 0.04371551, 0.04371551, 0.04371551,\n       0.04371551, 0.04371551]))", "callback": [0.7667415318459813, 0.6648231208138156, 0.4728653561003917, 0.3525127353985005, 0.27840856967052985, 0.13036488745337327, 0.07937964955370502, 0.07369737928201558, 0.070802351712416, 0.0688710622670502, 0.06473101358327604, 0.0584624028022207, 0.05485426322359788, 0.05449120768463822, 0.054237071337345455, 0.05422380190639642, 0.05421835323771573, 0.054209727163480936, 0.05420938748315818, 0.05420535994602815, 0.05419828471991173, 0.05417963475467491, 0.05412717358701424, 0.05401034164125795, 0.053959029949281256, 0.053933113479638695, 0.053918180219974854, 0.05390169481989304, 0.05381405757247193, 0.053528608877740025, 0.05237935858058007, 0.05068449273142994, 0.047353167845725075, 0.04434146810051953, 0.04398171846893739, 0.04384060670643597, 0.04377938690824934, 0.043748008237458946, 0.04374414005038574, 0.04373193117233731, 0.04372436379389466, 0.043716184699185145, 0.04371609603865789, 0.04371563154223701, 0.04371554617343831, 0.043715527212296434, 0.04371551581815003, 0.04371551235876281, 0.04371551196009116, 0.043715511799681805, 0.04371551176760313, 0.043715511761049375, 0.043715511757536296, 0.04371551175651889, 0.043715511756183933, 0.04371551175614985, 0.043715511756137304, 0.04371551175612998, 0.043715511756129644, 0.04371551175612931, 0.04371551175612898, 0.043715511756128866, 0.043715511756128755, 0.043715511756128755]}, "10": {"maxiter": 1000, "fatol": 1e-10, "xatol": 1e-05, "duration": 0.22314763069152832, "fun": "0.043715511757536296", "nit": "520", "nfev": "809", "status": "0", "success": "True", "message": "Optimization terminated successfully.", "x": "[4.68729156 2.92829764 0.92987775 1.7871717  1.5978909  5.4452545 ]", "final_simplex": "(array([[4.68729156, 2.92829764, 0.92987775, 1.7871717 , 1.5978909 ,\n        5.4452545 ],\n       [4.68729482, 2.92829632, 0.92988157, 1.78717247, 1.59788961,\n        5.44525879],\n       [4.68729293, 2.92830003, 0.92987971, 1.78717155, 1.59788916,\n        5.44525337],\n       [4.68728869, 2.92829604, 0.92987295, 1.78717199, 1.59788749,\n        5.44525082],\n       [4.68729321, 2.92829767, 0.92987874, 1.78717041, 1.59788649,\n        5.44525147],\n       [4.68729278, 2.92829772, 0.92987807, 1.78717399, 1.59788928,\n        5.44525286],\n       [4.68729045, 2.92829783, 0.92987009, 1.78717077, 1.59788715,\n        5.44525114]]), array([0.04371551, 0.04371551, 0.04371551, 0.04371551, 0.04371551,\n       0.04371551, 0.04371551]))", "callback": [0.7667415318459813, 0.6648231208138156, 0.4728653561003917, 0.3525127353985005, 0.27840856967052985, 0.13036488745337327, 0.07937964955370502, 0.07369737928201558, 0.070802351712416, 0.0688710622670502, 0.06473101358327604, 0.0584624028022207, 0.05485426322359788, 0.05449120768463822, 0.054237071337345455, 0.05422380190639642, 0.05421835323771573, 0.054209727163480936, 0.05420938748315818, 0.05420535994602815, 0.05419828471991173, 0.05417963475467491, 0.05412717358701424, 0.05401034164125795, 0.053959029949281256, 0.053933113479638695, 0.053918180219974854, 0.05390169481989304, 0.05381405757247193, 0.053528608877740025, 0.05237935858058007, 0.05068449273142994, 0.047353167845725075, 0.04434146810051953, 0.04398171846893739, 0.04384060670643597, 0.04377938690824934, 0.043748008237458946, 0.04374414005038574, 0.04373193117233731, 0.04372436379389466, 0.043716184699185145, 0.04371609603865789, 0.04371563154223701, 0.04371554617343831, 0.043715527212296434, 0.04371551581815003, 0.04371551235876281, 0.04371551196009116, 0.043715511799681805, 0.04371551176760313, 0.043715511761049375]}, "11": {"maxiter": 1000, "fatol": 1e-10, "xatol": 1e-10, "duration": 0.290722131729126, "fun": "0.043715511756128755", "nit": "633", "nfev": "1045", "status": "0", "success": "True", "message": "Optimization terminated successfully.", "x": "[4.68729158 2.92829747 0.92988153 1.78717305 1.59788985 5.44525674]", "final_simplex": "(array([[4.68729158, 2.92829747, 0.92988153, 1.78717305, 1.59788985,\n        5.44525674],\n       [4.68729158, 2.92829747, 0.92988153, 1.78717305, 1.59788985,\n        5.44525674],\n       [4.68729158, 2.92829747, 0.92988153, 1.78717305, 1.59788985,\n        5.44525674],\n       [4.68729158, 2.92829747, 0.92988153, 1.78717305, 1.59788985,\n        5.44525674],\n       [4.68729158, 2.92829747, 0.92988153, 1.78717305, 1.59788985,\n        5.44525674],\n       [4.68729158, 2.92829747, 0.92988153, 1.78717305, 1.59788985,\n        5.44525674],\n       [4.68729158, 2.92829747, 0.92988153, 1.78717305, 1.59788985,\n        5.44525674]]), array([0.04371551, 0.04371551, 0.04371551, 0.04371551, 0.04371551,\n       0.04371551, 0.04371551]))", "callback": [0.7667415318459813, 0.6648231208138156, 0.4728653561003917, 0.3525127353985005, 0.27840856967052985, 0.13036488745337327, 0.07937964955370502, 0.07369737928201558, 0.070802351712416, 0.0688710622670502, 0.06473101358327604, 0.0584624028022207, 0.05485426322359788, 0.05449120768463822, 0.054237071337345455, 0.05422380190639642, 0.05421835323771573, 0.054209727163480936, 0.05420938748315818, 0.05420535994602815, 0.05419828471991173, 0.05417963475467491, 0.05412717358701424, 0.05401034164125795, 0.053959029949281256, 0.053933113479638695, 0.053918180219974854, 0.05390169481989304, 0.05381405757247193, 0.053528608877740025, 0.05237935858058007, 0.05068449273142994, 0.047353167845725075, 0.04434146810051953, 0.04398171846893739, 0.04384060670643597, 0.04377938690824934, 0.043748008237458946, 0.04374414005038574, 0.04373193117233731, 0.04372436379389466, 0.043716184699185145, 0.04371609603865789, 0.04371563154223701, 0.04371554617343831, 0.043715527212296434, 0.04371551581815003, 0.04371551235876281, 0.04371551196009116, 0.043715511799681805, 0.04371551176760313, 0.043715511761049375, 0.043715511757536296, 0.04371551175651889, 0.043715511756183933, 0.04371551175614985, 0.043715511756137304, 0.04371551175612998, 0.043715511756129644, 0.04371551175612931, 0.04371551175612898, 0.043715511756128866, 0.043715511756128755, 0.043715511756128755]}}, "bfgs": {"type": "gradient", "0": {"maxiter": 100, "gtol": 1e-05, "xrtol": 1e-05, "eps": 1e-05, "duration": 0.10263586044311523, "fun": "0.043715512063647544", "jac": "[-6.13177287e-06  2.59426924e-06 -1.55565560e-06  8.58779714e-07\n -2.23221441e-07  3.83639787e-06]", "hess_inv": "[[ 5.48005937 -0.89299939  9.39914516  2.89465722  2.66750095  9.27415747]\n [-0.89299939  2.83104593 -2.70350448 -1.54618087  0.17782603 -2.93966841]\n [ 9.39914516 -2.70350448 30.61923277 10.84158508  8.0481875  24.83243968]\n [ 2.89465722 -1.54618087 10.84158508  6.80588994  3.09405267 10.62406422]\n [ 2.66750095  0.17782603  8.0481875   3.09405267  4.90217252  8.24230574]\n [ 9.27415747 -2.93966841 24.83243968 10.62406422  8.24230574 28.44261312]]", "nfev": "287", "njev": "41", "status": "0", "success": "True", "message": "Optimization terminated successfully.", "x": "[4.68723502 2.92830639 0.92976543 1.78714122 1.59785924 5.44517425]", "nit": "29", "callback": [0.37472078094320516, 0.34403478118704844, 0.31010556281884105, 0.2594417777081247, 0.24318945932166747, 0.1555636479590179, 0.1427355122744497, 0.12092581481084752, 0.09592390182595312, 0.09034752524136658, 0.08285676609993198, 0.08155678865220595, 0.08123496967905097, 0.07842563339973208, 0.07385925026749818, 0.07024230353655447, 0.06439296086086355, 0.054767074038362784, 0.04947974571705838, 0.04616267557432874, 0.04502848264099912, 0.04430342210857763, 0.043816589341708734, 0.04372416694632042, 0.04371694191127362, 0.04371597539484251, 0.04371568905723011, 0.043715513347334034, 0.043715512063647544]}, "1": {"maxiter": 100, "gtol": 1e-05, "xrtol": 1e-05, "eps": 1e-10, "duration": 0.08252191543579102, "fun": "0.04371551177586086", "jac": "[ 0.00000000e+00  0.00000000e+00 -3.33066880e-06  0.00000000e+00\n -3.33066880e-06 -2.22044587e-06]", "hess_inv": "[[ 5.20093575 -0.61360196  8.80617688  2.65827501  2.39236845  7.88345787]\n [-0.61360196  2.64094665 -2.19280938 -1.37049425  0.0913661  -2.41036607]\n [ 8.80617688 -2.19280938 28.63725077  9.92469076  7.04341866 22.08573465]\n [ 2.65827501 -1.37049425  9.92469076  6.35420367  2.74548185  9.70433892]\n [ 2.39236845  0.0913661   7.04341866  2.74548185  4.45486155  7.42354326]\n [ 7.88345787 -2.41036607 22.08573465  9.70433892  7.42354326 26.08370597]]", "nfev": "287", "njev": "41", "status": "0", "success": "True", "message": "Optimization terminated successfully.", "x": "[4.68728181 2.92830423 0.92986277 1.78716872 1.59788345 5.44523243]", "nit": "29", "callback": [0.37472047597702496, 0.3440336350487482, 0.3101042151809812, 0.25944133956808746, 0.24319150075876084, 0.15552112164777998, 0.14270150174822394, 0.12090572178840231, 0.09591909491843698, 0.0903437947866983, 0.08285220851741504, 0.08154068941905568, 0.0812085837653056, 0.07844299934150278, 0.07420344997612027, 0.06990707676315433, 0.06262092032943323, 0.05183863196443017, 0.0464342055128647, 0.045611134585674784, 0.04439449963427777, 0.043797617709614656, 0.04372812981432239, 0.0437189903293862, 0.04371673586991898, 0.04371569639403816, 0.04371552548146174, 0.04371551286108244, 0.04371551177586086]}, "2": {"maxiter": 100, "gtol": 1e-05, "xrtol": 1e-10, "eps": 1e-05, "duration": 0.08102297782897949, "fun": "0.043715512063647544", "jac": "[-6.13177287e-06  2.59426924e-06 -1.55565560e-06  8.58779714e-07\n -2.23221441e-07  3.83639787e-06]", "hess_inv": "[[ 5.48005937 -0.89299939  9.39914516  2.89465722  2.66750095  9.27415747]\n [-0.89299939  2.83104593 -2.70350448 -1.54618087  0.17782603 -2.93966841]\n [ 9.39914516 -2.70350448 30.61923277 10.84158508  8.0481875  24.83243968]\n [ 2.89465722 -1.54618087 10.84158508  6.80588994  3.09405267 10.62406422]\n [ 2.66750095  0.17782603  8.0481875   3.09405267  4.90217252  8.24230574]\n [ 9.27415747 -2.93966841 24.83243968 10.62406422  8.24230574 28.44261312]]", "nfev": "287", "njev": "41", "status": "0", "success": "True", "message": "Optimization terminated successfully.", "x": "[4.68723502 2.92830639 0.92976543 1.78714122 1.59785924 5.44517425]", "nit": "29", "callback": [0.37472078094320516, 0.34403478118704844, 0.31010556281884105, 0.2594417777081247, 0.24318945932166747, 0.1555636479590179, 0.1427355122744497, 0.12092581481084752, 0.09592390182595312, 0.09034752524136658, 0.08285676609993198, 0.08155678865220595, 0.08123496967905097, 0.07842563339973208, 0.07385925026749818, 0.07024230353655447, 0.06439296086086355, 0.054767074038362784, 0.04947974571705838, 0.04616267557432874, 0.04502848264099912, 0.04430342210857763, 0.043816589341708734, 0.04372416694632042, 0.04371694191127362, 0.04371597539484251, 0.04371568905723011, 0.043715513347334034, 0.043715512063647544]}, "3": {"maxiter": 100, "gtol": 1e-05, "xrtol": 1e-10, "eps": 1e-10, "duration": 0.09038424491882324, "fun": "0.04371551177586086", "jac": "[ 0.00000000e+00  0.00000000e+00 -3.33066880e-06  0.00000000e+00\n -3.33066880e-06 -2.22044587e-06]", "hess_inv": "[[ 5.20093575 -0.61360196  8.80617688  2.65827501  2.39236845  7.88345787]\n [-0.61360196  2.64094665 -2.19280938 -1.37049425  0.0913661  -2.41036607]\n [ 8.80617688 -2.19280938 28.63725077  9.92469076  7.04341866 22.08573465]\n [ 2.65827501 -1.37049425  9.92469076  6.35420367  2.74548185  9.70433892]\n [ 2.39236845  0.0913661   7.04341866  2.74548185  4.45486155  7.42354326]\n [ 7.88345787 -2.41036607 22.08573465  9.70433892  7.42354326 26.08370597]]", "nfev": "287", "njev": "41", "status": "0", "success": "True", "message": "Optimization terminated successfully.", "x": "[4.68728181 2.92830423 0.92986277 1.78716872 1.59788345 5.44523243]", "nit": "29", "callback": [0.37472047597702496, 0.3440336350487482, 0.3101042151809812, 0.25944133956808746, 0.24319150075876084, 0.15552112164777998, 0.14270150174822394, 0.12090572178840231, 0.09591909491843698, 0.0903437947866983, 0.08285220851741504, 0.08154068941905568, 0.0812085837653056, 0.07844299934150278, 0.07420344997612027, 0.06990707676315433, 0.06262092032943323, 0.05183863196443017, 0.0464342055128647, 0.045611134585674784, 0.04439449963427777, 0.043797617709614656, 0.04372812981432239, 0.0437189903293862, 0.04371673586991898, 0.04371569639403816, 0.04371552548146174, 0.04371551286108244, 0.04371551177586086]}, "4": {"maxiter": 100, "gtol": 1e-10, "xrtol": 1e-05, "eps": 1e-05, "duration": 0.08077621459960938, "fun": "0.04371551197094048", "jac": "[ 2.02060590e-09 -4.02899936e-08 -2.18602914e-07  1.65689684e-07\n  4.32620606e-07 -5.95745675e-08]", "hess_inv": "[[ 5.83781687 -0.97492636  9.46954597  2.59173223  2.53992274  8.73667234]\n [-0.97492636  2.82538858 -2.59770525 -1.41024232  0.20515907 -2.70462294]\n [ 9.46954597 -2.59770525 30.02434263 10.44960345  8.03248165 24.1676597 ]\n [ 2.59173223 -1.41024232 10.44960345  6.88091364  3.20720938 10.773953  ]\n [ 2.53992274  0.20515907  8.03248165  3.20720938  4.94752246  8.44260733]\n [ 8.73667234 -2.70462294 24.1676597  10.773953    8.44260733 28.73677361]]", "nfev": "294", "njev": "42", "status": "0", "success": "True", "message": "Optimization terminated successfully.", "x": "[4.6872529  2.92830067 0.92977704 1.7871305  1.59785274 5.44515482]", "nit": "30", "callback": [0.37472078094320516, 0.34403478118704844, 0.31010556281884105, 0.2594417777081247, 0.24318945932166747, 0.1555636479590179, 0.1427355122744497, 0.12092581481084752, 0.09592390182595312, 0.09034752524136658, 0.08285676609993198, 0.08155678865220595, 0.08123496967905097, 0.07842563339973208, 0.07385925026749818, 0.07024230353655447, 0.06439296086086355, 0.054767074038362784, 0.04947974571705838, 0.04616267557432874, 0.04502848264099912, 0.04430342210857763, 0.043816589341708734, 0.04372416694632042, 0.04371694191127362, 0.04371597539484251, 0.04371568905723011, 0.043715513347334034, 0.043715512063647544, 0.04371551197094048]}, "5": {"maxiter": 100, "gtol": 1e-10, "xrtol": 1e-05, "eps": 1e-10, "duration": 0.09671616554260254, "fun": "0.0437155117727861", "jac": "[ 1.11022293e-06  0.00000000e+00 -1.11022293e-06  1.11022293e-06\n -1.11022293e-06 -1.11022293e-06]", "hess_inv": "[[ 9.91536172 -2.38818891 22.22298036  8.52850595  3.86083858 18.72176445]\n [-2.38818891  3.24146333 -7.34022972 -3.54354003 -0.7687472  -6.73632389]\n [22.22298036 -7.34022972 66.68038885 26.68349592 10.78011287 52.57605642]\n [ 8.52850595 -3.54354003 26.68349592 13.64374015  4.74072796 23.33340422]\n [ 3.86083858 -0.7687472  10.78011287  4.74072796  3.51204696  9.67770669]\n [18.72176445 -6.73632389 52.57605642 23.33340422  9.67770669 50.10186695]]", "nfev": "315", "njev": "45", "status": "0", "success": "True", "message": "Optimization terminated successfully.", "x": "[4.68728463 2.9283033  0.92987099 1.78717216 1.59788496 5.44523942]", "nit": "30", "callback": [0.37472047597702496, 0.3440336350487482, 0.3101042151809812, 0.25944133956808746, 0.24319150075876084, 0.15552112164777998, 0.14270150174822394, 0.12090572178840231, 0.09591909491843698, 0.0903437947866983, 0.08285220851741504, 0.08154068941905568, 0.0812085837653056, 0.07844299934150278, 0.07420344997612027, 0.06990707676315433, 0.06262092032943323, 0.05183863196443017, 0.0464342055128647, 0.045611134585674784, 0.04439449963427777, 0.043797617709614656, 0.04372812981432239, 0.0437189903293862, 0.04371673586991898, 0.04371569639403816, 0.04371552548146174, 0.04371551286108244, 0.04371551177586086, 0.0437155117727861]}, "6": {"maxiter": 100, "gtol": 1e-10, "xrtol": 1e-10, "eps": 1e-05, "duration": 0.09535098075866699, "fun": "0.043715511965770504", "jac": "[3.33066907e-11 2.22044605e-11 3.33066907e-11 3.33066907e-11\n 1.11022302e-11 0.00000000e+00]", "hess_inv": "[[ 6.04754794 -1.05195385 10.05989604  2.66263748  2.46857546  9.12208799]\n [-1.05195385  2.85189408 -2.80141766 -1.42958009  0.23054567 -2.83135115]\n [10.05989604 -2.80141766 31.54973269 10.58870905  7.84378801 25.0915953 ]\n [ 2.66263748 -1.42958009 10.58870905  6.87676012  3.18815753 10.83410326]\n [ 2.46857546  0.23054567  7.84378801  3.18815753  4.97084184  8.32644055]\n [ 9.12208799 -2.83135115 25.0915953  10.83410326  8.32644055 29.25436343]]", "nfev": "315", "njev": "45", "status": "0", "success": "True", "message": "Optimization terminated successfully.", "x": "[4.68725408 2.92830014 0.92978014 1.78713088 1.59785227 5.44515649]", "nit": "33", "callback": [0.37472078094320516, 0.34403478118704844, 0.31010556281884105, 0.2594417777081247, 0.24318945932166747, 0.1555636479590179, 0.1427355122744497, 0.12092581481084752, 0.09592390182595312, 0.09034752524136658, 0.08285676609993198, 0.08155678865220595, 0.08123496967905097, 0.07842563339973208, 0.07385925026749818, 0.07024230353655447, 0.06439296086086355, 0.054767074038362784, 0.04947974571705838, 0.04616267557432874, 0.04502848264099912, 0.04430342210857763, 0.043816589341708734, 0.04372416694632042, 0.04371694191127362, 0.04371597539484251, 0.04371568905723011, 0.043715513347334034, 0.043715512063647544, 0.04371551197094048, 0.043715511966399334, 0.04371551196578538, 0.043715511965770504]}, "7": {"maxiter": 100, "gtol": 1e-10, "xrtol": 1e-10, "eps": 1e-10, "duration": 0.12814712524414062, "fun": "0.043715511764232495", "jac": "[ 2.22044587e-06  0.00000000e+00  0.00000000e+00  1.11022293e-06\n -1.11022293e-06  1.11022293e-06]", "hess_inv": "[[ 1.44552477  0.87465991  0.37555403 -0.40195256 -0.03941848  0.44961005]\n [ 0.87465991  3.5960415  -3.01358021 -0.60795814 -0.05448645 -3.61839765]\n [ 0.37555403 -3.01358021  7.79220844  0.22822862 -0.1361976   2.91443622]\n [-0.40195256 -0.60795814  0.22822862  2.19252885 -0.01332434  1.21170219]\n [-0.03941848 -0.05448645 -0.1361976  -0.01332434  1.42239036  0.27685129]\n [ 0.44961005 -3.61839765  2.91443622  1.21170219  0.27685129  7.72310456]]", "nfev": "448", "njev": "64", "status": "0", "success": "True", "message": "Optimization terminated successfully.", "x": "[4.68728568 2.92829784 0.92987968 1.78716978 1.59788721 5.44524981]", "nit": "33", "callback": [0.37472047597702496, 0.3440336350487482, 0.3101042151809812, 0.25944133956808746, 0.24319150075876084, 0.15552112164777998, 0.14270150174822394, 0.12090572178840231, 0.09591909491843698, 0.0903437947866983, 0.08285220851741504, 0.08154068941905568, 0.0812085837653056, 0.07844299934150278, 0.07420344997612027, 0.06990707676315433, 0.06262092032943323, 0.05183863196443017, 0.0464342055128647, 0.045611134585674784, 0.04439449963427777, 0.043797617709614656, 0.04372812981432239, 0.0437189903293862, 0.04371673586991898, 0.04371569639403816, 0.04371552548146174, 0.04371551286108244, 0.04371551177586086, 0.0437155117727861, 0.043715511770548554, 0.04371551176423272, 0.043715511764232495]}, "8": {"maxiter": 500, "gtol": 1e-05, "xrtol": 1e-05, "eps": 1e-05, "duration": 0.08551597595214844, "fun": "0.043715512063647544", "jac": "[-6.13177287e-06  2.59426924e-06 -1.55565560e-06  8.58779714e-07\n -2.23221441e-07  3.83639787e-06]", "hess_inv": "[[ 5.48005937 -0.89299939  9.39914516  2.89465722  2.66750095  9.27415747]\n [-0.89299939  2.83104593 -2.70350448 -1.54618087  0.17782603 -2.93966841]\n [ 9.39914516 -2.70350448 30.61923277 10.84158508  8.0481875  24.83243968]\n [ 2.89465722 -1.54618087 10.84158508  6.80588994  3.09405267 10.62406422]\n [ 2.66750095  0.17782603  8.0481875   3.09405267  4.90217252  8.24230574]\n [ 9.27415747 -2.93966841 24.83243968 10.62406422  8.24230574 28.44261312]]", "nfev": "287", "njev": "41", "status": "0", "success": "True", "message": "Optimization terminated successfully.", "x": "[4.68723502 2.92830639 0.92976543 1.78714122 1.59785924 5.44517425]", "nit": "29", "callback": [0.37472078094320516, 0.34403478118704844, 0.31010556281884105, 0.2594417777081247, 0.24318945932166747, 0.1555636479590179, 0.1427355122744497, 0.12092581481084752, 0.09592390182595312, 0.09034752524136658, 0.08285676609993198, 0.08155678865220595, 0.08123496967905097, 0.07842563339973208, 0.07385925026749818, 0.07024230353655447, 0.06439296086086355, 0.054767074038362784, 0.04947974571705838, 0.04616267557432874, 0.04502848264099912, 0.04430342210857763, 0.043816589341708734, 0.04372416694632042, 0.04371694191127362, 0.04371597539484251, 0.04371568905723011, 0.043715513347334034, 0.043715512063647544]}, "9": {"maxiter": 500, "gtol": 1e-05, "xrtol": 1e-05, "eps": 1e-10, "duration": 0.07880711555480957, "fun": "0.04371551177586086", "jac": "[ 0.00000000e+00  0.00000000e+00 -3.33066880e-06  0.00000000e+00\n -3.33066880e-06 -2.22044587e-06]", "hess_inv": "[[ 5.20093575 -0.61360196  8.80617688  2.65827501  2.39236845  7.88345787]\n [-0.61360196  2.64094665 -2.19280938 -1.37049425  0.0913661  -2.41036607]\n [ 8.80617688 -2.19280938 28.63725077  9.92469076  7.04341866 22.08573465]\n [ 2.65827501 -1.37049425  9.92469076  6.35420367  2.74548185  9.70433892]\n [ 2.39236845  0.0913661   7.04341866  2.74548185  4.45486155  7.42354326]\n [ 7.88345787 -2.41036607 22.08573465  9.70433892  7.42354326 26.08370597]]", "nfev": "287", "njev": "41", "status": "0", "success": "True", "message": "Optimization terminated successfully.", "x": "[4.68728181 2.92830423 0.92986277 1.78716872 1.59788345 5.44523243]", "nit": "29", "callback": [0.37472047597702496, 0.3440336350487482, 0.3101042151809812, 0.25944133956808746, 0.24319150075876084, 0.15552112164777998, 0.14270150174822394, 0.12090572178840231, 0.09591909491843698, 0.0903437947866983, 0.08285220851741504, 0.08154068941905568, 0.0812085837653056, 0.07844299934150278, 0.07420344997612027, 0.06990707676315433, 0.06262092032943323, 0.05183863196443017, 0.0464342055128647, 0.045611134585674784, 0.04439449963427777, 0.043797617709614656, 0.04372812981432239, 0.0437189903293862, 0.04371673586991898, 0.04371569639403816, 0.04371552548146174, 0.04371551286108244, 0.04371551177586086]}, "10": {"maxiter": 500, "gtol": 1e-05, "xrtol": 1e-10, "eps": 1e-05, "duration": 0.08625197410583496, "fun": "0.043715512063647544", "jac": "[-6.13177287e-06  2.59426924e-06 -1.55565560e-06  8.58779714e-07\n -2.23221441e-07  3.83639787e-06]", "hess_inv": "[[ 5.48005937 -0.89299939  9.39914516  2.89465722  2.667500